491,297,268,292,255,180,199,201,158,182,187,189,207,187,178,215,202,226,263,248
355,244,159,193,161,144,159,130,114,129,137,119,168,101,109,135,135,157,189,181
56,36,23,48,23,28,32,30,28,30,26,31,32,15,24,20,24,28,24,30
4412,2756,2277,2639,1896,1684,1922,1818,1607,1723,1745,1636,1823,1516,1508,1736,1775,1766,2094,2271
2029,1294,1169,1195,984,797,941,799,764,832,851,834,897,729,705,843,832,887,988,1050
506,346,257,279,215,196,215,229,195,206,203,173,207,177,173,209,191,206,232,235
874,529,420,444,366,333,350,375,327,309,332,308,344,280,325,334,339,332,404,433
283,187,173,190,133,113,130,129,99,125,121,104,120,105,97,101,121,135,155,129
635,367,301,329,231,228,272,239,227,217,220,237,222,208,189,241,239,243,263,289
251,161,122,116,80,106,91,91,69,72,99,87,90,83,85,84,106,97,116,112
449,245,218,204,196,177,190,173,155,165,199,161,166,146,149,178,155,165,210,182
1559,984,785,828,745,604,671,650,579,564,628,533,660,534,542,583,658,640,741,780
867,541,464,474,365,316,335,353,325,307,333,287,316,294,270,333,318,343,387,415
1741,1101,961,994,795,721,763,771,663,649,766,621,735,603,595,717,647,749,840,929
1234,798,674,749,547,454,503,528,428,471,498,422,512,438,413,487,502,509,584,592
745,459,375,438,304,291,323,318,254,293,290,282,284,260,270,309,318,284,339,350
2575,1573,1334,1405,1132,965,1113,1089,906,929,1055,942,1011,855,877,1033,1084,1043,1146,1251
1856,1132,944,1052,735,649,759,755,661,659,717,659,676,582,563,732,737,721,813,866
2269,1385,1162,1204,1009,851,940,957,831,875,897,849,900,816,798,915,886,1020,1104,1084
4627,2886,2397,2596,2112,1771,1988,1951,1739,1758,1838,1671,1830,1620,1627,1857,1832,1884,2231,2258
600,393,305,316,282,231,261,246,212,235,259,224,241,193,228,272,234,252,292,288
440,279,231,244,200,165,179,177,160,163,189,159,156,142,156,154,169,171,210,214
677,433,344,349,281,224,268,266,229,236,268,245,280,237,228,246,281,252,289,327
393,286,212,220,183,172,182,156,163,162,176,180,152,139,120,157,156,178,184,216
1482,995,749,853,623,592,628,607,536,528,624,558,608,532,473,609,615,616,747,736
1226,842,631,705,512,461,523,499,424,438,495,413,480,377,418,477,545,536,553,608
173,109,100,124,67,55,65,68,64,71,79,65,60,63,51,75,72,64,79,71
1480,936,804,888,735,623,674,623,540,541,629,562,610,517,523,631,572,665,738,750
589,405,296,375,292,203,251,248,209,228,245,212,216,192,216,219,230,262,260,286
745,487,392,443,292,298,320,310,274,303,292,268,336,263,260,281,331,305,331,417
840,540,440,487,376,362,383,364,334,341,383,295,395,293,290,333,349,336,397,472
323,189,163,211,127,115,126,104,122,114,143,111,144,98,113,143,108,119,143,193
357,204,162,211,145,144,148,174,114,136,131,112,147,116,106,123,146,154,165,170
222,141,132,142,83,87,108,93,71,83,86,86,98,99,86,99,94,94,111,120
395,275,247,268,199,151,197,191,139,157,172,162,199,165,155,192,173,169,200,210
374,207,181,204,142,135,145,153,149,147,135,150,154,153,137,168,149,136,191,176
959,633,530,729,504,403,451,448,388,427,451,357,452,350,316,408,458,423,547,521
10373,6672,5566,6334,4829,4026,4608,4406,3974,4007,4355,3887,4488,3717,3581,4198,4416,4487,4947,5262
86,51,53,81,60,37,54,33,32,39,48,43,44,37,38,41,46,56,50,55
433,264,240,242,200,162,229,177,142,155,139,139,165,166,139,142,219,181,195,185
7890,5106,4308,4967,3881,3307,3617,3514,3211,3303,3513,3154,3620,2976,2953,3405,3572,3740,3934,4046
3266,2044,1760,1949,1478,1266,1444,1394,1146,1306,1393,1182,1371,1146,1017,1295,1383,1368,1556,1550
146,90,82,73,66,76,57,56,57,50,55,58,70,34,51,57,51,82,66,74
55823,35332,29291,32484,25258,21536,24170,23395,20536,21374,22753,20687,23179,19274,19087,22573,22860,23562,26551,27743
2211,1384,1168,1320,1041,901,971,945,810,819,998,799,882,787,784,919,901,930,1063,1135
326,196,141,199,141,112,147,117,127,127,124,101,120,113,96,117,118,146,147,156
158,109,69,96,66,64,66,58,54,47,79,75,76,56,59,55,77,55,91,90
1467,975,819,835,675,578,631,656,525,557,627,580,562,539,551,632,660,613,697,766
42480,26864,22140,24321,19234,16211,18263,17805,15493,16033,17417,15588,17618,14544,14448,17148,17239,17968,20115,21050
337,232,164,191,141,86,121,145,109,121,122,130,122,99,109,113,110,135,135,149
2483,1587,1357,1464,1177,981,1140,1095,969,981,1036,923,1021,878,809,1012,1014,1016,1226,1265
995,646,527,636,490,378,424,439,415,373,413,425,396,371,377,441,447,423,510,511
273,202,169,198,130,97,133,118,108,90,112,110,128,91,92,122,117,134,137,136
2178,1367,1094,1174,1030,788,894,855,751,791,864,754,941,704,716,844,868,884,1011,1080
611,389,313,336,265,225,227,267,238,235,222,202,244,198,207,235,222,228,283,293
1377,810,708,824,582,530,577,545,530,489,529,514,561,443,434,555,534,586,615,678
484,287,232,259,201,191,188,180,167,187,214,182,219,151,161,186,191,200,249,209
676,456,334,363,329,263,297,325,246,253,277,248,271,233,259,278,259,323,331,352
314,212,142,193,134,109,128,143,107,116,136,109,110,112,100,126,113,146,144,168
11714,7387,6128,6596,5217,4426,4978,4829,4202,4326,4653,4268,4734,3881,4026,4643,4658,4906,5551,5729
40630,25875,21355,23924,18317,15559,17573,17156,15054,15783,16696,15392,16865,14163,13878,16501,16819,17320,19285,20138
11389,7221,6085,6624,5043,4287,4860,4686,4131,4316,4717,4204,4781,4001,3806,4594,4640,4817,5378,5542
2220,1514,1357,1441,1175,1022,1103,1192,973,1022,1095,1079,1053,952,935,1110,1060,1206,1194,1197
2912,1845,1583,1794,1312,1115,1252,1229,1026,1122,1156,1028,1225,971,1004,1134,1207,1231,1385,1449
428,242,239,253,175,149,184,187,135,171,204,146,182,130,133,154,180,179,201,224
487,341,275,321,228,201,220,216,181,200,216,206,209,163,175,202,223,229,247,295
3374,2192,1829,2043,1428,1306,1428,1416,1212,1200,1449,1240,1444,1172,1148,1346,1333,1406,1514,1669
271,154,133,174,106,94,119,103,93,87,110,89,108,73,94,102,90,100,124,143
571,360,320,343,274,239,273,220,195,219,221,207,232,191,211,236,223,225,256,304
398,194,195,203,157,117,116,141,105,122,123,119,159,105,115,140,149,153,155,174
1628,1104,845,1039,782,643,721,695,627,611,718,652,728,594,545,679,681,712,788,821
2520,1608,1322,1420,1119,968,1080,1027,917,976,993,953,1024,839,869,996,1029,1039,1182,1282
2871,1882,1493,1649,1318,1080,1266,1222,1147,1082,1203,1129,1220,1011,1020,1143,1205,1287,1370,1366
2353,1403,1192,1366,1055,859,974,946,867,864,971,884,995,814,764,876,1025,931,1105,1116
1302,813,652,722,558,475,534,549,449,500,555,485,554,445,464,507,520,507,592,594
327,238,175,182,139,135,107,135,132,116,143,133,138,107,103,167,117,132,168,153
166,98,82,87,64,62,61,70,53,45,59,64,60,50,59,60,55,62,65,73
1046,687,520,560,460,439,457,432,346,404,439,387,414,361,377,421,405,439,490,490
529,346,271,360,219,229,246,209,201,181,218,206,230,181,179,210,239,238,306,283
383,217,193,222,165,137,159,140,122,122,147,143,144,131,107,146,148,169,170,169
198,143,118,159,85,75,98,91,62,84,71,86,106,72,71,75,98,95,140,123
6751,4299,3521,4112,3055,2612,2920,2830,2471,2713,2745,2483,2739,2385,2293,2686,2748,2840,3137,3337
1582,1064,868,993,747,641,766,685,614,641,702,588,670,619,533,626,727,725,806,818
6085,4074,3381,3878,2923,2487,2835,2878,2431,2525,2690,2488,2660,2285,2248,2608,2683,2741,3070,3222
606,443,353,348,322,307,291,289,230,259,322,255,262,260,244,281,252,292,319,330
717,505,437,444,335,307,334,306,295,280,315,318,316,306,261,330,291,308,365,383
824,529,395,437,340,275,387,313,300,311,328,275,302,252,251,296,312,311,339,403
6621,4161,3431,3943,2908,2545,2890,2675,2390,2571,2726,2506,2735,2263,2098,2606,2675,2768,3113,3272
216,142,106,142,96,91,97,88,83,98,66,83,108,65,76,82,107,88,112,96
609,393,324,365,274,273,264,254,246,228,276,213,232,226,211,251,236,276,306,302
370,230,184,201,125,137,154,156,126,138,153,124,169,128,127,143,141,133,159,217
1090,668,562,661,441,404,477,457,420,445,443,409,468,346,331,413,425,449,478,548
703,457,371,396,285,273,323,268,243,272,285,267,270,250,257,247,286,296,311,358
6596,4284,3457,3867,2972,2559,2872,2708,2469,2520,2768,2483,2696,2301,2207,2732,2647,2775,3129,3338
1982,1334,1066,1132,951,779,881,837,721,800,841,795,850,682,705,878,790,849,956,978
1386,885,700,793,621,530,566,555,509,531,527,460,550,482,450,553,529,585,593,685
1782,1130,953,991,786,669,750,711,658,649,735,615,704,618,603,699,700,751,823,879
56842,36278,29929,33132,25652,21792,24441,23764,20903,21955,23425,21052,23283,19705,19120,22914,23165,24166,27023,28232
543,349,284,308,229,213,222,218,179,183,225,221,227,182,176,226,203,195,247,281
435,273,225,220,184,147,176,165,143,148,162,146,162,149,155,150,182,169,211,191
1183,749,649,671,557,456,497,482,422,446,467,432,487,401,408,471,469,504,544,584
821,528,450,470,366,316,370,314,291,313,355,280,308,253,258,317,322,328,393,383
2876,1777,1459,1753,1237,1067,1210,1164,1054,1119,1210,1051,1228,958,915,1100,1251,1188,1395,1465
271,200,170,184,149,119,121,118,129,117,132,115,131,116,100,114,118,140,140,153
554,349,308,337,236,202,210,235,225,201,229,209,229,168,167,230,235,226,294,252
4416,2769,2331,2473,1952,1643,1836,1858,1673,1720,1856,1618,1829,1492,1443,1810,1805,1860,2073,2158
342,226,180,193,152,128,128,128,118,118,134,127,147,110,114,151,132,138,182,173
728,440,409,374,308,293,315,290,285,266,289,270,282,252,226,296,260,320,351,366
725,431,372,405,303,293,305,304,260,246,272,271,273,248,234,285,264,321,372,360
501,292,250,279,213,206,207,209,184,196,203,176,187,169,156,196,215,197,239,232
1094,694,556,622,474,460,489,451,401,428,447,440,448,384,359,441,468,439,536,529
25382,16273,13434,15516,11473,9901,11076,10812,9591,9981,10640,9727,10715,9156,8752,10216,10521,10811,12188,12755
6320,4024,3303,3929,2900,2463,2776,2692,2340,2451,2695,2384,2665,2256,2161,2460,2570,2585,3095,3124
74,44,38,51,40,35,29,38,32,34,31,33,25,29,18,25,28,33,34,38
720,431,347,436,285,281,303,278,263,281,263,259,332,250,234,254,295,258,340,324
659,388,332,366,278,229,269,266,244,265,278,254,264,246,231,269,263,262,285,344
418,305,235,248,180,162,184,189,169,173,166,183,176,158,124,176,177,183,199,247
970,623,546,542,422,388,393,400,370,357,422,387,423,384,336,424,389,427,464,514
1731,1152,935,1001,804,642,779,744,702,682,669,629,783,623,591,708,702,714,835,906
366,247,194,227,175,120,156,157,138,154,150,131,147,133,121,152,151,147,203,213
823,505,443,499,360,327,340,365,318,350,364,318,376,278,273,349,373,337,388,426
740,394,335,429,320,267,303,293,288,248,284,241,306,255,219,295,289,266,309,356
7229,4684,3813,4122,3293,2796,3220,3008,2789,2895,2949,2797,3098,2530,2585,3002,2998,3101,3495,3702
1139,738,660,660,534,410,473,539,451,438,474,419,519,360,395,457,453,493,535,583
753,460,403,411,330,261,323,339,287,266,330,283,288,265,280,321,297,334,382,367
1303,859,672,759,586,503,554,559,467,455,517,504,574,452,425,537,564,547,650,725
204,137,110,125,79,70,85,102,63,72,70,67,75,66,75,78,72,72,89,97
921,595,506,545,408,344,368,383,319,366,387,327,343,339,341,346,380,394,424,437
215,137,117,144,102,85,98,77,70,68,86,91,89,69,66,75,89,69,115,100
432,294,224,266,230,181,211,210,171,196,198,185,171,168,182,188,174,194,234,228
1501,971,785,868,742,604,714,650,586,657,638,651,673,560,585,710,626,697,701,738
146,89,95,107,72,70,56,75,58,63,64,49,71,44,53,58,58,54,76,79
1495,981,803,920,692,560,615,661,516,574,616,552,640,508,476,570,667,647,725,689
478,298,282,307,211,194,200,203,210,186,202,183,240,169,178,181,213,227,233,279
347,213,181,187,157,128,144,130,139,147,136,121,146,121,122,132,134,163,166,171
3839,2389,2003,2317,1828,1534,1666,1637,1488,1540,1672,1494,1625,1360,1358,1595,1632,1635,1904,1894
2520,1695,1443,1521,1343,1099,1183,1250,1120,1127,1217,1152,1188,982,1043,1204,1180,1309,1357,1368
1358,864,753,753,625,531,621,593,517,538,590,561,546,484,458,531,570,562,676,717
572,335,281,342,244,209,219,235,209,216,241,198,226,190,192,222,209,220,265,295
394,255,229,244,201,145,145,164,152,137,161,129,168,126,122,164,172,163,181,192
783,495,369,439,322,282,324,317,273,306,258,300,304,261,258,301,279,279,362,414
2707,1713,1302,1495,1153,1032,1188,1109,961,1019,1061,898,1137,938,926,1070,1154,1091,1245,1249
434,280,203,254,185,183,177,187,161,165,150,164,189,135,128,167,186,166,202,218
960,612,497,525,467,393,395,372,343,344,387,344,410,321,327,384,362,422,399,472
2354,1486,1237,1389,1038,901,1004,982,888,893,938,856,924,802,797,900,905,953,1081,1222
2247,1445,1155,1241,959,884,902,897,858,872,885,842,899,766,711,854,941,945,1039,1098
23179,14526,12151,13283,10281,8850,9903,9514,8429,8730,9368,8450,9315,7921,7729,9163,9243,9595,10846,11470
7910,5013,4276,5591,3682,3196,3561,3382,3041,3135,3397,2971,3396,2794,2673,3190,3349,3472,3930,4015
845,592,481,488,413,374,397,339,337,379,378,365,356,312,352,401,349,367,390,467
1361,851,684,813,595,502,608,537,548,533,542,508,566,479,452,612,574,572,620,642
2128,1239,1007,1246,912,792,872,800,796,804,784,743,823,713,677,859,880,836,935,1007
743,427,345,437,277,270,297,307,279,273,290,267,272,245,256,281,276,295,314,344
165,109,86,98,69,66,58,82,62,61,63,66,84,64,54,71,66,75,78,81
2008,1197,982,1085,873,696,799,747,681,679,780,680,802,629,646,700,744,710,886,913
331,174,171,184,122,102,141,134,104,109,112,103,102,102,97,100,109,117,141,150
221,121,111,133,85,73,78,89,64,56,81,66,90,59,54,59,92,85,73,91
463,299,230,253,169,161,200,191,161,156,152,144,187,137,143,166,178,179,202,223
3063,1882,1685,1796,1375,1148,1321,1257,1090,1171,1220,1138,1270,971,982,1201,1246,1248,1445,1471
1885,1215,920,1038,914,757,859,801,719,712,772,702,756,689,664,778,782,814,877,946
5531,3433,2830,2991,2456,2018,2297,2197,1883,2019,2194,2032,2235,1826,1829,2196,2071,2234,2528,2723
816,525,417,441,321,301,339,367,306,277,341,291,318,281,283,338,336,319,412,417
865,515,415,499,379,307,363,338,271,287,354,305,321,262,242,295,339,349,383,406
207,125,108,119,89,76,88,85,71,78,101,72,71,66,65,62,78,84,91,83
377,251,228,246,150,151,167,168,134,155,165,135,148,155,140,152,178,143,188,184
1677,1012,878,908,697,628,705,695,584,641,724,595,658,595,540,692,646,652,790,781
1519,996,856,871,726,597,664,646,559,607,614,583,608,540,572,613,632,685,725,758
398,234,202,225,160,143,169,144,133,135,162,155,156,110,123,134,182,148,160,182
693,431,320,358,294,271,289,241,228,242,276,246,276,230,202,242,306,300,268,315
1117,766,568,640,440,418,441,448,412,412,452,416,461,381,353,422,470,508,501,594
1833,1161,882,1085,804,707,854,792,724,721,697,708,807,593,618,711,759,701,840,951
2642,1714,1406,1765,1161,1075,1146,1135,941,1048,1054,967,1078,966,895,1049,1091,1099,1231,1332
156,100,79,90,56,54,50,59,55,59,52,55,61,49,37,59,69,63,72,54
885,576,464,524,408,313,389,373,371,351,344,357,386,290,286,370,357,348,425,444
475,338,273,287,255,212,242,223,180,212,240,215,210,186,171,212,194,235,247,259
701,401,341,397,233,248,235,258,255,250,271,230,250,213,207,247,239,265,293,342
583,360,288,292,253,213,248,228,215,227,232,198,244,201,185,211,237,257,250,290
485,305,265,327,236,183,211,202,172,177,207,197,194,187,199,210,219,208,231,258
60,48,38,84,45,22,41,39,34,29,30,28,31,21,32,24,26,43,41,54
734,466,418,458,338,292,359,312,299,322,327,306,326,269,280,309,345,284,334,411
438,312,235,297,242,197,210,222,185,210,206,166,185,202,142,167,209,191,228,218
207,129,97,128,105,71,96,88,77,77,96,76,69,63,63,79,77,86,96,106
242,178,145,171,147,118,104,100,125,105,126,100,121,89,87,112,113,130,130,136
380,263,205,233,142,127,132,158,129,133,143,139,154,137,129,133,157,147,163,174
2668,1745,1434,1616,1216,1060,1165,1146,1010,1024,1134,1018,1155,952,937,1110,1128,1135,1297,1290
4124,2644,2096,2419,1820,1631,1781,1652,1502,1587,1679,1509,1729,1450,1388,1660,1681,1664,1923,2028
987,642,489,647,438,368,465,394,376,393,438,363,437,360,335,409,378,447,448,490
1952,1276,1028,1080,868,712,879,848,695,686,790,694,804,667,656,757,745,756,910,952
189,115,100,124,75,77,75,85,70,62,72,66,71,52,74,61,69,77,105,104
925,637,488,545,393,365,391,381,380,354,390,316,376,324,301,387,386,376,466,501
824,455,388,429,378,286,321,328,313,279,344,276,326,221,275,326,341,357,367,409
1671,1174,1005,1041,895,832,884,963,784,884,869,862,838,756,790,894,801,936,957,977
790,467,385,451,327,287,340,351,285,275,315,303,314,245,245,294,310,292,317,355
486,335,250,269,167,196,204,193,174,189,179,190,184,160,189,195,184,203,225,227
644,417,342,392,285,239,305,273,248,267,257,257,291,227,214,229,300,256,313,332
440,272,222,266,185,175,179,188,166,159,189,168,172,126,143,171,146,188,182,232
397,242,218,195,192,134,152,164,144,152,135,123,156,133,130,148,136,177,185,189
499,278,283,315,219,189,201,204,201,197,203,201,226,149,169,210,216,215,226,277
197,130,102,106,106,73,84,74,74,60,81,75,84,56,59,68,80,81,87,89
109,68,70,58,50,36,48,53,51,44,42,33,35,30,27,34,32,38,39,41
794,488,437,524,369,295,405,344,258,315,336,299,330,269,277,308,361,356,384,371
438,278,230,269,211,171,215,176,161,177,185,162,181,143,160,178,164,178,224,202
698,485,400,395,328,291,345,309,283,295,319,259,310,268,238,288,321,321,368,370
458,282,220,270,207,169,200,176,148,169,175,165,181,131,168,179,192,177,209,239
146,84,83,116,63,47,64,74,47,58,64,43,63,39,46,51,66,68,62,57
163,103,75,95,65,71,85,55,51,66,76,55,58,57,48,56,52,63,72,84
611,369,298,320,272,251,271,264,208,235,224,203,235,203,171,249,258,244,271,272
518,326,297,326,266,211,214,241,196,205,242,196,226,194,179,195,206,227,253,255
147,85,64,84,67,53,74,54,52,41,54,47,57,47,46,51,49,49,69,59
74,61,63,70,55,33,43,38,45,43,37,29,39,25,30,39,44,40,56,49
93,63,52,62,38,40,31,47,27,32,36,30,26,36,27,47,37,38,43,49
1846,1104,945,1073,798,733,792,768,641,719,801,660,773,648,597,739,722,770,872,849
322,230,179,174,139,129,123,127,125,114,128,135,116,93,109,115,129,134,149,151
287,187,175,202,158,112,149,132,107,131,137,122,144,98,124,119,142,116,152,147
537,334,301,363,223,185,243,231,192,182,237,203,214,184,205,220,236,226,268,249
629,343,315,303,275,205,265,246,194,247,233,203,253,176,180,222,261,230,247,268
369,213,169,215,142,141,147,123,150,153,160,135,146,130,127,166,159,151,152,175
72,42,45,47,36,24,31,28,27,29,25,27,29,30,21,24,27,27,36,38
840,589,470,504,399,366,424,397,310,353,356,345,372,324,301,351,345,392,433,439
1163,718,605,698,564,423,503,488,455,465,503,437,489,370,439,448,477,485,542,575
789,496,404,446,354,294,325,340,269,289,323,302,296,241,296,306,314,313,348,377
339,206,130,180,146,124,158,133,136,131,124,114,139,117,109,108,130,130,144,181
2979,1807,1507,1658,1327,1161,1282,1235,1085,1075,1203,1103,1206,979,1007,1130,1193,1271,1411,1496
656,444,356,403,280,288,273,265,254,255,286,249,268,221,203,285,253,303,307,345
2855,1864,1690,1743,1534,1304,1444,1401,1322,1356,1381,1350,1360,1180,1208,1454,1313,1461,1516,1615
117,98,67,91,70,59,75,60,59,54,58,46,45,39,50,55,64,48,65,66
884,560,433,519,404,311,388,348,310,349,346,303,377,287,285,342,363,396,425,419
699,458,385,376,332,280,279,286,279,288,267,241,301,237,224,257,315,292,346,368
175,96,87,103,74,65,68,79,48,79,60,55,59,55,54,65,74,68,80,81
257,152,136,174,130,93,127,113,111,103,114,103,97,90,79,102,126,100,114,129
92,76,59,69,48,44,50,38,26,37,41,31,36,33,40,47,46,35,49,53
317,212,146,226,160,132,127,135,121,124,126,114,129,105,115,124,138,125,139,178
1124,694,624,705,512,441,508,478,447,440,477,436,492,408,411,519,459,436,535,600
873,605,470,484,394,373,401,406,341,364,368,375,354,323,326,387,378,419,449,476
182,103,81,100,80,73,83,59,67,75,87,61,54,67,62,72,78,81,95,103
62,40,34,53,34,34,41,33,22,38,34,25,25,30,20,24,36,30,31,34
573,317,260,331,231,201,249,217,197,196,219,193,241,170,177,219,207,235,249,258
9462,5969,4991,5402,4315,3612,4122,3949,3494,3738,3947,3571,3971,3349,3308,3940,3940,4025,4418,4601
884,554,454,448,379,346,348,378,308,336,365,274,343,289,281,376,367,378,413,460
188,105,98,99,88,81,68,89,47,61,72,59,66,57,47,59,68,70,62,68
670,412,352,389,320,256,302,257,263,275,277,231,255,207,215,272,253,272,292,320
82,50,42,61,27,22,28,31,40,25,30,35,29,27,28,27,43,37,48,34
472,285,249,261,225,188,191,219,176,177,177,207,194,161,167,206,187,193,221,272
351,255,182,210,163,166,173,146,132,157,159,129,153,131,141,164,158,152,185,203
84,66,42,76,55,36,30,31,37,34,36,32,33,41,24,40,56,39,43,45
2996,1934,1617,1657,1388,1136,1260,1241,1198,1109,1317,1130,1306,1078,1061,1300,1259,1269,1425,1522
454,256,207,229,163,133,179,172,134,153,154,140,154,137,129,147,153,176,179,192
525,298,258,264,208,178,211,190,171,171,201,145,205,153,153,207,200,187,229,232
367,244,169,244,135,135,167,132,138,128,148,125,150,141,138,148,148,132,168,179
377,237,217,253,149,151,181,144,140,140,160,148,146,129,146,152,164,168,174,194
1029,649,588,602,439,376,446,467,398,431,418,378,475,361,356,406,445,457,462,504
412,261,236,263,180,160,177,178,152,166,151,168,170,140,162,175,182,171,215,212
361,225,180,255,178,133,141,157,148,148,138,144,159,123,119,136,161,154,181,180
676,399,364,370,292,225,293,275,214,239,256,230,256,245,226,254,273,272,284,308
293,196,159,170,157,108,126,117,125,123,134,110,137,100,120,123,127,137,150,163
855,560,463,530,418,323,389,388,345,312,386,324,359,319,301,355,348,360,437,445
253,177,130,143,130,88,123,109,97,92,109,96,109,82,104,99,98,101,127,112
1507,945,817,827,629,575,668,609,541,559,574,630,581,536,516,611,613,576,696,746
648,407,323,374,234,224,255,264,248,252,272,240,281,216,219,241,267,237,287,331
2294,1510,1178,1247,1018,897,1036,972,884,904,1001,908,992,792,772,994,954,997,1105,1163
125,79,60,66,55,47,47,51,40,46,43,35,60,42,40,37,46,47,57,62
212,138,122,127,88,82,99,89,72,108,94,82,80,67,74,103,94,94,84,79
540,377,322,313,260,243,263,254,204,226,261,210,237,206,207,238,216,258,258,239
426,265,228,271,193,160,195,181,155,169,196,169,166,165,155,181,185,181,209,221
790,506,412,424,311,305,322,320,291,279,308,276,292,267,262,306,317,300,386,386
866,526,452,464,353,300,349,377,310,324,326,321,336,296,283,363,324,350,387,445
2447,1546,1277,1484,1035,924,1032,1009,879,941,1052,860,1020,795,775,937,971,1057,1117,1172
3778,2350,2023,2242,1731,1498,1647,1625,1403,1475,1623,1460,1622,1341,1326,1618,1577,1543,1805,1903
724,442,406,434,330,295,300,310,243,285,298,255,325,271,269,295,271,308,310,373
1661,1100,929,928,746,664,797,778,615,641,720,664,761,656,591,709,739,730,865,882
493,369,281,300,262,225,258,229,191,209,242,209,223,203,189,244,207,245,269,280
698,466,395,443,319,271,314,287,249,273,318,239,316,230,253,312,267,311,330,356
1071,678,542,636,472,377,475,399,406,369,418,384,414,382,370,439,416,440,464,508
4238,2945,2585,2514,2160,1921,2211,2118,1870,1904,2018,1909,1968,1732,1729,2003,1991,2098,2281,2391
5038,3160,2623,2942,2229,1861,2116,2051,1812,1957,2051,1808,2139,1680,1629,1899,1935,2060,2316,2496
1600,1036,863,950,775,683,762,686,628,669,674,618,708,584,571,640,673,678,853,820
568,311,268,365,240,225,249,221,221,200,209,180,211,194,182,215,236,220,252,256
433,266,254,263,192,181,193,171,186,190,199,170,213,168,150,230,199,193,197,204
1633,1043,879,929,751,663,778,711,623,677,722,660,654,602,565,713,690,700,791,866
343,206,194,196,144,136,161,141,150,140,120,129,135,118,121,128,135,134,162,179
205,132,108,134,99,81,88,103,73,81,94,80,100,50,60,74,88,100,100,101
93,63,48,54,44,28,45,38,25,23,39,40,34,38,38,39,37,36,43,46
206,127,97,131,88,69,89,89,79,76,85,69,86,71,62,94,84,88,110,97
356,241,172,225,160,139,151,156,127,147,147,116,164,127,113,173,148,147,177,195
444,299,253,267,226,161,179,188,162,179,214,159,189,150,143,198,179,189,180,226
2825,1774,1433,1628,1267,1116,1205,1166,1079,1109,1120,1084,1140,1001,923,1111,1098,1159,1350,1395
608,372,276,365,267,254,200,219,246,205,211,216,240,181,187,224,232,247,270,300
840,560,476,480,391,334,376,353,331,362,370,362,325,362,325,355,363,394,421,450
2552,1688,1439,1473,1209,1014,1130,1045,950,999,1080,987,1084,950,895,1095,1108,1188,1274,1309
1063,709,531,710,451,413,470,443,399,448,435,412,479,398,326,450,454,469,488,525
488,322,246,291,184,199,206,190,202,205,192,205,202,184,193,211,189,209,236,251
664,435,373,385,285,253,308,293,241,255,291,270,273,248,234,282,296,292,360,348
654,434,323,370,297,235,249,268,227,264,283,219,291,209,219,256,253,277,317,326
81,56,35,43,31,27,26,34,23,27,38,18,30,28,23,34,32,34,32,38
7355,4728,3806,4134,3232,2839,3250,3014,2681,2905,2959,2794,2967,2577,2521,2997,2948,3138,3498,3652
408,297,244,208,203,192,210,178,173,165,173,176,182,185,141,176,162,200,194,196
596,390,361,286,296,266,305,245,221,237,264,244,222,229,229,271,228,291,282,332
1040,638,520,594,476,418,442,411,373,370,424,383,406,366,302,423,427,420,502,504
586,371,291,330,265,220,239,235,218,203,226,217,228,212,186,216,271,258,294,324
178,117,107,123,83,80,80,77,51,90,78,70,83,63,55,75,65,70,94,110
456,281,215,273,183,152,207,169,136,175,172,143,207,153,155,177,187,168,217,229
751,445,397,483,334,263,329,282,272,298,304,240,277,256,238,272,358,313,344,332
27017,17359,14429,15640,12396,10543,11918,11583,10355,10676,11468,10425,11213,9610,9510,11148,11393,11662,13036,13599
74,46,44,59,48,35,29,37,39,29,37,35,48,27,18,27,26,24,35,38
416,238,193,252,184,144,179,150,163,167,155,163,166,156,140,163,183,170,185,193
241,152,108,149,108,89,135,113,79,96,107,83,92,81,86,107,92,100,96,142
943,591,434,466,397,334,357,384,330,316,362,293,357,305,279,359,336,382,449,455
2445,1518,1196,1268,1047,931,1007,988,864,879,973,843,1011,804,799,990,942,931,1168,1195
874,556,477,514,447,347,379,382,350,347,405,321,380,311,303,374,353,378,417,470
245,163,123,152,100,100,108,102,91,109,97,91,98,84,87,79,96,101,116,151
482,304,243,254,207,195,203,223,188,172,198,182,189,174,162,188,197,178,206,239
2376,1506,1253,1360,1171,944,1125,979,978,1010,1037,1010,1043,852,869,1019,1017,1082,1152,1280
1160,737,611,638,439,443,496,443,390,428,479,419,464,390,409,441,476,464,501,539
321,172,164,194,146,112,137,124,112,128,126,109,115,114,107,108,134,121,147,157
366,243,162,187,154,130,142,149,113,116,117,121,135,115,104,131,141,144,151,145
967,588,472,555,404,358,377,407,360,330,377,299,399,327,310,378,341,354,441,468
179,125,115,98,79,77,88,76,57,83,99,64,79,68,71,73,79,66,92,100
203,145,107,98,94,88,92,74,66,75,93,66,67,78,73,74,71,86,84,78
167,104,94,109,74,66,79,79,54,74,84,72,85,61,66,72,82,71,90,84
308,176,154,196,141,133,128,133,101,116,109,102,132,114,89,124,122,117,137,153
324,239,200,211,161,122,146,144,147,127,149,127,141,109,104,120,137,153,160,151
436,302,206,278,204,177,175,192,169,162,188,174,184,163,146,200,189,197,242,214
345,212,163,193,139,114,143,161,133,132,137,121,135,119,138,125,147,126,176,161
1013,638,549,601,402,398,427,433,383,403,388,367,440,380,346,399,398,414,493,546
305,211,159,188,137,121,115,110,128,117,136,136,119,100,107,128,125,115,151,152
913,557,508,523,401,357,398,365,336,355,389,335,384,315,295,348,344,368,427,492
1252,766,648,694,550,474,502,493,435,443,541,471,501,418,453,490,488,542,551,638
232,138,123,137,87,91,112,103,70,113,87,87,99,74,77,92,99,101,111,115
4348,2701,2159,2424,1873,1669,1792,1724,1525,1677,1707,1569,1838,1495,1466,1694,1755,1767,2000,2108
349,235,165,218,152,149,131,146,129,127,128,137,146,130,101,122,157,127,151,168
280,165,150,182,124,105,128,110,102,110,117,91,121,87,87,94,110,118,144,126
398,250,204,243,190,154,154,153,136,161,166,137,151,147,141,128,147,145,184,204
45,37,34,43,28,30,12,29,30,24,26,20,35,19,25,29,24,29,25,28
245,155,124,137,101,104,87,94,73,103,78,83,97,118,77,94,93,97,106,123
492,292,250,287,218,193,213,202,198,180,153,201,194,189,163,173,188,191,216,220
755,457,407,457,327,271,335,348,260,282,299,297,320,261,255,305,335,301,351,376
424,295,220,258,181,157,169,189,146,166,168,153,179,113,123,173,152,184,194,221
302,202,150,222,148,112,108,127,109,101,112,111,126,107,107,102,128,124,145,138
3484,2219,1872,1959,1649,1321,1511,1440,1396,1326,1483,1352,1501,1265,1242,1516,1447,1505,1624,1751
4289,2715,2256,2383,1983,1680,1871,1764,1592,1637,1758,1638,1801,1457,1478,1753,1712,1809,1970,2215
