278,476,208,88,534,100,461,168,165,230,442,503,812,400,327,338,394,820,489,65,343,524,361,198,401,151,389,277,292,623,716,1216,242,498,107,533,467,80,266,476,290,111,357,168,458,454,340,460,160,353
476,161,169,60,424,63,417,118,140,166,348,493,772,287,223,259,323,813,467,54,238,453,266,181,282,107,299,187,213,526,707,1291,259,376,92,471,368,65,217,493,277,96,318,193,359,409,278,464,168,274
208,169,39,23,196,27,166,63,57,81,159,250,359,143,87,115,143,353,200,18,104,197,108,92,141,47,134,83,102,231,291,598,120,200,46,219,170,30,93,209,119,40,158,76,166,181,140,203,73,140
88,60,23,9,78,23,72,34,28,35,77,96,138,53,56,65,63,137,93,12,44,90,42,26,58,21,52,42,39,115,126,215,40,83,24,99,84,10,43,76,57,18,71,29,67,76,74,97,35,64
534,424,196,78,252,110,489,148,156,198,432,536,922,345,244,264,407,901,516,62,274,548,298,193,330,136,340,228,250,608,777,1474,282,437,103,501,483,83,249,542,337,82,394,181,404,488,330,523,187,341
100,63,27,23,110,7,102,50,36,45,85,131,200,69,68,77,78,203,114,13,64,115,60,46,70,26,74,57,42,149,183,300,45,98,18,131,103,18,64,117,80,23,89,37,84,91,93,115,38,83
461,417,166,72,489,102,227,147,139,189,409,546,832,335,284,272,336,857,479,59,263,492,297,210,317,117,326,235,236,620,747,1289,238,441,95,510,462,77,230,506,330,97,380,169,391,476,324,493,157,326
168,118,63,34,148,50,147,32,56,66,136,167,309,107,89,89,112,292,167,16,90,151,103,55,101,38,92,63,85,183,230,456,95,144,39,155,133,16,68,163,110,34,116,60,111,143,96,172,62,118
165,140,57,28,156,36,139,56,26,71,146,177,251,113,77,76,129,302,163,21,88,176,100,66,101,37,102,69,88,189,219,435,77,145,42,157,140,24,87,156,115,33,139,53,116,147,100,181,66,107
230,166,81,35,198,45,189,66,71,43,165,220,365,145,151,121,177,357,217,26,128,216,143,81,148,54,147,94,101,256,291,580,130,172,53,193,193,33,95,207,158,35,159,76,161,204,147,203,75,155
442,348,159,77,432,85,409,136,146,165,167,482,781,299,232,268,335,755,426,52,249,455,289,175,282,116,304,209,218,560,646,1151,234,397,96,411,415,79,197,449,314,86,353,140,331,377,267,442,144,277
503,493,250,96,536,131,546,167,177,220,482,329,1088,333,307,304,413,1067,592,79,295,607,354,217,411,132,387,253,280,706,898,1645,338,525,127,603,521,104,265,618,390,129,451,199,492,585,364,588,223,398
812,772,359,138,922,200,832,309,251,365,781,1088,829,590,473,511,664,1550,941,122,514,982,563,369,616,237,621,461,487,1151,1353,2526,493,832,235,1007,868,169,457,989,575,182,722,329,787,863,546,959,325,604
400,287,143,53,345,69,335,107,113,145,299,333,590,111,185,181,248,600,348,37,182,354,220,137,219,93,215,131,165,403,555,944,198,315,70,377,319,61,156,367,219,60,257,132,254,324,198,346,115,228
327,223,87,56,244,68,284,89,77,151,232,307,473,185,75,136,190,503,270,28,140,268,162,102,188,64,163,131,132,325,411,766,151,226,61,299,253,46,139,273,205,53,213,103,214,251,187,315,97,192
338,259,115,65,264,77,272,89,76,121,268,304,511,181,136,66,198,537,274,41,143,299,182,100,175,74,147,146,146,365,436,825,166,254,69,262,283,48,146,305,192,47,240,122,223,294,182,295,121,217
394,323,143,63,407,78,336,112,129,177,335,413,664,248,190,198,128,690,355,48,225,344,224,141,249,92,241,168,185,490,564,1011,224,373,92,363,308,57,187,388,200,59,249,144,282,347,232,393,141,210
820,813,353,137,901,203,857,292,302,357,755,1067,1550,600,503,537,690,820,938,98,498,944,550,367,586,231,602,455,469,1151,1439,2490,484,849,217,1006,842,168,439,974,616,204,708,356,740,851,571,940,321,623
489,467,200,93,516,114,479,167,163,217,426,592,941,348,270,274,355,938,251,66,294,490,343,214,361,133,343,261,231,683,765,1473,298,462,110,541,497,74,253,530,331,110,389,171,393,470,309,555,205,340
65,54,18,12,62,13,59,16,21,26,52,79,122,37,28,41,48,98,66,2,34,63,36,27,32,17,41,28,34,75,78,184,28,50,15,66,59,7,35,69,39,17,42,24,45,61,41,53,25,28
343,238,104,44,274,64,263,90,88,128,249,295,514,182,140,143,225,498,294,34,72,292,154,99,169,62,178,117,151,322,440,805,139,246,51,285,244,35,132,283,188,61,230,102,197,261,184,293,95,207
524,453,197,90,548,115,492,151,176,216,455,607,982,354,268,299,344,944,490,63,292,268,308,192,337,124,356,271,244,673,758,1514,280,444,129,587,494,89,265,537,338,120,428,174,384,428,340,532,203,332
361,266,108,42,298,60,297,103,100,143,289,354,563,220,162,182,224,550,343,36,154,308,88,125,202,68,191,143,160,366,459,859,175,255,74,313,304,44,147,293,199,66,250,120,255,310,186,329,113,221
198,181,92,26,193,46,210,55,66,81,175,217,369,137,102,100,141,367,214,27,99,192,125,39,116,58,135,100,95,231,323,560,107,198,36,216,188,35,92,223,142,41,172,83,148,195,110,197,73,138
401,282,141,58,330,70,317,101,101,148,282,411,616,219,188,175,249,586,361,32,169,337,202,116,104,75,218,154,166,409,521,957,191,286,72,350,322,41,162,383,213,74,277,118,232,312,175,333,115,224
151,107,47,21,136,26,117,38,37,54,116,132,237,93,64,74,92,231,133,17,62,124,68,58,75,11,70,63,61,153,177,354,59,120,29,118,126,18,58,146,72,34,94,37,103,127,77,135,48,95
389,299,134,52,340,74,326,92,102,147,304,387,621,215,163,147,241,602,343,41,178,356,191,135,218,70,102,153,165,383,517,950,182,305,72,341,319,58,158,403,247,79,255,109,253,306,195,336,128,233
277,187,83,42,228,57,235,63,69,94,209,253,461,131,131,146,168,455,261,28,117,271,143,100,154,63,153,62,104,299,362,664,137,213,42,239,253,25,111,240,129,48,195,76,181,220,150,235,86,162
292,213,102,39,250,42,236,85,88,101,218,280,487,165,132,146,185,469,231,34,151,244,160,95,166,61,165,104,63,301,371,724,136,226,55,275,225,41,132,276,156,59,190,89,218,237,153,289,117,171
623,526,231,115,608,149,620,183,189,256,560,706,1151,403,325,365,490,1151,683,75,322,673,366,231,409,153,383,299,301,379,968,1827,366,613,144,729,601,117,310,671,430,110,512,250,535,638,393,645,267,406
716,707,291,126,777,183,747,230,219,291,646,898,1353,555,411,436,564,1439,765,78,440,758,459,323,521,177,517,362,371,968,597,2164,424,705,187,800,718,114,359,833,552,159,604,282,635,734,507,793,274,492
1216,1291,598,215,1474,300,1289,456,435,580,1151,1645,2526,944,766,825,1011,2490,1473,184,805,1514,859,560,957,354,950,664,724,1827,2164,1952,754,1313,346,1567,1268,261,729,1557,1017,315,1019,520,1123,1382,917,1438,504,945
242,259,120,40,282,45,238,95,77,130,234,338,493,198,151,166,224,484,298,28,139,280,175,107,191,59,182,137,136,366,424,754,78,256,80,304,242,49,156,284,187,69,198,129,225,261,190,297,113,183
498,376,200,83,437,98,441,144,145,172,397,525,832,315,226,254,373,849,462,50,246,444,255,198,286,120,305,213,226,613,705,1313,256,202,99,535,424,76,231,470,298,89,370,181,358,447,275,486,158,311
107,92,46,24,103,18,95,39,42,53,96,127,235,70,61,69,92,217,110,15,51,129,74,36,72,29,72,42,55,144,187,346,80,99,8,129,107,17,61,116,92,21,93,45,77,118,72,127,48,83
533,471,219,99,501,131,510,155,157,193,411,603,1007,377,299,262,363,1006,541,66,285,587,313,216,350,118,341,239,275,729,800,1567,304,535,129,289,498,86,266,605,353,106,401,202,423,550,328,553,201,337
467,368,170,84,483,103,462,133,140,193,415,521,868,319,253,283,308,842,497,59,244,494,304,188,322,126,319,253,225,601,718,1268,242,424,107,498,226,77,207,516,326,87,363,177,392,429,305,481,189,311
80,65,30,10,83,18,77,16,24,33,79,104,169,61,46,48,57,168,74,7,35,89,44,35,41,18,58,25,41,117,114,261,49,76,17,86,77,6,47,90,43,16,58,28,74,80,45,101,34,50
266,217,93,43,249,64,230,68,87,95,197,265,457,156,139,146,187,439,253,35,132,265,147,92,162,58,158,111,132,310,359,729,156,231,61,266,207,47,66,273,159,43,158,98,180,247,159,264,98,168
476,493,209,76,542,117,506,163,156,207,449,618,989,367,273,305,388,974,530,69,283,537,293,223,383,146,403,240,276,671,833,1557,284,470,116,605,516,90,273,329,370,122,417,186,463,495,325,554,183,341
290,277,119,57,337,80,330,110,115,158,314,390,575,219,205,192,200,616,331,39,188,338,199,142,213,72,247,129,156,430,552,1017,187,298,92,353,326,43,159,370,114,87,230,126,296,294,254,368,135,223
111,96,40,18,82,23,97,34,33,35,86,129,182,60,53,47,59,204,110,17,61,120,66,41,74,34,79,48,59,110,159,315,69,89,21,106,87,16,43,122,87,10,71,24,71,111,67,114,33,69
357,318,158,71,394,89,380,116,139,159,353,451,722,257,213,240,249,708,389,42,230,428,250,172,277,94,255,195,190,512,604,1019,198,370,93,401,363,58,158,417,230,71,147,135,315,371,260,380,122,267
168,193,76,29,181,37,169,60,53,76,140,199,329,132,103,122,144,356,171,24,102,174,120,83,118,37,109,76,89,250,282,520,129,181,45,202,177,28,98,186,126,24,135,32,149,192,125,190,78,124
458,359,166,67,404,84,391,111,116,161,331,492,787,254,214,223,282,740,393,45,197,384,255,148,232,103,253,181,218,535,635,1123,225,358,77,423,392,74,180,463,296,71,315,149,153,387,229,416,142,250
454,409,181,76,488,91,476,143,147,204,377,585,863,324,251,294,347,851,470,61,261,428,310,195,312,127,306,220,237,638,734,1382,261,447,118,550,429,80,247,495,294,111,371,192,387,203,310,515,180,299
340,278,140,74,330,93,324,96,100,147,267,364,546,198,187,182,232,571,309,41,184,340,186,110,175,77,195,150,153,393,507,917,190,275,72,328,305,45,159,325,254,67,260,125,229,310,89,353,107,228
460,464,203,97,523,115,493,172,181,203,442,588,959,346,315,295,393,940,555,53,293,532,329,197,333,135,336,235,289,645,793,1438,297,486,127,553,481,101,264,554,368,114,380,190,416,515,353,291,202,345
160,168,73,35,187,38,157,62,66,75,144,223,325,115,97,121,141,321,205,25,95,203,113,73,115,48,128,86,117,267,274,504,113,158,48,201,189,34,98,183,135,33,122,78,142,180,107,202,29,115
353,274,140,64,341,83,326,118,107,155,277,398,604,228,192,217,210,623,340,28,207,332,221,138,224,95,233,162,171,406,492,945,183,311,83,337,311,50,168,341,223,69,267,124,250,299,228,345,115,109
