265,435,195,78,511,107,490,204,166,275,427,524,830,382,320,336,376,856,467,91,309,504,335,205,356,139,370,304,299,608,729,1124,242,477,111,518,499,87,256,467,309,100,370,178,428,399,327,473,175,405
435,196,166,88,447,94,446,136,148,180,364,495,787,280,243,257,329,813,447,46,232,424,260,187,283,114,290,194,209,535,680,1262,244,382,99,462,440,82,228,464,291,80,348,153,337,375,256,492,171,282
195,166,34,46,220,54,193,55,75,81,177,200,350,130,94,100,146,366,202,24,110,204,106,78,104,55,143,80,91,232,320,578,100,196,45,200,182,31,82,199,114,33,162,69,144,190,107,203,65,143
78,88,46,4,90,20,81,24,35,40,62,85,142,63,51,57,56,141,83,11,53,86,56,33,56,26,69,56,51,94,102,196,47,79,19,90,79,18,31,93,45,17,60,42,75,71,61,83,36,59
511,447,220,90,262,116,501,168,175,207,431,550,968,304,290,309,365,946,506,65,295,531,329,211,368,132,331,249,251,644,759,1428,315,474,120,562,491,107,257,518,328,119,381,178,408,476,321,560,194,352
107,94,54,20,116,15,103,38,40,45,82,119,191,83,65,77,92,182,130,9,58,117,75,48,69,33,78,65,50,134,159,297,60,105,33,137,117,23,56,103,66,34,79,37,91,103,69,105,43,82
490,446,193,81,501,103,224,136,161,189,381,533,853,293,252,274,360,876,514,53,261,488,286,215,324,137,339,241,257,608,677,1277,258,465,113,515,445,79,248,488,288,100,402,170,381,437,331,498,168,351
204,136,55,24,168,38,136,22,38,54,124,172,268,85,86,96,104,286,146,17,83,150,90,57,100,23,89,75,94,200,204,385,75,148,32,168,138,25,86,157,105,29,88,44,131,129,92,149,56,115
166,148,75,35,175,40,161,38,25,70,146,204,289,104,86,108,109,310,182,25,86,185,96,59,103,37,101,82,79,231,263,511,87,158,43,158,160,29,81,181,97,38,138,61,150,153,105,194,74,122
275,180,81,40,207,45,189,54,70,39,178,221,360,137,110,129,150,344,204,30,124,227,140,91,110,47,136,93,104,251,311,577,104,171,49,225,212,28,107,226,117,43,138,72,165,190,135,204,70,148
427,364,177,62,431,82,381,124,146,178,192,495,762,323,233,258,315,748,447,59,239,459,282,168,255,116,305,193,221,493,632,1168,231,380,96,459,406,71,228,438,275,86,331,157,326,401,293,415,156,294
524,495,200,85,550,119,533,172,204,221,495,287,1023,340,298,326,422,1035,554,65,299,602,324,241,382,127,354,250,289,713,838,1559,333,539,126,616,515,89,302,586,395,119,446,205,447,514,346,563,216,378
830,787,350,142,968,191,853,268,289,360,762,1023,851,602,472,551,665,1429,917,123,496,999,538,363,602,238,598,415,443,1176,1367,2386,474,878,210,972,837,161,443,921,599,192,651,328,699,857,587,936,346,603
382,280,130,63,304,83,293,85,104,137,323,340,602,102,161,176,266,558,350,31,182,319,210,127,210,64,215,136,177,407,493,898,183,299,67,366,294,68,187,352,212,76,273,108,261,303,180,318,110,213
320,243,94,51,290,65,252,86,86,110,233,298,472,161,74,134,190,455,273,33,138,255,145,96,164,63,156,135,121,302,416,721,143,248,63,282,240,44,132,257,172,42,217,86,183,234,174,279,106,181
336,257,100,57,309,77,274,96,108,129,258,326,551,176,134,73,208,537,281,35,168,300,182,120,201,73,192,126,154,325,425,779,148,248,65,305,250,57,149,298,202,57,245,100,223,254,195,308,114,203
376,329,146,56,365,92,360,104,109,150,315,422,665,266,190,208,122,674,399,53,207,406,191,127,260,101,257,175,186,450,559,996,191,327,78,378,337,64,188,391,252,74,267,134,296,346,244,387,123,246
856,813,366,141,946,182,876,286,310,344,748,1035,1429,558,455,537,674,772,926,109,518,904,545,339,595,237,599,416,472,1115,1368,2363,470,866,226,1006,821,150,444,990,616,187,663,363,686,839,567,904,331,607
467,447,202,83,506,130,514,146,182,204,447,554,917,350,273,281,399,926,252,51,293,499,308,232,339,121,327,257,261,673,777,1393,266,481,110,556,508,86,281,590,355,102,403,200,417,456,360,530,220,347
91,46,24,11,65,9,53,17,25,30,59,65,123,31,33,35,53,109,51,0,52,53,35,23,37,15,35,34,36,71,93,173,31,59,13,80,63,12,30,59,34,11,41,28,43,54,42,66,21,44
309,232,110,53,295,58,261,83,86,124,239,299,496,182,138,168,207,518,293,52,59,300,167,101,165,64,161,112,123,316,432,781,141,281,68,285,285,33,148,318,195,56,226,104,212,251,143,257,104,196
504,424,204,86,531,117,488,150,185,227,459,602,999,319,255,300,406,904,499,53,300,277,296,210,342,111,326,242,279,652,724,1372,276,478,106,552,463,94,291,551,344,112,395,197,419,480,343,519,182,361
335,260,106,56,329,75,286,90,96,140,282,324,538,210,145,182,191,545,308,35,167,296,91,136,188,67,216,130,164,370,434,841,177,284,68,301,286,41,155,308,186,48,240,110,209,273,175,319,117,206
205,187,78,33,211,48,215,57,59,91,168,241,363,127,96,120,127,339,232,23,101,210,136,32,124,51,146,84,111,219,315,551,102,193,46,223,191,41,110,246,163,41,166,68,131,162,124,195,65,135
356,283,104,56,368,69,324,100,103,110,255,382,602,210,164,201,260,595,339,37,165,342,188,124,77,82,196,158,142,424,500,931,166,336,82,353,289,48,174,328,209,55,227,111,222,304,194,319,122,216
139,114,55,26,132,33,137,23,37,47,116,127,238,64,63,73,101,237,121,15,64,111,67,51,82,12,71,52,59,155,175,358,75,128,31,119,134,15,61,133,88,23,106,49,110,127,62,145,54,87
370,290,143,69,331,78,339,89,101,136,305,354,598,215,156,192,257,599,327,35,161,326,216,146,196,71,100,151,165,374,498,977,170,324,82,369,350,63,174,361,257,56,272,128,254,322,196,333,131,230
304,194,80,56,249,65,241,75,82,93,193,250,415,136,135,126,175,416,257,34,112,242,130,84,158,52,151,55,118,272,367,613,141,251,46,246,203,42,126,250,159,40,190,88,187,234,140,253,85,144
299,209,91,51,251,50,257,94,79,104,221,289,443,177,121,154,186,472,261,36,123,279,164,111,142,59,165,118,70,307,372,726,105,267,56,256,245,54,138,262,168,46,189,86,175,232,140,294,87,178
608,535,232,94,644,134,608,200,231,251,493,713,1176,407,302,325,450,1115,673,71,316,652,370,219,424,155,374,272,307,403,1006,1833,368,599,157,672,564,95,319,702,458,129,446,241,524,651,374,659,246,389
729,680,320,102,759,159,677,204,263,311,632,838,1367,493,416,425,559,1368,777,93,432,724,434,315,500,175,498,367,372,1006,555,2069,408,707,177,808,653,135,354,796,513,159,627,281,598,663,499,758,289,544
1124,1262,578,196,1428,297,1277,385,511,577,1168,1559,2386,898,721,779,996,2363,1393,173,781,1372,841,551,931,358,977,613,726,1833,2069,1962,702,1295,313,1496,1242,219,673,1552,947,291,1032,541,1092,1325,929,1368,543,900
242,244,100,47,315,60,258,75,87,104,231,333,474,183,143,148,191,470,266,31,141,276,177,102,166,75,170,141,105,368,408,702,66,273,63,303,233,31,127,289,212,48,183,121,198,250,175,261,95,178
477,382,196,79,474,105,465,148,158,171,380,539,878,299,248,248,327,866,481,59,281,478,284,193,336,128,324,251,267,599,707,1295,273,228,104,492,406,88,228,514,293,89,351,184,396,466,306,496,176,327
111,99,45,19,120,33,113,32,43,49,96,126,210,67,63,65,78,226,110,13,68,106,68,46,82,31,82,46,56,157,177,313,63,104,17,126,116,21,54,125,65,26,83,52,116,109,72,131,51,88
518,462,200,90,562,137,515,168,158,225,459,616,972,366,282,305,378,1006,556,80,285,552,301,223,353,119,369,246,256,672,808,1496,303,492,126,272,508,82,259,554,341,123,378,229,439,490,341,579,220,366
499,440,182,79,491,117,445,138,160,212,406,515,837,294,240,250,337,821,508,63,285,463,286,191,289,134,350,203,245,564,653,1242,233,406,116,508,214,87,231,505,311,97,345,183,379,424,294,445,165,332
87,82,31,18,107,23,79,25,29,28,71,89,161,68,44,57,64,150,86,12,33,94,41,41,48,15,63,42,54,95,135,219,31,88,21,82,87,9,47,90,66,19,66,36,75,69,54,86,30,52
256,228,82,31,257,56,248,86,81,107,228,302,443,187,132,149,188,444,281,30,148,291,155,110,174,61,174,126,138,319,354,673,127,228,54,259,231,47,59,288,176,53,177,103,227,226,159,238,85,158
467,464,199,93,518,103,488,157,181,226,438,586,921,352,257,298,391,990,590,59,318,551,308,246,328,133,361,250,262,702,796,1552,289,514,125,554,505,90,288,276,371,130,422,179,433,462,312,585,203,379
309,291,114,45,328,66,288,105,97,117,275,395,599,212,172,202,252,616,355,34,195,344,186,163,209,88,257,159,168,458,513,947,212,293,65,341,311,66,176,371,113,71,289,130,270,290,199,392,134,224
100,80,33,17,119,34,100,29,38,43,86,119,192,76,42,57,74,187,102,11,56,112,48,41,55,23,56,40,46,129,159,291,48,89,26,123,97,19,53,130,71,8,85,39,83,100,58,100,40,72
370,348,162,60,381,79,402,88,138,138,331,446,651,273,217,245,267,663,403,41,226,395,240,166,227,106,272,190,189,446,627,1032,183,351,83,378,345,66,177,422,289,85,152,148,315,328,251,401,149,264
178,153,69,42,178,37,170,44,61,72,157,205,328,108,86,100,134,363,200,28,104,197,110,68,111,49,128,88,86,241,281,541,121,184,52,229,183,36,103,179,130,39,148,30,139,184,115,198,86,124
428,337,144,75,408,91,381,131,150,165,326,447,699,261,183,223,296,686,417,43,212,419,209,131,222,110,254,187,175,524,598,1092,198,396,116,439,379,75,227,433,270,83,315,139,138,352,241,387,142,270
399,375,190,71,476,103,437,129,153,190,401,514,857,303,234,254,346,839,456,54,251,480,273,162,304,127,322,234,232,651,663,1325,250,466,109,490,424,69,226,462,290,100,328,184,352,225,303,449,172,316
327,256,107,61,321,69,331,92,105,135,293,346,587,180,174,195,244,567,360,42,143,343,175,124,194,62,196,140,140,374,499,929,175,306,72,341,294,54,159,312,199,58,251,115,241,303,87,373,119,216
473,492,203,83,560,105,498,149,194,204,415,563,936,318,279,308,387,904,530,66,257,519,319,195,319,145,333,253,294,659,758,1368,261,496,131,579,445,86,238,585,392,100,401,198,387,449,373,254,213,343
175,171,65,36,194,43,168,56,74,70,156,216,346,110,106,114,123,331,220,21,104,182,117,65,122,54,131,85,87,246,289,543,95,176,51,220,165,30,85,203,134,40,149,86,142,172,119,213,41,133
405,282,143,59,352,82,351,115,122,148,294,378,603,213,181,203,246,607,347,44,196,361,206,135,216,87,230,144,178,389,544,900,178,327,88,366,332,52,158,379,224,72,264,124,270,316,216,343,133,121
