238,451,210,96,502,104,485,185,159,218,414,517,842,369,322,332,375,827,487,68,357,483,345,210,369,154,383,262,305,643,660,1180,248,500,99,510,474,83,245,472,339,103,363,182,461,423,345,531,167,361
451,211,189,85,443,110,474,145,133,197,383,466,809,299,247,257,299,771,415,42,251,429,270,175,279,101,282,201,236,564,639,1265,233,410,108,466,442,71,216,446,306,82,348,163,354,402,269,428,183,300
210,189,46,34,200,36,195,68,77,85,163,223,384,111,93,105,141,379,187,14,95,182,143,78,131,43,134,94,104,279,302,568,132,179,52,217,185,31,100,203,110,38,154,83,154,201,130,206,80,123
96,85,34,6,80,14,83,33,31,38,71,101,145,56,49,57,63,167,78,13,44,73,58,34,54,24,61,44,42,98,110,210,39,71,14,87,75,21,38,94,50,19,58,30,57,79,52,78,25,69
502,443,200,80,244,98,510,161,168,232,452,567,927,332,281,281,349,922,523,65,295,527,317,201,337,138,349,245,266,678,792,1425,291,506,106,560,499,103,234,529,315,107,364,198,416,500,357,521,183,358
104,110,36,14,98,8,111,35,41,43,115,131,214,67,65,64,76,201,98,10,75,112,81,43,89,34,75,59,66,129,172,273,47,104,28,124,104,24,47,129,72,19,92,59,94,102,72,109,41,80
485,474,195,83,510,111,226,143,152,197,404,560,928,314,276,275,374,911,485,66,286,519,331,196,324,136,337,222,251,595,734,1337,265,473,110,528,468,96,223,548,325,108,352,198,377,447,312,482,201,373
185,145,68,33,161,35,143,23,47,65,142,184,314,107,103,99,108,275,153,21,100,149,83,58,97,34,103,64,75,210,247,439,102,147,36,161,178,20,59,203,109,30,119,73,129,138,108,151,57,117
159,133,77,31,168,41,152,47,26,64,142,191,265,117,77,83,105,290,170,21,87,185,91,70,94,44,98,92,90,208,260,415,75,162,34,149,151,23,74,161,101,31,116,70,133,150,102,162,58,108
218,197,85,38,232,43,197,65,64,38,156,229,354,176,137,134,142,372,185,28,114,208,106,90,141,58,149,91,107,262,290,542,117,197,36,221,220,34,102,219,138,43,146,68,186,181,130,226,70,140
414,383,163,71,452,115,404,142,142,156,192,432,751,306,234,262,289,771,401,55,245,449,226,187,301,120,308,196,235,582,665,1138,225,430,89,425,426,73,222,472,293,88,303,168,357,376,277,402,153,294
517,466,223,101,567,131,560,184,191,229,432,352,994,358,285,305,390,1045,567,68,281,568,320,213,377,155,364,273,255,734,842,1538,323,543,143,612,498,85,299,570,370,123,409,214,459,512,376,605,215,360
842,809,384,145,927,214,928,314,265,354,751,994,818,642,475,514,728,1494,908,90,499,933,570,331,590,230,637,448,441,1134,1401,2587,495,829,214,1012,844,170,480,952,647,225,680,350,757,830,571,962,346,633
369,299,111,56,332,67,314,107,117,176,306,358,642,101,179,197,243,606,313,36,173,345,197,143,227,85,223,179,157,402,519,917,205,295,65,344,308,61,160,364,218,72,257,131,284,333,212,346,144,238
322,247,93,49,281,65,276,103,77,137,234,285,475,179,80,146,217,447,265,22,160,264,145,98,174,61,176,131,134,322,389,736,145,237,54,289,275,46,137,264,169,57,175,102,217,245,163,284,90,192
332,257,105,57,281,64,275,99,83,134,262,305,514,197,146,78,231,509,299,28,175,314,155,120,170,65,194,139,130,345,437,816,161,271,55,286,274,48,155,300,191,55,174,96,200,270,171,314,108,194
375,299,141,63,349,76,374,108,105,142,289,390,728,243,217,231,148,697,352,42,205,353,254,165,253,100,245,181,177,477,553,1010,222,340,71,401,315,62,194,382,246,63,283,126,313,337,203,359,119,281
827,771,379,167,922,201,911,275,290,372,771,1045,1494,606,447,509,697,814,944,112,514,924,538,370,554,225,615,409,421,1120,1440,2529,491,856,217,979,826,169,453,968,633,194,704,332,706,838,571,915,336,621
487,415,187,78,523,98,485,153,170,185,401,567,908,313,265,299,352,944,259,52,273,495,307,219,322,130,353,256,264,692,769,1418,284,495,111,521,469,76,254,547,319,105,418,205,395,467,304,550,186,359
68,42,14,13,65,10,66,21,21,28,55,68,90,36,22,28,42,112,52,5,37,58,34,25,34,18,44,27,24,82,86,176,34,58,17,53,51,9,37,81,51,9,49,22,38,64,36,63,24,52
357,251,95,44,295,75,286,100,87,114,245,281,499,173,160,175,205,514,273,37,68,298,153,100,166,69,175,131,139,360,414,770,173,265,68,308,273,41,128,321,202,56,240,115,228,274,166,341,107,169
483,429,182,73,527,112,519,149,185,208,449,568,933,345,264,314,353,924,495,58,298,275,314,218,317,145,368,235,256,682,771,1464,299,533,116,526,463,83,262,554,312,105,412,202,405,495,310,568,196,369
345,270,143,58,317,81,331,83,91,106,226,320,570,197,145,155,254,538,307,34,153,314,100,120,198,59,198,139,139,350,454,840,156,288,61,343,300,56,133,297,180,68,244,113,274,285,176,325,116,183
210,175,78,34,201,43,196,58,70,90,187,213,331,143,98,120,165,370,219,25,100,218,120,45,135,45,129,101,107,234,300,531,105,193,45,244,193,40,96,236,121,47,177,82,160,213,128,202,74,159
369,279,131,54,337,89,324,97,94,141,301,377,590,227,174,170,253,554,322,34,166,317,198,135,116,82,212,155,157,458,524,906,185,311,71,377,314,48,152,344,220,77,270,112,274,321,182,359,115,241
154,101,43,24,138,34,136,34,44,58,120,155,230,85,61,65,100,225,130,18,69,145,59,45,82,15,79,70,60,169,221,348,54,144,21,128,137,21,58,138,95,26,70,45,104,126,68,132,51,94
383,282,134,61,349,75,337,103,98,149,308,364,637,223,176,194,245,615,353,44,175,368,198,129,212,79,103,159,166,431,547,942,148,340,72,327,326,50,147,353,222,87,252,128,281,313,184,344,130,245
262,201,94,44,245,59,222,64,92,91,196,273,448,179,131,139,181,409,256,27,131,235,139,101,155,70,159,63,119,293,340,662,130,234,46,246,223,38,118,257,156,39,188,96,199,185,145,269,93,159
305,236,104,42,266,66,251,75,90,107,235,255,441,157,134,130,177,421,264,24,139,256,139,107,157,60,166,119,60,300,383,749,136,242,54,304,238,41,120,260,167,59,205,95,208,229,160,252,87,170
643,564,279,98,678,129,595,210,208,262,582,734,1134,402,322,345,477,1120,692,82,360,682,350,234,458,169,431,293,300,418,999,1833,362,565,133,676,576,120,320,686,442,131,491,246,517,638,410,683,235,427
660,639,302,110,792,172,734,247,260,290,665,842,1401,519,389,437,553,1440,769,86,414,771,454,300,524,221,547,340,383,999,573,2116,391,768,172,765,697,128,353,824,506,156,603,307,604,729,473,792,264,497
1180,1265,568,210,1425,273,1337,439,415,542,1138,1538,2587,917,736,816,1010,2529,1418,176,770,1464,840,531,906,348,942,662,749,1833,2116,2005,729,1293,336,1527,1300,265,712,1518,947,295,1035,503,1158,1366,873,1409,513,966
248,233,132,39,291,47,265,102,75,117,225,323,495,205,145,161,222,491,284,34,173,299,156,105,185,54,148,130,136,362,391,729,70,228,67,303,281,56,129,285,179,61,209,103,234,258,161,307,92,177
500,410,179,71,506,104,473,147,162,197,430,543,829,295,237,271,340,856,495,58,265,533,288,193,311,144,340,234,242,565,768,1293,228,244,115,527,435,87,223,488,305,102,363,170,385,458,296,547,178,361
99,108,52,14,106,28,110,36,34,36,89,143,214,65,54,55,71,217,111,17,68,116,61,45,71,21,72,46,54,133,172,336,67,115,14,110,92,21,59,114,82,25,82,44,95,112,76,111,38,65
510,466,217,87,560,124,528,161,149,221,425,612,1012,344,289,286,401,979,521,53,308,526,343,244,377,128,327,246,304,676,765,1527,303,527,110,299,494,98,271,579,344,97,423,203,453,513,316,554,193,339
474,442,185,75,499,104,468,178,151,220,426,498,844,308,275,274,315,826,469,51,273,463,300,193,314,137,326,223,238,576,697,1300,281,435,92,494,213,87,232,497,333,109,362,182,378,424,294,474,170,336
83,71,31,21,103,24,96,20,23,34,73,85,170,61,46,48,62,169,76,9,41,83,56,40,48,21,50,38,41,120,128,265,56,87,21,98,87,4,38,90,63,16,80,41,67,91,57,89,36,59
245,216,100,38,234,47,223,59,74,102,222,299,480,160,137,155,194,453,254,37,128,262,133,96,152,58,147,118,120,320,353,712,129,223,59,271,232,38,60,272,159,61,205,93,190,252,151,248,89,175
472,446,203,94,529,129,548,203,161,219,472,570,952,364,264,300,382,968,547,81,321,554,297,236,344,138,353,257,260,686,824,1518,285,488,114,579,497,90,272,290,338,103,363,183,447,511,348,556,204,378
339,306,110,50,315,72,325,109,101,138,293,370,647,218,169,191,246,633,319,51,202,312,180,121,220,95,222,156,167,442,506,947,179,305,82,344,333,63,159,338,117,74,246,137,254,322,235,294,121,250
103,82,38,19,107,19,108,30,31,43,88,123,225,72,57,55,63,194,105,9,56,105,68,47,77,26,87,39,59,131,156,295,61,102,25,97,109,16,61,103,74,19,68,38,92,88,64,103,32,75
363,348,154,58,364,92,352,119,116,146,303,409,680,257,175,174,283,704,418,49,240,412,244,177,270,70,252,188,205,491,603,1035,209,363,82,423,362,80,205,363,246,68,141,103,301,343,230,390,128,272
182,163,83,30,198,59,198,73,70,68,168,214,350,131,102,96,126,332,205,22,115,202,113,82,112,45,128,96,95,246,307,503,103,170,44,203,182,41,93,183,137,38,103,32,164,200,113,163,74,128
461,354,154,57,416,94,377,129,133,186,357,459,757,284,217,200,313,706,395,38,228,405,274,160,274,104,281,199,208,517,604,1158,234,385,95,453,378,67,190,447,254,92,301,164,187,380,244,433,174,292
423,402,201,79,500,102,447,138,150,181,376,512,830,333,245,270,337,838,467,64,274,495,285,213,321,126,313,185,229,638,729,1366,258,458,112,513,424,91,252,511,322,88,343,200,380,189,287,465,193,303
345,269,130,52,357,72,312,108,102,130,277,376,571,212,163,171,203,571,304,36,166,310,176,128,182,68,184,145,160,410,473,873,161,296,76,316,294,57,151,348,235,64,230,113,244,287,105,350,122,208
531,428,206,78,521,109,482,151,162,226,402,605,962,346,284,314,359,915,550,63,341,568,325,202,359,132,344,269,252,683,792,1409,307,547,111,554,474,89,248,556,294,103,390,163,433,465,350,285,176,384
167,183,80,25,183,41,201,57,58,70,153,215,346,144,90,108,119,336,186,24,107,196,116,74,115,51,130,93,87,235,264,513,92,178,38,193,170,36,89,204,121,32,128,74,174,193,122,176,36,115
361,300,123,69,358,80,373,117,108,140,294,360,633,238,192,194,281,621,359,52,169,369,183,159,241,94,245,159,170,427,497,966,177,361,65,339,336,59,175,378,250,75,272,128,292,303,208,384,115,133
