262,499,228,90,522,118,464,188,168,263,456,509,793,346,327,379,357,818,471,81,317,513,357,199,355,165,398,271,317,622,713,1164,222,492,112,521,478,69,266,464,297,110,358,159,424,441,311,522,166,361
499,155,174,69,393,103,438,128,142,177,365,507,823,311,229,218,326,831,450,58,255,426,258,192,273,102,248,178,207,559,703,1188,225,401,82,486,419,65,218,444,313,96,314,161,328,401,280,447,163,327
228,174,37,41,211,51,202,63,71,71,179,216,362,144,113,117,139,323,200,22,104,218,121,85,123,55,132,85,91,241,306,539,91,198,52,198,177,32,103,218,125,40,138,81,153,178,125,202,73,130
90,69,41,5,86,11,71,26,23,34,70,85,148,59,47,60,57,165,87,14,55,95,47,31,70,26,56,32,48,111,120,222,46,76,18,81,75,14,44,80,53,14,60,32,74,88,49,90,32,77
522,393,211,86,271,112,496,148,147,193,449,562,917,326,267,308,392,939,537,68,290,553,315,213,356,152,360,239,266,659,777,1373,273,475,105,530,478,80,251,547,342,97,372,197,440,464,345,535,182,334
118,103,51,11,112,9,105,41,42,46,85,114,196,71,64,81,77,208,115,19,72,122,76,51,90,34,82,48,72,155,176,287,56,117,25,113,88,17,56,92,72,20,74,42,104,110,76,102,37,95
464,438,202,71,496,105,239,148,156,184,417,530,875,343,251,276,364,842,478,65,295,518,315,200,349,132,350,223,267,622,715,1344,273,473,105,499,447,71,259,487,320,89,361,165,408,418,307,469,162,324
188,128,63,26,148,41,148,29,50,76,122,172,260,106,73,67,111,278,144,18,92,170,95,61,97,35,103,76,71,180,230,403,83,156,31,152,136,28,80,166,104,35,118,56,132,146,109,156,48,119
168,142,71,23,147,42,156,50,13,71,134,156,292,101,78,87,109,287,161,22,100,151,79,69,96,48,106,66,80,223,238,433,92,138,41,160,160,19,88,187,107,26,127,68,136,170,103,153,47,112
263,177,71,34,193,46,184,76,71,50,177,222,346,134,106,124,155,339,188,26,106,221,132,92,118,60,142,92,99,217,304,567,110,183,38,214,196,38,107,207,121,34,142,94,154,192,135,192,82,162
456,365,179,70,449,85,417,122,134,177,157,456,774,299,259,271,343,795,420,69,256,467,279,173,248,121,258,216,218,523,616,1139,242,403,90,450,392,67,210,420,279,91,310,173,349,433,268,427,147,293
509,507,216,85,562,114,530,172,156,222,456,304,1027,357,293,308,369,963,595,77,311,623,329,221,409,130,394,254,285,661,848,1576,321,536,122,593,537,107,258,604,381,123,433,214,475,495,366,557,217,367
793,823,362,148,917,196,875,260,292,346,774,1027,809,580,488,502,663,1418,882,120,510,901,504,334,590,228,626,405,430,1128,1359,2345,491,888,203,966,816,156,397,937,605,200,662,321,750,818,572,949,318,601
346,311,144,59,326,71,343,106,101,134,299,357,580,120,162,185,247,611,341,48,173,377,194,152,214,97,224,159,179,413,490,888,197,339,52,334,298,40,144,353,213,64,242,126,276,305,201,357,126,204
327,229,113,47,267,64,251,73,78,106,259,293,488,162,55,116,189,483,286,31,140,268,129,101,168,61,164,127,139,336,408,691,127,244,55,288,244,34,116,280,189,50,221,95,201,245,141,275,75,182
379,218,117,60,308,81,276,67,87,124,271,308,502,185,116,62,220,475,302,40,166,315,143,106,180,60,168,141,147,342,451,744,156,268,54,307,271,32,128,306,190,56,230,110,211,256,159,323,105,210
357,326,139,57,392,77,364,111,109,155,343,369,663,247,189,220,124,663,354,52,209,368,226,151,225,82,223,178,171,482,537,1046,196,359,83,368,360,52,175,391,245,64,279,132,301,334,235,369,122,265
818,831,323,165,939,208,842,278,287,339,795,963,1418,611,483,475,663,829,896,113,496,915,540,357,592,239,632,424,427,1084,1320,2394,509,874,194,963,869,164,429,944,592,188,689,338,712,827,522,899,325,590
471,450,200,87,537,115,478,144,161,188,420,595,882,341,286,302,354,896,240,59,270,479,301,237,311,142,341,238,248,634,771,1417,286,471,105,523,455,72,232,544,338,83,398,177,430,485,296,519,171,312
81,58,22,14,68,19,65,18,22,26,69,77,120,48,31,40,52,113,59,2,28,56,31,30,53,19,54,31,31,63,93,194,35,62,7,78,60,9,20,62,45,10,49,26,70,64,40,62,24,32
317,255,104,55,290,72,295,92,100,106,256,311,510,173,140,166,209,496,270,28,66,296,169,136,178,67,177,137,144,329,437,838,170,263,75,268,245,43,147,322,177,56,229,110,226,243,167,286,100,198
513,426,218,95,553,122,518,170,151,221,467,623,901,377,268,315,368,915,479,56,296,260,324,230,347,144,346,241,281,642,736,1402,294,462,104,564,475,73,250,557,360,111,401,188,457,500,320,505,173,363
357,258,121,47,315,76,315,95,79,132,279,329,504,194,129,143,226,540,301,31,169,324,105,141,213,79,212,133,135,350,441,830,165,287,68,333,277,44,146,319,214,76,259,104,250,263,204,339,111,228
199,192,85,31,213,51,200,61,69,92,173,221,334,152,101,106,151,357,237,30,136,230,141,44,152,51,136,99,116,287,317,546,127,178,35,208,172,36,105,218,139,34,141,72,169,170,120,226,70,130
355,273,123,70,356,90,349,97,96,118,248,409,590,214,168,180,225,592,311,53,178,347,213,152,87,74,186,140,148,416,443,935,188,316,71,317,329,52,160,342,220,70,259,119,248,282,201,351,104,200
165,102,55,26,152,34,132,35,48,60,121,130,228,97,61,60,82,239,142,19,67,144,79,51,74,19,77,51,51,184,205,361,74,117,26,132,131,15,57,132,78,27,101,40,100,120,86,139,50,96
398,248,132,56,360,82,350,103,106,142,258,394,626,224,164,168,223,632,341,54,177,346,212,136,186,77,105,160,160,437,541,958,199,314,73,356,319,43,164,367,230,69,273,116,275,299,217,363,124,228
271,178,85,32,239,48,223,76,66,92,216,254,405,159,127,141,178,424,238,31,137,241,133,99,140,51,160,60,106,287,353,685,118,221,53,242,209,37,106,253,153,53,183,95,185,190,167,246,68,155
317,207,91,48,266,72,267,71,80,99,218,285,430,179,139,147,171,427,248,31,144,281,135,116,148,51,160,106,67,308,368,680,146,239,56,254,267,41,129,272,183,41,207,105,197,216,147,255,94,194
622,559,241,111,659,155,622,180,223,217,523,661,1128,413,336,342,482,1084,634,63,329,642,350,287,416,184,437,287,308,377,942,1791,354,602,131,628,619,100,304,693,409,106,491,221,525,575,360,607,219,465
713,703,306,120,777,176,715,230,238,304,616,848,1359,490,408,451,537,1320,771,93,437,736,441,317,443,205,541,353,368,942,577,2019,426,696,145,813,712,110,353,801,485,154,539,273,623,731,452,724,241,507
1164,1188,539,222,1373,287,1344,403,433,567,1139,1576,2345,888,691,744,1046,2394,1417,194,838,1402,830,546,935,361,958,685,680,1791,2019,1862,721,1349,332,1520,1285,253,684,1449,891,309,1021,510,1120,1272,815,1330,503,934
222,225,91,46,273,56,273,83,92,110,242,321,491,197,127,156,196,509,286,35,170,294,165,127,188,74,199,118,146,354,426,721,68,274,66,311,276,36,121,261,173,62,217,94,225,255,153,259,95,196
492,401,198,76,475,117,473,156,138,183,403,536,888,339,244,268,359,874,471,62,263,462,287,178,316,117,314,221,239,602,696,1349,274,213,91,464,440,72,236,510,333,115,385,145,407,452,288,473,159,306
112,82,52,18,105,25,105,31,41,38,90,122,203,52,55,54,83,194,105,7,75,104,68,35,71,26,73,53,56,131,145,332,66,91,10,119,105,22,49,107,72,26,83,35,90,100,77,127,34,73
521,486,198,81,530,113,499,152,160,214,450,593,966,334,288,307,368,963,523,78,268,564,333,208,317,132,356,242,254,628,813,1520,311,464,119,270,512,86,262,575,337,96,410,209,440,492,332,559,207,342
478,419,177,75,478,88,447,136,160,196,392,537,816,298,244,271,360,869,455,60,245,475,277,172,329,131,319,209,267,619,712,1285,276,440,105,512,201,73,251,472,302,85,379,189,377,381,292,481,182,315
69,65,32,14,80,17,71,28,19,38,67,107,156,40,34,32,52,164,72,9,43,73,44,36,52,15,43,37,41,100,110,253,36,72,22,86,73,3,50,100,50,17,70,31,60,73,47,85,43,63
266,218,103,44,251,56,259,80,88,107,210,258,397,144,116,128,175,429,232,20,147,250,146,105,160,57,164,106,129,304,353,684,121,236,49,262,251,50,63,305,152,49,201,100,214,238,168,259,86,178
464,444,218,80,547,92,487,166,187,207,420,604,937,353,280,306,391,944,544,62,322,557,319,218,342,132,367,253,272,693,801,1449,261,510,107,575,472,100,305,305,347,114,361,193,415,494,333,539,189,354
297,313,125,53,342,72,320,104,107,121,279,381,605,213,189,190,245,592,338,45,177,360,214,139,220,78,230,153,183,409,485,891,173,333,72,337,302,50,152,347,106,61,241,129,248,311,212,357,125,206
110,96,40,14,97,20,89,35,26,34,91,123,200,64,50,56,64,188,83,10,56,111,76,34,70,27,69,53,41,106,154,309,62,115,26,96,85,17,49,114,61,9,86,35,69,93,58,103,36,58
358,314,138,60,372,74,361,118,127,142,310,433,662,242,221,230,279,689,398,49,229,401,259,141,259,101,273,183,207,491,539,1021,217,385,83,410,379,70,201,361,241,86,133,155,305,360,231,376,136,263
159,161,81,32,197,42,165,56,68,94,173,214,321,126,95,110,132,338,177,26,110,188,104,72,119,40,116,95,105,221,273,510,94,145,35,209,189,31,100,193,129,35,155,29,147,175,121,205,57,131
424,328,153,74,440,104,408,132,136,154,349,475,750,276,201,211,301,712,430,70,226,457,250,169,248,100,275,185,197,525,623,1120,225,407,90,440,377,60,214,415,248,69,305,147,162,375,245,405,131,256
441,401,178,88,464,110,418,146,170,192,433,495,818,305,245,256,334,827,485,64,243,500,263,170,282,120,299,190,216,575,731,1272,255,452,100,492,381,73,238,494,311,93,360,175,375,198,303,449,162,320
311,280,125,49,345,76,307,109,103,135,268,366,572,201,141,159,235,522,296,40,167,320,204,120,201,86,217,167,147,360,452,815,153,288,77,332,292,47,168,333,212,58,231,121,245,303,103,349,117,213
522,447,202,90,535,102,469,156,153,192,427,557,949,357,275,323,369,899,519,62,286,505,339,226,351,139,363,246,255,607,724,1330,259,473,127,559,481,85,259,539,357,103,376,205,405,449,349,240,166,334
166,163,73,32,182,37,162,48,47,82,147,217,318,126,75,105,122,325,171,24,100,173,111,70,104,50,124,68,94,219,241,503,95,159,34,207,182,43,86,189,125,36,136,57,131,162,117,166,28,125
361,327,130,77,334,95,324,119,112,162,293,367,601,204,182,210,265,590,312,32,198,363,228,130,200,96,228,155,194,465,507,934,196,306,73,342,315,63,178,354,206,58,263,131,256,320,213,334,125,110
