265,433,200,92,492,122,472,168,146,268,480,547,822,409,335,332,369,796,549,82,286,554,304,192,386,146,358,263,294,584,726,1180,254,455,126,509,489,83,224,478,300,125,382,185,455,453,350,495,161,354
433,186,162,64,444,81,421,137,141,169,361,489,795,286,223,243,294,727,425,41,237,457,260,181,277,83,271,186,222,546,643,1188,247,438,88,478,387,69,193,487,295,102,325,159,359,404,281,457,180,287
200,162,27,32,194,45,201,47,60,88,179,228,381,129,96,91,133,366,177,20,107,184,121,79,128,50,131,78,88,227,317,569,120,150,53,205,175,40,100,212,134,38,135,73,161,166,120,200,80,124
92,64,32,6,84,14,68,29,30,45,72,64,147,47,57,45,58,140,94,12,41,72,61,27,57,17,54,43,49,110,118,223,49,70,13,87,85,16,38,79,54,12,61,31,62,92,50,85,48,66
492,444,194,84,243,112,509,142,168,215,426,556,917,309,286,315,366,916,513,56,288,471,298,195,340,125,370,221,269,618,742,1401,264,475,112,508,456,74,254,528,296,92,409,199,405,456,332,530,185,375
122,81,45,14,112,10,106,34,49,47,84,107,189,57,63,55,81,189,105,16,69,92,62,33,72,29,82,62,62,127,158,312,59,98,18,127,92,27,58,101,66,20,79,44,76,110,62,100,45,81
472,421,201,68,509,106,254,154,169,204,393,531,887,329,270,260,347,890,504,56,260,536,280,183,312,115,316,230,216,605,716,1340,267,416,98,528,447,75,237,492,313,83,335,193,379,450,302,459,195,310
168,137,47,29,142,34,154,29,46,54,117,180,293,116,96,94,118,279,147,28,81,155,91,65,89,38,102,78,66,188,247,455,90,154,38,139,156,22,73,148,90,26,135,64,123,155,101,185,54,96
146,141,60,30,168,49,169,46,19,60,134,187,303,109,92,77,118,309,169,16,73,167,93,65,109,40,103,69,80,201,240,477,91,141,42,163,166,21,91,172,120,29,125,60,123,166,102,191,75,97
268,169,88,45,215,47,204,54,60,35,151,233,364,138,101,125,165,356,232,20,117,216,120,81,133,47,142,112,105,271,349,542,85,185,44,237,187,32,96,216,145,43,165,83,178,208,118,235,68,161
480,361,179,72,426,84,393,117,134,151,174,501,735,279,257,283,333,689,422,32,234,427,261,165,283,99,292,257,214,521,636,1161,207,410,101,482,390,70,197,439,300,87,311,172,360,413,262,454,142,294
547,489,228,64,556,107,531,180,187,233,501,315,976,339,285,305,405,1005,593,57,302,579,323,229,342,155,376,271,275,651,843,1531,305,445,143,595,493,87,285,627,367,123,437,214,439,497,356,565,190,379
822,795,381,147,917,189,887,293,303,364,735,976,794,601,446,488,650,1476,929,120,508,946,555,385,577,262,607,455,467,1106,1333,2417,477,841,193,977,840,167,456,939,577,182,666,328,740,818,593,913,326,612
409,286,129,47,309,57,329,116,109,138,279,339,601,115,201,176,231,604,312,34,199,351,181,138,217,68,217,156,163,431,495,921,180,330,68,330,297,55,158,337,213,76,264,130,284,289,196,346,144,210
335,223,96,57,286,63,270,96,92,101,257,285,446,201,67,137,199,453,310,30,133,299,163,132,170,64,199,146,145,320,409,717,123,261,58,261,235,44,126,298,170,58,210,110,234,257,170,294,71,202
332,243,91,45,315,55,260,94,77,125,283,305,488,176,137,82,192,467,314,32,166,297,164,134,174,73,198,145,139,340,455,785,136,264,58,286,267,50,146,335,204,55,223,103,258,256,184,324,91,210
369,294,133,58,366,81,347,118,118,165,333,405,650,231,199,192,115,614,335,47,189,374,203,149,265,90,252,191,154,434,504,998,196,369,77,342,327,64,169,402,247,61,262,114,291,339,259,373,133,228
796,727,366,140,916,189,890,279,309,356,689,1005,1476,604,453,467,614,814,870,104,497,907,522,367,531,257,611,442,446,1065,1312,2355,475,843,209,927,789,169,423,922,584,187,656,336,723,840,563,962,304,592
549,425,177,94,513,105,504,147,169,232,422,593,929,312,310,314,335,870,254,73,283,505,295,187,344,124,332,269,248,618,731,1445,270,459,116,565,468,73,251,517,347,102,384,199,422,456,344,513,212,335
82,41,20,12,56,16,56,28,16,20,32,57,120,34,30,32,47,104,73,4,31,69,32,23,47,13,32,28,32,84,86,186,35,75,15,62,61,11,36,61,37,19,48,25,54,49,42,71,23,43
286,237,107,41,288,69,260,81,73,117,234,302,508,199,133,166,189,497,283,31,68,289,158,121,174,64,184,119,123,338,443,820,167,258,63,300,280,42,133,342,182,42,224,112,229,241,176,295,119,178
554,457,184,72,471,92,536,155,167,216,427,579,946,351,299,297,374,907,505,69,289,276,278,208,379,129,347,229,252,647,776,1411,256,464,119,616,459,73,242,523,327,96,391,199,404,494,347,525,199,334
304,260,121,61,298,62,280,91,93,120,261,323,555,181,163,164,203,522,295,32,158,278,91,134,206,73,187,152,155,351,461,846,155,319,63,281,281,57,152,356,201,55,264,100,232,299,194,314,98,179
192,181,79,27,195,33,183,65,65,81,165,229,385,138,132,134,149,367,187,23,121,208,134,44,148,51,136,89,108,258,320,536,105,191,43,231,183,31,89,232,113,46,154,69,156,174,129,182,87,133
386,277,128,57,340,72,312,89,109,133,283,342,577,217,170,174,265,531,344,47,174,379,206,148,101,86,204,141,187,384,503,901,169,339,63,360,300,66,171,356,210,79,260,114,246,338,210,321,111,245
146,83,50,17,125,29,115,38,40,47,99,155,262,68,64,73,90,257,124,13,64,129,73,51,86,22,76,40,72,181,198,367,73,101,34,128,115,25,67,115,71,35,103,45,111,136,80,144,55,72
358,271,131,54,370,82,316,102,103,142,292,376,607,217,199,198,252,611,332,32,184,347,187,136,204,76,120,138,176,439,493,996,194,319,83,370,318,60,178,363,208,89,283,94,254,313,213,333,119,243
263,186,78,43,221,62,230,78,69,112,257,271,455,156,146,145,191,442,269,28,119,229,152,89,141,40,138,57,98,289,374,711,119,235,37,237,230,26,109,266,139,51,161,94,189,220,150,259,85,175
294,222,88,49,269,62,216,66,80,105,214,275,467,163,145,139,154,446,248,32,123,252,155,108,187,72,176,98,61,343,371,731,146,257,59,245,229,28,102,284,177,49,202,87,209,226,157,255,101,170
584,546,227,110,618,127,605,188,201,271,521,651,1106,431,320,340,434,1065,618,84,338,647,351,258,384,181,439,289,343,395,951,1739,350,559,153,644,607,103,313,646,378,126,465,242,549,551,391,617,239,441
726,643,317,118,742,158,716,247,240,349,636,843,1333,495,409,455,504,1312,731,86,443,776,461,320,503,198,493,374,371,951,576,2053,408,675,188,853,682,146,409,826,517,153,551,268,620,707,499,776,262,479
1180,1188,569,223,1401,312,1340,455,477,542,1161,1531,2417,921,717,785,998,2355,1445,186,820,1411,846,536,901,367,996,711,731,1739,2053,1730,693,1268,314,1521,1282,253,741,1506,933,305,1021,527,1090,1268,898,1431,472,944
254,247,120,49,264,59,267,90,91,85,207,305,477,180,123,136,196,475,270,35,167,256,155,105,169,73,194,119,146,350,408,693,78,244,64,290,237,55,147,263,165,57,216,98,213,264,167,269,83,168
455,438,150,70,475,98,416,154,141,185,410,445,841,330,261,264,369,843,459,75,258,464,319,191,339,101,319,235,257,559,675,1268,244,221,108,506,418,83,241,499,287,90,350,184,381,471,318,506,192,294
126,88,53,13,112,18,98,38,42,44,101,143,193,68,58,58,77,209,116,15,63,119,63,43,63,34,83,37,59,153,188,314,64,108,16,111,108,13,57,112,88,30,79,42,95,97,60,103,44,85
509,478,205,87,508,127,528,139,163,237,482,595,977,330,261,286,342,927,565,62,300,616,281,231,360,128,370,237,245,644,853,1521,290,506,111,267,501,92,241,612,348,138,402,193,435,518,340,591,178,336
489,387,175,85,456,92,447,156,166,187,390,493,840,297,235,267,327,789,468,61,280,459,281,183,300,115,318,230,229,607,682,1282,237,418,108,501,202,74,235,472,315,83,377,179,366,438,284,472,178,328
83,69,40,16,74,27,75,22,21,32,70,87,167,55,44,50,64,169,73,11,42,73,57,31,66,25,60,26,28,103,146,253,55,83,13,92,74,5,34,85,62,18,69,34,68,71,58,93,26,58
224,193,100,38,254,58,237,73,91,96,197,285,456,158,126,146,169,423,251,36,133,242,152,89,171,67,178,109,102,313,409,741,147,241,57,241,235,34,53,256,163,56,201,102,194,231,165,272,88,170
478,487,212,79,528,101,492,148,172,216,439,627,939,337,298,335,402,922,517,61,342,523,356,232,356,115,363,266,284,646,826,1506,263,499,112,612,472,85,256,281,374,113,351,209,421,501,329,544,168,382
300,295,134,54,296,66,313,90,120,145,300,367,577,213,170,204,247,584,347,37,182,327,201,113,210,71,208,139,177,378,517,933,165,287,88,348,315,62,163,374,128,63,247,127,245,304,212,370,129,210
125,102,38,12,92,20,83,26,29,43,87,123,182,76,58,55,61,187,102,19,42,96,55,46,79,35,89,51,49,126,153,305,57,90,30,138,83,18,56,113,63,5,89,35,75,105,74,117,37,87
382,325,135,61,409,79,335,135,125,165,311,437,666,264,210,223,262,656,384,48,224,391,264,154,260,103,283,161,202,465,551,1021,216,350,79,402,377,69,201,351,247,89,132,131,312,354,242,381,135,267
185,159,73,31,199,44,193,64,60,83,172,214,328,130,110,103,114,336,199,25,112,199,100,69,114,45,94,94,87,242,268,527,98,184,42,193,179,34,102,209,127,35,131,38,153,165,116,179,80,113
455,359,161,62,405,76,379,123,123,178,360,439,740,284,234,258,291,723,422,54,229,404,232,156,246,111,254,189,209,549,620,1090,213,381,95,435,366,68,194,421,245,75,312,153,139,399,245,394,158,286
453,404,166,92,456,110,450,155,166,208,413,497,818,289,257,256,339,840,456,49,241,494,299,174,338,136,313,220,226,551,707,1268,264,471,97,518,438,71,231,501,304,105,354,165,399,211,294,505,173,328
350,281,120,50,332,62,302,101,102,118,262,356,593,196,170,184,259,563,344,42,176,347,194,129,210,80,213,150,157,391,499,898,167,318,60,340,284,58,165,329,212,74,242,116,245,294,109,303,125,244
495,457,200,85,530,100,459,185,191,235,454,565,913,346,294,324,373,962,513,71,295,525,314,182,321,144,333,259,255,617,776,1431,269,506,103,591,472,93,272,544,370,117,381,179,394,505,303,274,173,360
161,180,80,48,185,45,195,54,75,68,142,190,326,144,71,91,133,304,212,23,119,199,98,87,111,55,119,85,101,239,262,472,83,192,44,178,178,26,88,168,129,37,135,80,158,173,125,173,30,120
354,287,124,66,375,81,310,96,97,161,294,379,612,210,202,210,228,592,335,43,178,334,179,133,245,72,243,175,170,441,479,944,168,294,85,336,328,58,170,382,210,87,267,113,286,328,244,360,120,102
