262,409,196,88,523,98,487,200,177,268,420,521,798,397,305,337,352,818,490,78,285,504,330,186,346,128,343,272,310,623,720,1168,244,519,99,516,437,89,272,484,328,100,370,173,389,404,310,535,160,371
409,216,162,84,454,106,424,104,125,195,379,473,857,301,218,241,323,790,465,55,245,465,286,183,295,103,288,198,209,579,685,1242,230,400,110,438,404,65,206,455,322,83,347,179,355,381,262,438,170,298
196,162,44,35,200,43,208,64,58,82,176,207,362,121,98,112,137,339,205,26,117,226,106,77,119,46,117,98,101,238,328,550,108,181,43,187,185,32,108,227,142,41,167,62,168,183,104,236,71,138
88,84,35,8,105,18,89,30,31,33,90,90,147,49,42,59,62,139,98,9,59,99,57,33,76,27,63,40,43,110,146,217,50,83,21,89,82,12,47,100,57,20,68,37,87,85,52,111,31,75
523,454,200,105,251,114,467,140,177,185,408,562,921,341,248,282,367,934,496,62,297,494,292,192,336,118,350,238,281,616,777,1442,262,478,116,529,487,85,262,590,346,124,372,193,398,487,345,535,200,349
98,106,43,18,114,13,97,41,40,57,116,110,182,80,65,78,76,185,110,13,60,119,76,44,78,39,88,70,53,134,180,268,52,95,27,115,111,20,59,104,67,32,71,41,90,98,72,126,36,74
487,424,208,89,467,97,227,158,162,197,419,544,866,288,236,285,363,869,495,66,275,525,303,174,311,122,347,228,218,620,766,1351,249,431,117,490,448,77,239,516,334,111,392,183,367,450,299,490,178,326
200,104,64,30,140,41,158,22,44,56,112,173,295,85,77,86,121,281,153,17,83,151,87,53,88,32,93,59,78,194,235,465,97,145,32,168,130,25,66,152,97,35,112,53,107,150,95,150,52,106
177,125,58,31,177,40,162,44,36,67,178,159,289,107,77,96,129,300,191,23,93,183,104,69,85,48,122,67,71,209,279,436,87,154,24,166,152,21,79,162,101,40,117,72,119,148,104,182,60,126
268,195,82,33,185,57,197,56,67,35,176,235,373,121,111,119,156,367,221,23,124,237,144,86,128,61,145,90,96,269,335,578,106,189,45,233,204,28,97,221,148,36,140,79,174,206,132,230,70,143
420,379,176,90,408,116,419,112,178,176,189,439,774,277,239,269,318,746,432,51,226,471,298,171,286,131,308,214,225,536,649,1079,221,424,92,455,443,59,217,436,249,72,309,152,360,376,279,433,163,289
521,473,207,90,562,110,544,173,159,235,439,323,1037,380,276,291,409,1063,540,55,303,561,340,224,352,142,373,235,277,747,808,1617,327,485,123,610,516,101,293,611,364,115,435,194,433,546,329,565,192,358
798,857,362,147,921,182,866,295,289,373,774,1037,814,561,429,509,672,1501,934,111,483,929,523,370,579,239,636,433,445,1166,1361,2493,504,830,217,991,830,163,463,979,639,213,671,335,721,835,557,935,331,599
397,301,121,49,341,80,288,85,107,121,277,380,561,91,163,192,237,552,334,44,193,327,210,123,227,94,209,135,146,427,510,877,166,291,53,341,287,52,172,350,232,65,257,130,252,315,200,367,104,232
305,218,98,42,248,65,236,77,77,111,239,276,429,163,62,135,198,435,279,26,151,256,167,110,160,56,151,100,124,329,383,738,142,238,57,280,268,40,127,268,166,52,226,99,200,233,175,275,96,190
337,241,112,59,282,78,285,86,96,119,269,291,509,192,135,75,217,511,317,23,157,299,176,116,177,62,178,116,133,361,448,786,163,254,64,263,304,41,130,281,185,61,230,108,239,239,209,318,111,207
352,323,137,62,367,76,363,121,129,156,318,409,672,237,198,217,143,653,368,42,187,377,240,149,242,87,263,157,179,455,551,1002,189,312,78,363,333,68,174,390,247,78,284,129,269,327,208,383,130,244
818,790,339,139,934,185,869,281,300,367,746,1063,1501,552,435,511,653,826,908,105,489,946,529,348,556,210,595,459,438,1146,1306,2441,492,854,207,981,850,168,487,978,597,204,637,337,698,790,561,888,308,586
490,465,205,98,496,110,495,153,191,221,432,540,934,334,279,317,368,908,261,67,255,518,272,223,316,134,339,227,266,698,768,1478,293,457,117,549,518,94,271,530,359,108,382,180,407,439,316,524,187,342
78,55,26,9,62,13,66,17,23,23,51,55,111,44,26,23,42,105,67,2,37,62,38,21,47,11,36,24,31,72,90,178,29,70,7,78,59,9,31,73,41,8,55,18,33,65,31,69,23,39
285,245,117,59,297,60,275,83,93,124,226,303,483,193,151,157,187,489,255,37,70,277,182,108,188,68,181,143,136,354,415,801,157,250,59,270,271,39,125,301,181,53,226,100,251,252,185,313,106,216
504,465,226,99,494,119,525,151,183,237,471,561,929,327,256,299,377,946,518,62,277,252,290,221,342,133,355,236,240,691,745,1431,282,481,105,564,493,72,255,564,375,101,400,179,389,449,306,504,198,362
330,286,106,57,292,76,303,87,104,144,298,340,523,210,167,176,240,529,272,38,182,290,81,140,216,76,200,155,153,387,467,777,164,259,71,318,289,40,123,331,193,51,207,113,239,258,194,316,106,235
186,183,77,33,192,44,174,53,69,86,171,224,370,123,110,116,149,348,223,21,108,221,140,45,143,45,149,102,81,239,316,522,109,194,34,223,196,37,103,202,124,31,168,77,165,202,123,187,73,140
346,295,119,76,336,78,311,88,85,128,286,352,579,227,160,177,242,556,316,47,188,342,216,143,127,82,244,152,169,419,503,879,184,330,75,367,350,48,138,353,206,68,238,126,250,305,206,336,136,225
128,103,46,27,118,39,122,32,48,61,131,142,239,94,56,62,87,210,134,11,68,133,76,45,82,19,86,36,65,133,202,341,70,144,21,129,149,20,48,138,78,17,91,37,94,142,77,149,54,89
343,288,117,63,350,88,347,93,122,145,308,373,636,209,151,178,263,595,339,36,181,355,200,149,244,86,107,135,159,422,524,903,190,344,73,355,355,48,154,340,234,53,257,139,279,322,206,349,135,235
272,198,98,40,238,70,228,59,67,90,214,235,433,135,100,116,157,459,227,24,143,236,155,102,152,36,135,52,108,290,368,667,119,220,58,233,214,38,129,254,155,50,160,84,194,218,152,234,93,162
310,209,101,43,281,53,218,78,71,96,225,277,445,146,124,133,179,438,266,31,136,240,153,81,169,65,159,108,65,304,392,668,135,226,52,276,225,42,117,260,172,42,182,90,201,228,149,280,106,171
623,579,238,110,616,134,620,194,209,269,536,747,1166,427,329,361,455,1146,698,72,354,691,387,239,419,133,422,290,304,386,963,1828,371,584,152,642,597,128,304,709,422,124,479,204,507,614,403,634,219,426
720,685,328,146,777,180,766,235,279,335,649,808,1361,510,383,448,551,1306,768,90,415,745,467,316,503,202,524,368,392,963,550,2072,405,721,172,822,709,123,359,806,521,154,561,301,615,659,495,804,296,522
1168,1242,550,217,1442,268,1351,465,436,578,1079,1617,2493,877,738,786,1002,2441,1478,178,801,1431,777,522,879,341,903,667,668,1828,2072,1909,709,1331,311,1556,1291,228,673,1473,919,280,1008,560,1070,1296,887,1401,467,953
244,230,108,50,262,52,249,97,87,106,221,327,504,166,142,163,189,492,293,29,157,282,164,109,184,70,190,119,135,371,405,709,75,245,72,306,236,42,137,292,161,66,195,106,228,242,183,289,97,197
519,400,181,83,478,95,431,145,154,189,424,485,830,291,238,254,312,854,457,70,250,481,259,194,330,144,344,220,226,584,721,1331,245,211,103,467,449,79,239,495,298,88,365,166,374,451,274,510,188,297
99,110,43,21,116,27,117,32,24,45,92,123,217,53,57,64,78,207,117,7,59,105,71,34,75,21,73,58,52,152,172,311,72,103,10,121,101,14,57,109,77,21,103,34,76,104,75,117,36,73
516,438,187,89,529,115,490,168,166,233,455,610,991,341,280,263,363,981,549,78,270,564,318,223,367,129,355,233,276,642,822,1556,306,467,121,282,467,97,261,600,362,129,404,181,409,514,335,554,214,358
437,404,185,82,487,111,448,130,152,204,443,516,830,287,268,304,333,850,518,59,271,493,289,196,350,149,355,214,225,597,709,1291,236,449,101,467,225,78,245,521,314,104,370,174,405,441,286,527,167,315
89,65,32,12,85,20,77,25,21,28,59,101,163,52,40,41,68,168,94,9,39,72,40,37,48,20,48,38,42,128,123,228,42,79,14,97,78,6,34,97,59,15,73,35,65,73,45,80,25,66
272,206,108,47,262,59,239,66,79,97,217,293,463,172,127,130,174,487,271,31,125,255,123,103,138,48,154,129,117,304,359,673,137,239,57,261,245,34,60,273,161,46,204,78,191,243,145,245,94,168
484,455,227,100,590,104,516,152,162,221,436,611,979,350,268,281,390,978,530,73,301,564,331,202,353,138,340,254,260,709,806,1473,292,495,109,600,521,97,273,272,355,94,453,185,423,490,337,537,196,370
328,322,142,57,346,67,334,97,101,148,249,364,639,232,166,185,247,597,359,41,181,375,193,124,206,78,234,155,172,422,521,919,161,298,77,362,314,59,161,355,112,75,271,116,245,320,233,355,124,235
100,83,41,20,124,32,111,35,40,36,72,115,213,65,52,61,78,204,108,8,53,101,51,31,68,17,53,50,42,124,154,280,66,88,21,129,104,15,46,94,75,11,84,35,95,98,67,108,31,68
370,347,167,68,372,71,392,112,117,140,309,435,671,257,226,230,284,637,382,55,226,400,207,168,238,91,257,160,182,479,561,1008,195,365,103,404,370,73,204,453,271,84,144,132,271,344,242,398,139,237
173,179,62,37,193,41,183,53,72,79,152,194,335,130,99,108,129,337,180,18,100,179,113,77,126,37,139,84,90,204,301,560,106,166,34,181,174,35,78,185,116,35,132,36,143,175,126,189,70,130
389,355,168,87,398,90,367,107,119,174,360,433,721,252,200,239,269,698,407,33,251,389,239,165,250,94,279,194,201,507,615,1070,228,374,76,409,405,65,191,423,245,95,271,143,147,373,225,389,143,281
404,381,183,85,487,98,450,150,148,206,376,546,835,315,233,239,327,790,439,65,252,449,258,202,305,142,322,218,228,614,659,1296,242,451,104,514,441,73,243,490,320,98,344,175,373,178,320,475,173,299
310,262,104,52,345,72,299,95,104,132,279,329,557,200,175,209,208,561,316,31,185,306,194,123,206,77,206,152,149,403,495,887,183,274,75,335,286,45,145,337,233,67,242,126,225,320,110,321,103,221
535,438,236,111,535,126,490,150,182,230,433,565,935,367,275,318,383,888,524,69,313,504,316,187,336,149,349,234,280,634,804,1401,289,510,117,554,527,80,245,537,355,108,398,189,389,475,321,260,177,352
160,170,71,31,200,36,178,52,60,70,163,192,331,104,96,111,130,308,187,23,106,198,106,73,136,54,135,93,106,219,296,467,97,188,36,214,167,25,94,196,124,31,139,70,143,173,103,177,28,107
371,298,138,75,349,74,326,106,126,143,289,358,599,232,190,207,244,586,342,39,216,362,235,140,225,89,235,162,171,426,522,953,197,297,73,358,315,66,168,370,235,68,237,130,281,299,221,352,107,112
