275,475,214,107,538,106,453,161,174,232,427,539,817,351,334,361,338,827,475,55,299,488,342,194,345,149,379,287,306,608,695,1218,233,474,101,539,529,79,264,473,316,92,373,154,435,427,338,494,180,373
475,171,169,67,443,98,412,122,150,186,394,464,823,252,222,235,312,778,437,45,239,442,243,161,256,116,262,211,197,537,684,1237,231,376,102,439,410,69,219,434,289,89,330,167,320,413,277,477,170,298
214,169,36,34,185,41,179,64,71,91,171,254,377,121,91,106,129,380,205,35,115,200,105,92,109,56,140,84,93,241,298,558,106,198,47,189,176,29,100,202,121,37,167,91,148,178,112,195,103,152
107,67,34,4,88,12,72,27,28,38,77,84,142,63,54,52,65,129,83,13,44,68,55,32,73,28,69,38,41,107,119,206,41,88,24,94,77,16,44,86,53,15,58,31,78,79,54,87,26,51
538,443,185,88,266,116,500,154,184,203,420,514,954,348,261,285,361,924,496,63,289,489,283,204,316,132,336,235,273,642,768,1414,263,492,110,564,507,85,265,531,347,112,400,198,396,484,301,580,204,355
106,98,41,12,116,8,94,27,29,52,98,109,202,70,68,68,80,200,113,16,59,110,72,35,95,30,83,55,65,146,155,286,55,103,38,118,92,22,52,115,81,23,68,38,92,96,84,105,41,75
453,412,179,72,500,94,238,151,156,201,411,522,864,324,275,269,367,869,473,73,259,496,307,214,301,124,348,224,232,606,708,1308,266,454,109,556,445,99,260,541,350,104,363,182,396,482,334,518,173,313
161,122,64,27,154,27,151,21,45,75,129,163,279,110,91,94,105,257,159,15,61,170,90,54,94,23,84,84,82,204,226,424,75,150,31,143,139,23,55,186,94,32,119,61,126,162,105,186,61,102
174,150,71,28,184,29,156,45,31,65,143,168,266,112,73,83,128,315,171,22,80,163,95,59,112,42,101,82,75,186,233,437,86,177,29,172,146,23,72,163,116,39,119,60,150,156,106,186,53,106
232,186,91,38,203,52,201,75,65,37,154,256,363,109,122,122,148,354,213,27,133,202,149,89,147,51,148,103,91,251,299,543,103,195,46,220,190,35,96,203,135,40,157,55,160,180,136,194,69,147
427,394,171,77,420,98,411,129,143,154,188,501,757,224,229,240,301,755,415,50,249,417,267,173,287,117,296,216,191,527,661,1178,214,413,98,462,429,77,199,448,279,84,329,150,324,388,280,446,153,276
539,464,254,84,514,109,522,163,168,256,501,339,1085,382,323,359,412,1085,571,64,316,580,317,214,335,125,360,250,243,671,916,1630,330,476,138,594,527,104,304,629,387,120,428,207,430,514,333,577,187,422
817,823,377,142,954,202,864,279,266,363,757,1085,856,587,467,524,643,1471,940,133,494,927,530,355,586,188,587,434,457,1163,1276,2475,480,834,202,967,824,159,429,997,609,183,707,373,756,901,564,939,311,646
351,252,121,63,348,70,324,110,112,109,224,382,587,101,165,168,239,565,314,34,166,315,201,127,211,71,213,134,152,427,503,941,193,283,74,343,303,60,150,360,210,64,264,121,273,303,218,353,119,245
334,222,91,54,261,68,275,91,73,122,229,323,467,165,78,131,199,463,258,43,138,275,143,103,179,61,158,122,123,302,372,667,126,252,61,290,254,35,142,308,181,54,200,90,216,234,161,261,105,185
361,235,106,52,285,68,269,94,83,122,240,359,524,168,131,70,205,507,280,36,146,285,165,120,193,67,187,128,147,334,400,763,158,281,60,280,274,39,141,314,189,59,221,89,245,254,160,289,124,179
338,312,129,65,361,80,367,105,128,148,301,412,643,239,199,205,128,651,365,45,197,386,235,157,249,95,249,172,173,447,555,1024,211,336,88,392,345,63,169,408,261,75,276,128,314,338,228,382,137,221
827,778,380,129,924,200,869,257,315,354,755,1085,1471,565,463,507,651,774,934,134,473,903,530,360,592,212,606,431,439,1143,1289,2416,502,835,211,985,836,133,432,955,612,188,674,360,748,858,555,942,332,638
475,437,205,83,496,113,473,159,171,213,415,571,940,314,258,280,365,934,231,67,290,454,283,191,316,114,343,219,263,643,756,1374,271,492,130,586,475,87,241,543,321,109,365,186,421,493,285,521,201,372
55,45,35,13,63,16,73,15,22,27,50,64,133,34,43,36,45,134,67,3,37,79,25,22,41,13,42,31,26,80,110,174,37,63,14,64,62,10,32,78,46,14,55,24,46,68,37,77,26,43
299,239,115,44,289,59,259,61,80,133,249,316,494,166,138,146,197,473,290,37,69,296,177,128,168,58,165,119,132,328,417,795,158,273,59,272,271,43,129,296,176,51,208,110,219,289,180,290,112,170
488,442,200,68,489,110,496,170,163,202,417,580,927,315,275,285,386,903,454,79,296,247,291,198,335,110,320,234,253,654,773,1453,275,465,111,557,489,88,263,543,368,104,416,185,404,476,319,541,185,347
342,243,105,55,283,72,307,90,95,149,267,317,530,201,143,165,235,530,283,25,177,291,75,132,183,76,197,134,144,365,429,839,159,293,58,316,288,42,141,319,187,56,231,121,237,265,179,318,87,215
194,161,92,32,204,35,214,54,59,89,173,214,355,127,103,120,157,360,191,22,128,198,132,50,124,50,135,104,105,267,314,542,108,185,45,196,194,31,91,234,142,30,168,78,154,179,127,210,65,145
345,256,109,73,316,95,301,94,112,147,287,335,586,211,179,193,249,592,316,41,168,335,183,124,94,75,192,145,142,394,523,991,184,310,85,347,319,58,178,347,206,62,260,114,235,306,197,370,120,256
149,116,56,28,132,30,124,23,42,51,117,125,188,71,61,67,95,212,114,13,58,110,76,50,75,18,79,63,66,155,178,354,67,124,30,135,125,23,66,127,85,24,105,53,96,112,58,144,50,89
379,262,140,69,336,83,348,84,101,148,296,360,587,213,158,187,249,606,343,42,165,320,197,135,192,79,123,168,158,444,508,943,182,331,78,376,296,45,177,365,214,71,270,112,257,295,194,396,118,242
287,211,84,38,235,55,224,84,82,103,216,250,434,134,122,128,172,431,219,31,119,234,134,104,145,63,168,44,126,279,366,645,126,210,60,239,237,32,129,252,170,35,211,93,173,176,158,294,112,156
306,197,93,41,273,65,232,82,75,91,191,243,457,152,123,147,173,439,263,26,132,253,144,105,142,66,158,126,54,329,381,723,145,233,54,236,223,45,107,281,139,51,236,94,198,234,158,263,97,164
608,537,241,107,642,146,606,204,186,251,527,671,1163,427,302,334,447,1143,643,80,328,654,365,267,394,155,444,279,329,370,912,1823,354,572,150,671,589,111,309,692,418,119,476,227,498,579,371,700,252,443
695,684,298,119,768,155,708,226,233,299,661,916,1276,503,372,400,555,1289,756,110,417,773,429,314,523,178,508,366,381,912,553,2093,405,763,181,821,728,156,378,789,488,139,579,308,640,729,497,758,308,540
1218,1237,558,206,1414,286,1308,424,437,543,1178,1630,2475,941,667,763,1024,2416,1374,174,795,1453,839,542,991,354,943,645,723,1823,2093,1935,761,1293,325,1602,1318,241,705,1536,957,319,1042,546,1126,1263,875,1405,483,922
233,231,106,41,263,55,266,75,86,103,214,330,480,193,126,158,211,502,271,37,158,275,159,108,184,67,182,126,145,354,405,761,76,266,65,338,249,45,132,301,186,59,213,111,217,236,184,288,99,185
474,376,198,88,492,103,454,150,177,195,413,476,834,283,252,281,336,835,492,63,273,465,293,185,310,124,331,210,233,572,763,1293,266,208,93,489,435,65,271,542,350,108,332,184,380,428,328,460,171,314
101,102,47,24,110,38,109,31,29,46,98,138,202,74,61,60,88,211,130,14,59,111,58,45,85,30,78,60,54,150,181,325,65,93,17,141,101,16,46,111,66,14,99,50,80,99,75,114,40,86
539,439,189,94,564,118,556,143,172,220,462,594,967,343,290,280,392,985,586,64,272,557,316,196,347,135,376,239,236,671,821,1602,338,489,141,275,543,77,287,581,351,121,469,192,445,493,317,593,213,343
529,410,176,77,507,92,445,139,146,190,429,527,824,303,254,274,345,836,475,62,271,489,288,194,319,125,296,237,223,589,728,1318,249,435,101,543,224,79,215,514,332,79,373,168,378,419,308,523,164,305
79,69,29,16,85,22,99,23,23,35,77,104,159,60,35,39,63,133,87,10,43,88,42,31,58,23,45,32,45,111,156,241,45,65,16,77,79,8,37,84,50,18,70,31,59,79,45,84,31,58
264,219,100,44,265,52,260,55,72,96,199,304,429,150,142,141,169,432,241,32,129,263,141,91,178,66,177,129,107,309,378,705,132,271,46,287,215,37,52,293,154,53,179,89,218,246,165,265,104,186
473,434,202,86,531,115,541,186,163,203,448,629,997,360,308,314,408,955,543,78,296,543,319,234,347,127,365,252,281,692,789,1536,301,542,111,581,514,84,293,253,347,122,400,213,437,516,345,572,194,356
316,289,121,53,347,81,350,94,116,135,279,387,609,210,181,189,261,612,321,46,176,368,187,142,206,85,214,170,139,418,488,957,186,350,66,351,332,50,154,347,111,60,262,155,261,320,212,355,141,221
92,89,37,15,112,23,104,32,39,40,84,120,183,64,54,59,75,188,109,14,51,104,56,30,62,24,71,35,51,119,139,319,59,108,14,121,79,18,53,122,60,14,71,38,65,92,58,117,49,82
373,330,167,58,400,68,363,119,119,157,329,428,707,264,200,221,276,674,365,55,208,416,231,168,260,105,270,211,236,476,579,1042,213,332,99,469,373,70,179,400,262,71,135,149,344,367,242,380,142,279
154,167,91,31,198,38,182,61,60,55,150,207,373,121,90,89,128,360,186,24,110,185,121,78,114,53,112,93,94,227,308,546,111,184,50,192,168,31,89,213,155,38,149,29,139,154,115,214,73,127
435,320,148,78,396,92,396,126,150,160,324,430,756,273,216,245,314,748,421,46,219,404,237,154,235,96,257,173,198,498,640,1126,217,380,80,445,378,59,218,437,261,65,344,139,179,372,262,444,150,247
427,413,178,79,484,96,482,162,156,180,388,514,901,303,234,254,338,858,493,68,289,476,265,179,306,112,295,176,234,579,729,1263,236,428,99,493,419,79,246,516,320,92,367,154,372,245,270,489,177,304
338,277,112,54,301,84,334,105,106,136,280,333,564,218,161,160,228,555,285,37,180,319,179,127,197,58,194,158,158,371,497,875,184,328,75,317,308,45,165,345,212,58,242,115,262,270,96,337,119,208
494,477,195,87,580,105,518,186,186,194,446,577,939,353,261,289,382,942,521,77,290,541,318,210,370,144,396,294,263,700,758,1405,288,460,114,593,523,84,265,572,355,117,380,214,444,489,337,244,206,354
180,170,103,26,204,41,173,61,53,69,153,187,311,119,105,124,137,332,201,26,112,185,87,65,120,50,118,112,97,252,308,483,99,171,40,213,164,31,104,194,141,49,142,73,150,177,119,206,31,115
373,298,152,51,355,75,313,102,106,147,276,422,646,245,185,179,221,638,372,43,170,347,215,145,256,89,242,156,164,443,540,922,185,314,86,343,305,58,186,356,221,82,279,127,247,304,208,354,115,102
