279,444,201,93,525,127,457,184,153,250,440,484,814,376,323,357,375,834,533,69,322,514,348,213,385,165,381,273,296,609,682,1217,245,509,111,538,494,99,245,482,317,81,381,176,434,437,353,466,172,395
444,172,186,78,457,102,457,135,153,184,373,527,802,273,213,238,343,788,447,44,234,473,249,179,279,116,284,218,226,560,618,1229,239,397,115,472,404,67,205,450,289,102,354,157,346,405,272,459,164,287
201,186,41,39,204,53,214,62,58,95,172,213,395,133,98,114,131,391,182,16,92,190,100,82,107,45,132,80,90,242,347,590,112,197,41,188,197,31,95,215,131,35,139,69,162,204,114,219,81,129
93,78,39,6,70,16,83,29,21,39,81,99,151,61,49,54,67,144,83,6,51,94,53,43,63,23,67,45,42,121,139,236,58,64,17,100,82,11,39,89,46,28,62,29,77,75,43,86,31,54
525,457,204,70,261,104,487,153,140,211,437,565,897,368,278,288,382,898,522,64,272,532,283,211,340,133,348,219,258,651,776,1434,277,455,114,572,484,94,241,526,344,123,388,171,386,463,344,569,181,350
127,102,53,16,104,10,100,39,40,64,105,144,190,69,68,68,82,186,116,13,68,129,77,42,82,26,83,52,68,143,172,287,66,105,18,112,92,18,59,107,66,28,66,44,87,93,68,111,46,75
457,457,214,83,487,100,242,152,180,218,426,550,875,346,260,261,336,881,481,61,283,526,285,193,325,126,332,249,264,610,735,1359,272,479,110,517,439,79,247,533,306,102,344,171,391,467,316,494,177,354
184,135,62,29,153,39,152,20,37,55,126,168,242,97,77,86,105,270,157,22,84,170,91,60,106,37,81,58,72,173,204,398,63,174,26,145,143,25,62,166,93,28,121,65,124,125,93,169,55,101
153,153,58,21,140,40,180,37,29,79,149,203,285,107,71,88,116,305,148,9,88,147,88,65,101,47,108,65,74,201,227,476,82,161,32,177,169,21,79,191,92,48,126,44,118,149,103,188,66,106
250,184,95,39,211,64,218,55,79,44,175,203,355,151,110,117,146,369,216,30,113,233,135,78,114,47,134,106,110,247,297,557,111,201,48,196,205,33,94,214,134,56,157,87,179,188,126,241,73,147
440,373,172,81,437,105,426,126,149,175,194,435,727,298,254,253,319,786,466,47,227,451,273,185,286,117,311,217,240,537,632,1191,234,405,114,469,406,64,227,429,270,108,326,155,371,408,267,433,151,307
484,527,213,99,565,144,550,168,203,203,435,321,979,362,280,334,413,1074,573,49,291,549,326,236,375,145,365,283,295,677,878,1670,304,506,146,600,506,85,255,637,381,117,404,222,441,528,346,559,230,339
814,802,395,151,897,190,875,242,285,355,727,979,855,558,486,554,646,1487,929,99,528,905,558,322,581,213,605,436,442,1187,1345,2548,524,837,213,966,809,174,442,970,607,166,683,372,724,817,565,979,340,613
376,273,133,61,368,69,346,97,107,151,298,362,558,112,171,191,222,589,334,53,205,367,194,117,222,80,229,190,169,397,522,906,194,303,73,333,306,61,157,369,212,71,221,118,301,309,250,363,132,230
323,213,98,49,278,68,260,77,71,110,254,280,486,171,78,133,178,498,293,35,149,272,174,100,167,69,175,123,117,338,391,753,139,272,54,249,282,35,135,287,159,53,223,103,200,258,165,283,98,181
357,238,114,54,288,68,261,86,88,117,253,334,554,191,133,67,214,524,315,32,156,293,173,98,179,66,172,127,137,349,425,829,152,271,58,292,277,42,142,289,181,60,236,108,225,278,181,287,115,199
375,343,131,67,382,82,336,105,116,146,319,413,646,222,178,214,125,643,358,60,193,385,222,125,236,96,247,174,175,490,573,989,176,334,83,367,337,67,168,393,245,73,300,141,267,306,229,363,138,256
834,788,391,144,898,186,881,270,305,369,786,1074,1487,589,498,524,643,822,922,114,532,912,574,350,582,216,582,447,445,1187,1364,2559,523,858,216,989,843,156,456,971,561,173,716,352,716,844,553,988,354,598
533,447,182,83,522,116,481,157,148,216,466,573,929,334,293,315,358,922,248,63,294,472,322,202,368,122,330,248,255,645,745,1438,293,467,95,520,460,96,258,552,340,91,419,167,418,465,341,520,202,362
69,44,16,6,64,13,61,22,9,30,47,49,99,53,35,32,60,114,63,6,32,68,43,27,44,10,33,35,34,89,101,179,44,56,14,73,61,10,32,81,29,10,55,23,50,51,37,67,22,40
322,234,92,51,272,68,283,84,88,113,227,291,528,205,149,156,193,532,294,32,78,276,150,110,154,71,176,127,151,340,430,807,161,270,60,268,249,55,139,284,172,54,213,112,235,281,172,266,104,197
514,473,190,94,532,129,526,170,147,233,451,549,905,367,272,293,385,912,472,68,276,260,304,184,346,123,350,259,270,654,736,1449,285,491,102,564,457,96,258,535,337,109,393,202,414,486,350,544,177,379
348,249,100,53,283,77,285,91,88,135,273,326,558,194,174,173,222,574,322,43,150,304,89,109,197,77,191,165,146,353,481,836,183,290,72,308,307,46,144,297,202,54,238,114,251,289,188,301,105,213
213,179,82,43,211,42,193,60,65,78,185,236,322,117,100,98,125,350,202,27,110,184,109,41,125,49,130,105,108,242,303,522,102,181,42,222,182,35,89,210,128,45,148,65,167,184,120,216,61,143
385,279,107,63,340,82,325,106,101,114,286,375,581,222,167,179,236,582,368,44,154,346,197,125,102,85,221,151,167,410,504,907,179,320,82,343,318,51,163,360,212,69,247,122,265,328,194,357,112,222
165,116,45,23,133,26,126,37,47,47,117,145,213,80,69,66,96,216,122,10,71,123,77,49,85,23,76,58,63,165,196,339,70,114,33,129,125,20,68,117,85,23,91,50,107,104,84,151,53,95
381,284,132,67,348,83,332,81,108,134,311,365,605,229,175,172,247,582,330,33,176,350,191,130,221,76,103,168,155,414,489,966,174,292,84,341,340,56,178,355,205,73,247,122,287,319,212,385,134,259
273,218,80,45,219,52,249,58,65,106,217,283,436,190,123,127,174,447,248,35,127,259,165,105,151,58,168,46,111,264,346,684,135,215,57,259,220,47,111,237,141,55,182,95,189,205,137,230,93,166
296,226,90,42,258,68,264,72,74,110,240,295,442,169,117,137,175,445,255,34,151,270,146,108,167,63,155,111,67,341,395,708,119,220,50,258,249,40,108,278,174,58,185,79,204,222,135,254,88,162
609,560,242,121,651,143,610,173,201,247,537,677,1187,397,338,349,490,1187,645,89,340,654,353,242,410,165,414,264,341,418,1021,1839,376,558,149,680,592,100,330,686,402,121,487,247,510,608,386,685,251,435
682,618,347,139,776,172,735,204,227,297,632,878,1345,522,391,425,573,1364,745,101,430,736,481,303,504,196,489,346,395,1021,528,2114,425,725,172,815,678,131,384,793,519,147,607,285,618,682,514,814,275,500
1217,1229,590,236,1434,287,1359,398,476,557,1191,1670,2548,906,753,829,989,2559,1438,179,807,1449,836,522,907,339,966,684,708,1839,2114,1989,745,1370,338,1567,1264,268,743,1451,928,269,1071,540,1144,1260,908,1519,504,924
245,239,112,58,277,66,272,63,82,111,234,304,524,194,139,152,176,523,293,44,161,285,183,102,179,70,174,135,119,376,425,745,90,259,58,295,246,35,125,295,187,44,239,102,217,248,156,295,100,182
509,397,197,64,455,105,479,174,161,201,405,506,837,303,272,271,334,858,467,56,270,491,290,181,320,114,292,215,220,558,725,1370,259,216,107,502,424,78,241,488,313,93,334,182,365,447,292,526,175,324
111,115,41,17,114,18,110,26,32,48,114,146,213,73,54,58,83,216,95,14,60,102,72,42,82,33,84,57,50,149,172,338,58,107,12,115,114,21,56,118,85,19,89,41,92,102,71,133,48,74
538,472,188,100,572,112,517,145,177,196,469,600,966,333,249,292,367,989,520,73,268,564,308,222,343,129,341,259,258,680,815,1567,295,502,115,273,525,88,260,600,339,82,408,218,429,495,342,576,214,361
494,404,197,82,484,92,439,143,169,205,406,506,809,306,282,277,337,843,460,61,249,457,307,182,318,125,340,220,249,592,678,1264,246,424,114,525,218,71,250,497,319,96,361,161,410,433,317,500,160,313
99,67,31,11,94,18,79,25,21,33,64,85,174,61,35,42,67,156,96,10,55,96,46,35,51,20,56,47,40,100,131,268,35,78,21,88,71,7,43,92,55,17,72,38,67,73,35,99,37,56
245,205,95,39,241,59,247,62,79,94,227,255,442,157,135,142,168,456,258,32,139,258,144,89,163,68,178,111,108,330,384,743,125,241,56,260,250,43,45,259,148,53,196,94,192,225,161,264,89,164
482,450,215,89,526,107,533,166,191,214,429,637,970,369,287,289,393,971,552,81,284,535,297,210,360,117,355,237,278,686,793,1451,295,488,118,600,497,92,259,271,339,110,416,207,417,485,354,553,180,355
317,289,131,46,344,66,306,93,92,134,270,381,607,212,159,181,245,561,340,29,172,337,202,128,212,85,205,141,174,402,519,928,187,313,85,339,319,55,148,339,124,66,234,118,253,305,208,317,114,209
81,102,35,28,123,28,102,28,48,56,108,117,166,71,53,60,73,173,91,10,54,109,54,45,69,23,73,55,58,121,147,269,44,93,19,82,96,17,53,110,66,5,73,31,89,82,62,123,44,57
381,354,139,62,388,66,344,121,126,157,326,404,683,221,223,236,300,716,419,55,213,393,238,148,247,91,247,182,185,487,607,1071,239,334,89,408,361,72,196,416,234,73,163,153,296,337,250,386,141,266
176,157,69,29,171,44,171,65,44,87,155,222,372,118,103,108,141,352,167,23,112,202,114,65,122,50,122,95,79,247,285,540,102,182,41,218,161,38,94,207,118,31,153,36,148,178,124,211,76,110
434,346,162,77,386,87,391,124,118,179,371,441,724,301,200,225,267,716,418,50,235,414,251,167,265,107,287,189,204,510,618,1144,217,365,92,429,410,67,192,417,253,89,296,148,187,397,264,403,160,261
437,405,204,75,463,93,467,125,149,188,408,528,817,309,258,278,306,844,465,51,281,486,289,184,328,104,319,205,222,608,682,1260,248,447,102,495,433,73,225,485,305,82,337,178,397,227,295,462,172,277
353,272,114,43,344,68,316,93,103,126,267,346,565,250,165,181,229,553,341,37,172,350,188,120,194,84,212,137,135,386,514,908,156,292,71,342,317,35,161,354,208,62,250,124,264,295,106,329,130,220
466,459,219,86,569,111,494,169,188,241,433,559,979,363,283,287,363,988,520,67,266,544,301,216,357,151,385,230,254,685,814,1519,295,526,133,576,500,99,264,553,317,123,386,211,403,462,329,269,196,353
172,164,81,31,181,46,177,55,66,73,151,230,340,132,98,115,138,354,202,22,104,177,105,61,112,53,134,93,88,251,275,504,100,175,48,214,160,37,89,180,114,44,141,76,160,172,130,196,27,114
395,287,129,54,350,75,354,101,106,147,307,339,613,230,181,199,256,598,362,40,197,379,213,143,222,95,259,166,162,435,500,924,182,324,74,361,313,56,164,355,209,57,266,110,261,277,220,353,114,124
