241,477,225,100,528,112,505,184,183,256,474,532,790,379,317,348,346,810,480,78,303,519,348,209,369,145,357,280,324,596,693,1155,255,539,100,489,524,82,245,487,311,102,347,171,446,423,338,477,163,371
477,197,180,78,433,88,415,124,130,186,378,500,801,274,213,250,304,806,422,53,232,431,267,161,253,111,290,197,219,549,639,1233,248,421,85,459,392,60,200,468,321,92,350,156,360,383,256,467,162,281
225,180,36,46,202,52,205,50,56,65,163,214,384,120,94,101,162,373,205,18,115,214,114,87,97,47,131,95,88,250,288,587,92,188,50,212,227,34,110,198,120,32,155,69,143,171,127,186,81,128
100,78,46,8,81,12,83,28,31,42,88,98,149,54,48,47,61,133,78,21,48,94,58,35,69,24,77,44,58,117,125,209,38,97,17,90,79,18,43,93,55,15,67,33,70,77,56,85,36,64
528,433,202,81,271,88,458,137,163,227,451,589,916,329,270,265,396,919,540,62,289,520,306,196,316,148,348,250,255,651,802,1430,286,445,127,551,479,63,252,547,310,103,395,195,422,476,313,519,212,382
112,88,52,12,88,7,95,30,43,44,90,132,191,71,59,65,90,170,108,16,69,136,67,49,83,34,80,55,71,136,173,273,58,90,24,140,106,28,51,109,80,25,85,47,90,101,71,110,36,81
505,415,205,83,458,95,237,150,169,193,406,501,852,303,249,273,380,825,495,66,284,550,292,180,348,121,351,240,263,621,723,1293,240,454,97,563,445,80,222,486,336,96,395,193,398,458,311,514,174,335
184,124,50,28,137,30,150,19,40,68,126,147,264,104,75,72,109,257,140,16,74,140,97,75,87,33,113,63,70,165,203,405,65,142,34,165,139,25,69,148,78,32,116,56,118,145,86,165,56,104
183,130,56,31,163,43,169,40,24,76,127,197,312,101,88,102,131,306,148,21,84,159,96,55,117,35,108,66,88,207,238,462,106,154,48,194,155,32,84,159,103,39,114,64,137,147,97,158,57,109
256,186,65,42,227,44,193,68,76,39,166,210,358,137,121,109,144,365,218,25,103,197,114,92,126,55,144,104,104,264,296,553,117,211,38,203,211,35,108,214,143,44,167,79,159,182,120,205,85,161
474,378,163,88,451,90,406,126,127,166,192,503,783,274,249,248,311,787,462,59,225,453,262,174,282,112,292,190,221,531,612,1143,233,443,94,441,414,69,222,458,293,84,323,176,352,367,278,434,162,298
532,500,214,98,589,132,501,147,197,210,503,317,980,372,275,336,420,1001,583,57,324,596,340,237,346,147,399,252,247,725,864,1560,329,523,130,627,553,84,270,637,393,126,411,218,407,530,401,567,220,378
790,801,384,149,916,191,852,264,312,358,783,980,821,569,454,511,647,1497,932,117,512,937,500,375,583,221,600,387,425,1186,1418,2454,474,833,200,977,832,147,440,1015,594,186,695,348,714,854,614,960,356,606
379,274,120,54,329,71,303,104,101,137,274,372,569,98,180,166,244,563,342,51,182,348,219,129,230,82,232,139,184,381,438,868,189,312,57,348,311,61,168,354,229,56,281,112,247,278,204,329,121,237
317,213,94,48,270,59,249,75,88,121,249,275,454,180,60,141,182,442,285,33,112,274,154,101,173,68,187,98,138,315,418,722,120,257,62,305,250,47,120,264,157,51,203,89,204,239,162,289,97,187
348,250,101,47,265,65,273,72,102,109,248,336,511,166,141,90,207,503,255,45,131,284,157,106,190,74,193,105,150,337,430,810,141,242,71,299,267,48,134,272,195,54,245,107,211,238,168,319,114,182
346,304,162,61,396,90,380,109,131,144,311,420,647,244,182,207,131,647,332,39,177,393,207,157,228,81,228,158,174,437,551,1010,184,371,91,375,335,65,200,417,245,77,288,133,317,343,230,383,116,247
810,806,373,133,919,170,825,257,306,365,787,1001,1497,563,442,503,647,802,917,118,521,937,516,353,570,218,621,401,491,1186,1373,2474,478,799,195,988,815,152,479,1005,620,197,685,354,728,825,557,943,317,631
480,422,205,78,540,108,495,140,148,218,462,583,932,342,285,255,332,917,263,68,275,496,295,209,327,124,346,232,261,645,773,1436,301,491,103,547,488,77,239,538,321,120,381,195,442,458,309,501,202,344
78,53,18,21,62,16,66,16,21,25,59,57,117,51,33,45,39,118,68,3,32,67,36,26,31,11,43,30,32,82,106,182,34,59,17,55,63,9,32,76,28,21,53,26,45,55,31,73,29,52
303,232,115,48,289,69,284,74,84,103,225,324,512,182,112,131,177,521,275,32,70,297,174,125,180,73,180,139,115,328,421,780,158,284,64,263,253,47,130,277,185,57,219,95,233,244,159,295,92,195
519,431,214,94,520,136,550,140,159,197,453,596,937,348,274,284,393,937,496,67,297,296,317,213,360,114,347,216,276,633,769,1387,277,530,105,590,536,83,254,538,299,107,392,215,479,494,311,532,216,332
348,267,114,58,306,67,292,97,96,114,262,340,500,219,154,157,207,516,295,36,174,317,101,128,182,85,215,127,166,341,416,843,152,304,61,324,303,54,133,300,196,58,237,112,237,285,185,319,128,202
209,161,87,35,196,49,180,75,55,92,174,237,375,129,101,106,157,353,209,26,125,213,128,29,137,51,144,99,101,237,283,586,108,195,38,227,172,29,101,189,136,44,152,68,145,177,120,222,67,117
369,253,97,69,316,83,348,87,117,126,282,346,583,230,173,190,228,570,327,31,180,360,182,137,102,85,209,136,165,399,513,973,177,301,80,359,290,59,149,333,215,70,250,120,253,321,181,347,134,226
145,111,47,24,148,34,121,33,35,55,112,147,221,82,68,74,81,218,124,11,73,114,85,51,85,19,68,64,62,162,194,392,68,134,35,130,136,26,51,135,78,33,80,41,101,136,70,131,54,82
357,290,131,77,348,80,351,113,108,144,292,399,600,232,187,193,228,621,346,43,180,347,215,144,209,68,93,153,144,412,504,1059,198,311,76,361,329,55,181,347,217,74,240,111,255,331,184,345,128,229
280,197,95,44,250,55,240,63,66,104,190,252,387,139,98,105,158,401,232,30,139,216,127,99,136,64,153,52,118,276,368,650,136,191,46,224,219,33,101,265,146,48,187,82,184,237,137,268,97,165
324,219,88,58,255,71,263,70,88,104,221,247,425,184,138,150,174,491,261,32,115,276,166,101,165,62,144,118,58,318,372,745,133,251,61,263,256,46,133,261,176,50,212,72,209,230,153,265,90,192
596,549,250,117,651,136,621,165,207,264,531,725,1186,381,315,337,437,1186,645,82,328,633,341,237,399,162,412,276,318,414,965,1875,363,574,143,662,546,106,290,709,451,143,471,237,477,620,338,694,234,426
693,639,288,125,802,173,723,203,238,296,612,864,1418,438,418,430,551,1373,773,106,421,769,416,283,513,194,504,368,372,965,568,2121,400,761,158,817,747,151,359,773,463,178,554,292,544,669,474,740,284,472
1155,1233,587,209,1430,273,1293,405,462,553,1143,1560,2454,868,722,810,1010,2474,1436,182,780,1387,843,586,973,392,1059,650,745,1875,2121,1930,763,1312,297,1585,1263,254,721,1465,910,311,1029,562,1150,1275,892,1426,483,975
255,248,92,38,286,58,240,65,106,117,233,329,474,189,120,141,184,478,301,34,158,277,152,108,177,68,198,136,133,363,400,763,62,256,42,292,249,43,113,273,193,62,197,113,204,246,172,268,89,195
539,421,188,97,445,90,454,142,154,211,443,523,833,312,257,242,371,799,491,59,284,530,304,195,301,134,311,191,251,574,761,1312,256,207,93,503,459,76,249,519,281,94,345,187,356,434,284,490,177,367
100,85,50,17,127,24,97,34,48,38,94,130,200,57,62,71,91,195,103,17,64,105,61,38,80,35,76,46,61,143,158,297,42,93,7,117,112,12,58,122,63,24,91,37,94,98,71,107,33,81
489,459,212,90,551,140,563,165,194,203,441,627,977,348,305,299,375,988,547,55,263,590,324,227,359,130,361,224,263,662,817,1585,292,503,117,295,532,82,272,562,361,115,398,226,459,483,335,529,173,364
524,392,227,79,479,106,445,139,155,211,414,553,832,311,250,267,335,815,488,63,253,536,303,172,290,136,329,219,256,546,747,1263,249,459,112,532,229,102,224,529,327,88,343,169,353,440,313,497,171,321
82,60,34,18,63,28,80,25,32,35,69,84,147,61,47,48,65,152,77,9,47,83,54,29,59,26,55,33,46,106,151,254,43,76,12,82,102,10,42,96,65,16,60,34,74,79,68,94,35,51
245,200,110,43,252,51,222,69,84,108,222,270,440,168,120,134,200,479,239,32,130,254,133,101,149,51,181,101,133,290,359,721,113,249,58,272,224,42,64,266,133,42,191,110,196,243,159,265,88,164
487,468,198,93,547,109,486,148,159,214,458,637,1015,354,264,272,417,1005,538,76,277,538,300,189,333,135,347,265,261,709,773,1465,273,519,122,562,529,96,266,264,361,108,396,198,408,487,338,566,194,354
311,321,120,55,310,80,336,78,103,143,293,393,594,229,157,195,245,620,321,28,185,299,196,136,215,78,217,146,176,451,463,910,193,281,63,361,327,65,133,361,107,72,278,143,269,313,201,355,125,229
102,92,32,15,103,25,96,32,39,44,84,126,186,56,51,54,77,197,120,21,57,107,58,44,70,33,74,48,50,143,178,311,62,94,24,115,88,16,42,108,72,17,81,32,83,88,63,112,37,75
347,350,155,67,395,85,395,116,114,167,323,411,695,281,203,245,288,685,381,53,219,392,237,152,250,80,240,187,212,471,554,1029,197,345,91,398,343,60,191,396,278,81,152,138,330,348,241,394,125,265
171,156,69,33,195,47,193,56,64,79,176,218,348,112,89,107,133,354,195,26,95,215,112,68,120,41,111,82,72,237,292,562,113,187,37,226,169,34,110,198,143,32,138,34,136,191,112,189,67,118
446,360,143,70,422,90,398,118,137,159,352,407,714,247,204,211,317,728,442,45,233,479,237,145,253,101,255,184,209,477,544,1150,204,356,94,459,353,74,196,408,269,83,330,136,162,352,231,415,151,274
423,383,171,77,476,101,458,145,147,182,367,530,854,278,239,238,343,825,458,55,244,494,285,177,321,136,331,237,230,620,669,1275,246,434,98,483,440,79,243,487,313,88,348,191,352,230,292,431,193,311
338,256,127,56,313,71,311,86,97,120,278,401,614,204,162,168,230,557,309,31,159,311,185,120,181,70,184,137,153,338,474,892,172,284,71,335,313,68,159,338,201,63,241,112,231,292,93,293,129,221
477,467,186,85,519,110,514,165,158,205,434,567,960,329,289,319,383,943,501,73,295,532,319,222,347,131,345,268,265,694,740,1426,268,490,107,529,497,94,265,566,355,112,394,189,415,431,293,280,183,341
163,162,81,36,212,36,174,56,57,85,162,220,356,121,97,114,116,317,202,29,92,216,128,67,134,54,128,97,90,234,284,483,89,177,33,173,171,35,88,194,125,37,125,67,151,193,129,183,30,124
371,281,128,64,382,81,335,104,109,161,298,378,606,237,187,182,247,631,344,52,195,332,202,117,226,82,229,165,192,426,472,975,195,367,81,364,321,51,164,354,229,75,265,118,274,311,221,341,124,114
