252,446,205,84,482,105,504,172,167,221,425,510,805,382,334,352,360,805,494,67,345,527,364,218,381,154,363,263,272,641,694,1204,245,496,104,487,512,93,261,494,307,100,387,187,421,435,341,481,171,356
446,181,173,86,441,97,424,135,150,186,395,421,790,285,232,231,311,810,417,64,239,446,270,166,295,117,310,184,227,559,714,1203,228,428,81,462,412,61,230,465,291,87,356,155,376,428,283,467,161,280
205,173,44,32,206,44,202,70,64,87,214,204,364,137,116,119,149,375,204,22,94,191,101,79,140,47,134,96,115,274,305,563,106,182,38,219,175,36,98,213,132,34,152,85,164,176,119,194,75,116
84,86,32,4,81,13,82,28,30,34,66,89,151,64,45,45,71,146,90,8,47,72,55,38,58,28,71,36,43,104,115,235,50,76,19,101,87,14,38,85,66,16,77,39,72,81,34,77,31,46
482,441,206,81,236,107,497,155,195,213,440,563,948,348,268,283,398,897,537,64,270,503,285,209,347,117,338,241,267,671,791,1418,250,429,103,566,477,103,252,523,328,104,389,198,390,482,331,522,187,332
105,97,44,13,107,14,114,32,31,47,85,137,184,72,61,62,79,188,104,15,67,104,72,44,76,36,82,47,53,124,183,278,60,112,25,126,114,12,57,117,91,28,73,39,104,113,64,112,34,66
504,424,202,82,497,114,235,150,161,210,422,522,886,312,260,263,329,829,449,67,273,465,327,195,329,135,342,216,274,630,745,1326,253,441,107,492,422,87,246,512,333,114,362,169,406,497,281,492,168,344
172,135,70,28,155,32,150,26,53,69,150,186,290,120,72,84,90,295,137,19,106,154,83,64,101,30,86,67,88,191,248,404,89,154,33,155,142,27,68,180,109,28,116,54,142,141,102,171,51,105
167,150,64,30,195,31,161,53,30,74,149,186,266,121,96,91,120,278,161,23,103,165,116,68,105,38,116,86,81,215,271,458,87,166,32,180,165,30,80,159,101,27,142,62,125,160,105,162,53,129
221,186,87,34,213,47,210,69,74,42,168,253,347,137,104,129,150,346,211,27,119,219,125,78,137,64,146,105,105,236,306,548,103,207,45,224,210,41,111,176,120,43,177,97,157,193,141,221,71,149
425,395,214,66,440,85,422,150,149,168,202,488,729,276,247,265,322,787,454,61,252,424,258,187,325,142,339,212,202,508,639,1153,232,400,87,458,416,75,237,413,266,83,338,171,356,379,276,433,149,301
510,421,204,89,563,137,522,186,186,253,488,300,983,348,293,321,408,1053,549,80,316,509,350,229,385,147,383,265,289,692,853,1506,292,525,126,622,515,80,280,572,382,123,423,213,453,504,395,572,197,382
805,790,364,151,948,184,886,290,266,347,729,983,859,590,486,555,617,1525,934,137,507,929,547,352,623,228,645,433,469,1178,1343,2410,485,834,218,957,891,147,465,980,607,203,650,364,745,802,581,908,346,554
382,285,137,64,348,72,312,120,121,137,276,348,590,105,164,193,247,591,332,42,166,316,197,118,209,88,201,153,166,442,473,941,180,313,79,308,298,56,180,339,222,63,254,124,228,309,208,330,115,211
334,232,116,45,268,61,260,72,96,104,247,293,486,164,73,147,187,453,276,30,147,260,158,107,188,57,163,136,149,345,408,750,137,276,66,273,252,38,129,282,184,58,203,116,227,258,167,278,107,187
352,231,119,45,283,62,263,84,91,129,265,321,555,193,147,79,217,555,290,41,152,295,168,107,197,59,163,137,147,356,434,864,156,257,67,298,267,41,148,297,221,62,229,119,243,274,177,293,116,184
360,311,149,71,398,79,329,90,120,150,322,408,617,247,187,217,152,658,340,46,222,375,221,133,223,97,253,154,191,485,537,966,203,355,91,360,317,64,177,378,251,79,263,117,287,347,234,353,129,268
805,810,375,146,897,188,829,295,278,346,787,1053,1525,591,453,555,658,811,935,141,523,900,496,351,592,217,641,414,473,1115,1274,2386,439,835,210,991,849,129,468,907,598,188,641,351,710,775,575,945,316,609
494,417,204,90,537,104,449,137,161,211,454,549,934,332,276,290,340,935,234,65,281,481,327,207,346,125,355,228,250,670,765,1376,274,493,98,522,482,79,252,533,323,86,368,196,442,489,349,503,171,336
67,64,22,8,64,15,67,19,23,27,61,80,137,42,30,41,46,141,65,2,31,69,32,26,35,7,36,25,42,73,89,172,35,48,13,74,61,10,30,66,34,12,45,20,44,55,30,67,24,38
345,239,94,47,270,67,273,106,103,119,252,316,507,166,147,152,222,523,281,31,65,255,173,108,175,64,166,114,145,337,388,773,173,252,66,307,271,45,139,280,177,69,231,100,208,272,158,293,112,170
527,446,191,72,503,104,465,154,165,219,424,509,929,316,260,295,375,900,481,69,255,262,325,198,331,136,344,213,250,693,768,1392,254,480,128,540,477,85,254,545,345,109,375,180,389,471,329,500,167,330
364,270,101,55,285,72,327,83,116,125,258,350,547,197,158,168,221,496,327,32,173,325,82,130,194,78,208,138,171,362,440,858,163,277,66,301,297,51,142,351,198,75,225,117,257,267,208,362,113,205
218,166,79,38,209,44,195,64,68,78,187,229,352,118,107,107,133,351,207,26,108,198,130,31,141,60,141,96,82,253,283,540,94,201,42,232,185,32,95,191,118,35,157,61,169,186,123,227,71,128
381,295,140,58,347,76,329,101,105,137,325,385,623,209,188,197,223,592,346,35,175,331,194,141,115,86,248,156,166,408,535,888,175,318,73,352,325,45,159,387,202,60,247,125,277,331,207,358,123,223
154,117,47,28,117,36,135,30,38,64,142,147,228,88,57,59,97,217,125,7,64,136,78,60,86,13,76,61,64,137,185,380,73,113,27,144,108,21,62,142,93,24,106,47,127,128,80,159,52,96
363,310,134,71,338,82,342,86,116,146,339,383,645,201,163,163,253,641,355,36,166,344,208,141,248,76,120,154,177,422,536,1002,218,311,58,365,324,52,163,374,230,64,249,121,293,304,213,351,121,229
263,184,96,36,241,47,216,67,86,105,212,265,433,153,136,137,154,414,228,25,114,213,138,96,156,61,154,45,128,295,382,630,123,186,48,245,222,30,107,266,160,57,183,90,195,217,148,258,88,162
272,227,115,43,267,53,274,88,81,105,202,289,469,166,149,147,191,473,250,42,145,250,171,82,166,64,177,128,63,312,367,693,129,256,57,264,241,41,122,261,165,59,224,68,197,230,165,278,101,164
641,559,274,104,671,124,630,191,215,236,508,692,1178,442,345,356,485,1115,670,73,337,693,362,253,408,137,422,295,312,362,935,1806,333,544,128,675,576,128,321,680,427,131,486,264,502,551,422,713,206,433
694,714,305,115,791,183,745,248,271,306,639,853,1343,473,408,434,537,1274,765,89,388,768,440,283,535,185,536,382,367,935,595,2087,422,709,189,797,713,126,370,818,507,170,528,302,613,701,497,752,270,493
1204,1203,563,235,1418,278,1326,404,458,548,1153,1506,2410,941,750,864,966,2386,1376,172,773,1392,858,540,888,380,1002,630,693,1806,2087,1868,699,1296,307,1572,1326,200,652,1459,880,260,1014,550,1121,1244,856,1384,504,946
245,228,106,50,250,60,253,89,87,103,232,292,485,180,137,156,203,439,274,35,173,254,163,94,175,73,218,123,129,333,422,699,82,249,61,302,252,52,140,294,154,59,193,123,207,238,169,288,109,173
496,428,182,76,429,112,441,154,166,207,400,525,834,313,276,257,355,835,493,48,252,480,277,201,318,113,311,186,256,544,709,1296,249,206,109,501,444,69,229,532,339,98,348,182,379,440,298,482,187,340
104,81,38,19,103,25,107,33,32,45,87,126,218,79,66,67,91,210,98,13,66,128,66,42,73,27,58,48,57,128,189,307,61,109,16,124,114,17,65,112,75,23,79,46,86,109,68,122,43,74
487,462,219,101,566,126,492,155,180,224,458,622,957,308,273,298,360,991,522,74,307,540,301,232,352,144,365,245,264,675,797,1572,302,501,124,273,488,82,264,592,345,106,411,211,407,502,345,535,204,338
512,412,175,87,477,114,422,142,165,210,416,515,891,298,252,267,317,849,482,61,271,477,297,185,325,108,324,222,241,576,713,1326,252,444,114,488,215,69,232,492,344,97,353,184,353,419,300,478,173,345
93,61,36,14,103,12,87,27,30,41,75,80,147,56,38,41,64,129,79,10,45,85,51,32,45,21,52,30,41,128,126,200,52,69,17,82,69,8,52,85,60,14,63,37,63,67,45,90,29,50
261,230,98,38,252,57,246,68,80,111,237,280,465,180,129,148,177,468,252,30,139,254,142,95,159,62,163,107,122,321,370,652,140,229,65,264,232,52,58,282,157,47,192,98,217,244,142,274,116,177
494,465,213,85,523,117,512,180,159,176,413,572,980,339,282,297,378,907,533,66,280,545,351,191,387,142,374,266,261,680,818,1459,294,532,112,592,492,85,282,276,343,110,414,185,405,491,365,577,187,347
307,291,132,66,328,91,333,109,101,120,266,382,607,222,184,221,251,598,323,34,177,345,198,118,202,93,230,160,165,427,507,880,154,339,75,345,344,60,157,343,114,66,276,101,245,278,212,352,118,190
100,87,34,16,104,28,114,28,27,43,83,123,203,63,58,62,79,188,86,12,69,109,75,35,60,24,64,57,59,131,170,260,59,98,23,106,97,14,47,110,66,10,74,32,102,92,62,98,33,78
387,356,152,77,389,73,362,116,142,177,338,423,650,254,203,229,263,641,368,45,231,375,225,157,247,106,249,183,224,486,528,1014,193,348,79,411,353,63,192,414,276,74,138,117,315,337,246,370,147,285
187,155,85,39,198,39,169,54,62,97,171,213,364,124,116,119,117,351,196,20,100,180,117,61,125,47,121,90,68,264,302,550,123,182,46,211,184,37,98,185,101,32,117,30,159,175,137,186,72,142
421,376,164,72,390,104,406,142,125,157,356,453,745,228,227,243,287,710,442,44,208,389,257,169,277,127,293,195,197,502,613,1121,207,379,86,407,353,63,217,405,245,102,315,159,175,376,259,447,145,274
435,428,176,81,482,113,497,141,160,193,379,504,802,309,258,274,347,775,489,55,272,471,267,186,331,128,304,217,230,551,701,1244,238,440,109,502,419,67,244,491,278,92,337,175,376,204,294,484,168,315
341,283,119,34,331,64,281,102,105,141,276,395,581,208,167,177,234,575,349,30,158,329,208,123,207,80,213,148,165,422,497,856,169,298,68,345,300,45,142,365,212,62,246,137,259,294,104,313,134,213
481,467,194,77,522,112,492,171,162,221,433,572,908,330,278,293,353,945,503,67,293,500,362,227,358,159,351,258,278,713,752,1384,288,482,122,535,478,90,274,577,352,98,370,186,447,484,313,287,184,367
171,161,75,31,187,34,168,51,53,71,149,197,346,115,107,116,129,316,171,24,112,167,113,71,123,52,121,88,101,206,270,504,109,187,43,204,173,29,116,187,118,33,147,72,145,168,134,184,40,118
356,280,116,46,332,66,344,105,129,149,301,382,554,211,187,184,268,609,336,38,170,330,205,128,223,96,229,162,164,433,493,946,173,340,74,338,345,50,177,347,190,78,285,142,274,315,213,367,118,126
