268,430,203,84,481,118,485,186,172,270,474,536,781,353,315,357,365,784,460,77,286,478,343,191,348,142,370,263,301,587,662,1200,252,482,108,470,465,74,254,449,335,110,383,201,414,450,317,500,167,400
430,162,167,71,486,92,412,133,160,187,355,514,781,301,247,243,321,802,437,53,252,443,255,166,279,117,288,195,235,545,662,1176,215,396,115,438,402,64,211,448,293,107,331,154,342,381,253,449,167,300
203,167,44,41,187,59,204,50,64,80,177,183,360,131,88,103,143,372,195,25,118,209,104,79,132,48,118,94,88,248,328,541,112,185,54,212,169,42,76,230,133,26,146,68,152,189,105,190,70,122
84,71,41,11,84,21,95,33,22,38,68,99,160,62,50,54,57,157,95,12,56,84,54,41,60,32,60,42,52,96,124,222,50,72,18,88,86,20,44,101,55,19,52,43,82,81,66,82,31,66
481,486,187,84,234,131,492,167,176,214,447,597,922,320,285,306,362,899,477,49,286,516,321,196,349,108,359,212,253,609,730,1469,260,474,110,508,512,73,272,524,352,107,392,205,442,466,307,523,177,353
118,92,59,21,131,8,89,43,44,48,89,123,218,77,58,64,75,206,123,18,74,98,62,45,74,37,78,39,58,136,166,299,61,109,21,112,96,22,50,109,83,30,76,44,95,99,80,107,46,89
485,412,204,95,492,89,218,165,151,192,389,553,856,315,279,296,352,847,499,70,274,501,297,190,317,148,344,237,243,626,688,1221,256,462,109,517,423,79,256,518,321,101,352,161,392,434,321,483,172,329
186,133,50,33,167,43,165,20,56,76,162,179,263,104,77,79,106,271,160,21,81,180,71,63,106,34,87,76,69,173,231,418,81,149,40,178,153,27,63,160,110,33,123,63,118,141,91,164,58,104
172,160,64,22,176,44,151,56,29,61,135,184,297,104,81,88,118,300,168,14,100,175,93,57,136,44,127,68,83,204,239,438,98,160,32,180,146,23,85,173,112,40,142,54,144,139,110,167,68,102
270,187,80,38,214,48,192,76,61,44,163,229,380,142,118,122,157,375,206,31,129,222,135,82,129,61,144,95,95,266,306,566,105,187,49,218,215,31,101,218,128,46,159,76,169,199,135,233,81,135
474,355,177,68,447,89,389,162,135,163,171,490,775,253,215,248,339,707,435,55,263,418,267,131,282,112,291,184,212,546,651,1096,215,393,108,445,392,66,226,417,262,87,329,154,366,400,256,442,147,289
536,514,183,99,597,123,553,179,184,229,490,307,996,385,300,326,399,980,571,80,282,557,346,245,385,134,395,256,267,697,812,1510,312,536,117,588,498,99,287,593,382,115,413,207,463,505,344,560,228,397
781,781,360,160,922,218,856,263,297,380,775,996,723,598,496,530,650,1384,912,105,515,884,550,329,595,267,621,428,425,1134,1322,2342,476,833,195,948,762,143,419,947,615,188,665,329,714,794,541,958,313,652
353,301,131,62,320,77,315,104,104,142,253,385,598,111,159,181,219,585,322,48,174,306,211,138,194,90,229,151,148,422,451,898,178,312,69,322,295,55,192,343,206,73,272,131,219,296,208,346,101,209
315,247,88,50,285,58,279,77,81,118,215,300,496,159,59,124,168,498,287,29,133,312,146,124,169,73,174,124,112,328,423,752,145,266,51,272,255,39,134,289,151,62,250,89,203,251,154,309,99,190
357,243,103,54,306,64,296,79,88,122,248,326,530,181,124,80,221,524,300,27,138,309,166,112,177,71,174,123,118,339,466,821,142,298,55,310,267,41,155,329,170,62,242,99,218,278,157,311,90,222
365,321,143,57,362,75,352,106,118,157,339,399,650,219,168,221,140,627,369,43,197,363,219,150,203,95,244,161,186,451,511,998,209,335,91,375,316,60,186,368,235,70,262,135,296,324,224,370,139,263
784,802,372,157,899,206,847,271,300,375,707,980,1384,585,498,524,627,726,887,117,488,858,526,343,578,227,586,449,454,1104,1308,2351,491,809,195,890,814,147,419,924,609,189,678,348,684,765,575,912,313,582
460,437,195,95,477,123,499,160,168,206,435,571,912,322,287,300,369,887,239,73,265,463,328,212,301,143,339,226,254,631,744,1358,256,458,102,543,500,85,262,517,347,105,390,184,410,453,269,570,196,343
77,53,25,12,49,18,70,21,14,31,55,80,105,48,29,27,43,117,73,4,25,65,30,29,33,14,38,26,28,73,88,193,42,69,21,65,64,11,29,65,43,13,41,22,48,58,36,49,23,39
286,252,118,56,286,74,274,81,100,129,263,282,515,174,133,138,197,488,265,25,57,247,172,115,189,59,171,152,118,324,429,796,148,268,67,276,268,39,147,305,184,52,224,101,197,257,169,291,107,173
478,443,209,84,516,98,501,180,175,222,418,557,884,306,312,309,363,858,463,65,247,239,318,214,295,156,359,233,258,611,715,1366,255,498,100,564,479,75,266,560,323,94,376,190,398,458,300,536,156,353
343,255,104,54,321,62,297,71,93,135,267,346,550,211,146,166,219,526,328,30,172,318,87,124,192,65,198,131,137,396,429,854,155,280,74,307,290,54,143,315,208,67,238,111,243,291,176,310,90,213
191,166,79,41,196,45,190,63,57,82,131,245,329,138,124,112,150,343,212,29,115,214,124,38,127,59,122,79,109,254,296,568,83,192,34,198,185,33,106,222,125,41,148,77,166,169,124,204,70,158
348,279,132,60,349,74,317,106,136,129,282,385,595,194,169,177,203,578,301,33,189,295,192,127,112,77,195,157,180,394,492,861,170,312,69,351,300,54,166,359,222,64,251,136,256,297,207,341,121,206
142,117,48,32,108,37,148,34,44,61,112,134,267,90,73,71,95,227,143,14,59,156,65,59,77,11,56,70,65,142,212,362,62,139,17,138,159,23,65,142,73,19,108,56,114,127,75,141,44,86
370,288,118,60,359,78,344,87,127,144,291,395,621,229,174,174,244,586,339,38,171,359,198,122,195,56,89,142,154,395,526,957,171,328,57,344,344,60,185,370,226,61,276,144,263,305,221,370,117,238
263,195,94,42,212,39,237,76,68,95,184,256,428,151,124,123,161,449,226,26,152,233,131,79,157,70,142,51,123,275,376,701,151,210,51,249,239,44,121,244,159,61,201,91,185,206,170,242,89,169
301,235,88,52,253,58,243,69,83,95,212,267,425,148,112,118,186,454,254,28,118,258,137,109,180,65,154,123,72,315,362,701,124,244,57,249,238,45,134,295,161,58,206,94,204,245,140,260,90,158
587,545,248,96,609,136,626,173,204,266,546,697,1134,422,328,339,451,1104,631,73,324,611,396,254,394,142,395,275,315,366,970,1779,345,558,133,682,593,87,310,707,435,137,489,235,509,621,369,660,232,425
662,662,328,124,730,166,688,231,239,306,651,812,1322,451,423,466,511,1308,744,88,429,715,429,296,492,212,526,376,362,970,568,2057,400,688,144,829,648,126,376,774,517,170,580,286,570,694,450,764,273,542
1200,1176,541,222,1469,299,1221,418,438,566,1096,1510,2342,898,752,821,998,2351,1358,193,796,1366,854,568,861,362,957,701,701,1779,2057,1875,729,1273,289,1517,1214,255,669,1457,953,291,998,521,1073,1247,899,1418,463,949
252,215,112,50,260,61,256,81,98,105,215,312,476,178,145,142,209,491,256,42,148,255,155,83,170,62,171,151,124,345,400,729,62,240,55,278,248,42,140,269,174,55,205,101,215,229,166,278,98,185
482,396,185,72,474,109,462,149,160,187,393,536,833,312,266,298,335,809,458,69,268,498,280,192,312,139,328,210,244,558,688,1273,240,199,104,518,442,100,272,510,326,96,354,186,377,410,284,480,170,303
108,115,54,18,110,21,109,40,32,49,108,117,195,69,51,55,91,195,102,21,67,100,74,34,69,17,57,51,57,133,144,289,55,104,10,120,105,22,49,109,87,26,94,41,85,107,65,107,40,88
470,438,212,88,508,112,517,178,180,218,445,588,948,322,272,310,375,890,543,65,276,564,307,198,351,138,344,249,249,682,829,1517,278,518,120,262,500,91,268,556,360,112,396,213,433,495,358,535,214,364
465,402,169,86,512,96,423,153,146,215,392,498,762,295,255,267,316,814,500,64,268,479,290,185,300,159,344,239,238,593,648,1214,248,442,105,500,187,80,225,478,299,91,376,194,365,421,302,458,164,345
74,64,42,20,73,22,79,27,23,31,66,99,143,55,39,41,60,147,85,11,39,75,54,33,54,23,60,44,45,87,126,255,42,100,22,91,80,3,42,86,59,13,67,13,65,81,56,75,32,61
254,211,76,44,272,50,256,63,85,101,226,287,419,192,134,155,186,419,262,29,147,266,143,106,166,65,185,121,134,310,376,669,140,272,49,268,225,42,48,275,170,52,179,102,212,233,160,271,89,169
449,448,230,101,524,109,518,160,173,218,417,593,947,343,289,329,368,924,517,65,305,560,315,222,359,142,370,244,295,707,774,1457,269,510,109,556,478,86,275,279,339,124,411,228,412,464,307,527,168,338
335,293,133,55,352,83,321,110,112,128,262,382,615,206,151,170,235,609,347,43,184,323,208,125,222,73,226,159,161,435,517,953,174,326,87,360,299,59,170,339,89,80,235,133,245,306,208,360,124,215
110,107,26,19,107,30,101,33,40,46,87,115,188,73,62,62,70,189,105,13,52,94,67,41,64,19,61,61,58,137,170,291,55,96,26,112,91,13,52,124,80,15,75,41,89,101,55,120,44,75
383,331,146,52,392,76,352,123,142,159,329,413,665,272,250,242,262,678,390,41,224,376,238,148,251,108,276,201,206,489,580,998,205,354,94,396,376,67,179,411,235,75,141,141,330,375,269,391,121,259
201,154,68,43,205,44,161,63,54,76,154,207,329,131,89,99,135,348,184,22,101,190,111,77,136,56,144,91,94,235,286,521,101,186,41,213,194,13,102,228,133,41,141,37,147,160,116,172,72,129
414,342,152,82,442,95,392,118,144,169,366,463,714,219,203,218,296,684,410,48,197,398,243,166,256,114,263,185,204,509,570,1073,215,377,85,433,365,65,212,412,245,89,330,147,163,338,247,418,130,286
450,381,189,81,466,99,434,141,139,199,400,505,794,296,251,278,324,765,453,58,257,458,291,169,297,127,305,206,245,621,694,1247,229,410,107,495,421,81,233,464,306,101,375,160,338,229,269,491,160,322
317,253,105,66,307,80,321,91,110,135,256,344,541,208,154,157,224,575,269,36,169,300,176,124,207,75,221,170,140,369,450,899,166,284,65,358,302,56,160,307,208,55,269,116,247,269,82,341,107,214
500,449,190,82,523,107,483,164,167,233,442,560,958,346,309,311,370,912,570,49,291,536,310,204,341,141,370,242,260,660,764,1418,278,480,107,535,458,75,271,527,360,120,391,172,418,491,341,235,204,386
167,167,70,31,177,46,172,58,68,81,147,228,313,101,99,90,139,313,196,23,107,156,90,70,121,44,117,89,90,232,273,463,98,170,40,214,164,32,89,168,124,44,121,72,130,160,107,204,26,137
400,300,122,66,353,89,329,104,102,135,289,397,652,209,190,222,263,582,343,39,173,353,213,158,206,86,238,169,158,425,542,949,185,303,88,364,345,61,169,338,215,75,259,129,286,322,214,386,137,123
