273,467,214,108,503,117,474,165,176,225,460,499,853,396,337,360,380,866,536,77,315,552,342,216,395,166,393,288,295,617,740,1178,261,516,120,540,487,72,257,459,302,108,349,170,442,420,325,503,179,349
467,177,188,83,436,97,419,125,152,200,379,493,801,269,211,216,335,834,462,50,230,428,258,171,304,117,266,189,247,522,660,1260,227,423,107,451,375,77,219,471,301,76,360,173,347,386,289,464,163,289
214,188,32,39,199,58,206,61,66,90,191,239,378,108,119,113,142,368,204,31,100,206,117,67,135,55,123,74,83,247,325,568,93,210,44,207,185,23,99,208,126,41,148,74,151,194,124,205,90,110
108,83,39,12,71,23,96,21,31,40,75,95,142,65,38,56,52,126,66,12,51,88,62,40,64,24,63,44,55,101,140,201,31,82,24,101,91,19,36,81,48,23,41,33,61,65,57,88,40,69
503,436,199,71,264,88,487,161,153,233,439,579,962,341,281,306,372,961,526,72,281,536,288,209,350,119,339,234,247,650,773,1417,309,488,119,550,489,92,246,575,313,87,410,183,412,460,342,510,179,336
117,97,58,23,88,9,98,26,38,41,86,128,181,89,55,81,80,188,108,16,75,116,86,48,85,31,87,50,68,138,166,285,42,94,29,132,108,25,59,109,68,32,78,42,83,100,75,128,34,81
474,419,206,96,487,98,219,155,154,190,432,525,816,335,237,272,371,867,491,68,268,473,276,213,321,126,344,215,265,596,722,1339,249,447,120,555,461,91,248,467,287,99,389,178,368,434,314,517,176,341
165,125,61,21,161,26,155,20,46,59,132,153,263,103,80,68,116,266,167,14,79,155,91,62,109,39,98,73,71,178,239,400,85,131,24,149,164,24,63,149,102,20,120,54,129,146,103,138,50,103
176,152,66,31,153,38,154,46,25,64,122,167,294,91,85,88,120,334,173,24,98,181,103,71,109,50,113,64,65,201,255,483,95,156,43,142,170,26,78,177,98,23,138,58,132,155,112,177,57,113
225,200,90,40,233,41,190,59,64,42,180,217,382,144,122,119,140,346,225,23,107,202,139,92,147,47,138,102,120,253,288,532,111,199,37,197,173,39,118,210,140,39,180,83,165,191,143,205,67,150
460,379,191,75,439,86,432,132,122,180,179,484,773,306,226,257,318,748,444,51,215,429,254,191,291,91,285,193,229,537,638,1123,209,400,85,431,399,74,236,427,307,95,331,150,332,400,274,436,138,297
499,493,239,95,579,128,525,153,167,217,484,317,1025,338,259,311,386,1033,542,71,304,586,344,215,344,147,377,253,238,741,826,1607,290,562,118,603,546,96,263,633,395,113,424,225,414,516,355,549,220,369
853,801,378,142,962,181,816,263,294,382,773,1025,839,548,450,518,653,1495,893,128,554,901,547,340,599,240,662,433,463,1169,1331,2517,482,833,205,1018,766,142,438,927,625,199,662,340,688,819,576,939,324,620
396,269,108,65,341,89,335,103,91,144,306,338,548,117,168,170,238,556,365,41,198,367,195,127,202,70,196,144,165,395,535,882,168,326,70,319,297,58,160,363,216,58,251,130,261,310,214,339,105,239
337,211,119,38,281,55,237,80,85,122,226,259,450,168,66,128,214,472,259,32,149,241,150,92,172,66,172,114,135,307,392,704,120,234,67,268,253,45,114,261,162,45,215,94,203,245,159,269,85,194
360,216,113,56,306,81,272,68,88,119,257,311,518,170,128,76,214,527,294,30,166,276,177,108,173,69,173,137,136,342,438,770,146,252,64,290,283,63,131,300,184,51,233,111,210,245,171,308,102,189
380,335,142,52,372,80,371,116,120,140,318,386,653,238,214,214,137,684,370,45,184,399,210,133,246,82,244,189,183,460,579,957,186,335,79,371,317,55,186,434,257,77,259,127,304,319,231,392,146,219
866,834,368,126,961,188,867,266,334,346,748,1033,1495,556,472,527,684,755,910,124,519,894,509,365,640,228,677,441,460,1190,1341,2536,521,804,188,1072,796,152,478,924,596,179,639,345,706,827,588,907,328,600
536,462,204,66,526,108,491,167,173,225,444,542,893,365,259,294,370,910,260,64,262,489,283,218,328,123,348,262,235,643,758,1357,269,454,127,512,467,94,280,560,334,95,397,192,398,448,338,517,209,363
77,50,31,12,72,16,68,14,24,23,51,71,128,41,32,30,45,124,64,2,32,72,36,19,50,7,35,24,34,90,110,181,39,60,18,71,79,4,40,86,44,8,58,19,58,58,40,61,24,29
315,230,100,51,281,75,268,79,98,107,215,304,554,198,149,166,184,519,262,32,57,292,156,101,170,67,179,133,136,334,432,784,148,251,44,293,275,48,132,301,184,51,221,105,228,245,153,275,112,182
552,428,206,88,536,116,473,155,181,202,429,586,901,367,241,276,399,894,489,72,292,268,314,209,366,120,328,257,249,640,764,1359,279,521,117,542,484,97,248,561,335,103,420,196,418,453,336,512,194,357
342,258,117,62,288,86,276,91,103,139,254,344,547,195,150,177,210,509,283,36,156,314,76,115,210,78,206,141,159,345,419,872,159,273,70,312,289,44,140,289,205,54,236,121,226,269,180,290,115,208
216,171,67,40,209,48,213,62,71,92,191,215,340,127,92,108,133,365,218,19,101,209,115,48,112,47,144,92,120,233,284,569,95,171,41,212,185,41,90,229,144,39,168,73,144,189,134,197,68,153
395,304,135,64,350,85,321,109,109,147,291,344,599,202,172,173,246,640,328,50,170,366,210,112,104,98,215,159,168,380,516,915,181,306,91,349,303,62,177,328,209,60,255,126,251,325,193,337,119,228
166,117,55,24,119,31,126,39,50,47,91,147,240,70,66,69,82,228,123,7,67,120,78,47,98,15,73,65,61,146,160,366,77,112,37,115,125,19,56,145,83,25,94,52,103,96,71,141,63,92
393,266,123,63,339,87,344,98,113,138,285,377,662,196,172,173,244,677,348,35,179,328,206,144,215,73,109,154,179,435,509,1005,192,330,89,345,329,54,172,374,222,64,281,130,275,313,211,368,129,248
288,189,74,44,234,50,215,73,64,102,193,253,433,144,114,137,189,441,262,24,133,257,141,92,159,65,154,53,118,292,349,666,131,214,52,237,202,31,113,247,160,46,202,81,198,238,137,279,86,175
295,247,83,55,247,68,265,71,65,120,229,238,463,165,135,136,183,460,235,34,136,249,159,120,168,61,179,118,68,318,359,702,156,227,65,257,232,53,127,283,170,41,179,82,227,255,160,254,101,180
617,522,247,101,650,138,596,178,201,253,537,741,1169,395,307,342,460,1190,643,90,334,640,345,233,380,146,435,292,318,390,930,1857,335,625,144,669,593,105,310,693,415,125,484,228,500,578,410,655,258,418
740,660,325,140,773,166,722,239,255,288,638,826,1331,535,392,438,579,1341,758,110,432,764,419,284,516,160,509,349,359,930,553,2112,407,725,185,817,702,125,388,779,481,151,559,283,583,700,475,748,272,518
1178,1260,568,201,1417,285,1339,400,483,532,1123,1607,2517,882,704,770,957,2536,1357,181,784,1359,872,569,915,366,1005,666,702,1857,2112,1959,737,1294,316,1565,1298,244,677,1479,913,272,998,524,1123,1309,900,1393,517,940
261,227,93,31,309,42,249,85,95,111,209,290,482,168,120,146,186,521,269,39,148,279,159,95,181,77,192,131,156,335,407,737,79,254,75,277,221,49,133,277,180,52,200,115,218,281,171,265,99,176
516,423,210,82,488,94,447,131,156,199,400,562,833,326,234,252,335,804,454,60,251,521,273,171,306,112,330,214,227,625,725,1294,254,248,108,517,416,82,227,480,269,86,354,174,378,415,312,468,172,324
120,107,44,24,119,29,120,24,43,37,85,118,205,70,67,64,79,188,127,18,44,117,70,41,91,37,89,52,65,144,185,316,75,108,12,133,97,21,51,138,72,24,85,54,99,117,84,119,40,89
540,451,207,101,550,132,555,149,142,197,431,603,1018,319,268,290,371,1072,512,71,293,542,312,212,349,115,345,237,257,669,817,1565,277,517,133,269,530,78,277,586,340,117,390,192,434,479,349,573,200,356
487,375,185,91,489,108,461,164,170,173,399,546,766,297,253,283,317,796,467,79,275,484,289,185,303,125,329,202,232,593,702,1298,221,416,97,530,222,87,227,492,304,105,354,181,364,397,291,504,180,333
72,77,23,19,92,25,91,24,26,39,74,96,142,58,45,63,55,152,94,4,48,97,44,41,62,19,54,31,53,105,125,244,49,82,21,78,87,6,47,91,49,27,53,41,69,89,58,95,32,68
257,219,99,36,246,59,248,63,78,118,236,263,438,160,114,131,186,478,280,40,132,248,140,90,177,56,172,113,127,310,388,677,133,227,51,277,227,47,65,270,162,47,204,87,192,220,174,280,84,164
459,471,208,81,575,109,467,149,177,210,427,633,927,363,261,300,434,924,560,86,301,561,289,229,328,145,374,247,283,693,779,1479,277,480,138,586,492,91,270,271,348,113,435,205,405,479,324,533,199,358
302,301,126,48,313,68,287,102,98,140,307,395,625,216,162,184,257,596,334,44,184,335,205,144,209,83,222,160,170,415,481,913,180,269,72,340,304,49,162,348,100,66,281,137,278,299,212,345,119,226
108,76,41,23,87,32,99,20,23,39,95,113,199,58,45,51,77,179,95,8,51,103,54,39,60,25,64,46,41,125,151,272,52,86,24,117,105,27,47,113,66,6,71,31,71,104,59,108,39,61
349,360,148,41,410,78,389,120,138,180,331,424,662,251,215,233,259,639,397,58,221,420,236,168,255,94,281,202,179,484,559,998,200,354,85,390,354,53,204,435,281,71,147,153,304,329,239,377,141,273
170,173,74,33,183,42,178,54,58,83,150,225,340,130,94,111,127,345,192,19,105,196,121,73,126,52,130,81,82,228,283,524,115,174,54,192,181,41,87,205,137,31,153,32,151,175,110,202,89,131
442,347,151,61,412,83,368,129,132,165,332,414,688,261,203,210,304,706,398,58,228,418,226,144,251,103,275,198,227,500,583,1123,218,378,99,434,364,69,192,405,278,71,304,151,172,403,246,445,129,294
420,386,194,65,460,100,434,146,155,191,400,516,819,310,245,245,319,827,448,58,245,453,269,189,325,96,313,238,255,578,700,1309,281,415,117,479,397,89,220,479,299,104,329,175,403,220,317,486,166,295
325,289,124,57,342,75,314,103,112,143,274,355,576,214,159,171,231,588,338,40,153,336,180,134,193,71,211,137,160,410,475,900,171,312,84,349,291,58,174,324,212,59,239,110,246,317,109,327,132,244
503,464,205,88,510,128,517,138,177,205,436,549,939,339,269,308,392,907,517,61,275,512,290,197,337,141,368,279,254,655,748,1393,265,468,119,573,504,95,280,533,345,108,377,202,445,486,327,274,170,367
179,163,90,40,179,34,176,50,57,67,138,220,324,105,85,102,146,328,209,24,112,194,115,68,119,63,129,86,101,258,272,517,99,172,40,200,180,32,84,199,119,39,141,89,129,166,132,170,31,137
349,289,110,69,336,81,341,103,113,150,297,369,620,239,194,189,219,600,363,29,182,357,208,153,228,92,248,175,180,418,518,940,176,324,89,356,333,68,164,358,226,61,273,131,294,295,244,367,137,117
