276,451,247,102,499,108,463,188,177,270,503,501,819,358,316,338,382,801,523,59,326,518,347,193,368,137,372,288,301,611,665,1103,230,470,90,502,466,65,266,494,314,116,391,180,435,406,352,466,174,372
451,196,175,83,428,108,409,126,134,196,374,491,803,314,228,250,307,811,449,70,232,462,252,167,267,84,266,200,248,543,646,1222,241,406,83,435,384,76,217,469,294,99,350,156,336,403,244,495,166,271
247,175,37,32,205,44,177,55,58,81,177,237,359,127,100,96,133,354,222,19,101,228,115,85,143,53,131,82,111,239,304,528,81,180,34,208,185,43,98,193,137,50,155,67,154,193,112,198,69,103
102,83,32,10,83,23,90,23,27,38,77,97,128,52,45,57,63,133,104,10,56,95,65,34,75,33,64,45,55,99,121,197,45,87,16,115,80,9,35,92,56,22,58,33,85,69,51,90,34,59
499,428,205,83,274,122,481,167,180,230,455,548,935,339,259,320,388,951,542,60,283,554,307,217,330,135,358,242,280,598,813,1405,299,483,97,523,458,82,262,568,338,90,383,192,422,475,338,515,183,331
108,108,44,23,122,14,107,36,32,59,107,121,199,83,65,68,86,216,114,14,76,113,79,46,73,26,91,56,69,137,148,266,51,123,18,133,111,16,57,123,73,23,80,45,91,85,73,107,40,84
463,409,177,90,481,107,240,137,150,210,427,572,840,313,276,299,364,864,506,69,294,500,288,178,332,140,349,231,253,587,699,1290,265,499,109,510,448,65,219,471,290,105,368,188,380,434,309,473,193,339
188,126,55,23,167,36,137,21,44,58,139,166,266,94,95,96,102,279,140,19,87,163,96,56,105,36,90,63,81,167,250,433,100,134,41,153,137,27,66,141,93,28,118,51,123,121,105,163,55,86
177,134,58,27,180,32,150,44,25,66,123,184,304,108,82,97,129,313,151,23,97,163,92,49,88,46,102,75,80,195,249,469,96,171,33,179,172,23,91,169,109,36,118,47,129,146,118,164,58,115
270,196,81,38,230,59,210,58,66,55,165,221,358,141,107,121,161,365,200,30,105,239,125,88,124,62,154,111,111,266,287,495,93,209,50,238,196,31,100,217,134,40,165,69,167,188,144,227,78,143
503,374,177,77,455,107,427,139,123,165,172,431,759,274,230,219,307,800,441,68,240,450,285,180,268,106,290,205,217,543,604,1125,218,410,106,461,386,63,217,466,276,91,319,145,369,344,273,432,152,297
501,491,237,97,548,121,572,166,184,221,431,304,988,358,295,328,403,992,582,64,323,605,321,240,388,145,390,269,268,699,821,1498,283,523,143,608,559,96,280,589,401,109,389,212,486,524,373,588,188,393
819,803,359,128,935,199,840,266,304,358,759,988,813,577,480,500,644,1395,918,111,532,916,560,371,634,220,613,415,467,1132,1459,2414,467,893,199,946,838,149,450,905,625,179,650,314,727,868,570,890,326,618
358,314,127,52,339,83,313,94,108,141,274,358,577,96,176,181,233,587,317,37,203,322,196,129,231,78,197,155,176,407,493,890,207,284,68,333,305,48,161,358,241,68,214,126,256,295,195,337,123,222
316,228,100,45,259,65,276,95,82,107,230,295,480,176,81,140,194,483,287,37,157,305,165,113,177,81,187,128,139,323,394,737,137,273,61,272,272,32,126,252,184,63,223,99,220,244,158,273,110,161
338,250,96,57,320,68,299,96,97,121,219,328,500,181,140,77,197,501,262,38,165,291,171,106,197,70,180,149,158,344,424,776,143,305,62,296,286,40,154,272,188,55,219,97,219,270,182,297,109,184
382,307,133,63,388,86,364,102,129,161,307,403,644,233,194,197,138,644,335,41,225,365,196,142,201,84,228,172,185,430,511,983,185,355,78,356,406,62,167,393,244,83,286,140,254,328,251,378,143,224
801,811,354,133,951,216,864,279,313,365,800,992,1395,587,483,501,644,767,916,109,542,875,602,353,612,241,660,400,484,1101,1332,2392,464,875,214,969,872,136,460,914,601,200,628,336,702,831,549,918,334,632
523,449,222,104,542,114,506,140,151,200,441,582,918,317,287,262,335,916,249,71,303,486,337,196,374,130,356,200,273,651,764,1395,301,481,119,529,499,97,273,497,328,120,399,179,426,450,360,552,205,301
59,70,19,10,60,14,69,19,23,30,68,64,111,37,37,38,41,109,71,3,38,61,39,33,41,15,47,27,26,82,92,163,33,52,17,46,51,9,33,63,35,12,49,23,51,57,32,66,18,49
326,232,101,56,283,76,294,87,97,105,240,323,532,203,157,165,225,542,303,38,74,266,172,114,181,69,165,115,151,377,448,809,152,290,71,300,260,40,126,294,182,67,236,99,211,236,182,318,126,197
518,462,228,95,554,113,500,163,163,239,450,605,916,322,305,291,365,875,486,61,266,256,292,206,356,134,342,246,279,642,754,1397,279,495,117,547,510,85,248,537,361,117,397,200,378,439,332,530,192,324
347,252,115,65,307,79,288,96,92,125,285,321,560,196,165,171,196,602,337,39,172,292,75,109,193,73,181,133,140,381,475,878,160,280,68,296,294,48,145,333,181,65,233,121,193,274,179,328,101,190
193,167,85,34,217,46,178,56,49,88,180,240,371,129,113,106,142,353,196,33,114,206,109,34,140,42,129,89,115,275,299,536,118,169,48,189,198,37,104,224,127,43,150,68,166,189,130,206,83,140
368,267,143,75,330,73,332,105,88,124,268,388,634,231,177,197,201,612,374,41,181,356,193,140,102,92,201,128,185,385,518,916,199,307,76,315,330,45,135,367,188,65,244,109,251,314,190,369,108,192
137,84,53,33,135,26,140,36,46,62,106,145,220,78,81,70,84,241,130,15,69,134,73,42,92,17,67,62,61,173,212,363,72,116,29,126,125,24,69,152,82,19,107,34,110,131,78,142,45,83
372,266,131,64,358,91,349,90,102,154,290,390,613,197,187,180,228,660,356,47,165,342,181,129,201,67,104,143,161,457,523,931,198,323,85,342,310,55,167,391,208,68,276,116,246,315,193,377,134,218
288,200,82,45,242,56,231,63,75,111,205,269,415,155,128,149,172,400,200,27,115,246,133,89,128,62,143,50,122,281,357,666,136,229,50,238,252,48,131,235,142,32,180,70,189,246,135,249,98,162
301,248,111,55,280,69,253,81,80,111,217,268,467,176,139,158,185,484,273,26,151,279,140,115,185,61,161,122,49,307,403,745,148,247,46,248,258,40,139,290,155,41,188,82,221,253,150,267,98,165
611,543,239,99,598,137,587,167,195,266,543,699,1132,407,323,344,430,1101,651,82,377,642,381,275,385,173,457,281,307,389,948,1723,329,588,150,660,557,96,341,651,422,130,464,243,481,632,374,661,218,431
665,646,304,121,813,148,699,250,249,287,604,821,1459,493,394,424,511,1332,764,92,448,754,475,299,518,212,523,357,403,948,603,2052,406,711,169,810,692,130,395,758,530,169,553,283,580,689,500,761,266,483
1103,1222,528,197,1405,266,1290,433,469,495,1125,1498,2414,890,737,776,983,2392,1395,163,809,1397,878,536,916,363,931,666,745,1723,2052,1894,713,1282,320,1501,1270,246,681,1441,932,291,1013,527,1104,1264,893,1427,509,935
230,241,81,45,299,51,265,100,96,93,218,283,467,207,137,143,185,464,301,33,152,279,160,118,199,72,198,136,148,329,406,713,61,254,66,287,254,52,127,237,187,57,189,96,222,239,172,280,83,188
470,406,180,87,483,123,499,134,171,209,410,523,893,284,273,305,355,875,481,52,290,495,280,169,307,116,323,229,247,588,711,1282,254,230,96,506,467,76,230,503,278,98,346,171,364,421,295,482,187,318
90,83,34,16,97,18,109,41,33,50,106,143,199,68,61,62,78,214,119,17,71,117,68,48,76,29,85,50,46,150,169,320,66,96,12,137,102,17,56,119,68,29,81,54,91,101,66,133,40,84
502,435,208,115,523,133,510,153,179,238,461,608,946,333,272,296,356,969,529,46,300,547,296,189,315,126,342,238,248,660,810,1501,287,506,137,276,497,84,281,573,337,138,421,227,396,488,332,598,209,371
466,384,185,80,458,111,448,137,172,196,386,559,838,305,272,286,406,872,499,51,260,510,294,198,330,125,310,252,258,557,692,1270,254,467,102,497,244,74,224,529,292,98,346,182,395,437,344,511,183,318
65,76,43,9,82,16,65,27,23,31,63,96,149,48,32,40,62,136,97,9,40,85,48,37,45,24,55,48,40,96,130,246,52,76,17,84,74,6,47,84,67,12,56,35,58,76,50,83,31,44
266,217,98,35,262,57,219,66,91,100,217,280,450,161,126,154,167,460,273,33,126,248,145,104,135,69,167,131,139,341,395,681,127,230,56,281,224,47,60,259,153,48,205,102,183,207,152,256,98,172
494,469,193,92,568,123,471,141,169,217,466,589,905,358,252,272,393,914,497,63,294,537,333,224,367,152,391,235,290,651,758,1441,237,503,119,573,529,84,259,292,339,106,368,189,417,504,316,562,179,360
314,294,137,56,338,73,290,93,109,134,276,401,625,241,184,188,244,601,328,35,182,361,181,127,188,82,208,142,155,422,530,932,187,278,68,337,292,67,153,339,107,64,239,120,241,321,192,341,123,210
116,99,50,22,90,23,105,28,36,40,91,109,179,68,63,55,83,200,120,12,67,117,65,43,65,19,68,32,41,130,169,291,57,98,29,138,98,12,48,106,64,13,99,44,78,87,68,113,46,69
391,350,155,58,383,80,368,118,118,165,319,389,650,214,223,219,286,628,399,49,236,397,233,150,244,107,276,180,188,464,553,1013,189,346,81,421,346,56,205,368,239,99,125,153,325,353,231,377,128,280
180,156,67,33,192,45,188,51,47,69,145,212,314,126,99,97,140,336,179,23,99,200,121,68,109,34,116,70,82,243,283,527,96,171,54,227,182,35,102,189,120,44,153,40,123,186,103,218,75,113
435,336,154,85,422,91,380,123,129,167,369,486,727,256,220,219,254,702,426,51,211,378,193,166,251,110,246,189,221,481,580,1104,222,364,91,396,395,58,183,417,241,78,325,123,178,358,240,402,154,251
406,403,193,69,475,85,434,121,146,188,344,524,868,295,244,270,328,831,450,57,236,439,274,189,314,131,315,246,253,632,689,1264,239,421,101,488,437,76,207,504,321,87,353,186,358,194,293,487,178,285
352,244,112,51,338,73,309,105,118,144,273,373,570,195,158,182,251,549,360,32,182,332,179,130,190,78,193,135,150,374,500,893,172,295,66,332,344,50,152,316,192,68,231,103,240,293,87,355,98,202
466,495,198,90,515,107,473,163,164,227,432,588,890,337,273,297,378,918,552,66,318,530,328,206,369,142,377,249,267,661,761,1427,280,482,133,598,511,83,256,562,341,113,377,218,402,487,355,257,212,349
174,166,69,34,183,40,193,55,58,78,152,188,326,123,110,109,143,334,205,18,126,192,101,83,108,45,134,98,98,218,266,509,83,187,40,209,183,31,98,179,123,46,128,75,154,178,98,212,22,142
372,271,103,59,331,84,339,86,115,143,297,393,618,222,161,184,224,632,301,49,197,324,190,140,192,83,218,162,165,431,483,935,188,318,84,371,318,44,172,360,210,69,280,113,251,285,202,349,142,112
