264,466,211,91,508,101,473,189,160,255,429,541,784,385,325,325,394,816,500,66,313,510,324,199,357,145,358,241,270,609,724,1220,255,476,116,514,471,80,258,451,332,115,331,179,414,439,322,478,189,391
466,176,158,60,418,100,420,128,132,171,368,475,762,285,242,260,308,786,445,57,240,433,258,177,268,109,289,178,206,557,651,1273,236,409,96,489,412,68,230,472,260,95,346,173,350,400,274,469,168,261
211,158,40,34,167,61,193,56,60,77,151,226,383,121,109,110,167,367,198,23,105,209,120,79,129,45,126,91,83,240,292,525,118,187,32,197,194,38,111,219,125,48,173,79,150,183,128,230,73,119
91,60,34,5,75,10,83,23,26,28,65,80,155,51,36,54,60,140,68,11,46,72,53,28,51,30,58,46,43,108,116,217,43,80,17,92,67,6,40,95,53,13,49,22,74,77,41,87,21,57
508,418,167,75,259,114,506,156,161,210,425,614,944,335,271,276,381,979,532,57,271,517,275,206,338,139,320,257,239,642,743,1467,273,508,122,547,439,108,247,528,377,98,414,184,401,449,317,513,197,339
101,100,61,10,114,8,111,36,34,37,97,118,200,73,69,72,71,194,104,15,64,117,70,41,84,30,84,56,67,147,174,289,67,102,15,125,98,17,62,118,61,19,82,42,105,93,79,121,35,76
473,420,193,83,506,111,234,160,165,192,413,540,888,298,251,264,349,891,464,45,276,457,274,171,323,112,329,253,235,605,712,1323,265,470,103,574,467,77,251,518,316,102,339,185,347,415,334,468,178,312
189,128,56,23,156,36,160,18,54,66,145,167,251,105,71,78,116,257,155,17,85,166,78,72,82,41,94,68,76,207,238,411,70,140,36,161,152,21,70,167,108,36,120,56,116,149,88,177,51,113
160,132,60,26,161,34,165,54,26,80,165,192,282,103,86,103,122,289,154,19,84,189,96,52,101,40,106,72,79,212,261,434,77,147,34,195,154,26,80,169,113,29,121,60,133,148,95,162,57,123
255,171,77,28,210,37,192,66,80,42,161,211,332,135,107,130,128,344,177,24,122,180,94,83,125,62,149,118,83,272,287,530,92,192,48,184,190,22,109,200,140,37,160,88,142,185,132,223,67,109
429,368,151,65,425,97,413,145,165,161,158,500,724,307,237,273,288,750,431,43,246,428,247,186,267,109,315,225,197,579,624,1161,248,376,89,430,376,68,228,429,266,75,340,171,326,397,283,409,163,262
541,475,226,80,614,118,540,167,192,211,500,307,1012,353,290,303,426,984,541,67,293,560,353,246,354,135,389,244,274,741,856,1651,353,532,138,626,540,111,275,623,342,132,428,208,478,510,364,582,210,381
784,762,383,155,944,200,888,251,282,332,724,1012,813,570,456,500,655,1453,885,130,479,900,527,351,619,246,609,417,511,1233,1333,2535,502,816,195,990,870,136,409,974,606,192,684,338,748,837,560,954,331,631
385,285,121,51,335,73,298,105,103,135,307,353,570,94,177,210,253,571,329,39,165,323,193,116,228,87,218,148,165,433,503,859,184,316,83,335,291,41,168,329,203,55,280,134,241,308,205,347,130,233
325,242,109,36,271,69,251,71,86,107,237,290,456,177,66,125,203,442,251,27,130,294,159,121,187,83,189,124,138,324,394,681,147,252,52,273,255,40,131,300,171,52,198,95,215,243,159,270,95,196
325,260,110,54,276,72,264,78,103,130,273,303,500,210,125,74,213,475,258,36,124,289,150,116,183,77,190,142,135,328,408,760,151,271,56,267,279,45,125,324,158,43,204,113,218,266,197,292,106,191
394,308,167,60,381,71,349,116,122,128,288,426,655,253,203,213,134,648,356,44,211,385,211,117,237,97,242,165,188,481,592,973,181,370,85,380,345,47,199,362,253,73,315,151,310,351,253,386,123,238
816,786,367,140,979,194,891,257,289,344,750,984,1453,571,442,475,648,841,873,133,483,888,517,368,613,244,635,405,492,1140,1291,2542,483,856,208,958,809,136,421,940,620,174,739,334,760,852,577,974,337,643
500,445,198,68,532,104,464,155,154,177,431,541,885,329,251,258,356,873,257,62,275,485,286,216,323,128,333,250,253,645,759,1403,288,504,113,552,459,88,246,538,298,98,418,181,411,462,307,500,170,331
66,57,23,11,57,15,45,17,19,24,43,67,130,39,27,36,44,133,62,2,41,61,26,25,34,12,39,25,36,87,102,193,33,62,14,59,49,12,29,68,43,7,46,18,39,48,34,67,28,46
313,240,105,46,271,64,276,85,84,122,246,293,479,165,130,124,211,483,275,41,69,275,181,117,183,75,172,126,136,325,408,839,152,290,63,279,240,40,135,305,181,54,189,90,225,254,173,288,111,193
510,433,209,72,517,117,457,166,189,180,428,560,900,323,294,289,385,888,485,61,275,256,301,207,365,148,359,248,249,655,718,1438,270,497,135,566,454,69,255,534,339,98,429,203,411,480,320,524,192,360
324,258,120,53,275,70,274,78,96,94,247,353,527,193,159,150,211,517,286,26,181,301,101,118,196,77,202,150,164,347,416,840,170,268,66,315,256,47,127,296,207,43,229,100,254,258,181,307,114,209
199,177,79,28,206,41,171,72,52,83,186,246,351,116,121,116,117,368,216,25,117,207,118,24,124,58,122,97,111,249,311,584,109,176,52,194,164,19,99,200,145,49,151,81,134,187,140,212,80,123
357,268,129,51,338,84,323,82,101,125,267,354,619,228,187,183,237,613,323,34,183,365,196,124,106,89,238,161,172,410,508,998,194,314,72,326,291,53,172,389,261,76,235,127,253,283,211,327,124,216
145,109,45,30,139,30,112,41,40,62,109,135,246,87,83,77,97,244,128,12,75,148,77,58,89,19,78,60,66,152,189,387,88,135,29,138,137,19,60,136,88,24,88,47,100,100,71,131,46,86
358,289,126,58,320,84,329,94,106,149,315,389,609,218,189,190,242,635,333,39,172,359,202,122,238,78,110,142,172,435,498,1010,204,322,76,341,304,49,166,371,200,58,247,132,272,305,210,356,143,208
241,178,91,46,257,56,253,68,72,118,225,244,417,148,124,142,165,405,250,25,126,248,150,97,161,60,142,51,121,286,348,624,133,232,53,220,218,32,128,256,148,48,174,95,193,222,149,255,73,151
270,206,83,43,239,67,235,76,79,83,197,274,511,165,138,135,188,492,253,36,136,249,164,111,172,66,172,121,58,301,339,753,150,231,53,240,228,39,119,275,186,55,195,88,193,230,146,253,103,167
609,557,240,108,642,147,605,207,212,272,579,741,1233,433,324,328,481,1140,645,87,325,655,347,249,410,152,435,286,301,397,958,1808,320,637,138,670,598,111,318,701,436,124,500,267,486,597,383,661,237,428
724,651,292,116,743,174,712,238,261,287,624,856,1333,503,394,408,592,1291,759,102,408,718,416,311,508,189,498,348,339,958,587,2070,386,719,199,846,688,135,407,821,494,155,563,281,597,705,496,752,275,493
1220,1273,525,217,1467,289,1323,411,434,530,1161,1651,2535,859,681,760,973,2542,1403,193,839,1438,840,584,998,387,1010,624,753,1808,2070,1932,731,1328,330,1564,1326,241,656,1528,939,302,1074,530,1158,1279,921,1411,501,950
255,236,118,43,273,67,265,70,77,92,248,353,502,184,147,151,181,483,288,33,152,270,170,109,194,88,204,133,150,320,386,731,66,241,75,319,240,44,122,291,183,63,212,98,197,264,171,255,80,196
476,409,187,80,508,102,470,140,147,192,376,532,816,316,252,271,370,856,504,62,290,497,268,176,314,135,322,232,231,637,719,1328,241,233,110,562,443,80,226,490,322,92,363,164,376,405,308,502,153,305
116,96,32,17,122,15,103,36,34,48,89,138,195,83,52,56,85,208,113,14,63,135,66,52,72,29,76,53,53,138,199,330,75,110,13,139,99,22,54,122,61,21,95,42,106,120,87,110,46,73
514,489,197,92,547,125,574,161,195,184,430,626,990,335,273,267,380,958,552,59,279,566,315,194,326,138,341,220,240,670,846,1564,319,562,139,287,499,92,258,598,356,120,423,203,397,527,330,581,216,336
471,412,194,67,439,98,467,152,154,190,376,540,870,291,255,279,345,809,459,49,240,454,256,164,291,137,304,218,228,598,688,1326,240,443,99,499,237,68,227,470,313,113,336,181,354,407,274,517,178,305
80,68,38,6,108,17,77,21,26,22,68,111,136,41,40,45,47,136,88,12,40,69,47,19,53,19,49,32,39,111,135,241,44,80,22,92,68,7,55,100,51,14,58,26,66,95,61,96,32,53
258,230,111,40,247,62,251,70,80,109,228,275,409,168,131,125,199,421,246,29,135,255,127,99,172,60,166,128,119,318,407,656,122,226,54,258,227,55,63,269,166,54,182,83,194,239,164,257,87,172
451,472,219,95,528,118,518,167,169,200,429,623,974,329,300,324,362,940,538,68,305,534,296,200,389,136,371,256,275,701,821,1528,291,490,122,598,470,100,269,281,362,109,368,215,447,486,386,536,216,309
332,260,125,53,377,61,316,108,113,140,266,342,606,203,171,158,253,620,298,43,181,339,207,145,261,88,200,148,186,436,494,939,183,322,61,356,313,51,166,362,110,57,243,127,300,292,227,345,126,226
115,95,48,13,98,19,102,36,29,37,75,132,192,55,52,43,73,174,98,7,54,98,43,49,76,24,58,48,55,124,155,302,63,92,21,120,113,14,54,109,57,15,78,34,82,84,62,79,45,58
331,346,173,49,414,82,339,120,121,160,340,428,684,280,198,204,315,739,418,46,189,429,229,151,235,88,247,174,195,500,563,1074,212,363,95,423,336,58,182,368,243,78,138,147,312,343,255,338,129,265
179,173,79,22,184,42,185,56,60,88,171,208,338,134,95,113,151,334,181,18,90,203,100,81,127,47,132,95,88,267,281,530,98,164,42,203,181,26,83,215,127,34,147,33,148,166,110,204,75,137
414,350,150,74,401,105,347,116,133,142,326,478,748,241,215,218,310,760,411,39,225,411,254,134,253,100,272,193,193,486,597,1158,197,376,106,397,354,66,194,447,300,82,312,148,155,377,242,430,150,252
439,400,183,77,449,93,415,149,148,185,397,510,837,308,243,266,351,852,462,48,254,480,258,187,283,100,305,222,230,597,705,1279,264,405,120,527,407,95,239,486,292,84,343,166,377,199,316,466,162,294
322,274,128,41,317,79,334,88,95,132,283,364,560,205,159,197,253,577,307,34,173,320,181,140,211,71,210,149,146,383,496,921,171,308,87,330,274,61,164,386,227,62,255,110,242,316,91,315,135,222
478,469,230,87,513,121,468,177,162,223,409,582,954,347,270,292,386,974,500,67,288,524,307,212,327,131,356,255,253,661,752,1411,255,502,110,581,517,96,257,536,345,79,338,204,430,466,315,250,184,347
189,168,73,21,197,35,178,51,57,67,163,210,331,130,95,106,123,337,170,28,111,192,114,80,124,46,143,73,103,237,275,501,80,153,46,216,178,32,87,216,126,45,129,75,150,162,135,184,33,135
391,261,119,57,339,76,312,113,123,109,262,381,631,233,196,191,238,643,331,46,193,360,209,123,216,86,208,151,167,428,493,950,196,305,73,336,305,53,172,309,226,58,265,137,252,294,222,347,135,109
