285,472,197,88,473,118,515,191,146,263,501,507,829,433,343,351,368,828,457,79,331,517,346,220,367,160,373,272,319,601,653,1131,247,477,102,495,492,82,259,479,335,102,351,184,430,392,318,489,161,410
472,188,163,81,444,106,416,129,136,166,375,492,780,265,206,255,305,782,428,59,259,437,272,175,267,121,264,183,219,539,703,1217,221,415,94,475,409,70,214,444,254,89,315,162,360,410,268,422,167,299
197,163,27,34,178,48,193,54,70,90,170,215,370,131,87,89,154,351,211,24,102,204,117,86,120,40,116,91,93,269,304,574,119,201,34,198,211,36,97,201,116,55,140,78,151,179,109,174,85,131
88,81,34,7,83,16,71,27,28,49,76,92,134,54,48,51,56,162,86,15,49,72,61,36,71,24,70,54,45,114,134,199,40,68,16,80,60,13,44,79,55,18,76,30,73,64,50,99,29,66
473,444,178,83,235,100,471,163,177,211,428,588,840,336,279,274,362,881,500,51,283,519,318,213,339,113,361,244,252,620,752,1351,287,491,120,545,430,94,256,536,348,102,357,190,400,450,307,515,183,321
118,106,48,16,100,7,105,33,47,55,127,117,181,61,60,72,80,204,103,23,66,111,92,56,96,32,96,56,69,131,163,288,51,87,23,113,91,13,56,106,76,27,99,31,109,89,71,122,45,97
515,416,193,71,471,105,202,139,153,209,452,547,866,287,248,301,362,857,454,73,277,443,295,189,335,130,329,242,244,584,689,1249,258,454,85,557,402,73,252,481,316,109,372,167,365,429,293,508,165,327
191,129,54,27,163,33,139,16,44,62,131,156,274,100,91,87,138,292,170,15,83,164,94,60,113,27,110,80,84,191,224,417,81,138,35,176,135,19,81,172,97,33,109,52,128,144,97,172,59,117
146,136,70,28,177,47,153,44,21,78,134,187,315,118,91,99,110,296,147,17,99,160,105,67,102,36,112,82,91,193,273,467,111,174,36,144,153,19,69,186,100,33,116,51,128,154,100,164,59,101
263,166,90,49,211,55,209,62,78,42,167,211,401,152,126,106,150,371,217,23,119,214,116,89,146,55,151,108,120,240,303,614,125,190,45,227,195,27,116,213,132,34,169,65,161,210,137,201,73,146
501,375,170,76,428,127,452,131,134,167,164,456,750,310,232,242,340,761,447,51,249,430,274,181,285,107,306,219,235,547,647,1160,248,394,93,482,387,65,213,461,292,82,345,138,347,381,256,416,139,278
507,492,215,92,588,117,547,156,187,211,456,281,985,364,294,293,386,1005,598,64,301,591,340,222,375,128,376,239,265,686,843,1512,293,510,144,591,491,82,253,605,332,99,451,214,478,538,328,569,207,364
829,780,370,134,840,181,866,274,315,401,750,985,808,609,496,554,673,1467,944,101,510,927,549,347,577,207,588,419,527,1145,1346,2419,460,831,211,898,779,150,438,919,582,181,656,328,722,779,581,922,343,654
433,265,131,54,336,61,287,100,118,152,310,364,609,92,173,180,222,588,310,34,176,300,198,128,229,92,200,150,169,402,492,958,193,310,63,356,301,48,172,362,193,66,272,96,247,319,215,312,117,232
343,206,87,48,279,60,248,91,91,126,232,294,496,173,68,149,199,512,277,40,142,272,161,96,153,66,170,121,147,311,392,778,144,255,38,273,239,45,141,276,190,60,190,88,192,251,153,278,95,186
351,255,89,51,274,72,301,87,99,106,242,293,554,180,149,77,219,549,304,42,174,304,184,124,189,65,184,130,138,345,412,874,170,266,51,296,283,47,156,319,184,68,234,101,240,285,176,295,108,212
368,305,154,56,362,80,362,138,110,150,340,386,673,222,199,219,126,654,378,45,201,348,195,157,252,86,246,163,168,437,550,1008,203,327,87,342,347,64,176,390,257,67,269,136,298,368,250,385,133,282
828,782,351,162,881,204,857,292,296,371,761,1005,1467,588,512,549,654,782,966,115,497,935,565,361,566,219,612,412,459,1116,1365,2394,461,814,224,955,798,148,425,921,582,188,668,343,723,802,573,934,333,585
457,428,211,86,500,103,454,170,147,217,447,598,944,310,277,304,378,966,254,53,294,464,270,184,336,123,317,213,229,629,732,1444,274,473,107,556,462,88,258,549,328,99,394,176,389,521,302,523,169,334
79,59,24,15,51,23,73,15,17,23,51,64,101,34,40,42,45,115,53,4,33,64,40,31,46,16,49,26,20,82,89,165,30,50,14,70,55,8,37,63,34,14,36,17,45,57,46,88,24,37
331,259,102,49,283,66,277,83,99,119,249,301,510,176,142,174,201,497,294,33,58,272,135,115,171,72,171,119,127,343,426,785,139,274,51,277,268,57,153,291,181,57,221,136,190,264,177,294,101,177
517,437,204,72,519,111,443,164,160,214,430,591,927,300,272,304,348,935,464,64,272,271,289,196,382,128,334,237,263,653,743,1388,268,472,107,556,437,87,262,547,338,106,394,188,409,525,343,506,164,331
346,272,117,61,318,92,295,94,105,116,274,340,549,198,161,184,195,565,270,40,135,289,97,139,189,67,185,123,139,361,439,848,167,281,76,303,330,53,158,316,188,51,225,113,240,260,203,318,134,232
220,175,86,36,213,56,189,60,67,89,181,222,347,128,96,124,157,361,184,31,115,196,139,34,137,60,130,91,110,268,299,591,99,198,43,217,189,26,119,214,125,42,164,70,155,171,129,196,71,149
367,267,120,71,339,96,335,113,102,146,285,375,577,229,153,189,252,566,336,46,171,382,189,137,112,80,193,142,166,429,504,905,175,330,81,381,349,48,164,365,220,65,263,128,263,276,192,330,131,223
160,121,40,24,113,32,130,27,36,55,107,128,207,92,66,65,86,219,123,16,72,128,67,60,80,11,74,48,61,149,173,324,63,113,30,149,122,23,55,142,71,29,100,59,89,108,69,109,39,90
373,264,116,70,361,96,329,110,112,151,306,376,588,200,170,184,246,612,317,49,171,334,185,130,193,74,105,146,185,420,485,951,177,331,85,359,334,70,165,355,218,65,255,132,245,299,196,319,114,247
272,183,91,54,244,56,242,80,82,108,219,239,419,150,121,130,163,412,213,26,119,237,123,91,142,48,146,53,115,278,350,654,116,217,56,207,244,46,133,274,151,35,188,108,182,207,157,236,80,165
319,219,93,45,252,69,244,84,91,120,235,265,527,169,147,138,168,459,229,20,127,263,139,110,166,61,185,115,53,305,404,746,149,233,68,237,226,46,136,290,174,57,211,92,205,258,173,287,113,170
601,539,269,114,620,131,584,191,193,240,547,686,1145,402,311,345,437,1116,629,82,343,653,361,268,429,149,420,278,305,411,952,1730,311,586,146,666,602,104,316,658,399,127,500,237,518,592,411,669,215,391
653,703,304,134,752,163,689,224,273,303,647,843,1346,492,392,412,550,1365,732,89,426,743,439,299,504,173,485,350,404,952,543,2015,394,712,173,781,665,122,345,781,500,135,585,289,561,651,442,811,266,472
1131,1217,574,199,1351,288,1249,417,467,614,1160,1512,2419,958,778,874,1008,2394,1444,165,785,1388,848,591,905,324,951,654,746,1730,2015,1895,708,1261,328,1434,1261,245,666,1397,873,288,977,526,1076,1263,861,1454,505,944
247,221,119,40,287,51,258,81,111,125,248,293,460,193,144,170,203,461,274,30,139,268,167,99,175,63,177,116,149,311,394,708,48,250,66,274,238,48,135,245,178,57,203,95,203,235,158,279,112,192
477,415,201,68,491,87,454,138,174,190,394,510,831,310,255,266,327,814,473,50,274,472,281,198,330,113,331,217,233,586,712,1261,250,187,104,477,411,90,250,511,351,110,361,180,388,410,313,490,186,365
102,94,34,16,120,23,85,35,36,45,93,144,211,63,38,51,87,224,107,14,51,107,76,43,81,30,85,56,68,146,173,328,66,104,12,114,98,14,56,120,71,29,83,46,80,109,55,118,44,84
495,475,198,80,545,113,557,176,144,227,482,591,898,356,273,296,342,955,556,70,277,556,303,217,381,149,359,207,237,666,781,1434,274,477,114,264,512,85,301,588,362,105,409,225,436,487,323,571,203,357
492,409,211,60,430,91,402,135,153,195,387,491,779,301,239,283,347,798,462,55,268,437,330,189,349,122,334,244,226,602,665,1261,238,411,98,512,193,82,248,477,314,99,362,178,407,407,301,473,177,308
82,70,36,13,94,13,73,19,19,27,65,82,150,48,45,47,64,148,88,8,57,87,53,26,48,23,70,46,46,104,122,245,48,90,14,85,82,6,41,104,79,21,53,36,76,74,58,91,28,49
259,214,97,44,256,56,252,81,69,116,213,253,438,172,141,156,176,425,258,37,153,262,158,119,164,55,165,133,136,316,345,666,135,250,56,301,248,41,56,270,155,47,165,93,206,230,160,261,93,185
479,444,201,79,536,106,481,172,186,213,461,605,919,362,276,319,390,921,549,63,291,547,316,214,365,142,355,274,290,658,781,1397,245,511,120,588,477,104,270,249,349,77,385,179,386,479,328,492,213,373
335,254,116,55,348,76,316,97,100,132,292,332,582,193,190,184,257,582,328,34,181,338,188,125,220,71,218,151,174,399,500,873,178,351,71,362,314,79,155,349,100,74,265,127,262,334,226,348,117,213
102,89,55,18,102,27,109,33,33,34,82,99,181,66,60,68,67,188,99,14,57,106,51,42,65,29,65,35,57,127,135,288,57,110,29,105,99,21,47,77,74,14,75,25,81,97,65,100,41,66
351,315,140,76,357,99,372,109,116,169,345,451,656,272,190,234,269,668,394,36,221,394,225,164,263,100,255,188,211,500,585,977,203,361,83,409,362,53,165,385,265,75,165,140,332,303,245,422,123,300
184,162,78,30,190,31,167,52,51,65,138,214,328,96,88,101,136,343,176,17,136,188,113,70,128,59,132,108,92,237,289,526,95,180,46,225,178,36,93,179,127,25,140,29,147,193,118,178,64,121
430,360,151,73,400,109,365,128,128,161,347,478,722,247,192,240,298,723,389,45,190,409,240,155,263,89,245,182,205,518,561,1076,203,388,80,436,407,76,206,386,262,81,332,147,154,358,245,369,156,270
392,410,179,64,450,89,429,144,154,210,381,538,779,319,251,285,368,802,521,57,264,525,260,171,276,108,299,207,258,592,651,1263,235,410,109,487,407,74,230,479,334,97,303,193,358,198,291,485,180,311
318,268,109,50,307,71,293,97,100,137,256,328,581,215,153,176,250,573,302,46,177,343,203,129,192,69,196,157,173,411,442,861,158,313,55,323,301,58,160,328,226,65,245,118,245,291,100,335,118,181
489,422,174,99,515,122,508,172,164,201,416,569,922,312,278,295,385,934,523,88,294,506,318,196,330,109,319,236,287,669,811,1454,279,490,118,571,473,91,261,492,348,100,422,178,369,485,335,277,184,374
161,167,85,29,183,45,165,59,59,73,139,207,343,117,95,108,133,333,169,24,101,164,134,71,131,39,114,80,113,215,266,505,112,186,44,203,177,28,93,213,117,41,123,64,156,180,118,184,35,123
410,299,131,66,321,97,327,117,101,146,278,364,654,232,186,212,282,585,334,37,177,331,232,149,223,90,247,165,170,391,472,944,192,365,84,357,308,49,185,373,213,66,300,121,270,311,181,374,123,121
