281,435,210,108,490,120,486,174,166,247,475,492,785,394,330,374,343,780,509,76,309,479,327,231,368,147,347,297,309,631,641,1186,224,488,100,500,499,91,238,482,324,102,370,167,422,440,308,503,154,402
435,188,162,65,457,86,395,127,149,171,338,484,821,254,206,230,314,812,424,39,240,447,248,154,290,108,274,202,191,524,609,1253,238,394,78,441,390,82,208,484,297,79,335,159,343,407,272,452,175,299
210,162,28,23,199,32,183,56,64,91,162,215,352,113,84,83,135,353,197,28,111,189,112,71,117,53,123,71,101,249,304,559,104,174,41,212,187,35,100,190,124,40,157,68,148,194,106,184,59,136
108,65,23,5,97,18,76,36,27,47,69,77,138,59,50,43,62,137,79,11,38,78,42,28,44,31,52,36,45,114,114,219,46,67,22,97,76,9,43,95,68,18,61,34,67,88,44,81,27,63
490,457,199,97,253,119,505,155,175,197,424,572,957,352,285,307,357,947,523,71,273,503,310,221,319,127,337,245,266,680,748,1395,237,470,128,564,510,83,268,545,309,98,374,205,420,444,336,518,169,345
120,86,32,18,119,14,104,42,34,50,86,145,186,90,65,60,91,172,97,11,65,117,60,38,57,39,75,56,59,142,153,268,48,103,24,127,105,20,58,117,83,25,66,37,96,101,56,111,31,74
486,395,183,76,505,104,229,158,161,209,391,513,827,302,258,276,361,864,477,63,271,485,271,185,319,123,305,232,226,599,748,1308,279,464,106,537,458,85,245,521,353,107,383,194,408,456,307,502,182,320
174,127,56,36,155,42,158,24,54,62,136,157,268,117,74,86,99,258,170,16,88,151,93,70,93,26,87,57,72,169,249,416,67,144,29,141,167,28,67,151,95,30,124,67,127,145,79,166,53,105
166,149,64,27,175,34,161,54,33,75,168,220,326,118,74,96,126,340,175,20,90,190,98,80,112,29,99,78,84,217,252,485,94,146,49,187,165,24,74,168,111,41,133,65,155,144,99,164,81,106
247,171,91,47,197,50,209,62,75,52,176,223,375,135,97,120,155,376,200,36,123,231,114,92,138,58,145,97,122,261,343,551,95,219,42,255,195,43,114,225,139,50,176,80,174,178,135,212,85,131
475,338,162,69,424,86,391,136,168,176,176,440,715,296,215,239,318,734,435,65,260,461,247,163,271,124,302,214,242,526,649,1130,212,389,103,464,395,85,210,438,276,110,304,165,360,364,278,410,169,302
492,484,215,77,572,145,513,157,220,223,440,311,1003,356,310,303,391,972,510,71,334,546,319,260,369,128,371,285,258,727,803,1522,296,502,129,595,543,86,269,624,405,104,424,197,460,540,361,577,213,362
785,821,352,138,957,186,827,268,326,375,715,1003,768,586,457,489,631,1421,932,122,497,915,516,372,535,259,671,426,480,1163,1355,2382,466,817,209,956,836,168,458,966,604,185,675,315,717,865,525,907,322,586
394,254,113,59,352,90,302,117,118,135,296,356,586,97,157,169,250,566,335,35,171,331,167,127,202,78,196,178,169,407,490,903,167,317,83,366,300,63,168,363,214,68,283,129,231,333,207,330,119,217
330,206,84,50,285,65,258,74,74,97,215,310,457,157,58,129,178,446,249,34,138,233,142,105,156,56,161,127,140,336,405,709,115,262,61,284,237,50,131,253,141,47,216,93,215,234,150,282,95,199
374,230,83,43,307,60,276,86,96,120,239,303,489,169,129,73,217,529,290,31,137,284,140,113,184,63,179,140,142,372,449,797,137,263,79,307,257,54,145,281,181,55,231,118,242,279,160,329,101,220
343,314,135,62,357,91,361,99,126,155,318,391,631,250,178,217,118,626,379,43,189,369,214,155,232,90,253,140,191,436,549,1016,178,314,93,374,332,53,163,390,239,65,288,129,306,380,223,380,137,231
780,812,353,137,947,172,864,258,340,376,734,972,1421,566,446,529,626,797,889,120,496,962,499,337,579,256,658,437,443,1111,1378,2425,499,826,216,961,862,166,453,1006,595,177,654,358,742,813,562,923,340,622
509,424,197,79,523,97,477,170,175,200,435,510,932,335,249,290,379,889,272,75,288,494,314,207,333,163,372,211,265,607,785,1408,262,454,131,573,479,86,271,562,332,119,399,185,415,475,315,510,195,360
76,39,28,11,71,11,63,16,20,36,65,71,122,35,34,31,43,120,75,3,45,80,40,23,32,15,45,28,27,89,108,184,27,48,15,61,58,11,32,64,47,17,44,26,51,74,52,59,23,45
309,240,111,38,273,65,271,88,90,123,260,334,497,171,138,137,189,496,288,45,69,255,166,114,185,73,191,154,137,341,426,809,176,253,56,284,245,48,134,299,181,68,212,108,221,286,170,307,99,230
479,447,189,78,503,117,485,151,190,231,461,546,915,331,233,284,369,962,494,80,255,281,324,212,345,133,336,248,252,645,788,1407,277,450,123,541,481,94,276,548,361,95,421,179,417,490,315,518,177,340
327,248,112,42,310,60,271,93,98,114,247,319,516,167,142,140,214,499,314,40,166,324,78,114,215,74,197,149,159,357,478,855,141,288,68,285,300,45,152,312,190,62,264,104,247,287,166,325,135,193
231,154,71,28,221,38,185,70,80,92,163,260,372,127,105,113,155,337,207,23,114,212,114,30,129,54,117,106,92,236,300,549,103,185,41,225,171,42,83,232,145,44,167,66,134,189,123,197,80,146
368,290,117,44,319,57,319,93,112,138,271,369,535,202,156,184,232,579,333,32,185,345,215,129,87,74,214,149,163,417,496,917,179,295,61,330,303,60,166,352,222,75,270,122,249,334,187,359,115,238
147,108,53,31,127,39,123,26,29,58,124,128,259,78,56,63,90,256,163,15,73,133,74,54,74,13,65,59,62,180,233,383,77,111,27,130,126,17,61,141,76,34,106,46,104,116,70,151,53,88
347,274,123,52,337,75,305,87,99,145,302,371,671,196,161,179,253,658,372,45,191,336,197,117,214,65,108,155,147,419,536,1016,193,313,83,350,326,55,166,364,225,82,276,128,261,324,216,379,143,242
297,202,71,36,245,56,232,57,78,97,214,285,426,178,127,140,140,437,211,28,154,248,149,106,149,59,155,59,124,308,330,636,119,213,59,246,238,48,110,217,143,46,179,75,210,203,132,230,94,136
309,191,101,45,266,59,226,72,84,122,242,258,480,169,140,142,191,443,265,27,137,252,159,92,163,62,147,124,73,302,368,690,153,221,48,250,250,35,142,272,158,46,222,88,198,229,180,264,90,193
631,524,249,114,680,142,599,169,217,261,526,727,1163,407,336,372,436,1111,607,89,341,645,357,236,417,180,419,308,302,401,969,1801,354,633,133,673,586,102,322,662,440,122,469,240,527,604,379,646,250,409
641,609,304,114,748,153,748,249,252,343,649,803,1355,490,405,449,549,1378,785,108,426,788,478,300,496,233,536,330,368,969,618,2149,425,705,202,811,723,128,403,825,525,157,568,271,622,744,486,738,290,524
1186,1253,559,219,1395,268,1308,416,485,551,1130,1522,2382,903,709,797,1016,2425,1408,184,809,1407,855,549,917,383,1016,636,690,1801,2149,1971,711,1329,338,1516,1254,256,700,1561,970,300,1027,543,1149,1231,909,1386,513,922
224,238,104,46,237,48,279,67,94,95,212,296,466,167,115,137,178,499,262,27,176,277,141,103,179,77,193,119,153,354,425,711,70,247,64,278,243,54,132,276,192,59,188,102,229,241,161,282,87,172
488,394,174,67,470,103,464,144,146,219,389,502,817,317,262,263,314,826,454,48,253,450,288,185,295,111,313,213,221,633,705,1329,247,215,113,503,421,84,243,525,313,106,364,185,392,399,303,483,178,321
100,78,41,22,128,24,106,29,49,42,103,129,209,83,61,79,93,216,131,15,56,123,68,41,61,27,83,59,48,133,202,338,64,113,7,119,104,18,68,136,66,22,93,43,86,112,63,130,35,91
500,441,212,97,564,127,537,141,187,255,464,595,956,366,284,307,374,961,573,61,284,541,285,225,330,130,350,246,250,673,811,1516,278,503,119,276,499,80,260,546,327,112,385,199,451,502,323,539,203,389
499,390,187,76,510,105,458,167,165,195,395,543,836,300,237,257,332,862,479,58,245,481,300,171,303,126,326,238,250,586,723,1254,243,421,104,499,210,87,250,471,293,89,336,187,384,423,272,480,166,332
91,82,35,9,83,20,85,28,24,43,85,86,168,63,50,54,53,166,86,11,48,94,45,42,60,17,55,48,35,102,128,256,54,84,18,80,87,9,47,93,63,12,67,22,62,91,57,83,33,63
238,208,100,43,268,58,245,67,74,114,210,269,458,168,131,145,163,453,271,32,134,276,152,83,166,61,166,110,142,322,403,700,132,243,68,260,250,47,65,260,157,62,194,93,194,235,150,251,99,176
482,484,190,95,545,117,521,151,168,225,438,624,966,363,253,281,390,1006,562,64,299,548,312,232,352,141,364,217,272,662,825,1561,276,525,136,546,471,93,260,294,340,107,381,203,441,525,321,547,197,371
324,297,124,68,309,83,353,95,111,139,276,405,604,214,141,181,239,595,332,47,181,361,190,145,222,76,225,143,158,440,525,970,192,313,66,327,293,63,157,340,112,76,242,120,261,336,199,352,120,215
102,79,40,18,98,25,107,30,41,50,110,104,185,68,47,55,65,177,119,17,68,95,62,44,75,34,82,46,46,122,157,300,59,106,22,112,89,12,62,107,76,15,63,30,85,92,61,118,39,82
370,335,157,61,374,66,383,124,133,176,304,424,675,283,216,231,288,654,399,44,212,421,264,167,270,106,276,179,222,469,568,1027,188,364,93,385,336,67,194,381,242,63,143,140,316,353,235,376,145,271
167,159,68,34,205,37,194,67,65,80,165,197,315,129,93,118,129,358,185,26,108,179,104,66,122,46,128,75,88,240,271,543,102,185,43,199,187,22,93,203,120,30,140,40,157,193,122,183,79,116
422,343,148,67,420,96,408,127,155,174,360,460,717,231,215,242,306,742,415,51,221,417,247,134,249,104,261,210,198,527,622,1149,229,392,86,451,384,62,194,441,261,85,316,157,164,379,262,434,147,286
440,407,194,88,444,101,456,145,144,178,364,540,865,333,234,279,380,813,475,74,286,490,287,189,334,116,324,203,229,604,744,1231,241,399,112,502,423,91,235,525,336,92,353,193,379,206,303,492,169,358
308,272,106,44,336,56,307,79,99,135,278,361,525,207,150,160,223,562,315,52,170,315,166,123,187,70,216,132,180,379,486,909,161,303,63,323,272,57,150,321,199,61,235,122,262,303,88,335,106,212
503,452,184,81,518,111,502,166,164,212,410,577,907,330,282,329,380,923,510,59,307,518,325,197,359,151,379,230,264,646,738,1386,282,483,130,539,480,83,251,547,352,118,376,183,434,492,335,256,225,344
154,175,59,27,169,31,182,53,81,85,169,213,322,119,95,101,137,340,195,23,99,177,135,80,115,53,143,94,90,250,290,513,87,178,35,203,166,33,99,197,120,39,145,79,147,169,106,225,43,118
402,299,136,63,345,74,320,105,106,131,302,362,586,217,199,220,231,622,360,45,230,340,193,146,238,88,242,136,193,409,524,922,172,321,91,389,332,63,176,371,215,82,271,116,286,358,212,344,118,100
