244,462,215,84,527,111,465,198,181,246,433,519,842,361,305,325,306,836,525,78,326,525,344,207,378,156,387,302,287,556,663,1197,229,508,118,493,459,86,262,485,282,117,390,154,425,420,316,495,184,374
462,210,147,67,415,112,411,130,119,169,383,509,788,298,251,277,318,791,422,54,218,454,277,197,282,126,294,196,209,520,652,1314,240,378,92,460,400,78,226,483,265,84,353,162,334,383,269,438,162,310
215,147,40,34,209,57,162,62,74,78,168,211,365,117,123,133,148,348,182,16,105,196,116,76,117,42,113,86,101,228,320,588,103,167,45,241,174,29,96,198,115,37,170,68,148,181,120,212,70,152
84,67,34,6,80,17,62,32,29,44,63,95,147,45,53,55,48,147,74,11,55,70,47,26,58,19,50,33,31,105,122,228,53,70,16,72,75,14,47,75,49,15,54,25,61,77,52,79,34,53
527,415,209,80,243,104,448,161,145,178,413,578,904,322,263,296,389,918,499,55,295,509,296,193,324,123,335,256,277,576,810,1362,283,408,111,551,483,80,231,542,313,96,402,174,411,458,325,496,167,347
111,112,57,17,104,12,86,39,34,42,78,136,211,78,62,72,86,218,125,14,71,111,67,51,75,31,80,43,59,134,173,322,70,94,29,113,103,22,64,112,72,26,82,42,83,100,72,96,33,69
465,411,162,62,448,86,200,176,162,205,366,538,842,318,262,296,341,855,466,71,279,450,263,203,312,121,329,229,231,594,711,1338,262,456,109,507,434,83,259,475,313,101,358,182,352,446,299,479,168,345
198,130,62,32,161,39,176,25,47,61,152,184,265,94,85,88,132,259,165,11,94,165,82,58,86,39,106,73,76,176,227,434,82,156,39,164,151,25,89,147,86,39,125,48,123,128,77,182,69,113
181,119,74,29,145,34,162,47,28,67,135,164,289,118,85,91,116,303,174,13,90,165,99,61,98,38,95,75,87,197,265,457,84,161,44,183,153,26,75,175,89,27,138,58,139,144,106,174,65,124
246,169,78,44,178,42,205,61,67,44,146,238,388,145,118,128,146,387,197,31,121,232,135,80,130,65,139,96,121,263,351,589,104,206,45,241,198,41,111,190,117,49,156,78,184,203,135,224,87,148
433,383,168,63,413,78,366,152,135,146,186,487,766,287,228,268,312,784,448,56,248,440,252,170,291,129,296,182,227,515,678,1142,211,394,119,485,403,64,211,419,235,97,305,122,362,394,288,397,151,319
519,509,211,95,578,136,538,184,164,238,487,303,1007,316,281,310,415,1034,537,64,292,501,338,228,390,147,358,283,266,710,846,1548,320,541,129,588,508,82,259,620,390,117,433,201,466,528,367,539,174,361
842,788,365,147,904,211,842,265,289,388,766,1007,795,565,492,523,667,1453,927,115,553,935,517,327,647,213,596,427,436,1166,1375,2325,458,867,231,1003,830,166,466,958,575,192,676,305,718,813,580,901,341,633
361,298,117,45,322,78,318,94,118,145,287,316,565,94,178,180,220,583,302,40,178,328,178,115,204,81,235,129,159,396,471,909,174,278,78,348,312,42,159,335,199,68,244,116,250,295,199,396,101,234
305,251,123,53,263,62,262,85,85,118,228,281,492,178,80,152,209,521,246,29,159,275,173,81,172,70,175,110,167,361,392,729,162,264,69,301,252,40,138,273,162,47,215,94,224,253,175,276,123,181
325,277,133,55,296,72,296,88,91,128,268,310,523,180,152,95,212,544,297,38,158,324,189,118,197,70,198,126,154,370,445,799,175,277,74,301,286,39,147,319,197,65,244,113,267,273,198,281,142,203
306,318,148,48,389,86,341,132,116,146,312,415,667,220,209,212,105,665,376,53,181,350,172,151,251,104,281,189,196,449,519,981,194,343,79,355,317,71,193,402,235,73,291,151,293,319,199,393,136,221
836,791,348,147,918,218,855,259,303,387,784,1034,1453,583,521,544,665,766,907,124,533,948,548,354,634,225,622,449,443,1156,1358,2371,503,886,215,999,845,169,426,941,553,184,663,356,727,813,606,894,349,618
525,422,182,74,499,125,466,165,174,197,448,537,927,302,246,297,376,907,272,67,293,475,330,200,349,139,360,237,272,638,721,1429,243,441,116,539,463,73,255,552,350,106,393,187,388,455,343,538,173,382
78,54,16,11,55,14,71,11,13,31,56,64,115,40,29,38,53,124,67,0,28,72,40,35,30,13,40,23,35,72,95,195,39,55,20,70,70,12,37,87,35,14,65,33,51,77,35,70,23,40
326,218,105,55,295,71,279,94,90,121,248,292,553,178,159,158,181,533,293,28,59,317,169,125,186,63,169,132,131,353,463,839,150,248,57,295,310,49,137,291,183,64,230,94,218,270,179,278,123,183
525,454,196,70,509,111,450,165,165,232,440,501,935,328,275,324,350,948,475,72,317,262,312,227,319,125,334,223,294,665,767,1390,253,464,112,564,447,72,273,555,333,121,380,198,398,479,323,534,168,354
344,277,116,47,296,67,263,82,99,135,252,338,517,178,173,189,172,548,330,40,169,312,85,109,188,72,181,121,145,392,418,882,183,292,72,309,280,39,146,298,177,53,241,120,218,273,173,326,134,181
207,197,76,26,193,51,203,58,61,80,170,228,327,115,81,118,151,354,200,35,125,227,109,42,146,59,152,94,96,253,322,568,106,196,55,208,196,28,105,216,117,48,150,68,168,194,125,209,72,136
378,282,117,58,324,75,312,86,98,130,291,390,647,204,172,197,251,634,349,30,186,319,188,146,115,77,205,151,143,469,474,969,183,321,79,370,315,48,151,373,178,72,281,115,241,305,198,357,130,218
156,126,42,19,123,31,121,39,38,65,129,147,213,81,70,70,104,225,139,13,63,125,72,59,77,17,79,62,72,141,190,344,61,128,25,149,109,29,57,142,90,28,97,41,90,114,82,125,36,87
387,294,113,50,335,80,329,106,95,139,296,358,596,235,175,198,281,622,360,40,169,334,181,152,205,79,111,161,164,409,516,915,185,313,71,348,305,71,195,385,226,73,276,123,253,329,216,387,114,214
302,196,86,33,256,43,229,73,75,96,182,283,427,129,110,126,189,449,237,23,132,223,121,94,151,62,161,76,118,285,367,640,138,222,47,257,202,37,111,248,141,66,165,88,178,215,160,238,83,131
287,209,101,31,277,59,231,76,87,121,227,266,436,159,167,154,196,443,272,35,131,294,145,96,143,72,164,118,67,319,404,707,138,245,42,285,218,30,115,267,161,57,210,102,176,239,159,283,102,188
556,520,228,105,576,134,594,176,197,263,515,710,1166,396,361,370,449,1156,638,72,353,665,392,253,469,141,409,285,319,392,958,1774,366,579,151,665,571,115,315,688,390,138,481,203,494,606,421,670,252,430
663,652,320,122,810,173,711,227,265,351,678,846,1375,471,392,445,519,1358,721,95,463,767,418,322,474,190,516,367,404,958,527,2069,393,729,175,810,672,139,373,759,505,162,602,271,601,713,469,773,281,522
1197,1314,588,228,1362,322,1338,434,457,589,1142,1548,2325,909,729,799,981,2371,1429,195,839,1390,882,568,969,344,915,640,707,1774,2069,1866,699,1292,325,1492,1327,263,700,1448,882,267,1046,534,1123,1229,864,1433,553,931
229,240,103,53,283,70,262,82,84,104,211,320,458,174,162,175,194,503,243,39,150,253,183,106,183,61,185,138,138,366,393,699,89,261,67,278,265,38,145,266,173,53,207,92,228,220,162,295,109,185
508,378,167,70,408,94,456,156,161,206,394,541,867,278,264,277,343,886,441,55,248,464,292,196,321,128,313,222,245,579,729,1292,261,202,99,498,431,90,250,460,311,94,323,184,369,435,277,477,182,313
118,92,45,16,111,29,109,39,44,45,119,129,231,78,69,74,79,215,116,20,57,112,72,55,79,25,71,47,42,151,175,325,67,99,10,122,109,11,52,133,69,22,86,41,85,99,82,107,44,76
493,460,241,72,551,113,507,164,183,241,485,588,1003,348,301,301,355,999,539,70,295,564,309,208,370,149,348,257,285,665,810,1492,278,498,122,278,486,95,297,591,328,104,408,203,420,514,327,554,181,335
459,400,174,75,483,103,434,151,153,198,403,508,830,312,252,286,317,845,463,70,310,447,280,196,315,109,305,202,218,571,672,1327,265,431,109,486,209,69,225,510,281,93,322,180,371,436,291,466,168,291
86,78,29,14,80,22,83,25,26,41,64,82,166,42,40,39,71,169,73,12,49,72,39,28,48,29,71,37,30,115,139,263,38,90,11,95,69,2,50,92,61,17,59,39,56,86,49,95,29,54
262,226,96,47,231,64,259,89,75,111,211,259,466,159,138,147,193,426,255,37,137,273,146,105,151,57,195,111,115,315,373,700,145,250,52,297,225,50,77,263,149,61,204,81,207,233,144,267,84,154
485,483,198,75,542,112,475,147,175,190,419,620,958,335,273,319,402,941,552,87,291,555,298,216,373,142,385,248,267,688,759,1448,266,460,133,591,510,92,263,297,344,108,421,169,392,497,359,517,188,352
282,265,115,49,313,72,313,86,89,117,235,390,575,199,162,197,235,553,350,35,183,333,177,117,178,90,226,141,161,390,505,882,173,311,69,328,281,61,149,344,86,70,281,122,240,328,215,351,99,203
117,84,37,15,96,26,101,39,27,49,97,117,192,68,47,65,73,184,106,14,64,121,53,48,72,28,73,66,57,138,162,267,53,94,22,104,93,17,61,108,70,11,85,35,94,102,65,107,35,77
390,353,170,54,402,82,358,125,138,156,305,433,676,244,215,244,291,663,393,65,230,380,241,150,281,97,276,165,210,481,602,1046,207,323,86,408,322,59,204,421,281,85,130,144,327,351,246,360,157,288
154,162,68,25,174,42,182,48,58,78,122,201,305,116,94,113,151,356,187,33,94,198,120,68,115,41,123,88,102,203,271,534,92,184,41,203,180,39,81,169,122,35,144,26,127,141,108,172,73,121
425,334,148,61,411,83,352,123,139,184,362,466,718,250,224,267,293,727,388,51,218,398,218,168,241,90,253,178,176,494,601,1123,228,369,85,420,371,56,207,392,240,94,327,127,158,343,249,434,157,291
420,383,181,77,458,100,446,128,144,203,394,528,813,295,253,273,319,813,455,77,270,479,273,194,305,114,329,215,239,606,713,1229,220,435,99,514,436,86,233,497,328,102,351,141,343,202,278,492,168,347
316,269,120,52,325,72,299,77,106,135,288,367,580,199,175,198,199,606,343,35,179,323,173,125,198,82,216,160,159,421,469,864,162,277,82,327,291,49,144,359,215,65,246,108,249,278,100,364,140,204
495,438,212,79,496,96,479,182,174,224,397,539,901,396,276,281,393,894,538,70,278,534,326,209,357,125,387,238,283,670,773,1433,295,477,107,554,466,95,267,517,351,107,360,172,434,492,364,260,180,364
184,162,70,34,167,33,168,69,65,87,151,174,341,101,123,142,136,349,173,23,123,168,134,72,130,36,114,83,102,252,281,553,109,182,44,181,168,29,84,188,99,35,157,73,157,168,140,180,44,131
374,310,152,53,347,69,345,113,124,148,319,361,633,234,181,203,221,618,382,40,183,354,181,136,218,87,214,131,188,430,522,931,185,313,76,335,291,54,154,352,203,77,288,121,291,347,204,364,131,104
