267,500,193,98,522,115,490,179,174,234,462,532,869,380,313,328,371,837,530,59,340,506,343,203,380,146,381,280,289,599,754,1166,248,516,112,533,475,85,263,485,343,101,357,166,412,443,294,496,162,371
500,172,159,77,425,91,423,123,114,186,356,479,756,274,208,225,326,809,448,59,223,448,247,163,281,109,293,200,213,519,651,1215,238,407,108,474,405,96,226,434,257,86,352,159,324,430,302,435,160,290
193,159,29,37,212,40,188,44,55,82,169,236,362,144,112,107,152,326,215,21,114,235,116,92,131,47,137,75,95,244,317,546,103,190,53,185,187,29,104,225,145,35,118,76,177,177,122,231,78,136
98,77,37,7,92,13,69,26,29,55,73,104,152,59,49,52,76,172,85,11,61,89,56,35,58,26,58,49,44,107,122,207,29,78,24,93,73,16,43,92,53,14,51,31,60,54,65,90,38,74
522,425,212,92,265,106,517,155,165,219,415,600,962,371,293,313,394,925,536,66,328,556,306,209,319,102,290,233,259,647,813,1446,280,466,112,565,501,74,297,594,348,129,391,190,429,477,328,556,195,331
115,91,40,13,106,9,121,32,39,57,94,134,201,85,66,72,74,217,107,12,76,114,60,49,71,38,84,59,53,146,165,278,59,107,33,115,110,21,49,125,68,21,80,49,78,100,64,116,48,82
490,423,188,69,517,121,229,143,155,217,425,587,906,313,277,275,342,950,502,65,263,495,295,215,326,131,334,248,259,605,713,1326,250,436,109,510,453,85,235,569,329,87,358,174,380,431,293,509,183,339
179,123,44,26,155,32,143,23,49,58,121,174,283,83,98,112,97,282,161,15,84,169,87,55,112,41,92,74,61,178,222,461,84,145,36,136,138,29,66,135,101,21,106,56,113,135,79,149,58,97
174,114,55,29,165,39,155,49,23,82,132,195,316,102,110,92,126,297,152,21,84,187,97,59,107,41,95,76,65,212,256,490,90,160,42,173,159,26,85,181,115,34,120,64,120,133,121,183,68,105
234,186,82,55,219,57,217,58,82,59,170,216,384,129,110,119,149,367,209,26,147,221,126,86,129,65,131,118,119,264,295,523,107,223,40,212,194,33,99,196,125,48,172,76,160,175,117,215,63,145
462,356,169,73,415,94,425,121,132,170,175,480,735,265,231,266,348,728,432,59,246,443,269,171,275,126,290,209,249,540,624,1130,203,390,113,485,364,68,208,426,261,84,328,151,338,376,273,465,143,287
532,479,236,104,600,134,587,174,195,216,480,333,1074,341,276,281,394,1017,581,89,340,598,331,231,368,138,385,236,277,713,857,1630,303,525,135,620,534,96,296,619,364,122,384,215,474,572,398,614,202,380
869,756,362,152,962,201,906,283,316,384,735,1074,844,538,454,531,639,1472,917,114,519,943,478,354,587,237,655,427,417,1141,1416,2437,467,867,218,1022,852,155,449,1005,638,186,687,356,726,881,617,1007,325,607
380,274,144,59,371,85,313,83,102,129,265,341,538,104,188,193,255,588,298,46,169,301,189,116,181,76,195,160,151,347,460,886,163,306,70,366,308,46,169,343,187,60,244,114,261,307,177,336,123,243
313,208,112,49,293,66,277,98,110,110,231,276,454,188,67,144,181,471,245,34,132,258,148,116,170,74,184,138,140,293,421,721,136,258,54,278,273,36,134,287,190,50,189,99,232,248,164,290,102,186
328,225,107,52,313,72,275,112,92,119,266,281,531,193,144,83,220,519,269,30,152,273,163,120,184,69,188,120,154,332,441,813,175,285,54,302,268,47,165,316,212,68,194,102,243,266,154,295,112,204
371,326,152,76,394,74,342,97,126,149,348,394,639,255,181,220,127,630,383,47,213,378,209,147,235,99,270,183,177,465,537,1036,192,383,80,350,351,59,170,391,247,77,287,111,279,345,216,379,129,251
837,809,326,172,925,217,950,282,297,367,728,1017,1472,588,471,519,630,810,895,93,487,942,505,385,622,217,646,420,422,1130,1440,2475,471,898,202,958,884,156,439,997,661,189,682,368,738,849,611,1000,327,623
530,448,215,85,536,107,502,161,152,209,432,581,917,298,245,269,383,895,249,64,299,458,274,178,315,129,346,239,249,610,756,1480,267,449,122,552,469,76,257,546,330,106,400,192,417,502,308,540,182,359
59,59,21,11,66,12,65,15,21,26,59,89,114,46,34,30,47,93,64,3,30,76,45,29,43,15,36,34,36,71,91,190,42,67,9,50,66,5,34,75,51,9,43,24,56,59,38,73,35,41
340,223,114,61,328,76,263,84,84,147,246,340,519,169,132,152,213,487,299,30,74,264,157,102,158,70,172,139,127,330,437,783,155,259,63,289,242,40,150,333,201,54,256,95,203,246,176,303,115,199
506,448,235,89,556,114,495,169,187,221,443,598,943,301,258,273,378,942,458,76,264,241,313,197,332,144,354,238,288,628,745,1420,278,473,139,588,476,81,262,564,339,112,386,183,398,485,322,543,190,357
343,247,116,56,306,60,295,87,97,126,269,331,478,189,148,163,209,505,274,45,157,313,95,121,169,84,200,150,152,349,434,806,164,270,71,311,255,48,143,310,194,54,225,105,223,275,185,324,123,213
203,163,92,35,209,49,215,55,59,86,171,231,354,116,116,120,147,385,178,29,102,197,121,39,140,52,147,97,101,254,285,557,97,173,49,233,194,38,104,217,137,46,155,82,172,202,119,235,73,135
380,281,131,58,319,71,326,112,107,129,275,368,587,181,170,184,235,622,315,43,158,332,169,140,97,81,215,152,160,380,531,942,170,265,78,344,320,56,161,347,222,63,266,133,249,298,196,368,141,228
146,109,47,26,102,38,131,41,41,65,126,138,237,76,74,69,99,217,129,15,70,144,84,52,81,16,80,65,61,154,196,352,67,114,26,132,143,18,61,135,58,25,118,45,96,120,71,131,44,88
381,293,137,58,290,84,334,92,95,131,290,385,655,195,184,188,270,646,346,36,172,354,200,147,215,80,100,152,163,408,502,969,185,281,84,365,336,53,176,332,216,59,291,127,287,312,202,368,131,213
280,200,75,49,233,59,248,74,76,118,209,236,427,160,138,120,183,420,239,34,139,238,150,97,152,65,152,57,111,312,349,627,135,206,56,241,222,31,104,253,179,46,183,99,182,205,145,250,83,168
289,213,95,44,259,53,259,61,65,119,249,277,417,151,140,154,177,422,249,36,127,288,152,101,160,61,163,111,50,267,417,729,128,236,49,264,264,33,113,289,151,48,210,91,221,232,144,293,92,171
599,519,244,107,647,146,605,178,212,264,540,713,1141,347,293,332,465,1130,610,71,330,628,349,254,380,154,408,312,267,379,1031,1829,352,601,153,676,640,111,304,713,450,145,467,244,480,582,378,681,244,429
754,651,317,122,813,165,713,222,256,295,624,857,1416,460,421,441,537,1440,756,91,437,745,434,285,531,196,502,349,417,1031,536,2129,418,756,181,840,697,145,354,862,554,151,572,292,593,710,505,833,275,493
1166,1215,546,207,1446,278,1326,461,490,523,1130,1630,2437,886,721,813,1036,2475,1480,190,783,1420,806,557,942,352,969,627,729,1829,2129,1954,724,1355,325,1550,1251,243,700,1538,968,291,1051,562,1080,1394,998,1439,511,892
248,238,103,29,280,59,250,84,90,107,203,303,467,163,136,175,192,471,267,42,155,278,164,97,170,67,185,135,128,352,418,724,69,257,51,325,273,47,138,287,184,63,202,126,204,237,171,297,109,205
516,407,190,78,466,107,436,145,160,223,390,525,867,306,258,285,383,898,449,67,259,473,270,173,265,114,281,206,236,601,756,1355,257,213,107,520,441,63,247,485,302,88,340,175,366,421,277,499,170,337
112,108,53,24,112,33,109,36,42,40,113,135,218,70,54,54,80,202,122,9,63,139,71,49,78,26,84,56,49,153,181,325,51,107,13,113,97,24,59,117,59,28,85,47,79,104,84,121,42,79
533,474,185,93,565,115,510,136,173,212,485,620,1022,366,278,302,350,958,552,50,289,588,311,233,344,132,365,241,264,676,840,1550,325,520,113,275,519,98,259,590,354,108,428,214,445,523,341,584,210,359
475,405,187,73,501,110,453,138,159,194,364,534,852,308,273,268,351,884,469,66,242,476,255,194,320,143,336,222,264,640,697,1251,273,441,97,519,226,84,253,517,288,100,342,186,397,442,305,508,176,317
85,96,29,16,74,21,85,29,26,33,68,96,155,46,36,47,59,156,76,5,40,81,48,38,56,18,53,31,33,111,145,243,47,63,24,98,84,5,35,107,62,17,75,38,70,66,50,104,31,55
263,226,104,43,297,49,235,66,85,99,208,296,449,169,134,165,170,439,257,34,150,262,143,104,161,61,176,104,113,304,354,700,138,247,59,259,253,35,50,278,165,43,182,86,193,230,171,256,100,151
485,434,225,92,594,125,569,135,181,196,426,619,1005,343,287,316,391,997,546,75,333,564,310,217,347,135,332,253,289,713,862,1538,287,485,117,590,517,107,278,281,346,98,390,197,455,489,337,536,197,351
343,257,145,53,348,68,329,101,115,125,261,364,638,187,190,212,247,661,330,51,201,339,194,137,222,58,216,179,151,450,554,968,184,302,59,354,288,62,165,346,120,73,272,135,262,289,226,358,131,186
101,86,35,14,129,21,87,21,34,48,84,122,186,60,50,68,77,189,106,9,54,112,54,46,63,25,59,46,48,145,151,291,63,88,28,108,100,17,43,98,73,11,89,36,75,86,58,117,40,79
357,352,118,51,391,80,358,106,120,172,328,384,687,244,189,194,287,682,400,43,256,386,225,155,266,118,291,183,210,467,572,1051,202,340,85,428,342,75,182,390,272,89,132,166,310,357,227,371,139,274
166,159,76,31,190,49,174,56,64,76,151,215,356,114,99,102,111,368,192,24,95,183,105,82,133,45,127,99,91,244,292,562,126,175,47,214,186,38,86,197,135,36,166,29,163,176,105,203,94,120
412,324,177,60,429,78,380,113,120,160,338,474,726,261,232,243,279,738,417,56,203,398,223,172,249,96,287,182,221,480,593,1080,204,366,79,445,397,70,193,455,262,75,310,163,155,381,248,425,145,270
443,430,177,54,477,100,431,135,133,175,376,572,881,307,248,266,345,849,502,59,246,485,275,202,298,120,312,205,232,582,710,1394,237,421,104,523,442,66,230,489,289,86,357,176,381,218,282,512,160,308
294,302,122,65,328,64,293,79,121,117,273,398,617,177,164,154,216,611,308,38,176,322,185,119,196,71,202,145,144,378,505,998,171,277,84,341,305,50,171,337,226,58,227,105,248,282,114,331,134,224
496,435,231,90,556,116,509,149,183,215,465,614,1007,336,290,295,379,1000,540,73,303,543,324,235,368,131,368,250,293,681,833,1439,297,499,121,584,508,104,256,536,358,117,371,203,425,512,331,252,185,338
162,160,78,38,195,48,183,58,68,63,143,202,325,123,102,112,129,327,182,35,115,190,123,73,141,44,131,83,92,244,275,511,109,170,42,210,176,31,100,197,131,40,139,94,145,160,134,185,36,124
371,290,136,74,331,82,339,97,105,145,287,380,607,243,186,204,251,623,359,41,199,357,213,135,228,88,213,168,171,429,493,892,205,337,79,359,317,55,151,351,186,79,274,120,270,308,224,338,124,134
