276,481,207,88,490,120,475,170,164,240,445,506,839,369,319,362,356,830,500,62,346,507,308,210,401,161,411,284,307,634,690,1224,249,456,105,508,501,100,278,444,308,126,374,180,447,432,320,520,175,402
481,162,159,84,426,119,398,122,152,194,359,473,837,265,208,223,323,819,418,45,238,443,265,175,285,117,255,193,206,547,669,1207,236,396,88,465,428,78,183,454,267,82,340,149,347,403,246,457,158,263
207,159,35,44,202,59,201,63,78,82,184,192,351,135,104,87,139,352,206,23,105,198,101,78,122,41,124,73,87,255,282,559,98,180,42,209,183,27,109,199,122,39,158,57,151,169,121,227,76,139
88,84,44,6,84,21,97,37,31,39,72,99,147,51,48,60,61,159,94,9,43,103,62,33,64,36,72,48,51,105,127,205,45,90,20,94,74,10,32,80,55,13,59,33,70,73,60,94,31,65
490,426,202,84,267,113,531,150,174,215,448,588,917,340,266,291,345,921,534,67,268,572,319,210,335,120,339,242,260,621,810,1378,253,466,111,564,499,92,259,559,339,100,388,181,441,490,338,528,218,367
120,119,59,21,113,15,118,44,40,31,79,142,203,72,70,70,89,192,104,15,65,131,84,45,88,40,86,62,68,144,154,295,65,122,22,135,96,15,51,116,69,21,84,44,93,86,73,119,42,68
475,398,201,97,531,118,218,147,172,201,404,558,830,312,260,287,345,820,478,70,248,475,275,181,345,116,331,226,250,611,716,1324,247,458,112,538,448,82,251,502,298,100,329,192,386,446,341,479,184,313
170,122,63,37,150,44,147,25,37,70,138,179,269,115,88,102,108,273,159,15,83,166,96,59,104,40,99,75,76,165,250,453,75,147,36,144,158,26,70,167,99,29,129,53,113,151,101,183,61,116
164,152,78,31,174,40,172,37,32,82,151,152,293,104,96,92,126,300,168,17,100,178,91,74,110,36,116,81,86,207,250,444,84,148,37,156,149,24,87,177,126,37,112,62,141,153,104,183,78,93
240,194,82,39,215,31,201,70,82,57,171,210,347,139,116,136,161,359,221,31,111,231,113,81,135,52,122,104,94,265,317,578,108,183,57,211,203,39,114,232,125,40,148,59,164,201,134,222,72,159
445,359,184,72,448,79,404,138,151,171,185,440,701,277,232,241,336,732,426,69,249,426,266,138,281,125,298,192,219,546,685,1169,249,392,108,465,417,74,227,465,264,79,311,142,355,410,249,459,148,288
506,473,192,99,588,142,558,179,152,210,440,344,978,339,272,311,369,1005,575,90,312,602,311,217,351,121,380,271,268,709,818,1610,292,537,138,592,507,88,253,614,368,121,415,214,437,535,361,554,202,341
839,837,351,147,917,203,830,269,293,347,701,978,788,575,460,498,629,1434,917,114,455,949,490,353,618,218,608,440,459,1142,1361,2476,448,860,207,1021,846,155,421,972,600,157,641,338,750,839,562,896,339,596
369,265,135,51,340,72,312,115,104,139,277,339,575,116,178,176,234,587,326,35,162,351,183,118,214,93,224,150,164,420,497,909,164,274,82,361,313,51,155,344,212,62,256,129,281,301,216,335,114,219
319,208,104,48,266,70,260,88,96,116,232,272,460,178,66,134,221,436,268,34,128,271,143,110,166,69,174,123,143,352,402,747,149,258,59,255,261,46,148,268,159,45,209,97,210,233,160,261,114,199
362,223,87,60,291,70,287,102,92,136,241,311,498,176,134,79,218,525,297,31,140,268,165,127,164,76,188,129,152,352,432,784,168,256,68,316,271,52,149,289,205,60,208,109,218,246,169,298,121,212
356,323,139,61,345,89,345,108,126,161,336,369,629,234,221,218,133,615,362,36,186,400,246,140,285,78,233,184,170,447,558,990,210,336,68,354,326,60,189,361,231,70,253,126,301,349,241,380,131,227
830,819,352,159,921,192,820,273,300,359,732,1005,1434,587,436,525,615,810,878,108,495,900,522,366,613,243,635,430,475,1104,1375,2445,461,850,201,999,881,153,434,988,630,175,672,354,718,828,598,903,327,626
500,418,206,94,534,104,478,159,168,221,426,575,917,326,268,297,362,878,253,46,266,471,310,187,363,136,344,237,257,596,752,1437,309,432,109,527,495,77,251,573,354,98,391,193,450,459,311,550,195,329
62,45,23,9,67,15,70,15,17,31,69,90,114,35,34,31,36,108,46,2,35,68,38,28,42,14,44,27,33,76,87,163,32,57,14,59,68,8,28,57,38,8,57,23,45,63,36,64,23,49
346,238,105,43,268,65,248,83,100,111,249,312,455,162,128,140,186,495,266,35,88,256,163,100,160,60,184,125,144,334,392,764,138,254,78,290,253,42,136,293,185,60,208,92,204,258,133,282,102,185
507,443,198,103,572,131,475,166,178,231,426,602,949,351,271,268,400,900,471,68,256,262,319,194,336,142,343,238,267,610,722,1412,311,508,102,584,531,101,284,526,340,107,395,203,448,473,330,549,200,351
308,265,101,62,319,84,275,96,91,113,266,311,490,183,143,165,246,522,310,38,163,319,84,117,185,79,185,149,151,377,461,783,163,279,56,306,261,43,168,296,187,61,248,105,230,270,178,297,111,191
210,175,78,33,210,45,181,59,74,81,138,217,353,118,110,127,140,366,187,28,100,194,117,36,125,45,141,96,92,244,284,527,88,180,47,214,195,41,100,215,126,42,161,68,157,193,128,199,69,136
401,285,122,64,335,88,345,104,110,135,281,351,618,214,166,164,285,613,363,42,160,336,185,125,95,81,211,139,158,407,500,925,169,322,75,342,328,56,162,352,221,60,281,108,247,290,194,361,139,219
161,117,41,36,120,40,116,40,36,52,125,121,218,93,69,76,78,243,136,14,60,142,79,45,81,17,74,50,54,156,178,378,67,140,32,125,115,25,67,128,84,23,87,38,81,126,79,136,46,94
411,255,124,72,339,86,331,99,116,122,298,380,608,224,174,188,233,635,344,44,184,343,185,141,211,74,116,142,175,399,508,953,168,333,90,358,366,59,162,379,232,59,275,140,262,307,188,342,151,211
284,193,73,48,242,62,226,75,81,104,192,271,440,150,123,129,184,430,237,27,125,238,149,96,139,50,142,55,119,305,325,641,136,221,49,224,242,32,119,280,159,42,179,93,184,198,138,248,87,169
307,206,87,51,260,68,250,76,86,94,219,268,459,164,143,152,170,475,257,33,144,267,151,92,158,54,175,119,49,309,361,716,153,249,69,268,237,46,139,255,172,58,208,91,187,231,151,277,90,159
634,547,255,105,621,144,611,165,207,265,546,709,1142,420,352,352,447,1104,596,76,334,610,377,244,407,156,399,305,309,396,959,1817,355,572,147,719,560,117,318,690,392,127,477,236,528,584,378,686,240,468
690,669,282,127,810,154,716,250,250,317,685,818,1361,497,402,432,558,1375,752,87,392,722,461,284,500,178,508,325,361,959,573,2093,432,701,149,839,716,126,399,808,473,154,586,320,629,718,494,815,279,511
1224,1207,559,205,1378,295,1324,453,444,578,1169,1610,2476,909,747,784,990,2445,1437,163,764,1412,783,527,925,378,953,641,716,1817,2093,1916,735,1291,321,1528,1365,232,710,1550,926,301,1037,526,1102,1316,906,1427,494,948
249,236,98,45,253,65,247,75,84,108,249,292,448,164,149,168,210,461,309,32,138,311,163,88,169,67,168,136,153,355,432,735,70,249,57,306,242,55,136,298,161,50,195,101,225,250,159,265,99,194
456,396,180,90,466,122,458,147,148,183,392,537,860,274,258,256,336,850,432,57,254,508,279,180,322,140,333,221,249,572,701,1291,249,226,99,471,433,91,229,456,289,85,356,187,391,417,316,496,170,355
105,88,42,20,111,22,112,36,37,57,108,138,207,82,59,68,68,201,109,14,78,102,56,47,75,32,90,49,69,147,149,321,57,99,13,114,96,20,47,116,72,21,86,46,99,96,79,116,44,79
508,465,209,94,564,135,538,144,156,211,465,592,1021,361,255,316,354,999,527,59,290,584,306,214,342,125,358,224,268,719,839,1528,306,471,114,273,523,81,258,611,342,115,416,214,430,542,328,593,203,375
501,428,183,74,499,96,448,158,149,203,417,507,846,313,261,271,326,881,495,68,253,531,261,195,328,115,366,242,237,560,716,1365,242,433,96,523,208,78,203,514,315,95,350,168,380,431,311,488,170,332
100,78,27,10,92,15,82,26,24,39,74,88,155,51,46,52,60,153,77,8,42,101,43,41,56,25,59,32,46,117,126,232,55,91,20,81,78,6,41,83,49,19,57,29,65,83,62,79,36,66
278,183,109,32,259,51,251,70,87,114,227,253,421,155,148,149,189,434,251,28,136,284,168,100,162,67,162,119,139,318,399,710,136,229,47,258,203,41,60,253,177,60,194,100,207,228,160,268,90,168
444,454,199,80,559,116,502,167,177,232,465,614,972,344,268,289,361,988,573,57,293,526,296,215,352,128,379,280,255,690,808,1550,298,456,116,611,514,83,253,280,355,116,403,183,436,505,350,570,216,370
308,267,122,55,339,69,298,99,126,125,264,368,600,212,159,205,231,630,354,38,185,340,187,126,221,84,232,159,172,392,473,926,161,289,72,342,315,49,177,355,119,70,236,152,241,301,231,357,130,211
126,82,39,13,100,21,100,29,37,40,79,121,157,62,45,60,70,175,98,8,60,107,61,42,60,23,59,42,58,127,154,301,50,85,21,115,95,19,60,116,70,14,85,37,62,93,66,106,36,71
374,340,158,59,388,84,329,129,112,148,311,415,641,256,209,208,253,672,391,57,208,395,248,161,281,87,275,179,208,477,586,1037,195,356,86,416,350,57,194,403,236,85,130,142,316,333,253,367,146,286
180,149,57,33,181,44,192,53,62,59,142,214,338,129,97,109,126,354,193,23,92,203,105,68,108,38,140,93,91,236,320,526,101,187,46,214,168,29,100,183,152,37,142,21,138,181,124,197,66,134
447,347,151,70,441,93,386,113,141,164,355,437,750,281,210,218,301,718,450,45,204,448,230,157,247,81,262,184,187,528,629,1102,225,391,99,430,380,65,207,436,241,62,316,138,166,399,270,386,141,298
432,403,169,73,490,86,446,151,153,201,410,535,839,301,233,246,349,828,459,63,258,473,270,193,290,126,307,198,231,584,718,1316,250,417,96,542,431,83,228,505,301,93,333,181,399,212,301,465,173,302
320,246,121,60,338,73,341,101,104,134,249,361,562,216,160,169,241,598,311,36,133,330,178,128,194,79,188,138,151,378,494,906,159,316,79,328,311,62,160,350,231,66,253,124,270,301,95,321,129,224
520,457,227,94,528,119,479,183,183,222,459,554,896,335,261,298,380,903,550,64,282,549,297,199,361,136,342,248,277,686,815,1427,265,496,116,593,488,79,268,570,357,106,367,197,386,465,321,248,186,351
175,158,76,31,218,42,184,61,78,72,148,202,339,114,114,121,131,327,195,23,102,200,111,69,139,46,151,87,90,240,279,494,99,170,44,203,170,36,90,216,130,36,146,66,141,173,129,186,32,119
402,263,139,65,367,68,313,116,93,159,288,341,596,219,199,212,227,626,329,49,185,351,191,136,219,94,211,169,159,468,511,948,194,355,79,375,332,66,168,370,211,71,286,134,298,302,224,351,119,91
