282,407,231,93,476,108,512,173,147,237,438,512,838,354,322,337,369,857,508,57,313,500,353,185,341,112,333,321,311,583,667,1206,233,507,119,552,515,79,254,463,296,101,369,172,431,412,327,467,174,380
407,178,190,76,442,103,432,114,136,179,359,467,757,320,242,251,284,802,418,52,240,424,267,194,306,128,297,196,226,566,677,1241,231,402,110,434,396,75,214,435,286,95,316,161,358,438,268,479,150,291
231,190,26,33,209,38,199,70,60,84,173,213,358,123,109,125,135,363,212,26,112,216,140,85,132,43,128,87,96,247,275,551,111,174,50,206,191,34,114,208,142,37,154,64,151,179,121,205,95,119
93,76,33,9,81,21,70,35,19,26,72,95,155,61,47,47,45,136,75,18,60,88,59,42,70,19,68,39,54,98,99,218,40,87,12,74,63,9,37,84,48,12,62,41,88,74,53,83,36,66
476,442,209,81,253,100,490,164,184,196,427,594,962,340,294,302,371,919,539,65,269,517,331,200,361,147,364,261,254,636,853,1415,291,474,124,535,516,72,266,551,331,110,391,189,439,465,322,538,201,325
108,103,38,21,100,10,111,40,29,42,88,126,189,81,48,60,75,211,110,19,58,111,74,48,79,30,86,50,72,136,149,298,51,109,22,122,82,14,63,112,65,24,88,51,93,106,60,115,42,82
512,432,199,70,490,111,207,137,146,205,411,548,825,330,262,262,348,869,505,69,270,521,286,176,329,116,314,230,260,608,703,1363,267,463,100,507,415,81,212,477,283,93,387,199,380,465,288,444,186,360
173,114,70,35,164,40,137,20,45,67,141,176,269,87,80,96,103,264,150,16,89,147,103,51,100,39,96,63,82,200,199,424,86,145,31,147,138,23,60,150,109,32,109,53,114,141,101,147,43,105
147,136,60,19,184,29,146,45,22,67,147,188,314,101,91,88,111,314,151,22,79,176,101,70,109,48,89,78,76,200,257,485,88,161,40,178,145,34,86,192,114,21,125,57,148,178,101,178,72,116
237,179,84,26,196,42,205,67,67,39,165,229,382,134,106,117,153,379,192,26,134,201,101,90,123,59,125,96,113,256,310,553,111,210,53,224,192,32,112,218,120,38,160,68,175,173,134,223,68,149
438,359,173,72,427,88,411,141,147,165,188,455,763,303,232,248,299,794,403,53,255,423,256,182,279,118,288,193,217,553,640,1130,238,408,109,460,397,67,216,439,234,74,339,145,361,422,289,431,152,295
512,467,213,95,594,126,548,176,188,229,455,292,1027,359,292,315,392,983,602,67,288,608,310,212,364,142,350,239,290,674,847,1531,293,552,129,574,504,79,274,566,366,108,421,226,413,525,343,537,204,370
838,757,358,155,962,189,825,269,314,382,763,1027,792,590,480,531,655,1423,939,126,537,905,535,339,571,235,607,425,473,1103,1275,2365,468,819,202,1013,816,160,441,915,583,195,697,338,709,779,564,918,334,613
354,320,123,61,340,81,330,87,101,134,303,359,590,115,168,171,232,580,330,54,181,351,190,138,203,57,197,151,148,414,473,928,172,313,70,326,329,61,159,347,210,72,255,129,263,301,203,315,132,240
322,242,109,47,294,48,262,80,91,106,232,292,480,168,63,137,183,471,279,28,155,298,155,106,154,79,176,138,130,335,365,728,137,272,53,284,258,44,140,299,189,55,197,86,200,236,164,267,103,168
337,251,125,47,302,60,262,96,88,117,248,315,531,171,137,82,211,542,288,31,141,291,155,90,180,90,196,148,132,339,404,834,161,285,59,290,294,40,137,336,195,64,227,102,220,255,166,286,112,206
369,284,135,45,371,75,348,103,111,153,299,392,655,232,183,211,126,645,375,43,185,383,224,134,254,90,238,180,178,443,507,1007,190,367,98,401,337,65,175,399,227,65,282,130,283,331,229,382,130,247
857,802,363,136,919,211,869,264,314,379,794,983,1423,580,471,542,645,769,959,115,507,907,551,349,576,247,655,418,467,1093,1312,2461,459,832,197,1006,831,152,452,909,611,205,708,328,713,799,561,912,323,641
508,418,212,75,539,110,505,150,151,192,403,602,939,330,279,288,375,959,264,63,267,453,298,197,333,127,350,241,265,680,773,1449,269,440,119,560,462,79,241,563,316,97,397,215,422,489,312,520,197,346
57,52,26,18,65,19,69,16,22,26,53,67,126,54,28,31,43,115,63,3,30,53,31,13,40,18,38,30,36,75,73,201,28,63,9,69,51,5,25,66,43,13,40,24,49,53,36,62,19,31
313,240,112,60,269,58,270,89,79,134,255,288,537,181,155,141,185,507,267,30,63,283,160,104,186,62,167,109,116,321,419,842,157,279,60,258,277,42,153,304,190,44,222,99,210,245,165,276,109,204
500,424,216,88,517,111,521,147,176,201,423,608,905,351,298,291,383,907,453,53,283,229,314,199,374,104,322,249,247,634,719,1424,287,461,115,573,491,81,265,575,366,90,385,209,439,445,330,551,196,340
353,267,140,59,331,74,286,103,101,101,256,310,535,190,155,155,224,551,298,31,160,314,79,107,185,82,210,163,149,356,472,851,170,278,74,305,293,51,127,304,183,47,224,106,232,279,175,311,116,204
185,194,85,42,200,48,176,51,70,90,182,212,339,138,106,90,134,349,197,13,104,199,107,39,135,51,124,101,103,245,299,541,113,193,43,187,185,38,89,201,124,33,151,83,153,179,119,198,67,171
341,306,132,70,361,79,329,100,109,123,279,364,571,203,154,180,254,576,333,40,186,374,185,135,111,75,190,164,181,392,540,951,183,333,72,343,306,62,168,338,210,63,246,132,258,343,188,333,135,230
112,128,43,19,147,30,116,39,48,59,118,142,235,57,79,90,90,247,127,18,62,104,82,51,75,13,82,66,69,185,193,365,81,106,29,122,98,26,63,152,80,22,92,45,95,134,70,150,58,92
333,297,128,68,364,86,314,96,89,125,288,350,607,197,176,196,238,655,350,38,167,322,210,124,190,82,111,154,191,415,526,1008,206,310,68,346,311,55,155,380,210,60,259,119,245,342,185,374,119,237
321,196,87,39,261,50,230,63,78,96,193,239,425,151,138,148,180,418,241,30,109,249,163,101,164,66,154,54,120,294,360,696,129,210,48,261,236,41,101,248,155,61,171,87,193,213,160,274,105,177
311,226,96,54,254,72,260,82,76,113,217,290,473,148,130,132,178,467,265,36,116,247,149,103,181,69,191,120,71,317,389,725,128,227,75,253,255,43,119,281,162,46,190,96,220,239,150,269,109,200
583,566,247,98,636,136,608,200,200,256,553,674,1103,414,335,339,443,1093,680,75,321,634,356,245,392,185,415,294,317,369,936,1821,339,617,144,641,578,105,315,698,414,134,502,232,476,610,391,663,259,418
667,677,275,99,853,149,703,199,257,310,640,847,1275,473,365,404,507,1312,773,73,419,719,472,299,540,193,526,360,389,936,567,2034,407,709,173,824,686,128,379,829,504,137,529,278,607,712,502,770,276,496
1206,1241,551,218,1415,298,1363,424,485,553,1130,1531,2365,928,728,834,1007,2461,1449,201,842,1424,851,541,951,365,1008,696,725,1821,2034,1879,719,1322,308,1478,1272,255,676,1488,939,300,1064,528,1098,1267,896,1434,506,889
233,231,111,40,291,51,267,86,88,111,238,293,468,172,137,161,190,459,269,28,157,287,170,113,183,81,206,129,128,339,407,719,69,256,56,304,247,54,133,296,190,63,184,86,220,230,165,255,96,174
507,402,174,87,474,109,463,145,161,210,408,552,819,313,272,285,367,832,440,63,279,461,278,193,333,106,310,210,227,617,709,1322,256,226,114,494,436,76,239,486,307,91,370,164,386,417,278,500,199,328
119,110,50,12,124,22,100,31,40,53,109,129,202,70,53,59,98,197,119,9,60,115,74,43,72,29,68,48,75,144,173,308,56,114,20,129,96,23,53,99,59,12,73,43,84,103,69,116,50,78
552,434,206,74,535,122,507,147,178,224,460,574,1013,326,284,290,401,1006,560,69,258,573,305,187,343,122,346,261,253,641,824,1478,304,494,129,277,472,90,257,610,359,111,422,199,415,513,336,560,207,374
515,396,191,63,516,82,415,138,145,192,397,504,816,329,258,294,337,831,462,51,277,491,293,185,306,98,311,236,255,578,686,1272,247,436,96,472,207,71,206,473,305,109,365,184,381,413,266,471,178,327
79,75,34,9,72,14,81,23,34,32,67,79,160,61,44,40,65,152,79,5,42,81,51,38,62,26,55,41,43,105,128,255,54,76,23,90,71,5,39,94,56,18,61,25,80,87,52,88,27,64
254,214,114,37,266,63,212,60,86,112,216,274,441,159,140,137,175,452,241,25,153,265,127,89,168,63,155,101,119,315,379,676,133,239,53,257,206,39,60,261,174,41,182,94,163,238,157,248,73,167
463,435,208,84,551,112,477,150,192,218,439,566,915,347,299,336,399,909,563,66,304,575,304,201,338,152,380,248,281,698,829,1488,296,486,99,610,473,94,261,261,310,106,411,203,425,493,333,538,179,396
296,286,142,48,331,65,283,109,114,120,234,366,583,210,189,195,227,611,316,43,190,366,183,124,210,80,210,155,162,414,504,939,190,307,59,359,305,56,174,310,94,71,271,123,249,315,217,340,99,203
101,95,37,12,110,24,93,32,21,38,74,108,195,72,55,64,65,205,97,13,44,90,47,33,63,22,60,61,46,134,137,300,63,91,12,111,109,18,41,106,71,9,87,46,77,106,48,98,48,79
369,316,154,62,391,88,387,109,125,160,339,421,697,255,197,227,282,708,397,40,222,385,224,151,246,92,259,171,190,502,529,1064,184,370,73,422,365,61,182,411,271,87,140,151,297,363,260,377,126,276
172,161,64,41,189,51,199,53,57,68,145,226,338,129,86,102,130,328,215,24,99,209,106,83,132,45,119,87,96,232,278,528,86,164,43,199,184,25,94,203,123,46,151,27,144,176,116,190,66,137
431,358,151,88,439,93,380,114,148,175,361,413,709,263,200,220,283,713,422,49,210,439,232,153,258,95,245,193,220,476,607,1098,220,386,84,415,381,80,163,425,249,77,297,144,177,392,257,385,167,286
412,438,179,74,465,106,465,141,178,173,422,525,779,301,236,255,331,799,489,53,245,445,279,179,343,134,342,213,239,610,712,1267,230,417,103,513,413,87,238,493,315,106,363,176,392,215,330,489,177,289
327,268,121,53,322,60,288,101,101,134,289,343,564,203,164,166,229,561,312,36,165,330,175,119,188,70,185,160,150,391,502,896,165,278,69,336,266,52,157,333,217,48,260,116,257,330,90,313,111,206
467,479,205,83,538,115,444,147,178,223,431,537,918,315,267,286,382,912,520,62,276,551,311,198,333,150,374,274,269,663,770,1434,255,500,116,560,471,88,248,538,340,98,377,190,385,489,313,242,164,341
174,150,95,36,201,42,186,43,72,68,152,204,334,132,103,112,130,323,197,19,109,196,116,67,135,58,119,105,109,259,276,506,96,199,50,207,178,27,73,179,99,48,126,66,167,177,111,164,44,107
380,291,119,66,325,82,360,105,116,149,295,370,613,240,168,206,247,641,346,31,204,340,204,171,230,92,237,177,200,418,496,889,174,328,78,374,327,64,167,396,203,79,276,137,286,289,206,341,107,119
