261,452,221,85,505,127,518,178,167,255,468,521,806,360,296,323,366,849,499,63,340,547,340,222,366,156,364,282,313,601,728,1186,247,457,107,481,486,79,267,450,318,103,361,190,445,437,313,525,160,370
452,190,171,80,488,105,436,138,161,188,402,458,810,302,238,256,322,802,447,39,237,484,259,184,298,98,293,198,219,501,641,1228,235,426,107,422,408,80,217,455,275,79,341,170,367,391,282,483,183,293
221,171,42,40,191,53,204,55,59,78,180,214,375,132,91,112,145,384,187,21,105,190,123,66,126,60,155,63,84,222,328,558,106,173,38,202,207,38,96,217,111,42,152,92,160,170,132,181,67,104
85,80,40,7,67,21,81,37,30,36,60,83,136,55,48,55,65,142,77,11,41,87,51,34,58,20,55,40,60,100,109,209,47,78,16,82,72,15,43,81,54,15,69,33,64,74,58,87,23,47
505,488,191,67,283,116,490,167,180,213,410,564,886,330,261,289,365,853,556,65,300,550,302,199,321,135,336,248,250,652,798,1383,258,461,99,557,454,77,266,568,331,100,397,175,368,446,327,529,187,358
127,105,53,21,116,15,112,39,47,53,82,126,210,84,56,62,101,186,113,13,52,132,68,35,65,28,79,58,64,139,159,287,54,94,13,130,98,25,47,108,78,20,72,41,88,94,68,122,34,78
518,436,204,81,490,112,247,146,174,187,399,533,855,308,265,330,357,848,468,76,256,498,279,182,320,115,334,224,243,609,738,1381,277,464,110,497,443,77,236,524,325,97,379,190,395,422,305,487,159,334
178,138,55,37,167,39,146,30,49,66,132,193,260,110,84,82,132,294,152,18,85,172,82,60,100,29,98,65,63,171,263,455,79,134,41,151,143,17,80,172,105,24,125,46,130,143,92,164,53,115
167,161,59,30,180,47,174,49,24,71,134,168,264,99,85,92,125,258,183,18,91,183,89,59,94,37,103,73,84,188,266,444,71,170,34,169,148,22,83,201,113,37,122,66,123,154,105,184,55,127
255,188,78,36,213,53,187,66,71,46,174,218,357,149,111,113,165,354,209,26,115,246,123,100,132,44,150,88,111,235,298,543,116,191,47,230,200,40,104,215,132,37,166,79,158,183,121,193,67,137
468,402,180,60,410,82,399,132,134,174,183,462,733,288,266,261,333,722,418,54,261,462,273,173,280,101,274,174,220,533,642,1171,229,381,99,472,373,79,218,437,288,86,302,126,360,403,261,440,159,306
521,458,214,83,564,126,533,193,168,218,462,298,980,359,280,301,421,1002,600,66,297,604,335,214,331,156,382,254,289,715,875,1544,290,533,139,612,498,99,273,591,368,121,441,238,418,537,328,573,204,407
806,810,375,136,886,210,855,260,264,357,733,980,803,579,492,531,641,1444,935,108,445,879,588,353,613,209,610,390,491,1147,1349,2416,484,835,212,932,817,167,433,988,580,203,680,333,717,800,585,907,331,584
360,302,132,55,330,84,308,110,99,149,288,359,579,111,193,196,229,607,300,50,184,342,203,126,208,79,221,148,181,411,521,916,189,320,77,304,298,62,177,368,220,63,248,123,240,291,207,381,122,250
296,238,91,48,261,56,265,84,85,111,266,280,492,193,69,124,191,519,293,35,138,290,173,100,179,66,174,112,128,337,417,741,142,266,81,262,231,38,136,290,181,57,206,101,219,246,159,287,116,188
323,256,112,55,289,62,330,82,92,113,261,301,531,196,124,66,190,496,319,31,150,315,184,133,195,70,192,125,148,368,463,787,148,259,59,262,257,36,138,327,192,70,245,119,241,260,160,329,112,207
366,322,145,65,365,101,357,132,125,165,333,421,641,229,191,190,122,610,356,42,171,397,197,144,231,115,251,167,193,422,579,990,194,337,76,382,350,62,178,409,219,82,242,150,290,325,252,386,141,259
849,802,384,142,853,186,848,294,258,354,722,1002,1444,607,519,496,610,796,942,105,486,887,545,349,587,240,606,385,459,1153,1355,2420,473,825,227,965,788,175,472,956,567,206,654,315,732,828,581,891,347,553
499,447,187,77,556,113,468,152,183,209,418,600,935,300,293,319,356,942,248,55,288,472,291,203,344,118,310,221,239,628,766,1429,279,483,127,527,487,86,260,557,358,93,397,201,421,468,332,482,210,330
63,39,21,11,65,13,76,18,18,26,54,66,108,50,35,31,42,105,55,4,36,68,43,29,36,22,48,22,30,83,90,189,40,65,17,72,72,13,25,81,40,12,39,25,57,58,38,66,18,53
340,237,105,41,300,52,256,85,91,115,261,297,445,184,138,150,171,486,288,36,68,299,145,127,197,68,206,117,132,338,435,779,128,268,62,244,226,34,120,309,206,52,222,97,246,231,190,327,93,176
547,484,190,87,550,132,498,172,183,246,462,604,879,342,290,315,397,887,472,68,299,265,322,185,340,136,342,236,260,660,784,1390,270,508,123,555,467,86,248,580,359,103,372,184,421,481,352,536,172,362
340,259,123,51,302,68,279,82,89,123,273,335,588,203,173,184,197,545,291,43,145,322,89,119,179,69,181,132,127,360,438,871,161,298,74,298,318,47,162,324,199,50,261,109,219,276,178,335,134,195
222,184,66,34,199,35,182,60,59,100,173,214,353,126,100,133,144,349,203,29,127,185,119,35,122,47,124,84,110,250,315,565,103,195,56,214,194,29,106,203,140,50,174,75,145,197,124,220,72,147
366,298,126,58,321,65,320,100,94,132,280,331,613,208,179,195,231,587,344,36,197,340,179,122,103,89,219,156,144,410,545,905,191,298,82,350,299,56,175,376,225,74,274,115,243,336,202,357,127,221
156,98,60,20,135,28,115,29,37,44,101,156,209,79,66,70,115,240,118,22,68,136,69,47,89,13,82,57,56,165,202,348,65,134,42,136,118,25,66,136,90,25,103,51,100,123,89,121,45,92
364,293,155,55,336,79,334,98,103,150,274,382,610,221,174,192,251,606,310,48,206,342,181,124,219,82,124,160,167,457,581,954,166,331,76,321,324,54,171,363,257,66,277,135,265,341,247,362,114,225
282,198,63,40,248,58,224,65,73,88,174,254,390,148,112,125,167,385,221,22,117,236,132,84,156,57,160,48,108,304,342,669,139,233,57,239,239,45,118,248,142,43,188,84,186,207,137,227,84,155
313,219,84,60,250,64,243,63,84,111,220,289,491,181,128,148,193,459,239,30,132,260,127,110,144,56,167,108,63,297,364,720,129,261,50,233,253,40,135,257,167,66,196,81,198,203,146,250,84,165
601,501,222,100,652,139,609,171,188,235,533,715,1147,411,337,368,422,1153,628,83,338,660,360,250,410,165,457,304,297,369,948,1785,346,586,163,665,580,107,315,677,414,121,491,224,527,619,371,671,240,438
728,641,328,109,798,159,738,263,266,298,642,875,1349,521,417,463,579,1355,766,90,435,784,438,315,545,202,581,342,364,948,567,2094,411,701,176,800,683,112,405,797,544,159,559,282,597,718,518,760,283,483
1186,1228,558,209,1383,287,1381,455,444,543,1171,1544,2416,916,741,787,990,2420,1429,189,779,1390,871,565,905,348,954,669,720,1785,2094,1923,762,1302,326,1484,1288,252,696,1522,943,323,989,566,1112,1296,904,1435,518,912
247,235,106,47,258,54,277,79,71,116,229,290,484,189,142,148,194,473,279,40,128,270,161,103,191,65,166,139,129,346,411,762,83,266,66,291,242,56,121,297,186,58,207,115,207,264,172,276,110,180
457,426,173,78,461,94,464,134,170,191,381,533,835,320,266,259,337,825,483,65,268,508,298,195,298,134,331,233,261,586,701,1302,266,218,116,508,438,75,215,501,346,97,368,172,380,418,291,469,209,341
107,107,38,16,99,13,110,41,34,47,99,139,212,77,81,59,76,227,127,17,62,123,74,56,82,42,76,57,50,163,176,326,66,116,16,123,103,16,60,125,66,24,84,50,103,101,83,123,48,72
481,422,202,82,557,130,497,151,169,230,472,612,932,304,262,262,382,965,527,72,244,555,298,214,350,136,321,239,233,665,800,1484,291,508,123,271,497,80,266,583,325,115,413,187,414,499,338,550,208,394
486,408,207,72,454,98,443,143,148,200,373,498,817,298,231,257,350,788,487,72,226,467,318,194,299,118,324,239,253,580,683,1288,242,438,103,497,201,86,221,474,322,106,353,183,385,415,303,499,181,337
79,80,38,15,77,25,77,17,22,40,79,99,167,62,38,36,62,175,86,13,34,86,47,29,56,25,54,45,40,107,112,252,56,75,16,80,86,8,39,111,61,12,64,23,69,83,52,78,31,58
267,217,96,43,266,47,236,80,83,104,218,273,433,177,136,138,178,472,260,25,120,248,162,106,175,66,171,118,135,315,405,696,121,215,60,266,221,39,67,258,139,52,200,101,209,243,154,266,84,195
450,455,217,81,568,108,524,172,201,215,437,591,988,368,290,327,409,956,557,81,309,580,324,203,376,136,363,248,257,677,797,1522,297,501,125,583,474,111,258,283,361,106,401,213,451,516,323,547,205,333
318,275,111,54,331,78,325,105,113,132,288,368,580,220,181,192,219,567,358,40,206,359,199,140,225,90,257,142,167,414,544,943,186,346,66,325,322,61,139,361,110,62,256,102,271,329,207,314,120,228
103,79,42,15,100,20,97,24,37,37,86,121,203,63,57,70,82,206,93,12,52,103,50,50,74,25,66,43,66,121,159,323,58,97,24,115,106,12,52,106,62,7,88,33,89,83,73,97,43,81
361,341,152,69,397,72,379,125,122,166,302,441,680,248,206,245,242,654,397,39,222,372,261,174,274,103,277,188,196,491,559,989,207,368,84,413,353,64,200,401,256,88,133,147,339,336,224,384,137,238
190,170,92,33,175,41,190,46,66,79,126,238,333,123,101,119,150,315,201,25,97,184,109,75,115,51,135,84,81,224,282,566,115,172,50,187,183,23,101,213,102,33,147,30,139,152,103,202,69,112
445,367,160,64,368,88,395,130,123,158,360,418,717,240,219,241,290,732,421,57,246,421,219,145,243,100,265,186,198,527,597,1112,207,380,103,414,385,69,209,451,271,89,339,139,167,376,248,460,147,275
437,391,170,74,446,94,422,143,154,183,403,537,800,291,246,260,325,828,468,58,231,481,276,197,336,123,341,207,203,619,718,1296,264,418,101,499,415,83,243,516,329,83,336,152,376,214,310,465,160,309
313,282,132,58,327,68,305,92,105,121,261,328,585,207,159,160,252,581,332,38,190,352,178,124,202,89,247,137,146,371,518,904,172,291,83,338,303,52,154,323,207,73,224,103,248,310,113,359,107,210
525,483,181,87,529,122,487,164,184,193,440,573,907,381,287,329,386,891,482,66,327,536,335,220,357,121,362,227,250,671,760,1435,276,469,123,550,499,78,266,547,314,97,384,202,460,465,359,256,181,325
160,183,67,23,187,34,159,53,55,67,159,204,331,122,116,112,141,347,210,18,93,172,134,72,127,45,114,84,84,240,283,518,110,209,48,208,181,31,84,205,120,43,137,69,147,160,107,181,43,123
370,293,104,47,358,78,334,115,127,137,306,407,584,250,188,207,259,553,330,53,176,362,195,147,221,92,225,155,165,438,483,912,180,341,72,394,337,58,195,333,228,81,238,112,275,309,210,325,123,105
