273,492,239,86,545,108,496,163,173,245,442,520,873,366,303,352,363,868,517,71,320,547,367,237,379,172,398,283,307,641,744,1217,246,503,101,527,501,93,271,487,341,109,385,189,440,438,373,497,185,374
492,199,170,71,423,89,449,127,138,171,346,469,817,250,220,250,300,797,437,47,217,417,260,169,297,91,287,197,229,544,683,1263,253,397,101,429,398,83,218,474,285,89,328,174,365,493,260,471,171,320
239,170,29,49,213,52,194,64,59,83,176,227,322,133,106,124,149,363,219,25,100,211,107,76,118,39,106,82,114,228,327,533,121,207,41,203,188,32,98,208,124,27,146,70,144,200,139,190,77,153
86,71,49,6,73,22,80,22,29,32,67,99,124,59,63,49,64,147,88,16,42,77,56,37,66,23,57,34,50,104,121,211,49,58,22,83,70,9,43,83,49,19,63,38,73,75,63,92,26,52
545,423,213,73,227,104,481,148,159,208,389,596,937,320,287,285,392,947,522,69,274,529,308,202,324,141,348,231,257,658,764,1451,273,430,119,584,478,85,272,557,342,89,412,207,415,479,314,551,197,309
108,89,52,22,104,13,103,28,46,48,88,114,168,86,69,63,62,199,101,18,67,106,69,43,93,24,65,46,66,136,176,278,54,83,26,107,94,18,59,116,73,22,77,42,87,114,94,129,36,88
496,449,194,80,481,103,234,145,166,213,409,514,850,326,260,283,384,884,491,57,292,482,301,189,339,117,331,231,263,605,734,1353,297,459,123,489,459,77,259,456,327,93,356,170,383,488,313,481,161,355
163,127,64,22,148,28,145,23,42,60,121,147,253,96,78,82,110,269,151,20,86,144,94,50,79,41,105,78,83,197,208,418,79,145,30,156,117,19,67,153,109,22,130,51,110,142,107,166,66,93
173,138,59,29,159,46,166,42,26,66,151,189,292,117,90,105,127,295,159,25,77,176,105,57,89,37,95,67,84,189,252,492,89,179,42,175,139,33,73,175,96,27,118,60,131,168,98,183,55,118
245,171,83,32,208,48,213,60,66,44,167,239,376,143,117,125,154,358,226,30,120,212,151,83,166,52,163,119,131,253,307,557,107,177,39,233,172,37,94,206,131,49,138,59,184,178,155,217,75,149
442,346,176,67,389,88,409,121,151,167,166,489,817,300,236,244,314,794,442,60,264,432,262,172,301,94,293,230,215,519,659,1136,244,389,91,475,385,78,225,417,272,96,305,139,366,379,278,458,147,296
520,469,227,99,596,114,514,147,189,239,489,323,1053,381,306,312,395,1059,556,83,280,564,322,227,373,131,371,261,254,746,883,1674,329,499,138,642,495,104,287,610,363,120,440,207,451,551,377,578,232,351
873,817,322,124,937,168,850,253,292,376,817,1053,800,603,467,506,667,1499,916,104,491,887,505,346,631,242,627,438,459,1167,1404,2495,493,777,208,1032,828,133,462,965,606,185,706,366,705,865,586,908,341,568
366,250,133,59,320,86,326,96,117,143,300,381,603,109,187,187,236,592,351,45,154,342,201,125,223,80,216,155,169,400,498,894,182,319,76,307,328,50,165,337,221,66,280,111,287,325,224,362,127,243
303,220,106,63,287,69,260,78,90,117,236,306,467,187,75,129,185,479,261,26,157,275,146,85,188,59,159,109,134,326,403,744,160,263,63,293,262,35,120,263,175,48,206,106,212,252,176,286,103,168
352,250,124,49,285,63,283,82,105,125,244,312,506,187,129,78,214,538,279,29,147,300,174,100,183,70,172,118,156,335,447,805,163,287,71,307,281,52,119,296,182,45,227,112,239,266,175,328,113,193
363,300,149,64,392,62,384,110,127,154,314,395,667,236,185,214,134,678,373,52,199,404,196,160,257,108,259,158,206,491,570,994,185,338,79,363,339,45,193,427,213,64,281,144,311,356,236,404,144,230
868,797,363,147,947,199,884,269,295,358,794,1059,1499,592,479,538,678,834,943,113,502,902,510,361,626,239,624,434,445,1154,1425,2489,474,818,193,1001,821,143,478,963,606,191,655,373,744,862,591,892,350,582
517,437,219,88,522,101,491,151,159,226,442,556,916,351,261,279,373,943,280,58,285,483,290,210,335,111,338,248,252,628,757,1365,284,468,113,545,488,81,247,558,354,93,405,172,404,514,354,544,180,381
71,47,25,16,69,18,57,20,25,30,60,83,104,45,26,29,52,113,58,1,32,68,33,29,46,18,39,23,27,77,94,191,31,58,15,77,76,9,38,65,35,7,49,20,44,57,37,66,25,37
320,217,100,42,274,67,292,86,77,120,264,280,491,154,157,147,199,502,285,32,81,294,163,116,177,80,185,148,161,315,388,740,148,251,69,269,247,57,132,286,166,61,225,100,220,253,179,303,102,207
547,417,211,77,529,106,482,144,176,212,432,564,887,342,275,300,404,902,483,68,294,258,308,197,356,112,305,234,261,651,742,1389,291,450,113,545,494,85,266,499,339,98,404,181,427,487,342,559,171,373
367,260,107,56,308,69,301,94,105,151,262,322,505,201,146,174,196,510,290,33,163,308,93,143,185,62,187,126,140,371,449,829,186,292,63,320,293,43,154,306,193,48,218,123,237,288,200,300,114,174
237,169,76,37,202,43,189,50,57,83,172,227,346,125,85,100,160,361,210,29,116,197,143,42,140,53,146,93,105,229,293,565,106,210,53,242,187,46,99,213,140,46,172,69,160,205,130,200,78,147
379,297,118,66,324,93,339,79,89,166,301,373,631,223,188,183,257,626,335,46,177,356,185,140,114,57,219,149,152,417,529,949,206,363,83,337,336,61,165,357,224,69,256,114,250,344,210,361,127,246
172,91,39,23,141,24,117,41,37,52,94,131,242,80,59,70,108,239,111,18,80,112,62,53,57,16,62,50,59,151,168,351,77,138,34,132,97,18,74,148,77,29,88,56,71,116,75,132,45,89
398,287,106,57,348,65,331,105,95,163,293,371,627,216,159,172,259,624,338,39,185,305,187,146,219,62,102,126,161,409,498,929,190,353,86,324,283,53,213,374,225,68,250,125,242,312,230,370,115,268
283,197,82,34,231,46,231,78,67,119,230,261,438,155,109,118,158,434,248,23,148,234,126,93,149,50,126,54,114,278,379,691,119,211,53,230,227,33,107,242,180,50,186,102,182,237,146,241,95,146
307,229,114,50,257,66,263,83,84,131,215,254,459,169,134,156,206,445,252,27,161,261,140,105,152,59,161,114,57,290,382,749,128,257,64,260,268,39,130,255,162,50,216,80,180,243,160,273,79,164
641,544,228,104,658,136,605,197,189,253,519,746,1167,400,326,335,491,1154,628,77,315,651,371,229,417,151,409,278,290,417,967,1841,351,561,130,682,582,109,349,650,431,120,492,218,493,591,398,691,268,423
744,683,327,121,764,176,734,208,252,307,659,883,1404,498,403,447,570,1425,757,94,388,742,449,293,529,168,498,379,382,967,584,2133,446,685,167,804,738,118,379,819,513,161,564,313,643,723,506,816,287,517
1217,1263,533,211,1451,278,1353,418,492,557,1136,1674,2495,894,744,805,994,2489,1365,191,740,1389,829,565,949,351,929,691,749,1841,2133,1930,721,1315,323,1542,1274,248,698,1520,945,311,1040,578,1121,1348,919,1420,521,928
246,253,121,49,273,54,297,79,89,107,244,329,493,182,160,163,185,474,284,31,148,291,186,106,206,77,190,119,128,351,446,721,84,272,63,323,271,35,133,294,176,61,207,122,229,260,186,292,111,178
503,397,207,58,430,83,459,145,179,177,389,499,777,319,263,287,338,818,468,58,251,450,292,210,363,138,353,211,257,561,685,1315,272,206,117,490,396,71,235,489,297,83,352,163,408,412,314,503,172,329
101,101,41,22,119,26,123,30,42,39,91,138,208,76,63,71,79,193,113,15,69,113,63,53,83,34,86,53,64,130,167,323,63,117,9,117,125,20,64,122,92,25,86,52,96,105,56,123,41,82
527,429,203,83,584,107,489,156,175,233,475,642,1032,307,293,307,363,1001,545,77,269,545,320,242,337,132,324,230,260,682,804,1542,323,490,117,287,493,84,278,643,339,104,428,214,422,498,341,574,222,383
501,398,188,70,478,94,459,117,139,172,385,495,828,328,262,281,339,821,488,76,247,494,293,187,336,97,283,227,268,582,738,1274,271,396,125,493,214,81,225,532,277,102,361,184,398,454,335,496,154,332
93,83,32,9,85,18,77,19,33,37,78,104,133,50,35,52,45,143,81,9,57,85,43,46,61,18,53,33,39,109,118,248,35,71,20,84,81,7,32,93,61,15,74,33,72,66,50,82,21,54
271,218,98,43,272,59,259,67,73,94,225,287,462,165,120,119,193,478,247,38,132,266,154,99,165,74,213,107,130,349,379,698,133,235,64,278,225,32,62,258,184,48,216,87,207,211,179,279,98,176
487,474,208,83,557,116,456,153,175,206,417,610,965,337,263,296,427,963,558,65,286,499,306,213,357,148,374,242,255,650,819,1520,294,489,122,643,532,93,258,294,360,120,421,209,420,519,329,532,217,391
341,285,124,49,342,73,327,109,96,131,272,363,606,221,175,182,213,606,354,35,166,339,193,140,224,77,225,180,162,431,513,945,176,297,92,339,277,61,184,360,123,68,250,134,264,293,221,384,122,218
109,89,27,19,89,22,93,22,27,49,96,120,185,66,48,45,64,191,93,7,61,98,48,46,69,29,68,50,50,120,161,311,61,83,25,104,102,15,48,120,68,9,77,40,79,98,77,112,35,61
385,328,146,63,412,77,356,130,118,138,305,440,706,280,206,227,281,655,405,49,225,404,218,172,256,88,250,186,216,492,564,1040,207,352,86,428,361,74,216,421,250,77,117,142,313,371,236,397,124,268
189,174,70,38,207,42,170,51,60,59,139,207,366,111,106,112,144,373,172,20,100,181,123,69,114,56,125,102,80,218,313,578,122,163,52,214,184,33,87,209,134,40,142,32,140,180,106,201,81,126
440,365,144,73,415,87,383,110,131,184,366,451,705,287,212,239,311,744,404,44,220,427,237,160,250,71,242,182,180,493,643,1121,229,408,96,422,398,72,207,420,264,79,313,140,142,390,269,417,137,289
438,493,200,75,479,114,488,142,168,178,379,551,865,325,252,266,356,862,514,57,253,487,288,205,344,116,312,237,243,591,723,1348,260,412,105,498,454,66,211,519,293,98,371,180,390,205,277,502,196,337
373,260,139,63,314,94,313,107,98,155,278,377,586,224,176,175,236,591,354,37,179,342,200,130,210,75,230,146,160,398,506,919,186,314,56,341,335,50,179,329,221,77,236,106,269,277,95,313,95,219
497,471,190,92,551,129,481,166,183,217,458,578,908,362,286,328,404,892,544,66,303,559,300,200,361,132,370,241,273,691,816,1420,292,503,123,574,496,82,279,532,384,112,397,201,417,502,313,257,183,355
185,171,77,26,197,36,161,66,55,75,147,232,341,127,103,113,144,350,180,25,102,171,114,78,127,45,115,95,79,268,287,521,111,172,41,222,154,21,98,217,122,35,124,81,137,196,95,183,26,114
374,320,153,52,309,88,355,93,118,149,296,351,568,243,168,193,230,582,381,37,207,373,174,147,246,89,268,146,164,423,517,928,178,329,82,383,332,54,176,391,218,61,268,126,289,337,219,355,114,126
