263,491,194,93,515,107,513,182,176,241,444,514,791,405,289,326,386,830,542,70,346,536,383,215,368,158,386,274,309,654,697,1174,268,495,110,523,500,93,267,450,308,103,371,167,446,426,373,478,168,353
491,183,146,77,425,98,419,128,135,166,355,483,816,275,225,258,319,818,455,47,200,455,244,172,284,86,273,176,214,530,689,1250,221,390,103,460,440,69,230,505,281,86,335,159,340,391,266,446,159,283
194,146,34,35,200,44,194,46,63,76,180,211,376,124,94,102,163,373,194,24,104,210,117,59,109,56,119,110,100,227,282,561,89,170,45,217,191,44,80,205,126,40,158,81,147,196,116,205,81,130
93,77,35,5,67,16,92,23,26,37,66,93,156,50,60,63,65,136,82,15,37,98,53,32,55,25,57,42,46,86,129,220,47,82,18,90,82,21,38,85,52,9,52,37,80,78,58,85,22,66
515,425,200,67,263,106,522,163,175,196,430,537,899,334,276,274,371,855,498,73,304,543,306,194,370,127,367,218,288,652,803,1440,291,481,130,540,452,86,240,527,349,114,373,195,422,458,321,530,196,339
107,98,44,16,106,13,105,35,37,59,103,135,195,76,66,80,84,196,116,18,59,133,68,44,75,31,76,62,60,121,175,274,57,105,23,125,102,19,56,105,68,24,81,48,98,103,79,113,33,86
513,419,194,92,522,105,252,147,152,220,421,543,848,301,239,268,355,790,519,66,272,523,286,214,312,110,302,232,233,589,706,1278,250,446,97,518,435,96,251,507,323,95,372,200,392,425,266,514,170,328
182,128,46,23,163,35,147,27,43,51,105,181,304,97,85,99,117,309,158,23,91,159,94,56,105,38,116,83,80,176,220,470,94,162,25,158,152,22,79,194,109,32,114,48,123,140,86,157,64,106
176,135,63,26,175,37,152,43,23,68,135,188,280,104,90,93,116,278,155,17,95,154,105,66,98,35,102,77,71,199,213,383,101,144,38,161,169,33,67,166,86,39,127,66,121,125,113,163,56,116
241,166,76,37,196,59,220,51,68,44,160,229,365,130,116,115,134,370,201,15,124,223,122,70,138,51,133,91,95,252,314,580,102,189,47,219,218,33,104,205,125,35,161,85,175,184,111,214,73,148
444,355,180,66,430,103,421,105,135,160,178,467,768,283,229,232,310,745,407,42,259,433,253,156,273,108,261,195,239,525,691,1124,232,395,96,446,423,74,210,458,263,75,312,162,340,390,255,449,147,280
514,483,211,93,537,135,543,181,188,229,467,337,995,343,305,305,384,1019,582,74,309,535,305,224,374,138,390,249,287,708,843,1640,304,513,137,606,485,86,279,592,363,101,427,197,434,527,373,573,189,376
791,816,376,156,899,195,848,304,280,365,768,995,812,564,467,543,626,1487,917,113,515,885,517,350,588,218,616,435,494,1114,1319,2392,484,848,191,973,824,164,465,943,616,161,698,341,695,856,577,917,324,600
405,275,124,50,334,76,301,97,104,130,283,343,564,102,176,179,233,576,320,36,156,350,195,132,229,93,232,153,185,395,488,912,159,292,72,340,288,44,172,343,215,60,280,102,282,280,207,350,116,225
289,225,94,60,276,66,239,85,90,116,229,305,467,176,57,117,203,485,235,41,126,261,162,102,167,70,174,120,143,343,420,737,149,264,57,273,246,35,139,259,172,46,208,105,210,223,161,275,99,170
326,258,102,63,274,80,268,99,93,115,232,305,543,179,117,66,201,541,268,38,132,285,165,120,172,72,189,119,152,374,428,856,158,262,62,297,272,48,137,290,169,52,226,106,237,250,174,306,103,185
386,319,163,65,371,84,355,117,116,134,310,384,626,233,203,201,149,629,339,49,218,346,258,153,248,97,262,160,206,428,563,985,195,338,80,388,329,58,177,374,228,71,267,149,322,322,229,390,144,244
830,818,373,136,855,196,790,309,278,370,745,1019,1487,576,485,541,629,799,866,125,506,891,503,341,590,239,630,452,499,1122,1366,2482,462,824,175,967,875,175,440,1003,596,165,687,368,703,839,567,905,325,589
542,455,194,82,498,116,519,158,155,201,407,582,917,320,235,268,339,866,224,68,299,453,307,241,327,140,339,256,278,620,720,1392,267,441,100,527,498,90,262,565,353,107,402,218,394,480,319,523,188,353
70,47,24,15,73,18,66,23,17,15,42,74,113,36,41,38,49,125,68,4,39,68,41,21,33,11,44,25,26,79,96,194,23,54,12,63,52,11,40,55,35,14,57,18,46,64,41,69,19,41
346,200,104,37,304,59,272,91,95,124,259,309,515,156,126,132,218,506,299,39,71,315,156,116,169,70,179,124,141,357,444,788,151,249,69,289,278,46,145,282,211,59,211,105,218,263,166,311,104,204
536,455,210,98,543,133,523,159,154,223,433,535,885,350,261,285,346,891,453,68,315,251,320,222,340,136,373,232,266,654,776,1405,261,441,123,553,474,87,246,550,362,103,391,196,458,475,355,545,200,344
383,244,117,53,306,68,286,94,105,122,253,305,517,195,162,165,258,503,307,41,156,320,93,114,192,70,198,117,154,363,468,792,153,275,62,328,306,47,164,299,183,46,234,120,265,261,175,325,118,230
215,172,59,32,194,44,214,56,66,70,156,224,350,132,102,120,153,341,241,21,116,222,114,40,125,57,139,80,101,242,327,551,88,183,45,196,186,28,97,222,140,37,164,69,168,185,119,246,70,133
368,284,109,55,370,75,312,105,98,138,273,374,588,229,167,172,248,590,327,33,169,340,192,125,110,83,207,153,156,429,501,911,188,304,84,335,271,60,189,388,218,68,265,137,241,334,188,376,126,220
158,86,56,25,127,31,110,38,35,51,108,138,218,93,70,72,97,239,140,11,70,136,70,57,83,20,75,57,71,157,252,385,70,103,35,141,126,19,62,131,91,29,92,42,116,131,85,147,55,84
386,273,119,57,367,76,302,116,102,133,261,390,616,232,174,189,262,630,339,44,179,373,198,139,207,75,108,146,186,433,561,974,162,309,71,381,331,53,181,365,234,70,276,120,287,308,186,378,148,220
274,176,110,42,218,62,232,83,77,91,195,249,435,153,120,119,160,452,256,25,124,232,117,80,153,57,146,57,120,283,369,702,145,202,55,220,204,39,130,250,147,45,174,76,195,225,134,242,101,184
309,214,100,46,288,60,233,80,71,95,239,287,494,185,143,152,206,499,278,26,141,266,154,101,156,71,186,120,51,313,348,673,120,229,61,272,235,34,134,269,168,43,212,97,190,239,180,274,95,150
654,530,227,86,652,121,589,176,199,252,525,708,1114,395,343,374,428,1122,620,79,357,654,363,242,429,157,433,283,313,405,954,1750,340,604,131,667,591,112,325,702,448,124,497,228,547,612,400,669,241,427
697,689,282,129,803,175,706,220,213,314,691,843,1319,488,420,428,563,1366,720,96,444,776,468,327,501,252,561,369,348,954,558,2059,410,732,173,795,664,140,330,827,515,156,562,272,611,670,490,827,286,514
1174,1250,561,220,1440,274,1278,470,383,580,1124,1640,2392,912,737,856,985,2482,1392,194,788,1405,792,551,911,385,974,702,673,1750,2059,1896,675,1299,324,1608,1290,257,698,1535,928,294,1088,514,1058,1286,876,1370,508,905
268,221,89,47,291,57,250,94,101,102,232,304,484,159,149,158,195,462,267,23,151,261,153,88,188,70,162,145,120,340,410,675,84,246,56,324,237,50,145,290,201,65,205,111,188,248,194,276,96,174
495,390,170,82,481,105,446,162,144,189,395,513,848,292,264,262,338,824,441,54,249,441,275,183,304,103,309,202,229,604,732,1299,246,202,104,487,397,84,234,539,292,86,345,171,416,437,279,488,178,336
110,103,45,18,130,23,97,25,38,47,96,137,191,72,57,62,80,175,100,12,69,123,62,45,84,35,71,55,61,131,173,324,56,104,16,118,102,28,64,119,81,21,80,49,96,122,67,124,42,60
523,460,217,90,540,125,518,158,161,219,446,606,973,340,273,297,388,967,527,63,289,553,328,196,335,141,381,220,272,667,795,1608,324,487,118,269,491,88,310,612,373,133,388,223,414,484,338,541,200,342
500,440,191,82,452,102,435,152,169,218,423,485,824,288,246,272,329,875,498,52,278,474,306,186,271,126,331,204,235,591,664,1290,237,397,102,491,196,85,230,510,310,97,353,183,385,427,315,494,159,321
93,69,44,21,86,19,96,22,33,33,74,86,164,44,35,48,58,175,90,11,46,87,47,28,60,19,53,39,34,112,140,257,50,84,28,88,85,8,43,100,56,13,64,24,59,94,63,89,36,49
267,230,80,38,240,56,251,79,67,104,210,279,465,172,139,137,177,440,262,40,145,246,164,97,189,62,181,130,134,325,330,698,145,234,64,310,230,43,48,253,165,47,176,93,209,209,144,241,106,174
450,505,205,85,527,105,507,194,166,205,458,592,943,343,259,290,374,1003,565,55,282,550,299,222,388,131,365,250,269,702,827,1535,290,539,119,612,510,100,253,293,334,96,396,214,404,533,322,562,205,320
308,281,126,52,349,68,323,109,86,125,263,363,616,215,172,169,228,596,353,35,211,362,183,140,218,91,234,147,168,448,515,928,201,292,81,373,310,56,165,334,106,69,285,141,246,292,206,356,118,192
103,86,40,9,114,24,95,32,39,35,75,101,161,60,46,52,71,165,107,14,59,103,46,37,68,29,70,45,43,124,156,294,65,86,21,133,97,13,47,96,69,4,89,37,71,92,55,110,37,65
371,335,158,52,373,81,372,114,127,161,312,427,698,280,208,226,267,687,402,57,211,391,234,164,265,92,276,174,212,497,562,1088,205,345,80,388,353,64,176,396,285,89,151,142,326,343,236,371,152,241
167,159,81,37,195,48,200,48,66,85,162,197,341,102,105,106,149,368,218,18,105,196,120,69,137,42,120,76,97,228,272,514,111,171,49,223,183,24,93,214,141,37,142,26,173,197,131,199,76,115
446,340,147,80,422,98,392,123,121,175,340,434,695,282,210,237,322,703,394,46,218,458,265,168,241,116,287,195,190,547,611,1058,188,416,96,414,385,59,209,404,246,71,326,173,157,362,241,430,157,287
426,391,196,78,458,103,425,140,125,184,390,527,856,280,223,250,322,839,480,64,263,475,261,185,334,131,308,225,239,612,670,1286,248,437,122,484,427,94,209,533,292,92,343,197,362,199,297,442,156,288
373,266,116,58,321,79,266,86,113,111,255,373,577,207,161,174,229,567,319,41,166,355,175,119,188,85,186,134,180,400,490,876,194,279,67,338,315,63,144,322,206,55,236,131,241,297,106,342,138,195
478,446,205,85,530,113,514,157,163,214,449,573,917,350,275,306,390,905,523,69,311,545,325,246,376,147,378,242,274,669,827,1370,276,488,124,541,494,89,241,562,356,110,371,199,430,442,342,263,169,354
168,159,81,22,196,33,170,64,56,73,147,189,324,116,99,103,144,325,188,19,104,200,118,70,126,55,148,101,95,241,286,508,96,178,42,200,159,36,106,205,118,37,152,76,157,156,138,169,34,125
353,283,130,66,339,86,328,106,116,148,280,376,600,225,170,185,244,589,353,41,204,344,230,133,220,84,220,184,150,427,514,905,174,336,60,342,321,49,174,320,192,65,241,115,287,288,195,354,125,116
