302,462,236,100,501,115,493,181,181,249,468,535,841,362,339,329,403,870,531,66,334,525,366,225,372,143,355,269,298,642,713,1180,241,465,109,528,498,93,250,484,289,113,363,179,428,433,342,481,157,394
462,184,164,73,456,97,404,140,155,184,355,494,792,276,247,266,317,827,429,46,240,447,234,184,293,117,310,213,233,537,682,1279,247,426,100,434,402,80,229,460,282,85,333,161,370,376,327,459,160,294
236,164,40,44,200,47,201,63,61,79,171,212,349,121,94,105,153,344,212,17,108,219,100,87,133,47,130,93,94,249,330,571,105,178,53,217,201,39,98,236,145,36,159,78,163,202,126,203,69,128
100,73,44,9,81,17,77,36,32,37,69,93,157,49,50,53,69,144,88,16,53,88,57,29,56,27,59,43,53,106,133,199,48,94,18,112,83,10,50,84,51,25,58,38,69,79,53,86,30,57
501,456,200,81,263,117,501,143,195,206,430,604,893,331,263,293,399,891,539,66,258,553,309,210,315,143,345,222,241,656,826,1393,260,522,112,525,503,88,265,586,347,105,379,191,424,487,306,543,206,347
115,97,47,17,117,9,88,31,44,46,90,117,213,76,69,71,88,188,104,20,73,112,75,58,82,42,95,62,80,137,148,301,69,95,35,131,102,22,50,112,64,22,81,42,91,87,66,120,44,70
493,404,201,77,501,88,220,141,164,232,434,496,860,316,273,298,372,869,492,66,274,471,315,188,337,133,348,231,277,626,732,1361,279,436,121,522,436,93,248,491,312,98,354,188,382,457,301,520,183,334
181,140,63,36,143,31,141,29,46,73,136,161,277,110,70,75,108,274,158,26,85,152,100,65,102,47,117,69,82,207,223,474,78,120,36,158,128,28,86,159,97,48,119,70,141,139,95,170,51,117
181,155,61,32,195,44,164,46,24,57,155,181,292,100,87,88,130,297,159,26,96,157,107,75,111,46,123,75,91,181,255,454,92,169,41,171,142,17,70,174,114,32,136,64,127,149,112,183,70,127
249,184,79,37,206,46,232,73,57,41,174,220,364,159,126,121,157,392,226,20,106,212,128,84,170,58,147,97,101,258,316,521,120,203,56,215,190,30,113,241,160,49,152,84,179,187,150,198,83,125
468,355,171,69,430,90,434,136,155,174,169,473,777,300,254,277,326,776,491,45,244,467,263,188,285,107,307,189,217,568,648,1128,228,388,93,452,396,76,247,468,302,99,336,167,362,390,295,427,166,293
535,494,212,93,604,117,496,161,181,220,473,323,1052,375,293,323,441,1043,579,78,317,607,327,221,348,156,380,254,250,719,873,1644,322,520,145,656,525,103,274,610,363,105,471,224,442,511,349,618,208,355
841,792,349,157,893,213,860,277,292,364,777,1052,814,581,486,544,624,1475,932,125,561,932,544,363,555,253,647,442,424,1132,1352,2496,485,848,203,1005,834,157,439,957,621,193,729,359,750,839,560,941,303,602
362,276,121,49,331,76,316,110,100,159,300,375,581,116,176,200,237,608,337,37,188,331,198,136,216,80,205,143,159,428,495,918,195,296,78,308,329,48,172,363,197,57,241,115,290,315,199,357,133,224
339,247,94,50,263,69,273,70,87,126,254,293,486,176,68,141,189,469,285,31,138,279,153,95,179,69,176,126,111,297,402,753,144,256,59,296,238,39,128,278,181,57,206,95,207,243,172,271,85,204
329,266,105,53,293,71,298,75,88,121,277,323,544,200,141,78,209,532,309,37,144,300,172,113,205,77,201,135,141,336,400,826,179,285,67,294,247,43,142,326,215,62,224,94,224,266,194,302,114,199
403,317,153,69,399,88,372,108,130,157,326,441,624,237,189,209,133,629,384,45,199,419,206,168,257,88,254,171,206,463,554,976,169,331,77,379,324,62,199,432,230,86,293,139,277,325,237,374,125,248
870,827,344,144,891,188,869,274,297,392,776,1043,1475,608,469,532,629,832,951,118,575,937,512,396,618,230,637,458,407,1149,1348,2500,484,855,209,1040,851,170,407,950,615,190,684,370,774,886,602,902,306,598
531,429,212,88,539,104,492,158,159,226,491,579,932,337,285,309,384,951,319,54,304,518,319,187,352,148,346,252,244,658,788,1441,271,469,115,533,470,76,279,521,330,119,373,185,403,505,330,537,200,354
66,46,17,16,66,20,66,26,26,20,45,78,125,37,31,37,45,118,54,3,31,53,29,33,38,19,47,29,32,93,102,186,34,49,7,73,63,9,39,73,39,11,52,26,53,45,33,82,21,44
334,240,108,53,258,73,274,85,96,106,244,317,561,188,138,144,199,575,304,31,65,279,170,112,182,67,184,115,147,340,417,847,162,279,75,258,259,44,152,294,198,55,230,99,224,260,161,315,115,174
525,447,219,88,553,112,471,152,157,212,467,607,932,331,279,300,419,937,518,53,279,259,325,214,378,151,380,231,263,676,750,1489,263,470,130,570,467,79,251,553,329,112,394,203,425,477,347,531,207,388
366,234,100,57,309,75,315,100,107,128,263,327,544,198,153,172,206,512,319,29,170,325,96,120,179,85,198,163,145,378,457,784,159,312,69,322,287,44,155,329,186,74,222,112,202,249,196,291,101,217
225,184,87,29,210,58,188,65,75,84,188,221,363,136,95,113,168,396,187,33,112,214,120,42,145,59,143,92,115,273,325,562,123,200,46,210,178,36,112,210,133,36,171,82,150,177,140,210,84,153
372,293,133,56,315,82,337,102,111,170,285,348,555,216,179,205,257,618,352,38,182,378,179,145,109,70,226,173,162,398,493,954,181,304,97,352,287,58,157,360,211,72,261,126,271,295,223,365,116,235
143,117,47,27,143,42,133,47,46,58,107,156,253,80,69,77,88,230,148,19,67,151,85,59,70,12,73,60,85,156,196,335,72,138,26,129,117,28,73,143,76,29,119,48,90,127,100,118,41,94
355,310,130,59,345,95,348,117,123,147,307,380,647,205,176,201,254,637,346,47,184,380,198,143,226,73,109,148,171,423,511,932,180,342,78,344,331,63,189,365,196,72,273,135,291,311,215,360,122,229
269,213,93,43,222,62,231,69,75,97,189,254,442,143,126,135,171,458,252,29,115,231,163,92,173,60,148,43,133,314,348,665,127,223,52,222,217,36,111,243,163,45,216,76,195,226,141,256,87,150
298,233,94,53,241,80,277,82,91,101,217,250,424,159,111,141,206,407,244,32,147,263,145,115,162,85,171,133,66,278,368,697,133,266,66,267,251,50,129,270,171,60,203,94,208,227,157,288,98,196
642,537,249,106,656,137,626,207,181,258,568,719,1132,428,297,336,463,1149,658,93,340,676,378,273,398,156,423,314,278,404,1040,1856,327,627,138,667,634,95,299,700,418,128,466,250,533,592,380,701,225,384
713,682,330,133,826,148,732,223,255,316,648,873,1352,495,402,400,554,1348,788,102,417,750,457,325,493,196,511,348,368,1040,553,2151,417,705,171,786,673,112,389,804,526,151,556,285,610,680,513,790,274,540
1180,1279,571,199,1393,301,1361,474,454,521,1128,1644,2496,918,753,826,976,2500,1441,186,847,1489,784,562,954,335,932,665,697,1856,2151,1991,765,1312,312,1525,1252,241,719,1456,935,300,1054,555,1130,1353,957,1416,494,907
241,247,105,48,260,69,279,78,92,120,228,322,485,195,144,179,169,484,271,34,162,263,159,123,181,72,180,127,133,327,417,765,76,245,53,290,266,33,133,280,168,53,188,103,249,266,191,267,83,171
465,426,178,94,522,95,436,120,169,203,388,520,848,296,256,285,331,855,469,49,279,470,312,200,304,138,342,223,266,627,705,1312,245,219,114,499,445,73,230,517,314,99,353,192,377,417,275,489,181,325
109,100,53,18,112,35,121,36,41,56,93,145,203,78,59,67,77,209,115,7,75,130,69,46,97,26,78,52,66,138,171,312,53,114,13,125,112,15,54,133,79,25,77,41,95,99,78,135,52,66
528,434,217,112,525,131,522,158,171,215,452,656,1005,308,296,294,379,1040,533,73,258,570,322,210,352,129,344,222,267,667,786,1525,290,499,125,293,542,94,278,594,332,120,441,209,423,532,326,569,194,356
498,402,201,83,503,102,436,128,142,190,396,525,834,329,238,247,324,851,470,63,259,467,287,178,287,117,331,217,251,634,673,1252,266,445,112,542,209,81,221,509,271,101,361,177,373,445,295,483,152,334
93,80,39,10,88,22,93,28,17,30,76,103,157,48,39,43,62,170,76,9,44,79,44,36,58,28,63,36,50,95,112,241,33,73,15,94,81,6,45,106,64,15,74,32,75,70,52,106,28,44
250,229,98,50,265,50,248,86,70,113,247,274,439,172,128,142,199,407,279,39,152,251,155,112,157,73,189,111,129,299,389,719,133,230,54,278,221,45,70,276,166,56,193,86,195,250,164,238,78,171
484,460,236,84,586,112,491,159,174,241,468,610,957,363,278,326,432,950,521,73,294,553,329,210,360,143,365,243,270,700,804,1456,280,517,133,594,509,106,276,274,345,116,375,209,430,459,397,544,220,368
289,282,145,51,347,64,312,97,114,160,302,363,621,197,181,215,230,615,330,39,198,329,186,133,211,76,196,163,171,418,526,935,168,314,79,332,271,64,166,345,92,67,243,136,270,315,216,353,136,227
113,85,36,25,105,22,98,48,32,49,99,105,193,57,57,62,86,190,119,11,55,112,74,36,72,29,72,45,60,128,151,300,53,99,25,120,101,15,56,116,67,11,70,36,94,100,73,110,47,89
363,333,159,58,379,81,354,119,136,152,336,471,729,241,206,224,293,684,373,52,230,394,222,171,261,119,273,216,203,466,556,1054,188,353,77,441,361,74,193,375,243,70,132,134,308,364,249,384,140,268
179,161,78,38,191,42,188,70,64,84,167,224,359,115,95,94,139,370,185,26,99,203,112,82,126,48,135,76,94,250,285,555,103,192,41,209,177,32,86,209,136,36,134,33,155,163,126,171,77,123
428,370,163,69,424,91,382,141,127,179,362,442,750,290,207,224,277,774,403,53,224,425,202,150,271,90,291,195,208,533,610,1130,249,377,95,423,373,75,195,430,270,94,308,155,189,369,264,411,125,279
433,376,202,79,487,87,457,139,149,187,390,511,839,315,243,266,325,886,505,45,260,477,249,177,295,127,311,226,227,592,680,1353,266,417,99,532,445,70,250,459,315,100,364,163,369,232,281,490,161,295
342,327,126,53,306,66,301,95,112,150,295,349,560,199,172,194,237,602,330,33,161,347,196,140,223,100,215,141,157,380,513,957,191,275,78,326,295,52,164,397,216,73,249,126,264,281,96,324,111,239
481,459,203,86,543,120,520,170,183,198,427,618,941,357,271,302,374,902,537,82,315,531,291,210,365,118,360,256,288,701,790,1416,267,489,135,569,483,106,238,544,353,110,384,171,411,490,324,283,187,344
157,160,69,30,206,44,183,51,70,83,166,208,303,133,85,114,125,306,200,21,115,207,101,84,116,41,122,87,98,225,274,494,83,181,52,194,152,28,78,220,136,47,140,77,125,161,111,187,31,112
394,294,128,57,347,70,334,117,127,125,293,355,602,224,204,199,248,598,354,44,174,388,217,153,235,94,229,150,196,384,540,907,171,325,66,356,334,44,171,368,227,89,268,123,279,295,239,344,112,103
