247,432,198,94,520,115,443,165,175,239,449,509,804,386,331,346,321,830,492,63,350,473,350,195,391,154,362,300,286,633,663,1225,228,475,100,512,491,90,236,439,294,95,375,163,424,405,307,477,159,382
432,159,185,80,432,105,436,119,144,158,336,471,763,282,243,249,290,776,438,44,239,427,280,161,271,98,286,213,205,529,642,1232,267,396,92,440,404,75,202,481,286,110,329,162,323,423,271,464,165,271
198,185,39,31,196,37,181,55,75,97,175,216,358,121,90,109,146,346,212,24,99,194,110,71,136,51,143,100,79,250,315,565,117,208,43,192,181,36,111,231,136,45,165,64,144,172,114,225,62,153
94,80,31,6,79,15,75,28,23,36,71,97,140,54,56,59,58,135,88,10,51,98,43,35,47,22,56,45,45,127,133,216,37,72,15,98,79,18,43,91,56,18,42,40,64,65,66,78,26,52
520,432,196,79,240,108,461,148,146,221,416,545,889,351,273,319,378,889,533,59,297,518,322,207,321,132,354,272,244,629,727,1378,271,477,118,549,436,94,258,532,318,105,383,191,402,454,323,530,178,335
115,105,37,15,108,11,98,37,44,43,109,118,201,82,77,86,78,204,137,13,70,142,66,38,77,30,77,59,62,157,157,299,52,112,24,133,83,22,56,115,62,26,77,50,85,95,78,126,39,71
443,436,181,75,461,98,221,143,146,195,418,536,853,322,260,296,325,849,454,54,268,513,280,199,308,132,323,222,241,623,705,1338,280,458,114,516,465,77,220,492,307,80,347,170,374,398,336,526,193,314
165,119,55,28,148,37,143,26,44,62,126,166,290,84,85,88,114,275,175,18,80,146,76,55,87,30,91,88,67,196,232,434,98,153,40,150,152,24,77,162,113,32,130,73,95,132,97,146,58,117
175,144,75,23,146,44,146,44,27,72,139,174,284,112,88,88,124,297,162,14,75,153,98,55,96,42,91,83,85,211,233,457,102,158,40,166,142,35,93,180,121,32,123,73,151,159,96,163,59,122
239,158,97,36,221,43,195,62,72,45,177,204,384,138,123,128,146,370,207,21,112,208,157,95,130,48,143,89,93,277,284,571,119,199,40,195,206,33,107,204,133,42,166,87,167,190,144,217,82,155
449,336,175,71,416,109,418,126,139,177,174,457,783,272,237,235,323,751,459,48,244,462,293,177,273,101,262,203,191,527,655,1148,240,417,87,428,399,65,213,469,269,73,328,161,362,386,288,413,161,283
509,471,216,97,545,118,536,166,174,204,457,298,1010,370,284,309,407,992,596,73,303,594,312,204,368,156,377,254,295,700,850,1585,346,496,142,607,503,102,287,604,403,112,424,213,434,503,316,616,202,361
804,763,358,140,889,201,853,290,284,384,783,1010,778,596,486,519,617,1378,865,112,489,947,523,332,593,248,641,404,445,1184,1384,2381,513,811,198,976,813,186,457,958,618,167,642,345,717,871,551,909,313,619
386,282,121,54,351,82,322,84,112,138,272,370,596,116,178,188,283,595,307,38,167,339,199,146,220,87,207,154,160,421,498,891,162,318,68,347,311,50,173,381,225,48,271,108,256,303,217,356,113,258
331,243,90,56,273,77,260,85,88,123,237,284,486,178,63,131,163,481,249,30,134,269,161,94,183,60,185,138,164,346,396,684,128,258,51,245,269,38,151,297,177,50,208,105,230,245,205,282,94,179
346,249,109,59,319,86,296,88,88,128,235,309,519,188,131,88,188,552,297,33,140,297,180,101,183,56,173,140,162,327,437,787,151,308,57,279,323,41,151,331,192,63,227,104,242,283,194,321,129,182
321,290,146,58,378,78,325,114,124,146,323,407,617,283,163,188,133,655,357,49,208,355,212,159,244,89,248,170,187,471,524,1024,201,319,81,372,312,75,169,374,243,88,241,128,306,340,234,383,120,264
830,776,346,135,889,204,849,275,297,370,751,992,1378,595,481,552,655,761,857,123,495,908,516,355,570,238,620,401,437,1141,1303,2363,447,843,202,966,856,169,431,917,570,172,673,339,690,815,545,896,310,600
492,438,212,88,533,137,454,175,162,207,459,596,865,307,249,297,357,857,248,68,275,464,285,197,329,129,331,248,249,641,753,1409,262,461,117,581,472,94,252,541,313,106,423,184,406,481,320,528,156,349
63,44,24,10,59,13,54,18,14,21,48,73,112,38,30,33,49,123,68,2,36,67,41,33,32,16,34,32,26,95,87,166,33,51,11,55,59,18,32,65,42,11,51,19,52,66,37,67,15,38
350,239,99,51,297,70,268,80,75,112,244,303,489,167,134,140,208,495,275,36,74,283,163,112,175,82,185,132,151,338,424,788,140,266,65,283,254,47,137,292,167,50,224,105,210,284,156,275,106,200
473,427,194,98,518,142,513,146,153,208,462,594,947,339,269,297,355,908,464,67,283,266,313,224,352,132,351,255,246,666,738,1403,271,488,123,535,483,94,264,593,324,100,413,180,448,454,308,561,175,327
350,280,110,43,322,66,280,76,98,157,293,312,523,199,161,180,212,516,285,41,163,313,99,133,188,91,215,107,155,365,453,868,181,251,68,308,270,46,170,346,177,57,222,116,272,259,169,322,120,214
195,161,71,35,207,38,199,55,55,95,177,204,332,146,94,101,159,355,197,33,112,224,133,35,123,52,137,102,86,259,306,564,104,186,53,207,174,46,96,214,142,37,155,69,144,183,140,223,82,145
391,271,136,47,321,77,308,87,96,130,273,368,593,220,183,183,244,570,329,32,175,352,188,123,115,80,192,166,180,396,498,947,188,294,76,342,304,59,147,344,213,71,254,125,252,322,206,381,126,208
154,98,51,22,132,30,132,30,42,48,101,156,248,87,60,56,89,238,129,16,82,132,91,52,80,15,68,41,59,156,194,345,58,125,25,115,117,18,53,144,89,22,84,48,86,116,87,137,45,71
362,286,143,56,354,77,323,91,91,143,262,377,641,207,185,173,248,620,331,34,185,351,215,137,192,68,98,148,173,415,514,967,174,319,68,325,325,54,158,391,228,72,276,122,241,297,196,349,122,239
300,213,100,45,272,59,222,88,83,89,203,254,404,154,138,140,170,401,248,32,132,255,107,102,166,41,148,51,121,295,346,649,130,220,56,235,222,38,134,244,157,51,171,84,182,222,146,224,87,150
286,205,79,45,244,62,241,67,85,93,191,295,445,160,164,162,187,437,249,26,151,246,155,86,180,59,173,121,68,263,383,729,139,243,56,247,228,27,119,273,182,57,205,96,207,234,152,271,112,177
633,529,250,127,629,157,623,196,211,277,527,700,1184,421,346,327,471,1141,641,95,338,666,365,259,396,156,415,295,263,385,896,1780,343,620,144,653,619,115,298,660,424,107,473,222,495,593,380,662,251,423
663,642,315,133,727,157,705,232,233,284,655,850,1384,498,396,437,524,1303,753,87,424,738,453,306,498,194,514,346,383,896,582,2084,435,687,175,798,764,139,360,828,443,155,580,275,593,688,461,776,300,504
1225,1232,565,216,1378,299,1338,434,457,571,1148,1585,2381,891,684,787,1024,2363,1409,166,788,1403,868,564,947,345,967,649,729,1780,2084,1902,765,1311,321,1537,1315,224,704,1460,885,285,1000,519,1115,1215,896,1387,532,958
228,267,117,37,271,52,280,98,102,119,240,346,513,162,128,151,201,447,262,33,140,271,181,104,188,58,174,130,139,343,435,765,73,249,58,291,256,45,129,302,191,50,202,97,234,260,171,291,104,187
475,396,208,72,477,112,458,153,158,199,417,496,811,318,258,308,319,843,461,51,266,488,251,186,294,125,319,220,243,620,687,1311,249,201,126,459,420,68,224,502,301,90,359,186,415,404,330,510,150,316
100,92,43,15,118,24,114,40,40,40,87,142,198,68,51,57,81,202,117,11,65,123,68,53,76,25,68,56,56,144,175,321,58,126,10,108,114,24,67,131,80,25,84,42,96,99,68,107,35,76
512,440,192,98,549,133,516,150,166,195,428,607,976,347,245,279,372,966,581,55,283,535,308,207,342,115,325,235,247,653,798,1537,291,459,108,277,461,86,240,578,372,118,413,198,404,465,354,563,177,365
491,404,181,79,436,83,465,152,142,206,399,503,813,311,269,323,312,856,472,59,254,483,270,174,304,117,325,222,228,619,764,1315,256,420,114,461,206,84,227,514,309,95,312,174,368,405,298,501,152,317
90,75,36,18,94,22,77,24,35,33,65,102,186,50,38,41,75,169,94,18,47,94,46,46,59,18,54,38,27,115,139,224,45,68,24,86,84,11,45,89,53,22,68,22,71,86,40,104,30,60
236,202,111,43,258,56,220,77,93,107,213,287,457,173,151,151,169,431,252,32,137,264,170,96,147,53,158,134,119,298,360,704,129,224,67,240,227,45,58,278,172,66,171,97,191,237,177,253,101,165
439,481,231,91,532,115,492,162,180,204,469,604,958,381,297,331,374,917,541,65,292,593,346,214,344,144,391,244,273,660,828,1460,302,502,131,578,514,89,278,266,340,106,387,199,430,506,341,549,192,338
294,286,136,56,318,62,307,113,121,133,269,403,618,225,177,192,243,570,313,42,167,324,177,142,213,89,228,157,182,424,443,885,191,301,80,372,309,53,172,340,102,86,273,116,283,307,230,338,136,187
95,110,45,18,105,26,80,32,32,42,73,112,167,48,50,63,88,172,106,11,50,100,57,37,71,22,72,51,57,107,155,285,50,90,25,118,95,22,66,106,86,4,76,36,75,100,57,97,28,71
375,329,165,42,383,77,347,130,123,166,328,424,642,271,208,227,241,673,423,51,224,413,222,155,254,84,276,171,205,473,580,1000,202,359,84,413,312,68,171,387,273,76,136,131,289,361,233,396,141,250
163,162,64,40,191,50,170,73,73,87,161,213,345,108,105,104,128,339,184,19,105,180,116,69,125,48,122,84,96,222,275,519,97,186,42,198,174,22,97,199,116,36,131,28,149,165,122,195,78,134
424,323,144,64,402,85,374,95,151,167,362,434,717,256,230,242,306,690,406,52,210,448,272,144,252,86,241,182,207,495,593,1115,234,415,96,404,368,71,191,430,283,75,289,149,147,353,251,415,165,280
405,423,172,65,454,95,398,132,159,190,386,503,871,303,245,283,340,815,481,66,284,454,259,183,322,116,297,222,234,593,688,1215,260,404,99,465,405,86,237,506,307,100,361,165,353,207,307,468,200,303
307,271,114,66,323,78,336,97,96,144,288,316,551,217,205,194,234,545,320,37,156,308,169,140,206,87,196,146,152,380,461,896,171,330,68,354,298,40,177,341,230,57,233,122,251,307,90,353,110,206
477,464,225,78,530,126,526,146,163,217,413,616,909,356,282,321,383,896,528,67,275,561,322,223,381,137,349,224,271,662,776,1387,291,510,107,563,501,104,253,549,338,97,396,195,415,468,353,260,206,354
159,165,62,26,178,39,193,58,59,82,161,202,313,113,94,129,120,310,156,15,106,175,120,82,126,45,122,87,112,251,300,532,104,150,35,177,152,30,101,192,136,28,141,78,165,200,110,206,22,126
382,271,153,52,335,71,314,117,122,155,283,361,619,258,179,182,264,600,349,38,200,327,214,145,208,71,239,150,177,423,504,958,187,316,76,365,317,60,165,338,187,71,250,134,280,303,206,354,126,125
