280,462,231,82,509,121,485,197,192,224,444,551,818,362,328,318,372,805,557,61,307,564,353,194,355,142,369,302,295,622,694,1230,252,508,111,548,467,100,290,494,335,96,373,171,444,442,320,511,164,372
462,161,162,75,437,101,403,124,123,180,380,452,755,272,226,268,287,801,444,66,246,452,248,182,281,114,286,182,202,516,661,1199,237,423,97,405,375,85,209,491,282,91,365,171,346,425,262,469,156,272
231,162,38,37,193,51,215,67,56,80,172,226,360,126,104,116,176,347,202,22,112,228,133,80,128,50,118,90,98,243,293,585,115,173,46,219,180,29,112,195,140,34,161,75,155,203,125,223,71,165
82,75,37,8,91,27,83,31,23,38,68,91,157,55,36,53,50,163,79,11,52,86,39,37,56,22,58,35,50,114,113,199,46,86,17,100,90,9,34,77,56,19,68,36,73,84,54,80,24,58
509,437,193,91,262,120,465,145,172,212,441,582,954,341,271,306,372,984,508,66,280,521,295,224,351,133,370,245,250,653,804,1464,273,487,109,530,436,80,243,556,364,101,361,201,403,471,340,501,178,328
121,101,51,27,120,13,114,33,27,42,83,121,220,87,63,72,69,198,109,7,70,111,54,44,86,24,70,51,62,147,151,289,71,120,26,116,115,16,52,114,74,27,104,44,98,109,78,110,41,69
485,403,215,83,465,114,250,144,150,181,392,521,894,320,251,301,355,894,482,67,276,508,272,192,320,132,338,207,247,645,775,1386,267,463,122,558,450,82,244,472,326,90,331,171,383,454,294,497,178,300
197,124,67,31,145,33,144,28,55,61,111,179,266,108,86,79,109,263,154,23,87,176,93,63,110,36,93,68,77,196,222,414,70,149,34,155,145,35,65,150,101,48,127,50,135,113,93,153,67,134
192,123,56,23,172,27,150,55,35,63,151,176,292,92,89,76,112,306,172,16,103,194,91,67,96,37,112,87,63,206,273,447,75,140,49,196,141,21,91,157,118,33,110,65,127,145,101,165,68,109
224,180,80,38,212,42,181,61,63,38,152,226,328,165,113,117,151,355,189,22,102,206,140,86,165,63,141,107,108,255,302,567,113,189,52,212,192,29,113,219,141,37,155,75,179,199,155,212,76,149
444,380,172,68,441,83,392,111,151,152,181,475,704,298,255,247,310,742,423,68,228,442,263,210,303,113,302,242,233,534,621,1167,230,396,94,438,398,88,197,483,299,91,309,144,363,401,278,395,157,289
551,452,226,91,582,121,521,179,176,226,475,315,1022,330,282,331,433,1048,588,61,286,556,317,198,401,132,367,261,270,739,875,1652,319,527,118,586,499,105,277,608,353,120,468,212,450,549,353,594,217,385
818,755,360,157,954,220,894,266,292,328,704,1022,886,568,498,513,626,1587,900,118,519,939,514,366,653,223,629,405,457,1203,1377,2563,513,897,209,982,880,176,477,1031,582,198,696,343,748,849,616,982,363,561
362,272,126,55,341,87,320,108,92,165,298,330,568,119,176,188,239,568,325,50,184,342,192,135,218,67,201,158,159,412,491,865,183,313,69,338,306,51,185,346,212,70,246,140,281,314,238,333,121,230
328,226,104,36,271,63,251,86,89,113,255,282,498,176,72,141,178,474,278,33,171,270,178,115,174,39,162,125,139,307,399,736,149,247,70,256,239,49,130,298,174,46,191,91,225,236,173,268,112,198
318,268,116,53,306,72,301,79,76,117,247,331,513,188,141,79,196,498,305,32,153,296,183,124,185,55,191,136,139,352,408,775,158,268,68,262,273,53,122,317,191,60,204,109,236,287,172,297,118,206
372,287,176,50,372,69,355,109,112,151,310,433,626,239,178,196,126,654,385,41,186,390,196,135,243,87,257,181,176,442,528,984,179,338,96,358,314,70,160,367,244,88,253,145,331,335,207,369,134,232
805,801,347,163,984,198,894,263,306,355,742,1048,1587,568,474,498,654,895,914,143,530,938,546,367,649,237,623,419,432,1222,1463,2547,510,865,221,1013,865,153,438,1001,598,171,668,359,773,858,571,1007,352,592
557,444,202,79,508,109,482,154,172,189,423,588,900,325,278,305,385,914,263,63,294,478,314,177,303,119,330,229,266,645,739,1483,260,467,118,572,481,96,271,553,348,98,361,204,405,469,297,530,182,405
61,66,22,11,66,7,67,23,16,22,68,61,118,50,33,32,41,143,63,2,31,73,31,23,43,13,32,35,28,84,101,200,38,69,15,73,57,11,25,81,39,12,43,18,58,68,33,68,23,45
307,246,112,52,280,70,276,87,103,102,228,286,519,184,171,153,186,530,294,31,77,293,167,106,159,63,152,131,143,361,429,810,174,245,65,268,275,36,120,293,174,48,206,100,240,267,186,294,110,194
564,452,228,86,521,111,508,176,194,206,442,556,939,342,270,296,390,938,478,73,293,243,311,194,314,116,343,224,279,642,712,1411,267,481,109,570,461,95,277,545,320,104,368,203,432,474,330,529,186,381
353,248,133,39,295,54,272,93,91,140,263,317,514,192,178,183,196,546,314,31,167,311,91,114,173,71,184,125,143,359,481,804,162,298,66,318,290,63,147,323,182,58,234,116,238,280,191,296,107,203
194,182,80,37,224,44,192,63,67,86,210,198,366,135,115,124,135,367,177,23,106,194,114,34,125,43,129,105,105,244,315,538,106,181,45,202,169,43,107,211,121,30,145,75,159,192,136,224,64,135
355,281,128,56,351,86,320,110,96,165,303,401,653,218,174,185,243,649,303,43,159,314,173,125,103,79,210,174,151,402,519,981,213,308,82,362,281,54,167,396,247,49,259,125,245,309,202,352,116,214
142,114,50,22,133,24,132,36,37,63,113,132,223,67,39,55,87,237,119,13,63,116,71,43,79,19,68,65,70,149,176,342,69,108,30,128,118,13,73,141,84,21,92,50,102,111,73,130,40,88
369,286,118,58,370,70,338,93,112,141,302,367,629,201,162,191,257,623,330,32,152,343,184,129,210,68,106,174,169,414,500,981,192,329,67,361,297,56,177,379,226,69,248,130,272,295,189,334,118,230
302,182,90,35,245,51,207,68,87,107,242,261,405,158,125,136,181,419,229,35,131,224,125,105,174,65,174,54,106,290,362,686,131,224,56,232,214,29,111,267,152,61,191,79,191,221,144,266,92,180
295,202,98,50,250,62,247,77,63,108,233,270,457,159,139,139,176,432,266,28,143,279,143,105,151,70,169,106,43,312,358,688,113,224,54,227,249,42,115,254,167,50,166,98,186,234,162,253,89,157
622,516,243,114,653,147,645,196,206,255,534,739,1203,412,307,352,442,1222,645,84,361,642,359,244,402,149,414,290,312,416,1009,1862,361,617,149,634,590,116,345,693,400,135,484,263,513,594,385,691,257,431
694,661,293,113,804,151,775,222,273,302,621,875,1377,491,399,408,528,1463,739,101,429,712,481,315,519,176,500,362,358,1009,531,2103,405,694,173,779,672,141,393,791,468,144,580,321,626,744,516,795,298,507
1230,1199,585,199,1464,289,1386,414,447,567,1167,1652,2563,865,736,775,984,2547,1483,200,810,1411,804,538,981,342,981,686,688,1862,2103,1955,753,1371,334,1582,1328,257,738,1498,935,297,1063,567,1138,1334,912,1493,527,949
252,237,115,46,273,71,267,70,75,113,230,319,513,183,149,158,179,510,260,38,174,267,162,106,213,69,192,131,113,361,405,753,74,250,59,301,235,43,130,293,170,61,195,121,214,237,201,290,96,165
508,423,173,86,487,120,463,149,140,189,396,527,897,313,247,268,338,865,467,69,245,481,298,181,308,108,329,224,224,617,694,1371,250,228,94,499,451,78,206,520,307,94,349,202,397,452,303,473,164,344
111,97,46,17,109,26,122,34,49,52,94,118,209,69,70,68,96,221,118,15,65,109,66,45,82,30,67,56,54,149,173,334,59,94,15,125,101,21,56,129,71,24,93,44,107,119,62,129,36,83
548,405,219,100,530,116,558,155,196,212,438,586,982,338,256,262,358,1013,572,73,268,570,318,202,362,128,361,232,227,634,779,1582,301,499,125,275,489,90,275,544,343,114,418,175,451,515,341,546,219,351
467,375,180,90,436,115,450,145,141,192,398,499,880,306,239,273,314,865,481,57,275,461,290,169,281,118,297,214,249,590,672,1328,235,451,101,489,219,88,236,474,303,104,358,176,364,431,303,454,165,329
100,85,29,9,80,16,82,35,21,29,88,105,176,51,49,53,70,153,96,11,36,95,63,43,54,13,56,29,42,116,141,257,43,78,21,90,88,5,37,90,47,18,55,29,67,86,49,91,30,60
290,209,112,34,243,52,244,65,91,113,197,277,477,185,130,122,160,438,271,25,120,277,147,107,167,73,177,111,115,345,393,738,130,206,56,275,236,37,54,245,154,57,201,120,224,239,166,250,89,166
494,491,195,77,556,114,472,150,157,219,483,608,1031,346,298,317,367,1001,553,81,293,545,323,211,396,141,379,267,254,693,791,1498,293,520,129,544,474,90,245,305,381,104,434,206,421,487,365,556,189,393
335,282,140,56,364,74,326,101,118,141,299,353,582,212,174,191,244,598,348,39,174,320,182,121,247,84,226,152,167,400,468,935,170,307,71,343,303,47,154,381,126,71,270,116,261,331,199,326,111,220
96,91,34,19,101,27,90,48,33,37,91,120,198,70,46,60,88,171,98,12,48,104,58,30,49,21,69,61,50,135,144,297,61,94,24,114,104,18,57,104,71,6,66,37,86,99,65,97,31,69
373,365,161,68,361,104,331,127,110,155,309,468,696,246,191,204,253,668,361,43,206,368,234,145,259,92,248,191,166,484,580,1063,195,349,93,418,358,55,201,434,270,66,128,132,288,363,247,378,141,246
171,171,75,36,201,44,171,50,65,75,144,212,343,140,91,109,145,359,204,18,100,203,116,75,125,50,130,79,98,263,321,567,121,202,44,175,176,29,120,206,116,37,132,26,157,200,121,216,81,116
444,346,155,73,403,98,383,135,127,179,363,450,748,281,225,236,331,773,405,58,240,432,238,159,245,102,272,191,186,513,626,1138,214,397,107,451,364,67,224,421,261,86,288,157,167,360,271,423,141,278
442,425,203,84,471,109,454,113,145,199,401,549,849,314,236,287,335,858,469,68,267,474,280,192,309,111,295,221,234,594,744,1334,237,452,119,515,431,86,239,487,331,99,363,200,360,207,302,490,189,299
320,262,125,54,340,78,294,93,101,155,278,353,616,238,173,172,207,571,297,33,186,330,191,136,202,73,189,144,162,385,516,912,201,303,62,341,303,49,166,365,199,65,247,121,271,302,107,337,124,194
511,469,223,80,501,110,497,153,165,212,395,594,982,333,268,297,369,1007,530,68,294,529,296,224,352,130,334,266,253,691,795,1493,290,473,129,546,454,91,250,556,326,97,378,216,423,490,337,241,177,360
164,156,71,24,178,41,178,67,68,76,157,217,363,121,112,118,134,352,182,23,110,186,107,64,116,40,118,92,89,257,298,527,96,164,36,219,165,30,89,189,111,31,141,81,141,189,124,177,31,120
372,272,165,58,328,69,300,134,109,149,289,385,561,230,198,206,232,592,405,45,194,381,203,135,214,88,230,180,157,431,507,949,165,344,83,351,329,60,166,393,220,69,246,116,278,299,194,360,120,129
