288,421,214,103,472,102,463,207,175,253,442,544,821,379,322,347,358,793,484,61,319,505,316,224,358,152,369,306,306,575,637,1134,234,488,88,518,492,84,242,457,289,118,355,197,445,440,339,492,148,397
421,176,168,81,431,109,426,148,124,183,352,476,787,268,267,257,329,800,422,44,229,436,304,164,287,115,299,197,211,565,670,1212,263,365,97,447,408,58,206,455,281,88,352,159,355,395,288,453,184,290
214,168,29,27,205,40,187,51,70,82,190,228,349,143,113,113,152,363,212,24,101,209,119,70,134,61,132,89,109,226,289,570,114,176,41,187,169,27,96,216,127,36,155,83,154,186,114,231,81,146
103,81,27,3,79,20,80,31,24,43,71,78,147,45,46,53,56,148,70,8,40,82,67,35,57,24,58,48,44,103,103,233,51,62,21,86,74,14,39,89,59,22,61,29,68,72,48,78,32,59
472,431,205,79,265,106,483,164,170,200,425,549,919,333,284,278,367,929,501,73,284,507,282,209,321,137,354,233,271,637,774,1400,258,451,124,579,465,102,243,519,315,117,411,208,418,443,303,513,205,334
102,109,40,20,106,14,102,31,31,47,91,104,198,59,51,59,80,187,106,11,51,114,70,42,82,32,79,59,61,155,166,301,54,110,25,112,117,16,44,116,73,23,66,47,87,97,64,91,36,64
463,426,187,80,483,102,231,135,159,186,394,558,860,272,230,273,345,875,459,60,263,476,288,195,322,127,334,240,254,614,737,1294,271,438,111,536,444,75,234,499,335,93,353,185,361,482,294,481,169,308
207,148,51,31,164,31,135,31,55,63,124,178,300,123,79,90,107,302,164,20,101,166,84,71,106,36,89,74,71,163,227,459,81,130,38,162,136,26,65,163,105,45,106,61,118,130,101,149,61,90
175,124,70,24,170,31,159,55,26,60,145,197,304,105,95,90,110,299,171,18,79,168,106,70,111,43,110,78,98,231,269,463,110,149,43,199,176,29,82,178,96,34,134,73,124,151,106,160,76,122
253,183,82,43,200,47,186,63,60,40,151,227,364,139,109,128,164,346,234,26,119,217,126,83,118,57,157,89,122,266,329,591,110,194,45,202,209,30,107,199,133,50,157,67,153,179,122,229,76,155
442,352,190,71,425,91,394,124,145,151,178,462,759,293,235,263,312,726,446,51,268,460,258,161,259,124,313,209,229,544,627,1116,216,370,95,481,435,74,216,443,309,90,313,165,319,398,262,423,141,295
544,476,228,78,549,104,558,178,197,227,462,294,992,395,287,311,392,984,542,70,318,554,283,230,370,147,379,250,287,697,839,1568,299,479,122,589,515,101,305,620,346,116,430,252,474,481,347,565,213,351
821,787,349,147,919,198,860,300,304,364,759,992,805,570,456,495,663,1422,940,120,519,917,532,361,577,227,600,414,451,1138,1367,2424,470,821,200,962,843,161,481,976,591,186,653,362,738,777,570,908,317,594
379,268,143,45,333,59,272,123,105,139,293,395,570,90,160,170,247,591,314,33,170,329,213,127,223,91,226,140,171,369,463,892,179,255,77,353,287,49,182,355,217,62,251,128,242,310,212,331,122,240
322,267,113,46,284,51,230,79,95,109,235,287,456,160,66,143,195,447,285,29,149,278,147,114,180,76,184,125,152,329,427,723,135,247,55,275,250,52,129,282,171,62,220,94,187,254,150,254,94,200
347,257,113,53,278,59,273,90,90,128,263,311,495,170,143,70,191,474,311,27,160,296,174,99,200,81,199,136,148,349,466,799,174,273,61,311,281,47,129,333,203,69,194,114,212,288,181,278,118,195
358,329,152,56,367,80,345,107,110,164,312,392,663,247,195,191,147,656,386,48,200,357,236,148,249,98,280,171,191,473,529,1018,208,330,80,387,321,46,176,381,258,89,290,158,286,342,220,367,134,257
793,800,363,148,929,187,875,302,299,346,726,984,1422,591,447,474,656,760,952,120,494,908,534,389,553,223,593,423,438,1123,1390,2428,487,854,199,944,809,164,492,945,602,186,653,336,723,796,564,880,314,622
484,422,212,70,501,106,459,164,171,234,446,542,940,314,285,311,386,952,232,66,284,482,332,212,315,128,320,230,243,625,721,1435,302,455,114,556,489,85,267,569,353,103,361,211,407,466,349,493,205,346
61,44,24,8,73,11,60,20,18,26,51,70,120,33,29,27,48,120,66,7,36,71,35,23,38,13,36,36,30,84,79,172,34,60,9,68,54,11,31,70,34,13,60,22,45,55,41,60,19,48
319,229,101,40,284,51,263,101,79,119,268,318,519,170,149,160,200,494,284,36,78,271,159,109,184,55,177,120,153,347,420,831,139,264,52,317,238,43,137,264,179,50,223,106,192,240,153,279,107,169
505,436,209,82,507,114,476,166,168,217,460,554,917,329,278,296,357,908,482,71,271,242,321,199,338,140,317,238,253,641,740,1370,268,476,111,556,496,88,249,561,365,103,388,209,393,474,341,515,193,349
316,304,119,67,282,70,288,84,106,126,258,283,532,213,147,174,236,534,332,35,159,321,84,132,193,65,206,133,160,388,404,867,162,303,74,311,279,51,163,322,207,65,245,109,236,273,179,297,116,194
224,164,70,35,209,42,195,71,70,83,161,230,361,127,114,99,148,389,212,23,109,199,132,32,147,51,126,87,112,218,283,563,107,169,47,242,181,23,101,205,141,47,138,76,154,169,140,204,83,145
358,287,134,57,321,82,322,106,111,118,259,370,577,223,180,200,249,553,315,38,184,338,193,147,106,76,230,145,173,387,507,941,179,296,73,330,344,54,164,366,241,78,264,106,270,288,198,354,129,223
152,115,61,24,137,32,127,36,43,57,124,147,227,91,76,81,98,223,128,13,55,140,65,51,76,18,75,53,58,167,170,380,70,117,25,129,135,20,61,127,81,24,107,43,107,117,86,152,52,98
369,299,132,58,354,79,334,89,110,157,313,379,600,226,184,199,280,593,320,36,177,317,206,126,230,75,112,148,148,409,482,934,186,291,74,349,324,46,154,365,245,69,273,126,266,302,210,364,142,232
306,197,89,48,233,59,240,74,78,89,209,250,414,140,125,136,171,423,230,36,120,238,133,87,145,53,148,60,135,258,367,673,127,215,48,251,249,35,104,245,165,42,197,88,191,210,126,234,92,151
306,211,109,44,271,61,254,71,98,122,229,287,451,171,152,148,191,438,243,30,153,253,160,112,173,58,148,135,72,277,355,708,142,245,51,256,231,45,142,269,154,54,210,104,199,246,147,270,99,197
575,565,226,103,637,155,614,163,231,266,544,697,1138,369,329,349,473,1123,625,84,347,641,388,218,387,167,409,258,277,384,974,1802,371,576,139,696,599,104,283,708,386,114,449,254,522,580,401,648,247,496
637,670,289,103,774,166,737,227,269,329,627,839,1367,463,427,466,529,1390,721,79,420,740,404,283,507,170,482,367,355,974,512,2032,382,679,166,783,707,118,395,755,512,152,569,282,614,680,476,713,277,489
1134,1212,570,233,1400,301,1294,459,463,591,1116,1568,2424,892,723,799,1018,2428,1435,172,831,1370,867,563,941,380,934,673,708,1802,2032,1884,715,1287,316,1406,1293,227,714,1488,905,291,1016,490,1114,1220,911,1351,484,932
234,263,114,51,258,54,271,81,110,110,216,299,470,179,135,174,208,487,302,34,139,268,162,107,179,70,186,127,142,371,382,715,69,254,61,286,270,40,130,281,182,49,200,108,229,269,195,258,103,177
488,365,176,62,451,110,438,130,149,194,370,479,821,255,247,273,330,854,455,60,264,476,303,169,296,117,291,215,245,576,679,1287,254,207,101,488,393,66,208,474,317,96,360,164,374,443,302,498,169,313
88,97,41,21,124,25,111,38,43,45,95,122,200,77,55,61,80,199,114,9,52,111,74,47,73,25,74,48,51,139,166,316,61,101,9,110,112,23,65,132,81,21,87,41,78,112,57,122,44,73
518,447,187,86,579,112,536,162,199,202,481,589,962,353,275,311,387,944,556,68,317,556,311,242,330,129,349,251,256,696,783,1406,286,488,110,286,468,89,269,568,322,122,398,219,422,490,351,547,194,370
492,408,169,74,465,117,444,136,176,209,435,515,843,287,250,281,321,809,489,54,238,496,279,181,344,135,324,249,231,599,707,1293,270,393,112,468,213,73,214,504,322,99,337,166,371,421,304,476,168,291
84,58,27,14,102,16,75,26,29,30,74,101,161,49,52,47,46,164,85,11,43,88,51,23,54,20,46,35,45,104,118,227,40,66,23,89,73,6,43,77,57,15,54,27,70,65,57,76,37,52
242,206,96,39,243,44,234,65,82,107,216,305,481,182,129,129,176,492,267,31,137,249,163,101,164,61,154,104,142,283,395,714,130,208,65,269,214,43,47,266,160,61,180,104,214,251,161,254,92,177
457,455,216,89,519,116,499,163,178,199,443,620,976,355,282,333,381,945,569,70,264,561,322,205,366,127,365,245,269,708,755,1488,281,474,132,568,504,77,266,269,361,110,404,190,457,474,333,500,196,370
289,281,127,59,315,73,335,105,96,133,309,346,591,217,171,203,258,602,353,34,179,365,207,141,241,81,245,165,154,386,512,905,182,317,81,322,322,57,160,361,109,75,282,126,276,310,199,340,129,223
118,88,36,22,117,23,93,45,34,50,90,116,186,62,62,69,89,186,103,13,50,103,65,47,78,24,69,42,54,114,152,291,49,96,21,122,99,15,61,110,75,9,83,45,89,105,66,91,39,70
355,352,155,61,411,66,353,106,134,157,313,430,653,251,220,194,290,653,361,60,223,388,245,138,264,107,273,197,210,449,569,1016,200,360,87,398,337,54,180,404,282,83,138,162,357,336,229,386,149,267
197,159,83,29,208,47,185,61,73,67,165,252,362,128,94,114,158,336,211,22,106,209,109,76,106,43,126,88,104,254,282,490,108,164,41,219,166,27,104,190,126,45,162,42,146,180,114,198,77,130
445,355,154,68,418,87,361,118,124,153,319,474,738,242,187,212,286,723,407,45,192,393,236,154,270,107,266,191,199,522,614,1114,229,374,78,422,371,70,214,457,276,89,357,146,146,376,216,412,142,277
440,395,186,72,443,97,482,130,151,179,398,481,777,310,254,288,342,796,466,55,240,474,273,169,288,117,302,210,246,580,680,1220,269,443,112,490,421,65,251,474,310,105,336,180,376,220,305,477,198,311
339,288,114,48,303,64,294,101,106,122,262,347,570,212,150,181,220,564,349,41,153,341,179,140,198,86,210,126,147,401,476,911,195,302,57,351,304,57,161,333,199,66,229,114,216,305,88,289,108,201
492,453,231,78,513,91,481,149,160,229,423,565,908,331,254,278,367,880,493,60,279,515,297,204,354,152,364,234,270,648,713,1351,258,498,122,547,476,76,254,500,340,91,386,198,412,477,289,261,175,352
148,184,81,32,205,36,169,61,76,76,141,213,317,122,94,118,134,314,205,19,107,193,116,83,129,52,142,92,99,247,277,484,103,169,44,194,168,37,92,196,129,39,149,77,142,198,108,175,33,117
397,290,146,59,334,64,308,90,122,155,295,351,594,240,200,195,257,622,346,48,169,349,194,145,223,98,232,151,197,496,489,932,177,313,73,370,291,52,177,370,223,70,267,130,277,311,201,352,117,128
