273,457,221,83,504,101,490,184,182,245,466,548,838,377,305,344,401,865,560,60,339,541,339,230,357,142,372,289,315,678,696,1192,276,502,113,539,504,90,270,496,320,89,396,176,462,447,373,505,178,387
457,211,172,80,430,108,422,126,144,182,367,492,806,288,228,226,280,823,455,47,246,437,229,160,280,98,280,187,240,566,647,1192,218,402,104,447,411,78,215,473,309,89,317,173,350,401,267,456,153,279
221,172,37,37,194,66,211,67,56,94,176,222,378,132,110,128,128,361,187,20,121,198,130,80,143,58,154,87,102,227,313,550,111,180,50,204,203,36,113,209,121,39,164,75,173,173,142,218,72,136
83,80,37,9,95,17,94,26,32,38,81,76,151,76,56,55,64,171,82,8,43,92,50,42,47,24,54,46,53,111,128,241,47,92,27,93,99,14,45,102,57,15,60,32,82,70,59,94,31,58
504,430,194,95,228,126,508,163,161,205,448,566,968,296,271,289,345,956,472,63,294,509,279,204,360,135,317,243,235,618,786,1407,284,449,119,548,446,83,246,559,353,116,397,175,414,482,308,547,173,317
101,108,66,17,126,11,113,33,34,53,87,112,197,86,74,65,80,207,110,22,70,114,74,46,77,22,64,60,59,150,148,294,64,115,35,129,111,12,58,125,78,22,88,50,106,100,83,106,35,65
490,422,211,94,508,113,219,123,156,170,386,549,880,315,277,301,368,895,490,64,277,516,280,195,282,115,315,244,277,639,742,1354,258,444,117,573,461,86,238,522,293,94,345,168,367,438,290,478,147,311
184,126,67,26,163,33,123,28,41,71,128,170,278,105,99,86,108,283,152,15,75,154,117,49,114,40,111,71,82,201,232,420,98,135,36,159,149,22,68,148,98,29,109,52,120,136,100,154,69,117
182,144,56,32,161,34,156,41,28,68,161,201,323,107,96,112,113,340,178,16,94,177,82,71,112,53,123,75,65,185,243,487,93,147,31,162,153,40,74,173,104,33,118,54,124,153,103,154,65,106
245,182,94,38,205,53,170,71,68,44,152,194,324,141,124,138,159,357,189,15,131,202,130,79,132,60,138,99,103,246,289,539,102,185,44,212,202,31,106,238,133,30,173,61,168,208,126,195,65,142
466,367,176,81,448,87,386,128,161,152,162,438,762,291,240,253,327,778,404,49,227,428,253,185,284,116,279,211,201,536,628,1167,211,406,82,461,389,74,212,447,274,73,311,169,344,394,276,414,147,304
548,492,222,76,566,112,549,170,201,194,438,330,1017,373,284,311,434,1057,599,55,285,599,313,208,350,123,357,265,287,721,916,1672,317,496,126,649,521,94,270,609,392,123,444,220,415,534,360,617,199,396
838,806,378,151,968,197,880,278,323,324,762,1017,808,582,439,469,699,1454,932,115,528,932,506,370,569,208,593,468,436,1156,1440,2511,498,841,211,1036,806,165,496,950,662,195,716,345,728,818,533,920,329,612
377,288,132,76,296,86,315,105,107,141,291,373,582,96,175,204,245,587,333,32,193,326,181,119,199,82,217,139,168,414,475,936,189,321,71,330,317,62,175,331,216,62,257,116,257,342,190,325,114,203
305,228,110,56,271,74,277,99,96,124,240,284,439,175,63,125,184,459,254,39,164,259,148,90,163,52,187,131,154,279,396,741,118,256,48,256,239,38,147,274,167,65,186,120,214,265,171,269,86,189
344,226,128,55,289,65,301,86,112,138,253,311,469,204,125,77,208,483,270,27,169,290,159,130,184,54,174,140,158,307,420,798,130,282,63,279,276,43,151,307,182,66,209,117,232,258,181,278,105,192
401,280,128,64,345,80,368,108,113,159,327,434,699,245,184,208,147,703,385,38,233,398,225,153,214,87,248,177,180,493,574,1037,221,349,72,382,340,73,190,394,250,68,279,125,296,358,227,375,126,244
865,823,361,171,956,207,895,283,340,357,778,1057,1454,587,459,483,703,790,914,105,513,910,548,375,618,230,640,433,459,1168,1436,2509,492,811,193,1011,807,177,489,963,634,192,723,337,751,865,558,952,316,612
560,455,187,82,472,110,490,152,178,189,404,599,932,333,254,270,385,914,265,66,278,470,287,211,332,145,359,250,287,618,764,1430,262,461,116,623,500,88,273,526,356,111,380,178,404,472,279,541,181,320
60,47,20,8,63,22,64,15,16,15,49,55,115,32,39,27,38,105,66,3,35,65,41,26,39,11,35,29,27,64,97,171,30,57,17,63,56,10,31,62,37,14,50,25,39,55,31,70,27,28
339,246,121,43,294,70,277,75,94,131,227,285,528,193,164,169,233,513,278,35,66,280,143,105,204,78,172,134,134,336,421,777,153,267,61,273,275,44,118,310,167,61,208,123,237,246,177,278,114,205
541,437,198,92,509,114,516,154,177,202,428,599,932,326,259,290,398,910,470,65,280,276,301,205,356,136,351,250,258,624,789,1482,265,475,114,587,494,103,262,576,337,98,412,209,412,499,332,563,173,346
339,229,130,50,279,74,280,117,82,130,253,313,506,181,148,159,225,548,287,41,143,301,94,103,194,69,178,143,163,354,468,849,164,255,63,278,276,53,162,311,200,58,235,116,240,297,189,319,122,209
230,160,80,42,204,46,195,49,71,79,185,208,370,119,90,130,153,375,211,26,105,205,103,38,134,44,124,76,110,252,311,562,94,189,40,214,194,45,106,209,117,25,148,74,147,193,130,211,66,131
357,280,143,47,360,77,282,114,112,132,284,350,569,199,163,184,214,618,332,39,204,356,194,134,108,90,227,145,174,425,527,945,164,301,66,364,300,47,179,364,244,72,242,130,247,310,210,358,116,205
142,98,58,24,135,22,115,40,53,60,116,123,208,82,52,54,87,230,145,11,78,136,69,44,90,14,76,39,72,155,206,339,61,117,26,135,116,22,57,135,93,26,93,42,99,123,80,121,42,76
372,280,154,54,317,64,315,111,123,138,279,357,593,217,187,174,248,640,359,35,172,351,178,124,227,76,111,122,158,420,513,979,175,301,68,376,319,57,167,376,234,67,269,135,258,317,199,355,129,211
289,187,87,46,243,60,244,71,75,99,211,265,468,139,131,140,177,433,250,29,134,250,143,76,145,39,122,54,106,296,359,681,140,241,55,227,221,38,115,262,147,51,205,83,183,211,141,242,98,146
315,240,102,53,235,59,277,82,65,103,201,287,436,168,154,158,180,459,287,27,134,258,163,110,174,72,158,106,68,293,392,713,139,218,71,261,264,39,121,246,173,48,187,69,217,207,160,291,105,191
678,566,227,111,618,150,639,201,185,246,536,721,1156,414,279,307,493,1168,618,64,336,624,354,252,425,155,420,296,293,395,970,1883,357,590,156,690,558,108,336,737,385,133,529,247,548,586,396,656,238,450
696,647,313,128,786,148,742,232,243,289,628,916,1440,475,396,420,574,1436,764,97,421,789,468,311,527,206,513,359,392,970,600,2139,447,717,154,850,733,149,394,843,544,149,598,313,626,715,504,765,268,503
1192,1192,550,241,1407,294,1354,420,487,539,1167,1672,2511,936,741,798,1037,2509,1430,171,777,1482,849,562,945,339,979,681,713,1883,2139,1980,769,1351,311,1613,1373,246,762,1535,1026,325,1128,568,1169,1371,916,1417,527,971
276,218,111,47,284,64,258,98,93,102,211,317,498,189,118,130,221,492,262,30,153,265,164,94,164,61,175,140,139,357,447,769,67,273,57,311,271,57,142,272,205,58,210,114,225,253,185,262,100,202
502,402,180,92,449,115,444,135,147,185,406,496,841,321,256,282,349,811,461,57,267,475,255,189,301,117,301,241,218,590,717,1351,273,214,93,545,461,98,249,472,314,109,389,172,396,458,300,499,146,286
113,104,50,27,119,35,117,36,31,44,82,126,211,71,48,63,72,193,116,17,61,114,63,40,66,26,68,55,71,156,154,311,57,93,13,127,103,21,69,118,74,25,86,49,76,101,60,133,32,75
539,447,204,93,548,129,573,159,162,212,461,649,1036,330,256,279,382,1011,623,63,273,587,278,214,364,135,376,227,261,690,850,1613,311,545,127,304,509,83,289,571,339,110,416,195,435,538,316,576,194,367
504,411,203,99,446,111,461,149,153,202,389,521,806,317,239,276,340,807,500,56,275,494,276,194,300,116,319,221,264,558,733,1373,271,461,103,509,241,78,246,514,329,98,360,155,385,428,305,482,165,323
90,78,36,14,83,12,86,22,40,31,74,94,165,62,38,43,73,177,88,10,44,103,53,45,47,22,57,38,39,108,149,246,57,98,21,83,78,4,39,97,67,20,66,23,68,79,54,96,25,52
270,215,113,45,246,58,238,68,74,106,212,270,496,175,147,151,190,489,273,31,118,262,162,106,179,57,167,115,121,336,394,762,142,249,69,289,246,39,70,243,186,48,168,81,205,239,161,262,100,187
496,473,209,102,559,125,522,148,173,238,447,609,950,331,274,307,394,963,526,62,310,576,311,209,364,135,376,262,246,737,843,1535,272,472,118,571,514,97,243,282,368,118,432,177,445,482,325,561,193,371
320,309,121,57,353,78,293,98,104,133,274,392,662,216,167,182,250,634,356,37,167,337,200,117,244,93,234,147,173,385,544,1026,205,314,74,339,329,67,186,368,115,61,251,111,257,311,215,362,129,225
89,89,39,15,116,22,94,29,33,30,73,123,195,62,65,66,68,192,111,14,61,98,58,25,72,26,67,51,48,133,149,325,58,109,25,110,98,20,48,118,61,9,79,44,89,109,76,103,46,67
396,317,164,60,397,88,345,109,118,173,311,444,716,257,186,209,279,723,380,50,208,412,235,148,242,93,269,205,187,529,598,1128,210,389,86,416,360,66,168,432,251,79,129,138,318,374,262,390,129,260
176,173,75,32,175,50,168,52,54,61,169,220,345,116,120,117,125,337,178,25,123,209,116,74,130,42,135,83,69,247,313,568,114,172,49,195,155,23,81,177,111,44,138,35,165,183,123,181,81,133
462,350,173,82,414,106,367,120,124,168,344,415,728,257,214,232,296,751,404,39,237,412,240,147,247,99,258,183,217,548,626,1169,225,396,76,435,385,68,205,445,257,89,318,165,174,390,256,461,145,279
447,401,173,70,482,100,438,136,153,208,394,534,818,342,265,258,358,865,472,55,246,499,297,193,310,123,317,211,207,586,715,1371,253,458,101,538,428,79,239,482,311,109,374,183,390,224,283,482,169,313
373,267,142,59,308,83,290,100,103,126,276,360,533,190,171,181,227,558,279,31,177,332,189,130,210,80,199,141,160,396,504,916,185,300,60,316,305,54,161,325,215,76,262,123,256,283,91,358,129,204
505,456,218,94,547,106,478,154,154,195,414,617,920,325,269,278,375,952,541,70,278,563,319,211,358,121,355,242,291,656,765,1417,262,499,133,576,482,96,262,561,362,103,390,181,461,482,358,255,188,362
178,153,72,31,173,35,147,69,65,65,147,199,329,114,86,105,126,316,181,27,114,173,122,66,116,42,129,98,105,238,268,527,100,146,32,194,165,25,100,193,129,46,129,81,145,169,129,188,34,120
387,279,136,58,317,65,311,117,106,142,304,396,612,203,189,192,244,612,320,28,205,346,209,131,205,76,211,146,191,450,503,971,202,286,75,367,323,52,187,371,225,67,260,133,279,313,204,362,120,98
