295,475,232,86,464,106,464,196,167,252,457,545,854,397,324,342,352,855,505,66,321,523,324,213,347,128,335,291,302,639,720,1269,259,483,102,525,492,73,271,474,321,112,337,181,440,462,335,501,177,390
475,196,172,69,484,98,402,134,124,173,375,505,808,261,210,221,293,804,474,56,209,441,275,183,306,92,259,200,174,532,655,1313,247,400,100,455,398,64,221,446,303,94,381,167,358,388,272,454,171,292
232,172,26,40,193,59,199,60,72,72,164,194,365,106,102,118,134,361,186,25,97,187,118,71,129,47,118,93,103,261,322,606,106,179,44,203,199,39,89,210,131,40,178,77,143,181,119,210,89,128
86,69,40,6,77,12,77,35,35,35,66,84,128,46,34,46,62,136,85,12,51,85,51,37,68,30,59,40,48,94,126,207,34,76,18,90,68,18,51,88,49,16,57,34,80,87,54,85,29,54
464,484,193,77,282,93,494,192,155,210,447,587,947,348,263,288,404,949,542,66,287,576,306,220,341,143,375,243,244,648,787,1382,283,485,109,508,462,90,277,555,343,115,414,185,449,460,351,539,203,351
106,98,59,12,93,12,98,30,41,51,83,117,172,77,58,58,86,183,115,9,73,109,70,38,80,27,68,56,58,124,175,308,55,109,24,119,81,24,52,128,71,23,72,38,77,103,81,125,43,74
464,402,199,77,494,98,220,153,159,188,383,563,873,292,243,294,366,902,492,59,269,486,278,177,316,114,327,258,256,589,778,1389,244,415,107,537,435,103,263,519,325,101,377,186,374,498,285,494,159,313
196,134,60,35,192,30,153,24,46,69,144,148,275,101,85,91,109,292,162,15,81,144,107,69,103,40,102,65,67,208,256,487,74,140,31,159,148,30,82,162,110,35,124,66,131,139,117,150,65,128
167,124,72,35,155,41,159,46,24,75,147,177,297,108,80,92,110,304,156,15,86,166,102,75,98,47,108,74,79,213,259,466,79,157,42,167,161,32,84,184,111,31,129,66,132,155,92,182,61,98
252,173,72,35,210,51,188,69,75,37,169,219,360,127,118,128,135,362,208,26,124,189,96,85,124,59,129,110,103,256,300,540,115,187,51,221,195,31,98,191,111,35,137,81,163,170,130,210,68,124
457,375,164,66,447,83,383,144,147,169,161,514,766,270,217,242,317,737,443,45,231,412,248,175,294,99,307,209,231,579,637,1145,236,393,115,475,371,85,221,454,290,90,328,168,353,381,306,395,168,291
545,505,194,84,587,117,563,148,177,219,514,306,1070,334,294,287,381,1071,572,52,298,570,300,222,417,129,395,259,246,701,962,1688,333,530,124,609,528,99,269,665,399,113,433,215,468,577,381,621,233,401
854,808,365,128,947,172,873,275,297,360,766,1070,842,580,443,508,699,1544,955,87,489,905,523,364,655,211,642,425,441,1124,1415,2525,459,855,204,1014,847,167,480,1022,633,196,716,362,721,834,623,949,313,617
397,261,106,46,348,77,292,101,108,127,270,334,580,116,172,186,244,610,350,51,180,327,191,130,206,86,224,158,156,420,506,898,169,319,66,350,295,57,172,353,205,63,248,120,263,287,173,359,113,199
324,210,102,34,263,58,243,85,80,118,217,294,443,172,67,140,215,458,253,28,150,269,156,114,161,62,196,129,140,332,399,778,147,232,66,288,238,37,147,264,192,60,228,85,195,210,147,288,98,197
342,221,118,46,288,58,294,91,92,128,242,287,508,186,140,79,216,528,256,44,165,312,176,122,169,67,204,128,155,335,444,841,178,267,73,295,264,49,138,292,202,60,219,93,243,241,166,306,116,205
352,293,134,62,404,86,366,109,110,135,317,381,699,244,215,216,111,652,343,35,182,370,214,148,248,80,220,154,182,463,541,1048,198,371,81,344,322,59,176,397,226,80,285,143,301,364,228,385,134,231
855,804,361,136,949,183,902,292,304,362,737,1071,1544,610,458,528,652,862,889,106,495,936,505,370,584,221,647,427,428,1151,1369,2598,492,914,216,954,861,154,454,983,644,205,718,376,691,823,576,938,343,615
505,474,186,85,542,115,492,162,156,208,443,572,955,350,253,256,343,889,243,75,276,475,289,217,352,118,332,213,251,657,774,1497,269,493,110,509,519,84,245,537,339,112,392,205,407,460,307,542,203,332
66,56,25,12,66,9,59,15,15,26,45,52,87,51,28,44,35,106,75,7,32,70,45,31,40,17,37,23,33,77,95,132,31,59,12,73,64,10,21,57,36,20,56,21,48,43,37,68,26,50
321,209,97,51,287,73,269,81,86,124,231,298,489,180,150,165,182,495,276,32,69,283,163,103,170,80,167,130,140,328,418,725,135,253,53,255,244,52,154,290,183,56,218,91,206,270,177,308,98,186
523,441,187,85,576,109,486,144,166,189,412,570,905,327,269,312,370,936,475,70,283,235,288,197,338,119,359,233,265,685,731,1429,295,523,112,541,466,89,262,545,330,110,428,187,424,461,316,549,198,340
324,275,118,51,306,70,278,107,102,96,248,300,523,191,156,176,214,505,289,45,163,288,89,137,199,69,218,143,170,351,446,835,161,287,57,306,295,60,154,318,195,54,221,107,237,281,178,316,91,233
213,183,71,37,220,38,177,69,75,85,175,222,364,130,114,122,148,370,217,31,103,197,137,39,148,61,148,101,117,272,318,573,100,209,46,210,180,34,101,192,114,45,148,83,178,193,116,211,88,130
347,306,129,68,341,80,316,103,98,124,294,417,655,206,161,169,248,584,352,40,170,338,199,148,116,75,229,148,145,401,523,991,181,312,66,335,335,52,175,354,210,70,284,132,248,318,198,357,125,233
128,92,47,30,143,27,114,40,47,59,99,129,211,86,62,67,80,221,118,17,80,119,69,61,75,20,76,60,66,145,189,337,62,109,34,123,108,18,55,119,87,27,78,44,105,126,85,141,51,81
335,259,118,59,375,68,327,102,108,129,307,395,642,224,196,204,220,647,332,37,167,359,218,148,229,76,106,160,184,412,520,997,191,326,87,311,312,56,166,357,203,64,240,141,294,326,237,377,140,219
291,200,93,40,243,56,258,65,74,110,209,259,425,158,129,128,154,427,213,23,130,233,143,101,148,60,160,60,107,262,367,651,145,213,56,228,233,48,116,260,133,42,198,76,201,220,136,287,97,151
302,174,103,48,244,58,256,67,79,103,231,246,441,156,140,155,182,428,251,33,140,265,170,117,145,66,184,107,65,289,374,703,153,252,62,239,249,45,119,248,159,50,196,93,215,229,152,262,124,178
639,532,261,94,648,124,589,208,213,256,579,701,1124,420,332,335,463,1151,657,77,328,685,351,272,401,145,412,262,289,391,922,1854,337,608,163,684,575,117,324,655,447,113,483,243,498,584,388,648,245,432
720,655,322,126,787,175,778,256,259,300,637,962,1415,506,399,444,541,1369,774,95,418,731,446,318,523,189,520,367,374,922,571,2240,443,746,169,837,734,140,413,790,509,182,574,290,622,701,529,847,317,502
1269,1313,606,207,1382,308,1389,487,466,540,1145,1688,2525,898,778,841,1048,2598,1497,132,725,1429,835,573,991,337,997,651,703,1854,2240,1990,770,1304,324,1584,1310,256,720,1561,986,327,1083,572,1194,1310,920,1470,519,953
259,247,106,34,283,55,244,74,79,115,236,333,459,169,147,178,198,492,269,31,135,295,161,100,181,62,191,145,153,337,443,770,84,271,62,301,248,53,131,311,202,51,220,108,230,263,183,291,82,213
483,400,179,76,485,109,415,140,157,187,393,530,855,319,232,267,371,914,493,59,253,523,287,209,312,109,326,213,252,608,746,1304,271,229,119,523,414,88,230,538,309,95,368,174,391,459,322,494,167,303
102,100,44,18,109,24,107,31,42,51,115,124,204,66,66,73,81,216,110,12,53,112,57,46,66,34,87,56,62,163,169,324,62,119,15,123,120,19,50,136,87,17,87,40,85,98,46,124,33,66
525,455,203,90,508,119,537,159,167,221,475,609,1014,350,288,295,344,954,509,73,255,541,306,210,335,123,311,228,239,684,837,1584,301,523,123,286,511,67,256,589,350,108,396,212,429,509,327,543,206,338
492,398,199,68,462,81,435,148,161,195,371,528,847,295,238,264,322,861,519,64,244,466,295,180,335,108,312,233,249,575,734,1310,248,414,120,511,207,84,234,485,318,96,355,189,372,440,295,506,190,305
73,64,39,18,90,24,103,30,32,31,85,99,167,57,37,49,59,154,84,10,52,89,60,34,52,18,56,48,45,117,140,256,53,88,19,67,84,6,37,87,65,12,53,38,73,71,44,74,34,52
271,221,89,51,277,52,263,82,84,98,221,269,480,172,147,138,176,454,245,21,154,262,154,101,175,55,166,116,119,324,413,720,131,230,50,256,234,37,61,276,172,54,199,107,208,232,154,266,103,177
474,446,210,88,555,128,519,162,184,191,454,665,1022,353,264,292,397,983,537,57,290,545,318,192,354,119,357,260,248,655,790,1561,311,538,136,589,485,87,276,280,380,122,412,195,415,506,355,572,209,353
321,303,131,49,343,71,325,110,111,111,290,399,633,205,192,202,226,644,339,36,183,330,195,114,210,87,203,133,159,447,509,986,202,309,87,350,318,65,172,380,103,69,254,145,268,312,208,354,153,215
112,94,40,16,115,23,101,35,31,35,90,113,196,63,60,60,80,205,112,20,56,110,54,45,70,27,64,42,50,113,182,327,51,95,17,108,96,12,54,122,69,4,81,34,86,103,56,116,35,76
337,381,178,57,414,72,377,124,129,137,328,433,716,248,228,219,285,718,392,56,218,428,221,148,284,78,240,198,196,483,574,1083,220,368,87,396,355,53,199,412,254,81,138,139,307,351,253,394,131,267
181,167,77,34,185,38,186,66,66,81,168,215,362,120,85,93,143,376,205,21,91,187,107,83,132,44,141,76,93,243,290,572,108,174,40,212,189,38,107,195,145,34,139,41,149,169,126,188,71,125
440,358,143,80,449,77,374,131,132,163,353,468,721,263,195,243,301,691,407,48,206,424,237,178,248,105,294,201,215,498,622,1194,230,391,85,429,372,73,208,415,268,86,307,149,165,373,236,433,144,301
462,388,181,87,460,103,498,139,155,170,381,577,834,287,210,241,364,823,460,43,270,461,281,193,318,126,326,220,229,584,701,1310,263,459,98,509,440,71,232,506,312,103,351,169,373,193,303,468,197,299
335,272,119,54,351,81,285,117,92,130,306,381,623,173,147,166,228,576,307,37,177,316,178,116,198,85,237,136,152,388,529,920,183,322,46,327,295,44,154,355,208,56,253,126,236,303,92,346,103,224
501,454,210,85,539,125,494,150,182,210,395,621,949,359,288,306,385,938,542,68,308,549,316,211,357,141,377,287,262,648,847,1470,291,494,124,543,506,74,266,572,354,116,394,188,433,468,346,265,188,357
177,171,89,29,203,43,159,65,61,68,168,233,313,113,98,116,134,343,203,26,98,198,91,88,125,51,140,97,124,245,317,519,82,167,33,206,190,34,103,209,153,35,131,71,144,197,103,188,32,125
390,292,128,54,351,74,313,128,98,124,291,401,617,199,197,205,231,615,332,50,186,340,233,130,233,81,219,151,178,432,502,953,213,303,66,338,305,52,177,353,215,76,267,125,301,299,224,357,125,100
