281,479,229,88,494,110,470,179,173,246,445,511,838,380,331,359,378,852,522,62,306,553,339,220,374,146,381,307,299,631,757,1198,242,502,125,516,504,88,231,473,337,98,395,159,450,433,327,477,169,389
479,177,176,78,471,89,408,124,138,182,371,524,801,268,239,261,323,791,429,54,220,451,261,167,251,112,289,234,216,526,689,1229,237,418,97,463,410,80,236,450,282,96,321,160,319,436,245,468,181,291
229,176,37,42,206,43,170,67,66,68,149,211,366,125,112,114,136,336,207,28,93,210,108,72,116,46,107,79,81,253,304,575,113,194,44,210,205,26,99,218,128,32,154,80,130,194,117,213,82,136
88,78,42,12,73,21,92,23,30,42,70,89,139,57,38,46,67,141,77,8,47,92,44,37,60,22,51,33,36,112,114,210,27,87,21,95,75,23,43,71,57,22,58,32,67,82,60,88,24,57
494,471,206,73,226,112,520,146,170,194,421,540,917,302,272,292,368,954,512,56,275,490,300,200,333,125,346,241,256,631,793,1421,257,475,114,551,467,84,265,579,344,113,376,203,413,508,318,529,169,330
110,89,43,21,112,12,102,26,36,50,89,123,189,80,56,65,79,205,113,19,65,135,78,51,66,28,66,50,55,154,168,293,41,123,23,108,100,24,53,115,91,28,83,44,97,107,77,110,28,90
470,408,170,92,520,102,210,142,151,185,409,553,888,311,237,279,342,867,486,66,264,522,291,188,294,109,304,230,249,591,749,1358,254,454,115,521,467,90,251,502,332,106,368,174,377,434,317,490,196,335
179,124,67,23,146,26,142,24,48,67,145,165,253,97,83,90,106,254,170,24,82,162,92,55,95,45,101,63,79,181,225,401,87,138,28,165,135,21,78,145,114,35,118,53,121,113,83,169,65,112
173,138,66,30,170,36,151,48,13,63,132,176,322,99,88,99,120,303,148,23,77,152,96,66,113,33,100,80,84,187,233,459,96,155,32,182,177,25,81,181,106,36,122,57,125,144,113,166,54,110
246,182,68,42,194,50,185,67,63,49,166,231,348,124,102,125,124,347,200,26,101,202,133,81,138,56,147,95,99,238,293,562,98,196,57,230,224,40,104,202,162,43,143,80,166,158,123,199,90,139
445,371,149,70,421,89,409,145,132,166,168,469,801,306,243,272,310,768,450,56,211,457,269,184,281,113,299,209,217,536,627,1140,246,401,98,491,442,60,223,419,255,90,326,171,369,383,276,462,166,289
511,524,211,89,540,123,553,165,176,231,469,329,1027,374,313,316,422,1067,556,52,279,584,335,232,388,132,393,245,316,754,868,1638,335,519,137,619,521,91,283,623,376,110,444,212,460,560,373,593,212,359
838,801,366,139,917,189,888,253,322,348,801,1027,837,593,528,537,612,1594,920,116,513,954,552,350,621,218,612,398,477,1145,1343,2608,523,860,215,977,837,163,487,995,586,187,700,352,785,850,617,995,357,619
380,268,125,57,302,80,311,97,99,124,306,374,593,88,169,171,252,571,335,38,181,332,179,120,222,95,208,147,170,393,495,870,188,311,80,355,298,50,172,321,198,68,274,118,235,310,217,332,133,254
331,239,112,38,272,56,237,83,88,102,243,313,528,169,76,153,185,463,271,30,139,290,153,109,133,73,182,125,125,332,410,718,141,256,54,272,254,42,138,260,157,52,219,120,186,238,153,270,84,201
359,261,114,46,292,65,279,90,99,125,272,316,537,171,153,98,191,534,295,40,150,320,163,110,178,71,206,132,159,352,449,778,149,256,69,292,252,36,138,274,175,42,235,123,239,270,188,328,102,189
378,323,136,67,368,79,342,106,120,124,310,422,612,252,185,191,152,655,363,47,201,373,226,150,251,85,254,168,203,433,565,979,204,320,93,385,366,62,167,404,247,74,271,133,331,324,218,383,155,244
852,791,336,141,954,205,867,254,303,347,768,1067,1594,571,463,534,655,852,923,95,482,923,515,336,620,239,594,412,462,1174,1351,2630,513,859,207,962,825,157,457,986,621,187,685,367,713,840,599,969,337,599
522,429,207,77,512,113,486,170,148,200,450,556,920,335,271,295,363,923,235,60,263,465,314,216,314,120,317,242,251,636,761,1446,323,472,97,573,502,75,248,535,316,116,414,175,415,478,328,542,204,340
62,54,28,8,56,19,66,24,23,26,56,52,116,38,30,40,47,95,60,4,24,63,39,26,35,10,49,33,36,76,87,174,39,48,11,59,59,11,35,64,36,18,57,22,50,58,40,63,22,46
306,220,93,47,275,65,264,82,77,101,211,279,513,181,139,150,201,482,263,24,77,295,163,96,159,69,167,136,141,346,405,725,162,243,66,295,269,47,128,310,200,57,188,105,233,238,198,276,110,178
553,451,210,92,490,135,522,162,152,202,457,584,954,332,290,320,373,923,465,63,295,269,357,223,346,128,378,244,278,629,732,1406,296,473,117,586,490,97,278,541,338,125,393,190,437,491,328,547,196,352
339,261,108,44,300,78,291,92,96,133,269,335,552,179,153,163,226,515,314,39,163,357,91,113,182,80,183,145,143,376,499,836,160,302,75,295,293,46,156,316,205,73,242,114,232,282,166,301,106,213
220,167,72,37,200,51,188,55,66,81,184,232,350,120,109,110,150,336,216,26,96,223,113,32,135,45,139,109,91,249,294,559,110,195,56,210,200,38,117,192,149,39,153,76,137,187,123,217,87,130
374,251,116,60,333,66,294,95,113,138,281,388,621,222,133,178,251,620,314,35,159,346,182,135,79,81,184,141,173,422,536,952,174,319,68,335,308,53,177,342,212,69,239,118,218,286,175,369,98,258
146,112,46,22,125,28,109,45,33,56,113,132,218,95,73,71,85,239,120,10,69,128,80,45,81,15,79,53,65,151,180,352,72,110,27,122,117,13,67,123,73,32,85,37,96,99,88,126,46,73
381,289,107,51,346,66,304,101,100,147,299,393,612,208,182,206,254,594,317,49,167,378,183,139,184,79,116,170,192,410,520,936,200,296,76,366,345,48,177,377,223,75,246,114,257,324,203,378,125,235
307,234,79,33,241,50,230,63,80,95,209,245,398,147,125,132,168,412,242,33,136,244,145,109,141,53,170,57,134,276,380,708,133,204,51,245,219,36,124,277,149,42,205,86,199,242,130,261,77,176
299,216,81,36,256,55,249,79,84,99,217,316,477,170,125,159,203,462,251,36,141,278,143,91,173,65,192,134,72,309,392,732,140,238,59,249,247,37,126,262,160,49,203,90,207,218,145,257,98,166
631,526,253,112,631,154,591,181,187,238,536,754,1145,393,332,352,433,1174,636,76,346,629,376,249,422,151,410,276,309,382,948,1866,385,613,153,680,566,112,324,671,442,134,510,232,515,604,411,675,260,411
757,689,304,114,793,168,749,225,233,293,627,868,1343,495,410,449,565,1351,761,87,405,732,499,294,536,180,520,380,392,948,547,2151,441,717,187,819,732,138,398,807,491,188,559,289,610,691,499,796,322,545
1198,1229,575,210,1421,293,1358,401,459,562,1140,1638,2608,870,718,778,979,2630,1446,174,725,1406,836,559,952,352,936,708,732,1866,2151,2024,771,1323,307,1439,1307,285,699,1528,1007,283,1162,542,1124,1304,969,1501,522,947
242,237,113,27,257,41,254,87,96,98,246,335,523,188,141,149,204,513,323,39,162,296,160,110,174,72,200,133,140,385,441,771,64,255,76,285,262,49,122,292,195,65,190,104,214,241,180,296,106,185
502,418,194,87,475,123,454,138,155,196,401,519,860,311,256,256,320,859,472,48,243,473,302,195,319,110,296,204,238,613,717,1323,255,222,92,502,443,80,245,470,323,118,357,179,372,471,324,483,154,320
125,97,44,21,114,23,115,28,32,57,98,137,215,80,54,69,93,207,97,11,66,117,75,56,68,27,76,51,59,153,187,307,76,92,13,125,105,18,52,106,85,18,91,44,91,102,70,111,37,78
516,463,210,95,551,108,521,165,182,230,491,619,977,355,272,292,385,962,573,59,295,586,295,210,335,122,366,245,249,680,819,1439,285,502,125,269,521,91,268,553,366,113,413,167,407,477,313,565,191,368
504,410,205,75,467,100,467,135,177,224,442,521,837,298,254,252,366,825,502,59,269,490,293,200,308,117,345,219,247,566,732,1307,262,443,105,521,208,76,233,500,300,112,372,179,398,386,300,487,176,362
88,80,26,23,84,24,90,21,25,40,60,91,163,50,42,36,62,157,75,11,47,97,46,38,53,13,48,36,37,112,138,285,49,80,18,91,76,11,39,96,58,16,73,50,67,77,69,90,39,52
231,236,99,43,265,53,251,78,81,104,223,283,487,172,138,138,167,457,248,35,128,278,156,117,177,67,177,124,126,324,398,699,122,245,52,268,233,39,53,270,169,32,205,87,239,215,167,294,86,164
473,450,218,71,579,115,502,145,181,202,419,623,995,321,260,274,404,986,535,64,310,541,316,192,342,123,377,277,262,671,807,1528,292,470,106,553,500,96,270,249,366,130,382,198,390,535,313,564,191,376
337,282,128,57,344,91,332,114,106,162,255,376,586,198,157,175,247,621,316,36,200,338,205,149,212,73,223,149,160,442,491,1007,195,323,85,366,300,58,169,366,96,71,287,113,283,326,221,323,149,223
98,96,32,22,113,28,106,35,36,43,90,110,187,68,52,42,74,187,116,18,57,125,73,39,69,32,75,42,49,134,188,283,65,118,18,113,112,16,32,130,71,5,71,45,87,86,74,119,47,63
395,321,154,58,376,83,368,118,122,143,326,444,700,274,219,235,271,685,414,57,188,393,242,153,239,85,246,205,203,510,559,1162,190,357,91,413,372,73,205,382,287,71,141,127,302,377,244,384,143,245
159,160,80,32,203,44,174,53,57,80,171,212,352,118,120,123,133,367,175,22,105,190,114,76,118,37,114,86,90,232,289,542,104,179,44,167,179,50,87,198,113,45,127,33,142,186,123,195,68,135
450,319,130,67,413,97,377,121,125,166,369,460,785,235,186,239,331,713,415,50,233,437,232,137,218,96,257,199,207,515,610,1124,214,372,91,407,398,67,239,390,283,87,302,142,146,360,226,421,136,306
433,436,194,82,508,107,434,113,144,158,383,560,850,310,238,270,324,840,478,58,238,491,282,187,286,99,324,242,218,604,691,1304,241,471,102,477,386,77,215,535,326,86,377,186,360,211,306,532,160,316
327,245,117,60,318,77,317,83,113,123,276,373,617,217,153,188,218,599,328,40,198,328,166,123,175,88,203,130,145,411,499,969,180,324,70,313,300,69,167,313,221,74,244,123,226,306,92,346,119,242
477,468,213,88,529,110,490,169,166,199,462,593,995,332,270,328,383,969,542,63,276,547,301,217,369,126,378,261,257,675,796,1501,296,483,111,565,487,90,294,564,323,119,384,195,421,532,346,267,175,372
169,181,82,24,169,28,196,65,54,90,166,212,357,133,84,102,155,337,204,22,110,196,106,87,98,46,125,77,98,260,322,522,106,154,37,191,176,39,86,191,149,47,143,68,136,160,119,175,32,144
389,291,136,57,330,90,335,112,110,139,289,359,619,254,201,189,244,599,340,46,178,352,213,130,258,73,235,176,166,411,545,947,185,320,78,368,362,52,164,376,223,63,245,135,306,316,242,372,144,120
