252,457,225,73,478,107,466,189,174,223,445,509,804,378,321,325,334,798,500,63,348,485,310,200,376,145,374,282,294,638,737,1203,224,429,102,466,464,91,253,482,284,110,347,164,454,445,305,503,172,395
457,183,167,73,443,109,426,122,158,193,352,497,782,268,217,253,317,775,443,52,246,450,261,170,291,111,277,214,218,578,651,1228,245,403,97,461,401,81,200,433,274,74,355,183,341,390,288,439,162,283
225,167,35,30,207,45,188,43,68,84,172,203,356,125,87,122,137,336,187,21,112,193,97,94,120,53,142,104,91,257,304,543,104,166,37,208,192,32,92,207,128,38,154,79,147,211,106,225,77,120
73,73,30,10,95,20,76,28,28,25,64,88,136,58,42,56,53,143,89,11,45,84,40,30,52,21,57,46,40,90,125,212,43,67,24,71,79,12,41,81,54,14,64,28,64,82,57,82,32,38
478,443,207,95,261,104,485,153,157,192,446,555,860,324,260,292,376,865,498,52,270,485,297,194,321,123,334,215,280,621,749,1373,233,459,118,546,499,75,233,552,318,97,384,181,384,449,343,528,172,366
107,109,45,20,104,9,84,28,42,39,87,137,200,84,56,76,85,209,103,10,65,115,63,41,83,33,90,52,58,134,160,286,63,85,30,119,94,21,48,99,53,20,86,39,82,109,77,104,45,74
466,426,188,76,485,84,223,139,152,182,400,516,837,321,249,278,352,814,490,64,268,521,270,206,346,118,314,253,251,595,766,1273,276,471,121,518,453,85,236,514,313,86,363,183,396,458,346,479,191,325
189,122,43,28,153,28,139,21,50,66,128,154,268,81,62,85,101,261,156,19,85,143,69,50,78,37,100,73,78,178,234,462,87,121,23,151,124,26,78,172,105,26,115,40,108,117,109,172,48,113
174,158,68,28,157,42,152,50,20,54,127,183,297,125,74,93,113,306,136,15,80,169,97,62,120,46,95,71,79,191,256,505,105,152,43,190,180,31,89,153,95,24,128,62,131,161,122,157,59,123
223,193,84,25,192,39,182,66,54,51,153,209,334,117,112,135,148,347,208,28,118,197,125,99,140,63,154,103,92,240,312,574,100,190,40,194,192,36,103,253,147,45,163,82,168,161,139,196,86,157
445,352,172,64,446,87,400,128,127,153,155,429,741,293,230,279,333,734,398,57,239,410,248,162,268,112,278,217,213,521,636,1155,225,402,80,432,359,79,229,440,242,77,331,163,340,388,281,432,152,291
509,497,203,88,555,137,516,154,183,209,429,308,966,387,296,323,384,1012,549,83,321,547,355,204,343,130,375,253,250,680,828,1528,300,539,138,608,501,79,263,580,369,97,422,208,457,496,389,610,183,383
804,782,356,136,860,200,837,268,297,334,741,966,785,625,447,511,692,1429,908,97,517,864,566,350,601,230,628,418,464,1098,1370,2524,489,865,187,975,829,167,450,940,601,208,715,359,719,847,594,917,302,571
378,268,125,58,324,84,321,81,125,117,293,387,625,112,188,219,250,612,319,31,151,340,195,143,201,76,213,161,153,348,497,924,197,304,89,335,328,55,156,356,210,63,249,109,258,302,220,317,125,209
321,217,87,42,260,56,249,62,74,112,230,296,447,188,80,139,194,475,232,25,149,255,150,102,163,72,172,111,135,335,386,730,144,234,56,262,237,57,133,288,167,64,203,101,212,236,146,310,85,175
325,253,122,56,292,76,278,85,93,135,279,323,511,219,139,77,227,547,262,34,151,314,165,103,179,61,184,132,157,362,434,778,151,277,55,277,263,54,140,309,192,61,218,113,237,240,166,318,117,217
334,317,137,53,376,85,352,101,113,148,333,384,692,250,194,227,141,664,356,45,213,374,200,147,265,95,261,157,185,419,571,1030,201,330,82,350,348,58,185,403,221,73,272,133,304,350,258,407,123,274
798,775,336,143,865,209,814,261,306,347,734,1012,1429,612,475,547,664,771,876,109,494,922,568,338,611,245,664,429,457,1046,1364,2375,494,831,192,929,848,159,448,926,593,182,701,319,677,758,555,882,326,596
500,443,187,89,498,103,490,156,136,208,398,549,908,319,232,262,356,876,265,61,284,478,280,214,346,125,337,263,263,587,781,1379,250,466,124,578,439,86,260,533,332,93,397,174,421,459,322,562,168,352
63,52,21,11,52,10,64,19,15,28,57,83,97,31,25,34,45,109,61,2,39,68,27,27,34,9,37,21,32,68,87,185,40,54,17,59,49,16,37,64,43,8,49,14,36,66,35,67,25,43
348,246,112,45,270,65,268,85,80,118,239,321,517,151,149,151,213,494,284,39,72,268,162,103,188,66,173,120,116,332,427,805,153,264,52,302,265,38,141,306,200,50,227,89,220,250,168,320,97,187
485,450,193,84,485,115,521,143,169,197,410,547,864,340,255,314,374,922,478,68,268,271,321,203,347,129,338,255,294,572,746,1439,270,464,119,540,437,98,246,534,333,96,361,171,436,469,321,574,190,327
310,261,97,40,297,63,270,69,97,125,248,355,566,195,150,165,200,568,280,27,162,321,80,114,180,82,195,159,157,377,432,793,158,243,70,285,283,71,156,342,172,62,227,122,237,265,172,325,111,187
200,170,94,30,194,41,206,50,62,99,162,204,350,143,102,103,147,338,214,27,103,203,114,39,141,44,122,91,116,253,301,539,108,188,51,206,187,33,102,237,148,30,142,87,170,189,140,208,85,139
376,291,120,52,321,83,346,78,120,140,268,343,601,201,163,179,265,611,346,34,188,347,180,141,104,98,241,141,169,388,494,879,169,302,82,338,339,57,179,366,201,60,259,124,259,326,206,338,152,230
145,111,53,21,123,33,118,37,46,63,112,130,230,76,72,61,95,245,125,9,66,129,82,44,98,11,65,64,62,141,195,366,92,132,33,141,102,24,55,137,81,21,92,42,92,106,86,120,57,91
374,277,142,57,334,90,314,100,95,154,278,375,628,213,172,184,261,664,337,37,173,338,195,122,241,65,116,151,174,426,515,926,204,336,98,365,327,47,167,379,223,56,263,102,263,310,221,337,134,207
282,214,104,46,215,52,253,73,71,103,217,253,418,161,111,132,157,429,263,21,120,255,159,91,141,64,151,47,115,299,354,687,115,233,48,237,255,44,130,232,139,50,187,85,185,208,155,251,92,151
294,218,91,40,280,58,251,78,79,92,213,250,464,153,135,157,185,457,263,32,116,294,157,116,169,62,174,115,62,308,426,731,130,231,62,269,225,40,136,290,156,49,217,89,214,255,161,266,99,176
638,578,257,90,621,134,595,178,191,240,521,680,1098,348,335,362,419,1046,587,68,332,572,377,253,388,141,426,299,308,394,934,1772,345,522,129,672,580,73,306,729,415,134,491,233,469,593,372,652,204,450
737,651,304,125,749,160,766,234,256,312,636,828,1370,497,386,434,571,1364,781,87,427,746,432,301,494,195,515,354,426,934,578,2018,391,676,171,820,723,147,380,817,508,151,558,282,609,655,454,760,260,529
1203,1228,543,212,1373,286,1273,462,505,574,1155,1528,2524,924,730,778,1030,2375,1379,185,805,1439,793,539,879,366,926,687,731,1772,2018,1886,765,1292,314,1511,1276,291,672,1430,902,297,998,509,1124,1269,895,1321,497,936
224,245,104,43,233,63,276,87,105,100,225,300,489,197,144,151,201,494,250,40,153,270,158,108,169,92,204,115,130,345,391,765,76,245,58,275,265,52,122,268,162,57,208,114,227,228,172,276,98,169
429,403,166,67,459,85,471,121,152,190,402,539,865,304,234,277,330,831,466,54,264,464,243,188,302,132,336,233,231,522,676,1292,245,196,119,488,440,69,234,465,306,106,359,191,391,443,305,497,200,324
102,97,37,24,118,30,121,23,43,40,80,138,187,89,56,55,82,192,124,17,52,119,70,51,82,33,98,48,62,129,171,314,58,119,13,116,116,16,51,115,72,21,94,46,100,91,79,125,44,74
466,461,208,71,546,119,518,151,190,194,432,608,975,335,262,277,350,929,578,59,302,540,285,206,338,141,365,237,269,672,820,1511,275,488,116,250,489,75,230,587,336,119,403,204,438,519,336,546,201,355
464,401,192,79,499,94,453,124,180,192,359,501,829,328,237,263,348,848,439,49,265,437,283,187,339,102,327,255,225,580,723,1276,265,440,116,489,200,80,213,464,313,101,345,171,391,446,317,467,171,305
91,81,32,12,75,21,85,26,31,36,79,79,167,55,57,54,58,159,86,16,38,98,71,33,57,24,47,44,40,73,147,291,52,69,16,75,80,8,40,94,63,15,69,32,74,79,49,100,31,58
253,200,92,41,233,48,236,78,89,103,229,263,450,156,133,140,185,448,260,37,141,246,156,102,179,55,167,130,136,306,380,672,122,234,51,230,213,40,60,275,152,51,202,84,206,219,181,241,90,178
482,433,207,81,552,99,514,172,153,253,440,580,940,356,288,309,403,926,533,64,306,534,342,237,366,137,379,232,290,729,817,1430,268,465,115,587,464,94,275,277,347,111,360,205,459,478,346,552,185,388
284,274,128,54,318,53,313,105,95,147,242,369,601,210,167,192,221,593,332,43,200,333,172,148,201,81,223,139,156,415,508,902,162,306,72,336,313,63,152,347,109,61,242,109,253,291,202,318,122,216
110,74,38,14,97,20,86,26,24,45,77,97,208,63,64,61,73,182,93,8,50,96,62,30,60,21,56,50,49,134,151,297,57,106,21,119,101,15,51,111,61,9,85,33,80,100,59,103,27,70
347,355,154,64,384,86,363,115,128,163,331,422,715,249,203,218,272,701,397,49,227,361,227,142,259,92,263,187,217,491,558,998,208,359,94,403,345,69,202,360,242,85,143,136,309,351,268,381,140,253
164,183,79,28,181,39,183,40,62,82,163,208,359,109,101,113,133,319,174,14,89,171,122,87,124,42,102,85,89,233,282,509,114,191,46,204,171,32,84,205,109,33,136,39,158,160,131,172,80,133
454,341,147,64,384,82,396,108,131,168,340,457,719,258,212,237,304,677,421,36,220,436,237,170,259,92,263,185,214,469,609,1124,227,391,100,438,391,74,206,459,253,80,309,158,160,365,267,407,162,270
445,390,211,82,449,109,458,117,161,161,388,496,847,302,236,240,350,758,459,66,250,469,265,189,326,106,310,208,255,593,655,1269,228,443,91,519,446,79,219,478,291,100,351,160,365,215,296,469,171,270
305,288,106,57,343,77,346,109,122,139,281,389,594,220,146,166,258,555,322,35,168,321,172,140,206,86,221,155,161,372,454,895,172,305,79,336,317,49,181,346,202,59,268,131,267,296,105,369,125,210
503,439,225,82,528,104,479,172,157,196,432,610,917,317,310,318,407,882,562,67,320,574,325,208,338,120,337,251,266,652,760,1321,276,497,125,546,467,100,241,552,318,103,381,172,407,469,369,246,184,361
172,162,77,32,172,45,191,48,59,86,152,183,302,125,85,117,123,326,168,25,97,190,111,85,152,57,134,92,99,204,260,497,98,200,44,201,171,31,90,185,122,27,140,80,162,171,125,184,36,138
395,283,120,38,366,74,325,113,123,157,291,383,571,209,175,217,274,596,352,43,187,327,187,139,230,91,207,151,176,450,529,936,169,324,74,355,305,58,178,388,216,70,253,133,270,270,210,361,138,122
