248,431,213,73,525,88,448,179,156,244,449,523,842,349,329,346,345,853,499,72,330,515,348,207,352,144,361,299,275,579,685,1173,278,495,106,492,481,80,233,453,308,106,393,216,421,419,347,491,180,369
431,186,181,66,444,91,404,127,143,164,366,490,821,274,228,229,317,820,438,51,235,477,267,174,282,93,287,196,234,522,670,1213,260,384,93,467,405,72,202,479,277,91,350,156,343,408,274,460,155,290
213,181,35,39,208,51,189,54,59,79,155,209,349,123,115,118,126,365,185,15,89,208,117,84,141,34,137,79,87,283,313,559,117,175,51,214,189,29,90,218,131,42,167,72,157,174,116,218,80,150
73,66,39,7,77,17,79,30,24,47,72,93,141,55,53,59,63,143,91,14,48,78,53,25,47,20,55,39,50,111,145,230,38,74,24,95,84,9,43,88,51,14,61,32,68,64,58,87,26,61
525,444,208,77,254,118,513,188,165,189,419,613,912,317,287,303,362,943,551,71,270,560,285,209,335,122,346,224,241,631,768,1397,277,456,106,564,509,97,276,550,330,121,399,195,424,469,315,529,181,330
88,91,51,17,118,8,95,37,33,45,72,111,187,91,56,62,97,182,132,19,73,117,78,38,65,31,81,59,75,145,154,288,47,105,26,122,93,15,59,96,67,23,79,41,94,97,69,110,37,75
448,404,189,79,513,95,210,164,166,193,407,534,845,324,264,265,359,852,496,69,263,506,303,184,331,126,325,254,285,599,700,1252,272,451,115,532,416,77,227,515,314,102,370,178,399,447,308,508,182,339
179,127,54,30,188,37,164,27,60,77,141,164,300,103,73,73,118,295,165,29,85,165,84,59,90,24,93,73,68,195,259,446,92,142,36,162,152,26,69,164,93,28,136,52,131,139,86,157,68,104
156,143,59,24,165,33,166,60,23,56,132,197,325,110,101,107,125,320,138,21,99,177,106,62,120,38,110,90,76,176,244,462,96,166,35,183,165,37,86,171,101,39,124,61,131,145,114,180,60,132
244,164,79,47,189,45,193,77,56,59,180,209,354,158,129,143,147,340,209,27,106,215,125,84,140,49,139,115,109,254,289,554,120,205,50,224,196,33,93,211,129,44,162,72,161,196,117,195,59,150
449,366,155,72,419,72,407,141,132,180,187,467,742,301,223,244,324,736,432,42,236,439,262,179,310,116,306,233,205,523,616,1162,238,422,101,477,403,69,204,462,284,87,317,177,361,412,271,459,155,291
523,490,209,93,613,111,534,164,197,209,467,278,973,361,254,322,421,1005,571,64,321,561,315,207,357,127,377,276,314,723,826,1610,287,531,137,644,529,75,283,566,367,131,425,225,482,506,350,581,212,423
842,821,349,141,912,187,845,300,325,354,742,973,775,624,489,543,689,1425,929,100,535,921,561,356,606,227,590,438,476,1150,1361,2357,459,834,228,1047,857,175,490,953,585,200,686,336,736,875,571,896,357,634
349,274,123,55,317,91,324,103,110,158,301,361,624,103,165,179,247,593,330,39,190,322,224,129,228,74,213,146,165,415,507,894,195,307,83,345,320,62,178,328,194,74,239,129,288,292,193,317,113,221
329,228,115,53,287,56,264,73,101,129,223,254,489,165,75,155,202,514,285,32,158,284,143,96,170,66,183,132,138,351,419,706,140,264,65,291,255,35,123,288,175,48,222,102,204,254,163,280,105,197
346,229,118,59,303,62,265,73,107,143,244,322,543,179,155,80,232,556,298,33,149,301,173,115,182,64,177,130,160,356,421,782,162,279,61,298,261,41,138,294,181,51,204,92,235,271,183,296,119,217
345,317,126,63,362,97,359,118,125,147,324,421,689,247,202,232,131,697,378,41,211,425,214,159,250,81,245,182,198,434,573,1014,187,349,103,357,353,64,181,360,228,71,279,157,295,335,237,372,164,260
853,820,365,143,943,182,852,295,320,340,736,1005,1425,593,514,556,697,808,930,114,544,927,549,374,601,227,605,414,451,1183,1370,2425,501,810,217,1015,885,171,456,985,613,194,723,321,709,876,559,922,333,583
499,438,185,91,551,132,496,165,138,209,432,571,929,330,285,298,378,930,264,56,277,508,305,212,345,128,324,257,278,689,765,1368,266,482,113,518,463,77,255,552,352,92,408,199,418,453,341,520,202,308
72,51,15,14,71,19,69,29,21,27,42,64,100,39,32,33,41,114,56,7,31,70,35,22,40,15,35,28,24,76,88,183,32,68,18,78,53,12,36,51,33,7,47,25,53,69,37,59,25,45
330,235,89,48,270,73,263,85,99,106,236,321,535,190,158,149,211,544,277,31,66,320,181,121,203,70,186,145,122,356,444,835,165,257,76,281,257,47,136,327,189,54,209,110,245,268,175,285,134,200
515,477,208,78,560,117,506,165,177,215,439,561,921,322,284,301,425,927,508,70,320,286,324,203,376,124,345,260,259,652,748,1384,291,535,123,558,471,95,278,547,346,114,402,203,440,464,341,513,211,328
348,267,117,53,285,78,303,84,106,125,262,315,561,224,143,173,214,549,305,35,181,324,96,127,200,70,195,144,170,348,443,839,168,269,77,282,298,54,169,333,203,60,244,128,250,289,172,302,135,204
207,174,84,25,209,38,184,59,62,84,179,207,356,129,96,115,159,374,212,22,121,203,127,32,128,54,145,100,118,263,285,519,99,201,42,228,166,32,97,189,126,45,147,79,151,193,129,204,61,138
352,282,141,47,335,65,331,90,120,140,310,357,606,228,170,182,250,601,345,40,203,376,200,128,106,87,205,158,184,425,486,891,178,308,70,351,297,59,152,336,224,89,295,113,246,302,180,407,111,210
144,93,34,20,122,31,126,24,38,49,116,127,227,74,66,64,81,227,128,15,70,124,70,54,87,16,77,51,50,141,167,371,66,128,23,116,114,18,50,123,75,34,108,48,101,123,82,139,44,70
361,287,137,55,346,81,325,93,110,139,306,377,590,213,183,177,245,605,324,35,186,345,195,145,205,77,108,145,173,435,494,937,189,316,66,351,323,55,160,372,214,75,281,132,290,322,220,364,143,215
299,196,79,39,224,59,254,73,90,115,233,276,438,146,132,130,182,414,257,28,145,260,144,100,158,51,145,53,109,291,351,648,131,228,48,233,231,38,108,263,151,48,193,96,192,207,162,231,87,157
275,234,87,50,241,75,285,68,76,109,205,314,476,165,138,160,198,451,278,24,122,259,170,118,184,50,173,109,67,343,363,734,128,238,68,239,268,33,131,285,152,48,197,94,228,251,165,270,107,191
579,522,283,111,631,145,599,195,176,254,523,723,1150,415,351,356,434,1183,689,76,356,652,348,263,425,141,435,291,343,374,954,1833,372,565,143,660,579,107,298,745,434,140,485,261,540,605,376,681,237,430
685,670,313,145,768,154,700,259,244,289,616,826,1361,507,419,421,573,1370,765,88,444,748,443,285,486,167,494,351,363,954,560,2043,407,721,175,851,737,108,388,859,492,165,529,322,591,706,502,751,276,490
1173,1213,559,230,1397,288,1252,446,462,554,1162,1610,2357,894,706,782,1014,2425,1368,183,835,1384,839,519,891,371,937,648,734,1833,2043,1794,739,1243,369,1482,1347,225,709,1478,890,308,1076,536,1120,1265,869,1394,482,930
278,260,117,38,277,47,272,92,96,120,238,287,459,195,140,162,187,501,266,32,165,291,168,99,178,66,189,131,128,372,407,739,76,243,72,316,238,50,136,275,176,55,217,105,216,265,155,292,111,195
495,384,175,74,456,105,451,142,166,205,422,531,834,307,264,279,349,810,482,68,257,535,269,201,308,128,316,228,238,565,721,1243,243,214,111,496,432,82,221,497,292,98,346,171,375,441,289,452,177,302
106,93,51,24,106,26,115,36,35,50,101,137,228,83,65,61,103,217,113,18,76,123,77,42,70,23,66,48,68,143,175,369,72,111,14,141,110,18,59,128,78,24,87,38,83,104,72,115,42,71
492,467,214,95,564,122,532,162,183,224,477,644,1047,345,291,298,357,1015,518,78,281,558,282,228,351,116,351,233,239,660,851,1482,316,496,141,249,473,82,272,563,353,112,401,235,444,467,330,548,235,349
481,405,189,84,509,93,416,152,165,196,403,529,857,320,255,261,353,885,463,53,257,471,298,166,297,114,323,231,268,579,737,1347,238,432,110,473,220,64,248,517,284,96,337,168,386,467,332,456,170,305
80,72,29,9,97,15,77,26,37,33,69,75,175,62,35,41,64,171,77,12,47,95,54,32,59,18,55,38,33,107,108,225,50,82,18,82,64,4,54,91,61,16,71,27,65,85,51,91,34,47
233,202,90,43,276,59,227,69,86,93,204,283,490,178,123,138,181,456,255,36,136,278,169,97,152,50,160,108,131,298,388,709,136,221,59,272,248,54,54,258,150,61,192,90,213,231,158,244,93,181
453,479,218,88,550,96,515,164,171,211,462,566,953,328,288,294,360,985,552,51,327,547,333,189,336,123,372,263,285,745,859,1478,275,497,128,563,517,91,258,305,366,126,393,191,438,484,348,533,181,353
308,277,131,51,330,67,314,93,101,129,284,367,585,194,175,181,228,613,352,33,189,346,203,126,224,75,214,151,152,434,492,890,176,292,78,353,284,61,150,366,113,56,287,116,279,318,185,347,126,225
106,91,42,14,121,23,102,28,39,44,87,131,200,74,48,51,71,194,92,7,54,114,60,45,89,34,75,48,48,140,165,308,55,98,24,112,96,16,61,126,56,12,94,32,99,96,85,110,38,68
393,350,167,61,399,79,370,136,124,162,317,425,686,239,222,204,279,723,408,47,209,402,244,147,295,108,281,193,197,485,529,1076,217,346,87,401,337,71,192,393,287,94,139,132,336,353,246,379,137,249
216,156,72,32,195,41,178,52,61,72,177,225,336,129,102,92,157,321,199,25,110,203,128,79,113,48,132,96,94,261,322,536,105,171,38,235,168,27,90,191,116,32,132,35,134,165,119,198,56,155
421,343,157,68,424,94,399,131,131,161,361,482,736,288,204,235,295,709,418,53,245,440,250,151,246,101,290,192,228,540,591,1120,216,375,83,444,386,65,213,438,279,99,336,134,178,371,248,447,142,265
419,408,174,64,469,97,447,139,145,196,412,506,875,292,254,271,335,876,453,69,268,464,289,193,302,123,322,207,251,605,706,1265,265,441,104,467,467,85,231,484,318,96,353,165,371,211,303,476,164,291
347,274,116,58,315,69,308,86,114,117,271,350,571,193,163,183,237,559,341,37,175,341,172,129,180,82,220,162,165,376,502,869,155,289,72,330,332,51,158,348,185,85,246,119,248,303,78,362,114,213
491,460,218,87,529,110,508,157,180,195,459,581,896,317,280,296,372,922,520,59,285,513,302,204,407,139,364,231,270,681,751,1394,292,452,115,548,456,91,244,533,347,110,379,198,447,476,362,270,173,368
180,155,80,26,181,37,182,68,60,59,155,212,357,113,105,119,164,333,202,25,134,211,135,61,111,44,143,87,107,237,276,482,111,177,42,235,170,34,93,181,126,38,137,56,142,164,114,173,30,141
369,290,150,61,330,75,339,104,132,150,291,423,634,221,197,217,260,583,308,45,200,328,204,138,210,70,215,157,191,430,490,930,195,302,71,349,305,47,181,353,225,68,249,155,265,291,213,368,141,129
