266,440,205,89,511,105,491,179,166,233,419,500,795,363,303,344,365,812,464,57,319,514,328,190,323,121,346,266,289,590,636,1143,236,467,94,517,475,97,264,440,288,97,375,165,363,387,346,496,154,364
440,190,171,84,444,99,435,127,136,173,374,502,780,272,237,246,294,702,425,42,230,439,263,202,265,122,314,205,233,529,630,1189,214,379,87,449,382,71,208,482,276,89,333,162,339,356,286,472,148,269
205,171,37,43,180,46,202,59,65,84,178,234,358,131,101,121,141,394,189,23,94,192,126,95,135,49,134,92,100,225,310,560,93,171,51,220,166,28,94,214,122,41,164,71,169,174,130,200,70,139
89,84,43,6,99,19,85,35,30,37,66,88,115,52,47,53,46,118,78,14,46,69,52,33,54,22,69,40,36,98,107,192,43,74,20,77,95,17,39,100,39,18,68,41,69,84,49,89,33,63
511,444,180,99,265,147,527,149,163,225,437,552,850,304,284,296,343,902,514,72,312,509,294,193,328,150,352,231,259,635,791,1335,248,504,135,506,484,80,230,540,364,115,385,173,407,469,299,580,186,381
105,99,46,19,147,12,108,41,43,43,89,111,172,67,59,68,67,177,105,12,70,118,78,58,77,30,78,50,56,144,147,306,57,97,17,122,110,22,52,109,62,22,74,39,91,126,64,100,36,72
491,435,202,85,527,108,223,155,145,194,427,552,862,289,271,286,357,828,485,72,303,477,295,189,319,142,333,228,238,615,700,1264,250,451,92,526,452,88,231,491,316,103,386,162,356,442,283,465,187,349
179,127,59,35,149,41,155,21,45,66,152,173,284,95,79,85,121,289,151,17,89,153,94,68,101,35,105,74,62,201,242,442,78,146,47,171,130,29,60,150,88,31,126,51,111,142,82,164,52,101
166,136,65,30,163,43,145,45,28,67,126,181,271,101,73,82,114,253,161,14,97,156,112,77,111,36,96,66,83,182,277,468,103,136,34,159,138,26,86,180,111,34,134,57,133,133,116,171,64,105
233,173,84,37,225,43,194,66,67,49,169,197,360,140,124,127,135,356,234,26,136,210,140,84,138,52,142,97,118,273,282,562,112,194,47,205,179,35,93,228,145,39,162,89,159,185,142,214,87,128
419,374,178,66,437,89,427,152,126,169,174,493,780,298,257,260,304,734,438,52,229,430,267,181,300,104,318,207,228,575,591,1181,223,394,115,427,386,79,207,463,271,89,300,166,332,371,275,434,151,270
500,502,234,88,552,111,552,173,181,197,493,305,1014,336,305,350,394,987,596,76,325,585,338,232,380,149,388,246,279,691,829,1587,316,498,127,619,528,82,255,601,356,109,414,213,467,486,345,552,210,355
795,780,358,115,850,172,862,284,271,360,780,1014,801,599,469,527,631,1388,978,104,510,911,519,363,569,232,576,413,475,1116,1279,2380,444,804,197,1015,799,142,430,963,622,183,696,349,714,817,524,929,308,584
363,272,131,52,304,67,289,95,101,140,298,336,599,100,182,179,232,578,309,40,183,319,191,115,223,76,211,154,155,407,481,874,184,311,54,314,298,57,142,369,210,70,300,111,250,324,214,360,97,232
303,237,101,47,284,59,271,79,73,124,257,305,469,182,77,128,172,473,264,30,118,278,172,104,165,85,180,129,151,327,413,761,149,246,70,283,242,34,115,300,181,47,204,96,200,262,166,310,93,181
344,246,121,53,296,68,286,85,82,127,260,350,527,179,128,67,189,509,305,38,140,308,194,104,176,77,178,129,154,330,449,855,170,268,75,300,262,44,130,320,182,59,223,110,222,270,201,327,109,195
365,294,141,46,343,67,357,121,114,135,304,394,631,232,172,189,140,674,387,53,222,387,226,132,250,74,229,187,178,468,535,1029,229,352,84,360,357,70,178,387,239,93,276,134,287,336,237,378,143,255
812,702,394,118,902,177,828,289,253,356,734,987,1388,578,473,509,674,767,912,107,505,884,545,330,575,237,600,426,486,1086,1301,2314,451,890,192,1010,820,151,434,911,580,177,702,339,699,796,526,932,340,625
464,425,189,78,514,105,485,151,161,234,438,596,978,309,264,305,387,912,264,60,301,492,277,182,345,111,294,248,282,650,760,1395,266,451,110,558,455,99,247,555,329,113,374,204,374,452,315,542,196,340
57,42,23,14,72,12,72,17,14,26,52,76,104,40,30,38,53,107,60,4,33,55,34,25,30,21,39,31,27,82,85,165,29,70,22,66,68,13,32,66,36,6,57,20,55,67,36,58,29,55
319,230,94,46,312,70,303,89,97,136,229,325,510,183,118,140,222,505,301,33,75,289,172,114,195,60,193,120,148,356,428,738,126,259,57,276,275,54,139,298,165,63,239,110,187,252,178,293,102,177
514,439,192,69,509,118,477,153,156,210,430,585,911,319,278,308,387,884,492,55,289,267,301,196,329,122,302,252,270,611,735,1371,264,464,121,554,471,89,270,523,330,122,376,205,374,462,312,500,171,353
328,263,126,52,294,78,295,94,112,140,267,338,519,191,172,194,226,545,277,34,172,301,90,116,189,78,200,128,145,343,422,864,166,303,80,312,289,44,150,329,191,56,245,124,224,288,184,305,122,206
190,202,95,33,193,58,189,68,77,84,181,232,363,115,104,104,132,330,182,25,114,196,116,46,141,50,150,92,117,234,278,508,102,179,50,190,189,32,119,216,126,45,151,58,157,182,126,205,62,149
323,265,135,54,328,77,319,101,111,138,300,380,569,223,165,176,250,575,345,30,195,329,189,141,116,91,224,157,175,438,489,952,178,293,76,344,287,63,165,353,203,57,246,115,225,323,173,379,116,228
121,122,49,22,150,30,142,35,36,52,104,149,232,76,85,77,74,237,111,21,60,122,78,50,91,20,87,63,65,178,180,324,68,131,27,121,128,16,62,160,82,19,94,50,104,114,84,146,50,76
346,314,134,69,352,78,333,105,96,142,318,388,576,211,180,178,229,600,294,39,193,302,200,150,224,87,131,147,190,418,478,962,166,331,70,349,311,55,188,373,216,70,281,111,275,301,213,391,104,249
266,205,92,40,231,50,228,74,66,97,207,246,413,154,129,129,187,426,248,31,120,252,128,92,157,63,147,39,122,285,355,658,119,209,68,245,225,33,121,277,165,45,189,78,200,233,162,242,85,177
289,233,100,36,259,56,238,62,83,118,228,279,475,155,151,154,178,486,282,27,148,270,145,117,175,65,190,122,58,327,328,730,135,233,66,254,237,50,112,299,180,60,216,108,197,235,167,240,102,153
590,529,225,98,635,144,615,201,182,273,575,691,1116,407,327,330,468,1086,650,82,356,611,343,234,438,178,418,285,327,378,943,1735,328,605,134,674,573,108,322,676,392,120,514,230,480,577,415,667,235,426
636,630,310,107,791,147,700,242,277,282,591,829,1279,481,413,449,535,1301,760,85,428,735,422,278,489,180,478,355,328,943,549,2031,402,671,176,789,685,124,359,795,534,176,597,293,584,679,465,761,287,446
1143,1189,560,192,1335,306,1264,442,468,562,1181,1587,2380,874,761,855,1029,2314,1395,165,738,1371,864,508,952,324,962,658,730,1735,2031,1874,699,1303,318,1482,1250,224,699,1418,883,278,1022,513,1099,1197,846,1337,487,968
236,214,93,43,248,57,250,78,103,112,223,316,444,184,149,170,229,451,266,29,126,264,166,102,178,68,166,119,135,328,402,699,69,258,68,307,236,40,134,261,170,53,196,125,221,254,162,288,108,187
467,379,171,74,504,97,451,146,136,194,394,498,804,311,246,268,352,890,451,70,259,464,303,179,293,131,331,209,233,605,671,1303,258,216,120,460,432,89,238,473,294,85,398,180,378,435,285,487,194,333
94,87,51,20,135,17,92,47,34,47,115,127,197,54,70,75,84,192,110,22,57,121,80,50,76,27,70,68,66,134,176,318,68,120,10,115,101,14,72,144,81,21,92,46,87,97,76,139,41,66
517,449,220,77,506,122,526,171,159,205,427,619,1015,314,283,300,360,1010,558,66,276,554,312,190,344,121,349,245,254,674,789,1482,307,460,115,282,499,81,257,550,337,108,423,203,369,470,336,532,193,366
475,382,166,95,484,110,452,130,138,179,386,528,799,298,242,262,357,820,455,68,275,471,289,189,287,128,311,225,237,573,685,1250,236,432,101,499,237,93,231,481,307,88,380,171,343,439,287,469,178,322
97,71,28,17,80,22,88,29,26,35,79,82,142,57,34,44,70,151,99,13,54,89,44,32,63,16,55,33,50,108,124,224,40,89,14,81,93,9,42,83,59,20,68,37,72,70,61,95,28,50
264,208,94,39,230,52,231,60,86,93,207,255,430,142,115,130,178,434,247,32,139,270,150,119,165,62,188,121,112,322,359,699,134,238,72,257,231,42,62,271,167,51,194,83,188,209,150,229,89,170
440,482,214,100,540,109,491,150,180,228,463,601,963,369,300,320,387,911,555,66,298,523,329,216,353,160,373,277,299,676,795,1418,261,473,144,550,481,83,271,280,355,115,385,219,419,485,372,538,198,397
288,276,122,39,364,62,316,88,111,145,271,356,622,210,181,182,239,580,329,36,165,330,191,126,203,82,216,165,180,392,534,883,170,294,81,337,307,59,167,355,111,61,260,141,252,289,211,340,123,221
97,89,41,18,115,22,103,31,34,39,89,109,183,70,47,59,93,177,113,6,63,122,56,45,57,19,70,45,60,120,176,278,53,85,21,108,88,20,51,115,61,6,76,39,94,88,54,108,35,71
375,333,164,68,385,74,386,126,134,162,300,414,696,300,204,223,276,702,374,57,239,376,245,151,246,94,281,189,216,514,597,1022,196,398,92,423,380,68,194,385,260,76,117,157,312,338,238,414,130,280
165,162,71,41,173,39,162,51,57,89,166,213,349,111,96,110,134,339,204,20,110,205,124,58,115,50,111,78,108,230,293,513,125,180,46,203,171,37,83,219,141,39,157,31,138,193,121,203,76,159
363,339,169,69,407,91,356,111,133,159,332,467,714,250,200,222,287,699,374,55,187,374,224,157,225,104,275,200,197,480,584,1099,221,378,87,369,343,72,188,419,252,94,312,138,144,405,236,405,149,271
387,356,174,84,469,126,442,142,133,185,371,486,817,324,262,270,336,796,452,67,252,462,288,182,323,114,301,233,235,577,679,1197,254,435,97,470,439,70,209,485,289,88,338,193,405,219,318,461,170,321
346,286,130,49,299,64,283,82,116,142,275,345,524,214,166,201,237,526,315,36,178,312,184,126,173,84,213,162,167,415,465,846,162,285,76,336,287,61,150,372,211,54,238,121,236,318,84,365,105,213
496,472,200,89,580,100,465,164,171,214,434,552,929,360,310,327,378,932,542,58,293,500,305,205,379,146,391,242,240,667,761,1337,288,487,139,532,469,95,229,538,340,108,414,203,405,461,365,246,189,358
154,148,70,33,186,36,187,52,64,87,151,210,308,97,93,109,143,340,196,29,102,171,122,62,116,50,104,85,102,235,287,487,108,194,41,193,178,28,89,198,123,35,130,76,149,170,105,189,31,135
364,269,139,63,381,72,349,101,105,128,270,355,584,232,181,195,255,625,340,55,177,353,206,149,228,76,249,177,153,426,446,968,187,333,66,366,322,50,170,397,221,71,280,159,271,321,213,358,135,104
