273,452,216,99,514,106,482,196,185,224,432,513,797,365,316,331,354,791,518,66,321,514,314,200,336,148,372,297,300,608,670,1185,219,470,90,515,448,93,287,472,283,126,388,176,387,399,329,527,171,370
452,173,178,73,464,94,408,134,156,184,359,475,798,293,228,270,307,772,406,53,223,407,240,170,265,103,265,172,185,556,680,1270,237,385,93,422,408,63,197,457,285,108,366,146,341,451,261,461,171,292
216,178,43,40,193,54,191,62,55,89,168,200,344,131,97,100,133,348,211,25,117,220,136,92,134,59,148,95,101,232,319,587,116,184,35,214,180,39,104,231,149,53,150,66,164,189,129,218,64,116
99,73,40,5,83,15,52,30,26,34,66,95,149,46,54,54,66,149,83,11,49,90,58,38,49,20,64,37,53,99,121,215,49,81,10,99,65,13,49,85,48,18,62,32,54,69,45,86,22,62
514,464,193,83,267,98,478,167,189,228,481,559,918,299,311,317,364,958,488,79,280,518,278,206,317,133,370,244,262,654,793,1418,304,480,106,567,462,94,284,577,349,90,357,175,384,502,280,523,198,327
106,94,54,15,98,11,89,48,33,50,92,114,197,68,58,74,86,213,114,18,62,126,74,61,74,32,94,62,53,144,173,296,58,112,16,121,119,16,59,116,68,26,82,51,92,103,70,121,31,82
482,408,191,52,478,89,261,145,180,201,415,537,898,344,274,274,373,883,514,56,258,495,310,203,330,136,323,227,277,631,673,1372,271,452,105,538,426,87,239,498,287,98,357,180,369,448,306,498,193,324
196,134,62,30,167,48,145,28,55,58,133,171,282,94,67,72,108,274,153,14,82,142,95,65,90,42,107,74,72,224,226,447,82,154,33,166,138,29,74,154,99,36,124,46,99,138,76,180,63,105
185,156,55,26,189,33,180,55,27,77,140,183,308,98,85,94,131,304,168,18,88,149,92,73,110,47,115,76,81,208,225,453,94,165,34,175,154,27,86,183,109,33,117,63,117,140,112,155,56,132
224,184,89,34,228,50,201,58,77,49,178,204,355,153,124,99,131,358,187,28,125,187,110,75,152,64,162,87,103,267,297,556,109,175,37,213,182,29,95,223,165,40,144,75,162,206,124,199,69,131
432,359,168,66,481,92,415,133,140,178,175,458,748,297,242,250,316,757,413,72,250,387,260,178,277,107,301,199,215,511,628,1143,219,370,103,444,387,70,220,462,305,96,327,156,310,427,257,410,151,295
513,475,200,95,559,114,537,171,183,204,458,320,993,365,298,306,443,1005,589,80,284,618,332,221,360,131,357,272,270,685,862,1619,322,513,149,598,507,102,284,619,435,96,453,218,466,522,329,574,211,352
797,798,344,149,918,197,898,282,308,355,748,993,844,575,466,499,668,1509,918,105,489,882,573,400,658,254,654,418,454,1159,1317,2410,499,853,224,935,823,159,451,970,620,202,656,339,752,794,635,899,314,595
365,293,131,46,299,68,344,94,98,153,297,365,575,100,169,171,217,560,343,43,179,351,194,135,214,82,195,167,159,367,492,891,176,329,77,321,305,51,172,340,218,60,230,115,257,310,198,339,116,216
316,228,97,54,311,58,274,67,85,124,242,298,466,169,70,140,206,468,305,30,128,311,153,107,180,68,187,127,140,340,432,777,155,256,46,270,259,47,115,291,201,49,199,76,217,242,159,311,105,203
331,270,100,54,317,74,274,72,94,99,250,306,499,171,140,83,222,498,316,34,139,298,185,119,214,72,203,134,151,351,462,842,171,286,51,280,285,56,124,306,195,59,200,86,241,280,179,311,120,207
354,307,133,66,364,86,373,108,131,131,316,443,668,217,206,222,136,647,376,38,199,366,219,142,253,85,230,179,170,473,534,1008,200,372,78,362,355,69,176,376,248,69,263,117,277,336,213,370,140,259
791,772,348,149,958,213,883,274,304,358,757,1005,1509,560,468,498,647,803,940,106,479,944,558,397,610,242,626,422,477,1163,1368,2411,496,840,194,952,818,167,439,999,610,182,643,360,754,797,636,906,304,581
518,406,211,83,488,114,514,153,168,187,413,589,918,343,305,316,376,940,252,62,292,523,291,199,317,106,332,246,237,641,725,1422,271,464,129,521,467,98,270,513,338,103,388,184,405,440,309,501,193,354
66,53,25,11,79,18,56,14,18,28,72,80,105,43,30,34,38,106,62,9,24,61,36,22,33,22,42,32,30,93,91,189,31,54,11,60,60,6,23,57,45,8,50,20,47,60,31,60,28,34
321,223,117,49,280,62,258,82,88,125,250,284,489,179,128,139,199,479,292,24,73,324,187,128,164,73,192,141,112,312,430,818,154,275,68,277,267,42,132,307,179,75,202,95,212,263,173,265,103,195
514,407,220,90,518,126,495,142,149,187,387,618,882,351,311,298,366,944,523,61,324,290,291,196,320,144,345,266,279,629,719,1392,270,515,106,559,543,111,245,539,337,109,383,190,405,515,303,523,182,318
314,240,136,58,278,74,310,95,92,110,260,332,573,194,153,185,219,558,291,36,187,291,79,136,191,76,185,142,145,375,475,836,165,253,69,276,296,48,137,318,179,54,238,109,250,273,172,300,94,211
200,170,92,38,206,61,203,65,73,75,178,221,400,135,107,119,142,397,199,22,128,196,136,44,125,45,108,93,100,299,323,578,116,194,45,203,201,41,89,222,136,29,165,69,137,203,114,198,75,141
336,265,134,49,317,74,330,90,110,152,277,360,658,214,180,214,253,610,317,33,164,320,191,125,110,79,210,160,152,432,536,959,199,272,59,329,293,48,169,353,238,64,272,116,242,321,228,349,103,225
148,103,59,20,133,32,136,42,47,64,107,131,254,82,68,72,85,242,106,22,73,144,76,45,79,15,66,66,62,153,199,362,75,117,27,117,116,24,74,139,83,26,92,42,94,114,81,130,51,81
372,265,148,64,370,94,323,107,115,162,301,357,654,195,187,203,230,626,332,42,192,345,185,108,210,66,104,164,152,424,530,985,190,326,67,332,322,50,181,363,221,62,281,123,230,313,223,340,127,208
297,172,95,37,244,62,227,74,76,87,199,272,418,167,127,134,179,422,246,32,141,266,142,93,160,66,164,44,130,290,389,675,133,214,55,219,214,48,119,257,148,52,181,84,188,245,139,255,74,152
300,185,101,53,262,53,277,72,81,103,215,270,454,159,140,151,170,477,237,30,112,279,145,100,152,62,152,130,53,306,379,695,138,248,52,262,234,50,142,299,163,39,209,101,191,224,175,273,90,155
608,556,232,99,654,144,631,224,208,267,511,685,1159,367,340,351,473,1163,641,93,312,629,375,299,432,153,424,290,306,394,944,1898,325,561,148,689,611,99,342,663,408,123,466,239,510,560,421,660,248,431
670,680,319,121,793,173,673,226,225,297,628,862,1317,492,432,462,534,1368,725,91,430,719,475,323,536,199,530,389,379,944,541,2103,406,719,155,800,704,162,398,832,490,162,592,290,616,705,496,749,266,511
1185,1270,587,215,1418,296,1372,447,453,556,1143,1619,2410,891,777,842,1008,2411,1422,189,818,1392,836,578,959,362,985,675,695,1898,2103,1892,722,1333,307,1507,1257,276,705,1471,958,304,1045,551,1154,1252,937,1405,494,914
219,237,116,49,304,58,271,82,94,109,219,322,499,176,155,171,200,496,271,31,154,270,165,116,199,75,190,133,138,325,406,722,61,246,57,297,254,34,143,287,206,64,228,101,238,213,183,256,91,181
470,385,184,81,480,112,452,154,165,175,370,513,853,329,256,286,372,840,464,54,275,515,253,194,272,117,326,214,248,561,719,1333,246,247,93,490,463,85,249,501,306,89,351,215,337,431,260,487,170,287
90,93,35,10,106,16,105,33,34,37,103,149,224,77,46,51,78,194,129,11,68,106,69,45,59,27,67,55,52,148,155,307,57,93,10,119,107,22,59,118,73,26,96,44,87,107,64,114,32,82
515,422,214,99,567,121,538,166,175,213,444,598,935,321,270,280,362,952,521,60,277,559,276,203,329,117,332,219,262,689,800,1507,297,490,119,284,495,89,240,570,311,116,408,194,388,525,305,560,221,351
448,408,180,65,462,119,426,138,154,182,387,507,823,305,259,285,355,818,467,60,267,543,296,201,293,116,322,214,234,611,704,1257,254,463,107,495,234,93,249,487,284,82,364,179,323,446,263,504,165,305
93,63,39,13,94,16,87,29,27,29,70,102,159,51,47,56,69,167,98,6,42,111,48,41,48,24,50,48,50,99,162,276,34,85,22,89,93,5,50,86,50,20,61,39,71,85,51,97,34,43
287,197,104,49,284,59,239,74,86,95,220,284,451,172,115,124,176,439,270,23,132,245,137,89,169,74,181,119,142,342,398,705,143,249,59,240,249,50,66,257,167,62,181,86,222,233,175,270,95,188
472,457,231,85,577,116,498,154,183,223,462,619,970,340,291,306,376,999,513,57,307,539,318,222,353,139,363,257,299,663,832,1471,287,501,118,570,487,86,257,300,341,108,403,196,427,498,337,534,209,378
283,285,149,48,349,68,287,99,109,165,305,435,620,218,201,195,248,610,338,45,179,337,179,136,238,83,221,148,163,408,490,958,206,306,73,311,284,50,167,341,104,71,256,124,279,307,215,348,142,219
126,108,53,18,90,26,98,36,33,40,96,96,202,60,49,59,69,182,103,8,75,109,54,29,64,26,62,52,39,123,162,304,64,89,26,116,82,20,62,108,71,11,76,29,74,103,79,104,28,74
388,366,150,62,357,82,357,124,117,144,327,453,656,230,199,200,263,643,388,50,202,383,238,165,272,92,281,181,209,466,592,1045,228,351,96,408,364,61,181,403,256,76,128,149,312,366,231,422,148,275
176,146,66,32,175,51,180,46,63,75,156,218,339,115,76,86,117,360,184,20,95,190,109,69,116,42,123,84,101,239,290,551,101,215,44,194,179,39,86,196,124,29,149,33,150,162,104,198,83,134
387,341,164,54,384,92,369,99,117,162,310,466,752,257,217,241,277,754,405,47,212,405,250,137,242,94,230,188,191,510,616,1154,238,337,87,388,323,71,222,427,279,74,312,150,136,357,250,409,145,255
399,451,189,69,502,103,448,138,140,206,427,522,794,310,242,280,336,797,440,60,263,515,273,203,321,114,313,245,224,560,705,1252,213,431,107,525,446,85,233,498,307,103,366,162,357,210,292,468,169,303
329,261,129,45,280,70,306,76,112,124,257,329,635,198,159,179,213,636,309,31,173,303,172,114,228,81,223,139,175,421,496,937,183,260,64,305,263,51,175,337,215,79,231,104,250,292,99,352,115,197
527,461,218,86,523,121,498,180,155,199,410,574,899,339,311,311,370,906,501,60,265,523,300,198,349,130,340,255,273,660,749,1405,256,487,114,560,504,97,270,534,348,104,422,198,409,468,352,281,178,358
171,171,64,22,198,31,193,63,56,69,151,211,314,116,105,120,140,304,193,28,103,182,94,75,103,51,127,74,90,248,266,494,91,170,32,221,165,34,95,209,142,28,148,83,145,169,115,178,42,133
370,292,116,62,327,82,324,105,132,131,295,352,595,216,203,207,259,581,354,34,195,318,211,141,225,81,208,152,155,431,511,914,181,287,82,351,305,43,188,378,219,74,275,134,255,303,197,358,133,111
