266,443,200,84,511,97,495,189,180,251,458,554,808,361,319,339,359,784,519,68,303,559,369,234,372,167,385,286,301,619,684,1182,218,465,113,512,524,95,290,454,293,113,375,174,452,413,351,489,162,361
443,188,164,82,457,97,458,132,161,164,363,519,827,261,207,239,297,823,418,44,251,441,235,197,269,91,278,210,222,578,680,1294,209,417,103,452,420,72,213,470,266,94,322,167,339,402,273,483,163,280
200,164,44,35,205,53,183,58,66,104,202,217,340,170,100,102,130,359,187,23,122,202,104,94,118,49,134,103,110,267,286,501,106,190,43,205,198,35,98,198,153,54,161,77,162,203,138,228,62,142
84,82,35,9,92,20,72,26,27,36,80,88,160,55,55,52,62,147,85,12,50,102,61,35,60,26,65,33,56,110,138,221,49,76,13,103,80,13,41,87,51,17,65,27,82,92,46,81,32,66
511,457,205,92,251,122,523,155,183,220,413,561,936,313,279,293,366,941,526,69,262,518,318,205,364,126,354,244,257,633,817,1476,265,450,99,523,490,93,250,544,342,111,418,202,432,500,356,563,176,349
97,97,53,20,122,12,104,28,31,38,100,126,222,73,64,76,88,233,108,13,71,123,69,48,73,22,70,67,82,147,164,312,68,106,21,138,107,21,61,114,69,21,86,38,96,99,73,119,35,78
495,458,183,72,523,104,233,134,175,186,398,561,880,288,258,302,347,888,500,62,269,493,277,210,309,104,310,212,259,653,744,1350,239,478,107,534,403,75,242,547,336,104,367,186,343,455,310,516,166,330
189,132,58,26,155,28,134,27,41,46,118,193,246,97,77,95,115,260,150,22,71,165,98,71,93,39,92,69,79,159,217,417,76,151,23,154,136,25,69,168,99,26,127,59,125,132,93,153,58,110
180,161,66,27,183,31,175,41,32,75,136,173,302,107,95,101,139,286,159,22,113,154,89,82,95,46,100,60,72,203,275,480,93,141,34,167,153,19,89,193,96,32,113,75,149,175,113,177,61,106
251,164,104,36,220,38,186,46,75,48,165,223,386,136,91,115,147,360,213,20,111,229,152,83,150,64,148,99,123,249,319,526,115,184,46,231,191,26,101,206,146,40,160,78,176,197,154,218,79,154
458,363,202,80,413,100,398,118,136,165,166,498,808,272,191,242,314,735,469,54,240,452,262,204,285,111,283,193,233,559,622,1153,254,409,95,479,433,66,196,447,273,87,316,157,347,418,270,408,152,323
554,519,217,88,561,126,561,193,173,223,498,312,1037,391,288,317,393,1005,578,69,281,597,279,253,372,123,381,261,274,720,925,1574,297,501,141,609,518,107,261,650,378,114,431,221,451,554,348,611,191,387
808,827,340,160,936,222,880,246,302,386,808,1037,812,629,482,516,644,1454,927,118,496,966,525,379,631,246,646,422,467,1219,1390,2522,501,824,204,948,854,148,447,964,608,193,662,366,774,867,613,960,332,623
361,261,170,55,313,73,288,97,107,136,272,391,629,104,187,188,225,602,332,46,171,338,188,141,236,84,214,142,170,399,544,935,191,321,65,362,325,55,160,326,226,55,252,104,257,299,213,359,122,221
319,207,100,55,279,64,258,77,95,91,191,288,482,187,60,144,196,474,279,31,140,288,170,108,155,70,177,133,144,324,421,740,135,260,57,288,255,49,128,297,178,55,201,103,196,238,155,284,100,171
339,239,102,52,293,76,302,95,101,115,242,317,516,188,144,74,198,506,278,32,163,308,181,130,189,63,184,129,149,349,453,806,171,279,57,284,263,56,146,318,194,56,202,114,245,247,187,290,116,199
359,297,130,62,366,88,347,115,139,147,314,393,644,225,196,198,132,634,362,57,193,361,248,156,220,80,222,176,186,473,548,996,189,333,65,362,321,71,196,383,225,72,274,154,288,346,214,359,131,245
784,823,359,147,941,233,888,260,286,360,735,1005,1454,602,474,506,634,785,923,113,517,931,516,364,623,232,645,402,489,1219,1392,2477,504,822,182,983,823,142,446,1011,637,199,690,374,773,807,613,913,337,602
519,418,187,85,526,108,500,150,159,213,469,578,927,332,279,278,362,923,267,62,243,515,326,222,306,122,305,224,263,663,760,1446,260,491,103,550,496,90,247,533,343,104,392,193,399,490,301,509,189,363
68,44,23,12,69,13,62,22,22,20,54,69,118,46,31,32,57,113,62,9,28,73,39,28,40,13,40,21,26,83,101,170,34,57,17,59,67,4,30,69,46,13,49,21,47,62,48,66,27,43
303,251,122,50,262,71,269,71,113,111,240,281,496,171,140,163,193,517,243,28,59,262,166,122,178,76,173,107,140,284,420,794,163,263,60,279,278,45,141,269,164,50,219,107,207,235,144,290,96,204
559,441,202,102,518,123,493,165,154,229,452,597,966,338,288,308,361,931,515,73,262,278,306,220,334,131,317,229,238,622,706,1440,273,496,112,537,500,85,264,534,329,103,417,183,408,459,319,550,184,372
369,235,104,61,318,69,277,98,89,152,262,279,525,188,170,181,248,516,326,39,166,306,76,121,187,61,202,130,167,377,482,806,157,293,67,290,247,48,166,303,186,69,239,98,206,255,189,298,103,222
234,197,94,35,205,48,210,71,82,83,204,253,379,141,108,130,156,364,222,28,122,220,121,42,139,56,137,83,94,280,333,583,109,212,51,231,179,42,112,210,123,43,168,85,173,195,131,245,75,145
372,269,118,60,364,73,309,93,95,150,285,372,631,236,155,189,220,623,306,40,178,334,187,139,101,84,211,153,189,401,460,955,167,326,73,332,344,58,153,362,222,71,254,126,247,318,219,350,113,243
167,91,49,26,126,22,104,39,46,64,111,123,246,84,70,63,80,232,122,13,76,131,61,56,84,15,69,61,59,150,181,365,71,121,27,132,121,20,69,145,75,35,108,46,112,131,88,119,49,87
385,278,134,65,354,70,310,92,100,148,283,381,646,214,177,184,222,645,305,40,173,317,202,137,211,69,112,146,173,415,520,991,188,324,72,344,311,54,150,360,201,74,270,125,281,335,222,370,126,235
286,210,103,33,244,67,212,69,60,99,193,261,422,142,133,129,176,402,224,21,107,229,130,83,153,61,146,50,112,308,335,613,109,228,44,236,216,47,117,245,182,50,211,79,175,178,127,248,84,142
301,222,110,56,257,82,259,79,72,123,233,274,467,170,144,149,186,489,263,26,140,238,167,94,189,59,173,112,68,282,382,698,150,256,45,249,236,39,123,265,149,49,206,77,231,257,137,291,92,183
619,578,267,110,633,147,653,159,203,249,559,720,1219,399,324,349,473,1219,663,83,284,622,377,280,401,150,415,308,282,416,952,1900,346,607,147,645,595,95,286,740,428,115,492,275,471,601,400,667,246,443
684,680,286,138,817,164,744,217,275,319,622,925,1390,544,421,453,548,1392,760,101,420,706,482,333,460,181,520,335,382,952,546,2079,434,687,179,811,707,131,382,759,514,154,553,289,645,700,503,790,300,515
1182,1294,501,221,1476,312,1350,417,480,526,1153,1574,2522,935,740,806,996,2477,1446,170,794,1440,806,583,955,365,991,613,698,1900,2079,1968,770,1330,322,1532,1277,245,706,1547,961,290,1049,539,1170,1300,920,1457,547,943
218,209,106,49,265,68,239,76,93,115,254,297,501,191,135,171,189,504,260,34,163,273,157,109,167,71,188,109,150,346,434,770,66,248,64,300,252,40,134,308,189,56,218,107,212,249,175,256,92,203
465,417,190,76,450,106,478,151,141,184,409,501,824,321,260,279,333,822,491,57,263,496,293,212,326,121,324,228,256,607,687,1330,248,203,112,507,442,88,245,497,298,92,383,180,398,437,314,501,199,300
113,103,43,13,99,21,107,23,34,46,95,141,204,65,57,57,65,182,103,17,60,112,67,51,73,27,72,44,45,147,179,322,64,112,11,117,107,13,68,140,87,27,84,41,92,94,65,135,41,86
512,452,205,103,523,138,534,154,167,231,479,609,948,362,288,284,362,983,550,59,279,537,290,231,332,132,344,236,249,645,811,1532,300,507,117,289,490,79,273,546,331,108,417,203,429,541,333,546,202,358
524,420,198,80,490,107,403,136,153,191,433,518,854,325,255,263,321,823,496,67,278,500,247,179,344,121,311,216,236,595,707,1277,252,442,107,490,208,77,234,520,301,81,350,165,380,432,306,487,153,286
95,72,35,13,93,21,75,25,19,26,66,107,148,55,49,56,71,142,90,4,45,85,48,42,58,20,54,47,39,95,131,245,40,88,13,79,77,8,52,86,59,20,66,23,74,69,57,98,33,53
290,213,98,41,250,61,242,69,89,101,196,261,447,160,128,146,196,446,247,30,141,264,166,112,153,69,150,117,123,286,382,706,134,245,68,273,234,52,65,270,171,47,199,77,195,232,161,235,89,174
454,470,198,87,544,114,547,168,193,206,447,650,964,326,297,318,383,1011,533,69,269,534,303,210,362,145,360,245,265,740,759,1547,308,497,140,546,520,86,270,270,377,110,411,234,424,530,372,574,191,381
293,266,153,51,342,69,336,99,96,146,273,378,608,226,178,194,225,637,343,46,164,329,186,123,222,75,201,182,149,428,514,961,189,298,87,331,301,59,171,377,123,69,257,129,281,337,227,338,142,201
113,94,54,17,111,21,104,26,32,40,87,114,193,55,55,56,72,199,104,13,50,103,69,43,71,35,74,50,49,115,154,290,56,92,27,108,81,20,47,110,69,10,86,37,85,101,59,110,38,69
375,322,161,65,418,86,367,127,113,160,316,431,662,252,201,202,274,690,392,49,219,417,239,168,254,108,270,211,206,492,553,1049,218,383,84,417,350,66,199,411,257,86,135,150,296,353,244,384,123,263
174,167,77,27,202,38,186,59,75,78,157,221,366,104,103,114,154,374,193,21,107,183,98,85,126,46,125,79,77,275,289,539,107,180,41,203,165,23,77,234,129,37,150,47,148,166,112,212,71,141
452,339,162,82,432,96,343,125,149,176,347,451,774,257,196,245,288,773,399,47,207,408,206,173,247,112,281,175,231,471,645,1170,212,398,92,429,380,74,195,424,281,85,296,148,149,411,243,402,139,281
413,402,203,92,500,99,455,132,175,197,418,554,867,299,238,247,346,807,490,62,235,459,255,195,318,131,335,178,257,601,700,1300,249,437,94,541,432,69,232,530,337,101,353,166,411,220,331,458,169,302
351,273,138,46,356,73,310,93,113,154,270,348,613,213,155,187,214,613,301,48,144,319,189,131,219,88,222,127,137,400,503,920,175,314,65,333,306,57,161,372,227,59,244,112,243,331,104,360,113,214
489,483,228,81,563,119,516,153,177,218,408,611,960,359,284,290,359,913,509,66,290,550,298,245,350,119,370,248,291,667,790,1457,256,501,135,546,487,98,235,574,338,110,384,212,402,458,360,267,216,376
162,163,62,32,176,35,166,58,61,79,152,191,332,122,100,116,131,337,189,27,96,184,103,75,113,49,126,84,92,246,300,547,92,199,41,202,153,33,89,191,142,38,123,71,139,169,113,216,30,135
361,280,142,66,349,78,330,110,106,154,323,387,623,221,171,199,245,602,363,43,204,372,222,145,243,87,235,142,183,443,515,943,203,300,86,358,286,53,174,381,201,69,263,141,281,302,214,376,135,136
