267,429,206,83,512,108,446,196,180,258,424,477,786,370,348,374,371,805,483,83,294,487,355,212,378,152,367,301,286,583,697,1161,239,474,116,483,448,83,237,456,307,95,371,186,406,408,337,444,167,400
429,169,157,76,484,88,405,117,147,180,376,467,801,274,226,232,287,853,472,62,242,445,254,168,292,117,310,213,218,549,702,1212,241,396,95,466,387,59,207,467,270,105,344,163,364,423,269,477,154,298
206,157,29,47,220,58,211,51,63,88,171,208,363,145,88,112,132,357,179,24,116,173,118,80,128,48,139,93,105,255,303,560,105,197,43,215,204,27,99,192,139,47,149,74,163,180,120,209,74,145
83,76,47,5,72,14,77,34,26,39,77,86,149,58,51,48,53,151,81,14,56,92,51,35,49,27,68,52,38,104,130,210,39,76,24,77,94,13,35,89,57,15,67,24,75,84,49,97,37,56
512,484,220,72,255,99,489,147,197,217,423,592,875,348,321,301,370,859,549,67,256,535,309,211,346,128,365,244,252,661,741,1392,294,448,119,589,455,85,244,547,352,94,391,201,430,447,329,509,208,364
108,88,58,14,99,15,99,52,30,51,98,116,192,73,56,63,71,185,105,19,68,124,67,42,62,29,83,60,56,137,178,288,54,118,23,119,104,17,53,108,71,25,77,35,90,113,60,102,34,89
446,405,211,77,489,99,223,144,171,203,423,504,815,318,250,291,310,813,519,61,275,545,267,184,318,123,357,233,250,601,732,1327,261,436,116,490,456,81,233,502,304,115,358,199,365,415,301,509,182,304
196,117,51,34,147,52,144,23,76,79,142,159,305,96,89,99,117,287,176,15,93,175,80,68,92,23,81,65,72,185,249,422,72,158,38,165,168,25,73,142,93,21,124,74,127,138,96,159,74,109
180,147,63,26,197,30,171,76,25,64,122,186,305,120,93,100,144,291,173,22,79,181,114,49,108,44,110,65,87,204,244,479,100,164,39,168,149,32,95,181,112,36,117,70,146,160,97,157,73,116
258,180,88,39,217,51,203,79,64,40,157,243,372,110,125,121,147,384,220,21,135,226,116,68,155,54,151,109,135,260,312,541,93,205,39,219,215,35,109,222,131,50,151,70,167,192,125,209,76,123
424,376,171,77,423,98,423,142,122,157,160,460,778,288,245,239,295,741,437,60,262,454,267,145,282,114,309,199,232,575,629,1154,223,406,86,475,420,63,206,449,261,102,299,157,331,410,247,422,159,273
477,467,208,86,592,116,504,159,186,243,460,306,1020,333,304,304,393,1031,564,82,297,577,335,225,351,127,365,239,281,733,853,1540,276,496,134,570,509,94,291,600,352,133,427,198,446,520,349,594,214,318
786,801,363,149,875,192,815,305,305,372,778,1020,783,561,467,516,640,1411,909,103,501,912,532,372,614,235,625,428,432,1123,1380,2411,479,852,210,954,832,159,467,932,575,197,707,363,717,830,534,908,313,596
370,274,145,58,348,73,318,96,120,110,288,333,561,98,160,179,201,591,353,34,175,356,182,138,212,76,206,164,175,402,478,872,186,309,77,337,318,47,141,392,231,65,249,136,262,281,207,321,114,201
348,226,88,51,321,56,250,89,93,125,245,304,467,160,67,141,215,471,256,27,151,274,142,98,145,63,165,126,139,337,425,756,120,235,65,291,240,49,132,269,167,67,210,116,185,248,152,267,92,202
374,232,112,48,301,63,291,99,100,121,239,304,516,179,141,83,227,492,299,38,135,325,168,114,167,70,194,110,145,337,460,861,159,261,60,296,267,49,146,290,174,67,238,109,223,283,158,284,99,196
371,287,132,53,370,71,310,117,144,147,295,393,640,201,215,227,129,667,370,51,194,346,223,127,245,92,218,186,190,461,540,1020,192,327,99,390,340,54,188,391,252,66,263,133,298,351,216,353,152,256
805,853,357,151,859,185,813,287,291,384,741,1031,1411,591,471,492,667,742,876,100,500,891,491,382,590,227,630,429,388,1085,1368,2421,486,823,219,978,846,163,440,991,578,188,667,350,716,839,543,877,331,575
483,472,179,81,549,105,519,176,173,220,437,564,909,353,256,299,370,876,233,68,269,482,280,190,333,142,379,237,221,616,740,1390,262,461,119,559,511,73,257,538,326,89,372,181,400,475,311,479,185,315
83,62,24,14,67,19,61,15,22,21,60,82,103,34,27,38,51,100,68,4,24,61,32,23,37,23,42,28,30,75,93,167,27,59,12,68,67,7,29,78,34,10,42,24,41,56,28,72,29,38
294,242,116,56,256,68,275,93,79,135,262,297,501,175,151,135,194,500,269,24,82,282,184,122,201,72,174,131,138,344,419,816,161,239,74,253,259,36,123,305,165,62,231,93,212,258,174,300,109,179
487,445,173,92,535,124,545,175,181,226,454,577,912,356,274,325,346,891,482,61,282,246,298,189,342,134,308,231,251,599,768,1368,275,476,125,587,513,76,256,552,332,109,373,192,398,473,343,502,185,328
355,254,118,51,309,67,267,80,114,116,267,335,532,182,142,168,223,491,280,32,184,298,74,93,173,70,193,130,153,328,428,829,152,273,62,283,301,27,151,331,171,72,250,107,213,304,168,314,99,193
212,168,80,35,211,42,184,68,49,68,145,225,372,138,98,114,127,382,190,23,122,189,93,30,117,39,137,102,110,223,321,559,119,185,42,182,180,29,105,209,132,49,151,82,145,173,150,221,60,121
378,292,128,49,346,62,318,92,108,155,282,351,614,212,145,167,245,590,333,37,201,342,173,117,94,89,227,144,173,438,505,945,172,288,81,353,314,50,162,335,201,77,244,123,251,315,193,353,124,218
152,117,48,27,128,29,123,23,44,54,114,127,235,76,63,70,92,227,142,23,72,134,70,39,89,12,68,58,67,151,198,370,67,127,30,115,125,19,57,142,76,21,96,50,92,133,85,152,55,75
367,310,139,68,365,83,357,81,110,151,309,365,625,206,165,194,218,630,379,42,174,308,193,137,227,68,126,150,161,411,532,988,182,322,72,329,315,57,166,383,219,69,249,119,252,323,192,394,129,207
301,213,93,52,244,60,233,65,65,109,199,239,428,164,126,110,186,429,237,28,131,231,130,102,144,58,150,54,108,298,364,623,121,232,50,257,236,48,118,255,145,46,179,74,163,201,124,268,81,177
286,218,105,38,252,56,250,72,87,135,232,281,432,175,139,145,190,388,221,30,138,251,153,110,173,67,161,108,59,293,364,686,148,229,57,284,248,44,108,256,156,52,190,100,187,249,146,284,96,182
583,549,255,104,661,137,601,185,204,260,575,733,1123,402,337,337,461,1085,616,75,344,599,328,223,438,151,411,298,293,384,925,1826,332,553,134,634,586,105,298,666,439,125,492,236,512,598,398,674,243,433
697,702,303,130,741,178,732,249,244,312,629,853,1380,478,425,460,540,1368,740,93,419,768,428,321,505,198,532,364,364,925,581,2008,401,712,176,820,723,125,396,844,513,167,584,254,616,727,485,760,255,513
1161,1212,560,210,1392,288,1327,422,479,541,1154,1540,2411,872,756,861,1020,2421,1390,167,816,1368,829,559,945,370,988,623,686,1826,2008,1851,713,1296,332,1526,1293,239,712,1383,928,287,1071,503,1124,1318,867,1389,466,906
239,241,105,39,294,54,261,72,100,93,223,276,479,186,120,159,192,486,262,27,161,275,152,119,172,67,182,121,148,332,401,713,75,232,53,274,237,50,122,293,186,50,228,97,227,255,173,305,82,195
474,396,197,76,448,118,436,158,164,205,406,496,852,309,235,261,327,823,461,59,239,476,273,185,288,127,322,232,229,553,712,1296,232,226,109,498,464,72,244,500,307,79,341,193,363,421,292,507,167,314
116,95,43,24,119,23,116,38,39,39,86,134,210,77,65,60,99,219,119,12,74,125,62,42,81,30,72,50,57,134,176,332,53,109,11,138,87,18,62,150,93,37,109,52,80,127,87,115,31,81
483,466,215,77,589,119,490,165,168,219,475,570,954,337,291,296,390,978,559,68,253,587,283,182,353,115,329,257,284,634,820,1526,274,498,138,267,512,88,276,570,349,99,373,169,436,525,333,530,215,377
448,387,204,94,455,104,456,168,149,215,420,509,832,318,240,267,340,846,511,67,259,513,301,180,314,125,315,236,248,586,723,1293,237,464,87,512,229,71,237,470,303,99,380,165,414,422,316,488,180,320
83,59,27,13,85,17,81,25,32,35,63,94,159,47,49,49,54,163,73,7,36,76,27,29,50,19,57,48,44,105,125,239,50,72,18,88,71,6,40,77,54,18,64,29,61,85,40,92,24,42
237,207,99,35,244,53,233,73,95,109,206,291,467,141,132,146,188,440,257,29,123,256,151,105,162,57,166,118,108,298,396,712,122,244,62,276,237,40,53,267,179,52,204,105,181,247,149,280,105,183
456,467,192,89,547,108,502,142,181,222,449,600,932,392,269,290,391,991,538,78,305,552,331,209,335,142,383,255,256,666,844,1383,293,500,150,570,470,77,267,290,351,116,379,234,429,509,363,531,205,400
307,270,139,57,352,71,304,93,112,131,261,352,575,231,167,174,252,578,326,34,165,332,171,132,201,76,219,145,156,439,513,928,186,307,93,349,303,54,179,351,101,66,234,136,246,316,207,333,117,227
95,105,47,15,94,25,115,21,36,50,102,133,197,65,67,67,66,188,89,10,62,109,72,49,77,21,69,46,52,125,167,287,50,79,37,99,99,18,52,116,66,7,79,39,89,95,67,98,38,70
371,344,149,67,391,77,358,124,117,151,299,427,707,249,210,238,263,667,372,42,231,373,250,151,244,96,249,179,190,492,584,1071,228,341,109,373,380,64,204,379,234,79,156,128,304,334,266,376,156,247
186,163,74,24,201,35,199,74,70,70,157,198,363,136,116,109,133,350,181,24,93,192,107,82,123,50,119,74,100,236,254,503,97,193,52,169,165,29,105,234,136,39,128,39,174,148,136,201,63,131
406,364,163,75,430,90,365,127,146,167,331,446,717,262,185,223,298,716,400,41,212,398,213,145,251,92,252,163,187,512,616,1124,227,363,80,436,414,61,181,429,246,89,304,174,162,369,261,395,143,285
408,423,180,84,447,113,415,138,160,192,410,520,830,281,248,283,351,839,475,56,258,473,304,173,315,133,323,201,249,598,727,1318,255,421,127,525,422,85,247,509,316,95,334,148,369,205,296,479,196,298
337,269,120,49,329,60,301,96,97,125,247,349,534,207,152,158,216,543,311,28,174,343,168,150,193,85,192,124,146,398,485,867,173,292,87,333,316,40,149,363,207,67,266,136,261,296,97,342,121,197
444,477,209,97,509,102,509,159,157,209,422,594,908,321,267,284,353,877,479,72,300,502,314,221,353,152,394,268,284,674,760,1389,305,507,115,530,488,92,280,531,333,98,376,201,395,479,342,275,191,328
167,154,74,37,208,34,182,74,73,76,159,214,313,114,92,99,152,331,185,29,109,185,99,60,124,55,129,81,96,243,255,466,82,167,31,215,180,24,105,205,117,38,156,63,143,196,121,191,34,114
400,298,145,56,364,89,304,109,116,123,273,318,596,201,202,196,256,575,315,38,179,328,193,121,218,75,207,177,182,433,513,906,195,314,81,377,320,42,183,400,227,70,247,131,285,298,197,328,114,123
