268,451,221,99,506,101,491,181,188,230,456,518,853,383,334,352,378,834,511,75,335,519,351,222,383,166,406,269,290,646,749,1206,263,488,109,517,460,79,245,471,325,121,369,200,451,396,340,508,173,408
451,209,205,75,472,92,422,123,137,172,372,478,880,275,229,249,297,848,439,56,246,457,233,173,286,117,283,199,227,554,618,1288,249,397,109,438,425,55,213,490,296,86,332,161,341,393,256,475,179,287
221,205,38,32,228,48,184,51,72,89,191,225,375,131,113,110,173,363,210,29,94,217,106,77,117,40,138,84,99,251,297,641,114,183,45,201,196,31,84,226,155,37,172,71,151,207,121,213,83,145
99,75,32,5,83,20,84,24,22,32,60,89,164,47,38,50,64,168,75,7,44,88,50,27,64,26,61,40,53,128,122,205,48,87,16,111,86,12,44,69,45,19,61,25,68,69,64,70,25,55
506,472,228,83,266,117,507,156,174,226,477,578,911,345,288,312,393,973,520,62,290,533,292,218,338,133,346,241,285,654,776,1364,277,453,131,523,467,70,266,554,353,103,422,205,439,430,317,544,181,356
101,92,48,20,117,11,116,38,29,56,84,127,207,61,55,60,77,206,111,13,57,109,70,42,76,35,78,62,69,171,140,298,68,108,20,116,116,21,50,111,76,23,81,39,88,93,68,117,29,74
491,422,184,84,507,116,229,145,165,196,393,518,910,297,257,279,378,917,463,68,282,486,311,184,332,126,326,214,243,660,735,1319,282,467,109,531,478,81,234,497,303,90,375,181,393,421,310,494,170,335
181,123,51,24,156,38,145,18,40,67,141,174,284,109,74,77,112,273,151,21,101,160,74,59,103,52,110,71,73,185,245,452,74,145,32,163,149,29,77,158,104,22,124,47,137,145,96,171,63,116
188,137,72,22,174,29,165,40,19,75,151,208,303,106,102,115,115,288,172,19,89,176,84,71,119,46,102,84,79,200,251,482,101,155,50,183,159,20,79,184,96,35,136,74,141,155,94,157,61,122
230,172,89,32,226,56,196,67,75,44,166,226,395,145,131,133,150,362,201,27,110,197,122,84,124,50,118,74,93,256,307,586,122,186,50,202,196,33,107,216,144,49,154,86,167,171,129,216,79,144
456,372,191,60,477,84,393,141,151,166,184,460,782,292,228,242,323,752,425,55,259,437,265,173,269,106,286,187,232,537,635,1133,206,401,95,444,337,75,218,465,301,96,311,168,334,381,271,442,158,275
518,478,225,89,578,127,518,174,208,226,460,293,1027,364,285,289,406,987,573,79,323,580,309,230,351,148,364,227,269,712,839,1618,310,546,126,590,529,108,303,589,381,111,437,226,432,545,341,553,203,377
853,880,375,164,911,207,910,284,303,395,782,1027,837,588,487,525,701,1471,880,127,502,872,538,377,613,235,609,430,458,1180,1412,2533,507,813,212,985,841,153,455,991,607,181,659,349,732,857,566,936,330,611
383,275,131,47,345,61,297,109,106,145,292,364,588,111,174,189,266,588,312,32,203,309,197,129,216,69,194,163,174,404,513,874,181,288,64,352,301,49,159,324,187,59,233,118,270,273,205,322,128,233
334,229,113,38,288,55,257,74,102,131,228,285,487,174,69,142,216,455,240,32,167,272,155,105,184,79,191,151,128,319,406,722,146,256,63,298,243,42,133,264,153,57,196,79,213,235,163,265,101,191
352,249,110,50,312,60,279,77,115,133,242,289,525,189,142,81,215,557,300,28,158,312,170,118,198,77,197,142,147,347,436,796,172,293,71,281,276,53,137,289,194,54,205,101,246,258,186,270,126,202
378,297,173,64,393,77,378,112,115,150,323,406,701,266,216,215,123,669,353,35,190,379,224,156,231,96,243,177,169,438,552,1043,203,363,88,403,344,56,180,399,252,83,271,160,315,331,236,375,146,249
834,848,363,168,973,206,917,273,288,362,752,987,1471,588,455,557,669,834,896,131,486,921,530,350,577,226,617,457,452,1183,1389,2474,492,836,206,978,858,156,461,984,601,167,689,321,729,857,555,937,314,582
511,439,210,75,520,111,463,151,172,201,425,573,880,312,240,300,353,896,242,55,310,522,270,194,299,145,354,237,247,673,793,1364,250,424,124,513,447,89,258,557,327,109,387,178,352,486,305,513,180,337
75,56,29,7,62,13,68,21,19,27,55,79,127,32,32,28,35,131,55,3,31,55,37,23,37,7,35,26,26,67,90,188,47,56,18,59,49,9,25,70,36,11,48,18,51,54,45,68,23,45
335,246,94,44,290,57,282,101,89,110,259,323,502,203,167,158,190,486,310,31,62,291,171,144,193,77,212,111,147,330,452,808,155,242,62,326,261,51,157,317,185,45,205,83,253,270,185,311,102,179
519,457,217,88,533,109,486,160,176,197,437,580,872,309,272,312,379,921,522,55,291,287,295,214,326,132,340,232,250,676,781,1408,265,459,130,532,475,84,254,580,356,107,394,203,398,472,321,520,203,363
351,233,106,50,292,70,311,74,84,122,265,309,538,197,155,170,224,530,270,37,171,295,82,108,166,78,190,146,123,347,491,804,146,290,66,330,272,43,158,303,156,56,226,97,245,276,150,334,107,216
222,173,77,27,218,42,184,59,71,84,173,230,377,129,105,118,156,350,194,23,144,214,108,30,94,42,123,91,101,249,308,543,98,185,44,234,177,33,103,202,146,34,135,84,148,186,101,214,69,118
383,286,117,64,338,76,332,103,119,124,269,351,613,216,184,198,231,577,299,37,193,326,166,94,108,73,194,166,148,366,505,972,197,311,77,362,309,55,178,345,244,69,259,98,228,360,193,368,145,205
166,117,40,26,133,35,126,52,46,50,106,148,235,69,79,77,96,226,145,7,77,132,78,42,73,17,77,68,78,157,227,375,69,127,35,138,110,17,75,149,84,30,113,42,95,126,67,160,56,97
406,283,138,61,346,78,326,110,102,118,286,364,609,194,191,197,243,617,354,35,212,340,190,123,194,77,106,176,190,402,547,964,186,326,82,339,297,56,173,354,232,72,277,113,248,299,187,362,136,238
269,199,84,40,241,62,214,71,84,74,187,227,430,163,151,142,177,457,237,26,111,232,146,91,166,68,176,49,121,285,307,682,151,212,58,234,198,46,107,246,162,42,177,86,207,231,174,254,88,153
290,227,99,53,285,69,243,73,79,93,232,269,458,174,128,147,169,452,247,26,147,250,123,101,148,78,190,121,70,307,420,703,124,213,52,238,224,36,134,281,148,46,197,97,200,240,163,261,96,173
646,554,251,128,654,171,660,185,200,256,537,712,1180,404,319,347,438,1183,673,67,330,676,347,249,366,157,402,285,307,430,982,1812,305,611,168,663,594,105,304,671,383,109,465,235,501,578,359,665,240,406
749,618,297,122,776,140,735,245,251,307,635,839,1412,513,406,436,552,1389,793,90,452,781,491,308,505,227,547,307,420,982,556,2181,440,658,175,837,693,110,391,843,510,183,590,305,643,715,491,767,282,508
1206,1288,641,205,1364,298,1319,452,482,586,1133,1618,2533,874,722,796,1043,2474,1364,188,808,1408,804,543,972,375,964,682,703,1812,2181,1934,752,1303,325,1550,1315,232,694,1560,961,295,1036,542,1094,1302,889,1431,528,932
263,249,114,48,277,68,282,74,101,122,206,310,507,181,146,172,203,492,250,47,155,265,146,98,197,69,186,151,124,305,440,752,80,272,54,298,268,41,131,295,186,50,191,88,204,279,163,279,102,177
488,397,183,87,453,108,467,145,155,186,401,546,813,288,256,293,363,836,424,56,242,459,290,185,311,127,326,212,213,611,658,1303,272,215,89,497,454,73,234,492,303,97,347,174,429,414,292,497,170,306
109,109,45,16,131,20,109,32,50,50,95,126,212,64,63,71,88,206,124,18,62,130,66,44,77,35,82,58,52,168,175,325,54,89,13,137,104,25,62,129,73,18,88,44,87,105,54,121,40,90
517,438,201,111,523,116,531,163,183,202,444,590,985,352,298,281,403,978,513,59,326,532,330,234,362,138,339,234,238,663,837,1550,298,497,137,282,522,91,259,571,335,121,408,219,443,521,341,571,211,385
460,425,196,86,467,116,478,149,159,196,337,529,841,301,243,276,344,858,447,49,261,475,272,177,309,110,297,198,224,594,693,1315,268,454,104,522,235,80,234,462,302,100,359,189,380,427,282,492,176,300
79,55,31,12,70,21,81,29,20,33,75,108,153,49,42,53,56,156,89,9,51,84,43,33,55,17,56,46,36,105,110,232,41,73,25,91,80,5,52,103,59,19,70,28,60,75,42,104,33,56
245,213,84,44,266,50,234,77,79,107,218,303,455,159,133,137,180,461,258,25,157,254,158,103,178,75,173,107,134,304,391,694,131,234,62,259,234,52,61,278,149,53,186,96,215,233,173,254,97,196
471,490,226,69,554,111,497,158,184,216,465,589,991,324,264,289,399,984,557,70,317,580,303,202,345,149,354,246,281,671,843,1560,295,492,129,571,462,103,278,293,363,107,387,206,437,480,339,557,186,397
325,296,155,45,353,76,303,104,96,144,301,381,607,187,153,194,252,601,327,36,185,356,156,146,244,84,232,162,148,383,510,961,186,303,73,335,302,59,149,363,110,64,244,140,261,293,208,336,105,222
121,86,37,19,103,23,90,22,35,49,96,111,181,59,57,54,83,167,109,11,45,107,56,34,69,30,72,42,46,109,183,295,50,97,18,121,100,19,53,107,64,15,82,29,73,80,60,97,40,78
369,332,172,61,422,81,375,124,136,154,311,437,659,233,196,205,271,689,387,48,205,394,226,135,259,113,277,177,197,465,590,1036,191,347,88,408,359,70,186,387,244,82,140,136,320,353,247,404,123,249
200,161,71,25,205,39,181,47,74,86,168,226,349,118,79,101,160,321,178,18,83,203,97,84,98,42,113,86,97,235,305,542,88,174,44,219,189,28,96,206,140,29,136,32,163,184,97,225,69,134
451,341,151,68,439,88,393,137,141,167,334,432,732,270,213,246,315,729,352,51,253,398,245,148,228,95,248,207,200,501,643,1094,204,429,87,443,380,60,215,437,261,73,320,163,188,389,242,425,163,295
396,393,207,69,430,93,421,145,155,171,381,545,857,273,235,258,331,857,486,54,270,472,276,186,360,126,299,231,240,578,715,1302,279,414,105,521,427,75,233,480,293,80,353,184,389,225,326,472,170,297
340,256,121,64,317,68,310,96,94,129,271,341,566,205,163,186,236,555,305,45,185,321,150,101,193,67,187,174,163,359,491,889,163,292,54,341,282,42,173,339,208,60,247,97,242,326,110,346,114,230
508,475,213,70,544,117,494,171,157,216,442,553,936,322,265,270,375,937,513,68,311,520,334,214,368,160,362,254,261,665,767,1431,279,497,121,571,492,104,254,557,336,97,404,225,425,472,346,261,194,352
173,179,83,25,181,29,170,63,61,79,158,203,330,128,101,126,146,314,180,23,102,203,107,69,145,56,136,88,96,240,282,528,102,170,40,211,176,33,97,186,105,40,123,69,163,170,114,194,35,137
408,287,145,55,356,74,335,116,122,144,275,377,611,233,191,202,249,582,337,45,179,363,216,118,205,97,238,153,173,406,508,932,177,306,90,385,300,56,196,397,222,78,249,134,295,297,230,352,137,108
