260,466,212,95,495,107,498,164,169,269,456,513,830,396,317,333,372,814,512,58,342,492,361,232,358,169,404,272,288,603,697,1224,254,445,115,505,483,82,206,449,322,112,359,191,424,430,335,477,168,350
466,183,177,71,441,102,399,150,123,173,399,481,776,282,232,257,315,765,419,57,237,424,261,174,319,112,313,197,239,576,658,1209,257,402,82,457,424,78,214,466,271,74,366,161,346,381,261,498,146,295
212,177,34,33,206,37,200,60,72,83,182,232,367,130,95,105,147,357,187,14,102,189,102,91,146,43,142,93,99,229,325,582,104,162,38,243,187,33,107,201,115,41,158,81,157,185,129,215,71,131
95,71,33,8,100,21,79,26,26,34,75,80,126,65,39,51,55,142,64,10,38,85,54,29,55,17,64,45,45,119,117,217,51,86,27,80,87,13,37,89,48,16,61,32,71,71,46,88,31,64
495,441,206,100,276,110,515,190,181,199,414,577,929,320,278,260,349,935,535,63,283,509,308,174,324,111,320,231,264,644,813,1449,278,463,111,535,471,83,289,552,330,99,415,204,406,486,333,548,183,349
107,102,37,21,110,10,96,36,32,48,92,113,184,82,62,72,79,189,104,18,58,114,80,55,79,29,92,49,60,164,160,279,67,107,33,120,120,22,50,109,74,22,77,33,91,101,72,107,42,71
498,399,200,79,515,96,218,135,144,194,421,561,848,345,256,257,327,825,514,81,253,532,278,203,341,118,334,216,253,622,759,1297,265,449,105,498,426,105,235,490,313,103,385,186,397,465,318,496,203,307
164,150,60,26,190,36,135,17,47,68,143,186,280,105,76,82,96,260,135,24,70,145,89,60,88,29,79,73,84,176,226,442,79,156,37,142,158,32,73,164,101,36,135,62,115,134,96,167,58,101
169,123,72,26,181,32,144,47,40,53,126,187,317,97,99,93,117,297,190,19,95,195,96,56,116,42,110,81,85,200,237,464,78,153,27,163,153,32,75,172,105,37,118,50,147,146,109,184,54,98
269,173,83,34,199,48,194,68,53,59,182,208,375,134,113,120,158,347,198,24,126,206,120,76,128,51,132,129,102,256,297,525,117,185,37,231,183,34,108,199,139,34,162,86,180,193,138,229,59,124
456,399,182,75,414,92,421,143,126,182,181,438,799,258,248,261,322,763,442,46,252,474,256,176,267,107,293,217,236,537,630,1160,245,394,81,486,366,65,205,444,281,68,361,153,339,389,261,435,140,272
513,481,232,80,577,113,561,186,187,208,438,287,1014,358,289,307,370,1013,583,68,299,571,343,210,345,161,356,262,281,719,899,1616,337,531,127,614,503,93,269,615,391,126,438,235,397,540,359,535,198,342
830,776,367,126,929,184,848,280,317,375,799,1014,793,580,476,518,625,1488,958,115,489,931,533,375,588,253,676,441,436,1143,1379,2471,476,825,195,989,828,149,443,991,618,189,671,317,699,817,594,925,331,606
396,282,130,65,320,82,345,105,97,134,258,358,580,103,188,184,240,567,319,37,200,329,198,125,202,85,184,156,179,362,522,921,195,326,67,321,265,59,159,331,183,68,231,123,254,286,189,365,139,223
317,232,95,39,278,62,256,76,99,113,248,289,476,188,67,116,178,460,277,30,129,281,164,120,181,59,158,128,145,337,422,729,135,271,55,291,261,32,130,263,169,49,203,126,261,256,170,276,107,176
333,257,105,51,260,72,257,82,93,120,261,307,518,184,116,85,186,494,293,40,162,317,172,111,184,60,166,133,153,358,467,838,169,299,75,289,269,53,146,291,176,51,232,144,247,272,164,315,123,224
372,315,147,55,349,79,327,96,117,158,322,370,625,240,178,186,145,662,381,43,217,381,193,155,214,92,263,158,198,471,556,979,174,324,80,385,335,60,175,398,236,85,256,132,277,349,221,396,136,252
814,765,357,142,935,189,825,260,297,347,763,1013,1488,567,460,494,662,817,883,115,465,847,545,373,543,252,627,406,450,1080,1404,2497,487,858,207,949,855,152,462,990,598,182,649,336,723,798,590,923,320,649
512,419,187,64,535,104,514,135,190,198,442,583,958,319,277,293,381,883,263,68,270,476,323,214,352,126,332,222,269,632,752,1437,292,479,127,542,448,82,265,547,342,110,397,187,456,437,331,529,219,378
58,57,14,10,63,18,81,24,19,24,46,68,115,37,30,40,43,115,68,2,35,51,32,26,43,17,43,23,29,69,97,175,33,63,17,54,60,8,36,53,38,12,60,37,48,55,44,77,27,38
342,237,102,38,283,58,253,70,95,126,252,299,489,200,129,162,217,465,270,35,66,314,154,125,163,68,186,123,143,347,443,768,160,253,63,305,254,48,131,307,194,48,199,112,209,241,152,272,106,179
492,424,189,85,509,114,532,145,195,206,474,571,931,329,281,317,381,847,476,51,314,252,327,184,361,144,337,206,290,663,751,1456,275,511,116,575,523,84,260,540,315,119,347,207,437,463,337,536,208,367
361,261,102,54,308,80,278,89,96,120,256,343,533,198,164,172,193,545,323,32,154,327,101,131,186,67,190,144,180,354,434,844,170,292,64,287,310,50,148,312,204,69,241,111,245,263,178,310,126,200
232,174,91,29,174,55,203,60,56,76,176,210,375,125,120,111,155,373,214,26,125,184,131,34,147,58,123,97,101,250,284,534,127,200,46,207,150,32,111,194,140,40,182,67,155,184,106,220,80,129
358,319,146,55,324,79,341,88,116,128,267,345,588,202,181,184,214,543,352,43,163,361,186,147,106,72,213,172,178,382,511,885,190,318,63,333,340,69,159,369,207,64,265,119,256,303,201,333,128,211
169,112,43,17,111,29,118,29,42,51,107,161,253,85,59,60,92,252,126,17,68,144,67,58,72,13,71,53,55,145,186,373,65,117,27,135,108,22,57,149,87,29,105,50,90,115,75,131,52,78
404,313,142,64,320,92,334,79,110,132,293,356,676,184,158,166,263,627,332,43,186,337,190,123,213,71,109,164,164,405,515,975,179,318,69,350,304,49,162,361,233,76,256,131,282,309,190,349,132,243
272,197,93,45,231,49,216,73,81,129,217,262,441,156,128,133,158,406,222,23,123,206,144,97,172,53,164,46,111,290,371,671,113,202,45,229,205,33,125,254,168,53,165,81,181,252,165,251,94,148
288,239,99,45,264,60,253,84,85,102,236,281,436,179,145,153,198,450,269,29,143,290,180,101,178,55,164,111,63,290,374,698,147,241,65,247,254,46,139,249,158,58,183,74,210,253,158,292,105,185
603,576,229,119,644,164,622,176,200,256,537,719,1143,362,337,358,471,1080,632,69,347,663,354,250,382,145,405,290,290,387,995,1826,350,572,174,642,617,108,303,677,461,133,479,219,477,601,386,659,249,397
697,658,325,117,813,160,759,226,237,297,630,899,1379,522,422,467,556,1404,752,97,443,751,434,284,511,186,515,371,374,995,544,2136,419,736,178,844,732,133,373,781,510,140,559,274,630,695,479,779,322,489
1224,1209,582,217,1449,279,1297,442,464,525,1160,1616,2471,921,729,838,979,2497,1437,175,768,1456,844,534,885,373,975,671,698,1826,2136,1944,748,1371,301,1572,1330,247,736,1524,978,288,1015,522,1102,1298,921,1385,516,918
254,257,104,51,278,67,265,79,78,117,245,337,476,195,135,169,174,487,292,33,160,275,170,127,190,65,179,113,147,350,419,748,71,247,53,316,285,42,137,294,188,54,200,107,220,242,174,264,96,168
445,402,162,86,463,107,449,156,153,185,394,531,825,326,271,299,324,858,479,63,253,511,292,200,318,117,318,202,241,572,736,1371,247,206,118,482,479,85,267,532,319,101,352,157,409,437,312,505,193,328
115,82,38,27,111,33,105,37,27,37,81,127,195,67,55,75,80,207,127,17,63,116,64,46,63,27,69,45,65,174,178,301,53,118,16,114,105,23,55,127,83,29,72,40,78,115,56,104,38,84
505,457,243,80,535,120,498,142,163,231,486,614,989,321,291,289,385,949,542,54,305,575,287,207,333,135,350,229,247,642,844,1572,316,482,114,283,498,83,259,601,346,110,427,219,426,521,311,558,198,343
483,424,187,87,471,120,426,158,153,183,366,503,828,265,261,269,335,855,448,60,254,523,310,150,340,108,304,205,254,617,732,1330,285,479,105,498,234,76,248,497,332,108,351,198,375,447,319,484,198,324
82,78,33,13,83,22,105,32,32,34,65,93,149,59,32,53,60,152,82,8,48,84,50,32,69,22,49,33,46,108,133,247,42,85,23,83,76,2,56,92,70,17,70,34,84,93,56,84,40,63
206,214,107,37,289,50,235,73,75,108,205,269,443,159,130,146,175,462,265,36,131,260,148,111,159,57,162,125,139,303,373,736,137,267,55,259,248,56,64,266,138,50,200,104,198,236,180,277,103,181
449,466,201,89,552,109,490,164,172,199,444,615,991,331,263,291,398,990,547,53,307,540,312,194,369,149,361,254,249,677,781,1524,294,532,127,601,497,92,266,280,348,105,410,188,405,506,348,544,195,358
322,271,115,48,330,74,313,101,105,139,281,391,618,183,169,176,236,598,342,38,194,315,204,140,207,87,233,168,158,461,510,978,188,319,83,346,332,70,138,348,112,84,233,131,274,319,197,354,129,224
112,74,41,16,99,22,103,36,37,34,68,126,189,68,49,51,85,182,110,12,48,119,69,40,64,29,76,53,58,133,140,288,54,101,29,110,108,17,50,105,84,15,72,38,89,82,56,103,44,68
359,366,158,61,415,77,385,135,118,162,361,438,671,231,203,232,256,649,397,60,199,347,241,182,265,105,256,165,183,479,559,1015,200,352,72,427,351,70,200,410,233,72,173,143,331,356,216,369,149,266
191,161,81,32,204,33,186,62,50,86,153,235,317,123,126,144,132,336,187,37,112,207,111,67,119,50,131,81,74,219,274,522,107,157,40,219,198,34,104,188,131,38,143,34,150,176,142,200,66,132
424,346,157,71,406,91,397,115,147,180,339,397,699,254,261,247,277,723,456,48,209,437,245,155,256,90,282,181,210,477,630,1102,220,409,78,426,375,84,198,405,274,89,331,150,168,368,243,396,159,247
430,381,185,71,486,101,465,134,146,193,389,540,817,286,256,272,349,798,437,55,241,463,263,184,303,115,309,252,253,601,695,1298,242,437,115,521,447,93,236,506,319,82,356,176,368,190,272,460,161,327
335,261,129,46,333,72,318,96,109,138,261,359,594,189,170,164,221,590,331,44,152,337,178,106,201,75,190,165,158,386,479,921,174,312,56,311,319,56,180,348,197,56,216,142,243,272,115,328,125,206
477,498,215,88,548,107,496,167,184,229,435,535,925,365,276,315,396,923,529,77,272,536,310,220,333,131,349,251,292,659,779,1385,264,505,104,558,484,84,277,544,354,103,369,200,396,460,328,234,191,378
168,146,71,31,183,42,203,58,54,59,140,198,331,139,107,123,136,320,219,27,106,208,126,80,128,52,132,94,105,249,322,516,96,193,38,198,198,40,103,195,129,44,149,66,159,161,125,191,27,117
350,295,131,64,349,71,307,101,98,124,272,342,606,223,176,224,252,649,378,38,179,367,200,129,211,78,243,148,185,397,489,918,168,328,84,343,324,63,181,358,224,68,266,132,247,327,206,378,117,100
