255,447,194,96,481,113,451,200,163,251,436,516,804,375,316,311,365,794,466,66,325,472,338,190,359,147,371,307,315,564,666,1156,230,490,118,531,465,80,229,464,312,97,371,147,418,421,347,494,177,372
447,202,181,81,476,103,438,131,140,191,380,499,778,284,239,243,331,777,448,52,238,469,237,184,267,112,268,189,212,550,700,1215,217,415,98,453,407,78,223,464,271,80,318,174,337,419,239,433,142,293
194,181,42,28,205,49,200,52,56,84,172,238,381,116,105,100,123,367,189,23,102,223,115,80,112,45,124,91,103,248,311,570,121,192,52,188,182,33,86,221,136,38,140,85,179,178,126,204,70,111
96,81,28,6,85,19,81,23,36,33,73,76,141,57,50,63,69,137,80,10,56,92,44,42,61,21,62,39,41,104,122,210,44,82,24,96,71,14,38,89,51,21,71,35,61,76,62,85,33,54
481,476,205,85,261,102,486,153,179,225,446,560,913,317,253,267,351,921,542,48,307,527,292,229,353,138,353,229,276,646,767,1367,313,451,111,533,447,97,264,537,317,119,368,194,441,476,326,521,182,354
113,103,49,19,102,10,98,39,33,45,100,121,177,71,63,76,100,180,105,12,71,114,67,48,77,36,93,52,57,125,172,275,61,106,23,122,94,16,55,98,78,23,75,42,82,104,57,101,39,73
451,438,200,81,486,98,238,152,166,211,425,520,848,307,263,281,354,837,493,61,279,498,263,182,333,127,348,218,239,589,721,1309,248,451,109,527,418,94,232,537,318,99,339,176,353,471,297,462,178,333
200,131,52,23,153,39,152,20,51,57,132,148,264,105,84,84,108,267,144,16,81,163,92,58,109,33,80,63,74,176,265,429,71,152,33,186,139,28,63,184,99,24,103,51,123,153,99,184,54,104
163,140,56,36,179,33,166,51,23,73,141,192,345,116,90,94,133,307,161,19,68,176,95,71,99,46,121,80,93,217,231,496,105,151,26,178,158,38,78,161,108,24,125,61,147,166,120,168,65,122
251,191,84,33,225,45,211,57,73,45,194,234,389,144,108,129,156,369,208,30,99,226,121,97,157,70,148,100,103,251,328,569,98,207,51,229,213,33,104,209,124,49,157,68,190,203,129,228,78,150
436,380,172,73,446,100,425,132,141,194,194,479,775,304,236,259,319,749,408,53,238,392,268,187,297,136,313,199,220,528,641,1107,199,405,112,445,391,66,198,431,265,76,299,145,335,395,277,448,151,297
516,499,238,76,560,121,520,148,192,234,479,309,973,357,273,307,399,968,553,77,295,568,314,213,377,146,379,278,294,687,826,1515,296,508,138,593,502,93,266,618,367,118,405,229,481,538,356,550,227,410
804,778,381,141,913,177,848,264,345,389,775,973,780,584,512,561,664,1399,904,132,520,897,562,344,594,240,627,376,480,1131,1290,2304,454,822,206,998,806,155,462,985,605,173,658,341,710,828,540,905,307,654
375,284,116,57,317,71,307,105,116,144,304,357,584,115,181,205,252,555,321,38,215,353,208,139,242,97,206,176,155,419,508,884,188,306,67,335,316,62,172,328,202,78,225,114,280,305,220,321,114,252
316,239,105,50,253,63,263,84,90,108,236,273,512,181,77,126,188,515,286,18,134,280,170,131,166,69,188,106,131,348,398,768,157,275,60,265,267,42,128,304,182,57,215,98,219,257,144,309,95,165
311,243,100,63,267,76,281,84,94,129,259,307,561,205,126,68,199,583,283,26,140,310,183,138,177,74,194,127,135,383,424,829,159,286,67,259,268,51,140,306,185,68,231,106,233,296,181,306,115,180
365,331,123,69,351,100,354,108,133,156,319,399,664,252,188,199,130,642,344,35,221,361,227,135,230,90,269,180,195,439,557,955,202,371,83,390,342,75,183,383,232,62,261,137,269,346,244,346,145,243
794,777,367,137,921,180,837,267,307,369,749,968,1399,555,515,583,642,800,907,133,533,901,567,364,601,237,610,385,453,1083,1305,2356,471,854,204,1021,828,157,467,945,589,155,672,334,711,807,586,885,324,636
466,448,189,80,542,105,493,144,161,208,408,553,904,321,286,283,344,907,260,69,266,493,301,209,309,122,346,262,261,584,747,1395,278,478,122,535,439,82,256,547,349,95,415,186,399,452,341,458,180,347
66,52,23,10,48,12,61,16,19,30,53,77,132,38,18,26,35,133,69,0,26,65,35,30,43,6,42,20,31,67,104,194,37,60,18,75,51,11,30,62,33,7,45,26,50,50,39,65,14,53
325,238,102,56,307,71,279,81,68,99,238,295,520,215,134,140,221,533,266,26,83,286,160,110,177,69,168,115,148,319,440,797,174,247,70,285,266,43,145,296,168,54,189,100,209,294,175,290,100,202
472,469,223,92,527,114,498,163,176,226,392,568,897,353,280,310,361,901,493,65,286,283,321,186,322,132,338,239,247,636,773,1410,290,521,104,552,470,100,269,519,349,100,375,217,404,461,340,524,152,350
338,237,115,44,292,67,263,92,95,121,268,314,562,208,170,183,227,567,301,35,160,321,93,118,195,64,170,144,155,361,432,850,183,277,65,305,300,64,154,322,192,48,210,112,252,273,208,302,98,194
190,184,80,42,229,48,182,58,71,97,187,213,344,139,131,138,135,364,209,30,110,186,118,40,148,62,127,98,107,252,299,552,96,184,51,198,166,32,80,210,123,35,138,70,160,211,129,211,75,143
359,267,112,61,353,77,333,109,99,157,297,377,594,242,166,177,230,601,309,43,177,322,195,148,108,81,209,142,155,399,468,950,158,340,77,321,323,53,172,363,212,57,273,147,239,292,225,341,137,237
147,112,45,21,138,36,127,33,46,70,136,146,240,97,69,74,90,237,122,6,69,132,64,62,81,14,79,67,63,163,193,374,57,104,33,121,118,19,72,131,85,23,100,41,109,101,78,146,49,77
371,268,124,62,353,93,348,80,121,148,313,379,627,206,188,194,269,610,346,42,168,338,170,127,209,79,103,159,163,416,506,940,195,319,91,327,316,50,192,357,236,74,259,141,259,337,220,373,133,225
307,189,91,39,229,52,218,63,80,100,199,278,376,176,106,127,180,385,262,20,115,239,144,98,142,67,159,66,113,270,334,646,123,234,38,221,244,29,122,244,131,56,175,90,206,206,127,248,91,199
315,212,103,41,276,57,239,74,93,103,220,294,480,155,131,135,195,453,261,31,148,247,155,107,155,63,163,113,68,312,370,700,126,234,54,282,228,35,144,274,155,52,184,102,201,245,163,267,91,172
564,550,248,104,646,125,589,176,217,251,528,687,1131,419,348,383,439,1083,584,67,319,636,361,252,399,163,416,270,312,391,906,1697,335,597,129,621,587,106,315,691,441,104,488,244,465,544,353,627,222,404
666,700,311,122,767,172,721,265,231,328,641,826,1290,508,398,424,557,1305,747,104,440,773,432,299,468,193,506,334,370,906,546,2074,408,710,155,803,695,117,388,780,486,154,553,301,581,711,459,770,246,524
1156,1215,570,210,1367,275,1309,429,496,569,1107,1515,2304,884,768,829,955,2356,1395,194,797,1410,850,552,950,374,940,646,700,1697,2074,1823,732,1318,293,1533,1246,230,695,1451,905,284,1038,523,1147,1228,907,1419,511,940
230,217,121,44,313,61,248,71,105,98,199,296,454,188,157,159,202,471,278,37,174,290,183,96,158,57,195,123,126,335,408,732,82,244,61,294,235,58,138,278,186,62,197,102,188,263,190,293,89,188
490,415,192,82,451,106,451,152,151,207,405,508,822,306,275,286,371,854,478,60,247,521,277,184,340,104,319,234,234,597,710,1318,244,209,109,515,435,65,222,474,323,102,316,186,392,410,288,504,185,315
118,98,52,24,111,23,109,33,26,51,112,138,206,67,60,67,83,204,122,18,70,104,65,51,77,33,91,38,54,129,155,293,61,109,7,117,114,18,50,125,74,25,95,44,110,111,72,120,37,67
531,453,188,96,533,122,527,186,178,229,445,593,998,335,265,259,390,1021,535,75,285,552,305,198,321,121,327,221,282,621,803,1533,294,515,117,290,493,92,250,550,351,103,403,163,410,504,361,523,208,378
465,407,182,71,447,94,418,139,158,213,391,502,806,316,267,268,342,828,439,51,266,470,300,166,323,118,316,244,228,587,695,1246,235,435,114,493,209,92,223,480,306,98,319,186,364,447,281,490,176,326
80,78,33,14,97,16,94,28,38,33,66,93,155,62,42,51,75,157,82,11,43,100,64,32,53,19,50,29,35,106,117,230,58,65,18,92,92,6,47,93,54,17,73,35,76,65,70,80,36,63
229,223,86,38,264,55,232,63,78,104,198,266,462,172,128,140,183,467,256,30,145,269,154,80,172,72,192,122,144,315,388,695,138,222,50,250,223,47,53,273,161,41,170,90,201,242,156,284,102,174
464,464,221,89,537,98,537,184,161,209,431,618,985,328,304,306,383,945,547,62,296,519,322,210,363,131,357,244,274,691,780,1451,278,474,125,550,480,93,273,285,332,127,424,208,404,509,322,571,188,369
312,271,136,51,317,78,318,99,108,124,265,367,605,202,182,185,232,589,349,33,168,349,192,123,212,85,236,131,155,441,486,905,186,323,74,351,306,54,161,332,104,68,248,124,261,295,205,340,116,219
97,80,38,21,119,23,99,24,24,49,76,118,173,78,57,68,62,155,95,7,54,100,48,35,57,23,74,56,52,104,154,284,62,102,25,103,98,17,41,127,68,15,86,38,86,103,62,103,41,64
371,318,140,71,368,75,339,103,125,157,299,405,658,225,215,231,261,672,415,45,189,375,210,138,273,100,259,175,184,488,553,1038,197,316,95,403,319,73,170,424,248,86,141,137,290,314,221,373,139,250
147,174,85,35,194,42,176,51,61,68,145,229,341,114,98,106,137,334,186,26,100,217,112,70,147,41,141,90,102,244,301,523,102,186,44,163,186,35,90,208,124,38,137,30,168,182,132,215,67,131
418,337,179,61,441,82,353,123,147,190,335,481,710,280,219,233,269,711,399,50,209,404,252,160,239,109,259,206,201,465,581,1147,188,392,110,410,364,76,201,404,261,86,290,168,163,345,290,429,158,275
421,419,178,76,476,104,471,153,166,203,395,538,828,305,257,296,346,807,452,50,294,461,273,211,292,101,337,206,245,544,711,1228,263,410,111,504,447,65,242,509,295,103,314,182,345,198,301,498,171,317
347,239,126,62,326,57,297,99,120,129,277,356,540,220,144,181,244,586,341,39,175,340,208,129,225,78,220,127,163,353,459,907,190,288,72,361,281,70,156,322,205,62,221,132,290,301,103,359,120,219
494,433,204,85,521,101,462,184,168,228,448,550,905,321,309,306,346,885,458,65,290,524,302,211,341,146,373,248,267,627,770,1419,293,504,120,523,490,80,284,571,340,103,373,215,429,498,359,261,181,357
177,142,70,33,182,39,178,54,65,78,151,227,307,114,95,115,145,324,180,14,100,152,98,75,137,49,133,91,91,222,246,511,89,185,37,208,176,36,102,188,116,41,139,67,158,171,120,181,28,128
372,293,111,54,354,73,333,104,122,150,297,410,654,252,165,180,243,636,347,53,202,350,194,143,237,77,225,199,172,404,524,940,188,315,67,378,326,63,174,369,219,64,250,131,275,317,219,357,128,121
