263,447,238,79,543,105,484,186,182,261,435,509,778,398,332,337,365,786,481,92,340,518,339,194,355,160,388,301,327,623,697,1178,247,521,97,533,477,82,249,462,347,122,366,174,435,436,323,476,165,370
447,193,185,76,451,103,409,144,129,177,363,478,780,276,224,237,305,790,436,55,218,442,245,162,267,119,275,207,219,567,707,1183,230,396,93,472,431,65,204,448,276,82,346,140,334,431,278,420,144,282
238,185,44,36,215,57,192,59,73,86,192,239,311,131,106,107,149,346,207,23,93,201,128,90,153,45,129,97,93,242,296,555,122,198,52,218,181,32,91,189,117,46,159,75,153,198,128,228,70,148
79,76,36,8,86,15,73,34,30,39,72,99,152,54,43,51,66,153,99,7,44,94,46,30,55,21,56,39,44,107,128,224,45,72,18,98,78,23,36,94,60,18,77,29,67,74,55,72,28,61
543,451,215,86,244,105,483,156,151,209,405,605,895,357,267,290,381,910,516,67,300,496,323,209,335,139,360,207,265,640,752,1411,280,456,108,545,454,78,231,488,349,92,419,174,416,464,297,533,181,344
105,103,57,15,105,11,77,41,36,45,101,112,189,64,52,57,82,200,94,15,40,109,53,43,79,18,60,55,67,118,162,278,70,112,27,129,98,21,49,130,80,19,90,43,80,107,73,94,39,70
484,409,192,73,483,77,231,163,157,184,403,551,816,330,271,298,364,847,495,60,250,500,283,178,324,122,313,239,247,559,714,1325,259,451,102,535,436,84,242,546,305,116,363,167,364,439,310,455,176,330
186,144,59,34,156,41,163,22,46,64,146,165,277,113,80,87,124,273,147,14,70,178,98,67,96,38,94,65,81,233,239,438,81,126,22,167,148,17,68,175,83,25,111,63,124,144,104,167,53,116
182,129,73,30,151,36,157,46,21,54,130,194,286,106,88,111,113,335,179,26,85,169,80,78,122,44,109,72,81,207,235,467,90,144,40,161,167,29,81,165,113,39,126,53,141,174,100,182,57,115
261,177,86,39,209,45,184,64,54,48,152,252,387,118,105,104,142,413,204,28,105,209,120,79,110,47,144,78,115,248,309,589,95,185,50,210,216,32,94,218,129,38,145,80,176,188,130,181,71,149
435,363,192,72,405,101,403,146,130,152,181,480,769,268,227,238,309,786,452,69,212,408,244,173,266,116,301,210,238,529,640,1138,222,386,94,429,405,66,209,444,266,71,302,179,342,397,274,418,158,306
509,478,239,99,605,112,551,165,194,252,480,343,949,375,326,335,397,936,574,70,297,589,336,223,384,158,392,250,289,742,833,1522,300,544,128,601,532,102,271,592,363,114,440,209,455,527,345,556,198,366
778,780,311,152,895,189,816,277,286,387,769,949,779,601,503,500,664,1405,867,114,487,892,550,337,617,244,622,417,478,1084,1319,2363,461,814,223,957,777,168,461,1020,614,201,710,340,714,802,567,918,330,578
398,276,131,54,357,64,330,113,106,118,268,375,601,119,192,206,238,584,337,39,178,337,193,127,203,66,222,154,171,433,510,939,176,303,70,347,308,50,151,361,212,69,255,116,252,321,183,327,121,227
332,224,106,43,267,52,271,80,88,105,227,326,503,192,75,134,170,463,258,38,128,300,170,116,174,58,163,115,148,316,406,745,137,247,46,299,257,43,129,294,174,48,203,95,247,220,151,273,92,184
337,237,107,51,290,57,298,87,111,104,238,335,500,206,134,83,186,516,282,38,139,270,180,126,176,66,188,136,135,372,449,843,174,281,66,304,286,45,138,313,187,60,229,101,240,265,154,328,115,192
365,305,149,66,381,82,364,124,113,142,309,397,664,238,170,186,129,677,335,45,186,339,201,159,260,96,242,180,217,493,523,1002,193,346,75,382,338,72,155,382,224,68,264,159,294,329,249,368,141,255
786,790,346,153,910,200,847,273,335,413,786,936,1405,584,463,516,677,762,884,115,517,906,559,333,631,249,654,423,491,1108,1359,2290,443,833,208,1009,831,169,462,1031,608,173,657,352,709,785,523,896,309,589
481,436,207,99,516,94,495,147,179,204,452,574,867,337,258,282,335,884,245,76,264,477,281,211,367,125,377,283,287,674,763,1401,272,473,104,502,459,100,231,543,353,98,388,179,417,497,330,519,188,375
92,55,23,7,67,15,60,14,26,28,69,70,114,39,38,38,45,115,76,6,36,69,33,24,39,11,40,22,34,71,113,172,30,50,11,69,51,8,31,61,30,14,50,21,54,63,34,61,22,50
340,218,93,44,300,40,250,70,85,105,212,297,487,178,128,139,186,517,264,36,75,265,171,119,164,71,171,129,142,358,423,788,155,237,63,306,242,54,124,297,174,52,241,94,200,261,173,290,111,176
518,442,201,94,496,109,500,178,169,209,408,589,892,337,300,270,339,906,477,69,265,269,316,192,381,130,357,293,281,647,764,1439,273,492,95,562,472,92,245,539,330,103,383,167,423,499,326,485,165,387
339,245,128,46,323,53,283,98,80,120,244,336,550,193,170,180,201,559,281,33,171,316,95,104,195,73,204,153,145,383,437,861,156,273,62,321,279,49,146,317,190,63,268,121,253,280,177,322,100,187
194,162,90,30,209,43,178,67,78,79,173,223,337,127,116,126,159,333,211,24,119,192,104,31,133,42,138,117,104,263,302,575,97,179,44,227,195,26,97,211,140,43,145,76,150,203,146,204,66,127
355,267,153,55,335,79,324,96,122,110,266,384,617,203,174,176,260,631,367,39,164,381,195,133,104,73,220,166,165,411,480,934,188,305,80,341,312,42,181,366,221,62,296,115,242,290,197,345,141,202
160,119,45,21,139,18,122,38,44,47,116,158,244,66,58,66,96,249,125,11,71,130,73,42,73,17,73,59,67,151,184,391,72,105,24,137,116,19,59,125,79,28,115,57,98,120,79,140,47,88
388,275,129,56,360,60,313,94,109,144,301,392,622,222,163,188,242,654,377,40,171,357,204,138,220,73,102,174,175,418,515,958,182,316,63,351,333,45,159,361,213,64,281,122,270,327,231,341,129,233
301,207,97,39,207,55,239,65,72,78,210,250,417,154,115,136,180,423,283,22,129,293,153,117,166,59,174,61,106,288,380,660,130,216,57,245,220,46,115,238,159,48,173,82,205,231,152,246,82,153
327,219,93,44,265,67,247,81,81,115,238,289,478,171,148,135,217,491,287,34,142,281,145,104,165,67,175,106,64,308,411,733,137,246,49,268,234,37,135,289,193,45,205,83,186,283,147,293,92,178
623,567,242,107,640,118,559,233,207,248,529,742,1084,433,316,372,493,1108,674,71,358,647,383,263,411,151,418,288,308,374,972,1700,344,587,155,656,614,108,331,676,439,123,492,219,520,601,377,687,259,388
697,707,296,128,752,162,714,239,235,309,640,833,1319,510,406,449,523,1359,763,113,423,764,437,302,480,184,515,380,411,972,519,1981,403,754,162,808,681,121,372,781,496,143,548,267,579,702,445,754,253,497
1178,1183,555,224,1411,278,1325,438,467,589,1138,1522,2363,939,745,843,1002,2290,1401,172,788,1439,861,575,934,391,958,660,733,1700,1981,1820,694,1331,306,1519,1228,245,718,1465,909,268,1015,504,1124,1261,841,1427,479,885
247,230,122,45,280,70,259,81,90,95,222,300,461,176,137,174,193,443,272,30,155,273,156,97,188,72,182,130,137,344,403,694,67,258,66,326,255,45,130,300,175,42,205,90,204,234,154,266,74,165
521,396,198,72,456,112,451,126,144,185,386,544,814,303,247,281,346,833,473,50,237,492,273,179,305,105,316,216,246,587,754,1331,258,213,102,521,448,78,215,513,302,100,384,185,398,439,316,470,164,316
97,93,52,18,108,27,102,22,40,50,94,128,223,70,46,66,75,208,104,11,63,95,62,44,80,24,63,57,49,155,162,306,66,102,12,120,85,14,42,134,82,22,88,53,77,112,56,96,29,72
533,472,218,98,545,129,535,167,161,210,429,601,957,347,299,304,382,1009,502,69,306,562,321,227,341,137,351,245,268,656,808,1519,326,521,120,278,520,88,277,594,341,115,363,189,440,494,334,555,185,327
477,431,181,78,454,98,436,148,167,216,405,532,777,308,257,286,338,831,459,51,242,472,279,195,312,116,333,220,234,614,681,1228,255,448,85,520,200,71,228,501,311,103,365,196,360,409,306,455,137,320
82,65,32,23,78,21,84,17,29,32,66,102,168,50,43,45,72,169,100,8,54,92,49,26,42,19,45,46,37,108,121,245,45,78,14,88,71,5,35,95,46,19,56,32,60,85,50,71,28,55
249,204,91,36,231,49,242,68,81,94,209,271,461,151,129,138,155,462,231,31,124,245,146,97,181,59,159,115,135,331,372,718,130,215,42,277,228,35,55,278,162,43,184,108,232,249,163,269,106,182
462,448,189,94,488,130,546,175,165,218,444,592,1020,361,294,313,382,1031,543,61,297,539,317,211,366,125,361,238,289,676,781,1465,300,513,134,594,501,95,278,259,349,103,417,194,433,503,357,580,209,359
347,276,117,60,349,80,305,83,113,129,266,363,614,212,174,187,224,608,353,30,174,330,190,140,221,79,213,159,193,439,496,909,175,302,82,341,311,46,162,349,105,65,258,137,282,312,199,357,123,233
122,82,46,18,92,19,116,25,39,38,71,114,201,69,48,60,68,173,98,14,52,103,63,43,62,28,64,48,45,123,143,268,42,100,22,115,103,19,43,103,65,9,75,50,81,88,65,117,43,69
366,346,159,77,419,90,363,111,126,145,302,440,710,255,203,229,264,657,388,50,241,383,268,145,296,115,281,173,205,492,548,1015,205,384,88,363,365,56,184,417,258,75,135,140,322,355,244,381,168,265
174,140,75,29,174,43,167,63,53,80,179,209,340,116,95,101,159,352,179,21,94,167,121,76,115,57,122,82,83,219,267,504,90,185,53,189,196,32,108,194,137,50,140,36,147,193,106,189,59,138
435,334,153,67,416,80,364,124,141,176,342,455,714,252,247,240,294,709,417,54,200,423,253,150,242,98,270,205,186,520,579,1124,204,398,77,440,360,60,232,433,282,81,322,147,147,366,251,392,142,288
436,431,198,74,464,107,439,144,174,188,397,527,802,321,220,265,329,785,497,63,261,499,280,203,290,120,327,231,283,601,702,1261,234,439,112,494,409,85,249,503,312,88,355,193,366,191,288,494,168,318
323,278,128,55,297,73,310,104,100,130,274,345,567,183,151,154,249,523,330,34,173,326,177,146,197,79,231,152,147,377,445,841,154,316,56,334,306,50,163,357,199,65,244,106,251,288,79,314,102,194
476,420,228,72,533,94,455,167,182,181,418,556,918,327,273,328,368,896,519,61,290,485,322,204,345,140,341,246,293,687,754,1427,266,470,96,555,455,71,269,580,357,117,381,189,392,494,314,245,175,362
165,144,70,28,181,39,176,53,57,71,158,198,330,121,92,115,141,309,188,22,111,165,100,66,141,47,129,82,92,259,253,479,74,164,29,185,137,28,106,209,123,43,168,59,142,168,102,175,28,125
370,282,148,61,344,70,330,116,115,149,306,366,578,227,184,192,255,589,375,50,176,387,187,127,202,88,233,153,178,388,497,885,165,316,72,327,320,55,182,359,233,69,265,138,288,318,194,362,125,107
