270,434,216,94,504,97,451,184,166,229,468,548,806,396,344,332,361,842,504,77,336,477,362,227,364,173,425,271,255,593,734,1166,243,479,97,497,473,89,254,483,340,107,377,201,460,390,352,523,174,398
434,182,143,73,450,84,410,143,168,183,340,449,802,288,226,248,292,785,434,53,230,457,278,173,295,109,303,207,246,595,707,1235,244,367,87,453,370,76,224,465,308,97,345,173,330,409,283,461,176,308
216,143,38,33,199,45,199,70,65,78,177,239,344,132,96,114,149,370,193,18,110,193,123,83,120,49,124,68,96,250,306,550,116,193,36,231,191,22,119,214,115,38,174,72,158,187,128,210,72,149
94,73,33,6,83,17,95,22,28,38,74,77,154,46,55,46,61,153,75,12,41,82,58,39,80,27,78,42,60,112,121,231,46,72,15,111,68,14,32,99,65,20,63,28,80,72,62,86,35,68
504,450,199,83,270,108,470,156,175,199,430,558,904,367,282,286,365,912,517,55,270,517,284,186,348,136,383,247,256,673,785,1469,292,477,129,540,457,104,249,559,345,106,364,182,405,476,321,498,194,329
97,84,45,17,108,10,111,26,38,41,102,109,190,71,64,70,72,185,118,18,62,126,67,53,78,26,95,72,67,149,160,306,57,93,25,124,98,28,42,127,79,30,86,32,83,113,70,115,34,85
451,410,199,95,470,111,221,141,145,197,411,494,849,294,250,288,317,856,460,59,283,495,268,207,312,137,364,245,250,644,762,1319,250,459,123,486,420,82,235,533,328,126,373,174,358,438,273,501,172,353
184,143,70,22,156,26,141,22,37,72,124,168,256,109,81,89,118,278,151,22,96,149,103,58,101,52,117,79,80,176,229,414,87,162,31,149,135,28,84,154,94,46,124,63,131,136,94,172,47,94
166,168,65,28,175,38,145,37,20,48,127,201,297,111,83,98,115,271,188,19,90,174,81,57,117,38,126,65,80,200,244,463,88,163,38,173,175,32,77,207,130,30,125,51,135,169,101,178,62,99
229,183,78,38,199,41,197,72,48,49,195,223,384,162,139,129,143,370,198,28,104,211,139,80,151,58,150,114,114,262,329,576,120,211,59,209,206,41,91,247,146,41,145,88,187,164,121,198,103,160
468,340,177,74,430,102,411,124,127,195,181,482,744,308,251,262,258,740,414,59,233,448,258,180,293,107,295,218,235,565,653,1140,212,410,110,467,394,87,198,479,283,95,315,174,341,354,245,427,159,270
548,449,239,77,558,109,494,168,201,223,482,315,1008,346,280,292,412,974,630,71,314,624,340,218,383,154,382,238,293,695,882,1530,300,527,132,620,521,103,270,613,350,134,427,183,445,519,342,594,201,386
806,802,344,154,904,190,849,256,297,384,744,1008,788,596,474,511,625,1417,941,111,489,920,559,361,582,238,593,435,431,1169,1317,2415,519,849,220,918,818,140,435,983,615,185,645,356,703,805,580,962,329,594
396,288,132,46,367,71,294,109,111,162,308,346,596,107,164,168,235,555,314,42,190,322,179,134,191,83,208,146,165,402,513,912,184,307,68,322,292,55,157,387,211,56,251,118,261,316,187,324,123,234
344,226,96,55,282,64,250,81,83,139,251,280,474,164,68,149,201,464,271,29,167,276,144,112,152,67,161,108,127,349,371,788,145,260,59,284,243,37,121,280,166,54,234,93,214,248,139,261,86,182
332,248,114,46,286,70,288,89,98,129,262,292,511,168,149,72,250,553,315,32,149,325,173,122,196,63,171,130,137,356,409,878,158,281,79,303,275,40,149,320,189,55,237,107,239,276,192,313,115,232
361,292,149,61,365,72,317,118,115,143,258,412,625,235,201,250,129,660,381,50,198,365,218,136,224,93,241,179,169,479,545,982,202,346,77,360,350,59,189,358,255,82,302,146,279,313,232,381,139,232
842,785,370,153,912,185,856,278,271,370,740,974,1417,555,464,553,660,776,902,111,485,910,567,341,602,232,651,428,478,1120,1311,2403,512,842,195,981,849,138,452,938,619,177,634,349,704,794,599,927,308,576
504,434,193,75,517,118,460,151,188,198,414,630,941,314,271,315,381,902,228,67,253,441,286,194,301,120,313,246,247,653,736,1430,294,471,95,551,468,86,248,519,316,84,410,187,402,467,305,525,200,353
77,53,18,12,55,18,59,22,19,28,59,71,111,42,29,32,50,111,67,6,30,67,31,32,38,9,33,31,44,79,83,191,38,58,20,61,55,13,33,71,44,14,44,20,50,62,40,62,24,47
336,230,110,41,270,62,283,96,90,104,233,314,489,190,167,149,198,485,253,30,82,279,169,104,183,77,176,144,131,329,406,812,134,242,67,287,264,37,149,319,164,53,222,124,231,224,198,290,117,173
477,457,193,82,517,126,495,149,174,211,448,624,920,322,276,325,365,910,441,67,279,256,293,206,304,113,337,254,261,675,775,1404,276,489,114,531,471,88,234,528,316,97,392,191,384,488,299,530,184,392
362,278,123,58,284,67,268,103,81,139,258,340,559,179,144,173,218,567,286,31,169,293,80,118,171,62,168,144,128,362,478,827,164,268,66,312,288,43,153,327,203,55,238,98,223,285,160,297,111,210
227,173,83,39,186,53,207,58,57,80,180,218,361,134,112,122,136,341,194,32,104,206,118,46,129,46,157,90,100,258,342,527,113,173,54,223,187,26,103,205,140,46,152,82,178,188,124,229,86,139
364,295,120,80,348,78,312,101,117,151,293,383,582,191,152,196,224,602,301,38,183,304,171,129,114,77,209,167,142,410,502,949,186,348,63,327,298,55,157,376,225,66,266,130,232,307,180,353,109,230
173,109,49,27,136,26,137,52,38,58,107,154,238,83,67,63,93,232,120,9,77,113,62,46,77,14,71,57,64,162,209,362,71,117,31,116,109,20,71,142,81,27,117,44,95,144,93,144,49,83
425,303,124,78,383,95,364,117,126,150,295,382,593,208,161,171,241,651,313,33,176,337,168,157,209,71,119,173,191,449,574,961,181,323,81,328,347,51,173,380,195,68,282,133,266,341,225,367,139,208
271,207,68,42,247,72,245,79,65,114,218,238,435,146,108,130,179,428,246,31,144,254,144,90,167,57,173,38,121,297,381,695,121,234,59,221,225,42,116,257,150,46,161,90,211,228,151,253,90,168
255,246,96,60,256,67,250,80,80,114,235,293,431,165,127,137,169,478,247,44,131,261,128,100,142,64,191,121,51,316,376,729,120,221,61,254,228,32,119,311,162,52,205,97,183,241,139,252,104,187
593,595,250,112,673,149,644,176,200,262,565,695,1169,402,349,356,479,1120,653,79,329,675,362,258,410,162,449,297,316,362,924,1832,369,608,162,640,640,105,310,668,427,124,503,225,483,629,399,655,235,380
734,707,306,121,785,160,762,229,244,329,653,882,1317,513,371,409,545,1311,736,83,406,775,478,342,502,209,574,381,376,924,560,1998,413,733,181,774,667,137,396,848,530,143,560,279,627,661,489,786,266,514
1166,1235,550,231,1469,306,1319,414,463,576,1140,1530,2415,912,788,878,982,2403,1430,191,812,1404,827,527,949,362,961,695,729,1832,1998,1816,702,1340,314,1503,1294,226,686,1500,908,266,1075,515,1107,1285,906,1410,482,928
243,244,116,46,292,57,250,87,88,120,212,300,519,184,145,158,202,512,294,38,134,276,164,113,186,71,181,121,120,369,413,702,69,256,63,278,251,35,150,286,183,51,188,104,213,246,183,271,93,177
479,367,193,72,477,93,459,162,163,211,410,527,849,307,260,281,346,842,471,58,242,489,268,173,348,117,323,234,221,608,733,1340,256,208,123,522,397,75,246,531,305,105,355,178,386,424,330,506,169,323
97,87,36,15,129,25,123,31,38,59,110,132,220,68,59,79,77,195,95,20,67,114,66,54,63,31,81,59,61,162,181,314,63,123,9,131,118,17,60,127,70,22,88,48,93,95,87,103,41,89
497,453,231,111,540,124,486,149,173,209,467,620,918,322,284,303,360,981,551,61,287,531,312,223,327,116,328,221,254,640,774,1503,278,522,131,262,528,92,283,584,380,111,425,202,412,472,336,579,200,365
473,370,191,68,457,98,420,135,175,206,394,521,818,292,243,275,350,849,468,55,264,471,288,187,298,109,347,225,228,640,667,1294,251,397,118,528,216,81,260,521,299,110,382,191,375,414,304,491,174,331
89,76,22,14,104,28,82,28,32,41,87,103,140,55,37,40,59,138,86,13,37,88,43,26,55,20,51,42,32,105,137,226,35,75,17,92,81,6,35,87,60,21,61,41,55,69,63,82,28,51
254,224,119,32,249,42,235,84,77,91,198,270,435,157,121,149,189,452,248,33,149,234,153,103,157,71,173,116,119,310,396,686,150,246,60,283,260,35,70,269,160,49,195,91,224,233,153,253,85,171
483,465,214,99,559,127,533,154,207,247,479,613,983,387,280,320,358,938,519,71,319,528,327,205,376,142,380,257,311,668,848,1500,286,531,127,584,521,87,269,258,364,130,388,192,435,468,326,571,199,375
340,308,115,65,345,79,328,94,130,146,283,350,615,211,166,189,255,619,316,44,164,316,203,140,225,81,195,150,162,427,530,908,183,305,70,380,299,60,160,364,122,65,249,128,275,318,186,336,141,228
107,97,38,20,106,30,126,46,30,41,95,134,185,56,54,55,82,177,84,14,53,97,55,46,66,27,68,46,52,124,143,266,51,105,22,111,110,21,49,130,65,5,84,36,93,106,62,115,42,75
377,345,174,63,364,86,373,124,125,145,315,427,645,251,234,237,302,634,410,44,222,392,238,152,266,117,282,161,205,503,560,1075,188,355,88,425,382,61,195,388,249,84,135,160,335,342,243,391,148,282
201,173,72,28,182,32,174,63,51,88,174,183,356,118,93,107,146,349,187,20,124,191,98,82,130,44,133,90,97,225,279,515,104,178,48,202,191,41,91,192,128,36,160,42,155,170,109,170,74,126
460,330,158,80,405,83,358,131,135,187,341,445,703,261,214,239,279,704,402,50,231,384,223,178,232,95,266,211,183,483,627,1107,213,386,93,412,375,55,224,435,275,93,335,155,178,376,230,413,141,287
390,409,187,72,476,113,438,136,169,164,354,519,805,316,248,276,313,794,467,62,224,488,285,188,307,144,341,228,241,629,661,1285,246,424,95,472,414,69,233,468,318,106,342,170,376,209,322,494,144,246
352,283,128,62,321,70,273,94,101,121,245,342,580,187,139,192,232,599,305,40,198,299,160,124,180,93,225,151,139,399,489,906,183,330,87,336,304,63,153,326,186,62,243,109,230,322,101,318,104,208
523,461,210,86,498,115,501,172,178,198,427,594,962,324,261,313,381,927,525,62,290,530,297,229,353,144,367,253,252,655,786,1410,271,506,103,579,491,82,253,571,336,115,391,170,413,494,318,263,188,353
174,176,72,35,194,34,172,47,62,103,159,201,329,123,86,115,139,308,200,24,117,184,111,86,109,49,139,90,104,235,266,482,93,169,41,200,174,28,85,199,141,42,148,74,141,144,104,188,22,137
398,308,149,68,329,85,353,94,99,160,270,386,594,234,182,232,232,576,353,47,173,392,210,139,230,83,208,168,187,380,514,928,177,323,89,365,331,51,171,375,228,75,282,126,287,246,208,353,137,111
