273,497,206,96,484,126,487,175,160,238,449,519,804,385,282,320,353,797,550,72,330,569,360,225,362,170,404,296,291,608,721,1185,241,442,90,523,488,82,270,491,323,106,377,181,460,449,324,522,154,405
497,191,163,68,471,96,472,128,136,214,381,481,823,278,235,246,287,825,459,53,230,454,249,175,278,98,273,207,204,578,650,1223,245,422,95,459,457,70,216,475,311,104,334,175,367,390,288,480,174,311
206,163,47,40,202,54,187,58,57,82,166,224,351,122,109,109,159,349,187,17,118,206,127,81,140,57,117,86,123,219,303,614,114,202,52,193,182,32,101,192,138,36,173,76,163,218,131,194,83,103
96,68,40,9,103,17,77,33,34,35,63,90,148,51,44,53,69,148,76,11,55,77,51,32,67,32,66,43,54,95,132,205,48,81,14,90,78,17,42,78,60,20,60,27,74,69,58,94,35,61
484,471,202,103,271,127,509,159,168,204,408,573,904,332,241,270,395,899,549,63,250,503,312,202,310,121,343,224,268,653,825,1458,274,476,124,560,486,89,266,605,347,99,412,186,373,485,343,539,167,348
126,96,54,17,127,11,102,35,34,51,88,127,178,70,59,72,83,203,108,11,73,115,61,52,64,30,79,53,64,142,166,287,61,101,26,124,105,22,58,111,80,22,104,42,84,102,76,117,43,82
487,472,187,77,509,102,238,161,157,214,427,541,866,331,244,251,351,839,467,64,286,494,284,218,326,137,335,241,257,615,745,1317,278,467,113,507,437,87,232,533,323,109,380,190,388,439,337,507,195,347
175,128,58,33,159,35,161,25,44,72,130,178,260,100,69,72,98,265,145,11,91,174,93,75,104,37,98,73,94,173,223,432,82,132,27,139,168,20,68,166,105,32,125,54,144,136,84,160,59,110
160,136,57,34,168,34,157,44,20,48,123,174,286,106,92,97,112,277,173,13,63,167,104,84,113,42,112,58,80,208,272,458,102,151,42,172,156,29,73,181,108,27,114,55,110,148,107,154,54,113
238,214,82,35,204,51,214,72,48,46,146,245,344,145,94,114,145,348,212,32,114,213,114,83,141,54,161,111,115,241,295,526,94,197,47,192,199,34,98,218,147,44,159,84,169,170,126,230,61,166
449,381,166,63,408,88,427,130,123,146,150,436,736,292,227,260,303,785,421,59,210,414,245,165,274,99,298,202,204,545,613,1159,218,419,99,484,396,77,188,468,294,74,329,164,338,382,255,446,142,292
519,481,224,90,573,127,541,178,174,245,436,305,1054,357,266,312,409,1071,581,64,297,574,310,224,339,134,351,267,276,697,918,1671,311,509,127,582,481,101,288,620,406,105,454,220,428,560,364,604,213,358
804,823,351,148,904,178,866,260,286,344,736,1054,803,559,473,532,660,1544,904,106,501,909,499,363,641,234,657,418,437,1197,1401,2534,475,858,208,997,816,148,463,1033,603,198,731,340,724,840,537,929,343,617
385,278,122,51,332,70,331,100,106,145,292,357,559,109,150,177,228,540,322,28,162,325,202,125,213,97,215,170,156,354,521,883,167,324,83,349,302,59,161,328,204,64,251,121,252,258,219,347,115,258
282,235,109,44,241,59,244,69,92,94,227,266,473,150,69,141,182,481,256,25,165,246,163,92,142,56,161,110,139,308,421,761,148,257,49,250,250,33,118,278,170,64,200,89,189,278,128,277,86,183
320,246,109,53,270,72,251,72,97,114,260,312,532,177,141,79,203,510,297,28,145,277,170,94,162,55,169,121,139,302,445,824,158,245,59,284,258,43,117,315,176,60,204,90,195,278,155,286,93,198
353,287,159,69,395,83,351,98,112,145,303,409,660,228,182,203,135,657,377,48,199,392,231,154,247,101,249,164,174,444,615,1062,212,349,87,380,340,64,176,387,233,70,267,136,323,323,235,387,137,232
797,825,349,148,899,203,839,265,277,348,785,1071,1544,540,481,510,657,820,915,120,462,916,519,356,658,221,623,458,424,1150,1371,2484,467,826,208,966,822,144,452,1012,602,179,705,342,703,849,519,958,344,592
550,459,187,76,549,108,467,145,173,212,421,581,904,322,256,297,377,915,255,63,279,501,306,187,333,123,311,247,262,625,768,1415,251,471,109,519,446,92,272,541,345,113,382,187,382,468,323,515,196,371
72,53,17,11,63,11,64,11,13,32,59,64,106,28,25,28,48,120,63,0,35,62,42,29,43,15,42,28,31,68,93,182,38,59,20,61,69,7,36,82,38,8,55,24,55,51,43,74,29,48
330,230,118,55,250,73,286,91,63,114,210,297,501,162,165,145,199,462,279,35,82,287,188,113,170,66,186,126,144,323,426,798,171,258,59,282,276,49,152,299,184,64,195,107,227,264,159,282,113,182
569,454,206,77,503,115,494,174,167,213,414,574,909,325,246,277,392,916,501,62,287,266,319,192,342,125,342,242,250,660,784,1439,286,463,124,548,477,99,270,565,357,115,389,189,399,485,338,598,195,375
360,249,127,51,312,61,284,93,104,114,245,310,499,202,163,170,231,519,306,42,188,319,103,127,194,74,205,139,158,364,471,853,175,289,74,267,278,50,147,334,186,64,235,101,239,270,194,311,119,208
225,175,81,32,202,52,218,75,84,83,165,224,363,125,92,94,154,356,187,29,113,192,127,35,129,51,136,90,101,238,328,554,98,186,45,195,186,36,109,223,148,42,148,88,167,170,120,233,80,128
362,278,140,67,310,64,326,104,113,141,274,339,641,213,142,162,247,658,333,43,170,342,194,129,101,86,186,144,180,435,519,979,174,309,91,337,300,51,175,341,255,62,239,119,248,333,203,313,133,237
170,98,57,32,121,30,137,37,42,54,99,134,234,97,56,55,101,221,123,15,66,125,74,51,86,11,69,49,78,161,196,378,64,114,34,124,130,17,69,120,81,28,89,47,106,125,81,145,55,92
404,273,117,66,343,79,335,98,112,161,298,351,657,215,161,169,249,623,311,42,186,342,205,136,186,69,93,174,167,412,494,970,187,308,90,343,332,64,181,324,236,75,278,120,249,327,221,327,132,259
296,207,86,43,224,53,241,73,58,111,202,267,418,170,110,121,164,458,247,28,126,242,139,90,144,49,174,44,108,278,333,625,126,212,52,213,225,32,114,249,134,57,187,94,188,176,152,238,79,169
291,204,123,54,268,64,257,94,80,115,204,276,437,156,139,139,174,424,262,31,144,250,158,101,180,78,167,108,69,298,383,723,146,251,57,272,247,34,115,248,143,58,192,83,215,254,175,262,105,161
608,578,219,95,653,142,615,173,208,241,545,697,1197,354,308,302,444,1150,625,68,323,660,364,238,435,161,412,278,298,414,1026,1878,397,579,120,676,608,101,311,776,420,118,473,244,517,617,404,632,263,413
721,650,303,132,825,166,745,223,272,295,613,918,1401,521,421,445,615,1371,768,93,426,784,471,328,519,196,494,333,383,1026,595,2159,410,679,186,817,717,136,412,864,515,151,598,293,629,711,505,818,314,472
1185,1223,614,205,1458,287,1317,432,458,526,1159,1671,2534,883,761,824,1062,2484,1415,182,798,1439,853,554,979,378,970,625,723,1878,2159,2011,790,1281,347,1536,1282,249,699,1553,957,313,1061,546,1129,1325,874,1469,546,939
241,245,114,48,274,61,278,82,102,94,218,311,475,167,148,158,212,467,251,38,171,286,175,98,174,64,187,126,146,397,410,790,82,274,66,300,276,57,126,290,191,57,192,127,217,259,166,289,128,182
442,422,202,81,476,101,467,132,151,197,419,509,858,324,257,245,349,826,471,59,258,463,289,186,309,114,308,212,251,579,679,1281,274,234,100,458,433,70,216,478,307,109,409,154,374,403,279,474,181,314
90,95,52,14,124,26,113,27,42,47,99,127,208,83,49,59,87,208,109,20,59,124,74,45,91,34,90,52,57,120,186,347,66,100,13,110,101,24,62,134,96,24,85,38,97,102,74,124,36,80
523,459,193,90,560,124,507,139,172,192,484,582,997,349,250,284,380,966,519,61,282,548,267,195,337,124,343,213,272,676,817,1536,300,458,110,283,490,88,268,590,331,99,406,207,438,525,332,611,196,358
488,457,182,78,486,105,437,168,156,199,396,481,816,302,250,258,340,822,446,69,276,477,278,186,300,130,332,225,247,608,717,1282,276,433,101,490,214,82,226,466,309,102,345,178,365,416,311,449,183,352
82,70,32,17,89,22,87,20,29,34,77,101,148,59,33,43,64,144,92,7,49,99,50,36,51,17,64,32,34,101,136,249,57,70,24,88,82,9,44,95,65,17,68,28,81,94,62,101,29,67
270,216,101,42,266,58,232,68,73,98,188,288,463,161,118,117,176,452,272,36,152,270,147,109,175,69,181,114,115,311,412,699,126,216,62,268,226,44,55,309,173,51,214,109,211,228,157,253,103,163
491,475,192,78,605,111,533,166,181,218,468,620,1033,328,278,315,387,1012,541,82,299,565,334,223,341,120,324,249,248,776,864,1553,290,478,134,590,466,95,309,316,368,116,423,205,437,481,355,573,219,347
323,311,138,60,347,80,323,105,108,147,294,406,603,204,170,176,233,602,345,38,184,357,186,148,255,81,236,134,143,420,515,957,191,307,96,331,309,65,173,368,101,77,267,123,282,332,188,313,142,247
106,104,36,20,99,22,109,32,27,44,74,105,198,64,64,60,70,179,113,8,64,115,64,42,62,28,75,57,58,118,151,313,57,109,24,99,102,17,51,116,77,13,71,49,82,90,67,110,37,76
377,334,173,60,412,104,380,125,114,159,329,454,731,251,200,204,267,705,382,55,195,389,235,148,239,89,278,187,192,473,598,1061,192,409,85,406,345,68,214,423,267,71,136,150,349,382,265,409,143,286
181,175,76,27,186,42,190,54,55,84,164,220,340,121,89,90,136,342,187,24,107,189,101,88,119,47,120,94,83,244,293,546,127,154,38,207,178,28,109,205,123,49,150,40,150,179,143,210,68,122
460,367,163,74,373,84,388,144,110,169,338,428,724,252,189,195,323,703,382,55,227,399,239,167,248,106,249,188,215,517,629,1129,217,374,97,438,365,81,211,437,282,82,349,150,158,373,257,407,140,286
449,390,218,69,485,102,439,136,148,170,382,560,840,258,278,278,323,849,468,51,264,485,270,170,333,125,327,176,254,617,711,1325,259,403,102,525,416,94,228,481,332,90,382,179,373,202,299,515,169,339
324,288,131,58,343,76,337,84,107,126,255,364,537,219,128,155,235,519,323,43,159,338,194,120,203,81,221,152,175,404,505,874,166,279,74,332,311,62,157,355,188,67,265,143,257,299,84,323,123,198
522,480,194,94,539,117,507,160,154,230,446,604,929,347,277,286,387,958,515,74,282,598,311,233,313,145,327,238,262,632,818,1469,289,474,124,611,449,101,253,573,313,110,409,210,407,515,323,261,202,364
154,174,83,35,167,43,195,59,54,61,142,213,343,115,86,93,137,344,196,29,113,195,119,80,133,55,132,79,105,263,314,546,128,181,36,196,183,29,103,219,142,37,143,68,140,169,123,202,27,140
405,311,103,61,348,82,347,110,113,166,292,358,617,258,183,198,232,592,371,48,182,375,208,128,237,92,259,169,161,413,472,939,182,314,80,358,352,67,163,347,247,76,286,122,286,339,198,364,140,93
