267,462,211,85,501,107,464,195,173,262,449,507,803,375,345,343,384,845,508,65,334,508,394,210,386,127,349,305,299,655,668,1167,265,498,87,533,476,79,267,449,322,102,365,188,437,420,375,494,176,390
462,188,174,62,477,90,399,147,124,148,339,486,840,307,242,271,309,832,427,49,185,437,264,196,279,99,293,205,238,515,662,1260,243,416,97,418,439,74,233,494,278,71,312,171,375,413,286,436,191,288
211,174,38,31,202,42,214,51,73,91,176,226,369,116,111,98,120,364,176,32,89,199,110,77,143,52,131,110,84,227,317,588,131,200,48,206,190,33,90,221,119,28,150,85,157,207,143,189,77,138
85,62,31,3,93,22,65,21,25,48,76,101,142,55,52,45,50,160,91,4,40,76,60,32,57,23,61,56,34,104,108,192,43,80,14,100,89,18,46,85,62,10,61,29,69,78,49,79,30,53
501,477,202,93,243,116,486,156,187,209,436,602,937,333,265,289,363,933,519,69,291,495,299,205,315,136,356,276,263,633,798,1401,284,493,125,570,499,95,251,524,367,100,386,202,385,449,327,534,205,333
107,90,42,22,116,15,94,27,32,55,89,120,185,83,53,49,73,213,103,7,65,110,68,46,81,32,87,53,57,137,172,319,56,106,21,122,127,29,63,108,74,15,76,35,91,112,77,122,44,81
464,399,214,65,486,94,223,146,157,208,386,553,866,332,263,277,311,868,476,50,271,477,278,194,329,131,334,230,241,660,730,1361,273,442,107,524,438,90,242,528,301,94,377,188,355,470,314,489,182,307
195,147,51,21,156,27,146,21,63,66,135,169,272,101,83,86,132,274,141,18,87,176,92,49,87,36,81,67,82,202,251,414,89,141,27,187,149,28,59,164,84,24,121,56,127,144,85,155,45,86
173,124,73,25,187,32,157,63,31,78,147,168,301,127,86,99,129,281,158,18,94,168,95,76,111,43,110,68,82,192,280,442,86,158,46,152,168,30,82,179,105,28,130,66,135,143,106,173,58,118
262,148,91,48,209,55,208,66,78,49,161,230,372,133,114,128,145,368,239,27,123,226,111,77,152,59,155,88,120,261,319,534,108,199,41,221,219,35,105,207,139,53,169,71,167,184,93,230,72,137
449,339,176,76,436,89,386,135,147,161,167,479,796,238,243,279,291,740,442,55,236,443,254,148,285,110,269,206,233,543,660,1140,238,392,120,465,402,83,216,445,290,102,312,155,331,396,266,444,165,309
507,486,226,101,602,120,553,169,168,230,479,328,1002,386,298,303,416,1037,573,90,290,638,350,199,373,150,403,239,258,756,870,1608,286,561,130,555,539,102,305,638,447,136,414,216,423,522,341,620,195,404
803,840,369,142,937,185,866,272,301,372,796,1002,872,598,493,515,682,1538,899,115,522,929,557,360,647,239,648,437,489,1123,1404,2580,506,799,206,1035,842,146,470,947,640,211,691,341,743,853,609,960,348,647
375,307,116,55,333,83,332,101,127,133,238,386,598,114,170,178,227,594,331,34,172,321,211,144,188,91,234,144,150,410,481,895,175,321,78,337,322,53,168,342,221,78,257,117,241,277,212,358,116,225
345,242,111,52,265,53,263,83,86,114,243,298,493,170,66,123,193,472,286,25,146,307,142,99,182,58,183,116,135,338,420,743,136,247,71,277,260,41,135,275,174,59,192,75,204,243,185,271,98,183
343,271,98,45,289,49,277,86,99,128,279,303,515,178,123,79,206,482,269,28,168,305,172,112,213,69,191,144,156,323,440,827,164,238,54,267,247,39,140,312,193,55,208,95,231,284,189,302,114,193
384,309,120,50,363,73,311,132,129,145,291,416,682,227,193,206,133,648,343,44,194,360,223,148,246,87,245,160,185,462,544,947,194,310,80,413,379,64,192,385,225,67,270,151,305,315,237,357,140,250
845,832,364,160,933,213,868,274,281,368,740,1037,1538,594,472,482,648,812,913,106,476,921,554,358,623,247,630,393,502,1080,1401,2534,536,797,202,1021,836,143,450,960,606,198,693,347,740,858,600,938,366,619
508,427,176,91,519,103,476,141,158,239,442,573,899,331,286,269,343,913,245,63,281,491,291,218,348,124,329,231,249,623,769,1409,306,476,127,532,487,81,250,574,339,99,385,187,432,477,364,544,184,346
65,49,32,4,69,7,50,18,18,27,55,90,115,34,25,28,44,106,63,4,30,69,40,29,39,12,37,29,36,57,89,163,39,44,12,67,59,14,34,68,40,9,47,20,47,69,39,70,23,48
334,185,89,40,291,65,271,87,94,123,236,290,522,172,146,168,194,476,281,30,61,272,142,112,165,65,169,111,132,336,450,805,162,259,54,294,269,40,114,279,172,65,226,116,209,275,174,251,109,210
508,437,199,76,495,110,477,176,168,226,443,638,929,321,307,305,360,921,491,69,272,253,308,209,352,122,362,254,261,643,794,1459,291,482,118,532,460,87,277,534,326,102,394,203,411,455,363,537,194,372
394,264,110,60,299,68,278,92,95,111,254,350,557,211,142,172,223,554,291,40,142,308,88,107,199,60,207,140,150,384,448,848,141,295,74,331,288,50,155,311,204,52,222,122,229,256,155,284,123,200
210,196,77,32,205,46,194,49,76,77,148,199,360,144,99,112,148,358,218,29,112,209,107,40,112,43,135,100,85,254,274,530,99,183,45,232,191,29,102,247,154,36,152,74,154,174,135,189,70,152
386,279,143,57,315,81,329,87,111,152,285,373,647,188,182,213,246,623,348,39,165,352,199,112,113,73,221,141,171,434,516,901,197,308,59,326,363,51,165,361,202,58,260,137,252,284,211,369,121,249
127,99,52,23,136,32,131,36,43,59,110,150,239,91,58,69,87,247,124,12,65,122,60,43,73,13,68,67,57,160,193,355,66,120,24,127,116,16,79,138,91,19,105,47,96,114,74,140,40,87
349,293,131,61,356,87,334,81,110,155,269,403,648,234,183,191,245,630,329,37,169,362,207,135,221,68,102,145,188,435,500,954,191,340,75,331,301,61,184,388,240,52,271,134,271,316,232,346,111,241
305,205,110,56,276,53,230,67,68,88,206,239,437,144,116,144,160,393,231,29,111,254,140,100,141,67,145,45,122,301,355,668,122,236,46,229,233,38,103,257,147,43,189,82,182,230,134,242,93,137
299,238,84,34,263,57,241,82,82,120,233,258,489,150,135,156,185,502,249,36,132,261,150,85,171,57,188,122,71,321,413,699,141,231,56,257,228,39,120,307,167,59,187,106,211,230,171,256,110,207
655,515,227,104,633,137,660,202,192,261,543,756,1123,410,338,323,462,1080,623,57,336,643,384,254,434,160,435,301,321,378,964,1835,373,597,127,701,615,105,322,670,413,123,512,238,512,581,410,690,254,441
668,662,317,108,798,172,730,251,280,319,660,870,1404,481,420,440,544,1401,769,89,450,794,448,274,516,193,500,355,413,964,584,2160,435,744,177,814,695,143,388,810,492,157,567,299,595,694,504,775,248,521
1167,1260,588,192,1401,319,1361,414,442,534,1140,1608,2580,895,743,827,947,2534,1409,163,805,1459,848,530,901,355,954,668,699,1835,2160,1955,700,1295,325,1449,1318,253,729,1459,911,312,1059,560,1104,1293,888,1443,509,906
265,243,131,43,284,56,273,89,86,108,238,286,506,175,136,164,194,536,306,39,162,291,141,99,197,66,191,122,141,373,435,700,76,250,63,307,258,62,155,302,195,70,196,107,210,254,173,289,98,182
498,416,200,80,493,106,442,141,158,199,392,561,799,321,247,238,310,797,476,44,259,482,295,183,308,120,340,236,231,597,744,1295,250,229,97,509,442,90,222,527,289,103,333,166,376,449,293,495,166,295
87,97,48,14,125,21,107,27,46,41,120,130,206,78,71,54,80,202,127,12,54,118,74,45,59,24,75,46,56,127,177,325,63,97,13,126,104,23,60,115,83,26,100,49,105,127,75,118,49,91
533,418,206,100,570,122,524,187,152,221,465,555,1035,337,277,267,413,1021,532,67,294,532,331,232,326,127,331,229,257,701,814,1449,307,509,126,277,491,82,277,589,341,114,431,211,427,476,326,583,207,400
476,439,190,89,499,127,438,149,168,219,402,539,842,322,260,247,379,836,487,59,269,460,288,191,363,116,301,233,228,615,695,1318,258,442,104,491,226,74,233,535,322,91,356,166,351,444,329,463,180,319
79,74,33,18,95,29,90,28,30,35,83,102,146,53,41,39,64,143,81,14,40,87,50,29,51,16,61,38,39,105,143,253,62,90,23,82,74,6,49,95,60,21,54,28,60,80,53,94,33,56
267,233,90,46,251,63,242,59,82,105,216,305,470,168,135,140,192,450,250,34,114,277,155,102,165,79,184,103,120,322,388,729,155,222,60,277,233,49,51,253,181,52,167,96,187,252,133,230,90,158
449,494,221,85,524,108,528,164,179,207,445,638,947,342,275,312,385,960,574,68,279,534,311,247,361,138,388,257,307,670,810,1459,302,527,115,589,535,95,253,291,369,106,408,207,452,506,371,592,191,371
322,278,119,62,367,74,301,84,105,139,290,447,640,221,174,193,225,606,339,40,172,326,204,154,202,91,240,147,167,413,492,911,195,289,83,341,322,60,181,369,98,71,276,133,272,306,214,371,127,205
102,71,28,10,100,15,94,24,28,53,102,136,211,78,59,55,67,198,99,9,65,102,52,36,58,19,52,43,59,123,157,312,70,103,26,114,91,21,52,106,71,8,68,41,87,95,65,107,46,81
365,312,150,61,386,76,377,121,130,169,312,414,691,257,192,208,270,693,385,47,226,394,222,152,260,105,271,189,187,512,567,1059,196,333,100,431,356,54,167,408,276,68,142,151,324,351,232,430,150,243
188,171,85,29,202,35,188,56,66,71,155,216,341,117,75,95,151,347,187,20,116,203,122,74,137,47,134,82,106,238,299,560,107,166,49,211,166,28,96,207,133,41,151,38,145,185,122,201,76,123
437,375,157,69,385,91,355,127,135,167,331,423,743,241,204,231,305,740,432,47,209,411,229,154,252,96,271,182,211,512,595,1104,210,376,105,427,351,60,187,452,272,87,324,145,157,351,245,401,151,290
420,413,207,78,449,112,470,144,143,184,396,522,853,277,243,284,315,858,477,69,275,455,256,174,284,114,316,230,230,581,694,1293,254,449,127,476,444,80,252,506,306,95,351,185,351,220,297,484,150,318
375,286,143,49,327,77,314,85,106,93,266,341,609,212,185,189,237,600,364,39,174,363,155,135,211,74,232,134,171,410,504,888,173,293,75,326,329,53,133,371,214,65,232,122,245,297,97,368,119,194
494,436,189,79,534,122,489,155,173,230,444,620,960,358,271,302,357,938,544,70,251,537,284,189,369,140,346,242,256,690,775,1443,289,495,118,583,463,94,230,592,371,107,430,201,401,484,368,252,174,353
176,191,77,30,205,44,182,45,58,72,165,195,348,116,98,114,140,366,184,23,109,194,123,70,121,40,111,93,110,254,248,509,98,166,49,207,180,33,90,191,127,46,150,76,151,150,119,174,33,154
390,288,138,53,333,81,307,86,118,137,309,404,647,225,183,193,250,619,346,48,210,372,200,152,249,87,241,137,207,441,521,906,182,295,91,400,319,56,158,371,205,81,243,123,290,318,194,353,154,118
