242,495,206,77,538,111,465,207,171,253,446,503,760,365,329,341,346,752,502,73,308,509,330,210,324,146,372,293,281,577,661,1157,223,483,83,481,475,88,266,486,287,88,371,170,401,414,309,455,161,366
495,190,168,61,465,90,397,136,129,181,384,515,732,282,215,260,308,761,453,61,217,436,216,165,279,96,261,205,203,558,640,1210,232,436,107,442,422,74,212,481,274,80,352,143,336,418,251,435,181,304
206,168,49,41,217,52,193,58,68,74,187,190,356,130,97,105,145,380,211,20,93,218,117,71,149,57,145,91,107,222,310,535,113,199,56,211,182,29,98,225,137,31,160,77,147,213,122,225,84,146
77,61,41,2,69,11,65,26,19,40,85,87,164,58,43,46,58,162,77,15,46,93,48,33,57,25,51,43,51,118,132,232,44,74,20,89,74,17,52,81,54,19,61,29,71,76,49,96,24,59
538,465,217,69,268,104,490,154,180,220,445,551,874,336,287,315,337,948,520,58,261,541,343,232,360,143,335,242,254,715,746,1421,221,489,114,526,460,69,250,548,375,120,372,179,435,467,328,491,180,347
111,90,52,11,104,9,111,40,29,53,99,144,229,68,50,70,74,205,99,15,62,114,72,50,81,36,84,53,73,157,177,299,65,135,27,138,109,18,65,100,69,23,77,33,99,112,59,107,46,69
465,397,193,65,490,111,223,171,164,202,427,558,875,305,244,275,365,852,470,63,264,497,268,182,337,115,335,241,259,624,721,1285,259,458,115,545,448,86,247,491,316,97,345,179,394,477,275,545,144,323
207,136,58,26,154,40,171,27,46,69,140,149,287,104,83,89,131,270,144,14,76,167,100,64,111,33,109,66,67,187,241,440,105,151,31,152,157,30,87,174,93,26,129,47,137,134,93,173,56,97
171,129,68,19,180,29,164,46,24,55,132,191,291,97,77,91,116,313,161,17,76,168,92,72,113,35,117,78,73,219,254,453,84,162,43,153,131,26,90,188,119,30,134,63,127,167,108,185,55,79
253,181,74,40,220,53,202,69,55,40,149,236,337,119,96,124,165,343,217,19,138,225,121,78,152,45,160,113,131,238,317,547,100,199,37,212,165,46,100,236,154,28,190,72,166,174,124,239,58,154
446,384,187,85,445,99,427,140,132,149,185,494,756,297,226,248,310,765,474,46,281,445,292,171,294,116,311,225,231,485,640,1175,238,402,104,451,398,74,210,443,278,98,318,156,357,395,300,433,148,284
503,515,190,87,551,144,558,149,191,236,494,306,975,371,306,312,381,1001,555,63,326,567,299,190,330,147,363,251,294,677,834,1516,289,490,128,585,479,100,263,597,399,115,407,199,457,484,317,586,193,379
760,732,356,164,874,229,875,287,291,337,756,975,765,609,497,532,672,1417,920,108,515,962,581,349,595,253,611,434,503,1112,1354,2337,468,819,197,947,836,168,445,918,585,188,701,349,742,777,583,907,327,596
365,282,130,58,336,68,305,104,97,119,297,371,609,106,175,189,244,584,373,35,173,369,210,132,220,69,235,185,169,390,500,924,178,286,72,353,295,50,176,366,220,63,252,110,269,315,221,364,104,235
329,215,97,43,287,50,244,83,77,96,226,306,497,175,60,117,188,491,264,35,124,284,141,114,179,48,180,116,139,333,453,735,157,242,68,286,232,43,138,308,153,55,203,92,219,269,174,275,106,190
341,260,105,46,315,70,275,89,91,124,248,312,532,189,117,58,191,533,264,40,147,289,160,122,194,73,212,127,176,341,469,815,173,275,75,297,256,43,146,333,182,51,209,101,254,284,184,298,114,195
346,308,145,58,337,74,365,131,116,165,310,381,672,244,188,191,146,653,360,48,189,383,227,152,242,89,249,148,171,465,557,1020,211,354,77,351,357,67,186,356,215,79,288,120,288,356,229,366,128,256
752,761,380,162,948,205,852,270,313,343,765,1001,1417,584,491,533,653,794,906,125,502,982,573,346,611,248,610,421,473,1126,1335,2320,450,829,236,915,907,169,437,943,568,193,668,354,726,790,586,926,317,571
502,453,211,77,520,99,470,144,161,217,474,555,920,373,264,264,360,906,260,61,254,500,312,218,315,144,384,239,235,623,726,1359,267,495,112,512,490,73,249,529,324,110,399,212,409,476,359,515,195,334
73,61,20,15,58,15,63,14,17,19,46,63,108,35,35,40,48,125,61,5,35,61,40,21,33,11,30,28,25,71,75,177,30,60,10,69,60,7,29,80,42,12,35,17,47,55,33,67,24,38
308,217,93,46,261,62,264,76,76,138,281,326,515,173,124,147,189,502,254,35,74,275,156,121,171,66,189,110,113,347,430,795,163,250,54,292,273,44,116,318,194,44,223,101,241,249,164,319,132,190
509,436,218,93,541,114,497,167,168,225,445,567,962,369,284,289,383,982,500,61,275,299,332,206,315,137,362,237,250,655,773,1408,293,493,119,531,494,77,257,558,328,112,394,197,405,503,338,544,182,374
330,216,117,48,343,72,268,100,92,121,292,299,581,210,141,160,227,573,312,40,156,332,87,107,191,70,196,137,134,378,503,883,164,313,68,324,282,63,161,312,187,63,254,103,235,292,179,296,105,194
210,165,71,33,232,50,182,64,72,78,171,190,349,132,114,122,152,346,218,21,121,206,107,39,127,52,134,110,96,235,321,566,108,195,50,194,202,35,103,233,121,36,155,54,148,175,102,203,66,134
324,279,149,57,360,81,337,111,113,152,294,330,595,220,179,194,242,611,315,33,171,315,191,127,118,75,211,157,156,415,502,932,183,314,80,327,315,60,150,369,217,53,248,107,265,336,208,362,127,223
146,96,57,25,143,36,115,33,35,45,116,147,253,69,48,73,89,248,144,11,66,137,70,52,75,15,69,72,67,173,195,363,59,132,31,120,135,20,59,147,71,32,109,58,84,111,59,137,53,82
372,261,145,51,335,84,335,109,117,160,311,363,611,235,180,212,249,610,384,30,189,362,196,134,211,69,111,172,167,396,548,973,191,321,75,343,340,50,167,348,207,74,254,123,250,314,200,327,128,204
293,205,91,43,242,53,241,66,78,113,225,251,434,185,116,127,148,421,239,28,110,237,137,110,157,72,172,57,141,307,342,692,139,223,50,242,211,37,112,251,162,59,168,100,194,219,147,250,96,168
281,203,107,51,254,73,259,67,73,131,231,294,503,169,139,176,171,473,235,25,113,250,134,96,156,67,167,141,58,300,378,728,131,217,58,242,237,40,103,280,167,38,202,111,180,239,143,261,96,182
577,558,222,118,715,157,624,187,219,238,485,677,1112,390,333,341,465,1126,623,71,347,655,378,235,415,173,396,307,300,430,923,1739,325,595,146,615,577,102,306,658,388,133,489,236,486,546,377,665,225,431
661,640,310,132,746,177,721,241,254,317,640,834,1354,500,453,469,557,1335,726,75,430,773,503,321,502,195,548,342,378,923,548,2042,423,727,165,774,687,137,385,761,504,174,596,288,619,651,489,773,276,494
1157,1210,535,232,1421,299,1285,440,453,547,1175,1516,2337,924,735,815,1020,2320,1359,177,795,1408,883,566,932,363,973,692,728,1739,2042,1786,707,1301,324,1493,1274,255,673,1446,905,306,1031,529,1092,1185,913,1391,516,929
223,232,113,44,221,65,259,105,84,100,238,289,468,178,157,173,211,450,267,30,163,293,164,108,183,59,191,139,131,325,423,707,67,228,67,273,271,56,144,287,186,53,200,110,206,224,180,253,101,190
483,436,199,74,489,135,458,151,162,199,402,490,819,286,242,275,354,829,495,60,250,493,313,195,314,132,321,223,217,595,727,1301,228,229,104,518,445,64,243,493,306,84,364,159,378,451,284,492,167,327
83,107,56,20,114,27,115,31,43,37,104,128,197,72,68,75,77,236,112,10,54,119,68,50,80,31,75,50,58,146,165,324,67,104,9,108,106,23,55,115,75,26,93,55,101,102,98,114,39,79
481,442,211,89,526,138,545,152,153,212,451,585,947,353,286,297,351,915,512,69,292,531,324,194,327,120,343,242,242,615,774,1493,273,518,108,258,479,88,238,559,348,100,424,180,397,505,321,543,182,369
475,422,182,74,460,109,448,157,131,165,398,479,836,295,232,256,357,907,490,60,273,494,282,202,315,135,340,211,237,577,687,1274,271,445,106,479,222,81,256,474,304,93,385,164,377,456,273,505,154,331
88,74,29,17,69,18,86,30,26,46,74,100,168,50,43,43,67,169,73,7,44,77,63,35,60,20,50,37,40,102,137,255,56,64,23,88,81,5,41,86,55,16,68,35,83,71,50,85,41,60
266,212,98,52,250,65,247,87,90,100,210,263,445,176,138,146,186,437,249,29,116,257,161,103,150,59,167,112,103,306,385,673,144,243,55,238,256,41,68,251,164,46,189,72,197,228,141,256,93,168
486,481,225,81,548,100,491,174,188,236,443,597,918,366,308,333,356,943,529,80,318,558,312,233,369,147,348,251,280,658,761,1446,287,493,115,559,474,86,251,282,368,115,407,219,415,463,349,525,192,370
287,274,137,54,375,69,316,93,119,154,278,399,585,220,153,182,215,568,324,42,194,328,187,121,217,71,207,162,167,388,504,905,186,306,75,348,304,55,164,368,121,78,230,131,264,316,210,332,120,233
88,80,31,19,120,23,97,26,30,28,98,115,188,63,55,51,79,193,110,12,44,112,63,36,53,32,74,59,38,133,174,306,53,84,26,100,93,16,46,115,78,10,75,39,87,107,58,123,41,58
371,352,160,61,372,77,345,129,134,190,318,407,701,252,203,209,288,668,399,35,223,394,254,155,248,109,254,168,202,489,596,1031,200,364,93,424,385,68,189,407,230,75,159,148,300,339,235,372,124,261
170,143,77,29,179,33,179,47,63,72,156,199,349,110,92,101,120,354,212,17,101,197,103,54,107,58,123,100,111,236,288,529,110,159,55,180,164,35,72,219,131,39,148,36,134,171,123,183,63,121
401,336,147,71,435,99,394,137,127,166,357,457,742,269,219,254,288,726,409,47,241,405,235,148,265,84,250,194,180,486,619,1092,206,378,101,397,377,83,197,415,264,87,300,134,163,372,245,440,154,290
414,418,213,76,467,112,477,134,167,174,395,484,777,315,269,284,356,790,476,55,249,503,292,175,336,111,314,219,239,546,651,1185,224,451,102,505,456,71,228,463,316,107,339,171,372,182,327,471,167,313
309,251,122,49,328,59,275,93,108,124,300,317,583,221,174,184,229,586,359,33,164,338,179,102,208,59,200,147,143,377,489,913,180,284,98,321,273,50,141,349,210,58,235,123,245,327,102,316,113,209
455,435,225,96,491,107,545,173,185,239,433,586,907,364,275,298,366,926,515,67,319,544,296,203,362,137,327,250,261,665,773,1391,253,492,114,543,505,85,256,525,332,123,372,183,440,471,316,280,172,366
161,181,84,24,180,46,144,56,55,58,148,193,327,104,106,114,128,317,195,24,132,182,105,66,127,53,128,96,96,225,276,516,101,167,39,182,154,41,93,192,120,41,124,63,154,167,113,172,29,115
366,304,146,59,347,69,323,97,79,154,284,379,596,235,190,195,256,571,334,38,190,374,194,134,223,82,204,168,182,431,494,929,190,327,79,369,331,60,168,370,233,58,261,121,290,313,209,366,115,129
