250,479,217,108,510,124,497,191,170,257,456,534,806,397,304,317,369,830,524,70,302,557,331,216,363,163,424,258,293,611,734,1223,255,490,106,522,505,88,257,550,325,122,363,199,447,426,327,490,167,414
479,182,162,78,418,99,428,124,142,174,364,494,783,298,216,226,287,797,455,58,253,472,252,149,268,87,255,195,215,526,698,1251,231,382,80,456,431,71,201,438,270,91,323,181,331,412,259,497,160,273
217,162,44,50,211,42,209,54,58,77,178,204,379,125,95,97,133,364,171,18,105,193,120,74,116,44,118,85,98,256,300,582,119,197,54,196,193,38,95,196,135,45,137,69,168,203,100,198,73,128
108,78,50,2,78,10,87,27,29,38,82,106,132,60,40,43,72,147,96,7,60,89,58,42,63,19,65,43,58,112,133,211,43,59,16,89,65,18,37,81,68,14,67,35,62,78,51,93,24,62
510,418,211,78,262,131,472,145,173,185,421,563,913,342,303,321,371,950,540,62,299,526,297,195,330,132,344,244,260,607,793,1436,258,469,115,569,511,91,257,538,347,129,412,194,386,487,320,519,180,359
124,99,42,10,131,9,108,29,31,52,96,133,191,67,66,62,79,213,116,13,76,113,73,54,65,24,76,56,79,156,155,305,67,111,35,116,97,19,45,106,96,19,89,38,90,109,68,118,47,76
497,428,209,87,472,108,229,142,168,210,421,531,875,337,247,281,358,865,499,65,274,514,314,202,324,113,332,215,275,619,734,1316,249,462,113,515,455,83,247,498,355,102,393,169,358,460,283,505,159,342
191,124,54,27,145,29,142,23,50,74,140,161,279,98,91,82,113,278,128,19,87,140,73,51,94,29,76,72,71,154,200,417,94,144,51,155,150,21,64,150,82,34,107,64,121,127,99,136,61,98
170,142,58,29,173,31,168,50,30,64,135,158,278,107,77,93,144,300,169,21,98,165,93,70,124,34,108,88,72,236,255,480,81,150,39,199,156,27,77,173,118,39,123,60,112,163,107,175,49,110
257,174,77,38,185,52,210,74,64,51,169,212,371,154,108,107,137,380,196,27,128,208,156,89,140,59,151,96,101,254,283,554,96,193,51,216,194,40,105,244,139,49,150,84,158,177,148,229,76,163
456,364,178,82,421,96,421,140,135,169,190,452,754,283,236,252,285,734,404,53,245,427,273,190,295,102,301,200,227,509,629,1124,220,407,89,454,409,74,220,461,287,96,305,153,340,404,281,455,147,318
534,494,204,106,563,133,531,161,158,212,452,328,1045,342,269,293,422,1032,613,74,299,570,334,235,372,139,376,288,270,718,876,1657,339,573,131,598,541,85,287,644,391,114,437,214,463,525,350,617,206,341
806,783,379,132,913,191,875,279,278,371,754,1045,852,579,431,483,630,1534,911,127,503,896,485,350,616,222,584,441,410,1193,1374,2561,508,831,208,982,852,157,482,974,633,192,688,352,723,899,572,1007,328,576
397,298,125,60,342,67,337,98,107,154,283,342,579,121,171,191,242,583,328,38,175,323,216,144,226,84,221,158,168,426,452,880,162,277,78,324,318,50,170,385,212,58,243,139,263,321,199,343,111,251
304,216,95,40,303,66,247,91,77,108,236,269,431,171,63,137,179,409,259,29,154,257,169,107,181,66,157,134,125,306,374,720,142,264,54,266,248,35,155,292,185,52,208,109,196,249,164,284,93,199
317,226,97,43,321,62,281,82,93,107,252,293,483,191,137,78,186,488,279,38,162,313,165,110,187,75,197,149,143,349,430,775,141,286,65,294,275,47,138,323,181,72,235,101,238,277,173,331,111,176
369,287,133,72,371,79,358,113,144,137,285,422,630,242,179,186,143,618,352,47,185,350,198,167,236,98,220,158,180,477,550,1072,196,337,71,395,337,56,177,376,226,63,283,158,284,334,216,362,124,253
830,797,364,147,950,213,865,278,300,380,734,1032,1534,583,409,488,618,860,945,121,512,932,502,333,621,239,557,449,415,1160,1403,2566,507,818,202,970,878,137,485,991,654,171,686,380,716,877,575,961,345,540
524,455,171,96,540,116,499,128,169,196,404,613,911,328,259,279,352,945,270,45,296,494,308,234,338,134,360,246,256,618,755,1480,292,461,118,535,490,83,244,552,320,112,427,187,410,476,367,525,192,336
70,58,18,7,62,13,65,19,21,27,53,74,127,38,29,38,47,121,45,3,32,53,25,21,40,23,41,35,31,71,92,179,34,45,16,57,62,6,30,49,42,12,51,20,51,53,37,73,23,43
302,253,105,60,299,76,274,87,98,128,245,299,503,175,154,162,185,512,296,32,82,283,168,115,183,66,184,137,151,333,415,721,157,245,59,282,260,50,134,282,185,67,210,99,233,245,165,308,105,206
557,472,193,89,526,113,514,140,165,208,427,570,896,323,257,313,350,932,494,53,283,275,301,197,360,141,352,257,250,646,750,1462,271,476,110,580,472,84,262,530,304,113,408,185,396,456,341,532,154,353
331,252,120,58,297,73,314,73,93,156,273,334,485,216,169,165,198,502,308,25,168,301,95,128,192,77,203,127,138,359,483,819,160,281,64,303,297,44,130,293,205,50,229,116,242,265,182,317,102,234
216,149,74,42,195,54,202,51,70,89,190,235,350,144,107,110,167,333,234,21,115,197,128,30,120,46,134,81,104,248,292,534,107,196,33,221,201,35,97,197,144,44,149,68,145,207,128,214,61,164
363,268,116,63,330,65,324,94,124,140,295,372,616,226,181,187,236,621,338,40,183,360,192,120,127,65,211,156,164,406,528,951,188,302,82,341,318,59,169,387,233,68,245,139,255,309,213,358,132,209
163,87,44,19,132,24,113,29,34,59,102,139,222,84,66,75,98,239,134,23,66,141,77,46,65,7,85,52,61,162,201,339,53,111,29,130,121,25,72,147,81,27,100,56,89,99,74,162,50,78
424,255,118,65,344,76,332,76,108,151,301,376,584,221,157,197,220,557,360,41,184,352,203,134,211,85,116,164,178,405,545,919,184,294,56,342,330,62,177,377,216,79,241,136,273,294,191,387,116,240
258,195,85,43,244,56,215,72,88,96,200,288,441,158,134,149,158,449,246,35,137,257,127,81,156,52,164,66,127,275,357,677,137,236,57,219,223,43,114,244,152,48,186,89,181,231,148,240,93,167
293,215,98,58,260,79,275,71,72,101,227,270,410,168,125,143,180,415,256,31,151,250,138,104,164,61,178,127,64,290,381,659,123,252,63,268,261,49,133,264,178,60,160,85,207,251,162,262,81,178
611,526,256,112,607,156,619,154,236,254,509,718,1193,426,306,349,477,1160,618,71,333,646,359,248,406,162,405,275,290,395,1000,1846,300,566,157,677,618,117,328,722,435,124,526,241,522,595,373,676,237,443
734,698,300,133,793,155,734,200,255,283,629,876,1374,452,374,430,550,1403,755,92,415,750,483,292,528,201,545,357,381,1000,591,2233,461,705,152,819,695,140,394,829,504,150,592,303,618,731,500,760,287,481
1223,1251,582,211,1436,305,1316,417,480,554,1124,1657,2561,880,720,775,1072,2566,1480,179,721,1462,819,534,951,339,919,677,659,1846,2233,1964,747,1280,338,1567,1311,243,748,1522,979,295,1081,564,1088,1296,933,1427,515,898
255,231,119,43,258,67,249,94,81,96,220,339,508,162,142,141,196,507,292,34,157,271,160,107,188,53,184,137,123,300,461,747,68,265,53,302,276,39,154,309,184,62,202,103,211,230,164,293,90,198
490,382,197,59,469,111,462,144,150,193,407,573,831,277,264,286,337,818,461,45,245,476,281,196,302,111,294,236,252,566,705,1280,265,193,117,509,405,88,230,490,335,88,368,181,342,437,309,508,167,308
106,80,54,16,115,35,113,51,39,51,89,131,208,78,54,65,71,202,118,16,59,110,64,33,82,29,56,57,63,157,152,338,53,117,18,112,99,19,67,104,72,27,92,47,84,97,84,112,50,69
522,456,196,89,569,116,515,155,199,216,454,598,982,324,266,294,395,970,535,57,282,580,303,221,341,130,342,219,268,677,819,1567,302,509,112,256,530,84,266,623,341,102,404,212,453,499,353,569,211,381
505,431,193,65,511,97,455,150,156,194,409,541,852,318,248,275,337,878,490,62,260,472,297,201,318,121,330,223,261,618,695,1311,276,405,99,530,211,83,244,495,318,109,336,162,389,432,307,484,167,335
88,71,38,18,91,19,83,21,27,40,74,85,157,50,35,47,56,137,83,6,50,84,44,35,59,25,62,43,49,117,140,243,39,88,19,84,83,6,38,104,60,18,59,35,82,97,51,107,30,75
257,201,95,37,257,45,247,64,77,105,220,287,482,170,155,138,177,485,244,30,134,262,130,97,169,72,177,114,133,328,394,748,154,230,67,266,244,38,50,246,168,58,205,102,201,237,153,261,89,158
550,438,196,81,538,106,498,150,173,244,461,644,974,385,292,323,376,991,552,49,282,530,293,197,387,147,377,244,264,722,829,1522,309,490,104,623,495,104,246,279,341,117,437,222,441,515,365,559,182,362
325,270,135,68,347,96,355,82,118,139,287,391,633,212,185,181,226,654,320,42,185,304,205,144,233,81,216,152,178,435,504,979,184,335,72,341,318,60,168,341,84,75,309,125,251,309,214,343,120,234
122,91,45,14,129,19,102,34,39,49,96,114,192,58,52,72,63,171,112,12,67,113,50,44,68,27,79,48,60,124,150,295,62,88,27,102,109,18,58,117,75,12,80,39,84,98,50,111,35,59
363,323,137,67,412,89,393,107,123,150,305,437,688,243,208,235,283,686,427,51,210,408,229,149,245,100,241,186,160,526,592,1081,202,368,92,404,336,59,205,437,309,80,149,140,302,356,264,402,139,232
199,181,69,35,194,38,169,64,60,84,153,214,352,139,109,101,158,380,187,20,99,185,116,68,139,56,136,89,85,241,303,564,103,181,47,212,162,35,102,222,125,39,140,34,155,183,128,196,65,137
447,331,168,62,386,90,358,121,112,158,340,463,723,263,196,238,284,716,410,51,233,396,242,145,255,89,273,181,207,522,618,1088,211,342,84,453,389,82,201,441,251,84,302,155,143,363,225,436,139,282
426,412,203,78,487,109,460,127,163,177,404,525,899,321,249,277,334,877,476,53,245,456,265,207,309,99,294,231,251,595,731,1296,230,437,97,499,432,97,237,515,309,98,356,183,363,211,311,492,173,282
327,259,100,51,320,68,283,99,107,148,281,350,572,199,164,173,216,575,367,37,165,341,182,128,213,74,191,148,162,373,500,933,164,309,84,353,307,51,153,365,214,50,264,128,225,311,107,333,104,196
490,497,198,93,519,118,505,136,175,229,455,617,1007,343,284,331,362,961,525,73,308,532,317,214,358,162,387,240,262,676,760,1427,293,508,112,569,484,107,261,559,343,111,402,196,436,492,333,258,197,349
167,160,73,24,180,47,159,61,49,76,147,206,328,111,93,111,124,345,192,23,105,154,102,61,132,50,116,93,81,237,287,515,90,167,50,211,167,30,89,182,120,35,139,65,139,173,104,197,33,114
414,273,128,62,359,76,342,98,110,163,318,341,576,251,199,176,253,540,336,43,206,353,234,164,209,78,240,167,178,443,481,898,198,308,69,381,335,75,158,362,234,59,232,137,282,282,196,349,114,122
