261,447,205,85,484,98,481,167,194,251,463,506,763,361,309,289,337,779,491,77,314,510,307,209,354,151,360,278,290,594,657,1140,240,469,108,521,460,95,242,496,323,102,370,178,437,413,373,500,158,341
447,188,176,77,414,104,413,139,133,163,374,462,810,249,239,240,324,799,423,57,226,450,250,166,294,100,270,207,203,521,664,1173,242,407,101,455,426,82,231,471,280,96,315,181,354,415,276,435,156,280
205,176,36,34,224,44,186,62,75,79,181,210,330,123,98,101,152,355,203,19,103,209,117,74,106,48,132,91,98,269,303,594,108,183,44,197,178,35,102,199,117,40,152,67,149,187,119,195,77,151
85,77,34,5,84,15,83,22,28,48,80,90,141,60,46,59,60,127,86,10,47,98,65,33,54,27,63,49,39,108,117,221,52,61,18,102,79,11,42,81,48,17,62,30,64,67,49,82,26,77
484,414,224,84,239,114,475,171,158,242,444,575,963,353,256,293,361,894,542,51,286,539,327,213,359,151,339,238,294,647,771,1363,252,455,113,529,499,78,250,544,353,106,422,171,414,466,316,557,179,360
98,104,44,15,114,9,100,32,31,46,95,124,185,70,66,66,73,175,110,15,74,112,74,47,87,31,97,67,67,141,146,296,68,109,29,115,115,15,57,108,77,29,69,49,104,97,78,104,48,62
481,413,186,83,475,100,210,153,144,182,396,502,839,324,286,287,343,849,501,71,263,479,300,186,325,117,326,235,260,597,772,1323,287,438,115,531,456,74,247,497,325,90,375,169,384,416,308,473,213,325
167,139,62,22,171,32,153,23,43,74,149,153,277,97,95,93,101,258,160,20,82,161,84,65,100,36,99,63,80,195,242,421,88,152,32,136,150,33,62,181,120,24,122,56,138,141,94,147,51,95
194,133,75,28,158,31,144,43,27,60,126,189,286,89,101,102,109,303,163,26,96,174,116,59,90,36,95,75,90,211,256,436,93,156,39,162,150,24,79,173,110,31,130,70,120,146,96,162,71,110
251,163,79,48,242,46,182,74,60,47,170,240,376,154,116,132,165,362,199,29,110,230,122,88,144,60,138,94,107,232,317,537,114,192,40,231,221,46,111,236,145,41,159,67,173,201,152,229,75,146
463,374,181,80,444,95,396,149,126,170,189,470,748,304,216,231,304,752,432,44,263,464,243,164,291,100,285,223,216,530,622,1134,226,409,102,446,436,77,241,478,264,77,348,146,355,391,306,419,168,288
506,462,210,90,575,124,502,153,189,240,470,297,945,390,299,331,396,998,558,73,306,613,341,192,369,127,333,246,283,691,810,1622,312,535,118,617,513,89,297,571,400,111,415,215,455,533,387,602,205,382
763,810,330,141,963,185,839,277,286,376,748,945,755,643,514,547,651,1386,956,132,491,949,560,337,557,218,621,421,454,1134,1322,2334,476,879,214,937,823,147,413,942,584,173,661,348,741,821,576,929,321,589
361,249,123,60,353,70,324,97,89,154,304,390,643,103,176,196,250,626,329,38,164,362,184,112,219,85,210,128,179,393,511,884,181,300,69,353,353,62,173,359,217,48,258,120,256,316,207,364,126,218
309,239,98,46,256,66,286,95,101,116,216,299,514,176,68,134,199,505,284,29,149,288,155,123,174,74,184,132,150,341,420,757,150,257,56,255,288,44,143,288,169,67,216,104,244,239,178,281,107,187
289,240,101,59,293,66,287,93,102,132,231,331,547,196,134,86,236,513,293,33,156,289,170,121,160,84,196,140,153,342,454,818,161,278,65,272,310,46,143,300,180,67,257,94,222,287,174,316,118,176
337,324,152,60,361,73,343,101,109,165,304,396,651,250,199,236,129,620,394,56,208,377,225,146,232,100,251,166,195,450,567,1032,211,324,78,361,317,60,191,369,263,81,258,116,274,311,225,336,124,250
779,799,355,127,894,175,849,258,303,362,752,998,1386,626,505,513,620,755,959,131,486,887,579,372,594,227,610,430,455,1073,1358,2317,526,857,198,971,785,139,398,946,616,170,646,376,746,795,587,926,356,571
491,423,203,86,542,110,501,160,163,199,432,558,956,329,284,293,394,959,267,61,261,479,315,202,343,123,357,231,248,636,759,1418,308,481,118,554,456,96,284,520,358,103,418,180,394,490,333,503,183,341
77,57,19,10,51,15,71,20,26,29,44,73,132,38,29,33,56,131,61,2,31,65,49,27,35,12,30,32,31,82,97,207,42,52,14,66,51,11,29,60,31,13,54,21,51,53,44,69,34,49
314,226,103,47,286,74,263,82,96,110,263,306,491,164,149,156,208,486,261,31,75,294,157,113,169,72,195,125,137,367,439,801,170,274,67,288,251,43,135,293,178,50,201,99,224,248,169,282,114,206
510,450,209,98,539,112,479,161,174,230,464,613,949,362,288,289,377,887,479,65,294,260,337,206,332,117,371,260,283,616,784,1427,307,485,104,530,487,95,263,549,341,104,422,161,407,514,330,540,201,378
307,250,117,65,327,74,300,84,116,122,243,341,560,184,155,170,225,579,315,49,157,337,90,112,168,81,192,127,164,399,444,852,166,267,67,275,275,50,170,300,201,76,220,123,233,269,193,323,137,198
209,166,74,33,213,47,186,65,59,88,164,192,337,112,123,121,146,372,202,27,113,206,112,23,140,56,127,91,106,261,298,530,113,177,47,211,179,27,104,189,126,35,150,74,166,171,124,192,83,138
354,294,106,54,359,87,325,100,90,144,291,369,557,219,174,160,232,594,343,35,169,332,168,140,106,79,222,146,155,412,503,929,167,314,88,327,308,63,165,333,207,67,255,122,263,304,209,303,120,235
151,100,48,27,151,31,117,36,36,60,100,127,218,85,74,84,100,227,123,12,72,117,81,56,79,20,79,63,44,148,169,363,66,116,30,126,115,21,68,145,79,32,87,33,94,116,86,128,41,87
360,270,132,63,339,97,326,99,95,138,285,333,621,210,184,196,251,610,357,30,195,371,192,127,222,79,114,165,159,416,527,904,180,324,86,344,351,56,143,340,215,80,267,101,283,358,231,383,126,220
278,207,91,49,238,67,235,63,75,94,223,246,421,128,132,140,166,430,231,32,125,260,127,91,146,63,165,45,98,284,331,680,132,234,52,226,229,34,112,266,147,40,200,96,199,231,140,247,88,159
290,203,98,39,294,67,260,80,90,107,216,283,454,179,150,153,195,455,248,31,137,283,164,106,155,44,159,98,70,334,381,686,122,212,57,243,221,36,115,254,152,44,209,91,200,239,165,297,96,185
594,521,269,108,647,141,597,195,211,232,530,691,1134,393,341,342,450,1073,636,82,367,616,399,261,412,148,416,284,334,373,942,1720,346,576,125,694,599,98,302,666,409,130,476,237,490,538,407,635,239,422
657,664,303,117,771,146,772,242,256,317,622,810,1322,511,420,454,567,1358,759,97,439,784,444,298,503,169,527,331,381,942,593,2013,386,706,179,807,700,123,381,762,493,165,565,297,593,724,487,748,285,556
1140,1173,594,221,1363,296,1323,421,436,537,1134,1622,2334,884,757,818,1032,2317,1418,207,801,1427,852,530,929,363,904,680,686,1720,2013,1838,710,1285,341,1525,1312,246,665,1470,875,313,1050,529,1132,1240,895,1400,505,914
240,242,108,52,252,68,287,88,93,114,226,312,476,181,150,161,211,526,308,42,170,307,166,113,167,66,180,132,122,346,386,710,61,290,65,269,266,51,146,292,163,65,217,97,244,243,174,255,99,167
469,407,183,61,455,109,438,152,156,192,409,535,879,300,257,278,324,857,481,52,274,485,267,177,314,116,324,234,212,576,706,1285,290,235,88,480,441,67,229,490,323,94,383,163,385,433,262,505,144,334
108,101,44,18,113,29,115,32,39,40,102,118,214,69,56,65,78,198,118,14,67,104,67,47,88,30,86,52,57,125,179,341,65,88,11,119,112,19,56,117,90,23,79,50,106,97,87,119,38,57
521,455,197,102,529,115,531,136,162,231,446,617,937,353,255,272,361,971,554,66,288,530,275,211,327,126,344,226,243,694,807,1525,269,480,119,292,519,76,242,557,334,105,415,192,401,481,336,565,175,343
460,426,178,79,499,115,456,150,150,221,436,513,823,353,288,310,317,785,456,51,251,487,275,179,308,115,351,229,221,599,700,1312,266,441,112,519,243,76,221,472,289,92,340,170,412,465,290,490,167,310
95,82,35,11,78,15,74,33,24,46,77,89,147,62,44,46,60,139,96,11,43,95,50,27,63,21,56,34,36,98,123,246,51,67,19,76,76,10,41,91,72,16,72,31,62,83,48,74,32,55
242,231,102,42,250,57,247,62,79,111,241,297,413,173,143,143,191,398,284,29,135,263,170,104,165,68,143,112,115,302,381,665,146,229,56,242,221,41,65,288,169,57,207,89,193,227,159,240,94,166
496,471,199,81,544,108,497,181,173,236,478,571,942,359,288,300,369,946,520,60,293,549,300,189,333,145,340,266,254,666,762,1470,292,490,117,557,472,91,288,255,351,116,403,185,444,480,330,555,193,387
323,280,117,48,353,77,325,120,110,145,264,400,584,217,169,180,263,616,358,31,178,341,201,126,207,79,215,147,152,409,493,875,163,323,90,334,289,72,169,351,99,78,258,112,246,296,207,350,137,245
102,96,40,17,106,29,90,24,31,41,77,111,173,48,67,67,81,170,103,13,50,104,76,35,67,32,80,40,44,130,165,313,65,94,23,105,92,16,57,116,78,11,80,43,85,124,76,119,37,65
370,315,152,62,422,69,375,122,130,159,348,415,661,258,216,257,258,646,418,54,201,422,220,150,255,87,267,200,209,476,565,1050,217,383,79,415,340,72,207,403,258,80,133,155,303,366,222,398,141,208
178,181,67,30,171,49,169,56,70,67,146,215,348,120,104,94,116,376,180,21,99,161,123,74,122,33,101,96,91,237,297,529,97,163,50,192,170,31,89,185,112,43,155,34,134,160,105,183,69,124
437,354,149,64,414,104,384,138,120,173,355,455,741,256,244,222,274,746,394,51,224,407,233,166,263,94,283,199,200,490,593,1132,244,385,106,401,412,62,193,444,246,85,303,134,176,379,258,409,187,285
413,415,187,67,466,97,416,141,146,201,391,533,821,316,239,287,311,795,490,53,248,514,269,171,304,116,358,231,239,538,724,1240,243,433,97,481,465,83,227,480,296,124,366,160,379,202,301,435,164,327
373,276,119,49,316,78,308,94,96,152,306,387,576,207,178,174,225,587,333,44,169,330,193,124,209,86,231,140,165,407,487,895,174,262,87,336,290,48,159,330,207,76,222,105,258,301,97,321,135,204
500,435,195,82,557,104,473,147,162,229,419,602,929,364,281,316,336,926,503,69,282,540,323,192,303,128,383,247,297,635,748,1400,255,505,119,565,490,74,240,555,350,119,398,183,409,435,321,283,208,348
158,156,77,26,179,48,213,51,71,75,168,205,321,126,107,118,124,356,183,34,114,201,137,83,120,41,126,88,96,239,285,505,99,144,38,175,167,32,94,193,137,37,141,69,187,164,135,208,33,114
341,280,151,77,360,62,325,95,110,146,288,382,589,218,187,176,250,571,341,49,206,378,198,138,235,87,220,159,185,422,556,914,167,334,57,343,310,55,166,387,245,65,208,124,285,327,204,348,114,116
