281,472,238,99,532,110,495,183,154,244,430,491,781,377,329,319,348,787,502,76,327,481,362,199,358,164,384,280,295,643,688,1135,237,512,94,512,527,70,250,478,275,92,381,178,426,418,321,481,160,342
472,193,145,76,476,102,419,114,124,163,363,474,819,284,216,248,319,815,446,53,222,466,278,176,304,110,287,196,220,556,695,1182,244,417,104,448,419,70,205,483,282,97,348,148,354,379,258,467,163,320
238,145,32,38,180,50,201,60,53,77,161,218,365,134,94,93,120,389,202,19,124,188,118,86,121,51,141,93,88,265,307,536,102,181,55,208,189,30,107,173,101,47,154,65,163,182,141,219,83,110
99,76,38,5,93,20,81,28,35,36,78,93,148,59,51,61,60,133,79,9,62,94,52,41,58,29,60,41,52,102,114,197,44,74,21,87,97,21,38,92,69,20,68,30,79,66,66,78,24,66
532,476,180,93,254,120,501,168,167,211,462,583,957,349,257,288,331,972,509,67,277,493,313,228,347,140,362,238,231,661,786,1404,271,459,107,542,462,110,245,560,334,110,384,199,434,495,318,566,219,320
110,102,50,20,120,11,104,35,37,46,97,125,196,77,69,82,94,187,111,17,80,120,68,51,74,31,80,49,71,142,161,274,57,112,28,125,123,16,58,125,85,24,82,44,90,86,64,108,39,90
495,419,201,81,501,104,228,136,150,194,398,590,834,306,273,312,362,869,492,55,299,497,272,189,366,136,340,228,265,626,703,1294,246,459,113,500,472,93,214,523,346,96,408,199,427,465,307,498,168,317
183,114,60,28,168,35,136,21,47,70,157,160,289,109,85,85,117,310,178,24,90,175,68,51,74,39,99,67,98,199,278,468,89,143,41,149,135,20,74,161,96,38,114,53,116,148,89,166,63,88
154,124,53,35,167,37,150,47,19,57,137,198,322,107,108,94,114,331,171,22,91,154,93,67,103,44,103,76,89,226,218,457,75,159,40,177,158,23,62,153,98,36,114,62,130,152,97,195,62,101
244,163,77,36,211,46,194,70,57,52,167,229,353,130,108,119,147,357,203,27,127,181,139,91,128,51,144,104,112,254,300,555,94,183,40,229,205,26,92,234,125,48,173,91,156,193,136,225,72,152
430,363,161,78,462,97,398,157,137,167,166,473,762,288,219,260,313,754,439,73,240,410,275,178,267,98,261,202,226,536,618,1133,217,407,91,461,418,59,213,415,265,99,341,149,341,415,257,445,154,303
491,474,218,93,583,125,590,160,198,229,473,296,992,382,286,298,398,994,584,78,290,624,323,228,379,149,408,247,271,724,819,1519,293,547,138,608,523,94,281,638,379,114,449,213,460,539,381,577,225,371
781,819,365,148,957,196,834,289,322,353,762,992,780,563,456,501,699,1460,920,123,468,933,517,336,586,232,619,440,466,1165,1372,2390,469,856,221,1033,760,171,450,992,594,166,735,335,709,836,575,925,329,636
377,284,134,59,349,77,306,109,107,130,288,382,563,104,184,197,257,559,313,46,193,334,197,137,224,72,221,157,166,369,507,900,176,344,73,340,321,53,158,348,223,64,244,106,275,318,194,369,138,207
329,216,94,51,257,69,273,85,108,108,219,286,456,184,89,138,189,491,279,27,137,282,180,103,180,58,192,117,124,324,413,783,153,260,66,293,244,33,116,281,169,63,185,88,222,240,168,253,119,176
319,248,93,61,288,82,312,85,94,119,260,298,501,197,138,61,219,541,297,26,151,297,192,120,191,63,214,128,141,341,436,782,150,297,63,316,272,45,131,306,181,60,209,112,257,263,193,290,114,182
348,319,120,60,331,94,362,117,114,147,313,398,699,257,189,219,109,672,374,48,234,383,227,141,255,93,287,178,199,471,538,976,187,384,78,366,352,63,174,378,242,78,263,136,286,331,220,381,127,234
787,815,389,133,972,187,869,310,331,357,754,994,1460,559,491,541,672,790,891,109,474,929,499,340,588,253,641,427,448,1162,1411,2428,486,827,239,992,790,164,454,977,587,178,712,340,708,830,584,939,331,665
502,446,202,79,509,111,492,178,171,203,439,584,920,313,279,297,374,891,254,74,274,513,320,228,364,150,390,256,258,616,815,1453,290,480,133,552,455,86,268,543,314,116,382,189,440,435,308,564,184,380
76,53,19,9,67,17,55,24,22,27,73,78,123,46,27,26,48,109,74,3,41,70,40,30,41,13,34,28,34,70,105,187,32,53,11,70,64,5,34,81,39,13,37,21,46,61,39,82,31,54
327,222,124,62,277,80,299,90,91,127,240,290,468,193,137,151,234,474,274,41,81,269,170,107,168,64,171,142,112,342,423,736,130,263,57,250,255,38,148,313,194,43,202,123,251,277,162,296,99,190
481,466,188,94,493,120,497,175,154,181,410,624,933,334,282,297,383,929,513,70,269,268,325,208,349,121,344,268,261,641,761,1436,270,520,123,567,491,93,256,561,336,106,358,166,415,469,334,536,180,312
362,278,118,52,313,68,272,68,93,139,275,323,517,197,180,192,227,499,320,40,170,325,93,113,226,69,205,135,151,350,443,809,156,282,72,314,274,36,127,309,219,67,221,103,262,287,196,338,113,201
199,176,86,41,228,51,189,51,67,91,178,228,336,137,103,120,141,340,228,30,107,208,113,38,148,55,128,99,105,266,320,549,92,185,39,203,177,37,79,203,133,32,158,58,159,187,114,208,64,137
358,304,121,58,347,74,366,74,103,128,267,379,586,224,180,191,255,588,364,41,168,349,226,148,114,73,201,130,169,431,517,918,182,310,64,346,325,47,155,334,222,50,240,121,267,326,183,336,140,238
164,110,51,29,140,31,136,39,44,51,98,149,232,72,58,63,93,253,150,13,64,121,69,55,73,12,72,62,59,157,180,346,58,123,30,122,115,15,56,124,79,21,122,41,95,106,62,141,45,79
384,287,141,60,362,80,340,99,103,144,261,408,619,221,192,214,287,641,390,34,171,344,205,128,201,72,112,150,167,440,534,921,172,321,82,347,338,44,166,360,212,54,275,123,261,301,196,341,139,252
280,196,93,41,238,49,228,67,76,104,202,247,440,157,117,128,178,427,256,28,142,268,135,99,130,62,150,43,109,294,352,693,119,232,51,243,224,39,104,261,133,52,199,86,179,228,150,248,97,162
295,220,88,52,231,71,265,98,89,112,226,271,466,166,124,141,199,448,258,34,112,261,151,105,169,59,167,109,57,301,415,672,118,247,60,244,257,41,132,235,156,42,189,85,217,240,149,283,100,186
643,556,265,102,661,142,626,199,226,254,536,724,1165,369,324,341,471,1162,616,70,342,641,350,266,431,157,440,294,301,414,954,1836,390,582,148,660,586,99,300,628,397,116,511,238,496,606,413,668,258,435
688,695,307,114,786,161,703,278,218,300,618,819,1372,507,413,436,538,1411,815,105,423,761,443,320,517,180,534,352,415,954,563,2109,460,713,168,799,713,121,391,856,497,171,605,269,624,667,471,777,308,513
1135,1182,536,197,1404,274,1294,468,457,555,1133,1519,2390,900,783,782,976,2428,1453,187,736,1436,809,549,918,346,921,693,672,1836,2109,1891,761,1292,320,1555,1247,257,715,1562,967,284,1087,526,1144,1288,918,1370,479,953
237,244,102,44,271,57,246,89,75,94,217,293,469,176,153,150,187,486,290,32,130,270,156,92,182,58,172,119,118,390,460,761,71,264,71,317,214,52,148,286,192,55,197,88,214,266,191,296,93,178
512,417,181,74,459,112,459,143,159,183,407,547,856,344,260,297,384,827,480,53,263,520,282,185,310,123,321,232,247,582,713,1292,264,225,96,537,449,83,208,484,312,101,361,179,403,445,313,522,171,361
94,104,55,21,107,28,113,41,40,40,91,138,221,73,66,63,78,239,133,11,57,123,72,39,64,30,82,51,60,148,168,320,71,96,18,117,102,15,54,121,69,19,86,39,100,97,82,117,54,78
512,448,208,87,542,125,500,149,177,229,461,608,1033,340,293,316,366,992,552,70,250,567,314,203,346,122,347,243,244,660,799,1555,317,537,117,277,511,84,260,599,356,109,426,213,418,526,310,592,218,348
527,419,189,97,462,123,472,135,158,205,418,523,760,321,244,272,352,790,455,64,255,491,274,177,325,115,338,224,257,586,713,1247,214,449,102,511,246,95,230,518,338,111,364,172,402,430,278,502,174,336
70,70,30,21,110,16,93,20,23,26,59,94,171,53,33,45,63,164,86,5,38,93,36,37,47,15,44,39,41,99,121,257,52,83,15,84,95,6,47,84,47,14,68,32,58,87,61,84,27,46
250,205,107,38,245,58,214,74,62,92,213,281,450,158,116,131,174,454,268,34,148,256,127,79,155,56,166,104,132,300,391,715,148,208,54,260,230,47,59,273,175,53,203,92,177,239,153,241,107,156
478,483,173,92,560,125,523,161,153,234,415,638,992,348,281,306,378,977,543,81,313,561,309,203,334,124,360,261,235,628,856,1562,286,484,121,599,518,84,273,299,367,121,415,201,413,457,314,577,177,371
275,282,101,69,334,85,346,96,98,125,265,379,594,223,169,181,242,587,314,39,194,336,219,133,222,79,212,133,156,397,497,967,192,312,69,356,338,47,175,367,98,61,253,123,279,342,208,357,126,213
92,97,47,20,110,24,96,38,36,48,99,114,166,64,63,60,78,178,116,13,43,106,67,32,50,21,54,52,42,116,171,284,55,101,19,109,111,14,53,121,61,12,83,34,61,92,65,102,35,78
381,348,154,68,384,82,408,114,114,173,341,449,735,244,185,209,263,712,382,37,202,358,221,158,240,122,275,199,189,511,605,1087,197,361,86,426,364,68,203,415,253,83,141,160,300,356,229,406,132,273
178,148,65,30,199,44,199,53,62,91,149,213,335,106,88,112,136,340,189,21,123,166,103,58,121,41,123,86,85,238,269,526,88,179,39,213,172,32,92,201,123,34,160,48,138,169,108,204,60,125
426,354,163,79,434,90,427,116,130,156,341,460,709,275,222,257,286,708,440,46,251,415,262,159,267,95,261,179,217,496,624,1144,214,403,100,418,402,58,177,413,279,61,300,138,184,399,243,447,159,277
418,379,182,66,495,86,465,148,152,193,415,539,836,318,240,263,331,830,435,61,277,469,287,187,326,106,301,228,240,606,667,1288,266,445,97,526,430,87,239,457,342,92,356,169,399,199,301,502,174,340
321,258,141,66,318,64,307,89,97,136,257,381,575,194,168,193,220,584,308,39,162,334,196,114,183,62,196,150,149,413,471,918,191,313,82,310,278,61,153,314,208,65,229,108,243,301,86,323,128,223
481,467,219,78,566,108,498,166,195,225,445,577,925,369,253,290,381,939,564,82,296,536,338,208,336,141,341,248,283,668,777,1370,296,522,117,592,502,84,241,577,357,102,406,204,447,502,323,273,213,353
160,163,83,24,219,39,168,63,62,72,154,225,329,138,119,114,127,331,184,31,99,180,113,64,140,45,139,97,100,258,308,479,93,171,54,218,174,27,107,177,126,35,132,60,159,174,128,213,27,128
342,320,110,66,320,90,317,88,101,152,303,371,636,207,176,182,234,665,380,54,190,312,201,137,238,79,252,162,186,435,513,953,178,361,78,348,336,46,156,371,213,78,273,125,277,340,223,353,128,114
