273,423,205,74,499,91,439,182,173,229,437,555,796,362,315,304,372,802,472,55,313,479,331,203,333,146,377,284,298,586,649,1155,224,473,102,503,486,92,264,455,320,102,374,180,423,424,320,464,169,372
423,175,167,67,438,97,395,104,154,187,394,465,789,287,225,217,313,776,431,43,236,437,244,164,274,116,285,221,195,553,719,1184,244,361,98,465,410,95,223,454,275,80,307,158,330,430,279,481,164,289
205,167,42,32,209,49,218,53,55,82,163,231,372,126,100,100,132,353,197,18,92,215,121,91,121,63,143,106,93,233,294,578,109,207,55,214,203,33,97,200,149,46,142,75,165,189,107,200,83,145
74,67,32,3,75,14,62,24,26,28,66,74,140,46,60,79,59,143,74,8,59,72,47,32,57,27,64,45,41,105,108,194,36,77,18,88,74,14,39,87,63,16,61,37,66,69,45,76,26,57
499,438,209,75,243,101,509,140,149,218,426,543,896,308,273,296,354,914,540,57,278,496,309,240,353,152,368,221,264,643,745,1293,297,490,117,562,462,83,250,550,306,99,384,192,425,444,305,531,168,375
91,97,49,14,101,8,88,26,44,43,94,118,193,76,78,78,71,191,126,16,68,101,86,46,72,32,72,80,59,153,156,274,40,95,25,105,89,18,57,103,75,18,57,37,81,99,69,98,35,74
439,395,218,62,509,88,223,133,160,210,422,552,881,316,261,279,333,842,465,68,258,460,297,177,338,116,343,242,251,580,709,1291,262,462,94,503,409,92,250,505,318,104,337,169,389,474,314,468,173,307
182,104,53,24,140,26,133,22,53,72,148,173,258,89,76,85,89,259,153,23,88,161,98,45,97,38,97,62,80,185,220,431,84,130,35,173,154,26,77,162,105,22,123,66,115,160,81,163,76,123
173,154,55,26,149,44,160,53,30,74,149,204,322,102,85,90,112,320,162,19,89,178,102,75,108,43,127,75,73,192,256,475,101,164,44,152,160,28,93,192,95,26,121,59,122,149,110,171,66,118
229,187,82,28,218,43,210,72,74,58,161,241,371,147,108,113,132,391,232,27,108,222,138,93,146,50,137,97,123,266,323,569,120,169,37,205,172,38,105,246,143,34,175,92,180,190,143,227,82,134
437,394,163,66,426,94,422,148,149,161,176,516,751,280,231,228,291,783,430,56,239,428,246,195,283,117,323,204,241,550,649,1071,223,376,99,469,402,65,240,453,285,70,329,158,348,374,280,437,155,277
555,465,231,74,543,118,552,173,204,241,516,276,980,333,272,312,426,969,564,69,310,549,346,233,366,135,362,259,274,676,879,1517,314,528,131,608,484,87,286,616,370,137,401,197,478,508,338,597,200,395
796,789,372,140,896,193,881,258,322,371,751,980,810,558,466,502,653,1413,915,105,496,884,519,345,605,269,621,404,470,1083,1340,2347,473,866,199,961,803,150,442,968,622,186,696,335,726,799,573,901,314,592
362,287,126,46,308,76,316,89,102,147,280,333,558,99,188,189,243,581,393,57,195,370,212,136,252,83,227,153,179,433,532,927,166,314,89,361,286,55,163,386,235,68,276,128,267,311,191,320,124,250
315,225,100,60,273,78,261,76,85,108,231,272,466,188,68,127,180,477,285,29,147,277,156,118,175,64,173,112,140,317,376,743,145,279,66,278,276,45,131,290,170,55,209,102,222,253,175,252,99,184
304,217,100,79,296,78,279,85,90,113,228,312,502,189,127,82,225,528,276,35,131,295,175,116,175,58,174,119,154,336,442,810,151,316,66,305,281,54,155,319,199,55,241,98,226,283,174,301,103,198
372,313,132,59,354,71,333,89,112,132,291,426,653,243,180,225,122,656,349,53,228,345,239,149,229,98,247,170,184,473,547,965,199,378,80,332,332,58,154,360,234,71,315,128,275,315,238,358,132,241
802,776,353,143,914,191,842,259,320,391,783,969,1413,581,477,528,656,733,935,115,471,946,500,335,581,251,580,399,468,1071,1364,2371,471,864,186,945,789,149,445,954,577,195,665,331,694,797,584,932,315,634
472,431,197,74,540,126,465,153,162,232,430,564,915,393,285,276,349,935,246,72,258,484,309,214,340,130,322,240,283,627,763,1425,270,492,116,493,456,98,230,563,316,98,415,180,408,512,340,507,182,337
55,43,18,8,57,16,68,23,19,27,56,69,105,57,29,35,53,115,72,1,33,62,38,37,34,14,38,32,34,100,95,200,32,58,19,57,57,14,34,62,39,16,53,25,58,64,31,61,31,42
313,236,92,59,278,68,258,88,89,108,239,310,496,195,147,131,228,471,258,33,67,271,159,110,178,49,156,132,117,308,405,818,143,250,56,288,264,41,151,283,170,67,234,100,226,257,161,298,117,202
479,437,215,72,496,101,460,161,178,222,428,549,884,370,277,295,345,946,484,62,271,247,316,215,333,149,368,232,253,637,813,1403,280,471,106,522,447,104,244,587,323,94,405,195,422,509,335,499,184,346
331,244,121,47,309,86,297,98,102,138,246,346,519,212,156,175,239,500,309,38,159,316,84,136,159,87,195,117,137,359,424,820,163,286,66,295,279,44,158,315,217,70,224,116,221,254,188,318,99,199
203,164,91,32,240,46,177,45,75,93,195,233,345,136,118,116,149,335,214,37,110,215,136,33,150,54,147,107,96,256,304,515,102,180,39,201,194,40,99,192,135,40,148,71,167,190,146,219,71,140
333,274,121,57,353,72,338,97,108,146,283,366,605,252,175,175,229,581,340,34,178,333,159,150,100,100,229,135,160,392,464,913,180,296,82,354,320,38,170,354,226,60,237,119,265,302,215,327,123,211
146,116,63,27,152,32,116,38,43,50,117,135,269,83,64,58,98,251,130,14,49,149,87,54,100,17,79,64,51,150,223,375,77,118,23,138,123,18,73,125,87,29,100,53,121,129,89,146,55,87
377,285,143,64,368,72,343,97,127,137,323,362,621,227,173,174,247,580,322,38,156,368,195,147,229,79,115,154,157,429,525,941,180,326,67,374,322,48,167,356,218,67,245,124,297,326,231,372,135,243
284,221,106,45,221,80,242,62,75,97,204,259,404,153,112,119,170,399,240,32,132,232,117,107,135,64,154,56,123,274,356,662,105,225,57,232,227,26,135,230,146,53,181,78,155,199,125,235,91,123
298,195,93,41,264,59,251,80,73,123,241,274,470,179,140,154,184,468,283,34,117,253,137,96,160,51,157,123,61,324,353,746,125,217,61,294,245,44,128,269,162,47,228,80,205,229,171,271,104,189
586,553,233,105,643,153,580,185,192,266,550,676,1083,433,317,336,473,1071,627,100,308,637,359,256,392,150,429,274,324,374,933,1735,346,607,157,661,581,96,304,680,385,130,477,242,513,574,398,680,224,430
649,719,294,108,745,156,709,220,256,323,649,879,1340,532,376,442,547,1364,763,95,405,813,424,304,464,223,525,356,353,933,567,1988,371,734,186,763,721,134,364,785,467,132,581,270,588,734,460,721,274,517
1155,1184,578,194,1293,274,1291,431,475,569,1071,1517,2347,927,743,810,965,2371,1425,200,818,1403,820,515,913,375,941,662,746,1735,1988,1842,742,1302,309,1445,1220,244,661,1406,910,305,1005,495,1057,1229,867,1407,466,918
224,244,109,36,297,40,262,84,101,120,223,314,473,166,145,151,199,471,270,32,143,280,163,102,180,77,180,105,125,346,371,742,70,234,63,285,238,40,142,299,173,62,211,108,217,244,155,287,73,191
473,361,207,77,490,95,462,130,164,169,376,528,866,314,279,316,378,864,492,58,250,471,286,180,296,118,326,225,217,607,734,1302,234,223,114,498,428,82,226,484,292,89,356,161,354,447,287,463,179,302
102,98,55,18,117,25,94,35,44,37,99,131,199,89,66,66,80,186,116,19,56,106,66,39,82,23,67,57,61,157,186,309,63,114,12,119,102,18,53,112,70,22,78,32,95,93,75,114,41,80
503,465,214,88,562,105,503,173,152,205,469,608,961,361,278,305,332,945,493,57,288,522,295,201,354,138,374,232,294,661,763,1445,285,498,119,263,475,89,269,572,362,110,409,225,413,502,344,547,196,343
486,410,203,74,462,89,409,154,160,172,402,484,803,286,276,281,332,789,456,57,264,447,279,194,320,123,322,227,245,581,721,1220,238,428,102,475,213,90,235,523,299,84,342,164,406,413,271,450,158,303
92,95,33,14,83,18,92,26,28,38,65,87,150,55,45,54,58,149,98,14,41,104,44,40,38,18,48,26,44,96,134,244,40,82,18,89,90,8,39,90,55,15,51,38,70,80,61,95,29,53
264,223,97,39,250,57,250,77,93,105,240,286,442,163,131,155,154,445,230,34,151,244,158,99,170,73,167,135,128,304,364,661,142,226,53,269,235,39,58,252,157,42,181,94,196,263,141,279,83,189
455,454,200,87,550,103,505,162,192,246,453,616,968,386,290,319,360,954,563,62,283,587,315,192,354,125,356,230,269,680,785,1406,299,484,112,572,523,90,252,283,323,114,359,198,412,512,384,484,194,382
320,275,149,63,306,75,318,105,95,143,285,370,622,235,170,199,234,577,316,39,170,323,217,135,226,87,218,146,162,385,467,910,173,292,70,362,299,55,157,323,103,72,247,124,261,298,216,340,114,222
102,80,46,16,99,18,104,22,26,34,70,137,186,68,55,55,71,195,98,16,67,94,70,40,60,29,67,53,47,130,132,305,62,89,22,110,84,15,42,114,72,7,88,38,96,113,67,109,39,73
374,307,142,61,384,57,337,123,121,175,329,401,696,276,209,241,315,665,415,53,234,405,224,148,237,100,245,181,228,477,581,1005,211,356,78,409,342,51,181,359,247,88,138,143,315,356,245,379,136,283
180,158,75,37,192,37,169,66,59,92,158,197,335,128,102,98,128,331,180,25,100,195,116,71,119,53,124,78,80,242,270,495,108,161,32,225,164,38,94,198,124,38,143,34,161,173,139,200,67,126
423,330,165,66,425,81,389,115,122,180,348,478,726,267,222,226,275,694,408,58,226,422,221,167,265,121,297,155,205,513,588,1057,217,354,95,413,406,70,196,412,261,96,315,161,178,369,276,403,154,292
424,430,189,69,444,99,474,160,149,190,374,508,799,311,253,283,315,797,512,64,257,509,254,190,302,129,326,199,229,574,734,1229,244,447,93,502,413,80,263,512,298,113,356,173,369,215,303,461,150,311
320,279,107,45,305,69,314,81,110,143,280,338,573,191,175,174,238,584,340,31,161,335,188,146,215,89,231,125,171,398,460,867,155,287,75,344,271,61,141,384,216,67,245,139,276,303,95,300,127,203
464,481,200,76,531,98,468,163,171,227,437,597,901,320,252,301,358,932,507,61,298,499,318,219,327,146,372,235,271,680,721,1407,287,463,114,547,450,95,279,484,340,109,379,200,403,461,300,267,190,345
169,164,83,26,168,35,173,76,66,82,155,200,314,124,99,103,132,315,182,31,117,184,99,71,123,55,135,91,104,224,274,466,73,179,41,196,158,29,83,194,114,39,136,67,154,150,127,190,27,108
372,289,145,57,375,74,307,123,118,134,277,395,592,250,184,198,241,634,337,42,202,346,199,140,211,87,243,123,189,430,517,918,191,302,80,343,303,53,189,382,222,73,283,126,292,311,203,345,108,126
