260,456,223,101,549,114,489,166,171,263,439,487,842,384,286,331,339,858,522,64,312,518,377,224,395,152,392,270,301,640,730,1203,252,494,124,506,481,82,237,464,327,115,373,182,463,432,343,516,167,371
456,182,147,70,488,98,413,131,143,178,379,509,771,276,229,259,328,769,439,52,209,454,248,174,275,110,273,219,209,520,688,1240,243,409,105,465,411,62,223,466,293,90,312,150,355,418,271,428,169,308
223,147,44,35,218,38,189,65,66,76,195,227,364,132,92,98,137,341,216,36,100,243,124,74,136,42,133,78,104,222,330,579,118,185,46,209,186,37,92,220,126,34,141,64,167,199,122,208,75,157
101,70,35,4,85,8,71,39,24,42,66,93,151,70,51,56,63,162,89,17,42,85,63,40,67,22,47,41,53,89,115,218,44,94,19,95,96,9,51,78,50,21,61,23,67,74,46,75,32,63
549,488,218,85,263,124,490,151,174,194,434,581,898,295,278,318,377,914,553,73,290,532,309,194,355,125,366,257,257,638,724,1464,281,460,136,526,451,85,249,535,363,98,375,202,417,482,316,534,198,361
114,98,38,8,124,3,100,37,35,61,106,115,184,72,65,84,73,205,115,18,58,119,66,46,80,32,70,51,71,146,163,286,64,112,28,121,110,16,59,115,69,22,90,43,95,98,66,105,39,68
489,413,189,71,490,100,228,154,167,198,416,516,901,312,243,270,369,877,503,65,230,475,283,179,324,147,321,229,230,589,708,1355,276,463,117,500,449,84,265,487,313,107,408,180,364,451,301,484,173,288
166,131,65,39,151,37,154,27,38,66,126,153,258,96,75,82,107,266,166,19,91,162,89,56,98,33,100,66,70,176,259,399,83,155,26,165,160,21,76,155,105,33,121,54,124,162,113,155,57,109
171,143,66,24,174,35,167,38,23,62,135,186,288,107,84,90,123,286,157,19,85,178,105,84,129,41,121,77,76,209,226,499,101,163,39,175,150,36,65,162,109,28,121,63,128,147,87,164,61,113
263,178,76,42,194,61,198,66,62,41,160,212,387,148,94,140,147,366,203,24,108,190,107,70,130,55,132,98,111,238,309,555,113,195,54,199,198,28,100,181,130,43,156,65,161,186,131,230,73,145
439,379,195,66,434,106,416,126,135,160,165,474,776,289,218,258,305,753,445,62,231,418,247,157,261,121,292,220,208,544,627,1157,240,411,105,455,407,69,209,405,277,101,309,157,357,412,264,452,150,277
487,509,227,93,581,115,516,153,186,212,474,315,1028,343,294,295,368,1067,534,85,302,513,296,215,337,146,368,277,283,720,828,1600,324,535,143,590,523,98,273,626,391,123,440,216,433,545,364,557,224,365
842,771,364,151,898,184,901,258,288,387,776,1028,834,586,508,539,655,1540,934,129,503,909,552,349,566,197,565,432,439,1189,1406,2554,512,866,202,1009,861,157,427,1009,617,188,708,366,739,857,558,988,351,621
384,276,132,70,295,72,312,96,107,148,289,343,586,111,196,199,249,585,303,47,167,321,203,127,213,89,205,150,165,379,500,917,174,300,68,324,320,49,163,343,208,70,269,118,267,304,185,335,129,224
286,229,92,51,278,65,243,75,84,94,218,294,508,196,60,132,179,481,260,37,142,296,168,117,176,71,194,121,113,312,397,717,135,248,64,276,261,47,121,294,176,46,204,99,209,237,162,270,114,181
331,259,98,56,318,84,270,82,90,140,258,295,539,199,132,80,224,540,303,38,169,313,181,124,189,68,188,130,133,358,474,780,162,255,62,297,258,52,139,324,190,50,211,114,229,259,171,294,118,210
339,328,137,63,377,73,369,107,123,147,305,368,655,249,179,224,114,691,370,49,201,381,235,136,243,101,263,164,169,454,547,988,193,356,86,363,329,62,171,375,254,76,266,123,300,370,238,417,149,255
858,769,341,162,914,205,877,266,286,366,753,1067,1540,585,481,540,691,828,915,116,503,952,526,330,564,210,596,409,449,1142,1458,2518,489,882,203,1000,843,183,467,982,599,201,655,330,707,885,582,934,358,605
522,439,216,89,553,115,503,166,157,203,445,534,934,303,260,303,370,915,261,74,262,514,325,177,345,131,353,221,240,658,749,1416,269,492,124,521,492,74,270,574,349,101,379,192,418,471,317,533,197,336
64,52,36,17,73,18,65,19,19,24,62,85,129,47,37,38,49,116,74,5,34,72,36,17,38,9,37,29,38,68,98,187,34,73,9,66,60,11,34,58,42,7,41,25,41,61,37,58,33,44
312,209,100,42,290,58,230,91,85,108,231,302,503,167,142,169,201,503,262,34,70,294,177,114,170,69,176,95,129,308,431,798,162,229,65,266,252,46,126,290,162,57,206,95,207,268,160,292,97,200
518,454,243,85,532,119,475,162,178,190,418,513,909,321,296,313,381,952,514,72,294,244,306,189,340,132,343,240,274,661,759,1460,282,482,109,552,454,74,252,544,351,114,366,208,397,451,330,515,187,368
377,248,124,63,309,66,283,89,105,107,247,296,552,203,168,181,235,526,325,36,177,306,103,110,160,89,202,135,157,360,463,853,165,304,65,324,298,47,154,325,198,59,249,112,229,308,171,295,116,181
224,174,74,40,194,46,179,56,84,70,157,215,349,127,117,124,136,330,177,17,114,189,110,29,128,44,120,93,90,228,285,589,99,188,36,220,186,29,105,211,135,40,144,71,162,188,122,209,73,131
395,275,136,67,355,80,324,98,129,130,261,337,566,213,176,189,243,564,345,38,170,340,160,128,110,83,209,145,168,388,521,954,185,314,73,365,317,62,154,339,215,67,279,123,251,295,218,335,132,240
152,110,42,22,125,32,147,33,41,55,121,146,197,89,71,68,101,210,131,9,69,132,89,44,83,21,72,60,71,131,188,344,73,133,41,155,112,15,62,117,84,21,103,41,102,126,75,139,49,96
392,273,133,47,366,70,321,100,121,132,292,368,565,205,194,188,263,596,353,37,176,343,202,120,209,72,95,158,160,408,487,920,178,308,90,358,289,48,172,350,239,69,298,123,239,315,215,372,126,218
270,219,78,41,257,51,229,66,77,98,220,277,432,150,121,130,164,409,221,29,95,240,135,93,145,60,158,53,119,285,327,666,133,226,44,212,221,32,135,245,134,41,165,87,196,233,136,254,92,153
301,209,104,53,257,71,230,70,76,111,208,283,439,165,113,133,169,449,240,38,129,274,157,90,168,71,160,119,60,299,378,658,124,248,59,247,243,51,129,257,165,52,202,103,196,221,147,242,102,171
640,520,222,89,638,146,589,176,209,238,544,720,1189,379,312,358,454,1142,658,68,308,661,360,228,388,131,408,285,299,380,969,1839,347,601,160,675,588,103,322,687,444,117,512,247,507,613,360,686,254,419
730,688,330,115,724,163,708,259,226,309,627,828,1406,500,397,474,547,1458,749,98,431,759,463,285,521,188,487,327,378,969,575,2189,424,684,187,829,681,139,364,829,527,152,544,302,624,690,501,753,258,537
1203,1240,579,218,1464,286,1355,399,499,555,1157,1600,2554,917,717,780,988,2518,1416,187,798,1460,853,589,954,344,920,666,658,1839,2189,2030,824,1331,312,1580,1337,274,678,1524,937,311,990,550,1096,1354,925,1383,510,910
252,243,118,44,281,64,276,83,101,113,240,324,512,174,135,162,193,489,269,34,162,282,165,99,185,73,178,133,124,347,424,824,77,278,63,306,278,52,118,306,179,58,232,110,205,252,181,289,107,182
494,409,185,94,460,112,463,155,163,195,411,535,866,300,248,255,356,882,492,73,229,482,304,188,314,133,308,226,248,601,684,1331,278,222,105,455,446,71,279,475,324,101,358,193,364,447,294,489,210,305
124,105,46,19,136,28,117,26,39,54,105,143,202,68,64,62,86,203,124,9,65,109,65,36,73,41,90,44,59,160,187,312,63,105,11,127,97,18,44,121,83,26,95,56,85,104,67,145,45,74
506,465,209,95,526,121,500,165,175,199,455,590,1009,324,276,297,363,1000,521,66,266,552,324,220,365,155,358,212,247,675,829,1580,306,455,127,278,475,90,262,607,351,107,397,203,411,481,328,614,219,360
481,411,186,96,451,110,449,160,150,198,407,523,861,320,261,258,329,843,492,60,252,454,298,186,317,112,289,221,243,588,681,1337,278,446,97,475,201,59,232,495,322,95,373,189,384,438,292,463,181,331
82,62,37,9,85,16,84,21,36,28,69,98,157,49,47,52,62,183,74,11,46,74,47,29,62,15,48,32,51,103,139,274,52,71,18,90,59,7,34,107,53,10,66,39,75,73,70,90,31,53
237,223,92,51,249,59,265,76,65,100,209,273,427,163,121,139,171,467,270,34,126,252,154,105,154,62,172,135,129,322,364,678,118,279,44,262,232,34,65,274,184,60,196,92,203,233,157,267,99,168
464,466,220,78,535,115,487,155,162,181,405,626,1009,343,294,324,375,982,574,58,290,544,325,211,339,117,350,245,257,687,829,1524,306,475,121,607,495,107,274,280,391,126,360,215,444,534,349,548,204,348
327,293,126,50,363,69,313,105,109,130,277,391,617,208,176,190,254,599,349,42,162,351,198,135,215,84,239,134,165,444,527,937,179,324,83,351,322,53,184,391,100,71,249,145,243,363,197,362,118,212
115,90,34,21,98,22,107,33,28,43,101,123,188,70,46,50,76,201,101,7,57,114,59,40,67,21,69,41,52,117,152,311,58,101,26,107,95,10,60,126,71,11,86,41,75,87,74,116,35,64
373,312,141,61,375,90,408,121,121,156,309,440,708,269,204,211,266,655,379,41,206,366,249,144,279,103,298,165,202,512,544,990,232,358,95,397,373,66,196,360,249,86,137,159,321,333,272,414,168,273
182,150,64,23,202,43,180,54,63,65,157,216,366,118,99,114,123,330,192,25,95,208,112,71,123,41,123,87,103,247,302,550,110,193,56,203,189,39,92,215,145,41,159,34,160,190,122,204,75,149
463,355,167,67,417,95,364,124,128,161,357,433,739,267,209,229,300,707,418,41,207,397,229,162,251,102,239,196,196,507,624,1096,205,364,85,411,384,75,203,444,243,75,321,160,166,391,239,418,131,259
432,418,199,74,482,98,451,162,147,186,412,545,857,304,237,259,370,885,471,61,268,451,308,188,295,126,315,233,221,613,690,1354,252,447,104,481,438,73,233,534,363,87,333,190,391,220,316,452,170,341
343,271,122,46,316,66,301,113,87,131,264,364,558,185,162,171,238,582,317,37,160,330,171,122,218,75,215,136,147,360,501,925,181,294,67,328,292,70,157,349,197,74,272,122,239,316,96,343,137,220
516,428,208,75,534,105,484,155,164,230,452,557,988,335,270,294,417,934,533,58,292,515,295,209,335,139,372,254,242,686,753,1383,289,489,145,614,463,90,267,548,362,116,414,204,418,452,343,294,198,348
167,169,75,32,198,39,173,57,61,73,150,224,351,129,114,118,149,358,197,33,97,187,116,73,132,49,126,92,102,254,258,510,107,210,45,219,181,31,99,204,118,35,168,75,131,170,137,198,38,118
371,308,157,63,361,68,288,109,113,145,277,365,621,224,181,210,255,605,336,44,200,368,181,131,240,96,218,153,171,419,537,910,182,305,74,360,331,53,168,348,212,64,273,149,259,341,220,348,118,105
