231,432,220,94,478,118,452,177,208,240,470,556,816,374,319,323,371,767,498,64,344,467,316,180,369,149,360,297,295,603,644,1168,235,477,110,491,477,75,252,442,301,94,400,179,404,371,305,501,153,373
432,178,184,77,423,116,442,131,136,172,390,502,749,291,214,220,305,748,415,52,232,448,261,181,297,121,285,201,222,546,686,1199,245,409,85,451,402,89,191,449,300,83,331,161,346,435,265,472,153,269
220,184,41,34,196,52,203,61,60,66,152,225,372,134,112,110,156,362,222,25,91,217,133,81,134,44,133,88,101,233,321,564,111,186,48,229,171,30,103,226,131,42,155,85,158,188,146,221,81,129
94,77,34,5,92,19,63,33,28,41,74,98,133,51,49,62,62,147,89,11,49,75,45,33,65,21,52,42,53,118,132,221,36,81,21,82,77,12,38,79,59,20,59,33,58,66,43,90,43,66
478,423,196,92,247,119,495,145,165,186,397,535,894,343,296,306,370,931,533,63,251,527,331,207,335,129,338,241,256,642,753,1354,263,466,118,537,499,84,254,517,321,114,393,207,417,444,328,539,191,335
118,116,52,19,119,14,104,48,35,49,84,130,159,73,51,68,69,170,120,14,54,127,60,40,78,29,76,60,63,171,174,271,46,108,23,108,110,22,53,114,88,28,75,43,77,82,66,104,34,73
452,442,203,63,495,104,210,160,163,199,406,523,836,324,225,249,362,825,464,64,261,492,299,166,328,131,333,227,237,599,722,1360,277,453,102,489,407,82,239,495,321,96,365,198,356,397,278,472,169,311
177,131,61,33,145,48,160,21,47,61,145,172,281,113,83,76,108,262,172,14,90,159,84,62,115,44,112,64,74,179,271,447,96,119,33,137,164,21,64,151,123,25,127,53,113,152,77,178,58,116
208,136,60,28,165,35,163,47,31,55,127,174,299,114,79,85,113,286,190,23,79,170,98,76,115,35,114,68,98,225,251,454,82,142,38,178,171,37,80,174,117,32,122,58,136,166,101,182,59,106
240,172,66,41,186,49,199,61,55,51,187,230,331,143,108,125,143,385,215,27,122,232,126,83,140,34,122,96,105,258,333,569,110,189,66,232,190,43,75,241,151,48,187,85,158,183,124,208,85,149
470,390,152,74,397,84,406,145,127,187,178,485,730,302,228,252,331,745,463,44,267,502,283,186,294,86,316,188,226,520,662,1170,216,374,88,494,429,68,190,441,276,96,322,153,347,362,276,426,151,313
556,502,225,98,535,130,523,172,174,230,485,328,1001,367,306,329,412,1058,573,75,333,557,332,231,391,144,414,259,285,657,860,1570,315,513,128,600,532,90,290,615,366,106,411,207,463,538,362,575,212,397
816,749,372,133,894,159,836,281,299,331,730,1001,782,609,506,554,660,1433,898,95,495,930,537,380,557,242,598,435,501,1153,1339,2305,465,829,218,966,802,139,456,953,634,192,655,334,686,814,596,869,335,598
374,291,134,51,343,73,324,113,114,143,302,367,609,127,183,174,239,581,304,38,185,356,189,123,241,88,239,142,168,393,483,933,191,305,72,332,324,59,156,357,219,56,270,129,289,306,198,331,133,244
319,214,112,49,296,51,225,83,79,108,228,306,506,183,80,159,205,497,279,33,153,276,174,97,157,77,171,115,160,300,392,732,134,252,57,265,271,46,140,255,167,55,221,95,196,290,154,284,90,170
323,220,110,62,306,68,249,76,85,125,252,329,554,174,159,81,199,543,308,41,181,303,168,101,164,84,161,121,152,365,443,799,149,285,58,276,274,40,129,308,176,55,224,105,230,275,165,290,89,200
371,305,156,62,370,69,362,108,113,143,331,412,660,239,205,199,120,657,367,32,188,386,208,149,264,88,221,166,191,442,550,985,184,330,92,373,355,66,181,397,255,63,264,137,301,314,221,382,132,258
767,748,362,147,931,170,825,262,286,385,745,1058,1433,581,497,543,657,825,845,114,482,886,538,348,598,243,587,435,483,1121,1292,2384,448,845,199,958,809,128,450,902,614,178,649,303,675,772,589,903,353,644
498,415,222,89,533,120,464,172,190,215,463,573,898,304,279,308,367,845,252,53,275,503,316,218,332,140,361,242,259,636,728,1426,285,506,96,534,489,86,273,509,340,114,389,188,385,467,315,521,171,353
64,52,25,11,63,14,64,14,23,27,44,75,95,38,33,41,32,114,53,3,28,63,40,17,39,11,32,30,25,83,87,169,30,50,16,63,51,9,28,63,49,11,45,22,37,47,38,70,28,37
344,232,91,49,251,54,261,90,79,122,267,333,495,185,153,181,188,482,275,28,70,278,151,111,177,75,189,113,128,329,436,807,141,260,71,267,252,51,129,318,195,60,211,105,220,264,177,288,98,211
467,448,217,75,527,127,492,159,170,232,502,557,930,356,276,303,386,886,503,63,278,278,317,204,397,141,344,251,244,659,771,1482,298,492,124,560,476,92,254,590,368,100,396,176,409,463,316,546,180,350
316,261,133,45,331,60,299,84,98,126,283,332,537,189,174,168,208,538,316,40,151,317,70,116,189,87,177,162,151,348,422,843,150,292,68,308,287,58,134,308,206,65,228,122,227,276,164,308,132,200
180,181,81,33,207,40,166,62,76,83,186,231,380,123,97,101,149,348,218,17,111,204,116,29,131,60,132,93,108,237,319,515,92,166,42,189,177,36,80,216,131,40,160,70,162,179,112,209,67,144
369,297,134,65,335,78,328,115,115,140,294,391,557,241,157,164,264,598,332,39,177,397,189,131,99,85,213,152,181,388,509,907,183,279,78,346,320,61,160,347,202,63,263,98,257,331,208,350,116,233
149,121,44,21,129,29,131,44,35,34,86,144,242,88,77,84,88,243,140,11,75,141,87,60,85,20,77,55,66,170,218,354,84,108,25,154,130,21,59,122,96,33,113,45,120,112,91,134,37,97
360,285,133,52,338,76,333,112,114,122,316,414,598,239,171,161,221,587,361,32,189,344,177,132,213,77,98,136,161,397,507,986,197,285,67,352,314,69,153,334,206,73,265,111,281,321,205,373,109,246
297,201,88,42,241,60,227,64,68,96,188,259,435,142,115,121,166,435,242,30,113,251,162,93,152,55,136,55,117,308,339,668,145,223,61,239,204,41,109,233,139,37,208,97,201,221,132,260,88,156
295,222,101,53,256,63,237,74,98,105,226,285,501,168,160,152,191,483,259,25,128,244,151,108,181,66,161,117,47,305,431,709,154,239,53,258,262,33,132,297,166,45,215,95,213,266,159,298,96,187
603,546,233,118,642,171,599,179,225,258,520,657,1153,393,300,365,442,1121,636,83,329,659,348,237,388,170,397,308,305,391,940,1690,333,619,137,687,623,92,289,691,420,115,470,223,492,551,392,634,248,417
644,686,321,132,753,174,722,271,251,333,662,860,1339,483,392,443,550,1292,728,87,436,771,422,319,509,218,507,339,431,940,540,1986,398,725,156,773,661,119,387,756,484,160,568,297,591,680,475,769,248,520
1168,1199,564,221,1354,271,1360,447,454,569,1170,1570,2305,933,732,799,985,2384,1426,169,807,1482,843,515,907,354,986,668,709,1690,1986,1820,696,1240,321,1480,1211,234,691,1419,906,291,992,538,1107,1244,885,1393,488,916
235,245,111,36,263,46,277,96,82,110,216,315,465,191,134,149,184,448,285,30,141,298,150,92,183,84,197,145,154,333,398,696,75,253,62,277,243,56,131,268,184,68,186,103,207,264,180,262,93,175
477,409,186,81,466,108,453,119,142,189,374,513,829,305,252,285,330,845,506,50,260,492,292,166,279,108,285,223,239,619,725,1240,253,204,107,493,419,88,230,483,319,108,388,179,395,419,282,501,171,301
110,85,48,21,118,23,102,33,38,66,88,128,218,72,57,58,92,199,96,16,71,124,68,42,78,25,67,61,53,137,156,321,62,107,15,131,99,17,58,111,57,18,81,49,98,101,72,124,44,81
491,451,229,82,537,108,489,137,178,232,494,600,966,332,265,276,373,958,534,63,267,560,308,189,346,154,352,239,258,687,773,1480,277,493,131,255,510,90,255,581,336,110,412,200,404,493,373,529,200,310
477,402,171,77,499,110,407,164,171,190,429,532,802,324,271,274,355,809,489,51,252,476,287,177,320,130,314,204,262,623,661,1211,243,419,99,510,217,68,260,481,293,84,351,163,369,414,277,485,160,324
75,89,30,12,84,22,82,21,37,43,68,90,139,59,46,40,66,128,86,9,51,92,58,36,61,21,69,41,33,92,119,234,56,88,17,90,68,6,37,92,60,15,65,32,69,71,58,98,33,57
252,191,103,38,254,53,239,64,80,75,190,290,456,156,140,129,181,450,273,28,129,254,134,80,160,59,153,109,132,289,387,691,131,230,58,255,260,37,57,264,191,50,186,89,186,233,133,276,84,163
442,449,226,79,517,114,495,151,174,241,441,615,953,357,255,308,397,902,509,63,318,590,308,216,347,122,334,233,297,691,756,1419,268,483,111,581,481,92,264,275,337,110,417,215,446,495,336,531,165,351
301,300,131,59,321,88,321,123,117,151,276,366,634,219,167,176,255,614,340,49,195,368,206,131,202,96,206,139,166,420,484,906,184,319,57,336,293,60,191,337,99,65,273,117,249,287,203,359,119,241
94,83,42,20,114,28,96,25,32,48,96,106,192,56,55,55,63,178,114,11,60,100,65,40,63,33,73,37,45,115,160,291,68,108,18,110,84,15,50,110,65,14,89,44,70,80,66,112,38,85
400,331,155,59,393,75,365,127,122,187,322,411,655,270,221,224,264,649,389,45,211,396,228,160,263,113,265,208,215,470,568,992,186,388,81,412,351,65,186,417,273,89,145,134,319,360,231,398,128,262
179,161,85,33,207,43,198,53,58,85,153,207,334,129,95,105,137,303,188,22,105,176,122,70,98,45,111,97,95,223,297,538,103,179,49,200,163,32,89,215,117,44,134,30,154,194,107,201,60,136
404,346,158,58,417,77,356,113,136,158,347,463,686,289,196,230,301,675,385,37,220,409,227,162,257,120,281,201,213,492,591,1107,207,395,98,404,369,69,186,446,249,70,319,154,168,395,228,434,151,267
371,435,188,66,444,82,397,152,166,183,362,538,814,306,290,275,314,772,467,47,264,463,276,179,331,112,321,221,266,551,680,1244,264,419,101,493,414,71,233,495,287,80,360,194,395,213,317,486,160,280
305,265,146,43,328,66,278,77,101,124,276,362,596,198,154,165,221,589,315,38,177,316,164,112,208,91,205,132,159,392,475,885,180,282,72,373,277,58,133,336,203,66,231,107,228,317,100,328,127,215
501,472,221,90,539,104,472,178,182,208,426,575,869,331,284,290,382,903,521,70,288,546,308,209,350,134,373,260,298,634,769,1393,262,501,124,529,485,98,276,531,359,112,398,201,434,486,328,257,179,374
153,153,81,43,191,34,169,58,59,85,151,212,335,133,90,89,132,353,171,28,98,180,132,67,116,37,109,88,96,248,248,488,93,171,44,200,160,33,84,165,119,38,128,60,151,160,127,179,30,121
373,269,129,66,335,73,311,116,106,149,313,397,598,244,170,200,258,644,353,37,211,350,200,144,233,97,246,156,187,417,520,916,175,301,81,310,324,57,163,351,241,85,262,136,267,280,215,374,121,121
