269,441,222,114,513,115,497,179,186,245,470,534,851,424,316,361,368,831,533,69,316,537,357,210,361,147,378,250,337,589,723,1235,235,479,106,490,508,94,248,494,309,111,374,197,482,482,339,517,175,383
441,178,161,89,439,113,439,137,153,159,367,468,773,262,218,245,318,799,395,59,218,442,245,172,260,92,254,193,192,545,661,1285,230,445,128,474,419,66,252,506,266,85,388,172,335,407,255,474,176,305
222,161,38,37,208,45,180,67,69,62,153,223,381,118,106,113,142,362,207,27,103,214,113,74,126,42,113,87,86,269,297,553,105,186,42,187,209,43,102,206,125,46,169,70,152,205,109,239,75,128
114,89,37,9,87,21,81,25,28,34,77,96,137,58,57,42,68,147,75,8,50,71,58,27,57,29,61,40,37,97,111,232,39,79,17,97,96,19,34,76,48,16,51,27,71,78,50,85,29,62
513,439,208,87,232,117,494,153,160,216,422,553,965,322,245,260,399,913,518,53,278,517,301,203,351,128,350,243,254,644,816,1477,286,462,119,550,484,90,248,524,340,113,383,181,416,514,293,550,185,379
115,113,45,21,117,10,98,41,36,57,102,111,203,83,58,56,94,173,114,11,48,102,62,47,67,27,78,56,48,135,152,294,55,95,29,130,108,28,51,106,59,16,79,38,97,108,68,96,39,79
497,439,180,81,494,98,243,163,158,212,445,552,920,300,251,258,354,893,487,55,273,482,274,198,333,133,330,250,249,570,734,1355,244,475,127,526,429,87,241,510,323,100,333,174,394,475,299,488,182,355
179,137,67,25,153,41,163,15,50,65,143,169,273,107,81,97,103,269,163,16,96,174,87,58,100,40,118,70,74,177,254,438,77,134,37,158,153,21,64,166,88,32,105,70,139,153,104,182,58,110
186,153,69,28,160,36,158,50,28,62,120,153,291,100,97,107,132,292,141,12,81,165,111,71,114,44,118,71,80,193,251,470,109,156,48,189,149,28,83,166,109,36,109,54,137,164,100,156,71,119
245,159,62,34,216,57,212,65,62,45,155,234,376,146,101,117,174,359,205,19,108,243,117,84,144,49,129,105,113,254,311,543,96,195,52,196,205,38,118,216,141,38,158,82,170,202,139,223,70,148
470,367,153,77,422,102,445,143,120,155,193,504,761,310,211,232,295,726,414,59,219,444,248,173,279,103,286,225,205,551,627,1101,230,382,94,475,392,79,224,439,304,76,298,159,349,404,275,419,150,265
534,468,223,96,553,111,552,169,153,234,504,322,1044,386,279,309,416,1064,571,81,288,584,328,240,374,143,387,243,274,715,858,1614,310,573,139,626,546,111,313,648,378,123,439,214,480,532,337,593,206,377
851,773,381,137,965,203,920,273,291,376,761,1044,850,572,493,540,685,1487,926,114,482,926,556,366,618,217,598,402,459,1154,1400,2483,496,877,222,947,810,155,422,1009,591,187,736,359,743,853,588,923,345,636
424,262,118,58,322,83,300,107,100,146,310,386,572,93,173,172,245,581,318,43,187,342,197,110,207,92,221,141,162,405,477,869,173,337,89,323,304,44,175,365,196,71,233,116,265,305,187,360,136,240
316,218,106,57,245,58,251,81,97,101,211,279,493,173,61,125,209,512,268,33,163,278,145,99,181,66,160,108,128,330,400,705,142,258,60,271,238,35,136,256,161,41,205,111,201,241,139,289,107,190
361,245,113,42,260,56,258,97,107,117,232,309,540,172,125,73,220,507,280,34,180,278,164,116,183,77,188,122,133,356,411,809,159,288,51,280,258,45,170,295,165,56,251,109,210,252,175,300,101,189
368,318,142,68,399,94,354,103,132,174,295,416,685,245,209,220,132,647,350,52,204,400,236,155,225,80,263,173,172,444,570,1032,203,344,85,357,380,62,180,375,224,83,258,122,287,353,234,369,158,263
831,799,362,147,913,173,893,269,292,359,726,1064,1487,581,512,507,647,799,908,110,476,938,556,398,621,218,619,406,449,1175,1410,2537,492,892,192,936,858,136,439,993,634,193,738,360,756,849,565,910,321,609
533,395,207,75,518,114,487,163,141,205,414,571,926,318,268,280,350,908,266,62,269,490,296,206,320,120,307,264,233,633,777,1490,297,447,124,579,430,92,251,567,334,103,386,188,409,510,337,524,202,333
69,59,27,8,53,11,55,16,12,19,59,81,114,43,33,34,52,110,62,1,29,68,36,33,48,8,34,29,36,75,82,177,34,49,14,68,58,17,35,76,48,7,46,17,46,65,26,70,27,51
316,218,103,50,278,48,273,96,81,108,219,288,482,187,163,180,204,476,269,29,59,284,147,114,173,64,160,116,134,330,420,804,136,260,66,281,261,44,143,299,186,48,217,108,211,256,177,321,103,194
537,442,214,71,517,102,482,174,165,243,444,584,926,342,278,278,400,938,490,68,284,258,319,198,347,131,348,247,247,634,734,1459,279,450,121,595,486,84,248,547,341,111,376,200,409,502,320,514,202,367
357,245,113,58,301,62,274,87,111,117,248,328,556,197,145,164,236,556,296,36,147,319,87,107,181,61,193,120,151,361,435,820,151,300,71,301,288,43,120,276,176,66,235,112,225,268,176,300,114,204
210,172,74,27,203,47,198,58,71,84,173,240,366,110,99,116,155,398,206,33,114,198,107,38,145,59,125,106,112,283,305,566,118,182,52,192,187,35,115,225,129,38,146,70,161,176,149,189,89,126
361,260,126,57,351,67,333,100,114,144,279,374,618,207,181,183,225,621,320,48,173,347,181,145,92,79,205,143,183,433,510,943,213,332,83,311,297,58,161,358,207,56,257,122,242,309,186,350,129,197
147,92,42,29,128,27,133,40,44,49,103,143,217,92,66,77,80,218,120,8,64,131,61,59,79,19,83,72,74,136,197,354,68,121,30,145,135,17,54,139,93,23,86,32,105,124,80,123,47,86
378,254,113,61,350,78,330,118,118,129,286,387,598,221,160,188,263,619,307,34,160,348,193,125,205,83,120,149,174,376,483,972,186,324,80,327,334,46,170,355,216,56,258,117,251,310,214,326,134,233
250,193,87,40,243,56,250,70,71,105,225,243,402,141,108,122,173,406,264,29,116,247,120,106,143,72,149,52,103,253,366,642,109,216,64,236,223,40,113,249,176,39,170,80,181,226,148,250,92,170
337,192,86,37,254,48,249,74,80,113,205,274,459,162,128,133,172,449,233,36,134,247,151,112,183,74,174,103,57,330,357,693,154,227,52,253,237,52,118,260,185,41,198,82,217,251,149,279,93,168
589,545,269,97,644,135,570,177,193,254,551,715,1154,405,330,356,444,1175,633,75,330,634,361,283,433,136,376,253,330,392,979,1793,355,584,140,660,597,111,330,718,426,138,471,260,497,591,357,696,229,441
723,661,297,111,816,152,734,254,251,311,627,858,1400,477,400,411,570,1410,777,82,420,734,435,305,510,197,483,366,357,979,573,2193,410,718,169,852,707,131,375,841,523,157,577,303,594,710,493,797,289,546
1235,1285,553,232,1477,294,1355,438,470,543,1101,1614,2483,869,705,809,1032,2537,1490,177,804,1459,820,566,943,354,972,642,693,1793,2193,1972,759,1325,303,1600,1254,254,700,1605,1002,278,1097,545,1137,1385,940,1427,476,942
235,230,105,39,286,55,244,77,109,96,230,310,496,173,142,159,203,492,297,34,136,279,151,118,213,68,186,109,154,355,410,759,79,275,66,296,220,28,123,310,179,54,220,128,232,250,187,248,102,174
479,445,186,79,462,95,475,134,156,195,382,573,877,337,258,288,344,892,447,49,260,450,300,182,332,121,324,216,227,584,718,1325,275,195,112,518,468,87,223,490,325,83,365,176,416,426,324,501,186,346
106,128,42,17,119,29,127,37,48,52,94,139,222,89,60,51,85,192,124,14,66,121,71,52,83,30,80,64,52,140,169,303,66,112,10,135,118,25,51,115,77,32,91,45,92,97,67,121,36,82
490,474,187,97,550,130,526,158,189,196,475,626,947,323,271,280,357,936,579,68,281,595,301,192,311,145,327,236,253,660,852,1600,296,518,135,264,541,101,257,568,357,102,390,197,426,570,353,587,190,353
508,419,209,96,484,108,429,153,149,205,392,546,810,304,238,258,380,858,430,58,261,486,288,187,297,135,334,223,237,597,707,1254,220,468,118,541,247,84,237,497,293,95,339,160,362,437,279,477,169,367
94,66,43,19,90,28,87,21,28,38,79,111,155,44,35,45,62,136,92,17,44,84,43,35,58,17,46,40,52,111,131,254,28,87,25,101,84,2,43,96,50,17,65,32,55,64,43,86,36,64
248,252,102,34,248,51,241,64,83,118,224,313,422,175,136,170,180,439,251,35,143,248,120,115,161,54,170,113,118,330,375,700,123,223,51,257,237,43,69,297,172,55,192,106,212,239,180,254,90,180
494,506,206,76,524,106,510,166,166,216,439,648,1009,365,256,295,375,993,567,76,299,547,276,225,358,139,355,249,260,718,841,1605,310,490,115,568,497,96,297,286,371,116,405,210,402,542,336,583,203,347
309,266,125,48,340,59,323,88,109,141,304,378,591,196,161,165,224,634,334,48,186,341,176,129,207,93,216,176,185,426,523,1002,179,325,77,357,293,50,172,371,123,56,258,129,250,301,189,374,115,234
111,85,46,16,113,16,100,32,36,38,76,123,187,71,41,56,83,193,103,7,48,111,66,38,56,23,56,39,41,138,157,278,54,83,32,102,95,17,55,116,56,8,87,34,78,113,66,96,45,69
374,388,169,51,383,79,333,105,109,158,298,439,736,233,205,251,258,738,386,46,217,376,235,146,257,86,258,170,198,471,577,1097,220,365,91,390,339,65,192,405,258,87,145,137,294,387,270,402,145,272
197,172,70,27,181,38,174,70,54,82,159,214,359,116,111,109,122,360,188,17,108,200,112,70,122,32,117,80,82,260,303,545,128,176,45,197,160,32,106,210,129,34,137,34,157,177,130,200,79,119
482,335,152,71,416,97,394,139,137,170,349,480,743,265,201,210,287,756,409,46,211,409,225,161,242,105,251,181,217,497,594,1137,232,416,92,426,362,55,212,402,250,78,294,157,144,371,252,393,152,287
482,407,205,78,514,108,475,153,164,202,404,532,853,305,241,252,353,849,510,65,256,502,268,176,309,124,310,226,251,591,710,1385,250,426,97,570,437,64,239,542,301,113,387,177,371,234,281,516,172,333
339,255,109,50,293,68,299,104,100,139,275,337,588,187,139,175,234,565,337,26,177,320,176,149,186,80,214,148,149,357,493,940,187,324,67,353,279,43,180,336,189,66,270,130,252,281,87,334,117,228
517,474,239,85,550,96,488,182,156,223,419,593,923,360,289,300,369,910,524,70,321,514,300,189,350,123,326,250,279,696,797,1427,248,501,121,587,477,86,254,583,374,96,402,200,393,516,334,234,197,357
175,176,75,29,185,39,182,58,71,70,150,206,345,136,107,101,158,321,202,27,103,202,114,89,129,47,134,92,93,229,289,476,102,186,36,190,169,36,90,203,115,45,145,79,152,172,117,197,30,146
383,305,128,62,379,79,355,110,119,148,265,377,636,240,190,189,263,609,333,51,194,367,204,126,197,86,233,170,168,441,546,942,174,346,82,353,367,64,180,347,234,69,272,119,287,333,228,357,146,123
