256,469,210,82,498,115,473,190,165,244,457,491,783,339,311,341,376,770,526,62,296,519,341,220,353,160,389,245,325,632,694,1152,251,487,116,495,475,88,253,453,312,83,366,186,444,442,315,481,167,392
469,184,167,86,436,117,429,145,126,199,412,471,785,303,223,254,310,762,431,62,214,429,250,183,250,89,285,208,212,555,689,1211,246,372,109,465,420,63,231,477,308,97,328,195,346,400,258,453,168,311
210,167,32,36,201,48,196,73,48,88,162,193,348,120,100,106,132,336,177,21,103,206,109,68,111,48,141,84,84,238,263,542,91,178,50,206,194,30,108,209,135,34,161,76,148,179,115,236,83,126
82,86,36,8,85,14,80,33,25,45,83,81,140,52,37,47,54,129,80,7,54,86,51,33,63,22,64,39,53,92,132,244,47,93,25,94,86,20,41,105,51,14,55,32,71,91,47,98,38,61
498,436,201,85,253,100,475,164,161,205,410,607,922,308,287,311,395,870,526,60,288,512,302,189,350,148,342,243,280,625,737,1399,270,484,130,535,493,67,246,561,330,103,400,169,387,448,332,503,205,388
115,117,48,14,100,10,105,38,38,56,106,117,196,85,68,83,68,190,112,15,68,110,66,49,80,28,80,56,66,147,159,297,61,117,35,102,98,19,61,114,78,20,60,51,105,95,69,117,46,67
473,429,196,80,475,105,224,161,145,183,399,567,872,325,286,302,338,889,496,65,283,518,304,192,299,121,320,214,265,635,715,1316,254,475,126,518,452,84,264,535,335,97,365,223,375,462,300,488,188,321
190,145,73,33,164,38,161,27,49,76,145,169,275,104,96,76,114,266,134,25,76,168,102,52,83,48,105,74,78,173,207,458,86,161,31,154,149,32,58,176,113,30,118,72,146,145,95,167,60,89
165,126,48,25,161,38,145,49,28,72,145,189,275,115,104,104,117,290,155,17,87,172,92,55,109,43,115,78,81,222,246,445,67,168,50,172,151,33,81,162,102,31,126,54,122,141,101,176,59,109
244,199,88,45,205,56,183,76,72,40,169,228,362,123,121,111,172,348,213,31,123,224,132,100,148,69,174,109,102,238,306,516,116,191,55,204,196,38,106,209,127,46,148,81,165,186,127,212,77,165
457,412,162,83,410,106,399,145,145,169,164,487,762,280,245,257,316,730,425,59,241,407,267,183,244,105,298,199,236,502,632,1163,257,392,103,447,371,69,203,439,273,97,320,159,356,388,261,427,171,286
491,471,193,81,607,117,567,169,189,228,487,310,999,363,258,300,418,983,611,59,303,599,330,241,386,130,394,261,309,736,886,1538,307,529,132,611,503,91,290,628,374,118,415,201,474,539,371,625,189,389
783,785,348,140,922,196,872,275,275,362,762,999,803,563,481,560,598,1443,943,114,484,925,526,359,578,197,583,439,446,1181,1284,2361,448,869,203,987,831,156,479,953,623,187,682,351,714,799,618,926,322,601
339,303,120,52,308,85,325,104,115,123,280,363,563,91,157,184,227,596,330,38,191,337,181,133,195,76,227,149,179,395,504,959,175,294,88,343,317,51,151,380,216,69,237,147,245,292,179,344,133,234
311,223,100,37,287,68,286,96,104,121,245,258,481,157,66,129,182,505,234,38,138,283,165,107,159,57,193,129,128,315,375,726,140,275,54,279,281,30,135,294,177,52,196,99,205,221,150,290,121,190
341,254,106,47,311,83,302,76,104,111,257,300,560,184,129,83,215,539,293,42,142,328,190,120,198,66,189,122,124,351,454,816,150,276,66,306,288,43,135,332,195,52,223,115,231,234,165,303,129,206
376,310,132,54,395,68,338,114,117,172,316,418,598,227,182,215,125,645,347,50,192,365,228,120,240,94,266,169,182,437,549,986,200,325,74,372,341,67,173,383,237,73,297,142,297,349,229,382,134,250
770,762,336,129,870,190,889,266,290,348,730,983,1443,596,505,539,645,816,899,100,508,900,538,374,582,213,572,467,447,1129,1362,2451,501,866,191,1031,819,143,465,971,603,197,644,326,726,849,586,903,323,611
526,431,177,80,526,112,496,134,155,213,425,611,943,330,234,293,347,899,229,86,282,457,309,195,312,146,350,250,271,653,733,1442,288,475,96,529,498,84,241,529,360,111,389,203,409,511,297,516,168,351
62,62,21,7,60,15,65,25,17,31,59,59,114,38,38,42,50,100,86,2,40,77,28,25,38,20,42,30,33,67,102,181,29,67,16,67,55,14,35,67,66,17,57,20,42,64,42,67,26,50
296,214,103,54,288,68,283,76,87,123,241,303,484,191,138,142,192,508,282,40,75,310,151,120,175,62,184,135,121,336,431,829,170,271,70,272,269,63,123,320,212,59,196,111,237,284,163,298,118,172
519,429,206,86,512,110,518,168,172,224,407,599,925,337,283,328,365,900,457,77,310,252,290,190,296,150,317,264,254,689,744,1394,271,496,114,573,496,73,278,571,357,107,399,199,396,494,291,531,177,374
341,250,109,51,302,66,304,102,92,132,267,330,526,181,165,190,228,538,309,28,151,290,75,115,170,86,188,155,147,386,447,824,148,273,64,343,267,41,160,342,202,62,246,108,234,274,168,318,97,231
220,183,68,33,189,49,192,52,55,100,183,241,359,133,107,120,120,374,195,25,120,190,115,41,113,41,112,100,104,266,310,590,108,164,51,230,197,34,87,219,129,37,138,82,141,191,128,206,71,143
353,250,111,63,350,80,299,83,109,148,244,386,578,195,159,198,240,582,312,38,175,296,170,113,88,99,204,165,146,398,481,897,177,324,79,347,297,39,189,332,224,71,271,128,233,289,187,361,132,209
160,89,48,22,148,28,121,48,43,69,105,130,197,76,57,66,94,213,146,20,62,150,86,41,99,12,71,67,66,134,213,352,63,118,34,106,112,27,66,132,90,23,96,53,111,114,82,128,44,85
389,285,141,64,342,80,320,105,115,174,298,394,583,227,193,189,266,572,350,42,184,317,188,112,204,71,108,165,157,421,531,939,186,308,95,396,296,49,173,354,212,65,260,146,270,282,219,330,135,245
245,208,84,39,243,56,214,74,78,109,199,261,439,149,129,122,169,467,250,30,135,264,155,100,165,67,165,50,123,290,354,664,136,225,52,232,208,39,112,239,153,39,192,85,191,186,147,263,88,172
325,212,84,53,280,66,265,78,81,102,236,309,446,179,128,124,182,447,271,33,121,254,147,104,146,66,157,123,59,293,379,727,133,242,61,254,238,37,131,260,181,65,201,115,207,240,178,302,97,171
632,555,238,92,625,147,635,173,222,238,502,736,1181,395,315,351,437,1129,653,67,336,689,386,266,398,134,421,290,293,384,953,1800,334,560,114,651,635,103,310,719,449,128,494,242,516,618,398,658,248,419
694,689,263,132,737,159,715,207,246,306,632,886,1284,504,375,454,549,1362,733,102,431,744,447,310,481,213,531,354,379,953,544,2045,399,723,178,871,701,119,373,776,493,158,575,276,657,712,443,770,258,488
1152,1211,542,244,1399,297,1316,458,445,516,1163,1538,2361,959,726,816,986,2451,1442,181,829,1394,824,590,897,352,939,664,727,1800,2045,1849,697,1388,319,1563,1307,213,728,1459,929,301,1023,563,1144,1287,912,1408,484,946
251,246,91,47,270,61,254,86,67,116,257,307,448,175,140,150,200,501,288,29,170,271,148,108,177,63,186,136,133,334,399,697,72,281,62,323,243,47,131,297,177,53,213,114,218,283,166,275,102,195
487,372,178,93,484,117,475,161,168,191,392,529,869,294,275,276,325,866,475,67,271,496,273,164,324,118,308,225,242,560,723,1388,281,214,123,486,436,87,238,493,313,98,356,179,381,424,308,483,198,340
116,109,50,25,130,35,126,31,50,55,103,132,203,88,54,66,74,191,96,16,70,114,64,51,79,34,95,52,61,114,178,319,62,123,18,114,121,20,48,142,65,21,72,42,97,118,74,126,43,83
495,465,206,94,535,102,518,154,172,204,447,611,987,343,279,306,372,1031,529,67,272,573,343,230,347,106,396,232,254,651,871,1563,323,486,114,268,503,72,259,558,331,119,405,200,444,516,321,586,191,349
475,420,194,86,493,98,452,149,151,196,371,503,831,317,281,288,341,819,498,55,269,496,267,197,297,112,296,208,238,635,701,1307,243,436,121,503,216,75,265,516,325,105,363,182,360,431,302,497,179,295
88,63,30,20,67,19,84,32,33,38,69,91,156,51,30,43,67,143,84,14,63,73,41,34,39,27,49,39,37,103,119,213,47,87,20,72,75,7,48,86,49,20,60,32,60,86,49,84,29,63
253,231,108,41,246,61,264,58,81,106,203,290,479,151,135,135,173,465,241,35,123,278,160,87,189,66,173,112,131,310,373,728,131,238,48,259,265,48,58,285,178,46,210,103,229,241,164,263,88,151
453,477,209,105,561,114,535,176,162,209,439,628,953,380,294,332,383,971,529,67,320,571,342,219,332,132,354,239,260,719,776,1459,297,493,142,558,516,86,285,269,341,125,407,211,472,497,349,504,193,350
312,308,135,51,330,78,335,113,102,127,273,374,623,216,177,195,237,603,360,66,212,357,202,129,224,90,212,153,181,449,493,929,177,313,65,331,325,49,178,341,111,76,266,134,268,312,196,335,123,230
83,97,34,14,103,20,97,30,31,46,97,118,187,69,52,52,73,197,111,17,59,107,62,37,71,23,65,39,65,128,158,301,53,98,21,119,105,20,46,125,76,9,89,47,95,98,64,125,36,71
366,328,161,55,400,60,365,118,126,148,320,415,682,237,196,223,297,644,389,57,196,399,246,138,271,96,260,192,201,494,575,1023,213,356,72,405,363,60,210,407,266,89,149,158,301,359,278,411,121,269
186,195,76,32,169,51,223,72,54,81,159,201,351,147,99,115,142,326,203,20,111,199,108,82,128,53,146,85,115,242,276,563,114,179,42,200,182,32,103,211,134,47,158,34,172,166,126,230,75,120
444,346,148,71,387,105,375,146,122,165,356,474,714,245,205,231,297,726,409,42,237,396,234,141,233,111,270,191,207,516,657,1144,218,381,97,444,360,60,229,472,268,95,301,172,163,364,246,437,158,274
442,400,179,91,448,95,462,145,141,186,388,539,799,292,221,234,349,849,511,64,284,494,274,191,289,114,282,186,240,618,712,1287,283,424,118,516,431,86,241,497,312,98,359,166,364,231,299,471,169,302
315,258,115,47,332,69,300,95,101,127,261,371,618,179,150,165,229,586,297,42,163,291,168,128,187,82,219,147,178,398,443,912,166,308,74,321,302,49,164,349,196,64,278,126,246,299,90,337,124,208
481,453,236,98,503,117,488,167,176,212,427,625,926,344,290,303,382,903,516,67,298,531,318,206,361,128,330,263,302,658,770,1408,275,483,126,586,497,84,263,504,335,125,411,230,437,471,337,237,184,322
167,168,83,38,205,46,188,60,59,77,171,189,322,133,121,129,134,323,168,26,118,177,97,71,132,44,135,88,97,248,258,484,102,198,43,191,179,29,88,193,123,36,121,75,158,169,124,184,29,126
392,311,126,61,388,67,321,89,109,165,286,389,601,234,190,206,250,611,351,50,172,374,231,143,209,85,245,172,171,419,488,946,195,340,83,349,295,63,151,350,230,71,269,120,274,302,208,322,126,140
