261,424,212,102,516,103,489,210,179,280,475,499,799,360,295,350,363,832,488,83,344,561,376,231,373,160,383,304,328,607,722,1129,225,513,127,494,483,78,276,502,330,116,334,177,459,442,346,473,175,409
424,192,151,78,461,86,396,133,167,176,384,447,786,272,201,225,322,778,427,59,219,444,253,193,275,121,304,201,218,535,661,1280,249,413,102,428,408,80,215,444,285,92,345,162,319,402,264,460,180,251
212,151,32,40,181,56,202,64,57,65,175,221,371,134,103,105,143,378,217,24,110,234,111,82,129,43,106,92,118,253,288,533,85,180,45,200,188,36,101,203,122,43,142,85,161,208,134,206,51,132
102,78,40,8,85,19,80,24,27,25,77,90,155,54,40,55,57,129,76,14,49,88,55,41,44,28,66,38,47,107,132,220,42,89,17,97,90,21,43,86,55,20,58,32,72,84,47,83,19,58
516,461,181,85,235,103,449,149,174,216,423,598,911,324,248,281,377,916,541,54,276,523,321,207,365,153,367,241,229,607,802,1445,279,446,120,549,505,81,250,536,330,95,386,187,404,498,315,529,186,324
103,86,56,19,103,6,83,30,50,41,83,120,208,78,62,75,75,182,114,20,66,105,78,47,77,37,91,65,62,145,162,289,56,114,25,121,109,22,56,103,60,21,87,49,100,100,75,99,42,81
489,396,202,80,449,83,217,145,164,208,404,537,808,318,256,302,343,844,476,67,265,465,289,202,296,129,320,239,225,612,748,1309,255,452,110,537,451,94,247,489,313,96,365,176,367,439,319,478,159,316
210,133,64,24,149,30,145,22,50,65,141,166,270,111,86,78,128,282,143,12,79,164,107,61,122,51,117,70,81,167,216,420,89,137,45,173,156,19,89,174,86,37,113,67,134,159,99,170,64,118
179,167,57,27,174,50,164,50,38,68,165,185,288,117,63,77,131,267,158,14,86,167,91,57,114,51,107,82,74,187,224,524,88,180,45,170,175,30,86,171,106,29,124,59,127,162,94,161,57,103
280,176,65,25,216,41,208,65,68,44,167,247,338,153,99,133,156,372,207,20,109,223,120,73,142,51,140,105,113,262,334,546,108,206,44,212,201,44,93,230,145,42,183,82,168,179,138,253,71,133
475,384,175,77,423,83,404,141,165,167,192,460,739,303,215,249,300,742,435,48,207,452,279,190,308,105,299,202,206,547,697,1141,212,436,96,440,378,84,213,469,245,79,328,159,338,369,275,455,149,277
499,447,221,90,598,120,537,166,185,247,460,320,1018,370,300,288,383,1037,555,80,302,572,329,207,305,110,333,284,283,681,840,1641,356,502,130,578,531,86,271,624,405,99,401,218,395,537,340,554,207,392
799,786,371,155,911,208,808,270,288,338,739,1018,816,583,489,513,657,1430,958,111,496,959,516,344,605,249,656,446,447,1115,1348,2479,499,861,196,975,874,174,459,923,625,198,689,340,729,873,605,901,316,600
360,272,134,54,324,78,318,111,117,153,303,370,583,105,147,190,244,575,335,47,166,329,192,147,204,84,203,166,158,398,482,919,158,296,80,328,340,45,162,326,206,66,266,98,263,305,185,345,108,235
295,201,103,40,248,62,256,86,63,99,215,300,489,147,79,153,184,489,235,29,129,267,156,99,152,72,166,117,125,332,380,712,138,229,64,276,248,44,143,252,179,55,199,85,187,230,178,290,110,180
350,225,105,55,281,75,302,78,77,133,249,288,513,190,153,77,202,489,256,27,153,301,140,98,176,66,162,124,130,344,421,784,157,245,69,295,274,47,155,281,179,61,219,92,207,245,187,313,110,182
363,322,143,57,377,75,343,128,131,156,300,383,657,244,184,202,128,640,358,49,198,394,222,132,260,100,257,154,207,457,579,1006,182,372,84,373,343,72,177,386,235,73,259,148,299,340,240,388,150,251
832,778,378,129,916,182,844,282,267,372,742,1037,1430,575,489,489,640,830,855,110,515,939,559,379,617,222,635,432,456,1151,1329,2413,509,854,193,989,822,172,454,952,570,193,646,326,734,830,597,884,329,611
488,427,217,76,541,114,476,143,158,207,435,555,958,335,235,256,358,855,231,67,296,462,314,219,356,134,338,228,277,628,748,1389,278,452,112,528,445,88,246,579,307,109,354,200,407,473,335,505,184,340
83,59,24,14,54,20,67,12,14,20,48,80,111,47,29,27,49,110,67,3,37,68,38,34,39,13,42,22,29,79,102,191,26,83,14,74,62,7,25,63,36,20,43,17,43,60,40,71,25,33
344,219,110,49,276,66,265,79,86,109,207,302,496,166,129,153,198,515,296,37,75,283,165,108,192,69,188,123,155,333,410,812,161,292,61,275,245,47,138,293,191,50,211,112,224,277,167,280,115,187
561,444,234,88,523,105,465,164,167,223,452,572,959,329,267,301,394,939,462,68,283,237,321,207,346,131,329,246,244,644,745,1424,308,477,121,578,457,79,257,534,323,105,362,207,417,480,338,520,190,354
376,253,111,55,321,78,289,107,91,120,279,329,516,192,156,140,222,559,314,38,165,321,73,132,178,66,199,127,138,376,479,841,157,289,61,316,278,61,146,326,198,52,243,97,222,264,180,310,101,218
231,193,82,41,207,47,202,61,57,73,190,207,344,147,99,98,132,379,219,34,108,207,132,40,127,56,142,90,93,269,293,535,102,196,43,211,198,29,93,230,124,27,158,85,170,198,115,223,65,136
373,275,129,44,365,77,296,122,114,142,308,305,605,204,152,176,260,617,356,39,192,346,178,127,118,67,217,162,166,391,511,916,185,326,71,339,287,57,181,353,239,79,261,128,258,321,197,352,119,220
160,121,43,28,153,37,129,51,51,51,105,110,249,84,72,66,100,222,134,13,69,131,66,56,67,10,74,63,68,182,179,364,61,122,37,120,135,21,69,154,86,19,103,57,106,116,85,140,54,97
383,304,106,66,367,91,320,117,107,140,299,333,656,203,166,162,257,635,338,42,188,329,199,142,217,74,118,162,182,456,507,976,183,366,89,330,338,54,180,391,228,62,267,128,257,299,220,346,142,220
304,201,92,38,241,65,239,70,82,105,202,284,446,166,117,124,154,432,228,22,123,246,127,90,162,63,162,55,110,274,344,637,122,217,46,238,216,28,112,232,138,38,194,79,178,231,162,250,75,163
328,218,118,47,229,62,225,81,74,113,206,283,447,158,125,130,207,456,277,29,155,244,138,93,166,68,182,110,61,296,379,705,139,240,53,270,237,32,120,267,157,63,204,91,192,249,144,268,90,200
607,535,253,107,607,145,612,167,187,262,547,681,1115,398,332,344,457,1151,628,79,333,644,376,269,391,182,456,274,296,437,996,1818,361,565,141,656,611,103,312,687,401,125,552,204,474,575,404,659,231,422
722,661,288,132,802,162,748,216,224,334,697,840,1348,482,380,421,579,1329,748,102,410,745,479,293,511,179,507,344,379,996,595,2091,435,732,174,860,697,153,378,805,493,167,564,295,620,714,508,785,265,539
1129,1280,533,220,1445,289,1309,420,524,546,1141,1641,2479,919,712,784,1006,2413,1389,191,812,1424,841,535,916,364,976,637,705,1818,2091,1890,742,1330,313,1476,1309,235,687,1488,964,301,1022,533,1115,1322,882,1390,522,947
225,249,85,42,279,56,255,89,88,108,212,356,499,158,138,157,182,509,278,26,161,308,157,102,185,61,183,122,139,361,435,742,65,273,51,313,254,56,151,276,195,57,203,91,227,251,173,330,84,174
513,413,180,89,446,114,452,137,180,206,436,502,861,296,229,245,372,854,452,83,292,477,289,196,326,122,366,217,240,565,732,1330,273,236,119,534,437,90,249,484,297,97,370,159,391,439,304,503,197,337
127,102,45,17,120,25,110,45,45,44,96,130,196,80,64,69,84,193,112,14,61,121,61,43,71,37,89,46,53,141,174,313,51,119,11,113,97,18,64,133,66,22,79,30,90,108,64,112,36,79
494,428,200,97,549,121,537,173,170,212,440,578,975,328,276,295,373,989,528,74,275,578,316,211,339,120,330,238,270,656,860,1476,313,534,113,256,460,79,280,574,353,92,385,223,414,507,327,540,196,325
483,408,188,90,505,109,451,156,175,201,378,531,874,340,248,274,343,822,445,62,245,457,278,198,287,135,338,216,237,611,697,1309,254,437,97,460,226,90,241,520,289,74,353,196,351,442,320,462,167,309
78,80,36,21,81,22,94,19,30,44,84,86,174,45,44,47,72,172,88,7,47,79,61,29,57,21,54,28,32,103,153,235,56,90,18,79,90,3,43,95,60,27,73,31,70,83,49,100,34,58
276,215,101,43,250,56,247,89,86,93,213,271,459,162,143,155,177,454,246,25,138,257,146,93,181,69,180,112,120,312,378,687,151,249,64,280,241,43,57,285,149,51,190,111,196,268,168,256,118,172
502,444,203,86,536,103,489,174,171,230,469,624,923,326,252,281,386,952,579,63,293,534,326,230,353,154,391,232,267,687,805,1488,276,484,133,574,520,95,285,270,373,120,367,189,414,481,332,504,186,370
330,285,122,55,330,60,313,86,106,145,245,405,625,206,179,179,235,570,307,36,191,323,198,124,239,86,228,138,157,401,493,964,195,297,66,353,289,60,149,373,110,69,233,125,278,290,208,355,139,218
116,92,43,20,95,21,96,37,29,42,79,99,198,66,55,61,73,193,109,20,50,105,52,27,79,19,62,38,63,125,167,301,57,97,22,92,74,27,51,120,69,13,71,36,78,115,72,103,40,66
334,345,142,58,386,87,365,113,124,183,328,401,689,266,199,219,259,646,354,43,211,362,243,158,261,103,267,194,204,552,564,1022,203,370,79,385,353,73,190,367,233,71,126,160,305,362,260,356,133,230
177,162,85,32,187,49,176,67,59,82,159,218,340,98,85,92,148,326,200,17,112,207,97,85,128,57,128,79,91,204,295,533,91,159,30,223,196,31,111,189,125,36,160,28,145,193,127,194,56,137
459,319,161,72,404,100,367,134,127,168,338,395,729,263,187,207,299,734,407,43,224,417,222,170,258,106,257,178,192,474,620,1115,227,391,90,414,351,70,196,414,278,78,305,145,147,361,240,400,143,287
442,402,208,84,498,100,439,159,162,179,369,537,873,305,230,245,340,830,473,60,277,480,264,198,321,116,299,231,249,575,714,1322,251,439,108,507,442,83,268,481,290,115,362,193,361,235,285,472,155,335
346,264,134,47,315,75,319,99,94,138,275,340,605,185,178,187,240,597,335,40,167,338,180,115,197,85,220,162,144,404,508,882,173,304,64,327,320,49,168,332,208,72,260,127,240,285,101,352,110,222
473,460,206,83,529,99,478,170,161,253,455,554,901,345,290,313,388,884,505,71,280,520,310,223,352,140,346,250,268,659,785,1390,330,503,112,540,462,100,256,504,355,103,356,194,400,472,352,246,190,361
175,180,51,19,186,42,159,64,57,71,149,207,316,108,110,110,150,329,184,25,115,190,101,65,119,54,142,75,90,231,265,522,84,197,36,196,167,34,118,186,139,40,133,56,143,155,110,190,33,138
409,251,132,58,324,81,316,118,103,133,277,392,600,235,180,182,251,611,340,33,187,354,218,136,220,97,220,163,200,422,539,947,174,337,79,325,309,58,172,370,218,66,230,137,287,335,222,361,138,125
