282,437,205,93,503,103,492,193,169,273,444,460,846,380,301,323,391,830,543,70,293,520,334,206,367,143,354,280,282,616,731,1240,223,495,111,502,457,77,262,476,325,108,400,182,438,434,323,501,162,387
437,185,156,75,424,109,450,135,137,174,381,502,826,302,220,228,293,798,430,57,233,415,263,162,294,104,303,186,210,528,683,1219,250,425,104,430,411,71,224,456,278,106,311,156,334,409,278,483,159,280
205,156,33,35,178,51,215,71,60,88,170,211,363,127,111,128,147,373,200,21,110,216,117,73,138,53,131,97,101,232,290,549,90,186,40,205,212,32,110,191,116,30,152,85,194,204,114,225,87,136
93,75,35,8,91,16,78,38,32,39,63,109,170,68,48,43,54,167,89,14,46,81,60,41,61,27,71,39,44,106,128,217,46,80,24,100,73,15,49,95,57,25,76,30,82,80,63,73,36,65
503,424,178,91,238,130,494,140,170,215,445,607,949,332,252,285,348,904,522,62,288,520,279,203,300,124,335,227,271,680,750,1379,284,479,124,533,485,83,224,544,328,109,447,181,390,515,301,516,179,338
103,109,51,16,130,12,108,41,44,54,90,127,228,86,62,59,75,208,113,14,67,115,70,46,88,31,80,46,61,146,173,277,60,107,16,118,93,12,51,118,79,26,90,36,92,108,77,107,35,82
492,450,215,78,494,108,239,155,163,183,417,582,935,317,228,284,382,860,501,69,253,525,299,194,342,123,355,228,251,576,708,1284,255,469,103,515,444,76,231,455,339,97,370,164,395,432,306,476,179,337
193,135,71,38,140,41,155,24,52,60,129,164,278,99,80,83,100,277,158,18,75,156,77,55,95,32,115,68,74,186,240,436,77,157,40,153,134,23,67,171,110,35,120,69,125,130,108,134,57,126
169,137,60,32,170,44,163,52,31,71,165,197,307,120,81,99,120,289,180,24,70,191,95,65,103,45,120,79,82,197,247,439,88,175,45,176,152,18,97,167,104,32,131,59,125,154,109,166,57,114
273,174,88,39,215,54,183,60,71,38,165,215,333,141,123,130,175,337,216,25,126,220,143,82,149,43,144,103,126,238,283,561,103,213,63,225,201,39,94,225,149,41,141,75,179,192,156,207,76,139
444,381,170,63,445,90,417,129,165,165,194,473,778,287,230,266,315,770,403,56,241,442,286,188,285,107,275,226,221,511,640,1160,224,368,115,425,413,83,184,482,288,99,330,169,335,377,269,440,148,261
460,502,211,109,607,127,582,164,197,215,473,300,1006,369,323,322,397,1003,576,74,303,554,341,226,387,140,378,265,301,748,820,1514,312,527,128,547,545,101,270,579,379,113,401,208,458,484,376,587,229,377
846,826,363,170,949,228,935,278,307,333,778,1006,855,590,535,565,631,1487,896,123,508,896,577,365,664,247,626,408,488,1142,1325,2341,507,899,197,963,880,154,466,967,624,165,680,352,727,795,576,897,354,580
380,302,127,68,332,86,317,99,120,141,287,369,590,101,178,180,232,572,340,40,189,342,205,144,219,81,216,172,169,393,500,877,190,341,90,329,308,63,140,344,231,68,238,106,267,310,199,336,109,217
301,220,111,48,252,62,228,80,81,123,230,323,535,178,78,137,188,465,262,31,163,307,145,104,186,66,186,131,145,320,437,752,158,280,59,272,264,37,117,280,156,57,212,95,209,255,203,293,95,221
323,228,128,43,285,59,284,83,99,130,266,322,565,180,137,75,196,518,273,43,157,316,161,104,187,70,176,132,118,343,456,881,165,275,68,301,253,42,129,305,183,61,214,114,213,275,186,341,103,212
391,293,147,54,348,75,382,100,120,175,315,397,631,232,188,196,138,607,375,54,199,384,211,134,229,84,222,155,193,449,556,983,205,331,89,387,329,66,180,394,254,79,276,141,286,307,195,365,122,237
830,798,373,167,904,208,860,277,289,337,770,1003,1487,572,465,518,607,788,863,125,500,897,537,337,627,239,595,399,455,1142,1311,2403,446,886,192,956,878,150,442,950,608,175,697,320,717,784,555,901,318,547
543,430,200,89,522,113,501,158,180,216,403,576,896,340,262,273,375,863,259,74,300,471,289,207,329,119,334,222,228,628,722,1436,300,493,106,572,470,78,271,521,327,118,392,214,382,439,287,572,201,368
70,57,21,14,62,14,69,18,24,25,56,74,123,40,31,43,54,125,74,1,40,78,43,33,44,16,41,25,28,78,102,184,40,61,15,60,60,14,30,68,38,12,53,21,57,60,40,62,23,35
293,233,110,46,288,67,253,75,70,126,241,303,508,189,163,157,199,500,300,40,61,316,165,109,173,55,172,110,147,342,412,815,165,231,65,271,250,44,145,309,178,56,219,106,233,270,194,270,95,189
520,415,216,81,520,115,525,156,191,220,442,554,896,342,307,316,384,897,471,78,316,256,312,196,343,144,374,238,230,653,758,1451,305,486,133,559,502,87,248,510,340,105,368,205,426,478,317,564,180,371
334,263,117,60,279,70,299,77,95,143,286,341,577,205,145,161,211,537,289,43,165,312,85,139,210,79,213,141,161,360,461,822,169,289,76,293,264,42,142,303,207,70,228,104,233,245,183,339,106,244
206,162,73,41,203,46,194,55,65,82,188,226,365,144,104,104,134,337,207,33,109,196,139,46,131,50,150,92,120,260,324,509,97,184,67,222,210,30,108,203,137,47,157,71,158,186,101,214,74,146
367,294,138,61,300,88,342,95,103,149,285,387,664,219,186,187,229,627,329,44,173,343,210,131,101,86,196,170,167,409,533,970,185,292,79,334,325,61,144,370,247,66,268,113,253,330,212,370,127,234
143,104,53,27,124,31,123,32,45,43,107,140,247,81,66,70,84,239,119,16,55,144,79,50,86,13,74,48,65,141,197,358,66,126,20,123,108,15,69,144,86,20,102,47,98,115,83,154,53,80
354,303,131,71,335,80,355,115,120,144,275,378,626,216,186,176,222,595,334,41,172,374,213,150,196,74,111,128,161,376,527,919,188,315,77,310,326,40,147,382,229,56,266,125,264,322,195,387,128,225
280,186,97,39,227,46,228,68,79,103,226,265,408,172,131,132,155,399,222,25,110,238,141,92,170,48,128,48,116,274,324,659,130,246,59,228,230,44,112,262,157,52,178,101,179,199,137,268,93,154
282,210,101,44,271,61,251,74,82,126,221,301,488,169,145,118,193,455,228,28,147,230,161,120,167,65,161,116,60,329,381,712,143,234,53,251,231,53,115,262,150,49,178,95,205,246,152,288,109,191
616,528,232,106,680,146,576,186,197,238,511,748,1142,393,320,343,449,1142,628,78,342,653,360,260,409,141,376,274,329,392,974,1744,351,627,134,681,598,111,317,678,407,130,493,226,521,572,387,651,239,418
731,683,290,128,750,173,708,240,247,283,640,820,1325,500,437,456,556,1311,722,102,412,758,461,324,533,197,527,324,381,974,588,2056,432,685,174,815,695,135,376,858,489,151,553,292,653,681,442,790,281,522
1240,1219,549,217,1379,277,1284,436,439,561,1160,1514,2341,877,752,881,983,2403,1436,184,815,1451,822,509,970,358,919,659,712,1744,2056,1869,764,1296,318,1491,1253,211,703,1436,930,314,1060,533,1106,1296,859,1356,480,914
223,250,90,46,284,60,255,77,88,103,224,312,507,190,158,165,205,446,300,40,165,305,169,97,185,66,188,130,143,351,432,764,79,249,67,270,242,45,157,310,176,42,192,84,200,231,173,267,110,180
495,425,186,80,479,107,469,157,175,213,368,527,899,341,280,275,331,886,493,61,231,486,289,184,292,126,315,246,234,627,685,1296,249,216,114,482,447,87,235,526,325,109,380,192,379,463,303,477,157,323
111,104,40,24,124,16,103,40,45,63,115,128,197,90,59,68,89,192,106,15,65,133,76,67,79,20,77,59,53,134,174,318,67,114,9,137,119,20,66,132,82,22,82,37,98,110,88,95,39,100
502,430,205,100,533,118,515,153,176,225,425,547,963,329,272,301,387,956,572,60,271,559,293,222,334,123,310,228,251,681,815,1491,270,482,137,287,466,100,242,554,331,119,426,212,420,471,324,577,223,360
457,411,212,73,485,93,444,134,152,201,413,545,880,308,264,253,329,878,470,60,250,502,264,210,325,108,326,230,231,598,695,1253,242,447,119,466,205,75,227,495,292,88,379,184,406,416,313,466,179,328
77,71,32,15,83,12,76,23,18,39,83,101,154,63,37,42,66,150,78,14,44,87,42,30,61,15,40,44,53,111,135,211,45,87,20,100,75,11,38,91,69,11,73,22,60,83,44,89,27,53
262,224,110,49,224,51,231,67,97,94,184,270,466,140,117,129,180,442,271,30,145,248,142,108,144,69,147,112,115,317,376,703,157,235,66,242,227,38,55,284,172,49,197,102,201,219,156,227,103,160
476,456,191,95,544,118,455,171,167,225,482,579,967,344,280,305,394,950,521,68,309,510,303,203,370,144,382,262,262,678,858,1436,310,526,132,554,495,91,284,279,366,114,409,200,407,469,317,541,182,377
325,278,116,57,328,79,339,110,104,149,288,379,624,231,156,183,254,608,327,38,178,340,207,137,247,86,229,157,150,407,489,930,176,325,82,331,292,69,172,366,107,60,235,141,272,306,214,368,126,247
108,106,30,25,109,26,97,35,32,41,99,113,165,68,57,61,79,175,118,12,56,105,70,47,66,20,56,52,49,130,151,314,42,109,22,119,88,11,49,114,60,11,77,55,75,87,68,103,40,71
400,311,152,76,447,90,370,120,131,141,330,401,680,238,212,214,276,697,392,53,219,368,228,157,268,102,266,178,178,493,553,1060,192,380,82,426,379,73,197,409,235,77,143,133,308,345,233,409,149,240
182,156,85,30,181,36,164,69,59,75,169,208,352,106,95,114,141,320,214,21,106,205,104,71,113,47,125,101,95,226,292,533,84,192,37,212,184,22,102,200,141,55,133,22,135,182,130,193,51,129
438,334,194,82,390,92,395,125,125,179,335,458,727,267,209,213,286,717,382,57,233,426,233,158,253,98,264,179,205,521,653,1106,200,379,98,420,406,60,201,407,272,75,308,135,179,383,263,422,152,293
434,409,204,80,515,108,432,130,154,192,377,484,795,310,255,275,307,784,439,60,270,478,245,186,330,115,322,199,246,572,681,1296,231,463,110,471,416,83,219,469,306,87,345,182,383,192,321,453,180,311
323,278,114,63,301,77,306,108,109,156,269,376,576,199,203,186,195,555,287,40,194,317,183,101,212,83,195,137,152,387,442,859,173,303,88,324,313,44,156,317,214,68,233,130,263,321,103,330,134,245
501,483,225,73,516,107,476,134,166,207,440,587,897,336,293,341,365,901,572,62,270,564,339,214,370,154,387,268,288,651,790,1356,267,477,95,577,466,89,227,541,368,103,409,193,422,453,330,251,180,330
162,159,87,36,179,35,179,57,57,76,148,229,354,109,95,103,122,318,201,23,95,180,106,74,127,53,128,93,109,239,281,480,110,157,39,223,179,27,103,182,126,40,149,51,152,180,134,180,29,152
387,280,136,65,338,82,337,126,114,139,261,377,580,217,221,212,237,547,368,35,189,371,244,146,234,80,225,154,191,418,522,914,180,323,100,360,328,53,160,377,247,71,240,129,293,311,245,330,152,101
