259,481,217,82,494,114,466,161,178,260,444,496,806,374,321,354,353,831,501,67,326,546,375,208,372,132,366,300,308,635,705,1228,268,505,110,513,467,77,231,462,295,118,376,166,438,442,321,491,165,358
481,189,160,76,434,102,400,134,153,163,381,483,794,274,235,268,343,768,442,51,237,439,256,166,278,112,285,193,200,532,648,1205,256,400,89,458,421,76,224,475,293,83,350,159,334,393,280,457,156,273
217,160,33,37,227,38,185,49,65,91,160,244,347,140,102,106,167,351,203,15,97,200,113,65,120,63,155,91,99,259,294,573,107,183,47,201,167,24,103,203,119,30,152,58,150,183,123,217,71,119
82,76,37,3,95,15,76,32,29,37,77,81,123,64,47,60,62,124,93,18,48,84,45,24,60,21,55,38,51,122,125,203,48,84,23,90,70,9,45,99,60,15,74,21,63,83,66,93,23,62
494,434,227,95,253,123,462,160,158,215,443,571,913,322,259,301,365,899,504,67,303,515,302,188,374,135,349,259,280,687,804,1363,278,491,113,549,487,89,262,552,319,96,384,193,438,461,300,551,173,367
114,102,38,15,123,12,102,32,33,38,96,115,170,88,56,68,79,173,116,12,73,106,53,40,77,40,89,60,55,154,151,252,58,101,27,142,106,15,52,124,62,18,88,36,87,107,75,90,44,68
466,400,185,76,462,102,207,142,176,209,438,527,876,325,242,291,352,873,490,53,269,448,280,195,295,129,347,186,225,627,747,1334,281,451,120,521,439,80,248,515,320,103,352,179,338,483,307,474,199,344
161,134,49,32,160,32,142,19,44,58,135,167,300,107,83,98,99,290,156,14,69,166,92,69,109,24,89,70,74,179,239,416,80,113,32,161,150,27,75,163,96,30,136,60,112,139,94,170,57,101
178,153,65,29,158,33,176,44,24,76,143,190,289,90,85,89,105,297,161,13,89,148,88,64,106,40,118,81,75,175,273,462,85,164,32,174,134,27,74,181,100,35,124,67,136,154,92,200,61,109
260,163,91,37,215,38,209,58,76,31,161,219,369,152,108,122,135,364,198,20,109,199,142,89,136,50,141,96,98,270,296,571,100,196,43,227,202,32,95,228,124,50,175,83,176,180,118,210,82,149
444,381,160,77,443,96,438,135,143,161,190,466,728,281,230,247,305,729,427,52,216,424,270,179,311,99,268,193,218,526,651,1177,210,392,92,464,415,76,208,502,280,97,331,175,376,365,255,425,170,306
496,483,244,81,571,115,527,167,190,219,466,339,986,347,301,326,350,1039,572,69,337,574,309,195,365,129,393,238,319,690,884,1585,318,514,131,572,507,107,273,611,374,123,409,212,444,519,324,569,231,361
806,794,347,123,913,170,876,300,289,369,728,986,819,625,498,507,610,1414,939,104,532,974,514,359,583,220,617,415,468,1135,1367,2441,467,831,216,1022,871,160,432,922,594,181,679,322,719,817,533,883,352,607
374,274,140,64,322,88,325,107,90,152,281,347,625,101,184,189,226,598,310,52,183,325,191,142,227,77,228,154,183,417,506,927,207,289,70,338,320,51,176,335,203,73,246,132,278,311,229,334,123,241
321,235,102,47,259,56,242,83,85,108,230,301,498,184,63,136,217,447,262,28,133,252,160,104,165,43,161,138,152,312,378,722,137,231,68,255,256,49,131,253,159,45,192,99,210,222,153,294,102,187
354,268,106,60,301,68,291,98,89,122,247,326,507,189,136,73,227,506,276,25,133,276,164,121,159,52,173,139,157,341,435,798,171,274,67,275,263,44,154,290,174,53,242,100,220,244,165,323,98,201
353,343,167,62,365,79,352,99,105,135,305,350,610,226,217,227,123,661,356,45,215,328,225,147,252,93,284,167,196,473,500,971,173,338,82,405,349,59,179,378,227,68,301,131,318,334,246,370,144,217
831,768,351,124,899,173,873,290,297,364,729,1039,1414,598,447,506,661,767,901,109,497,958,524,360,556,225,611,444,458,1131,1349,2390,504,837,208,981,865,146,469,925,598,190,679,358,681,796,573,916,324,597
501,442,203,93,504,116,490,156,161,198,427,572,939,310,262,276,356,901,254,71,290,476,307,174,347,119,305,235,265,636,723,1433,280,516,121,526,472,80,248,563,311,93,426,185,441,495,342,520,191,336
67,51,15,18,67,12,53,14,13,20,52,69,104,52,28,25,45,109,71,4,31,67,41,21,44,19,44,43,25,71,87,182,33,64,19,54,62,7,35,73,47,18,40,25,52,54,43,53,23,40
326,237,97,48,303,73,269,69,89,109,216,337,532,183,133,133,215,497,290,31,62,304,166,113,168,86,187,126,146,351,432,793,147,268,63,273,253,38,126,272,203,51,224,94,216,239,166,290,108,201
546,439,200,84,515,106,448,166,148,199,424,574,974,325,252,276,328,958,476,67,304,262,279,196,343,127,343,224,255,678,784,1496,295,468,109,583,466,89,236,556,318,106,410,192,406,485,329,545,170,359
375,256,113,45,302,53,280,92,88,142,270,309,514,191,160,164,225,524,307,41,166,279,104,109,195,74,207,148,147,373,437,850,176,277,83,309,296,48,136,306,205,64,253,128,250,253,188,332,124,220
208,166,65,24,188,40,195,69,64,89,179,195,359,142,104,121,147,360,174,21,113,196,109,45,149,45,152,91,99,259,306,576,112,183,49,213,181,28,95,224,134,47,150,73,149,191,141,210,75,158
372,278,120,60,374,77,295,109,106,136,311,365,583,227,165,159,252,556,347,44,168,343,195,149,127,92,222,171,158,386,489,902,178,330,79,334,334,50,169,355,231,66,235,137,255,309,200,333,139,216
132,112,63,21,135,40,129,24,40,50,99,129,220,77,43,52,93,225,119,19,86,127,74,45,92,9,69,54,52,173,182,345,69,124,24,122,119,22,67,146,95,24,90,42,97,123,65,127,50,82
366,285,155,55,349,89,347,89,118,141,268,393,617,228,161,173,284,611,305,44,187,343,207,152,222,69,111,135,161,441,493,963,185,326,78,354,329,44,184,385,225,72,241,135,261,302,200,367,146,220
300,193,91,38,259,60,186,70,81,96,193,238,415,154,138,139,167,444,235,43,126,224,148,91,171,54,135,54,104,324,362,678,129,223,51,266,212,38,118,252,137,42,187,71,183,218,138,231,83,177
308,200,99,51,280,55,225,74,75,98,218,319,468,183,152,157,196,458,265,25,146,255,147,99,158,52,161,104,64,323,357,718,142,243,55,267,249,43,128,267,190,64,193,82,191,228,156,249,99,185
635,532,259,122,687,154,627,179,175,270,526,690,1135,417,312,341,473,1131,636,71,351,678,373,259,386,173,441,324,323,441,992,1783,397,629,159,669,635,101,325,619,421,144,501,255,501,595,361,637,228,413
705,648,294,125,804,151,747,239,273,296,651,884,1367,506,378,435,500,1349,723,87,432,784,437,306,489,182,493,362,357,992,548,2092,395,722,181,819,784,130,380,761,498,144,605,285,600,669,485,742,267,471
1228,1205,573,203,1363,252,1334,416,462,571,1177,1585,2441,927,722,798,971,2390,1433,182,793,1496,850,576,902,345,963,678,718,1783,2092,1901,739,1316,314,1584,1297,248,707,1412,939,284,1016,508,1101,1264,918,1365,477,965
268,256,107,48,278,58,281,80,85,100,210,318,467,207,137,171,173,504,280,33,147,295,176,112,178,69,185,129,142,397,395,739,69,259,68,311,265,43,144,284,195,55,192,103,234,249,182,281,96,169
505,400,183,84,491,101,451,113,164,196,392,514,831,289,231,274,338,837,516,64,268,468,277,183,330,124,326,223,243,629,722,1316,259,208,98,478,433,83,216,524,322,99,397,182,399,460,308,496,168,365
110,89,47,23,113,27,120,32,32,43,92,131,216,70,68,67,82,208,121,19,63,109,83,49,79,24,78,51,55,159,181,314,68,98,14,121,109,17,59,100,64,24,88,34,100,119,69,118,39,74
513,458,201,90,549,142,521,161,174,227,464,572,1022,338,255,275,405,981,526,54,273,583,309,213,334,122,354,266,267,669,819,1584,311,478,121,268,497,89,276,565,322,95,425,195,423,483,351,546,217,346
467,421,167,70,487,106,439,150,134,202,415,507,871,320,256,263,349,865,472,62,253,466,296,181,334,119,329,212,249,635,784,1297,265,433,109,497,212,75,258,541,293,97,361,167,378,430,329,476,169,326
77,76,24,9,89,15,80,27,27,32,76,107,160,51,49,44,59,146,80,7,38,89,48,28,50,22,44,38,43,101,130,248,43,83,17,89,75,9,48,90,62,16,51,48,71,73,57,90,30,59
231,224,103,45,262,52,248,75,74,95,208,273,432,176,131,154,179,469,248,35,126,236,136,95,169,67,184,118,128,325,380,707,144,216,59,276,258,48,57,287,182,50,206,86,194,248,167,278,96,187
462,475,203,99,552,124,515,163,181,228,502,611,922,335,253,290,378,925,563,73,272,556,306,224,355,146,385,252,267,619,761,1412,284,524,100,565,541,90,287,297,356,105,391,204,426,486,352,571,202,393
295,293,119,60,319,62,320,96,100,124,280,374,594,203,159,174,227,598,311,47,203,318,205,134,231,95,225,137,190,421,498,939,195,322,64,322,293,62,182,356,116,59,240,129,277,315,215,349,121,224
118,83,30,15,96,18,103,30,35,50,97,123,181,73,45,53,68,190,93,18,51,106,64,47,66,24,72,42,64,144,144,284,55,99,24,95,97,16,50,105,59,8,79,32,75,106,60,110,37,67
376,350,152,74,384,88,352,136,124,175,331,409,679,246,192,242,301,679,426,40,224,410,253,150,235,90,241,187,193,501,605,1016,192,397,88,425,361,51,206,391,240,79,141,143,289,319,250,419,136,284
166,159,58,21,193,36,179,60,67,83,175,212,322,132,99,100,131,358,185,25,94,192,128,73,137,42,135,71,82,255,285,508,103,182,34,195,167,48,86,204,129,32,143,25,171,181,109,202,74,117
438,334,150,63,438,87,338,112,136,176,376,444,719,278,210,220,318,681,441,52,216,406,250,149,255,97,261,183,191,501,600,1101,234,399,100,423,378,71,194,426,277,75,289,171,147,384,272,398,162,266
442,393,183,83,461,107,483,139,154,180,365,519,817,311,222,244,334,796,495,54,239,485,253,191,309,123,302,218,228,595,669,1264,249,460,119,483,430,73,248,486,315,106,319,181,384,193,333,477,154,293
321,280,123,66,300,75,307,94,92,118,255,324,533,229,153,165,246,573,342,43,166,329,188,141,200,65,200,138,156,361,485,918,182,308,69,351,329,57,167,352,215,60,250,109,272,333,94,313,110,232
491,457,217,93,551,90,474,170,200,210,425,569,883,334,294,323,370,916,520,53,290,545,332,210,333,127,367,231,249,637,742,1365,281,496,118,546,476,90,278,571,349,110,419,202,398,477,313,285,183,366
165,156,71,23,173,44,199,57,61,82,170,231,352,123,102,98,144,324,191,23,108,170,124,75,139,50,146,83,99,228,267,477,96,168,39,217,169,30,96,202,121,37,136,74,162,154,110,183,30,125
358,273,119,62,367,68,344,101,109,149,306,361,607,241,187,201,217,597,336,40,201,359,220,158,216,82,220,177,185,413,471,965,169,365,74,346,326,59,187,393,224,67,284,117,266,293,232,366,125,106
