242,433,224,73,486,97,435,184,164,225,444,514,785,348,298,338,367,793,504,65,305,490,334,201,377,152,374,247,278,576,694,1149,264,465,104,488,472,94,266,465,314,105,341,167,403,409,305,481,149,385
433,184,174,67,421,105,391,143,128,172,360,486,766,272,221,248,302,727,438,44,246,443,248,171,261,105,301,203,217,530,631,1230,235,410,95,418,370,70,227,481,282,86,323,159,338,429,267,439,148,315
224,174,32,26,201,39,192,74,60,71,140,221,367,138,109,122,136,359,175,17,98,188,111,91,112,51,137,96,89,228,296,551,100,176,40,213,187,31,127,207,140,40,159,89,176,194,125,214,69,133
73,67,26,3,74,14,76,20,21,39,72,89,142,55,49,53,53,139,92,13,52,83,48,24,51,17,54,34,40,104,110,193,45,69,23,99,65,14,42,82,60,19,59,43,66,71,58,76,29,62
486,421,201,74,277,99,482,157,183,205,429,599,893,324,258,265,395,881,520,59,290,495,315,195,345,149,365,263,268,607,744,1410,253,493,120,555,435,79,246,579,367,118,379,206,430,464,314,521,191,332
97,105,39,14,99,8,98,38,25,59,100,116,195,87,65,75,64,194,127,18,72,120,62,45,76,27,72,51,67,134,179,286,64,91,30,109,93,18,56,134,77,26,70,45,81,95,80,114,25,74
435,391,192,76,482,98,218,148,125,204,388,540,857,333,259,277,318,856,511,54,280,496,307,197,280,124,320,230,234,610,733,1304,263,422,129,503,449,66,249,503,320,109,358,198,373,446,318,490,152,297
184,143,74,20,157,38,148,27,47,68,134,157,237,117,87,93,114,265,179,22,84,174,100,62,94,40,97,66,81,176,249,416,84,139,36,143,133,22,72,174,118,28,127,62,130,128,100,168,58,114
164,128,60,21,183,25,125,47,26,65,118,205,286,113,91,106,104,323,150,22,95,170,88,54,89,38,101,83,92,198,257,471,76,151,41,174,141,24,76,183,102,28,116,61,118,162,102,153,52,117
225,172,71,39,205,59,204,68,65,53,182,222,336,138,112,103,160,361,216,22,110,215,114,86,134,43,127,84,83,255,297,555,106,196,42,183,204,37,92,226,143,40,162,83,152,200,132,231,66,148
444,360,140,72,429,100,388,134,118,182,176,448,786,306,223,226,289,751,425,55,242,428,254,189,292,101,293,198,215,531,616,1127,251,392,94,386,400,72,192,455,255,97,286,163,356,401,276,421,158,287
514,486,221,89,599,116,540,157,205,222,448,283,974,372,316,326,418,989,571,70,306,607,328,200,391,139,375,264,277,708,852,1542,306,530,125,610,511,89,326,594,346,117,419,208,462,532,364,609,206,371
785,766,367,142,893,195,857,237,286,336,786,974,807,585,495,528,635,1441,881,105,517,933,549,351,630,244,648,419,500,1124,1354,2321,476,823,222,926,814,154,437,919,613,188,667,337,709,776,576,904,299,601
348,272,138,55,324,87,333,117,113,138,306,372,585,109,167,187,238,573,363,27,175,327,186,145,194,81,205,136,159,438,507,931,176,308,75,353,317,49,165,367,235,72,268,128,260,299,191,360,113,224
298,221,109,49,258,65,259,87,91,112,223,316,495,167,72,129,186,491,255,27,167,271,159,102,181,62,173,136,124,327,437,720,152,251,56,251,249,36,145,270,172,41,224,92,202,247,157,305,111,185
338,248,122,53,265,75,277,93,106,103,226,326,528,187,129,78,183,536,284,38,165,278,176,118,184,71,195,125,142,354,478,832,148,246,66,274,290,58,159,289,202,59,229,130,244,289,166,326,122,191
367,302,136,53,395,64,318,114,104,160,289,418,635,238,186,183,128,614,400,48,181,404,212,167,238,104,257,171,201,514,558,1013,219,337,82,382,357,65,186,373,246,69,282,144,314,343,214,401,142,231
793,727,359,139,881,194,856,265,323,361,751,989,1441,573,491,536,614,804,858,97,497,847,536,351,624,256,634,430,496,1132,1330,2363,479,782,201,948,821,143,434,949,599,182,693,329,685,778,547,960,307,604
504,438,175,92,520,127,511,179,150,216,425,571,881,363,255,284,400,858,272,67,280,513,331,222,331,137,350,230,274,629,768,1348,251,459,111,517,453,74,270,515,339,113,379,166,392,443,321,525,179,348
65,44,17,13,59,18,54,22,22,22,55,70,105,27,27,38,48,97,67,2,34,69,33,29,39,12,36,26,29,62,92,150,29,65,15,76,51,13,25,76,36,10,51,23,48,53,42,65,20,43
305,246,98,52,290,72,280,84,95,110,242,306,517,175,167,165,181,497,280,34,80,288,154,131,159,57,166,145,142,336,424,830,167,279,71,260,277,47,141,306,163,40,187,117,243,270,181,281,122,165
490,443,188,83,495,120,496,174,170,215,428,607,933,327,271,278,404,847,513,69,288,277,310,212,332,128,341,267,264,626,756,1358,271,476,109,558,446,83,271,523,346,98,406,184,403,481,325,547,181,377
334,248,111,48,315,62,307,100,88,114,254,328,549,186,159,176,212,536,331,33,154,310,80,123,186,65,191,119,147,382,464,824,151,271,68,316,262,42,153,327,188,65,225,115,207,249,193,301,109,208
201,171,91,24,195,45,197,62,54,86,189,200,351,145,102,118,167,351,222,29,131,212,123,41,122,47,132,82,89,267,325,599,123,188,47,220,175,35,95,219,123,42,166,83,150,192,122,205,63,130
377,261,112,51,345,76,280,94,89,134,292,391,630,194,181,184,238,624,331,39,159,332,186,122,95,69,207,142,161,408,489,968,185,306,73,328,325,51,153,357,214,66,264,111,240,310,211,326,120,205
152,105,51,17,149,27,124,40,38,43,101,139,244,81,62,71,104,256,137,12,57,128,65,47,69,9,68,56,69,164,178,365,65,94,27,148,122,24,67,132,95,35,102,43,99,126,72,133,46,79
374,301,137,54,365,72,320,97,101,127,293,375,648,205,173,195,257,634,350,36,166,341,191,132,207,68,106,133,152,393,511,1002,186,290,72,379,317,53,144,364,216,80,266,120,266,343,171,359,109,239
247,203,96,34,263,51,230,66,83,84,198,264,419,136,136,125,171,430,230,26,145,267,119,82,142,56,133,61,103,283,371,600,131,202,60,244,233,40,117,268,166,38,169,94,178,232,130,269,75,184
278,217,89,40,268,67,234,81,92,83,215,277,500,159,124,142,201,496,274,29,142,264,147,89,161,69,152,103,65,304,402,750,129,260,52,264,236,52,123,278,162,49,201,102,197,217,137,275,112,172
576,530,228,104,607,134,610,176,198,255,531,708,1124,438,327,354,514,1132,629,62,336,626,382,267,408,164,393,283,304,424,980,1792,358,590,136,646,567,104,309,695,436,134,491,227,538,540,392,684,246,448
694,631,296,110,744,179,733,249,257,297,616,852,1354,507,437,478,558,1330,768,92,424,756,464,325,489,178,511,371,402,980,572,2037,378,704,162,838,733,136,403,767,534,179,570,305,604,654,476,795,276,538
1149,1230,551,193,1410,286,1304,416,471,555,1127,1542,2321,931,720,832,1013,2363,1348,150,830,1358,824,599,968,365,1002,600,750,1792,2037,1880,695,1312,320,1490,1212,231,682,1477,875,285,1067,503,1127,1230,858,1409,437,955
264,235,100,45,253,64,263,84,76,106,251,306,476,176,152,148,219,479,251,29,167,271,151,123,185,65,186,131,129,358,378,695,69,256,60,277,234,41,132,270,173,52,183,101,203,243,173,271,90,187
465,410,176,69,493,91,422,139,151,196,392,530,823,308,251,246,337,782,459,65,279,476,271,188,306,94,290,202,260,590,704,1312,256,212,111,470,394,76,245,463,309,93,352,154,359,407,303,487,180,293
104,95,40,23,120,30,129,36,41,42,94,125,222,75,56,66,82,201,111,15,71,109,68,47,73,27,72,60,52,136,162,320,60,111,12,122,134,12,58,124,86,29,105,37,99,108,60,122,44,68
488,418,213,99,555,109,503,143,174,183,386,610,926,353,251,274,382,948,517,76,260,558,316,220,328,148,379,244,264,646,838,1490,277,470,122,291,506,96,270,574,357,111,398,184,412,469,293,562,191,354
472,370,187,65,435,93,449,133,141,204,400,511,814,317,249,290,357,821,453,51,277,446,262,175,325,122,317,233,236,567,733,1212,234,394,134,506,212,64,241,475,301,94,345,163,370,440,304,471,160,325
94,70,31,14,79,18,66,22,24,37,72,89,154,49,36,58,65,143,74,13,47,83,42,35,51,24,53,40,52,104,136,231,41,76,12,96,64,6,27,92,48,11,75,38,71,77,51,87,28,53
266,227,127,42,246,56,249,72,76,92,192,326,437,165,145,159,186,434,270,25,141,271,153,95,153,67,144,117,123,309,403,682,132,245,58,270,241,27,61,271,165,43,178,116,212,245,130,267,93,156
465,481,207,82,579,134,503,174,183,226,455,594,919,367,270,289,373,949,515,76,306,523,327,219,357,132,364,268,278,695,767,1477,270,463,124,574,475,92,271,283,344,100,431,190,427,459,373,531,188,361
314,282,140,60,367,77,320,118,102,143,255,346,613,235,172,202,246,599,339,36,163,346,188,123,214,95,216,166,162,436,534,875,173,309,86,357,301,48,165,344,114,78,245,111,254,295,221,337,105,237
105,86,40,19,118,26,109,28,28,40,97,117,188,72,41,59,69,182,113,10,40,98,65,42,66,35,80,38,49,134,179,285,52,93,29,111,94,11,43,100,78,7,72,41,79,76,61,104,28,70
341,323,159,59,379,70,358,127,116,162,286,419,667,268,224,229,282,693,379,51,187,406,225,166,264,102,266,169,201,491,570,1067,183,352,105,398,345,75,178,431,245,72,141,138,293,348,258,356,151,254
167,159,89,43,206,45,198,62,61,83,163,208,337,128,92,130,144,329,166,23,117,184,115,83,111,43,120,94,102,227,305,503,101,154,37,184,163,38,116,190,111,41,138,38,159,155,102,216,68,128
403,338,176,66,430,81,373,130,118,152,356,462,709,260,202,244,314,685,392,48,243,403,207,150,240,99,266,178,197,538,604,1127,203,359,99,412,370,71,212,427,254,79,293,159,156,351,225,428,148,281
409,429,194,71,464,95,446,128,162,200,401,532,776,299,247,289,343,778,443,53,270,481,249,192,310,126,343,232,217,540,654,1230,243,407,108,469,440,77,245,459,295,76,348,155,351,214,329,481,144,331
305,267,125,58,314,80,318,100,102,132,276,364,576,191,157,166,214,547,321,42,181,325,193,122,211,72,171,130,137,392,476,858,173,303,60,293,304,51,130,373,221,61,258,102,225,329,100,345,111,198
481,439,214,76,521,114,490,168,153,231,421,609,904,360,305,326,401,960,525,65,281,547,301,205,326,133,359,269,275,684,795,1409,271,487,122,562,471,87,267,531,337,104,356,216,428,481,345,283,191,324
149,148,69,29,191,25,152,58,52,66,158,206,299,113,111,122,142,307,179,20,122,181,109,63,120,46,109,75,112,246,276,437,90,180,44,191,160,28,93,188,105,28,151,68,148,144,111,191,25,140
385,315,133,62,332,74,297,114,117,148,287,371,601,224,185,191,231,604,348,43,165,377,208,130,205,79,239,184,172,448,538,955,187,293,68,354,325,53,156,361,237,70,254,128,281,331,198,324,140,106
