258,440,227,87,487,106,478,179,163,265,475,546,848,403,300,327,336,884,483,69,297,533,353,212,337,158,383,259,325,636,701,1170,229,506,117,524,483,71,267,473,313,107,385,181,436,428,349,510,166,365
440,198,178,72,455,108,437,125,157,187,375,475,778,291,215,244,327,777,478,53,238,431,241,186,296,121,322,193,199,542,666,1232,235,438,88,459,419,70,208,490,291,95,354,183,369,407,286,471,156,308
227,178,40,41,198,47,176,65,53,74,175,242,376,142,106,117,166,347,214,22,111,223,128,104,146,60,140,94,101,228,303,580,103,189,41,216,191,36,115,212,128,35,153,70,183,187,113,205,71,128
87,72,41,4,96,14,78,34,27,40,73,117,145,44,36,50,68,142,81,10,53,81,46,33,51,20,61,54,45,113,118,195,38,82,19,89,74,12,52,79,57,18,73,32,62,57,55,75,26,66
487,455,198,96,259,114,523,140,178,209,416,575,925,344,268,292,348,955,548,70,272,534,312,188,350,123,322,260,235,633,770,1460,288,442,120,512,467,89,264,541,356,108,396,201,393,488,318,528,183,359
106,108,47,14,114,10,110,44,39,49,108,132,205,85,54,65,81,207,114,9,70,122,54,49,81,28,82,59,59,143,155,293,63,115,22,104,114,20,80,110,70,20,81,40,91,84,91,95,34,69
478,437,176,78,523,110,233,169,142,183,411,571,899,315,238,256,356,901,515,58,261,506,279,217,335,113,328,273,242,654,730,1326,266,503,105,525,465,79,269,513,303,95,351,174,391,435,317,510,162,313
179,125,65,34,140,44,169,24,49,58,116,185,268,91,75,74,123,248,128,13,75,146,85,61,83,33,89,63,81,200,217,400,81,141,34,149,177,20,66,156,105,25,111,64,121,126,84,163,56,106
163,157,53,27,178,39,142,49,25,67,154,200,280,106,85,86,115,273,167,17,84,168,102,70,102,47,106,82,83,186,255,456,92,154,41,183,139,33,76,172,103,27,125,71,132,154,116,170,58,111
265,187,74,40,209,49,183,58,67,39,168,198,355,136,116,117,144,370,209,32,133,187,136,77,138,56,138,112,110,262,295,574,99,174,51,203,180,32,92,231,130,52,172,71,162,192,143,202,73,140
475,375,175,73,416,108,411,116,154,168,181,469,755,283,246,273,342,732,459,51,241,410,268,157,249,111,264,205,219,559,660,1129,223,410,102,472,397,82,207,476,308,101,332,156,331,390,264,447,160,272
546,475,242,117,575,132,571,185,200,198,469,317,1041,334,310,275,428,1021,557,66,312,576,347,211,369,140,354,254,271,723,907,1662,309,538,123,607,507,92,330,619,381,119,423,209,443,562,383,616,188,386
848,778,376,145,925,205,899,268,280,355,755,1041,859,579,468,486,667,1532,927,118,512,911,584,341,584,224,583,413,453,1217,1368,2484,490,859,234,945,828,150,434,989,565,176,693,352,735,833,589,980,346,595
403,291,142,44,344,85,315,91,106,136,283,334,579,113,166,192,234,565,329,38,201,331,197,137,243,83,234,160,166,411,462,936,176,288,71,334,321,67,164,328,213,68,246,118,269,284,215,327,119,249
300,215,106,36,268,54,238,75,85,116,246,310,468,166,62,125,173,462,279,28,159,273,154,101,192,81,196,143,120,328,397,725,140,236,68,283,247,45,149,281,188,59,215,103,234,255,177,255,95,173
327,244,117,50,292,65,256,74,86,117,273,275,486,192,125,85,201,517,305,39,173,329,169,110,189,87,209,146,140,327,460,809,149,255,73,315,294,58,135,316,187,57,228,112,255,269,179,311,101,182
336,327,166,68,348,81,356,123,115,144,342,428,667,234,173,201,116,667,356,52,180,361,208,153,236,95,231,164,190,461,596,1039,191,358,96,335,347,68,181,406,244,79,294,141,292,338,226,347,138,235
884,777,347,142,955,207,901,248,273,370,732,1021,1532,565,462,517,667,852,958,119,491,918,579,333,570,197,559,431,479,1154,1418,2533,504,833,222,971,831,163,442,1009,596,162,668,332,713,839,608,962,356,612
483,478,214,81,548,114,515,128,167,209,459,557,927,329,279,305,356,958,233,56,257,473,292,211,347,135,362,241,243,671,781,1458,281,458,104,549,478,81,247,566,325,97,362,203,455,479,297,596,181,363
69,53,22,10,70,9,58,13,17,32,51,66,118,38,28,39,52,119,56,5,32,63,32,24,33,20,47,22,34,78,108,188,34,47,17,56,66,12,31,73,52,13,47,24,41,66,40,65,19,35
297,238,111,53,272,70,261,75,84,133,241,312,512,201,159,173,180,491,257,32,75,292,178,112,165,68,153,108,155,315,412,829,155,262,69,242,282,53,118,312,199,55,248,93,221,255,157,295,112,178
533,431,223,81,534,122,506,146,168,187,410,576,911,331,273,329,361,918,473,63,292,249,284,181,321,138,350,248,259,702,756,1450,275,445,126,545,519,82,261,560,348,91,369,190,480,478,320,579,182,367
353,241,128,46,312,54,279,85,102,136,268,347,584,197,154,169,208,579,292,32,178,284,94,126,192,85,205,152,146,348,460,785,154,274,78,318,251,56,134,306,194,54,258,98,264,277,167,294,123,196
212,186,104,33,188,49,217,61,70,77,157,211,341,137,101,110,153,333,211,24,112,181,126,47,133,58,130,106,111,261,313,527,110,181,46,219,176,35,88,208,140,31,153,85,173,177,120,204,73,153
337,296,146,51,350,81,335,83,102,138,249,369,584,243,192,189,236,570,347,33,165,321,192,133,109,83,239,151,150,411,476,937,212,321,76,337,304,58,173,377,224,75,286,134,252,324,195,376,119,231
158,121,60,20,123,28,113,33,47,56,111,140,224,83,81,87,95,197,135,20,68,138,85,58,83,18,82,55,66,170,184,351,88,117,24,145,141,18,56,116,90,26,117,46,103,112,72,134,60,93
383,322,140,61,322,82,328,89,106,138,264,354,583,234,196,209,231,559,362,47,153,350,205,130,239,82,115,145,164,438,528,956,211,323,63,336,318,56,146,349,222,72,267,129,265,297,216,379,141,224
259,193,94,54,260,59,273,63,82,112,205,254,413,160,143,146,164,431,241,22,108,248,152,106,151,55,145,59,144,288,373,693,132,251,47,231,236,24,121,240,147,49,168,101,209,232,138,253,91,164
325,199,101,45,235,59,242,81,83,110,219,271,453,166,120,140,190,479,243,34,155,259,146,111,150,66,164,144,66,334,390,682,155,222,58,264,261,60,119,275,169,46,214,96,217,227,135,269,102,178
636,542,228,113,633,143,654,200,186,262,559,723,1217,411,328,327,461,1154,671,78,315,702,348,261,411,170,438,288,334,390,972,1950,346,587,141,687,648,113,317,714,425,129,476,254,507,603,377,696,252,405
701,666,303,118,770,155,730,217,255,295,660,907,1368,462,397,460,596,1418,781,108,412,756,460,313,476,184,528,373,390,972,568,2174,400,759,175,817,744,120,376,827,548,156,612,290,646,716,487,765,262,524
1170,1232,580,195,1460,293,1326,400,456,574,1129,1662,2484,936,725,809,1039,2533,1458,188,829,1450,785,527,937,351,956,693,682,1950,2174,1991,726,1286,332,1499,1318,278,677,1557,1010,288,1062,579,1078,1231,934,1432,520,904
229,235,103,38,288,63,266,81,92,99,223,309,490,176,140,149,191,504,281,34,155,275,154,110,212,88,211,132,155,346,400,726,75,244,61,287,248,56,145,318,174,52,199,101,222,251,154,255,95,193
506,438,189,82,442,115,503,141,154,174,410,538,859,288,236,255,358,833,458,47,262,445,274,181,321,117,323,251,222,587,759,1286,244,208,104,518,455,78,246,523,318,97,334,207,432,430,282,482,177,310
117,88,41,19,120,22,105,34,41,51,102,123,234,71,68,73,96,222,104,17,69,126,78,46,76,24,63,47,58,141,175,332,61,104,15,121,100,19,68,113,70,24,85,41,92,106,68,123,51,69
524,459,216,89,512,104,525,149,183,203,472,607,945,334,283,315,335,971,549,56,242,545,318,219,337,145,336,231,264,687,817,1499,287,518,121,261,472,91,256,605,332,114,436,204,436,476,287,571,208,345
483,419,191,74,467,114,465,177,139,180,397,507,828,321,247,294,347,831,478,66,282,519,251,176,304,141,318,236,261,648,744,1318,248,455,100,472,208,77,259,510,338,99,365,182,376,402,290,490,156,308
71,70,36,12,89,20,79,20,33,32,82,92,150,67,45,58,68,163,81,12,53,82,56,35,58,18,56,24,60,113,120,278,56,78,19,91,77,5,40,91,53,16,64,32,79,89,61,101,42,64
267,208,115,52,264,80,269,66,76,92,207,330,434,164,149,135,181,442,247,31,118,261,134,88,173,56,146,121,119,317,376,677,145,246,68,256,259,40,65,273,183,45,184,95,193,228,169,255,92,160
473,490,212,79,541,110,513,156,172,231,476,619,989,328,281,316,406,1009,566,73,312,560,306,208,377,116,349,240,275,714,827,1557,318,523,113,605,510,91,273,298,365,113,401,232,443,525,359,548,190,352
313,291,128,57,356,70,303,105,103,130,308,381,565,213,188,187,244,596,325,52,199,348,194,140,224,90,222,147,169,425,548,1010,174,318,70,332,338,53,183,365,99,74,242,138,272,323,223,351,129,240
107,95,35,18,108,20,95,25,27,52,101,119,176,68,59,57,79,162,97,13,55,91,54,31,75,26,72,49,46,129,156,288,52,97,24,114,99,16,45,113,74,1,86,37,78,119,67,122,34,80
385,354,153,73,396,81,351,111,125,172,332,423,693,246,215,228,294,668,362,47,248,369,258,153,286,117,267,168,214,476,612,1062,199,334,85,436,365,64,184,401,242,86,156,134,318,317,231,405,143,277
181,183,70,32,201,40,174,64,71,71,156,209,352,118,103,112,141,332,203,24,93,190,98,85,134,46,129,101,96,254,290,579,101,207,41,204,182,32,95,232,138,37,134,39,147,181,121,194,59,114
436,369,183,62,393,91,391,121,132,162,331,443,735,269,234,255,292,713,455,41,221,480,264,173,252,103,265,209,217,507,646,1078,222,432,92,436,376,79,193,443,272,78,318,147,172,399,223,429,141,265
428,407,187,57,488,84,435,126,154,192,390,562,833,284,255,269,338,839,479,66,255,478,277,177,324,112,297,232,227,603,716,1231,251,430,106,476,402,89,228,525,323,119,317,181,399,221,300,481,176,287
349,286,113,55,318,91,317,84,116,143,264,383,589,215,177,179,226,608,297,40,157,320,167,120,195,72,216,138,135,377,487,934,154,282,68,287,290,61,169,359,223,67,231,121,223,300,86,355,105,229
510,471,205,75,528,95,510,163,170,202,447,616,980,327,255,311,347,962,596,65,295,579,294,204,376,134,379,253,269,696,765,1432,255,482,123,571,490,101,255,548,351,122,405,194,429,481,355,279,180,330
166,156,71,26,183,34,162,56,58,73,160,188,346,119,95,101,138,356,181,19,112,182,123,73,119,60,141,91,102,252,262,520,95,177,51,208,156,42,92,190,129,34,143,59,141,176,105,180,33,132
365,308,128,66,359,69,313,106,111,140,272,386,595,249,173,182,235,612,363,35,178,367,196,153,231,93,224,164,178,405,524,904,193,310,69,345,308,64,160,352,240,80,277,114,265,287,229,330,132,108
