255,452,197,86,496,117,493,181,176,232,453,481,780,372,331,342,345,822,514,84,312,534,347,244,355,133,370,275,317,603,711,1231,257,460,93,570,496,66,235,513,293,95,380,179,444,432,341,499,163,402
452,184,162,75,467,102,425,132,142,184,371,453,780,247,248,277,353,771,465,51,249,473,266,155,283,109,262,201,218,561,702,1192,260,375,89,429,436,63,218,450,299,95,347,185,356,431,248,496,157,332
197,162,34,22,183,45,179,49,46,84,158,220,373,136,90,116,146,403,206,18,113,216,101,90,118,45,118,88,92,249,314,544,105,174,52,217,196,40,107,207,130,39,190,68,173,193,120,244,56,142
86,75,22,6,68,17,96,30,32,40,86,80,139,57,50,59,54,156,81,14,63,102,59,45,68,25,58,40,45,116,140,221,41,76,27,87,95,13,44,78,56,16,67,32,69,68,64,90,36,58
496,467,183,68,263,102,488,146,166,191,451,558,966,305,263,300,382,908,536,64,309,538,320,201,357,128,357,234,246,622,797,1407,290,471,111,556,497,83,257,563,341,93,410,175,404,471,307,550,173,380
117,102,45,17,102,14,117,38,44,45,102,121,191,60,60,74,93,178,119,17,68,125,84,49,75,31,81,58,77,151,184,263,51,99,25,125,101,20,51,124,69,27,72,46,85,97,78,113,34,85
493,425,179,96,488,117,247,161,160,224,442,532,874,307,271,304,338,868,456,68,291,548,288,217,337,125,337,213,237,618,763,1353,256,485,122,499,455,76,254,494,286,100,361,183,396,456,315,519,174,329
181,132,49,30,146,38,161,11,45,51,141,150,259,100,83,95,110,279,141,18,85,168,73,72,108,57,116,65,81,219,225,436,78,129,42,148,143,21,71,184,79,28,144,53,138,149,99,155,68,111
176,142,46,32,166,44,160,45,29,60,141,181,286,115,93,89,119,285,153,23,96,164,99,72,116,41,108,82,58,209,274,465,90,155,34,201,149,27,77,176,90,21,124,66,120,162,90,187,57,107
232,184,84,40,191,45,224,51,60,40,164,215,361,167,94,132,176,370,217,21,141,206,124,96,149,60,162,101,116,256,293,564,100,178,42,203,186,36,98,207,135,45,166,72,180,177,114,212,64,163
453,371,158,86,451,102,442,141,141,164,177,459,766,302,222,242,332,774,443,64,264,429,279,183,281,116,288,203,219,545,659,1204,229,385,105,487,393,68,237,432,296,109,336,152,343,408,252,456,155,300
481,453,220,80,558,121,532,150,181,215,459,344,1035,327,292,303,403,1057,520,72,290,564,315,208,353,140,377,262,242,751,871,1654,335,518,154,613,495,99,274,625,382,120,434,214,403,571,364,544,233,343
780,780,373,139,966,191,874,259,286,361,766,1035,820,587,469,523,652,1490,887,128,491,906,520,364,569,215,574,446,495,1178,1319,2429,495,847,212,996,852,160,451,953,591,180,696,338,723,833,543,957,343,658
372,247,136,57,305,60,307,100,115,167,302,327,587,129,162,186,250,606,333,44,197,319,191,139,190,91,220,168,152,391,466,900,196,306,83,317,307,54,164,325,224,62,267,113,236,289,205,323,116,249
331,248,90,50,263,60,271,83,93,94,222,292,469,162,62,127,203,458,263,36,129,284,145,105,201,76,191,114,134,311,415,747,143,263,54,277,269,49,140,275,149,65,230,101,237,258,172,259,81,187
342,277,116,59,300,74,304,95,89,132,242,303,523,186,127,79,230,492,300,28,163,305,169,142,204,69,217,114,144,349,411,828,166,293,65,297,296,53,146,270,154,62,272,110,249,263,188,315,110,223
345,353,146,54,382,93,338,110,119,176,332,403,652,250,203,230,136,643,393,45,184,389,228,154,255,105,251,164,179,454,569,1032,191,327,84,387,317,47,176,439,239,73,281,139,296,331,248,372,125,224
822,771,403,156,908,178,868,279,285,370,774,1057,1490,606,458,492,643,876,868,127,512,906,513,349,569,239,626,428,515,1197,1360,2467,499,880,202,1018,840,154,459,986,587,173,695,321,711,844,546,926,324,621
514,465,206,81,536,119,456,141,153,217,443,520,887,333,263,300,393,868,269,72,245,507,277,198,306,114,334,225,256,615,759,1414,272,455,108,580,443,98,240,531,345,104,383,200,371,474,300,526,191,363
84,51,18,14,64,17,68,18,23,21,64,72,128,44,36,28,45,127,72,4,32,78,45,23,44,13,41,18,40,78,115,183,46,70,16,63,68,5,34,59,38,16,57,24,56,56,38,65,27,41
312,249,113,63,309,68,291,85,96,141,264,290,491,197,129,163,184,512,245,32,75,292,159,136,184,68,182,142,147,325,455,784,168,300,73,275,281,44,133,322,177,50,212,99,233,241,156,309,97,178
534,473,216,102,538,125,548,168,164,206,429,564,906,319,284,305,389,906,507,78,292,269,327,222,362,144,354,219,254,638,735,1422,267,522,109,606,495,80,260,535,337,125,380,207,421,442,338,552,195,388
347,266,101,59,320,84,288,73,99,124,279,315,520,191,145,169,228,513,277,45,159,327,93,111,210,75,207,127,148,359,467,839,154,298,56,321,281,56,147,299,194,61,241,108,234,250,161,323,98,188
244,155,90,45,201,49,217,72,72,96,183,208,364,139,105,142,154,349,198,23,136,222,111,43,148,56,127,80,97,228,301,547,100,184,54,207,180,32,121,192,130,42,153,69,151,174,126,229,68,156
355,283,118,68,357,75,337,108,116,149,281,353,569,190,201,204,255,569,306,44,184,362,210,148,104,97,222,142,168,428,522,953,195,287,72,355,321,55,177,342,232,69,271,148,249,305,196,364,126,208
133,109,45,25,128,31,125,57,41,60,116,140,215,91,76,69,105,239,114,13,68,144,75,56,97,12,77,60,63,137,189,349,79,129,29,125,122,17,76,125,73,24,107,52,103,107,77,137,40,85
370,262,118,58,357,81,337,116,108,162,288,377,574,220,191,217,251,626,334,41,182,354,207,127,222,77,104,148,160,388,513,973,190,339,87,345,343,56,180,340,215,67,276,131,252,318,206,362,140,245
275,201,88,40,234,58,213,65,82,101,203,262,446,168,114,114,164,428,225,18,142,219,127,80,142,60,148,43,100,278,368,680,129,198,49,239,228,48,105,235,137,45,178,90,176,204,161,238,81,175
317,218,92,45,246,77,237,81,58,116,219,242,495,152,134,144,179,515,256,40,147,254,148,97,168,63,160,100,64,364,411,720,137,250,64,264,214,50,118,281,168,58,199,106,203,239,147,283,91,194
603,561,249,116,622,151,618,219,209,256,545,751,1178,391,311,349,454,1197,615,78,325,638,359,228,428,137,388,278,364,402,976,1891,371,615,160,659,634,109,321,680,420,125,498,236,516,583,388,715,254,425
711,702,314,140,797,184,763,225,274,293,659,871,1319,466,415,411,569,1360,759,115,455,735,467,301,522,189,513,368,411,976,557,2140,407,698,166,867,698,152,366,793,518,161,600,271,652,738,471,781,300,523
1231,1192,544,221,1407,263,1353,436,465,564,1204,1654,2429,900,747,828,1032,2467,1414,183,784,1422,839,547,953,349,973,680,720,1891,2140,1843,735,1305,285,1575,1334,247,707,1530,956,317,1082,526,1141,1339,868,1485,492,920
257,260,105,41,290,51,256,78,90,100,229,335,495,196,143,166,191,499,272,46,168,267,154,100,195,79,190,129,137,371,407,735,73,260,53,312,265,46,133,299,187,62,222,96,226,259,165,269,88,198
460,375,174,76,471,99,485,129,155,178,385,518,847,306,263,293,327,880,455,70,300,522,298,184,287,129,339,198,250,615,698,1305,260,213,121,491,453,80,232,527,335,102,354,164,402,450,302,517,167,307
93,89,52,27,111,25,122,42,34,42,105,154,212,83,54,65,84,202,108,16,73,109,56,54,72,29,87,49,64,160,166,285,53,121,11,126,136,11,60,127,78,24,103,44,106,115,70,138,43,69
570,429,217,87,556,125,499,148,201,203,487,613,996,317,277,297,387,1018,580,63,275,606,321,207,355,125,345,239,264,659,867,1575,312,491,126,274,515,90,291,602,343,99,433,196,454,517,318,606,214,341
496,436,196,95,497,101,455,143,149,186,393,495,852,307,269,296,317,840,443,68,281,495,281,180,321,122,343,228,214,634,698,1334,265,453,136,515,235,74,197,462,279,99,352,177,383,399,326,510,175,349
66,63,40,13,83,20,76,21,27,36,68,99,160,54,49,53,47,154,98,5,44,80,56,32,55,17,56,48,50,109,152,247,46,80,11,90,74,8,31,86,58,21,61,36,59,84,55,73,34,47
235,218,107,44,257,51,254,71,77,98,237,274,451,164,140,146,176,459,240,34,133,260,147,121,177,76,180,105,118,321,366,707,133,232,60,291,197,31,70,291,149,56,179,93,216,211,148,268,108,166
513,450,207,78,563,124,494,184,176,207,432,625,953,325,275,270,439,986,531,59,322,535,299,192,342,125,340,235,281,680,793,1530,299,527,127,602,462,86,291,279,340,118,363,218,451,490,349,572,187,401
293,299,130,56,341,69,286,79,90,135,296,382,591,224,149,154,239,587,345,38,177,337,194,130,232,73,215,137,168,420,518,956,187,335,78,343,279,58,149,340,107,66,258,116,285,309,207,349,128,234
95,95,39,16,93,27,100,28,21,45,109,120,180,62,65,62,73,173,104,16,50,125,61,42,69,24,67,45,58,125,161,317,62,102,24,99,99,21,56,118,66,8,71,29,102,107,56,113,45,70
380,347,190,67,410,72,361,144,124,166,336,434,696,267,230,272,281,695,383,57,212,380,241,153,271,107,276,178,199,498,600,1082,222,354,103,433,352,61,179,363,258,71,151,163,319,359,267,375,167,268
179,185,68,32,175,46,183,53,66,72,152,214,338,113,101,110,139,321,200,24,99,207,108,69,148,52,131,90,106,236,271,526,96,164,44,196,177,36,93,218,116,29,163,45,156,180,142,224,77,120
444,356,173,69,404,85,396,138,120,180,343,403,723,236,237,249,296,711,371,56,233,421,234,151,249,103,252,176,203,516,652,1141,226,402,106,454,383,59,216,451,285,102,319,156,153,354,258,436,145,295
432,431,193,68,471,97,456,149,162,177,408,571,833,289,258,263,331,844,474,56,241,442,250,174,305,107,318,204,239,583,738,1339,259,450,115,517,399,84,211,490,309,107,359,180,354,207,278,462,181,297
341,248,120,64,307,78,315,99,90,114,252,364,543,205,172,188,248,546,300,38,156,338,161,126,196,77,206,161,147,388,471,868,165,302,70,318,326,55,148,349,207,56,267,142,258,278,90,333,119,231
499,496,244,90,550,113,519,155,187,212,456,544,957,323,259,315,372,926,526,65,309,552,323,229,364,137,362,238,283,715,781,1485,269,517,138,606,510,73,268,572,349,113,375,224,436,462,333,273,197,335
163,157,56,36,173,34,174,68,57,64,155,233,343,116,81,110,125,324,191,27,97,195,98,68,126,40,140,81,91,254,300,492,88,167,43,214,175,34,108,187,128,45,167,77,145,181,119,197,32,126
402,332,142,58,380,85,329,111,107,163,300,343,658,249,187,223,224,621,363,41,178,388,188,156,208,85,245,175,194,425,523,920,198,307,69,341,349,47,166,401,234,70,268,120,295,297,231,335,126,103
