273,452,216,96,520,96,470,167,172,241,446,487,805,370,289,316,354,822,467,71,304,494,332,213,353,151,365,253,304,597,670,1125,216,492,118,507,445,62,245,459,270,98,354,173,437,414,314,482,165,378
452,171,157,69,472,92,435,133,131,191,354,489,767,291,209,257,325,770,439,56,214,408,255,163,277,127,324,201,199,526,680,1187,237,406,109,472,395,69,234,480,278,111,349,161,346,370,286,425,160,280
216,157,32,26,196,50,198,59,64,87,163,203,367,147,102,110,150,355,193,26,140,182,140,74,135,55,116,91,93,236,316,535,118,204,40,218,178,34,93,210,137,41,151,77,181,167,122,215,77,145
96,69,26,10,83,20,72,23,31,46,75,98,147,58,50,57,48,134,86,10,56,79,41,29,53,26,62,36,56,104,127,200,41,73,21,89,85,19,36,80,35,16,56,33,73,75,68,73,32,56
520,472,196,83,254,120,488,180,146,214,428,554,882,341,272,300,390,860,532,60,294,527,312,196,324,125,343,218,287,676,776,1377,269,483,108,556,438,85,271,515,361,105,373,200,425,475,322,519,181,336
96,92,50,20,120,8,100,38,39,54,90,130,186,91,63,67,70,165,109,9,70,102,61,47,87,40,99,54,62,129,156,282,55,95,20,124,92,13,58,115,61,24,66,43,109,96,88,110,38,69
470,435,198,72,488,100,236,161,166,214,404,559,835,314,270,300,329,773,458,64,265,481,271,197,311,123,339,220,258,556,700,1324,253,430,111,507,439,75,250,500,316,104,344,166,393,395,294,479,179,339
167,133,59,23,180,38,161,17,56,65,130,180,251,96,63,73,103,260,132,18,63,146,99,54,92,35,87,70,81,180,223,419,67,147,33,175,145,27,62,152,97,32,98,60,121,135,103,169,54,103
172,131,64,31,146,39,166,56,26,64,140,178,296,106,81,111,121,279,179,20,95,177,91,73,121,47,113,77,107,206,271,463,86,141,43,184,158,24,87,193,95,26,122,55,148,141,115,175,66,111
241,191,87,46,214,54,214,65,64,46,167,233,371,148,102,126,150,389,194,22,95,209,109,96,134,60,130,111,96,253,304,583,95,198,59,206,195,32,113,227,141,40,156,78,177,173,136,221,58,122
446,354,163,75,428,90,404,130,140,167,163,468,731,286,210,239,308,742,425,61,235,445,249,182,274,125,296,201,223,567,663,1155,232,376,100,423,373,77,223,446,273,91,318,159,362,364,293,431,142,278
487,489,203,98,554,130,559,180,178,233,468,276,950,365,288,314,415,984,590,70,314,589,342,243,341,124,400,269,298,700,922,1579,303,512,124,570,528,91,270,600,348,107,380,199,427,516,341,589,197,397
805,767,367,147,882,186,835,251,296,371,731,950,818,598,467,521,704,1390,931,108,498,914,569,359,595,235,602,404,433,1094,1347,2357,498,857,210,979,842,170,436,906,563,194,643,336,712,817,579,964,339,589
370,291,147,58,341,91,314,96,106,148,286,365,598,99,177,178,253,598,311,43,159,333,193,132,227,64,217,138,189,384,506,929,179,312,84,322,304,56,149,335,217,55,275,133,260,303,196,369,125,233
289,209,102,50,272,63,270,63,81,102,210,288,467,177,64,145,181,453,263,27,137,256,172,124,173,72,171,122,117,330,426,698,133,258,54,267,255,42,110,294,183,47,200,104,220,264,174,284,107,176
316,257,110,57,300,67,300,73,111,126,239,314,521,178,145,76,202,520,314,37,146,293,172,134,180,75,197,118,137,358,456,815,156,275,62,278,279,41,128,323,205,50,207,102,245,269,179,293,104,216
354,325,150,48,390,70,329,103,121,150,308,415,704,253,181,202,138,718,371,47,209,377,231,127,216,90,218,182,157,462,523,964,194,348,89,390,329,66,167,389,202,73,255,145,273,344,225,357,137,235
822,770,355,134,860,165,773,260,279,389,742,984,1390,598,453,520,718,786,906,105,503,889,545,361,599,242,636,447,458,1133,1340,2295,497,838,197,972,803,148,421,853,580,188,674,305,719,790,528,903,315,599
467,439,193,86,532,109,458,132,179,194,425,590,931,311,263,314,371,906,245,66,282,455,291,192,342,140,325,220,242,647,734,1452,282,483,120,515,484,57,232,535,324,98,378,188,409,470,296,525,208,349
71,56,26,10,60,9,64,18,20,22,61,70,108,43,27,37,47,105,66,2,38,63,31,20,40,12,39,21,34,69,107,194,31,64,15,61,60,14,34,66,38,12,49,20,49,71,24,68,22,49
304,214,140,56,294,70,265,63,95,95,235,314,498,159,137,146,209,503,282,38,70,278,169,97,143,71,205,129,128,346,422,779,155,267,49,278,268,40,123,279,175,57,208,127,206,258,194,305,106,194
494,408,182,79,527,102,481,146,177,209,445,589,914,333,256,293,377,889,455,63,278,261,296,187,381,129,317,255,264,655,689,1481,282,448,112,536,473,78,237,540,345,111,394,180,425,444,320,525,192,355
332,255,140,41,312,61,271,99,91,109,249,342,569,193,172,172,231,545,291,31,169,296,88,122,185,85,211,131,119,400,451,871,166,270,77,332,292,60,162,292,168,57,257,111,245,279,212,312,118,191
213,163,74,29,196,47,197,54,73,96,182,243,359,132,124,134,127,361,192,20,97,187,122,39,131,47,141,79,112,254,299,543,106,168,54,202,177,35,92,213,117,40,177,69,161,159,117,198,79,149
353,277,135,53,324,87,311,92,121,134,274,341,595,227,173,180,216,599,342,40,143,381,185,131,96,88,226,176,149,393,502,894,157,298,83,331,307,67,181,362,219,60,243,130,262,296,231,372,124,205
151,127,55,26,125,40,123,35,47,60,125,124,235,64,72,75,90,242,140,12,71,129,85,47,88,17,79,49,65,147,198,372,65,121,25,124,117,25,77,129,90,28,110,47,94,111,85,125,45,95
365,324,116,62,343,99,339,87,113,130,296,400,602,217,171,197,218,636,325,39,205,317,211,141,226,79,116,151,185,413,529,916,186,311,80,343,320,58,181,353,214,72,290,137,270,279,200,351,133,228
253,201,91,36,218,54,220,70,77,111,201,269,404,138,122,118,182,447,220,21,129,255,131,79,176,49,151,50,110,274,381,708,130,197,54,234,186,40,132,239,146,56,176,86,196,221,142,254,97,155
304,199,93,56,287,62,258,81,107,96,223,298,433,189,117,137,157,458,242,34,128,264,119,112,149,65,185,110,68,322,419,747,130,236,59,254,230,43,136,263,164,58,190,104,218,245,148,279,96,160
597,526,236,104,676,129,556,180,206,253,567,700,1094,384,330,358,462,1133,647,69,346,655,400,254,393,147,413,274,322,365,947,1755,345,607,151,674,568,104,326,645,404,141,458,237,469,574,388,683,238,435
670,680,316,127,776,156,700,223,271,304,663,922,1347,506,426,456,523,1340,734,107,422,689,451,299,502,198,529,381,419,947,568,2012,362,707,171,749,688,132,383,800,459,145,554,290,587,637,475,759,302,484
1125,1187,535,200,1377,282,1324,419,463,583,1155,1579,2357,929,698,815,964,2295,1452,194,779,1481,871,543,894,372,916,708,747,1755,2012,1809,672,1307,321,1417,1270,237,669,1427,896,294,1008,524,1110,1229,868,1395,462,916
216,237,118,41,269,55,253,67,86,95,232,303,498,179,133,156,194,497,282,31,155,282,166,106,157,65,186,130,130,345,362,672,63,252,61,279,256,39,119,288,167,61,201,88,218,226,168,273,112,156
492,406,204,73,483,95,430,147,141,198,376,512,857,312,258,275,348,838,483,64,267,448,270,168,298,121,311,197,236,607,707,1307,252,201,108,485,429,90,233,493,283,90,360,175,364,416,297,482,170,315
118,109,40,21,108,20,111,33,43,59,100,124,210,84,54,62,89,197,120,15,49,112,77,54,83,25,80,54,59,151,171,321,61,108,5,127,118,13,51,145,72,25,95,36,94,107,82,111,27,74
507,472,218,89,556,124,507,175,184,206,423,570,979,322,267,278,390,972,515,61,278,536,332,202,331,124,343,234,254,674,749,1417,279,485,127,273,451,99,249,588,347,103,407,207,389,499,325,580,202,349
445,395,178,85,438,92,439,145,158,195,373,528,842,304,255,279,329,803,484,60,268,473,292,177,307,117,320,186,230,568,688,1270,256,429,118,451,207,76,222,456,291,95,338,175,393,430,294,452,170,328
62,69,34,19,85,13,75,27,24,32,77,91,170,56,42,41,66,148,57,14,40,78,60,35,67,25,58,40,43,104,132,237,39,90,13,99,76,3,42,81,50,14,71,19,69,92,55,94,32,61
245,234,93,36,271,58,250,62,87,113,223,270,436,149,110,128,167,421,232,34,123,237,162,92,181,77,181,132,136,326,383,669,119,233,51,249,222,42,63,229,164,48,194,103,218,243,142,267,77,170
459,480,210,80,515,115,500,152,193,227,446,600,906,335,294,323,389,853,535,66,279,540,292,213,362,129,353,239,263,645,800,1427,288,493,145,588,456,81,229,275,355,114,411,188,439,471,338,544,204,349
270,278,137,35,361,61,316,97,95,141,273,348,563,217,183,205,202,580,324,38,175,345,168,117,219,90,214,146,164,404,459,896,167,283,72,347,291,50,164,355,105,66,251,114,257,283,213,363,120,219
98,111,41,16,105,24,104,32,26,40,91,107,194,55,47,50,73,188,98,12,57,111,57,40,60,28,72,56,58,141,145,294,61,90,25,103,95,14,48,114,66,8,76,35,84,89,60,106,43,78
354,349,151,56,373,66,344,98,122,156,318,380,643,275,200,207,255,674,378,49,208,394,257,177,243,110,290,176,190,458,554,1008,201,360,95,407,338,71,194,411,251,76,129,152,294,330,237,365,134,242
173,161,77,33,200,43,166,60,55,78,159,199,336,133,104,102,145,305,188,20,127,180,111,69,130,47,137,86,104,237,290,524,88,175,36,207,175,19,103,188,114,35,152,25,148,194,111,197,51,123
437,346,181,73,425,109,393,121,148,177,362,427,712,260,220,245,273,719,409,49,206,425,245,161,262,94,270,196,218,469,587,1110,218,364,94,389,393,69,218,439,257,84,294,148,163,352,271,403,155,290
414,370,167,75,475,96,395,135,141,173,364,516,817,303,264,269,344,790,470,71,258,444,279,159,296,111,279,221,245,574,637,1229,226,416,107,499,430,92,243,471,283,89,330,194,352,193,314,460,188,301
314,286,122,68,322,88,294,103,115,136,293,341,579,196,174,179,225,528,296,24,194,320,212,117,231,85,200,142,148,388,475,868,168,297,82,325,294,55,142,338,213,60,237,111,271,314,119,360,138,212
482,425,215,73,519,110,479,169,175,221,431,589,964,369,284,293,357,903,525,68,305,525,312,198,372,125,351,254,279,683,759,1395,273,482,111,580,452,94,267,544,363,106,365,197,403,460,360,257,196,344
165,160,77,32,181,38,179,54,66,58,142,197,339,125,107,104,137,315,208,22,106,192,118,79,124,45,133,97,96,238,302,462,112,170,27,202,170,32,77,204,120,43,134,51,155,188,138,196,26,115
378,280,145,56,336,69,339,103,111,122,278,397,589,233,176,216,235,599,349,49,194,355,191,149,205,95,228,155,160,435,484,916,156,315,74,349,328,61,170,349,219,78,242,123,290,301,212,344,115,99
