282,455,226,80,496,110,471,190,163,233,432,531,762,350,301,333,410,803,536,68,341,515,316,188,374,148,378,277,290,602,668,1189,241,487,114,533,478,86,253,464,327,114,400,188,414,399,321,487,157,366
455,201,172,76,437,107,419,132,136,185,361,513,778,278,215,236,310,792,436,48,266,450,258,181,272,93,250,193,223,520,646,1218,230,405,96,442,392,69,226,454,274,77,359,190,326,364,264,465,151,285
226,172,41,31,204,41,190,70,62,79,160,205,355,120,115,109,140,370,191,28,114,190,112,82,132,43,128,93,101,246,305,576,94,192,47,211,209,32,113,197,108,43,165,74,162,186,129,211,72,123
80,76,31,4,75,19,71,30,28,31,68,83,128,46,48,44,61,132,75,6,59,88,58,32,64,23,55,44,39,100,112,224,47,75,24,90,69,16,42,82,50,21,57,37,71,77,69,89,31,61
496,437,204,75,253,103,489,165,156,196,448,579,929,347,284,292,375,894,522,57,302,486,312,215,319,135,348,236,271,647,761,1380,282,489,121,521,473,82,253,548,318,113,397,193,393,453,301,503,210,361
110,107,41,19,103,11,108,37,39,42,88,116,184,61,56,65,75,186,97,14,66,110,83,36,61,32,73,60,49,155,147,300,56,107,36,124,103,15,51,123,87,23,80,40,86,106,73,122,42,82
471,419,190,71,489,108,216,154,164,183,378,525,818,303,264,289,340,869,475,55,283,472,284,178,324,125,305,217,234,630,713,1277,221,448,98,526,419,76,261,506,298,99,372,175,353,462,319,488,160,337
190,132,70,30,165,37,154,26,56,70,133,158,273,108,76,67,117,258,156,18,88,165,95,61,103,38,96,68,80,179,199,386,86,143,32,162,156,14,83,165,114,29,107,59,120,131,85,145,60,112
163,136,62,28,156,39,164,56,27,70,142,157,306,111,75,76,131,316,183,24,90,174,97,63,107,39,94,83,96,210,262,455,99,162,42,168,181,26,96,178,121,30,121,70,119,160,99,202,70,132
233,185,79,31,196,42,183,70,70,43,180,239,387,118,105,120,162,370,209,22,112,216,109,79,137,52,143,105,103,240,326,537,138,190,48,197,202,34,102,222,130,43,177,96,165,199,132,228,95,159
432,361,160,68,448,88,378,133,142,180,184,459,762,258,229,238,325,712,429,46,238,437,233,155,263,113,286,221,219,509,636,1171,238,399,99,472,412,74,194,456,277,86,333,143,307,392,271,420,158,309
531,513,205,83,579,116,525,158,157,239,459,316,996,355,287,301,376,996,558,72,286,573,322,206,360,152,387,247,277,672,839,1599,327,507,114,577,478,86,277,605,369,117,415,223,457,537,318,554,218,352
762,778,355,128,929,184,818,273,306,387,762,996,826,583,456,530,624,1462,855,123,493,872,532,370,610,273,649,427,471,1144,1326,2399,486,803,215,927,809,157,416,962,586,172,643,335,778,810,557,918,337,576
350,278,120,46,347,61,303,108,111,118,258,355,583,99,178,191,247,627,300,44,201,328,184,136,211,80,228,143,154,417,483,902,158,322,78,329,297,54,167,381,209,53,283,132,241,318,208,325,136,246
301,215,115,48,284,56,264,76,75,105,229,287,456,178,64,135,175,469,275,28,149,267,171,100,174,69,169,109,133,332,385,779,157,248,67,246,241,41,127,275,181,64,224,92,209,241,184,287,97,187
333,236,109,44,292,65,289,67,76,120,238,301,530,191,135,68,204,539,289,34,166,286,160,103,152,52,157,130,123,370,463,862,171,262,66,323,246,56,133,322,201,70,218,89,204,276,200,299,102,186
410,310,140,61,375,75,340,117,131,162,325,376,624,247,175,204,135,670,384,46,202,366,221,125,259,81,228,162,173,419,547,965,190,336,76,404,335,49,183,398,248,71,278,132,272,286,225,375,120,264
803,792,370,132,894,186,869,258,316,370,712,996,1462,627,469,539,670,825,873,110,504,957,509,369,599,240,628,423,478,1164,1352,2379,495,807,205,967,833,166,431,935,589,172,667,334,754,827,563,890,323,570
536,436,191,75,522,97,475,156,183,209,429,558,855,300,275,289,384,873,262,70,294,476,328,207,341,128,343,233,239,628,769,1359,252,456,110,594,464,101,265,545,331,113,395,167,420,433,305,509,169,346
68,48,28,6,57,14,55,18,24,22,46,72,123,44,28,34,46,110,70,2,28,55,39,17,36,15,38,36,28,86,93,182,45,60,21,57,49,8,37,58,30,13,50,28,52,63,45,74,24,50
341,266,114,59,302,66,283,88,90,112,238,286,493,201,149,166,202,504,294,28,61,303,177,123,180,64,166,125,138,378,417,783,165,258,59,283,253,42,129,308,177,56,214,123,220,287,178,290,115,172
515,450,190,88,486,110,472,165,174,216,437,573,872,328,267,286,366,957,476,55,303,241,294,198,345,132,325,250,251,646,745,1401,263,467,99,583,483,82,276,565,337,105,387,202,417,464,318,534,176,349
316,258,112,58,312,83,284,95,97,109,233,322,532,184,171,160,221,509,328,39,177,294,87,107,163,68,170,109,147,365,473,845,155,290,64,288,283,50,149,315,193,54,225,124,211,257,198,324,110,225
188,181,82,32,215,36,178,61,63,79,155,206,370,136,100,103,125,369,207,17,123,198,107,38,144,53,119,95,107,250,286,543,94,173,39,202,178,30,91,238,168,46,159,68,159,169,129,238,70,138
374,272,132,64,319,61,324,103,107,137,263,360,610,211,174,152,259,599,341,36,180,345,163,144,109,86,217,143,140,419,509,915,186,310,77,349,321,54,177,363,224,72,267,126,249,312,205,370,119,213
148,93,43,23,135,32,125,38,39,52,113,152,273,80,69,52,81,240,128,15,64,132,68,53,86,14,78,45,73,143,198,386,73,119,30,116,129,20,56,141,90,23,113,49,118,128,75,138,54,108
378,250,128,55,348,73,305,96,94,143,286,387,649,228,169,157,228,628,343,38,166,325,170,119,217,78,105,147,155,402,531,967,175,309,75,324,317,43,151,351,232,60,285,134,256,304,241,386,134,245
277,193,93,44,236,60,217,68,83,105,221,247,427,143,109,130,162,423,233,36,125,250,109,95,143,45,147,52,121,287,355,658,116,247,49,220,242,51,123,245,156,55,182,95,180,211,146,239,83,160
290,223,101,39,271,49,234,80,96,103,219,277,471,154,133,123,173,478,239,28,138,251,147,107,140,73,155,121,56,287,395,723,145,235,66,249,214,38,128,265,153,51,183,96,188,210,166,250,106,173
602,520,246,100,647,155,630,179,210,240,509,672,1144,417,332,370,419,1164,628,86,378,646,365,250,419,143,402,287,287,417,977,1741,328,612,132,648,559,91,293,656,399,137,503,227,485,567,407,683,244,425
668,646,305,112,761,147,713,199,262,326,636,839,1326,483,385,463,547,1352,769,93,417,745,473,286,509,198,531,355,395,977,578,2088,401,674,168,834,691,132,375,807,435,176,585,305,591,679,490,764,275,494
1189,1218,576,224,1380,300,1277,386,455,537,1171,1599,2399,902,779,862,965,2379,1359,182,783,1401,845,543,915,386,967,658,723,1741,2088,1959,718,1298,343,1471,1306,260,699,1506,890,272,1019,492,1124,1342,854,1440,475,939
241,230,94,47,282,56,221,86,99,138,238,327,486,158,157,171,190,495,252,45,165,263,155,94,186,73,175,116,145,328,401,718,62,292,58,264,247,48,124,269,165,54,181,102,202,247,190,243,105,186
487,405,192,75,489,107,448,143,162,190,399,507,803,322,248,262,336,807,456,60,258,467,290,173,310,119,309,247,235,612,674,1298,292,206,118,472,435,81,233,528,305,95,340,171,393,424,292,520,192,340
114,96,47,24,121,36,98,32,42,48,99,114,215,78,67,66,76,205,110,21,59,99,64,39,77,30,75,49,66,132,168,343,58,118,14,118,98,19,48,111,82,21,87,47,87,98,64,113,51,79
533,442,211,90,521,124,526,162,168,197,472,577,927,329,246,323,404,967,594,57,283,583,288,202,349,116,324,220,249,648,834,1471,264,472,118,289,483,102,277,538,334,123,426,194,401,438,342,559,181,338
478,392,209,69,473,103,419,156,181,202,412,478,809,297,241,246,335,833,464,49,253,483,283,178,321,129,317,242,214,559,691,1306,247,435,98,483,214,88,262,517,317,92,338,166,367,458,301,467,177,330
86,69,32,16,82,15,76,14,26,34,74,86,157,54,41,56,49,166,101,8,42,82,50,30,54,20,43,51,38,91,132,260,48,81,19,102,88,13,31,99,53,16,78,34,69,78,49,93,33,54
253,226,113,42,253,51,261,83,96,102,194,277,416,167,127,133,183,431,265,37,129,276,149,91,177,56,151,123,128,293,375,699,124,233,48,277,262,31,70,265,176,43,171,84,186,222,160,244,96,190
464,454,197,82,548,123,506,165,178,222,456,605,962,381,275,322,398,935,545,58,308,565,315,238,363,141,351,245,265,656,807,1506,269,528,111,538,517,99,265,301,352,111,411,193,412,490,359,530,194,342
327,274,108,50,318,87,298,114,121,130,277,369,586,209,181,201,248,589,331,30,177,337,193,168,224,90,232,156,153,399,435,890,165,305,82,334,317,53,176,352,114,62,258,117,248,302,202,331,123,236
114,77,43,21,113,23,99,29,30,43,86,117,172,53,64,70,71,172,113,13,56,105,54,46,72,23,60,55,51,137,176,272,54,95,21,123,92,16,43,111,62,7,72,45,91,82,73,98,36,74
400,359,165,57,397,80,372,107,121,177,333,415,643,283,224,218,278,667,395,50,214,387,225,159,267,113,285,182,183,503,585,1019,181,340,87,426,338,78,171,411,258,72,133,120,335,341,258,386,151,255
188,190,74,37,193,40,175,59,70,96,143,223,335,132,92,89,132,334,167,28,123,202,124,68,126,49,134,95,96,227,305,492,102,171,47,194,166,34,84,193,117,45,120,35,147,168,143,193,74,112
414,326,162,71,393,86,353,120,119,165,307,457,778,241,209,204,272,754,420,52,220,417,211,159,249,118,256,180,188,485,591,1124,202,393,87,401,367,69,186,412,248,91,335,147,167,370,261,427,137,262
399,364,186,77,453,106,462,131,160,199,392,537,810,318,241,276,286,827,433,63,287,464,257,169,312,128,304,211,210,567,679,1342,247,424,98,438,458,78,222,490,302,82,341,168,370,214,300,458,162,286
321,264,129,69,301,73,319,85,99,132,271,318,557,208,184,200,225,563,305,45,178,318,198,129,205,75,241,146,166,407,490,854,190,292,64,342,301,49,160,359,202,73,258,143,261,300,105,343,111,197
487,465,211,89,503,122,488,145,202,228,420,554,918,325,287,299,375,890,509,74,290,534,324,238,370,138,386,239,250,683,764,1440,243,520,113,559,467,93,244,530,331,98,386,193,427,458,343,255,195,369
157,151,72,31,210,42,160,60,70,95,158,218,337,136,97,102,120,323,169,24,115,176,110,70,119,54,134,83,106,244,275,475,105,192,51,181,177,33,96,194,123,36,151,74,137,162,111,195,33,117
366,285,123,61,361,82,337,112,132,159,309,352,576,246,187,186,264,570,346,50,172,349,225,138,213,108,245,160,173,425,494,939,186,340,79,338,330,54,190,342,236,74,255,112,262,286,197,369,117,110
