276,469,215,92,503,105,462,168,165,256,475,526,812,360,306,321,355,844,526,71,313,512,336,195,368,171,410,278,293,611,737,1193,240,506,109,497,440,96,248,487,318,123,387,191,436,451,300,522,170,386
469,183,156,66,506,100,441,128,153,176,394,498,842,263,220,229,308,834,438,38,232,439,254,152,266,97,268,214,202,547,643,1232,250,412,97,422,410,67,222,478,311,93,361,175,346,381,293,474,173,272
215,156,34,42,208,59,202,45,62,88,169,195,360,141,95,102,149,372,204,27,130,226,109,71,119,40,138,86,101,251,279,579,105,185,46,208,202,24,93,224,122,38,171,81,176,215,138,203,79,126
92,66,42,4,79,12,74,33,30,45,80,90,145,59,40,45,65,162,93,11,61,84,43,36,56,20,47,45,38,125,116,200,37,62,15,95,69,14,49,76,59,16,74,37,60,76,67,87,26,65
503,506,208,79,260,106,541,160,150,227,470,585,918,331,272,302,382,900,528,64,252,511,284,221,304,126,346,250,273,630,820,1457,267,483,120,574,488,101,272,612,361,108,441,196,381,501,326,554,168,352
105,100,59,12,106,11,105,41,38,40,88,122,209,79,60,74,78,201,120,7,69,115,52,39,79,30,76,52,56,154,160,297,56,97,24,121,88,17,55,112,79,22,95,51,84,106,84,122,39,88
462,441,202,74,541,105,232,143,174,183,409,545,891,317,262,287,359,882,474,62,271,488,282,187,307,123,316,246,216,654,729,1349,264,440,101,535,481,89,233,492,291,80,377,189,370,478,306,517,187,333
168,128,45,33,160,41,143,15,49,53,120,171,263,93,84,91,109,265,158,18,73,159,85,51,83,33,101,63,89,168,208,429,62,126,33,156,143,28,61,165,112,20,138,64,125,128,93,160,56,103
165,153,62,30,150,38,174,49,20,66,138,178,340,120,91,80,112,331,150,14,84,145,104,59,107,37,111,80,78,215,254,481,94,151,45,186,178,22,83,187,94,34,127,67,134,171,107,177,69,107
256,176,88,45,227,40,183,53,66,35,169,215,364,130,111,135,148,362,207,29,106,216,140,101,145,47,157,118,131,263,296,527,104,225,45,222,196,40,104,244,129,39,128,84,170,204,122,210,82,144
475,394,169,80,470,88,409,120,138,169,177,493,803,297,215,257,292,780,412,66,222,431,271,200,274,110,297,246,238,525,619,1174,228,469,108,492,436,96,190,481,286,94,294,152,344,406,266,442,171,279
526,498,195,90,585,122,545,171,178,215,493,339,1014,380,282,294,391,1008,594,64,298,564,322,217,377,143,361,239,265,688,911,1671,313,511,131,608,520,103,307,620,384,119,420,215,423,537,336,564,205,345
812,842,360,145,918,209,891,263,340,364,803,1014,856,580,491,504,656,1542,986,120,504,1001,514,370,603,236,656,400,477,1201,1442,2569,497,891,206,997,879,165,439,1044,642,201,730,379,740,920,596,990,353,573
360,263,141,59,331,79,317,93,120,130,297,380,580,115,157,189,246,559,317,47,195,343,184,128,226,88,218,152,154,424,488,890,175,299,74,334,342,61,159,315,192,62,247,105,259,313,212,352,118,234
306,220,95,40,272,60,262,84,91,111,215,282,491,157,61,121,190,487,278,27,138,278,136,97,155,69,160,106,120,324,366,736,131,230,63,275,234,31,136,268,169,61,221,96,185,264,150,287,97,187
321,229,102,45,302,74,287,91,80,135,257,294,504,189,121,63,189,499,286,33,136,307,164,94,175,67,176,140,132,349,392,820,144,273,68,285,239,38,139,307,181,62,243,98,210,256,138,295,104,200
355,308,149,65,382,78,359,109,112,148,292,391,656,246,190,189,119,642,342,53,208,351,185,132,238,88,243,177,189,456,550,1100,203,366,78,352,333,65,192,385,233,75,292,159,293,327,227,389,152,249
844,834,372,162,900,201,882,265,331,362,780,1008,1542,559,487,499,642,828,922,101,531,1013,528,374,613,242,681,429,417,1169,1468,2546,528,851,216,981,854,167,429,1034,609,216,714,386,727,885,582,969,334,602
526,438,204,93,528,120,474,158,150,207,412,594,986,317,278,286,342,922,260,64,286,502,285,190,330,100,308,230,241,681,764,1423,293,492,103,543,468,93,223,536,321,94,369,196,406,494,309,510,165,357
71,38,27,11,64,7,62,18,14,29,66,64,120,47,27,33,53,101,64,2,39,63,45,21,40,11,44,33,40,70,79,160,26,43,11,69,62,10,27,60,34,11,59,27,54,61,40,70,20,44
313,232,130,61,252,69,271,73,84,106,222,298,504,195,138,136,208,531,286,39,63,312,153,114,183,64,175,121,119,309,405,813,166,280,72,278,277,47,126,317,190,52,230,119,229,244,167,282,123,182
512,439,226,84,511,115,488,159,145,216,431,564,1001,343,278,307,351,1013,502,63,312,262,311,214,338,118,328,243,249,691,763,1405,306,461,115,556,495,92,249,548,338,108,375,173,439,517,321,499,173,362
336,254,109,43,284,52,282,85,104,140,271,322,514,184,136,164,185,528,285,45,153,311,72,126,180,80,172,126,148,390,417,794,154,271,56,310,280,42,137,289,205,55,222,92,220,275,176,313,95,203
195,152,71,36,221,39,187,51,59,101,200,217,370,128,97,94,132,374,190,21,114,214,126,40,126,54,135,96,96,286,281,574,108,194,52,203,181,37,75,193,136,35,167,76,136,178,122,214,66,132
368,266,119,56,304,79,307,83,107,145,274,377,603,226,155,175,238,613,330,40,183,338,180,126,94,70,207,145,163,430,488,969,172,311,84,365,322,49,134,351,223,70,260,140,242,300,193,333,130,201
171,97,40,20,126,30,123,33,37,47,110,143,236,88,69,67,88,242,100,11,64,118,80,54,70,16,77,55,59,157,208,379,65,113,43,128,124,18,52,109,68,20,91,44,100,129,78,135,59,80
410,268,138,47,346,76,316,101,111,157,297,361,656,218,160,176,243,681,308,44,175,328,172,135,207,77,109,161,160,460,552,1013,183,305,92,369,344,53,165,362,218,68,265,133,277,337,221,348,149,194
278,214,86,45,250,52,246,63,80,118,246,239,400,152,106,140,177,429,230,33,121,243,126,96,145,55,161,58,113,253,334,621,119,212,69,246,231,30,106,258,141,48,188,91,191,204,152,264,110,177
293,202,101,38,273,56,216,89,78,131,238,265,477,154,120,132,189,417,241,40,119,249,148,96,163,59,160,113,70,285,342,733,147,236,63,272,234,38,117,271,162,40,203,102,198,201,146,233,97,185
611,547,251,125,630,154,654,168,215,263,525,688,1201,424,324,349,456,1169,681,70,309,691,390,286,430,157,460,253,285,419,1057,1912,383,563,141,714,595,87,311,725,414,145,552,244,551,607,391,679,241,419
737,643,279,116,820,160,729,208,254,296,619,911,1442,488,366,392,550,1468,764,79,405,763,417,281,488,208,552,334,342,1057,569,2150,432,703,194,852,698,128,379,829,483,153,629,281,574,759,497,788,281,515
1193,1232,579,200,1457,297,1349,429,481,527,1174,1671,2569,890,736,820,1100,2546,1423,160,813,1405,794,574,969,379,1013,621,733,1912,2150,2010,794,1305,338,1574,1283,240,689,1574,975,276,1073,551,1132,1367,909,1456,534,922
240,250,105,37,267,56,264,62,94,104,228,313,497,175,131,144,203,528,293,26,166,306,154,108,172,65,183,119,147,383,432,794,76,235,64,287,250,45,121,321,175,62,212,108,231,280,174,278,109,192
506,412,185,62,483,97,440,126,151,225,469,511,891,299,230,273,366,851,492,43,280,461,271,194,311,113,305,212,236,563,703,1305,235,205,98,517,442,78,250,520,333,95,356,192,345,443,294,481,157,342
109,97,46,15,120,24,101,33,45,45,108,131,206,74,63,68,78,216,103,11,72,115,56,52,84,43,92,69,63,141,194,338,64,98,12,132,99,17,51,146,73,30,102,39,105,106,80,110,40,85
497,422,208,95,574,121,535,156,186,222,492,608,997,334,275,285,352,981,543,69,278,556,310,203,365,128,369,246,272,714,852,1574,287,517,132,275,464,87,274,564,348,114,401,219,424,520,321,574,225,371
440,410,202,69,488,88,481,143,178,196,436,520,879,342,234,239,333,854,468,62,277,495,280,181,322,124,344,231,234,595,698,1283,250,442,99,464,234,86,226,488,323,101,353,193,375,435,315,475,174,305
96,67,24,14,101,17,89,28,22,40,96,103,165,61,31,38,65,167,93,10,47,92,42,37,49,18,53,30,38,87,128,240,45,78,17,87,86,9,50,105,48,16,54,24,68,91,41,97,24,74
248,222,93,49,272,55,233,61,83,104,190,307,439,159,136,139,192,429,223,27,126,249,137,75,134,52,165,106,117,311,379,689,121,250,51,274,226,50,54,262,190,42,201,95,198,236,148,281,92,166
487,478,224,76,612,112,492,165,187,244,481,620,1044,315,268,307,385,1034,536,60,317,548,289,193,351,109,362,258,271,725,829,1574,321,520,146,564,488,105,262,296,358,136,428,231,402,521,343,524,183,372
318,311,122,59,361,79,291,112,94,129,286,384,642,192,169,181,233,609,321,34,190,338,205,136,223,68,218,141,162,414,483,975,175,333,73,348,323,48,190,358,98,67,239,127,262,322,198,345,127,252
123,93,38,16,108,22,80,20,34,39,94,119,201,62,61,62,75,216,94,11,52,108,55,35,70,20,68,48,40,145,153,276,62,95,30,114,101,16,42,136,67,14,81,36,74,75,78,92,49,76
387,361,171,74,441,95,377,138,127,128,294,420,730,247,221,243,292,714,369,59,230,375,222,167,260,91,265,188,203,552,629,1073,212,356,102,401,353,54,201,428,239,81,149,144,300,345,230,397,116,224
191,175,81,37,196,51,189,64,67,84,152,215,379,105,96,98,159,386,196,27,119,173,92,76,140,44,133,91,102,244,281,551,108,192,39,219,193,24,95,231,127,36,144,29,150,180,103,180,82,136
436,346,176,60,381,84,370,125,134,170,344,423,740,259,185,210,293,727,406,54,229,439,220,136,242,100,277,191,198,551,574,1132,231,345,105,424,375,68,198,402,262,74,300,150,163,360,274,415,155,273
451,381,215,76,501,106,478,128,171,204,406,537,920,313,264,256,327,885,494,61,244,517,275,178,300,129,337,204,201,607,759,1367,280,443,106,520,435,91,236,521,322,75,345,180,360,215,300,500,190,330
300,293,138,67,326,84,306,93,107,122,266,336,596,212,150,138,227,582,309,40,167,321,176,122,193,78,221,152,146,391,497,909,174,294,80,321,315,41,148,343,198,78,230,103,274,300,88,341,108,225
522,474,203,87,554,122,517,160,177,210,442,564,990,352,287,295,389,969,510,70,282,499,313,214,333,135,348,264,233,679,788,1456,278,481,110,574,475,97,281,524,345,92,397,180,415,500,341,273,174,321
170,173,79,26,168,39,187,56,69,82,171,205,353,118,97,104,152,334,165,20,123,173,95,66,130,59,149,110,97,241,281,534,109,157,40,225,174,24,92,183,127,49,116,82,155,190,108,174,31,134
386,272,126,65,352,88,333,103,107,144,279,345,573,234,187,200,249,602,357,44,182,362,203,132,201,80,194,177,185,419,515,922,192,342,85,371,305,74,166,372,252,76,224,136,273,330,225,321,134,117
