280,481,218,97,474,123,473,200,168,223,409,492,791,363,316,335,367,822,533,67,301,522,337,180,398,158,433,290,303,611,677,1174,231,523,107,555,475,78,274,456,340,109,394,188,451,429,345,474,159,395
481,177,156,69,451,102,432,127,147,177,387,479,811,246,238,238,286,749,459,49,224,471,230,164,294,113,295,223,195,529,675,1267,247,411,92,473,401,73,213,502,290,96,360,176,349,414,277,481,180,292
218,156,33,43,211,48,204,68,59,79,163,224,356,122,102,90,152,363,179,21,93,214,124,85,139,44,122,84,86,229,295,595,125,194,43,224,196,33,104,226,112,42,142,64,181,203,117,211,71,124
97,69,43,9,77,15,77,27,28,41,72,90,145,51,53,51,62,148,81,12,51,80,55,40,51,30,63,58,55,102,116,211,35,81,11,93,66,17,30,98,52,14,69,31,60,56,55,75,25,64
474,451,211,77,260,112,459,145,167,195,404,606,917,326,286,309,357,888,499,68,272,502,309,209,337,140,347,253,245,605,777,1442,279,465,106,548,456,85,258,548,346,95,392,172,416,509,301,499,191,343
123,102,48,15,112,7,98,47,36,46,91,126,195,59,61,62,82,186,116,11,71,93,61,49,56,26,70,73,61,143,166,289,50,102,19,107,84,23,49,132,70,26,78,36,79,100,68,105,32,76
473,432,204,77,459,98,222,175,150,213,421,517,927,294,256,283,346,912,527,68,247,483,295,182,308,111,337,239,230,604,736,1348,252,458,99,518,409,85,239,561,310,93,366,195,354,426,292,472,174,323
200,127,68,27,145,47,175,20,53,66,137,173,303,107,75,95,101,267,161,20,85,166,86,59,105,45,109,74,63,184,249,463,87,138,39,173,127,20,81,160,103,33,119,59,116,161,97,182,57,100
168,147,59,28,167,36,150,53,33,62,145,172,317,96,83,92,106,296,165,12,72,168,111,67,106,47,119,68,72,209,241,460,96,157,35,166,153,23,89,157,120,29,136,68,120,145,115,149,66,111
223,177,79,41,195,46,213,66,62,43,176,234,370,136,111,121,142,346,199,20,119,210,120,86,135,59,144,97,110,247,325,541,105,194,45,228,192,36,98,207,126,56,157,74,153,185,112,214,76,160
409,387,163,72,404,91,421,137,145,176,198,473,750,280,217,214,265,728,411,56,233,421,240,150,272,117,302,202,220,527,649,1149,227,387,95,464,401,70,212,408,254,93,320,159,349,382,258,448,152,308
492,479,224,90,606,126,517,173,172,234,473,307,978,359,295,325,389,990,584,68,277,576,328,221,396,130,347,254,273,747,873,1517,325,503,138,581,535,91,291,633,400,128,456,213,449,544,352,576,214,376
791,811,356,145,917,195,927,303,317,370,750,978,774,567,468,478,671,1475,921,105,513,937,523,353,633,232,604,440,469,1222,1379,2469,489,867,198,1000,827,139,474,996,624,208,652,350,742,848,580,927,283,605
363,246,122,51,326,59,294,107,96,136,280,359,567,96,159,175,231,595,309,34,169,373,195,122,212,87,203,134,179,392,496,917,164,309,70,325,316,55,155,352,183,50,235,135,265,280,195,311,131,208
316,238,102,53,286,61,256,75,83,111,217,295,468,159,67,129,212,437,277,32,169,274,148,114,174,70,171,103,124,327,399,710,144,272,71,290,255,55,139,278,163,71,201,111,199,231,160,269,90,202
335,238,90,51,309,62,283,95,92,121,214,325,478,175,129,67,225,504,275,43,167,308,173,126,189,64,176,117,130,330,402,783,155,274,64,299,258,57,139,309,183,67,216,105,205,251,175,282,121,215
367,286,152,62,357,82,346,101,106,142,265,389,671,231,212,225,126,649,373,38,206,377,217,127,259,86,241,188,179,449,552,1063,196,287,83,394,337,70,193,394,256,76,294,137,305,341,240,391,142,215
822,749,363,148,888,186,912,267,296,346,728,990,1475,595,437,504,649,761,897,103,520,927,515,340,593,232,625,416,461,1170,1352,2419,479,846,194,974,833,157,435,947,602,191,665,327,730,795,562,961,301,591
533,459,179,81,499,116,527,161,165,199,411,584,921,309,277,275,373,897,271,53,297,512,312,198,346,147,381,235,262,621,726,1418,260,462,123,551,455,80,264,561,350,99,428,185,415,464,342,518,202,333
67,49,21,12,68,11,68,20,12,20,56,68,105,34,32,43,38,103,53,0,35,62,33,25,44,21,31,38,24,82,114,178,34,51,13,69,60,8,31,66,51,12,47,22,50,57,37,73,18,46
301,224,93,51,272,71,247,85,72,119,233,277,513,169,169,167,206,520,297,35,61,308,163,118,169,70,177,136,127,320,438,788,165,269,60,268,273,49,154,304,180,48,214,85,235,276,161,309,103,190
522,471,214,80,502,93,483,166,168,210,421,576,937,373,274,308,377,927,512,62,308,282,297,222,335,125,364,231,254,645,724,1469,296,457,126,562,508,96,269,562,349,109,406,205,403,490,310,534,206,336
337,230,124,55,309,61,295,86,111,120,240,328,523,195,148,173,217,515,312,33,163,297,88,117,191,80,199,139,166,368,456,852,149,311,80,317,256,53,132,297,185,69,220,115,247,246,176,306,110,196
180,164,85,40,209,49,182,59,67,86,150,221,353,122,114,126,127,340,198,25,118,222,117,35,134,46,139,97,113,256,279,556,115,189,51,215,198,35,85,199,131,34,156,72,159,187,132,204,80,116
398,294,139,51,337,56,308,105,106,135,272,396,633,212,174,189,259,593,346,44,169,335,191,134,96,74,193,161,167,428,464,918,182,326,89,349,296,41,166,343,195,71,288,132,229,326,188,343,138,229
158,113,44,30,140,26,111,45,47,59,117,130,232,87,70,64,86,232,147,21,70,125,80,46,74,13,65,72,65,162,172,386,84,112,27,132,94,15,72,155,95,18,90,48,120,127,89,154,55,74
433,295,122,63,347,70,337,109,119,144,302,347,604,203,171,176,241,625,381,31,177,364,199,139,193,65,98,169,183,408,489,999,199,311,73,358,281,52,180,401,226,68,285,131,270,331,226,361,122,220
290,223,84,58,253,73,239,74,68,97,202,254,440,134,103,117,188,416,235,38,136,231,139,97,161,72,169,48,109,278,377,692,129,247,51,240,249,42,125,266,156,50,181,84,176,222,128,254,87,159
303,195,86,55,245,61,230,63,72,110,220,273,469,179,124,130,179,461,262,24,127,254,166,113,167,65,183,109,60,307,387,722,157,253,49,258,230,28,114,258,149,52,191,94,213,239,152,263,93,190
611,529,229,102,605,143,604,184,209,247,527,747,1222,392,327,330,449,1170,621,82,320,645,368,256,428,162,408,278,307,391,948,1773,379,557,125,659,611,117,295,659,401,133,510,198,511,587,392,681,224,382
677,675,295,116,777,166,736,249,241,325,649,873,1379,496,399,402,552,1352,726,114,438,724,456,279,464,172,489,377,387,948,552,2070,415,700,152,822,702,108,397,837,519,155,608,298,573,714,476,780,267,522
1174,1267,595,211,1442,289,1348,463,460,541,1149,1517,2469,917,710,783,1063,2419,1418,178,788,1469,852,556,918,386,999,692,722,1773,2070,1951,700,1344,282,1574,1302,216,724,1458,949,335,1016,573,1075,1281,904,1373,477,927
231,247,125,35,279,50,252,87,96,105,227,325,489,164,144,155,196,479,260,34,165,296,149,115,182,84,199,129,157,379,415,700,61,268,56,312,242,42,138,285,204,67,190,114,214,226,161,252,79,189
523,411,194,81,465,102,458,138,157,194,387,503,867,309,272,274,287,846,462,51,269,457,311,189,326,112,311,247,253,557,700,1344,268,190,99,492,420,96,228,489,324,98,381,186,412,421,307,487,182,311
107,92,43,11,106,19,99,39,35,45,95,138,198,70,71,64,83,194,123,13,60,126,80,51,89,27,73,51,49,125,152,282,56,99,15,117,110,20,53,112,67,35,97,43,101,102,94,112,36,80
555,473,224,93,548,107,518,173,166,228,464,581,1000,325,290,299,394,974,551,69,268,562,317,215,349,132,358,240,258,659,822,1574,312,492,117,287,490,80,265,614,357,112,399,206,445,509,317,555,224,352
475,401,196,66,456,84,409,127,153,192,401,535,827,316,255,258,337,833,455,60,273,508,256,198,296,94,281,249,230,611,702,1302,242,420,110,490,208,97,224,547,302,100,354,186,350,420,297,453,182,318
78,73,33,17,85,23,85,20,23,36,70,91,139,55,55,57,70,157,80,8,49,96,53,35,41,15,52,42,28,117,108,216,42,96,20,80,97,8,38,90,54,13,84,29,63,83,53,83,35,56
274,213,104,30,258,49,239,81,89,98,212,291,474,155,139,139,193,435,264,31,154,269,132,85,166,72,180,125,114,295,397,724,138,228,53,265,224,38,73,266,169,57,192,92,213,239,164,263,96,164
456,502,226,98,548,132,561,160,157,207,408,633,996,352,278,309,394,947,561,66,304,562,297,199,343,155,401,266,258,659,837,1458,285,489,112,614,547,90,266,300,360,112,429,188,414,481,327,559,190,336
340,290,112,52,346,70,310,103,120,126,254,400,624,183,163,183,256,602,350,51,180,349,185,131,195,95,226,156,149,401,519,949,204,324,67,357,302,54,169,360,125,68,260,121,237,325,201,331,129,227
109,96,42,14,95,26,93,33,29,56,93,128,208,50,71,67,76,191,99,12,48,109,69,34,71,18,68,50,52,133,155,335,67,98,35,112,100,13,57,112,68,13,94,28,94,91,84,108,45,73
394,360,142,69,392,78,366,119,136,157,320,456,652,235,201,216,294,665,428,47,214,406,220,156,288,90,285,181,191,510,608,1016,190,381,97,399,354,84,192,429,260,94,159,137,328,348,258,384,129,269
188,176,64,31,172,36,195,59,68,74,159,213,350,135,111,105,137,327,185,22,85,205,115,72,132,48,131,84,94,198,298,573,114,186,43,206,186,29,92,188,121,28,137,32,158,157,135,204,77,127
451,349,181,60,416,79,354,116,120,153,349,449,742,265,199,205,305,730,415,50,235,403,247,159,229,120,270,176,213,511,573,1075,214,412,101,445,350,63,213,414,237,94,328,158,158,381,241,410,149,280
429,414,203,56,509,100,426,161,145,185,382,544,848,280,231,251,341,795,464,57,276,490,246,187,326,127,331,222,239,587,714,1281,226,421,102,509,420,83,239,481,325,91,348,157,381,219,267,493,163,339
345,277,117,55,301,68,292,97,115,112,258,352,580,195,160,175,240,562,342,37,161,310,176,132,188,89,226,128,152,392,476,904,161,307,94,317,297,53,164,327,201,84,258,135,241,267,89,334,120,240
474,481,211,75,499,105,472,182,149,214,448,576,927,311,269,282,391,961,518,73,309,534,306,204,343,154,361,254,263,681,780,1373,252,487,112,555,453,83,263,559,331,108,384,204,410,493,334,260,179,357
159,180,71,25,191,32,174,57,66,76,152,214,283,131,90,121,142,301,202,18,103,206,110,80,138,55,122,87,93,224,267,477,79,182,36,224,182,35,96,190,129,45,129,77,149,163,120,179,27,133
395,292,124,64,343,76,323,100,111,160,308,376,605,208,202,215,215,591,333,46,190,336,196,116,229,74,220,159,190,382,522,927,189,311,80,352,318,56,164,336,227,73,269,127,280,339,240,357,133,112
