260,451,214,77,525,120,459,154,179,230,466,531,822,371,303,306,369,812,486,64,287,497,330,221,346,173,390,314,326,586,720,1146,238,468,110,458,456,83,228,496,300,110,364,176,425,417,306,480,171,385
451,187,162,88,417,115,401,126,144,167,375,462,759,301,205,210,321,794,419,41,230,432,235,169,269,108,308,199,210,523,689,1236,211,348,94,479,391,69,189,444,279,87,298,145,329,419,250,432,128,268
214,162,39,38,199,55,185,58,55,84,167,239,384,114,93,106,160,376,197,25,117,170,115,66,125,64,148,83,90,257,298,527,104,179,38,247,165,31,106,204,127,45,133,82,167,164,136,209,68,146
77,88,38,5,83,14,77,27,30,44,66,86,151,67,48,48,62,171,84,9,60,94,64,29,53,26,49,53,60,123,130,211,45,82,20,79,72,10,40,95,55,19,75,33,64,65,61,73,36,68
525,417,199,83,268,106,520,166,187,237,460,581,912,344,270,303,363,915,513,64,297,505,318,223,335,133,335,248,245,610,768,1401,263,453,119,533,470,84,238,533,321,113,381,199,421,465,309,523,200,379
120,115,55,14,106,12,99,44,28,51,93,129,191,88,59,66,71,205,120,16,72,124,76,52,81,34,71,66,84,134,174,298,59,122,24,117,103,20,58,113,74,28,81,33,97,114,77,95,33,68
459,401,185,77,520,99,212,165,168,219,421,518,834,323,259,292,326,866,520,54,303,490,300,186,294,129,328,259,245,597,761,1270,262,460,105,488,455,68,264,548,310,98,367,205,369,463,319,460,162,326
154,126,58,27,166,44,165,20,58,65,135,168,305,113,90,92,111,300,169,12,92,159,100,68,98,37,95,71,81,220,217,414,80,158,30,143,156,28,62,168,93,24,152,57,130,140,91,171,51,116
179,144,55,30,187,28,168,58,21,74,161,189,316,112,76,96,124,287,182,23,99,174,95,66,112,38,121,90,82,197,268,490,95,154,38,180,158,27,92,186,131,51,131,54,147,144,101,183,65,103
230,167,84,44,237,51,219,65,74,35,170,209,391,147,122,113,135,373,193,17,113,213,111,92,117,50,125,97,106,285,287,556,107,206,33,203,203,35,112,227,139,47,162,93,175,176,119,206,79,132
466,375,167,66,460,93,421,135,161,170,202,471,786,289,243,260,302,749,425,44,259,446,230,166,275,100,281,215,199,517,609,1143,224,434,99,445,397,61,208,457,289,95,312,170,352,404,265,452,139,289
531,462,239,86,581,129,518,168,189,209,471,289,1000,350,265,331,442,985,545,69,300,571,319,235,379,129,363,272,307,714,870,1523,285,519,132,585,526,107,279,572,362,111,412,196,470,510,348,556,209,386
822,759,384,151,912,191,834,305,316,391,786,1000,743,576,483,550,648,1369,887,114,452,926,530,372,598,249,645,416,468,1085,1372,2322,463,838,198,941,841,143,456,946,599,185,656,334,748,823,579,938,309,629
371,301,114,67,344,88,323,113,112,147,289,350,576,100,199,183,209,581,331,38,172,339,208,125,220,100,223,154,172,410,484,892,181,314,74,357,305,49,169,371,205,59,273,141,254,330,204,353,145,203
303,205,93,48,270,59,259,90,76,122,243,265,483,199,67,133,203,490,257,41,124,237,138,101,163,63,173,120,136,325,371,722,139,258,62,264,236,43,142,263,172,63,219,95,216,247,144,289,91,161
306,210,106,48,303,66,292,92,96,113,260,331,550,183,133,84,245,551,299,39,144,276,161,93,184,66,191,139,147,359,429,853,158,289,69,287,265,44,156,330,184,70,245,122,232,266,171,300,123,195
369,321,160,62,363,71,326,111,124,135,302,442,648,209,203,245,132,653,374,45,219,383,209,124,208,99,236,180,196,434,550,1003,191,341,101,398,317,58,163,388,231,75,298,115,291,324,201,402,139,258
812,794,376,171,915,205,866,300,287,373,749,985,1369,581,490,551,653,739,924,120,518,931,523,376,595,249,660,422,471,1067,1298,2333,455,839,190,923,829,121,461,944,581,207,652,338,703,779,592,907,300,591
486,419,197,84,513,120,520,169,182,193,425,545,887,331,257,299,374,924,249,59,280,502,292,190,308,122,344,259,238,642,775,1419,276,453,107,531,481,64,265,530,324,125,396,197,407,436,321,540,172,355
64,41,25,9,64,16,54,12,23,17,44,69,114,38,41,39,45,120,59,2,29,68,36,25,38,22,39,28,29,90,109,182,37,57,17,63,65,12,26,72,27,10,40,32,56,74,40,58,29,44
287,230,117,60,297,72,303,92,99,113,259,300,452,172,124,144,219,518,280,29,66,286,158,115,159,77,188,125,147,312,401,748,122,275,80,262,282,42,155,300,188,59,198,100,217,261,172,294,110,183
497,432,170,94,505,124,490,159,174,213,446,571,926,339,237,276,383,931,502,68,286,262,307,184,327,126,355,235,246,672,788,1421,293,460,117,549,488,83,272,550,330,103,379,185,409,491,285,535,173,350
330,235,115,64,318,76,300,100,95,111,230,319,530,208,138,161,209,523,292,36,158,307,73,103,173,64,189,143,154,351,473,841,143,280,67,324,278,60,134,285,199,63,213,106,207,260,160,301,107,168
221,169,66,29,223,52,186,68,66,92,166,235,372,125,101,93,124,376,190,25,115,184,103,37,120,55,137,101,93,251,320,562,103,183,48,204,201,33,103,238,139,31,151,81,135,176,120,176,76,120
346,269,125,53,335,81,294,98,112,117,275,379,598,220,163,184,208,595,308,38,159,327,173,120,112,83,224,173,152,425,487,913,155,305,62,342,326,66,168,318,245,64,234,118,250,281,191,348,100,208
173,108,64,26,133,34,129,37,38,50,100,129,249,100,63,66,99,249,122,22,77,126,64,55,83,14,73,64,61,173,172,354,66,126,28,153,128,24,66,108,82,27,104,45,103,123,77,117,43,90
390,308,148,49,335,71,328,95,121,125,281,363,645,223,173,191,236,660,344,39,188,355,189,137,224,73,106,159,152,441,515,962,184,287,72,366,345,46,158,362,212,76,279,134,275,323,207,347,134,218
314,199,83,53,248,66,259,71,90,97,215,272,416,154,120,139,180,422,259,28,125,235,143,101,173,64,159,46,121,291,339,651,131,245,47,250,223,45,104,234,148,44,168,92,176,196,139,255,64,162
326,210,90,60,245,84,245,81,82,106,199,307,468,172,136,147,196,471,238,29,147,246,154,93,152,61,152,121,63,295,399,735,152,236,54,264,249,46,151,275,141,43,207,105,203,226,164,271,106,181
586,523,257,123,610,134,597,220,197,285,517,714,1085,410,325,359,434,1067,642,90,312,672,351,251,425,173,441,291,295,381,928,1789,325,574,156,674,566,99,321,655,417,154,475,244,480,572,367,624,244,443
720,689,298,130,768,174,761,217,268,287,609,870,1372,484,371,429,550,1298,775,109,401,788,473,320,487,172,515,339,399,928,563,2083,425,672,163,805,699,119,359,805,488,147,576,270,599,670,482,781,240,504
1146,1236,527,211,1401,298,1270,414,490,556,1143,1523,2322,892,722,853,1003,2333,1419,182,748,1421,841,562,913,354,962,651,735,1789,2083,1839,723,1272,333,1507,1292,235,674,1506,880,275,996,509,1128,1275,925,1486,505,914
238,211,104,45,263,59,262,80,95,107,224,285,463,181,139,158,191,455,276,37,122,293,143,103,155,66,184,131,152,325,425,723,58,251,62,281,267,45,119,271,172,52,192,102,227,239,175,303,99,164
468,348,179,82,453,122,460,158,154,206,434,519,838,314,258,289,341,839,453,57,275,460,280,183,305,126,287,245,236,574,672,1272,251,209,115,480,430,72,265,508,310,77,377,190,377,421,287,509,173,349
110,94,38,20,119,24,105,30,38,33,99,132,198,74,62,69,101,190,107,17,80,117,67,48,62,28,72,47,54,156,163,333,62,115,11,128,106,13,59,116,58,29,93,51,77,91,76,126,41,98
458,479,247,79,533,117,488,143,180,203,445,585,941,357,264,287,398,923,531,63,262,549,324,204,342,153,366,250,264,674,805,1507,281,480,128,251,483,83,234,592,329,105,418,203,434,488,326,514,195,343
456,391,165,72,470,103,455,156,158,203,397,526,841,305,236,265,317,829,481,65,282,488,278,201,326,128,345,223,249,566,699,1292,267,430,106,483,215,85,234,499,309,93,354,173,421,420,325,473,164,329
83,69,31,10,84,20,68,28,27,35,61,107,143,49,43,44,58,121,64,12,42,83,60,33,66,24,46,45,46,99,119,235,45,72,13,83,85,9,44,87,53,14,57,24,73,78,52,74,28,54
228,189,106,40,238,58,264,62,92,112,208,279,456,169,142,156,163,461,265,26,155,272,134,103,168,66,158,104,151,321,359,674,119,265,59,234,234,44,59,273,167,47,204,94,230,222,151,265,96,181
496,444,204,95,533,113,548,168,186,227,457,572,946,371,263,330,388,944,530,72,300,550,285,238,318,108,362,234,275,655,805,1506,271,508,116,592,499,87,273,280,336,119,407,207,440,479,310,516,166,369
300,279,127,55,321,74,310,93,131,139,289,362,599,205,172,184,231,581,324,27,188,330,199,139,245,82,212,148,141,417,488,880,172,310,58,329,309,53,167,336,93,65,240,130,283,291,227,331,108,211
110,87,45,19,113,28,98,24,51,47,95,111,185,59,63,70,75,207,125,10,59,103,63,31,64,27,76,44,43,154,147,275,52,77,29,105,93,14,47,119,65,9,80,40,83,94,61,110,46,67
364,298,133,75,381,81,367,152,131,162,312,412,656,273,219,245,298,652,396,40,198,379,213,151,234,104,279,168,207,475,576,996,192,377,93,418,354,57,204,407,240,80,168,148,303,307,268,399,142,268
176,145,82,33,199,33,205,57,54,93,170,196,334,141,95,122,115,338,197,32,100,185,106,81,118,45,134,92,105,244,270,509,102,190,51,203,173,24,94,207,130,40,148,37,159,193,114,198,65,124
425,329,167,64,421,97,369,130,147,175,352,470,748,254,216,232,291,703,407,56,217,409,207,135,250,103,275,176,203,480,599,1128,227,377,77,434,421,73,230,440,283,83,303,159,153,359,249,416,143,273
417,419,164,65,465,114,463,140,144,176,404,510,823,330,247,266,324,779,436,74,261,491,260,176,281,123,323,196,226,572,670,1275,239,421,91,488,420,78,222,479,291,94,307,193,359,199,278,467,142,299
306,250,136,61,309,77,319,91,101,119,265,348,579,204,144,171,201,592,321,40,172,285,160,120,191,77,207,139,164,367,482,925,175,287,76,326,325,52,151,310,227,61,268,114,249,278,72,362,120,197
480,432,209,73,523,95,460,171,183,206,452,556,938,353,289,300,402,907,540,58,294,535,301,176,348,117,347,255,271,624,781,1486,303,509,126,514,473,74,265,516,331,110,399,198,416,467,362,252,215,337
171,128,68,36,200,33,162,51,65,79,139,209,309,145,91,123,139,300,172,29,110,173,107,76,100,43,134,64,106,244,240,505,99,173,41,195,164,28,96,166,108,46,142,65,143,142,120,215,33,142
385,268,146,68,379,68,326,116,103,132,289,386,629,203,161,195,258,591,355,44,183,350,168,120,208,90,218,162,181,443,504,914,164,349,98,343,329,54,181,369,211,67,268,124,273,299,197,337,142,101
