254,474,210,95,511,134,462,184,177,227,435,520,784,384,322,350,386,801,515,69,328,514,334,206,358,147,367,269,300,615,676,1165,242,486,107,519,509,87,254,462,318,119,385,186,434,405,349,467,178,373
474,174,184,76,433,98,420,123,148,164,372,485,781,287,238,245,317,761,443,57,243,439,276,159,286,83,259,205,207,572,651,1217,257,410,112,438,395,63,196,444,301,91,325,157,332,377,269,487,190,259
210,184,41,38,204,51,183,79,79,77,189,240,358,134,88,103,131,351,201,25,108,188,117,80,130,51,127,82,87,264,299,585,102,211,35,219,173,37,106,222,137,37,156,64,142,183,113,214,72,136
95,76,38,8,79,18,78,23,38,38,70,77,160,58,44,51,60,159,84,11,43,86,53,29,58,24,57,47,55,109,131,217,39,74,26,100,74,18,45,93,45,19,60,26,68,74,54,69,38,57
511,433,204,79,249,108,481,154,164,191,429,544,908,360,300,316,376,899,532,66,282,514,312,218,358,115,324,238,265,648,770,1422,294,460,124,575,455,86,264,559,324,106,363,200,433,496,298,512,197,340
134,98,51,18,108,8,90,37,33,57,86,110,188,72,58,66,81,183,115,21,70,111,76,46,82,25,68,62,63,132,149,284,63,88,28,114,97,18,66,103,58,26,77,42,81,97,63,87,40,82
462,420,183,78,481,90,230,154,168,208,422,504,853,327,281,285,369,857,468,74,261,515,317,186,346,123,332,230,273,608,704,1337,263,443,114,491,438,83,237,478,281,114,361,153,409,472,296,440,206,332
184,123,79,23,154,37,154,10,50,76,122,159,279,112,76,90,114,269,130,34,82,158,91,72,87,38,115,81,90,181,237,408,82,150,46,159,136,25,61,165,105,27,121,50,134,156,107,166,57,109
177,148,79,38,164,33,168,50,32,63,138,186,304,114,96,105,123,300,175,23,94,183,104,61,107,36,98,68,77,223,231,423,85,158,37,193,149,36,95,156,114,37,124,53,144,154,102,165,59,127
227,164,77,38,191,57,208,76,63,39,155,244,375,127,120,124,127,362,205,24,117,201,120,67,147,52,140,98,109,253,301,589,126,206,42,228,179,36,96,194,119,44,146,69,191,179,135,198,78,140
435,372,189,70,429,86,422,122,138,155,175,467,757,282,217,280,296,742,421,67,225,437,244,160,285,101,278,198,217,512,577,1153,241,368,97,443,375,59,197,428,256,83,294,147,322,377,273,431,144,288
520,485,240,77,544,110,504,159,186,244,467,306,954,349,299,322,398,1002,565,69,319,555,309,231,350,137,405,242,324,726,877,1555,305,504,129,605,514,76,271,622,401,127,381,210,458,530,359,558,210,378
784,781,358,160,908,188,853,279,304,375,757,954,824,576,483,558,644,1425,871,120,538,927,550,344,595,242,652,427,489,1126,1338,2418,455,854,213,972,833,144,435,944,588,188,664,323,706,854,585,896,344,612
384,287,134,58,360,72,327,112,114,127,282,349,576,114,170,187,262,549,343,48,207,357,192,148,222,82,223,161,164,416,492,933,191,318,63,338,337,59,181,332,196,83,218,121,303,312,191,332,142,219
322,238,88,44,300,58,281,76,96,120,217,299,483,170,65,125,206,455,292,37,159,305,174,109,182,66,185,116,171,326,403,745,141,248,63,245,259,59,119,321,171,58,189,101,227,231,147,258,103,201
350,245,103,51,316,66,285,90,105,124,280,322,558,187,125,66,235,539,300,33,157,301,166,111,217,55,198,126,146,341,455,771,162,271,68,294,270,45,153,322,191,61,203,118,236,239,199,283,113,223
386,317,131,60,376,81,369,114,123,127,296,398,644,262,206,235,128,651,397,55,197,402,222,143,227,103,262,177,185,478,540,997,190,359,90,372,374,72,189,370,219,91,301,145,294,331,258,358,137,222
801,761,351,159,899,183,857,269,300,362,742,1002,1425,549,455,539,651,767,925,123,535,944,528,330,652,225,639,438,466,1061,1354,2383,464,838,205,997,813,145,431,947,596,182,660,339,702,829,587,930,339,589
515,443,201,84,532,115,468,130,175,205,421,565,871,343,292,300,397,925,262,66,250,483,314,212,291,116,356,266,237,629,792,1403,302,475,123,550,469,79,253,552,348,105,383,195,379,480,336,505,196,371
69,57,25,11,66,21,74,34,23,24,67,69,120,48,37,33,55,123,66,4,35,78,41,31,38,16,50,30,32,75,111,196,45,61,18,76,47,9,44,64,39,13,56,23,53,65,33,72,22,38
328,243,108,43,282,70,261,82,94,117,225,319,538,207,159,157,197,535,250,35,74,263,167,103,191,77,189,120,122,321,396,810,184,256,54,302,260,46,121,300,170,54,215,120,223,258,177,320,94,185
514,439,188,86,514,111,515,158,183,201,437,555,927,357,305,301,402,944,483,78,263,272,316,204,330,110,352,229,255,663,787,1392,308,502,113,500,489,95,256,544,318,108,405,191,434,505,318,550,190,368
334,276,117,53,312,76,317,91,104,120,244,309,550,192,174,166,222,528,314,41,167,316,107,109,211,101,209,137,166,395,473,844,162,295,73,323,269,52,163,317,227,65,241,120,256,294,193,311,122,195
206,159,80,29,218,46,186,72,61,67,160,231,344,148,109,111,143,330,212,31,103,204,109,35,126,44,124,98,95,252,295,583,118,205,45,218,197,39,103,227,142,48,137,73,151,191,123,197,88,124
358,286,130,58,358,82,346,87,107,147,285,350,595,222,182,217,227,652,291,38,191,330,211,126,121,83,206,142,150,422,483,920,191,303,89,311,298,44,146,345,218,60,252,114,246,330,202,348,130,206
147,83,51,24,115,25,123,38,36,52,101,137,242,82,66,55,103,225,116,16,77,110,101,44,83,17,82,48,59,155,197,389,80,115,33,136,124,24,50,126,85,19,98,50,103,109,93,138,58,85
367,259,127,57,324,68,332,115,98,140,278,405,652,223,185,198,262,639,356,50,189,352,209,124,206,82,108,142,171,396,543,1011,196,332,78,335,326,63,168,354,231,65,279,116,254,319,200,378,141,224
269,205,82,47,238,62,230,81,68,98,198,242,427,161,116,126,177,438,266,30,120,229,137,98,142,48,142,63,122,326,366,662,146,231,54,238,219,38,120,279,142,52,214,86,183,221,153,235,84,164
300,207,87,55,265,63,273,90,77,109,217,324,489,164,171,146,185,466,237,32,122,255,166,95,150,59,171,122,59,322,363,767,139,248,56,261,234,46,136,263,179,59,189,82,205,254,160,257,94,183
615,572,264,109,648,132,608,181,223,253,512,726,1126,416,326,341,478,1061,629,75,321,663,395,252,422,155,396,326,322,392,950,1775,353,611,143,687,628,90,300,660,401,113,490,243,521,579,411,611,238,391
676,651,299,131,770,149,704,237,231,301,577,877,1338,492,403,455,540,1354,792,111,396,787,473,295,483,197,543,366,363,950,568,1985,385,771,177,773,744,121,410,790,501,142,579,293,582,695,487,806,293,529
1165,1217,585,217,1422,284,1337,408,423,589,1153,1555,2418,933,745,771,997,2383,1403,196,810,1392,844,583,920,389,1011,662,767,1775,1985,1910,707,1324,326,1482,1261,205,681,1418,934,296,999,535,1168,1292,851,1437,519,945
242,257,102,39,294,63,263,82,85,126,241,305,455,191,141,162,190,464,302,45,184,308,162,118,191,80,196,146,139,353,385,707,68,246,56,272,239,38,137,304,197,69,190,94,226,243,168,289,86,191
486,410,211,74,460,88,443,150,158,206,368,504,854,318,248,271,359,838,475,61,256,502,295,205,303,115,332,231,248,611,771,1324,246,227,110,492,408,73,249,498,296,100,345,166,410,425,281,462,164,354
107,112,35,26,124,28,114,46,37,42,97,129,213,63,63,68,90,205,123,18,54,113,73,45,89,33,78,54,56,143,177,326,56,110,5,123,102,14,69,116,89,22,86,36,88,113,60,130,34,92
519,438,219,100,575,114,491,159,193,228,443,605,972,338,245,294,372,997,550,76,302,500,323,218,311,136,335,238,261,687,773,1482,272,492,123,263,496,94,262,534,363,105,412,229,430,523,362,540,202,365
509,395,173,74,455,97,438,136,149,179,375,514,833,337,259,270,374,813,469,47,260,489,269,197,298,124,326,219,234,628,744,1261,239,408,102,496,227,79,251,514,280,90,363,166,369,430,273,469,179,331
87,63,37,18,86,18,83,25,36,36,59,76,144,59,59,45,72,145,79,9,46,95,52,39,44,24,63,38,46,90,121,205,38,73,14,94,79,2,36,73,63,13,68,35,76,61,53,81,23,58
254,196,106,45,264,66,237,61,95,96,197,271,435,181,119,153,189,431,253,44,121,256,163,103,146,50,168,120,136,300,410,681,137,249,69,262,251,36,54,261,161,50,200,88,208,236,160,249,96,171
462,444,222,93,559,103,478,165,156,194,428,622,944,332,321,322,370,947,552,64,300,544,317,227,345,126,354,279,263,660,790,1418,304,498,116,534,514,73,261,303,348,100,415,207,424,511,353,572,199,349
318,301,137,45,324,58,281,105,114,119,256,401,588,196,171,191,219,596,348,39,170,318,227,142,218,85,231,142,179,401,501,934,197,296,89,363,280,63,161,348,111,80,238,131,251,305,218,339,127,206
119,91,37,19,106,26,114,27,37,44,83,127,188,83,58,61,91,182,105,13,54,108,65,48,60,19,65,52,59,113,142,296,69,100,22,105,90,13,50,100,80,8,77,43,79,91,55,98,36,80
385,325,156,60,363,77,361,121,124,146,294,381,664,218,189,203,301,660,383,56,215,405,241,137,252,98,279,214,189,490,579,999,190,345,86,412,363,68,200,415,238,77,131,143,312,346,251,379,141,250
186,157,64,26,200,42,153,50,53,69,147,210,323,121,101,118,145,339,195,23,120,191,120,73,114,50,116,86,82,243,293,535,94,166,36,229,166,35,88,207,131,43,143,35,143,187,125,166,71,117
434,332,142,68,433,81,409,134,144,191,322,458,706,303,227,236,294,702,379,53,223,434,256,151,246,103,254,183,205,521,582,1168,226,410,88,430,369,76,208,424,251,79,312,143,165,384,247,419,144,267
405,377,183,74,496,97,472,156,154,179,377,530,854,312,231,239,331,829,480,65,258,505,294,191,330,109,319,221,254,579,695,1292,243,425,113,523,430,61,236,511,305,91,346,187,384,191,315,451,171,320
349,269,113,54,298,63,296,107,102,135,273,359,585,191,147,199,258,587,336,33,177,318,193,123,202,93,200,153,160,411,487,851,168,281,60,362,273,53,160,353,218,55,251,125,247,315,83,315,108,220
467,487,214,69,512,87,440,166,165,198,431,558,896,332,258,283,358,930,505,72,320,550,311,197,348,138,378,235,257,611,806,1437,289,462,130,540,469,81,249,572,339,98,379,166,419,451,315,259,176,338
178,190,72,38,197,40,206,57,59,78,144,210,344,142,103,113,137,339,196,22,94,190,122,88,130,58,141,84,94,238,293,519,86,164,34,202,179,23,96,199,127,36,141,71,144,171,108,176,28,129
373,259,136,57,340,82,332,109,127,140,288,378,612,219,201,223,222,589,371,38,185,368,195,124,206,85,224,164,183,391,529,945,191,354,92,365,331,58,171,349,206,80,250,117,267,320,220,338,129,90
