272,454,218,94,487,101,471,173,173,256,450,524,828,385,313,335,350,814,499,66,322,534,335,202,365,147,365,267,306,620,750,1212,240,511,101,501,505,87,253,503,317,114,348,208,442,439,363,465,175,394
454,179,155,70,443,96,403,126,152,169,362,505,791,304,224,233,320,792,447,60,230,438,233,181,285,94,241,202,236,536,654,1244,243,393,108,433,411,61,203,453,278,77,325,174,365,378,283,451,174,306
218,155,38,27,197,46,206,66,65,74,176,238,378,121,111,107,139,377,210,23,106,206,124,80,127,49,123,92,72,239,291,555,106,171,38,194,181,39,93,231,132,41,166,81,155,180,133,204,78,131
94,70,27,7,74,17,72,28,24,32,75,76,170,77,45,50,57,176,85,10,70,98,43,35,51,19,66,49,40,128,138,218,36,88,20,87,80,18,45,82,48,9,74,33,79,72,48,88,38,57
487,443,197,74,264,97,464,177,165,203,430,563,908,327,270,268,380,916,527,69,273,531,311,232,337,145,341,244,247,661,775,1470,297,473,118,503,468,78,256,526,354,96,377,189,419,460,319,533,198,342
101,96,46,17,97,9,91,46,32,56,107,115,197,99,62,63,77,189,101,11,66,99,59,48,79,31,87,62,70,141,155,293,56,107,25,128,109,26,54,103,66,19,76,40,101,95,64,103,43,71
471,403,206,72,464,91,230,144,158,239,430,557,826,336,224,263,360,842,482,50,280,504,256,181,317,130,349,230,257,602,693,1342,227,430,124,531,486,71,268,495,330,87,354,160,402,413,283,511,189,328
173,126,66,28,177,46,144,18,57,67,130,166,286,90,76,94,108,262,129,22,96,147,87,53,94,46,95,67,79,159,241,402,81,157,39,168,144,25,75,147,85,28,114,61,129,170,83,157,46,105
173,152,65,24,165,32,158,57,24,75,146,193,294,113,81,99,118,304,181,14,81,177,89,75,116,47,121,68,79,209,229,465,104,148,37,171,148,27,83,168,116,29,134,62,157,167,106,154,52,104
256,169,74,32,203,56,239,67,75,48,176,219,327,139,114,124,154,316,213,29,133,222,131,82,144,55,150,107,103,246,310,549,103,204,40,220,212,33,105,224,147,41,159,73,195,185,118,229,80,153
450,362,176,75,430,107,430,130,146,176,182,453,734,309,237,231,327,748,444,53,233,423,277,175,272,113,287,222,216,511,651,1151,245,428,97,444,420,74,191,449,291,88,323,170,386,416,272,460,163,295
524,505,238,76,563,115,557,166,193,219,453,314,1019,363,271,308,415,1041,583,67,266,600,307,213,393,134,398,255,260,688,885,1605,296,522,126,607,494,99,289,600,373,117,442,207,415,529,359,612,214,388
828,791,378,170,908,197,826,286,294,327,734,1019,810,603,477,559,678,1477,919,140,440,961,534,333,637,238,587,421,471,1110,1353,2496,437,919,208,1000,826,131,495,923,592,189,679,353,706,855,574,898,348,562
385,304,121,77,327,99,336,90,113,139,309,363,603,115,190,176,266,577,346,36,187,333,221,128,232,73,205,138,160,400,480,903,163,302,91,342,335,55,162,358,218,70,237,125,283,319,219,342,139,237
313,224,111,45,270,62,224,76,81,114,237,271,477,190,65,154,204,490,258,30,133,248,136,111,173,55,182,116,132,307,400,718,150,224,57,297,218,33,119,296,166,52,187,92,194,232,156,284,84,186
335,233,107,50,268,63,263,94,99,124,231,308,559,176,154,70,204,575,270,26,148,277,194,106,201,60,189,125,152,309,461,833,177,259,63,308,276,54,138,319,182,49,236,101,227,270,172,311,111,195
350,320,139,57,380,77,360,108,118,154,327,415,678,266,204,204,130,673,384,45,206,394,206,135,214,88,217,161,198,444,573,1036,186,379,77,374,333,55,179,402,250,73,270,149,297,330,258,356,144,238
814,792,377,176,916,189,842,262,304,316,748,1041,1477,577,490,575,673,807,909,128,476,966,558,348,597,251,613,417,479,1113,1312,2470,475,880,219,980,844,151,456,979,634,194,637,345,738,885,569,849,344,594
499,447,210,85,527,101,482,129,181,213,444,583,919,346,258,270,384,909,233,62,263,491,313,233,346,115,354,229,266,630,734,1419,275,477,133,525,497,89,269,502,334,109,386,201,426,478,350,498,207,331
66,60,23,10,69,11,50,22,14,29,53,67,140,36,30,26,45,128,62,1,31,56,40,25,34,17,30,30,26,84,87,202,48,58,9,60,69,15,32,83,54,14,46,29,41,64,44,67,27,31
322,230,106,70,273,66,280,96,81,133,233,266,440,187,133,148,206,476,263,31,71,278,158,94,181,80,180,135,132,358,422,769,136,271,53,272,259,40,133,293,186,49,210,99,202,269,178,306,96,174
534,438,206,98,531,99,504,147,177,222,423,600,961,333,248,277,394,966,491,56,278,244,306,213,325,131,344,211,270,693,752,1407,266,493,131,543,485,84,273,557,339,106,401,204,404,464,350,516,200,363
335,233,124,43,311,59,256,87,89,131,277,307,534,221,136,194,206,558,313,40,158,306,83,118,184,77,197,136,160,392,454,884,139,279,69,304,282,44,143,309,196,66,227,105,226,268,184,318,105,191
202,181,80,35,232,48,181,53,75,82,175,213,333,128,111,106,135,348,233,25,94,213,118,41,148,41,127,98,85,268,306,566,102,175,47,201,191,28,112,207,132,37,166,69,154,177,140,222,79,138
365,285,127,51,337,79,317,94,116,144,272,393,637,232,173,201,214,597,346,34,181,325,184,148,107,90,204,155,169,440,526,991,192,302,67,312,311,42,150,345,216,63,270,114,265,306,192,340,124,208
147,94,49,19,145,31,130,46,47,55,113,134,238,73,55,60,88,251,115,17,80,131,77,41,90,14,67,56,58,162,185,332,58,130,29,128,123,28,62,146,94,32,120,41,92,108,77,140,52,97
365,241,123,66,341,87,349,95,121,150,287,398,587,205,182,189,217,613,354,30,180,344,197,127,204,67,108,175,175,430,494,959,147,335,77,333,307,68,153,376,247,82,296,116,254,305,210,355,121,234
267,202,92,49,244,62,230,67,68,107,222,255,421,138,116,125,161,417,229,30,135,211,136,98,155,56,175,54,128,267,330,604,119,222,46,224,225,41,107,277,143,35,200,93,217,236,133,261,98,183
306,236,72,40,247,70,257,79,79,103,216,260,471,160,132,152,198,479,266,26,132,270,160,85,169,58,175,128,69,353,376,716,151,262,57,252,245,34,126,277,165,51,197,94,186,229,164,271,94,176
620,536,239,128,661,141,602,159,209,246,511,688,1110,400,307,309,444,1113,630,84,358,693,392,268,440,162,430,267,353,396,963,1801,342,635,156,652,601,113,321,704,436,136,467,227,528,630,381,665,233,438
750,654,291,138,775,155,693,241,229,310,651,885,1353,480,400,461,573,1312,734,87,422,752,454,306,526,185,494,330,376,963,483,2016,411,758,162,855,701,111,407,781,524,164,600,254,589,654,473,756,274,487
1212,1244,555,218,1470,293,1342,402,465,549,1151,1605,2496,903,718,833,1036,2470,1419,202,769,1407,884,566,991,332,959,604,716,1801,2016,1934,698,1300,328,1555,1249,237,700,1474,948,299,1035,556,1128,1244,935,1345,537,956
240,243,106,36,297,56,227,81,104,103,245,296,437,163,150,177,186,475,275,48,136,266,139,102,192,58,147,119,151,342,411,698,61,262,62,295,233,29,131,299,195,52,172,104,215,239,167,260,90,207
511,393,171,88,473,107,430,157,148,204,428,522,919,302,224,259,379,880,477,58,271,493,279,175,302,130,335,222,262,635,758,1300,262,231,113,531,445,74,256,489,309,103,368,152,375,464,287,481,189,318
101,108,38,20,118,25,124,39,37,40,97,126,208,91,57,63,77,219,133,9,53,131,69,47,67,29,77,46,57,156,162,328,62,113,10,112,120,27,60,129,87,26,84,49,92,92,69,110,36,81
501,433,194,87,503,128,531,168,171,220,444,607,1000,342,297,308,374,980,525,60,272,543,304,201,312,128,333,224,252,652,855,1555,295,531,112,280,518,95,255,578,347,117,429,212,414,507,345,551,223,348
505,411,181,80,468,109,486,144,148,212,420,494,826,335,218,276,333,844,497,69,259,485,282,191,311,123,307,225,245,601,701,1249,233,445,120,518,236,84,244,503,306,81,353,168,376,385,275,505,173,300
87,61,39,18,78,26,71,25,27,33,74,99,131,55,33,54,55,151,89,15,40,84,44,28,42,28,68,41,34,113,111,237,29,74,27,95,84,9,52,96,51,16,71,39,63,86,38,82,31,48
253,203,93,45,256,54,268,75,83,105,191,289,495,162,119,138,179,456,269,32,133,273,143,112,150,62,153,107,126,321,407,700,131,256,60,255,244,52,62,263,166,47,196,115,236,271,148,259,97,178
503,453,231,82,526,103,495,147,168,224,449,600,923,358,296,319,402,979,502,83,293,557,309,207,345,146,376,277,277,704,781,1474,299,489,129,578,503,96,263,254,348,97,413,198,432,493,348,554,204,363
317,278,132,48,354,66,330,85,116,147,291,373,592,218,166,182,250,634,334,54,186,339,196,132,216,94,247,143,165,436,524,948,195,309,87,347,306,51,166,348,117,75,262,139,285,306,218,345,124,252
114,77,41,9,96,19,87,28,29,41,88,117,189,70,52,49,73,194,109,14,49,106,66,37,63,32,82,35,51,136,164,299,52,103,26,117,81,16,47,97,75,11,85,44,80,98,73,104,35,68
348,325,166,74,377,76,354,114,134,159,323,442,679,237,187,236,270,637,386,46,210,401,227,166,270,120,296,200,197,467,600,1035,172,368,84,429,353,71,196,413,262,85,138,147,317,352,231,389,134,232
208,174,81,33,189,40,160,61,62,73,170,207,353,125,92,101,149,345,201,29,99,204,105,69,114,41,116,93,94,227,254,556,104,152,49,212,168,39,115,198,139,44,147,30,134,167,121,210,64,112
442,365,155,79,419,101,402,129,157,195,386,415,706,283,194,227,297,738,426,41,202,404,226,154,265,92,254,217,186,528,589,1128,215,375,92,414,376,63,236,432,285,80,317,134,180,362,239,425,155,288
439,378,180,72,460,95,413,170,167,185,416,529,855,319,232,270,330,885,478,64,269,464,268,177,306,108,305,236,229,630,654,1244,239,464,92,507,385,86,271,493,306,98,352,167,362,210,284,430,159,294
363,283,133,48,319,64,283,83,106,118,272,359,574,219,156,172,258,569,350,44,178,350,184,140,192,77,210,133,164,381,473,935,167,287,69,345,275,38,148,348,218,73,231,121,239,284,96,326,124,195
465,451,204,88,533,103,511,157,154,229,460,612,898,342,284,311,356,849,498,67,306,516,318,222,340,140,355,261,271,665,756,1345,260,481,110,551,505,82,259,554,345,104,389,210,425,430,326,283,182,344
175,174,78,38,198,43,189,46,52,80,163,214,348,139,84,111,144,344,207,27,96,200,105,79,124,52,121,98,94,233,274,537,90,189,36,223,173,31,97,204,124,35,134,64,155,159,124,182,38,144
394,306,131,57,342,71,328,105,104,153,295,388,562,237,186,195,238,594,331,31,174,363,191,138,208,97,234,183,176,438,487,956,207,318,81,348,300,48,178,363,252,68,232,112,288,294,195,344,144,123
