264,488,220,91,490,110,446,179,162,221,423,538,813,377,322,356,376,807,496,77,324,537,335,214,370,153,389,277,270,669,704,1185,236,498,97,544,497,82,239,480,325,108,371,155,427,412,329,469,170,366
488,196,181,66,458,88,420,128,131,175,383,498,829,293,227,247,335,777,439,47,238,424,259,165,327,110,295,194,232,558,662,1228,241,417,96,473,399,67,220,478,285,92,345,164,354,379,256,467,169,293
220,181,31,32,171,45,189,52,68,80,169,239,368,140,80,90,125,386,188,18,112,188,111,99,129,51,140,94,95,231,285,591,112,210,57,218,200,27,87,212,127,43,158,77,143,183,102,210,76,131
91,66,32,3,93,18,76,24,16,39,77,86,151,56,47,56,53,140,67,12,49,78,55,34,74,21,45,45,41,96,147,238,55,86,20,87,80,13,45,86,48,11,66,26,72,92,64,92,22,65
490,458,171,93,276,109,502,140,154,231,418,559,890,300,268,310,368,911,509,70,281,534,313,209,314,131,340,212,240,658,758,1396,242,477,108,560,516,82,236,563,345,118,406,188,410,484,318,510,155,356
110,88,45,18,109,14,113,29,29,51,108,134,200,77,73,85,80,182,94,16,66,106,69,50,98,29,74,59,68,135,170,277,61,111,27,108,113,17,59,109,62,23,92,43,99,91,81,109,39,79
446,420,189,76,502,113,215,133,144,207,441,531,904,307,265,284,361,830,472,63,248,509,312,206,335,137,335,204,245,608,784,1334,269,443,115,491,417,76,218,506,279,81,376,182,393,455,319,472,187,348
179,128,52,24,140,29,133,27,53,68,134,189,270,90,76,78,113,297,159,15,86,157,80,54,85,35,93,79,72,202,225,427,93,137,31,163,123,26,82,176,105,34,125,64,116,134,107,164,68,101
162,131,68,16,154,29,144,53,30,63,132,175,287,123,84,79,106,294,144,24,88,187,102,67,126,40,118,68,77,190,261,477,105,160,36,170,127,25,70,150,96,53,119,52,139,167,102,162,66,114
221,175,80,39,231,51,207,68,63,44,173,234,377,160,120,142,140,373,235,22,113,234,113,92,135,43,150,109,121,240,284,561,107,194,44,203,204,39,103,224,147,48,149,83,177,198,122,199,67,157
423,383,169,77,418,108,441,134,132,173,196,513,744,285,239,247,279,753,442,59,246,460,268,164,312,96,292,206,234,519,631,1160,247,428,89,427,405,84,211,438,298,100,303,146,354,387,267,415,153,282
538,498,239,86,559,134,531,189,175,234,513,312,994,371,292,321,400,1069,612,73,308,629,331,227,375,145,395,263,267,777,894,1598,320,549,120,636,546,101,292,655,395,101,446,228,487,521,369,597,214,383
813,829,368,151,890,200,904,270,287,377,744,994,828,651,476,510,646,1479,939,120,508,919,523,359,592,254,635,425,444,1160,1388,2400,505,822,212,1019,839,154,469,997,604,193,670,358,735,853,569,904,326,598
377,293,140,56,300,77,307,90,123,160,285,371,651,106,167,179,255,580,337,38,160,327,199,143,212,92,213,154,178,423,521,960,180,290,59,317,282,59,171,320,212,67,235,118,264,296,206,327,117,231
322,227,80,47,268,73,265,76,84,120,239,292,476,167,67,138,221,472,249,30,143,265,154,119,171,70,173,134,134,303,421,741,141,262,53,272,250,41,128,272,174,54,199,107,204,244,158,270,79,193
356,247,90,56,310,85,284,78,79,142,247,321,510,179,138,82,231,488,286,37,154,294,162,106,165,74,155,140,143,352,441,780,170,298,56,300,280,43,134,329,206,53,228,118,228,281,179,291,90,224
376,335,125,53,368,80,361,113,106,140,279,400,646,255,221,231,127,655,365,39,204,376,221,159,231,97,239,164,175,455,533,999,188,311,79,362,336,52,166,409,223,66,300,133,306,341,235,352,131,249
807,777,386,140,911,182,830,297,294,373,753,1069,1479,580,472,488,655,758,950,114,490,907,512,326,556,244,593,419,455,1110,1366,2404,491,821,179,982,815,153,469,978,597,193,682,341,702,808,544,891,300,606
496,439,188,67,509,94,472,159,144,235,442,612,939,337,249,286,365,950,253,65,285,477,295,219,334,118,353,233,249,616,704,1386,262,491,112,539,482,83,258,536,353,100,405,183,419,446,319,518,184,345
77,47,18,12,70,16,63,15,24,22,59,73,120,38,30,37,39,114,65,3,34,67,35,24,35,13,35,22,32,89,93,183,49,56,12,58,62,12,37,73,44,11,43,22,59,56,44,76,24,43
324,238,112,49,281,66,248,86,88,113,246,308,508,160,143,154,204,490,285,34,71,257,161,75,164,67,167,116,129,339,410,739,145,283,74,243,253,49,124,313,174,55,246,107,197,254,140,288,119,169
537,424,188,78,534,106,509,157,187,234,460,629,919,327,265,294,376,907,477,67,257,256,310,206,338,127,341,229,258,696,714,1445,280,478,115,559,482,81,277,539,352,115,395,192,410,453,341,546,185,334
335,259,111,55,313,69,312,80,102,113,268,331,523,199,154,162,221,512,295,35,161,310,84,130,207,74,194,143,155,352,478,886,165,303,57,302,265,55,147,325,195,62,204,107,238,246,192,332,102,214
214,165,99,34,209,50,206,54,67,92,164,227,359,143,119,106,159,326,219,24,75,206,130,41,126,46,123,90,104,269,315,605,112,189,59,218,174,31,101,188,125,37,136,72,165,195,136,230,73,142
370,327,129,74,314,98,335,85,126,135,312,375,592,212,171,165,231,556,334,35,164,338,207,126,143,85,235,136,160,377,508,948,200,316,67,342,323,54,143,346,223,68,266,105,252,314,208,350,115,215
153,110,51,21,131,29,137,35,40,43,96,145,254,92,70,74,97,244,118,13,67,127,74,46,85,15,74,58,67,147,196,381,64,134,29,132,127,23,61,124,70,18,94,30,99,108,76,139,45,81
389,295,140,45,340,74,335,93,118,150,292,395,635,213,173,155,239,593,353,35,167,341,194,123,235,74,111,138,175,419,500,1028,190,305,77,331,292,43,165,373,201,64,251,122,271,308,212,320,132,226
277,194,94,45,212,59,204,79,68,109,206,263,425,154,134,140,164,419,233,22,116,229,143,90,136,58,138,52,135,276,363,646,129,215,60,240,217,34,122,251,168,41,183,89,163,228,147,257,89,153
270,232,95,41,240,68,245,72,77,121,234,267,444,178,134,143,175,455,249,32,129,258,155,104,160,67,175,135,65,323,375,704,127,244,53,231,235,40,140,234,172,54,214,76,201,226,146,266,116,169
669,558,231,96,658,135,608,202,190,240,519,777,1160,423,303,352,455,1110,616,89,339,696,352,269,377,147,419,276,323,417,905,1721,339,598,138,672,608,117,322,728,417,131,488,222,494,574,393,685,208,438
704,662,285,147,758,170,784,225,261,284,631,894,1388,521,421,441,533,1366,704,93,410,714,478,315,508,196,500,363,375,905,566,2081,402,724,155,826,711,112,401,807,513,160,613,287,644,692,509,784,278,528
1185,1228,591,238,1396,277,1334,427,477,561,1160,1598,2400,960,741,780,999,2404,1386,183,739,1445,886,605,948,381,1028,646,704,1721,2081,1850,709,1269,287,1545,1246,248,653,1498,912,284,1020,548,1145,1266,909,1347,469,944
236,241,112,55,242,61,269,93,105,107,247,320,505,180,141,170,188,491,262,49,145,280,165,112,200,64,190,129,127,339,402,709,74,256,51,265,255,57,132,287,180,58,216,115,217,262,179,273,91,189
498,417,210,86,477,111,443,137,160,194,428,549,822,290,262,298,311,821,491,56,283,478,303,189,316,134,305,215,244,598,724,1269,256,227,119,478,468,87,226,511,309,86,396,184,403,425,290,474,163,351
97,96,57,20,108,27,115,31,36,44,89,120,212,59,53,56,79,179,112,12,74,115,57,59,67,29,77,60,53,138,155,287,51,119,9,99,112,19,59,118,88,26,88,42,104,97,72,106,29,80
544,473,218,87,560,108,491,163,170,203,427,636,1019,317,272,300,362,982,539,58,243,559,302,218,342,132,331,240,231,672,826,1545,265,478,99,273,490,82,269,598,374,119,432,174,399,555,311,570,201,355
497,399,200,80,516,113,417,123,127,204,405,546,839,282,250,280,336,815,482,62,253,482,265,174,323,127,292,217,235,608,711,1246,255,468,112,490,224,83,233,498,287,87,403,175,366,426,315,470,164,330
82,67,27,13,82,17,76,26,25,39,84,101,154,59,41,43,52,153,83,12,49,81,55,31,54,23,43,34,40,117,112,248,57,87,19,82,83,9,45,82,54,18,62,34,66,75,59,83,45,54
239,220,87,45,236,59,218,82,70,103,211,292,469,171,128,134,166,469,258,37,124,277,147,101,143,61,165,122,140,322,401,653,132,226,59,269,233,45,67,268,158,48,178,92,199,234,176,252,112,162
480,478,212,86,563,109,506,176,150,224,438,655,997,320,272,329,409,978,536,73,313,539,325,188,346,124,373,251,234,728,807,1498,287,511,118,598,498,82,268,274,327,113,438,210,424,485,361,525,172,365
325,285,127,48,345,62,279,105,96,147,298,395,604,212,174,206,223,597,353,44,174,352,195,125,223,70,201,168,172,417,513,912,180,309,88,374,287,54,158,327,107,67,252,126,262,321,196,332,126,213
108,92,43,11,118,23,81,34,53,48,100,101,193,67,54,53,66,193,100,11,55,115,62,37,68,18,64,41,54,131,160,284,58,86,26,119,87,18,48,113,67,10,81,48,85,98,74,97,47,61
371,345,158,66,406,92,376,125,119,149,303,446,670,235,199,228,300,682,405,43,246,395,204,136,266,94,251,183,214,488,613,1020,216,396,88,432,403,62,178,438,252,81,130,148,316,347,253,396,132,239
155,164,77,26,188,43,182,64,52,83,146,228,358,118,107,118,133,341,183,22,107,192,107,72,105,30,122,89,76,222,287,548,115,184,42,174,175,34,92,210,126,48,148,28,144,171,110,209,69,129
427,354,143,72,410,99,393,116,139,177,354,487,735,264,204,228,306,702,419,59,197,410,238,165,252,99,271,163,201,494,644,1145,217,403,104,399,366,66,199,424,262,85,316,144,153,366,246,426,146,260
412,379,183,92,484,91,455,134,167,198,387,521,853,296,244,281,341,808,446,56,254,453,246,195,314,108,308,228,226,574,692,1266,262,425,97,555,426,75,234,485,321,98,347,171,366,212,290,469,152,305
329,256,102,64,318,81,319,107,102,122,267,369,569,206,158,179,235,544,319,44,140,341,192,136,208,76,212,147,146,393,509,909,179,290,72,311,315,59,176,361,196,74,253,110,246,290,90,323,121,239
469,467,210,92,510,109,472,164,162,199,415,597,904,327,270,291,352,891,518,76,288,546,332,230,350,139,320,257,266,685,784,1347,273,474,106,570,470,83,252,525,332,97,396,209,426,469,323,239,181,354
170,169,76,22,155,39,187,68,66,67,153,214,326,117,79,90,131,300,184,24,119,185,102,73,115,45,132,89,116,208,278,469,91,163,29,201,164,45,112,172,126,47,132,69,146,152,121,181,25,131
366,293,131,65,356,79,348,101,114,157,282,383,598,231,193,224,249,606,345,43,169,334,214,142,215,81,226,153,169,438,528,944,189,351,80,355,330,54,162,365,213,61,239,129,260,305,239,354,131,125
