241,443,199,78,501,96,458,173,176,234,440,531,805,360,292,306,336,838,476,68,344,499,338,201,379,161,374,268,303,579,669,1118,241,481,95,483,448,84,229,445,285,109,389,157,418,403,336,485,156,387
443,218,154,77,465,93,406,124,141,189,389,487,804,301,227,231,317,765,436,54,238,470,298,195,285,114,286,221,226,502,631,1223,250,435,109,437,431,76,210,441,298,103,337,176,360,375,298,446,157,297
199,154,26,33,201,43,190,52,47,82,169,219,366,100,84,104,119,381,191,21,102,213,110,84,129,53,135,97,112,273,272,556,122,199,42,195,183,30,91,223,130,31,164,73,172,199,132,206,81,123
78,77,33,2,84,11,74,24,24,36,70,91,138,58,46,50,58,141,93,10,48,101,55,43,54,23,64,35,55,106,112,197,42,75,21,94,66,16,42,90,64,22,54,29,63,71,52,76,30,55
501,465,201,84,240,101,527,173,153,220,439,536,830,348,282,302,358,873,545,61,302,538,290,223,363,130,370,221,257,643,768,1347,262,466,131,528,486,101,249,507,297,118,383,186,442,461,324,560,192,379
96,93,43,11,101,10,94,32,29,46,79,136,201,69,60,75,77,189,116,8,79,123,74,46,72,33,90,53,64,142,169,286,61,95,23,119,85,16,63,106,77,32,69,36,79,103,68,104,36,63
458,406,190,74,527,94,224,151,170,208,396,552,893,303,248,272,339,841,488,66,280,506,317,187,334,125,348,217,253,609,694,1267,255,447,110,494,437,83,255,474,317,125,327,206,408,485,301,477,183,329
173,124,52,24,173,32,151,22,50,64,139,184,285,93,87,82,116,273,148,17,76,176,93,56,90,32,91,69,73,188,233,408,91,140,41,154,146,27,66,133,92,24,109,51,118,141,98,157,71,99
176,141,47,24,153,29,170,50,27,67,145,177,278,111,89,94,121,298,170,17,90,164,97,77,130,46,100,77,78,206,251,466,123,141,33,176,139,35,86,159,110,36,119,66,135,158,118,195,51,110
234,189,82,36,220,46,208,64,67,41,149,222,335,145,129,123,132,366,199,27,138,213,118,95,119,58,139,95,111,282,328,584,108,214,43,203,192,39,100,198,129,46,158,76,184,199,138,219,75,133
440,389,169,70,439,79,396,139,145,149,164,446,751,262,235,264,288,770,431,48,263,456,263,168,283,136,315,196,220,554,654,1130,204,398,100,437,399,76,214,431,253,92,334,161,377,408,279,431,158,295
531,487,219,91,536,136,552,184,177,222,446,312,981,344,274,337,407,972,579,59,333,577,330,220,381,149,377,246,278,695,831,1540,303,513,127,608,524,95,259,609,354,109,445,205,467,510,340,565,212,358
805,804,366,138,830,201,893,285,278,335,751,981,781,590,487,544,645,1357,928,119,482,898,562,363,590,247,605,384,420,1068,1334,2351,442,832,215,975,840,145,437,895,603,172,668,330,689,812,538,921,318,611
360,301,100,58,348,69,303,93,111,145,262,344,590,102,182,188,231,562,339,41,162,367,203,106,217,92,225,159,181,435,513,918,177,333,83,334,340,46,163,379,220,69,265,110,285,307,224,352,138,223
292,227,84,46,282,60,248,87,89,129,235,274,487,182,82,153,201,468,283,38,128,263,174,114,173,69,168,116,149,309,397,718,132,259,50,267,253,38,147,293,150,55,189,111,215,234,161,264,107,183
306,231,104,50,302,75,272,82,94,123,264,337,544,188,153,72,211,523,313,28,140,298,183,129,192,64,176,156,137,335,434,778,138,302,76,279,290,49,135,321,151,46,218,124,234,242,191,288,130,191
336,317,119,58,358,77,339,116,121,132,288,407,645,231,201,211,131,657,344,41,190,363,254,142,230,77,229,156,161,443,518,1013,213,318,85,370,319,63,202,370,251,89,268,124,299,309,226,381,139,261
838,765,381,141,873,189,841,273,298,366,770,972,1357,562,468,523,657,731,940,111,518,911,511,356,593,244,621,405,443,1047,1358,2286,440,831,206,989,840,157,433,912,582,171,684,332,700,764,564,931,323,610
476,436,191,93,545,116,488,148,170,199,431,579,928,339,283,313,344,940,269,69,263,492,323,202,334,113,337,243,270,627,739,1370,293,506,117,541,485,92,250,540,346,90,400,169,402,487,326,490,211,331
68,54,21,10,61,8,66,17,17,27,48,59,119,41,38,28,41,111,69,4,28,73,42,23,42,14,46,23,31,71,100,187,30,45,13,88,48,12,28,80,42,13,39,21,57,75,49,75,31,46
344,238,102,48,302,79,280,76,90,138,263,333,482,162,128,140,190,518,263,28,78,288,172,117,190,82,200,109,143,347,405,774,151,240,71,265,266,44,126,303,182,47,189,93,212,243,192,282,118,201
499,470,213,101,538,123,506,176,164,213,456,577,898,367,263,298,363,911,492,73,288,275,318,190,327,134,350,246,296,668,729,1344,291,509,113,532,523,88,281,545,336,108,392,196,440,499,326,519,194,357
338,298,110,55,290,74,317,93,97,118,263,330,562,203,174,183,254,511,323,42,172,318,88,124,199,81,202,124,145,383,458,833,151,263,66,325,309,60,181,292,193,68,224,109,257,279,192,289,107,214
201,195,84,43,223,46,187,56,77,95,168,220,363,106,114,129,142,356,202,23,117,190,124,33,130,65,145,102,111,247,302,553,110,186,48,223,202,40,83,203,129,34,146,89,142,201,130,190,76,137
379,285,129,54,363,72,334,90,130,119,283,381,590,217,173,192,230,593,334,42,190,327,199,130,106,92,216,154,174,420,515,867,169,293,67,346,300,58,169,345,208,65,252,122,260,347,203,357,116,221
161,114,53,23,130,33,125,32,46,58,136,149,247,92,69,64,77,244,113,14,82,134,81,65,92,21,93,50,66,162,251,368,70,106,38,110,118,17,62,137,84,29,94,51,118,129,84,131,45,96
374,286,135,64,370,90,348,91,100,139,315,377,605,225,168,176,229,621,337,46,200,350,202,145,216,93,111,147,175,427,580,999,183,308,87,339,290,54,163,359,243,74,242,120,290,326,220,348,128,233
268,221,97,35,221,53,217,69,77,95,196,246,384,159,116,156,156,405,243,23,109,246,124,102,154,50,147,55,125,298,342,682,117,243,42,234,225,36,123,292,149,49,191,89,175,207,149,235,95,151
303,226,112,55,257,64,253,73,78,111,220,278,420,181,149,137,161,443,270,31,143,296,145,111,174,66,175,125,68,306,400,691,124,246,70,234,243,48,140,253,155,48,206,77,204,229,155,269,88,172
579,502,273,106,643,142,609,188,206,282,554,695,1068,435,309,335,443,1047,627,71,347,668,383,247,420,162,427,298,306,370,990,1720,332,591,136,649,602,88,312,667,419,110,486,232,477,531,397,670,234,464
669,631,272,112,768,169,694,233,251,328,654,831,1334,513,397,434,518,1358,739,100,405,729,458,302,515,251,580,342,400,990,547,2056,433,664,171,793,681,138,382,777,456,152,585,295,598,717,492,753,270,533
1118,1223,556,197,1347,286,1267,408,466,584,1130,1540,2351,918,718,778,1013,2286,1370,187,774,1344,833,553,867,368,999,682,691,1720,2056,1819,685,1244,316,1458,1276,229,673,1434,891,296,1061,528,1109,1310,861,1361,499,925
241,250,122,42,262,61,255,91,123,108,204,303,442,177,132,138,213,440,293,30,151,291,151,110,169,70,183,117,124,332,433,685,64,235,72,276,238,32,127,293,163,54,211,102,209,260,186,276,91,213
481,435,199,75,466,95,447,140,141,214,398,513,832,333,259,302,318,831,506,45,240,509,263,186,293,106,308,243,246,591,664,1244,235,229,90,496,460,71,213,498,298,101,356,191,414,420,281,515,161,313
95,109,42,21,131,23,110,41,33,43,100,127,215,83,50,76,85,206,117,13,71,113,66,48,67,38,87,42,70,136,171,316,72,90,12,103,115,21,57,136,85,17,92,43,92,109,71,127,44,76
483,437,195,94,528,119,494,154,176,203,437,608,975,334,267,279,370,989,541,88,265,532,325,223,346,110,339,234,234,649,793,1458,276,496,103,268,468,74,254,554,363,99,415,189,412,467,334,583,202,365
448,431,183,66,486,85,437,146,139,192,399,524,840,340,253,290,319,840,485,48,266,523,309,202,300,118,290,225,243,602,681,1276,238,460,115,468,226,67,210,511,322,106,337,178,398,440,293,475,187,306
84,76,30,16,101,16,83,27,35,39,76,95,145,46,38,49,63,157,92,12,44,88,60,40,58,17,54,36,48,88,138,229,32,71,21,74,67,3,43,92,51,21,67,27,57,88,47,84,39,66
229,210,91,42,249,63,255,66,86,100,214,259,437,163,147,135,202,433,250,28,126,281,181,83,169,62,163,123,140,312,382,673,127,213,57,254,210,43,65,229,161,49,192,100,197,234,141,272,103,172
445,441,223,90,507,106,474,133,159,198,431,609,895,379,293,321,370,912,540,80,303,545,292,203,345,137,359,292,253,667,777,1434,293,498,136,554,511,92,229,279,346,117,383,211,409,487,336,525,196,334
285,298,130,64,297,77,317,92,110,129,253,354,603,220,150,151,251,582,346,42,182,336,193,129,208,84,243,149,155,419,456,891,163,298,85,363,322,51,161,346,113,77,219,121,250,316,215,323,129,212
109,103,31,22,118,32,125,24,36,46,92,109,172,69,55,46,89,171,90,13,47,108,68,34,65,29,74,49,48,110,152,296,54,101,17,99,106,21,49,117,77,10,71,39,80,97,60,110,38,71
389,337,164,54,383,69,327,109,119,158,334,445,668,265,189,218,268,684,400,39,189,392,224,146,252,94,242,191,206,486,585,1061,211,356,92,415,337,67,192,383,219,71,150,126,312,338,221,377,121,254
157,176,73,29,186,36,206,51,66,76,161,205,330,110,111,124,124,332,169,21,93,196,109,89,122,51,120,89,77,232,295,528,102,191,43,189,178,27,100,211,121,39,126,37,142,182,122,194,69,134
418,360,172,63,442,79,408,118,135,184,377,467,689,285,215,234,299,700,402,57,212,440,257,142,260,118,290,175,204,477,598,1109,209,414,92,412,398,57,197,409,250,80,312,142,163,375,265,431,150,279
403,375,199,71,461,103,485,141,158,199,408,510,812,307,234,242,309,764,487,75,243,499,279,201,347,129,326,207,229,531,717,1310,260,420,109,467,440,88,234,487,316,97,338,182,375,213,296,506,157,294
336,298,132,52,324,68,301,98,118,138,279,340,538,224,161,191,226,564,326,49,192,326,192,130,203,84,220,149,155,397,492,861,186,281,71,334,293,47,141,336,215,60,221,122,265,296,94,338,110,188
485,446,206,76,560,104,477,157,195,219,431,565,921,352,264,288,381,931,490,75,282,519,289,190,357,131,348,235,269,670,753,1361,276,515,127,583,475,84,272,525,323,110,377,194,431,506,338,250,198,359
156,157,81,30,192,36,183,71,51,75,158,212,318,138,107,130,139,323,211,31,118,194,107,76,116,45,128,95,88,234,270,499,91,161,44,202,187,39,103,196,129,38,121,69,150,157,110,198,39,116
387,297,123,55,379,63,329,99,110,133,295,358,611,223,183,191,261,610,331,46,201,357,214,137,221,96,233,151,172,464,533,925,213,313,76,365,306,66,172,334,212,71,254,134,279,294,188,359,116,101
