279,472,205,88,503,116,506,158,191,214,436,538,878,400,294,361,382,873,535,72,318,544,357,240,397,167,399,288,292,644,718,1264,275,535,121,539,509,87,239,457,315,105,402,175,484,444,347,499,190,398
472,177,168,86,401,117,433,142,112,193,395,477,806,277,234,250,323,794,419,41,230,446,264,171,277,103,263,195,173,553,674,1227,249,430,104,446,436,74,226,493,273,80,364,156,352,417,252,435,183,309
205,168,38,29,204,44,205,63,70,72,174,212,351,142,91,97,152,367,203,22,118,210,110,68,117,54,124,75,96,239,313,570,113,183,46,203,181,28,111,232,143,35,157,64,159,199,121,216,88,122
88,86,29,11,87,21,87,17,30,37,66,105,152,59,49,58,62,157,91,14,46,84,51,38,60,20,63,42,33,108,111,260,47,82,17,85,80,10,45,67,63,18,68,32,70,77,58,77,32,50
503,401,204,87,256,116,491,157,175,218,418,619,914,329,271,294,343,920,511,77,292,520,322,222,333,127,331,203,227,613,803,1448,278,471,115,559,465,97,249,512,367,110,396,190,411,485,318,526,200,326
116,117,44,21,116,11,99,34,41,56,105,128,214,77,64,70,85,206,107,14,59,122,62,47,71,22,66,48,46,140,159,320,55,113,30,118,101,20,51,137,86,25,82,44,75,104,74,90,40,80
506,433,205,87,491,99,215,129,146,190,370,561,900,291,243,289,338,845,505,62,243,515,276,192,313,128,346,227,224,648,748,1374,289,467,111,519,426,84,244,509,319,115,373,179,361,467,298,476,169,322
158,142,63,17,157,34,129,33,48,61,142,174,299,95,77,88,116,284,147,9,87,151,84,51,118,48,99,73,67,196,225,450,79,139,38,140,122,29,72,155,95,24,122,71,105,132,85,151,59,102
191,112,70,30,175,41,146,48,26,62,154,177,308,121,80,98,100,313,150,26,93,149,91,76,100,46,125,78,89,221,241,488,96,165,27,174,151,31,72,182,102,35,152,55,146,139,94,155,65,94
214,193,72,37,218,56,190,61,62,44,147,213,339,144,118,117,142,365,210,22,122,205,133,93,161,63,137,95,120,249,312,524,88,201,39,211,208,27,114,208,123,38,173,72,178,172,127,193,79,152
436,395,174,66,418,105,370,142,154,147,173,452,710,275,228,239,293,731,409,49,253,417,243,167,294,119,288,219,218,494,641,1088,229,399,94,452,410,64,221,436,258,86,345,147,347,387,279,407,178,250
538,477,212,105,619,128,561,174,177,213,452,292,991,337,291,314,393,1068,565,65,330,625,336,219,361,141,362,235,281,736,936,1592,319,548,127,590,543,91,307,653,361,132,437,213,435,542,378,628,187,372
878,806,351,152,914,214,900,299,308,339,710,991,861,584,503,539,706,1559,907,117,508,915,544,386,610,244,606,403,431,1089,1442,2606,505,859,218,1052,841,168,477,1047,607,189,693,373,726,839,587,961,342,589
400,277,142,59,329,77,291,95,121,144,275,337,584,93,183,188,237,571,347,64,175,334,202,111,206,91,226,148,150,410,485,859,196,317,64,325,309,55,170,315,225,83,244,120,246,304,215,337,127,220
294,234,91,49,271,64,243,77,80,118,228,291,503,183,68,130,191,488,247,39,149,259,162,102,171,60,187,130,133,320,382,739,131,266,59,265,253,46,124,270,151,56,240,109,183,253,167,257,96,196
361,250,97,58,294,70,289,88,98,117,239,314,539,188,130,67,221,512,287,35,167,295,186,105,188,62,190,129,146,341,402,777,161,284,62,287,286,49,150,291,169,66,238,98,211,267,174,297,108,212
382,323,152,62,343,85,338,116,100,142,293,393,706,237,191,221,130,709,384,43,205,382,206,155,229,94,242,170,181,459,552,1031,188,357,84,357,363,69,175,361,239,69,332,141,314,333,207,345,144,246
873,794,367,157,920,206,845,284,313,365,731,1068,1559,571,488,512,709,905,914,120,501,928,541,352,608,220,594,405,467,1148,1452,2654,505,833,204,1000,811,152,447,968,611,192,659,348,728,864,535,964,376,637
535,419,203,91,511,107,505,147,150,210,409,565,907,347,247,287,384,914,235,51,306,468,315,207,369,139,333,235,264,600,801,1451,284,481,132,557,484,79,238,542,345,99,391,191,434,482,333,529,195,354
72,41,22,14,77,14,62,9,26,22,49,65,117,64,39,35,43,120,51,3,39,67,30,22,36,11,33,22,37,71,92,178,36,68,12,54,66,11,27,60,46,15,55,22,55,40,55,76,31,38
318,230,118,46,292,59,243,87,93,122,253,330,508,175,149,167,205,501,306,39,73,294,148,96,183,66,154,120,135,361,432,771,161,249,61,276,251,41,131,312,177,51,176,106,233,244,159,285,109,204
544,446,210,84,520,122,515,151,149,205,417,625,915,334,259,295,382,928,468,67,294,248,299,205,349,152,338,241,237,681,782,1439,289,487,121,540,488,92,263,546,334,100,421,210,408,487,347,534,184,362
357,264,110,51,322,62,276,84,91,133,243,336,544,202,162,186,206,541,315,30,148,299,78,128,199,64,215,144,159,374,411,843,166,264,70,299,269,46,152,269,177,62,253,108,217,269,188,312,106,204
240,171,68,38,222,47,192,51,76,93,167,219,386,111,102,105,155,352,207,22,96,205,128,46,132,62,142,107,91,268,297,552,114,230,47,233,220,42,109,219,136,54,150,67,163,177,125,185,78,139
397,277,117,60,333,71,313,118,100,161,294,361,610,206,171,188,229,608,369,36,183,349,199,132,118,76,209,171,160,403,505,936,185,321,75,350,308,47,148,373,225,69,257,115,240,313,208,316,124,235
167,103,54,20,127,22,128,48,46,63,119,141,244,91,60,62,94,220,139,11,66,152,64,62,76,15,83,53,63,154,208,340,64,99,28,117,124,14,67,124,106,31,101,48,109,110,79,116,35,93
399,263,124,63,331,66,346,99,125,137,288,362,606,226,187,190,242,594,333,33,154,338,215,142,209,83,100,145,158,432,529,943,179,324,89,316,316,55,164,353,231,68,282,118,262,302,227,356,136,248
288,195,75,42,203,48,227,73,78,95,219,235,403,148,130,129,170,405,235,22,120,241,144,107,171,53,145,45,132,259,355,625,115,226,53,263,228,48,103,253,157,43,181,91,167,207,151,242,96,185
292,173,96,33,227,46,224,67,89,120,218,281,431,150,133,146,181,467,264,37,135,237,159,91,160,63,158,132,75,331,400,678,142,257,68,263,223,36,116,241,140,44,212,77,206,242,143,238,92,194
644,553,239,108,613,140,648,196,221,249,494,736,1089,410,320,341,459,1148,600,71,361,681,374,268,403,154,432,259,331,375,986,1824,362,609,151,648,577,103,313,707,437,139,483,243,513,623,385,680,252,405
718,674,313,111,803,159,748,225,241,312,641,936,1442,485,382,402,552,1452,801,92,432,782,411,297,505,208,529,355,400,986,616,2235,392,700,178,795,679,126,361,776,517,146,545,291,576,702,468,783,297,504
1264,1227,570,260,1448,320,1374,450,488,524,1088,1592,2606,859,739,777,1031,2654,1451,178,771,1439,843,552,936,340,943,625,678,1824,2235,2066,769,1342,359,1524,1337,233,736,1569,968,301,1084,564,1090,1365,893,1384,552,937
275,249,113,47,278,55,289,79,96,88,229,319,505,196,131,161,188,505,284,36,161,289,166,114,185,64,179,115,142,362,392,769,72,291,63,300,259,53,119,294,165,44,200,118,212,280,165,288,119,173
535,430,183,82,471,113,467,139,165,201,399,548,859,317,266,284,357,833,481,68,249,487,264,230,321,99,324,226,257,609,700,1342,291,207,111,480,436,79,249,496,335,108,367,181,382,441,276,457,197,310
121,104,46,17,115,30,111,38,27,39,94,127,218,64,59,62,84,204,132,12,61,121,70,47,75,28,89,53,68,151,178,359,63,111,8,112,111,15,58,119,78,27,95,45,98,130,66,126,41,103
539,446,203,85,559,118,519,140,174,211,452,590,1052,325,265,287,357,1000,557,54,276,540,299,233,350,117,316,263,263,648,795,1524,300,480,112,294,492,82,260,546,357,110,430,213,453,517,312,557,225,375
509,436,181,80,465,101,426,122,151,208,410,543,841,309,253,286,363,811,484,66,251,488,269,220,308,124,316,228,223,577,679,1337,259,436,111,492,220,91,236,505,325,99,359,177,348,448,286,480,153,342
87,74,28,10,97,20,84,29,31,27,64,91,168,55,46,49,69,152,79,11,41,92,46,42,47,14,55,48,36,103,126,233,53,79,15,82,91,13,49,100,55,18,83,29,62,79,48,96,33,56
239,226,111,45,249,51,244,72,72,114,221,307,477,170,124,150,175,447,238,27,131,263,152,109,148,67,164,103,116,313,361,736,119,249,58,260,236,49,59,264,179,45,195,95,204,223,140,249,83,178
457,493,232,67,512,137,509,155,182,208,436,653,1047,315,270,291,361,968,542,60,312,546,269,219,373,124,353,253,241,707,776,1569,294,496,119,546,505,100,264,287,337,126,415,194,429,474,312,565,206,353
315,273,143,63,367,86,319,95,102,123,258,361,607,225,151,169,239,611,345,46,177,334,177,136,225,106,231,157,140,437,517,968,165,335,78,357,325,55,179,337,93,67,253,108,257,283,211,340,124,240
105,80,35,18,110,25,115,24,35,38,86,132,189,83,56,66,69,192,99,15,51,100,62,54,69,31,68,43,44,139,146,301,44,108,27,110,99,18,45,126,67,10,68,48,83,97,80,100,37,49
402,364,157,68,396,82,373,122,152,173,345,437,693,244,240,238,332,659,391,55,176,421,253,150,257,101,282,181,212,483,545,1084,200,367,95,430,359,83,195,415,253,68,119,128,285,349,237,406,154,271
175,156,64,32,190,44,179,71,55,72,147,213,373,120,109,98,141,348,191,22,106,210,108,67,115,48,118,91,77,243,291,564,118,181,45,213,177,29,95,194,108,48,128,38,138,190,135,209,77,125
484,352,159,70,411,75,361,105,146,178,347,435,726,246,183,211,314,728,434,55,233,408,217,163,240,109,262,167,206,513,576,1090,212,382,98,453,348,62,204,429,257,83,285,138,148,408,261,399,137,281
444,417,199,77,485,104,467,132,139,172,387,542,839,304,253,267,333,864,482,40,244,487,269,177,313,110,302,207,242,623,702,1365,280,441,130,517,448,79,223,474,283,97,349,190,408,227,314,492,170,300
347,252,121,58,318,74,298,85,94,127,279,378,587,215,167,174,207,535,333,55,159,347,188,125,208,79,227,151,143,385,468,893,165,276,66,312,286,48,140,312,211,80,237,135,261,314,97,320,124,226
499,435,216,77,526,90,476,151,155,193,407,628,961,337,257,297,345,964,529,76,285,534,312,185,316,116,356,242,238,680,783,1384,288,457,126,557,480,96,249,565,340,100,406,209,399,492,320,260,180,320
190,183,88,32,200,40,169,59,65,79,178,187,342,127,96,108,144,376,195,31,109,184,106,78,124,35,136,96,92,252,297,552,119,197,41,225,153,33,83,206,124,37,154,77,137,170,124,180,37,136
398,309,122,50,326,80,322,102,94,152,250,372,589,220,196,212,246,637,354,38,204,362,204,139,235,93,248,185,194,405,504,937,173,310,103,375,342,56,178,353,240,49,271,125,281,300,226,320,136,121
