260,493,207,99,527,124,490,191,178,241,441,528,800,401,311,348,373,833,488,70,322,524,357,212,381,174,412,259,282,649,691,1166,251,520,101,545,487,82,241,452,350,106,371,185,432,433,316,473,179,373
493,191,157,73,447,93,456,142,160,161,365,474,824,271,220,233,299,795,404,59,216,422,245,171,280,90,271,185,190,518,690,1248,252,424,86,459,424,66,232,484,289,93,321,161,330,380,263,459,170,327
207,157,38,29,220,44,198,53,64,91,170,191,376,141,104,129,148,354,218,32,110,250,119,78,134,39,119,86,85,226,320,583,125,215,52,205,200,35,109,234,125,43,161,75,155,194,134,219,69,151
99,73,29,9,73,24,77,36,31,35,72,94,152,59,39,51,50,173,91,12,50,83,48,38,60,29,76,38,65,84,122,202,35,73,28,93,84,14,38,77,63,18,74,29,58,68,55,73,35,55
527,447,220,73,262,110,497,162,191,193,417,584,978,370,294,294,366,978,508,67,280,556,316,222,371,121,377,238,267,640,796,1416,279,465,141,546,503,97,235,554,350,109,381,194,431,446,351,541,214,337
124,93,44,24,110,10,106,46,52,49,81,129,188,75,54,67,81,212,102,21,71,112,69,47,56,31,83,50,62,142,157,306,56,104,20,100,101,22,60,111,78,21,80,54,81,67,61,120,33,86
490,456,198,77,497,106,224,166,151,199,417,555,846,290,251,275,360,872,471,59,278,475,312,201,319,121,331,234,265,562,699,1286,254,468,107,491,433,87,264,516,339,100,357,205,373,450,305,478,174,321
191,142,53,36,162,46,166,24,62,72,152,155,308,95,70,89,95,308,162,31,90,153,85,50,91,30,103,66,76,189,216,416,74,176,37,144,152,16,62,162,85,42,118,53,122,125,109,163,48,117
178,160,64,31,191,52,151,62,25,61,158,169,299,122,82,105,133,267,175,19,75,174,77,71,115,32,93,72,82,224,258,467,97,162,44,166,158,29,94,190,124,33,124,57,120,171,106,168,67,111
241,161,91,35,193,49,199,72,61,38,169,205,344,138,114,137,125,353,199,21,128,195,124,90,128,58,145,111,132,226,310,529,115,212,46,217,168,43,107,216,124,46,139,93,188,202,124,213,81,129
441,365,170,72,417,81,417,152,158,169,177,493,791,285,242,280,299,767,416,40,258,405,247,175,267,102,300,203,204,532,626,1194,243,403,104,483,409,84,231,426,286,96,325,179,322,380,298,450,153,286
528,474,191,94,584,129,555,155,169,205,493,297,1045,343,303,318,426,1079,563,78,335,603,297,232,371,139,396,255,274,687,859,1596,332,544,151,659,484,97,273,651,350,125,424,222,452,546,383,558,248,357
800,824,376,152,978,188,846,308,299,344,791,1045,843,582,469,513,648,1481,931,101,534,925,522,359,616,241,628,418,471,1162,1337,2425,470,790,207,976,801,167,489,1029,628,193,707,383,716,859,611,919,321,628
401,271,141,59,370,75,290,95,122,138,285,343,582,92,188,210,245,587,359,31,174,347,208,123,194,72,205,142,155,396,504,928,193,322,89,339,302,55,160,360,212,70,277,137,249,346,221,328,131,251
311,220,104,39,294,54,251,70,82,114,242,303,469,188,62,144,189,462,279,45,142,281,163,121,149,69,175,123,129,346,364,703,128,243,45,277,276,37,128,293,165,48,207,93,205,232,155,278,96,200
348,233,129,51,294,67,275,89,105,137,280,318,513,210,144,92,228,525,316,31,154,290,182,105,156,75,177,135,143,353,426,801,163,253,53,285,284,49,163,299,200,57,241,116,216,266,163,289,117,209
373,299,148,50,366,81,360,95,133,125,299,426,648,245,189,228,143,659,377,44,203,391,229,142,246,96,265,173,173,471,569,1065,200,340,74,389,329,52,167,396,251,67,276,140,312,328,211,389,139,272
833,795,354,173,978,212,872,308,267,353,767,1079,1481,587,462,525,659,792,931,110,511,949,535,355,635,238,626,416,448,1144,1340,2365,458,833,205,954,879,147,499,995,635,204,706,360,728,846,601,960,317,611
488,404,218,91,508,102,471,162,175,199,416,563,931,359,279,316,377,931,244,69,255,481,338,198,363,127,335,247,258,623,738,1510,282,472,107,528,476,86,266,459,319,106,389,176,418,484,332,527,196,353
70,59,32,12,67,21,59,31,19,21,40,78,101,31,45,31,44,110,69,3,24,71,33,19,47,12,39,26,26,61,96,176,46,54,14,66,70,9,36,61,48,12,49,15,45,57,35,53,30,33
322,216,110,50,280,71,278,90,75,128,258,335,534,174,142,154,203,511,255,24,69,261,173,105,171,63,173,127,125,319,441,800,172,249,62,281,275,39,151,263,187,41,220,87,210,260,149,274,118,201
524,422,250,83,556,112,475,153,174,195,405,603,925,347,281,290,391,949,481,71,261,262,302,212,346,122,344,242,269,623,743,1459,280,454,102,545,495,94,267,536,348,111,387,184,436,484,302,539,189,329
357,245,119,48,316,69,312,85,77,124,247,297,522,208,163,182,229,535,338,33,173,302,80,127,179,78,195,127,142,383,439,809,149,287,55,309,275,43,153,324,221,63,249,105,236,245,163,320,109,227
212,171,78,38,222,47,201,50,71,90,175,232,359,123,121,105,142,355,198,19,105,212,127,36,124,46,131,92,94,236,337,539,99,174,42,212,177,32,96,204,132,41,137,87,171,186,139,246,73,126
381,280,134,60,371,56,319,91,115,128,267,371,616,194,149,156,246,635,363,47,171,346,179,124,90,84,216,129,149,408,522,943,171,309,72,353,336,55,171,345,230,64,263,122,243,296,215,352,122,231
174,90,39,29,121,31,121,30,32,58,102,139,241,72,69,75,96,238,127,12,63,122,78,46,84,20,69,61,62,178,191,370,71,111,26,131,138,27,51,148,78,21,108,48,103,110,95,134,51,76
412,271,119,76,377,83,331,103,93,145,300,396,628,205,175,177,265,626,335,39,173,344,195,131,216,69,113,145,147,475,552,997,182,287,75,351,326,70,174,391,207,63,287,120,279,296,229,365,131,225
259,185,86,38,238,50,234,66,72,111,203,255,418,142,123,135,173,416,247,26,127,242,127,92,129,61,145,65,108,290,327,651,137,208,39,248,218,42,130,242,152,41,194,92,175,202,141,248,90,164
282,190,85,65,267,62,265,76,82,132,204,274,471,155,129,143,173,448,258,26,125,269,142,94,149,62,147,108,52,290,379,732,143,248,59,260,270,45,106,279,162,54,209,96,194,228,172,268,98,181
649,518,226,84,640,142,562,189,224,226,532,687,1162,396,346,353,471,1144,623,61,319,623,383,236,408,178,475,290,290,401,971,1807,356,575,132,660,559,101,338,696,452,137,508,286,508,599,400,671,246,429
691,690,320,122,796,157,699,216,258,310,626,859,1337,504,364,426,569,1340,738,96,441,743,439,337,522,191,552,327,379,971,533,2119,389,697,183,797,695,131,417,780,568,145,574,289,627,739,472,789,290,492
1166,1248,583,202,1416,306,1286,416,467,529,1194,1596,2425,928,703,801,1065,2365,1510,176,800,1459,809,539,943,370,997,651,732,1807,2119,1926,729,1295,332,1558,1286,234,729,1485,971,318,1073,537,1065,1291,896,1435,519,956
251,252,125,35,279,56,254,74,97,115,243,332,470,193,128,163,200,458,282,46,172,280,149,99,171,71,182,137,143,356,389,729,77,261,64,290,249,45,156,315,201,56,188,117,205,250,190,289,102,207
520,424,215,73,465,104,468,176,162,212,403,544,790,322,243,253,340,833,472,54,249,454,287,174,309,111,287,208,248,575,697,1295,261,195,105,516,435,78,243,556,322,112,348,179,374,438,294,495,164,342
101,86,52,28,141,20,107,37,44,46,104,151,207,89,45,53,74,205,107,14,62,102,55,42,72,26,75,39,59,132,183,332,64,105,15,107,107,18,56,128,68,27,98,50,103,121,89,104,47,81
545,459,205,93,546,100,491,144,166,217,483,659,976,339,277,285,389,954,528,66,281,545,309,212,353,131,351,248,260,660,797,1558,290,516,107,278,500,83,222,582,391,105,409,228,425,513,313,555,218,373
487,424,200,84,503,101,433,152,158,168,409,484,801,302,276,284,329,879,476,70,275,495,275,177,336,138,326,218,270,559,695,1286,249,435,107,500,194,89,229,510,329,103,355,206,387,447,290,476,187,310
82,66,35,14,97,22,87,16,29,43,84,97,167,55,37,49,52,147,86,9,39,94,43,32,55,27,70,42,45,101,131,234,45,78,18,83,89,5,25,86,56,13,82,29,76,84,41,77,31,63
241,232,109,38,235,60,264,62,94,107,231,273,489,160,128,163,167,499,266,36,151,267,153,96,171,51,174,130,106,338,417,729,156,243,56,222,229,25,53,290,172,51,202,88,196,224,138,272,86,181
452,484,234,77,554,111,516,162,190,216,426,651,1029,360,293,299,396,995,459,61,263,536,324,204,345,148,391,242,279,696,780,1485,315,556,128,582,510,86,290,255,350,112,425,220,444,514,369,566,206,363
350,289,125,63,350,78,339,85,124,124,286,350,628,212,165,200,251,635,319,48,187,348,221,132,230,78,207,152,162,452,568,971,201,322,68,391,329,56,172,350,100,67,254,126,280,289,224,359,119,215
106,93,43,18,109,21,100,42,33,46,96,125,193,70,48,57,67,204,106,12,41,111,63,41,64,21,63,41,54,137,145,318,56,112,27,105,103,13,51,112,67,13,85,29,78,90,60,103,39,76
371,321,161,74,381,80,357,118,124,139,325,424,707,277,207,241,276,706,389,49,220,387,249,137,263,108,287,194,209,508,574,1073,188,348,98,409,355,82,202,425,254,85,142,159,309,370,248,380,119,293
185,161,75,29,194,54,205,53,57,93,179,222,383,137,93,116,140,360,176,15,87,184,105,87,122,48,120,92,96,286,289,537,117,179,50,228,206,29,88,220,126,29,159,28,166,198,117,188,70,125
432,330,155,58,431,81,373,122,120,188,322,452,716,249,205,216,312,728,418,45,210,436,236,171,243,103,279,175,194,508,627,1065,205,374,103,425,387,76,196,444,280,78,309,166,175,377,283,435,154,277
433,380,194,68,446,67,450,125,171,202,380,546,859,346,232,266,328,846,484,57,260,484,245,186,296,110,296,202,228,599,739,1291,250,438,121,513,447,84,224,514,289,90,370,198,377,244,289,502,159,327
316,263,134,55,351,61,305,109,106,124,298,383,611,221,155,163,211,601,332,35,149,302,163,139,215,95,229,141,172,400,472,896,190,294,89,313,290,41,138,369,224,60,248,117,283,289,105,342,121,225
473,459,219,73,541,120,478,163,168,213,450,558,919,328,278,289,389,960,527,53,274,539,320,246,352,134,365,248,268,671,789,1435,289,495,104,555,476,77,272,566,359,103,380,188,435,502,342,259,192,339
179,170,69,35,214,33,174,48,67,81,153,248,321,131,96,117,139,317,196,30,118,189,109,73,122,51,131,90,98,246,290,519,102,164,47,218,187,31,86,206,119,39,119,70,154,159,121,192,30,143
373,327,151,55,337,86,321,117,111,129,286,357,628,251,200,209,272,611,353,33,201,329,227,126,231,76,225,164,181,429,492,956,207,342,81,373,310,63,181,363,215,76,293,125,277,327,225,339,143,124
