288,445,193,85,496,121,490,191,159,250,455,528,797,353,314,342,372,797,520,74,300,520,344,176,340,152,367,289,300,635,656,1158,246,449,113,506,452,83,259,481,326,120,335,192,419,397,312,465,159,381
445,183,162,88,443,98,419,128,152,184,380,467,765,280,215,251,312,765,447,47,258,460,221,176,264,113,240,210,198,554,680,1194,221,418,118,445,431,60,217,438,253,79,347,176,350,380,243,463,175,304
193,162,34,33,196,43,201,56,71,100,182,232,364,131,111,124,167,361,233,23,122,211,129,79,118,43,127,102,109,247,299,545,109,156,51,202,188,32,96,194,128,32,161,78,154,168,120,215,75,136
85,88,33,6,88,16,63,29,25,35,65,95,136,49,56,57,54,138,82,15,45,82,55,30,48,30,63,46,63,97,135,190,44,68,17,76,80,17,47,86,64,13,59,30,65,71,55,84,37,55
496,443,196,88,261,99,459,147,167,226,451,556,923,321,271,304,345,881,497,62,281,535,324,190,336,131,333,219,256,652,752,1359,283,478,116,546,478,76,238,511,290,120,407,173,386,456,302,522,202,373
121,98,43,16,99,9,101,41,35,41,94,120,176,72,51,60,73,182,114,13,73,116,74,38,60,40,87,60,81,135,177,286,50,106,27,141,109,22,58,116,85,19,83,45,91,98,60,120,44,71
490,419,201,63,459,101,227,142,165,216,412,528,891,307,264,287,382,860,512,61,271,484,299,184,334,151,367,227,262,647,749,1301,257,418,128,523,446,80,222,500,331,91,362,189,395,426,300,469,206,325
191,128,56,29,147,41,142,27,40,61,122,180,281,102,69,83,119,277,160,22,77,143,90,63,84,39,101,66,69,188,231,424,75,147,32,174,158,26,84,140,99,21,123,63,116,144,87,158,65,100
159,152,71,25,167,35,165,40,24,74,130,179,297,109,81,86,111,309,177,14,87,168,106,61,119,36,105,78,84,248,234,433,94,139,33,186,152,21,87,179,113,35,120,68,121,151,103,164,69,131
250,184,100,35,226,41,216,61,74,29,145,220,356,129,132,126,175,362,235,36,109,238,139,94,158,61,151,114,124,238,341,564,106,195,46,225,181,34,123,223,133,41,161,83,169,196,132,243,65,155
455,380,182,65,451,94,412,122,130,145,159,455,749,285,237,257,319,721,445,53,232,432,241,166,265,131,295,204,243,521,637,1206,235,382,88,441,391,73,218,435,282,84,313,170,334,406,268,449,133,286
528,467,232,95,556,120,528,180,179,220,455,309,949,389,296,305,417,987,510,60,319,576,338,234,356,121,340,269,288,639,830,1570,310,552,128,626,514,104,288,603,353,101,405,208,417,507,344,587,211,361
797,765,364,136,923,176,891,281,297,356,749,949,751,638,517,523,645,1383,879,121,500,962,582,367,592,236,646,447,509,1119,1367,2399,484,849,215,933,843,169,475,908,580,194,637,345,743,825,591,960,321,622
353,280,131,49,321,72,307,102,109,129,285,389,638,110,189,200,249,608,311,31,184,334,189,113,233,90,227,164,179,386,538,890,199,330,88,325,315,50,181,349,224,71,304,118,264,315,199,376,136,236
314,215,111,56,271,51,264,69,81,132,237,296,517,189,59,126,214,473,290,36,135,306,170,99,165,67,176,109,147,330,412,789,145,259,57,283,241,42,126,267,171,53,216,98,194,247,163,295,94,209
342,251,124,57,304,60,287,83,86,126,257,305,523,200,126,70,217,501,323,34,149,309,186,108,185,64,189,108,176,357,433,833,158,255,78,281,285,49,143,291,186,57,211,106,216,278,183,291,101,218
372,312,167,54,345,73,382,119,111,175,319,417,645,249,214,217,130,662,339,51,207,368,217,149,237,91,246,173,163,450,514,990,218,320,85,377,320,73,176,372,256,80,277,138,271,309,223,364,136,249
797,765,361,138,881,182,860,277,309,362,721,987,1383,608,473,501,662,748,866,124,515,905,565,343,587,239,594,408,499,1106,1347,2275,455,826,202,940,814,163,441,915,552,180,685,318,716,816,571,942,309,613
520,447,233,82,497,114,512,160,177,235,445,510,879,311,290,323,339,866,261,72,261,462,288,182,313,127,322,238,261,619,765,1445,303,465,115,537,432,81,289,528,322,95,377,179,407,503,314,521,184,349
74,47,23,15,62,13,61,22,14,36,53,60,121,31,36,34,51,124,72,4,21,54,46,27,39,10,35,30,24,78,96,171,34,77,9,59,46,5,33,73,40,9,61,26,45,48,35,69,26,34
300,258,122,45,281,73,271,77,87,109,232,319,500,184,135,149,207,515,261,21,74,273,160,122,162,68,181,135,112,389,415,790,159,273,81,287,242,44,151,306,200,46,216,110,218,241,163,293,104,178
520,460,211,82,535,116,484,143,168,238,432,576,962,334,306,309,368,905,462,54,273,232,314,190,347,137,331,242,270,683,745,1434,301,477,112,553,445,75,264,517,318,85,421,169,399,462,327,550,201,336
344,221,129,55,324,74,299,90,106,139,241,338,582,189,170,186,217,565,288,46,160,314,72,122,176,74,188,140,157,380,471,804,160,296,79,306,291,61,157,322,195,56,234,117,255,267,192,307,130,217
176,176,79,30,190,38,184,63,61,94,166,234,367,113,99,108,149,343,182,27,122,190,122,35,120,39,127,87,100,261,309,528,120,190,51,190,185,35,124,202,140,34,149,88,157,187,141,227,78,140
340,264,118,48,336,60,334,84,119,158,265,356,592,233,165,185,237,587,313,39,162,347,176,120,88,87,223,134,172,427,496,910,174,302,90,320,323,45,175,340,222,59,264,124,243,325,215,340,132,232
152,113,43,30,131,40,151,39,36,61,131,121,236,90,67,64,91,239,127,10,68,137,74,39,87,12,73,65,64,155,201,362,66,121,29,130,116,22,62,143,89,25,125,54,103,117,90,141,44,79
367,240,127,63,333,87,367,101,105,151,295,340,646,227,176,189,246,594,322,35,181,331,188,127,223,73,91,157,150,435,522,984,189,327,93,377,327,50,168,344,214,71,268,134,265,318,217,331,135,203
289,210,102,46,219,60,227,66,78,114,204,269,447,164,109,108,173,408,238,30,135,242,140,87,134,65,157,46,126,269,357,680,129,208,47,227,225,38,115,248,149,45,157,97,178,248,147,239,93,179
300,198,109,63,256,81,262,69,84,124,243,288,509,179,147,176,163,499,261,24,112,270,157,100,172,64,150,126,60,299,367,720,143,218,76,243,262,48,127,255,179,52,223,90,222,234,170,269,127,172
635,554,247,97,652,135,647,188,248,238,521,639,1119,386,330,357,450,1106,619,78,389,683,380,261,427,155,435,269,299,411,970,1702,318,573,129,677,552,118,335,640,389,122,472,223,501,571,402,677,234,427
656,680,299,135,752,177,749,231,234,341,637,830,1367,538,412,433,514,1347,765,96,415,745,471,309,496,201,522,357,367,970,588,2023,414,707,158,779,699,121,369,778,484,142,570,280,597,664,507,770,244,513
1158,1194,545,190,1359,286,1301,424,433,564,1206,1570,2399,890,789,833,990,2275,1445,171,790,1434,804,528,910,362,984,680,720,1702,2023,1854,694,1273,325,1449,1252,208,715,1395,936,283,981,529,1113,1263,859,1448,449,913
246,221,109,44,283,50,257,75,94,106,235,310,484,199,145,158,218,455,303,34,159,301,160,120,174,66,189,129,143,318,414,694,74,258,76,271,247,36,135,290,165,57,204,97,218,271,167,282,89,189
449,418,156,68,478,106,418,147,139,195,382,552,849,330,259,255,320,826,465,77,273,477,296,190,302,121,327,208,218,573,707,1273,258,212,113,472,412,92,223,509,311,106,390,182,359,428,274,472,202,329
113,118,51,17,116,27,128,32,33,46,88,128,215,88,57,78,85,202,115,9,81,112,79,51,90,29,93,47,76,129,158,325,76,113,11,112,99,21,60,123,82,28,104,45,86,107,77,116,33,69
506,445,202,76,546,141,523,174,186,225,441,626,933,325,283,281,377,940,537,59,287,553,306,190,320,130,377,227,243,677,779,1449,271,472,112,268,452,96,267,582,372,99,385,191,402,476,308,562,188,357
452,431,188,80,478,109,446,158,152,181,391,514,843,315,241,285,320,814,432,46,242,445,291,185,323,116,327,225,262,552,699,1252,247,412,99,452,227,78,248,531,325,91,328,171,362,397,293,486,180,309
83,60,32,17,76,22,80,26,21,34,73,104,169,50,42,49,73,163,81,5,44,75,61,35,45,22,50,38,48,118,121,208,36,92,21,96,78,5,38,87,52,17,59,28,53,73,56,82,30,63
259,217,96,47,238,58,222,84,87,123,218,288,475,181,126,143,176,441,289,33,151,264,157,124,175,62,168,115,127,335,369,715,135,223,60,267,248,38,68,259,185,58,184,93,196,225,155,263,95,174
481,438,194,86,511,116,500,140,179,223,435,603,908,349,267,291,372,915,528,73,306,517,322,202,340,143,344,248,255,640,778,1395,290,509,123,582,531,87,259,286,349,108,389,193,435,440,335,541,191,380
326,253,128,64,290,85,331,99,113,133,282,353,580,224,171,186,256,552,322,40,200,318,195,140,222,89,214,149,179,389,484,936,165,311,82,372,325,52,185,349,121,74,223,114,275,330,189,363,122,233
120,79,32,13,120,19,91,21,35,41,84,101,194,71,53,57,80,180,95,9,46,85,56,34,59,25,71,45,52,122,142,283,57,106,28,99,91,17,58,108,74,6,65,39,82,89,60,110,36,73
335,347,161,59,407,83,362,123,120,161,313,405,637,304,216,211,277,685,377,61,216,421,234,149,264,125,268,157,223,472,570,981,204,390,104,385,328,59,184,389,223,65,140,141,321,354,217,397,144,237
192,176,78,30,173,45,189,63,68,83,170,208,345,118,98,106,138,318,179,26,110,169,117,88,124,54,134,97,90,223,280,529,97,182,45,191,171,28,93,193,114,39,141,36,146,167,112,195,68,127
419,350,154,65,386,91,395,116,121,169,334,417,743,264,194,216,271,716,407,45,218,399,255,157,243,103,265,178,222,501,597,1113,218,359,86,402,362,53,196,435,275,82,321,146,157,382,257,417,148,265
397,380,168,71,456,98,426,144,151,196,406,507,825,315,247,278,309,816,503,48,241,462,267,187,325,117,318,248,234,571,664,1263,271,428,107,476,397,73,225,440,330,89,354,167,382,192,317,454,153,298
312,243,120,55,302,60,300,87,103,132,268,344,591,199,163,183,223,571,314,35,163,327,192,141,215,90,217,147,170,402,507,859,167,274,77,308,293,56,155,335,189,60,217,112,257,317,103,334,127,213
465,463,215,84,522,120,469,158,164,243,449,587,960,376,295,291,364,942,521,69,293,550,307,227,340,141,331,239,269,677,770,1448,282,472,116,562,486,82,263,541,363,110,397,195,417,454,334,256,189,370
159,175,75,37,202,44,206,65,69,65,133,211,321,136,94,101,136,309,184,26,104,201,130,78,132,44,135,93,127,234,244,449,89,202,33,188,180,30,95,191,122,36,144,68,148,153,127,189,34,118
381,304,136,55,373,71,325,100,131,155,286,361,622,236,209,218,249,613,349,34,178,336,217,140,232,79,203,179,172,427,513,913,189,329,69,357,309,63,174,380,233,73,237,127,265,298,213,370,118,127
