259,454,188,77,487,106,469,183,165,236,446,496,759,374,290,333,344,845,480,75,320,498,361,210,363,151,345,298,313,581,683,1183,270,507,115,498,489,88,233,459,305,104,350,194,443,406,320,463,161,395
454,187,175,78,442,97,434,141,137,161,361,543,791,289,226,226,305,818,459,53,216,456,228,165,280,108,308,201,211,572,676,1205,237,397,99,436,416,83,223,467,290,103,331,169,364,426,293,495,175,283
188,175,34,43,206,55,179,55,56,82,181,230,388,110,121,107,145,337,218,24,91,212,122,73,125,51,135,82,88,216,322,609,123,180,45,184,181,33,113,194,127,37,137,67,166,210,133,215,72,116
77,78,43,7,74,17,75,40,25,28,50,88,156,63,46,55,64,162,78,11,43,74,49,29,51,25,56,42,45,97,135,214,40,76,14,89,66,21,55,97,55,22,72,35,75,91,51,88,20,58
487,442,206,74,264,100,482,162,158,191,401,565,935,320,257,286,377,931,488,61,274,509,316,191,341,127,337,238,260,657,795,1448,305,495,129,566,479,86,261,564,308,123,423,189,430,508,322,507,183,299
106,97,55,17,100,5,83,41,33,49,99,126,184,69,55,54,75,183,88,19,55,108,60,44,61,36,81,65,53,148,156,276,55,100,22,119,89,27,60,121,73,25,82,41,90,108,71,107,27,72
469,434,179,75,482,83,241,146,164,169,385,554,832,315,242,263,331,826,454,59,225,495,286,190,297,138,380,220,220,618,753,1257,249,438,79,477,450,96,247,518,362,104,391,181,359,448,287,507,160,334
183,141,55,40,162,41,146,23,38,64,141,155,283,88,82,90,85,277,160,15,91,161,85,60,92,33,91,78,72,173,224,436,85,138,29,145,142,23,60,157,125,30,113,55,108,137,85,181,51,106
165,137,56,25,158,33,164,38,24,60,128,178,311,97,95,107,118,302,143,18,87,156,95,70,108,37,105,89,83,197,218,469,81,146,29,165,173,27,86,176,103,30,123,57,132,160,95,194,58,98
236,161,82,28,191,49,169,64,60,32,165,206,343,108,130,124,143,369,203,22,110,208,118,77,142,61,160,91,111,243,333,545,115,201,39,207,183,22,101,220,139,44,150,76,167,187,128,200,53,127
446,361,181,50,401,99,385,141,128,165,185,482,688,245,237,243,306,659,434,46,253,449,247,172,292,115,293,211,228,515,721,1145,235,408,80,471,389,65,216,449,289,91,338,160,330,415,298,446,132,256
496,543,230,88,565,126,554,155,178,206,482,274,1003,365,320,360,415,1010,566,77,318,555,326,263,382,156,416,264,315,703,860,1585,320,531,123,563,522,107,291,624,355,100,402,213,478,516,333,556,206,369
759,791,388,156,935,184,832,283,311,343,688,1003,794,594,490,523,667,1427,902,108,503,905,521,331,548,221,584,425,469,1119,1337,2448,515,859,192,980,854,164,449,971,598,210,679,354,657,823,593,903,333,603
374,289,110,63,320,69,315,88,97,108,245,365,594,92,170,184,230,584,322,44,184,345,202,129,192,78,204,138,174,391,521,926,175,309,65,341,304,57,138,355,206,60,276,125,255,283,208,348,117,202
290,226,121,46,257,55,242,82,95,130,237,320,490,170,76,146,192,466,270,33,131,251,146,96,184,68,182,128,129,289,407,752,145,266,69,258,261,45,139,249,159,51,195,110,217,242,172,306,114,197
333,226,107,55,286,54,263,90,107,124,243,360,523,184,146,76,229,507,298,29,155,293,141,108,192,65,188,144,134,355,460,807,149,271,70,281,285,41,153,270,178,49,217,103,237,247,176,306,119,225
344,305,145,64,377,75,331,85,118,143,306,415,667,230,192,229,135,677,385,40,203,360,222,151,231,75,232,180,191,483,569,1021,213,321,83,379,340,54,170,358,208,82,294,127,288,303,232,357,125,228
845,818,337,162,931,183,826,277,302,369,659,1010,1427,584,466,507,677,821,933,108,509,872,574,354,550,236,580,409,470,1090,1368,2459,497,817,201,1004,791,169,441,1008,621,209,674,350,665,814,586,924,331,637
480,459,218,78,488,88,454,160,143,203,434,566,902,322,270,298,385,933,270,54,276,504,324,199,338,136,335,244,250,656,805,1454,311,456,113,563,478,78,236,559,325,116,408,191,391,461,337,534,169,336
75,53,24,11,61,19,59,15,18,22,46,77,108,44,33,29,40,108,54,2,39,59,23,17,36,15,34,31,40,74,102,189,31,52,14,60,59,13,40,67,39,10,61,21,44,64,47,72,33,48
320,216,91,43,274,55,225,91,87,110,253,318,503,184,131,155,203,509,276,39,67,274,144,108,181,71,171,148,151,328,437,780,150,254,58,285,261,50,162,281,213,54,233,98,215,257,172,292,99,220
498,456,212,74,509,108,495,161,156,208,449,555,905,345,251,293,360,872,504,59,274,299,311,210,329,143,360,232,277,661,760,1432,274,479,113,571,506,90,254,531,326,109,419,212,400,476,330,552,183,336
361,228,122,49,316,60,286,85,95,118,247,326,521,202,146,141,222,574,324,23,144,311,85,122,192,74,207,145,158,371,443,781,146,291,69,299,283,49,159,323,208,55,260,104,231,288,182,335,98,205
210,165,73,29,191,44,190,60,70,77,172,263,331,129,96,108,151,354,199,17,108,210,122,37,102,49,140,92,94,269,320,546,101,179,30,225,194,42,116,211,147,49,144,77,155,178,120,228,70,134
363,280,125,51,341,61,297,92,108,142,292,382,548,192,184,192,231,550,338,36,181,329,192,102,113,71,211,144,156,408,541,882,165,329,64,326,300,64,161,350,211,68,252,118,246,292,185,375,129,230
151,108,51,25,127,36,138,33,37,61,115,156,221,78,68,65,75,236,136,15,71,143,74,49,71,15,75,45,72,161,221,382,65,112,27,133,125,21,51,138,90,26,89,45,106,130,76,146,53,110
345,308,135,56,337,81,380,91,105,160,293,416,584,204,182,188,232,580,335,34,171,360,207,140,211,75,119,157,180,431,554,999,204,310,81,349,327,52,141,401,257,79,255,126,310,319,215,395,153,236
298,201,82,42,238,65,220,78,89,91,211,264,425,138,128,144,180,409,244,31,148,232,145,92,144,45,157,66,116,282,336,680,148,224,33,255,205,34,120,253,148,56,186,84,194,217,146,251,77,146
313,211,88,45,260,53,220,72,83,111,228,315,469,174,129,134,191,470,250,40,151,277,158,94,156,72,180,116,79,294,405,699,131,238,59,270,229,32,110,281,174,45,203,88,195,232,159,267,96,169
581,572,216,97,657,148,618,173,197,243,515,703,1119,391,289,355,483,1090,656,74,328,661,371,269,408,161,431,282,294,366,944,1805,338,577,151,673,570,115,283,697,412,126,500,207,498,608,389,684,254,414
683,676,322,135,795,156,753,224,218,333,721,860,1337,521,407,460,569,1368,805,102,437,760,443,320,541,221,554,336,405,944,536,2040,423,735,187,777,742,121,385,822,490,164,568,317,624,687,478,777,275,567
1183,1205,609,214,1448,276,1257,436,469,545,1145,1585,2448,926,752,807,1021,2459,1454,189,780,1432,781,546,882,382,999,680,699,1805,2040,1891,740,1303,332,1505,1278,243,694,1537,918,292,1040,576,1084,1213,916,1353,498,958
270,237,123,40,305,55,249,85,81,115,235,320,515,175,145,149,213,497,311,31,150,274,146,101,165,65,204,148,131,338,423,740,84,278,58,296,262,48,140,299,199,65,211,110,209,263,167,301,96,207
507,397,180,76,495,100,438,138,146,201,408,531,859,309,266,271,321,817,456,52,254,479,291,179,329,112,310,224,238,577,735,1303,278,217,91,445,439,67,242,529,334,88,368,165,423,458,317,482,167,307
115,99,45,14,129,22,79,29,29,39,80,123,192,65,69,70,83,201,113,14,58,113,69,30,64,27,81,33,59,151,187,332,58,91,13,105,107,15,51,121,79,28,103,43,86,109,70,126,35,69
498,436,184,89,566,119,477,145,165,207,471,563,980,341,258,281,379,1004,563,60,285,571,299,225,326,133,349,255,270,673,777,1505,296,445,105,270,469,92,249,566,326,90,401,202,387,454,343,535,166,339
489,416,181,66,479,89,450,142,173,183,389,522,854,304,261,285,340,791,478,59,261,506,283,194,300,125,327,205,229,570,742,1278,262,439,107,469,231,84,257,520,328,101,348,180,369,420,294,510,171,331
88,83,33,21,86,27,96,23,27,22,65,107,164,57,45,41,54,169,78,13,50,90,49,42,64,21,52,34,32,115,121,243,48,67,15,92,84,8,44,97,66,16,75,33,76,87,45,99,30,40
233,223,113,55,261,60,247,60,86,101,216,291,449,138,139,153,170,441,236,40,162,254,159,116,161,51,141,120,110,283,385,694,140,242,51,249,257,44,65,269,173,44,190,96,228,232,170,284,97,170
459,467,194,97,564,121,518,157,176,220,449,624,971,355,249,270,358,1008,559,67,281,531,323,211,350,138,401,253,281,697,822,1537,299,529,121,566,520,97,269,281,380,109,419,188,463,527,363,570,214,363
305,290,127,55,308,73,362,125,103,139,289,355,598,206,159,178,208,621,325,39,213,326,208,147,211,90,257,148,174,412,490,918,199,334,79,326,328,66,173,380,103,71,251,125,272,299,221,342,119,243
104,103,37,22,123,25,104,30,30,44,91,100,210,60,51,49,82,209,116,10,54,109,55,49,68,26,79,56,45,126,164,292,65,88,28,90,101,16,44,109,71,9,76,37,75,82,72,110,37,72
350,331,137,72,423,82,391,113,123,150,338,402,679,276,195,217,294,674,408,61,233,419,260,144,252,89,255,186,203,500,568,1040,211,368,103,401,348,75,190,419,251,76,150,151,312,374,246,397,137,255
194,169,67,35,189,41,181,55,57,76,160,213,354,125,110,103,127,350,191,21,98,212,104,77,118,45,126,84,88,207,317,576,110,165,43,202,180,33,96,188,125,37,151,26,147,188,130,209,93,125
443,364,166,75,430,90,359,108,132,167,330,478,657,255,217,237,288,665,391,44,215,400,231,155,246,106,310,194,195,498,624,1084,209,423,86,387,369,76,228,463,272,75,312,147,168,368,250,437,151,278
406,426,210,91,508,108,448,137,160,187,415,516,823,283,242,247,303,814,461,64,257,476,288,178,292,130,319,217,232,608,687,1213,263,458,109,454,420,87,232,527,299,82,374,188,368,202,298,478,163,327
320,293,133,51,322,71,287,85,95,128,298,333,593,208,172,176,232,586,337,47,172,330,182,120,185,76,215,146,159,389,478,916,167,317,70,343,294,45,170,363,221,72,246,130,250,298,104,353,120,231
463,495,215,88,507,107,507,181,194,200,446,556,903,348,306,306,357,924,534,72,292,552,335,228,375,146,395,251,267,684,777,1353,301,482,126,535,510,99,284,570,342,110,397,209,437,478,353,274,196,336
161,175,72,20,183,27,160,51,58,53,132,206,333,117,114,119,125,331,169,33,99,183,98,70,129,53,153,77,96,254,275,498,96,167,35,166,171,30,97,214,119,37,137,93,151,163,120,196,32,105
395,283,116,58,299,72,334,106,98,127,256,369,603,202,197,225,228,637,336,48,220,336,205,134,230,110,236,146,169,414,567,958,207,307,69,339,331,40,170,363,243,72,255,125,278,327,231,336,105,122
