293,439,208,94,463,119,470,195,184,224,435,524,854,347,343,347,393,812,544,65,340,512,364,211,387,146,362,278,294,612,662,1169,248,450,117,534,499,98,240,450,323,111,356,182,424,430,326,473,197,361
439,175,177,69,412,94,427,116,127,167,364,494,762,266,240,242,318,813,419,49,236,444,256,187,277,95,283,204,216,526,677,1268,232,393,102,420,407,75,192,444,287,89,312,145,323,378,281,444,182,306
208,177,46,34,201,48,215,51,67,70,159,252,365,121,99,100,155,353,225,27,105,223,94,58,120,47,134,98,92,248,330,556,114,176,37,223,175,36,97,199,132,39,159,83,147,177,119,219,70,119
94,69,34,3,74,22,81,30,33,29,67,86,118,66,40,49,61,147,94,8,49,80,54,32,51,16,50,48,50,112,112,227,43,67,24,89,90,16,52,92,63,21,62,38,60,65,49,90,27,54
463,412,201,74,224,102,476,151,172,199,421,570,931,324,279,278,352,945,509,62,261,513,297,191,348,112,313,232,272,638,779,1401,290,473,112,531,428,88,259,530,350,100,438,182,406,454,316,508,212,318
119,94,48,22,102,14,110,46,42,35,91,123,175,82,55,61,86,209,128,13,72,110,62,43,65,29,84,58,62,162,157,280,56,116,29,122,115,17,63,118,82,25,67,46,78,110,69,107,32,72
470,427,215,81,476,110,224,147,152,177,395,563,892,275,243,270,357,883,484,65,236,461,304,207,339,114,330,259,245,592,710,1362,265,450,122,546,423,82,264,509,330,98,348,176,397,444,284,474,177,318
195,116,51,30,151,46,147,23,45,55,134,186,267,81,57,77,115,263,141,19,85,145,85,59,90,45,98,67,63,187,248,439,98,149,37,160,148,24,84,158,85,31,112,52,105,136,82,162,57,109
184,127,67,33,172,42,152,45,20,68,144,219,305,98,79,87,130,306,154,15,64,145,81,61,90,40,97,79,67,192,244,462,94,158,28,190,155,29,90,173,114,30,134,69,119,146,89,155,49,107
224,167,70,29,199,35,177,55,68,42,158,205,361,137,111,137,150,396,209,18,131,214,130,86,133,43,138,90,102,262,307,551,117,183,40,213,172,34,100,187,145,50,157,66,154,215,125,221,61,143
435,364,159,67,421,91,395,134,144,158,169,497,738,277,235,262,300,770,401,45,260,429,250,181,282,88,264,212,218,542,635,1130,228,407,103,454,370,68,229,429,282,85,315,151,335,420,281,443,132,288
524,494,252,86,570,123,563,186,219,205,497,292,1030,358,267,276,449,1084,560,63,307,612,281,225,367,148,418,251,271,748,885,1512,303,520,122,619,519,86,283,625,383,110,444,220,458,529,350,592,198,359
854,762,365,118,931,175,892,267,305,361,738,1030,824,607,467,497,685,1495,868,112,507,948,539,336,592,221,609,396,454,1131,1353,2391,486,855,214,1048,826,152,466,894,538,182,674,323,739,837,570,947,348,608
347,266,121,66,324,82,275,81,98,137,277,358,607,103,176,183,231,579,317,33,161,305,207,113,228,83,209,170,165,379,473,968,200,309,83,319,327,46,156,320,228,71,249,128,251,309,209,328,149,227
343,240,99,40,279,55,243,57,79,111,235,267,467,176,63,130,199,453,261,38,146,268,143,112,166,67,187,132,136,291,416,741,127,243,56,275,226,38,112,300,149,52,187,81,200,253,141,280,88,185
347,242,100,49,278,61,270,77,87,137,262,276,497,183,130,77,203,496,293,38,145,296,138,111,143,60,178,138,131,340,446,792,148,269,62,285,250,47,138,301,176,58,217,98,193,248,156,311,99,207
393,318,155,61,352,86,357,115,130,150,300,449,685,231,199,203,131,691,334,48,197,344,210,129,261,87,222,155,165,461,552,1004,208,341,92,385,326,57,176,375,235,76,271,135,295,338,227,372,130,245
812,813,353,147,945,209,883,263,306,396,770,1084,1495,579,453,496,691,800,901,107,502,898,531,342,623,222,610,402,438,1122,1309,2380,477,884,210,1021,821,166,453,923,523,180,668,337,745,778,602,895,340,609
544,419,225,94,509,128,484,141,154,209,401,560,868,317,261,293,334,901,274,64,276,492,305,217,335,135,365,233,233,628,763,1407,294,495,128,579,465,80,243,533,333,118,356,200,433,498,321,540,173,342
65,49,27,8,62,13,65,19,15,18,45,63,112,33,38,38,48,107,64,4,32,59,37,24,37,18,43,31,26,72,111,169,30,72,14,63,58,6,36,64,36,12,42,28,49,57,45,55,12,35
340,236,105,49,261,72,236,85,64,131,260,307,507,161,146,145,197,502,276,32,77,292,169,89,203,60,175,114,145,323,432,778,167,238,71,302,266,56,149,285,177,60,211,78,201,283,173,284,140,199
512,444,223,80,513,110,461,145,145,214,429,612,948,305,268,296,344,898,492,59,292,247,333,215,368,139,360,260,222,636,766,1464,320,477,127,556,457,70,267,515,356,114,387,198,445,501,330,552,187,337
364,256,94,54,297,62,304,85,81,130,250,281,539,207,143,138,210,531,305,37,169,333,100,119,221,71,187,115,141,358,449,855,157,298,73,294,271,44,160,344,218,61,218,117,262,275,195,297,125,210
211,187,58,32,191,43,207,59,61,86,181,225,336,113,112,111,129,342,217,24,89,215,119,41,146,41,134,103,114,233,315,563,109,193,53,210,197,35,118,232,153,43,148,77,161,201,137,211,82,134
387,277,120,51,348,65,339,90,90,133,282,367,592,228,166,143,261,623,335,37,203,368,221,146,118,64,217,126,166,394,483,979,194,311,67,338,277,54,150,375,212,72,231,115,270,319,208,360,127,230
146,95,47,16,112,29,114,45,40,43,88,148,221,83,67,60,87,222,135,18,60,139,71,41,64,11,69,66,70,160,185,362,75,130,30,120,113,19,66,141,99,30,111,57,95,110,79,141,45,85
362,283,134,50,313,84,330,98,97,138,264,418,609,209,187,178,222,610,365,43,175,360,187,134,217,69,105,153,185,392,524,966,199,324,77,340,304,62,174,379,255,65,253,118,266,327,217,369,118,231
278,204,98,48,232,58,259,67,79,90,212,251,396,170,132,138,155,402,233,31,114,260,115,103,126,66,153,52,129,287,383,656,118,252,62,226,234,45,110,269,155,44,188,80,186,235,154,250,98,173
294,216,92,50,272,62,245,63,67,102,218,271,454,165,136,131,165,438,233,26,145,222,141,114,166,70,185,129,61,316,349,707,140,235,48,265,250,38,146,263,161,50,204,93,198,194,143,265,99,165
612,526,248,112,638,162,592,187,192,262,542,748,1131,379,291,340,461,1122,628,72,323,636,358,233,394,160,392,287,316,411,957,1759,327,600,153,661,568,90,333,671,393,135,495,260,501,635,362,664,245,423
662,677,330,112,779,157,710,248,244,307,635,885,1353,473,416,446,552,1309,763,111,432,766,449,315,483,185,524,383,349,957,583,2094,433,705,160,810,670,123,362,825,500,174,554,292,604,746,516,772,274,523
1169,1268,556,227,1401,280,1362,439,462,551,1130,1512,2391,968,741,792,1004,2380,1407,169,778,1464,855,563,979,362,966,656,707,1759,2094,1882,723,1295,299,1549,1331,232,699,1472,867,289,1007,497,1181,1221,895,1404,480,943
248,232,114,43,290,56,265,98,94,117,228,303,486,200,127,148,208,477,294,30,167,320,157,109,194,75,199,118,140,327,433,723,55,268,61,285,246,49,147,317,187,62,205,84,252,249,162,268,104,208
450,393,176,67,473,116,450,149,158,183,407,520,855,309,243,269,341,884,495,72,238,477,298,193,311,130,324,252,235,600,705,1295,268,204,102,499,453,87,248,490,296,87,382,171,387,449,287,513,165,321
117,102,37,24,112,29,122,37,28,40,103,122,214,83,56,62,92,210,128,14,71,127,73,53,67,30,77,62,48,153,160,299,61,102,9,129,114,15,52,134,79,21,84,57,83,122,75,127,45,80
534,420,223,89,531,122,546,160,190,213,454,619,1048,319,275,285,385,1021,579,63,302,556,294,210,338,120,340,226,265,661,810,1549,285,499,129,245,479,93,249,554,337,125,434,224,449,505,346,547,216,393
499,407,175,90,428,115,423,148,155,172,370,519,826,327,226,250,326,821,465,58,266,457,271,197,277,113,304,234,250,568,670,1331,246,453,114,479,243,80,262,458,326,99,379,174,360,434,274,490,178,305
98,75,36,16,88,17,82,24,29,34,68,86,152,46,38,47,57,166,80,6,56,70,44,35,54,19,62,45,38,90,123,232,49,87,15,93,80,9,46,89,49,14,76,34,59,84,52,90,30,50
240,192,97,52,259,63,264,84,90,100,229,283,466,156,112,138,176,453,243,36,149,267,160,118,150,66,174,110,146,333,362,699,147,248,52,249,262,46,52,262,152,49,207,93,215,237,136,270,107,172
450,444,199,92,530,118,509,158,173,187,429,625,894,320,300,301,375,923,533,64,285,515,344,232,375,141,379,269,263,671,825,1472,317,490,134,554,458,89,262,282,352,111,386,212,471,467,366,576,217,371
323,287,132,63,350,82,330,85,114,145,282,383,538,228,149,176,235,523,333,36,177,356,218,153,212,99,255,155,161,393,500,867,187,296,79,337,326,49,152,352,117,75,249,135,301,313,208,338,120,233
111,89,39,21,100,25,98,31,30,50,85,110,182,71,52,58,76,180,118,12,60,114,61,43,72,30,65,44,50,135,174,289,62,87,21,125,99,14,49,111,75,10,67,34,77,91,58,111,41,80
356,312,159,62,438,67,348,112,134,157,315,444,674,249,187,217,271,668,356,42,211,387,218,148,231,111,253,188,204,495,554,1007,205,382,84,434,379,76,207,386,249,67,133,167,282,329,273,402,128,249
182,145,83,38,182,46,176,52,69,66,151,220,323,128,81,98,135,337,200,28,78,198,117,77,115,57,118,80,93,260,292,497,84,171,57,224,174,34,93,212,135,34,167,28,149,193,103,210,73,148
424,323,147,60,406,78,397,105,119,154,335,458,739,251,200,193,295,745,433,49,201,445,262,161,270,95,266,186,198,501,604,1181,252,387,83,449,360,59,215,471,301,77,282,149,169,390,250,428,166,245
430,378,177,65,454,110,444,136,146,215,420,529,837,309,253,248,338,778,498,57,283,501,275,201,319,110,327,235,194,635,746,1221,249,449,122,505,434,84,237,467,313,91,329,193,390,208,304,496,168,312
326,281,119,49,316,69,284,82,89,125,281,350,570,209,141,156,227,602,321,45,173,330,195,137,208,79,217,154,143,362,516,895,162,287,75,346,274,52,136,366,208,58,273,103,250,304,88,340,121,196
473,444,219,90,508,107,474,162,155,221,443,592,947,328,280,311,372,895,540,55,284,552,297,211,360,141,369,250,265,664,772,1404,268,513,127,547,490,90,270,576,338,111,402,210,428,496,340,259,195,361
197,182,70,27,212,32,177,57,49,61,132,198,348,149,88,99,130,340,173,12,140,187,125,82,127,45,118,98,99,245,274,480,104,165,45,216,178,30,107,217,120,41,128,73,166,168,121,195,26,125
361,306,119,54,318,72,318,109,107,143,288,359,608,227,185,207,245,609,342,35,199,337,210,134,230,85,231,173,165,423,523,943,208,321,80,393,305,50,172,371,233,80,249,148,245,312,196,361,125,127
