274,439,233,89,483,115,499,180,185,240,444,494,834,392,329,362,358,853,481,76,344,503,351,219,385,158,398,303,281,593,685,1155,239,507,114,540,487,78,239,473,305,119,381,184,470,418,338,482,182,387
439,203,162,66,434,111,415,128,153,172,384,488,809,260,207,212,318,772,442,41,205,416,272,171,299,110,292,185,222,531,711,1216,241,375,87,468,411,64,219,447,252,85,324,164,346,419,251,421,148,292
233,162,35,44,216,53,182,50,67,83,172,222,367,109,95,102,150,375,181,27,111,173,126,80,143,40,122,99,85,254,292,566,118,177,43,226,187,31,99,206,103,41,160,76,138,178,119,193,79,152
89,66,44,6,95,16,71,26,35,41,62,92,134,57,54,57,61,145,70,13,51,89,50,29,62,30,58,40,42,111,130,191,29,87,22,90,76,15,48,74,54,12,77,34,70,79,60,76,31,60
483,434,216,95,253,103,490,146,181,218,420,541,921,342,246,280,392,930,515,64,293,564,293,208,327,127,336,241,279,685,760,1420,267,458,106,583,458,85,233,528,329,82,382,221,422,523,311,499,173,344
115,111,53,16,103,13,100,36,42,47,83,136,182,76,60,73,63,172,116,13,83,106,67,40,81,31,90,73,42,134,158,296,54,118,24,111,102,20,56,112,78,17,84,48,89,93,69,104,36,74
499,415,182,71,490,100,226,167,163,195,392,512,835,327,257,271,329,841,488,66,265,458,272,198,303,129,330,248,221,628,743,1257,240,454,97,524,421,72,259,504,323,82,385,178,368,445,288,472,171,324
180,128,50,26,146,36,167,28,55,81,144,163,269,103,76,85,116,253,127,18,83,175,80,71,107,30,106,64,83,196,185,380,83,144,36,164,150,20,88,179,87,36,104,62,135,126,85,183,65,97
185,153,67,35,181,42,163,55,34,70,143,186,278,107,77,99,118,286,152,18,98,153,79,62,94,36,104,84,84,220,226,472,90,155,36,197,159,30,100,191,107,40,113,71,138,159,93,170,69,120
240,172,83,41,218,47,195,81,70,49,169,227,380,156,111,115,153,366,206,20,115,213,127,83,126,53,135,106,111,260,310,538,101,229,35,199,187,33,104,215,139,54,159,79,172,186,138,220,60,138
444,384,172,62,420,83,392,144,143,169,162,468,758,282,232,242,341,775,444,45,255,433,246,162,289,99,288,221,232,585,659,1152,208,416,91,469,403,56,211,436,296,77,331,170,342,390,279,422,125,283
494,488,222,92,541,136,512,163,186,227,468,277,988,360,285,311,380,968,571,71,314,523,342,205,373,150,364,283,273,669,859,1572,349,550,121,559,489,101,281,592,389,102,438,211,406,504,377,565,202,365
834,809,367,134,921,182,835,269,278,380,758,988,754,614,445,483,636,1375,926,119,520,909,582,352,618,234,625,441,476,1111,1304,2398,476,862,217,986,793,134,411,950,580,167,698,342,706,845,605,905,336,629
392,260,109,57,342,76,327,103,107,156,282,360,614,103,173,188,244,636,339,41,187,336,205,119,212,75,216,157,152,396,495,955,173,291,69,332,301,52,189,327,214,56,272,129,259,302,213,380,138,231
329,207,95,54,246,60,257,76,77,111,232,285,445,173,65,136,197,480,270,28,148,253,141,118,175,59,174,125,127,315,401,741,128,254,56,261,255,44,131,294,181,52,206,101,186,239,163,262,115,193
362,212,102,57,280,73,271,85,99,115,242,311,483,188,136,81,209,535,289,31,158,305,165,115,178,76,189,122,160,354,443,848,156,270,58,299,265,46,137,329,172,63,229,95,215,279,170,314,111,209
358,318,150,61,392,63,329,116,118,153,341,380,636,244,197,209,117,651,342,52,212,349,202,140,263,101,255,183,176,435,550,1023,211,298,89,363,342,52,213,385,232,82,264,161,302,339,224,378,135,252
853,772,375,145,930,172,841,253,286,366,775,968,1375,636,480,535,651,759,913,120,499,919,518,355,631,245,661,434,489,1136,1297,2348,473,841,210,1000,795,148,442,943,589,188,665,327,757,794,570,916,316,592
481,442,181,70,515,116,488,127,152,206,444,571,926,339,270,289,342,913,274,67,284,498,292,251,324,137,355,244,247,608,755,1395,280,460,126,515,484,77,253,559,346,97,416,198,421,448,315,480,219,319
76,41,27,13,64,13,66,18,18,20,45,71,119,41,28,31,52,120,67,5,33,72,42,17,32,7,34,26,37,80,98,198,44,56,16,73,55,9,30,61,37,17,44,25,59,69,35,71,26,34
344,205,111,51,293,83,265,83,98,115,255,314,520,187,148,158,212,499,284,33,75,281,167,112,164,69,180,120,131,348,467,808,149,262,60,303,281,45,143,313,181,63,200,112,228,261,173,296,106,218
503,416,173,89,564,106,458,175,153,213,433,523,909,336,253,305,349,919,498,72,281,250,306,210,329,138,350,265,258,648,746,1369,309,472,126,546,483,89,282,509,351,109,406,214,416,501,325,520,197,357
351,272,126,50,293,67,272,80,79,127,246,342,582,205,141,165,202,518,292,42,167,306,87,124,185,76,186,138,162,349,436,865,170,250,61,290,265,50,149,311,178,51,218,120,241,274,192,288,111,217
219,171,80,29,208,40,198,71,62,83,162,205,352,119,118,115,140,355,251,17,112,210,124,39,128,58,131,88,87,275,324,586,100,175,43,206,173,27,106,199,128,30,152,67,154,197,120,218,70,134
385,299,143,62,327,81,303,107,94,126,289,373,618,212,175,178,263,631,324,32,164,329,185,128,109,83,231,155,166,423,503,945,168,322,75,353,294,47,179,337,215,61,219,129,241,320,200,351,116,225
158,110,40,30,127,31,129,30,36,53,99,150,234,75,59,76,101,245,137,7,69,138,76,58,83,13,75,66,57,141,193,365,68,106,32,143,122,27,60,138,90,20,102,41,95,113,78,126,47,108
398,292,122,58,336,90,330,106,104,135,288,364,625,216,174,189,255,661,355,34,180,350,186,131,231,75,105,180,165,422,546,947,178,321,80,372,332,48,161,372,240,52,262,131,257,309,231,361,118,257
303,185,99,40,241,73,248,64,84,106,221,283,441,157,125,122,183,434,244,26,120,265,138,88,155,66,180,40,108,304,357,650,128,204,47,225,226,34,121,262,147,48,183,94,193,205,152,241,81,158
281,222,85,42,279,42,221,83,84,111,232,273,476,152,127,160,176,489,247,37,131,258,162,87,166,57,165,108,52,328,371,734,126,243,51,228,260,49,125,272,153,40,192,101,202,237,142,257,109,174
593,531,254,111,685,134,628,196,220,260,585,669,1111,396,315,354,435,1136,608,80,348,648,349,275,423,141,422,304,328,405,1010,1771,343,573,150,612,589,102,310,669,379,114,491,234,502,582,416,682,215,395
685,711,292,130,760,158,743,185,226,310,659,859,1304,495,401,443,550,1297,755,98,467,746,436,324,503,193,546,357,371,1010,601,2124,431,704,171,850,685,145,341,830,508,154,565,299,649,749,518,818,301,502
1155,1216,566,191,1420,296,1257,380,472,538,1152,1572,2398,955,741,848,1023,2348,1395,198,808,1369,865,586,945,365,947,650,734,1771,2124,1914,769,1337,336,1494,1228,228,623,1485,903,270,1014,527,1148,1301,953,1395,530,947
239,241,118,29,267,54,240,83,90,101,208,349,476,173,128,156,211,473,280,44,149,309,170,100,168,68,178,128,126,343,431,769,68,240,73,276,243,49,129,292,181,42,185,106,208,246,178,248,100,179
507,375,177,87,458,118,454,144,155,229,416,550,862,291,254,270,298,841,460,56,262,472,250,175,322,106,321,204,243,573,704,1337,240,226,101,518,446,69,246,455,278,101,327,190,396,456,285,495,164,325
114,87,43,22,106,24,97,36,36,35,91,121,217,69,56,58,89,210,126,16,60,126,61,43,75,32,80,47,51,150,171,336,73,101,8,137,99,22,55,118,76,25,87,41,90,97,67,125,44,83
540,468,226,90,583,111,524,164,197,199,469,559,986,332,261,299,363,1000,515,73,303,546,290,206,353,143,372,225,228,612,850,1494,276,518,137,250,482,79,239,559,347,122,406,200,433,463,322,534,189,356
487,411,187,76,458,102,421,150,159,187,403,489,793,301,255,265,342,795,484,55,281,483,265,173,294,122,332,226,260,589,685,1228,243,446,99,482,228,72,235,493,317,99,376,197,377,442,315,483,153,328
78,64,31,15,85,20,72,20,30,33,56,101,134,52,44,46,52,148,77,9,45,89,50,27,47,27,48,34,49,102,145,228,49,69,22,79,72,3,39,92,55,14,70,37,55,72,48,101,36,59
239,219,99,48,233,56,259,88,100,104,211,281,411,189,131,137,213,442,253,30,143,282,149,106,179,60,161,121,125,310,341,623,129,246,55,239,235,39,65,243,153,54,184,98,219,256,152,283,100,167
473,447,206,74,528,112,504,179,191,215,436,592,950,327,294,329,385,943,559,61,313,509,311,199,337,138,372,262,272,669,830,1485,292,455,118,559,493,92,243,303,335,127,413,197,439,477,347,522,190,383
305,252,103,54,329,78,323,87,107,139,296,389,580,214,181,172,232,589,346,37,181,351,178,128,215,90,240,147,153,379,508,903,181,278,76,347,317,55,153,335,106,84,246,125,279,314,212,336,145,222
119,85,41,12,82,17,82,36,40,54,77,102,167,56,52,63,82,188,97,17,63,109,51,30,61,20,52,48,40,114,154,270,42,101,25,122,99,14,54,127,84,13,78,44,80,98,64,92,36,81
381,324,160,77,382,84,385,104,113,159,331,438,698,272,206,229,264,665,416,44,200,406,218,152,219,102,262,183,192,491,565,1014,185,327,87,406,376,70,184,413,246,78,142,145,316,354,264,404,134,269
184,164,76,34,221,48,178,62,71,79,170,211,342,129,101,95,161,327,198,25,112,214,120,67,129,41,131,94,101,234,299,527,106,190,41,200,197,37,98,197,125,44,145,31,153,166,120,221,79,142
470,346,138,70,422,89,368,135,138,172,342,406,706,259,186,215,302,757,421,59,228,416,241,154,241,95,257,193,202,502,649,1148,208,396,90,433,377,55,219,439,279,80,316,153,167,405,234,403,154,290
418,419,178,79,523,93,445,126,159,186,390,504,845,302,239,279,339,794,448,69,261,501,274,197,320,113,309,205,237,582,749,1301,246,456,97,463,442,72,256,477,314,98,354,166,405,223,270,482,193,305
338,251,119,60,311,69,288,85,93,138,279,377,605,213,163,170,224,570,315,35,173,325,192,120,200,78,231,152,142,416,518,953,178,285,67,322,315,48,152,347,212,64,264,120,234,270,101,338,139,198
482,421,193,76,499,104,472,183,170,220,422,565,905,380,262,314,378,916,480,71,296,520,288,218,351,126,361,241,257,682,818,1395,248,495,125,534,483,101,283,522,336,92,404,221,403,482,338,255,192,345
182,148,79,31,173,36,171,65,69,60,125,202,336,138,115,111,135,316,219,26,106,197,111,70,116,47,118,81,109,215,301,530,100,164,44,189,153,36,100,190,145,36,134,79,154,193,139,192,31,141
387,292,152,60,344,74,324,97,120,138,283,365,629,231,193,209,252,592,319,34,218,357,217,134,225,108,257,158,174,395,502,947,179,325,83,356,328,59,167,383,222,81,269,142,290,305,198,345,141,118
