251,451,201,83,533,114,434,173,180,226,453,536,806,358,308,320,365,791,501,68,336,494,331,238,356,147,383,275,304,576,682,1186,240,465,96,507,483,80,252,455,322,93,395,163,430,406,324,440,154,361
451,180,145,70,416,92,400,137,135,187,363,448,784,267,214,262,324,821,436,48,236,448,261,163,280,115,307,194,190,558,659,1249,226,412,104,437,405,69,218,428,273,90,326,169,312,394,238,449,187,327
201,145,46,38,210,52,187,64,76,83,189,244,354,125,109,100,120,381,196,29,88,220,123,72,134,66,164,108,112,263,293,547,111,211,48,186,197,28,107,196,132,42,153,66,167,190,117,214,87,133
83,70,38,4,77,21,88,30,37,26,84,99,141,62,33,48,60,136,88,11,57,82,59,47,56,23,60,44,52,99,112,232,40,71,14,79,78,18,40,72,53,10,64,32,75,77,60,90,31,63
533,416,210,77,223,111,481,185,144,220,432,567,923,333,246,277,377,908,526,63,294,518,332,212,350,136,357,260,278,631,707,1404,272,467,111,530,501,89,245,500,318,108,376,191,423,452,308,474,196,366
114,92,52,21,111,9,109,27,35,42,96,118,178,81,58,73,85,188,112,11,57,108,62,53,89,33,94,60,73,143,145,282,52,93,13,113,91,19,52,116,77,20,90,40,103,103,78,126,25,94
434,400,187,88,481,109,238,128,156,203,423,553,868,337,233,286,339,896,480,65,268,494,290,214,336,121,337,246,268,610,707,1325,248,455,107,487,447,83,229,453,294,89,379,165,404,438,296,470,153,330
173,137,64,30,185,27,128,14,43,64,128,166,257,89,97,84,114,278,127,22,88,164,107,61,103,47,109,72,80,196,237,421,92,142,34,160,141,30,80,152,96,36,137,52,141,127,101,171,65,122
180,135,76,37,144,35,156,43,24,63,132,192,303,91,81,93,130,290,137,21,107,157,99,69,109,40,107,70,80,196,246,436,91,151,41,171,159,38,75,162,85,28,118,54,127,155,94,177,55,110
226,187,83,26,220,42,203,64,63,43,175,209,385,142,108,129,165,377,216,16,122,216,117,91,132,54,155,96,100,246,287,554,116,178,44,209,188,27,108,232,144,64,166,84,170,204,119,213,77,146
453,363,189,84,432,96,423,128,132,175,195,469,771,298,225,240,330,736,458,50,236,466,248,177,298,109,298,199,247,502,635,1108,195,409,92,445,421,76,222,459,273,99,314,138,376,365,255,431,159,318
536,448,244,99,567,118,553,166,192,209,469,340,1046,373,322,337,434,944,565,69,308,568,356,231,377,133,369,252,280,696,839,1506,302,515,117,611,538,94,279,603,381,105,441,190,480,515,321,575,221,371
806,784,354,141,923,178,868,257,303,385,771,1046,777,583,491,530,657,1377,882,113,526,907,530,371,624,232,621,440,465,1108,1357,2341,486,805,208,1002,849,149,457,959,552,171,632,386,712,854,588,921,339,625
358,267,125,62,333,81,337,89,91,142,298,373,583,116,157,177,226,565,361,45,183,348,190,145,228,82,218,165,166,384,471,918,196,319,71,334,344,51,181,343,211,57,267,104,293,310,221,363,136,224
308,214,109,33,246,58,233,97,81,108,225,322,491,157,67,120,176,468,273,40,155,282,163,98,189,73,148,125,140,343,424,720,149,236,53,292,236,47,130,291,148,48,212,84,202,234,169,275,92,194
320,262,100,48,277,73,286,84,93,129,240,337,530,177,120,72,179,544,278,37,178,261,155,130,185,64,169,139,151,328,455,804,143,261,54,284,281,43,139,310,165,58,217,87,234,274,170,313,98,202
365,324,120,60,377,85,339,114,130,165,330,434,657,226,176,179,130,625,371,38,179,385,226,165,236,97,283,171,183,437,548,996,190,332,70,372,335,70,166,393,234,80,258,130,305,358,197,365,122,267
791,821,381,136,908,188,896,278,290,377,736,944,1377,565,468,544,625,791,865,118,480,886,532,357,623,213,605,449,461,1135,1358,2341,468,833,208,1001,838,151,454,942,538,171,629,367,705,838,588,906,346,581
501,436,196,88,526,112,480,127,137,216,458,565,882,361,273,278,371,865,244,70,280,502,300,244,323,147,366,235,276,627,782,1444,278,448,94,544,487,84,240,536,310,93,356,192,410,499,298,533,168,331
68,48,29,11,63,11,65,22,21,16,50,69,113,45,40,37,38,118,70,2,27,72,32,24,44,19,40,30,39,75,96,212,34,68,15,62,62,9,33,69,40,10,38,27,45,60,38,63,28,30
336,236,88,57,294,57,268,88,107,122,236,308,526,183,155,178,179,480,280,27,80,294,163,127,199,77,196,132,129,336,421,782,154,255,60,271,272,51,150,290,170,71,217,106,257,272,173,312,114,188
494,448,220,82,518,108,494,164,157,216,466,568,907,348,282,261,385,886,502,72,294,298,329,232,358,148,391,246,272,681,755,1432,267,472,93,537,481,88,273,526,330,108,427,176,437,477,321,564,183,338
331,261,123,59,332,62,290,107,99,117,248,356,530,190,163,155,226,532,300,32,163,329,106,119,218,86,204,143,148,387,454,856,173,298,77,317,279,45,160,300,215,62,234,106,252,255,173,296,137,192
238,163,72,47,212,53,214,61,69,91,177,231,371,145,98,130,165,357,244,24,127,232,119,45,141,59,139,114,100,262,311,570,105,202,49,211,227,37,117,176,141,48,161,64,179,178,114,200,77,151
356,280,134,56,350,89,336,103,109,132,298,377,624,228,189,185,236,623,323,44,199,358,218,141,145,87,215,164,178,440,468,968,194,326,95,338,324,58,172,350,211,74,259,122,256,269,217,326,154,221
147,115,66,23,136,33,121,47,40,54,109,133,232,82,73,64,97,213,147,19,77,148,86,59,87,11,77,49,66,145,186,343,76,109,28,138,127,20,64,132,69,25,92,42,112,128,79,119,49,79
383,307,164,60,357,94,337,109,107,155,298,369,621,218,148,169,283,605,366,40,196,391,204,139,215,77,112,161,158,406,519,917,155,328,75,375,323,43,180,358,217,70,278,117,263,279,184,364,125,232
275,194,108,44,260,60,246,72,70,96,199,252,440,165,125,139,171,449,235,30,132,246,143,114,164,49,161,63,116,276,316,669,130,239,57,221,216,43,106,237,139,58,171,81,226,227,130,246,86,163
304,190,112,52,278,73,268,80,80,100,247,280,465,166,140,151,183,461,276,39,129,272,148,100,178,66,158,116,61,308,369,700,132,260,69,270,255,37,126,274,157,47,219,82,231,229,150,270,95,186
576,558,263,99,631,143,610,196,196,246,502,696,1108,384,343,328,437,1135,627,75,336,681,387,262,440,145,406,276,308,397,946,1749,357,596,139,671,595,86,288,654,421,103,475,238,526,602,403,635,224,420
682,659,293,112,707,145,707,237,246,287,635,839,1357,471,424,455,548,1358,782,96,421,755,454,311,468,186,519,316,369,946,568,2170,415,704,177,805,691,138,382,796,469,135,598,301,610,706,480,789,291,493
1186,1249,547,232,1404,282,1325,421,436,554,1108,1506,2341,918,720,804,996,2341,1444,212,782,1432,856,570,968,343,917,669,700,1749,2170,1888,694,1314,322,1496,1321,240,681,1447,863,276,992,557,1098,1268,861,1381,492,937
240,226,111,40,272,52,248,92,91,116,195,302,486,196,149,143,190,468,278,34,154,267,173,105,194,76,155,130,132,357,415,694,75,264,47,302,263,56,147,275,162,43,198,109,207,229,174,278,86,180
465,412,211,71,467,93,455,142,151,178,409,515,805,319,236,261,332,833,448,68,255,472,298,202,326,109,328,239,260,596,704,1314,264,211,100,494,419,82,241,476,316,104,354,171,388,445,287,502,163,327
96,104,48,14,111,13,107,34,41,44,92,117,208,71,53,54,70,208,94,15,60,93,77,49,95,28,75,57,69,139,177,322,47,100,15,90,108,18,60,135,72,15,72,36,101,95,78,125,48,75
507,437,186,79,530,113,487,160,171,209,445,611,1002,334,292,284,372,1001,544,62,271,537,317,211,338,138,375,221,270,671,805,1496,302,494,90,281,505,86,240,567,372,101,416,205,440,521,321,549,190,342
483,405,197,78,501,91,447,141,159,188,421,538,849,344,236,281,335,838,487,62,272,481,279,227,324,127,323,216,255,595,691,1321,263,419,108,505,239,87,243,492,308,99,383,164,380,409,273,500,155,318
80,69,28,18,89,19,83,30,38,27,76,94,149,51,47,43,70,151,84,9,51,88,45,37,58,20,43,43,37,86,138,240,56,82,18,86,87,10,38,77,43,18,67,18,64,91,41,88,30,53
252,218,107,40,245,52,229,80,75,108,222,279,457,181,130,139,166,454,240,33,150,273,160,117,172,64,180,106,126,288,382,681,147,241,60,240,243,38,67,242,156,63,213,88,197,207,145,266,94,175
455,428,196,72,500,116,453,152,162,232,459,603,959,343,291,310,393,942,536,69,290,526,300,176,350,132,358,237,274,654,796,1447,275,476,135,567,492,77,242,265,338,110,392,188,414,520,343,525,206,396
322,273,132,53,318,77,294,96,85,144,273,381,552,211,148,165,234,538,310,40,170,330,215,141,211,69,217,139,157,421,469,863,162,316,72,372,308,43,156,338,114,61,234,119,242,317,199,349,109,238
93,90,42,10,108,20,89,36,28,64,99,105,171,57,48,58,80,171,93,10,71,108,62,48,74,25,70,58,47,103,135,276,43,104,15,101,99,18,63,110,61,9,66,51,79,90,62,102,29,82
395,326,153,64,376,90,379,137,118,166,314,441,632,267,212,217,258,629,356,38,217,427,234,161,259,92,278,171,219,475,598,992,198,354,72,416,383,67,213,392,234,66,150,126,353,337,261,425,135,276
163,169,66,32,191,40,165,52,54,84,138,190,386,104,84,87,130,367,192,27,106,176,106,64,122,42,117,81,82,238,301,557,109,171,36,205,164,18,88,188,119,51,126,30,133,173,117,190,65,102
430,312,167,75,423,103,404,141,127,170,376,480,712,293,202,234,305,705,410,45,257,437,252,179,256,112,263,226,231,526,610,1098,207,388,101,440,380,64,197,414,242,79,353,133,162,339,245,417,146,279
406,394,190,77,452,103,438,127,155,204,365,515,854,310,234,274,358,838,499,60,272,477,255,178,269,128,279,227,229,602,706,1268,229,445,95,521,409,91,207,520,317,90,337,173,339,218,291,489,163,274
324,238,117,60,308,78,296,101,94,119,255,321,588,221,169,170,197,588,298,38,173,321,173,114,217,79,184,130,150,403,480,861,174,287,78,321,273,41,145,343,199,62,261,117,245,291,86,316,119,209
440,449,214,90,474,126,470,171,177,213,431,575,921,363,275,313,365,906,533,63,312,564,296,200,326,119,364,246,270,635,789,1381,278,502,125,549,500,88,266,525,349,102,425,190,417,489,316,280,183,359
154,187,87,31,196,25,153,65,55,77,159,221,339,136,92,98,122,346,168,28,114,183,137,77,154,49,125,86,95,224,291,492,86,163,48,190,155,30,94,206,109,29,135,65,146,163,119,183,30,128
361,327,133,63,366,94,330,122,110,146,318,371,625,224,194,202,267,581,331,30,188,338,192,151,221,79,232,163,186,420,493,937,180,327,75,342,318,53,175,396,238,82,276,102,279,274,209,359,128,118
