270,468,219,72,481,111,484,209,187,242,443,540,844,370,337,340,393,824,528,71,351,565,342,235,364,149,388,277,281,663,717,1271,249,490,121,543,464,89,269,509,331,105,352,181,478,502,337,522,179,385
468,212,194,67,482,93,408,138,154,176,374,490,772,287,245,265,302,795,468,56,214,485,268,178,293,112,300,187,222,511,724,1223,262,411,100,452,392,69,203,454,262,80,339,168,350,426,298,442,179,329
219,194,39,37,220,49,212,47,70,94,200,241,357,136,116,114,124,332,223,26,115,200,115,86,143,40,133,112,107,229,324,580,103,187,33,183,170,37,101,201,118,38,149,73,193,170,140,229,78,156
72,67,37,1,68,15,62,19,30,41,67,88,149,60,47,40,60,145,84,9,57,100,47,24,62,25,47,38,50,105,143,210,45,89,23,74,58,12,30,77,56,20,56,26,72,70,66,75,39,59
481,482,220,68,266,107,491,150,168,215,429,578,930,315,288,322,397,933,528,58,285,544,312,215,344,130,371,236,227,669,750,1355,288,492,108,540,475,100,260,519,332,90,395,173,432,471,331,542,198,348
111,93,49,15,107,14,107,30,44,50,89,107,212,68,71,66,76,211,107,11,76,134,72,40,75,41,78,44,71,133,187,294,57,104,24,115,108,16,55,124,65,26,82,44,100,108,87,112,43,90
484,408,212,62,491,107,222,158,154,189,376,551,885,306,286,292,349,905,519,62,251,519,264,191,319,138,348,214,245,646,734,1379,274,446,100,505,452,76,261,514,318,109,368,163,374,513,309,483,166,356
209,138,47,19,150,30,158,16,50,60,129,169,271,103,90,86,105,277,142,15,80,166,79,61,97,37,94,87,84,175,241,429,106,115,36,173,137,24,65,172,97,21,110,54,124,136,112,178,68,112
187,154,70,30,168,44,154,50,35,70,125,191,306,120,88,95,112,318,176,25,85,165,88,72,118,44,111,79,90,186,257,496,81,162,50,177,179,31,81,178,113,41,132,71,160,141,108,170,67,104
242,176,94,41,215,50,189,60,70,38,157,215,356,158,112,117,162,351,211,22,119,198,130,83,136,53,136,109,105,232,286,544,85,206,49,209,186,40,110,206,126,54,171,69,159,183,138,215,64,157
443,374,200,67,429,89,376,129,125,157,169,448,732,286,215,247,338,718,445,53,235,431,289,172,265,113,291,240,217,495,624,1166,208,417,95,482,403,80,208,434,283,95,334,130,332,388,272,430,134,307
540,490,241,88,578,107,551,169,191,215,448,370,1044,356,277,297,427,1012,547,58,296,557,317,205,368,124,353,238,287,697,838,1630,292,495,115,625,522,117,288,613,374,116,434,227,427,509,330,604,215,361
844,772,357,149,930,212,885,271,306,356,732,1044,825,564,459,518,686,1495,891,112,453,987,532,338,566,215,572,428,472,1145,1403,2566,508,854,197,1013,837,164,453,1017,627,184,714,348,746,818,582,951,352,588
370,287,136,60,315,68,306,103,120,158,286,356,564,117,186,185,240,580,313,51,178,310,213,131,221,90,235,153,171,419,463,849,162,347,64,318,323,46,159,322,167,56,250,118,240,304,180,336,134,233
337,245,116,47,288,71,286,90,88,112,215,277,459,186,80,155,193,470,261,32,157,269,139,108,171,72,173,114,150,306,389,759,147,249,56,275,257,38,146,285,175,54,187,103,213,225,152,255,112,190
340,265,114,40,322,66,292,86,95,117,247,297,518,185,155,86,202,491,275,33,151,301,166,104,201,84,200,121,159,325,422,810,158,278,63,279,257,53,140,289,164,54,221,116,220,238,196,283,121,192
393,302,124,60,397,76,349,105,112,162,338,427,686,240,193,202,120,659,385,39,205,395,225,136,239,90,233,172,170,466,547,1037,188,348,89,387,330,74,171,388,242,75,291,152,283,351,238,365,125,252
824,795,332,145,933,211,905,277,318,351,718,1012,1495,580,470,491,659,811,881,118,473,951,509,354,624,234,598,396,468,1185,1346,2610,519,871,229,996,836,149,460,990,604,205,708,336,736,843,603,919,353,557
528,468,223,84,528,107,519,142,176,211,445,547,891,313,261,275,385,881,260,55,266,498,300,227,322,144,336,236,252,652,728,1485,289,521,115,570,472,79,240,539,353,122,371,176,440,467,307,541,200,349
71,56,26,9,58,11,62,15,25,22,53,58,112,51,32,33,39,118,55,3,32,71,36,30,34,11,46,27,30,82,79,211,34,51,11,69,52,14,38,63,39,10,62,20,52,62,45,63,28,40
351,214,115,57,285,76,251,80,85,119,235,296,453,178,157,151,205,473,266,32,63,270,148,133,174,89,180,120,135,332,440,788,167,271,66,286,257,40,129,307,170,52,219,107,234,255,145,286,94,186
565,485,200,100,544,134,519,166,165,198,431,557,987,310,269,301,395,951,498,71,270,254,305,205,354,127,369,215,255,702,730,1474,295,508,107,561,516,86,269,527,349,115,379,188,437,510,301,529,190,372
342,268,115,47,312,72,264,79,88,130,289,317,532,213,139,166,225,509,300,36,148,305,74,122,183,66,207,137,125,357,439,851,159,307,71,311,289,46,137,301,177,58,241,99,219,251,163,284,103,228
235,178,86,24,215,40,191,61,72,83,172,205,338,131,108,104,136,354,227,30,133,205,122,46,153,56,152,94,102,253,276,550,105,198,40,222,194,34,96,199,123,44,149,68,146,188,123,213,66,136
364,293,143,62,344,75,319,97,118,136,265,368,566,221,171,201,239,624,322,34,174,354,183,153,116,83,224,161,167,353,553,975,188,291,90,360,331,48,138,358,220,68,262,113,255,323,190,319,141,226
149,112,40,25,130,41,138,37,44,53,113,124,215,90,72,84,90,234,144,11,89,127,66,56,83,18,73,45,62,143,153,352,71,129,34,131,125,20,50,110,85,19,108,51,97,109,87,129,51,88
388,300,133,47,371,78,348,94,111,136,291,353,572,235,173,200,233,598,336,46,180,369,207,152,224,73,112,152,172,416,480,944,180,335,84,356,319,50,140,347,230,53,278,125,276,317,214,338,128,229
277,187,112,38,236,44,214,87,79,109,240,238,428,153,114,121,172,396,236,27,120,215,137,94,161,45,152,56,119,266,360,692,151,185,41,211,202,38,111,240,141,40,173,85,198,222,140,231,74,144
281,222,107,50,227,71,245,84,90,105,217,287,472,171,150,159,170,468,252,30,135,255,125,102,167,62,172,119,54,310,393,692,134,246,62,259,228,39,124,248,145,53,220,86,215,212,155,271,80,160
663,511,229,105,669,133,646,175,186,232,495,697,1145,419,306,325,466,1185,652,82,332,702,357,253,353,143,416,266,310,418,949,1926,336,611,159,713,588,107,303,722,424,140,488,232,467,625,406,650,228,429
717,724,324,143,750,187,734,241,257,286,624,838,1403,463,389,422,547,1346,728,79,440,730,439,276,553,153,480,360,393,949,587,2128,417,715,155,826,710,130,339,814,553,154,586,281,601,724,496,776,310,544
1271,1223,580,210,1355,294,1379,429,496,544,1166,1630,2566,849,759,810,1037,2610,1485,211,788,1474,851,550,975,352,944,692,692,1926,2128,1970,737,1304,300,1596,1302,261,735,1592,947,308,1043,553,1149,1279,916,1456,512,938
249,262,103,45,288,57,274,106,81,85,208,292,508,162,147,158,188,519,289,34,167,295,159,105,188,71,180,151,134,336,417,737,83,276,57,305,233,42,133,270,192,53,197,112,213,255,174,282,86,195
490,411,187,89,492,104,446,115,162,206,417,495,854,347,249,278,348,871,521,51,271,508,307,198,291,129,335,185,246,611,715,1304,276,233,115,466,442,69,215,497,304,106,369,158,410,448,315,490,181,331
121,100,33,23,108,24,100,36,50,49,95,115,197,64,56,63,89,229,115,11,66,107,71,40,90,34,84,41,62,159,155,300,57,115,12,137,112,16,54,146,77,18,95,37,103,99,93,108,38,89
543,452,183,74,540,115,505,173,177,209,482,625,1013,318,275,279,387,996,570,69,286,561,311,222,360,131,356,211,259,713,826,1596,305,466,137,282,459,80,276,571,380,91,401,186,448,558,332,596,210,376
464,392,170,58,475,108,452,137,179,186,403,522,837,323,257,257,330,836,472,52,257,516,289,194,331,125,319,202,228,588,710,1302,233,442,112,459,224,68,214,475,280,88,346,177,381,452,306,495,179,332
89,69,37,12,100,16,76,24,31,40,80,117,164,46,38,53,74,149,79,14,40,86,46,34,48,20,50,38,39,107,130,261,42,69,16,80,68,8,50,98,60,19,68,30,72,78,43,82,32,52
269,203,101,30,260,55,261,65,81,110,208,288,453,159,146,140,171,460,240,38,129,269,137,96,138,50,140,111,124,303,339,735,133,215,54,276,214,50,46,283,150,40,190,106,179,247,163,236,98,157
509,454,201,77,519,124,514,172,178,206,434,613,1017,322,285,289,388,990,539,63,307,527,301,199,358,110,347,240,248,722,814,1592,270,497,146,571,475,98,283,280,369,118,392,200,409,518,359,515,184,368
331,262,118,56,332,65,318,97,113,126,283,374,627,167,175,164,242,604,353,39,170,349,177,123,220,85,230,141,145,424,553,947,192,304,77,380,280,60,150,369,108,72,227,132,268,329,201,336,110,228
105,80,38,20,90,26,109,21,41,54,95,116,184,56,54,54,75,205,122,10,52,115,58,44,68,19,53,40,53,140,154,308,53,106,18,91,88,19,40,118,72,11,88,27,91,105,56,105,39,87
352,339,149,56,395,82,368,110,132,171,334,434,714,250,187,221,291,708,371,62,219,379,241,149,262,108,278,173,220,488,586,1043,197,369,95,401,346,68,190,392,227,88,158,127,324,357,232,382,130,249
181,168,73,26,173,44,163,54,71,69,130,227,348,118,103,116,152,336,176,20,107,188,99,68,113,51,125,85,86,232,281,553,112,158,37,186,177,30,106,200,132,27,127,35,160,181,117,199,65,128
478,350,193,72,432,100,374,124,160,159,332,427,746,240,213,220,283,736,440,52,234,437,219,146,255,97,276,198,215,467,601,1149,213,410,103,448,381,72,179,409,268,91,324,160,164,386,244,396,169,305
502,426,170,70,471,108,513,136,141,183,388,509,818,304,225,238,351,843,467,62,255,510,251,188,323,109,317,222,212,625,724,1279,255,448,99,558,452,78,247,518,329,105,357,181,386,218,288,493,163,351
337,298,140,66,331,87,309,112,108,138,272,330,582,180,152,196,238,603,307,45,145,301,163,123,190,87,214,140,155,406,496,916,174,315,93,332,306,43,163,359,201,56,232,117,244,288,102,342,136,209
522,442,229,75,542,112,483,178,170,215,430,604,951,336,255,283,365,919,541,63,286,529,284,213,319,129,338,231,271,650,776,1456,282,490,108,596,495,82,236,515,336,105,382,199,396,493,342,232,181,362
179,179,78,39,198,43,166,68,67,64,134,215,352,134,112,121,125,353,200,28,94,190,103,66,141,51,128,74,80,228,310,512,86,181,38,210,179,32,98,184,110,39,130,65,169,163,136,181,29,135
385,329,156,59,348,90,356,112,104,157,307,361,588,233,190,192,252,557,349,40,186,372,228,136,226,88,229,144,160,429,544,938,195,331,89,376,332,52,157,368,228,87,249,128,305,351,209,362,135,138
