263,479,221,99,548,108,467,151,182,269,459,527,775,390,297,317,371,787,521,71,336,543,339,205,358,161,369,282,309,613,758,1173,259,481,115,518,474,94,253,466,349,115,368,180,433,433,329,508,178,343
479,174,148,84,433,101,387,136,124,165,343,502,820,288,213,250,328,813,436,50,219,433,255,158,267,85,269,202,195,559,695,1301,223,433,109,461,367,75,205,480,313,98,352,185,334,411,264,445,167,317
221,148,37,40,210,50,173,56,58,64,165,245,357,117,91,97,143,344,204,30,83,190,113,85,134,45,129,79,87,234,322,584,102,187,48,221,187,29,97,214,121,37,151,73,146,169,121,220,75,140
99,84,40,10,93,19,91,31,32,36,78,119,159,63,40,55,65,147,90,11,63,97,50,41,73,30,63,41,45,98,102,237,52,89,22,109,90,15,49,87,60,16,76,32,67,93,52,89,34,67
548,433,210,93,286,137,525,135,180,205,417,597,921,365,282,290,393,936,502,67,290,527,315,208,361,130,352,233,271,688,773,1450,291,492,113,542,509,83,263,531,339,80,404,180,438,447,311,524,191,337
108,101,50,19,137,11,106,38,50,45,106,140,196,79,62,74,75,211,118,18,79,123,56,46,92,25,75,60,64,150,158,325,61,123,25,125,114,21,74,109,77,16,88,42,92,110,73,104,49,68
467,387,173,91,525,106,232,154,155,202,455,541,867,317,246,294,364,870,481,77,229,526,266,184,336,112,316,242,223,616,699,1400,267,461,122,517,437,80,277,567,329,98,384,194,400,425,326,493,203,344
151,136,56,31,135,38,154,26,50,66,118,149,261,96,91,75,118,261,153,17,71,154,104,60,105,45,109,65,72,176,218,418,91,117,31,172,155,35,74,166,95,26,131,57,156,126,116,167,51,103
182,124,58,32,180,50,155,50,24,54,125,188,272,98,78,74,124,294,138,19,95,161,100,51,94,27,86,64,69,187,272,455,92,172,27,197,171,27,75,177,113,26,128,60,112,135,81,186,53,118
269,165,64,36,205,45,202,66,54,40,146,215,342,140,117,102,171,350,205,37,106,226,139,69,149,63,139,103,123,246,305,567,124,213,58,226,196,40,117,192,140,43,173,80,173,187,136,206,97,135
459,343,165,78,417,106,455,118,125,146,151,472,737,254,233,241,322,766,421,59,236,440,270,151,278,116,256,197,219,533,617,1136,221,401,100,456,397,75,220,426,311,85,334,160,369,389,280,440,158,270
527,502,245,119,597,140,541,149,188,215,472,325,993,377,281,285,406,1028,563,61,276,564,366,251,369,140,392,272,266,722,850,1594,326,588,136,625,539,99,303,602,361,131,431,198,464,592,310,591,223,374
775,820,357,159,921,196,867,261,272,342,737,993,803,585,439,496,637,1457,940,110,491,944,536,362,591,254,606,419,434,1173,1370,2517,472,867,207,999,849,155,412,1028,640,188,667,377,715,918,563,910,335,611
390,288,117,63,365,79,317,96,98,140,254,377,585,104,198,187,251,583,353,47,167,337,192,128,205,80,204,148,185,427,501,943,177,288,69,356,298,56,166,344,230,66,250,130,271,282,199,341,129,218
297,213,91,40,282,62,246,91,78,117,233,281,439,198,77,145,176,470,271,34,160,275,149,92,149,68,170,141,135,321,408,731,145,262,55,262,251,49,145,305,177,55,173,107,208,254,171,269,105,167
317,250,97,55,290,74,294,75,74,102,241,285,496,187,145,80,204,529,304,34,140,295,154,115,181,63,169,130,152,340,422,830,148,282,67,310,252,37,144,341,193,49,200,105,215,277,185,329,116,206
371,328,143,65,393,75,364,118,124,171,322,406,637,251,176,204,139,663,376,40,202,385,206,166,222,91,235,151,191,478,604,1070,202,330,77,389,316,57,162,367,269,72,280,154,290,382,231,399,138,258
787,813,344,147,936,211,870,261,294,350,766,1028,1457,583,470,529,663,819,937,107,533,917,527,383,588,243,659,437,464,1157,1380,2472,502,831,212,971,839,128,450,1066,653,187,649,359,738,819,543,920,358,610
521,436,204,90,502,118,481,153,138,205,421,563,940,353,271,304,376,937,267,65,285,512,304,231,336,129,314,258,248,651,769,1417,295,454,114,544,477,101,254,563,392,93,425,215,415,521,302,536,191,368
71,50,30,11,67,18,77,17,19,37,59,61,110,47,34,34,40,107,65,1,36,61,42,22,48,13,32,24,32,74,112,184,43,60,12,63,49,8,26,69,39,12,41,19,51,48,45,63,21,42
336,219,83,63,290,79,229,71,95,106,236,276,491,167,160,140,202,533,285,36,78,284,183,118,170,63,161,141,114,368,412,777,151,266,75,306,259,40,112,273,169,56,232,90,211,233,175,298,118,193
543,433,190,97,527,123,526,154,161,226,440,564,944,337,275,295,385,917,512,61,284,256,295,190,359,107,306,261,261,632,752,1474,288,450,113,563,506,94,252,554,354,121,397,212,400,500,287,544,189,388
339,255,113,50,315,56,266,104,100,139,270,366,536,192,149,154,206,527,304,42,183,295,101,114,189,80,184,141,154,340,447,879,186,249,75,295,255,45,147,319,215,63,238,135,241,270,194,322,121,200
205,158,85,41,208,46,184,60,51,69,151,251,362,128,92,115,166,383,231,22,118,190,114,33,109,56,130,104,113,250,294,600,115,201,51,224,189,39,106,225,129,37,193,70,132,191,115,216,70,143
358,267,134,73,361,92,336,105,94,149,278,369,591,205,149,181,222,588,336,48,170,359,189,109,96,80,206,163,147,399,520,976,183,331,74,321,337,68,177,379,251,63,285,113,256,303,209,337,140,235
161,85,45,30,130,25,112,45,27,63,116,140,254,80,68,63,91,243,129,13,63,107,80,56,80,15,79,55,60,155,205,375,80,136,25,135,117,20,69,148,79,21,100,37,98,130,79,131,55,88
369,269,129,63,352,75,316,109,86,139,256,392,606,204,170,169,235,659,314,32,161,306,184,130,206,79,108,158,159,398,524,1009,191,322,74,318,285,55,181,372,246,72,268,131,248,312,221,315,120,230
282,202,79,41,233,60,242,65,64,103,197,272,419,148,141,130,151,437,258,24,141,261,141,104,163,55,158,67,127,296,366,668,133,238,50,205,212,34,115,267,150,47,183,82,212,208,160,277,88,167
309,195,87,45,271,64,223,72,69,123,219,266,434,185,135,152,191,464,248,32,114,261,154,113,147,60,159,127,52,338,343,706,146,254,52,276,264,45,125,251,170,49,225,106,201,222,160,243,88,196
613,559,234,98,688,150,616,176,187,246,533,722,1173,427,321,340,478,1157,651,74,368,632,340,250,399,155,398,296,338,432,969,1855,371,576,154,671,553,95,310,725,431,133,503,243,507,615,400,640,226,417
758,695,322,102,773,158,699,218,272,305,617,850,1370,501,408,422,604,1380,769,112,412,752,447,294,520,205,524,366,343,969,579,2027,394,674,162,819,672,129,373,778,548,160,565,292,598,665,478,735,279,506
1173,1301,584,237,1450,325,1400,418,455,567,1136,1594,2517,943,731,830,1070,2472,1417,184,777,1474,879,600,976,375,1009,668,706,1855,2027,1921,742,1351,331,1523,1303,238,694,1513,953,302,1039,556,1143,1295,908,1444,542,955
259,223,102,52,291,61,267,91,92,124,221,326,472,177,145,148,202,502,295,43,151,288,186,115,183,80,191,133,146,371,394,742,78,255,68,296,241,58,144,302,202,54,204,116,239,249,202,253,112,207
481,433,187,89,492,123,461,117,172,213,401,588,867,288,262,282,330,831,454,60,266,450,249,201,331,136,322,238,254,576,674,1351,255,227,109,520,458,84,231,476,304,84,409,182,399,467,324,472,194,332
115,109,48,22,113,25,122,31,27,58,100,136,207,69,55,67,77,212,114,12,75,113,75,51,74,25,74,50,52,154,162,331,68,109,10,116,119,20,58,130,72,30,93,44,88,101,63,148,45,89
518,461,221,109,542,125,517,172,197,226,456,625,999,356,262,310,389,971,544,63,306,563,295,224,321,135,318,205,276,671,819,1523,296,520,116,273,497,94,283,591,351,111,461,184,387,508,324,555,216,359
474,367,187,90,509,114,437,155,171,196,397,539,849,298,251,252,316,839,477,49,259,506,255,189,337,117,285,212,264,553,672,1303,241,458,119,497,235,77,212,527,288,100,376,178,379,438,320,474,175,308
94,75,29,15,83,21,80,35,27,40,75,99,155,56,49,37,57,128,101,8,40,94,45,39,68,20,55,34,45,95,129,238,58,84,20,94,77,5,49,82,61,17,81,19,69,78,59,90,27,60
253,205,97,49,263,74,277,74,75,117,220,303,412,166,145,144,162,450,254,26,112,252,147,106,177,69,181,115,125,310,373,694,144,231,58,283,212,49,63,258,154,45,177,92,239,219,170,264,83,179
466,480,214,87,531,109,567,166,177,192,426,602,1028,344,305,341,367,1066,563,69,273,554,319,225,379,148,372,267,251,725,778,1513,302,476,130,591,527,82,258,306,355,122,385,219,448,485,374,544,222,346
349,313,121,60,339,77,329,95,113,140,311,361,640,230,177,193,269,653,392,39,169,354,215,129,251,79,246,150,170,431,548,953,202,304,72,351,288,61,154,355,112,63,270,142,280,318,232,378,125,227
115,98,37,16,80,16,98,26,26,43,85,131,188,66,55,49,72,187,93,12,56,121,63,37,63,21,72,47,49,133,160,302,54,84,30,111,100,17,45,122,63,14,75,36,86,116,52,115,37,65
368,352,151,76,404,88,384,131,128,173,334,431,667,250,173,200,280,649,425,41,232,397,238,193,285,100,268,183,225,503,565,1039,204,409,93,461,376,81,177,385,270,75,128,149,323,363,267,376,156,253
180,185,73,32,180,42,194,57,60,80,160,198,377,130,107,105,154,359,215,19,90,212,135,70,113,37,131,82,106,243,292,556,116,182,44,184,178,19,92,219,142,36,149,36,161,176,119,193,87,126
433,334,146,67,438,92,400,156,112,173,369,464,715,271,208,215,290,738,415,51,211,400,241,132,256,98,248,212,201,507,598,1143,239,399,88,387,379,69,239,448,280,86,323,161,151,363,267,397,154,270
433,411,169,93,447,110,425,126,135,187,389,592,918,282,254,277,382,819,521,48,233,500,270,191,303,130,312,208,222,615,665,1295,249,467,101,508,438,78,219,485,318,116,363,176,363,243,323,479,163,317
329,264,121,52,311,73,326,116,81,136,280,310,563,199,171,185,231,543,302,45,175,287,194,115,209,79,221,160,160,400,478,908,202,324,63,324,320,59,170,374,232,52,267,119,267,323,112,336,129,218
508,445,220,89,524,104,493,167,186,206,440,591,910,341,269,329,399,920,536,63,298,544,322,216,337,131,315,277,243,640,735,1444,253,472,148,555,474,90,264,544,378,115,376,193,397,479,336,245,202,340
178,167,75,34,191,49,203,51,53,97,158,223,335,129,105,116,138,358,191,21,118,189,121,70,140,55,120,88,88,226,279,542,112,194,45,216,175,27,83,222,125,37,156,87,154,163,129,202,41,129
343,317,140,67,337,68,344,103,118,135,270,374,611,218,167,206,258,610,368,42,193,388,200,143,235,88,230,167,196,417,506,955,207,332,89,359,308,60,179,346,227,65,253,126,270,317,218,340,129,100
