270,434,221,73,483,90,454,180,174,248,446,512,816,344,281,303,368,813,492,79,328,515,369,196,375,145,362,290,319,619,675,1243,238,460,99,522,450,86,259,493,277,110,378,196,438,414,328,508,180,377
434,189,167,90,449,95,436,119,126,163,400,488,821,289,218,240,304,797,428,44,204,436,262,181,282,111,304,206,227,562,663,1217,252,390,93,440,437,77,203,449,321,80,333,173,347,404,271,406,169,269
221,167,31,32,194,47,165,49,63,76,164,214,374,122,98,110,131,359,177,25,96,171,131,69,115,49,151,81,108,276,284,583,97,189,40,218,169,35,97,201,113,34,173,65,149,166,120,234,66,132
73,90,32,3,95,10,71,24,21,29,56,90,150,74,48,44,55,129,71,7,46,75,52,37,71,30,64,38,39,105,95,220,36,82,17,77,78,10,49,95,51,11,67,28,66,56,65,77,33,52
483,449,194,95,292,120,462,156,165,195,430,550,895,340,257,282,351,932,505,85,251,552,308,217,339,134,377,221,248,635,790,1407,292,489,110,516,486,84,260,569,329,82,380,186,434,492,337,554,181,337
90,95,47,10,120,8,92,41,23,40,91,128,200,88,53,59,76,170,103,10,57,119,76,55,72,36,81,55,55,141,152,294,47,107,22,114,96,18,58,116,65,20,93,45,88,75,93,119,42,69
454,436,165,71,462,92,217,156,159,202,415,563,887,312,273,287,354,893,509,58,291,497,302,205,324,139,361,239,216,624,689,1317,271,474,97,479,446,73,255,493,305,94,380,201,405,447,326,475,191,316
180,119,49,24,156,41,156,22,41,71,141,150,291,104,80,72,111,297,139,21,82,153,81,63,116,40,113,80,77,170,219,395,77,169,35,152,166,22,64,146,91,30,136,50,129,156,75,158,54,92
174,126,63,21,165,23,159,41,20,65,127,177,307,106,67,74,118,318,170,18,97,175,73,67,93,38,104,90,69,221,245,463,100,135,29,167,158,21,82,164,109,32,118,67,108,168,97,167,58,126
248,163,76,29,195,40,202,71,65,40,166,214,369,147,110,118,146,370,225,27,124,194,128,81,115,54,138,108,91,244,305,576,100,198,51,207,175,28,105,192,125,43,186,86,158,175,125,188,79,165
446,400,164,56,430,91,415,141,127,166,170,472,733,275,204,234,291,743,455,62,236,423,267,182,265,131,351,231,214,521,652,1183,209,397,96,440,382,65,216,439,282,106,319,156,319,371,248,409,173,298
512,488,214,90,550,128,563,150,177,214,472,315,1007,355,296,309,433,1032,549,76,305,570,327,213,368,132,362,288,268,712,836,1612,345,493,141,587,564,103,293,573,371,109,457,230,468,570,343,639,212,394
816,821,374,150,895,200,887,291,307,369,733,1007,830,578,507,520,674,1542,928,114,532,916,559,371,603,239,601,450,429,1183,1356,2491,507,856,205,966,863,160,494,950,622,185,670,370,737,811,614,877,341,628
344,289,122,74,340,88,312,104,106,147,275,355,578,96,162,191,238,607,375,41,182,356,179,138,216,84,212,180,153,412,513,930,178,327,61,329,335,37,166,349,216,69,292,129,260,281,193,323,120,222
281,218,98,48,257,53,273,80,67,110,204,296,507,162,72,121,177,500,243,31,143,248,168,118,192,75,173,134,131,329,389,782,142,280,64,281,257,41,124,281,152,50,214,101,219,212,148,285,98,205
303,240,110,44,282,59,287,72,74,118,234,309,520,191,121,76,208,528,261,27,159,276,157,112,181,74,183,161,137,354,447,821,157,283,51,301,281,45,144,280,196,49,257,88,230,258,148,297,103,198
368,304,131,55,351,76,354,111,118,146,291,433,674,238,177,208,112,677,345,41,183,389,202,132,244,84,229,163,169,470,570,1022,210,314,83,401,343,62,181,384,218,90,279,131,287,365,226,378,123,233
813,797,359,129,932,170,893,297,318,370,743,1032,1542,607,500,528,677,866,937,111,549,929,559,366,591,216,603,442,434,1161,1428,2543,502,899,213,961,857,151,478,987,608,200,682,384,764,804,558,961,326,648
492,428,177,71,505,103,509,139,170,225,455,549,928,375,243,261,345,937,248,56,314,507,301,204,323,132,349,280,260,657,732,1461,279,476,132,526,492,81,239,534,346,111,362,186,407,470,307,534,184,324
79,44,25,7,85,10,58,21,18,27,62,76,114,41,31,27,41,111,56,3,27,57,38,27,37,13,41,32,26,79,81,191,30,50,11,60,48,4,49,67,38,11,46,21,54,62,30,64,16,36
328,204,96,46,251,57,291,82,97,124,236,305,532,182,143,159,183,549,314,27,63,285,167,124,185,77,171,137,127,361,430,860,147,254,61,247,276,54,140,294,188,60,211,104,217,278,185,299,103,192
515,436,171,75,552,119,497,153,175,194,423,570,916,356,248,276,389,929,507,57,285,272,323,199,350,126,361,279,269,632,767,1468,265,488,141,563,437,77,241,545,359,115,400,171,405,479,292,522,188,352
369,262,131,52,308,76,302,81,73,128,267,327,559,179,168,157,202,559,301,38,167,323,81,124,198,73,198,157,161,363,437,849,158,285,66,329,279,33,152,335,197,64,221,108,239,241,179,321,105,219
196,181,69,37,217,55,205,63,67,81,182,213,371,138,118,112,132,366,204,27,124,199,124,39,125,53,148,96,92,236,289,541,114,178,39,219,192,29,81,204,145,26,151,93,130,196,105,217,80,137
375,282,115,71,339,72,324,116,93,115,265,368,603,216,192,181,244,591,323,37,185,350,198,125,123,103,217,157,177,406,494,933,169,323,72,360,286,52,174,349,223,61,242,124,261,301,223,370,131,205
145,111,49,30,134,36,139,40,38,54,131,132,239,84,75,74,84,216,132,13,77,126,73,53,103,13,85,57,62,160,194,380,67,136,22,133,131,15,69,145,89,28,96,43,102,94,78,139,41,93
362,304,151,64,377,81,361,113,104,138,351,362,601,212,173,183,229,603,349,41,171,361,198,148,217,85,115,170,153,414,507,978,181,316,61,354,324,45,178,393,223,62,263,115,249,302,209,381,119,228
290,206,81,38,221,55,239,80,90,108,231,288,450,180,134,161,163,442,280,32,137,279,157,96,157,57,170,65,126,293,353,716,147,241,45,233,221,38,134,262,150,45,182,81,204,233,143,253,95,160
319,227,108,39,248,55,216,77,69,91,214,268,429,153,131,137,169,434,260,26,127,269,161,92,177,62,153,126,61,290,377,714,142,219,57,247,229,46,142,285,192,42,208,103,207,248,161,255,96,159
619,562,276,105,635,141,624,170,221,244,521,712,1183,412,329,354,470,1161,657,79,361,632,363,236,406,160,414,293,290,395,967,1839,345,615,132,651,594,105,303,697,410,130,485,272,517,616,389,693,244,423
675,663,284,95,790,152,689,219,245,305,652,836,1356,513,389,447,570,1428,732,81,430,767,437,289,494,194,507,353,377,967,581,2105,408,666,166,800,630,139,394,800,540,162,581,289,595,726,490,750,270,513
1243,1217,583,220,1407,294,1317,395,463,576,1183,1612,2491,930,782,821,1022,2543,1461,191,860,1468,849,541,933,380,978,716,714,1839,2105,1913,786,1276,337,1601,1305,232,651,1493,953,272,1046,541,1095,1319,888,1352,480,957
238,252,97,36,292,47,271,77,100,100,209,345,507,178,142,157,210,502,279,30,147,265,158,114,169,67,181,147,142,345,408,786,79,231,79,311,232,34,151,305,198,67,199,115,199,245,145,278,118,178
460,390,189,82,489,107,474,169,135,198,397,493,856,327,280,283,314,899,476,50,254,488,285,178,323,136,316,241,219,615,666,1276,231,219,102,507,451,81,248,491,303,86,356,202,372,418,333,501,180,301
99,93,40,17,110,22,97,35,29,51,96,141,205,61,64,51,83,213,132,11,61,141,66,39,72,22,61,45,57,132,166,337,79,102,10,126,111,17,55,127,70,20,90,40,88,98,83,124,39,74
522,440,218,77,516,114,479,152,167,207,440,587,966,329,281,301,401,961,526,60,247,563,329,219,360,133,354,233,247,651,800,1601,311,507,126,312,514,93,271,607,340,113,402,202,422,505,322,549,203,370
450,437,169,78,486,96,446,166,158,175,382,564,863,335,257,281,343,857,492,48,276,437,279,192,286,131,324,221,229,594,630,1305,232,451,111,514,213,83,252,486,327,94,368,168,340,412,314,488,181,303
86,77,35,10,84,18,73,22,21,28,65,103,160,37,41,45,62,151,81,4,54,77,33,29,52,15,45,38,46,105,139,232,34,81,17,93,83,9,42,100,66,21,63,29,57,79,44,93,29,59
259,203,97,49,260,58,255,64,82,105,216,293,494,166,124,144,181,478,239,49,140,241,152,81,174,69,178,134,142,303,394,651,151,248,55,271,252,42,57,264,162,55,205,86,197,237,149,265,98,171
493,449,201,95,569,116,493,146,164,192,439,573,950,349,281,280,384,987,534,67,294,545,335,204,349,145,393,262,285,697,800,1493,305,491,127,607,486,100,264,283,365,106,379,185,444,466,358,515,188,358
277,321,113,51,329,65,305,91,109,125,282,371,622,216,152,196,218,608,346,38,188,359,197,145,223,89,223,150,192,410,540,953,198,303,70,340,327,66,162,365,112,70,223,108,266,339,209,333,134,232
110,80,34,11,82,20,94,30,32,43,106,109,185,69,50,49,90,200,111,11,60,115,64,26,61,28,62,45,42,130,162,272,67,86,20,113,94,21,55,106,70,10,88,40,70,107,69,121,49,66
378,333,173,67,380,93,380,136,118,186,319,457,670,292,214,257,279,682,362,46,211,400,221,151,242,96,263,182,208,485,581,1046,199,356,90,402,368,63,205,379,223,88,170,147,326,351,228,437,137,254
196,173,65,28,186,45,201,50,67,86,156,230,370,129,101,88,131,384,186,21,104,171,108,93,124,43,115,81,103,272,289,541,115,202,40,202,168,29,86,185,108,40,147,36,168,181,108,216,71,114
438,347,149,66,434,88,405,129,108,158,319,468,737,260,219,230,287,764,407,54,217,405,239,130,261,102,249,204,207,517,595,1095,199,372,88,422,340,57,197,444,266,70,326,168,160,351,225,411,134,283
414,404,166,56,492,75,447,156,168,175,371,570,811,281,212,258,365,804,470,62,278,479,241,196,301,94,302,233,248,616,726,1319,245,418,98,505,412,79,237,466,339,107,351,181,351,201,295,453,153,324
328,271,120,65,337,93,326,75,97,125,248,343,614,193,148,148,226,558,307,30,185,292,179,105,223,78,209,143,161,389,490,888,145,333,83,322,314,44,149,358,209,69,228,108,225,295,94,349,120,240
508,406,234,77,554,119,475,158,167,188,409,639,877,323,285,297,378,961,534,64,299,522,321,217,370,139,381,253,255,693,750,1352,278,501,124,549,488,93,265,515,333,121,437,216,411,453,349,279,193,340
180,169,66,33,181,42,191,54,58,79,173,212,341,120,98,103,123,326,184,16,103,188,105,80,131,41,119,95,96,244,270,480,118,180,39,203,181,29,98,188,134,49,137,71,134,153,120,193,36,133
377,269,132,52,337,69,316,92,126,165,298,394,628,222,205,198,233,648,324,36,192,352,219,137,205,93,228,160,159,423,513,957,178,301,74,370,303,59,171,358,232,66,254,114,283,324,240,340,133,134
