253,407,213,100,465,122,445,184,169,246,408,515,802,360,340,353,370,802,509,54,294,474,348,207,342,148,330,289,288,630,668,1210,242,497,119,495,480,83,227,466,316,114,380,176,383,388,319,481,167,343
407,199,162,66,441,83,432,126,137,166,347,469,747,292,240,223,342,802,468,60,272,486,274,164,299,113,286,183,214,497,701,1225,258,424,97,481,401,84,229,448,266,82,336,156,362,410,269,495,160,274
213,162,30,29,191,48,198,63,58,76,151,218,357,135,97,114,141,383,184,20,100,191,114,77,114,50,120,85,96,233,294,573,108,185,53,203,198,29,97,204,132,33,134,78,162,189,118,200,92,122
100,66,29,7,98,15,73,33,28,33,64,87,135,60,37,47,56,131,84,11,42,80,43,32,60,26,70,45,46,113,106,202,38,76,23,96,66,13,42,78,52,24,51,30,67,77,53,83,22,48
465,441,191,98,269,109,494,137,162,200,414,539,913,319,260,274,346,966,523,68,280,514,289,205,344,123,364,228,271,634,782,1404,284,467,112,521,478,81,241,496,312,101,413,167,426,461,294,516,183,358
122,83,48,15,109,6,88,34,31,52,83,140,199,74,61,61,67,188,114,15,62,113,73,37,76,29,78,63,56,138,166,300,56,105,27,132,82,24,38,98,76,30,79,39,86,92,71,110,31,72
445,432,198,73,494,88,224,158,146,196,399,536,913,318,277,270,312,879,507,49,285,469,304,194,343,144,361,226,233,600,730,1348,267,444,98,493,461,76,210,446,345,105,367,162,395,494,292,505,158,331
184,126,63,33,137,34,158,26,44,62,147,157,253,102,84,86,136,261,166,17,81,161,99,72,103,54,119,70,89,194,227,450,92,152,36,157,163,24,78,167,96,29,123,55,120,143,83,161,55,105
169,137,58,28,162,31,146,44,24,68,137,191,303,110,79,80,124,315,181,19,97,160,98,50,87,36,101,86,89,203,247,475,91,147,35,192,158,19,75,183,98,31,104,54,134,144,88,164,60,112
246,166,76,33,200,52,196,62,68,42,172,227,380,131,130,136,155,389,211,24,95,229,135,79,150,47,126,107,99,268,328,588,113,218,57,241,203,24,97,215,143,53,168,87,178,201,135,227,93,159
408,347,151,64,414,83,399,147,137,172,199,480,737,282,252,256,300,782,433,48,245,430,262,187,294,119,320,240,246,532,678,1159,231,410,100,447,397,78,201,439,287,96,324,155,360,402,263,419,159,288
515,469,218,87,539,140,536,157,191,227,480,304,994,343,288,340,366,1021,534,72,293,551,343,234,388,122,361,255,307,666,817,1454,285,506,116,608,518,89,266,622,337,111,429,213,443,491,331,603,200,395
802,747,357,135,913,199,913,253,303,380,737,994,774,642,488,518,639,1431,919,108,515,941,528,363,598,241,648,413,458,1077,1298,2342,476,799,227,955,840,165,475,892,563,213,610,342,746,807,617,912,345,597
360,292,135,60,319,74,318,102,110,131,282,343,642,115,188,165,241,652,338,41,155,326,207,143,215,78,227,141,170,439,497,969,205,292,81,322,288,42,146,332,230,71,254,118,272,328,216,330,122,215
340,240,97,37,260,61,277,84,79,130,252,288,488,188,62,137,214,491,297,31,142,289,147,112,171,72,183,109,130,328,435,738,164,254,51,272,262,49,131,299,176,53,200,94,216,274,142,310,104,175
353,223,114,47,274,61,270,86,80,136,256,340,518,165,137,77,221,529,280,38,143,286,157,102,149,79,186,135,129,341,445,842,175,253,58,297,264,53,138,295,188,54,225,103,197,265,155,310,99,179
370,342,141,56,346,67,312,136,124,155,300,366,639,241,214,221,127,622,356,45,206,362,211,158,242,87,249,164,195,465,566,994,197,358,92,368,356,61,182,369,239,81,268,129,275,320,207,376,131,233
802,802,383,131,966,188,879,261,315,389,782,1021,1431,652,491,529,622,727,886,112,524,919,507,328,594,238,642,432,480,1023,1316,2344,480,838,205,946,830,141,455,909,575,188,682,334,745,856,570,894,360,597
509,468,184,84,523,114,507,166,181,211,433,534,919,338,297,280,356,886,256,61,261,471,308,231,307,133,318,239,277,634,734,1385,291,501,117,505,469,78,247,501,336,105,377,204,424,479,334,526,190,353
54,60,20,11,68,15,49,17,19,24,48,72,108,41,31,38,45,112,61,5,30,60,46,24,46,12,53,35,30,79,94,180,48,63,12,67,66,18,34,63,40,7,42,27,59,52,49,66,21,46
294,272,100,42,280,62,285,81,97,95,245,293,515,155,142,143,206,524,261,30,79,279,183,109,167,66,171,122,120,311,421,813,167,263,61,281,246,40,129,315,183,53,213,109,220,245,168,292,123,164
474,486,191,80,514,113,469,161,160,229,430,551,941,326,289,286,362,919,471,60,279,271,335,215,337,144,349,227,269,660,792,1440,285,484,107,533,479,103,237,522,348,98,369,192,408,505,369,560,192,350
348,274,114,43,289,73,304,99,98,135,262,343,528,207,147,157,211,507,308,46,183,335,83,143,223,74,201,131,147,378,489,850,184,270,72,297,291,54,150,325,196,58,247,105,271,309,185,342,121,173
207,164,77,32,205,37,194,72,50,79,187,234,363,143,112,102,158,328,231,24,109,215,143,44,147,61,142,90,111,218,314,544,122,187,41,211,176,35,100,190,136,38,152,76,165,206,128,196,73,140
342,299,114,60,344,76,343,103,87,150,294,388,598,215,171,149,242,594,307,46,167,337,223,147,131,87,214,158,144,359,523,988,180,322,71,366,306,60,157,347,198,56,251,130,266,333,197,345,136,226
148,113,50,26,123,29,144,54,36,47,119,122,241,78,72,79,87,238,133,12,66,144,74,61,87,16,90,62,62,133,201,371,76,129,27,122,125,29,65,136,94,30,95,35,108,119,64,127,41,86
330,286,120,70,364,78,361,119,101,126,320,361,648,227,183,186,249,642,318,53,171,349,201,142,214,90,132,162,161,400,491,991,191,354,73,350,312,66,172,348,228,75,266,117,281,330,211,358,115,219
289,183,85,45,228,63,226,70,86,107,240,255,413,141,109,135,164,432,239,35,122,227,131,90,158,62,162,44,116,280,360,698,130,238,56,243,229,41,123,260,147,53,185,86,183,244,147,253,85,162
288,214,96,46,271,56,233,89,89,99,246,307,458,170,130,129,195,480,277,30,120,269,147,111,144,62,161,116,59,326,382,690,125,247,51,253,239,39,123,277,168,47,191,107,207,269,172,247,86,161
630,497,233,113,634,138,600,194,203,268,532,666,1077,439,328,341,465,1023,634,79,311,660,378,218,359,133,400,280,326,403,929,1765,343,624,135,678,575,107,359,623,369,126,485,206,526,574,384,645,225,419
668,701,294,106,782,166,730,227,247,328,678,817,1298,497,435,445,566,1316,734,94,421,792,489,314,523,201,491,360,382,929,594,1992,367,699,163,786,631,134,342,748,471,149,539,292,627,696,509,785,266,494
1210,1225,573,202,1404,300,1348,450,475,588,1159,1454,2342,969,738,842,994,2344,1385,180,813,1440,850,544,988,371,991,698,690,1765,1992,1822,682,1276,316,1443,1252,233,706,1423,893,297,1044,512,1169,1221,929,1337,488,977
242,258,108,38,284,56,267,92,91,113,231,285,476,205,164,175,197,480,291,48,167,285,184,122,180,76,191,130,125,343,367,682,79,277,59,297,234,40,148,287,195,56,179,110,225,254,199,292,96,182
497,424,185,76,467,105,444,152,147,218,410,506,799,292,254,253,358,838,501,63,263,484,270,187,322,129,354,238,247,624,699,1276,277,227,110,499,435,87,257,470,294,104,361,162,396,443,275,511,166,329
119,97,53,23,112,27,98,36,35,57,100,116,227,81,51,58,92,205,117,12,61,107,72,41,71,27,73,56,51,135,163,316,59,110,11,124,114,12,52,119,62,20,88,34,72,93,72,96,49,87
495,481,203,96,521,132,493,157,192,241,447,608,955,322,272,297,368,946,505,67,281,533,297,211,366,122,350,243,253,678,786,1443,297,499,124,256,476,93,261,556,364,139,406,200,416,459,345,573,203,353
480,401,198,66,478,82,461,163,158,203,397,518,840,288,262,264,356,830,469,66,246,479,291,176,306,125,312,229,239,575,631,1252,234,435,114,476,198,90,223,436,315,98,346,156,352,452,291,464,167,308
83,84,29,13,81,24,76,24,19,24,78,89,165,42,49,53,61,141,78,18,40,103,54,35,60,29,66,41,39,107,134,233,40,87,12,93,90,8,36,89,50,15,60,24,58,73,58,89,24,57
227,229,97,42,241,38,210,78,75,97,201,266,475,146,131,138,182,455,247,34,129,237,150,100,157,65,172,123,123,359,342,706,148,257,52,261,223,36,68,275,167,55,197,83,174,245,146,241,88,190
466,448,204,78,496,98,446,167,183,215,439,622,892,332,299,295,369,909,501,63,315,522,325,190,347,136,348,260,277,623,748,1423,287,470,119,556,436,89,275,278,357,102,391,172,429,539,327,560,202,343
316,266,132,52,312,76,345,96,98,143,287,337,563,230,176,188,239,575,336,40,183,348,196,136,198,94,228,147,168,369,471,893,195,294,62,364,315,50,167,357,120,72,243,125,293,299,190,355,122,246
114,82,33,24,101,30,105,29,31,53,96,111,213,71,53,54,81,188,105,7,53,98,58,38,56,30,75,53,47,126,149,297,56,104,20,139,98,15,55,102,72,12,92,37,68,108,58,139,33,73
380,336,134,51,413,79,367,123,104,168,324,429,610,254,200,225,268,682,377,42,213,369,247,152,251,95,266,185,191,485,539,1044,179,361,88,406,346,60,197,391,243,92,143,153,306,355,258,390,119,278
176,156,78,30,167,39,162,55,54,87,155,213,342,118,94,103,129,334,204,27,109,192,105,76,130,35,117,86,107,206,292,512,110,162,34,200,156,24,83,172,125,37,153,33,127,165,114,183,67,118
383,362,162,67,426,86,395,120,134,178,360,443,746,272,216,197,275,745,424,59,220,408,271,165,266,108,281,183,207,526,627,1169,225,396,72,416,352,58,174,429,293,68,306,127,169,376,252,428,169,268
388,410,189,77,461,92,494,143,144,201,402,491,807,328,274,265,320,856,479,52,245,505,309,206,333,119,330,244,269,574,696,1221,254,443,93,459,452,73,245,539,299,108,355,165,376,212,318,479,163,331
319,269,118,53,294,71,292,83,88,135,263,331,617,216,142,155,207,570,334,49,168,369,185,128,197,64,211,147,172,384,509,929,199,275,72,345,291,58,146,327,190,58,258,114,252,318,102,342,117,234
481,495,200,83,516,110,505,161,164,227,419,603,912,330,310,310,376,894,526,66,292,560,342,196,345,127,358,253,247,645,785,1337,292,511,96,573,464,89,241,560,355,139,390,183,428,479,342,272,168,386
167,160,92,22,183,31,158,55,60,93,159,200,345,122,104,99,131,360,190,21,123,192,121,73,136,41,115,85,86,225,266,488,96,166,49,203,167,24,88,202,122,33,119,67,169,163,117,168,37,110
343,274,122,48,358,72,331,105,112,159,288,395,597,215,175,179,233,597,353,46,164,350,173,140,226,86,219,162,161,419,494,977,182,329,87,353,308,57,190,343,246,73,278,118,268,331,234,386,110,141
