257,477,217,85,522,117,481,179,166,233,472,516,830,402,315,340,366,817,479,67,318,532,351,220,358,160,384,284,300,590,709,1185,226,488,105,488,499,71,267,493,326,104,381,195,441,393,343,480,169,378
477,185,143,67,427,91,407,158,124,170,365,464,804,262,225,237,311,834,467,41,230,435,242,170,283,100,285,195,201,564,636,1214,251,381,91,476,411,72,237,454,287,88,369,152,346,403,250,451,173,262
217,143,29,39,213,40,185,58,59,87,152,208,348,135,102,98,141,354,203,24,106,186,121,86,119,42,127,105,85,247,319,575,114,196,45,223,169,40,81,216,135,40,166,72,153,205,117,198,87,130
85,67,39,11,72,14,79,27,24,35,81,91,156,62,40,44,56,151,84,10,49,80,56,34,69,33,62,36,38,100,121,232,46,81,12,108,76,13,39,96,55,22,59,39,75,86,56,94,30,62
522,427,213,72,243,111,482,148,164,203,416,575,967,293,246,273,377,935,489,67,299,490,294,196,333,119,335,237,246,653,777,1453,264,421,110,537,468,89,241,546,359,107,423,195,375,488,280,523,175,385
117,91,40,14,111,5,101,35,29,52,87,143,197,80,44,55,82,175,97,15,70,104,76,50,71,34,79,50,58,150,143,294,50,92,23,136,111,21,59,107,84,24,59,42,88,101,60,110,37,76
481,407,185,79,482,101,242,146,161,191,407,496,907,312,238,259,342,890,460,66,249,494,310,210,354,143,348,239,257,629,708,1324,243,468,106,509,439,82,243,524,299,96,397,192,388,464,306,503,180,329
179,158,58,27,148,35,146,27,43,67,145,175,236,101,84,96,100,256,165,14,68,171,81,62,106,42,100,80,79,160,212,412,81,151,28,165,148,21,78,153,97,31,114,58,111,136,95,163,58,102
166,124,59,24,164,29,161,43,34,64,132,168,301,89,88,84,107,305,164,13,92,150,102,62,114,43,112,80,89,202,236,465,88,155,32,156,156,24,87,167,110,42,129,68,119,161,101,166,70,117
233,170,87,35,203,52,191,67,64,44,178,224,394,157,127,120,157,359,222,25,112,223,139,97,122,53,142,123,116,252,300,524,110,173,35,217,218,24,94,223,140,48,167,73,161,165,115,217,83,155
472,365,152,81,416,87,407,145,132,178,178,477,749,277,223,256,319,714,454,43,258,446,251,189,262,116,309,224,233,540,634,1152,213,355,74,451,427,67,204,435,273,99,341,142,326,348,261,437,154,304
516,464,208,91,575,143,496,175,168,224,477,320,989,320,278,340,379,1013,522,68,285,528,312,213,372,142,366,252,304,694,815,1584,306,521,134,576,509,91,291,596,364,104,422,227,458,523,330,562,189,395
830,804,348,156,967,197,907,236,301,394,749,989,810,567,453,519,653,1421,913,102,507,927,513,361,626,251,603,440,486,1166,1269,2440,505,883,217,1028,816,147,450,1025,618,177,671,345,700,863,580,920,330,639
402,262,135,62,293,80,312,101,89,157,277,320,567,130,161,168,235,568,357,42,181,344,207,153,225,82,212,162,153,389,466,886,178,300,69,339,321,52,133,362,229,71,269,116,264,290,212,348,125,237
315,225,102,40,246,44,238,84,88,127,223,278,453,161,79,132,209,468,263,46,139,273,160,98,166,56,169,142,134,299,371,751,134,227,73,275,220,38,134,304,198,53,201,90,189,250,156,251,104,197
340,237,98,44,273,55,259,96,84,120,256,340,519,168,132,67,209,521,292,34,145,303,165,112,183,66,197,157,150,307,413,826,156,295,62,280,265,44,143,319,209,56,203,111,213,273,179,287,112,191
366,311,141,56,377,82,342,100,107,157,319,379,653,235,209,209,130,654,385,49,194,387,220,162,234,111,243,164,197,469,540,1011,202,328,75,352,338,64,181,380,238,68,284,135,283,333,245,387,122,250
817,834,354,151,935,175,890,256,305,359,714,1013,1421,568,468,521,654,797,909,96,522,924,525,347,604,232,564,432,466,1130,1312,2430,502,836,200,1000,773,159,460,951,628,172,667,365,714,873,558,915,307,618
479,467,203,84,489,97,460,165,164,222,454,522,913,357,263,292,385,909,237,59,270,460,274,204,340,136,339,241,262,633,776,1459,287,422,103,526,480,85,243,552,329,87,415,201,394,448,322,535,168,342
67,41,24,10,67,15,66,14,13,25,43,68,102,42,46,34,49,96,59,3,30,72,39,21,37,20,35,26,20,84,96,168,39,61,13,70,63,10,31,76,33,7,56,30,51,54,35,82,22,47
318,230,106,49,299,70,249,68,92,112,258,285,507,181,139,145,194,522,270,30,67,300,157,121,178,60,173,131,135,351,405,723,142,239,74,266,289,49,134,285,175,59,213,120,221,279,188,274,101,175
532,435,186,80,490,104,494,171,150,223,446,528,927,344,273,303,387,924,460,72,300,287,330,205,361,135,341,252,288,650,734,1402,305,446,100,546,479,72,237,512,323,98,409,193,404,452,288,549,175,358
351,242,121,56,294,76,310,81,102,139,251,312,513,207,160,165,220,525,274,39,157,330,89,119,192,88,212,131,166,361,455,836,155,293,61,342,281,50,167,335,191,67,254,126,239,283,170,305,97,204
220,170,86,34,196,50,210,62,62,97,189,213,361,153,98,112,162,347,204,21,121,205,119,50,150,46,127,96,114,241,296,516,103,190,39,223,166,33,100,237,144,57,157,87,153,187,135,238,63,133
358,283,119,69,333,71,354,106,114,122,262,372,626,225,166,183,234,604,340,37,178,361,192,150,101,69,207,163,177,416,519,906,173,325,68,342,320,47,165,340,213,79,230,139,261,287,197,329,135,208
160,100,42,33,119,34,143,42,43,53,116,142,251,82,56,66,111,232,136,20,60,135,88,46,69,12,63,61,53,158,192,361,70,123,34,128,121,16,61,141,77,21,99,40,103,118,84,148,49,74
384,285,127,62,335,79,348,100,112,142,309,366,603,212,169,197,243,564,339,35,173,341,212,127,207,63,92,145,144,407,518,925,185,317,64,348,330,54,170,365,219,69,247,127,258,327,224,387,127,225
284,195,105,36,237,50,239,80,80,123,224,252,440,162,142,157,164,432,241,26,131,252,131,96,163,61,145,64,108,266,338,684,127,225,57,247,221,42,128,237,149,45,174,108,175,229,159,210,97,172
300,201,85,38,246,58,257,79,89,116,233,304,486,153,134,150,197,466,262,20,135,288,166,114,177,53,144,108,64,290,387,713,117,254,57,266,239,41,121,292,176,54,185,108,209,241,150,245,100,171
590,564,247,100,653,150,629,160,202,252,540,694,1166,389,299,307,469,1130,633,84,351,650,361,241,416,158,407,266,290,415,942,1758,361,581,135,651,577,105,315,659,406,129,502,233,489,581,401,650,231,444
709,636,319,121,777,143,708,212,236,300,634,815,1269,466,371,413,540,1312,776,96,405,734,455,296,519,192,518,338,387,942,555,2013,392,729,144,808,703,111,368,791,522,146,563,274,602,722,474,749,263,515
1185,1214,575,232,1453,294,1324,412,465,524,1152,1584,2440,886,751,826,1011,2430,1459,168,723,1402,836,516,906,361,925,684,713,1758,2013,1855,762,1316,310,1528,1285,239,699,1492,954,269,1030,531,1063,1276,879,1378,523,945
226,251,114,46,264,50,243,81,88,110,213,306,505,178,134,156,202,502,287,39,142,305,155,103,173,70,185,127,117,361,392,762,61,231,58,321,236,39,151,305,184,55,205,91,217,270,155,262,112,174
488,381,196,81,421,92,468,151,155,173,355,521,883,300,227,295,328,836,422,61,239,446,293,190,325,123,317,225,254,581,729,1316,231,212,102,519,432,86,242,489,319,106,405,162,385,441,290,510,170,314
105,91,45,12,110,23,106,28,32,35,74,134,217,69,73,62,75,200,103,13,74,100,61,39,68,34,64,57,57,135,144,310,58,102,11,111,96,21,53,116,84,28,100,42,94,102,62,108,38,75
488,476,223,108,537,136,509,165,156,217,451,576,1028,339,275,280,352,1000,526,70,266,546,342,223,342,128,348,247,266,651,808,1528,321,519,111,270,491,69,268,585,336,103,414,189,435,518,365,562,202,350
499,411,169,76,468,111,439,148,156,218,427,509,816,321,220,265,338,773,480,63,289,479,281,166,320,121,330,221,239,577,703,1285,236,432,96,491,197,79,254,548,327,103,321,179,341,422,297,459,169,331
71,72,40,13,89,21,82,21,24,24,67,91,147,52,38,44,64,159,85,10,49,72,50,33,47,16,54,42,41,105,111,239,39,86,21,69,79,7,38,95,67,16,66,36,75,74,43,69,36,52
267,237,81,39,241,59,243,78,87,94,204,291,450,133,134,143,181,460,243,31,134,237,167,100,165,61,170,128,121,315,368,699,151,242,53,268,254,38,73,256,157,58,175,109,186,229,158,263,88,176
493,454,216,96,546,107,524,153,167,223,435,596,1025,362,304,319,380,951,552,76,285,512,335,237,340,141,365,237,292,659,791,1492,305,489,116,585,548,95,256,262,367,101,409,204,479,488,340,534,203,364
326,287,135,55,359,84,299,97,110,140,273,364,618,229,198,209,238,628,329,33,175,323,191,144,213,77,219,149,176,406,522,954,184,319,84,336,327,67,157,367,116,65,257,123,291,310,195,355,124,235
104,88,40,22,107,24,96,31,42,48,99,104,177,71,53,56,68,172,87,7,59,98,67,57,79,21,69,45,54,129,146,269,55,106,28,103,103,16,58,101,65,8,105,52,83,77,70,102,53,56
381,369,166,59,423,59,397,114,129,167,341,422,671,269,201,203,284,667,415,56,213,409,254,157,230,99,247,174,185,502,563,1030,205,405,100,414,321,66,175,409,257,105,140,157,326,348,257,376,149,262
195,152,72,39,195,42,192,58,68,73,142,227,345,116,90,111,135,365,201,30,120,193,126,87,139,40,127,108,108,233,274,531,91,162,42,189,179,36,109,204,123,52,157,40,171,162,115,216,82,143
441,346,153,75,375,88,388,111,119,161,326,458,700,264,189,213,283,714,394,51,221,404,239,153,261,103,258,175,209,489,602,1063,217,385,94,435,341,75,186,479,291,83,326,171,152,396,237,403,157,293
393,403,205,86,488,101,464,136,161,165,348,523,863,290,250,273,333,873,448,54,279,452,283,187,287,118,327,229,241,581,722,1276,270,441,102,518,422,74,229,488,310,77,348,162,396,219,309,463,149,269
343,250,117,56,280,60,306,95,101,115,261,330,580,212,156,179,245,558,322,35,188,288,170,135,197,84,224,159,150,401,474,879,155,290,62,365,297,43,158,340,195,70,257,115,237,309,83,331,101,214
480,451,198,94,523,110,503,163,166,217,437,562,920,348,251,287,387,915,535,82,274,549,305,238,329,148,387,210,245,650,749,1378,262,510,108,562,459,69,263,534,355,102,376,216,403,463,331,263,170,374
169,173,87,30,175,37,180,58,70,83,154,189,330,125,104,112,122,307,168,22,101,175,97,63,135,49,127,97,100,231,263,523,112,170,38,202,169,36,88,203,124,53,149,82,157,149,101,170,35,140
378,262,130,62,385,76,329,102,117,155,304,395,639,237,197,191,250,618,342,47,175,358,204,133,208,74,225,172,171,444,515,945,174,314,75,350,331,52,176,364,235,56,262,143,293,269,214,374,140,117
