274,473,234,96,474,93,479,175,165,220,445,524,805,395,313,337,375,799,517,72,347,527,338,227,364,152,397,260,283,616,710,1210,239,494,95,504,435,89,232,536,312,107,390,179,474,464,349,514,168,377
473,175,174,61,481,96,390,127,129,201,401,448,752,277,209,237,356,745,455,57,223,467,214,187,278,103,324,205,206,528,690,1156,240,410,83,407,394,69,205,457,279,90,352,149,346,412,240,481,149,318
234,174,37,37,215,37,194,64,83,83,164,231,375,115,97,105,153,367,202,27,120,214,116,73,113,49,128,78,73,250,305,535,96,186,38,208,194,30,93,226,140,29,162,62,160,181,116,234,74,132
96,61,37,4,90,20,87,25,34,35,77,102,154,54,50,53,54,141,75,15,51,90,53,34,57,27,61,43,40,90,117,195,43,65,19,102,75,12,36,87,45,16,57,31,68,78,63,75,25,54
474,481,215,90,253,116,514,140,158,206,441,574,899,343,275,318,367,900,505,69,285,515,311,221,346,135,354,241,244,627,765,1395,245,473,103,567,503,82,251,557,337,99,406,195,422,467,311,508,176,355
93,96,37,20,116,14,118,32,41,60,109,122,230,72,52,79,75,192,114,20,66,116,74,40,74,34,78,70,62,146,171,283,63,111,20,134,94,17,51,124,70,25,81,43,81,103,78,89,36,79
479,390,194,87,514,118,226,153,164,225,438,530,885,311,239,259,362,878,504,65,296,498,275,188,327,125,338,238,262,612,760,1309,266,447,112,541,446,69,256,471,307,109,370,186,363,460,285,473,172,334
175,127,64,25,140,32,153,28,58,67,125,159,275,105,76,82,99,249,156,19,95,184,81,59,104,49,104,55,81,175,239,423,82,150,31,160,139,27,76,162,110,30,110,62,117,151,111,162,70,105
165,129,83,34,158,41,164,58,20,78,130,176,296,108,68,88,122,278,179,18,101,167,107,68,105,47,108,73,93,215,211,418,92,168,24,164,154,23,94,154,107,48,142,56,138,153,105,160,48,112
220,201,83,35,206,60,225,67,78,45,175,192,350,169,117,128,149,366,193,29,118,200,115,89,141,60,154,98,106,256,312,505,109,186,45,197,205,37,98,217,126,40,134,79,196,192,126,232,67,155
445,401,164,77,441,109,438,125,130,175,181,454,781,308,221,273,327,764,413,58,265,446,268,167,272,131,324,215,210,517,674,1110,218,422,94,472,423,65,217,473,274,93,339,167,349,407,265,453,141,272
524,448,231,102,574,122,530,159,176,192,454,323,1075,366,298,305,410,1068,584,76,311,555,330,200,357,158,355,267,245,711,850,1589,299,544,132,577,518,84,287,627,373,135,408,230,445,534,344,609,214,354
805,752,375,154,899,230,885,275,296,350,781,1075,849,561,444,473,687,1483,953,119,515,878,542,344,640,240,621,439,455,1174,1373,2546,501,829,195,1017,807,163,488,968,589,209,671,326,726,845,571,978,313,602
395,277,115,54,343,72,311,105,108,169,308,366,561,94,168,196,235,566,326,55,182,340,207,130,217,85,237,135,163,392,480,908,179,296,67,337,310,41,176,326,238,74,277,111,262,294,207,335,119,228
313,209,97,50,275,52,239,76,68,117,221,298,444,168,74,137,172,435,259,41,155,255,150,103,169,67,160,120,150,325,397,724,138,231,63,242,221,48,141,290,181,52,214,110,217,249,189,277,109,168
337,237,105,53,318,79,259,82,88,128,273,305,473,196,137,80,183,505,281,37,180,285,161,123,188,70,177,140,147,382,425,806,159,275,69,257,250,49,154,285,173,54,245,116,230,291,174,318,114,205
375,356,153,54,367,75,362,99,122,149,327,410,687,235,172,183,155,680,422,49,194,370,197,159,246,86,237,166,204,463,544,1051,221,325,80,390,329,60,169,385,257,88,281,139,311,349,230,394,151,233
799,745,367,141,900,192,878,249,278,366,764,1068,1483,566,435,505,680,835,959,114,478,909,517,344,624,225,620,435,471,1164,1356,2536,492,816,203,963,835,163,438,991,580,182,700,321,753,867,593,964,330,574
517,455,202,75,505,114,504,156,179,193,413,584,953,326,259,281,422,959,247,62,283,478,275,198,349,138,354,210,259,643,806,1434,290,439,128,551,464,87,257,528,325,115,390,202,417,501,319,532,208,337
72,57,27,15,69,20,65,19,18,29,58,76,119,55,41,37,49,114,62,6,29,71,37,24,44,11,36,27,27,85,98,168,35,57,15,76,60,19,21,65,43,8,51,27,50,53,33,64,22,46
347,223,120,51,285,66,296,95,101,118,265,311,515,182,155,180,194,478,283,29,77,275,158,120,192,82,209,126,138,330,411,755,161,247,60,276,268,43,150,309,193,61,229,103,252,255,175,302,102,173
527,467,214,90,515,116,498,184,167,200,446,555,878,340,255,285,370,909,478,71,275,277,292,217,330,129,361,232,267,631,754,1383,288,508,124,601,477,85,260,560,375,111,404,192,403,484,292,517,190,330
338,214,116,53,311,74,275,81,107,115,268,330,542,207,150,161,197,517,275,37,158,292,77,109,181,78,188,143,155,352,444,785,168,313,66,326,268,55,149,305,213,68,244,102,230,289,192,311,102,188
227,187,73,34,221,40,188,59,68,89,167,200,344,130,103,123,159,344,198,24,120,217,109,38,133,53,150,91,106,214,297,555,102,171,35,212,169,38,110,204,135,48,152,85,146,183,104,216,73,130
364,278,113,57,346,74,327,104,105,141,272,357,640,217,169,188,246,624,349,44,192,330,181,133,96,71,222,153,167,399,530,911,180,306,60,353,325,57,181,353,206,70,278,121,228,313,212,363,111,218
152,103,49,27,135,34,125,49,47,60,131,158,240,85,67,70,86,225,138,11,82,129,78,53,71,17,73,70,82,167,202,346,65,127,31,143,139,19,67,136,81,29,99,43,96,114,81,146,51,95
397,324,128,61,354,78,338,104,108,154,324,355,621,237,160,177,237,620,354,36,209,361,188,150,222,73,121,161,178,434,570,932,190,300,73,386,348,55,172,402,211,74,273,132,255,321,203,390,123,226
260,205,78,43,241,70,238,55,73,98,215,267,439,135,120,140,166,435,210,27,126,232,143,91,153,70,161,62,119,279,370,655,114,246,51,247,234,36,107,241,138,41,183,92,170,222,133,255,87,163
283,206,73,40,244,62,262,81,93,106,210,245,455,163,150,147,204,471,259,27,138,267,155,106,167,82,178,119,76,304,368,709,134,262,46,265,252,34,119,255,169,57,205,85,210,230,147,278,100,158
616,528,250,90,627,146,612,175,215,256,517,711,1174,392,325,382,463,1164,643,85,330,631,352,214,399,167,434,279,304,427,967,1892,365,541,136,686,574,101,293,657,436,127,503,266,490,607,388,665,257,400
710,690,305,117,765,171,760,239,211,312,674,850,1373,480,397,425,544,1356,806,98,411,754,444,297,530,202,570,370,368,967,607,2012,423,724,192,831,695,125,383,841,511,169,571,303,625,713,477,755,295,529
1210,1156,535,195,1395,283,1309,423,418,505,1110,1589,2546,908,724,806,1051,2536,1434,168,755,1383,785,555,911,346,932,655,709,1892,2012,1919,720,1271,292,1553,1274,267,680,1508,986,292,1104,547,1094,1304,902,1474,461,937
239,240,96,43,245,63,266,82,92,109,218,299,501,179,138,159,221,492,290,35,161,288,168,102,180,65,190,114,134,365,423,720,75,244,63,289,256,49,136,299,187,58,221,109,230,279,174,319,97,177
494,410,186,65,473,111,447,150,168,186,422,544,829,296,231,275,325,816,439,57,247,508,313,171,306,127,300,246,262,541,724,1271,244,196,97,497,442,71,267,525,325,102,359,180,361,461,310,463,165,319
95,83,38,19,103,20,112,31,24,45,94,132,195,67,63,69,80,203,128,15,60,124,66,35,60,31,73,51,46,136,192,292,63,97,10,109,122,21,56,134,79,29,100,37,82,124,69,117,26,77
504,407,208,102,567,134,541,160,164,197,472,577,1017,337,242,257,390,963,551,76,276,601,326,212,353,143,386,247,265,686,831,1553,289,497,109,257,504,93,252,655,357,116,398,192,437,510,326,583,212,365
435,394,194,75,503,94,446,139,154,205,423,518,807,310,221,250,329,835,464,60,268,477,268,169,325,139,348,234,252,574,695,1274,256,442,122,504,220,73,230,490,305,102,342,155,383,451,277,483,164,304
89,69,30,12,82,17,69,27,23,37,65,84,163,41,48,49,60,163,87,19,43,85,55,38,57,19,55,36,34,101,125,267,49,71,21,93,73,4,41,103,59,17,84,21,64,58,56,88,37,53
232,205,93,36,251,51,256,76,94,98,217,287,488,176,141,154,169,438,257,21,150,260,149,110,181,67,172,107,119,293,383,680,136,267,56,252,230,41,55,275,183,44,192,107,225,262,151,250,108,181
536,457,226,87,557,124,471,162,154,217,473,627,968,326,290,285,385,991,528,65,309,560,305,204,353,136,402,241,255,657,841,1508,299,525,134,655,490,103,275,276,372,123,398,183,429,481,329,534,187,363
312,279,140,45,337,70,307,110,107,126,274,373,589,238,181,173,257,580,325,43,193,375,213,135,206,81,211,138,169,436,511,986,187,325,79,357,305,59,183,372,99,81,256,137,299,307,202,355,117,212
107,90,29,16,99,25,109,30,48,40,93,135,209,74,52,54,88,182,115,8,61,111,68,48,70,29,74,41,57,127,169,292,58,102,29,116,102,17,44,123,81,6,88,48,87,101,65,111,36,70
390,352,162,57,406,81,370,110,142,134,339,408,671,277,214,245,281,700,390,51,229,404,244,152,278,99,273,183,205,503,571,1104,221,359,100,398,342,84,192,398,256,88,121,146,330,351,258,395,161,268
179,149,62,31,195,43,186,62,56,79,167,230,326,111,110,116,139,321,202,27,103,192,102,85,121,43,132,92,85,266,303,547,109,180,37,192,155,21,107,183,137,48,146,35,143,206,120,212,80,122
474,346,160,68,422,81,363,117,138,196,349,445,726,262,217,230,311,753,417,50,252,403,230,146,228,96,255,170,210,490,625,1094,230,361,82,437,383,64,225,429,299,87,330,143,148,390,225,428,147,288
464,412,181,78,467,103,460,151,153,192,407,534,845,294,249,291,349,867,501,53,255,484,289,183,313,114,321,222,230,607,713,1304,279,461,124,510,451,58,262,481,307,101,351,206,390,212,316,460,192,346
349,240,116,63,311,78,285,111,105,126,265,344,571,207,189,174,230,593,319,33,175,292,192,104,212,81,203,133,147,388,477,902,174,310,69,326,277,56,151,329,202,65,258,120,225,316,120,310,107,213
514,481,234,75,508,89,473,162,160,232,453,609,978,335,277,318,394,964,532,64,302,517,311,216,363,146,390,255,278,665,755,1474,319,463,117,583,483,88,250,534,355,111,395,212,428,460,310,274,183,383
168,149,74,25,176,36,172,70,48,67,141,214,313,119,109,114,151,330,208,22,102,190,102,73,111,51,123,87,100,257,295,461,97,165,26,212,164,37,108,187,117,36,161,80,147,192,107,183,28,128
377,318,132,54,355,79,334,105,112,155,272,354,602,228,168,205,233,574,337,46,173,330,188,130,218,95,226,163,158,400,529,937,177,319,77,365,304,53,181,363,212,70,268,122,288,346,213,383,128,108
