267,478,203,97,537,119,479,168,172,252,420,566,833,383,325,369,363,812,501,72,343,511,341,195,306,144,377,276,306,655,732,1226,275,500,111,539,486,92,241,475,295,102,374,195,450,454,333,490,180,352
478,165,153,75,449,101,414,123,137,174,376,475,865,316,218,240,333,825,451,54,236,500,241,177,264,97,278,196,227,498,641,1215,247,400,88,469,412,80,210,449,268,88,348,155,351,447,283,471,139,299
203,153,36,41,207,50,207,58,78,91,182,215,372,128,108,104,159,355,184,27,113,229,114,77,123,44,139,98,108,232,317,584,116,204,54,208,220,31,103,204,135,42,155,84,164,189,128,219,73,133
97,75,41,7,90,24,79,25,27,39,73,96,148,74,48,46,68,147,88,9,57,89,50,34,70,15,67,52,44,105,129,221,51,75,20,103,81,13,41,97,55,13,64,27,80,78,60,82,29,62
537,449,207,90,274,117,491,153,155,210,442,559,939,336,265,318,388,973,510,58,299,528,306,221,371,138,366,213,241,686,802,1450,302,464,106,573,512,78,258,543,370,103,382,167,406,466,326,496,164,339
119,101,50,24,117,13,108,28,32,45,111,119,197,85,66,68,79,209,132,15,79,116,76,45,90,23,86,69,68,151,181,283,61,100,31,131,108,19,60,108,81,28,84,43,112,108,73,132,39,80
479,414,207,79,491,108,235,152,161,193,411,546,865,337,255,304,366,904,483,61,286,485,300,209,320,131,366,251,250,621,733,1354,272,459,108,537,467,83,272,508,307,100,365,175,413,437,302,485,171,340
168,123,58,25,153,28,152,19,44,66,115,161,268,91,72,76,109,274,131,20,78,142,102,54,92,27,92,80,68,175,244,435,85,147,27,156,134,34,71,171,105,35,94,46,123,149,90,152,54,102
172,137,78,27,155,32,161,44,32,61,140,194,266,116,90,98,129,273,171,20,77,160,103,65,101,44,117,74,72,214,242,459,92,164,41,174,146,24,88,164,110,31,118,60,131,144,101,194,63,106
252,174,91,39,210,45,193,66,61,41,176,236,313,136,107,117,153,315,193,25,129,205,137,66,135,36,141,103,103,244,310,557,107,203,43,199,184,35,82,188,126,38,144,72,162,177,128,196,71,145
420,376,182,73,442,111,411,115,140,176,178,495,748,290,221,233,307,731,413,47,260,442,258,164,301,93,300,195,224,555,636,1161,233,408,89,453,382,77,188,454,282,106,323,152,362,399,305,429,127,300
566,475,215,96,559,119,546,161,194,236,495,334,1077,379,311,297,435,1041,530,75,298,573,300,220,368,125,348,241,278,780,864,1674,316,496,139,662,490,82,292,630,364,112,438,228,447,532,378,580,186,348
833,865,372,148,939,197,865,268,266,313,748,1077,853,547,502,543,639,1527,913,109,512,926,539,349,609,236,606,451,436,1167,1333,2577,482,860,228,984,858,139,430,955,555,181,703,339,700,847,579,887,328,605
383,316,128,74,336,85,337,91,116,136,290,379,547,106,179,187,259,602,310,37,186,317,205,137,216,76,212,153,171,379,497,866,187,313,72,349,303,52,161,353,194,58,238,125,265,282,233,332,113,223
325,218,108,48,265,66,255,72,90,107,221,311,502,179,87,152,190,482,258,33,137,252,188,95,183,69,154,116,114,317,389,750,160,250,62,264,262,38,137,262,163,56,194,94,209,200,179,286,116,202
369,240,104,46,318,68,304,76,98,117,233,297,543,187,152,98,226,516,297,27,157,309,194,109,189,84,200,138,108,338,453,834,165,272,63,316,284,45,145,300,179,62,234,117,234,262,188,297,118,224
363,333,159,68,388,79,366,109,129,153,307,435,639,259,190,226,142,666,330,43,192,363,210,154,223,100,261,171,178,454,554,1036,204,353,75,407,344,64,185,389,234,80,280,150,311,303,243,387,137,253
812,825,355,147,973,209,904,274,273,315,731,1041,1527,602,482,516,666,817,940,104,508,965,576,330,607,263,641,432,444,1155,1340,2547,484,884,194,970,825,160,456,990,591,192,662,346,729,813,573,894,343,561
501,451,184,88,510,132,483,131,171,193,413,530,913,310,258,297,330,940,218,65,266,457,297,195,345,126,332,220,264,629,750,1452,289,485,99,506,476,75,256,522,343,84,362,234,422,467,337,561,176,343
72,54,27,9,58,15,61,20,20,25,47,75,109,37,33,27,43,104,65,0,22,64,35,22,39,12,43,25,31,65,98,184,41,47,15,59,51,13,30,77,47,14,51,21,45,57,42,60,23,40
343,236,113,57,299,79,286,78,77,129,260,298,512,186,137,157,192,508,266,22,78,280,177,92,184,63,170,151,136,311,414,818,177,278,64,290,271,39,127,291,183,42,246,107,213,275,175,296,107,195
511,500,229,89,528,116,485,142,160,205,442,573,926,317,252,309,363,965,457,64,280,236,303,212,360,129,320,230,278,638,761,1397,287,480,103,527,477,80,263,562,340,107,351,201,411,471,354,540,161,348
341,241,114,50,306,76,300,102,103,137,258,300,539,205,188,194,210,576,297,35,177,303,85,118,178,79,183,139,136,363,463,806,177,265,73,282,307,52,145,321,189,52,236,105,249,280,191,298,122,223
195,177,77,34,221,45,209,54,65,66,164,220,349,137,95,109,154,330,195,22,92,212,118,46,147,60,137,98,110,242,300,568,99,194,36,219,193,37,79,220,135,34,159,79,166,185,130,208,75,113
306,264,123,70,371,90,320,92,101,135,301,368,609,216,183,189,223,607,345,39,184,360,178,147,101,80,207,164,149,422,512,941,182,305,69,309,310,67,157,382,226,67,252,119,225,314,206,344,119,228
144,97,44,15,138,23,131,27,44,36,93,125,236,76,69,84,100,263,126,12,63,129,79,60,80,14,70,49,58,153,204,364,72,116,24,116,133,19,56,122,71,33,110,50,110,112,64,143,53,85
377,278,139,67,366,86,366,92,117,141,300,348,606,212,154,200,261,641,332,43,170,320,183,137,207,70,104,167,160,393,499,953,171,327,62,337,311,55,153,356,224,74,289,128,257,290,211,368,129,214
276,196,98,52,213,69,251,80,74,103,195,241,451,153,116,138,171,432,220,25,151,230,139,98,164,49,167,55,114,272,362,664,128,249,51,240,240,43,118,250,146,56,173,87,183,228,134,250,75,173
306,227,108,44,241,68,250,68,72,103,224,278,436,171,114,108,178,444,264,31,136,278,136,110,149,58,160,114,60,306,382,726,147,266,55,258,231,45,127,250,169,44,179,95,185,254,146,271,89,164
655,498,232,105,686,151,621,175,214,244,555,780,1167,379,317,338,454,1155,629,65,311,638,363,242,422,153,393,272,306,388,939,1777,336,638,136,682,589,108,323,711,407,138,504,262,531,559,399,640,237,419
732,641,317,129,802,181,733,244,242,310,636,864,1333,497,389,453,554,1340,750,98,414,761,463,300,512,204,499,362,382,939,614,2102,413,748,186,794,719,138,383,801,513,179,584,298,613,679,493,785,275,540
1226,1215,584,221,1450,283,1354,435,459,557,1161,1674,2577,866,750,834,1036,2547,1452,184,818,1397,806,568,941,364,953,664,726,1777,2102,1958,717,1235,327,1622,1344,250,746,1490,942,286,1048,573,1094,1254,886,1397,484,950
275,247,116,51,302,61,272,85,92,107,233,316,482,187,160,165,204,484,289,41,177,287,177,99,182,72,171,128,147,336,413,717,79,255,58,291,285,50,134,308,206,55,212,120,205,247,171,274,89,220
500,400,204,75,464,100,459,147,164,203,408,496,860,313,250,272,353,884,485,47,278,480,265,194,305,116,327,249,266,638,748,1235,255,209,128,498,420,96,236,503,299,101,377,159,393,450,298,463,168,320
111,88,54,20,106,31,108,27,41,43,89,139,228,72,62,63,75,194,99,15,64,103,73,36,69,24,62,51,55,136,186,327,58,128,16,124,103,13,56,116,80,21,85,42,78,108,62,125,44,80
539,469,208,103,573,131,537,156,174,199,453,662,984,349,264,316,407,970,506,59,290,527,282,219,309,116,337,240,258,682,794,1622,291,498,124,284,524,102,290,577,345,109,433,193,410,501,365,557,202,331
486,412,220,81,512,108,467,134,146,184,382,490,858,303,262,284,344,825,476,51,271,477,307,193,310,133,311,240,231,589,719,1344,285,420,103,524,190,83,232,491,287,85,351,159,393,440,332,421,160,312
92,80,31,13,78,19,83,34,24,35,77,82,139,52,38,45,64,160,75,13,39,80,52,37,67,19,55,43,45,108,138,250,50,96,13,102,83,6,47,104,53,16,82,29,66,73,52,101,29,52
241,210,103,41,258,60,272,71,88,82,188,292,430,161,137,145,185,456,256,30,127,263,145,79,157,56,153,118,127,323,383,746,134,236,56,290,232,47,70,311,178,48,192,97,226,239,167,263,88,161
475,449,204,97,543,108,508,171,164,188,454,630,955,353,262,300,389,990,522,77,291,562,321,220,382,122,356,250,250,711,801,1490,308,503,116,577,491,104,311,251,338,129,398,214,436,499,351,506,185,351
295,268,135,55,370,81,307,105,110,126,282,364,555,194,163,179,234,591,343,47,183,340,189,135,226,71,224,146,169,407,513,942,206,299,80,345,287,53,178,338,101,68,232,125,261,289,209,335,133,229
102,88,42,13,103,28,100,35,31,38,106,112,181,58,56,62,80,192,84,14,42,107,52,34,67,33,74,56,44,138,179,286,55,101,21,109,85,16,48,129,68,11,82,37,77,99,72,109,25,65
374,348,155,64,382,84,365,94,118,144,323,438,703,238,194,234,280,662,362,51,246,351,236,159,252,110,289,173,179,504,584,1048,212,377,85,433,351,82,192,398,232,82,147,159,297,346,230,400,119,261
195,155,84,27,167,43,175,46,60,72,152,228,339,125,94,117,150,346,234,21,107,201,105,79,119,50,128,87,95,262,298,573,120,159,42,193,159,29,97,214,125,37,159,36,145,196,110,206,56,119
450,351,164,80,406,112,413,123,131,162,362,447,700,265,209,234,311,729,422,45,213,411,249,166,225,110,257,183,185,531,613,1094,205,393,78,410,393,66,226,436,261,77,297,145,157,384,284,405,152,282
454,447,189,78,466,108,437,149,144,177,399,532,847,282,200,262,303,813,467,57,275,471,280,185,314,112,290,228,254,559,679,1254,247,450,108,501,440,73,239,499,289,99,346,196,384,213,305,483,180,330
333,283,128,60,326,73,302,90,101,128,305,378,579,233,179,188,243,573,337,42,175,354,191,130,206,64,211,134,146,399,493,886,171,298,62,365,332,52,167,351,209,72,230,110,284,305,111,327,135,207
490,471,219,82,496,132,485,152,194,196,429,580,887,332,286,297,387,894,561,60,296,540,298,208,344,143,368,250,271,640,785,1397,274,463,125,557,421,101,263,506,335,109,400,206,405,483,327,258,176,338
180,139,73,29,164,39,171,54,63,71,127,186,328,113,116,118,137,343,176,23,107,161,122,75,119,53,129,75,89,237,275,484,89,168,44,202,160,29,88,185,133,25,119,56,152,180,135,176,29,120
352,299,133,62,339,80,340,102,106,145,300,348,605,223,202,224,253,561,343,40,195,348,223,113,228,85,214,173,164,419,540,950,220,320,80,331,312,52,161,351,229,65,261,119,282,330,207,338,120,119
