269,473,215,92,492,118,460,187,157,238,462,538,841,406,359,345,362,888,504,93,312,511,356,236,387,154,393,285,306,611,688,1220,273,491,100,539,495,73,253,495,321,109,363,183,461,417,328,523,160,360
473,199,172,75,398,115,426,136,146,176,379,475,863,261,247,258,311,832,452,60,223,481,251,176,291,125,309,213,216,564,660,1239,239,386,99,463,417,86,231,457,279,91,351,166,350,444,289,451,184,300
215,172,29,35,212,48,174,65,64,87,157,199,370,122,111,120,137,396,200,30,125,194,128,75,122,52,137,82,93,244,292,600,107,191,41,201,181,27,92,216,133,40,149,81,165,186,127,195,77,142
92,75,35,7,91,18,64,31,28,26,66,91,137,60,45,49,77,145,92,12,55,84,58,35,58,23,76,39,42,112,143,234,40,79,16,96,79,15,49,83,51,21,37,32,63,77,68,82,28,60
492,398,212,91,241,114,476,181,140,211,450,570,953,308,263,279,378,929,529,57,293,534,314,202,329,132,329,226,238,618,779,1466,312,470,112,538,524,77,280,572,329,107,369,198,418,477,336,536,188,342
118,115,48,18,114,12,103,32,36,41,89,128,193,74,57,53,86,187,135,17,59,125,77,56,82,29,90,53,62,144,158,306,57,108,16,132,96,21,65,121,81,33,65,33,99,105,86,113,37,67
460,426,174,64,476,103,224,152,156,195,385,542,896,309,251,271,368,895,528,68,287,486,288,194,349,130,375,228,233,628,749,1365,263,451,107,525,426,86,259,520,336,122,348,191,390,455,303,516,171,331
187,136,65,31,181,32,152,25,52,78,141,158,285,107,75,96,118,267,143,24,74,166,89,52,84,30,89,86,84,181,233,418,80,152,29,173,155,25,84,167,90,24,128,52,127,138,93,146,66,109
157,146,64,28,140,36,156,52,22,65,127,189,284,111,87,80,121,290,168,14,78,183,87,70,103,36,111,70,78,206,254,480,97,150,35,142,167,30,90,189,103,36,124,53,130,142,98,154,58,109
238,176,87,26,211,41,195,78,65,44,172,218,358,139,139,141,160,383,221,30,127,222,146,88,154,52,139,104,105,292,312,516,101,190,41,211,173,43,97,226,146,46,151,68,183,207,130,233,68,133
462,379,157,66,450,89,385,141,127,172,176,489,756,267,237,264,325,791,451,57,274,447,240,167,279,99,287,204,230,546,639,1151,214,390,97,457,373,91,227,453,264,97,327,160,341,436,264,431,178,300
538,475,199,91,570,128,542,158,189,218,489,305,1021,315,269,290,413,1055,579,72,305,593,326,208,357,133,368,240,293,713,809,1570,292,532,114,629,511,96,235,585,400,114,420,222,454,557,367,599,207,375
841,863,370,137,953,193,896,285,284,358,756,1021,869,566,473,536,673,1521,959,103,515,930,554,342,649,202,605,424,440,1242,1370,2538,470,861,205,980,834,170,456,1001,609,180,717,355,724,907,587,963,344,590
406,261,122,60,308,74,309,107,111,139,267,315,566,91,164,187,244,601,316,45,183,353,198,132,202,74,224,168,147,367,497,908,156,303,86,328,299,60,182,333,213,68,246,105,210,333,204,323,135,245
359,247,111,45,263,57,251,75,87,139,237,269,473,164,67,137,194,478,279,27,141,275,178,92,196,73,187,123,134,347,421,745,152,236,63,276,248,36,137,319,176,43,222,93,199,260,178,286,98,186
345,258,120,49,279,53,271,96,80,141,264,290,536,187,137,75,213,521,286,30,153,288,175,120,199,81,218,131,128,361,460,808,179,264,74,306,279,47,164,323,186,61,205,101,232,295,181,310,111,191
362,311,137,77,378,86,368,118,121,160,325,413,673,244,194,213,141,717,381,48,198,362,229,155,241,83,238,150,178,451,544,1062,236,352,86,383,340,60,200,420,232,87,270,156,278,354,219,374,146,224
888,832,396,145,929,187,895,267,290,383,791,1055,1521,601,478,521,717,840,912,106,522,944,511,356,623,212,664,403,474,1171,1379,2534,479,860,212,992,814,156,468,972,575,189,697,351,733,831,588,931,351,608
504,452,200,92,529,135,528,143,168,221,451,579,959,316,279,286,381,912,239,61,255,484,307,230,343,118,313,221,245,654,772,1431,280,486,120,528,458,99,243,567,336,102,388,204,421,500,296,536,186,363
93,60,30,12,57,17,68,24,14,30,57,72,103,45,27,30,48,106,61,2,20,79,44,27,46,23,50,26,35,67,109,180,33,51,18,56,64,8,33,76,46,14,57,19,65,58,48,70,29,45
312,223,125,55,293,59,287,74,78,127,274,305,515,183,141,153,198,522,255,20,81,262,148,112,180,60,183,116,136,357,410,783,144,261,68,267,237,43,114,303,194,52,219,105,221,272,175,302,100,200
511,481,194,84,534,125,486,166,183,222,447,593,930,353,275,288,362,944,484,79,262,274,317,217,343,136,373,231,238,624,783,1431,275,474,134,530,457,78,267,558,387,96,377,195,432,477,342,520,204,365
356,251,128,58,314,77,288,89,87,146,240,326,554,198,178,175,229,511,307,44,148,317,97,128,183,86,224,138,147,365,457,829,167,289,54,293,272,43,134,328,186,65,241,113,249,270,179,309,109,201
236,176,75,35,202,56,194,52,70,88,167,208,342,132,92,120,155,356,230,27,112,217,128,37,127,63,148,105,105,247,298,565,120,192,40,201,177,32,108,222,151,47,158,64,149,203,112,218,68,137
387,291,122,58,329,82,349,84,103,154,279,357,649,202,196,199,241,623,343,46,180,343,183,127,107,99,228,157,178,448,522,966,186,265,67,344,288,43,156,364,222,63,260,128,251,298,213,389,120,237
154,125,52,23,132,29,130,30,36,52,99,133,202,74,73,81,83,212,118,23,60,136,86,63,99,20,74,62,56,166,191,355,70,116,33,123,123,16,57,146,83,19,100,48,104,94,76,132,60,95
393,309,137,76,329,90,375,89,111,139,287,368,605,224,187,218,238,664,313,50,183,373,224,148,228,74,114,168,161,418,471,992,194,326,90,347,343,54,161,388,224,72,281,142,293,302,206,371,148,249
285,213,82,39,226,53,228,86,70,104,204,240,424,168,123,131,150,403,221,26,116,231,138,105,157,62,168,54,125,264,379,699,130,191,52,239,239,28,114,256,150,57,183,76,181,195,154,261,96,171
306,216,93,42,238,62,233,84,78,105,230,293,440,147,134,128,178,474,245,35,136,238,147,105,178,56,161,125,63,325,351,688,132,200,64,257,223,38,141,269,164,53,187,78,220,215,157,269,96,172
611,564,244,112,618,144,628,181,206,292,546,713,1242,367,347,361,451,1171,654,67,357,624,365,247,448,166,418,264,325,367,1028,1894,362,552,141,617,615,98,332,731,424,145,502,252,506,608,392,686,282,432
688,660,292,143,779,158,749,233,254,312,639,809,1370,497,421,460,544,1379,772,109,410,783,457,298,522,191,471,379,351,1028,584,2101,427,730,180,816,705,132,372,835,528,154,563,317,592,678,487,767,287,545
1220,1239,600,234,1466,306,1365,418,480,516,1151,1570,2538,908,745,808,1062,2534,1431,180,783,1431,829,565,966,355,992,699,688,1894,2101,1912,750,1319,347,1624,1318,251,723,1589,911,303,1139,582,1126,1338,922,1475,522,957
273,239,107,40,312,57,263,80,97,101,214,292,470,156,152,179,236,479,280,33,144,275,167,120,186,70,194,130,132,362,427,750,72,250,63,317,252,42,141,302,185,52,227,100,215,244,179,280,96,186
491,386,191,79,470,108,451,152,150,190,390,532,861,303,236,264,352,860,486,51,261,474,289,192,265,116,326,191,200,552,730,1319,250,213,108,507,476,66,252,487,329,110,346,169,368,418,297,496,177,345
100,99,41,16,112,16,107,29,35,41,97,114,205,86,63,74,86,212,120,18,68,134,54,40,67,33,90,52,64,141,180,347,63,108,6,135,123,19,48,120,91,17,89,33,106,118,81,101,37,79
539,463,201,96,538,132,525,173,142,211,457,629,980,328,276,306,383,992,528,56,267,530,293,201,344,123,347,239,257,617,816,1624,317,507,135,258,519,76,281,592,347,86,403,213,440,499,296,577,211,362
495,417,181,79,524,96,426,155,167,173,373,511,834,299,248,279,340,814,458,64,237,457,272,177,288,123,343,239,223,615,705,1318,252,476,123,519,234,84,226,517,311,103,348,189,333,426,313,461,155,316
73,86,27,15,77,21,86,25,30,43,91,96,170,60,36,47,60,156,99,8,43,78,43,32,43,16,54,28,38,98,132,251,42,66,19,76,84,8,43,96,58,15,76,32,60,80,49,78,28,56
253,231,92,49,280,65,259,84,90,97,227,235,456,182,137,164,200,468,243,33,114,267,134,108,156,57,161,114,141,332,372,723,141,252,48,281,226,43,67,259,161,48,187,91,198,221,157,240,88,170
495,457,216,83,572,121,520,167,189,226,453,585,1001,333,319,323,420,972,567,76,303,558,328,222,364,146,388,256,269,731,835,1589,302,487,120,592,517,96,259,290,361,122,392,218,450,508,341,580,200,356
321,279,133,51,329,81,336,90,103,146,264,400,609,213,176,186,232,575,336,46,194,387,186,151,222,83,224,150,164,424,528,911,185,329,91,347,311,58,161,361,115,64,258,142,268,278,215,359,115,206
109,91,40,21,107,33,122,24,36,46,97,114,180,68,43,61,87,189,102,14,52,96,65,47,63,19,72,57,53,145,154,303,52,110,17,86,103,15,48,122,64,10,81,39,86,99,69,116,28,91
363,351,149,37,369,65,348,128,124,151,327,420,717,246,222,205,270,697,388,57,219,377,241,158,260,100,281,183,187,502,563,1139,227,346,89,403,348,76,187,392,258,81,137,131,295,395,261,390,129,254
183,166,81,32,198,33,191,52,53,68,160,222,355,105,93,101,156,351,204,19,105,195,113,64,128,48,142,76,78,252,317,582,100,169,33,213,189,32,91,218,142,39,131,39,155,189,118,201,66,130
461,350,165,63,418,99,390,127,130,183,341,454,724,210,199,232,278,733,421,65,221,432,249,149,251,104,293,181,220,506,592,1126,215,368,106,440,333,60,198,450,268,86,295,155,169,366,245,435,141,269
417,444,186,77,477,105,455,138,142,207,436,557,907,333,260,295,354,831,500,58,272,477,270,203,298,94,302,195,215,608,678,1338,244,418,118,499,426,80,221,508,278,99,395,189,366,189,309,519,171,320
328,289,127,68,336,86,303,93,98,130,264,367,587,204,178,181,219,588,296,48,175,342,179,112,213,76,206,154,157,392,487,922,179,297,81,296,313,49,157,341,215,69,261,118,245,309,87,324,130,201
523,451,195,82,536,113,516,146,154,233,431,599,963,323,286,310,374,931,536,70,302,520,309,218,389,132,371,261,269,686,767,1475,280,496,101,577,461,78,240,580,359,116,390,201,435,519,324,293,186,369
160,184,77,28,188,37,171,66,58,68,178,207,344,135,98,111,146,351,186,29,100,204,109,68,120,60,148,96,96,282,287,522,96,177,37,211,155,28,88,200,115,28,129,66,141,171,130,186,26,118
360,300,142,60,342,67,331,109,109,133,300,375,590,245,186,191,224,608,363,45,200,365,201,137,237,95,249,171,172,432,545,957,186,345,79,362,316,56,170,356,206,91,254,130,269,320,201,369,118,126
