244,435,197,100,507,110,453,174,173,217,451,486,800,371,329,336,355,838,520,74,348,513,338,210,364,144,379,299,292,583,680,1107,246,451,99,505,464,88,227,514,341,106,355,174,423,419,326,462,179,345
435,182,162,69,432,97,391,141,126,196,368,504,762,298,219,230,326,765,435,62,239,409,248,167,266,113,258,204,219,538,665,1212,233,378,96,465,436,69,201,488,293,103,326,180,340,389,270,441,140,319
197,162,34,37,187,46,176,64,59,72,147,233,375,130,102,113,146,352,187,22,121,216,123,72,141,56,129,77,117,234,293,585,109,178,44,195,186,32,93,215,128,30,172,88,185,195,140,221,71,132
100,69,37,5,74,11,81,22,23,33,65,111,158,63,30,44,49,161,91,11,64,92,44,34,64,30,59,38,43,93,128,209,37,73,23,76,84,18,44,91,53,20,58,40,81,73,64,81,30,58
507,432,187,74,224,118,525,139,183,207,422,518,855,307,263,303,383,897,543,58,275,495,285,213,319,124,322,227,281,612,722,1415,285,473,137,551,480,97,241,542,363,95,433,200,408,478,283,518,205,341
110,97,46,11,118,7,100,30,33,54,104,123,212,79,58,64,84,197,125,16,71,118,68,36,80,36,72,64,44,138,165,251,45,97,25,109,120,24,58,114,71,26,81,46,104,96,73,107,30,83
453,391,176,81,525,100,227,134,157,183,402,562,838,332,266,270,339,831,475,60,295,477,275,190,311,131,341,241,216,595,719,1301,241,459,94,499,462,90,232,491,293,91,377,173,401,455,293,492,181,324
174,141,64,22,139,30,134,20,51,60,115,158,297,96,89,98,125,276,178,23,87,163,102,63,104,42,107,74,70,190,233,449,86,132,21,151,136,27,68,158,87,34,102,63,117,133,87,172,73,102
173,126,59,23,183,33,157,51,33,54,125,167,277,84,92,83,124,261,153,17,96,176,92,58,113,48,108,84,81,208,224,432,98,172,43,151,160,32,82,182,98,34,132,58,140,132,122,175,72,111
217,196,72,33,207,54,183,60,54,44,173,236,382,116,97,111,151,341,215,23,110,201,130,83,147,49,135,94,97,244,312,589,101,190,48,193,208,30,95,234,135,45,151,86,164,187,148,217,77,114
451,368,147,65,422,104,402,115,125,173,169,458,721,270,232,263,310,715,450,46,216,431,264,171,287,106,274,223,226,496,614,1104,200,424,95,456,404,76,205,428,297,93,325,154,346,373,279,430,161,300
486,504,233,111,518,123,562,158,167,236,458,286,955,393,272,295,414,974,566,65,313,576,339,238,376,129,392,241,295,716,802,1555,325,512,127,584,558,88,265,572,353,117,416,205,486,561,352,565,199,388
800,762,375,158,855,212,838,297,277,382,721,955,793,575,489,540,693,1414,890,125,510,951,546,349,610,226,601,383,460,1115,1340,2419,490,852,206,967,797,136,456,870,570,192,644,339,725,863,570,921,299,601
371,298,130,63,307,79,332,96,84,116,270,393,575,97,193,200,207,590,318,40,166,310,192,130,215,85,212,153,166,423,493,929,177,322,65,319,310,51,168,341,207,58,257,132,260,292,214,318,131,232
329,219,102,30,263,58,266,89,92,97,232,272,489,193,68,135,202,490,277,29,126,277,164,114,192,70,205,110,167,330,404,772,156,224,60,294,258,39,139,284,171,62,193,104,222,232,171,259,112,184
336,230,113,44,303,64,270,98,83,111,263,295,540,200,135,71,209,528,285,32,128,298,179,132,178,65,185,131,144,381,451,823,148,244,68,292,254,55,156,305,220,63,231,108,244,276,184,278,99,198
355,326,146,49,383,84,339,125,124,151,310,414,693,207,202,209,129,696,378,51,216,348,208,145,249,86,255,184,182,463,546,971,214,328,90,361,336,75,196,407,250,85,239,136,299,346,229,324,161,230
838,765,352,161,897,197,831,276,261,341,715,974,1414,590,490,528,696,775,903,125,494,954,540,361,604,222,640,413,465,1072,1331,2413,460,867,204,974,831,142,480,903,555,227,651,349,736,828,547,902,289,642
520,435,187,91,543,125,475,178,153,215,450,566,890,318,277,285,378,903,268,69,283,507,303,199,316,114,340,254,224,620,741,1418,273,491,114,541,490,98,247,550,326,118,397,199,408,467,347,488,197,348
74,62,22,11,58,16,60,23,17,23,46,65,125,40,29,32,51,125,69,5,31,56,35,21,44,20,47,32,27,80,94,188,34,52,7,61,73,14,38,63,58,10,42,21,43,69,44,61,17,31
348,239,121,64,275,71,295,87,96,110,216,313,510,166,126,128,216,494,283,31,76,289,163,113,179,68,169,129,142,333,406,769,151,277,66,280,279,40,171,252,176,64,235,97,216,281,161,274,107,222
513,409,216,92,495,118,477,163,176,201,431,576,951,310,277,298,348,954,507,56,289,256,309,199,354,143,367,278,251,634,762,1457,292,479,133,550,489,90,292,523,332,110,423,205,420,491,343,514,196,341
338,248,123,44,285,68,275,102,92,130,264,339,546,192,164,179,208,540,303,35,163,309,89,120,204,72,194,145,142,362,465,828,190,275,68,334,307,46,165,326,180,63,232,100,253,274,174,300,104,188
210,167,72,34,213,36,190,63,58,83,171,238,349,130,114,132,145,361,199,21,113,199,120,53,145,52,140,102,107,216,282,561,85,181,49,212,174,24,110,224,132,39,140,67,163,174,145,240,70,118
364,266,141,64,319,80,311,104,113,147,287,376,610,215,192,178,249,604,316,44,179,354,204,145,114,92,234,162,173,406,513,911,189,317,76,371,319,59,171,352,221,71,262,115,286,282,224,351,102,234
144,113,56,30,124,36,131,42,48,49,106,129,226,85,70,65,86,222,114,20,68,143,72,52,92,17,79,58,59,176,189,393,58,113,27,150,126,25,69,142,85,27,82,48,107,120,75,133,48,95
379,258,129,59,322,72,341,107,108,135,274,392,601,212,205,185,255,640,340,47,169,367,194,140,234,79,106,140,147,419,495,949,179,324,81,388,350,53,163,359,222,61,273,130,297,321,210,351,136,257
299,204,77,38,227,64,241,74,84,94,223,241,383,153,110,131,184,413,254,32,129,278,145,102,162,58,140,61,122,288,358,648,139,215,51,233,223,38,108,269,147,42,192,93,183,241,140,268,87,148
292,219,117,43,281,44,216,70,81,97,226,295,460,166,167,144,182,465,224,27,142,251,142,107,173,59,147,122,59,268,376,758,158,229,50,277,261,40,124,273,177,38,189,113,205,201,159,262,114,182
583,538,234,93,612,138,595,190,208,244,496,716,1115,423,330,381,463,1072,620,80,333,634,362,216,406,176,419,288,268,387,948,1790,329,606,149,676,572,97,311,678,404,139,470,245,525,558,373,644,239,414
680,665,293,128,722,165,719,233,224,312,614,802,1340,493,404,451,546,1331,741,94,406,762,465,282,513,189,495,358,376,948,569,2053,403,708,171,835,725,116,402,760,501,157,555,299,644,676,466,780,279,507
1107,1212,585,209,1415,251,1301,449,432,589,1104,1555,2419,929,772,823,971,2413,1418,188,769,1457,828,561,911,393,949,648,758,1790,2053,1806,682,1329,301,1495,1286,240,706,1378,914,289,1027,508,1148,1244,835,1385,477,917
246,233,109,37,285,45,241,86,98,101,200,325,490,177,156,148,214,460,273,34,151,292,190,85,189,58,179,139,158,329,403,682,62,252,65,288,253,46,150,275,181,54,184,117,226,269,161,263,101,169
451,378,178,73,473,97,459,132,172,190,424,512,852,322,224,244,328,867,491,52,277,479,275,181,317,113,324,215,229,606,708,1329,252,209,109,477,435,90,221,496,313,93,391,187,367,483,297,489,192,325
99,96,44,23,137,25,94,21,43,48,95,127,206,65,60,68,90,204,114,7,66,133,68,49,76,27,81,51,50,149,171,301,65,109,8,103,122,16,58,121,66,27,87,39,106,105,70,124,36,89
505,465,195,76,551,109,499,151,151,193,456,584,967,319,294,292,361,974,541,61,280,550,334,212,371,150,388,233,277,676,835,1495,288,477,103,277,455,97,274,568,358,112,386,192,459,493,328,577,198,349
464,436,186,84,480,120,462,136,160,208,404,558,797,310,258,254,336,831,490,73,279,489,307,174,319,126,350,223,261,572,725,1286,253,435,122,455,217,74,234,482,328,108,342,181,412,432,307,490,166,338
88,69,32,18,97,24,90,27,32,30,76,88,136,51,39,55,75,142,98,14,40,90,46,24,59,25,53,38,40,97,116,240,46,90,16,97,74,6,50,81,44,15,67,36,77,86,41,92,25,59
227,201,93,44,241,58,232,68,82,95,205,265,456,168,139,156,196,480,247,38,171,292,165,110,171,69,163,108,124,311,402,706,150,221,58,274,234,50,59,270,156,36,187,104,187,226,162,277,104,180
514,488,215,91,542,114,491,158,182,234,428,572,870,341,284,305,407,903,550,63,252,523,326,224,352,142,359,269,273,678,760,1378,275,496,121,568,482,81,270,271,349,115,360,205,438,462,340,533,188,382
341,293,128,53,363,71,293,87,98,135,297,353,570,207,171,220,250,555,326,58,176,332,180,132,221,85,222,147,177,404,501,914,181,313,66,358,328,44,156,349,93,63,254,126,266,286,193,327,107,212
106,103,30,20,95,26,91,34,34,45,93,117,192,58,62,63,85,227,118,10,64,110,63,39,71,27,61,42,38,139,157,289,54,93,27,112,108,15,36,115,63,8,84,40,80,85,64,110,48,65
355,326,172,58,433,81,377,102,132,151,325,416,644,257,193,231,239,651,397,42,235,423,232,140,262,82,273,192,189,470,555,1027,184,391,87,386,342,67,187,360,254,84,129,134,286,359,230,385,137,247
174,180,88,40,200,46,173,63,58,86,154,205,339,132,104,108,136,349,199,21,97,205,100,67,115,48,130,93,113,245,299,508,117,187,39,192,181,36,104,205,126,40,134,19,142,181,102,184,60,120
423,340,185,81,408,104,401,117,140,164,346,486,725,260,222,244,299,736,408,43,216,420,253,163,286,107,297,183,205,525,644,1148,226,367,106,459,412,77,187,438,266,80,286,142,172,340,271,396,145,283
419,389,195,73,478,96,455,133,132,187,373,561,863,292,232,276,346,828,467,69,281,491,274,174,282,120,321,241,201,558,676,1244,269,483,105,493,432,86,226,462,286,85,359,181,340,188,283,506,163,310
326,270,140,64,283,73,293,87,122,148,279,352,570,214,171,184,229,547,347,44,161,343,174,145,224,75,210,140,159,373,466,835,161,297,70,328,307,41,162,340,193,64,230,102,271,283,103,302,125,219
462,441,221,81,518,107,492,172,175,217,430,565,921,318,259,278,324,902,488,61,274,514,300,240,351,133,351,268,262,644,780,1385,263,489,124,577,490,92,277,533,327,110,385,184,396,506,302,280,201,360
179,140,71,30,205,30,181,73,72,77,161,199,299,131,112,99,161,289,197,17,107,196,104,70,102,48,136,87,114,239,279,477,101,192,36,198,166,25,104,188,107,48,137,60,145,163,125,201,26,126
345,319,132,58,341,83,324,102,111,114,300,388,601,232,184,198,230,642,348,31,222,341,188,118,234,95,257,148,182,414,507,917,169,325,89,349,338,59,180,382,212,65,247,120,283,310,219,360,126,115
