274,497,233,84,514,112,469,177,166,234,446,491,836,349,314,321,321,847,448,78,320,484,353,238,371,147,361,290,306,609,677,1208,258,468,108,519,471,86,245,499,288,98,389,169,449,434,337,487,163,378
497,183,160,78,439,106,439,122,148,174,350,488,807,280,224,230,303,816,444,59,212,424,254,180,277,122,284,179,220,541,682,1204,255,394,107,462,396,64,228,446,295,88,346,164,347,423,266,455,151,278
233,160,33,33,202,34,196,80,68,83,186,219,350,122,109,116,172,355,205,24,124,218,98,79,96,37,126,93,92,215,293,546,95,185,46,237,188,42,124,196,123,51,141,84,168,193,130,205,84,152
84,78,33,4,86,12,84,30,26,39,79,84,129,50,63,58,49,147,80,9,41,87,56,34,60,29,72,46,56,98,127,208,45,78,20,77,81,18,44,85,56,20,58,36,69,72,58,82,22,56
514,439,202,86,239,113,559,170,179,179,441,597,899,303,271,265,322,918,557,72,291,545,280,216,348,141,369,210,241,618,797,1430,275,490,116,548,452,83,255,544,335,108,351,202,403,454,338,537,197,338
112,106,34,12,113,8,111,36,44,51,115,97,189,66,65,75,88,204,119,16,61,122,79,53,78,41,100,56,62,141,168,268,65,94,29,113,110,15,67,116,81,20,76,40,89,105,89,98,29,86
469,439,196,84,559,111,231,162,175,195,390,528,852,343,258,287,348,845,470,65,242,510,287,188,310,116,325,249,263,612,707,1307,257,506,114,494,468,80,243,516,340,99,340,196,372,442,306,449,177,323
177,122,80,30,170,36,162,23,62,66,126,179,258,101,84,88,128,255,156,15,85,149,88,61,76,46,90,86,75,199,215,428,73,148,30,173,137,30,75,158,92,32,131,50,103,139,97,148,51,110
166,148,68,26,179,44,175,62,25,75,139,184,322,98,88,89,120,288,179,23,91,164,78,70,101,39,99,76,67,191,224,478,75,158,33,180,158,26,92,159,110,26,118,60,121,140,90,159,55,104
234,174,83,39,179,51,195,66,75,45,179,227,340,138,122,121,144,378,196,19,119,194,133,90,171,56,149,107,111,251,299,582,118,177,34,205,205,40,86,214,142,46,160,81,184,184,126,226,67,157
446,350,186,79,441,115,390,126,139,179,200,476,781,290,248,275,297,780,446,42,263,425,256,176,322,133,304,179,224,516,637,1164,221,388,92,417,407,69,194,435,307,75,331,164,357,409,275,454,160,314
491,488,219,84,597,97,528,179,184,227,476,316,996,355,298,317,386,989,524,68,310,597,328,202,384,127,372,290,269,703,816,1585,311,495,119,558,540,101,283,601,377,132,444,207,438,539,359,575,229,350
836,807,350,129,899,189,852,258,322,340,781,996,808,600,471,511,647,1440,934,111,481,931,547,371,614,227,595,420,444,1137,1358,2381,461,895,176,941,829,172,426,961,625,190,663,373,730,840,594,913,312,594
349,280,122,50,303,66,343,101,98,138,290,355,600,101,178,208,257,599,343,38,161,329,203,108,221,65,207,121,164,408,512,902,179,290,85,378,332,49,168,343,232,75,237,130,241,302,219,372,125,233
314,224,109,63,271,65,258,84,88,122,248,298,471,178,69,141,213,459,264,34,134,249,169,102,160,73,165,135,134,344,366,781,153,258,82,295,262,31,132,278,189,57,186,97,223,223,159,265,114,198
321,230,116,58,265,75,287,88,89,121,275,317,511,208,141,77,211,497,307,33,141,275,162,113,178,73,187,139,131,368,418,795,158,278,83,288,271,33,145,351,206,53,232,118,242,256,171,308,119,227
321,303,172,49,322,88,348,128,120,144,297,386,647,257,213,211,131,637,342,43,165,335,239,148,235,101,244,177,207,447,532,1044,203,327,79,363,320,64,210,364,224,74,256,125,312,343,254,365,129,255
847,816,355,147,918,204,845,255,288,378,780,989,1440,599,459,497,637,814,937,115,484,945,560,385,577,218,587,419,471,1104,1316,2401,507,884,189,919,789,175,414,942,592,166,645,358,684,854,565,872,301,591
448,444,205,80,557,119,470,156,179,196,446,524,934,343,264,307,342,937,271,72,290,473,314,220,333,123,371,232,292,654,801,1481,294,492,119,533,488,89,258,539,345,98,388,196,430,510,342,540,173,352
78,59,24,9,72,16,65,15,23,19,42,68,111,38,34,33,43,115,72,4,39,69,34,21,38,14,42,22,31,70,99,187,39,58,10,59,49,10,28,74,50,14,47,27,50,68,39,68,19,38
320,212,124,41,291,61,242,85,91,119,263,310,481,161,134,141,165,484,290,39,76,302,152,118,161,56,165,118,122,338,412,784,151,254,50,281,259,47,123,254,164,66,220,103,203,258,162,285,100,180
484,424,218,87,545,122,510,149,164,194,425,597,931,329,249,275,335,945,473,69,302,236,310,190,318,130,359,233,288,643,782,1487,286,525,137,549,549,85,272,548,357,92,385,216,427,467,309,511,184,336
353,254,98,56,280,79,287,88,78,133,256,328,547,203,169,162,239,560,314,34,152,310,79,117,177,67,192,132,148,360,452,874,174,286,77,315,292,46,135,333,198,58,222,93,239,272,185,287,128,212
238,180,79,34,216,53,188,61,70,90,176,202,371,108,102,113,148,385,220,21,118,190,117,32,144,47,144,92,107,268,334,535,113,208,46,193,187,30,90,206,144,43,153,84,171,171,140,208,70,134
371,277,96,60,348,78,310,76,101,171,322,384,614,221,160,178,235,577,333,38,161,318,177,144,99,85,195,159,184,424,493,960,164,302,72,325,323,56,146,363,247,66,264,132,252,293,200,331,123,282
147,122,37,29,141,41,116,46,39,56,133,127,227,65,73,73,101,218,123,14,56,130,67,47,85,14,82,63,54,159,201,368,77,112,34,136,105,25,74,143,83,24,92,45,97,121,80,148,69,91
361,284,126,72,369,100,325,90,99,149,304,372,595,207,165,187,244,587,371,42,165,359,192,144,195,82,117,159,192,407,566,909,173,323,72,321,327,59,163,358,215,61,254,141,262,306,202,351,125,261
290,179,93,46,210,56,249,86,76,107,179,290,420,121,135,139,177,419,232,22,118,233,132,92,159,63,159,55,122,268,359,671,113,213,55,244,227,41,128,268,164,37,161,109,177,211,154,265,91,176
306,220,92,56,241,62,263,75,67,111,224,269,444,164,134,131,207,471,292,31,122,288,148,107,184,54,192,122,72,297,359,710,123,248,42,234,244,47,129,265,166,48,197,94,216,229,161,269,83,182
609,541,215,98,618,141,612,199,191,251,516,703,1137,408,344,368,447,1104,654,70,338,643,360,268,424,159,407,268,297,385,975,1762,361,626,136,687,565,93,332,695,425,119,490,248,508,632,401,628,208,411
677,682,293,127,797,168,707,215,224,299,637,816,1358,512,366,418,532,1316,801,99,412,782,452,334,493,201,566,359,359,975,557,2042,406,763,172,824,725,140,341,808,518,161,573,314,611,724,473,758,231,505
1208,1204,546,208,1430,268,1307,428,478,582,1164,1585,2381,902,781,795,1044,2401,1481,187,784,1487,874,535,960,368,909,671,710,1762,2042,1863,745,1325,299,1536,1306,259,685,1498,985,271,970,526,1129,1320,858,1374,503,925
258,255,95,45,275,65,257,73,75,118,221,311,461,179,153,158,203,507,294,39,151,286,174,113,164,77,173,113,123,361,406,745,86,266,66,336,257,49,118,272,174,61,186,100,222,258,170,283,102,184
468,394,185,78,490,94,506,148,158,177,388,495,895,290,258,278,327,884,492,58,254,525,286,208,302,112,323,213,248,626,763,1325,266,219,101,459,451,77,248,519,313,111,338,186,397,436,279,483,169,332
108,107,46,20,116,29,114,30,33,34,92,119,176,85,82,83,79,189,119,10,50,137,77,46,72,34,72,55,42,136,172,299,66,101,10,124,106,32,57,122,88,20,84,40,89,117,80,111,37,71
519,462,237,77,548,113,494,173,180,205,417,558,941,378,295,288,363,919,533,59,281,549,315,193,325,136,321,244,234,687,824,1536,336,459,124,278,468,85,275,596,359,114,445,206,429,494,321,585,190,350
471,396,188,81,452,110,468,137,158,205,407,540,829,332,262,271,320,789,488,49,259,549,292,187,323,105,327,227,244,565,725,1306,257,451,106,468,225,72,231,507,358,93,363,175,383,422,308,517,176,337
86,64,42,18,83,15,80,30,26,40,69,101,172,49,31,33,64,175,89,10,47,85,46,30,56,25,59,41,47,93,140,259,49,77,32,85,72,3,44,94,71,17,60,32,74,95,55,104,42,59
245,228,124,44,255,67,243,75,92,86,194,283,426,168,132,145,210,414,258,28,123,272,135,90,146,74,163,128,129,332,341,685,118,248,57,275,231,44,69,282,157,54,185,92,179,252,158,238,84,189
499,446,196,85,544,116,516,158,159,214,435,601,961,343,278,351,364,942,539,74,254,548,333,206,363,143,358,268,265,695,808,1498,272,519,122,596,507,94,282,269,335,103,408,211,434,500,336,546,198,352
288,295,123,56,335,81,340,92,110,142,307,377,625,232,189,206,224,592,345,50,164,357,198,144,247,83,215,164,166,425,518,985,174,313,88,359,358,71,157,335,105,86,259,128,273,326,226,341,137,233
98,88,51,20,108,20,99,32,26,46,75,132,190,75,57,53,74,166,98,14,66,92,58,43,66,24,61,37,48,119,161,271,61,111,20,114,93,17,54,103,86,16,80,52,83,93,74,135,38,79
389,346,141,58,351,76,340,131,118,160,331,444,663,237,186,232,256,645,388,47,220,385,222,153,264,92,254,161,197,490,573,970,186,338,84,445,363,60,185,408,259,80,136,146,314,335,241,367,125,248
169,164,84,36,202,40,196,50,60,81,164,207,373,130,97,118,125,358,196,27,103,216,93,84,132,45,141,109,94,248,314,526,100,186,40,206,175,32,92,211,128,52,146,36,175,170,108,202,73,138
449,347,168,69,403,89,372,103,121,184,357,438,730,241,223,242,312,684,430,50,203,427,239,171,252,97,262,177,216,508,611,1129,222,397,89,429,383,74,179,434,273,83,314,175,152,331,243,424,141,282
434,423,193,72,454,105,442,139,140,184,409,539,840,302,223,256,343,854,510,68,258,467,272,171,293,121,306,211,229,632,724,1320,258,436,117,494,422,95,252,500,326,93,335,170,331,182,278,485,174,349
337,266,130,58,338,89,306,97,90,126,275,359,594,219,159,171,254,565,342,39,162,309,185,140,200,80,202,154,161,401,473,858,170,279,80,321,308,55,158,336,226,74,241,108,243,278,93,336,122,237
487,455,205,82,537,98,449,148,159,226,454,575,913,372,265,308,365,872,540,68,285,511,287,208,331,148,351,265,269,628,758,1374,283,483,111,585,517,104,238,546,341,135,367,202,424,485,336,236,190,368
163,151,84,22,197,29,177,51,55,67,160,229,312,125,114,119,129,301,173,19,100,184,128,70,123,69,125,91,83,208,231,503,102,169,37,190,176,42,84,198,137,38,125,73,141,174,122,190,33,105
378,278,152,56,338,86,323,110,104,157,314,350,594,233,198,227,255,591,352,38,180,336,212,134,282,91,261,176,182,411,505,925,184,332,71,350,337,59,189,352,233,79,248,138,282,349,237,368,105,120
