278,429,222,107,493,118,484,175,173,241,409,501,767,358,300,312,369,791,495,68,353,506,329,219,363,140,365,299,310,605,679,1166,225,462,109,482,510,83,229,475,334,109,408,171,451,420,334,529,146,356
429,191,165,93,473,106,445,133,153,183,363,507,816,281,208,238,295,787,401,47,229,455,274,165,297,89,262,217,197,500,665,1236,237,461,87,433,411,76,213,421,281,85,375,168,375,428,285,445,175,273
222,165,39,45,193,56,192,48,58,79,183,224,322,127,96,98,139,345,187,28,113,226,121,72,131,46,144,100,123,231,294,579,111,199,33,208,193,27,93,194,135,37,165,67,177,175,128,222,75,124
107,93,45,4,79,15,75,29,27,31,69,93,157,58,46,48,65,140,72,7,52,77,56,34,61,29,73,40,44,100,114,232,40,77,19,102,79,15,47,81,49,20,71,32,68,80,58,95,19,66
493,473,193,79,258,113,499,147,166,206,428,594,940,347,279,276,378,928,498,52,279,522,295,231,323,132,330,227,247,656,751,1357,263,461,114,524,460,87,252,549,314,106,393,185,420,473,317,566,176,344
118,106,56,15,113,10,87,43,43,50,105,122,209,79,54,63,89,201,97,14,73,101,73,43,73,34,77,56,60,138,141,287,65,111,30,121,101,16,56,114,75,24,79,55,92,97,72,107,41,82
484,445,192,75,499,87,224,148,158,189,412,502,869,328,261,282,370,826,484,56,276,488,298,184,337,132,334,223,258,637,675,1350,266,442,110,549,438,80,243,497,338,94,356,192,364,447,302,455,184,321
175,133,48,29,147,43,148,19,55,75,157,173,298,103,81,84,120,311,185,27,86,151,99,65,100,41,100,63,79,183,224,439,85,155,32,134,132,15,70,159,102,40,112,52,120,146,87,150,65,118
173,153,58,27,166,43,158,55,28,73,154,164,260,120,101,98,128,284,182,20,90,186,86,62,116,22,101,63,73,200,233,447,81,155,33,165,156,31,88,185,111,27,145,60,136,172,112,172,57,104
241,183,79,31,206,50,189,75,73,31,154,210,367,142,98,98,142,390,217,30,126,219,128,79,142,66,158,80,89,241,288,582,106,209,45,197,181,33,102,232,128,48,162,82,171,206,135,222,73,150
409,363,183,69,428,105,412,157,154,154,172,438,756,292,220,227,321,795,449,53,243,442,254,163,300,104,283,189,202,545,620,1132,232,402,84,438,393,80,233,451,301,93,309,156,346,423,260,437,144,300
501,507,224,93,594,122,502,173,164,210,438,314,954,357,276,305,403,992,572,65,310,575,335,202,377,139,362,267,275,731,810,1527,332,532,126,544,502,94,288,567,361,122,432,194,423,525,368,536,196,359
767,816,322,157,940,209,869,298,260,367,756,954,777,615,475,509,596,1409,951,97,512,953,554,387,632,243,624,430,454,1095,1420,2402,486,831,206,955,834,168,466,973,602,197,677,346,773,820,578,939,303,605
358,281,127,58,347,79,328,103,120,142,292,357,615,101,200,181,245,614,329,23,183,317,209,127,231,100,236,139,173,403,483,924,186,301,73,332,309,47,179,356,199,66,281,119,274,303,197,347,121,221
300,208,96,46,279,54,261,81,101,98,220,276,475,200,68,133,192,474,284,30,144,276,143,109,173,68,183,103,143,351,387,734,150,238,62,261,253,44,137,308,148,50,230,103,210,234,156,282,105,170
312,238,98,48,276,63,282,84,98,98,227,305,509,181,133,61,201,538,298,38,153,294,149,116,198,78,200,129,125,345,435,816,167,265,57,294,270,34,145,324,160,59,238,110,231,248,167,293,111,168
369,295,139,65,378,89,370,120,128,142,321,403,596,245,192,201,137,618,349,48,199,376,216,131,248,83,222,155,164,436,517,968,192,350,64,358,339,55,197,392,233,76,264,138,288,307,242,379,126,252
791,787,345,140,928,201,826,311,284,390,795,992,1409,614,474,538,618,789,971,101,492,921,513,370,617,231,631,431,447,1104,1411,2366,464,823,211,963,817,160,471,955,585,191,700,337,731,832,570,936,305,630
495,401,187,72,498,97,484,185,182,217,449,572,951,329,284,298,349,971,230,60,282,494,316,190,340,120,320,276,253,666,787,1368,274,478,128,510,470,89,258,563,343,99,406,220,406,456,313,529,195,366
68,47,28,7,52,14,56,27,20,30,53,65,97,23,30,38,48,101,60,4,33,55,48,22,45,20,45,23,32,66,94,173,28,54,8,74,56,9,37,59,39,16,50,24,45,58,35,64,24,37
353,229,113,52,279,73,276,86,90,126,243,310,512,183,144,153,199,492,282,33,76,287,173,101,188,70,184,129,141,310,410,771,157,260,79,265,288,44,153,292,189,45,216,100,223,274,168,298,113,210
506,455,226,77,522,101,488,151,186,219,442,575,953,317,276,294,376,921,494,55,287,278,307,190,326,114,329,257,266,651,795,1382,260,489,116,543,445,88,252,536,344,102,418,203,409,490,314,529,189,351
329,274,121,56,295,73,298,99,86,128,254,335,554,209,143,149,216,513,316,48,173,307,82,102,203,59,192,136,143,349,454,836,159,293,68,312,266,55,153,297,190,67,232,94,228,272,170,331,108,203
219,165,72,34,231,43,184,65,62,79,163,202,387,127,109,116,131,370,190,22,101,190,102,38,118,45,117,90,100,245,308,559,111,158,43,211,171,34,99,205,123,31,176,80,138,168,123,200,65,141
363,297,131,61,323,73,337,100,116,142,300,377,632,231,173,198,248,617,340,45,188,326,203,118,110,70,212,154,151,399,505,900,168,306,88,330,329,55,173,347,238,60,247,116,227,329,199,356,133,238
140,89,46,29,132,34,132,41,22,66,104,139,243,100,68,78,83,231,120,20,70,114,59,45,70,17,84,62,55,165,168,400,65,111,32,118,127,21,62,120,95,25,95,44,88,114,77,132,51,75
365,262,144,73,330,77,334,100,101,158,283,362,624,236,183,200,222,631,320,45,184,329,192,117,212,84,124,152,161,414,514,921,187,324,76,353,343,43,176,338,247,67,271,140,248,324,192,355,127,210
299,217,100,40,227,56,223,63,63,80,189,267,430,139,103,129,155,431,276,23,129,257,136,90,154,62,152,57,137,289,354,678,106,237,50,222,235,36,100,262,170,53,199,93,199,199,133,253,79,144
310,197,123,44,247,60,258,79,73,89,202,275,454,173,143,125,164,447,253,32,141,266,143,100,151,55,161,137,56,290,406,682,120,226,55,268,225,43,129,260,170,43,195,99,194,231,146,257,96,160
605,500,231,100,656,138,637,183,200,241,545,731,1095,403,351,345,436,1104,666,66,310,651,349,245,399,165,414,289,290,393,964,1754,356,569,147,679,589,89,308,664,410,115,443,215,507,596,396,642,245,416
679,665,294,114,751,141,675,224,233,288,620,810,1420,483,387,435,517,1411,787,94,410,795,454,308,505,168,514,354,406,964,545,2062,398,694,167,776,692,132,381,812,502,159,587,295,614,686,491,737,288,518
1166,1236,579,232,1357,287,1350,439,447,582,1132,1527,2402,924,734,816,968,2366,1368,173,771,1382,836,559,900,400,921,678,682,1754,2062,1873,711,1320,316,1536,1295,245,680,1458,917,282,1020,535,1090,1222,871,1359,479,981
225,237,111,40,263,65,266,85,81,106,232,332,486,186,150,167,192,464,274,28,157,260,159,111,168,65,187,106,120,356,398,711,66,247,67,270,236,49,154,283,177,61,218,110,208,235,162,305,98,187
462,461,199,77,461,111,442,155,155,209,402,532,831,301,238,265,350,823,478,54,260,489,293,158,306,111,324,237,226,569,694,1320,247,200,118,496,454,79,228,488,292,101,355,188,348,423,349,472,176,329
109,87,33,19,114,30,110,32,33,45,84,126,206,73,62,57,64,211,128,8,79,116,68,43,88,32,76,50,55,147,167,316,67,118,9,137,102,21,52,119,72,17,78,36,88,107,70,106,46,66
482,433,208,102,524,121,549,134,165,197,438,544,955,332,261,294,358,963,510,74,265,543,312,211,330,118,353,222,268,679,776,1536,270,496,137,267,510,87,242,572,331,108,403,208,454,487,332,566,177,364
510,411,193,79,460,101,438,132,156,181,393,502,834,309,253,270,339,817,470,56,288,445,266,171,329,127,343,235,225,589,692,1295,236,454,102,510,214,70,233,479,280,92,361,154,352,457,290,459,167,323
83,76,27,15,87,16,80,15,31,33,80,94,168,47,44,34,55,160,89,9,44,88,55,34,55,21,43,36,43,89,132,245,49,79,21,87,70,6,39,92,74,14,67,33,68,93,58,87,32,58
229,213,93,47,252,56,243,70,88,102,233,288,466,179,137,145,197,471,258,37,153,252,153,99,173,62,176,100,129,308,381,680,154,228,52,242,233,39,54,270,149,56,179,94,191,226,147,263,88,154
475,421,194,81,549,114,497,159,185,232,451,567,973,356,308,324,392,955,563,59,292,536,297,205,347,120,338,262,260,664,812,1458,283,488,119,572,479,92,270,278,323,98,403,201,438,520,355,554,190,338
334,281,135,49,314,75,338,102,111,128,301,361,602,199,148,160,233,585,343,39,189,344,190,123,238,95,247,170,170,410,502,917,177,292,72,331,280,74,149,323,101,93,257,130,258,329,215,352,123,214
109,85,37,20,106,24,94,40,27,48,93,122,197,66,50,59,76,191,99,16,45,102,67,31,60,25,67,53,43,115,159,282,61,101,17,108,92,14,56,98,93,12,86,30,77,93,69,107,42,68
408,375,165,71,393,79,356,112,145,162,309,432,677,281,230,238,264,700,406,50,216,418,232,176,247,95,271,199,195,443,587,1020,218,355,78,403,361,67,179,403,257,86,130,149,315,372,251,375,139,255
171,168,67,32,185,55,192,52,60,82,156,194,346,119,103,110,138,337,220,24,100,203,94,80,116,44,140,93,99,215,295,535,110,188,36,208,154,33,94,201,130,30,149,35,167,187,115,205,79,136
451,375,177,68,420,92,364,120,136,171,346,423,773,274,210,231,288,731,406,45,223,409,228,138,227,88,248,199,194,507,614,1090,208,348,88,454,352,68,191,438,258,77,315,167,150,381,236,399,167,256
420,428,175,80,473,97,447,146,172,206,423,525,820,303,234,248,307,832,456,58,274,490,272,168,329,114,324,199,231,596,686,1222,235,423,107,487,457,93,226,520,329,93,372,187,381,223,300,478,191,306
334,285,128,58,317,72,302,87,112,135,260,368,578,197,156,167,242,570,313,35,168,314,170,123,199,77,192,133,146,396,491,871,162,349,70,332,290,58,147,355,215,69,251,115,236,300,98,358,130,216
529,445,222,95,566,107,455,150,172,222,437,536,939,347,282,293,379,936,529,64,298,529,331,200,356,132,355,253,257,642,737,1359,305,472,106,566,459,87,263,554,352,107,375,205,399,478,358,239,188,359
146,175,75,19,176,41,184,65,57,73,144,196,303,121,105,111,126,305,195,24,113,189,108,65,133,51,127,79,96,245,288,479,98,176,46,177,167,32,88,190,123,42,139,79,167,191,130,188,30,122
356,273,124,66,344,82,321,118,104,150,300,359,605,221,170,168,252,630,366,37,210,351,203,141,238,75,210,144,160,416,518,981,187,329,66,364,323,58,154,338,214,68,255,136,256,306,216,359,122,127
