286,447,216,94,516,110,476,185,173,246,458,527,830,397,309,314,366,864,531,71,330,526,360,216,376,168,395,310,325,628,712,1189,260,482,105,537,481,76,240,468,301,119,386,182,429,425,323,498,181,368
447,180,161,84,434,107,410,132,133,187,365,478,811,300,216,214,298,794,414,46,227,444,235,175,311,92,261,211,207,546,646,1174,247,389,106,432,438,64,208,457,279,86,326,138,355,447,290,474,182,297
216,161,44,47,196,43,182,61,67,85,168,242,343,118,91,115,134,388,198,28,104,196,115,84,133,56,142,89,85,281,293,613,114,211,46,187,185,36,98,216,119,45,143,68,136,167,134,219,89,116
94,84,47,6,79,19,85,23,32,40,76,94,146,62,51,52,66,151,79,7,55,89,65,38,57,23,72,46,44,109,117,205,33,90,15,96,77,12,37,92,52,21,54,30,77,80,60,92,37,62
516,434,196,79,265,123,481,143,163,196,443,576,966,323,266,265,363,904,523,53,309,555,301,196,332,124,346,241,267,624,789,1396,257,486,144,558,517,93,251,553,353,114,394,161,397,469,354,565,188,341
110,107,43,19,123,11,111,42,37,46,81,147,219,78,54,77,86,196,119,10,68,109,64,50,86,35,95,58,53,129,163,305,46,118,27,126,121,18,64,141,71,31,92,33,93,95,68,123,41,81
476,410,182,85,481,111,232,149,165,200,409,528,919,290,238,283,310,918,481,72,273,501,268,192,322,100,298,214,228,620,702,1350,254,493,120,530,471,96,244,531,282,110,358,189,365,467,306,482,200,322
185,132,61,23,143,42,149,23,46,74,133,161,288,92,87,96,91,260,158,21,91,165,91,63,108,31,90,76,97,203,248,417,90,141,34,152,147,31,63,162,87,33,110,62,128,137,82,166,50,92
173,133,67,32,163,37,165,46,33,67,145,163,314,119,87,90,112,276,169,21,86,161,100,77,107,41,115,81,79,203,247,459,86,173,42,181,155,37,78,194,106,34,127,65,130,154,89,183,66,114
246,187,85,40,196,46,200,74,67,57,170,215,350,146,106,133,154,344,189,23,111,218,129,93,150,57,140,103,116,238,285,509,118,191,49,209,220,40,116,219,130,59,157,82,177,198,128,199,84,143
458,365,168,76,443,81,409,133,145,170,181,462,733,315,239,298,293,780,399,51,233,440,281,165,288,113,278,219,224,533,643,1174,227,402,98,444,447,71,195,432,285,87,330,176,395,393,263,468,168,291
527,478,242,94,576,147,528,161,163,215,462,300,1047,349,291,318,441,1022,559,53,306,584,335,209,367,131,336,263,257,724,841,1630,321,533,144,562,508,107,274,620,361,105,418,233,403,523,356,587,238,382
830,811,343,146,966,219,919,288,314,350,733,1047,821,542,487,518,664,1493,932,109,472,970,558,377,597,237,648,429,464,1150,1448,2535,511,850,232,952,858,164,495,1062,590,179,732,371,737,902,619,979,373,606
397,300,118,62,323,78,290,92,119,146,315,349,542,92,169,159,230,554,326,44,175,347,209,123,214,77,198,156,165,378,526,875,169,305,80,349,284,54,156,362,213,56,244,127,264,314,209,352,131,215
309,216,91,51,266,54,238,87,87,106,239,291,487,169,63,159,206,490,280,36,145,265,161,105,172,68,178,145,136,353,403,734,144,266,67,244,221,42,138,265,166,66,201,96,203,240,145,288,116,177
314,214,115,52,265,77,283,96,90,133,298,318,518,159,159,83,202,529,304,32,157,271,173,99,181,68,180,133,144,340,444,812,171,261,76,273,242,50,160,306,183,61,224,88,212,274,175,318,121,202
366,298,134,66,363,86,310,91,112,154,293,441,664,230,206,202,118,691,399,47,184,344,216,118,251,100,234,167,188,470,578,1003,186,334,79,382,326,59,166,387,226,71,288,134,279,336,252,388,133,230
864,794,388,151,904,196,918,260,276,344,780,1022,1493,554,490,529,691,838,952,102,512,949,532,356,614,232,623,427,468,1135,1444,2563,501,839,211,1008,830,155,452,1000,597,208,697,371,703,871,587,971,359,637
531,414,198,79,523,119,481,158,169,189,399,559,932,326,280,304,399,952,270,63,254,500,318,199,309,130,327,247,266,663,799,1469,285,451,119,535,492,75,256,549,312,97,417,188,391,445,311,566,184,351
71,46,28,7,53,10,72,21,21,23,51,53,109,44,36,32,47,102,63,2,33,70,35,31,40,17,48,32,27,79,99,158,30,67,16,67,62,15,21,76,37,10,45,18,46,72,32,77,24,36
330,227,104,55,309,68,273,91,86,111,233,306,472,175,145,157,184,512,254,33,71,270,155,111,165,71,163,125,148,352,400,753,152,254,71,274,278,48,158,289,189,48,235,121,219,262,179,276,126,202
526,444,196,89,555,109,501,165,161,218,440,584,970,347,265,271,344,949,500,70,270,253,295,224,326,131,338,258,252,678,778,1449,266,484,114,542,503,79,250,601,300,106,428,194,416,507,342,538,192,342
360,235,115,65,301,64,268,91,100,129,281,335,558,209,161,173,216,532,318,35,155,295,93,135,203,82,203,153,135,413,470,859,155,292,65,317,287,55,147,312,197,63,237,126,233,256,183,312,119,194
216,175,84,38,196,50,192,63,77,93,165,209,377,123,105,99,118,356,199,31,111,224,135,46,133,70,140,108,82,219,309,574,118,193,45,210,190,33,99,208,123,37,137,69,176,201,133,182,102,138
376,311,133,57,332,86,322,108,107,150,288,367,597,214,172,181,251,614,309,40,165,326,203,133,115,83,211,134,153,428,529,962,172,327,75,349,304,51,178,366,239,55,266,123,290,299,202,369,130,196
168,92,56,23,124,35,100,31,41,57,113,131,237,77,68,68,100,232,130,17,71,131,82,70,83,17,80,61,75,138,183,364,73,106,22,123,127,20,49,119,83,21,115,39,101,102,78,120,50,87
395,261,142,72,346,95,298,90,115,140,278,336,648,198,178,180,234,623,327,48,163,338,203,140,211,80,112,176,167,433,501,975,175,318,72,340,333,55,139,343,210,73,279,114,251,320,222,332,130,217
310,211,89,46,241,58,214,76,81,103,219,263,429,156,145,133,167,427,247,32,125,258,153,108,134,61,176,40,108,271,378,614,107,199,53,220,228,29,127,262,158,50,170,78,180,210,144,270,87,161
325,207,85,44,267,53,228,97,79,116,224,257,464,165,136,144,188,468,266,27,148,252,135,82,153,75,167,108,66,290,400,696,122,248,43,276,250,41,126,254,147,50,195,103,192,240,139,250,95,184
628,546,281,109,624,129,620,203,203,238,533,724,1150,378,353,340,470,1135,663,79,352,678,413,219,428,138,433,271,290,387,991,1801,372,597,150,695,576,101,325,630,405,159,519,239,528,585,421,673,245,421
712,646,293,117,789,163,702,248,247,285,643,841,1448,526,403,444,578,1444,799,99,400,778,470,309,529,183,501,378,400,991,577,2124,435,741,190,799,761,109,379,819,498,166,601,289,606,689,505,788,306,498
1189,1174,613,205,1396,305,1350,417,459,509,1174,1630,2535,875,734,812,1003,2563,1469,158,753,1449,859,574,962,364,975,614,696,1801,2124,2011,798,1326,347,1529,1332,239,704,1572,918,304,1084,541,1162,1348,943,1514,577,929
260,247,114,33,257,46,254,90,86,118,227,321,511,169,144,171,186,501,285,30,152,266,155,118,172,73,175,107,122,372,435,798,70,242,61,314,258,59,148,314,169,65,233,92,217,254,154,281,109,174
482,389,211,90,486,118,493,141,173,191,402,533,850,305,266,261,334,839,451,67,254,484,292,193,327,106,318,199,248,597,741,1326,242,257,110,502,452,74,242,507,293,89,378,188,395,445,313,470,178,342
105,106,46,15,144,27,120,34,42,49,98,144,232,80,67,76,79,211,119,16,71,114,65,45,75,22,72,53,43,150,190,347,61,110,12,119,95,20,63,131,77,25,93,48,89,104,78,121,51,75
537,432,187,96,558,126,530,152,181,209,444,562,952,349,244,273,382,1008,535,67,274,542,317,210,349,123,340,220,276,695,799,1529,314,502,119,279,523,91,267,582,342,112,417,199,433,499,305,564,210,348
481,438,185,77,517,121,471,147,155,220,447,508,858,284,221,242,326,830,492,62,278,503,287,190,304,127,333,228,250,576,761,1332,258,452,95,523,213,93,226,497,292,121,365,163,353,452,306,504,188,328
76,64,36,12,93,18,96,31,37,40,71,107,164,54,42,50,59,155,75,15,48,79,55,33,51,20,55,29,41,101,109,239,59,74,20,91,93,3,36,97,60,13,60,29,61,71,60,97,43,48
240,208,98,37,251,64,244,63,78,116,195,274,495,156,138,160,166,452,256,21,158,250,147,99,178,49,139,127,126,325,379,704,148,242,63,267,226,36,59,278,165,43,182,109,206,226,140,253,91,166
468,457,216,92,553,141,531,162,194,219,432,620,1062,362,265,306,387,1000,549,76,289,601,312,208,366,119,343,262,254,630,819,1572,314,507,131,582,497,97,278,282,344,117,401,202,421,532,324,568,218,341
301,279,119,52,353,71,282,87,106,130,285,361,590,213,166,183,226,597,312,37,189,300,197,123,239,83,210,158,147,405,498,918,169,293,77,342,292,60,165,344,119,70,268,130,242,307,223,358,128,219
119,86,45,21,114,31,110,33,34,59,87,105,179,56,66,61,71,208,97,10,48,106,63,37,55,21,73,50,50,159,166,304,65,89,25,112,121,13,43,117,70,11,82,37,82,95,70,109,41,74
386,326,143,54,394,92,358,110,127,157,330,418,732,244,201,224,288,697,417,45,235,428,237,137,266,115,279,170,195,519,601,1084,233,378,93,417,365,60,182,401,268,82,161,155,339,351,226,395,140,281
182,138,68,30,161,33,189,62,65,82,176,233,371,127,96,88,134,371,188,18,121,194,126,69,123,39,114,78,103,239,289,541,92,188,48,199,163,29,109,202,130,37,155,41,174,171,123,196,71,137
429,355,136,77,397,93,365,128,130,177,395,403,737,264,203,212,279,703,391,46,219,416,233,176,290,101,251,180,192,528,606,1162,217,395,89,433,353,61,206,421,242,82,339,174,188,364,241,401,164,253
425,447,167,80,469,95,467,137,154,198,393,523,902,314,240,274,336,871,445,72,262,507,256,201,299,102,320,210,240,585,689,1348,254,445,104,499,452,71,226,532,307,95,351,171,364,220,315,505,183,336
323,290,134,60,354,68,306,82,89,128,263,356,619,209,145,175,252,587,311,32,179,342,183,133,202,78,222,144,139,421,505,943,154,313,78,305,306,60,140,324,223,70,226,123,241,315,90,355,116,189
498,474,219,92,565,123,482,166,183,199,468,587,979,352,288,318,388,971,566,77,276,538,312,182,369,120,332,270,250,673,788,1514,281,470,121,564,504,97,253,568,358,109,395,196,401,505,355,259,189,346
181,182,89,37,188,41,200,50,66,84,168,238,373,131,116,121,133,359,184,24,126,192,119,102,130,50,130,87,95,245,306,577,109,178,51,210,188,43,91,218,128,41,140,71,164,183,116,189,41,124
368,297,116,62,341,81,322,92,114,143,291,382,606,215,177,202,230,637,351,36,202,342,194,138,196,87,217,161,184,421,498,929,174,342,75,348,328,48,166,341,219,74,281,137,253,336,189,346,124,123
