262,474,214,97,489,105,486,175,163,222,452,512,811,380,361,361,343,791,505,71,294,516,344,200,368,152,377,296,303,626,688,1153,242,494,69,509,468,98,247,446,295,105,361,196,453,413,336,470,163,394
474,207,177,77,468,89,435,139,138,191,388,452,776,287,216,231,321,789,471,44,236,469,259,196,328,110,302,215,243,541,637,1216,239,424,95,459,416,69,240,502,313,94,309,152,337,394,294,458,185,274
214,177,44,31,186,38,181,68,57,79,182,218,333,113,105,95,146,329,200,32,100,210,136,66,119,47,135,104,94,250,304,542,113,197,39,218,187,27,103,235,141,49,150,77,126,195,128,191,66,137
97,77,31,13,84,29,83,18,17,34,66,93,140,61,42,52,68,130,92,14,57,97,59,38,54,24,59,50,53,98,113,188,51,88,16,105,87,15,34,81,58,19,61,27,64,76,55,85,30,59
489,468,186,84,295,107,495,160,166,212,426,559,887,312,277,294,383,909,513,61,258,530,334,201,337,128,320,245,287,620,732,1350,273,465,114,519,502,71,255,574,334,109,387,182,401,457,295,516,182,386
105,89,38,29,107,15,116,36,29,48,95,113,185,86,60,66,77,193,124,16,74,121,73,50,74,28,71,63,61,121,148,276,51,107,21,135,111,23,50,109,70,17,81,48,91,105,82,100,35,72
486,435,181,83,495,116,246,138,142,208,403,523,853,346,238,267,358,875,508,51,273,506,302,197,314,115,324,273,256,587,679,1268,279,436,97,522,445,72,222,521,333,98,373,174,421,427,316,492,156,307
175,139,68,18,160,36,138,22,64,59,115,174,284,97,95,107,109,288,178,18,75,186,96,61,107,36,104,78,85,208,286,455,85,146,30,146,145,21,87,156,103,37,126,64,140,153,91,176,56,88
163,138,57,17,166,29,142,64,25,52,130,197,298,99,91,92,142,290,169,17,100,156,94,57,105,41,106,85,69,204,240,453,86,142,33,172,147,35,94,170,109,33,127,49,131,141,95,175,65,117
222,191,79,34,212,48,208,59,52,49,156,233,364,130,120,134,156,381,213,13,104,214,119,84,150,50,155,110,102,266,303,554,104,193,54,205,203,31,104,202,125,45,160,73,169,170,125,222,71,129
452,388,182,66,426,95,403,115,130,156,172,473,750,272,271,274,352,751,448,44,248,430,288,150,293,107,271,230,231,532,589,1094,207,402,93,477,450,79,212,399,281,80,323,150,346,382,263,431,158,294
512,452,218,93,559,113,523,174,197,233,473,309,1010,337,301,353,429,1033,589,76,293,554,329,218,347,126,338,275,276,721,827,1590,295,516,125,569,522,92,277,556,369,110,428,201,446,545,356,578,203,378
811,776,333,140,887,185,853,284,298,364,750,1010,800,612,483,512,658,1437,890,113,536,871,522,346,586,234,601,428,471,1134,1386,2456,497,838,214,1004,819,159,462,961,609,185,659,378,743,796,596,917,325,609
380,287,113,61,312,86,346,97,99,130,272,337,612,118,173,165,231,618,346,37,172,350,210,122,229,82,215,157,195,382,499,926,199,287,60,334,314,53,149,332,208,67,277,115,271,262,202,338,142,234
361,216,105,42,277,60,238,95,91,120,271,301,483,173,73,134,233,483,272,32,139,276,163,112,161,64,164,122,131,338,407,757,140,230,50,329,233,39,138,296,154,50,208,102,200,235,157,262,96,197
361,231,95,52,294,66,267,107,92,134,274,353,512,165,134,88,239,511,285,31,141,309,167,107,162,56,192,130,138,370,454,858,146,273,55,308,248,47,172,294,175,49,244,98,213,258,180,300,119,210
343,321,146,68,383,77,358,109,142,156,352,429,658,231,233,239,125,635,401,54,210,402,206,158,230,97,247,188,204,451,575,1026,190,334,72,330,341,63,163,387,224,78,270,131,287,323,233,401,130,245
791,789,329,130,909,193,875,288,290,381,751,1033,1437,618,483,511,635,794,915,119,519,913,558,346,577,259,633,441,436,1134,1329,2388,462,850,212,967,826,137,469,937,605,200,643,361,709,808,581,914,339,599
505,471,200,92,513,124,508,178,169,213,448,589,890,346,272,285,401,915,264,55,267,493,281,215,304,138,343,258,251,610,752,1409,273,495,101,564,473,81,257,540,340,80,404,179,399,447,317,522,160,352
71,44,32,14,61,16,51,18,17,13,44,76,113,37,32,31,54,119,55,9,27,61,38,25,38,15,44,31,28,71,99,183,45,69,11,64,75,6,28,70,43,15,53,25,49,54,42,53,24,53
294,236,100,57,258,74,273,75,100,104,248,293,536,172,139,141,210,519,267,27,68,272,165,108,186,77,163,115,120,362,450,823,151,247,70,274,294,47,152,322,186,59,208,103,216,260,152,294,115,191
516,469,210,97,530,121,506,186,156,214,430,554,871,350,276,309,402,913,493,61,272,252,302,206,327,141,344,272,248,633,732,1362,299,488,95,548,481,76,291,541,344,105,388,193,397,443,316,515,204,387
344,259,136,59,334,73,302,96,94,119,288,329,522,210,163,167,206,558,281,38,165,302,100,121,197,76,202,155,150,363,445,802,148,300,63,326,302,43,155,331,201,63,229,124,243,261,174,322,115,197
200,196,66,38,201,50,197,61,57,84,150,218,346,122,112,107,158,346,215,25,108,206,121,39,123,55,139,109,107,264,317,543,117,200,42,199,192,19,101,255,146,40,159,71,161,179,132,226,79,123
368,328,119,54,337,74,314,107,105,150,293,347,586,229,161,162,230,577,304,38,186,327,197,123,118,93,241,152,158,411,496,904,189,313,79,362,305,53,168,376,235,59,246,135,249,280,206,333,134,208
152,110,47,24,128,28,115,36,41,50,107,126,234,82,64,56,97,259,138,15,77,141,76,55,93,7,82,55,58,155,202,360,61,116,29,148,117,26,66,144,99,24,88,46,117,119,73,128,49,87
377,302,135,59,320,71,324,104,106,155,271,338,601,215,164,192,247,633,343,44,163,344,202,139,241,82,116,154,168,444,517,956,188,332,78,377,325,52,178,368,233,72,252,121,256,302,190,358,124,227
296,215,104,50,245,63,273,78,85,110,230,275,428,157,122,130,188,441,258,31,115,272,155,109,152,55,154,59,107,307,366,651,134,261,55,212,277,36,124,293,156,67,176,93,182,238,122,249,102,171
303,243,94,53,287,61,256,85,69,102,231,276,471,195,131,138,204,436,251,28,120,248,150,107,158,58,168,107,52,323,391,688,135,272,57,287,238,39,154,276,173,62,200,106,196,228,139,286,99,181
626,541,250,98,620,121,587,208,204,266,532,721,1134,382,338,370,451,1134,610,71,362,633,363,264,411,155,444,307,323,359,959,1811,366,576,127,673,634,106,327,664,402,130,495,223,541,602,413,673,242,442
688,637,304,113,732,148,679,286,240,303,589,827,1386,499,407,454,575,1329,752,99,450,732,445,317,496,202,517,366,391,959,551,2004,392,698,171,875,694,120,400,747,518,170,575,275,609,689,543,746,282,527
1153,1216,542,188,1350,276,1268,455,453,554,1094,1590,2456,926,757,858,1026,2388,1409,183,823,1362,802,543,904,360,956,651,688,1811,2004,1848,714,1259,337,1568,1215,214,715,1415,900,290,1042,531,1095,1192,906,1326,502,936
242,239,113,51,273,51,279,85,86,104,207,295,497,199,140,146,190,462,273,45,151,299,148,117,189,61,188,134,135,366,392,714,68,280,64,287,268,47,131,305,182,55,209,106,206,233,189,287,108,178
494,424,197,88,465,107,436,146,142,193,402,516,838,287,230,273,334,850,495,69,247,488,300,200,313,116,332,261,272,576,698,1259,280,226,102,474,439,66,234,483,312,104,370,154,400,451,277,496,168,327
69,95,39,16,114,21,97,30,33,54,93,125,214,60,50,55,72,212,101,11,70,95,63,42,79,29,78,55,57,127,171,337,64,102,10,118,111,24,42,146,62,29,79,48,89,109,73,102,39,84
509,459,218,105,519,135,522,146,172,205,477,569,1004,334,329,308,330,967,564,64,274,548,326,199,362,148,377,212,287,673,875,1568,287,474,118,281,486,87,258,559,298,125,412,191,457,494,340,561,190,387
468,416,187,87,502,111,445,145,147,203,450,522,819,314,233,248,341,826,473,75,294,481,302,192,305,117,325,277,238,634,694,1215,268,439,111,486,213,83,252,510,313,97,371,181,356,427,305,487,186,312
98,69,27,15,71,23,72,21,35,31,79,92,159,53,39,47,63,137,81,6,47,76,43,19,53,26,52,36,39,106,120,214,47,66,24,87,83,4,41,78,44,18,67,29,53,87,57,78,38,48
247,240,103,34,255,50,222,87,94,104,212,277,462,149,138,172,163,469,257,28,152,291,155,101,168,66,178,124,154,327,400,715,131,234,42,258,252,41,63,268,173,62,231,87,219,238,139,266,78,164
446,502,235,81,574,109,521,156,170,202,399,556,961,332,296,294,387,937,540,70,322,541,331,255,376,144,368,293,276,664,747,1415,305,483,146,559,510,78,268,284,358,105,377,212,472,484,344,554,195,357
295,313,141,58,334,70,333,103,109,125,281,369,609,208,154,175,224,605,340,43,186,344,201,146,235,99,233,156,173,402,518,900,182,312,62,298,313,44,173,358,108,67,261,125,298,305,197,356,123,216
105,94,49,19,109,17,98,37,33,45,80,110,185,67,50,49,78,200,80,15,59,105,63,40,59,24,72,67,62,130,170,290,55,104,29,125,97,18,62,105,67,15,102,27,84,97,47,106,34,67
361,309,150,61,387,81,373,126,127,160,323,428,659,277,208,244,270,643,404,53,208,388,229,159,246,88,252,176,200,495,575,1042,209,370,79,412,371,67,231,377,261,102,149,176,323,334,259,406,121,255
196,152,77,27,182,48,174,64,49,73,150,201,378,115,102,98,131,361,179,25,103,193,124,71,135,46,121,93,106,223,275,531,106,154,48,191,181,29,87,212,125,27,176,28,156,149,119,183,80,136
453,337,126,64,401,91,421,140,131,169,346,446,743,271,200,213,287,709,399,49,216,397,243,161,249,117,256,182,196,541,609,1095,206,400,89,457,356,53,219,472,298,84,323,156,150,370,245,418,152,271
413,394,195,76,457,105,427,153,141,170,382,545,796,262,235,258,323,808,447,54,260,443,261,179,280,119,302,238,228,602,689,1192,233,451,109,494,427,87,238,484,305,97,334,149,370,212,289,472,151,324
336,294,128,55,295,82,316,91,95,125,263,356,596,202,157,180,233,581,317,42,152,316,174,132,206,73,190,122,139,413,543,906,189,277,73,340,305,57,139,344,197,47,259,119,245,289,87,340,121,217
470,458,191,85,516,100,492,176,175,222,431,578,917,338,262,300,401,914,522,53,294,515,322,226,333,128,358,249,286,673,746,1326,287,496,102,561,487,78,266,554,356,106,406,183,418,472,340,279,179,368
163,185,66,30,182,35,156,56,65,71,158,203,325,142,96,119,130,339,160,24,115,204,115,79,134,49,124,102,99,242,282,502,108,168,39,190,186,38,78,195,123,34,121,80,152,151,121,179,31,124
394,274,137,59,386,72,307,88,117,129,294,378,609,234,197,210,245,599,352,53,191,387,197,123,208,87,227,171,181,442,527,936,178,327,84,387,312,48,164,357,216,67,255,136,271,324,217,368,124,110
