262,443,192,105,466,133,520,223,156,237,450,476,789,383,314,329,343,802,490,71,314,510,346,208,355,139,355,253,287,610,696,1205,234,465,95,493,447,81,245,458,313,115,320,166,438,409,312,470,160,382
443,191,167,70,426,100,428,126,142,177,359,482,779,293,227,265,339,809,409,52,258,435,268,169,271,105,313,195,222,560,666,1172,249,408,102,456,410,64,197,473,295,91,301,158,328,413,249,463,170,300
192,167,38,29,213,33,197,67,60,74,183,236,375,130,95,123,142,316,216,20,96,192,105,71,109,54,146,92,95,249,307,584,102,175,49,196,186,30,81,216,135,37,169,80,161,195,118,201,72,131
105,70,29,7,88,11,84,34,25,36,58,89,158,65,46,61,73,147,88,11,47,81,56,36,55,22,64,44,50,108,119,230,48,80,13,89,77,19,49,93,54,15,67,32,60,74,51,97,32,69
466,426,213,88,269,104,509,158,146,192,394,567,918,339,266,305,333,925,523,64,309,544,319,214,357,126,339,239,266,646,742,1424,257,492,135,563,503,100,274,554,356,128,396,192,418,487,344,533,217,325
133,100,33,11,104,7,100,44,30,44,80,119,192,80,62,81,103,192,128,12,69,124,67,43,68,32,86,52,62,114,165,270,52,80,25,133,99,21,68,116,73,26,75,34,84,91,74,117,35,77
520,428,197,84,509,100,211,174,143,195,374,538,833,321,253,280,379,822,488,56,252,512,281,180,308,138,327,211,244,606,728,1284,248,442,113,502,423,83,241,510,326,84,367,158,370,453,312,471,173,320
223,126,67,34,158,44,174,19,62,67,142,146,269,113,87,77,106,288,155,15,88,179,84,75,108,33,106,79,73,201,254,453,82,138,34,151,143,14,70,170,98,24,111,65,139,122,92,174,62,95
156,142,60,25,146,30,143,62,27,78,132,179,289,120,92,98,115,317,157,9,90,159,105,67,117,40,94,72,92,219,256,474,118,153,37,142,132,21,80,184,101,28,122,65,127,148,114,169,61,117
237,177,74,36,192,44,195,67,78,49,167,241,360,124,121,134,164,388,227,16,114,226,150,102,140,51,122,105,128,269,295,607,116,165,49,209,177,42,104,250,127,54,169,81,179,186,137,224,76,150
450,359,183,58,394,80,374,142,132,167,165,465,741,263,225,280,333,751,427,49,245,428,262,196,256,107,274,197,239,501,640,1080,236,354,82,446,404,81,234,445,267,109,317,165,333,376,280,440,136,292
476,482,236,89,567,119,538,146,179,241,465,346,960,366,279,318,385,940,567,76,310,591,346,235,376,149,391,286,287,672,836,1554,293,519,122,595,500,93,278,568,351,102,413,225,454,496,346,557,211,420
789,779,375,158,918,192,833,269,289,360,741,960,797,597,513,561,634,1384,964,124,514,908,565,351,630,237,641,453,477,1117,1313,2276,499,799,199,940,821,126,438,900,564,194,685,340,729,808,616,850,318,578
383,293,130,65,339,80,321,113,120,124,263,366,597,122,199,192,243,621,348,44,173,367,228,133,208,81,203,152,189,423,498,912,200,302,67,328,320,58,164,347,256,77,262,114,244,301,207,347,129,209
314,227,95,46,266,62,253,87,92,121,225,279,513,199,82,131,177,476,278,29,119,271,142,102,172,74,187,134,117,324,395,794,149,240,69,267,262,34,130,257,178,57,199,94,219,249,170,269,106,192
329,265,123,61,305,81,280,77,98,134,280,318,561,192,131,76,212,516,275,42,124,290,140,110,169,79,187,138,148,344,426,834,147,259,70,323,275,33,138,307,184,55,205,103,219,272,157,276,97,197
343,339,142,73,333,103,379,106,115,164,333,385,634,243,177,212,134,700,366,36,218,367,218,146,246,87,251,157,197,454,565,1010,183,356,73,371,334,52,175,387,244,84,264,126,296,356,217,357,125,260
802,809,316,147,925,192,822,288,317,388,751,940,1384,621,476,516,700,804,983,127,488,948,557,352,599,243,637,434,470,1138,1297,2310,465,816,201,946,778,138,428,947,612,184,663,322,705,789,592,910,317,605
490,409,216,88,523,128,488,155,157,227,427,567,964,348,278,275,366,983,226,53,295,450,303,222,354,122,332,240,253,612,806,1426,279,489,105,504,502,89,263,547,289,101,402,185,421,441,323,495,201,352
71,52,20,11,64,12,56,15,9,16,49,76,124,44,29,42,36,127,53,2,45,57,40,23,36,15,45,26,37,89,107,173,36,69,18,68,69,12,35,67,33,14,55,15,47,67,31,63,34,33
314,258,96,47,309,69,252,88,90,114,245,310,514,173,119,124,218,488,295,45,54,308,180,114,179,74,201,116,160,340,400,782,155,264,86,280,271,39,141,286,197,62,219,89,241,277,178,262,98,198
510,435,192,81,544,124,512,179,159,226,428,591,908,367,271,290,367,948,450,57,308,266,327,208,347,119,355,245,257,644,811,1422,297,492,109,579,452,81,277,557,336,116,413,186,415,460,327,532,182,338
346,268,105,56,319,67,281,84,105,150,262,346,565,228,142,140,218,557,303,40,180,327,87,122,181,79,205,131,136,374,447,833,168,273,67,308,281,32,152,309,194,67,247,109,232,262,174,332,101,211
208,169,71,36,214,43,180,75,67,102,196,235,351,133,102,110,146,352,222,23,114,208,122,38,120,51,141,87,100,273,333,549,110,193,54,199,187,34,105,216,161,51,149,68,144,173,115,202,78,143
355,271,109,55,357,68,308,108,117,140,256,376,630,208,172,169,246,599,354,36,179,347,181,120,98,65,193,166,146,417,501,961,171,314,69,364,284,39,166,340,217,66,250,125,232,304,192,343,119,215
139,105,54,22,126,32,138,33,40,51,107,149,237,81,74,79,87,243,122,15,74,119,79,51,65,14,70,52,61,158,219,359,74,90,36,126,118,19,72,136,76,22,106,55,85,121,82,153,43,73
355,313,146,64,339,86,327,106,94,122,274,391,641,203,187,187,251,637,332,45,201,355,205,141,193,70,121,148,171,441,534,966,191,312,89,362,330,46,175,396,223,68,236,130,271,286,199,374,113,206
253,195,92,44,239,52,211,79,72,105,197,286,453,152,134,138,157,434,240,26,116,245,131,87,166,52,148,42,132,331,344,684,136,216,54,236,200,28,124,256,165,36,189,90,170,201,154,243,82,171
287,222,95,50,266,62,244,73,92,128,239,287,477,189,117,148,197,470,253,37,160,257,136,100,146,61,171,132,67,294,436,738,128,262,54,246,238,28,119,276,170,46,201,88,210,248,146,253,84,183
610,560,249,108,646,114,606,201,219,269,501,672,1117,423,324,344,454,1138,612,89,340,644,374,273,417,158,441,331,294,393,962,1743,361,576,153,664,592,110,322,646,395,128,470,233,514,605,391,636,257,395
696,666,307,119,742,165,728,254,256,295,640,836,1313,498,395,426,565,1297,806,107,400,811,447,333,501,219,534,344,436,962,563,1995,431,709,173,796,742,132,366,770,497,156,548,255,634,687,484,766,276,484
1205,1172,584,230,1424,270,1284,453,474,607,1080,1554,2276,912,794,834,1010,2310,1426,173,782,1422,833,549,961,359,966,684,738,1743,1995,1808,711,1299,292,1484,1293,218,680,1402,924,288,1005,498,1137,1212,847,1398,458,967
234,249,102,48,257,52,248,82,118,116,236,293,499,200,149,147,183,465,279,36,155,297,168,110,171,74,191,136,128,361,431,711,80,256,61,279,253,41,129,258,170,65,200,102,223,262,209,263,99,186
465,408,175,80,492,80,442,138,153,165,354,519,799,302,240,259,356,816,489,69,264,492,273,193,314,90,312,216,262,576,709,1299,256,208,122,494,424,89,222,490,273,94,385,209,381,446,300,512,168,305
95,102,49,13,135,25,113,34,37,49,82,122,199,67,69,70,73,201,105,18,86,109,67,54,69,36,89,54,54,153,173,292,61,122,19,110,109,24,55,118,76,22,69,45,100,109,57,119,44,66
493,456,196,89,563,133,502,151,142,209,446,595,940,328,267,323,371,946,504,68,280,579,308,199,364,126,362,236,246,664,796,1484,279,494,110,287,523,95,245,575,394,108,372,190,406,516,284,552,193,350
447,410,186,77,503,99,423,143,132,177,404,500,821,320,262,275,334,778,502,69,271,452,281,187,284,118,330,200,238,592,742,1293,253,424,109,523,199,83,214,478,303,85,358,152,348,410,294,474,170,341
81,64,30,19,100,21,83,14,21,42,81,93,126,58,34,33,52,138,89,12,39,81,32,34,39,19,46,28,28,110,132,218,41,89,24,95,83,5,42,96,57,15,58,34,53,77,47,87,25,60
245,197,81,49,274,68,241,70,80,104,234,278,438,164,130,138,175,428,263,35,141,277,152,105,166,72,175,124,119,322,366,680,129,222,55,245,214,42,48,281,170,53,179,91,196,209,145,242,84,162
458,473,216,93,554,116,510,170,184,250,445,568,900,347,257,307,387,947,547,67,286,557,309,216,340,136,396,256,276,646,770,1402,258,490,118,575,478,96,281,306,361,90,396,214,415,491,360,531,178,332
313,295,135,54,356,73,326,98,101,127,267,351,564,256,178,184,244,612,289,33,197,336,194,161,217,76,223,165,170,395,497,924,170,273,76,394,303,57,170,361,116,69,245,137,268,302,202,381,113,228
115,91,37,15,128,26,84,24,28,54,109,102,194,77,57,55,84,184,101,14,62,116,67,51,66,22,68,36,46,128,156,288,65,94,22,108,85,15,53,90,69,10,87,37,95,109,49,116,35,67
320,301,169,67,396,75,367,111,122,169,317,413,685,262,199,205,264,663,402,55,219,413,247,149,250,106,236,189,201,470,548,1005,200,385,69,372,358,58,179,396,245,87,145,132,285,344,252,388,140,272
166,158,80,32,192,34,158,65,65,81,165,225,340,114,94,103,126,322,185,15,89,186,109,68,125,55,130,90,88,233,255,498,102,209,45,190,152,34,91,214,137,37,132,35,136,177,121,178,78,135
438,328,161,60,418,84,370,139,127,179,333,454,729,244,219,219,296,705,421,47,241,415,232,144,232,85,271,170,210,514,634,1137,223,381,100,406,348,53,196,415,268,95,285,136,152,370,244,401,159,288
409,413,195,74,487,91,453,122,148,186,376,496,808,301,249,272,356,789,441,67,277,460,262,173,304,121,286,201,248,605,687,1212,262,446,109,516,410,77,209,491,302,109,344,177,370,203,270,462,183,293
312,249,118,51,344,74,312,92,114,137,280,346,616,207,170,157,217,592,323,31,178,327,174,115,192,82,199,154,146,391,484,847,209,300,57,284,294,47,145,360,202,49,252,121,244,270,105,306,106,199
470,463,201,97,533,117,471,174,169,224,440,557,850,347,269,276,357,910,495,63,262,532,332,202,343,153,374,243,253,636,766,1398,263,512,119,552,474,87,242,531,381,116,388,178,401,462,306,257,191,330
160,170,72,32,217,35,173,62,61,76,136,211,318,129,106,97,125,317,201,34,98,182,101,78,119,43,113,82,84,257,276,458,99,168,44,193,170,25,84,178,113,35,140,78,159,183,106,191,36,119
382,300,131,69,325,77,320,95,117,150,292,420,578,209,192,197,260,605,352,33,198,338,211,143,215,73,206,171,183,395,484,967,186,305,66,350,341,60,162,332,228,67,272,135,288,293,199,330,119,121
