245,457,209,87,513,124,485,174,176,248,461,499,762,364,291,335,354,751,547,80,319,553,348,216,358,172,368,290,273,587,723,1125,206,524,110,496,510,75,253,473,361,127,406,174,452,407,320,505,183,392
457,180,180,82,439,96,413,135,138,162,361,443,752,271,227,241,316,781,435,40,230,460,247,159,259,98,278,205,212,524,677,1187,228,407,96,458,384,80,206,451,272,91,339,158,349,429,298,438,171,285
209,180,37,22,204,38,191,57,70,73,173,220,394,117,118,110,157,366,214,21,100,193,101,88,129,52,122,84,84,243,306,577,99,181,45,198,181,32,107,210,141,52,154,83,173,199,132,220,81,150
87,82,22,7,94,23,84,24,26,47,86,91,144,47,33,53,43,133,93,14,47,86,58,42,70,34,64,45,52,99,121,210,30,68,10,96,92,20,41,75,62,17,58,29,67,75,53,77,25,67
513,439,204,94,287,109,477,164,170,204,430,568,888,367,296,316,382,896,535,71,276,515,324,204,349,143,376,237,250,617,761,1430,277,465,104,516,476,92,272,522,332,123,402,187,398,473,324,520,193,333
124,96,38,23,109,15,106,31,43,58,98,119,185,59,62,82,79,195,117,13,64,117,75,38,77,36,81,56,67,139,182,263,47,96,13,148,117,17,52,119,76,22,96,41,86,113,69,105,31,73
485,413,191,84,477,106,235,148,150,192,413,513,820,295,257,263,336,879,458,74,274,467,268,192,319,125,309,244,280,594,708,1344,242,440,115,550,419,80,234,524,318,88,356,187,347,431,329,479,148,336
174,135,57,24,164,31,148,15,51,70,134,156,292,94,84,90,95,287,149,19,78,155,99,66,106,28,79,77,69,186,220,416,94,140,36,150,152,19,71,172,103,32,138,51,120,145,105,139,66,99
176,138,70,26,170,43,150,51,27,66,127,145,306,123,87,98,106,299,154,22,101,167,102,63,119,38,105,65,84,219,278,464,87,133,32,148,147,21,74,182,121,32,138,59,140,150,108,195,63,121
248,162,73,47,204,58,192,70,66,51,172,227,358,125,109,118,141,328,196,22,110,204,116,89,152,53,146,95,119,213,285,570,107,208,44,200,195,33,109,222,119,38,162,80,168,172,143,219,75,142
461,361,173,86,430,98,413,134,127,172,182,456,708,269,216,251,300,722,410,69,225,446,248,191,307,115,315,196,229,506,579,1167,210,403,75,436,426,68,213,430,244,89,322,160,328,345,289,460,145,303
499,443,220,91,568,119,513,156,145,227,456,298,969,379,277,323,431,1040,567,63,313,599,327,229,335,150,360,288,292,677,880,1503,310,547,121,635,525,75,288,596,359,108,433,225,449,521,374,608,183,370
762,752,394,144,888,185,820,292,306,358,708,969,772,572,484,539,643,1449,845,121,480,872,555,346,592,222,602,469,496,1100,1363,2369,492,819,178,981,773,164,432,975,623,191,667,326,753,784,549,907,277,603
364,271,117,47,367,59,295,94,123,125,269,379,572,98,176,189,251,573,319,42,160,326,184,117,224,91,240,138,170,394,464,922,176,289,77,359,298,61,147,351,204,62,250,105,252,310,231,300,110,222
291,227,118,33,296,62,257,84,87,109,216,277,484,176,66,131,214,493,300,32,134,291,159,105,165,48,166,135,139,306,450,742,142,229,58,280,237,42,120,307,201,57,219,103,233,267,160,287,89,182
335,241,110,53,316,82,263,90,98,118,251,323,539,189,131,70,228,543,325,32,156,324,179,104,199,55,186,134,168,339,473,820,172,249,51,324,271,58,142,325,200,63,229,109,242,264,185,326,98,201
354,316,157,43,382,79,336,95,106,141,300,431,643,251,214,228,127,629,378,44,197,400,213,164,238,87,282,167,201,464,571,1002,193,351,91,363,349,65,179,367,264,60,264,130,285,324,206,356,125,272
751,781,366,133,896,195,879,287,299,328,722,1040,1449,573,493,543,629,790,812,106,516,895,542,315,547,246,604,446,473,1099,1359,2357,473,848,182,971,829,164,406,942,593,184,650,328,729,819,566,915,309,617
547,435,214,93,535,117,458,149,154,196,410,567,845,319,300,325,378,812,269,67,287,484,290,201,318,131,353,240,250,603,747,1371,267,456,124,565,475,68,281,546,343,109,402,180,398,447,327,543,179,324
80,40,21,14,71,13,74,19,22,22,69,63,121,42,32,32,44,106,67,5,31,62,28,26,34,16,57,34,26,71,86,174,28,51,17,54,67,8,37,62,40,21,49,25,54,47,45,64,21,43
319,230,100,47,276,64,274,78,101,110,225,313,480,160,134,156,197,516,287,31,66,277,190,111,174,68,160,126,136,324,410,823,156,254,64,260,269,34,132,293,176,49,225,126,211,242,174,302,111,172
553,460,193,86,515,117,467,155,167,204,446,599,872,326,291,324,400,895,484,62,277,261,310,213,340,119,376,224,281,674,750,1427,248,478,122,581,465,74,270,554,330,111,399,176,385,471,324,515,186,330
348,247,101,58,324,75,268,99,102,116,248,327,555,184,159,179,213,542,290,28,190,310,85,102,187,60,195,163,143,360,463,873,149,285,69,335,280,46,154,319,198,69,241,112,237,272,179,311,126,198
216,159,88,42,204,38,192,66,63,89,191,229,346,117,105,104,164,315,201,26,111,213,102,33,127,52,149,95,85,234,283,547,95,183,38,210,170,33,90,208,136,47,126,57,156,181,126,197,62,132
358,259,129,70,349,77,319,106,119,152,307,335,592,224,165,199,238,547,318,34,174,340,187,127,92,69,207,165,143,406,514,915,169,298,71,362,301,48,166,351,220,64,267,129,251,324,205,370,125,257
172,98,52,34,143,36,125,28,38,53,115,150,222,91,48,55,87,246,131,16,68,119,60,52,69,11,67,48,56,165,194,403,65,112,33,141,138,23,58,123,66,21,97,45,98,132,68,140,51,94
368,278,122,64,376,81,309,79,105,146,315,360,602,240,166,186,282,604,353,57,160,376,195,149,207,67,123,138,154,422,494,954,181,307,71,353,326,60,147,336,217,69,242,119,272,340,225,357,137,233
290,205,84,45,237,56,244,77,65,95,196,288,469,138,135,134,167,446,240,34,126,224,163,95,165,48,138,59,118,302,343,688,131,242,71,244,227,36,117,216,154,50,188,84,196,191,147,246,110,158
273,212,84,52,250,67,280,69,84,119,229,292,496,170,139,168,201,473,250,26,136,281,143,85,143,56,154,118,49,348,383,745,144,221,56,304,286,39,125,271,157,55,212,104,179,235,144,278,98,163
587,524,243,99,617,139,594,186,219,213,506,677,1100,394,306,339,464,1099,603,71,324,674,360,234,406,165,422,302,348,382,956,1718,320,631,138,658,614,103,303,658,425,109,472,260,494,571,406,667,211,393
723,677,306,121,761,182,708,220,278,285,579,880,1363,464,450,473,571,1359,747,86,410,750,463,283,514,194,494,343,383,956,616,2057,367,708,163,790,683,104,381,799,477,144,608,289,628,686,497,776,274,496
1125,1187,577,210,1430,263,1344,416,464,570,1167,1503,2369,922,742,820,1002,2357,1371,174,823,1427,873,547,915,403,954,688,745,1718,2057,1818,716,1236,294,1475,1266,262,680,1449,907,283,996,544,1198,1281,893,1405,479,951
206,228,99,30,277,47,242,94,87,107,210,310,492,176,142,172,193,473,267,28,156,248,149,95,169,65,181,131,144,320,367,716,68,268,57,273,240,54,139,281,166,61,201,107,222,244,161,245,103,178
524,407,181,68,465,96,440,140,133,208,403,547,819,289,229,249,351,848,456,51,254,478,285,183,298,112,307,242,221,631,708,1236,268,212,112,499,462,79,228,519,302,89,378,151,358,419,272,487,160,347
110,96,45,10,104,13,115,36,32,44,75,121,178,77,58,51,91,182,124,17,64,122,69,38,71,33,71,71,56,138,163,294,57,112,15,126,113,15,60,117,71,24,78,39,73,103,68,122,33,82
496,458,198,96,516,148,550,150,148,200,436,635,981,359,280,324,363,971,565,54,260,581,335,210,362,141,353,244,304,658,790,1475,273,499,126,257,527,88,277,551,370,116,368,196,451,492,341,561,213,373
510,384,181,92,476,117,419,152,147,195,426,525,773,298,237,271,349,829,475,67,269,465,280,170,301,138,326,227,286,614,683,1266,240,462,113,527,225,78,225,491,327,102,341,186,360,423,308,436,165,338
75,80,32,20,92,17,80,19,21,33,68,75,164,61,42,58,65,164,68,8,34,74,46,33,48,23,60,36,39,103,104,262,54,79,15,88,78,5,48,96,55,10,74,31,64,78,54,92,32,55
253,206,107,41,272,52,234,71,74,109,213,288,432,147,120,142,179,406,281,37,132,270,154,90,166,58,147,117,125,303,381,680,139,228,60,277,225,48,56,297,176,50,172,93,197,246,162,244,98,165
473,451,210,75,522,119,524,172,182,222,430,596,975,351,307,325,367,942,546,62,293,554,319,208,351,123,336,216,271,658,799,1449,281,519,117,551,491,96,297,305,351,107,392,212,416,474,341,553,196,356
361,272,141,62,332,76,318,103,121,119,244,359,623,204,201,200,264,593,343,40,176,330,198,136,220,66,217,154,157,425,477,907,166,302,71,370,327,55,176,351,99,73,255,123,274,290,243,345,124,230
127,91,52,17,123,22,88,32,32,38,89,108,191,62,57,63,60,184,109,21,49,111,69,47,64,21,69,50,55,109,144,283,61,89,24,116,102,10,50,107,73,12,68,36,86,96,59,109,46,63
406,339,154,58,402,96,356,138,138,162,322,433,667,250,219,229,264,650,402,49,225,399,241,126,267,97,242,188,212,472,608,996,201,378,78,368,341,74,172,392,255,68,141,132,332,354,237,391,135,266
174,158,83,29,187,41,187,51,59,80,160,225,326,105,103,109,130,328,180,25,126,176,112,57,129,45,119,84,104,260,289,544,107,151,39,196,186,31,93,212,123,36,132,36,156,196,108,205,75,128
452,349,173,67,398,86,347,120,140,168,328,449,753,252,233,242,285,729,398,54,211,385,237,156,251,98,272,196,179,494,628,1198,222,358,73,451,360,64,197,416,274,86,332,156,162,376,264,419,159,283
407,429,199,75,473,113,431,145,150,172,345,521,784,310,267,264,324,819,447,47,242,471,272,181,324,132,340,191,235,571,686,1281,244,419,103,492,423,78,246,474,290,96,354,196,376,222,330,452,173,315
320,298,132,53,324,69,329,105,108,143,289,374,549,231,160,185,206,566,327,45,174,324,179,126,205,68,225,147,144,406,497,893,161,272,68,341,308,54,162,341,243,59,237,108,264,330,92,362,115,217
505,438,220,77,520,105,479,139,195,219,460,608,907,300,287,326,356,915,543,64,302,515,311,197,370,140,357,246,278,667,776,1405,245,487,122,561,436,92,244,553,345,109,391,205,419,452,362,258,177,361
183,171,81,25,193,31,148,66,63,75,145,183,277,110,89,98,125,309,179,21,111,186,126,62,125,51,137,110,98,211,274,479,103,160,33,213,165,32,98,196,124,46,135,75,159,173,115,177,31,115
392,285,150,67,333,73,336,99,121,142,303,370,603,222,182,201,272,617,324,43,172,330,198,132,257,94,233,158,163,393,496,951,178,347,82,373,338,55,165,356,230,63,266,128,283,315,217,361,115,105
