283,452,206,82,524,111,454,159,167,251,442,520,855,337,289,333,365,860,543,61,316,490,325,200,340,163,374,295,271,622,711,1201,242,475,99,549,493,83,256,469,310,107,394,168,394,442,341,505,149,378
452,181,177,84,434,108,431,135,158,160,334,478,804,280,213,249,354,795,463,59,231,471,256,192,281,102,298,186,219,514,671,1238,229,431,88,468,438,71,249,492,299,99,348,160,358,404,258,497,153,297
206,177,45,41,187,63,210,50,67,88,169,208,358,148,110,106,166,370,206,25,107,223,123,76,134,55,145,93,96,255,304,575,122,202,58,210,185,33,90,214,155,38,153,56,168,187,120,224,77,118
82,84,41,7,88,16,87,38,33,44,74,79,158,43,47,57,70,147,71,10,50,81,52,40,58,28,66,51,49,132,132,228,44,92,14,96,90,16,54,98,61,20,69,32,74,72,41,91,27,63
524,434,187,88,278,117,499,169,165,187,426,582,909,357,261,297,373,959,496,72,280,512,292,208,338,131,331,250,275,662,731,1419,278,449,124,531,465,69,272,516,355,104,395,182,381,429,295,498,188,342
111,108,63,16,117,8,96,49,46,54,87,115,201,63,60,70,83,195,107,15,62,100,72,43,83,42,95,56,70,145,174,314,60,118,24,125,104,19,54,120,73,17,95,31,90,99,65,94,42,78
454,431,210,87,499,96,240,139,165,203,412,507,838,332,240,282,335,856,518,83,264,515,283,190,318,131,335,229,239,628,734,1345,249,458,131,511,429,77,258,553,343,95,393,180,371,479,315,514,202,315
159,135,50,38,169,49,139,16,51,67,162,192,287,83,85,82,113,268,149,17,91,144,82,56,89,40,95,72,73,178,255,437,80,146,43,146,146,17,70,161,83,29,113,64,119,132,99,162,51,118
167,158,67,33,165,46,165,51,34,85,147,184,322,102,96,106,122,304,188,15,81,187,108,73,117,33,110,77,86,232,262,484,90,167,40,183,144,21,78,184,117,32,115,62,126,148,98,179,73,108
251,160,88,44,187,54,203,67,85,39,147,222,368,144,105,126,152,336,195,18,112,232,105,87,135,56,124,122,111,236,317,524,109,203,53,213,221,39,117,204,125,51,161,70,166,195,131,252,69,138
442,334,169,74,426,87,412,162,147,147,140,462,726,272,247,234,324,733,441,51,234,457,240,158,278,116,291,236,236,522,620,1104,229,434,113,449,420,73,234,432,269,97,341,154,320,401,271,470,152,283
520,478,208,79,582,115,507,192,184,222,462,301,1001,352,299,337,419,981,581,58,308,586,325,225,357,129,375,252,300,700,890,1608,323,501,147,607,492,101,313,633,346,150,399,219,446,533,359,564,217,370
855,804,358,158,909,201,838,287,322,368,726,1001,785,594,471,530,671,1437,955,122,533,932,529,354,593,234,611,401,459,1143,1397,2420,464,842,226,1007,879,181,477,1011,573,212,690,357,743,823,643,915,339,584
337,280,148,43,357,63,332,83,102,144,272,352,594,108,177,184,265,583,330,44,174,329,184,139,214,100,228,147,169,438,476,894,170,306,72,322,309,47,166,351,210,75,230,116,269,305,197,356,148,225
289,213,110,47,261,60,240,85,96,105,247,299,471,177,87,133,188,477,283,23,164,261,143,102,188,75,175,125,128,347,413,708,158,242,63,277,262,38,122,280,166,53,202,97,223,265,156,296,98,172
333,249,106,57,297,70,282,82,106,126,234,337,530,184,133,76,199,507,311,24,181,310,166,121,204,71,176,130,163,349,462,768,159,259,61,287,272,35,132,325,198,56,270,102,253,266,170,337,120,182
365,354,166,70,373,83,335,113,122,152,324,419,671,265,188,199,131,693,374,45,186,371,252,149,232,82,246,172,181,455,539,1013,210,359,74,385,343,55,166,382,248,80,309,122,284,332,242,408,121,239
860,795,370,147,959,195,856,268,304,336,733,981,1437,583,477,507,693,790,934,121,524,929,536,372,605,227,653,436,468,1146,1414,2402,504,848,203,1001,864,168,450,987,569,203,682,343,757,830,607,904,341,608
543,463,206,71,496,107,518,149,188,195,441,581,955,330,283,311,374,934,240,61,331,479,286,205,354,137,337,238,251,652,778,1400,273,494,121,586,475,71,259,539,325,94,381,216,405,473,343,524,189,359
61,59,25,10,72,15,83,17,15,18,51,58,122,44,23,24,45,121,61,0,29,53,37,32,40,17,41,27,33,81,93,191,34,62,11,67,64,11,41,70,36,15,45,23,53,52,26,70,21,45
316,231,107,50,280,62,264,91,81,112,234,308,533,174,164,181,186,524,331,29,75,315,154,124,178,64,191,125,123,329,454,831,165,271,66,283,247,50,138,313,178,73,232,102,216,261,179,307,98,194
490,471,223,81,512,100,515,144,187,232,457,586,932,329,261,310,371,929,479,53,315,260,303,221,343,134,335,259,254,664,737,1387,263,453,114,569,481,81,271,547,359,107,422,217,423,462,334,557,206,327
325,256,123,52,292,72,283,82,108,105,240,325,529,184,143,166,252,536,286,37,154,303,89,119,200,74,186,126,136,384,476,875,170,268,78,303,335,54,153,296,196,70,261,110,247,256,184,337,115,194
200,192,76,40,208,43,190,56,73,87,158,225,354,139,102,121,149,372,205,32,124,221,119,40,118,50,140,80,91,280,306,545,104,184,51,233,199,26,104,220,139,35,152,71,152,182,129,220,74,126
340,281,134,58,338,83,318,89,117,135,278,357,593,214,188,204,232,605,354,40,178,343,200,118,97,72,208,159,145,379,483,959,166,309,84,324,348,52,162,349,209,71,255,121,267,337,179,337,139,202
163,102,55,28,131,42,131,40,33,56,116,129,234,100,75,71,82,227,137,17,64,134,74,50,72,16,72,49,58,176,190,360,66,126,31,126,119,18,60,131,70,24,96,38,110,129,86,152,58,79
374,298,145,66,331,95,335,95,110,124,291,375,611,228,175,176,246,653,337,41,191,335,186,140,208,72,111,139,158,432,517,970,195,331,79,328,294,53,161,378,231,73,271,115,282,331,211,369,131,203
295,186,93,51,250,56,229,72,77,122,236,252,401,147,125,130,172,436,238,27,125,259,126,80,159,49,139,53,139,302,364,661,116,234,43,247,227,33,108,264,149,43,170,76,189,199,130,243,91,171
271,219,96,49,275,70,239,73,86,111,236,300,459,169,128,163,181,468,251,33,123,254,136,91,145,58,158,139,53,323,390,685,139,239,51,252,256,30,136,270,173,48,235,85,188,226,155,260,89,162
622,514,255,132,662,145,628,178,232,236,522,700,1143,438,347,349,455,1146,652,81,329,664,384,280,379,176,432,302,323,422,956,1828,347,598,137,674,599,88,316,665,412,124,501,258,516,572,406,659,254,424
711,671,304,132,731,174,734,255,262,317,620,890,1397,476,413,462,539,1414,778,93,454,737,476,306,483,190,517,364,390,956,513,1990,409,699,176,833,718,141,407,835,496,158,642,284,580,652,468,766,311,485
1201,1238,575,228,1419,314,1345,437,484,524,1104,1608,2420,894,708,768,1013,2402,1400,191,831,1387,875,545,959,360,970,661,685,1828,1990,1902,730,1323,330,1528,1332,240,662,1493,979,290,1060,518,1167,1230,874,1443,513,914
242,229,122,44,278,60,249,80,90,109,229,323,464,170,158,159,210,504,273,34,165,263,170,104,166,66,195,116,139,347,409,730,73,259,66,301,266,52,144,324,189,64,204,101,224,250,159,280,113,174
475,431,202,92,449,118,458,146,167,203,434,501,842,306,242,259,359,848,494,62,271,453,268,184,309,126,331,234,239,598,699,1323,259,222,89,514,428,68,254,522,307,95,376,165,382,423,264,506,177,327
99,88,58,14,124,24,131,43,40,53,113,147,226,72,63,61,74,203,121,11,66,114,78,51,84,31,79,43,51,137,176,330,66,89,14,107,106,17,62,110,67,20,105,42,98,113,76,130,44,88
549,468,210,96,531,125,511,146,183,213,449,607,1007,322,277,287,385,1001,586,67,283,569,303,233,324,126,328,247,252,674,833,1528,301,514,107,286,520,90,260,587,360,100,454,196,430,493,335,553,205,366
493,438,185,90,465,104,429,146,144,221,420,492,879,309,262,272,343,864,475,64,247,481,335,199,348,119,294,227,256,599,718,1332,266,428,106,520,229,82,209,549,298,94,357,177,395,382,340,498,201,332
83,71,33,16,69,19,77,17,21,39,73,101,181,47,38,35,55,168,71,11,50,81,54,26,52,18,53,33,30,88,141,240,52,68,17,90,82,9,57,95,52,19,72,35,74,81,43,88,31,57
256,249,90,54,272,54,258,70,78,117,234,313,477,166,122,132,166,450,259,41,138,271,153,104,162,60,161,108,136,316,407,662,144,254,62,260,209,57,56,250,163,57,203,98,201,225,173,258,84,174
469,492,214,98,516,120,553,161,184,204,432,633,1011,351,280,325,382,987,539,70,313,547,296,220,349,131,378,264,270,665,835,1493,324,522,110,587,549,95,250,291,369,107,432,193,449,508,332,571,193,380
310,299,155,61,355,73,343,83,117,125,269,346,573,210,166,198,248,569,325,36,178,359,196,139,209,70,231,149,173,412,496,979,189,307,67,360,298,52,163,369,95,76,246,146,289,318,209,357,142,228
107,99,38,20,104,17,95,29,32,51,97,150,212,75,53,56,80,203,94,15,73,107,70,35,71,24,73,43,48,124,158,290,64,95,20,100,94,19,57,107,76,10,68,49,79,95,62,111,43,75
394,348,153,69,395,95,393,113,115,161,341,399,690,230,202,270,309,682,381,45,232,422,261,152,255,96,271,170,235,501,642,1060,204,376,105,454,357,72,203,432,246,68,142,157,331,366,266,437,131,259
168,160,56,32,182,31,180,64,62,70,154,219,357,116,97,102,122,343,216,23,102,217,110,71,121,38,115,76,85,258,284,518,101,165,42,196,177,35,98,193,146,49,157,40,154,174,104,192,74,135
394,358,168,74,381,90,371,119,126,166,320,446,743,269,223,253,284,757,405,53,216,423,247,152,267,110,282,189,188,516,580,1167,224,382,98,430,395,74,201,449,289,79,331,154,155,352,215,418,159,229
442,404,187,72,429,99,479,132,148,195,401,533,823,305,265,266,332,830,473,52,261,462,256,182,337,129,331,199,226,572,652,1230,250,423,113,493,382,81,225,508,318,95,366,174,352,194,308,507,166,293
341,258,120,41,295,65,315,99,98,131,271,359,643,197,156,170,242,607,343,26,179,334,184,129,179,86,211,130,155,406,468,874,159,264,76,335,340,43,173,332,209,62,266,104,215,308,82,319,126,211
505,497,224,91,498,94,514,162,179,252,470,564,915,356,296,337,408,904,524,70,307,557,337,220,337,152,369,243,260,659,766,1443,280,506,130,553,498,88,258,571,357,111,437,192,418,507,319,271,206,336
149,153,77,27,188,42,202,51,73,69,152,217,339,148,98,120,121,341,189,21,98,206,115,74,139,58,131,91,89,254,311,513,113,177,44,205,201,31,84,193,142,43,131,74,159,166,126,206,33,114
378,297,118,63,342,78,315,118,108,138,283,370,584,225,172,182,239,608,359,45,194,327,194,126,202,79,203,171,162,424,485,914,174,327,88,366,332,57,174,380,228,75,259,135,229,293,211,336,114,114
