242,459,217,94,497,109,475,155,180,245,419,520,844,359,329,322,362,812,539,81,354,533,363,246,359,154,398,281,318,644,669,1162,249,481,123,529,501,99,214,449,304,100,349,186,437,400,305,487,191,372
459,173,171,69,468,106,404,121,151,203,414,464,768,300,200,244,330,803,434,53,223,462,245,164,262,113,288,194,195,578,680,1230,235,436,121,431,411,80,202,453,284,96,326,169,352,417,273,458,143,312
217,171,26,37,215,55,198,78,63,86,184,216,361,135,109,98,149,351,240,34,122,228,124,73,132,56,131,73,122,253,294,616,121,212,30,214,187,27,113,174,124,54,153,69,151,175,133,213,73,128
94,69,37,11,87,21,74,24,23,33,66,94,137,65,41,54,65,134,85,14,47,94,61,32,53,18,62,46,43,98,119,195,34,79,17,105,87,13,47,83,59,32,55,33,59,68,49,74,35,54
497,468,215,87,254,139,535,148,178,210,419,595,1001,342,260,260,402,992,513,49,288,524,310,204,341,142,354,215,248,650,787,1498,281,513,116,560,470,99,307,524,331,116,381,214,460,486,307,538,218,342
109,106,55,21,139,13,95,37,31,41,94,131,181,79,67,94,86,179,116,19,69,134,63,44,71,32,86,63,65,145,183,255,51,123,25,125,110,17,69,112,75,27,91,44,93,99,69,121,31,87
475,404,198,74,535,95,234,152,160,176,395,563,870,301,260,310,343,844,475,70,289,491,295,189,330,127,338,234,247,599,754,1296,269,456,121,551,436,102,237,521,338,96,370,187,340,466,288,479,185,331
155,121,78,24,148,37,152,22,50,67,148,157,263,99,80,90,94,270,154,14,85,168,70,65,89,36,99,77,80,176,232,405,78,128,34,158,141,18,55,149,94,28,118,60,107,132,100,146,49,122
180,151,63,23,178,31,160,50,25,68,134,185,300,106,75,79,132,295,178,14,88,152,93,76,89,39,115,84,71,192,230,461,92,136,36,196,174,28,90,157,113,34,116,51,122,152,97,180,57,98
245,203,86,33,210,41,176,67,68,33,156,213,359,138,120,106,137,348,207,32,116,217,131,86,133,65,165,100,110,243,308,519,106,178,51,210,199,29,91,226,116,34,135,74,159,199,153,195,76,144
419,414,184,66,419,94,395,148,134,156,189,451,775,297,234,237,283,750,434,53,232,446,264,165,303,130,310,204,235,548,644,1135,226,395,124,435,390,65,224,445,267,94,337,172,357,365,310,426,160,319
520,464,216,94,595,131,563,157,185,213,451,332,1029,355,299,289,425,1039,525,51,296,562,338,229,395,133,379,256,281,702,843,1616,331,502,123,597,532,96,268,645,375,122,418,218,472,496,367,569,212,346
844,768,361,137,1001,181,870,263,300,359,775,1029,859,571,467,491,637,1539,896,113,496,942,529,351,595,253,624,443,466,1231,1418,2546,537,846,213,959,820,156,452,985,587,186,672,350,712,878,608,961,353,580
359,300,135,65,342,79,301,99,106,138,297,355,571,96,152,174,231,592,333,28,181,348,209,151,212,83,216,154,165,417,536,907,178,294,83,358,288,41,173,325,205,59,241,135,241,318,200,337,109,234
329,200,109,41,260,67,260,80,75,120,234,299,467,152,77,141,190,450,269,27,165,268,161,113,186,60,181,124,145,338,395,704,143,250,52,285,239,35,132,239,177,63,226,91,218,256,167,281,102,188
322,244,98,54,260,94,310,90,79,106,237,289,491,174,141,85,193,523,278,31,165,284,161,123,191,71,196,122,147,319,422,802,175,246,59,293,272,48,154,316,196,59,228,105,249,280,178,306,112,197
362,330,149,65,402,86,343,94,132,137,283,425,637,231,190,193,130,648,411,46,207,418,209,150,222,104,255,166,178,456,556,1029,186,370,82,397,366,54,169,392,271,75,282,151,284,328,248,361,143,223
812,803,351,134,992,179,844,270,295,348,750,1039,1539,592,450,523,648,865,878,128,500,958,557,355,628,238,638,455,466,1161,1392,2588,515,836,207,1004,840,157,486,966,602,195,679,329,719,876,616,959,351,589
539,434,240,85,513,116,475,154,178,207,434,525,896,333,269,278,411,878,276,67,289,516,275,199,335,130,354,214,253,630,795,1384,285,513,118,603,468,87,264,515,338,99,367,224,393,509,317,521,190,384
81,53,34,14,49,19,70,14,14,32,53,51,113,28,27,31,46,128,67,2,28,58,36,26,34,18,31,28,29,72,80,183,29,54,12,64,62,7,28,54,40,12,40,25,42,63,28,64,24,47
354,223,122,47,288,69,289,85,88,116,232,296,496,181,165,165,207,500,289,28,78,281,153,122,168,77,195,109,140,360,432,793,143,254,60,303,267,35,146,301,176,63,225,106,214,233,168,271,109,186
533,462,228,94,524,134,491,168,152,217,446,562,942,348,268,284,418,958,516,58,281,268,279,208,370,116,343,243,266,636,794,1502,299,531,122,639,500,85,280,563,349,116,397,192,407,502,315,548,183,366
363,245,124,61,310,63,295,70,93,131,264,338,529,209,161,161,209,557,275,36,153,279,93,114,201,60,179,128,159,368,401,768,152,280,58,304,297,47,152,317,196,69,234,88,269,260,191,317,111,224
246,164,73,32,204,44,189,65,76,86,165,229,351,151,113,123,150,355,199,26,122,208,114,46,123,46,150,80,104,260,304,529,88,182,46,217,193,37,94,212,128,46,139,71,143,174,123,182,77,142
359,262,132,53,341,71,330,89,89,133,303,395,595,212,186,191,222,628,335,34,168,370,201,123,100,75,210,158,169,382,483,891,170,294,72,320,336,67,174,371,222,91,258,128,274,322,212,383,137,237
154,113,56,18,142,32,127,36,39,65,130,133,253,83,60,71,104,238,130,18,77,116,60,46,75,10,72,62,67,163,185,368,70,130,43,130,101,25,65,128,86,37,86,33,83,91,82,130,52,95
398,288,131,62,354,86,338,99,115,165,310,379,624,216,181,196,255,638,354,31,195,343,179,150,210,72,102,142,162,438,527,963,175,327,99,358,339,73,179,392,218,76,257,145,253,311,226,360,138,222
281,194,73,46,215,63,234,77,84,100,204,256,443,154,124,122,166,455,214,28,109,243,128,80,158,62,142,58,120,293,368,698,121,223,56,225,222,39,117,238,132,36,187,92,174,216,136,241,101,164
318,195,122,43,248,65,247,80,71,110,235,281,466,165,145,147,178,466,253,29,140,266,159,104,169,67,162,120,63,307,373,728,141,234,58,259,223,34,141,252,163,51,177,90,228,241,152,259,99,153
644,578,253,98,650,145,599,176,192,243,548,702,1231,417,338,319,456,1161,630,72,360,636,368,260,382,163,438,293,307,360,974,1909,363,529,169,655,580,96,324,702,419,129,462,250,519,630,387,704,279,437
669,680,294,119,787,183,754,232,230,308,644,843,1418,536,395,422,556,1392,795,80,432,794,401,304,483,185,527,368,373,974,625,2165,457,732,187,822,720,133,395,838,510,164,565,249,579,738,513,773,276,497
1162,1230,616,195,1498,255,1296,405,461,519,1135,1616,2546,907,704,802,1029,2588,1384,183,793,1502,768,529,891,368,963,698,728,1909,2165,2003,773,1352,342,1497,1232,258,704,1528,972,301,1084,505,1105,1391,898,1475,526,888
249,235,121,34,281,51,269,78,92,106,226,331,537,178,143,175,186,515,285,29,143,299,152,88,170,70,175,121,141,363,457,773,73,251,55,290,260,52,138,287,201,67,225,96,218,274,176,301,88,181
481,436,212,79,513,123,456,128,136,178,395,502,846,294,250,246,370,836,513,54,254,531,280,182,294,130,327,223,234,529,732,1352,251,239,109,484,450,75,249,516,328,100,331,191,386,467,286,505,164,307
123,121,30,17,116,25,121,34,36,51,124,123,213,83,52,59,82,207,118,12,60,122,58,46,72,43,99,56,58,169,187,342,55,109,6,124,99,28,77,131,72,27,107,59,90,115,72,135,36,75
529,431,214,105,560,125,551,158,196,210,435,597,959,358,285,293,397,1004,603,64,303,639,304,217,320,130,358,225,259,655,822,1497,290,484,124,310,533,90,268,580,348,104,416,199,444,478,355,556,207,339
501,411,187,87,470,110,436,141,174,199,390,532,820,288,239,272,366,840,468,62,267,500,297,193,336,101,339,222,223,580,720,1232,260,450,99,533,217,75,234,512,314,98,354,186,380,424,274,464,152,325
99,80,27,13,99,17,102,18,28,29,65,96,156,41,35,48,54,157,87,7,35,85,47,37,67,25,73,39,34,96,133,258,52,75,28,90,75,3,44,105,51,20,70,29,73,80,40,101,33,62
214,202,113,47,307,69,237,55,90,91,224,268,452,173,132,154,169,486,264,28,146,280,152,94,174,65,179,117,141,324,395,704,138,249,77,268,234,44,62,274,181,48,194,95,202,233,164,261,101,167
449,453,174,83,524,112,521,149,157,226,445,645,985,325,239,316,392,966,515,54,301,563,317,212,371,128,392,238,252,702,838,1528,287,516,131,580,512,105,274,306,368,116,428,209,400,528,322,558,203,372
304,284,124,59,331,75,338,94,113,116,267,375,587,205,177,196,271,602,338,40,176,349,196,128,222,86,218,132,163,419,510,972,201,328,72,348,314,51,181,368,127,77,287,157,273,336,215,366,125,251
100,96,54,32,116,27,96,28,34,34,94,122,186,59,63,59,75,195,99,12,63,116,69,46,91,37,76,36,51,129,164,301,67,100,27,104,98,20,48,116,77,5,95,43,89,97,77,110,45,62
349,326,153,55,381,91,370,118,116,135,337,418,672,241,226,228,282,679,367,40,225,397,234,139,258,86,257,187,177,462,565,1084,225,331,107,416,354,70,194,428,287,95,145,171,313,355,251,385,147,304
186,169,69,33,214,44,187,60,51,74,172,218,350,135,91,105,151,329,224,25,106,192,88,71,128,33,145,92,90,250,249,505,96,191,59,199,186,29,95,209,157,43,171,25,151,176,119,192,67,110
437,352,151,59,460,93,340,107,122,159,357,472,712,241,218,249,284,719,393,42,214,407,269,143,274,83,253,174,228,519,579,1105,218,386,90,444,380,73,202,400,273,89,313,151,158,359,222,436,159,290
400,417,175,68,486,99,466,132,152,199,365,496,878,318,256,280,328,876,509,63,233,502,260,174,322,91,311,216,241,630,738,1391,274,467,115,478,424,80,233,528,336,97,355,176,359,207,303,499,184,307
305,273,133,49,307,69,288,100,97,153,310,367,608,200,167,178,248,616,317,28,168,315,191,123,212,82,226,136,152,387,513,898,176,286,72,355,274,40,164,322,215,77,251,119,222,303,95,357,120,233
487,458,213,74,538,121,479,146,180,195,426,569,961,337,281,306,361,959,521,64,271,548,317,182,383,130,360,241,259,704,773,1475,301,505,135,556,464,101,261,558,366,110,385,192,436,499,357,255,194,325
191,143,73,35,218,31,185,49,57,76,160,212,353,109,102,112,143,351,190,24,109,183,111,77,137,52,138,101,99,279,276,526,88,164,36,207,152,33,101,203,125,45,147,67,159,184,120,194,42,117
372,312,128,54,342,87,331,122,98,144,319,346,580,234,188,197,223,589,384,47,186,366,224,142,237,95,222,164,153,437,497,888,181,307,75,339,325,62,167,372,251,62,304,110,290,307,233,325,117,117
