286,461,228,96,471,109,476,191,188,250,456,557,809,345,310,344,384,804,489,70,333,520,345,227,389,146,351,272,319,643,744,1177,235,466,109,570,486,87,255,472,295,101,391,172,429,422,344,467,188,382
461,174,141,53,466,95,392,128,155,181,367,499,782,281,213,224,325,759,440,54,221,428,237,181,275,104,271,213,204,560,695,1236,238,422,96,481,386,66,200,439,269,69,347,148,332,406,283,445,174,293
228,141,35,40,186,46,168,54,59,89,175,201,375,128,115,98,142,385,197,25,112,199,111,77,129,46,136,93,103,244,320,586,127,195,34,203,189,27,101,189,108,48,153,63,153,190,124,248,78,147
96,53,40,6,77,15,59,25,28,41,73,108,149,57,49,57,66,158,90,15,50,87,51,30,46,26,63,48,45,101,150,225,36,67,23,98,80,15,53,84,50,20,55,32,56,82,62,87,25,56
471,466,186,77,267,114,485,151,142,190,446,579,941,322,265,298,347,938,536,68,255,526,291,247,361,122,339,265,254,638,747,1453,274,514,118,557,495,82,252,559,336,102,361,189,415,486,335,495,181,336
109,95,46,15,114,12,112,43,46,58,100,122,206,76,59,71,86,189,129,13,61,119,68,44,85,31,77,60,62,125,195,293,51,103,29,131,121,14,56,96,67,14,67,43,91,93,72,116,41,83
476,392,168,59,485,112,206,142,165,177,415,538,895,305,264,280,379,905,494,75,265,478,291,191,301,131,296,228,195,644,750,1345,264,451,136,535,441,77,244,467,326,91,359,167,349,421,348,503,179,362
191,128,54,25,151,43,142,18,48,70,134,157,273,101,83,75,119,259,153,21,68,151,87,67,92,40,98,65,78,181,234,406,85,135,37,145,133,19,71,155,118,31,114,51,129,129,90,146,56,107
188,155,59,28,142,46,165,48,28,62,141,171,273,96,80,94,144,289,175,17,82,190,104,76,111,48,127,74,75,200,230,427,93,162,39,186,163,27,78,167,123,31,144,61,146,163,103,183,61,95
250,181,89,41,190,58,177,70,62,48,173,244,354,127,123,124,144,366,227,29,87,223,121,77,133,60,127,111,110,246,317,526,103,214,53,219,184,30,99,211,143,30,171,65,164,184,130,186,87,139
456,367,175,73,446,100,415,134,141,173,173,487,730,280,222,250,315,733,447,49,237,447,241,162,282,104,266,199,226,541,627,1107,218,404,100,466,385,62,208,414,294,81,311,156,356,397,297,405,161,293
557,499,201,108,579,122,538,157,171,244,487,304,1035,371,285,303,404,1052,575,71,298,567,325,231,321,142,377,257,293,735,866,1630,287,490,132,608,528,91,291,581,355,131,419,230,436,526,324,599,219,376
809,782,375,149,941,206,895,273,273,354,730,1035,812,577,464,524,660,1525,934,119,536,894,542,373,565,214,626,489,478,1192,1373,2484,503,860,196,955,862,162,496,923,607,185,640,362,706,822,571,937,316,588
345,281,128,57,322,76,305,101,96,127,280,371,577,108,188,192,223,596,333,54,165,314,194,126,207,82,211,155,147,401,481,900,173,313,91,349,310,51,172,321,201,65,259,117,246,263,222,340,130,239
310,213,115,49,265,59,264,83,80,123,222,285,464,188,77,143,185,475,245,35,150,277,153,122,168,73,167,122,125,308,391,722,147,250,56,247,277,42,131,274,165,57,203,83,184,264,167,280,80,207
344,224,98,57,298,71,280,75,94,124,250,303,524,192,143,98,207,515,284,37,150,281,165,113,169,86,198,124,145,333,424,800,158,290,46,277,302,51,144,304,195,69,227,90,215,276,160,312,98,202
384,325,142,66,347,86,379,119,144,144,315,404,660,223,185,207,123,665,371,42,193,342,207,142,269,89,231,149,177,435,503,1017,188,353,90,365,355,62,198,387,246,89,236,147,297,369,236,348,153,235
804,759,385,158,938,189,905,259,289,366,733,1052,1525,596,475,515,665,764,920,107,503,882,537,369,595,244,649,436,428,1067,1340,2433,519,854,182,933,832,169,473,956,572,183,667,349,742,839,545,924,318,625
489,440,197,90,536,129,494,153,175,227,447,575,934,333,245,284,371,920,265,79,272,498,310,196,360,132,336,259,254,592,798,1460,269,476,111,537,463,80,230,540,302,106,389,180,412,461,325,525,176,367
70,54,25,15,68,13,75,21,17,29,49,71,119,54,35,37,42,107,79,6,37,72,42,34,41,23,58,33,34,93,97,169,33,63,12,83,74,11,31,62,43,21,50,28,54,58,38,88,19,36
333,221,112,50,255,61,265,68,82,87,237,298,536,165,150,150,193,503,272,37,75,276,157,104,184,75,186,130,136,317,454,786,146,236,57,293,238,52,135,279,168,61,193,99,218,262,159,290,101,178
520,428,199,87,526,119,478,151,190,223,447,567,894,314,277,281,342,882,498,72,276,242,293,205,341,130,337,239,260,612,749,1464,262,516,113,539,492,78,240,517,316,103,391,178,393,462,325,567,185,337
345,237,111,51,291,68,291,87,104,121,241,325,542,194,153,165,207,537,310,42,157,293,82,116,182,85,179,139,132,372,459,874,152,282,80,315,285,39,156,319,210,65,215,110,218,287,196,323,102,240
227,181,77,30,247,44,191,67,76,77,162,231,373,126,122,113,142,369,196,34,104,205,116,41,141,57,149,99,96,286,296,537,106,210,58,212,190,31,113,209,146,54,145,81,159,164,147,197,89,144
389,275,129,46,361,85,301,92,111,133,282,321,565,207,168,169,269,595,360,41,184,341,182,141,105,73,202,156,158,390,513,982,171,301,80,360,304,54,180,336,203,70,244,111,231,319,217,351,117,259
146,104,46,26,122,31,131,40,48,60,104,142,214,82,73,86,89,244,132,23,75,130,85,57,73,24,78,68,68,167,204,357,75,110,28,117,132,12,64,138,96,23,95,53,99,98,87,122,58,91
351,271,136,63,339,77,296,98,127,127,266,377,626,211,167,198,231,649,336,58,186,337,179,149,202,78,117,141,148,433,528,991,181,321,72,348,317,56,150,342,218,68,256,112,269,321,189,344,129,224
272,213,93,48,265,60,228,65,74,111,199,257,489,155,122,124,149,436,259,33,130,239,139,99,156,68,141,48,139,288,390,665,146,224,43,230,226,41,120,263,150,41,185,84,186,237,141,253,96,151
319,204,103,45,254,62,195,78,75,110,226,293,478,147,125,145,177,428,254,34,136,260,132,96,158,68,148,139,55,305,379,719,121,246,58,272,245,39,121,261,163,58,189,83,188,226,154,234,92,171
643,560,244,101,638,125,644,181,200,246,541,735,1192,401,308,333,435,1067,592,93,317,612,372,286,390,167,433,288,305,362,914,1758,356,619,154,648,594,108,311,689,400,114,426,261,515,559,397,653,251,425
744,695,320,150,747,195,750,234,230,317,627,866,1373,481,391,424,503,1340,798,97,454,749,459,296,513,204,528,390,379,914,550,2029,425,728,162,874,788,150,373,748,478,160,576,294,627,705,488,773,289,520
1177,1236,586,225,1453,293,1345,406,427,526,1107,1630,2484,900,722,800,1017,2433,1460,169,786,1464,874,537,982,357,991,665,719,1758,2029,1991,758,1325,318,1529,1341,280,711,1449,927,301,1034,535,1163,1261,901,1433,466,990
235,238,127,36,274,51,264,85,93,103,218,287,503,173,147,158,188,519,269,33,146,262,152,106,171,75,181,146,121,356,425,758,70,221,62,285,248,44,131,303,176,43,210,101,196,228,176,288,90,225
466,422,195,67,514,103,451,135,162,214,404,490,860,313,250,290,353,854,476,63,236,516,282,210,301,110,321,224,246,619,728,1325,221,200,137,491,416,70,255,514,307,101,324,195,376,435,324,500,172,314
109,96,34,23,118,29,136,37,39,53,100,132,196,91,56,46,90,182,111,12,57,113,80,58,80,28,72,43,58,154,162,318,62,137,15,127,127,20,49,133,64,25,81,48,109,100,67,116,50,86
570,481,203,98,557,131,535,145,186,219,466,608,955,349,247,277,365,933,537,83,293,539,315,212,360,117,348,230,272,648,874,1529,285,491,127,299,485,104,280,626,339,113,412,217,439,536,352,577,208,389
486,386,189,80,495,121,441,133,163,184,385,528,862,310,277,302,355,832,463,74,238,492,285,190,304,132,317,226,245,594,788,1341,248,416,127,485,219,72,267,488,294,87,323,180,367,438,292,518,154,323
87,66,27,15,82,14,77,19,27,30,62,91,162,51,42,51,62,169,80,11,52,78,39,31,54,12,56,41,39,108,150,280,44,70,20,104,72,5,46,81,57,18,59,34,58,68,38,104,34,48
255,200,101,53,252,56,244,71,78,99,208,291,496,172,131,144,198,473,230,31,135,240,156,113,180,64,150,120,121,311,373,711,131,255,49,280,267,46,64,238,157,50,199,90,214,222,149,246,94,169
472,439,189,84,559,96,467,155,167,211,414,581,923,321,274,304,387,956,540,62,279,517,319,209,336,138,342,263,261,689,748,1449,303,514,133,626,488,81,238,273,371,114,394,195,426,525,346,561,198,345
295,269,108,50,336,67,326,118,123,143,294,355,607,201,165,195,246,572,302,43,168,316,210,146,203,96,218,150,163,400,478,927,176,307,64,339,294,57,157,371,114,62,255,137,266,322,217,349,115,209
101,69,48,20,102,14,91,31,31,30,81,131,185,65,57,69,89,183,106,21,61,103,65,54,70,23,68,41,58,114,160,301,43,101,25,113,87,18,50,114,62,6,89,36,67,95,55,99,38,72
391,347,153,55,361,67,359,114,144,171,311,419,640,259,203,227,236,667,389,50,193,391,215,145,244,95,256,185,189,426,576,1034,210,324,81,412,323,59,199,394,255,89,154,138,317,364,232,371,138,248
172,148,63,32,189,43,167,51,61,65,156,230,362,117,83,90,147,349,180,28,99,178,110,81,111,53,112,84,83,261,294,535,101,195,48,217,180,34,90,195,137,36,138,27,136,180,111,192,60,129
429,332,153,56,415,91,349,129,146,164,356,436,706,246,184,215,297,742,412,54,218,393,218,159,231,99,269,186,188,515,627,1163,196,376,109,439,367,58,214,426,266,67,317,136,156,342,265,425,150,292
422,406,190,82,486,93,421,129,163,184,397,526,822,263,264,276,369,839,461,58,262,462,287,164,319,98,321,237,226,559,705,1261,228,435,100,536,438,68,222,525,322,95,364,180,342,195,293,470,183,300
344,283,124,62,335,72,348,90,103,130,297,324,571,222,167,160,236,545,325,38,159,325,196,147,217,87,189,141,154,397,488,901,176,324,67,352,292,38,149,346,217,55,232,111,265,293,95,337,120,217
467,445,248,87,495,116,503,146,183,186,405,599,937,340,280,312,348,924,525,88,290,567,323,197,351,122,344,253,234,653,773,1433,288,500,116,577,518,104,246,561,349,99,371,192,425,470,337,238,203,356
188,174,78,25,181,41,179,56,61,87,161,219,316,130,80,98,153,318,176,19,101,185,102,89,117,58,129,96,92,251,289,466,90,172,50,208,154,34,94,198,115,38,138,60,150,183,120,203,27,131
382,293,147,56,336,83,362,107,95,139,293,376,588,239,207,202,235,625,367,36,178,337,240,144,259,91,224,151,171,425,520,990,225,314,86,389,323,48,169,345,209,72,248,129,292,300,217,356,131,111
