269,485,219,99,519,129,511,174,161,240,469,548,854,380,309,345,387,840,547,73,318,514,360,218,397,157,344,271,296,630,708,1200,264,506,109,539,507,74,238,478,334,99,375,180,421,440,308,517,170,362
485,192,167,79,475,118,409,131,139,178,375,512,793,300,225,234,356,787,445,64,229,463,281,182,284,108,261,196,200,513,632,1205,224,374,89,471,415,86,216,481,292,89,328,178,343,397,247,466,149,292
219,167,30,36,218,54,201,48,56,74,156,225,353,129,105,119,142,346,181,29,114,189,118,87,146,53,144,70,86,236,286,579,103,176,37,205,196,32,120,225,139,39,140,71,170,180,147,206,77,126
99,79,36,9,89,23,99,25,19,35,70,102,116,68,35,53,52,143,89,10,54,90,61,34,48,12,55,45,42,99,119,191,45,70,21,98,74,12,41,79,59,22,51,32,64,74,58,87,25,70
519,475,218,89,293,126,500,151,172,221,429,564,965,334,256,280,330,965,506,75,288,511,298,185,333,130,330,246,227,678,784,1519,272,518,104,563,499,89,272,541,360,96,364,214,383,482,333,538,186,370
129,118,54,23,126,13,123,39,36,43,100,121,165,85,67,66,79,174,119,18,76,116,78,47,94,24,78,60,56,136,149,279,58,104,26,132,99,23,66,105,81,25,86,45,93,90,81,106,34,84
511,409,201,99,500,123,255,138,162,179,411,574,851,330,266,274,348,874,523,67,292,534,292,172,345,116,315,241,239,622,719,1361,273,480,107,482,455,65,260,512,349,97,377,182,408,422,307,515,193,325
174,131,48,25,151,39,138,23,48,63,149,160,301,94,94,101,102,292,154,13,78,142,84,70,89,42,108,72,78,171,237,421,92,146,38,144,150,22,68,192,102,40,125,50,123,141,101,167,60,123
161,139,56,19,172,36,162,48,30,67,127,190,301,87,74,91,119,298,196,22,96,182,93,61,104,50,108,73,87,226,266,462,80,134,33,170,160,22,83,187,119,45,139,63,115,158,88,184,58,109
240,178,74,35,221,43,179,63,67,45,167,222,357,154,112,107,147,344,214,24,109,216,138,91,157,56,140,108,114,255,300,569,107,199,45,219,194,30,103,208,129,42,163,62,175,191,141,191,90,137
469,375,156,70,429,100,411,149,127,167,151,471,785,295,225,232,305,760,441,50,233,408,247,169,298,121,304,193,205,547,640,1189,217,405,93,466,400,89,214,454,263,87,327,158,345,385,272,441,163,268
548,512,225,102,564,121,574,160,190,222,471,307,1102,392,281,301,390,1083,552,61,297,594,338,231,401,120,396,245,278,723,878,1610,295,526,136,573,557,89,283,627,385,111,455,217,488,561,388,559,222,376
854,793,353,116,965,165,851,301,301,357,785,1102,876,571,464,531,644,1511,924,96,535,927,553,365,593,227,644,422,437,1139,1440,2619,491,851,199,955,863,166,492,962,624,192,652,342,719,823,577,950,345,617
380,300,129,68,334,85,330,94,87,154,295,392,571,112,154,186,227,583,358,41,181,342,209,143,201,89,225,171,159,427,485,871,164,321,68,322,302,57,164,366,238,73,260,130,265,321,187,340,128,217
309,225,105,35,256,67,266,94,74,112,225,281,464,154,77,128,187,480,277,24,149,276,156,110,184,62,173,110,159,322,403,705,125,268,51,289,207,47,159,271,169,52,222,111,234,245,189,277,84,195
345,234,119,53,280,66,274,101,91,107,232,301,531,186,128,82,195,530,276,30,141,297,173,105,205,80,186,126,153,337,437,820,144,279,66,275,242,41,148,269,155,62,233,133,231,264,210,290,130,175
387,356,142,52,330,79,348,102,119,147,305,390,644,227,187,195,136,622,373,49,184,374,222,159,236,89,226,175,183,437,536,1035,189,328,88,375,356,68,192,415,246,79,290,128,294,341,217,376,135,245
840,787,346,143,965,174,874,292,298,344,760,1083,1511,583,480,530,622,819,930,107,492,927,514,335,591,208,634,405,416,1091,1460,2661,521,825,213,993,839,173,492,996,617,204,643,353,739,897,572,967,336,625
547,445,181,89,506,119,523,154,196,214,441,552,924,358,277,276,373,930,251,54,242,461,299,218,369,135,369,234,237,619,745,1490,291,487,121,524,506,99,262,555,325,85,374,206,416,472,379,564,197,341
73,64,29,10,75,18,67,13,22,24,50,61,96,41,24,30,49,107,54,2,29,57,28,36,30,14,39,30,32,86,78,181,33,58,10,57,59,11,24,64,42,14,49,22,56,61,31,60,24,36
318,229,114,54,288,76,292,78,96,109,233,297,535,181,149,141,184,492,242,29,76,285,150,105,185,67,175,133,138,350,398,805,161,277,55,273,273,42,133,304,169,51,217,115,231,268,159,315,100,177
514,463,189,90,511,116,534,142,182,216,408,594,927,342,276,297,374,927,461,57,285,253,315,198,359,119,334,234,263,675,701,1469,278,467,118,499,463,99,259,556,330,112,374,221,421,493,347,535,196,354
360,281,118,61,298,78,292,84,93,138,247,338,553,209,156,173,222,514,299,28,150,315,86,124,203,65,195,146,143,376,418,800,165,293,59,340,276,52,143,345,185,59,228,119,280,295,194,300,96,215
218,182,87,34,185,47,172,70,61,91,169,231,365,143,110,105,159,335,218,36,105,198,124,31,121,52,124,103,90,263,302,549,85,198,36,190,186,36,103,231,144,41,156,73,139,181,129,209,64,155
397,284,146,48,333,94,345,89,104,157,298,401,593,201,184,205,236,591,369,30,185,359,203,121,116,83,210,145,155,385,504,981,195,289,74,318,277,68,174,351,214,65,274,136,242,317,213,344,135,252
157,108,53,12,130,24,116,42,50,56,121,120,227,89,62,80,89,208,135,14,67,119,65,52,83,15,95,41,62,182,187,349,61,117,17,136,116,17,67,134,80,25,113,41,101,113,69,144,36,88
344,261,144,55,330,78,315,108,108,140,304,396,644,225,173,186,226,634,369,39,175,334,195,124,210,95,114,164,152,419,518,1000,188,345,84,341,336,62,165,370,237,75,282,136,254,323,192,390,133,226
271,196,70,45,246,60,241,72,73,108,193,245,422,171,110,126,175,405,234,30,133,234,146,103,145,41,164,39,113,286,356,699,129,227,55,244,284,40,135,250,139,53,176,81,196,190,146,228,94,167
296,200,86,42,227,56,239,78,87,114,205,278,437,159,159,153,183,416,237,32,138,263,143,90,155,62,152,113,63,312,352,706,144,226,63,256,206,45,117,220,163,58,205,96,170,213,156,242,95,191
630,513,236,99,678,136,622,171,226,255,547,723,1139,427,322,337,437,1091,619,86,350,675,376,263,385,182,419,286,312,395,991,2020,390,598,150,659,620,111,338,723,407,107,496,238,498,582,399,666,235,424
708,632,286,119,784,149,719,237,266,300,640,878,1440,485,403,437,536,1460,745,78,398,701,418,302,504,187,518,356,352,991,575,2170,438,692,189,777,708,141,400,848,506,157,553,286,633,751,524,806,291,485
1200,1205,579,191,1519,279,1361,421,462,569,1189,1610,2619,871,705,820,1035,2661,1490,181,805,1469,800,549,981,349,1000,699,706,2020,2170,2003,767,1297,333,1570,1315,259,738,1461,958,298,1066,534,1118,1304,910,1444,530,945
264,224,103,45,272,58,273,92,80,107,217,295,491,164,125,144,189,521,291,33,161,278,165,85,195,61,188,129,144,390,438,767,66,268,77,321,237,57,148,284,193,59,199,109,233,250,197,252,88,184
506,374,176,70,518,104,480,146,134,199,405,526,851,321,268,279,328,825,487,58,277,467,293,198,289,117,345,227,226,598,692,1297,268,227,99,493,449,73,254,474,331,109,379,172,371,398,300,481,173,328
109,89,37,21,104,26,107,38,33,45,93,136,199,68,51,66,88,213,121,10,55,118,59,36,74,17,84,55,63,150,189,333,77,99,14,152,96,22,59,115,54,33,88,52,100,115,70,134,38,84
539,471,205,98,563,132,482,144,170,219,466,573,955,322,289,275,375,993,524,57,273,499,340,190,318,136,341,244,256,659,777,1570,321,493,152,272,493,68,260,596,326,100,426,189,401,519,312,550,235,374
507,415,196,74,499,99,455,150,160,194,400,557,863,302,207,242,356,839,506,59,273,463,276,186,277,116,336,284,206,620,708,1315,237,449,96,493,220,81,249,486,312,102,378,192,373,430,272,469,176,330
74,86,32,12,89,23,65,22,22,30,89,89,166,57,47,41,68,173,99,11,42,99,52,36,68,17,62,40,45,111,141,259,57,73,22,68,81,13,46,102,58,12,59,32,62,79,53,97,31,50
238,216,120,41,272,66,260,68,83,103,214,283,492,164,159,148,192,492,262,24,133,259,143,103,174,67,165,135,117,338,400,738,148,254,59,260,249,46,71,300,177,57,176,98,209,230,174,258,105,181
478,481,225,79,541,105,512,192,187,208,454,627,962,366,271,269,415,996,555,64,304,556,345,231,351,134,370,250,220,723,848,1461,284,474,115,596,486,102,300,286,359,120,423,215,431,508,353,585,169,353
334,292,139,59,360,81,349,102,119,129,263,385,624,238,169,155,246,617,325,42,169,330,185,144,214,80,237,139,163,407,506,958,193,331,54,326,312,58,177,359,104,76,253,123,265,314,232,335,116,215
99,89,39,22,96,25,97,40,45,42,87,111,192,73,52,62,79,204,85,14,51,112,59,41,65,25,75,53,58,107,157,298,59,109,33,100,102,12,57,120,76,10,77,39,89,114,61,124,43,60
375,328,140,51,364,86,377,125,139,163,327,455,652,260,222,233,290,643,374,49,217,374,228,156,274,113,282,176,205,496,553,1066,199,379,88,426,378,59,176,423,253,77,136,141,324,377,254,409,142,261
180,178,71,32,214,45,182,50,63,62,158,217,342,130,111,133,128,353,206,22,115,221,119,73,136,41,136,81,96,238,286,534,109,172,52,189,192,32,98,215,123,39,141,21,150,212,117,199,78,111
421,343,170,64,383,93,408,123,115,175,345,488,719,265,234,231,294,739,416,56,231,421,280,139,242,101,254,196,170,498,633,1118,233,371,100,401,373,62,209,431,265,89,324,150,155,393,245,426,134,277
440,397,180,74,482,90,422,141,158,191,385,561,823,321,245,264,341,897,472,61,268,493,295,181,317,113,323,190,213,582,751,1304,250,398,115,519,430,79,230,508,314,114,377,212,393,221,273,492,176,318
308,247,147,58,333,81,307,101,88,141,272,388,577,187,189,210,217,572,379,31,159,347,194,129,213,69,192,146,156,399,524,910,197,300,70,312,272,53,174,353,232,61,254,117,245,273,106,347,127,236
517,466,206,87,538,106,515,167,184,191,441,559,950,340,277,290,376,967,564,60,315,535,300,209,344,144,390,228,242,666,806,1444,252,481,134,550,469,97,258,585,335,124,409,199,426,492,347,276,182,341
170,149,77,25,186,34,193,60,58,90,163,222,345,128,84,130,135,336,197,24,100,196,96,64,135,36,133,94,95,235,291,530,88,173,38,235,176,31,105,169,116,43,142,78,134,176,127,182,27,137
362,292,126,70,370,84,325,123,109,137,268,376,617,217,195,175,245,625,341,36,177,354,215,155,252,88,226,167,191,424,485,945,184,328,84,374,330,50,181,353,215,60,261,111,277,318,236,341,137,95
