257,484,206,96,501,135,465,192,176,245,478,534,819,375,302,336,359,841,502,65,317,506,380,246,402,158,406,242,290,610,698,1187,243,496,96,527,465,94,252,486,336,114,378,180,421,455,346,480,165,388
484,190,173,72,479,94,441,128,169,178,403,463,863,298,238,240,319,832,444,47,234,446,244,168,286,142,292,218,234,555,679,1285,234,450,91,474,431,79,205,478,278,72,332,171,348,465,286,449,165,291
206,173,45,37,199,48,200,61,70,78,176,225,368,137,109,119,149,356,196,21,102,193,116,90,125,38,107,103,92,233,334,618,116,172,54,198,219,25,103,228,147,36,141,74,153,189,112,203,76,144
96,72,37,9,99,21,90,24,28,36,76,117,148,65,48,59,61,146,87,10,41,98,55,32,65,23,58,54,46,95,110,202,44,79,16,95,84,18,36,93,57,21,64,35,73,86,66,84,39,54
501,479,199,99,246,113,534,147,172,193,402,579,941,338,258,275,377,962,523,72,277,489,286,218,338,141,345,239,270,685,821,1539,290,463,103,547,478,62,262,533,337,98,381,214,420,464,331,535,180,339
135,94,48,21,113,8,104,33,35,44,107,132,206,76,66,82,75,188,116,16,67,128,76,49,90,38,78,62,62,137,143,274,51,118,23,125,116,24,52,110,72,32,87,40,104,109,75,93,39,91
465,441,200,90,534,104,225,142,154,180,398,590,945,277,267,294,374,886,485,66,260,509,285,199,297,125,300,217,240,619,739,1380,248,447,123,494,460,100,240,512,324,109,398,175,342,444,304,483,178,325
192,128,61,24,147,33,142,27,63,61,146,152,283,99,94,86,127,275,152,22,86,174,94,70,111,32,104,72,61,183,253,410,100,156,39,168,166,22,82,168,89,28,131,46,114,144,103,151,62,111
176,169,70,28,172,35,154,63,23,70,145,170,298,98,90,89,128,289,151,23,97,173,90,70,104,54,107,69,92,217,258,470,81,172,37,174,169,25,90,184,105,32,126,57,122,152,100,181,52,120
245,178,78,36,193,44,180,61,70,38,170,224,364,151,108,134,135,351,207,27,121,214,124,74,143,52,130,105,114,262,307,559,96,179,49,218,200,38,97,203,136,38,162,68,159,170,128,194,65,118
478,403,176,76,402,107,398,146,145,170,196,479,795,294,227,255,283,787,455,64,257,444,281,162,303,121,285,207,211,558,655,1170,223,373,92,452,394,80,218,427,284,89,316,157,350,423,272,410,151,294
534,463,225,117,579,132,590,152,170,224,479,328,1050,349,291,323,368,1031,579,56,287,594,329,233,352,115,366,252,277,745,843,1675,313,566,136,607,543,96,283,602,364,117,440,215,451,549,379,581,219,392
819,863,368,148,941,206,945,283,298,364,795,1050,835,640,475,537,635,1458,909,113,493,910,545,360,560,224,623,441,441,1178,1427,2574,485,873,201,984,871,148,423,984,620,184,693,340,722,864,575,952,335,645
375,298,137,65,338,76,277,99,98,151,294,349,640,109,169,184,204,606,348,44,187,366,206,132,197,74,203,152,175,400,544,928,180,316,81,329,309,49,163,380,223,69,243,126,262,309,227,343,123,231
302,238,109,48,258,66,267,94,90,108,227,291,475,169,62,124,186,480,276,40,135,274,165,106,165,68,165,118,136,341,408,738,161,257,68,246,256,40,120,303,181,58,211,104,206,229,160,264,99,186
336,240,119,59,275,82,294,86,89,134,255,323,537,184,124,65,200,522,289,33,151,311,179,112,179,75,167,124,136,380,462,797,152,276,57,303,268,54,136,285,184,59,222,105,212,263,176,284,97,202
359,319,149,61,377,75,374,127,128,135,283,368,635,204,186,200,131,684,355,44,193,345,223,153,263,93,266,178,177,484,545,1053,194,366,77,377,319,59,193,394,261,87,287,145,294,336,210,343,139,252
841,832,356,146,962,188,886,275,289,351,787,1031,1458,606,480,522,684,777,903,116,474,919,556,326,568,222,617,440,459,1150,1404,2538,481,879,203,967,840,170,437,971,653,187,713,312,704,847,566,943,335,679
502,444,196,87,523,116,485,152,151,207,455,579,909,348,276,289,355,903,247,72,288,452,276,201,353,122,347,220,264,654,712,1472,278,465,121,512,477,90,254,571,351,98,411,196,415,519,313,562,190,369
65,47,21,10,72,16,66,22,23,27,64,56,113,44,40,33,44,116,72,3,29,66,32,27,32,16,46,21,34,75,97,178,41,59,14,62,53,6,21,74,49,13,44,32,55,59,45,76,28,41
317,234,102,41,277,67,260,86,97,121,257,287,493,187,135,151,193,474,288,29,79,282,140,114,192,68,196,136,112,322,404,771,151,249,59,285,241,39,147,282,182,63,227,102,205,244,177,299,118,178
506,446,193,98,489,128,509,174,173,214,444,594,910,366,274,311,345,919,452,66,282,272,303,206,348,130,362,243,302,665,713,1447,275,462,104,534,513,94,288,563,337,113,394,189,434,470,317,527,188,368
380,244,116,55,286,76,285,94,90,124,281,329,545,206,165,179,223,556,276,32,140,303,85,121,184,95,223,142,154,377,465,861,174,290,74,306,318,33,169,327,187,49,219,123,257,267,176,330,118,199
246,168,90,32,218,49,199,70,70,74,162,233,360,132,106,112,153,326,201,27,114,206,121,39,112,57,127,91,123,257,300,570,95,201,44,218,202,37,117,196,129,43,136,81,146,187,129,204,71,152
402,286,125,65,338,90,297,111,104,143,303,352,560,197,165,179,263,568,353,32,192,348,184,112,110,98,219,149,167,396,539,943,176,289,85,360,320,46,164,357,209,69,248,144,231,324,197,355,116,240
158,142,38,23,141,38,125,32,54,52,121,115,224,74,68,75,93,222,122,16,68,130,95,57,98,12,68,61,65,150,194,364,70,120,21,118,116,17,52,152,74,19,103,44,99,115,81,125,55,90
406,292,107,58,345,78,300,104,107,130,285,366,623,203,165,167,266,617,347,46,196,362,223,127,219,68,101,160,175,409,561,984,166,314,60,369,321,56,177,343,219,71,231,126,248,324,202,362,138,224
242,218,103,54,239,62,217,72,69,105,207,252,441,152,118,124,178,440,220,21,136,243,142,91,149,61,160,58,139,290,388,703,136,211,67,247,202,40,121,256,142,41,182,76,170,204,129,264,94,175
290,234,92,46,270,62,240,61,92,114,211,277,441,175,136,136,177,459,264,34,112,302,154,123,167,65,175,139,81,293,392,686,140,242,57,254,246,36,122,261,158,49,188,92,202,243,139,263,118,147
610,555,233,95,685,137,619,183,217,262,558,745,1178,400,341,380,484,1150,654,75,322,665,377,257,396,150,409,290,293,411,1007,1861,358,571,133,646,555,108,313,699,447,121,503,225,488,592,381,668,248,443
698,679,334,110,821,143,739,253,258,307,655,843,1427,544,408,462,545,1404,712,97,404,713,465,300,539,194,561,388,392,1007,558,2097,470,738,161,817,719,135,375,809,481,143,585,314,638,702,526,767,293,501
1187,1285,618,202,1539,274,1380,410,470,559,1170,1675,2574,928,738,797,1053,2538,1472,178,771,1447,861,570,943,364,984,703,686,1861,2097,1946,759,1337,306,1524,1288,270,726,1530,953,324,1107,551,1116,1315,925,1468,490,941
243,234,116,44,290,51,248,100,81,96,223,313,485,180,161,152,194,481,278,41,151,275,174,95,176,70,166,136,140,358,470,759,79,285,66,297,237,48,141,290,198,64,191,106,236,262,177,282,97,192
496,450,172,79,463,118,447,156,172,179,373,566,873,316,257,276,366,879,465,59,249,462,290,201,289,120,314,211,242,571,738,1337,285,233,108,535,454,76,258,522,333,90,378,174,399,439,315,496,174,307
96,91,54,16,103,23,123,39,37,49,92,136,201,81,68,57,77,203,121,14,59,104,74,44,85,21,60,67,57,133,161,306,66,108,16,108,118,17,59,128,77,24,78,46,89,119,79,115,47,81
527,474,198,95,547,125,494,168,174,218,452,607,984,329,246,303,377,967,512,62,285,534,306,218,360,118,369,247,254,646,817,1524,297,535,108,287,466,80,294,603,348,98,435,225,405,495,320,605,193,360
465,431,219,84,478,116,460,166,169,200,394,543,871,309,256,268,319,840,477,53,241,513,318,202,320,116,321,202,246,555,719,1288,237,454,118,466,244,71,258,498,340,99,348,177,397,429,331,485,173,333
94,79,25,18,62,24,100,22,25,38,80,96,148,49,40,54,59,170,90,6,39,94,33,37,46,17,56,40,36,108,135,270,48,76,17,80,71,11,46,94,64,14,61,42,67,73,41,98,31,58
252,205,103,36,262,52,240,82,90,97,218,283,423,163,120,136,193,437,254,21,147,288,169,117,164,52,177,121,122,313,375,726,141,258,59,294,258,46,62,264,178,63,202,88,208,232,150,238,97,181
486,478,228,93,533,110,512,168,184,203,427,602,984,380,303,285,394,971,571,74,282,563,327,196,357,152,343,256,261,699,809,1530,290,522,128,603,498,94,264,249,360,97,385,184,416,495,348,559,200,371
336,278,147,57,337,72,324,89,105,136,284,364,620,223,181,184,261,653,351,49,182,337,187,129,209,74,219,142,158,447,481,953,198,333,77,348,340,64,178,360,96,59,268,118,252,338,222,347,134,226
114,72,36,21,98,32,109,28,32,38,89,117,184,69,58,59,87,187,98,13,63,113,49,43,69,19,71,41,49,121,143,324,64,90,24,98,99,14,63,97,59,7,82,48,84,104,71,112,47,65
378,332,141,64,381,87,398,131,126,162,316,440,693,243,211,222,287,713,411,44,227,394,219,136,248,103,231,182,188,503,585,1107,191,378,78,435,348,61,202,385,268,82,140,159,318,356,269,396,139,278
180,171,74,35,214,40,175,46,57,68,157,215,340,126,104,105,145,312,196,32,102,189,123,81,144,44,126,76,92,225,314,551,106,174,46,225,177,42,88,184,118,48,159,25,164,154,135,179,55,132
421,348,153,73,420,104,342,114,122,159,350,451,722,262,206,212,294,704,415,55,205,434,257,146,231,99,248,170,202,488,638,1116,236,399,89,405,397,67,208,416,252,84,318,164,159,406,255,402,163,296
455,465,189,86,464,109,444,144,152,170,423,549,864,309,229,263,336,847,519,59,244,470,267,187,324,115,324,204,243,592,702,1315,262,439,119,495,429,73,232,495,338,104,356,154,406,215,269,501,174,306
346,286,112,66,331,75,304,103,100,128,272,379,575,227,160,176,210,566,313,45,177,317,176,129,197,81,202,129,139,381,526,925,177,315,79,320,331,41,150,348,222,71,269,135,255,269,89,321,110,223
480,449,203,84,535,93,483,151,181,194,410,581,952,343,264,284,343,943,562,76,299,527,330,204,355,125,362,264,263,668,767,1468,282,496,115,605,485,98,238,559,347,112,396,179,402,501,321,276,188,319
165,165,76,39,180,39,178,62,52,65,151,219,335,123,99,97,139,335,190,28,118,188,118,71,116,55,138,94,118,248,293,490,97,174,47,193,173,31,97,200,134,47,139,55,163,174,110,188,27,125
388,291,144,54,339,91,325,111,120,118,294,392,645,231,186,202,252,679,369,41,178,368,199,152,240,90,224,175,147,443,501,941,192,307,81,360,333,58,181,371,226,65,278,132,296,306,223,319,125,112
