284,438,254,96,531,104,480,186,193,233,436,472,848,395,325,369,379,801,535,72,337,509,333,209,364,124,401,282,301,605,756,1236,283,472,105,558,468,81,236,468,329,101,390,195,397,426,330,489,179,364
438,211,163,75,434,109,442,123,126,170,357,495,819,283,221,248,309,809,436,50,221,440,267,183,272,132,316,208,197,563,693,1291,260,377,92,448,431,75,216,474,289,83,341,148,336,439,240,451,158,320
254,163,37,43,204,51,201,60,46,82,159,225,356,121,94,107,142,343,215,28,111,209,119,65,138,46,129,84,100,255,312,591,105,190,34,209,194,29,107,213,127,45,165,67,162,191,114,221,76,149
96,75,43,11,85,19,85,22,23,32,65,105,128,65,46,60,62,129,99,15,56,98,59,34,49,22,56,43,50,111,114,203,32,91,18,101,83,14,34,92,46,24,70,28,81,71,50,77,18,57
531,434,204,85,257,117,520,163,165,195,435,567,904,330,271,324,400,940,533,64,283,542,301,184,340,125,339,245,276,648,781,1467,272,476,123,549,453,94,252,562,340,103,360,196,414,476,310,546,200,348
104,109,51,19,117,10,103,33,26,36,99,156,179,82,64,71,82,179,116,14,64,111,75,37,80,36,75,51,60,155,151,309,63,103,23,113,94,14,46,117,75,22,97,47,105,86,69,109,35,68
480,442,201,85,520,103,258,165,139,178,426,546,842,343,256,283,345,819,475,65,281,498,276,212,306,120,288,243,229,565,701,1321,264,466,118,513,452,75,228,517,336,106,372,188,379,439,305,501,189,293
186,123,60,22,163,33,165,23,54,69,131,160,252,102,69,97,105,268,146,15,77,153,75,61,112,50,117,93,89,183,229,426,80,142,27,162,129,28,62,163,100,33,111,61,120,163,89,148,60,104
193,126,46,23,165,26,139,54,22,63,140,189,311,106,85,96,116,296,157,19,72,162,108,55,104,35,102,76,91,195,245,506,93,134,39,170,159,24,82,181,111,36,104,63,138,148,103,166,78,122
233,170,82,32,195,36,178,69,63,55,167,228,357,146,108,121,183,334,233,32,107,225,132,75,115,61,132,121,124,258,296,564,101,197,31,230,170,36,108,192,137,42,156,87,157,206,129,226,63,143
436,357,159,65,435,99,426,131,140,167,178,467,733,276,239,246,312,751,429,60,206,444,265,163,284,114,281,223,210,532,663,1171,206,395,94,460,365,78,204,420,273,91,311,160,344,415,285,436,144,293
472,495,225,105,567,156,546,160,189,228,467,317,1074,376,296,328,414,1024,571,60,304,598,327,216,368,138,368,291,275,676,894,1711,353,569,115,566,538,107,309,605,380,115,437,214,425,516,349,569,202,363
848,819,356,128,904,179,842,252,311,357,733,1074,867,567,471,506,668,1527,932,121,497,956,559,379,599,202,604,440,448,1143,1408,2544,517,880,198,957,842,165,433,960,587,163,682,349,730,835,578,954,366,600
395,283,121,65,330,82,343,102,106,146,276,376,567,87,182,188,253,568,339,56,165,350,196,144,240,94,224,184,173,388,480,844,162,336,72,350,333,59,153,345,203,82,240,143,271,310,229,339,128,227
325,221,94,46,271,64,256,69,85,108,239,296,471,182,71,137,200,489,272,30,156,277,174,97,174,78,208,115,148,325,384,779,138,259,57,288,247,36,124,263,165,45,218,90,217,268,137,307,89,163
369,248,107,60,324,71,283,97,96,121,246,328,506,188,137,87,230,475,288,40,165,284,183,95,185,67,205,131,140,325,423,843,167,279,44,326,259,37,147,294,191,52,230,102,207,281,163,317,99,185
379,309,142,62,400,82,345,105,116,183,312,414,668,253,200,230,126,631,375,46,183,373,205,141,236,96,264,188,191,420,563,1043,213,358,89,364,330,69,171,381,228,71,284,152,271,318,240,381,121,250
801,809,343,129,940,179,819,268,296,334,751,1024,1527,568,489,475,631,846,889,121,510,935,558,402,588,233,637,448,459,1172,1388,2530,497,865,195,952,761,168,450,1006,623,176,718,350,718,865,518,965,315,588
535,436,215,99,533,116,475,146,157,233,429,571,932,339,272,288,375,889,274,77,244,503,275,225,302,125,325,243,256,633,772,1394,289,484,118,521,425,77,278,548,308,104,395,203,380,485,311,555,172,348
72,50,28,15,64,14,65,15,19,32,60,60,121,56,30,40,46,121,77,6,33,74,36,28,46,20,48,36,32,79,98,189,30,63,15,61,63,9,27,67,40,16,50,24,57,72,38,68,20,46
337,221,111,56,283,64,281,77,72,107,206,304,497,165,156,165,183,510,244,33,82,281,187,110,165,71,188,144,141,325,403,852,139,271,62,289,282,36,145,301,186,65,221,104,230,250,161,310,121,199
509,440,209,98,542,111,498,153,162,225,444,598,956,350,277,284,373,935,503,74,281,253,281,208,353,147,336,260,252,662,780,1401,279,502,125,525,440,85,254,543,313,116,389,213,414,484,301,560,195,352
333,267,119,59,301,75,276,75,108,132,265,327,559,196,174,183,205,558,275,36,187,281,93,104,191,92,218,123,144,395,430,867,169,302,76,289,271,43,150,286,184,61,220,97,229,258,205,315,101,206
209,183,65,34,184,37,212,61,55,75,163,216,379,144,97,95,141,402,225,28,110,208,104,41,134,50,135,109,93,265,344,556,122,181,47,232,180,31,100,211,159,41,178,84,152,197,127,212,65,144
364,272,138,49,340,80,306,112,104,115,284,368,599,240,174,185,236,588,302,46,165,353,191,134,108,84,234,156,161,385,508,952,165,319,86,335,318,55,161,336,226,58,257,104,259,299,190,352,105,224
124,132,46,22,125,36,120,50,35,61,114,138,202,94,78,67,96,233,125,20,71,147,92,50,84,11,69,61,73,170,182,347,74,116,23,126,138,23,68,133,82,24,110,56,101,112,78,153,44,92
401,316,129,56,339,75,288,117,102,132,281,368,604,224,208,205,264,637,325,48,188,336,218,135,234,69,95,151,154,443,504,950,188,317,68,354,318,71,171,373,207,83,280,149,271,307,193,371,138,240
282,208,84,43,245,51,243,93,76,121,223,291,440,184,115,131,188,448,243,36,144,260,123,109,156,61,151,49,120,273,349,643,105,221,55,231,241,38,120,256,127,49,194,92,186,220,145,272,93,180
301,197,100,50,276,60,229,89,91,124,210,275,448,173,148,140,191,459,256,32,141,252,144,93,161,73,154,120,66,306,384,702,133,261,49,253,234,37,138,277,190,53,177,81,202,220,168,255,89,193
605,563,255,111,648,155,565,183,195,258,532,676,1143,388,325,325,420,1172,633,79,325,662,395,265,385,170,443,273,306,440,915,1854,361,589,158,647,583,124,283,733,440,137,500,240,453,583,398,614,272,441
756,693,312,114,781,151,701,229,245,296,663,894,1408,480,384,423,563,1388,772,98,403,780,430,344,508,182,504,349,384,915,582,2152,407,708,162,821,662,116,365,849,523,161,584,282,595,687,470,791,275,519
1236,1291,591,203,1467,309,1321,426,506,564,1171,1711,2544,844,779,843,1043,2530,1394,189,852,1401,867,556,952,347,950,643,702,1854,2152,2010,780,1344,325,1534,1321,232,721,1587,961,307,1051,543,1150,1328,877,1474,544,942
283,260,105,32,272,63,264,80,93,101,206,353,517,162,138,167,213,497,289,30,139,279,169,122,165,74,188,105,133,361,407,780,83,252,51,330,251,38,128,323,186,53,216,109,229,246,159,281,108,192
472,377,190,91,476,103,466,142,134,197,395,569,880,336,259,279,358,865,484,63,271,502,302,181,319,116,317,221,261,589,708,1344,252,236,110,497,463,65,242,500,308,107,360,183,412,452,319,480,166,326
105,92,34,18,123,23,118,27,39,31,94,115,198,72,57,44,89,195,118,15,62,125,76,47,86,23,68,55,49,158,162,325,51,110,13,101,108,24,53,124,72,25,78,39,103,121,69,120,44,86
558,448,209,101,549,113,513,162,170,230,460,566,957,350,288,326,364,952,521,61,289,525,289,232,335,126,354,231,253,647,821,1534,330,497,101,258,490,92,277,583,339,76,390,222,404,516,339,556,211,360
468,431,194,83,453,94,452,129,159,170,365,538,842,333,247,259,330,761,425,63,282,440,271,180,318,138,318,241,234,583,662,1321,251,463,108,490,207,77,223,487,282,110,364,170,402,427,291,472,176,304
81,75,29,14,94,14,75,28,24,36,78,107,165,59,36,37,69,168,77,9,36,85,43,31,55,23,71,38,37,124,116,232,38,65,24,92,77,13,38,95,60,21,62,33,61,83,50,86,35,55
236,216,107,34,252,46,228,62,82,108,204,309,433,153,124,147,171,450,278,27,145,254,150,100,161,68,171,120,138,283,365,721,128,242,53,277,223,38,51,277,172,51,176,101,199,243,163,263,101,185
468,474,213,92,562,117,517,163,181,192,420,605,960,345,263,294,381,1006,548,67,301,543,286,211,336,133,373,256,277,733,849,1587,323,500,124,583,487,95,277,294,353,114,427,201,409,541,350,549,190,361
329,289,127,46,340,75,336,100,111,137,273,380,587,203,165,191,228,623,308,40,186,313,184,159,226,82,207,127,190,440,523,961,186,308,72,339,282,60,172,353,116,80,261,138,265,299,214,369,125,205
101,83,45,24,103,22,106,33,36,42,91,115,163,82,45,52,71,176,104,16,65,116,61,41,58,24,83,49,53,137,161,307,53,107,25,76,110,21,51,114,80,7,68,32,95,102,57,113,54,72
390,341,165,70,360,97,372,111,104,156,311,437,682,240,218,230,284,718,395,50,221,389,220,178,257,110,280,194,177,500,584,1051,216,360,78,390,364,62,176,427,261,68,142,163,311,344,251,414,153,246
195,148,67,28,196,47,188,61,63,87,160,214,349,143,90,102,152,350,203,24,104,213,97,84,104,56,149,92,81,240,282,543,109,183,39,222,170,33,101,201,138,32,163,34,142,199,108,174,69,116
397,336,162,81,414,105,379,120,138,157,344,425,730,271,217,207,271,718,380,57,230,414,229,152,259,101,271,186,202,453,595,1150,229,412,103,404,402,61,199,409,265,95,311,142,175,353,251,434,144,264
426,439,191,71,476,86,439,163,148,206,415,516,835,310,268,281,318,865,485,72,250,484,258,197,299,112,307,220,220,583,687,1328,246,452,121,516,427,83,243,541,299,102,344,199,353,222,293,476,179,302
330,240,114,50,310,69,305,89,103,129,285,349,578,229,137,163,240,518,311,38,161,301,205,127,190,78,193,145,168,398,470,877,159,319,69,339,291,50,163,350,214,57,251,108,251,293,94,325,128,195
489,451,221,77,546,109,501,148,166,226,436,569,954,339,307,317,381,965,555,68,310,560,315,212,352,153,371,272,255,614,791,1474,281,480,120,556,472,86,263,549,369,113,414,174,434,476,325,268,185,324
179,158,76,18,200,35,189,60,78,63,144,202,366,128,89,99,121,315,172,20,121,195,101,65,105,44,138,93,89,272,275,544,108,166,44,211,176,35,101,190,125,54,153,69,144,179,128,185,28,126
364,320,149,57,348,68,293,104,122,143,293,363,600,227,163,185,250,588,348,46,199,352,206,144,224,92,240,180,193,441,519,942,192,326,86,360,304,55,185,361,205,72,246,116,264,302,195,324,126,115
