264,415,211,83,482,109,471,164,170,233,446,472,770,365,297,304,373,744,508,77,314,503,297,202,362,158,359,292,275,616,683,1136,216,498,107,478,465,92,245,477,321,107,369,160,420,417,313,507,177,327
415,166,170,66,424,107,449,135,164,171,359,502,776,247,219,233,317,775,463,52,225,483,242,142,286,99,283,209,237,551,654,1233,237,424,86,444,385,69,210,470,290,88,320,163,347,396,258,463,156,288
211,170,27,35,200,43,202,70,52,78,160,224,393,129,115,119,131,356,216,26,91,210,105,85,134,55,133,84,92,238,289,570,112,182,47,190,202,35,121,215,133,49,164,61,179,166,117,204,88,135
83,66,35,6,88,17,80,18,28,36,69,78,124,59,52,46,70,137,91,14,46,91,49,37,62,23,61,42,40,116,138,222,42,73,19,105,72,14,46,83,55,22,70,37,69,71,59,86,34,65
482,424,200,88,284,116,506,152,181,212,454,550,889,321,270,289,358,867,509,66,292,585,274,184,378,121,372,229,260,646,785,1411,298,510,109,539,458,73,269,546,309,115,367,193,393,471,342,516,205,344
109,107,43,17,116,16,96,36,28,51,86,105,180,73,62,65,96,195,104,19,68,115,73,48,77,30,84,54,54,152,170,294,67,96,20,124,94,16,60,116,58,23,90,30,94,89,76,118,39,75
471,449,202,80,506,96,222,127,166,192,405,527,843,288,256,292,347,853,464,82,287,493,279,186,313,124,327,225,253,632,695,1361,257,472,103,512,397,73,258,488,294,105,371,162,392,454,308,502,174,330
164,135,70,18,152,36,127,23,54,51,144,164,263,98,90,94,115,274,139,19,82,158,90,55,108,37,79,80,68,193,220,431,83,126,38,159,126,35,74,156,102,29,107,65,129,168,100,158,58,99
170,164,52,28,181,28,166,54,38,81,146,172,286,97,74,89,100,269,147,14,89,170,111,71,107,42,99,50,93,191,238,471,89,141,43,167,157,24,97,151,106,35,127,65,132,146,116,170,67,114
233,171,78,36,212,51,192,51,81,46,149,213,378,143,107,113,154,377,203,38,120,206,125,91,121,69,133,122,123,255,321,564,107,175,51,186,168,41,94,180,143,49,157,79,144,194,117,244,72,136
446,359,160,69,454,86,405,144,146,149,161,472,751,298,223,236,318,748,443,63,247,447,245,151,278,125,279,218,239,545,657,1157,231,410,114,442,402,71,227,458,273,78,308,140,320,373,271,438,160,305
472,502,224,78,550,105,527,164,172,213,472,312,1011,364,268,305,361,994,539,69,321,566,334,231,371,144,406,262,261,694,849,1593,320,528,124,583,532,73,302,565,355,121,395,220,467,510,370,564,215,337
770,776,393,124,889,180,843,263,286,378,751,1011,796,572,442,501,596,1429,932,121,492,917,538,381,607,229,591,405,457,1132,1339,2339,491,821,189,996,859,143,454,872,558,196,676,302,756,763,596,912,315,613
365,247,129,59,321,73,288,98,97,143,298,364,572,96,190,205,214,623,302,43,189,328,199,140,212,81,224,162,172,414,509,986,201,294,74,330,300,54,181,305,210,67,267,101,271,304,202,366,135,227
297,219,115,52,270,62,256,90,74,107,223,268,442,190,75,131,197,478,259,32,133,273,178,118,195,57,172,129,139,326,414,697,130,245,59,256,262,43,139,292,183,62,230,108,223,231,152,276,86,164
304,233,119,46,289,65,292,94,89,113,236,305,501,205,131,82,233,509,291,40,153,307,173,135,196,65,174,143,141,381,481,788,155,280,63,277,269,47,138,332,184,66,228,116,258,265,164,302,98,182
373,317,131,70,358,96,347,115,100,154,318,361,596,214,197,233,108,619,344,34,216,377,222,166,251,108,259,177,170,465,534,995,164,335,78,352,363,52,191,380,256,76,273,136,286,323,218,388,138,230
744,775,356,137,867,195,853,274,269,377,748,994,1429,623,478,509,619,786,927,108,477,943,518,354,605,223,576,439,444,1066,1330,2317,454,820,195,996,828,155,446,925,608,172,663,319,772,787,549,881,328,592
508,463,216,91,509,104,464,139,147,203,443,539,932,302,259,291,344,927,270,72,280,509,301,186,338,139,339,242,229,608,782,1413,269,457,105,542,483,72,259,512,308,96,393,160,397,481,315,542,182,338
77,52,26,14,66,19,82,19,14,38,63,69,121,43,32,40,34,108,72,3,35,69,36,25,48,11,52,28,31,91,88,173,34,68,17,52,50,9,29,75,41,13,42,21,56,44,33,60,23,36
314,225,91,46,292,68,287,82,89,120,247,321,492,189,133,153,216,477,280,35,71,303,149,101,162,78,192,134,148,334,397,775,128,271,77,299,254,54,146,298,190,58,242,108,199,243,162,280,101,178
503,483,210,91,585,115,493,158,170,206,447,566,917,328,273,307,377,943,509,69,303,275,356,189,331,135,348,224,252,640,762,1477,293,500,105,564,472,72,286,539,318,117,416,180,390,495,330,538,186,377
297,242,105,49,274,73,279,90,111,125,245,334,538,199,178,173,222,518,301,36,149,356,104,125,185,59,187,152,155,376,489,839,126,300,81,303,309,46,163,316,192,74,234,105,233,277,187,306,126,199
202,142,85,37,184,48,186,55,71,91,151,231,381,140,118,135,166,354,186,25,101,189,125,39,142,42,131,103,119,249,309,572,109,196,46,226,191,41,119,217,134,58,149,63,172,173,127,205,72,148
362,286,134,62,378,77,313,108,107,121,278,371,607,212,195,196,251,605,338,48,162,331,185,142,121,98,224,144,171,423,505,954,189,311,81,369,332,57,171,349,204,69,263,119,276,293,198,333,113,236
158,99,55,23,121,30,124,37,42,69,125,144,229,81,57,65,108,223,139,11,78,135,59,42,98,13,74,62,52,148,186,340,59,129,39,148,101,21,73,146,93,24,107,50,102,109,85,136,41,99
359,283,133,61,372,84,327,79,99,133,279,406,591,224,172,174,259,576,339,52,192,348,187,131,224,74,109,146,141,428,503,949,174,344,81,349,298,68,191,363,199,69,261,126,257,295,213,349,108,238
292,209,84,42,229,54,225,80,50,122,218,262,405,162,129,143,177,439,242,28,134,224,152,103,144,62,146,56,121,244,352,684,131,235,62,248,214,29,133,261,153,60,187,88,191,211,144,267,92,178
275,237,92,40,260,54,253,68,93,123,239,261,457,172,139,141,170,444,229,31,148,252,155,119,171,52,141,121,65,323,373,720,156,236,49,236,254,38,130,275,141,54,192,98,190,235,155,266,84,175
616,551,238,116,646,152,632,193,191,255,545,694,1132,414,326,381,465,1066,608,91,334,640,376,249,423,148,428,244,323,393,941,1678,343,560,146,682,608,107,326,668,437,135,451,245,566,587,383,684,245,422
683,654,289,138,785,170,695,220,238,321,657,849,1339,509,414,481,534,1330,782,88,397,762,489,309,505,186,503,352,373,941,565,2060,434,707,187,785,722,116,385,797,498,162,553,294,602,695,498,721,289,535
1136,1233,570,222,1411,294,1361,431,471,564,1157,1593,2339,986,697,788,995,2317,1413,173,775,1477,839,572,954,340,949,684,720,1678,2060,1744,662,1288,308,1457,1315,230,696,1419,869,268,1039,514,1169,1234,905,1381,489,943
216,237,112,42,298,67,257,83,89,107,231,320,491,201,130,155,164,454,269,34,128,293,126,109,189,59,174,131,156,343,434,662,70,244,57,305,243,51,145,288,173,49,219,98,219,251,167,251,91,182
498,424,182,73,510,96,472,126,141,175,410,528,821,294,245,280,335,820,457,68,271,500,300,196,311,129,344,235,236,560,707,1288,244,222,107,497,417,80,242,491,298,115,341,186,407,412,305,483,166,320
107,86,47,19,109,20,103,38,43,51,114,124,189,74,59,63,78,195,105,17,77,105,81,46,81,39,81,62,49,146,187,308,57,107,8,114,83,18,60,125,83,27,102,37,94,99,68,122,34,80
478,444,190,105,539,124,512,159,167,186,442,583,996,330,256,277,352,996,542,52,299,564,303,226,369,148,349,248,236,682,785,1457,305,497,114,275,534,75,271,567,401,108,395,181,435,484,316,585,204,349
465,385,202,72,458,94,397,126,157,168,402,532,859,300,262,269,363,828,483,50,254,472,309,191,332,101,298,214,254,608,722,1315,243,417,83,534,224,82,227,474,283,118,365,161,360,399,332,471,168,325
92,69,35,14,73,16,73,35,24,41,71,73,143,54,43,47,52,155,72,9,54,72,46,41,57,21,68,29,38,107,116,230,51,80,18,75,82,5,50,102,59,24,70,30,63,64,50,90,24,57
245,210,121,46,269,60,258,74,97,94,227,302,454,181,139,138,191,446,259,29,146,286,163,119,171,73,191,133,130,326,385,696,145,242,60,271,227,50,63,260,185,49,174,83,224,262,161,244,93,167
477,470,215,83,546,116,488,156,151,180,458,565,872,305,292,332,380,925,512,75,298,539,316,217,349,146,363,261,275,668,797,1419,288,491,125,567,474,102,260,259,353,108,371,197,422,504,341,507,166,366
321,290,133,55,309,58,294,102,106,143,273,355,558,210,183,184,256,608,308,41,190,318,192,134,204,93,199,153,141,437,498,869,173,298,83,401,283,59,185,353,107,58,250,112,247,321,207,377,118,216
107,88,49,22,115,23,105,29,35,49,78,121,196,67,62,66,76,172,96,13,58,117,74,58,69,24,69,60,54,135,162,268,49,115,27,108,118,24,49,108,58,6,89,35,102,92,76,103,41,61
369,320,164,70,367,90,371,107,127,157,308,395,676,267,230,228,273,663,393,42,242,416,234,149,263,107,261,187,192,451,553,1039,219,341,102,395,365,70,174,371,250,89,118,145,321,343,251,384,157,265
160,163,61,37,193,30,162,65,65,79,140,220,302,101,108,116,136,319,160,21,108,180,105,63,119,50,126,88,98,245,294,514,98,186,37,181,161,30,83,197,112,35,145,41,137,152,116,197,61,135
420,347,179,69,393,94,392,129,132,144,320,467,756,271,223,258,286,772,397,56,199,390,233,172,276,102,257,191,190,566,602,1169,219,407,94,435,360,63,224,422,247,102,321,137,171,353,230,393,126,285
417,396,166,71,471,89,454,168,146,194,373,510,763,304,231,265,323,787,481,44,243,495,277,173,293,109,295,211,235,587,695,1234,251,412,99,484,399,64,262,504,321,92,343,152,353,218,295,468,140,327
313,258,117,59,342,76,308,100,116,117,271,370,596,202,152,164,218,549,315,33,162,330,187,127,198,85,213,144,155,383,498,905,167,305,68,316,332,50,161,341,207,76,251,116,230,295,72,316,102,202
507,463,204,86,516,118,502,158,170,244,438,564,912,366,276,302,388,881,542,60,280,538,306,205,333,136,349,267,266,684,721,1381,251,483,122,585,471,90,244,507,377,103,384,197,393,468,316,225,183,351
177,156,88,34,205,39,174,58,67,72,160,215,315,135,86,98,138,328,182,23,101,186,126,72,113,41,108,92,84,245,289,489,91,166,34,204,168,24,93,166,118,41,157,61,126,140,102,183,28,117
327,288,135,65,344,75,330,99,114,136,305,337,613,227,164,182,230,592,338,36,178,377,199,148,236,99,238,178,175,422,535,943,182,320,80,349,325,57,167,366,216,61,265,135,285,327,202,351,117,107
