266,428,210,97,474,110,479,186,170,283,470,508,832,360,329,330,336,856,511,75,309,513,359,199,369,141,349,263,278,600,671,1226,269,494,97,534,498,97,219,461,320,109,368,174,426,400,330,492,183,408
428,189,166,70,462,112,420,125,136,187,366,495,825,274,223,251,311,858,419,60,220,425,270,185,280,105,268,185,202,549,663,1252,241,396,96,460,408,60,207,467,285,86,359,167,334,413,243,467,174,300
210,166,38,32,207,39,187,58,60,97,174,241,369,121,112,130,138,321,193,22,104,208,100,86,140,54,125,78,88,250,318,579,89,180,48,215,196,43,93,197,121,50,155,91,152,189,117,183,80,145
97,70,32,9,86,17,86,23,37,36,71,104,129,66,54,55,56,132,69,15,67,98,60,45,70,17,61,43,46,106,115,206,39,86,23,88,87,14,38,87,63,18,65,31,87,64,53,82,33,76
474,462,207,86,245,107,505,161,164,215,424,547,913,336,278,323,359,947,510,71,270,540,289,225,342,136,324,235,239,686,799,1450,287,485,115,542,482,88,228,545,358,97,379,200,399,484,321,536,176,336
110,112,39,17,107,8,112,36,40,42,102,130,197,79,65,70,73,194,114,16,85,127,67,46,79,24,96,63,65,150,154,326,57,113,25,127,96,23,56,112,84,27,82,44,91,85,70,103,42,95
479,420,187,86,505,112,236,131,157,176,426,539,875,336,261,286,345,872,456,65,301,523,297,188,324,115,349,235,241,600,720,1331,246,481,113,532,477,93,220,499,318,119,348,185,357,426,296,497,167,342
186,125,58,23,161,36,131,28,42,68,140,164,307,100,79,80,123,283,168,15,81,162,87,53,97,42,107,67,70,193,243,442,86,160,36,161,147,30,79,165,106,34,106,42,119,149,111,175,64,99
170,136,60,37,164,40,157,42,19,75,149,187,288,95,87,92,125,301,144,26,90,174,107,64,114,41,108,90,79,180,253,462,92,168,44,158,178,28,91,164,101,40,121,64,135,148,109,168,63,121
283,187,97,36,215,42,176,68,75,53,168,214,340,135,117,141,154,358,204,22,112,207,141,100,138,61,132,106,118,261,330,549,104,201,41,223,184,45,100,220,148,45,132,90,168,189,136,209,67,156
470,366,174,71,424,102,426,140,149,168,187,455,790,297,221,250,310,761,421,39,216,451,267,182,296,113,274,211,224,555,726,1116,237,417,87,459,400,76,222,453,291,84,319,161,358,412,293,440,140,312
508,495,241,104,547,130,539,164,187,214,455,334,1035,328,274,319,390,1037,571,78,323,536,339,240,378,140,382,249,286,707,832,1578,292,521,136,609,545,98,286,634,358,124,432,196,448,517,327,588,197,377
832,825,369,129,913,197,875,307,288,340,790,1035,872,607,473,496,667,1540,955,106,505,916,532,379,628,235,687,403,427,1130,1370,2507,485,823,209,1040,799,155,453,994,639,215,650,339,709,858,574,928,319,610
360,274,121,66,336,79,336,100,95,135,297,328,607,112,193,199,233,608,291,45,176,340,197,116,199,74,206,159,155,426,497,911,183,306,69,318,302,60,134,335,204,59,283,116,253,292,194,325,124,213
329,223,112,54,278,65,261,79,87,117,221,274,473,193,71,153,224,473,268,32,130,291,147,118,166,57,160,117,122,325,395,760,140,252,66,282,253,45,135,293,178,48,179,83,208,234,145,289,93,189
330,251,130,55,323,70,286,80,92,141,250,319,496,199,153,82,217,492,307,30,130,322,173,135,184,62,192,110,126,361,460,845,146,289,65,301,290,47,125,313,207,48,209,103,231,249,165,285,104,202
336,311,138,56,359,73,345,123,125,154,310,390,667,233,224,217,117,634,321,30,208,365,221,132,243,92,252,146,182,437,555,1025,206,340,77,377,323,74,186,396,239,68,296,126,274,322,209,379,143,257
856,858,321,132,947,194,872,283,301,358,761,1037,1540,608,473,492,634,819,936,123,481,874,516,362,606,243,648,408,415,1128,1316,2464,506,843,219,983,800,137,471,916,619,192,645,333,693,842,578,940,343,614
511,419,193,69,510,114,456,168,144,204,421,571,955,291,268,307,321,936,260,77,270,485,312,205,364,118,335,237,248,626,774,1441,299,485,130,535,476,103,258,521,331,95,402,182,420,491,325,558,192,367
75,60,22,15,71,16,65,15,26,22,39,78,106,45,32,30,30,123,77,4,30,60,27,24,41,19,39,26,29,88,98,158,33,68,5,56,62,10,27,53,38,17,49,24,64,56,40,65,22,43
309,220,104,67,270,85,301,81,90,112,216,323,505,176,130,130,208,481,270,30,83,327,168,114,194,76,175,123,128,334,444,774,154,268,58,283,288,55,144,299,181,63,217,102,225,247,157,337,102,197
513,425,208,98,540,127,523,162,174,207,451,536,916,340,291,322,365,874,485,60,327,268,333,202,365,129,346,245,252,631,764,1351,277,502,107,571,491,101,259,533,366,95,391,194,447,470,324,553,192,373
359,270,100,60,289,67,297,87,107,141,267,339,532,197,147,173,221,516,312,27,168,333,80,113,206,83,209,144,134,362,475,797,150,279,66,325,275,47,144,305,201,64,228,106,240,285,176,312,100,194
199,185,86,45,225,46,188,53,64,100,182,240,379,116,118,135,132,362,205,24,114,202,113,39,122,54,142,79,105,251,292,534,116,170,49,222,198,39,93,215,107,34,183,92,139,190,131,213,80,121
369,280,140,70,342,79,324,97,114,138,296,378,628,199,166,184,243,606,364,41,194,365,206,122,101,69,191,148,151,391,552,912,173,303,60,327,309,48,157,370,194,69,261,114,244,334,172,375,113,236
141,105,54,17,136,24,115,42,41,61,113,140,235,74,57,62,92,243,118,19,76,129,83,54,69,13,75,73,60,146,201,378,76,113,31,119,112,18,76,134,76,28,93,56,105,119,75,116,31,92
349,268,125,61,324,96,349,107,108,132,274,382,687,206,160,192,252,648,335,39,175,346,209,142,191,75,104,156,152,431,534,996,189,310,83,329,327,61,181,365,203,59,275,128,250,333,197,362,120,219
263,185,78,43,235,63,235,67,90,106,211,249,403,159,117,110,146,408,237,26,123,245,144,79,148,73,156,48,110,275,357,635,119,201,57,242,232,39,113,211,156,44,175,93,192,206,169,242,104,166
278,202,88,46,239,65,241,70,79,118,224,286,427,155,122,126,182,415,248,29,128,252,134,105,151,60,152,110,58,303,401,667,123,220,48,251,202,37,120,264,151,44,202,95,184,227,137,261,100,168
600,549,250,106,686,150,600,193,180,261,555,707,1130,426,325,361,437,1128,626,88,334,631,362,251,391,146,431,275,303,394,957,1839,365,578,116,651,601,109,300,662,434,138,463,235,479,610,376,675,245,430
671,663,318,115,799,154,720,243,253,330,726,832,1370,497,395,460,555,1316,774,98,444,764,475,292,552,201,534,357,401,957,579,2049,397,713,173,777,706,130,364,788,469,173,562,317,640,665,489,800,260,522
1226,1252,579,206,1450,326,1331,442,462,549,1116,1578,2507,911,760,845,1025,2464,1441,158,774,1351,797,534,912,378,996,635,667,1839,2049,1928,759,1342,328,1554,1256,238,714,1491,918,304,1006,542,1101,1289,877,1387,492,888
269,241,89,39,287,57,246,86,92,104,237,292,485,183,140,146,206,506,299,33,154,277,150,116,173,76,189,119,123,365,397,759,84,256,58,336,251,46,130,283,173,51,184,87,197,272,174,273,100,180
494,396,180,86,485,113,481,160,168,201,417,521,823,306,252,289,340,843,485,68,268,502,279,170,303,113,310,201,220,578,713,1342,256,214,114,468,450,84,268,475,327,96,354,172,388,450,309,489,189,323
97,96,48,23,115,25,113,36,44,41,87,136,209,69,66,65,77,219,130,5,58,107,66,49,60,31,83,57,48,116,173,328,58,114,19,124,111,26,57,110,71,22,91,45,87,108,65,128,38,76
534,460,215,88,542,127,532,161,158,223,459,609,1040,318,282,301,377,983,535,56,283,571,325,222,327,119,329,242,251,651,777,1554,336,468,124,273,549,90,249,566,347,99,438,190,397,481,322,550,221,404
498,408,196,87,482,96,477,147,178,184,400,545,799,302,253,290,323,800,476,62,288,491,275,198,309,112,327,232,202,601,706,1256,251,450,111,549,225,84,238,481,345,100,368,181,361,431,289,504,154,320
97,60,43,14,88,23,93,30,28,45,76,98,155,60,45,47,74,137,103,10,55,101,47,39,48,18,61,39,37,109,130,238,46,84,26,90,84,6,46,99,70,30,64,35,69,66,53,88,42,67
219,207,93,38,228,56,220,79,91,100,222,286,453,134,135,125,186,471,258,27,144,259,144,93,157,76,181,113,120,300,364,714,130,268,57,249,238,46,65,271,169,42,200,89,187,215,141,267,102,179
461,467,197,87,545,112,499,165,164,220,453,634,994,335,293,313,396,916,521,53,299,533,305,215,370,134,365,211,264,662,788,1491,283,475,110,566,481,99,271,263,334,119,423,216,446,472,332,596,194,349
320,285,121,63,358,84,318,106,101,148,291,358,639,204,178,207,239,619,331,38,181,366,201,107,194,76,203,156,151,434,469,918,173,327,71,347,345,70,169,334,113,66,250,122,235,297,195,338,129,251
109,86,50,18,97,27,119,34,40,45,84,124,215,59,48,48,68,192,95,17,63,95,64,34,69,28,59,44,44,138,173,304,51,96,22,99,100,30,42,119,66,12,75,36,110,118,66,113,34,49
368,359,155,65,379,82,348,106,121,132,319,432,650,283,179,209,296,645,402,49,217,391,228,183,261,93,275,175,202,463,562,1006,184,354,91,438,368,64,200,423,250,75,156,134,309,341,253,368,125,263
174,167,91,31,200,44,185,42,64,90,161,196,339,116,83,103,126,333,182,24,102,194,106,92,114,56,128,93,95,235,317,542,87,172,45,190,181,35,89,216,122,36,134,29,165,176,109,203,58,127
426,334,152,87,399,91,357,119,135,168,358,448,709,253,208,231,274,693,420,64,225,447,240,139,244,105,250,192,184,479,640,1101,197,388,87,397,361,69,187,446,235,110,309,165,146,398,229,457,143,268
400,413,189,64,484,85,426,149,148,189,412,517,858,292,234,249,322,842,491,56,247,470,285,190,334,119,333,206,227,610,665,1289,272,450,108,481,431,66,215,472,297,118,341,176,398,206,305,467,177,289
330,243,117,53,321,70,296,111,109,136,293,327,574,194,145,165,209,578,325,40,157,324,176,131,172,75,197,169,137,376,489,877,174,309,65,322,289,53,141,332,195,66,253,109,229,305,87,351,104,187
492,467,183,82,536,103,497,175,168,209,440,588,928,325,289,285,379,940,558,65,337,553,312,213,375,116,362,242,261,675,800,1387,273,489,128,550,504,88,267,596,338,113,368,203,457,467,351,302,200,365
183,174,80,33,176,42,167,64,63,67,140,197,319,124,93,104,143,343,192,22,102,192,100,80,113,31,120,104,100,245,260,492,100,189,38,221,154,42,102,194,129,34,125,58,143,177,104,200,20,117
408,300,145,76,336,95,342,99,121,156,312,377,610,213,189,202,257,614,367,43,197,373,194,121,236,92,219,166,168,430,522,888,180,323,76,404,320,67,179,349,251,49,263,127,268,289,187,365,117,122
