224,465,180,75,552,92,454,168,176,231,463,549,826,374,329,336,348,783,503,64,315,489,322,194,368,154,388,272,308,625,666,1190,260,502,112,504,474,92,277,460,298,113,363,172,404,416,309,499,158,364
465,176,155,83,430,103,414,119,137,191,375,471,757,264,213,225,290,751,450,50,247,452,257,172,270,100,267,179,203,556,675,1187,247,376,106,467,382,62,185,429,278,100,335,136,324,416,275,440,161,279
180,155,29,37,214,48,189,51,71,84,176,245,366,130,72,91,140,354,217,25,112,191,100,85,134,66,147,86,101,258,300,562,117,171,53,196,185,31,110,202,133,37,153,67,160,167,132,213,75,119
75,83,37,10,91,21,72,22,25,50,73,89,137,63,47,53,54,144,69,10,44,66,54,30,67,23,63,35,47,110,119,201,41,77,23,82,77,16,39,85,43,8,48,23,70,75,61,82,32,57
552,430,214,91,241,121,496,157,171,218,410,589,886,340,262,297,393,873,507,62,274,523,304,184,297,112,337,239,261,609,769,1422,274,501,87,550,469,76,269,534,328,114,340,203,375,465,294,522,195,374
92,103,48,21,121,9,95,34,45,55,89,122,166,87,66,71,71,160,102,16,64,106,75,53,77,27,87,54,52,152,155,276,48,96,21,123,105,22,47,115,68,18,70,29,98,102,75,98,31,79
454,414,189,72,496,95,217,135,132,207,434,552,838,315,261,264,345,846,497,49,278,489,290,193,311,119,335,229,243,572,727,1312,251,424,108,498,454,78,243,489,315,93,362,151,389,411,306,475,172,334
168,119,51,22,157,34,135,17,44,70,134,176,251,106,87,85,112,260,171,22,74,161,76,62,96,32,86,77,59,198,231,441,72,133,34,143,157,22,60,164,115,18,128,44,118,132,114,166,53,116
176,137,71,25,171,45,132,44,23,67,132,176,292,106,79,95,115,240,163,18,85,168,84,59,94,49,118,85,80,166,257,466,96,151,30,178,139,29,83,173,95,36,145,55,125,133,101,169,62,109
231,191,84,50,218,55,207,70,67,43,143,230,385,140,125,136,151,395,208,20,89,201,115,68,130,59,140,106,98,249,309,622,125,197,41,227,221,36,107,206,120,45,171,91,174,195,126,203,93,121
463,375,176,73,410,89,434,134,132,143,177,485,765,262,230,249,335,798,434,56,236,388,263,165,270,120,301,229,192,541,657,1157,235,409,94,476,398,59,214,424,235,86,317,162,322,373,277,453,161,293
549,471,245,89,589,122,552,176,176,230,485,293,1013,357,279,322,423,979,564,73,324,553,329,219,340,129,364,249,277,743,864,1489,284,525,128,592,496,95,301,588,360,101,424,225,424,503,305,616,175,373
826,757,366,137,886,166,838,251,292,385,765,1013,806,566,466,477,645,1447,929,111,481,921,551,333,567,210,560,401,438,1093,1365,2399,467,817,205,972,801,150,445,951,557,195,697,319,668,781,599,905,309,628
374,264,130,63,340,87,315,106,106,140,262,357,566,91,174,183,238,580,329,41,172,318,188,125,212,91,218,164,176,415,468,923,175,287,74,338,305,40,169,346,182,65,247,109,229,279,190,340,114,241
329,213,72,47,262,66,261,87,79,125,230,279,466,174,54,119,203,521,262,40,153,284,160,95,165,56,160,111,150,348,393,806,122,254,58,270,248,37,135,300,189,51,204,82,234,240,156,275,92,178
336,225,91,53,297,71,264,85,95,136,249,322,477,183,119,64,202,534,269,35,160,261,178,103,188,58,176,112,147,383,440,797,144,259,61,239,260,39,145,312,203,56,234,89,251,257,178,311,99,206
348,290,140,54,393,71,345,112,115,151,335,423,645,238,203,202,124,633,340,42,205,380,202,134,228,98,245,175,192,455,542,1004,224,357,90,348,331,71,183,383,232,77,274,127,283,333,226,376,134,244
783,751,354,144,873,160,846,260,240,395,798,979,1447,580,521,534,633,796,883,102,533,890,566,349,623,240,599,427,457,1012,1367,2412,492,782,220,970,846,146,447,942,593,188,635,322,713,802,574,916,317,621
503,450,217,69,507,102,497,171,163,208,434,564,929,329,262,269,340,883,244,52,306,481,289,217,336,137,377,236,247,608,769,1375,277,479,118,524,457,77,271,553,327,110,356,187,432,472,337,487,212,323
64,50,25,10,62,16,49,22,18,20,56,73,111,41,40,35,42,102,52,4,28,62,36,22,38,13,36,32,36,72,91,201,45,63,4,65,54,9,37,58,28,13,48,31,56,81,47,66,25,40
315,247,112,44,274,64,278,74,85,89,236,324,481,172,153,160,205,533,306,28,68,307,136,122,195,75,200,120,140,354,441,778,169,238,64,274,279,43,137,310,166,67,241,110,233,254,173,292,92,186
489,452,191,66,523,106,489,161,168,201,388,553,921,318,284,261,380,890,481,62,307,254,292,192,339,127,328,242,285,643,722,1366,276,503,113,522,446,77,271,552,324,118,359,179,421,495,333,509,174,321
322,257,100,54,304,75,290,76,84,115,263,329,551,188,160,178,202,566,289,36,136,292,101,116,172,62,182,115,155,368,443,873,152,261,63,295,254,49,139,336,202,65,247,119,248,262,183,309,88,191
194,172,85,30,184,53,193,62,59,68,165,219,333,125,95,103,134,349,217,22,122,192,116,37,129,45,130,82,111,235,322,536,117,191,50,201,191,24,98,211,127,39,153,72,145,179,119,214,78,141
368,270,134,67,297,77,311,96,94,130,270,340,567,212,165,188,228,623,336,38,195,339,172,129,101,78,211,141,169,394,483,946,164,285,89,357,305,56,169,368,210,63,275,139,232,271,199,359,116,207
154,100,66,23,112,27,119,32,49,59,120,129,210,91,56,58,98,240,137,13,75,127,62,45,78,8,66,53,56,140,185,371,76,138,31,128,110,16,72,125,87,33,100,58,96,125,91,130,47,91
388,267,147,63,337,87,335,86,118,140,301,364,560,218,160,176,245,599,377,36,200,328,182,130,211,66,96,159,176,428,480,918,184,326,77,356,311,59,181,349,222,74,267,151,257,319,224,359,133,217
272,179,86,35,239,54,229,77,85,106,229,249,401,164,111,112,175,427,236,32,120,242,115,82,141,53,159,60,103,299,383,670,107,221,48,244,216,42,111,268,163,48,177,82,174,215,140,248,79,154
308,203,101,47,261,52,243,59,80,98,192,277,438,176,150,147,192,457,247,36,140,285,155,111,169,56,176,103,70,317,390,720,123,248,65,262,246,32,114,266,150,48,183,88,217,236,145,268,93,192
625,556,258,110,609,152,572,198,166,249,541,743,1093,415,348,383,455,1012,608,72,354,643,368,235,394,140,428,299,317,356,919,1763,340,604,133,653,612,106,304,675,396,141,457,240,475,586,354,625,221,432
666,675,300,119,769,155,727,231,257,309,657,864,1365,468,393,440,542,1367,769,91,441,722,443,322,483,185,480,383,390,919,532,2061,410,698,168,798,671,132,397,785,488,151,567,289,610,707,477,734,301,510
1190,1187,562,201,1422,276,1312,441,466,622,1157,1489,2399,923,806,797,1004,2412,1375,201,778,1366,873,536,946,371,918,670,720,1763,2061,1880,741,1306,331,1449,1259,231,695,1439,935,284,974,572,1121,1225,928,1311,512,935
260,247,117,41,274,48,251,72,96,125,235,284,467,175,122,144,224,492,277,45,169,276,152,117,164,76,184,107,123,340,410,741,72,230,55,314,233,43,121,257,200,56,197,103,199,225,166,266,89,199
502,376,171,77,501,96,424,133,151,197,409,525,817,287,254,259,357,782,479,63,238,503,261,191,285,138,326,221,248,604,698,1306,230,212,97,514,443,91,221,503,304,93,328,154,367,424,297,498,157,309
112,106,53,23,87,21,108,34,30,41,94,128,205,74,58,61,90,220,118,4,64,113,63,50,89,31,77,48,65,133,168,331,55,97,7,120,111,19,52,120,71,21,88,44,111,109,65,113,37,83
504,467,196,82,550,123,498,143,178,227,476,592,972,338,270,239,348,970,524,65,274,522,295,201,357,128,356,244,262,653,798,1449,314,514,120,289,440,88,250,603,352,115,382,204,402,485,335,509,207,344
474,382,185,77,469,105,454,157,139,221,398,496,801,305,248,260,331,846,457,54,279,446,254,191,305,110,311,216,246,612,671,1259,233,443,111,440,216,88,246,482,314,99,377,151,386,421,285,505,153,313
92,62,31,16,76,22,78,22,29,36,59,95,150,40,37,39,71,146,77,9,43,77,49,24,56,16,59,42,32,106,132,231,43,91,19,88,88,3,34,90,46,20,69,27,62,67,46,82,39,69
277,185,110,39,269,47,243,60,83,107,214,301,445,169,135,145,183,447,271,37,137,271,139,98,169,72,181,111,114,304,397,695,121,221,52,250,246,34,61,227,162,45,203,90,211,240,164,280,95,185
460,429,202,85,534,115,489,164,173,206,424,588,951,346,300,312,383,942,553,58,310,552,336,211,368,125,349,268,266,675,785,1439,257,503,120,603,482,90,227,278,339,106,382,201,387,464,331,516,195,380
298,278,133,43,328,68,315,115,95,120,235,360,557,182,189,203,232,593,327,28,166,324,202,127,210,87,222,163,150,396,488,935,200,304,71,352,314,46,162,339,115,64,227,117,261,295,204,338,108,233
113,100,37,8,114,18,93,18,36,45,86,101,195,65,51,56,77,188,110,13,67,118,65,39,63,33,74,48,48,141,151,284,56,93,21,115,99,20,45,106,64,15,74,38,72,109,79,105,30,74
363,335,153,48,340,70,362,128,145,171,317,424,697,247,204,234,274,635,356,48,241,359,247,153,275,100,267,177,183,457,567,974,197,328,88,382,377,69,203,382,227,74,137,149,328,343,240,373,137,264
172,136,67,23,203,29,151,44,55,91,162,225,319,109,82,89,127,322,187,31,110,179,119,72,139,58,151,82,88,240,289,572,103,154,44,204,151,27,90,201,117,38,149,27,140,168,109,193,63,117
404,324,160,70,375,98,389,118,125,174,322,424,668,229,234,251,283,713,432,56,233,421,248,145,232,96,257,174,217,475,610,1121,199,367,111,402,386,62,211,387,261,72,328,140,158,351,240,451,151,269
416,416,167,75,465,102,411,132,133,195,373,503,781,279,240,257,333,802,472,81,254,495,262,179,271,125,319,215,236,586,707,1225,225,424,109,485,421,67,240,464,295,109,343,168,351,219,310,479,162,316
309,275,132,61,294,75,306,114,101,126,277,305,599,190,156,178,226,574,337,47,173,333,183,119,199,91,224,140,145,354,477,928,166,297,65,335,285,46,164,331,204,79,240,109,240,310,93,325,110,216
499,440,213,82,522,98,475,166,169,203,453,616,905,340,275,311,376,916,487,66,292,509,309,214,359,130,359,248,268,625,734,1311,266,498,113,509,505,82,280,516,338,105,373,193,451,479,325,238,195,353
158,161,75,32,195,31,172,53,62,93,161,175,309,114,92,99,134,317,212,25,92,174,88,78,116,47,133,79,93,221,301,512,89,157,37,207,153,39,95,195,108,30,137,63,151,162,110,195,32,133
364,279,119,57,374,79,334,116,109,121,293,373,628,241,178,206,244,621,323,40,186,321,191,141,207,91,217,154,192,432,510,935,199,309,83,344,313,69,185,380,233,74,264,117,269,316,216,353,133,106
