238,460,220,81,522,115,482,166,172,269,454,505,774,361,316,348,353,753,491,69,287,517,351,216,376,153,388,284,315,610,676,1140,229,458,101,455,453,82,252,454,311,90,346,152,427,396,308,519,150,374
460,164,164,76,433,91,418,138,152,188,375,510,778,292,247,247,310,802,464,43,200,425,268,177,284,103,257,198,208,482,631,1164,214,420,113,462,394,60,208,444,272,74,329,177,367,372,285,481,165,289
220,164,37,39,201,41,193,48,58,81,181,223,371,141,87,96,154,344,196,21,112,205,117,90,151,43,132,84,94,256,323,534,109,199,47,222,194,37,98,227,122,44,175,69,168,174,136,205,82,152
81,76,39,5,86,11,74,26,32,42,87,87,140,55,51,56,62,135,93,5,48,80,54,33,57,25,60,48,49,110,125,194,39,77,22,84,89,19,45,80,67,15,57,30,69,58,48,94,33,71
522,433,201,86,277,100,495,139,157,209,421,557,888,345,253,276,400,923,537,61,277,532,315,215,363,140,354,226,236,614,763,1341,279,433,114,614,464,87,239,562,336,96,369,193,430,498,336,538,169,368
115,91,41,11,100,6,96,38,41,46,96,136,177,68,73,63,78,191,102,11,63,108,71,39,78,34,70,63,71,128,148,285,58,99,29,110,99,26,72,108,79,18,83,45,94,91,78,101,39,86
482,418,193,74,495,96,257,190,177,224,397,537,835,348,274,274,364,856,505,52,264,511,299,186,326,130,338,214,280,622,727,1284,255,457,128,555,451,81,280,506,331,100,345,185,380,419,312,502,184,341
166,138,48,26,139,38,190,24,48,73,129,163,261,102,72,104,111,259,157,25,93,149,84,53,96,37,96,71,71,191,223,404,80,127,34,157,152,19,64,180,94,31,118,57,111,135,94,175,70,112
172,152,58,32,157,41,177,48,21,62,131,188,263,100,87,93,122,274,151,19,95,155,89,66,98,31,100,69,77,196,264,459,85,156,38,176,145,21,78,181,111,33,116,65,126,137,97,151,64,115
269,188,81,42,209,46,224,73,62,48,181,228,378,144,121,106,130,384,216,26,125,207,146,91,159,52,153,113,110,235,336,600,131,185,45,216,233,29,109,228,150,48,167,86,190,191,132,242,98,162
454,375,181,87,421,96,397,129,131,181,168,495,754,293,240,228,294,725,420,65,236,432,261,164,306,111,309,220,212,507,604,1173,241,399,109,417,399,60,196,436,280,97,326,157,346,381,270,391,161,308
505,510,223,87,557,136,537,163,188,228,495,298,967,403,296,284,428,1034,584,60,289,557,336,237,402,137,361,244,299,691,810,1523,299,499,120,621,489,95,252,586,364,117,442,212,458,529,370,589,207,374
774,778,371,140,888,177,835,261,263,378,754,967,763,627,466,517,597,1452,902,98,507,866,556,347,579,240,632,425,458,1082,1330,2329,484,793,190,939,796,131,418,921,560,198,661,332,738,855,560,886,326,605
361,292,141,55,345,68,348,102,100,144,293,403,627,113,171,172,231,634,319,50,187,341,212,136,231,74,194,154,167,424,514,958,208,319,81,336,323,51,180,381,223,62,225,115,290,299,205,366,140,237
316,247,87,51,253,73,274,72,87,121,240,296,466,171,60,146,182,482,269,36,135,278,139,118,188,56,179,127,149,289,417,748,149,256,54,269,284,54,130,272,191,60,192,92,238,220,154,275,96,193
348,247,96,56,276,63,274,104,93,106,228,284,517,172,146,76,223,538,285,37,154,303,143,117,188,70,194,147,143,325,435,818,164,277,63,314,301,55,147,294,204,69,245,114,241,254,168,294,111,202
353,310,154,62,400,78,364,111,122,130,294,428,597,231,182,223,130,612,360,40,208,391,204,147,231,101,258,165,167,439,532,923,170,329,90,362,339,62,172,405,250,72,246,120,279,330,214,387,134,242
753,802,344,135,923,191,856,259,274,384,725,1034,1452,634,482,538,612,792,895,114,517,876,564,375,610,242,626,423,434,1099,1328,2396,499,817,206,938,854,140,422,960,592,189,691,341,716,837,545,943,349,603
491,464,196,93,537,102,505,157,151,216,420,584,902,319,269,285,360,895,281,64,274,516,296,201,331,137,351,217,256,589,737,1429,273,480,102,526,460,82,254,549,369,104,383,201,422,466,276,574,177,329
69,43,21,5,61,11,52,25,19,26,65,60,98,50,36,37,40,114,64,4,38,73,40,26,44,11,38,31,31,76,86,172,27,45,10,69,59,11,31,74,48,8,50,24,50,63,38,63,27,32
287,200,112,48,277,63,264,93,95,125,236,289,507,187,135,154,208,517,274,38,83,242,153,118,171,62,190,139,138,360,432,795,152,246,62,247,290,53,147,308,169,53,228,110,210,240,175,298,123,212
517,425,205,80,532,108,511,149,155,207,432,557,866,341,278,303,391,876,516,73,242,272,296,213,341,132,372,236,258,604,734,1436,284,470,119,529,478,93,272,564,360,120,354,183,430,451,280,554,192,341
351,268,117,54,315,71,299,84,89,146,261,336,556,212,139,143,204,564,296,40,153,296,96,138,199,64,220,141,181,348,476,876,154,293,61,292,277,43,147,309,176,69,196,123,247,270,187,339,114,196
216,177,90,33,215,39,186,53,66,91,164,237,347,136,118,117,147,375,201,26,118,213,138,50,147,43,132,92,119,247,290,563,119,207,64,217,195,42,113,215,133,43,150,82,174,163,144,200,86,126
376,284,151,57,363,78,326,96,98,159,306,402,579,231,188,188,231,610,331,44,171,341,199,147,109,70,211,149,189,385,471,920,172,326,80,351,304,63,152,368,207,65,258,120,244,305,214,355,99,246
153,103,43,25,140,34,130,37,31,52,111,137,240,74,56,70,101,242,137,11,62,132,64,43,70,20,73,55,68,149,203,363,68,112,32,123,128,27,71,144,82,27,97,52,106,129,80,149,47,92
388,257,132,60,354,70,338,96,100,153,309,361,632,194,179,194,258,626,351,38,190,372,220,132,211,73,106,167,187,418,514,930,194,307,87,362,325,61,160,378,213,68,272,134,286,309,218,363,131,249
284,198,84,48,226,63,214,71,69,113,220,244,425,154,127,147,165,423,217,31,139,236,141,92,149,55,167,56,126,281,379,658,128,239,52,235,227,37,118,275,138,47,197,81,187,219,132,284,90,174
315,208,94,49,236,71,280,71,77,110,212,299,458,167,149,143,167,434,256,31,138,258,181,119,189,68,187,126,57,314,379,716,169,218,78,265,252,40,121,267,154,38,188,91,224,225,158,298,128,165
610,482,256,110,614,128,622,191,196,235,507,691,1082,424,289,325,439,1099,589,76,360,604,348,247,385,149,418,281,314,392,933,1790,329,566,141,656,631,99,331,689,408,145,453,243,491,600,394,705,244,425
676,631,323,125,763,148,727,223,264,336,604,810,1330,514,417,435,532,1328,737,86,432,734,476,290,471,203,514,379,379,933,562,2061,419,733,189,802,682,129,359,792,496,163,576,295,629,664,481,782,314,499
1140,1164,534,194,1341,285,1284,404,459,600,1173,1523,2329,958,748,818,923,2396,1429,172,795,1436,876,563,920,363,930,658,716,1790,2061,1893,735,1261,310,1474,1203,206,681,1389,901,267,1013,520,1187,1230,897,1402,515,924
229,214,109,39,279,58,255,80,85,131,241,299,484,208,149,164,170,499,273,27,152,284,154,119,172,68,194,128,169,329,419,735,75,265,67,281,249,49,125,273,191,68,184,120,252,239,185,296,109,173
458,420,199,77,433,99,457,127,156,185,399,499,793,319,256,277,329,817,480,45,246,470,293,207,326,112,307,239,218,566,733,1261,265,201,113,482,416,66,226,499,336,105,316,178,387,432,276,480,173,315
101,113,47,22,114,29,128,34,38,45,109,120,190,81,54,63,90,206,102,10,62,119,61,64,80,32,87,52,78,141,189,310,67,113,15,125,123,16,61,138,74,29,81,36,98,99,65,110,38,95
455,462,222,84,614,110,555,157,176,216,417,621,939,336,269,314,362,938,526,69,247,529,292,217,351,123,362,235,265,656,802,1474,281,482,125,277,450,87,266,568,360,103,374,192,415,489,307,571,201,318
453,394,194,89,464,99,451,152,145,233,399,489,796,323,284,301,339,854,460,59,290,478,277,195,304,128,325,227,252,631,682,1203,249,416,123,450,226,99,243,502,319,86,356,169,369,397,311,503,164,330
82,60,37,19,87,26,81,19,21,29,60,95,131,51,54,55,62,140,82,11,53,93,43,42,63,27,61,37,40,99,129,206,49,66,16,87,99,8,34,83,62,19,65,37,71,69,54,90,31,53
252,208,98,45,239,72,280,64,78,109,196,252,418,180,130,147,172,422,254,31,147,272,147,113,152,71,160,118,121,331,359,681,125,226,61,266,243,34,54,266,169,55,202,75,193,229,144,262,74,180
454,444,227,80,562,108,506,180,181,228,436,586,921,381,272,294,405,960,549,74,308,564,309,215,368,144,378,275,267,689,792,1389,273,499,138,568,502,83,266,265,350,119,413,209,435,454,357,598,190,354
311,272,122,67,336,79,331,94,111,150,280,364,560,223,191,204,250,592,369,48,169,360,176,133,207,82,213,138,154,408,496,901,191,336,74,360,319,62,169,350,101,76,276,126,264,317,213,361,117,238
90,74,44,15,96,18,100,31,33,48,97,117,198,62,60,69,72,189,104,8,53,120,69,43,65,27,68,47,38,145,163,267,68,105,29,103,86,19,55,119,76,9,74,42,82,88,58,113,44,64
346,329,175,57,369,83,345,118,116,167,326,442,661,225,192,245,246,691,383,50,228,354,196,150,258,97,272,197,188,453,576,1013,184,316,81,374,356,65,202,413,276,74,139,152,302,375,228,375,139,259
152,177,69,30,193,45,185,57,65,86,157,212,332,115,92,114,120,341,201,24,110,183,123,82,120,52,134,81,91,243,295,520,120,178,36,192,169,37,75,209,126,42,152,32,159,186,130,204,75,149
427,367,168,69,430,94,380,111,126,190,346,458,738,290,238,241,279,716,422,50,210,430,247,174,244,106,286,187,224,491,629,1187,252,387,98,415,369,71,193,435,264,82,302,159,177,358,249,379,162,286
396,372,174,58,498,91,419,135,137,191,381,529,855,299,220,254,330,837,466,63,240,451,270,163,305,129,309,219,225,600,664,1230,239,432,99,489,397,69,229,454,317,88,375,186,358,193,276,491,174,286
308,285,136,48,336,78,312,94,97,132,270,370,560,205,154,168,214,545,276,38,175,280,187,144,214,80,218,132,158,394,481,897,185,276,65,307,311,54,144,357,213,58,228,130,249,276,102,317,134,213
519,481,205,94,538,101,502,175,151,242,391,589,886,366,275,294,387,943,574,63,298,554,339,200,355,149,363,284,298,705,782,1402,296,480,110,571,503,90,262,598,361,113,375,204,379,491,317,282,157,355
150,165,82,33,169,39,184,70,64,98,161,207,326,140,96,111,134,349,177,27,123,192,114,86,99,47,131,90,128,244,314,515,109,173,38,201,164,31,74,190,117,44,139,75,162,174,134,157,31,130
374,289,152,71,368,86,341,112,115,162,308,374,605,237,193,202,242,603,329,32,212,341,196,126,246,92,249,174,165,425,499,924,173,315,95,318,330,53,180,354,238,64,259,149,286,286,213,355,130,115
