275,477,214,114,487,113,497,212,171,228,439,506,767,377,294,334,394,776,539,56,314,527,341,231,355,154,359,300,290,608,699,1174,209,458,131,510,463,86,263,478,332,95,378,186,420,415,326,475,150,388
477,183,175,74,450,104,384,135,151,197,376,491,784,262,221,213,341,769,435,66,245,459,278,175,280,106,311,203,185,548,642,1256,227,400,101,448,382,67,217,448,292,103,339,165,337,407,290,440,170,320
214,175,33,31,192,47,183,56,53,92,195,192,335,107,108,117,125,347,205,30,117,189,107,79,131,47,151,81,100,238,299,577,116,169,45,189,171,31,86,192,132,44,143,74,166,159,125,207,82,160
114,74,31,9,78,23,72,24,25,38,72,98,150,57,40,45,59,130,94,11,65,101,60,27,63,17,58,33,57,101,127,219,44,67,19,99,87,13,37,87,44,17,74,37,69,75,60,91,25,57
487,450,192,78,238,103,510,155,136,209,435,578,906,348,264,294,334,908,524,59,294,538,342,185,332,113,335,240,282,692,756,1400,259,485,114,542,469,79,263,536,361,111,349,202,413,453,297,517,195,346
113,104,47,23,103,12,111,37,40,50,83,131,185,77,63,57,92,190,116,15,75,117,72,48,78,35,87,61,66,146,173,306,67,97,30,128,98,13,59,97,70,20,89,32,101,101,78,123,33,69
497,384,183,72,510,111,220,151,163,185,388,538,906,306,261,289,369,910,515,60,286,507,292,177,329,100,321,213,232,619,739,1325,262,462,132,543,426,86,222,508,334,94,334,199,372,476,332,487,178,322
212,135,56,24,155,37,151,23,51,60,123,153,292,100,85,83,103,296,164,14,86,160,93,62,102,36,103,84,76,205,231,410,85,143,27,149,144,27,61,156,88,30,112,57,116,135,97,164,60,107
171,151,53,25,136,40,163,51,27,67,127,201,292,108,76,92,106,266,177,22,101,160,83,69,100,44,101,77,81,212,271,437,85,173,43,177,148,24,75,148,133,34,112,62,115,146,87,170,57,98
228,197,92,38,209,50,185,60,67,42,154,222,368,145,117,110,151,378,226,25,121,211,120,88,136,49,132,93,113,246,289,554,107,189,52,205,188,30,96,224,118,34,146,74,137,182,131,214,92,156
439,376,195,72,435,83,388,123,127,154,160,499,775,288,231,216,301,784,436,60,224,431,251,172,295,109,312,213,226,536,631,1177,239,403,100,442,389,82,203,425,265,70,308,155,333,419,266,461,153,318
506,491,192,98,578,131,538,153,201,222,499,322,1000,368,291,314,406,977,558,70,302,557,337,210,375,139,381,269,278,707,811,1562,310,492,157,604,498,86,276,578,365,125,418,204,447,536,324,565,225,347
767,784,335,150,906,185,906,292,292,368,775,1000,770,602,471,548,649,1366,925,117,502,945,552,335,612,237,637,427,470,1114,1329,2358,477,850,206,934,857,165,443,908,585,180,679,355,717,866,556,920,319,596
377,262,107,57,348,77,306,100,108,145,288,368,602,91,154,186,241,588,315,41,193,316,200,100,199,71,208,140,170,411,477,904,172,311,74,336,305,47,168,357,225,67,264,144,236,287,203,355,123,247
294,221,108,40,264,63,261,85,76,117,231,291,471,154,70,150,181,475,274,33,150,289,153,94,190,63,182,123,151,313,409,760,142,233,49,255,250,41,153,308,174,65,215,96,229,240,159,303,88,174
334,213,117,45,294,57,289,83,92,110,216,314,548,186,150,80,214,542,307,38,133,294,175,102,187,66,187,145,144,375,473,830,170,272,55,259,270,33,151,317,182,65,238,107,240,265,179,319,96,177
394,341,125,59,334,92,369,103,106,151,301,406,649,241,181,214,141,638,363,41,207,343,222,141,249,86,245,161,183,419,551,1013,207,322,89,362,351,59,177,376,251,80,250,143,323,332,223,389,148,247
776,769,347,130,908,190,910,296,266,378,784,977,1366,588,475,542,638,776,849,124,502,941,575,349,587,217,587,424,444,1119,1328,2398,480,885,174,952,870,158,441,962,573,191,683,354,726,854,550,935,290,593
539,435,205,94,524,116,515,164,177,226,436,558,925,315,274,307,363,849,264,73,282,483,267,205,342,125,332,247,225,664,748,1401,272,515,120,536,483,70,269,546,369,116,376,214,411,486,337,533,210,345
56,66,30,11,59,15,60,14,22,25,60,70,117,41,33,38,41,124,73,3,39,71,38,28,32,14,35,20,29,64,93,159,36,61,18,49,71,9,31,63,33,13,40,23,41,61,28,72,24,41
314,245,117,65,294,75,286,86,101,121,224,302,502,193,150,133,207,502,282,39,78,308,172,127,191,59,201,134,136,336,438,782,175,258,65,269,274,46,155,318,185,52,227,90,229,273,180,288,119,190
527,459,189,101,538,117,507,160,160,211,431,557,945,316,289,294,343,941,483,71,308,260,304,186,357,131,364,262,236,667,713,1381,267,517,126,545,490,82,247,529,351,97,385,225,427,473,337,559,186,349
341,278,107,60,342,72,292,93,83,120,251,337,552,200,153,175,222,575,267,38,172,304,89,103,195,66,161,130,147,347,446,833,187,291,60,285,282,40,153,332,186,51,228,122,226,271,187,313,95,197
231,175,79,27,185,48,177,62,69,88,172,210,335,100,94,102,141,349,205,28,127,186,103,34,150,56,142,110,95,239,300,546,115,186,50,214,174,30,107,202,126,34,155,75,146,216,123,201,75,147
355,280,131,63,332,78,329,102,100,136,295,375,612,199,190,187,249,587,342,32,191,357,195,150,107,92,218,144,148,390,500,925,198,301,73,332,335,57,187,363,222,65,231,151,235,314,201,353,137,228
154,106,47,17,113,35,100,36,44,49,109,139,237,71,63,66,86,217,125,14,59,131,66,56,92,16,75,58,60,154,200,361,55,115,32,138,92,17,71,129,74,27,108,44,111,116,73,136,49,99
359,311,151,58,335,87,321,103,101,132,312,381,637,208,182,187,245,587,332,35,201,364,161,142,218,75,114,132,148,443,504,981,185,323,83,341,288,56,175,359,213,65,274,141,260,337,204,380,134,229
300,203,81,33,240,61,213,84,77,93,213,269,427,140,123,145,161,424,247,20,134,262,130,110,144,58,132,57,131,296,366,675,124,198,50,255,239,41,129,250,159,49,171,94,207,205,124,252,79,152
290,185,100,57,282,66,232,76,81,113,226,278,470,170,151,144,183,444,225,29,136,236,147,95,148,60,148,131,65,322,378,687,141,245,60,251,258,39,118,283,161,49,179,94,198,219,159,259,91,169
608,548,238,101,692,146,619,205,212,246,536,707,1114,411,313,375,419,1119,664,64,336,667,347,239,390,154,443,296,322,383,956,1826,342,581,149,654,613,103,319,719,461,137,471,227,501,609,398,694,211,404
699,642,299,127,756,173,739,231,271,289,631,811,1329,477,409,473,551,1328,748,93,438,713,446,300,500,200,504,366,378,956,538,2052,429,774,165,808,681,127,353,746,494,164,566,309,610,690,490,803,275,548
1174,1256,577,219,1400,306,1325,410,437,554,1177,1562,2358,904,760,830,1013,2398,1401,159,782,1381,833,546,925,361,981,675,687,1826,2052,1844,720,1257,293,1485,1261,240,673,1523,939,310,1032,561,1114,1272,889,1403,473,954
209,227,116,44,259,67,262,85,85,107,239,310,477,172,142,170,207,480,272,36,175,267,187,115,198,55,185,124,141,342,429,720,61,251,56,268,262,38,137,284,190,46,195,139,217,247,182,253,93,178
458,400,169,67,485,97,462,143,173,189,403,492,850,311,233,272,322,885,515,61,258,517,291,186,301,115,323,198,245,581,774,1257,251,207,110,470,445,73,243,506,332,101,368,188,433,448,324,535,174,322
131,101,45,19,114,30,132,27,43,52,100,157,206,74,49,55,89,174,120,18,65,126,60,50,73,32,83,50,60,149,165,293,56,110,17,152,102,16,61,116,87,31,82,40,95,110,72,110,36,81
510,448,189,99,542,128,543,149,177,205,442,604,934,336,255,259,362,952,536,49,269,545,285,214,332,138,341,255,251,654,808,1485,268,470,152,252,508,87,251,576,344,95,390,202,409,494,327,532,194,359
463,382,171,87,469,98,426,144,148,188,389,498,857,305,250,270,351,870,483,71,274,490,282,174,335,92,288,239,258,613,681,1261,262,445,102,508,185,69,257,500,326,109,362,163,398,423,303,509,164,292
86,67,31,13,79,13,86,27,24,30,82,86,165,47,41,33,59,158,70,9,46,82,40,30,57,17,56,41,39,103,127,240,38,73,16,87,69,3,43,81,57,14,61,28,68,84,49,86,31,58
263,217,86,37,263,59,222,61,75,96,203,276,443,168,153,151,177,441,269,31,155,247,153,107,187,71,175,129,118,319,353,673,137,243,61,251,257,43,46,278,150,51,176,90,195,238,172,252,108,155
478,448,192,87,536,97,508,156,148,224,425,578,908,357,308,317,376,962,546,63,318,529,332,202,363,129,359,250,283,719,746,1523,284,506,116,576,500,81,278,275,359,114,386,216,446,509,348,606,195,384
332,292,132,44,361,70,334,88,133,118,265,365,585,225,174,182,251,573,369,33,185,351,186,126,222,74,213,159,161,461,494,939,190,332,87,344,326,57,150,359,121,69,244,138,268,319,197,348,141,207
95,103,44,17,111,20,94,30,34,34,70,125,180,67,65,65,80,191,116,13,52,97,51,34,65,27,65,49,49,137,164,310,46,101,31,95,109,14,51,114,69,9,94,52,76,92,60,109,46,64
378,339,143,74,349,89,334,112,112,146,308,418,679,264,215,238,250,683,376,40,227,385,228,155,231,108,274,171,179,471,566,1032,195,368,82,390,362,61,176,386,244,94,136,143,320,350,230,389,134,260
186,165,74,37,202,32,199,57,62,74,155,204,355,144,96,107,143,354,214,23,90,225,122,75,151,44,141,94,94,227,309,561,139,188,40,202,163,28,90,216,138,52,143,34,180,178,133,212,61,134
420,337,166,69,413,101,372,116,115,137,333,447,717,236,229,240,323,726,411,41,229,427,226,146,235,111,260,207,198,501,610,1114,217,433,95,409,398,68,195,446,268,76,320,180,164,375,244,410,155,277
415,407,159,75,453,101,476,135,146,182,419,536,866,287,240,265,332,854,486,61,273,473,271,216,314,116,337,205,219,609,690,1272,247,448,110,494,423,84,238,509,319,92,350,178,375,187,285,477,150,320
326,290,125,60,297,78,332,97,87,131,266,324,556,203,159,179,223,550,337,28,180,337,187,123,201,73,204,124,159,398,490,889,182,324,72,327,303,49,172,348,197,60,230,133,244,285,97,351,115,225
475,440,207,91,517,123,487,164,170,214,461,565,920,355,303,319,389,935,533,72,288,559,313,201,353,136,380,252,259,694,803,1403,253,535,110,532,509,86,252,606,348,109,389,212,410,477,351,270,180,361
150,170,82,25,195,33,178,60,57,92,153,225,319,123,88,96,148,290,210,24,119,186,95,75,137,49,134,79,91,211,275,473,93,174,36,194,164,31,108,195,141,46,134,61,155,150,115,180,28,126
388,320,160,57,346,69,322,107,98,156,318,347,596,247,174,177,247,593,345,41,190,349,197,147,228,99,229,152,169,404,548,954,178,322,81,359,292,58,155,384,207,64,260,134,277,320,225,361,126,118
