244,423,217,97,497,117,438,155,189,239,441,499,814,365,320,346,362,848,480,68,301,490,334,219,360,160,393,316,302,616,676,1187,249,491,109,458,477,113,234,458,302,102,357,155,434,432,304,444,166,351
423,173,147,77,446,111,420,144,146,186,370,472,801,282,215,239,319,805,422,53,238,440,247,155,266,98,274,190,195,527,697,1256,234,381,97,484,436,80,216,478,289,99,303,154,329,418,283,457,167,284
217,147,30,32,187,47,198,56,61,70,163,220,366,159,95,118,141,359,226,30,124,231,129,93,130,39,139,74,107,250,319,567,118,179,46,186,166,30,89,196,111,48,164,76,153,194,138,226,77,128
97,77,32,6,76,15,85,17,25,38,67,84,140,49,51,51,54,146,87,8,47,66,40,26,49,22,77,38,39,92,118,213,36,79,24,90,84,13,40,79,54,21,59,23,60,86,38,83,33,73
497,446,187,76,241,111,481,153,178,194,411,577,900,323,264,302,368,939,490,64,299,550,305,212,312,122,363,226,250,651,761,1428,269,462,123,557,475,79,230,570,339,103,378,204,380,492,323,508,172,351
117,111,47,15,111,10,108,35,26,47,92,128,211,83,54,56,71,212,114,10,70,114,77,43,69,32,101,58,64,131,165,284,54,100,27,123,109,15,58,111,69,37,80,38,94,96,64,117,46,73
438,420,198,85,481,108,236,145,149,209,396,540,866,316,243,272,346,885,477,46,298,431,297,191,293,134,337,231,235,553,720,1360,261,477,112,522,441,76,228,486,316,94,347,184,336,429,286,465,174,335
155,144,56,17,153,35,145,20,44,71,138,177,267,98,84,82,99,290,134,16,81,154,87,66,104,39,118,98,83,201,207,402,81,147,36,147,150,32,58,164,91,26,97,64,129,138,121,166,56,99
189,146,61,25,178,26,149,44,27,70,154,174,305,120,99,113,130,345,161,20,98,181,116,71,102,48,128,83,82,210,240,485,105,168,34,178,148,26,78,190,122,23,132,61,123,148,115,157,59,101
239,186,70,38,194,47,209,71,70,46,184,218,350,140,116,104,135,333,228,18,127,224,134,79,133,61,138,109,119,231,338,607,110,208,44,203,213,43,78,218,152,52,170,76,168,155,135,205,84,146
441,370,163,67,411,92,396,138,154,184,163,424,787,269,244,257,301,818,407,35,248,400,263,195,278,119,276,198,249,527,631,1171,246,409,73,459,408,76,183,482,277,96,329,149,343,359,279,404,151,297
499,472,220,84,577,128,540,177,174,218,424,335,1001,357,289,304,418,1035,558,72,281,580,343,217,363,140,359,268,257,730,861,1558,304,517,132,553,532,88,295,602,369,116,428,200,421,525,338,577,221,396
814,801,366,140,900,211,866,267,305,350,787,1001,825,608,494,545,648,1470,932,127,475,953,522,386,598,215,612,417,456,1119,1434,2450,488,835,195,986,854,144,474,979,575,172,702,339,723,825,602,970,345,591
365,282,159,49,323,83,316,98,120,140,269,357,608,112,170,186,213,607,317,35,184,302,196,116,196,82,213,130,148,400,473,939,187,325,75,324,308,50,134,325,201,65,280,105,233,277,188,315,141,225
320,215,95,51,264,54,243,84,99,116,244,289,494,170,73,146,183,502,273,31,159,270,141,100,138,76,190,116,118,341,416,746,138,247,40,280,247,37,117,300,163,53,213,114,192,238,169,280,96,178
346,239,118,51,302,56,272,82,113,104,257,304,545,186,146,85,194,566,311,28,139,302,135,124,177,94,204,119,135,371,454,814,170,270,55,287,275,40,137,320,174,68,227,101,224,263,192,316,111,198
362,319,141,54,368,71,346,99,130,135,301,418,648,213,183,194,130,627,306,51,211,337,184,142,229,102,268,185,180,464,498,1000,193,328,78,393,342,69,166,383,240,65,252,127,296,351,220,398,137,236
848,805,359,146,939,212,885,290,345,333,818,1035,1470,607,502,566,627,803,895,134,503,934,556,386,640,229,618,425,463,1082,1383,2383,466,850,208,985,828,131,495,937,581,157,690,348,748,789,585,938,366,582
480,422,226,87,490,114,477,134,161,228,407,558,932,317,273,311,306,895,242,64,280,438,285,193,323,131,333,241,286,664,783,1447,287,467,111,500,438,100,230,593,313,99,401,176,389,429,302,510,192,353
68,53,30,8,64,10,46,16,20,18,35,72,127,35,31,28,51,134,64,2,36,66,33,26,40,12,43,22,34,67,84,193,50,55,17,65,52,10,33,72,36,17,39,20,46,55,41,62,36,32
301,238,124,47,299,70,298,81,98,127,248,281,475,184,159,139,211,503,280,36,78,295,173,130,201,74,198,141,130,344,432,771,144,250,56,307,265,46,122,309,201,65,229,103,220,236,179,316,111,218
490,440,231,66,550,114,431,154,181,224,400,580,953,302,270,302,337,934,438,66,295,228,302,205,329,120,354,247,286,645,728,1469,288,483,116,550,451,96,243,562,327,112,392,152,361,459,313,488,192,341
334,247,129,40,305,77,297,87,116,134,263,343,522,196,141,135,184,556,285,33,173,302,89,102,187,74,202,129,156,369,461,812,148,262,76,309,276,44,141,306,212,64,238,119,224,274,167,343,112,183
219,155,93,26,212,43,191,66,71,79,195,217,386,116,100,124,142,386,193,26,130,205,102,43,133,56,134,84,98,236,315,544,95,173,48,219,171,37,106,229,120,50,147,58,155,191,126,194,84,130
360,266,130,49,312,69,293,104,102,133,278,363,598,196,138,177,229,640,323,40,201,329,187,133,91,72,196,136,186,435,513,927,174,296,68,331,302,58,162,349,199,69,262,118,234,272,197,320,118,222
160,98,39,22,122,32,134,39,48,61,119,140,215,82,76,94,102,229,131,12,74,120,74,56,72,15,79,51,76,158,196,351,63,131,19,147,116,30,74,139,79,23,113,53,100,105,74,127,45,106
393,274,139,77,363,101,337,118,128,138,276,359,612,213,190,204,268,618,333,43,198,354,202,134,196,79,104,134,189,382,497,963,181,330,68,355,338,56,177,374,233,72,265,130,280,288,204,378,124,213
316,190,74,38,226,58,231,98,83,109,198,268,417,130,116,119,185,425,241,22,141,247,129,84,136,51,134,47,105,302,376,691,126,228,57,247,219,38,127,240,134,42,182,84,184,236,134,263,81,207
302,195,107,39,250,64,235,83,82,119,249,257,456,148,118,135,180,463,286,34,130,286,156,98,186,76,189,105,64,307,393,693,143,263,53,256,215,35,135,278,131,50,178,76,198,225,144,274,96,196
616,527,250,92,651,131,553,201,210,231,527,730,1119,400,341,371,464,1082,664,67,344,645,369,236,435,158,382,302,307,404,994,1811,333,582,149,651,569,116,336,655,417,131,460,230,495,579,383,663,219,410
676,697,319,118,761,165,720,207,240,338,631,861,1434,473,416,454,498,1383,783,84,432,728,461,315,513,196,497,376,393,994,561,2141,425,707,175,829,689,146,374,776,485,185,573,256,578,706,465,742,285,484
1187,1256,567,213,1428,284,1360,402,485,607,1171,1558,2450,939,746,814,1000,2383,1447,193,771,1469,812,544,927,351,963,691,693,1811,2141,1937,712,1274,316,1536,1283,220,706,1443,941,266,995,479,1141,1246,915,1388,469,948
249,234,118,36,269,54,261,81,105,110,246,304,488,187,138,170,193,466,287,50,144,288,148,95,174,63,181,126,143,333,425,712,63,235,63,337,266,42,141,249,160,65,226,92,223,261,172,297,96,186
491,381,179,79,462,100,477,147,168,208,409,517,835,325,247,270,328,850,467,55,250,483,262,173,296,131,330,228,263,582,707,1274,235,229,110,492,424,78,247,475,330,111,340,155,354,424,282,460,165,335
109,97,46,24,123,27,112,36,34,44,73,132,195,75,40,55,78,208,111,17,56,116,76,48,68,19,68,57,53,149,175,316,63,110,14,107,111,24,56,124,58,24,83,39,85,103,56,129,35,82
458,484,186,90,557,123,522,147,178,203,459,553,986,324,280,287,393,985,500,65,307,550,309,219,331,147,355,247,256,651,829,1536,337,492,107,281,468,97,289,560,357,94,404,182,421,516,330,574,188,359
477,436,166,84,475,109,441,150,148,213,408,532,854,308,247,275,342,828,438,52,265,451,276,171,302,116,338,219,215,569,689,1283,266,424,111,468,214,107,237,464,312,97,355,170,353,468,263,491,165,350
113,80,30,13,79,15,76,32,26,43,76,88,144,50,37,40,69,131,100,10,46,96,44,37,58,30,56,38,35,116,146,220,42,78,24,97,107,5,51,82,48,15,62,35,72,82,50,99,39,79
234,216,89,40,230,58,228,58,78,78,183,295,474,134,117,137,166,495,230,33,122,243,141,106,162,74,177,127,135,336,374,706,141,247,56,289,237,51,63,245,171,59,207,103,190,230,153,285,84,163
458,478,196,79,570,111,486,164,190,218,482,602,979,325,300,320,383,937,593,72,309,562,306,229,349,139,374,240,278,655,776,1443,249,475,124,560,464,82,245,314,382,114,396,180,433,515,345,552,189,318
302,289,111,54,339,69,316,91,122,152,277,369,575,201,163,174,240,581,313,36,201,327,212,120,199,79,233,134,131,417,485,941,160,330,58,357,312,48,171,382,88,76,246,140,274,296,205,365,102,217
102,99,48,21,103,37,94,26,23,52,96,116,172,65,53,68,65,157,99,17,65,112,64,50,69,23,72,42,50,131,185,266,65,111,24,94,97,15,59,114,76,11,96,46,74,86,55,126,32,75
357,303,164,59,378,80,347,97,132,170,329,428,702,280,213,227,252,690,401,39,229,392,238,147,262,113,265,182,178,460,573,995,226,340,83,404,355,62,207,396,246,96,127,144,299,336,252,383,144,249
155,154,76,23,204,38,184,64,61,76,149,200,339,105,114,101,127,348,176,20,103,152,119,58,118,53,130,84,76,230,256,479,92,155,39,182,170,35,103,180,140,46,144,36,131,179,121,204,69,112
434,329,153,60,380,94,336,129,123,168,343,421,723,233,192,224,296,748,389,46,220,361,224,155,234,100,280,184,198,495,578,1141,223,354,85,421,353,72,190,433,274,74,299,131,141,351,253,388,138,292
432,418,194,86,492,96,429,138,148,155,359,525,825,277,238,263,351,789,429,55,236,459,274,191,272,105,288,236,225,579,706,1246,261,424,103,516,468,82,230,515,296,86,336,179,351,209,294,479,180,329
304,283,138,38,323,64,286,121,115,135,279,338,602,188,169,192,220,585,302,41,179,313,167,126,197,74,204,134,144,383,465,915,172,282,56,330,263,50,153,345,205,55,252,121,253,294,87,336,126,223
444,457,226,83,508,117,465,166,157,205,404,577,970,315,280,316,398,938,510,62,316,488,343,194,320,127,378,263,274,663,742,1388,297,460,129,574,491,99,285,552,365,126,383,204,388,479,336,234,196,342
166,167,77,33,172,46,174,56,59,84,151,221,345,141,96,111,137,366,192,36,111,192,112,84,118,45,124,81,96,219,285,469,96,165,35,188,165,39,84,189,102,32,144,69,138,180,126,196,34,121
351,284,128,73,351,73,335,99,101,146,297,396,591,225,178,198,236,582,353,32,218,341,183,130,222,106,213,207,196,410,484,948,186,335,82,359,350,79,163,318,217,75,249,112,292,329,223,342,121,105
