283,407,221,82,503,116,463,181,156,247,439,527,828,361,300,311,371,790,510,69,320,538,335,215,355,151,352,289,315,585,709,1224,247,463,105,516,467,88,253,479,320,106,348,162,419,422,341,482,151,357
407,175,178,77,465,91,425,122,123,192,390,474,825,312,217,250,305,807,466,53,252,463,247,175,285,120,288,224,226,559,614,1219,232,418,111,428,435,69,220,467,288,79,351,168,348,400,274,468,164,266
221,178,36,41,185,45,179,67,67,100,178,220,367,128,100,114,143,344,209,26,88,221,125,101,132,49,130,102,103,249,318,562,113,178,43,184,189,44,104,214,116,38,141,67,178,178,135,209,70,133
82,77,41,6,92,18,75,22,29,36,60,86,139,48,48,71,70,139,100,16,54,91,57,36,57,27,68,33,40,92,142,210,49,75,27,94,85,14,32,79,48,18,56,25,64,89,49,85,33,77
503,465,185,92,282,127,493,152,176,217,449,564,938,344,277,275,379,911,540,78,294,516,298,217,340,118,331,229,252,658,831,1425,258,494,126,517,490,98,266,520,332,114,381,199,425,536,325,531,182,345
116,91,45,18,127,13,100,27,35,39,99,123,190,64,62,79,94,196,141,22,75,120,80,49,66,24,74,45,60,132,177,275,59,100,23,123,112,20,49,114,72,28,84,36,84,109,63,122,33,85
463,425,179,75,493,100,212,141,138,217,431,523,883,327,277,281,334,859,538,63,274,511,274,194,319,123,348,199,239,581,718,1288,264,420,122,528,453,98,235,496,344,102,376,164,371,421,320,472,168,325
181,122,67,22,152,27,141,21,46,65,124,151,286,125,83,87,102,279,149,21,82,152,91,49,104,36,85,67,75,186,224,424,86,145,28,149,154,23,72,146,99,39,140,48,125,144,102,155,58,101
156,123,67,29,176,35,138,46,34,64,140,203,296,108,84,91,132,306,165,22,96,149,101,63,106,35,101,67,86,212,239,468,86,138,37,184,124,33,63,182,119,34,128,61,126,156,100,179,52,122
247,192,100,36,217,39,217,65,64,50,189,210,312,152,117,123,146,321,192,29,118,203,155,80,141,55,168,102,116,250,317,535,108,202,45,185,188,28,89,232,141,45,168,89,189,186,128,218,82,144
439,390,178,60,449,99,431,124,140,189,199,442,670,272,209,264,258,721,432,59,263,444,262,188,296,122,336,205,237,524,642,1130,246,424,104,446,410,79,180,473,299,80,347,193,368,398,270,454,144,317
527,474,220,86,564,123,523,151,203,210,442,288,1014,337,313,307,391,1012,568,70,311,568,359,217,364,136,353,226,292,751,830,1602,307,510,123,576,521,86,307,586,370,114,415,197,467,509,338,575,208,389
828,825,367,139,938,190,883,286,296,312,670,1014,832,577,495,542,619,1532,886,125,507,879,526,350,592,221,624,426,475,1152,1304,2447,481,842,219,913,803,157,481,935,638,187,658,357,730,786,573,894,312,591
361,312,128,48,344,64,327,125,108,152,272,337,577,118,163,177,214,540,339,39,188,361,188,147,204,82,233,156,178,403,507,914,184,283,81,297,325,64,160,364,193,75,263,112,276,291,230,325,121,220
300,217,100,48,277,62,277,83,84,117,209,313,495,163,69,130,178,478,253,26,137,296,169,113,181,61,163,134,116,319,397,735,132,246,48,255,236,41,111,291,195,56,221,85,215,230,170,297,92,189
311,250,114,71,275,79,281,87,91,123,264,307,542,177,130,75,215,523,266,38,153,283,184,127,203,61,175,123,121,354,444,817,161,254,53,291,279,52,141,315,187,62,224,113,227,266,186,302,98,212
371,305,143,70,379,94,334,102,132,146,258,391,619,214,178,215,131,606,369,41,197,386,228,137,228,88,221,168,192,422,548,1040,204,328,71,383,348,72,167,412,251,71,265,128,268,340,207,406,127,249
790,807,344,139,911,196,859,279,306,321,721,1012,1532,540,478,523,606,812,921,107,500,892,502,335,591,230,618,425,449,1121,1318,2412,488,829,209,937,803,147,461,915,597,200,638,373,700,803,581,879,315,582
510,466,209,100,540,141,538,149,165,192,432,568,886,339,253,266,369,921,263,66,294,511,318,217,328,154,365,212,249,671,738,1405,272,502,140,565,503,101,237,582,310,94,373,191,414,435,333,498,193,355
69,53,26,16,78,22,63,21,22,29,59,70,125,39,26,38,41,107,66,4,32,77,37,32,32,21,40,33,27,77,91,179,28,69,18,49,73,13,31,63,37,13,48,20,46,55,31,65,25,38
320,252,88,54,294,75,274,82,96,118,263,311,507,188,137,153,197,500,294,32,54,297,177,118,168,64,166,135,124,360,405,758,159,292,70,250,239,43,148,301,193,54,230,105,220,261,172,300,109,212
538,463,221,91,516,120,511,152,149,203,444,568,879,361,296,283,386,892,511,77,297,272,315,231,363,143,380,240,269,687,767,1385,294,529,134,541,495,109,245,566,339,97,404,184,434,440,361,509,201,355
335,247,125,57,298,80,274,91,101,155,262,359,526,188,169,184,228,502,318,37,177,315,82,119,195,69,173,138,132,333,438,775,161,286,73,276,285,59,136,317,203,48,227,100,238,281,179,306,116,212
215,175,101,36,217,49,194,49,63,80,188,217,350,147,113,127,137,335,217,32,118,231,119,43,137,64,145,105,119,258,296,522,98,200,47,213,195,39,90,222,136,34,171,77,138,192,153,196,64,137
355,285,132,57,340,66,319,104,106,141,296,364,592,204,181,203,228,591,328,32,168,363,195,137,108,94,204,154,171,414,488,912,178,305,86,351,313,55,155,372,204,57,262,125,269,319,189,349,130,211
151,120,49,27,118,24,123,36,35,55,122,136,221,82,61,61,88,230,154,21,64,143,69,64,94,12,72,65,65,152,199,358,68,130,33,135,111,19,67,136,81,21,94,47,116,134,76,154,49,85
352,288,130,68,331,74,348,85,101,168,336,353,624,233,163,175,221,618,365,40,166,380,173,145,204,72,119,163,171,419,522,998,176,307,81,353,310,65,153,408,218,55,295,124,260,346,206,374,112,213
289,224,102,33,229,45,199,67,67,102,205,226,426,156,134,123,168,425,212,33,135,240,138,105,154,65,163,72,113,288,374,740,136,212,49,248,210,45,109,260,138,39,172,84,182,241,135,258,84,139
315,226,103,40,252,60,239,75,86,116,237,292,475,178,116,121,192,449,249,27,124,269,132,119,171,65,171,113,58,296,366,687,130,214,57,257,252,48,120,293,165,34,181,85,209,261,159,259,80,179
585,559,249,92,658,132,581,186,212,250,524,751,1152,403,319,354,422,1121,671,77,360,687,333,258,414,152,419,288,296,396,1008,1777,307,600,152,640,603,118,330,669,392,144,518,232,485,612,369,655,232,422
709,614,318,142,831,177,718,224,239,317,642,830,1304,507,397,444,548,1318,738,91,405,767,438,296,488,199,522,374,366,1008,550,2046,401,733,187,815,703,146,381,772,512,154,559,282,620,691,492,788,273,528
1224,1219,562,210,1425,275,1288,424,468,535,1130,1602,2447,914,735,817,1040,2412,1405,179,758,1385,775,522,912,358,998,740,687,1777,2046,1909,745,1306,337,1560,1252,251,690,1443,928,311,1024,545,1113,1282,903,1381,518,956
247,232,113,49,258,59,264,86,86,108,246,307,481,184,132,161,204,488,272,28,159,294,161,98,178,68,176,136,130,307,401,745,67,254,63,299,267,40,139,294,161,53,219,115,212,243,180,272,96,198
463,418,178,75,494,100,420,145,138,202,424,510,842,283,246,254,328,829,502,69,292,529,286,200,305,130,307,212,214,600,733,1306,254,229,107,491,440,83,242,501,298,100,355,152,378,416,286,470,180,370
105,111,43,27,126,23,122,28,37,45,104,123,219,81,48,53,71,209,140,18,70,134,73,47,86,33,81,49,57,152,187,337,63,107,11,127,105,19,51,128,66,20,81,48,121,112,93,118,47,71
516,428,184,94,517,123,528,149,184,185,446,576,913,297,255,291,383,937,565,49,250,541,276,213,351,135,353,248,257,640,815,1560,299,491,127,301,486,91,262,574,359,113,437,196,410,504,315,603,189,382
467,435,189,85,490,112,453,154,124,188,410,521,803,325,236,279,348,803,503,73,239,495,285,195,313,111,310,210,252,603,703,1252,267,440,105,486,247,83,224,496,289,80,341,179,384,421,303,477,177,338
88,69,44,14,98,20,98,23,33,28,79,86,157,64,41,52,72,147,101,13,43,109,59,39,55,19,65,45,48,118,146,251,40,83,19,91,83,5,41,104,57,20,55,30,70,73,47,94,28,49
253,220,104,32,266,49,235,72,63,89,180,307,481,160,111,141,167,461,237,31,148,245,136,90,155,67,153,109,120,330,381,690,139,242,51,262,224,41,49,263,170,58,208,87,189,220,138,274,97,155
479,467,214,79,520,114,496,146,182,232,473,586,935,364,291,315,412,915,582,63,301,566,317,222,372,136,408,260,293,669,772,1443,294,501,128,574,496,104,263,298,381,92,413,208,424,502,350,525,181,356
320,288,116,48,332,72,344,99,119,141,299,370,638,193,195,187,251,597,310,37,193,339,203,136,204,81,218,138,165,392,512,928,161,298,66,359,289,57,170,381,91,58,256,132,250,310,197,356,134,231
106,79,38,18,114,28,102,39,34,45,80,114,187,75,56,62,71,200,94,13,54,97,48,34,57,21,55,39,34,144,154,311,53,100,20,113,80,20,58,92,58,12,113,40,62,81,64,102,35,68
348,351,141,56,381,84,376,140,128,168,347,415,658,263,221,224,265,638,373,48,230,404,227,171,262,94,295,172,181,518,559,1024,219,355,81,437,341,55,208,413,256,113,135,147,306,351,246,395,124,250
162,168,67,25,199,36,164,48,61,89,193,197,357,112,85,113,128,373,191,20,105,184,100,77,125,47,124,84,85,232,282,545,115,152,48,196,179,30,87,208,132,40,147,40,140,181,121,175,71,131
419,348,178,64,425,84,371,125,126,189,368,467,730,276,215,227,268,700,414,46,220,434,238,138,269,116,260,182,209,485,620,1113,212,378,121,410,384,70,189,424,250,62,306,140,158,382,280,398,149,263
422,400,178,89,536,109,421,144,156,186,398,509,786,291,230,266,340,803,435,55,261,440,281,192,319,134,346,241,261,612,691,1282,243,416,112,504,421,73,220,502,310,81,351,181,382,202,288,461,167,327
341,274,135,49,325,63,320,102,100,128,270,338,573,230,170,186,207,581,333,31,172,361,179,153,189,76,206,135,159,369,492,903,180,286,93,315,303,47,138,350,197,64,246,121,280,288,110,360,123,181
482,468,209,85,531,122,472,155,179,218,454,575,894,325,297,302,406,879,498,65,300,509,306,196,349,154,374,258,259,655,788,1381,272,470,118,603,477,94,274,525,356,102,395,175,398,461,360,263,189,357
151,164,70,33,182,33,168,58,52,82,144,208,312,121,92,98,127,315,193,25,109,201,116,64,130,49,112,84,80,232,273,518,96,180,47,189,177,28,97,181,134,35,124,71,149,167,123,189,37,123
357,266,133,77,345,85,325,101,122,144,317,389,591,220,189,212,249,582,355,38,212,355,212,137,211,85,213,139,179,422,528,956,198,370,71,382,338,49,155,356,231,68,250,131,263,327,181,357,123,132
