277,447,183,99,493,103,464,183,168,250,453,505,809,353,300,332,374,813,529,71,322,517,357,215,352,157,393,292,272,563,708,1162,232,451,100,529,478,84,236,480,323,91,378,176,442,462,316,509,154,367
447,179,187,74,406,92,428,128,127,169,360,495,806,269,226,253,286,765,423,45,236,441,240,163,250,121,283,188,204,562,669,1258,223,425,94,445,418,75,226,450,278,103,351,158,337,428,275,464,147,280
183,187,37,30,223,48,192,62,62,96,185,203,364,124,96,107,132,375,194,28,104,199,90,85,143,38,143,90,84,243,308,576,118,190,46,183,186,23,87,229,116,40,158,89,165,180,118,197,84,127
99,74,30,8,90,18,78,36,27,35,51,105,150,52,52,47,55,152,80,8,47,76,51,30,55,20,62,54,46,111,113,229,42,66,19,102,63,12,41,85,48,9,62,26,56,62,56,66,24,59
493,406,223,90,245,119,472,135,173,211,445,577,859,321,257,283,361,887,494,73,322,515,301,187,329,124,337,221,266,644,725,1404,265,483,105,550,451,96,237,559,351,115,384,194,396,463,330,510,197,336
103,92,48,18,119,11,95,38,36,47,84,131,206,74,63,66,89,192,119,11,51,102,79,48,78,29,92,77,60,162,136,284,54,114,24,117,88,20,50,119,71,19,79,36,92,91,66,98,35,75
464,428,192,78,472,95,230,136,144,199,422,549,846,309,252,265,322,860,497,42,247,480,285,196,303,136,330,238,260,641,738,1298,244,457,105,496,444,89,237,540,319,92,380,183,375,448,321,479,152,347
183,128,62,36,135,38,136,26,39,69,121,161,266,98,84,74,119,271,164,12,75,159,92,55,95,42,103,58,91,198,252,429,81,123,43,170,151,20,66,145,103,42,133,61,122,138,101,172,57,96
168,127,62,27,173,36,144,39,32,59,129,170,300,126,73,72,115,294,167,19,89,182,82,63,85,36,100,66,82,210,276,442,83,161,36,175,167,20,73,181,113,33,126,66,130,160,89,170,62,98
250,169,96,35,211,47,199,69,59,48,156,233,333,142,114,127,156,353,202,20,140,227,124,80,147,45,125,86,113,280,326,517,103,195,45,211,181,30,103,222,135,47,162,68,176,184,147,224,73,157
453,360,185,51,445,84,422,121,129,156,171,485,773,285,210,248,297,758,425,61,251,453,243,165,279,112,299,208,217,558,670,1158,217,408,91,439,377,62,235,459,267,87,356,128,357,396,273,466,162,282
505,495,203,105,577,131,549,161,170,233,485,318,1006,367,293,303,386,1036,551,59,296,566,320,256,388,110,378,233,287,697,851,1580,290,546,127,566,535,76,291,631,390,113,407,202,444,511,354,571,202,363
809,806,364,150,859,206,846,266,300,333,773,1006,838,562,465,493,676,1460,947,107,511,887,516,383,631,234,644,396,446,1155,1394,2398,512,850,204,998,876,145,447,1031,627,179,633,329,751,838,596,909,332,581
353,269,124,52,321,74,309,98,126,142,285,367,562,99,167,190,236,582,308,48,167,335,186,118,203,74,218,157,173,400,480,939,180,307,66,357,287,46,166,342,181,60,242,117,232,323,209,342,109,246
300,226,96,52,257,63,252,84,73,114,210,293,465,167,72,140,200,448,287,33,115,280,162,127,164,64,176,132,126,323,407,775,174,237,56,269,259,38,136,294,167,58,234,96,202,240,151,259,89,171
332,253,107,47,283,66,265,74,72,127,248,303,493,190,140,74,213,488,290,34,142,278,177,139,212,59,191,126,133,330,394,825,179,237,66,271,277,54,137,297,175,69,199,104,236,293,172,304,118,221
374,286,132,55,361,89,322,119,115,156,297,386,676,236,200,213,122,667,351,36,218,349,212,141,230,98,229,172,194,463,557,986,200,320,74,396,349,63,210,380,245,68,293,134,291,308,222,378,127,252
813,765,375,152,887,192,860,271,294,353,758,1036,1460,582,448,488,667,807,946,121,498,923,523,353,631,261,653,401,475,1131,1352,2445,481,845,197,989,849,149,423,1009,593,198,657,361,732,825,579,910,332,594
529,423,194,80,494,119,497,164,167,202,425,551,947,308,287,290,351,946,225,65,257,458,312,193,318,128,336,259,280,637,702,1417,281,462,108,529,445,92,252,530,317,77,420,195,413,457,327,553,178,347
71,45,28,8,73,11,42,12,19,20,61,59,107,48,33,34,36,121,65,1,31,75,34,23,29,14,32,25,37,81,85,188,35,56,9,53,53,10,27,71,45,13,52,33,38,63,34,65,24,44
322,236,104,47,322,51,247,75,89,140,251,296,511,167,115,142,218,498,257,31,61,292,168,110,172,55,181,118,140,311,417,767,147,283,65,271,273,29,134,287,165,57,237,100,212,251,161,313,98,186
517,441,199,76,515,102,480,159,182,227,453,566,887,335,280,278,349,923,458,75,292,266,302,217,318,125,351,253,277,639,744,1376,259,462,118,558,503,87,273,553,330,95,420,191,412,449,331,538,176,347
357,240,90,51,301,79,285,92,82,124,243,320,516,186,162,177,212,523,312,34,168,302,94,114,180,66,199,142,145,315,452,829,140,277,68,291,291,51,163,316,183,60,259,111,224,261,187,317,120,217
215,163,85,30,187,48,196,55,63,80,165,256,383,118,127,139,141,353,193,23,110,217,114,33,125,53,142,83,87,198,319,560,95,174,42,217,189,35,119,196,136,40,167,80,160,192,130,227,61,141
352,250,143,55,329,78,303,95,85,147,279,388,631,203,164,212,230,631,318,29,172,318,180,125,103,97,199,130,184,419,538,969,176,312,81,351,321,54,159,358,200,66,300,118,247,299,209,360,115,219
157,121,38,20,124,29,136,42,36,45,112,110,234,74,64,59,98,261,128,14,55,125,66,53,97,13,72,76,60,163,186,367,72,108,39,124,114,24,78,140,81,30,97,49,125,115,72,143,55,79
393,283,143,62,337,92,330,103,100,125,299,378,644,218,176,191,229,653,336,32,181,351,199,142,199,72,121,141,160,413,517,977,188,311,78,331,317,60,180,341,209,84,273,144,295,330,212,395,130,206
292,188,90,54,221,77,238,58,66,86,208,233,396,157,132,126,172,401,259,25,118,253,142,83,130,76,141,55,121,255,350,656,128,225,44,267,238,34,90,251,143,41,185,84,177,209,152,240,85,152
272,204,84,46,266,60,260,91,82,113,217,287,446,173,126,133,194,475,280,37,140,277,145,87,184,60,160,121,60,342,364,722,134,246,60,264,232,25,127,262,180,57,185,94,209,230,179,258,100,186
563,562,243,111,644,162,641,198,210,280,558,697,1155,400,323,330,463,1131,637,81,311,639,315,198,419,163,413,255,342,404,976,1824,356,626,130,677,559,95,304,740,417,114,485,227,478,611,391,672,238,428
708,669,308,113,725,136,738,252,276,326,670,851,1394,480,407,394,557,1352,702,85,417,744,452,319,538,186,517,350,364,976,571,2088,416,751,179,799,707,117,388,820,510,144,616,273,605,719,482,788,301,529
1162,1258,576,229,1404,284,1298,429,442,517,1158,1580,2398,939,775,825,986,2445,1417,188,767,1376,829,560,969,367,977,656,722,1824,2088,1853,723,1268,347,1543,1247,221,696,1451,981,280,1057,524,1107,1296,886,1408,483,957
232,223,118,42,265,54,244,81,83,103,217,290,512,180,174,179,200,481,281,35,147,259,140,95,176,72,188,128,134,356,416,723,84,267,69,293,260,46,127,275,203,52,226,88,208,265,159,271,108,195
451,425,190,66,483,114,457,123,161,195,408,546,850,307,237,237,320,845,462,56,283,462,277,174,312,108,311,225,246,626,751,1268,267,212,106,494,406,71,218,493,307,94,360,186,386,436,317,485,192,308
100,94,46,19,105,24,105,43,36,45,91,127,204,66,56,66,74,197,108,9,65,118,68,42,81,39,78,44,60,130,179,347,69,106,11,120,118,14,68,121,86,20,93,44,77,104,82,118,51,86
529,445,183,102,550,117,496,170,175,211,439,566,998,357,269,271,396,989,529,53,271,558,291,217,351,124,331,267,264,677,799,1543,293,494,120,285,491,98,294,541,361,94,412,212,438,499,316,558,183,377
478,418,186,63,451,88,444,151,167,181,377,535,876,287,259,277,349,849,445,53,273,503,291,189,321,114,317,238,232,559,707,1247,260,406,118,491,206,69,227,484,295,99,365,178,390,393,293,478,176,291
84,75,23,12,96,20,89,20,20,30,62,76,145,46,38,54,63,149,92,10,29,87,51,35,54,24,60,34,25,95,117,221,46,71,14,98,69,10,40,84,49,12,64,29,59,74,51,85,28,51
236,226,87,41,237,50,237,66,73,103,235,291,447,166,136,137,210,423,252,27,134,273,163,119,159,78,180,90,127,304,388,696,127,218,68,294,227,40,63,277,183,57,182,97,199,232,167,265,86,158
480,450,229,85,559,119,540,145,181,222,459,631,1031,342,294,297,380,1009,530,71,287,553,316,196,358,140,341,251,262,740,820,1451,275,493,121,541,484,84,277,304,360,102,420,201,426,470,359,554,219,390
323,278,116,48,351,71,319,103,113,135,267,390,627,181,167,175,245,593,317,45,165,330,183,136,200,81,209,143,180,417,510,981,203,307,86,361,295,49,183,360,104,58,277,119,247,323,200,355,125,232
91,103,40,9,115,19,92,42,33,47,87,113,179,60,58,69,68,198,77,13,57,95,60,40,66,30,84,41,57,114,144,280,52,94,20,94,99,12,57,102,58,13,69,41,78,99,59,116,42,66
378,351,158,62,384,79,380,133,126,162,356,407,633,242,234,199,293,657,420,52,237,420,259,167,300,97,273,185,185,485,616,1057,226,360,93,412,365,64,182,420,277,69,141,143,320,325,276,386,154,276
176,158,89,26,194,36,183,61,66,68,128,202,329,117,96,104,134,361,195,33,100,191,111,80,118,49,144,84,94,227,273,524,88,186,44,212,178,29,97,201,119,41,143,41,177,171,126,195,70,129
442,337,165,56,396,92,375,122,130,176,357,444,751,232,202,236,291,732,413,38,212,412,224,160,247,125,295,177,209,478,605,1107,208,386,77,438,390,59,199,426,247,78,320,177,159,374,249,410,142,268
462,428,180,62,463,91,448,138,160,184,396,511,838,323,240,293,308,825,457,63,251,449,261,192,299,115,330,209,230,611,719,1296,265,436,104,499,393,74,232,470,323,99,325,171,374,218,285,458,168,305
316,275,118,56,330,66,321,101,89,147,273,354,596,209,151,172,222,579,327,34,161,331,187,130,209,72,212,152,179,391,482,886,159,317,82,316,293,51,167,359,200,59,276,126,249,285,91,325,102,237
509,464,197,66,510,98,479,172,170,224,466,571,909,342,259,304,378,910,553,65,313,538,317,227,360,143,395,240,258,672,788,1408,271,485,118,558,478,85,265,554,355,116,386,195,410,458,325,275,198,358
154,147,84,24,197,35,152,57,62,73,162,202,332,109,89,118,127,332,178,24,98,176,120,61,115,55,130,85,100,238,301,483,108,192,51,183,176,28,86,219,125,42,154,70,142,168,102,198,36,131
367,280,127,59,336,75,347,96,98,157,282,363,581,246,171,221,252,594,347,44,186,347,217,141,219,79,206,152,186,428,529,957,195,308,86,377,291,51,158,390,232,66,276,129,268,305,237,358,131,118
