247,441,184,92,495,128,491,211,167,242,418,530,831,384,326,323,371,835,503,64,329,512,397,222,364,151,369,293,312,612,678,1203,286,494,114,494,507,90,258,471,321,113,376,183,446,467,352,488,183,375
441,178,159,85,463,108,444,140,123,185,351,457,776,297,222,249,310,784,443,64,233,450,242,143,298,107,308,209,222,511,626,1257,236,439,96,447,435,78,218,446,281,98,318,164,348,385,299,480,172,302
184,159,37,35,226,45,190,44,71,79,150,225,369,144,103,106,140,391,207,22,109,226,122,81,131,60,137,104,108,265,314,574,112,188,38,195,176,36,103,237,133,35,152,67,152,183,129,197,68,139
92,85,35,5,92,22,90,25,30,34,86,100,152,60,48,49,48,152,95,11,62,83,55,30,60,33,76,53,47,106,111,219,56,69,21,100,77,12,43,84,58,14,57,33,67,80,56,95,30,47
495,463,226,92,238,105,476,170,161,209,412,600,928,319,255,293,353,917,527,59,280,501,275,184,308,132,318,254,278,654,748,1460,279,492,119,546,479,96,253,547,359,116,407,195,409,454,321,532,174,329
128,108,45,22,105,14,103,42,35,49,90,132,220,66,63,81,70,211,113,15,80,116,58,43,81,29,80,57,53,138,145,286,63,104,28,133,118,16,56,118,76,27,89,46,96,100,71,106,40,68
491,444,190,90,476,103,201,140,160,189,391,535,866,316,255,247,347,867,461,54,264,477,263,179,327,126,328,214,224,594,698,1309,262,434,116,552,431,74,242,459,309,94,381,192,366,432,289,493,154,292
211,140,44,25,170,42,140,20,44,58,122,169,272,88,73,84,119,285,152,22,93,154,109,51,98,32,93,80,58,202,227,429,93,128,28,181,134,21,68,160,108,25,138,60,134,133,92,157,53,102
167,123,71,30,161,35,160,44,22,59,133,168,294,111,92,91,125,270,179,16,73,183,93,55,101,42,95,85,82,198,247,459,87,148,41,187,159,34,67,136,106,40,139,67,116,167,104,150,65,102
242,185,79,34,209,49,189,58,59,44,162,232,342,135,105,110,148,360,219,40,122,202,147,83,154,57,164,101,105,246,279,533,123,208,50,222,207,35,97,222,133,44,157,82,183,191,113,209,80,146
418,351,150,86,412,90,391,122,133,162,184,494,728,274,231,217,291,757,452,67,234,422,277,167,310,121,316,201,211,512,620,1166,232,404,94,461,421,72,229,422,246,81,336,153,354,364,265,424,167,298
530,457,225,100,600,132,535,169,168,232,494,322,961,364,272,306,397,1038,572,66,286,600,346,225,389,137,405,247,291,723,839,1618,333,526,139,619,520,97,283,585,381,101,461,197,460,525,349,574,213,418
831,776,369,152,928,220,866,272,294,342,728,961,797,604,520,524,664,1464,960,120,495,906,535,362,588,222,617,412,445,1194,1339,2495,497,823,212,978,850,150,458,931,629,161,701,364,713,824,594,908,318,617
384,297,144,60,319,66,316,88,111,135,274,364,604,93,154,171,243,580,345,42,180,334,202,124,220,98,233,147,193,387,509,959,196,318,73,341,304,50,169,354,220,67,258,117,243,276,177,310,128,235
326,222,103,48,255,63,255,73,92,105,231,272,520,154,67,134,204,491,281,34,167,268,173,101,169,68,164,115,131,313,397,770,148,238,71,271,244,37,128,309,176,50,207,95,181,241,173,299,111,196
323,249,106,49,293,81,247,84,91,110,217,306,524,171,134,71,214,511,313,40,164,308,166,113,214,69,177,142,127,329,444,818,165,264,65,295,266,38,132,314,188,56,204,100,215,285,189,318,109,180
371,310,140,48,353,70,347,119,125,148,291,397,664,243,204,214,133,683,356,32,200,369,220,134,233,90,236,163,186,474,528,1075,188,315,80,392,334,75,201,369,228,73,275,139,308,339,230,398,123,241
835,784,391,152,917,211,867,285,270,360,757,1038,1464,580,491,511,683,760,949,111,521,906,514,367,571,218,623,420,423,1106,1337,2497,452,839,181,963,832,136,476,956,626,159,662,347,730,827,579,939,305,621
503,443,207,95,527,113,461,152,179,219,452,572,960,345,281,313,356,949,244,73,328,452,323,200,322,115,331,257,257,639,768,1475,266,489,115,532,489,83,263,561,335,91,378,178,386,464,330,549,204,373
64,64,22,11,59,15,54,22,16,40,67,66,120,42,34,40,32,111,73,4,41,56,40,27,29,6,31,28,31,77,96,193,35,57,10,44,59,5,31,77,48,7,43,29,40,50,26,65,19,44
329,233,109,62,280,80,264,93,73,122,234,286,495,180,167,164,200,521,328,41,76,313,172,101,174,54,155,113,128,321,453,822,155,254,86,285,293,40,149,293,185,55,249,104,207,274,168,295,111,187
512,450,226,83,501,116,477,154,183,202,422,600,906,334,268,308,369,906,452,56,313,248,311,189,331,140,329,259,256,615,735,1485,255,497,128,554,476,83,258,585,353,104,368,198,376,447,316,529,189,337
397,242,122,55,275,58,263,109,93,147,277,346,535,202,173,166,220,514,323,40,172,311,92,114,174,70,192,138,155,340,475,852,157,303,62,307,286,43,143,307,194,68,261,122,225,269,181,296,115,228
222,143,81,30,184,43,179,51,55,83,167,225,362,124,101,113,134,367,200,27,101,189,114,46,111,58,150,104,101,224,290,552,113,198,45,208,201,34,86,218,130,43,160,83,151,200,127,197,64,137
364,298,131,60,308,81,327,98,101,154,310,389,588,220,169,214,233,571,322,29,174,331,174,111,82,79,196,117,157,380,500,883,177,333,79,356,296,57,157,396,226,61,269,137,233,299,205,341,124,242
151,107,60,33,132,29,126,32,42,57,121,137,222,98,68,69,90,218,115,6,54,140,70,58,79,18,83,54,76,148,182,363,72,119,33,137,143,23,51,125,69,26,104,60,111,115,75,142,43,95
369,308,137,76,318,80,328,93,95,164,316,405,617,233,164,177,236,623,331,31,155,329,192,150,196,83,116,153,175,407,501,1004,192,347,74,343,329,62,154,358,214,55,289,125,270,280,205,379,109,228
293,209,104,53,254,57,214,80,85,101,201,247,412,147,115,142,163,420,257,28,113,259,138,104,117,54,153,50,117,275,350,652,126,205,39,236,235,39,107,262,149,52,192,95,165,207,141,235,79,154
312,222,108,47,278,53,224,58,82,105,211,291,445,193,131,127,186,423,257,31,128,256,155,101,157,76,175,117,73,304,378,704,119,247,49,232,253,50,116,246,162,47,176,93,181,208,161,264,105,174
612,511,265,106,654,138,594,202,198,246,512,723,1194,387,313,329,474,1106,639,77,321,615,340,224,380,148,407,275,304,388,996,1850,358,567,147,654,553,97,345,699,458,132,491,238,472,606,420,723,239,429
678,626,314,111,748,145,698,227,247,279,620,839,1339,509,397,444,528,1337,768,96,453,735,475,290,500,182,501,350,378,996,537,2091,400,684,186,835,674,124,375,814,567,154,567,284,585,686,470,800,291,534
1203,1257,574,219,1460,286,1309,429,459,533,1166,1618,2495,959,770,818,1075,2497,1475,193,822,1485,852,552,883,363,1004,652,704,1850,2091,1903,683,1340,300,1631,1324,249,699,1514,951,279,1097,551,1148,1245,911,1382,486,968
286,236,112,56,279,63,262,93,87,123,232,333,497,196,148,165,188,452,266,35,155,255,157,113,177,72,192,126,119,358,400,683,62,249,62,312,270,49,140,319,207,51,224,107,202,255,167,258,85,189
494,439,188,69,492,104,434,128,148,208,404,526,823,318,238,264,315,839,489,57,254,497,303,198,333,119,347,205,247,567,684,1340,249,229,108,483,442,86,224,525,282,104,381,202,388,412,272,490,174,309
114,96,38,21,119,28,116,28,41,50,94,139,212,73,71,65,80,181,115,10,86,128,62,45,79,33,74,39,49,147,186,300,62,108,8,128,116,22,62,132,77,22,79,49,87,107,81,122,40,76
494,447,195,100,546,133,552,181,187,222,461,619,978,341,271,295,392,963,532,44,285,554,307,208,356,137,343,236,232,654,835,1631,312,483,128,296,503,93,285,582,386,127,427,210,445,546,336,593,195,383
507,435,176,77,479,118,431,134,159,207,421,520,850,304,244,266,334,832,489,59,293,476,286,201,296,143,329,235,253,553,674,1324,270,442,116,503,234,77,240,481,322,106,365,192,361,441,308,495,164,281
90,78,36,12,96,16,74,21,34,35,72,97,150,50,37,38,75,136,83,5,40,83,43,34,57,23,62,39,50,97,124,249,49,86,22,93,77,7,43,97,56,19,61,38,64,74,56,100,30,49
258,218,103,43,253,56,242,68,67,97,229,283,458,169,128,132,201,476,263,31,149,258,143,86,157,51,154,107,116,345,375,699,140,224,62,285,240,43,50,273,147,36,202,120,207,192,163,251,95,166
471,446,237,84,547,118,459,160,136,222,422,585,931,354,309,314,369,956,561,77,293,585,307,218,396,125,358,262,246,699,814,1514,319,525,132,582,481,97,273,283,347,117,413,225,438,497,359,579,190,376
321,281,133,58,359,76,309,108,106,133,246,381,629,220,176,188,228,626,335,48,185,353,194,130,226,69,214,149,162,458,567,951,207,282,77,386,322,56,147,347,115,63,247,147,234,283,211,349,131,207
113,98,35,14,116,27,94,25,40,44,81,101,161,67,50,56,73,159,91,7,55,104,68,43,61,26,55,52,47,132,154,279,51,104,22,127,106,19,36,117,63,7,90,42,65,100,61,112,30,58
376,318,152,57,407,89,381,138,139,157,336,461,701,258,207,204,275,662,378,43,249,368,261,160,269,104,289,192,176,491,567,1097,224,381,79,427,365,61,202,413,247,90,132,149,318,336,257,374,134,247
183,164,67,33,195,46,192,60,67,82,153,197,364,117,95,100,139,347,178,29,104,198,122,83,137,60,125,95,93,238,284,551,107,202,49,210,192,38,120,225,147,42,149,30,166,176,124,191,69,142
446,348,152,67,409,96,366,134,116,183,354,460,713,243,181,215,308,730,386,40,207,376,225,151,233,111,270,165,181,472,585,1148,202,388,87,445,361,64,207,438,234,65,318,166,149,371,254,404,140,262
467,385,183,80,454,100,432,133,167,191,364,525,824,276,241,285,339,827,464,50,274,447,269,200,299,115,280,207,208,606,686,1245,255,412,107,546,441,74,192,497,283,100,336,176,371,224,281,461,168,305
352,299,129,56,321,71,289,92,104,113,265,349,594,177,173,189,230,579,330,26,168,316,181,127,205,75,205,141,161,420,470,911,167,272,81,336,308,56,163,359,211,61,257,124,254,281,91,337,125,207
488,480,197,95,532,106,493,157,150,209,424,574,908,310,299,318,398,939,549,65,295,529,296,197,341,142,379,235,264,723,800,1382,258,490,122,593,495,100,251,579,349,112,374,191,404,461,337,265,174,315
183,172,68,30,174,40,154,53,65,80,167,213,318,128,111,109,123,305,204,19,111,189,115,64,124,43,109,79,105,239,291,486,85,174,40,195,164,30,95,190,131,30,134,69,140,168,125,174,31,126
375,302,139,47,329,68,292,102,102,146,298,418,617,235,196,180,241,621,373,44,187,337,228,137,242,95,228,154,174,429,534,968,189,309,76,383,281,49,166,376,207,58,247,142,262,305,207,315,126,102
