243,447,203,102,480,101,482,161,184,228,456,512,867,383,330,347,347,854,520,74,334,498,350,174,345,127,345,282,308,611,667,1195,231,503,106,514,504,95,241,477,317,107,381,171,407,434,322,509,185,358
447,178,197,63,442,95,412,113,133,190,376,468,779,251,228,218,321,816,466,50,234,446,256,181,291,113,302,206,196,563,677,1270,232,416,112,441,398,61,227,476,306,92,341,164,329,394,287,440,167,320
203,197,33,31,210,51,195,74,70,78,169,227,368,106,104,104,148,352,214,21,101,211,111,95,144,46,131,106,85,240,307,588,102,194,41,211,176,38,98,223,122,43,139,72,156,178,122,223,70,132
102,63,31,10,82,17,76,27,31,38,83,86,139,62,54,78,63,145,102,9,48,93,67,37,50,27,62,44,41,97,118,198,38,89,12,92,93,11,46,68,49,17,64,28,73,76,43,76,26,70
480,442,210,82,266,118,522,149,170,209,451,555,936,325,266,290,369,954,506,56,259,538,321,205,344,138,339,238,265,600,744,1421,274,464,104,507,467,88,259,543,296,97,390,183,437,474,320,522,157,317
101,95,51,17,118,8,96,38,42,59,102,106,182,73,68,94,90,180,116,18,67,116,82,35,76,38,98,67,52,149,163,293,45,114,27,119,108,11,66,98,82,21,82,50,100,95,70,114,39,85
482,412,195,76,522,96,230,138,171,220,430,550,839,324,263,319,355,825,495,71,249,496,300,216,315,121,374,223,247,569,743,1360,242,454,98,509,457,75,237,513,336,98,377,166,374,444,290,487,177,360
161,113,74,27,149,38,138,20,56,82,137,169,255,110,88,87,100,268,157,25,85,175,87,57,87,41,94,65,68,167,231,451,89,178,30,147,148,25,72,185,97,33,127,62,122,143,82,157,57,118
184,133,70,31,170,42,171,56,21,80,139,185,291,106,84,91,121,305,148,17,82,172,116,71,125,41,119,84,87,173,226,466,87,169,38,171,154,19,90,164,100,33,112,58,146,161,111,148,66,113
228,190,78,38,209,59,220,82,80,57,188,230,361,157,111,136,141,360,219,31,120,219,133,84,150,50,137,100,124,258,273,558,116,219,42,194,215,47,115,208,124,39,182,75,173,180,111,219,86,145
456,376,169,83,451,102,430,137,139,188,199,451,761,282,236,277,321,770,458,60,260,447,276,184,299,132,301,224,245,539,627,1199,247,403,95,405,405,80,198,460,290,88,328,151,355,387,269,430,180,295
512,468,227,86,555,106,550,169,185,230,451,325,986,348,321,326,394,990,593,76,305,600,328,215,367,126,376,279,306,704,843,1569,312,507,125,576,525,105,287,575,362,123,414,239,411,505,354,616,222,412
867,779,368,139,936,182,839,255,291,361,761,986,769,535,464,521,660,1474,899,117,537,899,511,329,611,232,625,467,429,1162,1395,2371,477,816,205,982,855,145,472,981,632,197,670,354,704,831,574,951,332,605
383,251,106,62,325,73,324,110,106,157,282,348,535,110,167,193,254,564,346,33,168,378,201,147,219,80,235,145,166,398,525,941,171,277,65,327,332,55,171,295,218,82,237,126,257,271,206,336,115,215
330,228,104,54,266,68,263,88,84,111,236,321,464,167,71,134,193,490,262,31,115,279,147,113,164,65,165,134,143,313,395,769,119,252,64,261,277,42,130,287,203,58,207,102,217,234,163,292,98,170
347,218,104,78,290,94,319,87,91,136,277,326,521,193,134,66,221,545,289,33,137,308,166,129,179,73,197,145,154,337,438,846,142,301,49,312,296,40,138,323,204,61,246,103,244,255,196,310,107,198
347,321,148,63,369,90,355,100,121,141,321,394,660,254,193,221,121,662,375,47,208,367,238,138,264,88,268,154,189,421,524,1005,188,375,74,367,352,60,159,382,228,59,278,132,285,297,220,379,142,256
854,816,352,145,954,180,825,268,305,360,770,990,1474,564,490,545,662,837,896,117,505,937,500,376,634,234,626,426,463,1132,1415,2361,459,841,207,1001,833,152,456,1076,632,194,654,376,724,843,562,920,321,645
520,466,214,102,506,116,495,157,148,219,458,593,899,346,262,289,375,896,267,68,269,541,292,205,319,122,321,239,255,609,769,1436,257,486,86,553,520,74,267,550,344,99,381,200,423,432,302,535,179,361
74,50,21,9,56,18,71,25,17,31,60,76,117,33,31,33,47,117,68,1,45,60,47,25,42,33,50,34,40,80,100,161,33,54,15,60,62,13,39,54,47,12,57,18,55,48,31,57,25,39
334,234,101,48,259,67,249,85,82,120,260,305,537,168,115,137,208,505,269,45,56,269,166,107,173,75,190,125,122,321,424,845,161,255,54,299,256,37,132,290,160,46,222,89,198,271,151,274,112,208
498,446,211,93,538,116,496,175,172,219,447,600,899,378,279,308,367,937,541,60,269,277,311,234,357,134,347,225,296,600,767,1455,270,486,105,565,505,74,276,555,314,100,401,189,411,444,310,551,200,345
350,256,111,67,321,82,300,87,116,133,276,328,511,201,147,166,238,500,292,47,166,311,89,126,197,70,219,131,182,355,451,770,140,292,62,317,292,53,146,316,195,64,240,131,239,245,172,308,108,195
174,181,95,37,205,35,216,57,71,84,184,215,329,147,113,129,138,376,205,25,107,234,126,47,149,46,165,109,130,253,307,552,107,194,44,198,200,33,122,218,136,49,164,76,180,180,135,232,96,133
345,291,144,50,344,76,315,87,125,150,299,367,611,219,164,179,264,634,319,42,173,357,197,149,120,75,218,145,161,444,479,929,190,297,74,332,297,41,199,367,224,76,280,129,270,281,216,361,127,231
127,113,46,27,138,38,121,41,41,50,132,126,232,80,65,73,88,234,122,33,75,134,70,46,75,16,84,64,64,180,205,380,58,134,28,111,112,26,62,133,87,20,113,41,102,126,86,126,44,80
345,302,131,62,339,98,374,94,119,137,301,376,625,235,165,197,268,626,321,50,190,347,219,165,218,84,126,164,174,424,542,983,179,337,80,364,335,59,178,398,228,71,268,122,277,292,236,363,139,218
282,206,106,44,238,67,223,65,84,100,224,279,467,145,134,145,154,426,239,34,125,225,131,109,145,64,164,56,123,293,350,699,126,229,49,221,218,45,106,246,141,44,186,75,175,207,122,256,86,155
308,196,85,41,265,52,247,68,87,124,245,306,429,166,143,154,189,463,255,40,122,296,182,130,161,64,174,123,62,309,393,702,114,258,68,266,252,36,134,273,153,54,205,95,221,224,175,248,117,186
611,563,240,97,600,149,569,167,173,258,539,704,1162,398,313,337,421,1132,609,80,321,600,355,253,444,180,424,293,309,373,976,1820,341,562,151,657,569,108,300,723,399,139,481,266,530,609,403,609,228,416
667,677,307,118,744,163,743,231,226,273,627,843,1395,525,395,438,524,1415,769,100,424,767,451,307,479,205,542,350,393,976,549,2102,414,743,153,759,724,130,396,817,487,158,557,288,593,688,451,736,296,466
1195,1270,588,198,1421,293,1360,451,466,558,1199,1569,2371,941,769,846,1005,2361,1436,161,845,1455,770,552,929,380,983,699,702,1820,2102,1901,702,1313,290,1544,1292,256,689,1563,1002,289,1044,502,1116,1262,854,1423,494,905
231,232,102,38,274,45,242,89,87,116,247,312,477,171,119,142,188,459,257,33,161,270,140,107,190,58,179,126,114,341,414,702,65,265,60,294,269,47,141,288,198,65,199,108,210,275,165,288,90,196
503,416,194,89,464,114,454,178,169,219,403,507,816,277,252,301,375,841,486,54,255,486,292,194,297,134,337,229,258,562,743,1313,265,215,92,487,449,67,247,528,297,95,343,186,396,440,297,454,152,329
106,112,41,12,104,27,98,30,38,42,95,125,205,65,64,49,74,207,86,15,54,105,62,44,74,28,80,49,68,151,153,290,60,92,10,119,104,17,56,127,72,16,78,52,90,98,75,107,34,81
514,441,211,92,507,119,509,147,171,194,405,576,982,327,261,312,367,1001,553,60,299,565,317,198,332,111,364,221,266,657,759,1544,294,487,119,278,527,85,266,609,344,99,410,197,432,508,310,582,207,356
504,398,176,93,467,108,457,148,154,215,405,525,855,332,277,296,352,833,520,62,256,505,292,200,297,112,335,218,252,569,724,1292,269,449,104,527,214,79,250,490,307,97,362,161,378,403,300,481,163,330
95,61,38,11,88,11,75,25,19,47,80,105,145,55,42,40,60,152,74,13,37,74,53,33,41,26,59,45,36,108,130,256,47,67,17,85,79,4,40,97,55,16,79,25,75,70,55,84,28,65
241,227,98,46,259,66,237,72,90,115,198,287,472,171,130,138,159,456,267,39,132,276,146,122,199,62,178,106,134,300,396,689,141,247,56,266,250,40,68,304,185,53,178,98,211,233,169,246,103,170
477,476,223,68,543,98,513,185,164,208,460,575,981,295,287,323,382,1076,550,54,290,555,316,218,367,133,398,246,273,723,817,1563,288,528,127,609,490,97,304,297,362,96,403,198,441,529,318,553,191,335
317,306,122,49,296,82,336,97,100,124,290,362,632,218,203,204,228,632,344,47,160,314,195,136,224,87,228,141,153,399,487,1002,198,297,72,344,307,55,185,362,99,71,246,131,268,309,205,377,125,195
107,92,43,17,97,21,98,33,33,39,88,123,197,82,58,61,59,194,99,12,46,100,64,49,76,20,71,44,54,139,158,289,65,95,16,99,97,16,53,96,71,14,76,33,93,95,66,127,43,76
381,341,139,64,390,82,377,127,112,182,328,414,670,237,207,246,278,654,381,57,222,401,240,164,280,113,268,186,205,481,557,1044,199,343,78,410,362,79,178,403,246,76,166,156,308,346,261,388,145,270
171,164,72,28,183,50,166,62,58,75,151,239,354,126,102,103,132,376,200,18,89,189,131,76,129,41,122,75,95,266,288,502,108,186,52,197,161,25,98,198,131,33,156,21,142,183,119,203,65,120
407,329,156,73,437,100,374,122,146,173,355,411,704,257,217,244,285,724,423,55,198,411,239,180,270,102,277,175,221,530,593,1116,210,396,90,432,378,75,211,441,268,93,308,142,154,340,249,397,162,277
434,394,178,76,474,95,444,143,161,180,387,505,831,271,234,255,297,843,432,48,271,444,245,180,281,126,292,207,224,609,688,1262,275,440,98,508,403,70,233,529,309,95,346,183,340,236,298,486,171,308
322,287,122,43,320,70,290,82,111,111,269,354,574,206,163,196,220,562,302,31,151,310,172,135,216,86,236,122,175,403,451,854,165,297,75,310,300,55,169,318,205,66,261,119,249,298,91,331,99,217
509,440,223,76,522,114,487,157,148,219,430,616,951,336,292,310,379,920,535,57,274,551,308,232,361,126,363,256,248,609,736,1423,288,454,107,582,481,84,246,553,377,127,388,203,397,486,331,255,202,367
185,167,70,26,157,39,177,57,66,86,180,222,332,115,98,107,142,321,179,25,112,200,108,96,127,44,139,86,117,228,296,494,90,152,34,207,163,28,103,191,125,43,145,65,162,171,99,202,36,136
358,320,132,70,317,85,360,118,113,145,295,412,605,215,170,198,256,645,361,39,208,345,195,133,231,80,218,155,186,416,466,905,196,329,81,356,330,65,170,335,195,76,270,120,277,308,217,367,136,123
