264,439,178,82,460,123,453,181,176,225,445,512,802,367,313,349,365,776,527,64,307,540,391,200,385,152,362,326,302,550,705,1197,239,484,92,485,461,77,276,450,258,107,365,179,424,406,334,515,167,384
439,175,161,68,432,84,451,147,116,179,359,442,777,276,272,262,313,825,491,46,192,429,252,160,295,115,302,219,206,505,669,1238,249,395,106,444,364,72,254,476,287,99,324,161,383,414,263,485,159,299
178,161,30,33,164,53,204,48,58,82,172,213,362,133,117,128,123,368,198,23,110,194,130,96,126,43,126,81,87,197,306,574,115,190,44,192,209,49,85,200,139,49,139,72,157,194,116,212,84,129
82,68,33,6,90,15,68,25,15,34,60,93,164,75,58,52,56,154,83,15,34,84,52,31,50,15,42,45,47,111,111,243,42,72,18,91,61,16,37,81,55,14,50,31,68,77,68,80,22,41
460,432,164,90,259,108,502,162,191,229,456,557,884,333,252,290,352,861,531,73,262,525,305,210,324,128,357,251,266,600,765,1433,252,469,124,503,463,78,269,532,344,107,388,183,400,444,324,487,180,362
123,84,53,15,108,9,107,38,38,39,88,127,205,81,74,72,88,186,133,14,57,109,74,41,73,26,69,39,61,154,128,291,47,99,23,136,85,22,53,113,72,22,55,41,98,90,90,116,39,56
453,451,204,68,502,107,230,161,161,196,393,533,856,339,254,292,351,868,494,76,245,463,280,179,328,126,315,216,263,591,684,1316,244,429,90,523,418,65,237,475,305,93,364,199,383,436,321,450,167,299
181,147,48,25,162,38,161,25,44,59,140,179,318,106,82,76,124,285,178,19,78,173,101,60,117,39,103,76,67,192,224,411,97,151,35,156,133,25,65,167,111,29,123,52,128,142,113,172,63,86
176,116,58,15,191,38,161,44,22,57,131,187,326,105,91,116,111,298,176,25,102,179,93,62,89,36,107,73,60,219,257,476,94,154,44,169,155,22,67,172,106,33,136,61,127,139,117,179,68,104
225,179,82,34,229,39,196,59,57,41,174,232,346,137,111,121,155,357,217,24,113,206,115,89,129,53,142,89,121,276,327,563,130,190,44,199,194,38,112,216,161,31,163,75,174,184,108,229,63,127
445,359,172,60,456,88,393,140,131,174,170,507,712,291,231,267,328,709,432,53,231,425,270,170,275,94,307,190,228,529,613,1155,223,358,85,437,389,71,221,441,309,94,325,165,345,375,267,471,143,299
512,442,213,93,557,127,533,179,187,232,507,313,968,359,299,302,407,965,553,78,289,566,317,211,354,140,349,272,256,660,860,1569,280,530,132,601,519,92,294,629,374,103,416,222,471,498,314,587,207,378
802,777,362,164,884,205,856,318,326,346,712,968,807,604,492,525,661,1434,909,107,502,921,511,340,621,225,650,443,447,1172,1303,2333,471,863,197,921,818,149,453,901,608,189,664,345,777,810,579,925,312,613
367,276,133,75,333,81,339,106,105,137,291,359,604,114,187,200,256,544,345,54,180,345,215,137,217,81,229,142,167,390,506,954,196,300,66,352,313,52,158,363,195,65,262,115,276,341,223,340,127,229
313,272,117,58,252,74,254,82,91,111,231,299,492,187,50,107,195,462,264,33,151,251,156,112,180,71,180,124,166,300,398,733,127,264,53,268,257,43,130,283,184,51,199,95,208,266,141,285,78,199
349,262,128,52,290,72,292,76,116,121,267,302,525,200,107,64,207,530,283,35,147,267,150,108,188,63,188,108,138,344,440,840,149,255,64,302,280,43,127,286,181,57,200,112,209,277,166,315,102,197
365,313,123,56,352,88,351,124,111,155,328,407,661,256,195,207,138,669,372,50,217,389,235,150,270,92,255,157,184,448,551,989,193,347,100,389,351,61,181,443,233,79,283,133,303,310,248,378,155,244
776,825,368,154,861,186,868,285,298,357,709,965,1434,544,462,530,669,761,883,108,506,879,527,343,617,242,671,459,464,1089,1298,2313,488,808,198,921,841,136,464,939,586,199,651,352,735,826,550,904,327,637
527,491,198,83,531,133,494,178,176,217,432,553,909,345,264,283,372,883,266,77,261,483,298,207,333,133,369,250,241,607,760,1426,276,500,117,541,494,91,264,547,325,99,361,177,406,468,345,520,193,326
64,46,23,15,73,14,76,19,25,24,53,78,107,54,33,35,50,108,77,4,39,69,33,27,40,14,51,27,29,74,73,178,29,63,19,73,43,6,36,52,43,16,52,29,53,50,43,71,32,38
307,192,110,34,262,57,245,78,102,113,231,289,502,180,151,147,217,506,261,39,78,278,175,125,182,64,165,126,136,342,422,815,149,246,74,252,237,38,145,276,178,56,243,95,208,264,181,291,117,199
540,429,194,84,525,109,463,173,179,206,425,566,921,345,251,267,389,879,483,69,278,252,316,215,336,136,355,233,272,617,774,1387,275,463,120,564,440,79,263,565,331,105,388,204,426,456,334,546,180,360
391,252,130,52,305,74,280,101,93,115,270,317,511,215,156,150,235,527,298,33,175,316,96,103,215,71,193,153,138,357,484,862,172,265,70,315,283,44,157,312,213,69,247,114,271,278,177,326,126,227
200,160,96,31,210,41,179,60,62,89,170,211,340,137,112,108,150,343,207,27,125,215,103,45,139,46,133,85,112,233,306,560,126,194,47,209,182,38,93,194,122,48,166,71,161,185,133,199,84,130
385,295,126,50,324,73,328,117,89,129,275,354,621,217,180,188,270,617,333,40,182,336,215,139,115,80,229,160,164,412,508,939,192,322,64,361,317,53,181,327,224,75,276,100,244,308,198,349,130,229
152,115,43,15,128,26,126,39,36,53,94,140,225,81,71,63,92,242,133,14,64,136,71,46,80,6,71,62,62,162,202,363,58,104,31,134,137,27,66,146,99,21,100,49,95,119,64,144,45,98
362,302,126,42,357,69,315,103,107,142,307,349,650,229,180,188,255,671,369,51,165,355,193,133,229,71,119,153,162,404,505,1010,192,292,69,356,313,61,166,347,208,75,276,120,276,325,212,362,131,256
326,219,81,45,251,39,216,76,73,89,190,272,443,142,124,108,157,459,250,27,126,233,153,85,160,62,153,45,121,312,345,637,141,210,55,246,217,35,112,272,153,48,167,81,211,224,151,246,110,131
302,206,87,47,266,61,263,67,60,121,228,256,447,167,166,138,184,464,241,29,136,272,138,112,164,62,162,121,70,272,378,693,145,249,67,253,226,44,117,267,171,42,170,86,230,235,157,278,96,169
550,505,197,111,600,154,591,192,219,276,529,660,1172,390,300,344,448,1089,607,74,342,617,357,233,412,162,404,312,272,383,959,1776,355,606,168,642,611,120,320,645,401,127,508,213,480,613,400,682,279,433
705,669,306,111,765,128,684,224,257,327,613,860,1303,506,398,440,551,1298,760,73,422,774,484,306,508,202,505,345,378,959,579,2047,397,693,168,777,665,137,383,786,496,171,572,281,619,681,474,804,274,507
1197,1238,574,243,1433,291,1316,411,476,563,1155,1569,2333,954,733,840,989,2313,1426,178,815,1387,862,560,939,363,1010,637,693,1776,2047,1843,701,1282,300,1507,1320,227,707,1437,917,291,975,534,1132,1255,825,1400,474,923
239,249,115,42,252,47,244,97,94,130,223,280,471,196,127,149,193,488,276,29,149,275,172,126,192,58,192,141,145,355,397,701,63,253,52,302,261,44,150,267,181,49,206,97,212,247,160,276,101,183
484,395,190,72,469,99,429,151,154,190,358,530,863,300,264,255,347,808,500,63,246,463,265,194,322,104,292,210,249,606,693,1282,253,191,108,524,404,79,219,496,307,81,354,172,379,419,312,489,181,296
92,106,44,18,124,23,90,35,44,44,85,132,197,66,53,64,100,198,117,19,74,120,70,47,64,31,69,55,67,168,168,300,52,108,9,123,111,21,47,130,66,15,97,52,83,102,59,127,42,79
485,444,192,91,503,136,523,156,169,199,437,601,921,352,268,302,389,921,541,73,252,564,315,209,361,134,356,246,253,642,777,1507,302,524,123,266,505,82,252,558,332,110,414,207,430,487,329,537,215,361
461,364,209,61,463,85,418,133,155,194,389,519,818,313,257,280,351,841,494,43,237,440,283,182,317,137,313,217,226,611,665,1320,261,404,111,505,202,65,226,459,302,81,376,190,381,411,302,473,169,289
77,72,49,16,78,22,65,25,22,38,71,92,149,52,43,43,61,136,91,6,38,79,44,38,53,27,61,35,44,120,137,227,44,79,21,82,65,7,35,88,50,17,65,31,64,61,41,76,25,52
276,254,85,37,269,53,237,65,67,112,221,294,453,158,130,127,181,464,264,36,145,263,157,93,181,66,166,112,117,320,383,707,150,219,47,252,226,35,63,294,178,39,183,94,196,228,164,254,98,143
450,476,200,81,532,113,475,167,172,216,441,629,901,363,283,286,443,939,547,52,276,565,312,194,327,146,347,272,267,645,786,1437,267,496,130,558,459,88,294,298,364,97,410,218,403,508,345,559,174,359
258,287,139,55,344,72,305,111,106,161,309,374,608,195,184,181,233,586,325,43,178,331,213,122,224,99,208,153,171,401,496,917,181,307,66,332,302,50,178,364,124,58,261,135,268,314,195,348,116,247
107,99,49,14,107,22,93,29,33,31,94,103,189,65,51,57,79,199,99,16,56,105,69,48,75,21,75,48,42,127,171,291,49,81,15,110,81,17,39,97,58,7,67,41,78,98,63,107,35,61
365,324,139,50,388,55,364,123,136,163,325,416,664,262,199,200,283,651,361,52,243,388,247,166,276,100,276,167,170,508,572,975,206,354,97,414,376,65,183,410,261,67,143,130,325,362,252,396,134,267
179,161,72,31,183,41,199,52,61,75,165,222,345,115,95,112,133,352,177,29,95,204,114,71,100,49,120,81,86,213,281,534,97,172,52,207,190,31,94,218,135,41,130,34,163,176,133,216,78,132
424,383,157,68,400,98,383,128,127,174,345,471,777,276,208,209,303,735,406,53,208,426,271,161,244,95,276,211,230,480,619,1132,212,379,83,430,381,64,196,403,268,78,325,163,168,354,245,427,147,271
406,414,194,77,444,90,436,142,139,184,375,498,810,341,266,277,310,826,468,50,264,456,278,185,308,119,325,224,235,613,681,1255,247,419,102,487,411,61,228,508,314,98,362,176,354,215,313,460,150,332
334,263,116,68,324,90,321,113,117,108,267,314,579,223,141,166,248,550,345,43,181,334,177,133,198,64,212,151,157,400,474,825,160,312,59,329,302,41,164,345,195,63,252,133,245,313,90,335,105,205
515,485,212,80,487,116,450,172,179,229,471,587,925,340,285,315,378,904,520,71,291,546,326,199,349,144,362,246,278,682,804,1400,276,489,127,537,473,76,254,559,348,107,396,216,427,460,335,269,175,348
167,159,84,22,180,39,167,63,68,63,143,207,312,127,78,102,155,327,193,32,117,180,126,84,130,45,131,110,96,279,274,474,101,181,42,215,169,25,98,174,116,35,134,78,147,150,105,175,32,134
384,299,129,41,362,56,299,86,104,127,299,378,613,229,199,197,244,637,326,38,199,360,227,130,229,98,256,131,169,433,507,923,183,296,79,361,289,52,143,359,247,61,267,132,271,332,205,348,134,107
