295,453,215,69,503,96,445,174,183,253,444,531,836,361,318,331,361,783,478,76,321,523,361,186,339,144,390,281,293,577,710,1203,239,451,90,550,473,85,253,473,291,112,371,165,411,423,321,507,156,381
453,186,162,79,416,102,433,133,117,175,370,515,840,271,246,215,296,807,435,45,227,444,259,166,276,94,271,171,214,545,677,1248,253,396,104,443,403,79,202,447,284,98,308,171,363,411,276,459,175,299
215,162,43,41,210,53,222,77,69,91,157,218,412,128,89,96,169,384,221,29,104,234,104,77,122,42,120,90,105,258,314,565,113,207,47,216,217,40,105,218,120,39,155,76,148,202,115,227,82,143
69,79,41,3,85,19,74,31,19,42,64,76,138,43,51,42,63,136,91,12,60,87,52,28,51,25,62,39,38,102,147,199,46,84,20,76,80,16,42,101,56,23,61,29,76,77,60,100,30,72
503,416,210,85,237,142,485,163,165,234,453,548,917,329,254,275,398,915,541,74,277,507,299,203,335,126,355,241,264,624,802,1375,265,458,108,545,461,95,246,530,331,103,386,172,412,493,305,535,183,360
96,102,53,19,142,11,103,38,36,41,84,117,204,75,77,67,79,191,111,22,80,108,73,34,65,33,73,56,48,152,180,290,74,95,29,117,101,22,67,133,74,21,85,35,101,80,72,127,48,86
445,433,222,74,485,103,220,147,143,193,387,561,904,321,249,266,324,922,505,67,270,502,286,204,313,131,318,245,238,581,720,1390,268,413,114,491,472,83,249,516,309,109,365,164,380,476,301,484,195,348
174,133,77,31,163,38,147,24,54,69,123,157,280,91,79,86,125,282,188,19,91,172,99,59,116,45,102,75,86,185,239,455,87,142,23,148,147,19,76,182,107,22,134,43,130,130,102,149,51,102
183,117,69,19,165,36,143,54,33,91,135,213,296,100,102,105,133,300,170,27,81,166,78,57,91,36,108,79,73,193,242,485,102,146,45,178,154,30,81,147,102,36,147,55,110,157,98,181,74,113
253,175,91,42,234,41,193,69,91,45,185,225,335,139,100,109,161,323,196,32,124,206,129,81,138,45,146,107,137,229,279,524,108,185,45,198,183,39,88,198,132,44,133,72,178,190,125,209,69,136
444,370,157,64,453,84,387,123,135,185,185,491,757,286,238,233,315,720,423,52,243,437,247,158,303,105,303,200,230,533,591,1158,247,385,110,458,388,79,196,395,281,78,297,178,320,392,274,410,166,298
531,515,218,76,548,117,561,157,213,225,491,330,1015,359,272,286,400,1013,576,64,311,576,312,237,391,134,419,261,258,702,873,1536,279,529,125,577,499,100,271,636,375,110,431,204,452,534,339,596,203,360
836,840,412,138,917,204,904,280,296,335,757,1015,813,637,486,509,677,1457,928,107,521,980,543,342,604,249,663,430,439,1100,1353,2442,472,869,212,1003,881,169,461,955,653,202,689,330,746,820,601,984,364,584
361,271,128,43,329,75,321,91,100,139,286,359,637,106,184,201,224,601,334,46,184,326,231,142,233,83,231,150,179,388,472,940,191,303,77,321,326,48,161,321,219,74,253,121,289,306,195,334,123,194
318,246,89,51,254,77,249,79,102,100,238,272,486,184,55,119,198,459,265,37,146,269,148,113,182,54,177,135,124,312,428,752,148,249,56,281,257,38,136,274,160,44,193,103,217,227,156,264,98,196
331,215,96,42,275,67,266,86,105,109,233,286,509,201,119,65,228,486,277,29,140,300,140,109,186,53,175,139,128,326,434,835,167,265,71,298,251,45,147,289,177,44,225,109,236,276,167,318,101,186
361,296,169,63,398,79,324,125,133,161,315,400,677,224,198,228,128,629,366,40,201,363,223,142,196,102,258,169,187,446,563,1021,191,338,85,372,363,64,178,408,228,78,279,131,268,329,194,361,131,247
783,807,384,136,915,191,922,282,300,323,720,1013,1457,601,459,486,629,806,909,105,520,952,551,352,602,265,626,433,461,1099,1411,2399,477,839,192,1042,843,154,450,975,653,204,652,356,745,842,567,945,335,614
478,435,221,91,541,111,505,188,170,196,423,576,928,334,265,277,366,909,279,77,282,489,309,207,360,121,338,234,278,645,741,1441,272,490,114,524,461,77,266,523,356,109,391,197,428,453,310,507,211,347
76,45,29,12,74,22,67,19,27,32,52,64,107,46,37,29,40,105,77,3,27,59,37,19,36,16,33,35,28,71,102,185,32,72,19,68,62,6,32,68,47,14,39,21,51,51,37,71,23,35
321,227,104,60,277,80,270,91,81,124,243,311,521,184,146,140,201,520,282,27,50,269,171,111,202,67,178,147,153,327,410,824,165,267,60,314,275,43,147,313,190,59,211,96,217,271,179,289,112,181
523,444,234,87,507,108,502,172,166,206,437,576,980,326,269,300,363,952,489,59,269,264,275,217,335,138,327,224,238,671,754,1429,281,469,120,512,486,78,237,551,325,99,408,174,408,486,306,530,186,313
361,259,104,52,299,73,286,99,78,129,247,312,543,231,148,140,223,551,309,37,171,275,89,116,227,75,192,139,166,363,441,777,142,278,71,307,269,43,152,284,193,60,217,110,241,266,174,341,101,204
186,166,77,28,203,34,204,59,57,81,158,237,342,142,113,109,142,352,207,19,111,217,116,33,139,62,138,81,106,268,281,541,104,209,39,189,188,32,91,205,132,42,157,79,179,188,144,207,81,140
339,276,122,51,335,65,313,116,91,138,303,391,604,233,182,186,196,602,360,36,202,335,227,139,124,82,220,154,164,400,470,884,211,300,64,343,310,38,173,362,230,65,254,135,283,305,201,382,137,227
144,94,42,25,126,33,131,45,36,45,105,134,249,83,54,53,102,265,121,16,67,138,75,62,82,18,71,60,54,149,200,377,76,123,23,113,130,19,71,131,80,20,91,52,96,122,78,129,45,82
390,271,120,62,355,73,318,102,108,146,303,419,663,231,177,175,258,626,338,33,178,327,192,138,220,71,100,162,158,412,499,968,206,332,83,358,316,48,182,353,223,68,254,135,252,331,217,337,149,232
281,171,90,39,241,56,245,75,79,107,200,261,430,150,135,139,169,433,234,35,147,224,139,81,154,60,162,52,103,293,341,675,142,221,52,232,227,48,122,242,133,53,191,80,207,216,142,246,92,170
293,214,105,38,264,48,238,86,73,137,230,258,439,179,124,128,187,461,278,28,153,238,166,106,164,54,158,103,62,315,345,678,142,229,53,225,231,49,126,283,156,66,158,104,177,242,148,270,93,170
577,545,258,102,624,152,581,185,193,229,533,702,1100,388,312,326,446,1099,645,71,327,671,363,268,400,149,412,293,315,394,962,1774,321,614,141,648,586,108,320,716,455,132,479,244,502,545,385,668,235,452
710,677,314,147,802,180,720,239,242,279,591,873,1353,472,428,434,563,1411,741,102,410,754,441,281,470,200,499,341,345,962,602,2089,389,726,181,814,753,117,341,791,504,149,596,298,559,681,451,814,289,524
1203,1248,565,199,1375,290,1390,455,485,524,1158,1536,2442,940,752,835,1021,2399,1441,185,824,1429,777,541,884,377,968,675,678,1774,2089,1887,717,1331,316,1600,1320,222,692,1474,960,296,1021,537,1100,1343,921,1391,517,901
239,253,113,46,265,74,268,87,102,108,247,279,472,191,148,167,191,477,272,32,165,281,142,104,211,76,206,142,142,321,389,717,65,261,48,288,252,41,131,283,188,59,204,104,247,256,186,261,96,175
451,396,207,84,458,95,413,142,146,185,385,529,869,303,249,265,338,839,490,72,267,469,278,209,300,123,332,221,229,614,726,1331,261,218,105,464,429,80,238,512,314,99,371,146,370,452,300,515,167,286
90,104,47,20,108,29,114,23,45,45,110,125,212,77,56,71,85,192,114,19,60,120,71,39,64,23,83,52,53,141,181,316,48,105,8,120,91,17,55,120,80,23,83,56,95,100,60,123,35,79
550,443,216,76,545,117,491,148,178,198,458,577,1003,321,281,298,372,1042,524,68,314,512,307,189,343,113,358,232,225,648,814,1600,288,464,120,293,502,84,242,551,376,120,417,199,381,507,287,576,201,349
473,403,217,80,461,101,472,147,154,183,388,499,881,326,257,251,363,843,461,62,275,486,269,188,310,130,316,227,231,586,753,1320,252,429,91,502,230,88,251,492,287,88,381,185,408,482,309,505,173,340
85,79,40,16,95,22,83,19,30,39,79,100,169,48,38,45,64,154,77,6,43,78,43,32,38,19,48,48,49,108,117,222,41,80,17,84,88,3,47,72,51,14,76,31,69,66,43,86,37,56
253,202,105,42,246,67,249,76,81,88,196,271,461,161,136,147,178,450,266,32,147,237,152,91,173,71,182,122,126,320,341,692,131,238,55,242,251,47,54,299,171,53,214,88,213,238,152,231,87,158
473,447,218,101,530,133,516,182,147,198,395,636,955,321,274,289,408,975,523,68,313,551,284,205,362,131,353,242,283,716,791,1474,283,512,120,551,492,72,299,259,329,117,379,212,429,493,340,574,186,403
291,284,120,56,331,74,309,107,102,132,281,375,653,219,160,177,228,653,356,47,190,325,193,132,230,80,223,133,156,455,504,960,188,314,80,376,287,51,171,329,115,67,245,112,259,292,225,358,146,229
112,98,39,23,103,21,109,22,36,44,78,110,202,74,44,44,78,204,109,14,59,99,60,42,65,20,68,53,66,132,149,296,59,99,23,120,88,14,53,117,67,8,78,43,79,83,66,107,40,74
371,308,155,61,386,85,365,134,147,133,297,431,689,253,193,225,279,652,391,39,211,408,217,157,254,91,254,191,158,479,596,1021,204,371,83,417,381,76,214,379,245,78,144,148,310,333,242,394,136,235
165,171,76,29,172,35,164,43,55,72,178,204,330,121,103,109,131,356,197,21,96,174,110,79,135,52,135,80,104,244,298,537,104,146,56,199,185,31,88,212,112,43,148,47,144,168,128,202,67,129
411,363,148,76,412,101,380,130,110,178,320,452,746,289,217,236,268,745,428,51,217,408,241,179,283,96,252,207,177,502,559,1100,247,370,95,381,408,69,213,429,259,79,310,144,170,382,264,456,148,286
423,411,202,77,493,80,476,130,157,190,392,534,820,306,227,276,329,842,453,51,271,486,266,188,305,122,331,216,242,545,681,1343,256,452,100,507,482,66,238,493,292,83,333,168,382,239,293,506,161,297
321,276,115,60,305,72,301,102,98,125,274,339,601,195,156,167,194,567,310,37,179,306,174,144,201,78,217,142,148,385,451,921,186,300,60,287,309,43,152,340,225,66,242,128,264,293,95,326,109,209
507,459,227,100,535,127,484,149,181,209,410,596,984,334,264,318,361,945,507,71,289,530,341,207,382,129,337,246,270,668,814,1391,261,515,123,576,505,86,231,574,358,107,394,202,456,506,326,273,188,355
156,175,82,30,183,48,195,51,74,69,166,203,364,123,98,101,131,335,211,23,112,186,101,81,137,45,149,92,93,235,289,517,96,167,35,201,173,37,87,186,146,40,136,67,148,161,109,188,23,149
381,299,143,72,360,86,348,102,113,136,298,360,584,194,196,186,247,614,347,35,181,313,204,140,227,82,232,170,170,452,524,901,175,286,79,349,340,56,158,403,229,74,235,129,286,297,209,355,149,112
