230,459,231,95,494,112,465,181,174,255,433,518,894,369,315,340,347,876,493,82,315,568,354,236,385,166,386,278,293,647,735,1206,252,495,112,507,515,71,255,502,326,98,400,183,444,432,346,489,177,380
459,189,163,82,432,105,429,120,135,198,366,496,810,275,243,262,355,780,384,45,235,434,229,165,279,113,291,200,214,531,661,1303,248,411,85,445,406,80,222,459,273,79,337,168,352,406,271,473,161,273
231,163,41,47,208,43,228,61,63,88,180,222,365,146,89,109,150,353,213,22,106,232,139,96,125,51,136,94,81,249,325,594,110,224,28,216,222,29,107,227,139,41,174,73,167,188,125,234,87,151
95,82,47,8,80,17,80,32,32,36,68,96,154,61,55,62,60,145,86,10,62,94,50,29,63,34,72,43,48,105,117,214,41,94,26,84,75,18,50,83,55,18,64,31,74,77,66,86,34,49
494,432,208,80,251,129,490,152,171,203,427,577,917,287,248,267,392,905,557,59,280,517,308,195,331,118,296,244,257,688,790,1429,272,478,126,577,468,85,236,561,323,97,396,201,385,466,306,536,200,314
112,105,43,17,129,8,120,34,45,47,102,130,202,83,62,68,80,213,138,11,75,141,77,42,88,41,98,51,64,141,160,303,63,100,27,123,105,22,62,114,67,22,77,36,98,99,89,109,40,70
465,429,228,80,490,120,222,160,147,201,404,582,892,305,262,281,337,868,488,58,279,506,281,193,320,128,341,228,234,591,711,1326,258,445,104,516,442,71,234,490,336,90,365,174,404,408,310,501,145,320
181,120,61,32,152,34,160,17,52,77,155,169,272,104,79,89,96,264,163,16,100,131,84,57,104,40,98,66,82,188,219,401,82,151,35,146,148,16,54,154,94,36,109,51,119,142,80,139,61,112
174,135,63,32,171,45,147,52,20,68,139,175,309,103,85,70,136,312,174,24,83,154,101,69,105,26,94,72,77,199,254,465,75,151,35,173,149,23,69,159,104,35,131,50,127,151,113,143,58,112
255,198,88,36,203,47,201,77,68,36,157,203,372,124,118,130,163,356,219,26,125,223,144,89,155,59,148,107,103,273,303,528,111,197,49,215,189,33,109,218,133,29,184,85,163,174,126,226,79,127
433,366,180,68,427,102,404,155,139,157,189,430,728,267,234,254,323,767,442,59,245,433,270,156,286,112,292,208,206,563,608,1182,240,415,92,428,385,68,250,457,273,87,318,151,359,366,274,462,155,268
518,496,222,96,577,130,582,169,175,203,430,307,1038,355,276,326,417,1046,542,80,326,551,323,238,385,136,371,272,282,720,819,1553,311,529,147,593,484,99,281,617,380,121,455,194,453,515,331,593,210,372
894,810,365,154,917,202,892,272,309,372,728,1038,781,604,478,543,630,1483,915,111,501,904,554,361,621,220,638,411,454,1172,1354,2448,497,796,207,980,836,148,455,944,594,196,678,347,741,866,530,968,353,667
369,275,146,61,287,83,305,104,103,124,267,355,604,103,162,193,240,571,316,35,175,332,180,104,199,90,224,154,159,396,495,883,174,292,69,330,312,47,179,343,213,67,231,110,270,293,209,339,119,199
315,243,89,55,248,62,262,79,85,118,234,276,478,162,58,95,181,463,272,39,137,268,168,109,167,52,160,123,132,342,386,722,130,256,54,282,251,45,125,272,175,59,201,81,219,261,152,286,87,163
340,262,109,62,267,68,281,89,70,130,254,326,543,193,95,65,224,515,297,29,137,273,161,115,174,66,169,125,152,371,414,816,141,263,59,313,262,45,159,297,178,58,214,101,235,304,161,330,112,192
347,355,150,60,392,80,337,96,136,163,323,417,630,240,181,224,117,642,356,59,211,392,237,152,259,92,239,184,190,472,585,1056,214,371,77,374,325,49,176,385,231,70,287,148,299,330,238,383,119,244
876,780,353,145,905,213,868,264,312,356,767,1046,1483,571,463,515,642,782,935,109,512,896,540,347,602,231,620,416,451,1146,1348,2465,503,812,203,991,834,152,438,958,620,208,660,345,722,846,537,907,340,660
493,384,213,86,557,138,488,163,174,219,442,542,915,316,272,297,356,935,258,69,284,502,284,191,337,132,305,255,245,626,747,1415,270,496,114,523,492,91,253,513,327,103,371,170,412,484,329,558,188,330
82,45,22,10,59,11,58,16,24,26,59,80,111,35,39,29,59,109,69,5,31,70,21,27,37,15,36,23,24,80,102,165,32,60,19,60,60,6,24,76,38,14,45,26,49,58,27,56,24,48
315,235,106,62,280,75,279,100,83,125,245,326,501,175,137,137,211,512,284,31,80,293,172,105,177,60,159,135,120,342,426,785,146,271,64,253,280,52,132,294,182,50,217,104,220,261,203,293,109,194
568,434,232,94,517,141,506,131,154,223,433,551,904,332,268,273,392,896,502,70,293,269,286,198,351,150,326,246,252,645,747,1393,265,524,120,554,517,77,237,523,340,92,366,159,445,469,319,545,182,334
354,229,139,50,308,77,281,84,101,144,270,323,554,180,168,161,237,540,284,21,172,286,94,128,216,71,187,145,160,364,447,821,158,263,69,316,262,43,148,289,199,72,210,96,224,247,180,362,117,219
236,165,96,29,195,42,193,57,69,89,156,238,361,104,109,115,152,347,191,27,105,198,128,28,134,51,131,102,94,258,287,566,121,196,47,211,167,39,107,182,108,39,152,72,137,167,138,203,78,122
385,279,125,63,331,88,320,104,105,155,286,385,621,199,167,174,259,602,337,37,177,351,216,134,107,84,213,150,186,411,522,965,194,318,75,348,325,58,154,337,205,70,261,138,230,294,208,385,132,221
166,113,51,34,118,41,128,40,26,59,112,136,220,90,52,66,92,231,132,15,60,150,71,51,84,13,65,57,51,176,214,358,75,113,36,133,141,17,65,137,90,25,98,55,117,115,78,154,53,89
386,291,136,72,296,98,341,98,94,148,292,371,638,224,160,169,239,620,305,36,159,326,187,131,213,65,88,134,178,448,543,1009,186,288,80,334,334,54,169,356,203,65,231,133,277,335,196,374,137,239
278,200,94,43,244,51,228,66,72,107,208,272,411,154,123,125,184,416,255,23,135,246,145,102,150,57,134,41,121,298,350,673,132,222,54,247,242,34,118,265,159,44,178,89,197,189,132,238,89,162
293,214,81,48,257,64,234,82,77,103,206,282,454,159,132,152,190,451,245,24,120,252,160,94,186,51,178,121,64,317,355,694,144,261,54,250,265,34,125,271,170,50,203,99,208,214,191,282,94,174
647,531,249,105,688,141,591,188,199,273,563,720,1172,396,342,371,472,1146,626,80,342,645,364,258,411,176,448,298,317,404,979,1818,341,583,158,660,586,101,296,681,415,131,467,214,519,616,423,650,236,438
735,661,325,117,790,160,711,219,254,303,608,819,1354,495,386,414,585,1348,747,102,426,747,447,287,522,214,543,350,355,979,543,2041,383,764,168,829,693,106,354,761,485,157,555,273,623,681,462,827,272,482
1206,1303,594,214,1429,303,1326,401,465,528,1182,1553,2448,883,722,816,1056,2465,1415,165,785,1393,821,566,965,358,1009,673,694,1818,2041,1967,783,1276,317,1540,1258,223,711,1532,946,300,1029,509,1164,1295,930,1440,511,930
252,248,110,41,272,63,258,82,75,111,240,311,497,174,130,141,214,503,270,32,146,265,158,121,194,75,186,132,144,341,383,783,66,233,52,292,259,39,133,293,182,57,193,107,236,259,154,297,119,183
495,411,224,94,478,100,445,151,151,197,415,529,796,292,256,263,371,812,496,60,271,524,263,196,318,113,288,222,261,583,764,1276,233,235,111,517,443,96,245,503,291,78,352,192,405,428,278,477,168,323
112,85,28,26,126,27,104,35,35,49,92,147,207,69,54,59,77,203,114,19,64,120,69,47,75,36,80,54,54,158,168,317,52,111,14,127,114,14,51,123,71,25,84,44,81,107,66,107,40,71
507,445,216,84,577,123,516,146,173,215,428,593,980,330,282,313,374,991,523,60,253,554,316,211,348,133,334,247,250,660,829,1540,292,517,127,281,483,75,254,588,379,105,441,213,417,507,371,579,196,332
515,406,222,75,468,105,442,148,149,189,385,484,836,312,251,262,325,834,492,60,280,517,262,167,325,141,334,242,265,586,693,1258,259,443,114,483,230,86,218,489,299,90,364,169,371,393,309,494,173,340
71,80,29,18,85,22,71,16,23,33,68,99,148,47,45,45,49,152,91,6,52,77,43,39,58,17,54,34,34,101,106,223,39,96,14,75,86,10,35,92,53,10,57,30,60,69,41,86,26,62
255,222,107,50,236,62,234,54,69,109,250,281,455,179,125,159,176,438,253,24,132,237,148,107,154,65,169,118,125,296,354,711,133,245,51,254,218,35,52,238,162,52,177,87,189,246,142,262,76,153
502,459,227,83,561,114,490,154,159,218,457,617,944,343,272,297,385,958,513,76,294,523,289,182,337,137,356,265,271,681,761,1532,293,503,123,588,489,92,238,261,326,101,408,193,423,493,337,536,171,318
326,273,139,55,323,67,336,94,104,133,273,380,594,213,175,178,231,620,327,38,182,340,199,108,205,90,203,159,170,415,485,946,182,291,71,379,299,53,162,326,109,86,252,126,270,324,195,350,123,198
98,79,41,18,97,22,90,36,35,29,87,121,196,67,59,58,70,208,103,14,50,92,72,39,70,25,65,44,50,131,157,300,57,78,25,105,90,10,52,101,86,17,77,35,83,99,65,115,40,75
400,337,174,64,396,77,365,109,131,184,318,455,678,231,201,214,287,660,371,45,217,366,210,152,261,98,231,178,203,467,555,1029,193,352,84,441,364,57,177,408,252,77,136,170,305,342,255,403,137,279
183,168,73,31,201,36,174,51,50,85,151,194,347,110,81,101,148,345,170,26,104,159,96,72,138,55,133,89,99,214,273,509,107,192,44,213,169,30,87,193,126,35,170,33,155,171,118,181,64,114
444,352,167,74,385,98,404,119,127,163,359,453,741,270,219,235,299,722,412,49,220,445,224,137,230,117,277,197,208,519,623,1164,236,405,81,417,371,60,189,423,270,83,305,155,167,356,243,454,142,267
432,406,188,77,466,99,408,142,151,174,366,515,866,293,261,304,330,846,484,58,261,469,247,167,294,115,335,189,214,616,681,1295,259,428,107,507,393,69,246,493,324,99,342,171,356,215,317,473,154,298
346,271,125,66,306,89,310,80,113,126,274,331,530,209,152,161,238,537,329,27,203,319,180,138,208,78,196,132,191,423,462,930,154,278,66,371,309,41,142,337,195,65,255,118,243,317,90,331,100,207
489,473,234,86,536,109,501,139,143,226,462,593,968,339,286,330,383,907,558,56,293,545,362,203,385,154,374,238,282,650,827,1440,297,477,107,579,494,86,262,536,350,115,403,181,454,473,331,252,174,361
177,161,87,34,200,40,145,61,58,79,155,210,353,119,87,112,119,340,188,24,109,182,117,78,132,53,137,89,94,236,272,511,119,168,40,196,173,26,76,171,123,40,137,64,142,154,100,174,32,109
380,273,151,49,314,70,320,112,112,127,268,372,667,199,163,192,244,660,330,48,194,334,219,122,221,89,239,162,174,438,482,930,183,323,71,332,340,62,153,318,198,75,279,114,267,298,207,361,109,103
