273,467,209,85,507,116,474,209,170,259,477,531,829,396,318,353,369,865,527,66,328,534,325,205,377,175,391,285,304,605,699,1191,239,503,107,545,491,92,265,451,313,122,371,181,451,408,335,503,168,393
467,192,178,67,439,93,448,135,126,163,362,460,798,302,229,239,336,785,438,50,238,439,269,179,291,112,281,184,216,520,666,1243,267,382,92,490,435,72,219,472,310,88,327,170,386,402,299,473,172,279
209,178,40,43,218,56,200,72,66,77,182,193,342,130,117,107,146,322,202,19,94,197,121,72,140,55,140,89,83,245,320,556,111,184,38,211,196,28,90,187,127,39,152,68,154,178,113,209,76,121
85,67,43,6,78,17,85,29,30,36,70,95,159,51,60,62,65,160,83,12,44,96,56,45,53,26,60,44,63,106,144,221,47,87,19,83,81,19,47,104,52,16,65,35,76,86,60,83,23,61
507,439,218,78,271,102,474,157,179,207,418,545,948,310,290,315,393,945,481,65,259,485,320,223,332,122,349,234,257,634,816,1465,270,500,118,591,472,85,252,554,335,105,376,213,404,483,326,540,176,372
116,93,56,17,102,8,112,47,35,50,99,149,199,69,60,73,93,194,127,21,68,146,74,54,68,30,84,52,94,160,185,274,56,114,27,127,105,26,64,123,74,26,88,39,101,94,78,119,26,81
474,448,200,85,474,112,220,133,151,182,407,545,810,305,254,306,370,827,493,57,282,492,299,202,318,128,339,223,278,597,738,1347,263,464,122,522,438,87,253,524,339,121,384,179,382,421,325,476,175,351
209,135,72,29,157,47,133,20,46,71,117,168,307,101,79,93,121,264,158,15,88,174,92,61,85,41,95,58,73,190,232,462,95,113,38,168,147,34,81,151,97,24,102,54,109,145,95,158,55,123
170,126,66,30,179,35,151,46,21,76,131,178,292,127,76,87,118,301,143,22,76,164,95,74,111,49,116,95,82,191,249,473,96,155,50,150,184,29,82,163,102,34,127,82,147,131,121,152,77,115
259,163,77,36,207,50,182,71,76,51,166,234,374,140,113,114,164,386,201,23,109,214,130,79,137,41,142,97,124,244,273,585,124,207,42,223,198,33,115,224,137,42,169,78,160,187,137,215,72,146
477,362,182,70,418,99,407,117,131,166,178,497,725,285,225,257,315,760,406,40,247,406,272,167,286,96,287,197,241,510,615,1171,239,371,104,467,423,67,191,464,291,87,306,160,327,391,254,427,163,296
531,460,193,95,545,149,545,168,178,234,497,279,1064,353,288,301,420,1029,585,76,308,595,320,212,388,142,370,247,268,730,892,1577,333,532,114,578,509,95,272,622,397,118,449,229,438,520,353,574,204,381
829,798,342,159,948,199,810,307,292,374,725,1064,780,575,488,568,680,1503,904,102,532,907,509,349,563,233,625,407,449,1154,1303,2455,499,885,212,995,843,153,452,1008,617,201,702,392,662,865,559,903,291,598
396,302,130,51,310,69,305,101,127,140,285,353,575,110,173,189,245,561,332,31,165,320,195,138,220,97,252,151,177,402,509,910,179,281,80,342,322,57,166,360,232,70,211,123,264,323,205,343,135,222
318,229,117,60,290,60,254,79,76,113,225,288,488,173,86,152,171,503,252,25,149,279,140,108,169,82,197,139,144,336,411,746,155,262,71,298,277,39,129,266,175,61,189,105,222,268,178,278,110,167
353,239,107,62,315,73,306,93,87,114,257,301,568,189,152,88,201,545,275,25,155,293,159,121,185,70,195,143,169,346,465,817,178,284,80,290,306,57,169,330,192,67,219,112,223,256,200,307,136,199
369,336,146,65,393,93,370,121,118,164,315,420,680,245,171,201,130,693,354,43,207,379,210,157,253,99,256,175,171,454,595,1033,206,362,87,367,341,65,210,376,242,73,257,154,305,343,246,387,140,228
865,785,322,160,945,194,827,264,301,386,760,1029,1503,561,503,545,693,830,918,114,511,867,496,347,604,232,641,419,446,1152,1326,2526,493,852,212,1005,809,137,469,973,571,199,649,321,721,912,565,925,307,609
527,438,202,83,481,127,493,158,143,201,406,585,904,332,252,275,354,918,247,57,273,515,294,206,321,137,327,229,228,612,794,1436,287,463,128,549,451,74,286,565,351,117,354,208,397,502,307,542,193,306
66,50,19,12,65,21,57,15,22,23,40,76,102,31,25,25,43,114,57,3,33,56,29,20,38,15,33,25,21,87,81,179,33,56,14,65,45,15,27,72,38,7,50,25,41,47,45,70,27,35
328,238,94,44,259,68,282,88,76,109,247,308,532,165,149,155,207,511,273,33,75,301,195,122,184,67,190,111,134,317,429,821,158,253,63,269,298,52,139,314,170,52,207,99,228,267,173,283,113,180
534,439,197,96,485,146,492,174,164,214,406,595,907,320,279,293,379,867,515,56,301,271,300,193,330,140,357,229,268,625,833,1468,276,495,140,545,480,91,262,585,379,118,383,198,381,491,307,527,193,357
325,269,121,56,320,74,299,92,95,130,272,320,509,195,140,159,210,496,294,29,195,300,84,135,186,81,210,154,166,375,466,839,167,270,56,311,283,44,149,328,208,60,218,112,210,264,179,315,91,199
205,179,72,45,223,54,202,61,74,79,167,212,349,138,108,121,157,347,206,20,122,193,135,43,126,54,142,99,111,236,274,572,103,187,43,229,208,34,114,193,166,50,150,74,143,177,135,212,75,158
377,291,140,53,332,68,318,85,111,137,286,388,563,220,169,185,253,604,321,38,184,330,186,126,94,81,206,142,159,411,479,968,160,310,95,348,313,49,168,368,221,65,259,112,233,307,188,357,125,242
175,112,55,26,122,30,128,41,49,41,96,142,233,97,82,70,99,232,137,15,67,140,81,54,81,15,82,63,79,137,204,350,77,132,22,137,118,20,68,120,83,24,113,44,113,112,81,144,54,94
391,281,140,60,349,84,339,95,116,142,287,370,625,252,197,195,256,641,327,33,190,357,210,142,206,82,109,156,168,379,487,970,202,334,78,336,332,62,191,357,216,73,252,136,275,322,203,359,145,228
285,184,89,44,234,52,223,58,95,97,197,247,407,151,139,143,175,419,229,25,111,229,154,99,142,63,156,51,106,303,361,617,132,192,42,226,207,38,108,231,176,51,188,85,186,216,155,250,86,179
304,216,83,63,257,94,278,73,82,124,241,268,449,177,144,169,171,446,228,21,134,268,166,111,159,79,168,106,60,296,382,687,137,232,54,271,271,43,122,254,150,53,187,97,199,227,170,279,104,174
605,520,245,106,634,160,597,190,191,244,510,730,1154,402,336,346,454,1152,612,87,317,625,375,236,411,137,379,303,296,395,942,1940,357,585,159,618,564,99,333,660,412,120,478,220,500,611,379,663,241,398
699,666,320,144,816,185,738,232,249,273,615,892,1303,509,411,465,595,1326,794,81,429,833,466,274,479,204,487,361,382,942,621,2100,423,742,170,807,713,146,403,838,503,163,590,320,603,723,507,797,293,501
1191,1243,556,221,1465,274,1347,462,473,585,1171,1577,2455,910,746,817,1033,2526,1436,179,821,1468,839,572,968,350,970,617,687,1940,2100,1935,736,1355,324,1541,1268,228,733,1551,918,298,1042,522,1178,1324,906,1436,485,964
239,267,111,47,270,56,263,95,96,124,239,333,499,179,155,178,206,493,287,33,158,276,167,103,160,77,202,132,137,357,423,736,73,246,53,295,257,32,143,306,194,53,183,107,222,275,169,263,87,190
503,382,184,87,500,114,464,113,155,207,371,532,885,281,262,284,362,852,463,56,253,495,270,187,310,132,334,192,232,585,742,1355,246,207,114,510,465,92,224,526,309,92,374,204,366,447,319,505,178,323
107,92,38,19,118,27,122,38,50,42,104,114,212,80,71,80,87,212,128,14,63,140,56,43,95,22,78,42,54,159,170,324,53,114,15,124,108,19,63,128,73,28,91,38,107,125,73,122,39,78
545,490,211,83,591,127,522,168,150,223,467,578,995,342,298,290,367,1005,549,65,269,545,311,229,348,137,336,226,271,618,807,1541,295,510,124,268,489,102,266,606,352,104,433,223,434,500,347,577,217,351
491,435,196,81,472,105,438,147,184,198,423,509,843,322,277,306,341,809,451,45,298,480,283,208,313,118,332,207,271,564,713,1268,257,465,108,489,231,77,223,513,312,109,380,204,374,425,287,510,174,337
92,72,28,19,85,26,87,34,29,33,67,95,153,57,39,57,65,137,74,15,52,91,44,34,49,20,62,38,43,99,146,228,32,92,19,102,77,5,43,95,64,18,65,33,65,83,47,96,25,53
265,219,90,47,252,64,253,81,82,115,191,272,452,166,129,169,210,469,286,27,139,262,149,114,168,68,191,108,122,333,403,733,143,224,63,266,223,43,80,226,142,50,202,114,219,217,141,281,86,200
451,472,187,104,554,123,524,151,163,224,464,622,1008,360,266,330,376,973,565,72,314,585,328,193,368,120,357,231,254,660,838,1551,306,526,128,606,513,95,226,274,336,105,391,213,414,515,363,549,198,365
313,310,127,52,335,74,339,97,102,137,291,397,617,232,175,192,242,571,351,38,170,379,208,166,221,83,216,176,150,412,503,918,194,309,73,352,312,64,142,336,116,65,247,126,265,283,194,322,121,225
122,88,39,16,105,26,121,24,34,42,87,118,201,70,61,67,73,199,117,7,52,118,60,50,65,24,73,51,53,120,163,298,53,92,28,104,109,18,50,105,65,12,82,47,94,98,69,126,40,70
371,327,152,65,376,88,384,102,127,169,306,449,702,211,189,219,257,649,354,50,207,383,218,150,259,113,252,188,187,478,590,1042,183,374,91,433,380,65,202,391,247,82,148,151,295,362,241,421,123,278
181,170,68,35,213,39,179,54,82,78,160,229,392,123,105,112,154,321,208,25,99,198,112,74,112,44,136,85,97,220,320,522,107,204,38,223,204,33,114,213,126,47,151,42,167,183,111,222,85,156
451,386,154,76,404,101,382,109,147,160,327,438,662,264,222,223,305,721,397,41,228,381,210,143,233,113,275,186,199,500,603,1178,222,366,107,434,374,65,219,414,265,94,295,167,157,372,279,448,162,286
408,402,178,86,483,94,421,145,131,187,391,520,865,323,268,256,343,912,502,47,267,491,264,177,307,112,322,216,227,611,723,1324,275,447,125,500,425,83,217,515,283,98,362,183,372,230,332,473,184,312
335,299,113,60,326,78,325,95,121,137,254,353,559,205,178,200,246,565,307,45,173,307,179,135,188,81,203,155,170,379,507,906,169,319,73,347,287,47,141,363,194,69,241,111,279,332,97,337,111,229
503,473,209,83,540,119,476,158,152,215,427,574,903,343,278,307,387,925,542,70,283,527,315,212,357,144,359,250,279,663,797,1436,263,505,122,577,510,96,281,549,322,126,421,222,448,473,337,257,204,381
168,172,76,23,176,26,175,55,77,72,163,204,291,135,110,136,140,307,193,27,113,193,91,75,125,54,145,86,104,241,293,485,87,178,39,217,174,25,86,198,121,40,123,85,162,184,111,204,32,126
393,279,121,61,372,81,351,123,115,146,296,381,598,222,167,199,228,609,306,35,180,357,199,158,242,94,228,179,174,398,501,964,190,323,78,351,337,53,200,365,225,70,278,156,286,312,229,381,126,117
