249,496,229,71,508,96,437,195,190,232,461,497,790,376,304,326,371,780,524,73,333,494,333,210,351,150,379,261,298,582,713,1157,212,468,93,509,498,96,244,482,322,107,410,194,440,442,334,499,166,367
496,183,173,74,435,96,412,140,149,186,390,502,758,269,205,244,301,771,427,56,228,425,279,159,265,89,269,188,223,506,654,1192,241,403,99,430,405,65,227,479,289,91,307,183,337,379,276,444,173,313
229,173,36,37,213,36,205,55,73,96,187,228,373,126,106,89,142,371,220,14,131,209,111,78,139,54,137,111,101,268,338,552,115,192,44,225,199,37,98,246,154,48,168,64,169,166,133,224,78,144
71,74,37,7,82,22,87,29,27,39,66,95,144,59,45,60,68,131,77,9,48,83,48,34,50,20,46,38,39,90,130,218,39,89,19,83,88,22,41,101,58,18,53,31,53,74,54,82,30,72
508,435,213,82,257,119,488,159,188,195,416,576,928,304,262,297,384,896,463,79,283,487,323,188,315,119,336,215,235,645,798,1396,296,460,115,553,462,82,275,542,318,98,395,179,387,432,347,537,188,339
96,96,36,22,119,17,109,36,37,42,91,117,210,76,56,62,79,202,107,19,65,120,86,50,86,26,75,48,59,127,175,292,52,110,22,110,116,22,56,92,72,26,86,49,84,93,73,112,41,83
437,412,205,87,488,109,243,133,163,182,430,538,923,309,246,262,356,913,502,67,280,490,250,202,328,111,318,233,242,612,741,1353,246,455,107,501,464,86,235,491,316,108,385,187,363,436,312,537,165,323
195,140,55,29,159,36,133,19,52,66,108,181,274,99,65,80,113,309,163,22,85,151,91,57,81,33,98,68,78,210,225,371,82,140,36,157,156,19,73,174,115,34,129,57,105,144,85,151,54,106
190,149,73,27,188,37,163,52,33,71,144,174,291,124,94,95,129,276,147,23,98,153,91,61,116,35,100,69,84,191,244,434,85,164,34,176,152,22,89,169,109,32,105,58,118,139,111,160,62,119
232,186,96,39,195,42,182,66,71,43,148,233,374,135,110,128,147,384,196,23,123,194,146,75,127,55,160,112,91,249,289,573,105,216,50,199,196,36,106,201,158,47,149,76,147,203,122,220,80,150
461,390,187,66,416,91,430,108,144,148,157,473,769,283,232,229,303,769,401,65,212,424,291,174,276,121,338,194,205,547,592,1111,225,400,89,455,397,72,209,424,285,93,330,181,352,380,285,411,162,305
497,502,228,95,576,117,538,181,174,233,473,342,1015,361,262,299,405,977,558,65,293,594,333,228,351,152,366,279,279,715,938,1603,320,524,136,622,498,91,295,583,363,122,467,207,443,535,345,581,218,388
790,758,373,144,928,210,923,274,291,374,769,1015,799,565,479,502,716,1488,945,114,498,968,521,350,592,245,604,436,460,1163,1378,2484,460,856,217,979,812,163,447,968,612,191,699,350,722,828,562,980,327,627
376,269,126,59,304,76,309,99,124,135,283,361,565,95,170,194,223,590,308,42,167,317,181,138,206,95,212,146,156,358,473,946,161,313,82,343,326,52,156,319,205,63,253,111,249,315,192,341,135,212
304,205,106,45,262,56,246,65,94,110,232,262,479,170,78,137,201,514,274,36,151,255,179,95,190,75,190,152,133,297,399,787,150,249,58,287,243,43,108,285,170,56,180,105,219,238,176,264,106,183
326,244,89,60,297,62,262,80,95,128,229,299,502,194,137,83,213,530,312,29,140,285,179,110,192,68,200,146,148,344,420,774,137,273,71,291,272,47,130,312,210,56,223,106,242,262,200,278,116,199
371,301,142,68,384,79,356,113,129,147,303,405,716,223,201,213,125,678,340,45,210,348,206,155,223,82,233,171,170,460,552,1014,184,328,92,378,336,68,176,377,228,75,276,144,271,366,235,380,143,249
780,771,371,131,896,202,913,309,276,384,769,977,1488,590,514,530,678,803,945,90,523,939,533,358,599,242,619,404,468,1096,1374,2487,485,833,197,973,852,148,456,968,621,187,680,350,725,820,560,951,303,573
524,427,220,77,463,107,502,163,147,196,401,558,945,308,274,312,340,945,235,79,268,470,299,196,330,104,333,226,246,636,775,1490,276,460,127,575,491,89,266,560,317,103,403,209,426,491,334,547,198,357
73,56,14,9,79,19,67,22,23,23,65,65,114,42,36,29,45,90,79,2,31,72,46,23,41,20,48,24,39,59,79,175,40,68,15,55,71,6,38,77,44,18,50,9,48,54,37,66,33,47
333,228,131,48,283,65,280,85,98,123,212,293,498,167,151,140,210,523,268,31,85,271,178,106,179,63,180,128,129,343,426,786,161,244,65,316,254,42,148,296,197,51,218,110,209,278,185,277,121,193
494,425,209,83,487,120,490,151,153,194,424,594,968,317,255,285,348,939,470,72,271,246,290,183,349,131,369,242,240,676,735,1473,290,475,128,573,493,80,235,527,332,101,405,192,440,455,309,541,184,362
333,279,111,48,323,86,250,91,91,146,291,333,521,181,179,179,206,533,299,46,178,290,83,113,200,68,203,135,170,371,443,818,175,267,71,305,274,36,143,323,183,81,231,118,211,271,191,313,109,210
210,159,78,34,188,50,202,57,61,75,174,228,350,138,95,110,155,358,196,23,106,183,113,43,147,50,129,103,100,235,290,550,121,198,49,210,199,35,93,220,121,35,148,69,174,189,115,210,80,138
351,265,139,50,315,86,328,81,116,127,276,351,592,206,190,192,223,599,330,41,179,349,200,147,106,68,210,148,152,398,525,926,173,305,79,352,299,49,154,362,210,81,233,134,237,275,187,351,126,220
150,89,54,20,119,26,111,33,35,55,121,152,245,95,75,68,82,242,104,20,63,131,68,50,68,15,67,53,56,156,201,351,73,99,39,120,130,12,52,158,89,30,93,53,126,124,81,140,47,92
379,269,137,46,336,75,318,98,100,160,338,366,604,212,190,200,233,619,333,48,180,369,203,129,210,67,101,150,166,406,529,956,204,300,90,347,327,52,156,389,216,70,248,127,262,315,218,359,141,249
261,188,111,38,215,48,233,68,69,112,194,279,436,146,152,146,171,404,226,24,128,242,135,103,148,53,150,50,119,282,356,646,138,212,55,259,227,32,130,249,146,47,177,71,186,229,151,234,79,163
298,223,101,39,235,59,242,78,84,91,205,279,460,156,133,148,170,468,246,39,129,240,170,100,152,56,166,119,65,336,376,706,137,233,58,252,238,39,123,268,190,55,221,95,199,224,172,288,109,167
582,506,268,90,645,127,612,210,191,249,547,715,1163,358,297,344,460,1096,636,59,343,676,371,235,398,156,406,282,336,396,954,1776,329,548,118,661,590,89,330,671,430,128,469,243,510,633,401,656,218,411
713,654,338,130,798,175,741,225,244,289,592,938,1378,473,399,420,552,1374,775,79,426,735,443,290,525,201,529,356,376,954,592,2160,435,717,178,873,678,119,366,830,505,143,606,289,634,696,496,771,282,540
1157,1192,552,218,1396,292,1353,371,434,573,1111,1603,2484,946,787,774,1014,2487,1490,175,786,1473,818,550,926,351,956,646,706,1776,2160,1967,779,1276,318,1515,1261,243,650,1465,918,298,1040,551,1133,1294,907,1454,491,983
212,241,115,39,296,52,246,82,85,105,225,320,460,161,150,137,184,485,276,40,161,290,175,121,173,73,204,138,137,329,435,779,65,237,66,291,220,44,131,304,194,56,192,106,225,235,150,286,94,187
468,403,192,89,460,110,455,140,164,216,400,524,856,313,249,273,328,833,460,68,244,475,267,198,305,99,300,212,233,548,717,1276,237,218,121,481,451,83,241,484,300,85,361,186,347,440,312,483,193,330
93,99,44,19,115,22,107,36,34,50,89,136,217,82,58,71,92,197,127,15,65,128,71,49,79,39,90,55,58,118,178,318,66,121,10,126,102,27,62,117,68,24,81,47,87,112,73,117,39,90
509,430,225,83,553,110,501,157,176,199,455,622,979,343,287,291,378,973,575,55,316,573,305,210,352,120,347,259,252,661,873,1515,291,481,126,282,539,87,269,616,350,120,426,210,431,460,336,598,206,366
498,405,199,88,462,116,464,156,152,196,397,498,812,326,243,272,336,852,491,71,254,493,274,199,299,130,327,227,238,590,678,1261,220,451,102,539,211,92,228,510,314,109,376,180,383,406,301,511,174,345
96,65,37,22,82,22,86,19,22,36,72,91,163,52,43,47,68,148,89,6,42,80,36,35,49,12,52,32,39,89,119,243,44,83,27,87,92,3,51,100,61,16,72,36,62,73,52,89,34,48
244,227,98,41,275,56,235,73,89,106,209,295,447,156,108,130,176,456,266,38,148,235,143,93,154,52,156,130,123,330,366,650,131,241,62,269,228,51,67,281,169,53,170,101,182,222,163,254,89,163
482,479,246,101,542,92,491,174,169,201,424,583,968,319,285,312,377,968,560,77,296,527,323,220,362,158,389,249,268,671,830,1465,304,484,117,616,510,100,281,278,378,111,435,212,455,510,358,548,196,368
322,289,154,58,318,72,316,115,109,158,285,363,612,205,170,210,228,621,317,44,197,332,183,121,210,89,216,146,190,430,505,918,194,300,68,350,314,61,169,378,109,56,280,119,265,322,226,343,117,213
107,91,48,18,98,26,108,34,32,47,93,122,191,63,56,56,75,187,103,18,51,101,81,35,81,30,70,47,55,128,143,298,56,85,24,120,109,16,53,111,56,10,90,41,89,102,78,108,44,77
410,307,168,53,395,86,385,129,105,149,330,467,699,253,180,223,276,680,403,50,218,405,231,148,233,93,248,177,221,469,606,1040,192,361,81,426,376,72,170,435,280,90,142,125,303,343,242,385,131,267
194,183,64,31,179,49,187,57,58,76,181,207,350,111,105,106,144,350,209,9,110,192,118,69,134,53,127,71,95,243,289,551,106,186,47,210,180,36,101,212,119,41,125,38,142,183,134,199,70,145
440,337,169,53,387,84,363,105,118,147,352,443,722,249,219,242,271,725,426,48,209,440,211,174,237,126,262,186,199,510,634,1133,225,347,87,431,383,62,182,455,265,89,303,142,151,348,225,431,128,276
442,379,166,74,432,93,436,144,139,203,380,535,828,315,238,262,366,820,491,54,278,455,271,189,275,124,315,229,224,633,696,1294,235,440,112,460,406,73,222,510,322,102,343,183,348,208,284,496,148,316
334,276,133,54,347,73,312,85,111,122,285,345,562,192,176,200,235,560,334,37,185,309,191,115,187,81,218,151,172,401,496,907,150,312,73,336,301,52,163,358,226,78,242,134,225,284,98,332,132,240
499,444,224,82,537,112,537,151,160,220,411,581,980,341,264,278,380,951,547,66,277,541,313,210,351,140,359,234,288,656,771,1454,286,483,117,598,511,89,254,548,343,108,385,199,431,496,332,282,178,349
166,173,78,30,188,41,165,54,62,80,162,218,327,135,106,116,143,303,198,33,121,184,109,80,126,47,141,79,109,218,282,491,94,193,39,206,174,34,89,196,117,44,131,70,128,148,132,178,28,138
367,313,144,72,339,83,323,106,119,150,305,388,627,212,183,199,249,573,357,47,193,362,210,138,220,92,249,163,167,411,540,983,187,330,90,366,345,48,163,368,213,77,267,145,276,316,240,349,138,122
