255,454,213,88,486,104,479,195,187,256,466,542,793,379,321,369,393,774,506,73,334,526,354,217,357,152,396,269,308,617,721,1184,239,472,105,497,482,96,251,476,319,104,393,201,429,444,343,485,148,414
454,182,172,81,472,111,433,117,145,183,373,472,782,287,228,225,328,762,432,50,229,468,259,190,281,113,296,203,203,547,680,1260,241,406,99,448,439,64,205,470,301,83,321,168,364,411,270,456,171,292
213,172,44,34,194,53,196,49,56,81,176,246,402,111,94,105,158,365,196,29,115,205,108,90,107,55,139,91,98,242,329,575,96,173,34,209,182,33,99,211,124,32,162,70,150,177,118,223,83,137
88,81,34,8,81,21,80,29,32,34,71,85,152,62,63,59,74,161,96,13,42,98,73,36,73,23,71,53,43,122,124,234,34,86,25,87,98,15,56,95,60,17,75,29,79,67,48,100,27,63
486,472,194,81,250,113,505,157,168,205,449,590,950,308,282,302,369,983,532,50,279,529,274,204,318,130,376,226,243,679,808,1417,268,433,121,563,473,92,250,577,326,99,389,216,391,506,334,540,188,326
104,111,53,21,113,12,86,35,33,44,88,145,222,74,70,75,79,214,112,15,68,119,92,37,82,30,83,69,52,136,157,318,62,92,27,114,126,21,53,111,65,23,92,43,96,102,63,117,40,85
479,433,196,80,505,86,213,143,151,195,390,536,909,354,261,279,373,920,529,56,283,520,306,208,316,124,337,248,249,609,721,1409,284,443,102,520,427,85,251,516,328,103,378,182,396,450,299,505,169,321
195,117,49,29,157,35,143,14,45,81,139,175,268,99,80,86,132,274,171,16,76,178,84,56,102,35,95,75,82,194,241,384,77,163,45,152,167,31,66,144,93,29,122,54,132,133,103,167,68,105
187,145,56,32,168,33,151,45,23,66,130,182,301,106,71,79,118,305,159,16,84,157,93,57,108,32,99,94,54,185,251,481,77,154,37,176,156,29,83,185,112,35,139,60,123,158,90,167,52,113
256,183,81,34,205,44,195,81,66,47,150,197,345,134,125,120,156,374,215,25,115,195,137,101,155,45,134,105,91,273,291,545,104,188,40,229,195,32,94,207,153,46,161,79,174,180,148,224,85,148
466,373,176,71,449,88,390,139,130,150,156,465,731,294,235,271,345,758,456,67,227,440,269,177,292,126,311,207,202,551,596,1123,241,424,87,453,412,63,211,444,287,88,319,138,369,373,273,445,164,304
542,472,246,85,590,145,536,175,182,197,465,340,1086,343,293,291,418,1061,584,75,300,594,322,218,369,139,369,261,268,707,886,1661,331,529,135,602,519,89,311,653,389,130,447,205,437,520,333,580,216,405
793,782,402,152,950,222,909,268,301,345,731,1086,829,581,452,496,660,1491,883,110,520,932,465,335,597,203,578,406,444,1170,1371,2577,520,881,241,958,862,174,464,995,606,177,650,349,719,871,565,948,356,580
379,287,111,62,308,74,354,99,106,134,294,343,581,124,191,204,249,544,356,38,174,343,195,139,209,98,245,146,146,392,498,893,178,297,63,351,286,51,170,366,210,75,249,128,271,272,191,378,139,217
321,228,94,63,282,70,261,80,71,125,235,293,452,191,81,140,198,478,290,35,148,274,163,108,173,68,165,141,117,316,423,736,167,256,61,264,266,43,128,271,166,53,214,93,209,232,198,274,106,180
369,225,105,59,302,75,279,86,79,120,271,291,496,204,140,67,201,506,311,29,147,277,168,121,198,73,193,139,135,332,458,825,173,266,56,299,304,44,137,289,182,53,238,93,226,256,191,290,122,189
393,328,158,74,369,79,373,132,118,156,345,418,660,249,198,201,127,646,361,48,235,387,219,151,240,85,235,163,173,455,525,981,192,376,90,368,336,70,189,376,222,82,280,133,296,328,223,366,127,247
774,762,365,161,983,214,920,274,305,374,758,1061,1491,544,478,506,646,885,881,110,519,902,505,347,624,202,590,425,423,1151,1383,2603,528,814,213,933,901,162,486,988,595,192,650,350,731,856,609,927,349,586
506,432,196,96,532,112,529,171,159,215,456,584,883,356,290,311,361,881,226,69,290,472,336,209,334,135,372,246,244,663,706,1424,282,511,113,503,477,83,242,534,342,102,399,204,448,467,328,531,212,336
73,50,29,13,50,15,56,16,16,25,67,75,110,38,35,29,48,110,69,5,30,65,38,20,38,11,34,19,33,84,90,163,35,61,15,56,54,5,27,73,25,9,49,23,47,71,43,72,31,53
334,229,115,42,279,68,283,76,84,115,227,300,520,174,148,147,235,519,290,30,74,294,173,120,189,64,177,126,124,348,419,735,164,257,44,286,258,39,137,300,180,58,218,104,245,259,163,306,90,200
526,468,205,98,529,119,520,178,157,195,440,594,932,343,274,277,387,902,472,65,294,241,314,216,352,134,372,265,263,661,736,1414,280,485,105,548,443,80,274,544,336,109,369,198,445,491,306,569,194,328
354,259,108,73,274,92,306,84,93,137,269,322,465,195,163,168,219,505,336,38,173,314,81,124,189,68,179,122,143,342,454,816,166,300,72,311,314,48,149,330,191,66,239,99,233,271,181,286,113,211
217,190,90,36,204,37,208,56,57,101,177,218,335,139,108,121,151,347,209,20,120,216,124,40,137,60,144,81,104,262,287,568,116,167,49,234,193,20,104,189,137,35,156,59,153,172,130,220,72,138
357,281,107,73,318,82,316,102,108,155,292,369,597,209,173,198,240,624,334,38,189,352,189,137,84,81,204,129,157,413,487,934,185,316,68,333,347,55,148,342,214,73,280,120,260,308,190,360,114,213
152,113,55,23,130,30,124,35,32,45,126,139,203,98,68,73,85,202,135,11,64,134,68,60,81,10,71,64,70,161,178,336,60,124,29,141,124,16,52,140,93,29,91,43,111,121,84,135,47,88
396,296,139,71,376,83,337,95,99,134,311,369,578,245,165,193,235,590,372,34,177,372,179,144,204,71,113,153,171,429,525,962,186,319,94,368,327,58,154,356,228,74,273,129,283,332,210,355,131,223
269,203,91,53,226,69,248,75,94,105,207,261,406,146,141,139,163,425,246,19,126,265,122,81,129,64,153,65,92,258,366,674,135,225,57,233,224,38,108,232,148,51,176,86,177,212,136,230,103,145
308,203,98,43,243,52,249,82,54,91,202,268,444,146,117,135,173,423,244,33,124,263,143,104,157,70,171,92,66,322,400,701,127,235,64,260,261,32,123,260,160,51,206,97,214,225,155,268,81,161
617,547,242,122,679,136,609,194,185,273,551,707,1170,392,316,332,455,1151,663,84,348,661,342,262,413,161,429,258,322,357,969,1935,359,595,139,705,605,111,343,713,408,133,500,205,495,639,378,678,235,409
721,680,329,124,808,157,721,241,251,291,596,886,1371,498,423,458,525,1383,706,90,419,736,454,287,487,178,525,366,400,969,554,2145,439,741,156,814,713,138,404,856,483,174,564,291,622,758,456,786,296,514
1184,1260,575,234,1417,318,1409,384,481,545,1123,1661,2577,893,736,825,981,2603,1424,163,735,1414,816,568,934,336,962,674,701,1935,2145,1955,772,1371,338,1477,1334,253,670,1572,955,284,1096,526,1106,1327,911,1413,515,905
239,241,96,34,268,62,284,77,77,104,241,331,520,178,167,173,192,528,282,35,164,280,166,116,185,60,186,135,127,359,439,772,79,248,74,287,262,52,134,321,186,56,201,118,247,276,202,262,98,177
472,406,173,86,433,92,443,163,154,188,424,529,881,297,256,266,376,814,511,61,257,485,300,167,316,124,319,225,235,595,741,1371,248,232,124,520,470,75,235,509,290,114,393,178,380,432,279,492,174,327
105,99,34,25,121,27,102,45,37,40,87,135,241,63,61,56,90,213,113,15,44,105,72,49,68,29,94,57,64,139,156,338,74,124,8,122,133,20,57,135,72,22,90,51,89,101,72,116,39,76
497,448,209,87,563,114,520,152,176,229,453,602,958,351,264,299,368,933,503,56,286,548,311,234,333,141,368,233,260,705,814,1477,287,520,122,267,510,85,258,577,360,98,444,207,428,499,322,586,187,379
482,439,182,98,473,126,427,167,156,195,412,519,862,286,266,304,336,901,477,54,258,443,314,193,347,124,327,224,261,605,713,1334,262,470,133,510,237,63,249,531,343,108,350,193,390,422,302,493,195,320
96,64,33,15,92,21,85,31,29,32,63,89,174,51,43,44,70,162,83,5,39,80,48,20,55,16,58,38,32,111,138,253,52,75,20,85,63,3,44,82,48,15,70,32,64,88,43,95,38,54
251,205,99,56,250,53,251,66,83,94,211,311,464,170,128,137,189,486,242,27,137,274,149,104,148,52,154,108,123,343,404,670,134,235,57,258,249,44,48,269,177,42,207,97,193,224,163,267,93,166
476,470,211,95,577,111,516,144,185,207,444,653,995,366,271,289,376,988,534,73,300,544,330,189,342,140,356,232,260,713,856,1572,321,509,135,577,531,82,269,321,357,102,383,184,387,503,336,557,206,328
319,301,124,60,326,65,328,93,112,153,287,389,606,210,166,182,222,595,342,25,180,336,191,137,214,93,228,148,160,408,483,955,186,290,72,360,343,48,177,357,113,62,248,133,244,313,197,347,114,211
104,83,32,17,99,23,103,29,35,46,88,130,177,75,53,53,82,192,102,9,58,109,66,35,73,29,74,51,51,133,174,284,56,114,22,98,108,15,42,102,62,8,92,33,88,92,70,133,37,68
393,321,162,75,389,92,378,122,139,161,319,447,650,249,214,238,280,650,399,49,218,369,239,156,280,91,273,176,206,500,564,1096,201,393,90,444,350,70,207,383,248,92,127,134,295,361,263,365,155,241
201,168,70,29,216,43,182,54,60,79,138,205,349,128,93,93,133,350,204,23,104,198,99,59,120,43,129,86,97,205,291,526,118,178,51,207,193,32,97,184,133,33,134,31,140,186,121,212,73,117
429,364,150,79,391,96,396,132,123,174,369,437,719,271,209,226,296,731,448,47,245,445,233,153,260,111,283,177,214,495,622,1106,247,380,89,428,390,64,193,387,244,88,295,140,170,370,268,440,143,280
444,411,177,67,506,102,450,133,158,180,373,520,871,272,232,256,328,856,467,71,259,491,271,172,308,121,332,212,225,639,758,1327,276,432,101,499,422,88,224,503,313,92,361,186,370,227,293,475,180,330
343,270,118,48,334,63,299,103,90,148,273,333,565,191,198,191,223,609,328,43,163,306,181,130,190,84,210,136,155,378,456,911,202,279,72,322,302,43,163,336,197,70,263,121,268,293,113,324,117,225
485,456,223,100,540,117,505,167,167,224,445,580,948,378,274,290,366,927,531,72,306,569,286,220,360,135,355,230,268,678,786,1413,262,492,116,586,493,95,267,557,347,133,365,212,440,475,324,267,215,345
148,171,83,27,188,40,169,68,52,85,164,216,356,139,106,122,127,349,212,31,90,194,113,72,114,47,131,103,81,235,296,515,98,174,39,187,195,38,93,206,114,37,155,73,143,180,117,215,27,126
414,292,137,63,326,85,321,105,113,148,304,405,580,217,180,189,247,586,336,53,200,328,211,138,213,88,223,145,161,409,514,905,177,327,76,379,320,54,166,328,211,68,241,117,280,330,225,345,126,122
