244,446,211,85,480,112,467,174,168,256,492,508,837,365,323,319,365,775,492,79,350,510,372,203,390,155,383,292,281,554,680,1178,259,455,110,539,470,91,239,501,289,114,357,193,450,402,334,488,180,353
446,173,161,72,429,89,434,107,138,192,382,512,784,286,214,235,315,788,440,50,216,435,248,176,277,111,285,190,205,536,689,1229,252,394,103,412,383,81,195,434,284,84,339,147,354,410,253,432,153,291
211,161,49,37,206,46,206,52,79,69,148,190,336,114,106,127,146,343,190,26,88,204,118,62,136,50,141,94,94,255,303,576,102,199,46,197,192,35,93,189,133,39,161,65,164,203,139,207,80,147
85,72,37,9,84,22,73,22,32,29,62,94,133,59,41,54,62,142,89,12,34,93,62,36,72,22,48,35,44,100,123,233,36,83,29,79,76,14,42,69,43,12,66,26,81,79,49,76,32,63
480,429,206,84,264,118,503,157,163,213,424,551,944,319,270,304,350,977,506,63,281,549,316,209,334,129,345,248,266,685,769,1433,286,483,122,521,472,98,254,518,340,92,377,188,417,500,319,540,198,322
112,89,46,22,118,11,99,31,44,41,86,148,182,77,60,63,83,194,125,17,51,126,77,46,88,22,70,54,54,137,159,324,53,106,21,110,93,17,48,94,68,18,66,27,88,97,57,111,34,100
467,434,206,73,503,99,219,136,147,178,391,546,827,312,295,310,344,811,506,60,261,489,296,194,332,119,314,236,239,573,743,1310,283,431,120,500,439,90,224,470,310,95,344,185,364,455,315,474,164,355
174,107,52,22,157,31,136,28,49,57,131,177,269,93,86,77,120,237,160,19,67,160,82,53,88,37,95,62,74,168,244,417,92,139,30,155,129,19,61,161,123,23,103,62,118,124,74,162,54,95
168,138,79,32,163,44,147,49,26,40,113,202,314,100,98,91,127,286,159,25,85,184,94,50,106,43,114,69,82,203,246,506,109,146,34,175,179,31,79,144,96,36,135,63,128,163,85,176,60,114
256,192,69,29,213,41,178,57,40,43,169,222,348,118,128,137,159,363,215,22,122,242,144,76,132,51,160,109,107,246,335,597,112,198,52,211,178,42,95,222,154,38,166,68,170,181,124,212,68,134
492,382,148,62,424,86,391,131,113,169,173,465,727,274,211,261,316,752,443,50,261,462,282,187,288,96,297,201,217,536,624,1205,213,401,98,454,387,75,219,454,301,88,319,146,356,391,275,398,163,297
508,512,190,94,551,148,546,177,202,222,465,332,1000,345,281,337,409,1054,592,62,324,616,334,227,359,129,373,261,297,707,852,1512,298,570,131,616,560,91,298,621,362,106,454,223,438,527,346,575,193,398
837,784,336,133,944,182,827,269,314,348,727,1000,772,564,451,518,616,1445,892,101,561,947,539,356,615,226,596,425,458,1182,1370,2387,463,833,215,995,824,155,432,953,610,192,691,332,698,833,605,948,307,622
365,286,114,59,319,77,312,93,100,118,274,345,564,86,203,217,225,578,327,23,167,337,216,129,244,90,221,157,205,383,503,872,201,312,88,318,323,51,169,318,221,69,257,139,300,309,215,353,138,220
323,214,106,41,270,60,295,86,98,128,211,281,451,203,73,140,184,468,281,37,143,298,174,116,193,62,172,123,131,334,414,756,142,249,67,278,233,42,130,303,181,58,202,103,220,244,152,291,118,209
319,235,127,54,304,63,310,77,91,137,261,337,518,217,140,75,209,515,317,38,138,320,187,124,199,63,179,147,141,359,478,838,178,260,64,282,276,46,147,306,191,49,211,125,259,290,180,287,122,216
365,315,146,62,350,83,344,120,127,159,316,409,616,225,184,209,127,648,385,48,219,381,207,128,223,85,251,153,191,432,560,1003,194,351,78,389,308,59,173,355,239,82,291,128,267,328,224,358,112,236
775,788,343,142,977,194,811,237,286,363,752,1054,1445,578,468,515,648,780,912,110,508,924,531,342,644,230,625,421,499,1154,1340,2384,453,887,218,937,822,144,413,955,597,184,654,331,709,802,598,942,315,620
492,440,190,89,506,125,506,160,159,215,443,592,892,327,281,317,385,912,262,62,307,497,296,194,352,123,350,229,273,634,773,1439,255,510,116,532,472,69,274,537,309,114,361,195,424,469,317,499,214,344
79,50,26,12,63,17,60,19,25,22,50,62,101,23,37,38,48,110,62,5,37,62,30,24,38,23,41,31,35,78,86,171,33,66,15,62,74,16,30,60,45,9,47,28,54,57,36,71,33,39
350,216,88,34,281,51,261,67,85,122,261,324,561,167,143,138,219,508,307,37,78,306,151,96,169,70,172,143,133,335,422,787,144,242,61,277,244,43,129,300,208,72,208,97,212,248,168,269,107,200
510,435,204,93,549,126,489,160,184,242,462,616,947,337,298,320,381,924,497,62,306,290,290,189,335,112,330,229,276,646,770,1439,274,490,120,537,482,94,279,531,302,104,384,193,423,500,308,498,211,347
372,248,118,62,316,77,296,82,94,144,282,334,539,216,174,187,207,531,296,30,151,290,87,118,213,63,189,123,142,361,454,845,154,297,64,321,288,48,149,319,201,67,230,110,235,275,194,314,114,223
203,176,62,36,209,46,194,53,50,76,187,227,356,129,116,124,128,342,194,24,96,189,118,35,144,45,123,103,110,242,281,551,99,167,56,207,187,41,80,228,146,34,140,79,172,161,120,198,82,150
390,277,136,72,334,88,332,88,106,132,288,359,615,244,193,199,223,644,352,38,169,335,213,144,115,84,210,157,155,404,522,960,167,323,103,347,334,40,150,355,235,61,256,109,235,277,210,354,141,238
155,111,50,22,129,22,119,37,43,51,96,129,226,90,62,63,85,230,123,23,70,112,63,45,84,11,76,55,74,137,179,377,62,108,34,100,105,19,62,155,97,23,92,36,94,107,76,140,48,71
383,285,141,48,345,70,314,95,114,160,297,373,596,221,172,179,251,625,350,41,172,330,189,123,210,76,108,154,177,439,521,956,171,337,94,333,308,47,166,399,244,75,232,128,254,296,199,336,131,237
292,190,94,35,248,54,236,62,69,109,201,261,425,157,123,147,153,421,229,31,143,229,123,103,157,55,154,53,129,296,343,633,134,210,61,235,225,37,116,263,145,48,206,90,205,228,130,262,105,159
281,205,94,44,266,54,239,74,82,107,217,297,458,205,131,141,191,499,273,35,133,276,142,110,155,74,177,129,66,282,366,741,131,252,59,249,254,47,131,269,155,47,205,95,195,230,144,258,104,165
554,536,255,100,685,137,573,168,203,246,536,707,1182,383,334,359,432,1154,634,78,335,646,361,242,404,137,439,296,282,356,944,1814,376,583,145,624,604,102,332,691,391,155,467,217,479,613,404,646,229,435
680,689,303,123,769,159,743,244,246,335,624,852,1370,503,414,478,560,1340,773,86,422,770,454,281,522,179,521,343,366,944,587,2035,395,708,175,803,706,130,404,762,475,145,561,280,583,705,485,788,268,525
1178,1229,576,233,1433,324,1310,417,506,597,1205,1512,2387,872,756,838,1003,2384,1439,171,787,1439,845,551,960,377,956,633,741,1814,2035,1804,675,1323,328,1472,1257,272,695,1480,932,289,1066,516,1110,1286,933,1439,504,905
259,252,102,36,286,53,283,92,109,112,213,298,463,201,142,178,194,453,255,33,144,274,154,99,167,62,171,134,131,376,395,675,64,244,73,300,254,46,133,275,169,61,203,98,224,252,172,282,108,184
455,394,199,83,483,106,431,139,146,198,401,570,833,312,249,260,351,887,510,66,242,490,297,167,323,108,337,210,252,583,708,1323,244,216,107,475,425,76,232,472,303,90,332,192,388,447,243,487,173,333
110,103,46,29,122,21,120,30,34,52,98,131,215,88,67,64,78,218,116,15,61,120,64,56,103,34,94,61,59,145,175,328,73,107,12,127,115,16,59,116,65,20,91,38,106,108,67,104,38,95
539,412,197,79,521,110,500,155,175,211,454,616,995,318,278,282,389,937,532,62,277,537,321,207,347,100,333,235,249,624,803,1472,300,475,127,306,486,84,266,604,335,118,453,200,420,498,330,568,210,362
470,383,192,76,472,93,439,129,179,178,387,560,824,323,233,276,308,822,472,74,244,482,288,187,334,105,308,225,254,604,706,1257,254,425,115,486,202,79,229,478,285,86,351,186,365,451,286,484,166,332
91,81,35,14,98,17,90,19,31,42,75,91,155,51,42,46,59,144,69,16,43,94,48,41,40,19,47,37,47,102,130,272,46,76,16,84,79,6,50,92,39,15,63,32,64,81,48,98,27,63
239,195,93,42,254,48,224,61,79,95,219,298,432,169,130,147,173,413,274,30,129,279,149,80,150,62,166,116,131,332,404,695,133,232,59,266,229,50,58,252,195,53,191,94,204,234,145,261,88,167
501,434,189,69,518,94,470,161,144,222,454,621,953,318,303,306,355,955,537,60,300,531,319,228,355,155,399,263,269,691,762,1480,275,472,116,604,478,92,252,261,346,96,404,176,420,472,338,553,158,353
289,284,133,43,340,68,310,123,96,154,301,362,610,221,181,191,239,597,309,45,208,302,201,146,235,97,244,145,155,391,475,932,169,303,65,335,285,39,195,346,106,70,236,124,288,295,207,361,110,220
114,84,39,12,92,18,95,23,36,38,88,106,192,69,58,49,82,184,114,9,72,104,67,34,61,23,75,48,47,155,145,289,61,90,20,118,86,15,53,96,70,17,66,43,87,94,47,95,38,68
357,339,161,66,377,66,344,103,135,166,319,454,691,257,202,211,291,654,361,47,208,384,230,140,256,92,232,206,205,467,561,1066,203,332,91,453,351,63,191,404,236,66,135,135,290,344,231,377,121,267
193,147,65,26,188,27,185,62,63,68,146,223,332,139,103,125,128,331,195,28,97,193,110,79,109,36,128,90,95,217,280,516,98,192,38,200,186,32,94,176,124,43,135,32,147,176,95,218,72,124
450,354,164,81,417,88,364,118,128,170,356,438,698,300,220,259,267,709,424,54,212,423,235,172,235,94,254,205,195,479,583,1110,224,388,106,420,365,64,204,420,288,87,290,147,162,353,237,415,152,281
402,410,203,79,500,97,455,124,163,181,391,527,833,309,244,290,328,802,469,57,248,500,275,161,277,107,296,228,230,613,705,1286,252,447,108,498,451,81,234,472,295,94,344,176,353,231,277,457,162,307
334,253,139,49,319,57,315,74,85,124,275,346,605,215,152,180,224,598,317,36,168,308,194,120,210,76,199,130,144,404,485,933,172,243,67,330,286,48,145,338,207,47,231,95,237,277,87,325,105,214
488,432,207,76,540,111,474,162,176,212,398,575,948,353,291,287,358,942,499,71,269,498,314,198,354,140,336,262,258,646,788,1439,282,487,104,568,484,98,261,553,361,95,377,218,415,457,325,244,189,328
180,153,80,32,198,34,164,54,60,68,163,193,307,138,118,122,112,315,214,33,107,211,114,82,141,48,131,105,104,229,268,504,108,173,38,210,166,27,88,158,110,38,121,72,152,162,105,189,28,133
353,291,147,63,322,100,355,95,114,134,297,398,622,220,209,216,236,620,344,39,200,347,223,150,238,71,237,159,165,435,525,905,184,333,95,362,332,63,167,353,220,68,267,124,281,307,214,328,133,124
