287,450,240,86,510,108,509,184,170,259,465,559,816,406,321,369,363,830,542,64,329,560,382,226,383,143,391,310,301,627,703,1224,250,516,124,521,524,89,278,505,334,110,395,184,448,443,311,520,170,380
450,205,185,83,443,109,396,130,138,166,356,537,786,248,216,241,315,815,463,58,223,464,241,173,245,107,298,185,219,521,715,1305,263,393,96,466,402,63,221,453,290,104,334,150,329,426,254,453,142,283
240,185,35,32,227,55,213,54,73,91,185,228,383,130,112,103,138,380,200,19,94,209,109,105,148,50,133,78,115,251,318,545,105,180,39,189,193,27,106,212,130,47,157,86,180,186,159,226,72,153
86,83,32,8,85,20,99,24,27,34,79,99,149,67,55,51,65,133,90,11,52,71,59,39,70,26,76,41,53,104,115,221,44,83,22,99,74,6,45,74,49,12,60,26,77,73,41,91,28,56
510,443,227,85,265,114,492,174,167,204,461,552,911,320,302,288,374,960,508,62,310,495,277,219,325,126,329,238,258,651,763,1401,270,475,115,542,493,67,273,589,343,105,406,188,381,513,300,519,176,346
108,109,55,20,114,10,115,36,29,44,97,134,201,67,70,73,82,186,132,11,54,103,82,39,75,28,88,51,60,154,183,324,65,115,30,138,104,13,54,111,79,23,84,43,78,108,68,120,37,78
509,396,213,99,492,115,257,136,163,202,394,544,860,291,248,258,349,824,516,55,254,483,304,190,302,120,349,215,240,595,761,1337,298,485,113,528,443,84,217,528,316,100,341,181,381,466,302,480,166,324
184,130,54,24,174,36,136,22,54,51,136,155,227,96,84,83,108,253,149,19,68,164,93,70,106,42,105,82,88,196,210,410,78,145,35,146,145,23,64,148,99,24,108,56,128,125,83,157,51,109
170,138,73,27,167,29,163,54,20,72,155,183,288,90,88,77,134,287,171,22,85,168,100,64,103,47,106,64,72,225,255,464,81,146,38,171,134,26,88,215,110,29,114,60,117,159,88,178,57,122
259,166,91,34,204,44,202,51,72,36,154,239,328,124,113,117,153,355,206,32,114,197,144,87,125,54,136,88,117,273,318,542,86,187,46,224,194,30,97,199,148,42,163,74,152,167,139,194,74,146
465,356,185,79,461,97,394,136,155,154,169,494,715,276,229,243,314,736,408,66,222,390,249,165,265,101,297,191,222,528,650,1144,214,412,93,472,391,75,220,443,293,105,319,166,317,353,307,419,149,288
559,537,228,99,552,134,544,155,183,239,494,313,1053,384,302,311,410,1061,543,82,308,578,334,253,380,153,378,279,241,785,908,1672,329,556,111,598,524,90,304,597,381,123,433,206,467,553,328,608,195,390
816,786,383,149,911,201,860,227,288,328,715,1053,802,566,462,500,665,1459,905,128,522,888,512,366,612,223,622,431,446,1223,1348,2580,493,840,227,992,810,158,418,974,602,202,707,337,728,852,566,916,320,551
406,248,130,67,320,67,291,96,90,124,276,384,566,111,174,180,231,580,343,44,182,340,174,141,196,75,208,154,162,376,461,874,190,308,70,356,312,60,156,352,220,57,246,112,247,305,204,314,119,238
321,216,112,55,302,70,248,84,88,113,229,302,462,174,77,142,171,508,260,43,125,260,171,104,181,80,168,137,134,313,383,740,159,255,51,270,241,45,121,252,157,60,193,97,236,263,188,252,103,162
369,241,103,51,288,73,258,83,77,117,243,311,500,180,142,72,204,527,303,48,134,283,189,137,169,65,184,131,148,344,425,832,173,265,53,307,255,59,123,293,172,64,193,93,237,271,177,269,116,205
363,315,138,65,374,82,349,108,134,153,314,410,665,231,171,204,122,660,352,33,202,355,211,138,234,79,220,176,182,478,568,1026,205,382,101,371,342,61,186,369,247,69,290,143,285,355,235,380,148,261
830,815,380,133,960,186,824,253,287,355,736,1061,1459,580,508,527,660,794,963,106,506,941,511,376,609,219,638,416,455,1209,1423,2552,510,821,231,985,818,170,445,991,617,218,705,348,759,866,599,965,343,608
542,463,200,90,508,132,516,149,171,206,408,543,905,343,260,303,352,963,266,68,270,518,278,204,356,106,344,240,276,646,775,1409,282,473,139,558,465,97,239,571,338,108,427,211,420,507,324,548,203,317
64,58,19,11,62,11,55,19,22,32,66,82,128,44,43,48,33,106,68,5,37,67,37,26,38,4,37,19,23,69,108,179,39,57,10,64,53,5,33,72,51,16,52,31,46,53,32,58,25,35
329,223,94,52,310,54,254,68,85,114,222,308,522,182,125,134,202,506,270,37,80,297,178,115,183,74,183,115,133,350,439,849,164,227,65,274,263,36,131,296,190,54,220,93,225,257,180,290,120,194
560,464,209,71,495,103,483,164,168,197,390,578,888,340,260,283,355,941,518,67,297,272,279,202,338,104,352,236,257,666,765,1387,287,480,115,593,454,85,267,565,342,106,389,188,426,487,307,526,187,320
382,241,109,59,277,82,304,93,100,144,249,334,512,174,171,189,211,511,278,37,178,279,92,129,189,86,192,134,160,371,425,828,171,288,71,333,272,49,157,318,181,68,229,113,234,245,206,301,104,177
226,173,105,39,219,39,190,70,64,87,165,253,366,141,104,137,138,376,204,26,115,202,129,40,129,54,129,92,101,250,289,566,105,194,53,214,190,32,102,213,125,42,166,67,165,195,137,190,68,128
383,245,148,70,325,75,302,106,103,125,265,380,612,196,181,169,234,609,356,38,183,338,189,129,112,78,195,146,174,423,495,947,194,295,83,331,306,61,178,327,220,82,240,125,258,326,187,334,129,208
143,107,50,26,126,28,120,42,47,54,101,153,223,75,80,65,79,219,106,4,74,104,86,54,78,17,68,55,56,151,172,357,81,123,26,116,109,16,58,150,92,28,102,47,108,98,79,138,51,88
391,298,133,76,329,88,349,105,106,136,297,378,622,208,168,184,220,638,344,37,183,352,192,129,195,68,111,149,160,404,507,965,207,341,77,345,325,50,157,398,240,87,262,134,273,295,202,351,121,225
310,185,78,41,238,51,215,82,64,88,191,279,431,154,137,131,176,416,240,19,115,236,134,92,146,55,149,47,115,268,362,681,112,232,51,279,219,29,121,241,162,47,169,81,198,253,151,252,94,163
301,219,115,53,258,60,240,88,72,117,222,241,446,162,134,148,182,455,276,23,133,257,160,101,174,56,160,115,64,301,384,742,158,248,68,243,250,36,131,254,163,60,187,72,223,236,160,250,103,185
627,521,251,104,651,154,595,196,225,273,528,785,1223,376,313,344,478,1209,646,69,350,666,371,250,423,151,404,268,301,401,1007,1920,367,586,131,676,600,106,333,728,439,139,482,226,492,647,384,676,239,436
703,715,318,115,763,183,761,210,255,318,650,908,1348,461,383,425,568,1423,775,108,439,765,425,289,495,172,507,362,384,1007,596,2162,398,680,188,872,687,129,366,784,522,180,633,305,609,713,477,773,274,524
1224,1305,545,221,1401,324,1337,410,464,542,1144,1672,2580,874,740,832,1026,2552,1409,179,849,1387,828,566,947,357,965,681,742,1920,2162,2008,784,1259,325,1536,1300,264,674,1494,925,290,1040,546,1128,1301,921,1391,499,939
250,263,105,44,270,65,298,78,81,86,214,329,493,190,159,173,205,510,282,39,164,287,171,105,194,81,207,112,158,367,398,784,59,263,61,298,252,46,152,288,162,67,213,115,227,244,188,307,94,157
516,393,180,83,475,115,485,145,146,187,412,556,840,308,255,265,382,821,473,57,227,480,288,194,295,123,341,232,248,586,680,1259,263,194,115,519,426,68,248,492,335,76,368,176,393,460,298,511,159,340
124,96,39,22,115,30,113,35,38,46,93,111,227,70,51,53,101,231,139,10,65,115,71,53,83,26,77,51,68,131,188,325,61,115,14,151,114,26,53,125,72,28,108,39,90,109,72,130,40,74
521,466,189,99,542,138,528,146,171,224,472,598,992,356,270,307,371,985,558,64,274,593,333,214,331,116,345,279,243,676,872,1536,298,519,151,298,527,107,252,566,346,106,394,196,450,525,333,584,208,375
524,402,193,74,493,104,443,145,134,194,391,524,810,312,241,255,342,818,465,53,263,454,272,190,306,109,325,219,250,600,687,1300,252,426,114,527,227,68,244,450,327,83,353,170,391,400,289,447,172,305
89,63,27,6,67,13,84,23,26,30,75,90,158,60,45,59,61,170,97,5,36,85,49,32,61,16,50,29,36,106,129,264,46,68,26,107,68,6,53,93,58,17,52,32,72,83,41,96,38,51
278,221,106,45,273,54,217,64,88,97,220,304,418,156,121,123,186,445,239,33,131,267,157,102,178,58,157,121,131,333,366,674,152,248,53,252,244,53,56,289,161,47,195,93,209,225,169,240,92,169
505,453,212,74,589,111,528,148,215,199,443,597,974,352,252,293,369,991,571,72,296,565,318,213,327,150,398,241,254,728,784,1494,288,492,125,566,450,93,289,310,381,107,387,220,438,518,328,514,193,344
334,290,130,49,343,79,316,99,110,148,293,381,602,220,157,172,247,617,338,51,190,342,181,125,220,92,240,162,163,439,522,925,162,335,72,346,327,58,161,381,122,71,256,126,278,316,179,359,124,209
110,104,47,12,105,23,100,24,29,42,105,123,202,57,60,64,69,218,108,16,54,106,68,42,82,28,87,47,60,139,180,290,67,76,28,106,83,17,47,107,71,9,90,43,88,103,67,110,39,61
395,334,157,60,406,84,341,108,114,163,319,433,707,246,193,193,290,705,427,52,220,389,229,166,240,102,262,169,187,482,633,1040,213,368,108,394,353,52,195,387,256,90,156,133,320,335,214,381,151,279
184,150,86,26,188,43,181,56,60,74,166,206,337,112,97,93,143,348,211,31,93,188,113,67,125,47,134,81,72,226,305,546,115,176,39,196,170,32,93,220,126,43,133,33,132,170,117,199,71,153
448,329,180,77,381,78,381,128,117,152,317,467,728,247,236,237,285,759,420,46,225,426,234,165,258,108,273,198,223,492,609,1128,227,393,90,450,391,72,209,438,278,88,320,132,168,379,249,385,162,281
443,426,186,73,513,108,466,125,159,167,353,553,852,305,263,271,355,866,507,53,257,487,245,195,326,98,295,253,236,647,713,1301,244,460,109,525,400,83,225,518,316,103,335,170,379,200,321,515,186,263
311,254,159,41,300,68,302,83,88,139,307,328,566,204,188,177,235,599,324,32,180,307,206,137,187,79,202,151,160,384,477,921,188,298,72,333,289,41,169,328,179,67,214,117,249,321,88,318,119,234
520,453,226,91,519,120,480,157,178,194,419,608,916,314,252,269,380,965,548,58,290,526,301,190,334,138,351,252,250,676,773,1391,307,511,130,584,447,96,240,514,359,110,381,199,385,515,318,285,169,323
170,142,72,28,176,37,166,51,57,74,149,195,320,119,103,116,148,343,203,25,120,187,104,68,129,51,121,94,103,239,274,499,94,159,40,208,172,38,92,193,124,39,151,71,162,186,119,169,37,129
380,283,153,56,346,78,324,109,122,146,288,390,551,238,162,205,261,608,317,35,194,320,177,128,208,88,225,163,185,436,524,939,157,340,74,375,305,51,169,344,209,61,279,153,281,263,234,323,129,110
