257,480,232,90,485,122,494,174,184,267,474,509,818,396,326,358,367,783,542,60,340,544,356,239,376,169,398,293,298,558,721,1154,205,451,115,511,527,79,249,497,270,115,380,174,437,403,306,497,161,381
480,194,171,84,426,96,424,135,154,171,368,524,771,296,210,233,302,788,441,49,213,466,255,184,289,98,267,191,211,563,702,1186,213,392,83,458,417,67,198,472,259,77,327,159,367,402,255,446,132,267
232,171,37,34,223,39,183,67,69,86,181,222,331,134,87,110,170,348,211,25,112,213,92,79,124,48,120,93,96,241,296,516,106,196,27,196,189,27,109,213,130,33,167,75,138,213,120,215,66,138
90,84,34,11,73,24,85,33,25,34,70,97,140,63,42,41,62,126,77,16,58,80,67,38,63,18,66,36,56,108,110,220,43,79,18,90,83,14,42,86,69,19,56,22,75,69,60,89,30,52
485,426,223,73,258,106,494,161,176,193,414,599,893,342,285,276,364,915,504,66,292,510,305,201,345,120,323,255,249,660,806,1377,281,463,115,528,478,91,243,549,349,96,415,184,442,498,308,541,187,353
122,96,39,24,106,11,113,49,41,44,96,124,156,88,62,75,81,176,102,23,71,121,82,50,82,18,82,53,65,146,156,268,56,125,27,133,97,20,58,116,83,28,72,30,100,95,75,104,33,76
494,424,183,85,494,113,246,156,154,205,415,532,842,321,245,285,323,806,494,64,294,538,298,202,324,126,337,241,261,591,696,1258,243,455,105,545,471,78,239,491,315,114,357,161,420,462,321,480,157,308
174,135,67,33,161,49,156,20,47,67,146,185,282,102,69,73,102,295,155,22,83,152,107,71,104,38,112,67,96,170,223,433,82,150,41,138,149,25,63,158,99,32,108,60,129,138,82,156,59,114
184,154,69,25,176,41,154,47,27,68,175,174,274,106,99,106,130,275,183,23,78,198,100,52,121,45,128,84,76,197,228,438,76,172,35,181,164,25,83,183,112,37,140,63,136,128,97,171,49,102
267,171,86,34,193,44,205,67,68,36,165,235,369,134,113,122,152,371,202,32,110,199,144,75,134,65,151,104,118,268,324,534,114,195,43,234,200,44,121,195,119,51,163,73,184,198,153,213,80,140
474,368,181,70,414,96,415,146,175,165,176,488,708,248,225,260,298,682,432,59,255,397,256,156,281,123,307,209,229,535,645,1075,197,426,95,474,419,61,206,446,275,76,304,173,342,396,285,399,157,287
509,524,222,97,599,124,532,185,174,235,488,321,1019,348,299,316,416,1009,605,66,314,583,299,252,385,146,389,238,276,719,814,1534,294,517,129,620,482,91,272,591,372,117,417,216,438,518,356,550,212,371
818,771,331,140,893,156,842,282,274,369,708,1019,815,580,480,534,674,1466,890,142,493,891,519,355,613,242,660,446,442,1164,1348,2422,480,825,206,1004,781,159,455,904,624,185,731,348,702,844,554,931,324,571
396,296,134,63,342,88,321,102,106,134,248,348,580,100,163,167,237,566,316,35,188,334,217,116,210,92,231,145,169,399,510,899,180,297,79,380,323,43,170,340,231,71,233,126,262,297,189,339,120,212
326,210,87,42,285,62,245,69,99,113,225,299,480,163,71,130,194,476,267,27,132,238,159,110,189,63,159,142,124,326,372,744,154,247,60,272,252,44,122,283,168,48,193,94,215,259,142,286,115,188
358,233,110,41,276,75,285,73,106,122,260,316,534,167,130,78,204,552,279,34,145,277,178,103,189,75,178,141,139,350,434,870,170,274,66,313,262,53,142,292,170,50,208,110,216,274,182,294,121,223
367,302,170,62,364,81,323,102,130,152,298,416,674,237,194,204,130,630,362,36,214,396,210,145,261,92,239,151,201,419,532,1007,210,322,77,392,320,57,172,365,227,82,265,137,309,321,234,373,129,253
783,788,348,126,915,176,806,295,275,371,682,1009,1466,566,476,552,630,827,873,126,503,895,547,338,581,231,622,450,422,1165,1354,2467,493,798,223,948,854,157,450,958,584,163,708,368,691,844,536,927,328,606
542,441,211,77,504,102,494,155,183,202,432,605,890,316,267,279,362,873,275,51,289,529,294,195,336,125,337,227,251,600,757,1330,298,466,110,571,489,80,251,541,316,106,380,190,403,462,293,542,190,346
60,49,25,16,66,23,64,22,23,32,59,66,142,35,27,34,36,126,51,1,36,60,32,25,36,15,44,35,30,75,80,201,33,60,15,59,75,5,32,79,30,7,52,30,45,59,36,45,24,38
340,213,112,58,292,71,294,83,78,110,255,314,493,188,132,145,214,503,289,36,70,311,157,123,176,71,193,108,158,343,418,758,154,257,57,268,310,39,141,297,174,57,223,92,249,236,172,321,90,185
544,466,213,80,510,121,538,152,198,199,397,583,891,334,238,277,396,895,529,60,311,273,298,214,354,124,351,234,241,591,803,1373,275,470,128,600,499,101,239,542,322,97,376,190,456,459,291,534,189,376
356,255,92,67,305,82,298,107,100,144,256,299,519,217,159,178,210,547,294,32,157,298,73,120,201,75,196,128,133,371,464,837,174,270,80,297,319,51,156,322,201,48,224,106,255,295,175,331,128,189
239,184,79,38,201,50,202,71,52,75,156,252,355,116,110,103,145,338,195,25,123,214,120,43,134,63,155,98,103,241,306,521,112,188,56,213,196,26,124,211,141,43,150,79,166,158,123,188,58,133
376,289,124,63,345,82,324,104,121,134,281,385,613,210,189,189,261,581,336,36,176,354,201,134,120,82,192,164,170,443,504,925,205,339,80,348,355,59,166,380,220,60,257,113,266,300,192,318,142,197
169,98,48,18,120,18,126,38,45,65,123,146,242,92,63,75,92,231,125,15,71,124,75,63,82,17,76,75,63,139,181,396,63,113,34,130,105,25,64,147,79,22,100,49,106,106,83,124,58,80
398,267,120,66,323,82,337,112,128,151,307,389,660,231,159,178,239,622,337,44,193,351,196,155,192,76,104,153,167,405,498,946,179,308,76,369,352,54,162,359,202,67,271,124,273,291,187,337,121,216
293,191,93,36,255,53,241,67,84,104,209,238,446,145,142,141,151,450,227,35,108,234,128,98,164,75,153,43,113,300,382,733,135,212,48,220,227,49,115,251,136,44,175,81,219,210,153,291,98,157
298,211,96,56,249,65,261,96,76,118,229,276,442,169,124,139,201,422,251,30,158,241,133,103,170,63,167,113,74,315,354,677,124,248,58,262,257,44,132,274,180,63,202,87,227,200,137,262,81,181
558,563,241,108,660,146,591,170,197,268,535,719,1164,399,326,350,419,1165,600,75,343,591,371,241,443,139,405,300,315,422,967,1772,334,575,134,643,587,94,300,698,393,109,483,258,528,593,378,641,241,446
721,702,296,110,806,156,696,223,228,324,645,814,1348,510,372,434,532,1354,757,80,418,803,464,306,504,181,498,382,354,967,579,2077,406,753,172,795,714,128,380,805,451,157,582,281,617,781,475,767,246,516
1154,1186,516,220,1377,268,1258,433,438,534,1075,1534,2422,899,744,870,1007,2467,1330,201,758,1373,837,521,925,396,946,733,677,1772,2077,1990,740,1279,308,1474,1333,247,687,1455,895,271,1061,562,1078,1222,928,1382,486,939
205,213,106,43,281,56,243,82,76,114,197,294,480,180,154,170,210,493,298,33,154,275,174,112,205,63,179,135,124,334,406,740,74,225,54,278,239,56,134,287,186,59,216,101,201,249,192,268,105,168
451,392,196,79,463,125,455,150,172,195,426,517,825,297,247,274,322,798,466,60,257,470,270,188,339,113,308,212,248,575,753,1279,225,234,106,505,447,81,214,504,318,88,368,165,389,420,259,466,167,314
115,83,27,18,115,27,105,41,35,43,95,129,206,79,60,66,77,223,110,15,57,128,80,56,80,34,76,48,58,134,172,308,54,106,16,119,116,18,60,125,74,25,84,40,93,100,72,125,47,85
511,458,196,90,528,133,545,138,181,234,474,620,1004,380,272,313,392,948,571,59,268,600,297,213,348,130,369,220,262,643,795,1474,278,505,119,294,500,80,264,567,330,110,413,190,413,500,336,551,200,365
527,417,189,83,478,97,471,149,164,200,419,482,781,323,252,262,320,854,489,75,310,499,319,196,355,105,352,227,257,587,714,1333,239,447,116,500,236,74,227,457,324,110,336,189,414,442,327,481,180,346
79,67,27,14,91,20,78,25,25,44,61,91,159,43,44,53,57,157,80,5,39,101,51,26,59,25,54,49,44,94,128,247,56,81,18,80,74,7,35,93,50,15,58,26,64,79,49,77,37,55
249,198,109,42,243,58,239,63,83,121,206,272,455,170,122,142,172,450,251,32,141,239,156,124,166,64,162,115,132,300,380,687,134,214,60,264,227,35,56,235,134,57,212,91,185,232,139,245,94,184
497,472,213,86,549,116,491,158,183,195,446,591,904,340,283,292,365,958,541,79,297,542,322,211,380,147,359,251,274,698,805,1455,287,504,125,567,457,93,235,297,333,121,357,192,454,529,368,566,212,353
270,259,130,69,349,83,315,99,112,119,275,372,624,231,168,170,227,584,316,30,174,322,201,141,220,79,202,136,180,393,451,895,186,318,74,330,324,50,134,333,90,54,227,130,275,309,218,361,126,220
115,77,33,19,96,28,114,32,37,51,76,117,185,71,48,50,82,163,106,7,57,97,48,43,60,22,67,44,63,109,157,271,59,88,25,110,110,15,57,121,54,6,81,32,78,104,58,103,32,59
380,327,167,56,415,72,357,108,140,163,304,417,731,233,193,208,265,708,380,52,223,376,224,150,257,100,271,175,202,483,582,1061,216,368,84,413,336,58,212,357,227,81,127,142,311,322,254,391,133,278
174,159,75,22,184,30,161,60,63,73,173,216,348,126,94,110,137,368,190,30,92,190,106,79,113,49,124,81,87,258,281,562,101,165,40,190,189,26,91,192,130,32,142,34,135,171,116,180,73,111
437,367,138,75,442,100,420,129,136,184,342,438,702,262,215,216,309,691,403,45,249,456,255,166,266,106,273,219,227,528,617,1078,201,389,93,413,414,64,185,454,275,78,311,135,181,352,224,423,133,263
403,402,213,69,498,95,462,138,128,198,396,518,844,297,259,274,321,844,462,59,236,459,295,158,300,106,291,210,200,593,781,1222,249,420,100,500,442,79,232,529,309,104,322,171,352,202,306,498,160,314
306,255,120,60,308,75,321,82,97,153,285,356,554,189,142,182,234,536,293,36,172,291,175,123,192,83,187,153,137,378,475,928,192,259,72,336,327,49,139,368,218,58,254,116,224,306,73,329,121,198
497,446,215,89,541,104,480,156,171,213,399,550,931,339,286,294,373,927,542,45,321,534,331,188,318,124,337,291,262,641,767,1382,268,466,125,551,481,77,245,566,361,103,391,180,423,498,329,273,199,351
161,132,66,30,187,33,157,59,49,80,157,212,324,120,115,121,129,328,190,24,90,189,128,58,142,58,121,98,81,241,246,486,105,167,47,200,180,37,94,212,126,32,133,73,133,160,121,199,31,138
381,267,138,52,353,76,308,114,102,140,287,371,571,212,188,223,253,606,346,38,185,376,189,133,197,80,216,157,181,446,516,939,168,314,85,365,346,55,184,353,220,59,278,111,263,314,198,351,138,97
