276,429,211,88,523,111,484,199,199,238,436,512,862,392,277,320,360,847,504,75,331,501,328,216,338,130,396,263,290,632,710,1146,243,488,103,485,458,88,261,483,323,139,370,192,417,415,308,488,187,398
429,186,186,77,462,93,430,100,157,162,376,494,756,261,221,230,341,789,439,59,249,438,240,168,311,113,287,214,202,569,646,1160,245,407,76,478,381,73,216,492,278,84,340,173,328,403,242,445,159,310
211,186,37,37,226,42,184,50,49,90,192,233,346,118,92,98,144,343,186,24,88,207,95,73,127,44,114,98,95,251,279,525,109,156,44,220,165,46,99,210,134,31,137,69,151,186,122,189,75,133
88,77,37,5,72,11,70,27,42,35,64,97,155,61,56,65,59,154,80,7,52,73,57,28,69,32,69,53,49,114,124,235,57,68,23,100,77,8,45,80,48,16,53,37,77,91,52,67,30,65
523,462,226,72,274,99,465,178,173,214,447,554,978,362,288,297,377,966,506,60,277,506,322,209,339,136,336,283,284,729,726,1470,290,473,102,535,471,83,260,532,319,100,386,207,405,451,350,521,200,317
111,93,42,11,99,6,114,39,43,40,97,121,198,79,63,80,78,200,111,16,60,122,68,59,82,41,76,57,75,137,179,286,68,91,32,119,105,15,54,134,76,23,84,42,109,108,66,105,37,76
484,430,184,70,465,114,232,155,156,187,404,521,878,313,247,281,332,878,486,47,293,498,292,192,340,145,347,246,258,599,724,1322,268,440,103,495,474,86,221,507,345,92,351,191,408,450,299,481,170,318
199,100,50,27,178,39,155,17,73,65,145,187,276,86,81,85,125,270,150,11,85,145,99,59,85,38,90,77,76,185,253,431,94,112,36,150,141,27,68,169,91,27,111,66,119,146,101,147,79,93
199,157,49,42,173,43,156,73,26,70,155,198,300,111,85,81,133,292,164,16,86,183,108,74,117,41,110,82,85,215,230,470,89,147,39,175,157,35,90,188,112,35,115,76,128,130,110,163,61,107
238,162,90,35,214,40,187,65,70,40,177,244,384,134,135,137,147,380,218,18,124,199,129,83,154,54,136,90,89,239,340,551,132,199,47,198,175,27,105,247,125,42,166,77,171,202,142,202,84,145
436,376,192,64,447,97,404,145,155,177,193,492,726,288,242,240,307,733,421,44,248,406,256,166,268,108,278,202,217,548,662,1137,225,391,94,428,382,68,231,433,253,87,332,164,314,367,248,412,136,288
512,494,233,97,554,121,521,187,198,244,492,288,1006,363,271,301,406,985,577,78,332,631,294,231,332,140,370,289,285,708,835,1517,280,542,137,588,506,84,288,616,367,127,394,208,438,516,328,557,219,379
862,756,346,155,978,198,878,276,300,384,726,1006,762,565,476,533,649,1415,949,107,542,965,539,356,593,236,582,439,461,1120,1324,2310,470,852,182,1016,840,146,441,910,613,187,721,352,716,782,541,929,296,598
392,261,118,61,362,79,313,86,111,134,288,363,565,114,174,190,264,591,332,28,171,353,187,127,217,84,208,128,160,418,508,919,178,303,78,354,328,57,162,345,197,60,248,131,252,337,213,360,119,228
277,221,92,56,288,63,247,81,85,135,242,271,476,174,73,138,180,483,266,31,138,286,158,118,154,62,169,111,152,319,376,702,140,263,53,241,286,32,140,282,160,53,202,95,224,245,154,252,88,177
320,230,98,65,297,80,281,85,81,137,240,301,533,190,138,82,201,511,268,32,169,307,166,138,163,65,182,137,142,353,436,814,156,292,67,295,297,45,167,317,188,58,234,98,232,282,156,289,102,207
360,341,144,59,377,78,332,125,133,147,307,406,649,264,180,201,131,662,382,39,215,396,193,146,240,90,252,177,179,425,548,998,198,355,85,351,350,62,190,399,243,92,293,148,286,319,239,379,138,246
847,789,343,154,966,200,878,270,292,380,733,985,1415,591,483,511,662,749,944,106,535,914,521,347,578,231,581,420,450,1127,1301,2301,463,845,197,961,867,140,445,943,618,202,692,334,652,757,512,927,337,590
504,439,186,80,506,111,486,150,164,218,421,577,949,332,266,268,382,944,268,61,305,481,295,198,352,128,344,262,279,630,769,1433,281,498,111,547,475,88,260,531,372,103,400,220,406,494,301,481,198,348
75,59,24,7,60,16,47,11,16,18,44,78,107,28,31,32,39,106,61,3,31,58,35,21,40,19,39,30,24,83,120,196,39,48,20,66,61,8,37,67,45,11,52,17,42,65,30,65,26,43
331,249,88,52,277,60,293,85,86,124,248,332,542,171,138,169,215,535,305,31,70,307,168,117,191,70,181,121,121,355,425,854,155,252,78,293,274,48,147,313,192,64,221,92,237,255,186,294,111,179
501,438,207,73,506,122,498,145,183,199,406,631,965,353,286,307,396,914,481,58,307,261,321,197,302,130,347,226,291,637,827,1452,286,451,106,538,498,87,249,570,346,102,398,217,389,507,307,494,181,368
328,240,95,57,322,68,292,99,108,129,256,294,539,187,158,166,193,521,295,35,168,321,87,112,177,70,185,132,150,337,429,848,179,282,78,306,289,47,151,304,208,60,224,107,240,267,197,322,138,199
216,168,73,28,209,59,192,59,74,83,166,231,356,127,118,138,146,347,198,21,117,197,112,30,136,53,122,84,93,256,314,521,107,181,38,229,200,28,92,200,109,37,140,87,149,200,140,208,70,131
338,311,127,69,339,82,340,85,117,154,268,332,593,217,154,163,240,578,352,40,191,302,177,136,107,79,212,136,167,412,531,927,179,335,65,332,306,46,153,359,212,61,253,124,250,342,181,336,127,241
130,113,44,32,136,41,145,38,41,54,108,140,236,84,62,65,90,231,128,19,70,130,70,53,79,13,72,60,66,158,194,350,74,120,27,129,140,22,56,150,92,27,94,42,102,104,76,134,40,90
396,287,114,69,336,76,347,90,110,136,278,370,582,208,169,182,252,581,344,39,181,347,185,122,212,72,98,143,177,420,522,922,168,327,73,358,344,49,170,377,215,82,275,116,271,305,181,332,124,228
263,214,98,53,283,57,246,77,82,90,202,289,439,128,111,137,177,420,262,30,121,226,132,84,136,60,143,55,130,293,389,648,126,209,65,250,220,34,105,245,182,49,188,77,189,233,150,265,102,171
290,202,95,49,284,75,258,76,85,89,217,285,461,160,152,142,179,450,279,24,121,291,150,93,167,66,177,130,56,303,426,730,138,248,56,268,252,44,142,270,165,55,218,112,210,234,176,270,123,170
632,569,251,114,729,137,599,185,215,239,548,708,1120,418,319,353,425,1127,630,83,355,637,337,256,412,158,420,293,303,390,921,1780,358,604,144,655,582,107,334,692,407,125,507,243,484,575,392,726,221,409
710,646,279,124,726,179,724,253,230,340,662,835,1324,508,376,436,548,1301,769,120,425,827,429,314,531,194,522,389,426,921,547,2012,368,753,155,819,714,139,386,758,505,146,585,301,617,699,486,763,258,506
1146,1160,525,235,1470,286,1322,431,470,551,1137,1517,2310,919,702,814,998,2301,1433,196,854,1452,848,521,927,350,922,648,730,1780,2012,1811,688,1293,311,1498,1273,230,697,1416,933,319,1036,542,1084,1247,883,1397,473,907
243,245,109,57,290,68,268,94,89,132,225,280,470,178,140,156,198,463,281,39,155,286,179,107,179,74,168,126,138,358,368,688,83,280,57,307,265,48,137,286,185,45,203,96,217,250,189,246,95,193
488,407,156,68,473,91,440,112,147,199,391,542,852,303,263,292,355,845,498,48,252,451,282,181,335,120,327,209,248,604,753,1293,280,207,113,508,420,52,216,503,300,98,338,187,401,432,298,491,198,318
103,76,44,23,102,32,103,36,39,47,94,137,182,78,53,67,85,197,111,20,78,106,78,38,65,27,73,65,56,144,155,311,57,113,8,110,128,24,58,107,81,24,79,38,103,115,72,134,44,88
485,478,220,100,535,119,495,150,175,198,428,588,1016,354,241,295,351,961,547,66,293,538,306,229,332,129,358,250,268,655,819,1498,307,508,110,281,511,87,258,575,365,110,417,224,419,480,305,545,184,371
458,381,165,77,471,105,474,141,157,175,382,506,840,328,286,297,350,867,475,61,274,498,289,200,306,140,344,220,252,582,714,1273,265,420,128,511,243,81,239,488,281,108,352,181,408,449,289,502,181,287
88,73,46,8,83,15,86,27,35,27,68,84,146,57,32,45,62,140,88,8,48,87,47,28,46,22,49,34,44,107,139,230,48,52,24,87,81,8,49,98,65,18,64,31,58,95,38,106,27,45
261,216,99,45,260,54,221,68,90,105,231,288,441,162,140,167,190,445,260,37,147,249,151,92,153,56,170,105,142,334,386,697,137,216,58,258,239,49,65,258,156,55,207,86,182,227,163,261,91,180
483,492,210,80,532,134,507,169,188,247,433,616,910,345,282,317,399,943,531,67,313,570,304,200,359,150,377,245,270,692,758,1416,286,503,107,575,488,98,258,295,323,104,437,222,416,480,336,556,183,340
323,278,134,48,319,76,345,91,112,125,253,367,613,197,160,188,243,618,372,45,192,346,208,109,212,92,215,182,165,407,505,933,185,300,81,365,281,65,156,323,107,64,254,122,249,304,202,324,130,210
139,84,31,16,100,23,92,27,35,42,87,127,187,60,53,58,92,202,103,11,64,102,60,37,61,27,82,49,55,125,146,319,45,98,24,110,108,18,55,104,64,14,66,50,91,97,69,99,46,65
370,340,137,53,386,84,351,111,115,166,332,394,721,248,202,234,293,692,400,52,221,398,224,140,253,94,275,188,218,507,585,1036,203,338,79,417,352,64,207,437,254,66,140,137,323,336,234,434,138,271
192,173,69,37,207,42,191,66,76,77,164,208,352,131,95,98,148,334,220,17,92,217,107,87,124,42,116,77,112,243,301,542,96,187,38,224,181,31,86,222,122,50,137,34,160,194,93,196,60,125
417,328,151,77,405,109,408,119,128,171,314,438,716,252,224,232,286,652,406,42,237,389,240,149,250,102,271,189,210,484,617,1084,217,401,103,419,408,58,182,416,249,91,323,160,169,395,246,384,169,293
415,403,186,91,451,108,450,146,130,202,367,516,782,337,245,282,319,757,494,65,255,507,267,200,342,104,305,233,234,575,699,1247,250,432,115,480,449,95,227,480,304,97,336,194,395,180,292,460,176,302
308,242,122,52,350,66,299,101,110,142,248,328,541,213,154,156,239,512,301,30,186,307,197,140,181,76,181,150,176,392,486,883,189,298,72,305,289,38,163,336,202,69,234,93,246,292,86,308,106,216
488,445,189,67,521,105,481,147,163,202,412,557,929,360,252,289,379,927,481,65,294,494,322,208,336,134,332,265,270,726,763,1397,246,491,134,545,502,106,261,556,324,99,434,196,384,460,308,255,204,334
187,159,75,30,200,37,170,79,61,84,136,219,296,119,88,102,138,337,198,26,111,181,138,70,127,40,124,102,123,221,258,473,95,198,44,184,181,27,91,183,130,46,138,60,169,176,106,204,33,140
398,310,133,65,317,76,318,93,107,145,288,379,598,228,177,207,246,590,348,43,179,368,199,131,241,90,228,171,170,409,506,907,193,318,88,371,287,45,180,340,210,65,271,125,293,302,216,334,140,115
