256,458,229,84,530,115,490,173,172,246,441,511,779,383,315,354,366,792,517,59,323,516,336,190,376,132,390,285,305,601,673,1166,230,500,103,476,496,67,261,471,296,106,377,179,447,420,347,482,148,340
458,171,158,64,445,93,454,119,142,176,398,494,818,267,211,223,299,780,425,57,220,452,253,173,267,115,289,187,209,554,669,1248,239,388,89,426,452,63,219,470,293,78,332,153,336,396,254,469,156,292
229,158,34,43,217,41,212,67,65,80,159,219,380,116,96,107,139,372,179,21,113,197,114,84,135,39,127,88,99,248,295,592,108,189,54,210,188,33,106,209,124,39,137,77,193,167,125,209,77,132
84,64,43,2,73,12,82,27,23,36,64,77,160,46,39,60,60,169,71,14,45,80,46,23,43,21,58,37,56,99,105,230,39,73,20,96,69,13,34,74,59,10,61,32,76,78,63,73,27,69
530,445,217,73,239,101,478,150,147,220,411,554,981,341,257,276,372,927,528,60,242,507,306,205,332,124,334,219,239,665,773,1477,275,490,124,530,464,70,248,531,355,88,408,177,369,448,306,506,180,321
115,93,41,12,101,10,125,33,26,49,95,122,182,81,60,73,79,206,103,20,66,106,62,40,65,28,80,42,53,130,140,321,38,85,33,135,112,8,55,107,71,20,83,36,92,85,77,101,36,79
490,454,212,82,478,125,237,141,149,209,402,545,844,318,247,287,353,859,491,65,267,472,267,191,311,152,373,213,251,639,723,1338,228,412,99,528,454,68,234,515,346,97,384,182,387,448,298,492,163,314
173,119,67,27,150,33,141,22,52,58,130,145,251,78,77,92,109,227,145,10,82,160,95,66,101,41,117,78,82,185,248,413,76,130,37,143,128,23,65,162,102,34,120,47,132,141,92,166,55,104
172,142,65,23,147,26,149,52,26,65,148,181,285,97,82,99,98,321,176,19,102,155,104,68,102,46,114,79,72,207,265,448,85,156,40,177,134,28,81,159,102,42,134,65,129,147,122,148,60,108
246,176,80,36,220,49,209,58,65,46,171,226,350,144,101,123,139,360,190,25,111,195,124,94,142,49,111,89,114,254,269,544,104,189,60,216,175,27,101,192,133,37,185,72,154,170,123,196,71,148
441,398,159,64,411,95,402,130,148,171,186,471,780,277,228,245,299,798,437,57,209,441,253,198,273,116,267,198,234,539,626,1182,237,403,122,412,397,66,227,470,289,88,314,161,337,386,258,419,151,294
511,494,219,77,554,122,545,145,181,226,471,301,1052,350,299,311,421,1047,561,67,311,571,343,222,391,132,366,291,286,712,872,1580,337,506,117,596,496,91,280,609,366,111,463,215,443,525,385,588,194,388
779,818,380,160,981,182,844,251,285,350,780,1052,793,608,471,484,658,1435,907,114,540,932,532,352,606,232,635,421,443,1171,1328,2436,490,834,214,949,815,162,477,938,644,181,676,345,743,825,583,926,320,617
383,267,116,46,341,81,318,78,97,144,277,350,608,100,160,184,232,592,336,38,169,333,178,118,195,72,183,123,162,419,459,908,159,309,78,337,288,50,170,345,206,66,287,128,224,291,198,333,116,212
315,211,96,39,257,60,247,77,82,101,228,299,471,160,57,117,192,424,260,38,136,247,147,104,182,77,195,130,135,337,399,706,133,240,56,284,252,40,128,250,179,41,203,99,206,251,133,269,86,196
354,223,107,60,276,73,287,92,99,123,245,311,484,184,117,69,204,512,256,32,141,276,158,128,205,67,187,131,129,335,433,844,164,276,68,305,258,40,143,286,192,49,208,106,236,292,176,300,101,209
366,299,139,60,372,79,353,109,98,139,299,421,658,232,192,204,125,646,386,41,235,391,194,139,247,89,239,187,188,420,577,1022,203,368,89,385,357,56,170,379,266,95,289,137,285,310,247,376,137,243
792,780,372,169,927,206,859,227,321,360,798,1047,1435,592,424,512,646,791,912,127,516,935,539,344,592,251,641,456,447,1129,1342,2406,476,873,209,951,844,164,463,930,637,201,655,355,759,844,581,935,319,609
517,425,179,71,528,103,491,145,176,190,437,561,907,336,260,256,386,912,231,54,306,504,308,222,353,121,331,224,289,609,757,1433,287,477,106,532,461,80,263,516,318,105,387,179,433,452,316,531,196,330
59,57,21,14,60,20,65,10,19,25,57,67,114,38,38,32,41,127,54,1,32,62,36,15,46,10,35,28,27,82,107,194,34,57,22,55,66,7,27,66,43,10,57,20,55,53,36,68,21,39
323,220,113,45,242,66,267,82,102,111,209,311,540,169,136,141,235,516,306,32,78,307,179,110,184,71,204,144,142,361,429,801,140,244,65,252,266,43,152,296,188,59,235,98,249,251,163,302,105,202
516,452,197,80,507,106,472,160,155,195,441,571,932,333,247,276,391,935,504,62,307,261,303,211,346,135,377,237,251,645,795,1434,255,457,110,517,464,80,263,547,340,109,391,165,407,477,327,526,180,347
336,253,114,46,306,62,267,95,104,124,253,343,532,178,147,158,194,539,308,36,179,303,67,110,179,74,185,138,134,383,437,833,183,274,75,287,280,43,155,332,204,60,242,102,210,288,171,277,120,219
190,173,84,23,205,40,191,66,68,94,198,222,352,118,104,128,139,344,222,15,110,211,110,35,149,57,142,92,106,259,290,529,98,196,45,171,172,35,112,206,134,37,149,73,160,183,117,204,87,130
376,267,135,43,332,65,311,101,102,142,273,391,606,195,182,205,247,592,353,46,184,346,179,149,108,91,205,126,184,432,504,921,169,294,76,331,319,53,178,346,229,60,240,100,265,312,180,348,106,219
132,115,39,21,124,28,152,41,46,49,116,132,232,72,77,67,89,251,121,10,71,135,74,57,91,13,65,60,58,149,171,357,70,124,33,117,118,22,51,150,92,24,104,46,105,143,88,127,50,59
390,289,127,58,334,80,373,117,114,111,267,366,635,183,195,187,239,641,331,35,204,377,185,142,205,65,101,154,157,427,526,970,198,340,72,356,326,59,176,378,245,76,246,94,259,336,203,353,117,213
285,187,88,37,219,42,213,78,79,89,198,291,421,123,130,131,187,456,224,28,144,237,138,92,126,60,154,58,113,308,318,660,122,234,59,245,205,36,119,265,143,39,185,80,172,205,126,250,96,165
305,209,99,56,239,53,251,82,72,114,234,286,443,162,135,129,188,447,289,27,142,251,134,106,184,58,157,113,56,311,386,702,157,265,62,261,230,49,118,283,175,56,201,73,203,246,166,273,97,186
601,554,248,99,665,130,639,185,207,254,539,712,1171,419,337,335,420,1129,609,82,361,645,383,259,432,149,427,308,311,422,996,1827,361,590,141,601,601,120,301,701,417,119,520,256,512,619,390,701,232,430
673,669,295,105,773,140,723,248,265,269,626,872,1328,459,399,433,577,1342,757,107,429,795,437,290,504,171,526,318,386,996,547,2009,430,678,162,799,686,131,385,833,528,153,540,279,605,691,467,787,280,491
1166,1248,592,230,1477,321,1338,413,448,544,1182,1580,2436,908,706,844,1022,2406,1433,194,801,1434,833,529,921,357,970,660,702,1827,2009,1856,703,1319,334,1526,1355,256,673,1445,941,270,1057,565,1125,1223,886,1435,491,900
230,239,108,39,275,38,228,76,85,104,237,337,490,159,133,164,203,476,287,34,140,255,183,98,169,70,198,122,157,361,430,703,85,234,67,292,241,48,138,328,208,51,203,103,215,235,159,262,100,159
500,388,189,73,490,85,412,130,156,189,403,506,834,309,240,276,368,873,477,57,244,457,274,196,294,124,340,234,265,590,678,1319,234,218,101,524,422,62,222,508,339,91,387,174,362,458,304,486,197,346
103,89,54,20,124,33,99,37,40,60,122,117,214,78,56,68,89,209,106,22,65,110,75,45,76,33,72,59,62,141,162,334,67,101,12,110,83,22,61,125,67,30,77,50,89,85,76,111,45,70
476,426,210,96,530,135,528,143,177,216,412,596,949,337,284,305,385,951,532,55,252,517,287,171,331,117,356,245,261,601,799,1526,292,524,110,272,484,83,263,580,301,102,430,211,427,492,328,528,199,358
496,452,188,69,464,112,454,128,134,175,397,496,815,288,252,258,357,844,461,66,266,464,280,172,319,118,326,205,230,601,686,1355,241,422,83,484,209,87,249,487,321,80,386,168,359,412,286,477,161,309
67,63,33,13,70,8,68,23,28,27,66,91,162,50,40,40,56,164,80,7,43,80,43,35,53,22,59,36,49,120,131,256,48,62,22,83,87,5,43,92,54,15,57,34,67,84,42,92,31,52
261,219,106,34,248,55,234,65,81,101,227,280,477,170,128,143,170,463,263,27,152,263,155,112,178,51,176,119,118,301,385,673,138,222,61,263,249,43,56,266,165,66,177,96,196,215,161,257,90,137
471,470,209,74,531,107,515,162,159,192,470,609,938,345,250,286,379,930,516,66,296,547,332,206,346,150,378,265,283,701,833,1445,328,508,125,580,487,92,266,267,363,86,413,185,448,507,285,548,185,347
296,293,124,59,355,71,346,102,102,133,289,366,644,206,179,192,266,637,318,43,188,340,204,134,229,92,245,143,175,417,528,941,208,339,67,301,321,54,165,363,108,70,274,110,285,323,200,335,126,215
106,78,39,10,88,20,97,34,42,37,88,111,181,66,41,49,95,201,105,10,59,109,60,37,60,24,76,39,56,119,153,270,51,91,30,102,80,15,66,86,70,19,78,32,79,90,58,101,37,58
377,332,137,61,408,83,384,120,134,185,314,463,676,287,203,208,289,655,387,57,235,391,242,149,240,104,246,185,201,520,540,1057,203,387,77,430,386,57,177,413,274,78,149,172,313,360,260,371,142,257
179,153,77,32,177,36,182,47,65,72,161,215,345,128,99,106,137,355,179,20,98,165,102,73,100,46,94,80,73,256,279,565,103,174,50,211,168,34,96,185,110,32,172,33,130,174,121,176,63,114
447,336,193,76,369,92,387,132,129,154,337,443,743,224,206,236,285,759,433,55,249,407,210,160,265,105,259,172,203,512,605,1125,215,362,89,427,359,67,196,448,285,79,313,130,161,352,233,419,145,283
420,396,167,78,448,85,448,141,147,170,386,525,825,291,251,292,310,844,452,53,251,477,288,183,312,143,336,205,246,619,691,1223,235,458,85,492,412,84,215,507,323,90,360,174,352,196,265,492,160,294
347,254,125,63,306,77,298,92,122,123,258,385,583,198,133,176,247,581,316,36,163,327,171,117,180,88,203,126,166,390,467,886,159,304,76,328,286,42,161,285,200,58,260,121,233,265,98,321,118,219
482,469,209,73,506,101,492,166,148,196,419,588,926,333,269,300,376,935,531,68,302,526,277,204,348,127,353,250,273,701,787,1435,262,486,111,528,477,92,257,548,335,101,371,176,419,492,321,269,156,343
148,156,77,27,180,36,163,55,60,71,151,194,320,116,86,101,137,319,196,21,105,180,120,87,106,50,117,96,97,232,280,491,100,197,45,199,161,31,90,185,126,37,142,63,145,160,118,156,30,123
340,292,132,69,321,79,314,104,108,148,294,388,617,212,196,209,243,609,330,39,202,347,219,130,219,59,213,165,186,430,491,900,159,346,70,358,309,52,137,347,215,58,257,114,283,294,219,343,123,126
