259,462,205,78,511,107,487,183,156,229,446,500,807,333,354,363,392,804,509,65,303,495,362,239,379,151,387,304,294,617,697,1195,253,467,116,537,512,89,238,484,327,116,397,176,477,419,344,497,183,375
462,178,178,73,411,107,451,120,143,167,351,484,842,301,216,263,331,802,425,52,247,432,248,179,258,81,247,200,183,578,653,1284,244,410,110,461,408,58,230,465,274,84,359,175,372,419,281,491,164,288
205,178,40,42,194,57,188,62,65,91,177,240,391,114,105,115,157,388,183,16,97,176,119,91,136,58,135,84,82,248,305,597,105,195,60,212,210,34,88,206,130,37,155,81,149,169,119,223,78,141
78,73,42,5,95,18,83,28,29,44,79,93,152,65,55,62,81,143,74,13,53,85,54,38,46,27,67,39,56,108,121,201,50,77,22,85,76,13,50,90,59,15,57,24,67,86,53,92,31,66
511,411,194,95,266,116,510,170,189,217,445,547,939,314,266,284,354,912,538,67,284,551,278,195,325,151,335,266,268,639,769,1448,275,495,106,511,464,86,225,543,350,99,392,197,419,462,325,502,190,323
107,107,57,18,116,8,105,40,40,58,96,128,188,76,63,82,88,189,120,19,74,119,55,48,70,32,84,53,66,139,162,274,59,103,19,106,101,18,69,115,91,19,79,41,78,99,75,116,27,75
487,451,188,83,510,105,239,122,151,207,403,549,880,313,265,295,350,859,496,70,270,523,302,193,308,129,353,229,273,655,718,1321,233,420,93,515,428,62,235,538,347,95,355,187,385,453,296,483,172,305
183,120,62,28,170,40,122,14,43,57,140,163,296,106,81,96,116,276,123,18,77,144,93,69,115,38,99,75,66,179,204,459,72,140,39,155,161,20,71,161,106,21,122,56,114,150,88,158,56,95
156,143,65,29,189,40,151,43,20,69,149,198,281,123,87,92,103,276,178,18,101,171,96,75,103,47,110,71,87,173,288,507,86,166,44,174,188,28,79,178,92,31,116,68,146,139,107,164,64,101
229,167,91,44,217,58,207,57,69,45,179,243,388,163,118,128,140,348,189,23,137,202,132,76,141,59,153,96,99,237,326,548,104,212,42,214,176,43,83,207,128,40,157,70,184,188,113,231,68,143
446,351,177,79,445,96,403,140,149,179,192,484,774,276,217,229,315,735,420,44,260,431,258,158,281,116,312,197,247,512,670,1182,243,419,95,438,399,93,203,432,305,87,348,165,366,396,255,455,148,265
500,484,240,93,547,128,549,163,198,243,484,325,1075,344,266,306,438,1066,581,61,327,595,309,226,342,142,367,235,287,707,853,1616,314,528,131,611,482,84,292,648,380,132,445,226,420,526,327,632,213,390
807,842,391,152,939,188,880,296,281,388,774,1075,842,594,478,538,684,1519,918,99,482,891,521,366,609,236,641,387,460,1157,1357,2523,476,863,195,1030,831,156,503,1023,584,172,707,363,728,835,605,933,333,640
333,301,114,65,314,76,313,106,123,163,276,344,594,102,174,195,257,603,327,43,179,338,218,125,229,86,223,140,176,372,489,919,160,306,71,347,293,59,182,349,215,69,236,117,256,289,206,329,140,220
354,216,105,55,266,63,265,81,87,118,217,266,478,174,69,133,206,519,273,30,137,260,155,108,168,64,158,130,132,331,402,740,147,252,58,287,278,47,140,268,182,58,204,76,239,251,172,256,100,170
363,263,115,62,284,82,295,96,92,128,229,306,538,195,133,73,192,524,293,40,132,317,168,115,187,60,185,154,135,344,437,821,151,281,70,292,297,49,151,305,174,55,210,92,248,268,176,297,116,200
392,331,157,81,354,88,350,116,103,140,315,438,684,257,206,192,142,664,339,45,203,353,217,168,253,77,237,157,190,426,541,1116,200,336,94,389,317,67,201,403,255,72,279,139,311,335,235,389,148,228
804,802,388,143,912,189,859,276,276,348,735,1066,1519,603,519,524,664,866,945,116,495,944,536,375,566,235,576,429,459,1144,1392,2482,468,871,198,951,847,167,449,1023,561,187,718,340,758,829,580,915,350,610
509,425,183,74,538,120,496,123,178,189,420,581,918,327,273,293,339,945,252,59,276,443,262,212,329,140,345,249,259,644,758,1488,280,484,118,541,436,83,234,556,338,95,399,202,430,451,310,548,215,312
65,52,16,13,67,19,70,18,18,23,44,61,99,43,30,40,45,116,59,4,28,77,38,32,44,15,37,26,33,74,97,184,34,48,9,57,60,13,28,79,43,17,63,33,57,59,42,74,17,39
303,247,97,53,284,74,270,77,101,137,260,327,482,179,137,132,203,495,276,28,83,298,188,95,160,49,161,135,137,316,378,762,139,272,74,260,295,47,147,305,178,58,216,98,198,267,183,298,120,213
495,432,176,85,551,119,523,144,171,202,431,595,891,338,260,317,353,944,443,77,298,253,298,215,345,129,356,235,262,643,747,1475,278,494,118,566,486,84,234,578,362,102,403,210,422,474,319,545,187,336
362,248,119,54,278,55,302,93,96,132,258,309,521,218,155,168,217,536,262,38,188,298,87,124,219,85,194,138,150,348,440,836,166,282,73,274,266,48,164,324,211,70,249,97,260,291,167,333,114,211
239,179,91,38,195,48,193,69,75,76,158,226,366,125,108,115,168,375,212,32,95,215,124,40,136,50,134,92,94,284,315,535,107,191,37,225,193,41,106,211,131,52,176,82,148,169,130,218,74,131
379,258,136,46,325,70,308,115,103,141,281,342,609,229,168,187,253,566,329,44,160,345,219,136,114,81,205,137,177,404,527,962,174,306,82,359,313,58,170,354,214,80,254,130,268,340,215,357,124,215
151,81,58,27,151,32,129,38,47,59,116,142,236,86,64,60,77,235,140,15,49,129,85,50,81,12,57,63,73,148,196,364,77,120,24,133,138,25,59,151,80,27,100,58,101,126,90,120,51,74
387,247,135,67,335,84,353,99,110,153,312,367,641,223,158,185,237,576,345,37,161,356,194,134,205,57,103,145,164,422,504,953,178,337,76,368,333,55,169,361,231,75,258,138,292,344,238,365,149,223
304,200,84,39,266,53,229,75,71,96,197,235,387,140,130,154,157,429,249,26,135,235,138,92,137,63,145,59,131,284,335,634,137,204,53,266,205,39,126,247,138,50,177,84,176,239,148,232,81,176
294,183,82,56,268,66,273,66,87,99,247,287,460,176,132,135,190,459,259,33,137,262,150,94,177,73,164,131,55,307,408,697,131,226,51,279,247,47,111,283,169,54,202,87,186,252,166,273,98,173
617,578,248,108,639,139,655,179,173,237,512,707,1157,372,331,344,426,1144,644,74,316,643,348,284,404,148,422,284,307,389,993,1863,373,584,144,682,586,107,323,725,418,142,498,230,492,563,413,675,237,447
697,653,305,121,769,162,718,204,288,326,670,853,1357,489,402,437,541,1392,758,97,378,747,440,315,527,196,504,335,408,993,596,2163,413,718,169,794,711,117,373,797,524,156,524,296,592,745,515,792,293,531
1195,1284,597,201,1448,274,1321,459,507,548,1182,1616,2523,919,740,821,1116,2482,1488,184,762,1475,836,535,962,364,953,634,697,1863,2163,1986,742,1357,324,1577,1290,241,739,1513,955,306,1095,551,1160,1285,929,1451,509,973
253,244,105,50,275,59,233,72,86,104,243,314,476,160,147,151,200,468,280,34,139,278,166,107,174,77,178,137,131,373,413,742,66,274,61,286,275,47,135,304,164,61,197,102,209,263,163,258,96,206
467,410,195,77,495,103,420,140,166,212,419,528,863,306,252,281,336,871,484,48,272,494,282,191,306,120,337,204,226,584,718,1357,274,216,109,473,441,72,234,495,291,105,358,178,371,430,301,509,177,340
116,110,60,22,106,19,93,39,44,42,95,131,195,71,58,70,94,198,118,9,74,118,73,37,82,24,76,53,51,144,169,324,61,109,11,121,112,20,58,128,76,23,88,50,92,93,71,130,49,66
537,461,212,85,511,106,515,155,174,214,438,611,1030,347,287,292,389,951,541,57,260,566,274,225,359,133,368,266,279,682,794,1577,286,473,121,273,479,72,282,587,372,110,406,203,443,502,329,574,211,346
512,408,210,76,464,101,428,161,188,176,399,482,831,293,278,297,317,847,436,60,295,486,266,193,313,138,333,205,247,586,711,1290,275,441,112,479,235,66,244,495,308,99,352,171,383,428,313,504,170,333
89,58,34,13,86,18,62,20,28,43,93,84,156,59,47,49,67,167,83,13,47,84,48,41,58,25,55,39,47,107,117,241,47,72,20,72,66,5,34,80,49,17,79,28,67,75,39,81,36,69
238,230,88,50,225,69,235,71,79,83,203,292,503,182,140,151,201,449,234,28,147,234,164,106,170,59,169,126,111,323,373,739,135,234,58,282,244,34,76,279,180,38,200,104,208,245,161,279,105,177
484,465,206,90,543,115,538,161,178,207,432,648,1023,349,268,305,403,1023,556,79,305,578,324,211,354,151,361,247,283,725,797,1513,304,495,128,587,495,80,279,291,358,114,405,201,446,516,390,581,204,342
327,274,130,59,350,91,347,106,92,128,305,380,584,215,182,174,255,561,338,43,178,362,211,131,214,80,231,138,169,418,524,955,164,291,76,372,308,49,180,358,110,71,240,132,277,317,197,343,129,220
116,84,37,15,99,19,95,21,31,40,87,132,172,69,58,55,72,187,95,17,58,102,70,52,80,27,75,50,54,142,156,306,61,105,23,110,99,17,38,114,71,8,69,42,96,87,59,123,44,79
397,359,155,57,392,79,355,122,116,157,348,445,707,236,204,210,279,718,399,63,216,403,249,176,254,100,258,177,202,498,524,1095,197,358,88,406,352,79,200,405,240,69,160,134,305,350,234,373,136,263
176,175,81,24,197,41,187,56,68,70,165,226,363,117,76,92,139,340,202,33,98,210,97,82,130,58,138,84,87,230,296,551,102,178,50,203,171,28,104,201,132,42,134,42,151,201,116,193,74,140
477,372,149,67,419,78,385,114,146,184,366,420,728,256,239,248,311,758,430,57,198,422,260,148,268,101,292,176,186,492,592,1160,209,371,92,443,383,67,208,446,277,96,305,151,181,380,255,414,171,278
419,419,169,86,462,99,453,150,139,188,396,526,835,289,251,268,335,829,451,59,267,474,291,169,340,126,344,239,252,563,745,1285,263,430,93,502,428,75,245,516,317,87,350,201,380,213,310,465,177,352
344,281,119,53,325,75,296,88,107,113,255,327,605,206,172,176,235,580,310,42,183,319,167,130,215,90,238,148,166,413,515,929,163,301,71,329,313,39,161,390,197,59,234,116,255,310,100,332,118,206
497,491,223,92,502,116,483,158,164,231,455,632,933,329,256,297,389,915,548,74,298,545,333,218,357,120,365,232,273,675,792,1451,258,509,130,574,504,81,279,581,343,123,373,193,414,465,332,257,185,377
183,164,78,31,190,27,172,56,64,68,148,213,333,140,100,116,148,350,215,17,120,187,114,74,124,51,149,81,98,237,293,509,96,177,49,211,170,36,105,204,129,44,136,74,171,177,118,185,30,144
375,288,141,66,323,75,305,95,101,143,265,390,640,220,170,200,228,610,312,39,213,336,211,131,215,74,223,176,173,447,531,973,206,340,66,346,333,69,177,342,220,79,263,140,278,352,206,377,144,102
