233,456,210,99,514,120,468,189,168,249,440,494,774,341,318,329,345,799,511,61,339,515,355,210,356,164,380,288,304,631,666,1151,244,509,98,514,485,72,272,446,291,117,390,167,411,420,298,519,160,354
456,178,169,74,427,92,451,133,122,177,346,467,777,308,212,217,309,784,409,46,218,432,264,165,288,112,275,211,221,581,667,1233,232,382,90,479,365,66,220,469,281,85,344,163,383,417,269,501,145,293
210,169,45,32,229,44,198,65,71,81,152,218,356,129,97,111,140,347,194,31,97,196,107,92,113,57,130,101,102,229,301,573,99,188,48,213,216,25,108,201,144,48,154,91,161,189,122,222,83,141
99,74,32,8,95,19,99,23,37,46,64,77,151,55,50,62,57,155,79,9,48,82,63,35,60,24,63,40,55,105,133,215,49,74,10,88,88,15,43,87,60,17,59,39,77,71,53,74,36,73
514,427,229,95,251,101,508,179,186,209,398,561,968,333,287,309,360,887,503,58,276,537,313,205,361,142,340,280,259,627,806,1390,269,472,125,538,492,85,267,543,368,122,403,193,459,456,337,557,194,333
120,92,44,19,101,11,108,31,43,50,88,124,186,90,48,77,80,189,119,15,67,103,73,45,58,30,72,54,59,128,160,287,60,103,22,117,119,17,56,134,89,18,95,50,87,109,60,109,30,83
468,451,198,99,508,108,233,147,151,211,404,486,808,319,241,281,329,835,462,65,288,499,300,192,311,127,331,236,250,603,685,1244,258,456,107,523,431,91,248,502,322,90,375,215,353,459,296,478,153,383
189,133,65,23,179,31,147,14,65,65,129,169,276,86,80,86,121,274,128,10,64,158,82,66,96,51,108,73,63,174,224,426,88,148,41,150,143,23,67,188,93,34,131,50,133,160,95,173,59,105
168,122,71,37,186,43,151,65,27,80,124,184,267,102,77,82,110,248,136,18,93,169,86,74,97,41,102,81,79,214,242,449,88,163,36,162,149,27,101,177,131,36,121,62,123,148,107,178,60,117
249,177,81,46,209,50,211,65,80,41,166,250,380,144,117,117,154,353,212,23,109,212,109,83,154,47,146,109,95,302,316,556,111,215,39,224,209,28,109,209,138,35,178,77,155,203,143,200,73,154
440,346,152,64,398,88,404,129,124,166,186,493,749,280,246,237,304,718,439,45,238,462,256,174,272,101,280,215,227,583,604,1111,209,427,86,497,397,71,217,452,297,85,346,156,337,399,257,449,142,297
494,467,218,77,561,124,486,169,184,250,493,334,973,335,267,324,380,993,580,73,312,578,315,216,342,144,362,250,301,747,882,1536,282,473,111,611,500,89,281,595,363,116,410,230,458,501,315,610,203,359
774,777,356,151,968,186,808,276,267,380,749,973,814,606,467,498,640,1436,920,121,498,952,555,338,567,217,604,465,470,1109,1396,2403,470,831,205,936,830,176,442,981,593,195,682,351,753,808,540,936,309,634
341,308,129,55,333,90,319,86,102,144,280,335,606,109,183,180,211,636,350,38,179,333,218,135,210,89,212,157,168,403,517,941,192,310,101,321,322,47,167,350,226,69,261,120,263,298,220,328,130,213
318,212,97,50,287,48,241,80,77,117,246,267,467,183,85,162,189,485,270,40,132,297,161,121,162,72,171,122,142,314,428,693,145,251,65,260,282,54,128,292,185,60,205,83,213,260,161,282,113,187
329,217,111,62,309,77,281,86,82,117,237,324,498,180,162,78,213,510,280,33,129,284,174,124,162,66,180,145,134,325,410,827,167,294,52,319,297,46,138,331,180,48,215,100,232,281,164,295,114,196
345,309,140,57,360,80,329,121,110,154,304,380,640,211,189,213,124,668,367,48,213,379,227,150,236,82,237,175,178,479,569,1020,201,358,93,377,333,74,188,369,226,78,266,150,300,338,227,383,152,253
799,784,347,155,887,189,835,274,248,353,718,993,1436,636,485,510,668,773,946,115,523,943,558,361,582,216,611,465,481,1075,1389,2489,479,837,182,953,846,182,431,967,572,182,640,340,706,798,521,884,320,595
511,409,194,79,503,119,462,128,136,212,439,580,920,350,270,280,367,946,245,57,299,476,305,189,345,142,354,255,245,632,754,1462,270,465,119,513,468,78,272,509,302,91,385,196,429,476,303,555,181,380
61,46,31,9,58,15,65,10,18,23,45,73,121,38,40,33,48,115,57,5,35,67,42,28,40,18,51,28,36,68,87,192,37,48,13,66,60,9,28,59,51,11,47,16,62,41,50,78,37,31
339,218,97,48,276,67,288,64,93,109,238,312,498,179,132,129,213,523,299,35,76,322,149,127,210,67,180,124,141,328,400,786,144,266,71,298,279,51,124,297,169,67,235,100,230,270,162,273,92,207
515,432,196,82,537,103,499,158,169,212,462,578,952,333,297,284,379,943,476,67,322,269,354,202,328,136,351,269,254,608,733,1422,294,484,100,515,463,87,280,539,341,91,385,191,390,467,322,565,208,368
355,264,107,63,313,73,300,82,86,109,256,315,555,218,161,174,227,558,305,42,149,354,87,142,200,84,201,135,141,350,474,808,164,287,83,311,279,55,132,333,228,60,242,117,253,273,203,309,110,203
210,165,92,35,205,45,192,66,74,83,174,216,338,135,121,124,150,361,189,28,127,202,142,39,125,46,132,102,108,252,301,480,106,195,42,202,175,39,100,220,151,35,177,69,163,174,143,238,75,144
356,288,113,60,361,58,311,96,97,154,272,342,567,210,162,162,236,582,345,40,210,328,200,125,97,73,198,166,174,409,479,915,167,318,83,344,290,60,165,333,217,75,265,123,265,278,204,354,122,226
164,112,57,24,142,30,127,51,41,47,101,144,217,89,72,66,82,216,142,18,67,136,84,46,73,18,89,55,65,152,201,319,73,141,20,135,126,31,79,135,64,32,94,46,103,112,82,136,45,99
380,275,130,63,340,72,331,108,102,146,280,362,604,212,171,180,237,611,354,51,180,351,201,132,198,89,123,161,154,413,506,956,174,337,79,335,313,61,182,338,223,76,279,136,267,303,201,343,136,224
288,211,101,40,280,54,236,73,81,109,215,250,465,157,122,145,175,465,255,28,124,269,135,102,166,55,161,54,112,287,369,693,130,248,53,242,214,33,134,233,150,54,140,93,189,213,161,259,87,160
304,221,102,55,259,59,250,63,79,95,227,301,470,168,142,134,178,481,245,36,141,254,141,108,174,65,154,112,51,304,394,688,109,236,49,266,248,37,100,263,163,47,212,80,191,230,140,257,108,150
631,581,229,105,627,128,603,174,214,302,583,747,1109,403,314,325,479,1075,632,68,328,608,350,252,409,152,413,287,304,398,978,1872,321,563,122,689,517,100,318,674,417,129,471,239,482,575,402,668,217,422
666,667,301,133,806,160,685,224,242,316,604,882,1396,517,428,410,569,1389,754,87,400,733,474,301,479,201,506,369,394,978,524,2008,396,705,158,766,647,155,391,760,446,164,599,260,595,690,467,767,259,526
1151,1233,573,215,1390,287,1244,426,449,556,1111,1536,2403,941,693,827,1020,2489,1462,192,786,1422,808,480,915,319,956,693,688,1872,2008,1886,705,1330,305,1418,1313,236,675,1487,920,283,1098,550,1091,1284,862,1421,520,956
244,232,99,49,269,60,258,88,88,111,209,282,470,192,145,167,201,479,270,37,144,294,164,106,167,73,174,130,109,321,396,705,72,254,50,292,271,56,144,304,168,55,200,94,210,233,186,267,96,164
509,382,188,74,472,103,456,148,163,215,427,473,831,310,251,294,358,837,465,48,266,484,287,195,318,141,337,248,236,563,705,1330,254,204,128,486,441,77,251,459,328,84,368,200,396,397,320,451,188,342
98,90,48,10,125,22,107,41,36,39,86,111,205,101,65,52,93,182,119,13,71,100,83,42,83,20,79,53,49,122,158,305,50,128,12,123,105,17,58,113,68,22,85,44,82,99,76,117,42,86
514,479,213,88,538,117,523,150,162,224,497,611,936,321,260,319,377,953,513,66,298,515,311,202,344,135,335,242,266,689,766,1418,292,486,123,284,497,77,263,560,316,105,396,194,434,503,346,586,198,360
485,365,216,88,492,119,431,143,149,209,397,500,830,322,282,297,333,846,468,60,279,463,279,175,290,126,313,214,248,517,647,1313,271,441,105,497,191,76,245,473,317,104,377,166,363,421,287,491,140,307
72,66,25,15,85,17,91,23,27,28,71,89,176,47,54,46,74,182,78,9,51,87,55,39,60,31,61,33,37,100,155,236,56,77,17,77,76,12,31,102,60,22,64,35,73,82,53,102,45,52
272,220,108,43,267,56,248,67,101,109,217,281,442,167,128,138,188,431,272,28,124,280,132,100,165,79,182,134,100,318,391,675,144,251,58,263,245,31,59,262,151,52,193,96,213,247,145,250,90,187
446,469,201,87,543,134,502,188,177,209,452,595,981,350,292,331,369,967,509,59,297,539,333,220,333,135,338,233,263,674,760,1487,304,459,113,560,473,102,262,276,324,110,380,202,408,495,324,571,175,377
291,281,144,60,368,89,322,93,131,138,297,363,593,226,185,180,226,572,302,51,169,341,228,151,217,64,223,150,163,417,446,920,168,328,68,316,317,60,151,324,99,75,238,119,254,317,189,337,122,236
117,85,48,17,122,18,90,34,36,35,85,116,195,69,60,48,78,182,91,11,67,91,60,35,75,32,76,54,47,129,164,283,55,84,22,105,104,22,52,110,75,11,73,38,84,95,67,105,36,78
390,344,154,59,403,95,375,131,121,178,346,410,682,261,205,215,266,640,385,47,235,385,242,177,265,94,279,140,212,471,599,1098,200,368,85,396,377,64,193,380,238,73,134,144,308,368,232,382,125,270
167,163,91,39,193,50,215,50,62,77,156,230,351,120,83,100,150,340,196,16,100,191,117,69,123,46,136,93,80,239,260,550,94,200,44,194,166,35,96,202,119,38,144,33,159,159,123,207,77,136
411,383,161,77,459,87,353,133,123,155,337,458,753,263,213,232,300,706,429,62,230,390,253,163,265,103,267,189,191,482,595,1091,210,396,82,434,363,73,213,408,254,84,308,159,164,341,268,379,157,265
420,417,189,71,456,109,459,160,148,203,399,501,808,298,260,281,338,798,476,41,270,467,273,174,278,112,303,213,230,575,690,1284,233,397,99,503,421,82,247,495,317,95,368,159,341,193,309,470,161,302
298,269,122,53,337,60,296,95,107,143,257,315,540,220,161,164,227,521,303,50,162,322,203,143,204,82,201,161,140,402,467,862,186,320,76,346,287,53,145,324,189,67,232,123,268,309,110,322,140,216
519,501,222,74,557,109,478,173,178,200,449,610,936,328,282,295,383,884,555,78,273,565,309,238,354,136,343,259,257,668,767,1421,267,451,117,586,491,102,250,571,337,105,382,207,379,470,322,225,184,377
160,145,83,36,194,30,153,59,60,73,142,203,309,130,113,114,152,320,181,37,92,208,110,75,122,45,136,87,108,217,259,520,96,188,42,198,140,45,90,175,122,36,125,77,157,161,140,184,41,122
354,293,141,73,333,83,383,105,117,154,297,359,634,213,187,196,253,595,380,31,207,368,203,144,226,99,224,160,150,422,526,956,164,342,86,360,307,52,187,377,236,78,270,136,265,302,216,377,122,132
