275,455,203,89,515,121,483,171,164,271,472,520,798,382,308,323,366,807,532,90,344,526,358,228,390,145,387,269,308,611,740,1190,258,520,98,532,471,78,238,481,304,121,355,168,430,453,331,497,157,384
455,154,183,72,472,100,425,121,129,177,354,465,824,285,218,230,342,800,434,61,208,432,227,159,248,99,312,202,202,585,654,1242,262,427,104,436,372,91,208,432,283,84,319,174,343,409,296,461,159,304
203,183,35,30,207,48,184,70,48,75,152,217,371,127,114,116,138,372,200,24,93,203,112,77,119,30,116,93,99,239,300,621,122,183,48,215,175,32,121,220,151,31,151,75,153,191,122,230,82,136
89,72,30,2,93,11,67,19,33,34,66,90,135,69,41,60,72,136,90,15,47,107,56,40,56,27,64,45,57,111,108,213,44,72,22,103,75,11,37,70,51,12,62,27,66,81,56,82,23,63
515,472,207,93,248,118,495,159,178,213,414,559,883,324,254,304,406,873,511,73,270,504,319,227,346,148,375,240,259,644,784,1364,261,500,117,582,518,86,246,557,312,129,378,190,391,485,288,540,167,357
121,100,48,11,118,7,87,40,48,54,97,134,196,79,67,75,79,194,102,26,60,121,81,52,74,33,78,57,65,165,159,306,63,117,24,119,97,13,58,102,56,19,68,50,85,102,89,90,43,82
483,425,184,67,495,87,223,172,176,210,395,540,875,334,254,265,339,842,480,62,251,496,302,189,352,141,328,217,243,626,738,1351,300,479,104,518,432,86,254,543,319,112,356,186,360,464,309,495,159,326
171,121,70,19,159,40,172,28,47,56,144,161,269,98,79,87,98,286,148,15,74,168,80,56,102,43,97,81,79,175,243,419,85,154,36,149,148,29,63,180,110,28,137,68,122,140,89,188,57,98
164,129,48,33,178,48,176,47,35,65,125,195,314,111,91,101,113,286,150,26,75,167,108,77,100,39,106,77,71,221,249,454,90,155,31,168,178,29,71,172,101,32,119,55,127,152,112,180,57,132
271,177,75,34,213,54,210,56,65,53,183,225,384,145,112,121,157,392,211,24,127,218,124,69,130,59,135,119,106,258,318,591,122,211,36,218,201,17,103,190,128,29,160,83,153,189,132,216,68,138
472,354,152,66,414,97,395,144,125,183,175,438,760,293,236,270,307,792,430,69,248,445,275,172,256,119,301,231,224,537,634,1220,247,415,89,493,387,63,241,414,318,84,323,167,324,390,268,447,140,291
520,465,217,90,559,134,540,161,195,225,438,311,1018,334,260,305,391,1033,534,70,288,537,338,208,380,137,361,285,279,703,813,1600,316,518,125,571,496,100,266,614,376,128,400,214,472,534,338,536,212,405
798,824,371,135,883,196,875,269,314,384,760,1018,837,608,508,524,647,1439,923,109,510,947,536,391,632,222,583,448,455,1159,1325,2502,530,864,200,942,853,170,465,981,573,197,656,348,790,870,603,914,364,628
382,285,127,69,324,79,334,98,111,145,293,334,608,114,160,187,282,605,349,37,168,372,194,140,201,75,227,139,167,420,501,933,185,313,79,356,314,49,174,341,217,75,255,126,239,275,191,376,113,265
308,218,114,41,254,67,254,79,91,112,236,260,508,160,78,133,193,509,277,32,133,246,155,103,198,55,161,139,117,336,395,745,171,237,75,280,231,40,114,305,185,54,209,100,199,254,181,292,106,189
323,230,116,60,304,75,265,87,101,121,270,305,524,187,133,64,206,511,297,34,150,288,144,108,199,73,184,140,134,346,430,796,168,279,70,306,265,48,129,325,196,56,231,102,216,252,180,292,111,203
366,342,138,72,406,79,339,98,113,157,307,391,647,282,193,206,142,658,371,54,195,369,211,155,272,89,237,160,186,453,496,993,202,336,85,406,364,50,173,385,254,66,294,118,285,327,255,382,145,252
807,800,372,136,873,194,842,286,286,392,792,1033,1439,605,509,511,658,766,903,117,508,924,534,392,588,236,629,422,462,1083,1381,2549,480,859,202,931,882,155,438,960,621,196,651,316,720,872,564,913,324,636
532,434,200,90,511,102,480,148,150,211,430,534,923,349,277,297,371,903,276,67,266,514,298,206,336,124,320,201,236,625,748,1393,319,493,119,539,491,90,252,515,339,105,417,177,412,459,340,527,180,349
90,61,24,15,73,26,62,15,26,24,69,70,109,37,32,34,54,117,67,4,36,62,30,24,32,20,41,25,33,89,107,183,29,45,15,69,60,9,33,81,43,8,55,20,49,52,39,62,16,51
344,208,93,47,270,60,251,74,75,127,248,288,510,168,133,150,195,508,266,36,76,255,167,112,183,72,175,120,148,325,427,822,140,287,78,312,252,40,152,304,186,52,202,98,201,263,180,306,107,187
526,432,203,107,504,121,496,168,167,218,445,537,947,372,246,288,369,924,514,62,255,297,299,222,319,145,339,227,263,655,767,1473,281,459,113,560,482,90,280,532,325,97,381,179,403,454,327,561,167,366
358,227,112,56,319,81,302,80,108,124,275,338,536,194,155,144,211,534,298,30,167,299,94,131,189,73,194,115,140,369,446,845,163,287,72,327,306,43,154,305,183,49,238,95,231,230,187,325,102,199
228,159,77,40,227,52,189,56,77,69,172,208,391,140,103,108,155,392,206,24,112,222,131,39,119,41,121,101,99,278,316,578,116,198,54,211,174,38,95,177,115,38,160,67,148,161,126,204,71,147
390,248,119,56,346,74,352,102,100,130,256,380,632,201,198,199,272,588,336,32,183,319,189,119,109,70,207,165,161,427,500,990,195,330,83,361,308,66,171,334,211,67,239,112,272,305,199,360,128,217
145,99,30,27,148,33,141,43,39,59,119,137,222,75,55,73,89,236,124,20,72,145,73,41,70,12,73,57,65,156,196,364,74,138,21,132,137,24,64,124,88,23,96,41,89,109,87,143,43,82
387,312,116,64,375,78,328,97,106,135,301,361,583,227,161,184,237,629,320,41,175,339,194,121,207,73,111,155,147,452,509,1020,213,345,74,368,310,70,160,347,220,59,274,107,250,306,215,378,123,200
269,202,93,45,240,57,217,81,77,119,231,285,448,139,139,140,160,422,201,25,120,227,115,101,165,57,155,56,113,277,349,644,120,231,53,233,249,47,115,225,116,47,177,80,189,212,157,249,86,175
308,202,99,57,259,65,243,79,71,106,224,279,455,167,117,134,186,462,236,33,148,263,140,99,161,65,147,113,68,271,377,741,132,233,69,256,236,35,126,263,168,58,199,92,203,225,173,279,89,186
611,585,239,111,644,165,626,175,221,258,537,703,1159,420,336,346,453,1083,625,89,325,655,369,278,427,156,452,277,271,399,951,1813,365,631,160,637,634,91,310,747,430,130,475,217,535,622,366,685,265,431
740,654,300,108,784,159,738,243,249,318,634,813,1325,501,395,430,496,1381,748,107,427,767,446,316,500,196,509,349,377,951,568,2106,416,691,165,814,687,129,404,865,497,183,610,291,607,748,475,772,282,514
1190,1242,621,213,1364,306,1351,419,454,591,1220,1600,2502,933,745,796,993,2549,1393,183,822,1473,845,578,990,364,1020,644,741,1813,2106,1941,707,1333,361,1460,1277,241,696,1428,900,291,1041,518,1163,1308,960,1431,534,959
258,262,122,44,261,63,300,85,90,122,247,316,530,185,171,168,202,480,319,29,140,281,163,116,195,74,213,120,132,365,416,707,76,261,70,299,282,44,147,303,164,57,208,109,243,261,163,285,113,172
520,427,183,72,500,117,479,154,155,211,415,518,864,313,237,279,336,859,493,45,287,459,287,198,330,138,345,231,233,631,691,1333,261,225,112,518,460,81,227,504,309,109,345,182,360,437,311,518,160,316
98,104,48,22,117,24,104,36,31,36,89,125,200,79,75,70,85,202,119,15,78,113,72,54,83,21,74,53,69,160,165,361,70,112,20,108,101,21,68,138,90,24,81,48,96,104,83,121,45,70
532,436,215,103,582,119,518,149,168,218,493,571,942,356,280,306,406,931,539,69,312,560,327,211,361,132,368,233,256,637,814,1460,299,518,108,272,512,88,270,579,339,98,422,194,468,506,382,595,197,344
471,372,175,75,518,97,432,148,178,201,387,496,853,314,231,265,364,882,491,60,252,482,306,174,308,137,310,249,236,634,687,1277,282,460,101,512,205,65,265,474,285,94,354,166,356,415,322,477,182,338
78,91,32,11,86,13,86,29,29,17,63,100,170,49,40,48,50,155,90,9,40,90,43,38,66,24,70,47,35,91,129,241,44,81,21,88,65,8,41,96,62,18,49,38,66,88,50,79,31,55
238,208,121,37,246,58,254,63,71,103,241,266,465,174,114,129,173,438,252,33,152,280,154,95,171,64,160,115,126,310,404,696,147,227,68,270,265,41,57,278,185,55,209,102,207,234,149,304,90,171
481,432,220,70,557,102,543,180,172,190,414,614,981,341,305,325,385,960,515,81,304,532,305,177,334,124,347,225,263,747,865,1428,303,504,138,579,474,96,278,298,390,103,414,213,392,492,312,588,192,346
304,283,151,51,312,56,319,110,101,128,318,376,573,217,185,196,254,621,339,43,186,325,183,115,211,88,220,116,168,430,497,900,164,309,90,339,285,62,185,390,121,62,244,141,264,304,208,347,134,232
121,84,31,12,129,19,112,28,32,29,84,128,197,75,54,56,66,196,105,8,52,97,49,38,67,23,59,47,58,130,183,291,57,109,24,98,94,18,55,103,62,11,91,39,97,103,63,113,33,56
355,319,151,62,378,68,356,137,119,160,323,400,656,255,209,231,294,651,417,55,202,381,238,160,239,96,274,177,199,475,610,1041,208,345,81,422,354,49,209,414,244,91,136,154,309,341,263,415,144,277
168,174,75,27,190,50,186,68,55,83,167,214,348,126,100,102,118,316,177,20,98,179,95,67,112,41,107,80,92,217,291,518,109,182,48,194,166,38,102,213,141,39,154,33,140,163,104,213,62,120
430,343,153,66,391,85,360,122,127,153,324,472,790,239,199,216,285,720,412,49,201,403,231,148,272,89,250,189,203,535,607,1163,243,360,96,468,356,66,207,392,264,97,309,140,160,376,255,429,159,273
453,409,191,81,485,102,464,140,152,189,390,534,870,275,254,252,327,872,459,52,263,454,230,161,305,109,306,212,225,622,748,1308,261,437,104,506,415,88,234,492,304,103,341,163,376,249,256,521,174,285
331,296,122,56,288,89,309,89,112,132,268,338,603,191,181,180,255,564,340,39,180,327,187,126,199,87,215,157,173,366,475,960,163,311,83,382,322,50,149,312,208,63,263,104,255,256,99,353,120,223
497,461,230,82,540,90,495,188,180,216,447,536,914,376,292,292,382,913,527,62,306,561,325,204,360,143,378,249,279,685,772,1431,285,518,121,595,477,79,304,588,347,113,415,213,429,521,353,256,203,366
157,159,82,23,167,43,159,57,57,68,140,212,364,113,106,111,145,324,180,16,107,167,102,71,128,43,123,86,89,265,282,534,113,160,45,197,182,31,90,192,134,33,144,62,159,174,120,203,24,102
384,304,136,63,357,82,326,98,132,138,291,405,628,265,189,203,252,636,349,51,187,366,199,147,217,82,200,175,186,431,514,959,172,316,70,344,338,55,171,346,232,56,277,120,273,285,223,366,102,105
