237,426,210,84,490,92,416,181,153,235,443,497,729,351,338,345,332,728,506,76,339,508,336,195,370,133,359,288,298,585,666,1154,232,471,109,484,470,96,234,485,322,115,361,166,405,394,301,474,159,374
426,182,155,58,425,87,440,135,124,172,333,455,780,288,228,242,308,800,449,48,213,452,263,198,285,116,270,199,236,551,666,1226,244,423,99,482,408,67,212,434,302,86,335,135,335,394,270,436,171,268
210,155,34,36,204,59,195,54,67,82,168,223,345,143,102,107,133,369,177,20,95,196,113,80,126,51,118,93,108,247,277,596,98,204,48,218,192,28,89,200,127,42,149,78,159,190,126,220,70,123
84,58,36,7,106,22,78,23,37,34,66,92,151,73,42,51,70,134,101,10,45,86,48,36,49,15,56,46,42,112,125,221,45,82,19,88,75,13,43,88,48,20,77,27,63,64,58,81,30,54
490,425,204,106,224,116,503,149,151,222,391,545,869,346,280,318,358,942,501,68,307,518,291,169,311,113,313,249,256,659,783,1391,281,457,119,513,470,97,246,535,313,96,351,212,396,482,317,535,186,371
92,87,59,22,116,11,89,29,50,50,98,139,184,76,66,64,78,179,92,10,60,99,69,43,60,23,74,59,53,126,161,285,60,101,31,123,104,24,49,104,85,30,92,34,85,98,64,103,50,77
416,440,195,78,503,89,223,137,172,195,407,576,842,337,260,281,342,854,522,63,283,500,282,219,322,121,326,220,268,583,703,1325,255,456,113,504,413,106,218,490,317,107,364,197,392,419,311,504,197,315
181,135,54,23,149,29,137,19,50,66,153,183,273,98,68,76,116,282,174,18,78,138,89,69,94,42,101,63,76,189,231,446,82,122,28,171,148,25,64,164,122,27,126,61,89,134,91,178,65,110
153,124,67,37,151,50,172,50,26,65,132,173,288,112,100,91,121,289,168,18,96,174,82,59,108,45,113,86,82,226,247,458,93,170,43,173,174,32,98,209,104,36,117,64,147,160,86,174,63,102
235,172,82,34,222,50,195,66,65,42,168,234,372,132,123,130,182,386,222,22,125,214,114,81,108,58,148,106,104,259,331,611,109,189,51,238,183,33,119,222,125,50,165,66,157,197,130,234,73,123
443,333,168,66,391,98,407,153,132,168,171,461,730,279,241,248,325,710,427,44,255,441,260,158,298,111,275,199,234,550,657,1161,224,384,106,418,384,74,243,439,272,90,311,150,364,398,276,451,133,292
497,455,223,92,545,139,576,183,173,234,461,308,1031,330,311,284,370,960,576,63,308,590,320,222,366,132,357,252,282,691,842,1519,289,543,131,569,517,78,264,607,392,114,419,214,435,501,368,557,221,361
729,780,345,151,869,184,842,273,288,372,730,1031,760,607,499,521,637,1384,891,111,476,937,544,363,596,235,641,432,480,1141,1324,2267,456,855,193,946,827,152,429,906,617,164,618,323,717,776,558,913,325,581
351,288,143,73,346,76,337,98,112,132,279,330,607,105,190,207,234,593,344,25,179,340,193,131,200,84,211,157,192,423,538,948,166,303,85,324,314,58,193,352,237,86,247,135,255,286,200,343,147,213
338,228,102,42,280,66,260,68,100,123,241,311,499,190,84,138,192,518,272,34,136,287,166,117,167,78,172,119,117,311,423,776,166,251,60,283,256,37,127,269,162,55,218,101,231,250,168,276,104,164
345,242,107,51,318,64,281,76,91,130,248,284,521,207,138,67,210,540,285,41,154,304,185,125,165,80,180,126,134,337,430,816,184,288,67,315,270,45,153,319,182,47,219,108,246,249,179,310,116,192
332,308,133,70,358,78,342,116,121,182,325,370,637,234,192,210,129,626,369,51,185,394,187,151,208,92,249,173,167,437,551,1014,184,347,64,378,363,68,177,387,243,74,239,155,271,318,226,357,135,242
728,800,369,134,942,179,854,282,289,386,710,960,1384,593,518,540,626,780,875,125,526,922,588,384,562,238,624,410,510,1135,1289,2365,475,840,210,932,839,168,415,964,598,197,629,322,738,811,598,896,304,596
506,449,177,101,501,92,522,174,168,222,427,576,891,344,272,285,369,875,265,64,301,496,306,197,364,124,363,237,250,616,759,1459,279,453,114,531,474,70,245,526,386,91,367,182,428,430,321,508,188,362
76,48,20,10,68,10,63,18,18,22,44,63,111,25,34,41,51,125,64,3,32,66,33,22,46,15,41,32,25,89,100,188,36,52,11,71,50,9,39,68,34,17,51,22,59,71,33,85,20,40
339,213,95,45,307,60,283,78,96,125,255,308,476,179,136,154,185,526,301,32,78,299,146,132,185,63,182,153,114,366,417,765,139,263,69,277,286,46,138,332,173,64,212,117,232,272,171,310,105,184
508,452,196,86,518,99,500,138,174,214,441,590,937,340,287,304,394,922,496,66,299,245,312,187,346,113,356,223,261,622,766,1459,263,428,139,533,443,69,251,557,330,114,367,177,411,451,333,556,200,351
336,263,113,48,291,69,282,89,82,114,260,320,544,193,166,185,187,588,306,33,146,312,94,126,192,76,214,104,143,358,466,844,189,257,73,318,280,62,133,345,194,61,219,122,226,298,202,322,100,198
195,198,80,36,169,43,219,69,59,81,158,222,363,131,117,125,151,384,197,22,132,187,126,44,159,45,123,103,114,264,294,536,104,188,53,216,183,30,104,218,128,31,153,79,170,172,126,216,82,143
370,285,126,49,311,60,322,94,108,108,298,366,596,200,167,165,208,562,364,46,185,346,192,159,100,74,203,143,164,415,480,948,184,297,79,347,275,58,160,360,229,69,245,122,242,329,204,326,123,237
133,116,51,15,113,23,121,42,45,58,111,132,235,84,78,80,92,238,124,15,63,113,76,45,74,18,76,57,70,163,199,366,65,118,21,148,123,17,70,147,72,28,95,50,78,106,70,137,46,90
359,270,118,56,313,74,326,101,113,148,275,357,641,211,172,180,249,624,363,41,182,356,214,123,203,76,92,164,174,439,516,958,189,320,87,362,328,58,166,363,207,70,266,138,260,311,198,351,148,231
288,199,93,46,249,59,220,63,86,106,199,252,432,157,119,126,173,410,237,32,153,223,104,103,143,57,164,65,119,284,368,650,120,209,51,229,227,24,108,256,166,48,186,94,165,208,142,240,100,142
298,236,108,42,256,53,268,76,82,104,234,282,480,192,117,134,167,510,250,25,114,261,143,114,164,70,174,119,62,356,363,722,140,241,67,238,236,38,115,298,166,38,200,125,219,235,176,260,99,179
585,551,247,112,659,126,583,189,226,259,550,691,1141,423,311,337,437,1135,616,89,366,622,358,264,415,163,439,284,356,391,947,1771,370,588,165,625,558,105,299,635,393,134,472,231,530,564,386,629,238,410
666,666,277,125,783,161,703,231,247,331,657,842,1324,538,423,430,551,1289,759,100,417,766,466,294,480,199,516,368,363,947,540,2058,422,697,169,777,667,136,381,752,475,176,567,269,579,653,507,733,272,506
1154,1226,596,221,1391,285,1325,446,458,611,1161,1519,2267,948,776,816,1014,2365,1459,188,765,1459,844,536,948,366,958,650,722,1771,2058,1849,712,1317,297,1449,1260,237,711,1401,922,289,1019,498,1068,1270,893,1390,484,983
232,244,98,45,281,60,255,82,93,109,224,289,456,166,166,184,184,475,279,36,139,263,189,104,184,65,189,120,140,370,422,712,60,245,55,277,261,41,121,269,198,62,210,105,206,239,191,278,84,173
471,423,204,82,457,101,456,122,170,189,384,543,855,303,251,288,347,840,453,52,263,428,257,188,297,118,320,209,241,588,697,1317,245,216,102,487,435,76,240,528,317,107,360,178,343,409,274,448,170,319
109,99,48,19,119,31,113,28,43,51,106,131,193,85,60,67,64,210,114,11,69,139,73,53,79,21,87,51,67,165,169,297,55,102,6,120,119,23,52,110,76,23,92,44,96,100,77,115,37,86
484,482,218,88,513,123,504,171,173,238,418,569,946,324,283,315,378,932,531,71,277,533,318,216,347,148,362,229,238,625,777,1449,277,487,120,254,480,97,266,548,336,122,407,221,376,469,339,510,208,372
470,408,192,75,470,104,413,148,174,183,384,517,827,314,256,270,363,839,474,50,286,443,280,183,275,123,328,227,236,558,667,1260,261,435,119,480,192,75,207,491,325,93,357,164,357,419,291,460,166,321
96,67,28,13,97,24,106,25,32,33,74,78,152,58,37,45,68,168,70,9,46,69,62,30,58,17,58,24,38,105,136,237,41,76,23,97,75,7,36,78,48,19,86,34,66,73,44,81,37,61
234,212,89,43,246,49,218,64,98,119,243,264,429,193,127,153,177,415,245,39,138,251,133,104,160,70,166,108,115,299,381,711,121,240,52,266,207,36,59,272,161,37,187,91,201,233,175,244,90,164
485,434,200,88,535,104,490,164,209,222,439,607,906,352,269,319,387,964,526,68,332,557,345,218,360,147,363,256,298,635,752,1401,269,528,110,548,491,78,272,278,324,115,433,205,436,476,357,519,191,353
322,302,127,48,313,85,317,122,104,125,272,392,617,237,162,182,243,598,386,34,173,330,194,128,229,72,207,166,166,393,475,922,198,317,76,336,325,48,161,324,118,71,254,113,262,284,200,352,136,221
115,86,42,20,96,30,107,27,36,50,90,114,164,86,55,47,74,197,91,17,64,114,61,31,69,28,70,48,38,134,176,289,62,107,23,122,93,19,37,115,71,10,55,51,88,85,72,115,42,70
361,335,149,77,351,92,364,126,117,165,311,419,618,247,218,219,239,629,367,51,212,367,219,153,245,95,266,186,200,472,567,1019,210,360,92,407,357,86,187,433,254,55,144,144,304,329,255,404,138,278
166,135,78,27,212,34,197,61,64,66,150,214,323,135,101,108,155,322,182,22,117,177,122,79,122,50,138,94,125,231,269,498,105,178,44,221,164,34,91,205,113,51,144,26,163,168,108,175,65,136
405,335,159,63,396,85,392,89,147,157,364,435,717,255,231,246,271,738,428,59,232,411,226,170,242,78,260,165,219,530,579,1068,206,343,96,376,357,66,201,436,262,88,304,163,154,377,246,386,158,282
394,394,190,64,482,98,419,134,160,197,398,501,776,286,250,249,318,811,430,71,272,451,298,172,329,106,311,208,235,564,653,1270,239,409,100,469,419,73,233,476,284,85,329,168,377,217,316,513,173,314
301,270,126,58,317,64,311,91,86,130,276,368,558,200,168,179,226,598,321,33,171,333,202,126,204,70,198,142,176,386,507,893,191,274,77,339,291,44,175,357,200,72,255,108,246,316,112,363,116,225
474,436,220,81,535,103,504,178,174,234,451,557,913,343,276,310,357,896,508,85,310,556,322,216,326,137,351,240,260,629,733,1390,278,448,115,510,460,81,244,519,352,115,404,175,386,513,363,262,195,368
159,171,70,30,186,50,197,65,63,73,133,221,325,147,104,116,135,304,188,20,105,200,100,82,123,46,148,100,99,238,272,484,84,170,37,208,166,37,90,191,136,42,138,65,158,173,116,195,26,115
374,268,123,54,371,77,315,110,102,123,292,361,581,213,164,192,242,596,362,40,184,351,198,143,237,90,231,142,179,410,506,983,173,319,86,372,321,61,164,353,221,70,278,136,282,314,225,368,115,122
