261,449,220,90,502,110,475,188,162,235,440,494,877,370,315,317,360,824,484,67,327,522,304,189,369,169,353,265,281,601,694,1228,234,483,115,503,487,82,251,466,331,103,382,177,421,443,346,497,169,398
449,203,143,71,469,111,426,142,134,165,371,476,808,295,247,244,319,829,433,46,258,462,269,179,288,99,271,219,225,562,679,1279,260,411,106,436,422,77,220,487,281,85,317,189,367,419,270,509,167,285
220,143,37,41,194,55,212,58,67,74,170,210,347,123,96,113,157,344,217,25,110,202,126,95,134,48,124,84,97,265,322,574,115,193,48,218,198,33,118,208,135,48,149,70,155,198,127,226,66,167
90,71,41,5,81,15,65,25,29,38,71,94,148,60,46,42,54,131,84,11,53,94,68,38,59,19,58,39,48,107,116,218,46,76,20,85,87,20,49,73,54,16,53,32,70,76,51,92,31,64
502,469,194,81,267,120,505,157,188,198,440,556,918,330,280,308,356,940,509,59,263,494,296,202,325,129,332,258,239,612,799,1478,284,462,136,537,492,88,286,545,320,93,393,183,423,492,331,576,199,316
110,111,55,15,120,12,90,47,40,42,81,130,184,70,76,71,83,185,117,12,70,110,73,57,68,22,66,55,60,149,140,301,61,98,20,128,112,23,57,126,77,15,71,40,81,96,67,127,38,74
475,426,212,65,505,90,234,136,186,184,381,539,849,335,251,282,373,854,500,63,245,519,278,203,306,125,328,232,216,608,700,1357,274,448,121,520,457,94,258,497,329,104,358,169,386,435,312,485,179,318
188,142,58,25,157,47,136,21,44,62,116,162,260,119,84,84,123,285,161,21,73,165,78,62,104,33,102,78,87,185,224,460,91,155,39,160,141,30,86,156,106,38,128,54,122,145,102,150,63,119
162,134,67,29,188,40,186,44,35,68,145,175,324,106,87,88,116,334,151,13,86,134,109,62,102,34,94,83,76,214,258,461,95,152,41,160,155,34,87,179,87,30,134,59,143,165,105,184,58,106
235,165,74,38,198,42,184,62,68,51,191,223,359,139,102,120,134,344,198,23,122,210,141,86,122,54,129,105,109,252,288,547,110,209,43,216,192,41,101,195,127,33,152,71,167,198,127,206,58,131
440,371,170,71,440,81,381,116,145,191,180,443,747,293,222,255,308,747,464,66,254,424,258,149,261,112,275,212,214,515,605,1189,220,398,88,474,374,72,225,447,280,90,322,175,314,363,259,445,133,307
494,476,210,94,556,130,539,162,175,223,443,314,1040,362,267,316,401,981,535,67,333,553,284,210,333,138,366,234,259,678,889,1574,301,534,115,625,515,81,262,599,390,123,379,235,420,557,330,548,194,350
877,808,347,148,918,184,849,260,324,359,747,1040,802,526,485,510,674,1429,918,105,507,956,482,364,635,222,660,404,435,1191,1382,2466,495,820,220,1033,802,159,435,1015,583,230,636,345,714,867,579,877,339,604
370,295,123,60,330,70,335,119,106,139,293,362,526,109,172,178,234,566,358,32,186,359,193,121,202,79,202,168,173,390,475,913,168,288,77,338,307,48,159,336,227,60,259,121,261,307,194,355,102,204
315,247,96,46,280,76,251,84,87,102,222,267,485,172,70,128,181,458,291,25,141,281,170,113,163,53,169,140,156,305,378,722,148,244,49,256,264,33,130,280,189,69,232,97,225,262,170,281,94,182
317,244,113,42,308,71,282,84,88,120,255,316,510,178,128,87,181,496,278,32,142,271,178,105,175,55,161,133,139,328,394,816,162,277,61,289,266,34,140,296,207,62,245,91,217,247,177,292,100,178
360,319,157,54,356,83,373,123,116,134,308,401,674,234,181,181,125,667,371,44,212,351,233,139,227,101,228,154,188,436,573,1018,210,352,79,352,310,66,187,368,224,71,305,144,278,355,221,363,129,273
824,829,344,131,940,185,854,285,334,344,747,981,1429,566,458,496,667,791,896,109,497,936,511,349,624,236,660,418,458,1159,1349,2425,477,826,193,953,811,150,462,966,586,224,671,348,706,803,600,924,295,582
484,433,217,84,509,117,500,161,151,198,464,535,918,358,291,278,371,896,244,63,263,484,309,188,363,137,366,242,263,666,755,1478,269,498,102,504,473,90,244,570,327,115,417,178,430,475,338,537,191,344
67,46,25,11,59,12,63,21,13,23,66,67,105,32,25,32,44,109,63,5,23,76,30,21,39,21,44,28,34,82,88,189,35,56,17,67,64,9,34,67,38,11,59,25,51,52,39,61,27,44
327,258,110,53,263,70,245,73,86,122,254,333,507,186,141,142,212,497,263,23,79,278,179,103,174,79,198,118,156,344,432,786,153,237,61,288,260,49,141,260,171,52,200,104,213,232,159,305,108,199
522,462,202,94,494,110,519,165,134,210,424,553,956,359,281,271,351,936,484,76,278,271,322,198,357,151,361,226,285,697,755,1526,276,504,114,544,475,90,235,579,339,112,394,180,437,501,312,524,172,365
304,269,126,68,296,73,278,78,109,141,258,284,482,193,170,178,233,511,309,30,179,322,91,116,166,68,201,126,156,359,474,829,151,271,76,313,295,52,137,320,193,63,264,116,221,299,190,301,123,202
189,179,95,38,202,57,203,62,62,86,149,210,364,121,113,105,139,349,188,21,103,198,116,47,113,47,105,100,94,235,300,544,101,200,51,203,189,43,116,210,118,42,160,90,142,182,131,209,76,116
369,288,134,59,325,68,306,104,102,122,261,333,635,202,163,175,227,624,363,39,174,357,166,113,115,75,188,169,165,432,556,944,192,297,64,348,307,65,187,365,220,85,280,143,216,307,208,367,120,213
169,99,48,19,129,22,125,33,34,54,112,138,222,79,53,55,101,236,137,21,79,151,68,47,75,13,68,57,60,160,207,366,64,128,33,130,119,23,67,141,85,24,114,56,93,111,68,131,40,84
353,271,124,58,332,66,328,102,94,129,275,366,660,202,169,161,228,660,366,44,198,361,201,105,188,68,100,168,156,448,534,981,200,312,92,328,298,51,174,373,212,64,280,115,243,322,187,379,130,209
265,219,84,39,258,55,232,78,83,105,212,234,404,168,140,133,154,418,242,28,118,226,126,100,169,57,168,58,116,299,354,662,126,223,63,242,225,45,119,238,145,43,185,85,214,214,139,251,99,157
281,225,97,48,239,60,216,87,76,109,214,259,435,173,156,139,188,458,263,34,156,285,156,94,165,60,156,116,73,321,371,688,149,257,58,295,259,43,138,255,179,42,231,98,196,237,167,287,96,197
601,562,265,107,612,149,608,185,214,252,515,678,1191,390,305,328,436,1159,666,82,344,697,359,235,432,160,448,299,321,391,1013,1843,352,597,142,664,596,110,334,712,413,136,507,238,506,593,398,673,239,408
694,679,322,116,799,140,700,224,258,288,605,889,1382,475,378,394,573,1349,755,88,432,755,474,300,556,207,534,354,371,1013,567,2120,428,732,204,836,702,140,367,781,468,174,569,276,604,693,472,810,278,513
1228,1279,574,218,1478,301,1357,460,461,547,1189,1574,2466,913,722,816,1018,2425,1478,189,786,1526,829,544,944,366,981,662,688,1843,2120,1929,723,1239,327,1551,1263,275,705,1487,924,370,1073,543,1093,1372,921,1360,526,930
234,260,115,46,284,61,274,91,95,110,220,301,495,168,148,162,210,477,269,35,153,276,151,101,192,64,200,126,149,352,428,723,64,254,62,297,256,40,144,288,179,72,190,112,214,289,190,284,113,202
483,411,193,76,462,98,448,155,152,209,398,534,820,288,244,277,352,826,498,56,237,504,271,200,297,128,312,223,257,597,732,1239,254,227,99,494,451,82,270,526,314,100,372,157,409,433,293,518,159,345
115,106,48,20,136,20,121,39,41,43,88,115,220,77,49,61,79,193,102,17,61,114,76,51,64,33,92,63,58,142,204,327,62,99,14,129,123,23,56,121,73,25,85,44,86,108,65,132,48,90
503,436,218,85,537,128,520,160,160,216,474,625,1033,338,256,289,352,953,504,67,288,544,313,203,348,130,328,242,295,664,836,1551,297,494,129,261,466,88,249,570,333,118,434,212,448,525,326,580,207,401
487,422,198,87,492,112,457,141,155,192,374,515,802,307,264,266,310,811,473,64,260,475,295,189,307,119,298,225,259,596,702,1263,256,451,123,466,232,86,238,482,321,108,353,166,387,420,305,494,179,367
82,77,33,20,88,23,94,30,34,41,72,81,159,48,33,34,66,150,90,9,49,90,52,43,65,23,51,45,43,110,140,275,40,82,23,88,86,3,41,109,52,23,61,38,71,82,63,99,38,70
251,220,118,49,286,57,258,86,87,101,225,262,435,159,130,140,187,462,244,34,141,235,137,116,187,67,174,119,138,334,367,705,144,270,56,249,238,41,66,261,169,64,199,102,200,231,176,259,89,202
466,487,208,73,545,126,497,156,179,195,447,599,1015,336,280,296,368,966,570,67,260,579,320,210,365,141,373,238,255,712,781,1487,288,526,121,570,482,109,261,284,361,112,376,208,429,512,328,539,201,353
331,281,135,54,320,77,329,106,87,127,280,390,583,227,189,207,224,586,327,38,171,339,193,118,220,85,212,145,179,413,468,924,179,314,73,333,321,52,169,361,110,63,273,125,276,313,211,322,114,210
103,85,48,16,93,15,104,38,30,33,90,123,230,60,69,62,71,224,115,11,52,112,63,42,85,24,64,43,42,136,174,370,72,100,25,118,108,23,64,112,63,6,80,38,102,92,71,121,53,69
382,317,149,53,393,71,358,128,134,152,322,379,636,259,232,245,305,671,417,59,200,394,264,160,280,114,280,185,231,507,569,1073,190,372,85,434,353,61,199,376,273,80,128,160,316,316,271,403,148,240
177,189,70,32,183,40,169,54,59,71,175,235,345,121,97,91,144,348,178,25,104,180,116,90,143,56,115,85,98,238,276,543,112,157,44,212,166,38,102,208,125,38,160,34,166,191,130,207,75,105
421,367,155,70,423,81,386,122,143,167,314,420,714,261,225,217,278,706,430,51,213,437,221,142,216,93,243,214,196,506,604,1093,214,409,86,448,387,71,200,429,276,102,316,166,162,362,238,429,140,298
443,419,198,76,492,96,435,145,165,198,363,557,867,307,262,247,355,803,475,52,232,501,299,182,307,111,322,214,237,593,693,1372,289,433,108,525,420,82,231,512,313,92,316,191,362,235,304,436,171,327
346,270,127,51,331,67,312,102,105,127,259,330,579,194,170,177,221,600,338,39,159,312,190,131,208,68,187,139,167,398,472,921,190,293,65,326,305,63,176,328,211,71,271,130,238,304,103,341,121,217
497,509,226,92,576,127,485,150,184,206,445,548,877,355,281,292,363,924,537,61,305,524,301,209,367,131,379,251,287,673,810,1360,284,518,132,580,494,99,259,539,322,121,403,207,429,436,341,263,197,344
169,167,66,31,199,38,179,63,58,58,133,194,339,102,94,100,129,295,191,27,108,172,123,76,120,40,130,99,96,239,278,526,113,159,48,207,179,38,89,201,114,53,148,75,140,171,121,197,38,128
398,285,167,64,316,74,318,119,106,131,307,350,604,204,182,178,273,582,344,44,199,365,202,116,213,84,209,157,197,408,513,930,202,345,90,401,367,70,202,353,210,69,240,105,298,327,217,344,128,118
