290,425,208,91,500,85,440,187,149,256,447,481,824,371,331,365,376,805,495,66,302,495,368,208,366,154,395,302,323,636,696,1193,247,475,104,515,477,87,240,471,280,112,376,191,448,427,302,502,178,384
425,204,167,73,430,108,444,133,130,154,353,488,770,272,231,248,347,795,454,47,245,439,262,172,292,97,276,204,197,527,667,1195,217,414,107,460,444,62,213,471,273,96,323,162,363,417,292,462,188,283
208,167,46,42,213,51,192,68,72,87,172,217,333,134,103,117,155,352,194,19,111,212,116,84,134,46,109,85,98,238,282,531,96,201,44,209,187,32,100,206,134,42,146,83,158,191,138,212,80,138
91,73,42,4,92,16,78,23,31,27,67,98,145,38,44,62,67,150,76,9,45,84,45,29,54,34,61,40,43,103,116,222,44,83,11,96,75,20,44,74,47,28,51,43,59,82,47,83,36,43
500,430,213,92,265,113,546,139,179,216,447,547,920,363,275,263,398,912,539,66,300,553,319,217,360,122,327,227,262,659,762,1467,290,508,115,550,453,83,245,524,325,105,376,201,412,498,325,543,183,351
85,108,51,16,113,10,108,34,30,31,73,120,200,66,60,86,76,216,111,14,72,112,53,37,68,39,81,69,57,158,150,287,50,112,15,118,105,23,52,114,71,38,85,47,76,104,62,122,38,72
440,444,192,78,546,108,216,142,181,178,419,549,849,309,250,278,323,888,478,62,268,494,246,190,311,132,300,219,244,630,683,1343,244,475,121,487,452,81,228,526,298,81,344,196,365,463,273,480,197,299
187,133,68,23,139,34,142,18,39,65,134,206,316,97,79,80,119,289,164,14,86,173,98,67,113,40,109,73,92,187,250,451,95,121,35,151,154,30,69,164,102,34,124,65,116,128,110,165,66,100
149,130,72,31,179,30,181,39,20,60,148,176,303,115,91,95,100,281,162,14,95,178,95,61,116,30,107,77,89,206,245,457,96,144,44,151,142,24,71,181,87,32,134,69,143,163,109,177,66,96
256,154,87,27,216,31,178,65,60,47,169,223,356,133,122,130,176,367,208,34,109,226,138,65,144,50,136,103,133,278,307,500,97,212,37,213,207,28,121,210,124,49,175,82,181,169,122,217,69,154
447,353,172,67,447,73,419,134,148,169,161,463,797,283,225,242,321,753,442,55,247,435,265,157,291,118,287,193,227,530,655,1161,226,429,96,464,421,72,219,437,280,90,324,159,353,381,279,451,144,329
481,488,217,98,547,120,549,206,176,223,463,344,995,387,241,291,406,1006,555,72,285,556,326,245,375,164,393,270,274,723,863,1553,325,548,128,559,512,103,291,617,358,113,383,205,450,552,331,549,212,372
824,770,333,145,920,200,849,316,303,356,797,995,827,604,507,517,649,1515,953,111,526,911,518,372,628,235,581,398,448,1171,1409,2450,485,834,197,963,828,156,466,978,598,178,647,340,703,896,536,925,339,549
371,272,134,38,363,66,309,97,115,133,283,387,604,112,170,184,256,546,329,33,173,311,177,122,218,85,222,152,171,406,507,898,179,287,64,346,306,40,178,326,197,69,222,127,264,287,179,294,137,245
331,231,103,44,275,60,250,79,91,122,225,241,507,170,68,136,164,480,270,29,150,262,159,113,183,71,175,140,140,316,406,789,178,228,64,248,256,32,118,282,188,58,222,89,188,224,168,263,108,188
365,248,117,62,263,86,278,80,95,130,242,291,517,184,136,82,207,501,267,40,171,280,170,121,174,77,193,124,135,323,411,842,175,281,64,273,299,45,130,291,181,64,226,113,208,238,202,295,129,192
376,347,155,67,398,76,323,119,100,176,321,406,649,256,164,207,136,690,363,50,188,371,208,144,244,78,229,171,187,449,522,1036,201,336,86,352,340,59,189,368,233,84,290,148,303,333,231,373,148,237
805,795,352,150,912,216,888,289,281,367,753,1006,1515,546,480,501,690,863,911,127,510,898,524,343,624,232,626,391,458,1203,1380,2453,475,815,205,1015,823,169,495,1004,600,191,651,351,698,844,591,918,334,605
495,454,194,76,539,111,478,164,162,208,442,555,953,329,270,267,363,911,274,76,272,508,309,203,336,157,387,233,273,632,747,1448,294,499,118,535,489,82,274,501,326,100,394,202,434,473,320,528,208,337
66,47,19,9,66,14,62,14,14,34,55,72,111,33,29,40,50,127,76,2,35,69,40,29,42,15,34,32,35,68,98,177,40,54,11,58,61,7,30,62,42,11,53,21,50,60,39,57,25,42
302,245,111,45,300,72,268,86,95,109,247,285,526,173,150,171,188,510,272,35,78,286,176,98,174,73,188,117,142,334,382,769,158,255,54,262,251,40,145,294,171,59,226,112,237,266,177,321,91,184
495,439,212,84,553,112,494,173,178,226,435,556,911,311,262,280,371,898,508,69,286,283,301,188,348,132,354,253,261,632,732,1422,293,486,120,518,505,86,239,468,308,95,388,213,436,485,326,523,202,346
368,262,116,45,319,53,246,98,95,138,265,326,518,177,159,170,208,524,309,40,176,301,102,130,204,87,219,149,167,353,465,802,173,279,69,300,263,40,140,317,201,81,238,96,227,264,193,276,120,201
208,172,84,29,217,37,190,67,61,65,157,245,372,122,113,121,144,343,203,29,98,188,130,55,117,66,148,103,100,252,294,550,123,190,50,217,167,30,90,203,119,40,126,71,149,169,107,201,71,128
366,292,134,54,360,68,311,113,116,144,291,375,628,218,183,174,244,624,336,42,174,348,204,117,113,95,209,141,164,402,505,947,195,325,83,350,301,49,140,353,204,79,253,121,251,314,203,337,138,215
154,97,46,34,122,39,132,40,30,50,118,164,235,85,71,77,78,232,157,15,73,132,87,66,95,17,74,50,72,155,186,343,69,129,29,123,133,20,67,148,77,20,111,42,92,109,90,127,55,83
395,276,109,61,327,81,300,109,107,136,287,393,581,222,175,193,229,626,387,34,188,354,219,148,209,74,104,161,164,393,506,945,197,345,79,342,336,54,161,373,230,87,268,128,262,329,216,336,132,219
302,204,85,40,227,69,219,73,77,103,193,270,398,152,140,124,171,391,233,32,117,253,149,103,141,50,161,60,109,294,347,642,122,206,63,245,237,39,114,260,154,48,181,89,193,235,147,238,93,175
323,197,98,43,262,57,244,92,89,133,227,274,448,171,140,135,187,458,273,35,142,261,167,100,164,72,164,109,56,308,380,715,135,256,54,248,240,27,127,244,177,62,198,84,200,258,170,274,99,189
636,527,238,103,659,158,630,187,206,278,530,723,1171,406,316,323,449,1203,632,68,334,632,353,252,402,155,393,294,308,437,964,1808,343,579,151,682,574,103,330,689,418,114,491,243,488,576,366,660,228,392
696,667,282,116,762,150,683,250,245,307,655,863,1409,507,406,411,522,1380,747,98,382,732,465,294,505,186,506,347,380,964,579,2098,406,685,145,820,699,147,402,811,523,148,591,293,605,730,515,790,261,493
1193,1195,531,222,1467,287,1343,451,457,500,1161,1553,2450,898,789,842,1036,2453,1448,177,769,1422,802,550,947,343,945,642,715,1808,2098,1938,738,1298,309,1595,1302,249,739,1469,963,305,1050,551,1128,1315,922,1385,476,931
247,217,96,44,290,50,244,95,96,97,226,325,485,179,178,175,201,475,294,40,158,293,173,123,195,69,197,122,135,343,406,738,67,269,64,309,255,42,142,315,191,46,192,86,229,268,170,261,95,195
475,414,201,83,508,112,475,121,144,212,429,548,834,287,228,281,336,815,499,54,255,486,279,190,325,129,345,206,256,579,685,1298,269,192,103,478,428,98,228,520,327,115,354,184,385,446,311,502,170,307
104,107,44,11,115,15,121,35,44,37,96,128,197,64,64,64,86,205,118,11,54,120,69,50,83,29,79,63,54,151,145,309,64,103,16,126,118,25,58,115,74,17,92,61,102,102,79,141,41,81
515,460,209,96,550,118,487,151,151,213,464,559,963,346,248,273,352,1015,535,58,262,518,300,217,350,123,342,245,248,682,820,1595,309,478,126,255,507,94,223,621,347,100,413,195,397,484,312,555,208,363
477,444,187,75,453,105,452,154,142,207,421,512,828,306,256,299,340,823,489,61,251,505,263,167,301,133,336,237,240,574,699,1302,255,428,118,507,230,78,234,494,288,91,349,179,349,431,271,499,176,321
87,62,32,20,83,23,81,30,24,28,72,103,156,40,32,45,59,169,82,7,40,86,40,30,49,20,54,39,27,103,147,249,42,98,25,94,78,5,38,99,60,18,69,33,65,85,54,100,25,53
240,213,100,44,245,52,228,69,71,121,219,291,466,178,118,130,189,495,274,30,145,239,140,90,140,67,161,114,127,330,402,739,142,228,58,223,234,38,58,283,181,61,196,99,185,243,158,259,98,183
471,471,206,74,524,114,526,164,181,210,437,617,978,326,282,291,368,1004,501,62,294,468,317,203,353,148,373,260,244,689,811,1469,315,520,115,621,494,99,283,282,348,108,419,219,406,509,324,557,193,333
280,273,134,47,325,71,298,102,87,124,280,358,598,197,188,181,233,600,326,42,171,308,201,119,204,77,230,154,177,418,523,963,191,327,74,347,288,60,181,348,105,45,253,141,259,317,193,356,132,222
112,96,42,28,105,38,81,34,32,49,90,113,178,69,58,64,84,191,100,11,59,95,81,40,79,20,87,48,62,114,148,305,46,115,17,100,91,18,61,108,45,10,79,38,92,118,71,98,36,79
376,323,146,51,376,85,344,124,134,175,324,383,647,222,222,226,290,651,394,53,226,388,238,126,253,111,268,181,198,491,591,1050,192,354,92,413,349,69,196,419,253,79,163,155,298,333,248,394,139,233
191,162,83,43,201,47,196,65,69,82,159,205,340,127,89,113,148,351,202,21,112,213,96,71,121,42,128,89,84,243,293,551,86,184,61,195,179,33,99,219,141,38,155,39,141,160,123,213,100,114
448,363,158,59,412,76,365,116,143,181,353,450,703,264,188,208,303,698,434,50,237,436,227,149,251,92,262,193,200,488,605,1128,229,385,102,397,349,65,185,406,259,92,298,141,158,379,239,404,148,256
427,417,191,82,498,104,463,128,163,169,381,552,896,287,224,238,333,844,473,60,266,485,264,169,314,109,329,235,258,576,730,1315,268,446,102,484,431,85,243,509,317,118,333,160,379,222,287,463,164,291
302,292,138,47,325,62,273,110,109,122,279,331,536,179,168,202,231,591,320,39,177,326,193,107,203,90,216,147,170,366,515,922,170,311,79,312,271,54,158,324,193,71,248,123,239,287,92,350,129,224
502,462,212,83,543,122,480,165,177,217,451,549,925,294,263,295,373,918,528,57,321,523,276,201,337,127,336,238,274,660,790,1385,261,502,141,555,499,100,259,557,356,98,394,213,404,463,350,247,210,349
178,188,80,36,183,38,197,66,66,69,144,212,339,137,108,129,148,334,208,25,91,202,120,71,138,55,132,93,99,228,261,476,95,170,41,208,176,25,98,193,132,36,139,100,148,164,129,210,38,127
384,283,138,43,351,72,299,100,96,154,329,372,549,245,188,192,237,605,337,42,184,346,201,128,215,83,219,175,189,392,493,931,195,307,81,363,321,53,183,333,222,79,233,114,256,291,224,349,127,121
