270,476,224,94,520,107,483,194,143,243,425,512,824,357,325,377,377,859,559,78,359,545,393,214,388,160,375,292,327,642,703,1187,239,507,133,521,520,79,257,472,320,123,437,172,445,429,374,534,199,412
476,164,186,78,465,108,433,138,158,187,391,490,850,253,239,236,330,827,427,58,220,415,246,176,294,103,304,184,191,567,680,1246,257,408,97,460,408,66,208,436,293,102,352,154,324,390,268,463,179,304
224,186,42,36,206,55,173,64,55,72,165,233,361,140,98,105,151,361,236,20,86,211,109,72,130,46,145,92,106,232,341,555,102,178,56,185,188,36,105,225,147,43,165,76,147,191,125,207,69,137
94,78,36,5,72,13,81,28,23,40,77,106,135,71,39,50,77,144,91,16,44,85,51,40,64,24,60,44,55,111,121,209,44,68,21,91,74,14,47,87,52,17,59,28,83,84,56,82,25,68
520,465,206,72,257,113,519,153,170,210,445,610,917,324,284,318,382,918,530,76,279,541,284,194,342,105,317,248,258,669,818,1443,248,501,111,570,499,99,289,558,366,100,410,185,401,476,329,531,185,360
107,108,55,13,113,7,103,37,31,56,86,132,183,81,54,73,71,201,127,19,66,117,76,44,80,27,73,54,75,158,149,254,47,100,23,111,95,21,50,113,70,27,81,41,96,98,71,123,39,86
483,433,173,81,519,103,226,148,143,201,403,522,889,338,258,299,365,904,515,68,270,473,273,183,325,120,343,236,277,634,718,1352,270,447,115,526,414,93,232,538,339,115,343,197,389,456,325,492,179,333
194,138,64,28,153,37,148,20,50,58,132,145,269,87,68,74,107,276,180,18,90,187,93,76,101,40,106,59,77,189,242,420,73,142,38,151,142,27,73,171,86,35,127,52,119,133,100,166,47,109
143,158,55,23,170,31,143,50,17,60,125,204,306,100,89,106,109,291,153,18,84,158,91,60,104,36,111,77,77,208,246,473,94,154,41,163,136,23,81,210,101,34,121,58,120,150,89,170,53,103
243,187,72,40,210,56,201,58,60,47,159,249,347,144,131,128,122,365,195,30,122,197,128,77,139,46,136,89,133,243,307,531,131,199,48,203,197,35,92,202,126,37,150,82,150,171,154,218,75,128
425,391,165,77,445,86,403,132,125,159,182,476,749,284,243,260,272,753,433,57,253,446,258,169,256,106,298,205,229,538,634,1104,238,397,99,417,392,80,197,442,269,86,298,152,361,375,302,445,158,273
512,490,233,106,610,132,522,145,204,249,476,284,1034,354,282,343,398,1040,541,60,326,568,324,216,367,141,365,271,233,716,817,1647,303,566,114,574,548,110,291,594,405,99,401,197,443,535,329,610,231,377
824,850,361,135,917,183,889,269,306,347,749,1034,843,603,462,536,670,1479,958,98,482,920,551,406,548,248,636,413,465,1224,1441,2536,506,810,186,986,853,148,496,972,605,211,690,389,691,869,576,943,324,624
357,253,140,71,324,81,338,87,100,144,284,354,603,114,170,171,233,582,315,47,165,305,200,130,212,81,216,160,181,420,489,933,199,290,67,348,336,54,164,342,213,71,249,112,266,303,201,380,146,223
325,239,98,39,284,54,258,68,89,131,243,282,462,170,65,127,181,505,261,35,162,311,178,108,180,72,193,148,120,339,410,690,131,251,69,279,249,51,133,266,155,56,204,95,214,235,167,254,98,193
377,236,105,50,318,73,299,74,106,128,260,343,536,171,127,79,202,572,286,35,163,327,139,139,179,73,198,149,124,352,460,782,151,256,69,312,278,60,155,298,189,50,210,112,243,262,178,272,108,204
377,330,151,77,382,71,365,107,109,122,272,398,670,233,181,202,139,703,387,42,230,354,236,148,230,108,247,190,172,462,556,1028,224,344,77,415,333,54,183,390,238,86,292,131,280,332,244,370,135,262
859,827,361,144,918,201,904,276,291,365,753,1040,1479,582,505,572,703,854,988,98,452,956,576,399,586,248,663,424,440,1141,1466,2562,507,839,202,1006,804,146,466,997,613,202,697,416,735,852,573,955,350,585
559,427,236,91,530,127,515,180,153,195,433,541,958,315,261,286,387,988,264,70,310,482,324,198,339,125,348,244,264,687,756,1453,274,456,128,577,503,76,249,514,361,106,400,202,408,495,339,541,195,373
78,58,20,16,76,19,68,18,18,30,57,60,98,47,35,35,42,98,70,5,30,59,36,29,59,9,48,23,34,72,97,170,45,48,15,67,59,9,26,74,43,12,50,29,45,55,52,80,26,48
359,220,86,44,279,66,270,90,84,122,253,326,482,165,162,163,230,452,310,30,71,288,164,96,160,65,166,128,150,364,424,743,136,268,63,302,241,43,153,289,166,62,216,83,217,226,158,291,94,186
545,415,211,85,541,117,473,187,158,197,446,568,920,305,311,327,354,956,482,59,288,227,323,214,367,121,348,254,279,669,726,1461,302,456,114,585,501,88,255,542,355,100,427,200,419,472,340,527,198,352
393,246,109,51,284,76,273,93,91,128,258,324,551,200,178,139,236,576,324,36,164,323,75,104,186,84,187,148,147,408,456,797,192,274,69,321,285,53,142,310,177,60,222,112,258,270,182,298,103,184
214,176,72,40,194,44,183,76,60,77,169,216,406,130,108,139,148,399,198,29,96,214,104,37,127,42,117,93,105,270,299,523,102,217,59,215,203,34,102,216,137,39,155,66,164,175,135,182,90,129
388,294,130,64,342,80,325,101,104,139,256,367,548,212,180,179,230,586,339,59,160,367,186,127,109,85,212,152,153,422,509,939,180,315,72,354,287,46,169,364,194,78,259,130,259,320,205,350,135,199
160,103,46,24,105,27,120,40,36,46,106,141,248,81,72,73,108,248,125,9,65,121,84,42,85,21,72,53,62,141,215,381,90,107,20,134,127,24,67,136,90,34,99,46,110,128,75,121,46,77
375,304,145,60,317,73,343,106,111,136,298,365,636,216,193,198,247,663,348,48,166,348,187,117,212,72,109,144,171,444,529,1016,205,311,75,334,333,61,171,386,229,83,274,130,301,327,213,356,133,224
292,184,92,44,248,54,236,59,77,89,205,271,413,160,148,149,190,424,244,23,128,254,148,93,152,53,144,55,107,275,345,650,140,197,74,259,205,31,115,256,157,53,195,86,191,231,153,231,96,181
327,191,106,55,258,75,277,77,77,133,229,233,465,181,120,124,172,440,264,34,150,279,147,105,153,62,171,107,55,302,393,721,135,255,59,256,250,40,120,273,165,48,169,92,207,250,151,247,108,174
642,567,232,111,669,158,634,189,208,243,538,716,1224,420,339,352,462,1141,687,72,364,669,408,270,422,141,444,275,302,393,970,1869,360,630,144,677,589,95,323,690,443,131,522,269,506,595,405,707,248,407
703,680,341,121,818,149,718,242,246,307,634,817,1441,489,410,460,556,1466,756,97,424,726,456,299,509,215,529,345,393,970,548,2183,459,695,173,859,632,139,380,816,532,159,574,275,594,708,513,754,282,499
1187,1246,555,209,1443,254,1352,420,473,531,1104,1647,2536,933,690,782,1028,2562,1453,170,743,1461,797,523,939,381,1016,650,721,1869,2183,2005,752,1251,331,1573,1250,254,726,1472,921,327,1061,554,1106,1293,876,1445,528,938
239,257,102,44,248,47,270,73,94,131,238,303,506,199,131,151,224,507,274,45,136,302,192,102,180,90,205,140,135,360,459,752,71,271,64,305,247,57,133,304,187,60,217,107,237,259,162,287,102,210
507,408,178,68,501,100,447,142,154,199,397,566,810,290,251,256,344,839,456,48,268,456,274,217,315,107,311,197,255,630,695,1251,271,210,103,499,412,78,242,521,331,94,382,200,356,422,307,507,174,321
133,97,56,21,111,23,115,38,41,48,99,114,186,67,69,69,77,202,128,15,63,114,69,59,72,20,75,74,59,144,173,331,64,103,13,138,88,26,53,124,86,23,81,47,105,118,68,117,47,80
521,460,185,91,570,111,526,151,163,203,417,574,986,348,279,312,415,1006,577,67,302,585,321,215,354,134,334,259,256,677,859,1573,305,499,138,298,520,87,246,582,367,117,425,212,422,513,329,574,234,373
520,408,188,74,499,95,414,142,136,197,392,548,853,336,249,278,333,804,503,59,241,501,285,203,287,127,333,205,250,589,632,1250,247,412,88,520,213,90,252,513,312,90,329,188,397,437,328,495,172,342
79,66,36,14,99,21,93,27,23,35,80,110,148,54,51,60,54,146,76,9,43,88,53,34,46,24,61,31,40,95,139,254,57,78,26,87,90,5,42,99,60,14,62,27,76,77,55,92,28,61
257,208,105,47,289,50,232,73,81,92,197,291,496,164,133,155,183,466,249,26,153,255,142,102,169,67,171,115,120,323,380,726,133,242,53,246,252,42,51,274,154,51,194,88,185,217,180,258,95,157
472,436,225,87,558,113,538,171,210,202,442,594,972,342,266,298,390,997,514,74,289,542,310,216,364,136,386,256,273,690,816,1472,304,521,124,582,513,99,274,291,344,111,404,217,465,499,333,559,212,351
320,293,147,52,366,70,339,86,101,126,269,405,605,213,155,189,238,613,361,43,166,355,177,137,194,90,229,157,165,443,532,921,187,331,86,367,312,60,154,344,84,63,253,114,257,306,205,366,121,226
123,102,43,17,100,27,115,35,34,37,86,99,211,71,56,50,86,202,106,12,62,100,60,39,78,34,83,53,48,131,159,327,60,94,23,117,90,14,51,111,63,13,82,38,87,103,59,110,41,77
437,352,165,59,410,81,343,127,121,150,298,401,690,249,204,210,292,697,400,50,216,427,222,155,259,99,274,195,169,522,574,1061,217,382,81,425,329,62,194,404,253,82,137,159,312,387,254,364,146,279
172,154,76,28,185,41,197,52,58,82,152,197,389,112,95,112,131,416,202,29,83,200,112,66,130,46,130,86,92,269,275,554,107,200,47,212,188,27,88,217,114,38,159,36,163,203,121,179,81,115
445,324,147,83,401,96,389,119,120,150,361,443,691,266,214,243,280,735,408,45,217,419,258,164,259,110,301,191,207,506,594,1106,237,356,105,422,397,76,185,465,257,87,312,163,191,371,255,400,180,259
429,390,191,84,476,98,456,133,150,171,375,535,869,303,235,262,332,852,495,55,226,472,270,175,320,128,327,231,250,595,708,1293,259,422,118,513,437,77,217,499,306,103,387,203,371,221,296,493,194,303
374,268,125,56,329,71,325,100,89,154,302,329,576,201,167,178,244,573,339,52,158,340,182,135,205,75,213,153,151,405,513,876,162,307,68,329,328,55,180,333,205,59,254,121,255,296,100,369,115,231
534,463,207,82,531,123,492,166,170,218,445,610,943,380,254,272,370,955,541,80,291,527,298,182,350,121,356,231,247,707,754,1445,287,507,117,574,495,92,258,559,366,110,364,179,400,493,369,242,182,342
199,179,69,25,185,39,179,47,53,75,158,231,324,146,98,108,135,350,195,26,94,198,103,90,135,46,133,96,108,248,282,528,102,174,47,234,172,28,95,212,121,41,146,81,180,194,115,182,26,126
412,304,137,68,360,86,333,109,103,128,273,377,624,223,193,204,262,585,373,48,186,352,184,129,199,77,224,181,174,407,499,938,210,321,80,373,342,61,157,351,226,77,279,115,259,303,231,342,126,102
