293,420,206,102,491,115,481,212,157,259,480,479,781,378,331,341,381,827,517,70,340,536,372,222,354,143,371,287,306,614,701,1125,249,522,111,527,487,91,248,481,290,97,384,189,428,412,344,498,182,397
420,163,155,83,432,83,416,119,123,187,392,489,830,298,231,240,316,847,436,47,221,442,267,175,273,108,287,215,223,569,637,1292,257,380,94,456,424,54,220,432,277,103,314,165,348,421,249,491,169,278
206,155,26,37,209,61,209,69,64,80,191,236,386,114,87,106,167,355,209,23,104,234,101,68,110,54,137,74,93,209,286,563,99,197,53,211,192,28,105,225,116,45,145,73,151,200,132,242,59,137
102,83,37,3,88,16,72,29,29,31,65,95,142,52,47,41,51,140,94,11,52,92,59,39,53,31,61,32,47,108,114,206,53,74,20,91,79,17,33,75,65,15,60,36,60,85,56,74,18,54
491,432,209,88,252,119,485,140,154,207,468,566,938,317,260,278,385,931,542,66,290,528,283,199,358,122,369,224,277,664,771,1395,269,480,113,546,463,79,234,538,338,109,407,174,416,471,348,525,192,330
115,83,61,16,119,8,101,34,40,52,83,126,188,80,62,57,71,184,120,19,74,108,83,46,76,48,76,50,77,152,167,280,62,106,21,124,110,19,46,110,80,22,84,49,91,96,76,118,35,74
481,416,209,72,485,101,223,156,163,191,414,573,861,291,256,253,343,817,513,60,270,496,286,202,303,118,313,226,264,595,705,1306,274,416,120,515,447,81,243,499,313,105,360,191,388,452,300,450,175,325
212,119,69,29,140,34,156,23,57,63,127,154,256,88,69,87,104,264,168,15,82,171,90,61,82,44,100,67,77,163,202,434,89,157,45,176,132,27,69,164,94,28,109,49,120,162,84,178,60,113
157,123,64,29,154,40,163,57,23,76,165,167,266,103,76,87,126,293,179,23,107,189,90,71,107,38,129,85,98,208,252,464,87,150,35,159,186,20,100,190,110,24,136,57,129,146,92,162,52,116
259,187,80,31,207,52,191,63,76,41,186,243,361,139,118,113,139,372,220,22,120,227,129,95,144,60,152,110,126,262,300,546,105,192,44,226,195,32,87,214,132,38,169,90,179,169,139,196,82,130
480,392,191,65,468,83,414,127,165,186,201,502,764,272,232,225,321,761,450,44,267,464,268,154,308,119,313,180,240,545,665,1190,220,382,93,477,395,77,220,473,265,104,330,190,374,375,292,462,161,302
479,489,236,95,566,126,573,154,167,243,502,312,1017,371,302,318,403,1008,556,80,294,589,331,221,371,143,382,252,263,720,802,1577,269,550,116,603,546,109,276,608,348,110,422,211,423,528,341,581,190,373
781,830,386,142,938,188,861,256,266,361,764,1017,837,580,481,513,648,1476,946,104,501,931,533,340,616,225,654,425,469,1122,1361,2456,503,841,201,941,825,186,439,1008,622,185,683,321,716,882,596,879,313,640
378,298,114,52,317,80,291,88,103,139,272,371,580,85,179,184,256,541,325,38,185,330,167,126,198,98,224,168,153,379,480,865,150,281,77,359,300,58,146,342,202,68,253,111,231,312,189,355,125,221
331,231,87,47,260,62,256,69,76,118,232,302,481,179,75,144,206,426,270,29,146,292,158,110,147,74,191,128,133,328,432,720,133,233,60,284,233,43,135,262,151,52,192,94,215,263,148,270,83,162
341,240,106,41,278,57,253,87,87,113,225,318,513,184,144,94,204,497,308,31,128,323,159,110,192,87,212,130,136,338,457,799,146,263,72,294,262,41,159,270,171,65,213,113,248,283,159,314,102,171
381,316,167,51,385,71,343,104,126,139,321,403,648,256,206,204,150,642,399,45,201,373,199,142,215,87,238,171,190,443,511,998,192,311,86,412,323,50,175,416,240,57,267,145,299,335,235,378,113,232
827,847,355,140,931,184,817,264,293,372,761,1008,1476,541,426,497,642,781,943,121,490,919,505,349,595,225,605,394,477,1149,1341,2435,494,858,214,994,804,167,465,1000,636,185,669,299,674,868,528,910,322,620
517,436,209,94,542,120,513,168,179,220,450,556,946,325,270,308,399,943,230,74,269,467,282,210,351,122,347,245,242,604,755,1456,277,485,112,532,451,79,266,545,361,100,393,211,402,507,360,535,204,364
70,47,23,11,66,19,60,15,23,22,44,80,104,38,29,31,45,121,74,5,30,57,35,20,33,11,39,20,26,79,92,173,36,66,12,67,53,13,31,60,47,14,48,16,47,60,29,60,26,37
340,221,104,52,290,74,270,82,107,120,267,294,501,185,146,128,201,490,269,30,70,289,156,135,179,62,192,99,147,327,403,747,131,255,61,286,265,52,148,311,183,52,246,106,245,271,175,303,108,214
536,442,234,92,528,108,496,171,189,227,464,589,931,330,292,323,373,919,467,57,289,244,279,214,336,128,336,237,246,641,759,1414,277,456,120,563,475,87,273,527,343,108,376,212,411,480,317,545,187,398
372,267,101,59,283,83,286,90,90,129,268,331,533,167,158,159,199,505,282,35,156,279,73,116,171,71,201,132,136,366,459,846,163,270,68,335,273,47,168,308,186,74,239,114,230,289,197,290,109,202
222,175,68,39,199,46,202,61,71,95,154,221,340,126,110,110,142,349,210,20,135,214,116,36,126,58,151,103,103,241,299,527,105,152,57,209,200,22,108,217,140,53,152,77,162,159,122,220,92,126
354,273,110,53,358,76,303,82,107,144,308,371,616,198,147,192,215,595,351,33,179,336,171,126,104,95,225,151,144,403,530,984,180,279,78,329,341,54,180,349,205,87,268,142,245,290,202,319,118,222
143,108,54,31,122,48,118,44,38,60,119,143,225,98,74,87,87,225,122,11,62,128,71,58,95,13,86,67,65,151,190,369,67,127,28,128,135,23,79,151,87,35,114,44,108,119,73,143,40,98
371,287,137,61,369,76,313,100,129,152,313,382,654,224,191,212,238,605,347,39,192,336,201,151,225,86,125,181,179,432,520,1004,186,300,75,340,330,48,190,355,236,86,280,116,272,326,204,393,125,261
287,215,74,32,224,50,226,67,85,110,180,252,425,168,128,130,171,394,245,20,99,237,132,103,151,67,181,39,131,276,357,664,151,211,57,245,225,39,124,288,150,44,188,88,191,209,126,250,93,144
306,223,93,47,277,77,264,77,98,126,240,263,469,153,133,136,190,477,242,26,147,246,136,103,144,65,179,131,52,313,362,730,130,225,65,249,261,41,136,264,187,72,196,105,192,238,143,267,109,170
614,569,209,108,664,152,595,163,208,262,545,720,1122,379,328,338,443,1149,604,79,327,641,366,241,403,151,432,276,313,363,934,1805,317,587,165,650,612,108,292,690,398,136,488,215,503,598,415,646,237,443
701,637,286,114,771,167,705,202,252,300,665,802,1361,480,432,457,511,1341,755,92,403,759,459,299,530,190,520,357,362,934,559,2114,429,698,194,838,706,119,361,810,511,156,602,281,594,723,499,753,276,533
1125,1292,563,206,1395,280,1306,434,464,546,1190,1577,2456,865,720,799,998,2435,1456,173,747,1414,846,527,984,369,1004,664,730,1805,2114,1980,748,1248,288,1535,1262,244,694,1486,924,275,1054,470,1089,1259,893,1395,488,952
249,257,99,53,269,62,274,89,87,105,220,269,503,150,133,146,192,494,277,36,131,277,163,105,180,67,186,151,130,317,429,748,74,283,54,300,237,48,153,290,157,61,205,105,206,266,163,262,109,170
522,380,197,74,480,106,416,157,150,192,382,550,841,281,233,263,311,858,485,66,255,456,270,152,279,127,300,211,225,587,698,1248,283,224,129,479,408,63,236,495,306,86,336,182,329,434,307,491,177,327
111,94,53,20,113,21,120,45,35,44,93,116,201,77,60,72,86,214,112,12,61,120,68,57,78,28,75,57,65,165,194,288,54,129,15,131,104,20,60,123,67,26,79,50,85,108,65,107,48,66
527,456,211,91,546,124,515,176,159,226,477,603,941,359,284,294,412,994,532,67,286,563,335,209,329,128,340,245,249,650,838,1535,300,479,131,292,520,85,271,631,364,102,418,207,430,485,344,569,208,374
487,424,192,79,463,110,447,132,186,195,395,546,825,300,233,262,323,804,451,53,265,475,273,200,341,135,330,225,261,612,706,1262,237,408,104,520,220,85,244,508,314,93,334,180,363,429,275,483,164,327
91,54,28,17,79,19,81,27,20,32,77,109,186,58,43,41,50,167,79,13,52,87,47,22,54,23,48,39,41,108,119,244,48,63,20,85,85,8,38,81,58,12,71,32,71,80,54,107,27,64
248,220,105,33,234,46,243,69,100,87,220,276,439,146,135,159,175,465,266,31,148,273,168,108,180,79,190,124,136,292,361,694,153,236,60,271,244,38,55,264,173,52,190,108,234,252,151,266,99,168
481,432,225,75,538,110,499,164,190,214,473,608,1008,342,262,270,416,1000,545,60,311,527,308,217,349,151,355,288,264,690,810,1486,290,495,123,631,508,81,264,284,335,121,393,213,428,508,347,564,207,325
290,277,116,65,338,80,313,94,110,132,265,348,622,202,151,171,240,636,361,47,183,343,186,140,205,87,236,150,187,398,511,924,157,306,67,364,314,58,173,335,108,58,249,135,271,331,205,360,126,205
97,103,45,15,109,22,105,28,24,38,104,110,185,68,52,65,57,185,100,14,52,108,74,53,87,35,86,44,72,136,156,275,61,86,26,102,93,12,52,121,58,16,82,39,99,104,72,116,42,75
384,314,145,60,407,84,360,109,136,169,330,422,683,253,192,213,267,669,393,48,246,376,239,152,268,114,280,188,196,488,602,1054,205,336,79,418,334,71,190,393,249,82,148,129,327,354,236,385,139,247
189,165,73,36,174,49,191,49,57,90,190,211,321,111,94,113,145,299,211,16,106,212,114,77,142,44,116,88,105,215,281,470,105,182,50,207,180,32,108,213,135,39,129,40,165,190,111,204,70,158
428,348,151,60,416,91,388,120,129,179,374,423,716,231,215,248,299,674,402,47,245,411,230,162,245,108,272,191,192,503,594,1089,206,329,85,430,363,71,234,428,271,99,327,165,138,372,232,393,132,277
412,421,200,85,471,96,452,162,146,169,375,528,882,312,263,283,335,868,507,60,271,480,289,159,290,119,326,209,238,598,723,1259,266,434,108,485,429,80,252,508,331,104,354,190,372,223,301,443,159,312
344,249,132,56,348,76,300,84,92,139,292,341,596,189,148,159,235,528,360,29,175,317,197,122,202,73,204,126,143,415,499,893,163,307,65,344,275,54,151,347,205,72,236,111,232,301,89,324,110,211
498,491,242,74,525,118,450,178,162,196,462,581,879,355,270,314,378,910,535,60,303,545,290,220,319,143,393,250,267,646,753,1395,262,491,107,569,483,107,266,564,360,116,385,204,393,443,324,245,201,352
182,169,59,18,192,35,175,60,52,82,161,190,313,125,83,102,113,322,204,26,108,187,109,92,118,40,125,93,109,237,276,488,109,177,48,208,164,27,99,207,126,42,139,70,132,159,110,201,29,119
397,278,137,54,330,74,325,113,116,130,302,373,640,221,162,171,232,620,364,37,214,398,202,126,222,98,261,144,170,443,533,952,170,327,66,374,327,64,168,325,205,75,247,158,277,312,211,352,119,114
