268,467,194,100,479,111,501,179,192,238,469,545,829,371,325,342,365,825,480,72,302,523,358,232,383,141,365,270,298,604,746,1189,245,476,103,517,505,86,264,480,293,98,350,165,469,397,363,505,169,363
467,183,192,79,449,107,430,108,144,147,348,459,810,279,209,251,344,815,437,50,229,419,242,156,261,97,263,193,221,545,649,1202,252,398,75,486,387,59,204,446,282,89,329,175,341,373,266,459,157,278
194,192,32,38,186,42,203,66,56,87,173,227,348,100,88,117,141,346,201,19,85,217,108,66,132,51,143,66,100,230,321,586,102,174,49,198,196,35,82,218,126,42,162,77,161,208,105,222,88,141
100,79,38,6,80,21,83,32,32,36,66,90,155,60,42,36,64,138,72,14,41,78,57,39,67,26,61,35,52,94,115,219,48,73,20,97,88,13,51,81,60,24,65,30,75,95,51,95,21,51
479,449,186,80,257,117,471,171,159,195,395,564,928,322,288,315,388,888,491,63,299,463,303,216,332,130,332,235,235,625,750,1406,277,452,110,524,470,87,265,523,318,112,397,196,364,488,329,511,160,344
111,107,42,21,117,16,109,34,32,48,97,111,199,79,61,57,71,204,112,16,62,119,72,46,75,38,80,49,54,138,163,279,58,91,19,123,107,20,53,129,81,27,73,39,94,106,73,118,35,65
501,430,203,83,471,109,237,142,159,191,395,485,851,310,259,273,367,854,481,63,272,501,312,200,334,139,328,227,255,613,733,1271,266,448,105,530,408,69,233,503,303,122,341,174,381,452,305,479,177,326
179,108,66,32,171,34,142,33,53,62,123,164,276,100,78,88,116,285,145,9,77,148,84,71,102,27,83,65,64,197,227,430,93,133,23,178,124,25,76,155,92,34,109,62,122,146,88,150,55,103
192,144,56,32,159,32,159,53,24,62,144,177,275,112,92,106,122,264,165,22,92,172,101,66,93,43,112,83,81,171,248,469,74,157,52,193,154,30,88,180,100,35,128,58,128,165,98,173,67,125
238,147,87,36,195,48,191,62,62,53,169,225,351,135,105,123,139,358,198,26,112,210,142,83,110,53,129,99,116,251,305,548,115,192,40,211,172,33,108,227,146,41,129,66,156,202,141,205,74,133
469,348,173,66,395,97,395,123,144,169,179,523,741,261,226,265,319,736,410,46,248,452,268,188,282,104,270,223,220,531,617,1138,232,394,93,441,379,78,217,433,273,80,314,153,343,404,275,437,165,305
545,459,227,90,564,111,485,164,177,225,523,303,944,382,295,336,397,982,610,73,290,562,341,244,362,145,411,234,253,722,814,1496,293,517,105,643,489,107,285,626,347,109,442,186,463,537,369,565,209,385
829,810,348,155,928,199,851,276,275,351,741,944,783,629,460,500,658,1410,919,125,504,949,522,359,603,234,629,448,460,1107,1377,2415,496,888,210,997,847,144,475,1003,583,177,711,323,730,847,577,969,335,645
371,279,100,60,322,79,310,100,112,135,261,382,629,103,177,180,243,602,323,34,183,328,205,121,217,80,224,136,178,431,500,971,190,294,71,339,304,45,152,346,197,63,248,108,240,286,237,322,126,207
325,209,88,42,288,61,259,78,92,105,226,295,460,177,67,137,208,487,267,29,158,296,173,112,158,55,177,130,135,323,405,768,140,253,77,270,238,41,130,308,197,54,192,111,217,246,150,286,109,198
342,251,117,36,315,57,273,88,106,123,265,336,500,180,137,77,219,531,289,30,147,306,189,128,202,74,206,129,149,353,444,858,157,271,79,291,254,41,142,337,203,52,238,122,232,285,172,323,128,205
365,344,141,64,388,71,367,116,122,139,319,397,658,243,208,219,147,678,359,52,194,379,229,156,229,89,247,173,195,441,571,1040,209,337,78,380,344,60,194,382,239,58,266,126,292,361,232,373,134,263
825,815,346,138,888,204,854,285,264,358,736,982,1410,602,487,531,678,753,944,98,525,913,519,361,628,209,571,438,465,1065,1297,2426,434,838,228,980,861,174,459,941,603,172,657,339,699,875,586,920,334,626
480,437,201,72,491,112,481,145,165,198,410,610,919,323,267,289,359,944,237,65,288,484,313,200,329,140,336,221,245,646,823,1516,292,477,127,495,502,94,249,557,315,117,415,196,391,469,324,530,164,362
72,50,19,14,63,16,63,9,22,26,46,73,125,34,29,30,52,98,65,4,41,58,27,23,46,6,34,23,36,64,89,206,33,47,13,63,59,8,23,58,47,14,43,26,54,55,38,65,22,44
302,229,85,41,299,62,272,77,92,112,248,290,504,183,158,147,194,525,288,41,76,272,150,100,162,66,183,127,114,352,423,763,149,246,64,284,243,46,123,305,183,60,239,113,177,298,150,301,104,190
523,419,217,78,463,119,501,148,172,210,452,562,949,328,296,306,379,913,484,58,272,245,332,208,323,134,342,234,234,634,771,1426,288,471,113,523,469,80,242,531,308,111,391,205,417,466,327,513,181,357
358,242,108,57,303,72,312,84,101,142,268,341,522,205,173,189,229,519,313,27,150,332,91,131,192,69,200,140,152,352,477,828,146,254,68,322,273,53,148,342,213,63,252,101,243,305,189,332,121,210
232,156,66,39,216,46,200,71,66,83,188,244,359,121,112,128,156,361,200,23,100,208,131,43,136,47,146,106,112,245,293,521,104,194,45,220,195,21,111,208,129,43,155,78,156,165,125,206,72,151
383,261,132,67,332,75,334,102,93,110,282,362,603,217,158,202,229,628,329,46,162,323,192,136,103,75,212,168,151,402,493,937,168,298,68,344,302,60,149,373,202,74,275,138,224,274,195,358,132,217
141,97,51,26,130,38,139,27,43,53,104,145,234,80,55,74,89,209,140,6,66,134,69,47,75,18,77,68,68,153,207,349,67,121,40,136,127,29,48,150,73,23,112,55,117,123,87,143,50,77
365,263,143,61,332,80,328,83,112,129,270,411,629,224,177,206,247,571,336,34,183,342,200,146,212,77,105,167,174,412,489,949,186,312,80,338,332,62,159,385,215,73,269,133,265,274,235,342,132,232
270,193,66,35,235,49,227,65,83,99,223,234,448,136,130,129,173,438,221,23,127,234,140,106,168,68,167,43,120,303,349,674,155,207,50,258,196,42,119,241,154,50,196,80,197,233,145,257,98,153
298,221,100,52,235,54,255,64,81,116,220,253,460,178,135,149,195,465,245,36,114,234,152,112,151,68,174,120,64,280,396,689,130,231,61,248,242,44,109,250,158,47,195,84,205,265,144,298,84,182
604,545,230,94,625,138,613,197,171,251,531,722,1107,431,323,353,441,1065,646,64,352,634,352,245,402,153,412,303,280,377,925,1777,325,602,155,646,624,106,312,649,401,141,450,221,528,645,386,692,221,455
746,649,321,115,750,163,733,227,248,305,617,814,1377,500,405,444,571,1297,823,89,423,771,477,293,493,207,489,349,396,925,562,2111,426,710,188,848,683,106,375,803,510,165,595,276,634,666,456,792,299,518
1189,1202,586,219,1406,279,1271,430,469,548,1138,1496,2415,971,768,858,1040,2426,1516,206,763,1426,828,521,937,349,949,674,689,1777,2111,1853,721,1337,322,1522,1226,234,662,1472,912,292,1100,546,1097,1259,911,1427,491,958
245,252,102,48,277,58,266,93,74,115,232,293,496,190,140,157,209,434,292,33,149,288,146,104,168,67,186,155,130,325,426,721,79,247,62,319,268,42,128,310,176,58,212,107,213,246,184,281,88,196
476,398,174,73,452,91,448,133,157,192,394,517,888,294,253,271,337,838,477,47,246,471,254,194,298,121,312,207,231,602,710,1337,247,188,104,511,436,73,239,491,293,100,362,186,345,423,301,481,183,324
103,75,49,20,110,19,105,23,52,40,93,105,210,71,77,79,78,228,127,13,64,113,68,45,68,40,80,50,61,155,188,322,62,104,14,122,89,20,46,115,73,24,91,34,103,110,68,110,38,71
517,486,198,97,524,123,530,178,193,211,441,643,997,339,270,291,380,980,495,63,284,523,322,220,344,136,338,258,248,646,848,1522,319,511,122,273,492,70,274,562,358,96,414,187,404,471,337,545,189,384
505,387,196,88,470,107,408,124,154,172,379,489,847,304,238,254,344,861,502,59,243,469,273,195,302,127,332,196,242,624,683,1226,268,436,89,492,213,73,229,476,325,106,352,178,338,438,262,478,158,319
86,59,35,13,87,20,69,25,30,33,78,107,144,45,41,41,60,174,94,8,46,80,53,21,60,29,62,42,44,106,106,234,42,73,20,70,73,9,47,78,57,19,52,38,79,87,67,77,31,67
264,204,82,51,265,53,233,76,88,108,217,285,475,152,130,142,194,459,249,23,123,242,148,111,149,48,159,119,109,312,375,662,128,239,46,274,229,47,54,268,179,48,195,108,193,237,160,262,92,176
480,446,218,81,523,129,503,155,180,227,433,626,1003,346,308,337,382,941,557,58,305,531,342,208,373,150,385,241,250,649,803,1472,310,491,115,562,476,78,268,274,374,116,409,200,422,477,394,581,170,343
293,282,126,60,318,81,303,92,100,146,273,347,583,197,197,203,239,603,315,47,183,308,213,129,202,73,215,154,158,401,510,912,176,293,73,358,325,57,179,374,114,69,246,135,255,312,212,365,113,214
98,89,42,24,112,27,122,34,35,41,80,109,177,63,54,52,58,172,117,14,60,111,63,43,74,23,73,50,47,141,165,292,58,100,24,96,106,19,48,116,69,22,74,54,73,83,71,123,44,63
350,329,162,65,397,73,341,109,128,129,314,442,711,248,192,238,266,657,415,43,239,391,252,155,275,112,269,196,195,450,595,1100,212,362,91,414,352,52,195,409,246,74,153,127,299,396,232,398,139,258
165,175,77,30,196,39,174,62,58,66,153,186,323,108,111,122,126,339,196,26,113,205,101,78,138,55,133,80,84,221,276,546,107,186,34,187,178,38,108,200,135,54,127,30,146,171,114,209,62,128
469,341,161,75,364,94,381,122,128,156,343,463,730,240,217,232,292,699,391,54,177,417,243,156,224,117,265,197,205,528,634,1097,213,345,103,404,338,79,193,422,255,73,299,146,169,379,240,408,164,270
397,373,208,95,488,106,452,146,165,202,404,537,847,286,246,285,361,875,469,55,298,466,305,165,274,123,274,233,265,645,666,1259,246,423,110,471,438,87,237,477,312,83,396,171,379,208,321,453,172,338
363,266,105,51,329,73,305,88,98,141,275,369,577,237,150,172,232,586,324,38,150,327,189,125,195,87,235,145,144,386,456,911,184,301,68,337,262,67,160,394,212,71,232,114,240,321,100,336,121,212
505,459,222,95,511,118,479,150,173,205,437,565,969,322,286,323,373,920,530,65,301,513,332,206,358,143,342,257,298,692,792,1427,281,481,110,545,478,77,262,581,365,123,398,209,408,453,336,247,192,373
169,157,88,21,160,35,177,55,67,74,165,209,335,126,109,128,134,334,164,22,104,181,121,72,132,50,132,98,84,221,299,491,88,183,38,189,158,31,92,170,113,44,139,62,164,172,121,192,31,140
363,278,141,51,344,65,326,103,125,133,305,385,645,207,198,205,263,626,362,44,190,357,210,151,217,77,232,153,182,455,518,958,196,324,71,384,319,67,176,343,214,63,258,128,270,338,212,373,140,125
