254,440,225,90,527,102,491,169,180,247,457,514,840,385,315,346,373,793,494,64,317,498,388,217,396,164,405,335,326,630,721,1222,260,481,109,504,481,92,221,464,334,119,393,175,464,431,326,498,186,392
440,195,179,76,435,112,423,122,132,186,384,502,777,272,228,224,308,774,456,49,237,453,245,208,264,110,296,206,180,576,678,1208,243,390,106,462,397,73,221,453,275,87,345,144,318,378,287,442,144,275
225,179,49,33,225,50,185,41,57,88,170,220,342,130,94,116,137,355,205,27,116,206,104,80,125,41,121,102,98,272,304,574,103,154,36,188,168,35,88,218,129,33,136,63,144,161,109,203,71,137
90,76,33,8,84,24,86,16,29,37,88,93,144,55,52,53,63,147,83,16,50,76,56,29,56,20,60,40,41,108,118,206,52,81,22,90,76,15,44,80,50,17,51,32,67,84,64,73,33,45
527,435,225,84,248,101,505,149,168,206,437,567,936,347,272,323,378,921,546,65,281,521,283,186,312,109,332,252,237,630,797,1414,287,488,124,580,485,83,261,544,326,108,373,193,392,469,313,534,191,344
102,112,50,24,101,8,99,26,33,59,107,119,186,79,66,74,82,191,128,20,79,122,70,42,80,25,87,59,66,159,165,292,63,97,26,117,95,24,51,123,73,29,69,44,86,108,90,122,44,59
491,423,185,86,505,99,220,144,143,200,435,536,891,313,269,263,344,862,509,70,276,524,318,181,334,119,326,245,280,647,747,1367,299,471,103,500,428,87,254,543,325,102,356,173,386,448,300,484,171,320
169,122,41,16,149,26,144,24,43,54,123,157,288,82,97,85,109,304,145,21,68,150,97,46,94,42,94,68,76,200,220,430,94,132,31,144,129,29,69,147,101,40,94,54,115,144,112,148,64,110
180,132,57,29,168,33,143,43,13,52,120,175,290,105,111,101,112,303,155,22,96,189,120,63,107,40,123,77,88,219,269,481,103,153,43,187,152,23,83,198,105,28,149,48,139,142,114,175,78,112
247,186,88,37,206,59,200,54,52,42,169,214,361,132,121,113,158,341,209,23,137,210,112,82,163,58,145,106,132,275,293,533,116,212,42,221,206,30,83,211,130,44,142,80,174,193,149,214,80,127
457,384,170,88,437,107,435,123,120,169,176,443,742,293,245,271,336,723,445,59,279,432,243,178,299,116,277,200,255,555,637,1152,222,456,102,469,423,68,191,468,281,90,349,160,363,386,286,458,156,278
514,502,220,93,567,119,536,157,175,214,443,334,1006,345,291,309,395,1047,575,49,323,573,351,204,377,133,407,241,265,745,886,1594,294,521,152,578,542,84,280,621,398,119,420,233,455,521,373,599,213,388
840,777,342,144,936,186,891,288,290,361,742,1006,870,562,473,556,667,1565,964,102,525,967,520,310,624,224,601,425,460,1138,1425,2468,462,811,201,1018,815,162,493,972,587,220,735,365,712,850,621,941,295,558
385,272,130,55,347,79,313,82,105,132,293,345,562,108,182,196,233,611,327,35,194,323,210,137,212,63,203,165,166,407,478,897,160,329,67,356,338,41,149,350,239,65,271,124,265,303,196,331,120,221
315,228,94,52,272,66,269,97,111,121,245,291,473,182,78,128,218,495,280,41,163,260,155,94,192,76,178,123,135,348,424,730,147,232,57,261,238,42,136,302,177,50,231,95,240,249,196,290,100,190
346,224,116,53,323,74,263,85,101,113,271,309,556,196,128,73,228,549,306,35,164,294,173,120,192,80,168,137,132,358,431,814,165,280,59,284,262,38,147,330,194,62,240,113,242,279,185,307,105,207
373,308,137,63,378,82,344,109,112,158,336,395,667,233,218,228,130,670,355,59,191,377,201,142,248,91,259,182,182,464,526,997,204,375,83,376,369,60,177,387,228,63,285,124,294,323,240,371,143,262
793,774,355,147,921,191,862,304,303,341,723,1047,1565,611,495,549,670,831,977,118,519,949,534,371,604,227,626,448,454,1107,1428,2476,485,800,229,987,837,158,465,952,642,217,698,355,726,835,601,908,317,572
494,456,205,83,546,128,509,145,155,209,445,575,964,327,280,306,355,977,263,63,266,485,336,201,316,122,337,243,247,671,761,1420,296,480,122,516,477,81,237,568,339,89,387,204,404,448,323,545,198,338
64,49,27,16,65,20,70,21,22,23,59,49,102,35,41,35,59,118,63,4,37,50,37,24,51,14,43,40,31,83,105,180,46,63,15,67,49,16,34,52,36,14,44,21,54,57,49,63,25,41
317,237,116,50,281,79,276,68,96,137,279,323,525,194,163,164,191,519,266,37,70,269,173,132,186,55,178,135,118,372,455,795,172,278,64,238,272,41,113,324,177,45,241,109,227,229,185,303,116,201
498,453,206,76,521,122,524,150,189,210,432,573,967,323,260,294,377,949,485,50,269,261,344,222,329,125,357,233,262,700,754,1476,299,485,123,534,473,92,231,567,360,101,384,201,422,464,329,551,189,358
388,245,104,56,283,70,318,97,120,112,243,351,520,210,155,173,201,534,336,37,173,344,75,121,189,73,187,155,153,377,477,741,135,287,81,295,290,49,162,309,187,67,226,107,235,264,206,323,112,200
217,208,80,29,186,42,181,46,63,82,178,204,310,137,94,120,142,371,201,24,132,222,121,37,141,47,130,110,105,267,303,552,110,175,54,198,167,30,83,213,126,36,159,86,172,202,133,187,64,128
396,264,125,56,312,80,334,94,107,163,299,377,624,212,192,192,248,604,316,51,186,329,189,141,110,82,211,150,179,404,537,932,184,294,84,326,300,71,152,357,196,64,248,129,246,325,218,352,139,229
164,110,41,20,109,25,119,42,40,58,116,133,224,63,76,80,91,227,122,14,55,125,73,47,82,15,74,60,64,151,194,377,74,122,31,135,114,20,71,142,73,28,111,53,103,128,74,139,44,90
405,296,121,60,332,87,326,94,123,145,277,407,601,203,178,168,259,626,337,43,178,357,187,130,211,74,104,139,180,390,536,971,191,334,82,312,303,54,168,340,213,73,262,132,260,340,192,334,132,201
335,206,102,40,252,59,245,68,77,106,200,241,425,165,123,137,182,448,243,40,135,233,155,110,150,60,139,37,110,266,351,664,136,228,59,253,210,42,98,237,125,52,169,85,185,216,163,247,91,178
326,180,98,41,237,66,280,76,88,132,255,265,460,166,135,132,182,454,247,31,118,262,153,105,179,64,180,110,66,315,393,724,165,239,54,249,233,56,122,307,139,54,172,105,210,231,148,282,92,203
630,576,272,108,630,159,647,200,219,275,555,745,1138,407,348,358,464,1107,671,83,372,700,377,267,404,151,390,266,315,410,978,1873,358,589,161,696,629,86,339,702,402,134,489,233,501,590,408,649,234,451
721,678,304,118,797,165,747,220,269,293,637,886,1425,478,424,431,526,1428,761,105,455,754,477,303,537,194,536,351,393,978,583,2124,423,715,169,841,672,131,387,864,557,139,551,296,629,729,500,745,273,493
1222,1208,574,206,1414,292,1367,430,481,533,1152,1594,2468,897,730,814,997,2476,1420,180,795,1476,741,552,932,377,971,664,724,1873,2124,1937,701,1285,320,1551,1319,228,684,1499,1034,308,1070,539,1126,1283,886,1476,529,890
260,243,103,52,287,63,299,94,103,116,222,294,462,160,147,165,204,485,296,46,172,299,135,110,184,74,191,136,165,358,423,701,66,253,69,297,255,58,161,330,209,68,188,98,236,233,187,283,92,185
481,390,154,81,488,97,471,132,153,212,456,521,811,329,232,280,375,800,480,63,278,485,287,175,294,122,334,228,239,589,715,1285,253,234,104,519,431,86,235,541,297,113,361,197,368,472,292,490,160,353
109,106,36,22,124,26,103,31,43,42,102,152,201,67,57,59,83,229,122,15,64,123,81,54,84,31,82,59,54,161,169,320,69,104,10,106,109,22,61,131,72,30,97,54,100,105,66,128,38,81
504,462,188,90,580,117,500,144,187,221,469,578,1018,356,261,284,376,987,516,67,238,534,295,198,326,135,312,253,249,696,841,1551,297,519,106,265,496,88,247,544,331,87,402,191,397,490,325,553,213,348
481,397,168,76,485,95,428,129,152,206,423,542,815,338,238,262,369,837,477,49,272,473,290,167,300,114,303,210,233,629,672,1319,255,431,109,496,213,92,243,517,293,96,375,183,370,446,342,510,166,323
92,73,35,15,83,24,87,29,23,30,68,84,162,41,42,38,60,158,81,16,41,92,49,30,71,20,54,42,56,86,131,228,58,86,22,88,92,14,37,92,54,10,65,39,64,85,51,91,29,50
221,221,88,44,261,51,254,69,83,83,191,280,493,149,136,147,177,465,237,34,113,231,162,83,152,71,168,98,122,339,387,684,161,235,61,247,243,37,64,295,173,47,178,91,205,252,175,251,96,182
464,453,218,80,544,123,543,147,198,211,468,621,972,350,302,330,387,952,568,52,324,567,309,213,357,142,340,237,307,702,864,1499,330,541,131,544,517,92,295,294,389,116,393,222,447,506,362,551,190,341
334,275,129,50,326,73,325,101,105,130,281,398,587,239,177,194,228,642,339,36,177,360,187,126,196,73,213,125,139,402,557,1034,209,297,72,331,293,54,173,389,94,64,262,129,268,299,187,330,130,253
119,87,33,17,108,29,102,40,28,44,90,119,220,65,50,62,63,217,89,14,45,101,67,36,64,28,73,52,54,134,139,308,68,113,30,87,96,10,47,116,64,11,87,37,78,93,70,118,48,65
393,345,136,51,373,69,356,94,149,142,349,420,735,271,231,240,285,698,387,44,241,384,226,159,248,111,262,169,172,489,551,1070,188,361,97,402,375,65,178,393,262,87,155,145,308,344,275,374,161,279
175,144,63,32,193,44,173,54,48,80,160,233,365,124,95,113,124,355,204,21,109,201,107,86,129,53,132,85,105,233,296,539,98,197,54,191,183,39,91,222,129,37,145,35,168,186,118,205,70,105
464,318,144,67,392,86,386,115,139,174,363,455,712,265,240,242,294,726,404,54,227,422,235,172,246,103,260,185,210,501,629,1126,236,368,100,397,370,64,205,447,268,78,308,168,171,371,252,444,139,255
431,378,161,84,469,108,448,144,142,193,386,521,850,303,249,279,323,835,448,57,229,464,264,202,325,128,340,216,231,590,729,1283,233,472,105,490,446,85,252,506,299,93,344,186,371,200,302,463,154,311
326,287,109,64,313,90,300,112,114,149,286,373,621,196,196,185,240,601,323,49,185,329,206,133,218,74,192,163,148,408,500,886,187,292,66,325,342,51,175,362,187,70,275,118,252,302,119,328,129,203
498,442,203,73,534,122,484,148,175,214,458,599,941,331,290,307,371,908,545,63,303,551,323,187,352,139,334,247,282,649,745,1476,283,490,128,553,510,91,251,551,330,118,374,205,444,463,328,276,185,354
186,144,71,33,191,44,171,64,78,80,156,213,295,120,100,105,143,317,198,25,116,189,112,64,139,44,132,91,92,234,273,529,92,160,38,213,166,29,96,190,130,48,161,70,139,154,129,185,33,138
392,275,137,45,344,59,320,110,112,127,278,388,558,221,190,207,262,572,338,41,201,358,200,128,229,90,201,178,203,451,493,890,185,353,81,348,323,50,182,341,253,65,279,105,255,311,203,354,138,112
