263,427,194,104,530,113,487,176,156,264,468,493,815,383,326,347,337,837,545,66,337,529,331,226,357,136,369,317,317,601,682,1171,243,458,103,491,508,103,245,513,323,103,357,172,430,414,359,472,170,397
427,178,168,72,435,102,428,133,137,173,384,474,808,266,250,269,309,800,440,39,223,413,263,169,268,122,288,197,210,545,622,1222,250,399,92,458,396,61,236,441,288,101,348,158,340,390,293,457,153,280
194,168,37,38,179,53,181,56,65,85,168,215,344,123,105,102,146,378,225,24,102,216,128,83,108,33,122,91,93,241,265,595,108,183,39,176,193,36,95,211,132,41,163,81,143,190,115,219,64,119
104,72,38,6,78,14,63,22,31,41,79,99,129,62,49,57,56,136,91,12,58,95,62,42,43,29,72,54,48,101,119,204,43,90,15,97,74,12,34,85,66,17,70,38,67,80,75,81,22,64
530,435,179,78,257,102,449,170,151,209,408,522,851,331,285,283,342,915,524,65,280,536,309,196,329,138,369,225,256,657,797,1414,289,514,116,571,515,79,265,576,319,102,375,202,388,444,320,501,194,354
113,102,53,14,102,9,84,43,39,45,94,127,196,64,73,68,77,196,123,18,79,119,76,45,57,31,91,58,58,150,147,286,54,103,28,119,82,16,62,111,92,36,83,52,79,110,86,112,41,80
487,428,181,63,449,84,213,155,153,181,384,544,818,286,258,282,331,851,507,70,284,484,282,191,311,119,345,208,239,622,749,1309,250,426,116,538,415,87,245,513,337,126,354,173,371,443,295,517,172,314
176,133,56,22,170,43,155,23,47,69,137,153,293,123,81,85,105,293,164,24,93,167,82,79,92,44,122,77,70,195,234,445,102,133,28,135,152,28,77,169,116,36,117,61,132,149,96,144,58,102
156,137,65,31,151,39,153,47,18,69,170,194,331,116,77,75,103,296,171,20,90,193,102,70,108,55,136,85,74,197,225,488,94,156,40,178,153,33,81,154,104,37,118,57,156,152,99,161,68,116
264,173,85,41,209,45,181,69,69,33,157,217,360,149,114,123,154,356,176,24,108,213,118,81,133,51,135,99,92,208,284,529,79,197,48,221,215,35,86,212,151,47,151,79,156,167,123,206,87,143
468,384,168,79,408,94,384,137,170,157,180,461,772,283,225,266,335,731,398,57,237,422,281,159,305,113,298,198,207,525,638,1160,209,412,92,475,381,66,213,407,282,86,314,163,354,349,292,441,161,291
493,474,215,99,522,127,544,153,194,217,461,285,979,371,281,334,397,1020,574,56,318,538,322,217,372,146,373,284,239,671,822,1527,305,528,122,642,510,94,286,590,354,110,419,226,454,496,349,581,223,391
815,808,344,129,851,196,818,293,331,360,772,979,790,579,478,500,679,1469,945,96,519,897,571,361,636,243,636,415,451,1134,1310,2380,501,798,231,979,822,151,454,1017,617,188,702,362,754,773,582,901,330,627
383,266,123,62,331,64,286,123,116,149,283,371,579,113,174,207,270,578,332,41,186,316,173,113,219,86,224,141,151,410,521,926,185,319,67,310,306,39,171,343,233,63,257,106,271,290,190,357,133,241
326,250,105,49,285,73,258,81,77,114,225,281,478,174,67,140,217,463,282,30,154,265,143,122,178,73,177,125,144,349,393,756,129,273,64,258,254,33,152,286,164,50,186,100,226,240,175,285,104,196
347,269,102,57,283,68,282,85,75,123,266,334,500,207,140,78,223,502,301,30,157,295,167,118,195,61,175,123,144,350,420,848,163,257,66,264,309,43,151,307,177,61,217,100,242,268,178,278,122,213
337,309,146,56,342,77,331,105,103,154,335,397,679,270,217,223,130,691,397,45,201,398,221,147,250,78,286,193,203,495,504,995,218,339,78,364,347,62,158,418,229,71,272,130,299,326,251,362,142,253
837,800,378,136,915,196,851,293,296,356,731,1020,1469,578,463,502,691,811,921,108,530,893,546,342,624,222,610,407,463,1153,1328,2374,444,844,223,925,815,156,450,952,568,185,710,336,702,762,566,909,331,624
545,440,225,91,524,123,507,164,171,176,398,574,945,332,282,301,397,921,281,56,268,466,311,202,330,140,369,248,242,641,749,1366,295,478,107,508,515,72,265,554,359,95,421,186,418,439,321,550,185,359
66,39,24,12,65,18,70,24,20,24,57,56,96,41,30,30,45,108,56,1,39,59,46,26,37,13,41,32,36,64,90,178,31,61,11,62,60,12,35,61,45,12,49,19,54,52,38,63,25,42
337,223,102,58,280,79,284,93,90,108,237,318,519,186,154,157,201,530,268,39,70,291,183,117,200,75,179,113,145,365,455,798,151,252,64,280,275,47,123,306,175,55,226,109,242,253,185,316,109,169
529,413,216,95,536,119,484,167,193,213,422,538,897,316,265,295,398,893,466,59,291,262,318,192,345,129,343,263,268,660,684,1377,274,486,116,526,504,71,268,563,330,110,370,161,395,415,301,493,191,360
331,263,128,62,309,76,282,82,102,118,281,322,571,173,143,167,221,546,311,46,183,318,77,109,175,86,205,133,141,398,469,828,147,285,72,318,283,41,163,326,204,69,213,95,237,287,181,333,112,195
226,169,83,42,196,45,191,79,70,81,159,217,361,113,122,118,147,342,202,26,117,192,109,35,136,50,135,72,85,250,299,535,114,185,41,235,174,27,109,216,132,48,141,83,151,165,130,206,66,124
357,268,108,43,329,57,311,92,108,133,305,372,636,219,178,195,250,624,330,37,200,345,175,136,99,99,227,145,164,412,513,963,186,311,69,365,307,50,160,317,194,75,241,122,260,333,189,366,106,225
136,122,33,29,138,31,119,44,55,51,113,146,243,86,73,61,78,222,140,13,75,129,86,50,99,16,75,36,60,163,193,371,59,124,29,115,111,19,71,124,79,23,107,38,92,113,78,159,40,77
369,288,122,72,369,91,345,122,136,135,298,373,636,224,177,175,286,610,369,41,179,343,205,135,227,75,116,129,166,417,550,946,172,322,74,378,331,55,190,354,214,69,283,127,268,319,208,404,125,233
317,197,91,54,225,58,208,77,85,99,198,284,415,141,125,123,193,407,248,32,113,263,133,72,145,36,129,52,110,282,360,717,136,225,64,249,214,48,124,237,176,39,183,93,184,224,152,212,113,164
317,210,93,48,256,58,239,70,74,92,207,239,451,151,144,144,203,463,242,36,145,268,141,85,164,60,166,110,56,316,348,664,140,230,61,234,239,39,106,227,140,48,195,75,191,235,169,247,104,172
601,545,241,101,657,150,622,195,197,208,525,671,1134,410,349,350,495,1153,641,64,365,660,398,250,412,163,417,282,316,409,952,1814,400,613,138,665,596,108,316,704,398,139,502,250,516,644,410,652,252,404
682,622,265,119,797,147,749,234,225,284,638,822,1310,521,393,420,504,1328,749,90,455,684,469,299,513,193,550,360,348,952,534,2037,407,705,163,743,684,122,387,810,502,158,564,264,603,681,495,786,273,511
1171,1222,595,204,1414,286,1309,445,488,529,1160,1527,2380,926,756,848,995,2374,1366,178,798,1377,828,535,963,371,946,717,664,1814,2037,1882,739,1283,335,1496,1254,254,748,1472,916,273,1012,500,1168,1318,862,1478,492,921
243,250,108,43,289,54,250,102,94,79,209,305,501,185,129,163,218,444,295,31,151,274,147,114,186,59,172,136,140,400,407,739,63,248,75,313,260,40,157,287,175,51,218,99,229,253,181,275,103,180
458,399,183,90,514,103,426,133,156,197,412,528,798,319,273,257,339,844,478,61,252,486,285,185,311,124,322,225,230,613,705,1283,248,237,117,485,436,79,223,506,305,109,330,186,386,438,324,484,180,313
103,92,39,15,116,28,116,28,40,48,92,122,231,67,64,66,78,223,107,11,64,116,72,41,69,29,74,64,61,138,163,335,75,117,8,126,102,25,51,119,82,26,81,47,100,102,61,115,39,72
491,458,176,97,571,119,538,135,178,221,475,642,979,310,258,264,364,925,508,62,280,526,318,235,365,115,378,249,234,665,743,1496,313,485,126,265,495,106,253,581,334,101,375,220,452,511,358,569,233,389
508,396,193,74,515,82,415,152,153,215,381,510,822,306,254,309,347,815,515,60,275,504,283,174,307,111,331,214,239,596,684,1254,260,436,102,495,196,77,232,514,316,99,355,161,362,431,326,463,145,329
103,61,36,12,79,16,87,28,33,35,66,94,151,39,33,43,62,156,72,12,47,71,41,27,50,19,55,48,39,108,122,254,40,79,25,106,77,5,46,86,54,18,76,34,50,70,51,81,32,69
245,236,95,34,265,62,245,77,81,86,213,286,454,171,152,151,158,450,265,35,123,268,163,109,160,71,190,124,106,316,387,748,157,223,51,253,232,46,71,273,172,58,199,106,203,252,173,272,104,158
513,441,211,85,576,111,513,169,154,212,407,590,1017,343,286,307,418,952,554,61,306,563,326,216,317,124,354,237,227,704,810,1472,287,506,119,581,514,86,273,280,346,132,415,209,416,484,331,532,198,377
323,288,132,66,319,92,337,116,104,151,282,354,617,233,164,177,229,568,359,45,175,330,204,132,194,79,214,176,140,398,502,916,175,305,82,334,316,54,172,346,113,69,247,109,269,294,219,309,120,208
103,101,41,17,102,36,126,36,37,47,86,110,188,63,50,61,71,185,95,12,55,110,69,48,75,23,69,39,48,139,158,273,51,109,26,101,99,18,58,132,69,9,86,39,98,109,73,128,41,72
357,348,163,70,375,83,354,117,118,151,314,419,702,257,186,217,272,710,421,49,226,370,213,141,241,107,283,183,195,502,564,1012,218,330,81,375,355,76,199,415,247,86,140,152,297,349,264,364,148,274
172,158,81,38,202,52,173,61,57,79,163,226,362,106,100,100,130,336,186,19,109,161,95,83,122,38,127,93,75,250,264,500,99,186,47,220,161,34,106,209,109,39,152,22,153,181,117,193,73,130
430,340,143,67,388,79,371,132,156,156,354,454,754,271,226,242,299,702,418,54,242,395,237,151,260,92,268,184,191,516,603,1168,229,386,100,452,362,50,203,416,269,98,297,153,165,366,247,418,164,259
414,390,190,80,444,110,443,149,152,167,349,496,773,290,240,268,326,762,439,52,253,415,287,165,333,113,319,224,235,644,681,1318,253,438,102,511,431,70,252,484,294,109,349,181,366,243,319,473,166,314
359,293,115,75,320,86,295,96,99,123,292,349,582,190,175,178,251,566,321,38,185,301,181,130,189,78,208,152,169,410,495,862,181,324,61,358,326,51,173,331,219,73,264,117,247,319,87,346,122,222
472,457,219,81,501,112,517,144,161,206,441,581,901,357,285,278,362,909,550,63,316,493,333,206,366,159,404,212,247,652,786,1478,275,484,115,569,463,81,272,532,309,128,364,193,418,473,346,249,199,362
170,153,64,22,194,41,172,58,68,87,161,223,330,133,104,122,142,331,185,25,109,191,112,66,106,40,125,113,104,252,273,492,103,180,39,233,145,32,104,198,120,41,148,73,164,166,122,199,27,126
397,280,119,64,354,80,314,102,116,143,291,391,627,241,196,213,253,624,359,42,169,360,195,124,225,77,233,164,172,404,511,921,180,313,72,389,329,69,158,377,208,72,274,130,259,314,222,362,126,130
