271,452,222,90,516,102,476,195,166,243,449,525,763,375,327,363,349,838,488,73,339,507,336,212,337,145,370,286,277,626,664,1255,264,510,115,525,468,84,284,472,333,92,394,191,417,409,350,493,153,330
452,212,155,74,419,104,451,142,148,180,363,484,776,254,230,241,305,809,456,49,217,463,289,173,304,115,314,214,234,527,658,1285,260,392,111,469,398,80,238,454,283,83,313,166,363,428,323,451,188,270
222,155,43,32,202,42,194,54,46,80,174,234,361,127,105,122,126,347,185,13,99,202,112,91,130,46,126,67,89,226,302,549,109,182,52,194,180,47,98,227,139,32,180,65,162,189,106,204,66,134
90,74,32,7,87,16,73,31,26,38,82,101,139,60,48,65,68,145,94,13,49,85,46,38,49,17,53,46,49,114,137,206,41,64,17,95,70,15,53,97,55,22,51,29,63,89,52,92,27,57
516,419,202,87,243,114,512,151,162,200,435,629,978,326,267,292,363,961,562,69,272,532,294,217,364,141,373,253,267,618,784,1522,299,500,124,564,470,90,252,556,358,117,386,213,430,484,358,569,188,378
102,104,42,16,114,13,111,37,31,36,87,118,194,80,70,89,78,207,115,13,62,105,67,49,71,35,77,66,57,143,181,324,62,91,25,127,97,23,60,133,60,17,79,48,93,126,75,99,40,64
476,451,194,73,512,111,246,146,146,220,444,560,842,319,268,294,344,856,542,61,253,504,295,178,316,123,338,227,246,576,727,1355,266,452,109,545,437,91,251,531,331,97,341,200,396,463,307,465,168,341
195,142,54,31,151,37,146,17,52,66,139,151,262,94,74,80,92,245,110,19,69,136,95,61,104,61,107,65,71,199,244,408,91,139,40,151,127,29,63,149,78,36,102,57,102,148,96,137,60,106
166,148,46,26,162,31,146,52,16,66,143,184,306,98,89,94,134,285,177,23,79,161,97,59,119,36,112,78,92,204,226,502,102,161,55,174,171,27,83,184,101,36,134,55,136,149,97,178,58,106
243,180,80,38,200,36,220,66,66,48,172,216,353,138,104,113,156,384,220,26,126,201,129,114,154,51,150,112,105,266,296,530,105,184,45,213,199,41,111,208,136,54,155,66,202,184,112,207,73,159
449,363,174,82,435,87,444,139,143,172,168,433,749,279,230,235,305,804,445,55,257,425,264,162,286,105,279,200,225,548,625,1159,243,387,82,474,371,82,218,426,283,101,307,140,338,386,284,436,145,293
525,484,234,101,629,118,560,151,184,216,433,307,1023,356,266,282,393,1093,590,79,274,596,340,217,354,121,370,236,269,751,897,1635,300,531,134,591,490,89,303,682,375,108,435,224,454,495,336,643,210,357
763,776,361,139,978,194,842,262,306,353,749,1023,861,573,461,539,657,1501,941,114,535,919,523,340,605,247,611,419,444,1139,1406,2528,484,896,213,972,868,160,444,1005,617,186,737,386,701,869,579,927,356,591
375,254,127,60,326,80,319,94,98,138,279,356,573,94,158,183,247,577,283,40,164,318,215,131,230,88,222,157,147,383,474,893,177,304,66,341,307,55,176,333,214,65,264,116,268,293,214,367,129,246
327,230,105,48,267,70,268,74,89,104,230,266,461,158,59,124,190,497,251,31,154,258,151,116,175,85,182,120,116,324,405,754,136,263,63,289,237,38,140,288,181,58,201,110,201,279,147,286,94,196
363,241,122,65,292,89,294,80,94,113,235,282,539,183,124,71,182,557,263,46,159,293,152,123,182,80,172,129,130,358,438,870,154,295,74,297,306,41,145,314,204,59,190,112,232,271,172,299,106,183
349,305,126,68,363,78,344,92,134,156,305,393,657,247,190,182,123,696,383,50,221,379,189,153,233,85,235,186,163,491,516,1097,213,345,84,344,352,75,182,384,254,76,260,166,275,340,210,368,142,234
838,809,347,145,961,207,856,245,285,384,804,1093,1501,577,497,557,696,828,956,111,491,948,535,343,588,241,636,413,455,1142,1445,2444,482,852,213,1001,869,155,429,995,617,186,729,363,720,847,594,942,364,600
488,456,185,94,562,115,542,110,177,220,445,590,941,283,251,263,383,956,242,62,257,476,305,194,346,143,374,211,247,624,767,1415,306,479,96,536,485,79,260,599,345,110,377,198,391,489,335,540,193,344
73,49,13,13,69,13,61,19,23,26,55,79,114,40,31,46,50,111,62,0,30,71,41,28,45,18,50,24,34,78,101,197,48,57,16,67,59,7,30,67,41,13,50,30,63,54,40,50,33,41
339,217,99,49,272,62,253,69,79,126,257,274,535,164,154,159,221,491,257,30,69,301,155,116,166,63,182,138,113,366,414,765,160,242,65,323,280,40,146,281,192,56,233,96,201,273,158,274,113,186
507,463,202,85,532,105,504,136,161,201,425,596,919,318,258,293,379,948,476,71,301,253,317,197,356,123,358,245,255,653,755,1462,307,480,114,597,465,81,249,583,348,110,371,193,405,501,367,518,195,358
336,289,112,46,294,67,295,95,97,129,264,340,523,215,151,152,189,535,305,41,155,317,110,119,183,87,210,143,158,352,465,797,157,267,63,298,274,52,149,293,195,61,225,125,253,277,181,328,100,215
212,173,91,38,217,49,178,61,59,114,162,217,340,131,116,123,153,343,194,28,116,197,119,35,135,44,131,93,83,257,301,569,118,202,45,217,177,32,103,198,153,39,138,78,162,196,158,215,76,125
337,304,130,49,364,71,316,104,119,154,286,354,605,230,175,182,233,588,346,45,166,356,183,135,96,76,219,163,171,394,538,976,194,335,76,337,333,60,157,337,222,76,286,122,247,344,218,355,121,204
145,115,46,17,141,35,123,61,36,51,105,121,247,88,85,80,85,241,143,18,63,123,87,44,76,24,84,70,53,153,176,338,71,112,23,124,114,18,71,146,97,29,98,51,95,113,96,137,38,82
370,314,126,53,373,77,338,107,112,150,279,370,611,222,182,172,235,636,374,50,182,358,210,131,219,84,107,162,164,391,518,934,206,335,73,352,307,52,155,368,224,73,258,115,270,327,228,380,126,213
286,214,67,46,253,66,227,65,78,112,200,236,419,157,120,129,186,413,211,24,138,245,143,93,163,70,162,58,131,279,359,614,121,239,52,236,240,40,93,285,143,47,187,109,190,224,150,246,82,178
277,234,89,49,267,57,246,71,92,105,225,269,444,147,116,130,163,455,247,34,113,255,158,83,171,53,164,131,67,305,363,698,159,221,49,266,250,31,136,300,159,54,198,97,191,230,155,267,106,172
626,527,226,114,618,143,576,199,204,266,548,751,1139,383,324,358,491,1142,624,78,366,653,352,257,394,153,391,279,305,388,986,1832,344,580,148,635,626,104,282,676,443,143,507,258,496,618,380,684,244,417
664,658,302,137,784,181,727,244,226,296,625,897,1406,474,405,438,516,1445,767,101,414,755,465,301,538,176,518,359,363,986,581,2169,436,721,191,772,718,125,398,822,527,150,574,284,588,761,530,736,273,510
1255,1285,549,206,1522,324,1355,408,502,530,1159,1635,2528,893,754,870,1097,2444,1415,197,765,1462,797,569,976,338,934,614,698,1832,2169,1952,761,1316,301,1589,1316,268,722,1581,960,316,1121,564,1130,1344,897,1471,522,953
264,260,109,41,299,62,266,91,102,105,243,300,484,177,136,154,213,482,306,48,160,307,157,118,194,71,206,121,159,344,436,761,88,248,59,305,242,59,149,282,196,49,221,119,232,276,191,280,105,200
510,392,182,64,500,91,452,139,161,184,387,531,896,304,263,295,345,852,479,57,242,480,267,202,335,112,335,239,221,580,721,1316,248,218,108,531,437,101,259,490,338,101,354,187,415,432,296,473,184,318
115,111,52,17,124,25,109,40,55,45,82,134,213,66,63,74,84,213,96,16,65,114,63,45,76,23,73,52,49,148,191,301,59,108,13,131,107,29,60,127,73,24,101,55,102,107,76,132,42,72
525,469,194,95,564,127,545,151,174,213,474,591,972,341,289,297,344,1001,536,67,323,597,298,217,337,124,352,236,266,635,772,1589,305,531,131,267,495,91,273,595,364,105,402,192,417,488,321,557,211,361
468,398,180,70,470,97,437,127,171,199,371,490,868,307,237,306,352,869,485,59,280,465,274,177,333,114,307,240,250,626,718,1316,242,437,107,495,225,79,254,511,338,94,347,183,384,388,315,499,198,306
84,80,47,15,90,23,91,29,27,41,82,89,160,55,38,41,75,155,79,7,40,81,52,32,60,18,52,40,31,104,125,268,59,101,29,91,79,5,55,94,53,21,64,38,66,87,60,78,40,62
284,238,98,53,252,60,251,63,83,111,218,303,444,176,140,145,182,429,260,30,146,249,149,103,157,71,155,93,136,282,398,722,149,259,60,273,254,55,61,280,154,55,193,104,190,251,169,259,107,172
472,454,227,97,556,133,531,149,184,208,426,682,1005,333,288,314,384,995,599,67,281,583,293,198,337,146,368,285,300,676,822,1581,282,490,127,595,511,94,280,270,369,114,395,211,425,544,370,568,213,332
333,283,139,55,358,60,331,78,101,136,283,375,617,214,181,204,254,617,345,41,192,348,195,153,222,97,224,143,159,443,527,960,196,338,73,364,338,53,154,369,113,68,271,131,242,331,202,345,126,235
92,83,32,22,117,17,97,36,36,54,101,108,186,65,58,59,76,186,110,13,56,110,61,39,76,29,73,47,54,143,150,316,49,101,24,105,94,21,55,114,68,9,87,38,77,90,64,125,41,61
394,313,180,51,386,79,341,102,134,155,307,435,737,264,201,190,260,729,377,50,233,371,225,138,286,98,258,187,198,507,574,1121,221,354,101,402,347,64,193,395,271,87,137,121,337,364,256,385,141,248
191,166,65,29,213,48,200,57,55,66,140,224,386,116,110,112,166,363,198,30,96,193,125,78,122,51,115,109,97,258,284,564,119,187,55,192,183,38,104,211,131,38,121,36,158,180,123,196,71,112
417,363,162,63,430,93,396,102,136,202,338,454,701,268,201,232,275,720,391,63,201,405,253,162,247,95,270,190,191,496,588,1130,232,415,102,417,384,66,190,425,242,77,337,158,162,394,266,432,154,284
409,428,189,89,484,126,463,148,149,184,386,495,869,293,279,271,340,847,489,54,273,501,277,196,344,113,327,224,230,618,761,1344,276,432,107,488,388,87,251,544,331,90,364,180,394,214,345,523,191,308
350,323,106,52,358,75,307,96,97,112,284,336,579,214,147,172,210,594,335,40,158,367,181,158,218,96,228,150,155,380,530,897,191,296,76,321,315,60,169,370,202,64,256,123,266,345,112,350,120,216
493,451,204,92,569,99,465,137,178,207,436,643,927,367,286,299,368,942,540,50,274,518,328,215,355,137,380,246,267,684,736,1471,280,473,132,557,499,78,259,568,345,125,385,196,432,523,350,289,184,335
153,188,66,27,188,40,168,60,58,73,145,210,356,129,94,106,142,364,193,33,113,195,100,76,121,38,126,82,106,244,273,522,105,184,42,211,198,40,107,213,126,41,141,71,154,191,120,184,35,106
330,270,134,57,378,64,341,106,106,159,293,357,591,246,196,183,234,600,344,41,186,358,215,125,204,82,213,178,172,417,510,953,200,318,72,361,306,62,172,332,235,61,248,112,284,308,216,335,106,139
