276,454,205,93,493,111,468,177,173,248,460,516,867,365,338,356,393,813,518,76,346,494,346,203,322,137,354,282,288,585,690,1191,237,473,104,516,491,98,250,461,310,113,330,164,401,433,333,470,161,357
454,191,188,80,447,107,444,125,142,184,388,485,767,311,225,249,307,770,467,66,233,465,259,180,253,105,293,177,206,525,672,1183,207,438,91,469,395,79,215,461,286,83,358,151,348,405,249,437,144,307
205,188,39,31,205,44,185,52,71,97,171,231,368,135,123,129,136,362,202,21,113,205,134,79,141,52,113,91,91,231,268,552,109,187,40,184,173,29,109,223,122,38,168,85,157,178,131,207,76,133
93,80,31,5,83,18,77,18,29,34,73,98,122,55,41,46,57,130,83,11,46,82,55,29,66,20,54,46,55,106,119,198,36,67,13,98,77,16,43,82,47,17,58,33,67,74,60,89,20,66
493,447,205,83,263,105,475,153,166,232,425,566,895,337,288,305,377,867,496,61,310,516,312,219,322,139,317,256,267,637,759,1391,274,466,116,524,478,91,257,535,334,110,382,172,406,473,354,540,199,363
111,107,44,18,105,8,95,31,38,43,100,119,199,75,56,67,84,194,104,18,57,104,75,53,78,24,83,67,65,136,159,268,48,104,18,115,109,24,58,125,75,23,90,39,91,91,63,115,34,82
468,444,185,77,475,95,232,155,162,197,397,540,870,292,235,274,373,856,436,60,283,473,280,192,347,133,351,244,240,580,741,1215,237,471,106,538,425,69,228,529,313,97,350,191,370,438,322,490,171,371
177,125,52,18,153,31,155,18,46,67,147,165,276,100,82,79,118,269,164,23,72,151,83,50,89,20,97,56,78,179,254,467,72,122,30,170,135,27,67,169,104,33,126,70,112,137,89,170,59,121
173,142,71,29,166,38,162,46,28,72,127,188,298,124,104,106,98,282,163,13,84,177,96,77,104,42,93,76,79,194,254,455,95,165,39,153,156,17,81,164,103,33,118,61,141,154,97,166,58,106
248,184,97,34,232,43,197,67,72,44,165,221,379,126,119,124,163,376,220,26,108,228,138,92,147,41,130,96,94,234,312,576,119,176,44,194,180,42,99,225,151,42,164,73,168,180,139,207,80,140
460,388,171,73,425,100,397,147,127,165,164,487,780,273,215,266,318,732,424,56,245,425,291,178,263,101,272,201,189,535,624,1168,232,363,92,475,392,78,211,395,259,92,344,134,334,377,290,436,135,302
516,485,231,98,566,119,540,165,188,221,487,282,967,391,263,309,425,946,595,63,277,597,315,238,347,126,368,241,290,682,855,1500,281,516,132,630,528,102,274,615,369,103,407,233,449,510,369,548,189,374
867,767,368,122,895,199,870,276,298,379,780,967,796,599,450,508,649,1424,933,108,506,962,495,351,579,222,598,399,446,1078,1331,2409,462,878,186,965,836,145,405,965,588,190,674,311,704,802,559,893,324,602
365,311,135,55,337,75,292,100,124,126,273,391,599,96,168,182,226,592,346,36,166,340,207,118,235,84,223,164,179,394,488,959,205,305,76,312,293,53,181,346,200,73,285,103,259,293,191,341,132,242
338,225,123,41,288,56,235,82,104,119,215,263,450,168,62,123,182,443,287,47,153,284,165,113,157,71,191,133,161,299,429,734,121,270,54,273,232,34,129,273,171,63,198,107,192,256,168,279,90,163
356,249,129,46,305,67,274,79,106,124,266,309,508,182,123,76,205,517,310,41,145,336,194,124,205,76,212,141,170,345,465,774,143,285,48,297,260,45,133,303,175,66,237,109,247,298,193,316,100,190
393,307,136,57,377,84,373,118,98,163,318,425,649,226,182,205,136,622,352,54,214,385,208,142,255,76,231,171,178,480,523,975,189,329,101,377,336,64,200,383,256,74,237,128,309,351,236,376,144,246
813,770,362,130,867,194,856,269,282,376,732,946,1424,592,443,517,622,784,879,113,497,928,505,336,577,205,594,395,448,1082,1374,2421,440,852,201,974,796,156,431,920,559,197,643,319,701,822,527,880,301,560
518,467,202,83,496,104,436,164,163,220,424,595,933,346,287,310,352,879,236,53,269,464,284,178,347,137,366,220,257,677,753,1438,261,473,127,511,459,77,243,537,293,109,365,185,394,456,315,527,191,349
76,66,21,11,61,18,60,23,13,26,56,63,108,36,47,41,54,113,53,2,39,55,42,24,40,17,43,29,28,77,90,200,34,42,20,68,59,9,40,70,42,16,53,26,51,66,46,77,24,43
346,233,113,46,310,57,283,72,84,108,245,277,506,166,153,145,214,497,269,39,69,295,149,113,173,74,168,118,133,325,423,794,148,302,64,308,256,38,137,280,202,69,220,107,222,266,171,283,89,169
494,465,205,82,516,104,473,151,177,228,425,597,962,340,284,336,385,928,464,55,295,273,292,209,334,137,377,233,263,649,810,1375,258,491,126,545,490,86,246,541,297,103,379,177,417,456,323,518,198,379
346,259,134,55,312,75,280,83,96,138,291,315,495,207,165,194,208,505,284,42,149,292,93,133,190,70,185,149,144,369,390,840,153,270,64,313,284,42,143,308,196,48,242,125,245,234,223,313,117,199
203,180,79,29,219,53,192,50,77,92,178,238,351,118,113,124,142,336,178,24,113,209,133,34,138,48,125,88,101,249,296,529,118,183,48,209,179,37,103,201,130,46,156,74,157,183,126,212,78,146
322,253,141,66,322,78,347,89,104,147,263,347,579,235,157,205,255,577,347,40,173,334,190,138,89,73,211,150,154,387,499,924,181,305,74,345,317,41,153,387,227,69,254,119,258,279,212,378,116,237
137,105,52,20,139,24,133,20,42,41,101,126,222,84,71,76,76,205,137,17,74,137,70,48,73,9,89,47,56,148,196,344,69,113,48,135,107,26,53,145,98,33,105,36,109,115,100,153,56,103
354,293,113,54,317,83,351,97,93,130,272,368,598,223,191,212,231,594,366,43,168,377,185,125,211,89,112,135,162,413,545,960,195,293,89,345,311,65,174,392,217,71,279,117,261,320,217,393,142,232
282,177,91,46,256,67,244,56,76,96,201,241,399,164,133,141,171,395,220,29,118,233,149,88,150,47,135,51,104,293,356,598,128,241,49,231,240,30,98,270,161,34,180,79,182,202,149,278,73,154
288,206,91,55,267,65,240,78,79,94,189,290,446,179,161,170,178,448,257,28,133,263,144,101,154,56,162,104,62,291,366,695,114,229,58,249,273,44,126,309,194,51,208,97,196,216,150,258,98,163
585,525,231,106,637,136,580,179,194,234,535,682,1078,394,299,345,480,1082,677,77,325,649,369,249,387,148,413,293,291,384,941,1698,308,577,144,692,605,90,293,658,404,135,488,204,466,550,384,636,216,411
690,672,268,119,759,159,741,254,254,312,624,855,1331,488,429,465,523,1374,753,90,423,810,390,296,499,196,545,356,366,941,563,1962,375,700,191,802,684,117,403,808,517,161,542,259,595,696,517,764,271,502
1191,1183,552,198,1391,268,1215,467,455,576,1168,1500,2409,959,734,774,975,2421,1438,200,794,1375,840,529,924,344,960,598,695,1698,1962,1869,719,1323,298,1512,1261,236,703,1429,901,287,1035,494,1112,1243,888,1411,514,966
237,207,109,36,274,48,237,72,95,119,232,281,462,205,121,143,189,440,261,34,148,258,153,118,181,69,195,128,114,308,375,719,78,235,54,292,264,53,139,282,168,58,193,99,242,252,180,267,95,180
473,438,187,67,466,104,471,122,165,176,363,516,878,305,270,285,329,852,473,42,302,491,270,183,305,113,293,241,229,577,700,1323,235,199,97,464,462,78,235,501,310,92,362,170,380,422,314,501,180,314
104,91,40,13,116,18,106,30,39,44,92,132,186,76,54,48,101,201,127,20,64,126,64,48,74,48,89,49,58,144,191,298,54,97,12,126,90,20,52,116,91,26,82,35,82,99,80,123,49,84
516,469,184,98,524,115,538,170,153,194,475,630,965,312,273,297,377,974,511,68,308,545,313,209,345,135,345,231,249,692,802,1512,292,464,126,296,506,108,264,576,339,114,420,176,412,531,363,553,206,349
491,395,173,77,478,109,425,135,156,180,392,528,836,293,232,260,336,796,459,59,256,490,284,179,317,107,311,240,273,605,684,1261,264,462,90,506,218,88,238,518,296,87,358,168,390,428,318,484,166,338
98,79,29,16,91,24,69,27,17,42,78,102,145,53,34,45,64,156,77,9,38,86,42,37,41,26,65,30,44,90,117,236,53,78,20,108,88,6,29,86,47,14,46,28,62,89,45,83,17,48
250,215,109,43,257,58,228,67,81,99,211,274,405,181,129,133,200,431,243,40,137,246,143,103,153,53,174,98,126,293,403,703,139,235,52,264,238,29,63,254,171,48,196,95,184,234,149,246,95,171
461,461,223,82,535,125,529,169,164,225,395,615,965,346,273,303,383,920,537,70,280,541,308,201,387,145,392,270,309,658,808,1429,282,501,116,576,518,86,254,290,344,114,439,209,448,453,324,553,197,371
310,286,122,47,334,75,313,104,103,151,259,369,588,200,171,175,256,559,293,42,202,297,196,130,227,98,217,161,194,404,517,901,168,310,91,339,296,47,171,344,103,49,256,127,275,266,217,344,122,206
113,83,38,17,110,23,97,33,33,42,92,103,190,73,63,66,74,197,109,16,69,103,48,46,69,33,71,34,51,135,161,287,58,92,26,114,87,14,48,114,49,9,79,42,92,88,72,115,38,65
330,358,168,58,382,90,350,126,118,164,344,407,674,285,198,237,237,643,365,53,220,379,242,156,254,105,279,180,208,488,542,1035,193,362,82,420,358,46,196,439,256,79,143,121,321,327,237,403,122,246
164,151,85,33,172,39,191,70,61,73,134,233,311,103,107,109,128,319,185,26,107,177,125,74,119,36,117,79,97,204,259,494,99,170,35,176,168,28,95,209,127,42,121,43,165,190,108,209,62,120
401,348,157,67,406,91,370,112,141,168,334,449,704,259,192,247,309,701,394,51,222,417,245,157,258,109,261,182,196,466,595,1112,242,380,82,412,390,62,184,448,275,92,321,165,166,359,270,431,147,267
433,405,178,74,473,91,438,137,154,180,377,510,802,293,256,298,351,822,456,66,266,456,234,183,279,115,320,202,216,550,696,1243,252,422,99,531,428,89,234,453,266,88,327,190,359,214,285,457,160,283
333,249,131,60,354,63,322,89,97,139,290,369,559,191,168,193,236,527,315,46,171,323,223,126,212,100,217,149,150,384,517,888,180,314,80,363,318,45,149,324,217,72,237,108,270,285,105,320,130,220
470,437,207,89,540,115,490,170,166,207,436,548,893,341,279,316,376,880,527,77,283,518,313,212,378,153,393,278,258,636,764,1411,267,501,123,553,484,83,246,553,344,115,403,209,431,457,320,260,185,330
161,144,76,20,199,34,171,59,58,80,135,189,324,132,90,100,144,301,191,24,89,198,117,78,116,56,142,73,98,216,271,514,95,180,49,206,166,17,95,197,122,38,122,62,147,160,130,185,33,113
357,307,133,66,363,82,371,121,106,140,302,374,602,242,163,190,246,560,349,43,169,379,199,146,237,103,232,154,163,411,502,966,180,314,84,349,338,48,171,371,206,65,246,120,267,283,220,330,113,115
