253,471,210,91,527,105,468,185,152,254,466,504,802,375,296,320,396,781,531,85,345,556,354,198,364,153,358,297,291,624,747,1187,262,525,112,498,459,78,270,464,299,116,356,174,427,422,346,493,149,389
471,191,158,75,385,99,426,133,135,173,381,488,767,269,230,233,308,776,421,49,245,431,276,166,277,103,289,214,200,580,660,1235,218,416,85,467,387,65,225,460,295,82,354,152,354,408,287,461,167,313
210,158,30,36,208,49,202,58,67,79,171,218,345,133,95,102,140,373,211,27,86,228,111,88,135,55,132,99,111,252,322,567,72,170,46,194,180,36,97,235,149,35,136,77,158,176,124,213,69,121
91,75,36,6,89,18,73,33,27,44,77,96,139,58,45,52,67,139,82,18,48,82,45,27,49,26,64,39,42,106,118,243,41,79,20,97,74,12,43,80,57,18,59,40,67,78,59,81,30,63
527,385,208,89,256,110,511,153,168,207,442,535,925,345,291,299,396,953,524,56,286,528,326,210,343,104,343,279,258,609,773,1428,274,479,120,598,447,103,243,538,345,100,369,195,426,453,336,543,178,363
105,99,49,18,110,8,105,35,34,50,97,119,183,77,52,59,82,193,117,19,68,104,76,34,73,34,80,60,63,166,150,306,53,112,21,101,89,19,56,114,69,28,83,51,93,95,72,107,44,71
468,426,202,73,511,105,205,143,170,205,421,526,874,298,250,301,369,848,516,76,274,481,288,178,311,126,336,205,234,632,774,1336,247,472,112,520,422,72,259,533,331,123,364,173,349,444,283,479,150,317
185,133,58,33,153,35,143,28,35,75,146,155,274,97,78,79,97,275,162,21,96,169,76,60,89,41,111,84,71,202,226,416,77,149,35,165,133,23,70,165,107,32,132,44,113,143,101,171,51,107
152,135,67,27,168,34,170,35,28,67,139,200,294,106,90,97,129,314,163,28,95,170,114,59,91,37,111,88,88,218,243,456,88,159,35,174,145,22,77,203,106,33,126,58,116,153,102,176,56,94
254,173,79,44,207,50,205,75,67,45,171,212,325,138,104,122,161,323,217,28,136,202,138,86,115,46,132,98,105,263,292,545,111,181,51,225,217,32,112,222,133,49,157,78,154,163,129,221,76,145
466,381,171,77,442,97,421,146,139,171,187,469,753,274,220,235,314,757,420,54,245,431,273,195,301,103,288,200,204,570,645,1188,230,397,92,473,433,71,240,448,257,97,308,153,357,359,254,439,155,296
504,488,218,96,535,119,526,155,200,212,469,355,1076,377,295,326,379,1034,586,63,307,603,318,236,349,128,369,249,261,690,861,1672,286,503,110,583,522,102,281,610,356,122,457,230,454,472,355,555,210,373
802,767,345,139,925,183,874,274,294,325,753,1076,852,576,472,501,621,1488,920,101,523,912,524,345,595,209,617,396,442,1195,1355,2400,480,808,191,1036,800,154,464,911,601,198,681,326,715,825,570,925,316,629
375,269,133,58,345,77,298,97,106,138,274,377,576,106,181,188,228,601,319,38,190,315,199,110,198,73,198,161,148,413,496,916,178,307,63,355,316,63,162,306,212,53,241,108,244,301,207,319,105,242
296,230,95,45,291,52,250,78,90,104,220,295,472,181,74,137,199,466,282,38,170,297,156,100,174,72,186,108,137,328,381,741,144,252,60,265,238,30,132,296,158,55,204,113,203,240,146,245,109,177
320,233,102,52,299,59,301,79,97,122,235,326,501,188,137,83,207,512,283,35,154,297,163,117,189,96,211,120,138,349,419,827,145,267,73,296,254,41,149,315,165,56,240,105,247,225,165,297,112,198
396,308,140,67,396,82,369,97,129,161,314,379,621,228,199,207,123,639,368,46,183,373,211,119,238,97,256,193,177,448,550,998,199,362,86,388,364,53,176,387,225,80,323,142,300,339,247,391,130,261
781,776,373,139,953,193,848,275,314,323,757,1034,1488,601,466,512,639,836,944,123,518,908,539,367,585,216,607,399,471,1126,1343,2429,481,838,199,975,836,151,463,943,626,189,702,317,717,887,557,929,337,591
531,421,211,82,524,117,516,162,163,217,420,586,920,319,282,283,368,944,254,74,276,501,294,193,329,132,340,233,246,650,769,1455,295,461,126,554,456,87,288,576,302,110,413,205,403,486,297,557,214,359
85,49,27,18,56,19,76,21,28,28,54,63,101,38,38,35,46,123,74,5,50,71,34,31,42,13,35,37,36,55,93,185,36,68,11,66,72,16,29,60,41,12,50,27,46,56,44,64,24,39
345,245,86,48,286,68,274,96,95,136,245,307,523,190,170,154,183,518,276,50,76,286,149,120,186,67,173,133,121,369,411,794,167,240,64,284,243,57,150,285,192,63,224,90,226,248,157,267,95,208
556,431,228,82,528,104,481,169,170,202,431,603,912,315,297,297,373,908,501,71,286,262,332,200,360,109,320,248,265,680,792,1431,287,502,121,545,475,80,280,544,319,120,393,213,420,487,325,563,201,414
354,276,111,45,326,76,288,76,114,138,273,318,524,199,156,163,211,539,294,34,149,332,83,117,189,74,187,158,159,370,439,806,151,275,71,313,273,49,157,331,189,48,228,123,245,254,174,321,91,193
198,166,88,27,210,34,178,60,59,86,195,236,345,110,100,117,119,367,193,31,120,200,117,35,134,46,118,101,100,249,305,566,87,181,35,236,176,28,104,216,160,37,167,75,143,181,135,218,67,139
364,277,135,49,343,73,311,89,91,115,301,349,595,198,174,189,238,585,329,42,186,360,189,134,113,72,212,161,147,426,516,953,163,318,78,329,317,53,193,330,209,64,234,118,266,276,197,357,120,233
153,103,55,26,104,34,126,41,37,46,103,128,209,73,72,96,97,216,132,13,67,109,74,46,72,13,68,64,62,141,176,347,59,127,22,120,126,20,63,135,82,29,104,56,85,111,70,136,30,87
358,289,132,64,343,80,336,111,111,132,288,369,617,198,186,211,256,607,340,35,173,320,187,118,212,68,95,165,148,409,492,946,149,314,65,328,311,58,172,371,226,71,265,133,253,299,207,359,114,249
297,214,99,39,279,60,205,84,88,98,200,249,396,161,108,120,193,399,233,37,133,248,158,101,161,64,165,59,120,282,353,663,144,225,46,254,226,42,132,239,164,54,174,88,193,227,138,252,88,165
291,200,111,42,258,63,234,71,88,105,204,261,442,148,137,138,177,471,246,36,121,265,159,100,147,62,148,120,74,309,383,716,152,250,59,267,242,43,131,242,155,51,201,88,188,237,153,243,91,169
624,580,252,106,609,166,632,202,218,263,570,690,1195,413,328,349,448,1126,650,55,369,680,370,249,426,141,409,282,309,377,977,1793,370,616,150,641,587,107,326,711,437,136,493,233,500,592,385,681,246,440
747,660,322,118,773,150,774,226,243,292,645,861,1355,496,381,419,550,1343,769,93,411,792,439,305,516,176,492,353,383,977,546,2064,389,732,172,818,733,130,391,831,508,184,573,320,625,668,478,813,279,532
1187,1235,567,243,1428,306,1336,416,456,545,1188,1672,2400,916,741,827,998,2429,1455,185,794,1431,806,566,953,347,946,663,716,1793,2064,1835,705,1293,326,1546,1311,230,669,1476,959,300,1028,531,1152,1292,898,1402,485,981
262,218,72,41,274,53,247,77,88,111,230,286,480,178,144,145,199,481,295,36,167,287,151,87,163,59,149,144,152,370,389,705,59,256,73,307,254,54,135,272,198,60,205,102,214,248,165,263,106,173
525,416,170,79,479,112,472,149,159,181,397,503,808,307,252,267,362,838,461,68,240,502,275,181,318,127,314,225,250,616,732,1293,256,224,111,534,428,85,233,518,292,95,371,188,389,444,300,469,172,317
112,85,46,20,120,21,112,35,35,51,92,110,191,63,60,73,86,199,126,11,64,121,71,35,78,22,65,46,59,150,172,326,73,111,17,113,91,25,68,140,68,23,91,39,81,122,74,114,37,77
498,467,194,97,598,101,520,165,174,225,473,583,1036,355,265,296,388,975,554,66,284,545,313,236,329,120,328,254,267,641,818,1546,307,534,113,271,500,79,252,614,354,100,473,213,443,524,351,595,210,339
459,387,180,74,447,89,422,133,145,217,433,522,800,316,238,254,364,836,456,72,243,475,273,176,317,126,311,226,242,587,733,1311,254,428,91,500,210,75,221,494,299,99,351,187,367,403,312,476,151,305
78,65,36,12,103,19,72,23,22,32,71,102,154,63,30,41,53,151,87,16,57,80,49,28,53,20,58,42,43,107,130,230,54,85,25,79,75,8,42,94,67,10,64,28,69,86,71,93,35,54
270,225,97,43,243,56,259,70,77,112,240,281,464,162,132,149,176,463,288,29,150,280,157,104,193,63,172,132,131,326,391,669,135,233,68,252,221,42,58,282,181,64,182,85,215,251,169,283,89,173
464,460,235,80,538,114,533,165,203,222,448,610,911,306,296,315,387,943,576,60,285,544,331,216,330,135,371,239,242,711,831,1476,272,518,140,614,494,94,282,290,392,121,386,184,404,549,308,556,205,361
299,295,149,57,345,69,331,107,106,133,257,356,601,212,158,165,225,626,302,41,192,319,189,160,209,82,226,164,155,437,508,959,198,292,68,354,299,67,181,392,111,67,229,110,251,324,193,328,133,231
116,82,35,18,100,28,123,32,33,49,97,122,198,53,55,56,80,189,110,12,63,120,48,37,64,29,71,54,51,136,184,300,60,95,23,100,99,10,64,121,67,12,79,35,77,99,64,104,40,77
356,354,136,59,369,83,364,132,126,157,308,457,681,241,204,240,323,702,413,50,224,393,228,167,234,104,265,174,201,493,573,1028,205,371,91,473,351,64,182,386,229,79,154,138,306,355,230,414,134,270
174,152,77,40,195,51,173,44,58,78,153,230,326,108,113,105,142,317,205,27,90,213,123,75,118,56,133,88,88,233,320,531,102,188,39,213,187,28,85,184,110,35,138,33,158,172,109,217,60,126
427,354,158,67,426,93,349,113,116,154,357,454,715,244,203,247,300,717,403,46,226,420,245,143,266,85,253,193,188,500,625,1152,214,389,81,443,367,69,215,404,251,77,306,158,158,357,244,409,153,251
422,408,176,78,453,95,444,143,153,163,359,472,825,301,240,225,339,887,486,56,248,487,254,181,276,111,299,227,237,592,668,1292,248,444,122,524,403,86,251,549,324,99,355,172,357,201,284,455,190,315
346,287,124,59,336,72,283,101,102,129,254,355,570,207,146,165,247,557,297,44,157,325,174,135,197,70,207,138,153,385,478,898,165,300,74,351,312,71,169,308,193,64,230,109,244,284,88,302,104,231
493,461,213,81,543,107,479,171,176,221,439,555,925,319,245,297,391,929,557,64,267,563,321,218,357,136,359,252,243,681,813,1402,263,469,114,595,476,93,283,556,328,104,414,217,409,455,302,266,179,356
149,167,69,30,178,44,150,51,56,76,155,210,316,105,109,112,130,337,214,24,95,201,91,67,120,30,114,88,91,246,279,485,106,172,37,210,151,35,89,205,133,40,134,60,153,190,104,179,22,127
389,313,121,63,363,71,317,107,94,145,296,373,629,242,177,198,261,591,359,39,208,414,193,139,233,87,249,165,169,440,532,981,173,317,77,339,305,54,173,361,231,77,270,126,251,315,231,356,127,119
