268,414,206,87,507,107,465,187,174,261,455,493,801,345,325,355,358,806,525,73,323,524,331,210,327,141,357,268,285,623,686,1132,221,465,99,448,454,71,242,446,291,122,391,165,413,398,317,492,155,393
414,172,175,80,466,80,418,128,155,176,371,485,774,317,211,233,303,753,414,61,225,437,259,179,291,109,284,212,211,518,644,1214,224,417,108,418,411,77,194,448,263,94,359,155,325,381,241,480,168,274
206,175,32,38,191,58,202,60,63,80,174,210,358,136,101,109,138,378,201,16,99,193,106,95,134,45,129,86,106,234,323,577,124,179,35,200,198,36,87,213,127,38,128,67,157,188,117,213,68,142
87,80,38,6,81,24,75,27,28,37,72,105,141,60,49,62,74,154,86,18,46,96,54,33,61,25,56,44,57,121,122,218,42,88,16,96,72,14,46,82,46,17,60,30,70,67,56,84,23,58
507,466,191,81,227,113,461,170,156,213,428,552,882,335,244,267,341,887,530,50,286,534,300,208,325,145,352,223,255,613,772,1345,281,475,112,558,444,95,263,496,340,111,379,185,394,494,280,508,187,338
107,80,58,24,113,13,101,33,40,54,90,132,185,83,69,68,84,182,107,20,60,114,69,46,82,24,65,62,67,142,157,276,44,112,24,122,98,22,53,109,58,25,80,45,84,100,78,108,42,95
465,418,202,75,461,101,221,144,168,192,417,512,838,286,272,299,311,807,484,61,272,470,294,192,307,130,317,247,245,611,655,1268,238,444,91,482,437,81,237,504,304,92,370,201,358,431,328,448,190,309
187,128,60,27,170,33,144,30,53,56,126,158,264,98,82,62,103,285,163,24,80,171,87,63,93,31,91,59,91,197,232,445,81,149,32,133,137,24,79,153,92,33,107,70,117,141,115,156,59,106
174,155,63,28,156,40,168,53,23,64,131,176,310,111,79,92,122,277,175,15,90,162,93,78,116,40,112,68,75,196,228,438,85,169,27,172,154,22,71,153,137,29,115,59,136,146,101,148,54,93
261,176,80,37,213,54,192,56,64,44,174,211,346,103,102,108,147,350,220,19,115,210,116,67,128,50,129,125,103,254,304,561,111,195,44,231,208,45,87,219,127,40,181,68,155,189,134,201,66,145
455,371,174,72,428,90,417,126,131,174,189,476,736,269,206,240,271,695,413,49,228,415,231,168,261,110,300,227,197,529,637,1154,228,414,80,451,404,77,212,426,266,101,345,149,324,406,240,442,148,277
493,485,210,105,552,132,512,158,176,211,476,300,1012,353,297,332,374,1021,570,77,298,545,303,206,336,131,342,262,238,717,837,1490,291,562,116,592,513,95,272,599,353,117,470,198,418,524,320,543,197,389
801,774,358,141,882,185,838,264,310,346,736,1012,750,574,486,519,663,1378,882,112,499,895,542,354,609,231,631,430,466,1128,1341,2382,505,800,186,952,828,160,419,921,605,180,702,366,702,872,571,881,325,591
345,317,136,60,335,83,286,98,111,103,269,353,574,96,166,190,244,572,335,52,160,325,179,124,220,80,226,152,162,397,479,900,163,293,71,335,286,57,174,338,234,70,250,112,250,279,219,352,111,200
325,211,101,49,244,69,272,82,79,102,206,297,486,166,78,139,182,469,279,31,143,281,164,102,180,44,163,117,130,296,394,764,140,266,66,272,273,52,130,282,170,52,191,78,207,264,160,259,103,188
355,233,109,62,267,68,299,62,92,108,240,332,519,190,139,97,188,520,304,32,147,319,166,113,186,50,186,129,137,356,458,821,168,271,63,291,292,53,141,330,181,62,226,104,230,278,178,299,123,201
358,303,138,74,341,84,311,103,122,147,271,374,663,244,182,188,123,635,365,45,204,350,195,123,235,71,226,165,179,456,517,959,168,354,89,372,316,58,170,371,221,76,270,131,251,339,226,373,139,256
806,753,378,154,887,182,807,285,277,350,695,1021,1378,572,469,520,635,757,935,106,489,928,526,340,631,227,575,389,462,1087,1354,2322,481,758,192,949,824,156,443,951,566,180,667,370,676,811,573,857,303,596
525,414,201,86,530,107,484,163,175,220,413,570,882,335,279,304,365,935,275,52,299,508,284,189,324,119,377,226,250,655,778,1364,243,505,131,514,502,108,255,539,314,105,376,187,405,460,304,533,187,345
73,61,16,18,50,20,61,24,15,19,49,77,112,52,31,32,45,106,52,2,30,54,36,29,47,14,35,19,31,66,81,160,30,55,14,58,52,8,34,65,33,13,47,20,57,56,39,48,22,39
323,225,99,46,286,60,272,80,90,115,228,298,499,160,143,147,204,489,299,30,67,279,145,83,176,60,190,123,128,350,437,765,153,266,52,256,248,43,143,300,198,52,235,104,221,287,175,328,103,196
524,437,193,96,534,114,470,171,162,210,415,545,895,325,281,319,350,928,508,54,279,259,296,206,342,129,360,231,250,620,753,1338,258,499,118,538,487,80,256,541,304,100,386,192,397,452,341,532,178,337
331,259,106,54,300,69,294,87,93,116,231,303,542,179,164,166,195,526,284,36,145,296,73,107,162,76,189,115,140,364,433,872,154,290,58,314,293,52,120,297,189,52,232,119,227,298,163,317,98,182
210,179,95,33,208,46,192,63,78,67,168,206,354,124,102,113,123,340,189,29,83,206,107,46,121,58,142,93,108,260,297,511,108,172,42,194,211,24,86,230,135,40,171,80,144,173,126,209,73,141
327,291,134,61,325,82,307,93,116,128,261,336,609,220,180,186,235,631,324,47,176,342,162,121,108,71,188,155,169,428,477,958,204,324,72,352,307,62,145,350,221,61,263,124,247,304,203,370,124,202
141,109,45,25,145,24,130,31,40,50,110,131,231,80,44,50,71,227,119,14,60,129,76,58,71,13,73,64,64,142,188,371,80,121,28,117,138,33,53,129,80,24,107,47,100,120,79,151,54,80
357,284,129,56,352,65,317,91,112,129,300,342,631,226,163,186,226,575,377,35,190,360,189,142,188,73,112,175,155,443,492,959,189,323,71,336,333,57,156,365,217,72,276,134,248,326,206,370,126,216
268,212,86,44,223,62,247,59,68,125,227,262,430,152,117,129,165,389,226,19,123,231,115,93,155,64,175,50,103,264,351,690,132,225,56,230,236,34,108,247,167,45,174,95,172,225,141,270,81,184
285,211,106,57,255,67,245,91,75,103,197,238,466,162,130,137,179,462,250,31,128,250,140,108,169,64,155,103,54,315,378,730,134,268,55,275,242,40,138,265,160,57,203,90,202,219,144,271,77,185
623,518,234,121,613,142,611,197,196,254,529,717,1128,397,296,356,456,1087,655,66,350,620,364,260,428,142,443,264,315,403,948,1711,348,577,130,667,602,91,335,683,383,136,487,239,509,552,419,645,222,401
686,644,323,122,772,157,655,232,228,304,637,837,1341,479,394,458,517,1354,778,81,437,753,433,297,477,188,492,351,378,948,551,2043,409,687,163,784,701,137,404,786,489,147,590,287,555,673,490,747,275,533
1132,1214,577,218,1345,276,1268,445,438,561,1154,1490,2382,900,764,821,959,2322,1364,160,765,1338,872,511,958,371,959,690,730,1711,2043,1830,724,1303,304,1451,1273,251,669,1408,863,281,1030,558,1099,1237,889,1353,495,936
221,224,124,42,281,44,238,81,85,111,228,291,505,163,140,168,168,481,243,30,153,258,154,108,204,80,189,132,134,348,409,724,73,242,54,279,228,53,124,267,178,50,219,97,210,242,160,269,87,179
465,417,179,88,475,112,444,149,169,195,414,562,800,293,266,271,354,758,505,55,266,499,290,172,324,121,323,225,268,577,687,1303,242,246,80,476,443,82,238,450,314,104,329,174,390,452,260,472,176,307
99,108,35,16,112,24,91,32,27,44,80,116,186,71,66,63,89,192,131,14,52,118,58,42,72,28,71,56,55,130,163,304,54,80,11,133,113,20,62,138,77,22,82,47,75,75,64,122,24,75
448,418,200,96,558,122,482,133,172,231,451,592,952,335,272,291,372,949,514,58,256,538,314,194,352,117,336,230,275,667,784,1451,279,476,133,265,456,92,262,581,326,86,434,198,402,470,328,537,177,356
454,411,198,72,444,98,437,137,154,208,404,513,828,286,273,292,316,824,502,52,248,487,293,211,307,138,333,236,242,602,701,1273,228,443,113,456,214,77,247,514,323,89,379,182,380,430,283,470,173,324
71,77,36,14,95,22,81,24,22,45,77,95,160,57,52,53,58,156,108,8,43,80,52,24,62,33,57,34,40,91,137,251,53,82,20,92,77,7,45,80,60,16,59,30,61,81,53,93,30,48
242,194,87,46,263,53,237,79,71,87,212,272,419,174,130,141,170,443,255,34,143,256,120,86,145,53,156,108,138,335,404,669,124,238,62,262,247,45,69,252,184,49,180,106,184,242,178,264,97,158
446,448,213,82,496,109,504,153,153,219,426,599,921,338,282,330,371,951,539,65,300,541,297,230,350,129,365,247,265,683,786,1408,267,450,138,581,514,80,252,296,329,105,432,212,423,502,309,539,186,359
291,263,127,46,340,58,304,92,137,127,266,353,605,234,170,181,221,566,314,33,198,304,189,135,221,80,217,167,160,383,489,863,178,314,77,326,323,60,184,329,106,73,240,128,277,327,215,341,129,218
122,94,38,17,111,25,92,33,29,40,101,117,180,70,52,62,76,180,105,13,52,100,52,40,61,24,72,45,57,136,147,281,50,104,22,86,89,16,49,105,73,9,83,32,84,96,70,104,49,64
391,359,128,60,379,80,370,107,115,181,345,470,702,250,191,226,270,667,376,47,235,386,232,171,263,107,276,174,203,487,590,1030,219,329,82,434,379,59,180,432,240,83,152,145,306,320,228,370,121,276
165,155,67,30,185,45,201,70,59,68,149,198,366,112,78,104,131,370,187,20,104,192,119,80,124,47,134,95,90,239,287,558,97,174,47,198,182,30,106,212,128,32,145,37,162,180,114,180,86,138
413,325,157,70,394,84,358,117,136,155,324,418,702,250,207,230,251,676,405,57,221,397,227,144,247,100,248,172,202,509,555,1099,210,390,75,402,380,61,184,423,277,84,306,162,174,365,262,400,156,255
398,381,188,67,494,100,431,141,146,189,406,524,872,279,264,278,339,811,460,56,287,452,298,173,304,120,326,225,219,552,673,1237,242,452,75,470,430,81,242,502,327,96,320,180,365,202,274,470,177,304
317,241,117,56,280,78,328,115,101,134,240,320,571,219,160,178,226,573,304,39,175,341,163,126,203,79,206,141,144,419,490,889,160,260,64,328,283,53,178,309,215,70,228,114,262,274,99,342,104,232
492,480,213,84,508,108,448,156,148,201,442,543,881,352,259,299,373,857,533,48,328,532,317,209,370,151,370,270,271,645,747,1353,269,472,122,537,470,93,264,539,341,104,370,180,400,470,342,258,192,351
155,168,68,23,187,42,190,59,54,66,148,197,325,111,103,123,139,303,187,22,103,178,98,73,124,54,126,81,77,222,275,495,87,176,24,177,173,30,97,186,129,49,121,86,156,177,104,192,28,115
393,274,142,58,338,95,309,106,93,145,277,389,591,200,188,201,256,596,345,39,196,337,182,141,202,80,216,184,185,401,533,936,179,307,75,356,324,48,158,359,218,64,276,138,255,304,232,351,115,119
