255,470,226,86,487,112,443,191,188,260,459,468,813,370,290,312,381,777,531,65,294,511,326,233,343,145,366,283,293,625,676,1137,232,480,115,507,485,84,245,484,314,95,383,188,386,416,314,475,159,408
470,169,177,84,466,103,420,130,136,166,362,459,782,309,227,228,341,802,427,70,274,462,250,165,257,101,279,193,204,525,661,1230,236,423,111,452,380,63,178,447,288,86,357,176,332,403,284,445,168,279
226,177,44,35,201,39,166,52,65,78,176,198,357,106,98,111,127,391,199,24,92,205,112,75,132,58,144,93,100,224,296,558,104,166,47,204,163,38,80,216,131,38,152,76,158,180,112,187,82,139
86,84,35,8,87,19,69,25,18,47,72,101,140,55,43,46,40,139,82,11,50,73,56,29,58,21,64,47,48,102,130,196,31,95,28,83,75,20,42,67,46,23,58,30,66,72,55,84,30,62
487,466,201,87,230,115,517,145,167,180,436,581,961,354,253,280,396,888,524,50,262,566,325,221,338,136,359,239,251,622,756,1408,268,475,144,561,513,85,265,499,321,97,394,205,426,497,331,537,216,353
112,103,39,19,115,14,89,35,37,49,81,139,178,68,50,60,66,172,104,17,71,107,70,45,78,25,81,53,65,136,183,308,49,121,25,116,89,26,62,104,65,26,68,42,81,100,72,109,39,85
443,420,166,69,517,89,226,156,150,190,393,565,927,349,280,272,307,910,483,72,275,513,310,173,345,126,334,228,237,621,738,1323,262,474,111,501,424,89,241,495,320,109,337,186,420,448,323,515,192,333
191,130,52,25,145,35,156,24,58,63,140,163,287,85,70,83,114,266,143,17,80,136,75,67,109,36,109,60,78,191,232,431,76,142,32,165,125,28,53,161,92,30,124,53,116,143,88,173,60,104
188,136,65,18,167,37,150,58,21,58,131,168,314,103,85,96,134,321,176,15,91,183,114,79,100,45,108,97,104,179,243,444,92,163,49,196,150,33,83,187,109,38,141,51,162,153,105,159,69,108
260,166,78,47,180,49,190,63,58,32,153,224,364,147,107,116,149,365,214,31,133,222,138,76,166,49,140,97,121,247,292,542,101,205,59,224,201,26,99,206,144,47,174,70,167,203,135,220,96,158
459,362,176,72,436,81,393,140,131,153,165,471,726,314,248,265,326,722,386,66,260,420,261,154,320,114,296,217,206,474,653,1163,217,400,125,438,390,72,202,427,309,80,355,156,351,390,296,449,168,323
468,459,198,101,581,139,565,163,168,224,471,302,1023,375,284,316,382,1040,569,60,340,538,349,210,373,151,370,274,262,723,824,1530,297,528,115,586,546,111,296,554,389,126,406,218,450,522,354,574,201,370
813,782,357,140,961,178,927,287,314,364,726,1023,820,638,457,492,650,1458,907,123,502,933,553,363,626,227,666,425,429,1169,1364,2362,458,853,216,1018,800,137,454,938,590,204,654,339,765,807,590,923,317,634
370,309,106,55,354,68,349,85,103,147,314,375,638,113,171,172,219,616,330,40,149,315,197,133,225,70,254,147,199,395,496,872,207,324,74,331,301,58,170,368,231,81,266,121,265,320,194,355,130,260
290,227,98,43,253,50,280,70,85,107,248,284,457,171,64,137,186,472,268,36,138,298,152,137,173,74,211,124,126,331,392,719,152,231,64,278,220,40,124,280,193,47,201,97,241,256,162,285,108,180
312,228,111,46,280,60,272,83,96,116,265,316,492,172,137,81,203,547,295,38,150,331,163,129,191,62,199,124,127,356,441,806,178,267,68,297,279,39,136,272,187,53,219,103,252,276,180,299,106,201
381,341,127,40,396,66,307,114,134,149,326,382,650,219,186,203,117,676,391,49,190,385,233,161,258,100,255,181,184,430,538,1039,201,327,86,399,319,63,192,377,258,66,279,148,305,333,246,353,133,251
777,802,391,139,888,172,910,266,321,365,722,1040,1458,616,472,547,676,799,906,114,474,952,556,380,586,239,612,450,456,1152,1390,2374,441,888,221,968,828,145,446,947,571,190,677,350,740,811,600,949,345,617
531,427,199,82,524,104,483,143,176,214,386,569,907,330,268,295,391,906,265,75,272,475,312,189,325,113,333,247,232,625,705,1437,286,493,111,545,469,82,257,512,336,114,421,185,396,461,335,543,199,345
65,70,24,11,50,17,72,17,15,31,66,60,123,40,36,38,49,114,75,1,35,73,30,33,31,19,42,29,26,71,100,165,33,55,16,55,62,12,29,69,40,15,56,24,62,64,39,70,20,42
294,274,92,50,262,71,275,80,91,133,260,340,502,149,138,150,190,474,272,35,74,288,158,104,178,75,190,139,124,331,414,775,142,279,54,287,278,46,112,297,184,64,203,94,233,284,153,311,103,168
511,462,205,73,566,107,513,136,183,222,420,538,933,315,298,331,385,952,475,73,288,283,290,209,354,113,350,273,256,641,716,1441,293,515,129,523,458,99,249,567,357,127,400,197,444,477,329,553,210,368
326,250,112,56,325,70,310,75,114,138,261,349,553,197,152,163,233,556,312,30,158,290,94,124,190,72,192,139,136,377,465,834,170,277,66,300,277,52,141,314,199,58,238,111,253,284,194,355,114,215
233,165,75,29,221,45,173,67,79,76,154,210,363,133,137,129,161,380,189,33,104,209,124,37,136,38,119,88,105,262,307,548,110,205,55,200,176,35,115,240,147,53,160,83,163,187,138,220,87,150
343,257,132,58,338,78,345,109,100,166,320,373,626,225,173,191,258,586,325,31,178,354,190,136,113,81,235,148,151,403,513,933,174,289,73,334,289,67,161,329,238,57,272,104,256,317,198,386,117,215
145,101,58,21,136,25,126,36,45,49,114,151,227,70,74,62,100,239,113,19,75,113,72,38,81,13,81,54,70,153,189,356,64,144,36,132,124,23,64,129,85,28,119,41,120,122,80,167,59,89
366,279,144,64,359,81,334,109,108,140,296,370,666,254,211,199,255,612,333,42,190,350,192,119,235,81,114,151,152,446,552,929,177,334,81,333,297,66,171,336,241,61,251,110,277,331,218,403,139,237
283,193,93,47,239,53,228,60,97,97,217,274,425,147,124,124,181,450,247,29,139,273,139,88,148,54,151,47,123,296,393,697,144,214,61,258,208,38,115,245,154,44,191,95,202,249,142,254,91,150
293,204,100,48,251,65,237,78,104,121,206,262,429,199,126,127,184,456,232,26,124,256,136,105,151,70,152,123,65,330,392,684,135,240,41,246,239,46,129,277,175,61,193,100,209,219,167,250,97,175
625,525,224,102,622,136,621,191,179,247,474,723,1169,395,331,356,430,1152,625,71,331,641,377,262,403,153,446,296,330,394,986,1805,349,617,142,705,596,112,306,696,383,152,521,243,513,572,375,668,244,426
676,661,296,130,756,183,738,232,243,292,653,824,1364,496,392,441,538,1390,705,100,414,716,465,307,513,189,552,393,392,986,538,2025,366,716,175,822,675,122,351,771,468,146,576,258,604,690,507,744,288,478
1137,1230,558,196,1408,308,1323,431,444,542,1163,1530,2362,872,719,806,1039,2374,1437,165,775,1441,834,548,933,356,929,697,684,1805,2025,1859,734,1334,314,1542,1251,246,671,1460,875,276,1057,502,1086,1227,913,1389,492,922
232,236,104,31,268,49,262,76,92,101,217,297,458,207,152,178,201,441,286,33,142,293,170,110,174,64,177,144,135,349,366,734,72,270,58,283,231,49,113,279,164,38,208,110,218,212,173,273,109,171
480,423,166,95,475,121,474,142,163,205,400,528,853,324,231,267,327,888,493,55,279,515,277,205,289,144,334,214,240,617,716,1334,270,214,100,447,441,80,225,507,293,115,379,159,366,450,298,487,163,311
115,111,47,28,144,25,111,32,49,59,125,115,216,74,64,68,86,221,111,16,54,129,66,55,73,36,81,61,41,142,175,314,58,100,7,129,83,22,47,134,69,25,79,53,87,115,76,109,32,92
507,452,204,83,561,116,501,165,196,224,438,586,1018,331,278,297,399,968,545,55,287,523,300,200,334,132,333,258,246,705,822,1542,283,447,129,294,503,83,273,564,335,105,423,199,387,479,333,539,213,359
485,380,163,75,513,89,424,125,150,201,390,546,800,301,220,279,319,828,469,62,278,458,277,176,289,124,297,208,239,596,675,1251,231,441,83,503,232,71,232,500,302,86,345,182,350,375,314,512,151,319
84,63,38,20,85,26,89,28,33,26,72,111,137,58,40,39,63,145,82,12,46,99,52,35,67,23,66,38,46,112,122,246,49,80,22,83,71,9,53,101,55,15,69,28,72,89,51,97,35,54
245,178,80,42,265,62,241,53,83,99,202,296,454,170,124,136,192,446,257,29,112,249,141,115,161,64,171,115,129,306,351,671,113,225,47,273,232,53,54,244,171,54,182,88,197,234,141,257,88,175
484,447,216,67,499,104,495,161,187,206,427,554,938,368,280,272,377,947,512,69,297,567,314,240,329,129,336,245,277,696,771,1460,279,507,134,564,500,101,244,278,337,95,385,205,456,483,367,536,181,368
314,288,131,46,321,65,320,92,109,144,309,389,590,231,193,187,258,571,336,40,184,357,199,147,238,85,241,154,175,383,468,875,164,293,69,335,302,55,171,337,114,68,245,131,277,305,213,321,97,239
95,86,38,23,97,26,109,30,38,47,80,126,204,81,47,53,66,190,114,15,64,127,58,53,57,28,61,44,61,152,146,276,38,115,25,105,86,15,54,95,68,7,74,37,77,82,67,107,37,79
383,357,152,58,394,68,337,124,141,174,355,406,654,266,201,219,279,677,421,56,203,400,238,160,272,119,251,191,193,521,576,1057,208,379,79,423,345,69,182,385,245,74,139,139,303,319,270,392,134,262
188,176,76,30,205,42,186,53,51,70,156,218,339,121,97,103,148,350,185,24,94,197,111,83,104,41,110,95,100,243,258,502,110,159,53,199,182,28,88,205,131,37,139,31,162,173,122,180,74,137
386,332,158,66,426,81,420,116,162,167,351,450,765,265,241,252,305,740,396,62,233,444,253,163,256,120,277,202,209,513,604,1086,218,366,87,387,350,72,197,456,277,77,303,162,181,388,283,395,171,269
416,403,180,72,497,100,448,143,153,203,390,522,807,320,256,276,333,811,461,64,284,477,284,187,317,122,331,249,219,572,690,1227,212,450,115,479,375,89,234,483,305,82,319,173,388,204,307,498,174,283
314,284,112,55,331,72,323,88,105,135,296,354,590,194,162,180,246,600,335,39,153,329,194,138,198,80,218,142,167,375,507,913,173,298,76,333,314,51,141,367,213,67,270,122,283,307,99,365,134,205
475,445,187,84,537,109,515,173,159,220,449,574,923,355,285,299,353,949,543,70,311,553,355,220,386,167,403,254,250,668,744,1389,273,487,109,539,512,97,257,536,321,107,392,180,395,498,365,267,182,322
159,168,82,30,216,39,192,60,69,96,168,201,317,130,108,106,133,345,199,20,103,210,114,87,117,59,139,91,97,244,288,492,109,163,32,213,151,35,88,181,97,37,134,74,171,174,134,182,40,129
408,279,139,62,353,85,333,104,108,158,323,370,634,260,180,201,251,617,345,42,168,368,215,150,215,89,237,150,175,426,478,922,171,311,92,359,319,54,175,368,239,79,262,137,269,283,205,322,129,123
