258,421,219,78,521,102,466,186,185,251,450,507,833,393,330,353,389,884,500,61,354,493,363,204,375,145,367,265,321,607,708,1168,251,465,104,546,479,75,254,480,308,118,386,202,426,413,344,500,179,384
421,169,165,72,445,109,409,124,140,167,361,479,799,271,224,248,319,747,427,57,215,430,265,151,290,97,266,181,183,531,636,1244,259,423,94,445,418,74,216,431,278,90,341,171,330,400,249,439,175,314
219,165,32,37,182,50,211,56,73,93,195,231,369,147,102,100,154,370,196,22,112,204,112,87,132,51,121,97,87,233,303,568,105,196,49,210,207,21,97,208,120,48,146,61,163,168,129,214,79,124
78,72,37,4,90,24,69,42,29,27,72,82,153,40,47,60,60,153,88,8,39,79,47,31,67,22,55,47,52,99,126,217,52,62,26,82,79,11,55,80,55,21,66,27,63,80,54,78,37,49
521,445,182,90,256,127,524,161,166,198,437,552,919,324,271,296,396,930,551,62,240,541,306,185,345,133,346,266,254,645,758,1419,298,473,106,536,477,81,269,537,327,112,404,193,431,448,322,530,199,313
102,109,50,24,127,18,93,45,36,48,91,120,190,76,64,67,83,196,113,14,55,97,61,36,83,35,78,61,62,144,140,307,71,83,23,126,102,17,71,110,77,37,67,47,79,103,83,110,45,61
466,409,211,69,524,93,238,148,166,190,432,520,870,336,268,294,315,881,479,54,258,494,265,206,321,126,329,234,248,601,691,1254,239,405,116,488,469,77,251,490,313,106,390,191,380,436,334,507,168,329
186,124,56,42,161,45,148,26,53,65,145,170,264,102,86,85,114,285,146,17,82,161,81,59,107,33,88,64,82,179,241,407,69,147,34,134,147,23,62,172,87,29,119,67,123,160,109,143,64,109
185,140,73,29,166,36,166,53,19,69,133,176,296,121,83,87,103,286,195,17,95,169,73,60,110,37,118,74,81,208,226,436,90,155,40,173,163,20,84,167,105,42,122,54,120,143,106,166,54,134
251,167,93,27,198,48,190,65,69,44,157,232,362,159,113,119,155,347,204,22,127,231,117,74,135,50,116,116,97,228,318,538,98,206,43,223,182,38,98,215,152,37,143,66,153,185,141,187,63,162
450,361,195,72,437,91,432,145,133,157,166,458,759,302,247,236,308,738,449,43,238,464,248,173,289,112,296,207,183,551,659,1129,210,440,106,445,397,70,222,431,306,99,349,150,341,388,274,407,145,299
507,479,231,82,552,120,520,170,176,232,458,303,1008,320,287,317,405,1021,559,75,278,561,336,210,381,139,383,297,260,722,862,1610,331,487,134,564,539,102,292,629,372,114,431,219,470,456,338,611,204,386
833,799,369,153,919,190,870,264,296,362,759,1008,797,560,464,493,662,1411,899,113,495,904,553,390,620,259,634,434,454,1123,1274,2371,498,825,233,998,843,159,472,993,634,192,709,368,768,848,585,957,367,585
393,271,147,40,324,76,336,102,121,159,302,320,560,115,163,197,247,547,321,32,172,351,183,119,220,78,211,163,181,366,480,909,181,287,71,343,319,57,184,313,200,74,270,119,257,284,177,363,128,255
330,224,102,47,271,64,268,86,83,113,247,287,464,163,77,113,195,438,275,41,149,273,154,118,176,69,185,137,111,313,416,786,144,238,47,300,258,41,138,292,172,56,202,84,225,227,168,294,108,169
353,248,100,60,296,67,294,85,87,119,236,317,493,197,113,84,190,508,294,41,155,315,168,139,195,66,191,145,124,373,439,819,138,256,47,313,276,46,138,306,189,60,243,94,240,246,179,294,102,209
389,319,154,60,396,83,315,114,103,155,308,405,662,247,195,190,134,618,391,55,232,384,233,136,227,85,231,157,207,481,560,981,190,376,68,398,355,60,182,416,248,77,267,132,298,339,235,366,134,243
884,747,370,153,930,196,881,285,286,347,738,1021,1411,547,438,508,618,724,886,116,498,917,509,387,607,248,594,448,472,1057,1316,2371,466,865,241,1007,895,167,471,979,581,178,712,338,728,817,574,928,342,584
500,427,196,88,551,113,479,146,195,204,449,559,899,321,275,294,391,886,273,71,276,507,275,231,329,123,339,241,276,635,758,1435,254,506,112,534,505,90,259,513,311,114,386,194,400,457,307,509,189,344
61,57,22,8,62,14,54,17,17,22,43,75,113,32,41,41,55,116,71,1,20,57,32,24,34,15,48,26,26,65,104,175,40,54,6,71,60,8,26,85,45,10,56,18,37,62,35,63,20,50
354,215,112,39,240,55,258,82,95,127,238,278,495,172,149,155,232,498,276,20,80,286,151,117,182,77,180,151,145,292,434,800,152,265,69,317,251,42,122,300,180,43,212,94,201,249,152,293,105,197
493,430,204,79,541,97,494,161,169,231,464,561,904,351,273,315,384,917,507,57,286,255,273,207,323,129,360,265,264,651,764,1438,258,480,119,520,497,92,272,563,340,106,428,182,389,477,304,514,179,373
363,265,112,47,306,61,265,81,73,117,248,336,553,183,154,168,233,509,275,32,151,273,81,132,204,75,219,120,166,381,450,809,151,261,56,312,297,45,152,318,193,65,246,96,235,270,180,317,115,213
204,151,87,31,185,36,206,59,60,74,173,210,390,119,118,139,136,387,231,24,117,207,132,34,153,50,123,93,102,260,302,569,109,193,40,192,176,35,108,204,152,36,173,78,162,190,146,205,62,143
375,290,132,67,345,83,321,107,110,135,289,381,620,220,176,195,227,607,329,34,182,323,204,153,98,84,211,158,153,388,509,965,190,308,83,314,346,60,172,366,225,71,283,110,228,283,195,333,134,231
145,97,51,22,133,35,126,33,37,50,112,139,259,78,69,66,85,248,123,15,77,129,75,50,84,15,75,54,49,157,219,368,69,128,32,128,124,11,68,152,82,21,99,42,92,134,86,135,56,96
367,266,121,55,346,78,329,88,118,116,296,383,634,211,185,191,231,594,339,48,180,360,219,123,211,75,105,146,159,407,567,980,194,350,91,342,343,51,170,376,228,77,268,117,246,347,223,354,134,226
265,181,97,47,266,61,234,64,74,116,207,297,434,163,137,145,157,448,241,26,151,265,120,93,158,54,146,54,107,280,371,704,144,219,52,220,224,35,117,241,151,60,166,72,183,215,152,227,106,165
321,183,87,52,254,62,248,82,81,97,183,260,454,181,111,124,207,472,276,26,145,264,166,102,153,49,159,107,62,316,391,737,135,231,52,272,232,44,140,258,164,54,197,83,192,234,142,285,99,188
607,531,233,99,645,144,601,179,208,228,551,722,1123,366,313,373,481,1057,635,65,292,651,381,260,388,157,407,280,316,384,930,1764,323,571,127,687,580,96,316,667,433,128,493,230,506,566,383,599,234,395
708,636,303,126,758,140,691,241,226,318,659,862,1274,480,416,439,560,1316,758,104,434,764,450,302,509,219,567,371,391,930,541,2043,411,700,190,821,672,121,384,809,480,161,550,271,638,661,503,737,282,536
1168,1244,568,217,1419,307,1254,407,436,538,1129,1610,2371,909,786,819,981,2371,1435,175,800,1438,809,569,965,368,980,704,737,1764,2043,1870,706,1252,327,1550,1315,250,703,1548,950,273,1054,530,1123,1258,924,1416,506,927
251,259,105,52,298,71,239,69,90,98,210,331,498,181,144,138,190,466,254,40,152,258,151,109,190,69,194,144,135,323,411,706,68,254,59,291,264,41,125,270,162,56,225,94,213,222,178,294,105,161
465,423,196,62,473,83,405,147,155,206,440,487,825,287,238,256,376,865,506,54,265,480,261,193,308,128,350,219,231,571,700,1252,254,205,92,484,416,73,246,513,297,109,353,172,379,418,281,451,177,315
104,94,49,26,106,23,116,34,40,43,106,134,233,71,47,47,68,241,112,6,69,119,56,40,83,32,91,52,52,127,190,327,59,92,14,115,107,24,64,123,63,28,85,42,99,92,86,132,34,66
546,445,210,82,536,126,488,134,173,223,445,564,998,343,300,313,398,1007,534,71,317,520,312,192,314,128,342,220,272,687,821,1550,291,484,115,297,535,85,256,578,341,109,425,207,405,488,353,552,208,362
479,418,207,79,477,102,469,147,163,182,397,539,843,319,258,276,355,895,505,60,251,497,297,176,346,124,343,224,232,580,672,1315,264,416,107,535,202,88,250,471,316,95,378,170,400,415,291,475,160,301
75,74,21,11,81,17,77,23,20,38,70,102,159,57,41,46,60,167,90,8,42,92,45,35,60,11,51,35,44,96,121,250,41,73,24,85,88,4,39,98,44,16,71,26,67,85,49,84,36,59
254,216,97,55,269,71,251,62,84,98,222,292,472,184,138,138,182,471,259,26,122,272,152,108,172,68,170,117,140,316,384,703,125,246,64,256,250,39,68,270,164,48,192,102,228,263,185,248,90,168
480,431,208,80,537,110,490,172,167,215,431,629,993,313,292,306,416,979,513,85,300,563,318,204,366,152,376,241,258,667,809,1548,270,513,123,578,471,98,270,290,365,115,393,200,437,511,389,565,203,325
308,278,120,55,327,77,313,87,105,152,306,372,634,200,172,189,248,581,311,45,180,340,193,152,225,82,228,151,164,433,480,950,162,297,63,341,316,44,164,365,100,71,238,127,280,304,222,380,132,197
118,90,48,21,112,37,106,29,42,37,99,114,192,74,56,60,77,178,114,10,43,106,65,36,71,21,77,60,54,128,161,273,56,109,28,109,95,16,48,115,71,11,87,40,83,91,68,114,38,72
386,341,146,66,404,67,390,119,122,143,349,431,709,270,202,243,267,712,386,56,212,428,246,173,283,99,268,166,197,493,550,1054,225,353,85,425,378,71,192,393,238,87,149,139,327,331,264,364,143,259
202,171,61,27,193,47,191,67,54,66,150,219,368,119,84,94,132,338,194,18,94,182,96,78,110,42,117,72,83,230,271,530,94,172,42,207,170,26,102,200,127,40,139,32,141,168,115,199,59,126
426,330,163,63,431,79,380,123,120,153,341,470,768,257,225,240,298,728,400,37,201,389,235,162,228,92,246,183,192,506,638,1123,213,379,99,405,400,67,228,437,280,83,327,141,151,360,250,411,153,269
413,400,168,80,448,103,436,160,143,185,388,456,848,284,227,246,339,817,457,62,249,477,270,190,283,134,347,215,234,566,661,1258,222,418,92,488,415,85,263,511,304,91,331,168,360,210,278,456,172,319
344,249,129,54,322,83,334,109,106,141,274,338,585,177,168,179,235,574,307,35,152,304,180,146,195,86,223,152,142,383,503,924,178,281,86,353,291,49,185,389,222,68,264,115,250,278,94,360,129,202
500,439,214,78,530,110,507,143,166,187,407,611,957,363,294,294,366,928,509,63,293,514,317,205,333,135,354,227,285,599,737,1416,294,451,132,552,475,84,248,565,380,114,364,199,411,456,360,255,186,346
179,175,79,37,199,45,168,64,54,63,145,204,367,128,108,102,134,342,189,20,105,179,115,62,134,56,134,106,99,234,282,506,105,177,34,208,160,36,90,203,132,38,143,59,153,172,129,186,35,112
384,314,124,49,313,61,329,109,134,162,299,386,585,255,169,209,243,584,344,50,197,373,213,143,231,96,226,165,188,395,536,927,161,315,66,362,301,59,168,325,197,72,259,126,269,319,202,346,112,132
