283,475,238,103,502,112,500,170,166,254,445,544,857,405,318,366,361,870,522,60,338,527,357,203,357,152,357,273,275,630,720,1238,272,533,104,570,483,86,253,492,305,102,363,202,448,416,346,512,168,402
475,185,177,80,451,117,438,147,147,174,368,471,816,262,235,254,341,821,422,54,226,455,258,163,282,120,273,169,227,549,686,1221,241,406,93,487,412,69,251,469,289,88,337,154,347,387,253,451,150,274
238,177,46,43,221,58,175,54,59,76,181,237,370,122,97,119,141,383,214,20,109,190,118,76,137,39,126,98,105,240,310,604,99,190,36,201,184,32,94,218,139,37,149,77,153,202,131,207,61,128
103,80,43,12,85,27,75,26,28,35,59,96,142,49,43,55,60,136,77,12,66,70,54,38,57,33,71,44,47,114,114,214,40,80,24,89,86,17,45,93,56,18,63,36,74,77,69,81,32,55
502,451,221,85,244,133,490,155,171,180,414,576,925,287,283,307,367,956,501,56,304,482,279,202,328,122,322,234,239,615,756,1426,271,499,129,556,473,89,246,572,369,110,408,181,389,455,307,566,212,340
112,117,58,27,133,16,95,33,43,38,69,110,176,81,63,65,73,214,96,22,64,94,75,48,79,35,87,61,64,180,156,305,53,126,22,115,104,19,45,132,75,18,82,39,94,106,72,109,36,83
500,438,175,75,490,95,230,141,162,197,400,510,854,314,255,261,339,881,498,58,301,432,287,198,359,126,347,226,232,577,688,1395,276,446,108,511,440,107,225,539,295,109,389,204,389,434,340,498,171,306
170,147,54,26,155,33,141,25,42,57,134,155,246,105,103,76,109,235,148,10,80,155,84,53,100,38,96,77,78,153,190,413,91,160,30,161,137,30,67,156,93,30,88,45,109,139,92,139,48,97
166,147,59,28,171,43,162,42,30,70,148,174,266,103,80,89,97,306,161,16,96,173,84,63,126,45,128,61,94,230,253,411,77,158,36,157,141,31,79,172,110,33,139,57,139,125,98,164,63,103
254,174,76,35,180,38,197,57,70,37,157,226,340,160,125,106,146,350,192,20,135,210,144,95,147,62,154,100,101,256,300,547,136,172,45,234,192,26,93,183,143,31,148,85,185,201,139,198,75,139
445,368,181,59,414,69,400,134,148,157,200,512,774,299,230,254,288,754,419,62,257,405,258,190,331,126,307,182,220,567,663,1170,225,358,92,498,372,66,240,429,281,93,318,162,348,385,276,422,162,298
544,471,237,96,576,110,510,155,174,226,512,300,1025,352,274,325,443,1008,599,59,279,615,328,228,346,123,348,246,254,691,892,1687,314,526,136,575,517,95,306,648,362,116,461,208,398,554,365,647,201,358
857,816,370,142,925,176,854,246,266,340,774,1025,837,614,439,480,641,1519,920,111,485,903,513,375,612,220,610,418,453,1127,1370,2557,511,837,207,996,848,145,442,1003,637,199,650,346,729,940,588,954,347,576
405,262,122,49,287,81,314,105,103,160,299,352,614,102,172,185,242,620,314,41,198,313,224,137,247,98,251,174,147,395,467,919,188,305,77,351,346,51,157,323,225,75,266,127,267,304,191,343,130,239
318,235,97,43,283,63,255,103,80,125,230,274,439,172,77,144,210,459,273,36,139,259,169,111,159,79,178,123,141,334,403,702,144,250,49,306,279,40,140,296,159,61,222,90,223,234,157,280,98,186
366,254,119,55,307,65,261,76,89,106,254,325,480,185,144,68,208,479,283,26,141,290,190,108,163,79,170,129,133,361,449,797,158,270,59,296,287,50,147,306,175,54,220,91,207,262,165,298,106,202
361,341,141,60,367,73,339,109,97,146,288,443,641,242,210,208,131,694,336,49,191,373,211,157,258,79,234,149,193,484,530,961,208,346,93,362,318,67,209,385,254,66,278,133,310,324,233,393,126,252
870,821,383,136,956,214,881,235,306,350,754,1008,1519,620,459,479,694,851,966,115,515,979,546,381,630,212,626,420,453,1150,1366,2490,512,872,217,1002,845,158,415,987,616,194,688,342,748,932,574,916,338,577
522,422,214,77,501,96,498,148,161,192,419,599,920,314,273,283,336,966,251,64,283,482,308,178,346,121,329,245,246,664,765,1414,284,466,121,570,468,89,270,518,329,111,397,211,425,468,317,510,200,335
60,54,20,12,56,22,58,10,16,20,62,59,111,41,36,26,49,115,64,5,37,67,32,24,40,14,33,15,27,71,91,183,33,63,13,55,57,14,23,79,33,13,44,24,52,53,43,60,27,40
338,226,109,66,304,64,301,80,96,135,257,279,485,198,139,141,191,515,283,37,61,308,147,118,187,64,193,140,137,308,431,788,161,247,52,280,268,39,131,305,175,52,222,92,255,273,167,266,107,173
527,455,190,70,482,94,432,155,173,210,405,615,903,313,259,290,373,979,482,67,308,249,304,207,349,140,339,237,261,692,719,1430,299,463,118,577,492,96,260,515,340,108,412,204,360,463,338,520,186,342
357,258,118,54,279,75,287,84,84,144,258,328,513,224,169,190,211,546,308,32,147,304,90,144,202,77,192,123,147,368,439,838,163,258,64,335,287,43,164,326,200,79,212,105,237,273,187,315,86,203
203,163,76,38,202,48,198,53,63,95,190,228,375,137,111,108,157,381,178,24,118,207,144,42,143,53,148,94,95,257,313,569,102,189,38,233,202,33,104,228,132,41,153,72,144,195,119,222,77,132
357,282,137,57,328,79,359,100,126,147,331,346,612,247,159,163,258,630,346,40,187,349,202,143,126,96,237,121,158,415,535,1009,172,301,79,367,300,64,161,345,225,77,245,121,259,298,217,352,130,247
152,120,39,33,122,35,126,38,45,62,126,123,220,98,79,79,79,212,121,14,64,140,77,53,96,17,72,55,55,143,172,358,58,134,23,107,126,19,66,143,81,25,94,46,101,111,96,130,46,77
357,273,126,71,322,87,347,96,128,154,307,348,610,251,178,170,234,626,329,33,193,339,192,148,237,72,114,155,138,403,513,1000,191,330,66,333,320,41,172,381,211,65,266,127,267,316,228,347,126,203
273,169,98,44,234,61,226,77,61,100,182,246,418,174,123,129,149,420,245,15,140,237,123,94,121,55,155,45,109,281,324,677,114,209,51,224,228,34,125,225,144,53,187,86,167,209,158,255,107,158
275,227,105,47,239,64,232,78,94,101,220,254,453,147,141,133,193,453,246,27,137,261,147,95,158,55,138,109,61,298,385,729,142,239,61,271,246,37,127,271,161,51,195,85,200,246,173,231,90,167
630,549,240,114,615,180,577,153,230,256,567,691,1127,395,334,361,484,1150,664,71,308,692,368,257,415,143,403,281,298,379,966,1836,347,600,156,673,613,109,289,680,464,125,487,242,529,600,375,670,255,421
720,686,310,114,756,156,688,190,253,300,663,892,1370,467,403,449,530,1366,765,91,431,719,439,313,535,172,513,324,385,966,530,2198,425,705,167,831,669,113,379,800,487,160,584,323,639,695,475,778,262,532
1238,1221,604,214,1426,305,1395,413,411,547,1170,1687,2557,919,702,797,961,2490,1414,183,788,1430,838,569,1009,358,1000,677,729,1836,2198,1942,718,1306,352,1526,1316,259,745,1543,964,304,1060,574,1159,1327,928,1476,516,911
272,241,99,40,271,53,276,91,77,136,225,314,511,188,144,158,208,512,284,33,161,299,163,102,172,58,191,114,142,347,425,718,66,262,55,313,255,45,140,303,184,54,190,114,222,237,158,275,74,174
533,406,190,80,499,126,446,160,158,172,358,526,837,305,250,270,346,872,466,63,247,463,258,189,301,134,330,209,239,600,705,1306,262,218,104,506,421,96,246,527,296,92,363,187,371,410,292,499,204,291
104,93,36,24,129,22,108,30,36,45,92,136,207,77,49,59,93,217,121,13,52,118,64,38,79,23,66,51,61,156,167,352,55,104,9,120,112,19,40,143,65,18,89,64,96,123,79,116,49,86
570,487,201,89,556,115,511,161,157,234,498,575,996,351,306,296,362,1002,570,55,280,577,335,233,367,107,333,224,271,673,831,1526,313,506,120,278,480,92,280,594,352,102,413,219,439,521,346,591,202,373
483,412,184,86,473,104,440,137,141,192,372,517,848,346,279,287,318,845,468,57,268,492,287,202,300,126,320,228,246,613,669,1316,255,421,112,480,220,71,239,505,330,98,347,184,379,433,307,496,188,327
86,69,32,17,89,19,107,30,31,26,66,95,145,51,40,50,67,158,89,14,39,96,43,33,64,19,41,34,37,109,113,259,45,96,19,92,71,6,40,84,61,12,63,37,80,78,57,91,38,59
253,251,94,45,246,45,225,67,79,93,240,306,442,157,140,147,209,415,270,23,131,260,164,104,161,66,172,125,127,289,379,745,140,246,40,280,239,40,74,302,167,45,160,105,181,242,150,251,78,169
492,469,218,93,572,132,539,156,172,183,429,648,1003,323,296,306,385,987,518,79,305,515,326,228,345,143,381,225,271,680,800,1543,303,527,143,594,505,84,302,282,353,124,397,187,431,509,354,531,196,365
305,289,139,56,369,75,295,93,110,143,281,362,637,225,159,175,254,616,329,33,175,340,200,132,225,81,211,144,161,464,487,964,184,296,65,352,330,61,167,353,117,59,258,141,285,339,251,348,111,228
102,88,37,18,110,18,109,30,33,31,93,116,199,75,61,54,66,194,111,13,52,108,79,41,77,25,65,53,51,125,160,304,54,92,18,102,98,12,45,124,59,11,89,32,85,99,63,123,37,72
363,337,149,63,408,82,389,88,139,148,318,461,650,266,222,220,278,688,397,44,222,412,212,153,245,94,266,187,195,487,584,1060,190,363,89,413,347,63,160,397,258,89,139,147,294,382,249,411,157,249
202,154,77,36,181,39,204,45,57,85,162,208,346,127,90,91,133,342,211,24,92,204,105,72,121,46,127,86,85,242,323,574,114,187,64,219,184,37,105,187,141,32,147,34,159,178,108,202,79,125
448,347,153,74,389,94,389,109,139,185,348,398,729,267,223,207,310,748,425,52,255,360,237,144,259,101,267,167,200,529,639,1159,222,371,96,439,379,80,181,431,285,85,294,159,165,380,266,413,160,298
416,387,202,77,455,106,434,139,125,201,385,554,940,304,234,262,324,932,468,53,273,463,273,195,298,111,316,209,246,600,695,1327,237,410,123,521,433,78,242,509,339,99,382,178,380,220,304,498,163,330
346,253,131,69,307,72,340,92,98,139,276,365,588,191,157,165,233,574,317,43,167,338,187,119,217,96,228,158,173,375,475,928,158,292,79,346,307,57,150,354,251,63,249,108,266,304,98,350,127,222
512,451,207,81,566,109,498,139,164,198,422,647,954,343,280,298,393,916,510,60,266,520,315,222,352,130,347,255,231,670,778,1476,275,499,116,591,496,91,251,531,348,123,411,202,413,498,350,264,179,320
168,150,61,32,212,36,171,48,63,75,162,201,347,130,98,106,126,338,200,27,107,186,86,77,130,46,126,107,90,255,262,516,74,204,49,202,188,38,78,196,111,37,157,79,160,163,127,179,31,143
402,274,128,55,340,83,306,97,103,139,298,358,576,239,186,202,252,577,335,40,173,342,203,132,247,77,203,158,167,421,532,911,174,291,86,373,327,59,169,365,228,72,249,125,298,330,222,320,143,129
