256,490,212,107,537,126,516,192,193,241,440,500,804,403,324,306,379,838,500,74,291,483,350,240,394,135,369,267,310,611,668,1200,262,499,113,513,498,79,259,460,332,113,386,219,478,418,358,510,175,407
490,182,170,64,450,101,422,134,159,165,351,449,762,276,214,243,318,769,440,66,235,467,245,190,291,101,301,208,202,510,650,1205,227,393,93,474,386,57,230,433,286,94,323,170,348,397,271,431,171,293
212,170,34,33,207,43,177,55,68,78,175,226,370,119,104,100,137,360,188,34,99,197,121,69,140,46,127,99,89,251,301,566,117,201,41,190,176,28,93,202,123,34,171,74,152,197,126,200,67,137
107,64,33,5,78,21,79,22,28,44,74,83,137,56,46,50,65,144,89,13,49,92,53,33,58,22,49,47,44,109,117,176,30,74,21,78,73,13,39,81,48,22,63,44,70,73,67,84,35,57
537,450,207,78,271,122,495,159,169,235,452,552,918,349,273,298,371,908,519,71,279,511,288,204,322,118,339,243,245,690,790,1416,271,507,116,550,465,85,286,523,312,109,391,207,381,457,295,490,188,349
126,101,43,21,122,16,104,34,32,43,82,151,184,60,65,67,83,163,117,19,72,111,68,56,77,28,71,61,74,148,145,258,48,113,23,126,117,13,56,102,87,27,77,50,83,84,87,101,52,70
516,422,177,79,495,104,217,150,153,210,406,511,876,306,237,269,378,882,496,70,280,491,309,182,324,133,307,226,290,620,715,1292,268,472,124,509,438,68,252,502,324,92,394,204,342,441,318,495,187,326
192,134,55,22,159,34,150,20,48,77,131,166,260,97,83,106,109,264,165,23,62,180,94,72,108,39,114,70,85,213,212,464,91,163,31,148,142,17,71,159,89,38,121,60,144,142,125,155,64,109
193,159,68,28,169,32,153,48,23,76,149,178,302,86,60,85,125,308,164,26,93,159,84,71,99,33,117,71,79,232,227,442,89,151,34,170,138,30,97,182,103,37,123,70,127,149,93,164,62,118
241,165,78,44,235,43,210,77,76,37,161,207,353,136,105,125,153,348,230,27,102,212,134,93,125,54,135,99,137,258,293,556,105,192,45,216,199,52,101,245,131,46,157,82,183,198,147,207,81,147
440,351,175,74,452,82,406,131,149,161,177,467,734,308,226,236,334,723,437,65,242,417,256,174,266,100,289,183,245,513,634,1127,209,394,98,453,400,86,210,457,302,83,335,167,353,384,295,405,158,286
500,449,226,83,552,151,511,166,178,207,467,331,1007,350,278,315,406,1013,523,68,272,547,336,185,373,143,330,262,262,744,808,1583,339,525,148,600,510,85,282,570,376,114,405,209,434,529,348,596,212,389
804,762,370,137,918,184,876,260,302,353,734,1007,837,565,459,531,629,1431,954,115,445,960,549,358,618,219,631,463,446,1147,1401,2404,482,803,204,960,808,160,450,963,594,188,659,354,691,877,575,928,321,640
403,276,119,56,349,60,306,97,86,136,308,350,565,105,156,175,241,576,340,39,184,355,198,124,201,85,218,129,179,399,490,887,186,298,74,316,298,55,159,326,220,70,278,120,229,305,195,321,119,214
324,214,104,46,273,65,237,83,60,105,226,278,459,156,64,140,190,463,263,29,152,290,158,101,172,54,157,125,128,328,433,754,135,261,59,268,230,50,135,255,161,47,219,95,206,226,163,291,99,198
306,243,100,50,298,67,269,106,85,125,236,315,531,175,140,81,227,523,308,38,147,316,168,88,186,62,178,136,136,348,465,852,144,273,71,278,260,44,147,303,183,39,241,110,226,258,183,317,114,212
379,318,137,65,371,83,378,109,125,153,334,406,629,241,190,227,127,628,361,45,193,390,234,153,214,86,250,145,168,448,555,981,206,378,75,375,348,45,190,351,245,63,268,151,283,341,225,368,125,258
838,769,360,144,908,163,882,264,308,348,723,1013,1431,576,463,523,628,796,852,113,494,882,535,364,643,223,616,449,446,1131,1334,2371,480,835,207,965,785,175,413,941,592,190,633,337,715,828,575,946,321,624
500,440,188,89,519,117,496,165,164,230,437,523,954,340,263,308,361,852,237,58,291,459,325,202,319,143,352,245,265,605,727,1471,312,501,122,552,460,57,264,518,317,94,395,184,394,436,321,485,194,340
74,66,34,13,71,19,70,23,26,27,65,68,115,39,29,38,45,113,58,2,33,57,35,24,30,14,40,28,36,83,92,163,42,62,20,66,61,15,30,59,47,12,58,32,48,51,39,62,30,40
291,235,99,49,279,72,280,62,93,102,242,272,445,184,152,147,193,494,291,33,60,304,161,101,190,73,183,131,142,331,443,779,157,254,57,264,250,39,120,282,186,53,219,122,237,286,160,330,91,183
483,467,197,92,511,111,491,180,159,212,417,547,960,355,290,316,390,882,459,57,304,270,331,209,334,146,343,235,290,637,770,1469,304,483,115,542,483,71,254,535,338,95,382,177,415,461,332,528,193,348
350,245,121,53,288,68,309,94,84,134,256,336,549,198,158,168,234,535,325,35,161,331,82,118,175,64,201,136,158,372,464,805,143,300,72,303,274,59,150,314,194,66,206,126,226,286,182,298,101,204
240,190,69,33,204,56,182,72,71,93,174,185,358,124,101,88,153,364,202,24,101,209,118,45,116,53,144,89,87,243,317,534,123,197,51,206,192,42,94,219,131,39,144,71,136,154,117,208,70,163
394,291,140,58,322,77,324,108,99,125,266,373,618,201,172,186,214,643,319,30,190,334,175,116,104,87,216,168,169,442,523,928,181,302,79,320,304,49,170,340,252,72,259,136,248,286,195,365,112,226
135,101,46,22,118,28,133,39,33,54,100,143,219,85,54,62,86,223,143,14,73,146,64,53,87,12,76,66,61,178,196,358,60,130,37,112,131,22,71,134,92,31,79,49,99,113,70,138,41,94
369,301,127,49,339,71,307,114,117,135,289,330,631,218,157,178,250,616,352,40,183,343,201,144,216,76,107,144,158,438,493,944,184,302,80,324,321,51,164,359,220,69,255,124,273,316,204,344,127,228
267,208,99,47,243,61,226,70,71,99,183,262,463,129,125,136,145,449,245,28,131,235,136,89,168,66,144,60,127,279,382,718,142,218,64,240,228,41,104,251,132,51,183,91,182,241,162,239,88,152
310,202,89,44,245,74,290,85,79,137,245,262,446,179,128,136,168,446,265,36,142,290,158,87,169,61,158,127,56,310,382,701,146,218,48,249,257,41,116,271,182,48,200,102,194,225,150,262,88,176
611,510,251,109,690,148,620,213,232,258,513,744,1147,399,328,348,448,1131,605,83,331,637,372,243,442,178,438,279,310,404,967,1693,335,591,154,695,598,123,336,642,382,129,477,226,496,582,380,610,239,413
668,650,301,117,790,145,715,212,227,293,634,808,1401,490,433,465,555,1334,727,92,443,770,464,317,523,196,493,382,382,967,542,2068,429,724,197,786,714,134,377,800,523,153,585,284,618,684,449,768,260,487
1200,1205,566,176,1416,258,1292,464,442,556,1127,1583,2404,887,754,852,981,2371,1471,163,779,1469,805,534,928,358,944,718,701,1693,2068,1873,676,1314,281,1464,1295,240,649,1478,949,291,1022,534,1105,1308,893,1451,484,918
262,227,117,30,271,48,268,91,89,105,209,339,482,186,135,144,206,480,312,42,157,304,143,123,181,60,184,142,146,335,429,676,67,253,64,308,252,46,148,272,181,52,181,108,231,235,165,277,82,184
499,393,201,74,507,113,472,163,151,192,394,525,803,298,261,273,378,835,501,62,254,483,300,197,302,130,302,218,218,591,724,1314,253,218,92,505,416,59,259,503,334,82,369,179,356,392,302,513,200,330
113,93,41,21,116,23,124,31,34,45,98,148,204,74,59,71,75,207,122,20,57,115,72,51,79,37,80,64,48,154,197,281,64,92,8,135,114,26,54,130,79,25,78,37,104,92,72,130,44,69
513,474,190,78,550,126,509,148,170,216,453,600,960,316,268,278,375,965,552,66,264,542,303,206,320,112,324,240,249,695,786,1464,308,505,135,271,496,67,267,552,346,102,379,231,413,489,351,565,197,378
498,386,176,73,465,117,438,142,138,199,400,510,808,298,230,260,348,785,460,61,250,483,274,192,304,131,321,228,257,598,714,1295,252,416,114,496,216,74,233,516,303,94,367,167,368,435,283,491,180,310
79,57,28,13,85,13,68,17,30,52,86,85,160,55,50,44,45,175,57,15,39,71,59,42,49,22,51,41,41,123,134,240,46,59,26,67,74,6,34,94,51,16,60,33,60,69,58,82,40,55
259,230,93,39,286,56,252,71,97,101,210,282,450,159,135,147,190,413,264,30,120,254,150,94,170,71,164,104,116,336,377,649,148,259,54,267,233,34,64,277,172,47,188,98,194,251,172,257,99,165
460,433,202,81,523,102,502,159,182,245,457,570,963,326,255,303,351,941,518,59,282,535,314,219,340,134,359,251,271,642,800,1478,272,503,130,552,516,94,277,296,366,123,413,193,411,454,315,488,193,336
332,286,123,48,312,87,324,89,103,131,302,376,594,220,161,183,245,592,317,47,186,338,194,131,252,92,220,132,182,382,523,949,181,334,79,346,303,51,172,366,96,68,262,121,270,314,225,301,141,212
113,94,34,22,109,27,92,38,37,46,83,114,188,70,47,39,63,190,94,12,53,95,66,39,72,31,69,51,48,129,153,291,52,82,25,102,94,16,47,123,68,10,76,34,81,114,76,107,33,71
386,323,171,63,391,77,394,121,123,157,335,405,659,278,219,241,268,633,395,58,219,382,206,144,259,79,255,183,200,477,585,1022,181,369,78,379,367,60,188,413,262,76,132,158,315,343,238,422,130,278
219,170,74,44,207,50,204,60,70,82,167,209,354,120,95,110,151,337,184,32,122,177,126,71,136,49,124,91,102,226,284,534,108,179,37,231,167,33,98,193,121,34,158,33,164,166,124,202,72,134
478,348,152,70,381,83,342,144,127,183,353,434,691,229,206,226,283,715,394,48,237,415,226,136,248,99,273,182,194,496,618,1105,231,356,104,413,368,60,194,411,270,81,315,164,150,349,254,412,160,254
418,397,197,73,457,84,441,142,149,198,384,529,877,305,226,258,341,828,436,51,286,461,286,154,286,113,316,241,225,582,684,1308,235,392,92,489,435,69,251,454,314,114,343,166,349,220,295,483,168,311
358,271,126,67,295,87,318,125,93,147,295,348,575,195,163,183,225,575,321,39,160,332,182,117,195,70,204,162,150,380,449,893,165,302,72,351,283,58,172,315,225,76,238,124,254,295,85,330,117,209
510,431,200,84,490,101,495,155,164,207,405,596,928,321,291,317,368,946,485,62,330,528,298,208,365,138,344,239,262,610,768,1451,277,513,130,565,491,82,257,488,301,107,422,202,412,483,330,253,189,352
175,171,67,35,188,52,187,64,62,81,158,212,321,119,99,114,125,321,194,30,91,193,101,70,112,41,127,88,88,239,260,484,82,200,44,197,180,40,99,193,141,33,130,72,160,168,117,189,34,109
407,293,137,57,349,70,326,109,118,147,286,389,640,214,198,212,258,624,340,40,183,348,204,163,226,94,228,152,176,413,487,918,184,330,69,378,310,55,165,336,212,71,278,134,254,311,209,352,109,128
