251,463,206,99,497,114,501,167,167,244,455,503,815,387,292,343,354,886,526,58,336,543,360,210,354,161,394,267,290,627,687,1269,266,475,111,525,489,88,228,471,307,118,383,185,410,436,319,499,175,372
463,174,166,76,454,118,409,115,114,158,355,485,820,259,224,256,315,776,431,56,218,458,258,157,274,105,252,208,192,539,676,1263,233,411,104,446,376,72,222,474,292,86,370,162,313,408,270,440,139,295
206,166,27,28,205,38,180,51,81,91,201,215,368,115,68,106,128,351,190,20,115,195,116,85,132,45,123,102,96,257,296,557,106,175,39,202,203,33,94,211,125,44,161,82,165,195,120,219,83,143
99,76,28,14,85,24,91,21,23,41,64,75,155,62,48,53,64,153,89,9,52,81,62,35,50,31,57,45,46,106,139,209,38,83,14,100,82,11,42,96,65,16,67,42,75,74,67,98,27,52
497,454,205,85,261,120,483,150,166,186,422,545,916,327,267,289,391,932,531,60,285,483,303,213,307,131,345,258,266,660,764,1377,240,470,115,554,468,91,253,508,371,112,404,183,402,486,329,564,207,332
114,118,38,24,120,16,121,41,31,42,96,112,210,86,58,69,74,184,133,15,67,111,65,42,64,31,71,58,70,146,144,292,47,114,20,127,101,20,61,118,88,25,88,48,76,100,74,114,26,71
501,409,180,91,483,121,251,122,150,204,371,537,910,317,257,297,318,891,496,64,279,505,287,193,315,125,310,220,253,599,735,1353,257,465,103,543,473,73,218,516,308,120,367,194,369,442,329,519,170,302
167,115,51,21,150,41,122,20,41,55,130,163,277,108,79,72,109,276,161,22,87,128,101,66,115,46,122,66,92,192,215,408,97,137,37,148,138,20,62,170,97,35,113,50,131,139,95,152,49,100
167,114,81,23,166,31,150,41,26,70,145,162,294,107,99,91,130,312,157,23,89,170,100,67,95,38,108,79,80,206,248,448,89,170,27,158,149,22,74,177,102,42,137,72,125,143,111,196,70,102
244,158,91,41,186,42,204,55,70,37,155,247,366,131,112,105,140,364,204,26,129,187,132,84,131,52,138,97,117,246,309,524,103,199,46,215,199,37,105,206,141,51,138,81,169,202,113,195,68,137
455,355,201,64,422,96,371,130,145,155,174,518,793,263,223,237,295,787,419,61,217,403,247,154,280,109,279,235,215,552,634,1155,213,430,90,405,398,77,204,460,275,92,326,166,339,398,280,409,138,290
503,485,215,75,545,112,537,163,162,247,518,335,1045,381,264,325,418,1039,547,73,296,572,300,247,383,134,353,237,296,693,854,1588,306,494,132,598,534,84,294,587,345,108,417,206,455,517,336,614,215,410
815,820,368,155,916,210,910,277,294,366,793,1045,825,568,481,521,690,1413,913,129,528,906,552,401,608,228,626,424,443,1128,1360,2414,468,848,191,1020,876,157,467,989,577,206,672,343,740,837,546,921,314,631
387,259,115,62,327,86,317,108,107,131,263,381,568,105,185,212,202,598,300,46,177,312,204,121,187,76,189,146,183,373,453,852,179,310,60,315,347,49,141,348,224,71,254,124,249,289,191,352,116,235
292,224,68,48,267,58,257,79,99,112,223,264,481,185,74,141,195,468,260,28,157,252,155,104,158,61,208,120,136,305,408,729,157,250,50,270,266,59,133,271,162,53,195,106,201,244,167,265,98,169
343,256,106,53,289,69,297,72,91,105,237,325,521,212,141,87,225,494,283,31,155,281,150,105,165,68,186,146,133,340,427,790,166,293,58,299,281,57,154,275,193,60,226,111,197,280,158,292,94,194
354,315,128,64,391,74,318,109,130,140,295,418,690,202,195,225,128,696,381,42,173,363,221,131,210,94,257,189,179,474,562,1040,198,392,74,333,333,58,184,375,222,86,314,132,268,333,228,371,138,254
886,776,351,153,932,184,891,276,312,364,787,1039,1413,598,468,494,696,776,938,108,545,910,558,363,613,233,670,434,433,1124,1374,2467,462,889,206,1048,864,150,475,940,607,220,694,361,704,847,551,957,351,599
526,431,190,89,531,133,496,161,157,204,419,547,913,300,260,283,381,938,280,59,299,487,282,194,327,133,335,221,246,691,768,1390,272,513,114,526,470,91,286,542,336,104,393,204,393,464,316,547,183,322
58,56,20,9,60,15,64,22,23,26,61,73,129,46,28,31,42,108,59,3,35,60,28,27,50,19,48,23,35,76,107,170,24,61,15,68,65,14,28,62,35,12,51,25,56,52,52,65,31,30
336,218,115,52,285,67,279,87,89,129,217,296,528,177,157,155,173,545,299,35,85,287,181,120,186,58,171,114,142,369,407,777,165,256,49,259,253,47,160,300,167,76,218,105,236,247,153,312,104,197
543,458,195,81,483,111,505,128,170,187,403,572,906,312,252,281,363,910,487,60,287,275,299,213,343,139,349,240,264,643,787,1365,280,468,114,509,473,94,227,546,339,101,397,205,404,476,313,553,174,326
360,258,116,62,303,65,287,101,100,132,247,300,552,204,155,150,221,558,282,28,181,299,82,119,176,72,207,134,157,339,492,829,171,269,55,304,271,48,160,309,188,70,242,128,243,279,180,317,98,188
210,157,85,35,213,42,193,66,67,84,154,247,401,121,104,105,131,363,194,27,120,213,119,33,121,43,103,86,103,240,268,541,110,207,48,217,189,32,88,208,114,39,138,72,156,186,138,188,83,132
354,274,132,50,307,64,315,115,95,131,280,383,608,187,158,165,210,613,327,50,186,343,176,121,114,75,202,149,171,446,516,937,188,315,73,377,311,49,154,333,204,61,279,119,249,299,191,368,102,198
161,105,45,31,131,31,125,46,38,52,109,134,228,76,61,68,94,233,133,19,58,139,72,43,75,18,80,54,65,158,196,339,67,131,31,112,122,18,65,132,72,22,111,49,93,118,77,140,37,75
394,252,123,57,345,71,310,122,108,138,279,353,626,189,208,186,257,670,335,48,171,349,207,103,202,80,108,152,150,448,538,972,184,326,83,338,316,57,187,344,207,72,274,137,232,319,206,348,135,212
267,208,102,45,258,58,220,66,79,97,235,237,424,146,120,146,189,434,221,23,114,240,134,86,149,54,152,49,108,274,351,689,136,222,54,232,260,35,117,266,164,42,181,92,180,222,150,259,99,159
290,192,96,46,266,70,253,92,80,117,215,296,443,183,136,133,179,433,246,35,142,264,157,103,171,65,150,108,69,300,390,687,127,247,57,231,239,49,104,228,146,38,183,85,215,240,169,253,89,143
627,539,257,106,660,146,599,192,206,246,552,693,1128,373,305,340,474,1124,691,76,369,643,339,240,446,158,448,274,300,400,984,1807,358,595,148,677,546,100,329,674,410,130,514,262,498,627,406,727,251,411
687,676,296,139,764,144,735,215,248,309,634,854,1360,453,408,427,562,1374,768,107,407,787,492,268,516,196,538,351,390,984,592,2051,426,712,181,845,722,136,378,818,496,164,599,286,597,711,454,806,278,514
1269,1263,557,209,1377,292,1353,408,448,524,1155,1588,2414,852,729,790,1040,2467,1390,170,777,1365,829,541,937,339,972,689,687,1807,2051,1928,725,1329,328,1591,1272,253,674,1489,927,296,1059,528,1124,1287,850,1368,481,948
266,233,106,38,240,47,257,97,89,103,213,306,468,179,157,166,198,462,272,24,165,280,171,110,188,67,184,136,127,358,426,725,76,244,51,322,241,40,155,302,195,53,193,98,213,234,172,268,100,213
475,411,175,83,470,114,465,137,170,199,430,494,848,310,250,293,392,889,513,61,256,468,269,207,315,131,326,222,247,595,712,1329,244,212,115,475,401,86,237,496,323,120,352,177,379,437,305,510,163,303
111,104,39,14,115,20,103,37,27,46,90,132,191,60,50,58,74,206,114,15,49,114,55,48,73,31,83,54,57,148,181,328,51,115,12,126,104,19,57,115,83,19,76,40,88,110,78,125,38,74
525,446,202,100,554,127,543,148,158,215,405,598,1020,315,270,299,333,1048,526,68,259,509,304,217,377,112,338,232,231,677,845,1591,322,475,126,284,492,90,275,598,323,106,431,187,418,471,366,534,213,385
489,376,203,82,468,101,473,138,149,199,398,534,876,347,266,281,333,864,470,65,253,473,271,189,311,122,316,260,239,546,722,1272,241,401,104,492,228,85,232,470,290,117,364,197,386,413,320,506,172,318
88,72,33,11,91,20,73,20,22,37,77,84,157,49,59,57,58,150,91,14,47,94,48,32,49,18,57,35,49,100,136,253,40,86,19,90,85,5,56,89,59,15,70,34,66,80,60,90,34,69
228,222,94,42,253,61,218,62,74,105,204,294,467,141,133,154,184,475,286,28,160,227,160,88,154,65,187,117,104,329,378,674,155,237,57,275,232,56,51,281,174,69,203,93,192,218,161,261,93,174
471,474,211,96,508,118,516,170,177,206,460,587,989,348,271,275,375,940,542,62,300,546,309,208,333,132,344,266,228,674,818,1489,302,496,115,598,470,89,281,265,327,105,397,198,454,497,329,526,183,357
307,292,125,65,371,88,308,97,102,141,275,345,577,224,162,193,222,607,336,35,167,339,188,114,204,72,207,164,146,410,496,927,195,323,83,323,290,59,174,327,121,58,262,143,269,304,217,354,113,207
118,86,44,16,112,25,120,35,42,51,92,108,206,71,53,60,86,220,104,12,76,101,70,39,61,22,72,42,38,130,164,296,53,120,19,106,117,15,69,105,58,16,65,51,94,84,59,105,41,64
383,370,161,67,404,88,367,113,137,138,326,417,672,254,195,226,314,694,393,51,218,397,242,138,279,111,274,181,183,514,599,1059,193,352,76,431,364,70,203,397,262,65,146,157,288,371,251,409,132,238
185,162,82,42,183,48,194,50,72,81,166,206,343,124,106,111,132,361,204,25,105,205,128,72,119,49,137,92,85,262,286,528,98,177,40,187,197,34,93,198,143,51,157,36,140,175,137,188,63,142
410,313,165,75,402,76,369,131,125,169,339,455,740,249,201,197,268,704,393,56,236,404,243,156,249,93,232,180,215,498,597,1124,213,379,88,418,386,66,192,454,269,94,288,140,173,352,259,417,149,288
436,408,195,74,486,100,442,139,143,202,398,517,837,289,244,280,333,847,464,52,247,476,279,186,299,118,319,222,240,627,711,1287,234,437,110,471,413,80,218,497,304,84,371,175,352,204,285,519,170,360
319,270,120,67,329,74,329,95,111,113,280,336,546,191,167,158,228,551,316,52,153,313,180,138,191,77,206,150,169,406,454,850,172,305,78,366,320,60,161,329,217,59,251,137,259,285,88,328,114,210
499,440,219,98,564,114,519,152,196,195,409,614,921,352,265,292,371,957,547,65,312,553,317,188,368,140,348,259,253,727,806,1368,268,510,125,534,506,90,261,526,354,105,409,188,417,519,328,281,174,376
175,139,83,27,207,26,170,49,70,68,138,215,314,116,98,94,138,351,183,31,104,174,98,83,102,37,135,99,89,251,278,481,100,163,38,213,172,34,93,183,113,41,132,63,149,170,114,174,29,129
372,295,143,52,332,71,302,100,102,137,290,410,631,235,169,194,254,599,322,30,197,326,188,132,198,75,212,159,143,411,514,948,213,303,74,385,318,69,174,357,207,64,238,142,288,360,210,376,129,101
