301,479,194,89,519,122,487,180,162,243,451,497,798,406,328,358,410,811,512,93,324,507,349,228,370,145,371,275,297,602,682,1169,254,483,93,592,498,98,240,488,292,121,368,207,432,448,335,486,173,386
479,191,158,76,473,91,420,127,127,174,358,490,761,291,208,222,353,770,463,56,221,486,264,176,295,99,296,180,188,550,670,1243,224,372,99,497,416,87,212,460,280,88,342,169,368,434,268,485,180,297
194,158,33,36,213,47,207,66,67,90,156,231,341,130,97,105,136,360,198,22,95,216,138,79,129,48,134,95,112,255,302,565,111,206,39,207,204,30,103,209,121,40,160,92,151,190,134,219,77,132
89,76,36,5,78,13,75,29,32,41,72,94,157,44,46,50,67,149,94,10,46,81,58,33,70,26,71,41,34,102,122,205,38,71,17,91,90,19,43,77,49,25,60,31,71,62,49,77,36,62
519,473,213,78,256,109,494,135,176,196,422,579,948,326,256,287,372,894,489,69,260,506,312,212,334,140,352,227,267,628,825,1486,276,476,119,549,491,99,242,600,354,102,375,205,426,475,305,546,207,334
122,91,47,13,109,6,110,32,36,55,102,135,203,61,56,55,75,201,123,16,69,128,67,50,85,26,84,63,54,127,178,282,62,99,27,108,101,29,59,107,61,32,78,46,90,108,72,124,40,63
487,420,207,75,494,110,239,137,186,205,427,565,903,300,239,293,345,900,462,73,277,497,284,215,323,126,347,214,257,610,732,1344,274,444,115,495,433,87,227,506,310,109,339,195,416,488,308,494,180,314
180,127,66,29,135,32,137,23,53,74,138,157,266,87,67,78,112,287,140,15,75,140,83,59,119,29,89,74,85,174,248,448,87,121,31,163,125,16,61,146,96,33,114,56,118,157,92,137,49,109
162,127,67,32,176,36,186,53,24,64,140,188,297,113,89,101,124,306,149,13,77,160,91,73,95,48,114,66,97,190,272,453,91,157,37,179,164,32,76,176,106,38,101,55,137,145,92,174,52,112
243,174,90,41,196,55,205,74,64,59,187,199,376,146,122,130,141,350,215,26,118,198,126,88,128,56,138,108,118,232,339,555,104,203,35,205,195,29,98,193,138,39,163,81,172,199,121,225,72,154
451,358,156,72,422,102,427,138,140,187,174,470,771,292,237,245,287,782,484,63,241,443,267,166,271,109,282,217,240,544,681,1138,227,395,93,431,393,71,213,439,293,87,293,172,337,416,250,429,164,276
497,490,231,94,579,135,565,157,188,199,470,310,1064,360,281,307,409,1076,582,76,271,637,323,235,356,147,356,240,256,731,876,1655,296,531,140,592,529,91,301,628,363,108,437,173,477,585,365,579,226,352
798,761,341,157,948,203,903,266,297,376,771,1064,858,571,485,485,611,1543,885,132,506,939,516,354,608,215,570,434,474,1183,1391,2519,493,902,208,920,871,163,464,1039,621,167,697,343,744,855,568,906,328,599
406,291,130,44,326,61,300,87,113,146,292,360,571,100,168,208,231,555,317,46,169,330,191,113,221,78,211,143,150,403,473,861,165,285,75,352,282,46,161,373,222,69,245,122,248,292,204,372,138,210
328,208,97,46,256,56,239,67,89,122,237,281,485,168,54,114,186,445,253,39,160,240,156,98,177,74,177,127,139,334,345,672,142,267,53,247,214,46,130,263,150,48,197,107,196,244,177,281,95,174
358,222,105,50,287,55,293,78,101,130,245,307,485,208,114,85,183,501,283,36,152,269,149,121,166,73,184,110,141,354,395,778,139,257,70,275,261,51,143,296,158,66,234,111,243,263,175,326,95,194
410,353,136,67,372,75,345,112,124,141,287,409,611,231,186,183,137,641,386,48,185,381,216,143,255,94,249,166,189,413,547,1017,193,329,73,414,331,64,167,416,229,83,286,132,272,307,267,376,145,248
811,770,360,149,894,201,900,287,306,350,782,1076,1543,555,445,501,641,842,917,131,489,969,534,395,624,219,587,426,457,1154,1368,2482,494,884,199,957,874,177,488,1034,637,186,708,346,738,886,574,900,328,624
512,463,198,94,489,123,462,140,149,215,484,582,885,317,253,283,386,917,274,62,291,527,289,215,333,140,354,220,259,617,789,1396,273,496,113,547,478,96,237,550,346,95,378,194,375,459,305,542,191,318
93,56,22,10,69,16,73,15,13,26,63,76,132,46,39,36,48,131,62,2,33,61,38,27,42,9,41,18,30,87,107,181,39,56,20,67,67,6,41,80,33,20,43,24,47,56,34,68,38,62
324,221,95,46,260,69,277,75,77,118,241,271,506,169,160,152,185,489,291,33,70,295,180,114,172,71,172,104,128,347,437,725,153,280,66,259,263,40,138,313,184,47,215,114,226,262,163,298,109,199
507,486,216,81,506,128,497,140,160,198,443,637,939,330,240,269,381,969,527,61,295,296,307,206,349,139,348,238,268,679,814,1468,271,495,130,543,483,92,267,565,362,106,376,221,398,503,322,530,208,329
349,264,138,58,312,67,284,83,91,126,267,323,516,191,156,149,216,534,289,38,180,307,85,129,181,75,176,129,163,366,440,835,170,256,76,294,282,48,143,331,199,46,226,104,228,289,200,293,109,211
228,176,79,33,212,50,215,59,73,88,166,235,354,113,98,121,143,395,215,27,114,206,129,39,131,64,138,82,95,261,306,565,127,182,50,190,181,35,107,212,141,39,159,84,154,194,112,222,76,161
370,295,129,70,334,85,323,119,95,128,271,356,608,221,177,166,255,624,333,42,172,349,181,131,113,80,213,157,165,440,530,906,178,325,76,337,303,66,161,353,222,58,276,143,243,303,209,345,119,219
145,99,48,26,140,26,126,29,48,56,109,147,215,78,74,73,94,219,140,9,71,139,75,64,80,16,76,66,68,148,199,362,65,124,28,127,133,20,53,146,78,30,96,55,98,127,62,124,42,99
371,296,134,71,352,84,347,89,114,138,282,356,570,211,177,184,249,587,354,41,172,348,176,138,213,76,117,154,171,442,522,966,166,315,83,343,318,55,161,348,212,78,256,125,252,328,202,359,129,228
275,180,95,41,227,63,214,74,66,108,217,240,434,143,127,110,166,426,220,18,104,238,129,82,157,66,154,60,109,288,370,618,131,206,56,220,240,35,107,249,140,55,189,82,199,235,154,247,80,167
297,188,112,34,267,54,257,85,97,118,240,256,474,150,139,141,189,457,259,30,128,268,163,95,165,68,171,109,71,294,412,718,143,225,63,230,211,49,146,274,163,52,188,95,214,246,154,262,100,194
602,550,255,102,628,127,610,174,190,232,544,731,1183,403,334,354,413,1154,617,87,347,679,366,261,440,148,442,288,294,381,1019,1856,369,608,158,658,626,113,323,719,402,144,501,243,482,643,381,680,230,431
682,670,302,122,825,178,732,248,272,339,681,876,1391,473,345,395,547,1368,789,107,437,814,440,306,530,199,522,370,412,1019,612,2169,404,723,181,812,709,124,407,844,528,154,555,315,601,678,491,775,252,503
1169,1243,565,205,1486,282,1344,448,453,555,1138,1655,2519,861,672,778,1017,2482,1396,181,725,1468,835,565,906,362,966,618,718,1856,2169,1906,744,1357,363,1540,1290,249,731,1567,988,281,1033,523,1090,1349,895,1387,487,968
254,224,111,38,276,62,274,87,91,104,227,296,493,165,142,139,193,494,273,39,153,271,170,127,178,65,166,131,143,369,404,744,55,265,74,286,243,47,146,329,189,48,210,123,225,255,184,287,94,169
483,372,206,71,476,99,444,121,157,203,395,531,902,285,267,257,329,884,496,56,280,495,256,182,325,124,315,206,225,608,723,1357,265,214,115,458,453,75,224,512,284,101,368,171,394,436,294,500,201,315
93,99,39,17,119,27,115,31,37,35,93,140,208,75,53,70,73,199,113,20,66,130,76,50,76,28,83,56,63,158,181,363,74,115,12,119,110,15,59,115,54,19,100,37,85,115,78,115,39,68
592,497,207,91,549,108,495,163,179,205,431,592,920,352,247,275,414,957,547,67,259,543,294,190,337,127,343,220,230,658,812,1540,286,458,119,291,467,83,288,582,325,113,406,203,414,478,337,554,181,368
498,416,204,90,491,101,433,125,164,195,393,529,871,282,214,261,331,874,478,67,263,483,282,181,303,133,318,240,211,626,709,1290,243,453,110,467,229,89,232,466,283,94,352,178,388,435,287,484,195,295
98,87,30,19,99,29,87,16,32,29,71,91,163,46,46,51,64,177,96,6,40,92,48,35,66,20,55,35,49,113,124,249,47,75,15,83,89,9,42,104,69,26,54,39,74,87,55,89,32,55
240,212,103,43,242,59,227,61,76,98,213,301,464,161,130,143,167,488,237,41,138,267,143,107,161,53,161,107,146,323,407,731,146,224,59,288,232,42,56,262,166,49,197,96,205,221,149,263,84,172
488,460,209,77,600,107,506,146,176,193,439,628,1039,373,263,296,416,1034,550,80,313,565,331,212,353,146,348,249,274,719,844,1567,329,512,115,582,466,104,262,285,342,132,430,208,412,535,364,546,181,334
292,280,121,49,354,61,310,96,106,138,293,363,621,222,150,158,229,637,346,33,184,362,199,141,222,78,212,140,163,402,528,988,189,284,54,325,283,69,166,342,122,71,249,134,268,307,203,328,114,216
121,88,40,25,102,32,109,33,38,39,87,108,167,69,48,66,83,186,95,20,47,106,46,39,58,30,78,55,52,144,154,281,48,101,19,113,94,26,49,132,71,9,74,34,89,105,47,112,33,62
368,342,160,60,375,78,339,114,101,163,293,437,697,245,197,234,286,708,378,43,215,376,226,159,276,96,256,189,188,501,555,1033,210,368,100,406,352,54,197,430,249,74,140,135,306,350,241,349,139,234
207,169,92,31,205,46,195,56,55,81,172,173,343,122,107,111,132,346,194,24,114,221,104,84,143,55,125,82,95,243,315,523,123,171,37,203,178,39,96,208,134,34,135,36,169,197,131,193,57,128
432,368,151,71,426,90,416,118,137,172,337,477,744,248,196,243,272,738,375,47,226,398,228,154,243,98,252,199,214,482,601,1090,225,394,85,414,388,74,205,412,268,89,306,169,173,395,247,423,155,273
448,434,190,62,475,108,488,157,145,199,416,585,855,292,244,263,307,886,459,56,262,503,289,194,303,127,328,235,246,643,678,1349,255,436,115,478,435,87,221,535,307,105,350,197,395,195,308,502,180,328
335,268,134,49,305,72,308,92,92,121,250,365,568,204,177,175,267,574,305,34,163,322,200,112,209,62,202,154,154,381,491,895,184,294,78,337,287,55,149,364,203,47,241,131,247,308,93,350,118,212
486,485,219,77,546,124,494,137,174,225,429,579,906,372,281,326,376,900,542,68,298,530,293,222,345,124,359,247,262,680,775,1387,287,500,115,554,484,89,263,546,328,112,349,193,423,502,350,257,177,367
173,180,77,36,207,40,180,49,52,72,164,226,328,138,95,95,145,328,191,38,109,208,109,76,119,42,129,80,100,230,252,487,94,201,39,181,195,32,84,181,114,33,139,57,155,180,118,177,34,123
386,297,132,62,334,63,314,109,112,154,276,352,599,210,174,194,248,624,318,62,199,329,211,161,219,99,228,167,194,431,503,968,169,315,68,368,295,55,172,334,216,62,234,128,273,328,212,367,123,130
