260,434,231,85,503,101,466,175,157,227,442,500,777,364,307,335,358,822,485,68,325,476,320,203,343,151,357,290,323,571,683,1157,230,464,123,498,451,84,249,495,330,99,380,156,400,417,294,481,163,367
434,179,164,75,484,80,422,116,134,157,362,499,766,284,238,250,312,738,462,50,234,481,258,188,275,113,279,199,242,535,663,1196,224,451,94,488,437,62,210,443,276,95,332,162,363,418,270,442,156,270
231,164,39,39,208,54,211,63,64,68,170,227,379,125,96,120,149,365,198,16,106,203,109,60,129,54,133,84,91,233,304,614,111,180,47,201,191,36,108,211,125,42,164,77,150,186,134,212,69,140
85,75,39,8,94,23,85,36,38,39,66,78,152,62,49,45,63,162,92,16,53,77,49,35,50,16,54,45,38,105,134,222,45,91,14,89,73,7,47,90,55,19,56,39,68,68,68,76,29,57
503,484,208,94,235,109,484,166,149,199,419,581,885,351,259,267,377,940,529,57,274,523,295,207,349,128,358,241,263,641,729,1448,274,445,131,560,470,83,263,558,368,88,378,195,418,477,325,525,221,347
101,80,54,23,109,16,106,43,49,56,83,105,179,85,62,63,91,190,109,20,66,117,83,46,68,20,68,69,60,144,160,274,66,120,23,111,103,15,61,112,85,21,88,46,92,91,84,101,34,84
466,422,211,85,484,106,222,148,179,201,383,549,821,332,265,312,362,846,472,66,287,498,278,179,286,108,306,237,233,593,760,1309,253,445,126,517,417,77,235,515,330,115,369,185,358,432,293,479,152,324
175,116,63,36,166,43,148,16,48,58,131,171,289,98,81,97,120,250,173,17,90,155,88,50,100,47,99,79,83,180,230,415,74,158,29,142,132,25,78,169,107,39,129,53,131,168,94,167,60,100
157,134,64,38,149,49,179,48,21,52,134,182,285,112,72,88,108,285,171,15,88,167,106,62,103,34,105,71,81,216,230,464,84,158,44,172,158,31,76,164,123,34,161,57,128,137,94,199,55,111
227,157,68,39,199,56,201,58,52,41,155,245,399,133,100,127,144,362,181,25,140,205,106,100,127,61,141,93,91,246,287,582,112,198,46,219,217,37,116,209,134,48,142,83,171,204,124,228,75,142
442,362,170,66,419,83,383,131,134,155,183,482,784,288,219,237,306,769,412,52,269,437,248,176,277,108,297,198,225,554,655,1174,223,414,89,471,404,58,235,459,297,100,319,162,334,421,270,460,145,269
500,499,227,78,581,105,549,171,182,245,482,310,983,387,292,325,394,1053,535,70,317,552,318,212,360,134,370,250,302,751,880,1624,330,473,135,583,522,105,282,656,385,102,420,214,481,542,327,632,205,382
777,766,379,152,885,179,821,289,285,399,784,983,803,615,463,542,647,1477,902,120,540,923,557,342,597,220,624,418,438,1124,1337,2384,489,896,230,944,839,161,452,972,574,199,691,385,715,839,584,906,361,604
364,284,125,62,351,85,332,98,112,133,288,387,615,100,174,179,232,599,333,46,188,318,197,146,226,81,215,170,158,393,500,955,181,292,72,333,326,57,161,339,224,73,268,144,261,303,206,365,124,220
307,238,96,49,259,62,265,81,72,100,219,292,463,174,61,114,178,477,284,27,148,282,153,105,152,62,157,121,127,298,387,714,151,233,66,251,262,54,132,307,201,59,229,102,211,251,144,280,109,169
335,250,120,45,267,63,312,97,88,127,237,325,542,179,114,72,208,555,304,26,145,284,170,106,157,67,178,127,126,363,425,839,153,239,67,266,288,50,143,302,182,61,241,109,243,263,163,333,115,186
358,312,149,63,377,91,362,120,108,144,306,394,647,232,178,208,120,685,358,39,171,352,225,146,234,95,242,170,188,469,514,937,197,355,83,358,349,57,188,393,223,57,272,118,306,342,237,377,136,240
822,738,365,162,940,190,846,250,285,362,769,1053,1477,599,477,555,685,822,951,113,518,942,522,349,579,207,623,399,414,1085,1366,2475,512,890,234,959,826,164,461,928,578,202,700,350,681,829,586,904,365,605
485,462,198,92,529,109,472,173,171,181,412,535,902,333,284,304,358,951,224,57,267,474,291,224,297,146,373,250,284,640,747,1415,275,495,127,529,474,86,258,564,332,90,376,203,402,508,345,568,205,325
68,50,16,16,57,20,66,17,15,25,52,70,120,46,27,26,39,113,57,6,30,72,42,23,34,13,32,27,24,78,100,179,49,54,14,65,52,16,31,75,40,14,51,19,48,63,47,76,24,43
325,234,106,53,274,66,287,90,88,140,269,317,540,188,148,145,171,518,267,30,65,285,136,115,170,68,172,112,141,346,414,802,149,261,65,295,266,37,118,287,168,54,208,98,218,279,178,309,115,204
476,481,203,77,523,117,498,155,167,205,437,552,923,318,282,284,352,942,474,72,285,253,291,212,327,136,359,259,276,614,799,1383,275,492,107,552,484,94,247,563,356,106,367,205,398,493,321,545,202,377
320,258,109,49,295,83,278,88,106,106,248,318,557,197,153,170,225,522,291,42,136,291,86,115,179,74,193,143,149,351,468,818,179,264,64,284,305,54,166,334,200,67,242,117,219,274,181,304,110,172
203,188,60,35,207,46,179,50,62,100,176,212,342,146,105,106,146,349,224,23,115,212,115,34,152,57,124,105,118,273,275,525,98,205,45,212,207,37,97,214,125,37,129,82,158,160,124,201,58,138
343,275,129,50,349,68,286,100,103,127,277,360,597,226,152,157,234,579,297,34,170,327,179,152,112,77,214,171,145,399,495,896,178,317,75,359,322,60,178,333,220,74,264,123,252,313,208,343,132,241
151,113,54,16,128,20,108,47,34,61,108,134,220,81,62,67,95,207,146,13,68,136,74,57,77,19,72,52,66,152,171,342,60,126,28,125,104,25,78,147,99,24,89,51,102,113,81,127,41,83
357,279,133,54,358,68,306,99,105,141,297,370,624,215,157,178,242,623,373,32,172,359,193,124,214,72,103,155,189,415,493,989,180,306,75,357,294,62,180,380,231,72,240,137,261,307,224,346,110,235
290,199,84,45,241,69,237,79,71,93,198,250,418,170,121,127,170,399,250,27,112,259,143,105,171,52,155,65,123,265,379,671,137,247,64,243,227,40,105,254,172,37,217,92,175,225,135,263,82,161
323,242,91,38,263,60,233,83,81,91,225,302,438,158,127,126,188,414,284,24,141,276,149,118,145,66,189,123,51,317,380,728,129,253,62,306,229,40,134,270,166,57,167,97,201,241,141,253,78,186
571,535,233,105,641,144,593,180,216,246,554,751,1124,393,298,363,469,1085,640,78,346,614,351,273,399,152,415,265,317,382,951,1817,350,569,140,675,561,103,329,665,419,137,452,246,516,565,390,656,229,390
683,663,304,134,729,160,760,230,230,287,655,880,1337,500,387,425,514,1366,747,100,414,799,468,275,495,171,493,379,380,951,547,2091,413,678,177,792,699,123,407,755,528,157,571,274,605,682,483,768,302,482
1157,1196,614,222,1448,274,1309,415,464,582,1174,1624,2384,955,714,839,937,2475,1415,179,802,1383,818,525,896,342,989,671,728,1817,2091,1935,736,1322,353,1553,1233,259,662,1426,997,299,1024,533,1121,1268,873,1375,512,922
230,224,111,45,274,66,253,74,84,112,223,330,489,181,151,153,197,512,275,49,149,275,179,98,178,60,180,137,129,350,413,736,80,245,75,321,254,46,129,266,196,57,228,105,237,277,190,273,109,169
464,451,180,91,445,120,445,158,158,198,414,473,896,292,233,239,355,890,495,54,261,492,264,205,317,126,306,247,253,569,678,1322,245,229,110,482,451,65,256,502,317,86,350,166,363,416,305,463,185,335
123,94,47,14,131,23,126,29,44,46,89,135,230,72,66,67,83,234,127,14,65,107,64,45,75,28,75,64,62,140,177,353,75,110,9,112,107,25,51,124,68,26,85,45,107,110,56,146,37,67
498,488,201,89,560,111,517,142,172,219,471,583,944,333,251,266,358,959,529,65,295,552,284,212,359,125,357,243,306,675,792,1553,321,482,112,267,481,89,259,617,361,112,445,193,443,490,355,529,208,372
451,437,191,73,470,103,417,132,158,217,404,522,839,326,262,288,349,826,474,52,266,484,305,207,322,104,294,227,229,561,699,1233,254,451,107,481,229,88,243,504,317,80,336,188,396,427,300,469,157,330
84,62,36,7,83,15,77,25,31,37,58,105,161,57,54,50,57,164,86,16,37,94,54,37,60,25,62,40,40,103,123,259,46,65,25,89,88,8,45,96,68,8,66,33,66,78,58,84,39,54
249,210,108,47,263,61,235,78,76,116,235,282,452,161,132,143,188,461,258,31,118,247,166,97,178,78,180,105,134,329,407,662,129,256,51,259,243,45,60,264,154,41,210,87,216,231,176,252,105,174
495,443,211,90,558,112,515,169,164,209,459,656,972,339,307,302,393,928,564,75,287,563,334,214,333,147,380,254,270,665,755,1426,266,502,124,617,504,96,264,262,315,119,386,188,414,479,321,507,191,348
330,276,125,55,368,85,330,107,123,134,297,385,574,224,201,182,223,578,332,40,168,356,200,125,220,99,231,172,166,419,528,997,196,317,68,361,317,68,154,315,115,61,239,127,255,307,212,308,130,209
99,95,42,19,88,21,115,39,34,48,100,102,199,73,59,61,57,202,90,14,54,106,67,37,74,24,72,37,57,137,157,299,57,86,26,112,80,8,41,119,61,11,96,37,92,91,67,108,40,60
380,332,164,56,378,88,369,129,161,142,319,420,691,268,229,241,272,700,376,51,208,367,242,129,264,89,240,217,167,452,571,1024,228,350,85,445,336,66,210,386,239,96,143,146,323,329,237,390,132,269
156,162,77,39,195,46,185,53,57,83,162,214,385,144,102,109,118,350,203,19,98,205,117,82,123,51,137,92,97,246,274,533,105,166,45,193,188,33,87,188,127,37,146,25,159,161,118,171,72,120
400,363,150,68,418,92,358,131,128,171,334,481,715,261,211,243,306,681,402,48,218,398,219,158,252,102,261,175,201,516,605,1121,237,363,107,443,396,66,216,414,255,92,323,159,158,369,248,421,145,299
417,418,186,68,477,91,432,168,137,204,421,542,839,303,251,263,342,829,508,63,279,493,274,160,313,113,307,225,241,565,682,1268,277,416,110,490,427,78,231,479,307,91,329,161,369,214,312,448,183,337
294,270,134,68,325,84,293,94,94,124,270,327,584,206,144,163,237,586,345,47,178,321,181,124,208,81,224,135,141,390,483,873,190,305,56,355,300,58,176,321,212,67,237,118,248,312,111,338,143,211
481,442,212,76,525,101,479,167,199,228,460,632,906,365,280,333,377,904,568,76,309,545,304,201,343,127,346,263,253,656,768,1375,273,463,146,529,469,84,252,507,308,108,390,171,421,448,338,269,194,356
163,156,69,29,221,34,152,60,55,75,145,205,361,124,109,115,136,365,205,24,115,202,110,58,132,41,110,82,78,229,302,512,109,185,37,208,157,39,105,191,130,40,132,72,145,183,143,194,39,137
367,270,140,57,347,84,324,100,111,142,269,382,604,220,169,186,240,605,325,43,204,377,172,138,241,83,235,161,186,390,482,922,169,335,67,372,330,54,174,348,209,60,269,120,299,337,211,356,137,123
