255,393,210,74,512,114,460,177,136,257,418,521,773,357,307,329,356,746,484,72,311,492,332,214,339,150,365,280,282,581,678,1117,206,501,93,508,454,105,250,451,292,94,340,154,404,422,310,459,162,362
393,195,157,77,462,95,403,120,142,181,368,478,812,296,225,240,314,779,435,51,229,441,264,152,275,116,306,218,220,519,652,1232,247,396,105,436,423,77,226,418,264,96,306,151,364,384,283,430,190,321
210,157,44,35,195,44,188,62,63,66,166,204,351,121,109,127,133,374,206,18,106,167,95,83,135,50,133,97,100,246,300,567,93,169,61,195,174,29,106,231,129,45,154,81,148,175,117,197,89,130
74,77,35,7,91,10,71,29,31,31,61,97,140,63,45,44,57,137,95,15,48,97,53,29,65,22,67,41,48,120,128,217,41,90,18,85,88,13,37,76,58,16,53,29,66,78,52,88,33,60
512,462,195,91,235,112,457,140,164,215,403,564,898,322,273,317,364,895,532,72,277,506,314,209,332,139,348,264,288,607,735,1407,289,466,128,564,442,69,260,524,316,120,361,184,435,494,318,545,198,303
114,95,44,10,112,4,103,47,35,54,97,131,183,85,66,69,75,199,129,16,84,122,65,32,78,24,80,68,49,152,146,298,55,120,22,103,122,19,63,103,66,24,75,45,101,89,91,105,40,94
460,403,188,71,457,103,232,148,164,215,395,540,779,345,272,271,361,852,473,60,281,498,293,178,307,126,352,245,219,621,729,1260,221,435,104,482,458,81,240,453,311,91,354,177,362,444,371,500,169,330
177,120,62,29,140,47,148,24,52,76,150,153,259,112,83,79,129,281,162,19,80,157,81,61,94,47,118,66,77,179,249,428,99,133,38,162,143,31,77,166,99,34,126,58,126,137,90,183,66,117
136,142,63,31,164,35,164,52,34,65,138,171,303,99,79,98,122,301,170,23,77,161,95,74,103,41,129,84,92,206,263,464,71,165,38,158,132,28,87,157,103,32,138,61,133,165,100,187,65,112
257,181,66,31,215,54,215,76,65,42,155,222,391,134,118,109,141,365,197,26,126,211,136,67,142,61,161,83,105,255,294,596,128,217,43,222,183,32,112,204,111,47,155,68,161,179,121,224,77,145
418,368,166,61,403,97,395,150,138,155,176,448,726,271,236,270,301,761,414,62,244,411,258,166,278,100,287,187,234,559,587,1176,227,425,87,435,372,61,204,431,251,91,328,166,352,386,256,419,161,285
521,478,204,97,564,131,540,153,171,222,448,311,973,355,254,296,399,1010,577,63,324,586,326,212,355,139,358,268,295,698,842,1523,282,559,135,604,496,105,278,653,402,106,419,201,416,467,339,552,219,393
773,812,351,140,898,183,779,259,303,391,726,973,788,594,487,501,625,1413,905,109,497,927,583,383,603,245,654,432,454,1158,1334,2327,481,848,243,958,805,157,427,929,572,199,653,323,682,755,557,906,310,629
357,296,121,63,322,85,345,112,99,134,271,355,594,106,166,175,240,580,315,45,190,351,191,139,206,69,240,144,152,413,485,881,174,298,69,332,315,55,143,349,225,64,263,122,243,295,206,350,123,215
307,225,109,45,273,66,272,83,79,118,236,254,487,166,75,152,209,501,281,33,157,264,167,102,171,71,172,92,129,361,428,765,154,230,63,266,248,43,132,308,178,42,222,123,205,247,163,312,93,182
329,240,127,44,317,69,271,79,98,109,270,296,501,175,152,86,202,500,332,35,158,299,164,102,176,87,206,110,143,381,464,847,154,265,64,299,252,36,129,339,208,55,236,116,212,275,173,340,94,188
356,314,133,57,364,75,361,129,122,141,301,399,625,240,209,202,155,634,338,39,193,348,226,148,248,86,249,151,178,452,509,986,186,325,103,364,344,50,205,367,247,67,242,126,287,291,236,406,142,253
746,779,374,137,895,199,852,281,301,365,761,1010,1413,580,501,500,634,765,920,130,512,936,580,344,625,238,641,426,458,1089,1318,2370,490,851,226,959,809,169,446,920,575,200,635,301,705,766,560,890,319,588
484,435,206,95,532,129,473,162,170,197,414,577,905,315,281,332,338,920,225,61,300,488,298,206,342,134,313,231,255,641,753,1369,252,470,123,528,501,74,247,536,336,119,390,188,381,462,304,562,192,335
72,51,18,15,72,16,60,19,23,26,62,63,109,45,33,35,39,130,61,6,29,64,40,33,43,16,45,19,33,73,89,180,31,63,10,64,69,7,29,72,35,11,50,22,52,55,38,83,19,45
311,229,106,48,277,84,281,80,77,126,244,324,497,190,157,158,193,512,300,29,60,290,157,120,207,79,194,133,141,363,421,833,158,262,51,297,269,43,138,313,205,58,231,106,226,231,170,301,119,175
492,441,167,97,506,122,498,157,161,211,411,586,927,351,264,299,348,936,488,64,290,247,285,176,344,127,329,240,245,663,708,1377,246,491,122,553,473,78,242,525,319,103,382,194,386,440,322,531,189,351
332,264,95,53,314,65,293,81,95,136,258,326,583,191,167,164,226,580,298,40,157,285,113,130,221,67,187,135,142,383,449,840,188,272,90,306,262,50,146,331,202,55,223,118,260,273,196,324,126,235
214,152,83,29,209,32,178,61,74,67,166,212,383,139,102,102,148,344,206,33,120,176,130,33,121,45,136,110,86,260,304,506,98,180,43,204,164,30,88,197,143,47,145,73,149,178,133,200,59,139
339,275,135,65,332,78,307,94,103,142,278,355,603,206,171,176,248,625,342,43,207,344,221,121,99,91,223,143,158,442,532,945,186,310,75,342,305,48,148,313,193,61,281,119,229,299,188,362,131,235
150,116,50,22,139,24,126,47,41,61,100,139,245,69,71,87,86,238,134,16,79,127,67,45,91,11,71,64,69,174,189,334,55,134,33,117,124,21,66,141,96,32,107,56,84,116,87,146,57,96
365,306,133,67,348,80,352,118,129,161,287,358,654,240,172,206,249,641,313,45,194,329,187,136,223,71,110,150,165,450,525,951,177,316,69,336,317,58,167,351,214,67,255,133,240,312,237,360,147,262
280,218,97,41,264,68,245,66,84,83,187,268,432,144,92,110,151,426,231,19,133,240,135,110,143,64,150,52,113,293,352,675,135,231,51,227,201,43,117,264,139,55,185,98,189,228,148,250,98,152
282,220,100,48,288,49,219,77,92,105,234,295,454,152,129,143,178,458,255,33,141,245,142,86,158,69,165,113,57,302,396,716,121,265,48,258,253,45,140,269,134,42,198,87,186,228,141,262,95,169
581,519,246,120,607,152,621,179,206,255,559,698,1158,413,361,381,452,1089,641,73,363,663,383,260,442,174,450,293,302,388,947,1765,359,598,143,617,626,114,310,666,407,130,498,222,516,568,411,601,240,410
678,652,300,128,735,146,729,249,263,294,587,842,1334,485,428,464,509,1318,753,89,421,708,449,304,532,189,525,352,396,947,572,2062,383,693,177,768,682,113,387,764,498,155,544,280,632,669,473,772,263,506
1117,1232,567,217,1407,298,1260,428,464,596,1176,1523,2327,881,765,847,986,2370,1369,180,833,1377,840,506,945,334,951,675,716,1765,2062,1842,673,1311,305,1482,1236,236,697,1453,878,277,1071,472,1131,1263,883,1399,479,910
206,247,93,41,289,55,221,99,71,128,227,282,481,174,154,154,186,490,252,31,158,246,188,98,186,55,177,135,121,359,383,673,71,232,61,281,251,52,130,277,167,49,197,99,194,224,165,258,105,150
501,396,169,90,466,120,435,133,165,217,425,559,848,298,230,265,325,851,470,63,262,491,272,180,310,134,316,231,265,598,693,1311,232,223,110,499,442,77,226,473,298,113,371,165,378,424,300,480,156,316
93,105,61,18,128,22,104,38,38,43,87,135,243,69,63,64,103,226,123,10,51,122,90,43,75,33,69,51,48,143,177,305,61,110,15,132,100,14,54,123,76,23,87,37,94,109,77,103,39,67
508,436,195,85,564,103,482,162,158,222,435,604,958,332,266,299,364,959,528,64,297,553,306,204,342,117,336,227,258,617,768,1482,281,499,132,265,512,92,249,540,337,96,372,192,423,485,329,570,199,391
454,423,174,88,442,122,458,143,132,183,372,496,805,315,248,252,344,809,501,69,269,473,262,164,305,124,317,201,253,626,682,1236,251,442,100,512,231,53,208,479,306,97,346,163,394,414,296,439,159,333
105,77,29,13,69,19,81,31,28,32,61,105,157,55,43,36,50,169,74,7,43,78,50,30,48,21,58,43,45,114,113,236,52,77,14,92,53,6,43,85,58,19,66,38,73,64,55,86,30,43
250,226,106,37,260,63,240,77,87,112,204,278,427,143,132,129,205,446,247,29,138,242,146,88,148,66,167,117,140,310,387,697,130,226,54,249,208,43,55,266,185,44,192,88,176,240,150,263,87,181
451,418,231,76,524,103,453,166,157,204,431,653,929,349,308,339,367,920,536,72,313,525,331,197,313,141,351,264,269,666,764,1453,277,473,123,540,479,85,266,260,344,132,380,197,433,467,350,485,193,334
292,264,129,58,316,66,311,99,103,111,251,402,572,225,178,208,247,575,336,35,205,319,202,143,193,96,214,139,134,407,498,878,167,298,76,337,306,58,185,344,109,70,253,111,249,308,210,349,116,215
94,96,45,16,120,24,91,34,32,47,91,106,199,64,42,55,67,200,119,11,58,103,55,47,61,32,67,55,42,130,155,277,49,113,23,96,97,19,44,132,70,10,76,30,68,93,60,112,35,75
340,306,154,53,361,75,354,126,138,155,328,419,653,263,222,236,242,635,390,50,231,382,223,145,281,107,255,185,198,498,544,1071,197,371,87,372,346,66,192,380,253,76,142,156,291,324,248,386,134,243
154,151,81,29,184,45,177,58,61,68,166,201,323,122,123,116,126,301,188,22,106,194,118,73,119,56,133,98,87,222,280,472,99,165,37,192,163,38,88,197,111,30,156,31,139,170,113,190,65,110
404,364,148,66,435,101,362,126,133,161,352,416,682,243,205,212,287,705,381,52,226,386,260,149,229,84,240,189,186,516,632,1131,194,378,94,423,394,73,176,433,249,68,291,139,136,376,246,400,144,289
422,384,175,78,494,89,444,137,165,179,386,467,755,295,247,275,291,766,462,55,231,440,273,178,299,116,312,228,228,568,669,1263,224,424,109,485,414,64,240,467,308,93,324,170,376,195,281,496,161,270
310,283,117,52,318,91,371,90,100,121,256,339,557,206,163,173,236,560,304,38,170,322,196,133,188,87,237,148,141,411,473,883,165,300,77,329,296,55,150,350,210,60,248,113,246,281,104,348,117,211
459,430,197,88,545,105,500,183,187,224,419,552,906,350,312,340,406,890,562,83,301,531,324,200,362,146,360,250,262,601,772,1399,258,480,103,570,439,86,263,485,349,112,386,190,400,496,348,264,179,375
162,190,89,33,198,40,169,66,65,77,161,219,310,123,93,94,142,319,192,19,119,189,126,59,131,57,147,98,95,240,263,479,105,156,39,199,159,30,87,193,116,35,134,65,144,161,117,179,24,113
362,321,130,60,303,94,330,117,112,145,285,393,629,215,182,188,253,588,335,45,175,351,235,139,235,96,262,152,169,410,506,910,150,316,67,391,333,43,181,334,215,75,243,110,289,270,211,375,113,132
