252,446,212,80,514,102,451,176,170,225,420,509,818,350,310,347,355,810,517,65,319,529,356,211,366,134,350,299,311,589,699,1130,236,485,109,497,496,65,232,485,327,108,378,162,431,433,326,458,158,379
446,175,184,79,415,106,409,117,148,213,365,484,791,294,208,224,296,759,415,69,221,428,272,160,289,93,270,192,215,524,679,1173,217,408,105,458,412,58,198,457,287,85,298,168,350,433,267,437,160,308
212,184,35,34,194,44,199,53,66,86,151,214,357,143,91,91,161,338,205,30,96,229,110,90,117,44,135,85,91,230,297,550,96,202,53,202,208,32,94,203,119,42,154,84,153,182,123,186,69,122
80,79,34,6,86,19,80,29,26,37,79,105,138,48,36,57,59,158,97,17,60,79,51,32,52,25,65,52,53,100,118,201,30,82,19,84,59,9,39,88,63,23,77,32,73,81,58,81,23,61
514,415,194,86,263,108,473,166,178,220,434,583,905,331,239,288,393,882,509,67,290,516,291,224,376,142,377,252,265,632,752,1419,243,472,118,588,471,95,235,543,320,119,388,206,437,457,341,512,189,349
102,106,44,19,108,15,114,41,34,45,116,139,193,71,58,82,69,193,122,22,79,105,64,45,66,35,88,63,75,127,151,266,38,101,17,110,100,14,52,125,70,21,89,38,89,80,71,118,37,69
451,409,199,80,473,114,227,143,138,216,427,563,845,309,246,291,336,792,472,76,284,470,285,187,296,128,332,204,263,574,724,1272,238,459,104,506,451,80,240,495,313,90,370,179,392,426,267,480,152,319
176,117,53,29,166,41,143,21,49,65,126,180,274,85,58,68,136,278,167,14,91,143,89,59,110,38,106,71,88,183,218,417,93,158,29,173,151,26,74,142,107,34,121,48,132,124,105,154,59,101
170,148,66,26,178,34,138,49,25,53,139,176,284,106,72,75,110,299,162,27,97,156,93,65,98,46,114,89,94,217,248,439,106,159,36,174,155,29,89,165,111,40,129,55,147,164,96,163,60,112
225,213,86,37,220,45,216,65,53,36,177,235,372,119,130,149,152,383,205,22,121,234,138,88,160,52,182,100,113,250,312,555,113,200,56,203,226,29,120,230,139,48,170,71,186,207,111,208,81,126
420,365,151,79,434,116,427,126,139,177,196,511,756,275,246,253,278,767,426,60,245,424,243,182,294,125,328,221,215,530,621,1116,225,408,97,438,418,84,215,427,276,88,318,149,338,422,248,459,152,293
509,484,214,105,583,139,563,180,176,235,511,289,986,382,278,297,355,960,548,71,289,566,305,260,364,133,378,240,287,757,868,1518,281,521,107,556,502,91,270,561,368,129,384,200,463,504,344,572,199,393
818,791,357,138,905,193,845,274,284,372,756,986,790,605,482,516,655,1364,915,115,484,963,535,381,603,245,689,398,441,1126,1334,2374,455,842,202,959,854,147,476,939,598,176,630,340,725,892,550,875,351,651
350,294,143,48,331,71,309,85,106,119,275,382,605,95,192,189,208,614,318,47,187,315,200,153,225,107,253,158,160,425,495,991,206,301,68,309,306,53,147,359,232,71,276,106,257,312,183,327,127,213
310,208,91,36,239,58,246,58,72,130,246,278,482,192,64,115,172,493,273,23,145,311,158,117,196,62,162,135,132,297,398,785,140,259,78,258,242,38,115,286,174,53,222,95,223,237,184,253,111,176
347,224,91,57,288,82,291,68,75,149,253,297,516,189,115,63,181,513,278,25,158,312,159,108,182,51,160,150,136,359,437,849,157,266,79,297,272,46,134,316,189,44,234,111,211,269,178,311,113,206
355,296,161,59,393,69,336,136,110,152,278,355,655,208,172,181,124,630,372,45,219,367,206,137,247,97,241,166,194,461,555,1030,203,361,84,363,329,55,183,386,229,78,294,123,284,345,222,382,142,247
810,759,338,158,882,193,792,278,299,383,767,960,1364,614,493,513,630,716,888,103,495,949,549,353,575,252,614,387,463,1116,1361,2321,451,797,212,962,791,143,463,913,582,166,634,331,678,802,558,934,312,621
517,415,205,97,509,122,472,167,162,205,426,548,915,318,273,278,372,888,268,77,274,457,277,209,317,106,317,249,270,621,749,1430,273,489,118,564,470,80,270,502,316,116,371,161,386,501,281,521,175,353
65,69,30,17,67,22,76,14,27,22,60,71,115,47,23,25,45,103,77,3,29,73,38,30,50,19,45,25,33,82,110,158,36,58,11,59,63,9,34,92,44,13,45,28,48,56,32,69,17,29
319,221,96,60,290,79,284,91,97,121,245,289,484,187,145,158,219,495,274,29,77,309,152,107,166,60,190,149,146,317,376,772,166,303,68,259,279,40,151,282,174,52,222,99,228,235,173,268,94,194
529,428,229,79,516,105,470,143,156,234,424,566,963,315,311,312,367,949,457,73,309,262,290,213,348,130,344,261,271,634,773,1441,270,468,123,535,474,81,247,532,325,105,357,181,373,458,297,508,190,370
356,272,110,51,291,64,285,89,93,138,243,305,535,200,158,159,206,549,277,38,152,290,97,123,194,55,180,100,152,362,417,814,154,270,80,308,277,40,143,314,194,61,245,122,223,295,189,306,126,215
211,160,90,32,224,45,187,59,65,88,182,260,381,153,117,108,137,353,209,30,107,213,123,46,132,52,141,88,104,246,309,565,104,201,46,205,185,39,108,233,137,36,161,71,154,190,124,189,69,146
366,289,117,52,376,66,296,110,98,160,294,364,603,225,196,182,247,575,317,50,166,348,194,132,95,80,203,150,167,419,486,897,162,320,87,356,295,50,172,344,198,55,236,124,234,275,177,334,117,219
134,93,44,25,142,35,128,38,46,52,125,133,245,107,62,51,97,252,106,19,60,130,55,52,80,14,78,56,60,154,199,373,84,131,33,134,119,16,64,130,90,28,98,51,107,118,70,142,49,81
350,270,135,65,377,88,332,106,114,182,328,378,689,253,162,160,241,614,317,45,190,344,180,141,203,78,112,150,163,406,514,948,196,310,64,356,325,44,151,334,229,72,256,121,258,312,200,361,126,235
299,192,85,52,252,63,204,71,89,100,221,240,398,158,135,150,166,387,249,25,149,261,100,88,150,56,150,60,122,289,350,660,109,229,49,272,222,40,120,253,156,36,191,98,184,188,158,248,96,159
311,215,91,53,265,75,263,88,94,113,215,287,441,160,132,136,194,463,270,33,146,271,152,104,167,60,163,122,52,305,395,719,141,252,53,267,260,47,144,260,166,54,197,112,203,226,160,274,100,202
589,524,230,100,632,127,574,183,217,250,530,757,1126,425,297,359,461,1116,621,82,317,634,362,246,419,154,406,289,305,388,910,1777,321,556,169,652,569,101,315,681,437,134,474,230,524,569,332,717,241,396
699,679,297,118,752,151,724,218,248,312,621,868,1334,495,398,437,555,1361,749,110,376,773,417,309,486,199,514,350,395,910,589,2016,407,674,187,835,685,117,383,743,482,144,560,241,585,665,465,757,278,497
1130,1173,550,201,1419,266,1272,417,439,555,1116,1518,2374,991,785,849,1030,2321,1430,158,772,1441,814,565,897,373,948,660,719,1777,2016,1822,733,1290,295,1464,1230,233,669,1396,948,282,1028,504,1108,1261,919,1379,472,945
236,217,96,30,243,38,238,93,106,113,225,281,455,206,140,157,203,451,273,36,166,270,154,104,162,84,196,109,141,321,407,733,66,262,56,318,241,30,135,273,169,64,195,113,204,256,159,285,103,205
485,408,202,82,472,101,459,158,159,200,408,521,842,301,259,266,361,797,489,58,303,468,270,201,320,131,310,229,252,556,674,1290,262,216,104,489,437,57,231,483,290,96,358,156,396,453,298,492,202,337
109,105,53,19,118,17,104,29,36,56,97,107,202,68,78,79,84,212,118,11,68,123,80,46,87,33,64,49,53,169,187,295,56,104,19,105,98,23,42,118,83,28,79,38,98,100,72,121,39,67
497,458,202,84,588,110,506,173,174,203,438,556,959,309,258,297,363,962,564,59,259,535,308,205,356,134,356,272,267,652,835,1464,318,489,105,289,500,77,261,618,360,104,447,198,406,466,326,559,190,368
496,412,208,59,471,100,451,151,155,226,418,502,854,306,242,272,329,791,470,63,279,474,277,185,295,119,325,222,260,569,685,1230,241,437,98,500,190,80,239,490,337,98,342,185,368,459,283,455,142,326
65,58,32,9,95,14,80,26,29,29,84,91,147,53,38,46,55,143,80,9,40,81,40,39,50,16,44,40,47,101,117,233,30,57,23,77,80,6,44,89,58,20,56,29,65,61,53,75,22,63
232,198,94,39,235,52,240,74,89,120,215,270,476,147,115,134,183,463,270,34,151,247,143,108,172,64,151,120,144,315,383,669,135,231,42,261,239,44,72,227,174,59,185,107,218,221,174,263,83,161
485,457,203,88,543,125,495,142,165,230,427,561,939,359,286,316,386,913,502,92,282,532,314,233,344,130,334,253,260,681,743,1396,273,483,118,618,490,89,227,295,351,79,396,199,425,493,317,521,192,350
327,287,119,63,320,70,313,107,111,139,276,368,598,232,174,189,229,582,316,44,174,325,194,137,198,90,229,156,166,437,482,948,169,290,83,360,337,58,174,351,84,63,254,127,259,273,196,312,118,232
108,85,42,23,119,21,90,34,40,48,88,129,176,71,53,44,78,166,116,13,52,105,61,36,55,28,72,36,54,134,144,282,64,96,28,104,98,20,59,79,63,9,82,34,69,98,64,94,41,65
378,298,154,77,388,89,370,121,129,170,318,384,630,276,222,234,294,634,371,45,222,357,245,161,236,98,256,191,197,474,560,1028,195,358,79,447,342,56,185,396,254,82,143,154,325,347,241,396,124,249
162,168,84,32,206,38,179,48,55,71,149,200,340,106,95,111,123,331,161,28,99,181,122,71,124,51,121,98,112,230,241,504,113,156,38,198,185,29,107,199,127,34,154,32,152,178,104,169,72,121
431,350,153,73,437,89,392,132,147,186,338,463,725,257,223,211,284,678,386,48,228,373,223,154,234,107,258,184,203,524,585,1108,204,396,98,406,368,65,218,425,259,69,325,152,159,336,237,395,151,262
433,433,182,81,457,80,426,124,164,207,422,504,892,312,237,269,345,802,501,56,235,458,295,190,275,118,312,188,226,569,665,1261,256,453,100,466,459,61,221,493,273,98,347,178,336,207,271,476,148,341
326,267,123,58,341,71,267,105,96,111,248,344,550,183,184,178,222,558,281,32,173,297,189,124,177,70,200,158,160,332,465,919,159,298,72,326,283,53,174,317,196,64,241,104,237,271,94,301,114,188
458,437,186,81,512,118,480,154,163,208,459,572,875,327,253,311,382,934,521,69,268,508,306,189,334,142,361,248,274,717,757,1379,285,492,121,559,455,75,263,521,312,94,396,169,395,476,301,266,185,340
158,160,69,23,189,37,152,59,60,81,152,199,351,127,111,113,142,312,175,17,94,190,126,69,117,49,126,96,100,241,278,472,103,202,39,190,142,22,83,192,118,41,124,72,151,148,114,185,31,133
379,308,122,61,349,69,319,101,112,126,293,393,651,213,176,206,247,621,353,29,194,370,215,146,219,81,235,159,202,396,497,945,205,337,67,368,326,63,161,350,232,65,249,121,262,341,188,340,133,109
