270,445,229,82,551,98,446,187,160,214,446,503,789,360,272,309,388,794,477,69,317,521,334,201,382,148,363,257,315,598,689,1191,251,484,110,503,452,93,271,472,325,94,374,173,447,437,360,487,168,387
445,170,173,62,444,79,374,123,131,195,376,475,814,282,253,270,324,816,442,33,241,438,247,170,282,96,275,202,204,508,686,1291,250,399,101,454,382,89,228,495,284,86,345,159,337,430,266,478,164,277
229,173,32,35,205,42,203,65,79,92,191,242,396,127,114,123,131,403,182,18,101,194,137,94,129,47,138,103,104,243,300,588,103,193,46,216,199,29,110,232,129,36,148,74,176,183,116,199,89,157
82,62,35,7,94,21,70,34,36,37,70,89,153,62,50,60,58,144,84,8,53,95,55,29,59,18,57,47,35,98,124,199,33,64,20,82,84,10,35,75,51,14,60,31,61,67,59,74,35,44
551,444,205,94,262,109,456,147,163,170,416,576,893,319,293,310,406,931,528,66,288,530,285,180,331,138,366,245,267,684,773,1439,268,498,106,582,479,83,247,555,346,117,385,192,398,463,283,519,182,346
98,79,42,21,109,12,95,35,38,52,90,119,184,82,64,69,71,193,103,11,76,110,82,32,86,25,72,48,55,143,163,291,49,92,29,121,97,13,62,117,69,22,80,43,93,103,78,116,42,58
446,374,203,70,456,95,211,137,165,212,411,495,847,285,257,275,338,877,492,54,261,498,277,175,324,125,330,235,233,623,742,1340,265,451,102,506,424,91,227,507,337,86,394,175,355,453,299,501,170,316
187,123,65,34,147,35,137,23,39,71,139,158,249,93,79,90,98,233,156,24,77,139,92,60,88,45,93,70,71,185,218,421,97,168,31,138,119,20,66,171,110,36,116,52,100,132,111,165,63,113
160,131,79,36,163,38,165,39,28,70,138,164,300,101,69,88,129,303,156,12,93,152,95,61,113,35,104,73,88,197,218,459,92,141,39,174,146,24,84,175,107,36,145,64,137,146,110,152,67,110
214,195,92,37,170,52,212,71,70,42,150,217,385,143,126,142,167,384,211,26,126,221,121,98,136,60,142,122,110,267,275,557,114,182,42,202,188,32,108,192,119,47,141,82,176,189,137,206,74,130
446,376,191,70,416,90,411,139,138,150,171,482,761,276,246,284,327,739,420,60,246,401,242,183,283,121,298,231,245,571,629,1171,218,400,81,460,396,69,208,446,302,87,315,142,356,402,266,451,125,289
503,475,242,89,576,119,495,158,164,217,482,328,1011,350,282,331,411,1022,569,69,279,591,302,205,372,131,372,259,269,731,862,1614,312,514,151,600,482,102,280,608,379,121,402,249,436,518,372,575,226,368
789,814,396,153,893,184,847,249,300,385,761,1011,808,601,433,507,657,1452,972,111,489,936,524,344,617,215,612,419,458,1146,1402,2469,464,869,193,1012,833,155,455,950,611,197,731,318,691,831,584,913,326,640
360,282,127,62,319,82,285,93,101,143,276,350,601,97,168,186,225,624,343,37,178,322,196,133,235,85,248,157,171,432,480,893,146,326,80,326,328,50,158,345,221,72,265,105,274,312,230,330,120,234
272,253,114,50,293,64,257,79,69,126,246,282,433,168,59,136,172,436,274,40,134,267,169,98,174,69,187,124,155,307,412,720,140,267,64,259,225,35,119,317,169,56,200,86,215,244,199,261,109,211
309,270,123,60,310,69,275,90,88,142,284,331,507,186,136,82,168,539,297,28,152,298,169,124,215,58,184,115,171,358,430,841,152,248,66,274,260,53,138,356,172,48,220,103,259,271,202,296,116,205
388,324,131,58,406,71,338,98,129,167,327,411,657,225,172,168,139,658,374,47,175,365,228,170,254,113,238,162,175,453,545,1042,198,338,81,381,332,62,188,411,247,66,282,150,285,349,204,368,147,251
794,816,403,144,931,193,877,233,303,384,739,1022,1452,624,436,539,658,840,953,105,504,919,526,354,608,249,623,434,424,1128,1335,2489,482,893,173,995,855,149,449,920,609,180,676,331,720,835,573,905,314,649
477,442,182,84,528,103,492,156,156,211,420,569,972,343,274,297,374,953,259,57,273,497,309,194,332,132,335,225,234,679,775,1340,258,480,101,533,458,92,233,559,352,92,384,193,395,463,315,517,182,334
69,33,18,8,66,11,54,24,12,26,60,69,111,37,40,28,47,105,57,3,30,55,37,28,32,20,35,28,39,73,89,197,29,56,18,62,73,6,39,71,31,9,47,28,49,54,38,59,32,44
317,241,101,53,288,76,261,77,93,126,246,279,489,178,134,152,175,504,273,30,65,287,159,117,180,75,175,138,138,322,439,781,153,268,51,261,246,48,142,302,191,58,228,107,208,251,178,296,100,180
521,438,194,95,530,110,498,139,152,221,401,591,936,322,267,298,365,919,497,55,287,248,307,197,316,136,345,216,237,649,763,1409,272,497,113,527,438,78,217,568,358,74,419,199,350,446,338,511,188,370
334,247,137,55,285,82,277,92,95,121,242,302,524,196,169,169,228,526,309,37,159,307,76,124,206,70,207,145,161,355,456,806,148,290,67,312,266,43,149,313,220,54,241,112,225,288,206,275,107,188
201,170,94,29,180,32,175,60,61,98,183,205,344,133,98,124,170,354,194,28,117,197,124,44,134,44,161,98,101,264,314,551,118,183,41,212,184,31,85,217,144,35,165,84,162,201,131,209,61,151
382,282,129,59,331,86,324,88,113,136,283,372,617,235,174,215,254,608,332,32,180,316,206,134,120,93,225,151,166,395,496,915,190,302,79,336,312,45,163,374,200,65,264,110,272,315,224,376,126,220
148,96,47,18,138,25,125,45,35,60,121,131,215,85,69,58,113,249,132,20,75,136,70,44,93,14,76,64,61,155,198,390,78,120,32,133,97,15,72,150,81,38,80,43,87,114,79,131,53,90
363,275,138,57,366,72,330,93,104,142,298,372,612,248,187,184,238,623,335,35,175,345,207,161,225,76,116,145,170,454,493,983,197,323,77,336,316,57,181,382,229,77,239,118,283,338,216,369,118,232
257,202,103,47,245,48,235,70,73,122,231,259,419,157,124,115,162,434,225,28,138,216,145,98,151,64,145,54,110,304,326,646,140,228,50,219,218,37,113,257,157,54,178,81,188,209,149,244,103,174
315,204,104,35,267,55,233,71,88,110,245,269,458,171,155,171,175,424,234,39,138,237,161,101,166,61,170,110,52,294,365,672,141,228,56,243,234,31,139,271,164,47,188,106,180,231,169,250,102,188
598,508,243,98,684,143,623,185,197,267,571,731,1146,432,307,358,453,1128,679,73,322,649,355,264,395,155,454,304,294,405,957,1787,324,578,139,666,613,100,334,688,424,121,526,213,490,608,392,694,242,426
689,686,300,124,773,163,742,218,218,275,629,862,1402,480,412,430,545,1335,775,89,439,763,456,314,496,198,493,326,365,957,598,2092,419,767,169,759,725,110,354,859,482,141,587,273,585,691,468,770,303,521
1191,1291,588,199,1439,291,1340,421,459,557,1171,1614,2469,893,720,841,1042,2489,1340,197,781,1409,806,551,915,390,983,646,672,1787,2092,1947,696,1339,314,1582,1306,250,719,1469,953,286,1046,545,1110,1235,917,1431,500,951
251,250,103,33,268,49,265,97,92,114,218,312,464,146,140,152,198,482,258,29,153,272,148,118,190,78,197,140,141,324,419,696,51,253,68,321,242,55,142,281,166,64,213,104,227,241,179,277,113,199
484,399,193,64,498,92,451,168,141,182,400,514,869,326,267,248,338,893,480,56,268,497,290,183,302,120,323,228,228,578,767,1339,253,208,115,495,414,57,220,521,332,92,367,166,376,434,304,515,178,313
110,101,46,20,106,29,102,31,39,42,81,151,193,80,64,66,81,173,101,18,51,113,67,41,79,32,77,50,56,139,169,314,68,115,14,143,109,18,38,120,61,18,79,45,89,98,81,112,50,72
503,454,216,82,582,121,506,138,174,202,460,600,1012,326,259,274,381,995,533,62,261,527,312,212,336,133,336,219,243,666,759,1582,321,495,143,292,501,92,257,591,349,83,434,184,379,533,334,506,205,364
452,382,199,84,479,97,424,119,146,188,396,482,833,328,225,260,332,855,458,73,246,438,266,184,312,97,316,218,234,613,725,1306,242,414,109,501,229,78,214,483,331,87,357,167,383,426,295,468,166,320
93,89,29,10,83,13,91,20,24,32,69,102,155,50,35,53,62,149,92,6,48,78,43,31,45,15,57,37,31,100,110,250,55,57,18,92,78,13,34,108,67,10,72,33,54,85,49,95,27,52
271,228,110,35,247,62,227,66,84,108,208,280,455,158,119,138,188,449,233,39,142,217,149,85,163,72,181,113,139,334,354,719,142,220,38,257,214,34,69,258,159,48,193,96,198,222,180,259,92,180
472,495,232,75,555,117,507,171,175,192,446,608,950,345,317,356,411,920,559,71,302,568,313,217,374,150,382,257,271,688,859,1469,281,521,120,591,483,108,258,304,351,83,434,183,449,502,302,566,194,367
325,284,129,51,346,69,337,110,107,119,302,379,611,221,169,172,247,609,352,31,191,358,220,144,200,81,229,157,164,424,482,953,166,332,61,349,331,67,159,351,103,66,261,110,277,277,191,344,125,241
94,86,36,14,117,22,86,36,36,47,87,121,197,72,56,48,66,180,92,9,58,74,54,35,65,38,77,54,47,121,141,286,64,92,18,83,87,10,48,83,66,12,67,36,84,106,57,90,32,80
374,345,148,60,385,80,394,116,145,141,315,402,731,265,200,220,282,676,384,47,228,419,241,165,264,80,239,178,188,526,587,1046,213,367,79,434,357,72,193,434,261,67,151,143,310,364,250,387,140,246
173,159,74,31,192,43,175,52,64,82,142,249,318,105,86,103,150,331,193,28,107,199,112,84,110,43,118,81,106,213,273,545,104,166,45,184,167,33,96,183,110,36,143,28,155,177,103,181,76,127
447,337,176,61,398,93,355,100,137,176,356,436,691,274,215,259,285,720,395,49,208,350,225,162,272,87,283,188,180,490,585,1110,227,376,89,379,383,54,198,449,277,84,310,155,154,381,258,424,141,288
437,430,183,67,463,103,453,132,146,189,402,518,831,312,244,271,349,835,463,54,251,446,288,201,315,114,338,209,231,608,691,1235,241,434,98,533,426,85,222,502,277,106,364,177,381,218,257,471,155,332
360,266,116,59,283,78,299,111,110,137,266,372,584,230,199,202,204,573,315,38,178,338,206,131,224,79,216,149,169,392,468,917,179,304,81,334,295,49,180,302,191,57,250,103,258,257,106,334,129,208
487,478,199,74,519,116,501,165,152,206,451,575,913,330,261,296,368,905,517,59,296,511,275,209,376,131,369,244,250,694,770,1431,277,515,112,506,468,95,259,566,344,90,387,181,424,471,334,269,168,338
168,164,89,35,182,42,170,63,67,74,125,226,326,120,109,116,147,314,182,32,100,188,107,61,126,53,118,103,102,242,303,500,113,178,50,205,166,27,92,194,125,32,140,76,141,155,129,168,33,111
387,277,157,44,346,58,316,113,110,130,289,368,640,234,211,205,251,649,334,44,180,370,188,151,220,90,232,174,188,426,521,951,199,313,72,364,320,52,180,367,241,80,246,127,288,332,208,338,111,131
