255,478,235,92,480,117,457,198,163,239,432,500,786,403,337,329,346,817,522,78,349,542,354,217,348,151,382,310,297,582,699,1194,250,496,113,516,467,76,229,478,317,91,388,179,444,441,308,476,176,387
478,162,165,79,398,88,429,134,156,183,377,459,736,276,206,238,308,745,445,53,211,444,260,171,274,118,270,189,198,529,667,1215,224,409,100,446,434,78,210,439,268,83,338,160,328,365,283,416,152,297
235,165,40,26,183,42,171,57,65,74,167,233,330,126,98,112,152,345,194,30,108,218,121,83,144,55,139,86,101,241,284,547,94,190,38,225,183,25,108,238,146,35,159,75,167,190,119,201,56,125
92,79,26,7,94,17,75,28,28,45,86,88,136,60,49,62,53,135,84,6,49,74,44,35,62,22,74,46,56,91,122,227,39,81,19,100,86,15,36,84,51,16,61,27,68,67,52,74,36,62
480,398,183,94,274,116,516,166,165,228,462,533,926,377,313,322,379,900,513,69,270,545,320,206,339,151,382,241,262,634,767,1367,277,475,116,516,510,90,264,505,324,96,393,190,445,473,341,514,176,359
117,88,42,17,116,10,106,39,47,50,90,118,180,63,68,75,79,193,108,16,76,120,82,48,88,25,83,56,65,134,162,294,65,111,25,137,104,29,66,110,53,29,79,30,97,102,69,110,48,70
457,429,171,75,516,106,224,158,153,214,423,500,830,298,277,287,340,849,492,65,264,448,300,201,322,127,329,251,246,581,688,1345,269,481,100,512,432,77,261,497,316,82,365,181,390,383,293,486,188,327
198,134,57,28,166,39,158,23,55,63,144,163,293,110,74,93,114,278,155,19,77,169,83,69,89,35,103,66,60,185,224,403,70,144,34,170,145,30,64,172,111,35,124,59,106,134,86,160,41,112
163,156,65,28,165,47,153,55,28,67,154,178,334,124,88,104,122,316,159,26,93,173,95,58,102,43,127,79,80,218,219,450,87,150,33,161,166,22,87,176,124,33,126,65,131,140,89,153,63,130
239,183,74,45,228,50,214,63,67,57,189,233,390,149,104,113,149,359,205,27,91,214,122,83,134,55,127,95,95,258,311,580,118,219,40,231,199,38,113,199,118,39,175,72,186,194,121,208,77,131
432,377,167,86,462,90,423,144,154,189,189,478,760,262,220,259,296,762,412,62,238,441,256,195,319,111,290,211,223,531,621,1155,215,385,91,432,433,65,225,413,258,87,341,170,372,388,256,425,163,291
500,459,233,88,533,118,500,163,178,233,478,297,999,333,300,319,399,1027,553,63,301,571,351,230,366,137,350,277,267,702,821,1524,305,514,132,614,530,98,263,601,366,97,463,191,454,504,340,574,203,368
786,736,330,136,926,180,830,293,334,390,760,999,778,594,481,485,630,1431,925,119,532,903,523,357,588,222,565,440,477,1157,1358,2424,500,843,223,970,784,136,476,935,567,197,661,331,711,829,565,918,318,580
403,276,126,60,377,63,298,110,124,149,262,333,594,102,171,193,234,568,306,36,171,296,190,122,186,76,209,157,167,371,506,895,191,322,64,339,310,56,172,325,211,73,238,117,246,293,187,342,123,230
337,206,98,49,313,68,277,74,88,104,220,300,481,171,61,136,202,481,278,35,142,253,153,106,168,73,187,126,142,301,395,717,148,262,52,285,263,41,113,270,168,52,193,104,210,230,169,300,90,217
329,238,112,62,322,75,287,93,104,113,259,319,485,193,136,66,223,499,289,39,144,297,181,110,178,82,211,136,150,320,418,819,168,268,50,293,289,47,142,297,167,56,206,94,234,286,178,303,109,210
346,308,152,53,379,79,340,114,122,149,296,399,630,234,202,223,121,672,365,55,204,386,220,170,238,92,255,169,167,462,544,1042,200,333,82,377,329,55,171,387,251,53,311,145,297,316,229,396,135,258
817,745,345,135,900,193,849,278,316,359,762,1027,1431,568,481,499,672,766,946,116,502,901,553,370,567,216,597,412,474,1140,1392,2375,472,855,201,950,776,145,480,874,626,189,679,342,715,812,557,923,307,607
522,445,194,84,513,108,492,155,159,205,412,553,925,306,278,289,365,946,251,57,296,474,307,229,343,143,376,248,250,617,782,1418,280,454,116,540,478,71,255,553,333,105,397,175,434,458,310,535,187,313
78,53,30,6,69,16,65,19,26,27,62,63,119,36,35,39,55,116,57,4,33,62,38,26,48,14,41,28,30,74,91,168,36,52,7,59,60,6,37,66,39,13,53,24,57,60,46,72,23,47
349,211,108,49,270,76,264,77,93,91,238,301,532,171,142,144,204,502,296,33,83,307,161,88,176,64,182,100,116,365,416,786,151,243,66,278,265,46,130,288,208,58,215,86,213,269,170,286,111,173
542,444,218,74,545,120,448,169,173,214,441,571,903,296,253,297,386,901,474,62,307,236,312,229,345,150,357,224,265,604,759,1384,272,484,101,574,477,78,256,528,346,109,388,203,433,449,291,532,167,362
354,260,121,44,320,82,300,83,95,122,256,351,523,190,153,181,220,553,307,38,161,312,74,132,205,81,207,128,158,364,459,837,160,324,73,308,283,48,130,305,197,59,262,112,227,285,178,318,121,223
217,171,83,35,206,48,201,69,58,83,195,230,357,122,106,110,170,370,229,26,88,229,132,53,156,51,137,84,114,270,317,561,119,197,45,217,212,23,103,220,105,44,174,76,180,183,126,219,72,126
348,274,144,62,339,88,322,89,102,134,319,366,588,186,168,178,238,567,343,48,176,345,205,156,120,68,202,160,176,416,493,950,180,337,91,344,351,48,177,349,213,64,258,116,255,295,215,333,139,202
151,118,55,22,151,25,127,35,43,55,111,137,222,76,73,82,92,216,143,14,64,150,81,51,68,17,81,56,68,173,191,376,70,129,31,145,134,17,61,147,81,28,105,49,105,103,84,135,51,81
382,270,139,74,382,83,329,103,127,127,290,350,565,209,187,211,255,597,376,41,182,357,207,137,202,81,110,171,173,404,498,989,177,331,74,368,334,43,171,332,205,69,281,128,257,303,198,343,128,220
310,189,86,46,241,56,251,66,79,95,211,277,440,157,126,136,169,412,248,28,100,224,128,84,160,56,171,71,118,287,384,686,148,234,51,248,264,42,109,239,149,43,172,79,198,213,132,260,99,160
297,198,101,56,262,65,246,60,80,95,223,267,477,167,142,150,167,474,250,30,116,265,158,114,176,68,173,118,60,311,389,676,146,228,62,247,265,33,105,276,167,50,205,94,220,234,163,272,94,145
582,529,241,91,634,134,581,185,218,258,531,702,1157,371,301,320,462,1140,617,74,365,604,364,270,416,173,404,287,311,380,964,1833,360,548,145,630,532,109,300,645,422,129,453,231,497,603,384,667,239,418
699,667,284,122,767,162,688,224,219,311,621,821,1358,506,395,418,544,1392,782,91,416,759,459,317,493,191,498,384,389,964,576,2135,407,693,159,812,655,113,357,775,522,155,576,295,620,665,463,785,265,496
1194,1215,547,227,1367,294,1345,403,450,580,1155,1524,2424,895,717,819,1042,2375,1418,168,786,1384,837,561,950,376,989,686,676,1833,2135,1873,708,1298,304,1479,1247,235,698,1474,948,286,1050,572,1114,1256,850,1449,476,923
250,224,94,39,277,65,269,70,87,118,215,305,500,191,148,168,200,472,280,36,151,272,160,119,180,70,177,148,146,360,407,708,57,266,69,322,266,43,125,271,186,52,191,100,220,243,164,318,95,190
496,409,190,81,475,111,481,144,150,219,385,514,843,322,262,268,333,855,454,52,243,484,324,197,337,129,331,234,228,548,693,1298,266,229,96,493,423,67,235,495,307,93,332,168,393,441,319,466,183,333
113,100,38,19,116,25,100,34,33,40,91,132,223,64,52,50,82,201,116,7,66,101,73,45,91,31,74,51,62,145,159,304,69,96,12,113,105,18,61,124,77,35,88,48,93,104,76,123,46,77
516,446,225,100,516,137,512,170,161,231,432,614,970,339,285,293,377,950,540,59,278,574,308,217,344,145,368,248,247,630,812,1479,322,493,113,274,541,75,244,545,345,104,422,211,409,500,317,572,184,390
467,434,183,86,510,104,432,145,166,199,433,530,784,310,263,289,329,776,478,60,265,477,283,212,351,134,334,264,265,532,655,1247,266,423,105,541,239,71,240,492,322,85,353,169,385,385,272,472,177,304
76,78,25,15,90,29,77,30,22,38,65,98,136,56,41,47,55,145,71,6,46,78,48,23,48,17,43,42,33,109,113,235,43,67,18,75,71,9,44,87,47,16,71,37,51,80,58,99,27,64
229,210,108,36,264,66,261,64,87,113,225,263,476,172,113,142,171,480,255,37,130,256,130,103,177,61,171,109,105,300,357,698,125,235,61,244,240,44,62,262,165,51,193,90,181,222,160,265,93,166
478,439,238,84,505,110,497,172,176,199,413,601,935,325,270,297,387,874,553,66,288,528,305,220,349,147,332,239,276,645,775,1474,271,495,124,545,492,87,262,266,349,108,422,209,432,460,353,549,177,346
317,268,146,51,324,53,316,111,124,118,258,366,567,211,168,167,251,626,333,39,208,346,197,105,213,81,205,149,167,422,522,948,186,307,77,345,322,47,165,349,90,68,265,111,259,304,213,322,115,213
91,83,35,16,96,29,82,35,33,39,87,97,197,73,52,56,53,189,105,13,58,109,59,44,64,28,69,43,50,129,155,286,52,93,35,104,85,16,51,108,68,8,83,32,80,91,66,106,42,63
388,338,159,61,393,79,365,124,126,175,341,463,661,238,193,206,311,679,397,53,215,388,262,174,258,105,281,172,205,453,576,1050,191,332,88,422,353,71,193,422,265,83,124,145,297,352,255,400,132,304
179,160,75,27,190,30,181,59,65,72,170,191,331,117,104,94,145,342,175,24,86,203,112,76,116,49,128,79,94,231,295,572,100,168,48,211,169,37,90,209,111,32,145,36,160,170,121,210,72,147
444,328,167,68,445,97,390,106,131,186,372,454,711,246,210,234,297,715,434,57,213,433,227,180,255,105,257,198,220,497,620,1114,220,393,93,409,385,51,181,432,259,80,297,160,157,334,260,419,154,267
441,365,190,67,473,102,383,134,140,194,388,504,829,293,230,286,316,812,458,60,269,449,285,183,295,103,303,213,234,603,665,1256,243,441,104,500,385,80,222,460,304,91,352,170,334,198,293,453,146,308
308,283,119,52,341,69,293,86,89,121,256,340,565,187,169,178,229,557,310,46,170,291,178,126,215,84,198,132,163,384,463,850,164,319,76,317,272,58,160,353,213,66,255,121,260,293,98,344,129,231
476,416,201,74,514,110,486,160,153,208,425,574,918,342,300,303,396,923,535,72,286,532,318,219,333,135,343,260,272,667,785,1449,318,466,123,572,472,99,265,549,322,106,400,210,419,453,344,283,177,371
176,152,56,36,176,48,188,41,63,77,163,203,318,123,90,109,135,307,187,23,111,167,121,72,139,51,128,99,94,239,265,476,95,183,46,184,177,27,93,177,115,42,132,72,154,146,129,177,29,123
387,297,125,62,359,70,327,112,130,131,291,368,580,230,217,210,258,607,313,47,173,362,223,126,202,81,220,160,145,418,496,923,190,333,77,390,304,64,166,346,213,63,304,147,267,308,231,371,123,106
