266,456,227,103,517,123,479,184,172,230,446,491,837,381,317,343,357,836,491,69,331,528,345,198,366,120,354,285,294,589,736,1176,269,474,121,535,501,80,249,512,292,108,357,180,431,438,353,451,173,370
456,188,168,82,427,111,400,113,145,182,385,508,797,279,226,253,342,797,438,58,241,426,263,190,306,95,297,209,223,548,657,1248,242,363,107,455,395,64,202,453,271,90,364,144,375,389,282,431,170,326
227,168,33,34,204,48,210,60,54,89,167,226,359,130,87,99,151,362,179,24,119,201,120,92,134,60,135,82,97,233,300,572,106,190,35,212,192,42,106,195,109,38,162,75,182,181,126,214,77,158
103,82,34,4,78,13,74,20,26,37,61,97,159,62,57,54,56,157,88,5,45,98,57,37,65,15,61,42,32,122,143,193,44,65,16,97,70,14,38,90,56,19,69,38,79,75,46,71,32,66
517,427,204,78,241,117,487,152,157,218,415,551,939,350,267,294,383,955,532,62,264,517,291,217,335,132,333,248,231,647,767,1382,263,456,102,516,478,84,271,549,297,111,412,193,437,467,338,512,191,352
123,111,48,13,117,13,101,37,42,45,89,128,193,81,78,72,72,195,111,11,67,116,73,43,90,25,78,52,47,158,189,276,56,103,21,141,93,16,68,119,77,29,71,47,101,81,56,108,41,72
479,400,210,74,487,101,227,145,157,193,360,554,887,317,269,285,351,868,460,54,255,462,297,202,301,110,313,212,246,636,745,1289,230,455,107,521,466,63,221,491,326,106,348,192,386,423,281,466,176,340
184,113,60,20,152,37,145,22,60,56,136,172,301,87,84,92,108,281,146,15,70,168,72,50,115,33,82,68,84,193,242,405,67,135,23,158,151,27,74,166,95,32,118,51,134,131,94,139,51,94
172,145,54,26,157,42,157,60,35,59,130,161,283,100,80,87,110,307,168,14,84,160,97,67,104,45,120,78,83,203,217,475,91,154,51,185,174,25,76,186,108,33,127,73,138,129,118,152,70,128
230,182,89,37,218,45,193,56,59,43,176,232,389,160,112,141,138,391,219,26,108,221,125,77,140,44,145,92,111,263,329,565,110,189,44,219,197,35,100,207,135,39,158,70,201,201,122,228,73,155
446,385,167,61,415,89,360,136,130,176,190,501,773,313,223,265,303,747,446,46,233,396,266,181,249,103,283,213,214,480,653,1142,256,385,75,468,379,67,227,448,301,98,311,161,328,372,273,441,136,309
491,508,226,97,551,128,554,172,161,232,501,325,972,358,317,307,414,942,592,88,304,611,359,228,394,132,376,267,270,715,836,1574,294,520,142,620,557,97,285,583,348,112,404,205,469,517,392,611,229,339
837,797,359,159,939,193,887,301,283,389,773,972,785,582,509,502,698,1416,909,110,535,936,572,371,628,233,637,425,487,1149,1307,2399,486,834,201,996,801,140,462,980,605,177,668,345,771,817,569,922,315,627
381,279,130,62,350,81,317,87,100,160,313,358,582,112,169,180,236,560,330,36,184,355,203,128,219,78,199,159,172,430,505,926,188,317,68,349,302,55,163,366,201,68,249,117,247,316,217,326,125,222
317,226,87,57,267,78,269,84,80,112,223,317,509,169,64,138,189,490,263,46,153,289,153,102,177,71,205,113,130,359,412,755,128,268,49,286,253,51,129,288,152,63,216,91,210,213,147,324,90,172
343,253,99,54,294,72,285,92,87,141,265,307,502,180,138,82,208,537,274,37,125,321,166,108,191,75,199,118,110,376,440,795,151,282,64,322,279,57,148,315,196,68,242,104,231,246,155,293,103,205
357,342,151,56,383,72,351,108,110,138,303,414,698,236,189,208,97,644,366,45,209,373,222,161,258,88,251,179,176,460,554,1011,195,334,92,361,346,51,172,399,245,62,260,125,328,335,246,321,138,229
836,797,362,157,955,195,868,281,307,391,747,942,1416,560,490,537,644,803,908,117,534,961,552,357,593,233,642,407,492,1130,1380,2400,503,836,213,972,785,156,485,971,633,184,660,327,730,864,556,927,310,603
491,438,179,88,532,111,460,146,168,219,446,592,909,330,263,274,366,908,245,77,273,488,321,194,315,133,333,267,241,633,780,1360,291,486,107,526,476,89,247,578,344,94,386,196,425,497,335,532,201,376
69,58,24,5,62,11,54,15,14,26,46,88,110,36,46,37,45,117,77,6,28,63,52,35,47,15,43,26,30,85,105,178,47,59,17,75,56,12,31,66,37,14,46,18,47,52,32,73,29,42
331,241,119,45,264,67,255,70,84,108,233,304,535,184,153,125,209,534,273,28,67,273,165,91,180,68,176,130,136,362,419,819,172,245,61,327,260,45,135,303,181,57,227,113,206,248,167,285,104,197
528,426,201,98,517,116,462,168,160,221,396,611,936,355,289,321,373,961,488,63,273,256,299,203,304,129,332,258,244,658,813,1403,272,481,127,577,526,86,285,573,343,100,413,175,397,458,340,538,199,349
345,263,120,57,291,73,297,72,97,125,266,359,572,203,153,166,222,552,321,52,165,299,87,121,193,81,218,118,139,365,461,851,156,259,63,320,284,50,133,334,192,62,256,97,215,258,178,317,125,199
198,190,92,37,217,43,202,50,67,77,181,228,371,128,102,108,161,357,194,35,91,203,121,44,119,61,139,97,99,270,298,588,113,175,46,222,198,46,95,231,132,43,165,71,145,192,122,213,69,149
366,306,134,65,335,90,301,115,104,140,249,394,628,219,177,191,258,593,315,47,180,304,193,119,115,86,233,150,149,421,495,951,174,310,71,331,294,47,153,349,201,64,244,113,239,272,216,344,122,235
120,95,60,15,132,25,110,33,45,44,103,132,233,78,71,75,88,233,133,15,68,129,81,61,86,15,71,76,64,174,193,406,67,123,33,130,115,19,50,129,78,41,106,47,103,116,73,122,55,76
354,297,135,61,333,78,313,82,120,145,283,376,637,199,205,199,251,642,333,43,176,332,218,139,233,71,104,152,174,415,508,999,201,311,87,368,311,52,157,367,227,74,250,144,294,306,214,345,149,219
285,209,82,42,248,52,212,68,78,92,213,267,425,159,113,118,179,407,267,26,130,258,118,97,150,76,152,47,126,266,340,687,116,198,49,228,218,23,115,250,147,50,190,71,172,226,136,241,95,163
294,223,97,32,231,47,246,84,83,111,214,270,487,172,130,110,176,492,241,30,136,244,139,99,149,64,174,126,57,298,387,753,130,237,47,251,253,47,129,282,184,56,202,81,204,223,156,252,92,202
589,548,233,122,647,158,636,193,203,263,480,715,1149,430,359,376,460,1130,633,85,362,658,365,270,421,174,415,266,298,378,1005,1789,362,598,129,647,601,107,329,656,383,112,454,237,530,638,443,684,238,443
736,657,300,143,767,189,745,242,217,329,653,836,1307,505,412,440,554,1380,780,105,419,813,461,298,495,193,508,340,387,1005,560,2071,391,773,172,870,726,127,357,794,498,135,574,280,579,725,532,763,260,525
1176,1248,572,193,1382,276,1289,405,475,565,1142,1574,2399,926,755,795,1011,2400,1360,178,819,1403,851,588,951,406,999,687,753,1789,2071,1910,703,1307,317,1523,1235,231,707,1464,930,274,967,522,1133,1248,904,1385,488,888
269,242,106,44,263,56,230,67,91,110,256,294,486,188,128,151,195,503,291,47,172,272,156,113,174,67,201,116,130,362,391,703,66,262,61,316,232,57,127,262,188,62,205,96,189,250,156,311,93,190
474,363,190,65,456,103,455,135,154,189,385,520,834,317,268,282,334,836,486,59,245,481,259,175,310,123,311,198,237,598,773,1307,262,221,122,499,446,73,242,519,281,101,359,202,352,439,285,467,195,325
121,107,35,16,102,21,107,23,51,44,75,142,201,68,49,64,92,213,107,17,61,127,63,46,71,33,87,49,47,129,172,317,61,122,15,141,123,18,63,120,76,32,82,41,82,95,55,131,40,72
535,455,212,97,516,141,521,158,185,219,468,620,996,349,286,322,361,972,526,75,327,577,320,222,331,130,368,228,251,647,870,1523,316,499,141,267,517,73,287,575,362,106,361,198,450,492,365,543,190,361
501,395,192,70,478,93,466,151,174,197,379,557,801,302,253,279,346,785,476,56,260,526,284,198,294,115,311,218,253,601,726,1235,232,446,123,517,224,81,236,480,288,103,352,174,355,418,301,473,171,330
80,64,42,14,84,16,63,27,25,35,67,97,140,55,51,57,51,156,89,12,45,86,50,46,47,19,52,23,47,107,127,231,57,73,18,73,81,8,45,101,40,18,71,48,65,76,40,81,24,62
249,202,106,38,271,68,221,74,76,100,227,285,462,163,129,148,172,485,247,31,135,285,133,95,153,50,157,115,129,329,357,707,127,242,63,287,236,45,59,259,160,55,196,93,201,244,167,256,95,164
512,453,195,90,549,119,491,166,186,207,448,583,980,366,288,315,399,971,578,66,303,573,334,231,349,129,367,250,282,656,794,1464,262,519,120,575,480,101,259,247,322,122,417,201,425,510,340,513,196,376
292,271,109,56,297,77,326,95,108,135,301,348,605,201,152,196,245,633,344,37,181,343,192,132,201,78,227,147,184,383,498,930,188,281,76,362,288,40,160,322,100,76,280,135,255,351,220,345,129,221
108,90,38,19,111,29,106,32,33,39,98,112,177,68,63,68,62,184,94,14,57,100,62,43,64,41,74,50,56,112,135,274,62,101,32,106,103,18,55,122,76,13,60,39,84,85,68,105,48,64
357,364,162,69,412,71,348,118,127,158,311,404,668,249,216,242,260,660,386,46,227,413,256,165,244,106,250,190,202,454,574,967,205,359,82,361,352,71,196,417,280,60,130,124,303,342,247,362,142,250
180,144,75,38,193,47,192,51,73,70,161,205,345,117,91,104,125,327,196,18,113,175,97,71,113,47,144,71,81,237,280,522,96,202,41,198,174,48,93,201,135,39,124,38,130,181,120,182,76,135
431,375,182,79,437,101,386,134,138,201,328,469,771,247,210,231,328,730,425,47,206,397,215,145,239,103,294,172,204,530,579,1133,189,352,82,450,355,65,201,425,255,84,303,130,130,339,249,398,153,299
438,389,181,75,467,81,423,131,129,201,372,517,817,316,213,246,335,864,497,52,248,458,258,192,272,116,306,226,223,638,725,1248,250,439,95,492,418,76,244,510,351,85,342,181,339,218,276,459,140,333
353,282,126,46,338,56,281,94,118,122,273,392,569,217,147,155,246,556,335,32,167,340,178,122,216,73,214,136,156,443,532,904,156,285,55,365,301,40,167,340,220,68,247,120,249,276,90,313,116,211
451,431,214,71,512,108,466,139,152,228,441,611,922,326,324,293,321,927,532,73,285,538,317,213,344,122,345,241,252,684,763,1385,311,467,131,543,473,81,256,513,345,105,362,182,398,459,313,251,205,306
173,170,77,32,191,41,176,51,70,73,136,229,315,125,90,103,138,310,201,29,104,199,125,69,122,55,149,95,92,238,260,488,93,195,40,190,171,24,95,196,129,48,142,76,153,140,116,205,33,122
370,326,158,66,352,72,340,94,128,155,309,339,627,222,172,205,229,603,376,42,197,349,199,149,235,76,219,163,202,443,525,888,190,325,72,361,330,62,164,376,221,64,250,135,299,333,211,306,122,122
