297,474,226,103,504,120,503,179,175,244,466,527,830,364,317,353,383,851,524,73,293,512,360,233,389,166,389,290,317,614,735,1191,224,489,118,537,485,99,266,506,322,111,356,173,466,457,342,479,200,388
474,184,153,90,437,94,430,130,143,180,349,508,814,290,227,234,311,828,431,52,246,464,262,166,283,116,295,198,201,571,648,1246,242,439,110,445,449,65,202,454,273,86,340,162,318,400,297,474,172,293
226,153,38,28,201,42,205,41,61,85,176,230,350,137,119,113,140,358,191,33,96,202,118,83,139,49,128,88,93,243,288,572,114,195,49,207,181,26,103,218,139,47,164,91,164,192,119,193,78,122
103,90,28,8,82,14,68,33,27,41,75,100,134,57,43,53,71,135,95,16,56,84,50,41,60,22,66,52,49,113,114,190,34,75,20,113,75,20,43,86,60,18,59,38,68,73,47,87,26,58
504,437,201,82,249,115,500,147,170,197,417,580,920,372,277,298,382,948,536,56,298,527,304,211,361,132,330,244,251,611,830,1405,265,480,121,553,511,100,223,577,340,116,387,226,434,462,339,516,206,361
120,94,42,14,115,8,108,39,39,49,100,146,184,70,63,65,110,201,116,20,85,127,79,44,79,36,78,54,61,157,171,274,50,95,26,134,105,27,55,125,73,21,74,46,95,102,65,120,38,72
503,430,205,68,500,108,219,145,162,210,424,547,900,293,261,290,344,878,481,64,267,490,278,180,337,134,340,240,256,648,691,1323,279,406,116,530,431,93,219,549,360,97,361,181,392,471,296,481,186,314
179,130,41,33,147,39,145,21,55,66,131,153,277,109,90,94,119,273,161,13,78,149,96,61,102,35,90,65,60,184,225,428,88,143,31,165,145,24,81,152,80,33,102,59,114,120,102,178,59,104
175,143,61,27,170,39,162,55,22,54,131,188,284,118,83,72,107,302,181,23,85,173,97,69,109,46,115,71,74,208,226,464,88,180,32,171,174,26,81,189,106,36,128,57,125,155,108,164,64,110
244,180,85,41,197,49,210,66,54,46,165,217,372,151,108,138,157,383,206,26,110,204,132,81,135,50,144,111,93,272,279,539,115,211,57,199,210,29,102,210,127,38,145,82,157,185,134,205,70,143
466,349,176,75,417,100,424,131,131,165,178,473,742,296,211,248,337,773,403,59,270,435,263,182,281,111,298,211,218,537,639,1191,227,448,111,447,422,67,206,467,296,90,305,168,321,386,267,433,169,308
527,508,230,100,580,146,547,153,188,217,473,358,1052,329,293,288,366,1030,571,53,312,557,316,190,359,118,400,275,287,730,872,1665,312,583,120,574,502,95,276,630,387,119,442,207,459,548,339,617,211,344
830,814,350,134,920,184,900,277,284,372,742,1052,805,591,486,555,639,1509,978,100,518,912,505,361,633,214,628,398,444,1197,1333,2545,505,845,210,1060,849,149,445,955,602,204,674,353,773,784,585,954,338,608
364,290,137,57,372,70,293,109,118,151,296,329,591,121,184,192,256,577,354,36,177,346,198,142,209,90,206,146,162,382,481,877,183,305,83,331,293,58,167,338,227,74,255,127,286,282,195,331,135,243
317,227,119,43,277,63,261,90,83,108,211,293,486,184,79,161,193,494,286,24,137,276,141,117,192,76,184,124,141,301,391,743,140,252,48,306,237,41,143,282,178,62,209,96,217,246,146,253,87,181
353,234,113,53,298,65,290,94,72,138,248,288,555,192,161,85,207,555,309,27,152,290,142,125,206,77,181,132,147,353,440,842,142,282,45,305,255,36,140,342,197,60,232,123,233,267,175,311,90,208
383,311,140,71,382,110,344,119,107,157,337,366,639,256,193,207,150,680,384,47,202,387,214,155,239,98,240,191,203,453,577,1027,192,369,79,401,341,71,171,401,248,64,277,148,317,322,234,404,151,243
851,828,358,135,948,201,878,273,302,383,773,1030,1509,577,494,555,680,817,972,121,511,931,493,386,612,220,630,443,445,1146,1312,2587,459,836,202,1060,845,158,449,952,590,202,648,360,748,828,579,994,327,654
524,431,191,95,536,116,481,161,181,206,403,571,978,354,286,309,384,972,252,57,273,508,334,188,344,123,322,236,295,659,784,1427,299,450,111,527,515,81,266,524,320,93,376,178,459,478,349,575,194,324
73,52,33,16,56,20,64,13,23,26,59,53,100,36,24,27,47,121,57,4,38,58,38,31,38,15,37,28,26,83,97,163,21,73,16,69,61,11,22,70,41,9,47,27,48,51,35,74,26,40
293,246,96,56,298,85,267,78,85,110,270,312,518,177,137,152,202,511,273,38,69,290,178,98,196,58,172,143,132,369,408,735,166,258,58,308,264,37,139,278,190,56,198,101,208,238,144,298,105,183
512,464,202,84,527,127,490,149,173,204,435,557,912,346,276,290,387,931,508,58,290,296,318,221,339,130,344,271,262,650,754,1380,248,490,114,573,519,76,237,577,366,98,403,192,414,481,326,534,201,353
360,262,118,50,304,79,278,96,97,132,263,316,505,198,141,142,214,493,334,38,178,318,71,107,189,75,203,136,153,360,459,800,160,295,66,298,262,46,145,324,217,61,226,104,237,262,184,332,101,205
233,166,83,41,211,44,180,61,69,81,182,190,361,142,117,125,155,386,188,31,98,221,107,45,126,63,137,98,103,256,290,550,124,187,40,233,174,32,99,215,142,42,146,73,156,202,131,213,90,154
389,283,139,60,361,79,337,102,109,135,281,359,633,209,192,206,239,612,344,38,196,339,189,126,111,88,229,151,172,390,509,992,198,339,82,348,348,51,170,353,233,78,248,126,287,309,218,367,130,234
166,116,49,22,132,36,134,35,46,50,111,118,214,90,76,77,98,220,123,15,58,130,75,63,88,15,72,74,71,152,176,339,65,129,17,127,141,23,66,134,73,20,111,66,94,107,93,142,38,93
389,295,128,66,330,78,340,90,115,144,298,400,628,206,184,181,240,630,322,37,172,344,203,137,229,72,116,157,167,419,509,908,173,331,71,310,332,63,171,386,242,67,278,133,260,285,221,369,129,251
290,198,88,52,244,54,240,65,71,111,211,275,398,146,124,132,191,443,236,28,143,271,136,98,151,74,157,50,118,280,361,609,128,213,55,234,241,37,103,266,179,54,178,100,172,191,148,239,81,167
317,201,93,49,251,61,256,60,74,93,218,287,444,162,141,147,203,445,295,26,132,262,153,103,172,71,167,118,55,314,342,703,144,243,48,264,256,29,121,253,182,55,200,80,176,209,164,285,93,186
614,571,243,113,611,157,648,184,208,272,537,730,1197,382,301,353,453,1146,659,83,369,650,360,256,390,152,419,280,314,417,939,1879,367,595,148,658,617,98,331,686,433,161,486,241,504,569,376,707,229,434
735,648,288,114,830,171,691,225,226,279,639,872,1333,481,391,440,577,1312,784,97,408,754,459,290,509,176,509,361,342,939,549,2106,400,711,179,833,687,135,391,856,509,165,563,305,576,709,483,781,287,492
1191,1246,572,190,1405,274,1323,428,464,539,1191,1665,2545,877,743,842,1027,2587,1427,163,735,1380,800,550,992,339,908,609,703,1879,2106,2011,783,1297,348,1517,1277,233,710,1551,930,275,1025,569,1162,1307,920,1410,549,955
224,242,114,34,265,50,279,88,88,115,227,312,505,183,140,142,192,459,299,21,166,248,160,124,198,65,173,128,144,367,400,783,74,243,73,281,239,52,135,293,197,60,205,106,223,239,171,261,98,155
489,439,195,75,480,95,406,143,180,211,448,583,845,305,252,282,369,836,450,73,258,490,295,187,339,129,331,213,243,595,711,1297,243,203,117,492,457,83,210,519,312,92,350,170,406,474,296,468,199,355
118,110,49,20,121,26,116,31,32,57,111,120,210,83,48,45,79,202,111,16,58,114,66,40,82,17,71,55,48,148,179,348,73,117,10,133,102,17,55,124,71,21,91,35,84,112,72,126,34,83
537,445,207,113,553,134,530,165,171,199,447,574,1060,331,306,305,401,1060,527,69,308,573,298,233,348,127,310,234,264,658,833,1517,281,492,133,293,505,81,261,585,380,97,433,217,422,498,336,591,243,355
485,449,181,75,511,105,431,145,174,210,422,502,849,293,237,255,341,845,515,61,264,519,262,174,348,141,332,241,256,617,687,1277,239,457,102,505,188,81,234,540,325,105,358,176,385,448,274,490,153,301
99,65,26,20,100,27,93,24,26,29,67,95,149,58,41,36,71,158,81,11,37,76,46,32,51,23,63,37,29,98,135,233,52,83,17,81,81,11,48,89,69,13,69,38,62,84,53,85,25,65
266,202,103,43,223,55,219,81,81,102,206,276,445,167,143,140,171,449,266,22,139,237,145,99,170,66,171,103,121,331,391,710,135,210,55,261,234,48,68,290,166,52,176,92,203,232,165,279,96,170
506,454,218,86,577,125,549,152,189,210,467,630,955,338,282,342,401,952,524,70,278,577,324,215,353,134,386,266,253,686,856,1551,293,519,124,585,540,89,290,294,362,99,413,199,429,489,341,570,204,356
322,273,139,60,340,73,360,80,106,127,296,387,602,227,178,197,248,590,320,41,190,366,217,142,233,73,242,179,182,433,509,930,197,312,71,380,325,69,166,362,94,66,278,130,312,290,211,355,135,204
111,86,47,18,116,21,97,33,36,38,90,119,204,74,62,60,64,202,93,9,56,98,61,42,78,20,67,54,55,161,165,275,60,92,21,97,105,13,52,99,66,10,88,34,97,89,70,106,47,64
356,340,164,59,387,74,361,102,128,145,305,442,674,255,209,232,277,648,376,47,198,403,226,146,248,111,278,178,200,486,563,1025,205,350,91,433,358,69,176,413,278,88,128,139,319,363,228,369,134,229
173,162,91,38,226,46,181,59,57,82,168,207,353,127,96,123,148,360,178,27,101,192,104,73,126,66,133,100,80,241,305,569,106,170,35,217,176,38,92,199,130,34,139,28,146,176,124,194,77,142
466,318,164,68,434,95,392,114,125,157,321,459,773,286,217,233,317,748,459,48,208,414,237,156,287,94,260,172,176,504,576,1162,223,406,84,422,385,62,203,429,312,97,319,146,168,371,264,429,146,263
457,400,192,73,462,102,471,120,155,185,386,548,784,282,246,267,322,828,478,51,238,481,262,202,309,107,285,191,209,569,709,1307,239,474,112,498,448,84,232,489,290,89,363,176,371,213,333,498,188,319
342,297,119,47,339,65,296,102,108,134,267,339,585,195,146,175,234,579,349,35,144,326,184,131,218,93,221,148,164,376,483,920,171,296,72,336,274,53,165,341,211,70,228,124,264,333,97,331,112,222
479,474,193,87,516,120,481,178,164,205,433,617,954,331,253,311,404,994,575,74,298,534,332,213,367,142,369,239,285,707,781,1410,261,468,126,591,490,85,279,570,355,106,369,194,429,498,331,263,186,316
200,172,78,26,206,38,186,59,64,70,169,211,338,135,87,90,151,327,194,26,105,201,101,90,130,38,129,81,93,229,287,549,98,199,34,243,153,25,96,204,135,47,134,77,146,188,112,186,32,139
388,293,122,58,361,72,314,104,110,143,308,344,608,243,181,208,243,654,324,40,183,353,205,154,234,93,251,167,186,434,492,955,155,355,83,355,301,65,170,356,204,64,229,142,263,319,222,316,139,113
