253,455,225,86,481,109,467,180,175,245,444,484,809,379,310,327,344,773,473,51,289,460,327,208,362,143,364,276,303,624,711,1199,230,460,115,498,475,72,258,508,326,97,359,162,415,434,309,486,163,390
455,179,163,72,405,87,409,141,134,200,392,489,783,289,215,234,326,781,430,54,265,471,256,186,294,116,291,178,235,508,622,1157,237,382,94,471,390,70,223,451,273,87,321,149,332,414,269,458,145,333
225,163,33,38,205,43,188,63,74,87,174,230,383,119,99,112,151,368,241,29,104,210,97,65,128,51,113,87,95,236,301,583,107,188,40,210,204,28,81,212,134,33,157,72,148,179,116,217,81,153
86,72,38,2,101,16,68,32,26,31,68,90,139,52,46,51,60,132,82,6,58,90,56,30,58,23,67,48,36,114,123,228,52,77,15,87,61,12,39,74,60,18,55,27,65,73,45,90,25,57
481,405,205,101,267,118,498,143,161,221,438,528,914,329,277,299,355,923,552,56,300,537,310,236,336,126,337,230,262,613,733,1344,256,459,118,536,458,74,250,530,343,113,391,188,409,428,332,507,186,340
109,87,43,16,118,10,105,30,35,40,98,123,207,67,61,76,73,203,123,10,64,106,74,46,81,33,83,65,63,148,176,326,62,114,29,132,92,19,47,110,68,18,80,39,91,92,62,104,41,86
467,409,188,68,498,105,222,151,153,195,421,514,855,308,246,260,328,870,505,59,256,470,258,177,304,127,313,248,234,618,721,1336,250,460,94,500,401,72,252,482,345,87,359,190,359,439,297,455,153,368
180,141,63,32,143,30,151,17,60,58,142,186,271,105,81,89,97,284,168,17,76,166,107,70,117,36,120,56,84,192,232,456,99,152,33,146,153,26,70,157,96,35,103,72,118,127,82,160,80,108
175,134,74,26,161,35,153,60,30,66,139,180,303,109,83,79,134,290,181,16,81,167,92,67,98,34,98,77,69,201,241,473,80,139,38,174,149,24,86,196,120,35,118,69,135,146,106,166,68,131
245,200,87,31,221,40,195,58,66,49,172,235,383,141,110,115,159,396,197,22,134,201,133,87,147,62,143,111,119,261,314,585,116,209,43,204,165,28,111,223,140,49,171,72,153,175,143,233,77,141
444,392,174,68,438,98,421,142,139,172,184,487,812,279,233,246,307,749,423,54,259,407,253,156,284,111,288,212,227,546,589,1179,222,421,89,449,377,69,224,432,267,92,349,169,328,383,285,459,141,294
484,489,230,90,528,123,514,186,180,235,487,338,975,377,291,285,421,948,572,77,326,553,316,218,375,153,355,266,294,683,842,1534,305,515,111,595,490,107,308,581,348,114,413,202,477,529,353,616,192,321
809,783,383,139,914,207,855,271,303,383,812,975,776,649,487,543,620,1394,905,101,556,944,533,357,608,216,597,436,470,1075,1383,2433,501,825,209,956,820,155,430,944,560,163,628,310,709,850,578,928,294,598
379,289,119,52,329,67,308,105,109,141,279,377,649,111,187,188,243,590,305,32,165,326,202,123,231,91,231,163,155,391,530,961,195,273,64,347,285,62,164,351,212,56,253,124,253,311,208,368,114,229
310,215,99,46,277,61,246,81,83,110,233,291,487,187,75,150,192,469,248,25,143,260,147,114,164,63,150,122,129,336,400,783,143,254,70,252,241,41,134,286,183,50,212,104,191,247,162,287,109,175
327,234,112,51,299,76,260,89,79,115,246,285,543,188,150,78,214,528,288,24,153,300,173,112,176,61,156,138,146,353,431,838,166,292,66,293,270,41,136,300,198,65,223,113,226,265,199,290,114,206
344,326,151,60,355,73,328,97,134,159,307,421,620,243,192,214,133,645,378,39,183,358,232,134,238,94,250,127,182,465,575,1027,206,316,86,347,332,50,176,380,239,73,262,118,282,336,217,389,145,263
773,781,368,132,923,203,870,284,290,396,749,948,1394,590,469,528,645,782,925,108,534,909,570,354,596,223,600,414,463,1068,1307,2379,471,839,226,879,810,159,461,945,560,182,679,312,718,885,547,950,325,618
473,430,241,82,552,123,505,168,181,197,423,572,905,305,248,288,378,925,225,63,298,449,290,189,303,127,317,225,216,607,770,1421,275,507,132,510,496,80,274,553,320,106,370,189,377,485,313,520,201,377
51,54,29,6,56,10,59,17,16,22,54,77,101,32,25,24,39,108,63,2,32,58,29,22,38,9,34,29,20,73,85,172,32,57,15,48,49,7,32,50,35,10,48,24,49,49,36,80,21,38
289,265,104,58,300,64,256,76,81,134,259,326,556,165,143,153,183,534,298,32,70,268,172,114,178,62,188,115,152,338,421,788,169,243,61,269,294,44,133,316,183,63,222,115,202,258,184,305,111,200
460,471,210,90,537,106,470,166,167,201,407,553,944,326,260,300,358,909,449,58,268,269,294,187,329,143,357,253,230,628,728,1419,267,527,121,518,501,88,264,585,348,112,400,170,410,487,333,537,201,361
327,256,97,56,310,74,258,107,92,133,253,316,533,202,147,173,232,570,290,29,172,294,87,117,201,83,205,130,155,393,439,853,169,288,85,292,289,42,143,302,188,55,248,108,239,286,164,333,126,212
208,186,65,30,236,46,177,70,67,87,156,218,357,123,114,112,134,354,189,22,114,187,117,47,138,51,145,121,106,252,294,538,103,188,34,223,187,33,108,212,133,38,147,76,170,209,123,187,64,134
362,294,128,58,336,81,304,117,98,147,284,375,608,231,164,176,238,596,303,38,178,329,201,138,118,81,224,159,168,388,469,928,168,295,64,356,315,56,148,348,215,69,235,136,251,294,202,323,100,212
143,116,51,23,126,33,127,36,34,62,111,153,216,91,63,61,94,223,127,9,62,143,83,51,81,13,84,53,74,142,199,348,66,97,28,124,120,20,69,152,89,40,99,52,104,127,86,132,45,92
364,291,113,67,337,83,313,120,98,143,288,355,597,231,150,156,250,600,317,34,188,357,205,145,224,84,112,153,180,400,496,919,178,303,74,359,301,55,185,388,207,75,278,125,269,304,198,349,115,231
276,178,87,48,230,65,248,56,77,111,212,266,436,163,122,138,127,414,225,29,115,253,130,121,159,53,153,46,120,286,347,679,135,229,51,225,264,35,99,262,120,47,176,77,203,203,149,253,92,160
303,235,95,36,262,63,234,84,69,119,227,294,470,155,129,146,182,463,216,20,152,230,155,106,168,74,180,120,65,294,334,720,129,229,57,251,245,40,123,257,149,44,203,83,219,264,148,282,81,161
624,508,236,114,613,148,618,192,201,261,546,683,1075,391,336,353,465,1068,607,73,338,628,393,252,388,142,400,286,294,334,959,1750,314,590,143,645,590,102,303,682,381,124,456,224,522,578,407,656,216,415
711,622,301,123,733,176,721,232,241,314,589,842,1383,530,400,431,575,1307,770,85,421,728,439,294,469,199,496,347,334,959,546,1993,371,753,178,832,721,131,388,810,526,142,537,260,573,736,454,799,269,532
1199,1157,583,228,1344,326,1336,456,473,585,1179,1534,2433,961,783,838,1027,2379,1421,172,788,1419,853,538,928,348,919,679,720,1750,1993,1895,761,1322,364,1499,1292,237,701,1422,888,282,1004,534,1132,1291,926,1408,489,978
230,237,107,52,256,62,250,99,80,116,222,305,501,195,143,166,206,471,275,32,169,267,169,103,168,66,178,135,129,314,371,761,69,251,66,284,244,42,149,289,176,64,183,112,206,253,176,257,87,171
460,382,188,77,459,114,460,152,139,209,421,515,825,273,254,292,316,839,507,57,243,527,288,188,295,97,303,229,229,590,753,1322,251,241,119,499,411,89,233,497,299,101,327,185,382,414,281,510,170,354
115,94,40,15,118,29,94,33,38,43,89,111,209,64,70,66,86,226,132,15,61,121,85,34,64,28,74,51,57,143,178,364,66,119,8,121,106,17,64,115,76,14,92,33,96,104,64,109,43,89
498,471,210,87,536,132,500,146,174,204,449,595,956,347,252,293,347,879,510,48,269,518,292,223,356,124,359,225,251,645,832,1499,284,499,121,290,513,88,269,570,348,102,402,162,420,515,335,576,182,389
475,390,204,61,458,92,401,153,149,165,377,490,820,285,241,270,332,810,496,49,294,501,289,187,315,120,301,264,245,590,721,1292,244,411,106,513,210,80,237,513,300,93,329,159,379,455,274,464,155,299
72,70,28,12,74,19,72,26,24,28,69,107,155,62,41,41,50,159,80,7,44,88,42,33,56,20,55,35,40,102,131,237,42,89,17,88,80,6,48,84,56,21,78,30,64,69,49,88,22,52
258,223,81,39,250,47,252,70,86,111,224,308,430,164,134,136,176,461,274,32,133,264,143,108,148,69,185,99,123,303,388,701,149,233,64,269,237,48,74,265,169,52,184,94,184,211,136,268,89,188
508,451,212,74,530,110,482,157,196,223,432,581,944,351,286,300,380,945,553,50,316,585,302,212,348,152,388,262,257,682,810,1422,289,497,115,570,513,84,265,281,317,117,409,183,441,497,305,546,181,383
326,273,134,60,343,68,345,96,120,140,267,348,560,212,183,198,239,560,320,35,183,348,188,133,215,89,207,120,149,381,526,888,176,299,76,348,300,56,169,317,101,64,236,110,287,338,202,349,117,220
97,87,33,18,113,18,87,35,35,49,92,114,163,56,50,65,73,182,106,10,63,112,55,38,69,40,75,47,44,124,142,282,64,101,14,102,93,21,52,117,64,15,85,39,77,81,64,108,29,75
359,321,157,55,391,80,359,103,118,171,349,413,628,253,212,223,262,679,370,48,222,400,248,147,235,99,278,176,203,456,537,1004,183,327,92,402,329,78,184,409,236,85,143,134,302,309,229,367,125,241
162,149,72,27,188,39,190,72,69,72,169,202,310,124,104,113,118,312,189,24,115,170,108,76,136,52,125,77,83,224,260,534,112,185,33,162,159,30,94,183,110,39,134,37,159,165,101,213,64,129
415,332,148,65,409,91,359,118,135,153,328,477,709,253,191,226,282,718,377,49,202,410,239,170,251,104,269,203,219,522,573,1132,206,382,96,420,379,64,184,441,287,77,302,159,171,398,237,377,143,259
434,414,179,73,428,92,439,127,146,175,383,529,850,311,247,265,336,885,485,49,258,487,286,209,294,127,304,203,264,578,736,1291,253,414,104,515,455,69,211,497,338,81,309,165,398,218,277,447,185,329
309,269,116,45,332,62,297,82,106,143,285,353,578,208,162,199,217,547,313,36,184,333,164,123,202,86,198,149,148,407,454,926,176,281,64,335,274,49,136,305,202,64,229,101,237,277,86,337,108,191
486,458,217,90,507,104,455,160,166,233,459,616,928,368,287,290,389,950,520,80,305,537,333,187,323,132,349,253,282,656,799,1408,257,510,109,576,464,88,268,546,349,108,367,213,377,447,337,255,191,371
163,145,81,25,186,41,153,80,68,77,141,192,294,114,109,114,145,325,201,21,111,201,126,64,100,45,115,92,81,216,269,489,87,170,43,182,155,22,89,181,117,29,125,64,143,185,108,191,35,116
390,333,153,57,340,86,368,108,131,141,294,321,598,229,175,206,263,618,377,38,200,361,212,134,212,92,231,160,161,415,532,978,171,354,89,389,299,52,188,383,220,75,241,129,259,329,191,371,116,129
