281,435,204,106,501,112,445,181,174,246,420,534,812,353,309,313,366,857,514,77,319,488,292,198,363,129,354,279,305,628,698,1167,248,485,111,507,481,86,250,472,339,112,377,182,421,413,305,470,165,364
435,167,178,66,414,101,406,111,143,159,343,466,835,265,233,231,316,826,453,56,229,424,255,161,277,112,276,195,204,552,647,1263,249,394,100,454,377,71,209,437,266,91,351,164,355,410,284,512,184,253
204,178,44,40,190,48,213,64,65,78,186,222,351,121,112,127,147,368,184,25,111,199,125,81,146,53,122,74,105,254,314,540,120,175,63,210,192,37,96,212,133,48,155,72,172,175,125,229,89,109
106,66,40,6,79,14,64,36,27,23,68,90,153,59,57,59,66,141,83,13,57,87,51,28,52,22,60,43,48,103,142,226,41,89,29,98,63,17,50,88,56,18,59,25,66,80,49,88,28,60
501,414,190,79,251,110,476,138,165,220,428,564,913,334,266,295,362,878,529,64,285,539,306,198,340,133,335,224,262,658,763,1409,279,481,111,529,420,85,247,513,328,121,377,189,401,478,337,499,204,352
112,101,48,14,110,6,97,44,42,36,91,120,201,85,69,66,80,198,111,19,68,131,66,52,79,31,81,42,70,148,163,296,59,106,26,123,91,26,68,109,73,31,71,33,96,102,76,109,44,92
445,406,213,64,476,97,219,175,164,199,391,508,827,328,275,276,321,842,500,55,283,520,274,214,330,109,335,242,243,633,762,1279,242,444,107,520,432,83,256,556,298,103,370,172,398,460,304,482,162,328
181,111,64,36,138,44,175,27,47,57,134,166,304,109,83,86,102,235,149,22,101,154,97,60,103,41,112,68,71,175,250,437,70,134,31,164,144,24,67,170,90,43,115,45,144,152,93,177,58,109
174,143,65,27,165,42,164,47,27,64,130,205,284,113,92,101,124,307,154,27,88,165,100,76,114,44,111,68,89,198,256,466,88,148,38,189,153,29,75,183,89,35,134,57,140,157,113,158,62,121
246,159,78,23,220,36,199,57,64,54,155,218,363,141,124,134,156,357,232,26,111,225,125,67,141,51,122,112,101,262,299,544,90,178,39,198,186,37,75,216,128,31,162,68,147,184,118,227,58,138
420,343,186,68,428,91,391,134,130,155,176,454,740,263,236,260,298,773,422,55,221,417,259,181,303,113,256,215,207,555,652,1160,226,392,86,452,398,75,200,505,311,87,339,158,324,371,244,445,153,276
534,466,222,90,564,120,508,166,205,218,454,327,1009,351,336,348,425,1033,567,78,290,565,338,222,389,143,377,284,278,671,831,1559,306,525,128,591,507,90,283,563,373,108,424,185,439,465,357,590,215,406
812,835,351,153,913,201,827,304,284,363,740,1009,830,571,481,564,612,1448,880,111,478,879,567,360,588,215,625,420,441,1218,1355,2474,481,830,212,1014,862,173,493,937,592,193,719,351,708,863,544,926,337,627
353,265,121,59,334,85,328,109,113,141,263,351,571,122,194,200,245,584,340,37,184,330,214,133,213,102,208,170,178,410,468,908,189,317,72,319,289,62,165,338,213,70,249,132,248,304,204,330,110,199
309,233,112,57,266,69,275,83,92,124,236,336,481,194,69,134,191,457,279,41,163,295,148,102,168,70,178,108,135,311,407,750,133,249,73,281,256,41,144,266,167,68,198,90,229,254,173,283,119,183
313,231,127,59,295,66,276,86,101,134,260,348,564,200,134,79,204,500,299,37,152,321,165,107,177,71,176,124,130,329,450,821,161,277,75,274,273,43,143,296,198,68,228,96,228,291,178,298,123,190
366,316,147,66,362,80,321,102,124,156,298,425,612,245,191,204,115,590,356,50,210,372,211,145,228,69,234,167,182,440,556,989,199,335,94,345,351,59,176,357,237,84,265,144,286,337,223,356,116,239
857,826,368,141,878,198,842,235,307,357,773,1033,1448,584,457,500,590,795,863,113,480,888,509,355,583,240,644,413,444,1180,1351,2422,453,829,207,994,810,172,452,983,570,194,698,342,701,825,539,905,335,612
514,453,184,83,529,111,500,149,154,232,422,567,880,340,279,299,356,863,259,69,318,468,302,216,342,117,342,226,239,629,746,1444,284,504,109,514,476,83,253,560,348,109,377,187,414,484,331,512,171,353
77,56,25,13,64,19,55,22,27,26,55,78,111,37,41,37,50,113,69,6,35,71,37,20,38,17,36,32,34,88,90,164,40,50,11,59,61,7,38,60,52,17,56,19,51,57,36,63,25,50
319,229,111,57,285,68,283,101,88,111,221,290,478,184,163,152,210,480,318,35,78,294,180,117,193,81,213,131,137,324,433,802,152,267,62,266,296,59,167,293,221,82,205,97,245,231,170,321,109,188
488,424,199,87,539,131,520,154,165,225,417,565,879,330,295,321,372,888,468,71,294,255,293,198,360,119,357,252,255,646,740,1384,299,491,117,522,476,83,248,549,361,114,359,178,433,502,357,479,189,373
292,255,125,51,306,66,274,97,100,125,259,338,567,214,148,165,211,509,302,37,180,293,88,109,194,64,159,155,140,380,448,873,140,292,85,293,286,42,160,290,189,53,226,110,218,293,198,332,120,210
198,161,81,28,198,52,214,60,76,67,181,222,360,133,102,107,145,355,216,20,117,198,109,37,135,56,135,106,100,262,299,538,89,194,53,201,177,39,96,211,131,41,137,75,155,196,138,198,74,127
363,277,146,52,340,79,330,103,114,141,303,389,588,213,168,177,228,583,342,38,193,360,194,135,90,74,192,137,163,409,507,975,174,294,74,314,265,57,173,368,238,75,248,121,247,331,205,354,131,236
129,112,53,22,133,31,109,41,44,51,113,143,215,102,70,71,69,240,117,17,81,119,64,56,74,16,74,50,71,166,191,346,63,111,25,119,116,26,54,141,81,24,77,48,109,128,75,94,46,90
354,276,122,60,335,81,335,112,111,122,256,377,625,208,178,176,234,644,342,36,213,357,159,135,192,74,95,126,182,432,520,964,178,302,74,334,308,53,173,382,213,72,228,127,254,320,195,340,115,221
279,195,74,43,224,42,242,68,68,112,215,284,420,170,108,124,167,413,226,32,131,252,155,106,137,50,126,55,113,304,339,631,117,239,54,243,221,30,120,235,151,54,192,75,183,222,156,248,90,138
305,204,105,48,262,70,243,71,89,101,207,278,441,178,135,130,182,444,239,34,137,255,140,100,163,71,182,113,57,293,363,738,135,229,54,260,224,33,111,250,174,42,182,91,193,254,158,277,87,174
628,552,254,103,658,148,633,175,198,262,555,671,1218,410,311,329,440,1180,629,88,324,646,380,262,409,166,432,304,293,396,934,1772,360,578,137,646,600,91,328,710,417,138,477,250,483,570,402,623,245,417
698,647,314,142,763,163,762,250,256,299,652,831,1355,468,407,450,556,1351,746,90,433,740,448,299,507,191,520,339,363,934,545,2099,425,711,170,792,734,124,384,817,535,156,575,288,582,688,461,745,274,549
1167,1263,540,226,1409,296,1279,437,466,544,1160,1559,2474,908,750,821,989,2422,1444,164,802,1384,873,538,975,346,964,631,738,1772,2099,1999,737,1362,338,1520,1237,258,725,1395,892,279,1055,542,1095,1292,916,1463,525,939
248,249,120,41,279,59,242,70,88,90,226,306,481,189,133,161,199,453,284,40,152,299,140,89,174,63,178,117,135,360,425,737,75,250,70,324,282,61,152,283,177,62,205,109,209,252,173,267,111,185
485,394,175,89,481,106,444,134,148,178,392,525,830,317,249,277,335,829,504,50,267,491,292,194,294,111,302,239,229,578,711,1362,250,238,116,487,414,87,258,486,297,102,343,148,376,442,293,433,183,313
111,100,63,29,111,26,107,31,38,39,86,128,212,72,73,75,94,207,109,11,62,117,85,53,74,25,74,54,54,137,170,338,70,116,8,121,106,19,68,121,85,32,90,49,95,88,72,112,44,80
507,454,210,98,529,123,520,164,189,198,452,591,1014,319,281,274,345,994,514,59,266,522,293,201,314,119,334,243,260,646,792,1520,324,487,121,277,497,91,248,637,359,115,386,231,411,511,343,568,203,327
481,377,192,63,420,91,432,144,153,186,398,507,862,289,256,273,351,810,476,61,296,476,286,177,265,116,308,221,224,600,734,1237,282,414,106,497,222,88,240,489,305,97,372,171,352,417,283,491,167,318
86,71,37,17,85,26,83,24,29,37,75,90,173,62,41,43,59,172,83,7,59,83,42,39,57,26,53,30,33,91,124,258,61,87,19,91,88,5,44,71,60,12,67,33,69,77,45,95,36,57
250,209,96,50,247,68,256,67,75,75,200,283,493,165,144,143,176,452,253,38,167,248,160,96,173,54,173,120,111,328,384,725,152,258,68,248,240,44,59,261,160,48,183,91,218,241,159,257,96,163
472,437,212,88,513,109,556,170,183,216,505,563,937,338,266,296,357,983,560,60,293,549,290,211,368,141,382,235,250,710,817,1395,283,486,121,637,489,71,261,306,347,110,425,179,407,510,344,581,179,360
339,266,133,56,328,73,298,90,89,128,311,373,592,213,167,198,237,570,348,52,221,361,189,131,238,81,213,151,174,417,535,892,177,297,85,359,305,60,160,347,124,53,271,125,270,323,211,349,111,221
112,91,48,18,121,31,103,43,35,31,87,108,193,70,68,68,84,194,109,17,82,114,53,41,75,24,72,54,42,138,156,279,62,102,32,115,97,12,48,110,53,14,87,40,94,94,65,86,50,64
377,351,155,59,377,71,370,115,134,162,339,424,719,249,198,228,265,698,377,56,205,359,226,137,248,77,228,192,182,477,575,1055,205,343,90,386,372,67,183,425,271,87,154,149,309,361,222,362,136,283
182,164,72,25,189,33,172,45,57,68,158,185,351,132,90,96,144,342,187,19,97,178,110,75,121,48,127,75,91,250,288,542,109,148,49,231,171,33,91,179,125,40,149,29,127,178,120,199,72,125
421,355,172,66,401,96,398,144,140,147,324,439,708,248,229,228,286,701,414,51,245,433,218,155,247,109,254,183,193,483,582,1095,209,376,95,411,352,69,218,407,270,94,309,127,145,402,243,402,165,252
413,410,175,80,478,102,460,152,157,184,371,465,863,304,254,291,337,825,484,57,231,502,293,196,331,128,320,222,254,570,688,1292,252,442,88,511,417,77,241,510,323,94,361,178,402,229,309,458,172,308
305,284,125,49,337,76,304,93,113,118,244,357,544,204,173,178,223,539,331,36,170,357,198,138,205,75,195,156,158,402,461,916,173,293,72,343,283,45,159,344,211,65,222,120,243,309,105,345,112,193
470,512,229,88,499,109,482,177,158,227,445,590,926,330,283,298,356,905,512,63,321,479,332,198,354,94,340,248,277,623,745,1463,267,433,112,568,491,95,257,581,349,86,362,199,402,458,345,250,178,361
165,184,89,28,204,44,162,58,62,58,153,215,337,110,119,123,116,335,171,25,109,189,120,74,131,46,115,90,87,245,274,525,111,183,44,203,167,36,96,179,111,50,136,72,165,172,112,178,33,114
364,253,109,60,352,92,328,109,121,138,276,406,627,199,183,190,239,612,353,50,188,373,210,127,236,90,221,138,174,417,549,939,185,313,80,327,318,57,163,360,221,64,283,125,252,308,193,361,114,112
