255,452,220,93,509,115,467,178,160,253,413,513,764,399,327,332,335,822,488,65,334,531,362,200,370,131,370,284,312,625,714,1201,240,511,101,510,504,82,268,447,301,112,338,187,409,414,332,487,172,349
452,166,141,70,436,113,432,132,143,176,374,460,754,266,243,232,319,799,447,47,230,469,278,174,272,116,275,204,216,524,667,1231,264,416,97,439,399,65,229,454,283,85,330,165,373,414,272,496,174,286
220,141,29,37,211,49,225,58,67,98,189,216,378,137,103,110,171,339,195,14,93,209,130,84,120,56,131,90,101,242,316,610,120,173,30,178,202,25,87,226,134,35,147,62,174,185,114,221,73,136
93,70,37,7,101,20,74,26,22,52,71,93,136,62,53,49,58,151,77,16,54,100,53,28,55,29,60,31,51,102,131,231,49,76,15,86,79,9,45,96,47,18,76,31,68,81,56,86,25,52
509,436,211,101,264,115,480,173,179,212,440,571,891,346,243,304,357,889,505,77,307,545,291,175,315,155,369,251,260,635,745,1394,259,471,103,518,485,86,273,539,333,111,373,197,422,506,324,514,178,339
115,113,49,20,115,16,127,35,39,50,90,119,199,88,75,81,87,198,132,17,68,123,83,54,83,47,93,55,67,138,174,305,65,119,15,131,104,14,62,134,73,25,92,41,106,97,81,107,35,76
467,432,225,74,480,127,236,154,165,214,438,500,855,309,273,278,346,878,509,52,283,500,309,201,309,142,322,224,251,597,746,1323,253,466,106,536,424,74,246,528,298,93,383,190,375,421,316,466,164,323
178,132,58,26,173,35,154,25,45,53,110,188,286,96,102,84,124,275,138,23,77,154,96,69,105,45,102,83,86,209,229,453,95,157,29,153,134,23,69,167,95,25,102,52,133,138,91,156,53,100
160,143,67,22,179,39,165,45,21,80,129,180,304,109,78,96,118,318,154,20,94,176,89,64,118,50,120,71,79,216,227,446,88,157,39,172,140,33,77,181,114,35,132,63,132,160,102,172,55,121
253,176,98,52,212,50,214,53,80,50,175,240,331,148,116,121,145,337,203,26,115,243,138,104,141,59,153,100,111,237,305,556,113,211,54,228,189,23,101,213,139,38,147,78,165,169,126,185,73,136
413,374,189,71,440,90,438,110,129,175,191,483,764,301,221,259,282,765,379,51,237,418,270,173,298,120,297,197,199,523,644,1193,227,409,87,414,420,66,198,427,302,77,304,155,379,392,280,443,162,298
513,460,216,93,571,119,500,188,180,240,483,304,1017,346,295,292,379,1018,624,74,288,617,345,212,398,149,370,246,306,726,861,1615,304,522,124,550,447,118,313,604,375,124,421,208,435,521,370,556,217,389
764,754,378,136,891,199,855,286,304,331,764,1017,800,567,494,553,631,1422,986,115,507,956,523,354,581,261,613,465,471,1111,1392,2384,489,879,195,925,825,166,474,940,565,197,702,349,701,849,583,896,317,573
399,266,137,62,346,88,309,96,109,148,301,346,567,114,189,208,256,590,320,43,197,335,196,140,210,85,223,150,167,402,499,896,154,324,73,359,321,45,179,338,192,73,248,130,279,296,217,318,113,219
327,243,103,53,243,75,273,102,78,116,221,295,494,189,79,152,203,480,253,23,118,264,150,100,184,79,194,117,132,315,410,750,129,251,54,252,295,37,141,298,175,59,203,115,203,242,156,252,97,182
332,232,110,49,304,81,278,84,96,121,259,292,553,208,152,75,217,535,286,26,148,307,152,108,216,71,177,150,136,362,458,839,151,293,53,281,287,52,167,317,195,66,235,124,231,252,172,273,114,197
335,319,171,58,357,87,346,124,118,145,282,379,631,256,203,217,129,627,322,53,213,364,236,154,256,77,243,165,196,469,528,958,197,347,82,346,352,67,187,378,261,73,265,115,292,304,221,359,134,243
822,799,339,151,889,198,878,275,318,337,765,1018,1422,590,480,535,627,780,918,114,508,940,558,382,627,237,628,424,453,1114,1371,2437,496,848,201,977,802,155,472,990,601,199,681,385,741,857,584,870,320,552
488,447,195,77,505,132,509,138,154,203,379,624,986,320,253,286,322,918,249,70,273,485,309,196,327,123,342,219,258,602,774,1478,289,468,120,521,521,84,248,571,291,126,368,183,394,492,303,541,199,328
65,47,14,16,77,17,52,23,20,26,51,74,115,43,23,26,53,114,70,3,34,74,28,15,43,16,44,24,30,83,93,162,22,54,10,64,49,4,35,57,29,15,49,25,49,69,42,78,14,32
334,230,93,54,307,68,283,77,94,115,237,288,507,197,118,148,213,508,273,34,77,276,156,125,183,68,184,115,153,317,417,805,158,270,68,268,275,49,161,298,163,73,199,103,231,234,166,302,92,180
531,469,209,100,545,123,500,154,176,243,418,617,956,335,264,307,364,940,485,74,276,249,324,185,360,114,347,222,275,666,737,1431,249,489,130,551,503,76,260,557,320,101,376,197,383,448,329,511,202,344
362,278,130,53,291,83,309,96,89,138,270,345,523,196,150,152,236,558,309,28,156,324,109,117,213,56,181,126,154,390,484,819,171,297,66,295,306,52,151,294,180,49,238,116,225,278,174,287,106,214
200,174,84,28,175,54,201,69,64,104,173,212,354,140,100,108,154,382,196,15,125,185,117,45,130,48,132,105,103,241,318,548,112,174,48,211,178,37,104,216,141,41,150,76,178,181,124,223,66,147
370,272,120,55,315,83,309,105,118,141,298,398,581,210,184,216,256,627,327,43,183,360,213,130,100,81,204,140,178,415,534,940,179,297,78,350,312,74,153,343,216,62,264,147,252,307,182,388,126,221
131,116,56,29,155,47,142,45,50,59,120,149,261,85,79,71,77,237,123,16,68,114,56,48,81,13,76,56,63,147,212,383,69,127,29,139,138,20,70,122,88,19,100,40,89,120,83,122,51,89
370,275,131,60,369,93,322,102,120,153,297,370,613,223,194,177,243,628,342,44,184,347,181,132,204,76,101,148,158,434,575,979,201,308,76,366,324,61,165,364,214,60,258,128,246,311,210,360,136,229
284,204,90,31,251,55,224,83,71,100,197,246,465,150,117,150,165,424,219,24,115,222,126,105,140,56,148,68,134,314,343,652,124,208,43,229,234,46,117,270,167,47,188,99,174,204,143,255,74,170
312,216,101,51,260,67,251,86,79,111,199,306,471,167,132,136,196,453,258,30,153,275,154,103,178,63,158,134,58,283,385,740,157,243,50,258,264,36,135,266,141,59,197,93,196,236,159,264,81,161
625,524,242,102,635,138,597,209,216,237,523,726,1111,402,315,362,469,1114,602,83,317,666,390,241,415,147,434,314,283,388,928,1736,366,596,135,685,581,101,323,636,402,139,497,264,523,625,423,672,227,419
714,667,316,131,745,174,746,229,227,305,644,861,1392,499,410,458,528,1371,774,93,417,737,484,318,534,212,575,343,385,928,549,2076,414,734,182,792,671,117,382,797,482,172,538,274,632,698,491,773,273,531
1201,1231,610,231,1394,305,1323,453,446,556,1193,1615,2384,896,750,839,958,2437,1478,162,805,1431,819,548,940,383,979,652,740,1736,2076,1899,780,1246,300,1440,1278,226,697,1489,894,306,1048,520,1174,1262,915,1391,510,951
240,264,120,49,259,65,253,95,88,113,227,304,489,154,129,151,197,496,289,22,158,249,171,112,179,69,201,124,157,366,414,780,79,223,56,289,260,47,140,302,186,55,203,107,222,270,167,276,90,196
511,416,173,76,471,119,466,157,157,211,409,522,879,324,251,293,347,848,468,54,270,489,297,174,297,127,308,208,243,596,734,1246,223,221,104,492,416,72,245,516,340,107,388,208,364,451,309,500,167,319
101,97,30,15,103,15,106,29,39,54,87,124,195,73,54,53,82,201,120,10,68,130,66,48,78,29,76,43,50,135,182,300,56,104,14,144,111,14,53,116,71,22,81,50,74,97,62,101,37,67
510,439,178,86,518,131,536,153,172,228,414,550,925,359,252,281,346,977,521,64,268,551,295,211,350,139,366,229,258,685,792,1440,289,492,144,270,508,86,256,592,394,93,387,185,433,490,307,544,190,368
504,399,202,79,485,104,424,134,140,189,420,447,825,321,295,287,352,802,521,49,275,503,306,178,312,138,324,234,264,581,671,1278,260,416,111,508,192,72,262,519,332,90,369,168,378,412,302,490,165,331
82,65,25,9,86,14,74,23,33,23,66,118,166,45,37,52,67,155,84,4,49,76,52,37,74,20,61,46,36,101,117,226,47,72,14,86,72,7,42,80,49,11,69,29,62,94,52,91,30,60
268,229,87,45,273,62,246,69,77,101,198,313,474,179,141,167,187,472,248,35,161,260,151,104,153,70,165,117,135,323,382,697,140,245,53,256,262,42,52,255,168,49,187,87,195,234,137,270,95,178
447,454,226,96,539,134,528,167,181,213,427,604,940,338,298,317,378,990,571,57,298,557,294,216,343,122,364,270,266,636,797,1489,302,516,116,592,519,80,255,282,338,118,399,191,447,470,352,565,183,365
301,283,134,47,333,73,298,95,114,139,302,375,565,192,175,195,261,601,291,29,163,320,180,141,216,88,214,167,141,402,482,894,186,340,71,394,332,49,168,338,110,71,238,129,269,300,214,315,140,215
112,85,35,18,111,25,93,25,35,38,77,124,197,73,59,66,73,199,126,15,73,101,49,41,62,19,60,47,59,139,172,306,55,107,22,93,90,11,49,118,71,13,68,50,80,97,61,105,42,59
338,330,147,76,373,92,383,102,132,147,304,421,702,248,203,235,265,681,368,49,199,376,238,150,264,100,258,188,197,497,538,1048,203,388,81,387,369,69,187,399,238,68,154,158,327,349,238,381,138,259
187,165,62,31,197,41,190,52,63,78,155,208,349,130,115,124,115,385,183,25,103,197,116,76,147,40,128,99,93,264,274,520,107,208,50,185,168,29,87,191,129,50,158,34,176,164,120,195,72,114
409,373,174,68,422,106,375,133,132,165,379,435,701,279,203,231,292,741,394,49,231,383,225,178,252,89,246,174,196,523,632,1174,222,364,74,433,378,62,195,447,269,80,327,176,165,378,238,420,125,277
414,414,185,81,506,97,421,138,160,169,392,521,849,296,242,252,304,857,492,69,234,448,278,181,307,120,311,204,236,625,698,1262,270,451,97,490,412,94,234,470,300,97,349,164,378,210,276,496,178,314
332,272,114,56,324,81,316,91,102,126,280,370,583,217,156,172,221,584,303,42,166,329,174,124,182,83,210,143,159,423,491,915,167,309,62,307,302,52,137,352,214,61,238,120,238,276,96,321,95,199
487,496,221,86,514,107,466,156,172,185,443,556,896,318,252,273,359,870,541,78,302,511,287,223,388,122,360,255,264,672,773,1391,276,500,101,544,490,91,270,565,315,105,381,195,420,496,321,261,179,328
172,174,73,25,178,35,164,53,55,73,162,217,317,113,97,114,134,320,199,14,92,202,106,66,126,51,136,74,81,227,273,510,90,167,37,190,165,30,95,183,140,42,138,72,125,178,95,179,24,106
349,286,136,52,339,76,323,100,121,136,298,389,573,219,182,197,243,552,328,32,180,344,214,147,221,89,229,170,161,419,531,951,196,319,67,368,331,60,178,365,215,59,259,114,277,314,199,328,106,124
