236,461,214,85,539,117,460,208,166,212,440,504,810,355,302,300,341,778,503,66,319,515,327,206,417,154,378,269,325,581,696,1135,225,517,106,485,484,83,262,491,314,115,391,164,432,400,365,467,163,367
461,178,181,85,440,100,444,129,137,168,384,455,736,269,229,270,298,756,418,63,257,425,279,163,299,110,280,212,239,583,667,1218,235,393,96,495,406,73,215,471,297,87,323,154,355,423,253,447,154,294
214,181,37,38,195,62,218,64,60,74,178,213,366,112,94,104,136,374,197,27,101,175,108,72,141,52,131,73,84,241,291,556,112,194,40,212,185,32,117,213,132,43,145,78,159,209,116,202,67,129
85,85,38,4,88,16,73,21,30,38,70,88,142,58,50,54,68,133,92,10,56,93,61,33,61,27,63,44,46,122,125,241,38,58,17,98,78,21,38,90,53,14,60,29,67,57,43,82,22,52
539,440,195,88,240,121,541,147,149,211,431,604,922,324,263,282,399,917,536,59,295,543,305,209,315,122,305,253,252,663,762,1400,259,445,118,571,481,88,283,504,320,110,359,197,406,464,305,538,188,350
117,100,62,16,121,10,112,35,44,59,92,118,192,88,79,79,80,195,114,14,69,125,92,44,82,29,82,47,79,146,165,301,61,108,27,135,105,26,48,124,86,16,90,51,115,89,69,116,42,76
460,444,218,73,541,112,235,160,151,205,376,540,810,316,240,323,368,784,469,61,294,497,309,201,311,130,328,227,249,656,710,1336,245,460,111,504,482,99,243,532,340,100,409,192,396,400,277,473,169,319
208,129,64,21,147,35,160,24,55,57,127,166,277,95,87,86,122,285,149,15,81,154,89,52,96,46,110,85,64,195,228,452,79,140,40,149,139,25,64,146,107,35,117,53,111,149,93,159,59,104
166,137,60,30,149,44,151,55,22,65,149,204,306,99,80,92,146,302,147,19,83,158,106,73,101,37,112,79,74,205,266,433,85,152,42,160,152,21,78,172,105,31,122,54,129,134,88,182,63,129
212,168,74,38,211,59,205,57,65,47,167,230,361,129,106,122,160,364,217,27,114,198,122,79,140,55,151,93,103,231,313,555,112,216,44,215,201,38,99,214,111,37,166,79,168,181,142,194,88,146
440,384,178,70,431,92,376,127,149,167,195,493,759,250,265,264,313,760,406,61,263,463,266,160,275,114,283,208,228,483,657,1191,219,423,94,415,408,75,222,435,271,91,338,143,353,357,264,412,177,300
504,455,213,88,604,118,540,166,204,230,493,293,990,363,274,313,391,940,542,70,296,537,329,214,363,130,369,263,286,695,804,1465,289,507,114,573,517,94,280,554,372,120,431,191,439,478,330,603,189,323
810,736,366,142,922,192,810,277,306,361,759,990,759,608,465,510,654,1360,914,118,527,935,529,361,585,237,620,420,461,1060,1281,2329,447,838,188,993,773,174,453,922,588,198,645,318,723,794,565,885,308,609
355,269,112,58,324,88,316,95,99,129,250,363,608,121,177,208,245,569,308,46,168,348,210,124,203,81,203,140,171,419,500,1014,190,315,78,356,332,58,171,336,212,60,248,104,224,337,215,343,132,214
302,229,94,50,263,79,240,87,80,106,265,274,465,177,76,147,187,481,267,23,127,250,157,115,203,69,188,135,124,329,385,715,135,262,56,273,253,50,141,269,175,63,195,93,220,243,159,272,93,176
300,270,104,54,282,79,323,86,92,122,264,313,510,208,147,93,197,514,280,29,131,300,158,124,202,80,205,143,152,339,440,815,163,283,66,306,296,60,151,310,174,69,225,92,270,297,174,287,127,194
341,298,136,68,399,80,368,122,146,160,313,391,654,245,187,197,141,656,351,46,207,358,197,139,232,99,245,190,177,431,561,956,195,347,79,383,341,61,219,407,237,79,273,114,279,349,212,371,148,217
778,756,374,133,917,195,784,285,302,364,760,940,1360,569,481,514,656,745,935,110,500,911,539,377,593,246,615,444,485,1062,1302,2362,466,819,197,983,800,145,470,915,621,181,645,320,711,840,571,866,306,597
503,418,197,92,536,114,469,149,147,217,406,542,914,308,267,280,351,935,262,73,287,470,285,182,333,148,352,248,239,659,793,1452,287,476,94,537,450,84,281,497,323,99,391,183,401,468,311,593,185,347
66,63,27,10,59,14,61,15,19,27,61,70,118,46,23,29,46,110,73,3,37,81,35,33,44,19,51,34,33,65,90,192,33,69,14,61,66,11,46,70,39,12,46,15,51,71,30,73,26,44
319,257,101,56,295,69,294,81,83,114,263,296,527,168,127,131,207,500,287,37,77,262,150,102,180,68,197,122,125,362,454,807,156,277,62,282,244,43,142,299,172,62,221,107,210,277,160,327,102,196
515,425,175,93,543,125,497,154,158,198,463,537,935,348,250,300,358,911,470,81,262,244,300,211,357,157,390,242,259,685,783,1459,272,502,105,536,470,88,280,514,331,102,415,210,406,486,332,569,185,346
327,279,108,61,305,92,309,89,106,122,266,329,529,210,157,158,197,539,285,35,150,300,78,130,195,68,189,130,132,359,469,891,163,275,66,308,291,45,151,348,210,58,210,114,232,308,178,330,114,186
206,163,72,33,209,44,201,52,73,79,160,214,361,124,115,124,139,377,182,33,102,211,130,33,138,51,124,101,109,253,278,553,126,212,40,191,193,33,92,202,136,42,163,83,167,211,153,212,72,124
417,299,141,61,315,82,311,96,101,140,275,363,585,203,203,202,232,593,333,44,180,357,195,138,98,89,212,138,165,420,527,881,185,309,81,360,326,57,136,361,233,79,296,123,237,316,190,343,144,229
154,110,52,27,122,29,130,46,37,55,114,130,237,81,69,80,99,246,148,19,68,157,68,51,89,9,76,65,56,147,201,377,81,137,31,126,132,21,86,151,85,29,122,39,97,120,77,133,60,84
378,280,131,63,305,82,328,110,112,151,283,369,620,203,188,205,245,615,352,51,197,390,189,124,212,76,109,153,151,404,547,1000,204,330,75,359,343,55,191,409,252,87,291,128,233,342,208,368,145,221
269,212,73,44,253,47,227,85,79,93,208,263,420,140,135,143,190,444,248,34,122,242,130,101,138,65,153,54,110,293,366,661,121,228,53,262,208,39,133,260,137,37,169,102,169,212,134,223,85,150
325,239,84,46,252,79,249,64,74,103,228,286,461,171,124,152,177,485,239,33,125,259,132,109,165,56,151,110,60,313,379,754,149,232,57,248,264,43,126,239,157,48,221,98,207,233,148,302,91,168
581,583,241,122,663,146,656,195,205,231,483,695,1060,419,329,339,431,1062,659,65,362,685,359,253,420,147,404,293,313,409,947,1730,338,575,151,697,641,105,317,727,432,125,474,232,539,562,399,650,234,405
696,667,291,125,762,165,710,228,266,313,657,804,1281,500,385,440,561,1302,793,90,454,783,469,278,527,201,547,366,379,947,581,1976,381,704,148,807,674,141,359,794,496,141,583,293,628,703,458,764,254,507
1135,1218,556,241,1400,301,1336,452,433,555,1191,1465,2329,1014,715,815,956,2362,1452,192,807,1459,891,553,881,377,1000,661,754,1730,1976,1855,698,1297,316,1487,1279,237,711,1457,929,302,985,532,1174,1218,882,1445,467,914
225,235,112,38,259,61,245,79,85,112,219,289,447,190,135,163,195,466,287,33,156,272,163,126,185,81,204,121,149,338,381,698,62,258,70,287,252,46,135,290,190,70,186,112,226,239,169,250,87,161
517,393,194,58,445,108,460,140,152,216,423,507,838,315,262,283,347,819,476,69,277,502,275,212,309,137,330,228,232,575,704,1297,258,206,133,520,424,88,242,482,291,84,358,179,408,442,297,484,182,333
106,96,40,17,118,27,111,40,42,44,94,114,188,78,56,66,79,197,94,14,62,105,66,40,81,31,75,53,57,151,148,316,70,133,14,113,112,15,62,119,76,14,93,38,86,91,82,128,42,81
485,495,212,98,571,135,504,149,160,215,415,573,993,356,273,306,383,983,537,61,282,536,308,191,360,126,359,262,248,697,807,1487,287,520,113,258,482,98,271,601,342,105,408,178,430,456,337,555,197,349
484,406,185,78,481,105,482,139,152,201,408,517,773,332,253,296,341,800,450,66,244,470,291,193,326,132,343,208,264,641,674,1279,252,424,112,482,208,82,235,497,318,105,352,186,396,388,295,456,171,329
83,73,32,21,88,26,99,25,21,38,75,94,174,58,50,60,61,145,84,11,43,88,45,33,57,21,55,39,43,105,141,237,46,88,15,98,82,9,37,79,44,19,60,31,71,65,47,90,36,58
262,215,117,38,283,48,243,64,78,99,222,280,453,171,141,151,219,470,281,46,142,280,151,92,136,86,191,133,126,317,359,711,135,242,62,271,235,37,70,284,173,48,172,69,190,220,150,264,87,166
491,471,213,90,504,124,532,146,172,214,435,554,922,336,269,310,407,915,497,70,299,514,348,202,361,151,409,260,239,727,794,1457,290,482,119,601,497,79,284,282,316,132,392,204,461,483,337,525,188,414
314,297,132,53,320,86,340,107,105,111,271,372,588,212,175,174,237,621,323,39,172,331,210,136,233,85,252,137,157,432,496,929,190,291,76,342,318,44,173,316,98,77,253,116,288,312,187,335,133,228
115,87,43,14,110,16,100,35,31,37,91,120,198,60,63,69,79,181,99,12,62,102,58,42,79,29,87,37,48,125,141,302,70,84,14,105,105,19,48,132,77,11,88,41,91,77,56,145,38,68
391,323,145,60,359,90,409,117,122,166,338,431,645,248,195,225,273,645,391,46,221,415,210,163,296,122,291,169,221,474,583,985,186,358,93,408,352,60,172,392,253,88,144,139,360,317,227,403,134,273
164,154,78,29,197,51,192,53,54,79,143,191,318,104,93,92,114,320,183,15,107,210,114,83,123,39,128,102,98,232,293,532,112,179,38,178,186,31,69,204,116,41,139,38,178,174,128,190,73,122
432,355,159,67,406,115,396,111,129,168,353,439,723,224,220,270,279,711,401,51,210,406,232,167,237,97,233,169,207,539,628,1174,226,408,86,430,396,71,190,461,288,91,360,178,163,398,247,426,155,293
400,423,209,57,464,89,400,149,134,181,357,478,794,337,243,297,349,840,468,71,277,486,308,211,316,120,342,212,233,562,703,1218,239,442,91,456,388,65,220,483,312,77,317,174,398,208,279,455,166,335
365,253,116,43,305,69,277,93,88,142,264,330,565,215,159,174,212,571,311,30,160,332,178,153,190,77,208,134,148,399,458,882,169,297,82,337,295,47,150,337,187,56,227,128,247,279,107,326,107,213
467,447,202,82,538,116,473,159,182,194,412,603,885,343,272,287,371,866,593,73,327,569,330,212,343,133,368,223,302,650,764,1445,250,484,128,555,456,90,264,525,335,145,403,190,426,455,326,249,193,363
163,154,67,22,188,42,169,59,63,88,177,189,308,132,93,127,148,306,185,26,102,185,114,72,144,60,145,85,91,234,254,467,87,182,42,197,171,36,87,188,133,38,134,73,155,166,107,193,25,118
367,294,129,52,350,76,319,104,129,146,300,323,609,214,176,194,217,597,347,44,196,346,186,124,229,84,221,150,168,405,507,914,161,333,81,349,329,58,166,414,228,68,273,122,293,335,213,363,118,116
