261,446,212,78,527,98,481,193,178,231,465,525,796,367,308,321,341,806,495,72,331,458,336,219,358,161,384,256,313,644,701,1181,236,470,103,500,489,78,267,446,325,100,387,192,456,438,336,502,168,356
446,193,205,82,452,103,422,121,143,185,370,466,764,294,251,267,302,764,444,50,228,447,246,176,266,118,305,186,207,570,642,1213,216,431,98,484,423,66,208,447,290,81,346,164,350,433,262,444,164,291
212,205,34,41,215,48,222,59,55,86,184,207,326,120,93,116,126,369,201,22,108,196,125,74,117,42,123,99,99,227,288,551,103,205,49,197,173,39,78,211,125,41,137,88,158,186,129,210,72,133
78,82,41,6,81,21,87,24,31,39,70,83,147,57,48,46,57,152,74,5,65,70,50,39,59,28,54,36,51,115,137,212,44,72,24,103,69,9,37,98,65,9,70,33,72,85,64,91,25,63
527,452,215,81,255,133,493,148,180,230,460,597,949,329,249,282,378,906,525,56,272,513,292,199,363,137,355,246,236,648,801,1453,280,492,131,580,487,92,237,567,358,104,379,187,364,480,324,543,175,357
98,103,48,21,133,15,112,40,42,45,91,115,193,75,59,65,86,203,104,15,81,113,65,55,85,41,83,63,52,151,183,259,62,117,33,119,97,16,43,126,81,14,82,42,102,111,83,105,40,77
481,422,222,87,493,112,242,157,154,187,392,545,896,293,275,314,343,895,505,57,292,486,297,183,332,130,344,210,253,605,747,1297,251,459,121,512,457,86,240,542,307,92,373,173,374,460,298,472,177,322
193,121,59,24,148,40,157,19,43,59,143,169,290,80,80,75,109,295,173,24,75,163,113,53,107,32,109,79,66,197,246,477,84,152,33,162,131,22,79,167,110,32,125,52,122,176,94,158,51,108
178,143,55,31,180,42,154,43,28,68,152,193,307,96,66,77,120,315,181,26,94,159,97,70,107,41,105,77,85,199,257,503,78,178,40,178,142,29,80,182,80,25,146,75,128,137,84,198,72,115
231,185,86,39,230,45,187,59,68,51,176,213,329,131,118,113,155,335,210,21,108,199,130,95,158,62,154,89,104,245,315,548,106,191,35,226,207,30,113,224,141,45,155,68,158,184,110,208,69,144
465,370,184,70,460,91,392,143,152,176,192,486,726,263,242,230,301,731,426,55,245,442,257,178,303,119,307,199,242,516,626,1102,222,419,99,435,408,67,225,488,288,87,329,161,350,393,261,430,151,302
525,466,207,83,597,115,545,169,193,213,486,306,923,361,269,315,411,981,545,58,305,568,329,226,351,131,378,242,259,675,806,1539,268,522,133,587,495,107,301,634,379,111,414,221,453,488,356,589,224,371
796,764,326,147,949,193,896,290,307,329,726,923,784,566,469,500,677,1464,942,108,500,951,544,347,602,232,635,418,458,1202,1355,2352,461,836,196,999,875,155,452,935,567,197,664,329,711,798,562,901,325,593
367,294,120,57,329,75,293,80,96,131,263,361,566,100,166,198,239,562,326,34,169,311,190,118,188,92,237,150,170,382,467,955,180,323,80,330,308,52,160,353,209,67,283,116,223,292,183,351,102,218
308,251,93,48,249,59,275,80,66,118,242,269,469,166,74,129,202,477,294,31,146,282,160,108,151,69,172,132,148,363,397,752,151,235,70,289,226,56,144,274,182,51,181,82,206,239,145,280,107,206
321,267,116,46,282,65,314,75,77,113,230,315,500,198,129,59,205,540,278,31,153,271,177,123,195,72,186,150,153,382,426,898,169,279,72,271,269,59,152,286,186,57,227,97,234,240,177,321,138,229
341,302,126,57,378,86,343,109,120,155,301,411,677,239,202,205,133,657,348,48,208,340,207,121,232,82,227,181,182,426,559,1046,191,373,85,320,345,49,181,372,257,66,279,138,278,364,260,389,141,242
806,764,369,152,906,203,895,295,315,335,731,981,1464,562,477,540,657,782,905,104,506,937,546,345,630,239,636,437,479,1170,1385,2351,496,822,180,987,907,162,454,895,567,186,700,322,679,784,587,929,326,587
495,444,201,74,525,104,505,173,181,210,426,545,942,326,294,278,348,905,233,69,284,482,326,206,330,141,344,262,263,633,782,1443,296,505,118,500,478,73,251,559,320,94,398,177,426,487,324,525,207,363
72,50,22,5,56,15,57,24,26,21,55,58,108,34,31,31,48,104,69,3,31,73,40,30,38,9,29,42,30,76,88,174,35,49,14,70,41,14,29,66,59,13,64,26,45,63,52,68,18,40
331,228,108,65,272,81,292,75,94,108,245,305,500,169,146,153,208,506,284,31,74,303,190,114,188,74,176,134,135,352,436,767,150,272,56,283,269,54,145,296,166,57,229,115,222,247,160,310,90,186
458,447,196,70,513,113,486,163,159,199,442,568,951,311,282,271,340,937,482,73,303,267,305,207,337,138,354,247,282,646,768,1456,270,520,127,509,453,76,254,551,328,116,385,163,396,446,328,517,190,329
336,246,125,50,292,65,297,113,97,130,257,329,544,190,160,177,207,546,326,40,190,305,93,128,193,83,179,144,140,366,465,845,151,259,63,333,286,47,159,336,197,59,249,112,237,274,181,318,114,188
219,176,74,39,199,55,183,53,70,95,178,226,347,118,108,123,121,345,206,30,114,207,128,34,133,50,134,96,102,264,295,550,96,197,51,224,189,27,88,219,129,33,150,87,146,173,110,179,76,136
358,266,117,59,363,85,332,107,107,158,303,351,602,188,151,195,232,630,330,38,188,337,193,133,102,90,206,176,149,449,485,904,184,295,87,327,304,56,176,352,230,69,277,123,247,301,200,374,125,231
161,118,42,28,137,41,130,32,41,62,119,131,232,92,69,72,82,239,141,9,74,138,83,50,90,16,89,47,58,167,197,371,56,119,31,135,122,20,62,141,80,18,95,47,113,141,89,136,49,81
384,305,123,54,355,83,344,109,105,154,307,378,635,237,172,186,227,636,344,29,176,354,179,134,206,89,124,147,150,413,488,986,180,299,86,344,306,38,167,360,241,82,273,121,265,350,216,342,134,229
256,186,99,36,246,63,210,79,77,89,199,242,418,150,132,150,181,437,262,42,134,247,144,96,176,47,147,49,125,273,352,688,129,222,54,243,237,38,115,244,160,42,161,90,188,214,158,233,87,175
313,207,99,51,236,52,253,66,85,104,242,259,458,170,148,153,182,479,263,30,135,282,140,102,149,58,150,125,57,335,409,723,138,235,51,262,243,35,133,273,165,51,195,103,200,211,164,284,100,154
644,570,227,115,648,151,605,197,199,245,516,675,1202,382,363,382,426,1170,633,76,352,646,366,264,449,167,413,273,335,392,973,1818,378,617,167,694,610,98,287,707,393,124,508,224,465,554,400,636,264,422
701,642,288,137,801,183,747,246,257,315,626,806,1355,467,397,426,559,1385,782,88,436,768,465,295,485,197,488,352,409,973,544,2119,393,740,168,831,665,124,389,735,487,154,545,274,577,664,460,792,285,556
1181,1213,551,212,1453,259,1297,477,503,548,1102,1539,2352,955,752,898,1046,2351,1443,174,767,1456,845,550,904,371,986,688,723,1818,2119,1871,739,1333,297,1564,1258,239,727,1456,969,289,1020,528,1120,1213,906,1394,469,959
236,216,103,44,280,62,251,84,78,106,222,268,461,180,151,169,191,496,296,35,150,270,151,96,184,56,180,129,138,378,393,739,71,253,54,290,239,60,133,270,186,62,201,96,207,230,167,292,100,183
470,431,205,72,492,117,459,152,178,191,419,522,836,323,235,279,373,822,505,49,272,520,259,197,295,119,299,222,235,617,740,1333,253,212,114,488,438,63,248,535,297,90,343,144,362,458,314,493,146,325
103,98,49,24,131,33,121,33,40,35,99,133,196,80,70,72,85,180,118,14,56,127,63,51,87,31,86,54,51,167,168,297,54,114,9,112,108,20,68,119,62,18,87,40,97,92,100,124,47,69
500,484,197,103,580,119,512,162,178,226,435,587,999,330,289,271,320,987,500,70,283,509,333,224,327,135,344,243,262,694,831,1564,290,488,112,253,508,80,274,563,373,95,431,214,417,490,372,585,207,323
489,423,173,69,487,97,457,131,142,207,408,495,875,308,226,269,345,907,478,41,269,453,286,189,304,122,306,237,243,610,665,1258,239,438,108,508,206,80,239,501,283,97,372,191,368,428,295,452,169,328
78,66,39,9,92,16,86,22,29,30,67,107,155,52,56,59,49,162,73,14,54,76,47,27,56,20,38,38,35,98,124,239,60,63,20,80,80,5,38,94,55,21,59,34,81,88,46,101,37,34
267,208,78,37,237,43,240,79,80,113,225,301,452,160,144,152,181,454,251,29,145,254,159,88,176,62,167,115,133,287,389,727,133,248,68,274,239,38,47,264,154,47,204,101,202,225,157,250,93,165
446,447,211,98,567,126,542,167,182,224,488,634,935,353,274,286,372,895,559,66,296,551,336,219,352,141,360,244,273,707,735,1456,270,535,119,563,501,94,264,271,344,96,400,201,406,514,319,512,199,351
325,290,125,65,358,81,307,110,80,141,288,379,567,209,182,186,257,567,320,59,166,328,197,129,230,80,241,160,165,393,487,969,186,297,62,373,283,55,154,344,85,69,277,131,257,278,198,325,105,212
100,81,41,9,104,14,92,32,25,45,87,111,197,67,51,57,66,186,94,13,57,116,59,33,69,18,82,42,51,124,154,289,62,90,18,95,97,21,47,96,69,9,81,36,82,115,54,112,49,71
387,346,137,70,379,82,373,125,146,155,329,414,664,283,181,227,279,700,398,64,229,385,249,150,277,95,273,161,195,508,545,1020,201,343,87,431,372,59,204,400,277,81,138,134,298,339,224,377,127,268
192,164,88,33,187,42,173,52,75,68,161,221,329,116,82,97,138,322,177,26,115,163,112,87,123,47,121,90,103,224,274,528,96,144,40,214,191,34,101,201,131,36,134,30,161,162,120,191,73,91
456,350,158,72,364,102,374,122,128,158,350,453,711,223,206,234,278,679,426,45,222,396,237,146,247,113,265,188,200,465,577,1120,207,362,97,417,368,81,202,406,257,82,298,161,147,340,218,429,146,267
438,433,186,85,480,111,460,176,137,184,393,488,798,292,239,240,364,784,487,63,247,446,274,173,301,141,350,214,211,554,664,1213,230,458,92,490,428,88,225,514,278,115,339,162,340,210,288,489,166,333
336,262,129,64,324,83,298,94,84,110,261,356,562,183,145,177,260,587,324,52,160,328,181,110,200,89,216,158,164,400,460,906,167,314,100,372,295,46,157,319,198,54,224,120,218,288,91,321,107,205
502,444,210,91,543,105,472,158,198,208,430,589,901,351,280,321,389,929,525,68,310,517,318,179,374,136,342,233,284,636,792,1394,292,493,124,585,452,101,250,512,325,112,377,191,429,489,321,285,187,354
168,164,72,25,175,40,177,51,72,69,151,224,325,102,107,138,141,326,207,18,90,190,114,76,125,49,134,87,100,264,285,469,100,146,47,207,169,37,93,199,105,49,127,73,146,166,107,187,32,129
356,291,133,63,357,77,322,108,115,144,302,371,593,218,206,229,242,587,363,40,186,329,188,136,231,81,229,175,154,422,556,959,183,325,69,323,328,34,165,351,212,71,268,91,267,333,205,354,129,118
