286,460,217,78,529,107,496,192,178,257,457,549,892,367,329,343,385,857,498,78,318,514,328,207,371,146,386,282,314,600,696,1211,244,477,119,512,494,80,232,428,330,95,401,177,471,436,344,481,169,405
460,196,162,89,464,108,440,128,150,183,369,472,819,302,232,251,311,786,485,42,251,467,262,180,290,102,274,191,193,541,734,1283,255,431,105,416,465,72,225,497,298,103,318,175,362,401,287,423,171,296
217,162,38,31,200,45,187,51,65,91,177,241,372,137,104,97,145,347,185,26,109,201,114,67,136,51,152,102,86,252,299,577,127,183,35,192,206,31,115,224,139,39,163,73,164,181,127,214,83,137
78,89,31,11,83,19,79,27,21,27,72,110,144,52,57,66,63,126,88,9,50,82,54,49,58,28,72,45,46,113,118,206,39,90,11,92,85,19,39,86,62,25,57,34,59,78,50,74,23,54
529,464,200,83,248,121,496,138,164,214,443,607,942,337,269,295,376,915,502,63,273,521,281,241,341,134,330,208,241,664,758,1539,256,478,127,533,488,80,243,553,310,113,386,188,392,506,347,547,211,356
107,108,45,19,121,9,103,36,34,46,98,133,188,79,57,78,75,194,114,15,64,108,74,51,84,35,82,56,59,172,171,287,63,102,18,112,116,19,64,126,71,32,82,42,89,95,69,119,30,72
496,440,187,79,496,103,215,150,145,208,422,536,877,305,284,297,358,841,504,59,294,514,290,207,309,113,336,235,241,650,734,1330,276,434,106,515,453,86,253,579,336,113,366,184,368,428,333,511,181,353
192,128,51,27,138,36,150,28,63,76,142,161,257,113,68,77,112,258,145,20,84,163,94,52,107,39,106,82,87,170,222,412,88,150,30,160,137,29,77,153,91,36,118,44,128,141,89,142,64,102
178,150,65,21,164,34,145,63,32,73,144,187,301,122,96,90,139,292,180,16,96,169,98,59,114,38,106,65,76,194,267,495,96,140,35,187,149,21,92,177,107,37,118,63,130,149,117,170,57,128
257,183,91,27,214,46,208,76,73,49,173,193,358,130,108,120,153,365,243,24,132,227,120,94,140,54,138,95,88,252,351,527,115,194,45,220,196,38,115,224,127,40,139,81,166,165,133,198,78,154
457,369,177,72,443,98,422,142,144,173,181,448,725,303,227,244,302,732,466,51,285,449,258,168,277,115,297,212,218,571,667,1140,233,421,99,441,407,79,231,450,294,94,299,149,351,382,280,409,138,299
549,472,241,110,607,133,536,161,187,193,448,326,1037,376,261,286,409,1059,566,80,292,627,319,249,365,146,396,256,264,702,890,1658,299,533,148,577,516,93,290,583,381,106,427,197,431,493,339,575,226,387
892,819,372,144,942,188,877,257,301,358,725,1037,917,590,455,519,671,1515,894,113,459,943,513,362,630,219,615,427,465,1191,1444,2611,514,836,213,988,845,157,487,1021,590,201,727,336,747,828,585,960,314,616
367,302,137,52,337,79,305,113,122,130,303,376,590,107,177,172,237,564,299,43,181,325,195,140,205,93,240,122,162,416,492,892,174,302,88,347,331,45,166,352,213,70,225,124,252,305,211,320,133,240
329,232,104,57,269,57,284,68,96,108,227,261,455,177,75,128,203,463,251,45,123,279,146,113,189,58,156,128,137,340,415,736,150,262,50,271,258,53,136,308,186,49,205,89,222,241,173,288,98,194
343,251,97,66,295,78,297,77,90,120,244,286,519,172,128,87,221,492,264,39,143,295,162,128,186,70,189,150,150,344,436,827,168,273,68,305,290,51,148,323,188,54,247,113,218,265,181,328,104,202
385,311,145,63,376,75,358,112,139,153,302,409,671,237,203,221,147,699,382,43,199,379,231,146,242,99,269,164,201,465,554,1019,212,358,75,393,342,81,160,359,224,82,288,142,317,324,273,365,143,245
857,786,347,126,915,194,841,258,292,365,732,1059,1515,564,463,492,699,835,933,106,483,904,511,340,613,212,617,448,478,1166,1413,2574,479,877,201,1007,827,153,452,992,605,176,699,358,736,840,585,978,324,592
498,485,185,88,502,114,504,145,180,243,466,566,894,299,251,264,382,933,224,58,272,460,279,205,344,117,339,235,253,644,737,1457,255,494,113,556,475,106,249,558,346,111,398,206,384,460,336,518,184,342
78,42,26,9,63,15,59,20,16,24,51,80,113,43,45,39,43,106,58,2,29,61,38,24,51,15,39,21,34,63,106,179,43,53,14,58,53,11,28,64,38,11,47,24,60,68,46,68,26,45
318,251,109,50,273,64,294,84,96,132,285,292,459,181,123,143,199,483,272,29,74,318,156,117,190,62,173,119,126,324,444,794,139,263,63,295,252,42,119,310,191,49,218,109,228,265,164,276,91,167
514,467,201,82,521,108,514,163,169,227,449,627,943,325,279,295,379,904,460,61,318,248,302,201,352,117,372,220,293,650,751,1416,261,485,121,587,490,97,259,544,360,117,381,186,409,455,369,510,181,368
328,262,114,54,281,74,290,94,98,120,258,319,513,195,146,162,231,511,279,38,156,302,93,108,208,75,197,137,159,362,444,823,135,283,67,330,297,53,144,312,183,58,225,109,246,269,181,303,109,189
207,180,67,49,241,51,207,52,59,94,168,249,362,140,113,128,146,340,205,24,117,201,108,51,133,50,141,89,126,238,284,545,110,190,41,192,216,36,96,238,131,41,161,73,176,196,143,212,80,138
371,290,136,58,341,84,309,107,114,140,277,365,630,205,189,186,242,613,344,51,190,352,208,133,112,72,203,149,154,379,532,996,219,321,73,330,336,58,167,358,209,84,285,108,248,321,223,348,141,216
146,102,51,28,134,35,113,39,38,54,115,146,219,93,58,70,99,212,117,15,62,117,75,50,72,12,84,60,58,152,165,331,69,113,29,133,134,31,58,145,78,32,87,48,78,126,72,148,46,73
386,274,152,72,330,82,336,106,106,138,297,396,615,240,156,189,269,617,339,39,173,372,197,141,203,84,116,154,167,419,543,969,191,323,78,350,326,59,159,398,211,88,256,114,265,328,207,357,115,235
282,191,102,45,208,56,235,82,65,95,212,256,427,122,128,150,164,448,235,21,119,220,137,89,149,60,154,44,111,268,345,642,125,197,54,243,213,32,142,270,151,49,196,95,189,209,148,248,89,175
314,193,86,46,241,59,241,87,76,88,218,264,465,162,137,150,201,478,253,34,126,293,159,126,154,58,167,111,72,305,397,660,131,227,43,260,243,41,123,291,151,56,198,96,209,219,142,252,90,166
600,541,252,113,664,172,650,170,194,252,571,702,1191,416,340,344,465,1166,644,63,324,650,362,238,379,152,419,268,305,413,958,1917,367,619,146,615,620,79,333,690,413,124,495,284,489,583,410,685,236,419
696,734,299,118,758,171,734,222,267,351,667,890,1444,492,415,436,554,1413,737,106,444,751,444,284,532,165,543,345,397,958,564,2179,422,703,165,857,701,140,387,824,524,161,579,302,576,685,506,748,307,488
1211,1283,577,206,1539,287,1330,412,495,527,1140,1658,2611,892,736,827,1019,2574,1457,179,794,1416,823,545,996,331,969,642,660,1917,2179,2064,788,1284,321,1568,1301,258,741,1524,967,307,1096,558,1118,1324,906,1438,512,953
244,255,127,39,256,63,276,88,96,115,233,299,514,174,150,168,212,479,255,43,139,261,135,110,219,69,191,125,131,367,422,788,80,247,58,306,250,51,139,301,170,50,196,109,214,249,173,286,101,185
477,431,183,90,478,102,434,150,140,194,421,533,836,302,262,273,358,877,494,53,263,485,283,190,321,113,323,197,227,619,703,1284,247,227,102,514,462,83,252,504,309,95,348,173,378,395,308,503,184,369
119,105,35,11,127,18,106,30,35,45,99,148,213,88,50,68,75,201,113,14,63,121,67,41,73,29,78,54,43,146,165,321,58,102,14,114,104,15,75,129,82,13,95,47,91,97,75,127,39,94
512,416,192,92,533,112,515,160,187,220,441,577,988,347,271,305,393,1007,556,58,295,587,330,192,330,133,350,243,260,615,857,1568,306,514,114,275,489,79,263,545,369,121,419,217,434,484,332,540,207,358
494,465,206,85,488,116,453,137,149,196,407,516,845,331,258,290,342,827,475,53,252,490,297,216,336,134,326,213,243,620,701,1301,250,462,104,489,234,82,225,524,296,93,328,213,380,438,293,490,186,333
80,72,31,19,80,19,86,29,21,38,79,93,157,45,53,51,81,153,106,11,42,97,53,36,58,31,59,32,41,79,140,258,51,83,15,79,82,4,54,107,61,14,65,35,73,93,49,92,31,64
232,225,115,39,243,64,253,77,92,115,231,290,487,166,136,148,160,452,249,28,119,259,144,96,167,58,159,142,123,333,387,741,139,252,75,263,225,54,57,296,186,48,187,79,216,242,163,269,89,153
428,497,224,86,553,126,579,153,177,224,450,583,1021,352,308,323,359,992,558,64,310,544,312,238,358,145,398,270,291,690,824,1524,301,504,129,545,524,107,296,299,355,124,421,208,476,524,349,635,202,313
330,298,139,62,310,71,336,91,107,127,294,381,590,213,186,188,224,605,346,38,191,360,183,131,209,78,211,151,151,413,524,967,170,309,82,369,296,61,186,355,127,82,260,137,259,316,223,366,116,224
95,103,39,25,113,32,113,36,37,40,94,106,201,70,49,54,82,176,111,11,49,117,58,41,84,32,88,49,56,124,161,307,50,95,13,121,93,14,48,124,82,8,88,38,88,107,55,98,37,59
401,318,163,57,386,82,366,118,118,139,299,427,727,225,205,247,288,699,398,47,218,381,225,161,285,87,256,196,198,495,579,1096,196,348,95,419,328,65,187,421,260,88,123,143,303,367,247,372,142,284
177,175,73,34,188,42,184,44,63,81,149,197,336,124,89,113,142,358,206,24,109,186,109,73,108,48,114,95,96,284,302,558,109,173,47,217,213,35,79,208,137,38,143,37,147,163,112,208,70,111
471,362,164,59,392,89,368,128,130,166,351,431,747,252,222,218,317,736,384,60,228,409,246,176,248,78,265,189,209,489,576,1118,214,378,91,434,380,73,216,476,259,88,303,147,179,393,250,453,162,277
436,401,181,78,506,95,428,141,149,165,382,493,828,305,241,265,324,840,460,68,265,455,269,196,321,126,328,209,219,583,685,1324,249,395,97,484,438,93,242,524,316,107,367,163,393,218,292,470,143,306
344,287,127,50,347,69,333,89,117,133,280,339,585,211,173,181,273,585,336,46,164,369,181,143,223,72,207,148,142,410,506,906,173,308,75,332,293,49,163,349,223,55,247,112,250,292,93,362,122,215
481,423,214,74,547,119,511,142,170,198,409,575,960,320,288,328,365,978,518,68,276,510,303,212,348,148,357,248,252,685,748,1438,286,503,127,540,490,92,269,635,366,98,372,208,453,470,362,269,212,329
169,171,83,23,211,30,181,64,57,78,138,226,314,133,98,104,143,324,184,26,91,181,109,80,141,46,115,89,90,236,307,512,101,184,39,207,186,31,89,202,116,37,142,70,162,143,122,212,31,135
405,296,137,54,356,72,353,102,128,154,299,387,616,240,194,202,245,592,342,45,167,368,189,138,216,73,235,175,166,419,488,953,185,369,94,358,333,64,153,313,224,59,284,111,277,306,215,329,135,119
