245,490,222,90,491,116,474,180,165,248,481,532,841,395,317,318,382,808,519,88,321,537,350,232,383,153,399,253,303,615,681,1194,253,496,113,507,494,84,247,485,322,98,410,180,453,427,328,467,180,399
490,169,183,86,473,102,441,149,144,191,371,493,792,258,232,248,349,785,420,55,231,442,237,156,278,79,249,179,211,543,664,1231,249,402,87,422,406,73,207,510,326,102,337,155,329,413,272,482,169,311
222,183,28,39,219,40,182,70,63,76,166,225,373,123,107,110,136,396,191,31,101,202,113,77,120,50,114,107,103,244,326,622,88,200,49,210,168,37,84,212,133,34,165,66,154,186,120,203,78,119
90,86,39,5,82,20,78,21,31,30,66,89,155,58,50,57,64,158,91,10,53,100,63,39,64,22,63,40,42,108,122,209,50,84,13,87,78,13,40,89,65,11,52,31,80,95,55,90,27,65
491,473,219,82,249,122,468,131,177,227,453,588,946,336,265,306,383,962,494,69,295,539,293,218,347,145,384,230,243,643,827,1444,280,461,117,536,474,82,244,517,309,110,387,191,414,492,313,569,205,345
116,102,40,20,122,10,108,30,34,51,104,118,180,71,62,64,76,169,129,11,73,128,76,51,83,32,84,50,45,134,175,288,63,109,21,116,102,19,46,120,79,21,79,43,90,106,83,120,32,81
474,441,182,78,468,108,226,147,135,168,384,529,832,300,249,285,347,814,493,61,278,488,294,209,291,121,309,232,217,596,764,1328,262,474,112,528,411,81,227,551,337,90,401,179,349,486,288,498,173,345
180,149,70,21,131,30,147,22,53,71,129,158,272,97,80,77,108,277,155,24,91,164,88,71,87,33,87,72,84,180,228,438,78,133,37,159,141,25,59,175,99,31,116,53,105,144,89,159,49,108
165,144,63,31,177,34,135,53,26,59,150,182,296,102,89,87,113,298,145,26,81,158,81,66,102,37,84,80,68,221,246,524,90,175,33,157,132,33,100,170,90,28,142,60,123,167,102,159,71,97
248,191,76,30,227,51,168,71,59,44,169,225,381,158,108,134,142,360,206,24,121,194,129,89,157,53,165,106,122,254,291,590,109,184,50,221,177,28,83,218,146,41,163,84,187,194,124,205,63,154
481,371,166,66,453,104,384,129,150,169,180,487,742,307,210,236,314,748,392,49,280,422,262,161,325,125,298,189,202,569,599,1172,222,379,101,480,371,66,203,462,277,91,311,179,343,394,277,416,147,284
532,493,225,89,588,118,529,158,182,225,487,326,1022,339,288,294,393,1101,598,61,332,587,337,204,375,126,367,254,279,714,871,1602,309,525,149,612,515,84,297,624,382,117,433,215,459,552,366,595,219,341
841,792,373,155,946,180,832,272,296,381,742,1022,810,622,456,487,679,1501,911,127,476,879,468,349,591,245,604,450,422,1153,1417,2413,484,818,201,1004,847,157,461,967,620,181,689,350,723,857,561,898,321,601
395,258,123,58,336,71,300,97,102,158,307,339,622,105,165,184,233,613,330,44,161,336,232,152,235,80,247,169,163,432,503,892,175,292,63,337,292,54,183,333,229,84,240,121,290,322,202,370,130,246
317,232,107,50,265,62,249,80,89,108,210,288,456,165,75,122,163,467,263,31,136,263,136,116,192,67,182,130,133,343,422,738,131,236,58,288,254,41,150,288,186,58,210,104,208,247,158,248,105,182
318,248,110,57,306,64,285,77,87,134,236,294,487,184,122,77,189,484,286,42,152,266,162,120,191,74,172,117,124,357,427,783,144,256,69,306,262,40,149,296,191,62,236,97,202,254,157,278,123,176
382,349,136,64,383,76,347,108,113,142,314,393,679,233,163,189,124,649,355,55,165,374,233,142,243,115,266,168,201,480,519,1021,189,353,89,349,346,62,195,389,259,70,261,155,287,327,206,355,144,263
808,785,396,158,962,169,814,277,298,360,748,1101,1501,613,467,484,649,802,887,120,490,908,530,374,579,267,641,438,438,1149,1372,2473,495,848,198,949,854,172,451,980,602,177,664,330,719,827,539,904,332,609
519,420,191,91,494,129,493,155,145,206,392,598,911,330,263,286,355,887,271,70,259,531,301,202,324,128,342,220,246,640,798,1487,263,474,94,496,484,73,256,579,349,122,418,191,403,461,339,538,193,336
88,55,31,10,69,11,61,24,26,24,49,61,127,44,31,42,55,120,70,7,33,74,36,27,38,14,41,27,30,92,117,191,38,62,19,73,63,9,32,70,44,12,49,31,50,54,33,66,22,55
321,231,101,53,295,73,278,91,81,121,280,332,476,161,136,152,165,490,259,33,71,294,164,119,167,71,210,130,134,359,422,749,154,247,68,299,258,49,132,305,188,46,218,95,222,235,164,279,82,193
537,442,202,100,539,128,488,164,158,194,422,587,879,336,263,266,374,908,531,74,294,313,303,241,343,126,376,229,249,641,770,1483,260,499,107,568,492,95,244,569,324,120,403,204,422,470,314,515,188,333
350,237,113,63,293,76,294,88,81,129,262,337,468,232,136,162,233,530,301,36,164,303,80,111,187,71,174,149,151,359,428,852,152,308,65,330,275,45,159,300,221,61,210,115,249,264,192,300,110,208
232,156,77,39,218,51,209,71,66,89,161,204,349,152,116,120,142,374,202,27,119,241,111,47,141,54,143,87,105,252,301,569,109,184,50,200,177,29,98,235,129,40,176,89,169,205,152,230,77,138
383,278,120,64,347,83,291,87,102,157,325,375,591,235,192,191,243,579,324,38,167,343,187,141,107,87,233,156,161,432,489,913,156,324,69,326,317,42,166,382,243,79,270,111,234,326,193,339,117,241
153,79,50,22,145,32,121,33,37,53,125,126,245,80,67,74,115,267,128,14,71,126,71,54,87,19,80,77,58,148,188,366,69,132,29,124,114,14,59,138,94,24,98,41,108,99,89,145,50,98
399,249,114,63,384,84,309,87,84,165,298,367,604,247,182,172,266,641,342,41,210,376,174,143,233,80,125,182,175,389,521,962,190,346,74,330,298,38,157,351,241,84,270,98,286,313,221,376,126,257
253,179,107,40,230,50,232,72,80,106,189,254,450,169,130,117,168,438,220,27,130,229,149,87,156,77,182,47,124,302,343,647,113,227,52,252,224,41,105,237,150,58,166,89,188,199,162,241,106,149
303,211,103,42,243,45,217,84,68,122,202,279,422,163,133,124,201,438,246,30,134,249,151,105,161,58,175,124,54,301,375,724,148,247,47,275,226,34,118,274,156,51,192,96,188,229,165,262,89,189
615,543,244,108,643,134,596,180,221,254,569,714,1153,432,343,357,480,1149,640,92,359,641,359,252,432,148,389,302,301,391,1009,1809,361,569,158,663,560,113,310,679,420,119,516,242,525,580,399,672,234,395
681,664,326,122,827,175,764,228,246,291,599,871,1417,503,422,427,519,1372,798,117,422,770,428,301,489,188,521,343,375,1009,587,2161,433,688,143,829,742,138,397,820,508,175,591,303,576,696,482,793,283,472
1194,1231,622,209,1444,288,1328,438,524,590,1172,1602,2413,892,738,783,1021,2473,1487,191,749,1483,852,569,913,366,962,647,724,1809,2161,1907,729,1249,322,1543,1262,253,691,1515,963,298,1069,514,1121,1344,894,1475,486,958
253,249,88,50,280,63,262,78,90,109,222,309,484,175,131,144,189,495,263,38,154,260,152,109,156,69,190,113,148,361,433,729,66,259,60,275,258,53,151,328,192,70,208,100,183,261,155,295,102,188
496,402,200,84,461,109,474,133,175,184,379,525,818,292,236,256,353,848,474,62,247,499,308,184,324,132,346,227,247,569,688,1249,259,237,109,533,443,84,209,520,311,95,405,203,380,436,305,508,186,325
113,87,49,13,117,21,112,37,33,50,101,149,201,63,58,69,89,198,94,19,68,107,65,50,69,29,74,52,47,158,143,322,60,109,7,139,109,23,68,109,77,28,92,44,71,104,76,116,41,93
507,422,210,87,536,116,528,159,157,221,480,612,1004,337,288,306,349,949,496,73,299,568,330,200,326,124,330,252,275,663,829,1543,275,533,139,246,532,95,269,603,386,130,440,205,414,480,319,571,207,353
494,406,168,78,474,102,411,141,132,177,371,515,847,292,254,262,346,854,484,63,258,492,275,177,317,114,298,224,226,560,742,1262,258,443,109,532,217,69,195,532,306,86,373,164,356,428,320,440,160,302
84,73,37,13,82,19,81,25,33,28,66,84,157,54,41,40,62,172,73,9,49,95,45,29,42,14,38,41,34,113,138,253,53,84,23,95,69,7,39,91,64,18,54,26,63,84,47,90,36,59
247,207,84,40,244,46,227,59,100,83,203,297,461,183,150,149,195,451,256,32,132,244,159,98,166,59,157,105,118,310,397,691,151,209,68,269,195,39,43,249,167,49,179,101,182,248,177,268,102,186
485,510,212,89,517,120,551,175,170,218,462,624,967,333,288,296,389,980,579,70,305,569,300,235,382,138,351,237,274,679,820,1515,328,520,109,603,532,91,249,291,365,109,398,227,440,510,344,574,210,357
322,326,133,65,309,79,337,99,90,146,277,382,620,229,186,191,259,602,349,44,188,324,221,129,243,94,241,150,156,420,508,963,192,311,77,386,306,64,167,365,98,82,233,131,285,312,232,341,124,254
98,102,34,11,110,21,90,31,28,41,91,117,181,84,58,62,70,177,122,12,46,120,61,40,79,24,84,58,51,119,175,298,70,95,28,130,86,18,49,109,82,12,79,28,85,97,72,102,33,78
410,337,165,52,387,79,401,116,142,163,311,433,689,240,210,236,261,664,418,49,218,403,210,176,270,98,270,166,192,516,591,1069,208,405,92,440,373,54,179,398,233,79,151,154,320,322,258,356,154,261
180,155,66,31,191,43,179,53,60,84,179,215,350,121,104,97,155,330,191,31,95,204,115,89,111,41,98,89,96,242,303,514,100,203,44,205,164,26,101,227,131,28,154,33,156,172,117,200,77,139
453,329,154,80,414,90,349,105,123,187,343,459,723,290,208,202,287,719,403,50,222,422,249,169,234,108,286,188,188,525,576,1121,183,380,71,414,356,63,182,440,285,85,320,156,156,401,242,393,141,290
427,413,186,95,492,106,486,144,167,194,394,552,857,322,247,254,327,827,461,54,235,470,264,205,326,99,313,199,229,580,696,1344,261,436,104,480,428,84,248,510,312,97,322,172,401,240,271,494,172,324
328,272,120,55,313,83,288,89,102,124,277,366,561,202,158,157,206,539,339,33,164,314,192,152,193,89,221,162,165,399,482,894,155,305,76,319,320,47,177,344,232,72,258,117,242,271,91,338,136,191
467,482,203,90,569,120,498,159,159,205,416,595,898,370,248,278,355,904,538,66,279,515,300,230,339,145,376,241,262,672,793,1475,295,508,116,571,440,90,268,574,341,102,356,200,393,494,338,253,165,357
180,169,78,27,205,32,173,49,71,63,147,219,321,130,105,123,144,332,193,22,82,188,110,77,117,50,126,106,89,234,283,486,102,186,41,207,160,36,102,210,124,33,154,77,141,172,136,165,32,133
399,311,119,65,345,81,345,108,97,154,284,341,601,246,182,176,263,609,336,55,193,333,208,138,241,98,257,149,189,395,472,958,188,325,93,353,302,59,186,357,254,78,261,139,290,324,191,357,133,112
