249,496,213,98,489,109,439,181,184,248,422,531,801,396,301,330,371,830,481,76,332,482,394,226,415,160,412,277,288,617,706,1244,255,518,117,493,514,91,261,449,321,96,377,162,423,453,344,523,174,372
496,187,177,67,438,78,404,131,137,154,372,488,798,287,228,235,291,853,442,58,236,453,300,154,274,111,283,178,208,561,713,1254,242,407,87,444,393,75,206,484,304,100,359,166,383,393,293,484,155,269
213,177,32,38,213,53,171,63,60,73,156,226,366,131,105,114,137,357,190,21,86,192,100,83,126,38,109,92,95,237,263,546,96,193,38,195,184,31,108,223,129,32,174,65,152,179,138,188,71,134
98,67,38,9,73,17,67,22,30,34,84,84,164,60,42,47,67,154,92,10,47,93,66,29,61,27,61,43,51,110,114,245,50,68,19,97,65,17,32,87,43,19,61,37,59,85,53,81,23,58
489,438,213,73,238,110,492,153,178,197,435,597,943,311,289,290,380,975,512,66,267,483,305,224,306,125,329,232,245,680,755,1486,305,479,117,561,488,98,265,560,357,102,407,166,397,492,289,495,185,337
109,78,53,17,110,9,92,36,38,50,87,122,191,77,60,63,76,192,108,14,73,119,68,45,70,31,84,49,61,124,166,301,48,112,21,130,108,29,51,118,61,27,72,47,87,106,68,101,30,90
439,404,171,67,492,92,208,137,164,216,395,548,909,306,249,251,342,917,475,57,258,480,318,202,320,119,348,231,230,598,708,1319,279,459,128,473,438,78,227,529,332,91,358,181,391,474,318,462,181,308
181,131,63,22,153,36,137,30,46,64,116,193,273,95,90,91,111,266,185,14,74,179,107,54,104,34,94,74,83,211,233,422,80,150,26,152,144,24,73,154,89,35,119,55,134,136,92,162,59,107
184,137,60,30,178,38,164,46,28,73,153,206,334,103,92,89,133,319,161,14,93,168,106,69,110,33,112,64,74,201,244,492,97,164,48,178,148,34,94,178,113,39,119,58,138,153,123,181,74,119
248,154,73,34,197,50,216,64,73,59,195,214,356,158,137,123,145,342,218,26,105,204,128,87,122,58,152,94,119,237,315,578,122,199,51,229,176,37,110,230,138,42,147,73,177,190,120,205,69,168
422,372,156,84,435,87,395,116,153,195,198,496,766,286,231,250,272,757,406,53,256,426,277,191,284,118,321,200,234,540,628,1140,239,417,100,452,410,87,192,449,276,77,303,144,339,358,269,391,148,326
531,488,226,84,597,122,548,193,206,214,496,312,1095,387,306,322,439,1043,566,68,269,565,326,241,386,130,373,258,260,768,878,1661,323,545,130,584,562,83,295,652,382,111,465,214,460,536,373,581,236,365
801,798,366,164,943,191,909,273,334,356,766,1095,881,600,445,509,680,1472,953,104,491,967,520,381,624,248,643,396,421,1195,1440,2483,513,822,201,981,876,177,469,993,619,187,675,365,705,903,559,905,330,566
396,287,131,60,311,77,306,95,103,158,286,387,600,97,153,150,219,628,328,39,195,322,193,130,202,75,193,162,170,403,468,896,182,298,69,360,317,60,133,357,211,64,232,115,260,304,205,323,113,240
301,228,105,42,289,60,249,90,92,137,231,306,445,153,72,140,182,449,259,32,140,265,174,108,169,69,170,123,145,324,366,704,144,247,66,253,237,38,113,274,186,57,203,103,208,222,171,274,123,168
330,235,114,47,290,63,251,91,89,123,250,322,509,150,140,63,195,525,286,28,150,278,180,120,190,84,178,148,146,320,436,788,158,293,48,262,240,51,144,295,213,57,230,111,220,253,183,308,105,189
371,291,137,67,380,76,342,111,133,145,272,439,680,219,182,195,130,668,367,49,215,372,220,138,235,90,227,163,176,454,527,1027,211,344,87,359,330,73,169,375,249,81,285,155,293,374,241,364,154,243
830,853,357,154,975,192,917,266,319,342,757,1043,1472,628,449,525,668,770,936,118,507,915,520,398,580,236,644,429,397,1177,1394,2472,493,872,215,957,864,158,465,1001,647,179,694,377,682,846,556,947,329,563
481,442,190,92,512,108,475,185,161,218,406,566,953,328,259,286,367,936,259,72,294,469,310,170,324,132,336,234,265,641,750,1462,290,485,122,521,474,112,246,550,359,101,396,215,439,478,328,575,173,347
76,58,21,10,66,14,57,14,14,26,53,68,104,39,32,28,49,118,72,5,26,73,37,27,41,20,44,23,23,80,111,182,34,60,15,66,66,9,33,77,40,15,46,24,48,57,42,64,24,43
332,236,86,47,267,73,258,74,93,105,256,269,491,195,140,150,215,507,294,26,73,298,165,105,155,68,173,117,116,350,392,759,147,283,61,297,279,45,132,309,190,48,201,115,237,240,161,291,108,200
482,453,192,93,483,119,480,179,168,204,426,565,967,322,265,278,372,915,469,73,298,255,321,213,332,118,349,271,288,665,785,1428,293,475,100,559,477,109,259,564,362,112,407,190,404,498,322,559,168,353
394,300,100,66,305,68,318,107,106,128,277,326,520,193,174,180,220,520,310,37,165,321,96,116,204,67,189,140,154,367,443,808,162,279,65,305,309,53,149,317,201,59,218,117,236,262,209,341,114,210
226,154,83,29,224,45,202,54,69,87,191,241,381,130,108,120,138,398,170,27,105,213,116,37,138,52,146,92,100,252,326,553,123,176,49,213,187,31,102,206,124,37,155,71,181,191,134,218,84,147
415,274,126,61,306,70,320,104,110,122,284,386,624,202,169,190,235,580,324,41,155,332,204,138,110,83,219,149,153,405,513,966,193,308,71,351,330,64,168,353,197,75,254,119,275,319,180,363,118,223
160,111,38,27,125,31,119,34,33,58,118,130,248,75,69,84,90,236,132,20,68,118,67,52,83,15,74,66,48,151,194,363,71,110,23,129,107,20,68,135,77,29,111,36,104,99,83,148,46,92
412,283,109,61,329,84,348,94,112,152,321,373,643,193,170,178,227,644,336,44,173,349,189,146,219,74,105,161,141,446,520,961,188,284,74,355,329,57,159,380,205,75,278,128,291,288,209,397,114,242
277,178,92,43,232,49,231,74,64,94,200,258,396,162,123,148,163,429,234,23,117,271,140,92,149,66,161,58,104,287,363,645,112,241,59,205,219,36,128,250,160,37,177,91,182,222,144,289,82,161
288,208,95,51,245,61,230,83,74,119,234,260,421,170,145,146,176,397,265,23,116,288,154,100,153,48,141,104,66,289,398,708,146,206,44,265,216,42,120,252,180,48,194,91,196,226,132,273,85,192
617,561,237,110,680,124,598,211,201,237,540,768,1195,403,324,320,454,1177,641,80,350,665,367,252,405,151,446,287,289,411,957,1805,390,604,171,675,640,101,335,680,435,147,508,232,514,576,400,674,265,420
706,713,263,114,755,166,708,233,244,315,628,878,1440,468,366,436,527,1394,750,111,392,785,443,326,513,194,520,363,398,957,575,2154,406,717,165,791,691,154,377,836,491,170,543,249,580,738,489,788,289,502
1244,1254,546,245,1486,301,1319,422,492,578,1140,1661,2483,896,704,788,1027,2472,1462,182,759,1428,808,553,966,363,961,645,708,1805,2154,1973,746,1327,310,1537,1317,256,703,1474,984,288,1022,568,1083,1333,883,1472,531,916
255,242,96,50,305,48,279,80,97,122,239,323,513,182,144,158,211,493,290,34,147,293,162,123,193,71,188,112,146,390,406,746,69,253,59,285,290,55,165,317,196,55,213,105,229,235,179,247,113,179
518,407,193,68,479,112,459,150,164,199,417,545,822,298,247,293,344,872,485,60,283,475,279,176,308,110,284,241,206,604,717,1327,253,221,99,516,429,79,228,519,306,101,366,192,372,443,302,479,170,317
117,87,38,19,117,21,128,26,48,51,100,130,201,69,66,48,87,215,122,15,61,100,65,49,71,23,74,59,44,171,165,310,59,99,10,105,103,11,62,120,77,32,90,52,108,110,77,139,51,69
493,444,195,97,561,130,473,152,178,229,452,584,981,360,253,262,359,957,521,66,297,559,305,213,351,129,355,205,265,675,791,1537,285,516,105,268,480,86,255,549,353,88,428,208,412,530,346,572,183,337
514,393,184,65,488,108,438,144,148,176,410,562,876,317,237,240,330,864,474,66,279,477,309,187,330,107,329,219,216,640,691,1317,290,429,103,480,197,63,221,534,327,112,372,194,373,452,329,485,176,331
91,75,31,17,98,29,78,24,34,37,87,83,177,60,38,51,73,158,112,9,45,109,53,31,64,20,57,36,42,101,154,256,55,79,11,86,63,1,42,98,53,22,80,45,67,81,52,92,25,59
261,206,108,32,265,51,227,73,94,110,192,295,469,133,113,144,169,465,246,33,132,259,149,102,168,68,159,128,120,335,377,703,165,228,62,255,221,42,52,253,171,53,216,115,188,252,165,263,102,163
449,484,223,87,560,118,529,154,178,230,449,652,993,357,274,295,375,1001,550,77,309,564,317,206,353,135,380,250,252,680,836,1474,317,519,120,549,534,98,253,266,374,118,394,210,441,536,339,535,217,345
321,304,129,43,357,61,332,89,113,138,276,382,619,211,186,213,249,647,359,40,190,362,201,124,197,77,205,160,180,435,491,984,196,306,77,353,327,53,171,374,107,58,280,126,258,313,196,367,130,246
96,100,32,19,102,27,91,35,39,42,77,111,187,64,57,57,81,179,101,15,48,112,59,37,75,29,75,37,48,147,170,288,55,101,32,88,112,22,53,118,58,12,60,39,90,108,76,106,38,66
377,359,174,61,407,72,358,119,119,147,303,465,675,232,203,230,285,694,396,46,201,407,218,155,254,111,278,177,194,508,543,1022,213,366,90,428,372,80,216,394,280,60,148,155,303,362,265,395,125,260
162,166,65,37,166,47,181,55,58,73,144,214,365,115,103,111,155,377,215,24,115,190,117,71,119,36,128,91,91,232,249,568,105,192,52,208,194,45,115,210,126,39,155,28,146,181,127,207,102,133
423,383,152,59,397,87,391,134,138,177,339,460,705,260,208,220,293,682,439,48,237,404,236,181,275,104,291,182,196,514,580,1083,229,372,108,412,373,67,188,441,258,90,303,146,174,389,251,434,138,267
453,393,179,85,492,106,474,136,153,190,358,536,903,304,222,253,374,846,478,57,240,498,262,191,319,99,288,222,226,576,738,1333,235,443,110,530,452,81,252,536,313,108,362,181,389,222,319,501,154,300
344,293,138,53,289,68,318,92,123,120,269,373,559,205,171,183,241,556,328,42,161,322,209,134,180,83,209,144,132,400,489,883,179,302,77,346,329,52,165,339,196,76,265,127,251,319,100,337,128,196
523,484,188,81,495,101,462,162,181,205,391,581,905,323,274,308,364,947,575,64,291,559,341,218,363,148,397,289,273,674,788,1472,247,479,139,572,485,92,263,535,367,106,395,207,434,501,337,253,212,348
174,155,71,23,185,30,181,59,74,69,148,236,330,113,123,105,154,329,173,24,108,168,114,84,118,46,114,82,85,265,289,531,113,170,51,183,176,25,102,217,130,38,125,102,138,154,128,212,44,121
372,269,134,58,337,90,308,107,119,168,326,365,566,240,168,189,243,563,347,43,200,353,210,147,223,92,242,161,192,420,502,916,179,317,69,337,331,59,163,345,246,66,260,133,267,300,196,348,121,110
