282,489,222,84,519,119,501,179,183,245,446,515,828,367,334,399,349,818,541,74,342,551,341,189,375,168,379,278,321,629,701,1230,273,487,102,528,515,86,247,486,316,113,368,188,458,451,345,486,169,359
489,192,173,82,431,104,434,133,116,185,359,467,786,267,216,228,321,818,424,54,239,428,243,176,308,104,286,210,210,529,641,1222,245,397,109,485,397,91,195,488,303,82,322,162,341,392,278,468,164,295
222,173,35,39,194,52,186,62,60,83,180,247,367,129,101,109,146,355,191,22,108,181,116,80,123,54,131,80,107,277,294,585,95,196,54,195,207,36,95,206,113,48,160,75,152,166,114,209,88,138
84,82,39,8,86,19,85,27,26,37,63,99,150,50,48,60,52,132,100,11,45,85,60,37,61,23,53,51,38,108,145,222,39,74,13,95,84,18,51,91,56,20,66,43,62,77,66,98,35,62
519,431,194,86,276,122,455,143,155,197,388,593,942,315,259,290,390,950,523,64,260,503,306,201,323,121,337,249,268,658,778,1405,292,472,101,553,449,88,246,519,359,105,393,207,396,485,313,501,203,345
119,104,52,19,122,12,88,36,38,46,82,128,223,64,60,65,70,202,112,14,74,104,61,37,70,38,77,62,52,151,177,304,56,98,19,137,101,21,55,131,67,20,83,52,77,102,89,119,41,65
501,434,186,85,455,88,240,144,158,215,405,549,892,298,242,261,335,858,504,61,270,470,283,189,285,133,344,236,215,640,777,1377,252,497,96,527,455,91,246,487,335,96,337,206,352,470,296,516,185,336
179,133,62,27,143,36,144,18,45,61,135,156,261,105,80,101,117,239,149,22,90,166,94,63,96,41,105,80,86,168,235,387,77,130,28,171,149,21,72,179,109,30,123,42,127,143,95,160,49,105
183,116,60,26,155,38,158,45,27,77,143,200,330,99,87,93,110,338,170,11,87,156,80,48,102,28,82,71,78,221,267,497,117,156,44,186,157,24,82,159,106,35,150,53,127,149,102,169,73,116
245,185,83,37,197,46,215,61,77,47,170,229,351,142,123,128,131,370,209,26,127,224,136,86,159,56,148,88,106,239,318,564,104,195,47,211,190,31,107,220,125,38,130,88,181,192,123,219,62,133
446,359,180,63,388,82,405,135,143,170,166,490,734,288,248,275,309,764,455,60,256,454,265,167,300,105,308,184,223,529,644,1188,227,424,102,458,388,74,218,459,289,80,307,165,332,407,262,436,156,302
515,467,247,99,593,128,549,156,200,229,490,352,1058,342,295,298,385,1051,542,68,302,547,332,210,383,150,404,277,262,709,863,1651,317,524,126,554,554,92,278,601,358,118,449,229,468,501,367,609,220,382
828,786,367,150,942,223,892,261,330,351,734,1058,835,589,451,504,687,1500,928,123,506,926,541,340,614,242,636,437,440,1150,1405,2564,495,835,198,964,837,166,461,996,588,182,655,328,708,841,546,925,316,628
367,267,129,50,315,64,298,105,99,142,288,342,589,105,169,194,234,577,347,41,169,346,204,118,195,96,227,145,158,394,456,896,168,271,53,336,281,60,168,296,196,61,266,123,241,306,187,376,109,212
334,216,101,48,259,60,242,80,87,123,248,295,451,169,74,139,183,441,260,31,153,251,161,111,164,59,172,100,132,306,440,689,133,257,53,261,251,47,120,263,139,60,212,99,191,235,170,278,107,203
399,228,109,60,290,65,261,101,93,128,275,298,504,194,139,75,182,504,316,36,147,295,185,116,187,60,158,134,150,307,474,763,156,267,56,284,270,48,131,277,186,61,230,100,225,266,199,306,121,208
349,321,146,52,390,70,335,117,110,131,309,385,687,234,183,182,122,668,345,39,211,360,202,158,232,91,237,180,177,477,539,1056,214,319,86,371,348,76,176,402,244,73,297,121,285,357,219,363,138,218
818,818,355,132,950,202,858,239,338,370,764,1051,1500,577,441,504,668,833,880,99,513,939,521,366,610,216,583,407,457,1154,1383,2552,506,812,207,968,810,174,458,1048,611,199,667,345,709,880,595,921,306,630
541,424,191,100,523,112,504,149,170,209,455,542,928,347,260,316,345,880,252,59,268,477,284,206,338,112,296,266,252,656,768,1431,284,460,103,552,470,90,224,565,354,103,380,212,394,519,326,552,179,364
74,54,22,11,64,14,61,22,11,26,60,68,123,41,31,36,39,99,59,4,27,63,37,33,40,12,41,27,41,76,98,199,35,53,16,78,68,6,26,70,38,9,55,22,53,72,52,71,33,37
342,239,108,45,260,74,270,90,87,127,256,302,506,169,153,147,211,513,268,27,70,273,175,113,181,72,180,128,149,321,404,816,179,275,70,294,282,40,125,301,172,49,224,113,248,263,165,295,129,204
551,428,181,85,503,104,470,166,156,224,454,547,926,346,251,295,360,939,477,63,273,250,301,199,349,121,353,259,250,661,742,1399,245,474,115,530,469,91,233,526,384,100,366,208,391,527,311,519,177,353
341,243,116,60,306,61,283,94,80,136,265,332,541,204,161,185,202,521,284,37,175,301,85,118,160,73,186,148,152,358,445,831,165,266,60,306,304,43,167,323,191,56,234,96,210,271,164,322,108,210
189,176,80,37,201,37,189,63,48,86,167,210,340,118,111,116,158,366,206,33,113,199,118,30,154,55,135,84,94,250,293,543,114,201,54,225,188,31,102,213,132,43,170,69,153,181,130,222,80,134
375,308,123,61,323,70,285,96,102,159,300,383,614,195,164,187,232,610,338,40,181,349,160,154,106,84,218,129,157,393,510,919,201,294,99,344,317,57,158,381,224,59,257,120,259,308,195,368,143,231
168,104,54,23,121,38,133,41,28,56,105,150,242,96,59,60,91,216,112,12,72,121,73,55,84,17,82,51,57,148,172,379,54,117,33,152,126,21,56,133,69,28,98,46,95,114,68,144,47,83
379,286,131,53,337,77,344,105,82,148,308,404,636,227,172,158,237,583,296,41,180,353,186,135,218,82,107,150,156,397,513,970,169,315,88,361,329,61,174,362,225,70,269,127,263,333,197,353,123,212
278,210,80,51,249,62,236,80,71,88,184,277,437,145,100,134,180,407,266,27,128,259,148,84,129,51,150,47,119,290,339,669,128,234,50,263,251,37,100,272,157,45,187,95,184,191,150,266,95,154
321,210,107,38,268,52,215,86,78,106,223,262,440,158,132,150,177,457,252,41,149,250,152,94,157,57,156,119,67,324,369,724,154,237,59,259,220,45,126,259,187,59,198,86,189,254,156,261,96,176
629,529,277,108,658,151,640,168,221,239,529,709,1150,394,306,307,477,1154,656,76,321,661,358,250,393,148,397,290,324,409,996,1832,350,586,162,657,590,114,315,752,448,131,504,244,503,643,420,708,248,418
701,641,294,145,778,177,777,235,267,318,644,863,1405,456,440,474,539,1383,768,98,404,742,445,293,510,172,513,339,369,996,580,2247,429,715,173,807,721,123,370,783,530,152,579,303,618,775,515,805,314,548
1230,1222,585,222,1405,304,1377,387,497,564,1188,1651,2564,896,689,763,1056,2552,1431,199,816,1399,831,543,919,379,970,669,724,1832,2247,2038,764,1333,334,1606,1299,232,716,1520,962,294,1038,515,1112,1338,889,1476,512,917
273,245,95,39,292,56,252,77,117,104,227,317,495,168,133,156,214,506,284,35,179,245,165,114,201,54,169,128,154,350,429,764,76,247,62,314,272,63,132,295,193,61,215,112,207,256,171,284,100,199
487,397,196,74,472,98,497,130,156,195,424,524,835,271,257,267,319,812,460,53,275,474,266,201,294,117,315,234,237,586,715,1333,247,211,108,519,451,83,249,528,316,96,368,181,361,453,321,511,178,329
102,109,54,13,101,19,96,28,44,47,102,126,198,53,53,56,86,207,103,16,70,115,60,54,99,33,88,50,59,162,173,334,62,108,11,109,99,22,61,122,76,19,94,37,88,121,73,123,36,70
528,485,195,95,553,137,527,171,186,211,458,554,964,336,261,284,371,968,552,78,294,530,306,225,344,152,361,263,259,657,807,1606,314,519,109,267,531,89,268,603,351,99,440,211,435,466,335,573,203,313
515,397,207,84,449,101,455,149,157,190,388,554,837,281,251,270,348,810,470,68,282,469,304,188,317,126,329,251,220,590,721,1299,272,451,99,531,219,81,218,490,339,112,337,162,377,427,287,506,180,355
86,91,36,18,88,21,91,21,24,31,74,92,166,60,47,48,76,174,90,6,40,91,43,31,57,21,61,37,45,114,123,232,63,83,22,89,81,3,46,109,67,12,65,27,75,85,46,82,28,58
247,195,95,51,246,55,246,72,82,107,218,278,461,168,120,131,176,458,224,26,125,233,167,102,158,56,174,100,126,315,370,716,132,249,61,268,218,46,49,272,157,58,199,100,195,234,176,258,99,160
486,488,206,91,519,131,487,179,159,220,459,601,996,296,263,277,402,1048,565,70,301,526,323,213,381,133,362,272,259,752,783,1520,295,528,122,603,490,109,272,298,351,113,449,217,409,543,344,555,204,351
316,303,113,56,359,67,335,109,106,125,289,358,588,196,139,186,244,611,354,38,172,384,191,132,224,69,225,157,187,448,530,962,193,316,76,351,339,67,157,351,115,68,271,105,265,324,222,369,120,221
113,82,48,20,105,20,96,30,35,38,80,118,182,61,60,61,73,199,103,9,49,100,56,43,59,28,70,45,59,131,152,294,61,96,19,99,112,12,58,113,68,7,77,49,73,101,58,107,39,69
368,322,160,66,393,83,337,123,150,130,307,449,655,266,212,230,297,667,380,55,224,366,234,170,257,98,269,187,198,504,579,1038,215,368,94,440,337,65,199,449,271,77,132,143,329,381,232,431,150,257
188,162,75,43,207,52,206,42,53,88,165,229,328,123,99,100,121,345,212,22,113,208,96,69,120,46,127,95,86,244,303,515,112,181,37,211,162,27,100,217,105,49,143,33,150,196,105,215,59,131
458,341,152,62,396,77,352,127,127,181,332,468,708,241,191,225,285,709,394,53,248,391,210,153,259,95,263,184,189,503,618,1112,207,361,88,435,377,75,195,409,265,73,329,150,145,361,234,426,151,296
451,392,166,77,485,102,470,143,149,192,407,501,841,306,235,266,357,880,519,72,263,527,271,181,308,114,333,191,254,643,775,1338,256,453,121,466,427,85,234,543,324,101,381,196,361,226,292,534,192,335
345,278,114,66,313,89,296,95,102,123,262,367,546,187,170,199,219,595,326,52,165,311,164,130,195,68,197,150,156,420,515,889,171,321,73,335,287,46,176,344,222,58,232,105,234,292,112,368,107,221
486,468,209,98,501,119,516,160,169,219,436,609,925,376,278,306,363,921,552,71,295,519,322,222,368,144,353,266,261,708,805,1476,284,511,123,573,506,82,258,555,369,107,431,215,426,534,368,271,197,354
169,164,88,35,203,41,185,49,73,62,156,220,316,109,107,121,138,306,179,33,129,177,108,80,143,47,123,95,96,248,314,512,100,178,36,203,180,28,99,204,120,39,150,59,151,192,107,197,27,126
359,295,138,62,345,65,336,105,116,133,302,382,628,212,203,208,218,630,364,37,204,353,210,134,231,83,212,154,176,418,548,917,199,329,70,313,355,58,160,351,221,69,257,131,296,335,221,354,126,111
