283,444,200,91,483,110,469,163,159,252,449,549,847,362,315,333,370,774,536,60,319,529,357,215,372,160,381,274,306,616,675,1150,248,441,116,512,460,103,246,472,297,120,364,189,404,420,308,491,184,390
444,202,168,72,439,99,409,135,146,178,375,458,781,283,219,259,333,802,429,63,223,463,274,172,271,99,278,215,232,567,665,1190,231,436,91,460,406,74,191,460,284,91,323,182,342,411,259,406,155,269
200,168,45,37,217,48,199,61,75,93,184,225,371,138,104,112,162,367,216,27,116,207,111,83,134,52,135,88,106,252,318,539,109,177,40,200,185,25,100,232,142,51,157,71,175,174,122,182,83,143
91,72,37,4,78,14,77,31,24,35,81,87,144,61,39,51,59,151,88,12,64,86,59,28,55,19,52,61,42,105,134,221,55,79,16,106,73,15,44,89,50,27,66,28,73,88,56,78,27,65
483,439,217,78,250,120,488,136,173,202,439,569,894,311,274,300,342,931,531,71,314,521,321,191,349,140,358,242,223,618,793,1434,287,483,124,542,460,99,225,588,337,111,373,187,416,469,312,504,187,348
110,99,48,14,120,13,102,49,39,40,87,112,181,80,48,58,73,184,106,11,67,108,77,50,68,24,74,60,55,132,143,283,55,111,23,120,102,19,63,110,57,27,76,37,91,90,73,101,26,100
469,409,199,77,488,102,205,139,158,182,378,529,824,319,232,251,342,867,471,54,283,462,266,198,321,125,335,233,260,587,701,1319,246,444,118,523,405,98,222,504,293,113,360,190,375,475,332,480,169,310
163,135,61,31,136,49,139,16,32,72,147,168,265,91,90,88,98,284,139,28,68,149,88,58,92,34,100,71,77,196,234,423,61,130,28,152,146,32,69,162,101,19,133,57,116,140,80,159,54,114
159,146,75,24,173,39,158,32,28,74,145,197,295,98,93,89,116,286,176,16,94,166,97,63,112,38,113,69,80,210,261,437,76,167,33,163,156,29,74,177,110,43,119,50,144,133,107,171,64,118
252,178,93,35,202,40,182,72,74,51,186,226,368,145,112,122,166,411,215,35,134,230,150,76,140,46,156,87,113,281,323,569,127,183,48,243,196,31,113,240,118,38,149,87,163,173,150,238,83,153
449,375,184,81,439,87,378,147,145,186,201,479,755,259,253,260,341,731,435,66,265,452,284,154,324,99,282,205,216,564,614,1090,238,402,98,446,392,72,204,463,257,73,306,141,316,356,270,395,162,300
549,458,225,87,569,112,529,168,197,226,479,303,1017,388,289,314,400,987,574,59,300,583,318,225,381,128,376,244,300,733,839,1525,287,533,122,618,526,84,289,581,366,110,451,218,464,546,376,560,195,347
847,781,371,144,894,181,824,265,295,368,755,1017,776,631,481,546,671,1386,917,107,474,907,541,355,614,211,616,402,466,1134,1249,2382,441,818,200,1016,856,146,443,906,614,185,678,347,766,806,559,916,323,624
362,283,138,61,311,80,319,91,98,145,259,388,631,109,185,184,251,618,311,45,199,344,188,115,216,76,247,152,158,411,477,886,189,279,74,321,310,57,165,341,208,73,247,128,245,287,205,360,119,213
315,219,104,39,274,48,232,90,93,112,253,289,481,185,56,117,209,490,288,29,144,283,141,114,170,65,216,142,141,318,395,735,115,267,58,260,215,40,125,275,169,50,211,88,218,242,155,300,104,184
333,259,112,51,300,58,251,88,89,122,260,314,546,184,117,63,216,575,308,39,143,292,170,116,191,74,219,159,149,343,438,859,149,263,62,298,250,51,145,312,185,66,231,113,244,278,179,320,106,209
370,333,162,59,342,73,342,98,116,166,341,400,671,251,209,216,125,668,340,47,224,361,241,164,264,102,256,174,191,438,528,1023,185,305,72,380,350,63,182,371,254,71,282,117,309,341,225,380,134,272
774,802,367,151,931,184,867,284,286,411,731,987,1386,618,490,575,668,758,890,114,469,874,482,379,619,228,612,411,449,1099,1243,2365,430,822,202,968,829,147,446,967,586,186,739,353,784,802,529,959,300,617
536,429,216,88,531,106,471,139,176,215,435,574,917,311,288,308,340,890,233,60,265,485,293,176,324,122,339,226,273,629,768,1484,269,420,115,525,460,91,246,516,324,104,386,183,396,435,297,552,189,350
60,63,27,12,71,11,54,28,16,35,66,59,107,45,29,39,47,114,60,3,31,73,33,27,44,17,40,31,21,84,112,180,32,60,19,69,65,10,37,80,36,12,40,23,54,51,46,69,24,42
319,223,116,64,314,67,283,68,94,134,265,300,474,199,144,143,224,469,265,31,66,300,200,122,174,74,198,111,159,379,428,770,168,256,64,286,273,42,138,289,179,59,233,105,239,254,171,301,99,191
529,463,207,86,521,108,462,149,166,230,452,583,907,344,283,292,361,874,485,73,300,235,299,193,343,133,366,246,273,680,748,1441,279,459,116,544,486,94,274,536,297,97,388,182,388,457,348,552,209,361
357,274,111,59,321,77,266,88,97,150,284,318,541,188,141,170,241,482,293,33,200,299,79,124,201,71,202,134,157,372,464,798,152,295,54,306,279,37,127,331,189,53,231,110,219,331,186,353,91,214
215,172,83,28,191,50,198,58,63,76,154,225,355,115,114,116,164,379,176,27,122,193,124,27,141,48,118,73,96,258,318,536,105,180,33,218,174,34,86,202,117,46,152,92,149,204,123,196,83,123
372,271,134,55,349,68,321,92,112,140,324,381,614,216,170,191,264,619,324,44,174,343,201,141,109,71,215,148,178,426,492,924,176,330,80,337,319,46,154,351,210,76,257,116,244,300,188,331,136,225
160,99,52,19,140,24,125,34,38,46,99,128,211,76,65,74,102,228,122,17,74,133,71,48,71,18,74,48,55,173,184,390,70,109,32,130,130,17,66,147,92,23,99,54,123,111,88,132,49,85
381,278,135,52,358,74,335,100,113,156,282,376,616,247,216,219,256,612,339,40,198,366,202,118,215,74,124,140,164,426,511,1002,182,300,70,373,352,60,156,358,221,62,278,106,276,298,233,346,153,211
274,215,88,61,242,60,233,71,69,87,205,244,402,152,142,159,174,411,226,31,111,246,134,73,148,48,140,54,129,282,346,687,132,241,65,237,209,30,115,251,156,42,182,88,179,238,140,253,85,165
306,232,106,42,223,55,260,77,80,113,216,300,466,158,141,149,191,449,273,21,159,273,157,96,178,55,164,129,62,317,401,704,145,236,61,268,244,40,117,290,180,53,212,88,207,230,152,288,104,178
616,567,252,105,618,132,587,196,210,281,564,733,1134,411,318,343,438,1099,629,84,379,680,372,258,426,173,426,282,317,369,926,1741,335,583,172,670,584,105,291,679,397,127,489,225,504,537,377,659,228,448
675,665,318,134,793,143,701,234,261,323,614,839,1249,477,395,438,528,1243,768,112,428,748,464,318,492,184,511,346,401,926,582,2031,400,671,167,729,700,125,374,761,516,158,556,272,577,656,506,738,270,547
1150,1190,539,221,1434,283,1319,423,437,569,1090,1525,2382,886,735,859,1023,2365,1484,180,770,1441,798,536,924,390,1002,687,704,1741,2031,1897,709,1273,337,1482,1253,258,679,1413,949,281,1011,509,1122,1197,860,1369,477,932
248,231,109,55,287,55,246,61,76,127,238,287,441,189,115,149,185,430,269,32,168,279,152,105,176,70,182,132,145,335,400,709,55,272,70,276,290,41,114,295,188,47,186,80,211,218,157,271,92,181
441,436,177,79,483,111,444,130,167,183,402,533,818,279,267,263,305,822,420,60,256,459,295,180,330,109,300,241,236,583,671,1273,272,221,98,473,418,81,224,464,290,97,341,164,392,433,316,487,173,321
116,91,40,16,124,23,118,28,33,48,98,122,200,74,58,62,72,202,115,19,64,116,54,33,80,32,70,65,61,172,167,337,70,98,11,113,99,23,53,127,69,15,77,42,85,119,70,126,37,83
512,460,200,106,542,120,523,152,163,243,446,618,1016,321,260,298,380,968,525,69,286,544,306,218,337,130,373,237,268,670,729,1482,276,473,113,270,494,92,284,565,324,116,400,184,394,495,346,552,194,353
460,406,185,73,460,102,405,146,156,196,392,526,856,310,215,250,350,829,460,65,273,486,279,174,319,130,352,209,244,584,700,1253,290,418,99,494,212,90,243,527,297,104,389,161,373,422,303,445,161,300
103,74,25,15,99,19,98,32,29,31,72,84,146,57,40,51,63,147,91,10,42,94,37,34,46,17,60,30,40,105,125,258,41,81,23,92,90,9,46,87,62,19,68,33,68,78,46,95,28,72
246,191,100,44,225,63,222,69,74,113,204,289,443,165,125,145,182,446,246,37,138,274,127,86,154,66,156,115,117,291,374,679,114,224,53,284,243,46,55,277,203,40,174,98,199,229,155,253,100,188
472,460,232,89,588,110,504,162,177,240,463,581,906,341,275,312,371,967,516,80,289,536,331,202,351,147,358,251,290,679,761,1413,295,464,127,565,527,87,277,295,306,101,390,206,456,491,320,496,207,370
297,284,142,50,337,57,293,101,110,118,257,366,614,208,169,185,254,586,324,36,179,297,189,117,210,92,221,156,180,397,516,949,188,290,69,324,297,62,203,306,86,60,237,141,255,308,202,313,148,256
120,91,51,27,111,27,113,19,43,38,73,110,185,73,50,66,71,186,104,12,59,97,53,46,76,23,62,42,53,127,158,281,47,97,15,116,104,19,40,101,60,10,95,38,69,96,57,128,31,69
364,323,157,66,373,76,360,133,119,149,306,451,678,247,211,231,282,739,386,40,233,388,231,152,257,99,278,182,212,489,556,1011,186,341,77,400,389,68,174,390,237,95,126,146,329,344,224,432,132,284
189,182,71,28,187,37,190,57,50,87,141,218,347,128,88,113,117,353,183,23,105,182,110,92,116,54,106,88,88,225,272,509,80,164,42,184,161,33,98,206,141,38,146,31,151,183,108,194,65,122
404,342,175,73,416,91,375,116,144,163,316,464,766,245,218,244,309,784,396,54,239,388,219,149,244,123,276,179,207,504,577,1122,211,392,85,394,373,68,199,456,255,69,329,151,137,374,249,429,140,256
420,411,174,88,469,90,475,140,133,173,356,546,806,287,242,278,341,802,435,51,254,457,331,204,300,111,298,238,230,537,656,1197,218,433,119,495,422,78,229,491,308,96,344,183,374,186,310,466,177,303
308,259,122,56,312,73,332,80,107,150,270,376,559,205,155,179,225,529,297,46,171,348,186,123,188,88,233,140,152,377,506,860,157,316,70,346,303,46,155,320,202,57,224,108,249,310,83,316,116,203
491,406,182,78,504,101,480,159,171,238,395,560,916,360,300,320,380,959,552,69,301,552,353,196,331,132,346,253,288,659,738,1369,271,487,126,552,445,95,253,496,313,128,432,194,429,466,316,276,185,364
184,155,83,27,187,26,169,54,64,83,162,195,323,119,104,106,134,300,189,24,99,209,91,83,136,49,153,85,104,228,270,477,92,173,37,194,161,28,100,207,148,31,132,65,140,177,116,185,34,126
390,269,143,65,348,100,310,114,118,153,300,347,624,213,184,209,272,617,350,42,191,361,214,123,225,85,211,165,178,448,547,932,181,321,83,353,300,72,188,370,256,69,284,122,256,303,203,364,126,121
