279,450,198,97,513,105,493,187,165,261,409,477,828,385,308,352,352,802,500,78,306,530,393,232,368,139,390,301,294,654,687,1200,242,482,92,532,504,89,233,491,320,128,380,197,436,396,310,497,160,371
450,185,154,68,434,107,465,128,154,181,368,498,811,285,210,243,308,782,419,59,242,456,254,167,254,112,282,192,227,587,677,1229,264,382,87,436,425,83,210,454,278,85,350,157,339,421,251,484,159,283
198,154,29,29,229,47,195,80,70,82,177,226,345,154,105,113,158,368,220,20,113,198,107,69,122,48,134,87,111,268,302,586,135,192,43,181,193,36,117,233,122,42,162,74,174,198,125,217,74,138
97,68,29,6,84,18,72,33,37,37,63,106,130,58,51,47,53,137,77,11,44,77,51,41,60,27,48,55,53,120,121,224,41,101,14,108,90,15,39,85,60,12,72,37,72,67,55,61,31,56
513,434,229,84,254,118,499,171,149,212,417,594,960,342,274,278,380,950,504,68,287,509,316,213,363,110,319,251,259,613,807,1423,290,482,123,515,467,84,298,544,342,97,393,176,433,464,325,541,193,352
105,107,47,18,118,11,101,31,49,48,86,129,182,92,67,65,87,184,114,13,56,112,74,56,72,30,78,51,61,154,165,297,59,111,22,134,115,24,56,104,71,18,83,41,102,101,77,91,45,67
493,465,195,72,499,101,239,128,169,218,403,547,829,327,276,264,361,844,477,56,256,479,278,218,320,131,337,229,217,609,732,1340,272,444,112,521,446,83,222,518,301,84,387,167,389,487,313,517,193,314
187,128,80,33,171,31,128,22,56,66,139,174,279,99,86,97,103,277,154,27,82,149,102,63,118,31,99,82,67,225,248,440,84,149,36,165,150,30,72,177,91,40,118,49,114,152,107,159,67,101
165,154,70,37,149,49,169,56,22,69,143,186,323,105,97,78,124,318,166,14,78,151,95,78,117,35,98,63,77,210,222,489,87,166,34,176,153,23,95,169,96,42,137,56,126,143,106,175,55,98
261,181,82,37,212,48,218,66,69,39,156,229,383,134,128,130,156,401,205,28,111,216,124,78,164,46,137,99,115,252,326,561,124,199,58,223,195,33,117,220,122,41,139,76,172,195,139,216,80,142
409,368,177,63,417,86,403,139,143,156,177,492,816,283,248,258,307,793,414,46,231,430,271,166,323,107,299,204,215,517,622,1127,251,388,113,437,404,68,238,440,260,90,312,159,354,396,291,423,172,271
477,498,226,106,594,129,547,174,186,229,492,320,1017,403,329,329,348,1074,578,75,293,595,351,271,400,132,385,280,283,718,865,1536,305,522,124,565,543,93,234,625,390,129,401,225,510,506,402,602,207,370
828,811,345,130,960,182,829,279,323,383,816,1017,786,585,485,532,653,1451,993,114,510,982,529,371,575,244,653,431,449,1189,1373,2411,498,805,212,968,795,155,433,966,592,200,638,341,733,862,569,917,313,635
385,285,154,58,342,92,327,99,105,134,283,403,585,92,189,187,255,575,325,36,179,344,173,145,205,89,212,129,176,385,483,954,170,338,78,343,309,54,186,357,204,74,275,106,248,310,174,369,109,221
308,210,105,51,274,67,276,86,97,128,248,329,485,189,80,146,193,486,260,36,140,258,151,115,165,67,162,117,135,304,380,746,145,261,67,241,240,43,137,279,161,48,215,86,201,215,170,296,109,189
352,243,113,47,278,65,264,97,78,130,258,329,532,187,146,74,224,524,278,46,154,277,155,128,191,63,177,140,146,347,412,830,165,244,77,288,228,60,157,295,173,58,225,95,218,227,179,317,121,204
352,308,158,53,380,87,361,103,124,156,307,348,653,255,193,224,138,664,369,43,179,387,223,168,243,100,271,188,191,501,543,990,214,339,77,390,345,60,160,386,223,76,270,147,313,345,226,393,130,239
802,782,368,137,950,184,844,277,318,401,793,1074,1451,575,486,524,664,763,957,110,508,988,522,332,524,228,621,439,455,1141,1396,2427,487,887,211,978,830,143,451,954,576,190,669,312,689,870,554,903,343,621
500,419,220,77,504,114,477,154,166,205,414,578,993,325,260,278,369,957,239,70,257,475,322,208,335,128,335,234,264,639,749,1471,296,472,120,548,480,69,256,531,304,94,390,199,434,477,323,537,220,315
78,59,20,11,68,13,56,27,14,28,46,75,114,36,36,46,43,110,70,2,23,65,37,22,40,15,33,27,36,67,91,190,33,57,14,65,54,5,33,63,37,11,47,28,49,53,38,60,19,45
306,242,113,44,287,56,256,82,78,111,231,293,510,179,140,154,179,508,257,23,65,279,172,110,194,72,175,110,154,303,396,759,164,265,72,274,281,40,133,299,196,71,223,106,244,246,172,287,110,187
530,456,198,77,509,112,479,149,151,216,430,595,982,344,258,277,387,988,475,65,279,265,285,207,367,133,330,226,262,683,739,1462,284,484,127,552,491,85,252,542,322,108,397,207,444,454,317,507,201,353
393,254,107,51,316,74,278,102,95,124,271,351,529,173,151,155,223,522,322,37,172,285,80,115,187,83,196,126,146,357,432,822,178,280,73,311,265,46,154,320,186,64,237,105,230,293,176,325,112,212
232,167,69,41,213,56,218,63,78,78,166,271,371,145,115,128,168,332,208,22,110,207,115,32,144,50,103,92,101,238,279,536,108,203,46,218,203,35,104,213,106,47,163,71,158,193,136,215,78,129
368,254,122,60,363,72,320,118,117,164,323,400,575,205,165,191,243,524,335,40,194,367,187,144,108,77,193,140,168,389,535,944,204,305,84,306,318,52,160,361,214,67,262,130,237,340,208,335,126,234
139,112,48,27,110,30,131,31,35,46,107,132,244,89,67,63,100,228,128,15,72,133,83,50,77,14,77,45,61,167,170,389,79,124,37,120,119,15,75,114,73,26,103,37,97,122,67,151,51,76
390,282,134,48,319,78,337,99,98,137,299,385,653,212,162,177,271,621,335,33,175,330,196,103,193,77,106,129,148,421,493,960,204,308,92,343,318,53,183,352,219,71,276,129,262,336,192,379,125,231
301,192,87,55,251,51,229,82,63,99,204,280,431,129,117,140,188,439,234,27,110,226,126,92,140,45,129,60,99,291,361,650,114,245,47,230,263,37,125,238,135,41,200,90,167,216,141,239,86,164
294,227,111,53,259,61,217,67,77,115,215,283,449,176,135,146,191,455,264,36,154,262,146,101,168,61,148,99,56,320,396,711,135,242,58,260,255,44,120,276,172,46,197,88,212,250,149,287,80,184
654,587,268,120,613,154,609,225,210,252,517,718,1189,385,304,347,501,1141,639,67,303,683,357,238,389,167,421,291,320,372,957,1795,375,598,148,684,612,101,322,668,377,135,469,198,487,561,381,665,233,452
687,677,302,121,807,165,732,248,222,326,622,865,1373,483,380,412,543,1396,749,91,396,739,432,279,535,170,493,361,396,957,596,2164,414,694,171,810,708,126,387,781,518,179,555,266,604,684,451,762,254,534
1200,1229,586,224,1423,297,1340,440,489,561,1127,1536,2411,954,746,830,990,2427,1471,190,759,1462,822,536,944,389,960,650,711,1795,2164,1936,681,1308,314,1495,1306,229,674,1530,941,285,989,524,1118,1289,909,1428,463,935
242,264,135,41,290,59,272,84,87,124,251,305,498,170,145,165,214,487,296,33,164,284,178,108,204,79,204,114,135,375,414,681,68,255,55,262,252,47,153,303,184,64,190,108,220,250,187,278,85,205
482,382,192,101,482,111,444,149,166,199,388,522,805,338,261,244,339,887,472,57,265,484,280,203,305,124,308,245,242,598,694,1308,255,258,106,497,475,83,237,503,326,90,372,162,386,387,281,459,170,285
92,87,43,14,123,22,112,36,34,58,113,124,212,78,67,77,77,211,120,14,72,127,73,46,84,37,92,47,58,148,171,314,55,106,9,120,116,17,42,125,58,18,99,54,101,104,72,124,42,68
532,436,181,108,515,134,521,165,176,223,437,565,968,343,241,288,390,978,548,65,274,552,311,218,306,120,343,230,260,684,810,1495,262,497,120,279,506,93,255,559,360,112,417,198,422,500,295,531,210,345
504,425,193,90,467,115,446,150,153,195,404,543,795,309,240,228,345,830,480,54,281,491,265,203,318,119,318,263,255,612,708,1306,252,475,116,506,230,90,240,497,314,76,351,178,389,423,282,485,173,332
89,83,36,15,84,24,83,30,23,33,68,93,155,54,43,60,60,143,69,5,40,85,46,35,52,15,53,37,44,101,126,229,47,83,17,93,90,3,44,102,46,20,71,38,70,81,46,92,31,71
233,210,117,39,298,56,222,72,95,117,238,234,433,186,137,157,160,451,256,33,133,252,154,104,160,75,183,125,120,322,387,674,153,237,42,255,240,44,59,284,170,50,183,91,208,244,161,281,85,166
491,454,233,85,544,104,518,177,169,220,440,625,966,357,279,295,386,954,531,63,299,542,320,213,361,114,352,238,276,668,781,1530,303,503,125,559,497,102,284,278,351,89,408,201,441,507,337,566,203,330
320,278,122,60,342,71,301,91,96,122,260,390,592,204,161,173,223,576,304,37,196,322,186,106,214,73,219,135,172,377,518,941,184,326,58,360,314,46,170,351,86,75,225,140,258,300,210,325,118,219
128,85,42,12,97,18,84,40,42,41,90,129,200,74,48,58,76,190,94,11,71,108,64,47,67,26,71,41,46,135,179,285,64,90,18,112,76,20,50,89,75,11,98,44,72,101,65,112,42,76
380,350,162,72,393,83,387,118,137,139,312,401,638,275,215,225,270,669,390,47,223,397,237,163,262,103,276,200,197,469,555,989,190,372,99,417,351,71,183,408,225,98,122,154,318,336,256,385,148,270
197,157,74,37,176,41,167,49,56,76,159,225,341,106,86,95,147,312,199,28,106,207,105,71,130,37,129,90,88,198,266,524,108,162,54,198,178,38,91,201,140,44,154,21,163,190,115,185,75,127
436,339,174,72,433,102,389,114,126,172,354,510,733,248,201,218,313,689,434,49,244,444,230,158,237,97,262,167,212,487,604,1118,220,386,101,422,389,70,208,441,258,72,318,163,165,386,242,401,144,257
396,421,198,67,464,101,487,152,143,195,396,506,862,310,215,227,345,870,477,53,246,454,293,193,340,122,336,216,250,561,684,1289,250,387,104,500,423,81,244,507,300,101,336,190,386,201,288,467,182,331
310,251,125,55,325,77,313,107,106,139,291,402,569,174,170,179,226,554,323,38,172,317,176,136,208,67,192,141,149,381,451,909,187,281,72,295,282,46,161,337,210,65,256,115,242,288,88,348,129,237
497,484,217,61,541,91,517,159,175,216,423,602,917,369,296,317,393,903,537,60,287,507,325,215,335,151,379,239,287,665,762,1428,278,459,124,531,485,92,281,566,325,112,385,185,401,467,348,252,194,368
160,159,74,31,193,45,193,67,55,80,172,207,313,109,109,121,130,343,220,19,110,201,112,78,126,51,125,86,80,233,254,463,85,170,42,210,173,31,85,203,118,42,148,75,144,182,129,194,35,120
371,283,138,56,352,67,314,101,98,142,271,370,635,221,189,204,239,621,315,45,187,353,212,129,234,76,231,164,184,452,534,935,205,285,68,345,332,71,166,330,219,76,270,127,257,331,237,368,120,122
