254,479,188,97,482,112,450,175,151,238,457,514,827,374,323,328,355,801,530,63,322,490,327,220,380,165,408,307,287,616,707,1203,256,493,120,501,500,84,243,466,309,102,381,197,446,430,318,499,186,388
479,170,166,75,439,97,418,113,141,178,367,460,719,281,198,245,297,774,441,66,258,503,271,168,278,116,277,185,210,531,655,1172,249,383,87,419,417,80,216,472,290,86,333,166,340,421,266,445,144,309
188,166,42,33,216,42,193,71,71,96,175,222,367,113,90,118,146,371,207,16,113,206,113,85,133,43,124,95,107,222,337,588,124,205,45,210,185,33,106,216,133,49,144,64,157,184,118,228,73,146
97,75,33,7,95,19,88,34,27,32,71,84,170,58,44,40,63,167,97,10,46,102,52,33,52,16,58,43,47,118,133,208,45,83,23,89,85,13,60,77,61,21,51,28,70,81,52,76,36,58
482,439,216,95,238,126,523,172,160,198,421,563,904,358,261,318,361,939,509,51,317,547,306,189,348,116,349,254,261,648,788,1414,297,505,139,554,498,82,249,532,343,126,410,201,404,509,332,548,211,346
112,97,42,19,126,8,114,43,43,39,85,130,184,64,61,62,68,179,99,15,57,127,70,41,78,26,79,53,54,150,163,287,47,99,24,116,114,16,74,105,70,27,73,35,101,106,73,117,41,78
450,418,193,88,523,114,246,152,153,203,411,520,895,317,248,264,357,857,533,77,283,553,313,205,297,121,337,214,248,627,713,1279,285,480,101,498,442,84,259,519,345,90,364,180,399,463,297,504,180,349
175,113,71,34,172,43,152,29,47,60,133,145,269,108,82,76,106,267,150,28,91,155,106,53,104,41,109,64,80,163,198,420,80,140,31,146,162,17,81,165,84,28,123,60,115,142,110,151,64,116
151,141,71,27,160,43,153,47,31,68,156,209,285,96,91,81,112,305,169,22,102,157,115,72,108,43,112,80,90,232,238,469,94,157,42,148,170,22,79,191,98,34,128,69,130,164,109,172,76,112
238,178,96,32,198,39,203,60,68,35,153,221,365,131,114,127,164,374,239,26,103,234,132,78,141,46,141,107,118,255,324,546,107,190,48,220,182,37,101,244,141,32,152,84,168,169,129,214,72,150
457,367,175,71,421,85,411,133,156,153,168,458,789,272,220,249,321,758,473,43,250,471,274,177,296,107,309,217,215,557,670,1168,216,393,95,451,385,62,200,472,287,77,342,151,333,370,260,463,158,280
514,460,222,84,563,130,520,145,209,221,458,359,1004,339,307,298,399,977,575,57,308,595,329,209,374,138,356,250,269,706,814,1584,320,500,125,564,487,97,290,579,373,112,410,220,432,509,350,584,229,379
827,719,367,170,904,184,895,269,285,365,789,1004,804,620,468,533,688,1466,952,122,508,962,533,358,570,242,611,409,480,1058,1363,2502,448,861,178,1006,860,173,446,990,589,187,700,345,700,832,582,939,323,606
374,281,113,58,358,64,317,108,96,131,272,339,620,102,174,187,233,592,361,36,178,346,192,132,200,85,231,139,179,407,517,937,182,296,87,342,296,59,165,325,207,63,236,124,272,323,224,350,136,247
323,198,90,44,261,61,248,82,91,114,220,307,468,174,60,117,191,479,238,38,139,237,162,109,171,65,172,116,137,314,362,739,142,239,57,283,244,48,135,245,182,54,196,86,209,250,172,262,96,199
328,245,118,40,318,62,264,76,81,127,249,298,533,187,117,70,193,531,271,45,150,269,147,113,165,78,187,128,133,365,405,809,149,267,53,288,269,43,138,293,190,53,211,102,212,276,169,272,82,228
355,297,146,63,361,68,357,106,112,164,321,399,688,233,191,193,107,628,385,47,224,375,192,139,230,104,287,176,183,455,534,1023,190,330,97,371,344,55,162,351,244,84,283,137,297,362,239,373,123,240
801,774,371,167,939,179,857,267,305,374,758,977,1466,592,479,531,628,800,896,117,523,921,515,368,592,227,615,450,464,1088,1330,2488,496,800,189,992,824,173,424,1002,621,189,732,334,708,834,589,903,323,579
530,441,207,97,509,99,533,150,169,239,473,575,952,361,238,271,385,896,262,70,319,507,315,215,378,120,364,234,282,637,828,1422,293,434,111,524,524,82,251,545,316,101,403,205,444,488,302,517,201,369
63,66,16,10,51,15,77,28,22,26,43,57,122,36,38,45,47,117,70,1,40,83,27,22,33,10,37,26,30,85,111,177,32,61,14,60,57,8,24,77,52,18,52,30,57,62,39,79,26,37
322,258,113,46,317,57,283,91,102,103,250,308,508,178,139,150,224,523,319,40,79,338,164,120,180,58,187,128,142,361,409,820,166,272,76,264,267,31,154,322,176,73,231,115,236,264,180,292,93,197
490,503,206,102,547,127,553,155,157,234,471,595,962,346,237,269,375,921,507,83,338,283,300,238,311,120,364,241,274,645,804,1465,283,457,124,557,518,92,251,558,344,100,412,206,407,493,335,554,184,362
327,271,113,52,306,70,313,106,115,132,274,329,533,192,162,147,192,515,315,27,164,300,86,133,181,76,186,128,149,373,430,809,154,291,59,303,266,55,146,316,186,66,243,114,224,283,210,288,109,197
220,168,85,33,189,41,205,53,72,78,177,209,358,132,109,113,139,368,215,22,120,238,133,39,138,54,136,79,98,248,308,554,108,178,45,201,183,35,98,203,128,47,140,73,164,170,136,204,70,128
380,278,133,52,348,78,297,104,108,141,296,374,570,200,171,165,230,592,378,33,180,311,181,138,115,84,223,157,157,383,506,937,161,282,79,326,267,52,162,323,207,60,239,111,254,291,195,320,123,216
165,116,43,16,116,26,121,41,43,46,107,138,242,85,65,78,104,227,120,10,58,120,76,54,84,11,72,60,54,154,185,382,79,107,31,114,114,26,60,122,85,22,106,52,97,129,86,134,53,94
408,277,124,58,349,79,337,109,112,141,309,356,611,231,172,187,287,615,364,37,187,364,186,136,223,72,113,163,166,420,508,986,187,303,88,297,291,66,177,351,215,63,278,113,257,322,229,350,116,242
307,185,95,43,254,53,214,64,80,107,217,250,409,139,116,128,176,450,234,26,128,241,128,79,157,60,163,46,111,273,341,680,117,251,60,247,213,47,119,239,146,41,186,84,175,235,133,235,89,167
287,210,107,47,261,54,248,80,90,118,215,269,480,179,137,133,183,464,282,30,142,274,149,98,157,54,166,111,59,314,385,751,131,233,71,266,216,44,130,265,157,43,214,98,208,239,173,282,95,164
616,531,222,118,648,150,627,163,232,255,557,706,1058,407,314,365,455,1088,637,85,361,645,373,248,383,154,420,273,314,360,989,1860,347,654,137,655,646,107,307,691,447,126,495,229,508,616,357,679,240,424
707,655,337,133,788,163,713,198,238,324,670,814,1363,517,362,405,534,1330,828,111,409,804,430,308,506,185,508,341,385,989,560,2155,417,706,172,830,719,125,356,793,492,158,611,291,607,738,486,788,278,490
1203,1172,588,208,1414,287,1279,420,469,546,1168,1584,2502,937,739,809,1023,2488,1422,177,820,1465,809,554,937,382,986,680,751,1860,2155,1944,714,1293,325,1526,1333,268,722,1514,894,291,1075,504,1114,1318,886,1441,501,938
256,249,124,45,297,47,285,80,94,107,216,320,448,182,142,149,190,496,293,32,166,283,154,108,161,79,187,117,131,347,417,714,68,263,58,323,254,44,123,299,163,59,218,115,217,258,184,272,92,181
493,383,205,83,505,99,480,140,157,190,393,500,861,296,239,267,330,800,434,61,272,457,291,178,282,107,303,251,233,654,706,1293,263,239,115,508,454,87,266,470,332,98,337,181,362,425,291,480,170,337
120,87,45,23,139,24,101,31,42,48,95,125,178,87,57,53,97,189,111,14,76,124,59,45,79,31,88,60,71,137,172,325,58,115,11,136,112,20,64,126,82,20,86,51,87,96,75,113,33,70
501,419,210,89,554,116,498,146,148,220,451,564,1006,342,283,288,371,992,524,60,264,557,303,201,326,114,297,247,266,655,830,1526,323,508,136,265,511,101,265,568,358,95,406,203,400,491,345,562,208,364
500,417,185,85,498,114,442,162,170,182,385,487,860,296,244,269,344,824,524,57,267,518,266,183,267,114,291,213,216,646,719,1333,254,454,112,511,199,85,261,494,305,103,338,171,357,418,291,477,156,341
84,80,33,13,82,16,84,17,22,37,62,97,173,59,48,43,55,173,82,8,31,92,55,35,52,26,66,47,44,107,125,268,44,87,20,101,85,8,31,105,58,21,67,29,75,74,50,75,38,58
243,216,106,60,249,74,259,81,79,101,200,290,446,165,135,138,162,424,251,24,154,251,146,98,162,60,177,119,130,307,356,722,123,266,64,265,261,31,64,253,154,58,192,91,212,239,152,240,89,173
466,472,216,77,532,105,519,165,191,244,472,579,990,325,245,293,351,1002,545,77,322,558,316,203,323,122,351,239,265,691,793,1514,299,470,126,568,494,105,253,302,353,118,423,224,396,505,340,557,204,375
309,290,133,61,343,70,345,84,98,141,287,373,589,207,182,190,244,621,316,52,176,344,186,128,207,85,215,146,157,447,492,894,163,332,82,358,305,58,154,353,102,72,255,141,277,314,195,383,110,213
102,86,49,21,126,27,90,28,34,32,77,112,187,63,54,53,84,189,101,18,73,100,66,47,60,22,63,41,43,126,158,291,59,98,20,95,103,21,58,118,72,7,80,43,76,109,58,112,32,73
381,333,144,51,410,73,364,123,128,152,342,410,700,236,196,211,283,732,403,52,231,412,243,140,239,106,278,186,214,495,611,1075,218,337,86,406,338,67,192,423,255,80,129,156,300,362,280,363,137,242
197,166,64,28,201,35,180,60,69,84,151,220,345,124,86,102,137,334,205,30,115,206,114,73,111,52,113,84,98,229,291,504,115,181,51,203,171,29,91,224,141,43,156,38,135,168,111,195,73,157
446,340,157,70,404,101,399,115,130,168,333,432,700,272,209,212,297,708,444,57,236,407,224,164,254,97,257,175,208,508,607,1114,217,362,87,400,357,75,212,396,277,76,300,135,160,358,263,437,139,290
430,421,184,81,509,106,463,142,164,169,370,509,832,323,250,276,362,834,488,62,264,493,283,170,291,129,322,235,239,616,738,1318,258,425,96,491,418,74,239,505,314,109,362,168,358,227,300,470,159,306
318,266,118,52,332,73,297,110,109,129,260,350,582,224,172,169,239,589,302,39,180,335,210,136,195,86,229,133,173,357,486,886,184,291,75,345,291,50,152,340,195,58,280,111,263,300,96,322,132,235
499,445,228,76,548,117,504,151,172,214,463,584,939,350,262,272,373,903,517,79,292,554,288,204,320,134,350,235,282,679,788,1441,272,480,113,562,477,75,240,557,383,112,363,195,437,470,322,261,197,378
186,144,73,36,211,41,180,64,76,72,158,229,323,136,96,82,123,323,201,26,93,184,109,70,123,53,116,89,95,240,278,501,92,170,33,208,156,38,89,204,110,32,137,73,139,159,132,197,27,129
388,309,146,58,346,78,349,116,112,150,280,379,606,247,199,228,240,579,369,37,197,362,197,128,216,94,242,167,164,424,490,938,181,337,70,364,341,58,173,375,213,73,242,157,290,306,235,378,129,119
