255,447,216,87,512,118,471,166,165,240,456,539,817,364,332,333,346,809,517,70,313,528,350,214,392,135,384,270,305,595,692,1153,242,515,113,489,480,83,260,461,348,113,382,191,449,410,334,465,172,375
447,201,182,75,458,112,440,131,148,203,379,440,743,303,229,227,322,770,473,59,260,473,262,184,280,122,324,190,220,518,685,1160,222,400,97,458,397,69,215,455,292,77,347,177,388,397,268,450,148,302
216,182,35,28,212,37,189,62,55,90,176,232,344,131,109,112,148,384,205,25,112,199,98,84,138,49,136,79,92,257,300,545,99,181,41,245,183,34,109,210,132,38,135,65,152,173,121,211,71,136
87,75,28,8,77,15,70,24,25,36,68,98,153,57,49,47,68,146,87,7,44,85,55,45,64,34,69,47,50,106,117,239,45,83,21,84,80,18,41,92,62,9,69,27,73,77,58,62,32,61
512,458,212,77,235,109,511,163,155,218,416,581,896,328,262,305,360,914,527,69,272,510,287,215,361,134,336,238,267,624,731,1359,256,451,115,573,472,95,260,549,366,96,374,211,425,484,345,530,193,347
118,112,37,15,109,9,111,33,43,42,92,130,194,81,61,60,89,187,116,9,62,106,65,58,96,28,76,59,67,146,155,275,44,97,19,111,94,23,51,133,72,17,85,39,93,92,72,98,33,79
471,440,189,70,511,111,211,129,142,171,419,566,844,330,222,274,322,828,454,54,279,466,263,200,303,125,335,240,234,582,693,1250,217,438,107,450,436,79,220,526,338,101,369,193,363,430,308,424,170,331
166,131,62,24,163,33,129,27,41,65,140,156,256,126,99,99,109,267,151,18,94,154,83,59,108,37,97,79,59,160,214,435,83,160,34,160,148,26,85,166,91,29,113,60,112,153,101,158,51,135
165,148,55,25,155,43,142,41,13,67,138,168,296,96,77,91,96,305,146,19,96,166,97,61,125,47,121,79,80,216,249,443,91,150,43,182,160,28,76,176,100,31,129,58,137,154,127,165,64,107
240,203,90,36,218,42,171,65,67,45,184,213,358,148,117,125,142,349,227,25,117,192,122,72,137,51,143,96,115,269,309,589,104,178,55,231,188,31,90,223,134,45,154,59,146,192,137,209,83,140
456,379,176,68,416,92,419,140,138,184,200,458,728,300,251,267,309,728,441,39,264,420,244,168,281,109,300,172,239,539,663,1125,218,365,99,495,375,64,205,423,269,111,331,134,354,403,278,455,145,288
539,440,232,98,581,130,566,156,168,213,458,325,985,365,286,345,406,998,584,61,301,586,336,230,365,137,374,259,290,709,831,1556,312,540,135,581,534,97,280,596,367,133,417,216,462,527,343,617,219,350
817,743,344,153,896,194,844,256,296,358,728,985,815,622,499,552,670,1442,934,113,505,916,517,370,585,242,631,416,466,1123,1364,2400,467,828,228,971,833,145,433,927,581,184,664,308,691,789,557,954,329,604
364,303,131,57,328,81,330,126,96,148,300,365,622,118,161,207,252,577,338,36,172,341,198,122,228,80,227,152,184,384,512,867,169,317,78,345,336,46,162,391,226,63,246,116,251,323,186,321,123,206
332,229,109,49,262,61,222,99,77,117,251,286,499,161,69,141,209,496,273,26,142,272,155,99,170,72,189,122,130,330,422,742,128,235,58,276,238,38,149,268,177,42,198,100,201,240,166,285,104,197
333,227,112,47,305,60,274,99,91,125,267,345,552,207,141,77,204,576,293,31,137,287,159,111,203,79,198,138,144,367,462,849,147,240,73,296,284,43,163,310,193,64,227,114,213,264,208,318,127,201
346,322,148,68,360,89,322,109,96,142,309,406,670,252,209,204,123,646,385,52,202,403,224,144,245,81,241,190,172,464,586,997,200,343,89,349,347,77,169,373,254,68,284,152,283,300,232,371,138,264
809,770,384,146,914,187,828,267,305,349,728,998,1442,577,496,576,646,775,899,137,513,879,525,349,590,222,632,425,458,1147,1352,2316,469,824,198,983,797,129,427,916,578,189,662,341,676,765,548,895,317,620
517,473,205,87,527,116,454,151,146,227,441,584,934,338,273,293,385,899,261,51,299,488,315,216,313,129,351,243,260,637,774,1441,245,492,149,543,460,96,254,549,340,90,414,181,423,485,315,490,197,369
70,59,25,7,69,9,54,18,19,25,39,61,113,36,26,31,52,137,51,2,31,48,29,30,32,12,36,40,28,83,88,194,26,65,17,71,49,9,43,73,38,15,45,16,40,45,30,74,15,45
313,260,112,44,272,62,279,94,96,117,264,301,505,172,142,137,202,513,299,31,74,301,165,113,180,73,179,125,147,345,442,815,155,237,70,301,282,49,140,316,186,53,226,108,225,259,162,296,115,182
528,473,199,85,510,106,466,154,166,192,420,586,916,341,272,287,403,879,488,48,301,263,316,218,317,135,369,251,254,624,774,1372,245,453,130,574,490,84,259,550,342,82,420,177,401,439,324,529,198,367
350,262,98,55,287,65,263,83,97,122,244,336,517,198,155,159,224,525,315,29,165,316,68,123,184,60,207,131,148,357,466,828,155,262,66,330,279,52,135,327,184,61,235,120,227,245,174,358,106,205
214,184,84,45,215,58,200,59,61,72,168,230,370,122,99,111,144,349,216,30,113,218,123,34,130,47,137,89,110,253,286,567,106,190,49,201,197,30,117,215,137,40,151,67,152,180,127,222,70,122
392,280,138,64,361,96,303,108,125,137,281,365,585,228,170,203,245,590,313,32,180,317,184,130,100,69,212,154,170,401,495,905,169,324,74,363,284,54,165,349,236,51,280,113,257,312,198,333,133,250
135,122,49,34,134,28,125,37,47,51,109,137,242,80,72,79,81,222,129,12,73,135,60,47,69,11,64,67,54,163,209,338,61,118,33,142,132,14,67,157,87,22,81,52,87,132,85,133,63,82
384,324,136,69,336,76,335,97,121,143,300,374,631,227,189,198,241,632,351,36,179,369,207,137,212,64,105,159,179,420,522,925,178,335,82,387,330,38,172,358,234,51,267,120,267,306,217,361,155,227
270,190,79,47,238,59,240,79,79,96,172,259,416,152,122,138,190,425,243,40,125,251,131,89,154,67,159,51,113,286,351,651,136,228,50,246,243,36,122,249,159,54,200,85,183,185,130,265,82,166
305,220,92,50,267,67,234,59,80,115,239,290,466,184,130,144,172,458,260,28,147,254,148,110,170,54,179,113,68,299,377,726,133,238,54,255,220,42,118,264,173,52,196,85,181,228,132,253,87,173
595,518,257,106,624,146,582,160,216,269,539,709,1123,384,330,367,464,1147,637,83,345,624,357,253,401,163,420,286,299,412,958,1733,328,554,134,658,590,99,309,669,419,125,478,243,472,562,399,661,240,407
692,685,300,117,731,155,693,214,249,309,663,831,1364,512,422,462,586,1352,774,88,442,774,466,286,495,209,522,351,377,958,589,1981,392,656,158,798,634,135,354,755,468,131,552,278,581,702,489,770,257,489
1153,1160,545,239,1359,275,1250,435,443,589,1125,1556,2400,867,742,849,997,2316,1441,194,815,1372,828,567,905,338,925,651,726,1733,1981,1797,719,1312,292,1447,1228,210,667,1414,876,297,1027,497,1100,1199,902,1368,474,979
242,222,99,45,256,44,217,83,91,104,218,312,467,169,128,147,200,469,245,26,155,245,155,106,169,61,178,136,133,328,392,719,79,221,46,256,209,30,144,287,170,43,198,94,197,235,152,278,86,206
515,400,181,83,451,97,438,160,150,178,365,540,828,317,235,240,343,824,492,65,237,453,262,190,324,118,335,228,238,554,656,1312,221,243,106,492,445,73,239,467,271,87,334,155,367,421,292,480,178,343
113,97,41,21,115,19,107,34,43,55,99,135,228,78,58,73,89,198,149,17,70,130,66,49,74,33,82,50,54,134,158,292,46,106,18,114,103,21,58,130,64,24,92,46,100,102,73,112,40,82
489,458,245,84,573,111,450,160,182,231,495,581,971,345,276,296,349,983,543,71,301,574,330,201,363,142,387,246,255,658,798,1447,256,492,114,273,475,91,276,564,361,118,413,227,416,475,331,538,201,356
480,397,183,80,472,94,436,148,160,188,375,534,833,336,238,284,347,797,460,49,282,490,279,197,284,132,330,243,220,590,634,1228,209,445,103,475,230,96,262,485,292,87,353,172,386,418,297,449,171,295
83,69,34,18,95,23,79,26,28,31,64,97,145,46,38,43,77,129,96,9,49,84,52,30,54,14,38,36,42,99,135,210,30,73,21,91,96,3,48,105,63,18,63,35,68,83,46,95,27,47
260,215,109,41,260,51,220,85,76,90,205,280,433,162,149,163,169,427,254,43,140,259,135,117,165,67,172,122,118,309,354,667,144,239,58,276,262,48,58,244,155,52,203,115,194,217,178,245,97,177
461,455,210,92,549,133,526,166,176,223,423,596,927,391,268,310,373,916,549,73,316,550,327,215,349,157,358,249,264,669,755,1414,287,467,130,564,485,105,244,260,352,112,379,196,427,522,359,544,167,380
348,292,132,62,366,72,338,91,100,134,269,367,581,226,177,193,254,578,340,38,186,342,184,137,236,87,234,159,173,419,468,876,170,271,64,361,292,63,155,352,105,63,253,120,270,304,211,372,92,243
113,77,38,9,96,17,101,29,31,45,111,133,184,63,42,64,68,189,90,15,53,82,61,40,51,22,51,54,52,125,131,297,43,87,24,118,87,18,52,112,63,10,84,41,66,89,59,109,38,86
382,347,135,69,374,85,369,113,129,154,331,417,664,246,198,227,284,662,414,45,226,420,235,151,280,81,267,200,196,478,552,1027,198,334,92,413,353,63,203,379,253,84,125,147,316,369,232,384,142,275
191,177,65,27,211,39,193,60,58,59,134,216,308,116,100,114,152,341,181,16,108,177,120,67,113,52,120,85,85,243,278,497,94,155,46,227,172,35,115,196,120,41,147,40,165,176,135,162,64,145
449,388,152,73,425,93,363,112,137,146,354,462,691,251,201,213,283,676,423,40,225,401,227,152,257,87,267,183,181,472,581,1100,197,367,100,416,386,68,194,427,270,66,316,165,152,371,235,382,149,241
410,397,173,77,484,92,430,153,154,192,403,527,789,323,240,264,300,765,485,45,259,439,245,180,312,132,306,185,228,562,702,1199,235,421,102,475,418,83,217,522,304,89,369,176,371,203,305,473,139,329
334,268,121,58,345,72,308,101,127,137,278,343,557,186,166,208,232,548,315,30,162,324,174,127,198,85,217,130,132,399,489,902,152,292,73,331,297,46,178,359,211,59,232,135,235,305,87,333,115,266
465,450,211,62,530,98,424,158,165,209,455,617,954,321,285,318,371,895,490,74,296,529,358,222,333,133,361,265,253,661,770,1368,278,480,112,538,449,95,245,544,372,109,384,162,382,473,333,254,189,373
172,148,71,32,193,33,170,51,64,83,145,219,329,123,104,127,138,317,197,15,115,198,106,70,133,63,155,82,87,240,257,474,86,178,40,201,171,27,97,167,92,38,142,64,149,139,115,189,33,132
375,302,136,61,347,79,331,135,107,140,288,350,604,206,197,201,264,620,369,45,182,367,205,122,250,82,227,166,173,407,489,979,206,343,82,356,295,47,177,380,243,86,275,145,241,329,266,373,132,125
