274,473,238,87,502,114,507,207,153,242,453,520,805,366,315,339,356,800,499,81,364,509,348,212,391,140,385,273,321,649,696,1198,217,492,94,511,499,77,255,491,357,118,380,197,467,404,340,527,178,386
473,167,178,89,467,98,423,144,144,187,375,479,839,270,235,253,325,856,427,39,244,458,252,185,320,118,286,194,230,562,687,1308,251,417,107,448,414,79,239,459,291,101,369,157,329,389,290,484,167,282
238,178,38,38,181,58,205,72,59,98,181,238,367,129,85,99,140,356,200,22,104,209,107,84,119,54,157,79,95,220,309,546,125,191,53,206,183,24,110,220,147,42,158,79,146,210,116,207,68,153
87,89,38,11,91,22,82,24,43,40,77,90,147,63,46,61,65,164,83,12,41,90,48,34,59,24,53,39,57,104,119,214,36,81,24,91,91,14,38,78,52,19,69,30,92,94,57,83,38,63
502,467,181,91,260,130,516,162,182,188,423,564,920,320,279,312,379,948,530,64,248,544,325,213,368,135,377,243,253,670,798,1446,274,458,118,561,479,90,241,569,333,112,365,221,447,505,339,556,202,325
114,98,58,22,130,10,108,37,48,53,99,130,190,75,72,78,78,199,103,14,65,112,69,49,74,39,71,54,77,122,156,285,49,109,28,120,120,18,46,111,76,20,85,34,105,131,79,103,41,83
507,423,205,82,516,108,232,146,181,214,421,580,943,326,243,293,381,908,491,73,253,489,324,170,344,129,329,237,265,610,752,1365,257,457,100,539,475,73,229,526,349,76,378,183,433,485,323,484,180,345
207,144,72,24,162,37,146,23,57,72,129,151,305,103,74,83,116,281,170,18,94,151,88,67,89,31,96,63,62,189,225,456,87,130,30,136,127,29,64,151,88,18,128,56,105,126,92,162,54,90
153,144,59,43,182,48,181,57,19,72,139,183,284,92,91,106,89,320,160,22,102,163,99,66,125,33,111,74,83,178,275,478,102,173,27,166,149,25,72,171,115,38,132,53,130,168,108,194,56,120
242,187,98,40,188,53,214,72,72,52,157,247,358,142,108,137,166,372,238,30,109,217,115,89,135,63,150,98,111,255,320,555,98,202,41,212,224,39,105,216,157,41,157,65,170,197,141,209,72,143
453,375,181,77,423,99,421,129,139,157,172,516,758,293,242,255,286,735,447,72,248,440,272,169,272,135,302,214,220,550,643,1159,206,416,98,440,433,66,192,436,298,80,334,168,342,391,264,425,152,275
520,479,238,90,564,130,580,151,183,247,516,325,1059,391,294,308,411,1045,585,57,282,634,319,241,364,122,344,248,298,721,899,1657,312,559,110,574,556,106,288,651,359,135,455,218,474,557,385,617,186,358
805,839,367,147,920,190,943,305,284,358,758,1059,877,561,489,505,661,1489,913,115,482,932,539,362,638,228,632,396,487,1167,1442,2593,497,848,200,1009,843,152,504,984,575,184,694,378,765,881,583,998,360,609
366,270,129,63,320,75,326,103,92,142,293,391,561,99,163,174,253,565,324,40,155,315,182,127,197,84,213,167,152,418,474,879,163,307,64,346,299,51,183,345,195,59,248,111,246,299,182,346,94,260
315,235,85,46,279,72,243,74,91,108,242,294,489,163,48,140,204,535,256,35,142,259,158,101,149,58,170,152,126,321,394,700,132,269,52,274,237,44,146,290,165,58,241,110,177,218,150,254,83,206
339,253,99,61,312,78,293,83,106,137,255,308,505,174,140,84,215,542,280,47,162,293,168,102,159,70,195,157,154,341,425,832,148,272,59,287,247,47,162,300,190,49,250,129,219,252,151,311,91,192
356,325,140,65,379,78,381,116,89,166,286,411,661,253,204,215,127,665,381,45,207,369,211,155,247,83,236,167,181,466,538,1036,206,328,80,370,335,60,165,378,241,80,275,133,302,327,238,428,135,251
800,856,356,164,948,199,908,281,320,372,735,1045,1489,565,535,542,665,792,951,134,525,990,543,353,629,225,617,417,472,1219,1455,2499,513,873,208,949,850,165,440,952,593,176,656,339,765,869,596,973,354,640
499,427,200,83,530,103,491,170,160,238,447,585,913,324,256,280,381,951,257,77,261,483,257,224,329,122,369,226,256,665,682,1431,275,482,117,533,450,92,265,511,341,101,437,205,370,457,314,543,176,346
81,39,22,12,64,14,73,18,22,30,72,57,115,40,35,47,45,134,77,3,28,72,29,31,40,15,49,32,37,66,88,180,24,64,15,73,69,11,27,69,50,12,46,31,53,59,38,68,25,52
364,244,104,41,248,65,253,94,102,109,248,282,482,155,142,162,207,525,261,28,62,263,156,119,175,63,178,110,138,351,400,775,171,241,64,308,257,41,139,290,168,50,256,82,190,238,166,277,98,222
509,458,209,90,544,112,489,151,163,217,440,634,932,315,259,293,369,990,483,72,263,248,287,210,328,131,352,269,239,641,750,1429,256,488,128,535,449,85,288,571,340,90,420,225,377,466,314,540,182,346
348,252,107,48,325,69,324,88,99,115,272,319,539,182,158,168,211,543,257,29,156,287,88,125,196,74,186,129,136,345,462,808,161,288,71,330,287,49,147,313,174,52,230,137,237,265,191,311,113,218
212,185,84,34,213,49,170,67,66,89,169,241,362,127,101,102,155,353,224,31,119,210,125,38,124,54,136,90,95,271,311,566,102,195,41,217,193,34,113,200,148,34,142,78,136,229,130,214,83,157
391,320,119,59,368,74,344,89,125,135,272,364,638,197,149,159,247,629,329,40,175,328,196,124,94,72,186,156,164,383,501,963,179,313,74,353,323,40,154,386,226,66,254,127,227,328,184,337,143,231
140,118,54,24,135,39,129,31,33,63,135,122,228,84,58,70,83,225,122,15,63,131,74,54,72,18,91,51,65,139,193,319,53,126,22,127,138,21,58,140,93,27,94,48,96,128,72,126,57,100
385,286,157,53,377,71,329,96,111,150,302,344,632,213,170,195,236,617,369,49,178,352,186,136,186,91,125,154,169,406,524,931,178,305,74,363,322,57,168,381,250,71,255,123,260,320,209,362,147,250
273,194,79,39,243,54,237,63,74,98,214,248,396,167,152,157,167,417,226,32,110,269,129,90,156,51,154,69,107,289,375,674,120,227,52,245,214,38,112,263,146,36,179,91,205,226,145,289,96,146
321,230,95,57,253,77,265,62,83,111,220,298,487,152,126,154,181,472,256,37,138,239,136,95,164,65,169,107,58,266,378,687,120,254,60,266,273,43,117,261,166,48,184,91,179,241,149,251,99,188
649,562,220,104,670,122,610,189,178,255,550,721,1167,418,321,341,466,1219,665,66,351,641,345,271,383,139,406,289,266,406,949,1914,365,563,153,722,559,105,298,704,410,135,483,254,533,624,410,703,229,466
696,687,309,119,798,156,752,225,275,320,643,899,1442,474,394,425,538,1455,682,88,400,750,462,311,501,193,524,375,378,949,565,2188,409,680,162,780,722,135,400,874,501,157,615,296,611,744,492,782,301,515
1198,1308,546,214,1446,285,1365,456,478,555,1159,1657,2593,879,700,832,1036,2499,1431,180,775,1429,808,566,963,319,931,674,687,1914,2188,2005,735,1333,343,1548,1310,268,760,1516,969,297,1054,564,1064,1359,891,1414,523,958
217,251,125,36,274,49,257,87,102,98,206,312,497,163,132,148,206,513,275,24,171,256,161,102,179,53,178,120,120,365,409,735,60,263,57,283,245,54,135,288,178,65,243,125,189,258,167,295,85,175
492,417,191,81,458,109,457,130,173,202,416,559,848,307,269,272,328,873,482,64,241,488,288,195,313,126,305,227,254,563,680,1333,263,224,108,505,471,78,236,526,325,92,368,180,392,443,279,529,194,328
94,107,53,24,118,28,100,30,27,41,98,110,200,64,52,59,80,208,117,15,64,128,71,41,74,22,74,52,60,153,162,343,57,108,12,107,91,11,47,115,87,18,97,41,82,100,74,124,34,67
511,448,206,91,561,120,539,136,166,212,440,574,1009,346,274,287,370,949,533,73,308,535,330,217,353,127,363,245,266,722,780,1548,283,505,107,258,476,81,249,613,390,77,411,216,423,479,346,601,200,352
499,414,183,91,479,120,475,127,149,224,433,556,843,299,237,247,335,850,450,69,257,449,287,193,323,138,322,214,273,559,722,1310,245,471,91,476,213,72,250,525,303,92,375,168,400,446,275,481,152,321
77,79,24,14,90,18,73,29,25,39,66,106,152,51,44,47,60,165,92,11,41,85,49,34,40,21,57,38,43,105,135,268,54,78,11,81,72,6,44,108,60,14,57,24,54,64,42,86,28,58
255,239,110,38,241,46,229,64,72,105,192,288,504,183,146,162,165,440,265,27,139,288,147,113,154,58,168,112,117,298,400,760,135,236,47,249,250,44,54,255,159,43,176,106,211,216,161,227,95,172
491,459,220,78,569,111,526,151,171,216,436,651,984,345,290,300,378,952,511,69,290,571,313,200,386,140,381,263,261,704,874,1516,288,526,115,613,525,108,255,293,366,115,452,206,427,506,343,550,186,351
357,291,147,52,333,76,349,88,115,157,298,359,575,195,165,190,241,593,341,50,168,340,174,148,226,93,250,146,166,410,501,969,178,325,87,390,303,60,159,366,126,69,247,151,266,295,210,342,116,222
118,101,42,19,112,20,76,18,38,41,80,135,184,59,58,49,80,176,101,12,50,90,52,34,66,27,71,36,48,135,157,297,65,92,18,77,92,14,43,115,69,6,76,44,76,111,62,105,37,60
380,369,158,69,365,85,378,128,132,157,334,455,694,248,241,250,275,656,437,46,256,420,230,142,254,94,255,179,184,483,615,1054,243,368,97,411,375,57,176,452,247,76,145,143,308,360,250,405,134,299
197,157,79,30,221,34,183,56,53,65,168,218,378,111,110,129,133,339,205,31,82,225,137,78,127,48,123,91,91,254,296,564,125,180,41,216,168,24,106,206,151,44,143,42,174,187,124,202,84,132
467,329,146,92,447,105,433,105,130,170,342,474,765,246,177,219,302,765,370,53,190,377,237,136,227,96,260,205,179,533,611,1064,189,392,82,423,400,54,211,427,266,76,308,174,162,368,242,407,150,301
404,389,210,94,505,131,485,126,168,197,391,557,881,299,218,252,327,869,457,59,238,466,265,229,328,128,320,226,241,624,744,1359,258,443,100,479,446,64,216,506,295,111,360,187,368,211,298,444,154,305
340,290,116,57,339,79,323,92,108,141,264,385,583,182,150,151,238,596,314,38,166,314,191,130,184,72,209,145,149,410,492,891,167,279,74,346,275,42,161,343,210,62,250,124,242,298,105,353,118,229
527,484,207,83,556,103,484,162,194,209,425,617,998,346,254,311,428,973,543,68,277,540,311,214,337,126,362,289,251,703,782,1414,295,529,124,601,481,86,227,550,342,105,405,202,407,444,353,263,191,351
178,167,68,38,202,41,180,54,56,72,152,186,360,94,83,91,135,354,176,25,98,182,113,83,143,57,147,96,99,229,301,523,85,194,34,200,152,28,95,186,116,37,134,84,150,154,118,191,34,140
386,282,153,63,325,83,345,90,120,143,275,358,609,260,206,192,251,640,346,52,222,346,218,157,231,100,250,146,188,466,515,958,175,328,67,352,321,58,172,351,222,60,299,132,301,305,229,351,140,118
