245,414,211,92,501,118,467,175,154,221,419,502,798,351,315,349,370,805,504,55,288,529,345,194,318,154,375,256,306,590,720,1174,232,493,88,460,482,71,232,459,295,115,373,169,411,389,338,452,135,368
414,168,146,70,464,82,418,111,139,186,360,467,797,327,250,260,319,811,441,60,238,454,271,193,280,125,315,191,206,546,655,1217,226,415,101,409,410,86,201,494,262,89,343,166,363,411,270,466,175,302
211,146,41,27,185,39,203,55,59,77,154,245,335,140,96,104,141,329,197,27,96,220,116,74,117,41,126,98,102,266,296,540,90,165,49,194,196,34,99,201,147,40,154,79,157,169,110,222,69,143
92,70,27,6,90,24,82,31,36,34,71,96,154,45,53,54,57,146,72,11,53,79,43,30,52,27,60,42,50,111,127,218,49,89,20,85,72,14,42,69,59,14,50,27,66,68,42,80,26,43
501,464,185,90,257,118,513,159,189,219,451,582,886,353,273,310,360,867,574,59,293,563,326,232,317,129,338,254,272,612,730,1357,229,497,115,542,498,71,261,586,331,114,397,204,386,441,322,507,203,370
118,82,39,24,118,15,114,41,34,46,93,119,190,75,74,81,85,180,113,14,71,110,69,36,63,30,63,53,71,141,176,283,68,105,25,112,99,16,54,126,71,24,84,48,86,102,63,114,39,67
467,418,203,82,513,114,250,149,158,209,428,509,884,334,277,278,379,861,463,80,290,478,306,196,358,129,368,206,266,622,733,1282,268,447,125,517,454,83,258,506,300,92,356,195,402,452,297,467,189,320
175,111,55,31,159,41,149,17,62,61,126,167,273,90,75,76,99,300,149,14,80,151,90,68,102,55,108,62,54,188,224,447,84,151,36,143,157,14,78,168,91,37,123,55,115,144,89,158,66,114
154,139,59,36,189,34,158,62,33,68,135,172,291,117,82,90,130,272,185,22,97,179,108,66,110,39,103,83,94,204,239,472,95,155,39,165,164,36,80,161,100,28,134,58,125,160,104,164,56,122
221,186,77,34,219,46,209,61,68,44,171,228,357,147,109,115,132,372,210,32,103,215,126,77,159,48,144,99,94,268,295,561,119,198,53,196,189,46,115,219,131,35,150,84,166,191,131,229,81,153
419,360,154,71,451,93,428,126,135,171,184,480,752,295,207,246,299,722,396,49,269,404,259,165,295,104,279,185,202,563,593,1110,223,382,95,449,400,71,216,465,250,83,324,143,319,389,270,455,138,319
502,467,245,96,582,119,509,167,172,228,480,294,957,339,326,344,373,1023,568,71,310,569,308,210,404,151,390,298,321,693,845,1527,275,537,137,613,486,99,290,570,369,111,423,199,487,489,366,553,226,331
798,797,335,154,886,190,884,273,291,357,752,957,805,610,480,505,614,1420,913,112,511,913,546,351,609,219,632,485,470,1167,1358,2375,492,831,221,944,798,167,471,973,605,183,637,310,727,821,563,929,321,588
351,327,140,45,353,75,334,90,117,147,295,339,610,123,176,178,227,636,298,56,180,325,217,135,254,69,234,131,170,427,516,892,183,284,79,332,304,49,150,350,221,65,263,128,279,302,215,351,141,209
315,250,96,53,273,74,277,75,82,109,207,326,480,176,84,131,221,498,274,26,140,293,165,108,189,66,177,144,131,317,405,757,129,229,56,277,271,50,141,302,175,61,184,102,229,237,189,315,98,214
349,260,104,54,310,81,278,76,90,115,246,344,505,178,131,78,220,517,310,30,136,292,166,101,181,73,192,138,131,350,431,790,155,257,66,315,279,37,162,341,193,53,217,109,222,258,184,304,104,213
370,319,141,57,360,85,379,99,130,132,299,373,614,227,221,220,142,636,394,37,193,370,226,152,239,84,232,162,174,446,596,1014,186,335,78,384,344,63,174,400,246,71,278,158,297,334,247,403,147,235
805,811,329,146,867,180,861,300,272,372,722,1023,1420,636,498,517,636,808,958,106,510,891,547,337,588,218,595,414,469,1096,1334,2358,463,797,198,927,783,151,476,1006,612,179,651,317,711,823,566,875,335,557
504,441,197,72,574,113,463,149,185,210,396,568,913,298,274,310,394,958,255,66,295,490,308,193,323,133,330,225,262,650,769,1381,269,488,116,541,501,80,255,541,308,115,399,215,388,459,345,515,198,332
55,60,27,11,59,14,80,14,22,32,49,71,112,56,26,30,37,106,66,6,34,80,26,35,30,15,34,27,26,89,86,181,29,68,13,57,69,12,28,68,43,19,45,24,55,55,29,74,21,42
288,238,96,53,293,71,290,80,97,103,269,310,511,180,140,136,193,510,295,34,75,315,154,120,182,68,179,128,140,320,416,817,167,279,62,304,281,43,143,309,164,52,214,108,233,255,149,323,114,164
529,454,220,79,563,110,478,151,179,215,404,569,913,325,293,292,370,891,490,80,315,248,308,206,332,124,359,258,265,626,776,1349,273,499,116,552,501,79,267,521,310,125,384,189,414,461,360,505,205,328
345,271,116,43,326,69,306,90,108,126,259,308,546,217,165,166,226,547,308,26,154,308,92,136,225,84,218,154,139,369,464,852,161,284,64,302,278,54,155,346,200,78,232,93,267,273,200,349,113,180
194,193,74,30,232,36,196,68,66,77,165,210,351,135,108,101,152,337,193,35,120,206,136,31,155,52,145,86,103,269,291,573,120,198,46,223,182,32,93,204,137,33,162,71,155,203,126,201,79,103
318,280,117,52,317,63,358,102,110,159,295,404,609,254,189,181,239,588,323,30,182,332,225,155,112,94,224,139,158,436,502,965,171,278,73,333,301,54,175,369,243,68,261,124,260,301,200,370,115,239
154,125,41,27,129,30,129,55,39,48,104,151,219,69,66,73,84,218,133,15,68,124,84,52,94,17,70,65,54,134,196,353,68,129,23,140,111,20,78,152,95,27,107,54,83,121,86,128,42,85
375,315,126,60,338,63,368,108,103,144,279,390,632,234,177,192,232,595,330,34,179,359,218,145,224,70,108,143,153,406,510,964,179,292,71,360,310,49,175,384,236,68,286,124,265,330,216,358,123,216
256,191,98,42,254,53,206,62,83,99,185,298,485,131,144,138,162,414,225,27,128,258,154,86,139,65,143,43,117,289,354,675,144,213,44,252,230,42,102,235,150,45,180,84,187,234,147,240,109,144
306,206,102,50,272,71,266,54,94,94,202,321,470,170,131,131,174,469,262,26,140,265,139,103,158,54,153,117,48,371,395,701,174,227,64,267,254,37,103,269,165,62,233,106,190,252,146,280,119,158
590,546,266,111,612,141,622,188,204,268,563,693,1167,427,317,350,446,1096,650,89,320,626,369,269,436,134,406,289,371,371,959,1742,362,587,144,657,584,113,331,668,413,126,484,217,528,601,385,649,242,445
720,655,296,127,730,176,733,224,239,295,593,845,1358,516,405,431,596,1334,769,86,416,776,464,291,502,196,510,354,395,959,544,2064,352,717,170,820,733,136,391,753,479,160,547,256,614,646,452,730,265,506
1174,1217,540,218,1357,283,1282,447,472,561,1110,1527,2375,892,757,790,1014,2358,1381,181,817,1349,852,573,965,353,964,675,701,1742,2064,1893,714,1210,307,1435,1262,212,682,1479,886,284,988,523,1083,1214,852,1396,506,922
232,226,90,49,229,68,268,84,95,119,223,275,492,183,129,155,186,463,269,29,167,273,161,120,171,68,179,144,174,362,352,714,50,235,52,244,269,61,119,276,152,56,216,88,225,215,153,274,100,178
493,415,165,89,497,105,447,151,155,198,382,537,831,284,229,257,335,797,488,68,279,499,284,198,278,129,292,213,227,587,717,1210,235,211,120,504,415,67,230,511,334,107,356,187,349,418,274,444,159,300
88,101,49,20,115,25,125,36,39,53,95,137,221,79,56,66,78,198,116,13,62,116,64,46,73,23,71,44,64,144,170,307,52,120,10,119,106,14,64,134,81,25,81,43,83,98,67,113,45,71
460,409,194,85,542,112,517,143,165,196,449,613,944,332,277,315,384,927,541,57,304,552,302,223,333,140,360,252,267,657,820,1435,244,504,119,258,497,83,227,558,350,78,425,231,443,490,342,564,214,384
482,410,196,72,498,99,454,157,164,189,400,486,798,304,271,279,344,783,501,69,281,501,278,182,301,111,310,230,254,584,733,1262,269,415,106,497,211,88,254,495,321,110,335,185,383,426,289,469,169,319
71,86,34,14,71,16,83,14,36,46,71,99,167,49,50,37,63,151,80,12,43,79,54,32,54,20,49,42,37,113,136,212,61,67,14,83,88,7,35,83,45,19,68,33,76,83,60,98,40,69
232,201,99,42,261,54,258,78,80,115,216,290,471,150,141,162,174,476,255,28,143,267,155,93,175,78,175,102,103,331,391,682,119,230,64,227,254,35,56,256,160,53,192,104,209,237,149,282,107,175
459,494,201,69,586,126,506,168,161,219,465,570,973,350,302,341,400,1006,541,68,309,521,346,204,369,152,384,235,269,668,753,1479,276,511,134,558,495,83,256,283,347,123,396,174,429,478,330,534,178,372
295,262,147,59,331,71,300,91,100,131,250,369,605,221,175,193,246,612,308,43,164,310,200,137,243,95,236,150,165,413,479,886,152,334,81,350,321,45,160,347,89,61,241,112,285,294,193,341,122,230
115,89,40,14,114,24,92,37,28,35,83,111,183,65,61,53,71,179,115,19,52,125,78,33,68,27,68,45,62,126,160,284,56,107,25,78,110,19,53,123,61,11,86,35,82,100,64,102,41,66
373,343,154,50,397,84,356,123,134,150,324,423,637,263,184,217,278,651,399,45,214,384,232,162,261,107,286,180,233,484,547,988,216,356,81,425,335,68,192,396,241,86,126,128,307,337,228,381,139,268
169,166,79,27,204,48,195,55,58,84,143,199,310,128,102,109,158,317,215,24,108,189,93,71,124,54,124,84,106,217,256,523,88,187,43,231,185,33,104,174,112,35,128,31,124,158,107,165,56,132
411,363,157,66,386,86,402,115,125,166,319,487,727,279,229,222,297,711,388,55,233,414,267,155,260,83,265,187,190,528,614,1083,225,349,83,443,383,76,209,429,285,82,307,124,172,367,257,436,137,249
389,411,169,68,441,102,452,144,160,191,389,489,821,302,237,258,334,823,459,55,255,461,273,203,301,121,330,234,252,601,646,1214,215,418,98,490,426,83,237,478,294,100,337,158,367,197,256,482,147,310
338,270,110,42,322,63,297,89,104,131,270,366,563,215,189,184,247,566,345,29,149,360,200,126,200,86,216,147,146,385,452,852,153,274,67,342,289,60,149,330,193,64,228,107,257,256,95,339,112,210
452,466,222,80,507,114,467,158,164,229,455,553,929,351,315,304,403,875,515,74,323,505,349,201,370,128,358,240,280,649,730,1396,274,444,113,564,469,98,282,534,341,102,381,165,436,482,339,273,173,324
135,175,69,26,203,39,189,66,56,81,138,226,321,141,98,104,147,335,198,21,114,205,113,79,115,42,123,109,119,242,265,506,100,159,45,214,169,40,107,178,122,41,139,56,137,147,112,173,35,113
368,302,143,43,370,67,320,114,122,153,319,331,588,209,214,213,235,557,332,42,164,328,180,103,239,85,216,144,158,445,506,922,178,300,71,384,319,69,175,372,230,66,268,132,249,310,210,324,113,108
