270,437,199,92,482,111,489,183,169,238,464,509,802,389,322,337,350,813,543,75,308,530,328,243,377,161,392,318,301,654,722,1204,226,500,116,530,515,87,251,473,328,114,405,175,439,442,359,487,176,350
437,185,182,69,456,96,439,143,136,191,370,532,822,270,227,240,283,795,407,51,240,428,250,182,285,107,274,195,251,589,633,1262,245,406,108,440,416,72,220,472,264,101,350,141,350,399,256,461,159,317
199,182,42,37,216,50,206,63,58,74,151,240,380,126,116,128,154,410,204,21,134,214,105,78,124,56,133,103,95,272,321,579,113,182,44,204,201,20,101,213,134,39,169,73,164,179,109,213,77,108
92,69,37,6,75,17,70,33,22,37,64,106,145,54,44,46,47,151,75,11,66,77,61,28,55,26,61,46,37,121,106,240,47,78,19,98,90,11,41,92,54,18,55,25,60,81,57,88,34,66
482,456,216,75,274,108,505,126,161,216,432,574,872,332,289,322,391,947,502,66,303,559,314,235,313,139,383,235,287,660,781,1385,262,473,123,554,499,91,258,544,324,103,357,200,418,475,318,535,164,306
111,96,50,17,108,6,91,35,33,42,89,138,185,67,68,68,84,193,96,19,71,119,86,47,71,32,88,62,42,150,152,264,57,95,29,118,111,18,63,115,75,19,79,40,102,111,70,122,36,87
489,439,206,70,505,91,211,141,151,198,424,541,851,297,264,286,319,850,446,57,267,482,296,200,338,129,321,234,244,604,724,1331,264,455,122,517,432,67,232,497,321,100,382,184,407,457,319,528,187,324
183,143,63,33,126,35,141,17,45,77,139,170,284,128,96,78,98,269,152,19,82,167,104,62,106,44,120,65,78,168,236,434,82,143,32,166,147,20,59,166,94,25,113,56,157,136,99,172,65,98
169,136,58,22,161,33,151,45,24,65,147,181,326,100,71,101,124,327,169,19,85,191,85,65,103,38,108,78,67,215,241,462,81,160,28,180,166,28,81,176,108,30,151,65,138,164,99,174,53,103
238,191,74,37,216,42,198,77,65,41,172,229,383,146,104,121,152,383,215,16,132,226,134,99,122,46,164,108,126,253,328,518,105,197,47,232,190,22,107,213,135,45,159,76,171,191,122,216,73,141
464,370,151,64,432,89,424,139,147,172,196,482,758,293,216,233,297,752,453,57,267,468,274,171,250,101,292,217,243,529,675,1126,252,417,99,478,398,69,220,436,250,93,320,158,362,399,256,448,152,312
509,532,240,106,574,138,541,170,181,229,482,341,1068,339,310,322,392,1072,599,70,275,574,347,212,385,138,390,247,275,652,904,1632,313,510,131,554,513,83,267,609,366,113,489,218,430,526,383,619,219,365
802,822,380,145,872,185,851,284,326,383,758,1068,842,566,483,499,699,1521,942,123,455,919,524,375,618,236,603,418,452,1135,1362,2463,471,812,207,983,843,144,458,966,633,183,707,341,681,873,549,975,339,637
389,270,126,54,332,67,297,128,100,146,293,339,566,115,163,206,217,586,327,43,179,328,194,126,219,88,229,142,149,414,497,919,200,339,82,376,296,47,167,346,231,62,250,131,256,309,198,362,125,239
322,227,116,44,289,68,264,96,71,104,216,310,483,163,79,141,196,474,277,31,141,237,169,116,189,82,168,155,133,330,410,756,148,225,67,276,229,41,147,260,155,53,218,104,232,217,162,269,107,167
337,240,128,46,322,68,286,78,101,121,233,322,499,206,141,75,210,520,298,34,137,269,166,132,184,76,176,147,121,353,427,829,170,267,68,293,249,30,135,305,162,62,235,102,228,249,175,317,105,175
350,283,154,47,391,84,319,98,124,152,297,392,699,217,196,210,127,668,372,47,197,364,213,145,237,81,220,182,169,448,605,1051,234,353,96,368,338,55,179,371,239,66,276,132,299,351,238,354,142,239
813,795,410,151,947,193,850,269,327,383,752,1072,1521,586,474,520,668,779,931,121,506,928,539,365,593,232,621,404,468,1143,1373,2502,481,797,191,969,868,153,465,939,620,176,650,326,728,878,554,963,327,603
543,407,204,75,502,96,446,152,169,215,453,599,942,327,277,298,372,931,276,50,281,499,284,206,339,103,299,229,254,619,766,1410,293,438,121,525,478,84,270,553,335,111,385,203,422,480,349,548,198,330
75,51,21,11,66,19,57,19,19,16,57,70,123,43,31,34,47,121,50,3,32,63,39,18,34,9,34,27,23,81,79,178,32,57,12,54,56,11,41,76,48,12,43,26,42,55,37,81,22,33
308,240,134,66,303,71,267,82,85,132,267,275,455,179,141,137,197,506,281,32,72,273,170,114,165,73,186,125,150,331,416,779,145,273,61,293,275,32,137,311,180,59,199,102,226,247,191,283,109,182
530,428,214,77,559,119,482,167,191,226,468,574,919,328,237,269,364,928,499,63,273,282,290,205,380,110,331,254,246,626,769,1432,268,468,133,563,472,87,268,546,342,101,401,203,408,463,315,574,174,356
328,250,105,61,314,86,296,104,85,134,274,347,524,194,169,166,213,539,284,39,170,290,87,133,182,85,182,123,166,379,444,812,171,276,72,327,269,47,144,311,204,57,207,115,218,251,171,302,132,203
243,182,78,28,235,47,200,62,65,99,171,212,375,126,116,132,145,365,206,18,114,205,133,39,122,53,127,88,107,258,298,577,118,186,51,228,178,29,95,220,132,38,157,83,146,181,130,216,74,133
377,285,124,55,313,71,338,106,103,122,250,385,618,219,189,184,237,593,339,34,165,380,182,122,112,86,200,167,158,408,562,940,215,297,75,347,312,65,154,333,233,65,238,112,251,329,207,356,128,216
161,107,56,26,139,32,129,44,38,46,101,138,236,88,82,76,81,232,103,9,73,110,85,53,86,12,67,46,64,163,209,367,84,110,34,138,131,14,72,126,67,21,92,40,95,106,82,127,54,88
392,274,133,61,383,88,321,120,108,164,292,390,603,229,168,176,220,621,299,34,186,331,182,127,200,67,92,155,170,433,518,975,191,318,92,356,320,42,176,367,217,68,244,111,240,321,198,346,132,224
318,195,103,46,235,62,234,65,78,108,217,247,418,142,155,147,182,404,229,27,125,254,123,88,167,46,155,52,123,272,347,653,111,194,36,276,235,34,127,256,156,48,197,87,186,196,146,283,88,175
301,251,95,37,287,42,244,78,67,126,243,275,452,149,133,121,169,468,254,23,150,246,166,107,158,64,170,123,63,310,367,720,141,240,64,242,215,30,127,261,170,40,184,72,198,215,153,257,88,156
654,589,272,121,660,150,604,168,215,253,529,652,1135,414,330,353,448,1143,619,81,331,626,379,258,408,163,433,272,310,426,990,1789,343,606,146,645,592,111,309,726,403,106,506,249,478,564,388,664,232,425
722,633,321,106,781,152,724,236,241,328,675,904,1362,497,410,427,605,1373,766,79,416,769,444,298,562,209,518,347,367,990,591,2177,410,663,173,815,741,132,382,803,492,169,608,305,614,739,469,807,308,512
1204,1262,579,240,1385,264,1331,434,462,518,1126,1632,2463,919,756,829,1051,2502,1410,178,779,1432,812,577,940,367,975,653,720,1789,2177,1980,737,1280,290,1588,1285,253,712,1490,967,267,1002,542,1155,1396,870,1433,498,953
226,245,113,47,262,57,264,82,81,105,252,313,471,200,148,170,234,481,293,32,145,268,171,118,215,84,191,111,141,343,410,737,69,259,67,315,261,59,137,304,175,49,201,92,235,235,161,277,107,196
500,406,182,78,473,95,455,143,160,197,417,510,812,339,225,267,353,797,438,57,273,468,276,186,297,110,318,194,240,606,663,1280,259,232,84,499,446,69,220,507,312,91,376,180,364,428,313,496,170,327
116,108,44,19,123,29,122,32,28,47,99,131,207,82,67,68,96,191,121,12,61,133,72,51,75,34,92,36,64,146,173,290,67,84,10,135,101,20,54,127,79,21,108,40,106,118,73,127,37,75
530,440,204,98,554,118,517,166,180,232,478,554,983,376,276,293,368,969,525,54,293,563,327,228,347,138,356,276,242,645,815,1588,315,499,135,281,508,87,285,597,357,119,428,202,424,511,369,569,227,346
515,416,201,90,499,111,432,147,166,190,398,513,843,296,229,249,338,868,478,56,275,472,269,178,312,131,320,235,215,592,741,1285,261,446,101,508,222,70,228,492,311,88,359,179,365,443,288,521,180,340
87,72,20,11,91,18,67,20,28,22,69,83,144,47,41,30,55,153,84,11,32,87,47,29,65,14,42,34,30,111,132,253,59,69,20,87,70,7,41,86,63,15,51,33,54,77,54,80,38,45
251,220,101,41,258,63,232,59,81,107,220,267,458,167,147,135,179,465,270,41,137,268,144,95,154,72,176,127,127,309,382,712,137,220,54,285,228,41,54,273,160,50,196,102,214,272,153,277,92,171
473,472,213,92,544,115,497,166,176,213,436,609,966,346,260,305,371,939,553,76,311,546,311,220,333,126,367,256,261,726,803,1490,304,507,127,597,492,86,273,268,369,107,411,213,447,496,335,542,201,327
328,264,134,54,324,75,321,94,108,135,250,366,633,231,155,162,239,620,335,48,180,342,204,132,233,67,217,156,170,403,492,967,175,312,79,357,311,63,160,369,118,72,242,129,260,294,208,352,135,225
114,101,39,18,103,19,100,25,30,45,93,113,183,62,53,62,66,176,111,12,59,101,57,38,65,21,68,48,40,106,169,267,49,91,21,119,88,15,50,107,72,10,79,32,89,92,59,117,38,64
405,350,169,55,357,79,382,113,151,159,320,489,707,250,218,235,276,650,385,43,199,401,207,157,238,92,244,197,184,506,608,1002,201,376,108,428,359,51,196,411,242,79,126,152,282,344,237,352,137,256
175,141,73,25,200,40,184,56,65,76,158,218,341,131,104,102,132,326,203,26,102,203,115,83,112,40,111,87,72,249,305,542,92,180,40,202,179,33,102,213,129,32,152,28,144,166,106,187,69,117
439,350,164,60,418,102,407,157,138,171,362,430,681,256,232,228,299,728,422,42,226,408,218,146,251,95,240,186,198,478,614,1155,235,364,106,424,365,54,214,447,260,89,282,144,147,404,249,433,148,282
442,399,179,81,475,111,457,136,164,191,399,526,873,309,217,249,351,878,480,55,247,463,251,181,329,106,321,196,215,564,739,1396,235,428,118,511,443,77,272,496,294,92,344,166,404,234,306,509,174,334
359,256,109,57,318,70,319,99,99,122,256,383,549,198,162,175,238,554,349,37,191,315,171,130,207,82,198,146,153,388,469,870,161,313,73,369,288,54,153,335,208,59,237,106,249,306,94,319,122,208
487,461,213,88,535,122,528,172,174,216,448,619,975,362,269,317,354,963,548,81,283,574,302,216,356,127,346,283,257,664,807,1433,277,496,127,569,521,80,277,542,352,117,352,187,433,509,319,243,186,346
176,159,77,34,164,36,187,65,53,73,152,219,339,125,107,105,142,327,198,22,109,174,132,74,128,54,132,88,88,232,308,498,107,170,37,227,180,38,92,201,135,38,137,69,148,174,122,186,29,144
350,317,108,66,306,87,324,98,103,141,312,365,637,239,167,175,239,603,330,33,182,356,203,133,216,88,224,175,156,425,512,953,196,327,75,346,340,45,171,327,225,64,256,117,282,334,208,346,144,117
