267,461,209,99,494,122,446,184,182,239,456,492,787,379,300,331,398,842,540,61,358,547,355,197,389,180,400,285,292,600,699,1170,231,522,100,482,457,86,251,468,283,123,375,183,439,441,337,499,162,377
461,209,156,76,444,114,418,143,137,196,369,486,795,301,225,237,324,817,421,46,226,455,252,180,280,114,286,189,225,548,663,1219,222,405,97,451,407,85,213,471,296,85,307,156,350,412,278,428,150,289
209,156,45,30,191,43,175,50,68,103,207,234,343,131,94,108,130,358,200,24,132,208,112,79,119,48,151,94,109,244,299,519,105,174,33,196,186,38,104,189,142,46,143,70,135,180,118,216,56,159
99,76,30,2,93,17,67,26,31,29,66,91,140,51,34,41,58,126,96,9,54,97,57,38,58,16,57,49,52,97,123,201,50,77,20,109,60,16,37,88,61,25,63,31,58,66,64,90,26,53
494,444,191,93,235,128,488,156,150,207,433,566,922,340,267,279,336,949,516,62,294,501,288,222,353,115,350,241,230,693,838,1460,286,489,140,568,505,81,237,516,352,111,416,191,380,492,304,492,182,358
122,114,43,17,128,12,91,35,47,52,92,132,183,67,60,75,91,196,129,10,62,109,68,48,81,28,85,61,61,134,182,294,58,114,24,131,92,22,52,111,89,31,86,39,73,94,82,99,35,71
446,418,175,67,488,91,231,127,161,202,439,545,872,339,263,285,375,829,503,58,287,501,300,198,303,138,343,210,249,570,770,1317,287,434,120,498,437,80,211,493,348,90,332,183,360,445,332,464,180,300
184,143,50,26,156,35,127,15,36,71,142,163,268,99,77,88,109,262,153,16,90,147,82,65,96,40,95,77,69,189,208,386,81,144,43,154,157,20,54,143,87,26,105,58,106,127,95,153,64,117
182,137,68,31,150,47,161,36,26,66,140,190,287,101,88,109,123,273,176,16,99,168,96,68,109,43,112,79,77,213,300,430,89,146,47,162,141,25,89,198,120,31,123,61,116,155,123,170,69,117
239,196,103,29,207,52,202,71,66,47,174,207,372,136,118,127,150,375,197,23,122,219,120,90,127,55,132,107,98,259,315,552,105,215,55,198,199,32,82,221,125,36,127,71,174,184,116,219,75,130
456,369,207,66,433,92,439,142,140,174,177,465,779,295,226,256,309,784,482,50,251,438,257,178,301,126,304,207,215,535,665,1110,225,434,116,449,384,68,204,437,280,93,316,158,371,405,278,430,137,279
492,486,234,91,566,132,545,163,190,207,465,283,1032,342,303,298,421,1038,536,72,317,577,316,208,406,136,362,231,305,733,894,1642,330,559,132,606,501,97,300,598,359,107,422,213,446,506,335,586,200,381
787,795,343,140,922,183,872,268,287,372,779,1032,831,596,499,528,648,1499,874,118,495,901,535,360,620,229,631,417,460,1157,1350,2486,476,863,193,977,845,174,420,961,622,152,701,356,727,889,567,945,343,627
379,301,131,51,340,67,339,99,101,136,295,342,596,101,190,199,240,579,335,40,180,360,209,131,230,82,239,127,165,362,526,910,198,299,76,370,311,52,151,344,209,67,239,125,267,309,199,344,131,237
300,225,94,34,267,60,263,77,88,118,226,303,499,190,71,125,192,505,283,36,148,317,144,125,156,60,182,132,142,315,412,739,140,259,56,271,253,46,120,263,189,57,213,97,215,254,158,264,94,186
331,237,108,41,279,75,285,88,109,127,256,298,528,199,125,84,219,533,315,44,153,320,162,113,175,62,196,146,172,357,450,775,153,263,73,290,261,52,145,291,204,52,248,106,194,287,159,307,106,192
398,324,130,58,336,91,375,109,123,150,309,421,648,240,192,219,132,673,388,43,225,409,238,141,244,116,260,156,192,465,585,1015,179,356,80,390,322,57,211,388,229,88,282,138,290,325,242,399,152,236
842,817,358,126,949,196,829,262,273,375,784,1038,1499,579,505,533,673,787,920,135,509,933,597,376,641,251,639,449,459,1173,1365,2444,510,820,178,1008,815,160,443,969,579,183,697,353,739,825,591,878,345,660
540,421,200,96,516,129,503,153,176,197,482,536,874,335,283,315,388,920,257,71,297,496,296,190,352,121,344,226,259,638,765,1360,266,499,105,562,469,88,274,571,342,93,400,193,413,509,342,537,178,369
61,46,24,9,62,10,58,16,16,23,50,72,118,40,36,44,43,135,71,4,28,61,28,20,33,13,38,22,26,74,108,213,37,51,14,56,65,5,34,57,38,18,55,20,47,65,39,78,30,33
358,226,132,54,294,62,287,90,99,122,251,317,495,180,148,153,225,509,297,28,71,285,161,106,155,59,189,140,142,343,431,794,147,281,76,304,259,44,147,284,170,63,223,96,222,271,162,316,106,199
547,455,208,97,501,109,501,147,168,219,438,577,901,360,317,320,409,933,496,61,285,278,296,211,332,129,345,226,238,658,782,1409,290,482,121,547,519,83,265,572,322,98,377,209,429,492,344,552,187,363
355,252,112,57,288,68,300,82,96,120,257,316,535,209,144,162,238,597,296,28,161,296,89,127,176,86,218,143,155,355,421,845,160,295,70,323,288,42,153,324,189,56,230,127,246,252,202,313,119,234
197,180,79,38,222,48,198,65,68,90,178,208,360,131,125,113,141,376,190,20,106,211,127,38,150,51,147,104,102,249,333,547,118,209,39,204,162,32,93,207,138,40,137,84,155,179,157,200,67,139
389,280,119,58,353,81,303,96,109,127,301,406,620,230,156,175,244,641,352,33,155,332,176,150,112,78,234,164,177,376,492,942,175,318,73,346,317,53,161,337,216,66,280,124,239,300,207,338,106,226
180,114,48,16,115,28,138,40,43,55,126,136,229,82,60,62,116,251,121,13,59,129,86,51,78,11,68,59,59,163,202,367,65,137,30,126,125,24,65,146,78,26,110,39,105,124,95,129,56,103
400,286,151,57,350,85,343,95,112,132,304,362,631,239,182,196,260,639,344,38,189,345,218,147,234,68,115,171,177,442,542,993,201,297,77,343,329,53,173,368,223,80,257,105,287,305,229,358,121,234
285,189,94,49,241,61,210,77,79,107,207,231,417,127,132,146,156,449,226,22,140,226,143,104,164,59,171,59,131,298,338,689,126,206,57,246,232,44,109,240,159,52,187,93,216,200,155,268,86,147
292,225,109,52,230,61,249,69,77,98,215,305,460,165,142,172,192,459,259,26,142,238,155,102,177,59,177,131,65,317,381,687,131,246,54,245,266,27,119,280,159,60,194,81,207,265,153,280,103,169
600,548,244,97,693,134,570,189,213,259,535,733,1157,362,315,357,465,1173,638,74,343,658,355,249,376,163,442,298,317,415,981,1867,344,552,127,732,579,107,327,699,426,130,545,231,487,632,366,636,252,380
699,663,299,123,838,182,770,208,300,315,665,894,1350,526,412,450,585,1365,765,108,431,782,421,333,492,202,542,338,381,981,537,2112,407,742,174,803,718,121,390,800,507,159,551,315,645,749,482,773,266,526
1170,1219,519,201,1460,294,1317,386,430,552,1110,1642,2486,910,739,775,1015,2444,1360,213,794,1409,845,547,942,367,993,689,687,1867,2112,1982,727,1307,315,1546,1299,262,645,1518,927,305,1000,566,1159,1274,904,1381,514,974
231,222,105,50,286,58,287,81,89,105,225,330,476,198,140,153,179,510,266,37,147,290,160,118,175,65,201,126,131,344,407,727,70,249,61,272,267,55,140,277,189,62,189,114,241,254,176,272,103,182
522,405,174,77,489,114,434,144,146,215,434,559,863,299,259,263,356,820,499,51,281,482,295,209,318,137,297,206,246,552,742,1307,249,187,121,529,453,84,225,483,312,124,384,172,368,419,294,484,175,323
100,97,33,20,140,24,120,43,47,55,116,132,193,76,56,73,80,178,105,14,76,121,70,39,73,30,77,57,54,127,174,315,61,121,13,116,100,25,62,116,72,21,91,42,86,92,66,114,42,76
482,451,196,109,568,131,498,154,162,198,449,606,977,370,271,290,390,1008,562,56,304,547,323,204,346,126,343,246,245,732,803,1546,272,529,116,269,501,75,257,603,347,106,452,188,446,539,354,548,214,357
457,407,186,60,505,92,437,157,141,199,384,501,845,311,253,261,322,815,469,65,259,519,288,162,317,125,329,232,266,579,718,1299,267,453,100,501,219,73,244,485,314,103,343,159,361,456,312,455,161,312
86,85,38,16,81,22,80,20,25,32,68,97,174,52,46,52,57,160,88,5,44,83,42,32,53,24,53,44,27,107,121,262,55,84,25,75,73,13,38,81,58,12,69,42,57,88,43,87,43,47
251,213,104,37,237,52,211,54,89,82,204,300,420,151,120,145,211,443,274,34,147,265,153,93,161,65,173,109,119,327,390,645,140,225,62,257,244,38,55,245,161,59,197,99,157,233,153,256,110,192
468,471,189,88,516,111,493,143,198,221,437,598,961,344,263,291,388,969,571,57,284,572,324,207,337,146,368,240,280,699,800,1518,277,483,116,603,485,81,245,263,340,118,385,200,408,545,329,535,191,366
283,296,142,61,352,89,348,87,120,125,280,359,622,209,189,204,229,579,342,38,170,322,189,138,216,78,223,159,159,426,507,927,189,312,72,347,314,58,161,340,88,60,243,109,250,337,205,367,129,221
123,85,46,25,111,31,90,26,31,36,93,107,152,67,57,52,88,183,93,18,63,98,56,40,66,26,80,52,60,130,159,305,62,124,21,106,103,12,59,118,60,14,71,37,83,95,53,112,27,61
375,307,143,63,416,86,332,105,123,127,316,422,701,239,213,248,282,697,400,55,223,377,230,137,280,110,257,187,194,545,551,1000,189,384,91,452,343,69,197,385,243,71,150,132,308,353,254,368,136,258
183,156,70,31,191,39,183,58,61,71,158,213,356,125,97,106,138,353,193,20,96,209,127,84,124,39,105,93,81,231,315,566,114,172,42,188,159,42,99,200,109,37,132,29,129,193,126,178,65,114
439,350,135,58,380,73,360,106,116,174,371,446,727,267,215,194,290,739,413,47,222,429,246,155,239,105,287,216,207,487,645,1159,241,368,86,446,361,57,157,408,250,83,308,129,169,389,279,420,147,297
441,412,180,66,492,94,445,127,155,184,405,506,889,309,254,287,325,825,509,65,271,492,252,179,300,124,305,200,265,632,749,1274,254,419,92,539,456,88,233,545,337,95,353,193,389,202,284,492,160,305
337,278,118,64,304,82,332,95,123,116,278,335,567,199,158,159,242,591,342,39,162,344,202,157,207,95,229,155,153,366,482,904,176,294,66,354,312,43,153,329,205,53,254,126,279,284,88,346,130,233
499,428,216,90,492,99,464,153,170,219,430,586,945,344,264,307,399,878,537,78,316,552,313,200,338,129,358,268,280,636,773,1381,272,484,114,548,455,87,256,535,367,112,368,178,420,492,346,281,172,366
162,150,56,26,182,35,180,64,69,75,137,200,343,131,94,106,152,345,178,30,106,187,119,67,106,56,121,86,103,252,266,514,103,175,42,214,161,43,110,191,129,27,136,65,147,160,130,172,21,144
377,289,159,53,358,71,300,117,117,130,279,381,627,237,186,192,236,660,369,33,199,363,234,139,226,103,234,147,169,380,526,974,182,323,76,357,312,47,192,366,221,61,258,114,297,305,233,366,144,122
