237,454,217,92,478,110,463,202,167,216,421,512,776,348,301,309,367,767,479,65,304,471,338,191,370,154,353,269,299,628,714,1164,262,448,109,487,450,81,257,472,314,105,358,171,423,385,327,483,154,374
454,199,153,72,451,95,380,137,147,191,360,475,766,266,207,224,312,779,442,52,224,434,235,167,301,117,301,207,196,560,650,1221,244,414,106,457,388,68,248,447,263,101,311,172,357,432,280,491,155,283
217,153,28,35,188,48,190,62,51,74,164,193,373,110,89,113,139,362,189,18,118,200,117,77,136,33,132,91,81,227,265,580,123,183,41,213,179,37,104,215,140,40,180,66,170,174,109,213,70,115
92,72,35,7,72,13,75,23,36,45,86,85,122,58,38,58,64,133,88,9,44,84,60,33,60,19,53,42,51,100,122,226,43,78,11,96,70,16,50,71,55,19,68,25,65,77,67,84,23,59
478,451,188,72,269,133,474,163,185,219,459,576,890,332,239,254,365,878,545,59,275,503,289,189,356,137,352,232,289,627,786,1355,260,452,105,506,499,89,264,524,361,97,380,179,417,474,305,497,198,340
110,95,48,13,133,10,84,32,47,42,98,127,171,83,61,71,68,183,112,19,61,118,78,51,76,28,80,52,64,131,167,297,58,114,24,120,86,17,60,95,76,29,80,37,86,111,76,115,33,68
463,380,190,75,474,84,217,150,179,230,439,531,825,320,259,291,352,850,491,55,280,471,305,164,324,134,336,230,263,587,690,1310,263,431,105,501,441,74,222,494,310,96,352,172,395,460,331,467,180,340
202,137,62,23,163,32,150,15,45,72,133,179,307,91,79,85,107,275,168,31,106,153,75,58,92,38,97,88,73,193,236,464,90,162,29,151,148,24,69,154,104,34,143,53,130,145,84,158,58,123
167,147,51,36,185,47,179,45,28,77,167,196,314,109,85,104,134,317,177,24,96,168,95,59,109,38,122,76,81,218,244,477,83,158,29,182,159,23,74,197,114,32,141,78,124,169,110,173,50,103
216,191,74,45,219,42,230,72,77,46,177,237,346,157,110,146,151,361,216,25,111,244,125,92,127,49,150,105,113,252,306,579,115,201,54,205,204,36,108,211,126,39,174,84,163,205,137,234,86,134
421,360,164,86,459,98,439,133,167,177,180,458,775,315,237,268,297,753,432,60,236,467,249,157,255,116,315,212,217,513,647,1044,211,419,103,425,445,63,227,458,264,89,346,173,318,387,261,462,158,275
512,475,193,85,576,127,531,179,196,237,458,332,966,347,286,306,396,970,546,81,328,557,361,226,391,149,396,257,298,686,824,1544,293,518,133,567,481,90,277,605,362,108,460,234,442,499,369,579,232,392
776,766,373,122,890,171,825,307,314,346,775,966,764,610,485,553,654,1385,877,106,508,890,537,350,630,237,627,424,431,1087,1302,2298,487,863,225,890,838,155,455,948,629,190,684,358,697,774,580,886,350,598
348,266,110,58,332,83,320,91,109,157,315,347,610,113,166,191,216,609,311,29,194,345,181,113,220,72,216,164,169,399,501,981,214,292,81,324,302,49,145,347,235,74,244,127,253,304,206,369,114,221
301,207,89,38,239,61,259,79,85,110,237,286,485,166,61,137,169,466,254,25,137,281,134,108,155,64,173,140,143,289,412,759,134,247,53,274,250,52,126,290,178,52,196,112,202,246,156,266,88,166
309,224,113,58,254,71,291,85,104,146,268,306,553,191,137,68,193,559,289,37,147,293,160,116,199,76,198,131,131,344,436,839,164,255,54,294,252,55,140,327,182,53,242,127,241,256,178,286,115,189
367,312,139,64,365,68,352,107,134,151,297,396,654,216,169,193,127,666,387,41,181,353,202,119,215,90,254,153,177,471,555,969,191,328,92,376,333,63,188,375,240,69,288,137,281,327,237,379,126,250
767,779,362,133,878,183,850,275,317,361,753,970,1385,609,466,559,666,808,901,107,504,958,543,357,605,226,616,451,438,1103,1299,2317,497,845,202,944,845,154,476,931,581,184,679,350,708,809,560,879,331,628
479,442,189,88,545,112,491,168,177,216,432,546,877,311,254,289,387,901,261,55,277,480,293,209,329,132,339,235,270,640,722,1349,263,456,117,532,444,88,275,540,334,112,384,201,430,476,331,507,176,326
65,52,18,9,59,19,55,31,24,25,60,81,106,29,25,37,41,107,55,5,25,72,31,24,43,17,38,22,35,78,99,167,29,54,12,56,48,12,41,57,52,14,48,28,42,64,42,73,20,42
304,224,118,44,275,61,280,106,96,111,236,328,508,194,137,147,181,504,277,25,75,269,133,100,158,58,154,119,133,361,444,734,145,250,61,273,273,53,137,308,171,55,242,95,223,274,194,319,112,201
471,434,200,84,503,118,471,153,168,244,467,557,890,345,281,293,353,958,480,72,269,267,303,195,347,123,345,232,258,654,744,1420,298,460,130,519,473,97,236,524,324,116,404,197,454,488,340,539,208,323
338,235,117,60,289,78,305,75,95,125,249,361,537,181,134,160,202,543,293,31,133,303,77,99,180,76,235,138,147,372,431,839,144,280,76,272,299,58,124,339,214,51,222,121,242,268,196,319,106,196
191,167,77,33,189,51,164,58,59,92,157,226,350,113,108,116,119,357,209,24,100,195,99,29,111,63,128,94,99,247,317,567,105,181,50,214,195,31,93,180,134,40,146,91,150,198,134,199,58,115
370,301,136,60,356,76,324,92,109,127,255,391,630,220,155,199,215,605,329,43,158,347,180,111,99,85,233,155,160,384,500,877,184,313,86,343,331,56,160,346,207,61,243,108,243,290,203,330,102,208
154,117,33,19,137,28,134,38,38,49,116,149,237,72,64,76,90,226,132,17,58,123,76,63,85,16,90,49,59,151,195,373,70,123,47,137,121,16,78,148,74,29,105,49,120,106,88,146,58,99
353,301,132,53,352,80,336,97,122,150,315,396,627,216,173,198,254,616,339,38,154,345,235,128,233,90,123,148,162,425,537,979,198,297,95,359,307,47,185,378,213,66,269,129,294,315,224,369,129,234
269,207,91,42,232,52,230,88,76,105,212,257,424,164,140,131,153,451,235,22,119,232,138,94,155,49,148,62,113,289,363,645,126,247,66,233,212,25,124,245,161,42,174,98,181,208,146,222,105,174
299,196,81,51,289,64,263,73,81,113,217,298,431,169,143,131,177,438,270,35,133,258,147,99,160,59,162,113,48,333,388,715,128,266,58,278,239,36,116,270,164,49,204,86,206,245,157,261,106,171
628,560,227,100,627,131,587,193,218,252,513,686,1087,399,289,344,471,1103,640,78,361,654,372,247,384,151,425,289,333,364,986,1721,340,605,131,676,587,108,358,631,415,100,485,238,494,566,396,639,228,453
714,650,265,122,786,167,690,236,244,306,647,824,1302,501,412,436,555,1299,722,99,444,744,431,317,500,195,537,363,388,986,587,2020,402,691,173,742,694,143,386,772,483,157,562,274,626,705,468,817,279,514
1164,1221,580,226,1355,297,1310,464,477,579,1044,1544,2298,981,759,839,969,2317,1349,167,734,1420,839,567,877,373,979,645,715,1721,2020,1820,707,1321,283,1446,1319,211,670,1405,911,294,1004,522,1190,1205,882,1366,496,927
262,244,123,43,260,58,263,90,83,115,211,293,487,214,134,164,191,497,263,29,145,298,144,105,184,70,198,126,128,340,402,707,78,265,68,275,248,42,149,266,162,55,201,107,241,238,180,257,103,190
448,414,183,78,452,114,431,162,158,201,419,518,863,292,247,255,328,845,456,54,250,460,280,181,313,123,297,247,266,605,691,1321,265,215,110,476,415,85,243,444,328,106,350,177,341,449,301,463,178,319
109,106,41,11,105,24,105,29,29,54,103,133,225,81,53,54,92,202,117,12,61,130,76,50,86,47,95,66,58,131,173,283,68,110,11,116,109,21,47,108,73,26,89,43,98,109,72,107,43,78
487,457,213,96,506,120,501,151,182,205,425,567,890,324,274,294,376,944,532,56,273,519,272,214,343,137,359,233,278,676,742,1446,275,476,116,287,490,90,291,544,325,102,427,180,396,480,322,528,185,367
450,388,179,70,499,86,441,148,159,204,445,481,838,302,250,252,333,845,444,48,273,473,299,195,331,121,307,212,239,587,694,1319,248,415,109,490,220,85,246,504,318,86,366,170,369,412,290,488,177,312
81,68,37,16,89,17,74,24,23,36,63,90,155,49,52,55,63,154,88,12,53,97,58,31,56,16,47,25,36,108,143,211,42,85,21,90,85,7,42,95,48,27,63,30,61,82,54,91,33,72
257,248,104,50,264,60,222,69,74,108,227,277,455,145,126,140,188,476,275,41,137,236,124,93,160,78,185,124,116,358,386,670,149,243,47,291,246,42,66,229,158,48,202,111,206,217,152,252,86,163
472,447,215,71,524,95,494,154,197,211,458,605,948,347,290,327,375,931,540,57,308,524,339,180,346,148,378,245,270,631,772,1405,266,444,108,544,504,95,229,258,329,108,395,187,455,493,335,537,195,365
314,263,140,55,361,76,310,104,114,126,264,362,629,235,178,182,240,581,334,52,171,324,214,134,207,74,213,161,164,415,483,911,162,328,73,325,318,48,158,329,119,80,222,111,273,286,208,313,118,197
105,101,40,19,97,29,96,34,32,39,89,108,190,74,52,53,69,184,112,14,55,116,51,40,61,29,66,42,49,100,157,294,55,106,26,102,86,27,48,108,80,10,94,27,75,94,66,96,30,43
358,311,180,68,380,80,352,143,141,174,346,460,684,244,196,242,288,679,384,48,242,404,222,146,243,105,269,174,204,485,562,1004,201,350,89,427,366,63,202,395,222,94,154,137,294,344,242,389,155,270
171,172,66,25,179,37,172,53,78,84,173,234,358,127,112,127,137,350,201,28,95,197,121,91,108,49,129,98,86,238,274,522,107,177,43,180,170,30,111,187,111,27,137,32,150,168,130,200,70,138
423,357,170,65,417,86,395,130,124,163,318,442,697,253,202,241,281,708,430,42,223,454,242,150,243,120,294,181,206,494,626,1190,241,341,98,396,369,61,206,455,273,75,294,150,169,357,274,418,137,258
385,432,174,77,474,111,460,145,169,205,387,499,774,304,246,256,327,809,476,64,274,488,268,198,290,106,315,208,245,566,705,1205,238,449,109,480,412,82,217,493,286,94,344,168,357,219,289,450,163,317
327,280,109,67,305,76,331,84,110,137,261,369,580,206,156,178,237,560,331,42,194,340,196,134,203,88,224,146,157,396,468,882,180,301,72,322,290,54,152,335,208,66,242,130,274,289,106,334,120,219
483,491,213,84,497,115,467,158,173,234,462,579,886,369,266,286,379,879,507,73,319,539,319,199,330,146,369,222,261,639,817,1366,257,463,107,528,488,91,252,537,313,96,389,200,418,450,334,263,161,343
154,155,70,23,198,33,180,58,50,86,158,232,350,114,88,115,126,331,176,20,112,208,106,58,102,58,129,105,106,228,279,496,103,178,43,185,177,33,86,195,118,30,155,70,137,163,120,161,35,110
374,283,115,59,340,68,340,123,103,134,275,392,598,221,166,189,250,628,326,42,201,323,196,115,208,99,234,174,171,453,514,927,190,319,78,367,312,72,163,365,197,43,270,138,258,317,219,343,110,120
