248,444,200,85,502,109,464,197,187,236,430,512,813,385,303,328,373,779,504,69,332,501,332,236,382,156,393,258,288,612,639,1147,241,445,107,495,461,91,242,462,314,92,386,189,448,399,341,475,194,338
444,199,175,68,429,97,429,132,126,174,351,506,822,319,266,265,315,852,447,55,214,411,271,185,270,113,291,186,231,517,634,1270,232,407,100,443,419,58,211,467,307,81,325,155,365,436,276,439,177,292
200,175,40,31,185,46,196,50,62,78,186,201,366,125,100,116,143,387,217,21,97,228,124,73,119,36,124,86,91,251,336,572,100,186,52,219,191,33,89,210,127,33,159,65,166,187,122,216,83,118
85,68,31,5,86,13,75,22,24,42,71,106,143,66,52,48,63,139,72,9,63,81,57,34,52,20,56,49,41,105,122,202,43,70,30,93,81,22,44,70,57,9,60,27,55,77,48,83,38,61
502,429,185,86,263,115,495,160,159,185,348,534,928,363,283,340,365,927,475,59,271,518,313,207,323,122,332,241,259,586,780,1376,285,508,119,511,474,88,257,533,339,106,366,185,393,435,323,538,196,332
109,97,46,13,115,8,111,31,32,48,99,126,190,81,80,71,94,195,108,15,70,112,73,40,89,31,77,52,54,138,171,269,65,94,36,127,112,21,65,94,66,17,78,35,86,106,78,122,43,71
464,429,196,75,495,111,232,133,142,195,406,510,843,295,259,283,313,841,463,69,274,459,281,184,301,130,329,222,237,588,702,1233,255,428,112,487,441,91,241,513,344,102,364,175,387,447,276,468,173,322
197,132,50,22,160,31,133,17,46,43,126,141,264,93,83,91,102,305,144,17,94,155,97,59,86,39,95,69,80,193,223,459,86,144,32,170,146,33,56,176,101,40,117,61,117,146,91,157,57,97
187,126,62,24,159,32,142,46,15,64,119,201,277,109,78,99,117,275,176,22,79,173,115,69,91,31,91,77,80,215,215,441,95,158,32,176,152,28,83,177,112,34,134,51,116,150,102,161,66,109
236,174,78,42,185,48,195,43,64,37,161,237,380,136,105,116,161,367,201,21,107,179,128,85,132,52,141,113,108,231,301,565,107,206,44,247,189,27,84,224,141,40,171,77,157,204,113,204,84,141
430,351,186,71,348,99,406,126,119,161,150,462,754,279,265,261,326,778,442,49,239,440,251,141,307,124,283,202,245,509,657,1114,224,404,92,455,421,65,178,436,311,87,295,152,361,383,268,389,164,294
512,506,201,106,534,126,510,141,201,237,462,314,975,377,294,313,386,1026,600,75,291,605,315,217,340,131,363,253,254,684,839,1551,309,523,155,558,517,98,246,565,365,94,425,233,410,517,332,573,217,391
813,822,366,143,928,190,843,264,277,380,754,975,789,605,476,563,627,1432,952,119,478,937,529,390,609,227,646,452,476,1105,1340,2458,470,825,225,945,822,165,450,970,611,186,738,337,731,813,566,958,338,611
385,319,125,66,363,81,295,93,109,136,279,377,605,98,180,185,250,596,337,39,183,347,174,112,230,75,207,154,164,395,494,904,188,287,70,359,314,54,149,343,229,66,252,113,264,292,227,331,116,215
303,266,100,52,283,80,259,83,78,105,265,294,476,180,70,140,154,464,251,37,135,254,139,127,172,75,185,136,134,331,396,766,134,260,59,289,257,40,127,304,173,38,243,84,211,244,183,261,84,177
328,265,116,48,340,71,283,91,99,116,261,313,563,185,140,80,201,543,269,36,142,295,168,118,185,68,183,135,145,352,420,861,164,258,63,295,270,42,157,324,186,50,230,98,218,276,200,285,104,201
373,315,143,63,365,94,313,102,117,161,326,386,627,250,154,201,141,625,362,30,211,393,190,140,223,88,228,139,186,461,527,1013,184,323,67,355,321,67,172,381,232,73,293,127,287,350,195,367,121,246
779,852,387,139,927,195,841,305,275,367,778,1026,1432,596,464,543,625,765,941,114,495,945,518,378,624,260,678,468,462,1107,1301,2346,475,836,183,919,857,157,457,992,604,196,708,326,740,800,598,918,291,617
504,447,217,72,475,108,463,144,176,201,442,600,952,337,251,269,362,941,260,60,272,475,275,206,359,96,315,232,264,662,718,1472,253,448,98,512,474,84,257,553,329,91,384,206,439,454,310,539,226,328
69,55,21,9,59,15,69,17,22,21,49,75,119,39,37,36,30,114,60,3,31,59,36,17,46,16,43,39,28,71,112,166,28,54,16,68,51,8,35,70,37,15,44,27,58,54,39,78,23,35
332,214,97,63,271,70,274,94,79,107,239,291,478,183,135,142,211,495,272,31,89,278,144,100,161,69,176,109,164,360,432,787,139,284,73,282,269,43,142,304,182,66,221,104,198,273,152,315,111,195
501,411,228,81,518,112,459,155,173,179,440,605,937,347,254,295,393,945,475,59,278,259,290,191,319,114,306,238,243,625,710,1424,298,482,99,508,498,84,263,543,356,98,392,196,426,495,300,513,203,336
332,271,124,57,313,73,281,97,115,128,251,315,529,174,139,168,190,518,275,36,144,290,67,120,213,72,189,139,176,387,443,827,168,298,69,289,291,54,148,339,203,51,230,101,246,274,191,301,99,232
236,185,73,34,207,40,184,59,69,85,141,217,390,112,127,118,140,378,206,17,100,191,120,43,127,43,122,92,93,240,280,557,108,173,38,226,145,29,115,206,137,50,150,72,170,194,132,215,73,144
382,270,119,52,323,89,301,86,91,132,307,340,609,230,172,185,223,624,359,46,161,319,213,127,123,93,221,169,184,392,524,919,174,309,83,323,329,40,159,361,247,68,254,102,239,277,220,371,116,224
156,113,36,20,122,31,130,39,31,52,124,131,227,75,75,68,88,260,96,16,69,114,72,43,93,9,74,69,62,175,162,347,63,105,32,116,113,19,61,122,80,32,116,50,101,108,89,138,50,101
393,291,124,56,332,77,329,95,91,141,283,363,646,207,185,183,228,678,315,43,176,306,189,122,221,74,116,152,168,431,466,1006,189,299,76,333,317,49,173,343,254,62,279,127,281,306,204,343,137,237
258,186,86,49,241,52,222,69,77,113,202,253,452,154,136,135,139,468,232,39,109,238,139,92,169,69,152,54,116,315,349,701,139,229,57,221,221,55,134,261,141,51,193,82,193,207,145,251,88,141
288,231,91,41,259,54,237,80,80,108,245,254,476,164,134,145,186,462,264,28,164,243,176,93,184,62,168,116,62,305,396,754,145,250,59,270,234,50,126,272,154,61,189,93,184,251,146,258,99,167
612,517,251,105,586,138,588,193,215,231,509,684,1105,395,331,352,461,1107,662,71,360,625,387,240,392,175,431,315,305,388,958,1699,333,604,136,668,560,95,327,638,385,146,453,215,483,590,381,639,233,390
639,634,336,122,780,171,702,223,215,301,657,839,1340,494,396,420,527,1301,718,112,432,710,443,280,524,162,466,349,396,958,559,2092,380,734,171,808,714,123,396,816,499,139,575,277,584,717,501,777,291,507
1147,1270,572,202,1376,269,1233,459,441,565,1114,1551,2458,904,766,861,1013,2346,1472,166,787,1424,827,557,919,347,1006,701,754,1699,2092,1849,687,1320,300,1570,1284,220,742,1469,915,303,1002,546,1166,1254,915,1467,497,948
241,232,100,43,285,65,255,86,95,107,224,309,470,188,134,164,184,475,253,28,139,298,168,108,174,63,189,139,145,333,380,687,74,283,66,316,256,41,145,290,180,56,217,101,212,267,175,270,110,181
445,407,186,70,508,94,428,144,158,206,404,523,825,287,260,258,323,836,448,54,284,482,298,173,309,105,299,229,250,604,734,1320,283,218,107,497,373,77,236,478,306,99,334,191,360,455,296,473,185,319
107,100,52,30,119,36,112,32,32,44,92,155,225,70,59,63,67,183,98,16,73,99,69,38,83,32,76,57,59,136,171,300,66,107,11,117,116,14,65,119,84,28,87,39,94,102,75,124,34,81
495,443,219,93,511,127,487,170,176,247,455,558,945,359,289,295,355,919,512,68,282,508,289,226,323,116,333,221,270,668,808,1570,316,497,117,272,478,97,268,573,348,106,429,199,431,465,338,549,190,337
461,419,191,81,474,112,441,146,152,189,421,517,822,314,257,270,321,857,474,51,269,498,291,145,329,113,317,221,234,560,714,1284,256,373,116,478,218,74,225,507,332,101,377,169,360,402,290,501,176,339
91,58,33,22,88,21,91,33,28,27,65,98,165,54,40,42,67,157,84,8,43,84,54,29,40,19,49,55,50,95,123,220,41,77,14,97,74,9,33,92,58,25,70,47,69,77,58,83,30,66
242,211,89,44,257,65,241,56,83,84,178,246,450,149,127,157,172,457,257,35,142,263,148,115,159,61,173,134,126,327,396,742,145,236,65,268,225,33,55,260,166,58,200,84,178,240,119,276,87,145
462,467,210,70,533,94,513,176,177,224,436,565,970,343,304,324,381,992,553,70,304,543,339,206,361,122,343,261,272,638,816,1469,290,478,119,573,507,92,260,284,327,116,394,213,454,500,350,545,209,355
314,307,127,57,339,66,344,101,112,141,311,365,611,229,173,186,232,604,329,37,182,356,203,137,247,80,254,141,154,385,499,915,180,306,84,348,332,58,166,327,114,66,263,126,295,279,194,336,133,214
92,81,33,9,106,17,102,40,34,40,87,94,186,66,38,50,73,196,91,15,66,98,51,50,68,32,62,51,61,146,139,303,56,99,28,106,101,25,58,116,66,5,84,44,78,91,61,110,36,60
386,325,159,60,366,78,364,117,134,171,295,425,738,252,243,230,293,708,384,44,221,392,230,150,254,116,279,193,189,453,575,1002,217,334,87,429,377,70,200,394,263,84,152,144,319,353,239,407,132,251
189,155,65,27,185,35,175,61,51,77,152,233,337,113,84,98,127,326,206,27,104,196,101,72,102,50,127,82,93,215,277,546,101,191,39,199,169,47,84,213,126,44,144,33,134,168,126,194,63,141
448,365,166,55,393,86,387,117,116,157,361,410,731,264,211,218,287,740,439,58,198,426,246,170,239,101,281,193,184,483,584,1166,212,360,94,431,360,69,178,454,295,78,319,134,153,359,252,448,154,264
399,436,187,77,435,106,447,146,150,204,383,517,813,292,244,276,350,800,454,54,273,495,274,194,277,108,306,207,251,590,717,1254,267,455,102,465,402,77,240,500,279,91,353,168,359,223,281,489,163,312
341,276,122,48,323,78,276,91,102,113,268,332,566,227,183,200,195,598,310,39,152,300,191,132,220,89,204,145,146,381,501,915,175,296,75,338,290,58,119,350,194,61,239,126,252,281,104,322,138,210
475,439,216,83,538,122,468,157,161,204,389,573,958,331,261,285,367,918,539,78,315,513,301,215,371,138,343,251,258,639,777,1467,270,473,124,549,501,83,276,545,336,110,407,194,448,489,322,260,198,354
194,177,83,38,196,43,173,57,66,84,164,217,338,116,84,104,121,291,226,23,111,203,99,73,116,50,137,88,99,233,291,497,110,185,34,190,176,30,87,209,133,36,132,63,154,163,138,198,28,140
338,292,118,61,332,71,322,97,109,141,294,391,611,215,177,201,246,617,328,35,195,336,232,144,224,101,237,141,167,390,507,948,181,319,81,337,339,66,145,355,214,60,251,141,264,312,210,354,140,106
