292,447,197,93,538,123,474,191,160,223,439,539,861,352,310,321,397,823,498,68,320,488,348,214,379,171,387,268,288,628,724,1252,248,463,116,568,538,102,253,428,322,109,384,195,425,415,341,492,166,369
447,171,182,89,398,99,425,129,156,172,354,520,817,282,197,233,334,808,428,41,251,470,265,164,288,90,267,196,214,547,712,1259,258,392,94,465,415,65,244,458,290,97,335,162,331,408,253,436,163,292
197,182,38,43,198,60,193,66,49,83,160,195,381,115,90,114,148,374,191,17,87,172,120,76,124,52,115,93,97,262,296,639,120,188,43,180,180,37,96,213,156,45,188,71,146,182,109,220,82,138
93,89,43,10,77,22,84,33,33,33,75,89,135,69,55,63,68,134,91,11,53,83,59,40,62,24,62,52,48,105,123,189,41,88,25,106,80,15,43,92,61,16,67,37,74,82,61,78,29,55
538,398,198,77,244,123,461,169,170,194,436,618,940,330,275,301,404,922,495,59,238,520,298,210,339,125,322,243,260,662,770,1472,270,477,133,530,480,86,260,541,327,90,407,196,407,450,327,534,188,364
123,99,60,22,123,9,103,34,34,52,97,130,191,86,52,76,79,195,99,13,62,118,69,41,83,34,92,53,63,138,152,279,45,100,33,157,111,19,51,113,75,13,93,57,103,115,67,120,42,74
474,425,193,84,461,103,244,140,145,174,383,563,854,309,255,315,359,854,505,56,255,500,278,191,321,120,330,207,247,605,683,1306,244,440,109,533,445,70,243,491,284,94,373,187,417,503,300,517,175,335
191,129,66,33,169,34,140,23,39,73,153,155,263,110,95,92,116,244,161,28,93,153,99,71,80,31,83,46,90,194,205,425,83,150,41,171,137,33,79,163,118,32,111,52,123,129,87,170,65,110
160,156,49,33,170,34,145,39,24,61,136,197,284,97,93,92,112,290,180,26,81,174,102,65,103,36,101,89,83,219,252,518,92,148,55,196,169,33,83,176,124,33,134,74,125,155,94,190,67,101
223,172,83,33,194,52,174,73,61,31,155,212,345,142,121,127,134,361,197,27,113,189,102,83,124,42,118,98,102,248,294,530,112,204,51,214,201,34,113,220,137,38,159,78,153,190,131,204,62,143
439,354,160,75,436,97,383,153,136,155,149,462,756,272,220,254,286,789,416,47,254,430,247,170,260,108,267,188,228,529,632,1141,258,437,116,500,397,71,253,445,275,86,299,154,332,434,280,412,151,292
539,520,195,89,618,130,563,155,197,212,462,344,1078,377,308,331,388,1044,564,60,268,565,358,221,391,139,371,250,286,763,861,1639,301,506,124,597,507,106,264,618,376,105,463,224,489,555,381,594,222,324
861,817,381,135,940,191,854,263,284,345,756,1078,799,559,493,524,624,1474,931,114,538,919,512,353,585,229,597,418,433,1147,1396,2486,471,813,210,990,769,166,431,1005,642,203,654,358,684,864,602,930,333,598
352,282,115,69,330,86,309,110,97,142,272,377,559,111,179,194,216,574,326,39,187,302,189,125,205,83,219,152,165,395,449,907,200,309,83,314,316,54,159,320,203,69,251,112,258,307,205,342,132,222
310,197,90,55,275,52,255,95,93,121,220,308,493,179,77,141,184,495,288,28,154,283,149,108,163,70,178,118,140,325,417,744,162,266,55,265,230,38,129,255,138,53,198,105,212,252,174,264,101,185
321,233,114,63,301,76,315,92,92,127,254,331,524,194,141,83,197,537,296,39,132,314,161,129,191,76,193,122,143,358,451,841,177,281,74,277,290,57,151,318,164,50,241,120,280,280,188,312,97,198
397,334,148,68,404,79,359,116,112,134,286,388,624,216,184,197,117,639,369,47,187,393,224,153,236,93,249,164,177,468,522,1047,202,364,86,386,341,62,174,387,252,71,286,132,292,343,225,361,145,244
823,808,374,134,922,195,854,244,290,361,789,1044,1474,574,495,537,639,829,919,123,481,926,523,375,616,230,596,436,435,1148,1355,2523,500,867,217,950,820,175,427,1049,620,184,662,349,705,867,585,937,345,588
498,428,191,91,495,99,505,161,180,197,416,564,931,326,288,296,369,919,245,64,293,483,335,227,329,124,295,234,249,671,779,1411,292,494,121,539,500,81,261,525,326,96,367,167,422,477,301,527,204,327
68,41,17,11,59,13,56,28,26,27,47,60,114,39,28,39,47,123,64,5,37,60,44,26,35,19,45,32,38,81,93,185,35,64,16,71,54,12,30,67,49,12,48,24,46,52,45,60,27,44
320,251,87,53,238,62,255,93,81,113,254,268,538,187,154,132,187,481,293,37,92,262,175,125,190,71,170,131,128,329,419,806,166,261,62,254,275,42,145,304,192,64,217,108,229,248,172,304,105,196
488,470,172,83,520,118,500,153,174,189,430,565,919,302,283,314,393,926,483,60,262,242,317,214,325,137,318,235,252,677,755,1442,285,456,139,556,477,96,263,547,368,104,401,187,388,455,289,547,193,350
348,265,120,59,298,69,278,99,102,102,247,358,512,189,149,161,224,523,335,44,175,317,93,116,202,69,199,132,154,339,465,820,167,294,66,330,284,49,160,315,187,82,228,107,220,283,174,307,117,181
214,164,76,40,210,41,191,71,65,83,170,221,353,125,108,129,153,375,227,26,125,214,116,37,130,44,131,101,103,226,321,578,111,184,54,232,176,27,105,210,135,37,161,72,153,184,121,202,89,132
379,288,124,62,339,83,321,80,103,124,260,391,585,205,163,191,236,616,329,35,190,325,202,130,105,88,207,139,173,393,503,915,186,338,75,365,314,54,167,338,223,68,251,120,239,289,189,324,130,213
171,90,52,24,125,34,120,31,36,42,108,139,229,83,70,76,93,230,124,19,71,137,69,44,88,16,77,66,52,139,195,377,70,120,27,154,113,19,63,124,77,32,107,41,99,117,83,142,53,83
387,267,115,62,322,92,330,83,101,118,267,371,597,219,178,193,249,596,295,45,170,318,199,131,207,77,122,159,162,412,518,965,211,313,78,380,322,70,187,323,215,86,258,126,284,295,200,356,138,237
268,196,93,52,243,53,207,46,89,98,188,250,418,152,118,122,164,436,234,32,131,235,132,101,139,66,159,55,106,272,369,703,112,199,65,255,226,45,106,258,159,50,193,86,158,210,120,233,96,168
288,214,97,48,260,63,247,90,83,102,228,286,433,165,140,143,177,435,249,38,128,252,154,103,173,52,162,106,66,306,368,718,129,261,59,282,237,32,147,246,144,57,197,81,210,218,176,266,96,175
628,547,262,105,662,138,605,194,219,248,529,763,1147,395,325,358,468,1148,671,81,329,677,339,226,393,139,412,272,306,383,939,1829,331,581,133,658,580,104,344,691,442,136,457,227,494,609,397,688,242,407
724,712,296,123,770,152,683,205,252,294,632,861,1396,449,417,451,522,1355,779,93,419,755,465,321,503,195,518,369,368,939,563,2188,432,719,181,847,694,127,370,834,510,170,604,294,602,692,454,784,276,477
1252,1259,639,189,1472,279,1306,425,518,530,1141,1639,2486,907,744,841,1047,2523,1411,185,806,1442,820,578,915,377,965,703,718,1829,2188,1964,775,1274,321,1470,1302,258,724,1586,911,294,1091,518,1138,1332,867,1401,517,890
248,258,120,41,270,45,244,83,92,112,258,301,471,200,162,177,202,500,292,35,166,285,167,111,186,70,211,112,129,331,432,775,68,265,68,304,233,46,133,281,189,57,208,119,216,255,169,265,93,179
463,392,188,88,477,100,440,150,148,204,437,506,813,309,266,281,364,867,494,64,261,456,294,184,338,120,313,199,261,581,719,1274,265,213,111,503,455,80,228,482,309,78,368,179,397,451,302,492,212,304
116,94,43,25,133,33,109,41,55,51,116,124,210,83,55,74,86,217,121,16,62,139,66,54,75,27,78,65,59,133,181,321,68,111,12,120,109,22,67,118,79,26,92,38,74,118,74,117,41,71
568,465,180,106,530,157,533,171,196,214,500,597,990,314,265,277,386,950,539,71,254,556,330,232,365,154,380,255,282,658,847,1470,304,503,120,273,535,83,250,561,338,94,433,195,435,491,328,533,217,371
538,415,180,80,480,111,445,137,169,201,397,507,769,316,230,290,341,820,500,54,275,477,284,176,314,113,322,226,237,580,694,1302,233,455,109,535,239,84,240,502,332,91,364,178,370,421,314,487,164,325
102,65,37,15,86,19,70,33,33,34,71,106,166,54,38,57,62,175,81,12,42,96,49,27,54,19,70,45,32,104,127,258,46,80,22,83,84,11,47,87,54,18,71,33,57,81,52,89,38,67
253,244,96,43,260,51,243,79,83,113,253,264,431,159,129,151,174,427,261,30,145,263,160,105,167,63,187,106,147,344,370,724,133,228,67,250,240,47,60,283,166,50,186,97,209,235,150,268,107,171
428,458,213,92,541,113,491,163,176,220,445,618,1005,320,255,318,387,1049,525,67,304,547,315,210,338,124,323,258,246,691,834,1586,281,482,118,561,502,87,283,295,369,115,430,220,416,487,344,545,208,350
322,290,156,61,327,75,284,118,124,137,275,376,642,203,138,164,252,620,326,49,192,368,187,135,223,77,215,159,144,442,510,911,189,309,79,338,332,54,166,369,128,73,250,127,254,336,204,353,120,234
109,97,45,16,90,13,94,32,33,38,86,105,203,69,53,50,71,184,96,12,64,104,82,37,68,32,86,50,57,136,170,294,57,78,26,94,91,18,50,115,73,11,89,28,84,97,61,115,37,67
384,335,188,67,407,93,373,111,134,159,299,463,654,251,198,241,286,662,367,48,217,401,228,161,251,107,258,193,197,457,604,1091,208,368,92,433,364,71,186,430,250,89,144,166,312,357,250,415,149,265
195,162,71,37,196,57,187,52,74,78,154,224,358,112,105,120,132,349,167,24,108,187,107,72,120,41,126,86,81,227,294,518,119,179,38,195,178,33,97,220,127,28,166,35,137,187,98,208,66,137
425,331,146,74,407,103,417,123,125,153,332,489,684,258,212,280,292,705,422,46,229,388,220,153,239,99,284,158,210,494,602,1138,216,397,74,435,370,57,209,416,254,84,312,137,153,380,224,407,134,278
415,408,182,82,450,115,503,129,155,190,434,555,864,307,252,280,343,867,477,52,248,455,283,184,289,117,295,210,218,609,692,1332,255,451,118,491,421,81,235,487,336,97,357,187,380,213,311,478,181,313
341,253,109,61,327,67,300,87,94,131,280,381,602,205,174,188,225,585,301,45,172,289,174,121,189,83,200,120,176,397,454,867,169,302,74,328,314,52,150,344,204,61,250,98,224,311,91,307,131,222
492,436,220,78,534,120,517,170,190,204,412,594,930,342,264,312,361,937,527,60,304,547,307,202,324,142,356,233,266,688,784,1401,265,492,117,533,487,89,268,545,353,115,415,208,407,478,307,241,182,368
166,163,82,29,188,42,175,65,67,62,151,222,333,132,101,97,145,345,204,27,105,193,117,89,130,53,138,96,96,242,276,517,93,212,41,217,164,38,107,208,120,37,149,66,134,181,131,182,37,111
369,292,138,55,364,74,335,110,101,143,292,324,598,222,185,198,244,588,327,44,196,350,181,132,213,83,237,168,175,407,477,890,179,304,71,371,325,67,171,350,234,67,265,137,278,313,222,368,111,101
