275,480,220,90,513,115,508,159,176,256,481,494,779,407,292,335,358,793,540,57,317,534,314,202,378,156,386,287,303,625,738,1151,208,496,118,536,498,93,235,519,320,118,355,202,452,397,336,528,174,371
480,206,181,73,468,100,439,125,149,178,381,478,828,261,220,242,297,817,424,76,264,466,260,179,289,110,282,197,205,535,653,1200,233,433,118,440,408,79,211,480,283,95,355,163,316,424,281,464,171,299
220,181,29,41,191,49,209,56,64,91,171,235,386,137,87,107,132,380,205,17,101,197,110,97,132,51,125,81,82,234,316,574,118,180,47,208,195,34,115,225,123,45,159,74,146,197,111,222,69,130
90,73,41,8,81,26,91,27,17,39,70,93,162,54,59,67,59,167,83,10,51,77,44,31,62,21,63,46,62,97,130,224,42,88,17,88,76,13,36,98,55,16,76,34,66,77,57,92,22,54
513,468,191,81,250,128,478,147,166,193,439,555,941,326,283,278,367,889,523,63,282,528,300,195,354,116,343,254,269,665,766,1460,276,456,107,561,487,82,269,556,343,112,400,195,402,470,339,522,191,363
115,100,49,26,128,11,108,38,33,46,92,116,184,81,64,77,79,192,124,12,79,112,67,39,77,40,85,56,68,146,169,310,53,109,28,123,104,19,49,121,73,21,89,46,78,90,67,97,37,79
508,439,209,91,478,108,222,139,162,205,408,539,856,289,284,287,351,878,522,67,264,509,308,203,327,131,328,226,294,573,750,1365,294,484,113,555,447,81,243,521,300,109,361,197,410,443,351,496,187,338
159,125,56,27,147,38,139,25,55,67,135,165,275,112,67,78,96,285,157,15,89,149,88,57,101,44,102,60,78,196,222,420,70,131,46,132,132,16,63,142,106,25,115,46,121,153,98,159,53,92
176,149,64,17,166,33,162,55,21,66,159,156,303,119,110,112,110,317,198,18,84,172,96,72,121,46,118,76,79,200,247,479,81,139,28,190,134,30,82,183,115,32,112,79,133,148,110,175,52,85
256,178,91,39,193,46,205,67,66,47,177,229,339,125,124,130,153,360,193,24,113,198,134,86,145,56,136,109,86,255,313,547,106,192,64,238,189,46,89,201,132,43,161,78,177,192,137,226,84,138
481,381,171,70,439,92,408,135,159,177,175,488,729,260,230,241,320,730,393,53,238,437,277,176,286,124,293,230,214,531,620,1162,210,383,99,471,367,92,221,445,269,96,296,176,377,400,293,435,162,294
494,478,235,93,555,116,539,165,156,229,488,338,1017,358,312,343,380,967,567,72,335,552,354,208,331,151,349,279,262,753,888,1540,339,488,131,592,493,101,274,586,375,107,434,214,427,540,334,583,209,390
779,828,386,162,941,184,856,275,303,339,729,1017,833,596,442,535,668,1411,864,121,508,910,572,371,584,232,644,430,465,1178,1374,2511,509,850,194,978,803,147,460,947,608,184,683,325,714,820,567,891,324,602
407,261,137,54,326,81,289,112,119,125,260,358,596,95,185,190,236,597,330,43,166,330,200,134,183,85,218,156,190,397,516,973,184,330,74,356,309,66,166,364,227,65,275,140,249,307,222,336,124,242
292,220,87,59,283,64,284,67,110,124,230,312,442,185,79,149,170,481,226,30,130,255,164,103,175,74,189,119,125,307,397,742,137,242,53,260,242,39,137,296,149,53,196,112,196,231,155,272,113,153
335,242,107,67,278,77,287,78,112,130,241,343,535,190,149,67,209,532,246,28,148,299,170,109,166,88,199,116,129,301,409,846,160,273,54,307,289,38,147,284,159,70,201,117,205,274,174,287,134,159
358,297,132,59,367,79,351,96,110,153,320,380,668,236,170,209,142,647,338,45,193,324,203,151,235,88,241,149,196,463,566,1021,180,310,84,400,318,69,161,397,243,79,272,134,287,353,228,415,131,236
793,817,380,167,889,192,878,285,317,360,730,967,1411,597,481,532,647,795,874,119,489,905,545,383,627,237,628,391,474,1165,1298,2395,472,873,194,992,831,148,465,916,588,181,681,346,736,856,559,888,346,586
540,424,205,83,523,124,522,157,198,193,393,567,864,330,226,246,338,874,279,58,279,511,286,199,347,130,335,242,253,650,802,1446,256,451,105,538,502,90,264,573,366,111,380,189,420,444,325,549,179,354
57,76,17,10,63,12,67,15,18,24,53,72,121,43,30,28,45,119,58,4,33,58,38,32,38,13,53,29,26,80,97,180,36,60,13,59,67,13,28,74,32,15,52,24,54,71,35,75,20,41
317,264,101,51,282,79,264,89,84,113,238,335,508,166,130,148,193,489,279,33,79,281,146,99,163,55,173,127,132,336,427,800,154,247,63,286,277,40,142,267,180,58,223,90,227,266,165,281,103,180
534,466,197,77,528,112,509,149,172,198,437,552,910,330,255,299,324,905,511,58,281,259,309,220,342,145,351,241,270,635,753,1403,259,490,111,558,491,76,246,556,334,124,391,221,414,466,321,542,180,369
314,260,110,44,300,67,308,88,96,134,277,354,572,200,164,170,203,545,286,38,146,309,80,135,186,60,195,116,151,362,492,905,186,264,69,308,290,52,142,337,193,62,250,112,235,268,177,322,121,220
202,179,97,31,195,39,203,57,72,86,176,208,371,134,103,109,151,383,199,32,99,220,135,42,135,46,147,112,125,256,313,545,120,215,57,204,184,42,99,255,142,41,134,89,174,207,149,208,76,129
378,289,132,62,354,77,327,101,121,145,286,331,584,183,175,166,235,627,347,38,163,342,186,135,116,88,202,165,183,397,497,916,177,329,78,319,281,68,159,367,195,71,257,138,259,319,202,312,131,228
156,110,51,21,116,40,131,44,46,56,124,151,232,85,74,88,88,237,130,13,55,145,60,46,88,13,76,55,73,167,198,376,81,120,30,137,118,16,63,131,73,35,107,47,93,124,84,150,37,76
386,282,125,63,343,85,328,102,118,136,293,349,644,218,189,199,241,628,335,53,173,351,195,147,202,76,108,156,178,414,491,991,187,320,63,358,300,49,175,347,195,73,274,139,275,351,204,357,107,214
287,197,81,46,254,56,226,60,76,109,230,279,430,156,119,116,149,391,242,29,127,241,116,112,165,55,156,47,107,272,336,591,111,200,56,240,218,34,113,247,148,52,170,74,197,203,142,250,84,180
303,205,82,62,269,68,294,78,79,86,214,262,465,190,125,129,196,474,253,26,132,270,151,125,183,73,178,107,70,301,366,702,143,261,60,243,270,46,116,264,150,60,203,86,228,237,174,273,102,144
625,535,234,97,665,146,573,196,200,255,531,753,1178,397,307,301,463,1165,650,80,336,635,362,256,397,167,414,272,301,393,1001,1869,378,604,147,679,573,105,334,670,424,119,523,238,502,615,428,639,246,430
738,653,316,130,766,169,750,222,247,313,620,888,1374,516,397,409,566,1298,802,97,427,753,492,313,497,198,491,336,366,1001,596,2013,420,669,161,803,721,143,384,863,509,171,574,279,587,684,465,794,263,522
1151,1200,574,224,1460,310,1365,420,479,547,1162,1540,2511,973,742,846,1021,2395,1446,180,800,1403,905,545,916,376,991,591,702,1869,2013,1901,743,1338,312,1545,1301,224,704,1526,953,297,1054,574,1196,1274,919,1446,500,967
208,233,118,42,276,53,294,70,81,106,210,339,509,184,137,160,180,472,256,36,154,259,186,120,177,81,187,111,143,378,420,743,64,256,67,301,253,45,132,319,187,58,199,109,224,234,163,300,114,192
496,433,180,88,456,109,484,131,139,192,383,488,850,330,242,273,310,873,451,60,247,490,264,215,329,120,320,200,261,604,669,1338,256,226,107,490,460,63,226,505,290,94,369,171,403,438,300,502,182,313
118,118,47,17,107,28,113,46,28,64,99,131,194,74,53,54,84,194,105,13,63,111,69,57,78,30,63,56,60,147,161,312,67,107,16,123,122,16,61,108,70,28,93,40,99,107,61,114,43,72
536,440,208,88,561,123,555,132,190,238,471,592,978,356,260,307,400,992,538,59,286,558,308,204,319,137,358,240,243,679,803,1545,301,490,123,277,523,103,256,571,350,114,406,203,406,474,350,556,200,330
498,408,195,76,487,104,447,132,134,189,367,493,803,309,242,289,318,831,502,67,277,491,290,184,281,118,300,218,270,573,721,1301,253,460,122,523,217,64,231,504,295,97,350,177,365,432,297,507,193,318
93,79,34,13,82,19,81,16,30,46,92,101,147,66,39,38,69,148,90,13,40,76,52,42,68,16,49,34,46,105,143,224,45,63,16,103,64,7,47,93,45,16,62,34,62,73,50,104,28,53
235,211,115,36,269,49,243,63,82,89,221,274,460,166,137,147,161,465,264,28,142,246,142,99,159,63,175,113,116,334,384,704,132,226,61,256,231,47,65,274,190,38,184,101,194,251,172,262,90,151
519,480,225,98,556,121,521,142,183,201,445,586,947,364,296,284,397,916,573,74,267,556,337,255,367,131,347,247,264,670,863,1526,319,505,108,571,504,93,274,306,368,111,403,195,454,507,351,573,196,358
320,283,123,55,343,73,300,106,115,132,269,375,608,227,149,159,243,588,366,32,180,334,193,142,195,73,195,148,150,424,509,953,187,290,70,350,295,45,190,368,114,74,241,119,262,323,234,325,103,211
118,95,45,16,112,21,109,25,32,43,96,107,184,65,53,70,79,181,111,15,58,124,62,41,71,35,73,52,60,119,171,297,58,94,28,114,97,16,38,111,74,7,97,50,84,90,75,114,39,78
355,355,159,76,400,89,361,115,112,161,296,434,683,275,196,201,272,681,380,52,223,391,250,134,257,107,274,170,203,523,574,1054,199,369,93,406,350,62,184,403,241,97,133,132,299,307,243,384,142,278
202,163,74,34,195,46,197,46,79,78,176,214,325,140,112,117,134,346,189,24,90,221,112,89,138,47,139,74,86,238,279,574,109,171,40,203,177,34,101,195,119,50,132,45,168,175,123,197,76,146
452,316,146,66,402,78,410,121,133,177,377,427,714,249,196,205,287,736,420,54,227,414,235,174,259,93,275,197,228,502,587,1196,224,403,99,406,365,62,194,454,262,84,299,168,172,373,269,409,171,285
397,424,197,77,470,90,443,153,148,192,400,540,820,307,231,274,353,856,444,71,266,466,268,207,319,124,351,203,237,615,684,1274,234,438,107,474,432,73,251,507,323,90,307,175,373,220,299,490,158,338
336,281,111,57,339,67,351,98,110,137,293,334,567,222,155,174,228,559,325,35,165,321,177,149,202,84,204,142,174,428,465,919,163,300,61,350,297,50,172,351,234,75,243,123,269,299,110,351,89,237
528,464,222,92,522,97,496,159,175,226,435,583,891,336,272,287,415,888,549,75,281,542,322,208,312,150,357,250,273,639,794,1446,300,502,114,556,507,104,262,573,325,114,384,197,409,490,351,253,190,383
174,171,69,22,191,37,187,53,52,84,162,209,324,124,113,134,131,346,179,20,103,180,121,76,131,37,107,84,102,246,263,500,114,182,43,200,193,28,90,196,103,39,142,76,171,158,89,190,34,125
371,299,130,54,363,79,338,92,85,138,294,390,602,242,153,159,236,586,354,41,180,369,220,129,228,76,214,180,144,430,522,967,192,313,72,330,318,53,151,358,211,78,278,146,285,338,237,383,125,107
