279,439,198,76,495,98,462,170,182,238,441,545,800,359,312,337,371,762,487,63,318,484,317,194,359,141,370,261,294,610,661,1144,231,461,96,528,520,85,250,460,319,109,344,148,424,448,310,495,155,375
439,191,176,79,429,97,425,141,123,182,357,490,774,290,227,233,321,795,445,60,237,448,260,187,285,104,300,209,203,543,638,1153,232,435,102,448,435,66,196,462,286,107,310,155,351,407,257,464,162,302
198,176,29,40,214,48,165,79,56,71,170,224,331,133,88,93,137,353,217,20,82,206,104,77,127,46,123,99,83,227,318,566,107,188,39,200,192,28,96,211,139,44,158,74,147,177,109,203,78,141
76,79,40,1,82,11,80,35,26,37,81,89,133,49,48,52,56,134,89,8,47,92,51,40,62,22,64,41,37,98,130,206,45,72,18,84,71,28,41,82,42,24,60,29,68,68,49,99,29,60
495,429,214,82,217,128,474,163,140,174,409,582,931,326,276,300,339,925,539,66,320,536,298,222,346,118,308,244,263,591,788,1395,282,457,133,590,493,98,240,538,325,102,385,173,384,466,311,503,200,316
98,97,48,11,128,13,111,48,39,51,111,131,166,72,68,74,64,162,113,18,70,111,62,49,86,35,77,54,63,148,162,252,52,106,24,111,115,29,61,118,78,24,62,31,86,92,73,108,43,78
462,425,165,80,474,111,225,149,152,201,419,525,854,305,239,242,344,813,478,66,278,495,282,191,335,135,364,242,259,595,749,1321,270,452,96,502,419,75,249,498,310,95,340,180,385,411,308,474,160,355
170,141,79,35,163,48,149,32,55,47,121,182,288,99,72,87,119,275,141,23,86,144,93,56,97,39,122,84,80,207,224,432,78,150,35,159,145,24,64,173,106,29,102,48,111,136,99,148,56,112
182,123,56,26,140,39,152,55,25,75,147,190,304,95,79,87,113,314,146,18,89,158,96,67,109,42,103,73,67,210,243,434,94,155,34,201,147,34,87,181,119,31,142,69,127,135,119,161,61,123
238,182,71,37,174,51,201,47,75,50,140,224,366,128,101,100,154,374,214,20,126,227,124,88,131,57,142,87,108,269,320,563,109,206,52,238,174,26,101,231,130,36,167,64,147,187,129,228,72,137
441,357,170,81,409,111,419,121,147,140,182,462,729,258,211,234,323,735,445,53,241,429,239,164,272,111,287,207,230,557,653,1123,237,415,99,442,389,70,228,450,286,85,303,152,330,388,270,421,134,281
545,490,224,89,582,131,525,182,190,224,462,311,964,392,313,342,422,912,568,69,314,584,341,218,352,132,411,253,262,648,837,1561,263,528,128,612,525,95,297,589,369,117,411,229,428,501,370,604,219,356
800,774,331,133,931,166,854,288,304,366,729,964,827,577,491,500,678,1449,912,106,508,921,574,363,605,264,622,426,488,1138,1393,2332,489,824,194,939,828,134,467,911,572,175,666,368,740,839,582,851,342,626
359,290,133,49,326,72,305,99,95,128,258,392,577,97,169,174,263,600,338,37,197,338,176,127,213,92,223,137,175,409,481,968,177,318,79,356,298,58,179,355,205,66,255,136,285,308,203,360,120,214
312,227,88,48,276,68,239,72,79,101,211,313,491,169,62,137,195,460,289,22,138,257,142,106,176,63,188,121,139,316,414,719,146,258,66,285,247,38,138,274,196,52,205,106,202,240,144,258,100,157
337,233,93,52,300,74,242,87,87,100,234,342,500,174,137,77,199,513,313,34,154,307,163,120,187,69,195,118,172,363,468,804,169,273,73,287,271,47,134,317,196,56,216,118,231,276,153,316,106,199
371,321,137,56,339,64,344,119,113,154,323,422,678,263,195,199,121,669,346,47,203,382,222,132,263,109,238,155,206,457,533,971,206,328,75,365,322,69,174,387,257,66,275,130,289,381,250,389,135,224
762,795,353,134,925,162,813,275,314,374,735,912,1449,600,460,513,669,786,873,117,490,924,542,394,608,267,631,414,466,1126,1401,2381,499,823,195,904,803,140,464,933,577,186,648,342,731,821,586,875,310,620
487,445,217,89,539,113,478,141,146,214,445,568,912,338,289,313,346,873,242,69,281,509,291,188,356,124,331,215,256,639,742,1396,271,471,116,518,514,101,278,505,323,107,355,198,409,468,326,552,210,349
63,60,20,8,66,18,66,23,18,20,53,69,106,37,22,34,47,117,69,6,34,78,35,23,47,21,33,28,33,74,91,179,33,48,15,64,50,10,30,71,53,16,52,23,52,46,27,70,26,29
318,237,82,47,320,70,278,86,89,126,241,314,508,197,138,154,203,490,281,34,66,296,160,130,174,73,174,137,127,356,437,752,154,246,62,307,260,44,143,307,193,56,192,95,217,270,196,299,91,197
484,448,206,92,536,111,495,144,158,227,429,584,921,338,257,307,382,924,509,78,296,286,292,208,331,126,356,222,282,686,758,1423,294,484,123,528,490,109,251,545,348,112,379,241,411,476,328,535,190,395
317,260,104,51,298,62,282,93,96,124,239,341,574,176,142,163,222,542,291,35,160,292,77,109,193,76,196,145,175,356,467,844,186,262,52,307,284,58,160,325,183,60,249,103,259,283,189,311,108,196
194,187,77,40,222,49,191,56,67,88,164,218,363,127,106,120,132,394,188,23,130,208,109,38,117,39,137,85,99,259,290,570,121,190,47,193,181,30,81,215,125,48,160,93,145,174,147,199,79,152
359,285,127,62,346,86,335,97,109,131,272,352,605,213,176,187,263,608,356,47,174,331,193,117,111,74,196,153,156,423,520,929,174,337,85,330,295,49,181,374,225,74,256,137,269,283,202,309,131,225
141,104,46,22,118,35,135,39,42,57,111,132,264,92,63,69,109,267,124,21,73,126,76,39,74,15,80,50,59,150,223,372,83,123,30,135,119,14,76,119,76,26,104,49,106,126,100,144,48,85
370,300,123,64,308,77,364,122,103,142,287,411,622,223,188,195,238,631,331,33,174,356,196,137,196,80,119,146,149,383,538,949,193,323,91,325,349,47,176,409,226,80,255,140,291,309,221,355,129,225
261,209,99,41,244,54,242,84,73,87,207,253,426,137,121,118,155,414,215,28,137,222,145,85,153,50,146,40,130,288,368,677,137,228,56,245,221,46,124,262,159,42,170,86,192,218,132,248,102,153
294,203,83,37,263,63,259,80,67,108,230,262,488,175,139,172,206,466,256,33,127,282,175,99,156,59,149,130,65,348,404,701,160,267,49,266,242,51,133,272,160,54,205,117,205,217,154,276,90,179
610,543,227,98,591,148,595,207,210,269,557,648,1138,409,316,363,457,1126,639,74,356,686,356,259,423,150,383,288,348,356,999,1751,332,575,147,672,611,109,312,681,377,112,451,240,519,597,404,658,229,413
661,638,318,130,788,162,749,224,243,320,653,837,1393,481,414,468,533,1401,742,91,437,758,467,290,520,223,538,368,404,999,544,2059,416,731,158,785,737,122,376,788,497,142,553,314,631,658,478,781,283,530
1144,1153,566,206,1395,252,1321,432,434,563,1123,1561,2332,968,719,804,971,2381,1396,179,752,1423,844,570,929,372,949,677,701,1751,2059,1796,687,1354,326,1426,1282,251,704,1417,942,261,1017,537,1135,1238,859,1362,475,930
231,232,107,45,282,52,270,78,94,109,237,263,489,177,146,169,206,499,271,33,154,294,186,121,174,83,193,137,160,332,416,687,80,261,67,246,261,49,127,286,175,46,222,100,218,241,175,247,103,159
461,435,188,72,457,106,452,150,155,206,415,528,824,318,258,273,328,823,471,48,246,484,262,190,337,123,323,228,267,575,731,1354,261,194,89,467,404,95,222,508,335,105,361,168,376,464,273,479,179,319
96,102,39,18,133,24,96,35,34,52,99,128,194,79,66,73,75,195,116,15,62,123,52,47,85,30,91,56,49,147,158,326,67,89,11,119,87,21,59,127,66,27,82,50,91,105,75,123,47,81
528,448,200,84,590,111,502,159,201,238,442,612,939,356,285,287,365,904,518,64,307,528,307,193,330,135,325,245,266,672,785,1426,246,467,119,270,505,90,239,563,378,112,422,203,403,499,345,551,198,343
520,435,192,71,493,115,419,145,147,174,389,525,828,298,247,271,322,803,514,50,260,490,284,181,295,119,349,221,242,611,737,1282,261,404,87,505,218,83,215,465,302,106,339,178,359,408,309,487,150,353
85,66,28,28,98,29,75,24,34,26,70,95,134,58,38,47,69,140,101,10,44,109,58,30,49,14,47,46,51,109,122,251,49,95,21,90,83,5,44,75,59,20,70,27,64,71,58,83,27,65
250,196,96,41,240,61,249,64,87,101,228,297,467,179,138,134,174,464,278,30,143,251,160,81,181,76,176,124,133,312,376,704,127,222,59,239,215,44,56,276,179,49,179,92,219,235,167,271,107,176
460,462,211,82,538,118,498,173,181,231,450,589,911,355,274,317,387,933,505,71,307,545,325,215,374,119,409,262,272,681,788,1417,286,508,127,563,465,75,276,280,329,108,382,195,432,492,316,539,202,367
319,286,139,42,325,78,310,106,119,130,286,369,572,205,196,196,257,577,323,53,193,348,183,125,225,76,226,159,160,377,497,942,175,335,66,378,302,59,179,329,121,59,229,124,288,304,185,343,136,236
109,107,44,24,102,24,95,29,31,36,85,117,175,66,52,56,66,186,107,16,56,112,60,48,74,26,80,42,54,112,142,261,46,105,27,112,106,20,49,108,59,14,74,32,84,85,59,109,38,60
344,310,158,60,385,62,340,102,142,167,303,411,666,255,205,216,275,648,355,52,192,379,249,160,256,104,255,170,205,451,553,1017,222,361,82,422,339,70,179,382,229,74,139,133,312,349,235,357,152,268
148,155,74,29,173,31,180,48,69,64,152,229,368,136,106,118,130,342,198,23,95,241,103,93,137,49,140,86,117,240,314,537,100,168,50,203,178,27,92,195,124,32,133,31,183,188,107,212,51,106
424,351,147,68,384,86,385,111,127,147,330,428,740,285,202,231,289,731,409,52,217,411,259,145,269,106,291,192,205,519,631,1135,218,376,91,403,359,64,219,432,288,84,312,183,168,363,260,415,146,280
448,407,177,68,466,92,411,136,135,187,388,501,839,308,240,276,381,821,468,46,270,476,283,174,283,126,309,218,217,597,658,1238,241,464,105,499,408,71,235,492,304,85,349,188,363,212,289,421,159,329
310,257,109,49,311,73,308,99,119,129,270,370,582,203,144,153,250,586,326,27,196,328,189,147,202,100,221,132,154,404,478,859,175,273,75,345,309,58,167,316,185,59,235,107,260,289,101,335,117,203
495,464,203,99,503,108,474,148,161,228,421,604,851,360,258,316,389,875,552,70,299,535,311,199,309,144,355,248,276,658,781,1362,247,479,123,551,487,83,271,539,343,109,357,212,415,421,335,247,173,343
155,162,78,29,200,43,160,56,61,72,134,219,342,120,100,106,135,310,210,26,91,190,108,79,131,48,129,102,90,229,283,475,103,179,47,198,150,27,107,202,136,38,152,51,146,159,117,173,33,119
375,302,141,60,316,78,355,112,123,137,281,356,626,214,157,199,224,620,349,29,197,395,196,152,225,85,225,153,179,413,530,930,159,319,81,343,353,65,176,367,236,60,268,106,280,329,203,343,119,108
