256,424,201,95,505,113,449,185,169,233,435,560,802,377,311,328,344,804,513,64,318,483,334,220,390,149,377,287,276,588,683,1193,236,460,95,508,492,88,274,470,309,102,384,159,417,399,357,428,174,343
424,187,157,70,438,102,439,119,144,185,367,475,802,289,238,247,315,796,448,47,217,455,232,165,316,117,266,186,231,536,691,1236,232,387,96,462,367,66,203,461,269,93,328,177,350,405,266,428,183,307
201,157,34,43,209,59,226,50,57,85,157,209,400,132,103,108,154,365,203,20,112,222,99,76,106,50,132,84,95,254,306,549,101,196,57,178,188,36,106,216,117,39,157,59,152,180,116,218,85,135
95,70,43,5,78,15,71,35,46,32,82,94,131,67,48,48,78,150,86,10,47,89,45,31,52,17,55,50,50,80,124,204,40,82,18,111,80,15,47,82,53,17,65,29,66,69,48,95,33,70
505,438,209,78,242,106,489,152,178,210,436,571,946,344,284,298,354,884,469,74,290,494,319,207,350,128,329,235,250,599,750,1456,303,477,129,531,486,78,223,540,309,110,385,170,405,467,307,507,205,356
113,102,59,15,106,6,100,50,49,42,96,116,185,81,67,74,92,178,109,13,81,109,76,57,88,23,77,55,74,136,183,300,60,106,31,135,105,20,68,119,74,28,77,40,95,97,74,126,39,91
449,439,226,71,489,100,217,135,169,203,424,528,844,317,261,292,363,846,461,64,259,477,316,174,337,114,322,203,266,612,764,1360,270,463,98,529,427,83,227,502,299,90,368,179,340,413,323,530,182,351
185,119,50,35,152,50,135,24,60,57,127,153,249,111,80,90,110,267,175,13,89,173,86,50,97,45,105,75,76,201,257,446,84,170,37,148,153,23,68,182,90,34,131,66,126,146,97,155,57,100
169,144,57,46,178,49,169,60,26,75,134,182,280,107,79,81,127,308,160,17,85,152,113,70,135,46,108,81,86,222,262,451,106,172,46,170,141,30,106,180,106,36,115,59,131,146,113,164,59,142
233,185,85,32,210,42,203,57,75,44,168,223,386,149,121,124,153,377,219,35,104,217,132,95,139,55,142,96,122,243,303,587,101,170,48,192,194,46,108,218,122,42,155,74,173,210,126,240,89,147
435,367,157,82,436,96,424,127,134,168,180,442,721,284,240,243,314,770,464,54,248,444,275,193,267,102,289,202,220,490,644,1087,232,397,88,416,388,58,216,442,274,88,306,172,352,375,284,470,147,303
560,475,209,94,571,116,528,153,182,223,442,336,974,382,289,313,425,996,560,69,283,560,335,208,343,153,360,275,302,761,847,1481,284,499,127,610,474,87,280,588,348,120,440,224,475,537,344,576,211,373
802,802,400,131,946,185,844,249,280,386,721,974,823,615,491,523,697,1443,935,108,503,953,589,356,599,229,607,418,473,1112,1344,2424,476,833,231,925,860,157,430,925,594,173,670,306,693,830,545,910,327,592
377,289,132,67,344,81,317,111,107,149,284,382,615,116,201,188,244,608,342,38,167,342,191,134,218,72,220,162,155,373,477,904,178,310,73,299,297,34,154,335,211,68,272,121,259,332,221,358,142,241
311,238,103,48,284,67,261,80,79,121,240,289,491,201,61,131,184,499,269,29,153,285,166,115,201,69,187,148,135,347,400,741,155,261,64,275,247,41,120,281,168,56,209,96,224,275,183,267,83,187
328,247,108,48,298,74,292,90,81,124,243,313,523,188,131,96,199,524,313,31,155,334,161,124,179,73,182,128,131,371,453,809,167,272,71,294,261,45,135,304,177,67,253,111,252,303,168,305,108,209
344,315,154,78,354,92,363,110,127,153,314,425,697,244,184,199,126,665,380,51,212,359,238,144,230,96,250,180,189,438,551,1045,182,316,92,336,353,66,157,382,218,77,276,124,289,339,240,364,155,264
804,796,365,150,884,178,846,267,308,377,770,996,1443,608,499,524,665,798,935,126,496,903,556,329,573,249,620,447,500,1159,1335,2387,505,834,235,931,828,146,461,877,552,189,626,330,694,770,556,891,356,586
513,448,203,86,469,109,461,175,160,219,464,560,935,342,269,313,380,935,261,71,290,469,315,204,295,116,338,246,254,639,740,1418,267,488,108,498,459,80,261,549,341,115,368,196,380,486,304,474,182,379
64,47,20,10,74,13,64,13,17,35,54,69,108,38,29,31,51,126,71,6,36,74,54,22,38,14,40,28,24,69,110,181,35,59,9,61,53,13,32,63,40,15,42,22,41,58,36,82,27,36
318,217,112,47,290,81,259,89,85,104,248,283,503,167,153,155,212,496,290,36,74,264,171,102,179,55,161,134,130,357,425,846,153,292,62,300,258,49,146,292,157,53,253,99,218,267,188,310,100,203
483,455,222,89,494,109,477,173,152,217,444,560,953,342,285,334,359,903,469,74,264,260,308,194,324,120,348,270,268,642,781,1455,265,484,112,509,473,85,234,544,325,83,386,187,404,460,333,506,187,380
334,232,99,45,319,76,316,86,113,132,275,335,589,191,166,161,238,556,315,54,171,308,92,114,190,65,188,146,152,365,490,845,165,301,68,322,293,68,136,327,218,47,208,98,244,270,197,328,105,197
220,165,76,31,207,57,174,50,70,95,193,208,356,134,115,124,144,329,204,22,102,194,114,37,132,50,130,100,97,251,301,554,92,167,33,212,168,32,90,231,141,44,135,74,176,178,117,214,65,127
390,316,106,52,350,88,337,97,135,139,267,343,599,218,201,179,230,573,295,38,179,324,190,132,111,91,239,156,160,353,518,957,183,311,67,329,312,61,168,373,238,74,264,117,253,333,216,342,127,208
149,117,50,17,128,23,114,45,46,55,102,153,229,72,69,73,96,249,116,14,55,120,65,50,91,17,71,60,70,159,198,375,69,124,24,122,114,17,53,138,93,24,96,42,90,125,79,150,44,81
377,266,132,55,329,77,322,105,108,142,289,360,607,220,187,182,250,620,338,40,161,348,188,130,239,71,103,154,173,434,512,1002,178,323,76,342,309,43,150,362,245,86,263,115,275,317,200,367,132,221
287,186,84,50,235,55,203,75,81,96,202,275,418,162,148,128,180,447,246,28,134,270,146,100,156,60,154,54,120,282,363,669,137,217,61,255,218,37,125,246,139,50,168,92,187,208,150,282,101,139
276,231,95,50,250,74,266,76,86,122,220,302,473,155,135,131,189,500,254,24,130,268,152,97,160,70,173,120,65,319,405,725,143,263,66,268,268,44,125,286,176,58,200,95,205,230,129,275,110,193
588,536,254,80,599,136,612,201,222,243,490,761,1112,373,347,371,438,1159,639,69,357,642,365,251,353,159,434,282,319,352,957,1776,365,559,160,666,588,109,294,628,366,127,460,224,503,581,373,643,246,442
683,691,306,124,750,183,764,257,262,303,644,847,1344,477,400,453,551,1335,740,110,425,781,490,301,518,198,512,363,405,957,553,2025,380,737,159,767,695,129,375,827,494,166,576,237,608,705,478,796,256,524
1193,1236,549,204,1456,300,1360,446,451,587,1087,1481,2424,904,741,809,1045,2387,1418,181,846,1455,845,554,957,375,1002,669,725,1776,2025,1845,709,1315,309,1464,1214,242,733,1448,946,317,988,510,1088,1277,909,1353,521,921
236,232,101,40,303,60,270,84,106,101,232,284,476,178,155,167,182,505,267,35,153,265,165,92,183,69,178,137,143,365,380,709,72,267,55,300,234,44,133,270,186,56,175,90,201,227,170,287,106,177
460,387,196,82,477,106,463,170,172,170,397,499,833,310,261,272,316,834,488,59,292,484,301,167,311,124,323,217,263,559,737,1315,267,225,100,499,460,80,214,517,295,100,372,186,369,444,301,525,170,308
95,96,57,18,129,31,98,37,46,48,88,127,231,73,64,71,92,235,108,9,62,112,68,33,67,24,76,61,66,160,159,309,55,100,12,108,103,12,69,103,80,18,96,38,100,95,69,127,48,77
508,462,178,111,531,135,529,148,170,192,416,610,925,299,275,294,336,931,498,61,300,509,322,212,329,122,342,255,268,666,767,1464,300,499,108,275,498,100,269,571,336,103,402,199,414,507,347,514,222,347
492,367,188,80,486,105,427,153,141,194,388,474,860,297,247,261,353,828,459,53,258,473,293,168,312,114,309,218,268,588,695,1214,234,460,103,498,224,72,214,452,293,101,364,174,385,424,310,475,158,315
88,66,36,15,78,20,83,23,30,46,58,87,157,34,41,45,66,146,80,13,49,85,68,32,61,17,43,37,44,109,129,242,44,80,12,100,72,3,34,102,60,18,76,30,62,79,48,89,35,64
274,203,106,47,223,68,227,68,106,108,216,280,430,154,120,135,157,461,261,32,146,234,136,90,168,53,150,125,125,294,375,733,133,214,69,269,214,34,58,248,137,56,176,86,199,238,167,260,93,160
470,461,216,82,540,119,502,182,180,218,442,588,925,335,281,304,382,877,549,63,292,544,327,231,373,138,362,246,286,628,827,1448,270,517,103,571,452,102,248,256,329,110,381,188,404,502,334,521,181,371
309,269,117,53,309,74,299,90,106,122,274,348,594,211,168,177,218,552,341,40,157,325,218,141,238,93,245,139,176,366,494,946,186,295,80,336,293,60,137,329,109,58,241,134,276,308,205,312,128,233
102,93,39,17,110,28,90,34,36,42,88,120,173,68,56,67,77,189,115,15,53,83,47,44,74,24,86,50,58,127,166,317,56,100,18,103,101,18,56,110,58,13,73,36,77,93,67,116,36,75
384,328,157,65,385,77,368,131,115,155,306,440,670,272,209,253,276,626,368,42,253,386,208,135,264,96,263,168,200,460,576,988,175,372,96,402,364,76,176,381,241,73,137,125,285,354,207,378,135,271
159,177,59,29,170,40,179,66,59,74,172,224,306,121,96,111,124,330,196,22,99,187,98,74,117,42,115,92,95,224,237,510,90,186,38,199,174,30,86,188,134,36,125,45,141,170,129,167,63,103
417,350,152,66,405,95,340,126,131,173,352,475,693,259,224,252,289,694,380,41,218,404,244,176,253,90,275,187,205,503,608,1088,201,369,100,414,385,62,199,404,276,77,285,141,175,349,261,431,142,274
399,405,180,69,467,97,413,146,146,210,375,537,830,332,275,303,339,770,486,58,267,460,270,178,333,125,317,208,230,581,705,1277,227,444,95,507,424,79,238,502,308,93,354,170,349,200,310,465,158,309
357,266,116,48,307,74,323,97,113,126,284,344,545,221,183,168,240,556,304,36,188,333,197,117,216,79,200,150,129,373,478,909,170,301,69,347,310,48,167,334,205,67,207,129,261,310,103,350,113,196
428,428,218,95,507,126,530,155,164,240,470,576,910,358,267,305,364,891,474,82,310,506,328,214,342,150,367,282,275,643,796,1353,287,525,127,514,475,89,260,521,312,116,378,167,431,465,350,278,193,377
174,183,85,33,205,39,182,57,59,89,147,211,327,142,83,108,155,356,182,27,100,187,105,65,127,44,132,101,110,246,256,521,106,170,48,222,158,35,93,181,128,36,135,63,142,158,113,193,27,110
343,307,135,70,356,91,351,100,142,147,303,373,592,241,187,209,264,586,379,36,203,380,197,127,208,81,221,139,193,442,524,921,177,308,77,347,315,64,160,371,233,75,271,103,274,309,196,377,110,103
