221,420,234,79,493,88,477,156,156,245,456,529,809,374,299,329,366,788,499,74,333,517,337,179,361,154,367,274,306,615,659,1154,252,464,107,481,460,84,222,455,300,100,378,169,431,384,322,472,159,361
420,186,139,79,455,109,447,120,140,162,358,497,771,279,226,247,310,753,425,58,221,443,281,156,279,113,288,184,207,551,620,1197,240,434,98,458,426,66,209,432,259,83,358,146,349,394,257,470,169,290
234,139,32,36,220,38,176,52,62,70,167,238,328,124,113,137,145,334,208,16,88,197,99,102,129,46,135,108,113,233,316,589,117,193,46,224,209,37,104,207,97,51,165,66,177,202,110,211,62,132
79,79,36,7,70,19,78,33,20,32,77,105,143,54,53,55,61,135,80,11,48,88,59,32,63,24,66,42,56,95,128,230,41,72,15,88,82,9,50,104,55,15,52,36,76,67,40,94,33,57
493,455,220,70,243,108,529,167,165,219,460,541,913,335,281,293,353,885,480,60,274,492,298,200,382,124,357,235,247,614,759,1344,245,500,123,509,456,74,267,562,339,111,419,197,427,480,338,505,181,345
88,109,38,19,108,9,99,42,34,43,86,131,195,85,78,75,81,211,102,16,66,99,82,50,84,32,80,62,74,140,148,310,58,100,26,115,103,13,57,131,77,24,65,43,86,116,67,129,42,74
477,447,176,78,529,99,229,142,175,208,417,538,830,318,254,277,372,833,474,71,308,517,336,190,325,137,366,258,279,570,707,1261,229,462,117,499,455,76,226,490,343,107,357,159,397,422,269,481,184,312
156,120,52,33,167,42,142,19,45,65,144,164,242,81,92,96,108,267,145,16,89,138,94,64,99,49,113,77,74,192,238,450,86,157,34,156,158,30,77,179,89,40,117,57,121,144,95,145,61,95
156,140,62,20,165,34,175,45,26,72,149,182,298,109,85,92,125,264,173,21,90,153,107,69,108,47,113,79,70,202,247,441,93,165,38,169,144,26,67,166,106,37,134,63,121,141,115,166,69,109
245,162,70,32,219,43,208,65,72,44,155,239,388,146,125,117,160,389,213,23,108,204,133,80,142,62,150,93,117,246,338,571,130,181,42,216,200,46,112,224,147,38,167,72,186,211,123,221,71,167
456,358,167,77,460,86,417,144,149,155,182,475,714,272,230,264,327,747,387,57,229,403,282,172,317,103,273,181,226,526,636,1143,255,384,85,466,413,81,229,459,283,87,318,172,344,396,245,436,145,308
529,497,238,105,541,131,538,164,182,239,475,285,960,368,291,322,401,965,570,61,324,593,331,211,381,140,362,252,266,667,885,1500,290,495,137,579,527,95,257,577,376,121,399,198,455,523,336,585,210,369
809,771,328,143,913,195,830,242,298,388,714,960,771,570,467,568,657,1433,930,106,539,900,528,359,557,219,594,373,483,1073,1321,2381,461,779,209,914,777,168,449,965,603,186,677,362,692,819,583,913,348,593
374,279,124,54,335,85,318,81,109,146,272,368,570,98,179,178,233,566,303,39,186,364,208,132,235,107,230,148,170,424,524,942,174,310,80,314,315,63,166,315,212,68,232,103,264,295,180,348,134,245
299,226,113,53,281,78,254,92,85,125,230,291,467,179,72,139,199,465,290,22,154,290,146,100,153,63,177,127,138,315,392,785,149,264,57,275,271,58,143,286,154,67,220,99,227,235,171,268,101,177
329,247,137,55,293,75,277,96,92,117,264,322,568,178,139,78,236,557,287,32,159,296,165,106,191,61,177,136,143,321,432,843,160,265,52,306,266,48,154,307,173,71,210,121,245,242,179,302,118,216
366,310,145,61,353,81,372,108,125,160,327,401,657,233,199,236,141,644,373,43,192,378,228,142,248,101,256,180,177,435,548,998,205,335,68,360,365,58,162,368,213,81,269,122,318,336,214,366,147,270
788,753,334,135,885,211,833,267,264,389,747,965,1433,566,465,557,644,818,945,103,553,901,513,360,552,212,598,398,452,1050,1350,2380,452,767,225,926,810,160,446,963,590,177,664,344,712,792,563,888,329,558
499,425,208,80,480,102,474,145,173,213,387,570,930,303,290,287,373,945,233,77,306,477,315,202,344,123,350,231,249,638,795,1426,298,466,112,546,513,98,275,539,312,103,414,194,379,442,297,517,200,390
74,58,16,11,60,16,71,16,21,23,57,61,106,39,22,32,43,103,77,4,32,76,43,33,49,12,44,30,28,62,95,185,36,64,13,63,63,14,32,58,43,20,43,37,48,53,37,63,25,46
333,221,88,48,274,66,308,89,90,108,229,324,539,186,154,159,192,553,306,32,83,282,165,109,176,62,174,139,115,361,424,761,159,247,70,271,282,41,139,283,162,47,225,97,226,262,152,275,98,190
517,443,197,88,492,99,517,138,153,204,403,593,900,364,290,296,378,901,477,76,282,264,318,204,353,143,366,239,273,630,753,1393,290,504,106,561,486,95,252,483,341,113,418,190,418,455,310,526,185,355
337,281,99,59,298,82,336,94,107,133,282,331,528,208,146,165,228,513,315,43,165,318,67,134,187,85,207,145,151,370,450,835,148,249,69,327,317,43,156,327,201,61,245,115,238,268,175,312,112,198
179,156,102,32,200,50,190,64,69,80,172,211,359,132,100,106,142,360,202,33,109,204,134,37,142,60,143,92,97,237,318,527,102,185,44,196,186,45,97,200,144,45,143,66,138,162,128,199,74,123
361,279,129,63,382,84,325,99,108,142,317,381,557,235,153,191,248,552,344,49,176,353,187,142,93,82,230,132,187,397,489,902,155,324,78,336,329,60,170,358,230,79,273,108,229,311,188,347,131,213
154,113,46,24,124,32,137,49,47,62,103,140,219,107,63,61,101,212,123,12,62,143,85,60,82,15,75,63,74,167,187,338,66,125,28,123,136,28,80,120,86,28,94,50,111,135,86,122,50,93
367,288,135,66,357,80,366,113,113,150,273,362,594,230,177,177,256,598,350,44,174,366,207,143,230,75,120,143,174,430,526,939,177,333,66,316,347,62,173,343,210,68,254,117,267,309,203,344,130,247
274,184,108,42,235,62,258,77,79,93,181,252,373,148,127,136,180,398,231,30,139,239,145,92,132,63,143,48,105,279,331,686,141,236,66,217,226,35,115,273,154,54,203,107,188,200,146,249,93,142
306,207,113,56,247,74,279,74,70,117,226,266,483,170,138,143,177,452,249,28,115,273,151,97,187,74,174,105,67,293,401,704,130,241,52,275,263,31,125,261,171,52,189,89,236,250,148,270,102,174
615,551,233,95,614,140,570,192,202,246,526,667,1073,424,315,321,435,1050,638,62,361,630,370,237,397,167,430,279,293,361,949,1761,317,598,154,644,553,108,322,728,387,139,447,219,504,558,423,633,226,398
659,620,316,128,759,148,707,238,247,338,636,885,1321,524,392,432,548,1350,795,95,424,753,450,318,489,187,526,331,401,949,569,2023,440,702,159,802,701,148,370,825,480,167,563,266,605,707,458,781,266,472
1154,1197,589,230,1344,310,1261,450,441,571,1143,1500,2381,942,785,843,998,2380,1426,185,761,1393,835,527,902,338,939,686,704,1761,2023,1859,712,1233,359,1495,1267,227,713,1433,920,283,1041,513,1126,1186,930,1425,504,884
252,240,117,41,245,58,229,86,93,130,255,290,461,174,149,160,205,452,298,36,159,290,148,102,155,66,177,141,130,317,440,712,62,247,65,320,238,46,133,281,177,49,214,109,195,259,177,275,108,167
464,434,193,72,500,100,462,157,165,181,384,495,779,310,264,265,335,767,466,64,247,504,249,185,324,125,333,236,241,598,702,1233,247,193,106,474,444,62,244,517,303,104,353,187,393,450,297,500,174,332
107,98,46,15,123,26,117,34,38,42,85,137,209,80,57,52,68,225,112,13,70,106,69,44,78,28,66,66,52,154,159,359,65,106,14,124,112,20,50,111,77,30,83,52,87,103,61,135,43,68
481,458,224,88,509,115,499,156,169,216,466,579,914,314,275,306,360,926,546,63,271,561,327,196,336,123,316,217,275,644,802,1495,320,474,124,295,497,92,253,554,372,108,374,181,438,479,322,535,198,353
460,426,209,82,456,103,455,158,144,200,413,527,777,315,271,266,365,810,513,63,282,486,317,186,329,136,347,226,263,553,701,1267,238,444,112,497,200,74,242,541,327,91,341,169,382,435,291,502,181,304
84,66,37,9,74,13,76,30,26,46,81,95,168,63,58,48,58,160,98,14,41,95,43,45,60,28,62,35,31,108,148,227,46,62,20,92,74,13,36,79,52,17,74,33,62,75,56,87,32,60
222,209,104,50,267,57,226,77,67,112,229,257,449,166,143,154,162,446,275,32,139,252,156,97,170,80,173,115,125,322,370,713,133,244,50,253,242,36,60,281,170,57,202,81,201,221,143,249,94,163
455,432,207,104,562,131,490,179,166,224,459,577,965,315,286,307,368,963,539,58,283,483,327,200,358,120,343,273,261,728,825,1433,281,517,111,554,541,79,281,281,360,113,410,172,395,468,332,555,184,333
300,259,97,55,339,77,343,89,106,147,283,376,603,212,154,173,213,590,312,43,162,341,201,144,230,86,210,154,171,387,480,920,177,303,77,372,327,52,170,360,99,63,259,102,279,278,204,344,118,212
100,83,51,15,111,24,107,40,37,38,87,121,186,68,67,71,81,177,103,20,47,113,61,45,79,28,68,54,52,139,167,283,49,104,30,108,91,17,57,113,63,7,97,34,106,91,59,111,39,76
378,358,165,52,419,65,357,117,134,167,318,399,677,232,220,210,269,664,414,43,225,418,245,143,273,94,254,203,189,447,563,1041,214,353,83,374,341,74,202,410,259,97,151,162,330,347,247,382,144,238
169,146,66,36,197,43,159,57,63,72,172,198,362,103,99,121,122,344,194,37,97,190,115,66,108,50,117,107,89,219,266,513,109,187,52,181,169,33,81,172,102,34,162,30,140,185,117,163,73,127
431,349,177,76,427,86,397,121,121,186,344,455,692,264,227,245,318,712,379,48,226,418,238,138,229,111,267,188,236,504,605,1126,195,393,87,438,382,62,201,395,279,106,330,140,156,349,237,385,158,280
384,394,202,67,480,116,422,144,141,211,396,523,819,295,235,242,336,792,442,53,262,455,268,162,311,135,309,200,250,558,707,1186,259,450,103,479,435,75,221,468,278,91,347,185,349,212,298,483,152,306
322,257,110,40,338,67,269,95,115,123,245,336,583,180,171,179,214,563,297,37,152,310,175,128,188,86,203,146,148,423,458,930,177,297,61,322,291,56,143,332,204,59,247,117,237,298,99,309,122,205
472,470,211,94,505,129,481,145,166,221,436,585,913,348,268,302,366,888,517,63,275,526,312,199,347,122,344,249,270,633,781,1425,275,500,135,535,502,87,249,555,344,111,382,163,385,483,309,248,176,332
159,169,62,33,181,42,184,61,69,71,145,210,348,134,101,118,147,329,200,25,98,185,112,74,131,50,130,93,102,226,266,504,108,174,43,198,181,32,94,184,118,39,144,73,158,152,122,176,39,107
361,290,132,57,345,74,312,95,109,167,308,369,593,245,177,216,270,558,390,46,190,355,198,123,213,93,247,142,174,398,472,884,167,332,68,353,304,60,163,333,212,76,238,127,280,306,205,332,107,125
