265,482,218,101,487,131,496,180,191,244,438,502,790,355,317,350,355,811,527,76,325,525,307,224,389,150,341,296,291,628,705,1202,235,484,115,546,475,79,253,475,310,108,366,173,452,422,325,534,169,375
482,189,158,61,441,88,377,138,149,166,339,493,746,275,214,234,321,755,469,55,236,470,243,161,261,113,280,209,218,537,696,1246,240,384,91,476,377,53,212,459,262,84,354,161,301,408,292,474,162,289
218,158,37,13,225,41,174,70,58,82,163,234,359,126,93,107,165,330,200,21,113,204,104,75,121,43,121,73,93,258,314,526,108,177,49,230,182,29,116,218,134,44,143,75,162,199,121,211,74,143
101,61,13,4,93,12,68,31,29,45,64,88,129,60,50,42,68,134,76,8,62,74,52,28,64,19,58,52,38,120,133,228,40,79,10,105,69,12,51,79,51,18,64,27,53,64,72,86,31,67
487,441,225,93,248,110,487,162,137,224,423,541,878,316,274,296,374,883,484,67,272,546,301,204,339,121,336,194,277,636,812,1418,292,440,97,548,443,95,248,557,290,102,364,190,416,496,329,519,178,358
131,88,41,12,110,9,91,37,51,53,88,123,174,78,66,63,84,192,101,22,79,99,66,43,75,33,92,60,69,150,169,309,49,89,24,148,108,19,52,115,67,28,81,53,81,96,80,112,49,85
496,377,174,68,487,91,218,158,166,226,404,555,828,291,222,250,345,798,490,65,284,483,269,189,306,134,332,225,259,608,747,1308,235,425,89,543,440,72,260,513,316,130,352,179,345,432,333,478,171,336
180,138,70,31,162,37,158,27,61,69,159,194,309,107,101,106,115,286,160,16,71,162,88,64,104,47,123,79,86,196,240,442,83,155,40,162,152,23,70,170,98,34,118,53,130,131,105,160,70,105
191,149,58,29,137,51,166,61,26,70,129,195,313,105,85,89,140,322,159,18,100,164,102,76,111,39,108,75,73,209,233,470,88,155,43,184,146,22,84,186,107,25,125,76,146,150,113,158,60,109
244,166,82,45,224,53,226,69,70,41,170,249,369,150,119,128,145,356,208,26,128,188,125,82,143,56,152,101,133,234,340,528,112,215,45,208,199,32,95,210,143,54,168,69,161,174,144,224,75,142
438,339,163,64,423,88,404,159,129,170,179,476,769,280,226,256,315,751,444,66,239,413,256,151,272,109,296,213,247,552,630,1140,225,403,78,468,409,56,212,425,278,107,334,140,321,365,274,445,123,267
502,493,234,88,541,123,555,194,195,249,476,308,1016,364,282,322,403,1030,566,56,322,577,327,242,372,147,351,278,293,716,798,1545,283,541,123,566,483,92,285,604,359,116,435,225,409,485,344,606,206,364
790,746,359,129,878,174,828,309,313,369,769,1016,801,620,431,470,622,1446,887,113,482,900,522,348,586,243,626,422,427,1146,1378,2479,503,836,207,892,785,172,470,999,609,209,625,367,722,854,627,956,336,616
355,275,126,60,316,78,291,107,105,150,280,364,620,93,165,186,225,601,346,41,183,297,191,134,201,90,231,154,180,396,493,875,175,296,63,337,318,53,145,359,221,69,250,123,227,300,193,315,125,225
317,214,93,50,274,66,222,101,85,119,226,282,431,165,55,117,200,460,287,38,125,276,150,113,167,55,172,121,128,315,397,721,129,233,66,298,257,48,144,320,173,48,180,101,204,260,157,242,105,190
350,234,107,42,296,63,250,106,89,128,256,322,470,186,117,71,209,459,327,30,153,310,150,113,165,61,182,127,132,362,431,779,141,252,60,299,249,39,148,344,206,60,216,106,190,256,167,282,100,197
355,321,165,68,374,84,345,115,140,145,315,403,622,225,200,209,141,629,340,39,199,378,215,141,252,90,253,161,186,485,571,996,178,328,77,368,316,58,169,401,234,80,244,129,283,331,217,376,119,253
811,755,330,134,883,192,798,286,322,356,751,1030,1446,601,460,459,629,797,896,126,476,908,541,335,583,238,634,405,439,1141,1378,2407,496,806,208,920,776,164,470,961,617,198,640,342,711,833,564,914,328,614
527,469,200,76,484,101,490,160,159,208,444,566,887,346,287,327,340,896,261,57,292,495,290,190,340,137,339,240,247,611,805,1463,265,448,116,539,468,93,238,535,339,124,338,214,415,452,332,521,205,364
76,55,21,8,67,22,65,16,18,26,66,56,113,41,38,30,39,126,57,2,33,60,40,27,37,18,40,31,33,65,96,164,42,51,6,67,60,15,21,65,44,14,46,20,51,50,43,74,25,41
325,236,113,62,272,79,284,71,100,128,239,322,482,183,125,153,199,476,292,33,71,291,173,116,175,61,175,128,128,332,432,790,175,318,67,289,288,45,145,307,181,61,216,110,217,300,191,290,105,185
525,470,204,74,546,99,483,162,164,188,413,577,900,297,276,310,378,908,495,60,291,240,263,203,318,131,338,240,277,658,740,1380,245,441,101,552,451,80,235,539,343,101,373,204,402,431,321,495,178,333
307,243,104,52,301,66,269,88,102,125,256,327,522,191,150,150,215,541,290,40,173,263,92,122,177,80,189,141,149,366,430,837,156,232,63,293,282,47,136,328,202,53,224,95,225,262,165,322,114,211
224,161,75,28,204,43,189,64,76,82,151,242,348,134,113,113,141,335,190,27,116,203,122,33,113,51,119,107,92,248,287,543,81,176,34,217,184,34,97,201,149,41,165,68,138,178,123,229,76,127
389,261,121,64,339,75,306,104,111,143,272,372,586,201,167,165,252,583,340,37,175,318,177,113,99,81,190,160,163,394,512,909,192,290,65,353,316,61,174,357,199,72,270,106,220,317,192,352,114,217
150,113,43,19,121,33,134,47,39,56,109,147,243,90,55,61,90,238,137,18,61,131,80,51,81,11,73,47,55,170,210,370,81,110,24,129,116,23,62,137,85,26,94,62,102,100,80,155,47,83
341,280,121,58,336,92,332,123,108,152,296,351,626,231,172,182,253,634,339,40,175,338,189,119,190,73,100,158,171,427,545,990,195,288,67,350,326,56,179,338,236,60,264,133,241,281,189,368,128,235
296,209,73,52,194,60,225,79,75,101,213,278,422,154,121,127,161,405,240,31,128,240,141,107,160,47,158,59,135,280,362,636,130,227,44,271,228,45,112,259,148,51,168,78,211,226,139,235,85,167
291,218,93,38,277,69,259,86,73,133,247,293,427,180,128,132,186,439,247,33,128,277,149,92,163,55,171,135,62,301,379,679,141,249,56,270,216,51,142,258,163,56,188,90,213,228,177,271,83,203
628,537,258,120,636,150,608,196,209,234,552,716,1146,396,315,362,485,1141,611,65,332,658,366,248,394,170,427,280,301,424,997,1793,370,574,152,685,577,104,320,701,432,136,503,232,506,599,366,655,228,410
705,696,314,133,812,169,747,240,233,340,630,798,1378,493,397,431,571,1378,805,96,432,740,430,287,512,210,545,362,379,997,561,2076,385,731,180,843,690,119,385,840,527,175,551,278,618,714,476,767,268,537
1202,1246,526,228,1418,309,1308,442,470,528,1140,1545,2479,875,721,779,996,2407,1463,164,790,1380,837,543,909,370,990,636,679,1793,2076,1890,684,1265,317,1497,1271,221,685,1477,896,311,969,514,1098,1271,884,1478,443,936
235,240,108,40,292,49,235,83,88,112,225,283,503,175,129,141,178,496,265,42,175,245,156,81,192,81,195,130,141,370,385,684,56,238,51,288,236,41,148,263,179,56,210,97,228,248,178,263,88,181
484,384,177,79,440,89,425,155,155,215,403,541,836,296,233,252,328,806,448,51,318,441,232,176,290,110,288,227,249,574,731,1265,238,206,89,505,448,78,236,471,296,113,333,200,340,428,285,430,170,346
115,91,49,10,97,24,89,40,43,45,78,123,207,63,66,60,77,208,116,6,67,101,63,34,65,24,67,44,56,152,180,317,51,89,8,138,79,20,63,112,77,26,94,51,77,102,69,110,39,74
546,476,230,105,548,148,543,162,184,208,468,566,892,337,298,299,368,920,539,67,289,552,293,217,353,129,350,271,270,685,843,1497,288,505,138,292,491,90,256,553,349,114,391,168,431,488,295,623,180,355
475,377,182,69,443,108,440,152,146,199,409,483,785,318,257,249,316,776,468,60,288,451,282,184,316,116,326,228,216,577,690,1271,236,448,79,491,202,64,240,466,328,110,328,178,339,400,292,456,151,325
79,53,29,12,95,19,72,23,22,32,56,92,172,53,48,39,58,164,93,15,45,80,47,34,61,23,56,45,51,104,119,221,41,78,20,90,64,5,38,87,62,15,71,26,65,86,57,93,34,52
253,212,116,51,248,52,260,70,84,95,212,285,470,145,144,148,169,470,238,21,145,235,136,97,174,62,179,112,142,320,385,685,148,236,63,256,240,38,54,249,165,48,176,88,217,213,160,281,104,169
475,459,218,79,557,115,513,170,186,210,425,604,999,359,320,344,401,961,535,65,307,539,328,201,357,137,338,259,258,701,840,1477,263,471,112,553,466,87,249,267,358,134,393,190,431,479,366,583,205,331
310,262,134,51,290,67,316,98,107,143,278,359,609,221,173,206,234,617,339,44,181,343,202,149,199,85,236,148,163,432,527,896,179,296,77,349,328,62,165,358,106,65,246,121,277,312,220,380,130,208
108,84,44,18,102,28,130,34,25,54,107,116,209,69,48,60,80,198,124,14,61,101,53,41,72,26,60,51,56,136,175,311,56,113,26,114,110,15,48,134,65,11,71,43,86,95,68,109,40,89
366,354,143,64,364,81,352,118,125,168,334,435,625,250,180,216,244,640,338,46,216,373,224,165,270,94,264,168,188,503,551,969,210,333,94,391,328,71,176,393,246,71,155,156,294,374,253,377,138,266
173,161,75,27,190,53,179,53,76,69,140,225,367,123,101,106,129,342,214,20,110,204,95,68,106,62,133,78,90,232,278,514,97,200,51,168,178,26,88,190,121,43,156,33,150,183,120,171,88,103
452,301,162,53,416,81,345,130,146,161,321,409,722,227,204,190,283,711,415,51,217,402,225,138,220,102,241,211,213,506,618,1098,228,340,77,431,339,65,217,431,277,86,294,150,143,357,260,416,144,288
422,408,199,64,496,96,432,131,150,174,365,485,854,300,260,256,331,833,452,50,300,431,262,178,317,100,281,226,228,599,714,1271,248,428,102,488,400,86,213,479,312,95,374,183,357,202,309,459,176,318
325,292,121,72,329,80,333,105,113,144,274,344,627,193,157,167,217,564,332,43,191,321,165,123,192,80,189,139,177,366,476,884,178,285,69,295,292,57,160,366,220,68,253,120,260,309,103,330,126,216
534,474,211,86,519,112,478,160,158,224,445,606,956,315,242,282,376,914,521,74,290,495,322,229,352,155,368,235,271,655,767,1478,263,430,110,623,456,93,281,583,380,109,377,171,416,459,330,224,179,353
169,162,74,31,178,49,171,70,60,75,123,206,336,125,105,100,119,328,205,25,105,178,114,76,114,47,128,85,83,228,268,443,88,170,39,180,151,34,104,205,130,40,138,88,144,176,126,179,25,133
375,289,143,67,358,85,336,105,109,142,267,364,616,225,190,197,253,614,364,41,185,333,211,127,217,83,235,167,203,410,537,936,181,346,74,355,325,52,169,331,208,89,266,103,288,318,216,353,133,116
