289,478,200,95,492,120,476,173,159,243,432,504,828,382,340,351,379,808,541,75,305,527,360,212,339,142,367,283,313,575,675,1183,254,480,104,507,497,88,271,453,313,130,377,175,441,449,347,493,183,402
478,157,154,63,430,103,410,135,135,189,379,479,826,288,202,224,326,762,434,53,253,458,245,166,271,108,286,210,213,504,674,1181,238,393,88,477,388,74,211,417,264,97,366,138,357,394,281,393,147,290
200,154,27,30,219,40,191,51,71,69,160,228,387,138,90,112,146,365,202,19,110,207,116,86,130,51,129,114,106,249,298,580,116,185,44,196,187,32,107,246,121,41,182,90,173,200,152,217,79,118
95,63,30,4,74,19,77,32,26,37,80,88,137,57,50,48,60,118,85,13,51,82,66,43,60,24,73,47,57,85,142,220,49,71,25,99,74,17,45,88,61,26,55,29,70,88,51,77,30,52
492,430,219,74,256,97,489,142,159,194,423,605,905,349,256,267,386,845,492,79,319,524,280,199,343,111,318,260,263,643,804,1403,283,420,114,543,449,86,229,520,308,110,391,191,458,491,311,512,199,320
120,103,40,19,97,13,110,40,33,39,92,133,182,85,62,74,88,186,115,12,62,124,72,52,81,25,82,48,64,122,167,269,62,102,31,131,104,17,60,102,82,18,65,44,85,112,70,124,37,68
476,410,191,77,489,110,227,161,153,227,417,538,882,325,250,282,376,844,507,59,288,498,283,193,328,125,319,256,270,590,708,1299,265,438,140,513,439,71,286,482,315,98,356,164,366,422,284,436,187,345
173,135,51,32,142,40,161,27,47,60,130,168,246,118,91,102,113,285,158,20,81,156,68,59,104,37,100,83,70,195,222,429,82,141,37,156,145,32,85,149,103,31,139,45,124,147,102,167,61,118
159,135,71,26,159,33,153,47,39,62,132,179,314,122,92,88,111,282,149,31,97,164,103,72,101,42,103,75,63,208,267,461,90,152,44,176,131,26,81,191,116,34,131,78,140,166,100,182,60,128
243,189,69,37,194,39,227,60,62,45,169,227,377,129,132,118,158,391,209,31,117,215,131,79,185,62,169,94,91,275,291,609,125,202,66,212,199,31,118,208,136,54,176,66,167,171,123,238,110,139
432,379,160,80,423,92,417,130,132,169,176,462,754,254,246,261,282,750,420,65,239,452,242,181,282,114,314,206,223,545,609,1143,232,422,101,436,410,79,239,452,284,89,327,150,348,376,244,433,177,312
504,479,228,88,605,133,538,168,179,227,462,280,964,364,308,345,400,1000,538,79,303,532,331,208,370,133,378,251,289,680,861,1523,315,562,127,592,507,109,276,597,388,116,421,225,466,520,363,572,216,408
828,826,387,137,905,182,882,246,314,377,754,964,776,564,503,542,648,1434,895,123,509,913,549,358,620,225,617,431,482,1120,1270,2387,492,809,210,951,795,144,454,961,586,182,706,362,744,840,552,941,343,603
382,288,138,57,349,85,325,118,122,129,254,364,564,106,184,174,244,581,349,27,209,353,218,124,232,78,229,175,186,384,520,973,174,330,79,336,320,53,196,366,216,77,253,113,284,305,210,372,132,214
340,202,90,50,256,62,250,91,92,132,246,308,503,184,68,125,196,463,274,33,166,307,157,111,213,56,162,136,140,303,393,801,163,276,64,272,256,46,123,256,175,43,215,106,231,242,156,272,104,170
351,224,112,48,267,74,282,102,88,118,261,345,542,174,125,69,206,515,306,31,192,329,161,111,200,73,199,139,160,343,462,853,172,297,74,308,262,45,148,324,189,59,238,109,223,273,165,305,117,195
379,326,146,60,386,88,376,113,111,158,282,400,648,244,196,206,127,664,344,49,193,359,197,142,226,103,236,169,168,491,567,1043,199,320,76,412,381,72,190,381,241,78,263,111,295,310,227,403,147,252
808,762,365,118,845,186,844,285,282,391,750,1000,1434,581,463,515,664,793,886,121,517,955,564,351,605,235,598,452,457,1111,1313,2361,469,803,192,958,810,153,445,934,572,186,662,328,702,818,538,919,326,626
541,434,202,85,492,115,507,158,149,209,420,538,895,349,274,306,344,886,251,67,287,488,304,208,306,113,330,236,261,635,773,1425,269,451,111,520,483,110,260,498,317,109,366,179,415,467,320,498,185,356
75,53,19,13,79,12,59,20,31,31,65,79,123,27,33,31,49,121,67,6,30,71,34,22,34,27,47,23,23,75,111,179,29,68,16,54,49,10,30,62,29,16,53,32,45,55,40,67,30,44
305,253,110,51,319,62,288,81,97,117,239,303,509,209,166,192,193,517,287,30,76,318,183,134,173,75,198,121,128,333,443,799,149,256,56,261,251,45,150,303,191,63,225,137,247,263,185,301,120,174
527,458,207,82,524,124,498,156,164,215,452,532,913,353,307,329,359,955,488,71,318,272,306,198,350,115,321,260,271,621,760,1412,281,468,128,532,479,84,265,540,331,108,415,200,402,460,333,532,189,382
360,245,116,66,280,72,283,68,103,131,242,331,549,218,157,161,197,564,304,34,183,306,80,125,193,81,208,145,148,377,473,850,158,306,61,314,290,41,137,333,197,67,245,112,222,253,170,288,98,188
212,166,86,43,199,52,193,59,72,79,181,208,358,124,111,111,142,351,208,22,134,198,125,56,138,47,138,91,98,247,291,520,107,206,40,201,166,24,99,205,137,53,146,72,176,195,136,193,63,146
339,271,130,60,343,81,328,104,101,185,282,370,620,232,213,200,226,605,306,34,173,350,193,138,121,80,218,145,151,402,465,936,185,341,78,320,318,56,165,357,232,72,243,106,263,280,190,337,134,242
142,108,51,24,111,25,125,37,42,62,114,133,225,78,56,73,103,235,113,27,75,115,81,47,80,14,87,57,59,141,188,338,67,107,21,121,121,22,64,141,85,23,105,37,99,112,79,126,41,97
367,286,129,73,318,82,319,100,103,169,314,378,617,229,162,199,236,598,330,47,198,321,208,138,218,87,111,149,163,390,532,949,197,337,59,346,321,65,173,359,227,64,271,103,239,297,192,342,99,243
283,210,114,47,260,48,256,83,75,94,206,251,431,175,136,139,169,452,236,23,121,260,145,91,145,57,149,51,106,302,364,687,135,225,54,238,230,42,132,265,175,43,175,102,228,233,180,259,84,157
313,213,106,57,263,64,270,70,63,91,223,289,482,186,140,160,168,457,261,23,128,271,148,98,151,59,163,106,59,295,384,693,140,241,53,257,246,44,114,253,172,56,223,87,184,221,176,293,94,173
575,504,249,85,643,122,590,195,208,275,545,680,1120,384,303,343,491,1111,635,75,333,621,377,247,402,141,390,302,295,390,959,1725,357,578,128,651,534,95,297,675,395,144,482,227,463,567,325,617,212,439
675,674,298,142,804,167,708,222,267,291,609,861,1270,520,393,462,567,1313,773,111,443,760,473,291,465,188,532,364,384,959,519,1997,397,721,170,781,688,141,398,805,513,187,572,295,599,614,458,749,290,549
1183,1181,580,220,1403,269,1299,429,461,609,1143,1523,2387,973,801,853,1043,2361,1425,179,799,1412,850,520,936,338,949,687,693,1725,1997,1805,688,1290,309,1485,1248,255,710,1439,927,323,1021,532,1149,1317,878,1410,472,964
254,238,116,49,283,62,265,82,90,125,232,315,492,174,163,172,199,469,269,29,149,281,158,107,185,67,197,135,140,357,397,688,67,266,53,284,249,45,131,279,183,60,193,96,231,245,192,262,92,174
480,393,185,71,420,102,438,141,152,202,422,562,809,330,276,297,320,803,451,68,256,468,306,206,341,107,337,225,241,578,721,1290,266,200,106,508,432,72,244,488,307,98,347,165,404,438,296,503,157,302
104,88,44,25,114,31,140,37,44,66,101,127,210,79,64,74,76,192,111,16,56,128,61,40,78,21,59,54,53,128,170,309,53,106,12,132,121,19,53,123,94,20,85,46,98,93,81,131,43,85
507,477,196,99,543,131,513,156,176,212,436,592,951,336,272,308,412,958,520,54,261,532,314,201,320,121,346,238,257,651,781,1485,284,508,132,258,523,101,302,491,335,108,388,177,428,512,329,527,197,387
497,388,187,74,449,104,439,145,131,199,410,507,795,320,256,262,381,810,483,49,251,479,290,166,318,121,321,230,246,534,688,1248,249,432,121,523,200,77,242,443,315,95,369,181,370,417,312,490,171,320
88,74,32,17,86,17,71,32,26,31,79,109,144,53,46,45,72,153,110,10,45,84,41,24,56,22,65,42,44,95,141,255,45,72,19,101,77,6,38,106,53,21,66,35,66,80,52,86,34,63
271,211,107,45,229,60,286,85,81,118,239,276,454,196,123,148,190,445,260,30,150,265,137,99,165,64,173,132,114,297,398,710,131,244,53,302,242,38,75,271,186,52,202,85,202,248,165,274,98,171
453,417,246,88,520,102,482,149,191,208,452,597,961,366,256,324,381,934,498,62,303,540,333,205,357,141,359,265,253,675,805,1439,279,488,123,491,443,106,271,266,322,110,391,232,411,490,332,510,193,376
313,264,121,61,308,82,315,103,116,136,284,388,586,216,175,189,241,572,317,29,191,331,197,137,232,85,227,175,172,395,513,927,183,307,94,335,315,53,186,322,107,74,247,141,275,309,213,323,134,214
130,97,41,26,110,18,98,31,34,54,89,116,182,77,43,59,78,186,109,16,63,108,67,53,72,23,64,43,56,144,187,323,60,98,20,108,95,21,52,110,74,7,85,37,85,98,72,103,40,75
377,366,182,55,391,65,356,139,131,176,327,421,706,253,215,238,263,662,366,53,225,415,245,146,243,105,271,175,223,482,572,1021,193,347,85,388,369,66,202,391,247,85,134,135,285,358,252,353,134,248
175,138,90,29,191,44,164,45,78,66,150,225,362,113,106,109,111,328,179,32,137,200,112,72,106,37,103,102,87,227,295,532,96,165,46,177,181,35,85,232,141,37,135,35,152,176,116,179,71,139
441,357,173,70,458,85,366,124,140,167,348,466,744,284,231,223,295,702,415,45,247,402,222,176,263,99,239,228,184,463,599,1149,231,404,98,428,370,66,202,411,275,85,285,152,146,375,246,416,159,283
449,394,200,88,491,112,422,147,166,171,376,520,840,305,242,273,310,818,467,55,263,460,253,195,280,112,297,233,221,567,614,1317,245,438,93,512,417,80,248,490,309,98,358,176,375,223,289,434,171,309
347,281,152,51,311,70,284,102,100,123,244,363,552,210,156,165,227,538,320,40,185,333,170,136,190,79,192,180,176,325,458,878,192,296,81,329,312,52,165,332,213,72,252,116,246,289,92,316,111,209
493,393,217,77,512,124,436,167,182,238,433,572,941,372,272,305,403,919,498,67,301,532,288,193,337,126,342,259,293,617,749,1410,262,503,131,527,490,86,274,510,323,103,353,179,416,434,316,228,194,362
183,147,79,30,199,37,187,61,60,110,177,216,343,132,104,117,147,326,185,30,120,189,98,63,134,41,99,84,94,212,290,472,92,157,43,197,171,34,98,193,134,40,134,71,159,171,111,194,29,130
402,290,118,52,320,68,345,118,128,139,312,408,603,214,170,195,252,626,356,44,174,382,188,146,242,97,243,157,173,439,549,964,174,302,85,387,320,63,171,376,214,75,248,139,283,309,209,362,130,116
