261,467,198,86,507,115,470,196,169,232,427,497,769,376,288,311,342,836,489,72,328,499,326,195,379,148,377,296,336,593,682,1157,233,474,99,489,452,97,239,453,309,93,382,171,427,421,324,482,171,372
467,197,135,78,406,99,453,158,142,168,370,474,741,282,243,242,328,749,437,46,208,444,277,180,285,106,279,245,206,501,671,1166,249,418,95,485,431,64,239,445,303,85,346,161,348,407,263,489,160,288
198,135,53,38,212,40,196,54,70,82,170,239,358,124,107,124,142,339,179,23,96,209,125,84,148,48,133,89,104,249,327,575,102,178,53,183,185,38,96,215,130,40,126,72,174,209,153,199,69,151
86,78,38,8,78,17,64,28,18,40,82,101,117,61,46,50,65,108,78,11,55,85,56,33,63,24,60,41,47,118,100,213,43,79,15,95,66,19,45,76,55,21,64,35,54,66,65,87,21,65
507,406,212,78,238,98,456,172,168,197,432,523,879,331,316,328,385,898,495,66,288,540,327,198,296,132,329,215,240,664,761,1356,285,477,107,524,461,69,291,526,373,99,397,181,391,462,342,542,199,356
115,99,40,17,98,13,98,37,30,47,98,115,204,77,61,72,84,175,103,20,63,111,82,40,83,32,83,69,68,149,147,281,49,104,18,137,100,21,50,115,63,20,83,31,85,109,74,114,35,65
470,453,196,64,456,98,219,150,153,214,389,507,855,317,247,245,354,773,461,49,260,503,292,190,335,125,329,265,278,605,682,1360,253,438,94,516,423,87,250,511,306,98,356,192,373,474,311,459,155,333
196,158,54,28,172,37,150,25,41,69,133,180,263,107,78,88,129,293,158,19,88,179,88,69,97,35,105,80,77,194,237,437,82,149,30,148,130,34,74,148,93,32,138,51,135,132,91,160,55,93
169,142,70,18,168,30,153,41,26,51,123,170,301,99,86,97,120,289,158,17,96,180,80,78,94,43,120,66,92,186,254,483,83,139,31,186,150,29,74,159,102,29,121,66,138,167,112,180,63,116
232,168,82,40,197,47,214,69,51,46,176,276,351,143,134,112,158,345,207,33,127,213,139,96,137,54,134,100,94,235,310,567,114,201,60,230,211,33,118,235,125,50,176,86,168,203,131,241,90,133
427,370,170,82,432,98,389,133,123,176,182,476,754,281,233,254,310,746,424,64,256,424,261,172,314,118,295,243,224,501,628,1170,234,406,91,452,398,64,244,456,266,88,342,149,339,381,295,453,171,284
497,474,239,101,523,115,507,180,170,276,476,300,948,366,297,313,406,951,579,69,297,569,319,236,382,135,351,237,275,701,803,1560,304,504,126,596,514,85,279,587,378,113,441,212,448,504,363,561,199,393
769,741,358,117,879,204,855,263,301,351,754,948,773,591,467,533,653,1410,895,104,489,922,566,354,633,236,607,411,464,1087,1317,2417,492,812,200,957,841,160,439,917,567,188,690,348,763,840,599,887,303,618
376,282,124,61,331,77,317,107,99,143,281,366,591,112,190,201,243,594,341,40,201,343,212,123,215,78,205,163,158,424,482,896,145,291,69,334,331,57,152,320,211,69,261,115,241,307,204,308,107,264
288,243,107,46,316,61,247,78,86,134,233,297,467,190,63,120,185,475,282,37,146,267,150,93,182,76,186,108,139,315,381,762,156,261,58,284,248,46,132,296,177,57,198,105,212,245,175,265,83,183
311,242,124,50,328,72,245,88,97,112,254,313,533,201,120,74,215,535,286,41,152,296,152,99,190,66,168,145,133,343,459,826,168,264,66,297,248,50,134,306,183,64,231,113,227,283,183,290,98,194
342,328,142,65,385,84,354,129,120,158,310,406,653,243,185,215,128,679,341,50,175,361,207,161,240,98,250,199,201,490,544,968,196,360,85,369,321,65,171,394,226,82,291,132,278,339,233,390,149,259
836,749,339,108,898,175,773,293,289,345,746,951,1410,594,475,535,679,769,931,125,500,948,560,355,617,263,656,390,467,1109,1378,2365,480,836,198,989,851,165,449,929,538,215,650,348,744,842,602,879,320,586
489,437,179,78,495,103,461,158,158,207,424,579,895,341,282,286,341,931,249,60,263,444,285,206,323,149,330,270,236,640,753,1429,254,464,107,583,489,88,234,525,313,95,401,197,404,456,334,516,171,341
72,46,23,11,66,20,49,19,17,33,64,69,104,40,37,41,50,125,60,5,32,66,47,23,45,11,28,27,35,92,94,169,34,56,15,61,54,10,31,60,27,6,53,17,42,51,36,61,24,45
328,208,96,55,288,63,260,88,96,127,256,297,489,201,146,152,175,500,263,32,81,256,167,111,185,61,165,121,140,340,418,742,159,271,64,259,264,40,130,291,174,51,225,116,238,253,196,304,111,209
499,444,209,85,540,111,503,179,180,213,424,569,922,343,267,296,361,948,444,66,256,244,325,213,347,150,352,250,274,666,741,1452,270,498,115,569,492,81,298,531,326,88,399,178,401,451,351,515,182,357
326,277,125,56,327,82,292,88,80,139,261,319,566,212,150,152,207,560,285,47,167,325,86,116,200,77,215,141,167,406,450,851,170,309,65,308,295,62,140,322,209,58,231,112,241,270,206,302,101,211
195,180,84,33,198,40,190,69,78,96,172,236,354,123,93,99,161,355,206,23,111,213,116,41,125,45,132,90,99,253,300,551,96,198,39,215,191,33,122,233,153,46,138,72,137,176,112,211,62,139
379,285,148,63,296,83,335,97,94,137,314,382,633,215,182,190,240,617,323,45,185,347,200,125,123,108,255,147,184,385,534,969,206,346,56,335,305,51,169,359,205,67,250,130,267,317,214,354,110,240
148,106,48,24,132,32,125,35,43,54,118,135,236,78,76,66,98,263,149,11,61,150,77,45,108,16,73,60,83,151,211,395,61,141,36,144,103,16,58,138,82,33,95,50,112,121,77,148,55,84
377,279,133,60,329,83,329,105,120,134,295,351,607,205,186,168,250,656,330,28,165,352,215,132,255,73,107,157,174,409,522,1009,203,362,79,361,315,50,158,340,215,69,261,107,273,314,214,373,142,227
296,245,89,41,215,69,265,80,66,100,243,237,411,163,108,145,199,390,270,27,121,250,141,90,147,60,157,58,118,257,370,670,112,229,61,251,229,31,120,263,129,56,180,83,179,234,147,254,88,172
336,206,104,47,240,68,278,77,92,94,224,275,464,158,139,133,201,467,236,35,140,274,167,99,184,83,174,118,67,308,399,745,172,246,43,267,244,40,112,267,161,46,233,111,199,232,147,255,107,183
593,501,249,118,664,149,605,194,186,235,501,701,1087,424,315,343,490,1109,640,92,340,666,406,253,385,151,409,257,308,398,961,1701,342,589,149,691,594,122,291,688,419,119,463,263,497,590,386,672,245,374
682,671,327,100,761,147,682,237,254,310,628,803,1317,482,381,459,544,1378,753,94,418,741,450,300,534,211,522,370,399,961,556,2027,412,716,187,796,658,124,370,780,485,162,554,267,593,732,513,737,265,490
1157,1166,575,213,1356,281,1360,437,483,567,1170,1560,2417,896,762,826,968,2365,1429,169,742,1452,851,551,969,395,1009,670,745,1701,2027,1717,684,1334,315,1474,1253,243,696,1471,851,295,996,517,1175,1297,923,1325,504,910
233,249,102,43,285,49,253,82,83,114,234,304,492,145,156,168,196,480,254,34,159,270,170,96,206,61,203,112,172,342,412,684,71,260,68,268,246,49,135,302,177,47,224,118,212,243,167,260,86,184
474,418,178,79,477,104,438,149,139,201,406,504,812,291,261,264,360,836,464,56,271,498,309,198,346,141,362,229,246,589,716,1334,260,231,113,537,459,87,260,452,297,99,366,202,399,425,316,470,191,291
99,95,53,15,107,18,94,30,31,60,91,126,200,69,58,66,85,198,107,15,64,115,65,39,56,36,79,61,43,149,187,315,68,113,10,113,100,19,59,142,78,17,83,49,85,100,72,103,37,80
489,485,183,95,524,137,516,148,186,230,452,596,957,334,284,297,369,989,583,61,259,569,308,215,335,144,361,251,267,691,796,1474,268,537,113,268,507,94,283,624,355,109,411,212,416,474,323,559,200,376
452,431,185,66,461,100,423,130,150,211,398,514,841,331,248,248,321,851,489,54,264,492,295,191,305,103,315,229,244,594,658,1253,246,459,100,507,220,85,237,459,321,92,352,174,369,444,297,461,158,340
97,64,38,19,69,21,87,34,29,33,64,85,160,57,46,50,65,165,88,10,40,81,62,33,51,16,50,31,40,122,124,243,49,87,19,94,85,5,54,79,55,8,67,32,74,73,42,83,34,62
239,239,96,45,291,50,250,74,74,118,244,279,439,152,132,134,171,449,234,31,130,298,140,122,169,58,158,120,112,291,370,696,135,260,59,283,237,54,79,238,153,42,203,94,213,255,174,271,97,147
453,445,215,76,526,115,511,148,159,235,456,587,917,320,296,306,394,929,525,60,291,531,322,233,359,138,340,263,267,688,780,1471,302,452,142,624,459,79,238,284,327,101,373,200,445,474,315,552,207,365
309,303,130,55,373,63,306,93,102,125,266,378,567,211,177,183,226,538,313,27,174,326,209,153,205,82,215,129,161,419,485,851,177,297,78,355,321,55,153,327,99,58,233,120,248,308,192,317,112,207
93,85,40,21,99,20,98,32,29,50,88,113,188,69,57,64,82,215,95,6,51,88,58,46,67,33,69,56,46,119,162,295,47,99,17,109,92,8,42,101,58,12,86,40,91,107,62,115,32,67
382,346,126,64,397,83,356,138,121,176,342,441,690,261,198,231,291,650,401,53,225,399,231,138,250,95,261,180,233,463,554,996,224,366,83,411,352,67,203,373,233,86,132,146,307,343,239,380,140,279
171,161,72,35,181,31,192,51,66,86,149,212,348,115,105,113,132,348,197,17,116,178,112,72,130,50,107,83,111,263,267,517,118,202,49,212,174,32,94,200,120,40,146,29,153,161,145,209,82,121
427,348,174,54,391,85,373,135,138,168,339,448,763,241,212,227,278,744,404,42,238,401,241,137,267,112,273,179,199,497,593,1175,212,399,85,416,369,74,213,445,248,91,307,153,160,394,257,400,155,290
421,407,209,66,462,109,474,132,167,203,381,504,840,307,245,283,339,842,456,51,253,451,270,176,317,121,314,234,232,590,732,1297,243,425,100,474,444,73,255,474,308,107,343,161,394,226,333,497,172,311
324,263,153,65,342,74,311,91,112,131,295,363,599,204,175,183,233,602,334,36,196,351,206,112,214,77,214,147,147,386,513,923,167,316,72,323,297,42,174,315,192,62,239,145,257,333,108,335,102,220
482,489,199,87,542,114,459,160,180,241,453,561,887,308,265,290,390,879,516,61,304,515,302,211,354,148,373,254,255,672,737,1325,260,470,103,559,461,83,271,552,317,115,380,209,400,497,335,240,187,368
171,160,69,21,199,35,155,55,63,90,171,199,303,107,83,98,149,320,171,24,111,182,101,62,110,55,142,88,107,245,265,504,86,191,37,200,158,34,97,207,112,32,140,82,155,172,102,187,29,137
372,288,151,65,356,65,333,93,116,133,284,393,618,264,183,194,259,586,341,45,209,357,211,139,240,84,227,172,183,374,490,910,184,291,80,376,340,62,147,365,207,67,279,121,290,311,220,368,137,116
