282,434,231,95,524,115,455,177,175,236,418,493,819,381,331,312,353,805,523,58,312,524,377,218,378,123,358,292,291,609,685,1195,285,488,106,502,499,75,231,449,318,121,347,174,454,404,357,436,193,385
434,208,173,60,475,76,415,140,134,185,384,467,798,266,247,248,318,816,439,54,252,461,248,161,309,99,315,192,213,527,641,1249,214,375,92,452,392,74,217,482,284,92,311,173,339,398,265,493,170,289
231,173,34,35,211,51,195,54,78,80,176,214,362,123,104,97,174,353,217,19,113,239,98,89,127,44,127,89,90,227,319,531,103,161,48,247,191,36,102,233,134,47,135,66,183,211,115,207,77,146
95,60,35,3,76,14,68,24,30,36,60,87,126,60,52,54,72,142,93,8,44,87,60,28,53,24,59,42,46,106,126,195,33,73,20,92,60,20,47,83,59,21,58,32,69,73,54,91,38,58
524,475,211,76,244,106,517,158,164,198,405,595,934,322,281,313,369,972,517,71,266,544,313,203,337,111,332,238,254,622,760,1454,271,493,123,574,496,94,273,512,308,101,407,187,424,481,325,536,172,358
115,76,51,14,106,11,104,36,37,50,92,121,184,79,65,66,78,178,116,16,65,114,53,36,83,27,73,59,58,146,147,283,49,89,27,113,107,26,53,119,88,23,88,44,88,92,62,133,48,63
455,415,195,68,517,104,218,158,159,213,407,544,916,307,248,290,350,881,490,60,263,484,282,197,334,118,317,221,276,621,721,1281,259,467,107,527,435,90,247,551,325,104,385,195,370,450,295,484,199,356
177,140,54,24,158,36,158,24,41,60,120,186,305,110,84,79,112,285,168,11,76,162,85,64,106,42,98,66,74,215,221,416,83,133,31,161,176,22,70,160,95,40,111,54,135,150,103,140,53,93
175,134,78,30,164,37,159,41,21,65,127,197,293,112,83,102,139,285,180,20,92,169,104,78,97,36,96,71,86,191,234,445,91,158,38,175,151,35,73,160,114,37,146,53,114,158,97,165,56,98
236,185,80,36,198,50,213,60,65,46,179,229,412,136,114,128,158,396,240,20,115,262,124,96,139,51,121,99,120,228,290,533,98,207,49,211,206,35,110,225,136,39,163,89,192,201,148,210,73,150
418,384,176,60,405,92,407,120,127,179,197,468,793,283,223,241,322,769,451,46,241,482,255,171,286,110,260,201,230,506,617,1115,217,359,109,421,397,65,198,465,292,67,333,162,366,395,282,444,159,271
493,467,214,87,595,121,544,186,197,229,468,294,1071,356,291,306,408,1015,598,79,309,613,309,215,363,148,369,237,288,730,905,1609,297,549,136,590,534,100,276,636,370,119,426,233,455,475,347,576,212,376
819,798,362,126,934,184,916,305,293,412,793,1071,837,610,458,522,664,1475,956,116,527,953,530,355,582,246,640,445,470,1161,1442,2508,472,872,192,1012,906,144,483,986,613,199,695,346,699,808,574,928,338,611
381,266,123,60,322,79,307,110,112,136,283,356,610,108,151,205,254,587,351,47,176,346,203,136,215,81,212,141,156,371,444,875,180,326,78,316,312,46,169,341,219,61,242,115,252,316,197,319,133,242
331,247,104,52,281,65,248,84,83,114,223,291,458,151,68,146,215,467,288,32,137,271,157,116,179,77,163,123,122,300,419,793,130,247,56,312,249,43,144,290,169,61,222,95,214,237,167,268,100,176
312,248,97,54,313,66,290,79,102,128,241,306,522,205,146,75,218,530,298,31,146,303,180,132,191,80,189,134,148,347,452,853,154,253,68,338,280,44,145,294,167,48,237,108,247,282,209,298,110,195
353,318,174,72,369,78,350,112,139,158,322,408,664,254,215,218,121,653,365,36,185,367,231,145,236,99,274,186,170,468,533,984,198,379,88,360,328,56,171,384,262,90,262,138,299,331,249,378,143,268
805,816,353,142,972,178,881,285,285,396,769,1015,1475,587,467,530,653,821,971,128,527,923,509,352,556,225,617,439,450,1147,1394,2434,471,940,210,1023,894,141,459,983,605,197,710,341,713,800,554,925,342,571
523,439,217,93,517,116,490,168,180,240,451,598,956,351,288,298,365,971,270,61,257,523,312,215,328,107,317,245,266,670,731,1440,270,486,133,502,508,80,254,522,333,115,392,186,426,428,346,525,181,325
58,54,19,8,71,16,60,11,20,20,46,79,116,47,32,31,36,128,61,3,31,53,27,28,29,16,38,20,30,93,88,189,35,57,13,72,62,10,31,60,38,9,53,24,49,56,42,61,27,33
312,252,113,44,266,65,263,76,92,115,241,309,527,176,137,146,185,527,257,31,81,294,139,105,173,74,185,128,145,327,431,797,161,261,58,294,251,53,140,280,178,70,205,110,223,279,166,330,87,208
524,461,239,87,544,114,484,162,169,262,482,613,953,346,271,303,367,923,523,53,294,266,324,210,321,145,364,254,264,629,721,1435,321,511,119,517,479,77,248,515,328,106,386,195,378,484,330,490,205,351
377,248,98,60,313,53,282,85,104,124,255,309,530,203,157,180,231,509,312,27,139,324,90,139,195,91,233,138,161,354,459,779,173,268,77,343,271,56,144,303,204,61,230,120,273,293,201,284,106,196
218,161,89,28,203,36,197,64,78,96,171,215,355,136,116,132,145,352,215,28,105,210,139,37,135,55,138,105,101,237,261,548,109,184,47,201,192,36,98,209,155,36,144,73,155,173,138,203,80,160
378,309,127,53,337,83,334,106,97,139,286,363,582,215,179,191,236,556,328,29,173,321,195,135,106,82,195,165,169,416,475,936,192,299,87,351,291,53,187,362,235,73,236,129,240,302,209,306,142,197
123,99,44,24,111,27,118,42,36,51,110,148,246,81,77,80,99,225,107,16,74,145,91,55,82,14,79,63,71,169,198,345,91,126,39,136,119,17,60,123,103,27,96,45,102,128,67,106,63,94
358,315,127,59,332,73,317,98,96,121,260,369,640,212,163,189,274,617,317,38,185,364,233,138,195,79,101,160,176,410,494,968,213,296,79,357,314,58,163,375,254,83,245,123,262,315,210,300,157,234
292,192,89,42,238,59,221,66,71,99,201,237,445,141,123,134,186,439,245,20,128,254,138,105,165,63,160,61,122,263,351,627,124,201,63,237,207,48,124,246,167,49,198,86,185,217,156,249,95,151
291,213,90,46,254,58,276,74,86,120,230,288,470,156,122,148,170,450,266,30,145,264,161,101,169,71,176,122,60,310,386,653,135,216,83,266,248,40,123,276,183,60,193,112,232,229,153,270,112,162
609,527,227,106,622,146,621,215,191,228,506,730,1161,371,300,347,468,1147,670,93,327,629,354,237,416,169,410,263,310,434,968,1807,374,563,128,698,579,93,324,685,419,135,509,230,486,608,406,639,233,414
685,641,319,126,760,147,721,221,234,290,617,905,1442,444,419,452,533,1394,731,88,431,721,459,261,475,198,494,351,386,968,588,2142,430,734,172,839,739,127,371,776,518,159,558,288,594,703,448,732,294,514
1195,1249,531,195,1454,283,1281,416,445,533,1115,1609,2508,875,793,853,984,2434,1440,189,797,1435,779,548,936,345,968,627,653,1807,2142,1945,729,1354,311,1606,1302,233,731,1541,912,295,1061,530,1069,1229,934,1433,502,899
285,214,103,33,271,49,259,83,91,98,217,297,472,180,130,154,198,471,270,35,161,321,173,109,192,91,213,124,135,374,430,729,61,269,50,314,262,51,143,306,177,56,203,105,234,255,164,276,88,182
488,375,161,73,493,89,467,133,158,207,359,549,872,326,247,253,379,940,486,57,261,511,268,184,299,126,296,201,216,563,734,1354,269,223,105,524,420,73,249,479,324,97,370,173,401,438,303,492,204,309
106,92,48,20,123,27,107,31,38,49,109,136,192,78,56,68,88,210,133,13,58,119,77,47,87,39,79,63,83,128,172,311,50,105,19,126,113,24,55,126,66,28,80,37,105,101,70,108,52,80
502,452,247,92,574,113,527,161,175,211,421,590,1012,316,312,338,360,1023,502,72,294,517,343,201,351,136,357,237,266,698,839,1606,314,524,126,264,484,67,252,553,354,129,378,201,425,497,352,538,232,366
499,392,191,60,496,107,435,176,151,206,397,534,906,312,249,280,328,894,508,62,251,479,271,192,291,119,314,207,248,579,739,1302,262,420,113,484,205,72,260,503,325,91,346,193,358,411,302,460,177,345
75,74,36,20,94,26,90,22,35,35,65,100,144,46,43,44,56,141,80,10,53,77,56,36,53,17,58,48,40,93,127,233,51,73,24,67,72,4,36,85,48,19,72,27,66,62,64,87,39,56
231,217,102,47,273,53,247,70,73,110,198,276,483,169,144,145,171,459,254,31,140,248,144,98,187,60,163,124,123,324,371,731,143,249,55,252,260,36,57,308,150,59,181,101,215,227,156,255,94,188
449,482,233,83,512,119,551,160,160,225,465,636,986,341,290,294,384,983,522,60,280,515,303,209,362,123,375,246,276,685,776,1541,306,479,126,553,503,85,308,287,343,118,387,215,454,507,329,556,210,389
318,284,134,59,308,88,325,95,114,136,292,370,613,219,169,167,262,605,333,38,178,328,204,155,235,103,254,167,183,419,518,912,177,324,66,354,325,48,150,343,121,90,274,120,293,293,203,367,109,239
121,92,47,21,101,23,104,40,37,39,67,119,199,61,61,48,90,197,115,9,70,106,61,36,73,27,83,49,60,135,159,295,56,97,28,129,91,19,59,118,90,18,79,35,92,98,74,116,42,74
347,311,135,58,407,88,385,111,146,163,333,426,695,242,222,237,262,710,392,53,205,386,230,144,236,96,245,198,193,509,558,1061,203,370,80,378,346,72,181,387,274,79,134,139,305,365,232,404,145,230
174,173,66,32,187,44,195,54,53,89,162,233,346,115,95,108,138,341,186,24,110,195,120,73,129,45,123,86,112,230,288,530,105,173,37,201,193,27,101,215,120,35,139,39,139,181,111,187,57,134
454,339,183,69,424,88,370,135,114,192,366,455,699,252,214,247,299,713,426,49,223,378,273,155,240,102,262,185,232,486,594,1069,234,401,105,425,358,66,215,454,293,92,305,139,154,352,246,387,167,296
404,398,211,73,481,92,450,150,158,201,395,475,808,316,237,282,331,800,428,56,279,484,293,173,302,128,315,217,229,608,703,1229,255,438,101,497,411,62,227,507,293,98,365,181,352,197,309,468,158,301
357,265,115,54,325,62,295,103,97,148,282,347,574,197,167,209,249,554,346,42,166,330,201,138,209,67,210,156,153,406,448,934,164,303,70,352,302,64,156,329,203,74,232,111,246,309,94,316,122,203
436,493,207,91,536,133,484,140,165,210,444,576,928,319,268,298,378,925,525,61,330,490,284,203,306,106,300,249,270,639,732,1433,276,492,108,538,460,87,255,556,367,116,404,187,387,468,316,246,169,340
193,170,77,38,172,48,199,53,56,73,159,212,338,133,100,110,143,342,181,27,87,205,106,80,142,63,157,95,112,233,294,502,88,204,52,232,177,39,94,210,109,42,145,57,167,158,122,169,36,146
385,289,146,58,358,63,356,93,98,150,271,376,611,242,176,195,268,571,325,33,208,351,196,160,197,94,234,151,162,414,514,899,182,309,80,366,345,56,188,389,239,74,230,134,296,301,203,340,146,108
