246,412,219,104,508,107,450,170,169,235,455,521,798,371,291,317,403,814,491,56,309,512,359,237,361,136,362,308,286,612,662,1153,241,478,105,502,490,98,252,456,293,108,383,174,443,424,346,479,173,370
412,198,168,85,473,111,446,119,157,155,376,465,777,285,227,250,317,787,415,37,225,455,235,173,273,104,277,209,224,460,670,1225,234,384,107,454,405,82,197,506,296,91,335,176,356,408,288,493,185,278
219,168,31,37,195,48,189,57,67,87,169,224,348,129,91,122,139,347,204,26,100,208,121,78,121,57,129,100,89,254,319,534,105,213,38,196,203,31,84,214,125,35,156,68,164,193,128,178,74,135
104,85,37,10,92,24,77,28,34,47,82,97,156,60,54,53,52,143,84,13,43,96,65,35,58,27,72,51,46,107,106,215,46,88,17,76,91,11,34,84,58,16,71,37,75,60,56,59,33,69
508,473,195,92,242,121,502,152,171,229,435,555,925,333,279,305,377,882,537,60,277,536,299,231,314,119,334,235,272,611,816,1444,286,460,107,522,492,82,256,544,286,121,411,190,425,468,326,526,173,355
107,111,48,24,121,11,105,37,42,50,84,114,210,70,56,69,66,185,108,12,68,130,77,42,70,31,90,66,65,142,165,290,57,129,23,111,113,16,49,113,70,28,88,44,89,99,64,113,30,70
450,446,189,77,502,105,247,147,155,212,389,547,860,303,268,266,346,832,474,49,293,510,310,209,316,132,345,246,252,603,725,1317,285,464,104,513,444,80,241,506,314,94,379,179,375,440,288,486,148,321
170,119,57,28,152,37,147,30,52,85,149,174,269,108,74,74,94,303,159,24,87,166,84,80,107,50,126,71,88,193,229,441,99,129,32,166,152,20,75,163,97,39,123,52,131,146,94,160,60,115
169,157,67,34,171,42,155,52,21,56,108,189,308,112,95,113,129,291,172,20,88,174,76,68,108,47,113,78,78,196,234,465,81,189,38,170,178,24,90,161,105,32,104,60,136,149,97,170,57,115
235,155,87,47,229,50,212,85,56,47,175,215,358,132,107,104,149,342,212,25,128,206,121,88,117,44,120,94,108,244,302,522,103,208,39,219,187,31,100,208,129,47,172,80,163,203,125,236,67,143
455,376,169,82,435,84,389,149,108,175,196,445,711,303,222,255,316,737,409,56,247,430,278,175,257,100,277,214,236,505,654,1115,234,414,79,448,416,66,215,436,269,89,318,152,349,423,275,476,141,302
521,465,224,97,555,114,547,174,189,215,445,293,965,367,324,313,399,1026,559,73,278,560,362,245,351,140,357,262,291,699,825,1535,313,521,120,587,535,109,275,551,355,98,453,224,425,549,344,560,210,374
798,777,348,156,925,210,860,269,308,358,711,965,819,591,469,522,612,1442,914,105,500,916,561,366,660,254,653,426,470,1148,1381,2424,444,858,190,937,830,151,452,967,556,193,704,374,767,779,575,924,321,583
371,285,129,60,333,70,303,108,112,132,303,367,591,106,150,161,225,576,356,40,143,356,174,134,216,77,198,158,166,413,495,871,189,298,58,312,322,52,154,360,212,70,253,116,238,292,199,335,99,224
291,227,91,54,279,56,268,74,95,107,222,324,469,150,63,140,194,481,250,38,141,288,150,102,158,76,171,116,141,337,402,751,153,254,62,292,259,50,126,271,179,53,201,94,220,215,141,274,92,170
317,250,122,53,305,69,266,74,113,104,255,313,522,161,140,64,237,561,292,39,160,334,170,135,187,76,189,120,149,348,480,836,164,290,66,308,266,39,122,308,213,42,230,108,254,266,155,296,115,188
403,317,139,52,377,66,346,94,129,149,316,399,612,225,194,237,145,623,370,43,209,370,233,152,212,89,249,175,174,452,536,965,175,324,93,364,346,64,167,374,202,73,282,142,292,326,212,368,139,261
814,787,347,143,882,185,832,303,291,342,737,1026,1442,576,481,561,623,768,909,114,489,940,558,377,617,257,663,416,467,1151,1352,2353,489,826,186,957,822,148,462,945,584,206,677,363,746,775,565,921,327,606
491,415,204,84,537,108,474,159,172,212,409,559,914,356,250,292,370,909,236,79,251,496,322,184,303,120,343,214,259,619,802,1446,263,477,131,526,491,79,264,551,354,105,399,176,377,452,303,535,191,346
56,37,26,13,60,12,49,24,20,25,56,73,105,40,38,39,43,114,79,6,37,62,33,32,37,13,37,26,24,86,98,161,31,62,19,71,53,14,35,71,33,15,43,26,47,59,46,60,20,42
309,225,100,43,277,68,293,87,88,128,247,278,500,143,141,160,209,489,251,37,59,256,142,121,178,83,192,125,146,320,408,800,147,256,66,284,261,45,115,302,177,58,225,107,216,258,166,320,100,215
512,455,208,96,536,130,510,166,174,206,430,560,916,356,288,334,370,940,496,62,256,274,296,199,311,128,352,230,258,654,773,1411,292,436,112,529,486,76,268,574,363,103,392,191,448,458,293,519,167,330
359,235,121,65,299,77,310,84,76,121,278,362,561,174,150,170,233,558,322,33,142,296,74,113,201,73,211,115,141,356,448,810,165,287,62,327,277,61,150,319,195,63,246,125,245,293,201,331,106,199
237,173,78,35,231,42,209,80,68,88,175,245,366,134,102,135,152,377,184,32,121,199,113,51,149,61,142,92,115,254,310,530,107,197,49,198,191,34,111,228,129,40,145,82,159,155,140,246,74,149
361,273,121,58,314,70,316,107,108,117,257,351,660,216,158,187,212,617,303,37,178,311,201,149,112,72,226,146,176,387,537,926,189,303,66,317,291,65,157,361,228,73,260,120,271,328,194,375,114,231
136,104,57,27,119,31,132,50,47,44,100,140,254,77,76,76,89,257,120,13,83,128,73,61,72,10,60,73,62,159,187,382,74,128,28,123,123,31,69,143,69,21,111,51,98,124,91,113,50,88
362,277,129,72,334,90,345,126,113,120,277,357,653,198,171,189,249,663,343,37,192,352,211,142,226,60,106,175,175,400,513,940,202,343,80,344,327,66,175,376,211,74,267,125,274,324,210,354,129,223
308,209,100,51,235,66,246,71,78,94,214,262,426,158,116,120,175,416,214,26,125,230,115,92,146,73,175,58,133,270,360,686,127,218,50,254,228,31,119,260,168,53,173,84,196,222,109,253,86,166
286,224,89,46,272,65,252,88,78,108,236,291,470,166,141,149,174,467,259,24,146,258,141,115,176,62,175,133,60,283,389,683,142,234,56,249,257,38,109,283,170,52,177,102,203,240,156,279,100,180
612,460,254,107,611,142,603,193,196,244,505,699,1148,413,337,348,452,1151,619,86,320,654,356,254,387,159,400,270,283,391,982,1806,348,571,128,648,599,89,318,655,409,129,491,226,538,578,407,622,241,376
662,670,319,106,816,165,725,229,234,302,654,825,1381,495,402,480,536,1352,802,98,408,773,448,310,537,187,513,360,389,982,566,2006,416,710,173,788,715,107,371,789,511,179,587,278,638,686,454,778,273,513
1153,1225,534,215,1444,290,1317,441,465,522,1115,1535,2424,871,751,836,965,2353,1446,161,800,1411,810,530,926,382,940,686,683,1806,2006,1856,696,1284,331,1491,1294,263,684,1540,938,310,1004,527,1092,1252,912,1374,514,887
241,234,105,46,286,57,285,99,81,103,234,313,444,189,153,164,175,489,263,31,147,292,165,107,189,74,202,127,142,348,416,696,74,242,71,296,263,50,149,290,166,56,190,94,237,225,155,302,103,191
478,384,213,88,460,129,464,129,189,208,414,521,858,298,254,290,324,826,477,62,256,436,287,197,303,128,343,218,234,571,710,1284,242,233,105,438,475,67,235,473,297,97,337,177,371,421,273,486,176,334
105,107,38,17,107,23,104,32,38,39,79,120,190,58,62,66,93,186,131,19,66,112,62,49,66,28,80,50,56,128,173,331,71,105,8,119,115,20,42,121,79,29,92,39,91,108,70,115,40,69
502,454,196,76,522,111,513,166,170,219,448,587,937,312,292,308,364,957,526,71,284,529,327,198,317,123,344,254,249,648,788,1491,296,438,119,283,448,85,258,586,366,113,435,237,414,497,326,569,201,369
490,405,203,91,492,113,444,152,178,187,416,535,830,322,259,266,346,822,491,53,261,486,277,191,291,123,327,228,257,599,715,1294,263,475,115,448,231,69,227,484,312,87,382,179,371,431,275,509,176,331
98,82,31,11,82,16,80,20,24,31,66,109,151,52,50,39,64,148,79,14,45,76,61,34,65,31,66,31,38,89,107,263,50,67,20,85,69,8,41,87,49,13,61,22,66,71,53,88,29,63
252,197,84,34,256,49,241,75,90,100,215,275,452,154,126,122,167,462,264,35,115,268,150,111,157,69,175,119,109,318,371,684,149,235,42,258,227,41,62,260,145,53,209,105,195,218,153,285,88,162
456,506,214,84,544,113,506,163,161,208,436,551,967,360,271,308,374,945,551,71,302,574,319,228,361,143,376,260,283,655,789,1540,290,473,121,586,484,87,260,269,346,133,383,197,425,487,342,561,204,347
293,296,125,58,286,70,314,97,105,129,269,355,556,212,179,213,202,584,354,33,177,363,195,129,228,69,211,168,170,409,511,938,166,297,79,366,312,49,145,346,93,61,245,100,273,294,183,344,118,222
108,91,35,16,121,28,94,39,32,47,89,98,193,70,53,42,73,206,105,15,58,103,63,40,73,21,74,53,52,129,179,310,56,97,29,113,87,13,53,133,61,10,81,40,93,96,65,121,41,73
383,335,156,71,411,88,379,123,104,172,318,453,704,253,201,230,282,677,399,43,225,392,246,145,260,111,267,173,177,491,587,1004,190,337,92,435,382,61,209,383,245,81,134,151,313,333,261,415,140,258
174,176,68,37,190,44,179,52,60,80,152,224,374,116,94,108,142,363,176,26,107,191,125,82,120,51,125,84,102,226,278,527,94,177,39,237,179,22,105,197,100,40,151,41,163,156,127,223,71,140
443,356,164,75,425,89,375,131,136,163,349,425,767,238,220,254,292,746,377,47,216,448,245,159,271,98,274,196,203,538,638,1092,237,371,91,414,371,66,195,425,273,93,313,163,168,383,261,410,134,259
424,408,193,60,468,99,440,146,149,203,423,549,779,292,215,266,326,775,452,59,258,458,293,155,328,124,324,222,240,578,686,1252,225,421,108,497,431,71,218,487,294,96,333,156,383,204,300,513,171,345
346,288,128,56,326,64,288,94,97,125,275,344,575,199,141,155,212,565,303,46,166,293,201,140,194,91,210,109,156,407,454,912,155,273,70,326,275,53,153,342,183,65,261,127,261,300,84,317,104,223
479,493,178,59,526,113,486,160,170,236,476,560,924,335,274,296,368,921,535,60,320,519,331,246,375,113,354,253,279,622,778,1374,302,486,115,569,509,88,285,561,344,121,415,223,410,513,317,260,190,375
173,185,74,33,173,30,148,60,57,67,141,210,321,99,92,115,139,327,191,20,100,167,106,74,114,50,129,86,100,241,273,514,103,176,40,201,176,29,88,204,118,41,140,71,134,171,104,190,24,138
370,278,135,69,355,70,321,115,115,143,302,374,583,224,170,188,261,606,346,42,215,330,199,149,231,88,223,166,180,376,513,887,191,334,69,369,331,63,162,347,222,73,258,140,259,345,223,375,138,112
