250,474,227,87,514,109,472,161,174,271,469,507,757,383,323,336,363,793,537,74,310,540,340,214,385,150,380,273,304,653,703,1206,267,501,104,540,462,84,260,508,321,107,369,193,442,413,336,484,168,378
474,170,172,76,430,97,448,121,160,171,368,507,775,292,242,257,304,803,418,48,247,437,285,180,289,102,292,146,184,535,668,1225,261,405,93,439,426,72,219,417,271,94,370,157,390,418,301,466,178,280
227,172,34,36,189,47,193,49,73,94,186,238,374,127,99,101,135,352,214,10,116,217,114,82,142,41,127,84,95,229,300,535,107,186,46,207,169,28,98,208,127,39,136,82,158,177,104,207,78,146
87,76,36,5,92,11,80,25,30,38,82,96,129,54,52,55,70,126,90,15,53,86,57,29,57,25,57,40,35,96,123,206,39,69,26,128,75,13,45,81,48,21,57,32,69,80,60,79,32,60
514,430,189,92,280,121,513,175,172,190,410,580,948,314,255,298,392,955,533,74,288,540,281,185,347,109,331,247,250,669,786,1443,280,481,110,556,499,83,282,550,338,116,363,199,400,469,325,516,178,346
109,97,47,11,121,5,109,41,39,50,108,131,183,73,77,74,76,206,123,15,76,123,68,39,62,27,68,47,49,157,169,291,63,93,38,131,117,19,52,105,68,27,81,39,88,114,83,112,44,85
472,448,193,80,513,109,227,150,162,220,415,563,918,325,251,275,342,890,486,65,285,481,286,193,325,112,326,223,235,612,740,1337,266,443,98,523,448,87,218,527,302,100,377,224,383,426,339,442,201,360
161,121,49,25,175,41,150,30,37,84,153,162,276,99,82,78,104,246,146,13,86,161,92,49,95,36,86,67,74,190,215,427,78,154,29,128,148,17,86,184,96,40,119,46,113,113,94,155,50,103
174,160,73,30,172,39,162,37,27,71,148,194,297,130,81,84,119,274,165,18,101,181,87,78,113,38,115,80,78,213,238,467,88,147,34,169,150,21,79,169,118,32,135,55,144,141,99,169,60,94
271,171,94,38,190,50,220,84,71,35,142,219,357,139,115,119,165,351,213,30,118,210,141,79,141,43,133,94,98,244,286,536,107,178,41,213,211,24,108,216,152,57,134,76,180,173,152,213,72,154
469,368,186,82,410,108,415,153,148,142,170,456,738,300,239,244,310,727,439,49,230,419,270,172,303,106,301,203,222,507,603,1207,234,381,89,422,418,56,225,469,278,108,317,151,365,379,253,425,137,278
507,507,238,96,580,131,563,162,194,219,456,323,1031,335,309,324,410,1096,579,75,288,616,366,262,332,137,355,238,270,727,932,1643,333,522,132,598,529,107,273,655,406,110,439,230,442,531,336,627,206,359
757,775,374,129,948,183,918,276,297,357,738,1031,807,570,489,493,611,1535,904,112,511,856,508,376,611,211,604,425,466,1217,1297,2529,496,843,223,932,838,155,443,926,624,177,689,335,734,889,562,960,334,584
383,292,127,54,314,73,325,99,130,139,300,335,570,96,168,171,238,559,350,43,185,343,196,122,226,74,230,145,161,402,484,870,163,302,61,321,323,41,156,340,216,81,255,125,262,286,218,366,112,240
323,242,99,52,255,77,251,82,81,115,239,309,489,168,80,156,195,485,251,30,157,266,168,109,184,70,184,132,135,341,401,676,131,244,62,266,269,40,141,316,170,51,223,103,221,221,163,273,86,172
336,257,101,55,298,74,275,78,84,119,244,324,493,171,156,70,211,498,294,37,146,292,162,112,174,75,190,134,148,348,441,783,146,282,82,272,285,48,134,318,178,60,227,124,217,239,181,309,116,167
363,304,135,70,392,76,342,104,119,165,310,410,611,238,195,211,133,649,375,42,200,391,221,127,228,82,256,166,188,464,568,984,177,340,78,408,344,47,188,378,224,89,294,166,288,327,238,364,117,210
793,803,352,126,955,206,890,246,274,351,727,1096,1535,559,485,498,649,782,911,111,481,899,483,363,591,227,612,419,449,1140,1328,2516,467,800,195,936,815,141,427,982,618,177,702,352,702,872,567,986,293,577
537,418,214,90,533,123,486,146,165,213,439,579,904,350,251,294,375,911,262,54,269,506,304,203,324,134,327,227,264,635,786,1450,280,507,113,566,494,85,253,564,340,104,415,170,415,465,319,502,187,317
74,48,10,15,74,15,65,13,18,30,49,75,112,43,30,37,42,111,54,1,30,69,35,39,44,22,46,23,28,60,106,173,30,62,18,61,65,9,25,63,43,11,45,26,50,59,38,57,26,45
310,247,116,53,288,76,285,86,101,118,230,288,511,185,157,146,200,481,269,30,85,282,167,120,199,79,203,130,153,313,450,788,163,283,61,292,267,45,142,291,145,52,212,109,241,247,183,312,96,172
540,437,217,86,540,123,481,161,181,210,419,616,856,343,266,292,391,899,506,69,282,261,306,202,356,121,375,241,253,654,751,1387,249,502,118,532,482,78,255,510,349,102,409,189,426,459,338,532,189,371
340,285,114,57,281,68,286,92,87,141,270,366,508,196,168,162,221,483,304,35,167,306,86,123,202,72,183,148,166,329,464,854,147,269,55,303,302,53,155,300,190,64,256,122,233,256,170,307,99,197
214,180,82,29,185,39,193,49,78,79,172,262,376,122,109,112,127,363,203,39,120,202,123,36,136,54,152,89,101,251,308,608,103,168,46,194,181,40,97,182,118,53,157,81,185,182,129,208,82,158
385,289,142,57,347,62,325,95,113,141,303,332,611,226,184,174,228,591,324,44,199,356,202,136,121,86,212,145,143,411,516,962,199,318,82,322,326,63,171,366,195,66,285,116,264,314,199,333,136,212
150,102,41,25,109,27,112,36,38,43,106,137,211,74,70,75,82,227,134,22,79,121,72,54,86,11,71,65,79,153,183,370,75,117,20,133,119,23,57,148,84,26,97,53,104,120,85,147,49,81
380,292,127,57,331,68,326,86,115,133,301,355,604,230,184,190,256,612,327,46,203,375,183,152,212,71,107,155,164,430,522,987,187,314,81,354,349,57,173,379,212,67,269,134,290,301,183,367,130,216
273,146,84,40,247,47,223,67,80,94,203,238,425,145,132,134,166,419,227,23,130,241,148,89,145,65,155,44,120,313,349,627,121,224,55,239,214,32,120,262,137,50,183,89,197,209,141,261,89,173
304,184,95,35,250,49,235,74,78,98,222,270,466,161,135,148,188,449,264,28,153,253,166,101,143,79,164,120,61,325,375,720,124,227,42,271,254,39,136,257,167,59,178,85,208,243,133,273,69,178
653,535,229,96,669,157,612,190,213,244,507,727,1217,402,341,348,464,1140,635,60,313,654,329,251,411,153,430,313,325,375,947,1814,349,548,137,667,603,97,308,658,397,123,485,258,488,613,404,692,239,451
703,668,300,123,786,169,740,215,238,286,603,932,1297,484,401,441,568,1328,786,106,450,751,464,308,516,183,522,349,375,947,566,2083,414,703,164,824,681,125,358,801,561,147,598,279,576,680,485,770,271,522
1206,1225,535,206,1443,291,1337,427,467,536,1207,1643,2529,870,676,783,984,2516,1450,173,788,1387,854,608,962,370,987,627,720,1814,2083,2097,763,1319,307,1540,1284,216,702,1474,881,283,1113,558,1143,1374,900,1486,480,948
267,261,107,39,280,63,266,78,88,107,234,333,496,163,131,146,177,467,280,30,163,249,147,103,199,75,187,121,124,349,414,763,69,241,57,300,246,38,134,294,182,62,199,108,204,273,158,281,97,185
501,405,186,69,481,93,443,154,147,178,381,522,843,302,244,282,340,800,507,62,283,502,269,168,318,117,314,224,227,548,703,1319,241,225,115,517,436,72,239,483,332,117,354,183,351,476,299,515,175,290
104,93,46,26,110,38,98,29,34,41,89,132,223,61,62,82,78,195,113,18,61,118,55,46,82,20,81,55,42,137,164,307,57,115,9,122,106,20,56,104,74,22,81,41,73,100,76,121,36,75
540,439,207,128,556,131,523,128,169,213,422,598,932,321,266,272,408,936,566,61,292,532,303,194,322,133,354,239,271,667,824,1540,300,517,122,290,510,90,257,571,352,125,440,204,415,470,298,541,189,370
462,426,169,75,499,117,448,148,150,211,418,529,838,323,269,285,344,815,494,65,267,482,302,181,326,119,349,214,254,603,681,1284,246,436,106,510,216,74,220,489,307,106,391,209,395,391,317,501,159,318
84,72,28,13,83,19,87,17,21,24,56,107,155,41,40,48,47,141,85,9,45,78,53,40,63,23,57,32,39,97,125,216,38,72,20,90,74,9,45,103,67,12,64,33,78,72,48,92,32,55
260,219,98,45,282,52,218,86,79,108,225,273,443,156,141,134,188,427,253,25,142,255,155,97,171,57,173,120,136,308,358,702,134,239,56,257,220,45,54,254,161,60,196,87,166,217,163,229,85,161
508,417,208,81,550,105,527,184,169,216,469,655,926,340,316,318,378,982,564,63,291,510,300,182,366,148,379,262,257,658,801,1474,294,483,104,571,489,103,254,279,383,124,406,232,447,478,328,559,180,342
321,271,127,48,338,68,302,96,118,152,278,406,624,216,170,178,224,618,340,43,145,349,190,118,195,84,212,137,167,397,561,881,182,332,74,352,307,67,161,383,115,69,254,120,270,295,209,351,147,229
107,94,39,21,116,27,100,40,32,57,108,110,177,81,51,60,89,177,104,11,52,102,64,53,66,26,67,50,59,123,147,283,62,117,22,125,106,12,60,124,69,14,72,42,86,80,62,103,47,74
369,370,136,57,363,81,377,119,135,134,317,439,689,255,223,227,294,702,415,45,212,409,256,157,285,97,269,183,178,485,598,1113,199,354,81,440,391,64,196,406,254,72,177,138,332,364,240,429,135,265
193,157,82,32,199,39,224,46,55,76,151,230,335,125,103,124,166,352,170,26,109,189,122,81,116,53,134,89,85,258,279,558,108,183,41,204,209,33,87,232,120,42,138,28,171,165,120,218,73,146
442,390,158,69,400,88,383,113,144,180,365,442,734,262,221,217,288,702,415,50,241,426,233,185,264,104,290,197,208,488,576,1143,204,351,73,415,395,78,166,447,270,86,332,171,177,370,251,426,150,269
413,418,177,80,469,114,426,113,141,173,379,531,889,286,221,239,327,872,465,59,247,459,256,182,314,120,301,209,243,613,680,1374,273,476,100,470,391,72,217,478,295,80,364,165,370,244,282,468,173,294
336,301,104,60,325,83,339,94,99,152,253,336,562,218,163,181,238,567,319,38,183,338,170,129,199,85,183,141,133,404,485,900,158,299,76,298,317,48,163,328,209,62,240,120,251,282,112,304,125,220
484,466,207,79,516,112,442,155,169,213,425,627,960,366,273,309,364,986,502,57,312,532,307,208,333,147,367,261,273,692,770,1486,281,515,121,541,501,92,229,559,351,103,429,218,426,468,304,252,172,361
168,178,78,32,178,44,201,50,60,72,137,206,334,112,86,116,117,293,187,26,96,189,99,82,136,49,130,89,69,239,271,480,97,175,36,189,159,32,85,180,147,47,135,73,150,173,125,172,35,110
378,280,146,60,346,85,360,103,94,154,278,359,584,240,172,167,210,577,317,45,172,371,197,158,212,81,216,173,178,451,522,948,185,290,75,370,318,55,161,342,229,74,265,146,269,294,220,361,110,114
