252,449,208,94,503,134,505,176,177,244,478,518,844,366,353,335,356,811,502,80,343,517,343,232,392,152,379,284,340,649,695,1161,240,481,110,496,501,71,261,463,322,119,344,168,478,422,356,527,189,387
449,201,150,83,432,107,424,119,137,172,356,455,791,280,220,244,309,831,438,49,223,420,249,171,295,110,291,216,223,562,633,1200,226,433,94,476,418,89,202,462,292,92,350,165,348,395,271,451,158,281
208,150,35,38,215,49,191,47,59,66,184,231,342,126,103,97,134,375,216,29,106,235,109,95,130,58,129,85,110,222,296,543,89,202,43,185,183,39,88,205,123,44,139,86,161,199,138,213,87,113
94,83,38,4,72,15,82,24,27,46,64,97,148,54,48,64,70,151,89,10,57,81,64,33,51,27,52,37,43,107,127,234,53,77,18,122,85,16,52,89,51,17,54,27,79,81,49,91,24,81
503,432,215,72,257,106,488,165,154,217,427,548,939,338,298,319,400,933,543,54,286,528,307,201,325,154,366,259,268,616,801,1449,274,459,99,535,490,80,255,499,333,107,397,215,419,445,341,543,167,360
134,107,49,15,106,9,100,29,39,54,83,116,203,65,56,63,81,216,126,12,63,120,73,47,82,38,80,49,54,136,156,297,60,108,30,128,109,21,48,127,75,25,72,41,90,99,69,105,30,95
505,424,191,82,488,100,225,147,159,204,422,549,860,294,286,298,330,865,515,68,248,504,320,166,333,132,342,232,243,600,706,1257,282,459,119,550,460,84,258,514,321,114,361,175,396,430,307,505,173,339
176,119,47,24,165,29,147,21,39,49,125,180,279,94,82,79,114,281,158,18,85,174,76,57,106,39,101,81,71,203,243,411,76,136,40,183,134,21,70,171,105,26,132,61,123,141,92,170,68,95
177,137,59,27,154,39,159,39,23,74,151,206,297,98,86,96,112,297,199,18,106,175,95,63,120,33,100,64,89,184,242,462,96,130,41,164,171,32,95,187,101,34,131,69,135,158,104,186,67,108
244,172,66,46,217,54,204,49,74,41,159,214,372,153,107,108,152,391,199,25,122,211,126,83,125,54,131,99,118,284,304,577,106,214,45,221,215,35,90,207,134,37,168,77,156,190,125,228,81,140
478,356,184,64,427,83,422,125,151,159,176,473,743,291,240,263,333,742,422,49,269,428,267,192,262,112,266,185,226,489,601,1140,242,405,98,449,404,73,211,415,262,87,323,180,336,379,275,425,164,286
518,455,231,97,548,116,549,180,206,214,473,311,980,372,284,313,404,988,592,72,301,599,342,229,328,137,343,257,285,719,847,1554,268,513,145,598,513,108,276,577,344,121,439,185,411,542,342,572,186,379
844,791,342,148,939,203,860,279,297,372,743,980,783,615,504,534,644,1400,964,107,525,920,566,361,577,233,584,461,434,1137,1321,2275,466,821,208,953,800,162,422,976,608,201,683,318,701,800,583,883,277,583
366,280,126,54,338,65,294,94,98,153,291,372,615,102,175,184,241,619,336,44,200,331,196,127,203,87,208,141,163,411,481,884,186,294,71,335,318,65,167,353,203,70,274,139,243,296,208,325,122,213
353,220,103,48,298,56,286,82,86,107,240,284,504,175,74,151,185,491,284,36,162,277,150,104,174,73,179,117,143,325,382,750,146,251,57,253,250,40,130,273,153,75,240,93,213,226,165,294,102,189
335,244,97,64,319,63,298,79,96,108,263,313,534,184,151,77,187,535,307,34,149,297,163,106,188,68,201,124,133,351,449,826,167,299,58,276,278,38,137,330,184,67,244,100,219,254,199,314,108,216
356,309,134,70,400,81,330,114,112,152,333,404,644,241,185,187,124,669,374,51,188,369,212,124,254,88,252,194,179,434,550,1031,203,339,85,367,329,55,196,361,265,90,274,141,280,344,229,400,137,278
811,831,375,151,933,216,865,281,297,391,742,988,1400,619,491,535,669,761,942,119,501,954,538,364,600,262,623,434,453,1145,1347,2322,453,834,210,955,776,169,430,972,599,204,645,327,694,788,559,911,291,609
502,438,216,89,543,126,515,158,199,199,422,592,964,336,284,307,374,942,253,51,322,476,324,183,316,142,378,238,242,588,737,1472,259,489,125,544,446,86,252,547,358,120,395,198,416,457,306,545,198,348
80,49,29,10,54,12,68,18,18,25,49,72,107,44,36,34,51,119,51,3,29,55,40,29,34,11,38,25,29,97,100,190,40,50,14,63,51,7,40,63,46,9,41,29,48,56,41,65,28,38
343,223,106,57,286,63,248,85,106,122,269,301,525,200,162,149,188,501,322,29,64,321,173,111,184,72,183,131,131,338,452,813,166,269,63,292,245,46,129,293,173,50,212,93,213,276,180,309,112,182
517,420,235,81,528,120,504,174,175,211,428,599,920,331,277,297,369,954,476,55,321,260,318,177,315,120,358,234,252,628,779,1434,269,483,126,532,454,85,274,554,326,138,409,200,434,489,329,560,197,354
343,249,109,64,307,73,320,76,95,126,267,342,566,196,150,163,212,538,324,40,173,318,100,96,185,62,186,145,162,388,457,831,193,270,73,296,251,57,147,322,162,66,261,111,226,278,187,319,116,200
232,171,95,33,201,47,166,57,63,83,192,229,361,127,104,106,124,364,183,29,111,177,96,37,133,62,142,94,93,276,271,528,116,183,40,203,179,43,101,204,118,43,162,81,151,179,142,202,65,137
392,295,130,51,325,82,333,106,120,125,262,328,577,203,174,188,254,600,316,34,184,315,185,133,100,92,194,147,168,403,482,917,193,276,85,358,304,62,176,336,200,70,250,123,245,282,198,333,126,218
152,110,58,27,154,38,132,39,33,54,112,137,233,87,73,68,88,262,142,11,72,120,62,62,92,16,81,75,80,163,195,356,75,123,27,140,111,31,69,138,82,31,100,41,112,124,85,135,35,80
379,291,129,52,366,80,342,101,100,131,266,343,584,208,179,201,252,623,378,38,183,358,186,142,194,81,117,170,178,434,489,955,186,328,71,332,303,69,167,374,229,78,260,127,285,311,199,361,114,206
284,216,85,37,259,49,232,81,64,99,185,257,461,141,117,124,194,434,238,25,131,234,145,94,147,75,170,71,98,290,352,635,140,206,58,254,216,37,136,220,154,56,185,88,182,207,145,253,97,169
340,223,110,43,268,54,243,71,89,118,226,285,434,163,143,133,179,453,242,29,131,252,162,93,168,80,178,98,69,307,361,715,127,232,42,268,214,47,136,283,176,54,216,105,197,243,148,281,91,169
649,562,222,107,616,136,600,203,184,284,489,719,1137,411,325,351,434,1145,588,97,338,628,388,276,403,163,434,290,307,393,982,1797,332,566,155,687,572,106,322,689,411,136,488,223,487,587,414,696,242,446
695,633,296,127,801,156,706,243,242,304,601,847,1321,481,382,449,550,1347,737,100,452,779,457,271,482,195,489,352,361,982,558,2051,347,739,160,807,723,136,396,786,480,156,550,283,586,663,479,779,242,527
1161,1200,543,234,1449,297,1257,411,462,577,1140,1554,2275,884,750,826,1031,2322,1472,190,813,1434,831,528,917,356,955,635,715,1797,2051,1844,679,1334,323,1531,1285,242,659,1469,925,313,1006,492,1091,1226,900,1388,481,922
240,226,89,53,274,60,282,76,96,106,242,268,466,186,146,167,203,453,259,40,166,269,193,116,193,75,186,140,127,332,347,679,80,248,59,291,232,48,139,279,169,69,215,109,218,236,165,249,91,189
481,433,202,77,459,108,459,136,130,214,405,513,821,294,251,299,339,834,489,50,269,483,270,183,276,123,328,206,232,566,739,1334,248,216,110,488,448,82,243,524,291,97,383,177,340,433,289,487,156,323
110,94,43,18,99,30,119,40,41,45,98,145,208,71,57,58,85,210,125,14,63,126,73,40,85,27,71,58,42,155,160,323,59,110,11,129,105,19,60,120,78,25,90,44,75,98,57,132,41,77
496,476,185,122,535,128,550,183,164,221,449,598,953,335,253,276,367,955,544,63,292,532,296,203,358,140,332,254,268,687,807,1531,291,488,129,281,478,77,265,586,363,98,423,213,444,468,301,594,192,372
501,418,183,85,490,109,460,134,171,215,404,513,800,318,250,278,329,776,446,51,245,454,251,179,304,111,303,216,214,572,723,1285,232,448,105,478,201,71,232,500,288,103,349,163,354,412,292,509,156,314
71,89,39,16,80,21,84,21,32,35,73,108,162,65,40,38,55,169,86,7,46,85,57,43,62,31,69,37,47,106,136,242,48,82,19,77,71,4,43,98,72,21,59,29,78,70,59,86,42,54
261,202,88,52,255,48,258,70,95,90,211,276,422,167,130,137,196,430,252,40,129,274,147,101,176,69,167,136,136,322,396,659,139,243,60,265,232,43,53,268,162,52,175,93,214,243,172,270,95,169
463,462,205,89,499,127,514,171,187,207,415,577,976,353,273,330,361,972,547,63,293,554,322,204,336,138,374,220,283,689,786,1469,279,524,120,586,500,98,268,282,313,111,413,196,454,480,342,560,175,359
322,292,123,51,333,75,321,105,101,134,262,344,608,203,153,184,265,599,358,46,173,326,162,118,200,82,229,154,176,411,480,925,169,291,78,363,288,72,162,313,100,72,279,144,251,277,231,335,116,229
119,92,44,17,107,25,114,26,34,37,87,121,201,70,75,67,90,204,120,9,50,138,66,43,70,31,78,56,54,136,156,313,69,97,25,98,103,21,52,111,72,8,76,37,82,97,86,117,47,65
344,350,139,54,397,72,361,132,131,168,323,439,683,274,240,244,274,645,395,41,212,409,261,162,250,100,260,185,216,488,550,1006,215,383,90,423,349,59,175,413,279,76,128,145,332,364,250,358,145,287
168,165,86,27,215,41,175,61,69,77,180,185,318,139,93,100,141,327,198,29,93,200,111,81,123,41,127,88,105,223,283,492,109,177,44,213,163,29,93,196,144,37,145,45,145,159,114,179,76,114
478,348,161,79,419,90,396,123,135,156,336,411,701,243,213,219,280,694,416,48,213,434,226,151,245,112,285,182,197,487,586,1091,218,340,75,444,354,78,214,454,251,82,332,145,174,373,264,423,130,260
422,395,199,81,445,99,430,141,158,190,379,542,800,296,226,254,344,788,457,56,276,489,278,179,282,124,311,207,243,587,663,1226,236,433,98,468,412,70,243,480,277,97,364,159,373,190,259,475,149,327
356,271,138,49,341,69,307,92,104,125,275,342,583,208,165,199,229,559,306,41,180,329,187,142,198,85,199,145,148,414,479,900,165,289,57,301,292,59,172,342,231,86,250,114,264,259,85,354,101,216
527,451,213,91,543,105,505,170,186,228,425,572,883,325,294,314,400,911,545,65,309,560,319,202,333,135,361,253,281,696,779,1388,249,487,132,594,509,86,270,560,335,117,358,179,423,475,354,250,183,378
189,158,87,24,167,30,173,68,67,81,164,186,277,122,102,108,137,291,198,28,112,197,116,65,126,35,114,97,91,242,242,481,91,156,41,192,156,42,95,175,116,47,145,76,130,149,101,183,32,132
387,281,113,81,360,95,339,95,108,140,286,379,583,213,189,216,278,609,348,38,182,354,200,137,218,80,206,169,169,446,527,922,189,323,77,372,314,54,169,359,229,65,287,114,260,327,216,378,132,124
