227,458,221,89,523,122,468,178,190,249,474,501,785,373,316,355,359,796,494,65,326,466,365,196,376,149,383,264,309,617,684,1145,221,472,115,534,472,79,258,486,312,103,376,189,433,429,311,515,148,373
458,196,172,74,428,121,437,131,149,194,398,493,809,294,241,223,320,790,471,55,253,476,282,174,283,91,254,208,203,551,625,1223,248,396,104,467,429,80,220,448,254,99,346,176,357,404,282,432,183,271
221,172,43,31,214,38,176,64,52,91,174,222,367,125,96,109,138,332,184,27,104,181,103,70,110,52,108,94,97,231,306,570,89,178,39,197,176,37,94,210,109,44,156,83,148,173,134,218,69,126
89,74,31,4,83,15,89,22,26,51,82,86,148,61,37,54,57,153,82,15,62,83,54,33,49,22,58,47,42,92,116,207,37,87,24,94,69,12,40,104,51,12,69,31,73,67,52,86,31,73
523,428,214,83,261,91,460,171,159,211,447,577,940,342,297,327,371,931,511,59,289,546,316,195,343,131,338,249,264,618,761,1415,263,442,107,549,471,86,256,514,331,109,410,186,412,505,332,536,197,352
122,121,38,15,91,12,116,29,32,47,96,126,210,74,61,68,65,186,97,17,79,103,77,48,74,28,83,52,64,144,163,310,56,108,23,146,99,13,49,119,70,25,77,47,89,101,58,134,39,83
468,437,176,89,460,116,241,143,155,191,382,579,863,314,241,265,356,854,488,60,288,498,308,195,278,122,305,245,266,634,697,1296,274,468,111,526,442,80,237,530,329,100,371,181,397,425,314,494,202,363
178,131,64,22,171,29,143,22,63,57,137,168,293,86,74,91,127,288,160,19,93,146,109,68,93,27,106,60,59,182,220,425,94,120,33,165,142,27,74,173,107,32,131,51,121,135,101,163,61,115
190,149,52,26,159,32,155,63,29,68,132,190,264,102,82,88,134,309,163,13,84,188,79,65,109,43,110,74,83,214,255,458,84,146,40,192,144,22,86,185,118,31,123,76,130,151,114,175,67,112
249,194,91,51,211,47,191,57,68,35,157,216,362,150,126,115,154,350,222,27,107,255,132,92,124,71,146,98,94,245,307,584,92,203,53,223,200,29,106,217,137,39,177,88,151,201,107,222,90,148
474,398,174,82,447,96,382,137,132,157,185,474,788,294,239,246,300,805,427,40,245,435,250,179,276,120,295,209,201,547,609,1146,225,405,93,445,409,70,225,462,291,100,346,172,315,380,257,447,176,278
501,493,222,86,577,126,579,168,190,216,474,327,1043,376,304,281,424,1001,556,65,299,530,352,225,412,145,380,275,279,707,842,1586,299,529,127,614,538,92,278,604,405,121,450,209,506,481,356,591,214,383
785,809,367,148,940,210,863,293,264,362,788,1043,806,593,491,537,643,1492,924,128,502,913,557,382,598,212,616,429,469,1138,1368,2420,487,833,218,962,846,158,422,966,613,196,716,346,772,851,557,907,342,620
373,294,125,61,342,74,314,86,102,150,294,376,593,107,173,179,234,608,322,37,157,327,193,124,204,81,234,140,182,400,464,890,165,287,70,301,315,55,165,332,225,74,287,154,283,315,200,348,118,251
316,241,96,37,297,61,241,74,82,126,239,304,491,173,72,150,197,454,294,33,142,271,148,107,157,73,172,104,138,342,386,701,120,224,75,258,241,49,127,276,157,47,243,98,228,248,182,258,87,194
355,223,109,54,327,68,265,91,88,115,246,281,537,179,150,83,209,531,286,39,152,292,175,125,173,85,194,123,142,360,420,810,142,244,80,284,277,63,137,317,175,53,241,111,249,279,192,313,94,209
359,320,138,57,371,65,356,127,134,154,300,424,643,234,197,209,123,644,393,50,205,369,215,128,206,87,240,149,200,436,565,999,179,329,76,349,311,52,199,355,260,84,283,135,281,337,213,391,137,269
796,790,332,153,931,186,854,288,309,350,805,1001,1492,608,454,531,644,786,962,122,495,963,543,384,609,220,621,408,462,1130,1365,2416,515,819,195,922,872,149,445,974,600,207,672,331,771,858,548,935,346,601
494,471,184,82,511,97,488,160,163,222,427,556,924,322,294,286,393,962,248,63,252,524,326,213,349,128,350,228,273,609,734,1434,291,442,116,525,448,99,272,521,342,98,381,180,412,480,336,541,214,333
65,55,27,15,59,17,60,19,13,27,40,65,128,37,33,39,50,122,63,4,28,75,40,27,37,14,40,24,35,72,90,187,34,54,10,60,61,8,31,73,33,6,50,25,53,62,42,77,30,44
326,253,104,62,289,79,288,93,84,107,245,299,502,157,142,152,205,495,252,28,85,292,175,123,171,68,174,119,113,370,409,824,137,264,68,305,298,53,161,330,194,63,223,89,208,278,167,332,111,210
466,476,181,83,546,103,498,146,188,255,435,530,913,327,271,292,369,963,524,75,292,270,300,199,337,145,368,257,281,650,781,1430,295,483,125,520,466,100,272,546,330,111,419,189,404,463,361,539,210,341
365,282,103,54,316,77,308,109,79,132,250,352,557,193,148,175,215,543,326,40,175,300,96,100,194,80,205,124,152,360,452,815,158,272,67,287,270,48,145,320,188,53,252,113,247,291,185,319,110,203
196,174,70,33,195,48,195,68,65,92,179,225,382,124,107,125,128,384,213,27,123,199,100,29,111,49,134,105,90,253,290,551,94,213,39,186,192,37,99,217,148,52,182,80,155,197,125,198,64,136
376,283,110,49,343,74,278,93,109,124,276,412,598,204,157,173,206,609,349,37,171,337,194,111,91,82,192,163,161,401,494,960,187,320,67,370,287,52,165,345,207,68,279,122,213,331,209,344,129,221
149,91,52,22,131,28,122,27,43,71,120,145,212,81,73,85,87,220,128,14,68,145,80,49,82,20,82,61,53,156,203,350,70,130,17,125,123,27,53,141,87,19,100,48,105,109,82,124,43,83
383,254,108,58,338,83,305,106,110,146,295,380,616,234,172,194,240,621,350,40,174,368,205,134,192,82,113,166,171,422,544,981,185,314,54,330,313,59,188,352,251,65,286,124,280,301,202,338,128,250
264,208,94,47,249,52,245,60,74,98,209,275,429,140,104,123,149,408,228,24,119,257,124,105,163,61,166,45,106,266,345,644,112,226,55,253,235,37,92,263,158,41,166,74,190,226,135,222,86,156
309,203,97,42,264,64,266,59,83,94,201,279,469,182,138,142,200,462,273,35,113,281,152,90,161,53,171,106,65,309,381,739,131,247,63,243,246,44,125,267,164,59,201,85,210,256,143,281,96,167
617,551,231,92,618,144,634,182,214,245,547,707,1138,400,342,360,436,1130,609,72,370,650,360,253,401,156,422,266,309,396,958,1702,349,566,146,644,601,106,321,684,432,135,491,242,492,574,411,706,238,421
684,625,306,116,761,163,697,220,255,307,609,842,1368,464,386,420,565,1365,734,90,409,781,452,290,494,203,544,345,381,958,589,2095,409,704,167,770,650,133,367,808,508,167,580,282,585,709,453,753,273,536
1145,1223,570,207,1415,310,1296,425,458,584,1146,1586,2420,890,701,810,999,2416,1434,187,824,1430,815,551,960,350,981,644,739,1702,2095,1860,689,1307,318,1492,1297,241,672,1479,904,332,1065,525,1169,1299,945,1393,515,921
221,248,89,37,263,56,274,94,84,92,225,299,487,165,120,142,179,515,291,34,137,295,158,94,187,70,185,112,131,349,409,689,87,241,53,276,257,50,128,241,149,53,216,106,253,274,179,282,124,187
472,396,178,87,442,108,468,120,146,203,405,529,833,287,224,244,329,819,442,54,264,483,272,213,320,130,314,226,247,566,704,1307,241,205,114,505,442,76,226,498,317,94,333,149,407,409,303,458,163,347
115,104,39,24,107,23,111,33,40,53,93,127,218,70,75,80,76,195,116,10,68,125,67,39,67,17,54,55,63,146,167,318,53,114,14,121,121,19,50,104,72,27,91,42,90,101,69,99,55,59
534,467,197,94,549,146,526,165,192,223,445,614,962,301,258,284,349,922,525,60,305,520,287,186,370,125,330,253,243,644,770,1492,276,505,121,268,525,84,294,542,325,117,407,202,433,495,301,576,206,389
472,429,176,69,471,99,442,142,144,200,409,538,846,315,241,277,311,872,448,61,298,466,270,192,287,123,313,235,246,601,650,1297,257,442,121,525,215,90,228,517,307,95,364,155,415,429,300,460,151,345
79,80,37,12,86,13,80,27,22,29,70,92,158,55,49,63,52,149,99,8,53,100,48,37,52,27,59,37,44,106,133,241,50,76,19,84,90,9,36,89,53,22,61,23,55,81,48,81,30,62
258,220,94,40,256,49,237,74,86,106,225,278,422,165,127,137,199,445,272,31,161,272,145,99,165,53,188,92,125,321,367,672,128,226,50,294,228,36,56,263,170,63,190,98,218,239,144,248,94,178
486,448,210,104,514,119,530,173,185,217,462,604,966,332,276,317,355,974,521,73,330,546,320,217,345,141,352,263,267,684,808,1479,241,498,104,542,517,89,263,281,370,120,394,205,442,512,349,568,197,384
312,254,109,51,331,70,329,107,118,137,291,405,613,225,157,175,260,600,342,33,194,330,188,148,207,87,251,158,164,432,508,904,149,317,72,325,307,53,170,370,126,52,234,122,262,297,191,354,126,236
103,99,44,12,109,25,100,32,31,39,100,121,196,74,47,53,84,207,98,6,63,111,53,52,68,19,65,41,59,135,167,332,53,94,27,117,95,22,63,120,52,12,92,38,97,93,66,108,42,67
376,346,156,69,410,77,371,131,123,177,346,450,716,287,243,241,283,672,381,50,223,419,252,182,279,100,286,166,201,491,580,1065,216,333,91,407,364,61,190,394,234,92,138,138,347,325,282,374,156,286
189,176,83,31,186,47,181,51,76,88,172,209,346,154,98,111,135,331,180,25,89,189,113,80,122,48,124,74,85,242,282,525,106,149,42,202,155,23,98,205,122,38,138,32,149,162,127,217,74,121
433,357,148,73,412,89,397,121,130,151,315,506,772,283,228,249,281,771,412,53,208,404,247,155,213,105,280,190,210,492,585,1169,253,407,90,433,415,55,218,442,262,97,347,149,180,376,257,411,164,291
429,404,173,67,505,101,425,135,151,201,380,481,851,315,248,279,337,858,480,62,278,463,291,197,331,109,301,226,256,574,709,1299,274,409,101,495,429,81,239,512,297,93,325,162,376,200,302,465,171,326
311,282,134,52,332,58,314,101,114,107,257,356,557,200,182,192,213,548,336,42,167,361,185,125,209,82,202,135,143,411,453,945,179,303,69,301,300,48,144,349,191,66,282,127,257,302,105,320,138,212
515,432,218,86,536,134,494,163,175,222,447,591,907,348,258,313,391,935,541,77,332,539,319,198,344,124,338,222,281,706,753,1393,282,458,99,576,460,81,248,568,354,108,374,217,411,465,320,254,185,378
148,183,69,31,197,39,202,61,67,90,176,214,342,118,87,94,137,346,214,30,111,210,110,64,129,43,128,86,96,238,273,515,124,163,55,206,151,30,94,197,126,42,156,74,164,171,138,185,39,105
373,271,126,73,352,83,363,115,112,148,278,383,620,251,194,209,269,601,333,44,210,341,203,136,221,83,250,156,167,421,536,921,187,347,59,389,345,62,178,384,236,67,286,121,291,326,212,378,105,124
