262,424,197,105,531,130,512,186,176,243,421,518,819,352,314,343,362,770,502,69,328,521,364,208,372,130,345,288,301,597,727,1168,231,504,97,538,516,103,252,484,321,118,381,166,438,424,347,490,155,354
424,205,160,76,452,105,395,126,149,218,418,459,739,287,229,238,298,760,425,59,218,440,243,180,301,121,323,206,215,519,606,1205,216,408,95,453,379,60,217,476,276,86,348,173,354,431,271,465,152,308
197,160,34,33,196,44,190,48,75,95,163,212,351,126,97,113,136,368,200,19,102,205,133,91,136,52,132,88,89,246,307,551,120,179,33,184,186,27,86,186,133,32,144,60,166,182,134,199,65,147
105,76,33,4,79,15,76,35,32,30,74,92,153,55,50,56,60,145,98,14,48,99,47,36,58,31,78,30,44,108,120,211,35,88,26,96,83,9,48,85,52,23,57,27,70,65,53,83,30,60
531,452,196,79,263,107,487,147,171,212,438,613,960,300,274,292,378,865,500,52,284,521,311,212,327,144,375,228,250,626,764,1453,280,489,102,526,492,60,273,547,382,115,383,189,392,453,310,520,190,370
130,105,44,15,107,11,96,41,38,44,92,133,191,74,72,78,92,210,123,14,54,114,71,43,84,40,93,50,43,152,148,268,60,113,23,129,101,11,57,88,61,25,72,33,93,80,69,107,37,91
512,395,190,76,487,96,230,163,162,193,444,534,847,323,263,292,370,859,503,63,251,500,287,210,323,137,376,228,242,653,702,1256,225,469,91,609,466,69,268,521,324,115,359,174,368,466,309,451,179,329
186,126,48,35,147,41,163,22,50,76,142,156,261,110,75,78,106,283,152,17,102,158,108,75,94,34,106,68,82,193,219,419,87,142,29,164,148,16,63,168,97,35,126,54,134,146,110,170,50,115
176,149,75,32,171,38,162,50,32,87,137,179,281,94,103,105,126,296,157,26,87,134,102,78,104,41,109,74,86,209,217,473,90,140,44,168,138,32,78,141,109,35,112,59,123,154,99,162,73,102
243,218,95,30,212,44,193,76,87,48,189,221,350,141,106,118,156,333,208,28,118,218,131,78,151,59,152,106,103,274,306,569,105,176,56,235,201,22,106,196,135,48,149,83,185,194,120,198,82,157
421,418,163,74,438,92,444,142,137,189,197,459,743,285,226,240,299,716,458,53,238,435,240,166,272,102,285,207,206,547,620,1179,227,394,95,453,375,64,221,445,262,91,341,157,341,348,265,447,141,321
518,459,212,92,613,133,534,156,179,221,459,337,1028,369,297,285,419,1053,589,66,322,623,320,216,347,148,367,266,279,718,888,1620,338,534,151,639,491,83,266,577,372,128,415,217,464,520,359,597,220,359
819,739,351,153,960,191,847,261,281,350,743,1028,767,597,433,526,646,1458,934,98,510,989,484,361,585,251,621,427,457,1144,1402,2387,456,882,208,1002,832,155,452,961,633,180,636,369,719,821,572,920,319,600
352,287,126,55,300,74,323,110,94,141,285,369,597,108,179,190,256,604,344,27,172,316,182,138,222,90,226,151,153,385,467,924,176,311,80,369,293,47,183,344,218,65,243,110,262,318,200,335,123,226
314,229,97,50,274,72,263,75,103,106,226,297,433,179,77,123,213,468,272,17,143,264,126,110,156,55,157,105,113,293,402,741,137,260,58,278,247,43,133,310,170,52,224,103,199,225,166,261,111,193
343,238,113,56,292,78,292,78,105,118,240,285,526,190,123,70,207,527,286,23,149,299,148,103,185,61,175,125,138,349,417,780,141,278,61,314,274,41,148,329,187,58,242,113,229,263,172,321,113,191
362,298,136,60,378,92,370,106,126,156,299,419,646,256,213,207,143,615,354,35,204,362,216,165,221,95,254,165,182,426,571,952,202,344,70,401,346,56,179,400,289,82,294,133,326,334,232,394,112,252
770,760,368,145,865,210,859,283,296,333,716,1053,1458,604,468,527,615,794,910,100,502,925,517,340,588,241,620,437,449,1135,1379,2373,479,854,211,994,815,150,452,969,608,189,717,365,725,809,572,908,331,626
502,425,200,98,500,123,503,152,157,208,458,589,934,344,272,286,354,910,288,54,259,532,295,214,325,126,357,207,257,626,773,1399,261,469,121,532,484,81,257,552,362,122,386,187,406,476,355,553,176,349
69,59,19,14,52,14,63,17,26,28,53,66,98,27,17,23,35,100,54,4,22,51,39,27,46,13,39,31,30,79,92,173,30,51,17,60,61,7,33,70,40,13,55,24,50,51,37,69,22,49
328,218,102,48,284,54,251,102,87,118,238,322,510,172,143,149,204,502,259,22,63,258,160,105,162,72,169,141,122,327,428,847,147,247,56,295,253,46,138,271,181,63,204,123,217,240,163,276,121,208
521,440,205,99,521,114,500,158,134,218,435,623,989,316,264,299,362,925,532,51,258,273,280,207,337,142,372,213,255,620,756,1400,242,491,129,559,486,78,267,564,338,119,383,203,418,482,342,525,180,369
364,243,133,47,311,71,287,108,102,131,240,320,484,182,126,148,216,517,295,39,160,280,79,118,184,67,203,162,146,319,438,821,155,308,60,303,266,50,148,328,223,54,264,115,233,269,182,297,107,233
208,180,91,36,212,43,210,75,78,78,166,216,361,138,110,103,165,340,214,27,105,207,118,36,136,52,142,101,106,255,310,560,104,208,43,240,180,31,116,246,140,44,151,85,168,190,136,198,84,156
372,301,136,58,327,84,323,94,104,151,272,347,585,222,156,185,221,588,325,46,162,337,184,136,90,79,202,139,163,416,503,971,174,325,76,354,310,66,135,364,218,65,254,116,247,297,195,376,120,237
130,121,52,31,144,40,137,34,41,59,102,148,251,90,55,61,95,241,126,13,72,142,67,52,79,15,78,41,52,176,221,386,70,121,30,114,134,19,58,127,92,29,110,38,99,115,72,137,45,83
345,323,132,78,375,93,376,106,109,152,285,367,621,226,157,175,254,620,357,39,169,372,203,142,202,78,107,121,147,421,506,979,191,328,68,353,345,60,171,404,222,76,286,142,273,340,193,379,130,204
288,206,88,30,228,50,228,68,74,106,207,266,427,151,105,125,165,437,207,31,141,213,162,101,139,41,121,52,131,303,330,660,127,209,42,234,208,34,101,238,139,46,183,81,176,226,135,269,92,176
301,215,89,44,250,43,242,82,86,103,206,279,457,153,113,138,182,449,257,30,122,255,146,106,163,52,147,131,56,298,383,724,132,223,56,265,252,41,119,292,174,45,187,97,190,249,169,234,102,195
597,519,246,108,626,152,653,193,209,274,547,718,1144,385,293,349,426,1135,626,79,327,620,319,255,416,176,421,303,298,384,907,1788,341,597,166,649,590,101,313,676,446,147,491,246,499,583,381,639,235,447
727,606,307,120,764,148,702,219,217,306,620,888,1402,467,402,417,571,1379,773,92,428,756,438,310,503,221,506,330,383,907,486,2080,365,720,184,826,696,133,380,792,486,180,556,318,621,694,491,720,266,475
1168,1205,551,211,1453,268,1256,419,473,569,1179,1620,2387,924,741,780,952,2373,1399,173,847,1400,821,560,971,386,979,660,724,1788,2080,1883,767,1343,315,1529,1303,270,692,1461,943,323,1018,584,1136,1304,877,1372,486,956
231,216,120,35,280,60,225,87,90,105,227,338,456,176,137,141,202,479,261,30,147,242,155,104,174,70,191,127,132,341,365,767,63,241,68,296,207,45,143,270,173,70,213,105,197,254,152,258,103,181
504,408,179,88,489,113,469,142,140,176,394,534,882,311,260,278,344,854,469,51,247,491,308,208,325,121,328,209,223,597,720,1343,241,229,111,493,453,73,252,514,313,100,375,180,365,425,321,490,193,305
97,95,33,26,102,23,91,29,44,56,95,151,208,80,58,61,70,211,121,17,56,129,60,43,76,30,68,42,56,166,184,315,68,111,14,128,119,18,69,114,79,25,85,41,101,96,59,124,55,64
538,453,184,96,526,129,609,164,168,235,453,639,1002,369,278,314,401,994,532,60,295,559,303,240,354,114,353,234,265,649,826,1529,296,493,128,305,549,90,279,576,365,93,456,197,454,500,356,577,215,329
516,379,186,83,492,101,466,148,138,201,375,491,832,293,247,274,346,815,484,61,253,486,266,180,310,134,345,208,252,590,696,1303,207,453,119,549,212,64,275,485,296,114,366,189,361,414,290,495,166,326
103,60,27,9,60,11,69,16,32,22,64,83,155,47,43,41,56,150,81,7,46,78,50,31,66,19,60,34,41,101,133,270,45,73,18,90,64,5,34,93,51,16,54,33,67,96,70,87,44,57
252,217,86,48,273,57,268,63,78,106,221,266,452,183,133,148,179,452,257,33,138,267,148,116,135,58,171,101,119,313,380,692,143,252,69,279,275,34,55,268,156,49,195,90,210,237,155,271,85,192
484,476,186,85,547,88,521,168,141,196,445,577,961,344,310,329,400,969,552,70,271,564,328,246,364,127,404,238,292,676,792,1461,270,514,114,576,485,93,268,293,333,123,411,199,468,485,329,525,180,348
321,276,133,52,382,61,324,97,109,135,262,372,633,218,170,187,289,608,362,40,181,338,223,140,218,92,222,139,174,446,486,943,173,313,79,365,296,51,156,333,100,72,257,133,267,304,224,327,115,223
118,86,32,23,115,25,115,35,35,48,91,128,180,65,52,58,82,189,122,13,63,119,54,44,65,29,76,46,45,147,180,323,70,100,25,93,114,16,49,123,72,5,90,38,90,83,75,132,43,66
381,348,144,57,383,72,359,126,112,149,341,415,636,243,224,242,294,717,386,55,204,383,264,151,254,110,286,183,187,491,556,1018,213,375,85,456,366,54,195,411,257,90,148,136,313,344,247,370,151,260
166,173,60,27,189,33,174,54,59,83,157,217,369,110,103,113,133,365,187,24,123,203,115,85,116,38,142,81,97,246,318,584,105,180,41,197,189,33,90,199,133,38,136,27,157,158,110,213,61,146
438,354,166,70,392,93,368,134,123,185,341,464,719,262,199,229,326,725,406,50,217,418,233,168,247,99,273,176,190,499,621,1136,197,365,101,454,361,67,210,468,267,90,313,157,130,373,248,429,151,286
424,431,182,65,453,80,466,146,154,194,348,520,821,318,225,263,334,809,476,51,240,482,269,190,297,115,340,226,249,583,694,1304,254,425,96,500,414,96,237,485,304,83,344,158,373,222,302,464,155,314
347,271,134,53,310,69,309,110,99,120,265,359,572,200,166,172,232,572,355,37,163,342,182,136,195,72,193,135,169,381,491,877,152,321,59,356,290,70,155,329,224,75,247,110,248,302,88,334,118,200
490,465,199,83,520,107,451,170,162,198,447,597,920,335,261,321,394,908,553,69,276,525,297,198,376,137,379,269,234,639,720,1372,258,490,124,577,495,87,271,525,327,132,370,213,429,464,334,242,180,365
155,152,65,30,190,37,179,50,73,82,141,220,319,123,111,113,112,331,176,22,121,180,107,84,120,45,130,92,102,235,266,486,103,193,55,215,166,44,85,180,115,43,151,61,151,155,118,180,47,118
354,308,147,60,370,91,329,115,102,157,321,359,600,226,193,191,252,626,349,49,208,369,233,156,237,83,204,176,195,447,475,956,181,305,64,329,326,57,192,348,223,66,260,146,286,314,200,365,118,127
