260,465,229,95,496,111,484,182,177,238,469,518,784,398,336,345,363,777,503,75,334,511,353,200,375,161,387,292,282,671,722,1126,228,513,104,506,490,76,244,455,354,113,374,194,423,439,326,522,155,373
465,168,171,70,478,76,423,118,126,187,353,449,747,276,217,234,308,773,416,48,233,416,236,184,230,80,280,193,206,533,657,1331,256,412,105,426,404,71,207,466,301,97,296,138,330,404,262,475,158,278
229,171,38,29,240,43,196,59,51,78,171,210,348,130,84,90,153,362,201,25,106,209,119,83,110,49,125,96,100,250,280,586,122,177,41,220,187,29,93,203,141,38,171,72,162,190,127,197,75,129
95,70,29,3,74,12,71,31,33,33,80,98,149,66,59,51,63,169,88,9,53,100,63,36,54,23,61,38,41,131,136,221,56,78,21,92,75,10,54,87,57,17,67,37,70,80,42,85,34,56
496,478,240,74,246,123,480,173,169,208,485,577,896,331,264,287,343,875,495,55,264,509,272,220,331,122,349,215,275,610,750,1447,286,459,119,563,496,86,235,554,372,125,390,206,444,474,295,538,192,355
111,76,43,12,123,12,105,40,41,47,81,129,177,81,66,62,88,211,110,17,67,127,94,46,67,22,80,59,56,144,193,293,55,103,25,136,98,21,65,120,72,36,85,50,89,99,68,105,42,77
484,423,196,71,480,105,230,147,149,191,421,575,881,333,273,298,333,908,491,73,284,495,318,211,341,118,339,219,229,643,780,1360,287,456,99,535,458,77,227,527,353,122,357,196,388,475,335,464,193,296
182,118,59,31,173,40,147,22,52,76,135,140,260,103,69,85,101,246,143,22,87,156,86,60,95,36,90,73,84,170,219,405,72,144,45,150,152,21,73,153,105,31,120,56,116,147,90,154,58,117
177,126,51,33,169,41,149,52,27,76,140,182,295,113,85,98,123,276,143,22,85,160,97,84,98,49,121,71,74,214,257,460,82,161,37,175,159,30,87,148,126,31,123,64,135,145,106,164,65,106
238,187,78,33,208,47,191,76,76,46,170,214,356,153,104,124,126,336,200,23,118,217,136,72,136,59,151,104,121,246,301,581,111,205,40,218,200,38,109,219,131,43,165,75,168,197,130,218,70,144
469,353,171,80,485,81,421,135,140,170,198,460,743,307,226,247,317,776,409,51,268,427,275,151,289,111,285,207,211,542,652,1189,244,394,85,474,391,68,207,449,300,92,346,154,364,408,268,440,150,311
518,449,210,98,577,129,575,140,182,214,460,295,1057,333,271,298,405,1045,568,72,297,612,331,212,363,156,385,249,260,692,889,1641,335,508,111,634,549,93,263,627,371,109,428,214,467,535,381,590,184,377
784,747,348,149,896,177,881,260,295,356,743,1057,802,567,460,506,632,1492,974,113,526,957,493,375,594,245,600,446,453,1095,1387,2481,526,845,219,961,808,173,454,986,567,195,678,336,720,837,599,995,344,639
398,276,130,66,331,81,333,103,113,153,307,333,567,132,171,181,225,575,326,40,185,334,220,142,200,82,205,132,182,407,521,912,180,307,77,372,305,44,172,344,219,68,247,122,248,302,208,346,121,224
336,217,84,59,264,66,273,69,85,104,226,271,460,171,71,117,181,455,245,33,149,250,151,100,181,65,166,113,141,300,403,713,137,278,51,263,255,41,151,266,163,56,199,99,215,229,171,284,89,167
345,234,90,51,287,62,298,85,98,124,247,298,506,181,117,71,190,504,302,35,151,292,171,121,186,77,197,121,153,355,439,769,135,278,55,281,270,44,158,300,177,54,250,114,217,272,176,326,113,199
363,308,153,63,343,88,333,101,123,126,317,405,632,225,181,190,130,661,404,51,185,380,213,131,219,94,255,161,181,450,594,1024,184,316,84,384,343,57,194,390,261,77,278,122,270,341,204,379,149,253
777,773,362,169,875,211,908,246,276,336,776,1045,1492,575,455,504,661,815,993,112,512,1003,534,366,580,242,614,429,475,1153,1373,2430,477,882,219,961,840,164,435,963,633,203,698,334,732,867,565,984,339,617
503,416,201,88,495,110,491,143,143,200,409,568,974,326,245,302,404,993,258,76,268,485,332,205,332,114,362,216,231,696,738,1456,291,465,119,575,435,88,266,526,313,123,413,174,390,457,303,586,180,368
75,48,25,9,55,17,73,22,22,23,51,72,113,40,33,35,51,112,76,2,26,71,38,26,46,18,47,23,21,81,104,179,31,57,11,80,53,13,28,75,45,15,36,19,42,51,34,61,13,42
334,233,106,53,264,67,284,87,85,118,268,297,526,185,149,151,185,512,268,26,59,276,161,101,178,71,212,132,129,345,427,809,178,256,63,272,280,37,147,321,181,57,241,96,243,287,169,291,115,215
511,416,209,100,509,127,495,156,160,217,427,612,957,334,250,292,380,1003,485,71,276,243,337,193,329,119,355,257,245,676,736,1393,267,447,107,589,476,89,265,514,332,121,399,195,404,468,325,535,187,342
353,236,119,63,272,94,318,86,97,136,275,331,493,220,151,171,213,534,332,38,161,337,75,110,181,73,192,125,151,360,444,808,159,320,78,311,288,52,155,288,195,77,222,139,234,295,204,319,117,192
200,184,83,36,220,46,211,60,84,72,151,212,375,142,100,121,131,366,205,26,101,193,110,42,128,37,126,76,98,263,310,608,116,193,46,195,199,22,98,220,148,47,163,73,152,182,113,206,71,116
375,230,110,54,331,67,341,95,98,136,289,363,594,200,181,186,219,580,332,46,178,329,181,128,99,75,185,143,178,416,476,913,180,310,87,320,297,55,172,345,198,76,254,146,243,285,216,353,147,220
161,80,49,23,122,22,118,36,49,59,111,156,245,82,65,77,94,242,114,18,71,119,73,37,75,13,72,54,71,164,183,365,61,125,26,135,131,23,68,126,85,34,89,45,96,115,80,143,60,88
387,280,125,61,349,80,339,90,121,151,285,385,600,205,166,197,255,614,362,47,212,355,192,126,185,72,111,152,169,435,492,925,166,321,79,337,348,61,160,353,194,76,265,119,256,307,193,369,133,229
292,193,96,38,215,59,219,73,71,104,207,249,446,132,113,121,161,429,216,23,132,257,125,76,143,54,152,54,111,257,348,642,131,181,50,242,228,46,109,251,166,52,185,84,188,210,152,232,89,166
282,206,100,41,275,56,229,84,74,121,211,260,453,182,141,153,181,475,231,21,129,245,151,98,178,71,169,111,70,318,394,683,136,248,67,252,222,37,138,256,169,52,192,90,212,237,158,223,102,190
671,533,250,131,610,144,643,170,214,246,542,692,1095,407,300,355,450,1153,696,81,345,676,360,263,416,164,435,257,318,392,1013,1808,333,621,144,682,580,99,331,697,410,130,529,211,537,586,396,712,224,452
722,657,280,136,750,193,780,219,257,301,652,889,1387,521,403,439,594,1373,738,104,427,736,444,310,476,183,492,348,394,1013,585,2088,409,698,154,851,709,138,361,809,522,138,551,280,609,718,478,861,274,481
1126,1331,586,221,1447,293,1360,405,460,581,1189,1641,2481,912,713,769,1024,2430,1456,179,809,1393,808,608,913,365,925,642,683,1808,2088,2017,706,1261,329,1570,1340,250,685,1497,979,285,1013,526,1053,1312,859,1469,517,938
228,256,122,56,286,55,287,72,82,111,244,335,526,180,137,135,184,477,291,31,178,267,159,116,180,61,166,131,136,333,409,706,68,252,80,281,274,47,139,303,169,53,198,112,202,230,170,315,92,177
513,412,177,78,459,103,456,144,161,205,394,508,845,307,278,278,316,882,465,57,256,447,320,193,310,125,321,181,248,621,698,1261,252,214,113,482,413,70,228,502,319,111,376,208,405,421,296,462,191,359
104,105,41,21,119,25,99,45,37,40,85,111,219,77,51,55,84,219,119,11,63,107,78,46,87,26,79,50,67,144,154,329,80,113,12,114,120,13,64,125,79,28,95,58,94,97,83,115,45,79
506,426,220,92,563,136,535,150,175,218,474,634,961,372,263,281,384,961,575,80,272,589,311,195,320,135,337,242,252,682,851,1570,281,482,114,268,493,90,255,610,400,102,488,212,415,531,327,597,193,351
490,404,187,75,496,98,458,152,159,200,391,549,808,305,255,270,343,840,435,53,280,476,288,199,297,131,348,228,222,580,709,1340,274,413,120,493,231,84,232,526,310,111,377,182,393,421,297,474,192,283
76,71,29,10,86,21,77,21,30,38,68,93,173,44,41,44,57,164,88,13,37,89,52,22,55,23,61,46,37,99,138,250,47,70,13,90,84,6,43,76,57,15,60,31,60,90,57,92,27,49
244,207,93,54,235,65,227,73,87,109,207,263,454,172,151,158,194,435,266,28,147,265,155,98,172,68,160,109,138,331,361,685,139,228,64,255,232,43,64,251,164,54,185,89,191,242,168,254,96,201
455,466,203,87,554,120,527,153,148,219,449,627,986,344,266,300,390,963,526,75,321,514,288,220,345,126,353,251,256,697,809,1497,303,502,125,610,526,76,251,264,328,123,403,213,440,493,322,543,213,360
354,301,141,57,372,72,353,105,126,131,300,371,567,219,163,177,261,633,313,45,181,332,195,148,198,85,194,166,169,410,522,979,169,319,79,400,310,57,164,328,103,75,245,141,264,305,202,341,133,228
113,97,38,17,125,36,122,31,31,43,92,109,195,68,56,54,77,203,123,15,57,121,77,47,76,34,76,52,52,130,138,285,53,111,28,102,111,15,54,123,75,12,82,36,76,93,59,101,45,83
374,296,171,67,390,85,357,120,123,165,346,428,678,247,199,250,278,698,413,36,241,399,222,163,254,89,265,185,192,529,551,1013,198,376,95,488,377,60,185,403,245,82,142,151,287,341,266,393,157,274
194,138,72,37,206,50,196,56,64,75,154,214,336,122,99,114,122,334,174,19,96,195,139,73,146,45,119,84,90,211,280,526,112,208,58,212,182,31,89,213,141,36,151,45,174,174,119,194,81,124
423,330,162,70,444,89,388,116,135,168,364,467,720,248,215,217,270,732,390,42,243,404,234,152,243,96,256,188,212,537,609,1053,202,405,94,415,393,60,191,440,264,76,287,174,153,337,272,354,171,261
439,404,190,80,474,99,475,147,145,197,408,535,837,302,229,272,341,867,457,51,287,468,295,182,285,115,307,210,237,586,718,1312,230,421,97,531,421,90,242,493,305,93,341,174,337,211,276,526,170,295
326,262,127,42,295,68,335,90,106,130,268,381,599,208,171,176,204,565,303,34,169,325,204,113,216,80,193,152,158,396,478,859,170,296,83,327,297,57,168,322,202,59,266,119,272,276,99,323,140,212
522,475,197,85,538,105,464,154,164,218,440,590,995,346,284,326,379,984,586,61,291,535,319,206,353,143,369,232,223,712,861,1469,315,462,115,597,474,92,254,543,341,101,393,194,354,526,323,258,190,330
155,158,75,34,192,42,193,58,65,70,150,184,344,121,89,113,149,339,180,13,115,187,117,71,147,60,133,89,102,224,274,517,92,191,45,193,192,27,96,213,133,45,157,81,171,170,140,190,36,145
373,278,129,56,355,77,296,117,106,144,311,377,639,224,167,199,253,617,368,42,215,342,192,116,220,88,229,166,190,452,481,938,177,359,79,351,283,49,201,360,228,83,274,124,261,295,212,330,145,125
