279,445,228,95,468,105,487,168,178,221,426,485,825,408,324,325,354,807,515,60,344,538,354,224,367,167,393,254,314,620,713,1234,267,471,119,538,485,98,247,491,295,119,373,167,480,451,358,488,191,358
445,177,177,72,486,94,440,109,132,169,367,490,798,290,218,232,283,769,449,49,247,427,267,191,276,108,293,200,193,552,642,1224,227,390,77,465,416,74,215,482,292,91,362,160,351,433,283,465,129,304
228,177,41,25,205,43,187,54,54,81,171,239,348,112,87,95,138,337,213,23,95,215,105,68,116,44,95,88,93,229,327,602,97,190,49,221,189,39,95,229,146,44,165,68,127,199,122,221,79,133
95,72,25,7,120,20,82,19,26,41,78,110,158,62,42,45,71,141,81,12,47,92,45,30,56,22,57,42,38,102,114,192,46,97,22,88,83,18,49,85,48,16,48,31,74,71,58,81,29,59
468,486,205,120,262,142,507,158,173,193,406,576,900,308,255,308,360,954,452,64,241,509,312,220,353,127,328,228,253,652,806,1468,300,503,115,539,502,86,271,588,337,98,409,192,399,472,335,502,188,333
105,94,43,20,142,8,107,25,30,48,98,119,188,75,51,61,81,180,121,20,77,121,61,37,75,32,84,51,68,152,167,277,58,115,23,127,109,19,52,121,78,29,64,51,87,91,70,111,28,71
487,440,187,82,507,107,232,124,150,219,431,532,898,298,269,278,342,891,496,74,277,531,289,203,323,131,344,248,278,596,743,1382,258,470,129,509,448,87,237,506,312,86,344,173,389,476,321,519,173,335
168,109,54,19,158,25,124,19,45,59,115,158,248,91,96,93,111,264,158,19,81,155,88,59,104,34,108,76,75,192,230,404,87,149,29,170,131,21,66,155,99,37,110,60,121,129,113,165,43,114
178,132,54,26,173,30,150,45,25,77,129,185,301,103,81,90,109,291,156,29,88,161,75,63,85,37,114,78,87,198,260,465,81,163,48,158,139,24,74,199,117,27,130,60,115,160,91,173,57,118
221,169,81,41,193,48,219,59,77,40,161,236,334,142,119,119,154,346,221,38,117,205,117,97,163,60,150,90,90,241,309,544,104,205,42,209,207,38,105,196,133,41,150,60,191,199,126,210,79,142
426,367,171,78,406,98,431,115,129,161,170,452,783,288,229,261,301,758,439,56,241,435,243,166,295,96,293,216,211,498,611,1128,219,449,98,451,394,77,205,420,261,94,318,143,384,404,258,429,163,312
485,490,239,110,576,119,532,158,185,236,452,321,1023,366,302,301,399,1018,532,79,269,550,309,212,347,117,370,262,250,723,831,1570,322,525,135,581,549,106,261,623,421,116,471,213,446,577,370,614,231,357
825,798,348,158,900,188,898,248,301,334,783,1023,803,583,516,526,658,1519,900,119,491,921,579,366,628,240,654,396,484,1133,1345,2506,529,874,228,952,844,160,446,943,609,191,678,326,777,926,645,927,329,569
408,290,112,62,308,75,298,91,103,142,288,366,583,107,173,163,234,561,333,52,187,372,192,136,208,101,233,140,173,388,504,904,183,321,86,355,303,57,155,347,197,55,278,116,262,310,188,323,121,224
324,218,87,42,255,51,269,96,81,119,229,302,516,173,57,119,176,479,291,30,169,302,150,101,173,75,199,110,132,308,435,772,147,233,64,271,241,52,144,277,168,61,179,110,226,252,179,272,84,182
325,232,95,45,308,61,278,93,90,119,261,301,526,163,119,87,199,518,309,31,159,324,179,101,170,75,203,112,140,325,469,830,144,272,67,291,274,55,148,290,190,63,193,107,230,252,181,325,105,186
354,283,138,71,360,81,342,111,109,154,301,399,658,234,176,199,125,679,359,42,209,405,210,171,248,95,254,169,187,470,569,1044,221,352,95,343,342,49,186,410,256,73,287,129,304,328,237,364,132,237
807,769,337,141,954,180,891,264,291,346,758,1018,1519,561,479,518,679,867,921,120,504,950,574,361,628,249,680,395,482,1132,1413,2484,527,828,220,960,837,163,492,1019,590,176,673,350,756,854,584,988,349,609
515,449,213,81,452,121,496,158,156,221,439,532,900,333,291,309,359,921,274,61,265,507,306,219,371,127,387,257,252,596,780,1413,288,474,123,545,493,78,250,528,351,117,410,173,436,477,330,555,174,338
60,49,23,12,64,20,74,19,29,38,56,79,119,52,30,31,42,120,61,2,36,76,43,32,37,14,28,26,28,70,113,169,39,64,23,56,67,8,32,66,36,7,60,21,56,56,44,82,29,50
344,247,95,47,241,77,277,81,88,117,241,269,491,187,169,159,209,504,265,36,70,303,174,113,180,82,184,114,155,345,395,739,161,261,61,274,271,47,129,288,165,61,209,98,248,280,174,296,101,179
538,427,215,92,509,121,531,155,161,205,435,550,921,372,302,324,405,950,507,76,303,261,317,219,349,122,329,268,234,654,789,1477,300,501,111,549,490,73,229,521,337,103,400,184,419,481,322,570,189,367
354,267,105,45,312,61,289,88,75,117,243,309,579,192,150,179,210,574,306,43,174,317,92,111,211,66,198,125,168,373,492,852,180,273,71,322,275,57,128,323,184,51,231,101,255,273,208,325,106,208
224,191,68,30,220,37,203,59,63,97,166,212,366,136,101,101,171,361,219,32,113,219,111,41,115,59,139,97,97,257,323,525,117,203,46,227,187,31,111,220,132,36,153,84,149,203,136,216,63,147
367,276,116,56,353,75,323,104,85,163,295,347,628,208,173,170,248,628,371,37,180,349,211,115,106,76,220,153,175,453,506,918,190,323,70,361,302,65,171,363,224,89,249,115,259,335,229,350,124,232
167,108,44,22,127,32,131,34,37,60,96,117,240,101,75,75,95,249,127,14,82,122,66,59,76,17,83,61,62,169,191,384,76,120,36,134,120,22,56,130,78,38,92,49,96,121,74,134,46,85
393,293,95,57,328,84,344,108,114,150,293,370,654,233,199,203,254,680,387,28,184,329,198,139,220,83,114,176,151,408,529,981,169,313,91,372,305,54,168,366,219,80,279,129,253,325,225,359,130,218
254,200,88,42,228,51,248,76,78,90,216,262,396,140,110,112,169,395,257,26,114,268,125,97,153,61,176,50,103,280,327,629,110,229,52,268,229,37,120,253,149,57,167,89,197,238,129,269,76,154
314,193,93,38,253,68,278,75,87,90,211,250,484,173,132,140,187,482,252,28,155,234,168,97,175,62,151,103,51,317,406,717,152,259,53,260,244,47,114,255,154,71,198,104,203,203,184,298,104,186
620,552,229,102,652,152,596,192,198,241,498,723,1133,388,308,325,470,1132,596,70,345,654,373,257,453,169,408,280,317,383,1003,1803,351,624,143,681,617,110,318,712,375,117,524,249,508,627,383,678,219,426
713,642,327,114,806,167,743,230,260,309,611,831,1345,504,435,469,569,1413,780,113,395,789,492,323,506,191,529,327,406,1003,566,2055,435,701,174,817,692,133,396,806,502,180,589,315,610,725,490,790,293,563
1234,1224,602,192,1468,277,1382,404,465,544,1128,1570,2506,904,772,830,1044,2484,1413,169,739,1477,852,525,918,384,981,629,717,1803,2055,2006,793,1279,353,1587,1312,242,725,1508,953,296,1040,559,1140,1310,894,1446,523,902
267,227,97,46,300,58,258,87,81,104,219,322,529,183,147,144,221,527,288,39,161,300,180,117,190,76,169,110,152,351,435,793,86,250,59,339,246,47,129,294,168,67,191,110,245,252,193,283,100,177
471,390,190,97,503,115,470,149,163,205,449,525,874,321,233,272,352,828,474,64,261,501,273,203,323,120,313,229,259,624,701,1279,250,220,111,494,459,79,280,492,314,106,389,181,396,456,300,519,163,303
119,77,49,22,115,23,129,29,48,42,98,135,228,86,64,67,95,220,123,23,61,111,71,46,70,36,91,52,53,143,174,353,59,111,9,145,120,23,66,120,69,18,82,42,96,99,62,109,42,95
538,465,221,88,539,127,509,170,158,209,451,581,952,355,271,291,343,960,545,56,274,549,322,227,361,134,372,268,260,681,817,1587,339,494,145,247,486,85,283,613,368,117,409,203,418,511,340,567,201,351
485,416,189,83,502,109,448,131,139,207,394,549,844,303,241,274,342,837,493,67,271,490,275,187,302,120,305,229,244,617,692,1312,246,459,120,486,224,97,242,520,345,88,344,178,377,457,305,506,160,328
98,74,39,18,86,19,87,21,24,38,77,106,160,57,52,55,49,163,78,8,47,73,57,31,65,22,54,37,47,110,133,242,47,79,23,85,97,7,33,90,51,16,61,29,79,65,47,105,42,53
247,215,95,49,271,52,237,66,74,105,205,261,446,155,144,148,186,492,250,32,129,229,128,111,171,56,168,120,114,318,396,725,129,280,66,283,242,33,76,292,170,51,174,110,194,229,166,276,92,159
491,482,229,85,588,121,506,155,199,196,420,623,943,347,277,290,410,1019,528,66,288,521,323,220,363,130,366,253,255,712,806,1508,294,492,120,613,520,90,292,256,347,101,427,205,439,526,339,581,222,382
295,292,146,48,337,78,312,99,117,133,261,421,609,197,168,190,256,590,351,36,165,337,184,132,224,78,219,149,154,375,502,953,168,314,69,368,345,51,170,347,126,67,248,120,276,303,213,351,114,226
119,91,44,16,98,29,86,37,27,41,94,116,191,55,61,63,73,176,117,7,61,103,51,36,89,38,80,57,71,117,180,296,67,106,18,117,88,16,51,101,67,8,72,48,91,92,68,111,39,56
373,362,165,48,409,64,344,110,130,150,318,471,678,278,179,193,287,673,410,60,209,400,231,153,249,92,279,167,198,524,589,1040,191,389,82,409,344,61,174,427,248,72,144,167,305,344,236,387,135,256
167,160,68,31,192,51,173,60,60,60,143,213,326,116,110,107,129,350,173,21,98,184,101,84,115,49,129,89,104,249,315,559,110,181,42,203,178,29,110,205,120,48,167,33,144,155,116,208,67,128
480,351,127,74,399,87,389,121,115,191,384,446,777,262,226,230,304,756,436,56,248,419,255,149,259,96,253,197,203,508,610,1140,245,396,96,418,377,79,194,439,276,91,305,144,154,386,258,422,153,271
451,433,199,71,472,91,476,129,160,199,404,577,926,310,252,252,328,854,477,56,280,481,273,203,335,121,325,238,203,627,725,1310,252,456,99,511,457,65,229,526,303,92,344,155,386,200,265,480,159,297
358,283,122,58,335,70,321,113,91,126,258,370,645,188,179,181,237,584,330,44,174,322,208,136,229,74,225,129,184,383,490,894,193,300,62,340,305,47,166,339,213,68,236,116,258,265,103,319,107,220
488,465,221,81,502,111,519,165,173,210,429,614,927,323,272,325,364,988,555,82,296,570,325,216,350,134,359,269,298,678,790,1446,283,519,109,567,506,105,276,581,351,111,387,208,422,480,319,250,211,362
191,129,79,29,188,28,173,43,57,79,163,231,329,121,84,105,132,349,174,29,101,189,106,63,124,46,130,76,104,219,293,523,100,163,42,201,160,42,92,222,114,39,135,67,153,159,107,211,31,128
358,304,133,59,333,71,335,114,118,142,312,357,569,224,182,186,237,609,338,50,179,367,208,147,232,85,218,154,186,426,563,902,177,303,95,351,328,53,159,382,226,56,256,128,271,297,220,362,128,106
