249,471,237,86,492,106,498,183,165,261,458,490,821,379,329,338,360,827,445,73,314,494,364,227,365,155,388,302,315,603,683,1175,253,495,113,481,492,81,269,458,293,93,351,171,405,415,338,482,168,351
471,155,195,71,476,84,427,131,144,171,340,469,733,297,230,252,320,726,463,47,262,465,261,156,287,106,282,189,246,529,644,1164,205,400,90,450,395,82,231,425,289,100,375,185,354,382,299,477,168,300
237,195,44,45,194,55,200,44,62,89,170,218,354,117,102,115,153,370,184,18,108,195,109,84,144,55,152,109,102,247,310,527,116,178,50,216,199,24,85,231,129,43,145,71,171,176,132,200,72,146
86,71,45,10,80,21,86,29,33,42,62,90,144,72,52,44,64,121,84,13,47,100,58,38,59,23,63,41,48,106,132,208,47,89,16,95,76,18,37,93,53,8,67,43,68,67,64,81,21,63
492,476,194,80,243,124,495,155,165,210,453,580,844,323,288,307,346,866,523,59,274,528,296,207,322,124,349,237,263,626,760,1336,253,461,111,554,480,83,222,532,323,122,398,175,406,455,302,529,173,351
106,84,55,21,124,14,96,26,38,53,94,123,183,80,64,61,73,174,110,15,71,141,81,40,77,35,78,49,69,124,157,281,61,110,21,106,102,21,48,101,62,16,76,43,88,96,89,114,33,89
498,427,200,86,495,96,225,145,160,221,428,551,788,337,264,281,316,863,485,65,277,509,283,194,314,137,353,262,275,587,709,1277,249,431,97,493,423,81,224,511,310,106,385,176,364,417,356,482,163,329
183,131,44,29,155,26,145,25,43,64,132,162,263,99,78,86,135,287,144,26,76,162,102,73,93,40,99,71,84,171,228,432,106,144,33,162,140,32,82,159,110,29,115,50,112,142,93,140,64,104
165,144,62,33,165,38,160,43,24,67,143,189,291,114,93,87,112,290,178,24,99,187,108,82,103,49,114,79,81,218,252,459,92,157,33,174,149,23,71,181,105,36,126,51,146,189,102,179,48,114
261,171,89,42,210,53,221,64,67,50,159,206,377,170,113,116,154,395,198,34,115,227,135,86,155,54,148,93,110,247,324,562,97,199,39,227,201,39,113,209,139,42,169,72,186,191,145,214,78,133
458,340,170,62,453,94,428,132,143,159,188,472,718,286,236,254,278,775,396,62,225,453,282,170,315,112,282,169,240,542,625,1112,233,384,88,454,393,79,210,425,250,80,340,149,360,367,274,449,163,282
490,469,218,90,580,123,551,162,189,206,472,339,1008,377,275,318,409,1055,568,57,281,567,290,232,367,140,362,256,276,719,841,1608,296,504,123,582,536,82,306,592,369,108,435,240,446,556,353,547,195,350
821,733,354,144,844,183,788,263,291,377,718,1008,757,592,432,509,657,1394,921,124,534,905,521,361,556,231,591,442,442,1086,1319,2401,449,870,201,931,863,155,446,898,595,185,678,347,694,837,561,835,296,614
379,297,117,72,323,80,337,99,114,170,286,377,592,111,180,189,257,581,333,49,175,338,192,128,203,73,197,145,164,405,504,929,177,322,70,358,310,64,161,367,204,63,269,103,250,318,190,332,122,228
329,230,102,52,288,64,264,78,93,113,236,275,432,180,64,146,179,462,261,35,151,284,154,116,183,75,176,119,137,325,414,721,132,261,62,261,256,36,119,297,161,59,212,108,223,221,196,259,106,172
338,252,115,44,307,61,281,86,87,116,254,318,509,189,146,90,209,468,279,32,171,299,168,131,189,79,202,127,153,350,452,781,137,272,63,290,283,46,157,332,190,61,204,107,231,255,187,300,109,196
360,320,153,64,346,73,316,135,112,154,278,409,657,257,179,209,135,618,337,57,196,367,242,145,237,91,241,173,193,454,537,1009,202,341,81,382,318,51,193,374,251,78,282,144,297,332,222,350,114,272
827,726,370,121,866,174,863,287,290,395,775,1055,1394,581,462,468,618,794,945,109,551,912,537,365,573,229,580,414,463,1113,1347,2387,467,825,191,926,873,149,449,938,606,191,692,340,709,809,524,873,301,603
445,463,184,84,523,110,485,144,178,198,396,568,921,333,261,279,337,945,259,66,285,492,305,220,332,138,344,244,261,609,715,1406,272,489,110,485,467,83,248,508,324,106,399,174,389,483,319,505,182,334
73,47,18,13,59,15,65,26,24,34,62,57,124,49,35,32,57,109,66,8,38,63,32,28,48,13,46,31,29,72,106,186,37,56,15,69,60,9,37,67,38,7,39,27,66,63,42,74,25,50
314,262,108,47,274,71,277,76,99,115,225,281,534,175,151,171,196,551,285,38,74,275,164,127,158,70,177,128,144,339,412,798,154,234,44,299,270,43,134,311,189,53,235,103,222,256,154,298,108,180
494,465,195,100,528,141,509,162,187,227,453,567,905,338,284,299,367,912,492,63,275,265,310,211,358,115,318,260,270,581,727,1390,281,533,102,538,487,92,261,571,361,104,383,170,432,466,344,534,191,344
364,261,109,58,296,81,283,102,108,135,282,290,521,192,154,168,242,537,305,32,164,310,83,136,214,81,193,141,155,340,476,830,176,275,68,327,271,45,146,331,196,69,228,116,234,271,206,339,111,209
227,156,84,38,207,40,194,73,82,86,170,232,361,128,116,131,145,365,220,28,127,211,136,36,150,52,119,92,98,243,326,546,100,190,41,228,202,42,101,188,141,44,146,82,166,175,138,205,93,148
365,287,144,59,322,77,314,93,103,155,315,367,556,203,183,189,237,573,332,48,158,358,214,150,140,98,244,157,179,392,495,926,197,275,65,352,288,45,156,364,227,65,252,129,273,292,197,339,123,224
155,106,55,23,124,35,137,40,49,54,112,140,231,73,75,79,91,229,138,13,70,115,81,52,98,6,83,57,62,148,171,362,67,126,43,143,124,29,62,134,95,21,123,48,103,111,84,133,52,97
388,282,152,63,349,78,353,99,114,148,282,362,591,197,176,202,241,580,344,46,177,318,193,119,244,83,111,157,184,408,459,918,168,328,72,351,304,50,161,367,243,63,303,133,254,323,216,357,133,236
302,189,109,41,237,49,262,71,79,93,169,256,442,145,119,127,173,414,244,31,128,260,141,92,157,57,157,67,129,287,365,613,133,228,64,247,219,31,110,258,159,37,175,78,214,216,136,249,87,165
315,246,102,48,263,69,275,84,81,110,240,276,442,164,137,153,193,463,261,29,144,270,155,98,179,62,184,129,71,299,428,712,131,256,46,275,271,39,137,280,174,53,200,91,210,246,143,272,107,174
603,529,247,106,626,124,587,171,218,247,542,719,1086,405,325,350,454,1113,609,72,339,581,340,243,392,148,408,287,299,386,908,1730,346,569,152,641,578,109,292,620,395,115,489,228,470,585,389,663,230,429
683,644,310,132,760,157,709,228,252,324,625,841,1319,504,414,452,537,1347,715,106,412,727,476,326,495,171,459,365,428,908,528,1981,425,696,164,753,716,136,361,785,482,155,592,301,610,671,508,744,287,520
1175,1164,527,208,1336,281,1277,432,459,562,1112,1608,2401,929,721,781,1009,2387,1406,186,798,1390,830,546,926,362,918,613,712,1730,1981,1870,678,1260,320,1425,1303,233,682,1417,936,293,1101,492,1102,1284,820,1409,458,948
253,205,116,47,253,61,249,106,92,97,233,296,449,177,132,137,202,467,272,37,154,281,176,100,197,67,168,133,131,346,425,678,70,256,60,282,288,41,129,228,147,54,206,98,218,249,182,281,88,179
495,400,178,89,461,110,431,144,157,199,384,504,870,322,261,272,341,825,489,56,234,533,275,190,275,126,328,228,256,569,696,1260,256,209,105,488,430,79,238,484,320,90,358,185,380,403,322,489,176,340
113,90,50,16,111,21,97,33,33,39,88,123,201,70,62,63,81,191,110,15,44,102,68,41,65,43,72,64,46,152,164,320,60,105,11,114,93,17,58,131,80,21,85,40,88,106,78,117,37,83
481,450,216,95,554,106,493,162,174,227,454,582,931,358,261,290,382,926,485,69,299,538,327,228,352,143,351,247,275,641,753,1425,282,488,114,271,464,83,252,545,365,92,403,190,424,475,336,541,187,337
492,395,199,76,480,102,423,140,149,201,393,536,863,310,256,283,318,873,467,60,270,487,271,202,288,124,304,219,271,578,716,1303,288,430,93,464,220,84,232,471,311,84,330,171,386,426,310,464,163,299
81,82,24,18,83,21,81,32,23,39,79,82,155,64,36,46,51,149,83,9,43,92,45,42,45,29,50,31,39,109,136,233,41,79,17,83,84,10,33,102,58,13,55,32,62,76,45,88,32,50
269,231,85,37,222,48,224,82,71,113,210,306,446,161,119,157,193,449,248,37,134,261,146,101,156,62,161,110,137,292,361,682,129,238,58,252,232,33,71,240,159,54,182,85,187,238,145,236,90,209
458,425,231,93,532,101,511,159,181,209,425,592,898,367,297,332,374,938,508,67,311,571,331,188,364,134,367,258,280,620,785,1417,228,484,131,545,471,102,240,277,362,120,422,196,414,491,383,531,195,347
293,289,129,53,323,62,310,110,105,139,250,369,595,204,161,190,251,606,324,38,189,361,196,141,227,95,243,159,174,395,482,936,147,320,80,365,311,58,159,362,97,71,268,89,264,322,206,322,122,226
93,100,43,8,122,16,106,29,36,42,80,108,185,63,59,61,78,191,106,7,53,104,69,44,65,21,63,37,53,115,155,293,54,90,21,92,84,13,54,120,71,13,84,48,81,97,61,122,31,58
351,375,145,67,398,76,385,115,126,169,340,435,678,269,212,204,282,692,399,39,235,383,228,146,252,123,303,175,200,489,592,1101,206,358,85,403,330,55,182,422,268,84,160,139,317,351,247,373,118,215
171,185,71,43,175,43,176,50,51,72,149,240,347,103,108,107,144,340,174,27,103,170,116,82,129,48,133,78,91,228,301,492,98,185,40,190,171,32,85,196,89,48,139,31,142,173,124,218,68,126
405,354,171,68,406,88,364,112,146,186,360,446,694,250,223,231,297,709,389,66,222,432,234,166,273,103,254,214,210,470,610,1102,218,380,88,424,386,62,187,414,264,81,317,142,177,358,246,428,155,244
415,382,176,67,455,96,417,142,189,191,367,556,837,318,221,255,332,809,483,63,256,466,271,175,292,111,323,216,246,585,671,1284,249,403,106,475,426,76,238,491,322,97,351,173,358,190,286,474,161,302
338,299,132,64,302,89,356,93,102,145,274,353,561,190,196,187,222,524,319,42,154,344,206,138,197,84,216,136,143,389,508,820,182,322,78,336,310,45,145,383,206,61,247,124,246,286,94,354,98,222
482,477,200,81,529,114,482,140,179,214,449,547,835,332,259,300,350,873,505,74,298,534,339,205,339,133,357,249,272,663,744,1409,281,489,117,541,464,88,236,531,322,122,373,218,428,474,354,270,189,372
168,168,72,21,173,33,163,64,48,78,163,195,296,122,106,109,114,301,182,25,108,191,111,93,123,52,133,87,107,230,287,458,88,176,37,187,163,32,90,195,122,31,118,68,155,161,98,189,23,139
351,300,146,63,351,89,329,104,114,133,282,350,614,228,172,196,272,603,334,50,180,344,209,148,224,97,236,165,174,429,520,948,179,340,83,337,299,50,209,347,226,58,215,126,244,302,222,372,139,123
