271,434,187,85,509,115,485,179,177,235,440,502,786,377,329,348,368,810,522,68,333,526,352,224,341,156,355,292,282,563,711,1116,214,468,114,503,504,65,262,452,350,110,347,179,417,419,315,455,170,371
434,180,155,71,452,96,411,128,139,185,373,506,760,280,207,212,326,730,460,48,220,461,260,190,283,105,306,200,217,521,680,1188,224,391,98,439,409,76,223,466,284,88,346,147,316,380,263,452,170,331
187,155,38,34,191,43,193,58,60,73,166,223,377,113,97,103,139,378,207,30,107,204,119,78,140,48,148,86,90,266,312,539,106,218,47,181,212,35,89,225,130,46,154,79,148,179,103,219,80,134
85,71,34,9,89,18,68,23,29,31,59,100,130,68,35,49,73,135,90,15,51,98,39,40,62,14,48,56,51,107,113,200,34,92,23,80,67,11,39,72,52,20,59,24,56,82,60,89,25,70
509,452,191,89,259,95,489,149,165,226,427,597,899,358,229,245,372,917,513,62,307,505,308,194,332,118,318,253,279,631,742,1372,269,489,128,532,491,85,252,541,321,91,345,189,396,431,317,503,188,403
115,96,43,18,95,9,87,35,35,37,68,128,213,77,61,72,83,199,118,15,72,125,76,37,69,20,61,58,66,129,160,294,59,100,26,106,109,23,54,101,68,16,68,41,85,110,78,115,43,83
485,411,193,68,489,87,219,149,133,209,371,547,878,329,255,265,353,849,474,77,259,485,279,214,365,121,305,219,265,587,706,1334,264,460,122,520,453,67,239,525,301,92,378,180,365,453,316,477,178,374
179,128,58,23,149,35,149,14,51,57,131,177,263,107,89,74,97,269,141,8,96,158,106,69,93,31,102,78,103,193,247,406,76,149,36,150,153,24,64,155,97,30,124,59,133,130,91,160,56,98
177,139,60,29,165,35,133,51,21,68,135,188,290,102,81,95,122,297,150,24,103,171,85,59,104,33,92,71,91,224,248,446,89,160,29,160,142,20,88,153,97,33,136,54,121,154,93,168,57,126
235,185,73,31,226,37,209,57,68,39,170,238,381,151,131,141,145,374,201,25,129,251,146,91,148,52,128,107,109,244,339,573,138,195,46,219,199,34,112,229,134,40,149,73,172,197,151,233,72,140
440,373,166,59,427,68,371,131,135,170,173,462,749,303,246,259,313,728,437,59,249,440,255,168,287,116,298,203,213,549,619,1123,226,384,108,459,399,74,227,448,251,84,317,172,335,400,291,443,164,287
502,506,223,100,597,128,547,177,188,238,462,281,975,331,307,350,414,988,578,74,325,552,339,211,359,139,353,245,283,710,798,1487,299,555,128,613,510,101,310,574,360,99,423,226,436,500,355,582,208,372
786,760,377,130,899,213,878,263,290,381,749,975,756,578,492,535,617,1338,915,111,546,872,508,363,593,223,593,400,431,1122,1340,2406,504,855,212,957,824,153,417,926,592,183,690,336,653,831,571,898,333,613
377,280,113,68,358,77,329,107,102,151,303,331,578,101,166,190,250,569,323,43,176,309,182,128,218,73,214,139,154,398,490,915,165,304,75,317,318,47,174,388,195,57,255,116,249,312,195,330,142,222
329,207,97,35,229,61,255,89,81,131,246,307,492,166,81,148,214,516,273,25,150,273,158,103,172,57,159,123,128,303,397,749,149,204,63,271,249,42,161,272,162,67,214,79,183,235,157,295,91,195
348,212,103,49,245,72,265,74,95,141,259,350,535,190,148,86,209,535,291,34,163,304,166,122,194,61,177,131,122,340,428,840,155,249,67,299,283,40,139,294,196,64,249,92,217,261,178,292,110,189
368,326,139,73,372,83,353,97,122,145,313,414,617,250,214,209,131,677,358,35,216,374,231,160,276,96,263,159,191,458,535,1026,198,327,73,364,351,62,163,390,242,72,290,135,303,293,226,388,131,253
810,730,378,135,917,199,849,269,297,374,728,988,1338,569,516,535,677,782,920,110,513,890,558,346,590,225,565,415,420,1119,1357,2423,500,816,204,974,795,155,459,931,572,175,690,331,695,827,557,933,321,634
522,460,207,90,513,118,474,141,150,201,437,578,915,323,273,291,358,920,262,51,271,487,292,212,346,143,375,228,240,679,781,1414,259,462,127,551,497,68,269,579,339,98,392,211,402,515,309,514,186,333
68,48,30,15,62,15,77,8,24,25,59,74,111,43,25,34,35,110,51,3,34,58,31,19,39,14,35,37,35,88,111,165,34,52,16,64,67,7,24,64,45,8,43,27,60,61,39,76,30,55
333,220,107,51,307,72,259,96,103,129,249,325,546,176,150,163,216,513,271,34,90,306,170,117,219,71,178,122,138,340,432,783,142,257,52,319,266,43,147,303,173,59,205,115,242,268,190,298,122,208
526,461,204,98,505,125,485,158,171,251,440,552,872,309,273,304,374,890,487,58,306,254,284,209,350,131,362,240,251,642,732,1347,261,482,129,536,513,88,275,572,341,111,368,236,409,475,347,532,185,332
352,260,119,39,308,76,279,106,85,146,255,339,508,182,158,166,231,558,292,31,170,284,86,118,202,72,162,130,128,398,421,855,151,271,78,305,268,45,161,321,209,65,229,96,203,283,179,312,119,201
224,190,78,40,194,37,214,69,59,91,168,211,363,128,103,122,160,346,212,19,117,209,118,39,147,47,138,92,100,249,329,527,123,168,43,220,174,38,113,217,148,40,157,56,160,205,130,219,67,145
341,283,140,62,332,69,365,93,104,148,287,359,593,218,172,194,276,590,346,39,219,350,202,147,114,91,220,143,176,418,507,896,165,306,86,320,318,54,188,375,209,81,288,125,230,307,202,377,116,244
156,105,48,14,118,20,121,31,33,52,116,139,223,73,57,61,96,225,143,14,71,131,72,47,91,16,80,69,66,157,209,369,73,106,30,135,124,19,69,152,85,26,108,55,91,125,67,139,39,91
355,306,148,48,318,61,305,102,92,128,298,353,593,214,159,177,263,565,375,35,178,362,162,138,220,80,118,152,163,427,523,949,168,255,84,341,300,64,164,426,237,62,256,132,258,331,198,355,114,236
292,200,86,56,253,58,219,78,71,107,203,245,400,139,123,131,159,415,228,37,122,240,130,92,143,69,152,52,126,284,343,704,141,231,47,239,222,35,119,274,163,46,174,95,188,210,143,232,83,188
282,217,90,51,279,66,265,103,91,109,213,283,431,154,128,122,191,420,240,35,138,251,128,100,176,66,163,126,50,322,375,672,127,253,60,262,243,36,121,273,161,54,185,98,214,262,150,255,98,169
563,521,266,107,631,129,587,193,224,244,549,710,1122,398,303,340,458,1119,679,88,340,642,398,249,418,157,427,284,322,397,1017,1800,342,593,127,651,559,106,272,664,407,139,495,232,463,590,417,662,229,423
711,680,312,113,742,160,706,247,248,339,619,798,1340,490,397,428,535,1357,781,111,432,732,421,329,507,209,523,343,375,1017,585,2113,413,723,176,839,692,132,384,772,543,175,535,295,552,686,475,717,282,512
1116,1188,539,200,1372,294,1334,406,446,573,1123,1487,2406,915,749,840,1026,2423,1414,165,783,1347,855,527,896,369,949,704,672,1800,2113,1909,735,1263,336,1460,1233,261,676,1463,907,277,1066,530,1076,1272,870,1386,489,923
214,224,106,34,269,59,264,76,89,138,226,299,504,165,149,155,198,500,259,34,142,261,151,123,165,73,168,141,127,342,413,735,64,232,68,292,250,54,124,293,161,57,203,111,214,235,154,291,98,172
468,391,218,92,489,100,460,149,160,195,384,555,855,304,204,249,327,816,462,52,257,482,271,168,306,106,255,231,253,593,723,1263,232,190,109,501,430,59,248,524,319,85,340,187,352,428,318,497,187,341
114,98,47,23,128,26,122,36,29,46,108,128,212,75,63,67,73,204,127,16,52,129,78,43,86,30,84,47,60,127,176,336,68,109,12,121,122,22,61,116,73,32,101,50,101,106,81,129,41,79
503,439,181,80,532,106,520,150,160,219,459,613,957,317,271,299,364,974,551,64,319,536,305,220,320,135,341,239,262,651,839,1460,292,501,121,239,467,95,266,578,370,105,396,192,417,471,304,539,200,370
504,409,212,67,491,109,453,153,142,199,399,510,824,318,249,283,351,795,497,67,266,513,268,174,318,124,300,222,243,559,692,1233,250,430,122,467,244,79,223,493,295,85,359,182,376,422,284,478,174,320
65,76,35,11,85,23,67,24,20,34,74,101,153,47,42,40,62,155,68,7,43,88,45,38,54,19,64,35,36,106,132,261,54,59,22,95,79,7,43,83,51,19,59,32,64,76,45,99,29,65
262,223,89,39,252,54,239,64,88,112,227,310,417,174,161,139,163,459,269,24,147,275,161,113,188,69,164,119,121,272,384,676,124,248,61,266,223,43,51,274,163,52,191,97,221,232,168,229,93,153
452,466,225,72,541,101,525,155,153,229,448,574,926,388,272,294,390,931,579,64,303,572,321,217,375,152,426,274,273,664,772,1463,293,524,116,578,493,83,274,287,373,118,374,199,436,476,342,564,183,374
350,284,130,52,321,68,301,97,97,134,251,360,592,195,162,196,242,572,339,45,173,341,209,148,209,85,237,163,161,407,543,907,161,319,73,370,295,51,163,373,117,68,228,132,272,275,202,329,130,226
110,88,46,20,91,16,92,30,33,40,84,99,183,57,67,64,72,175,98,8,59,111,65,40,81,26,62,46,54,139,175,277,57,85,32,105,85,19,52,118,68,5,86,47,99,105,82,114,38,72
347,346,154,59,345,68,378,124,136,149,317,423,690,255,214,249,290,690,392,43,205,368,229,157,288,108,256,174,185,495,535,1066,203,340,101,396,359,59,191,374,228,86,145,131,309,351,221,374,148,262
179,147,79,24,189,41,180,59,54,73,172,226,336,116,79,92,135,331,211,27,115,236,96,56,125,55,132,95,98,232,295,530,111,187,50,192,182,32,97,199,132,47,131,31,156,176,107,209,74,135
417,316,148,56,396,85,365,133,121,172,335,436,653,249,183,217,303,695,402,60,242,409,203,160,230,91,258,188,214,463,552,1076,214,352,101,417,376,64,221,436,272,99,309,156,163,387,225,439,134,291
419,380,179,82,431,110,453,130,154,197,400,500,831,312,235,261,293,827,515,61,268,475,283,205,307,125,331,210,262,590,686,1272,235,428,106,471,422,76,232,476,275,105,351,176,387,212,292,462,156,307
315,263,103,60,317,78,316,91,93,151,291,355,571,195,157,178,226,557,309,39,190,347,179,130,202,67,198,143,150,417,475,870,154,318,81,304,284,45,168,342,202,82,221,107,225,292,90,325,101,220
455,452,219,89,503,115,477,160,168,233,443,582,898,330,295,292,388,933,514,76,298,532,312,219,377,139,355,232,255,662,717,1386,291,497,129,539,478,99,229,564,329,114,374,209,439,462,325,260,210,350
170,170,80,25,188,43,178,56,57,72,164,208,333,142,91,110,131,321,186,30,122,185,119,67,116,39,114,83,98,229,282,489,98,187,41,200,174,29,93,183,130,38,148,74,134,156,101,210,30,137
371,331,134,70,403,83,374,98,126,140,287,372,613,222,195,189,253,634,333,55,208,332,201,145,244,91,236,188,169,423,512,923,172,341,79,370,320,65,153,374,226,72,262,135,291,307,220,350,137,117
