282,459,218,88,494,106,467,209,181,237,432,521,816,363,307,349,378,802,499,62,303,537,364,201,347,153,365,280,335,636,731,1141,250,533,118,517,468,95,281,476,276,102,357,170,436,443,325,483,186,398
459,174,165,75,478,91,407,130,140,169,372,445,805,256,227,244,302,833,436,52,271,436,253,157,243,94,250,180,212,532,673,1213,245,426,89,426,418,79,202,470,289,84,342,173,341,408,247,441,155,278
218,165,28,43,209,43,201,57,66,77,164,224,358,121,105,106,121,346,199,26,99,223,115,82,145,48,118,89,98,240,306,549,119,196,34,225,172,18,98,238,144,37,153,72,168,175,107,230,90,129
88,75,43,7,110,16,77,18,27,45,82,94,143,55,53,62,55,153,75,10,47,87,56,42,60,28,64,42,48,119,120,207,37,68,11,85,79,10,41,108,62,17,71,37,83,80,51,86,29,56
494,478,209,110,234,125,502,154,151,201,445,581,922,328,275,304,357,919,517,78,281,555,312,201,340,120,332,225,245,612,756,1396,278,494,101,518,475,98,273,541,372,106,379,203,379,456,339,557,193,369
106,91,43,16,125,9,114,33,36,46,97,107,199,72,71,80,67,205,106,20,59,116,92,53,88,44,85,54,61,148,167,280,61,115,21,121,97,17,52,112,74,11,93,31,96,92,68,102,39,77
467,407,201,77,502,114,228,171,182,199,390,566,864,297,278,287,339,908,493,70,253,461,287,179,341,127,341,224,239,614,702,1266,255,469,87,496,456,93,246,500,327,90,338,187,373,438,272,505,191,356
209,130,57,18,154,33,171,27,48,72,132,173,262,116,67,73,110,262,166,13,88,170,73,69,99,39,100,67,73,167,256,464,84,147,33,180,139,19,78,168,101,22,102,54,122,137,91,198,55,114
181,140,66,27,151,36,182,48,29,54,149,190,315,96,83,76,121,298,188,20,80,182,104,66,107,39,99,89,89,193,268,462,89,168,35,168,142,27,95,170,123,38,126,62,120,157,109,163,80,118
237,169,77,45,201,46,199,72,54,50,148,216,373,151,107,115,151,374,232,36,133,231,132,98,133,49,140,112,115,278,316,535,125,190,52,208,194,33,85,219,136,34,162,68,179,169,138,217,94,141
432,372,164,82,445,97,390,132,149,148,172,454,773,260,223,229,310,759,455,73,267,439,250,160,281,101,278,207,238,573,667,1150,241,405,102,458,384,74,201,458,297,79,308,165,345,390,299,406,172,250
521,445,224,94,581,107,566,173,190,216,454,316,1033,343,283,312,402,1022,553,78,301,555,327,198,396,149,396,278,250,702,870,1615,299,532,115,611,522,111,284,561,382,104,406,195,443,540,377,598,206,347
816,805,358,143,922,199,864,262,315,373,773,1033,799,608,473,517,633,1423,931,118,462,937,551,385,597,243,677,415,473,1134,1398,2413,488,867,187,982,865,170,412,975,603,188,647,321,711,804,550,945,296,646
363,256,121,55,328,72,297,116,96,151,260,343,608,116,173,209,233,638,320,40,197,332,183,136,209,80,226,139,177,432,475,883,174,306,71,336,295,56,166,324,217,61,276,123,257,290,179,362,130,244
307,227,105,53,275,71,278,67,83,107,223,283,473,173,63,140,189,461,282,32,156,253,140,129,180,75,185,113,128,315,404,729,121,266,58,302,256,40,126,259,175,53,224,123,218,225,156,289,91,212
349,244,106,62,304,80,287,73,76,115,229,312,517,209,140,77,230,499,316,38,167,293,155,144,182,68,188,142,157,350,412,771,137,305,61,314,285,46,139,308,178,49,249,103,244,249,171,306,114,202
378,302,121,55,357,67,339,110,121,151,310,402,633,233,189,230,133,717,394,35,178,374,219,142,218,96,249,173,202,508,533,1027,204,339,76,370,355,58,177,367,223,71,291,129,254,376,229,386,148,249
802,833,346,153,919,205,908,262,298,374,759,1022,1423,638,461,499,717,819,913,116,471,936,562,380,640,239,672,418,444,1129,1389,2442,482,849,201,968,882,163,449,993,611,192,661,345,728,857,551,958,320,656
499,436,199,75,517,106,493,166,188,232,455,553,931,320,282,316,394,913,266,55,260,483,303,174,292,117,330,240,287,643,739,1431,289,475,124,559,462,91,235,511,327,91,412,196,385,463,331,537,203,385
62,52,26,10,78,20,70,13,20,36,73,78,118,40,32,38,35,116,55,3,21,62,33,32,42,14,48,27,29,67,93,170,34,54,17,58,50,4,34,65,43,9,49,18,47,58,51,82,26,38
303,271,99,47,281,59,253,88,80,133,267,301,462,197,156,167,178,471,260,21,87,298,167,115,187,66,206,127,147,285,426,816,174,259,53,284,267,39,135,295,173,60,188,107,221,258,178,305,99,206
537,436,223,87,555,116,461,170,182,231,439,555,937,332,253,293,374,936,483,62,298,257,310,199,334,122,341,248,274,677,740,1424,287,504,126,589,467,91,241,532,317,99,395,202,402,481,312,550,195,360
364,253,115,56,312,92,287,73,104,132,250,327,551,183,140,155,219,562,303,33,167,310,84,118,192,68,197,131,159,364,447,817,150,281,63,309,300,43,147,310,205,67,214,114,249,284,186,320,119,219
201,157,82,42,201,53,179,69,66,98,160,198,385,136,129,144,142,380,174,32,115,199,118,35,140,60,128,89,94,268,306,520,117,196,47,196,197,32,95,212,122,38,159,68,139,180,123,206,77,132
347,243,145,60,340,88,341,99,107,133,281,396,597,209,180,182,218,640,292,42,187,334,192,140,133,78,218,135,181,391,532,968,194,343,74,336,330,48,149,374,203,74,288,132,293,304,218,354,151,217
153,94,48,28,120,44,127,39,39,49,101,149,243,80,75,68,96,239,117,14,66,122,68,60,78,18,79,66,61,146,189,366,75,120,34,124,126,12,57,141,76,22,92,46,94,118,86,128,47,83
365,250,118,64,332,85,341,100,99,140,278,396,677,226,185,188,249,672,330,48,206,341,197,128,218,79,108,142,160,408,503,973,205,321,70,346,369,45,170,364,199,64,233,136,264,317,227,349,152,231
280,180,89,42,225,54,224,67,89,112,207,278,415,139,113,142,173,418,240,27,127,248,131,89,135,66,142,46,103,286,340,641,116,222,45,235,225,35,121,236,188,44,182,94,183,239,127,260,87,165
335,212,98,48,245,61,239,73,89,115,238,250,473,177,128,157,202,444,287,29,147,274,159,94,181,61,160,103,62,317,386,696,141,227,52,273,234,41,137,254,168,48,230,83,204,243,157,292,88,183
636,532,240,119,612,148,614,167,193,278,573,702,1134,432,315,350,508,1129,643,67,285,677,364,268,391,146,408,286,317,385,960,1795,341,538,161,663,581,104,319,682,442,123,483,232,478,566,379,654,232,419
731,673,306,120,756,167,702,256,268,316,667,870,1398,475,404,412,533,1389,739,93,426,740,447,306,532,189,503,340,386,960,564,2078,413,726,179,815,672,128,377,778,513,141,527,280,616,698,481,764,300,496
1141,1213,549,207,1396,280,1266,464,462,535,1150,1615,2413,883,729,771,1027,2442,1431,170,816,1424,817,520,968,366,973,641,696,1795,2078,1884,750,1298,363,1545,1297,274,707,1523,942,307,1032,570,1092,1321,900,1430,494,958
250,245,119,37,278,61,255,84,89,125,241,299,488,174,121,137,204,482,289,34,174,287,150,117,194,75,205,116,141,341,413,750,88,264,59,314,250,57,148,302,216,61,205,101,206,268,171,301,84,203
533,426,196,68,494,115,469,147,168,190,405,532,867,306,266,305,339,849,475,54,259,504,281,196,343,120,321,222,227,538,726,1298,264,205,121,514,453,80,239,486,299,74,344,180,390,446,312,482,202,337
118,89,34,11,101,21,87,33,35,52,102,115,187,71,58,61,76,201,124,17,53,126,63,47,74,34,70,45,52,161,179,363,59,121,14,108,103,17,57,126,64,29,79,54,93,109,69,115,55,72
517,426,225,85,518,121,496,180,168,208,458,611,982,336,302,314,370,968,559,58,284,589,309,196,336,124,346,235,273,663,815,1545,314,514,108,275,479,89,264,573,356,103,421,218,434,552,351,505,190,396
468,418,172,79,475,97,456,139,142,194,384,522,865,295,256,285,355,882,462,50,267,467,300,197,330,126,369,225,234,581,672,1297,250,453,103,479,221,67,217,514,309,96,356,162,381,408,271,502,162,336
95,79,18,10,98,17,93,19,27,33,74,111,170,56,40,46,58,163,91,4,39,91,43,32,48,12,45,35,41,104,128,274,57,80,17,89,67,9,43,110,54,17,67,42,76,68,61,104,27,59
281,202,98,41,273,52,246,78,95,85,201,284,412,166,126,139,177,449,235,34,135,241,147,95,149,57,170,121,137,319,377,707,148,239,57,264,217,43,57,270,174,50,190,103,188,245,169,296,93,167
476,470,238,108,541,112,500,168,170,219,458,561,975,324,259,308,367,993,511,65,295,532,310,212,374,141,364,236,254,682,778,1523,302,486,126,573,514,110,270,269,346,107,388,178,433,528,349,539,194,361
276,289,144,62,372,74,327,101,123,136,297,382,603,217,175,178,223,611,327,43,173,317,205,122,203,76,199,188,168,442,513,942,216,299,64,356,309,54,174,346,122,57,283,123,256,310,210,308,139,222
102,84,37,17,106,11,90,22,38,34,79,104,188,61,53,49,71,192,91,9,60,99,67,38,74,22,64,44,48,123,141,307,61,74,29,103,96,17,50,107,57,6,75,37,89,78,69,111,46,71
357,342,153,71,379,93,338,102,126,162,308,406,647,276,224,249,291,661,412,49,188,395,214,159,288,92,233,182,230,483,527,1032,205,344,79,421,356,67,190,388,283,75,141,129,288,342,213,377,124,261
170,173,72,37,203,31,187,54,62,68,165,195,321,123,123,103,129,345,196,18,107,202,114,68,132,46,136,94,83,232,280,570,101,180,54,218,162,42,103,178,123,37,129,30,143,180,121,182,74,121
436,341,168,83,379,96,373,122,120,179,345,443,711,257,218,244,254,728,385,47,221,402,249,139,293,94,264,183,204,478,616,1092,206,390,93,434,381,76,188,433,256,89,288,143,163,365,263,420,154,297
443,408,175,80,456,92,438,137,157,169,390,540,804,290,225,249,376,857,463,58,258,481,284,180,304,118,317,239,243,566,698,1321,268,446,109,552,408,68,245,528,310,78,342,180,365,222,285,477,184,303
325,247,107,51,339,68,272,91,109,138,299,377,550,179,156,171,229,551,331,51,178,312,186,123,218,86,227,127,157,379,481,900,171,312,69,351,271,61,169,349,210,69,213,121,263,285,102,341,129,229
483,441,230,86,557,102,505,198,163,217,406,598,945,362,289,306,386,958,537,82,305,550,320,206,354,128,349,260,292,654,764,1430,301,482,115,505,502,104,296,539,308,111,377,182,420,477,341,269,201,334
186,155,90,29,193,39,191,55,80,94,172,206,296,130,91,114,148,320,203,26,99,195,119,77,151,47,152,87,88,232,300,494,84,202,55,190,162,27,93,194,139,46,124,74,154,184,129,201,28,130
398,278,129,56,369,77,356,114,118,141,250,347,646,244,212,202,249,656,385,38,206,360,219,132,217,83,231,165,183,419,496,958,203,337,72,396,336,59,167,361,222,71,261,121,297,303,229,334,130,114
