287,457,208,87,520,108,469,179,177,236,452,514,852,373,343,327,390,867,556,62,315,542,363,222,393,172,398,299,319,615,737,1189,266,503,110,534,469,97,253,460,315,103,401,164,422,419,358,498,171,371
457,176,149,74,443,88,451,121,136,171,371,466,790,293,237,240,323,773,438,59,236,499,255,195,268,89,281,226,218,540,641,1198,224,393,93,468,440,68,203,487,276,102,324,177,399,416,297,420,180,278
208,149,39,40,164,56,189,60,66,101,165,205,340,124,104,96,154,343,193,23,108,193,110,65,119,37,123,87,103,255,320,587,88,166,40,209,177,38,101,208,135,38,155,73,153,196,109,257,67,118
87,74,40,8,74,18,79,26,35,43,72,98,163,58,52,50,57,159,77,15,55,85,49,35,60,20,58,41,48,113,122,220,36,75,17,74,72,15,40,93,66,13,68,32,77,78,58,84,24,62
520,443,164,74,261,106,511,155,171,227,436,594,935,308,253,286,391,916,551,57,302,539,289,190,346,153,363,221,242,625,757,1434,263,512,127,561,477,93,244,563,328,88,405,191,403,442,328,513,182,355
108,88,56,18,106,14,103,29,45,58,103,139,190,84,67,81,69,182,102,13,73,120,67,55,73,30,76,57,63,151,167,314,54,111,13,107,109,17,51,114,78,31,90,45,125,98,71,121,34,81
469,451,189,79,511,103,220,152,153,212,397,524,847,285,266,283,324,857,485,59,272,500,274,186,321,117,346,236,274,611,697,1298,230,468,92,505,448,80,228,511,316,107,366,190,399,448,316,476,164,318
179,121,60,26,155,29,152,20,55,57,131,155,301,109,100,107,123,294,172,16,83,165,90,58,98,34,112,67,78,195,255,420,79,152,26,163,145,25,66,177,98,35,100,67,136,143,99,150,51,94
177,136,66,35,171,45,153,55,26,70,137,193,288,94,83,104,131,288,185,26,104,161,91,71,86,38,112,69,76,220,242,459,77,165,37,185,173,29,92,173,108,41,143,65,120,170,102,180,67,107
236,171,101,43,227,58,212,57,70,37,179,224,377,156,116,114,137,366,216,29,127,243,121,93,147,51,134,103,130,263,297,544,106,212,37,181,221,33,97,214,112,43,167,76,186,191,144,175,71,141
452,371,165,72,436,103,397,131,137,179,184,445,747,296,220,238,342,730,458,55,233,450,228,162,296,92,295,203,249,497,642,1153,197,402,96,464,406,71,219,442,248,89,311,157,367,361,288,398,135,313
514,466,205,98,594,139,524,155,193,224,445,308,1024,357,281,339,401,958,590,80,306,567,334,218,389,144,405,274,254,682,881,1595,300,543,126,562,525,101,264,602,383,122,405,206,465,474,360,559,221,394
852,790,340,163,935,190,847,301,288,377,747,1024,792,569,451,527,668,1460,893,121,489,924,527,359,585,224,630,421,480,1110,1352,2459,448,820,207,968,828,163,463,951,602,198,718,334,757,851,564,940,322,593
373,293,124,58,308,84,285,109,94,156,296,357,569,96,181,186,226,586,336,40,162,356,169,121,220,69,226,169,162,378,521,893,177,311,80,358,298,59,152,335,213,71,243,121,244,301,191,339,110,218
343,237,104,52,253,67,266,100,83,116,220,281,451,181,60,131,190,495,285,34,143,294,149,123,180,63,189,121,140,342,439,717,137,247,52,295,238,45,143,271,166,61,205,95,225,239,168,286,92,185
327,240,96,50,286,81,283,107,104,114,238,339,527,186,131,75,199,531,296,21,147,262,163,124,183,60,183,130,144,341,471,796,172,272,60,307,280,48,161,315,186,64,222,109,257,252,188,316,126,191
390,323,154,57,391,69,324,123,131,137,342,401,668,226,190,199,146,652,367,48,207,353,194,140,242,90,235,166,207,445,571,1003,200,336,87,379,299,71,207,375,227,70,255,128,294,326,197,395,142,248
867,773,343,159,916,182,857,294,288,366,730,958,1460,586,495,531,652,773,897,111,509,921,546,374,657,236,646,426,475,1068,1296,2451,482,837,197,965,852,170,455,961,602,200,680,334,739,820,594,924,332,588
556,438,193,77,551,102,485,172,185,216,458,590,893,336,285,296,367,897,270,55,323,498,305,203,340,133,349,240,281,592,791,1393,277,485,132,553,457,71,266,577,325,102,378,191,406,449,296,536,197,367
62,59,23,15,57,13,59,16,26,29,55,80,121,40,34,21,48,111,55,5,34,71,45,26,47,14,32,23,37,84,88,158,33,65,15,53,55,11,38,77,48,5,41,23,60,52,35,59,28,41
315,236,108,55,302,73,272,83,104,127,233,306,489,162,143,147,207,509,323,34,83,301,167,129,160,59,181,128,134,335,443,787,133,287,75,268,298,48,126,334,193,69,199,110,201,254,148,293,103,206
542,499,193,85,539,120,500,165,161,243,450,567,924,356,294,262,353,921,498,71,301,245,324,207,369,128,355,234,295,621,755,1429,273,487,129,577,449,69,256,528,343,111,395,194,396,489,309,558,199,369
363,255,110,49,289,67,274,90,91,121,228,334,527,169,149,163,194,546,305,45,167,324,76,114,187,75,176,153,140,386,473,833,150,269,49,322,264,54,147,351,193,64,218,94,238,250,191,340,94,180
222,195,65,35,190,55,186,58,71,93,162,218,359,121,123,124,140,374,203,26,129,207,114,28,137,53,159,93,90,255,252,511,106,173,37,205,199,32,96,187,121,45,131,74,175,181,132,189,72,117
393,268,119,60,346,73,321,98,86,147,296,389,585,220,180,183,242,657,340,47,160,369,187,137,109,67,203,162,157,419,475,921,151,331,79,330,302,41,149,353,224,66,250,112,249,293,206,345,120,211
172,89,37,20,153,30,117,34,38,51,92,144,224,69,63,60,90,236,133,14,59,128,75,53,67,15,71,54,46,147,183,352,61,132,23,139,116,23,73,152,88,34,96,50,99,111,78,139,44,79
398,281,123,58,363,76,346,112,112,134,295,405,630,226,189,183,235,646,349,32,181,355,176,159,203,71,113,152,172,410,523,946,164,290,76,350,312,57,175,394,228,77,260,123,273,314,199,378,131,210
299,226,87,41,221,57,236,67,69,103,203,274,421,169,121,130,166,426,240,23,128,234,153,93,162,54,152,49,130,274,357,642,124,197,49,243,255,40,100,232,146,42,178,88,195,207,147,249,85,157
319,218,103,48,242,63,274,78,76,130,249,254,480,162,140,144,207,475,281,37,134,295,140,90,157,46,172,130,69,287,431,707,151,258,49,270,247,41,131,262,170,52,180,94,186,238,150,278,89,189
615,540,255,113,625,151,611,195,220,263,497,682,1110,378,342,341,445,1068,592,84,335,621,386,255,419,147,410,274,287,367,928,1806,327,579,132,681,607,101,324,670,449,126,510,225,512,608,405,672,241,409
737,641,320,122,757,167,697,255,242,297,642,881,1352,521,439,471,571,1296,791,88,443,755,473,252,475,183,523,357,431,928,557,2049,392,724,190,834,706,136,391,782,522,178,557,287,605,707,462,760,292,501
1189,1198,587,220,1434,314,1298,420,459,544,1153,1595,2459,893,717,796,1003,2451,1393,158,787,1429,833,511,921,352,946,642,707,1806,2049,1926,715,1279,320,1557,1313,261,701,1437,964,294,1048,560,1066,1299,866,1396,526,946
266,224,88,36,263,54,230,79,77,106,197,300,448,177,137,172,200,482,277,33,133,273,150,106,151,61,164,124,151,327,392,715,64,252,62,296,240,51,131,295,186,51,178,105,209,255,162,293,75,199
503,393,166,75,512,111,468,152,165,212,402,543,820,311,247,272,336,837,485,65,287,487,269,173,331,132,290,197,258,579,724,1279,252,221,101,477,414,76,262,519,326,99,346,185,413,424,307,495,176,309
110,93,40,17,127,13,92,26,37,37,96,126,207,80,52,60,87,197,132,15,75,129,49,37,79,23,76,49,49,132,190,320,62,101,12,137,94,18,53,121,70,16,84,37,70,101,62,112,41,58
534,468,209,74,561,107,505,163,185,181,464,562,968,358,295,307,379,965,553,53,268,577,322,205,330,139,350,243,270,681,834,1557,296,477,137,267,475,89,266,551,354,107,402,207,415,508,296,581,206,357
469,440,177,72,477,109,448,145,173,221,406,525,828,298,238,280,299,852,457,55,298,449,264,199,302,116,312,255,247,607,706,1313,240,414,94,475,213,88,235,501,318,98,352,173,372,476,295,492,159,303
97,68,38,15,93,17,80,25,29,33,71,101,163,59,45,48,71,170,71,11,48,69,54,32,41,23,57,40,41,101,136,261,51,76,18,89,88,9,37,87,47,12,66,37,63,84,47,83,26,57
253,203,101,40,244,51,228,66,92,97,219,264,463,152,143,161,207,455,266,38,126,256,147,96,149,73,175,100,131,324,391,701,131,262,53,266,235,37,56,274,167,43,212,98,199,244,143,259,107,181
460,487,208,93,563,114,511,177,173,214,442,602,951,335,271,315,375,961,577,77,334,528,351,187,353,152,394,232,262,670,782,1437,295,519,121,551,501,87,274,294,350,132,410,218,420,488,341,515,184,353
315,276,135,66,328,78,316,98,108,112,248,383,602,213,166,186,227,602,325,48,193,343,193,121,224,88,228,146,170,449,522,964,186,326,70,354,318,47,167,350,99,65,236,119,276,324,220,350,91,205
103,102,38,13,88,31,107,35,41,43,89,122,198,71,61,64,70,200,102,5,69,111,64,45,66,34,77,42,52,126,178,294,51,99,16,107,98,12,43,132,65,8,87,45,84,89,53,137,43,68
401,324,155,68,405,90,366,100,143,167,311,405,718,243,205,222,255,680,378,41,199,395,218,131,250,96,260,178,180,510,557,1048,178,346,84,402,352,66,212,410,236,87,151,138,309,339,234,352,132,275
164,177,73,32,191,45,190,67,65,76,157,206,334,121,95,109,128,334,191,23,110,194,94,74,112,50,123,88,94,225,287,560,105,185,37,207,173,37,98,218,119,45,138,45,141,187,121,187,72,120
422,399,153,77,403,125,399,136,120,186,367,465,757,244,225,257,294,739,406,60,201,396,238,175,249,99,273,195,186,512,605,1066,209,413,70,415,372,63,199,420,276,84,309,141,150,387,240,433,131,270
419,416,196,78,442,98,448,143,170,191,361,474,851,301,239,252,326,820,449,52,254,489,250,181,293,111,314,207,238,608,707,1299,255,424,101,508,476,84,244,488,324,89,339,187,387,211,293,514,183,316
358,297,109,58,328,71,316,99,102,144,288,360,564,191,168,188,197,594,296,35,148,309,191,132,206,78,199,147,150,405,462,866,162,307,62,296,295,47,143,341,220,53,234,121,240,293,97,345,113,207
498,420,257,84,513,121,476,150,180,175,398,559,940,339,286,316,395,924,536,59,293,558,340,189,345,139,378,249,278,672,760,1396,293,495,112,581,492,83,259,515,350,137,352,187,433,514,345,256,181,366
171,180,67,24,182,34,164,51,67,71,135,221,322,110,92,126,142,332,197,28,103,199,94,72,120,44,131,85,89,241,292,526,75,176,41,206,159,26,107,184,91,43,132,72,131,183,113,181,24,124
371,278,118,62,355,81,318,94,107,141,313,394,593,218,185,191,248,588,367,41,206,369,180,117,211,79,210,157,189,409,501,946,199,309,58,357,303,57,181,353,205,68,275,120,270,316,207,366,124,118
