262,433,220,95,483,116,522,167,169,249,438,531,838,402,293,328,361,839,550,78,320,525,328,210,351,146,369,289,306,655,702,1203,239,523,105,510,504,85,239,488,310,113,374,170,418,446,337,477,148,382
433,167,165,66,435,90,434,130,132,178,372,467,773,276,262,254,314,786,429,47,231,470,252,183,280,104,273,184,196,553,681,1301,273,418,96,474,441,71,204,437,281,92,326,171,351,402,255,472,182,293
220,165,36,29,213,45,176,59,70,65,156,223,364,111,102,107,139,356,213,28,116,203,105,84,112,37,119,81,90,267,302,545,110,173,43,216,176,39,109,225,129,50,151,67,154,156,120,211,68,128
95,66,29,6,82,19,65,26,27,35,62,98,147,54,51,52,59,155,96,9,34,79,53,36,68,24,71,36,39,114,124,224,44,72,14,99,80,12,40,78,48,27,58,36,60,73,51,76,30,64
483,435,213,82,252,117,507,165,152,194,465,573,921,319,242,296,354,900,524,72,276,585,286,223,369,139,367,237,241,614,754,1391,295,493,129,537,470,82,258,521,319,112,339,200,401,467,300,491,181,331
116,90,45,19,117,10,88,34,35,49,92,118,197,80,57,61,87,202,130,13,59,120,85,37,82,31,88,51,45,151,158,309,62,89,19,139,111,19,46,93,82,29,84,43,85,102,76,107,37,75
522,434,176,65,507,88,231,145,166,196,401,551,827,276,237,276,374,816,500,81,283,478,294,195,298,113,327,222,243,585,731,1336,266,433,101,561,433,83,249,537,317,105,356,195,350,419,274,526,171,344
167,130,59,26,165,34,145,18,42,57,123,154,274,98,73,79,97,279,129,17,79,133,100,68,113,42,108,68,71,171,213,441,77,138,30,153,140,11,52,164,105,16,115,58,127,131,94,168,52,119
169,132,70,27,152,35,166,42,34,61,124,195,303,101,86,96,106,283,149,23,87,141,99,70,112,39,113,79,85,211,235,498,106,146,26,184,140,31,74,171,110,44,142,68,125,139,84,170,57,114
249,178,65,35,194,49,196,57,61,43,163,222,360,142,118,119,143,353,181,20,117,196,135,84,138,61,146,102,97,246,298,579,119,200,44,205,201,29,97,200,152,38,152,82,178,180,108,234,89,129
438,372,156,62,465,92,401,123,124,163,175,467,768,283,251,248,321,762,382,47,255,384,238,169,277,107,278,225,231,539,639,1190,219,409,94,438,386,70,218,430,293,85,356,148,318,393,236,439,156,278
531,467,223,98,573,118,551,154,195,222,467,329,986,383,293,356,414,1033,557,73,323,556,328,219,368,143,372,279,261,709,885,1583,322,519,124,610,525,96,251,657,380,118,407,215,471,515,338,582,193,387
838,773,364,147,921,197,827,274,303,360,768,986,837,581,483,575,660,1495,949,126,465,974,519,372,614,221,602,456,472,1143,1447,2432,494,863,187,972,844,132,440,993,613,197,686,301,725,831,585,944,323,602
402,276,111,54,319,80,276,98,101,142,283,383,581,104,181,187,262,596,333,40,179,334,181,113,192,75,194,160,170,366,489,917,189,323,76,370,293,60,171,329,181,64,242,131,237,311,195,335,133,208
293,262,102,51,242,57,237,73,86,118,251,293,483,181,67,126,193,495,243,41,124,256,162,113,189,70,190,123,130,308,397,699,140,242,52,256,241,43,150,295,174,48,200,91,213,253,164,257,95,190
328,254,107,52,296,61,276,79,96,119,248,356,575,187,126,78,216,555,292,31,143,294,160,112,201,68,189,129,128,362,428,802,161,261,61,265,262,43,153,298,207,55,226,110,237,261,164,307,107,196
361,314,139,59,354,87,374,97,106,143,321,414,660,262,193,216,115,656,362,38,193,361,213,163,244,84,239,176,184,455,563,1034,203,333,76,414,348,62,177,366,227,74,275,141,305,305,250,397,116,220
839,786,356,155,900,202,816,279,283,353,762,1033,1495,596,495,555,656,795,906,111,477,917,528,343,619,245,602,446,501,1105,1384,2430,482,858,197,1017,849,163,464,901,584,170,670,298,709,852,569,915,312,633
550,429,213,96,524,130,500,129,149,181,382,557,949,333,243,292,362,906,265,68,285,482,314,213,352,130,344,237,264,668,761,1480,288,446,117,547,465,102,227,536,329,132,401,197,409,497,316,568,193,334
78,47,28,9,72,13,81,17,23,20,47,73,126,40,41,31,38,111,68,2,36,69,28,32,49,14,40,25,23,89,92,197,38,57,15,81,58,12,38,66,55,12,50,29,60,56,31,77,33,42
320,231,116,34,276,59,283,79,87,117,255,323,465,179,124,143,193,477,285,36,71,276,146,111,157,67,167,134,145,335,437,778,151,228,78,237,262,49,130,302,196,65,221,100,212,245,160,297,95,193
525,470,203,79,585,120,478,133,141,196,384,556,974,334,256,294,361,917,482,69,276,270,329,205,345,131,338,234,267,659,769,1453,333,476,116,564,479,92,240,559,367,109,389,187,379,507,335,548,202,360
328,252,105,53,286,85,294,100,99,135,238,328,519,181,162,160,213,528,314,28,146,329,113,117,197,77,197,135,142,350,461,783,166,289,63,300,264,45,143,301,202,60,248,100,244,265,208,306,109,226
210,183,84,36,223,37,195,68,70,84,169,219,372,113,113,112,163,343,213,32,111,205,117,41,122,51,127,86,115,240,317,544,129,179,56,212,176,30,110,218,145,37,157,58,161,187,124,209,85,127
351,280,112,68,369,82,298,113,112,138,277,368,614,192,189,201,244,619,352,49,157,345,197,122,98,90,226,151,179,410,497,925,168,292,69,340,279,51,168,357,232,63,262,121,243,300,218,338,126,217
146,104,37,24,139,31,113,42,39,61,107,143,221,75,70,68,84,245,130,14,67,131,77,51,90,10,80,49,54,167,182,365,78,119,29,123,122,17,45,128,83,24,113,49,104,110,68,132,55,90
369,273,119,71,367,88,327,108,113,146,278,372,602,194,190,189,239,602,344,40,167,338,197,127,226,80,125,151,161,450,502,963,185,326,85,346,335,55,163,343,249,60,271,121,268,297,209,371,140,225
289,184,81,36,237,51,222,68,79,102,225,279,456,160,123,129,176,446,237,25,134,234,135,86,151,49,151,44,127,265,356,650,135,213,45,235,211,28,130,251,158,61,204,77,178,202,119,264,88,170
306,196,90,39,241,45,243,71,85,97,231,261,472,170,130,128,184,501,264,23,145,267,142,115,179,54,161,127,52,335,341,699,117,218,58,274,243,43,120,254,169,50,197,84,199,220,166,260,97,160
655,553,267,114,614,151,585,171,211,246,539,709,1143,366,308,362,455,1105,668,89,335,659,350,240,410,167,450,265,335,390,981,1787,329,620,148,692,575,94,332,674,404,150,494,222,510,625,388,671,212,451
702,681,302,124,754,158,731,213,235,298,639,885,1447,489,397,428,563,1384,761,92,437,769,461,317,497,182,502,356,341,981,572,2156,416,715,175,814,743,121,359,820,558,170,564,258,614,727,471,787,286,507
1203,1301,545,224,1391,309,1336,441,498,579,1190,1583,2432,917,699,802,1034,2430,1480,197,778,1453,783,544,925,365,963,650,699,1787,2156,1924,724,1354,327,1599,1273,253,727,1498,919,287,1083,532,1089,1262,902,1418,527,955
239,273,110,44,295,62,266,77,106,119,219,322,494,189,140,161,203,482,288,38,151,333,166,129,168,78,185,135,117,329,416,724,89,280,51,295,224,53,130,289,178,56,213,105,222,228,168,269,105,180
523,418,173,72,493,89,433,138,146,200,409,519,863,323,242,261,333,858,446,57,228,476,289,179,292,119,326,213,218,620,715,1354,280,196,96,476,443,67,234,497,310,103,378,175,373,435,304,510,166,325
105,96,43,14,129,19,101,30,26,44,94,124,187,76,52,61,76,197,117,15,78,116,63,56,69,29,85,45,58,148,175,327,51,96,15,139,89,21,69,138,72,19,90,43,87,106,75,120,26,84
510,474,216,99,537,139,561,153,184,205,438,610,972,370,256,265,414,1017,547,81,237,564,300,212,340,123,346,235,274,692,814,1599,295,476,139,307,499,87,265,569,335,111,424,211,410,509,362,557,217,351
504,441,176,80,470,111,433,140,140,201,386,525,844,293,241,262,348,849,465,58,262,479,264,176,279,122,335,211,243,575,743,1273,224,443,89,499,212,69,221,517,324,101,361,168,365,459,293,510,158,331
85,71,39,12,82,19,83,11,31,29,70,96,132,60,43,43,62,163,102,12,49,92,45,30,51,17,55,28,43,94,121,253,53,67,21,87,69,12,35,100,67,20,69,39,71,79,47,82,32,50
239,204,109,40,258,46,249,52,74,97,218,251,440,171,150,153,177,464,227,38,130,240,143,110,168,45,163,130,120,332,359,727,130,234,69,265,221,35,63,278,177,43,196,90,213,210,158,293,91,152
488,437,225,78,521,93,537,164,171,200,430,657,993,329,295,298,366,901,536,66,302,559,301,218,357,128,343,251,254,674,820,1498,289,497,138,569,517,100,278,285,355,97,399,185,431,457,330,564,187,341
310,281,129,48,319,82,317,105,110,152,293,380,613,181,174,207,227,584,329,55,196,367,202,145,232,83,249,158,169,404,558,919,178,310,72,335,324,67,177,355,107,66,243,132,253,313,179,371,136,235
113,92,50,27,112,29,105,16,44,38,85,118,197,64,48,55,74,170,132,12,65,109,60,37,63,24,60,61,50,150,170,287,56,103,19,111,101,20,43,97,66,16,84,50,75,93,66,109,41,79
374,326,151,58,339,84,356,115,142,152,356,407,686,242,200,226,275,670,401,50,221,389,248,157,262,113,271,204,197,494,564,1083,213,378,90,424,361,69,196,399,243,84,147,146,308,334,229,393,141,250
170,171,67,36,200,43,195,58,68,82,148,215,301,131,91,110,141,298,197,29,100,187,100,58,121,49,121,77,84,222,258,532,105,175,43,211,168,39,90,185,132,50,146,36,153,168,122,208,65,135
418,351,154,60,401,85,350,127,125,178,318,471,725,237,213,237,305,709,409,60,212,379,244,161,243,104,268,178,199,510,614,1089,222,373,87,410,365,71,213,431,253,75,308,153,139,352,250,383,147,293
446,402,156,73,467,102,419,131,139,180,393,515,831,311,253,261,305,852,497,56,245,507,265,187,300,110,297,202,220,625,727,1262,228,435,106,509,459,79,210,457,313,93,334,168,352,219,273,456,176,293
337,255,120,51,300,76,274,94,84,108,236,338,585,195,164,164,250,569,316,31,160,335,208,124,218,68,209,119,166,388,471,902,168,304,75,362,293,47,158,330,179,66,229,122,250,273,99,322,116,219
477,472,211,76,491,107,526,168,170,234,439,582,944,335,257,307,397,915,568,77,297,548,306,209,338,132,371,264,260,671,787,1418,269,510,120,557,510,82,293,564,371,109,393,208,383,456,322,250,179,378
148,182,68,30,181,37,171,52,57,89,156,193,323,133,95,107,116,312,193,33,95,202,109,85,126,55,140,88,97,212,286,527,105,166,26,217,158,32,91,187,136,41,141,65,147,176,116,179,28,104
382,293,128,64,331,75,344,119,114,129,278,387,602,208,190,196,220,633,334,42,193,360,226,127,217,90,225,170,160,451,507,955,180,325,84,351,331,50,152,341,235,79,250,135,293,293,219,378,104,89
