282,459,216,95,523,106,477,173,187,207,432,555,853,390,319,352,354,831,499,70,323,543,372,229,394,151,364,282,289,636,686,1225,252,492,110,521,486,65,239,470,310,105,367,169,463,453,342,469,166,374
459,193,174,79,440,106,436,133,142,191,374,489,799,274,229,267,323,785,456,50,230,448,260,159,288,89,261,171,201,558,687,1286,255,389,91,445,420,63,229,458,269,97,341,185,347,432,254,444,157,339
216,174,40,35,196,47,197,58,58,78,181,228,346,144,111,106,167,364,212,34,103,208,117,76,134,47,127,91,106,232,303,558,117,193,53,211,197,36,95,221,115,38,154,61,173,192,140,212,80,137
95,79,35,5,72,16,72,23,28,44,73,92,158,47,42,53,62,141,85,11,40,86,46,29,60,21,61,32,48,103,133,229,49,74,21,88,80,19,46,85,53,20,56,43,63,76,47,87,33,72
523,440,196,72,259,97,473,142,188,220,459,634,922,332,269,295,363,931,529,67,277,530,311,197,301,139,342,233,254,658,777,1450,309,461,114,547,468,94,246,562,361,94,404,201,413,491,341,540,191,345
106,106,47,16,97,12,99,28,26,48,99,117,197,85,54,61,77,173,133,13,50,136,60,55,81,31,76,55,53,144,174,285,56,105,25,123,101,21,42,130,71,26,92,50,83,102,73,119,24,92
477,436,197,72,473,99,229,146,153,168,403,547,822,289,238,283,354,816,515,65,248,499,277,199,335,119,339,226,220,631,756,1332,267,451,120,486,452,84,240,527,334,100,364,199,379,492,283,457,174,360
173,133,58,23,142,28,146,23,48,65,140,174,259,92,99,92,122,267,155,19,86,163,105,61,115,43,117,71,83,210,210,439,80,158,33,153,117,23,65,169,102,32,116,73,128,137,100,164,54,94
187,142,58,28,188,26,153,48,22,53,147,195,290,120,82,105,109,293,189,24,94,193,86,71,119,44,115,74,90,198,262,417,85,141,42,167,168,21,84,188,105,27,139,70,129,153,111,160,60,107
207,191,78,44,220,48,168,65,53,40,145,247,364,127,115,129,132,370,214,38,107,222,123,76,128,56,128,92,114,230,293,563,110,179,45,202,182,31,96,202,147,43,168,63,154,198,107,200,70,151
432,374,181,73,459,99,403,140,147,145,179,468,737,273,256,259,304,785,441,64,206,431,275,177,276,111,305,192,228,512,623,1169,197,411,92,460,396,72,211,449,278,80,335,151,335,403,277,433,139,298
555,489,228,92,634,117,547,174,195,247,468,313,1000,355,277,304,417,982,568,63,281,560,318,227,357,143,372,240,277,726,877,1578,313,525,135,623,530,96,253,643,393,109,434,223,428,521,366,571,216,365
853,799,346,158,922,197,822,259,290,364,737,1000,828,591,474,515,684,1460,899,115,483,916,552,378,594,235,616,464,395,1168,1397,2535,515,844,196,1018,860,155,449,940,595,192,653,333,721,877,580,952,330,647
390,274,144,47,332,85,289,92,120,127,273,355,591,102,186,195,252,540,313,33,168,321,196,139,194,83,191,138,169,403,467,878,187,291,61,334,308,52,153,331,196,61,238,126,259,298,179,324,117,227
319,229,111,42,269,54,238,99,82,115,256,277,474,186,86,141,172,453,260,32,130,266,150,86,171,79,185,124,130,326,429,737,135,265,56,292,249,34,147,294,166,63,206,95,222,237,176,281,89,185
352,267,106,53,295,61,283,92,105,129,259,304,515,195,141,70,210,492,298,34,139,316,182,96,210,77,199,124,128,364,471,807,163,271,67,301,259,29,144,336,205,60,227,97,229,249,174,293,108,197
354,323,167,62,363,77,354,122,109,132,304,417,684,252,172,210,140,681,366,42,183,382,224,163,258,109,253,159,199,486,565,1024,176,356,71,397,351,68,170,424,236,74,283,138,324,341,216,370,133,257
831,785,364,141,931,173,816,267,293,370,785,982,1460,540,453,492,681,830,857,103,507,893,540,349,647,238,658,434,444,1203,1355,2563,484,844,196,1001,831,153,485,976,585,190,673,326,719,865,587,993,291,652
499,456,212,85,529,133,515,155,189,214,441,568,899,313,260,298,366,857,257,57,255,491,307,202,349,110,346,251,239,622,745,1379,257,461,116,526,432,77,252,569,350,90,385,199,373,454,278,531,178,333
70,50,34,11,67,13,65,19,24,38,64,63,115,33,32,34,42,103,57,3,34,59,45,34,37,23,39,29,37,73,92,188,35,62,10,59,58,10,29,61,45,3,40,22,50,47,38,67,25,58
323,230,103,40,277,50,248,86,94,107,206,281,483,168,130,139,183,507,255,34,63,244,144,101,182,62,164,126,123,333,422,787,124,255,60,259,258,48,136,283,166,48,208,87,207,255,176,298,118,178
543,448,208,86,530,136,499,163,193,222,431,560,916,321,266,316,382,893,491,59,244,261,314,202,351,119,328,243,263,671,734,1358,269,517,112,553,478,84,280,572,338,93,406,191,402,457,284,514,183,371
372,260,117,46,311,60,277,105,86,123,275,318,552,196,150,182,224,540,307,45,144,314,89,129,194,75,198,155,139,365,486,851,164,310,63,313,272,40,173,331,205,66,250,96,238,268,173,315,108,223
229,159,76,29,197,55,199,61,71,76,177,227,378,139,86,96,163,349,202,34,101,202,129,49,131,64,142,82,104,268,310,546,118,180,50,230,214,34,119,216,124,41,152,73,175,168,106,217,78,170
394,288,134,60,301,81,335,115,119,128,276,357,594,194,171,210,258,647,349,37,182,351,194,131,105,73,197,133,177,397,481,938,164,308,80,382,327,51,178,370,206,69,284,118,254,330,197,323,110,226
151,89,47,21,139,31,119,43,44,56,111,143,235,83,79,77,109,238,110,23,62,119,75,64,73,9,70,62,54,144,159,331,70,121,26,136,112,20,61,136,79,20,115,55,110,112,104,123,47,102
364,261,127,61,342,76,339,117,115,128,305,372,616,191,185,199,253,658,346,39,164,328,198,142,197,70,111,151,134,387,497,951,191,294,66,359,315,60,166,404,209,64,284,160,259,309,212,357,123,249
282,171,91,32,233,55,226,71,74,92,192,240,464,138,124,124,159,434,251,29,126,243,155,82,133,62,151,59,102,307,349,649,152,217,56,213,224,33,124,240,155,42,201,90,204,205,154,249,88,161
289,201,106,48,254,53,220,83,90,114,228,277,395,169,130,128,199,444,239,37,123,263,139,104,177,54,134,102,68,324,352,702,140,239,59,254,243,43,114,296,148,48,193,90,189,226,168,230,102,183
636,558,232,103,658,144,631,210,198,230,512,726,1168,403,326,364,486,1203,622,73,333,671,365,268,397,144,387,307,324,396,994,1936,358,584,174,672,531,119,332,707,411,131,488,251,524,586,408,690,231,441
686,687,303,133,777,174,756,210,262,293,623,877,1397,467,429,471,565,1355,745,92,422,734,486,310,481,159,497,349,352,994,581,2104,394,720,176,852,716,115,361,860,538,147,601,285,573,743,462,760,297,512
1225,1286,558,229,1450,285,1332,439,417,563,1169,1578,2535,878,737,807,1024,2563,1379,188,787,1358,851,546,938,331,951,649,702,1936,2104,2066,788,1323,330,1573,1265,245,721,1469,935,285,1100,520,1117,1320,931,1499,511,980
252,255,117,49,309,56,267,80,85,110,197,313,515,187,135,163,176,484,257,35,124,269,164,118,164,70,191,152,140,358,394,788,77,240,62,323,262,55,126,308,173,49,204,116,228,254,157,283,90,200
492,389,193,74,461,105,451,158,141,179,411,525,844,291,265,271,356,844,461,62,255,517,310,180,308,121,294,217,239,584,720,1323,240,194,101,506,429,80,247,512,332,94,391,202,411,443,276,484,169,306
110,91,53,21,114,25,120,33,42,45,92,135,196,61,56,67,71,196,116,10,60,112,63,50,80,26,66,56,59,174,176,330,62,101,15,137,120,20,56,120,83,23,83,36,82,113,79,123,42,68
521,445,211,88,547,123,486,153,167,202,460,623,1018,334,292,301,397,1001,526,59,259,553,313,230,382,136,359,213,254,672,852,1573,323,506,137,301,511,82,250,574,343,85,422,185,449,504,330,547,211,359
486,420,197,80,468,101,452,117,168,182,396,530,860,308,249,259,351,831,432,58,258,478,272,214,327,112,315,224,243,531,716,1265,262,429,120,511,217,86,241,508,318,90,376,176,368,417,299,486,170,331
65,63,36,19,94,21,84,23,21,31,72,96,155,52,34,29,68,153,77,10,48,84,40,34,51,20,60,33,43,119,115,245,55,80,20,82,86,8,44,102,52,14,70,33,51,68,44,92,36,56
239,229,95,46,246,42,240,65,84,96,211,253,449,153,147,144,170,485,252,29,136,280,173,119,178,61,166,124,114,332,361,721,126,247,56,250,241,44,56,290,154,49,198,101,214,233,173,279,97,152
470,458,221,85,562,130,527,169,188,202,449,643,940,331,294,336,424,976,569,61,283,572,331,216,370,136,404,240,296,707,860,1469,308,512,120,574,508,102,290,303,359,90,426,209,439,502,364,568,189,384
310,269,115,53,361,71,334,102,105,147,278,393,595,196,166,205,236,585,350,45,166,338,205,124,206,79,209,155,148,411,538,935,173,332,83,343,318,52,154,359,118,70,275,124,226,306,208,346,116,220
105,97,38,20,94,26,100,32,27,43,80,109,192,61,63,60,74,190,90,3,48,93,66,41,69,20,64,42,48,131,147,285,49,94,23,85,90,14,49,90,70,11,100,36,83,91,59,126,31,63
367,341,154,56,404,92,364,116,139,168,335,434,653,238,206,227,283,673,385,40,208,406,250,152,284,115,284,201,193,488,601,1100,204,391,83,422,376,70,198,426,275,100,134,147,332,361,255,365,144,256
169,185,61,43,201,50,199,73,70,63,151,223,333,126,95,97,138,326,199,22,87,191,96,73,118,55,160,90,90,251,285,520,116,202,36,185,176,33,101,209,124,36,147,28,146,191,97,214,61,119
463,347,173,63,413,83,379,128,129,154,335,428,721,259,222,229,324,719,373,50,207,402,238,175,254,110,259,204,189,524,573,1117,228,411,82,449,368,51,214,439,226,83,332,146,156,376,237,383,113,292
453,432,192,76,491,102,492,137,153,198,403,521,877,298,237,249,341,865,454,47,255,457,268,168,330,112,309,205,226,586,743,1320,254,443,113,504,417,68,233,502,306,91,361,191,376,222,295,489,179,300
342,254,140,47,341,73,283,100,111,107,277,366,580,179,176,174,216,587,278,38,176,284,173,106,197,104,212,154,168,408,462,931,157,276,79,330,299,44,173,364,208,59,255,97,237,295,87,335,112,211
469,444,212,87,540,119,457,164,160,200,433,571,952,324,281,293,370,993,531,67,298,514,315,217,323,123,357,249,230,690,760,1499,283,484,123,547,486,92,279,568,346,126,365,214,383,489,335,245,193,374
166,157,80,33,191,24,174,54,60,70,139,216,330,117,89,108,133,291,178,25,118,183,108,78,110,47,123,88,102,231,297,511,90,169,42,211,170,36,97,189,116,31,144,61,113,179,112,193,32,140
374,339,137,72,345,92,360,94,107,151,298,365,647,227,185,197,257,652,333,58,178,371,223,170,226,102,249,161,183,441,512,980,200,306,68,359,331,56,152,384,220,63,256,119,292,300,211,374,140,137
