272,416,221,78,502,100,443,202,176,255,459,525,780,377,326,318,383,792,497,73,326,526,354,219,350,145,354,282,293,596,670,1233,256,487,122,484,469,94,270,441,281,96,370,172,410,411,341,490,177,379
416,181,160,61,429,88,396,115,153,183,374,440,814,288,236,256,318,758,419,54,252,446,251,151,288,115,273,191,231,583,657,1247,259,417,96,460,417,66,193,491,252,83,326,162,305,402,274,466,157,292
221,160,39,27,208,46,197,57,68,86,157,221,356,118,104,102,127,353,191,27,94,202,108,64,132,54,137,97,93,238,330,583,117,190,53,190,179,26,87,227,114,45,146,73,147,206,113,194,81,136
78,61,27,4,88,18,65,32,29,38,73,85,136,58,37,60,67,132,74,7,59,86,48,24,58,14,46,50,49,92,115,198,42,80,14,73,67,19,38,88,42,17,64,31,58,76,48,71,27,56
502,429,208,88,288,123,496,159,180,214,454,589,914,310,282,313,370,917,500,77,286,510,312,179,340,128,356,219,257,674,796,1410,280,493,108,543,464,94,245,536,317,115,397,194,420,458,322,549,192,343
100,88,46,18,123,13,107,45,44,66,96,114,205,86,64,84,85,181,102,18,73,131,69,36,79,24,74,62,67,135,171,278,52,105,27,106,101,22,68,123,50,27,73,35,84,93,77,114,44,79
443,396,197,65,496,107,211,148,187,211,438,480,847,300,256,270,326,857,487,79,289,509,285,191,308,129,339,246,253,633,709,1253,253,432,95,463,407,73,239,528,291,105,378,167,349,485,292,479,166,313
202,115,57,32,159,45,148,24,45,69,128,176,261,97,84,102,112,259,149,20,87,160,88,63,96,41,96,73,62,173,241,424,92,158,38,156,168,24,70,178,99,33,110,41,113,135,85,159,52,110
176,153,68,29,180,44,187,45,33,68,135,198,299,96,82,95,120,303,151,34,106,176,99,73,99,36,102,85,77,231,242,446,106,165,33,179,157,23,72,194,123,28,121,54,117,174,99,166,70,117
255,183,86,38,214,66,211,69,68,50,171,218,362,125,102,128,154,351,214,36,124,214,148,102,148,58,160,93,116,256,290,536,106,215,36,231,196,29,94,214,137,46,159,80,174,184,128,206,70,155
459,374,157,73,454,96,438,128,135,171,182,469,751,270,229,260,302,732,422,52,232,440,241,181,304,109,295,189,227,558,679,1108,211,413,82,480,392,77,220,478,275,91,311,154,365,402,283,449,148,287
525,440,221,85,589,114,480,176,198,218,469,314,978,373,288,318,402,984,560,74,307,578,349,217,334,153,394,255,275,679,858,1583,306,499,127,607,509,91,278,571,333,110,427,208,449,517,385,557,203,370
780,814,356,136,914,205,847,261,299,362,751,978,802,575,484,519,654,1449,897,102,509,924,535,345,624,240,643,443,443,1171,1357,2369,486,817,214,905,821,156,448,965,596,193,633,327,698,844,582,901,323,619
377,288,118,58,310,86,300,97,96,125,270,373,575,107,171,187,222,574,297,50,170,310,207,127,227,102,203,146,134,378,459,886,165,313,72,338,307,61,162,348,236,65,253,135,251,295,188,334,127,240
326,236,104,37,282,64,256,84,82,102,229,288,484,171,74,127,185,459,259,34,116,290,179,103,183,56,168,122,131,321,439,724,142,262,78,285,241,42,135,264,160,59,217,99,238,249,173,275,112,171
318,256,102,60,313,84,270,102,95,128,260,318,519,187,127,77,213,491,290,39,142,301,182,110,196,63,186,124,133,316,452,769,148,285,59,295,269,48,147,296,183,63,232,113,235,256,180,275,116,178
383,318,127,67,370,85,326,112,120,154,302,402,654,222,185,213,129,668,351,47,184,367,244,139,222,99,234,164,193,474,517,974,192,356,75,349,344,52,171,383,232,77,270,136,266,330,236,358,115,260
792,758,353,132,917,181,857,259,303,351,732,984,1449,574,459,491,668,832,906,95,510,905,498,369,596,211,602,424,452,1143,1353,2412,455,836,203,936,805,146,453,975,575,178,635,353,681,853,589,844,288,614
497,419,191,74,500,102,487,149,151,214,422,560,897,297,259,290,351,906,251,66,294,483,302,185,318,126,325,222,244,625,747,1479,276,458,95,488,471,76,263,522,331,106,387,186,393,461,285,535,163,367
73,54,27,7,77,18,79,20,34,36,52,74,102,50,34,39,47,95,66,3,42,64,16,15,27,15,36,25,27,71,106,170,35,52,14,69,55,10,25,72,42,16,51,26,46,51,35,62,21,40
326,252,94,59,286,73,289,87,106,124,232,307,509,170,116,142,184,510,294,42,65,318,161,109,164,70,175,129,122,333,463,769,148,304,59,271,273,40,138,301,162,58,224,93,210,242,174,320,95,187
526,446,202,86,510,131,509,160,176,214,440,578,924,310,290,301,367,905,483,64,318,236,296,176,351,156,362,245,236,613,742,1417,296,513,104,532,470,72,264,558,331,115,373,177,378,442,334,536,166,372
354,251,108,48,312,69,285,88,99,148,241,349,535,207,179,182,244,498,302,16,161,296,90,105,180,76,186,141,164,382,422,800,164,283,79,331,296,43,146,346,175,62,249,97,224,287,188,306,102,220
219,151,64,24,179,36,191,63,73,102,181,217,345,127,103,110,139,369,185,15,109,176,105,25,137,59,145,109,101,244,299,549,107,175,51,218,163,35,91,224,134,36,182,85,137,169,117,186,72,136
350,288,132,58,340,79,308,96,99,148,304,334,624,227,183,196,222,596,318,27,164,351,180,137,105,85,205,134,173,394,517,933,168,303,78,311,309,60,159,367,229,63,267,129,250,323,193,353,115,215
145,115,54,14,128,24,129,41,36,58,109,153,240,102,56,63,99,211,126,15,70,156,76,59,85,16,77,54,64,143,181,342,52,123,14,131,130,25,61,134,95,20,101,62,104,102,87,129,46,101
354,273,137,46,356,74,339,96,102,160,295,394,643,203,168,186,234,602,325,36,175,362,186,145,205,77,121,150,180,447,507,938,168,304,64,317,335,59,168,377,215,72,274,125,279,301,187,379,136,250
282,191,97,50,219,62,246,73,85,93,189,255,443,146,122,124,164,424,222,25,129,245,141,109,134,54,150,47,115,307,357,659,133,220,55,248,238,50,136,241,172,49,205,74,164,223,147,268,96,158
293,231,93,49,257,67,253,62,77,116,227,275,443,134,131,133,193,452,244,27,122,236,164,101,173,64,180,115,79,314,388,701,141,233,43,268,248,42,126,305,175,47,208,87,189,241,158,256,95,189
596,583,238,92,674,135,633,173,231,256,558,679,1171,378,321,316,474,1143,625,71,333,613,382,244,394,143,447,307,314,405,926,1825,362,604,155,644,555,96,337,704,421,129,456,242,514,590,370,664,237,436
670,657,330,115,796,171,709,241,242,290,679,858,1357,459,439,452,517,1353,747,106,463,742,422,299,517,181,507,357,388,926,547,2091,426,729,159,761,680,128,405,793,521,177,591,253,598,650,510,752,276,524
1233,1247,583,198,1410,278,1253,424,446,536,1108,1583,2369,886,724,769,974,2412,1479,170,769,1417,800,549,933,342,938,659,701,1825,2091,1834,728,1310,335,1466,1248,249,693,1457,946,299,970,496,1090,1269,879,1369,503,939
256,259,117,42,280,52,253,92,106,106,211,306,486,165,142,148,192,455,276,35,148,296,164,107,168,52,168,133,141,362,426,728,62,278,51,309,257,58,151,282,174,66,192,95,204,266,164,255,97,203
487,417,190,80,493,105,432,158,165,215,413,499,817,313,262,285,356,836,458,52,304,513,283,175,303,123,304,220,233,604,729,1310,278,226,109,489,453,78,243,496,325,89,327,157,363,455,292,457,164,305
122,96,53,14,108,27,95,38,33,36,82,127,214,72,78,59,75,203,95,14,59,104,79,51,78,14,64,55,43,155,159,335,51,109,10,124,100,22,55,120,76,27,79,40,94,105,83,106,28,66
484,460,190,73,543,106,463,156,179,231,480,607,905,338,285,295,349,936,488,69,271,532,331,218,311,131,317,248,268,644,761,1466,309,489,124,277,499,101,264,576,331,124,401,207,400,471,304,541,207,368
469,417,179,67,464,101,407,168,157,196,392,509,821,307,241,269,344,805,471,55,273,470,296,163,309,130,335,238,248,555,680,1248,257,453,100,499,191,77,250,497,304,106,363,183,370,445,296,489,178,317
94,66,26,19,94,22,73,24,23,29,77,91,156,61,42,48,52,146,76,10,40,72,43,35,60,25,59,50,42,96,128,249,58,78,22,101,77,8,42,85,50,7,52,34,62,83,56,115,29,55
270,193,87,38,245,68,239,70,72,94,220,278,448,162,135,147,171,453,263,25,138,264,146,91,159,61,168,136,126,337,405,693,151,243,55,264,250,42,63,277,158,63,180,90,197,247,153,264,90,158
441,491,227,88,536,123,528,178,194,214,478,571,965,348,264,296,383,975,522,72,301,558,346,224,367,134,377,241,305,704,793,1457,282,496,120,576,497,85,277,276,381,129,409,195,425,484,344,555,189,361
281,252,114,42,317,50,291,99,123,137,275,333,596,236,160,183,232,575,331,42,162,331,175,134,229,95,215,172,175,421,521,946,174,325,76,331,304,50,158,381,122,81,257,142,262,296,208,335,114,220
96,83,45,17,115,27,105,33,28,46,91,110,193,65,59,63,77,178,106,16,58,115,62,36,63,20,72,49,47,129,177,299,66,89,27,124,106,7,63,129,81,4,86,34,92,103,60,116,33,71
370,326,146,64,397,73,378,110,121,159,311,427,633,253,217,232,270,635,387,51,224,373,249,182,267,101,274,205,208,456,591,970,192,327,79,401,363,52,180,409,257,86,131,153,323,336,240,395,130,256
172,162,73,31,194,35,167,41,54,80,154,208,327,135,99,113,136,353,186,26,93,177,97,85,129,62,125,74,87,242,253,496,95,157,40,207,183,34,90,195,142,34,153,23,165,190,122,177,66,122
410,305,147,58,420,84,349,113,117,174,365,449,698,251,238,235,266,681,393,46,210,378,224,137,250,104,279,164,189,514,598,1090,204,363,94,400,370,62,197,425,262,92,323,165,163,393,222,431,156,271
411,402,206,76,458,93,485,135,174,184,402,517,844,295,249,256,330,853,461,51,242,442,287,169,323,102,301,223,241,590,650,1269,266,455,105,471,445,83,247,484,296,103,336,190,393,256,304,495,171,309
341,274,113,48,322,77,292,85,99,128,283,385,582,188,173,180,236,589,285,35,174,334,188,117,193,87,187,147,158,370,510,879,164,292,83,304,296,56,153,344,208,60,240,122,222,304,94,313,108,230
490,466,194,71,549,114,479,159,166,206,449,557,901,334,275,275,358,844,535,62,320,536,306,186,353,129,379,268,256,664,752,1369,255,457,106,541,489,115,264,555,335,116,395,177,431,495,313,296,166,336
177,157,81,27,192,44,166,52,70,70,148,203,323,127,112,116,115,288,163,21,95,166,102,72,115,46,136,96,95,237,276,503,97,164,28,207,178,29,90,189,114,33,130,66,156,171,108,166,26,127
379,292,136,56,343,79,313,110,117,155,287,370,619,240,171,178,260,614,367,40,187,372,220,136,215,101,250,158,189,436,524,939,203,305,66,368,317,55,158,361,220,71,256,122,271,309,230,336,127,119
