261,426,200,89,497,106,457,168,178,249,432,526,790,369,314,358,355,806,511,76,317,506,325,197,322,127,370,308,295,578,700,1161,236,454,97,493,511,76,262,465,317,104,374,183,391,437,315,493,180,367
426,191,174,72,441,102,446,121,149,196,398,502,806,279,211,256,285,796,468,56,230,442,255,171,269,108,275,188,219,544,645,1250,248,404,108,477,400,60,204,480,285,68,324,156,350,372,258,447,162,276
200,174,24,30,206,44,191,63,66,89,174,219,386,132,97,115,141,388,193,25,127,214,116,75,114,45,134,95,97,258,309,586,107,181,44,216,185,34,99,216,120,38,148,93,150,191,123,201,78,147
89,72,30,5,73,8,80,22,26,41,76,82,138,52,58,54,55,150,81,9,43,85,56,27,55,22,52,35,44,103,132,208,40,79,19,73,60,12,38,85,49,18,58,31,67,63,60,88,25,53
497,441,206,73,239,120,466,154,176,197,422,575,865,339,266,288,378,910,506,54,285,533,310,190,323,123,307,217,247,640,751,1472,263,487,134,552,486,69,240,535,321,105,383,203,387,489,301,518,180,313
106,102,44,8,120,7,99,34,31,48,90,128,171,69,73,67,78,208,120,18,60,106,80,36,80,40,81,53,64,155,168,308,51,101,30,111,84,11,59,119,83,25,74,44,93,90,79,110,32,64
457,446,191,80,466,99,245,154,156,219,409,503,808,348,272,290,349,835,468,53,264,480,315,177,296,140,350,217,264,587,726,1331,249,437,105,482,432,93,260,471,278,100,348,176,374,411,312,502,154,318
168,121,63,22,154,34,154,21,56,69,131,152,254,130,79,89,97,279,166,20,79,176,83,68,104,29,101,72,89,188,232,429,76,132,32,147,139,38,84,163,107,36,117,51,143,154,107,173,56,105
178,149,66,26,176,31,156,56,39,68,136,165,297,113,81,97,120,311,148,16,88,161,118,60,103,33,110,77,81,199,260,448,81,151,48,160,155,27,86,173,107,35,126,62,122,167,109,175,79,127
249,196,89,41,197,48,219,69,68,42,177,232,366,137,103,108,150,356,206,32,105,198,114,88,149,58,158,80,90,255,306,560,134,191,40,240,209,40,107,228,140,49,198,65,181,185,115,225,72,133
432,398,174,76,422,90,409,131,136,177,180,457,743,292,235,253,308,745,418,64,258,434,268,158,298,118,298,177,196,523,622,1150,234,381,103,457,393,74,216,482,271,101,330,151,369,375,270,454,147,281
526,502,219,82,575,128,503,152,165,232,457,322,993,349,287,361,439,1025,584,71,300,570,337,214,367,146,380,232,270,737,852,1497,317,530,137,568,481,91,263,573,382,115,426,200,434,539,347,586,210,324
790,806,386,138,865,171,808,254,297,366,743,993,776,579,499,544,645,1445,910,125,551,879,551,348,614,250,591,432,448,1181,1331,2334,447,853,196,947,767,146,427,930,603,183,727,327,704,818,561,969,291,593
369,279,132,52,339,69,348,130,113,137,292,349,579,92,177,193,221,555,347,40,195,356,212,131,250,97,262,162,183,402,530,887,194,322,62,319,311,51,169,376,211,58,246,121,283,294,242,365,131,231
314,211,97,58,266,73,272,79,81,103,235,287,499,177,75,145,181,491,283,32,143,260,174,113,180,72,186,133,138,359,399,784,164,253,54,250,251,42,134,289,178,54,234,88,220,244,184,293,112,188
358,256,115,54,288,67,290,89,97,108,253,361,544,193,145,86,202,506,294,35,165,294,164,119,191,72,200,128,144,349,451,833,176,257,69,293,281,40,160,316,185,58,252,95,235,259,188,331,121,192
355,285,141,55,378,78,349,97,120,150,308,439,645,221,181,202,140,659,364,60,202,366,233,141,213,107,239,181,175,467,531,1023,189,347,106,349,325,57,204,385,262,68,288,140,286,331,234,403,161,269
806,796,388,150,910,208,835,279,311,356,745,1025,1445,555,491,506,659,813,896,113,508,924,527,333,583,230,569,426,442,1120,1360,2380,457,887,206,937,810,146,448,934,591,188,683,320,766,824,565,934,321,598
511,468,193,81,506,120,468,166,148,206,418,584,910,347,283,294,364,896,244,58,272,445,334,204,345,130,353,256,267,634,690,1455,259,478,116,560,474,87,273,490,334,88,377,176,426,467,319,509,182,340
76,56,25,9,54,18,53,20,16,32,64,71,125,40,32,35,60,113,58,1,44,71,39,16,39,16,51,27,31,74,92,203,32,62,17,60,57,8,31,67,31,10,40,31,49,66,45,70,18,44
317,230,127,43,285,60,264,79,88,105,258,300,551,195,143,165,202,508,272,44,70,276,155,114,188,74,206,120,133,315,454,807,146,247,51,294,258,46,154,292,173,59,215,86,256,278,162,309,111,178
506,442,214,85,533,106,480,176,161,198,434,570,879,356,260,294,366,924,445,71,276,254,319,204,329,152,373,259,275,625,690,1430,273,491,125,577,479,76,255,492,314,105,421,176,419,464,334,512,185,342
325,255,116,56,310,80,315,83,118,114,268,337,551,212,174,164,233,527,334,39,155,319,90,107,203,76,209,140,136,355,431,854,155,311,54,282,285,47,180,336,190,64,234,110,236,279,201,311,118,211
197,171,75,27,190,36,177,68,60,88,158,214,348,131,113,119,141,333,204,16,114,204,107,36,117,49,156,93,102,231,281,563,82,184,48,204,189,40,110,238,139,52,144,79,153,181,114,200,72,137
322,269,114,55,323,80,296,104,103,149,298,367,614,250,180,191,213,583,345,39,188,329,203,117,99,91,225,144,126,399,502,979,168,310,83,344,313,59,167,354,222,72,268,115,224,292,206,369,115,211
127,108,45,22,123,40,140,29,33,58,118,146,250,97,72,72,107,230,130,16,74,152,76,49,91,23,90,67,64,158,207,390,68,128,29,124,142,26,55,147,83,18,104,55,98,108,77,137,38,84
370,275,134,52,307,81,350,101,110,158,298,380,591,262,186,200,239,569,353,51,206,373,209,156,225,90,120,163,153,395,493,964,157,326,96,356,360,57,185,385,234,66,272,137,266,303,198,399,134,215
308,188,95,35,217,53,217,72,77,80,177,232,432,162,133,128,181,426,256,27,120,259,140,93,144,67,163,58,107,273,375,699,153,212,59,245,231,30,116,236,137,48,177,79,190,222,137,256,87,153
295,219,97,44,247,64,264,89,81,90,196,270,448,183,138,144,175,442,267,31,133,275,136,102,126,64,153,107,58,342,423,796,130,246,48,278,267,46,123,274,187,62,212,97,194,249,152,236,80,155
578,544,258,103,640,155,587,188,199,255,523,737,1181,402,359,349,467,1120,634,74,315,625,355,231,399,158,395,273,342,412,942,1785,355,587,145,642,591,100,286,709,413,126,468,229,502,585,404,646,232,395
700,645,309,132,751,168,726,232,260,306,622,852,1331,530,399,451,531,1360,690,92,454,690,431,281,502,207,493,375,423,942,553,2038,408,672,160,788,695,112,358,742,467,143,582,269,608,687,482,767,277,473
1161,1250,586,208,1472,308,1331,429,448,560,1150,1497,2334,887,784,833,1023,2380,1455,203,807,1430,854,563,979,390,964,699,796,1785,2038,1826,724,1320,309,1485,1248,256,679,1396,882,281,1026,519,1179,1217,900,1407,499,931
236,248,107,40,263,51,249,76,81,134,234,317,447,194,164,176,189,457,259,32,146,273,155,82,168,68,157,153,130,355,408,724,67,268,69,296,237,51,135,274,183,52,198,98,191,231,161,298,93,187
454,404,181,79,487,101,437,132,151,191,381,530,853,322,253,257,347,887,478,62,247,491,311,184,310,128,326,212,246,587,672,1320,268,213,104,492,451,74,241,479,301,97,351,179,362,429,311,492,186,308
97,108,44,19,134,30,105,32,48,40,103,137,196,62,54,69,106,206,116,17,51,125,54,48,83,29,96,59,48,145,160,309,69,104,9,117,119,17,50,116,70,16,89,39,97,103,78,130,35,67
493,477,216,73,552,111,482,147,160,240,457,568,947,319,250,293,349,937,560,60,294,577,282,204,344,124,356,245,278,642,788,1485,296,492,117,270,507,85,270,553,350,109,404,201,433,476,330,603,207,370
511,400,185,60,486,84,432,139,155,209,393,481,767,311,251,281,325,810,474,57,258,479,285,189,313,142,360,231,267,591,695,1248,237,451,119,507,214,104,218,478,298,98,331,169,379,399,298,490,164,315
76,60,34,12,69,11,93,38,27,40,74,91,146,51,42,40,57,146,87,8,46,76,47,40,59,26,57,30,46,100,112,256,51,74,17,85,104,8,33,98,48,15,63,28,85,75,40,94,30,69
262,204,99,38,240,59,260,84,86,107,216,263,427,169,134,160,204,448,273,31,154,255,180,110,167,55,185,116,123,286,358,679,135,241,50,270,218,33,79,268,171,58,200,95,214,233,177,265,92,182
465,480,216,85,535,119,471,163,173,228,482,573,930,376,289,316,385,934,490,67,292,492,336,238,354,147,385,236,274,709,742,1396,274,479,116,553,478,98,268,281,328,104,400,218,430,483,318,541,143,342
317,285,120,49,321,83,278,107,107,140,271,382,603,211,178,185,262,591,334,31,173,314,190,139,222,83,234,137,187,413,467,882,183,301,70,350,298,48,171,328,93,68,233,142,266,306,213,298,100,200
104,68,38,18,105,25,100,36,35,49,101,115,183,58,54,58,68,188,88,10,59,105,64,52,72,18,66,48,62,126,143,281,52,97,16,109,98,15,58,104,68,8,82,45,79,97,70,106,33,81
374,324,148,58,383,74,348,117,126,198,330,426,727,246,234,252,288,683,377,40,215,421,234,144,268,104,272,177,212,468,582,1026,198,351,89,404,331,63,200,400,233,82,133,131,313,373,252,390,124,257
183,156,93,31,203,44,176,51,62,65,151,200,327,121,88,95,140,320,176,31,86,176,110,79,115,55,137,79,97,229,269,519,98,179,39,201,169,28,95,218,142,45,131,26,143,185,98,203,87,125
391,350,150,67,387,93,374,143,122,181,369,434,704,283,220,235,286,766,426,49,256,419,236,153,224,98,266,190,194,502,608,1179,191,362,97,433,379,85,214,430,266,79,313,143,153,360,265,447,148,266
437,372,191,63,489,90,411,154,167,185,375,539,818,294,244,259,331,824,467,66,278,464,279,181,292,108,303,222,249,585,687,1217,231,429,103,476,399,75,233,483,306,97,373,185,360,198,325,461,167,294
315,258,123,60,301,79,312,107,109,115,270,347,561,242,184,188,234,565,319,45,162,334,201,114,206,77,198,137,152,404,482,900,161,311,78,330,298,40,177,318,213,70,252,98,265,325,103,354,127,239
493,447,201,88,518,110,502,173,175,225,454,586,969,365,293,331,403,934,509,70,309,512,311,200,369,137,399,256,236,646,767,1407,298,492,130,603,490,94,265,541,298,106,390,203,447,461,354,268,180,351
180,162,78,25,180,32,154,56,79,72,147,210,291,131,112,121,161,321,182,18,111,185,118,72,115,38,134,87,80,232,277,499,93,186,35,207,164,30,92,143,100,33,124,87,148,167,127,180,28,130
367,276,147,53,313,64,318,105,127,133,281,324,593,231,188,192,269,598,340,44,178,342,211,137,211,84,215,153,155,395,473,931,187,308,67,370,315,69,182,342,200,81,257,125,266,294,239,351,130,95
