275,427,193,83,511,97,464,183,162,239,449,500,802,387,344,345,374,825,491,70,305,516,343,209,397,135,348,276,311,584,684,1190,263,486,96,532,473,90,276,480,323,106,333,183,447,457,375,465,170,367
427,177,159,72,468,98,408,145,127,176,361,464,794,291,225,240,359,739,436,56,215,445,259,184,267,110,280,199,220,532,644,1150,245,392,88,490,396,70,224,481,301,88,297,174,336,443,275,413,146,295
193,159,38,36,195,41,202,59,68,91,186,218,364,124,108,112,140,382,188,28,122,204,130,85,156,47,135,88,95,256,310,581,121,170,38,191,217,47,93,207,130,36,185,72,195,200,137,214,80,129
83,72,36,6,71,18,69,25,21,33,63,91,145,58,39,46,53,141,92,12,50,89,57,27,60,23,62,40,56,99,134,211,46,73,21,81,76,13,51,80,48,16,54,24,70,79,58,92,32,56
511,468,195,71,248,105,467,151,159,209,440,622,929,291,271,326,366,895,552,54,327,518,290,184,352,112,321,278,270,641,801,1430,259,509,101,562,491,80,263,527,362,112,368,158,399,453,300,527,179,354
97,98,41,18,105,9,102,38,29,35,80,122,171,65,60,63,80,184,108,17,66,114,63,40,73,37,90,65,62,139,174,272,49,82,25,148,97,18,57,117,78,19,68,31,84,110,68,123,36,75
464,408,202,69,467,102,231,144,148,198,409,520,843,327,254,276,359,836,469,56,266,509,279,186,341,137,353,228,260,624,754,1329,250,432,116,505,419,82,231,493,304,87,330,190,389,435,298,494,150,331
183,145,59,25,151,38,144,25,51,68,141,178,311,97,78,93,113,279,171,24,71,157,92,48,97,36,104,74,86,201,222,470,80,149,39,166,139,27,67,175,87,32,116,74,114,143,68,163,59,97
162,127,68,21,159,29,148,51,35,71,132,196,268,96,83,82,111,282,157,22,84,167,108,64,105,38,108,92,94,227,250,464,80,163,26,175,141,25,87,189,120,27,114,61,142,155,96,170,54,99
239,176,91,33,209,35,198,68,71,44,155,215,366,140,110,112,153,378,213,22,121,212,145,81,138,60,141,120,128,263,331,571,106,206,39,201,180,33,94,213,120,35,139,88,170,199,127,213,57,144
449,361,186,63,440,80,409,141,132,155,190,492,763,277,239,228,312,744,422,52,232,408,287,163,261,132,288,234,214,483,629,1158,236,398,94,465,403,65,221,446,268,85,307,179,345,418,294,461,140,297
500,464,218,91,622,122,520,178,196,215,492,314,987,366,303,327,430,1035,538,67,298,564,339,219,387,133,388,246,272,752,846,1562,300,508,127,599,501,87,282,609,354,114,453,219,440,498,342,593,186,388
802,794,364,145,929,171,843,311,268,366,763,987,775,610,460,513,669,1446,925,114,483,899,536,372,599,249,625,394,462,1180,1338,2410,458,871,201,972,849,152,466,985,601,188,695,340,704,851,593,952,315,599
387,291,124,58,291,65,327,97,96,140,277,366,610,109,180,189,251,588,316,45,166,346,191,128,207,93,219,156,164,398,490,930,170,320,72,326,295,50,160,351,218,62,227,128,261,284,214,371,112,258
344,225,108,39,271,60,254,78,83,110,239,303,460,180,69,152,211,441,252,32,141,279,158,116,181,78,200,118,129,313,392,794,149,233,64,296,254,41,145,293,180,48,221,97,223,247,165,286,96,181
345,240,112,46,326,63,276,93,82,112,228,327,513,189,152,83,219,514,287,43,166,319,187,124,181,70,199,125,137,377,444,860,185,304,65,285,276,50,162,327,190,55,259,112,240,264,189,304,111,201
374,359,140,53,366,80,359,113,111,153,312,430,669,251,211,219,117,665,378,34,190,385,237,155,236,87,246,165,181,483,519,990,203,334,79,394,331,77,170,379,249,69,263,147,288,368,213,383,143,242
825,739,382,141,895,184,836,279,282,378,744,1035,1446,588,441,514,665,773,906,114,457,917,547,331,599,229,589,443,449,1119,1354,2409,491,845,193,971,829,167,479,922,592,191,667,325,677,827,555,925,304,616
491,436,188,92,552,108,469,171,157,213,422,538,925,316,252,287,378,906,242,71,255,465,311,201,338,126,323,233,249,586,773,1461,275,464,108,534,455,106,284,538,345,98,380,195,411,465,316,500,195,331
70,56,28,12,54,17,56,24,22,22,52,67,114,45,32,43,34,114,71,1,38,49,20,17,37,13,38,20,32,82,100,172,33,66,14,58,69,3,27,62,34,10,49,18,57,67,39,53,17,44
305,215,122,50,327,66,266,71,84,121,232,298,483,166,141,166,190,457,255,38,77,256,155,108,181,58,180,138,131,347,395,759,156,294,58,268,254,42,125,285,196,54,227,77,217,253,175,273,98,200
516,445,204,89,518,114,509,157,167,212,408,564,899,346,279,319,385,917,465,49,256,255,322,206,358,137,352,256,261,645,748,1450,282,470,120,540,441,95,302,515,354,117,381,213,427,456,337,526,185,334
343,259,130,57,290,63,279,92,108,145,287,339,536,191,158,187,237,547,311,20,155,322,90,134,185,69,193,150,188,352,495,856,147,285,80,329,312,49,145,361,180,62,245,117,222,306,181,338,120,205
209,184,85,27,184,40,186,48,64,81,163,219,372,128,116,124,155,331,201,17,108,206,134,30,118,60,149,107,98,237,289,516,97,178,38,218,183,33,93,216,130,32,145,84,143,174,119,217,76,151
397,267,156,60,352,73,341,97,105,138,261,387,599,207,181,181,236,599,338,37,181,358,185,118,106,75,199,164,167,404,496,921,186,294,62,360,337,48,165,348,215,62,225,121,277,313,209,353,109,218
135,110,47,23,112,37,137,36,38,60,132,133,249,93,78,70,87,229,126,13,58,137,69,60,75,15,83,56,62,142,190,361,82,115,24,128,120,17,61,135,79,28,98,56,110,119,96,149,39,102
348,280,135,62,321,90,353,104,108,141,288,388,625,219,200,199,246,589,323,38,180,352,193,149,199,83,127,165,163,408,494,958,190,335,77,335,343,45,147,381,201,73,244,145,277,318,214,361,114,225
276,199,88,40,278,65,228,74,92,120,234,246,394,156,118,125,165,443,233,20,138,256,150,107,164,56,165,40,135,307,377,682,118,242,65,234,240,33,144,244,176,56,181,76,194,205,139,245,95,154
311,220,95,56,270,62,260,86,94,128,214,272,462,164,129,137,181,449,249,32,131,261,188,98,167,62,163,135,67,318,358,727,132,238,49,243,250,36,137,267,165,46,223,92,206,201,143,279,93,172
584,532,256,99,641,139,624,201,227,263,483,752,1180,398,313,377,483,1119,586,82,347,645,352,237,404,142,408,307,318,409,978,1867,341,611,152,645,630,115,331,674,431,147,461,248,512,625,386,653,248,442
684,644,310,134,801,174,754,222,250,331,629,846,1338,490,392,444,519,1354,773,100,395,748,495,289,496,190,494,377,358,978,518,2122,405,684,164,817,693,123,380,829,489,154,588,305,581,707,482,804,264,499
1190,1150,581,211,1430,272,1329,470,464,571,1158,1562,2410,930,794,860,990,2409,1461,172,759,1450,856,516,921,361,958,682,727,1867,2122,1911,689,1318,323,1534,1233,261,664,1479,974,288,1013,535,1061,1297,874,1376,470,922
263,245,121,46,259,49,250,80,80,106,236,300,458,170,149,185,203,491,275,33,156,282,147,97,186,82,190,118,132,341,405,689,61,249,63,324,289,38,117,296,179,46,204,98,229,234,184,297,94,163
486,392,170,73,509,82,432,149,163,206,398,508,871,320,233,304,334,845,464,66,294,470,285,178,294,115,335,242,238,611,684,1318,249,221,108,483,426,80,248,495,307,96,366,172,381,443,294,481,185,321
96,88,38,21,101,25,116,39,26,39,94,127,201,72,64,65,79,193,108,14,58,120,80,38,62,24,77,65,49,152,164,323,63,108,15,126,107,16,67,131,70,29,82,42,87,103,59,133,46,70
532,490,191,81,562,148,505,166,175,201,465,599,972,326,296,285,394,971,534,58,268,540,329,218,360,128,335,234,243,645,817,1534,324,483,126,290,485,89,288,595,351,126,418,186,422,528,337,542,217,376
473,396,217,76,491,97,419,139,141,180,403,501,849,295,254,276,331,829,455,69,254,441,312,183,337,120,343,240,250,630,693,1233,289,426,107,485,198,69,235,480,316,96,356,160,370,428,313,484,180,330
90,70,47,13,80,18,82,27,25,33,65,87,152,50,41,50,77,167,106,3,42,95,49,33,48,17,45,33,36,115,123,261,38,80,16,89,69,5,60,108,78,17,68,23,57,73,55,86,28,51
276,224,93,51,263,57,231,67,87,94,221,282,466,160,145,162,170,479,284,27,125,302,145,93,165,61,147,144,137,331,380,664,117,248,67,288,235,60,49,282,176,45,178,100,188,253,161,255,88,151
480,481,207,80,527,117,493,175,189,213,446,609,985,351,293,327,379,922,538,62,285,515,361,216,348,135,381,244,267,674,829,1479,296,495,131,595,480,108,282,283,303,108,379,236,432,466,358,539,192,395
323,301,130,48,362,78,304,87,120,120,268,354,601,218,180,190,249,592,345,34,196,354,180,130,215,79,201,176,165,431,489,974,179,307,70,351,316,78,176,303,108,93,243,116,250,305,179,344,111,209
106,88,36,16,112,19,87,32,27,35,85,114,188,62,48,55,69,191,98,10,54,117,62,32,62,28,73,56,46,147,154,288,46,96,29,126,96,17,45,108,93,17,76,35,68,108,61,102,41,70
333,297,185,54,368,68,330,116,114,139,307,453,695,227,221,259,263,667,380,49,227,381,245,145,225,98,244,181,223,461,588,1013,204,366,82,418,356,68,178,379,243,76,135,156,316,337,237,368,123,243
183,174,72,24,158,31,190,74,61,88,179,219,340,128,97,112,147,325,195,18,77,213,117,84,121,56,145,76,92,248,305,535,98,172,42,186,160,23,100,236,116,35,156,33,161,186,131,175,53,151
447,336,195,70,399,84,389,114,142,170,345,440,704,261,223,240,288,677,411,57,217,427,222,143,277,110,277,194,206,512,581,1061,229,381,87,422,370,57,188,432,250,68,316,161,167,398,255,430,146,307
457,443,200,79,453,110,435,143,155,199,418,498,851,284,247,264,368,827,465,67,253,456,306,174,313,119,318,205,201,625,707,1297,234,443,103,528,428,73,253,466,305,108,337,186,398,218,278,483,174,343
375,275,137,58,300,68,298,68,96,127,294,342,593,214,165,189,213,555,316,39,175,337,181,119,209,96,214,139,143,386,482,874,184,294,59,337,313,55,161,358,179,61,237,131,255,278,108,343,120,235
465,413,214,92,527,123,494,163,170,213,461,593,952,371,286,304,383,925,500,53,273,526,338,217,353,149,361,245,279,653,804,1376,297,481,133,542,484,86,255,539,344,102,368,175,430,483,343,267,191,360
170,146,80,32,179,36,150,59,54,57,140,186,315,112,96,111,143,304,195,17,98,185,120,76,109,39,114,95,93,248,264,470,94,185,46,217,180,28,88,192,111,41,123,53,146,174,120,191,26,123
367,295,129,56,354,75,331,97,99,144,297,388,599,258,181,201,242,616,331,44,200,334,205,151,218,102,225,154,172,442,499,922,163,321,70,376,330,51,151,395,209,70,243,151,307,343,235,360,123,132
