273,476,203,89,536,102,511,191,176,276,460,482,834,382,318,355,358,836,510,71,345,558,335,218,396,138,374,300,318,643,704,1125,248,495,94,501,466,94,259,485,294,119,342,177,461,422,339,515,157,377
476,187,162,78,450,115,432,136,132,189,368,516,818,266,215,224,303,755,427,61,215,441,260,191,275,98,302,201,197,522,678,1212,259,424,112,425,406,78,204,484,308,81,319,163,331,433,260,429,162,267
203,162,28,39,191,30,176,57,52,85,173,229,358,115,96,90,156,353,209,18,110,203,115,74,123,45,130,95,102,245,288,545,106,170,45,203,187,27,92,224,118,30,135,73,149,181,112,200,84,131
89,78,39,4,81,15,65,28,29,35,77,87,165,57,45,52,66,150,87,13,43,82,55,27,54,26,61,53,30,109,133,236,39,70,20,97,72,14,34,83,53,17,69,32,63,78,64,79,26,51
536,450,191,81,242,107,450,156,163,206,426,572,875,322,290,275,370,895,520,75,265,558,289,204,353,135,364,206,276,655,767,1418,271,438,113,568,488,81,265,555,327,111,392,213,407,455,301,462,191,342
102,115,30,15,107,8,103,32,41,46,105,122,218,73,55,71,83,196,109,19,56,102,77,42,73,35,80,62,43,165,168,324,50,98,23,118,95,16,60,114,67,17,73,48,83,105,75,110,39,64
511,432,176,65,450,103,238,156,142,195,418,559,887,323,249,257,333,894,473,59,304,443,272,211,331,128,339,229,234,606,744,1374,277,432,120,495,459,71,235,512,310,85,374,180,396,471,300,492,176,329
191,136,57,28,156,32,156,27,43,67,125,134,273,116,88,98,111,257,156,19,74,147,96,52,83,39,90,79,86,177,234,425,81,144,33,153,140,21,68,168,99,29,133,65,111,134,88,151,63,115
176,132,52,29,163,41,142,43,20,67,154,203,308,105,90,86,119,299,167,27,87,166,93,57,101,44,98,58,73,231,255,494,89,157,40,148,140,25,83,171,117,45,137,58,126,160,96,188,72,125
276,189,85,35,206,46,195,67,67,45,170,243,384,150,104,108,147,340,208,26,128,204,125,77,139,52,137,99,99,254,301,573,107,197,42,207,205,33,103,206,132,31,190,64,153,198,112,239,74,154
460,368,173,77,426,105,418,125,154,170,173,444,770,283,237,257,323,773,425,58,230,429,250,177,294,107,305,207,224,559,611,1187,227,416,107,430,434,60,229,456,282,67,334,150,335,377,265,477,156,301
482,516,229,87,572,122,559,134,203,243,444,357,1036,362,298,309,420,1042,580,74,326,594,343,220,380,159,382,279,274,680,842,1608,314,524,129,596,509,85,286,621,380,104,416,200,451,523,370,559,218,381
834,818,358,165,875,218,887,273,308,384,770,1036,811,560,479,525,675,1456,894,106,516,942,539,382,581,264,653,406,460,1068,1361,2512,484,823,219,991,823,133,445,949,596,197,688,339,703,811,548,934,344,631
382,266,115,57,322,73,323,116,105,150,283,362,560,115,175,176,233,585,316,24,163,315,186,152,225,85,221,151,149,382,471,937,171,276,72,344,335,70,166,365,219,62,260,127,268,293,203,330,109,216
318,215,96,45,290,55,249,88,90,104,237,298,479,175,69,135,215,461,295,32,142,307,162,118,163,65,181,112,126,308,422,751,130,236,50,305,272,50,161,292,181,50,230,109,191,249,142,260,88,170
355,224,90,52,275,71,257,98,86,108,257,309,525,176,135,75,219,525,311,34,152,332,168,133,185,74,195,117,138,347,453,816,160,250,61,304,290,44,138,329,190,55,243,108,233,263,157,278,123,195
358,303,156,66,370,83,333,111,119,147,323,420,675,233,215,219,110,639,330,46,214,348,195,134,264,91,228,169,183,474,578,1009,193,330,84,357,318,76,176,361,216,86,270,128,293,350,230,372,127,241
836,755,353,150,895,196,894,257,299,340,773,1042,1456,585,461,525,639,848,876,103,530,926,557,346,574,239,644,427,467,1087,1359,2481,469,820,221,963,850,156,428,941,624,220,706,343,724,813,547,962,335,630
510,427,209,87,520,109,473,156,167,208,425,580,894,316,295,311,330,876,239,57,294,483,311,199,332,136,346,238,245,667,765,1418,277,498,126,513,480,84,236,496,342,112,351,177,400,465,345,532,199,311
71,61,18,13,75,19,59,19,27,26,58,74,106,24,32,34,46,103,57,3,37,51,41,15,35,14,39,32,28,67,83,184,36,56,15,77,57,8,27,67,43,12,54,20,43,52,40,70,28,46
345,215,110,43,265,56,304,74,87,128,230,326,516,163,142,152,214,530,294,37,63,297,176,116,187,68,170,114,135,339,415,789,176,286,57,294,271,37,144,347,194,69,238,108,242,236,159,304,110,179
558,441,203,82,558,102,443,147,166,204,429,594,942,315,307,332,348,926,483,51,297,268,294,181,340,138,345,235,247,685,753,1459,287,473,120,592,461,88,252,534,351,112,360,189,382,494,324,537,183,329
335,260,115,55,289,77,272,96,93,125,250,343,539,186,162,168,195,557,311,41,176,294,73,101,194,68,207,145,149,356,456,867,182,277,65,312,278,57,151,315,198,58,242,119,227,290,189,305,106,198
218,191,74,27,204,42,211,52,57,77,177,220,382,152,118,133,134,346,199,15,116,181,101,40,138,60,140,101,82,251,280,564,103,191,43,201,189,34,87,209,138,32,160,65,166,193,117,218,67,132
396,275,123,54,353,73,331,83,101,139,294,380,581,225,163,185,264,574,332,35,187,340,194,138,125,83,218,147,154,396,519,926,190,310,86,328,332,53,161,365,209,61,258,128,241,310,213,369,127,241
138,98,45,26,135,35,128,39,44,52,107,159,264,85,65,74,91,239,136,14,68,138,68,60,83,15,69,67,66,162,189,341,72,117,34,105,131,20,48,143,82,27,111,38,89,130,73,138,47,100
374,302,130,61,364,80,339,90,98,137,305,382,653,221,181,195,228,644,346,39,170,345,207,140,218,69,93,161,179,407,518,936,206,335,82,319,358,72,141,385,240,58,273,124,279,330,199,357,132,232
300,201,95,53,206,62,229,79,58,99,207,279,406,151,112,117,169,427,238,32,114,235,145,101,147,67,161,63,131,290,343,659,130,226,51,246,237,36,129,218,162,48,174,79,192,204,138,229,102,167
318,197,102,30,276,43,234,86,73,99,224,274,460,149,126,138,183,467,245,28,135,247,149,82,154,66,179,131,57,328,370,685,151,229,56,290,222,45,131,280,156,50,172,87,196,242,158,262,91,159
643,522,245,109,655,165,606,177,231,254,559,680,1068,382,308,347,474,1087,667,67,339,685,356,251,396,162,407,290,328,366,1021,1837,344,587,140,681,596,105,304,689,434,144,466,220,496,609,381,690,242,450
704,678,288,133,767,168,744,234,255,301,611,842,1361,471,422,453,578,1359,765,83,415,753,456,280,519,189,518,343,370,1021,607,2140,398,679,175,831,703,133,391,749,501,157,564,271,623,703,477,812,259,498
1125,1212,545,236,1418,324,1374,425,494,573,1187,1608,2512,937,751,816,1009,2481,1418,184,789,1459,867,564,926,341,936,659,685,1837,2140,1963,721,1287,307,1552,1322,244,736,1438,919,300,1053,542,1141,1259,891,1485,514,948
248,259,106,39,271,50,277,81,89,107,227,314,484,171,130,160,193,469,277,36,176,287,182,103,190,72,206,130,151,344,398,721,70,270,63,320,259,40,130,278,164,66,212,93,215,233,179,290,92,177
495,424,170,70,438,98,432,144,157,197,416,524,823,276,236,250,330,820,498,56,286,473,277,191,310,117,335,226,229,587,679,1287,270,208,99,502,445,84,229,520,318,92,353,170,343,402,291,460,168,295
94,112,45,20,113,23,120,33,40,42,107,129,219,72,50,61,84,221,126,15,57,120,65,43,86,34,82,51,56,140,175,307,63,99,12,99,121,18,57,128,71,23,87,44,88,120,86,124,43,78
501,425,203,97,568,118,495,153,148,207,430,596,991,344,305,304,357,963,513,77,294,592,312,201,328,105,319,246,290,681,831,1552,320,502,99,255,489,107,265,554,340,105,390,187,440,556,310,575,193,351
466,406,187,72,488,95,459,140,140,205,434,509,823,335,272,290,318,850,480,57,271,461,278,189,332,131,358,237,222,596,703,1322,259,445,121,489,202,91,223,509,311,93,357,163,394,413,311,460,177,311
94,78,27,14,81,16,71,21,25,33,60,85,133,70,50,44,76,156,84,8,37,88,57,34,53,20,72,36,45,105,133,244,40,84,18,107,91,6,37,93,60,19,60,27,66,82,53,100,42,57
259,204,92,34,265,60,235,68,83,103,229,286,445,166,161,138,176,428,236,27,144,252,151,87,161,48,141,129,131,304,391,736,130,229,57,265,223,37,53,258,158,43,191,94,204,246,160,227,95,151
485,484,224,83,555,114,512,168,171,206,456,621,949,365,292,329,361,941,496,67,347,534,315,209,365,143,385,218,280,689,749,1438,278,520,128,554,509,93,258,277,359,93,384,183,414,481,329,532,203,345
294,308,118,53,327,67,310,99,117,132,282,380,596,219,181,190,216,624,342,43,194,351,198,138,209,82,240,162,156,434,501,919,164,318,71,340,311,60,158,359,134,65,260,138,264,290,226,359,138,214
119,81,30,17,111,17,85,29,45,31,67,104,197,62,50,55,86,220,112,12,69,112,58,32,61,27,58,48,50,144,157,300,66,92,23,105,93,19,43,93,65,13,92,38,75,109,61,107,42,59
342,319,135,69,392,73,374,133,137,190,334,416,688,260,230,243,270,706,351,54,238,360,242,160,258,111,273,174,172,466,564,1053,212,353,87,390,357,60,191,384,260,92,133,135,293,358,255,378,143,271
177,163,73,32,213,48,180,65,58,64,150,200,339,127,109,108,128,343,177,20,108,189,119,65,128,38,124,79,87,220,271,542,93,170,44,187,163,27,94,183,138,38,135,29,163,168,111,192,62,120
461,331,149,63,407,83,396,111,126,153,335,451,703,268,191,233,293,724,400,43,242,382,227,166,241,89,279,192,196,496,623,1141,215,343,88,440,394,66,204,414,264,75,293,163,164,358,237,429,141,278
422,433,181,78,455,105,471,134,160,198,377,523,811,293,249,263,350,813,465,52,236,494,290,193,310,130,330,204,242,609,703,1259,233,402,120,556,413,82,246,481,290,109,358,168,358,195,320,485,167,326
339,260,112,64,301,75,300,88,96,112,265,370,548,203,142,157,230,547,345,40,159,324,189,117,213,73,199,138,158,381,477,891,179,291,86,310,311,53,160,329,226,61,255,111,237,320,96,329,114,194
515,429,200,79,462,110,492,151,188,239,477,559,934,330,260,278,372,962,532,70,304,537,305,218,369,138,357,229,262,690,812,1485,290,460,124,575,460,100,227,532,359,107,378,192,429,485,329,255,185,364
157,162,84,26,191,39,176,63,72,74,156,218,344,109,88,123,127,335,199,28,110,183,106,67,127,47,132,102,91,242,259,514,92,168,43,193,177,42,95,203,138,42,143,62,141,167,114,185,35,129
377,267,131,51,342,64,329,115,125,154,301,381,631,216,170,195,241,630,311,46,179,329,198,132,241,100,232,167,159,450,498,948,177,295,78,351,311,57,151,345,214,59,271,120,278,326,194,364,129,125
