272,459,203,90,505,112,475,205,159,249,415,502,790,372,297,310,372,809,467,75,329,507,343,212,363,158,376,276,319,618,631,1120,250,502,108,489,475,78,280,468,334,96,380,159,413,430,321,505,145,361
459,184,157,77,440,97,420,138,138,173,373,483,786,290,235,256,295,818,450,51,239,452,228,178,275,100,297,210,236,506,621,1252,239,406,95,446,429,68,239,426,293,103,324,151,370,401,299,458,162,280
203,157,37,37,211,44,193,52,66,86,172,218,363,113,91,114,133,377,219,21,95,207,134,74,143,51,136,101,95,246,295,556,113,195,40,198,178,32,82,221,131,41,130,81,175,194,133,213,79,126
90,77,37,6,78,14,73,30,40,40,64,96,125,56,56,44,52,137,84,8,47,85,55,33,67,26,67,41,65,86,140,217,42,75,11,91,67,10,37,92,55,18,59,35,76,73,57,82,37,63
505,440,211,78,263,119,487,166,169,223,442,561,911,324,244,293,381,957,539,71,295,500,303,213,314,119,329,234,270,664,800,1408,286,468,130,565,481,91,277,548,345,107,357,174,396,469,321,537,184,358
112,97,44,14,119,8,104,44,39,54,101,123,161,85,75,69,69,173,123,13,72,124,68,47,77,38,85,53,69,119,175,281,52,100,21,110,94,13,55,111,69,25,80,42,92,105,79,106,45,79
475,420,193,73,487,104,237,169,175,190,426,524,850,324,290,303,359,877,483,61,283,504,304,193,331,125,341,210,265,608,712,1373,307,442,106,495,431,74,269,484,290,105,381,170,393,445,331,476,189,323
205,138,52,30,166,44,169,27,46,55,158,175,283,108,71,84,125,265,161,20,70,165,88,64,91,37,101,74,87,198,232,431,74,160,28,163,165,21,86,164,108,35,117,56,121,149,71,170,52,98
159,138,66,40,169,39,175,46,24,57,153,184,276,112,105,110,114,306,169,21,80,179,111,75,141,50,110,65,101,197,268,472,117,150,42,173,148,25,81,181,108,32,104,65,146,158,104,165,66,103
249,173,86,40,223,54,190,55,57,44,158,236,358,142,128,129,133,368,216,29,114,202,98,89,126,42,149,105,115,231,287,564,95,202,47,210,187,36,109,212,150,43,180,67,155,203,109,213,84,129
415,373,172,64,442,101,426,158,153,158,158,457,736,274,229,252,286,703,421,45,231,400,217,178,238,106,292,197,245,536,609,1160,214,380,104,428,404,69,216,445,268,83,335,160,334,364,255,440,172,253
502,483,218,96,561,123,524,175,184,236,457,288,1008,344,333,322,355,1045,560,62,286,578,349,225,375,146,367,252,316,740,841,1585,310,533,156,550,502,121,256,553,370,105,424,212,436,508,397,556,206,370
790,786,363,125,911,161,850,283,276,358,736,1008,780,602,475,525,636,1471,932,111,522,906,509,354,596,223,614,403,448,1167,1287,2401,466,815,211,908,833,166,446,925,564,214,723,355,704,775,598,924,310,557
372,290,113,56,324,85,324,108,112,142,274,344,602,98,164,181,251,571,330,40,193,337,199,139,234,80,208,141,151,413,495,915,192,283,71,357,302,65,184,355,203,72,242,125,262,296,192,352,148,222
297,235,91,56,244,75,290,71,105,128,229,333,475,164,63,131,190,477,257,37,149,281,166,107,175,63,180,127,113,327,417,756,150,259,53,269,263,46,115,246,151,52,204,112,200,255,189,262,110,197
310,256,114,44,293,69,303,84,110,129,252,322,525,181,131,85,187,533,275,38,150,323,163,124,199,65,168,137,152,350,476,859,167,269,76,266,297,40,117,292,171,40,237,132,228,300,172,292,114,192
372,295,133,52,381,69,359,125,114,133,286,355,636,251,190,187,124,609,357,56,223,369,210,151,241,87,263,181,209,443,557,998,202,320,77,401,316,60,205,416,244,77,273,122,311,342,237,379,127,230
809,818,377,137,957,173,877,265,306,368,703,1045,1471,571,477,533,609,838,890,109,513,941,532,360,615,255,660,409,454,1122,1334,2389,481,792,203,940,835,149,453,947,592,184,686,378,741,838,585,931,306,582
467,450,219,84,539,123,483,161,169,216,421,560,932,330,257,275,357,890,253,74,300,482,324,198,341,114,356,214,261,641,748,1389,252,469,103,539,479,101,247,544,281,99,399,194,406,496,317,499,195,357
75,51,21,8,71,13,61,20,21,29,45,62,111,40,37,38,56,109,74,2,40,54,37,22,39,10,35,36,26,79,102,190,38,58,19,58,62,11,34,63,42,15,50,22,59,63,45,68,26,45
329,239,95,47,295,72,283,70,80,114,231,286,522,193,149,150,223,513,300,40,84,309,180,118,208,64,197,115,145,339,426,818,141,228,43,314,259,36,146,333,185,51,215,95,236,275,168,319,108,155
507,452,207,85,500,124,504,165,179,202,400,578,906,337,281,323,369,941,482,54,309,275,327,201,326,125,337,236,242,666,750,1432,248,474,118,560,492,98,277,524,337,120,376,191,403,509,319,544,204,377
343,228,134,55,303,68,304,88,111,98,217,349,509,199,166,163,210,532,324,37,180,327,87,103,221,77,206,134,147,376,440,852,158,284,64,322,268,56,149,302,206,60,199,112,234,247,191,292,111,178
212,178,74,33,213,47,193,64,75,89,178,225,354,139,107,124,151,360,198,22,118,201,103,47,129,63,160,111,96,240,297,532,107,177,48,226,196,34,109,209,133,38,166,67,157,190,128,203,71,158
363,275,143,67,314,77,331,91,141,126,238,375,596,234,175,199,241,615,341,39,208,326,221,129,113,85,217,138,166,425,484,923,182,309,69,318,321,51,158,309,222,64,261,125,279,306,203,349,130,232
158,100,51,26,119,38,125,37,50,42,106,146,223,80,63,65,87,255,114,10,64,125,77,63,85,15,73,59,63,152,190,338,61,115,35,133,119,26,59,136,81,22,111,45,115,116,65,134,60,82
376,297,136,67,329,85,341,101,110,149,292,367,614,208,180,168,263,660,356,35,197,337,206,160,217,73,105,157,148,438,525,943,172,321,84,354,340,56,175,323,204,67,259,128,260,306,180,356,137,231
276,210,101,41,234,53,210,74,65,105,197,252,403,141,127,137,181,409,214,36,115,236,134,111,138,59,157,52,128,287,372,617,115,235,40,260,244,37,118,249,155,56,202,79,199,235,130,246,91,168
319,236,95,65,270,69,265,87,101,115,245,316,448,151,113,152,209,454,261,26,145,242,147,96,166,63,148,128,65,294,387,693,127,255,44,269,253,47,131,278,163,56,179,92,188,231,143,288,69,190
618,506,246,86,664,119,608,198,197,231,536,740,1167,413,327,350,443,1122,641,79,339,666,376,240,425,152,438,287,294,412,923,1743,339,551,136,652,611,101,316,686,454,132,500,227,514,525,405,664,235,406
631,621,295,140,800,175,712,232,268,287,609,841,1287,495,417,476,557,1334,748,102,426,750,440,297,484,190,525,372,387,923,545,2027,382,726,187,837,718,142,370,764,486,149,584,312,593,698,489,735,290,529
1120,1252,556,217,1408,281,1373,431,472,564,1160,1585,2401,915,756,859,998,2389,1389,190,818,1432,852,532,923,338,943,617,693,1743,2027,1834,724,1330,319,1528,1300,238,686,1476,910,292,1059,529,1133,1288,888,1406,489,946
250,239,113,42,286,52,307,74,117,95,214,310,466,192,150,167,202,481,252,38,141,248,158,107,182,61,172,115,127,339,382,724,79,249,67,299,242,45,115,291,183,55,211,114,234,266,196,268,111,190
502,406,195,75,468,100,442,160,150,202,380,533,815,283,259,269,320,792,469,58,228,474,284,177,309,115,321,235,255,551,726,1330,249,197,103,504,433,69,230,531,295,103,327,168,382,417,280,475,191,291
108,95,40,11,130,21,106,28,42,47,104,156,211,71,53,76,77,203,103,19,43,118,64,48,69,35,84,40,44,136,187,319,67,103,12,125,120,17,43,127,80,19,77,34,82,119,78,103,34,74
489,446,198,91,565,110,495,163,173,210,428,550,908,357,269,266,401,940,539,58,314,560,322,226,318,133,354,260,269,652,837,1528,299,504,125,259,454,91,271,569,339,88,412,206,434,492,353,548,184,352
475,429,178,67,481,94,431,165,148,187,404,502,833,302,263,297,316,835,479,62,259,492,268,196,321,119,340,244,253,611,718,1300,242,433,120,454,223,81,252,480,325,85,339,164,388,432,309,486,183,281
78,68,32,10,91,13,74,21,25,36,69,121,166,65,46,40,60,149,101,11,36,98,56,34,51,26,56,37,47,101,142,238,45,69,17,91,81,10,43,81,54,20,68,35,68,72,61,81,36,48
280,239,82,37,277,55,269,86,81,109,216,256,446,184,115,117,205,453,247,34,146,277,149,109,158,59,175,118,131,316,370,686,115,230,43,271,252,43,65,293,163,53,191,87,214,216,133,259,82,185
468,426,221,92,548,111,484,164,181,212,445,553,925,355,246,292,416,947,544,63,333,524,302,209,309,136,323,249,278,686,764,1476,291,531,127,569,480,81,293,265,308,108,371,210,399,485,319,511,171,361
334,293,131,55,345,69,290,108,108,150,268,370,564,203,151,171,244,592,281,42,185,337,206,133,222,81,204,155,163,454,486,910,183,295,80,339,325,54,163,308,82,54,248,121,257,311,216,331,121,242
96,103,41,18,107,25,105,35,32,43,83,105,214,72,52,40,77,184,99,15,51,120,60,38,64,22,67,56,56,132,149,292,55,103,19,88,85,20,53,108,54,8,70,45,83,97,62,119,48,63
380,324,130,59,357,80,381,117,104,180,335,424,723,242,204,237,273,686,399,50,215,376,199,166,261,111,259,202,179,500,584,1059,211,327,77,412,339,68,191,371,248,70,161,150,284,322,238,385,120,274
159,151,81,35,174,42,170,56,65,67,160,212,355,125,112,132,122,378,194,22,95,191,112,67,125,45,128,79,92,227,312,529,114,168,34,206,164,35,87,210,121,45,150,38,151,176,118,187,69,118
413,370,175,76,396,92,393,121,146,155,334,436,704,262,200,228,311,741,406,59,236,403,234,157,279,115,260,199,188,514,593,1133,234,382,82,434,388,68,214,399,257,83,284,151,155,355,250,434,157,298
430,401,194,73,469,105,445,149,158,203,364,508,775,296,255,300,342,838,496,63,275,509,247,190,306,116,306,235,231,525,698,1288,266,417,119,492,432,72,216,485,311,97,322,176,355,237,322,470,182,317
321,299,133,57,321,79,331,71,104,109,255,397,598,192,189,172,237,585,317,45,168,319,191,128,203,65,180,130,143,405,489,888,196,280,78,353,309,61,133,319,216,62,238,118,250,322,113,336,136,207
505,458,213,82,537,106,476,170,165,213,440,556,924,352,262,292,379,931,499,68,319,544,292,203,349,134,356,246,288,664,735,1406,268,475,103,548,486,81,259,511,331,119,385,187,434,470,336,254,178,364
145,162,79,37,184,45,189,52,66,84,172,206,310,148,110,114,127,306,195,26,108,204,111,71,130,60,137,91,69,235,290,489,111,191,34,184,183,36,82,171,121,48,120,69,157,182,136,178,28,127
361,280,126,63,358,79,323,98,103,129,253,370,557,222,197,192,230,582,357,45,155,377,178,158,232,82,231,168,190,406,529,946,190,291,74,352,281,48,185,361,242,63,274,118,298,317,207,364,127,114
