252,437,206,86,534,110,448,157,168,227,460,546,765,360,303,326,376,802,490,74,317,509,337,212,389,137,343,267,317,596,644,1145,236,506,95,469,474,86,244,483,297,115,378,168,421,417,302,480,144,373
437,189,150,72,443,110,383,129,144,192,385,464,824,280,195,237,330,783,460,51,222,451,229,166,261,102,281,205,223,567,670,1188,220,387,96,481,443,70,209,429,268,88,320,142,325,374,256,443,148,305
206,150,37,33,202,55,183,54,71,90,173,211,348,129,103,105,149,326,197,15,108,221,102,95,148,53,140,95,110,241,298,544,118,170,36,213,191,40,103,218,126,48,143,74,158,207,129,223,78,140
86,72,33,9,83,21,75,21,29,39,58,76,144,47,38,37,59,146,94,5,45,89,54,25,63,18,58,38,44,112,131,219,44,79,17,71,74,14,42,83,63,15,68,28,77,77,59,78,27,50
534,443,202,83,271,126,480,147,146,203,410,541,897,345,273,311,367,862,520,66,270,513,296,209,346,115,357,216,240,649,793,1463,290,500,118,542,490,78,241,551,324,96,336,189,402,493,303,533,164,350
110,110,55,21,126,11,117,39,38,62,83,102,183,85,67,71,69,171,133,11,57,130,63,41,64,25,72,50,58,130,172,270,56,95,20,127,92,28,56,114,91,19,77,44,92,106,87,93,25,71
448,383,183,75,480,117,240,119,170,213,378,498,858,293,268,285,342,839,473,50,256,461,279,201,326,122,323,238,249,582,716,1318,261,421,101,534,447,86,235,494,322,90,361,165,396,416,321,470,181,320
157,129,54,21,147,39,119,17,59,75,139,178,266,88,82,93,110,259,151,16,92,165,82,57,91,35,92,83,65,176,239,410,97,123,33,154,145,26,64,160,89,34,118,44,118,144,90,140,46,112
168,144,71,29,146,38,170,59,29,68,139,180,298,113,95,104,121,283,154,14,90,157,91,71,102,29,112,73,79,191,255,492,79,154,43,185,181,24,85,160,91,31,141,66,133,168,104,185,62,131
227,192,90,39,203,62,213,75,68,52,184,231,384,127,105,134,165,360,228,24,106,221,138,70,146,56,133,113,110,272,328,599,113,213,49,220,193,34,115,228,140,51,155,86,171,195,114,223,72,151
460,385,173,58,410,83,378,139,139,184,187,489,770,267,237,276,300,723,427,58,235,426,264,167,275,115,274,209,235,536,665,1113,194,425,88,462,404,83,218,447,294,90,309,151,342,368,262,429,150,296
546,464,211,76,541,102,498,178,180,231,489,292,1007,362,280,302,375,1030,549,76,288,578,312,205,337,144,361,274,276,666,819,1543,280,517,128,591,530,93,287,599,367,121,389,216,420,509,348,569,200,349
765,824,348,144,897,183,858,266,298,384,770,1007,739,611,460,504,632,1388,926,122,489,928,533,339,606,249,638,432,436,1174,1297,2415,502,817,228,983,832,155,442,980,618,172,674,328,683,802,622,886,350,591
360,280,129,47,345,85,293,88,113,127,267,362,611,103,150,180,232,596,326,39,166,323,169,128,212,88,203,150,150,402,502,945,171,311,71,330,311,50,161,364,221,68,250,132,246,285,201,322,113,239
303,195,103,38,273,67,268,82,95,105,237,280,460,150,70,139,230,474,280,40,139,306,151,116,161,54,161,121,131,312,439,736,120,276,45,267,257,39,129,283,153,66,216,98,191,262,160,299,97,222
326,237,105,37,311,71,285,93,104,134,276,302,504,180,139,77,220,522,291,40,152,312,174,141,194,62,179,135,145,327,456,850,150,284,53,286,268,45,155,299,183,80,219,118,215,282,185,302,111,216
376,330,149,59,367,69,342,110,121,165,300,375,632,232,230,220,121,638,379,42,201,387,220,153,239,86,257,158,212,449,532,965,188,350,83,352,333,64,188,415,239,70,259,129,289,310,246,374,134,276
802,783,326,146,862,171,839,259,283,360,723,1030,1388,596,474,522,638,759,877,109,532,905,517,363,607,224,626,454,475,1118,1284,2354,453,815,226,914,820,145,458,901,598,186,640,309,700,815,600,882,344,586
490,460,197,94,520,133,473,151,154,228,427,549,926,326,280,291,379,877,238,62,268,476,306,192,362,115,347,224,266,593,733,1348,284,489,109,550,463,92,233,554,327,105,373,173,417,470,321,524,192,383
74,51,15,5,66,11,50,16,14,24,58,76,122,39,40,40,42,109,62,3,31,57,36,14,44,27,46,26,29,80,99,172,34,52,14,56,53,6,24,58,43,14,33,29,52,43,43,61,28,38
317,222,108,45,270,57,256,92,90,106,235,288,489,166,139,152,201,532,268,31,74,286,140,103,184,64,175,133,122,348,435,770,165,269,61,281,250,41,157,286,189,56,225,95,218,262,175,330,97,176
509,451,221,89,513,130,461,165,157,221,426,578,928,323,306,312,387,905,476,57,286,273,305,209,341,121,353,259,282,599,732,1425,279,500,105,557,478,96,252,541,338,95,377,196,391,458,332,530,169,370
337,229,102,54,296,63,279,82,91,138,264,312,533,169,151,174,220,517,306,36,140,305,76,113,196,63,181,152,142,360,469,801,163,287,63,303,282,46,147,319,186,56,226,96,231,256,175,338,116,187
212,166,95,25,209,41,201,57,71,70,167,205,339,128,116,141,153,363,192,14,103,209,113,36,122,48,117,96,127,253,305,552,104,182,50,224,189,44,107,205,113,40,158,79,162,174,130,193,86,147
389,261,148,63,346,64,326,91,102,146,275,337,606,212,161,194,239,607,362,44,184,341,196,122,108,74,200,150,184,437,474,874,158,297,78,348,325,47,147,357,240,69,280,130,263,305,205,358,117,241
137,102,53,18,115,25,122,35,29,56,115,144,249,88,54,62,86,224,115,27,64,121,63,48,74,13,74,71,60,163,181,375,78,119,25,119,107,25,63,138,84,23,101,46,111,126,77,125,47,96
343,281,140,58,357,72,323,92,112,133,274,361,638,203,161,179,257,626,347,46,175,353,181,117,200,74,113,159,169,419,510,944,174,337,69,363,312,61,170,389,205,64,286,118,262,320,205,364,114,236
267,205,95,38,216,50,238,83,73,113,209,274,432,150,121,135,158,454,224,26,133,259,152,96,150,71,159,51,130,286,367,718,124,215,61,221,209,37,139,259,156,50,182,103,188,221,148,237,94,154
317,223,110,44,240,58,249,65,79,110,235,276,436,150,131,145,212,475,266,29,122,282,142,127,184,60,169,130,63,296,393,725,132,218,60,273,236,40,118,277,137,45,204,92,207,214,145,251,99,202
596,567,241,112,649,130,582,176,191,272,536,666,1174,402,312,327,449,1118,593,80,348,599,360,253,437,163,419,286,296,442,960,1791,339,600,123,649,572,111,297,646,425,123,434,237,501,524,392,628,221,424
644,670,298,131,793,172,716,239,255,328,665,819,1297,502,439,456,532,1284,733,99,435,732,469,305,474,181,510,367,393,960,559,2056,413,731,171,817,689,122,365,817,492,141,571,306,597,691,489,769,264,546
1145,1188,544,219,1463,270,1318,410,492,599,1113,1543,2415,945,736,850,965,2354,1348,172,770,1425,801,552,874,375,944,718,725,1791,2056,1814,701,1242,323,1460,1226,245,672,1450,955,287,1051,515,1155,1210,879,1397,486,935
236,220,118,44,290,56,261,97,79,113,194,280,502,171,120,150,188,453,284,34,165,279,163,104,158,78,174,124,132,339,413,701,67,249,67,273,256,38,145,274,179,53,190,108,211,226,169,267,95,176
506,387,170,79,500,95,421,123,154,213,425,517,817,311,276,284,350,815,489,52,269,500,287,182,297,119,337,215,218,600,731,1242,249,226,100,484,423,77,244,499,337,91,345,158,380,428,302,480,158,325
95,96,36,17,118,20,101,33,43,49,88,128,228,71,45,53,83,226,109,14,61,105,63,50,78,25,69,61,60,123,171,323,67,100,18,122,113,22,68,115,84,24,76,43,90,103,69,117,44,70
469,481,213,71,542,127,534,154,185,220,462,591,983,330,267,286,352,914,550,56,281,557,303,224,348,119,363,221,273,649,817,1460,273,484,122,278,437,86,269,579,392,113,385,218,414,466,316,567,179,359
474,443,191,74,490,92,447,145,181,193,404,530,832,311,257,268,333,820,463,53,250,478,282,189,325,107,312,209,236,572,689,1226,256,423,113,437,212,78,252,499,304,99,366,179,401,427,329,468,171,315
86,70,40,14,78,28,86,26,24,34,83,93,155,50,39,45,64,145,92,6,41,96,46,44,47,25,61,37,40,111,122,245,38,77,22,86,78,5,30,103,59,20,73,36,65,75,43,83,42,56
244,209,103,42,241,56,235,64,85,115,218,287,442,161,129,155,188,458,233,24,157,252,147,107,147,63,170,139,118,297,365,672,145,244,68,269,252,30,51,288,155,57,186,82,213,232,154,266,91,170
483,429,218,83,551,114,494,160,160,228,447,599,980,364,283,299,415,901,554,58,286,541,319,205,357,138,389,259,277,646,817,1450,274,499,115,579,499,103,288,264,331,126,402,182,408,491,350,535,177,381
297,268,126,63,324,91,322,89,91,140,294,367,618,221,153,183,239,598,327,43,189,338,186,113,240,84,205,156,137,425,492,955,179,337,84,392,304,59,155,331,102,68,255,108,257,309,203,371,123,199
115,88,48,15,96,19,90,34,31,51,90,121,172,68,66,80,70,186,105,14,56,95,56,40,69,23,64,50,45,123,141,287,53,91,24,113,99,20,57,126,68,14,90,39,88,83,49,114,38,77
378,320,143,68,336,77,361,118,141,155,309,389,674,250,216,219,259,640,373,33,225,377,226,158,280,101,286,182,204,434,571,1051,190,345,76,385,366,73,186,402,255,90,123,156,303,355,261,414,144,235
168,142,74,28,189,44,165,44,66,86,151,216,328,132,98,118,129,309,173,29,95,196,96,79,130,46,118,103,92,237,306,515,108,158,43,218,179,36,82,182,108,39,156,37,138,199,106,203,66,115
421,325,158,77,402,92,396,118,133,171,342,420,683,246,191,215,289,700,417,52,218,391,231,162,263,111,262,188,207,501,597,1155,211,380,90,414,401,65,213,408,257,88,303,138,166,357,253,457,146,270
417,374,207,77,493,106,416,144,168,195,368,509,802,285,262,282,310,815,470,43,262,458,256,174,305,126,320,221,214,524,691,1210,226,428,103,466,427,75,232,491,309,83,355,199,357,215,282,454,182,328
302,256,129,59,303,87,321,90,104,114,262,348,622,201,160,185,246,600,321,43,175,332,175,130,205,77,205,148,145,392,489,879,169,302,69,316,329,43,154,350,203,49,261,106,253,282,92,353,106,220
480,443,223,78,533,93,470,140,185,223,429,569,886,322,299,302,374,882,524,61,330,530,338,193,358,125,364,237,251,628,769,1397,267,480,117,567,468,83,266,535,371,114,414,203,457,454,353,251,192,398
144,148,78,27,164,25,181,46,62,72,150,200,350,113,97,111,134,344,192,28,97,169,116,86,117,47,114,94,99,221,264,486,95,158,44,179,171,42,91,177,123,38,144,66,146,182,106,192,36,126
373,305,140,50,350,71,320,112,131,151,296,349,591,239,222,216,276,586,383,38,176,370,187,147,241,96,236,154,202,424,546,935,176,325,70,359,315,56,170,381,199,77,235,115,270,328,220,398,126,124
