252,468,220,97,470,98,508,173,157,245,469,492,851,384,330,352,369,808,517,70,340,496,324,242,386,173,410,307,297,618,682,1145,231,515,117,486,500,79,249,469,310,112,376,175,437,416,313,479,162,377
468,186,177,72,445,99,434,127,153,177,383,491,771,288,217,255,341,736,463,53,252,469,245,181,294,108,252,175,223,477,666,1204,252,401,88,462,389,75,234,439,294,85,329,160,357,402,270,464,168,286
220,177,38,28,212,40,186,60,56,94,173,223,351,127,97,118,109,350,195,25,117,196,123,69,122,56,126,80,82,269,314,577,129,176,54,187,164,34,94,222,148,50,163,60,166,187,125,205,74,138
97,72,28,8,93,14,72,35,30,36,71,91,162,53,48,49,58,163,85,8,40,86,46,34,59,25,60,42,51,93,135,216,46,87,12,80,64,12,35,83,61,15,67,24,68,70,57,84,21,67
470,445,212,93,284,120,508,145,187,197,419,569,931,312,291,310,372,941,496,63,285,502,320,202,363,135,330,238,264,644,743,1438,291,469,126,507,489,90,229,529,347,85,391,200,404,500,330,496,229,305
98,99,40,14,120,9,95,47,32,59,102,117,194,76,63,70,86,190,121,14,65,112,74,47,77,36,77,52,74,138,167,300,54,108,25,118,100,14,52,109,81,21,73,33,96,89,72,114,29,70
508,434,186,72,508,95,233,166,159,212,404,510,877,326,277,304,363,868,531,61,250,511,312,213,322,137,349,240,254,564,754,1328,259,429,87,527,421,84,263,510,319,94,389,161,401,439,337,547,166,342
173,127,60,35,145,47,166,17,55,68,148,148,258,90,75,90,100,249,160,21,95,166,76,72,98,43,116,78,72,194,234,430,83,153,39,145,152,20,75,154,106,29,113,59,143,152,90,173,73,102
157,153,56,30,187,32,159,55,27,77,148,187,317,106,103,113,129,299,155,22,79,170,121,70,116,48,109,73,80,233,265,454,92,173,31,162,147,20,77,183,103,30,143,65,135,151,115,177,67,123
245,177,94,36,197,59,212,68,77,47,180,239,356,133,120,128,150,362,206,31,125,218,123,87,129,54,133,92,89,244,302,535,120,203,42,222,189,35,105,215,136,47,163,79,169,210,136,235,88,151
469,383,173,71,419,102,404,148,148,180,183,455,710,281,228,279,306,694,421,56,247,452,256,172,292,107,263,210,202,548,680,1144,250,427,87,456,364,76,238,458,287,99,317,173,363,419,274,445,152,297
492,491,223,91,569,117,510,148,187,239,455,322,1028,372,291,309,398,1029,557,56,302,565,310,230,352,145,362,254,295,701,826,1621,322,499,132,596,496,98,264,586,376,108,435,209,449,581,358,560,209,379
851,771,351,162,931,194,877,258,317,356,710,1028,814,584,515,569,682,1457,948,99,494,988,518,335,563,226,583,448,433,1130,1349,2446,450,840,192,923,846,154,451,991,625,183,666,346,688,864,507,944,327,587
384,288,127,53,312,76,326,90,106,133,281,372,584,108,180,187,230,582,339,49,156,344,194,155,214,79,182,159,173,374,502,905,188,307,75,361,321,60,163,322,208,76,256,145,274,274,231,344,148,218
330,217,97,48,291,63,277,75,103,120,228,291,515,180,72,136,192,478,277,23,134,289,182,118,188,72,188,150,149,289,426,723,148,224,46,252,281,39,142,295,158,66,195,108,236,217,188,269,107,182
352,255,118,49,310,70,304,90,113,128,279,309,569,187,136,75,210,512,267,27,127,303,187,127,192,85,225,113,139,340,438,791,156,275,61,290,275,48,156,315,178,59,225,106,251,242,198,333,121,183
369,341,109,58,372,86,363,100,129,150,306,398,682,230,192,210,107,648,340,53,201,336,216,146,255,80,246,170,161,477,545,1022,205,333,79,384,339,57,163,378,255,73,265,152,281,321,242,397,163,245
808,736,350,163,941,190,868,249,299,362,694,1029,1457,582,478,512,648,814,932,101,494,908,537,338,599,232,587,484,447,1151,1325,2437,451,831,204,931,806,150,466,990,627,196,671,357,707,776,567,931,340,604
517,463,195,85,496,121,531,160,155,206,421,557,948,339,277,267,340,932,263,52,266,536,304,215,364,108,307,264,240,633,806,1395,278,522,113,536,482,93,235,569,329,94,366,194,444,503,320,547,201,368
70,53,25,8,63,14,61,21,22,31,56,56,99,49,23,27,53,101,52,5,31,80,41,34,42,16,35,28,29,73,97,166,44,65,20,58,63,17,26,59,41,10,39,26,58,63,35,64,20,46
340,252,117,40,285,65,250,95,79,125,247,302,494,156,134,127,201,494,266,31,79,282,176,96,184,51,169,126,133,358,416,792,153,254,55,274,261,49,141,307,178,50,211,109,214,255,190,294,101,204
496,469,196,86,502,112,511,166,170,218,452,565,988,344,289,303,336,908,536,80,282,276,326,228,369,137,344,229,267,587,734,1407,296,496,114,545,499,90,244,497,318,121,409,218,444,506,354,546,205,381
324,245,123,46,320,74,312,76,121,123,256,310,518,194,182,187,216,537,304,41,176,326,81,115,167,83,183,138,150,357,432,833,160,279,59,291,267,49,141,272,185,55,235,125,221,282,179,277,102,204
242,181,69,34,202,47,213,72,70,87,172,230,335,155,118,127,146,338,215,34,96,228,115,45,140,57,125,89,101,245,345,543,126,163,38,236,183,41,120,211,130,50,157,69,170,184,128,231,66,128
386,294,122,59,363,77,322,98,116,129,292,352,563,214,188,192,255,599,364,42,184,369,167,140,112,78,205,156,187,414,493,909,192,328,67,380,310,68,172,354,230,67,261,120,255,279,203,340,116,215
173,108,56,25,135,36,137,43,48,54,107,145,226,79,72,85,80,232,108,16,51,137,83,57,78,12,70,68,68,165,205,354,73,119,22,129,140,23,59,127,85,22,97,44,100,110,80,135,55,96
410,252,126,60,330,77,349,116,109,133,263,362,583,182,188,225,246,587,307,35,169,344,183,125,205,70,95,164,169,410,504,912,200,310,75,386,323,60,186,345,220,67,244,122,247,306,215,354,133,230
307,175,80,42,238,52,240,78,73,92,210,254,448,159,150,113,170,484,264,28,126,229,138,89,156,68,164,56,112,272,349,654,129,204,57,247,223,41,109,285,171,57,183,96,202,212,148,253,103,160
297,223,82,51,264,74,254,72,80,89,202,295,433,173,149,139,161,447,240,29,133,267,150,101,187,68,169,112,53,302,378,728,128,231,62,253,258,40,139,278,175,58,194,98,221,218,186,259,101,177
618,477,269,93,644,138,564,194,233,244,548,701,1130,374,289,340,477,1151,633,73,358,587,357,245,414,165,410,272,302,394,945,1843,339,592,136,662,556,118,340,663,426,141,485,241,514,587,363,645,242,433
682,666,314,135,743,167,754,234,265,302,680,826,1349,502,426,438,545,1325,806,97,416,734,432,345,493,205,504,349,378,945,573,2050,412,689,178,791,725,126,378,819,510,153,572,290,639,698,476,772,274,540
1145,1204,577,216,1438,300,1328,430,454,535,1144,1621,2446,905,723,791,1022,2437,1395,166,792,1407,833,543,909,354,912,654,728,1843,2050,1964,731,1288,304,1521,1270,241,706,1435,969,299,1005,511,1105,1281,856,1443,496,911
231,252,129,46,291,54,259,83,92,120,250,322,450,188,148,156,205,451,278,44,153,296,160,126,192,73,200,129,128,339,412,731,78,255,61,302,254,41,141,273,162,62,194,102,225,260,176,265,111,184
515,401,176,87,469,108,429,153,173,203,427,499,840,307,224,275,333,831,522,65,254,496,279,163,328,119,310,204,231,592,689,1288,255,211,103,515,394,76,246,483,337,98,391,173,371,448,303,471,163,293
117,88,54,12,126,25,87,39,31,42,87,132,192,75,46,61,79,204,113,20,55,114,59,38,67,22,75,57,62,136,178,304,61,103,12,136,98,16,70,120,85,25,91,39,84,99,85,111,32,70
486,462,187,80,507,118,527,145,162,222,456,596,923,361,252,290,384,931,536,58,274,545,291,236,380,129,386,247,253,662,791,1521,302,515,136,265,500,98,242,583,342,106,399,194,434,473,333,572,209,389
500,389,164,64,489,100,421,152,147,189,364,496,846,321,281,275,339,806,482,63,261,499,267,183,310,140,323,223,258,556,725,1270,254,394,98,500,208,76,253,473,328,99,379,158,387,445,304,506,172,305
79,75,34,12,90,14,84,20,20,35,76,98,154,60,39,48,57,150,93,17,49,90,49,41,68,23,60,41,40,118,126,241,41,76,16,98,76,2,34,87,57,12,70,29,83,80,56,106,27,64
249,234,94,35,229,52,263,75,77,105,238,264,451,163,142,156,163,466,235,26,141,244,141,120,172,59,186,109,139,340,378,706,141,246,70,242,253,34,65,269,168,46,208,97,213,228,139,281,109,182
469,439,222,83,529,109,510,154,183,215,458,586,991,322,295,315,378,990,569,59,307,497,272,211,354,127,345,285,278,663,819,1435,273,483,120,583,473,87,269,271,352,102,392,185,393,512,322,563,185,366
310,294,148,61,347,81,319,106,103,136,287,376,625,208,158,178,255,627,329,41,178,318,185,130,230,85,220,171,175,426,510,969,162,337,85,342,328,57,168,352,88,72,251,140,271,334,182,346,124,246
112,85,50,15,85,21,94,29,30,47,99,108,183,76,66,59,73,196,94,10,50,121,55,50,67,22,67,57,58,141,153,299,62,98,25,106,99,12,46,102,72,8,86,34,77,88,56,93,39,68
376,329,163,67,391,73,389,113,143,163,317,435,666,256,195,225,265,671,366,39,211,409,235,157,261,97,244,183,194,485,572,1005,194,391,91,399,379,70,208,392,251,86,135,153,309,344,217,427,150,264
175,160,60,24,200,33,161,59,65,79,173,209,346,145,108,106,152,357,194,26,109,218,125,69,120,44,122,96,98,241,290,511,102,173,39,194,158,29,97,185,140,34,153,42,168,180,137,188,67,128
437,357,166,68,404,96,401,143,135,169,363,449,688,274,236,251,281,707,444,58,214,444,221,170,255,100,247,202,221,514,639,1105,225,371,84,434,387,83,213,393,271,77,309,168,159,353,273,401,145,286
416,402,187,70,500,89,439,152,151,210,419,581,864,274,217,242,321,776,503,63,255,506,282,184,279,110,306,212,218,587,698,1281,260,448,99,473,445,80,228,512,334,88,344,180,353,230,318,452,155,321
313,270,125,57,330,72,337,90,115,136,274,358,507,231,188,198,242,567,320,35,190,354,179,128,203,80,215,148,186,363,476,856,176,303,85,333,304,56,139,322,182,56,217,137,273,318,113,358,136,187
479,464,205,84,496,114,547,173,177,235,445,560,944,344,269,333,397,931,547,64,294,546,277,231,340,135,354,253,259,645,772,1443,265,471,111,572,506,106,281,563,346,93,427,188,401,452,358,244,180,374
162,168,74,21,229,29,166,73,67,88,152,209,327,148,107,121,163,340,201,20,101,205,102,66,116,55,133,103,101,242,274,496,111,163,32,209,172,27,109,185,124,39,150,67,145,155,136,180,33,123
377,286,138,67,305,70,342,102,123,151,297,379,587,218,182,183,245,604,368,46,204,381,204,128,215,96,230,160,177,433,540,911,184,293,70,389,305,64,182,366,246,68,264,128,286,321,187,374,123,110
