251,437,215,86,486,98,459,164,159,230,436,519,843,372,303,309,378,872,509,74,323,521,377,214,367,162,378,312,320,586,716,1178,251,487,119,503,500,69,247,495,335,101,387,175,432,436,347,523,175,387
437,156,166,98,447,121,440,121,142,160,348,475,788,279,232,237,324,799,458,54,240,441,225,163,245,98,241,193,220,543,672,1225,253,436,89,454,454,76,200,419,272,80,350,156,333,408,290,455,161,262
215,166,28,37,195,38,196,55,59,84,159,221,377,126,88,111,152,358,201,21,102,203,110,93,123,49,118,95,91,250,302,587,122,179,43,204,195,28,93,205,136,45,166,62,169,170,106,222,71,128
86,98,37,3,73,20,79,24,39,36,84,84,152,55,53,52,60,155,92,11,49,95,58,40,65,22,67,36,53,110,119,204,47,72,18,76,75,12,34,82,63,17,66,33,75,61,54,79,27,58
486,447,195,73,258,112,496,152,146,219,463,565,916,350,261,278,336,911,521,59,299,548,305,210,347,129,339,232,280,663,762,1448,273,467,114,533,459,77,258,523,324,125,370,161,410,444,348,499,197,354
98,121,38,20,112,17,99,39,55,49,103,129,193,74,71,64,76,195,109,17,66,129,63,49,74,24,73,50,75,149,169,281,59,117,22,110,113,15,53,109,74,14,77,41,95,88,82,100,33,73
459,440,196,79,496,99,218,149,194,184,385,543,902,318,252,273,331,905,473,63,283,474,288,205,322,123,322,208,278,626,725,1283,293,437,105,488,410,95,225,530,322,93,343,190,369,456,324,480,162,302
164,121,55,24,152,39,149,24,53,62,132,149,285,103,85,93,121,278,145,24,84,185,98,57,103,43,98,83,77,186,239,465,94,142,37,156,132,29,61,184,98,18,108,58,121,143,112,148,53,107
159,142,59,39,146,55,194,53,29,80,144,200,315,123,95,96,111,324,173,24,77,168,97,70,128,35,118,70,76,214,258,481,103,168,37,161,172,23,76,168,108,33,135,64,147,170,117,172,84,109
230,160,84,36,219,49,184,62,80,43,146,215,355,145,126,143,145,398,230,26,123,222,127,69,133,47,145,110,99,264,301,569,105,224,45,205,209,36,96,204,135,48,166,64,165,193,128,209,81,134
436,348,159,84,463,103,385,132,144,146,175,443,783,282,236,248,277,768,437,56,243,431,263,153,281,112,261,216,208,574,639,1197,248,437,94,430,402,66,212,431,277,68,324,160,352,379,270,452,152,253
519,475,221,84,565,129,543,149,200,215,443,320,1022,350,305,316,409,1012,570,82,298,595,315,224,339,137,372,267,263,692,899,1589,294,499,139,626,485,95,262,586,378,119,411,227,455,526,339,559,232,379
843,788,377,152,916,193,902,285,315,355,783,1022,836,589,493,551,679,1450,916,122,528,900,510,376,551,206,608,414,445,1123,1318,2438,488,847,211,1009,830,127,441,919,605,184,706,313,711,807,558,912,313,633
372,279,126,55,350,74,318,103,123,145,282,350,589,110,161,171,240,574,334,34,163,335,185,119,223,95,212,165,165,424,483,891,194,306,69,362,293,62,142,331,204,59,261,123,251,337,191,346,119,213
303,232,88,53,261,71,252,85,95,126,236,305,493,161,57,112,181,448,250,34,159,257,149,108,178,64,171,134,144,297,354,724,133,267,52,272,258,38,120,301,177,59,196,87,206,267,157,279,80,188
309,237,111,52,278,64,273,93,96,143,248,316,551,171,112,74,207,530,282,28,155,281,140,113,189,71,183,141,172,323,421,830,152,296,71,291,264,34,129,319,192,55,229,98,221,263,151,305,99,189
378,324,152,60,336,76,331,121,111,145,277,409,679,240,181,207,126,678,369,43,191,390,207,133,250,93,239,160,196,461,585,965,221,301,76,388,311,62,172,407,259,77,283,119,298,329,263,354,129,259
872,799,358,155,911,195,905,278,324,398,768,1012,1450,574,448,530,678,783,884,113,560,854,536,354,567,228,607,444,464,1136,1317,2473,508,817,193,984,820,135,462,906,542,175,744,315,728,810,564,880,312,644
509,458,201,92,521,109,473,145,173,230,437,570,916,334,250,282,369,884,242,64,286,458,288,199,313,136,334,213,246,656,755,1411,279,484,117,528,461,99,251,564,343,88,358,175,404,510,340,525,190,335
74,54,21,11,59,17,63,24,24,26,56,82,122,34,34,28,43,113,64,8,37,65,39,18,41,21,40,22,34,79,87,200,38,60,16,50,39,13,37,60,44,15,44,28,52,56,37,59,33,35
323,240,102,49,299,66,283,84,77,123,243,298,528,163,159,155,191,560,286,37,61,327,158,116,181,76,185,118,144,344,436,777,167,261,56,265,255,47,136,325,218,55,225,101,228,245,153,311,103,189
521,441,203,95,548,129,474,185,168,222,431,595,900,335,257,281,390,854,458,65,327,250,300,190,333,150,341,240,270,697,743,1434,259,480,118,586,481,110,259,526,348,90,399,183,397,478,302,535,185,332
377,225,110,58,305,63,288,98,97,127,263,315,510,185,149,140,207,536,288,39,158,300,75,116,176,63,174,139,148,353,449,799,123,266,54,308,288,51,154,342,184,66,232,106,209,273,176,318,108,221
214,163,93,40,210,49,205,57,70,69,153,224,376,119,108,113,133,354,199,18,116,190,116,28,136,60,124,95,103,304,321,551,120,199,56,198,197,31,106,210,128,40,157,89,148,183,128,220,90,126
367,245,123,65,347,74,322,103,128,133,281,339,551,223,178,189,250,567,313,41,181,333,176,136,103,78,204,147,142,396,492,911,171,306,86,355,305,48,176,330,231,65,287,112,254,322,213,376,123,217
162,98,49,22,129,24,123,43,35,47,112,137,206,95,64,71,93,228,136,21,76,150,63,60,78,8,70,58,74,150,194,353,69,115,27,146,126,13,67,115,81,28,85,50,101,119,79,134,37,91
378,241,118,67,339,73,322,98,118,145,261,372,608,212,171,183,239,607,334,40,185,341,174,124,204,70,114,140,161,390,505,947,176,290,72,352,325,42,186,342,205,73,260,124,253,330,203,335,127,229
312,193,95,36,232,50,208,83,70,110,216,267,414,165,134,141,160,444,213,22,118,240,139,95,147,58,140,48,107,289,338,673,128,215,61,251,202,38,136,233,161,41,176,82,180,193,162,241,92,144
320,220,91,53,280,75,278,77,76,99,208,263,445,165,144,172,196,464,246,34,144,270,148,103,142,74,161,107,61,336,331,723,140,256,60,242,230,37,127,255,149,59,202,116,206,210,158,278,88,149
586,543,250,110,663,149,626,186,214,264,574,692,1123,424,297,323,461,1136,656,79,344,697,353,304,396,150,390,289,336,392,975,1785,369,591,154,641,612,90,304,715,411,124,518,242,507,623,377,618,249,407
716,672,302,119,762,169,725,239,258,301,639,899,1318,483,354,421,585,1317,755,87,436,743,449,321,492,194,505,338,331,975,545,2065,428,700,160,843,714,117,367,737,524,155,575,296,591,697,473,764,279,485
1178,1225,587,204,1448,281,1283,465,481,569,1197,1589,2438,891,724,830,965,2473,1411,200,777,1434,799,551,911,353,947,673,723,1785,2065,1966,702,1298,301,1560,1301,193,707,1404,920,269,1059,526,1129,1237,919,1325,477,919
251,253,122,47,273,59,293,94,103,105,248,294,488,194,133,152,221,508,279,38,167,259,123,120,171,69,176,128,140,369,428,702,56,262,60,299,281,37,140,301,180,55,235,84,226,240,183,301,85,184
487,436,179,72,467,117,437,142,168,224,437,499,847,306,267,296,301,817,484,60,261,480,266,199,306,115,290,215,256,591,700,1298,262,231,115,501,441,84,217,469,298,86,378,166,377,442,302,474,175,344
119,89,43,18,114,22,105,37,37,45,94,139,211,69,52,71,76,193,117,16,56,118,54,56,86,27,72,61,60,154,160,301,60,115,9,105,106,21,57,122,80,27,81,48,86,109,66,107,44,75
503,454,204,76,533,110,488,156,161,205,430,626,1009,362,272,291,388,984,528,50,265,586,308,198,355,146,352,251,242,641,843,1560,299,501,105,291,525,77,262,620,383,104,428,189,433,486,307,567,191,354
500,454,195,75,459,113,410,132,172,209,402,485,830,293,258,264,311,820,461,39,255,481,288,197,305,126,325,202,230,612,714,1301,281,441,106,525,207,85,224,478,314,86,357,168,339,426,309,489,148,320
69,76,28,12,77,15,95,29,23,36,66,95,127,62,38,34,62,135,99,13,47,110,51,31,48,13,42,38,37,90,117,193,37,84,21,77,85,14,45,75,40,16,52,28,66,78,51,92,30,57
247,200,93,34,258,53,225,61,76,96,212,262,441,142,120,129,172,462,251,37,136,259,154,106,176,67,186,136,127,304,367,707,140,217,57,262,224,45,50,271,171,46,184,101,202,256,158,229,83,177
495,419,205,82,523,109,530,184,168,204,431,586,919,331,301,319,407,906,564,60,325,526,342,210,330,115,342,233,255,715,737,1404,301,469,122,620,478,75,271,289,353,120,415,221,470,496,364,590,200,341
335,272,136,63,324,74,322,98,108,135,277,378,605,204,177,192,259,542,343,44,218,348,184,128,231,81,205,161,149,411,524,920,180,298,80,383,314,40,171,353,104,68,247,108,274,303,214,357,134,236
101,80,45,17,125,14,93,18,33,48,68,119,184,59,59,55,77,175,88,15,55,90,66,40,65,28,73,41,59,124,155,269,55,86,27,104,86,16,46,120,68,9,66,36,90,103,71,110,43,61
387,350,166,66,370,77,343,108,135,166,324,411,706,261,196,229,283,744,358,44,225,399,232,157,287,85,260,176,202,518,575,1059,235,378,81,428,357,52,184,415,247,66,152,147,294,354,253,391,120,244
175,156,62,33,161,41,190,58,64,64,160,227,313,123,87,98,119,315,175,28,101,183,106,89,112,50,124,82,116,242,296,526,84,166,48,189,168,28,101,221,108,36,147,38,151,194,123,193,68,121
432,333,169,75,410,95,369,121,147,165,352,455,711,251,206,221,298,728,404,52,228,397,209,148,254,101,253,180,206,507,591,1129,226,377,86,433,339,66,202,470,274,90,294,151,157,382,264,430,160,273
436,408,170,61,444,88,456,143,170,193,379,526,807,337,267,263,329,810,510,56,245,478,273,183,322,119,330,193,210,623,697,1237,240,442,109,486,426,78,256,496,303,103,354,194,382,194,293,514,166,296
347,290,106,54,348,82,324,112,117,128,270,339,558,191,157,151,263,564,340,37,153,302,176,128,213,79,203,162,158,377,473,919,183,302,66,307,309,51,158,364,214,71,253,123,264,293,93,331,128,228
523,455,222,79,499,100,480,148,172,209,452,559,912,346,279,305,354,880,525,59,311,535,318,220,376,134,335,241,278,618,764,1325,301,474,107,567,489,92,229,590,357,110,391,193,430,514,331,266,178,343
175,161,71,27,197,33,162,53,84,81,152,232,313,119,80,99,129,312,190,33,103,185,108,90,123,37,127,92,88,249,279,477,85,175,44,191,148,30,83,200,134,43,120,68,160,166,128,178,28,135
387,262,128,58,354,73,302,107,109,134,253,379,633,213,188,189,259,644,335,35,189,332,221,126,217,91,229,144,149,407,485,919,184,344,75,354,320,57,177,341,236,61,244,121,273,296,228,343,135,109
