265,486,229,79,471,94,503,163,163,255,452,495,817,365,320,367,364,849,513,88,328,511,377,224,397,177,411,296,273,668,723,1262,260,493,108,511,476,81,237,486,345,105,384,174,457,464,362,457,168,373
486,181,153,71,442,103,453,129,134,169,347,519,804,267,231,247,327,807,400,53,214,456,250,175,286,108,295,196,237,567,670,1224,221,414,100,476,408,71,230,449,253,86,312,145,361,413,259,474,162,306
229,153,33,25,213,35,177,63,67,85,177,235,364,130,98,120,137,360,201,24,88,192,106,84,102,53,115,89,96,240,315,569,106,182,56,216,175,35,121,218,128,58,163,70,125,188,100,194,74,120
79,71,25,5,72,18,93,30,22,36,68,82,158,58,46,46,49,141,92,11,55,90,56,36,68,33,52,36,43,111,116,225,49,80,17,96,73,9,47,84,58,21,60,30,70,71,59,84,14,65
471,442,213,72,265,93,533,150,174,204,446,611,920,335,262,296,367,978,550,63,284,534,306,209,322,115,360,245,239,691,776,1443,268,500,123,569,481,74,269,563,334,118,410,216,408,501,311,536,173,333
94,103,35,18,93,10,110,44,36,42,92,126,202,88,66,59,71,181,108,10,73,118,82,51,83,33,75,45,61,141,152,292,64,93,28,115,117,12,62,101,86,17,69,39,104,97,67,104,43,82
503,453,177,93,533,110,269,145,150,184,390,558,905,353,274,283,342,865,488,65,278,509,295,187,343,132,361,232,265,583,738,1328,250,465,116,534,458,79,250,529,339,106,394,176,421,471,309,496,174,324
163,129,63,30,150,44,145,25,49,66,127,152,278,98,69,78,109,282,150,15,83,130,80,41,104,47,95,79,78,180,218,413,65,149,32,159,128,26,73,151,90,35,118,50,120,128,99,163,63,111
163,134,67,22,174,36,150,49,17,69,158,199,294,117,103,101,100,289,153,19,76,164,109,79,120,46,102,88,68,215,245,443,109,146,45,167,151,39,93,184,109,34,131,64,146,163,98,181,61,109
255,169,85,36,204,42,184,66,69,47,166,233,361,147,127,136,163,357,196,39,118,225,123,76,125,50,143,106,113,281,312,511,110,198,49,217,198,40,103,200,110,43,173,73,170,199,125,237,82,143
452,347,177,68,446,92,390,127,158,166,167,481,755,317,267,271,338,765,415,56,257,439,237,178,293,128,306,210,243,598,684,1192,238,377,91,505,412,83,217,473,288,93,297,159,366,370,256,431,159,289
495,519,235,82,611,126,558,152,199,233,481,326,1022,364,308,336,417,1021,580,64,277,595,340,238,367,130,394,255,273,715,884,1539,300,541,131,602,546,114,294,635,395,122,426,226,464,556,328,599,208,383
817,804,364,158,920,202,905,278,294,361,755,1022,816,617,454,511,677,1551,943,107,501,941,513,357,622,239,628,422,406,1178,1424,2496,467,833,208,935,820,175,494,1043,650,192,694,382,759,785,570,1011,320,610
365,267,130,58,335,88,353,98,117,147,317,364,617,120,156,191,245,613,323,38,187,317,159,133,205,74,205,168,187,384,502,892,183,299,69,349,326,49,171,363,201,74,250,118,257,326,191,344,105,212
320,231,98,46,262,66,274,69,103,127,267,308,454,156,63,147,192,470,272,31,144,270,152,116,148,49,157,138,122,329,418,710,127,264,60,292,245,40,152,286,167,65,179,100,184,254,149,295,108,181
367,247,120,46,296,59,283,78,101,136,271,336,511,191,147,82,216,518,317,40,161,319,154,117,181,71,172,145,133,327,461,766,159,293,71,290,271,42,139,344,166,63,197,92,223,262,165,315,122,222
364,327,137,49,367,71,342,109,100,163,338,417,677,245,192,216,128,656,350,38,194,360,234,140,262,105,271,172,181,461,552,992,208,360,80,340,332,69,187,385,229,64,287,143,295,345,246,387,140,222
849,807,360,141,978,181,865,282,289,357,765,1021,1551,613,470,518,656,850,927,114,524,933,546,353,609,253,655,427,481,1165,1413,2571,520,846,221,977,869,162,441,1028,636,199,641,356,790,841,586,983,315,593
513,400,201,92,550,108,488,150,153,196,415,580,943,323,272,317,350,927,243,70,281,463,354,200,348,129,339,242,263,690,738,1429,287,490,138,520,494,88,248,548,354,99,370,196,396,476,316,547,211,317
88,53,24,11,63,10,65,15,19,39,56,64,107,38,31,40,38,114,70,8,43,76,34,29,34,16,57,24,32,88,99,182,40,71,10,59,58,9,25,68,41,17,46,20,42,70,36,69,25,47
328,214,88,55,284,73,278,83,76,118,257,277,501,187,144,161,194,524,281,43,77,300,191,123,186,62,167,122,138,344,416,773,147,282,76,296,291,43,123,325,185,52,207,100,233,265,168,301,114,206
511,456,192,90,534,118,509,130,164,225,439,595,941,317,270,319,360,933,463,76,300,230,306,218,332,126,332,237,249,660,724,1404,259,477,105,546,478,80,244,559,333,100,378,201,375,485,306,516,164,350
377,250,106,56,306,82,295,80,109,123,237,340,513,159,152,154,234,546,354,34,191,306,85,116,175,80,195,144,150,369,432,823,153,282,57,280,279,60,158,323,208,68,216,109,217,268,175,322,112,199
224,175,84,36,209,51,187,41,79,76,178,238,357,133,116,117,140,353,200,29,123,218,116,33,127,52,148,104,96,257,295,560,123,196,56,193,176,35,88,207,144,38,158,71,149,192,117,214,86,120
397,286,102,68,322,83,343,104,120,125,293,367,622,205,148,181,262,609,348,34,186,332,175,127,112,87,211,155,176,388,523,1012,187,318,91,333,346,56,188,343,209,82,245,117,254,311,202,329,154,202
177,108,53,33,115,33,132,47,46,50,128,130,239,74,49,71,105,253,129,16,62,126,80,52,87,14,69,50,65,158,188,387,89,122,34,136,129,23,89,125,80,35,103,39,97,106,85,139,56,84
411,295,115,52,360,75,361,95,102,143,306,394,628,205,157,172,271,655,339,57,167,332,195,148,211,69,113,144,170,435,522,960,193,320,89,340,337,53,203,358,232,72,244,132,258,313,215,370,144,222
296,196,89,36,245,45,232,79,88,106,210,255,422,168,138,145,172,427,242,24,122,237,144,104,155,50,144,63,98,275,320,700,135,195,54,249,233,39,133,286,155,45,189,84,208,215,179,245,82,160
273,237,96,43,239,61,265,78,68,113,243,273,406,187,122,133,181,481,263,32,138,249,150,96,176,65,170,98,63,312,372,717,140,257,60,243,242,44,125,272,167,58,188,81,191,222,178,259,110,184
668,567,240,111,691,141,583,180,215,281,598,715,1178,384,329,327,461,1165,690,88,344,660,369,257,388,158,435,275,312,403,988,1794,364,623,141,664,639,98,336,727,432,138,501,240,516,569,406,675,215,424
723,670,315,116,776,152,738,218,245,312,684,884,1424,502,418,461,552,1413,738,99,416,724,432,295,523,188,522,320,372,988,560,2142,425,696,176,785,698,122,388,825,509,146,619,302,611,713,514,791,266,477
1262,1224,569,225,1443,292,1328,413,443,511,1192,1539,2496,892,710,766,992,2571,1429,182,773,1404,823,560,1012,387,960,700,717,1794,2142,2061,770,1336,312,1544,1329,258,688,1554,924,279,1031,542,1165,1318,874,1439,524,962
260,221,106,49,268,64,250,65,109,110,238,300,467,183,127,159,208,520,287,40,147,259,153,123,187,89,193,135,140,364,425,770,73,264,47,294,245,44,137,291,183,67,210,102,214,251,157,311,88,196
493,414,182,80,500,93,465,149,146,198,377,541,833,299,264,293,360,846,490,71,282,477,282,196,318,122,320,195,257,623,696,1336,264,210,103,569,435,68,246,512,306,107,349,186,423,453,284,521,159,331
108,100,56,17,123,28,116,32,45,49,91,131,208,69,60,71,80,221,138,10,76,105,57,56,91,34,89,54,60,141,176,312,47,103,17,127,113,21,61,125,78,26,89,39,91,98,66,119,38,76
511,476,216,96,569,115,534,159,167,217,505,602,935,349,292,290,340,977,520,59,296,546,280,193,333,136,340,249,243,664,785,1544,294,569,127,267,485,86,271,558,341,114,429,195,423,538,334,581,211,363
476,408,175,73,481,117,458,128,151,198,412,546,820,326,245,271,332,869,494,58,291,478,279,176,346,129,337,233,242,639,698,1329,245,435,113,485,199,81,219,510,322,112,396,187,391,460,302,509,174,306
81,71,35,9,74,12,79,26,39,40,83,114,175,49,40,42,69,162,88,9,43,80,60,35,56,23,53,39,44,98,122,258,44,68,21,86,81,10,62,108,64,20,83,27,61,64,55,94,33,48
237,230,121,47,269,62,250,73,93,103,217,294,494,171,152,139,187,441,248,25,123,244,158,88,188,89,203,133,125,336,388,688,137,246,61,271,219,62,58,276,171,55,233,93,201,213,158,261,107,143
486,449,218,84,563,101,529,151,184,200,473,635,1043,363,286,344,385,1028,548,68,325,559,323,207,343,125,358,286,272,727,825,1554,291,512,125,558,510,108,276,278,348,106,414,205,448,488,355,551,198,342
345,253,128,58,334,86,339,90,109,110,288,395,650,201,167,166,229,636,354,41,185,333,208,144,209,80,232,155,167,432,509,924,183,306,78,341,322,64,171,348,107,65,285,113,272,310,198,349,124,202
105,86,58,21,118,17,106,35,34,43,93,122,192,74,65,63,64,199,99,17,52,100,68,38,82,35,72,45,58,138,146,279,67,107,26,114,112,20,55,106,65,12,86,40,85,96,60,102,43,65
384,312,163,60,410,69,394,118,131,173,297,426,694,250,179,197,287,641,370,46,207,378,216,158,245,103,244,189,188,501,619,1031,210,349,89,429,396,83,233,414,285,86,128,135,312,369,224,399,130,246
174,145,70,30,216,39,176,50,64,73,159,226,382,118,100,92,143,356,196,20,100,201,109,71,117,39,132,84,81,240,302,542,102,186,39,195,187,27,93,205,113,40,135,34,145,193,114,213,77,122
457,361,125,70,408,104,421,120,146,170,366,464,759,257,184,223,295,790,396,42,233,375,217,149,254,97,258,208,191,516,611,1165,214,423,91,423,391,61,201,448,272,85,312,145,147,360,248,396,157,293
464,413,188,71,501,97,471,128,163,199,370,556,785,326,254,262,345,841,476,70,265,485,268,192,311,106,313,215,222,569,713,1318,251,453,98,538,460,64,213,488,310,96,369,193,360,210,274,499,182,302
362,259,100,59,311,67,309,99,98,125,256,328,570,191,149,165,246,586,316,36,168,306,175,117,202,85,215,179,178,406,514,874,157,284,66,334,302,55,158,355,198,60,224,114,248,274,106,320,116,235
457,474,194,84,536,104,496,163,181,237,431,599,1011,344,295,315,387,983,547,69,301,516,322,214,329,139,370,245,259,675,791,1439,311,521,119,581,509,94,261,551,349,102,399,213,396,499,320,250,187,350
168,162,74,14,173,43,174,63,61,82,159,208,320,105,108,122,140,315,211,25,114,164,112,86,154,56,144,82,110,215,266,524,88,159,38,211,174,33,107,198,124,43,130,77,157,182,116,187,25,125
373,306,120,65,333,82,324,111,109,143,289,383,610,212,181,222,222,593,317,47,206,350,199,120,202,84,222,160,184,424,477,962,196,331,76,363,306,48,143,342,202,65,246,122,293,302,235,350,125,90
