270,466,222,85,475,109,477,179,187,246,441,494,877,369,336,328,373,807,484,73,356,494,350,226,355,153,371,292,303,620,716,1203,235,464,100,475,456,81,239,470,319,98,340,171,442,441,348,482,155,381
466,174,160,74,389,104,451,133,141,194,413,474,828,263,224,243,311,812,409,52,224,447,265,161,273,94,276,196,211,536,676,1254,242,375,92,471,415,70,232,478,268,85,351,162,363,408,278,439,194,287
222,160,38,30,193,49,205,61,64,79,175,243,349,133,104,111,139,371,214,19,99,216,113,79,127,46,119,95,93,254,308,552,117,195,43,211,188,27,94,234,136,41,173,76,163,198,125,195,75,131
85,74,30,6,72,19,82,25,31,33,67,86,151,64,53,55,67,154,89,12,50,86,57,33,55,28,69,40,39,104,128,212,38,90,20,87,69,10,47,91,46,16,71,34,62,67,61,91,29,58
475,389,193,72,261,107,469,159,174,199,406,537,884,363,255,260,363,891,539,70,279,479,294,195,343,117,342,240,277,674,772,1413,262,459,102,562,468,89,251,523,328,124,399,195,405,492,337,513,179,356
109,104,49,19,107,19,117,32,26,57,101,120,193,76,63,64,88,187,135,17,75,119,78,39,82,35,83,50,62,124,183,300,64,94,24,120,103,16,56,131,70,27,90,40,96,119,89,110,48,88
477,451,205,82,469,117,262,151,164,203,405,549,837,302,261,281,356,842,512,62,274,519,303,204,325,118,304,255,261,590,715,1244,257,473,106,539,421,83,244,515,327,86,379,203,389,458,332,494,177,333
179,133,61,25,159,32,151,32,48,59,140,160,261,100,74,71,101,281,153,20,99,170,97,56,104,42,106,70,70,196,242,397,75,159,35,151,118,13,80,153,86,25,114,57,118,144,101,152,62,100
187,141,64,31,174,26,164,48,36,73,134,192,309,112,85,86,121,301,145,15,81,173,110,73,107,52,124,83,84,194,235,492,101,173,37,197,153,34,86,163,106,37,122,81,157,157,118,165,78,119
246,194,79,33,199,57,203,59,73,56,190,221,372,146,130,146,149,355,212,27,126,216,153,114,148,58,165,100,99,238,315,556,115,198,42,222,206,29,114,223,131,37,137,87,179,165,156,214,70,143
441,413,175,67,406,101,405,140,134,190,221,450,755,315,209,258,323,749,439,54,262,443,273,212,271,107,324,197,233,525,660,1179,239,397,86,465,421,76,208,453,274,87,298,149,351,394,283,433,156,290
494,474,243,86,537,120,549,160,192,221,450,288,984,379,303,323,414,997,583,73,290,598,353,220,370,141,394,239,301,692,805,1536,305,481,130,603,523,91,290,546,381,125,433,208,481,534,356,589,196,401
877,828,349,151,884,193,837,261,309,372,755,984,801,552,482,514,638,1445,926,101,510,912,552,374,580,231,621,404,472,1141,1328,2446,511,796,181,957,826,146,444,986,606,168,628,353,746,817,566,911,327,585
369,263,133,64,363,76,302,100,112,146,315,379,552,98,177,195,214,539,327,34,175,322,189,149,198,53,198,146,174,398,499,929,184,325,74,367,308,70,169,362,193,68,233,126,243,287,211,325,138,208
336,224,104,53,255,63,261,74,85,130,209,303,482,177,75,122,178,489,245,35,159,269,157,98,163,77,160,108,124,325,421,733,141,240,51,277,250,44,122,296,192,48,204,106,215,230,160,251,95,177
328,243,111,55,260,64,281,71,86,146,258,323,514,195,122,70,208,500,287,40,137,322,167,100,163,82,196,116,128,332,473,805,163,270,62,272,279,46,127,296,182,47,224,107,221,268,163,280,114,192
373,311,139,67,363,88,356,101,121,149,323,414,638,214,178,208,104,597,352,37,216,361,223,138,247,99,264,183,179,460,569,1017,206,355,72,383,349,71,187,365,228,57,275,137,317,357,254,371,133,247
807,812,371,154,891,187,842,281,301,355,749,997,1445,539,489,500,597,807,931,103,555,890,506,349,617,221,582,444,457,1124,1372,2415,490,826,187,952,818,157,425,1001,640,178,636,338,716,850,568,925,312,577
484,409,214,89,539,135,512,153,145,212,439,583,926,327,245,287,352,931,262,51,306,505,277,196,325,138,343,270,261,642,764,1491,273,432,118,544,487,83,264,523,319,89,406,184,390,478,322,525,191,324
73,52,19,12,70,17,62,20,15,27,54,73,101,34,35,40,37,103,51,4,32,74,40,24,47,18,49,28,31,79,94,177,40,67,12,62,62,13,36,64,35,12,37,16,48,61,44,55,20,28
356,224,99,50,279,75,274,99,81,126,262,290,510,175,159,137,216,555,306,32,74,275,179,103,175,75,170,145,127,374,431,828,177,265,64,298,252,43,149,292,170,43,216,123,220,310,186,281,106,204
494,447,216,86,479,119,519,170,173,216,443,598,912,322,269,322,361,890,505,74,275,265,292,195,336,132,355,252,266,639,745,1458,260,473,114,564,479,76,261,522,343,100,379,205,398,504,326,520,174,358
350,265,113,57,294,78,303,97,110,153,273,353,552,189,157,167,223,506,277,40,179,292,96,112,188,91,182,125,146,366,459,809,152,267,55,319,271,48,147,326,215,43,232,108,242,273,176,327,101,205
226,161,79,33,195,39,204,56,73,114,212,220,374,149,98,100,138,349,196,24,103,195,112,45,129,51,145,94,109,220,303,559,107,213,55,225,211,25,112,234,108,43,151,70,148,184,126,194,79,147
355,273,127,55,343,82,325,104,107,148,271,370,580,198,163,163,247,617,325,47,175,336,188,129,114,94,191,152,167,395,503,933,173,279,82,357,324,47,151,374,219,59,271,144,255,303,213,324,139,219
153,94,46,28,117,35,118,42,52,58,107,141,231,53,77,82,99,221,138,18,75,132,91,51,94,21,83,55,67,140,190,354,64,127,32,130,123,22,64,130,69,21,81,51,115,112,67,125,68,104
371,276,119,69,342,83,304,106,124,165,324,394,621,198,160,196,264,582,343,49,170,355,182,145,191,83,113,154,192,378,479,955,184,348,69,379,311,58,187,351,207,52,243,114,245,295,193,327,137,257
292,196,95,40,240,50,255,70,83,100,197,239,404,146,108,116,183,444,270,28,145,252,125,94,152,55,154,62,110,283,363,661,114,231,68,236,223,39,112,257,134,55,180,79,193,227,138,274,81,159
303,211,93,39,277,62,261,70,84,99,233,301,472,174,124,128,179,457,261,31,127,266,146,109,167,67,192,110,56,288,363,712,141,245,59,259,236,40,132,277,158,54,201,102,204,220,158,283,98,170
620,536,254,104,674,124,590,196,194,238,525,692,1141,398,325,332,460,1124,642,79,374,639,366,220,395,140,378,283,288,402,966,1764,348,570,143,695,602,118,322,717,446,127,505,237,495,589,420,644,230,431
716,676,308,128,772,183,715,242,235,315,660,805,1328,499,421,473,569,1372,764,94,431,745,459,303,503,190,479,363,363,966,565,2059,407,696,165,845,702,117,359,800,497,142,581,304,633,692,513,765,271,546
1203,1254,552,212,1413,300,1244,397,492,556,1179,1536,2446,929,733,805,1017,2415,1491,177,828,1458,809,559,933,354,955,661,712,1764,2059,1889,728,1294,277,1421,1256,238,675,1461,922,283,1018,520,1128,1306,892,1348,443,925
235,242,117,38,262,64,257,75,101,115,239,305,511,184,141,163,206,490,273,40,177,260,152,107,173,64,184,114,141,348,407,728,70,226,61,283,233,49,129,279,191,55,195,95,206,251,164,254,79,172
464,375,195,90,459,94,473,159,173,198,397,481,796,325,240,270,355,826,432,67,265,473,267,213,279,127,348,231,245,570,696,1294,226,221,113,525,454,83,251,505,297,111,351,183,382,440,281,495,178,339
100,92,43,20,102,24,106,35,37,42,86,130,181,74,51,62,72,187,118,12,64,114,55,55,82,32,69,68,59,143,165,277,61,113,10,124,109,21,55,116,79,24,80,36,93,109,84,111,36,63
475,471,211,87,562,120,539,151,197,222,465,603,957,367,277,272,383,952,544,62,298,564,319,225,357,130,379,236,259,695,845,1421,283,525,124,282,500,79,249,569,360,98,392,185,426,505,342,569,209,376
456,415,188,69,468,103,421,118,153,206,421,523,826,308,250,279,349,818,487,62,252,479,271,211,324,123,311,223,236,602,702,1256,233,454,109,500,219,85,264,534,293,98,364,177,373,459,297,468,170,307
81,70,27,10,89,16,83,13,34,29,76,91,146,70,44,46,71,157,83,13,43,76,48,25,47,22,58,39,40,118,117,238,49,83,21,79,85,5,37,86,44,10,70,31,67,71,42,95,32,60
239,232,94,47,251,56,244,80,86,114,208,290,444,169,122,127,187,425,264,36,149,261,147,112,151,64,187,112,132,322,359,675,129,251,55,249,264,37,66,263,146,50,205,91,208,234,173,259,93,172
470,478,234,91,523,131,515,153,163,223,453,546,986,362,296,296,365,1001,523,64,292,522,326,234,374,130,351,257,277,717,800,1461,279,505,116,569,534,86,263,268,311,102,409,184,475,513,351,563,186,346
319,268,136,46,328,70,327,86,106,131,274,381,606,193,192,182,228,640,319,35,170,343,215,108,219,69,207,134,158,446,497,922,191,297,79,360,293,44,146,311,113,68,252,134,273,298,203,366,119,207
98,85,41,16,124,27,86,25,37,37,87,125,168,68,48,47,57,178,89,12,43,100,43,43,59,21,52,55,54,127,142,283,55,111,24,98,98,10,50,102,68,12,74,38,76,91,59,106,32,65
340,351,173,71,399,90,379,114,122,137,298,433,628,233,204,224,275,636,406,37,216,379,232,151,271,81,243,180,201,505,581,1018,195,351,80,392,364,70,205,409,252,74,134,141,307,352,263,340,128,242
171,162,76,34,195,40,203,57,81,87,149,208,353,126,106,107,137,338,184,16,123,205,108,70,144,51,114,79,102,237,304,520,95,183,36,185,177,31,91,184,134,38,141,29,179,159,121,193,64,123
442,363,163,62,405,96,389,118,157,179,351,481,746,243,215,221,317,716,390,48,220,398,242,148,255,115,245,193,204,495,633,1128,206,382,93,426,373,67,208,475,273,76,307,179,159,376,253,379,159,290
441,408,198,67,492,119,458,144,157,165,394,534,817,287,230,268,357,850,478,61,310,504,273,184,303,112,295,227,220,589,692,1306,251,440,109,505,459,71,234,513,298,91,352,159,376,199,278,441,199,318
348,278,125,61,337,89,332,101,118,156,283,356,566,211,160,163,254,568,322,44,186,326,176,126,213,67,193,138,158,420,513,892,164,281,84,342,297,42,173,351,203,59,263,121,253,278,101,325,131,210
482,439,195,91,513,110,494,152,165,214,433,589,911,325,251,280,371,925,525,55,281,520,327,194,324,125,327,274,283,644,765,1348,254,495,111,569,468,95,259,563,366,106,340,193,379,441,325,265,180,348
155,194,75,29,179,48,177,62,78,70,156,196,327,138,95,114,133,312,191,20,106,174,101,79,139,68,137,81,98,230,271,443,79,178,36,209,170,32,93,186,119,32,128,64,159,199,131,180,35,116
381,287,131,58,356,88,333,100,119,143,290,401,585,208,177,192,247,577,324,28,204,358,205,147,219,104,257,159,170,431,546,925,172,339,63,376,307,60,172,346,207,65,242,123,290,318,210,348,116,101
