273,447,212,87,511,109,458,163,159,237,460,506,802,374,302,332,385,803,518,59,332,503,339,201,375,152,390,279,281,598,689,1137,227,497,105,491,460,82,267,459,312,99,386,176,395,412,322,489,162,360
447,176,167,75,446,106,422,114,149,174,352,470,772,287,232,255,302,749,435,64,231,468,242,191,261,114,306,189,209,562,640,1223,233,416,96,457,412,76,193,466,293,95,337,167,356,397,265,444,169,296
212,167,43,40,206,57,194,62,63,81,150,250,364,125,101,107,148,360,195,25,97,225,110,67,136,53,125,97,108,252,313,560,117,193,45,192,189,28,110,223,106,34,148,89,143,195,127,219,75,126
87,75,40,9,81,20,96,33,33,35,72,94,146,57,54,63,56,134,84,14,50,88,57,36,62,16,61,38,45,102,139,237,39,70,15,93,78,15,44,83,42,19,64,31,73,72,61,98,34,53
511,446,206,81,271,125,488,151,148,187,405,517,936,323,295,338,385,922,513,71,262,507,320,198,366,133,351,227,258,650,733,1384,282,508,114,496,506,86,275,520,338,101,424,196,417,497,335,528,191,317
109,106,57,20,125,14,112,31,48,52,95,117,187,79,63,79,77,172,103,17,62,106,62,52,70,21,89,45,54,156,182,281,40,101,19,125,103,23,46,120,72,27,83,45,100,94,71,134,32,83
458,422,194,96,488,112,219,133,155,220,404,565,811,330,275,285,340,831,491,65,283,497,303,211,334,119,342,240,280,584,706,1288,232,424,98,455,418,76,240,504,301,98,338,211,400,442,333,485,166,359
163,114,62,33,151,31,133,19,56,70,121,176,290,117,71,79,125,281,150,8,79,168,92,66,88,39,98,53,79,200,230,432,94,148,23,160,146,24,74,156,93,24,132,50,122,146,81,153,38,95
159,149,63,33,148,48,155,56,28,62,130,144,291,117,88,89,115,315,175,20,96,191,87,76,103,45,116,94,89,216,234,437,92,163,38,161,158,26,87,192,113,32,127,83,118,151,111,155,53,104
237,174,81,35,187,52,220,70,62,53,207,220,349,132,113,133,163,342,181,20,129,195,145,91,144,56,154,88,101,242,311,573,108,189,43,221,168,32,121,229,154,52,144,87,174,196,142,226,74,151
460,352,150,72,405,95,404,121,130,207,189,459,697,297,239,252,291,714,409,45,258,440,292,199,296,111,309,190,208,530,643,1160,227,397,98,466,361,68,219,443,282,98,323,170,345,359,274,473,124,298
506,470,250,94,517,117,565,176,144,220,459,310,1024,345,308,305,375,968,597,71,320,560,339,222,349,167,416,237,303,657,891,1522,315,492,142,609,526,91,268,633,376,142,430,195,474,499,325,576,217,379
802,772,364,146,936,187,811,290,291,349,697,1024,748,582,508,550,652,1414,944,98,517,932,560,342,623,238,604,444,456,1118,1303,2373,488,841,201,927,853,162,453,946,623,181,649,340,716,820,592,860,320,576
374,287,125,57,323,79,330,117,117,132,297,345,582,115,176,192,230,581,343,44,186,349,199,133,225,71,199,145,161,390,493,921,172,330,62,319,339,47,194,361,219,69,238,125,253,297,223,339,119,239
302,232,101,54,295,63,275,71,88,113,239,308,508,176,74,153,193,486,308,32,159,293,167,111,175,88,183,119,153,327,386,741,157,239,62,274,268,30,138,267,157,59,227,104,219,226,175,275,101,178
332,255,107,63,338,79,285,79,89,133,252,305,550,192,153,82,204,529,310,32,168,316,165,126,194,71,194,129,157,343,427,829,168,288,65,285,294,40,144,318,185,59,213,95,224,270,180,295,116,201
385,302,148,56,385,77,340,125,115,163,291,375,652,230,193,204,133,652,353,48,210,411,212,120,228,96,235,180,154,498,541,944,195,393,89,379,330,63,205,361,230,83,268,139,269,351,236,398,126,282
803,749,360,134,922,172,831,281,315,342,714,968,1414,581,486,529,652,791,951,103,532,939,538,344,609,243,577,429,449,1120,1324,2362,478,773,221,986,825,151,442,942,630,195,642,355,735,840,586,835,325,618
518,435,195,84,513,103,491,150,175,181,409,597,944,343,308,310,353,951,240,56,284,469,302,191,352,123,354,228,245,641,728,1431,264,507,112,518,473,82,256,541,363,108,383,181,432,453,324,536,200,375
59,64,25,14,71,17,65,8,20,20,45,71,98,44,32,32,48,103,56,5,50,72,26,21,44,18,44,27,35,76,68,182,34,59,19,54,56,17,38,69,40,14,46,31,53,56,42,70,28,43
332,231,97,50,262,62,283,79,96,129,258,320,517,186,159,168,210,532,284,50,70,307,185,129,175,64,185,130,147,339,447,817,149,257,84,282,244,59,146,283,186,53,244,108,215,239,202,314,125,185
503,468,225,88,507,106,497,168,191,195,440,560,932,349,293,316,411,939,469,72,307,264,320,204,365,128,357,244,274,639,759,1379,268,455,105,558,463,81,283,572,337,118,382,190,433,481,312,543,183,346
339,242,110,57,320,62,303,92,87,145,292,339,560,199,167,165,212,538,302,26,185,320,85,114,212,81,209,132,124,355,430,837,163,268,63,296,269,52,155,344,227,73,225,105,235,277,198,326,120,217
201,191,67,36,198,52,211,66,76,91,199,222,342,133,111,126,120,344,191,21,129,204,114,31,147,39,124,101,118,248,309,555,103,165,37,205,197,28,111,222,139,58,142,79,163,179,124,213,72,149
375,261,136,62,366,70,334,88,103,144,296,349,623,225,175,194,228,609,352,44,175,365,212,147,122,89,214,143,163,431,513,941,206,343,70,343,306,53,138,360,197,74,271,133,269,269,216,334,123,222
152,114,53,16,133,21,119,39,45,56,111,167,238,71,88,71,96,243,123,18,64,128,81,39,89,21,77,64,79,154,187,375,77,110,32,130,94,24,63,137,94,26,93,49,102,115,83,120,55,81
390,306,125,61,351,89,342,98,116,154,309,416,604,199,183,194,235,577,354,44,185,357,209,124,214,77,100,167,177,424,509,941,189,321,80,334,326,62,161,353,220,76,236,127,261,285,189,325,127,225
279,189,97,38,227,45,240,53,94,88,190,237,444,145,119,129,180,429,228,27,130,244,132,101,143,64,167,54,117,295,357,662,125,205,47,280,228,28,120,241,144,57,203,88,204,223,138,279,104,167
281,209,108,45,258,54,280,79,89,101,208,303,456,161,153,157,154,449,245,35,147,274,124,118,163,79,177,117,53,286,385,734,138,218,53,241,263,41,118,293,157,51,198,93,233,244,166,277,91,144
598,562,252,102,650,156,584,200,216,242,530,657,1118,390,327,343,498,1120,641,76,339,639,355,248,431,154,424,295,286,387,941,1791,328,561,158,677,577,106,342,648,431,112,458,233,462,580,402,649,238,464
689,640,313,139,733,182,706,230,234,311,643,891,1303,493,386,427,541,1324,728,68,447,759,430,309,513,187,509,357,385,941,572,1964,378,728,149,781,709,147,369,760,470,148,549,296,579,692,493,767,227,512
1137,1223,560,237,1384,281,1288,432,437,573,1160,1522,2373,921,741,829,944,2362,1431,182,817,1379,837,555,941,375,941,662,734,1791,1964,1845,716,1265,339,1410,1346,246,714,1499,908,282,1058,543,1122,1214,900,1344,512,979
227,233,117,39,282,40,232,94,92,108,227,315,488,172,157,168,195,478,264,34,149,268,163,103,206,77,189,125,138,328,378,716,75,235,56,297,253,42,143,276,165,63,239,108,242,275,174,288,103,201
497,416,193,70,508,101,424,148,163,189,397,492,841,330,239,288,393,773,507,59,257,455,268,165,343,110,321,205,218,561,728,1265,235,229,112,497,419,94,248,477,286,92,356,150,377,431,275,530,173,373
105,96,45,15,114,19,98,23,38,43,98,142,201,62,62,65,89,221,112,19,84,105,63,37,70,32,80,47,53,158,149,339,56,112,10,109,99,13,51,113,68,30,101,49,94,97,76,122,34,90
491,457,192,93,496,125,455,160,161,221,466,609,927,319,274,285,379,986,518,54,282,558,296,205,343,130,334,280,241,677,781,1410,297,497,109,293,494,100,259,564,306,109,412,202,394,501,333,556,183,372
460,412,189,78,506,103,418,146,158,168,361,526,853,339,268,294,330,825,473,56,244,463,269,197,306,94,326,228,263,577,709,1346,253,419,99,494,209,86,247,492,299,121,375,167,374,431,310,516,173,334
82,76,28,15,86,23,76,24,26,32,68,91,162,47,30,40,63,151,82,17,59,81,52,28,53,24,62,28,41,106,147,246,42,94,13,100,86,6,34,89,52,16,63,36,67,76,53,98,32,53
267,193,110,44,275,46,240,74,87,121,219,268,453,194,138,144,205,442,256,38,146,283,155,111,138,63,161,120,118,342,369,714,143,248,51,259,247,34,59,273,169,41,190,111,191,212,182,248,86,168
459,466,223,83,520,120,504,156,192,229,443,633,946,361,267,318,361,942,541,69,283,572,344,222,360,137,353,241,293,648,760,1499,276,477,113,564,492,89,273,254,333,109,409,214,481,465,369,530,204,369
312,293,106,42,338,72,301,93,113,154,282,376,623,219,157,185,230,630,363,40,186,337,227,139,197,94,220,144,157,431,470,908,165,286,68,306,299,52,169,333,121,84,262,135,286,288,216,367,128,238
99,95,34,19,101,27,98,24,32,52,98,142,181,69,59,59,83,195,108,14,53,118,73,58,74,26,76,57,51,112,148,282,63,92,30,109,121,16,41,109,84,7,75,38,76,105,70,110,46,67
386,337,148,64,424,83,338,132,127,144,323,430,649,238,227,213,268,642,383,46,244,382,225,142,271,93,236,203,198,458,549,1058,239,356,101,412,375,63,190,409,262,75,146,133,292,360,256,349,168,278
176,167,89,31,196,45,211,50,83,87,170,195,340,125,104,95,139,355,181,31,108,190,105,79,133,49,127,88,93,233,296,543,108,150,49,202,167,36,111,214,135,38,133,35,167,167,123,202,82,116
395,356,143,73,417,100,400,122,118,174,345,474,716,253,219,224,269,735,432,53,215,433,235,163,269,102,261,204,233,462,579,1122,242,377,94,394,374,67,191,481,286,76,292,167,153,335,272,405,143,263
412,397,195,72,497,94,442,146,151,196,359,499,820,297,226,270,351,840,453,56,239,481,277,179,269,115,285,223,244,580,692,1214,275,431,97,501,431,76,212,465,288,105,360,167,335,197,291,494,165,322
322,265,127,61,335,71,333,81,111,142,274,325,592,223,175,180,236,586,324,42,202,312,198,124,216,83,189,138,166,402,493,900,174,275,76,333,310,53,182,369,216,70,256,123,272,291,102,355,129,217
489,444,219,98,528,134,485,153,155,226,473,576,860,339,275,295,398,835,536,70,314,543,326,213,334,120,325,279,277,649,767,1344,288,530,122,556,516,98,248,530,367,110,349,202,405,494,355,246,194,376
162,169,75,34,191,32,166,38,53,74,124,217,320,119,101,116,126,325,200,28,125,183,120,72,123,55,127,104,91,238,227,512,103,173,34,183,173,32,86,204,128,46,168,82,143,165,129,194,29,110
360,296,126,53,317,83,359,95,104,151,298,379,576,239,178,201,282,618,375,43,185,346,217,149,222,81,225,167,144,464,512,979,201,373,90,372,334,53,168,369,238,67,278,116,263,322,217,376,110,115
