269,469,240,87,505,87,487,186,169,258,465,534,846,354,300,330,341,845,514,61,332,499,358,196,391,138,341,276,316,580,723,1235,243,463,116,525,486,88,246,503,297,99,374,155,457,426,330,511,178,364
469,187,176,78,427,96,449,116,162,171,383,452,802,278,235,254,283,780,438,49,246,447,254,178,288,119,310,194,239,545,687,1255,254,410,104,436,382,60,205,465,305,86,336,154,354,400,282,458,189,292
240,176,31,24,188,48,188,44,78,76,167,221,395,123,114,116,152,373,207,20,126,214,116,79,120,44,120,90,92,253,316,560,108,178,42,196,188,31,87,216,128,45,174,74,149,193,118,210,82,130
87,78,24,6,72,11,73,23,25,38,68,89,153,53,38,52,54,166,78,11,55,81,56,36,62,22,60,45,56,111,109,228,42,84,23,90,81,20,33,78,57,19,64,30,83,58,57,92,37,57
505,427,188,72,252,96,464,146,168,203,448,579,940,334,248,266,333,912,530,72,288,507,335,206,379,137,346,223,264,672,797,1446,274,458,113,532,506,77,232,562,351,104,384,192,431,450,336,503,194,376
87,96,48,11,96,6,99,37,40,47,98,91,197,75,75,83,79,227,112,18,74,120,83,55,77,31,73,61,64,160,170,296,62,111,26,115,96,21,56,116,64,22,84,39,89,95,79,129,55,64
487,449,188,73,464,99,215,138,142,208,423,524,867,302,259,307,343,864,471,61,308,481,307,205,331,120,312,230,234,644,697,1319,259,468,108,550,447,88,248,507,288,118,391,174,387,417,300,482,168,323
186,116,44,23,146,37,138,24,48,75,145,164,292,94,78,86,114,284,145,18,72,165,80,68,80,36,96,71,75,174,240,459,85,147,31,174,139,35,70,168,105,28,119,44,108,152,85,159,48,128
169,162,78,25,168,40,142,48,25,54,138,191,280,98,82,83,123,296,167,23,94,145,98,62,126,48,100,85,92,205,246,456,85,145,29,183,142,27,81,190,103,32,110,78,141,144,104,157,56,121
258,171,76,38,203,47,208,75,54,37,177,211,367,135,116,128,142,347,189,24,122,198,145,59,140,55,147,104,119,253,323,546,111,197,51,225,205,32,111,191,164,36,157,74,167,200,140,220,73,134
465,383,167,68,448,98,423,145,138,177,179,472,743,275,240,276,340,769,409,53,245,435,292,167,282,110,293,224,222,542,646,1193,234,403,86,503,415,64,234,434,309,83,308,164,355,371,270,433,165,306
534,452,221,89,579,91,524,164,191,211,472,314,989,356,295,311,430,988,591,72,303,582,322,208,360,142,392,272,267,727,830,1536,296,543,119,610,511,102,288,595,381,117,431,211,454,519,364,587,191,363
846,802,395,153,940,197,867,292,280,367,743,989,810,570,462,521,668,1479,884,117,531,894,524,355,584,229,590,447,451,1139,1343,2399,469,886,195,1000,839,171,452,990,628,183,697,355,681,864,528,952,274,589
354,278,123,53,334,75,302,94,98,135,275,356,570,100,170,202,220,571,342,39,194,334,200,123,220,83,222,160,176,418,482,943,167,308,71,340,285,61,184,358,227,76,249,125,264,317,186,360,110,218
300,235,114,38,248,75,259,78,82,116,240,295,462,170,65,137,181,471,251,29,142,251,147,105,164,66,154,122,139,333,391,755,129,230,65,282,232,49,127,273,161,60,202,97,198,243,157,295,103,183
330,254,116,52,266,83,307,86,83,128,276,311,521,202,137,76,209,490,268,39,159,281,171,117,172,65,187,126,138,346,412,813,154,254,64,310,280,53,150,297,190,67,236,89,227,247,178,306,109,207
341,283,152,54,333,79,343,114,123,142,340,430,668,220,181,209,132,659,372,42,215,378,200,132,210,84,236,165,210,474,545,1041,219,293,72,384,339,64,189,393,248,66,296,127,278,337,219,358,144,248
845,780,373,166,912,227,864,284,296,347,769,988,1479,571,471,490,659,799,900,113,503,918,511,350,611,219,595,418,445,1138,1379,2432,480,877,197,1000,807,159,456,970,620,187,684,350,718,878,529,960,295,587
514,438,207,78,530,112,471,145,167,189,409,591,884,342,251,268,372,900,231,59,282,455,295,200,324,142,337,239,245,635,747,1408,261,449,111,580,508,73,241,573,365,106,388,191,415,474,300,523,189,365
61,49,20,11,72,18,61,18,23,24,53,72,117,39,29,39,42,113,59,0,29,64,36,32,54,15,40,31,22,80,107,166,32,57,13,64,61,11,29,67,56,15,52,27,59,61,40,62,21,37
332,246,126,55,288,74,308,72,94,122,245,303,531,194,142,159,215,503,282,29,57,294,175,122,196,69,181,130,139,340,424,799,140,263,60,284,287,59,137,273,180,52,217,110,218,256,170,314,100,213
499,447,214,81,507,120,481,165,145,198,435,582,894,334,251,281,378,918,455,64,294,250,298,202,373,136,352,225,249,689,757,1465,265,448,108,595,503,78,243,543,326,110,381,183,417,461,312,519,192,357
358,254,116,56,335,83,307,80,98,145,292,322,524,200,147,171,200,511,295,36,175,298,81,130,194,71,207,128,159,364,416,832,165,279,62,324,286,58,157,335,195,61,232,121,252,269,191,357,112,208
196,178,79,36,206,55,205,68,62,59,167,208,355,123,105,117,132,350,200,32,122,202,130,40,127,57,148,104,97,257,290,590,114,175,48,216,198,32,98,197,109,58,169,66,159,171,124,205,80,117
391,288,120,62,379,77,331,80,126,140,282,360,584,220,164,172,210,611,324,54,196,373,194,127,119,86,234,163,155,420,520,938,182,318,80,361,285,59,144,329,212,73,247,111,254,260,198,353,131,221
138,119,44,22,137,31,120,36,48,55,110,142,229,83,66,65,84,219,142,15,69,136,71,57,86,17,78,60,60,144,198,370,73,119,29,124,115,18,69,123,78,38,90,52,102,119,81,134,57,77
341,310,120,60,346,73,312,96,100,147,293,392,590,222,154,187,236,595,337,40,181,352,207,148,234,78,122,169,151,382,497,970,198,288,66,352,312,48,167,336,231,72,271,131,258,316,223,354,137,222
276,194,90,45,223,61,230,71,85,104,224,272,447,160,122,126,165,418,239,31,130,225,128,104,163,60,169,48,101,268,356,678,128,238,41,235,242,40,108,230,131,46,182,74,201,209,138,234,88,163
316,239,92,56,264,64,234,75,92,119,222,267,451,176,139,138,210,445,245,22,139,249,159,97,155,60,151,101,58,340,375,672,119,229,57,285,252,32,126,257,166,49,195,108,182,213,159,243,98,198
580,545,253,111,672,160,644,174,205,253,542,727,1139,418,333,346,474,1138,635,80,340,689,364,257,420,144,382,268,340,405,989,1774,337,587,146,647,602,115,309,726,443,126,453,222,535,635,351,674,213,433
723,687,316,109,797,170,697,240,246,323,646,830,1343,482,391,412,545,1379,747,107,424,757,416,290,520,198,497,356,375,989,580,2052,380,695,159,791,720,115,381,832,537,158,566,278,592,699,468,761,290,517
1235,1255,560,228,1446,296,1319,459,456,546,1193,1536,2399,943,755,813,1041,2432,1408,166,799,1465,832,590,938,370,970,678,672,1774,2052,1937,760,1327,360,1566,1268,281,715,1492,968,318,1090,578,1124,1303,903,1478,513,954
243,254,108,42,274,62,259,85,85,111,234,296,469,167,129,154,219,480,261,32,140,265,165,114,182,73,198,128,119,337,380,760,63,239,46,323,207,57,137,266,189,62,201,96,226,240,160,286,71,181
463,410,178,84,458,111,468,147,145,197,403,543,886,308,230,254,293,877,449,57,263,448,279,175,318,119,288,238,229,587,695,1327,239,262,100,475,453,74,235,501,331,87,358,177,373,399,277,528,175,317
116,104,42,23,113,26,108,31,29,51,86,119,195,71,65,64,72,197,111,13,60,108,62,48,80,29,66,41,57,146,159,360,46,100,13,141,87,18,56,121,80,24,88,48,86,89,75,125,50,79
525,436,196,90,532,115,550,174,183,225,503,610,1000,340,282,310,384,1000,580,64,284,595,324,216,361,124,352,235,285,647,791,1566,323,475,141,250,480,96,272,576,374,107,414,200,452,502,342,572,223,376
486,382,188,81,506,96,447,139,142,205,415,511,839,285,232,280,339,807,508,61,287,503,286,198,285,115,312,242,252,602,720,1268,207,453,87,480,222,75,235,478,309,111,349,173,387,401,297,483,164,326
88,60,31,20,77,21,88,35,27,32,64,102,171,61,49,53,64,159,73,11,59,78,58,32,59,18,48,40,32,115,115,281,57,74,18,96,75,11,38,77,38,20,69,30,67,72,58,82,30,59
246,205,87,33,232,56,248,70,81,111,234,288,452,184,127,150,189,456,241,29,137,243,157,98,144,69,167,108,126,309,381,715,137,235,56,272,235,38,66,257,171,50,196,84,188,228,149,258,73,182
503,465,216,78,562,116,507,168,190,191,434,595,990,358,273,297,393,970,573,67,273,543,335,197,329,123,336,230,257,726,832,1492,266,501,121,576,478,77,257,303,357,112,419,214,411,488,325,561,192,361
297,305,128,57,351,64,288,105,103,164,309,381,628,227,161,190,248,620,365,56,180,326,195,109,212,78,231,131,166,443,537,968,189,331,80,374,309,38,171,357,88,70,242,123,238,336,218,373,140,242
99,86,45,19,104,22,118,28,32,36,83,117,183,76,60,67,66,187,106,15,52,110,61,58,73,38,72,46,49,126,158,318,62,87,24,107,111,20,50,112,70,15,89,35,103,110,82,110,41,58
374,336,174,64,384,84,391,119,110,157,308,431,697,249,202,236,296,684,388,52,217,381,232,169,247,90,271,182,195,453,566,1090,201,358,88,414,349,69,196,419,242,89,138,150,344,356,260,392,136,261
155,154,74,30,192,39,174,44,78,74,164,211,355,125,97,89,127,350,191,27,110,183,121,66,111,52,131,74,108,222,278,578,96,177,48,200,173,30,84,214,123,35,150,37,140,200,117,194,77,112
457,354,149,83,431,89,387,108,141,167,355,454,681,264,198,227,278,718,415,59,218,417,252,159,254,102,258,201,182,535,592,1124,226,373,86,452,387,67,188,411,238,103,344,140,151,355,246,420,166,281
426,400,193,58,450,95,417,152,144,200,371,519,864,317,243,247,337,878,474,61,256,461,269,171,260,119,316,209,213,635,699,1303,240,399,89,502,401,72,228,488,336,110,356,200,355,210,290,460,148,299
330,282,118,57,336,79,300,85,104,140,270,364,528,186,157,178,219,529,300,40,170,312,191,124,198,81,223,138,159,351,468,903,160,277,75,342,297,58,149,325,218,82,260,117,246,290,121,332,98,220
511,458,210,92,503,129,482,159,157,220,433,587,952,360,295,306,358,960,523,62,314,519,357,205,353,134,354,234,243,674,761,1478,286,528,125,572,483,82,258,561,373,110,392,194,420,460,332,272,185,352
178,189,82,37,194,55,168,48,56,73,165,191,274,110,103,109,144,295,189,21,100,192,112,80,131,57,137,88,98,213,290,513,71,175,50,223,164,30,73,192,140,41,136,77,166,148,98,185,31,132
364,292,130,57,376,64,323,128,121,134,306,363,589,218,183,207,248,587,365,37,213,357,208,117,221,77,222,163,198,433,517,954,181,317,79,376,326,59,182,361,242,58,261,112,281,299,220,352,132,126
