252,465,217,104,533,129,479,180,157,232,448,523,808,333,324,367,364,801,498,62,287,504,368,214,379,133,343,304,316,652,699,1138,240,475,124,533,491,85,273,418,306,98,373,152,440,399,356,504,187,381
465,203,167,76,449,101,420,130,152,194,383,458,759,280,218,208,306,771,459,55,224,459,264,160,304,122,320,184,224,546,665,1200,232,423,106,446,411,63,231,474,303,93,328,156,341,377,290,489,149,297
217,167,37,34,205,54,188,56,61,77,166,224,331,123,104,112,145,359,186,24,107,172,113,87,111,58,131,90,86,262,307,584,91,180,43,201,208,28,93,221,129,43,169,74,155,182,106,215,68,124
104,76,34,2,78,17,90,32,25,38,68,91,135,61,50,46,61,155,77,19,58,78,50,39,60,24,65,38,57,91,109,224,61,72,14,88,72,20,47,83,64,23,70,31,81,84,59,96,29,70
533,449,205,78,265,106,470,157,187,194,453,580,880,320,267,254,369,898,527,68,255,532,321,186,328,126,365,237,267,646,786,1424,258,480,121,548,483,81,239,555,334,92,393,201,411,433,333,528,222,324
129,101,54,17,106,14,105,39,30,56,111,119,193,83,54,56,81,211,111,20,75,98,74,53,75,34,91,52,64,127,151,289,62,138,29,119,105,21,61,95,63,31,89,42,93,105,75,111,34,82
479,420,188,90,470,105,214,163,175,199,403,520,762,326,263,275,351,845,449,75,298,449,287,216,326,134,335,229,254,595,659,1315,255,454,113,536,438,86,250,478,301,107,354,188,391,466,310,505,178,344
180,130,56,32,157,39,163,18,43,53,117,208,255,121,77,83,92,273,156,17,81,140,96,51,97,33,97,75,55,171,219,424,83,149,35,167,138,22,61,156,100,23,124,49,104,134,94,160,58,96
157,152,61,25,187,30,175,43,30,58,131,188,304,112,106,94,118,314,183,31,98,192,120,57,103,34,96,77,71,224,254,485,87,148,47,168,148,24,72,183,112,34,140,61,143,128,101,169,80,106
232,194,77,38,194,56,199,53,58,39,163,220,356,121,123,128,143,375,221,20,94,207,130,81,147,62,133,106,117,258,330,582,108,219,57,235,195,31,98,209,137,45,170,66,161,178,131,217,74,149
448,383,166,68,453,111,403,117,131,163,194,470,717,289,250,263,302,760,460,44,242,453,284,182,314,115,299,201,223,527,664,1116,225,426,100,462,430,74,215,449,300,114,325,164,363,399,278,446,144,292
523,458,224,91,580,119,520,208,188,220,470,314,1027,354,287,308,389,1010,551,76,308,586,345,225,364,132,364,227,284,749,852,1627,277,505,120,615,508,101,281,583,372,95,408,216,473,514,349,606,217,379
808,759,331,135,880,193,762,255,304,356,717,1027,765,577,433,523,642,1379,894,94,491,948,483,381,533,215,605,414,451,1124,1326,2305,436,839,222,954,791,174,437,943,581,170,681,311,670,803,548,885,305,594
333,280,123,61,320,83,326,121,112,121,289,354,577,107,194,204,225,642,331,40,193,329,205,159,238,80,232,170,193,388,537,975,205,302,83,336,310,67,182,370,184,69,257,127,298,306,225,341,140,206
324,218,104,50,267,54,263,77,106,123,250,287,433,194,77,139,199,465,246,24,131,272,177,116,180,64,175,116,140,313,365,723,124,277,59,290,246,45,107,281,167,49,195,97,201,226,162,261,108,193
367,208,112,46,254,56,275,83,94,128,263,308,523,204,139,62,212,520,274,26,152,309,181,112,170,66,166,133,115,333,405,810,140,299,57,321,249,46,142,307,182,64,209,111,207,256,158,310,102,198
364,306,145,61,369,81,351,92,118,143,302,389,642,225,199,212,135,660,396,46,209,400,234,124,241,87,237,178,196,452,547,1028,195,343,79,381,323,53,172,379,248,67,266,133,298,316,229,350,133,233
801,771,359,155,898,211,845,273,314,375,760,1010,1379,642,465,520,660,763,901,100,505,940,548,362,591,212,619,400,495,1098,1305,2286,450,848,197,927,808,157,468,954,547,176,686,333,758,785,572,896,312,621
498,459,186,77,527,111,449,156,183,221,460,551,894,331,246,274,396,901,286,61,273,530,321,234,345,117,356,231,234,604,773,1368,255,455,114,540,487,82,244,546,316,113,351,177,416,470,336,554,174,361
62,55,24,19,68,20,75,17,31,20,44,76,94,40,24,26,46,100,61,4,34,58,38,20,48,16,47,31,28,75,93,172,35,49,15,58,68,15,28,69,51,10,48,19,61,54,43,75,25,43
287,224,107,58,255,75,298,81,98,94,242,308,491,193,131,152,209,505,273,34,62,305,180,108,176,72,174,110,124,338,412,805,159,262,67,273,265,39,129,284,173,55,201,92,245,281,157,306,122,194
504,459,172,78,532,98,449,140,192,207,453,586,948,329,272,309,400,940,530,58,305,284,301,218,379,121,367,232,253,645,807,1396,277,458,133,598,462,70,274,581,333,93,368,214,424,492,322,518,193,372
368,264,113,50,321,74,287,96,120,130,284,345,483,205,177,181,234,548,321,38,180,301,79,109,189,82,205,137,170,361,447,844,158,281,66,325,266,42,152,343,179,78,238,121,248,277,203,309,112,212
214,160,87,39,186,53,216,51,57,81,182,225,381,159,116,112,124,362,234,20,108,218,109,41,161,55,143,92,111,243,338,588,105,187,44,226,193,34,101,232,126,40,159,80,155,201,115,215,76,139
379,304,111,60,328,75,326,97,103,147,314,364,533,238,180,170,241,591,345,48,176,379,189,161,102,86,229,140,185,439,505,931,181,345,79,311,330,62,158,385,209,61,255,143,282,314,197,345,128,240
133,122,58,24,126,34,134,33,34,62,115,132,215,80,64,66,87,212,117,16,72,121,82,55,86,15,74,42,60,153,199,356,70,107,25,126,112,14,55,155,91,30,91,57,104,130,85,143,45,79
343,320,131,65,365,91,335,97,96,133,299,364,605,232,175,166,237,619,356,47,174,367,205,143,229,74,125,141,174,445,539,999,194,316,67,343,304,62,175,365,198,58,247,136,309,331,220,374,134,241
304,184,90,38,237,52,229,75,77,106,201,227,414,170,116,133,178,400,231,31,110,232,137,92,140,42,141,46,120,265,339,674,115,215,53,255,238,39,115,254,153,50,171,108,183,215,143,243,94,171
316,224,86,57,267,64,254,55,71,117,223,284,451,193,140,115,196,495,234,28,124,253,170,111,185,60,174,120,57,292,342,716,149,248,62,256,258,38,119,309,159,39,208,96,234,236,161,261,102,170
652,546,262,91,646,127,595,171,224,258,527,749,1124,388,313,333,452,1098,604,75,338,645,361,243,439,153,445,265,292,378,976,1752,349,587,143,689,582,116,308,684,394,109,459,205,490,583,354,676,266,401
699,665,307,109,786,151,659,219,254,330,664,852,1326,537,365,405,547,1305,773,93,412,807,447,338,505,199,539,339,342,976,582,2100,396,686,185,807,719,149,386,773,457,172,553,258,626,717,463,760,287,522
1138,1200,584,224,1424,289,1315,424,485,582,1116,1627,2305,975,723,810,1028,2286,1368,172,805,1396,844,588,931,356,999,674,716,1752,2100,1819,691,1321,302,1443,1294,241,678,1458,949,290,1011,561,1102,1279,884,1418,463,977
240,232,91,61,258,62,255,83,87,108,225,277,436,205,124,140,195,450,255,35,159,277,158,105,181,70,194,115,149,349,396,691,78,237,47,275,254,45,133,291,149,51,198,111,215,235,172,272,92,166
475,423,180,72,480,138,454,149,148,219,426,505,839,302,277,299,343,848,455,49,262,458,281,187,345,107,316,215,248,587,686,1321,237,247,126,521,413,75,237,513,292,93,343,172,397,415,304,505,173,339
124,106,43,14,121,29,113,35,47,57,100,120,222,83,59,57,79,197,114,15,67,133,66,44,79,25,67,53,62,143,185,302,47,126,18,120,101,26,56,133,64,20,86,49,87,114,76,123,39,82
533,446,201,88,548,119,536,167,168,235,462,615,954,336,290,321,381,927,540,58,273,598,325,226,311,126,343,255,256,689,807,1443,275,521,120,291,507,92,287,512,359,105,397,198,425,484,364,534,214,379
491,411,208,72,483,105,438,138,148,195,430,508,791,310,246,249,323,808,487,68,265,462,266,193,330,112,304,238,258,582,719,1294,254,413,101,507,199,88,242,483,318,98,341,191,376,413,297,502,163,344
85,63,28,20,81,21,86,22,24,31,74,101,174,67,45,46,53,157,82,15,39,70,42,34,62,14,62,39,38,116,149,241,45,75,26,92,88,5,51,94,63,15,59,34,58,86,51,93,47,55
273,231,93,47,239,61,250,61,72,98,215,281,437,182,107,142,172,468,244,28,129,274,152,101,158,55,175,115,119,308,386,678,133,237,56,287,242,51,42,261,155,44,189,99,182,232,166,248,90,155
418,474,221,83,555,95,478,156,183,209,449,583,943,370,281,307,379,954,546,69,284,581,343,232,385,155,365,254,309,684,773,1458,291,513,133,512,483,94,261,273,334,115,385,188,443,478,349,557,170,338
306,303,129,64,334,63,301,100,112,137,300,372,581,184,167,182,248,547,316,51,173,333,179,126,209,91,198,153,159,394,457,949,149,292,64,359,318,63,155,334,114,76,237,133,245,303,214,348,100,212
98,93,43,23,92,31,107,23,34,45,114,95,170,69,49,64,67,176,113,10,55,93,78,40,61,30,58,50,39,109,172,290,51,93,20,105,98,15,44,115,76,7,81,29,65,90,61,111,35,67
373,328,169,70,393,89,354,124,140,170,325,408,681,257,195,209,266,686,351,48,201,368,238,159,255,91,247,171,208,459,553,1011,198,343,86,397,341,59,189,385,237,81,135,140,320,370,234,382,145,279
152,156,74,31,201,42,188,49,61,66,164,216,311,127,97,111,133,333,177,19,92,214,121,80,143,57,136,108,96,205,258,561,111,172,49,198,191,34,99,188,133,29,140,38,164,142,131,188,72,114
440,341,155,81,411,93,391,104,143,161,363,473,670,298,201,207,298,758,416,61,245,424,248,155,282,104,309,183,234,490,626,1102,215,397,87,425,376,58,182,443,245,65,320,164,178,329,245,400,155,285
399,377,182,84,433,105,466,134,128,178,399,514,803,306,226,256,316,785,470,54,281,492,277,201,314,130,331,215,236,583,717,1279,235,415,114,484,413,86,232,478,303,90,370,142,329,214,294,480,163,332
356,290,106,59,333,75,310,94,101,131,278,349,548,225,162,158,229,572,336,43,157,322,203,115,197,85,220,143,161,354,463,884,172,304,76,364,297,51,166,349,214,61,234,131,245,294,106,315,112,218
504,489,215,96,528,111,505,160,169,217,446,606,885,341,261,310,350,896,554,75,306,518,309,215,345,143,374,243,261,676,760,1418,272,505,123,534,502,93,248,557,348,111,382,188,400,480,315,276,189,347
187,149,68,29,222,34,178,58,80,74,144,217,305,140,108,102,133,312,174,25,122,193,112,76,128,45,134,94,102,266,287,463,92,173,39,214,163,47,90,170,100,35,145,72,155,163,112,189,34,134
381,297,124,70,324,82,344,96,106,149,292,379,594,206,193,198,233,621,361,43,194,372,212,139,240,79,241,171,170,401,522,977,166,339,82,379,344,55,155,338,212,67,279,114,285,332,218,347,134,103
