278,442,203,89,498,108,471,155,168,234,428,532,800,342,303,335,373,804,492,76,342,516,323,219,379,161,375,257,300,595,671,1200,231,473,113,503,472,86,234,458,312,115,354,138,448,414,363,469,172,406
442,174,164,85,442,111,398,117,114,149,330,486,796,266,219,225,320,778,402,53,214,451,251,154,268,121,282,190,203,574,668,1207,251,397,92,420,391,72,198,443,270,82,314,156,323,383,272,461,156,309
203,164,35,37,211,53,201,60,62,90,190,213,371,143,87,96,132,364,204,22,83,198,109,90,154,58,149,79,86,223,305,575,111,166,48,199,191,34,101,219,133,45,128,62,171,188,125,192,84,128
89,85,37,6,72,25,85,25,27,33,69,105,157,58,50,48,63,147,97,9,51,102,61,45,59,24,66,40,49,115,138,212,53,80,17,94,78,17,46,84,59,12,58,28,86,78,66,88,33,60
498,442,211,72,260,106,476,143,180,200,389,589,925,330,263,284,407,859,497,57,270,511,289,191,340,109,334,220,261,639,778,1358,251,457,106,501,459,74,261,547,349,112,395,178,415,424,331,520,183,354
108,111,53,25,106,10,124,41,53,44,96,130,206,90,68,73,81,193,107,12,76,134,69,54,70,31,79,61,65,143,163,280,59,112,18,106,116,19,53,102,67,20,80,40,102,116,85,114,37,88
471,398,201,85,476,124,239,152,171,188,393,526,847,326,286,277,340,811,491,69,263,509,307,193,314,103,314,233,263,613,718,1316,262,417,94,513,442,76,232,467,316,88,331,174,380,431,356,467,175,314
155,117,60,25,143,41,152,30,50,63,139,168,276,102,76,70,102,278,148,13,93,166,94,65,102,50,116,73,81,194,225,436,82,141,30,168,147,30,68,145,90,27,125,56,126,143,110,148,60,96
168,114,62,27,180,53,171,50,26,59,146,169,280,116,92,94,112,270,174,21,75,162,93,66,96,37,97,79,85,193,246,444,91,158,41,171,145,34,79,191,116,33,118,54,135,169,119,185,62,99
234,149,90,33,200,44,188,63,59,43,159,217,395,148,113,122,148,379,234,30,111,220,128,93,160,39,122,91,124,259,308,597,127,203,45,232,200,18,103,194,127,42,188,76,193,179,127,226,79,131
428,330,190,69,389,96,393,139,146,159,173,454,785,293,209,240,327,746,453,53,228,466,275,174,287,98,280,192,246,536,686,1179,240,387,76,453,388,64,206,420,287,95,350,158,366,374,286,467,128,282
532,486,213,105,589,130,526,168,169,217,454,301,992,363,285,302,416,982,596,61,324,540,335,214,371,144,366,247,276,706,817,1557,322,533,132,614,505,91,317,584,361,131,438,208,412,519,354,572,186,374
800,796,371,157,925,206,847,276,280,395,785,992,798,591,462,510,639,1430,879,109,507,890,544,378,592,223,634,423,471,1144,1324,2475,502,843,197,947,823,148,486,976,605,199,671,350,711,816,600,885,331,637
342,266,143,58,330,90,326,102,116,148,293,363,591,105,175,198,231,568,309,43,172,359,195,130,218,91,212,143,165,416,520,886,175,302,73,340,318,50,171,344,222,47,264,137,280,290,202,329,117,196
303,219,87,50,263,68,286,76,92,113,209,285,462,175,62,119,201,459,265,30,149,255,162,111,176,69,182,124,133,310,387,745,138,250,43,278,239,36,147,298,160,57,194,95,197,225,143,285,107,173
335,225,96,48,284,73,277,70,94,122,240,302,510,198,119,65,212,509,284,35,148,288,167,108,194,63,164,139,147,333,427,766,153,277,70,282,242,38,149,341,196,55,207,114,219,256,151,310,123,207
373,320,132,63,407,81,340,102,112,148,327,416,639,231,201,212,153,656,365,34,192,389,217,129,251,106,249,168,162,426,571,1024,199,344,73,392,325,68,189,365,218,64,263,134,289,369,239,380,143,227
804,778,364,147,859,193,811,278,270,379,746,982,1430,568,459,509,656,806,901,105,511,922,551,374,597,226,638,396,465,1148,1359,2402,485,829,207,943,832,127,478,1004,589,193,653,363,708,823,559,940,328,639
492,402,204,97,497,107,491,148,174,234,453,596,879,309,265,284,365,901,265,60,296,480,323,177,334,112,318,226,255,601,773,1427,281,462,117,517,471,76,266,563,316,109,437,171,398,455,347,517,196,343
76,53,22,9,57,12,69,13,21,30,53,61,109,43,30,35,34,105,60,1,36,70,35,33,38,16,41,22,33,80,95,170,26,59,9,56,61,12,28,80,36,9,52,28,43,67,34,57,18,34
342,214,83,51,270,76,263,93,75,111,228,324,507,172,149,148,192,511,296,36,79,271,190,116,188,66,190,130,146,364,433,785,150,267,68,288,255,46,125,288,180,61,218,103,205,255,183,279,113,194
516,451,198,102,511,134,509,166,162,220,466,540,890,359,255,288,389,922,480,70,271,253,312,186,353,138,353,228,269,650,718,1379,245,459,113,515,485,90,286,555,342,118,412,186,406,469,338,527,192,335
323,251,109,61,289,69,307,94,93,128,275,335,544,195,162,167,217,551,323,35,190,312,89,114,186,72,181,119,180,385,458,819,154,251,41,286,280,49,158,301,185,70,258,91,231,262,176,301,107,213
219,154,90,45,191,54,193,65,66,93,174,214,378,130,111,108,129,374,177,33,116,186,114,49,147,60,143,89,103,269,304,544,114,179,57,209,198,43,85,178,118,34,137,75,155,188,146,199,83,158
379,268,154,59,340,70,314,102,96,160,287,371,592,218,176,194,251,597,334,38,188,353,186,147,122,72,217,132,186,402,489,941,191,313,80,345,293,54,163,366,193,76,234,123,259,302,205,357,128,244
161,121,58,24,109,31,103,50,37,39,98,144,223,91,69,63,106,226,112,16,66,138,72,60,72,9,71,40,61,170,190,374,84,113,33,134,120,19,63,118,88,29,102,42,81,106,69,141,59,75
375,282,149,66,334,79,314,116,97,122,280,366,634,212,182,164,249,638,318,41,190,353,181,143,217,71,114,154,172,417,554,987,209,297,88,358,315,61,174,349,236,85,266,122,270,319,200,383,132,215
257,190,79,40,220,61,233,73,79,91,192,247,423,143,124,139,168,396,226,22,130,228,119,89,132,40,154,58,106,257,348,672,106,233,58,247,214,35,137,258,152,56,177,80,176,203,138,281,83,173
300,203,86,49,261,65,263,81,85,124,246,276,471,165,133,147,162,465,255,33,146,269,180,103,186,61,172,106,66,306,360,693,134,237,61,244,256,41,117,252,157,56,215,85,199,237,173,277,114,156
595,574,223,115,639,143,613,194,193,259,536,706,1144,416,310,333,426,1148,601,80,364,650,385,269,402,170,417,257,306,407,991,1781,340,586,153,622,571,107,310,693,430,133,450,237,489,544,368,637,253,412
671,668,305,138,778,163,718,225,246,308,686,817,1324,520,387,427,571,1359,773,95,433,718,458,304,489,190,554,348,360,991,565,2048,387,705,201,827,725,140,394,861,516,190,571,290,611,648,452,762,265,502
1200,1207,575,212,1358,280,1316,436,444,597,1179,1557,2475,886,745,766,1024,2402,1427,170,785,1379,819,544,941,374,987,672,693,1781,2048,1957,768,1261,310,1493,1245,246,696,1450,927,311,1063,527,1106,1304,888,1387,496,932
231,251,111,53,251,59,262,82,91,127,240,322,502,175,138,153,199,485,281,26,150,245,154,114,191,84,209,106,134,340,387,768,76,262,55,290,252,49,162,264,183,65,219,85,216,260,156,287,95,172
473,397,166,80,457,112,417,141,158,203,387,533,843,302,250,277,344,829,462,59,267,459,251,179,313,113,297,233,237,586,705,1261,262,229,105,489,406,69,217,490,302,94,358,156,374,420,309,482,170,328
113,92,48,17,106,18,94,30,41,45,76,132,197,73,43,70,73,207,117,9,68,113,41,57,80,33,88,58,61,153,201,310,55,105,11,119,109,17,59,138,79,18,108,45,101,104,71,126,37,69
503,420,199,94,501,106,513,168,171,232,453,614,947,340,278,282,392,943,517,56,288,515,286,209,345,134,358,247,244,622,827,1493,290,489,119,274,498,87,271,563,342,108,390,199,423,478,354,544,212,371
472,391,191,78,459,116,442,147,145,200,388,505,823,318,239,242,325,832,471,61,255,485,280,198,293,120,315,214,256,571,725,1245,252,406,109,498,213,65,237,481,315,91,334,187,361,423,280,474,163,326
86,72,34,17,74,19,76,30,34,18,64,91,148,50,36,38,68,127,76,12,46,90,49,43,54,19,61,35,41,107,140,246,49,69,17,87,65,5,58,90,36,18,65,39,75,83,54,77,35,47
234,198,101,46,261,53,232,68,79,103,206,317,486,171,147,149,189,478,266,28,125,286,158,85,163,63,174,137,117,310,394,696,162,217,59,271,237,58,58,274,173,48,176,96,191,243,183,260,94,177
458,443,219,84,547,102,467,145,191,194,420,584,976,344,298,341,365,1004,563,80,288,555,301,178,366,118,349,258,252,693,861,1450,264,490,138,563,481,90,274,281,338,109,400,213,419,510,349,520,177,375
312,270,133,59,349,67,316,90,116,127,287,361,605,222,160,196,218,589,316,36,180,342,185,118,193,88,236,152,157,430,516,927,183,302,79,342,315,36,173,338,116,84,249,136,246,299,204,334,123,229
115,82,45,12,112,20,88,27,33,42,95,131,199,47,57,55,64,193,109,9,61,118,70,34,76,29,85,56,56,133,190,311,65,94,18,108,91,18,48,109,84,16,74,33,96,90,60,112,41,67
354,314,128,58,395,80,331,125,118,188,350,438,671,264,194,207,263,653,437,52,218,412,258,137,234,102,266,177,215,450,571,1063,219,358,108,390,334,65,176,400,249,74,152,141,307,339,233,374,138,297
138,156,62,28,178,40,174,56,54,76,158,208,350,137,95,114,134,363,171,28,103,186,91,75,123,42,122,80,85,237,290,527,85,156,45,199,187,39,96,213,136,33,141,36,161,166,120,212,61,113
448,323,171,86,415,102,380,126,135,193,366,412,711,280,197,219,289,708,398,43,205,406,231,155,259,81,270,176,199,489,611,1106,216,374,101,423,361,75,191,419,246,96,307,161,168,334,253,419,174,286
414,383,188,78,424,116,431,143,169,179,374,519,816,290,225,256,369,823,455,67,255,469,262,188,302,106,319,203,237,544,648,1304,260,420,104,478,423,83,243,510,299,90,339,166,334,206,278,462,167,317
363,272,125,66,331,85,356,110,119,127,286,354,600,202,143,151,239,559,347,34,183,338,176,146,205,69,200,138,173,368,452,888,156,309,71,354,280,54,183,349,204,60,233,120,253,278,95,318,144,212
469,461,192,88,520,114,467,148,185,226,467,572,885,329,285,310,380,940,517,57,279,527,301,199,357,141,383,281,277,637,762,1387,287,482,126,544,474,77,260,520,334,112,374,212,419,462,318,252,199,353
172,156,84,33,183,37,175,60,62,79,128,186,331,117,107,123,143,328,196,18,113,192,107,83,128,59,132,83,114,253,265,496,95,170,37,212,163,35,94,177,123,41,138,61,174,167,144,199,30,117
406,309,128,60,354,88,314,96,99,131,282,374,637,196,173,207,227,639,343,34,194,335,213,158,244,75,215,173,156,412,502,932,172,328,69,371,326,47,177,375,229,67,297,113,286,317,212,353,117,117
