279,453,221,96,552,105,470,182,174,243,437,505,767,352,279,321,362,798,469,68,329,509,320,203,396,166,380,286,309,567,663,1179,246,478,105,501,491,84,241,488,321,100,367,175,458,440,322,509,174,381
453,177,173,89,440,106,403,130,148,160,361,466,775,280,228,230,315,749,446,49,242,444,238,190,254,114,265,182,231,561,660,1199,242,361,92,425,381,78,198,446,270,89,330,166,311,414,297,423,151,283
221,173,48,37,213,48,194,76,63,83,168,221,375,133,108,116,160,372,197,22,116,214,102,76,132,50,134,82,80,241,288,572,114,190,51,229,192,33,119,237,144,46,154,55,158,199,110,205,64,140
96,89,37,10,86,19,81,23,29,32,86,90,136,55,54,55,74,114,93,9,46,87,65,42,69,25,68,46,54,92,135,187,37,93,12,93,73,13,50,91,48,23,70,32,85,80,52,93,27,57
552,440,213,86,257,112,463,153,178,197,467,550,892,313,283,297,383,853,471,64,279,528,293,217,346,130,329,243,226,662,777,1391,279,510,105,559,481,82,244,519,318,92,414,198,396,462,309,522,178,336
105,106,48,19,112,12,100,34,28,38,94,119,194,77,62,59,85,192,123,15,71,110,80,47,77,34,84,55,61,137,167,279,49,99,24,105,101,21,69,110,61,28,80,42,100,108,76,119,32,77
470,403,194,81,463,100,226,147,166,196,423,521,841,311,279,284,371,843,482,64,267,499,316,205,333,131,371,207,250,579,740,1311,252,414,106,506,412,93,254,485,297,99,356,212,399,488,315,490,162,359
182,130,76,23,153,34,147,20,52,65,122,155,287,105,81,90,120,306,152,19,90,147,90,50,90,39,96,79,82,202,218,442,91,147,41,160,142,27,62,168,94,31,127,54,115,163,83,166,53,105
174,148,63,29,178,28,166,52,29,56,158,196,297,118,71,93,109,305,177,18,82,203,104,62,112,47,111,79,81,227,240,472,84,150,26,180,149,19,83,183,111,36,147,75,141,156,114,193,47,106
243,160,83,32,197,38,196,65,56,39,138,222,352,123,105,112,163,367,190,33,121,212,127,80,116,39,126,94,128,247,306,574,116,190,47,224,177,35,103,234,120,42,162,82,146,181,121,202,65,165
437,361,168,86,467,94,423,122,158,138,165,442,707,303,231,255,292,737,423,70,229,447,271,181,289,110,329,207,250,528,628,1184,213,411,93,439,370,71,213,467,269,84,313,167,340,396,263,432,149,264
505,466,221,90,550,119,521,155,196,222,442,299,965,401,291,314,401,978,527,80,291,578,342,213,345,162,385,267,270,673,839,1516,332,523,122,609,513,77,282,581,364,102,407,227,452,518,359,541,204,370
767,775,375,136,892,194,841,287,297,352,707,965,775,561,469,520,628,1392,900,114,487,917,487,360,556,227,559,424,468,1122,1289,2321,447,832,210,909,835,172,441,915,599,154,662,341,708,860,553,866,355,637
352,280,133,55,313,77,311,105,118,123,303,401,561,102,162,190,226,564,309,30,181,316,190,145,216,101,236,149,178,408,500,890,185,311,92,342,329,45,148,370,201,67,250,102,240,292,203,303,127,229
279,228,108,54,283,62,279,81,71,105,231,291,469,162,73,132,203,470,284,31,139,271,153,106,153,72,169,144,149,332,412,784,134,270,59,273,236,43,136,257,164,68,206,96,189,235,155,291,94,216
321,230,116,55,297,59,284,90,93,112,255,314,520,190,132,72,224,545,300,40,152,305,169,117,170,74,181,129,158,360,460,827,141,285,59,298,287,40,134,294,169,70,212,101,220,280,171,286,112,204
362,315,160,74,383,85,371,120,109,163,292,401,628,226,203,224,134,662,356,40,201,369,212,149,248,97,271,198,195,458,533,1000,178,391,92,395,338,60,168,386,226,85,270,149,300,306,248,373,133,256
798,749,372,114,853,192,843,306,305,367,737,978,1392,564,470,545,662,724,911,109,482,882,488,342,520,241,573,450,478,1089,1345,2346,454,821,188,999,882,160,454,887,567,183,684,356,680,826,546,865,313,624
469,446,197,93,471,123,482,152,177,190,423,527,900,309,284,300,356,911,258,69,287,504,291,198,350,118,327,235,259,658,725,1405,269,505,128,521,458,89,276,540,351,115,340,192,433,501,327,507,206,351
68,49,22,9,64,15,64,19,18,33,70,80,114,30,31,40,40,109,69,3,34,70,36,24,51,15,33,21,45,78,102,187,37,53,17,61,56,7,26,70,48,13,47,27,48,56,39,86,26,48
329,242,116,46,279,71,267,90,82,121,229,291,487,181,139,152,201,482,287,34,74,309,139,93,156,69,169,118,138,344,400,748,144,238,76,312,249,51,144,310,191,61,214,107,235,279,158,302,96,196
509,444,214,87,528,110,499,147,203,212,447,578,917,316,271,305,369,882,504,70,309,290,314,209,354,128,357,240,302,664,739,1409,261,512,120,542,466,102,252,529,321,125,391,199,412,469,328,549,200,348
320,238,102,65,293,80,316,90,104,127,271,342,487,190,153,169,212,488,291,36,139,314,85,121,181,75,194,105,158,353,423,830,150,295,60,303,280,54,156,335,207,63,248,136,234,283,196,314,116,217
203,190,76,42,217,47,205,50,62,80,181,213,360,145,106,117,149,342,198,24,93,209,121,43,133,54,135,85,103,257,296,507,97,203,45,221,224,40,94,198,109,30,148,65,165,192,130,189,73,155
396,254,132,69,346,77,333,90,112,116,289,345,556,216,153,170,248,520,350,51,156,354,181,133,83,82,201,143,166,381,494,957,188,285,70,322,363,51,188,363,207,56,265,93,236,346,175,353,119,236
166,114,50,25,130,34,131,39,47,39,110,162,227,101,72,74,97,241,118,15,69,128,75,54,82,13,83,70,52,159,190,374,74,132,32,143,134,13,67,140,95,29,128,42,91,117,67,131,58,90
380,265,134,68,329,84,371,96,111,126,329,385,559,236,169,181,271,573,327,33,169,357,194,135,201,83,121,161,177,399,487,966,174,305,79,357,309,44,182,357,234,69,304,121,269,332,197,365,130,261
286,182,82,46,243,55,207,79,79,94,207,267,424,149,144,129,198,450,235,21,118,240,105,85,143,70,161,46,118,274,354,673,127,241,61,256,220,44,131,244,144,53,198,86,182,228,140,243,82,178
309,231,80,54,226,61,250,82,81,128,250,270,468,178,149,158,195,478,259,45,138,302,158,103,166,52,177,118,56,309,381,749,161,256,59,281,247,41,131,263,149,40,201,92,192,287,153,277,101,166
567,561,241,92,662,137,579,202,227,247,528,673,1122,408,332,360,458,1089,658,78,344,664,353,257,381,159,399,274,309,403,960,1817,344,570,143,682,586,106,304,694,394,131,471,258,501,579,403,617,221,434
663,660,288,135,777,167,740,218,240,306,628,839,1289,500,412,460,533,1345,725,102,400,739,423,296,494,190,487,354,381,960,560,1999,371,686,174,831,694,143,362,829,498,165,585,282,609,721,487,801,269,477
1179,1199,572,187,1391,279,1311,442,472,574,1184,1516,2321,890,784,827,1000,2346,1405,187,748,1409,830,507,957,374,966,673,749,1817,1999,1887,730,1271,325,1462,1269,226,678,1418,880,285,1023,510,1158,1265,896,1393,510,1020
246,242,114,37,279,49,252,91,84,116,213,332,447,185,134,141,178,454,269,37,144,261,150,97,188,74,174,127,161,344,371,730,70,214,69,277,242,49,139,264,170,54,188,103,210,233,166,260,93,200
478,361,190,93,510,99,414,147,150,190,411,523,832,311,270,285,391,821,505,53,238,512,295,203,285,132,305,241,256,570,686,1271,214,239,106,521,452,86,266,494,315,87,382,152,358,417,313,499,165,305
105,92,51,12,105,24,106,41,26,47,93,122,210,92,59,59,92,188,128,17,76,120,60,45,70,32,79,61,59,143,174,325,69,106,8,149,101,17,54,124,75,16,79,47,93,99,67,128,35,80
501,425,229,93,559,105,506,160,180,224,439,609,909,342,273,298,395,999,521,61,312,542,303,221,322,143,357,256,281,682,831,1462,277,521,149,266,507,77,269,601,329,106,407,211,446,501,349,546,186,372
491,381,192,73,481,101,412,142,149,177,370,513,835,329,236,287,338,882,458,56,249,466,280,224,363,134,309,220,247,586,694,1269,242,452,101,507,235,88,262,497,294,95,335,181,383,426,305,420,160,331
84,78,33,13,82,21,93,27,19,35,71,77,172,45,43,40,60,160,89,7,51,102,54,40,51,13,44,44,41,106,143,226,49,86,17,77,88,10,52,93,51,22,52,29,68,73,55,77,22,50
241,198,119,50,244,69,254,62,83,103,213,282,441,148,136,134,168,454,276,26,144,252,156,94,188,67,182,131,131,304,362,678,139,266,54,269,262,52,45,238,156,51,204,99,212,257,157,265,90,150
488,446,237,91,519,110,485,168,183,234,467,581,915,370,257,294,386,887,540,70,310,529,335,198,363,140,357,244,263,694,829,1418,264,494,124,601,497,93,238,291,329,111,401,216,415,501,320,539,200,357
321,270,144,48,318,61,297,94,111,120,269,364,599,201,164,169,226,567,351,48,191,321,207,109,207,95,234,144,149,394,498,880,170,315,75,329,294,51,156,329,118,73,248,109,252,295,212,349,113,217
100,89,46,23,92,28,99,31,36,42,84,102,154,67,68,70,85,183,115,13,61,125,63,30,56,29,69,53,40,131,165,285,54,87,16,106,95,22,51,111,73,12,85,37,81,90,71,99,30,84
367,330,154,70,414,80,356,127,147,162,313,407,662,250,206,212,270,684,340,47,214,391,248,148,265,128,304,198,201,471,585,1023,188,382,79,407,335,52,204,401,248,85,138,156,303,360,233,363,146,267
175,166,55,32,198,42,212,54,75,82,167,227,341,102,96,101,149,356,192,27,107,199,136,65,93,42,121,86,92,258,282,510,103,152,47,211,181,29,99,216,109,37,156,39,152,141,104,200,60,123
458,311,158,85,396,100,399,115,141,146,340,452,708,240,189,220,300,680,433,48,235,412,234,165,236,91,269,182,192,501,609,1158,210,358,93,446,383,68,212,415,252,81,303,152,159,428,224,414,162,288
440,414,199,80,462,108,488,163,156,181,396,518,860,292,235,280,306,826,501,56,279,469,283,192,346,117,332,228,287,579,721,1265,233,417,99,501,426,73,257,501,295,90,360,141,428,218,275,497,183,343
322,297,110,52,309,76,315,83,114,121,263,359,553,203,155,171,248,546,327,39,158,328,196,130,175,67,197,140,153,403,487,896,166,313,67,349,305,55,157,320,212,71,233,104,224,275,90,331,116,216
509,423,205,93,522,119,490,166,193,202,432,541,866,303,291,286,373,865,507,86,302,549,314,189,353,131,365,243,277,617,801,1393,260,499,128,546,420,77,265,539,349,99,363,200,414,497,331,270,173,370
174,151,64,27,178,32,162,53,47,65,149,204,355,127,94,112,133,313,206,26,96,200,116,73,119,58,130,82,101,221,269,510,93,165,35,186,160,22,90,200,113,30,146,60,162,183,116,173,35,150
381,283,140,57,336,77,359,105,106,165,264,370,637,229,216,204,256,624,351,48,196,348,217,155,236,90,261,178,166,434,477,1020,200,305,80,372,331,50,150,357,217,84,267,123,288,343,216,370,150,132
