276,449,221,104,482,121,494,184,187,239,419,499,820,357,305,335,382,824,515,66,333,533,361,207,373,143,370,277,288,637,717,1182,254,503,135,545,484,105,280,429,317,117,390,168,436,452,353,491,180,401
449,193,180,65,432,83,419,121,122,187,411,488,762,269,244,258,307,746,451,61,225,468,254,173,265,128,305,215,229,538,688,1281,228,403,90,423,420,82,208,465,285,89,344,166,345,429,224,461,162,306
221,180,51,47,209,60,215,65,63,96,204,222,393,123,109,113,151,346,221,22,109,220,116,86,166,51,118,70,103,221,295,606,106,213,49,200,193,28,86,197,131,30,146,69,161,166,134,239,74,135
104,65,47,12,77,19,84,30,33,55,87,88,146,67,57,51,50,133,91,8,46,95,60,38,73,21,57,47,34,104,128,210,53,71,18,106,76,13,48,78,45,17,56,29,76,79,51,75,28,48
482,432,209,77,249,122,482,154,167,171,388,564,1018,315,269,293,360,1014,516,79,273,540,295,203,343,123,318,220,246,645,797,1427,301,480,109,532,478,100,246,521,339,108,388,173,386,492,321,532,192,350
121,83,60,19,122,6,106,36,35,63,108,130,188,90,66,76,74,182,116,15,67,116,69,54,68,30,70,51,57,155,198,287,58,97,30,115,96,14,51,116,62,21,81,34,89,111,59,112,23,71
494,419,215,84,482,106,212,157,156,215,401,574,924,313,250,300,341,854,486,51,257,487,310,185,355,118,346,251,261,613,723,1387,259,430,110,519,446,89,255,532,323,117,369,195,400,487,321,453,166,308
184,121,65,30,154,36,157,22,57,69,143,169,243,107,87,109,113,238,145,20,78,170,99,48,81,29,84,71,80,193,210,394,74,166,32,155,133,25,65,144,92,28,91,69,124,136,106,164,54,112
187,122,63,33,167,35,156,57,28,83,137,159,286,107,93,107,137,272,179,22,99,177,102,59,110,43,97,93,91,207,245,456,79,159,30,195,162,34,86,163,96,37,123,66,153,139,89,179,61,104
239,187,96,55,171,63,215,69,83,49,183,242,340,148,128,130,143,332,225,14,104,212,119,87,155,58,132,82,117,246,300,500,101,200,51,208,190,34,113,213,128,51,159,81,181,175,149,236,79,124
419,411,204,87,388,108,401,143,137,183,185,486,740,289,264,239,292,718,434,51,221,431,253,170,289,113,279,189,209,530,681,1201,234,397,94,444,401,67,228,471,283,88,309,142,324,387,254,465,153,274
499,488,222,88,564,130,574,169,159,242,486,341,1019,384,259,295,404,1048,585,72,280,616,326,240,401,142,385,268,285,734,847,1655,306,517,126,570,553,98,286,618,385,113,472,219,480,527,349,589,220,403
820,762,393,146,1018,188,924,243,286,340,740,1019,844,598,474,489,686,1474,916,106,529,929,508,395,631,220,628,454,464,1115,1387,2523,485,878,208,1026,867,172,455,983,611,188,693,317,756,835,518,999,305,576
357,269,123,67,315,90,313,107,107,148,289,384,598,115,173,175,248,561,332,35,186,321,225,126,232,74,228,139,166,377,487,920,180,290,67,320,286,45,157,329,191,62,252,121,268,344,212,358,151,230
305,244,109,57,269,66,250,87,93,128,264,259,474,173,67,120,179,461,266,29,146,265,143,117,172,83,177,120,144,315,404,681,138,245,51,251,263,38,130,288,173,47,200,99,231,258,149,282,80,202
335,258,113,51,293,76,300,109,107,130,239,295,489,175,120,78,196,482,272,36,165,272,159,111,167,58,164,131,130,340,447,807,147,266,53,284,276,42,167,302,191,56,219,106,237,261,152,305,100,209
382,307,151,50,360,74,341,113,137,143,292,404,686,248,179,196,123,640,324,39,189,395,209,134,201,91,238,169,168,465,556,1041,219,348,83,390,337,67,175,380,240,64,267,134,264,360,230,390,144,237
824,746,346,133,1014,182,854,238,272,332,718,1048,1474,561,461,482,640,810,880,124,535,922,545,399,611,227,656,454,433,1161,1338,2443,501,875,199,1009,819,178,444,988,558,185,665,311,727,834,574,964,341,583
515,451,221,91,516,116,486,145,179,225,434,585,916,332,266,272,324,880,229,69,297,457,267,177,324,126,329,224,259,631,741,1450,276,476,109,499,476,95,244,508,345,97,368,184,381,515,339,539,181,341
66,61,22,8,79,15,51,20,22,14,51,72,106,35,29,36,39,124,69,3,28,79,31,31,46,15,48,28,33,80,106,186,32,56,16,50,60,10,36,76,42,8,46,23,59,57,37,72,32,32
333,225,109,46,273,67,257,78,99,104,221,280,529,186,146,165,189,535,297,28,68,301,161,96,201,68,179,136,127,304,424,805,153,238,63,285,274,46,130,292,189,58,231,88,243,260,182,278,130,164
533,468,220,95,540,116,487,170,177,212,431,616,929,321,265,272,395,922,457,79,301,249,296,195,345,132,342,216,274,651,711,1471,287,494,112,575,477,85,277,513,327,99,351,191,395,489,330,518,182,361
361,254,116,60,295,69,310,99,102,119,253,326,508,225,143,159,209,545,267,31,161,296,95,135,181,86,207,164,148,359,409,834,159,279,62,342,302,41,139,303,183,60,223,118,264,280,186,331,97,182
207,173,86,38,203,54,185,48,59,87,170,240,395,126,117,111,134,399,177,31,96,195,135,44,141,54,136,96,95,279,313,582,117,181,41,223,178,36,87,216,137,38,168,78,153,202,118,197,87,126
373,265,166,73,343,68,355,81,110,155,289,401,631,232,172,167,201,611,324,46,201,345,181,141,106,75,221,155,161,404,529,967,173,312,82,329,347,51,163,368,218,72,266,123,279,315,202,361,126,235
143,128,51,21,123,30,118,29,43,58,113,142,220,74,83,58,91,227,126,15,68,132,86,54,75,18,69,59,80,155,192,359,73,120,30,150,120,16,66,120,70,29,103,34,104,119,74,125,49,107
370,305,118,57,318,70,346,84,97,132,279,385,628,228,177,164,238,656,329,48,179,342,207,136,221,69,109,156,176,426,493,1017,189,323,71,335,343,49,160,379,219,74,273,130,311,315,214,341,140,236
277,215,70,47,220,51,251,71,93,82,189,268,454,139,120,131,169,454,224,28,136,216,164,96,155,59,156,53,130,305,355,645,111,227,69,225,227,37,113,244,149,61,190,80,197,238,137,245,100,156
288,229,103,34,246,57,261,80,91,117,209,285,464,166,144,130,168,433,259,33,127,274,148,95,161,80,176,130,61,297,394,724,127,229,58,270,223,41,131,256,174,47,209,79,197,213,168,279,96,187
637,538,221,104,645,155,613,193,207,246,530,734,1115,377,315,340,465,1161,631,80,304,651,359,279,404,155,426,305,297,401,961,1816,345,596,150,664,566,104,339,700,420,113,497,252,474,579,381,723,239,437
717,688,295,128,797,198,723,210,245,300,681,847,1387,487,404,447,556,1338,741,106,424,711,409,313,529,192,493,355,394,961,573,2158,411,722,173,820,706,128,367,868,514,152,552,311,552,695,479,795,278,509
1182,1281,606,210,1427,287,1387,394,456,500,1201,1655,2523,920,681,807,1041,2443,1450,186,805,1471,834,582,967,359,1017,645,724,1816,2158,1999,761,1346,311,1599,1265,228,669,1581,986,284,1109,530,1104,1316,888,1461,471,931
254,228,106,53,301,58,259,74,79,101,234,306,485,180,138,147,219,501,276,32,153,287,159,117,173,73,189,111,127,345,411,761,91,261,47,321,230,41,130,282,188,51,196,90,225,265,168,289,95,170
503,403,213,71,480,97,430,166,159,200,397,517,878,290,245,266,348,875,476,56,238,494,279,181,312,120,323,227,229,596,722,1346,261,226,122,520,420,82,263,477,314,95,347,175,375,444,322,469,197,307
135,90,49,18,109,30,110,32,30,51,94,126,208,67,51,53,83,199,109,16,63,112,62,41,82,30,71,69,58,150,173,311,47,122,8,120,125,23,61,130,83,23,88,43,93,104,66,106,31,76
545,423,200,106,532,115,519,155,195,208,444,570,1026,320,251,284,390,1009,499,50,285,575,342,223,329,150,335,225,270,664,820,1599,321,520,120,273,515,81,261,586,375,111,409,188,429,533,326,599,213,397
484,420,193,76,478,96,446,133,162,190,401,553,867,286,263,276,337,819,476,60,274,477,302,178,347,120,343,227,223,566,706,1265,230,420,125,515,191,93,243,484,304,107,349,165,376,420,282,492,177,333
105,82,28,13,100,14,89,25,34,34,67,98,172,45,38,42,67,178,95,10,46,85,41,36,51,16,49,37,41,104,128,228,41,82,23,81,93,8,53,103,62,15,79,33,55,77,51,91,29,54
280,208,86,48,246,51,255,65,86,113,228,286,455,157,130,167,175,444,244,36,130,277,139,87,163,66,160,113,131,339,367,669,130,263,61,261,243,53,68,276,177,45,174,108,201,240,186,250,90,196
429,465,197,78,521,116,532,144,163,213,471,618,983,329,288,302,380,988,508,76,292,513,303,216,368,120,379,244,256,700,868,1581,282,477,130,586,484,103,276,290,357,110,415,178,420,501,351,576,205,368
317,285,131,45,339,62,323,92,96,128,283,385,611,191,173,191,240,558,345,42,189,327,183,137,218,70,219,149,174,420,514,986,188,314,83,375,304,62,177,357,125,62,227,127,277,317,210,351,135,245
117,89,30,17,108,21,117,28,37,51,88,113,188,62,47,56,64,185,97,8,58,99,60,38,72,29,74,61,47,113,152,284,51,95,23,111,107,15,45,110,62,8,78,39,90,105,89,118,30,64
390,344,146,56,388,81,369,91,123,159,309,472,693,252,200,219,267,665,368,46,231,351,223,168,266,103,273,190,209,497,552,1109,196,347,88,409,349,79,174,415,227,78,152,153,302,349,259,412,145,237
168,166,69,29,173,34,195,69,66,81,142,219,317,121,99,106,134,311,184,23,88,191,118,78,123,34,130,80,79,252,311,530,90,175,43,188,165,33,108,178,127,39,153,40,147,153,120,198,58,118
436,345,161,76,386,89,400,124,153,181,324,480,756,268,231,237,264,727,381,59,243,395,264,153,279,104,311,197,197,474,552,1104,225,375,93,429,376,55,201,420,277,90,302,147,179,364,272,411,157,291
452,429,166,79,492,111,487,136,139,175,387,527,835,344,258,261,360,834,515,57,260,489,280,202,315,119,315,238,213,579,695,1316,265,444,104,533,420,77,240,501,317,105,349,153,364,234,281,493,171,300
353,224,134,51,321,59,321,106,89,149,254,349,518,212,149,152,230,574,339,37,182,330,186,118,202,74,214,137,168,381,479,888,168,322,66,326,282,51,186,351,210,89,259,120,272,281,98,315,111,232
491,461,239,75,532,112,453,164,179,236,465,589,999,358,282,305,390,964,539,72,278,518,331,197,361,125,341,245,279,723,795,1461,289,469,106,599,492,91,250,576,351,118,412,198,411,493,315,245,173,340
180,162,74,28,192,23,166,54,61,79,153,220,305,151,80,100,144,341,181,32,130,182,97,87,126,49,140,100,96,239,278,471,95,197,31,213,177,29,90,205,135,30,145,58,157,171,111,173,27,117
401,306,135,48,350,71,308,112,104,124,274,403,576,230,202,209,237,583,341,32,164,361,182,126,235,107,236,156,187,437,509,931,170,307,76,397,333,54,196,368,245,64,237,118,291,300,232,340,117,138
