273,463,207,86,452,109,521,187,173,248,481,519,834,372,344,378,387,822,533,66,311,545,328,230,391,167,386,287,278,644,720,1203,252,505,111,533,491,73,244,485,301,117,362,192,456,478,317,504,193,379
463,192,178,70,423,102,418,131,148,174,381,465,805,295,212,251,304,784,433,41,233,481,270,194,292,136,332,191,205,527,655,1253,227,416,103,433,403,92,202,487,300,92,349,165,340,422,246,472,153,272
207,178,41,31,214,54,177,71,64,85,167,216,344,127,99,95,134,360,184,21,118,200,98,83,132,60,145,96,91,210,306,567,115,174,57,206,195,31,91,212,141,46,137,76,133,167,108,182,66,130
86,70,31,9,91,22,75,23,20,41,72,94,142,59,43,52,55,154,112,16,52,97,63,32,53,22,58,43,60,102,140,221,49,83,25,86,78,11,44,73,59,20,61,34,62,77,53,97,29,66
452,423,214,91,249,129,482,152,171,214,473,562,931,307,284,279,341,919,517,64,284,502,297,211,349,139,356,239,243,647,779,1413,260,439,108,518,503,74,252,543,335,98,419,221,367,462,302,539,199,358
109,102,54,22,129,14,116,29,37,51,96,128,178,83,60,81,76,197,117,18,60,135,95,40,71,32,77,51,87,147,174,304,63,115,40,132,94,22,60,109,87,28,73,48,98,97,78,118,47,84
521,418,177,75,482,116,231,148,150,199,425,607,918,314,254,281,363,922,496,60,250,542,302,201,295,127,337,207,270,569,741,1368,285,442,121,544,446,79,257,575,330,90,349,186,382,451,321,494,176,311
187,131,71,23,152,29,148,29,42,56,133,162,298,117,97,98,104,303,142,16,66,153,102,73,105,39,101,67,67,166,221,476,84,147,32,157,144,15,90,174,90,34,103,64,138,127,105,179,52,96
173,148,64,20,171,37,150,42,20,67,151,163,318,91,89,100,126,323,184,12,109,179,92,60,109,49,126,76,84,212,269,461,88,150,36,179,174,26,84,178,114,36,140,55,106,136,99,164,57,103
248,174,85,41,214,51,199,56,67,48,148,219,359,150,114,123,140,357,184,19,127,196,125,96,123,40,125,102,100,212,293,531,96,226,47,227,198,32,114,207,131,50,160,68,162,181,143,203,74,155
481,381,167,72,473,96,425,133,151,148,171,467,801,296,223,253,303,803,419,62,259,469,278,183,284,123,288,188,214,510,664,1146,215,425,87,447,452,69,218,420,260,82,356,176,357,402,297,440,162,307
519,465,216,94,562,128,607,162,163,219,467,331,1083,361,292,303,408,1118,543,72,315,581,342,249,395,125,377,275,286,732,896,1645,332,546,130,601,545,107,301,626,385,110,457,230,476,562,333,614,224,359
834,805,344,142,931,178,918,298,318,359,801,1083,808,569,447,535,663,1470,922,126,500,948,574,369,585,235,651,442,440,1200,1379,2468,510,831,199,987,899,161,477,987,640,198,713,361,706,839,606,952,321,610
372,295,127,59,307,83,314,117,91,150,296,361,569,111,175,163,233,550,323,37,166,312,177,129,200,77,213,159,152,420,527,865,169,331,68,340,326,45,174,328,177,70,264,124,261,315,195,387,122,229
344,212,99,43,284,60,254,97,89,114,223,292,447,175,68,139,198,477,254,33,131,269,160,109,178,72,174,128,118,329,412,727,145,242,52,300,269,38,141,269,176,64,217,82,210,240,163,266,98,193
378,251,95,52,279,81,281,98,100,123,253,303,535,163,139,78,224,562,294,36,158,282,163,111,212,65,161,121,114,355,408,831,171,269,57,291,276,45,156,285,185,45,256,95,205,258,201,300,115,209
387,304,134,55,341,76,363,104,126,140,303,408,663,233,198,224,126,667,382,47,185,394,191,137,237,91,249,165,159,499,559,1039,190,338,93,366,321,58,168,387,228,81,283,124,289,356,220,391,151,256
822,784,360,154,919,197,922,303,323,357,803,1118,1470,550,477,562,667,793,916,131,510,920,570,371,598,237,650,409,435,1134,1376,2459,509,847,206,1008,885,162,489,951,580,201,703,326,731,848,615,944,321,635
533,433,184,112,517,117,496,142,184,184,419,543,922,323,254,294,382,916,263,72,282,485,285,246,337,121,327,219,226,676,765,1419,271,441,112,554,496,97,275,560,321,114,375,200,397,486,326,537,188,340
66,41,21,16,64,18,60,16,12,19,62,72,126,37,33,36,47,131,72,2,35,67,34,24,34,12,40,27,34,58,123,178,38,50,18,74,53,12,28,63,41,16,50,17,46,66,30,63,16,38
311,233,118,52,284,60,250,66,109,127,259,315,500,166,131,158,185,510,282,35,70,266,153,115,191,68,180,120,122,354,437,754,154,222,52,270,264,47,104,295,173,59,200,91,220,258,158,259,95,189
545,481,200,97,502,135,542,153,179,196,469,581,948,312,269,282,394,920,485,67,266,257,311,214,362,145,353,235,230,666,742,1428,286,476,131,586,476,88,274,541,326,95,369,233,411,470,324,521,205,333
328,270,98,63,297,95,302,102,92,125,278,342,574,177,160,163,191,570,285,34,153,311,103,107,200,83,197,133,147,366,450,791,158,294,86,324,285,44,165,330,204,51,235,116,237,249,210,292,115,187
230,194,83,32,211,40,201,73,60,96,183,249,369,129,109,111,137,371,246,24,115,214,107,44,137,60,149,93,89,244,291,535,92,199,34,211,190,38,113,223,136,50,180,68,168,211,129,225,58,140
391,292,132,53,349,71,295,105,109,123,284,395,585,200,178,212,237,598,337,34,191,362,200,137,107,96,225,149,167,419,540,891,172,308,72,334,308,51,189,374,227,51,270,132,242,316,222,354,127,234
167,136,60,22,139,32,127,39,49,40,123,125,235,77,72,65,91,237,121,12,68,145,83,60,96,16,68,58,49,160,189,373,81,121,29,139,113,21,51,140,82,27,86,49,90,121,65,128,57,86
386,332,145,58,356,77,337,101,126,125,288,377,651,213,174,161,249,650,327,40,180,353,197,149,225,68,95,137,146,419,515,985,193,315,78,343,327,67,151,377,202,70,255,133,266,336,216,376,146,225
287,191,96,43,239,51,207,67,76,102,188,275,442,159,128,121,165,409,219,27,120,235,133,93,149,58,137,59,118,277,333,652,121,237,58,216,179,33,111,255,152,42,170,83,183,213,149,254,103,162
278,205,91,60,243,87,270,67,84,100,214,286,440,152,118,114,159,435,226,34,122,230,147,89,167,49,146,118,68,296,342,648,124,235,46,243,244,40,129,272,163,40,203,106,196,233,158,249,102,151
644,527,210,102,647,147,569,166,212,212,510,732,1200,420,329,355,499,1134,676,58,354,666,366,244,419,160,419,277,296,402,984,1900,375,567,141,684,606,112,335,698,390,120,510,221,510,566,397,672,262,428
720,655,306,140,779,174,741,221,269,293,664,896,1379,527,412,408,559,1376,765,123,437,742,450,291,540,189,515,333,342,984,564,2152,454,714,156,854,712,143,357,810,511,153,574,325,614,721,482,784,287,492
1203,1253,567,221,1413,304,1368,476,461,531,1146,1645,2468,865,727,831,1039,2459,1419,178,754,1428,791,535,891,373,985,652,648,1900,2152,1988,748,1336,328,1561,1247,265,741,1544,975,303,1083,538,1083,1328,901,1495,518,902
252,227,115,49,260,63,285,84,88,96,215,332,510,169,145,171,190,509,271,38,154,286,158,92,172,81,193,121,124,375,454,748,60,249,77,309,250,50,145,314,181,55,227,110,222,296,180,301,107,177
505,416,174,83,439,115,442,147,150,226,425,546,831,331,242,269,338,847,441,50,222,476,294,199,308,121,315,237,235,567,714,1336,249,226,135,515,458,75,245,536,296,94,337,198,425,402,302,479,183,349
111,103,57,25,108,40,121,32,36,47,87,130,199,68,52,57,93,206,112,18,52,131,86,34,72,29,78,58,46,141,156,328,77,135,12,118,121,24,57,112,80,24,81,40,81,99,67,103,43,82
533,433,206,86,518,132,544,157,179,227,447,601,987,340,300,291,366,1008,554,74,270,586,324,211,334,139,343,216,243,684,854,1561,309,515,118,255,510,67,260,595,323,114,416,213,441,503,293,565,240,325
491,403,195,78,503,94,446,144,174,198,452,545,899,326,269,276,321,885,496,53,264,476,285,190,308,113,327,179,244,606,712,1247,250,458,121,510,204,66,244,508,283,93,361,204,376,438,306,532,177,323
73,92,31,11,74,22,79,15,26,32,69,107,161,45,38,45,58,162,97,12,47,88,44,38,51,21,67,33,40,112,143,265,50,75,24,67,66,6,38,97,58,22,68,31,54,91,48,87,28,63
244,202,91,44,252,60,257,90,84,114,218,301,477,174,141,156,168,489,275,28,104,274,165,113,189,51,151,111,129,335,357,741,145,245,57,260,244,38,78,281,195,52,184,94,216,238,184,250,103,172
485,487,212,73,543,109,575,174,178,207,420,626,987,328,269,285,387,951,560,63,295,541,330,223,374,140,377,255,272,698,810,1544,314,536,112,595,508,97,281,286,348,104,424,225,446,520,369,540,187,387
301,300,141,59,335,87,330,90,114,131,260,385,640,177,176,185,228,580,321,41,173,326,204,136,227,82,202,152,163,390,511,975,181,296,80,323,283,58,195,348,103,70,257,112,235,295,207,348,117,241
117,92,46,20,98,28,90,34,36,50,82,110,198,70,64,45,81,201,114,16,59,95,51,50,51,27,70,42,40,120,153,303,55,94,24,114,93,22,52,104,70,6,73,47,65,107,66,104,41,62
362,349,137,61,419,73,349,103,140,160,356,457,713,264,217,256,283,703,375,50,200,369,235,180,270,86,255,170,203,510,574,1083,227,337,81,416,361,68,184,424,257,73,153,153,285,349,273,420,130,272
192,165,76,34,221,48,186,64,55,68,176,230,361,124,82,95,124,326,200,17,91,233,116,68,132,49,133,83,106,221,325,538,110,198,40,213,204,31,94,225,112,47,153,39,160,177,113,181,62,113
456,340,133,62,367,98,382,138,106,162,357,476,706,261,210,205,289,731,397,46,220,411,237,168,242,90,266,183,196,510,614,1083,222,425,81,441,376,54,216,446,235,65,285,160,160,367,262,406,130,280
478,422,167,77,462,97,451,127,136,181,402,562,839,315,240,258,356,848,486,66,258,470,249,211,316,121,336,213,233,566,721,1328,296,402,99,503,438,91,238,520,295,107,349,177,367,216,286,515,173,323
317,246,108,53,302,78,321,105,99,143,297,333,606,195,163,201,220,615,326,30,158,324,210,129,222,65,216,149,158,397,482,901,180,302,67,293,306,48,184,369,207,66,273,113,262,286,94,363,118,221
504,472,182,97,539,118,494,179,164,203,440,614,952,387,266,300,391,944,537,63,259,521,292,225,354,128,376,254,249,672,784,1495,301,479,103,565,532,87,250,540,348,104,420,181,406,515,363,248,200,368
193,153,66,29,199,47,176,52,57,74,162,224,321,122,98,115,151,321,188,16,95,205,115,58,127,57,146,103,102,262,287,518,107,183,43,240,177,28,103,187,117,41,130,62,130,173,118,200,26,107
379,272,130,66,358,84,311,96,103,155,307,359,610,229,193,209,256,635,340,38,189,333,187,140,234,86,225,162,151,428,492,902,177,349,82,325,323,63,172,387,241,62,272,113,280,323,221,368,107,120
