282,476,242,86,483,102,500,169,174,244,436,523,818,367,335,317,377,801,475,87,336,526,346,205,357,133,358,280,315,642,693,1152,239,502,116,528,504,77,236,523,350,93,377,182,434,400,321,501,155,414
476,184,179,89,437,105,401,135,161,182,363,471,773,250,255,235,327,792,430,48,260,439,266,200,274,96,266,186,221,518,674,1258,264,397,91,467,402,62,228,466,269,107,364,157,329,383,306,458,183,292
242,179,43,33,192,48,192,63,61,90,176,188,405,107,107,126,134,400,205,27,110,206,111,82,120,49,119,90,106,261,330,601,117,183,45,208,198,24,95,231,117,50,165,86,144,180,113,221,75,109
86,89,33,7,93,16,77,29,38,34,76,95,140,60,54,58,71,128,103,12,59,93,54,46,51,29,88,52,54,116,113,213,43,72,11,90,90,14,49,90,48,25,65,36,79,81,47,77,35,66
483,437,192,93,302,124,488,150,162,220,427,558,944,331,268,283,403,911,500,75,290,535,324,223,326,139,357,248,249,653,803,1422,272,492,139,522,501,75,268,516,341,117,397,195,399,443,322,518,208,330
102,105,48,16,124,10,109,39,52,56,100,132,191,70,73,78,81,201,120,15,67,118,73,50,67,34,99,60,68,136,165,303,65,102,17,130,109,18,57,109,65,17,81,41,96,108,56,105,36,78
500,401,192,77,488,109,232,171,166,188,424,556,875,298,258,287,374,880,525,54,267,494,285,211,279,126,331,247,281,613,739,1333,264,428,114,522,471,75,251,497,328,77,372,196,396,471,298,466,180,355
169,135,63,29,150,39,171,14,59,78,161,161,276,102,88,91,107,264,161,13,82,158,83,63,109,39,91,89,81,171,250,405,85,138,29,155,142,26,64,173,94,32,117,46,137,136,95,157,55,115
174,161,61,38,162,52,166,59,25,63,145,192,286,92,95,106,123,283,163,23,90,178,112,68,113,47,99,73,87,218,253,454,88,176,37,166,166,26,69,185,110,31,123,67,129,156,100,169,73,103
244,182,90,34,220,56,188,78,63,38,175,223,386,122,116,126,156,373,217,32,111,214,117,85,137,54,126,123,116,248,277,547,100,206,48,220,196,31,98,210,132,34,148,83,173,189,124,201,78,144
436,363,176,76,427,100,424,161,145,175,215,469,712,245,225,242,329,751,433,59,236,423,251,182,281,109,282,218,218,508,648,1173,223,427,96,466,378,65,220,445,286,80,311,158,353,435,283,443,176,280
523,471,188,95,558,132,556,161,192,223,469,337,1033,389,299,317,423,1056,548,63,296,562,318,225,380,113,345,258,276,667,858,1584,303,500,127,626,527,108,279,618,343,109,445,231,446,509,353,567,200,369
818,773,405,140,944,191,875,276,286,386,712,1033,849,614,488,528,626,1453,893,120,516,924,543,326,567,202,601,441,467,1161,1373,2434,486,848,216,967,847,182,469,953,643,201,711,333,742,847,618,923,334,636
367,250,107,60,331,70,298,102,92,122,245,389,614,113,169,180,231,578,338,39,154,377,205,133,203,95,206,170,189,410,513,924,168,305,64,324,313,63,168,351,232,65,255,143,262,287,192,350,120,227
335,255,107,54,268,73,258,88,95,116,225,299,488,169,75,142,172,501,270,44,124,269,161,102,164,74,179,121,145,371,392,762,156,245,57,256,241,44,143,319,180,55,219,99,207,239,188,289,100,185
317,235,126,58,283,78,287,91,106,126,242,317,528,180,142,79,190,540,294,37,135,293,182,114,192,71,185,113,151,389,439,827,148,271,64,306,256,46,154,299,183,60,256,109,219,243,186,299,120,198
377,327,134,71,403,81,374,107,123,156,329,423,626,231,172,190,123,610,373,50,209,398,215,148,272,93,236,156,168,440,529,948,190,355,70,380,329,60,158,398,258,76,288,132,328,323,241,385,136,272
801,792,400,128,911,201,880,264,283,373,751,1056,1453,578,501,540,610,783,913,119,503,934,526,349,579,222,595,406,452,1111,1364,2450,491,849,223,983,861,165,464,966,658,191,669,346,726,850,581,898,329,640
475,430,205,103,500,120,525,161,163,217,433,548,893,338,270,294,373,913,279,74,261,471,306,211,339,126,304,255,265,590,728,1389,295,463,117,525,461,88,257,558,334,83,415,174,426,495,314,568,194,366
87,48,27,12,75,15,54,13,23,32,59,63,120,39,44,37,50,119,74,6,36,62,39,19,46,16,36,34,34,79,83,166,33,61,15,77,57,8,21,64,37,11,44,19,52,57,33,58,25,44
336,260,110,59,290,67,267,82,90,111,236,296,516,154,124,135,209,503,261,36,76,289,166,102,170,68,172,136,150,368,402,764,137,274,66,293,262,50,154,285,168,51,206,105,228,248,151,287,110,197
526,439,206,93,535,118,494,158,178,214,423,562,924,377,269,293,398,934,471,62,289,233,309,206,343,129,358,253,283,647,758,1424,240,467,109,599,466,82,276,563,322,106,406,211,418,465,351,568,179,364
346,266,111,54,324,73,285,83,112,117,251,318,543,205,161,182,215,526,306,39,166,309,79,122,192,93,240,131,154,376,416,829,152,280,63,277,268,48,118,322,186,54,246,102,233,290,174,327,103,191
205,200,82,46,223,50,211,63,68,85,182,225,326,133,102,114,148,349,211,19,102,206,122,54,132,57,130,88,105,242,303,578,116,198,40,204,185,38,102,222,119,35,137,74,155,200,134,213,65,151
357,274,120,51,326,67,279,109,113,137,281,380,567,203,164,192,272,579,339,46,170,343,192,132,102,85,210,169,169,411,491,936,175,326,75,327,301,56,160,356,224,69,251,120,234,307,198,376,118,239
133,96,49,29,139,34,126,39,47,54,109,113,202,95,74,71,93,222,126,16,68,129,93,57,85,20,84,55,68,153,183,365,69,142,32,117,119,22,64,127,83,20,90,38,99,118,69,129,57,99
358,266,119,88,357,99,331,91,99,126,282,345,601,206,179,185,236,595,304,36,172,358,240,130,210,84,111,154,182,390,509,929,191,328,71,343,337,57,169,361,192,49,246,125,270,334,200,364,137,223
280,186,90,52,248,60,247,89,73,123,218,258,441,170,121,113,156,406,255,34,136,253,131,88,169,55,154,44,131,264,354,712,117,220,45,223,208,38,109,230,156,54,182,80,177,240,142,264,73,151
315,221,106,54,249,68,281,81,87,116,218,276,467,189,145,151,168,452,265,34,150,283,154,105,169,68,182,131,47,307,374,714,123,264,59,252,217,39,129,274,177,50,182,74,210,223,155,284,90,189
642,518,261,116,653,136,613,171,218,248,508,667,1161,410,371,389,440,1111,590,79,368,647,376,242,411,153,390,264,307,382,970,1796,357,555,165,701,546,106,314,678,396,134,472,223,531,570,423,704,257,393
693,674,330,113,803,165,739,250,253,277,648,858,1373,513,392,439,529,1364,728,83,402,758,416,303,491,183,509,354,374,970,588,2126,398,750,156,782,707,135,426,851,522,165,547,310,620,682,518,798,264,495
1152,1258,601,213,1422,303,1333,405,454,547,1173,1584,2434,924,762,827,948,2450,1389,166,764,1424,829,578,936,365,929,712,714,1796,2126,1938,763,1380,322,1507,1260,261,678,1443,927,267,1064,535,1170,1297,936,1430,501,925
239,264,117,43,272,65,264,85,88,100,223,303,486,168,156,148,190,491,295,33,137,240,152,116,175,69,191,117,123,357,398,763,59,260,62,266,241,45,143,301,178,52,219,102,213,242,196,266,93,175
502,397,183,72,492,102,428,138,176,206,427,500,848,305,245,271,355,849,463,61,274,467,280,198,326,142,328,220,264,555,750,1380,260,217,111,529,468,72,228,518,299,93,350,160,381,440,304,483,200,312
116,91,45,11,139,17,114,29,37,48,96,127,216,64,57,64,70,223,117,15,66,109,63,40,75,32,71,45,59,165,156,322,62,111,13,119,100,21,49,114,69,27,95,34,77,99,72,107,42,77
528,467,208,90,522,130,522,155,166,220,466,626,967,324,256,306,380,983,525,77,293,599,277,204,327,117,343,223,252,701,782,1507,266,529,119,268,461,80,248,579,347,98,399,180,374,535,325,554,194,362
504,402,198,90,501,109,471,142,166,196,378,527,847,313,241,256,329,861,461,57,262,466,268,185,301,119,337,208,217,546,707,1260,241,468,100,461,197,78,251,500,330,93,350,168,363,423,305,473,164,308
77,62,24,14,75,18,75,26,26,31,65,108,182,63,44,46,60,165,88,8,50,82,48,38,56,22,57,38,39,106,135,261,45,72,21,80,78,8,63,87,44,21,64,33,75,78,47,101,41,57
236,228,95,49,268,57,251,64,69,98,220,279,469,168,143,154,158,464,257,21,154,276,118,102,160,64,169,109,129,314,426,678,143,228,49,248,251,63,61,259,149,43,203,72,220,219,153,253,91,182
523,466,231,90,516,109,497,173,185,210,445,618,953,351,319,299,398,966,558,64,285,563,322,222,356,127,361,230,274,678,851,1443,301,518,114,579,500,87,259,280,340,110,426,183,451,515,342,567,210,366
350,269,117,48,341,65,328,94,110,132,286,343,643,232,180,183,258,658,334,37,168,322,186,119,224,83,192,156,177,396,522,927,178,299,69,347,330,44,149,340,93,61,243,124,285,328,203,362,138,247
93,107,50,25,117,17,77,32,31,34,80,109,201,65,55,60,76,191,83,11,51,106,54,35,69,20,49,54,50,134,165,267,52,93,27,98,93,21,43,110,61,5,90,38,76,91,67,111,31,69
377,364,165,65,397,81,372,117,123,148,311,445,711,255,219,256,288,669,415,44,206,406,246,137,251,90,246,182,182,472,547,1064,219,350,95,399,350,64,203,426,243,90,128,138,296,364,223,359,150,242
182,157,86,36,195,41,196,46,67,83,158,231,333,143,99,109,132,346,174,19,105,211,102,74,120,38,125,80,74,223,310,535,102,160,34,180,168,33,72,183,124,38,138,41,159,166,109,179,59,127
434,329,144,79,399,96,396,137,129,173,353,446,742,262,207,219,328,726,426,52,228,418,233,155,234,99,270,177,210,531,620,1170,213,381,77,374,363,75,220,451,285,76,296,159,153,363,260,441,146,302
400,383,180,81,443,108,471,136,156,189,435,509,847,287,239,243,323,850,495,57,248,465,290,200,307,118,334,240,223,570,682,1297,242,440,99,535,423,78,219,515,328,91,364,166,363,222,255,508,161,337
321,306,113,47,322,56,298,95,100,124,283,353,618,192,188,186,241,581,314,33,151,351,174,134,198,69,200,142,155,423,518,936,196,304,72,325,305,47,153,342,203,67,223,109,260,255,93,350,147,239
501,458,221,77,518,105,466,157,169,201,443,567,923,350,289,299,385,898,568,58,287,568,327,213,376,129,364,264,284,704,798,1430,266,483,107,554,473,101,253,567,362,111,359,179,441,508,350,253,189,344
155,183,75,35,208,36,180,55,73,78,176,200,334,120,100,120,136,329,194,25,110,179,103,65,118,57,137,73,90,257,264,501,93,200,42,194,164,41,91,210,138,31,150,59,146,161,147,189,30,127
414,292,109,66,330,78,355,115,103,144,280,369,636,227,185,198,272,640,366,44,197,364,191,151,239,99,223,151,189,393,495,925,175,312,77,362,308,57,182,366,247,69,242,127,302,337,239,344,127,125
