275,464,216,99,482,102,488,176,177,241,462,531,853,393,325,361,378,874,536,81,359,540,364,210,350,152,369,273,313,588,702,1244,263,483,124,561,486,90,264,469,311,115,353,174,476,438,368,518,169,371
464,173,177,90,457,111,409,133,146,182,347,499,781,266,210,223,322,840,441,40,259,450,245,168,276,98,277,196,199,536,625,1206,246,443,112,433,392,71,209,428,262,101,398,145,334,398,269,473,148,289
216,177,31,32,173,41,192,73,58,80,163,241,389,116,100,116,151,355,196,15,118,193,117,74,113,50,125,88,88,220,299,551,107,179,31,213,177,27,107,201,137,44,162,78,151,189,118,214,77,150
99,90,32,7,85,15,84,30,28,49,77,92,154,66,47,62,59,146,72,15,38,74,54,46,69,27,59,37,52,113,136,225,46,91,22,105,80,9,50,97,67,13,65,36,60,77,55,74,23,53
482,457,173,85,251,125,493,145,163,209,431,623,902,310,282,272,360,930,522,55,303,508,292,204,333,133,377,237,263,601,749,1447,283,464,119,529,489,80,276,543,327,92,398,198,393,480,311,586,199,339
102,111,41,15,125,8,100,39,36,40,79,134,193,87,61,68,82,187,103,18,60,100,74,58,72,26,71,48,58,144,161,315,57,109,27,121,99,16,61,112,88,26,72,49,79,104,70,92,32,78
488,409,192,84,493,100,233,160,158,209,405,597,843,317,238,284,365,841,450,63,282,459,295,188,353,136,314,236,242,590,726,1322,287,472,119,551,452,69,253,474,324,106,363,211,370,436,293,479,182,347
176,133,73,30,145,39,160,21,47,67,147,166,260,106,73,85,123,250,185,17,91,143,96,76,85,31,89,65,80,177,208,427,69,144,37,163,142,24,61,145,101,31,118,48,110,121,87,145,57,103
177,146,58,28,163,36,158,47,26,54,106,203,322,102,79,95,113,311,146,15,87,156,97,69,106,35,103,69,67,216,265,486,81,160,40,174,171,32,76,183,92,29,116,58,120,155,87,157,66,109
241,182,80,49,209,40,209,67,54,45,160,228,342,161,120,133,149,370,212,34,120,225,117,87,135,44,135,111,104,254,295,540,100,198,37,243,202,37,87,189,156,33,163,64,155,179,139,232,67,159
462,347,163,77,431,79,405,147,106,160,163,492,730,293,262,252,313,746,452,62,246,416,284,175,279,129,310,208,224,512,630,1137,251,396,89,492,396,74,218,435,280,68,343,150,334,396,293,466,146,312
531,499,241,92,623,134,597,166,203,228,492,312,1042,337,275,311,405,992,552,61,291,543,329,216,395,124,390,247,283,731,872,1609,298,541,135,580,520,96,297,629,392,113,442,217,447,527,331,606,217,381
853,781,389,154,902,193,843,260,322,342,730,1042,836,531,493,531,669,1469,943,113,491,950,516,346,597,224,591,433,450,1131,1413,2537,523,909,207,971,830,164,454,977,567,205,708,358,730,892,558,943,353,642
393,266,116,66,310,87,317,106,102,161,293,337,531,112,198,187,232,550,327,35,176,364,192,120,200,78,236,169,168,377,474,830,174,313,91,314,317,63,150,336,208,60,251,116,271,267,213,354,123,233
325,210,100,47,282,61,238,73,79,120,262,275,493,198,69,141,203,499,258,33,164,272,156,115,169,66,166,128,137,337,396,742,143,263,58,283,250,46,120,265,176,53,220,109,221,252,161,262,106,172
361,223,116,62,272,68,284,85,95,133,252,311,531,187,141,71,215,528,260,36,172,302,175,118,189,74,174,156,140,354,412,812,166,275,64,303,263,45,131,313,188,54,238,115,241,271,159,317,114,172
378,322,151,59,360,82,365,123,113,149,313,405,669,232,203,215,143,641,371,47,206,376,218,147,258,103,261,167,171,434,520,1036,191,342,109,410,338,63,181,393,230,75,269,144,291,313,220,390,151,239
874,840,355,146,930,187,841,250,311,370,746,992,1469,550,499,528,641,784,944,125,482,922,526,336,617,227,635,426,445,1148,1383,2487,536,831,205,974,791,164,428,995,598,194,690,357,741,869,594,939,320,616
536,441,196,72,522,103,450,185,146,212,452,552,943,327,258,260,371,944,248,65,283,485,299,204,337,134,352,245,252,610,752,1439,284,448,122,552,453,74,262,547,321,106,395,175,423,466,311,528,185,360
81,40,15,15,55,18,63,17,15,34,62,61,113,35,33,36,47,125,65,3,29,71,37,21,43,17,40,24,26,82,92,193,39,57,11,57,59,8,34,75,42,4,55,30,37,73,40,60,21,42
359,259,118,38,303,60,282,91,87,120,246,291,491,176,164,172,206,482,283,29,63,301,200,119,191,61,178,119,134,299,426,779,155,225,57,304,274,41,128,291,181,55,204,99,233,279,172,288,104,196
540,450,193,74,508,100,459,143,156,225,416,543,950,364,272,302,376,922,485,71,301,285,298,204,338,119,338,255,244,594,742,1478,284,455,96,551,459,87,250,531,315,104,390,173,389,468,324,529,174,347
364,245,117,54,292,74,295,96,97,117,284,329,516,192,156,175,218,526,299,37,200,298,80,127,212,80,208,142,142,366,450,844,166,289,64,323,292,50,148,293,175,60,247,126,260,290,205,317,113,203
210,168,74,46,204,58,188,76,69,87,175,216,346,120,115,118,147,336,204,21,119,204,127,39,152,51,134,101,97,245,301,524,100,217,47,194,191,43,96,170,121,33,143,66,164,179,138,187,69,150
350,276,113,69,333,72,353,85,106,135,279,395,597,200,169,189,258,617,337,43,191,338,212,152,119,97,224,149,161,405,483,929,200,318,69,349,320,57,159,348,214,71,257,131,277,338,204,344,108,238
152,98,50,27,133,26,136,31,35,44,129,124,224,78,66,74,103,227,134,17,61,119,80,51,97,18,76,57,70,165,169,377,74,108,34,128,123,22,51,131,86,26,92,60,100,121,102,117,43,74
369,277,125,59,377,71,314,89,103,135,310,390,591,236,166,174,261,635,352,40,178,338,208,134,224,76,108,155,158,436,480,938,206,292,86,347,322,56,159,333,212,58,266,115,261,336,222,335,116,218
273,196,88,37,237,48,236,65,69,111,208,247,433,169,128,156,167,426,245,24,119,255,142,101,149,57,155,36,120,285,350,625,134,216,51,232,238,48,135,227,145,53,174,73,181,203,151,241,73,137
313,199,88,52,263,58,242,80,67,104,224,283,450,168,137,140,171,445,252,26,134,244,142,97,161,70,158,120,62,300,367,716,141,247,52,226,260,43,128,228,146,41,182,95,205,234,146,258,106,193
588,536,220,113,601,144,590,177,216,254,512,731,1131,377,337,354,434,1148,610,82,299,594,366,245,405,165,436,285,300,383,1002,1884,384,580,137,619,578,121,309,650,406,132,466,236,480,636,387,686,248,411
702,625,299,136,749,161,726,208,265,295,630,872,1413,474,396,412,520,1383,752,92,426,742,450,301,483,169,480,350,367,1002,575,2228,419,691,167,841,695,142,381,804,483,169,601,295,625,721,480,796,281,539
1244,1206,551,225,1447,315,1322,427,486,540,1137,1609,2537,830,742,812,1036,2487,1439,193,779,1478,844,524,929,377,938,625,716,1884,2228,2075,744,1278,330,1599,1287,254,723,1630,923,289,1032,536,1068,1367,887,1447,525,958
263,246,107,46,283,57,287,69,81,100,251,298,523,174,143,166,191,536,284,39,155,284,166,100,200,74,206,134,141,384,419,744,77,269,52,298,250,41,142,272,171,62,203,115,251,266,186,280,106,187
483,443,179,91,464,109,472,144,160,198,396,541,909,313,263,275,342,831,448,57,225,455,289,217,318,108,292,216,247,580,691,1278,269,230,97,521,460,70,250,517,316,91,382,174,389,418,282,486,177,310
124,112,31,22,119,27,119,37,40,37,89,135,207,91,58,64,109,205,122,11,57,96,64,47,69,34,86,51,52,137,167,330,52,97,15,123,110,13,73,125,71,21,72,52,96,106,75,117,46,91
561,433,213,105,529,121,551,163,174,243,492,580,971,314,283,303,410,974,552,57,304,551,323,194,349,128,347,232,226,619,841,1599,298,521,123,301,482,86,253,595,342,111,384,209,408,525,303,579,210,371
486,392,177,80,489,99,452,142,171,202,396,520,830,317,250,263,338,791,453,59,274,459,292,191,320,123,322,238,260,578,695,1287,250,460,110,482,229,81,230,493,308,99,322,189,353,424,287,433,176,321
90,71,27,9,80,16,69,24,32,37,74,96,164,63,46,45,63,164,74,8,41,87,50,43,57,22,56,48,43,121,142,254,41,70,13,86,81,9,43,91,55,21,71,31,55,89,48,103,26,52
264,209,107,50,276,61,253,61,76,87,218,297,454,150,120,131,181,428,262,34,128,250,148,96,159,51,159,135,128,309,381,723,142,250,73,253,230,43,54,268,174,56,193,99,189,236,146,232,118,157
469,428,201,97,543,112,474,145,183,189,435,629,977,336,265,313,393,995,547,75,291,531,293,170,348,131,333,227,228,650,804,1630,272,517,125,595,493,91,268,267,353,119,456,217,388,515,365,538,215,337
311,262,137,67,327,88,324,101,92,156,280,392,567,208,176,188,230,598,321,42,181,315,175,121,214,86,212,145,146,406,483,923,171,316,71,342,308,55,174,353,114,78,246,138,246,302,212,350,123,232
115,101,44,13,92,26,106,31,29,33,68,113,205,60,53,54,75,194,106,4,55,104,60,33,71,26,58,53,41,132,169,289,62,91,21,111,99,21,56,119,78,5,76,33,82,107,67,126,42,61
353,398,162,65,398,72,363,118,116,163,343,442,708,251,220,238,269,690,395,55,204,390,247,143,257,92,266,174,182,466,601,1032,203,382,72,384,322,71,193,456,246,76,151,132,314,373,261,390,127,278
174,145,78,36,198,49,211,48,58,64,150,217,358,116,109,115,144,357,175,30,99,173,126,66,131,60,115,73,95,236,295,536,115,174,52,209,189,31,99,217,138,33,132,36,148,173,117,207,76,118
476,334,151,60,393,79,370,110,120,155,334,447,730,271,221,241,291,741,423,37,233,389,260,164,277,100,261,181,205,480,625,1068,251,389,96,408,353,55,189,388,246,82,314,148,172,374,241,437,151,286
438,398,189,77,480,104,436,121,155,179,396,527,892,267,252,271,313,869,466,73,279,468,290,179,338,121,336,203,234,636,721,1367,266,418,106,525,424,89,236,515,302,107,373,173,374,192,284,495,182,306
368,269,118,55,311,70,293,87,87,139,293,331,558,213,161,159,220,594,311,40,172,324,205,138,204,102,222,151,146,387,480,887,186,282,75,303,287,48,146,365,212,67,261,117,241,284,120,338,117,231
518,473,214,74,586,92,479,145,157,232,466,606,943,354,262,317,390,939,528,60,288,529,317,187,344,117,335,241,258,686,796,1447,280,486,117,579,433,103,232,538,350,126,390,207,437,495,338,280,183,335
169,148,77,23,199,32,182,57,66,67,146,217,353,123,106,114,151,320,185,21,104,174,113,69,108,43,116,73,106,248,281,525,106,177,46,210,176,26,118,215,123,42,127,76,151,182,117,183,29,143
371,289,150,53,339,78,347,103,109,159,312,381,642,233,172,172,239,616,360,42,196,347,203,150,238,74,218,137,193,411,539,958,187,310,91,371,321,52,157,337,232,61,278,118,286,306,231,335,143,110
