263,456,215,69,476,110,451,190,163,231,446,506,821,353,310,357,329,840,468,74,315,461,298,207,353,162,364,276,295,625,665,1147,213,478,113,513,471,90,260,490,318,116,373,166,395,419,317,493,170,368
456,191,180,81,453,100,423,107,150,168,362,481,764,289,221,250,330,768,419,59,206,446,257,165,309,109,291,196,226,560,621,1178,235,402,119,434,401,76,209,450,264,83,334,167,331,396,280,470,149,290
215,180,23,34,199,49,177,60,66,90,171,245,376,110,83,102,148,371,225,21,104,193,100,66,114,47,123,89,90,256,288,544,95,188,40,232,163,25,88,223,136,51,175,67,129,163,95,194,59,135
69,81,34,7,85,21,91,31,25,50,91,88,148,69,43,44,58,143,80,9,65,79,65,41,70,28,65,40,47,104,140,229,46,75,21,81,81,7,53,98,64,21,61,25,87,66,60,86,31,57
476,453,199,85,254,96,478,138,163,213,429,556,914,316,260,292,377,880,512,51,299,524,352,209,337,124,344,251,285,650,776,1428,285,453,117,556,478,102,239,564,333,97,397,199,420,511,324,501,196,316
110,100,49,21,96,8,107,38,36,41,89,117,184,80,58,71,82,180,111,20,69,115,83,46,67,29,82,61,67,154,159,289,61,98,27,112,94,23,62,115,77,34,76,41,111,99,63,99,36,74
451,423,177,91,478,107,234,155,142,205,392,534,863,314,256,278,341,823,512,62,253,517,281,195,338,131,342,236,245,599,706,1302,244,444,115,459,441,90,265,507,352,98,385,166,388,421,303,528,180,331
190,107,60,31,138,38,155,28,58,79,147,168,282,107,75,82,124,293,163,13,85,149,93,64,93,48,103,58,78,185,226,436,82,130,41,179,154,20,78,150,121,29,108,47,111,145,98,159,61,82
163,150,66,25,163,36,142,58,19,78,146,180,298,95,83,90,143,285,178,17,82,172,91,68,126,47,128,61,86,196,257,472,96,150,31,194,146,25,90,185,97,30,146,59,114,163,106,171,54,100
231,168,90,50,213,41,205,79,78,46,181,232,351,143,99,117,137,380,219,30,141,221,110,96,132,44,139,108,101,260,318,532,92,191,54,196,189,28,115,223,122,49,162,82,165,175,122,202,70,129
446,362,171,91,429,89,392,147,146,181,179,462,723,294,218,236,316,729,406,68,258,453,246,171,279,113,249,214,224,505,621,1075,209,373,94,450,399,72,237,427,263,78,331,165,364,366,267,430,149,282
506,481,245,88,556,117,534,168,180,232,462,300,1011,371,316,315,393,1062,596,71,319,599,338,240,395,135,369,236,302,700,833,1516,336,545,134,617,477,106,267,597,336,147,404,198,497,505,354,593,209,368
821,764,376,148,914,184,863,282,298,351,723,1011,800,611,472,539,651,1429,942,116,513,910,510,345,589,229,583,431,446,1080,1358,2425,455,829,221,992,818,164,433,936,609,203,651,328,733,894,600,938,326,590
353,289,110,69,316,80,314,107,95,143,294,371,611,99,161,176,221,599,339,34,184,331,186,130,196,82,195,162,169,415,512,944,171,337,81,341,311,54,171,365,226,62,259,111,264,290,205,347,130,221
310,221,83,43,260,58,256,75,83,99,218,316,472,161,78,151,181,467,263,29,143,259,152,104,162,65,167,124,140,336,388,732,161,245,60,265,239,38,122,282,215,53,203,104,205,257,178,303,110,184
357,250,102,44,292,71,278,82,90,117,236,315,539,176,151,74,197,544,287,36,149,304,170,112,193,55,180,135,146,327,439,829,185,256,54,299,256,37,144,303,209,55,225,97,238,271,190,315,142,211
329,330,148,58,377,82,341,124,143,137,316,393,651,221,181,197,110,674,354,38,200,312,202,134,244,93,240,180,198,463,569,994,184,324,86,366,338,54,188,393,252,78,289,149,313,334,238,368,148,242
840,768,371,143,880,180,823,293,285,380,729,1062,1429,599,467,544,674,788,887,125,525,885,472,336,559,234,605,419,424,1071,1335,2408,462,810,208,989,828,146,447,903,596,180,659,344,699,867,605,906,319,582
468,419,225,80,512,111,512,163,178,219,406,596,942,339,263,287,354,887,250,57,258,468,265,169,337,105,334,239,268,651,716,1412,265,496,114,530,488,80,256,544,345,82,360,183,435,479,314,539,192,327
74,59,21,9,51,20,62,13,17,30,68,71,116,34,29,36,38,125,57,4,24,68,34,30,42,15,44,24,34,73,100,160,19,54,22,54,58,8,26,75,40,9,40,28,45,62,42,61,26,31
315,206,104,65,299,69,253,85,82,141,258,319,513,184,143,149,200,525,258,24,71,277,160,117,193,72,168,120,131,336,423,790,135,272,70,284,266,49,132,305,184,56,221,79,215,254,165,285,106,195
461,446,193,79,524,115,517,149,172,221,453,599,910,331,259,304,312,885,468,68,277,236,270,186,367,136,340,246,273,672,753,1402,253,500,113,527,486,68,237,564,361,99,382,208,442,496,337,512,191,337
298,257,100,65,352,83,281,93,91,110,246,338,510,186,152,170,202,472,265,34,160,270,76,107,208,69,202,154,133,357,424,822,163,303,70,314,277,42,156,308,199,57,233,98,219,276,199,314,130,209
207,165,66,41,209,46,195,64,68,96,171,240,345,130,104,112,134,336,169,30,117,186,107,36,133,50,121,99,92,265,275,545,99,215,53,194,205,23,106,188,118,37,138,76,167,179,128,193,78,138
353,309,114,70,337,67,338,93,126,132,279,395,589,196,162,193,244,559,337,42,193,367,208,133,94,78,200,163,171,414,525,881,181,322,79,360,348,62,159,344,234,56,267,130,237,312,184,367,122,223
162,109,47,28,124,29,131,48,47,44,113,135,229,82,65,55,93,234,105,15,72,136,69,50,78,15,74,59,70,159,178,346,56,124,30,134,121,21,77,149,93,26,108,46,111,117,77,156,49,77
364,291,123,65,344,82,342,103,128,139,249,369,583,195,167,180,240,605,334,44,168,340,202,121,200,74,99,143,161,444,483,917,161,347,80,336,321,63,187,363,230,66,261,118,255,300,193,372,133,197
276,196,89,40,251,61,236,58,61,108,214,236,431,162,124,135,180,419,239,24,120,246,154,99,163,59,143,64,122,297,338,656,131,213,58,208,223,35,123,264,160,58,196,88,199,213,143,230,97,166
295,226,90,47,285,67,245,78,86,101,224,302,446,169,140,146,198,424,268,34,131,273,133,92,171,70,161,122,55,309,379,723,128,238,50,280,247,51,139,257,172,48,217,89,204,255,153,304,100,189
625,560,256,104,650,154,599,185,196,260,505,700,1080,415,336,327,463,1071,651,73,336,672,357,265,414,159,444,297,309,402,921,1785,344,618,158,676,637,87,333,635,390,144,480,251,557,558,400,686,230,412
665,621,288,140,776,159,706,226,257,318,621,833,1358,512,388,439,569,1335,716,100,423,753,424,275,525,178,483,338,379,921,548,2115,407,726,177,860,746,135,396,794,492,144,542,283,620,718,485,775,277,521
1147,1178,544,229,1428,289,1302,436,472,532,1075,1516,2425,944,732,829,994,2408,1412,160,790,1402,822,545,881,346,917,656,723,1785,2115,1866,744,1304,297,1469,1278,223,672,1423,919,258,1006,512,1110,1318,896,1381,495,924
213,235,95,46,285,61,244,82,96,92,209,336,455,171,161,185,184,462,265,19,135,253,163,99,181,56,161,131,128,344,407,744,75,270,66,277,250,53,131,273,179,54,191,95,204,264,179,257,121,180
478,402,188,75,453,98,444,130,150,191,373,545,829,337,245,256,324,810,496,54,272,500,303,215,322,124,347,213,238,618,726,1304,270,226,112,494,437,79,238,525,316,96,375,180,383,422,323,489,169,310
113,119,40,21,117,27,115,41,31,54,94,134,221,81,60,54,86,208,114,22,70,113,70,53,79,30,80,58,50,158,177,297,66,112,9,130,92,15,61,134,94,36,91,47,88,122,93,126,51,80
513,434,232,81,556,112,459,179,194,196,450,617,992,341,265,299,366,989,530,54,284,527,314,194,360,134,336,208,280,676,860,1469,277,494,130,264,490,89,256,620,319,96,425,202,432,535,323,537,191,382
471,401,163,81,478,94,441,154,146,189,399,477,818,311,239,256,338,828,488,58,266,486,277,205,348,121,321,223,247,637,746,1278,250,437,92,490,211,84,268,484,335,100,370,174,412,434,309,496,164,345
90,76,25,7,102,23,90,20,25,28,72,106,164,54,38,37,54,146,80,8,49,68,42,23,62,21,63,35,51,87,135,223,53,79,15,89,84,6,38,103,54,22,61,33,71,89,60,87,35,63
260,209,88,53,239,62,265,78,90,115,237,267,433,171,122,144,188,447,256,26,132,237,156,106,159,77,187,123,139,333,396,672,131,238,61,256,268,38,74,254,158,46,197,87,198,243,154,284,92,173
490,450,223,98,564,115,507,150,185,223,427,597,936,365,282,303,393,903,544,75,305,564,308,188,344,149,363,264,257,635,794,1423,273,525,134,620,484,103,254,265,338,112,373,185,423,468,342,530,184,349
318,264,136,64,333,77,352,121,97,122,263,336,609,226,215,209,252,596,345,40,184,361,199,118,234,93,230,160,172,390,492,919,179,316,94,319,335,54,158,338,100,68,225,123,275,302,216,329,122,239
116,83,51,21,97,34,98,29,30,49,78,147,203,62,53,55,78,180,82,9,56,99,57,37,56,26,66,58,48,144,144,258,54,96,36,96,100,22,46,112,68,11,69,40,73,95,56,88,43,58
373,334,175,61,397,76,385,108,146,162,331,404,651,259,203,225,289,659,360,40,221,382,233,138,267,108,261,196,217,480,542,1006,191,375,91,425,370,61,197,373,225,69,136,155,315,402,249,348,128,263
166,167,67,25,199,41,166,47,59,82,165,198,328,111,104,97,149,344,183,28,79,208,98,76,130,46,118,88,89,251,283,512,95,180,47,202,174,33,87,185,123,40,155,37,147,179,113,193,63,116
395,331,129,87,420,111,388,111,114,165,364,497,733,264,205,238,313,699,435,45,215,442,219,167,237,111,255,199,204,557,620,1110,204,383,88,432,412,71,198,423,275,73,315,147,170,376,237,430,158,284
419,396,163,66,511,99,421,145,163,175,366,505,894,290,257,271,334,867,479,62,254,496,276,179,312,117,300,213,255,558,718,1318,264,422,122,535,434,89,243,468,302,95,402,179,376,181,306,467,165,319
317,280,95,60,324,63,303,98,106,122,267,354,600,205,178,190,238,605,314,42,165,337,199,128,184,77,193,143,153,400,485,896,179,323,93,323,309,60,154,342,216,56,249,113,237,306,103,334,142,210
493,470,194,86,501,99,528,159,171,202,430,593,938,347,303,315,368,906,539,61,285,512,314,193,367,156,372,230,304,686,775,1381,257,489,126,537,496,87,284,530,329,88,348,193,430,467,334,279,188,377
170,149,59,31,196,36,180,61,54,70,149,209,326,130,110,142,148,319,192,26,106,191,130,78,122,49,133,97,100,230,277,495,121,169,51,191,164,35,92,184,122,43,128,63,158,165,142,188,31,118
368,290,135,57,316,74,331,82,100,129,282,368,590,221,184,211,242,582,327,31,195,337,209,138,223,77,197,166,189,412,521,924,180,310,80,382,345,63,173,349,239,58,263,116,284,319,210,377,118,103
