264,473,213,79,513,96,469,194,164,268,455,521,788,358,306,357,381,820,507,85,311,517,351,200,392,156,380,279,298,619,752,1163,256,513,91,518,475,81,274,474,318,108,352,187,455,439,321,496,165,371
473,182,152,70,421,99,409,133,153,147,383,520,758,255,210,233,320,781,443,47,242,424,252,174,293,120,311,204,228,538,676,1203,248,398,109,447,416,63,214,465,279,105,360,158,370,400,269,438,169,294
213,152,33,37,210,35,191,64,66,90,158,222,336,117,106,109,144,345,204,31,98,217,119,88,130,43,153,76,88,259,300,530,112,196,44,191,190,44,113,175,142,47,159,82,149,166,140,222,72,137
79,70,37,7,86,17,73,22,36,43,74,103,142,65,44,53,60,137,68,12,43,79,65,36,49,30,72,41,42,99,112,217,33,87,22,101,81,17,47,91,51,16,55,19,71,77,54,79,30,52
513,421,210,86,245,106,499,144,163,196,423,594,913,367,257,279,345,953,480,69,273,552,327,195,342,132,320,253,259,647,785,1436,298,492,134,522,498,87,253,522,309,84,383,170,436,469,346,524,214,313
96,99,35,17,106,11,97,30,37,44,90,115,199,86,64,64,82,184,95,15,61,99,83,47,73,35,91,51,65,138,149,285,54,107,31,124,111,22,47,121,78,15,81,33,78,94,72,114,35,64
469,409,191,73,499,97,240,136,155,181,407,549,852,337,264,284,320,853,440,64,278,490,278,206,324,130,332,222,235,610,731,1291,229,450,118,522,467,77,259,512,318,99,361,186,396,442,297,467,177,330
194,133,64,22,144,30,136,31,41,65,105,152,281,106,82,97,126,283,136,18,85,148,89,58,102,48,103,62,75,191,228,410,78,146,38,152,124,23,84,151,101,33,130,57,108,144,101,159,52,108
164,153,66,36,163,37,155,41,21,68,141,186,280,108,81,98,118,285,160,23,94,157,106,80,103,40,94,85,81,213,225,433,83,133,36,172,154,26,81,163,120,33,153,68,130,141,126,193,50,116
268,147,90,43,196,44,181,65,68,41,175,237,345,140,136,133,147,360,181,26,128,208,128,70,132,58,136,93,101,253,321,558,127,197,45,213,208,27,93,200,132,51,171,75,196,208,137,201,68,158
455,383,158,74,423,90,407,105,141,175,187,503,733,284,240,277,310,738,427,51,258,440,257,173,299,126,310,208,210,514,665,1144,247,367,95,420,425,68,196,473,278,88,331,153,358,418,286,417,134,325
521,520,222,103,594,115,549,152,186,237,503,306,1056,365,268,300,406,1028,564,74,314,566,334,219,367,149,411,284,291,729,849,1623,305,537,123,569,517,92,272,627,364,96,399,193,437,503,337,595,199,373
788,758,336,142,913,199,852,281,280,345,733,1056,825,548,480,504,606,1451,895,130,471,919,554,373,604,216,593,418,496,1171,1353,2455,463,854,200,987,851,141,485,1015,627,181,643,371,763,878,561,913,349,627
358,255,117,65,367,86,337,106,108,140,284,365,548,106,170,189,247,559,280,40,172,358,182,125,225,72,219,163,163,415,481,872,163,306,75,308,309,58,163,327,233,64,235,125,288,294,187,318,119,241
306,210,106,44,257,64,264,82,81,136,240,268,480,170,75,144,173,480,240,33,143,254,142,126,162,73,181,115,117,318,399,755,125,235,63,278,230,38,122,282,167,62,205,109,211,263,172,272,93,162
357,233,109,53,279,64,284,97,98,133,277,300,504,189,144,74,207,503,293,37,134,309,155,118,189,73,188,124,131,372,440,834,153,246,74,280,262,52,146,301,212,68,227,119,212,306,179,296,109,177
381,320,144,60,345,82,320,126,118,147,310,406,606,247,173,207,121,634,351,56,199,365,236,133,261,84,239,178,177,463,560,974,196,326,87,363,322,69,185,377,240,79,260,137,306,334,226,364,135,249
820,781,345,137,953,184,853,283,285,360,738,1028,1451,559,480,503,634,806,905,140,489,923,558,346,612,217,620,402,477,1140,1354,2439,469,862,197,972,819,165,465,987,613,178,620,371,764,879,598,913,343,631
507,443,204,68,480,95,440,136,160,181,427,564,895,280,240,293,351,905,253,66,298,506,271,201,331,117,330,228,262,653,765,1473,310,434,115,548,476,82,247,542,350,107,391,186,435,459,310,516,197,337
85,47,31,12,69,15,64,18,23,26,51,74,130,40,33,37,56,140,66,3,35,63,37,23,38,21,57,27,22,79,97,193,35,55,14,89,58,13,39,66,38,15,46,13,47,61,38,76,29,42
311,242,98,43,273,61,278,85,94,128,258,314,471,172,143,134,199,489,298,35,71,325,155,110,166,68,166,127,131,292,451,778,158,254,63,278,271,32,141,279,176,51,218,113,220,264,161,319,96,182
517,424,217,79,552,99,490,148,157,208,440,566,919,358,254,309,365,923,506,63,325,297,281,205,351,138,358,258,282,668,787,1463,283,459,125,557,518,88,277,568,360,112,379,183,438,462,345,507,209,345
351,252,119,65,327,83,278,89,106,128,257,334,554,182,142,155,236,558,271,37,155,281,99,126,197,88,209,137,146,374,453,865,141,280,58,287,297,55,172,334,190,56,253,107,235,306,187,321,113,215
200,174,88,36,195,47,206,58,80,70,173,219,373,125,126,118,133,346,201,23,110,205,126,34,148,45,125,88,100,238,310,580,108,181,42,187,173,31,105,219,138,38,175,74,168,172,138,200,82,156
392,293,130,49,342,73,324,102,103,132,299,367,604,225,162,189,261,612,331,38,166,351,197,148,119,72,206,152,169,388,478,903,156,328,81,354,317,55,160,358,191,85,253,114,257,321,206,334,124,255
156,120,43,30,132,35,130,48,40,58,126,149,216,72,73,73,84,217,117,21,68,138,88,45,72,11,89,55,73,158,186,337,64,157,32,122,120,22,47,137,86,34,103,42,84,105,88,143,50,100
380,311,153,72,320,91,332,103,94,136,310,411,593,219,181,188,239,620,330,57,166,358,209,125,206,89,109,146,156,401,497,963,174,340,81,324,340,59,153,389,214,75,251,123,253,336,200,317,138,247
279,204,76,41,253,51,222,62,85,93,208,284,418,163,115,124,178,402,228,27,127,258,137,88,152,55,146,49,107,287,351,684,127,210,48,242,225,40,117,273,156,43,200,74,166,236,142,268,86,157
298,228,88,42,259,65,235,75,81,101,210,291,496,163,117,131,177,477,262,22,131,282,146,100,169,73,156,107,62,313,349,710,120,248,62,234,239,44,125,240,174,52,198,66,189,229,155,269,101,156
619,538,259,99,647,138,610,191,213,253,514,729,1171,415,318,372,463,1140,653,79,292,668,374,238,388,158,401,287,313,400,1021,1829,314,570,135,692,617,110,315,695,414,127,477,234,488,641,386,649,233,409
752,676,300,112,785,149,731,228,225,321,665,849,1353,481,399,440,560,1354,765,97,451,787,453,310,478,186,497,351,349,1021,595,2063,393,701,161,823,695,119,375,812,491,172,542,271,617,684,506,750,286,547
1163,1203,530,217,1436,285,1291,410,433,558,1144,1623,2455,872,755,834,974,2439,1473,193,778,1463,865,580,903,337,963,684,710,1829,2063,1904,706,1293,311,1572,1271,245,733,1482,908,304,1016,576,1088,1297,954,1437,502,930
256,248,112,33,298,54,229,78,83,127,247,305,463,163,125,153,196,469,310,35,158,283,141,108,156,64,174,127,120,314,393,706,70,243,64,313,260,48,136,281,171,58,200,86,201,266,167,268,85,188
513,398,196,87,492,107,450,146,133,197,367,537,854,306,235,246,326,862,434,55,254,459,280,181,328,157,340,210,248,570,701,1293,243,244,112,529,455,76,220,497,306,105,328,186,359,416,327,464,178,306
91,109,44,22,134,31,118,38,36,45,95,123,200,75,63,74,87,197,115,14,63,125,58,42,81,32,81,48,62,135,161,311,64,112,6,113,89,16,52,119,88,17,82,40,84,115,61,133,29,77
518,447,191,101,522,124,522,152,172,213,420,569,987,308,278,280,363,972,548,89,278,557,287,187,354,122,324,242,234,692,823,1572,313,529,113,248,491,81,253,557,351,115,363,189,420,510,323,551,221,357
475,416,190,81,498,111,467,124,154,208,425,517,851,309,230,262,322,819,476,58,271,518,297,173,317,120,340,225,239,617,695,1271,260,455,89,491,209,69,231,508,346,92,325,159,372,404,283,490,145,327
81,63,44,17,87,22,77,23,26,27,68,92,141,58,38,52,69,165,82,13,32,88,55,31,55,22,59,40,44,110,119,245,48,76,16,81,69,11,51,87,51,15,72,44,70,63,58,90,34,48
274,214,113,47,253,47,259,84,81,93,196,272,485,163,122,146,185,465,247,39,141,277,172,105,160,47,153,117,125,315,375,733,136,220,52,253,231,51,71,260,170,64,192,94,201,249,150,283,95,173
474,465,175,91,522,121,512,151,163,200,473,627,1015,327,282,301,377,987,542,66,279,568,334,219,358,137,389,273,240,695,812,1482,281,497,119,557,508,87,260,306,343,101,407,226,466,508,332,564,215,346
318,279,142,51,309,78,318,101,120,132,278,364,627,233,167,212,240,613,350,38,176,360,190,138,191,86,214,156,174,414,491,908,171,306,88,351,346,51,170,343,121,82,249,121,295,321,203,356,133,235
108,105,47,16,84,15,99,33,33,51,88,96,181,64,62,68,79,178,107,15,51,112,56,38,85,34,75,43,52,127,172,304,58,105,17,115,92,15,64,101,82,15,68,45,81,107,56,104,37,75
352,360,159,55,383,81,361,130,153,171,331,399,643,235,205,227,260,620,391,46,218,379,253,175,253,103,251,200,198,477,542,1016,200,328,82,363,325,72,192,407,249,68,122,153,306,348,249,355,124,244
187,158,82,19,170,33,186,57,68,75,153,193,371,125,109,119,137,371,186,13,113,183,107,74,114,42,123,74,66,234,271,576,86,186,40,189,159,44,94,226,121,45,153,46,128,185,113,202,72,127
455,370,149,71,436,78,396,108,130,196,358,437,763,288,211,212,306,764,435,47,220,438,235,168,257,84,253,166,189,488,617,1088,201,359,84,420,372,70,201,466,295,81,306,128,178,389,257,412,134,288
439,400,166,77,469,94,442,144,141,208,418,503,878,294,263,306,334,879,459,61,264,462,306,172,321,105,336,236,229,641,684,1297,266,416,115,510,404,63,249,508,321,107,348,185,389,194,315,502,180,322
321,269,140,54,346,72,297,101,126,137,286,337,561,187,172,179,226,598,310,38,161,345,187,138,206,88,200,142,155,386,506,954,167,327,61,323,283,58,150,332,203,56,249,113,257,315,93,302,99,222
496,438,222,79,524,114,467,159,193,201,417,595,913,318,272,296,364,913,516,76,319,507,321,200,334,143,317,268,269,649,750,1437,268,464,133,551,490,90,283,564,356,104,355,202,412,502,302,244,205,329
165,169,72,30,214,35,177,52,50,68,134,199,349,119,93,109,135,343,197,29,96,209,113,82,124,50,138,86,101,233,286,502,85,178,29,221,145,34,95,215,133,37,124,72,134,180,99,205,28,126
371,294,137,52,313,64,330,108,116,158,325,373,627,241,162,177,249,631,337,42,182,345,215,156,255,100,247,157,156,409,547,930,188,306,77,357,327,48,173,346,235,75,244,127,288,322,222,329,126,116
