248,467,230,92,502,110,502,179,167,247,471,495,813,391,329,325,392,814,518,77,320,498,412,205,367,166,381,275,328,620,744,1192,228,510,113,544,460,90,232,488,338,101,353,163,436,444,374,497,172,413
467,192,150,93,455,119,449,126,155,206,387,475,796,283,204,220,332,807,429,55,235,456,260,155,269,107,279,192,208,544,687,1259,243,443,93,443,434,72,221,441,308,88,357,175,348,404,273,497,154,339
230,150,42,38,247,38,188,68,61,100,168,223,376,123,109,116,149,335,198,31,101,207,140,79,118,52,121,84,90,220,305,533,119,198,46,185,158,31,100,200,136,30,171,78,163,185,127,222,77,132
92,93,38,3,74,16,84,24,29,47,77,88,159,55,47,56,61,143,81,15,41,85,59,35,67,29,75,34,57,108,128,226,50,75,14,90,81,14,25,60,65,17,52,28,82,78,48,82,27,56
502,455,247,74,278,93,482,167,174,185,415,628,919,315,320,322,389,923,540,71,279,530,314,187,336,134,367,231,261,619,869,1519,300,462,99,560,458,81,278,512,358,127,409,213,405,486,301,534,191,363
110,119,38,16,93,13,111,35,27,50,102,122,204,80,64,86,93,199,111,17,52,128,88,47,94,34,93,57,74,135,173,303,65,100,24,136,110,14,42,105,90,28,73,42,104,89,64,95,40,79
502,449,188,84,482,111,240,138,165,220,424,551,922,312,235,283,365,874,487,57,221,493,287,190,288,122,334,222,263,589,706,1382,250,444,96,529,458,81,249,533,343,102,370,177,391,474,274,491,159,332
179,126,68,24,167,35,138,26,59,65,135,155,255,91,80,102,104,252,138,18,74,140,82,48,99,54,112,82,81,177,242,420,92,141,38,162,152,40,73,158,88,30,117,63,112,126,114,146,65,100
167,155,61,29,174,27,165,59,24,67,134,199,290,104,87,100,123,281,179,15,88,162,103,65,97,33,102,74,87,199,244,448,81,144,43,157,147,24,75,178,113,31,112,57,135,159,95,148,61,105
247,206,100,47,185,50,220,65,67,64,180,192,369,128,121,126,162,361,202,21,119,214,136,85,140,53,157,91,92,229,296,553,110,191,42,211,201,38,95,221,119,42,143,74,174,177,146,203,77,164
471,387,168,77,415,102,424,135,134,180,188,464,754,293,220,234,326,754,467,60,236,453,253,166,296,123,312,217,226,486,601,1167,232,385,95,465,431,84,224,446,299,100,312,146,387,372,264,426,177,323
495,475,223,88,628,122,551,155,199,192,464,322,1022,340,265,298,434,1041,555,74,288,558,325,227,355,127,400,287,290,758,874,1649,268,505,143,586,501,94,282,638,395,117,446,214,446,556,353,580,215,386
813,796,376,159,919,204,922,255,290,369,754,1022,841,541,474,527,649,1504,938,127,522,990,550,345,611,236,626,407,437,1085,1390,2559,460,846,214,974,837,152,456,1041,616,224,684,335,762,868,602,987,329,642
391,283,123,55,315,80,312,91,104,128,293,340,541,108,188,217,258,571,337,36,146,343,193,121,215,79,208,141,175,368,464,864,153,312,66,346,298,56,155,308,194,80,271,151,251,276,198,359,121,233
329,204,109,47,320,64,235,80,87,121,220,265,474,188,77,134,201,464,289,42,143,293,162,108,176,67,167,124,121,323,402,728,147,258,61,308,255,41,123,278,183,54,188,111,222,240,178,262,109,189
325,220,116,56,322,86,283,102,100,126,234,298,527,217,134,83,230,526,288,47,140,306,173,112,186,69,179,120,136,372,431,852,162,303,74,297,283,37,159,314,184,49,225,111,227,258,185,306,121,219
392,332,149,61,389,93,365,104,123,162,326,434,649,258,201,230,136,634,375,51,194,404,235,149,227,94,243,157,172,444,576,1004,199,359,72,403,331,77,186,395,254,69,294,134,312,330,241,392,125,222
814,807,335,143,923,199,874,252,281,361,754,1041,1504,571,464,526,634,801,918,99,486,981,556,366,586,250,673,396,478,1077,1411,2502,461,846,201,1017,840,149,455,1053,639,210,700,329,735,872,563,981,335,655
518,429,198,81,540,111,487,138,179,202,467,555,938,337,289,288,375,918,258,59,292,480,313,204,335,122,337,220,252,636,734,1480,276,511,115,529,437,72,266,538,348,116,356,200,410,516,319,556,181,341
77,55,31,15,71,17,57,18,15,21,60,74,127,36,42,47,51,99,59,6,32,70,45,30,42,18,53,25,26,60,87,178,32,63,13,71,56,6,32,69,36,8,48,21,54,52,36,63,30,45
320,235,101,41,279,52,221,74,88,119,236,288,522,146,143,140,194,486,292,32,74,297,182,120,179,69,172,128,135,329,420,783,128,251,52,306,237,48,134,287,191,67,220,106,194,247,144,273,108,204
498,456,207,85,530,128,493,140,162,214,453,558,990,343,293,306,404,981,480,70,297,265,313,210,343,135,373,230,253,664,695,1492,283,495,117,550,475,88,266,543,367,111,367,214,394,436,347,510,195,357
412,260,140,59,314,88,287,82,103,136,253,325,550,193,162,173,235,556,313,45,182,313,88,111,197,89,210,128,142,356,479,884,184,314,70,338,290,50,145,303,196,59,214,113,245,272,208,306,125,228
205,155,79,35,187,47,190,48,65,85,166,227,345,121,108,112,149,366,204,30,120,210,111,36,133,52,140,100,117,252,309,608,120,202,37,204,186,38,114,199,159,46,141,76,141,166,131,211,75,135
367,269,118,67,336,94,288,99,97,140,296,355,611,215,176,186,227,586,335,42,179,343,197,133,94,82,219,126,152,389,480,918,177,283,80,318,301,53,159,316,206,65,263,118,247,287,217,332,127,236
166,107,52,29,134,34,122,54,33,53,123,127,236,79,67,69,94,250,122,18,69,135,89,52,82,18,73,56,72,166,201,345,58,132,26,136,115,19,77,132,99,21,100,48,103,100,80,127,45,88
381,279,121,75,367,93,334,112,102,157,312,400,626,208,167,179,243,673,337,53,172,373,210,140,219,73,113,145,172,420,522,1036,181,339,77,336,347,59,193,355,228,64,270,125,267,273,229,391,125,241
275,192,84,34,231,57,222,82,74,91,217,287,407,141,124,120,157,396,220,25,128,230,128,100,126,56,145,41,112,260,352,656,113,193,61,270,233,31,143,226,134,51,177,80,203,213,114,254,82,179
328,208,90,57,261,74,263,81,87,92,226,290,437,175,121,136,172,478,252,26,135,253,142,117,152,72,172,112,62,281,357,683,141,272,61,262,247,39,135,278,159,58,195,106,215,225,149,233,98,169
620,544,220,108,619,135,589,177,199,229,486,758,1085,368,323,372,444,1077,636,60,329,664,356,252,389,166,420,260,281,403,1001,1863,382,609,152,660,578,112,302,690,425,135,516,248,504,617,384,659,222,444
744,687,305,128,869,173,706,242,244,296,601,874,1390,464,402,431,576,1411,734,87,420,695,479,309,480,201,522,352,357,1001,553,2122,410,715,195,820,696,140,407,793,527,156,560,266,590,670,497,784,272,488
1192,1259,533,226,1519,303,1382,420,448,553,1167,1649,2559,864,728,852,1004,2502,1480,178,783,1492,884,608,918,345,1036,656,683,1863,2122,1993,682,1309,327,1545,1255,282,710,1592,987,292,1104,514,1124,1311,910,1498,496,924
228,243,119,50,300,65,250,92,81,110,232,268,460,153,147,162,199,461,276,32,128,283,184,120,177,58,181,113,141,382,410,682,61,253,69,292,247,52,142,296,191,61,210,109,217,242,198,286,97,207
510,443,198,75,462,100,444,141,144,191,385,505,846,312,258,303,359,846,511,63,251,495,314,202,283,132,339,193,272,609,715,1309,253,190,90,496,482,82,234,502,323,98,338,185,375,430,277,463,180,342
113,93,46,14,99,24,96,38,43,42,95,143,214,66,61,74,72,201,115,13,52,117,70,37,80,26,77,61,61,152,195,327,69,90,13,122,125,25,66,112,63,30,82,44,94,116,78,110,51,68
544,443,185,90,560,136,529,162,157,211,465,586,974,346,308,297,403,1017,529,71,306,550,338,204,318,136,336,270,262,660,820,1545,292,496,122,268,494,93,262,584,347,93,406,200,452,499,360,551,224,334
460,434,158,81,458,110,458,152,147,201,431,501,837,298,255,283,331,840,437,56,237,475,290,186,301,115,347,233,247,578,696,1255,247,482,125,494,228,82,242,505,322,97,348,166,388,419,292,472,167,336
90,72,31,14,81,14,81,40,24,38,84,94,152,56,41,37,77,149,72,6,48,88,50,38,53,19,59,31,39,112,140,282,52,82,25,93,82,4,55,98,46,24,66,27,63,85,62,102,34,60
232,221,100,25,278,42,249,73,75,95,224,282,456,155,123,159,186,455,266,32,134,266,145,114,159,77,193,143,135,302,407,710,142,234,66,262,242,55,61,292,180,45,213,86,214,247,156,245,103,154
488,441,200,60,512,105,533,158,178,221,446,638,1041,308,278,314,395,1053,538,69,287,543,303,199,316,132,355,226,278,690,793,1592,296,502,112,584,505,98,292,277,369,108,427,197,404,500,333,612,196,337
338,308,136,65,358,90,343,88,113,119,299,395,616,194,183,184,254,639,348,36,191,367,196,159,206,99,228,134,159,425,527,987,191,323,63,347,322,46,180,369,91,57,268,123,246,326,214,355,113,194
101,88,30,17,127,28,102,30,31,42,100,117,224,80,54,49,69,210,116,8,67,111,59,46,65,21,64,51,58,135,156,292,61,98,30,93,97,24,45,108,57,12,83,34,85,114,65,113,37,68
353,357,171,52,409,73,370,117,112,143,312,446,684,271,188,225,294,700,356,48,220,367,214,141,263,100,270,177,195,516,560,1104,210,338,82,406,348,66,213,427,268,83,147,140,313,394,237,430,124,255
163,175,78,28,213,42,177,63,57,74,146,214,335,151,111,111,134,329,200,21,106,214,113,76,118,48,125,80,106,248,266,514,109,185,44,200,166,27,86,197,123,34,140,34,159,174,115,197,79,128
436,348,163,82,405,104,391,112,135,174,387,446,762,251,222,227,312,735,410,54,194,394,245,141,247,103,267,203,215,504,590,1124,217,375,94,452,388,63,214,404,246,85,313,159,162,364,273,402,166,305
444,404,185,78,486,89,474,126,159,177,372,556,868,276,240,258,330,872,516,52,247,436,272,166,287,100,273,213,225,617,670,1311,242,430,116,499,419,85,247,500,326,114,394,174,364,209,309,485,202,294
374,273,127,48,301,64,274,114,95,146,264,353,602,198,178,185,241,563,319,36,144,347,208,131,217,80,229,114,149,384,497,910,198,277,78,360,292,62,156,333,214,65,237,115,273,309,101,348,126,223
497,497,222,82,534,95,491,146,148,203,426,580,987,359,262,306,392,981,556,63,273,510,306,211,332,127,391,254,233,659,784,1498,286,463,110,551,472,102,245,612,355,113,430,197,402,485,348,283,189,340
172,154,77,27,191,40,159,65,61,77,177,215,329,121,109,121,125,335,181,30,108,195,125,75,127,45,125,82,98,222,272,496,97,180,51,224,167,34,103,196,113,37,124,79,166,202,126,189,29,128
413,339,132,56,363,79,332,100,105,164,323,386,642,233,189,219,222,655,341,45,204,357,228,135,236,88,241,179,169,444,488,924,207,342,68,334,336,60,154,337,194,68,255,128,305,294,223,340,128,126
