275,456,228,96,525,107,513,178,180,256,447,562,841,388,312,333,335,830,493,75,329,538,342,206,379,151,392,285,293,647,718,1235,237,505,106,542,494,84,244,517,330,113,360,169,431,422,354,484,176,399
456,178,177,68,480,100,426,139,154,170,370,504,835,286,219,239,332,803,440,39,227,445,233,161,257,108,270,210,218,543,651,1276,255,412,99,443,407,88,231,423,286,97,357,166,330,398,268,436,171,280
228,177,37,34,200,38,194,53,51,82,177,218,336,143,91,85,143,355,205,22,113,217,113,84,125,51,127,111,85,230,297,584,121,189,35,222,177,42,86,208,131,35,135,67,151,224,121,220,57,118
96,68,34,6,87,20,68,31,28,37,76,100,155,59,52,56,72,160,71,13,47,82,54,45,58,25,56,47,51,107,115,241,52,78,21,103,71,15,47,94,51,16,72,39,66,83,61,89,27,44
525,480,200,87,264,117,451,148,165,199,412,543,915,322,284,288,363,917,536,52,279,506,303,204,345,134,359,242,243,599,743,1395,306,519,113,540,489,91,265,531,314,113,406,199,403,469,330,511,195,350
107,100,38,20,117,9,90,41,38,41,90,113,186,81,63,69,80,201,107,14,61,106,60,55,85,30,73,67,58,146,163,327,71,93,27,120,88,27,56,121,77,18,90,50,89,104,66,108,39,62
513,426,194,68,451,90,219,161,157,182,391,506,880,301,261,286,345,905,470,52,276,473,291,205,358,129,336,235,232,644,730,1351,278,447,117,479,418,92,245,534,351,84,381,194,365,422,307,482,202,323
178,139,53,31,148,41,161,29,52,63,134,165,277,105,94,92,103,265,150,17,86,161,81,75,102,34,101,82,70,179,230,433,90,135,31,165,156,26,68,157,94,32,118,57,124,146,88,172,54,126
180,154,51,28,165,38,157,52,23,79,137,157,289,104,88,105,129,302,164,17,105,161,99,63,115,50,127,82,95,212,244,434,90,162,41,171,147,36,80,176,116,42,147,57,119,148,119,189,71,110
256,170,82,37,199,41,182,63,79,44,164,210,361,126,119,113,155,344,201,32,113,211,122,73,140,47,138,103,115,280,304,541,114,211,46,201,191,33,83,207,130,32,135,70,165,175,123,203,77,135
447,370,177,76,412,90,391,134,137,164,190,489,748,290,230,256,291,741,437,71,252,449,233,161,285,112,314,203,238,544,614,1170,213,400,110,425,366,64,220,436,274,83,308,145,357,398,298,439,172,277
562,504,218,100,543,113,506,165,157,210,489,305,1073,353,259,297,412,1059,577,77,291,567,305,214,387,118,373,250,266,744,853,1652,293,519,135,565,549,81,302,592,363,111,425,208,455,530,361,617,206,360
841,835,336,155,915,186,880,277,289,361,748,1073,850,568,456,489,681,1506,972,104,507,987,516,349,606,195,595,447,445,1153,1413,2605,508,855,208,953,846,146,498,1004,640,181,709,352,688,887,588,1008,330,615
388,286,143,59,322,81,301,105,104,126,290,353,568,110,172,167,257,576,315,37,164,322,180,136,239,84,216,144,168,401,474,855,144,296,84,339,304,46,164,354,215,66,251,107,250,281,204,367,116,215
312,219,91,52,284,63,261,94,88,119,230,259,456,172,76,145,194,467,266,30,145,264,149,106,174,63,180,140,145,327,372,678,156,258,60,280,236,42,142,287,154,60,213,85,205,281,160,310,90,177
333,239,85,56,288,69,286,92,105,113,256,297,489,167,145,76,215,504,297,36,146,291,167,113,198,64,204,134,146,350,432,782,164,261,56,302,270,38,142,320,179,63,231,88,229,275,184,310,104,193
335,332,143,72,363,80,345,103,129,155,291,412,681,257,194,215,128,654,378,43,212,378,216,157,280,88,254,171,177,437,525,1043,186,334,80,367,327,60,176,389,237,78,261,126,261,345,241,394,133,258
830,803,355,160,917,201,905,265,302,344,741,1059,1506,576,467,504,654,831,964,109,500,963,530,368,618,224,609,446,424,1124,1382,2549,492,879,196,977,890,156,515,1001,642,212,680,360,697,818,620,960,341,626
493,440,205,71,536,107,470,150,164,201,437,577,972,315,266,297,378,964,253,68,277,488,288,220,345,134,346,248,230,653,726,1439,271,479,109,527,455,65,247,570,319,99,434,195,403,476,300,534,181,377
75,39,22,13,52,14,52,17,17,32,71,77,104,37,30,36,43,109,68,2,28,61,36,28,34,14,38,26,34,79,101,193,37,61,12,71,50,4,33,72,36,17,41,17,45,68,35,63,13,48
329,227,113,47,279,61,276,86,105,113,252,291,507,164,145,146,212,500,277,28,84,274,174,116,193,74,178,122,152,331,432,783,157,257,64,286,261,50,123,317,188,46,228,124,215,266,171,287,118,185
538,445,217,82,506,106,473,161,161,211,449,567,987,322,264,291,378,963,488,61,274,267,304,207,365,134,351,267,260,654,757,1427,285,501,99,510,457,77,240,554,353,99,411,196,426,502,316,507,176,346
342,233,113,54,303,60,291,81,99,122,233,305,516,180,149,167,216,530,288,36,174,304,91,100,200,90,204,137,163,370,455,796,171,285,67,295,272,52,142,329,187,65,255,108,223,275,188,323,107,207
206,161,84,45,204,55,205,75,63,73,161,214,349,136,106,113,157,368,220,28,116,207,100,39,146,51,123,113,95,258,302,578,112,214,59,216,167,24,99,194,137,48,167,67,160,192,133,204,84,110
379,257,125,58,345,85,358,102,115,140,285,387,606,239,174,198,280,618,345,34,193,365,200,146,96,85,206,159,155,412,527,980,193,338,81,326,288,46,165,345,232,73,269,114,254,315,194,376,123,212
151,108,51,25,134,30,129,34,50,47,112,118,195,84,63,64,88,224,134,14,74,134,90,51,85,20,92,71,55,138,181,357,73,121,37,143,105,16,59,123,76,32,102,38,107,115,71,140,32,87
392,270,127,56,359,73,336,101,127,138,314,373,595,216,180,204,254,609,346,38,178,351,204,123,206,92,118,171,170,430,513,981,190,331,86,364,325,45,151,366,207,70,258,130,279,302,215,359,128,229
285,210,111,47,242,67,235,82,82,103,203,250,447,144,140,134,171,446,248,26,122,267,137,113,159,71,171,59,137,280,394,621,137,229,69,236,252,37,111,262,143,57,203,73,206,187,150,265,88,157
293,218,85,51,243,58,232,70,95,115,238,266,445,168,145,146,177,424,230,34,152,260,163,95,155,55,170,137,65,283,365,687,152,249,41,244,253,38,111,270,172,57,207,89,208,243,159,274,89,178
647,543,230,107,599,146,644,179,212,280,544,744,1153,401,327,350,437,1124,653,79,331,654,370,258,412,138,430,280,283,410,1016,1825,366,577,133,649,619,128,336,715,432,136,485,223,479,578,406,686,227,467
718,651,297,115,743,163,730,230,244,304,614,853,1413,474,372,432,525,1382,726,101,432,757,455,302,527,181,513,394,365,1016,546,2149,429,700,171,812,691,118,373,810,505,142,583,311,594,675,495,783,291,522
1235,1276,584,241,1395,327,1351,433,434,541,1170,1652,2605,855,678,782,1043,2549,1439,193,783,1427,796,578,980,357,981,621,687,1825,2149,1950,734,1365,302,1545,1303,280,723,1580,969,300,1072,531,1098,1330,904,1392,460,911
237,255,121,52,306,71,278,90,90,114,213,293,508,144,156,164,186,492,271,37,157,285,171,112,193,73,190,137,152,366,429,734,68,265,54,288,251,48,161,311,178,52,204,118,221,266,165,279,89,188
505,412,189,78,519,93,447,135,162,211,400,519,855,296,258,261,334,879,479,61,257,501,285,214,338,121,331,229,249,577,700,1365,265,212,106,491,418,75,220,518,310,91,354,170,385,424,299,474,158,365
106,99,35,21,113,27,117,31,41,46,110,135,208,84,60,56,80,196,109,12,64,99,67,59,81,37,86,69,41,133,171,302,54,106,14,118,112,18,53,124,93,21,83,50,100,94,65,122,56,83
542,443,222,103,540,120,479,165,171,201,425,565,953,339,280,302,367,977,527,71,286,510,295,216,326,143,364,236,244,649,812,1545,288,491,118,290,476,74,227,572,359,121,414,188,398,501,322,567,205,338
494,407,177,71,489,88,418,156,147,191,366,549,846,304,236,270,327,890,455,50,261,457,272,167,288,105,325,252,253,619,691,1303,251,418,112,476,211,103,231,456,328,99,372,161,374,419,264,459,168,311
84,88,42,15,91,27,92,26,36,33,64,81,146,46,42,38,60,156,65,4,50,77,52,24,46,16,45,37,38,128,118,280,48,75,18,74,103,12,45,87,58,19,76,41,67,79,55,95,33,62
244,231,86,47,265,56,245,68,80,83,220,302,498,164,142,142,176,515,247,33,123,240,142,99,165,59,151,111,111,336,373,723,161,220,53,227,231,45,63,305,176,45,203,96,194,257,148,271,94,178
517,423,208,94,531,121,534,157,176,207,436,592,1004,354,287,320,389,1001,570,72,317,554,329,194,345,123,366,262,270,715,810,1580,311,518,124,572,456,87,305,246,332,141,390,208,427,526,348,562,237,353
330,286,131,51,314,77,351,94,116,130,274,363,640,215,154,179,237,642,319,36,188,353,187,137,232,76,207,143,172,432,505,969,178,310,93,359,328,58,176,332,101,75,262,152,260,320,222,328,150,231
113,97,35,16,113,18,84,32,42,32,83,111,181,66,60,63,78,212,99,17,46,99,65,48,73,32,70,57,57,136,142,300,52,91,21,121,99,19,45,141,75,7,85,46,86,105,63,99,44,68
360,357,135,72,406,90,381,118,147,135,308,425,709,251,213,231,261,680,434,41,228,411,255,167,269,102,258,203,207,485,583,1072,204,354,83,414,372,76,203,390,262,85,143,150,340,337,251,403,151,267
169,166,67,39,199,50,194,57,57,70,145,208,352,107,85,88,126,360,195,17,124,196,108,67,114,38,130,73,89,223,311,531,118,170,50,188,161,41,96,208,152,46,150,29,126,166,124,184,74,112
431,330,151,66,403,89,365,124,119,165,357,455,688,250,205,229,261,697,403,45,215,426,223,160,254,107,279,206,208,479,594,1098,221,385,100,398,374,67,194,427,260,86,340,126,158,389,227,401,148,252
422,398,224,83,469,104,422,146,148,175,398,530,887,281,281,275,345,818,476,68,266,502,275,192,315,115,302,187,243,578,675,1330,266,424,94,501,419,79,257,526,320,105,337,166,389,205,325,488,183,342
354,268,121,61,330,66,307,88,119,123,298,361,588,204,160,184,241,620,300,35,171,316,188,133,194,71,215,150,159,406,495,904,165,299,65,322,264,55,148,348,222,63,251,124,227,325,109,356,88,217
484,436,220,89,511,108,482,172,189,203,439,617,1008,367,310,310,394,960,534,63,287,507,323,204,376,140,359,265,274,686,783,1392,279,474,122,567,459,95,271,562,328,99,403,184,401,488,356,245,208,349
176,171,57,27,195,39,202,54,71,77,172,206,330,116,90,104,133,341,181,13,118,176,107,84,123,32,128,88,89,227,291,460,89,158,56,205,168,33,94,237,150,44,151,74,148,183,88,208,38,133
399,280,118,44,350,62,323,126,110,135,277,360,615,215,177,193,258,626,377,48,185,346,207,110,212,87,229,157,178,467,522,911,188,365,83,338,311,62,178,353,231,68,267,112,252,342,217,349,133,113
