245,406,223,91,492,114,485,172,158,208,461,487,778,385,318,334,350,776,524,71,314,537,339,188,368,142,355,274,312,572,692,1162,225,457,107,530,463,86,256,394,356,114,344,182,456,412,325,515,169,320
406,162,168,65,431,88,413,120,145,172,362,426,805,301,235,251,322,836,419,59,249,446,270,182,265,107,270,177,238,570,646,1250,240,412,105,458,410,55,189,459,263,86,324,174,358,394,261,439,183,304
223,168,41,41,206,60,197,59,58,84,151,228,357,125,102,126,134,378,187,31,111,198,102,71,138,40,113,100,90,275,294,547,105,191,41,178,180,33,101,209,122,36,165,70,165,175,121,198,77,127
91,65,41,4,87,14,72,24,31,38,65,83,135,71,50,72,46,136,76,9,40,95,55,25,49,24,55,58,40,97,119,216,47,68,19,82,72,10,42,77,44,20,51,27,66,71,59,83,22,68
492,431,206,87,262,111,521,149,155,235,462,577,882,367,260,282,354,883,521,73,285,506,326,210,367,115,332,277,264,632,735,1400,256,494,128,530,495,92,222,500,300,110,362,199,423,442,334,495,184,350
114,88,60,14,111,11,92,36,38,47,86,124,199,89,58,87,67,183,109,9,74,117,70,39,76,25,77,67,67,142,163,281,71,104,28,101,87,17,54,107,76,22,69,42,86,102,74,107,39,75
485,413,197,72,521,92,255,147,159,208,418,536,892,321,247,288,348,867,522,63,268,473,298,182,323,130,331,226,241,642,697,1315,263,454,95,559,425,81,251,484,298,109,356,194,382,429,298,491,185,347
172,120,59,24,149,36,147,19,39,61,130,172,274,97,77,84,117,290,172,15,78,166,101,56,117,38,90,77,66,189,227,415,78,141,29,164,138,17,79,169,90,36,123,62,127,133,113,166,51,96
158,145,58,31,155,38,159,39,27,64,119,218,318,103,78,78,106,334,166,21,82,168,107,61,118,37,100,79,82,211,242,465,95,156,40,154,155,31,79,181,107,27,131,62,137,162,102,197,53,102
208,172,84,38,235,47,208,61,64,51,188,192,392,131,99,116,132,395,206,30,102,197,130,83,153,55,139,102,99,250,282,591,123,175,40,209,201,43,104,229,141,35,158,69,164,172,125,213,73,137
461,362,151,65,462,86,418,130,119,188,175,462,753,251,199,256,293,756,418,58,232,429,238,162,293,109,299,225,229,540,625,1144,237,384,94,453,377,68,209,441,267,75,318,142,340,379,258,452,128,300
487,426,228,83,577,124,536,172,218,192,462,351,1016,377,316,354,408,985,591,66,308,619,349,251,368,144,389,233,299,693,802,1524,287,520,103,592,526,97,290,600,380,121,411,200,479,515,365,565,196,360
778,805,357,135,882,199,892,274,318,392,753,1016,789,593,479,558,670,1420,873,108,539,874,563,349,575,229,618,401,442,1153,1321,2357,485,876,195,998,867,153,453,960,585,203,672,332,698,838,536,947,334,630
385,301,125,71,367,89,321,97,103,131,251,377,593,104,167,190,241,587,320,48,179,300,190,124,194,76,204,164,181,429,469,931,169,307,59,354,306,70,160,349,193,63,285,122,244,295,193,344,113,234
318,235,102,50,260,58,247,77,78,99,199,316,479,167,56,134,168,509,265,33,141,282,143,105,160,59,176,115,134,344,399,733,157,232,42,261,252,31,121,291,178,47,185,103,194,237,171,275,118,181
334,251,126,72,282,87,288,84,78,116,256,354,558,190,134,83,198,561,294,46,149,298,167,107,194,62,175,122,149,387,414,848,176,266,60,263,301,36,146,312,193,57,196,111,227,265,187,322,132,187
350,322,134,46,354,67,348,117,106,132,293,408,670,241,168,198,112,678,365,47,210,356,229,133,225,85,229,189,199,503,524,1003,184,345,85,338,340,65,177,336,235,72,270,134,258,309,223,360,140,237
776,836,378,136,883,183,867,290,334,395,756,985,1420,587,509,561,678,831,911,107,540,903,544,347,571,238,630,442,466,1101,1342,2375,464,887,203,1004,840,170,476,970,595,192,642,362,678,855,515,912,319,619
524,419,187,76,521,109,522,172,166,206,418,591,873,320,265,294,365,911,272,71,284,465,327,192,341,148,380,246,260,650,745,1443,265,470,123,598,477,80,267,534,351,98,377,206,453,458,320,527,191,346
71,59,31,9,73,9,63,15,21,30,58,66,108,48,33,46,47,107,71,8,30,67,40,28,32,11,45,28,35,87,102,175,37,72,10,60,51,17,31,66,37,7,49,18,47,57,29,68,21,51
314,249,111,40,285,74,268,78,82,102,232,308,539,179,141,149,210,540,284,30,70,293,169,111,173,66,152,107,125,346,440,789,144,257,60,291,248,52,140,292,208,56,246,101,216,268,169,309,101,183
537,446,198,95,506,117,473,166,168,197,429,619,874,300,282,298,356,903,465,67,293,238,311,178,355,129,356,245,282,672,754,1417,271,500,119,603,494,88,253,541,319,102,365,218,421,430,320,508,195,371
339,270,102,55,326,70,298,101,107,130,238,349,563,190,143,167,229,544,327,40,169,311,78,119,176,78,182,137,149,393,429,826,160,302,61,316,296,47,145,316,190,57,231,110,215,262,164,288,126,207
188,182,71,25,210,39,182,56,61,83,162,251,349,124,105,107,133,347,192,28,111,178,119,37,124,46,130,103,86,258,312,525,108,174,44,228,167,38,101,203,129,39,140,88,137,172,121,200,83,139
368,265,138,49,367,76,323,117,118,153,293,368,575,194,160,194,225,571,341,32,173,355,176,124,100,73,175,158,167,412,543,896,168,315,62,360,308,49,156,387,208,67,260,125,229,305,187,355,114,232
142,107,40,24,115,25,130,38,37,55,109,144,229,76,59,62,85,238,148,11,66,129,78,46,73,13,68,56,59,169,181,369,66,110,20,131,110,22,67,167,78,24,97,45,90,132,78,152,45,99
355,270,113,55,332,77,331,90,100,139,299,389,618,204,176,175,229,630,380,45,152,356,182,130,175,68,108,168,155,436,499,951,171,317,70,339,314,53,164,414,224,65,272,120,244,331,185,348,147,202
274,177,100,58,277,67,226,77,79,102,225,233,401,164,115,122,189,442,246,28,107,245,137,103,158,56,168,55,107,270,356,654,134,234,51,228,241,39,123,270,150,39,182,91,203,192,171,224,94,180
312,238,90,40,264,67,241,66,82,99,229,299,442,181,134,149,199,466,260,35,125,282,149,86,167,59,155,107,58,319,397,704,133,242,52,269,223,55,114,252,179,49,203,115,206,211,155,284,84,192
572,570,275,97,632,142,642,189,211,250,540,693,1153,429,344,387,503,1101,650,87,346,672,393,258,412,169,436,270,319,365,957,1676,348,617,149,696,557,109,340,662,434,137,471,232,510,591,378,718,234,460
692,646,294,119,735,163,697,227,242,282,625,802,1321,469,399,414,524,1342,745,102,440,754,429,312,543,181,499,356,397,957,555,2015,418,695,181,788,668,119,375,756,478,162,560,304,624,688,466,721,246,510
1162,1250,547,216,1400,281,1315,415,465,591,1144,1524,2357,931,733,848,1003,2375,1443,175,789,1417,826,525,896,369,951,654,704,1676,2015,1850,744,1303,301,1498,1308,251,700,1492,900,292,1011,553,1095,1251,889,1379,457,927
225,240,105,47,256,71,263,78,95,123,237,287,485,169,157,176,184,464,265,37,144,271,160,108,168,66,171,134,133,348,418,744,60,255,69,297,272,33,130,267,165,61,228,111,219,259,178,270,104,190
457,412,191,68,494,104,454,141,156,175,384,520,876,307,232,266,345,887,470,72,257,500,302,174,315,110,317,234,242,617,695,1303,255,205,133,480,435,71,232,523,342,119,368,184,347,413,303,490,187,340
107,105,41,19,128,28,95,29,40,40,94,103,195,59,42,60,85,203,123,10,60,119,61,44,62,20,70,51,52,149,181,301,69,133,7,114,105,23,46,106,79,23,82,42,83,100,50,120,38,55
530,458,178,82,530,101,559,164,154,209,453,592,998,354,261,263,338,1004,598,60,291,603,316,228,360,131,339,228,269,696,788,1498,297,480,114,274,507,86,264,549,341,119,390,216,435,526,329,571,194,337
463,410,180,72,495,87,425,138,155,201,377,526,867,306,252,301,340,840,477,51,248,494,296,167,308,110,314,241,223,557,668,1308,272,435,105,507,201,80,236,521,316,108,347,188,367,423,279,441,174,338
86,55,33,10,92,17,81,17,31,43,68,97,153,70,31,36,65,170,80,17,52,88,47,38,49,22,53,39,55,109,119,251,33,71,23,86,80,6,44,90,46,19,59,25,62,67,55,90,26,62
256,189,101,42,222,54,251,79,79,104,209,290,453,160,121,146,177,476,267,31,140,253,145,101,156,67,164,123,114,340,375,700,130,232,46,264,236,44,72,271,166,51,180,101,196,225,164,260,92,173
394,459,209,77,500,107,484,169,181,229,441,600,960,349,291,312,336,970,534,66,292,541,316,203,387,167,414,270,252,662,756,1492,267,523,106,549,521,90,271,274,349,106,389,197,436,477,342,585,185,357
356,263,122,44,300,76,298,90,107,141,267,380,585,193,178,193,235,595,351,37,208,319,190,129,208,78,224,150,179,434,478,900,165,342,79,341,316,46,166,349,110,67,263,136,269,293,217,374,131,191
114,86,36,20,110,22,109,36,27,35,75,121,203,63,47,57,72,192,98,7,56,102,57,39,67,24,65,39,49,137,162,292,61,119,23,119,108,19,51,106,67,9,73,41,90,95,75,105,50,67
344,324,165,51,362,69,356,123,131,158,318,411,672,285,185,196,270,642,377,49,246,365,231,140,260,97,272,182,203,471,560,1011,228,368,82,390,347,59,180,389,263,73,124,123,300,346,211,399,131,255
182,174,70,27,199,42,194,62,62,69,142,200,332,122,103,111,134,362,206,18,101,218,110,88,125,45,120,91,115,232,304,553,111,184,42,216,188,25,101,197,136,41,123,46,165,165,124,198,71,125
456,358,165,66,423,86,382,127,137,164,340,479,698,244,194,227,258,678,453,47,216,421,215,137,229,90,244,203,206,510,624,1095,219,347,83,435,367,62,196,436,269,90,300,165,144,340,258,392,135,287
412,394,175,71,442,102,429,133,162,172,379,515,838,295,237,265,309,855,458,57,268,430,262,172,305,132,331,192,211,591,688,1251,259,413,100,526,423,67,225,477,293,95,346,165,340,188,284,471,161,297
325,261,121,59,334,74,298,113,102,125,258,365,536,193,171,187,223,515,320,29,169,320,164,121,187,78,185,171,155,378,466,889,178,303,50,329,279,55,164,342,217,75,211,124,258,284,97,314,99,207
515,439,198,83,495,107,491,166,197,213,452,565,947,344,275,322,360,912,527,68,309,508,288,200,355,152,348,224,284,718,721,1379,270,490,120,571,441,90,260,585,374,105,399,198,392,471,314,259,177,376
169,183,77,22,184,39,185,51,53,73,128,196,334,113,118,132,140,319,191,21,101,195,126,83,114,45,147,94,84,234,246,457,104,187,38,194,174,26,92,185,131,50,131,71,135,161,99,177,38,122
320,304,127,68,350,75,347,96,102,137,300,360,630,234,181,187,237,619,346,51,183,371,207,139,232,99,202,180,192,460,510,927,190,340,55,337,338,62,173,357,191,67,255,125,287,297,207,376,122,107
