275,458,211,80,461,101,466,179,166,230,457,531,785,371,311,337,372,804,502,67,342,539,355,218,351,148,372,282,328,604,694,1236,247,492,93,528,458,88,252,450,326,104,361,192,420,422,311,517,153,396
458,199,173,76,438,105,421,135,118,156,370,470,797,275,225,257,294,800,445,40,218,452,251,183,275,121,276,213,194,563,614,1166,216,411,105,447,415,76,210,488,301,103,315,147,322,437,250,425,162,291
211,173,40,30,220,34,178,58,65,77,179,207,381,114,116,126,129,383,171,38,100,193,124,85,143,44,133,76,100,266,312,574,126,180,50,194,168,30,90,222,110,37,152,60,162,196,125,207,64,130
80,76,30,6,73,17,78,22,30,31,59,98,134,65,56,55,66,145,85,10,53,75,61,36,74,31,74,42,47,107,124,207,44,65,19,80,66,18,39,76,55,13,57,32,83,73,61,91,23,65
461,438,220,73,253,131,463,155,192,206,420,577,932,308,254,311,337,913,525,59,301,525,317,173,360,133,356,255,272,662,760,1446,284,433,131,503,447,87,237,531,345,103,390,187,426,470,329,517,198,342
101,105,34,17,131,9,97,32,34,51,82,142,195,67,63,70,76,210,132,12,65,120,65,41,89,33,84,53,57,148,169,278,51,112,22,119,99,22,51,111,91,28,93,33,94,105,72,108,37,75
466,421,178,78,463,97,236,136,158,186,392,573,842,291,251,279,349,847,477,61,281,471,324,194,346,132,326,225,250,616,718,1317,267,458,88,514,461,86,238,535,330,91,373,179,379,453,295,493,188,326
179,135,58,22,155,32,136,22,51,74,145,178,292,113,85,97,102,297,150,9,90,149,96,62,98,41,99,73,83,186,216,437,92,143,36,149,142,25,62,168,105,24,114,60,140,158,108,158,75,88
166,118,65,30,192,34,158,51,21,66,128,183,319,114,89,101,117,283,170,26,82,171,97,49,118,35,121,70,66,196,257,459,86,143,34,149,154,23,79,175,105,47,123,54,149,160,102,182,66,113
230,156,77,31,206,51,186,74,66,47,173,213,389,138,111,121,133,373,230,25,111,207,120,88,123,60,136,86,101,278,270,581,92,190,43,200,202,40,102,199,114,27,163,72,153,202,103,235,53,130
457,370,179,59,420,82,392,145,128,173,188,482,776,265,256,257,307,769,449,47,249,450,260,149,270,107,279,222,220,560,611,1139,204,399,87,433,404,71,201,451,283,86,333,144,331,398,275,440,140,296
531,470,207,98,577,142,573,178,183,213,482,313,1026,337,293,313,375,968,548,64,316,595,319,230,345,131,363,257,298,728,854,1520,296,498,113,580,493,95,263,568,391,117,422,201,427,521,315,568,204,400
785,797,381,134,932,195,842,292,319,389,776,1026,775,590,472,516,632,1435,911,103,506,920,534,367,597,234,624,431,458,1141,1321,2352,473,833,205,988,818,159,430,955,617,204,657,321,738,796,586,964,281,603
371,275,114,65,308,67,291,113,114,138,265,337,590,107,159,178,252,593,343,45,161,338,189,115,209,76,200,146,156,417,488,937,167,301,76,343,287,51,175,347,206,54,273,120,231,287,183,362,122,237
311,225,116,56,254,63,251,85,89,111,256,293,472,159,75,144,224,471,280,31,135,284,167,125,170,70,186,113,136,307,398,767,148,273,67,278,258,54,124,310,178,61,202,99,224,246,146,268,107,197
337,257,126,55,311,70,279,97,101,121,257,313,516,178,144,72,234,533,306,35,131,302,173,126,180,73,213,107,151,357,442,870,174,286,65,286,277,45,146,305,181,56,201,108,256,249,166,315,115,193
372,294,129,66,337,76,349,102,117,133,307,375,632,252,224,234,118,648,364,45,213,375,232,145,259,97,247,162,184,447,545,1013,211,346,88,374,326,56,178,389,221,81,296,122,305,320,211,408,139,254
804,800,383,145,913,210,847,297,283,373,769,968,1435,593,471,533,648,771,921,118,520,911,540,378,606,256,647,394,454,1104,1353,2410,467,823,195,980,818,157,469,994,601,205,658,347,740,797,556,960,288,583
502,445,171,85,525,132,477,150,170,230,449,548,911,343,280,306,364,921,242,64,286,468,304,204,327,121,340,237,262,651,741,1419,315,476,111,528,498,71,264,564,345,84,406,190,394,450,314,500,193,325
67,40,38,10,59,12,61,9,26,25,47,64,103,45,31,35,45,118,64,5,24,55,42,24,46,13,39,29,18,76,105,171,25,66,15,53,47,6,29,62,54,12,56,27,56,55,42,73,29,34
342,218,100,53,301,65,281,90,82,111,249,316,506,161,135,131,213,520,286,24,77,281,148,107,192,69,169,124,130,341,430,825,156,266,57,271,273,44,157,293,161,45,210,93,233,270,165,292,101,207
539,452,193,75,525,120,471,149,171,207,450,595,920,338,284,302,375,911,468,55,281,253,315,225,362,128,331,230,267,670,764,1391,314,461,97,549,502,80,253,564,334,89,384,204,398,416,306,533,194,344
355,251,124,61,317,65,324,96,97,120,260,319,534,189,167,173,232,540,304,42,148,315,85,127,184,83,186,134,119,386,411,832,154,290,66,331,271,60,152,345,197,56,239,120,221,301,175,300,105,207
218,183,85,36,173,41,194,62,49,88,149,230,367,115,125,126,145,378,204,24,107,225,127,40,142,62,137,87,96,253,312,544,122,179,38,231,182,37,101,219,133,39,135,77,160,178,123,196,65,147
351,275,143,74,360,89,346,98,118,123,270,345,597,209,170,180,259,606,327,46,192,362,184,142,88,72,187,155,149,450,495,876,180,324,84,357,354,52,177,336,206,65,247,126,268,332,186,362,135,224
148,121,44,31,133,33,132,41,35,60,107,131,234,76,70,73,97,256,121,13,69,128,83,62,72,14,73,58,63,147,193,354,70,137,25,133,124,26,62,155,101,19,102,42,96,123,84,149,51,100
372,276,133,74,356,84,326,99,121,136,279,363,624,200,186,213,247,647,340,39,169,331,186,137,187,73,113,158,150,424,516,907,178,331,74,369,353,52,166,383,232,58,262,126,258,298,192,368,133,240
282,213,76,42,255,53,225,73,70,86,222,257,431,146,113,107,162,394,237,29,124,230,134,87,155,58,158,44,128,289,378,660,140,233,44,250,216,31,125,244,148,42,176,85,186,214,130,241,84,147
328,194,100,47,272,57,250,83,66,101,220,298,458,156,136,151,184,454,262,18,130,267,119,96,149,63,150,128,65,334,399,706,106,255,53,265,251,48,120,276,167,50,191,81,185,245,141,281,83,174
604,563,266,107,662,148,616,186,196,278,560,728,1141,417,307,357,447,1104,651,76,341,670,386,253,450,147,424,289,334,394,1002,1819,329,588,146,671,553,109,308,649,412,139,505,235,555,585,387,677,205,425
694,614,312,124,760,169,718,216,257,270,611,854,1321,488,398,442,545,1353,741,105,430,764,411,312,495,193,516,378,399,1002,576,2074,420,718,168,786,714,118,366,780,492,152,549,272,603,662,479,759,252,479
1236,1166,574,207,1446,278,1317,437,459,581,1139,1520,2352,937,767,870,1013,2410,1419,171,825,1391,832,544,876,354,907,660,706,1819,2074,1877,715,1336,319,1595,1239,232,712,1434,973,323,1035,544,1078,1249,885,1386,476,931
247,216,126,44,284,51,267,92,86,92,204,296,473,167,148,174,211,467,315,25,156,314,154,122,180,70,178,140,106,329,420,715,81,261,64,308,240,57,133,275,188,57,194,94,219,265,176,249,101,187
492,411,180,65,433,112,458,143,143,190,399,498,833,301,273,286,346,823,476,66,266,461,290,179,324,137,331,233,255,588,718,1336,261,210,98,507,447,81,234,476,319,97,327,158,362,423,286,468,177,296
93,105,50,19,131,22,88,36,34,43,87,113,205,76,67,65,88,195,111,15,57,97,66,38,84,25,74,44,53,146,168,319,64,98,12,126,92,15,61,146,74,23,79,51,87,116,76,112,47,70
528,447,194,80,503,119,514,149,149,200,433,580,988,343,278,286,374,980,528,53,271,549,331,231,357,133,369,250,265,671,786,1595,308,507,126,273,482,91,262,560,356,120,404,203,430,472,309,587,197,361
458,415,168,66,447,99,461,142,154,202,404,493,818,287,258,277,326,818,498,47,273,502,271,182,354,124,353,216,251,553,714,1239,240,447,92,482,231,73,214,500,304,101,346,172,389,417,310,495,170,321
88,76,30,18,87,22,86,25,23,40,71,95,159,51,54,45,56,157,71,6,44,80,60,37,52,26,52,31,48,109,118,232,57,81,15,91,73,5,40,93,50,19,63,31,71,76,54,99,39,55
252,210,90,39,237,51,238,62,79,102,201,263,430,175,124,146,178,469,264,29,157,253,152,101,177,62,166,125,120,308,366,712,133,234,61,262,214,40,55,248,164,65,181,93,217,258,169,257,94,167
450,488,222,76,531,111,535,168,175,199,451,568,955,347,310,305,389,994,564,62,293,564,345,219,336,155,383,244,276,649,780,1434,275,476,146,560,500,93,248,298,355,100,374,184,442,486,302,567,196,340
326,301,110,55,345,91,330,105,105,114,283,391,617,206,178,181,221,601,345,54,161,334,197,133,206,101,232,148,167,412,492,973,188,319,74,356,304,50,164,355,103,58,249,117,261,345,197,314,146,218
104,103,37,13,103,28,91,24,47,27,86,117,204,54,61,56,81,205,84,12,45,89,56,39,65,19,58,42,50,139,152,323,57,97,23,120,101,19,65,100,58,10,62,54,81,101,68,103,50,54
361,315,152,57,390,93,373,114,123,163,333,422,657,273,202,201,296,658,406,56,210,384,239,135,247,102,262,176,191,505,549,1035,194,327,79,404,346,63,181,374,249,62,143,135,291,341,217,389,149,251
192,147,60,32,187,33,179,60,54,72,144,201,321,120,99,108,122,347,190,27,93,204,120,77,126,42,126,85,81,235,272,544,94,158,51,203,172,31,93,184,117,54,135,40,163,176,128,169,74,117
420,322,162,83,426,94,379,140,149,153,331,427,738,231,224,256,305,740,394,56,233,398,221,160,268,96,258,186,185,555,603,1078,219,362,87,430,389,71,217,442,261,81,291,163,159,371,241,428,149,279
422,437,196,73,470,105,453,158,160,202,398,521,796,287,246,249,320,797,450,55,270,416,301,178,332,123,298,214,245,585,662,1249,265,423,116,472,417,76,258,486,345,101,341,176,371,169,335,462,194,316
311,250,125,61,329,72,295,108,102,103,275,315,586,183,146,166,211,556,314,42,165,306,175,123,186,84,192,130,141,387,479,885,176,286,76,309,310,54,169,302,197,68,217,128,241,335,103,330,122,211
517,425,207,91,517,108,493,158,182,235,440,568,964,362,268,315,408,960,500,73,292,533,300,196,362,149,368,241,281,677,759,1386,249,468,112,587,495,99,257,567,314,103,389,169,428,462,330,280,165,357
153,162,64,23,198,37,188,75,66,53,140,204,281,122,107,115,139,288,193,29,101,194,105,65,135,51,133,84,83,205,252,476,101,177,47,197,170,39,94,196,146,50,149,74,149,194,122,165,25,118
396,291,130,65,342,75,326,88,113,130,296,400,603,237,197,193,254,583,325,34,207,344,207,147,224,100,240,147,174,425,479,931,187,296,70,361,321,55,167,340,218,54,251,117,279,316,211,357,118,104
