286,455,188,99,538,126,485,163,171,227,464,480,877,372,312,354,352,837,519,75,333,504,355,220,375,142,367,291,338,617,691,1215,250,485,97,533,500,84,235,489,326,103,394,177,451,450,347,488,192,370
455,186,163,90,477,121,432,147,147,170,392,517,769,273,245,239,317,850,428,56,237,418,266,180,296,121,293,201,173,561,683,1282,268,409,107,457,435,69,228,430,307,83,346,169,363,413,278,453,183,303
188,163,40,41,218,50,202,55,68,84,177,220,374,137,108,108,116,353,200,28,103,199,120,90,141,48,134,98,97,246,326,563,125,186,59,184,197,27,93,213,143,42,155,72,175,180,124,216,93,145
99,90,41,10,89,18,84,29,24,41,81,94,125,49,48,55,58,166,78,12,54,79,56,35,68,33,80,52,41,120,126,223,39,98,27,100,92,17,46,91,57,22,40,28,75,65,63,77,32,53
538,477,218,89,262,101,496,170,164,210,440,587,950,340,303,311,394,980,496,63,300,506,299,172,337,126,326,225,222,638,814,1446,316,496,118,550,469,86,275,552,339,102,407,210,422,510,334,526,200,350
126,121,50,18,101,15,119,33,39,61,97,137,187,72,81,93,88,207,105,18,67,108,76,45,75,35,104,76,51,164,176,306,58,117,23,126,122,19,59,131,82,26,64,38,99,83,77,101,36,90
485,432,202,84,496,119,225,141,172,207,389,576,896,309,255,284,362,940,448,72,300,478,285,198,332,137,355,240,239,643,739,1328,257,453,123,518,477,90,249,512,323,93,349,172,371,429,325,501,198,304
163,147,55,29,170,33,141,33,38,74,131,159,246,108,75,81,101,288,155,23,70,166,85,71,105,33,94,66,81,193,210,416,86,157,36,151,164,26,78,153,110,27,111,55,133,137,103,142,53,94
171,147,68,24,164,39,172,38,21,76,140,210,297,117,93,108,109,313,190,22,99,188,93,57,90,31,93,77,78,212,255,471,88,142,50,176,169,32,76,163,104,38,143,61,136,149,116,159,67,107
227,170,84,41,210,61,207,74,76,44,177,224,345,157,120,135,127,373,203,28,121,223,127,117,135,61,159,93,116,257,305,529,99,189,43,205,242,29,97,187,130,32,162,77,173,167,112,181,72,153
464,392,177,81,440,97,389,131,140,177,171,449,711,294,221,256,293,734,421,63,256,417,259,173,293,121,303,189,217,568,637,1143,237,402,86,464,440,76,211,396,273,80,345,162,325,372,264,394,135,288
480,517,220,94,587,137,576,159,210,224,449,293,1084,349,303,303,417,1106,553,69,279,584,331,236,381,146,379,255,234,724,909,1707,308,574,139,562,544,89,281,646,393,106,450,216,461,600,337,605,210,379
877,769,374,125,950,187,896,246,297,345,711,1084,859,633,509,541,688,1506,938,94,437,948,522,345,616,198,601,430,420,1147,1356,2514,474,829,198,992,858,157,445,960,632,192,679,345,737,831,610,923,307,617
372,273,137,49,340,72,309,108,117,157,294,349,633,110,168,180,200,611,323,38,182,334,193,148,211,79,206,168,182,420,493,939,194,274,67,338,304,42,167,341,215,71,262,144,255,318,203,334,119,229
312,245,108,48,303,81,255,75,93,120,221,303,509,168,67,128,199,455,274,37,133,275,164,103,173,62,165,126,152,332,364,752,137,261,65,287,279,46,131,288,167,43,219,105,194,239,158,298,100,180
354,239,108,55,311,93,284,81,108,135,256,303,541,180,128,71,215,492,291,39,166,297,190,111,181,73,177,139,161,352,424,797,151,286,65,297,283,57,133,314,177,47,224,94,207,246,176,326,105,202
352,317,116,58,394,88,362,101,109,127,293,417,688,200,199,215,127,697,381,51,206,357,198,138,214,81,221,179,182,456,499,1052,200,365,83,365,347,58,178,397,256,80,292,119,273,356,215,377,136,207
837,850,353,166,980,207,940,288,313,373,734,1106,1506,611,455,492,697,821,952,87,471,944,522,371,638,205,606,408,480,1158,1381,2498,496,865,228,967,831,153,468,1001,594,180,659,352,737,858,578,954,346,620
519,428,200,78,496,105,448,155,190,203,421,553,938,323,274,291,381,952,261,74,272,498,299,187,348,128,344,241,264,627,738,1378,314,480,106,549,484,76,220,512,366,97,385,207,410,476,312,516,191,334
75,56,28,12,63,18,72,23,22,28,63,69,94,38,37,39,51,87,74,4,46,60,32,26,32,17,46,31,24,56,107,170,25,66,13,59,57,12,31,67,34,12,39,14,49,47,39,72,18,49
333,237,103,54,300,67,300,70,99,121,256,279,437,182,133,166,206,471,272,46,78,316,162,114,170,65,202,118,146,361,424,781,129,265,69,265,284,42,137,301,166,55,232,95,240,229,145,298,114,190
504,418,199,79,506,108,478,166,188,223,417,584,948,334,275,297,357,944,498,60,316,268,304,189,348,129,332,240,263,637,779,1412,322,482,110,543,481,92,242,526,358,103,354,194,401,482,322,518,205,349
355,266,120,56,299,76,285,85,93,127,259,331,522,193,164,190,198,522,299,32,162,304,84,117,189,85,185,122,155,352,427,823,156,261,65,326,275,54,139,324,202,60,229,100,235,263,168,313,122,211
220,180,90,35,172,45,198,71,57,117,173,236,345,148,103,111,138,371,187,26,114,189,117,40,148,46,143,98,108,226,307,558,104,178,43,241,196,36,109,212,139,44,170,67,151,168,128,201,85,123
375,296,141,68,337,75,332,105,90,135,293,381,616,211,173,181,214,638,348,32,170,348,189,148,112,91,196,131,163,409,507,977,202,295,70,361,308,56,173,360,216,67,259,151,269,293,204,320,132,243
142,121,48,33,126,35,137,33,31,61,121,146,198,79,62,73,81,205,128,17,65,129,85,46,91,13,71,59,59,131,187,343,56,125,20,120,133,26,63,153,105,21,98,45,103,114,79,148,49,97
367,293,134,80,326,104,355,94,93,159,303,379,601,206,165,177,221,606,344,46,202,332,185,143,196,71,97,158,141,415,543,976,185,314,63,355,342,56,149,372,243,58,279,130,255,331,197,381,138,235
291,201,98,52,225,76,240,66,77,93,189,255,430,168,126,139,179,408,241,31,118,240,122,98,131,59,158,48,117,285,377,634,132,200,59,244,251,36,118,246,153,37,193,98,190,200,138,289,89,163
338,173,97,41,222,51,239,81,78,116,217,234,420,182,152,161,182,480,264,24,146,263,155,108,163,59,141,117,60,310,411,698,139,221,58,261,231,38,138,248,156,49,198,117,228,228,162,288,106,175
617,561,246,120,638,164,643,193,212,257,568,724,1147,420,332,352,456,1158,627,56,361,637,352,226,409,131,415,285,310,417,999,1874,353,587,149,645,611,104,323,715,368,113,505,248,490,602,394,687,244,432
691,683,326,126,814,176,739,210,255,305,637,909,1356,493,364,424,499,1381,738,107,424,779,427,307,507,187,543,377,411,999,566,2116,425,715,162,809,735,130,362,858,531,162,584,276,624,756,476,810,287,518
1215,1282,563,223,1446,306,1328,416,471,529,1143,1707,2514,939,752,797,1052,2498,1378,170,781,1412,823,558,977,343,976,634,698,1874,2116,2007,741,1283,311,1490,1222,258,737,1547,967,292,1025,505,1144,1360,943,1522,455,896
250,268,125,39,316,58,257,86,88,99,237,308,474,194,137,151,200,496,314,25,129,322,156,104,202,56,185,132,139,353,425,741,68,240,62,285,228,48,129,305,206,67,210,100,218,233,165,289,103,192
485,409,186,98,496,117,453,157,142,189,402,574,829,274,261,286,365,865,480,66,265,482,261,178,295,125,314,200,221,587,715,1283,240,255,111,509,481,74,220,521,340,97,334,158,370,401,279,480,191,333
97,107,59,27,118,23,123,36,50,43,86,139,198,67,65,65,83,228,106,13,69,110,65,43,70,20,63,59,58,149,162,311,62,111,14,116,96,19,56,130,79,20,86,37,84,118,71,123,47,83
533,457,184,100,550,126,518,151,176,205,464,562,992,338,287,297,365,967,549,59,265,543,326,241,361,120,355,244,261,645,809,1490,285,509,116,278,499,90,268,625,356,122,412,206,437,499,352,580,223,336
500,435,197,92,469,122,477,164,169,242,440,544,858,304,279,283,347,831,484,57,284,481,275,196,308,133,342,251,231,611,735,1222,228,481,96,499,233,83,239,538,305,111,342,151,386,396,303,478,147,346
84,69,27,17,86,19,90,26,32,29,76,89,157,42,46,57,58,153,76,12,42,92,54,36,56,26,56,36,38,104,130,258,48,74,19,90,83,8,41,91,61,15,60,27,64,93,63,90,33,58
235,228,93,46,275,59,249,78,76,97,211,281,445,167,131,133,178,468,220,31,137,242,139,109,173,63,149,118,138,323,362,737,129,220,56,268,239,41,57,275,181,54,193,103,210,255,155,253,86,156
489,430,213,91,552,131,512,153,163,187,396,646,960,341,288,314,397,1001,512,67,301,526,324,212,360,153,372,246,248,715,858,1547,305,521,130,625,538,91,275,284,341,111,409,189,428,514,339,551,190,361
326,307,143,57,339,82,323,110,104,130,273,393,632,215,167,177,256,594,366,34,166,358,202,139,216,105,243,153,156,368,531,967,206,340,79,356,305,61,181,341,101,64,254,115,269,346,225,359,138,216
103,83,42,22,102,26,93,27,38,32,80,106,192,71,43,47,80,180,97,12,55,103,60,44,67,21,58,37,49,113,162,292,67,97,20,122,111,15,54,111,64,11,81,29,80,97,52,92,38,67
394,346,155,40,407,64,349,111,143,162,345,450,679,262,219,224,292,659,385,39,232,354,229,170,259,98,279,193,198,505,584,1025,210,334,86,412,342,60,193,409,254,81,139,161,299,366,235,404,132,259
177,169,72,28,210,38,172,55,61,77,162,216,345,144,105,94,119,352,207,14,95,194,100,67,151,45,130,98,117,248,276,505,100,158,37,206,151,27,103,189,115,29,161,38,161,167,130,210,65,118
451,363,175,75,422,99,371,133,136,173,325,461,737,255,194,207,273,737,410,49,240,401,235,151,269,103,255,190,228,490,624,1144,218,370,84,437,386,64,210,428,269,80,299,161,145,341,256,402,169,289
450,413,180,65,510,83,429,137,149,167,372,600,831,318,239,246,356,858,476,47,229,482,263,168,293,114,331,200,228,602,756,1360,233,401,118,499,396,93,255,514,346,97,366,167,341,209,302,501,169,323
347,278,124,63,334,77,325,103,116,112,264,337,610,203,158,176,215,578,312,39,145,322,168,128,204,79,197,138,162,394,476,943,165,279,71,352,303,63,155,339,225,52,235,130,256,302,97,318,124,215
488,453,216,77,526,101,501,142,159,181,394,605,923,334,298,326,377,954,516,72,298,518,313,201,320,148,381,289,288,687,810,1522,289,480,123,580,478,90,253,551,359,92,404,210,402,501,318,255,177,365
192,183,93,32,200,36,198,53,67,72,135,210,307,119,100,105,136,346,191,18,114,205,122,85,132,49,138,89,106,244,287,455,103,191,47,223,147,33,86,190,138,38,132,65,169,169,124,177,36,135
370,303,145,53,350,90,304,94,107,153,288,379,617,229,180,202,207,620,334,49,190,349,211,123,243,97,235,163,175,432,518,896,192,333,83,336,346,58,156,361,216,67,259,118,289,323,215,365,135,113
