265,455,210,96,486,105,426,196,167,265,461,535,831,350,282,312,347,806,466,67,338,449,318,211,356,143,352,287,306,597,654,1197,249,479,102,483,489,92,255,463,361,98,357,159,391,401,309,472,162,372
455,193,180,78,457,101,415,133,124,166,347,500,783,279,231,266,302,805,435,61,248,453,246,150,292,118,311,181,220,517,698,1203,249,380,97,436,403,78,198,449,286,88,331,141,353,416,275,457,150,251
210,180,42,34,198,49,210,61,50,71,182,221,331,130,95,120,142,324,186,32,113,211,117,89,149,61,151,92,100,212,302,561,107,180,41,206,183,21,95,236,144,34,140,76,152,186,129,202,77,125
96,78,34,7,84,21,87,24,33,35,74,83,156,59,51,53,61,128,97,14,49,86,57,33,63,30,73,44,36,103,125,223,49,78,17,95,68,13,40,78,61,15,53,32,79,77,61,89,27,60
486,457,198,84,245,117,504,147,176,228,449,573,957,326,295,298,375,896,496,47,264,510,309,189,312,117,354,246,249,641,745,1360,278,430,92,562,499,83,263,557,337,98,386,188,401,473,330,558,165,344
105,101,49,21,117,13,109,24,39,60,107,115,192,86,56,75,69,177,114,18,61,116,73,37,76,26,83,63,61,140,170,272,53,98,27,127,103,21,55,91,77,19,84,44,116,113,86,119,36,76
426,415,210,87,504,109,231,166,155,210,418,528,849,307,264,278,365,832,480,65,264,468,322,187,312,129,306,214,271,622,694,1248,238,443,99,511,456,74,232,501,313,93,360,179,394,432,300,522,169,314
196,133,61,24,147,24,166,34,49,69,133,164,261,93,92,73,126,279,158,13,78,139,102,53,101,46,102,67,72,182,219,454,96,131,43,166,139,19,76,172,102,25,125,74,132,138,107,170,67,128
167,124,50,33,176,39,155,49,34,60,141,200,316,102,69,86,110,279,152,17,82,161,89,72,108,40,118,57,82,194,230,442,72,143,30,164,158,36,82,155,108,31,116,67,140,146,95,193,57,100
265,166,71,35,228,60,210,69,60,46,180,228,381,149,106,111,167,395,196,25,100,202,126,86,135,48,136,92,99,259,292,586,108,216,50,246,201,28,115,218,125,44,158,70,178,195,138,222,80,166
461,347,182,74,449,107,418,133,141,180,174,493,810,302,235,261,327,763,432,46,222,416,280,179,276,104,288,182,213,557,630,1121,238,408,92,485,388,61,233,460,301,92,322,153,359,394,283,435,147,315
535,500,221,83,573,115,528,164,200,228,493,327,996,339,272,324,389,979,534,62,290,581,336,210,382,151,354,261,260,663,837,1516,321,534,118,588,495,97,288,586,361,117,411,218,455,508,382,587,222,368
831,783,331,156,957,192,849,261,316,381,810,996,739,591,483,527,649,1401,878,116,509,922,536,351,576,249,635,460,478,1159,1282,2406,480,856,219,936,818,163,458,924,570,187,650,333,705,834,543,925,344,618
350,279,130,59,326,86,307,93,102,149,302,339,591,99,176,194,226,577,322,43,201,312,186,136,223,81,197,150,175,426,474,947,172,296,60,347,316,33,152,328,222,66,252,119,268,300,229,342,128,221
282,231,95,51,295,56,264,92,69,106,235,272,483,176,78,143,197,463,273,42,156,261,169,126,183,69,173,137,132,300,382,765,154,241,41,256,236,42,123,282,181,39,218,104,223,259,176,273,114,168
312,266,120,53,298,75,278,73,86,111,261,324,527,194,143,73,208,525,272,32,162,279,184,123,189,65,182,132,137,338,410,810,181,280,60,305,278,39,115,307,193,41,230,94,246,277,169,314,106,188
347,302,142,61,375,69,365,126,110,167,327,389,649,226,197,208,141,664,363,55,226,376,252,148,249,95,260,178,184,483,557,1000,193,336,75,374,338,59,184,376,246,70,282,144,286,339,231,395,134,244
806,805,324,128,896,177,832,279,279,395,763,979,1401,577,463,525,664,783,857,124,523,898,566,366,577,255,652,431,507,1095,1324,2350,448,826,224,963,810,164,422,924,581,192,661,329,677,821,570,914,332,600
466,435,186,97,496,114,480,158,152,196,432,534,878,322,273,272,363,857,253,69,309,506,296,199,345,130,332,237,262,612,759,1399,298,463,110,521,442,110,251,504,338,103,380,182,412,492,297,542,194,330
67,61,32,14,47,18,65,13,17,25,46,62,116,43,42,32,55,124,69,2,35,71,37,26,53,17,47,30,42,73,85,178,36,49,20,66,50,13,36,71,33,10,48,20,60,68,40,65,19,39
338,248,113,49,264,61,264,78,82,100,222,290,509,201,156,162,226,523,309,35,79,301,154,102,181,72,181,128,119,338,450,789,153,249,55,330,267,50,140,272,182,56,216,100,217,271,166,288,106,187
449,453,211,86,510,116,468,139,161,202,416,581,922,312,261,279,376,898,506,71,301,254,305,194,329,133,329,241,274,663,731,1391,262,472,102,536,469,86,229,544,342,91,400,200,409,483,318,513,180,349
318,246,117,57,309,73,322,102,89,126,280,336,536,186,169,184,252,566,296,37,154,305,105,125,197,73,198,148,138,364,399,824,166,304,64,311,282,48,164,308,200,52,216,133,248,290,196,296,119,187
211,150,89,33,189,37,187,53,72,86,179,210,351,136,126,123,148,366,199,26,102,194,125,43,138,56,136,83,106,243,286,600,119,193,48,223,192,19,88,194,125,39,137,85,167,174,132,198,91,146
356,292,149,63,312,76,312,101,108,135,276,382,576,223,183,189,249,577,345,53,181,329,197,138,103,91,224,147,169,392,502,910,159,332,71,329,343,47,170,346,230,64,267,118,258,309,194,331,128,228
143,118,61,30,117,26,129,46,40,48,104,151,249,81,69,65,95,255,130,17,72,133,73,56,91,11,68,47,58,143,187,403,88,113,34,125,128,30,78,145,87,33,106,36,96,116,93,134,54,77
352,311,151,73,354,83,306,102,118,136,288,354,635,197,173,182,260,652,332,47,181,329,198,136,224,68,108,137,174,435,524,946,193,297,79,352,305,66,165,358,220,59,258,116,282,339,215,352,113,237
287,181,92,44,246,63,214,67,57,92,182,261,460,150,137,132,178,431,237,30,128,241,148,83,147,47,137,64,101,271,373,660,124,210,44,229,220,43,111,257,154,51,187,85,165,229,157,243,93,155
306,220,100,36,249,61,271,72,82,99,213,260,478,175,132,137,184,507,262,42,119,274,138,106,169,58,174,101,57,305,416,786,160,266,54,259,248,39,124,294,174,46,196,112,225,264,169,280,91,160
597,517,212,103,641,140,622,182,194,259,557,663,1159,426,300,338,483,1095,612,73,338,663,364,243,392,143,435,271,305,409,916,1742,323,568,136,669,560,116,324,660,367,122,466,236,503,580,351,641,225,417
654,698,302,125,745,170,694,219,230,292,630,837,1282,474,382,410,557,1324,759,85,450,731,399,286,502,187,524,373,416,916,551,2068,352,702,170,792,723,145,363,785,521,148,514,258,577,713,454,754,263,497
1197,1203,561,223,1360,272,1248,454,442,586,1121,1516,2406,947,765,810,1000,2350,1399,178,789,1391,824,600,910,403,946,660,786,1742,2068,1852,736,1229,309,1492,1259,246,663,1468,899,287,985,502,1124,1317,840,1402,490,939
249,249,107,49,278,53,238,96,72,108,238,321,480,172,154,181,193,448,298,36,153,262,166,119,159,88,193,124,160,323,352,736,73,258,55,291,237,44,134,286,187,49,178,102,211,264,161,249,94,170
479,380,180,78,430,98,443,131,143,216,408,534,856,296,241,280,336,826,463,49,249,472,304,193,332,113,297,210,266,568,702,1229,258,193,94,518,428,89,226,503,308,83,377,181,412,449,277,505,161,363
102,97,41,17,92,27,99,43,30,50,92,118,219,60,41,60,75,224,110,20,55,102,64,48,71,34,79,44,54,136,170,309,55,94,11,113,103,16,50,111,74,22,88,34,81,104,75,101,39,82
483,436,206,95,562,127,511,166,164,246,485,588,936,347,256,305,374,963,521,66,330,536,311,223,329,125,352,229,259,669,792,1492,291,518,113,283,504,85,285,572,366,116,399,199,382,511,305,577,200,322
489,403,183,68,499,103,456,139,158,201,388,495,818,316,236,278,338,810,442,50,267,469,282,192,343,128,305,220,248,560,723,1259,237,428,103,504,206,74,225,498,298,93,351,200,408,411,300,509,171,325
92,78,21,13,83,21,74,19,36,28,61,97,163,33,42,39,59,164,110,13,50,86,48,19,47,30,66,43,39,116,145,246,44,89,16,85,74,7,42,96,63,24,69,37,57,75,52,80,34,56
255,198,95,40,263,55,232,76,82,115,233,288,458,152,123,115,184,422,251,36,140,229,164,88,170,78,165,111,124,324,363,663,134,226,50,285,225,42,66,273,171,53,184,99,193,250,163,241,93,175
463,449,236,78,557,91,501,172,155,218,460,586,924,328,282,307,376,924,504,71,272,544,308,194,346,145,358,257,294,660,785,1468,286,503,111,572,498,96,273,282,334,87,388,192,448,490,327,529,191,362
361,286,144,61,337,77,313,102,108,125,301,361,570,222,181,193,246,581,338,33,182,342,200,125,230,87,220,154,174,367,521,899,187,308,74,366,298,63,171,334,96,64,265,130,268,283,223,335,124,209
98,88,34,15,98,19,93,25,31,44,92,117,187,66,39,41,70,192,103,10,56,91,52,39,64,33,59,51,46,122,148,287,49,83,22,116,93,24,53,87,64,9,87,30,80,106,61,103,34,63
357,331,140,53,386,84,360,125,116,158,322,411,650,252,218,230,282,661,380,48,216,400,216,137,267,106,258,187,196,466,514,985,178,377,88,399,351,69,184,388,265,87,135,129,268,342,219,418,137,248
159,141,76,32,188,44,179,74,67,70,153,218,333,119,104,94,144,329,182,20,100,200,133,85,118,36,116,85,112,236,258,502,102,181,34,199,200,37,99,192,130,30,129,37,149,168,107,178,71,122
391,353,152,79,401,116,394,132,140,178,359,455,705,268,223,246,286,677,412,60,217,409,248,167,258,96,282,165,225,503,577,1124,211,412,81,382,408,57,193,448,268,80,268,149,174,368,266,393,158,250
401,416,186,77,473,113,432,138,146,195,394,508,834,300,259,277,339,821,492,68,271,483,290,174,309,116,339,229,264,580,713,1317,264,449,104,511,411,75,250,490,283,106,342,168,368,244,284,491,168,315
309,275,129,61,330,86,300,107,95,138,283,382,543,229,176,169,231,570,297,40,166,318,196,132,194,93,215,157,169,351,454,840,161,277,75,305,300,52,163,327,223,61,219,107,266,284,98,305,125,216
472,457,202,89,558,119,522,170,193,222,435,587,925,342,273,314,395,914,542,65,288,513,296,198,331,134,352,243,280,641,754,1402,249,505,101,577,509,80,241,529,335,103,418,178,393,491,305,245,201,342
162,150,77,27,165,36,169,67,57,80,147,222,344,128,114,106,134,332,194,19,106,180,119,91,128,54,113,93,91,225,263,490,94,161,39,200,171,34,93,191,124,34,137,71,158,168,125,201,29,127
372,251,125,60,344,76,314,128,100,166,315,368,618,221,168,188,244,600,330,39,187,349,187,146,228,77,237,155,160,417,497,939,170,363,82,322,325,56,175,362,209,63,248,122,250,315,216,342,127,128
