270,446,212,84,494,101,469,188,176,256,451,553,810,349,333,367,331,785,492,72,305,522,355,230,372,157,407,266,312,581,728,1197,257,471,100,494,494,69,254,459,303,122,406,177,409,398,306,516,159,370
446,167,188,71,399,99,390,118,138,193,344,501,823,293,227,231,321,782,404,51,263,442,280,181,259,123,280,218,211,547,650,1186,238,379,96,467,414,61,205,413,260,90,334,165,357,415,287,467,161,268
212,188,27,24,193,44,197,52,59,72,177,222,379,108,101,117,154,385,189,26,114,207,126,96,127,50,125,98,97,261,292,566,107,171,43,221,187,37,117,223,119,46,142,72,156,183,118,201,84,149
84,71,24,10,78,21,73,37,26,41,62,97,161,47,42,48,55,158,69,6,39,71,48,32,65,26,56,34,39,105,118,230,48,77,13,104,74,14,49,73,54,17,72,29,52,76,46,87,23,63
494,399,193,78,237,108,469,156,179,212,428,547,912,337,268,304,382,887,539,61,288,521,288,177,299,126,333,257,243,632,783,1384,283,478,119,502,476,85,247,572,347,110,344,203,409,502,300,491,178,337
101,99,44,21,108,9,96,56,36,53,94,121,193,78,47,64,80,209,95,12,79,109,73,48,84,34,82,46,49,151,156,266,52,105,19,124,107,19,69,103,77,25,85,43,88,104,76,116,40,81
469,390,197,73,469,96,221,161,164,201,390,539,938,308,249,257,367,905,515,61,290,525,313,203,309,121,318,237,233,679,705,1305,291,448,107,531,424,90,250,501,314,105,385,186,358,395,326,472,188,339
188,118,52,37,156,56,161,26,52,66,141,174,295,109,78,92,99,287,142,23,81,165,80,64,91,45,94,73,76,185,245,472,86,164,30,157,157,27,68,149,107,31,135,56,130,134,91,176,49,96
176,138,59,26,179,36,164,52,25,54,135,180,299,117,88,79,121,289,174,22,101,171,104,70,116,40,119,64,74,172,243,484,87,151,36,172,150,25,98,171,119,44,101,59,139,160,103,171,70,129
256,193,72,41,212,53,201,66,54,48,178,234,374,138,98,122,158,366,232,23,113,224,123,75,140,51,146,112,108,287,299,533,114,196,50,231,197,43,95,206,139,45,178,78,142,184,118,206,67,153
451,344,177,62,428,94,390,141,135,178,195,501,708,305,220,229,332,744,463,56,227,396,235,169,284,111,266,203,238,544,601,1135,203,398,88,479,375,77,221,395,319,80,322,143,336,397,263,434,158,299
553,501,222,97,547,121,539,174,180,234,501,336,983,357,296,358,399,941,538,71,278,549,310,233,385,122,381,279,256,709,834,1547,270,556,127,628,522,100,299,580,393,108,436,197,450,501,324,588,204,366
810,823,379,161,912,193,938,295,299,374,708,983,792,636,478,520,625,1423,914,125,514,950,525,386,605,221,614,410,464,1150,1389,2436,474,914,207,937,890,169,462,986,575,183,676,352,711,791,524,948,329,636
349,293,108,47,337,78,308,109,117,138,305,357,636,101,158,181,259,618,363,40,179,372,185,144,212,99,225,168,156,439,500,923,181,320,88,340,293,61,161,358,212,71,252,128,231,295,202,329,100,246
333,227,101,42,268,47,249,78,88,98,220,296,478,158,69,133,196,481,270,34,143,308,154,104,173,65,165,139,124,321,382,730,146,241,74,273,230,48,151,280,157,76,189,92,201,251,163,253,111,198
367,231,117,48,304,64,257,92,79,122,229,358,520,181,133,77,210,520,302,36,147,322,186,114,175,68,188,142,131,353,438,832,175,265,79,292,253,54,154,319,189,69,221,118,191,266,181,290,102,216
331,321,154,55,382,80,367,99,121,158,332,399,625,259,196,210,140,635,379,55,185,361,247,149,258,87,251,194,219,423,540,1010,196,337,65,397,334,49,172,380,222,93,277,133,309,317,228,389,137,248
785,782,385,158,887,209,905,287,289,366,744,941,1423,618,481,520,635,828,897,111,501,888,551,362,610,248,622,413,462,1099,1317,2439,439,816,198,1001,849,149,472,929,583,174,712,358,721,795,564,983,310,587
492,404,189,69,539,95,515,142,174,232,463,538,914,363,270,302,379,897,263,60,266,479,293,191,311,147,324,226,270,634,749,1441,266,479,111,519,484,75,237,535,365,101,389,170,390,450,308,502,176,346
72,51,26,6,61,12,61,23,22,23,56,71,125,40,34,36,55,111,60,3,36,55,31,21,40,16,39,26,40,72,94,182,32,56,19,67,56,6,33,53,45,10,41,26,48,55,30,61,28,35
305,263,114,39,288,79,290,81,101,113,227,278,514,179,143,147,185,501,266,36,70,269,162,122,186,65,175,117,125,345,436,809,143,276,70,271,262,42,143,314,204,58,216,87,248,279,175,314,126,180
522,442,207,71,521,109,525,165,171,224,396,549,950,372,308,322,361,888,479,55,269,250,322,171,309,137,356,260,261,669,730,1390,294,483,117,525,473,85,249,504,358,112,383,184,383,457,325,502,184,368
355,280,126,48,288,73,313,80,104,123,235,310,525,185,154,186,247,551,293,31,162,322,85,118,182,84,186,126,149,342,450,876,146,252,82,313,285,47,159,321,213,53,219,106,240,294,209,328,103,216
230,181,96,32,177,48,203,64,70,75,169,233,386,144,104,114,149,362,191,21,122,171,118,44,140,57,124,112,106,252,306,561,116,185,35,205,169,32,112,202,122,53,157,72,153,173,122,217,68,160
372,259,127,65,299,84,309,91,116,140,284,385,605,212,173,175,258,610,311,40,186,309,182,140,99,83,216,154,150,401,501,940,153,311,78,371,348,51,148,367,188,69,267,135,250,293,221,351,141,253
157,123,50,26,126,34,121,45,40,51,111,122,221,99,65,68,87,248,147,16,65,137,84,57,83,14,68,61,66,154,163,362,88,110,25,132,118,23,58,134,76,27,122,54,116,121,88,147,62,91
407,280,125,56,333,82,318,94,119,146,266,381,614,225,165,188,251,622,324,39,175,356,186,124,216,68,98,183,164,426,487,952,194,321,77,328,307,51,163,363,209,76,265,122,263,292,214,355,137,230
266,218,98,34,257,46,237,73,64,112,203,279,410,168,139,142,194,413,226,26,117,260,126,112,154,61,183,53,109,274,333,656,132,212,65,231,235,42,139,233,138,47,193,84,200,199,160,260,81,167
312,211,97,39,243,49,233,76,74,108,238,256,464,156,124,131,219,462,270,40,125,261,149,106,150,66,164,109,56,307,405,715,147,204,50,266,266,47,138,282,146,51,188,100,209,235,158,268,94,193
581,547,261,105,632,151,679,185,172,287,544,709,1150,439,321,353,423,1099,634,72,345,669,342,252,401,154,426,274,307,388,986,1848,316,576,156,653,583,98,314,647,446,120,487,267,520,552,401,672,217,433
728,650,292,118,783,156,705,245,243,299,601,834,1389,500,382,438,540,1317,749,94,436,730,450,306,501,163,487,333,405,986,541,2026,434,731,171,782,706,128,383,765,509,153,583,275,624,679,493,732,286,516
1197,1186,566,230,1384,266,1305,472,484,533,1135,1547,2436,923,730,832,1010,2439,1441,182,809,1390,876,561,940,362,952,656,715,1848,2026,1805,698,1301,324,1521,1315,253,723,1450,857,283,1075,517,1110,1232,896,1385,537,953
257,238,107,48,283,52,291,86,87,114,203,270,474,181,146,175,196,439,266,32,143,294,146,116,153,88,194,132,147,316,434,698,82,252,58,299,267,44,138,303,170,61,219,98,220,254,183,261,110,196
471,379,171,77,478,105,448,164,151,196,398,556,914,320,241,265,337,816,479,56,276,483,252,185,311,110,321,212,204,576,731,1301,252,237,112,499,421,83,231,476,315,95,382,178,391,457,292,501,167,314
100,96,43,13,119,19,107,30,36,50,88,127,207,88,74,79,65,198,111,19,70,117,82,35,78,25,77,65,50,156,171,324,58,112,9,117,94,12,65,128,73,19,97,41,102,92,64,127,52,76
494,467,221,104,502,124,531,157,172,231,479,628,937,340,273,292,397,1001,519,67,271,525,313,205,371,132,328,231,266,653,782,1521,299,499,117,312,515,76,259,544,332,96,404,215,422,516,355,577,228,352
494,414,187,74,476,107,424,157,150,197,375,522,890,293,230,253,334,849,484,56,262,473,285,169,348,118,307,235,266,583,706,1315,267,421,94,515,208,74,233,492,306,87,362,176,360,422,296,505,180,318
69,61,37,14,85,19,90,27,25,43,77,100,169,61,48,54,49,149,75,6,42,85,47,32,51,23,51,42,47,98,128,253,44,83,12,76,74,7,29,100,56,18,56,44,71,87,36,107,37,47
254,205,117,49,247,69,250,68,98,95,221,299,462,161,151,154,172,472,237,33,143,249,159,112,148,58,163,139,138,314,383,723,138,231,65,259,233,29,70,259,171,52,192,84,218,214,163,262,105,156
459,413,223,73,572,103,501,149,171,206,395,580,986,358,280,319,380,929,535,53,314,504,321,202,367,134,363,233,282,647,765,1450,303,476,128,544,492,100,259,259,349,109,392,204,450,521,364,556,209,364
303,260,119,54,347,77,314,107,119,139,319,393,575,212,157,189,222,583,365,45,204,358,213,122,188,76,209,138,146,446,509,857,170,315,73,332,306,56,171,349,113,73,258,130,249,276,209,328,112,226
122,90,46,17,110,25,105,31,44,45,80,108,183,71,76,69,93,174,101,10,58,112,53,53,69,27,76,47,51,120,153,283,61,95,19,96,87,18,52,109,73,15,83,28,78,98,70,109,49,60
406,334,142,72,344,85,385,135,101,178,322,436,676,252,189,221,277,712,389,41,216,383,219,157,267,122,265,193,188,487,583,1075,219,382,97,404,362,56,192,392,258,83,146,125,312,363,244,408,128,262
177,165,72,29,203,43,186,56,59,78,143,197,352,128,92,118,133,358,170,26,87,184,106,72,135,54,122,84,100,267,275,517,98,178,41,215,176,44,84,204,130,28,125,39,144,168,113,187,69,116
409,357,156,52,409,88,358,130,139,142,336,450,711,231,201,191,309,721,390,48,248,383,240,153,250,116,263,200,209,520,624,1110,220,391,102,422,360,71,218,450,249,78,312,144,152,378,253,427,154,276
398,415,183,76,502,104,395,134,160,184,397,501,791,295,251,266,317,795,450,55,279,457,294,173,293,121,292,199,235,552,679,1232,254,457,92,516,422,87,214,521,276,98,363,168,378,207,297,457,169,308
306,287,118,46,300,76,326,91,103,118,263,324,524,202,163,181,228,564,308,30,175,325,209,122,221,88,214,160,158,401,493,896,183,292,64,355,296,36,163,364,209,70,244,113,253,297,94,327,105,250
516,467,201,87,491,116,472,176,171,206,434,588,948,329,253,290,389,983,502,61,314,502,328,217,351,147,355,260,268,672,732,1385,261,501,127,577,505,107,262,556,328,109,408,187,427,457,327,235,196,362
159,161,84,23,178,40,188,49,70,67,158,204,329,100,111,102,137,310,176,28,126,184,103,68,141,62,137,81,94,217,286,537,110,167,52,228,180,37,105,209,112,49,128,69,154,169,105,196,34,130
370,268,149,63,337,81,339,96,129,153,299,366,636,246,198,216,248,587,346,35,180,368,216,160,253,91,230,167,193,433,516,953,196,314,76,352,318,47,156,364,226,60,262,116,276,308,250,362,130,116
