277,471,210,84,500,102,491,197,171,256,488,496,872,377,302,350,365,809,541,70,335,538,351,218,374,146,365,301,275,606,731,1191,261,481,109,536,492,92,278,502,355,117,361,193,423,441,348,520,176,371
471,196,151,85,414,107,448,122,149,190,364,517,804,289,251,239,311,816,423,48,235,455,248,182,285,121,289,217,213,553,707,1249,246,418,114,472,412,56,225,457,274,83,343,162,378,417,262,434,183,302
210,151,38,43,201,52,178,52,52,68,156,227,392,130,112,112,161,348,223,15,110,207,103,77,126,45,119,82,111,224,301,617,107,181,50,216,169,43,124,202,130,48,170,66,134,181,113,206,89,125
84,85,43,10,84,24,72,24,16,40,89,96,136,68,33,51,51,145,88,14,55,90,58,32,64,26,62,37,48,108,139,228,53,81,13,78,76,11,39,82,61,11,56,32,85,72,58,107,25,67
500,414,201,84,255,104,481,167,154,212,417,558,896,316,269,304,405,882,542,72,279,549,305,220,344,129,343,251,256,660,789,1413,274,485,128,564,479,80,268,539,337,114,419,162,428,461,317,575,187,357
102,107,52,24,104,16,108,27,29,51,107,130,193,85,50,67,78,182,99,14,71,103,74,35,74,32,72,42,60,152,158,288,51,104,19,116,97,19,55,116,67,18,75,33,97,92,72,114,35,81
491,448,178,72,481,108,277,128,145,199,407,543,895,321,251,274,336,871,486,66,253,513,306,204,358,129,358,216,296,628,748,1320,267,416,106,539,478,81,237,520,302,96,365,185,431,465,301,501,178,350
197,122,52,24,167,27,128,22,48,76,133,167,266,108,79,95,107,244,172,17,69,160,73,58,88,36,90,79,85,189,213,400,76,129,35,156,147,19,59,165,103,30,117,50,120,142,95,155,43,96
171,149,52,16,154,29,145,48,22,68,144,183,307,112,82,82,121,315,170,15,87,195,111,67,121,38,131,70,92,204,249,458,98,145,47,177,150,25,80,177,102,43,128,56,159,158,121,188,71,118
256,190,68,40,212,51,199,76,68,58,180,209,352,115,106,107,158,373,209,29,109,225,123,78,149,67,138,112,118,244,299,511,101,188,43,223,196,41,118,204,133,44,142,90,155,179,121,199,68,143
488,364,156,89,417,107,407,133,144,180,178,449,742,277,230,236,320,777,407,60,255,447,257,155,297,106,283,232,216,519,638,1143,223,396,99,460,405,64,229,434,289,91,324,159,357,354,271,432,151,284
496,517,227,96,558,130,543,167,183,209,449,337,1070,347,298,291,404,1089,579,75,316,604,360,225,359,116,348,255,296,728,870,1565,324,549,134,582,534,110,295,607,361,116,432,230,441,531,360,586,228,394
872,804,392,136,896,193,895,266,307,352,742,1070,810,587,476,544,625,1463,901,118,497,975,523,346,618,225,626,411,419,1226,1451,2461,494,866,209,971,821,149,420,1007,630,194,644,359,780,881,563,951,338,607
377,289,130,68,316,85,321,108,112,115,277,347,587,110,177,183,248,588,352,36,170,343,206,117,230,93,230,150,185,374,517,916,173,315,84,327,332,63,187,361,232,72,231,138,266,324,195,365,137,223
302,251,112,33,269,50,251,79,82,106,230,298,476,177,66,151,210,486,288,29,114,268,151,116,157,77,184,108,140,326,397,731,148,245,62,272,252,45,136,277,142,52,220,98,199,253,153,264,94,157
350,239,112,51,304,67,274,95,82,107,236,291,544,183,151,97,219,496,338,37,145,318,179,125,172,58,164,135,179,327,398,759,150,256,66,280,292,45,155,310,167,60,220,98,269,282,178,308,105,182
365,311,161,51,405,78,336,107,121,158,320,404,625,248,210,219,120,680,385,41,212,385,222,150,241,84,258,159,180,462,537,1016,205,322,83,364,344,71,173,398,270,70,304,146,282,324,254,385,146,228
809,816,348,145,882,182,871,244,315,373,777,1089,1463,588,486,496,680,829,920,110,478,923,506,383,619,262,653,393,426,1162,1412,2491,516,847,207,992,851,150,422,1004,644,189,654,376,749,853,566,913,348,592
541,423,223,88,542,99,486,172,170,209,407,579,901,352,288,338,385,920,295,53,249,533,294,197,326,138,357,273,262,610,760,1450,288,462,108,544,475,82,276,546,374,94,363,178,424,476,337,530,175,347
70,48,15,14,72,14,66,17,15,29,60,75,118,36,29,37,41,110,53,3,36,64,34,23,44,14,32,31,26,72,86,185,33,58,14,69,51,12,33,73,37,13,53,36,49,66,27,70,27,39
335,235,110,55,279,71,253,69,87,109,255,316,497,170,114,145,212,478,249,36,79,288,157,99,189,70,180,123,139,376,400,798,141,279,55,269,288,48,146,321,184,44,225,83,214,243,169,274,93,177
538,455,207,90,549,103,513,160,195,225,447,604,975,343,268,318,385,923,533,64,288,277,312,214,339,125,366,247,255,648,729,1428,286,452,118,541,496,88,271,544,354,121,409,207,434,446,331,517,212,351
351,248,103,58,305,74,306,73,111,123,257,360,523,206,151,179,222,506,294,34,157,312,80,107,180,68,191,123,146,360,456,810,160,272,61,294,317,44,158,294,187,56,251,119,231,289,175,295,118,207
218,182,77,32,220,35,204,58,67,78,155,225,346,117,116,125,150,383,197,23,99,214,107,40,125,53,143,105,112,262,292,568,115,204,53,238,189,31,115,226,132,41,161,75,158,180,113,214,87,135
374,285,126,64,344,74,358,88,121,149,297,359,618,230,157,172,241,619,326,44,189,339,180,125,107,96,203,163,165,449,502,948,183,320,78,329,305,51,146,366,222,54,277,125,259,318,194,363,154,225
146,121,45,26,129,32,129,36,38,67,106,116,225,93,77,58,84,262,138,14,70,125,68,53,96,14,73,54,67,153,183,346,72,106,17,110,119,27,61,132,92,25,96,47,117,107,84,119,53,88
365,289,119,62,343,72,358,90,131,138,283,348,626,230,184,164,258,653,357,32,180,366,191,143,203,73,104,149,163,458,519,974,179,314,72,324,325,51,177,388,237,61,268,122,285,328,201,335,145,213
301,217,82,37,251,42,216,79,70,112,232,255,411,150,108,135,159,393,273,31,123,247,123,105,163,54,149,72,122,304,366,610,130,218,57,247,217,32,129,256,182,43,210,74,195,203,128,248,79,176
275,213,111,48,256,60,296,85,92,118,216,296,419,185,140,179,180,426,262,26,139,255,146,112,165,67,163,122,65,294,359,653,135,255,64,243,220,42,137,260,152,48,213,106,200,221,149,283,98,173
606,553,224,108,660,152,628,189,204,244,519,728,1226,374,326,327,462,1162,610,72,376,648,360,262,449,153,458,304,294,410,969,1873,359,588,127,684,595,119,325,688,412,138,515,236,535,603,419,680,246,417
731,707,301,139,789,158,748,213,249,299,638,870,1451,517,397,398,537,1412,760,86,400,729,456,292,502,183,519,366,359,969,591,2205,446,644,153,782,697,139,391,806,490,159,573,272,622,737,492,724,261,497
1191,1249,617,228,1413,288,1320,400,458,511,1143,1565,2461,916,731,759,1016,2491,1450,185,798,1428,810,568,948,346,974,610,653,1873,2205,2050,764,1305,329,1532,1220,212,695,1543,983,301,1061,539,1180,1404,924,1419,516,888
261,246,107,53,274,51,267,76,98,101,223,324,494,173,148,150,205,516,288,33,141,286,160,115,183,72,179,130,135,359,446,764,77,259,55,277,256,40,121,287,169,55,203,102,219,272,175,262,102,182
481,418,181,81,485,104,416,129,145,188,396,549,866,315,245,256,322,847,462,58,279,452,272,204,320,106,314,218,255,588,644,1305,259,216,118,487,456,73,228,468,315,98,378,155,408,414,324,462,165,318
109,114,50,13,128,19,106,35,47,43,99,134,209,84,62,66,83,207,108,14,55,118,61,53,78,17,72,57,64,127,153,329,55,118,14,122,90,20,48,138,77,24,95,44,88,107,72,114,48,87
536,472,216,78,564,116,539,156,177,223,460,582,971,327,272,280,364,992,544,69,269,541,294,238,329,110,324,247,243,684,782,1532,277,487,122,268,528,106,272,608,383,105,421,212,394,529,344,600,207,347
492,412,169,76,479,97,478,147,150,196,405,534,821,332,252,292,344,851,475,51,288,496,317,189,305,119,325,217,220,595,697,1220,256,456,90,528,225,79,241,502,320,109,321,165,395,441,297,512,173,344
92,56,43,11,80,19,81,19,25,41,64,110,149,63,45,45,71,150,82,12,48,88,44,31,51,27,51,32,42,119,139,212,40,73,20,106,79,9,29,91,60,17,67,25,61,78,50,81,29,52
278,225,124,39,268,55,237,59,80,118,229,295,420,187,136,155,173,422,276,33,146,271,158,115,146,61,177,129,137,325,391,695,121,228,48,272,241,29,53,256,187,52,182,94,201,244,150,269,82,174
502,457,202,82,539,116,520,165,177,204,434,607,1007,361,277,310,398,1004,546,73,321,544,294,226,366,132,388,256,260,688,806,1543,287,468,138,608,502,91,256,276,368,110,421,216,468,502,335,520,196,347
355,274,130,61,337,67,302,103,102,133,289,361,630,232,142,167,270,644,374,37,184,354,187,132,222,92,237,182,152,412,490,983,169,315,77,383,320,60,187,368,128,62,261,118,282,294,202,367,118,211
117,83,48,11,114,18,96,30,43,44,91,116,194,72,52,60,70,189,94,13,44,121,56,41,54,25,61,43,48,138,159,301,55,98,24,105,109,17,52,110,62,3,96,35,87,92,68,105,42,63
361,343,170,56,419,75,365,117,128,142,324,432,644,231,220,220,304,654,363,53,225,409,251,161,277,96,268,210,213,515,573,1061,203,378,95,421,321,67,182,421,261,96,143,157,341,365,250,401,155,242
193,162,66,32,162,33,185,50,56,90,159,230,359,138,98,98,146,376,178,36,83,207,119,75,125,47,122,74,106,236,272,539,102,155,44,212,165,25,94,216,118,35,157,25,169,175,107,200,75,128
423,378,134,85,428,97,431,120,159,155,357,441,780,266,199,269,282,749,424,49,214,434,231,158,259,117,285,195,200,535,622,1180,219,408,88,394,395,61,201,468,282,87,341,169,176,386,245,446,172,251
441,417,181,72,461,92,465,142,158,179,354,531,881,324,253,282,324,853,476,66,243,446,289,180,318,107,328,203,221,603,737,1404,272,414,107,529,441,78,244,502,294,92,365,175,386,216,324,465,166,308
348,262,113,58,317,72,301,95,121,121,271,360,563,195,153,178,254,566,337,27,169,331,175,113,194,84,201,128,149,419,492,924,175,324,72,344,297,50,150,335,202,68,250,107,245,324,105,314,134,199
520,434,206,107,575,114,501,155,188,199,432,586,951,365,264,308,385,913,530,70,274,517,295,214,363,119,335,248,283,680,724,1419,262,462,114,600,512,81,269,520,367,105,401,200,446,465,314,273,190,335
176,183,89,25,187,35,178,43,71,68,151,228,338,137,94,105,146,348,175,27,93,212,118,87,154,53,145,79,98,246,261,516,102,165,48,207,173,29,82,196,118,42,155,75,172,166,134,190,40,134
371,302,125,67,357,81,350,96,118,143,284,394,607,223,157,182,228,592,347,39,177,351,207,135,225,88,213,176,173,417,497,888,182,318,87,347,344,52,174,347,211,63,242,128,251,308,199,335,134,112
