262,434,231,91,518,113,452,179,171,256,457,508,802,354,304,328,365,801,508,59,317,516,339,217,365,166,379,272,332,601,664,1183,248,492,87,487,476,92,248,484,313,89,385,187,455,402,327,484,184,400
434,180,164,82,425,104,383,156,134,187,403,490,790,254,231,225,313,802,441,56,233,417,275,187,266,108,305,229,216,526,671,1221,241,442,111,443,397,74,211,455,267,77,310,154,339,382,243,443,156,304
231,164,31,33,195,46,185,61,72,67,124,214,376,125,99,90,150,379,224,18,105,203,115,77,123,49,112,112,102,230,304,543,100,194,48,204,171,36,98,222,140,44,154,87,147,191,130,208,73,123
91,82,33,7,84,16,96,37,27,33,72,102,154,73,49,54,46,165,92,8,48,86,65,42,68,34,84,51,53,116,119,223,45,78,29,85,67,15,44,93,50,17,56,40,78,88,64,102,36,64
518,425,195,84,254,104,472,155,171,199,418,555,914,347,275,306,345,933,542,60,277,552,327,207,320,143,357,251,272,631,762,1369,297,497,119,542,507,89,245,571,346,114,364,204,422,495,327,508,191,334
113,104,46,16,104,12,111,46,39,46,98,131,206,93,66,66,70,202,122,17,59,119,82,44,79,35,99,50,63,140,170,294,61,130,30,124,100,18,60,121,63,17,77,50,92,105,83,125,40,76
452,383,185,96,472,111,258,158,166,185,401,517,855,339,289,273,351,902,507,57,264,510,319,187,342,117,343,200,246,638,735,1313,257,453,129,494,429,82,230,541,303,102,345,187,405,470,337,494,192,316
179,156,61,37,155,46,158,24,55,82,147,171,284,104,81,81,111,287,153,18,75,158,83,58,101,34,89,85,76,188,229,459,80,155,37,177,145,27,70,159,107,34,114,61,115,142,88,151,65,96
171,134,72,27,171,39,166,55,33,64,118,184,303,91,99,111,126,291,177,25,89,172,111,65,104,36,103,95,80,192,237,442,83,164,36,169,148,24,85,183,100,39,120,74,122,146,107,178,66,106
256,187,67,33,199,46,185,82,64,61,196,207,339,162,114,141,141,352,219,28,113,209,141,78,148,54,148,115,115,253,270,521,115,194,46,232,198,35,100,185,137,42,160,65,174,187,140,203,86,167
457,403,124,72,418,98,401,147,118,196,177,480,735,311,224,262,302,767,432,50,236,448,279,164,310,130,321,225,223,512,602,1067,210,412,99,449,397,74,218,393,281,78,326,169,356,383,277,437,153,296
508,490,214,102,555,131,517,171,184,207,480,315,1032,357,287,302,398,1050,545,72,336,543,366,208,354,149,363,256,290,718,794,1557,292,498,131,594,525,103,288,602,411,117,386,199,457,480,371,591,208,367
802,790,376,154,914,206,855,284,303,339,735,1032,759,555,466,512,657,1434,928,102,476,913,536,348,580,231,594,447,441,1139,1316,2461,477,851,223,949,834,171,467,974,615,211,663,304,760,844,565,928,301,619
354,254,125,73,347,93,339,104,91,162,311,357,555,102,163,186,221,592,307,48,175,298,194,114,215,87,223,166,166,416,478,875,164,320,91,353,318,48,169,362,223,58,242,110,252,294,180,345,135,243
304,231,99,49,275,66,289,81,99,114,224,287,466,163,70,128,219,468,263,30,140,283,143,97,181,65,171,112,121,310,384,748,142,258,53,284,231,45,145,273,193,67,186,117,213,257,166,273,92,179
328,225,90,54,306,66,273,81,111,141,262,302,512,186,128,71,229,498,285,30,162,279,158,115,190,64,188,130,138,329,396,836,155,252,59,283,252,47,156,304,176,71,216,114,225,271,175,273,123,207
365,313,150,46,345,70,351,111,126,141,302,398,657,221,219,229,127,641,376,38,207,393,228,153,246,99,248,172,195,449,557,1005,200,309,80,376,316,64,168,437,254,82,292,141,297,336,222,393,129,242
801,802,379,165,933,202,902,287,291,352,767,1050,1434,592,468,498,641,799,930,102,500,944,555,353,595,230,599,428,449,1079,1383,2425,473,853,220,938,873,149,461,1020,625,218,648,327,733,809,572,927,296,615
508,441,224,92,542,122,507,153,177,219,432,545,928,307,263,285,376,930,248,44,298,470,308,201,359,126,346,232,280,636,767,1438,294,487,118,525,513,85,249,546,342,100,358,201,436,461,307,538,206,371
59,56,18,8,60,17,57,18,25,28,50,72,102,48,30,30,38,102,44,5,37,70,43,24,34,17,38,24,31,66,100,179,38,64,20,57,63,17,34,54,43,8,41,25,53,74,35,68,23,40
317,233,105,48,277,59,264,75,89,113,236,336,476,175,140,162,207,500,298,37,78,278,161,114,165,79,213,123,115,307,400,761,169,262,60,281,257,40,116,282,185,61,218,97,213,255,164,291,91,184
516,417,203,86,552,119,510,158,172,209,448,543,913,298,283,279,393,944,470,70,278,268,315,193,337,129,364,239,261,698,781,1496,277,483,115,547,503,95,266,547,355,107,410,196,433,474,321,535,178,374
339,275,115,65,327,82,319,83,111,141,279,366,536,194,143,158,228,555,308,43,161,315,89,104,201,80,213,126,137,377,510,855,153,299,73,322,291,37,135,316,196,73,231,113,250,320,179,314,101,183
217,187,77,42,207,44,187,58,65,78,164,208,348,114,97,115,153,353,201,24,114,193,104,37,137,52,152,87,105,248,284,570,119,193,43,202,175,37,94,219,112,52,152,59,150,204,111,182,75,147
365,266,123,68,320,79,342,101,104,148,310,354,580,215,181,190,246,595,359,34,165,337,201,137,112,83,230,180,150,408,545,929,167,320,77,335,297,56,164,344,222,66,245,97,265,329,200,342,122,225
166,108,49,34,143,35,117,34,36,54,130,149,231,87,65,64,99,230,126,17,79,129,80,52,83,9,62,69,64,156,212,366,68,100,26,134,123,16,53,151,77,24,91,49,94,114,69,133,50,93
379,305,112,84,357,99,343,89,103,148,321,363,594,223,171,188,248,599,346,38,213,364,213,152,230,62,120,180,136,402,542,982,187,299,77,335,326,60,167,375,211,74,256,122,278,326,196,382,128,248
272,229,112,51,251,50,200,85,95,115,225,256,447,166,112,130,172,428,232,24,123,239,126,87,180,69,180,53,125,287,369,625,127,228,60,226,204,42,135,262,146,58,193,68,173,202,152,242,94,168
332,216,102,53,272,63,246,76,80,115,223,290,441,166,121,138,195,449,280,31,115,261,137,105,150,64,136,125,53,299,378,720,139,240,59,264,240,38,130,282,173,68,181,88,182,226,142,242,98,195
601,526,230,116,631,140,638,188,192,253,512,718,1139,416,310,329,449,1079,636,66,307,698,377,248,408,156,402,287,299,364,912,1800,291,616,138,674,602,100,330,701,419,123,460,225,510,575,391,589,237,437
664,671,304,119,762,170,735,229,237,270,602,794,1316,478,384,396,557,1383,767,100,400,781,510,284,545,212,542,369,378,912,572,2062,410,708,165,777,684,135,359,780,496,142,568,291,632,688,473,789,266,498
1183,1221,543,223,1369,294,1313,459,442,521,1067,1557,2461,875,748,836,1005,2425,1438,179,761,1496,855,570,929,366,982,625,720,1800,2062,1846,714,1305,310,1485,1339,240,724,1516,963,311,1093,540,1172,1362,902,1450,500,959
248,241,100,45,297,61,257,80,83,115,210,292,477,164,142,155,200,473,294,38,169,277,153,119,167,68,187,127,139,291,410,714,63,284,44,284,251,40,142,285,197,68,193,98,225,265,174,254,89,198
492,442,194,78,497,130,453,155,164,194,412,498,851,320,258,252,309,853,487,64,262,483,299,193,320,100,299,228,240,616,708,1305,284,211,108,481,423,82,223,513,317,100,336,179,397,445,348,489,184,323
87,111,48,29,119,30,129,37,36,46,99,131,223,91,53,59,80,220,118,20,60,115,73,43,77,26,77,60,59,138,165,310,44,108,13,104,100,17,55,138,74,32,97,52,97,115,75,120,35,71
487,443,204,85,542,124,494,177,169,232,449,594,949,353,284,283,376,938,525,57,281,547,322,202,335,134,335,226,264,674,777,1485,284,481,104,247,479,79,270,607,343,95,438,201,433,496,341,588,211,342
476,397,171,67,507,100,429,145,148,198,397,525,834,318,231,252,316,873,513,63,257,503,291,175,297,123,326,204,240,602,684,1339,251,423,100,479,195,87,226,507,291,98,343,155,348,434,300,453,168,325
92,74,36,15,89,18,82,27,24,35,74,103,171,48,45,47,64,149,85,17,40,95,37,37,56,16,60,42,38,100,135,240,40,82,17,79,87,11,48,83,58,19,74,34,62,84,32,85,21,59
248,211,98,44,245,60,230,70,85,100,218,288,467,169,145,156,168,461,249,34,116,266,135,94,164,53,167,135,130,330,359,724,142,223,55,270,226,48,70,279,162,50,214,118,193,210,173,248,92,173
484,455,222,93,571,121,541,159,183,185,393,602,974,362,273,304,437,1020,546,54,282,547,316,219,344,151,375,262,282,701,780,1516,285,513,138,607,507,83,279,295,352,108,416,204,424,460,341,561,201,348
313,267,140,50,346,63,303,107,100,137,281,411,615,223,193,176,254,625,342,43,185,355,196,112,222,77,211,146,173,419,496,963,197,317,74,343,291,58,162,352,114,83,238,140,265,286,232,327,127,221
89,77,44,17,114,17,102,34,39,42,78,117,211,58,67,71,82,218,100,8,61,107,73,52,66,24,74,58,68,123,142,311,68,100,32,95,98,19,50,108,83,10,70,31,101,95,64,105,52,75
385,310,154,56,364,77,345,114,120,160,326,386,663,242,186,216,292,648,358,41,218,410,231,152,245,91,256,193,181,460,568,1093,193,336,97,438,343,74,214,416,238,70,145,125,301,354,242,386,128,284
187,154,87,40,204,50,187,61,74,65,169,199,304,110,117,114,141,327,201,25,97,196,113,59,97,49,122,68,88,225,291,540,98,179,52,201,155,34,118,204,140,31,125,34,125,182,118,188,82,134
455,339,147,78,422,92,405,115,122,174,356,457,760,252,213,225,297,733,436,53,213,433,250,150,265,94,278,173,182,510,632,1172,225,397,97,433,348,62,193,424,265,101,301,125,161,383,235,398,162,275
402,382,191,88,495,105,470,142,146,187,383,480,844,294,257,271,336,809,461,74,255,474,320,204,329,114,326,202,226,575,688,1362,265,445,115,496,434,84,210,460,286,95,354,182,383,220,286,494,154,307
327,243,130,64,327,83,337,88,107,140,277,371,565,180,166,175,222,572,307,35,164,321,179,111,200,69,196,152,142,391,473,902,174,348,75,341,300,32,173,341,232,64,242,118,235,286,95,306,112,224
484,443,208,102,508,125,494,151,178,203,437,591,928,345,273,273,393,927,538,68,291,535,314,182,342,133,382,242,242,589,789,1450,254,489,120,588,453,85,248,561,327,105,386,188,398,494,306,281,185,353
184,156,73,36,191,40,192,65,66,86,153,208,301,135,92,123,129,296,206,23,91,178,101,75,122,50,128,94,98,237,266,500,89,184,35,211,168,21,92,201,127,52,128,82,162,154,112,185,22,128
400,304,123,64,334,76,316,96,106,167,296,367,619,243,179,207,242,615,371,40,184,374,183,147,225,93,248,168,195,437,498,959,198,323,71,342,325,59,173,348,221,75,284,134,275,307,224,353,128,108
