260,457,203,81,515,94,439,167,160,253,455,509,750,351,333,330,369,756,512,81,320,491,354,218,370,182,385,285,282,574,686,1186,244,473,110,555,497,74,235,488,326,98,375,177,424,421,322,474,173,381
457,180,162,71,436,84,401,126,129,166,360,477,805,256,212,240,328,818,418,67,226,430,245,162,258,102,269,196,212,567,644,1248,225,396,89,481,401,71,220,464,292,82,360,150,321,427,279,425,144,280
203,162,29,37,189,46,190,51,74,82,167,203,370,128,100,102,138,388,205,22,109,210,125,76,137,43,134,74,83,262,286,612,111,177,49,194,168,26,107,218,118,37,167,82,147,193,126,202,88,141
81,71,37,5,88,10,73,32,28,35,69,94,137,48,59,56,53,142,85,12,50,84,46,39,67,22,55,35,53,110,134,219,50,71,18,80,76,15,43,90,59,19,67,33,73,83,50,87,28,46
515,436,189,88,274,110,542,139,164,189,431,553,917,348,276,288,366,949,552,54,281,559,352,203,349,116,344,222,256,665,794,1420,263,474,108,603,494,81,254,570,369,122,370,183,419,497,320,550,187,330
94,84,46,10,110,9,90,30,35,51,97,116,189,67,60,70,75,180,108,18,64,110,78,49,103,29,84,53,67,159,145,278,58,103,18,122,108,24,54,114,80,25,93,41,92,108,68,96,37,65
439,401,190,73,542,90,213,135,159,210,384,567,825,310,259,303,348,863,491,61,269,484,273,193,317,120,311,232,236,634,733,1267,272,438,108,575,427,91,236,520,335,103,377,179,364,463,298,487,179,321
167,126,51,32,139,30,135,32,51,71,146,175,273,101,69,92,114,266,158,13,85,154,100,59,86,42,103,69,65,163,229,454,77,148,36,140,151,28,77,155,99,24,135,57,102,147,85,156,70,105
160,129,74,28,164,35,159,51,25,66,163,194,290,120,87,101,107,301,184,16,95,170,110,62,109,44,119,77,78,205,247,447,87,159,44,174,154,17,80,173,124,43,119,49,135,173,97,186,67,105
253,166,82,35,189,51,210,71,66,33,155,221,362,132,130,131,156,366,233,23,98,226,148,82,165,49,141,114,109,262,330,573,123,171,51,232,191,36,102,199,137,44,167,78,191,180,124,232,75,173
455,360,167,69,431,97,384,146,163,155,180,452,736,290,232,266,325,785,467,54,249,443,271,169,288,108,293,211,216,560,626,1130,205,390,106,480,403,65,211,428,286,98,338,161,366,407,259,450,164,286
509,477,203,94,553,116,567,175,194,221,452,340,1060,377,287,315,399,997,543,68,285,525,337,203,396,145,379,266,247,769,861,1581,341,520,127,606,544,88,295,607,376,125,447,219,461,551,370,609,216,352
750,805,370,137,917,189,825,273,290,362,736,1060,821,585,477,526,650,1483,885,114,500,920,536,323,595,231,642,455,450,1205,1339,2397,458,826,180,982,842,148,470,996,593,183,696,383,680,830,618,904,307,607
351,256,128,48,348,67,310,101,120,132,290,377,585,98,172,177,232,593,335,41,187,343,205,122,203,85,214,147,167,399,489,882,173,312,71,337,326,56,171,346,193,73,263,129,259,287,212,347,139,223
333,212,100,59,276,60,259,69,87,130,232,287,477,172,72,156,203,497,266,30,128,262,146,102,175,81,182,138,138,296,363,741,153,249,52,246,252,36,129,292,152,49,195,93,188,241,165,262,106,201
330,240,102,56,288,70,303,92,101,131,266,315,526,177,156,90,245,523,292,29,168,300,180,135,189,81,203,142,127,317,426,832,189,313,63,282,286,48,139,296,177,59,216,103,222,263,188,299,129,209
369,328,138,53,366,75,348,114,107,156,325,399,650,232,203,245,129,619,371,37,203,359,231,148,233,101,256,171,191,458,563,1017,186,341,67,377,330,44,175,355,233,70,256,116,301,330,234,354,131,240
756,818,388,142,949,180,863,266,301,366,785,997,1483,593,497,523,619,854,916,103,500,932,514,356,604,215,623,439,432,1195,1410,2459,506,830,195,896,814,138,437,934,599,178,706,356,725,850,587,912,326,580
512,418,205,85,552,108,491,158,184,233,467,543,885,335,266,292,371,916,265,66,263,487,282,206,317,132,326,233,237,655,766,1443,266,479,122,544,465,87,281,581,355,106,400,181,389,483,305,545,206,345
81,67,22,12,54,18,61,13,16,23,54,68,114,41,30,29,37,103,66,2,31,69,23,26,54,11,35,22,24,84,106,181,30,47,12,64,55,13,22,81,43,6,46,27,48,60,36,69,19,38
320,226,109,50,281,64,269,85,95,98,249,285,500,187,128,168,203,500,263,31,61,307,172,133,200,61,176,123,159,310,434,787,144,279,53,248,268,47,136,299,168,44,225,107,240,266,171,305,100,176
491,430,210,84,559,110,484,154,170,226,443,525,920,343,262,300,359,932,487,69,307,258,327,201,333,128,320,255,270,677,789,1444,276,461,104,515,481,92,264,545,335,105,430,183,429,507,332,506,205,361
354,245,125,46,352,78,273,100,110,148,271,337,536,205,146,180,231,514,282,23,172,327,92,117,165,95,194,148,156,348,425,803,148,266,70,300,255,47,147,324,195,53,230,103,224,271,184,317,126,216
218,162,76,39,203,49,193,59,62,82,169,203,323,122,102,135,148,356,206,26,133,201,117,41,130,54,123,93,124,242,305,556,111,196,41,225,174,41,95,225,125,37,180,72,167,181,144,199,87,122
370,258,137,67,349,103,317,86,109,165,288,396,595,203,175,189,233,604,317,54,200,333,165,130,93,88,220,152,152,450,523,937,165,309,61,339,327,64,156,378,217,70,269,131,252,345,199,338,136,211
182,102,43,22,116,29,120,42,44,49,108,145,231,85,81,81,101,215,132,11,61,128,95,54,88,22,69,52,57,160,204,368,80,130,26,137,109,21,65,146,93,19,101,45,99,113,70,153,60,98
385,269,134,55,344,84,311,103,119,141,293,379,642,214,182,203,256,623,326,35,176,320,194,123,220,69,91,140,145,421,540,1002,193,331,67,360,288,47,163,390,241,68,271,121,243,315,208,373,145,211
285,196,74,35,222,53,232,69,77,114,211,266,455,147,138,142,171,439,233,22,123,255,148,93,152,52,140,61,102,281,330,697,127,227,59,227,234,48,120,253,163,54,181,84,197,233,160,241,92,178
282,212,83,53,256,67,236,65,78,109,216,247,450,167,138,127,191,432,237,24,159,270,156,124,152,57,145,102,59,313,376,717,148,262,65,253,235,38,125,283,144,38,206,84,185,237,157,243,99,157
574,567,262,110,665,159,634,163,205,262,560,769,1205,399,296,317,458,1195,655,84,310,677,348,242,450,160,421,281,313,419,998,1841,364,602,149,659,594,94,311,699,409,136,464,245,475,607,364,650,224,423
686,644,286,134,794,145,733,229,247,330,626,861,1339,489,363,426,563,1410,766,106,434,789,425,305,523,204,540,330,376,998,612,2097,369,674,188,823,690,137,402,794,550,161,570,260,615,735,479,782,292,521
1186,1248,612,219,1420,278,1267,454,447,573,1130,1581,2397,882,741,832,1017,2459,1443,181,787,1444,803,556,937,368,1002,697,717,1841,2097,1842,699,1315,344,1538,1269,272,708,1510,925,286,1091,515,1162,1302,901,1390,478,932
244,225,111,50,263,58,272,77,87,123,205,341,458,173,153,189,186,506,266,30,144,276,148,111,165,80,193,127,148,364,369,699,74,237,63,270,246,45,133,298,170,50,220,101,224,261,163,262,98,191
473,396,177,71,474,103,438,148,159,171,390,520,826,312,249,313,341,830,479,47,279,461,266,196,309,130,331,227,262,602,674,1315,237,224,88,520,439,73,238,487,339,102,394,175,399,454,298,479,162,323
110,89,49,18,108,18,108,36,44,51,106,127,180,71,52,63,67,195,122,12,53,104,70,41,61,26,67,59,65,149,188,344,63,88,15,108,102,16,45,116,68,16,78,40,76,126,55,120,37,66
555,481,194,80,603,122,575,140,174,232,480,606,982,337,246,282,377,896,544,64,248,515,300,225,339,137,360,227,253,659,823,1538,270,520,108,291,507,60,245,584,347,97,420,202,401,497,310,553,197,352
497,401,168,76,494,108,427,151,154,191,403,544,842,326,252,286,330,814,465,55,268,481,255,174,327,109,288,234,235,594,690,1269,246,439,102,507,229,85,230,486,331,99,375,186,396,437,311,493,197,299
74,71,26,15,81,24,91,28,17,36,65,88,148,56,36,48,44,138,87,13,47,92,47,41,64,21,47,48,38,94,137,272,45,73,16,60,85,8,45,108,69,14,78,30,73,70,55,96,29,58
235,220,107,43,254,54,236,77,80,102,211,295,470,171,129,139,175,437,281,22,136,264,147,95,156,65,163,120,125,311,402,708,133,238,45,245,230,45,67,238,174,48,223,84,180,237,166,252,97,148
488,464,218,90,570,114,520,155,173,199,428,607,996,346,292,296,355,934,581,81,299,545,324,225,378,146,390,253,283,699,794,1510,298,487,116,584,486,108,238,302,365,121,426,210,460,489,358,526,197,360
326,292,118,59,369,80,335,99,124,137,286,376,593,193,152,177,233,599,355,43,168,335,195,125,217,93,241,163,144,409,550,925,170,339,68,347,331,69,174,365,107,69,265,129,264,280,222,360,127,234
98,82,37,19,122,25,103,24,43,44,98,125,183,73,49,59,70,178,106,6,44,105,53,37,70,19,68,54,38,136,161,286,50,102,16,97,99,14,48,121,69,9,78,32,60,63,67,114,46,78
375,360,167,67,370,93,377,135,119,167,338,447,696,263,195,216,256,706,400,46,225,430,230,180,269,101,271,181,206,464,570,1091,220,394,78,420,375,78,223,426,265,78,152,135,324,344,233,375,136,269
177,150,82,33,183,41,179,57,49,78,161,219,383,129,93,103,116,356,181,27,107,183,103,72,131,45,121,84,84,245,260,515,101,175,40,202,186,30,84,210,129,32,135,36,151,182,118,179,80,123
424,321,147,73,419,92,364,102,135,191,366,461,680,259,188,222,301,725,389,48,240,429,224,167,252,99,243,197,185,475,615,1162,224,399,76,401,396,73,180,460,264,60,324,151,151,374,247,407,186,250
421,427,193,83,497,108,463,147,173,180,407,551,830,287,241,263,330,850,483,60,266,507,271,181,345,113,315,233,237,607,735,1302,261,454,126,497,437,70,237,489,280,63,344,182,374,218,285,519,182,305
322,279,126,50,320,68,298,85,97,124,259,370,618,212,165,188,234,587,305,36,171,332,184,144,199,70,208,160,157,364,479,901,163,298,55,310,311,55,166,358,222,67,233,118,247,285,92,321,122,197
474,425,202,87,550,96,487,156,186,232,450,609,904,347,262,299,354,912,545,69,305,506,317,199,338,153,373,241,243,650,782,1390,262,479,120,553,493,96,252,526,360,114,375,179,407,519,321,267,206,350
173,144,88,28,187,37,179,70,67,75,164,216,307,139,106,129,131,326,206,19,100,205,126,87,136,60,145,92,99,224,292,478,98,162,37,197,197,29,97,197,127,46,136,80,186,182,122,206,30,126
381,280,141,46,330,65,321,105,105,173,286,352,607,223,201,209,240,580,345,38,176,361,216,122,211,98,211,178,157,423,521,932,191,323,66,352,299,58,148,360,234,78,269,123,250,305,197,350,126,102
