259,453,215,96,471,106,458,191,178,235,460,494,810,373,328,340,396,864,529,77,302,493,342,192,355,165,391,294,303,608,718,1146,246,500,107,465,482,82,254,470,301,107,388,167,420,404,338,499,172,386
453,148,185,71,417,108,425,108,158,167,370,449,741,276,198,243,309,748,424,46,237,457,240,183,269,114,267,197,219,534,659,1231,233,416,96,449,393,81,195,502,297,67,365,170,342,390,258,477,164,281
215,185,44,26,197,53,206,60,64,81,171,243,383,140,105,98,132,350,194,22,98,208,115,95,132,43,158,93,110,237,297,577,99,179,51,196,204,26,101,229,142,35,154,67,173,204,115,206,69,128
96,71,26,8,86,24,78,27,23,31,63,90,143,53,53,52,55,155,99,13,47,86,62,39,58,27,60,34,48,95,127,216,49,83,15,94,69,10,38,84,43,22,76,38,71,79,70,84,23,64
471,417,197,86,263,131,482,147,155,216,411,576,942,352,262,252,367,871,521,56,287,544,293,203,355,106,319,225,261,672,796,1406,275,486,103,524,465,110,225,560,356,103,406,183,436,485,316,541,180,360
106,108,53,24,131,15,97,36,29,46,91,107,217,83,79,69,85,198,125,13,76,120,87,55,87,33,76,45,63,151,180,287,72,109,16,105,119,16,54,106,72,25,91,39,99,107,91,105,43,78
458,425,206,78,482,97,220,159,144,192,417,603,877,302,253,273,321,868,512,59,288,469,279,185,319,122,313,237,248,622,701,1358,253,447,102,493,425,73,258,524,327,93,374,187,374,490,316,438,177,310
191,108,60,27,147,36,159,18,46,58,126,171,285,92,88,78,108,298,167,19,99,176,107,51,90,36,100,68,87,208,226,384,90,148,40,160,129,19,75,166,103,27,129,67,132,131,105,154,58,104
178,158,64,23,155,29,144,46,24,79,151,184,295,107,71,76,119,316,156,16,90,168,90,71,117,32,130,72,84,204,256,451,76,157,36,177,157,29,80,167,120,34,127,51,147,152,107,184,57,113
235,167,81,31,216,46,192,58,79,42,159,225,340,141,105,118,144,339,227,32,132,211,131,82,133,59,144,99,110,250,325,551,93,178,46,213,178,32,95,197,141,54,156,88,176,198,133,237,80,152
460,370,171,63,411,91,417,126,151,159,176,470,726,283,221,257,317,718,450,57,251,450,268,186,299,118,292,208,224,527,634,1103,230,386,84,463,392,70,199,421,256,105,323,172,379,394,260,430,161,311
494,449,243,90,576,107,603,171,184,225,470,317,1029,354,279,315,358,1055,593,68,308,586,326,211,364,144,335,263,291,723,839,1600,304,511,120,557,527,95,294,606,386,111,458,213,459,504,356,614,209,372
810,741,383,143,942,217,877,285,295,340,726,1029,790,589,492,489,645,1436,896,108,504,882,516,336,601,238,615,392,447,1199,1386,2415,523,896,212,952,786,149,448,958,595,181,697,332,766,847,604,956,332,588
373,276,140,53,352,83,302,92,107,141,283,354,589,108,165,185,243,585,350,44,186,345,208,131,206,73,205,162,173,412,506,926,172,321,63,342,286,48,152,298,220,67,283,126,251,301,199,327,119,235
328,198,105,53,262,79,253,88,71,105,221,279,492,165,64,117,184,493,239,40,146,262,171,101,175,69,187,128,132,360,373,732,148,265,49,273,261,43,136,266,173,56,221,95,232,232,168,276,93,199
340,243,98,52,252,69,273,78,76,118,257,315,489,185,117,65,201,524,282,34,151,297,173,114,178,78,183,111,150,357,443,826,151,241,63,272,261,51,135,302,203,58,259,107,235,256,165,323,85,208
396,309,132,55,367,85,321,108,119,144,317,358,645,243,184,201,156,658,363,43,197,361,196,144,249,90,246,173,195,459,553,994,178,353,76,385,346,65,176,365,233,73,292,113,273,340,221,369,132,242
864,748,350,155,871,198,868,298,316,339,718,1055,1436,585,493,524,658,789,945,90,489,892,510,311,624,237,636,411,468,1155,1383,2480,519,868,209,1033,817,150,465,958,568,195,691,304,727,789,606,910,318,627
529,424,194,99,521,125,512,167,156,227,450,593,896,350,239,282,363,945,255,59,284,510,268,210,293,107,315,210,265,645,757,1450,272,477,141,527,518,98,243,538,326,94,389,176,423,496,335,522,188,323
77,46,22,13,56,13,59,19,16,32,57,68,108,44,40,34,43,90,59,3,24,55,30,26,42,12,39,24,27,65,85,169,42,53,10,49,47,10,25,61,38,18,38,25,48,54,43,63,32,49
302,237,98,47,287,76,288,99,90,132,251,308,504,186,146,151,197,489,284,24,52,299,167,112,178,64,174,103,112,352,390,794,147,256,50,258,269,41,153,299,160,43,200,102,207,258,177,296,91,189
493,457,208,86,544,120,469,176,168,211,450,586,882,345,262,297,361,892,510,55,299,266,288,230,351,117,332,251,304,630,797,1429,280,472,125,573,470,94,246,576,337,97,379,206,429,474,340,489,195,339
342,240,115,62,293,87,279,107,90,131,268,326,516,208,171,173,196,510,268,30,167,288,84,132,196,70,185,146,149,372,415,804,156,309,71,307,310,40,125,302,171,60,266,96,243,267,185,281,101,199
192,183,95,39,203,55,185,51,71,82,186,211,336,131,101,114,144,311,210,26,112,230,132,41,146,49,108,101,98,239,305,558,104,200,40,207,182,38,68,213,140,39,159,90,152,185,131,210,79,129
355,269,132,58,355,87,319,90,117,133,299,364,601,206,175,178,249,624,293,42,178,351,196,146,103,94,233,149,163,443,487,959,174,322,77,335,315,48,164,392,211,66,276,120,273,299,189,356,123,241
165,114,43,27,106,33,122,36,32,59,118,144,238,73,69,78,90,237,107,12,64,117,70,49,94,15,73,63,62,169,174,353,65,119,21,130,125,16,54,131,82,22,120,53,122,103,71,142,48,94
391,267,158,60,319,76,313,100,130,144,292,335,615,205,187,183,246,636,315,39,174,332,185,108,233,73,107,156,153,418,487,935,172,348,78,323,306,63,150,371,214,60,275,139,267,303,212,338,126,232
294,197,93,34,225,45,237,68,72,99,208,263,392,162,128,111,173,411,210,24,103,251,146,101,149,63,156,50,110,301,359,650,133,204,53,241,209,40,116,266,156,46,198,96,199,199,141,284,96,149
303,219,110,48,261,63,248,87,84,110,224,291,447,173,132,150,195,468,265,27,112,304,149,98,163,62,153,110,75,300,402,670,131,257,62,282,259,41,133,283,179,50,226,94,206,220,137,244,100,156
608,534,237,95,672,151,622,208,204,250,527,723,1199,412,360,357,459,1155,645,65,352,630,372,239,443,169,418,301,300,407,965,1872,374,601,162,639,608,105,293,719,416,127,477,246,540,580,402,651,247,390
718,659,297,127,796,180,701,226,256,325,634,839,1386,506,373,443,553,1383,757,85,390,797,415,305,487,174,487,359,402,965,564,2128,413,703,180,808,741,139,346,813,503,142,584,302,593,711,479,737,276,529
1146,1231,577,216,1406,287,1358,384,451,551,1103,1600,2415,926,732,826,994,2480,1450,169,794,1429,804,558,959,353,935,650,670,1872,2128,1958,766,1301,342,1538,1248,280,689,1501,932,317,1074,529,1108,1313,924,1433,492,942
246,233,99,49,275,72,253,90,76,93,230,304,523,172,148,151,178,519,272,42,147,280,156,104,174,65,172,133,131,374,413,766,74,285,54,339,229,52,123,303,173,61,198,90,203,234,164,282,79,189
500,416,179,83,486,109,447,148,157,178,386,511,896,321,265,241,353,868,477,53,256,472,309,200,322,119,348,204,257,601,703,1301,285,212,101,479,439,60,270,493,269,99,361,156,419,425,336,497,172,308
107,96,51,15,103,16,102,40,36,46,84,120,212,63,49,63,76,209,141,10,50,125,71,40,77,21,78,53,62,162,180,342,54,101,6,128,102,15,70,110,73,28,71,46,78,100,78,121,33,65
465,449,196,94,524,105,493,160,177,213,463,557,952,342,273,272,385,1033,527,49,258,573,307,207,335,130,323,241,282,639,808,1538,339,479,128,265,473,88,280,522,347,116,421,215,417,520,333,579,221,357
482,393,204,69,465,119,425,129,157,178,392,527,786,286,261,261,346,817,518,47,269,470,310,182,315,125,306,209,259,608,741,1248,229,439,102,473,205,66,228,479,303,116,369,167,354,423,306,473,174,316
82,81,26,10,110,16,73,19,29,32,70,95,149,48,43,51,65,150,98,10,41,94,40,38,48,16,63,40,41,105,139,280,52,60,15,88,66,8,49,93,49,17,79,30,55,92,40,85,22,54
254,195,101,38,225,54,258,75,80,95,199,294,448,152,136,135,176,465,243,25,153,246,125,68,164,54,150,116,133,293,346,689,123,270,70,280,228,49,64,284,185,58,188,103,195,215,161,247,84,164
470,502,229,84,560,106,524,166,167,197,421,606,958,298,266,302,365,958,538,61,299,576,302,213,392,131,371,266,283,719,813,1501,303,493,110,522,479,93,284,288,358,120,377,206,470,503,362,604,216,346
301,297,142,43,356,72,327,103,120,141,256,386,595,220,173,203,233,568,326,38,160,337,171,140,211,82,214,156,179,416,503,932,173,269,73,347,303,49,185,358,121,81,239,134,268,311,221,334,121,229
107,67,35,22,103,25,93,27,34,54,105,111,181,67,56,58,73,195,94,18,43,97,60,39,66,22,60,46,50,127,142,317,61,99,28,116,116,17,58,120,81,11,92,40,92,108,85,114,44,60
388,365,154,76,406,91,374,129,127,156,323,458,697,283,221,259,292,691,389,38,200,379,266,159,276,120,275,198,226,477,584,1074,198,361,71,421,369,79,188,377,239,92,134,155,338,311,231,411,149,263
167,170,67,38,183,39,187,67,51,88,172,213,332,126,95,107,113,304,176,25,102,206,96,90,120,53,139,96,94,246,302,529,90,156,46,215,167,30,103,206,134,40,155,28,165,209,114,206,61,126
420,342,173,71,436,99,374,132,147,176,379,459,766,251,232,235,273,727,423,48,207,429,243,152,273,122,267,199,206,540,593,1108,203,419,78,417,354,55,195,470,268,92,338,165,171,347,241,394,157,274
404,390,204,79,485,107,490,131,152,198,394,504,847,301,232,256,340,789,496,54,258,474,267,185,299,103,303,199,220,580,711,1313,234,425,100,520,423,92,215,503,311,108,311,209,347,231,285,495,167,324
338,258,115,70,316,91,316,105,107,133,260,356,604,199,168,165,221,606,335,43,177,340,185,131,189,71,212,141,137,402,479,924,164,336,78,333,306,40,161,362,221,85,231,114,241,285,94,308,126,236
499,477,206,84,541,105,438,154,184,237,430,614,956,327,276,323,369,910,522,63,296,489,281,210,356,142,338,284,244,651,737,1433,282,497,121,579,473,85,247,604,334,114,411,206,394,495,308,264,203,362
172,164,69,23,180,43,177,58,57,80,161,209,332,119,93,85,132,318,188,32,91,195,101,79,123,48,126,96,100,247,276,492,79,172,33,221,174,22,84,216,121,44,149,61,157,167,126,203,38,127
386,281,128,64,360,78,310,104,113,152,311,372,588,235,199,208,242,627,323,49,189,339,199,129,241,94,232,149,156,390,529,942,189,308,65,357,316,54,164,346,229,60,263,126,274,324,236,362,127,144
