268,482,202,79,517,107,461,180,172,232,474,532,799,352,339,355,368,783,491,49,337,524,360,199,400,146,348,295,288,573,661,1160,250,454,119,476,483,79,257,461,292,98,388,183,466,394,338,519,175,375
482,155,168,78,446,98,407,154,137,187,376,485,762,279,251,225,306,785,440,59,233,464,267,165,273,99,267,208,203,527,679,1175,235,416,92,473,408,67,248,458,282,76,332,166,372,399,272,431,176,319
202,168,33,37,182,42,176,61,73,88,160,221,358,143,90,114,153,361,197,23,113,187,103,75,107,35,112,88,94,265,310,578,86,183,47,204,194,35,94,183,119,42,146,70,130,167,109,217,73,144
79,78,37,6,82,11,79,30,30,33,63,100,130,59,53,53,65,131,79,8,56,95,43,40,59,33,71,58,45,99,126,206,38,77,20,91,79,11,43,88,54,11,73,32,69,64,51,78,27,55
517,446,182,82,256,105,483,160,164,203,407,518,871,337,254,268,392,892,512,71,277,529,329,218,366,146,366,234,285,609,706,1377,293,494,118,536,432,78,238,538,332,121,375,167,399,467,295,505,187,339
107,98,42,11,105,6,100,38,42,54,80,121,193,70,60,73,81,196,119,12,77,111,61,40,78,36,89,66,56,144,161,296,49,98,24,121,93,10,61,121,69,18,88,51,95,88,71,101,34,84
461,407,176,79,483,100,220,158,143,236,403,515,876,353,243,266,344,842,506,42,276,454,263,202,336,119,319,214,246,628,723,1287,220,396,120,543,414,70,248,524,334,101,380,199,366,407,329,468,183,332
180,154,61,30,160,38,158,24,57,75,124,172,298,86,103,94,93,286,147,17,82,152,83,59,96,33,105,64,72,192,232,436,82,147,43,179,147,28,68,177,89,30,127,67,127,147,112,170,46,98
172,137,73,30,164,42,143,57,24,73,151,182,278,108,93,95,129,300,161,17,93,177,104,63,118,35,103,84,88,208,243,445,93,173,29,171,144,25,84,163,127,34,129,66,128,138,115,169,47,101
232,187,88,33,203,54,236,75,73,46,165,235,405,141,115,107,146,394,211,27,117,233,117,95,146,49,149,95,120,237,313,603,129,188,37,203,220,31,118,230,153,49,166,86,190,182,151,234,82,141
474,376,160,63,407,80,403,124,151,165,156,477,786,261,251,266,302,797,437,57,232,415,248,168,262,102,284,196,244,523,650,1201,232,387,90,434,408,64,206,479,288,94,315,178,354,378,257,448,161,291
532,485,221,100,518,121,515,172,182,235,477,309,963,343,306,318,374,965,560,63,289,590,304,225,354,149,379,255,294,699,838,1468,281,515,128,584,504,93,265,579,396,99,443,208,433,549,401,550,202,413
799,762,358,130,871,193,876,298,278,405,786,963,787,590,446,536,653,1387,956,111,562,952,551,358,571,223,631,438,436,1100,1400,2340,455,796,198,954,817,143,472,915,601,181,676,294,720,831,606,902,325,602
352,279,143,59,337,70,353,86,108,141,261,343,590,100,178,202,233,559,333,29,198,366,189,135,233,84,234,163,157,384,515,903,166,285,86,333,298,51,153,360,229,75,248,127,273,286,212,361,118,235
339,251,90,53,254,60,243,103,93,115,251,306,446,178,82,143,212,468,301,34,137,259,149,110,170,56,168,112,121,353,404,753,135,248,61,302,245,34,147,277,179,53,200,97,215,255,171,290,90,191
355,225,114,53,268,73,266,94,95,107,266,318,536,202,143,80,214,524,298,36,134,299,160,122,207,62,164,122,147,331,427,848,172,279,62,321,298,42,143,314,175,54,215,115,237,277,172,337,104,206
368,306,153,65,392,81,344,93,129,146,302,374,653,233,212,214,147,680,325,47,212,353,234,140,258,92,240,159,187,478,530,1005,237,314,85,389,340,61,178,373,240,45,264,122,300,330,236,362,125,242
783,785,361,131,892,196,842,286,300,394,797,965,1387,559,468,524,680,738,914,115,533,905,536,336,553,232,612,450,424,1032,1307,2416,449,858,203,943,816,148,460,905,568,198,662,309,699,805,579,884,325,612
491,440,197,79,512,119,506,147,161,211,437,560,956,333,301,298,325,914,238,63,278,455,293,229,354,122,314,263,236,622,724,1401,276,489,118,540,462,93,239,566,353,96,377,210,411,454,315,530,195,330
49,59,23,8,71,12,42,17,17,27,57,63,111,29,34,36,47,115,63,5,39,63,35,29,39,21,43,31,28,84,103,165,37,56,19,58,55,14,33,68,48,12,47,17,37,54,41,56,25,45
337,233,113,56,277,77,276,82,93,117,232,289,562,198,137,134,212,533,278,39,83,297,146,113,189,71,191,116,131,357,443,828,144,259,63,283,271,38,129,290,145,54,217,103,224,253,177,318,97,195
524,464,187,95,529,111,454,152,177,233,415,590,952,366,259,299,353,905,455,63,297,237,283,232,364,135,358,240,264,651,767,1356,275,486,135,561,447,88,239,585,338,86,395,174,417,440,311,536,179,373
360,267,103,43,329,61,263,83,104,117,248,304,551,189,149,160,234,536,293,35,146,283,87,123,189,72,198,123,137,373,408,827,167,290,56,316,271,50,149,327,208,44,242,107,246,269,197,319,128,194
199,165,75,40,218,40,202,59,63,95,168,225,358,135,110,122,140,336,229,29,113,232,123,45,127,51,152,92,107,249,300,542,95,189,45,236,197,42,86,209,147,49,140,70,175,189,131,215,68,132
400,273,107,59,366,78,336,96,118,146,262,354,571,233,170,207,258,553,354,39,189,364,189,127,101,83,222,156,170,404,489,878,161,318,69,376,299,56,160,342,219,76,267,125,260,280,211,370,104,231
146,99,35,33,146,36,119,33,35,49,102,149,223,84,56,62,92,232,122,21,71,135,72,51,83,13,77,66,64,175,177,347,61,134,32,140,130,31,55,134,88,24,116,54,104,116,80,123,53,90
348,267,112,71,366,89,319,105,103,149,284,379,631,234,168,164,240,612,314,43,191,358,198,152,222,77,112,168,190,446,471,939,171,334,78,352,326,63,153,417,236,61,266,133,272,284,214,336,125,221
295,208,88,58,234,66,214,64,84,95,196,255,438,163,112,122,159,450,263,31,116,240,123,92,156,66,168,65,134,269,367,713,127,222,57,229,228,45,113,271,153,46,196,78,183,202,139,255,89,153
288,203,94,45,285,56,246,72,88,120,244,294,436,157,121,147,187,424,236,28,131,264,137,107,170,64,190,134,71,290,346,670,131,236,50,287,245,40,130,261,161,50,199,93,214,223,160,283,96,169
573,527,265,99,609,144,628,192,208,237,523,699,1100,384,353,331,478,1032,622,84,357,651,373,249,404,175,446,269,290,371,928,1741,343,587,138,703,555,105,331,673,420,138,481,219,512,568,434,661,249,399
661,679,310,126,706,161,723,232,243,313,650,838,1400,515,404,427,530,1307,724,103,443,767,408,300,489,177,471,367,346,928,547,2018,409,672,163,820,689,126,368,793,509,143,551,269,588,700,462,757,254,492
1160,1175,578,206,1377,296,1287,436,445,603,1201,1468,2340,903,753,848,1005,2416,1401,165,828,1356,827,542,878,347,939,713,670,1741,2018,1838,707,1264,305,1508,1236,248,725,1368,905,282,964,538,1105,1302,894,1404,479,915
250,235,86,38,293,49,220,82,93,129,232,281,455,166,135,172,237,449,276,37,144,275,167,95,161,61,171,127,131,343,409,707,56,235,64,314,214,35,143,268,198,57,189,95,196,235,186,247,99,157
454,416,183,77,494,98,396,147,173,188,387,515,796,285,248,279,314,858,489,56,259,486,290,189,318,134,334,222,236,587,672,1264,235,213,96,445,428,67,235,522,324,96,371,179,369,410,309,457,184,324
119,92,47,20,118,24,120,43,29,37,90,128,198,86,61,62,85,203,118,19,63,135,56,45,69,32,78,57,50,138,163,305,64,96,12,115,101,24,61,145,81,26,81,46,82,96,88,113,39,67
476,473,204,91,536,121,543,179,171,203,434,584,954,333,302,321,389,943,540,58,283,561,316,236,376,140,352,229,287,703,820,1508,314,445,115,258,479,107,283,553,336,106,370,209,440,486,326,577,206,331
483,408,194,79,432,93,414,147,144,220,408,504,817,298,245,298,340,816,462,55,271,447,271,197,299,130,326,228,245,555,689,1236,214,428,101,479,213,86,228,497,300,100,360,172,353,391,279,491,155,336
79,67,35,11,78,10,70,28,25,31,64,93,143,51,34,42,61,148,93,14,38,88,50,42,56,31,63,45,40,105,126,248,35,67,24,107,86,9,40,93,53,22,67,40,66,69,43,73,34,55
257,248,94,43,238,61,248,68,84,118,206,265,472,153,147,143,178,460,239,33,129,239,149,86,160,55,153,113,130,331,368,725,143,235,61,283,228,40,56,242,153,46,187,100,183,239,153,277,76,175
461,458,183,88,538,121,524,177,163,230,479,579,915,360,277,314,373,905,566,68,290,585,327,209,342,134,417,271,261,673,793,1368,268,522,145,553,497,93,242,316,378,116,398,214,436,510,310,535,199,389
292,282,119,54,332,69,334,89,127,153,288,396,601,229,179,175,240,568,353,48,145,338,208,147,219,88,236,153,161,420,509,905,198,324,81,336,300,53,153,378,90,64,242,131,277,305,202,334,129,249
98,76,42,11,121,18,101,30,34,49,94,99,181,75,53,54,45,198,96,12,54,86,44,49,76,24,61,46,50,138,143,282,57,96,26,106,100,22,46,116,64,11,80,46,82,87,68,103,33,69
388,332,146,73,375,88,380,127,129,166,315,443,676,248,200,215,264,662,377,47,217,395,242,140,267,116,266,196,199,481,551,964,189,371,81,370,360,67,187,398,242,80,156,150,296,352,256,408,129,232
183,166,70,32,167,51,199,67,66,86,178,208,294,127,97,115,122,309,210,17,103,174,107,70,125,54,133,78,93,219,269,538,95,179,46,209,172,40,100,214,131,46,150,28,129,175,117,178,67,137
466,372,130,69,399,95,366,127,128,190,354,433,720,273,215,237,300,699,411,37,224,417,246,175,260,104,272,183,214,512,588,1105,196,369,82,440,353,66,183,436,277,82,296,129,168,351,247,401,125,278
394,399,167,64,467,88,407,147,138,182,378,549,831,286,255,277,330,805,454,54,253,440,269,189,280,116,284,202,223,568,700,1302,235,410,96,486,391,69,239,510,305,87,352,175,351,217,274,485,162,288
338,272,109,51,295,71,329,112,115,151,257,401,606,212,171,172,236,579,315,41,177,311,197,131,211,80,214,139,160,434,462,894,186,309,88,326,279,43,153,310,202,68,256,117,247,274,91,336,134,246
519,431,217,78,505,101,468,170,169,234,448,550,902,361,290,337,362,884,530,56,318,536,319,215,370,123,336,255,283,661,757,1404,247,457,113,577,491,73,277,535,334,103,408,178,401,485,336,264,173,399
175,176,73,27,187,34,183,46,47,82,161,202,325,118,90,104,125,325,195,25,97,179,128,68,104,53,125,89,96,249,254,479,99,184,39,206,155,34,76,199,129,33,129,67,125,162,134,173,24,116
375,319,144,55,339,84,332,98,101,141,291,413,602,235,191,206,242,612,330,45,195,373,194,132,231,90,221,153,169,399,492,915,157,324,67,331,336,55,175,389,249,69,232,137,278,288,246,399,116,94
