279,455,191,80,488,95,461,168,173,245,465,526,800,384,302,315,361,788,482,67,347,497,330,197,348,139,371,287,289,550,666,1145,233,479,99,480,473,80,232,460,308,93,351,171,408,390,313,503,157,380
455,187,161,81,449,106,435,133,126,173,371,455,733,298,219,236,304,764,425,54,231,409,292,185,298,121,280,194,219,551,626,1155,233,393,95,420,413,74,227,450,275,72,321,181,373,391,285,456,161,323
191,161,41,30,215,44,173,70,68,86,173,229,368,153,101,112,138,363,197,34,100,200,116,71,112,48,108,90,88,234,331,554,116,199,42,183,188,33,95,222,139,38,155,75,147,174,122,192,65,142
80,81,30,4,103,13,77,29,25,36,72,88,121,62,39,61,67,135,62,8,57,89,46,29,70,27,62,49,50,116,119,207,46,80,17,90,89,14,33,80,56,15,66,28,64,72,62,82,24,60
488,449,215,103,233,129,501,165,172,209,439,582,914,322,262,270,387,897,514,66,252,548,277,215,335,139,320,239,233,622,766,1367,276,481,118,509,500,92,248,540,359,119,403,189,409,464,334,508,176,341
95,106,44,13,129,6,106,41,40,47,94,112,195,88,45,81,75,192,99,11,82,123,56,42,76,38,82,61,59,150,173,273,52,111,23,108,108,15,56,108,71,24,82,39,79,103,64,97,31,76
461,435,173,77,501,106,227,145,165,176,399,530,787,320,252,316,330,814,486,59,252,496,264,186,331,132,332,247,248,610,709,1282,228,488,113,516,455,79,231,493,309,105,363,177,379,439,297,462,165,313
168,133,70,29,165,41,145,23,46,58,145,164,290,101,67,71,107,277,164,19,80,148,93,59,97,48,114,70,71,200,239,420,88,144,30,151,144,18,71,166,94,28,111,61,101,136,89,156,59,110
173,126,68,25,172,40,165,46,43,61,138,201,326,117,83,80,145,300,156,19,99,182,102,61,97,41,119,78,84,213,245,482,104,152,40,189,142,26,81,159,88,36,114,52,134,168,125,178,66,117
245,173,86,36,209,47,176,58,61,53,167,279,370,133,125,137,172,382,228,23,107,235,156,80,141,50,123,108,105,264,308,592,104,182,51,228,219,41,126,211,129,42,161,84,174,180,120,193,96,158
465,371,173,72,439,94,399,145,138,167,154,510,742,269,235,261,344,740,453,46,243,455,282,158,285,122,268,224,226,571,605,1153,201,403,90,443,432,73,245,423,295,93,316,176,344,403,263,403,152,316
526,455,229,88,582,112,530,164,201,279,510,293,997,376,291,317,392,1008,574,66,308,589,322,228,356,126,369,226,275,738,857,1560,314,506,129,594,522,109,271,590,368,109,414,212,438,516,345,593,228,396
800,733,368,121,914,195,787,290,326,370,742,997,779,577,490,548,694,1385,917,97,493,916,494,337,577,240,587,414,455,1038,1330,2421,480,861,189,976,798,147,478,930,562,163,664,322,705,800,541,850,326,590
384,298,153,62,322,88,320,101,117,133,269,376,577,91,175,179,245,574,311,45,185,315,202,134,209,91,213,161,170,404,486,961,189,302,70,331,323,52,150,348,208,66,276,122,268,313,209,353,126,226
302,219,101,39,262,45,252,67,83,125,235,291,490,175,71,142,198,476,285,38,153,283,159,112,186,66,191,107,118,331,397,781,145,258,58,293,275,48,108,275,172,46,215,94,241,217,170,298,106,193
315,236,112,61,270,81,316,71,80,137,261,317,548,179,142,90,209,530,285,34,156,287,171,126,204,81,179,138,131,343,415,886,153,271,69,299,317,44,118,318,195,44,238,118,237,256,181,321,109,215
361,304,138,67,387,75,330,107,145,172,344,392,694,245,198,209,132,640,372,47,189,356,224,146,204,79,235,157,166,424,541,1035,182,321,76,350,344,69,178,383,247,77,279,136,291,319,241,368,142,265
788,764,363,135,897,192,814,277,300,382,740,1008,1385,574,476,530,640,770,896,105,502,873,511,356,555,219,612,428,489,1066,1313,2338,517,795,190,958,793,144,465,935,615,186,620,360,686,783,589,864,299,580
482,425,197,62,514,99,486,164,156,228,453,574,917,311,285,285,372,896,244,61,278,455,302,205,342,142,334,212,255,605,753,1461,271,445,105,511,462,79,280,509,323,95,398,168,427,462,322,521,189,351
67,54,34,8,66,11,59,19,19,23,46,66,97,45,38,34,47,105,61,7,29,73,38,22,37,13,34,39,31,88,94,206,41,49,13,82,52,11,30,57,35,12,63,21,52,57,42,75,26,44
347,231,100,57,252,82,252,80,99,107,243,308,493,185,153,156,189,502,278,29,61,293,156,113,171,57,179,132,129,309,421,809,147,276,65,264,256,46,123,293,183,60,225,105,216,260,176,267,118,201
497,409,200,89,548,123,496,148,182,235,455,589,916,315,283,287,356,873,455,73,293,261,285,185,312,134,367,254,254,624,747,1405,298,477,104,527,496,87,269,481,381,106,377,182,415,455,328,497,205,376
330,292,116,46,277,56,264,93,102,156,282,322,494,202,159,171,224,511,302,38,156,285,93,125,217,69,179,138,172,361,459,846,146,253,69,325,265,46,133,315,197,63,240,101,237,273,179,288,96,222
197,185,71,29,215,42,186,59,61,80,158,228,337,134,112,126,146,356,205,22,113,185,125,34,120,48,118,110,101,312,288,522,108,191,50,190,190,32,108,212,124,44,157,82,172,179,121,203,70,152
348,298,112,70,335,76,331,97,97,141,285,356,577,209,186,204,204,555,342,37,171,312,217,120,110,86,207,145,166,424,524,923,156,331,72,337,314,42,163,367,214,66,250,136,236,318,224,358,121,233
139,121,48,27,139,38,132,48,41,50,122,126,240,91,66,81,79,219,142,13,57,134,69,48,86,14,64,72,51,146,210,378,90,142,32,117,149,24,63,145,92,31,101,45,104,127,72,151,40,89
371,280,108,62,320,82,332,114,119,123,268,369,587,213,191,179,235,612,334,34,179,367,179,118,207,64,96,158,171,410,531,947,189,323,88,345,352,54,190,376,219,84,264,131,270,305,198,346,127,240
287,194,90,49,239,61,247,70,78,108,224,226,414,161,107,138,157,428,212,39,132,254,138,110,145,72,158,45,110,291,364,655,111,225,60,224,258,30,118,240,130,49,187,98,205,216,144,259,80,162
289,219,88,50,233,59,248,71,84,105,226,275,455,170,118,131,166,489,255,31,129,254,172,101,166,51,171,110,58,310,370,740,133,221,62,245,249,45,125,253,188,44,200,93,196,255,130,285,89,187
550,551,234,116,622,150,610,200,213,264,571,738,1038,404,331,343,424,1066,605,88,309,624,361,312,424,146,410,291,310,368,929,1758,334,562,152,640,575,105,346,660,405,135,450,229,496,578,389,642,221,438
666,626,331,119,766,173,709,239,245,308,605,857,1330,486,397,415,541,1313,753,94,421,747,459,288,524,210,531,364,370,929,598,2034,399,716,169,792,735,133,389,750,500,138,568,280,620,671,500,782,276,514
1145,1155,554,207,1367,273,1282,420,482,592,1153,1560,2421,961,781,886,1035,2338,1461,206,809,1405,846,522,923,378,947,655,740,1758,2034,1873,711,1219,283,1465,1271,234,686,1430,892,286,1024,532,1056,1242,886,1380,458,915
233,233,116,46,276,52,228,88,104,104,201,314,480,189,145,153,182,517,271,41,147,298,146,108,156,90,189,111,133,334,399,711,67,266,54,278,278,42,119,283,176,56,207,101,204,221,168,277,99,155
479,393,199,80,481,111,488,144,152,182,403,506,861,302,258,271,321,795,445,49,276,477,253,191,331,142,323,225,221,562,716,1219,266,241,102,481,465,66,244,490,296,107,357,177,384,403,302,491,170,327
99,95,42,17,118,23,113,30,40,51,90,129,189,70,58,69,76,190,105,13,65,104,69,50,72,32,88,60,62,152,169,283,54,102,19,126,113,19,56,117,80,18,86,45,90,88,81,111,39,73
480,420,183,90,509,108,516,151,189,228,443,594,976,331,293,299,350,958,511,82,264,527,325,190,337,117,345,224,245,640,792,1465,278,481,126,308,493,96,260,583,373,99,413,175,406,497,323,520,192,354
473,413,188,89,500,108,455,144,142,219,432,522,798,323,275,317,344,793,462,52,256,496,265,190,314,149,352,258,249,575,735,1271,278,465,113,493,244,65,223,483,309,95,343,180,385,397,320,470,164,362
80,74,33,14,92,15,79,18,26,41,73,109,147,52,48,44,69,144,79,11,46,87,46,32,42,24,54,30,45,105,133,234,42,66,19,96,65,8,35,90,61,13,61,32,49,75,52,81,30,64
232,227,95,33,248,56,231,71,81,126,245,271,478,150,108,118,178,465,280,30,123,269,133,108,163,63,190,118,125,346,389,686,119,244,56,260,223,35,66,263,158,57,199,92,176,214,119,257,97,173
460,450,222,80,540,108,493,166,159,211,423,590,930,348,275,318,383,935,509,57,293,481,315,212,367,145,376,240,253,660,750,1430,283,490,117,583,483,90,263,264,351,109,369,209,428,500,345,524,178,372
308,275,139,56,359,71,309,94,88,129,295,368,562,208,172,195,247,615,323,35,183,381,197,124,214,92,219,130,188,405,500,892,176,296,80,373,309,61,158,351,118,79,248,121,249,281,201,365,109,218
93,72,38,15,119,24,105,28,36,42,93,109,163,66,46,44,77,186,95,12,60,106,63,44,66,31,84,49,44,135,138,286,56,107,18,99,95,13,57,109,79,9,88,36,83,77,50,107,33,75
351,321,155,66,403,82,363,111,114,161,316,414,664,276,215,238,279,620,398,63,225,377,240,157,250,101,264,187,200,450,568,1024,207,357,86,413,343,61,199,369,248,88,117,149,278,338,251,406,127,294
171,181,75,28,189,39,177,61,52,84,176,212,322,122,94,118,136,360,168,21,105,182,101,82,136,45,131,98,93,229,280,532,101,177,45,175,180,32,92,209,121,36,149,29,162,178,95,186,66,107
408,373,147,64,409,79,379,101,134,174,344,438,705,268,241,237,291,686,427,52,216,415,237,172,236,104,270,205,196,496,620,1056,204,384,90,406,385,49,176,428,249,83,278,162,166,366,250,418,120,287
390,391,174,72,464,103,439,136,168,180,403,516,800,313,217,256,319,783,462,57,260,455,273,179,318,127,305,216,255,578,671,1242,221,403,88,497,397,75,214,500,281,77,338,178,366,186,306,469,152,297
313,285,122,62,334,64,297,89,125,120,263,345,541,209,170,181,241,589,322,42,176,328,179,121,224,72,198,144,130,389,500,886,168,302,81,323,320,52,119,345,201,50,251,95,250,306,108,363,118,232
503,456,192,82,508,97,462,156,178,193,403,593,850,353,298,321,368,864,521,75,267,497,288,203,358,151,346,259,285,642,782,1380,277,491,111,520,470,81,257,524,365,107,406,186,418,469,363,260,176,354
157,161,65,24,176,31,165,59,66,96,152,228,326,126,106,109,142,299,189,26,118,205,96,70,121,40,127,80,89,221,276,458,99,170,39,192,164,30,97,178,109,33,127,66,120,152,118,176,29,122
380,323,142,60,341,76,313,110,117,158,316,396,590,226,193,215,265,580,351,44,201,376,222,152,233,89,240,162,187,438,514,915,155,327,73,354,362,64,173,372,218,75,294,107,287,297,232,354,122,137
