263,460,216,95,482,116,493,179,184,238,455,501,808,372,323,366,384,817,508,77,310,511,343,176,359,160,391,299,297,614,707,1183,265,485,112,515,526,93,272,456,298,110,370,166,409,439,324,487,162,354
460,191,171,69,439,97,426,112,113,180,361,473,766,282,244,254,316,800,497,52,239,478,253,156,292,107,294,201,219,539,674,1235,239,406,99,472,364,82,218,488,288,99,342,160,349,391,286,476,158,304
216,171,25,36,202,46,209,56,62,85,194,218,359,129,102,106,163,348,206,20,87,219,125,88,129,53,139,90,96,218,329,595,126,189,44,206,187,30,87,218,133,37,153,79,153,196,119,225,84,131
95,69,36,9,84,21,85,37,25,30,70,83,152,60,60,57,61,137,102,18,61,102,55,26,57,27,54,40,50,103,127,211,44,85,18,93,84,20,39,88,52,20,57,26,72,68,45,73,32,56
482,439,202,84,266,120,466,155,150,202,449,558,914,292,277,301,343,908,535,63,298,535,272,179,350,137,339,200,261,664,776,1392,288,519,111,528,478,95,271,493,324,107,403,206,391,526,326,578,188,342
116,97,46,21,120,15,108,38,34,53,99,106,211,70,65,76,71,203,113,25,69,111,72,41,78,32,82,60,55,139,163,308,58,104,29,135,117,22,49,123,77,18,88,42,92,95,77,104,51,77
493,426,209,85,466,108,212,168,168,199,407,542,859,299,279,270,346,878,517,68,254,510,326,209,359,114,338,233,263,609,712,1369,266,437,103,514,413,82,254,524,336,109,353,171,383,435,307,476,193,336
179,112,56,37,155,38,168,24,58,58,129,171,278,112,71,90,126,278,157,15,76,163,101,56,110,40,96,73,67,168,234,416,93,158,40,138,159,31,77,170,98,32,144,52,129,146,95,166,66,102
184,113,62,25,150,34,168,58,29,61,155,197,275,100,105,105,117,298,169,22,82,167,101,67,115,47,113,72,78,211,243,454,83,162,34,155,172,28,84,162,104,40,141,63,155,169,114,194,67,129
238,180,85,30,202,53,199,58,61,53,165,214,331,155,105,112,161,333,231,30,118,231,126,89,163,58,163,111,118,238,308,539,107,204,47,202,212,42,106,200,146,47,144,83,180,169,131,209,84,163
455,361,194,70,449,99,407,129,155,165,184,472,723,279,216,239,307,771,454,62,222,455,274,169,287,110,310,206,202,504,646,1122,224,420,95,451,427,90,214,428,304,97,307,164,357,383,271,441,159,300
501,473,218,83,558,106,542,171,197,214,472,314,1066,380,284,288,420,1056,597,58,279,607,329,220,374,167,383,276,317,756,899,1640,310,501,116,592,502,83,267,609,357,124,413,239,466,529,353,599,175,363
808,766,359,152,914,211,859,278,275,331,723,1066,826,572,493,511,676,1535,897,110,471,921,544,377,613,216,578,443,452,1140,1307,2454,467,869,232,976,851,156,467,980,584,164,672,365,778,819,608,903,345,560
372,282,129,60,292,70,299,112,100,155,279,380,572,130,176,180,225,584,356,41,167,370,212,128,247,75,225,127,179,382,483,869,148,330,65,345,331,47,157,323,224,70,229,137,273,294,208,319,119,226
323,244,102,60,277,65,279,71,105,105,216,284,493,176,63,124,186,497,291,37,147,287,159,112,174,75,188,140,129,329,432,764,139,256,57,268,250,41,127,278,169,44,204,101,215,270,171,297,105,183
366,254,106,57,301,76,270,90,105,112,239,288,511,180,124,70,201,502,299,38,152,294,170,129,191,77,178,119,145,386,447,792,159,298,60,295,261,37,133,294,183,59,233,106,216,270,150,287,110,178
384,316,163,61,343,71,346,126,117,161,307,420,676,225,186,201,125,617,351,32,215,330,217,148,246,95,256,175,175,428,574,1037,202,325,72,353,342,60,180,384,230,76,297,110,292,326,233,379,141,279
817,800,348,137,908,203,878,278,298,333,771,1056,1535,584,497,502,617,800,913,100,468,943,542,360,594,230,608,426,427,1134,1353,2458,506,839,214,958,866,158,459,967,581,183,646,316,767,858,621,908,354,555
508,497,206,102,535,113,517,157,169,231,454,597,897,356,291,299,351,913,243,70,274,491,327,223,345,130,348,246,242,631,736,1439,289,477,104,506,507,77,280,568,313,98,385,199,450,482,335,544,188,381
77,52,20,18,63,25,68,15,22,30,62,58,110,41,37,38,32,100,70,6,44,73,40,25,37,14,41,29,23,86,91,166,32,55,13,44,67,10,31,62,54,23,62,24,51,63,49,75,20,45
310,239,87,61,298,69,254,76,82,118,222,279,471,167,147,152,215,468,274,44,79,279,177,107,186,62,184,118,131,344,407,775,146,268,71,298,252,48,128,286,164,69,227,92,225,240,163,306,107,199
511,478,219,102,535,111,510,163,167,231,455,607,921,370,287,294,330,943,491,73,279,265,303,210,362,142,354,259,254,644,740,1476,252,501,109,533,515,73,272,568,353,105,393,178,425,497,336,530,197,415
343,253,125,55,272,72,326,101,101,126,274,329,544,212,159,170,217,542,327,40,177,303,91,118,202,70,199,126,142,351,447,844,159,311,65,311,302,44,149,290,182,56,222,116,239,265,185,326,134,191
176,156,88,26,179,41,209,56,67,89,169,220,377,128,112,129,148,360,223,25,107,210,118,37,129,35,132,102,115,238,270,540,113,179,43,233,183,40,94,195,136,41,154,72,158,186,117,211,94,128
359,292,129,57,350,78,359,110,115,163,287,374,613,247,174,191,246,594,345,37,186,362,202,129,95,83,210,180,141,383,512,945,194,316,84,350,327,57,167,342,207,71,244,133,269,336,230,372,141,253
160,107,53,27,137,32,114,40,47,58,110,167,216,75,75,77,95,230,130,14,62,142,70,35,83,16,69,57,68,131,176,339,83,117,35,136,110,16,69,134,94,28,95,40,103,108,78,113,50,81
391,294,139,54,339,82,338,96,113,163,310,383,578,225,188,178,256,608,348,41,184,354,199,132,210,69,103,155,156,431,467,927,199,318,68,378,292,54,176,331,219,74,254,127,287,310,218,358,139,241
299,201,90,40,200,60,233,73,72,111,206,276,443,127,140,119,175,426,246,29,118,259,126,102,180,57,155,57,93,259,376,675,156,214,51,230,247,39,124,239,152,47,179,84,209,209,168,239,94,180
297,219,96,50,261,55,263,67,78,118,202,317,452,179,129,145,175,427,242,23,131,254,142,115,141,68,156,93,58,315,356,654,140,248,55,255,246,37,122,294,151,42,205,101,183,241,154,243,90,167
614,539,218,103,664,139,609,168,211,238,504,756,1140,382,329,386,428,1134,631,86,344,644,351,238,383,131,431,259,315,389,981,1792,349,595,147,684,612,97,334,723,401,131,506,248,487,612,392,695,239,383
707,674,329,127,776,163,712,234,243,308,646,899,1307,483,432,447,574,1353,736,91,407,740,447,270,512,176,467,376,356,981,533,2066,402,775,176,804,723,110,395,813,555,159,575,287,603,681,466,794,303,507
1183,1235,595,211,1392,308,1369,416,454,539,1122,1640,2454,869,764,792,1037,2458,1439,166,775,1476,844,540,945,339,927,675,654,1792,2066,1900,721,1337,328,1576,1222,243,669,1484,932,291,1026,556,1121,1329,879,1430,510,905
265,239,126,44,288,58,266,93,83,107,224,310,467,148,139,159,202,506,289,32,146,252,159,113,194,83,199,156,140,349,402,721,71,258,55,318,235,55,130,283,206,51,187,111,211,243,174,285,90,181
485,406,189,85,519,104,437,158,162,204,420,501,869,330,256,298,325,839,477,55,268,501,311,179,316,117,318,214,248,595,775,1337,258,223,95,500,435,74,256,530,321,90,349,194,383,453,266,489,165,360
112,99,44,18,111,29,103,40,34,47,95,116,232,65,57,60,72,214,104,13,71,109,65,43,84,35,68,51,55,147,176,328,55,95,11,125,94,15,58,134,84,18,95,39,79,98,80,121,38,74
515,472,206,93,528,135,514,138,155,202,451,592,976,345,268,295,353,958,506,44,298,533,311,233,350,136,378,230,255,684,804,1576,318,500,125,286,500,83,249,570,338,131,413,198,422,529,309,570,209,383
526,364,187,84,478,117,413,159,172,212,427,502,851,331,250,261,342,866,507,67,252,515,302,183,327,110,292,247,246,612,723,1222,235,435,94,500,226,76,225,497,317,94,366,167,397,439,294,506,152,317
93,82,30,20,95,22,82,31,28,42,90,83,156,47,41,37,60,158,77,10,48,73,44,40,57,16,54,39,37,97,110,243,55,74,15,83,76,9,39,106,74,23,70,37,66,85,51,78,37,58
272,218,87,39,271,49,254,77,84,106,214,267,467,157,127,133,180,459,280,31,128,272,149,94,167,69,176,124,122,334,395,669,130,256,58,249,225,39,67,260,175,57,201,83,195,245,139,275,95,180
456,488,218,88,493,123,524,170,162,200,428,609,980,323,278,294,384,967,568,62,286,568,290,195,342,134,331,239,294,723,813,1484,283,530,134,570,497,106,260,301,355,124,403,201,407,497,333,565,220,364
298,288,133,52,324,77,336,98,104,146,304,357,584,224,169,183,230,581,313,54,164,353,182,136,207,94,219,152,151,401,555,932,206,321,84,338,317,74,175,355,107,64,250,130,276,309,222,379,121,230
110,99,37,20,107,18,109,32,40,47,97,124,164,70,44,59,76,183,98,23,69,105,56,41,71,28,74,47,42,131,159,291,51,90,18,131,94,23,57,124,64,9,86,54,83,99,61,111,37,72
370,342,153,57,403,88,353,144,141,144,307,413,672,229,204,233,297,646,385,62,227,393,222,154,244,95,254,179,205,506,575,1026,187,349,95,413,366,70,201,403,250,86,145,144,295,339,249,406,138,278
166,160,79,26,206,42,171,52,63,83,164,239,365,137,101,106,110,316,199,24,92,178,116,72,133,40,127,84,101,248,287,556,111,194,39,198,167,37,83,201,130,54,144,42,158,187,121,186,78,133
409,349,153,72,391,92,383,129,155,180,357,466,778,273,215,216,292,767,450,51,225,425,239,158,269,103,287,209,183,487,603,1121,211,383,79,422,397,66,195,407,276,83,295,158,166,388,256,440,161,279
439,391,196,68,526,95,435,146,169,169,383,529,819,294,270,270,326,858,482,63,240,497,265,186,336,108,310,209,241,612,681,1329,243,453,98,529,439,85,245,497,309,99,339,187,388,220,313,480,190,311
324,286,119,45,326,77,307,95,114,131,271,353,608,208,171,150,233,621,335,49,163,336,185,117,230,78,218,168,154,392,466,879,174,266,80,309,294,51,139,333,222,61,249,121,256,313,103,340,128,220
487,476,225,73,578,104,476,166,194,209,441,599,903,319,297,287,379,908,544,75,306,530,326,211,372,113,358,239,243,695,794,1430,285,489,121,570,506,78,275,565,379,111,406,186,440,480,340,280,197,367
162,158,84,32,188,51,193,66,67,84,159,175,345,119,105,110,141,354,188,20,107,197,134,94,141,50,139,94,90,239,303,510,90,165,38,209,152,37,95,220,121,37,138,78,161,190,128,197,28,124
354,304,131,56,342,77,336,102,129,163,300,363,560,226,183,178,279,555,381,45,199,415,191,128,253,81,241,180,167,383,507,905,181,360,74,383,317,58,180,364,230,72,278,133,279,311,220,367,124,120
