255,448,205,107,519,117,461,181,179,218,458,482,759,380,303,314,346,760,524,67,304,534,345,200,373,123,351,299,326,594,732,1074,241,460,114,494,474,92,246,478,329,112,347,180,403,434,311,461,195,374
448,189,155,81,440,107,422,125,139,175,377,480,801,271,203,209,304,795,456,51,224,421,256,170,279,108,289,177,227,539,635,1198,208,396,99,424,405,59,224,446,251,103,325,159,340,415,261,466,160,297
205,155,28,33,186,43,188,63,57,86,142,223,376,126,99,105,145,363,222,16,98,204,123,79,121,52,114,85,99,248,265,573,106,178,52,193,199,28,105,196,118,34,175,74,148,200,97,211,75,144
107,81,33,9,88,26,82,22,42,40,74,99,142,67,55,57,55,146,94,16,59,85,44,36,56,26,51,51,47,94,132,213,31,86,17,94,76,12,37,91,62,11,72,34,69,65,56,87,30,65
519,440,186,88,274,115,483,162,171,218,415,573,880,345,248,288,383,933,513,71,289,529,278,186,328,127,346,248,257,604,755,1384,272,459,121,548,441,88,243,535,317,116,372,185,402,456,302,485,184,340
117,107,43,26,115,14,110,28,52,50,86,138,201,92,80,83,77,200,117,17,68,104,83,57,84,41,91,65,71,135,188,309,57,113,23,125,110,16,53,119,82,25,80,44,109,107,84,110,34,87
461,422,188,82,483,110,252,134,168,187,390,591,855,310,264,268,357,859,516,53,280,504,323,210,354,130,361,209,233,575,766,1308,237,474,110,514,459,92,223,535,342,106,326,175,401,443,341,503,185,338
181,125,63,22,162,28,134,21,45,71,127,156,289,106,83,91,116,287,168,17,87,166,89,65,117,34,112,71,99,210,259,431,86,135,35,161,149,24,79,140,101,34,116,61,116,155,95,148,59,119
179,139,57,42,171,52,168,45,33,73,142,195,298,100,95,100,136,312,159,23,93,139,95,70,90,39,103,88,70,197,221,466,90,155,42,174,153,31,84,178,110,25,131,53,126,142,89,165,68,109
218,175,86,40,218,50,187,71,73,47,186,253,363,140,131,115,151,375,213,36,113,194,142,84,159,44,160,100,104,259,321,587,114,183,49,233,221,35,99,229,124,38,170,72,192,176,135,212,86,154
458,377,142,74,415,86,390,127,142,186,175,473,779,298,225,245,304,790,451,68,255,442,291,171,321,114,329,197,226,541,651,1178,237,388,93,489,431,75,225,443,257,86,324,161,360,382,275,462,149,319
482,480,223,99,573,138,591,156,195,253,473,319,987,325,260,292,404,992,562,67,302,573,345,219,347,148,379,268,313,691,854,1499,298,575,131,610,497,89,256,613,392,87,444,217,450,535,357,586,235,367
759,801,376,142,880,201,855,289,298,363,779,987,807,567,457,490,645,1476,866,108,528,912,549,344,552,218,609,430,446,1180,1384,2428,499,861,213,960,813,151,461,982,595,204,665,358,720,855,555,944,300,589
380,271,126,67,345,92,310,106,100,140,298,325,567,117,149,177,233,578,334,44,178,324,210,121,199,85,220,150,162,399,525,905,156,317,76,328,319,54,167,336,239,80,241,112,250,288,204,350,128,241
303,203,99,55,248,80,264,83,95,131,225,260,457,149,64,144,185,502,285,31,147,264,150,111,182,52,180,122,134,323,406,707,126,248,71,251,236,41,144,302,164,49,211,91,196,215,134,286,116,193
314,209,105,57,288,83,268,91,100,115,245,292,490,177,144,77,187,530,281,37,146,314,177,108,184,83,225,124,137,358,434,788,151,270,71,286,257,56,160,305,190,48,225,101,223,259,170,332,116,209
346,304,145,55,383,77,357,116,136,151,304,404,645,233,185,187,141,655,356,55,203,369,214,132,231,76,219,172,173,465,535,1012,195,326,74,376,309,68,192,381,251,76,267,137,278,321,232,373,130,262
760,795,363,146,933,200,859,287,312,375,790,992,1476,578,502,530,655,791,869,117,536,884,581,358,602,222,631,446,432,1130,1374,2400,492,842,195,942,832,152,487,952,591,197,673,357,740,829,535,918,307,630
524,456,222,94,513,117,516,168,159,213,451,562,866,334,285,281,356,869,257,79,278,494,289,200,351,110,302,232,238,647,771,1435,280,498,111,563,483,87,273,555,354,106,357,191,439,499,291,520,200,345
67,51,16,16,71,17,53,17,23,36,68,67,108,44,31,37,55,117,79,0,29,73,29,31,27,9,35,31,29,67,93,185,30,59,19,68,68,7,28,59,42,9,55,22,39,63,22,52,22,53
304,224,98,59,289,68,280,87,93,113,255,302,528,178,147,146,203,536,278,29,71,311,161,106,197,63,169,100,149,358,446,816,167,275,68,309,240,39,154,313,177,59,207,96,239,269,165,330,120,171
534,421,204,85,529,104,504,166,139,194,442,573,912,324,264,314,369,884,494,73,311,283,281,209,357,120,348,275,242,655,737,1437,253,486,122,561,469,99,298,533,342,125,362,170,447,479,314,538,200,366
345,256,123,44,278,83,323,89,95,142,291,345,549,210,150,177,214,581,289,29,161,281,83,106,209,83,215,138,167,335,443,848,145,292,74,302,276,63,160,285,199,74,240,92,244,251,169,339,111,210
200,170,79,36,186,57,210,65,70,84,171,219,344,121,111,108,132,358,200,31,106,209,106,36,133,61,134,91,90,228,308,539,105,212,46,201,221,30,101,208,124,35,146,73,165,190,126,217,89,137
373,279,121,56,328,84,354,117,90,159,321,347,552,199,182,184,231,602,351,27,197,357,209,133,114,84,228,149,172,376,495,953,157,325,79,336,305,54,174,372,201,78,253,112,264,290,198,364,121,226
123,108,52,26,127,41,130,34,39,44,114,148,218,85,52,83,76,222,110,9,63,120,83,61,84,19,76,56,64,165,156,374,60,120,28,117,136,18,59,114,81,8,96,55,97,113,75,149,42,89
351,289,114,51,346,91,361,112,103,160,329,379,609,220,180,225,219,631,302,35,169,348,215,134,228,76,116,148,170,438,490,1000,190,324,84,323,341,48,181,379,230,60,255,137,253,305,225,368,122,232
299,177,85,51,248,65,209,71,88,100,197,268,430,150,122,124,172,446,232,31,100,275,138,91,149,56,148,60,110,278,342,671,115,228,58,245,221,47,113,211,148,54,187,93,174,212,126,252,86,166
326,227,99,47,257,71,233,99,70,104,226,313,446,162,134,137,173,432,238,29,149,242,167,90,172,64,170,110,59,290,363,689,132,246,58,263,248,46,131,257,188,54,201,88,190,226,160,268,98,172
594,539,248,94,604,135,575,210,197,259,541,691,1180,399,323,358,465,1130,647,67,358,655,335,228,376,165,438,278,290,390,939,1765,369,591,163,622,557,99,335,670,432,138,500,231,518,595,411,633,210,437
732,635,265,132,755,188,766,259,221,321,651,854,1384,525,406,434,535,1374,771,93,446,737,443,308,495,156,490,342,363,939,518,2099,405,690,176,798,713,143,423,773,499,166,534,292,629,673,479,777,311,480
1074,1198,573,213,1384,309,1308,431,466,587,1178,1499,2428,905,707,788,1012,2400,1435,185,816,1437,848,539,953,374,1000,671,689,1765,2099,1890,737,1314,330,1549,1298,222,684,1434,920,281,1057,517,1120,1250,878,1383,492,921
241,208,106,31,272,57,237,86,90,114,237,298,499,156,126,151,195,492,280,30,167,253,145,105,157,60,190,115,132,369,405,737,63,257,70,313,268,53,131,287,177,67,197,90,197,254,177,257,90,186
460,396,178,86,459,113,474,135,155,183,388,575,861,317,248,270,326,842,498,59,275,486,292,212,325,120,324,228,246,591,690,1314,257,221,104,477,442,83,220,490,303,100,386,199,404,398,304,485,198,322
114,99,52,17,121,23,110,35,42,49,93,131,213,76,71,71,74,195,111,19,68,122,74,46,79,28,84,58,58,163,176,330,70,104,11,116,104,18,58,122,78,31,87,45,93,91,72,142,38,78
494,424,193,94,548,125,514,161,174,233,489,610,960,328,251,286,376,942,563,68,309,561,302,201,336,117,323,245,263,622,798,1549,313,477,116,264,491,97,267,562,349,112,394,182,394,517,340,536,191,339
474,405,199,76,441,110,459,149,153,221,431,497,813,319,236,257,309,832,483,68,240,469,276,221,305,136,341,221,248,557,713,1298,268,442,104,491,206,83,222,505,346,111,389,180,392,424,311,467,176,305
92,59,28,12,88,16,92,24,31,35,75,89,151,54,41,56,68,152,87,7,39,99,63,30,54,18,48,47,46,99,143,222,53,83,18,97,83,6,50,102,71,21,70,39,76,93,46,78,36,58
246,224,105,37,243,53,223,79,84,99,225,256,461,167,144,160,192,487,273,28,154,298,160,101,174,59,181,113,131,335,423,684,131,220,58,267,222,50,56,302,174,50,185,75,189,242,160,260,98,152
478,446,196,91,535,119,535,140,178,229,443,613,982,336,302,305,381,952,555,59,313,533,285,208,372,114,379,211,257,670,773,1434,287,490,122,562,505,102,302,249,322,133,401,181,455,533,327,537,199,374
329,251,118,62,317,82,342,101,110,124,257,392,595,239,164,190,251,591,354,42,177,342,199,124,201,81,230,148,188,432,499,920,177,303,78,349,346,71,174,322,102,67,237,125,293,319,186,332,123,243
112,103,34,11,116,25,106,34,25,38,86,87,204,80,49,48,76,197,106,9,59,125,74,35,78,8,60,54,54,138,166,281,67,100,31,112,111,21,50,133,67,14,74,45,87,111,69,97,34,72
347,325,175,72,372,80,326,116,131,170,324,444,665,241,211,225,267,673,357,55,207,362,240,146,253,96,255,187,201,500,534,1057,197,386,87,394,389,70,185,401,237,74,156,137,305,386,261,385,137,255
180,159,74,34,185,44,175,61,53,72,161,217,358,112,91,101,137,357,191,22,96,170,92,73,112,55,137,93,88,231,292,517,90,199,45,182,180,39,75,181,125,45,137,32,116,173,119,192,70,137
403,340,148,69,402,109,401,116,126,192,360,450,720,250,196,223,278,740,439,39,239,447,244,165,264,97,253,174,190,518,629,1120,197,404,93,394,392,76,189,455,293,87,305,116,155,362,241,431,173,291
434,415,200,65,456,107,443,155,142,176,382,535,855,288,215,259,321,829,499,63,269,479,251,190,290,113,305,212,226,595,673,1250,254,398,91,517,424,93,242,533,319,111,386,173,362,221,303,500,156,323
311,261,97,56,302,84,341,95,89,135,275,357,555,204,134,170,232,535,291,22,165,314,169,126,198,75,225,126,160,411,479,878,177,304,72,340,311,46,160,327,186,69,261,119,241,303,90,304,107,234
461,466,211,87,485,110,503,148,165,212,462,586,944,350,286,332,373,918,520,52,330,538,339,217,364,149,368,252,268,633,777,1383,257,485,142,536,467,78,260,537,332,97,385,192,431,500,304,264,195,354
195,160,75,30,184,34,185,59,68,86,149,235,300,128,116,116,130,307,200,22,120,200,111,89,121,42,122,86,98,210,311,492,90,198,38,191,176,36,98,199,123,34,137,70,173,156,107,195,28,133
374,297,144,65,340,87,338,119,109,154,319,367,589,241,193,209,262,630,345,53,171,366,210,137,226,89,232,166,172,437,480,921,186,322,78,339,305,58,152,374,243,72,255,137,291,323,234,354,133,111
