298,435,199,89,488,109,454,192,157,274,452,496,796,381,284,317,365,843,510,70,331,492,323,197,346,164,368,282,309,598,666,1112,207,473,103,528,458,79,252,468,312,110,369,193,462,433,342,505,161,358
435,167,168,69,433,103,385,136,145,167,344,502,808,281,223,264,301,807,446,46,247,446,267,154,279,124,282,213,226,527,649,1242,243,411,100,447,423,76,216,468,297,86,361,150,321,393,257,456,163,293
199,168,30,33,197,52,215,68,49,68,170,230,355,120,86,97,151,362,191,30,107,224,102,81,132,49,124,79,86,267,324,545,99,172,45,233,200,28,107,208,130,44,168,71,166,183,110,230,72,122
89,69,33,7,94,15,62,25,27,34,61,91,147,49,54,59,62,147,97,10,64,83,51,30,57,14,46,42,43,117,122,214,50,76,9,108,69,15,47,83,46,16,56,40,74,67,49,84,37,64
488,433,197,94,246,119,520,135,159,230,429,579,896,331,253,282,414,916,539,62,257,525,298,207,330,112,342,256,265,639,788,1430,292,501,114,532,470,81,268,549,321,124,393,203,416,464,298,547,207,372
109,103,52,15,119,8,92,39,37,48,87,128,208,81,62,69,88,200,130,16,68,108,53,37,78,21,74,56,56,144,166,310,64,110,21,134,95,13,54,131,68,27,86,43,95,99,72,114,36,94
454,385,215,62,520,92,217,160,162,183,410,572,865,334,253,281,357,896,507,64,282,487,295,201,330,117,317,226,249,618,735,1340,271,436,104,478,391,90,235,531,313,87,343,192,399,485,318,461,156,351
192,136,68,25,135,39,160,23,55,57,129,187,283,102,87,111,95,286,153,17,79,159,106,69,96,44,110,66,72,172,256,413,92,145,36,156,140,20,73,173,97,44,119,68,130,134,101,150,67,108
157,145,49,27,159,37,162,55,27,77,158,175,314,105,95,96,120,278,160,27,101,190,105,72,113,50,128,71,81,230,242,430,85,163,31,159,152,26,78,188,103,31,123,71,153,146,92,176,58,108
274,167,68,34,230,48,183,57,77,50,171,203,345,138,104,111,152,358,217,30,115,211,127,82,140,58,148,91,105,252,264,537,118,208,48,220,192,29,95,219,134,37,148,75,171,195,152,200,92,145
452,344,170,61,429,87,410,129,158,171,186,474,776,278,231,238,311,818,447,57,225,442,263,155,267,105,312,196,234,582,614,1176,249,412,102,458,365,68,204,430,293,86,322,147,326,381,286,443,177,293
496,502,230,91,579,128,572,187,175,203,474,312,1052,371,277,300,439,1017,591,69,319,618,337,224,335,122,371,256,272,713,809,1509,326,525,127,580,484,106,289,572,354,110,450,206,458,550,350,564,202,381
796,808,355,147,896,208,865,283,314,345,776,1052,843,572,475,528,620,1483,927,130,537,937,563,396,633,223,666,443,465,1149,1324,2448,484,889,199,989,852,142,459,960,630,193,659,350,725,849,543,916,336,615
381,281,120,49,331,81,334,102,105,138,278,371,572,112,161,179,231,565,327,41,155,321,213,138,214,93,226,168,185,418,487,909,164,329,71,319,297,55,162,345,220,61,260,126,267,271,209,319,138,240
284,223,86,54,253,62,253,87,95,104,231,277,475,161,56,136,183,480,274,35,146,283,161,103,179,74,193,141,139,315,438,771,153,245,60,278,246,42,132,302,202,49,223,89,203,242,155,280,91,188
317,264,97,59,282,69,281,111,96,111,238,300,528,179,136,72,221,557,272,33,154,282,175,123,190,85,200,132,146,381,412,870,170,263,68,306,274,54,146,336,192,47,240,88,211,261,173,276,112,205
365,301,151,62,414,88,357,95,120,152,311,439,620,231,183,221,138,622,355,47,204,369,217,142,254,97,245,171,180,470,552,1006,159,353,95,365,360,67,171,411,213,79,262,146,321,330,250,354,120,262
843,807,362,147,916,200,896,286,278,358,818,1017,1483,565,480,557,622,818,930,101,552,948,553,366,611,230,643,461,455,1145,1304,2426,487,924,196,1017,836,171,454,965,671,193,667,337,694,840,537,945,320,604
510,446,191,97,539,130,507,153,160,217,447,591,927,327,274,272,355,930,287,72,287,517,293,225,337,119,347,237,270,649,784,1411,284,485,133,536,496,82,268,581,323,112,396,205,454,445,351,544,202,358
70,46,30,10,62,16,64,17,27,30,57,69,130,41,35,33,47,101,72,0,26,78,38,19,31,12,32,25,38,73,88,154,29,56,15,64,70,6,31,66,38,10,55,26,54,64,39,70,30,42
331,247,107,64,257,68,282,79,101,115,225,319,537,155,146,154,204,552,287,26,79,293,171,105,187,65,173,118,136,330,452,816,170,252,59,261,262,58,125,276,181,71,196,112,214,250,183,261,104,214
492,446,224,83,525,108,487,159,190,211,442,618,937,321,283,282,369,948,517,78,293,279,314,208,341,114,322,244,300,672,793,1431,289,499,116,534,511,88,260,516,306,114,406,206,412,477,320,510,212,363
323,267,102,51,298,53,295,106,105,127,263,337,563,213,161,175,217,553,293,38,171,314,99,117,213,78,183,149,141,379,466,847,177,286,64,314,247,58,168,309,204,57,242,121,251,298,201,314,104,187
197,154,81,30,207,37,201,69,72,82,155,224,396,138,103,123,142,366,225,19,105,208,117,39,107,57,129,99,95,274,307,517,103,174,41,197,180,39,107,234,140,40,141,84,147,171,107,204,71,138
346,279,132,57,330,78,330,96,113,140,267,335,633,214,179,190,254,611,337,31,187,341,213,107,103,83,201,166,160,422,495,940,177,319,79,361,272,46,182,360,223,71,272,117,247,277,206,357,128,216
164,124,49,14,112,21,117,44,50,58,105,122,223,93,74,85,97,230,119,12,65,114,78,57,83,19,76,55,71,156,193,387,77,114,38,126,109,20,74,143,94,16,109,42,111,129,78,140,49,92
368,282,124,46,342,74,317,110,128,148,312,371,666,226,193,200,245,643,347,32,173,322,183,129,201,76,117,173,163,439,524,1001,172,307,87,327,310,54,174,360,220,68,274,114,239,327,189,362,131,247
282,213,79,42,256,56,226,66,71,91,196,256,443,168,141,132,171,461,237,25,118,244,149,99,166,55,173,51,106,299,356,688,137,221,56,240,225,35,123,261,153,52,193,85,183,199,142,238,95,181
309,226,86,43,265,56,249,72,81,105,234,272,465,185,139,146,180,455,270,38,136,300,141,95,160,71,163,106,58,313,376,674,140,214,51,280,251,48,134,282,165,61,180,93,200,243,129,259,103,172
598,527,267,117,639,144,618,172,230,252,582,713,1149,418,315,381,470,1145,649,73,330,672,379,274,422,156,439,299,313,417,912,1797,345,625,136,680,598,116,310,656,445,141,505,240,544,587,384,687,232,417
666,649,324,122,788,166,735,256,242,264,614,809,1324,487,438,412,552,1304,784,88,452,793,466,307,495,193,524,356,376,912,566,2074,403,722,157,830,745,128,396,847,512,168,570,271,637,640,491,746,282,509
1112,1242,545,214,1430,310,1340,413,430,537,1176,1509,2448,909,771,870,1006,2426,1411,154,816,1431,847,517,940,387,1001,688,674,1797,2074,1927,717,1319,312,1577,1251,252,701,1458,989,307,1039,537,1096,1260,909,1420,490,886
207,243,99,50,292,64,271,92,85,118,249,326,484,164,153,170,159,487,284,29,170,289,177,103,177,77,172,137,140,345,403,717,73,275,66,297,246,41,130,282,177,53,181,106,225,257,186,257,97,171
473,411,172,76,501,110,436,145,163,208,412,525,889,329,245,263,353,924,485,56,252,499,286,174,319,114,307,221,214,625,722,1319,275,223,106,475,438,68,253,469,333,100,349,173,352,442,297,472,168,322
103,100,45,9,114,21,104,36,31,48,102,127,199,71,60,68,95,196,133,15,59,116,64,41,79,38,87,56,51,136,157,312,66,106,17,117,96,27,58,141,91,30,93,43,106,95,78,130,44,84
528,447,233,108,532,134,478,156,159,220,458,580,989,319,278,306,365,1017,536,64,261,534,314,197,361,126,327,240,280,680,830,1577,297,475,117,257,511,112,250,611,349,95,388,212,440,503,356,559,198,369
458,423,200,69,470,95,391,140,152,192,365,484,852,297,246,274,360,836,496,70,262,511,247,180,272,109,310,225,251,598,745,1251,246,438,96,511,205,85,244,488,320,96,344,191,354,441,279,465,142,320
79,76,28,15,81,13,90,20,26,29,68,106,142,55,42,54,67,171,82,6,58,88,58,39,46,20,54,35,48,116,128,252,41,68,27,112,85,6,29,86,58,22,57,26,68,73,46,90,35,55
252,216,107,47,268,54,235,73,78,95,204,289,459,162,132,146,171,454,268,31,125,260,168,107,182,74,174,123,134,310,396,701,130,253,58,250,244,29,57,290,169,56,178,106,213,231,176,253,91,193
468,468,208,83,549,131,531,173,188,219,430,572,960,345,302,336,411,965,581,66,276,516,309,234,360,143,360,261,282,656,847,1458,282,469,141,611,488,86,290,281,378,121,377,197,434,511,333,558,210,357
312,297,130,46,321,68,313,97,103,134,293,354,630,220,202,192,213,671,323,38,181,306,204,140,223,94,220,153,165,445,512,989,177,333,91,349,320,58,169,378,102,78,255,136,274,320,231,347,128,196
110,86,44,16,124,27,87,44,31,37,86,110,193,61,49,47,79,193,112,10,71,114,57,40,71,16,68,52,61,141,168,307,53,100,30,95,96,22,56,121,78,16,78,43,88,95,64,127,42,74
369,361,168,56,393,86,343,119,123,148,322,450,659,260,223,240,262,667,396,55,196,406,242,141,272,109,274,193,180,505,570,1039,181,349,93,388,344,57,178,377,255,78,124,142,330,327,245,371,138,271
193,150,71,40,203,43,192,68,71,75,147,206,350,126,89,88,146,337,205,26,112,206,121,84,117,42,114,85,93,240,271,537,106,173,43,212,191,26,106,197,136,43,142,25,154,178,118,203,68,123
462,321,166,74,416,95,399,130,153,171,326,458,725,267,203,211,321,694,454,54,214,412,251,147,247,111,239,183,200,544,637,1096,225,352,106,440,354,68,213,434,274,88,330,154,167,354,242,380,152,280
433,393,183,67,464,99,485,134,146,195,381,550,849,271,242,261,330,840,445,64,250,477,298,171,277,129,327,199,243,587,640,1260,257,442,95,503,441,73,231,511,320,95,327,178,354,205,290,468,182,317
342,257,110,49,298,72,318,101,92,152,286,350,543,209,155,173,250,537,351,39,183,320,201,107,206,78,189,142,129,384,491,909,186,297,78,356,279,46,176,333,231,64,245,118,242,290,104,319,125,232
505,456,230,84,547,114,461,150,176,200,443,564,916,319,280,276,354,945,544,70,261,510,314,204,357,140,362,238,259,687,746,1420,257,472,130,559,465,90,253,558,347,127,371,203,380,468,319,255,161,367
161,163,72,37,207,36,156,67,58,92,177,202,336,138,91,112,120,320,202,30,104,212,104,71,128,49,131,95,103,232,282,490,97,168,44,198,142,35,91,210,128,42,138,68,152,182,125,161,33,115
358,293,122,64,372,94,351,108,108,145,293,381,615,240,188,205,262,604,358,42,214,363,187,138,216,92,247,181,172,417,509,886,171,322,84,369,320,55,193,357,196,74,271,123,280,317,232,367,115,117
