252,476,215,86,488,109,464,163,164,236,454,480,813,339,327,341,355,836,489,68,340,487,324,224,370,158,409,280,296,654,672,1178,227,490,105,537,484,77,225,531,299,103,404,185,450,449,323,457,177,380
476,183,167,81,443,113,446,125,126,159,346,504,804,282,241,254,292,764,418,50,226,406,257,170,274,108,270,208,196,563,646,1218,249,403,92,429,414,79,208,472,308,84,335,178,342,396,294,479,179,261
215,167,34,41,194,47,219,62,50,81,162,230,373,125,106,99,160,334,203,27,112,208,121,74,146,45,124,79,93,262,288,537,102,182,45,216,212,35,91,197,143,43,146,82,181,197,123,225,85,145
86,81,41,4,87,18,73,28,30,31,62,99,143,52,46,50,56,158,89,11,44,89,48,35,70,25,56,49,40,118,130,225,39,81,15,99,79,17,35,84,50,17,57,28,66,71,48,81,27,64
488,443,194,87,273,96,506,163,164,204,444,588,915,326,279,293,347,923,552,69,307,560,306,201,323,122,364,244,270,619,774,1458,281,440,119,547,474,90,241,531,364,104,372,182,406,492,335,527,165,326
109,113,47,18,96,10,100,32,33,56,89,124,201,81,61,66,82,219,126,16,52,101,75,45,98,27,81,55,58,154,165,288,58,105,18,150,104,23,43,115,71,25,89,40,99,102,76,113,39,87
464,446,219,73,506,100,227,141,182,188,356,563,931,299,287,290,349,882,490,59,266,509,288,209,337,127,317,248,221,629,743,1343,270,481,104,515,431,105,245,508,291,113,378,172,366,449,315,516,188,325
163,125,62,28,163,32,141,18,53,69,144,160,282,76,73,81,97,263,132,19,88,143,92,58,97,48,101,60,72,162,222,462,91,138,31,156,147,19,77,154,102,31,110,57,113,142,90,162,57,83
164,126,50,30,164,33,182,53,29,79,138,185,279,123,98,85,120,272,170,12,98,154,105,68,103,34,100,74,76,228,244,494,97,174,42,188,163,27,85,152,107,34,126,62,141,170,95,186,64,103
236,159,81,31,204,56,188,69,79,48,156,205,361,118,123,128,143,345,186,27,138,205,146,84,151,54,143,96,114,269,313,541,115,209,38,215,192,34,79,204,112,51,150,87,187,174,145,187,89,136
454,346,162,62,444,89,356,144,138,156,183,472,758,248,246,249,310,705,459,51,235,439,317,183,304,116,301,207,233,548,593,1141,227,395,77,463,416,72,214,418,271,91,336,164,344,384,266,404,137,301
480,504,230,99,588,124,563,160,185,205,472,322,1040,348,278,336,376,1016,556,73,322,571,302,234,357,137,360,237,258,694,830,1633,345,542,114,572,526,103,256,577,382,129,405,201,448,528,346,573,217,361
813,804,373,143,915,201,931,282,279,361,758,1040,793,557,465,550,640,1442,916,121,480,929,520,357,594,236,629,443,442,1192,1307,2468,463,898,199,967,824,144,467,925,605,186,718,323,706,892,576,894,296,633
339,282,125,52,326,81,299,76,123,118,248,348,557,91,166,188,198,582,334,38,199,336,196,107,226,73,207,172,152,441,513,893,185,275,75,317,293,53,148,355,227,60,234,134,236,312,204,332,127,215
327,241,106,46,279,61,287,73,98,123,246,278,465,166,84,148,170,477,261,30,142,255,160,90,198,64,185,151,139,364,410,719,144,266,45,278,263,39,125,282,202,59,214,105,224,232,191,292,95,186
341,254,99,50,293,66,290,81,85,128,249,336,550,188,148,84,188,553,268,29,152,284,175,93,182,64,181,143,139,357,418,826,166,254,46,277,272,45,125,318,191,58,246,115,216,256,184,325,104,195
355,292,160,56,347,82,349,97,120,143,310,376,640,198,170,188,126,676,350,47,189,353,210,138,246,88,254,168,162,460,511,996,191,349,81,358,331,68,151,400,228,78,277,140,301,348,210,365,149,233
836,764,334,158,923,219,882,263,272,345,705,1016,1442,582,477,553,676,807,932,113,525,936,534,341,607,201,624,459,486,1091,1333,2470,452,836,213,975,807,142,456,936,588,192,727,342,722,841,546,890,327,619
489,418,203,89,552,126,490,132,170,186,459,556,916,334,261,268,350,932,261,61,276,519,302,207,344,131,339,227,248,629,781,1420,265,455,116,518,476,99,245,561,322,114,402,184,397,473,280,543,196,314
68,50,27,11,69,16,59,19,12,27,51,73,121,38,30,29,47,113,61,4,32,66,36,22,54,13,42,28,29,92,92,171,29,52,6,63,56,10,25,58,40,12,48,18,55,57,36,68,23,43
340,226,112,44,307,52,266,88,98,138,235,322,480,199,142,152,189,525,276,32,74,293,162,123,163,64,165,126,133,351,411,820,149,249,61,292,249,48,137,313,196,56,223,111,219,236,152,280,105,189
487,406,208,89,560,101,509,143,154,205,439,571,929,336,255,284,353,936,519,66,293,280,297,203,369,135,334,242,258,683,739,1438,245,461,124,500,464,90,239,546,333,109,391,201,413,488,313,537,195,357
324,257,121,48,306,75,288,92,105,146,317,302,520,196,160,175,210,534,302,36,162,297,86,115,204,75,173,151,137,336,440,792,159,273,60,305,247,56,138,314,209,60,255,113,255,282,181,308,117,238
224,170,74,35,201,45,209,58,68,84,183,234,357,107,90,93,138,341,207,22,123,203,115,42,157,59,140,110,98,262,307,540,114,192,31,196,208,36,93,218,139,48,150,78,145,189,119,224,75,139
370,274,146,70,323,98,337,97,103,151,304,357,594,226,198,182,246,607,344,54,163,369,204,157,110,88,205,162,157,424,528,897,191,307,77,350,341,56,169,338,208,67,263,130,282,330,205,340,114,242
158,108,45,25,122,27,127,48,34,54,116,137,236,73,64,64,88,201,131,13,64,135,75,59,88,15,75,51,68,134,170,371,71,123,23,122,101,25,71,129,93,23,109,44,114,140,83,129,41,91
409,270,124,56,364,81,317,101,100,143,301,360,629,207,185,181,254,624,339,42,165,334,173,140,205,75,99,174,166,420,498,932,188,337,79,333,321,55,171,343,229,67,270,136,278,330,217,359,131,216
280,208,79,49,244,55,248,60,74,96,207,237,443,172,151,143,168,459,227,28,126,242,151,110,162,51,174,50,118,280,380,719,138,231,50,242,243,42,106,269,173,57,185,103,225,210,152,256,90,167
296,196,93,40,270,58,221,72,76,114,233,258,442,152,139,139,162,486,248,29,133,258,137,98,157,68,166,118,63,306,358,704,136,231,49,269,213,42,119,256,164,46,194,68,208,234,162,244,83,158
654,563,262,118,619,154,629,162,228,269,548,694,1192,441,364,357,460,1091,629,92,351,683,336,262,424,134,420,280,306,371,957,1865,332,612,131,658,608,110,298,643,400,101,523,231,500,551,411,680,227,394
672,646,288,130,774,165,743,222,244,313,593,830,1307,513,410,418,511,1333,781,92,411,739,440,307,528,170,498,380,358,957,551,2082,414,723,189,773,699,141,397,730,516,159,552,321,606,702,486,780,277,496
1178,1218,537,225,1458,288,1343,462,494,541,1141,1633,2468,893,719,826,996,2470,1420,171,820,1438,792,540,897,371,932,719,704,1865,2082,1881,742,1339,362,1521,1266,254,743,1399,931,281,1070,504,1110,1338,901,1345,495,939
227,249,102,39,281,58,270,91,97,115,227,345,463,185,144,166,191,452,265,29,149,245,159,114,191,71,188,138,136,332,414,742,72,252,70,301,265,45,129,271,184,55,222,122,231,262,163,259,97,197
490,403,182,81,440,105,481,138,174,209,395,542,898,275,266,254,349,836,455,52,249,461,273,192,307,123,337,231,231,612,723,1339,252,202,88,519,454,77,221,506,305,100,369,172,391,441,283,511,180,323
105,92,45,15,119,18,104,31,42,38,77,114,199,75,45,46,81,213,116,6,61,124,60,31,77,23,79,50,49,131,189,362,70,88,17,129,99,22,58,134,51,26,85,42,92,124,67,103,40,73
537,429,216,99,547,150,515,156,188,215,463,572,967,317,278,277,358,975,518,63,292,500,305,196,350,122,333,242,269,658,773,1521,301,519,129,297,512,85,278,569,339,107,401,217,413,469,361,560,226,318
484,414,212,79,474,104,431,147,163,192,416,526,824,293,263,272,331,807,476,56,249,464,247,208,341,101,321,243,213,608,699,1266,265,454,99,512,229,86,210,498,310,98,349,201,368,445,271,502,177,341
77,79,35,17,90,23,105,19,27,34,72,103,144,53,39,45,68,142,99,10,48,90,56,36,56,25,55,42,42,110,141,254,45,77,22,85,86,6,46,116,59,14,61,28,76,84,57,90,33,52
225,208,91,35,241,43,245,77,85,79,214,256,467,148,125,125,151,456,245,25,137,239,138,93,169,71,171,106,119,298,397,743,129,221,58,278,210,46,54,270,168,49,168,98,201,248,149,251,93,145
531,472,197,84,531,115,508,154,152,204,418,577,925,355,282,318,400,936,561,58,313,546,314,218,338,129,343,269,256,643,730,1399,271,506,134,569,498,116,270,285,332,104,386,198,440,493,324,554,192,371
299,308,143,50,364,71,291,102,107,112,271,382,605,227,202,191,228,588,322,40,196,333,209,139,208,93,229,173,164,400,516,931,184,305,51,339,310,59,168,332,118,75,248,128,276,284,213,355,102,213
103,84,43,17,104,25,113,31,34,51,91,129,186,60,59,58,78,192,114,12,56,109,60,48,67,23,67,57,46,101,159,281,55,100,26,107,98,14,49,104,75,12,86,29,85,106,61,108,56,55
404,335,146,57,372,89,378,110,126,150,336,405,718,234,214,246,277,727,402,48,223,391,255,150,263,109,270,185,194,523,552,1070,222,369,85,401,349,61,168,386,248,86,122,145,325,333,241,399,149,245
185,178,82,28,182,40,172,57,62,87,164,201,323,134,105,115,140,342,184,18,111,201,113,78,130,44,136,103,68,231,321,504,122,172,42,217,201,28,98,198,128,29,145,32,158,199,117,203,58,115
450,342,181,66,406,99,366,113,141,187,344,448,706,236,224,216,301,722,397,55,219,413,255,145,282,114,278,225,208,500,606,1110,231,391,92,413,368,76,201,440,276,85,325,158,185,398,255,437,145,263
449,396,197,71,492,102,449,142,170,174,384,528,892,312,232,256,348,841,473,57,236,488,282,189,330,140,330,210,234,551,702,1338,262,441,124,469,445,84,248,493,284,106,333,199,398,209,284,481,171,318
323,294,123,48,335,76,315,90,95,145,266,346,576,204,191,184,210,546,280,36,152,313,181,119,205,83,217,152,162,411,486,901,163,283,67,361,271,57,149,324,213,61,241,117,255,284,99,320,123,210
457,479,225,81,527,113,516,162,186,187,404,573,894,332,292,325,365,890,543,68,280,537,308,224,340,129,359,256,244,680,780,1345,259,511,103,560,502,90,251,554,355,108,399,203,437,481,320,290,183,388
177,179,85,27,165,39,188,57,64,89,137,217,296,127,95,104,149,327,196,23,105,195,117,75,114,41,131,90,83,227,277,495,97,180,40,226,177,33,93,192,102,56,149,58,145,171,123,183,29,125
380,261,145,64,326,87,325,83,103,136,301,361,633,215,186,195,233,619,314,43,189,357,238,139,242,91,216,167,158,394,496,939,197,323,73,318,341,52,145,371,213,55,245,115,263,318,210,388,125,103
