262,422,209,90,522,107,466,188,175,276,465,514,804,403,314,341,387,819,532,72,292,518,335,209,378,159,374,283,311,621,721,1204,252,471,95,514,469,96,260,487,317,112,353,183,446,401,322,491,193,366
422,176,172,81,454,98,427,121,140,191,380,467,751,280,227,264,303,755,436,44,245,472,220,174,261,101,264,186,224,499,670,1197,253,378,104,456,417,68,212,453,297,97,322,169,343,393,260,453,164,288
209,172,37,34,196,45,191,58,64,95,187,219,359,129,99,112,146,346,198,20,93,208,120,73,135,46,134,95,103,254,311,561,105,175,45,221,192,31,105,198,129,43,169,80,180,194,129,204,74,147
90,81,34,5,94,13,73,27,24,33,73,100,149,72,44,46,62,141,82,6,50,82,51,40,66,23,68,39,43,104,126,227,44,84,23,71,88,14,42,91,66,17,54,25,84,80,68,77,22,66
522,454,196,94,262,113,491,157,180,215,438,576,891,299,263,286,362,857,541,74,297,517,285,221,344,129,356,212,257,615,743,1363,273,489,109,562,506,91,240,492,319,113,388,207,403,474,301,529,202,334
107,98,45,13,113,11,101,36,37,58,102,132,201,100,68,71,76,203,101,8,79,110,70,42,88,24,75,51,56,138,175,289,74,104,25,103,116,22,51,104,77,28,78,46,92,103,92,102,38,76
466,427,191,73,491,101,226,171,143,181,398,556,897,341,247,293,325,888,516,52,274,496,300,172,309,105,319,255,237,575,755,1362,260,455,126,506,400,73,255,506,348,118,361,187,375,425,308,474,171,342
188,121,58,27,157,36,171,17,55,57,133,181,292,104,83,103,108,294,160,20,86,154,108,74,100,39,110,80,68,183,242,436,88,138,32,189,154,27,72,166,100,30,117,44,138,158,98,174,61,112
175,140,64,24,180,37,143,55,17,61,136,195,271,86,75,88,131,268,180,22,110,176,81,54,93,47,113,76,99,225,232,468,85,159,34,162,170,24,96,182,120,45,121,64,119,157,99,160,56,98
276,191,95,33,215,58,181,57,61,35,143,231,350,129,107,104,157,352,225,28,117,227,137,74,150,49,143,118,106,252,321,550,109,183,34,201,182,40,115,197,154,51,136,85,166,177,157,195,65,144
465,380,187,73,438,102,398,133,136,143,164,462,751,252,232,239,316,747,441,57,233,444,282,163,285,124,305,222,234,515,678,1166,228,414,92,456,404,74,232,431,304,97,280,160,362,364,278,432,163,316
514,467,219,100,576,132,556,181,195,231,462,320,1002,381,279,313,424,1034,614,71,304,572,323,226,385,110,363,269,301,723,829,1574,325,509,117,603,510,77,293,598,367,131,445,216,421,551,349,553,196,380
804,751,359,149,891,201,897,292,271,350,751,1002,791,577,485,522,656,1429,922,122,507,931,477,375,589,226,611,454,422,1165,1373,2392,464,842,208,968,841,155,461,953,582,170,667,337,714,828,540,892,329,600
403,280,129,72,299,100,341,104,86,129,252,381,577,111,174,184,239,611,327,45,183,323,187,131,214,86,215,158,163,414,499,933,176,306,60,329,316,54,174,326,185,67,246,138,269,275,202,356,122,209
314,227,99,44,263,68,247,83,75,107,232,279,485,174,67,133,208,488,266,43,159,272,151,105,180,68,188,127,161,317,397,774,143,243,58,271,270,40,134,290,168,52,197,99,205,222,177,274,97,190
341,264,112,46,286,71,293,103,88,104,239,313,522,184,133,83,196,542,302,36,171,324,165,119,213,73,192,144,151,310,450,831,148,295,60,307,294,43,150,310,196,63,224,101,239,274,195,300,92,195
387,303,146,62,362,76,325,108,131,157,316,424,656,239,208,196,136,671,371,55,203,369,181,156,256,89,249,196,185,472,541,1024,210,336,63,394,328,70,158,362,247,82,271,139,314,348,247,335,131,211
819,755,346,141,857,203,888,294,268,352,747,1034,1429,611,488,542,671,790,924,126,551,920,508,383,591,232,637,437,441,1121,1378,2388,482,837,176,973,854,152,438,962,566,180,675,331,759,853,558,901,334,593
532,436,198,82,541,101,516,160,180,225,441,614,922,327,266,302,371,924,255,63,262,479,295,209,338,116,349,241,240,660,742,1399,253,468,120,538,459,84,243,508,339,112,365,191,436,461,315,533,186,334
72,44,20,6,74,8,52,20,22,28,57,71,122,45,43,36,55,126,63,4,32,61,47,28,44,18,44,26,29,74,83,205,44,50,14,70,53,10,29,67,46,14,32,24,47,74,47,65,27,44
292,245,93,50,297,79,274,86,110,117,233,304,507,183,159,171,203,551,262,32,74,259,171,113,163,50,151,140,119,335,432,810,165,265,61,262,272,39,140,307,179,43,218,95,216,262,155,290,109,183
518,472,208,82,517,110,496,154,176,227,444,572,931,323,272,324,369,920,479,61,259,261,310,194,324,126,339,264,258,665,762,1431,290,498,117,565,448,89,271,520,330,116,395,201,388,475,321,555,187,340
335,220,120,51,285,70,300,108,81,137,282,323,477,187,151,165,181,508,295,47,171,310,86,115,184,72,182,142,151,366,443,842,162,290,61,289,279,51,129,330,180,70,242,109,230,261,180,315,99,228
209,174,73,40,221,42,172,74,54,74,163,226,375,131,105,119,156,383,209,28,113,194,115,34,121,54,136,115,92,233,291,580,108,190,49,218,157,32,110,208,116,53,152,68,139,187,125,213,70,134
378,261,135,66,344,88,309,100,93,150,285,385,589,214,180,213,256,591,338,44,163,324,184,121,96,93,212,167,155,426,460,899,188,317,64,346,289,51,168,336,214,77,255,120,244,313,192,330,122,244
159,101,46,23,129,24,105,39,47,49,124,110,226,86,68,73,89,232,116,18,50,126,72,54,93,17,78,65,54,164,187,337,71,109,34,126,111,17,66,141,90,25,79,57,99,125,79,151,49,81
374,264,134,68,356,75,319,110,113,143,305,363,611,215,188,192,249,637,349,44,151,339,182,136,212,78,95,176,150,430,538,937,209,305,79,348,309,56,165,368,226,77,235,122,245,323,196,359,134,225
283,186,95,39,212,51,255,80,76,118,222,269,454,158,127,144,196,437,241,26,140,264,142,115,167,65,176,57,114,288,345,642,146,247,57,262,254,38,119,262,156,46,185,85,174,197,151,278,75,158
311,224,103,43,257,56,237,68,99,106,234,301,422,163,161,151,185,441,240,29,119,258,151,92,155,54,150,114,48,305,329,659,144,267,45,249,239,35,123,264,164,50,212,106,209,229,149,262,108,191
621,499,254,104,615,138,575,183,225,252,515,723,1165,414,317,310,472,1121,660,74,335,665,366,233,426,164,430,288,305,387,980,1848,324,613,125,701,555,105,307,693,416,124,488,236,497,616,362,633,228,438
721,670,311,126,743,175,755,242,232,321,678,829,1373,499,397,450,541,1378,742,83,432,762,443,291,460,187,538,345,329,980,566,2087,413,733,168,817,713,134,375,818,504,151,575,279,590,710,469,802,264,517
1204,1197,561,227,1363,289,1362,436,468,550,1166,1574,2392,933,774,831,1024,2388,1399,205,810,1431,842,580,899,337,937,642,659,1848,2087,1879,709,1280,321,1551,1304,265,719,1464,849,262,1065,535,1107,1258,888,1490,498,985
252,253,105,44,273,74,260,88,85,109,228,325,464,176,143,148,210,482,253,44,165,290,162,108,188,71,209,146,144,324,413,709,53,250,75,308,272,54,131,267,166,49,210,115,223,235,181,281,95,175
471,378,175,84,489,104,455,138,159,183,414,509,842,306,243,295,336,837,468,50,265,498,290,190,317,109,305,247,267,613,733,1280,250,219,100,501,448,89,259,470,309,108,360,175,398,453,306,477,163,319
95,104,45,23,109,25,126,32,34,34,92,117,208,60,58,60,63,176,120,14,61,117,61,49,64,34,79,57,45,125,168,321,75,100,9,126,107,17,52,140,58,20,75,45,96,91,69,120,46,76
514,456,221,71,562,103,506,189,162,201,456,603,968,329,271,307,394,973,538,70,262,565,289,218,346,126,348,262,249,701,817,1551,308,501,126,303,468,72,254,608,378,117,403,175,429,502,314,529,227,350
469,417,192,88,506,116,400,154,170,182,404,510,841,316,270,294,328,854,459,53,272,448,279,157,289,111,309,254,239,555,713,1304,272,448,107,468,225,72,254,486,301,92,360,171,356,412,292,489,182,288
96,68,31,14,91,22,73,27,24,40,74,77,155,54,40,43,70,152,84,10,39,89,51,32,51,17,56,38,35,105,134,265,54,89,17,72,72,5,39,106,47,18,73,40,69,72,60,95,32,53
260,212,105,42,240,51,255,72,96,115,232,293,461,174,134,150,158,438,243,29,140,271,129,110,168,66,165,119,123,307,375,719,131,259,52,254,254,39,61,295,181,55,200,88,220,265,158,269,81,170
487,453,198,91,492,104,506,166,182,197,431,598,953,326,290,310,362,962,508,67,307,520,330,208,336,141,368,262,264,693,818,1464,267,470,140,608,486,106,295,288,378,114,399,201,403,510,343,521,187,373
317,297,129,66,319,77,348,100,120,154,304,367,582,185,168,196,247,566,339,46,179,330,180,116,214,90,226,156,164,416,504,849,166,309,58,378,301,47,181,378,127,67,249,112,236,310,189,344,113,214
112,97,43,17,113,28,118,30,45,51,97,131,170,67,52,63,82,180,112,14,43,116,70,53,77,25,77,46,50,124,151,262,49,108,20,117,92,18,55,114,67,13,85,35,94,83,67,117,41,65
353,322,169,54,388,78,361,117,121,136,280,445,667,246,197,224,271,675,365,32,218,395,242,152,255,79,235,185,212,488,575,1065,210,360,75,403,360,73,200,399,249,85,144,149,312,347,235,404,123,276
183,169,80,25,207,46,187,44,64,85,160,216,337,138,99,101,139,331,191,24,95,201,109,68,120,57,122,85,106,236,279,535,115,175,45,175,171,40,88,201,112,35,149,39,135,167,109,199,81,115
446,343,180,84,403,92,375,138,119,166,362,421,714,269,205,239,314,759,436,47,216,388,230,139,244,99,245,174,209,497,590,1107,223,398,96,429,356,69,220,403,236,94,312,135,150,352,240,434,143,282
401,393,194,80,474,103,425,158,157,177,364,551,828,275,222,274,348,853,461,74,262,475,261,187,313,125,323,197,229,616,710,1258,235,453,91,502,412,72,265,510,310,83,347,167,352,203,296,491,179,290
322,260,129,68,301,92,308,98,99,157,278,349,540,202,177,195,247,558,315,47,155,321,180,125,192,79,196,151,149,362,469,888,181,306,69,314,292,60,158,343,189,67,235,109,240,296,93,331,120,237
491,453,204,77,529,102,474,174,160,195,432,553,892,356,274,300,335,901,533,65,290,555,315,213,330,151,359,278,262,633,802,1490,281,477,120,529,489,95,269,521,344,117,404,199,434,491,331,244,191,315
193,164,74,22,202,38,171,61,56,65,163,196,329,122,97,92,131,334,186,27,109,187,99,70,122,49,134,75,108,228,264,498,95,163,46,227,182,32,81,187,113,41,123,81,143,179,120,191,30,126
366,288,147,66,334,76,342,112,98,144,316,380,600,209,190,195,211,593,334,44,183,340,228,134,244,81,225,158,191,438,517,985,175,319,76,350,288,53,170,373,214,65,276,115,282,290,237,315,126,112
