213,463,212,93,493,108,457,181,177,227,418,477,799,362,324,349,369,782,516,53,343,519,363,227,373,177,398,277,282,582,675,1225,272,435,92,463,473,77,259,430,329,104,353,185,469,401,324,460,170,384
463,194,158,84,402,119,415,134,112,207,413,489,805,272,204,229,280,784,430,66,230,426,238,176,294,134,317,215,224,559,687,1249,262,418,108,456,409,58,214,472,282,95,334,160,352,392,260,455,159,281
212,158,45,38,182,59,209,59,75,75,163,198,336,124,117,109,172,378,194,25,104,210,129,66,139,49,134,85,95,237,300,561,112,205,44,216,195,33,94,192,109,51,148,79,156,176,133,206,89,129
93,84,38,6,92,12,69,28,31,34,71,82,147,49,63,57,66,141,86,9,61,83,66,39,60,35,73,36,64,110,126,198,46,79,11,81,68,16,44,91,54,19,62,26,70,84,64,68,17,54
493,402,182,92,255,119,458,155,152,199,404,577,902,323,279,311,339,911,482,68,296,484,305,184,329,120,347,238,296,645,738,1374,246,461,115,518,484,86,238,498,303,111,399,200,399,456,334,519,170,340
108,119,59,12,119,11,93,38,32,55,100,123,194,66,76,66,92,187,123,20,67,105,70,45,86,30,86,61,67,140,161,283,65,102,33,127,95,17,48,119,73,25,71,35,89,102,66,96,33,74
457,415,209,69,458,93,233,163,179,205,384,510,861,255,260,279,400,811,483,54,262,445,313,196,316,141,332,221,257,582,710,1246,254,450,103,525,402,72,256,505,324,94,342,172,327,408,311,454,174,314
181,134,59,28,155,38,163,23,51,82,156,160,265,93,95,89,102,268,133,17,77,155,80,63,112,38,90,74,84,189,232,430,78,151,41,177,126,23,74,174,113,30,135,59,111,129,100,158,65,106
177,112,75,31,152,32,179,51,19,72,123,161,278,99,102,100,123,291,152,16,78,174,100,71,118,41,102,80,78,197,235,449,91,152,39,167,150,29,75,159,103,34,141,61,141,179,103,175,59,111
227,207,75,34,199,55,205,82,72,43,184,233,370,122,113,111,137,357,207,22,127,204,120,87,158,53,135,92,105,242,307,566,100,206,44,211,199,38,102,212,144,45,146,69,160,179,134,205,74,137
418,413,163,71,404,100,384,156,123,184,196,451,753,265,212,268,306,759,429,49,256,420,235,160,281,91,284,181,210,565,638,1165,220,392,82,433,386,55,211,443,287,87,321,154,332,392,260,425,170,291
477,489,198,82,577,123,510,160,161,233,451,308,946,336,309,346,421,971,555,62,303,569,318,206,360,135,383,242,288,704,808,1492,293,513,138,597,522,96,262,561,373,122,454,180,441,523,370,547,193,370
799,805,336,147,902,194,861,265,278,370,753,946,770,592,466,493,598,1335,900,99,481,891,532,346,581,244,620,438,451,1148,1319,2346,493,821,217,978,783,142,433,918,553,191,691,327,707,840,573,937,295,607
362,272,124,49,323,66,255,93,99,122,265,336,592,99,156,190,234,566,331,41,183,315,228,122,210,83,214,157,161,391,465,917,178,310,65,314,264,48,153,340,238,63,256,128,230,301,204,334,118,220
324,204,117,63,279,76,260,95,102,113,212,309,466,156,57,128,221,481,264,35,140,267,174,84,178,54,150,120,129,344,402,735,132,234,64,286,265,48,141,287,168,68,226,106,205,235,174,286,105,188
349,229,109,57,311,66,279,89,100,111,268,346,493,190,128,82,224,527,263,38,158,299,174,111,196,64,170,119,115,334,442,804,160,267,55,306,282,50,157,320,179,61,227,100,234,269,195,289,99,178
369,280,172,66,339,92,400,102,123,137,306,421,598,234,221,224,149,610,384,48,175,386,214,145,229,103,244,171,190,447,548,1005,204,354,78,359,374,62,165,379,209,71,275,144,322,315,238,342,139,253
782,784,378,141,911,187,811,268,291,357,759,971,1335,566,481,527,610,723,925,105,537,924,529,341,569,226,611,449,440,1072,1300,2292,455,827,216,986,801,154,431,894,568,202,676,327,709,812,564,905,312,562
516,430,194,86,482,123,483,133,152,207,429,555,900,331,264,263,384,925,252,77,268,458,302,214,361,147,352,256,252,638,746,1409,270,464,118,552,442,75,249,550,307,88,356,184,410,472,327,507,200,343
53,66,25,9,68,20,54,17,16,22,49,62,99,41,35,38,48,105,77,2,33,67,55,20,50,17,41,28,29,66,81,149,35,77,14,64,52,9,25,61,40,6,30,16,48,60,48,67,33,42
343,230,104,61,296,67,262,77,78,127,256,303,481,183,140,158,175,537,268,33,75,260,153,111,169,76,193,111,132,383,414,801,171,275,50,288,283,47,130,302,196,54,209,118,190,237,176,302,88,178
519,426,210,83,484,105,445,155,174,204,420,569,891,315,267,299,386,924,458,67,260,243,309,197,356,147,353,225,258,610,768,1411,270,443,128,538,444,89,256,554,342,96,344,183,414,459,324,507,178,355
363,238,129,66,305,70,313,80,100,120,235,318,532,228,174,174,214,529,302,55,153,309,78,118,172,79,208,138,145,391,491,837,178,289,67,296,282,47,136,332,183,55,245,110,241,291,189,327,103,204
227,176,66,39,184,45,196,63,71,87,160,206,346,122,84,111,145,341,214,20,111,197,118,39,135,57,129,90,108,235,296,593,107,185,39,215,188,31,101,225,150,29,156,72,173,168,134,202,80,152
373,294,139,60,329,86,316,112,118,158,281,360,581,210,178,196,229,569,361,50,169,356,172,135,95,68,210,153,152,425,526,889,173,337,85,327,305,49,140,343,211,72,271,131,253,307,211,326,130,245
177,134,49,35,120,30,141,38,41,53,91,135,244,83,54,64,103,226,147,17,76,147,79,57,68,18,80,48,69,159,227,410,67,130,23,148,132,23,64,147,76,26,102,43,95,133,64,151,50,91
398,317,134,73,347,86,332,90,102,135,284,383,620,214,150,170,244,611,352,41,193,353,208,129,210,80,114,130,148,427,555,994,191,319,70,376,321,55,172,350,216,63,285,115,248,316,223,383,124,238
277,215,85,36,238,61,221,74,80,92,181,242,438,157,120,119,171,449,256,28,111,225,138,90,153,48,130,56,91,271,345,671,143,225,55,247,232,41,132,276,168,43,177,92,186,215,152,247,92,159
282,224,95,64,296,67,257,84,78,105,210,288,451,161,129,115,190,440,252,29,132,258,145,108,152,69,148,91,47,327,346,705,112,270,67,288,282,43,116,294,157,51,205,84,199,252,154,279,92,183
582,559,237,110,645,140,582,189,197,242,565,704,1148,391,344,334,447,1072,638,66,383,610,391,235,425,159,427,271,327,404,1005,1706,338,605,151,676,564,103,331,633,418,133,459,220,468,631,374,654,215,434
675,687,300,126,738,161,710,232,235,307,638,808,1319,465,402,442,548,1300,746,81,414,768,491,296,526,227,555,345,346,1005,598,2064,398,759,177,793,658,127,366,754,464,171,531,270,616,711,472,791,259,521
1225,1249,561,198,1374,283,1246,430,449,566,1165,1492,2346,917,735,804,1005,2292,1409,149,801,1411,837,593,889,410,994,671,705,1706,2064,1768,684,1200,297,1520,1289,237,678,1451,876,288,979,496,1116,1258,795,1401,433,916
272,262,112,46,246,65,254,78,91,100,220,293,493,178,132,160,204,455,270,35,171,270,178,107,173,67,191,143,112,338,398,684,83,254,64,323,246,56,135,296,198,60,210,88,217,261,174,249,87,179
435,418,205,79,461,102,450,151,152,206,392,513,821,310,234,267,354,827,464,77,275,443,289,185,337,130,319,225,270,605,759,1200,254,203,96,487,422,78,229,476,296,97,362,166,410,423,325,485,159,327
92,108,44,11,115,33,103,41,39,44,82,138,217,65,64,55,78,216,118,14,50,128,67,39,85,23,70,55,67,151,177,297,64,96,12,110,107,35,57,123,67,24,88,48,93,95,68,109,34,74
463,456,216,81,518,127,525,177,167,211,433,597,978,314,286,306,359,986,552,64,288,538,296,215,327,148,376,247,288,676,793,1520,323,487,110,236,478,76,268,540,349,112,420,181,442,475,333,527,191,365
473,409,195,68,484,95,402,126,150,199,386,522,783,264,265,282,374,801,442,52,283,444,282,188,305,132,321,232,282,564,658,1289,246,422,107,478,211,80,238,469,331,96,370,167,368,400,315,441,159,307
77,58,33,16,86,17,72,23,29,38,55,96,142,48,48,50,62,154,75,9,47,89,47,31,49,23,55,41,43,103,127,237,56,78,35,76,80,10,53,74,56,15,58,31,53,77,57,92,26,64
259,214,94,44,238,48,256,74,75,102,211,262,433,153,141,157,165,431,249,25,130,256,136,101,140,64,172,132,116,331,366,678,135,229,57,268,238,53,65,242,173,52,196,92,158,233,175,237,98,163
430,472,192,91,498,119,505,174,159,212,443,561,918,340,287,320,379,894,550,61,302,554,332,225,343,147,350,276,294,633,754,1451,296,476,123,540,469,74,242,268,352,108,393,183,413,493,332,559,195,372
329,282,109,54,303,73,324,113,103,144,287,373,553,238,168,179,209,568,307,40,196,342,183,150,211,76,216,168,157,418,464,876,198,296,67,349,331,56,173,352,106,56,228,109,267,291,216,331,115,213
104,95,51,19,111,25,94,30,34,45,87,122,191,63,68,61,71,202,88,6,54,96,55,29,72,26,63,43,51,133,171,288,60,97,24,112,96,15,52,108,56,7,63,40,87,104,75,116,48,83
353,334,148,62,399,71,342,135,141,146,321,454,691,256,226,227,275,676,356,30,209,344,245,156,271,102,285,177,205,459,531,979,210,362,88,420,370,58,196,393,228,63,137,136,298,361,229,381,134,254
185,160,79,26,200,35,172,59,61,69,154,180,327,128,106,100,144,327,184,16,118,183,110,72,131,43,115,92,84,220,270,496,88,166,48,181,167,31,92,183,109,40,136,30,150,189,123,184,76,122
469,352,156,70,399,89,327,111,141,160,332,441,707,230,205,234,322,709,410,48,190,414,241,173,253,95,248,186,199,468,616,1116,217,410,93,442,368,53,158,413,267,87,298,150,159,369,248,400,153,288
401,392,176,84,456,102,408,129,179,179,392,523,840,301,235,269,315,812,472,60,237,459,291,168,307,133,316,215,252,631,711,1258,261,423,95,475,400,77,233,493,291,104,361,189,369,193,307,456,178,321
324,260,133,64,334,66,311,100,103,134,260,370,573,204,174,195,238,564,327,48,176,324,189,134,211,64,223,152,154,374,472,795,174,325,68,333,315,57,175,332,216,75,229,123,248,307,102,320,127,220
460,455,206,68,519,96,454,158,175,205,425,547,937,334,286,289,342,905,507,67,302,507,327,202,326,151,383,247,279,654,791,1401,249,485,109,527,441,92,237,559,331,116,381,184,400,456,320,249,192,352
170,159,89,17,170,33,174,65,59,74,170,193,295,118,105,99,139,312,200,33,88,178,103,80,130,50,124,92,92,215,259,433,87,159,34,191,159,26,98,195,115,48,134,76,153,178,127,192,26,146
384,281,129,54,340,74,314,106,111,137,291,370,607,220,188,178,253,562,343,42,178,355,204,152,245,91,238,159,183,434,521,916,179,327,74,365,307,64,163,372,213,83,254,122,288,321,220,352,146,112
