288,449,222,80,485,98,483,167,178,237,460,569,844,389,302,325,346,823,488,63,304,479,327,209,351,158,397,287,280,625,708,1206,257,459,105,558,481,94,236,468,304,80,368,166,441,448,313,519,157,395
449,179,201,60,453,91,401,110,149,170,371,505,835,258,219,233,331,848,445,56,231,469,246,171,269,103,285,173,185,579,641,1218,229,418,104,464,384,70,219,482,284,95,349,147,357,426,248,473,179,290
222,201,29,36,200,48,199,66,55,76,174,243,375,118,127,121,155,370,207,22,98,217,115,77,125,42,125,87,97,269,325,548,109,200,45,206,182,36,116,215,134,42,153,67,152,187,119,235,96,134
80,60,36,6,101,16,71,27,33,34,60,93,145,57,57,58,61,150,93,11,53,83,58,37,66,19,55,48,41,106,122,207,45,101,26,94,57,20,40,60,50,16,49,22,72,62,62,86,32,58
485,453,200,101,303,142,504,149,165,203,434,554,940,338,270,277,384,952,534,76,271,528,284,210,367,131,356,228,267,659,782,1445,316,485,102,542,475,88,242,570,360,107,418,226,429,520,362,527,200,360
98,91,48,16,142,13,112,32,34,49,86,130,208,89,74,69,81,197,111,20,66,125,84,45,81,41,85,59,52,139,163,304,49,121,27,119,95,19,59,103,77,25,74,35,98,82,72,103,39,82
483,401,199,71,504,112,224,134,156,185,403,567,955,328,253,280,343,917,504,56,288,487,297,171,331,122,306,212,243,631,749,1381,266,480,113,543,471,77,236,507,293,93,370,172,361,437,297,482,189,320
167,110,66,27,149,32,134,23,42,67,134,176,269,97,67,79,99,291,160,16,83,149,86,44,103,39,93,81,80,171,233,433,73,151,38,176,169,15,81,144,92,32,131,53,115,143,99,180,54,106
178,149,55,33,165,34,156,42,15,69,141,194,325,99,77,82,117,317,200,28,85,176,100,57,103,50,118,90,70,208,243,491,98,162,35,165,159,21,80,184,110,33,139,57,115,157,113,173,61,125
237,170,76,34,203,49,185,67,69,43,172,229,348,121,112,122,159,341,218,28,128,211,124,68,142,60,141,88,132,232,315,559,92,187,42,225,199,39,108,222,133,37,147,63,158,179,116,212,71,152
460,371,174,60,434,86,403,134,141,172,190,489,748,282,228,231,309,724,459,42,239,459,267,145,273,125,265,209,226,541,631,1131,208,401,108,461,394,80,213,450,294,86,318,149,355,364,281,410,149,316
569,505,243,93,554,130,567,176,194,229,489,323,1072,347,285,300,440,1059,607,67,327,615,339,251,400,145,377,230,286,727,895,1704,329,550,122,605,536,94,293,644,383,112,432,198,483,549,334,581,222,385
844,835,375,145,940,208,955,269,325,348,748,1072,836,577,483,549,663,1493,911,115,512,948,528,365,607,226,617,450,453,1239,1384,2498,483,882,215,1029,844,162,482,1003,608,178,684,351,710,839,572,962,348,621
389,258,118,57,338,89,328,97,99,121,282,347,577,118,192,189,247,573,312,46,181,338,206,128,218,74,203,152,174,390,485,907,187,354,78,351,316,51,147,345,199,61,248,118,277,275,195,327,121,206
302,219,127,57,270,74,253,67,77,112,228,285,483,192,77,148,202,459,247,40,143,265,167,102,155,61,170,130,120,328,413,748,130,252,60,274,264,33,123,283,146,43,212,105,188,274,154,305,95,178
325,233,121,58,277,69,280,79,82,122,231,300,549,189,148,80,200,540,269,35,128,305,172,124,188,55,175,119,144,357,469,810,175,247,63,293,263,32,139,335,178,41,233,96,235,283,178,302,107,203
346,331,155,61,384,81,343,99,117,159,309,440,663,247,202,200,124,673,375,41,182,358,220,135,234,80,246,167,196,452,534,1090,203,334,77,373,342,69,171,384,248,74,266,141,313,355,232,351,139,255
823,848,370,150,952,197,917,291,317,341,724,1059,1493,573,459,540,673,824,954,121,494,985,511,391,582,239,633,427,434,1205,1400,2537,471,878,210,976,824,163,477,1002,593,170,701,354,682,798,558,962,324,661
488,445,207,93,534,111,504,160,200,218,459,607,911,312,247,269,375,954,261,65,267,481,302,204,318,141,323,231,256,670,751,1408,302,465,141,540,456,89,232,561,318,74,404,189,405,492,341,517,218,357
63,56,22,11,76,20,56,16,28,28,42,67,115,46,40,35,41,121,65,4,28,63,27,23,35,12,36,35,26,79,102,196,33,70,11,69,62,4,29,57,42,13,45,21,45,57,32,70,26,41
304,231,98,53,271,66,288,83,85,128,239,327,512,181,143,128,182,494,267,28,73,265,166,115,181,78,185,117,141,331,454,750,144,243,61,273,254,52,144,304,187,53,212,95,231,225,166,315,117,174
479,469,217,83,528,125,487,149,176,211,459,615,948,338,265,305,358,985,481,63,265,255,323,198,343,137,337,251,267,629,747,1487,297,480,133,532,482,78,233,521,340,102,384,186,434,492,341,532,205,346
327,246,115,58,284,84,297,86,100,124,267,339,528,206,167,172,220,511,302,27,166,323,83,121,193,62,196,132,159,352,456,814,157,275,57,304,317,41,120,328,169,53,233,114,240,273,185,307,107,211
209,171,77,37,210,45,171,44,57,68,145,251,365,128,102,124,135,391,204,23,115,198,121,30,116,44,132,113,98,280,291,572,117,207,47,218,209,34,93,223,141,43,176,82,151,198,118,207,88,141
351,269,125,66,367,81,331,103,103,142,273,400,607,218,155,188,234,582,318,35,181,343,193,116,106,85,200,151,160,445,457,872,197,300,82,320,317,56,154,358,223,67,238,135,224,310,215,352,128,228
158,103,42,19,131,41,122,39,50,60,125,145,226,74,61,55,80,239,141,12,78,137,62,44,85,22,83,55,61,150,220,363,68,111,36,117,126,22,74,142,96,28,90,50,95,133,72,132,59,91
397,285,125,55,356,85,306,93,118,141,265,377,617,203,170,175,246,633,323,36,185,337,196,132,200,83,107,158,148,423,507,940,195,325,98,341,341,47,163,372,226,73,247,129,259,304,219,345,140,244
287,173,87,48,228,59,212,81,90,88,209,230,450,152,130,119,167,427,231,35,117,251,132,113,151,55,158,52,110,289,338,699,141,221,60,262,222,37,113,243,150,53,177,91,186,209,138,232,93,167
280,185,97,41,267,52,243,80,70,132,226,286,453,174,120,144,196,434,256,26,141,267,159,98,160,61,148,110,65,294,386,689,138,247,60,254,257,49,123,270,157,69,214,75,168,249,155,257,105,199
625,579,269,106,659,139,631,171,208,232,541,727,1239,390,328,357,452,1205,670,79,331,629,352,280,445,150,423,289,294,451,986,1849,354,603,139,637,642,126,321,672,413,115,492,242,525,587,375,665,257,428
708,641,325,122,782,163,749,233,243,315,631,895,1384,485,413,469,534,1400,751,102,454,747,456,291,457,220,507,338,386,986,573,2140,416,715,201,862,726,138,379,805,525,164,559,282,629,728,472,795,311,522
1206,1218,548,207,1445,304,1381,433,491,559,1131,1704,2498,907,748,810,1090,2537,1408,196,750,1487,814,572,872,363,940,699,689,1849,2140,1915,715,1339,317,1635,1321,256,737,1565,962,296,1081,553,1092,1345,910,1507,529,961
257,229,109,45,316,49,266,73,98,92,208,329,483,187,130,175,203,471,302,33,144,297,157,117,197,68,195,141,138,354,416,715,67,232,62,301,248,51,132,307,161,59,209,108,214,260,187,294,94,188
459,418,200,101,485,121,480,151,162,187,401,550,882,354,252,247,334,878,465,70,243,480,275,207,300,111,325,221,247,603,715,1339,232,241,123,523,443,75,247,501,306,121,348,167,379,431,319,463,184,319
105,104,45,26,102,27,113,38,35,42,108,122,215,78,60,63,77,210,141,11,61,133,57,47,82,36,98,60,60,139,201,317,62,123,7,117,116,28,49,136,65,25,98,38,84,95,83,119,44,77
558,464,206,94,542,119,543,176,165,225,461,605,1029,351,274,293,373,976,540,69,273,532,304,218,320,117,341,262,254,637,862,1635,301,523,117,293,522,98,302,555,365,120,422,189,444,521,336,567,198,361
481,384,182,57,475,95,471,169,159,199,394,536,844,316,264,263,342,824,456,62,254,482,317,209,317,126,341,222,257,642,726,1321,248,443,116,522,221,83,236,520,306,103,377,190,400,420,294,514,177,317
94,70,36,20,88,19,77,15,21,39,80,94,162,51,33,32,69,163,89,4,52,78,41,34,56,22,47,37,49,126,138,256,51,75,28,98,83,3,47,93,59,16,84,36,75,71,62,104,43,50
236,219,116,40,242,59,236,81,80,108,213,293,482,147,123,139,171,477,232,29,144,233,120,93,154,74,163,113,123,321,379,737,132,247,49,302,236,47,65,277,161,53,208,105,194,237,144,261,73,168
468,482,215,60,570,103,507,144,184,222,450,644,1003,345,283,335,384,1002,561,57,304,521,328,223,358,142,372,243,270,672,805,1565,307,501,136,555,520,93,277,309,381,111,467,220,437,504,341,593,212,358
304,284,134,50,360,77,293,92,110,133,294,383,608,199,146,178,248,593,318,42,187,340,169,141,223,96,226,150,157,413,525,962,161,306,65,365,306,59,161,381,109,63,272,117,253,341,194,355,124,219
80,95,42,16,107,25,93,32,33,37,86,112,178,61,43,41,74,170,74,13,53,102,53,43,67,28,73,53,69,115,164,296,59,121,25,120,103,16,53,111,63,6,83,38,83,89,71,116,38,73
368,349,153,49,418,74,370,131,139,147,318,432,684,248,212,233,266,701,404,45,212,384,233,176,238,90,247,177,214,492,559,1081,209,348,98,422,377,84,208,467,272,83,151,144,320,367,243,407,160,258
166,147,67,22,226,35,172,53,57,63,149,198,351,118,105,96,141,354,189,21,95,186,114,82,135,50,129,91,75,242,282,553,108,167,38,189,190,36,105,220,117,38,144,36,151,192,115,179,70,118
441,357,152,72,429,98,361,115,115,158,355,483,710,277,188,235,313,682,405,45,231,434,240,151,224,95,259,186,168,525,629,1092,214,379,84,444,400,75,194,437,253,83,320,151,135,405,247,409,128,271
448,426,187,62,520,82,437,143,157,179,364,549,839,275,274,283,355,798,492,57,225,492,273,198,310,133,304,209,249,587,728,1345,260,431,95,521,420,71,237,504,341,89,367,192,405,221,293,516,188,298
313,248,119,62,362,72,297,99,113,116,281,334,572,195,154,178,232,558,341,32,166,341,185,118,215,72,219,138,155,375,472,910,187,319,83,336,294,62,144,341,194,71,243,115,247,293,108,354,129,223
519,473,235,86,527,103,482,180,173,212,410,581,962,327,305,302,351,962,517,70,315,532,307,207,352,132,345,232,257,665,795,1507,294,463,119,567,514,104,261,593,355,116,407,179,409,516,354,268,194,346
157,179,96,32,200,39,189,54,61,71,149,222,348,121,95,107,139,324,218,26,117,205,107,88,128,59,140,93,105,257,311,529,94,184,44,198,177,43,73,212,124,38,160,70,128,188,129,194,31,146
395,290,134,58,360,82,320,106,125,152,316,385,621,206,178,203,255,661,357,41,174,346,211,141,228,91,244,167,199,428,522,961,188,319,77,361,317,50,168,358,219,73,258,118,271,298,223,346,146,143
