247,438,216,94,548,107,469,195,165,242,428,527,758,382,327,350,356,793,506,85,345,447,348,197,374,156,391,287,309,561,657,1186,250,497,122,503,469,90,235,425,334,103,361,168,427,429,326,496,176,388
438,174,162,73,443,89,433,134,128,175,383,477,775,284,228,231,307,743,434,52,222,441,269,176,297,104,271,223,189,514,666,1151,229,421,107,438,439,67,225,452,282,83,344,144,355,399,257,471,143,307
216,162,40,38,189,46,187,67,69,83,181,225,367,136,115,123,140,346,217,16,103,202,104,74,116,40,106,104,106,242,291,593,134,160,43,236,192,35,90,218,122,46,145,77,153,190,121,208,79,133
94,73,38,3,74,18,69,35,30,32,76,91,140,63,43,57,49,148,84,12,43,82,44,29,58,21,47,46,49,97,121,226,41,69,19,91,66,13,39,76,56,20,69,30,66,68,51,95,22,44
548,443,189,74,257,108,463,148,170,210,390,547,857,309,268,295,370,867,530,61,269,524,319,219,297,126,305,218,272,612,757,1439,303,469,120,524,455,88,253,552,315,116,378,184,389,467,335,515,177,350
107,89,46,18,108,12,102,51,41,44,81,135,191,74,65,79,75,182,108,14,65,117,81,49,69,33,72,60,69,136,161,279,55,103,34,120,98,15,63,106,72,22,87,38,109,92,69,116,36,68
469,433,187,69,463,102,213,158,151,201,415,524,831,322,246,277,341,840,491,72,260,514,265,183,311,130,312,210,225,612,728,1250,256,422,125,509,438,80,235,468,302,94,344,157,368,434,288,459,170,319
195,134,67,35,148,51,158,19,50,69,123,182,259,109,86,86,106,303,190,20,104,157,97,69,113,37,102,67,79,170,204,424,76,153,39,162,163,23,76,169,102,31,121,47,132,135,100,154,49,106
165,128,69,30,170,41,151,50,27,73,144,176,288,116,93,96,128,291,176,16,97,157,100,61,97,45,86,66,73,207,272,484,96,152,37,169,155,29,61,174,118,30,125,61,135,167,102,172,68,117
242,175,83,32,210,44,201,69,73,43,164,251,391,125,110,119,163,389,212,24,108,211,116,80,153,61,139,126,111,275,328,540,101,206,53,195,192,31,102,237,167,44,163,74,162,185,129,209,73,132
428,383,181,76,390,81,415,123,144,164,178,479,782,256,250,291,289,761,419,54,250,430,258,166,290,125,305,210,212,541,631,1136,230,401,112,391,395,72,221,479,274,91,290,156,353,418,283,426,154,289
527,477,225,91,547,135,524,182,176,251,479,303,994,364,291,324,354,1041,550,59,327,586,324,241,352,161,378,277,272,732,817,1518,304,510,142,565,491,90,271,562,386,116,424,215,442,510,379,573,191,360
758,775,367,140,857,191,831,259,288,391,782,994,836,612,468,510,610,1525,941,130,526,929,520,375,611,223,594,446,431,1164,1338,2380,477,850,223,896,871,134,449,943,601,170,610,340,718,822,564,922,318,570
382,284,136,63,309,74,322,109,116,125,256,364,612,87,174,189,239,581,352,33,175,363,178,116,214,82,192,148,163,393,515,922,171,313,72,325,308,67,183,355,205,73,245,123,245,299,195,368,111,235
327,228,115,43,268,65,246,86,93,110,250,291,468,174,77,155,190,469,290,36,140,251,160,115,188,77,174,137,128,308,394,751,166,238,70,279,238,51,148,269,171,73,179,101,212,242,176,260,99,199
350,231,123,57,295,79,277,86,96,119,291,324,510,189,155,80,182,514,282,33,156,306,175,134,210,78,202,135,150,313,436,830,158,246,78,265,296,53,154,302,199,64,234,104,253,270,196,299,117,215
356,307,140,49,370,75,341,106,128,163,289,354,610,239,190,182,118,629,345,43,190,346,203,168,250,94,244,170,186,429,502,1023,194,351,104,335,315,61,164,385,241,68,278,128,305,341,244,368,153,250
793,743,346,148,867,182,840,303,291,389,761,1041,1525,581,469,514,629,805,887,117,538,905,509,366,593,210,588,418,451,1148,1307,2395,455,831,208,936,839,145,459,937,562,158,632,323,688,817,527,931,317,605
506,434,217,84,530,108,491,190,176,212,419,550,941,352,290,282,345,887,267,80,270,484,261,197,319,120,346,234,266,656,734,1420,267,532,112,520,465,87,267,537,343,118,370,196,409,456,336,542,184,348
85,52,16,12,61,14,72,20,16,24,54,59,130,33,36,33,43,117,80,1,36,64,38,35,27,14,33,34,26,85,92,202,38,56,11,77,52,12,36,77,37,18,52,25,47,50,45,95,20,41
345,222,103,43,269,65,260,104,97,108,250,327,526,175,140,156,190,538,270,36,61,285,159,114,191,83,190,125,135,359,422,776,146,241,61,256,240,48,134,295,180,64,182,113,224,241,172,297,94,190
447,441,202,82,524,117,514,157,157,211,430,586,929,363,251,306,346,905,484,64,285,239,291,215,311,136,365,249,250,622,729,1409,280,502,123,532,507,97,255,573,343,98,378,203,398,450,327,542,169,352
348,269,104,44,319,81,265,97,100,116,258,324,520,178,160,175,203,509,261,38,159,291,90,121,181,70,202,143,127,331,426,837,180,280,71,299,290,52,148,318,187,50,246,96,238,283,172,325,106,205
197,176,74,29,219,49,183,69,61,80,166,241,375,116,115,134,168,366,197,35,114,215,121,43,115,54,123,94,93,240,327,508,115,192,40,201,191,35,110,204,141,42,146,73,154,196,124,206,58,133
374,297,116,58,297,69,311,113,97,153,290,352,611,214,188,210,250,593,319,27,191,311,181,115,97,85,207,163,151,382,475,921,188,322,73,341,303,53,192,366,235,65,257,114,247,310,173,371,115,226
156,104,40,21,126,33,130,37,45,61,125,161,223,82,77,78,94,210,120,14,83,136,70,54,85,14,85,57,47,135,196,343,72,137,24,138,131,20,51,136,93,26,95,36,106,116,78,130,53,82
391,271,106,47,305,72,312,102,86,139,305,378,594,192,174,202,244,588,346,33,190,365,202,123,207,85,121,155,138,396,532,913,167,321,79,350,317,53,165,343,243,52,264,121,261,300,196,374,114,228
287,223,104,46,218,60,210,67,66,126,210,277,446,148,137,135,170,418,234,34,125,249,143,94,163,57,155,53,114,258,342,661,152,229,53,234,225,33,120,250,131,44,173,72,175,215,153,233,88,164
309,189,106,49,272,69,225,79,73,111,212,272,431,163,128,150,186,451,266,26,135,250,127,93,151,47,138,114,51,290,381,723,148,232,56,255,217,53,129,299,171,54,205,99,177,213,139,269,90,175
561,514,242,97,612,136,612,170,207,275,541,732,1164,393,308,313,429,1148,656,85,359,622,331,240,382,135,396,258,290,422,926,1758,310,548,154,617,559,105,276,671,386,129,451,247,452,607,372,666,231,434
657,666,291,121,757,161,728,204,272,328,631,817,1338,515,394,436,502,1307,734,92,422,729,426,327,475,196,532,342,381,926,554,1983,399,727,199,814,713,127,342,792,504,174,552,300,648,699,479,789,294,463
1186,1151,593,226,1439,279,1250,424,484,540,1136,1518,2380,922,751,830,1023,2395,1420,202,776,1409,837,508,921,343,913,661,723,1758,1983,1872,724,1303,327,1525,1283,229,709,1427,932,277,1018,509,1090,1201,841,1382,496,929
250,229,134,41,303,55,256,76,96,101,230,304,477,171,166,158,194,455,267,38,146,280,180,115,188,72,167,152,148,310,399,724,76,258,52,286,225,44,144,280,186,54,192,94,241,240,175,266,107,181
497,421,160,69,469,103,422,153,152,206,401,510,850,313,238,246,351,831,532,56,241,502,280,192,322,137,321,229,232,548,727,1303,258,211,111,454,448,88,231,536,299,101,372,148,382,438,301,460,176,334
122,107,43,19,120,34,125,39,37,53,112,142,223,72,70,78,104,208,112,11,61,123,71,40,73,24,79,53,56,154,199,327,52,111,4,127,105,15,57,124,87,26,71,39,80,110,58,123,35,73
503,438,236,91,524,120,509,162,169,195,391,565,896,325,279,265,335,936,520,77,256,532,299,201,341,138,350,234,255,617,814,1525,286,454,127,269,439,89,251,548,359,117,390,175,410,473,369,574,211,361
469,439,192,66,455,98,438,163,155,192,395,491,871,308,238,296,315,839,465,52,240,507,290,191,303,131,317,225,217,559,713,1283,225,448,105,439,222,75,230,467,302,97,366,168,346,440,283,455,163,330
90,67,35,13,88,15,80,23,29,31,72,90,134,67,51,53,61,145,87,12,48,97,52,35,53,20,53,33,53,105,127,229,44,88,15,89,75,5,49,102,55,16,64,27,69,75,53,83,28,48
235,225,90,39,253,63,235,76,61,102,221,271,449,183,148,154,164,459,267,36,134,255,148,110,192,51,165,120,129,276,342,709,144,231,57,251,230,49,63,257,178,44,208,84,219,225,172,271,97,160
425,452,218,76,552,106,468,169,174,237,479,562,943,355,269,302,385,937,537,77,295,573,318,204,366,136,343,250,299,671,792,1427,280,536,124,548,467,102,257,260,332,106,361,201,417,534,347,532,198,367
334,282,122,56,315,72,302,102,118,167,274,386,601,205,171,199,241,562,343,37,180,343,187,141,235,93,243,131,171,386,504,932,186,299,87,359,302,55,178,332,97,75,229,112,271,300,211,322,141,223
103,83,46,20,116,22,94,31,30,44,91,116,170,73,73,64,68,158,118,18,64,98,50,42,65,26,52,44,54,129,174,277,54,101,26,117,97,16,44,106,75,7,79,47,79,93,76,93,39,70
361,344,145,69,378,87,344,121,125,163,290,424,610,245,179,234,278,632,370,52,182,378,246,146,257,95,264,173,205,451,552,1018,192,372,71,390,366,64,208,361,229,79,133,158,294,331,214,365,121,276
168,144,77,30,184,38,157,47,61,74,156,215,340,123,101,104,128,323,196,25,113,203,96,73,114,36,121,72,99,247,300,509,94,148,39,175,168,27,84,201,112,47,158,36,139,177,109,180,75,120
427,355,153,66,389,109,368,132,135,162,353,442,718,245,212,253,305,688,409,47,224,398,238,154,247,106,261,175,177,452,648,1090,241,382,80,410,346,69,219,417,271,79,294,139,142,385,228,412,150,255
429,399,190,68,467,92,434,135,167,185,418,510,822,299,242,270,341,817,456,50,241,450,283,196,310,116,300,215,213,607,699,1201,240,438,110,473,440,75,225,534,300,93,331,177,385,202,305,460,176,281
326,257,121,51,335,69,288,100,102,129,283,379,564,195,176,196,244,527,336,45,172,327,172,124,173,78,196,153,139,372,479,841,175,301,58,369,283,53,172,347,211,76,214,109,228,305,83,319,97,207
496,471,208,95,515,116,459,154,172,209,426,573,922,368,260,299,368,931,542,95,297,542,325,206,371,130,374,233,269,666,789,1382,266,460,123,574,455,83,271,532,322,93,365,180,412,460,319,269,191,357
176,143,79,22,177,36,170,49,68,73,154,191,318,111,99,117,153,317,184,20,94,169,106,58,115,53,114,88,90,231,294,496,107,176,35,211,163,28,97,198,141,39,121,75,150,176,97,191,35,119
388,307,133,44,350,68,319,106,117,132,289,360,570,235,199,215,250,605,348,41,190,352,205,133,226,82,228,164,175,434,463,929,181,334,73,361,330,48,160,367,223,70,276,120,255,281,207,357,119,122
