290,464,194,97,472,109,505,152,168,232,435,508,827,389,326,358,361,878,511,80,340,520,377,218,397,155,369,264,305,595,739,1174,225,471,113,567,530,81,255,465,326,120,379,170,450,431,344,483,184,403
464,168,163,59,446,97,412,134,138,178,381,468,782,247,251,260,321,771,421,61,237,473,261,153,273,92,264,207,212,548,648,1241,231,445,108,473,416,64,184,475,266,99,375,163,320,418,290,459,195,307
194,163,41,31,203,45,182,63,72,63,162,225,380,128,114,99,159,371,179,30,103,197,120,74,124,46,109,80,91,237,302,562,114,184,54,207,179,27,113,198,112,33,164,76,146,212,122,227,77,127
97,59,31,4,80,9,72,25,29,33,58,86,148,57,50,49,69,143,87,14,43,68,67,28,53,31,63,39,51,123,102,211,38,76,15,91,70,12,45,75,49,17,60,37,64,74,51,91,27,58
472,446,203,80,265,108,488,149,189,191,444,588,954,339,263,293,372,929,515,50,275,529,303,244,347,123,359,256,275,655,806,1417,282,481,118,508,473,91,246,585,338,107,385,204,416,478,304,517,169,312
109,97,45,9,108,7,83,33,39,51,94,124,174,79,58,72,84,186,125,18,54,114,82,32,92,44,88,58,74,152,164,261,61,92,17,134,96,22,47,114,65,27,80,47,88,97,71,112,34,68
505,412,182,72,488,83,253,145,170,203,409,531,894,335,281,297,371,854,494,51,255,490,330,205,322,138,355,242,255,636,785,1320,269,399,120,559,434,87,262,527,333,115,364,224,401,444,334,490,198,334
152,134,63,25,149,33,145,20,47,68,151,162,265,89,82,85,88,280,156,17,85,159,101,69,109,36,107,63,71,183,241,421,91,152,41,143,155,19,62,170,99,21,111,44,130,128,102,138,61,106
168,138,72,29,189,39,170,47,29,70,142,172,285,111,85,77,114,303,161,24,87,177,105,60,112,37,106,76,93,214,265,473,88,145,45,189,146,28,84,179,116,39,135,49,116,162,107,181,60,122
232,178,63,33,191,51,203,68,70,36,174,252,349,112,106,122,144,377,192,20,116,204,120,73,133,69,167,112,121,265,275,546,95,206,37,228,199,31,109,202,130,44,152,85,182,178,123,185,66,131
435,381,162,58,444,94,409,151,142,174,196,485,769,265,214,262,316,794,427,49,233,434,262,159,294,100,290,218,252,569,652,1130,216,384,90,459,420,69,231,410,290,95,325,150,344,409,263,433,138,273
508,468,225,86,588,124,531,162,172,252,485,300,1021,366,290,323,402,1057,546,80,295,527,353,205,395,138,384,257,263,747,914,1629,322,529,126,594,503,108,274,623,392,105,460,185,474,539,349,589,210,338
827,782,380,148,954,174,894,265,285,349,769,1021,825,632,493,550,707,1530,928,111,531,961,539,373,616,218,646,425,440,1092,1369,2456,491,846,216,972,792,169,478,985,627,201,701,363,752,853,600,949,333,569
389,247,128,57,339,79,335,89,111,112,265,366,632,108,173,172,220,631,308,35,189,293,204,127,201,66,202,146,156,426,483,948,181,306,84,323,293,48,162,343,212,66,254,114,266,297,198,334,144,197
326,251,114,50,263,58,281,82,85,106,214,290,493,173,70,141,208,480,279,33,158,269,155,117,167,70,179,124,118,342,414,808,149,253,67,273,238,47,138,283,167,50,204,96,197,231,174,279,97,191
358,260,99,49,293,72,297,85,77,122,262,323,550,172,141,75,241,505,301,37,172,311,158,111,189,86,195,123,130,350,440,868,147,256,70,293,263,38,145,290,177,42,213,103,234,274,189,308,109,194
361,321,159,69,372,84,371,88,114,144,316,402,707,220,208,241,126,694,361,40,205,335,212,165,239,92,250,183,173,432,541,1005,207,337,87,382,328,57,174,374,249,73,282,139,289,326,231,362,134,251
878,771,371,143,929,186,854,280,303,377,794,1057,1530,631,480,505,694,796,937,106,514,930,549,351,609,217,604,423,435,1086,1394,2529,503,853,207,979,841,169,465,970,601,175,670,356,756,852,611,903,322,593
511,421,179,87,515,125,494,156,161,192,427,546,928,308,279,301,361,937,277,67,296,467,304,206,331,119,311,237,239,660,799,1442,262,493,111,531,459,89,246,548,368,109,420,209,414,486,331,576,211,349
80,61,30,14,50,18,51,17,24,20,49,80,111,35,33,37,40,106,67,4,36,62,33,25,30,12,40,38,22,77,100,193,38,57,13,58,56,2,25,58,45,15,39,20,39,62,33,63,20,44
340,237,103,43,275,54,255,85,87,116,233,295,531,189,158,172,205,514,296,36,62,273,161,117,188,71,193,110,157,364,397,765,166,227,79,300,237,34,143,312,175,60,212,96,245,229,160,286,106,194
520,473,197,68,529,114,490,159,177,204,434,527,961,293,269,311,335,930,467,62,273,262,301,194,334,126,300,256,225,662,750,1459,272,471,98,554,426,77,251,580,339,117,376,195,384,477,326,561,185,369
377,261,120,67,303,82,330,101,105,120,262,353,539,204,155,158,212,549,304,33,161,301,79,116,200,86,200,141,119,386,465,820,140,319,71,308,288,40,156,313,191,48,226,119,249,256,174,316,111,189
218,153,74,28,244,32,205,69,60,73,159,205,373,127,117,111,165,351,206,25,117,194,116,42,136,55,139,105,94,255,301,587,106,179,40,236,193,29,104,190,130,48,148,82,179,195,120,215,82,130
397,273,124,53,347,92,322,109,112,133,294,395,616,201,167,189,239,609,331,30,188,334,200,136,90,74,197,164,159,417,489,986,191,312,77,347,324,53,154,357,216,76,268,113,256,331,199,360,136,221
155,92,46,31,123,44,138,36,37,69,100,138,218,66,70,86,92,217,119,12,71,126,86,55,74,18,75,58,68,162,179,342,73,125,29,129,133,21,64,131,76,20,110,57,89,102,74,132,58,86
369,264,109,63,359,88,355,107,106,167,290,384,646,202,179,195,250,604,311,40,193,300,200,139,197,75,104,160,170,424,495,941,186,314,72,327,333,50,152,332,229,59,285,134,249,313,205,371,135,221
264,207,80,39,256,58,242,63,76,112,218,257,425,146,124,123,183,423,237,38,110,256,141,105,164,58,160,49,113,310,351,668,135,214,53,239,232,39,111,245,156,46,179,87,197,235,149,238,98,170
305,212,91,51,275,74,255,71,93,121,252,263,440,156,118,130,173,435,239,22,157,225,119,94,159,68,170,113,61,275,373,693,119,234,57,230,230,38,119,238,180,61,193,82,187,239,146,283,74,173
595,548,237,123,655,152,636,183,214,265,569,747,1092,426,342,350,432,1086,660,77,364,662,386,255,417,162,424,310,275,360,961,1842,355,608,150,652,593,105,302,718,397,124,458,268,516,624,402,633,246,428
739,648,302,102,806,164,785,241,265,275,652,914,1369,483,414,440,541,1394,799,100,397,750,465,301,489,179,495,351,373,961,581,2152,417,707,183,847,727,126,407,820,542,172,616,295,596,718,464,846,284,510
1174,1241,562,211,1417,261,1320,421,473,546,1130,1629,2456,948,808,868,1005,2529,1442,193,765,1459,820,587,986,342,941,668,693,1842,2152,1981,729,1332,336,1527,1270,255,716,1506,934,302,1047,579,1150,1367,995,1416,521,892
225,231,114,38,282,61,269,91,88,95,216,322,491,181,149,147,207,503,262,38,166,272,140,106,191,73,186,135,119,355,417,729,69,249,65,294,255,56,148,287,185,61,209,91,230,266,183,272,103,176
471,445,184,76,481,92,399,152,145,206,384,529,846,306,253,256,337,853,493,57,227,471,319,179,312,125,314,214,234,608,707,1332,249,219,109,484,443,74,243,479,301,81,358,181,379,401,318,475,171,336
113,108,54,15,118,17,120,41,45,37,90,126,216,84,67,70,87,207,111,13,79,98,71,40,77,29,72,53,57,150,183,336,65,109,15,118,99,22,66,122,70,19,76,55,103,99,77,131,44,88
567,473,207,91,508,134,559,143,189,228,459,594,972,323,273,293,382,979,531,58,300,554,308,236,347,129,327,239,230,652,847,1527,294,484,118,276,493,91,262,619,360,109,422,229,432,491,330,537,195,358
530,416,179,70,473,96,434,155,146,199,420,503,792,293,238,263,328,841,459,56,237,426,288,193,324,133,333,232,230,593,727,1270,255,443,99,493,227,74,249,476,306,94,367,176,358,432,288,485,165,299
81,64,27,12,91,22,87,19,28,31,69,108,169,48,47,38,57,169,89,2,34,77,40,29,53,21,50,39,38,105,126,255,56,74,22,91,74,8,36,81,63,18,51,34,67,81,63,97,30,47
255,184,113,45,246,47,262,62,84,109,231,274,478,162,138,145,174,465,246,25,143,251,156,104,154,64,152,111,119,302,407,716,148,243,66,262,249,36,67,266,165,47,210,95,190,227,179,254,101,163
465,475,198,75,585,114,527,170,179,202,410,623,985,343,283,290,374,970,548,58,312,580,313,190,357,131,332,245,238,718,820,1506,287,479,122,619,476,81,266,264,387,109,427,190,438,519,360,565,193,371
326,266,112,49,338,65,333,99,116,130,290,392,627,212,167,177,249,601,368,45,175,339,191,130,216,76,229,156,180,397,542,934,185,301,70,360,306,63,165,387,110,69,248,126,260,303,205,386,126,200
120,99,33,17,107,27,115,21,39,44,95,105,201,66,50,42,73,175,109,15,60,117,48,48,76,20,59,46,61,124,172,302,61,81,19,109,94,18,47,109,69,9,66,40,97,99,75,108,40,70
379,375,164,60,385,80,364,111,135,152,325,460,701,254,204,213,282,670,420,39,212,376,226,148,268,110,285,179,193,458,616,1047,209,358,76,422,367,51,210,427,248,66,155,154,321,395,236,412,140,241
170,163,76,37,204,47,224,44,49,85,150,185,363,114,96,103,139,356,209,20,96,195,119,82,113,57,134,87,82,268,295,579,91,181,55,229,176,34,95,190,126,40,154,34,154,158,97,190,79,111
450,320,146,64,416,88,401,130,116,182,344,474,752,266,197,234,289,756,414,39,245,384,249,179,256,89,249,197,187,516,596,1150,230,379,103,432,358,67,190,438,260,97,321,154,166,408,235,417,145,273
431,418,212,74,478,97,444,128,162,178,409,539,853,297,231,274,326,852,486,62,229,477,256,195,331,102,313,235,239,624,718,1367,266,401,99,491,432,81,227,519,303,99,395,158,408,201,285,476,166,300
344,290,122,51,304,71,334,102,107,123,263,349,600,198,174,189,231,611,331,33,160,326,174,120,199,74,205,149,146,402,464,995,183,318,77,330,288,63,179,360,205,75,236,97,235,285,93,329,125,191
483,459,227,91,517,112,490,138,181,185,433,589,949,334,279,308,362,903,576,63,286,561,316,215,360,132,371,238,283,633,846,1416,272,475,131,537,485,97,254,565,386,108,412,190,417,476,329,254,186,340
184,195,77,27,169,34,198,61,60,66,138,210,333,144,97,109,134,322,211,20,106,185,111,82,136,58,135,98,74,246,284,521,103,171,44,195,165,30,101,193,126,40,140,79,145,166,125,186,28,133
403,307,127,58,312,68,334,106,122,131,273,338,569,197,191,194,251,593,349,44,194,369,189,130,221,86,221,170,173,428,510,892,176,336,88,358,299,47,163,371,200,70,241,111,273,300,191,340,133,122
