230,445,201,96,500,121,488,178,177,228,431,509,774,378,334,343,351,836,502,64,328,520,356,224,355,135,371,267,302,652,690,1178,234,453,111,493,482,78,249,440,332,112,358,185,451,456,348,465,146,378
445,208,162,76,453,107,434,141,119,183,372,503,783,295,206,231,304,767,415,50,218,455,231,191,289,117,310,209,194,543,660,1209,237,389,103,494,406,66,216,507,320,75,334,159,344,408,270,463,154,272
201,162,36,40,211,43,189,64,59,91,164,242,406,129,105,88,145,370,190,24,88,191,109,90,112,43,119,86,96,252,314,566,121,153,52,221,196,28,95,205,115,37,137,81,173,166,130,216,88,136
96,76,40,4,95,15,86,19,32,34,80,105,122,50,52,50,59,111,91,9,52,85,52,30,60,15,61,55,39,98,116,190,39,62,26,77,65,13,30,110,74,21,61,33,76,75,52,77,31,55
500,453,211,95,251,118,478,130,180,223,446,535,940,345,270,320,372,906,539,62,280,520,321,193,360,145,393,214,247,623,794,1385,268,445,107,510,461,74,248,517,325,115,381,178,395,455,321,512,199,376
121,107,43,15,118,14,123,27,39,55,102,133,185,69,55,57,76,192,102,16,71,112,78,45,82,26,86,65,45,144,175,291,55,89,32,121,92,17,63,149,81,28,80,41,94,114,79,120,41,75
488,434,189,86,478,123,240,137,151,229,420,528,890,304,247,288,334,847,486,55,267,522,323,182,331,129,339,241,237,649,704,1287,255,429,126,496,439,84,254,524,320,94,373,180,387,434,300,502,192,335
178,141,64,19,130,27,137,19,55,72,114,143,268,105,89,100,105,284,154,19,80,167,94,58,88,39,104,71,56,207,208,448,90,151,40,167,132,22,61,159,91,39,111,57,134,150,107,147,66,101
177,119,59,32,180,39,151,55,25,74,139,189,306,94,74,90,111,312,162,21,100,157,100,71,124,54,123,75,83,205,240,460,95,150,49,186,160,25,86,182,90,42,119,63,124,133,95,158,75,117
228,183,91,34,223,55,229,72,74,42,169,217,392,143,119,129,146,394,227,33,124,228,144,84,156,46,151,102,109,261,344,595,119,208,38,221,197,40,118,229,114,53,170,76,188,189,149,217,76,147
431,372,164,80,446,102,420,114,139,169,186,475,788,294,233,284,284,783,435,62,211,424,263,176,289,87,274,219,254,556,645,1211,241,387,86,449,380,67,195,464,260,81,305,158,345,395,278,424,152,295
509,503,242,105,535,133,528,143,189,217,475,313,1052,345,295,322,403,1024,569,65,303,528,326,235,376,155,404,273,262,715,848,1536,295,548,123,589,519,83,269,648,390,118,477,201,453,522,334,574,224,414
774,783,406,122,940,185,890,268,306,392,788,1052,826,623,502,524,679,1457,940,120,550,958,513,393,622,230,623,434,453,1159,1377,2323,437,884,206,982,842,159,455,994,610,190,665,330,744,808,600,913,311,633
378,295,129,50,345,69,304,105,94,143,294,345,623,104,185,199,240,587,348,37,176,359,203,111,232,83,217,157,154,412,507,872,172,293,66,320,296,52,169,338,234,85,252,118,281,308,186,334,104,245
334,206,105,52,270,55,247,89,74,119,233,295,502,185,78,141,205,506,255,34,175,258,168,98,149,65,179,116,148,348,425,763,147,281,67,296,255,32,143,264,154,51,197,98,189,264,153,281,114,207
343,231,88,50,320,57,288,100,90,129,284,322,524,199,141,87,220,520,293,37,165,288,168,116,194,79,193,139,149,351,464,797,168,279,67,309,298,36,167,291,186,65,219,88,209,258,182,311,120,215
351,304,145,59,372,76,334,105,111,146,284,403,679,240,205,220,122,652,351,41,207,372,210,139,240,98,235,157,204,471,547,1002,190,318,70,350,332,70,158,374,196,84,310,132,305,345,229,343,126,239
836,767,370,111,906,192,847,284,312,394,783,1024,1457,587,506,520,652,811,910,112,515,892,555,360,617,210,626,406,451,1159,1349,2343,472,834,210,961,830,147,455,931,561,191,640,320,741,825,601,895,313,635
502,415,190,91,539,102,486,154,162,227,435,569,940,348,255,293,351,910,242,61,257,502,317,207,336,116,333,229,230,654,729,1398,259,517,129,532,490,80,264,523,332,117,394,190,413,467,314,514,190,363
64,50,24,9,62,16,55,19,21,33,62,65,120,37,34,37,41,112,61,2,38,64,36,25,47,15,43,32,27,72,101,172,35,65,13,68,54,14,33,78,45,12,44,23,50,60,30,70,18,45
328,218,88,52,280,71,267,80,100,124,211,303,550,176,175,165,207,515,257,38,65,300,176,99,205,63,158,124,146,343,422,804,179,284,67,307,278,50,135,308,184,49,202,93,212,263,179,287,133,196
520,455,191,85,520,112,522,167,157,228,424,528,958,359,258,288,372,892,502,64,300,285,338,222,367,122,326,245,251,705,737,1401,290,505,109,538,499,90,274,537,309,109,391,189,427,482,316,500,221,354
356,231,109,52,321,78,323,94,100,144,263,326,513,203,168,168,210,555,317,36,176,338,88,101,183,72,213,134,154,364,460,843,176,280,69,309,278,47,163,329,160,66,247,107,228,265,208,317,131,208
224,191,90,30,193,45,182,58,71,84,176,235,393,111,98,116,139,360,207,25,99,222,101,33,129,48,118,66,84,233,289,567,101,199,41,229,194,39,95,204,127,37,122,66,140,210,112,194,74,121
355,289,112,60,360,82,331,88,124,156,289,376,622,232,149,194,240,617,336,47,205,367,183,129,106,82,208,160,183,436,538,928,187,301,58,361,324,60,151,364,198,54,254,115,256,318,195,340,120,248
135,117,43,15,145,26,129,39,54,46,87,155,230,83,65,79,98,210,116,15,63,122,72,48,82,11,81,53,67,171,195,351,74,115,38,114,126,23,64,136,81,19,96,49,100,102,67,142,58,92
371,310,119,61,393,86,339,104,123,151,274,404,623,217,179,193,235,626,333,43,158,326,213,118,208,81,123,151,153,433,509,1033,193,302,81,378,336,57,179,363,221,61,249,124,258,314,197,352,151,238
267,209,86,55,214,65,241,71,75,102,219,273,434,157,116,139,157,406,229,32,124,245,134,66,160,53,151,51,115,251,357,708,129,250,56,221,236,28,119,260,147,50,179,82,152,231,141,244,82,189
302,194,96,39,247,45,237,56,83,109,254,262,453,154,148,149,204,451,230,27,146,251,154,84,183,67,153,115,60,282,369,685,134,236,52,263,218,31,119,266,156,56,188,87,200,246,144,272,113,175
652,543,252,98,623,144,649,207,205,261,556,715,1159,412,348,351,471,1159,654,72,343,705,364,233,436,171,433,251,282,393,979,1751,360,549,148,668,582,113,341,680,409,119,503,242,511,589,408,683,227,425
690,660,314,116,794,175,704,208,240,344,645,848,1377,507,425,464,547,1349,729,101,422,737,460,289,538,195,509,357,369,979,590,2041,439,711,162,801,713,132,376,780,503,155,588,268,596,649,489,697,290,504
1178,1209,566,190,1385,291,1287,448,460,595,1211,1536,2323,872,763,797,1002,2343,1398,172,804,1401,843,567,928,351,1033,708,685,1751,2041,1910,700,1347,309,1481,1295,249,688,1453,923,294,1013,508,1174,1330,888,1408,461,939
234,237,121,39,268,55,255,90,95,119,241,295,437,172,147,168,190,472,259,35,179,290,176,101,187,74,193,129,134,360,439,700,66,262,50,314,260,38,139,274,195,62,168,91,218,267,162,283,84,176
453,389,153,62,445,89,429,151,150,208,387,548,884,293,281,279,318,834,517,65,284,505,280,199,301,115,302,250,236,549,711,1347,262,213,112,464,423,91,240,525,280,100,361,181,374,452,291,473,180,324
111,103,52,26,107,32,126,40,49,38,86,123,206,66,67,67,70,210,129,13,67,109,69,41,58,38,81,56,52,148,162,309,50,112,14,100,110,19,50,140,78,27,95,57,85,108,69,123,39,93
493,494,221,77,510,121,496,167,186,221,449,589,982,320,296,309,350,961,532,68,307,538,309,229,361,114,378,221,263,668,801,1481,314,464,100,296,498,96,261,586,350,110,387,213,415,505,312,563,194,347
482,406,196,65,461,92,439,132,160,197,380,519,842,296,255,298,332,830,490,54,278,499,278,194,324,126,336,236,218,582,713,1295,260,423,110,498,220,73,220,520,316,92,385,160,377,421,288,469,168,323
78,66,28,13,74,17,84,22,25,40,67,83,159,52,32,36,70,147,80,14,50,90,47,39,60,23,57,28,31,113,132,249,38,91,19,96,73,1,39,96,53,22,61,36,64,81,43,80,37,63
249,216,95,30,248,63,254,61,86,118,195,269,455,169,143,167,158,455,264,33,135,274,163,95,151,64,179,119,119,341,376,688,139,240,50,261,220,39,57,282,167,53,224,93,201,226,164,236,94,150
440,507,205,110,517,149,524,159,182,229,464,648,994,338,264,291,374,931,523,78,308,537,329,204,364,136,363,260,266,680,780,1453,274,525,140,586,520,96,282,292,343,97,383,192,407,518,340,551,227,355
332,320,115,74,325,81,320,91,90,114,260,390,610,234,154,186,196,561,332,45,184,309,160,127,198,81,221,147,156,409,503,923,195,280,78,350,316,53,167,343,86,81,239,117,240,323,202,331,134,225
112,75,37,21,115,28,94,39,42,53,81,118,190,85,51,65,84,191,117,12,49,109,66,37,54,19,61,50,56,119,155,294,62,100,27,110,92,22,53,97,81,9,85,43,73,105,67,102,43,70
358,334,137,61,381,80,373,111,119,170,305,477,665,252,197,219,310,640,394,44,202,391,247,122,254,96,249,179,188,503,588,1013,168,361,95,387,385,61,224,383,239,85,130,166,280,328,239,409,142,255
185,159,81,33,178,41,180,57,63,76,158,201,330,118,98,88,132,320,190,23,93,189,107,66,115,49,124,82,87,242,268,508,91,181,57,213,160,36,93,192,117,43,166,34,129,180,132,183,70,116
451,344,173,76,395,94,387,134,124,188,345,453,744,281,189,209,305,741,413,50,212,427,228,140,256,100,258,152,200,511,596,1174,218,374,85,415,377,64,201,407,240,73,280,129,167,403,256,402,159,266
456,408,166,75,455,114,434,150,133,189,395,522,808,308,264,258,345,825,467,60,263,482,265,210,318,102,314,231,246,589,649,1330,267,452,108,505,421,81,226,518,323,105,328,180,403,202,348,472,175,281
348,270,130,52,321,79,300,107,95,149,278,334,600,186,153,182,229,601,314,30,179,316,208,112,195,67,197,141,144,408,489,888,162,291,69,312,288,43,164,340,202,67,239,132,256,348,102,350,114,225
465,463,216,77,512,120,502,147,158,217,424,574,913,334,281,311,343,895,514,70,287,500,317,194,340,142,352,244,272,683,697,1408,283,473,123,563,469,80,236,551,331,102,409,183,402,472,350,256,188,342
146,154,88,31,199,41,192,66,75,76,152,224,311,104,114,120,126,313,190,18,133,221,131,74,120,58,151,82,113,227,290,461,84,180,39,194,168,37,94,227,134,43,142,70,159,175,114,188,26,125
378,272,136,55,376,75,335,101,117,147,295,414,633,245,207,215,239,635,363,45,196,354,208,121,248,92,238,189,175,425,504,939,176,324,93,347,323,63,150,355,225,70,255,116,266,281,225,342,125,101
