250,441,208,84,486,121,491,188,176,243,467,531,816,361,306,332,311,816,486,58,311,489,333,215,381,162,395,294,295,558,705,1154,261,500,97,477,478,90,237,485,296,93,340,184,423,417,318,485,159,351
441,207,161,85,414,104,411,130,126,204,413,469,780,283,214,241,330,776,423,53,220,418,262,164,255,96,265,200,213,537,705,1261,248,441,97,426,384,59,226,428,300,86,348,175,318,430,242,446,180,313
208,161,35,34,193,44,185,60,71,87,170,205,344,146,93,118,144,343,192,26,119,222,111,74,127,41,124,88,78,222,333,550,110,188,42,196,190,34,88,225,129,29,146,67,162,187,118,215,71,119
84,85,34,13,92,28,85,27,31,44,69,96,135,62,38,50,66,130,84,13,51,89,60,51,58,23,62,46,47,100,112,221,40,82,17,86,78,20,41,94,58,17,53,37,63,68,58,74,34,64
486,414,193,92,256,114,501,153,162,212,445,559,875,310,294,301,346,898,509,69,260,541,286,212,310,141,342,250,273,645,805,1413,250,481,98,522,483,84,246,533,331,110,368,210,426,485,297,518,188,351
121,104,44,28,114,15,112,31,39,51,99,124,185,65,44,62,83,192,113,9,59,111,70,48,66,34,78,59,64,151,162,300,55,112,27,116,106,23,63,120,75,27,71,46,78,78,75,107,37,89
491,411,185,85,501,112,219,152,162,197,382,534,907,331,266,293,352,841,505,51,246,476,286,196,326,123,312,247,254,604,717,1308,229,444,112,482,449,97,253,510,317,102,341,191,350,435,293,477,170,327
188,130,60,27,153,31,152,30,46,63,130,167,273,102,79,88,118,286,144,16,67,160,82,65,94,41,99,65,72,198,247,440,95,132,24,154,154,29,102,193,89,29,119,56,141,144,107,172,50,113
176,126,71,31,162,39,162,46,20,75,144,214,349,111,92,95,106,302,175,21,95,160,90,59,98,39,116,66,86,221,240,454,81,149,31,151,158,20,80,174,96,35,100,68,114,143,105,159,68,104
243,204,87,44,212,51,197,63,75,49,190,196,375,138,100,113,149,377,230,31,116,215,117,71,116,59,132,109,112,264,313,596,119,193,37,202,186,34,102,206,131,42,138,98,159,180,132,235,75,137
467,413,170,69,445,99,382,130,144,190,179,430,740,288,232,258,308,693,432,63,245,454,294,159,274,118,274,221,213,534,651,1128,225,425,86,441,409,75,211,402,294,88,301,165,353,379,294,444,137,314
531,469,205,96,559,124,534,167,214,196,430,315,921,325,269,289,422,948,579,85,304,564,322,222,324,133,356,247,265,646,857,1615,293,518,136,656,493,109,267,631,374,114,415,226,377,515,312,574,204,364
816,780,344,135,875,185,907,273,349,375,740,921,733,607,454,522,665,1373,919,113,537,958,565,378,614,207,628,426,474,1133,1309,2331,488,817,217,1018,808,180,436,960,598,174,644,324,722,865,556,945,296,629
361,283,146,62,310,65,331,102,111,138,288,325,607,123,165,207,244,594,304,46,176,331,182,119,189,75,205,178,159,401,476,975,190,312,78,330,312,48,176,322,209,72,224,117,252,293,219,347,137,222
306,214,93,38,294,44,266,79,92,100,232,269,454,165,83,138,178,446,276,28,125,260,172,121,183,66,184,144,146,333,398,728,166,257,54,285,259,49,128,307,192,52,216,95,234,248,180,281,88,181
332,241,118,50,301,62,293,88,95,113,258,289,522,207,138,73,191,521,279,21,160,279,179,133,178,72,204,157,147,369,441,818,176,257,64,305,276,44,133,315,212,51,245,99,251,254,197,320,111,191
311,330,144,66,346,83,352,118,106,149,308,422,665,244,178,191,124,660,347,41,202,348,197,154,256,110,278,169,184,438,542,992,176,326,74,377,368,61,172,404,234,78,277,135,303,331,246,378,125,229
816,776,343,130,898,192,841,286,302,377,693,948,1373,594,446,521,660,810,964,106,516,940,537,352,554,218,609,427,456,1086,1298,2419,489,785,210,975,799,161,436,919,594,177,676,334,705,843,539,895,288,614
486,423,192,84,509,113,505,144,175,230,432,579,919,304,276,279,347,964,245,62,254,465,308,204,352,135,319,242,254,676,730,1435,266,513,104,505,435,84,240,540,312,91,410,177,396,481,322,515,177,335
58,53,26,13,69,9,51,16,21,31,63,85,113,46,28,21,41,106,62,2,35,53,23,16,41,17,30,23,24,73,111,200,36,57,10,66,60,8,31,73,33,18,50,24,47,60,42,69,20,40
311,220,119,51,260,59,246,67,95,116,245,304,537,176,125,160,202,516,254,35,67,278,151,117,159,72,152,127,132,318,423,800,169,236,67,297,247,53,113,275,186,55,201,90,190,243,157,284,121,183
489,418,222,89,541,111,476,160,160,215,454,564,958,331,260,279,348,940,465,53,278,221,310,197,336,127,324,251,273,670,781,1427,277,493,127,539,444,78,245,534,327,101,415,183,410,459,345,506,173,360
333,262,111,60,286,70,286,82,90,117,294,322,565,182,172,179,197,537,308,23,151,310,79,124,178,78,204,136,139,349,476,863,160,296,72,303,262,54,128,331,196,53,228,86,229,292,162,294,84,188
215,164,74,51,212,48,196,65,59,71,159,222,378,119,121,133,154,352,204,16,117,197,124,34,140,49,136,96,100,258,284,564,111,195,43,208,197,31,97,214,151,45,150,66,158,184,133,222,82,118
381,255,127,58,310,66,326,94,98,116,274,324,614,189,183,178,256,554,352,41,159,336,178,140,106,79,213,176,133,402,526,966,200,326,74,385,348,57,189,368,222,63,259,123,262,337,183,340,124,225
162,96,41,23,141,34,123,41,39,59,118,133,207,75,66,72,110,218,135,17,72,127,78,49,79,14,73,59,66,155,176,348,63,137,34,130,128,21,75,131,80,17,111,50,99,117,61,129,47,95
395,265,124,62,342,78,312,99,116,132,274,356,628,205,184,204,278,609,319,30,152,324,204,136,213,73,106,166,168,379,515,945,172,339,70,357,344,57,202,329,227,78,269,151,271,299,181,346,131,239
294,200,88,46,250,59,247,65,66,109,221,247,426,178,144,157,169,427,242,23,127,251,136,96,176,59,166,54,136,306,370,615,136,212,61,238,247,34,108,256,159,42,207,97,214,221,157,250,101,157
295,213,78,47,273,64,254,72,86,112,213,265,474,159,146,147,184,456,254,24,132,273,139,100,133,66,168,136,53,301,379,697,148,225,58,245,249,47,138,280,193,48,176,93,209,221,166,261,104,183
558,537,222,100,645,151,604,198,221,264,534,646,1133,401,333,369,438,1086,676,73,318,670,349,258,402,155,379,306,301,366,915,1773,339,561,149,625,566,109,326,667,414,138,449,249,476,606,398,672,235,434
705,705,333,112,805,162,717,247,240,313,651,857,1309,476,398,441,542,1298,730,111,423,781,476,284,526,176,515,370,379,915,564,2091,419,686,187,789,645,126,384,790,503,143,561,288,609,721,496,745,275,518
1154,1261,550,221,1413,300,1308,440,454,596,1128,1615,2331,975,728,818,992,2419,1435,200,800,1427,863,564,966,348,945,615,697,1773,2091,1898,737,1276,328,1510,1258,225,660,1446,908,279,1047,473,1139,1288,936,1371,486,913
261,248,110,40,250,55,229,95,81,119,225,293,488,190,166,176,176,489,266,36,169,277,160,111,200,63,172,136,148,339,419,737,75,222,64,293,243,41,137,292,185,51,194,97,239,236,175,250,108,188
500,441,188,82,481,112,444,132,149,193,425,518,817,312,257,257,326,785,513,57,236,493,296,195,326,137,339,212,225,561,686,1276,222,197,106,515,436,91,213,508,297,88,335,172,370,419,315,486,171,335
97,97,42,17,98,27,112,24,31,37,86,136,217,78,54,64,74,210,104,10,67,127,72,43,74,34,70,61,58,149,187,328,64,106,14,109,91,24,52,121,89,23,90,50,81,117,78,118,44,75
477,426,196,86,522,116,482,154,151,202,441,656,1018,330,285,305,377,975,505,66,297,539,303,208,385,130,357,238,245,625,789,1510,293,515,109,271,501,96,255,584,322,93,396,189,395,485,356,526,205,336
478,384,190,78,483,106,449,154,158,186,409,493,808,312,259,276,368,799,435,60,247,444,262,197,348,128,344,247,249,566,645,1258,243,436,91,501,210,84,226,484,309,82,354,168,374,423,304,501,170,327
90,59,34,20,84,23,97,29,20,34,75,109,180,48,49,44,61,161,84,8,53,78,54,31,57,21,57,34,47,109,126,225,41,91,24,96,84,7,42,82,31,26,59,25,76,71,65,86,22,75
237,226,88,41,246,63,253,102,80,102,211,267,436,176,128,133,172,436,240,31,113,245,128,97,189,75,202,108,138,326,384,660,137,213,52,255,226,42,76,285,149,47,195,110,206,223,173,260,81,187
485,428,225,94,533,120,510,193,174,206,402,631,960,322,307,315,404,919,540,73,275,534,331,214,368,131,329,256,280,667,790,1446,292,508,121,584,484,82,285,272,388,103,416,207,426,529,324,566,184,340
296,300,129,58,331,75,317,89,96,131,294,374,598,209,192,212,234,594,312,33,186,327,196,151,222,80,227,159,193,414,503,908,185,297,89,322,309,31,149,388,108,60,241,109,263,286,207,359,122,211
93,86,29,17,110,27,102,29,35,42,88,114,174,72,52,51,78,177,91,18,55,101,53,45,63,17,78,42,48,138,143,279,51,88,23,93,82,26,47,103,60,6,83,45,74,88,57,113,37,72
340,348,146,53,368,71,341,119,100,138,301,415,644,224,216,245,277,676,410,50,201,415,228,150,259,111,269,207,176,449,561,1047,194,335,90,396,354,59,195,416,241,83,122,138,319,354,248,386,135,244
184,175,67,37,210,46,191,56,68,98,165,226,324,117,95,99,135,334,177,24,90,183,86,66,123,50,151,97,93,249,288,473,97,172,50,189,168,25,110,207,109,45,138,39,148,197,123,207,78,114
423,318,162,63,426,78,350,141,114,159,353,377,722,252,234,251,303,705,396,47,190,410,229,158,262,99,271,214,209,476,609,1139,239,370,81,395,374,76,206,426,263,74,319,148,155,385,258,409,134,259
417,430,187,68,485,78,435,144,143,180,379,515,865,293,248,254,331,843,481,60,243,459,292,184,337,117,299,221,221,606,721,1288,236,419,117,485,423,71,223,529,286,88,354,197,385,213,305,496,168,327
318,242,118,58,297,75,293,107,105,132,294,312,556,219,180,197,246,539,322,42,157,345,162,133,183,61,181,157,166,398,496,936,175,315,78,356,304,65,173,324,207,57,248,123,258,305,95,330,117,223
485,446,215,74,518,107,477,172,159,235,444,574,945,347,281,320,378,895,515,69,284,506,294,222,340,129,346,250,261,672,745,1371,250,486,118,526,501,86,260,566,359,113,386,207,409,496,330,273,150,365
159,180,71,34,188,37,170,50,68,75,137,204,296,137,88,111,125,288,177,20,121,173,84,82,124,47,131,101,104,235,275,486,108,171,44,205,170,22,81,184,122,37,135,78,134,168,117,150,22,109
351,313,119,64,351,89,327,113,104,137,314,364,629,222,181,191,229,614,335,40,183,360,188,118,225,95,239,157,183,434,518,913,188,335,75,336,327,75,187,340,211,72,244,114,259,327,223,365,109,110
