246,446,220,78,549,109,497,170,172,268,458,501,810,386,310,342,318,834,531,82,306,523,356,221,348,142,367,288,309,635,739,1181,251,487,109,493,475,87,269,497,335,110,371,189,431,419,345,462,160,386
446,186,174,73,455,102,430,153,150,180,357,482,773,259,226,234,327,816,451,56,220,452,242,178,278,112,302,179,218,544,645,1248,238,443,87,442,420,60,228,497,286,96,332,195,342,392,280,441,187,286
220,174,29,41,228,51,209,66,72,72,148,241,380,126,96,128,147,350,208,27,107,198,113,73,125,45,145,94,94,245,284,570,121,209,38,199,219,34,113,231,146,48,157,70,159,194,127,196,73,120
78,73,41,16,87,24,76,41,21,34,58,83,135,60,45,58,58,149,88,9,54,64,43,34,60,31,62,43,53,111,113,197,49,97,19,95,83,11,43,88,49,16,63,26,72,65,53,69,21,65
549,455,228,87,253,110,482,178,169,208,457,554,866,335,283,303,387,884,535,79,320,541,324,191,306,132,342,232,279,610,795,1352,306,508,105,542,460,82,268,551,350,106,361,188,386,474,303,501,186,364
109,102,51,24,110,8,109,53,34,60,86,125,175,75,62,74,77,180,96,12,65,105,72,52,79,36,79,56,60,147,148,290,59,117,24,126,114,14,59,116,79,27,78,45,103,110,86,95,35,102
497,430,209,76,482,109,236,168,152,190,398,556,845,295,246,255,360,869,485,74,273,477,280,197,336,125,343,227,258,630,687,1313,278,443,106,534,453,77,268,518,303,118,384,178,419,468,325,471,181,350
170,153,66,41,178,53,168,13,52,55,115,177,300,113,91,94,133,289,178,20,92,187,90,66,100,31,107,65,97,194,249,438,94,149,35,167,163,23,65,166,92,34,108,55,123,138,105,146,44,100
172,150,72,21,169,34,152,52,29,76,137,173,305,109,94,102,129,305,178,26,88,175,107,62,109,54,114,92,80,216,262,438,78,166,36,169,160,23,78,181,113,39,142,65,134,147,123,188,69,123
268,180,72,34,208,60,190,55,76,48,164,231,377,135,108,144,156,387,209,17,119,220,123,91,152,46,134,100,111,228,312,544,118,218,32,240,191,41,91,200,131,39,183,65,168,184,132,216,63,136
458,357,148,58,457,86,398,115,137,164,195,474,699,269,215,236,299,752,413,49,251,451,265,165,294,103,303,203,228,509,630,1154,237,424,81,482,397,79,192,421,274,76,319,147,346,387,262,451,151,289
501,482,241,83,554,125,556,177,173,231,474,315,1031,377,304,320,412,997,603,68,287,576,324,226,374,144,382,254,256,727,859,1626,327,513,121,641,510,93,279,597,389,114,461,221,445,520,352,596,220,380
810,773,380,135,866,175,845,300,305,377,699,1031,780,618,489,526,683,1427,959,127,532,939,507,333,573,228,595,455,486,1109,1327,2364,498,792,177,957,828,139,443,966,572,195,703,344,756,859,594,947,318,597
386,259,126,60,335,75,295,113,109,135,269,377,618,80,170,197,248,629,347,34,167,315,193,131,187,74,198,154,143,413,490,870,191,308,69,368,290,53,185,337,193,74,255,124,243,296,218,349,127,227
310,226,96,45,283,62,246,91,94,108,215,304,489,170,77,153,189,495,232,36,118,280,152,113,182,64,170,117,146,361,420,691,176,269,61,284,250,33,137,291,193,54,211,117,219,238,165,283,115,188
342,234,128,58,303,74,255,94,102,144,236,320,526,197,153,89,226,502,265,33,148,285,157,113,197,56,160,126,176,345,461,834,175,286,75,308,270,37,149,339,193,45,213,113,243,270,180,296,132,184
318,327,147,58,387,77,360,133,129,156,299,412,683,248,189,226,145,662,389,50,223,378,203,155,231,98,260,175,181,478,583,1033,231,350,79,374,355,60,192,402,247,81,282,137,293,346,223,391,135,237
834,816,350,149,884,180,869,289,305,387,752,997,1427,629,495,502,662,813,936,114,561,903,547,350,570,219,579,411,440,1133,1372,2394,512,825,199,988,875,148,423,1021,582,183,728,358,746,832,573,926,301,597
531,451,208,88,535,96,485,178,178,209,413,603,959,347,232,265,389,936,263,61,287,480,274,198,313,135,357,246,253,630,778,1443,279,467,122,557,486,96,293,554,299,115,415,185,417,467,318,483,205,364
82,56,27,9,79,12,74,20,26,17,49,68,127,34,36,33,50,114,61,5,33,73,48,29,46,14,36,45,31,78,104,169,40,69,15,75,59,9,28,60,40,14,47,23,51,71,34,74,27,45
306,220,107,54,320,65,273,92,88,119,251,287,532,167,118,148,223,561,287,33,66,291,172,114,182,78,193,121,152,356,418,779,146,276,64,273,290,49,126,304,196,45,251,95,226,258,185,283,101,180
523,452,198,64,541,105,477,187,175,220,451,576,939,315,280,285,378,903,480,73,291,258,290,206,323,138,365,255,268,679,710,1433,296,486,110,567,470,96,283,518,316,95,387,193,396,470,330,517,196,367
356,242,113,43,324,72,280,90,107,123,265,324,507,193,152,157,203,547,274,48,172,290,75,115,166,90,176,126,132,393,433,823,166,260,73,309,253,52,161,330,212,61,223,97,226,269,168,291,109,199
221,178,73,34,191,52,197,66,62,91,165,226,333,131,113,113,155,350,198,29,114,206,115,41,152,61,150,87,104,255,296,543,112,198,52,205,178,38,106,245,123,45,157,78,160,195,124,211,81,140
348,278,125,60,306,79,336,100,109,152,294,374,573,187,182,197,231,570,313,46,182,323,166,152,112,100,226,142,165,449,457,915,177,300,77,340,330,59,166,362,196,71,281,134,232,303,203,339,139,225
142,112,45,31,132,36,125,31,54,46,103,144,228,74,64,56,98,219,135,14,78,138,90,61,100,17,83,65,57,151,200,348,66,126,33,146,125,18,60,158,87,27,108,65,111,111,81,121,61,95
367,302,145,62,342,79,343,107,114,134,303,382,595,198,170,160,260,579,357,36,193,365,176,150,226,83,118,164,166,418,493,952,176,314,72,343,315,62,174,416,247,73,258,148,275,297,203,350,125,255
288,179,94,43,232,56,227,65,92,100,203,254,455,154,117,126,175,411,246,45,121,255,126,87,142,65,164,57,118,275,391,647,121,224,54,228,231,36,108,207,151,50,201,72,193,202,145,241,94,170
309,218,94,53,279,60,258,97,80,111,228,256,486,143,146,176,181,440,253,31,152,268,132,104,165,57,166,118,65,316,395,731,133,253,69,255,259,37,143,269,163,55,196,105,190,235,157,253,93,164
635,544,245,111,610,147,630,194,216,228,509,727,1109,413,361,345,478,1133,630,78,356,679,393,255,449,151,418,275,316,383,977,1825,391,604,133,711,595,99,307,679,428,135,496,279,545,631,420,660,244,425
739,645,284,113,795,148,687,249,262,312,630,859,1327,490,420,461,583,1372,778,104,418,710,433,296,457,200,493,391,395,977,554,2096,391,698,174,836,677,128,378,784,491,168,620,276,582,718,493,772,305,499
1181,1248,570,197,1352,290,1313,438,438,544,1154,1626,2364,870,691,834,1033,2394,1443,169,779,1433,823,543,915,348,952,647,731,1825,2096,1935,730,1271,305,1525,1284,228,685,1500,904,307,1063,513,1115,1329,846,1454,465,917
251,238,121,49,306,59,278,94,78,118,237,327,498,191,176,175,231,512,279,40,146,296,166,112,177,66,176,121,133,391,391,730,86,263,55,291,266,43,171,293,177,60,204,99,223,280,187,284,107,164
487,443,209,97,508,117,443,149,166,218,424,513,792,308,269,286,350,825,467,69,276,486,260,198,300,126,314,224,253,604,698,1271,263,236,114,457,441,79,225,509,303,89,358,190,399,426,293,507,163,352
109,87,38,19,105,24,106,35,36,32,81,121,177,69,61,75,79,199,122,15,64,110,73,52,77,33,72,54,69,133,174,305,55,114,16,132,99,25,55,148,71,16,79,47,104,106,72,108,45,70
493,442,199,95,542,126,534,167,169,240,482,641,957,368,284,308,374,988,557,75,273,567,309,205,340,146,343,228,255,711,836,1525,291,457,132,275,540,76,269,610,337,108,438,222,420,507,330,572,195,339
475,420,219,83,460,114,453,163,160,191,397,510,828,290,250,270,355,875,486,59,290,470,253,178,330,125,315,231,259,595,677,1284,266,441,99,540,223,85,253,513,307,82,374,164,384,432,284,450,181,326
87,60,34,11,82,14,77,23,23,41,79,93,139,53,33,37,60,148,96,9,49,96,52,38,59,18,62,36,37,99,128,228,43,79,25,76,85,9,40,99,56,17,58,29,64,89,44,80,29,50
269,228,113,43,268,59,268,65,78,91,192,279,443,185,137,149,192,423,293,28,126,283,161,106,166,60,174,108,143,307,378,685,171,225,55,269,253,40,67,244,151,58,178,94,187,257,163,249,92,146
497,497,231,88,551,116,518,166,181,200,421,597,966,337,291,339,402,1021,554,60,304,518,330,245,362,158,416,207,269,679,784,1500,293,509,148,610,513,99,244,295,322,113,427,227,423,495,351,562,209,343
335,286,146,49,350,79,303,92,113,131,274,389,572,193,193,193,247,582,299,40,196,316,212,123,196,87,247,151,163,428,491,904,177,303,71,337,307,56,151,322,87,78,295,127,263,285,205,326,112,198
110,96,48,16,106,27,118,34,39,39,76,114,195,74,54,45,81,183,115,14,45,95,61,45,71,27,73,50,55,135,168,307,60,89,16,108,82,17,58,113,78,8,87,34,81,97,69,115,43,83
371,332,157,63,361,78,384,108,142,183,319,461,703,255,211,213,282,728,415,47,251,387,223,157,281,108,258,201,196,496,620,1063,204,358,79,438,374,58,178,427,295,87,145,156,317,319,258,420,135,281
189,195,70,26,188,45,178,55,65,65,147,221,344,124,117,113,137,358,185,23,95,193,97,78,134,65,148,72,105,279,276,513,99,190,47,222,164,29,94,227,127,34,156,40,182,172,127,199,70,124
431,342,159,72,386,103,419,123,134,168,346,445,756,243,219,243,293,746,417,51,226,396,226,160,232,111,275,193,190,545,582,1115,223,399,104,420,384,64,187,423,263,81,317,182,147,357,237,424,184,281
419,392,194,65,474,110,468,138,147,184,387,520,859,296,238,270,346,832,467,71,258,470,269,195,303,111,297,202,235,631,718,1329,280,426,106,507,432,89,257,495,285,97,319,172,357,220,285,470,170,306
345,280,127,53,303,86,325,105,123,132,262,352,594,218,165,180,223,573,318,34,185,330,168,124,203,81,203,145,157,420,493,846,187,293,72,330,284,44,163,351,205,69,258,127,237,285,81,366,113,206
462,441,196,69,501,95,471,146,188,216,451,596,947,349,283,296,391,926,483,74,283,517,291,211,339,121,350,241,253,660,772,1454,284,507,108,572,450,80,249,562,326,115,420,199,424,470,366,280,189,354
160,187,73,21,186,35,181,44,69,63,151,220,318,127,115,132,135,301,205,27,101,196,109,81,139,61,125,94,93,244,305,465,107,163,45,195,181,29,92,209,112,43,135,70,184,170,113,189,30,110
386,286,120,65,364,102,350,100,123,136,289,380,597,227,188,184,237,597,364,45,180,367,199,140,225,95,255,170,164,425,499,917,164,352,70,339,326,50,146,343,198,83,281,124,281,306,206,354,110,111
