266,486,210,93,525,109,489,186,180,249,428,569,807,406,311,337,355,826,492,73,321,499,340,249,388,148,398,314,298,595,689,1204,258,524,99,528,522,89,266,460,295,119,369,203,471,418,331,537,172,362
486,208,159,81,446,96,443,145,139,188,391,481,797,287,210,237,303,817,442,53,246,440,244,163,307,120,288,223,224,560,657,1212,255,414,118,450,435,88,231,496,299,79,323,168,354,369,284,444,179,314
210,159,33,27,197,41,158,47,64,81,178,222,351,122,92,107,127,384,181,27,112,188,130,63,128,58,126,101,92,244,306,541,97,192,37,228,178,23,84,205,113,43,178,59,139,202,117,220,84,144
93,81,27,5,83,10,75,24,21,34,79,83,146,67,43,47,66,149,98,13,62,87,49,42,69,35,67,43,47,112,139,220,42,85,21,87,83,18,42,91,62,17,55,22,73,87,48,91,30,64
525,446,197,83,253,106,470,153,161,189,426,566,914,319,255,284,334,910,485,71,323,470,293,203,348,136,333,237,282,640,810,1444,302,464,102,533,469,95,251,548,349,99,371,190,416,455,302,529,167,343
109,96,41,10,106,5,107,37,34,59,110,117,200,80,58,60,79,216,140,13,86,117,79,44,84,40,86,53,53,135,184,298,66,109,27,124,98,18,57,111,79,29,73,42,96,118,72,118,44,91
489,443,158,75,470,107,235,162,159,226,386,529,902,343,240,259,340,859,495,52,266,479,297,194,335,133,321,223,246,600,727,1301,263,451,102,518,445,88,256,507,313,93,344,176,390,461,313,483,170,336
186,145,47,24,153,37,162,27,56,72,139,161,300,99,69,79,107,295,145,19,72,176,102,77,95,48,103,64,87,198,252,477,87,136,30,161,149,21,82,193,122,31,130,58,132,146,94,166,60,95
180,139,64,21,161,34,159,56,26,58,132,177,295,97,70,90,102,297,163,18,87,173,86,65,114,42,98,76,87,203,237,469,92,137,34,177,140,23,80,179,113,30,123,66,152,149,93,174,63,110
249,188,81,34,189,59,226,72,58,47,167,200,345,157,120,122,155,358,203,20,125,231,106,93,136,58,151,114,107,227,307,558,103,203,49,215,177,37,98,227,140,44,160,79,173,205,135,239,71,142
428,391,178,79,426,110,386,139,132,167,164,461,733,293,256,265,326,759,443,43,249,431,247,168,310,105,292,231,237,524,619,1163,220,402,79,438,377,80,229,416,261,76,332,164,383,344,266,471,137,312
569,481,222,83,566,117,529,161,177,200,461,316,973,337,308,305,415,967,547,73,284,581,344,238,389,118,366,277,273,698,828,1542,318,522,118,618,525,106,269,599,361,109,393,206,435,509,350,538,212,363
807,797,351,146,914,200,902,300,295,345,733,973,742,568,464,535,637,1464,938,127,536,950,528,340,628,240,611,430,459,1196,1336,2392,492,848,211,958,843,163,446,947,583,201,677,361,679,817,618,906,356,619
406,287,122,67,319,80,343,99,97,157,293,337,568,148,182,198,249,515,315,35,188,310,186,140,218,77,206,138,170,368,468,873,154,314,59,357,275,52,180,366,229,78,254,141,263,286,193,347,126,230
311,210,92,43,255,58,240,69,70,120,256,308,464,182,67,132,195,485,279,35,138,253,177,108,161,74,178,130,146,329,415,763,134,249,51,276,237,59,134,309,175,48,208,92,215,258,166,281,84,204
337,237,107,47,284,60,259,79,90,122,265,305,535,198,132,66,207,529,279,35,129,273,176,114,198,69,176,129,154,367,469,849,153,275,50,300,296,53,153,333,186,60,237,109,254,302,172,320,100,222
355,303,127,66,334,79,340,107,102,155,326,415,637,249,195,207,117,638,377,35,209,357,211,136,254,99,259,174,171,398,512,1020,216,335,62,408,348,65,188,389,257,102,286,152,307,356,236,391,117,237
826,817,384,149,910,216,859,295,297,358,759,967,1464,515,485,529,638,837,934,122,557,929,548,345,645,235,627,403,461,1137,1281,2422,483,845,186,978,814,151,446,957,627,193,670,367,701,843,608,919,333,587
492,442,181,98,485,140,495,145,163,203,443,547,938,315,279,279,377,934,241,52,275,462,326,192,369,129,340,223,242,655,791,1490,306,491,108,568,470,91,237,560,320,90,387,184,384,465,337,516,208,316
73,53,27,13,71,13,52,19,18,20,43,73,127,35,35,35,35,122,52,4,36,56,42,21,47,15,37,35,44,86,101,171,33,60,17,63,61,16,32,62,48,13,44,28,62,52,30,53,22,40
321,246,112,62,323,86,266,72,87,125,249,284,536,188,138,129,209,557,275,36,59,280,171,93,170,68,185,119,145,348,402,821,152,286,66,252,273,53,154,267,171,48,253,106,229,282,175,269,112,186
499,440,188,87,470,117,479,176,173,231,431,581,950,310,253,273,357,929,462,56,280,242,320,183,327,116,324,228,249,662,742,1451,307,505,98,540,455,104,267,557,332,97,373,213,391,455,321,522,188,313
340,244,130,49,293,79,297,102,86,106,247,344,528,186,177,176,211,548,326,42,171,320,93,104,212,70,194,140,147,392,473,836,163,283,65,300,299,52,162,342,208,64,236,104,237,274,201,336,112,207
249,163,63,42,203,44,194,77,65,93,168,238,340,140,108,114,136,345,192,21,93,183,104,41,131,58,131,91,104,256,264,545,103,194,54,198,186,38,122,210,131,35,150,83,170,189,136,215,88,145
388,307,128,69,348,84,335,95,114,136,310,389,628,218,161,198,254,645,369,47,170,327,212,131,118,101,220,163,177,456,522,997,188,309,85,344,329,62,173,340,205,65,240,129,276,301,218,375,141,240
148,120,58,35,136,40,133,48,42,58,105,118,240,77,74,69,99,235,129,15,68,116,70,58,101,15,81,62,66,160,189,366,81,123,25,131,133,23,73,134,82,32,112,50,111,112,77,147,39,77
398,288,126,67,333,86,321,103,98,151,292,366,611,206,178,176,259,627,340,37,185,324,194,131,220,81,100,160,179,433,506,970,206,309,85,330,303,66,167,358,195,73,260,134,267,297,221,358,134,237
314,223,101,43,237,53,223,64,76,114,231,277,430,138,130,129,174,403,223,35,119,228,140,91,163,62,160,47,122,292,330,698,125,226,57,255,209,30,112,252,156,56,200,84,184,229,118,268,77,189
298,224,92,47,282,53,246,87,87,107,237,273,459,170,146,154,171,461,242,44,145,249,147,104,177,66,179,122,72,292,412,702,126,243,57,251,220,43,141,268,155,51,218,101,222,243,141,266,89,162
595,560,244,112,640,135,600,198,203,227,524,698,1196,368,329,367,398,1137,655,86,348,662,392,256,456,160,433,292,292,391,1017,1816,372,609,135,651,597,110,306,678,430,160,470,262,509,579,431,664,256,446
689,657,306,139,810,184,727,252,237,307,619,828,1336,468,415,469,512,1281,791,101,402,742,473,264,522,189,506,330,412,1017,548,2064,413,745,165,769,686,137,352,782,482,163,603,299,608,663,511,778,300,472
1204,1212,541,220,1444,298,1301,477,469,558,1163,1542,2392,873,763,849,1020,2422,1490,171,821,1451,836,545,997,366,970,698,702,1816,2064,1791,732,1281,290,1499,1288,256,715,1449,913,296,1016,589,1108,1230,952,1390,518,966
258,255,97,42,302,66,263,87,92,103,220,318,492,154,134,153,216,483,306,33,152,307,163,103,188,81,206,125,126,372,413,732,68,242,64,298,255,49,145,289,193,58,204,113,203,256,185,288,99,222
524,414,192,85,464,109,451,136,137,203,402,522,848,314,249,275,335,845,491,60,286,505,283,194,309,123,309,226,243,609,745,1281,242,228,99,467,435,81,250,531,329,97,389,188,348,426,275,492,146,316
99,118,37,21,102,27,102,30,34,49,79,118,211,59,51,50,62,186,108,17,66,98,65,54,85,25,85,57,57,135,165,290,64,99,7,110,111,18,62,123,70,29,104,52,89,113,81,123,44,78
528,450,228,87,533,124,518,161,177,215,438,618,958,357,276,300,408,978,568,63,252,540,300,198,344,131,330,255,251,651,769,1499,298,467,110,296,513,98,275,561,371,118,430,200,438,511,328,579,195,350
522,435,178,83,469,98,445,149,140,177,377,525,843,275,237,296,348,814,470,61,273,455,299,186,329,133,303,209,220,597,686,1288,255,435,111,513,219,89,258,504,330,91,362,175,363,415,292,493,178,297
89,88,23,18,95,18,88,21,23,37,80,106,163,52,59,53,65,151,91,16,53,104,52,38,62,23,66,30,43,110,137,256,49,81,18,98,89,14,31,75,53,20,67,37,74,68,65,107,32,49
266,231,84,42,251,57,256,82,80,98,229,269,446,180,134,153,188,446,237,32,154,267,162,122,173,73,167,112,141,306,352,715,145,250,62,275,258,31,54,266,170,58,202,103,221,224,184,286,99,165
460,496,205,91,548,111,507,193,179,227,416,599,947,366,309,333,389,957,560,62,267,557,342,210,340,134,358,252,268,678,782,1449,289,531,123,561,504,75,266,295,335,102,401,242,463,499,375,540,199,369
295,299,113,62,349,79,313,122,113,140,261,361,583,229,175,186,257,627,320,48,171,332,208,131,205,82,195,156,155,430,482,913,193,329,70,371,330,53,170,335,124,56,266,137,251,312,234,323,124,224
119,79,43,17,99,29,93,31,30,44,76,109,201,78,48,60,102,193,90,13,48,97,64,35,65,32,73,56,51,160,163,296,58,97,29,118,91,20,58,102,56,12,86,48,70,89,71,105,43,79
369,323,178,55,371,73,344,130,123,160,332,393,677,254,208,237,286,670,387,44,253,373,236,150,240,112,260,200,218,470,603,1016,204,389,104,430,362,67,202,401,266,86,165,139,297,344,241,420,135,281
203,168,59,22,190,42,176,58,66,79,164,206,361,141,92,109,152,367,184,28,106,213,104,83,129,50,134,84,101,262,299,589,113,188,52,200,175,37,103,242,137,48,139,36,170,178,124,185,83,150
471,354,139,73,416,96,390,132,152,173,383,435,679,263,215,254,307,701,384,62,229,391,237,170,276,111,267,184,222,509,608,1108,203,348,89,438,363,74,221,463,251,70,297,170,175,370,258,435,156,286
418,369,202,87,455,118,461,146,149,205,344,509,817,286,258,302,356,843,465,52,282,455,274,189,301,112,297,229,243,579,663,1230,256,426,113,511,415,68,224,499,312,89,344,178,370,203,322,480,159,322
331,284,117,48,302,72,313,94,93,135,266,350,618,193,166,172,236,608,337,30,175,321,201,136,218,77,221,118,141,431,511,952,185,275,81,328,292,65,184,375,234,71,241,124,258,322,95,330,133,230
537,444,220,91,529,118,483,166,174,239,471,538,906,347,281,320,391,919,516,53,269,522,336,215,375,147,358,268,266,664,778,1390,288,492,123,579,493,107,286,540,323,105,420,185,435,480,330,275,155,372
172,179,84,30,167,44,170,60,63,71,137,212,356,126,84,100,117,333,208,22,112,188,112,88,141,39,134,77,89,256,300,518,99,146,44,195,178,32,99,199,124,43,135,83,156,159,133,155,24,123
362,314,144,64,343,91,336,95,110,142,312,363,619,230,204,222,237,587,316,40,186,313,207,145,240,77,237,189,162,446,472,966,222,316,78,350,297,49,165,369,224,79,281,150,286,322,230,372,123,108
