266,506,211,89,480,122,486,200,168,227,453,513,861,375,328,356,352,874,491,70,345,490,351,188,356,144,364,263,301,608,694,1154,258,505,124,542,490,81,264,505,312,115,389,192,417,412,332,497,188,366
506,189,146,85,390,104,447,125,148,172,335,494,807,283,203,259,360,822,429,47,252,431,240,183,276,104,300,193,221,565,668,1270,252,373,95,483,411,64,240,471,295,91,369,155,325,447,225,525,147,291
211,146,35,35,191,48,188,61,61,74,171,246,356,137,94,123,157,345,187,16,99,207,117,77,120,47,112,96,90,247,295,574,98,174,46,177,185,38,104,190,124,26,184,63,160,192,120,204,69,131
89,85,35,5,84,21,83,29,24,38,78,74,154,71,42,62,55,148,95,10,53,95,54,41,66,32,78,41,44,112,120,218,40,86,15,87,83,16,48,83,57,17,76,28,70,75,50,82,27,59
480,390,191,84,265,111,471,136,165,199,436,578,888,321,236,254,377,947,484,62,291,519,315,174,327,99,290,233,243,634,754,1464,291,498,112,540,488,90,242,537,350,112,401,200,373,482,310,543,177,341
122,104,48,21,111,17,112,30,36,47,84,110,193,94,67,78,86,199,124,17,58,103,81,46,88,36,92,42,55,143,146,333,52,98,24,139,101,17,55,111,75,24,98,38,84,104,73,108,36,72
486,447,188,83,471,112,256,146,139,193,389,543,892,325,242,282,358,888,487,60,254,482,274,218,328,118,357,206,258,607,763,1370,259,423,114,550,450,82,229,526,326,113,396,190,400,483,285,479,170,304
200,125,61,29,136,30,146,29,48,76,149,176,268,82,100,92,101,287,156,17,92,165,104,63,101,37,109,73,89,179,224,390,77,131,31,158,150,24,80,192,103,38,121,65,123,140,100,146,58,118
168,148,61,24,165,36,139,48,25,67,138,189,302,90,82,98,117,308,147,21,91,154,100,50,111,52,131,72,75,219,261,444,101,158,34,187,159,24,74,166,103,32,149,53,133,156,101,178,62,100
227,172,74,38,199,47,193,76,67,44,150,201,349,150,119,128,146,360,233,19,115,222,135,90,145,49,117,95,111,249,307,552,126,208,34,203,191,32,128,213,128,43,170,82,168,212,140,241,68,148
453,335,171,78,436,84,389,149,138,150,152,496,771,315,252,272,300,752,446,46,237,449,258,163,274,118,308,206,217,532,637,1138,233,423,88,465,400,67,208,463,283,93,326,142,358,405,263,450,143,281
513,494,246,74,578,110,543,176,189,201,496,301,1060,343,303,311,406,1061,580,66,321,583,326,219,371,143,408,251,294,711,886,1695,318,526,98,570,544,98,292,627,392,122,449,227,493,570,347,593,219,391
861,807,356,154,888,193,892,268,302,349,771,1060,822,567,445,512,686,1458,923,115,535,896,513,400,612,236,603,417,454,1166,1327,2484,457,799,198,997,841,169,481,987,611,197,709,338,734,858,551,961,316,611
375,283,137,71,321,94,325,82,90,150,315,343,567,108,182,184,240,549,340,42,176,343,211,132,217,83,210,160,163,358,486,879,172,315,67,325,359,46,161,328,209,64,256,114,269,345,194,336,125,233
328,203,94,42,236,67,242,100,82,119,252,303,445,182,80,137,192,440,258,25,137,278,141,101,152,66,158,138,111,293,395,744,147,253,62,254,257,43,139,250,152,47,219,87,198,251,164,289,104,188
356,259,123,62,254,78,282,92,98,128,272,311,512,184,137,85,215,463,293,28,159,314,155,114,161,82,178,123,134,312,410,768,152,264,78,296,272,46,141,292,192,50,229,82,206,270,154,320,104,185
352,360,157,55,377,86,358,101,117,146,300,406,686,240,192,215,141,661,387,37,211,362,226,150,247,98,238,173,194,432,520,955,192,345,93,393,366,47,180,397,229,78,271,135,273,321,238,378,147,244
874,822,345,148,947,199,888,287,308,360,752,1061,1458,549,440,463,661,832,954,109,527,900,506,350,640,234,601,438,432,1170,1360,2463,468,820,206,1005,820,171,460,995,623,206,692,312,708,833,554,903,329,586
491,429,187,95,484,124,487,156,147,233,446,580,923,340,258,293,387,954,243,67,289,483,295,191,317,116,315,219,237,639,742,1431,271,467,120,528,481,96,238,548,306,106,388,198,381,446,328,507,180,308
70,47,16,10,62,17,60,17,21,19,46,66,115,42,25,28,37,109,67,4,32,67,36,25,40,13,38,39,28,60,116,183,37,63,12,63,66,11,28,59,39,9,56,15,39,52,41,74,25,50
345,252,99,53,291,58,254,92,91,115,237,321,535,176,137,159,211,527,289,32,69,305,168,107,177,79,196,117,123,315,398,798,153,248,68,286,250,27,138,279,169,69,241,94,208,232,170,283,100,210
490,431,207,95,519,103,482,165,154,222,449,583,896,343,278,314,362,900,483,67,305,253,296,200,326,124,334,221,249,626,751,1390,294,451,123,525,488,87,266,555,340,110,385,187,403,491,321,490,174,316
351,240,117,54,315,81,274,104,100,135,258,326,513,211,141,155,226,506,295,36,168,296,88,106,188,70,184,161,130,368,420,864,154,272,68,313,275,49,159,295,214,65,206,122,196,271,182,277,84,198
188,183,77,41,174,46,218,63,50,90,163,219,400,132,101,114,150,350,191,25,107,200,106,52,125,45,148,90,126,258,319,563,116,173,42,189,194,30,95,229,138,34,148,74,178,187,112,227,66,146
356,276,120,66,327,88,328,101,111,145,274,371,612,217,152,161,247,640,317,40,177,326,188,125,114,78,202,151,162,400,512,1000,191,326,89,340,308,48,170,338,214,63,273,126,250,334,218,358,134,228
144,104,47,32,99,36,118,37,52,49,118,143,236,83,66,82,98,234,116,13,79,124,70,45,78,17,79,52,71,155,205,357,51,123,30,137,129,23,69,133,89,26,113,51,107,121,64,133,46,72
364,300,112,78,290,92,357,109,131,117,308,408,603,210,158,178,238,601,315,38,196,334,184,148,202,79,115,159,162,418,499,954,177,324,80,353,320,61,167,354,228,71,311,117,274,292,177,381,126,209
263,193,96,41,233,42,206,73,72,95,206,251,417,160,138,123,173,438,219,39,117,221,161,90,151,52,159,52,131,286,349,648,138,208,48,247,183,45,111,215,167,42,182,90,181,203,167,240,98,156
301,221,90,44,243,55,258,89,75,111,217,294,454,163,111,134,194,432,237,28,123,249,130,126,162,71,162,131,63,309,376,665,132,215,54,243,233,53,118,265,179,49,196,94,197,253,160,265,98,163
608,565,247,112,634,143,607,179,219,249,532,711,1166,358,293,312,432,1170,639,60,315,626,368,258,400,155,418,286,309,371,955,1808,358,549,140,646,573,116,295,685,422,149,545,225,455,593,393,662,232,402
694,668,295,120,754,146,763,224,261,307,637,886,1327,486,395,410,520,1360,742,116,398,751,420,319,512,205,499,349,376,955,515,2092,410,735,179,800,707,129,381,834,500,140,607,280,630,670,474,757,284,458
1154,1270,574,218,1464,333,1370,390,444,552,1138,1695,2484,879,744,768,955,2463,1431,183,798,1390,864,563,1000,357,954,648,665,1808,2092,1930,717,1337,325,1553,1247,230,711,1543,949,318,1008,542,1153,1284,918,1460,475,913
258,252,98,40,291,52,259,77,101,126,233,318,457,172,147,152,192,468,271,37,153,294,154,116,191,51,177,138,132,358,410,717,72,267,59,328,253,46,150,271,188,69,202,101,194,272,170,293,103,201
505,373,174,86,498,98,423,131,158,208,423,526,799,315,253,264,345,820,467,63,248,451,272,173,326,123,324,208,215,549,735,1337,267,211,105,501,448,64,233,467,309,103,358,174,347,428,298,461,178,330
124,95,46,15,112,24,114,31,34,34,88,98,198,67,62,78,93,206,120,12,68,123,68,42,89,30,80,48,54,140,179,325,59,105,13,117,93,18,64,111,75,30,86,36,100,98,81,119,32,70
542,483,177,87,540,139,550,158,187,203,465,570,997,325,254,296,393,1005,528,63,286,525,313,189,340,137,353,247,243,646,800,1553,328,501,117,277,512,78,290,599,339,112,403,209,392,501,329,558,220,349
490,411,185,83,488,101,450,150,159,191,400,544,841,359,257,272,366,820,481,66,250,488,275,194,308,129,320,183,233,573,707,1247,253,448,93,512,175,74,255,472,347,104,356,180,388,431,292,493,159,321
81,64,38,16,90,17,82,24,24,32,67,98,169,46,43,46,47,171,96,11,27,87,49,30,48,23,61,45,53,116,129,230,46,64,18,78,74,6,42,102,51,8,61,40,76,88,49,105,36,51
264,240,104,48,242,55,229,80,74,128,208,292,481,161,139,141,180,460,238,28,138,266,159,95,170,69,167,111,118,295,381,711,150,233,64,290,255,42,58,319,173,51,192,96,204,237,172,248,95,173
505,471,190,83,537,111,526,192,166,213,463,627,987,328,250,292,397,995,548,59,279,555,295,229,338,133,354,215,265,685,834,1543,271,467,111,599,472,102,319,296,382,97,422,204,411,513,333,519,196,372
312,295,124,57,350,75,326,103,103,128,283,392,611,209,152,192,229,623,306,39,169,340,214,138,214,89,228,167,179,422,500,949,188,309,75,339,347,51,173,382,111,59,268,122,284,313,195,340,114,204
115,91,26,17,112,24,113,38,32,43,93,122,197,64,47,50,78,206,106,9,69,110,65,34,63,26,71,42,49,149,140,318,69,103,30,112,104,8,51,97,59,13,79,45,88,111,77,113,43,67
389,369,184,76,401,98,396,121,149,170,326,449,709,256,219,229,271,692,388,56,241,385,206,148,273,113,311,182,196,545,607,1008,202,358,86,403,356,61,192,422,268,79,151,154,319,332,236,384,144,267
192,155,63,28,200,38,190,65,53,82,142,227,338,114,87,82,135,312,198,15,94,187,122,74,126,51,117,90,94,225,280,542,101,174,36,209,180,40,96,204,122,45,154,48,133,204,108,208,75,132
417,325,160,70,373,84,400,123,133,168,358,493,734,269,198,206,273,708,381,39,208,403,196,178,250,107,274,181,197,455,630,1153,194,347,100,392,388,76,204,411,284,88,319,133,167,419,232,429,147,281
412,447,192,75,482,104,483,140,156,212,405,570,858,345,251,270,321,833,446,52,232,491,271,187,334,121,292,203,253,593,670,1284,272,428,98,501,431,88,237,513,313,111,332,204,419,218,319,531,160,316
332,225,120,50,310,73,285,100,101,140,263,347,551,194,164,154,238,554,328,41,170,321,182,112,218,64,177,167,160,393,474,918,170,298,81,329,292,49,172,333,195,77,236,108,232,319,98,321,128,224
497,525,204,82,543,108,479,146,178,241,450,593,961,336,289,320,378,903,507,74,283,490,277,227,358,133,381,240,265,662,757,1460,293,461,119,558,493,105,248,519,340,113,384,208,429,531,321,266,176,364
188,147,69,27,177,36,170,58,62,68,143,219,316,125,104,104,147,329,180,25,100,174,84,66,134,46,126,98,98,232,284,475,103,178,32,220,159,36,95,196,114,43,144,75,147,160,128,176,25,133
366,291,131,59,341,72,304,118,100,148,281,391,611,233,188,185,244,586,308,50,210,316,198,146,228,72,209,156,163,402,458,913,201,330,70,349,321,51,173,372,204,67,267,132,281,316,224,364,133,98
