257,456,205,92,476,123,484,183,205,248,429,511,827,380,340,335,355,866,523,68,321,528,362,193,356,146,351,282,307,617,733,1261,268,477,103,540,490,87,237,479,298,95,366,175,410,419,351,468,187,345
456,197,162,81,429,112,416,112,148,175,385,480,826,263,224,225,305,783,424,54,214,434,268,173,286,112,264,191,243,465,632,1243,261,419,110,451,390,92,225,442,279,90,331,162,323,400,273,465,149,304
205,162,38,34,192,46,188,53,60,81,177,200,354,132,95,98,148,347,203,27,119,212,127,88,110,39,122,92,109,239,290,566,97,178,60,197,155,24,85,224,144,60,141,74,172,163,119,233,80,147
92,81,34,8,74,22,61,25,30,33,70,83,146,53,41,43,58,146,88,14,51,72,48,29,57,22,67,43,48,102,133,222,37,82,15,85,72,23,33,81,49,17,68,31,74,79,51,83,29,66
476,429,192,74,266,109,451,138,183,231,484,557,906,334,280,292,334,894,524,72,300,505,288,201,288,121,321,277,243,638,783,1394,235,471,108,537,443,79,246,513,323,104,382,168,386,473,312,497,172,324
123,112,46,22,109,11,101,39,37,51,108,119,215,77,61,59,76,196,116,16,71,126,76,46,88,31,90,41,69,148,178,283,52,108,20,117,112,24,38,131,65,25,74,42,104,98,74,123,38,78
484,416,188,61,451,101,240,139,148,205,396,509,847,290,261,287,352,815,495,59,273,487,262,179,305,125,327,224,265,592,778,1339,283,443,88,526,426,81,226,545,312,105,373,174,373,441,295,507,181,307
183,112,53,25,138,39,139,22,56,72,138,192,290,86,74,80,116,279,154,15,65,154,95,65,107,36,94,61,79,168,247,452,101,144,30,170,176,25,63,162,86,20,132,51,133,152,94,150,67,88
205,148,60,30,183,37,148,56,32,88,152,170,289,109,88,90,141,313,166,29,89,169,104,56,103,34,101,74,90,195,233,464,80,162,35,181,158,25,77,177,98,44,121,65,122,136,119,156,62,111
248,175,81,33,231,51,205,72,88,43,167,219,385,124,114,113,164,352,218,25,90,194,124,89,131,45,132,93,118,240,323,582,111,187,38,201,211,43,105,205,112,40,137,79,152,198,134,192,74,157
429,385,177,70,484,108,396,138,152,167,181,500,746,310,231,240,307,761,434,62,231,436,269,163,294,108,289,204,235,528,664,1147,225,376,95,436,399,72,202,459,270,95,308,166,336,383,278,438,156,324
511,480,200,83,557,119,509,192,170,219,500,341,1051,346,284,316,408,1045,550,75,314,565,312,238,364,138,349,285,285,693,819,1565,302,490,130,580,496,107,248,602,384,117,451,220,431,505,339,595,200,362
827,826,354,146,906,215,847,290,289,385,746,1051,793,561,484,549,656,1422,917,104,485,912,506,354,592,230,605,422,459,1088,1289,2364,468,848,173,973,853,160,472,958,611,187,663,343,716,819,567,909,309,574
380,263,132,53,334,77,290,86,109,124,310,346,561,114,173,221,261,584,360,44,179,358,194,141,228,87,218,175,166,417,507,931,172,306,88,331,294,50,159,347,173,51,245,137,254,324,207,327,124,249
340,224,95,41,280,61,261,74,88,114,231,284,484,173,57,137,210,468,264,22,136,264,162,120,188,70,197,141,150,326,413,720,135,235,47,302,260,40,128,261,175,41,211,104,232,251,172,296,93,200
335,225,98,43,292,59,287,80,90,113,240,316,549,221,137,80,218,559,286,29,169,308,179,113,192,82,197,121,143,374,469,819,155,291,49,292,278,48,124,284,197,59,223,106,244,267,174,338,100,195
355,305,148,58,334,76,352,116,141,164,307,408,656,261,210,218,129,647,382,33,195,375,203,133,230,104,248,155,193,429,541,1007,173,344,77,384,319,55,183,382,249,79,284,148,297,315,260,370,140,244
866,783,347,146,894,196,815,279,313,352,761,1045,1422,584,468,559,647,762,901,107,509,897,540,369,607,261,625,423,449,1069,1310,2309,458,843,185,1008,840,145,464,929,565,174,657,347,759,852,528,916,290,602
523,424,203,88,524,116,495,154,166,218,434,550,917,360,264,286,382,901,267,81,261,522,318,183,305,140,334,260,257,667,741,1449,263,501,126,552,478,83,271,536,299,113,429,209,415,452,302,520,192,365
68,54,27,14,72,16,59,15,29,25,62,75,104,44,22,29,33,107,81,4,47,65,32,28,44,14,39,29,31,76,100,183,25,54,17,62,62,15,32,49,43,7,41,10,48,57,41,58,22,43
321,214,119,51,300,71,273,65,89,90,231,314,485,179,136,169,195,509,261,47,66,315,169,98,202,66,172,116,137,366,397,816,174,247,54,256,283,54,125,282,183,50,230,115,243,288,189,302,113,164
528,434,212,72,505,126,487,154,169,194,436,565,912,358,264,308,375,897,522,65,315,296,308,197,330,156,361,245,276,628,769,1380,273,480,126,577,459,75,268,531,311,131,397,199,423,450,307,556,185,363
362,268,127,48,288,76,262,95,104,124,269,312,506,194,162,179,203,540,318,32,169,308,77,109,195,71,188,124,141,328,454,824,161,302,59,308,262,54,158,310,196,61,235,124,238,286,185,333,116,202
193,173,88,29,201,46,179,65,56,89,163,238,354,141,120,113,133,369,183,28,98,197,109,36,130,52,132,108,112,260,270,565,110,168,62,194,158,32,92,198,133,36,161,83,152,189,117,224,69,135
356,286,110,57,288,88,305,107,103,131,294,364,592,228,188,192,230,607,305,44,202,330,195,130,99,80,198,157,158,397,483,937,192,341,81,330,319,65,173,309,211,72,257,119,251,302,184,373,120,244
146,112,39,22,121,31,125,36,34,45,108,138,230,87,70,82,104,261,140,14,66,156,71,52,80,12,76,54,61,165,204,340,69,114,29,136,121,19,67,146,77,32,89,61,100,113,75,160,41,100
351,264,122,67,321,90,327,94,101,132,289,349,605,218,197,197,248,625,334,39,172,361,188,132,198,76,100,169,168,389,506,962,201,325,78,368,327,62,180,332,184,65,269,120,285,279,209,386,128,230
282,191,92,43,277,41,224,61,74,93,204,285,422,175,141,121,155,423,260,29,116,245,124,108,157,54,169,66,128,285,359,665,133,229,49,223,221,31,115,236,174,61,191,88,196,231,151,224,104,169
307,243,109,48,243,69,265,79,90,118,235,285,459,166,150,143,193,449,257,31,137,276,141,112,158,61,168,128,66,322,392,710,123,237,58,255,263,42,131,292,151,53,186,84,198,233,147,297,98,186
617,465,239,102,638,148,592,168,195,240,528,693,1088,417,326,374,429,1069,667,76,366,628,328,260,397,165,389,285,322,371,971,1745,308,578,131,655,570,104,309,615,392,128,496,216,507,567,357,644,229,445
733,632,290,133,783,178,778,247,233,323,664,819,1289,507,413,469,541,1310,741,100,397,769,454,270,483,204,506,359,392,971,525,1981,390,735,166,793,704,114,384,755,505,159,555,270,633,704,499,745,287,538
1261,1243,566,222,1394,283,1339,452,464,582,1147,1565,2364,931,720,819,1007,2309,1449,183,816,1380,824,565,937,340,962,665,710,1745,1981,1844,688,1214,313,1510,1261,263,696,1452,925,312,1010,523,1112,1285,931,1402,509,951
268,261,97,37,235,52,283,101,80,111,225,302,468,172,135,155,173,458,263,25,174,273,161,110,192,69,201,133,123,308,390,688,79,242,58,304,255,47,131,283,202,66,206,108,246,262,199,291,102,173
477,419,178,82,471,108,443,144,162,187,376,490,848,306,235,291,344,843,501,54,247,480,302,168,341,114,325,229,237,578,735,1214,242,211,111,504,417,76,243,502,302,116,361,196,414,424,294,468,176,291
103,110,60,15,108,20,88,30,35,38,95,130,173,88,47,49,77,185,126,17,54,126,59,62,81,29,78,49,58,131,166,313,58,111,11,122,99,19,54,121,78,24,81,48,117,108,72,109,36,73
540,451,197,85,537,117,526,170,181,201,436,580,973,331,302,292,384,1008,552,62,256,577,308,194,330,136,368,223,255,655,793,1510,304,504,122,292,497,86,286,586,346,109,442,186,436,486,350,544,216,366
490,390,155,72,443,112,426,176,158,211,399,496,853,294,260,278,319,840,478,62,283,459,262,158,319,121,327,221,263,570,704,1261,255,417,99,497,197,87,215,483,326,102,362,176,381,410,306,501,172,312
87,92,24,23,79,24,81,25,25,43,72,107,160,50,40,48,55,145,83,15,54,75,54,32,65,19,62,31,42,104,114,263,47,76,19,86,87,3,35,97,57,21,74,36,67,79,57,96,44,56
237,225,85,33,246,38,226,63,77,105,202,248,472,159,128,124,183,464,271,32,125,268,158,92,173,67,180,115,131,309,384,696,131,243,54,286,215,35,52,278,174,41,198,88,193,244,185,263,87,170
479,442,224,81,513,131,545,162,177,205,459,602,958,347,261,284,382,929,536,49,282,531,310,198,309,146,332,236,292,615,755,1452,283,502,121,586,483,97,278,295,391,119,416,181,401,492,291,521,175,358
298,279,144,49,323,65,312,86,98,112,270,384,611,173,175,197,249,565,299,43,183,311,196,133,211,77,184,174,151,392,505,925,202,302,78,346,326,57,174,391,112,63,264,113,228,340,188,342,108,208
95,90,60,17,104,25,105,20,44,40,95,117,187,51,41,59,79,174,113,7,50,131,61,36,72,32,65,61,53,128,159,312,66,116,24,109,102,21,41,119,63,7,77,40,90,115,70,107,42,61
366,331,141,68,382,74,373,132,121,137,308,451,663,245,211,223,284,657,429,41,230,397,235,161,257,89,269,191,186,496,555,1010,206,361,81,442,362,74,198,416,264,77,140,145,301,345,238,385,120,258
175,162,74,31,168,42,174,51,65,79,166,220,343,137,104,106,148,347,209,10,115,199,124,83,119,61,120,88,84,216,270,523,108,196,48,186,176,36,88,181,113,40,145,29,150,169,114,204,70,126
410,323,172,74,386,104,373,133,122,152,336,431,716,254,232,244,297,759,415,48,243,423,238,152,251,100,285,196,198,507,633,1112,246,414,117,436,381,67,193,401,228,90,301,150,182,383,264,464,162,276
419,400,163,79,473,98,441,152,136,198,383,505,819,324,251,267,315,852,452,57,288,450,286,189,302,113,279,231,233,567,704,1285,262,424,108,486,410,79,244,492,340,115,345,169,383,201,300,459,173,285
351,273,119,51,312,74,295,94,119,134,278,339,567,207,172,174,260,528,302,41,189,307,185,117,184,75,209,151,147,357,499,931,199,294,72,350,306,57,185,291,188,70,238,114,264,300,105,372,122,185
468,465,233,83,497,123,507,150,156,192,438,595,909,327,296,338,370,916,520,58,302,556,333,224,373,160,386,224,297,644,745,1402,291,468,109,544,501,96,263,521,342,107,385,204,464,459,372,242,202,324
187,149,80,29,172,38,181,67,62,74,156,200,309,124,93,100,140,290,192,22,113,185,116,69,120,41,128,104,98,229,287,509,102,176,36,216,172,44,87,175,108,42,120,70,162,173,122,202,30,126
345,304,147,66,324,78,307,88,111,157,324,362,574,249,200,195,244,602,365,43,164,363,202,135,244,100,230,169,186,445,538,951,173,291,73,366,312,56,170,358,208,61,258,126,276,285,185,324,126,91
