290,484,227,83,494,100,485,183,173,266,464,537,807,376,282,351,347,803,526,69,332,481,330,210,374,153,375,299,303,577,717,1170,254,483,96,486,481,65,245,453,309,113,348,158,415,408,320,469,159,400
484,181,154,81,446,103,430,133,144,196,384,478,789,303,242,223,347,808,491,51,235,448,269,167,260,114,279,189,208,536,612,1201,236,405,90,485,417,69,203,430,278,87,348,190,344,411,277,473,186,304
227,154,28,37,192,59,212,53,56,81,182,189,371,123,111,110,148,370,182,20,109,207,109,92,140,46,126,94,90,268,311,545,108,187,48,207,212,38,92,236,134,38,130,75,157,164,114,205,80,143
83,81,37,5,74,19,83,28,35,36,65,83,162,58,55,56,54,152,80,12,44,90,53,51,70,24,79,32,47,110,122,203,50,77,18,88,81,10,38,64,62,21,64,30,76,80,51,88,31,71
494,446,192,74,274,103,485,155,164,215,436,577,894,338,275,291,386,941,485,49,305,485,290,209,346,129,342,238,235,665,737,1383,266,484,114,522,501,76,265,562,355,104,347,198,427,472,336,552,183,349
100,103,59,19,103,9,91,41,51,45,77,121,209,84,72,69,73,187,121,11,67,112,82,58,71,34,96,52,73,145,154,283,77,114,21,125,102,14,56,99,78,29,74,46,92,101,76,115,31,85
485,430,212,83,485,91,235,148,181,198,380,562,905,299,269,304,342,888,491,55,246,493,298,184,348,106,340,229,246,670,783,1363,285,417,106,546,438,75,228,499,296,100,350,185,375,447,316,468,157,338
183,133,53,28,155,41,148,22,58,71,147,157,282,84,80,92,113,285,153,17,80,152,93,61,92,43,106,59,70,191,233,422,84,133,41,152,147,27,64,158,83,25,121,58,113,149,92,170,55,93
173,144,56,35,164,51,181,58,22,74,126,194,314,100,82,94,126,292,168,17,74,164,94,60,123,44,101,84,87,195,246,484,90,164,29,180,155,19,89,169,112,30,117,52,126,152,120,149,61,101
266,196,81,36,215,45,198,71,74,37,145,209,341,146,105,114,161,354,217,32,133,237,130,87,140,57,159,99,119,250,321,561,121,193,44,202,181,40,103,209,123,49,168,83,188,189,133,214,87,152
464,384,182,65,436,77,380,147,126,145,155,464,728,276,248,270,306,710,442,62,259,452,263,181,256,123,285,206,233,523,628,1179,221,395,79,454,365,66,223,452,288,88,326,163,345,377,271,450,175,297
537,478,189,83,577,121,562,157,194,209,464,320,983,348,274,297,393,989,587,74,299,564,306,215,373,117,387,248,288,740,871,1618,294,524,131,618,499,88,280,642,393,122,441,224,409,514,341,590,192,384
807,789,371,162,894,209,905,282,314,341,728,983,789,621,503,537,670,1488,910,116,546,916,555,350,620,222,613,440,453,1148,1385,2450,485,861,217,958,844,159,467,1001,626,170,671,372,694,853,561,962,342,615
376,303,123,58,338,84,299,84,100,146,276,348,621,103,183,186,222,612,317,39,186,327,201,134,236,99,248,161,175,394,494,952,205,288,85,342,316,45,158,364,209,69,249,105,261,276,202,341,144,226
282,242,111,55,275,72,269,80,82,105,248,274,503,183,62,131,186,482,256,43,148,295,149,105,185,60,200,120,146,311,394,744,149,257,54,273,261,47,110,261,165,54,199,90,209,224,161,282,107,185
351,223,110,56,291,69,304,92,94,114,270,297,537,186,131,80,203,488,281,31,150,314,170,128,208,57,191,134,140,326,447,781,169,264,66,305,307,51,147,309,209,68,227,94,229,246,183,326,140,172
347,347,148,54,386,73,342,113,126,161,306,393,670,222,186,203,124,680,383,52,182,360,219,146,243,84,236,201,193,478,506,962,216,356,84,357,317,54,179,389,266,72,266,111,275,339,232,337,144,250
803,808,370,152,941,187,888,285,292,354,710,989,1488,612,482,488,680,800,896,106,525,944,548,364,615,229,621,414,472,1117,1313,2404,472,847,202,957,799,144,463,894,586,187,653,370,716,852,547,953,342,610
526,491,182,80,485,121,491,153,168,217,442,587,910,317,256,281,383,896,248,62,276,480,303,203,347,131,354,258,235,611,771,1443,283,443,107,531,484,77,256,557,349,100,395,204,386,472,333,523,201,379
69,51,20,12,49,11,55,17,17,32,62,74,116,39,43,31,52,106,62,2,27,66,39,22,29,13,35,24,29,75,87,167,31,50,14,69,50,13,20,70,41,14,45,22,37,62,47,53,19,55
332,235,109,44,305,67,246,80,74,133,259,299,546,186,148,150,182,525,276,27,78,289,175,120,181,71,191,115,129,335,459,828,158,242,63,292,256,58,148,313,197,61,222,92,230,276,173,287,96,219
481,448,207,90,485,112,493,152,164,237,452,564,916,327,295,314,360,944,480,66,289,274,319,183,341,136,360,247,256,675,762,1466,293,478,130,581,459,85,254,567,316,92,390,193,399,440,355,497,192,353
330,269,109,53,290,82,298,93,94,130,263,306,555,201,149,170,219,548,303,39,175,319,83,127,208,73,203,113,142,375,411,844,172,280,73,319,279,42,146,322,181,56,242,101,226,260,189,310,123,213
210,167,92,51,209,58,184,61,60,87,181,215,350,134,105,128,146,364,203,22,120,183,127,37,151,51,135,81,126,258,267,549,76,193,44,231,185,32,102,192,139,46,165,76,149,169,132,206,81,123
374,260,140,70,346,71,348,92,123,140,256,373,620,236,185,208,243,615,347,29,181,341,208,151,97,89,225,150,164,431,510,932,161,297,70,354,316,53,171,325,217,81,285,122,252,302,200,337,133,219
153,114,46,24,129,34,106,43,44,57,123,117,222,99,60,57,84,229,131,13,71,136,73,51,89,9,69,56,49,176,166,359,61,118,33,118,123,18,58,127,88,25,104,43,78,127,103,114,61,87
375,279,126,79,342,96,340,106,101,159,285,387,613,248,200,191,236,621,354,35,191,360,203,135,225,69,101,142,162,412,469,994,176,335,87,363,325,54,156,350,233,70,276,119,251,334,236,326,156,227
299,189,94,32,238,52,229,59,84,99,206,248,440,161,120,134,201,414,258,24,115,247,113,81,150,56,142,46,103,310,350,643,140,185,58,257,224,28,112,251,147,48,212,88,185,218,142,241,87,153
303,208,90,47,235,73,246,70,87,119,233,288,453,175,146,140,193,472,235,29,129,256,142,126,164,49,162,103,67,302,347,728,148,229,63,245,236,47,144,278,161,48,196,90,228,236,155,242,88,170
577,536,268,110,665,145,670,191,195,250,523,740,1148,394,311,326,478,1117,611,75,335,675,375,258,431,176,412,310,302,397,949,1804,334,645,151,692,643,115,301,701,399,132,476,233,535,589,394,657,228,425
717,612,311,122,737,154,783,233,246,321,628,871,1385,494,394,447,506,1313,771,87,459,762,411,267,510,166,469,350,347,949,585,2060,400,689,182,793,737,148,378,794,495,146,532,295,624,689,505,764,297,525
1170,1201,545,203,1383,283,1363,422,484,561,1179,1618,2450,952,744,781,962,2404,1443,167,828,1466,844,549,932,359,994,643,728,1804,2060,1834,710,1285,337,1546,1295,259,730,1535,919,282,1067,510,1115,1272,892,1417,520,915
254,236,108,50,266,77,285,84,90,121,221,294,485,205,149,169,216,472,283,31,158,293,172,76,161,61,176,140,148,334,400,710,76,277,52,303,247,50,142,285,166,53,224,99,208,267,150,272,98,182
483,405,187,77,484,114,417,133,164,193,395,524,861,288,257,264,356,847,443,50,242,478,280,193,297,118,335,185,229,645,689,1285,277,237,103,495,423,70,217,477,334,92,323,182,337,434,310,457,163,329
96,90,48,18,114,21,106,41,29,44,79,131,217,85,54,66,84,202,107,14,63,130,73,44,70,33,87,58,63,151,182,337,52,103,10,129,91,18,63,110,75,34,92,47,96,92,72,134,33,72
486,485,207,88,522,125,546,152,180,202,454,618,958,342,273,305,357,957,531,69,292,581,319,231,354,118,363,257,245,692,793,1546,303,495,129,229,471,83,265,605,380,101,432,199,440,507,317,556,204,362
481,417,212,81,501,102,438,147,155,181,365,499,844,316,261,307,317,799,484,50,256,459,279,185,316,123,325,224,236,643,737,1295,247,423,91,471,200,79,233,517,330,90,384,173,345,439,304,458,174,310
65,69,38,10,76,14,75,27,19,40,66,88,159,45,47,51,54,144,77,13,58,85,42,32,53,18,54,28,47,115,148,259,50,70,18,83,79,1,43,88,55,15,63,32,70,78,49,88,18,47
245,203,92,38,265,56,228,64,89,103,223,280,467,158,110,147,179,463,256,20,148,254,146,102,171,58,156,112,144,301,378,730,142,217,63,265,233,43,60,264,129,46,171,95,209,213,165,252,93,156
453,430,236,64,562,99,499,158,169,209,452,642,1001,364,261,309,389,894,557,70,313,567,322,192,325,127,350,251,278,701,794,1535,285,477,110,605,517,88,264,292,344,105,389,206,424,487,346,532,175,370
309,278,134,62,355,78,296,83,112,123,288,393,626,209,165,209,266,586,349,41,197,316,181,139,217,88,233,147,161,399,495,919,166,334,75,380,330,55,129,344,96,52,252,105,260,277,212,321,136,234
113,87,38,21,104,29,100,25,30,49,88,122,170,69,54,68,72,187,100,14,61,92,56,46,81,25,70,48,48,132,146,282,53,92,34,101,90,15,46,105,52,11,65,37,74,73,77,114,46,73
348,348,130,64,347,74,350,121,117,168,326,441,671,249,199,227,266,653,395,45,222,390,242,165,285,104,276,212,196,476,532,1067,224,323,92,432,384,63,171,389,252,65,141,141,335,357,248,376,149,278
158,190,75,30,198,46,185,58,52,83,163,224,372,105,90,94,111,370,204,22,92,193,101,76,122,43,119,88,90,233,295,510,99,182,47,199,173,32,95,206,105,37,141,36,143,172,109,191,68,122
415,344,157,76,427,92,375,113,126,188,345,409,694,261,209,229,275,716,386,37,230,399,226,149,252,78,251,185,228,535,624,1115,208,337,96,440,345,70,209,424,260,74,335,143,154,362,255,421,157,269
408,411,164,80,472,101,447,149,152,189,377,514,853,276,224,246,339,852,472,62,276,440,260,169,302,127,334,218,236,589,689,1272,267,434,92,507,439,78,213,487,277,73,357,172,362,205,251,475,173,295
320,277,114,51,336,76,316,92,120,133,271,341,561,202,161,183,232,547,333,47,173,355,189,132,200,103,236,142,155,394,505,892,150,310,72,317,304,49,165,346,212,77,248,109,255,251,80,317,112,209
469,473,205,88,552,115,468,170,149,214,450,590,962,341,282,326,337,953,523,53,287,497,310,206,337,114,326,241,242,657,764,1417,272,457,134,556,458,88,252,532,321,114,376,191,421,475,317,245,175,360
159,186,80,31,183,31,157,55,61,87,175,192,342,144,107,140,144,342,201,19,96,192,123,81,133,61,156,87,88,228,297,520,98,163,33,204,174,18,93,175,136,46,149,68,157,173,112,175,32,166
400,304,143,71,349,85,338,93,101,152,297,384,615,226,185,172,250,610,379,55,219,353,213,123,219,87,227,153,170,425,525,915,182,329,72,362,310,47,156,370,234,73,278,122,269,295,209,360,166,110
