240,449,198,81,473,105,450,178,141,235,432,467,800,335,307,332,355,778,477,66,331,512,322,220,367,147,365,290,301,613,689,1150,232,480,107,494,489,87,258,436,262,104,379,163,431,436,312,501,146,361
449,179,175,76,415,105,438,145,126,189,385,515,779,288,230,235,321,768,450,53,225,477,222,167,263,115,287,191,212,551,706,1241,246,415,79,457,399,77,214,439,286,89,325,166,350,399,259,424,146,319
198,175,39,35,204,45,197,56,63,75,170,210,329,125,92,106,140,364,225,24,111,221,111,80,124,52,145,89,95,230,287,600,101,195,46,190,186,38,82,195,137,37,154,73,147,182,120,196,75,123
81,76,35,6,84,15,72,33,28,33,88,98,130,45,42,46,56,145,93,9,58,73,32,32,50,26,50,42,51,114,110,220,33,70,16,84,93,14,39,75,46,19,73,27,65,83,52,73,23,50
473,415,204,84,250,130,471,164,176,208,420,599,953,345,265,294,401,895,538,50,276,538,275,196,332,115,312,233,286,692,783,1391,274,482,111,552,467,80,251,516,341,112,373,185,411,460,347,498,206,317
105,105,45,15,130,11,97,35,39,37,101,127,191,77,54,61,78,192,122,16,73,114,54,41,81,34,79,49,61,142,153,276,60,100,24,117,129,19,58,118,53,30,82,40,94,111,78,97,27,73
450,438,197,72,471,97,230,149,173,209,439,497,834,285,247,271,347,779,527,68,298,469,291,191,339,137,339,211,274,612,710,1306,236,440,98,509,428,76,245,469,280,97,382,173,379,449,309,445,162,324
178,145,56,33,164,35,149,24,45,81,132,168,277,93,77,83,117,270,148,23,96,146,115,64,99,30,96,68,67,184,215,434,72,179,28,173,162,20,74,161,107,30,138,57,116,159,95,164,51,118
141,126,63,28,176,39,173,45,26,77,143,186,268,109,77,92,100,283,167,22,89,178,97,73,101,40,105,68,87,198,240,444,84,153,38,179,152,28,75,184,97,22,103,42,127,168,115,151,56,121
235,189,75,33,208,37,209,81,77,48,167,221,365,144,109,114,148,344,201,26,127,228,109,90,139,45,151,105,109,243,291,536,97,198,44,213,180,25,110,213,126,43,154,89,167,213,147,213,64,121
432,385,170,88,420,101,439,132,143,167,178,455,715,292,229,238,291,704,441,58,237,441,267,187,294,99,308,200,206,550,640,1105,230,424,94,454,384,71,202,398,259,72,294,155,334,417,302,420,157,277
467,515,210,98,599,127,497,168,186,221,455,328,1025,340,291,319,410,1022,590,70,294,542,325,223,355,131,353,256,260,719,820,1563,296,529,116,566,522,84,281,628,357,93,438,193,422,488,335,572,222,379
800,779,329,130,953,191,834,277,268,365,715,1025,799,572,468,516,662,1434,943,113,512,867,557,355,577,234,582,431,467,1129,1290,2369,462,818,192,980,825,154,460,913,600,172,656,328,721,845,551,895,314,567
335,288,125,45,345,77,285,93,109,144,292,340,572,113,141,171,243,552,345,37,181,316,167,140,198,83,211,173,148,409,461,924,147,299,92,312,285,57,155,319,185,74,270,116,232,305,196,321,112,205
307,230,92,42,265,54,247,77,77,109,229,291,468,141,65,141,210,501,255,39,123,258,169,116,174,76,184,127,123,343,370,731,121,233,50,281,232,46,139,276,168,45,177,107,189,240,170,262,92,201
332,235,106,46,294,61,271,83,92,114,238,319,516,171,141,83,203,548,277,39,150,278,158,120,169,62,170,131,129,354,403,815,135,238,57,289,245,47,155,279,175,51,202,114,210,247,192,309,107,197
355,321,140,56,401,78,347,117,100,148,291,410,662,243,210,203,126,654,332,42,195,385,218,147,254,93,259,179,181,458,504,960,184,343,87,388,323,55,221,370,250,70,266,120,290,347,224,382,132,235
778,768,364,145,895,192,779,270,283,344,704,1022,1434,552,501,548,654,768,901,103,492,856,545,317,581,219,598,419,477,1050,1295,2348,469,842,191,950,766,170,438,901,586,183,629,334,720,855,541,856,298,589
477,450,225,93,538,122,527,148,167,201,441,590,943,345,255,277,332,901,253,53,269,473,292,211,338,125,320,270,221,598,779,1452,268,481,123,535,480,83,255,549,342,101,362,183,398,475,316,541,182,322
66,53,24,9,50,16,68,23,22,26,58,70,113,37,39,39,42,103,53,2,33,56,34,26,45,16,43,26,31,86,107,186,43,65,13,65,61,8,37,82,47,10,53,27,48,68,45,67,23,40
331,225,111,58,276,73,298,96,89,127,237,294,512,181,123,150,195,492,269,33,80,295,134,108,181,69,173,129,132,330,444,782,148,261,60,284,252,41,150,280,186,53,234,96,216,251,172,307,105,189
512,477,221,73,538,114,469,146,178,228,441,542,867,316,258,278,385,856,473,56,295,234,332,210,343,126,368,262,249,599,789,1420,269,472,114,555,448,85,252,530,338,100,363,190,404,472,331,499,179,332
322,222,111,32,275,54,291,115,97,109,267,325,557,167,169,158,218,545,292,34,134,332,94,116,195,77,193,132,134,351,483,824,167,262,69,317,285,44,149,308,206,60,225,115,237,279,191,304,119,180
220,167,80,32,196,41,191,64,73,90,187,223,355,140,116,120,147,317,211,26,108,210,116,38,125,52,127,90,119,254,297,526,105,182,43,202,183,36,105,193,124,44,153,76,154,205,126,207,71,129
367,263,124,50,332,81,339,99,101,139,294,355,577,198,174,169,254,581,338,45,181,343,195,125,130,90,234,139,153,429,513,911,176,336,80,319,289,58,158,336,199,56,257,117,234,294,208,336,138,219
147,115,52,26,115,34,137,30,40,45,99,131,234,83,76,62,93,219,125,16,69,126,77,52,90,16,77,52,55,166,179,371,80,141,27,121,109,15,66,123,78,24,106,50,94,113,87,146,49,84
365,287,145,50,312,79,339,96,105,151,308,353,582,211,184,170,259,598,320,43,173,368,193,127,234,77,115,137,183,405,525,920,199,326,74,346,270,50,169,372,190,62,258,135,248,320,243,352,130,223
290,191,89,42,233,49,211,68,68,105,200,256,431,173,127,131,179,419,270,26,129,262,132,90,139,52,137,43,118,282,375,720,143,230,55,207,233,40,107,245,154,41,176,77,165,239,135,261,89,184
301,212,95,51,286,61,274,67,87,109,206,260,467,148,123,129,181,477,221,31,132,249,134,119,153,55,183,118,54,342,385,742,136,261,56,281,255,40,137,271,147,58,205,88,203,243,146,284,101,155
613,551,230,114,692,142,612,184,198,243,550,719,1129,409,343,354,458,1050,598,86,330,599,351,254,429,166,405,282,342,383,933,1702,354,609,133,673,623,114,337,638,415,122,472,253,517,583,385,684,236,428
689,706,287,110,783,153,710,215,240,291,640,820,1290,461,370,403,504,1295,779,107,444,789,483,297,513,179,525,375,385,933,538,2057,410,700,195,835,653,132,364,757,495,174,559,264,587,686,505,767,265,491
1150,1241,600,220,1391,276,1306,434,444,536,1105,1563,2369,924,731,815,960,2348,1452,186,782,1420,824,526,911,371,920,720,742,1702,2057,1829,690,1248,321,1483,1290,226,712,1440,902,294,1024,519,1145,1287,861,1348,477,906
232,246,101,33,274,60,236,72,84,97,230,296,462,147,121,135,184,469,268,43,148,269,167,105,176,80,199,143,136,354,410,690,77,239,76,275,245,40,124,274,181,67,175,107,209,257,170,255,95,180
480,415,195,70,482,100,440,179,153,198,424,529,818,299,233,238,343,842,481,65,261,472,262,182,336,141,326,230,261,609,700,1248,239,217,108,482,420,89,262,489,294,93,331,179,386,448,285,464,160,334
107,79,46,16,111,24,98,28,38,44,94,116,192,92,50,57,87,191,123,13,60,114,69,43,80,27,74,55,56,133,195,321,76,108,13,139,99,20,50,122,84,17,83,31,96,93,72,109,39,80
494,457,190,84,552,117,509,173,179,213,454,566,980,312,281,289,388,950,535,65,284,555,317,202,319,121,346,207,281,673,835,1483,275,482,139,275,499,83,312,553,335,112,399,173,408,516,323,545,192,390
489,399,186,93,467,129,428,162,152,180,384,522,825,285,232,245,323,766,480,61,252,448,285,183,289,109,270,233,255,623,653,1290,245,420,99,499,211,75,242,485,294,101,344,161,355,427,272,449,165,291
87,77,38,14,80,19,76,20,28,25,71,84,154,57,46,47,55,170,83,8,41,85,44,36,58,15,50,40,40,114,132,226,40,89,20,83,75,4,36,99,46,21,48,37,71,81,53,81,23,51
258,214,82,39,251,58,245,74,75,110,202,281,460,155,139,155,221,438,255,37,150,252,149,105,158,66,169,107,137,337,364,712,124,262,50,312,242,36,74,255,163,48,204,82,191,249,150,258,82,169
436,439,195,75,516,118,469,161,184,213,398,628,913,319,276,279,370,901,549,82,280,530,308,193,336,123,372,245,271,638,757,1440,274,489,122,553,485,99,255,267,357,98,388,201,378,475,314,493,205,365
262,286,137,46,341,53,280,107,97,126,259,357,600,185,168,175,250,586,342,47,186,338,206,124,199,78,190,154,147,415,495,902,181,294,84,335,294,46,163,357,112,67,246,116,246,299,212,316,111,222
104,89,37,19,112,30,97,30,22,43,72,93,172,74,45,51,70,183,101,10,53,100,60,44,56,24,62,41,58,122,174,294,67,93,17,112,101,21,48,98,67,11,82,37,75,116,56,99,25,63
379,325,154,73,373,82,382,138,103,154,294,438,656,270,177,202,266,629,362,53,234,363,225,153,257,106,258,176,205,472,559,1024,175,331,83,399,344,48,204,388,246,82,133,142,305,321,247,370,129,248
163,166,73,27,185,40,173,57,42,89,155,193,328,116,107,114,120,334,183,27,96,190,115,76,117,50,135,77,88,253,264,519,107,179,31,173,161,37,82,201,116,37,142,37,136,198,123,171,56,123
431,350,147,65,411,94,379,116,127,167,334,422,721,232,189,210,290,720,398,48,216,404,237,154,234,94,248,165,203,517,587,1145,209,386,96,408,355,71,191,378,246,75,305,136,145,364,240,387,160,270
436,399,182,83,460,111,449,159,168,213,417,488,845,305,240,247,347,855,475,68,251,472,279,205,294,113,320,239,243,583,686,1287,257,448,93,516,427,81,249,475,299,116,321,198,364,206,282,483,154,337
312,259,120,52,347,78,309,95,115,147,302,335,551,196,170,192,224,541,316,45,172,331,191,126,208,87,243,135,146,385,505,861,170,285,72,323,272,53,150,314,212,56,247,123,240,282,104,299,103,192
501,424,196,73,498,97,445,164,151,213,420,572,895,321,262,309,382,856,541,67,307,499,304,207,336,146,352,261,284,684,767,1348,255,464,109,545,449,81,258,493,316,99,370,171,387,483,299,244,180,350
146,146,75,23,206,27,162,51,56,64,157,222,314,112,92,107,132,298,182,23,105,179,119,71,138,49,130,89,101,236,265,477,95,160,39,192,165,23,82,205,111,25,129,56,160,154,103,180,24,115
361,319,123,50,317,73,324,118,121,121,277,379,567,205,201,197,235,589,322,40,189,332,180,129,219,84,223,184,155,428,491,906,180,334,80,390,291,51,169,365,222,63,248,123,270,337,192,350,115,102
