238,477,207,85,491,95,446,175,163,259,462,535,746,360,290,332,348,798,488,83,319,533,336,211,337,165,388,287,284,619,694,1118,234,488,95,490,485,87,226,484,300,109,377,192,421,448,299,422,140,379
477,192,175,83,455,113,435,139,135,194,398,497,778,283,240,222,322,745,442,48,241,456,225,155,272,90,270,196,200,505,659,1221,234,416,107,479,408,81,215,436,310,76,325,158,327,417,253,445,191,284
207,175,31,30,219,40,182,69,61,79,168,212,343,137,113,119,176,372,192,17,107,200,107,93,129,55,158,96,95,236,323,593,112,168,49,235,197,37,98,216,125,31,173,66,162,202,117,214,71,116
85,83,30,6,92,15,84,30,27,46,85,97,154,56,40,49,68,137,90,13,43,95,75,39,60,27,65,42,41,95,100,211,33,86,17,75,73,20,45,76,60,20,64,34,73,84,59,74,27,76
491,455,219,92,281,120,486,170,170,210,437,582,913,327,259,284,400,913,504,56,283,511,338,198,349,121,345,263,246,663,790,1401,281,505,113,557,478,83,264,490,321,105,391,167,406,452,345,534,194,336
95,113,40,15,120,12,106,37,28,52,124,135,199,68,62,68,66,171,129,14,67,103,72,43,75,28,88,47,46,131,152,297,50,103,21,107,89,17,54,112,61,24,82,38,76,109,61,100,35,77
446,435,182,84,486,106,234,156,160,197,416,531,873,280,248,287,346,849,485,52,269,500,303,186,290,125,337,226,241,589,704,1310,236,477,106,452,417,83,242,499,310,99,360,156,359,467,286,508,161,341
175,139,69,30,170,37,156,28,54,67,129,159,274,92,86,79,108,264,134,15,84,143,102,58,109,48,101,73,84,173,227,416,92,135,28,172,128,13,70,161,106,26,111,64,121,137,98,144,67,100
163,135,61,27,170,28,160,54,19,75,134,175,299,110,84,95,123,319,188,18,91,181,87,69,111,43,109,74,91,202,253,479,79,154,43,178,144,26,74,159,101,32,130,53,144,158,110,188,58,104
259,194,79,46,210,52,197,67,75,35,168,220,349,138,111,123,168,327,211,21,109,201,124,91,141,59,144,109,106,222,318,574,117,199,41,217,203,32,115,240,127,24,148,79,151,206,115,214,57,152
462,398,168,85,437,124,416,129,134,168,195,438,768,260,210,244,334,748,460,45,232,403,253,157,285,108,283,194,221,499,649,1155,213,397,105,430,389,63,217,430,254,69,302,140,301,394,218,452,139,290
535,497,212,97,582,135,531,159,175,220,438,299,1016,385,274,307,399,1051,555,60,309,551,345,238,354,160,430,250,261,727,850,1600,296,538,125,612,580,97,294,632,391,123,424,227,428,509,351,586,202,367
746,778,343,154,913,199,873,274,299,349,768,1016,795,612,436,529,644,1467,875,117,513,956,546,345,637,258,627,466,467,1143,1319,2447,500,802,189,937,850,156,429,899,549,170,726,336,729,844,624,897,330,594
360,283,137,56,327,68,280,92,110,138,260,385,612,87,183,173,256,561,341,29,186,345,192,117,213,77,220,156,148,398,491,911,184,287,80,329,295,53,162,331,220,52,269,130,254,297,217,321,134,229
290,240,113,40,259,62,248,86,84,111,210,274,436,183,67,152,183,492,265,31,147,273,146,109,203,64,199,108,136,311,390,715,163,213,80,252,217,42,124,287,174,50,200,83,199,260,186,266,115,188
332,222,119,49,284,68,287,79,95,123,244,307,529,173,152,82,214,558,294,35,150,302,163,118,211,80,201,122,149,339,447,854,168,257,77,293,239,42,143,299,181,61,222,98,231,284,171,291,126,210
348,322,176,68,400,66,346,108,123,168,334,399,644,256,183,214,122,639,354,46,213,388,206,152,241,97,248,173,189,477,557,1077,206,337,81,370,333,53,164,385,251,74,270,139,297,334,242,344,136,252
798,745,372,137,913,171,849,264,319,327,748,1051,1467,561,492,558,639,803,922,115,508,959,518,346,629,235,615,452,476,1104,1360,2404,460,842,182,933,789,163,446,906,567,185,726,333,806,868,607,906,324,605
488,442,192,90,504,129,485,134,188,211,460,555,875,341,265,294,354,922,253,61,297,466,318,190,321,121,328,218,248,660,774,1463,301,476,119,508,424,84,227,561,346,101,366,188,386,488,341,517,180,344
83,48,17,13,56,14,52,15,18,21,45,60,117,29,31,35,46,115,61,5,29,61,36,20,46,13,27,35,14,77,101,184,43,59,18,82,56,7,19,69,53,8,54,27,45,69,45,68,22,43
319,241,107,43,283,67,269,84,91,109,232,309,513,186,147,150,213,508,297,29,77,286,148,87,162,69,190,106,132,306,442,802,163,260,60,310,246,41,130,298,188,60,222,118,195,237,179,297,102,197
533,456,200,95,511,103,500,143,181,201,403,551,956,345,273,302,388,959,466,61,286,230,311,185,318,117,329,241,258,674,767,1464,293,472,153,554,446,76,244,522,346,117,402,189,379,483,316,519,201,342
336,225,107,75,338,72,303,102,87,124,253,345,546,192,146,163,206,518,318,36,148,311,88,131,179,78,207,136,143,350,433,875,155,286,64,298,255,47,143,301,183,55,223,102,230,261,193,298,125,197
211,155,93,39,198,43,186,58,69,91,157,238,345,117,109,118,152,346,190,20,87,185,131,32,112,38,117,104,104,249,285,522,116,189,42,185,172,28,114,202,112,41,156,64,144,185,119,210,68,140
337,272,129,60,349,75,290,109,111,141,285,354,637,213,203,211,241,629,321,46,162,318,179,112,109,63,186,171,160,410,510,955,197,320,72,312,309,57,156,352,190,66,262,126,254,312,206,338,130,221
165,90,55,27,121,28,125,48,43,59,108,160,258,77,64,80,97,235,121,13,69,117,78,38,63,13,75,67,64,157,179,343,62,115,29,146,119,22,76,130,80,28,101,51,98,116,87,128,39,91
388,270,158,65,345,88,337,101,109,144,283,430,627,220,199,201,248,615,328,27,190,329,207,117,186,75,103,146,152,396,502,927,192,336,79,337,288,62,178,386,219,77,265,111,251,319,220,353,121,244
287,196,96,42,263,47,226,73,74,109,194,250,466,156,108,122,173,452,218,35,106,241,136,104,171,67,146,44,119,283,370,668,131,217,48,244,234,31,127,258,138,42,190,77,212,205,137,236,91,154
284,200,95,41,246,46,241,84,91,106,221,261,467,148,136,149,189,476,248,14,132,258,143,104,160,64,152,119,64,288,347,694,145,235,48,257,254,40,141,249,172,39,206,89,185,201,163,272,91,138
619,505,236,95,663,131,589,173,202,222,499,727,1143,398,311,339,477,1104,660,77,306,674,350,249,410,157,396,283,288,392,993,1806,352,598,155,650,600,88,321,732,449,137,494,224,491,629,405,655,256,382
694,659,323,100,790,152,704,227,253,318,649,850,1319,491,390,447,557,1360,774,101,442,767,433,285,510,179,502,370,347,993,562,2090,388,729,186,823,656,135,347,868,530,159,596,317,612,707,480,788,273,472
1118,1221,593,211,1401,297,1310,416,479,574,1155,1600,2447,911,715,854,1077,2404,1463,184,802,1464,875,522,955,343,927,668,694,1806,2090,1887,720,1265,323,1505,1270,245,696,1433,912,273,1012,529,1099,1245,873,1382,507,931
234,234,112,33,281,50,236,92,79,117,213,296,500,184,163,168,206,460,301,43,163,293,155,116,197,62,192,131,145,352,388,720,73,274,54,310,236,54,133,247,180,51,217,102,210,263,198,238,101,191
488,416,168,86,505,103,477,135,154,199,397,538,802,287,213,257,337,842,476,59,260,472,286,189,320,115,336,217,235,598,729,1265,274,225,97,467,442,69,225,465,304,103,374,174,382,452,288,478,180,311
95,107,49,17,113,21,106,28,43,41,105,125,189,80,80,77,81,182,119,18,60,153,64,42,72,29,79,48,48,155,186,323,54,97,12,105,115,31,49,115,81,18,102,45,99,104,70,123,36,60
490,479,235,75,557,107,452,172,178,217,430,612,937,329,252,293,370,933,508,82,310,554,298,185,312,146,337,244,257,650,823,1505,310,467,105,273,481,88,266,603,352,98,394,218,381,515,331,535,197,336
485,408,197,73,478,89,417,128,144,203,389,580,850,295,217,239,333,789,424,56,246,446,255,172,309,119,288,234,254,600,656,1270,236,442,115,481,207,82,240,476,310,100,363,186,362,453,299,447,173,344
87,81,37,20,83,17,83,13,26,32,63,97,156,53,42,42,53,163,84,7,41,76,47,28,57,22,62,31,40,88,135,245,54,69,31,88,82,9,37,92,48,18,54,41,71,76,71,82,46,50
226,215,98,45,264,54,242,70,74,115,217,294,429,162,124,143,164,446,227,19,130,244,143,114,156,76,178,127,141,321,347,696,133,225,49,266,240,37,61,247,161,47,181,96,197,231,146,252,77,161
484,436,216,76,490,112,499,161,159,240,430,632,899,331,287,299,385,906,561,69,298,522,301,202,352,130,386,258,249,732,868,1433,247,465,115,603,476,92,247,281,348,114,403,197,412,548,316,574,198,340
300,310,125,60,321,61,310,106,101,127,254,391,549,220,174,181,251,567,346,53,188,346,183,112,190,80,219,138,172,449,530,912,180,304,81,352,310,48,161,348,101,66,248,128,252,325,209,362,118,233
109,76,31,20,105,24,99,26,32,24,69,123,170,52,50,61,74,185,101,8,60,117,55,41,66,28,77,42,39,137,159,273,51,103,18,98,100,18,47,114,66,11,74,44,76,82,56,119,26,74
377,325,173,64,391,82,360,111,130,148,302,424,726,269,200,222,270,726,366,54,222,402,223,156,262,101,265,190,206,494,596,1012,217,374,102,394,363,54,181,403,248,74,133,144,327,380,258,403,155,256
192,158,66,34,167,38,156,64,53,79,140,227,336,130,83,98,139,333,188,27,118,189,102,64,126,51,111,77,89,224,317,529,102,174,45,218,186,41,96,197,128,44,144,33,146,168,125,181,71,132
421,327,162,73,406,76,359,121,144,151,301,428,729,254,199,231,297,806,386,45,195,379,230,144,254,98,251,212,185,491,612,1099,210,382,99,381,362,71,197,412,252,76,327,146,159,347,261,410,153,290
448,417,202,84,452,109,467,137,158,206,394,509,844,297,260,284,334,868,488,69,237,483,261,185,312,116,319,205,201,629,707,1245,263,452,104,515,453,76,231,548,325,82,380,168,347,221,301,490,180,308
299,253,117,59,345,61,286,98,110,115,218,351,624,217,186,171,242,607,341,45,179,316,193,119,206,87,220,137,163,405,480,873,198,288,70,331,299,71,146,316,209,56,258,125,261,301,110,321,122,221
422,445,214,74,534,100,508,144,188,214,452,586,897,321,266,291,344,906,517,68,297,519,298,210,338,128,353,236,272,655,788,1382,238,478,123,535,447,82,252,574,362,119,403,181,410,490,321,287,198,364
140,191,71,27,194,35,161,67,58,57,139,202,330,134,115,126,136,324,180,22,102,201,125,68,130,39,121,91,91,256,273,507,101,180,36,197,173,46,77,198,118,26,155,71,153,180,122,198,27,126
379,284,116,76,336,77,341,100,104,152,290,367,594,229,188,210,252,605,344,43,197,342,197,140,221,91,244,154,138,382,472,931,191,311,60,336,344,50,161,340,233,74,256,132,290,308,221,364,126,115
