261,441,198,93,519,101,464,174,187,266,437,505,758,402,323,326,386,788,496,82,315,538,364,212,368,144,347,273,262,588,706,1170,205,514,103,539,500,77,254,501,283,101,370,186,417,412,342,492,165,392
441,191,182,80,451,98,450,118,148,162,356,478,799,303,202,230,311,792,444,63,258,464,268,185,301,109,303,219,228,547,675,1183,234,436,85,445,395,66,193,472,258,94,327,173,375,394,281,451,164,273
198,182,37,36,210,43,197,54,73,66,186,222,361,130,118,114,134,370,201,21,100,218,124,87,134,42,146,102,89,251,291,555,104,214,49,198,218,35,92,211,134,35,169,68,160,196,137,208,80,137
93,80,36,6,63,18,73,37,33,35,71,93,161,37,40,45,61,159,79,17,42,74,42,34,57,29,58,51,40,116,125,220,35,77,24,98,81,15,47,78,52,23,72,33,67,72,49,75,28,52
519,451,210,63,262,89,472,133,159,214,402,551,881,342,264,283,324,878,476,65,265,535,310,215,305,119,341,221,276,654,782,1366,260,490,112,553,461,96,231,523,310,115,380,191,434,480,298,522,186,331
101,98,43,18,89,14,107,46,33,43,97,112,187,66,53,59,75,177,103,20,77,102,58,50,83,41,77,72,54,138,149,288,67,103,26,132,94,18,58,120,87,24,89,42,98,96,65,110,32,60
464,450,197,73,472,107,235,152,167,187,440,536,884,275,274,294,358,855,490,67,279,465,271,198,349,139,351,232,245,628,765,1334,250,447,105,556,428,89,255,526,318,102,371,174,393,455,288,478,176,343
174,118,54,37,133,46,152,23,46,68,123,178,271,102,67,69,134,279,123,20,69,159,96,65,83,38,90,73,68,182,234,417,88,151,44,144,159,28,66,150,94,21,125,60,122,146,85,163,54,105
187,148,73,33,159,33,167,46,30,77,163,189,285,108,85,90,100,278,157,31,82,156,116,76,108,37,115,81,89,199,245,437,83,166,40,176,131,30,81,178,116,33,128,64,138,156,100,167,61,133
266,162,66,35,214,43,187,68,77,46,161,231,379,115,120,117,158,376,224,29,115,201,121,75,125,54,147,106,107,247,304,570,112,211,32,234,180,34,117,219,139,34,171,77,146,188,117,191,69,137
437,356,186,71,402,97,440,123,163,161,167,474,769,265,232,234,303,730,428,51,266,437,270,165,308,106,296,196,211,519,634,1167,221,407,91,465,374,75,231,453,280,85,325,162,332,407,250,427,155,287
505,478,222,93,551,112,536,178,189,231,474,302,966,347,309,336,421,1013,546,80,312,566,326,226,327,166,395,249,295,747,839,1543,262,527,130,632,498,105,280,609,364,113,432,205,427,511,341,613,213,391
758,799,361,161,881,187,884,271,285,379,769,966,810,563,476,491,635,1458,948,127,546,938,501,370,572,241,621,435,481,1129,1294,2394,478,814,199,925,831,139,469,946,576,194,634,346,735,795,533,954,312,579
402,303,130,37,342,66,275,102,108,115,265,347,563,87,160,187,237,564,318,34,188,361,201,133,214,82,218,148,154,411,526,896,178,319,72,369,325,69,179,357,221,69,252,139,288,326,209,328,115,205
323,202,118,40,264,53,274,67,85,120,232,309,476,160,62,131,200,491,269,35,143,292,171,100,174,58,151,111,127,311,404,747,145,248,57,276,256,41,124,289,191,54,208,98,209,242,165,296,93,197
326,230,114,45,283,59,294,69,90,117,234,336,491,187,131,67,201,488,281,23,156,314,180,124,190,67,178,118,142,373,444,812,164,240,62,328,272,48,125,315,167,55,206,105,217,279,172,311,98,192
386,311,134,61,324,75,358,134,100,158,303,421,635,237,200,201,117,614,347,48,194,393,229,140,248,96,241,160,181,473,551,1026,194,347,81,404,345,49,196,357,214,67,244,147,270,325,234,398,145,238
788,792,370,159,878,177,855,279,278,376,730,1013,1458,564,491,488,614,828,914,123,534,936,464,347,590,267,661,438,449,1142,1334,2411,472,864,194,956,869,147,433,933,585,182,664,369,724,791,571,934,343,615
496,444,201,79,476,103,490,123,157,224,428,546,948,318,269,281,347,914,250,65,306,478,277,196,311,140,313,279,228,621,790,1475,289,498,119,514,486,94,271,547,350,107,377,175,405,451,289,505,194,369
82,63,21,17,65,20,67,20,31,29,51,80,127,34,35,23,48,123,65,7,22,63,38,24,41,13,40,25,24,77,100,189,42,51,24,70,64,7,30,61,51,11,54,24,50,52,38,61,31,46
315,258,100,42,265,77,279,69,82,115,266,312,546,188,143,156,194,534,306,22,72,310,161,117,185,53,179,113,120,348,414,791,143,242,65,290,293,50,125,315,170,57,255,96,227,245,192,310,106,188
538,464,218,74,535,102,465,159,156,201,437,566,938,361,292,314,393,936,478,63,310,272,310,196,333,127,340,238,245,606,757,1436,264,490,114,570,468,103,249,562,347,113,382,199,431,476,328,499,187,348
364,268,124,42,310,58,271,96,116,121,270,326,501,201,171,180,229,464,277,38,161,310,85,130,181,79,191,136,148,322,475,853,146,273,58,336,262,48,162,328,187,49,243,106,243,262,158,329,114,190
212,185,87,34,215,50,198,65,76,75,165,226,370,133,100,124,140,347,196,24,117,196,130,41,137,49,146,96,104,265,307,563,82,199,44,217,185,32,101,209,125,42,150,67,169,201,110,185,67,139
368,301,134,57,305,83,349,83,108,125,308,327,572,214,174,190,248,590,311,41,185,333,181,137,117,86,230,140,177,409,500,937,190,307,63,324,294,48,170,364,210,69,288,128,278,285,206,375,107,243
144,109,42,29,119,41,139,38,37,54,106,166,241,82,58,67,96,267,140,13,53,127,79,49,86,19,85,55,69,170,178,400,75,132,29,116,119,18,66,142,83,29,98,55,116,133,73,124,41,94
347,303,146,58,341,77,351,90,115,147,296,395,621,218,151,178,241,661,313,40,179,340,191,146,230,85,118,166,179,424,497,986,187,312,79,327,292,54,153,391,225,75,264,133,286,327,207,338,132,254
273,219,102,51,221,72,232,73,81,106,196,249,435,148,111,118,160,438,279,25,113,238,136,96,140,55,166,47,112,281,358,684,133,226,47,223,232,42,113,272,147,54,176,96,162,224,150,232,88,166
262,228,89,40,276,54,245,68,89,107,211,295,481,154,127,142,181,449,228,24,120,245,148,104,177,69,179,112,65,314,384,696,142,225,50,248,254,49,117,279,165,42,215,106,237,240,155,274,84,168
588,547,251,116,654,138,628,182,199,247,519,747,1129,411,311,373,473,1142,621,77,348,606,322,265,409,170,424,281,314,429,973,1739,345,590,126,669,632,96,314,670,403,130,505,236,493,540,377,688,235,439
706,675,291,125,782,149,765,234,245,304,634,839,1294,526,404,444,551,1334,790,100,414,757,475,307,500,178,497,358,384,973,561,2157,394,671,183,783,687,127,386,809,501,147,546,285,652,703,468,790,289,506
1170,1183,555,220,1366,288,1334,417,437,570,1167,1543,2394,896,747,812,1026,2411,1475,189,791,1436,853,563,937,400,986,684,696,1739,2157,1849,712,1297,312,1551,1356,247,699,1440,906,294,960,549,1154,1234,845,1465,505,928
205,234,104,35,260,67,250,88,83,112,221,262,478,178,145,164,194,472,289,42,143,264,146,82,190,75,187,133,142,345,394,712,72,249,70,298,225,39,135,308,186,66,177,100,219,258,175,286,101,188
514,436,214,77,490,103,447,151,166,211,407,527,814,319,248,240,347,864,498,51,242,490,273,199,307,132,312,226,225,590,671,1297,249,207,105,504,428,78,256,488,314,103,399,193,381,417,321,491,159,328
103,85,49,24,112,26,105,44,40,32,91,130,199,72,57,62,81,194,119,24,65,114,58,44,63,29,79,47,50,126,183,312,70,105,21,125,102,17,61,91,62,27,93,46,96,122,62,111,48,86
539,445,198,98,553,132,556,144,176,234,465,632,925,369,276,328,404,956,514,70,290,570,336,217,324,116,327,223,248,669,783,1551,298,504,125,320,529,88,273,546,312,110,391,195,431,513,314,577,218,346
500,395,218,81,461,94,428,159,131,180,374,498,831,325,256,272,345,869,486,64,293,468,262,185,294,119,292,232,254,632,687,1356,225,428,102,529,203,80,248,480,269,100,370,179,365,450,277,456,158,307
77,66,35,15,96,18,89,28,30,34,75,105,139,69,41,48,49,147,94,7,50,103,48,32,48,18,54,42,49,96,127,247,39,78,17,88,80,7,44,99,46,22,70,35,61,76,70,91,25,69
254,193,92,47,231,58,255,66,81,117,231,280,469,179,124,125,196,433,271,30,125,249,162,101,170,66,153,113,117,314,386,699,135,256,61,273,248,44,56,278,150,58,175,94,178,219,141,279,99,151
501,472,211,78,523,120,526,150,178,219,453,609,946,357,289,315,357,933,547,61,315,562,328,209,364,142,391,272,279,670,809,1440,308,488,91,546,480,99,278,294,343,117,411,205,464,509,316,610,176,356
283,258,134,52,310,87,318,94,116,139,280,364,576,221,191,167,214,585,350,51,170,347,187,125,210,83,225,147,165,403,501,906,186,314,62,312,269,46,150,343,112,67,257,144,255,300,212,329,118,223
101,94,35,23,115,24,102,21,33,34,85,113,194,69,54,55,67,182,107,11,57,113,49,42,69,29,75,54,42,130,147,294,66,103,27,110,100,22,58,117,67,15,86,38,87,87,68,118,41,56
370,327,169,72,380,89,371,125,128,171,325,432,634,252,208,206,244,664,377,54,255,382,243,150,288,98,264,176,215,505,546,960,177,399,93,391,370,70,175,411,257,86,148,154,344,353,251,404,139,276
186,173,68,33,191,42,174,60,64,77,162,205,346,139,98,105,147,369,175,24,96,199,106,67,128,55,133,96,106,236,285,549,100,193,46,195,179,35,94,205,144,38,154,41,159,173,121,197,72,145
417,375,160,67,434,98,393,122,138,146,332,427,735,288,209,217,270,724,405,50,227,431,243,169,278,116,286,162,237,493,652,1154,219,381,96,431,365,61,178,464,255,87,344,159,177,392,251,407,152,297
412,394,196,72,480,96,455,146,156,188,407,511,795,326,242,279,325,791,451,52,245,476,262,201,285,133,327,224,240,540,703,1234,258,417,122,513,450,76,219,509,300,87,353,173,392,209,253,452,166,314
342,281,137,49,298,65,288,85,100,117,250,341,533,209,165,172,234,571,289,38,192,328,158,110,206,73,207,150,155,377,468,845,175,321,62,314,277,70,141,316,212,68,251,121,251,253,102,319,102,220
492,451,208,75,522,110,478,163,167,191,427,613,954,328,296,311,398,934,505,61,310,499,329,185,375,124,338,232,274,688,790,1465,286,491,111,577,456,91,279,610,329,118,404,197,407,452,319,268,189,348
165,164,80,28,186,32,176,54,61,69,155,213,312,115,93,98,145,343,194,31,106,187,114,67,107,41,132,88,84,235,289,505,101,159,48,218,158,25,99,176,118,41,139,72,152,166,102,189,27,128
392,273,137,52,331,60,343,105,133,137,287,391,579,205,197,192,238,615,369,46,188,348,190,139,243,94,254,166,168,439,506,928,188,328,86,346,307,69,151,356,223,56,276,145,297,314,220,348,128,106
