273,435,206,81,488,103,472,162,178,225,439,518,766,381,315,344,360,791,486,62,310,528,314,208,377,134,359,298,299,591,683,1204,250,497,104,528,466,73,239,445,288,106,349,169,444,412,357,456,178,371
435,176,188,76,426,94,387,128,136,182,372,515,822,308,262,263,308,800,446,58,246,452,243,155,253,110,276,224,211,512,630,1225,227,426,113,434,398,78,214,451,314,84,340,164,323,421,278,441,163,315
206,188,40,37,195,57,166,62,53,74,176,211,356,111,119,120,132,360,209,28,86,204,114,106,147,44,132,91,101,219,296,561,117,186,46,197,189,48,88,198,123,44,160,67,161,176,129,200,75,138
81,76,37,8,95,15,77,30,25,33,68,77,134,61,54,55,55,128,83,14,47,96,49,38,58,18,57,42,51,114,120,204,33,71,25,96,76,16,47,88,56,22,60,28,78,86,55,82,27,68
488,426,195,95,246,117,460,139,167,227,453,579,870,336,258,284,372,880,480,47,282,515,312,194,328,130,331,224,275,609,744,1378,280,486,106,541,451,82,259,517,379,106,360,183,421,462,320,498,175,353
103,94,57,15,117,9,105,36,43,49,105,119,183,88,65,73,84,167,122,22,73,118,77,62,91,32,95,63,61,145,167,271,48,95,27,124,93,13,52,122,85,36,70,33,101,102,76,113,34,84
472,387,166,77,460,105,229,148,184,186,389,477,821,311,257,267,285,840,526,73,278,524,303,197,330,119,344,243,243,623,748,1261,252,426,114,505,392,69,264,497,300,123,378,170,418,452,315,487,163,309
162,128,62,30,139,36,148,23,53,54,136,191,284,106,75,76,105,282,166,17,83,180,74,79,103,41,92,76,69,199,246,430,87,133,40,142,155,25,60,164,93,34,135,44,114,133,115,139,61,93
178,136,53,25,167,43,184,53,28,66,137,177,320,98,78,71,121,317,166,21,90,158,74,82,118,46,102,91,73,212,252,443,92,133,35,154,152,30,88,161,112,39,129,52,133,165,91,176,64,110
225,182,74,33,227,49,186,54,66,37,146,217,346,132,112,117,144,323,217,30,116,199,129,89,137,50,148,104,111,249,317,543,110,192,52,179,189,40,102,217,129,30,169,68,166,196,139,196,71,144
439,372,176,68,453,105,389,136,137,146,172,481,737,266,225,229,315,701,411,55,267,413,271,182,320,103,299,226,227,549,618,1090,211,383,110,407,393,75,219,455,288,87,317,153,375,383,280,411,160,301
518,515,211,77,579,119,477,191,177,217,481,306,962,352,300,330,365,1006,554,61,316,595,351,217,348,138,399,251,274,684,790,1511,308,489,112,542,487,75,300,590,373,125,435,201,454,536,366,520,192,382
766,822,356,134,870,183,821,284,320,346,737,962,805,609,516,565,624,1467,928,108,501,937,547,356,629,246,656,420,413,1093,1326,2410,479,803,196,952,853,139,469,955,608,196,649,345,725,814,566,903,307,584
381,308,111,61,336,88,311,106,98,132,266,352,609,100,184,179,216,582,347,39,181,339,200,131,202,69,211,144,161,387,482,910,190,288,76,328,287,52,177,394,222,80,243,119,256,265,225,318,107,235
315,262,119,54,258,65,257,75,78,112,225,300,516,184,53,114,191,486,269,27,140,249,143,109,187,71,176,120,145,334,400,771,167,251,56,262,200,36,129,325,179,49,234,105,201,250,178,287,100,181
344,263,120,55,284,73,267,76,71,117,229,330,565,179,114,65,232,535,296,27,154,294,170,107,180,71,202,131,148,354,463,853,177,242,67,286,231,45,133,344,197,61,269,112,227,288,158,286,98,190
360,308,132,55,372,84,285,105,121,144,315,365,624,216,191,232,131,602,350,39,205,360,214,130,227,103,268,199,189,459,526,934,165,327,81,401,327,57,156,358,228,82,261,114,275,334,215,357,121,250
791,800,360,128,880,167,840,282,317,323,701,1006,1467,582,486,535,602,783,861,93,471,928,515,369,581,244,617,427,437,1111,1265,2429,486,837,189,943,850,150,447,931,617,183,692,335,712,772,544,898,315,584
486,446,209,83,480,122,526,166,166,217,411,554,928,347,269,296,350,861,230,67,292,446,284,208,342,126,343,246,230,639,703,1407,253,466,133,562,468,79,274,519,319,110,395,195,385,455,338,537,206,331
62,58,28,14,47,22,73,17,21,30,55,61,108,39,27,27,39,93,67,7,39,54,42,31,43,15,49,23,33,76,88,187,31,70,21,65,54,14,18,75,47,14,34,23,50,47,42,65,31,51
310,246,86,47,282,73,278,83,90,116,267,316,501,181,140,154,205,471,292,39,60,312,151,139,159,79,192,132,125,357,424,733,130,288,78,296,278,40,127,289,198,51,225,90,213,271,164,303,110,175
528,452,204,96,515,118,524,180,158,199,413,595,937,339,249,294,360,928,446,54,312,245,308,218,339,119,331,258,252,663,705,1457,257,471,124,565,435,68,290,547,331,107,390,213,416,440,317,518,199,340
314,243,114,49,312,77,303,74,74,129,271,351,547,200,143,170,214,515,284,42,151,308,102,126,210,85,221,138,144,378,420,865,156,290,84,319,269,63,142,309,210,68,206,115,221,260,183,293,123,192
208,155,106,38,194,62,197,79,82,89,182,217,356,131,109,107,130,369,208,31,139,218,126,47,148,42,117,97,100,260,317,547,119,187,54,209,188,34,113,229,141,49,153,77,163,160,140,205,74,144
377,253,147,58,328,91,330,103,118,137,320,348,629,202,187,180,227,581,342,43,159,339,210,148,119,82,230,156,168,413,529,957,186,326,75,375,322,42,175,367,203,72,265,110,254,288,222,352,143,231
134,110,44,18,130,32,119,41,46,50,103,138,246,69,71,71,103,244,126,15,79,119,85,42,82,20,79,72,61,161,200,377,80,115,26,122,114,20,70,137,82,26,104,42,99,126,77,152,47,91
359,276,132,57,331,95,344,92,102,148,299,399,656,211,176,202,268,617,343,49,192,331,221,117,230,79,117,147,169,419,532,974,199,338,71,355,334,47,174,373,230,72,275,124,270,318,203,409,130,241
298,224,91,42,224,63,243,76,91,104,226,251,420,144,120,131,199,427,246,23,132,258,138,97,156,72,147,50,108,317,348,680,128,218,48,274,221,36,122,231,157,55,188,94,172,209,138,244,80,175
299,211,101,51,275,61,243,69,73,111,227,274,413,161,145,148,189,437,230,33,125,252,144,100,168,61,169,108,51,334,408,748,152,269,54,260,240,46,116,265,153,51,215,102,195,221,162,280,88,164
591,512,219,114,609,145,623,199,212,249,549,684,1093,387,334,354,459,1111,639,76,357,663,378,260,413,161,419,317,334,395,916,1792,353,560,131,634,570,96,330,633,384,129,486,234,520,511,357,653,229,415
683,630,296,120,744,167,748,246,252,317,618,790,1326,482,400,463,526,1265,703,88,424,705,420,317,529,200,532,348,408,916,539,2002,422,734,161,787,695,134,408,713,481,160,587,290,613,656,464,811,289,505
1204,1225,561,204,1378,271,1261,430,443,543,1090,1511,2410,910,771,853,934,2429,1407,187,733,1457,865,547,957,377,974,680,748,1792,2002,1841,694,1337,319,1466,1300,238,713,1407,833,308,1015,521,1137,1228,928,1361,530,910
250,227,117,33,280,48,252,87,92,110,211,308,479,190,167,177,165,486,253,31,130,257,156,119,186,80,199,128,152,353,422,694,66,255,55,292,228,50,134,266,166,61,206,95,220,239,183,288,101,176
497,426,186,71,486,95,426,133,133,192,383,489,803,288,251,242,327,837,466,70,288,471,290,187,326,115,338,218,269,560,734,1337,255,221,121,535,393,69,237,465,313,91,333,171,381,436,284,460,178,307
104,113,46,25,106,27,114,40,35,52,110,112,196,76,56,67,81,189,133,21,78,124,84,54,75,26,71,48,54,131,161,319,55,121,15,117,94,15,51,127,71,27,98,37,85,112,70,97,46,80
528,434,197,96,541,124,505,142,154,179,407,542,952,328,262,286,401,943,562,65,296,565,319,209,375,122,355,274,260,634,787,1466,292,535,117,264,505,91,264,597,334,114,395,173,464,493,333,518,186,369
466,398,189,76,451,93,392,155,152,189,393,487,853,287,200,231,327,850,468,54,278,435,269,188,322,114,334,221,240,570,695,1300,228,393,94,505,188,67,241,494,306,104,378,177,386,452,292,449,166,299
73,78,48,16,82,13,69,25,30,40,75,75,139,52,36,45,57,150,79,14,40,68,63,34,42,20,47,36,46,96,134,238,50,69,15,91,67,3,34,104,54,11,66,45,67,74,55,77,29,62
239,214,88,47,259,52,264,60,88,102,219,300,469,177,129,133,156,447,274,18,127,290,142,113,175,70,174,122,116,330,408,713,134,237,51,264,241,34,66,252,168,62,217,74,202,225,182,248,85,157
445,451,198,88,517,122,497,164,161,217,455,590,955,394,325,344,358,931,519,75,289,547,309,229,367,137,373,231,265,633,713,1407,266,465,127,597,494,104,252,261,355,97,392,192,438,500,351,525,176,351
288,314,123,56,379,85,300,93,112,129,288,373,608,222,179,197,228,617,319,47,198,331,210,141,203,82,230,157,153,384,481,833,166,313,71,334,306,54,168,355,111,65,258,136,249,310,228,334,106,223
106,84,44,22,106,36,123,34,39,30,87,125,196,80,49,61,82,183,110,14,51,107,68,49,72,26,72,55,51,129,160,308,61,91,27,114,104,11,62,97,65,13,81,37,93,100,75,114,35,81
349,340,160,60,360,70,378,135,129,169,317,435,649,243,234,269,261,692,395,34,225,390,206,153,265,104,275,188,215,486,587,1015,206,333,98,395,378,66,217,392,258,81,154,147,341,341,253,374,139,247
169,164,67,28,183,33,170,44,52,68,153,201,345,119,105,112,114,335,195,23,90,213,115,77,110,42,124,94,102,234,290,521,95,171,37,173,177,45,74,192,136,37,147,31,149,180,119,169,70,138
444,323,161,78,421,101,418,114,133,166,375,454,725,256,201,227,275,712,385,50,213,416,221,163,254,99,270,172,195,520,613,1137,220,381,85,464,386,67,202,438,249,93,341,149,161,372,254,419,153,254
412,421,176,86,462,102,452,133,165,196,383,536,814,265,250,288,334,772,455,47,271,440,260,160,288,126,318,209,221,511,656,1228,239,436,112,493,452,74,225,500,310,100,341,180,372,214,272,453,168,309
357,278,129,55,320,76,315,115,91,139,280,366,566,225,178,158,215,544,338,42,164,317,183,140,222,77,203,138,162,357,464,928,183,284,70,333,292,55,182,351,228,75,253,119,254,272,102,345,132,233
456,441,200,82,498,113,487,139,176,196,411,520,903,318,287,286,357,898,537,65,303,518,293,205,352,152,409,244,280,653,811,1361,288,460,97,518,449,77,248,525,334,114,374,169,419,453,345,264,180,343
178,163,75,27,175,34,163,61,64,71,160,192,307,107,100,98,121,315,206,31,110,199,123,74,143,47,130,80,88,229,289,530,101,178,46,186,166,29,85,176,106,35,139,70,153,168,132,180,32,139
371,315,138,68,353,84,309,93,110,144,301,382,584,235,181,190,250,584,331,51,175,340,192,144,231,91,241,175,164,415,505,910,176,307,80,369,299,62,157,351,223,81,247,138,254,309,233,343,139,116
