263,463,210,91,462,103,465,189,182,242,453,495,825,377,295,315,381,833,522,69,352,500,370,202,388,151,393,272,295,620,706,1140,234,453,108,508,468,73,250,458,311,128,406,190,462,408,324,524,187,345
463,178,161,71,453,99,368,123,130,174,349,453,776,300,217,253,324,795,412,57,205,449,244,176,251,109,269,209,209,539,663,1229,244,433,97,481,420,76,198,440,269,81,344,166,341,430,254,445,172,268
210,161,27,43,213,38,207,72,64,93,177,217,341,144,108,103,138,337,200,23,104,199,110,92,142,45,126,93,103,238,335,548,104,160,42,193,157,25,97,221,135,32,146,59,179,208,124,237,80,119
91,71,43,10,89,21,77,22,32,42,79,105,145,52,53,48,57,140,80,9,55,86,53,29,51,22,60,43,55,113,124,197,43,69,16,83,79,20,37,69,60,18,72,36,74,56,58,84,25,53
462,453,213,89,247,115,494,157,158,210,403,570,940,348,280,312,382,926,528,62,272,548,313,187,322,120,344,254,227,634,776,1439,290,456,103,514,453,85,248,560,348,109,383,230,405,456,301,546,180,355
103,99,38,21,115,9,103,38,33,69,95,130,195,71,62,74,86,190,109,15,77,117,70,38,75,23,74,61,84,148,172,247,51,102,23,121,104,19,53,122,85,18,101,50,93,76,81,113,33,72
465,368,207,77,494,103,229,135,162,207,434,528,860,312,260,284,361,804,471,56,288,469,307,204,319,114,332,266,280,625,727,1305,262,463,88,512,440,89,238,506,340,105,373,181,383,433,337,484,149,314
189,123,72,22,157,38,135,19,51,53,147,182,246,98,76,74,111,241,156,17,80,150,100,68,95,47,96,70,83,191,249,446,84,156,26,175,148,19,65,169,103,31,118,58,120,150,86,170,50,103
182,130,64,32,158,33,162,51,27,72,147,175,277,118,78,86,124,270,155,18,103,159,96,56,104,35,105,89,76,218,251,473,88,145,29,176,168,39,88,172,127,27,125,54,125,141,132,148,54,119
242,174,93,42,210,69,207,53,72,50,148,204,368,135,121,128,152,338,195,21,126,214,127,65,150,56,136,103,119,252,300,567,115,211,39,197,209,35,97,223,131,50,163,76,159,201,140,212,76,144
453,349,177,79,403,95,434,147,147,148,167,467,786,290,264,246,306,739,417,53,231,474,267,173,289,106,274,201,225,541,702,1199,227,424,98,443,418,80,210,445,270,99,335,168,374,385,279,449,150,287
495,453,217,105,570,130,528,182,175,204,467,313,1045,341,312,293,444,1036,623,73,290,616,303,216,381,152,355,239,278,755,870,1610,305,545,125,585,532,94,286,611,352,119,427,208,436,544,336,566,209,406
825,776,341,145,940,195,860,246,277,368,786,1045,730,614,505,546,658,1449,962,119,475,968,536,362,634,235,621,467,457,1189,1378,2410,454,814,200,1005,819,167,428,988,609,194,685,319,709,864,577,986,301,636
377,300,144,52,348,71,312,98,118,135,290,341,614,90,166,186,251,607,327,42,188,328,176,135,216,74,230,172,154,403,492,925,187,305,81,335,286,61,176,337,210,67,245,121,261,318,193,342,131,229
295,217,108,53,280,62,260,76,78,121,264,312,505,166,72,128,173,462,265,35,129,279,151,106,178,74,198,133,145,337,444,793,154,236,44,253,245,42,125,290,171,53,217,97,227,251,169,286,95,183
315,253,103,48,312,74,284,74,86,128,246,293,546,186,128,84,196,534,296,35,139,311,165,123,198,71,197,143,123,343,463,877,163,253,56,276,271,51,142,317,174,50,223,98,227,280,181,309,98,205
381,324,138,57,382,86,361,111,124,152,306,444,658,251,173,196,130,676,381,34,182,390,234,137,244,100,244,152,175,424,556,985,208,339,80,365,320,56,152,349,216,83,272,158,284,329,231,370,117,241
833,795,337,140,926,190,804,241,270,338,739,1036,1449,607,462,534,676,783,957,122,509,916,509,372,639,222,612,467,447,1131,1411,2452,481,835,180,1016,876,147,429,987,602,212,693,328,697,864,554,930,302,673
522,412,200,80,528,109,471,156,155,195,417,623,962,327,265,296,381,957,277,79,283,534,316,222,333,133,327,215,238,633,761,1421,269,505,120,560,522,94,251,580,370,105,373,193,392,447,319,523,211,333
69,57,23,9,62,15,56,17,18,21,53,73,119,42,35,35,34,122,79,3,37,78,42,32,39,14,34,20,27,73,84,179,41,50,10,51,46,8,27,74,42,11,50,30,51,57,34,53,25,40
352,205,104,55,272,77,288,80,103,126,231,290,475,188,129,139,182,509,283,37,61,318,136,109,179,63,186,139,123,336,431,813,156,267,66,291,267,63,114,324,185,67,229,107,205,272,176,304,107,164
500,449,199,86,548,117,469,150,159,214,474,616,968,328,279,311,390,916,534,78,318,257,295,200,318,145,333,253,264,666,762,1403,245,506,117,597,469,100,267,602,372,102,373,201,410,456,315,529,210,344
370,244,110,53,313,70,307,100,96,127,267,303,536,176,151,165,234,509,316,42,136,295,91,120,183,82,194,147,148,389,441,868,157,294,61,306,265,43,151,301,196,54,262,117,221,283,197,331,104,218
202,176,92,29,187,38,204,68,56,65,173,216,362,135,106,123,137,372,222,32,109,200,120,47,149,51,153,93,115,277,305,519,88,174,42,217,161,36,112,213,151,38,171,69,176,168,134,229,65,119
388,251,142,51,322,75,319,95,104,150,289,381,634,216,178,198,244,639,333,39,179,318,183,149,107,84,213,158,168,419,474,961,193,318,84,352,328,60,174,331,197,73,258,121,252,335,227,370,121,233
151,109,45,22,120,23,114,47,35,56,106,152,235,74,74,71,100,222,133,14,63,145,82,51,84,10,88,79,84,156,205,379,79,99,31,125,130,24,74,114,83,28,87,48,110,120,105,142,44,105
393,269,126,60,344,74,332,96,105,136,274,355,621,230,198,197,244,612,327,34,186,333,194,153,213,88,123,153,175,449,493,976,186,286,86,385,321,49,176,358,211,63,268,118,282,305,231,372,106,222
272,209,93,43,254,61,266,70,89,103,201,239,467,172,133,143,152,467,215,20,139,253,147,93,158,79,153,40,133,293,367,633,124,217,59,222,238,30,102,226,146,51,190,91,218,235,177,225,91,142
295,209,103,55,227,84,280,83,76,119,225,278,457,154,145,123,175,447,238,27,123,264,148,115,168,84,175,133,73,327,385,690,150,249,47,245,254,35,115,241,175,53,187,96,211,231,151,270,91,156
620,539,238,113,634,148,625,191,218,252,541,755,1189,403,337,343,424,1131,633,73,336,666,389,277,419,156,449,293,327,379,988,1773,358,543,147,604,593,100,290,702,437,118,453,238,500,610,415,625,232,401
706,663,335,124,776,172,727,249,251,300,702,870,1378,492,444,463,556,1411,761,84,431,762,441,305,474,205,493,367,385,988,592,2072,388,716,166,812,691,136,423,828,513,153,602,300,593,702,453,771,257,518
1140,1229,548,197,1439,247,1305,446,473,567,1199,1610,2410,925,793,877,985,2452,1421,179,813,1403,868,519,961,379,976,633,690,1773,2072,1910,740,1294,329,1491,1244,246,690,1484,928,296,1016,512,1103,1337,902,1459,515,943
234,244,104,43,290,51,262,84,88,115,227,305,454,187,154,163,208,481,269,41,156,245,157,88,193,79,186,124,150,358,388,740,75,243,61,306,243,42,134,305,181,63,202,104,233,269,186,300,106,193
453,433,160,69,456,102,463,156,145,211,424,545,814,305,236,253,339,835,505,50,267,506,294,174,318,99,286,217,249,543,716,1294,243,204,113,484,445,92,233,527,337,96,377,184,365,448,302,503,163,314
108,97,42,16,103,23,88,26,29,39,98,125,200,81,44,56,80,180,120,10,66,117,61,42,84,31,86,59,47,147,166,329,61,113,12,137,89,21,55,128,81,19,102,43,85,98,69,119,44,68
508,481,193,83,514,121,512,175,176,197,443,585,1005,335,253,276,365,1016,560,51,291,597,306,217,352,125,385,222,245,604,812,1491,306,484,137,259,509,78,264,623,345,117,445,202,423,501,329,562,222,347
468,420,157,79,453,104,440,148,168,209,418,532,819,286,245,271,320,876,522,46,267,469,265,161,328,130,321,238,254,593,691,1244,243,445,89,509,200,90,231,474,328,105,360,167,380,455,309,479,151,326
73,76,25,20,85,19,89,19,39,35,80,94,167,61,42,51,56,147,94,8,63,100,43,36,60,24,49,30,35,100,136,246,42,92,21,78,90,8,36,90,56,20,61,31,64,77,58,85,39,48
250,198,97,37,248,53,238,65,88,97,210,286,428,176,125,142,152,429,251,27,114,267,151,112,174,74,176,102,115,290,423,690,134,233,55,264,231,36,61,236,135,59,186,102,207,226,161,254,83,180
458,440,221,69,560,122,506,169,172,223,445,611,988,337,290,317,349,987,580,74,324,602,301,213,331,114,358,226,241,702,828,1484,305,527,128,623,474,90,236,277,358,100,395,214,424,531,343,522,194,364
311,269,135,60,348,85,340,103,127,131,270,352,609,210,171,174,216,602,370,42,185,372,196,151,197,83,211,146,175,437,513,928,181,337,81,345,328,56,135,358,108,60,296,127,261,319,201,350,124,207
128,81,32,18,109,18,105,31,27,50,99,119,194,67,53,50,83,212,105,11,67,102,54,38,73,28,63,51,53,118,153,296,63,96,19,117,105,20,59,100,60,11,91,44,86,102,66,120,38,78
406,344,146,72,383,101,373,118,125,163,335,427,685,245,217,223,272,693,373,50,229,373,262,171,258,87,268,190,187,453,602,1016,202,377,102,445,360,61,186,395,296,91,113,146,318,374,272,392,145,260
190,166,59,36,230,50,181,58,54,76,168,208,319,121,97,98,158,328,193,30,107,201,117,69,121,48,118,91,96,238,300,512,104,184,43,202,167,31,102,214,127,44,146,42,158,161,136,214,70,122
462,341,179,74,405,93,383,120,125,159,374,436,709,261,227,227,284,697,392,51,205,410,221,176,252,110,282,218,211,500,593,1103,233,365,85,423,380,64,207,424,261,86,318,158,168,384,245,446,142,280
408,430,208,56,456,76,433,150,141,201,385,544,864,318,251,280,329,864,447,57,272,456,283,168,335,120,305,235,231,610,702,1337,269,448,98,501,455,77,226,531,319,102,374,161,384,219,305,489,186,313
324,254,124,58,301,81,337,86,132,140,279,336,577,193,169,181,231,554,319,34,176,315,197,134,227,105,231,177,151,415,453,902,186,302,69,329,309,58,161,343,201,66,272,136,245,305,113,344,131,224
524,445,237,84,546,113,484,170,148,212,449,566,986,342,286,309,370,930,523,53,304,529,331,229,370,142,372,225,270,625,771,1459,300,503,119,562,479,85,254,522,350,120,392,214,446,489,344,261,186,329
187,172,80,25,180,33,149,50,54,76,150,209,301,131,95,98,117,302,211,25,107,210,104,65,121,44,106,91,91,232,257,515,106,163,44,222,151,39,83,194,124,38,145,70,142,186,131,186,39,140
345,268,119,53,355,72,314,103,119,144,287,406,636,229,183,205,241,673,333,40,164,344,218,119,233,105,222,142,156,401,518,943,193,314,68,347,326,48,180,364,207,78,260,122,280,313,224,329,140,123
