281,486,235,95,467,136,509,158,193,237,412,546,828,375,323,361,382,833,519,64,314,516,361,222,349,142,399,286,317,600,700,1213,249,533,113,559,504,90,242,488,340,127,366,189,426,417,339,513,174,351
486,176,165,66,446,95,380,147,128,180,374,488,753,254,227,270,315,790,408,52,212,423,239,179,248,95,249,227,212,562,687,1192,216,425,99,475,411,74,229,498,287,88,310,175,327,426,282,462,156,298
235,165,42,36,203,54,203,75,72,82,187,213,347,115,118,123,147,383,193,23,108,210,108,64,123,36,136,93,103,230,286,568,122,174,41,199,190,37,100,206,138,40,138,98,148,179,114,209,77,139
95,66,36,7,82,14,60,27,28,23,80,96,152,57,40,44,65,165,104,7,56,90,55,34,62,28,56,45,46,124,113,198,40,86,23,106,73,17,29,75,52,23,60,32,55,77,57,75,28,46
467,446,203,82,224,109,497,136,134,217,442,535,900,327,283,312,365,924,565,53,305,560,286,208,354,120,306,231,283,672,773,1412,255,431,105,541,489,97,255,549,325,101,376,176,403,491,306,535,181,346
136,95,54,14,109,11,77,39,31,47,95,116,201,77,67,57,94,222,123,11,63,110,77,48,77,29,66,59,60,148,160,304,52,110,26,131,94,17,52,101,65,22,83,39,94,113,85,107,35,71
509,380,203,60,497,77,204,150,162,207,401,553,885,297,261,264,387,902,530,65,277,458,282,199,322,135,331,254,261,666,697,1365,257,459,128,567,422,73,236,501,320,92,380,167,363,445,296,477,184,331
158,147,75,27,136,39,150,15,44,62,127,155,270,96,93,81,123,283,142,12,71,148,116,57,90,44,98,78,84,193,201,432,100,133,39,178,173,27,55,176,92,28,118,54,128,133,84,160,63,112
193,128,72,28,134,31,162,44,29,72,151,180,292,103,97,90,126,300,162,18,100,166,99,63,113,40,120,68,94,202,252,488,89,143,33,176,166,19,73,187,104,39,124,68,134,151,91,165,65,108
237,180,82,23,217,47,207,62,72,48,160,207,365,157,117,128,154,363,228,28,130,216,125,87,140,56,138,91,119,239,289,547,112,188,42,225,201,40,98,209,145,48,164,72,164,175,146,189,83,143
412,374,187,80,442,95,401,127,151,160,172,483,760,272,254,257,307,752,443,49,255,459,280,178,283,114,293,209,216,537,612,1178,229,401,109,458,421,81,202,396,280,100,317,155,354,406,288,419,158,290
546,488,213,96,535,116,553,155,180,207,483,323,1086,337,286,338,388,1063,562,70,283,592,352,226,365,126,361,263,281,672,921,1665,335,520,126,582,513,95,318,630,408,108,452,202,461,529,339,621,227,375
828,753,347,152,900,201,885,270,292,365,760,1086,860,579,482,537,607,1549,875,110,517,894,529,331,597,229,609,430,436,1137,1374,2513,499,839,212,1008,850,152,475,944,628,187,700,330,725,897,572,970,325,652
375,254,115,57,327,77,297,96,103,157,272,337,579,122,173,179,256,638,364,47,203,355,210,132,211,79,211,145,164,427,479,857,171,307,75,354,301,58,173,337,219,65,241,109,268,278,232,379,116,236
323,227,118,40,283,67,261,93,97,117,254,286,482,173,82,166,201,442,261,32,158,294,158,107,168,65,183,122,138,292,393,718,137,254,59,278,281,47,149,292,170,53,190,85,202,236,166,275,95,158
361,270,123,44,312,57,264,81,90,128,257,338,537,179,166,89,201,536,280,42,168,304,162,123,199,62,188,142,163,345,450,801,157,276,60,302,270,48,143,341,185,47,203,99,227,268,188,288,113,197
382,315,147,65,365,94,387,123,126,154,307,388,607,256,201,201,140,665,350,40,185,363,228,135,224,105,251,179,182,478,535,1000,209,351,99,400,349,52,154,370,246,68,273,149,297,312,218,390,120,242
833,790,383,165,924,222,902,283,300,363,752,1063,1549,638,442,536,665,814,873,115,496,923,532,352,641,239,632,414,473,1125,1346,2439,526,863,226,974,883,160,479,922,623,190,705,350,723,858,564,955,312,606
519,408,193,104,565,123,530,142,162,228,443,562,875,364,261,280,350,873,244,58,295,476,298,187,312,116,346,219,234,651,738,1419,269,463,123,542,499,89,266,531,342,124,400,188,389,457,302,538,181,309
64,52,23,7,53,11,65,12,18,28,49,70,110,47,32,42,40,115,58,6,34,68,50,32,40,13,39,24,23,70,84,198,32,51,11,52,63,15,18,82,39,16,54,27,53,62,37,63,24,45
314,212,108,56,305,63,277,71,100,130,255,283,517,203,158,168,185,496,295,34,72,318,167,95,187,71,205,120,147,305,463,780,160,255,53,254,272,37,113,288,189,72,233,97,235,261,176,292,104,214
516,423,210,90,560,110,458,148,166,216,459,592,894,355,294,304,363,923,476,68,318,268,320,193,317,123,348,246,247,668,750,1439,293,493,108,554,468,80,252,518,333,114,390,173,398,463,337,536,183,335
361,239,108,55,286,77,282,116,99,125,280,352,529,210,158,162,228,532,298,50,167,320,101,136,210,67,191,129,172,389,473,831,154,294,59,324,298,50,160,315,177,65,231,109,242,297,179,306,121,223
222,179,64,34,208,48,199,57,63,87,178,226,331,132,107,123,135,352,187,32,95,193,136,41,135,58,144,109,97,227,282,556,95,225,49,228,188,37,88,190,122,34,172,64,162,194,139,214,76,133
349,248,123,62,354,77,322,90,113,140,283,365,597,211,168,199,224,641,312,40,187,317,210,135,104,77,204,152,174,457,516,960,190,343,84,349,304,54,158,318,195,65,269,114,262,323,210,372,139,212
142,95,36,28,120,29,135,44,40,56,114,126,229,79,65,62,105,239,116,13,71,123,67,58,77,14,76,60,62,138,215,355,65,142,32,122,124,14,63,131,61,26,94,50,103,116,76,120,58,76
399,249,136,56,306,66,331,98,120,138,293,361,609,211,183,188,251,632,346,39,205,348,191,144,204,76,101,159,158,422,540,992,184,346,85,365,340,51,146,365,192,66,275,124,257,333,203,352,138,215
286,227,93,45,231,59,254,78,68,91,209,263,430,145,122,142,179,414,219,24,120,246,129,109,152,60,159,47,115,266,383,674,115,219,52,243,236,37,137,249,116,41,176,76,186,228,136,259,90,163
317,212,103,46,283,60,261,84,94,119,216,281,436,164,138,163,182,473,234,23,147,247,172,97,174,62,158,115,51,317,404,720,139,249,61,277,245,37,127,256,162,61,185,92,220,243,176,254,94,148
600,562,230,124,672,148,666,193,202,239,537,672,1137,427,292,345,478,1125,651,70,305,668,389,227,457,138,422,266,317,388,982,1854,355,582,135,683,638,109,328,699,408,139,493,201,521,637,360,692,217,424
700,687,286,113,773,160,697,201,252,289,612,921,1374,479,393,450,535,1346,738,84,463,750,473,282,516,215,540,383,404,982,579,2123,415,698,173,815,738,132,362,786,528,158,592,284,604,698,480,821,270,507
1213,1192,568,198,1412,304,1365,432,488,547,1178,1665,2513,857,718,801,1000,2439,1419,198,780,1439,831,556,960,355,992,674,720,1854,2123,1970,759,1267,343,1507,1265,244,721,1511,974,284,1077,528,1127,1354,888,1438,524,980
249,216,122,40,255,52,257,100,89,112,229,335,499,171,137,157,209,526,269,32,160,293,154,95,190,65,184,115,139,355,415,759,65,236,79,303,246,44,149,289,179,62,214,101,209,248,171,316,107,177
533,425,174,86,431,110,459,133,143,188,401,520,839,307,254,276,351,863,463,51,255,493,294,225,343,142,346,219,249,582,698,1267,236,233,113,530,452,69,217,485,281,118,375,160,403,449,306,490,179,321
113,99,41,23,105,26,128,39,33,42,109,126,212,75,59,60,99,226,123,11,53,108,59,49,84,32,85,52,61,135,173,343,79,113,18,130,103,25,73,137,98,25,106,54,95,112,70,119,52,71
559,475,199,106,541,131,567,178,176,225,458,582,1008,354,278,302,400,974,542,52,254,554,324,228,349,122,365,243,277,683,815,1507,303,530,130,286,534,75,295,572,330,126,429,204,431,487,352,592,191,358
504,411,190,73,489,94,422,173,166,201,421,513,850,301,281,270,349,883,499,63,272,468,298,188,304,124,340,236,245,638,738,1265,246,452,103,534,196,72,237,490,298,97,364,162,350,409,324,475,165,323
90,74,37,17,97,17,73,27,19,40,81,95,152,58,47,48,52,160,89,15,37,80,50,37,54,14,51,37,37,109,132,244,44,69,25,75,72,5,45,112,62,24,68,26,59,75,47,111,35,63
242,229,100,29,255,52,236,55,73,98,202,318,475,173,149,143,154,479,266,18,113,252,160,88,158,63,146,137,127,328,362,721,149,217,73,295,237,45,46,268,144,50,193,96,213,241,174,247,102,150
488,498,206,75,549,101,501,176,187,209,396,630,944,337,292,341,370,922,531,82,288,518,315,190,318,131,365,249,256,699,786,1511,289,485,137,572,490,112,268,269,339,122,442,209,422,531,299,560,205,343
340,287,138,52,325,65,320,92,104,145,280,408,628,219,170,185,246,623,342,39,189,333,177,122,195,61,192,116,162,408,528,974,179,281,98,330,298,62,144,339,124,78,241,122,282,321,204,354,132,211
127,88,40,23,101,22,92,28,39,48,100,108,187,65,53,47,68,190,124,16,72,114,65,34,65,26,66,41,61,139,158,284,62,118,25,126,97,24,50,122,78,10,75,40,74,85,74,96,41,82
366,310,138,60,376,83,380,118,124,164,317,452,700,241,190,203,273,705,400,54,233,390,231,172,269,94,275,176,185,493,592,1077,214,375,106,429,364,68,193,442,241,75,142,122,305,372,233,400,148,247
189,175,98,32,176,39,167,54,68,72,155,202,330,109,85,99,149,350,188,27,97,173,109,64,114,50,124,76,92,201,284,528,101,160,54,204,162,26,96,209,122,40,122,41,136,186,123,200,82,127
426,327,148,55,403,94,363,128,134,164,354,461,725,268,202,227,297,723,389,53,235,398,242,162,262,103,257,186,220,521,604,1127,209,403,95,431,350,59,213,422,282,74,305,136,164,386,267,432,150,286
417,426,179,77,491,113,445,133,151,175,406,529,897,278,236,268,312,858,457,62,261,463,297,194,323,116,333,228,243,637,698,1354,248,449,112,487,409,75,241,531,321,85,372,186,386,203,312,459,176,332
339,282,114,57,306,85,296,84,91,146,288,339,572,232,166,188,218,564,302,37,176,337,179,139,210,76,203,136,176,360,480,888,171,306,70,352,324,47,174,299,204,74,233,123,267,312,92,359,117,193
513,462,209,75,535,107,477,160,165,189,419,621,970,379,275,288,390,955,538,63,292,536,306,214,372,120,352,259,254,692,821,1438,316,490,119,592,475,111,247,560,354,96,400,200,432,459,359,267,198,320
174,156,77,28,181,35,184,63,65,83,158,227,325,116,95,113,120,312,181,24,104,183,121,76,139,58,138,90,94,217,270,524,107,179,52,191,165,35,102,205,132,41,148,82,150,176,117,198,42,126
351,298,139,46,346,71,331,112,108,143,290,375,652,236,158,197,242,606,309,45,214,335,223,133,212,76,215,163,148,424,507,980,177,321,71,358,323,63,150,343,211,82,247,127,286,332,193,320,126,120
