273,479,198,103,497,110,481,161,177,262,440,499,800,375,306,347,383,765,484,62,324,517,340,212,346,166,376,268,324,588,734,1182,232,514,87,569,493,79,254,461,323,104,384,179,399,467,328,499,172,399
479,194,164,84,429,98,420,128,148,185,357,461,755,259,235,235,330,813,414,46,242,441,240,168,288,99,276,173,192,518,672,1339,274,403,105,449,437,59,234,486,311,107,336,151,365,400,293,437,166,284
198,164,37,42,212,49,196,59,75,93,191,218,358,135,105,113,147,391,208,27,109,181,120,79,120,47,125,99,96,254,262,547,104,183,45,185,194,31,91,208,130,43,166,77,164,188,139,224,75,140
103,84,42,10,103,22,81,26,31,38,59,92,138,64,47,47,61,147,92,13,48,74,55,33,50,19,61,39,52,121,126,217,48,74,10,90,73,12,41,82,52,18,74,27,71,73,56,103,26,46
497,429,212,103,245,113,502,159,177,198,418,578,937,327,285,264,337,910,535,59,280,509,316,222,335,125,332,245,248,637,777,1437,264,478,112,493,484,83,255,533,341,115,397,221,420,485,339,552,188,336
110,98,49,22,113,14,109,28,38,59,84,114,193,73,61,57,87,197,118,14,52,114,83,46,94,29,83,48,62,170,153,299,73,105,16,132,102,19,49,116,81,26,89,38,93,99,76,116,40,69
481,420,196,81,502,109,235,139,133,198,383,552,872,322,253,266,356,880,511,61,251,503,299,193,347,116,311,220,232,659,719,1330,272,446,121,549,421,85,238,540,339,118,394,185,393,459,320,509,173,300
161,128,59,26,159,28,139,16,59,71,138,169,246,114,86,85,100,253,140,15,88,165,100,69,87,31,111,58,76,164,234,403,73,138,41,142,137,37,65,168,101,36,117,59,112,146,108,148,55,108
177,148,75,31,177,38,133,59,26,72,128,196,312,93,87,109,127,316,162,19,74,161,99,66,114,40,120,66,68,196,269,458,98,158,41,183,144,18,87,164,111,33,136,60,121,170,95,175,69,111
262,185,93,38,198,59,198,71,72,38,160,235,347,119,107,114,172,371,212,29,111,223,110,72,126,58,155,103,106,269,309,577,103,179,52,210,208,23,105,217,127,36,174,68,171,189,121,223,83,155
440,357,191,59,418,84,383,138,128,160,168,512,747,267,233,256,310,739,411,51,244,440,264,165,265,95,271,220,229,529,642,1178,240,359,89,441,413,79,235,424,285,84,320,161,350,385,268,430,159,295
499,461,218,92,578,114,552,169,196,235,512,332,1077,363,289,276,399,1070,583,59,303,555,334,221,379,136,372,267,290,694,878,1639,336,532,133,590,537,91,298,606,448,117,430,210,450,555,353,584,215,342
800,755,358,138,937,193,872,246,312,347,747,1077,855,560,457,502,649,1490,929,117,459,882,524,362,636,230,613,418,418,1144,1357,2549,508,858,219,1000,860,161,452,984,629,177,707,322,773,886,622,900,339,589
375,259,135,64,327,73,322,114,93,119,267,363,560,102,148,156,200,599,318,41,187,341,196,141,223,77,218,144,175,397,513,918,181,317,72,344,290,40,154,382,232,62,232,111,278,315,186,335,125,233
306,235,105,47,285,61,253,86,87,107,233,289,457,148,71,149,193,477,262,32,158,259,148,100,193,59,179,118,115,330,425,743,130,264,53,286,245,39,134,281,156,55,221,98,185,251,151,290,72,191
347,235,113,47,264,57,266,85,109,114,256,276,502,156,149,79,222,536,293,38,157,317,185,106,182,69,176,137,137,352,458,846,153,269,66,293,267,48,142,284,175,67,229,94,209,267,152,332,104,200
383,330,147,61,337,87,356,100,127,172,310,399,649,200,193,222,131,631,344,47,186,373,222,132,268,95,265,150,199,456,564,1032,206,334,81,392,335,55,186,393,256,66,258,148,271,360,225,334,137,269
765,813,391,147,910,197,880,253,316,371,739,1070,1490,599,477,536,631,814,890,109,474,913,527,357,633,217,585,432,436,1127,1331,2469,504,849,233,973,878,143,438,956,584,179,658,323,737,860,626,908,343,609
484,414,208,92,535,118,511,140,162,212,411,583,929,318,262,293,344,890,232,59,265,455,304,205,321,149,355,229,276,639,740,1434,255,472,121,543,498,89,279,544,326,116,422,192,429,490,322,548,180,352
62,46,27,13,59,14,61,15,19,29,51,59,117,41,32,38,47,109,59,3,29,62,31,20,35,7,33,34,29,86,69,159,28,59,14,63,50,12,30,53,53,4,47,22,45,55,32,66,21,33
324,242,109,48,280,52,251,88,74,111,244,303,459,187,158,157,186,474,265,29,68,297,133,119,169,62,156,125,151,325,400,758,144,244,70,282,252,50,160,309,186,46,216,95,220,255,154,293,104,175
517,441,181,74,509,114,503,165,161,223,440,555,882,341,259,317,373,913,455,62,297,243,314,210,340,131,333,233,259,644,790,1450,265,473,122,562,470,97,286,533,351,102,401,181,406,487,322,532,175,357
340,240,120,55,316,83,299,100,99,110,264,334,524,196,148,185,222,527,304,31,133,314,78,108,207,65,196,131,136,367,447,822,149,276,63,271,297,42,151,321,195,53,229,90,226,281,176,307,98,215
212,168,79,33,222,46,193,69,66,72,165,221,362,141,100,106,132,357,205,20,119,210,108,25,116,44,117,94,107,244,278,567,94,188,39,213,206,36,99,239,143,42,148,74,157,173,122,195,73,134
346,288,120,50,335,94,347,87,114,126,265,379,636,223,193,182,268,633,321,35,169,340,207,116,115,78,192,150,142,386,499,966,193,302,86,325,308,43,169,338,210,60,264,116,265,304,213,351,147,229
166,99,47,19,125,29,116,31,40,58,95,136,230,77,59,69,95,217,149,7,62,131,65,44,78,14,82,69,60,141,203,381,72,113,26,137,109,17,69,134,84,31,96,47,91,114,76,141,44,93
376,276,125,61,332,83,311,111,120,155,271,372,613,218,179,176,265,585,355,33,156,333,196,117,192,82,103,165,148,373,544,1017,193,323,66,344,300,49,180,326,239,70,257,111,251,310,205,327,111,254
268,173,99,39,245,48,220,58,66,103,220,267,418,144,118,137,150,432,229,34,125,233,131,94,150,69,165,57,102,297,327,652,133,212,60,230,211,37,93,240,149,53,207,108,181,214,134,232,86,137
324,192,96,52,248,62,232,76,68,106,229,290,418,175,115,137,199,436,276,29,151,259,136,107,142,60,148,102,70,313,392,722,120,243,63,260,251,41,140,266,160,54,200,86,183,220,154,278,91,173
588,518,254,121,637,170,659,164,196,269,529,694,1144,397,330,352,456,1127,639,86,325,644,367,244,386,141,373,297,313,475,988,1795,341,612,145,662,656,104,286,700,429,121,488,243,511,580,398,630,260,427
734,672,262,126,777,153,719,234,269,309,642,878,1357,513,425,458,564,1331,740,69,400,790,447,278,499,203,544,327,392,988,558,2133,408,737,170,810,685,141,419,803,511,163,594,305,626,690,495,805,278,503
1182,1339,547,217,1437,299,1330,403,458,577,1178,1639,2549,918,743,846,1032,2469,1434,159,758,1450,822,567,966,381,1017,652,722,1795,2133,1956,771,1324,321,1563,1348,260,683,1579,960,292,1069,575,1178,1363,929,1452,460,910
232,274,104,48,264,73,272,73,98,103,240,336,508,181,130,153,206,504,255,28,144,265,149,94,193,72,193,133,120,341,408,771,63,252,64,282,271,44,140,304,208,54,204,97,232,263,175,272,97,158
514,403,183,74,478,105,446,138,158,179,359,532,858,317,264,269,334,849,472,59,244,473,276,188,302,113,323,212,243,612,737,1324,252,219,105,477,409,75,226,467,315,104,381,195,398,411,308,499,199,301
87,105,45,10,112,16,121,41,41,52,89,133,219,72,53,66,81,233,121,14,70,122,63,39,86,26,66,60,63,145,170,321,64,105,11,118,108,17,64,136,75,25,85,40,99,119,75,110,44,83
569,449,185,90,493,132,549,142,183,210,441,590,1000,344,286,293,392,973,543,63,282,562,271,213,325,137,344,230,260,662,810,1563,282,477,118,294,479,81,263,586,366,112,397,207,401,464,343,596,204,378
493,437,194,73,484,102,421,137,144,208,413,537,860,290,245,267,335,878,498,50,252,470,297,206,308,109,300,211,251,656,685,1348,271,409,108,479,186,79,224,495,318,89,378,166,374,460,269,461,159,333
79,59,31,12,83,19,85,37,18,23,79,91,161,40,39,48,55,143,89,12,50,97,42,36,43,17,49,37,41,104,141,260,44,75,17,81,79,8,51,104,70,22,64,28,61,87,52,91,34,48
254,234,91,41,255,49,238,65,87,105,235,298,452,154,134,142,186,438,279,30,160,286,151,99,169,69,180,93,140,286,419,683,140,226,64,263,224,51,71,268,168,55,181,104,185,245,174,257,94,176
461,486,208,82,533,116,540,168,164,217,424,606,984,382,281,284,393,956,544,53,309,533,321,239,338,134,326,240,266,700,803,1579,304,467,136,586,495,104,268,314,324,116,391,213,461,531,383,538,188,320
323,311,130,52,341,81,339,101,111,127,285,448,629,232,156,175,256,584,326,53,186,351,195,143,210,84,239,149,160,429,511,960,208,315,75,366,318,70,168,324,119,76,261,122,281,329,216,366,129,203
104,107,43,18,115,26,118,36,33,36,84,117,177,62,55,67,66,179,116,4,46,102,53,42,60,31,70,53,54,121,163,292,54,104,25,112,89,22,55,116,76,6,74,38,74,91,54,114,35,75
384,336,166,74,397,89,394,117,136,174,320,430,707,232,221,229,258,658,422,47,216,401,229,148,264,96,257,207,200,488,594,1069,204,381,85,397,378,64,181,391,261,74,140,130,300,365,214,392,136,289
179,151,77,27,221,38,185,59,60,68,161,210,322,111,98,94,148,323,192,22,95,181,90,74,116,47,111,108,86,243,305,575,97,195,40,207,166,28,104,213,122,38,130,33,132,181,129,199,58,123
399,365,164,71,420,93,393,112,121,171,350,450,773,278,185,209,271,737,429,45,220,406,226,157,265,91,251,181,183,511,626,1178,232,398,99,401,374,61,185,461,281,74,300,132,161,378,248,405,155,245
467,400,188,73,485,99,459,146,170,189,385,555,886,315,251,267,360,860,490,55,255,487,281,173,304,114,310,214,220,580,690,1363,263,411,119,464,460,87,245,531,329,91,365,181,378,226,298,475,194,299
328,293,139,56,339,76,320,108,95,121,268,353,622,186,151,152,225,626,322,32,154,322,176,122,213,76,205,134,154,398,495,929,175,308,75,343,269,52,174,383,216,54,214,129,248,298,84,307,112,203
499,437,224,103,552,116,509,148,175,223,430,584,900,335,290,332,334,908,548,66,293,532,307,195,351,141,327,232,278,630,805,1452,272,499,110,596,461,91,257,538,366,114,392,199,405,475,307,269,205,339
172,166,75,26,188,40,173,55,69,83,159,215,339,125,72,104,137,343,180,21,104,175,98,73,147,44,111,86,91,260,278,460,97,199,44,204,159,34,94,188,129,35,136,58,155,194,112,205,25,124
399,284,140,46,336,69,300,108,111,155,295,342,589,233,191,200,269,609,352,33,175,357,215,134,229,93,254,137,173,427,503,910,158,301,83,378,333,48,176,320,203,75,289,123,245,299,203,339,124,121
