267,477,221,86,490,105,448,181,163,267,444,513,797,365,305,316,356,808,515,75,336,501,346,206,343,160,395,285,318,646,679,1166,219,489,96,500,458,84,286,463,324,99,371,161,442,439,293,480,141,387
477,199,151,73,451,101,432,126,133,194,377,456,781,290,202,218,357,811,424,56,242,439,280,161,288,105,282,188,214,520,647,1233,237,410,95,445,405,59,214,456,274,81,337,154,339,415,255,479,155,315
221,151,38,26,198,37,176,71,51,87,175,208,363,116,98,102,152,353,213,28,113,221,120,66,118,46,128,74,82,225,305,574,108,213,52,208,168,40,110,202,122,39,137,85,161,204,132,199,67,122
86,73,26,6,74,20,72,35,30,33,70,103,153,53,46,42,56,165,82,10,52,92,53,34,58,34,60,48,44,103,109,196,37,70,18,90,73,13,36,69,49,17,68,30,62,59,69,83,27,59
490,451,198,74,287,117,483,173,158,211,412,529,906,334,276,281,402,917,538,66,267,543,292,193,323,141,343,269,260,625,769,1457,285,459,98,535,449,89,267,541,342,100,413,191,393,450,283,490,181,325
105,101,37,20,117,10,89,39,36,48,106,137,174,76,65,63,72,190,110,21,70,121,70,53,71,35,92,75,64,129,171,292,46,103,20,116,100,14,54,116,76,25,76,46,89,99,79,107,34,81
448,432,176,72,483,89,222,149,148,186,410,565,852,300,265,261,323,878,485,64,249,491,281,200,329,131,350,255,239,616,708,1282,257,442,99,505,408,88,233,507,305,98,364,170,385,452,320,480,166,353
181,126,71,35,173,39,149,24,48,61,123,159,295,99,74,79,118,307,146,31,76,131,84,56,82,35,96,59,81,201,213,450,81,125,29,162,137,23,62,164,117,22,121,57,118,134,87,168,57,102
163,133,51,30,158,36,148,48,21,59,137,165,296,115,92,91,100,295,181,23,75,180,100,62,127,43,102,71,65,221,234,466,94,148,40,169,134,40,81,159,107,27,130,70,158,144,102,168,52,110
267,194,87,33,211,48,186,61,59,52,172,254,343,147,105,124,154,366,223,24,127,212,119,94,143,58,142,104,114,238,296,576,116,181,50,226,225,43,113,229,128,52,152,76,180,177,135,222,74,165
444,377,175,70,412,106,410,123,137,172,198,473,731,277,246,260,329,755,449,49,267,445,244,173,300,106,303,182,249,514,653,1182,232,412,95,435,415,67,203,466,250,102,324,158,363,395,228,468,146,303
513,456,208,103,529,137,565,159,165,254,473,317,1026,313,298,327,432,1049,573,78,304,581,314,226,397,153,375,232,276,649,895,1642,304,528,134,612,548,87,277,570,328,126,399,195,432,517,352,564,215,389
797,781,363,153,906,174,852,295,296,343,731,1026,763,607,480,493,634,1441,943,123,489,929,557,360,595,226,639,422,477,1113,1387,2378,487,818,183,958,807,156,441,895,599,191,676,321,729,836,582,913,318,582
365,290,116,53,334,76,300,99,115,147,277,313,607,104,177,196,247,634,339,44,166,340,191,130,196,64,216,157,167,421,476,871,174,306,62,341,315,65,160,346,207,60,248,138,254,300,213,318,112,224
305,202,98,46,276,65,265,74,92,105,246,298,480,177,69,139,173,485,276,31,164,270,162,116,180,81,188,105,142,371,406,663,133,225,59,279,234,48,131,296,180,51,228,90,211,257,154,285,85,183
316,218,102,42,281,63,261,79,91,124,260,327,493,196,139,88,201,508,262,31,147,302,163,125,170,84,204,110,142,401,432,775,148,260,56,308,258,47,149,303,185,48,230,99,226,267,151,304,80,212
356,357,152,56,402,72,323,118,100,154,329,432,634,247,173,201,127,633,356,47,192,383,228,155,246,104,257,181,205,477,547,1050,192,352,83,358,344,75,192,352,225,70,265,116,287,372,238,347,132,264
808,811,353,165,917,190,878,307,295,366,755,1049,1441,634,485,508,633,821,927,125,504,910,568,362,614,247,630,395,438,1145,1317,2431,510,814,185,988,821,158,412,940,605,176,671,319,704,810,598,933,333,571
515,424,213,82,538,110,485,146,181,223,449,573,943,339,276,262,356,927,248,77,266,478,334,197,325,117,320,239,248,636,759,1421,274,493,125,497,504,79,253,507,337,92,367,186,415,512,324,526,202,361
75,56,28,10,66,21,64,31,23,24,49,78,123,44,31,31,47,125,77,3,40,64,36,27,40,18,39,28,28,70,95,182,31,71,12,69,60,13,41,68,50,12,44,23,37,60,38,68,22,41
336,242,113,52,267,70,249,76,75,127,267,304,489,166,164,147,192,504,266,40,78,306,162,100,187,70,179,134,141,322,464,818,151,283,49,293,269,50,133,272,172,68,222,105,258,254,186,263,87,179
501,439,221,92,543,121,491,131,180,212,445,581,929,340,270,302,383,910,478,64,306,267,322,181,312,132,351,223,256,596,761,1460,276,512,122,536,470,98,256,520,368,95,374,182,385,498,345,529,192,369
346,280,120,53,292,70,281,84,100,119,244,314,557,191,162,163,228,568,334,36,162,322,109,139,198,97,194,128,166,364,445,846,159,284,66,307,266,56,146,358,215,62,237,111,239,294,204,311,121,200
206,161,66,34,193,53,200,56,62,94,173,226,360,130,116,125,155,362,197,27,100,181,139,39,150,60,161,112,90,240,283,544,107,173,43,206,173,28,93,205,133,43,149,64,156,190,129,217,69,151
343,288,118,58,323,71,329,82,127,143,300,397,595,196,180,170,246,614,325,40,187,312,198,150,108,91,234,166,178,445,478,923,187,296,71,351,288,60,162,346,216,79,252,123,243,296,207,368,119,218
160,105,46,34,141,35,131,35,43,58,106,153,226,64,81,84,104,247,117,18,70,132,97,60,91,15,70,57,62,167,176,361,82,130,29,121,120,17,59,130,81,35,111,34,99,123,91,132,54,92
395,282,128,60,343,92,350,96,102,142,303,375,639,216,188,204,257,630,320,39,179,351,194,161,234,70,110,165,166,402,494,982,195,314,86,349,327,48,150,372,223,71,267,112,278,346,238,383,128,229
285,188,74,48,269,75,255,59,71,104,182,232,422,157,105,110,181,395,239,28,134,223,128,112,166,57,165,67,126,297,315,644,134,238,52,249,255,37,117,249,142,47,190,94,169,203,137,257,89,162
318,214,82,44,260,64,239,81,65,114,249,276,477,167,142,142,205,438,248,28,141,256,166,90,178,62,166,126,65,278,372,715,146,239,61,255,221,40,117,251,177,52,172,98,193,229,171,247,93,185
646,520,225,103,625,129,616,201,221,238,514,649,1113,421,371,401,477,1145,636,70,322,596,364,240,445,167,402,297,278,384,962,1711,349,547,149,672,582,104,320,670,423,129,483,209,502,592,376,613,262,401
679,647,305,109,769,171,708,213,234,296,653,895,1387,476,406,432,547,1317,759,95,464,761,445,283,478,176,494,315,372,962,588,2087,402,726,179,817,684,143,385,770,527,144,594,276,618,683,473,777,281,492
1166,1233,574,196,1457,292,1282,450,466,576,1182,1642,2378,871,663,775,1050,2431,1421,182,818,1460,846,544,923,361,982,644,715,1711,2087,1879,720,1264,299,1530,1264,264,685,1475,962,285,1069,511,1021,1258,882,1426,495,951
219,237,108,37,285,46,257,81,94,116,232,304,487,174,133,148,192,510,274,31,151,276,159,107,187,82,195,134,146,349,402,720,70,245,51,306,238,51,127,270,169,57,208,81,198,242,148,277,93,164
489,410,213,70,459,103,442,125,148,181,412,528,818,306,225,260,352,814,493,71,283,512,284,173,296,130,314,238,239,547,726,1264,245,222,102,530,421,83,225,511,311,87,359,165,374,453,291,447,177,319
96,95,52,18,98,20,99,29,40,50,95,134,183,62,59,56,83,185,125,12,49,122,66,43,71,29,86,52,61,149,179,299,51,102,17,152,92,23,53,120,80,27,89,47,92,93,64,114,38,77
500,445,208,90,535,116,505,162,169,226,435,612,958,341,279,308,358,988,497,69,293,536,307,206,351,121,349,249,255,672,817,1530,306,530,152,257,515,98,264,579,355,86,413,174,429,523,308,550,203,380
458,405,168,73,449,100,408,137,134,225,415,548,807,315,234,258,344,821,504,60,269,470,266,173,288,120,327,255,221,582,684,1264,238,421,92,515,211,75,233,497,305,101,343,172,339,419,287,483,163,337
84,59,40,13,89,14,88,23,40,43,67,87,156,65,48,47,75,158,79,13,50,98,56,28,60,17,48,37,40,104,143,264,51,83,23,98,75,6,41,93,49,16,64,30,64,82,57,87,35,63
286,214,110,36,267,54,233,62,81,113,203,277,441,160,131,149,192,412,253,41,133,256,146,93,162,59,150,117,117,320,385,685,127,225,53,264,233,41,64,272,201,43,201,89,174,214,146,253,77,184
463,456,202,69,541,116,507,164,159,229,466,570,895,346,296,303,352,940,507,68,272,520,358,205,346,130,372,249,251,670,770,1475,270,511,120,579,497,93,272,248,347,108,390,181,430,455,335,520,198,380
324,274,122,49,342,76,305,117,107,128,250,328,599,207,180,185,225,605,337,50,172,368,215,133,216,81,223,142,177,423,527,962,169,311,80,355,305,49,201,347,108,76,248,130,266,320,236,334,131,228
99,81,39,17,100,25,98,22,27,52,102,126,191,60,51,48,70,176,92,12,68,95,62,43,79,35,71,47,52,129,144,285,57,87,27,86,101,16,43,108,76,9,65,36,89,97,70,109,45,64
371,337,137,68,413,76,364,121,130,152,324,399,676,248,228,230,265,671,367,44,222,374,237,149,252,111,267,190,172,483,594,1069,208,359,89,413,343,64,201,390,248,65,143,149,279,351,249,388,151,242
161,154,85,30,191,46,170,57,70,76,158,195,321,138,90,99,116,319,186,23,105,182,111,64,123,34,112,94,98,209,276,511,81,165,47,174,172,30,89,181,130,36,149,33,146,170,131,204,67,132
442,339,161,62,393,89,385,118,158,180,363,432,729,254,211,226,287,704,415,37,258,385,239,156,243,99,278,169,193,502,618,1021,198,374,92,429,339,64,174,430,266,89,279,146,143,361,275,395,127,263
439,415,204,59,450,99,452,134,144,177,395,517,836,300,257,267,372,810,512,60,254,498,294,190,296,123,346,203,229,592,683,1258,242,453,93,523,419,82,214,455,320,97,351,170,361,204,301,449,160,319
293,255,132,69,283,79,320,87,102,135,228,352,582,213,154,151,238,598,324,38,186,345,204,129,207,91,238,137,171,376,473,882,148,291,64,308,287,57,146,335,236,70,249,131,275,301,94,347,123,216
480,479,199,83,490,107,480,168,168,222,468,564,913,318,285,304,347,933,526,68,263,529,311,217,368,132,383,257,247,613,777,1426,277,447,114,550,483,87,253,520,334,109,388,204,395,449,347,246,194,370
141,155,67,27,181,34,166,57,52,74,146,215,318,112,85,80,132,333,202,22,87,192,121,69,119,54,128,89,93,262,281,495,93,177,38,203,163,35,77,198,131,45,151,67,127,160,123,194,24,116
387,315,122,59,325,81,353,102,110,165,303,389,582,224,183,212,264,571,361,41,179,369,200,151,218,92,229,162,185,401,492,951,164,319,77,380,337,63,184,380,228,64,242,132,263,319,216,370,116,126
