263,420,190,94,542,113,482,186,163,242,441,491,805,381,290,335,360,827,501,63,321,477,351,201,383,145,375,285,283,601,685,1170,231,493,123,524,499,73,242,438,307,115,373,177,431,430,336,535,182,392
420,184,192,81,454,89,442,123,150,198,389,503,810,303,221,224,328,820,408,50,253,428,241,164,274,98,292,194,209,575,709,1220,235,414,87,457,395,62,219,458,285,89,333,158,322,412,292,468,162,282
190,192,33,35,205,44,222,55,71,90,177,218,394,151,91,110,147,376,223,20,110,224,111,79,119,46,109,90,100,259,306,573,113,174,47,217,182,37,115,223,111,37,168,76,161,177,116,200,67,144
94,81,35,4,96,20,89,20,22,37,76,94,133,59,43,60,57,146,74,9,57,81,60,28,54,26,64,45,46,100,97,234,44,84,26,88,73,13,46,85,62,20,66,24,69,71,62,73,36,69
542,454,205,96,236,129,489,158,158,222,428,572,946,346,261,297,391,892,492,63,255,571,312,210,332,137,350,226,285,653,771,1373,282,464,116,533,518,79,262,547,308,104,412,200,397,455,302,543,180,380
113,89,44,20,129,16,114,36,40,46,114,113,214,69,63,70,78,190,108,15,72,110,72,39,83,34,87,59,61,135,145,294,61,101,22,120,99,22,64,106,80,30,92,31,86,104,85,120,38,81
482,442,222,89,489,114,223,149,142,204,413,537,843,301,252,288,320,881,470,70,266,494,293,192,340,116,320,220,253,630,690,1374,250,435,126,524,435,75,255,520,352,111,378,169,349,444,304,476,183,328
186,123,55,20,158,36,149,19,47,60,146,167,267,110,76,95,104,290,159,13,97,175,90,67,91,48,108,71,70,207,230,402,69,143,43,168,163,25,63,172,99,33,120,59,156,144,111,177,67,102
163,150,71,22,158,40,142,47,28,76,146,190,318,108,91,96,116,287,174,23,92,177,107,78,96,49,113,81,92,196,238,479,95,146,47,163,147,27,84,196,94,28,141,57,123,142,104,166,71,122
242,198,90,37,222,46,204,60,76,51,204,227,334,136,108,114,138,366,201,32,118,239,146,85,153,59,143,84,115,236,286,565,111,165,54,205,195,34,108,214,136,47,161,66,176,191,138,211,78,150
441,389,177,76,428,114,413,146,146,204,188,483,772,309,232,233,312,769,400,67,248,441,270,176,294,123,281,210,223,505,622,1162,228,408,91,461,400,61,217,431,300,96,286,151,360,392,280,407,163,295
491,503,218,94,572,113,537,167,190,227,483,307,1013,367,293,317,414,993,604,74,288,605,334,248,374,148,355,281,270,709,854,1589,344,551,131,555,568,99,290,638,399,117,434,217,472,557,346,571,199,391
805,810,394,133,946,214,843,267,318,334,772,1013,775,586,450,535,664,1512,894,113,489,934,491,377,582,224,602,410,454,1160,1362,2444,506,812,209,966,815,143,488,974,584,189,700,332,713,786,564,965,333,604
381,303,151,59,346,69,301,110,108,136,309,367,586,111,176,181,220,585,301,47,172,345,221,144,216,86,231,152,172,379,454,877,203,300,76,326,305,57,165,364,211,53,237,123,287,318,197,342,147,236
290,221,91,43,261,63,252,76,91,108,232,293,450,176,73,148,181,479,261,36,159,284,152,106,157,71,176,115,140,306,380,698,133,230,58,279,244,45,120,292,180,54,212,117,216,242,151,272,90,184
335,224,110,60,297,70,288,95,96,114,233,317,535,181,148,82,196,544,291,34,169,307,176,102,187,72,187,109,147,345,413,784,159,241,60,288,268,47,133,328,199,66,235,109,238,255,177,308,115,193
360,328,147,57,391,78,320,104,116,138,312,414,664,220,181,196,131,678,388,40,220,378,189,154,242,111,274,174,186,436,543,1000,188,338,96,387,354,40,180,393,246,76,267,120,290,347,229,401,142,211
827,820,376,146,892,190,881,290,287,366,769,993,1512,585,479,544,678,813,932,127,499,944,517,374,595,236,646,409,448,1116,1429,2489,490,807,195,937,843,151,497,986,651,205,715,330,719,833,569,970,330,575
501,408,223,74,492,108,470,159,174,201,400,604,894,301,261,291,388,932,248,65,281,443,302,220,339,144,355,234,255,633,700,1402,274,489,131,523,488,88,254,536,335,108,390,202,419,464,345,519,196,351
63,50,20,9,63,15,70,13,23,32,67,74,113,47,36,34,40,127,65,6,26,65,43,20,34,15,52,37,27,84,113,185,25,62,9,56,61,7,26,78,44,8,57,31,45,46,34,68,17,35
321,253,110,57,255,72,266,97,92,118,248,288,489,172,159,169,220,499,281,26,67,317,177,105,201,59,171,112,138,338,417,775,133,264,70,267,255,39,154,289,189,59,220,101,228,266,162,272,124,196
477,428,224,81,571,110,494,175,177,239,441,605,934,345,284,307,378,944,443,65,317,226,315,218,363,134,391,236,285,659,686,1451,286,499,139,531,498,86,247,506,337,105,405,181,417,459,347,519,216,352
351,241,111,60,312,72,293,90,107,146,270,334,491,221,152,176,189,517,302,43,177,315,79,120,194,76,211,119,166,383,443,871,131,273,74,298,299,59,143,329,219,55,241,106,239,264,167,327,111,177
201,164,79,28,210,39,192,67,78,85,176,248,377,144,106,102,154,374,220,20,105,218,120,44,141,51,131,98,117,285,316,540,101,211,47,221,191,26,93,205,133,35,123,68,152,184,134,196,66,132
383,274,119,54,332,83,340,91,96,153,294,374,582,216,157,187,242,595,339,34,201,363,194,141,113,92,220,156,172,411,539,949,178,312,84,362,262,48,148,348,247,54,227,134,264,299,220,345,119,223
145,98,46,26,137,34,116,48,49,59,123,148,224,86,71,72,111,236,144,15,59,134,76,51,92,23,81,56,69,165,198,337,73,148,30,137,121,24,59,123,78,25,108,51,94,120,94,122,52,87
375,292,109,64,350,87,320,108,113,143,281,355,602,231,176,187,274,646,355,52,171,391,211,131,220,81,97,152,181,437,522,933,193,364,75,357,328,48,172,364,227,51,253,142,268,331,226,339,136,227
285,194,90,45,226,59,220,71,81,84,210,281,410,152,115,109,174,409,234,37,112,236,119,98,156,56,152,62,115,297,354,636,135,207,45,249,204,44,111,242,144,39,199,79,182,203,142,228,65,143
283,209,100,46,285,61,253,70,92,115,223,270,454,172,140,147,186,448,255,27,138,285,166,117,172,69,181,115,69,312,393,666,146,260,52,256,243,40,121,276,149,47,189,109,212,221,174,281,92,174
601,575,259,100,653,135,630,207,196,236,505,709,1160,379,306,345,436,1116,633,84,338,659,383,285,411,165,437,297,312,406,1028,1818,341,555,142,656,590,106,318,690,434,130,466,262,556,579,383,677,251,416
685,709,306,97,771,145,690,230,238,286,622,854,1362,454,380,413,543,1429,700,113,417,686,443,316,539,198,522,354,393,1028,535,2141,400,699,167,792,726,133,380,808,487,151,596,302,642,680,469,752,296,511
1170,1220,573,234,1373,294,1374,402,479,565,1162,1589,2444,877,698,784,1000,2489,1402,185,775,1451,871,540,949,337,933,636,666,1818,2141,1986,705,1309,298,1527,1343,224,702,1514,926,297,1037,532,1149,1353,877,1500,512,937
231,235,113,44,282,61,250,69,95,111,228,344,506,203,133,159,188,490,274,25,133,286,131,101,178,73,193,135,146,341,400,705,59,228,63,283,259,45,145,312,187,45,209,111,236,244,170,264,93,187
493,414,174,84,464,101,435,143,146,165,408,551,812,300,230,241,338,807,489,62,264,499,273,211,312,148,364,207,260,555,699,1309,228,223,128,512,443,73,216,472,286,102,359,152,385,410,285,454,175,313
123,87,47,26,116,22,126,43,47,54,91,131,209,76,58,60,96,195,131,9,70,139,74,47,84,30,75,45,52,142,167,298,63,128,16,133,131,21,50,107,63,32,89,49,86,105,72,109,44,97
524,457,217,88,533,120,524,168,163,205,461,555,966,326,279,288,387,937,523,56,267,531,298,221,362,137,357,249,256,656,792,1527,283,512,133,267,489,81,250,537,342,112,409,196,416,484,333,572,243,361
499,395,182,73,518,99,435,163,147,195,400,568,815,305,244,268,354,843,488,61,255,498,299,191,262,121,328,204,243,590,726,1343,259,443,131,489,210,70,222,551,341,107,359,177,354,404,281,478,185,352
73,62,37,13,79,22,75,25,27,34,61,99,143,57,45,47,40,151,88,7,39,86,59,26,48,24,48,44,40,106,133,224,45,73,21,81,70,7,34,95,60,15,49,37,69,75,63,94,31,49
242,219,115,46,262,64,255,63,84,108,217,290,488,165,120,133,180,497,254,26,154,247,143,93,148,59,172,111,121,318,380,702,145,216,50,250,222,34,63,266,157,52,160,93,201,237,166,280,90,168
438,458,223,85,547,106,520,172,196,214,431,638,974,364,292,328,393,986,536,78,289,506,329,205,348,123,364,242,276,690,808,1514,312,472,107,537,551,95,266,303,358,126,406,201,433,496,337,535,194,366
307,285,111,62,308,80,352,99,94,136,300,399,584,211,180,199,246,651,335,44,189,337,219,133,247,78,227,144,149,434,487,926,187,286,63,342,341,60,157,358,90,64,238,113,264,315,219,342,128,223
115,89,37,20,104,30,111,33,28,47,96,117,189,53,54,66,76,205,108,8,59,105,55,35,54,25,51,39,47,130,151,297,45,102,32,112,107,15,52,126,64,10,76,35,72,86,70,112,42,68
373,333,168,66,412,92,378,120,141,161,286,434,700,237,212,235,267,715,390,57,220,405,241,123,227,108,253,199,189,466,596,1037,209,359,89,409,359,49,160,406,238,76,152,166,312,345,253,387,130,282
177,158,76,24,200,31,169,59,57,66,151,217,332,123,117,109,120,330,202,31,101,181,106,68,134,51,142,79,109,262,302,532,111,152,49,196,177,37,93,201,113,35,166,27,165,177,124,222,85,124
431,322,161,69,397,86,349,156,123,176,360,472,713,287,216,238,290,719,419,45,228,417,239,152,264,94,268,182,212,556,642,1149,236,385,86,416,354,69,201,433,264,72,312,165,161,360,265,414,148,274
430,412,177,71,455,104,444,144,142,191,392,557,786,318,242,255,347,833,464,46,266,459,264,184,299,120,331,203,221,579,680,1353,244,410,105,484,404,75,237,496,315,86,345,177,360,233,283,454,162,285
336,292,116,62,302,85,304,111,104,138,280,346,564,197,151,177,229,569,345,34,162,347,167,134,220,94,226,142,174,383,469,877,170,285,72,333,281,63,166,337,219,70,253,124,265,283,112,323,118,231
535,468,200,73,543,120,476,177,166,211,407,571,965,342,272,308,401,970,519,68,272,519,327,196,345,122,339,228,281,677,752,1500,264,454,109,572,478,94,280,535,342,112,387,222,414,454,323,266,186,371
182,162,67,36,180,38,183,67,71,78,163,199,333,147,90,115,142,330,196,17,124,216,111,66,119,52,136,65,92,251,296,512,93,175,44,243,185,31,90,194,128,42,130,85,148,162,118,186,35,146
392,282,144,69,380,81,328,102,122,150,295,391,604,236,184,193,211,575,351,35,196,352,177,132,223,87,227,143,174,416,511,937,187,313,97,361,352,49,168,366,223,68,282,124,274,285,231,371,146,121
