225,439,217,86,509,118,468,177,163,252,432,503,823,382,313,330,351,815,539,70,303,540,356,220,359,153,384,252,295,617,709,1158,263,497,113,497,486,73,238,482,330,104,370,195,429,406,335,482,164,351
439,182,162,83,457,107,458,136,130,187,387,508,791,294,221,256,308,771,433,52,220,434,230,178,273,113,277,213,209,560,646,1192,221,403,109,459,441,90,211,441,291,79,332,153,370,412,276,437,166,309
217,162,38,37,214,54,186,54,56,83,191,201,406,121,100,99,125,382,205,19,109,220,131,84,131,50,122,94,113,228,295,567,114,198,43,193,183,39,101,204,135,33,144,71,143,179,127,206,67,130
86,83,37,5,98,21,76,27,31,36,66,92,155,51,44,46,63,150,87,14,54,92,44,28,49,14,56,34,35,111,123,204,42,74,22,74,67,11,41,89,62,15,70,29,59,81,49,90,32,72
509,457,214,98,264,117,509,153,161,236,423,557,918,335,265,250,376,917,527,50,326,512,293,207,337,134,323,227,229,642,759,1375,256,486,120,499,512,98,248,511,357,100,363,181,382,430,313,496,175,356
118,107,54,21,117,15,102,40,47,46,96,126,204,70,61,69,84,192,111,20,66,115,66,47,64,24,77,51,67,168,174,299,54,85,19,111,101,18,52,118,87,24,81,43,75,95,72,124,36,92
468,458,186,76,509,102,234,149,162,216,443,537,854,306,231,289,317,824,477,63,275,496,305,209,342,139,350,228,249,665,787,1333,275,420,90,496,454,82,225,521,328,102,334,183,388,460,296,500,169,350
177,136,54,27,153,40,149,24,45,65,145,188,280,102,78,81,107,265,137,14,90,146,99,69,98,41,101,70,69,201,211,423,79,135,41,157,129,30,79,194,103,27,115,41,127,151,94,171,60,107
163,130,56,31,161,47,162,45,21,72,149,159,279,107,86,93,96,313,172,26,102,173,97,59,107,37,97,69,87,212,246,448,108,171,44,148,164,25,82,163,97,28,118,67,136,158,111,173,58,104
252,187,83,36,236,46,216,65,72,44,183,225,391,130,109,123,147,372,206,21,117,209,126,79,135,52,149,96,96,264,336,577,117,177,41,192,206,24,113,236,136,54,156,64,189,198,120,221,79,153
432,387,191,66,423,96,443,145,149,183,186,440,818,284,246,250,314,710,411,53,218,401,263,178,287,125,295,240,222,534,639,1161,243,417,84,444,437,73,227,460,277,88,330,166,370,398,280,399,171,305
503,508,201,92,557,126,537,188,159,225,440,300,996,397,279,312,386,989,564,69,347,560,326,222,379,151,357,288,300,697,851,1558,300,530,114,609,544,88,278,601,374,111,451,206,466,496,375,551,198,379
823,791,406,155,918,204,854,280,279,391,818,996,778,547,457,505,644,1441,884,133,509,896,516,382,626,220,632,426,467,1178,1323,2348,443,829,221,960,851,149,484,1010,589,200,609,346,738,818,573,861,319,608
382,294,121,51,335,70,306,102,107,130,284,397,547,87,175,188,225,575,324,43,176,327,190,136,197,69,202,159,166,399,509,851,188,319,80,321,321,51,155,339,178,68,246,126,259,304,211,314,109,235
313,221,100,44,265,61,231,78,86,109,246,279,457,175,69,127,183,449,256,33,133,272,129,103,184,61,182,114,122,290,366,743,137,259,51,249,229,35,117,281,173,44,196,110,213,235,165,269,89,167
330,256,99,46,250,69,289,81,93,123,250,312,505,188,127,70,215,516,283,21,178,303,170,125,194,70,204,115,125,316,436,803,148,263,73,262,274,46,124,308,180,58,237,123,236,276,166,305,98,187
351,308,125,63,376,84,317,107,96,147,314,386,644,225,183,215,129,684,379,53,203,380,226,148,258,105,252,188,194,480,527,1011,222,351,88,376,346,67,176,388,255,71,262,143,285,337,227,349,141,253
815,771,382,150,917,192,824,265,313,372,710,989,1441,575,449,516,684,809,898,115,489,865,508,368,601,256,652,410,461,1167,1272,2410,437,822,202,948,803,143,448,955,607,180,655,308,702,833,562,903,310,605
539,433,205,87,527,111,477,137,172,206,411,564,884,324,256,283,379,898,259,59,272,482,281,198,317,119,304,220,232,653,792,1381,280,475,132,540,457,93,255,520,312,103,415,187,387,491,323,532,180,374
70,52,19,14,50,20,63,14,26,21,53,69,133,43,33,21,53,115,59,2,35,71,31,27,33,15,34,32,30,80,91,197,33,64,22,60,58,7,26,58,38,11,44,26,47,57,36,72,40,42
303,220,109,54,326,66,275,90,102,117,218,347,509,176,133,178,203,489,272,35,60,302,146,103,168,60,180,131,157,346,442,755,171,274,56,284,283,49,136,306,179,53,228,99,231,263,152,313,91,197
540,434,220,92,512,115,496,146,173,209,401,560,896,327,272,303,380,865,482,71,302,279,323,204,342,120,334,243,275,674,775,1373,293,492,112,584,461,94,263,558,327,118,398,192,400,495,331,544,200,398
356,230,131,44,293,66,305,99,97,126,263,326,516,190,129,170,226,508,281,31,146,323,87,127,193,82,201,144,148,363,473,871,148,243,71,301,273,38,151,314,206,71,226,108,227,298,179,296,120,195
220,178,84,28,207,47,209,69,59,79,178,222,382,136,103,125,148,368,198,27,103,204,127,43,134,55,150,94,107,266,317,539,115,172,55,231,202,32,104,238,144,55,153,78,162,211,126,201,73,141
359,273,131,49,337,64,342,98,107,135,287,379,626,197,184,194,258,601,317,33,168,342,193,134,94,84,202,161,155,389,508,918,170,314,80,334,311,56,191,403,228,67,230,113,263,337,201,354,124,237
153,113,50,14,134,24,139,41,37,52,125,151,220,69,61,70,105,256,119,15,60,120,82,55,84,17,76,56,71,146,170,357,75,126,36,128,119,12,65,143,75,32,94,46,115,128,65,140,59,98
384,277,122,56,323,77,350,101,97,149,295,357,632,202,182,204,252,652,304,34,180,334,201,150,202,76,103,164,189,402,519,971,193,342,90,347,331,49,169,385,214,70,268,134,287,342,209,350,138,256
252,213,94,34,227,51,228,70,69,96,240,288,426,159,114,115,188,410,220,32,131,243,144,94,161,56,164,61,118,278,347,660,121,213,53,230,218,37,126,246,167,49,178,86,206,206,128,252,101,141
295,209,113,35,229,67,249,69,87,96,222,300,467,166,122,125,194,461,232,30,157,275,148,107,155,71,189,118,64,294,405,698,139,229,52,253,216,37,116,268,144,53,204,98,201,252,147,263,99,202
617,560,228,111,642,168,665,201,212,264,534,697,1178,399,290,316,480,1167,653,80,346,674,363,266,389,146,402,278,294,395,947,1764,346,594,143,691,591,105,303,681,428,126,512,256,504,617,397,644,240,462
709,646,295,123,759,174,787,211,246,336,639,851,1323,509,366,436,527,1272,792,91,442,775,473,317,508,170,519,347,405,947,562,2056,403,757,166,834,760,152,385,777,490,165,544,314,638,690,448,784,288,508
1158,1192,567,204,1375,299,1333,423,448,577,1161,1558,2348,851,743,803,1011,2410,1381,197,755,1373,871,539,918,357,971,660,698,1764,2056,1947,703,1285,330,1476,1261,241,731,1341,925,303,1006,534,1104,1228,825,1371,493,914
263,221,114,42,256,54,275,79,108,117,243,300,443,188,137,148,222,437,280,33,171,293,148,115,170,75,193,121,139,346,403,703,68,259,58,298,264,45,145,287,197,61,188,94,218,207,156,263,104,196
497,403,198,74,486,85,420,135,171,177,417,530,829,319,259,263,351,822,475,64,274,492,243,172,314,126,342,213,229,594,757,1285,259,207,113,491,400,72,237,505,290,97,381,170,367,424,311,480,188,356
113,109,43,22,120,19,90,41,44,41,84,114,221,80,51,73,88,202,132,22,56,112,71,55,80,36,90,53,52,143,166,330,58,113,13,112,94,22,51,124,74,16,93,28,83,104,63,127,43,73
497,459,193,74,499,111,496,157,148,192,444,609,960,321,249,262,376,948,540,60,284,584,301,231,334,128,347,230,253,691,834,1476,298,491,112,279,518,89,252,589,377,96,420,197,443,496,332,541,201,344
486,441,183,67,512,101,454,129,164,206,437,544,851,321,229,274,346,803,457,58,283,461,273,202,311,119,331,218,216,591,760,1261,264,400,94,518,229,81,247,494,286,101,339,170,363,438,302,491,162,330
73,90,39,11,98,18,82,30,25,24,73,88,149,51,35,46,67,143,93,7,49,94,38,32,56,12,49,37,37,105,152,241,45,72,22,89,81,6,51,97,58,24,65,34,57,80,48,98,36,63
238,211,101,41,248,52,225,79,82,113,227,278,484,155,117,124,176,448,255,26,136,263,151,104,191,65,169,126,116,303,385,731,145,237,51,252,247,51,55,258,161,40,194,83,189,249,158,237,94,174
482,441,204,89,511,118,521,194,163,236,460,601,1010,339,281,308,388,955,520,58,306,558,314,238,403,143,385,246,268,681,777,1341,287,505,124,589,494,97,258,269,349,119,375,197,443,477,353,522,169,353
330,291,135,62,357,87,328,103,97,136,277,374,589,178,173,180,255,607,312,38,179,327,206,144,228,75,214,167,144,428,490,925,197,290,74,377,286,58,161,349,113,69,282,119,253,307,212,338,113,225
104,79,33,15,100,24,102,27,28,54,88,111,200,68,44,58,71,180,103,11,53,118,71,55,67,32,70,49,53,126,165,303,61,97,16,96,101,24,40,119,69,10,83,39,88,98,55,108,30,72
370,332,144,70,363,81,334,115,118,156,330,451,609,246,196,237,262,655,415,44,228,398,226,153,230,94,268,178,204,512,544,1006,188,381,93,420,339,65,194,375,282,83,121,138,272,336,238,358,121,275
195,153,71,29,181,43,183,41,67,64,166,206,346,126,110,123,143,308,187,26,99,192,108,78,113,46,134,86,98,256,314,534,94,170,28,197,170,34,83,197,119,39,138,37,156,193,118,195,67,131
429,370,143,59,382,75,388,127,136,189,370,466,738,259,213,236,285,702,387,47,231,400,227,162,263,115,287,206,201,504,638,1104,218,367,83,443,363,57,189,443,253,88,272,156,172,376,233,406,157,289
406,412,179,81,430,95,460,151,158,198,398,496,818,304,235,276,337,833,491,57,263,495,298,211,337,128,342,206,252,617,690,1228,207,424,104,496,438,80,249,477,307,98,336,193,376,185,309,488,174,315
335,276,127,49,313,72,296,94,111,120,280,375,573,211,165,166,227,562,323,36,152,331,179,126,201,65,209,128,147,397,448,825,156,311,63,332,302,48,158,353,212,55,238,118,233,309,96,289,112,192
482,437,206,90,496,124,500,171,173,221,399,551,861,314,269,305,349,903,532,72,313,544,296,201,354,140,350,252,263,644,784,1371,263,480,127,541,491,98,237,522,338,108,358,195,406,488,289,251,193,344
164,166,67,32,175,36,169,60,58,79,171,198,319,109,89,98,141,310,180,40,91,200,120,73,124,59,138,101,99,240,288,493,104,188,43,201,162,36,94,169,113,30,121,67,157,174,112,193,30,120
351,309,130,72,356,92,350,107,104,153,305,379,608,235,167,187,253,605,374,42,197,398,195,141,237,98,256,141,202,462,508,914,196,356,73,344,330,63,174,353,225,72,275,131,289,315,192,344,120,116
