279,450,193,84,463,89,459,160,179,260,430,479,797,384,321,350,347,817,503,58,329,518,352,201,356,140,353,257,338,597,736,1144,240,448,97,508,495,73,258,456,314,101,361,164,435,446,318,506,178,364
450,173,168,80,438,105,416,133,163,211,375,512,774,312,211,249,339,744,473,40,216,442,230,164,278,107,259,223,219,506,651,1203,238,405,96,423,408,67,208,465,277,104,330,164,332,387,253,411,156,318
193,168,45,33,202,39,173,63,63,85,183,240,378,125,108,111,155,348,181,22,113,208,130,68,130,45,142,78,89,245,293,549,103,212,50,194,182,38,103,203,119,45,163,77,144,197,122,210,77,143
84,80,33,4,78,17,66,25,27,25,67,86,145,39,43,44,58,144,67,8,54,72,58,35,60,25,69,36,53,98,119,205,34,72,15,86,69,13,39,82,53,20,58,24,67,81,50,83,25,50
463,438,202,78,257,105,510,160,172,227,449,557,866,360,241,279,397,901,545,68,284,515,316,207,341,139,362,262,289,686,736,1381,257,458,106,543,467,81,238,539,307,93,382,193,410,475,314,518,184,355
89,105,39,17,105,8,108,39,36,38,73,119,187,63,57,68,84,188,105,16,72,91,78,38,78,36,89,71,65,137,162,289,55,105,26,109,91,25,50,130,78,26,76,40,101,111,73,106,39,61
459,416,173,66,510,108,210,145,134,212,407,527,872,299,253,271,361,849,439,61,276,436,276,180,306,110,290,211,240,654,692,1329,233,483,107,501,412,91,233,480,296,108,348,175,355,426,272,493,161,332
160,133,63,25,160,39,145,22,46,79,145,169,292,118,77,90,101,285,120,15,81,152,95,71,106,35,99,67,76,195,220,412,71,135,45,155,161,26,75,161,102,32,125,57,114,144,80,139,57,102
179,163,63,27,172,36,134,46,27,81,155,167,279,99,75,97,120,292,175,15,92,174,115,70,98,48,123,56,82,211,240,504,115,131,32,162,137,15,89,185,100,27,132,61,124,150,109,173,58,114
260,211,85,25,227,38,212,79,81,35,170,222,373,165,105,112,156,354,247,22,106,229,117,103,132,48,153,106,99,269,325,562,118,185,46,217,192,26,119,202,130,48,154,78,182,194,131,223,83,166
430,375,183,67,449,73,407,145,155,170,176,455,750,305,237,244,316,743,467,46,229,435,253,185,288,105,295,214,223,568,620,1133,248,380,95,440,397,60,238,415,281,90,302,154,355,360,273,438,173,288
479,512,240,86,557,119,527,169,167,222,455,307,987,340,279,304,384,1012,544,78,313,564,351,216,353,146,366,252,269,706,832,1569,276,521,117,588,519,97,291,612,357,117,418,225,448,557,321,582,200,395
797,774,378,145,866,187,872,292,279,373,750,987,756,605,490,543,650,1403,923,119,507,893,520,330,608,236,645,437,470,1137,1363,2389,458,840,200,948,843,146,483,933,607,205,655,343,734,844,562,934,304,617
384,312,125,39,360,63,299,118,99,165,305,340,605,113,153,171,235,594,325,46,187,342,181,132,210,86,245,146,160,462,511,917,169,316,76,320,289,57,174,343,205,65,264,102,245,331,194,355,123,228
321,211,108,43,241,57,253,77,75,105,237,279,490,153,69,130,204,454,271,36,172,285,143,114,187,75,176,135,130,297,408,729,127,255,69,274,248,54,123,284,178,56,221,96,206,249,146,274,97,204
350,249,111,44,279,68,271,90,97,112,244,304,543,171,130,83,228,537,279,34,167,296,140,113,176,66,173,148,132,342,448,831,160,264,66,297,267,55,150,305,194,70,247,110,223,260,161,295,103,203
347,339,155,58,397,84,361,101,120,156,316,384,650,235,204,228,132,632,384,45,177,376,205,145,254,98,259,173,183,479,574,1042,223,360,78,371,316,59,192,406,233,69,276,120,301,324,207,364,134,241
817,744,348,144,901,188,849,285,292,354,743,1012,1403,594,454,537,632,785,922,131,504,913,526,351,562,229,614,428,465,1097,1273,2285,461,809,193,960,819,136,433,942,626,187,702,340,677,780,546,934,308,620
503,473,181,67,545,105,439,120,175,247,467,544,923,325,271,279,384,922,281,71,254,475,316,209,363,118,302,243,263,692,762,1430,286,484,110,564,446,78,228,520,327,106,384,177,421,479,342,547,211,341
58,40,22,8,68,16,61,15,15,22,46,78,119,46,36,34,45,131,71,5,31,58,39,24,37,22,50,25,32,81,87,204,37,68,11,65,62,5,31,71,41,8,56,22,47,55,44,60,25,43
329,216,113,54,284,72,276,81,92,106,229,313,507,187,172,167,177,504,254,31,62,294,148,120,178,77,175,117,144,347,415,792,150,236,66,243,300,42,125,294,167,49,187,109,226,241,177,288,117,190
518,442,208,72,515,91,436,152,174,229,435,564,893,342,285,296,376,913,475,58,294,260,327,210,343,130,332,251,252,681,766,1442,272,482,130,559,453,75,242,536,329,98,374,165,408,460,332,515,183,370
352,230,130,58,316,78,276,95,115,117,253,351,520,181,143,140,205,526,316,39,148,327,75,138,204,78,195,135,142,337,477,853,144,284,64,305,288,50,145,312,167,63,219,104,248,254,183,296,110,203
201,164,68,35,207,38,180,71,70,103,185,216,330,132,114,113,145,351,209,24,120,210,138,39,130,48,145,94,95,277,300,511,89,208,53,195,184,33,93,182,124,45,155,80,149,176,133,217,74,150
356,278,130,60,341,78,306,106,98,132,288,353,608,210,187,176,254,562,363,37,178,343,204,130,117,86,219,154,151,405,524,901,188,311,75,355,314,51,179,360,215,77,254,129,265,314,208,363,114,242
140,107,45,25,139,36,110,35,48,48,105,146,236,86,75,66,98,229,118,22,77,130,78,48,86,9,64,60,59,179,191,350,75,122,36,133,118,19,73,148,89,21,107,57,97,105,68,128,48,102
353,259,142,69,362,89,290,99,123,153,295,366,645,245,176,173,259,614,302,50,175,332,195,145,219,64,104,148,160,446,468,939,185,325,74,361,307,51,185,359,224,70,237,143,274,321,204,340,112,258
257,223,78,36,262,71,211,67,56,106,214,252,437,146,135,148,173,428,243,25,117,251,135,94,154,60,148,55,109,314,333,638,109,205,53,260,227,36,126,244,154,36,220,91,189,214,151,244,90,154
338,219,89,53,289,65,240,76,82,99,223,269,470,160,130,132,183,465,263,32,144,252,142,95,151,59,160,109,60,330,373,737,140,259,56,264,235,35,128,258,172,66,208,104,190,235,165,267,104,177
597,506,245,98,686,137,654,195,211,269,568,706,1137,462,297,342,479,1097,692,81,347,681,337,277,405,179,446,314,330,410,985,1726,338,586,143,676,569,101,322,701,436,141,513,221,498,606,410,647,228,405
736,651,293,119,736,162,692,220,240,325,620,832,1363,511,408,448,574,1273,762,87,415,766,477,300,524,191,468,333,373,985,550,2052,391,710,186,827,702,121,395,738,506,164,572,287,582,666,528,758,284,536
1144,1203,549,205,1381,289,1329,412,504,562,1133,1569,2389,917,729,831,1042,2285,1430,204,792,1442,853,511,901,350,939,638,737,1726,2052,1838,667,1306,332,1498,1278,233,713,1481,906,292,998,541,1089,1246,875,1415,470,991
240,238,103,34,257,55,233,71,115,118,248,276,458,169,127,160,223,461,286,37,150,272,144,89,188,75,185,109,140,338,391,667,62,242,51,269,238,38,130,296,202,54,191,112,207,265,179,275,104,197
448,405,212,72,458,105,483,135,131,185,380,521,840,316,255,264,360,809,484,68,236,482,284,208,311,122,325,205,259,586,710,1306,242,216,106,484,441,79,221,527,312,107,350,174,350,417,284,496,186,323
97,96,50,15,106,26,107,45,32,46,95,117,200,76,69,66,78,193,110,11,66,130,64,53,75,36,74,53,56,143,186,332,51,106,8,126,114,25,55,128,73,22,81,41,91,92,70,126,31,83
508,423,194,86,543,109,501,155,162,217,440,588,948,320,274,297,371,960,564,65,243,559,305,195,355,133,361,260,264,676,827,1498,269,484,126,310,491,85,285,584,328,112,405,196,419,476,344,536,192,334
495,408,182,69,467,91,412,161,137,192,397,519,843,289,248,267,316,819,446,62,300,453,288,184,314,118,307,227,235,569,702,1278,238,441,114,491,192,83,223,497,306,91,345,164,358,431,312,496,175,341
73,67,38,13,81,25,91,26,15,26,60,97,146,57,54,55,59,136,78,5,42,75,50,33,51,19,51,36,35,101,121,233,38,79,25,85,83,7,43,85,61,19,79,33,68,66,51,84,39,60
258,208,103,39,238,50,233,75,89,119,238,291,483,174,123,150,192,433,228,31,125,242,145,93,179,73,185,126,128,322,395,713,130,221,55,285,223,43,62,252,164,45,191,84,219,243,129,259,81,176
456,465,203,82,539,130,480,161,185,202,415,612,933,343,284,305,406,942,520,71,294,536,312,182,360,148,359,244,258,701,738,1481,296,527,128,584,497,85,252,234,328,112,397,189,400,480,334,536,193,372
314,277,119,53,307,78,296,102,100,130,281,357,607,205,178,194,233,626,327,41,167,329,167,124,215,89,224,154,172,436,506,906,202,312,73,328,306,61,164,328,111,76,271,139,252,306,203,355,114,225
101,104,45,20,93,26,108,32,27,48,90,117,205,65,56,70,69,187,106,8,49,98,63,45,77,21,70,36,66,141,164,292,54,107,22,112,91,19,45,112,76,14,78,37,80,95,61,107,33,78
361,330,163,58,382,76,348,125,132,154,302,418,655,264,221,247,276,702,384,56,187,374,219,155,254,107,237,220,208,513,572,998,191,350,81,405,345,79,191,397,271,78,153,147,298,339,243,395,125,247
164,164,77,24,193,40,175,57,61,78,154,225,343,102,96,110,120,340,177,22,109,165,104,80,129,57,143,91,104,221,287,541,112,174,41,196,164,33,84,189,139,37,147,30,122,168,94,194,68,110
435,332,144,67,410,101,355,114,124,182,355,448,734,245,206,223,301,677,421,47,226,408,248,149,265,97,274,189,190,498,582,1089,207,350,91,419,358,68,219,400,252,80,298,122,172,376,248,408,155,308
446,387,197,81,475,111,426,144,150,194,360,557,844,331,249,260,324,780,479,55,241,460,254,176,314,105,321,214,235,606,666,1246,265,417,92,476,431,66,243,480,306,95,339,168,376,212,322,455,148,301
318,253,122,50,314,73,272,80,109,131,273,321,562,194,146,161,207,546,342,44,177,332,183,133,208,68,204,151,165,410,528,875,179,284,70,344,312,51,129,334,203,61,243,94,248,322,98,304,103,230
506,411,210,83,518,106,493,139,173,223,438,582,934,355,274,295,364,934,547,60,288,515,296,217,363,128,340,244,267,647,758,1415,275,496,126,536,496,84,259,536,355,107,395,194,408,455,304,254,197,339
178,156,77,25,184,39,161,57,58,83,173,200,304,123,97,103,134,308,211,25,117,183,110,74,114,48,112,90,104,228,284,470,104,186,31,192,175,39,81,193,114,33,125,68,155,148,103,197,28,128
364,318,143,50,355,61,332,102,114,166,288,395,617,228,204,203,241,620,341,43,190,370,203,150,242,102,258,154,177,405,536,991,197,323,83,334,341,60,176,372,225,78,247,110,308,301,230,339,128,112
