266,464,200,104,496,108,473,182,173,258,468,461,817,390,305,330,355,801,472,79,301,490,377,209,366,149,351,283,324,649,695,1222,251,484,117,511,460,97,224,498,292,105,363,171,433,381,313,472,178,353
464,181,160,81,408,100,414,141,125,172,367,501,797,289,219,255,322,788,424,48,216,433,225,187,261,96,280,198,217,536,655,1182,240,397,104,474,414,67,204,478,279,73,319,162,346,426,270,453,162,281
200,160,34,37,229,43,157,60,70,86,174,236,376,126,109,109,143,372,219,32,99,213,112,81,129,46,102,86,93,252,308,536,125,177,38,201,190,35,95,207,128,47,156,73,136,174,122,212,72,122
104,81,37,13,67,21,98,30,32,26,74,84,140,57,55,53,60,137,84,15,46,82,61,46,78,25,61,37,38,114,123,214,53,76,26,91,82,14,45,74,51,18,71,36,72,78,62,95,31,60
496,408,229,67,241,109,469,151,173,208,407,608,924,331,284,297,385,890,537,56,289,534,307,198,304,107,349,258,264,646,766,1414,300,473,117,552,446,83,241,520,349,108,387,177,418,467,308,526,212,378
108,100,43,21,109,11,104,33,39,33,91,109,175,64,69,73,78,180,118,19,52,121,70,54,88,35,88,54,55,147,167,265,54,99,24,116,109,18,53,103,73,22,99,40,97,79,75,106,33,69
473,414,157,98,469,104,251,168,147,184,369,516,836,324,264,286,363,809,469,62,278,479,299,204,332,140,325,218,241,635,726,1301,254,475,115,542,452,73,255,468,342,108,383,178,400,402,291,476,162,333
182,141,60,30,151,33,168,24,48,71,154,158,266,108,82,104,103,272,143,23,83,150,89,80,96,40,100,76,70,172,219,426,75,145,43,154,178,36,66,170,95,29,126,74,124,136,100,165,62,107
173,125,70,32,173,39,147,48,27,69,151,190,295,107,90,105,111,276,161,19,103,164,95,63,111,34,128,76,98,192,229,454,94,165,35,179,161,33,89,148,96,39,133,53,133,154,98,173,59,112
258,172,86,26,208,33,184,71,69,46,166,240,373,152,121,112,157,372,210,25,144,205,130,97,139,54,149,97,125,250,295,567,133,207,45,220,169,27,107,219,167,43,164,79,170,195,132,226,77,130
468,367,174,74,407,91,369,154,151,166,198,486,734,305,234,253,322,713,443,54,261,446,251,191,273,107,301,205,230,466,630,1160,232,414,104,440,433,71,210,410,316,99,334,129,344,426,273,420,155,286
461,501,236,84,608,109,516,158,190,240,486,300,948,390,296,327,390,989,568,71,321,559,338,251,373,131,365,236,266,690,833,1540,321,479,125,552,518,76,269,628,378,118,405,223,429,516,342,567,206,368
817,797,376,140,924,175,836,266,295,373,734,948,799,587,526,557,673,1440,947,122,539,948,548,373,613,229,626,426,444,1125,1376,2320,472,843,189,965,807,149,433,942,562,205,731,327,743,805,583,922,312,611
390,289,126,57,331,64,324,108,107,152,305,390,587,96,174,183,281,537,320,32,188,365,213,151,237,79,234,138,177,405,514,909,177,322,79,342,304,49,166,382,212,66,246,111,290,288,199,355,124,213
305,219,109,55,284,69,264,82,90,121,234,296,526,174,63,134,184,502,290,37,155,282,139,101,157,68,165,132,147,331,402,727,151,296,56,262,256,54,121,274,165,57,225,98,188,227,152,302,109,178
330,255,109,53,297,73,286,104,105,112,253,327,557,183,134,64,198,513,299,39,151,291,167,125,179,67,176,140,161,357,448,846,178,298,71,293,267,51,145,293,182,63,251,121,216,256,165,337,121,196
355,322,143,60,385,78,363,103,111,157,322,390,673,281,184,198,121,614,347,43,200,370,212,145,237,94,252,151,189,439,578,991,206,306,93,359,342,83,150,389,255,65,258,143,275,343,226,376,154,250
801,788,372,137,890,180,809,272,276,372,713,989,1440,537,502,513,614,810,940,121,481,913,524,356,579,226,622,434,424,1095,1375,2318,462,810,188,957,804,156,426,955,582,173,724,357,720,810,600,868,330,604
472,424,219,84,537,118,469,143,161,210,443,568,947,320,290,299,347,940,225,64,274,446,288,196,342,121,355,261,230,652,773,1422,282,456,114,509,476,78,246,559,315,92,371,212,432,473,336,520,207,303
79,48,32,15,56,19,62,23,19,25,54,71,122,32,37,39,43,121,64,3,33,67,34,17,38,15,30,27,29,75,106,178,38,57,11,82,54,10,44,70,41,22,48,22,47,61,43,58,23,49
301,216,99,46,289,52,278,83,103,144,261,321,539,188,155,151,200,481,274,33,67,272,158,128,171,59,163,139,131,342,427,829,151,302,58,278,282,34,146,293,195,54,208,113,208,253,154,286,120,196
490,433,213,82,534,121,479,150,164,205,446,559,948,365,282,291,370,913,446,67,272,224,294,205,331,126,352,223,264,670,729,1364,274,450,118,534,472,82,255,501,328,119,385,193,441,436,303,541,197,322
377,225,112,61,307,70,299,89,95,130,251,338,548,213,139,167,212,524,288,34,158,294,79,112,186,62,168,123,143,398,415,785,164,250,70,319,277,53,137,269,195,64,238,102,225,249,205,299,121,203
209,187,81,46,198,54,204,80,63,97,191,251,373,151,101,125,145,356,196,17,128,205,112,44,128,65,133,102,123,280,306,543,112,183,55,187,194,24,113,227,162,45,139,67,146,209,133,211,75,144
366,261,129,78,304,88,332,96,111,139,273,373,613,237,157,179,237,579,342,38,171,331,186,128,102,83,207,160,178,416,518,921,187,307,74,346,312,59,145,326,236,66,265,120,246,297,213,354,115,207
149,96,46,25,107,35,140,40,34,54,107,131,229,79,68,67,94,226,121,15,59,126,62,65,83,14,73,67,58,157,201,368,60,119,47,121,139,16,60,138,79,22,103,51,107,139,63,131,55,79
351,280,102,61,349,88,325,100,128,149,301,365,626,234,165,176,252,622,355,30,163,352,168,133,207,73,108,154,173,429,505,985,173,326,89,380,344,40,178,381,208,64,248,138,265,329,224,369,131,228
283,198,86,37,258,54,218,76,76,97,205,236,426,138,132,140,151,434,261,27,139,223,123,102,160,67,154,47,116,308,354,672,122,216,58,254,204,43,123,254,160,56,210,84,176,251,168,240,94,157
324,217,93,38,264,55,241,70,98,125,230,266,444,177,147,161,189,424,230,29,131,264,143,123,178,58,173,116,70,301,354,690,125,232,45,277,229,26,108,240,154,44,198,90,223,235,147,287,96,179
649,536,252,114,646,147,635,172,192,250,466,690,1125,405,331,357,439,1095,652,75,342,670,398,280,416,157,429,308,301,369,971,1758,337,620,150,673,579,93,314,634,406,135,511,226,522,560,392,657,248,449
695,655,308,123,766,167,726,219,229,295,630,833,1376,514,402,448,578,1375,773,106,427,729,415,306,518,201,505,354,354,971,544,2057,410,683,183,755,714,138,388,754,499,160,563,270,575,704,458,772,278,488
1222,1182,536,214,1414,265,1301,426,454,567,1160,1540,2320,909,727,846,991,2318,1422,178,829,1364,785,543,921,368,985,672,690,1758,2057,1847,722,1287,327,1443,1269,248,686,1380,905,287,998,500,1139,1246,865,1355,518,960
251,240,125,53,300,54,254,75,94,133,232,321,472,177,151,178,206,462,282,38,151,274,164,112,187,60,173,122,125,337,410,722,62,254,71,282,251,51,129,278,181,68,192,92,216,260,202,263,103,177
484,397,177,76,473,99,475,145,165,207,414,479,843,322,296,298,306,810,456,57,302,450,250,183,307,119,326,216,232,620,683,1287,254,211,99,491,420,70,221,496,321,115,411,183,361,425,280,481,156,324
117,104,38,26,117,24,115,43,35,45,104,125,189,79,56,71,93,188,114,11,58,118,70,55,74,47,89,58,45,150,183,327,71,99,16,103,119,26,70,133,82,22,91,53,86,115,72,124,43,90
511,474,201,91,552,116,542,154,179,220,440,552,965,342,262,293,359,957,509,82,278,534,319,187,346,121,380,254,277,673,755,1443,282,491,103,281,504,80,272,623,373,99,371,195,406,453,327,513,216,357
460,414,190,82,446,109,452,178,161,169,433,518,807,304,256,267,342,804,476,54,282,472,277,194,312,139,344,204,229,579,714,1269,251,420,119,504,225,70,263,471,286,96,323,188,373,446,287,500,156,326
97,67,35,14,83,18,73,36,33,27,71,76,149,49,54,51,83,156,78,10,34,82,53,24,59,16,40,43,26,93,138,248,51,70,26,80,70,14,49,96,76,24,66,37,56,93,60,73,42,51
224,204,95,45,241,53,255,66,89,107,210,269,433,166,121,145,150,426,246,44,146,255,137,113,145,60,178,123,108,314,388,686,129,221,70,272,263,49,50,279,192,49,189,105,188,232,161,275,108,198
498,478,207,74,520,103,468,170,148,219,410,628,942,382,274,293,389,955,559,70,293,501,269,227,326,138,381,254,240,634,754,1380,278,496,133,623,471,96,279,275,350,117,393,201,412,481,331,527,184,355
292,279,128,51,349,73,342,95,96,167,316,378,562,212,165,182,255,582,315,41,195,328,195,162,236,79,208,160,154,406,499,905,181,321,82,373,286,76,192,350,106,83,257,135,285,301,215,345,110,230
105,73,47,18,108,22,108,29,39,43,99,118,205,66,57,63,65,173,92,22,54,119,64,45,66,22,64,56,44,135,160,287,68,115,22,99,96,24,49,117,83,9,73,34,93,80,69,115,30,63
363,319,156,71,387,99,383,126,133,164,334,405,731,246,225,251,258,724,371,48,208,385,238,139,265,103,248,210,198,511,563,998,192,411,91,371,323,66,189,393,257,73,149,153,353,345,253,404,161,270
171,162,73,36,177,40,178,74,53,79,129,223,327,111,98,121,143,357,212,22,113,193,102,67,120,51,138,84,90,226,270,500,92,183,53,195,188,37,105,201,135,34,153,38,145,178,116,210,70,118
433,346,136,72,418,97,400,124,133,170,344,429,743,290,188,216,275,720,432,47,208,441,225,146,246,107,265,176,223,522,575,1139,216,361,86,406,373,56,188,412,285,93,353,145,165,345,245,420,145,257
381,426,174,78,467,79,402,136,154,195,426,516,805,288,227,256,343,810,473,61,253,436,249,209,297,139,329,251,235,560,704,1246,260,425,115,453,446,93,232,481,301,80,345,178,345,231,303,475,171,313
313,270,122,62,308,75,291,100,98,132,273,342,583,199,152,165,226,600,336,43,154,303,205,133,213,63,224,168,147,392,458,865,202,280,72,327,287,60,161,331,215,69,253,116,245,303,101,334,140,206
472,453,212,95,526,106,476,165,173,226,420,567,922,355,302,337,376,868,520,58,286,541,299,211,354,131,369,240,287,657,772,1355,263,481,124,513,500,73,275,527,345,115,404,210,420,475,334,262,175,365
178,162,72,31,212,33,162,62,59,77,155,206,312,124,109,121,154,330,207,23,120,197,121,75,115,55,131,94,96,248,278,518,103,156,43,216,156,42,108,184,110,30,161,70,145,171,140,175,25,126
353,281,122,60,378,69,333,107,112,130,286,368,611,213,178,196,250,604,303,49,196,322,203,144,207,79,228,157,179,449,488,960,177,324,90,357,326,51,198,355,230,63,270,118,257,313,206,365,126,104
