270,449,221,88,519,116,482,189,187,238,455,474,823,373,313,353,354,834,515,70,354,525,351,217,373,162,399,284,346,635,717,1212,239,488,110,519,530,98,247,471,321,107,395,168,436,424,357,520,149,368
449,181,162,65,435,89,399,131,140,174,346,504,812,274,242,250,304,807,435,52,213,459,242,168,294,82,266,191,226,580,687,1212,241,387,102,438,398,71,217,506,272,98,340,150,352,411,274,477,156,269
221,162,31,26,212,42,198,76,60,85,179,200,354,118,91,95,131,349,214,27,79,213,111,72,121,44,120,80,113,239,301,561,105,196,38,235,183,31,110,203,140,44,178,60,164,212,113,212,57,144
88,65,26,7,87,16,80,30,25,43,76,93,168,77,51,61,48,149,89,7,51,91,54,33,43,15,53,42,42,100,116,217,41,73,19,105,76,17,44,90,42,19,55,27,66,85,47,80,33,64
519,435,212,87,237,118,486,159,163,209,428,597,900,367,286,285,375,927,485,70,270,495,285,184,333,135,334,221,277,662,738,1385,276,480,112,537,494,87,240,486,299,106,382,175,382,450,289,517,190,342
116,89,42,16,118,9,97,37,36,55,93,121,190,89,84,79,63,185,112,10,73,119,76,34,69,21,68,56,55,113,175,296,52,94,29,128,102,25,60,102,56,24,87,41,103,112,67,113,40,88
482,399,198,80,486,97,241,156,141,206,388,528,842,341,251,293,324,839,513,74,287,530,287,174,321,136,329,230,255,565,780,1315,261,473,121,533,439,79,260,499,297,98,362,186,423,464,311,512,184,359
189,131,76,30,159,37,156,24,56,58,118,174,284,103,59,88,109,265,158,15,79,150,72,72,105,42,100,76,93,186,222,442,80,146,33,150,164,25,77,155,105,27,134,60,109,147,106,153,58,107
187,140,60,25,163,36,141,56,21,57,135,180,291,113,86,86,128,291,169,29,81,168,98,58,116,40,106,86,91,210,231,459,83,141,50,163,167,37,74,149,108,29,118,51,124,134,112,161,51,114
238,174,85,43,209,55,206,58,57,39,155,210,361,144,110,128,159,368,224,26,128,193,125,91,148,53,149,101,105,287,315,542,99,183,48,226,199,33,103,204,143,34,148,75,185,209,124,213,62,131
455,346,179,76,428,93,388,118,135,155,196,439,762,301,232,240,302,789,447,64,248,433,261,180,312,122,338,202,239,586,628,1180,238,412,114,450,405,90,228,395,265,77,302,159,361,427,262,416,169,292
474,504,200,93,597,121,528,174,180,210,439,310,1015,353,295,298,422,1038,599,78,316,576,301,219,351,140,387,246,286,680,856,1599,295,541,139,588,507,116,299,611,350,115,414,222,419,532,366,572,204,344
823,812,354,168,900,190,842,284,291,361,762,1015,762,615,493,541,663,1389,904,113,478,948,520,390,599,239,643,397,462,1122,1356,2351,468,868,230,948,805,165,461,1019,605,185,677,352,760,874,601,918,330,579
373,274,118,77,367,89,341,103,113,144,301,353,615,110,162,175,256,585,318,35,162,339,201,148,227,81,254,160,153,413,485,875,182,329,73,350,345,64,168,330,223,70,256,116,270,306,193,331,125,240
313,242,91,51,286,84,251,59,86,110,232,295,493,162,76,155,189,479,280,30,147,288,167,118,175,65,176,131,121,358,435,714,150,288,73,251,292,51,122,295,174,47,229,89,214,251,164,276,106,190
353,250,95,61,285,79,293,88,86,128,240,298,541,175,155,76,213,544,301,32,172,316,172,103,200,60,169,122,158,359,463,817,182,283,77,277,277,47,144,324,182,55,224,91,231,273,170,312,128,205
354,304,131,48,375,63,324,109,128,159,302,422,663,256,189,213,113,644,346,42,215,384,210,149,253,86,241,174,191,454,550,993,216,332,72,346,344,75,172,384,250,82,280,117,292,358,235,418,116,234
834,807,349,149,927,185,839,265,291,368,789,1038,1389,585,479,544,644,754,885,114,478,912,538,418,626,248,650,416,470,1094,1338,2427,455,848,222,964,853,149,432,993,584,197,702,355,750,846,581,904,299,587
515,435,214,89,485,112,513,158,169,224,447,599,904,318,280,301,346,885,234,50,299,481,296,253,341,114,338,238,260,649,775,1362,284,495,108,558,499,83,240,557,333,102,402,196,423,495,322,534,190,336
70,52,27,7,70,10,74,15,29,26,64,78,113,35,30,32,42,114,50,2,21,58,35,24,40,15,40,26,32,61,96,182,36,58,16,73,59,13,21,73,42,12,43,30,39,59,42,66,19,43
354,213,79,51,270,73,287,79,81,128,248,316,478,162,147,172,215,478,299,21,77,269,157,109,181,76,185,143,138,323,420,777,155,254,57,312,262,47,133,296,171,64,227,131,223,284,170,311,84,197
525,459,213,91,495,119,530,150,168,193,433,576,948,339,288,316,384,912,481,58,269,274,335,214,359,135,358,254,263,691,788,1433,278,531,124,583,520,74,268,534,363,101,382,215,433,481,325,555,202,355
351,242,111,54,285,76,287,72,98,125,261,301,520,201,167,172,210,538,296,35,157,335,87,112,192,66,182,164,145,393,482,836,176,267,70,326,302,50,134,302,201,57,206,100,249,294,199,311,116,183
217,168,72,33,184,34,174,72,58,91,180,219,390,148,118,103,149,418,253,24,109,214,112,40,136,40,150,91,86,298,325,539,117,194,42,233,175,38,104,217,123,54,176,78,176,180,115,204,67,134
373,294,121,43,333,69,321,105,116,148,312,351,599,227,175,200,253,626,341,40,181,359,192,136,120,77,227,150,184,401,548,950,173,320,74,346,317,64,167,362,204,69,263,122,287,333,218,318,114,238
162,82,44,15,135,21,136,42,40,53,122,140,239,81,65,60,86,248,114,15,76,135,66,40,77,13,72,65,61,164,205,370,75,123,30,127,123,20,74,141,91,23,104,51,89,144,75,144,52,76
399,266,120,53,334,68,329,100,106,149,338,387,643,254,176,169,241,650,338,40,185,358,182,150,227,72,122,170,165,425,541,998,206,323,89,356,303,56,185,353,226,62,269,120,272,318,192,356,121,228
284,191,80,42,221,56,230,76,86,101,202,246,397,160,131,122,174,416,238,26,143,254,164,91,150,65,170,49,120,291,334,622,146,211,58,225,219,36,114,223,155,52,178,99,183,211,140,240,96,170
346,226,113,42,277,55,255,93,91,105,239,286,462,153,121,158,191,470,260,32,138,263,145,86,184,61,165,120,51,358,354,703,139,215,48,288,236,39,152,257,171,58,202,109,193,224,152,280,88,167
635,580,239,100,662,113,565,186,210,287,586,680,1122,413,358,359,454,1094,649,61,323,691,393,298,401,164,425,291,358,372,1006,1804,323,592,126,619,561,117,319,710,443,141,494,240,517,652,364,634,212,417
717,687,301,116,738,175,780,222,231,315,628,856,1356,485,435,463,550,1338,775,96,420,788,482,325,548,205,541,334,354,1006,578,2043,394,713,205,847,740,144,394,842,524,143,601,264,646,722,508,778,285,564
1212,1212,561,217,1385,296,1315,442,459,542,1180,1599,2351,875,714,817,993,2427,1362,182,777,1433,836,539,950,370,998,622,703,1804,2043,1865,713,1301,317,1509,1292,254,689,1501,912,282,1012,491,1145,1293,895,1349,496,935
239,241,105,41,276,52,261,80,83,99,238,295,468,182,150,182,216,455,284,36,155,278,176,117,173,75,206,146,139,323,394,713,79,271,65,310,258,47,139,305,185,66,199,96,239,278,181,296,76,183
488,387,196,73,480,94,473,146,141,183,412,541,868,329,288,283,332,848,495,58,254,531,267,194,320,123,323,211,215,592,713,1301,271,244,118,490,463,78,243,469,316,117,337,199,392,467,289,519,171,329
110,102,38,19,112,29,121,33,50,48,114,139,230,73,73,77,72,222,108,16,57,124,70,42,74,30,89,58,48,126,205,317,65,118,8,99,123,15,57,129,65,16,92,43,101,106,83,125,41,72
519,438,235,105,537,128,533,150,163,226,450,588,948,350,251,277,346,964,558,73,312,583,326,233,346,127,356,225,288,619,847,1509,310,490,99,255,534,76,251,563,342,118,399,194,444,475,341,557,175,361
530,398,183,76,494,102,439,164,167,199,405,507,805,345,292,277,344,853,499,59,262,520,302,175,317,123,303,219,236,561,740,1292,258,463,123,534,232,79,236,522,288,99,360,161,395,473,314,476,177,356
98,71,31,17,87,25,79,25,37,33,90,116,165,64,51,47,75,149,83,13,47,74,50,38,64,20,56,36,39,117,144,254,47,78,15,76,79,6,37,81,57,9,69,31,80,66,51,89,34,67
247,217,110,44,240,60,260,77,74,103,228,299,461,168,122,144,172,432,240,21,133,268,134,104,167,74,185,114,152,319,394,689,139,243,57,251,236,37,65,273,175,57,196,87,189,226,149,269,84,167
471,506,203,90,486,102,499,155,149,204,395,611,1019,330,295,324,384,993,557,73,296,534,302,217,362,141,353,223,257,710,842,1501,305,469,129,563,522,81,273,277,345,107,432,219,416,486,331,568,193,357
321,272,140,42,299,56,297,105,108,143,265,350,605,223,174,182,250,584,333,42,171,363,201,123,204,91,226,155,171,443,524,912,185,316,65,342,288,57,175,345,101,67,285,133,264,300,224,361,124,201
107,98,44,19,106,24,98,27,29,34,77,115,185,70,47,55,82,197,102,12,64,101,57,54,69,23,62,52,58,141,143,282,66,117,16,118,99,9,57,107,67,10,70,47,88,94,59,115,37,68
395,340,178,55,382,87,362,134,118,148,302,414,677,256,229,224,280,702,402,43,227,382,206,176,263,104,269,178,202,494,601,1012,199,337,92,399,360,69,196,432,285,70,135,142,320,370,232,417,126,273
168,150,60,27,175,41,186,60,51,75,159,222,352,116,89,91,117,355,196,30,131,215,100,78,122,51,120,99,109,240,264,491,96,199,43,194,161,31,87,219,133,47,142,28,149,199,138,189,57,119
436,352,164,66,382,103,423,109,124,185,361,419,760,270,214,231,292,750,423,39,223,433,249,176,287,89,272,183,193,517,646,1145,239,392,101,444,395,80,189,416,264,88,320,149,182,384,270,413,156,278
424,411,212,85,450,112,464,147,134,209,427,532,874,306,251,273,358,846,495,59,284,481,294,180,333,144,318,211,224,652,722,1293,278,467,106,475,473,66,226,486,300,94,370,199,384,199,318,483,173,322
357,274,113,47,289,67,311,106,112,124,262,366,601,193,164,170,235,581,322,42,170,325,199,115,218,75,192,140,152,364,508,895,181,289,83,341,314,51,149,331,224,59,232,138,270,318,100,324,129,221
520,477,212,80,517,113,512,153,161,213,416,572,918,331,276,312,418,904,534,66,311,555,311,204,318,144,356,240,280,634,778,1349,296,519,125,557,476,89,269,568,361,115,417,189,413,483,324,298,179,387
149,156,57,33,190,40,184,58,51,62,169,204,330,125,106,128,116,299,190,19,84,202,116,67,114,52,121,96,88,212,285,496,76,171,41,175,177,34,84,193,124,37,126,57,156,173,129,179,27,115
368,269,144,64,342,88,359,107,114,131,292,344,579,240,190,205,234,587,336,43,197,355,183,134,238,76,228,170,167,417,564,935,183,329,72,361,356,67,167,357,201,68,273,119,278,322,221,387,115,105
