261,418,235,102,493,111,497,184,186,257,482,549,815,366,334,341,372,778,514,76,340,550,349,216,414,150,387,302,303,602,689,1167,218,513,104,539,484,94,221,478,331,120,349,180,419,375,344,465,154,406
418,188,169,90,424,106,437,125,144,165,373,524,801,301,225,240,306,775,417,50,230,450,267,178,266,111,301,211,212,531,688,1168,212,418,99,452,436,71,215,453,279,87,340,169,344,374,282,485,149,261
235,169,55,34,202,45,182,63,63,79,160,220,354,118,103,106,147,346,188,16,96,199,122,80,128,46,136,96,102,231,291,600,110,192,34,188,196,28,103,213,145,45,142,80,170,160,120,209,82,154
102,90,34,6,78,20,94,31,32,42,86,84,150,51,50,50,61,146,70,9,49,66,49,37,67,29,72,42,54,119,120,229,45,71,19,94,79,14,44,85,51,11,69,33,84,69,55,85,34,60
493,424,202,78,257,100,526,163,166,182,433,569,987,311,273,292,421,932,549,59,271,530,312,190,334,147,359,250,233,622,757,1416,297,482,106,527,487,86,272,530,316,105,361,208,402,483,311,514,216,337
111,106,45,20,100,12,109,39,39,45,93,128,197,82,67,68,75,198,105,19,78,116,69,53,83,33,86,60,59,143,173,291,58,95,32,114,108,19,51,109,58,22,85,48,103,98,87,108,44,82
497,437,182,94,526,109,236,152,160,194,422,545,877,305,273,293,375,890,507,53,305,462,280,192,323,142,325,235,244,623,733,1357,274,442,91,543,457,82,262,535,306,88,375,191,392,445,300,515,167,308
184,125,63,31,163,39,152,16,45,57,145,176,263,122,88,103,125,256,156,19,87,163,91,57,95,39,90,72,92,172,241,422,81,154,41,147,148,31,61,143,98,34,100,57,105,120,94,167,50,111
186,144,63,32,166,39,160,45,29,71,138,205,293,92,87,93,126,296,192,11,109,177,100,69,106,38,111,69,75,201,244,472,98,148,31,178,159,34,77,169,98,38,129,69,125,136,108,182,61,104
257,165,79,42,182,45,194,57,71,38,161,223,367,155,110,124,146,347,207,22,119,180,118,73,128,57,137,108,111,276,294,551,104,183,41,209,190,29,113,196,125,46,143,76,173,183,115,202,74,152
482,373,160,86,433,93,422,145,138,161,176,500,757,298,214,264,292,730,418,64,230,416,237,165,279,102,280,194,201,531,624,1143,207,406,109,453,439,73,238,462,282,96,315,165,338,369,263,453,168,281
549,524,220,84,569,128,545,176,205,223,500,318,1003,338,288,305,424,1006,557,71,292,566,291,228,403,149,360,265,264,695,891,1539,289,498,120,653,484,85,300,614,408,96,397,221,436,539,352,582,217,374
815,801,354,150,987,197,877,263,293,367,757,1003,806,582,435,506,672,1472,907,114,501,912,565,354,579,215,571,437,467,1116,1378,2479,485,855,201,986,892,165,465,960,598,197,663,346,747,843,603,922,327,622
366,301,118,51,311,82,305,122,92,155,298,338,582,96,173,180,263,621,319,42,168,335,164,124,187,84,221,140,158,408,499,876,180,314,66,353,278,51,175,353,215,70,273,111,262,258,199,324,118,250
334,225,103,50,273,67,273,88,87,110,214,288,435,173,75,161,213,445,273,32,163,287,163,103,171,71,186,113,136,326,406,695,146,252,57,259,248,41,129,289,195,55,204,104,209,223,153,302,85,180
341,240,106,50,292,68,293,103,93,124,264,305,506,180,161,81,195,524,284,38,154,283,178,112,202,70,198,141,154,359,435,789,170,264,59,289,251,48,165,312,178,66,211,97,225,261,186,323,101,202
372,306,147,61,421,75,375,125,126,146,292,424,672,263,213,195,142,673,374,46,210,361,210,154,271,97,252,167,165,445,551,1068,207,355,94,368,369,51,178,398,256,81,266,149,298,317,242,356,131,256
778,775,346,146,932,198,890,256,296,347,730,1006,1472,621,445,524,673,830,909,95,483,906,562,331,562,238,572,416,456,1095,1317,2462,454,825,203,978,867,165,444,940,617,191,711,361,727,833,566,952,327,614
514,417,188,70,549,105,507,156,192,207,418,557,907,319,273,284,374,909,260,54,298,492,307,190,340,150,320,240,271,670,745,1447,302,488,113,532,497,84,258,526,332,88,380,199,412,414,332,552,184,343
76,50,16,9,59,19,53,19,11,22,64,71,114,42,32,38,46,95,54,0,30,39,36,21,46,18,49,18,24,82,75,169,21,63,13,65,63,10,33,75,46,10,44,19,52,56,24,56,25,40
340,230,96,49,271,78,305,87,109,119,230,292,501,168,163,154,210,483,298,30,77,302,163,99,196,61,179,138,119,328,425,796,160,259,69,281,267,51,145,320,193,61,241,107,219,228,169,312,118,205
550,450,199,66,530,116,462,163,177,180,416,566,912,335,287,283,361,906,492,39,302,242,292,206,335,136,375,217,268,658,737,1399,261,463,127,521,455,69,250,546,355,92,382,212,415,434,309,546,201,345
349,267,122,49,312,69,280,91,100,118,237,291,565,164,163,178,210,562,307,36,163,292,88,132,185,61,200,156,143,335,462,797,150,288,65,290,269,43,151,320,194,69,233,113,236,253,169,296,88,205
216,178,80,37,190,53,192,57,69,73,165,228,354,124,103,112,154,331,190,21,99,206,132,42,139,52,142,79,88,248,322,511,101,190,55,235,181,33,81,205,127,40,145,83,171,163,120,214,72,130
414,266,128,67,334,83,323,95,106,128,279,403,579,187,171,202,271,562,340,46,196,335,185,139,101,82,210,143,148,390,509,897,190,286,62,366,309,58,187,346,208,75,266,111,238,307,186,339,119,214
150,111,46,29,147,33,142,39,38,57,102,149,215,84,71,70,97,238,150,18,61,136,61,52,82,12,54,73,54,167,190,370,64,128,28,133,133,17,65,139,94,21,95,50,91,127,67,133,55,92
387,301,136,72,359,86,325,90,111,137,280,360,571,221,186,198,252,572,320,49,179,375,200,142,210,54,83,167,123,425,495,973,177,323,67,366,328,60,171,378,236,62,259,133,243,317,212,357,143,222
302,211,96,42,250,60,235,72,69,108,194,265,437,140,113,141,167,416,240,18,138,217,156,79,143,73,167,51,118,285,347,659,135,206,40,221,241,44,108,241,183,43,162,89,187,210,144,235,92,172
303,212,102,54,233,59,244,92,75,111,201,264,467,158,136,154,165,456,271,24,119,268,143,88,148,54,123,118,62,285,380,728,139,251,57,246,232,46,130,257,150,46,172,109,181,248,149,265,97,162
602,531,231,119,622,143,623,172,201,276,531,695,1116,408,326,359,445,1095,670,82,328,658,335,248,390,167,425,285,285,400,986,1824,323,577,130,656,635,116,296,667,422,122,519,238,524,599,347,688,235,438
689,688,291,120,757,173,733,241,244,294,624,891,1378,499,406,435,551,1317,745,75,425,737,462,322,509,190,495,347,380,986,550,2119,391,708,153,850,711,137,385,838,522,168,540,309,591,670,515,773,273,502
1167,1168,600,229,1416,291,1357,422,472,551,1143,1539,2479,876,695,789,1068,2462,1447,169,796,1399,797,511,897,370,973,659,728,1824,2119,1980,705,1293,318,1572,1310,237,708,1439,925,286,1058,546,1113,1307,934,1417,475,931
218,212,110,45,297,58,274,81,98,104,207,289,485,180,146,170,207,454,302,21,160,261,150,101,190,64,177,135,139,323,391,705,75,241,63,297,255,49,142,263,173,59,219,107,202,257,178,282,106,156
513,418,192,71,482,95,442,154,148,183,406,498,855,314,252,264,355,825,488,63,259,463,288,190,286,128,323,206,251,577,708,1293,241,205,104,486,433,68,256,514,342,100,372,163,355,432,270,484,177,345
104,99,34,19,106,32,91,41,31,41,109,120,201,66,57,59,94,203,113,13,69,127,65,55,62,28,67,40,57,130,153,318,63,104,14,124,111,20,54,135,75,20,88,44,75,101,62,118,53,61
539,452,188,94,527,114,543,147,178,209,453,653,986,353,259,289,368,978,532,65,281,521,290,235,366,133,366,221,246,656,850,1572,297,486,124,274,483,76,263,615,363,96,391,203,415,484,329,564,185,350
484,436,196,79,487,108,457,148,159,190,439,484,892,278,248,251,369,867,497,63,267,455,269,181,309,133,328,241,232,635,711,1310,255,433,111,483,226,74,238,509,302,94,361,187,374,450,295,515,161,319
94,71,28,14,86,19,82,31,34,29,73,85,165,51,41,48,51,165,84,10,51,69,43,33,58,17,60,44,46,116,137,237,49,68,20,76,74,5,42,90,69,24,64,36,78,81,55,79,32,63
221,215,103,44,272,51,262,61,77,113,238,300,465,175,129,165,178,444,258,33,145,250,151,81,187,65,171,108,130,296,385,708,142,256,54,263,238,42,55,237,164,51,180,87,205,232,171,257,92,171
478,453,213,85,530,109,535,143,169,196,462,614,960,353,289,312,398,940,526,75,320,546,320,205,346,139,378,241,257,667,838,1439,263,514,135,615,509,90,237,286,333,113,426,211,456,479,343,558,194,362
331,279,145,51,316,58,306,98,98,125,282,408,598,215,195,178,256,617,332,46,193,355,194,127,208,94,236,183,150,422,522,925,173,342,75,363,302,69,164,333,108,81,249,122,254,310,210,344,129,204
120,87,45,11,105,22,88,34,38,46,96,96,197,70,55,66,81,191,88,10,61,92,69,40,75,21,62,43,46,122,168,286,59,100,20,96,94,24,51,113,81,6,86,37,73,86,67,113,50,79
349,340,142,69,361,85,375,100,129,143,315,397,663,273,204,211,266,711,380,44,241,382,233,145,266,95,259,162,172,519,540,1058,219,372,88,391,361,64,180,426,249,86,150,141,305,354,241,390,121,259
180,169,80,33,208,48,191,57,69,76,165,221,346,111,104,97,149,361,199,19,107,212,113,83,111,50,133,89,109,238,309,546,107,163,44,203,187,36,87,211,122,37,141,33,144,186,123,182,69,133
419,344,170,84,402,103,392,105,125,173,338,436,747,262,209,225,298,727,412,52,219,415,236,171,238,91,243,187,181,524,591,1113,202,355,75,415,374,78,205,456,254,73,305,144,152,384,239,432,124,268
375,374,160,69,483,98,445,120,136,183,369,539,843,258,223,261,317,833,414,56,228,434,253,163,307,127,317,210,248,599,670,1307,257,432,101,484,450,81,232,479,310,86,354,186,384,198,306,486,158,315
344,282,120,55,311,87,300,94,108,115,263,352,603,199,153,186,242,566,332,24,169,309,169,120,186,67,212,144,149,347,515,934,178,270,62,329,295,55,171,343,210,67,241,123,239,306,102,313,125,221
465,485,209,85,514,108,515,167,182,202,453,582,922,324,302,323,356,952,552,56,312,546,296,214,339,133,357,235,265,688,773,1417,282,484,118,564,515,79,257,558,344,113,390,182,432,486,313,266,187,317
154,149,82,34,216,44,167,50,61,74,168,217,327,118,85,101,131,327,184,25,118,201,88,72,119,55,143,92,97,235,273,475,106,177,53,185,161,32,92,194,129,50,121,69,124,158,125,187,28,97
406,261,154,60,337,82,308,111,104,152,281,374,622,250,180,202,256,614,343,40,205,345,205,130,214,92,222,172,162,438,502,931,156,345,61,350,319,63,171,362,204,79,259,133,268,315,221,317,97,116
