266,451,205,94,556,103,470,170,175,249,481,541,812,360,301,347,369,833,525,74,325,537,358,205,339,159,413,272,299,644,656,1181,231,470,111,541,485,65,241,473,320,113,383,180,433,424,325,482,163,344
451,157,147,87,432,111,466,139,143,165,357,448,796,298,236,242,312,806,423,61,243,444,240,150,262,102,247,185,227,544,689,1227,250,435,113,470,393,69,206,449,294,89,343,166,380,443,250,439,153,274
205,147,30,33,201,44,192,67,69,81,177,184,375,132,110,113,146,342,208,31,97,211,109,70,114,49,119,86,91,258,278,563,104,183,35,185,184,38,98,209,125,38,165,76,156,181,115,189,80,133
94,87,33,4,78,15,75,27,27,32,75,107,162,73,67,67,62,143,82,11,56,103,58,37,57,18,58,36,50,119,133,213,35,73,17,86,93,13,41,81,66,19,62,30,87,72,66,76,27,62
556,432,201,78,226,105,485,156,160,171,417,583,908,328,268,304,377,947,488,62,299,499,279,197,317,140,359,226,254,666,744,1407,257,489,136,519,500,88,246,535,345,109,391,166,437,501,298,528,186,332
103,111,44,15,105,10,105,35,27,45,101,145,195,81,71,69,89,214,114,16,66,136,69,51,69,30,78,54,66,139,159,298,61,111,22,129,94,17,52,102,85,23,74,42,92,94,75,98,36,78
470,466,192,75,485,105,231,160,168,181,402,563,879,366,286,298,345,879,490,52,269,495,293,219,349,121,342,213,240,611,745,1342,247,442,113,537,474,79,274,497,344,100,375,196,407,452,302,512,183,320
170,139,67,27,156,35,160,23,44,58,141,179,273,97,81,91,105,275,162,17,91,158,82,61,92,42,104,71,73,204,253,427,85,138,39,127,134,30,67,173,107,26,114,60,109,155,92,161,58,92
175,143,69,27,160,27,168,44,20,48,134,177,298,102,104,101,140,314,166,15,81,176,103,65,109,42,112,75,92,217,233,470,73,170,44,177,138,19,68,199,119,26,133,60,141,173,93,169,65,100
249,165,81,32,171,45,181,58,48,49,196,215,378,135,105,119,170,367,193,32,119,186,118,90,142,55,146,124,84,252,324,578,90,179,43,234,211,33,91,207,127,42,151,75,157,209,120,211,77,169
481,357,177,75,417,101,402,141,134,196,196,446,744,305,235,236,337,739,438,47,242,464,253,173,275,120,299,222,220,524,664,1145,218,388,93,490,413,67,199,441,280,84,324,142,343,400,287,451,161,312
541,448,184,107,583,145,563,179,177,215,446,314,1038,386,264,297,411,1041,600,70,301,605,338,229,345,138,384,240,293,735,849,1624,288,575,120,632,549,92,270,579,359,108,446,182,428,508,344,648,218,395
812,796,375,162,908,195,879,273,298,378,744,1038,847,560,460,528,631,1497,875,113,506,909,525,359,599,209,607,402,451,1146,1355,2446,476,834,200,982,831,159,446,985,571,212,700,340,701,793,554,914,332,587
360,298,132,73,328,81,366,97,102,135,305,386,560,123,187,188,230,569,327,44,181,337,208,131,218,77,227,169,152,399,488,920,187,294,84,350,317,49,156,334,211,70,232,114,277,281,219,372,117,253
301,236,110,67,268,71,286,81,104,105,235,264,460,187,74,137,206,446,255,35,135,258,165,120,176,82,203,113,136,326,423,678,131,272,42,266,283,47,137,281,158,54,169,98,217,254,166,274,80,197
347,242,113,67,304,69,298,91,101,119,236,297,528,188,137,81,216,495,276,34,127,270,163,110,170,81,192,119,179,347,446,820,148,297,56,282,275,35,152,301,177,56,219,93,229,269,163,297,99,201
369,312,146,62,377,89,345,105,140,170,337,411,631,230,206,216,130,658,380,52,202,390,250,172,241,95,242,186,185,457,551,1013,197,349,87,384,345,39,163,405,220,79,255,160,300,314,235,370,123,219
833,806,342,143,947,214,879,275,314,367,739,1041,1497,569,446,495,658,836,885,97,523,907,507,324,590,215,630,426,435,1131,1353,2403,479,813,208,1009,856,175,436,944,554,212,682,353,744,846,554,950,311,581
525,423,208,82,488,114,490,162,166,193,438,600,875,327,255,276,380,885,251,58,270,478,289,198,330,127,332,236,257,626,739,1426,256,498,125,544,499,100,255,526,333,107,395,196,408,469,316,514,169,363
74,61,31,11,62,16,52,17,15,32,47,70,113,44,35,34,52,97,58,2,36,52,32,26,43,19,43,24,42,68,84,156,21,52,13,69,56,12,28,82,44,8,45,29,47,53,40,75,24,46
325,243,97,56,299,66,269,91,81,119,242,301,506,181,135,127,202,523,270,36,79,288,171,114,166,69,169,138,125,332,426,808,139,274,55,307,300,43,139,307,181,59,207,105,194,234,185,263,120,181
537,444,211,103,499,136,495,158,176,186,464,605,909,337,258,270,390,907,478,52,288,248,319,223,345,137,361,241,270,608,762,1464,262,502,135,605,469,84,257,522,342,110,378,208,433,472,320,537,190,364
358,240,109,58,279,69,293,82,103,118,253,338,525,208,165,163,250,507,289,32,171,319,99,128,196,79,205,138,158,355,479,808,145,277,81,299,294,44,147,311,163,50,213,114,265,249,209,321,117,214
205,150,70,37,197,51,219,61,65,90,173,229,359,131,120,110,172,324,198,26,114,223,128,35,136,51,125,116,118,259,317,518,107,187,51,212,196,26,101,219,151,31,158,72,171,187,121,261,72,164
339,262,114,57,317,69,349,92,109,142,275,345,599,218,176,170,241,590,330,43,166,345,196,136,114,100,212,136,157,427,516,896,201,337,59,324,341,54,152,398,239,68,220,119,276,315,214,356,116,223
159,102,49,18,140,30,121,42,42,55,120,138,209,77,82,81,95,215,127,19,69,137,79,51,100,15,84,61,58,171,189,306,90,128,31,119,124,24,60,152,92,25,101,57,122,124,109,133,47,82
413,247,119,58,359,78,342,104,112,146,299,384,607,227,203,192,242,630,332,43,169,361,205,125,212,84,109,153,173,443,508,900,216,329,78,359,311,65,164,363,230,72,258,126,300,338,198,378,121,248
272,185,86,36,226,54,213,71,75,124,222,240,402,169,113,119,186,426,236,24,138,241,138,116,136,61,153,49,127,278,369,648,123,218,59,229,201,25,105,263,130,49,198,81,198,227,153,257,98,182
299,227,91,50,254,66,240,73,92,84,220,293,451,152,136,179,185,435,257,42,125,270,158,118,157,58,173,127,49,303,378,675,144,257,60,254,269,36,123,267,178,55,200,98,220,240,177,275,90,149
644,544,258,119,666,139,611,204,217,252,524,735,1146,399,326,347,457,1131,626,68,332,608,355,259,427,171,443,278,303,331,938,1759,321,575,141,657,558,101,338,694,446,140,489,235,513,611,375,618,240,447
656,689,278,133,744,159,745,253,233,324,664,849,1355,488,423,446,551,1353,739,84,426,762,479,317,516,189,508,369,378,938,579,2120,421,690,156,829,682,132,387,814,551,154,586,310,617,711,486,774,265,490
1181,1227,563,213,1407,298,1342,427,470,578,1145,1624,2446,920,678,820,1013,2403,1426,156,808,1464,808,518,896,306,900,648,675,1759,2120,1990,718,1246,314,1569,1264,222,702,1411,926,287,1069,576,1094,1333,839,1376,451,935
231,250,104,35,257,61,247,85,73,90,218,288,476,187,131,148,197,479,256,21,139,262,145,107,201,90,216,123,144,321,421,718,73,232,64,299,242,51,144,272,183,51,203,105,251,241,172,254,87,154
470,435,183,73,489,111,442,138,170,179,388,575,834,294,272,297,349,813,498,52,274,502,277,187,337,128,329,218,257,575,690,1246,232,231,110,456,448,70,221,504,322,113,392,186,388,432,299,486,183,321
111,113,35,17,136,22,113,39,44,43,93,120,200,84,42,56,87,208,125,13,55,135,81,51,59,31,78,59,60,141,156,314,64,110,5,116,117,23,74,121,61,23,90,55,82,91,71,114,29,63
541,470,185,86,519,129,537,127,177,234,490,632,982,350,266,282,384,1009,544,69,307,605,299,212,324,119,359,229,254,657,829,1569,299,456,116,270,507,71,291,573,338,121,437,222,415,503,343,599,198,331
485,393,184,93,500,94,474,134,138,211,413,549,831,317,283,275,345,856,499,56,300,469,294,196,341,124,311,201,269,558,682,1264,242,448,117,507,220,63,245,480,305,99,341,193,416,419,319,486,186,339
65,69,38,13,88,17,79,30,19,33,67,92,159,49,47,35,39,175,100,12,43,84,44,26,54,24,65,25,36,101,132,222,51,70,23,71,63,9,39,93,54,16,71,39,79,86,53,96,30,53
241,206,98,41,246,52,274,67,68,91,199,270,446,156,137,152,163,436,255,28,139,257,147,101,152,60,164,105,123,338,387,702,144,221,74,291,245,39,53,260,173,47,211,107,202,225,147,274,77,151
473,449,209,81,535,102,497,173,199,207,441,579,985,334,281,301,405,944,526,82,307,522,311,219,398,152,363,263,267,694,814,1411,272,504,121,573,480,93,260,300,359,111,449,242,446,516,380,547,202,351
320,294,125,66,345,85,344,107,119,127,280,359,571,211,158,177,220,554,333,44,181,342,163,151,239,92,230,130,178,446,551,926,183,322,61,338,305,54,173,359,102,69,253,122,273,304,234,368,113,215
113,89,38,19,109,23,100,26,26,42,84,108,212,70,54,56,79,212,107,8,59,110,50,31,68,25,72,49,55,140,154,287,51,113,23,121,99,16,47,111,69,10,90,29,90,86,64,115,31,73
383,343,165,62,391,74,375,114,133,151,324,446,700,232,169,219,255,682,395,45,207,378,213,158,220,101,258,198,200,489,586,1069,203,392,90,437,341,71,211,449,253,90,138,136,295,377,220,383,121,271
180,166,76,30,166,42,196,60,60,75,142,182,340,114,98,93,160,353,196,29,105,208,114,72,119,57,126,81,98,235,310,576,105,186,55,222,193,39,107,242,122,29,136,38,148,185,112,190,76,114
433,380,156,87,437,92,407,109,141,157,343,428,701,277,217,229,300,744,408,47,194,433,265,171,276,122,300,198,220,513,617,1094,251,388,82,415,416,79,202,446,273,90,295,148,171,353,258,467,140,285
424,443,181,72,501,94,452,155,173,209,400,508,793,281,254,269,314,846,469,53,234,472,249,187,315,124,338,227,240,611,711,1333,241,432,91,503,419,86,225,516,304,86,377,185,353,218,309,459,170,304
325,250,115,66,298,75,302,92,93,120,287,344,554,219,166,163,235,554,316,40,185,320,209,121,214,109,198,153,177,375,486,839,172,299,71,343,319,53,147,380,234,64,220,112,258,309,104,358,115,195
482,439,189,76,528,98,512,161,169,211,451,648,914,372,274,297,370,950,514,75,263,537,321,261,356,133,378,257,275,618,774,1376,254,486,114,599,486,96,274,547,368,115,383,190,467,459,358,252,184,351
163,153,80,27,186,36,183,58,65,77,161,218,332,117,80,99,123,311,169,24,120,190,117,72,116,47,121,98,90,240,265,451,87,183,29,198,186,30,77,202,113,31,121,76,140,170,115,184,26,136
344,274,133,62,332,78,320,92,100,169,312,395,587,253,197,201,219,581,363,46,181,364,214,164,223,82,248,182,149,447,490,935,154,321,63,331,339,53,151,351,215,73,271,114,285,304,195,351,136,126
