266,429,224,88,524,105,447,186,153,247,422,519,852,360,316,345,366,822,523,83,308,533,317,170,365,141,350,312,300,621,706,1226,216,502,105,533,450,94,250,510,340,115,389,179,425,459,355,503,180,369
429,181,169,91,451,108,412,142,140,173,387,454,805,284,232,224,313,781,424,55,205,438,232,165,247,104,266,204,205,552,680,1162,226,425,96,427,433,78,214,451,271,90,360,181,355,395,279,443,152,294
224,169,33,38,214,47,220,53,70,85,189,212,368,131,100,108,152,344,215,18,131,212,129,79,138,45,137,89,113,202,332,557,113,195,36,215,170,35,86,212,139,38,147,68,204,205,127,218,69,143
88,91,38,7,89,27,94,34,21,37,72,104,132,54,48,60,61,137,74,11,66,86,62,25,51,19,65,51,34,105,119,200,50,77,19,75,71,14,45,83,54,12,62,31,64,75,58,92,23,64
524,451,214,89,258,99,487,147,169,237,432,562,895,297,260,286,381,909,507,58,286,526,297,211,320,132,366,256,237,635,792,1445,288,462,109,594,482,72,242,555,333,96,420,186,382,484,299,560,171,369
105,108,47,27,99,19,120,43,30,43,98,120,187,76,65,69,78,175,121,16,75,112,82,45,68,27,83,51,55,156,174,281,50,109,25,102,117,23,66,128,84,25,90,41,90,100,84,106,42,89
447,412,220,94,487,120,253,145,148,204,392,552,864,326,279,315,350,896,478,59,286,493,292,192,305,114,324,231,229,641,702,1337,231,466,109,469,475,88,248,501,309,108,375,186,397,431,340,515,179,332
186,142,53,34,147,43,145,28,52,65,135,174,295,89,85,93,141,289,143,26,77,143,97,69,97,36,91,68,82,192,218,435,72,150,33,147,138,20,90,175,114,24,117,57,122,170,92,145,76,105
153,140,70,21,169,30,148,52,31,70,145,184,305,116,89,109,109,298,189,18,111,186,94,66,109,35,110,64,73,222,238,430,81,161,39,158,160,40,94,166,104,27,124,59,126,151,106,187,65,98
247,173,85,37,237,43,204,65,70,48,177,222,337,133,120,132,150,364,236,25,93,220,127,90,131,55,124,114,86,240,279,535,87,203,36,215,201,41,105,203,121,41,162,78,164,194,138,223,72,153
422,387,189,72,432,98,392,135,145,177,187,486,765,266,235,266,287,761,475,56,225,453,274,164,269,117,265,201,215,555,666,1143,208,406,100,454,395,73,200,426,252,104,332,133,338,372,267,458,154,324
519,454,212,104,562,120,552,174,184,222,486,325,1034,369,298,290,399,1013,550,67,327,594,334,218,392,136,342,255,305,731,881,1571,321,537,134,580,538,87,275,596,367,99,454,228,422,518,354,574,204,378
852,805,368,132,895,187,864,295,305,337,765,1034,846,587,463,485,684,1468,899,118,511,933,525,358,607,228,624,398,453,1170,1403,2437,496,822,208,1038,891,139,441,973,596,181,698,334,688,846,552,952,330,578
360,284,131,54,297,76,326,89,116,133,266,369,587,97,167,190,232,589,313,30,183,325,207,155,212,87,223,172,152,395,475,896,176,323,77,340,309,52,148,325,194,71,234,118,255,300,204,331,111,236
316,232,100,48,260,65,279,85,89,120,235,298,463,167,66,147,201,446,291,25,135,280,170,117,183,65,197,105,168,285,399,699,150,272,62,278,254,47,128,298,170,52,228,94,229,226,154,287,85,180
345,224,108,60,286,69,315,93,109,132,266,290,485,190,147,89,221,508,292,26,151,293,157,114,167,70,190,136,171,346,392,753,152,265,66,318,260,51,139,316,213,62,267,116,226,241,183,325,111,204
366,313,152,61,381,78,350,141,109,150,287,399,684,232,201,221,125,638,396,68,210,392,226,146,231,83,244,176,185,465,587,982,192,362,77,372,324,59,198,410,240,68,301,128,271,339,230,381,149,228
822,781,344,137,909,175,896,289,298,364,761,1013,1468,589,446,508,638,855,889,113,515,913,508,385,591,233,633,426,474,1106,1379,2444,488,826,185,1018,858,170,504,961,605,166,684,328,724,825,550,974,307,591
523,424,215,74,507,121,478,143,189,236,475,550,899,313,291,292,396,889,272,63,306,497,324,195,356,128,337,259,261,594,815,1370,254,544,124,581,483,90,270,542,330,111,392,173,421,487,323,549,201,350
83,55,18,11,58,16,59,26,18,25,56,67,118,30,25,26,68,113,63,2,36,60,42,25,44,14,33,32,30,72,89,186,37,60,9,79,55,12,49,74,53,18,55,16,52,61,40,70,18,43
308,205,131,66,286,75,286,77,111,93,225,327,511,183,135,151,210,515,306,36,69,307,157,119,176,62,180,136,134,334,401,752,166,266,76,267,274,44,140,309,180,61,217,95,220,214,152,286,116,203
533,438,212,86,526,112,493,143,186,220,453,594,933,325,280,293,392,913,497,60,307,270,321,203,347,128,347,269,259,648,742,1384,259,482,124,557,487,85,262,543,327,107,386,185,425,496,318,563,186,344
317,232,129,62,297,82,292,97,94,127,274,334,525,207,170,157,226,508,324,42,157,321,94,126,170,86,210,149,146,350,454,830,174,278,70,298,278,44,154,308,184,57,221,125,244,263,198,289,103,226
170,165,79,25,211,45,192,69,66,90,164,218,358,155,117,114,146,385,195,25,119,203,126,43,135,57,147,117,93,264,319,592,110,202,53,191,169,39,103,202,122,41,153,68,153,146,165,197,81,135
365,247,138,51,320,68,305,97,109,131,269,392,607,212,183,167,231,591,356,44,176,347,170,135,81,86,222,148,146,370,538,912,165,292,78,374,312,61,172,338,212,67,251,125,225,293,194,347,129,241
141,104,45,19,132,27,114,36,35,55,117,136,228,87,65,70,83,233,128,14,62,128,86,57,86,12,77,45,66,153,193,366,73,112,36,121,101,19,61,127,77,29,109,50,104,113,84,133,41,94
350,266,137,65,366,83,324,91,110,124,265,342,624,223,197,190,244,633,337,33,180,347,210,147,222,77,122,160,149,430,567,986,180,311,64,329,316,51,165,367,214,79,269,143,278,305,206,344,127,232
312,204,89,51,256,51,231,68,64,114,201,255,398,172,105,136,176,426,259,32,136,269,149,117,148,45,160,58,116,303,369,659,133,253,49,253,231,45,115,233,148,46,190,85,207,215,144,233,88,162
300,205,113,34,237,55,229,82,73,86,215,305,453,152,168,171,185,474,261,30,134,259,146,93,146,66,149,116,65,303,381,713,134,222,49,276,224,41,121,259,138,57,196,100,195,246,151,249,82,156
621,552,202,105,635,156,641,192,222,240,555,731,1170,395,285,346,465,1106,594,72,334,648,350,264,370,153,430,303,303,378,939,1745,358,598,140,689,581,96,325,679,416,108,500,210,502,612,356,656,241,408
706,680,332,119,792,174,702,218,238,279,666,881,1403,475,399,392,587,1379,815,89,401,742,454,319,538,193,567,369,381,939,554,2061,441,724,186,850,677,109,386,823,468,165,581,279,661,721,463,778,288,503
1226,1162,557,200,1445,281,1337,435,430,535,1143,1571,2437,896,699,753,982,2444,1370,186,752,1384,830,592,912,366,986,659,713,1745,2061,1870,722,1291,322,1569,1284,228,705,1506,908,277,1028,513,1147,1346,864,1390,499,951
216,226,113,50,288,50,231,72,81,87,208,321,496,176,150,152,192,488,254,37,166,259,174,110,165,73,180,133,134,358,441,722,68,252,73,311,261,44,130,309,190,43,202,105,223,241,163,290,114,173
502,425,195,77,462,109,466,150,161,203,406,537,822,323,272,265,362,826,544,60,266,482,278,202,292,112,311,253,222,598,724,1291,252,221,113,482,451,79,245,520,332,86,352,171,363,453,276,483,174,328
105,96,36,19,109,25,109,33,39,36,100,134,208,77,62,66,77,185,124,9,76,124,70,53,78,36,64,49,49,140,186,322,73,113,13,131,110,26,65,124,86,20,103,31,82,112,66,125,39,82
533,427,215,75,594,102,469,147,158,215,454,580,1038,340,278,318,372,1018,581,79,267,557,298,191,374,121,329,253,276,689,850,1569,311,482,131,256,471,85,252,590,354,101,433,189,423,527,350,560,208,347
450,433,170,71,482,117,475,138,160,201,395,538,891,309,254,260,324,858,483,55,274,487,278,169,312,101,316,231,224,581,677,1284,261,451,110,471,207,76,222,505,299,109,385,182,370,445,304,499,177,316
94,78,35,14,72,23,88,20,40,41,73,87,139,52,47,51,59,170,90,12,44,85,44,39,61,19,51,45,41,96,109,228,44,79,26,85,76,3,35,84,50,18,63,33,68,89,48,93,34,65
250,214,86,45,242,66,248,90,94,105,200,275,441,148,128,139,198,504,270,49,140,262,154,103,172,61,165,115,121,325,386,705,130,245,65,252,222,35,84,275,175,58,187,96,205,254,165,271,116,161
510,451,212,83,555,128,501,175,166,203,426,596,973,325,298,316,410,961,542,74,309,543,308,202,338,127,367,233,259,679,823,1506,309,520,124,590,505,84,275,279,344,120,383,208,447,478,340,577,220,348
340,271,139,54,333,84,309,114,104,121,252,367,596,194,170,213,240,605,330,53,180,327,184,122,212,77,214,148,138,416,468,908,190,332,86,354,299,50,175,344,109,72,243,128,272,281,190,358,125,230
115,90,38,12,96,25,108,24,27,41,104,99,181,71,52,62,68,166,111,18,61,107,57,41,67,29,79,46,57,108,165,277,43,86,20,101,109,18,58,120,72,12,79,40,84,99,60,105,39,64
389,360,147,62,420,90,375,117,124,162,332,454,698,234,228,267,301,684,392,55,217,386,221,153,251,109,269,190,196,500,581,1028,202,352,103,433,385,63,187,383,243,79,135,148,294,338,249,404,163,293
179,181,68,31,186,41,186,57,59,78,133,228,334,118,94,116,128,328,173,16,95,185,125,68,125,50,143,85,100,210,279,513,105,171,31,189,182,33,96,208,128,40,148,29,164,189,119,196,71,129
425,355,204,64,382,90,397,122,126,164,338,422,688,255,229,226,271,724,421,52,220,425,244,153,225,104,278,207,195,502,661,1147,223,363,82,423,370,68,205,447,272,84,294,164,169,343,253,440,146,307
459,395,205,75,484,100,431,170,151,194,372,518,846,300,226,241,339,825,487,61,214,496,263,146,293,113,305,215,246,612,721,1346,241,453,112,527,445,89,254,478,281,99,338,189,343,190,285,480,178,320
355,279,127,58,299,84,340,92,106,138,267,354,552,204,154,183,230,550,323,40,152,318,198,165,194,84,206,144,151,356,463,864,163,276,66,350,304,48,165,340,190,60,249,119,253,285,107,339,106,221
503,443,218,92,560,106,515,145,187,223,458,574,952,331,287,325,381,974,549,70,286,563,289,197,347,133,344,233,249,656,778,1390,290,483,125,560,499,93,271,577,358,105,404,196,440,480,339,278,183,352
180,152,69,23,171,42,179,76,65,72,154,204,330,111,85,111,149,307,201,18,116,186,103,81,129,41,127,88,82,241,288,499,114,174,39,208,177,34,116,220,125,39,163,71,146,178,106,183,26,114
369,294,143,64,369,89,332,105,98,153,324,378,578,236,180,204,228,591,350,43,203,344,226,135,241,94,232,162,156,408,503,951,173,328,82,347,316,65,161,348,230,64,293,129,307,320,221,352,114,143
