254,463,233,94,497,128,503,176,174,244,455,524,794,381,306,325,359,829,470,74,285,525,354,228,393,151,382,271,318,617,725,1193,270,485,110,511,508,89,263,486,321,93,351,192,463,429,324,470,163,389
463,161,171,77,419,99,422,142,133,180,338,500,772,280,242,266,326,761,408,65,192,421,262,166,261,90,278,204,204,535,638,1207,228,397,81,455,401,69,215,455,285,99,340,187,309,404,243,435,148,276
233,171,44,36,203,58,194,56,64,82,178,206,369,121,124,104,150,365,214,20,97,201,112,71,130,56,126,87,99,232,304,591,116,198,39,213,194,33,106,204,147,35,149,76,161,198,120,199,81,130
94,77,36,9,63,19,76,22,24,29,65,81,137,55,41,55,65,146,84,11,55,91,52,34,52,22,60,50,43,98,108,203,36,75,14,102,70,14,38,72,61,17,48,39,57,80,52,73,32,62
497,419,203,63,256,108,477,151,183,213,430,567,943,324,239,296,384,954,503,56,276,495,275,195,344,108,340,217,248,640,762,1397,270,516,97,531,478,84,240,552,345,118,425,202,398,487,332,512,170,366
128,99,58,19,108,12,101,34,38,49,105,118,190,78,61,81,91,198,117,11,77,122,67,41,76,31,68,70,48,159,162,274,64,105,27,120,112,27,53,102,72,25,69,53,88,102,82,124,47,78
503,422,194,76,477,101,210,128,157,195,392,558,883,320,263,275,404,902,495,61,243,512,296,193,293,117,313,238,248,585,739,1310,258,476,111,543,420,71,221,459,287,86,380,192,355,451,320,481,169,348
176,142,56,22,151,34,128,27,43,65,144,147,289,97,88,80,113,278,157,20,72,165,95,61,118,37,112,75,73,183,248,397,75,146,33,163,130,14,66,173,103,38,127,59,113,124,99,177,66,99
174,133,64,24,183,38,157,43,26,60,141,176,299,104,83,85,109,295,155,22,93,159,96,69,109,42,113,69,74,208,277,466,109,149,41,176,138,26,79,196,106,30,134,70,122,155,110,177,63,120
244,180,82,29,213,49,195,65,60,51,182,221,364,132,132,128,135,353,218,27,127,208,136,103,152,58,147,121,113,251,273,533,123,206,32,219,185,30,103,197,142,39,168,59,165,184,105,186,73,123
455,338,178,65,430,105,392,144,141,182,170,444,770,278,238,251,318,761,447,53,233,468,246,167,282,101,287,199,211,518,646,1128,219,383,87,434,378,60,235,436,271,95,349,160,326,359,272,427,145,289
524,500,206,81,567,118,558,147,176,221,444,324,1041,360,287,354,413,1019,586,82,292,546,316,237,363,152,389,249,284,705,858,1601,303,513,122,595,514,98,265,660,366,123,436,211,465,528,368,594,212,390
794,772,369,137,943,190,883,289,299,364,770,1041,809,605,496,539,660,1460,975,113,442,961,545,388,596,228,651,401,502,1164,1315,2435,452,840,217,1005,850,183,437,1011,596,189,670,375,754,843,567,933,321,633
381,280,121,55,324,78,320,97,104,132,278,360,605,104,159,161,233,587,311,39,178,331,217,130,215,79,207,139,186,384,499,881,175,273,53,345,301,43,142,333,226,74,266,125,273,299,202,330,127,257
306,242,124,41,239,61,263,88,83,132,238,287,496,159,59,131,180,497,271,31,149,284,149,112,175,69,168,118,124,321,395,763,142,256,62,296,258,45,130,263,155,56,216,113,186,242,175,291,112,191
325,266,104,55,296,81,275,80,85,128,251,354,539,161,131,70,211,522,287,32,159,284,187,118,188,69,177,129,141,316,449,821,173,286,78,311,293,54,150,305,163,61,212,134,210,262,174,308,138,183
359,326,150,65,384,91,404,113,109,135,318,413,660,233,180,211,137,647,379,51,187,374,190,150,260,95,276,169,159,432,562,1066,204,331,77,392,320,50,193,416,242,81,280,140,297,328,232,411,134,234
829,761,365,146,954,198,902,278,295,353,761,1019,1460,587,497,522,647,780,920,114,519,937,588,410,598,222,627,397,490,1185,1307,2425,462,871,216,963,860,166,454,916,577,195,659,336,758,876,569,943,364,625
470,408,214,84,503,117,495,157,155,218,447,586,975,311,271,287,379,920,253,60,289,508,291,199,332,130,358,235,261,610,794,1472,264,454,114,505,468,73,245,527,389,112,382,182,418,488,330,504,185,358
74,65,20,11,56,11,61,20,22,27,53,82,113,39,31,32,51,114,60,4,28,62,30,22,35,10,34,27,34,73,75,187,34,47,15,58,58,4,27,71,42,11,53,30,47,68,35,66,31,42
285,192,97,55,276,77,243,72,93,127,233,292,442,178,149,159,187,519,289,28,64,269,162,87,162,68,178,126,124,330,420,776,155,258,59,255,253,48,139,298,185,53,216,97,204,281,161,271,104,181
525,421,201,91,495,122,512,165,159,208,468,546,961,331,284,284,374,937,508,62,269,244,301,192,335,133,338,231,274,646,734,1479,287,459,103,536,475,82,247,522,344,117,386,194,397,498,333,537,169,356
354,262,112,52,275,67,296,95,96,136,246,316,545,217,149,187,190,588,291,30,162,301,93,108,208,73,196,116,135,379,413,863,167,250,68,325,250,38,150,328,186,61,252,114,229,254,199,335,109,203
228,166,71,34,195,41,193,61,69,103,167,237,388,130,112,118,150,410,199,22,87,192,108,35,129,46,128,102,92,245,273,543,92,178,45,211,183,33,84,204,129,39,160,69,145,172,149,207,67,119
393,261,130,52,344,76,293,118,109,152,282,363,596,215,175,188,260,598,332,35,162,335,208,129,103,78,242,138,163,405,496,962,186,292,75,355,285,53,156,354,233,60,250,124,251,311,200,322,118,212
151,90,56,22,108,31,117,37,42,58,101,152,228,79,69,69,95,222,130,10,68,133,73,46,78,17,83,63,49,155,190,377,65,119,23,127,132,24,63,128,79,26,101,43,84,129,74,132,36,79
382,278,126,60,340,68,313,112,113,147,287,389,651,207,168,177,276,627,358,34,178,338,196,128,242,83,126,154,152,383,510,995,191,291,67,336,300,49,162,359,199,60,255,135,268,336,208,365,121,215
271,204,87,50,217,70,238,75,69,121,199,249,401,139,118,129,169,397,235,27,126,231,116,102,138,63,154,59,113,284,354,671,111,232,57,224,219,46,101,254,163,59,186,86,164,213,137,239,95,175
318,204,99,43,248,48,248,73,74,113,211,284,502,186,124,141,159,490,261,34,124,274,135,92,163,49,152,113,56,333,380,728,137,231,53,252,245,44,128,270,156,49,205,88,207,215,166,264,104,178
617,535,232,98,640,159,585,183,208,251,518,705,1164,384,321,316,432,1185,610,73,330,646,379,245,405,155,383,284,333,405,966,1854,361,526,140,675,572,108,328,653,411,126,482,214,516,608,394,630,259,417
725,638,304,108,762,162,739,248,277,273,646,858,1315,499,395,449,562,1307,794,75,420,734,413,273,496,190,510,354,380,966,536,2120,405,686,168,802,698,138,424,770,521,161,580,300,586,693,468,750,259,516
1193,1207,591,203,1397,274,1310,397,466,533,1128,1601,2435,881,763,821,1066,2425,1472,187,776,1479,863,543,962,377,995,671,728,1854,2120,1892,709,1271,328,1514,1269,252,701,1509,937,300,1014,522,1160,1270,925,1449,485,980
270,228,116,36,270,64,258,75,109,123,219,303,452,175,142,173,204,462,264,34,155,287,167,92,186,65,191,111,137,361,405,709,64,266,63,316,259,39,143,290,166,55,209,104,219,247,161,281,98,185
485,397,198,75,516,105,476,146,149,206,383,513,840,273,256,286,331,871,454,47,258,459,250,178,292,119,291,232,231,526,686,1271,266,199,111,469,425,69,240,538,327,91,348,178,351,413,286,500,172,325
110,81,39,14,97,27,111,33,41,32,87,122,217,53,62,78,77,216,114,15,59,103,68,45,75,23,67,57,53,140,168,328,63,111,13,133,94,20,60,126,81,26,78,48,95,112,68,109,47,73
511,455,213,102,531,120,543,163,176,219,434,595,1005,345,296,311,392,963,505,58,255,536,325,211,355,127,336,224,252,675,802,1514,316,469,133,294,522,95,298,602,351,102,373,180,415,516,323,561,214,354
508,401,194,70,478,112,420,130,138,185,378,514,850,301,258,293,320,860,468,58,253,475,250,183,285,132,300,219,245,572,698,1269,259,425,94,522,219,84,235,508,289,72,350,183,354,446,315,494,161,299
89,69,33,14,84,27,71,14,26,30,60,98,183,43,45,54,50,166,73,4,48,82,38,33,53,24,49,46,44,108,138,252,39,69,20,95,84,6,34,102,63,11,63,27,57,86,52,87,35,53
263,215,106,38,240,53,221,66,79,103,235,265,437,142,130,150,193,454,245,27,139,247,150,84,156,63,162,101,128,328,424,701,143,240,60,298,235,34,56,288,156,42,204,103,196,235,157,261,92,153
486,455,204,72,552,102,459,173,196,197,436,660,1011,333,263,305,416,916,527,71,298,522,328,204,354,128,359,254,270,653,770,1509,290,538,126,602,508,102,288,259,328,112,400,216,390,519,324,554,188,336
321,285,147,61,345,72,287,103,106,142,271,366,596,226,155,163,242,577,389,42,185,344,186,129,233,79,199,163,156,411,521,937,166,327,81,351,289,63,156,328,112,59,275,115,238,300,205,361,107,248
93,99,35,17,118,25,86,38,30,39,95,123,189,74,56,61,81,195,112,11,53,117,61,39,60,26,60,59,49,126,161,300,55,91,26,102,72,11,42,112,59,12,88,38,78,98,74,107,43,79
351,340,149,48,425,69,380,127,134,168,349,436,670,266,216,212,280,659,382,53,216,386,252,160,250,101,255,186,205,482,580,1014,209,348,78,373,350,63,204,400,275,88,159,158,306,365,245,420,151,255
192,187,76,39,202,53,192,59,70,59,160,211,375,125,113,134,140,336,182,30,97,194,114,69,124,43,135,86,88,214,300,522,104,178,48,180,183,27,103,216,115,38,158,35,152,177,107,202,83,134
463,309,161,57,398,88,355,113,122,165,326,465,754,273,186,210,297,758,418,47,204,397,229,145,251,84,268,164,207,516,586,1160,219,351,95,415,354,57,196,390,238,78,306,152,166,369,241,417,148,263
429,404,198,80,487,102,451,124,155,184,359,528,843,299,242,262,328,876,488,68,281,498,254,172,311,129,336,213,215,608,693,1270,247,413,112,516,446,86,235,519,300,98,365,177,369,215,275,457,159,298
324,243,120,52,332,82,320,99,110,105,272,368,567,202,175,174,232,569,330,35,161,333,199,149,200,74,208,137,166,394,468,925,161,286,68,323,315,52,157,324,205,74,245,107,241,275,87,343,124,210
470,435,199,73,512,124,481,177,177,186,427,594,933,330,291,308,411,943,504,66,271,537,335,207,322,132,365,239,264,630,750,1449,281,500,109,561,494,87,261,554,361,107,420,202,417,457,343,283,167,367
163,148,81,32,170,47,169,66,63,73,145,212,321,127,112,138,134,364,185,31,104,169,109,67,118,36,121,95,104,259,259,485,98,172,47,214,161,35,92,188,107,43,151,83,148,159,124,167,28,118
389,276,130,62,366,78,348,99,120,123,289,390,633,257,191,183,234,625,358,42,181,356,203,119,212,79,215,175,178,417,516,980,185,325,73,354,299,53,153,336,248,79,255,134,263,298,210,367,118,125
