253,459,234,94,513,107,477,206,175,256,461,514,800,388,309,356,351,854,497,74,357,524,358,224,379,163,377,309,311,669,684,1155,258,488,122,511,485,103,260,473,326,92,344,186,443,434,369,492,163,370
459,164,186,71,429,90,426,134,147,176,387,482,782,270,231,266,313,768,430,56,245,477,282,174,270,107,288,185,215,540,647,1247,245,391,114,453,412,63,222,478,306,86,327,142,358,417,282,472,180,285
234,186,23,37,223,43,208,49,54,80,175,222,320,127,105,118,162,340,191,24,101,219,112,84,128,52,146,96,89,226,264,590,101,185,48,219,201,38,83,233,135,37,164,90,180,222,131,230,76,134
94,71,37,6,82,22,80,23,30,32,66,94,151,59,42,37,67,142,78,13,48,76,58,39,56,22,54,54,56,106,122,201,44,94,19,103,84,17,33,84,46,18,63,23,60,71,43,83,14,67
513,429,223,82,236,104,503,155,178,220,393,573,919,301,230,282,347,936,511,56,282,537,319,209,311,132,324,225,283,650,822,1428,273,446,111,564,476,105,272,527,339,131,390,182,410,419,281,512,198,358
107,90,43,22,104,15,111,42,34,65,103,128,226,86,64,65,84,218,98,20,65,120,78,51,82,22,67,70,57,136,158,295,44,120,28,134,107,14,51,109,70,21,94,38,90,95,63,125,31,84
477,426,208,80,503,111,232,147,160,192,390,546,875,303,270,272,347,907,485,70,274,509,323,179,292,120,334,241,239,599,760,1370,260,481,122,559,461,81,242,531,326,103,384,155,358,441,291,520,179,343
206,134,49,23,155,42,147,25,45,61,116,149,286,86,66,86,84,277,165,16,90,173,83,54,83,32,86,68,69,172,245,426,81,133,33,153,142,18,70,170,95,30,129,48,110,149,84,146,54,93
175,147,54,30,178,34,160,45,25,59,142,184,300,105,76,110,112,304,189,22,82,176,84,70,91,42,108,72,76,197,259,448,86,184,41,158,146,35,84,173,115,43,126,61,136,159,91,177,61,108
256,176,80,32,220,65,192,61,59,43,152,222,354,148,107,127,153,376,211,29,114,203,123,65,143,40,121,119,96,288,314,523,102,196,43,239,195,21,99,208,150,47,160,76,163,190,147,218,67,157
461,387,175,66,393,103,390,116,142,152,182,454,799,303,236,247,289,761,437,58,233,422,225,163,282,84,282,208,198,575,649,1163,207,382,105,483,390,55,211,459,276,84,324,149,319,373,273,456,160,299
514,482,222,94,573,128,546,149,184,222,454,319,1022,369,295,342,446,1053,588,62,281,610,335,202,364,142,349,263,269,704,853,1668,313,546,120,606,542,65,290,655,397,100,434,202,446,532,345,626,207,375
800,782,320,151,919,226,875,286,300,354,799,1022,780,601,505,524,703,1483,906,108,496,917,534,368,644,217,605,436,437,1140,1343,2483,494,826,210,1034,845,161,484,1001,632,198,704,348,749,844,654,946,309,597
388,270,127,59,301,86,303,86,105,148,303,369,601,100,161,176,237,588,324,44,172,307,186,112,221,70,195,151,167,426,469,896,163,277,78,325,297,54,167,351,206,62,261,105,255,266,202,343,130,244
309,231,105,42,230,64,270,66,76,107,236,295,505,161,73,124,177,483,278,36,146,289,149,97,166,69,167,119,141,304,425,745,156,230,59,266,240,36,111,297,175,48,196,111,204,233,157,293,90,193
356,266,118,37,282,65,272,86,110,127,247,342,524,176,124,74,198,502,322,34,183,297,159,111,188,68,187,128,158,322,437,843,164,254,62,291,239,43,135,327,209,45,235,129,239,254,176,313,98,201
351,313,162,67,347,84,347,84,112,153,289,446,703,237,177,198,123,699,336,49,206,353,177,151,218,93,235,152,177,473,559,1033,214,346,77,399,343,62,163,402,231,68,268,139,298,344,224,384,136,250
854,768,340,142,936,218,907,277,304,376,761,1053,1483,588,483,502,699,804,964,109,488,965,502,345,601,224,622,412,438,1138,1374,2563,496,816,197,1051,805,172,462,968,637,197,669,354,715,860,642,942,284,612
497,430,191,78,511,98,485,165,189,211,437,588,906,324,278,322,336,964,230,59,296,497,319,218,343,131,340,224,275,643,779,1462,269,445,104,533,482,84,261,513,316,101,376,203,435,450,317,523,191,364
74,56,24,13,56,20,70,16,22,29,58,62,108,44,36,34,49,109,59,4,33,77,36,32,35,11,31,28,41,64,114,179,40,61,14,71,74,14,29,58,36,11,44,25,41,70,34,69,32,42
357,245,101,48,282,65,274,90,82,114,233,281,496,172,146,183,206,488,296,33,60,304,146,117,162,71,170,115,132,322,429,762,140,247,70,280,270,43,163,305,175,67,226,94,238,275,182,308,95,179
524,477,219,76,537,120,509,173,176,203,422,610,917,307,289,297,353,965,497,77,304,267,313,222,336,122,337,243,262,681,753,1420,264,452,118,511,445,79,273,571,331,105,398,211,421,472,300,518,183,339
358,282,112,58,319,78,323,83,84,123,225,335,534,186,149,159,177,502,319,36,146,313,87,130,167,60,206,135,158,385,439,827,173,293,68,365,279,44,133,315,184,81,222,115,249,282,168,311,107,188
224,174,84,39,209,51,179,54,70,65,163,202,368,112,97,111,151,345,218,32,117,222,130,28,117,57,123,72,103,302,337,554,110,190,46,234,183,34,93,218,126,40,149,72,143,171,122,215,66,140
379,270,128,56,311,82,292,83,91,143,282,364,644,221,166,188,218,601,343,35,162,336,167,117,104,71,202,140,161,437,538,960,165,302,80,338,316,56,161,369,215,64,262,127,241,311,193,327,129,223
163,107,52,22,132,22,120,32,42,40,84,142,217,70,69,68,93,224,131,11,71,122,60,57,71,15,62,60,58,171,216,379,77,103,26,142,109,22,53,160,89,40,91,64,87,116,70,154,49,93
377,288,146,54,324,67,334,86,108,121,282,349,605,195,167,187,235,622,340,31,170,337,206,123,202,62,113,156,168,440,512,988,180,311,77,364,300,55,156,403,249,79,255,142,241,300,195,366,126,223
309,185,96,54,225,70,241,68,72,119,208,263,436,151,119,128,152,412,224,28,115,243,135,72,140,60,156,61,107,297,359,694,134,214,57,229,215,38,135,248,152,68,197,90,195,205,157,263,81,151
311,215,89,56,283,57,239,69,76,96,198,269,437,167,141,158,177,438,275,41,132,262,158,103,161,58,168,107,69,314,360,722,125,245,64,259,249,51,117,268,157,62,211,100,204,235,152,271,109,165
669,540,226,106,650,136,599,172,197,288,575,704,1140,426,304,322,473,1138,643,64,322,681,385,302,437,171,440,297,314,417,987,1822,339,552,148,659,588,120,292,676,459,112,476,231,521,616,387,666,213,443
684,647,264,122,822,158,760,245,259,314,649,853,1343,469,425,437,559,1374,779,114,429,753,439,337,538,216,512,359,360,987,558,2043,409,677,179,800,707,122,409,842,540,148,593,294,647,688,495,789,284,518
1155,1247,590,201,1428,295,1370,426,448,523,1163,1668,2483,896,745,843,1033,2563,1462,179,762,1420,827,554,960,379,988,694,722,1822,2043,1912,738,1276,333,1530,1286,255,710,1520,960,303,1123,537,1103,1284,908,1432,516,977
258,245,101,44,273,44,260,81,86,102,207,313,494,163,156,164,214,496,269,40,140,264,173,110,165,77,180,134,125,339,409,738,76,287,67,320,238,44,147,287,189,60,201,98,213,247,178,273,104,172
488,391,185,94,446,120,481,133,184,196,382,546,826,277,230,254,346,816,445,61,247,452,293,190,302,103,311,214,245,552,677,1276,287,215,116,519,435,84,220,487,317,107,353,171,375,420,266,468,170,340
122,114,48,19,111,28,122,33,41,43,105,120,210,78,59,62,77,197,104,14,70,118,68,46,80,26,77,57,64,148,179,333,67,116,15,108,106,20,47,138,70,26,97,49,106,95,70,104,34,76
511,453,219,103,564,134,559,153,158,239,483,606,1034,325,266,291,399,1051,533,71,280,511,365,234,338,142,364,229,259,659,800,1530,320,519,108,265,493,91,262,604,348,101,393,182,432,499,331,560,202,355
485,412,201,84,476,107,461,142,146,195,390,542,845,297,240,239,343,805,482,74,270,445,279,183,316,109,300,215,249,588,707,1286,238,435,106,493,224,73,231,534,319,88,371,178,362,464,275,494,152,333
103,63,38,17,105,14,81,18,35,21,55,65,161,54,36,43,62,172,84,14,43,79,44,34,56,22,55,38,51,120,122,255,44,84,20,91,73,5,47,96,58,22,72,24,68,78,57,85,38,55
260,222,83,33,272,51,242,70,84,99,211,290,484,167,111,135,163,462,261,29,163,273,133,93,161,53,156,135,117,292,409,710,147,220,47,262,231,47,61,254,170,56,225,95,198,251,153,266,85,162
473,478,233,84,527,109,531,170,173,208,459,655,1001,351,297,327,402,968,513,58,305,571,315,218,369,160,403,248,268,676,842,1520,287,487,138,604,534,96,254,276,342,106,378,183,462,562,341,614,215,342
326,306,135,46,339,70,326,95,115,150,276,397,632,206,175,209,231,637,316,36,175,331,184,126,215,89,249,152,157,459,540,960,189,317,70,348,319,58,170,342,109,73,261,125,261,307,207,370,134,212
92,86,37,18,131,21,103,30,43,47,84,100,198,62,48,45,68,197,101,11,67,105,81,40,64,40,79,68,62,112,148,303,60,107,26,101,88,22,56,106,73,18,77,28,85,102,74,98,44,59
344,327,164,63,390,94,384,129,126,160,324,434,704,261,196,235,268,669,376,44,226,398,222,149,262,91,255,197,211,476,593,1123,201,353,97,393,371,72,225,378,261,77,131,159,336,360,247,422,147,257
186,142,90,23,182,38,155,48,61,76,149,202,348,105,111,129,139,354,203,25,94,211,115,72,127,64,142,90,100,231,294,537,98,171,49,182,178,24,95,183,125,28,159,42,154,194,114,197,66,118
443,358,180,60,410,90,358,110,136,163,319,446,749,255,204,239,298,715,435,41,238,421,249,143,241,87,241,195,204,521,647,1103,213,375,106,432,362,68,198,462,261,85,336,154,153,325,250,409,164,273
434,417,222,71,419,95,441,149,159,190,373,532,844,266,233,254,344,860,450,70,275,472,282,171,311,116,300,205,235,616,688,1284,247,420,95,499,464,78,251,562,307,102,360,194,325,191,307,483,170,299
369,282,131,43,281,63,291,84,91,147,273,345,654,202,157,176,224,642,317,34,182,300,168,122,193,70,195,157,152,387,495,908,178,266,70,331,275,57,153,341,207,74,247,114,250,307,100,360,113,231
492,472,230,83,512,125,520,146,177,218,456,626,946,343,293,313,384,942,523,69,308,518,311,215,327,154,366,263,271,666,789,1432,273,468,104,560,494,85,266,614,370,98,422,197,409,483,360,276,172,353
163,180,76,14,198,31,179,54,61,67,160,207,309,130,90,98,136,284,191,32,95,183,107,66,129,49,126,81,109,213,284,516,104,170,34,202,152,38,85,215,134,44,147,66,164,170,113,172,27,123
370,285,134,67,358,84,343,93,108,157,299,375,597,244,193,201,250,612,364,42,179,339,188,140,223,93,223,151,165,443,518,977,172,340,76,355,333,55,162,342,212,59,257,118,273,299,231,353,123,134
