233,469,212,90,510,107,470,164,156,222,431,532,818,345,323,338,387,794,506,78,317,533,363,204,374,157,358,282,309,580,696,1187,267,480,111,470,494,76,251,454,279,111,359,168,430,414,290,502,164,368
469,185,166,75,431,96,400,130,120,170,371,416,753,266,245,264,303,790,434,59,223,438,242,174,279,117,294,202,221,537,672,1222,237,390,112,481,377,64,235,480,260,98,310,168,362,385,298,460,191,274
212,166,30,36,189,47,213,48,56,89,170,224,374,118,88,98,124,363,215,22,114,205,122,76,150,44,141,73,95,274,313,569,120,179,42,192,175,33,101,239,137,53,167,61,151,198,116,232,74,117
90,75,36,3,78,10,55,33,23,31,75,87,140,53,43,52,54,145,81,9,60,71,42,31,53,27,60,37,45,115,127,210,54,74,16,92,74,12,45,62,45,16,56,18,59,73,43,85,30,48
510,431,189,78,254,105,450,151,150,207,424,552,877,323,255,254,377,903,532,64,285,548,311,177,352,122,378,261,272,618,750,1383,284,471,119,546,492,94,233,545,324,105,351,183,402,487,324,509,183,346
107,96,47,10,105,9,89,42,38,32,92,110,193,71,52,59,86,176,100,16,68,100,58,41,74,36,86,56,67,145,159,322,60,91,19,122,107,21,62,113,72,21,81,45,86,94,64,113,33,59
470,400,213,55,450,89,197,154,147,194,439,524,851,302,256,272,351,833,493,65,271,488,289,196,318,134,321,228,240,607,727,1276,281,429,96,512,393,82,251,523,331,97,357,161,358,436,267,496,168,331
164,130,48,33,151,42,154,23,43,72,130,183,279,91,74,89,123,282,149,24,80,157,91,62,85,36,103,75,82,173,261,449,87,132,36,162,137,29,86,155,87,31,132,46,118,149,95,165,60,107
156,120,56,23,150,38,147,43,26,64,141,185,286,89,73,93,108,296,147,21,88,155,98,52,98,33,92,80,79,217,235,417,76,157,38,156,142,41,61,172,104,28,132,69,116,167,109,157,59,102
222,170,89,31,207,32,194,72,64,43,169,227,383,134,100,118,151,374,213,26,121,237,126,84,135,43,137,115,83,243,328,547,110,180,45,220,200,39,111,187,121,45,153,70,164,215,143,241,88,160
431,371,170,75,424,92,439,130,141,169,200,460,748,320,211,252,278,704,419,63,228,451,260,156,302,104,297,211,234,530,644,1122,250,398,94,445,419,74,211,423,307,98,289,160,339,397,267,459,164,281
532,416,224,87,552,110,524,183,185,227,460,307,990,370,286,348,408,1034,562,63,290,580,339,217,342,141,358,265,298,672,890,1502,305,523,131,620,527,77,273,575,345,124,424,191,457,484,315,583,203,381
818,753,374,140,877,193,851,279,286,383,748,990,809,612,505,525,667,1473,951,117,513,954,547,376,620,241,632,417,424,1110,1450,2393,457,777,197,968,777,144,451,947,575,166,683,332,746,819,573,936,328,595
345,266,118,53,323,71,302,91,89,134,320,370,612,99,171,198,242,603,315,29,184,317,185,148,210,77,237,156,140,390,504,883,175,310,78,335,318,41,169,322,207,61,253,117,257,300,202,360,129,235
323,245,88,43,255,52,256,74,73,100,211,286,505,171,74,132,195,521,286,39,154,253,168,100,168,78,184,150,149,352,398,724,141,238,66,278,255,37,133,291,168,63,223,96,214,219,180,285,116,184
338,264,98,52,254,59,272,89,93,118,252,348,525,198,132,76,201,554,308,32,163,288,165,109,187,78,195,127,136,367,422,831,153,269,69,287,292,48,150,332,177,50,243,94,244,262,169,298,123,198
387,303,124,54,377,86,351,123,108,151,278,408,667,242,195,201,127,608,315,42,194,347,191,140,217,96,248,166,188,446,529,981,183,327,73,384,339,65,173,373,246,82,261,136,304,338,232,363,139,240
794,790,363,145,903,176,833,282,296,374,704,1034,1473,603,521,554,608,787,926,115,496,956,570,357,613,261,613,391,429,1115,1360,2354,482,792,204,937,822,138,449,900,590,162,643,332,751,832,598,928,318,575
506,434,215,81,532,100,493,149,147,213,419,562,951,315,286,308,315,926,255,67,294,502,305,208,342,129,349,254,269,650,776,1462,286,499,126,518,496,86,259,539,347,109,373,187,400,441,295,515,204,347
78,59,22,9,64,16,65,24,21,26,63,63,117,29,39,32,42,115,67,2,35,67,33,20,51,16,49,23,18,80,99,184,44,68,8,59,68,13,33,68,44,8,44,21,42,70,40,64,29,40
317,223,114,60,285,68,271,80,88,121,228,290,513,184,154,163,194,496,294,35,64,291,163,116,176,73,210,116,159,335,439,815,165,270,62,272,275,40,132,299,197,61,218,105,220,261,152,312,104,176
533,438,205,71,548,100,488,157,155,237,451,580,954,317,253,288,347,956,502,67,291,276,277,204,329,117,331,246,269,711,780,1433,291,456,101,543,491,93,265,556,347,110,404,193,397,455,297,543,209,351
363,242,122,42,311,58,289,91,98,126,260,339,547,185,168,165,191,570,305,33,163,277,86,119,205,74,188,139,137,345,432,862,157,244,67,292,256,46,168,288,188,70,241,134,227,255,172,317,127,196
204,174,76,31,177,41,196,62,52,84,156,217,376,148,100,109,140,357,208,20,116,204,119,41,143,44,127,89,115,246,290,515,99,192,40,219,171,29,96,196,129,44,170,72,170,168,134,222,63,125
374,279,150,53,352,74,318,85,98,135,302,342,620,210,168,187,217,613,342,51,176,329,205,143,120,76,225,153,159,426,509,906,182,305,59,334,306,52,161,353,216,75,263,151,258,290,225,335,118,250
157,117,44,27,122,36,134,36,33,43,104,141,241,77,78,78,96,261,129,16,73,117,74,44,76,20,79,56,48,166,203,345,71,112,21,132,125,20,58,150,88,26,105,42,108,120,85,120,46,92
358,294,141,60,378,86,321,103,92,137,297,358,632,237,184,195,248,613,349,49,210,331,188,127,225,79,117,146,150,412,508,968,196,307,69,344,320,48,172,384,235,69,289,126,290,299,242,347,123,257
282,202,73,37,261,56,228,75,80,115,211,265,417,156,150,127,166,391,254,23,116,246,139,89,153,56,146,55,111,305,341,625,124,241,57,234,219,41,118,252,160,45,187,96,183,223,157,270,101,156
309,221,95,45,272,67,240,82,79,83,234,298,424,140,149,136,188,429,269,18,159,269,137,115,159,48,150,111,56,311,375,683,123,225,64,249,246,42,144,273,162,61,209,102,195,258,142,289,92,172
580,537,274,115,618,145,607,173,217,243,530,672,1110,390,352,367,446,1115,650,80,335,711,345,246,426,166,412,305,311,409,946,1760,350,592,147,645,610,110,316,685,413,105,523,234,519,589,382,653,253,421
696,672,313,127,750,159,727,261,235,328,644,890,1450,504,398,422,529,1360,776,99,439,780,432,290,509,203,508,341,375,946,605,2018,409,675,149,828,700,120,393,758,505,154,557,265,607,689,492,776,276,525
1187,1222,569,210,1383,322,1276,449,417,547,1122,1502,2393,883,724,831,981,2354,1462,184,815,1433,862,515,906,345,968,625,683,1760,2018,1802,677,1297,329,1518,1232,223,682,1420,918,301,1018,491,1105,1227,913,1440,494,925
267,237,120,54,284,60,281,87,76,110,250,305,457,175,141,153,183,482,286,44,165,291,157,99,182,71,196,124,123,350,409,677,68,269,66,300,246,41,149,295,185,56,189,110,198,245,192,287,94,166
480,390,179,74,471,91,429,132,157,180,398,523,777,310,238,269,327,792,499,68,270,456,244,192,305,112,307,241,225,592,675,1297,269,219,100,497,447,73,214,464,293,91,329,181,370,462,279,494,179,276
111,112,42,16,119,19,96,36,38,45,94,131,197,78,66,69,73,204,126,8,62,101,67,40,59,21,69,57,64,147,149,329,66,100,22,118,107,14,70,121,79,26,97,35,92,100,72,101,50,69
470,481,192,92,546,122,512,162,156,220,445,620,968,335,278,287,384,937,518,59,272,543,292,219,334,132,344,234,249,645,828,1518,300,497,118,287,508,91,257,567,347,99,389,182,396,499,321,547,183,349
494,377,175,74,492,107,393,137,142,200,419,527,777,318,255,292,339,822,496,68,275,491,256,171,306,125,320,219,246,610,700,1232,246,447,107,508,193,70,239,463,297,98,380,186,366,415,310,503,146,322
76,64,33,12,94,21,82,29,41,39,74,77,144,41,37,48,65,138,86,13,40,93,46,29,52,20,48,41,42,110,120,223,41,73,14,91,70,10,41,97,56,24,70,33,73,77,51,96,31,53
251,235,101,45,233,62,251,86,61,111,211,273,451,169,133,150,173,449,259,33,132,265,168,96,161,58,172,118,144,316,393,682,149,214,70,257,239,41,76,264,171,44,185,109,196,230,147,275,88,178
454,480,239,62,545,113,523,155,172,187,423,575,947,322,291,332,373,900,539,68,299,556,288,196,353,150,384,252,273,685,758,1420,295,464,121,567,463,97,264,265,324,105,398,188,422,465,338,551,191,343
279,260,137,45,324,72,331,87,104,121,307,345,575,207,168,177,246,590,347,44,197,347,188,129,216,88,235,160,162,413,505,918,185,293,79,347,297,56,171,324,100,60,248,133,260,294,223,339,103,218
111,98,53,16,105,21,97,31,28,45,98,124,166,61,63,50,82,162,109,8,61,110,70,44,75,26,69,45,61,105,154,301,56,91,26,99,98,24,44,105,60,15,73,40,83,83,54,90,39,59
359,310,167,56,351,81,357,132,132,153,289,424,683,253,223,243,261,643,373,44,218,404,241,170,263,105,289,187,209,523,557,1018,189,329,97,389,380,70,185,398,248,73,165,150,316,341,217,418,140,281
168,168,61,18,183,45,161,46,69,70,160,191,332,117,96,94,136,332,187,21,105,193,134,72,151,42,126,96,102,234,265,491,110,181,35,182,186,33,109,188,133,40,150,28,162,157,120,190,84,116
430,362,151,59,402,86,358,118,116,164,339,457,746,257,214,244,304,751,400,42,220,397,227,170,258,108,290,183,195,519,607,1105,198,370,92,396,366,73,196,422,260,83,316,162,174,355,255,440,135,271
414,385,198,73,487,94,436,149,167,215,397,484,819,300,219,262,338,832,441,70,261,455,255,168,290,120,299,223,258,589,689,1227,245,462,100,499,415,77,230,465,294,83,341,157,355,196,268,475,160,324
290,298,116,43,324,64,267,95,109,143,267,315,573,202,180,169,232,598,295,40,152,297,172,134,225,85,242,157,142,382,492,913,192,279,72,321,310,51,147,338,223,54,217,120,255,268,90,319,107,219
502,460,232,85,509,113,496,165,157,241,459,583,936,360,285,298,363,928,515,64,312,543,317,222,335,120,347,270,289,653,776,1440,287,494,101,547,503,96,275,551,339,90,418,190,440,475,319,272,190,367
164,191,74,30,183,33,168,60,59,88,164,203,328,129,116,123,139,318,204,29,104,209,127,63,118,46,123,101,92,253,276,494,94,179,50,183,146,31,88,191,103,39,140,84,135,160,107,190,25,135
368,274,117,48,346,59,331,107,102,160,281,381,595,235,184,198,240,575,347,40,176,351,196,125,250,92,257,156,172,421,525,925,166,276,69,349,322,53,178,343,218,59,281,116,271,324,219,367,135,121
