260,471,204,91,496,125,530,171,158,238,467,524,799,396,321,366,372,816,528,65,311,512,370,222,381,168,383,286,283,597,698,1218,241,500,119,504,474,78,243,446,313,95,362,176,438,419,326,521,179,399
471,204,175,77,433,88,412,134,125,194,369,470,789,262,232,237,317,814,464,53,257,471,277,155,288,128,323,179,203,517,662,1284,256,393,113,463,378,67,222,463,302,83,335,138,331,425,269,450,155,287
204,175,60,37,204,45,197,63,61,85,177,230,359,115,104,118,134,369,200,30,114,218,127,86,146,53,137,91,81,247,266,574,118,189,45,194,194,24,83,217,120,45,146,83,165,175,125,190,76,126
91,77,37,11,85,18,84,20,28,29,67,87,129,60,25,40,40,147,80,11,38,86,65,36,64,25,55,52,50,109,129,200,44,93,17,88,75,17,34,73,45,21,63,21,66,73,49,80,26,61
496,433,204,85,251,104,502,146,170,186,384,532,871,323,260,293,376,910,589,51,273,572,309,186,354,140,341,232,241,635,760,1389,243,479,122,519,432,78,262,485,336,131,391,194,447,485,323,489,178,388
125,88,45,18,104,7,103,31,36,53,79,114,194,80,60,66,78,216,115,12,55,105,83,44,63,29,74,56,59,143,168,283,51,99,27,128,93,21,58,107,70,24,92,33,70,84,77,106,34,80
530,412,197,84,502,103,236,151,149,210,409,532,802,310,280,270,344,846,504,62,275,506,319,170,320,133,337,229,251,610,731,1322,239,452,127,507,464,80,226,470,321,101,368,196,400,450,300,525,186,340
171,134,63,20,146,31,151,23,55,64,133,174,283,111,89,94,117,283,155,21,82,152,78,56,107,48,117,70,86,211,227,444,95,138,33,139,131,27,58,162,94,22,99,48,133,137,91,171,66,106
158,125,61,28,170,36,149,55,21,63,144,180,276,106,91,97,126,292,164,15,88,175,88,58,94,45,116,91,61,198,218,432,89,156,31,175,157,26,89,165,107,37,135,57,137,144,112,189,62,108
238,194,85,29,186,53,210,64,63,44,179,218,356,136,121,122,146,373,179,29,109,173,124,78,124,65,129,110,94,242,287,552,104,173,46,218,185,32,104,220,122,29,156,85,164,177,138,232,76,140
467,369,177,67,384,79,409,133,144,179,170,428,730,302,267,278,305,768,427,37,250,422,268,149,267,127,277,203,197,544,667,1154,240,413,93,468,361,71,219,422,262,86,299,174,330,358,285,448,145,281
524,470,230,87,532,114,532,174,180,218,428,283,969,338,281,309,427,1015,558,67,305,561,339,208,324,130,386,257,301,658,815,1583,332,495,127,565,522,95,286,617,368,130,394,214,457,532,335,545,218,384
799,789,359,129,871,194,802,283,276,356,730,969,802,595,425,457,652,1457,885,116,478,923,572,365,544,228,625,408,482,1105,1277,2400,478,775,196,1020,839,131,403,947,615,176,675,352,734,845,531,843,339,611
396,262,115,60,323,80,310,111,106,136,302,338,595,102,185,172,208,598,319,35,182,309,198,147,231,93,218,164,175,404,474,932,165,299,87,323,318,48,167,346,221,66,244,117,280,305,215,317,114,210
321,232,104,25,260,60,280,89,91,121,267,281,425,185,62,122,201,410,294,28,139,278,160,124,161,83,188,122,150,320,412,741,132,234,59,260,242,27,155,292,175,59,209,119,228,248,150,274,104,209
366,237,118,40,293,66,270,94,97,122,278,309,457,172,122,70,206,464,300,31,134,278,165,113,180,89,189,129,146,348,432,790,159,240,69,284,242,35,141,315,187,57,209,104,209,261,174,286,120,213
372,317,134,40,376,78,344,117,126,146,305,427,652,208,201,206,137,616,399,36,171,382,215,134,237,83,243,175,171,490,539,1020,216,327,72,380,316,62,187,402,254,74,272,122,288,320,205,363,133,257
816,814,369,147,910,216,846,283,292,373,768,1015,1457,598,410,464,616,785,857,121,513,916,550,363,555,230,604,393,472,1110,1315,2379,477,806,186,984,847,155,436,947,607,174,687,351,712,812,509,884,318,623
528,464,200,80,589,115,504,155,164,179,427,558,885,319,294,300,399,857,252,62,266,474,301,201,355,135,366,234,297,623,786,1425,273,471,102,549,487,85,247,535,354,96,365,176,415,476,293,558,177,352
65,53,30,11,51,12,62,21,15,29,37,67,116,35,28,31,36,121,62,4,31,52,33,18,24,15,36,32,33,67,93,175,26,44,11,83,64,7,37,69,41,16,46,21,49,68,24,65,19,40
311,257,114,38,273,55,275,82,88,109,250,305,478,182,139,134,171,513,266,31,63,295,166,113,175,55,181,141,146,334,415,815,141,223,65,284,262,48,151,283,190,57,198,98,209,233,177,294,108,217
512,471,218,86,572,105,506,152,175,173,422,561,923,309,278,278,382,916,474,52,295,253,305,218,366,142,367,240,272,640,786,1468,291,449,110,543,462,93,249,530,337,108,376,181,427,460,310,539,195,364
370,277,127,65,309,83,319,78,88,124,268,339,572,198,160,165,215,550,301,33,166,305,88,125,201,82,181,134,157,350,495,872,171,284,62,284,300,49,159,325,191,61,245,103,234,288,193,320,113,217
222,155,86,36,186,44,170,56,58,78,149,208,365,147,124,113,134,363,201,18,113,218,125,39,141,62,148,75,89,250,284,560,106,162,40,197,179,28,83,200,129,45,136,78,155,191,137,206,60,129
381,288,146,64,354,63,320,107,94,124,267,324,544,231,161,180,237,555,355,24,175,366,201,141,84,76,190,149,156,417,525,910,159,323,70,343,306,51,172,383,224,73,249,114,232,336,185,340,122,207
168,128,53,25,140,29,133,48,45,65,127,130,228,93,83,89,83,230,135,15,55,142,82,62,76,20,93,49,56,163,204,383,67,123,25,134,117,17,71,143,82,33,85,48,104,130,69,140,44,72
383,323,137,55,341,74,337,117,116,129,277,386,625,218,188,189,243,604,366,36,181,367,181,148,190,93,126,137,145,396,526,990,178,327,77,349,281,55,175,356,246,81,270,124,246,341,206,362,121,207
286,179,91,52,232,56,229,70,91,110,203,257,408,164,122,129,175,393,234,32,141,240,134,75,149,49,137,47,120,286,353,660,119,241,56,255,200,41,124,248,134,50,193,87,175,209,145,231,107,151
283,203,81,50,241,59,251,86,61,94,197,301,482,175,150,146,171,472,297,33,146,272,157,89,156,56,145,120,74,323,396,739,121,229,74,247,234,38,145,258,172,62,217,91,185,249,172,265,100,165
597,517,247,109,635,143,610,211,198,242,544,658,1105,404,320,348,490,1110,623,67,334,640,350,250,417,163,396,286,323,380,954,1826,365,589,139,684,583,96,312,662,410,108,484,256,486,613,404,628,248,430
698,662,266,129,760,168,731,227,218,287,667,815,1277,474,412,432,539,1315,786,93,415,786,495,284,525,204,526,353,396,954,540,2110,405,704,160,854,721,131,374,767,454,147,603,293,641,648,499,777,277,503
1218,1284,574,200,1389,283,1322,444,432,552,1154,1583,2400,932,741,790,1020,2379,1425,175,815,1468,872,560,910,383,990,660,739,1826,2110,1894,735,1286,327,1551,1278,232,692,1504,956,265,1007,582,1194,1327,884,1437,473,920
241,256,118,44,243,51,239,95,89,104,240,332,478,165,132,159,216,477,273,26,141,291,171,106,159,67,178,119,121,365,405,735,64,260,63,319,264,48,136,277,173,58,217,113,207,241,171,267,103,184
500,393,189,93,479,99,452,138,156,173,413,495,775,299,234,240,327,806,471,44,223,449,284,162,323,123,327,241,229,589,704,1286,260,227,113,467,439,80,241,470,323,89,361,168,391,420,282,477,198,316
119,113,45,17,122,27,127,33,31,46,93,127,196,87,59,69,72,186,102,11,65,110,62,40,70,25,77,56,74,139,160,327,63,113,10,121,121,22,63,114,65,22,85,50,93,110,74,123,34,68
504,463,194,88,519,128,507,139,175,218,468,565,1020,323,260,284,380,984,549,83,284,543,284,197,343,134,349,255,247,684,854,1551,319,467,121,279,480,84,252,628,360,111,420,182,378,482,304,576,207,311
474,378,194,75,432,93,464,131,157,185,361,522,839,318,242,242,316,847,487,64,262,462,300,179,306,117,281,200,234,583,721,1278,264,439,121,480,235,78,219,503,291,97,357,167,361,455,303,469,199,326
78,67,24,17,78,21,80,27,26,32,71,95,131,48,27,35,62,155,85,7,48,93,49,28,51,17,55,41,38,96,131,232,48,80,22,84,78,11,36,108,55,21,73,36,60,75,47,84,30,67
243,222,83,34,262,58,226,58,89,104,219,286,403,167,155,141,187,436,247,37,151,249,159,83,172,71,175,124,145,312,374,692,136,241,63,252,219,36,68,250,179,54,168,91,192,237,152,260,105,175
446,463,217,73,485,107,470,162,165,220,422,617,947,346,292,315,402,947,535,69,283,530,325,200,383,143,356,248,258,662,767,1504,277,470,114,628,503,108,250,248,338,96,382,216,430,480,334,553,199,343
313,302,120,45,336,70,321,94,107,122,262,368,615,221,175,187,254,607,354,41,190,337,191,129,224,82,246,134,172,410,454,956,173,323,65,360,291,55,179,338,110,65,259,126,260,303,209,346,121,207
95,83,45,21,131,24,101,22,37,29,86,130,176,66,59,57,74,174,96,16,57,108,61,45,73,33,81,50,62,108,147,265,58,89,22,111,97,21,54,96,65,2,64,34,80,89,68,112,46,73
362,335,146,63,391,92,368,99,135,156,299,394,675,244,209,209,272,687,365,46,198,376,245,136,249,85,270,193,217,484,603,1007,217,361,85,420,357,73,168,382,259,64,158,152,259,338,224,379,147,285
176,138,83,21,194,33,196,48,57,85,174,214,352,117,119,104,122,351,176,21,98,181,103,78,114,48,124,87,91,256,293,582,113,168,50,182,167,36,91,216,126,34,152,44,173,182,121,199,76,113
438,331,165,66,447,70,400,133,137,164,330,457,734,280,228,209,288,712,415,49,209,427,234,155,232,104,246,175,185,486,641,1194,207,391,93,378,361,60,192,430,260,80,259,173,168,374,276,410,156,286
419,425,175,73,485,84,450,137,144,177,358,532,845,305,248,261,320,812,476,68,233,460,288,191,336,130,341,209,249,613,648,1327,241,420,110,482,455,75,237,480,303,89,338,182,374,214,287,474,182,298
326,269,125,49,323,77,300,91,112,138,285,335,531,215,150,174,205,509,293,24,177,310,193,137,185,69,206,145,172,404,499,884,171,282,74,304,303,47,152,334,209,68,224,121,276,287,95,315,116,227
521,450,190,80,489,106,525,171,189,232,448,545,843,317,274,286,363,884,558,65,294,539,320,206,340,140,362,231,265,628,777,1437,267,477,123,576,469,84,260,553,346,112,379,199,410,474,315,267,191,369
179,155,76,26,178,34,186,66,62,76,145,218,339,114,104,120,133,318,177,19,108,195,113,60,122,44,121,107,100,248,277,473,103,198,34,207,199,30,105,199,121,46,147,76,156,182,116,191,33,132
399,287,126,61,388,80,340,106,108,140,281,384,611,210,209,213,257,623,352,40,217,364,217,129,207,72,207,151,165,430,503,920,184,316,68,311,326,67,175,343,207,73,285,113,286,298,227,369,132,123
