249,418,219,104,453,120,470,180,168,242,429,528,887,384,327,349,364,884,493,85,350,524,346,195,383,142,375,294,310,621,742,1260,256,511,103,517,512,98,275,482,330,105,385,182,409,414,351,540,175,361
418,170,168,93,424,111,440,127,136,185,398,522,779,303,232,247,327,793,414,68,228,448,252,171,265,94,285,198,215,537,646,1225,246,428,125,459,419,71,216,466,299,64,342,178,386,394,261,458,184,308
219,168,44,26,204,50,207,70,80,82,161,216,333,121,93,84,161,367,199,24,113,226,110,64,115,47,140,98,106,261,323,543,101,206,56,214,186,37,104,213,127,42,162,72,158,180,122,212,83,125
104,93,26,6,88,19,76,29,34,32,66,94,145,51,47,53,67,147,82,12,57,74,73,43,64,23,49,35,56,101,114,220,42,78,22,103,70,9,32,81,53,13,51,37,80,89,58,82,29,64
453,424,204,88,254,128,491,155,143,227,492,544,892,345,281,295,372,875,526,52,285,524,278,194,311,131,325,237,268,655,785,1447,283,475,113,543,486,92,221,565,344,105,374,197,386,468,320,514,196,361
120,111,50,19,128,10,93,31,38,37,107,127,194,74,63,70,86,202,114,16,78,115,87,45,74,25,78,52,66,138,167,271,61,108,30,136,85,13,60,116,75,22,88,48,99,107,70,101,41,87
470,440,207,76,491,93,237,140,170,196,402,524,887,302,259,290,366,865,505,52,268,484,276,186,317,117,321,223,246,640,750,1340,279,446,117,538,451,66,226,518,309,96,370,169,375,453,308,512,176,330
180,127,70,29,155,31,140,26,64,57,119,184,282,89,83,93,141,268,145,22,85,160,82,60,112,34,96,62,73,172,220,433,77,138,32,159,146,22,64,147,98,28,114,45,113,148,102,143,56,98
168,136,80,34,143,38,170,64,23,68,142,179,279,118,87,94,133,270,171,18,96,149,93,67,98,48,120,95,84,191,244,506,96,157,36,160,171,29,88,194,105,39,121,85,118,154,116,155,62,102
242,185,82,32,227,37,196,57,68,44,158,224,371,137,112,134,152,379,208,29,129,206,126,76,144,53,141,102,124,258,296,552,107,207,50,212,199,30,102,217,144,43,155,74,172,192,135,227,70,147
429,398,161,66,492,107,402,119,142,158,193,451,763,298,240,253,327,745,447,61,246,444,243,176,306,116,301,190,230,546,672,1106,235,428,108,463,391,86,235,433,278,102,312,186,362,414,284,470,141,311
528,522,216,94,544,127,524,184,179,224,451,284,1042,326,289,306,392,1084,564,66,304,557,334,200,382,151,391,273,282,708,838,1628,320,548,125,581,497,103,312,617,366,119,434,206,452,544,368,579,216,437
887,779,333,145,892,194,887,282,279,371,763,1042,796,557,490,539,687,1503,990,106,531,964,530,343,579,227,602,444,453,1133,1376,2483,443,876,203,997,905,189,523,975,587,187,674,340,727,821,550,953,326,612
384,303,121,51,345,74,302,89,118,137,298,326,557,100,161,176,208,551,333,48,164,355,200,143,222,84,229,129,162,410,482,891,178,298,84,350,290,57,152,354,214,69,252,113,255,320,186,332,117,248
327,232,93,47,281,63,259,83,87,112,240,289,490,161,68,132,197,460,266,30,148,279,151,93,179,76,206,132,116,325,420,731,141,239,65,281,249,43,132,254,150,50,212,83,210,238,141,279,117,193
349,247,84,53,295,70,290,93,94,134,253,306,539,176,132,80,218,525,261,39,136,285,170,106,197,70,195,119,122,340,443,818,188,274,48,304,278,46,149,276,158,52,219,89,244,302,167,309,123,202
364,327,161,67,372,86,366,141,133,152,327,392,687,208,197,218,130,704,366,49,211,391,205,123,246,87,264,175,197,451,565,1079,204,370,84,358,328,51,203,406,272,79,263,130,301,355,223,355,142,227
884,793,367,147,875,202,865,268,270,379,745,1084,1503,551,460,525,704,858,900,124,528,938,489,360,586,224,640,414,471,1133,1399,2544,450,873,212,1004,860,159,477,930,593,166,680,347,704,831,551,975,316,611
493,414,199,82,526,114,505,145,171,208,447,564,990,333,266,261,366,900,264,64,285,496,264,230,348,118,320,226,262,624,785,1489,287,463,121,507,481,96,268,551,317,100,396,171,430,493,327,547,189,333
85,68,24,12,52,16,52,22,18,29,61,66,106,48,30,39,49,124,64,5,36,72,32,24,37,13,38,29,27,69,96,180,38,65,21,70,56,7,28,69,33,10,47,26,59,55,42,66,28,47
350,228,113,57,285,78,268,85,96,129,246,304,531,164,148,136,211,528,285,36,92,282,176,114,181,68,159,137,136,376,437,776,154,284,61,298,259,47,158,298,185,47,193,80,202,244,174,271,113,181
524,448,226,74,524,115,484,160,149,206,444,557,964,355,279,285,391,938,496,72,282,251,324,220,346,136,346,216,256,644,761,1457,277,447,125,570,486,87,266,543,362,108,394,192,418,458,350,501,192,363
346,252,110,73,278,87,276,82,93,126,243,334,530,200,151,170,205,489,264,32,176,324,85,109,171,75,217,145,146,315,432,839,162,281,81,312,338,53,159,309,184,53,212,121,239,271,176,278,125,187
195,171,64,43,194,45,186,60,67,76,176,200,343,143,93,106,123,360,230,24,114,220,109,42,127,44,128,90,106,242,281,554,122,205,55,217,192,36,90,220,142,42,158,72,186,195,117,216,73,141
383,265,115,64,311,74,317,112,98,144,306,382,579,222,179,197,246,586,348,37,181,346,171,127,110,76,206,154,169,375,506,942,168,333,80,326,349,55,175,351,209,58,255,123,230,326,198,320,125,221
142,94,47,23,131,25,117,34,48,53,116,151,227,84,76,70,87,224,118,13,68,136,75,44,76,22,89,51,58,174,175,349,72,140,39,118,124,15,55,138,100,31,99,47,84,119,83,116,62,107
375,285,140,49,325,78,321,96,120,141,301,391,602,229,206,195,264,640,320,38,159,346,217,128,206,89,120,138,157,468,512,938,189,327,109,369,344,48,173,392,230,46,253,131,267,354,206,348,156,258
294,198,98,35,237,52,223,62,95,102,190,273,444,129,132,119,175,414,226,29,137,216,145,90,154,51,138,45,105,299,368,666,154,208,56,239,212,32,120,232,147,59,181,83,173,212,139,248,104,148
310,215,106,56,268,66,246,73,84,124,230,282,453,162,116,122,197,471,262,27,136,256,146,106,169,58,157,105,67,312,395,657,142,255,65,272,253,43,124,261,158,45,208,114,203,230,157,246,95,180
621,537,261,101,655,138,640,172,191,258,546,708,1133,410,325,340,451,1133,624,69,376,644,315,242,375,174,468,299,312,421,982,1844,348,621,149,688,587,91,317,732,442,128,517,256,476,603,400,666,240,440
742,646,323,114,785,167,750,220,244,296,672,838,1376,482,420,443,565,1399,785,96,437,761,432,281,506,175,512,368,395,982,617,2261,444,700,176,820,715,128,387,814,528,155,592,312,605,722,492,802,267,463
1260,1225,543,220,1447,271,1340,433,506,552,1106,1628,2483,891,731,818,1079,2544,1489,180,776,1457,839,554,942,349,938,666,657,1844,2261,2009,741,1339,317,1538,1310,266,774,1517,944,298,1054,563,1148,1357,914,1493,520,932
256,246,101,42,283,61,279,77,96,107,235,320,443,178,141,188,204,450,287,38,154,277,162,122,168,72,189,154,142,348,444,741,60,235,56,294,268,52,145,297,167,44,199,130,217,263,166,277,99,184
511,428,206,78,475,108,446,138,157,207,428,548,876,298,239,274,370,873,463,65,284,447,281,205,333,140,327,208,255,621,700,1339,235,189,96,501,427,79,205,498,306,88,372,176,378,422,297,493,164,333
103,125,56,22,113,30,117,32,36,50,108,125,203,84,65,48,84,212,121,21,61,125,81,55,80,39,109,56,65,149,176,317,56,96,15,128,112,24,57,137,74,24,95,37,87,102,85,125,49,84
517,459,214,103,543,136,538,159,160,212,463,581,997,350,281,304,358,1004,507,70,298,570,312,217,326,118,369,239,272,688,820,1538,294,501,128,272,505,93,276,574,359,115,410,212,429,539,351,566,233,325
512,419,186,70,486,85,451,146,171,199,391,497,905,290,249,278,328,860,481,56,259,486,338,192,349,124,344,212,253,587,715,1310,268,427,112,505,206,66,229,488,301,99,354,191,388,425,311,465,182,331
98,71,37,9,92,13,66,22,29,30,86,103,189,57,43,46,51,159,96,7,47,87,53,36,55,15,48,32,43,91,128,266,52,79,24,93,66,9,34,96,63,17,57,35,57,76,61,89,43,57
275,216,104,32,221,60,226,64,88,102,235,312,523,152,132,149,203,477,268,28,158,266,159,90,175,55,173,120,124,317,387,774,145,205,57,276,229,34,62,250,158,62,200,96,205,266,149,243,98,178
482,466,213,81,565,116,518,147,194,217,433,617,975,354,254,276,406,930,551,69,298,543,309,220,351,138,392,232,261,732,814,1517,297,498,137,574,488,96,250,306,358,121,399,198,444,534,354,561,186,368
330,299,127,53,344,75,309,98,105,144,278,366,587,214,150,158,272,593,317,33,185,362,184,142,209,100,230,147,158,442,528,944,167,306,74,359,301,63,158,358,107,56,239,126,249,332,207,351,98,197
105,64,42,13,105,22,96,28,39,43,102,119,187,69,50,52,79,166,100,10,47,108,53,42,58,31,46,59,45,128,155,298,44,88,24,115,99,17,62,121,56,8,78,30,88,99,59,97,40,60
385,342,162,51,374,88,370,114,121,155,312,434,674,252,212,219,263,680,396,47,193,394,212,158,255,99,253,181,208,517,592,1054,199,372,95,410,354,57,200,399,239,78,142,157,325,356,227,395,149,272
182,178,72,37,197,48,169,45,85,74,186,206,340,113,83,89,130,347,171,26,80,192,121,72,123,47,131,83,114,256,312,563,130,176,37,212,191,35,96,198,126,30,157,46,167,205,127,199,76,124
409,386,158,80,386,99,375,113,118,172,362,452,727,255,210,244,301,704,430,59,202,418,239,186,230,84,267,173,203,476,605,1148,217,378,87,429,388,57,205,444,249,88,325,167,152,382,257,423,120,314
414,394,180,89,468,107,453,148,154,192,414,544,821,320,238,302,355,831,493,55,244,458,271,195,326,119,354,212,230,603,722,1357,263,422,102,539,425,76,266,534,332,99,356,205,382,213,320,502,151,355
351,261,122,58,320,70,308,102,116,135,284,368,550,186,141,167,223,551,327,42,174,350,176,117,198,83,206,139,157,400,492,914,166,297,85,351,311,61,149,354,207,59,227,127,257,320,92,327,122,220
540,458,212,82,514,101,512,143,155,227,470,579,953,332,279,309,355,975,547,66,271,501,278,216,320,116,348,248,246,666,802,1493,277,493,125,566,465,89,243,561,351,97,395,199,423,502,327,276,175,378
175,184,83,29,196,41,176,56,62,70,141,216,326,117,117,123,142,316,189,28,113,192,125,73,125,62,156,104,95,240,267,520,99,164,49,233,182,43,98,186,98,40,149,76,120,151,122,175,38,113
361,308,125,64,361,87,330,98,102,147,311,437,612,248,193,202,227,611,333,47,181,363,187,141,221,107,258,148,180,440,463,932,184,333,84,325,331,57,178,368,197,60,272,124,314,355,220,378,113,111
