282,442,208,104,486,119,450,168,171,254,468,506,784,363,275,327,372,805,503,89,345,463,329,188,364,137,378,305,299,587,672,1104,230,455,91,518,471,83,227,479,330,121,360,166,416,424,333,464,169,389
442,188,172,81,455,95,451,116,150,182,366,472,748,274,211,232,317,752,461,63,219,466,248,190,306,113,291,204,251,522,647,1184,210,405,105,503,409,76,224,477,255,86,312,156,344,405,269,439,162,282
208,172,26,37,216,48,205,54,64,69,153,239,363,133,90,107,119,359,213,30,98,244,120,79,137,46,145,97,106,261,315,541,119,187,51,218,193,38,104,208,139,39,144,71,187,195,123,221,85,124
104,81,37,8,80,12,75,27,33,36,65,80,138,54,45,62,74,161,81,8,61,71,50,37,64,25,63,37,46,101,125,216,35,74,21,88,88,17,44,64,47,18,56,29,84,72,56,90,39,60
486,455,216,80,247,113,514,171,159,218,446,513,913,344,282,277,374,893,508,65,312,516,290,214,337,133,355,253,285,606,742,1455,268,467,112,531,447,84,276,537,331,105,420,207,452,479,330,513,175,343
119,95,48,12,113,10,88,29,34,35,82,119,167,74,67,71,101,199,116,12,76,98,71,45,92,35,70,73,68,132,159,288,61,104,26,130,103,14,53,87,74,25,82,39,100,86,67,102,37,76
450,451,205,75,514,88,229,150,150,175,405,518,874,330,264,296,354,895,472,57,296,490,294,192,325,113,343,231,245,620,722,1313,243,401,104,508,449,89,247,515,315,97,377,186,429,456,296,526,172,332
168,116,54,27,171,29,150,19,38,73,146,170,262,84,76,76,115,283,178,11,78,141,110,63,95,40,103,69,80,187,251,411,97,129,34,146,124,19,59,161,87,18,133,64,108,134,108,171,64,116
171,150,64,33,159,34,150,38,38,68,130,195,289,110,83,80,118,301,172,16,106,171,109,64,96,39,101,78,109,200,236,462,89,161,36,163,146,23,80,194,121,30,130,79,136,138,97,188,64,104
254,182,69,36,218,35,175,73,68,41,160,216,325,121,103,121,140,360,206,25,119,207,132,78,124,49,149,101,108,235,300,515,103,208,44,222,185,45,100,225,122,47,170,73,165,191,133,213,74,160
468,366,153,65,446,82,405,146,130,160,189,470,736,278,225,234,319,697,426,52,227,409,277,159,284,108,284,196,233,476,620,1145,231,407,97,450,382,83,233,452,278,97,346,164,364,360,265,463,143,320
506,472,239,80,513,119,518,170,195,216,470,299,1013,356,308,309,392,990,555,60,312,596,312,229,356,148,356,260,278,674,821,1526,294,515,142,568,516,96,271,566,351,91,400,205,487,470,381,597,216,350
784,748,363,138,913,167,874,262,289,325,736,1013,759,598,472,514,652,1413,930,113,556,945,519,365,608,227,634,387,481,1113,1353,2334,465,841,195,987,831,146,450,947,601,216,662,295,802,783,594,898,335,605
363,274,133,54,344,74,330,84,110,121,278,356,598,102,174,167,253,581,330,35,182,323,193,140,219,89,222,151,169,425,491,917,174,308,71,325,301,57,157,362,206,60,246,121,285,299,209,349,135,230
275,211,90,45,282,67,264,76,83,103,225,308,472,174,63,129,213,461,291,35,143,298,167,114,171,58,194,108,134,316,410,716,149,245,46,283,246,43,146,278,162,58,198,91,202,265,167,282,96,150
327,232,107,62,277,71,296,76,80,121,234,309,514,167,129,74,211,518,296,28,150,301,181,106,176,64,182,121,140,336,458,838,158,265,63,302,284,52,136,318,167,52,245,103,234,284,166,302,121,197
372,317,119,74,374,101,354,115,118,140,319,392,652,253,213,211,127,651,384,46,206,340,207,150,243,88,218,152,179,452,557,1012,211,309,74,368,322,63,174,390,259,69,284,136,295,353,243,380,149,261
805,752,359,161,893,199,895,283,301,360,697,990,1413,581,461,518,651,717,895,107,495,931,544,382,623,219,628,417,473,1032,1368,2338,483,852,182,932,835,156,436,932,608,205,666,296,769,821,532,931,312,581
503,461,213,81,508,116,472,178,172,206,426,555,930,330,291,296,384,895,277,63,233,455,316,185,328,118,315,234,238,643,750,1425,279,473,112,537,482,72,250,577,345,108,378,199,387,423,314,498,181,341
89,63,30,8,65,12,57,11,16,25,52,60,113,35,35,28,46,107,63,5,24,72,35,25,39,16,49,25,30,78,91,193,34,53,10,74,79,17,37,63,49,14,45,20,61,73,39,55,27,50
345,219,98,61,312,76,296,78,106,119,227,312,556,182,143,150,206,495,233,24,62,279,166,110,193,66,162,126,142,322,439,825,152,275,62,300,280,33,138,255,192,55,224,82,236,255,158,282,99,209
463,466,244,71,516,98,490,141,171,207,409,596,945,323,298,301,340,931,455,72,279,260,344,205,373,130,331,259,254,629,710,1450,285,454,113,534,477,80,238,571,353,103,371,183,417,460,317,529,209,332
329,248,120,50,290,71,294,110,109,132,277,312,519,193,167,181,207,544,316,35,166,344,88,133,197,71,175,136,159,363,460,842,186,283,70,321,278,49,164,324,188,56,233,91,262,292,215,308,116,214
188,190,79,37,214,45,192,63,64,78,159,229,365,140,114,106,150,382,185,25,110,205,133,35,139,36,106,93,96,249,280,539,109,175,54,230,194,41,124,197,125,35,171,76,177,209,149,205,88,117
364,306,137,64,337,92,325,95,96,124,284,356,608,219,171,176,243,623,328,39,193,373,197,139,112,83,222,174,169,371,504,884,183,315,64,379,322,51,174,345,212,67,267,99,244,303,198,358,116,197
137,113,46,25,133,35,113,40,39,49,108,148,227,89,58,64,88,219,118,16,66,130,71,36,83,21,82,51,55,164,183,326,69,90,33,124,108,12,57,118,57,25,106,50,104,129,67,139,51,93
378,291,145,63,355,70,343,103,101,149,284,356,634,222,194,182,218,628,315,49,162,331,175,106,222,82,113,153,152,393,483,973,192,296,75,318,308,50,155,354,211,70,255,132,287,308,212,338,121,266
305,204,97,37,253,73,231,69,78,101,196,260,387,151,108,121,152,417,234,25,126,259,136,93,174,51,153,51,114,315,367,666,130,225,39,234,214,30,120,258,143,51,192,82,190,191,164,217,80,168
299,251,106,46,285,68,245,80,109,108,233,278,481,169,134,140,179,473,238,30,142,254,159,96,169,55,152,114,69,309,397,736,152,237,63,277,252,51,142,278,177,34,211,79,210,239,144,289,96,180
587,522,261,101,606,132,620,187,200,235,476,674,1113,425,316,336,452,1032,643,78,322,629,363,249,371,164,393,315,309,409,960,1670,347,601,135,653,570,98,300,686,441,137,494,216,503,598,366,634,239,410
672,647,315,125,742,159,722,251,236,300,620,821,1353,491,410,458,557,1368,750,91,439,710,460,280,504,183,483,367,397,960,568,2059,423,698,163,808,684,124,387,767,487,161,576,286,623,652,506,803,299,469
1104,1184,541,216,1455,288,1313,411,462,515,1145,1526,2334,917,716,838,1012,2338,1425,193,825,1450,842,539,884,326,973,666,736,1670,2059,1893,721,1319,313,1518,1286,257,695,1407,848,299,1016,496,1155,1246,886,1361,483,870
230,210,119,35,268,61,243,97,89,103,231,294,465,174,149,158,211,483,279,34,152,285,186,109,183,69,192,130,152,347,423,721,71,253,59,314,248,48,173,280,173,63,200,104,222,257,188,261,96,169
455,405,187,74,467,104,401,129,161,208,407,515,841,308,245,265,309,852,473,53,275,454,283,175,315,90,296,225,237,601,698,1319,253,196,92,494,414,84,234,503,274,95,374,174,362,394,318,496,159,339
91,105,51,21,112,26,104,34,36,44,97,142,195,71,46,63,74,182,112,10,62,113,70,54,64,33,75,39,63,135,163,313,59,92,11,118,85,20,56,121,71,26,98,44,68,92,63,127,32,67
518,503,218,88,531,130,508,146,163,222,450,568,987,325,283,302,368,932,537,74,300,534,321,230,379,124,318,234,277,653,808,1518,314,494,118,259,504,89,257,585,359,112,425,195,417,487,316,590,197,366
471,409,193,88,447,103,449,124,146,185,382,516,831,301,246,284,322,835,482,79,280,477,278,194,322,108,308,214,252,570,684,1286,248,414,85,504,214,82,224,476,283,97,359,180,395,419,288,493,163,296
83,76,38,17,84,14,89,19,23,45,83,96,146,57,43,52,63,156,72,17,33,80,49,41,51,12,50,30,51,98,124,257,48,84,20,89,82,7,52,96,64,11,51,38,64,92,52,76,38,46
227,224,104,44,276,53,247,59,80,100,233,271,450,157,146,136,174,436,250,37,138,238,164,124,174,57,155,120,142,300,387,695,173,234,56,257,224,52,58,302,168,41,176,103,207,235,171,250,97,176
479,477,208,64,537,87,515,161,194,225,452,566,947,362,278,318,390,932,577,63,255,571,324,197,345,118,354,258,278,686,767,1407,280,503,121,585,476,96,302,275,377,131,424,202,439,507,323,534,203,336
330,255,139,47,331,74,315,87,121,122,278,351,601,206,162,167,259,608,345,49,192,353,188,125,212,57,211,143,177,441,487,848,173,274,71,359,283,64,168,377,105,71,252,117,255,298,211,304,119,220
121,86,39,18,105,25,97,18,30,47,97,91,216,60,58,52,69,205,108,14,55,103,56,35,67,25,70,51,34,137,161,299,63,95,26,112,97,11,41,131,71,12,79,31,82,99,63,109,37,69
360,312,144,56,420,82,377,133,130,170,346,400,662,246,198,245,284,666,378,45,224,371,233,171,267,106,255,192,211,494,576,1016,200,374,98,425,359,51,176,424,252,79,147,138,320,346,240,396,161,277
166,156,71,29,207,39,186,64,79,73,164,205,295,121,91,103,136,296,199,20,82,183,91,76,99,50,132,82,79,216,286,496,104,174,44,195,180,38,103,202,117,31,138,36,136,176,102,169,64,118
416,344,187,84,452,100,429,108,136,165,364,487,802,285,202,234,295,769,387,61,236,417,262,177,244,104,287,190,210,503,623,1155,222,362,68,417,395,64,207,439,255,82,320,136,184,367,253,422,147,266
424,405,195,72,479,86,456,134,138,191,360,470,783,299,265,284,353,821,423,73,255,460,292,209,303,129,308,191,239,598,652,1246,257,394,92,487,419,92,235,507,298,99,346,176,367,226,294,479,154,308
333,269,123,56,330,67,296,108,97,133,265,381,594,209,167,166,243,532,314,39,158,317,215,149,198,67,212,164,144,366,506,886,188,318,63,316,288,52,171,323,211,63,240,102,253,294,104,296,127,207
464,439,221,90,513,102,526,171,188,213,463,597,898,349,282,302,380,931,498,55,282,529,308,205,358,139,338,217,289,634,803,1361,261,496,127,590,493,76,250,534,304,109,396,169,422,479,296,265,209,340
169,162,85,39,175,37,172,64,64,74,143,216,335,135,96,121,149,312,181,27,99,209,116,88,116,51,121,80,96,239,299,483,96,159,32,197,163,38,97,203,119,37,161,64,147,154,127,209,35,125
389,282,124,60,343,76,332,116,104,160,320,350,605,230,150,197,261,581,341,50,209,332,214,117,197,93,266,168,180,410,469,870,169,339,67,366,296,46,176,336,220,69,277,118,266,308,207,340,125,121
