275,461,229,90,502,95,483,182,182,240,451,574,865,408,297,331,374,813,539,81,316,545,368,221,337,147,369,283,282,651,733,1223,228,520,102,556,506,104,257,478,351,119,367,187,422,426,354,497,174,403
461,179,170,73,467,102,415,138,158,174,370,470,778,270,255,255,337,823,454,39,220,464,245,181,294,113,277,196,199,560,672,1267,236,396,124,481,410,78,216,451,293,87,351,167,373,414,273,444,184,287
229,170,38,35,191,41,210,62,66,96,181,200,344,129,103,107,150,371,207,20,95,213,134,88,146,52,120,87,98,234,328,572,107,194,51,194,213,20,99,221,128,41,161,78,176,208,122,214,88,150
90,73,35,9,109,22,77,27,17,34,82,90,149,64,51,63,65,137,94,11,65,74,51,31,65,25,67,40,50,106,124,202,40,86,16,107,73,16,52,97,63,18,67,39,78,72,62,83,28,49
502,467,191,109,265,103,483,157,145,189,396,584,940,332,282,296,366,940,518,67,293,565,311,214,373,151,369,228,276,671,786,1460,281,488,133,556,478,98,260,556,331,101,361,221,464,498,347,546,194,312
95,102,41,22,103,12,93,33,35,41,93,99,200,66,54,74,88,225,133,11,71,99,62,41,94,38,99,67,62,163,169,314,55,98,22,124,108,25,63,119,72,31,96,40,101,96,79,117,47,62
483,415,210,77,483,93,234,135,150,186,411,537,856,295,287,297,366,863,514,51,264,492,271,188,311,128,330,224,234,609,738,1364,259,445,118,568,468,90,242,518,330,98,373,171,377,444,313,486,214,317
182,138,62,27,157,33,135,16,38,64,125,156,283,99,78,90,90,262,160,31,85,163,80,53,101,39,118,86,81,165,232,423,72,115,34,160,151,18,65,163,97,31,125,51,130,144,82,157,49,111
182,158,66,17,145,35,150,38,20,71,136,190,322,99,83,93,123,299,153,19,104,176,101,61,98,45,97,81,81,214,264,485,100,149,29,152,148,32,76,205,120,31,120,60,136,166,90,166,57,124
240,174,96,34,189,41,186,64,71,58,177,215,321,116,110,126,140,360,192,32,143,213,124,77,126,57,134,107,108,245,285,525,95,181,47,195,199,37,107,220,134,42,184,91,169,171,142,196,76,130
451,370,181,82,396,93,411,125,136,177,152,477,796,298,225,263,305,791,428,51,260,431,265,171,266,143,303,212,242,569,629,1157,228,387,116,439,420,84,202,466,305,92,313,158,356,408,299,427,157,279
574,470,200,90,584,99,537,156,190,215,477,324,1113,330,290,320,433,1089,607,78,297,581,327,214,347,112,367,266,268,708,859,1608,318,544,135,626,535,92,306,612,383,126,422,244,436,522,335,572,218,356
865,778,344,149,940,200,856,283,322,321,796,1113,803,546,458,509,691,1483,951,117,476,945,543,355,598,230,654,444,453,1172,1462,2548,520,845,204,1006,790,153,479,968,571,184,667,359,722,876,573,947,324,585
408,270,129,64,332,66,295,99,99,116,298,330,546,128,186,190,254,581,301,46,172,317,167,132,223,100,229,136,168,390,451,890,163,296,83,344,317,47,170,328,195,71,231,132,259,312,200,327,124,242
297,255,103,51,282,54,287,78,83,110,225,290,458,186,73,135,183,464,269,45,137,290,134,107,164,61,150,116,145,335,390,725,139,260,68,263,278,39,126,260,144,55,210,94,217,232,161,281,106,182
331,255,107,63,296,74,297,90,93,126,263,320,509,190,135,80,206,503,287,34,148,302,149,125,188,69,176,114,159,323,420,805,169,290,64,292,304,40,129,305,170,60,224,108,241,234,169,314,115,205
374,337,150,65,366,88,366,90,123,140,305,433,691,254,183,206,133,656,357,46,195,372,199,140,218,102,260,155,186,454,575,1021,191,346,87,383,320,64,182,354,236,83,283,118,285,331,208,427,147,254
813,823,371,137,940,225,863,262,299,360,791,1089,1483,581,464,503,656,832,927,130,494,901,501,345,616,238,649,414,462,1088,1381,2578,517,844,207,991,810,143,485,979,585,178,640,337,735,862,578,962,347,618
539,454,207,94,518,133,514,160,153,192,428,607,951,301,269,287,357,927,257,70,261,483,290,191,314,137,336,247,220,624,788,1419,294,495,122,570,478,97,274,519,341,113,396,181,386,472,284,539,198,336
81,39,20,11,67,11,51,31,19,32,51,78,117,46,45,34,46,130,70,3,29,73,38,29,40,22,36,37,31,66,97,173,37,62,21,61,66,13,33,69,35,10,55,26,50,45,54,65,34,42
316,220,95,65,293,71,264,85,104,143,260,297,476,172,137,148,195,494,261,29,83,266,169,102,178,66,168,124,147,327,402,767,128,279,51,278,270,51,146,300,174,51,232,96,204,268,159,311,99,184
545,464,213,74,565,99,492,163,176,213,431,581,945,317,290,302,372,901,483,73,266,277,295,198,336,155,356,254,241,613,770,1454,281,492,125,579,489,94,274,542,327,106,374,194,400,475,353,535,215,352
368,245,134,51,311,62,271,80,101,124,265,327,543,167,134,149,199,501,290,38,169,295,76,117,186,72,174,150,160,354,472,817,159,299,59,311,265,47,152,298,167,63,219,107,224,261,197,310,118,204
221,181,88,31,214,41,188,53,61,77,171,214,355,132,107,125,140,345,191,29,102,198,117,35,141,52,137,98,120,253,304,581,98,200,60,231,197,30,89,201,123,43,160,79,157,201,126,215,90,142
337,294,146,65,373,94,311,101,98,126,266,347,598,223,164,188,218,616,314,40,178,336,186,141,101,86,217,154,145,430,509,931,162,312,65,319,329,55,149,359,205,65,268,135,232,312,180,331,109,200
147,113,52,25,151,38,128,39,45,57,143,112,230,100,61,69,102,238,137,22,66,155,72,52,86,14,85,54,61,155,208,355,70,120,32,120,109,20,63,135,88,27,106,44,108,126,73,143,50,91
369,277,120,67,369,99,330,118,97,134,303,367,654,229,150,176,260,649,336,36,168,356,174,137,217,85,110,162,172,429,459,953,191,309,94,338,331,54,160,359,225,66,265,126,254,287,201,351,116,222
283,196,87,40,228,67,224,86,81,107,212,266,444,136,116,114,155,414,247,37,124,254,150,98,154,54,162,57,116,293,357,635,137,231,56,243,235,34,126,244,125,40,198,100,194,225,136,243,93,173
282,199,98,50,276,62,234,81,81,108,242,268,453,168,145,159,186,462,220,31,147,241,160,120,145,61,172,116,66,316,398,686,137,236,57,253,230,35,123,266,159,49,193,88,196,250,162,259,83,144
651,560,234,106,671,163,609,165,214,245,569,708,1172,390,335,323,454,1088,624,66,327,613,354,253,430,155,429,293,316,400,978,1774,355,575,129,648,571,87,297,685,423,110,494,254,490,585,455,671,239,430
733,672,328,124,786,169,738,232,264,285,629,859,1462,451,390,420,575,1381,788,97,402,770,472,304,509,208,459,357,398,978,617,2115,426,737,177,804,737,139,384,805,505,142,555,286,601,723,501,811,282,506
1223,1267,572,202,1460,314,1364,423,485,525,1157,1608,2548,890,725,805,1021,2578,1419,173,767,1454,817,581,931,355,953,635,686,1774,2115,1996,687,1330,343,1538,1366,258,718,1600,915,298,1098,545,1149,1409,889,1435,544,904
228,236,107,40,281,55,259,72,100,95,228,318,520,163,139,169,191,517,294,37,128,281,159,98,162,70,191,137,137,355,426,687,80,265,63,275,236,49,147,318,181,61,225,99,221,267,171,302,99,164
520,396,194,86,488,98,445,115,149,181,387,544,845,296,260,290,346,844,495,62,279,492,299,200,312,120,309,231,236,575,737,1330,265,237,99,530,479,84,226,526,301,90,359,167,395,444,311,496,180,316
102,124,51,16,133,22,118,34,29,47,116,135,204,83,68,64,87,207,122,21,51,125,59,60,65,32,94,56,57,129,177,343,63,99,12,113,105,20,63,112,80,26,97,31,104,104,74,115,34,74
556,481,194,107,556,124,568,160,152,195,439,626,1006,344,263,292,383,991,570,61,278,579,311,231,319,120,338,243,253,648,804,1538,275,530,113,258,514,100,257,608,346,112,425,197,416,505,323,572,197,347
506,410,213,73,478,108,468,151,148,199,420,535,790,317,278,304,320,810,478,66,270,489,265,197,329,109,331,235,230,571,737,1366,236,479,105,514,226,89,239,539,294,105,349,205,400,438,311,478,161,353
104,78,20,16,98,25,90,18,32,37,84,92,153,47,39,40,64,143,97,13,51,94,47,30,55,20,54,34,35,87,139,258,49,84,20,100,89,4,46,98,45,17,77,28,64,84,61,94,33,65
257,216,99,52,260,63,242,65,76,107,202,306,479,170,126,129,182,485,274,33,146,274,152,89,149,63,160,126,123,297,384,718,147,226,63,257,239,46,70,262,167,56,178,87,188,266,150,271,92,169
478,451,221,97,556,119,518,163,205,220,466,612,968,328,260,305,354,979,519,69,300,542,298,201,359,135,359,244,266,685,805,1600,318,526,112,608,539,98,262,276,352,104,415,206,444,519,321,565,199,357
351,293,128,63,331,72,330,97,120,134,305,383,571,195,144,170,236,585,341,35,174,327,167,123,205,88,225,125,159,423,505,915,181,301,80,346,294,45,167,352,119,57,236,131,249,328,189,348,113,227
119,87,41,18,101,31,98,31,31,42,92,126,184,71,55,60,83,178,113,10,51,106,63,43,65,27,66,40,49,110,142,298,61,90,26,112,105,17,56,104,57,10,83,33,87,105,70,111,41,63
367,351,161,67,361,96,373,125,120,184,313,422,667,231,210,224,283,640,396,55,232,374,219,160,268,106,265,198,193,494,555,1098,225,359,97,425,349,77,178,415,236,83,142,159,310,320,232,391,136,276
187,167,78,39,221,40,171,51,60,91,158,244,359,132,94,108,118,337,181,26,96,194,107,79,135,44,126,100,88,254,286,545,99,167,31,197,205,28,87,206,131,33,159,33,150,171,121,201,60,131
422,373,176,78,464,101,377,130,136,169,356,436,722,259,217,241,285,735,386,50,204,400,224,157,232,108,254,194,196,490,601,1149,221,395,104,416,400,64,188,444,249,87,310,150,158,381,284,399,161,284
426,414,208,72,498,96,444,144,166,171,408,522,876,312,232,234,331,862,472,45,268,475,261,201,312,126,287,225,250,585,723,1409,267,444,104,505,438,84,266,519,328,105,320,171,381,218,286,472,164,307
354,273,122,62,347,79,313,82,90,142,299,335,573,200,161,169,208,578,284,54,159,353,197,126,180,73,201,136,162,455,501,889,171,311,74,323,311,61,150,321,189,70,232,121,284,286,94,326,111,211
497,444,214,83,546,117,486,157,166,196,427,572,947,327,281,314,427,962,539,65,311,535,310,215,331,143,351,243,259,671,811,1435,302,496,115,572,478,94,271,565,348,111,391,201,399,472,326,259,186,342
174,184,88,28,194,47,214,49,57,76,157,218,324,124,106,115,147,347,198,34,99,215,118,90,109,50,116,93,83,239,282,544,99,180,34,197,161,33,92,199,113,41,136,60,161,164,111,186,30,123
403,287,150,49,312,62,317,111,124,130,279,356,585,242,182,205,254,618,336,42,184,352,204,142,200,91,222,173,144,430,506,904,164,316,74,347,353,65,169,357,227,63,276,131,284,307,211,342,123,100
