258,438,224,85,503,101,466,168,168,245,432,548,862,400,324,344,347,836,508,53,330,556,354,220,381,141,390,291,304,605,690,1206,246,496,112,480,508,65,264,465,293,106,374,162,475,396,336,518,178,375
438,195,159,63,412,84,416,147,143,179,413,441,789,265,213,230,288,782,445,61,230,444,262,173,285,123,277,206,211,541,681,1239,232,350,109,427,399,64,197,448,296,89,361,149,340,422,288,452,174,304
224,159,38,28,182,39,185,45,71,73,158,235,389,115,97,107,140,361,197,19,113,212,117,70,139,55,136,90,96,261,317,559,110,163,64,211,204,47,82,194,125,47,178,65,161,180,113,209,83,151
85,63,28,8,76,22,81,22,34,32,73,84,144,54,54,48,61,152,77,12,51,80,49,36,65,26,69,39,41,110,110,240,36,84,19,82,67,4,34,84,41,22,58,30,70,86,62,73,29,60
503,412,182,76,271,114,484,167,156,193,437,561,923,313,283,315,381,888,532,65,276,529,301,224,333,112,339,249,243,647,743,1427,275,476,104,578,451,80,248,520,326,132,401,189,384,442,328,521,182,320
101,84,39,22,114,8,95,29,36,41,95,130,211,82,72,70,73,196,112,18,67,117,79,47,76,33,81,50,49,146,190,316,65,119,24,98,92,11,47,118,68,25,72,35,95,116,83,103,51,70
466,416,185,81,484,95,195,137,151,176,395,526,883,289,259,282,307,849,464,72,279,470,278,192,333,107,322,233,207,622,702,1376,277,428,95,485,445,78,239,505,328,91,354,172,382,473,298,461,166,353
168,147,45,22,167,29,137,20,38,64,119,192,263,103,87,96,103,274,147,22,77,161,86,47,93,41,97,74,73,187,234,392,75,147,24,145,158,18,72,167,100,24,117,46,121,142,94,171,53,100
168,143,71,34,156,36,151,38,13,55,124,199,281,83,94,97,113,317,161,23,98,168,94,60,112,47,111,62,74,188,245,455,80,157,42,154,146,31,87,178,103,33,117,63,140,133,107,171,54,115
245,179,73,32,193,41,176,64,55,32,142,207,345,118,122,135,153,352,190,27,114,188,117,87,129,79,152,110,102,243,304,555,111,165,43,203,189,23,102,201,135,52,151,94,176,210,127,204,76,156
432,413,158,73,437,95,395,119,124,142,170,458,758,263,230,247,292,775,406,48,253,423,254,185,277,134,330,222,214,515,651,1171,208,370,108,425,399,78,204,440,257,94,337,147,367,428,250,412,141,293
548,441,235,84,561,130,526,192,199,207,458,294,1022,354,333,371,440,979,577,61,284,578,316,214,353,124,359,264,280,644,866,1590,301,505,133,654,543,78,303,579,359,113,428,223,440,529,338,601,214,315
862,789,389,144,923,211,883,263,281,345,758,1022,788,597,466,516,666,1452,941,117,533,961,526,354,595,217,617,410,468,1124,1387,2438,502,829,199,989,861,142,436,979,609,172,649,331,752,798,563,907,314,588
400,265,115,54,313,82,289,103,83,118,263,354,597,112,166,177,253,598,346,38,184,320,177,139,226,66,233,164,161,396,501,932,179,276,76,350,290,54,172,365,217,59,246,128,259,318,196,345,119,230
324,213,97,54,283,72,259,87,94,122,230,333,466,166,63,130,204,450,269,34,150,283,134,111,176,79,188,126,141,292,430,718,137,267,63,275,279,47,126,279,163,51,200,98,226,254,150,279,107,192
344,230,107,48,315,70,282,96,97,135,247,371,516,177,130,58,214,517,284,36,167,276,162,130,184,77,188,132,133,347,441,810,150,261,68,298,288,45,146,302,185,45,224,93,234,288,158,279,118,206
347,288,140,61,381,73,307,103,113,153,292,440,666,253,204,214,117,639,349,41,194,390,229,164,234,99,279,157,173,440,561,999,204,364,88,370,349,61,183,404,240,64,255,131,307,310,234,383,127,250
836,782,361,152,888,196,849,274,317,352,775,979,1452,598,450,517,639,796,967,125,509,939,558,356,625,246,657,432,478,1115,1362,2439,484,818,190,930,829,145,445,969,596,178,666,361,771,825,571,876,304,607
508,445,197,77,532,112,464,147,161,190,406,577,941,346,269,284,349,967,274,70,316,490,274,202,348,138,323,258,255,652,734,1496,270,500,127,552,460,75,245,556,339,113,400,193,430,473,302,505,167,349
53,61,19,12,65,18,72,22,23,27,48,61,117,38,34,36,41,125,70,4,30,74,41,28,31,14,44,30,30,72,106,191,34,68,10,68,56,10,23,60,51,12,44,16,41,64,36,63,21,38
330,230,113,51,276,67,279,77,98,114,253,284,533,184,150,167,194,509,316,30,86,314,163,112,194,70,190,141,150,337,413,809,153,267,61,275,293,45,141,300,177,60,215,116,236,262,175,293,109,171
556,444,212,80,529,117,470,161,168,188,423,578,961,320,283,276,390,939,490,74,314,272,298,208,396,112,372,275,234,654,716,1443,271,495,128,559,474,85,242,548,343,114,417,201,418,498,316,541,187,359
354,262,117,49,301,79,278,86,94,117,254,316,526,177,134,162,229,558,274,41,163,298,94,112,173,80,178,126,171,355,433,826,148,267,60,313,266,46,133,329,181,49,234,119,242,272,177,355,116,182
220,173,70,36,224,47,192,47,60,87,185,214,354,139,111,130,164,356,202,28,112,208,112,28,130,46,113,110,91,272,295,523,111,193,51,196,179,33,93,199,124,37,159,74,167,171,134,209,78,133
381,285,139,65,333,76,333,93,112,129,277,353,595,226,176,184,234,625,348,31,194,396,173,130,89,84,206,162,159,407,560,931,186,299,71,327,331,64,146,344,205,76,269,119,248,302,196,345,132,223
141,123,55,26,112,33,107,41,47,79,134,124,217,66,79,77,99,246,138,14,70,112,80,46,84,20,71,60,66,155,186,356,62,130,26,129,111,15,69,130,83,21,84,51,94,118,77,114,48,106
390,277,136,69,339,81,322,97,111,152,330,359,617,233,188,188,279,657,323,44,190,372,178,113,206,71,106,161,195,417,533,966,198,329,79,353,327,52,168,354,215,67,260,115,267,312,197,343,134,231
291,206,90,39,249,50,233,74,62,110,222,264,410,164,126,132,157,432,258,30,141,275,126,110,162,60,161,60,128,294,364,673,121,212,43,240,232,34,117,229,144,42,205,91,192,204,150,264,84,149
304,211,96,41,243,49,207,73,74,102,214,280,468,161,141,133,173,478,255,30,150,234,171,91,159,66,195,128,72,317,383,723,146,244,49,254,234,32,126,284,158,68,201,90,198,235,133,284,98,175
605,541,261,110,647,146,622,187,188,243,515,644,1124,396,292,347,440,1115,652,72,337,654,355,272,407,155,417,294,317,381,940,1835,343,606,113,687,589,91,310,718,446,155,496,236,494,567,366,659,222,394
690,681,317,110,743,190,702,234,245,304,651,866,1387,501,430,441,561,1362,734,106,413,716,433,295,560,186,533,364,383,940,571,2118,441,731,173,765,706,115,385,773,498,146,552,261,640,669,453,771,280,529
1206,1239,559,240,1427,316,1376,392,455,555,1171,1590,2438,932,718,810,999,2439,1496,191,809,1443,826,523,931,356,966,673,723,1835,2118,1922,714,1315,325,1509,1329,238,679,1474,938,282,1014,493,1110,1213,877,1421,509,926
246,232,110,36,275,65,277,75,80,111,208,301,502,179,137,150,204,484,270,34,153,271,148,111,186,62,198,121,146,343,441,714,71,236,61,309,252,65,127,278,201,58,205,98,202,243,165,258,100,161
496,350,163,84,476,119,428,147,157,165,370,505,829,276,267,261,364,818,500,68,267,495,267,193,299,130,329,212,244,606,731,1315,236,223,97,509,431,75,242,470,310,105,373,173,393,406,288,502,173,323
112,109,64,19,104,24,95,24,42,43,108,133,199,76,63,68,88,190,127,10,61,128,60,51,71,26,79,43,49,113,173,325,61,97,16,136,100,23,46,126,78,31,82,34,86,117,76,94,44,79
480,427,211,82,578,98,485,145,154,203,425,654,989,350,275,298,370,930,552,68,275,559,313,196,327,129,353,240,254,687,765,1509,309,509,136,257,506,90,281,529,347,100,390,186,429,440,325,579,195,350
508,399,204,67,451,92,445,158,146,189,399,543,861,290,279,288,349,829,460,56,293,474,266,179,331,111,327,232,234,589,706,1329,252,431,100,506,208,76,245,484,290,99,369,176,378,453,313,479,179,331
65,64,47,4,80,11,78,18,31,23,78,78,142,54,47,45,61,145,75,10,45,85,46,33,64,15,52,34,32,91,115,238,65,75,23,90,76,12,35,92,63,12,67,28,60,85,57,84,34,50
264,197,82,34,248,47,239,72,87,102,204,303,436,172,126,146,183,445,245,23,141,242,133,93,146,69,168,117,126,310,385,679,127,242,46,281,245,35,53,254,172,40,202,84,201,204,152,288,80,170
465,448,194,84,520,118,505,167,178,201,440,579,979,365,279,302,404,969,556,60,300,548,329,199,344,130,354,229,284,718,773,1474,278,470,126,529,484,92,254,311,371,114,383,186,404,480,353,526,187,371
293,296,125,41,326,68,328,100,103,135,257,359,609,217,163,185,240,596,339,51,177,343,181,124,205,83,215,144,158,446,498,938,201,310,78,347,290,63,172,371,117,63,258,122,232,285,224,339,115,212
106,89,47,22,132,25,91,24,33,52,94,113,172,59,51,45,64,178,113,12,60,114,49,37,76,21,67,42,68,155,146,282,58,105,31,100,99,12,40,114,63,9,88,44,95,94,60,107,29,75
374,361,178,58,401,72,354,117,117,151,337,428,649,246,200,224,255,666,400,44,215,417,234,159,269,84,260,205,201,496,552,1014,205,373,82,390,369,67,202,383,258,88,147,137,318,341,239,367,140,274
162,149,65,30,189,35,172,46,63,94,147,223,331,128,98,93,131,361,193,16,116,201,119,74,119,51,115,91,90,236,261,493,98,173,34,186,176,28,84,186,122,44,137,38,153,189,109,202,71,134
475,340,161,70,384,95,382,121,140,176,367,440,752,259,226,234,307,771,430,41,236,418,242,167,248,94,267,192,198,494,640,1110,202,393,86,429,378,60,201,404,232,95,318,153,175,370,246,430,163,270
396,422,180,86,442,116,473,142,133,210,428,529,798,318,254,288,310,825,473,64,262,498,272,171,302,118,312,204,235,567,669,1213,243,406,117,440,453,85,204,480,285,94,341,189,370,215,288,464,170,330
336,288,113,62,328,83,298,94,107,127,250,338,563,196,150,158,234,571,302,36,175,316,177,134,196,77,197,150,133,366,453,877,165,288,76,325,313,57,152,353,224,60,239,109,246,288,95,324,110,197
518,452,209,73,521,103,461,171,171,204,412,601,907,345,279,279,383,876,505,63,293,541,355,209,345,114,343,264,284,659,771,1421,258,502,94,579,479,84,288,526,339,107,367,202,430,464,324,247,195,374
178,174,83,29,182,51,166,53,54,76,141,214,314,119,107,118,127,304,167,21,109,187,116,78,132,48,134,84,98,222,280,509,100,173,44,195,179,34,80,187,115,29,140,71,163,170,110,195,32,120
375,304,151,60,320,70,353,100,115,156,293,315,588,230,192,206,250,607,349,38,171,359,182,133,223,106,231,149,175,394,529,926,161,323,79,350,331,50,170,371,212,75,274,134,270,330,197,374,120,125
