267,442,200,91,509,105,506,177,168,263,466,494,793,381,300,305,368,824,526,67,337,510,341,208,355,163,396,266,318,606,733,1149,251,470,108,532,478,90,248,483,309,102,382,190,442,424,335,522,168,373
442,179,190,56,439,117,410,127,133,174,364,515,779,276,272,288,323,770,409,42,225,457,248,189,271,86,261,191,259,547,669,1209,248,440,83,455,363,67,199,478,282,97,300,145,336,404,264,468,150,258
200,190,38,41,214,48,201,56,62,76,159,219,341,119,97,95,144,350,202,21,106,209,95,77,120,47,132,82,85,264,277,569,100,215,42,197,183,25,103,226,126,32,167,75,147,170,124,212,77,118
91,56,41,11,76,18,60,30,29,38,67,100,136,59,60,56,64,142,76,9,51,74,63,29,54,23,60,51,44,94,110,215,58,78,25,91,75,17,36,76,54,20,53,35,65,88,64,81,36,67
509,439,214,76,225,98,438,157,182,191,418,558,905,307,262,285,366,890,536,61,319,508,307,204,316,132,348,216,268,626,782,1412,268,485,112,565,452,87,228,525,332,115,380,220,400,501,312,514,170,370
105,117,48,18,98,6,105,28,33,45,85,137,178,82,69,68,72,191,100,14,65,110,83,47,72,32,73,62,66,146,159,288,61,96,26,121,104,18,49,120,67,23,62,45,104,92,75,109,40,88
506,410,201,60,438,105,246,143,166,187,401,538,834,317,277,298,358,840,501,64,301,497,290,185,331,130,336,247,252,604,720,1356,297,433,120,542,424,83,247,513,311,113,361,210,398,414,325,465,178,343
177,127,56,30,157,28,143,30,50,73,140,168,260,103,66,71,134,264,188,11,82,178,81,59,85,33,102,63,85,180,247,433,86,134,38,166,144,25,67,180,115,33,131,59,122,151,87,142,61,113
168,133,62,29,182,33,166,50,24,64,128,163,281,110,94,104,102,285,164,21,89,182,89,72,101,41,90,77,108,225,260,455,113,154,35,162,161,31,77,188,106,40,127,66,141,152,112,154,58,90
263,174,76,38,191,45,187,73,64,40,182,207,368,138,128,117,140,374,200,24,123,192,133,80,139,56,137,89,105,263,291,583,125,193,45,231,195,30,110,202,120,38,157,75,161,179,145,219,75,157
466,364,159,67,418,85,401,140,128,182,185,453,756,305,229,267,272,764,398,47,259,436,275,172,301,112,301,199,233,562,647,1178,236,378,84,416,386,72,214,439,277,91,329,166,374,382,281,428,138,264
494,515,219,100,558,137,538,168,163,207,453,341,1053,337,276,296,392,1031,608,63,305,572,348,234,401,119,373,266,257,668,868,1596,307,514,123,616,566,104,278,662,369,118,430,198,445,498,377,608,195,356
793,779,341,136,905,178,834,260,281,368,756,1053,820,623,454,507,650,1490,917,123,491,891,498,351,623,244,637,431,426,1164,1311,2391,453,861,229,962,805,130,445,930,579,204,665,335,680,848,553,923,347,618
381,276,119,59,307,82,317,103,110,138,305,337,623,96,174,166,232,587,322,34,201,317,196,118,219,87,234,153,143,411,495,907,185,292,75,347,295,54,162,349,186,75,277,141,263,299,177,383,117,221
300,272,97,60,262,69,277,66,94,128,229,276,454,174,75,142,183,488,232,33,150,271,145,128,191,64,179,107,141,304,394,740,138,264,55,275,243,45,141,298,208,44,198,97,239,227,156,276,97,184
305,288,95,56,285,68,298,71,104,117,267,296,507,166,142,72,199,494,270,40,166,296,151,125,187,82,207,115,135,323,448,816,171,282,49,287,257,40,150,327,204,58,235,107,234,274,165,284,106,179
368,323,144,64,366,72,358,134,102,140,272,392,650,232,183,199,135,668,373,46,181,358,212,147,245,100,248,176,206,438,546,987,195,343,76,374,335,68,189,447,221,92,253,149,306,300,239,350,134,252
824,770,350,142,890,191,840,264,285,374,764,1031,1490,587,488,494,668,800,914,92,491,898,517,344,638,255,639,402,452,1144,1375,2409,481,850,202,972,771,146,443,910,620,208,644,330,707,811,584,862,333,611
526,409,202,76,536,100,501,188,164,200,398,608,917,322,232,270,373,914,250,76,313,508,327,197,337,140,326,257,233,628,773,1406,293,483,125,541,460,83,271,572,341,138,386,207,426,434,324,529,204,336
67,42,21,9,61,14,64,11,21,24,47,63,123,34,33,40,46,92,76,5,32,73,32,23,42,20,37,30,30,65,108,163,41,53,11,41,54,8,24,62,55,13,41,24,46,63,42,64,24,38
337,225,106,51,319,65,301,82,89,123,259,305,491,201,150,166,181,491,313,32,66,290,152,114,160,76,180,106,112,334,395,767,158,254,56,278,292,39,137,335,191,53,203,99,236,266,184,279,107,192
510,457,209,74,508,110,497,178,182,192,436,572,891,317,271,296,358,898,508,73,290,261,319,210,350,142,352,254,265,642,815,1455,308,469,101,531,460,81,258,600,339,124,392,201,420,473,338,547,186,314
341,248,95,63,307,83,290,81,89,133,275,348,498,196,145,151,212,517,327,32,152,319,84,119,187,75,207,141,137,348,444,880,172,276,84,317,301,60,179,330,200,62,224,112,244,263,188,331,113,200
208,189,77,29,204,47,185,59,72,80,172,234,351,118,128,125,147,344,197,23,114,210,119,40,124,52,157,98,101,236,294,535,108,205,43,213,193,35,105,236,123,37,158,76,159,166,138,195,89,125
355,271,120,54,316,72,331,85,101,139,301,401,623,219,191,187,245,638,337,42,160,350,187,124,95,97,216,143,171,420,506,906,179,326,57,343,302,63,186,341,236,61,258,127,226,305,185,342,128,215
163,86,47,23,132,32,130,33,41,56,112,119,244,87,64,82,100,255,140,20,76,142,75,52,97,16,80,55,63,159,184,345,72,124,24,126,128,16,55,156,77,26,112,41,93,103,87,148,42,81
396,261,132,60,348,73,336,102,90,137,301,373,637,234,179,207,248,639,326,37,180,352,207,157,216,80,115,151,155,428,498,934,184,322,63,359,341,48,166,372,221,62,282,142,294,308,243,375,131,200
266,191,82,51,216,62,247,63,77,89,199,266,431,153,107,115,176,402,257,30,106,254,141,98,143,55,151,60,130,263,347,658,127,251,57,220,227,41,105,243,154,62,171,86,201,247,134,262,101,157
318,259,85,44,268,66,252,85,108,105,233,257,426,143,141,135,206,452,233,30,112,265,137,101,171,63,155,130,63,299,365,679,133,223,60,260,249,44,138,279,153,63,180,98,208,215,163,253,95,193
606,547,264,94,626,146,604,180,225,263,562,668,1164,411,304,323,438,1144,628,65,334,642,348,236,420,159,428,263,299,434,976,1748,323,595,142,642,560,94,333,675,408,127,479,233,475,583,408,677,225,421
733,669,277,110,782,159,720,247,260,291,647,868,1311,495,394,448,546,1375,773,108,395,815,444,294,506,184,498,347,365,976,600,2134,415,714,163,805,707,134,351,809,484,178,579,256,601,674,504,771,286,498
1149,1209,569,215,1412,288,1356,433,455,583,1178,1596,2391,907,740,816,987,2409,1406,163,767,1455,880,535,906,345,934,658,679,1748,2134,1954,763,1358,325,1504,1304,225,723,1500,933,299,1029,553,1107,1313,887,1397,504,927
251,248,100,58,268,61,297,86,113,125,236,307,453,185,138,171,195,481,293,41,158,308,172,108,179,72,184,127,133,323,415,763,83,271,58,313,271,43,130,288,205,57,202,100,237,266,170,254,112,174
470,440,215,78,485,96,433,134,154,193,378,514,861,292,264,282,343,850,483,53,254,469,276,205,326,124,322,251,223,595,714,1358,271,199,105,508,419,79,225,519,297,100,331,195,386,442,288,503,170,353
108,83,42,25,112,26,120,38,35,45,84,123,229,75,55,49,76,202,125,11,56,101,84,43,57,24,63,57,60,142,163,325,58,105,12,135,105,15,73,114,90,23,89,42,100,107,70,119,44,72
532,455,197,91,565,121,542,166,162,231,416,616,962,347,275,287,374,972,541,41,278,531,317,213,343,126,359,220,260,642,805,1504,313,508,135,271,512,111,256,593,339,110,398,205,456,468,343,552,209,370
478,363,183,75,452,104,424,144,161,195,386,566,805,295,243,257,335,771,460,54,292,460,301,193,302,128,341,227,249,560,707,1304,271,419,105,512,204,75,230,465,296,104,347,167,376,435,295,499,157,321
90,67,25,17,87,18,83,25,31,30,72,104,130,54,45,40,68,146,83,8,39,81,60,35,63,16,48,41,44,94,134,225,43,79,15,111,75,7,39,95,40,13,71,27,74,65,53,100,29,69
248,199,103,36,228,49,247,67,77,110,214,278,445,162,141,150,189,443,271,24,137,258,179,105,186,55,166,105,138,333,351,723,130,225,73,256,230,39,67,276,168,47,201,85,206,254,162,245,114,187
483,478,226,76,525,120,513,180,188,202,439,662,930,349,298,327,447,910,572,62,335,600,330,236,341,156,372,243,279,675,809,1500,288,519,114,593,465,95,276,283,347,111,407,193,423,479,322,556,180,353
309,282,126,54,332,67,311,115,106,120,277,369,579,186,208,204,221,620,341,55,191,339,200,123,236,77,221,154,153,408,484,933,205,297,90,339,296,40,168,347,100,81,263,124,268,279,221,345,133,226
102,97,32,20,115,23,113,33,40,38,91,118,204,75,44,58,92,208,138,13,53,124,62,37,61,26,62,62,63,127,178,299,57,100,23,110,104,13,47,111,81,9,81,37,88,109,76,117,39,65
382,300,167,53,380,62,361,131,127,157,329,430,665,277,198,235,253,644,386,41,203,392,224,158,258,112,282,171,180,479,579,1029,202,331,89,398,347,71,201,407,263,81,149,147,291,370,230,383,131,270
190,145,75,35,220,45,210,59,66,75,166,198,335,141,97,107,149,330,207,24,99,201,112,76,127,41,142,86,98,233,256,553,100,195,42,205,167,27,85,193,124,37,147,31,143,163,113,184,67,128
442,336,147,65,400,104,398,122,141,161,374,445,680,263,239,234,306,707,426,46,236,420,244,159,226,93,294,201,208,475,601,1107,237,386,100,456,376,74,206,423,268,88,291,143,163,338,253,435,151,272
424,404,170,88,501,92,414,151,152,179,382,498,848,299,227,274,300,811,434,63,266,473,263,166,305,103,308,247,215,583,674,1313,266,442,107,468,435,65,254,479,279,109,370,163,338,199,319,434,176,325
335,264,124,64,312,75,325,87,112,145,281,377,553,177,156,165,239,584,324,42,184,338,188,138,185,87,243,134,163,408,504,887,170,288,70,343,295,53,162,322,221,76,230,113,253,319,92,345,118,226
522,468,212,81,514,109,465,142,154,219,428,608,923,383,276,284,350,862,529,64,279,547,331,195,342,148,375,262,253,677,771,1397,254,503,119,552,499,100,245,556,345,117,383,184,435,434,345,242,181,343
168,150,77,36,170,40,178,61,58,75,138,195,347,117,97,106,134,333,204,24,107,186,113,89,128,42,131,101,95,225,286,504,112,170,44,209,157,29,114,180,133,39,131,67,151,176,118,181,32,116
373,258,118,67,370,88,343,113,90,157,264,356,618,221,184,179,252,611,336,38,192,314,200,125,215,81,200,157,193,421,498,927,174,353,72,370,321,69,187,353,226,65,270,128,272,325,226,343,116,106
