285,443,224,78,468,95,459,178,183,240,485,512,867,361,309,363,350,863,491,68,334,513,351,227,373,150,374,289,276,654,717,1202,245,470,124,573,453,82,242,476,321,111,363,183,453,424,350,500,179,372
443,164,170,75,449,96,453,127,131,149,375,468,804,278,253,241,301,762,459,46,200,473,241,191,296,107,264,201,225,564,705,1249,262,432,97,460,414,73,181,471,289,74,340,165,388,422,291,447,182,297
224,170,29,41,195,49,201,60,63,72,150,226,386,117,87,102,148,343,224,22,94,221,105,76,111,40,126,87,100,252,306,609,109,190,48,216,207,29,119,213,144,48,167,67,170,201,98,223,77,137
78,75,41,7,76,15,90,33,27,23,65,103,175,43,39,47,50,149,76,11,53,75,60,34,70,27,56,46,41,126,129,234,49,74,25,93,84,14,28,84,57,15,58,30,81,74,61,78,37,51
468,449,195,76,256,111,480,156,177,200,413,611,959,329,283,304,357,931,524,73,299,527,295,210,338,134,326,228,258,655,776,1465,287,478,132,501,478,99,277,559,325,96,409,193,406,468,337,534,189,354
95,96,49,15,111,12,110,42,40,40,95,134,217,71,60,68,64,206,127,17,73,115,86,50,83,30,59,56,55,157,189,298,72,101,23,127,97,29,56,122,71,24,81,45,104,112,78,120,45,72
459,453,201,90,480,110,249,179,147,189,386,564,931,294,248,273,354,927,522,66,266,479,286,196,328,130,326,228,216,659,763,1362,275,456,109,523,417,85,251,521,345,88,367,171,375,475,314,508,194,331
178,127,60,33,156,42,179,20,40,56,116,159,296,106,84,83,105,267,154,14,95,172,86,63,97,40,117,69,55,186,228,406,87,153,37,145,154,21,74,174,104,28,112,61,136,149,107,178,55,78
183,131,63,27,177,40,147,40,27,74,128,178,313,105,84,87,121,297,159,24,70,162,89,59,91,43,124,65,72,204,254,475,80,156,39,172,156,28,82,185,116,24,122,52,114,142,86,187,67,95
240,149,72,23,200,40,189,56,74,38,159,249,381,131,104,115,143,379,216,23,118,230,117,84,127,54,140,83,107,254,287,545,99,210,54,234,194,27,100,193,127,40,152,64,160,165,118,195,69,133
485,375,150,65,413,95,386,116,128,159,191,460,745,309,213,238,310,748,450,64,214,447,238,155,260,106,275,181,197,578,633,1185,211,435,90,492,399,70,221,430,274,93,312,156,327,398,293,441,155,294
512,468,226,103,611,134,564,159,178,249,460,357,1054,344,263,300,437,986,594,62,280,578,307,222,384,129,358,253,264,708,850,1598,288,544,136,637,540,83,274,668,385,100,441,221,452,562,356,624,234,372
867,804,386,175,959,217,931,296,313,381,745,1054,771,646,466,499,669,1467,928,111,514,984,536,373,580,214,590,414,463,1149,1383,2508,453,934,200,961,847,158,474,1038,640,202,710,385,759,837,561,926,341,597
361,278,117,43,329,71,294,106,105,131,309,344,646,83,161,166,220,590,325,47,205,336,192,113,228,83,209,155,140,415,487,914,178,330,82,332,280,56,158,372,222,68,241,112,243,292,198,343,132,230
309,253,87,39,283,60,248,84,84,104,213,263,466,161,62,126,207,447,277,37,153,241,148,117,178,70,182,125,139,315,368,741,133,229,56,289,235,38,147,282,165,47,230,85,202,261,156,291,108,195
363,241,102,47,304,68,273,83,87,115,238,300,499,166,126,71,201,536,297,50,148,277,178,124,212,90,192,121,129,352,418,851,143,285,65,307,263,33,149,301,147,50,243,88,237,273,172,315,128,209
350,301,148,50,357,64,354,105,121,143,310,437,669,220,207,201,128,664,365,41,201,348,193,155,242,96,256,171,192,483,549,1055,193,336,103,397,340,74,174,403,250,72,287,137,286,341,231,363,153,256
863,762,343,149,931,206,927,267,297,379,748,986,1467,590,447,536,664,818,885,107,499,894,514,366,562,212,583,412,475,1141,1399,2492,458,865,178,999,811,170,493,984,606,210,716,372,736,881,558,960,323,605
491,459,224,76,524,127,522,154,159,216,450,594,928,325,277,297,365,885,255,72,274,456,290,223,344,134,331,234,248,657,760,1417,266,493,112,534,479,75,235,566,329,104,337,184,410,467,338,535,209,378
68,46,22,11,73,17,66,14,24,23,64,62,111,47,37,50,41,107,72,2,40,62,38,28,44,14,40,25,35,76,108,190,35,47,14,69,62,10,39,66,52,17,57,26,56,64,42,73,30,51
334,200,94,53,299,73,266,95,70,118,214,280,514,205,153,148,201,499,274,40,74,303,167,113,195,56,160,147,139,337,421,811,160,267,71,292,273,35,131,304,166,55,224,113,246,251,198,274,118,208
513,473,221,75,527,115,479,172,162,230,447,578,984,336,241,277,348,894,456,62,303,237,300,208,371,128,364,244,229,660,736,1449,269,517,106,547,437,68,261,554,339,108,358,168,368,481,318,512,202,365
351,241,105,60,295,86,286,86,89,117,238,307,536,192,148,178,193,514,290,38,167,300,97,119,203,76,189,133,135,385,479,857,152,285,72,326,276,59,133,320,183,69,239,104,249,288,183,329,124,204
227,191,76,34,210,50,196,63,59,84,155,222,373,113,117,124,155,366,223,28,113,208,119,33,125,53,135,91,106,283,314,575,126,197,43,231,177,37,97,206,146,48,145,62,142,184,138,195,69,132
373,296,111,70,338,83,328,97,91,127,260,384,580,228,178,212,242,562,344,44,195,371,203,125,102,68,211,146,154,455,511,1005,190,317,71,346,308,60,168,374,238,68,260,118,246,319,216,356,138,215
150,107,40,27,134,30,130,40,43,54,106,129,214,83,70,90,96,212,134,14,56,128,76,53,68,16,66,56,64,142,180,360,79,103,24,135,131,19,73,135,99,29,102,50,94,114,92,139,48,78
374,264,126,56,326,59,326,117,124,140,275,358,590,209,182,192,256,583,331,40,160,364,189,135,211,66,106,153,167,436,524,928,196,293,73,356,355,59,186,375,224,72,257,134,268,324,242,354,144,230
289,201,87,46,228,56,228,69,65,83,181,253,414,155,125,121,171,412,234,25,147,244,133,91,146,56,153,53,122,292,357,670,112,215,47,235,232,31,95,236,167,35,173,66,198,211,131,221,72,153
276,225,100,41,258,55,216,55,72,107,197,264,463,140,139,129,192,475,248,35,139,229,135,106,154,64,167,122,58,306,360,712,149,241,54,268,222,33,125,256,148,54,180,83,183,245,159,252,95,168
654,564,252,126,655,157,659,186,204,254,578,708,1149,415,315,352,483,1141,657,76,337,660,385,283,455,142,436,292,306,399,984,1853,341,621,131,671,584,93,350,695,415,134,479,241,516,609,404,649,266,425
717,705,306,129,776,189,763,228,254,287,633,850,1383,487,368,418,549,1399,760,108,421,736,479,314,511,180,524,357,360,984,559,2133,397,725,189,827,715,126,394,819,509,146,582,304,618,709,448,785,284,523
1202,1249,609,234,1465,298,1362,406,475,545,1185,1598,2508,914,741,851,1055,2492,1417,190,811,1449,857,575,1005,360,928,670,712,1853,2133,1984,742,1368,339,1559,1307,260,722,1546,942,279,1093,556,1146,1382,866,1529,519,930
245,262,109,49,287,72,275,87,80,99,211,288,453,178,133,143,193,458,266,35,160,269,152,126,190,79,196,112,149,341,397,742,67,238,78,282,260,54,137,318,192,52,219,113,216,269,163,310,102,178
470,432,190,74,478,101,456,153,156,210,435,544,934,330,229,285,336,865,493,47,267,517,285,197,317,103,293,215,241,621,725,1368,238,202,110,507,458,93,269,495,286,84,390,187,390,427,315,515,188,343
124,97,48,25,132,23,109,37,39,54,90,136,200,82,56,65,103,178,112,14,71,106,72,43,71,24,73,47,54,131,189,339,78,110,8,140,126,15,62,114,68,21,84,42,83,108,78,136,44,68
573,460,216,93,501,127,523,145,172,234,492,637,961,332,289,307,397,999,534,69,292,547,326,231,346,135,356,235,268,671,827,1559,282,507,140,270,488,97,273,589,360,107,411,195,425,502,328,534,220,358
453,414,207,84,478,97,417,154,156,194,399,540,847,280,235,263,340,811,479,62,273,437,276,177,308,131,355,232,222,584,715,1307,260,458,126,488,225,83,219,482,297,94,395,175,380,423,284,476,186,329
82,73,29,14,99,29,85,21,28,27,70,83,158,56,38,33,74,170,75,10,35,68,59,37,60,19,59,31,33,93,126,260,54,93,15,97,83,5,38,95,59,18,69,41,69,100,57,91,46,54
242,181,119,28,277,56,251,74,82,100,221,274,474,158,147,149,174,493,235,39,131,261,133,97,168,73,186,95,125,350,394,722,137,269,62,273,219,38,65,310,178,35,199,109,222,252,162,245,83,156
476,471,213,84,559,122,521,174,185,193,430,668,1038,372,282,301,403,984,566,66,304,554,320,206,374,135,375,236,256,695,819,1546,318,495,114,589,482,95,310,285,363,100,417,202,450,526,360,560,200,353
321,289,144,57,325,71,345,104,116,127,274,385,640,222,165,147,250,606,329,52,166,339,183,146,238,99,224,167,148,415,509,942,192,286,68,360,297,59,178,363,136,67,255,128,245,337,209,330,122,222
111,74,48,15,96,24,88,28,24,40,93,100,202,68,47,50,72,210,104,17,55,108,69,48,68,29,72,35,54,134,146,279,52,84,21,107,94,18,35,100,67,11,78,37,82,99,65,101,46,69
363,340,167,58,409,81,367,112,122,152,312,441,710,241,230,243,287,716,337,57,224,358,239,145,260,102,257,173,180,479,582,1093,219,390,84,411,395,69,199,417,255,78,146,153,341,350,254,388,151,264
183,165,67,30,193,45,171,61,52,64,156,221,385,112,85,88,137,372,184,26,113,168,104,62,118,50,134,66,83,241,304,556,113,187,42,195,175,41,109,202,128,37,153,36,130,174,124,214,69,141
453,388,170,81,406,104,375,136,114,160,327,452,759,243,202,237,286,736,410,56,246,368,249,142,246,94,268,198,183,516,618,1146,216,390,83,425,380,69,222,450,245,82,341,130,165,387,263,437,162,277
424,422,201,74,468,112,475,149,142,165,398,562,837,292,261,273,341,881,467,64,251,481,288,184,319,114,324,211,245,609,709,1382,269,427,108,502,423,100,252,526,337,99,350,174,387,214,300,488,171,311
350,291,98,61,337,78,314,107,86,118,293,356,561,198,156,172,231,558,338,42,198,318,183,138,216,92,242,131,159,404,448,866,163,315,78,328,284,57,162,360,209,65,254,124,263,300,88,327,119,231
500,447,223,78,534,120,508,178,187,195,441,624,926,343,291,315,363,960,535,73,274,512,329,195,356,139,354,221,252,649,785,1529,310,515,136,534,476,91,245,560,330,101,388,214,437,488,327,261,216,363
179,182,77,37,189,45,194,55,67,69,155,234,341,132,108,128,153,323,209,30,118,202,124,69,138,48,144,72,95,266,284,519,102,188,44,220,186,46,83,200,122,46,151,69,162,171,119,216,39,109
372,297,137,51,354,72,331,78,95,133,294,372,597,230,195,209,256,605,378,51,208,365,204,132,215,78,230,153,168,425,523,930,178,343,68,358,329,54,156,353,222,69,264,141,277,311,231,363,109,113
