255,426,224,88,526,103,448,173,195,230,449,505,842,372,300,327,357,837,520,69,307,539,368,224,397,149,389,293,294,618,720,1188,247,484,112,512,504,77,246,460,338,103,373,181,446,428,343,494,171,351
426,199,169,73,434,97,403,131,133,169,383,479,803,289,219,239,316,841,437,56,255,440,269,172,278,106,286,182,209,554,643,1247,244,391,117,426,401,78,209,478,260,93,323,157,343,406,294,433,186,286
224,169,40,45,208,49,217,56,68,77,173,240,361,136,85,109,140,358,213,22,109,196,120,95,137,36,125,92,96,268,286,532,117,196,55,189,214,33,111,235,133,35,145,65,150,188,119,199,79,153
88,73,45,10,81,22,86,20,28,30,69,92,141,53,61,62,62,139,91,8,64,96,46,38,66,34,78,34,43,100,139,225,46,71,22,93,78,19,33,78,53,28,66,34,79,84,61,76,21,66
526,434,208,81,264,117,503,151,170,191,421,562,912,315,268,307,392,871,528,71,282,571,317,200,355,115,342,253,267,649,805,1438,255,459,109,553,443,85,256,549,356,118,358,174,413,502,347,551,166,343
103,97,49,22,117,11,98,30,36,41,92,128,182,76,68,65,84,188,119,16,71,119,68,39,83,38,89,49,55,163,165,296,57,104,25,110,89,26,55,122,78,30,89,46,107,96,87,106,35,82
448,403,217,86,503,98,248,152,172,206,439,534,875,297,275,274,348,884,482,76,299,518,284,171,364,138,358,234,244,600,768,1396,276,459,131,502,438,92,252,506,312,100,371,176,388,469,342,485,189,295
173,131,56,20,151,30,152,17,53,71,144,157,270,107,83,84,113,263,153,13,74,148,89,63,82,35,88,81,70,183,220,448,84,151,40,157,127,26,71,174,119,27,109,67,123,137,84,170,59,99
195,133,68,28,170,36,172,53,23,69,149,212,268,112,75,85,113,273,185,28,93,176,106,77,105,43,99,71,85,208,281,493,100,159,40,178,176,31,81,185,121,43,113,60,134,152,95,161,57,123
230,169,77,30,191,41,206,71,69,59,183,230,340,131,114,130,149,369,215,25,110,229,125,87,126,55,144,105,107,255,294,509,104,193,58,211,203,32,103,233,122,46,160,80,154,154,134,197,68,145
449,383,173,69,421,92,439,144,149,183,200,442,742,299,259,250,299,762,427,49,236,465,251,187,283,110,296,216,206,529,659,1121,228,410,115,447,412,54,235,467,275,96,333,151,339,397,279,420,151,260
505,479,240,92,562,128,534,157,212,230,442,316,1043,357,303,309,381,1040,562,86,267,591,349,222,370,138,362,228,261,729,850,1602,312,554,100,570,514,113,273,624,359,105,433,225,446,503,344,564,210,363
842,803,361,141,912,182,875,270,268,340,742,1043,810,597,466,525,645,1477,911,116,504,933,502,353,602,229,621,441,465,1180,1317,2456,469,868,217,931,863,162,440,984,588,180,671,351,716,801,544,921,323,614
372,289,136,53,315,76,297,107,112,131,299,357,597,107,180,186,251,593,315,42,179,358,203,128,207,74,216,146,182,388,534,937,199,279,68,322,276,60,158,340,241,71,266,108,252,300,215,314,117,220
300,219,85,61,268,68,275,83,75,114,259,303,466,180,81,131,188,483,258,32,157,271,166,113,167,66,161,136,139,324,362,713,140,255,65,266,269,54,143,265,187,49,197,100,202,205,171,312,93,181
327,239,109,62,307,65,274,84,85,130,250,309,525,186,131,53,187,518,287,29,157,300,186,122,197,79,173,120,169,355,409,789,175,299,59,256,297,52,135,285,192,53,206,117,223,232,193,298,116,219
357,316,140,62,392,84,348,113,113,149,299,381,645,251,188,187,124,634,376,39,189,375,211,161,249,90,262,182,169,476,558,1035,182,329,70,414,319,60,182,398,250,72,271,130,295,335,226,385,121,263
837,841,358,139,871,188,884,263,273,369,762,1040,1477,593,483,518,634,831,902,129,518,946,543,360,590,230,607,442,457,1133,1337,2434,490,872,228,987,901,164,420,940,604,183,689,342,748,791,525,946,340,617
520,437,213,91,528,119,482,153,185,215,427,562,911,315,258,287,376,902,258,72,270,462,311,221,321,112,322,214,259,627,766,1439,261,480,104,559,484,81,268,505,326,126,397,197,422,455,310,525,180,346
69,56,22,8,71,16,76,13,28,25,49,86,116,42,32,29,39,129,72,1,34,61,35,37,35,24,45,29,36,80,102,177,36,52,18,74,58,7,21,61,39,11,43,17,56,78,34,65,24,44
307,255,109,64,282,71,299,74,93,110,236,267,504,179,157,157,189,518,270,34,82,272,166,89,184,64,180,135,131,341,418,823,154,252,53,272,264,44,136,297,174,53,217,106,225,264,181,305,110,202
539,440,196,96,571,119,518,148,176,229,465,591,933,358,271,300,375,946,462,61,272,241,308,201,359,145,367,215,265,690,801,1438,263,493,131,552,457,95,279,545,337,122,380,181,406,495,298,553,192,380
368,269,120,46,317,68,284,89,106,125,251,349,502,203,166,186,211,543,311,35,166,308,74,119,196,84,224,151,139,372,450,797,154,277,66,290,258,50,158,297,197,49,237,113,208,277,167,314,99,219
224,172,95,38,200,39,171,63,77,87,187,222,353,128,113,122,161,360,221,37,89,201,119,36,131,54,138,98,102,266,329,531,117,180,58,203,177,37,106,229,146,38,168,76,134,191,115,184,88,140
397,278,137,66,355,83,364,82,105,126,283,370,602,207,167,197,249,590,321,35,184,359,196,131,100,75,222,139,171,410,516,956,199,305,88,334,310,53,157,339,213,56,267,108,235,296,227,350,131,215
149,106,36,34,115,38,138,35,43,55,110,138,229,74,66,79,90,230,112,24,64,145,84,54,75,11,64,69,59,153,183,376,76,122,37,123,136,26,61,141,83,24,95,51,92,118,72,113,51,91
389,286,125,78,342,89,358,88,99,144,296,362,621,216,161,173,262,607,322,45,180,367,224,138,222,64,107,146,146,401,539,982,169,291,89,339,320,63,154,351,210,53,245,122,261,306,214,337,130,231
293,182,92,34,253,49,234,81,71,105,216,228,441,146,136,120,182,442,214,29,135,215,151,98,139,69,146,48,114,257,334,664,156,226,49,256,196,25,126,224,150,40,178,83,171,214,155,225,101,161
294,209,96,43,267,55,244,70,85,107,206,261,465,182,139,169,169,457,259,36,131,265,139,102,171,59,146,114,76,293,377,703,137,223,49,236,228,58,127,289,163,49,195,86,217,242,161,287,98,167
618,554,268,100,649,163,600,183,208,255,529,729,1180,388,324,355,476,1133,627,80,341,690,372,266,410,153,401,257,293,417,1023,1784,378,614,150,669,597,104,319,662,397,133,478,221,517,601,387,678,246,432
720,643,286,139,805,165,768,220,281,294,659,850,1317,534,362,409,558,1337,766,102,418,801,450,329,516,183,539,334,377,1023,587,1998,390,724,188,775,674,145,376,843,495,161,557,310,636,706,472,750,291,547
1188,1247,532,225,1438,296,1396,448,493,509,1121,1602,2456,937,713,789,1035,2434,1439,177,823,1438,797,531,956,376,982,664,703,1784,1998,1890,663,1348,343,1555,1300,234,722,1474,923,287,1075,518,1074,1245,887,1482,502,890
247,244,117,46,255,57,276,84,100,104,228,312,469,199,140,175,182,490,261,36,154,263,154,117,199,76,169,156,137,378,390,663,70,257,63,304,265,42,140,294,166,54,217,99,202,226,177,295,84,173
484,391,196,71,459,104,459,151,159,193,410,554,868,279,255,299,329,872,480,52,252,493,277,180,305,122,291,226,223,614,724,1348,257,225,129,483,419,79,226,480,325,99,380,162,352,450,312,503,171,317
112,117,55,22,109,25,131,40,40,58,115,100,217,68,65,59,70,228,104,18,53,131,66,58,88,37,89,49,49,150,188,343,63,129,9,126,119,25,62,130,73,23,96,39,105,92,69,118,46,71
512,426,189,93,553,110,502,157,178,211,447,570,931,322,266,256,414,987,559,74,272,552,290,203,334,123,339,256,236,669,775,1555,304,483,126,290,495,82,271,582,360,105,409,198,410,522,328,566,209,368
504,401,214,78,443,89,438,127,176,203,412,514,863,276,269,297,319,901,484,58,264,457,258,177,310,136,320,196,228,597,674,1300,265,419,119,495,210,83,233,446,284,97,365,180,390,430,321,476,184,319
77,78,33,19,85,26,92,26,31,32,54,113,162,60,54,52,60,164,81,7,44,95,50,37,53,26,63,25,58,104,145,234,42,79,25,82,83,5,40,110,67,23,67,26,74,77,44,98,45,68
246,209,111,33,256,55,252,71,81,103,235,273,440,158,143,135,182,420,268,21,136,279,158,106,157,61,154,126,127,319,376,722,140,226,62,271,233,40,66,281,183,55,152,97,204,220,146,270,93,166
460,478,235,78,549,122,506,174,185,233,467,624,984,340,265,285,398,940,505,61,297,545,297,229,339,141,351,224,289,662,843,1474,294,480,130,582,446,110,281,288,373,110,415,222,422,483,343,559,224,332
338,260,133,53,356,78,312,119,121,122,275,359,588,241,187,192,250,604,326,39,174,337,197,146,213,83,210,150,163,397,495,923,166,325,73,360,284,67,183,373,127,81,239,121,262,310,234,339,119,212
103,93,35,28,118,30,100,27,43,46,96,105,180,71,49,53,72,183,126,11,53,122,49,38,56,24,53,40,49,133,161,287,54,99,23,105,97,23,55,110,81,8,71,37,76,113,67,108,37,65
373,323,145,66,358,89,371,109,113,160,333,433,671,266,197,206,271,689,397,43,217,380,237,168,267,95,245,178,195,478,557,1075,217,380,96,409,365,67,152,415,239,71,135,141,335,338,251,380,133,252
181,157,65,34,174,46,176,67,60,80,151,225,351,108,100,117,130,342,197,17,106,181,113,76,108,51,122,83,86,221,310,518,99,162,39,198,180,26,97,222,121,37,141,36,140,189,134,190,71,132
446,343,150,79,413,107,388,123,134,154,339,446,716,252,202,223,295,748,422,56,225,406,208,134,235,92,261,171,217,517,636,1074,202,352,105,410,390,74,204,422,262,76,335,140,130,367,247,439,158,271
428,406,188,84,502,96,469,137,152,154,397,503,801,300,205,232,335,791,455,78,264,495,277,191,296,118,306,214,242,601,706,1245,226,450,92,522,430,77,220,483,310,113,338,189,367,206,276,489,151,325
343,294,119,61,347,87,342,84,95,134,279,344,544,215,171,193,226,525,310,34,181,298,167,115,227,72,214,155,161,387,472,887,177,312,69,328,321,44,146,343,234,67,251,134,247,276,112,342,114,221
494,433,199,76,551,106,485,170,161,197,420,564,921,314,312,298,385,946,525,65,305,553,314,184,350,113,337,225,287,678,750,1482,295,503,118,566,476,98,270,559,339,108,380,190,439,489,342,282,211,342
171,186,79,21,166,35,189,59,57,68,151,210,323,117,93,116,121,340,180,24,110,192,99,88,131,51,130,101,98,246,291,502,84,171,46,209,184,45,93,224,119,37,133,71,158,151,114,211,39,114
351,286,153,66,343,82,295,99,123,145,260,363,614,220,181,219,263,617,346,44,202,380,219,140,215,91,231,161,167,432,547,890,173,317,71,368,319,68,166,332,212,65,252,132,271,325,221,342,114,107
