283,484,226,99,479,115,514,169,177,232,450,525,826,375,311,361,355,784,506,82,314,527,399,212,384,165,436,264,322,619,698,1190,240,494,98,542,473,114,215,498,301,118,380,169,441,451,344,483,164,354
484,199,158,91,454,121,443,116,173,182,380,478,790,300,236,228,326,784,475,45,266,466,251,177,275,123,312,202,207,546,708,1168,216,395,100,449,426,72,207,511,283,74,312,163,365,432,260,441,167,302
226,158,35,36,212,39,172,55,72,88,170,217,365,129,88,96,151,349,195,20,93,219,112,83,108,34,107,82,83,237,313,572,130,181,36,222,184,22,107,215,136,32,140,79,162,194,129,202,83,119
99,91,36,4,74,10,78,31,29,42,77,89,137,57,43,52,60,131,76,12,54,92,43,34,60,16,66,47,58,101,136,226,46,78,14,103,91,16,47,69,39,22,62,31,76,79,59,82,29,67
479,454,212,74,252,94,473,157,168,197,398,581,911,343,273,296,374,913,537,68,279,565,320,210,375,132,372,255,265,658,780,1392,282,477,128,562,453,82,234,546,337,98,397,186,449,476,322,549,169,337
115,121,39,10,94,8,94,38,33,51,100,128,197,86,55,66,69,197,113,16,55,116,69,43,82,27,64,65,60,147,175,323,66,98,24,122,110,22,52,118,75,21,90,45,79,103,82,111,55,84
514,443,172,78,473,94,241,157,187,216,426,516,891,321,254,257,369,847,502,65,290,491,281,204,307,112,313,225,266,588,729,1342,265,463,109,534,459,101,244,533,315,106,392,180,404,466,321,479,185,339
169,116,55,31,157,38,157,20,66,67,131,172,296,112,69,91,136,272,154,14,92,164,82,55,107,38,105,59,70,198,218,409,89,146,27,159,153,34,57,133,99,27,121,51,125,127,99,151,70,96
177,173,72,29,168,33,187,66,20,75,136,209,302,109,83,83,111,288,165,12,90,173,100,76,113,41,113,63,73,198,229,445,90,160,39,156,155,32,81,190,127,47,119,69,132,160,112,164,59,101
232,182,88,42,197,51,216,67,75,46,186,225,344,143,111,129,155,333,200,29,120,199,142,74,155,58,158,95,117,237,289,526,95,199,40,220,198,31,94,196,135,36,163,72,166,176,112,213,82,146
450,380,170,77,398,100,426,131,136,186,196,476,731,286,207,239,323,764,429,66,248,418,279,176,278,108,317,206,230,530,612,1158,217,418,100,427,390,71,194,438,282,75,328,149,346,400,238,452,148,286
525,478,217,89,581,128,516,172,209,225,476,338,980,369,276,307,425,1025,559,53,299,570,318,212,356,137,365,254,274,701,851,1622,314,507,143,613,531,85,294,640,376,122,440,218,443,541,345,563,214,354
826,790,365,137,911,197,891,296,302,344,731,980,807,593,441,490,658,1478,948,116,472,918,518,350,581,217,634,402,443,1140,1394,2490,512,836,215,1039,825,154,477,942,642,172,675,370,745,905,576,926,345,621
375,300,129,57,343,86,321,112,109,143,286,369,593,112,165,186,245,576,307,34,206,311,182,124,194,91,225,147,184,400,459,839,166,290,77,359,309,66,175,365,209,62,237,118,254,307,198,334,130,238
311,236,88,43,273,55,254,69,83,111,207,276,441,165,74,133,193,491,268,36,140,289,174,100,154,57,174,107,120,335,395,757,165,237,51,282,231,44,104,283,180,50,202,101,206,249,181,286,111,172
361,228,96,52,296,66,257,91,83,129,239,307,490,186,133,70,210,533,282,30,160,294,182,104,166,60,168,139,131,324,423,756,135,272,60,293,267,45,133,280,189,51,223,114,206,271,159,300,104,184
355,326,151,60,374,69,369,136,111,155,323,425,658,245,193,210,123,633,377,47,214,369,216,141,238,107,247,170,172,498,554,977,200,357,79,369,365,66,181,403,251,72,286,147,287,335,256,415,136,229
784,784,349,131,913,197,847,272,288,333,764,1025,1478,576,491,533,633,774,944,121,488,969,529,363,638,226,624,418,407,1173,1433,2473,491,844,189,1009,835,154,440,974,577,163,721,375,739,901,574,912,337,597
506,475,195,76,537,113,502,154,165,200,429,559,948,307,268,282,377,944,252,61,282,479,334,204,379,130,359,246,265,677,775,1502,292,495,116,533,454,78,244,548,337,114,386,182,431,480,360,551,215,327
82,45,20,12,68,16,65,14,12,29,66,53,116,34,36,30,47,121,61,5,35,57,32,21,38,18,38,26,37,70,87,192,39,62,9,72,57,7,35,63,32,13,46,24,45,57,45,83,21,50
314,266,93,54,279,55,290,92,90,120,248,299,472,206,140,160,214,488,282,35,57,311,176,126,205,73,187,122,129,321,407,807,168,264,60,276,292,47,144,294,182,40,236,100,257,258,180,311,119,190
527,466,219,92,565,116,491,164,173,199,418,570,918,311,289,294,369,969,479,57,311,266,333,204,327,138,360,243,279,665,767,1449,302,507,135,526,485,91,234,540,320,98,378,205,426,490,355,529,217,350
399,251,112,43,320,69,281,82,100,142,279,318,518,182,174,182,216,529,334,32,176,333,88,117,191,80,200,129,168,334,415,786,180,273,55,336,276,47,147,332,204,54,204,99,226,282,185,311,115,227
212,177,83,34,210,43,204,55,76,74,176,212,350,124,100,104,141,363,204,21,126,204,117,28,133,59,134,94,112,220,291,536,84,206,51,208,190,34,101,230,120,43,153,71,178,185,141,200,82,128
384,275,108,60,375,82,307,107,113,155,278,356,581,194,154,166,238,638,379,38,205,327,191,133,108,77,227,141,159,417,523,939,195,316,74,331,290,53,169,343,231,66,240,131,237,307,205,320,142,242
165,123,34,16,132,27,112,38,41,58,108,137,217,91,57,60,107,226,130,18,73,138,80,59,77,15,82,58,65,141,194,360,62,136,28,136,105,16,64,141,77,33,93,44,121,124,82,141,55,76
436,312,107,66,372,64,313,105,113,158,317,365,634,225,174,168,247,624,359,38,187,360,200,134,227,82,114,156,152,421,508,954,175,334,74,328,323,60,150,361,212,74,260,125,286,329,222,343,160,225
264,202,82,47,255,65,225,59,63,95,206,254,402,147,107,139,170,418,246,26,122,243,129,94,141,58,156,55,111,281,349,586,108,225,63,225,206,35,94,247,163,47,186,96,170,223,133,232,86,172
322,207,83,58,265,60,266,70,73,117,230,274,443,184,120,131,172,407,265,37,129,279,168,112,159,65,152,111,65,316,431,664,156,247,50,267,244,54,134,254,152,67,210,91,217,246,160,285,102,190
619,546,237,101,658,147,588,198,198,237,530,701,1140,400,335,324,498,1173,677,70,321,665,334,220,417,141,421,281,316,413,982,1864,387,611,134,668,564,106,309,681,439,120,506,260,498,605,391,673,230,415
698,708,313,136,780,175,729,218,229,289,612,851,1394,459,395,423,554,1433,775,87,407,767,415,291,523,194,508,349,431,982,556,2238,432,696,166,824,729,130,343,796,508,137,590,257,594,731,494,811,288,465
1190,1168,572,226,1392,323,1342,409,445,526,1158,1622,2490,839,757,756,977,2473,1502,192,807,1449,786,536,939,360,954,586,664,1864,2238,2000,810,1308,313,1611,1266,268,679,1570,919,282,1031,525,1114,1404,948,1472,520,936
240,216,130,46,282,66,265,89,90,95,217,314,512,166,165,135,200,491,292,39,168,302,180,84,195,62,175,108,156,387,432,810,77,255,63,305,232,53,138,317,187,48,214,112,227,271,175,306,105,189
494,395,181,78,477,98,463,146,160,199,418,507,836,290,237,272,357,844,495,62,264,507,273,206,316,136,334,225,247,611,696,1308,255,221,100,490,458,89,235,479,276,92,351,180,371,436,287,488,174,334
98,100,36,14,128,24,109,27,39,40,100,143,215,77,51,60,79,189,116,9,60,135,55,51,74,28,74,63,50,134,166,313,63,100,15,110,113,24,58,133,69,26,85,48,103,118,90,110,50,70
542,449,222,103,562,122,534,159,156,220,427,613,1039,359,282,293,369,1009,533,72,276,526,336,208,331,136,328,225,267,668,824,1611,305,490,110,265,487,89,254,609,338,111,412,186,433,533,342,594,217,345
473,426,184,91,453,110,459,153,155,198,390,531,825,309,231,267,365,835,454,57,292,485,276,190,290,105,323,206,244,564,729,1266,232,458,113,487,216,68,247,474,292,99,338,192,384,413,293,484,172,311
114,72,22,16,82,22,101,34,32,31,71,85,154,66,44,45,66,154,78,7,47,91,47,34,53,16,60,35,54,106,130,268,53,89,24,89,68,6,47,97,58,15,69,42,77,71,49,90,39,63
215,207,107,47,234,52,244,57,81,94,194,294,477,175,104,133,181,440,244,35,144,234,147,101,169,64,150,94,134,309,343,679,138,235,58,254,247,47,50,252,163,55,188,116,197,219,175,271,97,168
498,511,215,69,546,118,533,133,190,196,438,640,942,365,283,280,403,974,548,63,294,540,332,230,343,141,361,247,254,681,796,1570,317,479,133,609,474,97,252,301,379,101,402,207,455,519,365,598,199,364
301,283,136,39,337,75,315,99,127,135,282,376,642,209,180,189,251,577,337,32,182,320,204,120,231,77,212,163,152,439,508,919,187,276,69,338,292,58,163,379,103,62,250,118,260,325,239,349,140,205
118,74,32,22,98,21,106,27,47,36,75,122,172,62,50,51,72,163,114,13,40,98,54,43,66,33,74,47,67,120,137,282,48,92,26,111,99,15,55,101,62,8,68,28,75,81,75,116,39,57
380,312,140,62,397,90,392,121,119,163,328,440,675,237,202,223,286,721,386,46,236,378,204,153,240,93,260,186,210,506,590,1031,214,351,85,412,338,69,188,402,250,68,150,136,274,345,252,381,135,248
169,163,79,31,186,45,180,51,69,72,149,218,370,118,101,114,147,375,182,24,100,205,99,71,131,44,125,96,91,260,257,525,112,180,48,186,192,42,116,207,118,28,136,35,144,172,115,209,66,126
441,365,162,76,449,79,404,125,132,166,346,443,745,254,206,206,287,739,431,45,257,426,226,178,237,121,286,170,217,498,594,1114,227,371,103,433,384,77,197,455,260,75,274,144,171,407,270,395,176,298
451,432,194,79,476,103,466,127,160,176,400,541,905,307,249,271,335,901,480,57,258,490,282,185,307,124,329,223,246,605,731,1404,271,436,118,533,413,71,219,519,325,81,345,172,407,233,269,523,170,299
344,260,129,59,322,82,321,99,112,112,238,345,576,198,181,159,256,574,360,45,180,355,185,141,205,82,222,133,160,391,494,948,175,287,90,342,293,49,175,365,239,75,252,115,270,269,102,328,142,195
483,441,202,82,549,111,479,151,164,213,452,563,926,334,286,300,415,912,551,83,311,529,311,200,320,141,343,232,285,673,811,1472,306,488,110,594,484,90,271,598,349,116,381,209,395,523,328,248,200,349
164,167,83,29,169,55,185,70,59,82,148,214,345,130,111,104,136,337,215,21,119,217,115,82,142,55,160,86,102,230,288,520,105,174,50,217,172,39,97,199,140,39,135,66,176,170,142,200,38,126
354,302,119,67,337,84,339,96,101,146,286,354,621,238,172,184,229,597,327,50,190,350,227,128,242,76,225,172,190,415,465,936,189,334,70,345,311,63,168,364,205,57,248,126,298,299,195,349,126,106
