268,454,203,89,492,99,426,204,163,243,478,517,819,359,297,340,349,810,487,61,320,509,374,208,404,175,403,287,320,650,692,1175,224,481,109,520,460,88,276,497,294,101,365,171,462,435,358,520,177,369
454,176,161,80,464,104,439,129,123,177,389,541,793,270,218,258,318,811,447,56,229,468,264,176,271,113,307,194,207,573,701,1216,217,413,114,485,409,66,232,489,296,83,311,189,324,401,267,462,160,262
203,161,35,26,213,45,182,65,60,91,193,227,361,126,93,111,154,349,200,21,99,198,102,74,132,42,121,94,95,233,292,581,101,196,41,182,178,34,102,219,116,38,157,94,161,188,133,214,70,112
89,80,26,4,101,15,77,31,34,32,69,85,147,55,60,68,59,131,101,8,46,90,53,38,55,22,64,44,38,108,130,219,42,73,17,92,84,9,47,87,62,20,79,39,74,69,67,92,30,49
492,464,213,101,273,127,486,161,173,219,443,560,928,352,261,296,389,939,514,57,278,558,284,198,321,123,343,259,238,638,754,1468,286,491,101,555,468,82,254,555,348,102,403,170,418,471,348,533,174,308
99,104,45,15,127,9,101,41,42,42,77,127,193,68,76,71,75,177,105,14,66,116,74,48,76,45,98,61,62,145,159,291,58,94,29,119,97,11,46,111,79,19,91,45,87,89,83,111,37,91
426,439,182,77,486,101,238,151,139,220,426,549,861,288,258,310,336,838,470,63,267,499,289,202,294,123,335,226,235,624,739,1376,255,420,114,478,430,89,243,537,316,107,375,216,361,430,298,492,152,343
204,129,65,31,161,41,151,23,49,67,142,171,298,114,94,82,117,264,157,22,89,158,98,80,100,42,112,77,74,191,218,423,84,156,29,147,155,26,71,158,72,28,118,59,139,137,98,143,69,100
163,123,60,34,173,42,139,49,21,63,156,184,297,108,86,106,119,288,171,12,95,168,95,59,102,40,105,70,67,216,276,477,89,156,31,164,161,36,76,171,120,30,148,57,117,178,94,167,55,102
243,177,91,32,219,42,220,67,63,43,193,211,383,133,106,119,137,383,222,25,125,234,127,85,146,57,141,108,98,270,325,579,98,196,46,197,202,41,107,222,130,35,174,75,178,179,127,204,82,139
478,389,193,69,443,77,426,142,156,193,195,496,801,266,226,248,302,763,434,54,230,444,276,163,281,110,289,205,197,526,643,1152,260,392,87,448,427,75,224,447,268,91,322,160,368,396,276,434,164,307
517,541,227,85,560,127,549,171,184,211,496,306,1050,340,316,335,404,1024,563,63,325,584,335,199,350,140,388,269,278,678,861,1593,327,541,129,614,521,107,289,617,379,126,467,228,448,518,372,573,227,364
819,793,361,147,928,193,861,298,297,383,801,1050,792,583,489,529,673,1439,966,121,555,962,523,314,593,226,616,390,463,1128,1436,2384,480,838,200,1004,815,172,465,996,589,194,636,377,722,869,567,956,317,637
359,270,126,55,352,68,288,114,108,133,266,340,583,98,158,186,219,596,330,43,190,343,210,134,198,84,227,173,157,374,490,892,178,316,78,322,306,56,180,309,218,91,236,111,254,300,176,350,138,226
297,218,93,60,261,76,258,94,86,106,226,316,489,158,81,126,213,484,256,29,144,256,167,119,177,63,156,106,145,283,386,734,145,242,76,256,256,41,144,293,178,52,189,88,229,255,173,273,110,166
340,258,111,68,296,71,310,82,106,119,248,335,529,186,126,73,240,522,291,35,182,296,182,122,166,67,178,123,152,302,442,849,151,267,71,299,279,48,158,318,178,63,210,101,233,287,175,286,122,206
349,318,154,59,389,75,336,117,119,137,302,404,673,219,213,240,122,687,361,42,203,372,215,129,231,90,229,181,190,466,543,1018,192,334,88,370,342,54,183,399,201,87,277,122,291,348,248,368,140,219
810,811,349,131,939,177,838,264,288,383,763,1024,1439,596,484,522,687,755,933,114,524,935,542,342,615,244,652,421,484,1115,1410,2396,472,841,179,1003,805,171,426,1005,597,200,662,361,747,927,572,953,302,604
487,447,200,101,514,105,470,157,171,222,434,563,966,330,256,291,361,933,250,76,261,453,293,200,327,143,366,238,255,638,741,1445,286,500,114,526,459,79,233,551,296,104,392,218,418,484,341,551,171,343
61,56,21,8,57,14,63,22,12,25,54,63,121,43,29,35,42,114,76,2,36,73,37,26,41,17,50,29,31,67,77,192,42,68,12,63,70,9,34,76,28,12,51,17,47,56,39,64,25,31
320,229,99,46,278,66,267,89,95,125,230,325,555,190,144,182,203,524,261,36,77,287,165,116,168,66,194,120,144,306,418,798,148,236,59,261,266,50,140,289,158,47,205,106,215,251,185,297,109,193
509,468,198,90,558,116,499,158,168,234,444,584,962,343,256,296,372,935,453,73,287,249,289,193,331,130,361,228,259,613,713,1421,283,478,110,543,469,85,233,558,329,101,376,207,402,504,332,547,169,396
374,264,102,53,284,74,289,98,95,127,276,335,523,210,167,182,215,542,293,37,165,289,96,116,197,62,181,136,146,363,436,862,167,277,84,324,275,40,145,306,203,71,230,106,238,283,193,292,121,215
208,176,74,38,198,48,202,80,59,85,163,199,314,134,119,122,129,342,200,26,116,193,116,42,132,53,141,99,100,237,310,548,105,203,43,226,204,32,117,215,137,48,144,77,157,196,119,203,61,135
404,271,132,55,321,76,294,100,102,146,281,350,593,198,177,166,231,615,327,41,168,331,197,132,118,84,223,143,156,412,507,974,190,302,74,361,292,54,166,377,228,69,243,112,238,334,189,330,122,234
175,113,42,22,123,45,123,42,40,57,110,140,226,84,63,67,90,244,143,17,66,130,62,53,84,9,70,72,60,157,198,388,70,151,26,142,106,21,61,122,97,31,119,49,102,127,82,142,41,115
403,307,121,64,343,98,335,112,105,141,289,388,616,227,156,178,229,652,366,50,194,361,181,141,223,70,117,169,163,405,527,1007,196,330,74,354,313,56,176,366,215,74,254,129,267,324,219,332,120,239
287,194,94,44,259,61,226,77,70,108,205,269,390,173,106,123,181,421,238,29,120,228,136,99,143,72,169,58,105,300,359,626,119,238,48,217,224,30,129,289,157,44,185,83,169,234,151,259,75,174
320,207,95,38,238,62,235,74,67,98,197,278,463,157,145,152,190,484,255,31,144,259,146,100,156,60,163,105,56,295,369,729,130,233,61,267,231,38,114,250,147,49,197,100,186,250,140,286,97,155
650,573,233,108,638,145,624,191,216,270,526,678,1128,374,283,302,466,1115,638,67,306,613,363,237,412,157,405,300,295,376,983,1809,359,598,119,708,572,94,302,742,456,124,457,257,494,608,390,674,249,428
692,701,292,130,754,159,739,218,276,325,643,861,1436,490,386,442,543,1410,741,77,418,713,436,310,507,198,527,359,369,983,606,2139,404,708,172,771,675,114,356,855,502,153,537,304,607,727,504,791,271,497
1175,1216,581,219,1468,291,1376,423,477,579,1152,1593,2384,892,734,849,1018,2396,1445,192,798,1421,862,548,974,388,1007,626,729,1809,2139,1884,728,1308,279,1535,1215,260,687,1462,939,332,1047,565,1127,1275,923,1471,448,978
224,217,101,42,286,58,255,84,89,98,260,327,480,178,145,151,192,472,286,42,148,283,167,105,190,70,196,119,130,359,404,728,72,239,60,260,236,44,127,284,173,59,213,93,236,249,194,290,105,179
481,413,196,73,491,94,420,156,156,196,392,541,838,316,242,267,334,841,500,68,236,478,277,203,302,151,330,238,233,598,708,1308,239,239,92,469,434,80,206,495,327,95,378,185,354,458,314,486,163,341
109,114,41,17,101,29,114,29,31,46,87,129,200,78,76,71,88,179,114,12,59,110,84,43,74,26,74,48,61,119,172,279,60,92,12,109,107,25,57,122,79,27,82,44,100,117,79,130,36,86
520,485,182,92,555,119,478,147,164,197,448,614,1004,322,256,299,370,1003,526,63,261,543,324,226,361,142,354,217,267,708,771,1535,260,469,109,278,519,79,276,579,347,106,417,208,449,474,316,579,203,348
460,409,178,84,468,97,430,155,161,202,427,521,815,306,256,279,342,805,459,70,266,469,275,204,292,106,313,224,231,572,675,1215,236,434,107,519,234,87,240,500,311,97,371,188,364,449,288,478,154,341
88,66,34,9,82,11,89,26,36,41,75,107,172,56,41,48,54,171,79,9,50,85,40,32,54,21,56,30,38,94,114,260,44,80,25,79,87,9,39,95,55,15,66,29,73,75,66,91,31,47
276,232,102,47,254,46,243,71,76,107,224,289,465,180,144,158,183,426,233,34,140,233,145,117,166,61,176,129,114,302,356,687,127,206,57,276,240,39,61,273,158,55,182,87,203,248,148,238,95,152
497,489,219,87,555,111,537,158,171,222,447,617,996,309,293,318,399,1005,551,76,289,558,306,215,377,122,366,289,250,742,855,1462,284,495,122,579,500,95,273,296,376,102,390,204,428,495,369,520,204,358
294,296,116,62,348,79,316,72,120,130,268,379,589,218,178,178,201,597,296,28,158,329,203,137,228,97,215,157,147,456,502,939,173,327,79,347,311,55,158,376,105,61,239,136,284,325,213,351,136,215
101,83,38,20,102,19,107,28,30,35,91,126,194,91,52,63,87,200,104,12,47,101,71,48,69,31,74,44,49,124,153,332,59,95,27,106,97,15,55,102,61,6,67,45,95,102,50,102,35,71
365,311,157,79,403,91,375,118,148,174,322,467,636,236,189,210,277,662,392,51,205,376,230,144,243,119,254,185,197,457,537,1047,213,378,82,417,371,66,182,390,239,67,142,136,313,381,251,388,145,242
171,189,94,39,170,45,216,59,57,75,160,228,377,111,88,101,122,361,218,17,106,207,106,77,112,49,129,83,100,257,304,565,93,185,44,208,188,29,87,204,136,45,136,35,143,187,117,198,75,122
462,324,161,74,418,87,361,139,117,178,368,448,722,254,229,233,291,747,418,47,215,402,238,157,238,102,267,169,186,494,607,1127,236,354,100,449,364,73,203,428,284,95,313,143,141,414,233,391,161,300
435,401,188,69,471,89,430,137,178,179,396,518,869,300,255,287,348,927,484,56,251,504,283,196,334,127,324,234,250,608,727,1275,249,458,117,474,449,75,248,495,325,102,381,187,414,217,303,481,190,315
358,267,133,67,348,83,298,98,94,127,276,372,567,176,173,175,248,572,341,39,185,332,193,119,189,82,219,151,140,390,504,923,194,314,79,316,288,66,148,369,213,50,251,117,233,303,93,336,106,219
520,462,214,92,533,111,492,143,167,204,434,573,956,350,273,286,368,953,551,64,297,547,292,203,330,142,332,259,286,674,791,1471,290,486,130,579,478,91,238,520,351,102,388,198,391,481,336,246,189,347
177,160,70,30,174,37,152,69,55,82,164,227,317,138,110,122,140,302,171,25,109,169,121,61,122,41,120,75,97,249,271,448,105,163,36,203,154,31,95,204,136,35,145,75,161,190,106,189,29,135
369,262,112,49,308,91,343,100,102,139,307,364,637,226,166,206,219,604,343,31,193,396,215,135,234,115,239,174,155,428,497,978,179,341,86,348,341,47,152,358,215,71,242,122,300,315,219,347,135,112
