282,440,194,100,490,118,443,179,172,215,414,475,808,370,311,310,352,820,481,70,328,522,326,220,364,127,313,286,285,616,732,1161,234,478,95,527,484,78,230,435,328,105,363,183,452,451,333,486,178,369
440,171,173,74,448,113,432,124,138,173,404,458,755,274,233,245,303,756,442,48,216,441,240,158,287,102,252,211,219,525,620,1205,243,383,72,401,371,73,191,416,302,73,327,154,343,409,277,449,148,279
194,173,33,31,204,41,182,57,64,81,170,211,319,98,99,100,146,336,196,27,102,218,126,84,143,51,120,89,102,264,316,548,117,200,49,185,194,37,95,206,119,38,167,78,153,180,121,203,86,154
100,74,31,5,84,11,82,21,18,36,57,84,149,66,50,57,52,149,75,11,47,95,56,40,40,18,55,40,42,105,118,208,47,81,20,88,67,16,38,74,49,11,57,30,60,83,66,89,29,58
490,448,204,84,257,125,505,151,148,219,422,589,917,344,272,316,363,915,515,62,278,559,298,200,356,137,372,257,260,617,764,1491,276,476,114,547,464,70,251,514,339,101,358,193,434,501,316,551,180,368
118,113,41,11,125,9,92,29,28,50,92,109,167,82,71,72,82,175,109,15,66,112,73,41,60,26,89,46,58,150,151,276,70,94,23,123,98,20,50,121,66,14,78,39,80,100,91,105,25,78
443,432,182,82,505,92,211,155,140,210,394,520,841,302,260,284,356,839,486,62,252,505,279,184,309,98,319,234,254,624,695,1369,250,431,107,543,425,76,242,501,325,90,336,154,367,471,327,466,168,295
179,124,57,21,151,29,155,22,59,62,136,160,266,99,78,92,122,265,158,21,83,180,86,70,93,39,98,69,67,185,234,447,79,157,38,165,148,25,74,172,105,26,127,56,119,165,87,171,74,96
172,138,64,18,148,28,140,59,19,71,133,184,299,101,89,92,110,269,159,15,76,144,86,65,108,35,120,84,92,195,236,446,88,142,37,146,138,28,80,149,98,31,143,68,143,157,96,170,66,120
215,173,81,36,219,50,210,62,71,47,157,222,353,141,108,110,143,323,215,25,119,202,133,90,129,52,138,92,97,245,291,515,100,198,46,215,202,25,111,220,127,46,166,82,166,175,126,225,70,140
414,404,170,57,422,92,394,136,133,157,179,478,731,278,223,273,294,678,444,59,227,433,261,177,260,105,295,196,217,516,630,1134,222,397,105,468,404,68,220,477,276,87,316,180,346,409,263,432,163,292
475,458,211,84,589,109,520,160,184,222,478,301,1005,360,289,315,406,997,551,71,302,544,323,203,339,137,337,253,294,726,852,1599,304,484,142,589,476,112,288,604,375,117,416,214,445,528,344,607,208,371
808,755,319,149,917,167,841,266,299,353,731,1005,823,581,492,487,680,1527,925,111,483,892,547,365,579,230,577,427,460,1160,1338,2485,496,861,214,1034,848,156,455,953,590,184,699,376,718,824,587,931,330,579
370,274,98,66,344,82,302,99,101,141,278,360,581,88,170,181,243,575,357,43,175,328,188,123,199,68,213,157,159,408,494,916,161,325,95,322,272,51,182,328,218,70,234,110,241,266,211,328,139,231
311,233,99,50,272,71,260,78,89,108,223,289,492,170,73,122,180,459,272,28,152,285,148,122,160,71,183,115,137,328,427,756,141,266,67,243,244,49,146,280,184,58,194,97,215,280,180,283,94,195
310,245,100,57,316,72,284,92,92,110,273,315,487,181,122,83,188,485,280,43,173,325,177,126,191,86,194,129,156,343,473,789,144,281,73,275,289,49,155,320,190,60,216,115,251,306,183,300,108,209
352,303,146,52,363,82,356,122,110,143,294,406,680,243,180,188,125,672,388,39,213,370,190,155,234,90,217,201,203,466,552,994,188,331,78,391,356,73,186,398,242,85,289,133,296,357,232,367,138,244
820,756,336,149,915,175,839,265,269,323,678,997,1527,575,459,485,672,838,961,130,475,941,541,358,584,236,592,425,437,1138,1307,2486,496,807,230,976,805,136,444,982,616,181,706,351,680,843,576,919,327,610
481,442,196,75,515,109,486,158,159,215,444,551,925,357,272,280,388,961,264,63,277,497,298,201,334,145,374,247,255,652,742,1388,263,468,127,559,470,85,256,542,328,99,400,190,407,497,313,582,190,347
70,48,27,11,62,15,62,21,15,25,59,71,111,43,28,43,39,130,63,2,33,64,34,31,53,10,43,22,34,78,97,202,28,58,19,53,64,10,32,65,58,15,55,29,48,58,37,91,30,32
328,216,102,47,278,66,252,83,76,119,227,302,483,175,152,173,213,475,277,33,82,300,168,105,190,75,175,128,139,332,378,774,164,262,49,286,241,41,139,304,176,46,234,95,215,250,181,311,86,182
522,441,218,95,559,112,505,180,144,202,433,544,892,328,285,325,370,941,497,64,300,277,326,208,365,143,346,264,299,654,768,1400,251,507,130,539,503,91,255,534,340,132,381,175,457,493,354,551,197,341
326,240,126,56,298,73,279,86,86,133,261,323,547,188,148,177,190,541,298,34,168,326,80,124,159,70,192,145,152,381,461,834,152,293,52,311,303,50,135,331,217,66,227,101,240,295,193,288,103,199
220,158,84,40,200,41,184,70,65,90,177,203,365,123,122,126,155,358,201,31,105,208,124,37,138,55,129,104,111,261,294,570,112,188,49,229,188,33,109,194,120,38,157,65,159,180,134,206,77,140
364,287,143,40,356,60,309,93,108,129,260,339,579,199,160,191,234,584,334,53,190,365,159,138,108,68,205,141,178,441,498,887,173,289,73,330,300,58,179,357,223,66,246,122,244,302,228,353,115,235
127,102,51,18,137,26,98,39,35,52,105,137,230,68,71,86,90,236,145,10,75,143,70,55,68,7,85,74,66,161,188,374,65,101,27,108,114,21,67,154,78,22,93,48,93,131,87,136,44,92
313,252,120,55,372,89,319,98,120,138,295,337,577,213,183,194,217,592,374,43,175,346,192,129,205,85,107,155,173,394,533,979,185,326,75,321,290,57,163,373,210,62,261,126,257,363,236,381,133,221
286,211,89,40,257,46,234,69,84,92,196,253,427,157,115,129,201,425,247,22,128,264,145,104,141,74,155,47,117,286,403,664,126,216,54,254,225,30,110,264,149,52,187,86,208,219,151,265,82,161
285,219,102,42,260,58,254,67,92,97,217,294,460,159,137,156,203,437,255,34,139,299,152,111,178,66,173,117,47,316,396,710,147,218,54,248,259,42,148,282,152,56,202,90,202,240,165,273,100,197
616,525,264,105,617,150,624,185,195,245,516,726,1160,408,328,343,466,1138,652,78,332,654,381,261,441,161,394,286,316,386,952,1807,309,600,140,663,626,99,304,672,417,113,493,232,485,580,389,678,237,427
732,620,316,118,764,151,695,234,236,291,630,852,1338,494,427,473,552,1307,742,97,378,768,461,294,498,188,533,403,396,952,545,2077,384,731,174,838,763,128,387,804,495,177,589,289,632,671,451,818,281,513
1161,1205,548,208,1491,276,1369,447,446,515,1134,1599,2485,916,756,789,994,2486,1388,202,774,1400,834,570,887,374,979,664,710,1807,2077,1882,769,1297,307,1541,1274,221,743,1543,916,288,1058,560,1125,1287,894,1448,489,897
234,243,117,47,276,70,250,79,88,100,222,304,496,161,141,144,188,496,263,28,164,251,152,112,173,65,185,126,147,309,384,769,67,264,60,294,270,45,119,290,169,66,203,103,211,248,160,278,101,165
478,383,200,81,476,94,431,157,142,198,397,484,861,325,266,281,331,807,468,58,262,507,293,188,289,101,326,216,218,600,731,1297,264,212,106,503,491,69,200,480,318,111,364,178,365,418,312,549,172,344
95,72,49,20,114,23,107,38,37,46,105,142,214,95,67,73,78,230,127,19,49,130,52,49,73,27,75,54,54,140,174,307,60,106,13,122,117,16,50,122,77,28,83,47,112,105,88,146,48,71
527,401,185,88,547,123,543,165,146,215,468,589,1034,322,243,275,391,976,559,53,286,539,311,229,330,108,321,254,248,663,838,1541,294,503,122,299,514,97,259,558,320,116,388,189,426,511,329,562,213,350
484,371,194,67,464,98,425,148,138,202,404,476,848,272,244,289,356,805,470,64,241,503,303,188,300,114,290,225,259,626,763,1274,270,491,117,514,211,59,258,490,328,93,349,200,367,424,302,480,181,305
78,73,37,16,70,20,76,25,28,25,68,112,156,51,49,49,73,136,85,10,41,91,50,33,58,21,57,30,42,99,128,221,45,69,16,97,59,7,48,90,58,23,68,31,67,77,52,94,27,53
230,191,95,38,251,50,242,74,80,111,220,288,455,182,146,155,186,444,256,32,139,255,135,109,179,67,163,110,148,304,387,743,119,200,50,259,258,48,55,283,160,50,193,93,234,238,158,272,99,147
435,416,206,74,514,121,501,172,149,220,477,604,953,328,280,320,398,982,542,65,304,534,331,194,357,154,373,264,282,672,804,1543,290,480,122,558,490,90,283,275,369,106,380,195,425,481,341,540,187,362
328,302,119,49,339,66,325,105,98,127,276,375,590,218,184,190,242,616,328,58,176,340,217,120,223,78,210,149,152,417,495,916,169,318,77,320,328,58,160,369,114,66,275,134,252,315,211,327,117,210
105,73,38,11,101,14,90,26,31,46,87,117,184,70,58,60,85,181,99,15,46,132,66,38,66,22,62,52,56,113,177,288,66,111,28,116,93,23,50,106,66,9,74,44,93,119,68,122,44,69
363,327,167,57,358,78,336,127,143,166,316,416,699,234,194,216,289,706,400,55,234,381,227,157,246,93,261,187,202,493,589,1058,203,364,83,388,349,68,193,380,275,74,151,126,304,371,227,362,125,261
183,154,78,30,193,39,154,56,68,82,180,214,376,110,97,115,133,351,190,29,95,175,101,65,122,48,126,86,90,232,289,560,103,178,47,189,200,31,93,195,134,44,126,33,143,181,136,188,77,137
452,343,153,60,434,80,367,119,143,166,346,445,718,241,215,251,296,680,407,48,215,457,240,159,244,93,257,208,202,485,632,1125,211,365,112,426,367,67,234,425,252,93,304,143,144,371,266,438,153,304
451,409,180,83,501,100,471,165,157,175,409,528,824,266,280,306,357,843,497,58,250,493,295,180,302,131,363,219,240,580,671,1287,248,418,105,511,424,77,238,481,315,119,371,181,371,204,286,517,194,327
333,277,121,66,316,91,327,87,96,126,263,344,587,211,180,183,232,576,313,37,181,354,193,134,228,87,236,151,165,389,451,894,160,312,88,329,302,52,158,341,211,68,227,136,266,286,111,319,129,222
486,449,203,89,551,105,466,171,170,225,432,607,931,328,283,300,367,919,582,91,311,551,288,206,353,136,381,265,273,678,818,1448,278,549,146,562,480,94,272,540,327,122,362,188,438,517,319,256,188,347
178,148,86,29,180,25,168,74,66,70,163,208,330,139,94,108,138,327,190,30,86,197,103,77,115,44,133,82,100,237,281,489,101,172,48,213,181,27,99,187,117,44,125,77,153,194,129,188,30,124
369,279,154,58,368,78,295,96,120,140,292,371,579,231,195,209,244,610,347,32,182,341,199,140,235,92,221,161,197,427,513,897,165,344,71,350,305,53,147,362,210,69,261,137,304,327,222,347,124,142
