244,460,211,84,474,106,451,205,187,219,399,503,799,360,292,329,376,785,497,60,328,508,337,193,353,140,370,269,288,587,682,1196,237,470,102,523,463,101,262,455,342,103,343,174,413,442,319,455,166,394
460,181,193,91,409,90,454,131,140,181,363,480,765,292,255,265,324,770,448,57,213,468,273,193,274,101,289,198,200,560,606,1195,240,412,102,475,412,74,222,471,270,99,317,170,361,382,296,432,166,297
211,193,48,38,201,49,214,54,70,94,190,208,361,146,101,119,145,339,236,30,113,201,109,89,156,73,147,93,97,252,301,590,107,207,31,198,181,36,108,239,118,39,135,69,148,182,131,205,62,139
84,91,38,7,79,16,78,14,30,38,84,82,140,48,49,53,51,140,85,11,52,87,61,31,62,15,53,45,52,123,113,204,43,81,25,81,76,16,38,80,43,21,58,30,68,86,57,95,28,70
474,409,201,79,258,98,474,157,139,196,395,551,910,317,253,274,358,897,498,71,280,540,287,193,337,128,322,250,253,631,753,1405,287,445,127,538,443,103,256,516,340,121,387,213,393,445,343,511,183,338
106,90,49,16,98,6,103,35,36,60,116,108,167,68,60,74,75,181,112,6,65,118,67,51,80,27,71,62,60,131,150,268,59,82,22,95,89,24,52,108,77,28,77,46,89,115,80,122,41,90
451,454,214,78,474,103,232,157,144,203,421,538,841,328,247,287,311,849,493,56,276,503,292,198,348,118,348,252,248,635,731,1343,266,429,110,504,420,100,237,550,318,102,367,179,398,435,319,494,184,321
205,131,54,14,157,35,157,18,41,65,131,161,309,99,70,86,104,293,146,13,77,156,78,57,98,46,103,59,71,198,216,440,94,137,36,150,139,26,68,154,110,31,115,50,119,126,94,175,57,109
187,140,70,30,139,36,144,41,27,59,132,189,306,116,84,89,124,314,160,20,91,149,86,58,102,52,115,78,71,205,249,454,90,151,35,178,133,28,82,185,100,24,128,71,120,153,104,169,57,114
219,181,94,38,196,60,203,65,59,53,162,226,411,151,103,99,138,392,207,19,111,213,126,81,153,48,134,79,119,244,300,635,129,214,52,228,196,33,94,235,136,40,161,85,168,208,129,218,81,135
399,363,190,84,395,116,421,131,132,162,176,470,760,291,230,235,294,776,444,51,241,447,248,164,290,90,262,190,218,537,593,1244,230,399,120,434,379,71,187,439,278,102,290,150,346,371,274,416,167,272
503,480,208,82,551,108,538,161,189,226,470,310,974,369,270,308,365,993,590,66,280,581,345,201,378,119,355,276,292,651,893,1497,287,573,138,580,526,105,267,533,389,109,397,206,472,502,354,565,222,374
799,765,361,140,910,167,841,309,306,411,760,974,753,560,438,507,664,1381,895,128,506,906,517,375,576,232,630,461,431,1095,1343,2285,449,867,172,977,834,131,452,941,599,192,637,334,703,785,541,958,308,615
360,292,146,48,317,68,328,99,116,151,291,369,560,100,157,168,221,597,318,37,160,349,179,130,215,82,224,168,170,416,452,922,186,280,56,345,313,50,165,305,193,80,231,129,261,288,212,335,129,233
292,255,101,49,253,60,247,70,84,103,230,270,438,157,79,132,185,450,263,32,139,254,157,103,187,65,180,109,136,336,380,726,156,270,58,282,232,32,110,289,163,60,201,110,195,223,165,279,102,163
329,265,119,53,274,74,287,86,89,99,235,308,507,168,132,73,193,485,314,29,151,296,173,104,188,78,182,124,129,398,426,797,172,271,65,285,258,44,136,307,186,58,226,104,215,271,185,328,109,203
376,324,145,51,358,75,311,104,124,138,294,365,664,221,185,193,127,664,386,45,184,384,203,155,255,88,264,183,201,478,537,981,204,309,69,386,322,60,176,373,234,64,273,143,302,333,233,362,149,218
785,770,339,140,897,181,849,293,314,392,776,993,1381,597,450,485,664,725,862,122,490,878,526,339,608,231,618,445,435,1087,1304,2267,427,907,185,980,858,143,456,918,573,189,642,332,677,760,532,942,303,591
497,448,236,85,498,112,493,146,160,207,444,590,895,318,263,314,386,862,260,57,286,482,299,211,293,140,374,264,247,623,756,1375,263,498,102,502,466,92,253,548,340,99,388,192,383,441,297,518,181,326
60,57,30,11,71,6,56,13,20,19,51,66,128,37,32,29,45,122,57,5,28,61,42,12,52,14,32,30,33,75,100,175,34,47,15,57,55,4,31,58,46,16,44,18,57,58,39,72,25,37
328,213,113,52,280,65,276,77,91,111,241,280,506,160,139,151,184,490,286,28,81,294,171,93,195,70,166,133,124,308,438,836,155,250,59,279,267,36,137,290,198,52,197,101,232,257,170,303,125,164
508,468,201,87,540,118,503,156,149,213,447,581,906,349,254,296,384,878,482,61,294,295,305,250,343,135,390,284,245,631,760,1391,263,501,119,530,477,77,242,558,346,97,402,201,416,443,334,528,188,343
337,273,109,61,287,67,292,78,86,126,248,345,517,179,157,173,203,526,299,42,171,305,93,128,196,73,193,136,156,348,471,894,133,285,64,273,284,54,140,315,176,54,236,126,216,290,158,334,110,204
193,193,89,31,193,51,198,57,58,81,164,201,375,130,103,104,155,339,211,12,93,250,128,40,129,54,130,111,106,231,293,566,101,179,43,210,195,28,104,208,121,41,164,66,169,187,116,211,74,132
353,274,156,62,337,80,348,98,102,153,290,378,576,215,187,188,255,608,293,52,195,343,196,129,112,79,213,153,176,403,498,990,173,296,90,343,327,48,150,333,204,74,245,111,276,305,213,348,137,208
140,101,73,15,128,27,118,46,52,48,90,119,232,82,65,78,88,231,140,14,70,135,73,54,79,16,72,54,57,161,200,366,76,107,28,127,118,18,66,138,78,23,104,59,99,115,93,156,55,71
370,289,147,53,322,71,348,103,115,134,262,355,630,224,180,182,264,618,374,32,166,390,193,130,213,72,120,155,155,402,534,1017,199,288,89,363,302,58,172,360,207,74,246,125,283,296,219,384,130,223
269,198,93,45,250,62,252,59,78,79,190,276,461,168,109,124,183,445,264,30,133,284,136,111,153,54,155,50,113,290,361,679,118,227,66,250,230,40,102,248,163,45,196,86,206,218,144,285,88,170
288,200,97,52,253,60,248,71,71,119,218,292,431,170,136,129,201,435,247,33,124,245,156,106,176,57,155,113,43,284,378,742,122,235,56,266,239,35,125,277,146,49,220,107,215,230,163,273,90,179
587,560,252,123,631,131,635,198,205,244,537,651,1095,416,336,398,478,1087,623,75,308,631,348,231,403,161,402,290,284,381,975,1715,311,614,156,674,598,93,331,678,453,121,455,228,491,562,401,696,202,400
682,606,301,113,753,150,731,216,249,300,593,893,1343,452,380,426,537,1304,756,100,438,760,471,293,498,200,534,361,378,975,539,2005,367,721,156,783,687,128,378,806,529,151,575,284,599,683,440,798,260,513
1196,1195,590,204,1405,268,1343,440,454,635,1244,1497,2285,922,726,797,981,2267,1375,175,836,1391,894,566,990,366,1017,679,742,1715,2005,1794,702,1356,310,1452,1291,229,665,1473,926,321,983,525,1105,1227,856,1380,469,964
237,240,107,43,287,59,266,94,90,129,230,287,449,186,156,172,204,427,263,34,155,263,133,101,173,76,199,118,122,311,367,702,64,268,67,285,258,52,149,267,187,43,201,102,179,237,170,272,79,182
470,412,207,81,445,82,429,137,151,214,399,573,867,280,270,271,309,907,498,47,250,501,285,179,296,107,288,227,235,614,721,1356,268,185,116,493,431,79,238,488,299,98,333,174,368,433,291,492,179,311
102,102,31,25,127,22,110,36,35,52,120,138,172,56,58,65,69,185,102,15,59,119,64,43,90,28,89,66,56,156,156,310,67,116,10,122,93,16,59,116,67,20,92,39,96,91,93,118,39,80
523,475,198,81,538,95,504,150,178,228,434,580,977,345,282,285,386,980,502,57,279,530,273,210,343,127,363,250,266,674,783,1452,285,493,122,273,480,88,263,572,353,109,389,188,428,507,321,550,204,370
463,412,181,76,443,89,420,139,133,196,379,526,834,313,232,258,322,858,466,55,267,477,284,195,327,118,302,230,239,598,687,1291,258,431,93,480,203,73,209,475,314,91,322,170,376,471,307,491,158,303
101,74,36,16,103,24,100,26,28,33,71,105,131,50,32,44,60,143,92,4,36,77,54,28,48,18,58,40,35,93,128,229,52,79,16,88,73,7,43,91,64,17,65,39,64,83,56,88,31,60
262,222,108,38,256,52,237,68,82,94,187,267,452,165,110,136,176,456,253,31,137,242,140,104,150,66,172,102,125,331,378,665,149,238,59,263,209,43,58,249,150,42,205,97,213,209,166,256,68,175
455,471,239,80,516,108,550,154,185,235,439,533,941,305,289,307,373,918,548,58,290,558,315,208,333,138,360,248,277,678,806,1473,267,488,116,572,475,91,249,292,391,111,410,173,433,483,321,550,195,333
342,270,118,43,340,77,318,110,100,136,278,389,599,193,163,186,234,573,340,46,198,346,176,121,204,78,207,163,146,453,529,926,187,299,67,353,314,64,150,391,110,80,234,126,259,313,206,355,118,230
103,99,39,21,121,28,102,31,24,40,102,109,192,80,60,58,64,189,99,16,52,97,54,41,74,23,74,45,49,121,151,321,43,98,20,109,91,17,42,111,80,7,80,37,71,84,69,95,39,77
343,317,135,58,387,77,367,115,128,161,290,397,637,231,201,226,273,642,388,44,197,402,236,164,245,104,246,196,220,455,575,983,201,333,92,389,322,65,205,410,234,80,136,132,306,336,240,395,147,248
174,170,69,30,213,46,179,50,71,85,150,206,334,129,110,104,143,332,192,18,101,201,126,66,111,59,125,86,107,228,284,525,102,174,39,188,170,39,97,173,126,37,132,29,151,180,115,194,68,133
413,361,148,68,393,89,398,119,120,168,346,472,703,261,195,215,302,677,383,57,232,416,216,169,276,99,283,206,215,491,599,1105,179,368,96,428,376,64,213,433,259,71,306,151,145,363,221,411,154,279
442,382,182,86,445,115,435,126,153,208,371,502,785,288,223,271,333,760,441,58,257,443,290,187,305,115,296,218,230,562,683,1227,237,433,91,507,471,83,209,483,313,84,336,180,363,207,299,485,168,322
319,296,131,57,343,80,319,94,104,129,274,354,541,212,165,185,233,532,297,39,170,334,158,116,213,93,219,144,163,401,440,856,170,291,93,321,307,56,166,321,206,69,240,115,221,299,79,302,138,212
455,432,205,95,511,122,494,175,169,218,416,565,958,335,279,328,362,942,518,72,303,528,334,211,348,156,384,285,273,696,798,1380,272,492,118,550,491,88,256,550,355,95,395,194,411,485,302,252,183,334
166,166,62,28,183,41,184,57,57,81,167,222,308,129,102,109,149,303,181,25,125,188,110,74,137,55,130,88,90,202,260,469,79,179,39,204,158,31,68,195,118,39,147,68,154,168,138,183,40,114
394,297,139,70,338,90,321,109,114,135,272,374,615,233,163,203,218,591,326,37,164,343,204,132,208,71,223,170,179,400,513,964,182,311,80,370,303,60,175,333,230,77,248,133,279,322,212,334,114,127
