254,469,234,104,509,99,518,187,173,250,442,548,774,370,314,344,343,795,499,67,316,528,351,220,370,146,361,282,312,643,706,1272,247,467,114,513,492,79,248,511,313,125,365,182,474,444,329,531,184,380
469,163,160,78,446,108,423,151,136,212,376,497,818,281,218,230,315,817,480,60,244,475,253,172,277,100,273,192,201,586,681,1245,248,432,101,449,389,62,241,461,318,89,329,146,343,415,260,484,182,308
234,160,34,37,190,44,210,53,62,99,183,186,365,117,85,101,162,373,200,23,116,227,117,83,133,46,114,79,104,257,301,587,108,171,38,208,169,39,94,233,134,41,159,69,184,192,129,244,69,146
104,78,37,9,84,24,83,33,26,38,74,86,140,53,51,47,59,156,87,7,59,78,47,36,75,23,60,43,49,118,119,210,54,70,17,103,80,18,43,87,51,23,55,50,74,74,70,93,24,62
509,446,190,84,253,121,475,148,177,219,443,579,950,308,264,294,342,904,510,71,265,503,296,177,371,108,321,239,246,645,744,1473,293,440,113,563,436,84,239,520,331,87,404,191,393,501,300,502,187,394
99,108,44,24,121,17,118,40,32,45,92,115,193,91,67,67,80,206,125,10,55,119,66,50,91,31,67,51,61,160,175,309,69,106,21,115,103,27,62,129,69,26,81,54,86,104,82,143,32,89
518,423,210,83,475,118,234,161,162,212,413,531,894,320,273,270,362,870,511,70,300,502,302,178,328,129,323,230,230,665,752,1365,308,455,119,523,442,94,251,513,314,104,357,181,374,432,321,522,173,340
187,151,53,33,148,40,161,19,38,59,129,138,248,98,76,92,114,274,163,17,93,165,88,60,104,44,110,71,72,178,248,416,82,171,33,159,134,28,62,189,97,37,117,55,109,145,95,167,56,135
173,136,62,26,177,32,162,38,26,72,132,185,311,100,93,87,108,295,162,19,87,185,93,76,102,40,107,82,80,194,232,468,69,161,38,182,148,18,71,192,128,39,121,58,132,157,97,168,45,108
250,212,99,38,219,45,212,59,72,43,166,228,338,128,125,115,151,338,207,24,135,216,130,88,119,45,143,91,105,248,304,521,117,180,49,211,210,32,84,220,144,33,162,62,186,190,124,207,88,140
442,376,183,74,443,92,413,129,132,166,180,466,736,278,240,224,318,719,422,57,234,458,260,182,267,109,274,207,207,531,637,1143,224,421,100,464,390,92,201,434,302,86,298,152,345,423,259,448,188,299
548,497,186,86,579,115,531,138,185,228,466,327,1062,363,304,323,388,1014,551,81,334,589,310,230,379,129,364,233,291,726,915,1666,283,531,153,603,503,90,245,624,372,100,465,198,444,552,370,621,214,360
774,818,365,140,950,193,894,248,311,338,736,1062,890,603,458,523,636,1506,978,133,504,959,541,388,650,235,632,416,459,1171,1450,2548,504,862,200,991,832,157,480,951,611,224,677,346,793,843,575,984,317,608
370,281,117,53,308,91,320,98,100,128,278,363,603,107,176,183,254,561,352,44,175,328,187,122,222,99,216,146,169,407,491,953,190,289,82,328,333,57,178,361,218,68,253,106,268,295,199,357,128,251
314,218,85,51,264,67,273,76,93,125,240,304,458,176,63,135,194,460,295,19,152,279,158,114,195,75,172,119,124,336,392,693,140,273,51,260,251,47,143,286,174,43,182,95,222,269,162,278,108,184
344,230,101,47,294,67,270,92,87,115,224,323,523,183,135,87,223,506,305,30,182,279,158,116,169,74,179,119,153,338,407,804,160,282,68,313,253,48,159,300,177,42,197,112,214,294,167,299,119,194
343,315,162,59,342,80,362,114,108,151,318,388,636,254,194,223,114,649,343,44,226,376,224,147,233,77,266,168,175,505,547,1050,178,386,105,362,366,55,180,414,249,85,265,126,320,342,239,389,140,260
795,817,373,156,904,206,870,274,295,338,719,1014,1506,561,460,506,649,787,940,109,497,894,511,352,641,217,595,428,480,1133,1412,2472,477,818,213,997,767,155,471,961,631,210,670,340,730,833,526,975,313,590
499,480,200,87,510,125,511,163,162,207,422,551,978,352,295,305,343,940,255,69,294,477,299,221,336,122,339,242,239,669,770,1441,276,500,128,549,479,90,271,544,344,122,361,163,431,481,315,525,204,373
67,60,23,7,71,10,70,17,19,24,57,81,133,44,19,30,44,109,69,3,28,70,37,14,37,16,43,28,37,76,101,179,31,49,15,71,63,9,26,71,33,16,52,25,50,49,34,67,22,36
316,244,116,59,265,55,300,93,87,135,234,334,504,175,152,182,226,497,294,28,60,303,164,124,167,58,176,121,133,326,417,732,141,269,48,290,276,51,153,288,192,52,227,113,233,210,164,325,99,182
528,475,227,78,503,119,502,165,185,216,458,589,959,328,279,279,376,894,477,70,303,243,295,224,356,125,352,242,243,656,751,1470,299,482,126,536,475,83,259,561,344,119,363,171,421,471,324,520,208,372
351,253,117,47,296,66,302,88,93,130,260,310,541,187,158,158,224,511,299,37,164,295,83,114,234,80,198,129,155,345,446,799,161,296,67,288,239,32,158,323,188,53,222,101,255,272,208,294,123,204
220,172,83,36,177,50,178,60,76,88,182,230,388,122,114,116,147,352,221,14,124,224,114,34,141,45,130,93,96,257,334,561,111,192,43,209,197,38,99,209,134,47,146,81,168,211,140,209,64,126
370,277,133,75,371,91,328,104,102,119,267,379,650,222,195,169,233,641,336,37,167,356,234,141,110,81,230,137,162,409,528,942,196,363,77,329,314,51,186,357,239,66,259,125,266,316,214,378,141,213
146,100,46,23,108,31,129,44,40,45,109,129,235,99,75,74,77,217,122,16,58,125,80,45,81,12,76,59,60,155,217,369,81,114,31,130,124,19,56,142,80,24,102,45,119,116,90,143,60,84
361,273,114,60,321,67,323,110,107,143,274,364,632,216,172,179,266,595,339,43,176,352,198,130,230,76,100,151,160,435,516,950,197,323,69,364,327,52,153,335,233,78,256,134,279,314,235,362,138,226
282,192,79,43,239,51,230,71,82,91,207,233,416,146,119,119,168,428,242,28,121,242,129,93,137,59,151,46,104,293,315,641,134,223,47,239,203,46,106,272,163,44,204,83,174,228,145,234,81,161
312,201,104,49,246,61,230,72,80,105,207,291,459,169,124,153,175,480,239,37,133,243,155,96,162,60,160,104,71,321,377,714,123,214,55,239,261,49,116,285,154,56,206,85,205,236,136,288,86,185
643,586,257,118,645,160,665,178,194,248,531,726,1171,407,336,338,505,1133,669,76,326,656,345,257,409,155,435,293,321,393,960,1833,380,573,139,648,617,110,331,715,435,142,507,243,515,541,389,699,231,434
706,681,301,119,744,175,752,248,232,304,637,915,1450,491,392,407,547,1412,770,101,417,751,446,334,528,217,516,315,377,960,601,2153,445,706,188,835,721,129,378,810,528,161,573,270,626,691,511,784,282,500
1272,1245,587,210,1473,309,1365,416,468,521,1143,1666,2548,953,693,804,1050,2472,1441,179,732,1470,799,561,942,369,950,641,714,1833,2153,1975,713,1334,344,1546,1286,231,735,1468,956,312,1061,549,1132,1349,924,1399,529,932
247,248,108,54,293,69,308,82,69,117,224,283,504,190,140,160,178,477,276,31,141,299,161,111,196,81,197,134,123,380,445,713,77,295,60,304,267,42,146,304,187,50,198,107,261,244,182,292,86,179
467,432,171,70,440,106,455,171,161,180,421,531,862,289,273,282,386,818,500,49,269,482,296,192,363,114,323,223,214,573,706,1334,295,219,101,525,434,93,264,511,295,97,396,180,390,451,326,490,211,330
114,101,38,17,113,21,119,33,38,49,100,153,200,82,51,68,105,213,128,15,48,126,67,43,77,31,69,47,55,139,188,344,60,101,14,137,99,17,61,121,92,28,82,39,100,96,68,137,45,76
513,449,208,103,563,115,523,159,182,211,464,603,991,328,260,313,362,997,549,71,290,536,288,209,329,130,364,239,239,648,835,1546,304,525,137,282,501,79,285,607,343,116,387,192,431,486,325,578,204,376
492,389,169,80,436,103,442,134,148,210,390,503,832,333,251,253,366,767,479,63,276,475,239,197,314,124,327,203,261,617,721,1286,267,434,99,501,202,88,221,480,290,97,345,189,354,426,320,506,156,328
79,62,39,18,84,27,94,28,18,32,92,90,157,57,47,48,55,155,90,9,51,83,32,38,51,19,52,46,49,110,129,231,42,93,17,79,88,9,37,109,64,13,75,38,66,85,38,88,34,57
248,241,94,43,239,62,251,62,71,84,201,245,480,178,143,159,180,471,271,26,153,259,158,99,186,56,153,106,116,331,378,735,146,264,61,285,221,37,62,264,154,72,199,80,214,225,160,278,99,195
511,461,233,87,520,129,513,189,192,220,434,624,951,361,286,300,414,961,544,71,288,561,323,209,357,142,335,272,285,715,810,1468,304,511,121,607,480,109,264,282,351,111,389,223,452,522,349,553,190,354
313,318,134,51,331,69,314,97,128,144,302,372,611,218,174,177,249,631,344,33,192,344,188,134,239,80,233,163,154,435,528,956,187,295,92,343,290,64,154,351,92,79,268,123,292,323,205,341,135,232
125,89,41,23,87,26,104,37,39,33,86,100,224,68,43,42,85,210,122,16,52,119,53,47,66,24,78,44,56,142,161,312,50,97,28,116,97,13,72,111,79,18,74,27,89,100,56,122,44,78
365,329,159,55,404,81,357,117,121,162,298,465,677,253,182,197,265,670,361,52,227,363,222,146,259,102,256,204,206,507,573,1061,198,396,82,387,345,75,199,389,268,74,147,151,300,382,249,412,139,247
182,146,69,50,191,54,181,55,58,62,152,198,346,106,95,112,126,340,163,25,113,171,101,81,125,45,134,83,85,243,270,549,107,180,39,192,189,38,80,223,123,27,151,28,158,184,126,217,69,122
474,343,184,74,393,86,374,109,132,186,345,444,793,268,222,214,320,730,431,50,233,421,255,168,266,119,279,174,205,515,626,1132,261,390,100,431,354,66,214,452,292,89,300,158,171,352,257,443,138,298
444,415,192,74,501,104,432,145,157,190,423,552,843,295,269,294,342,833,481,49,210,471,272,211,316,116,314,228,236,541,691,1349,244,451,96,486,426,85,225,522,323,100,382,184,352,225,287,472,165,313
329,260,129,70,300,82,321,95,97,124,259,370,575,199,162,167,239,526,315,34,164,324,208,140,214,90,235,145,136,389,511,924,182,326,68,325,320,38,160,349,205,56,249,126,257,287,83,334,106,237
531,484,244,93,502,143,522,167,168,207,448,621,984,357,278,299,389,975,525,67,325,520,294,209,378,143,362,234,288,699,784,1399,292,490,137,578,506,88,278,553,341,122,412,217,443,472,334,282,207,370
184,182,69,24,187,32,173,56,45,88,188,214,317,128,108,119,140,313,204,22,99,208,123,64,141,60,138,81,86,231,282,529,86,211,45,204,156,34,99,190,135,44,139,69,138,165,106,207,32,127
380,308,146,62,394,89,340,135,108,140,299,360,608,251,184,194,260,590,373,36,182,372,204,126,213,84,226,161,185,434,500,932,179,330,76,376,328,57,195,354,232,78,247,122,298,313,237,370,127,110
