264,439,227,78,511,106,484,175,164,239,443,520,816,407,307,314,336,850,525,73,345,507,322,210,386,166,368,265,301,623,703,1217,218,498,114,505,469,72,237,465,357,116,391,182,438,403,342,490,161,382
439,181,172,84,485,89,413,142,151,169,369,481,823,286,245,244,330,781,482,60,241,457,268,186,271,98,284,192,221,547,650,1208,239,432,80,470,408,68,216,446,303,89,355,166,351,360,269,448,156,289
227,172,43,37,198,47,197,47,63,72,161,235,357,124,95,95,166,387,210,21,109,192,98,82,123,42,122,85,103,230,289,608,112,191,43,219,185,19,85,218,128,33,183,64,147,186,120,207,71,130
78,84,37,7,91,12,81,31,21,30,73,85,141,58,40,43,59,147,97,10,68,101,60,40,63,29,66,42,51,113,133,211,38,94,13,93,76,14,39,98,47,18,63,31,74,72,62,88,29,77
511,485,198,91,258,128,492,155,179,202,403,561,921,369,259,251,410,1005,498,67,260,481,319,204,366,142,333,260,248,638,757,1377,288,490,112,572,468,90,266,541,333,91,389,203,443,453,338,545,189,375
106,89,47,12,128,11,107,37,36,48,105,115,198,88,47,63,78,191,123,18,81,138,73,46,69,34,93,64,59,157,182,301,48,120,29,140,104,24,42,126,72,20,78,42,91,94,69,107,38,83
484,413,197,81,492,107,232,145,158,202,394,548,893,325,257,282,369,881,493,55,272,490,278,197,301,131,334,228,274,650,736,1346,259,443,107,533,436,86,227,517,355,91,409,156,371,452,303,465,169,343
175,142,47,31,155,37,145,25,47,58,133,147,293,110,80,103,108,285,163,14,78,156,81,74,105,41,108,68,83,193,233,407,79,149,35,146,137,23,72,151,113,35,132,50,124,141,95,145,60,106
164,151,63,21,179,36,158,47,37,73,150,171,304,115,89,98,141,324,192,17,86,193,77,71,93,35,100,95,75,203,263,471,106,170,42,166,156,32,94,178,124,29,151,60,136,136,92,160,59,105
239,169,72,30,202,48,202,58,73,44,174,252,385,153,113,108,150,389,215,27,136,234,138,84,136,64,154,95,103,222,307,535,110,229,52,197,200,27,85,227,138,42,158,69,172,200,121,225,74,124
443,369,161,73,403,105,394,133,150,174,202,493,772,308,238,255,305,780,464,51,234,450,253,166,269,116,283,194,224,537,632,1147,209,409,116,427,395,82,204,470,270,73,322,154,363,400,279,446,155,247
520,481,235,85,561,115,548,147,171,252,493,311,981,370,277,318,403,1013,558,68,286,611,327,231,334,125,360,250,273,726,851,1588,326,531,135,587,509,94,273,588,335,104,417,209,433,547,362,603,206,406
816,823,357,141,921,198,893,293,304,385,772,981,837,609,508,512,668,1531,912,127,498,941,541,391,666,236,708,398,473,1135,1409,2515,492,904,217,979,868,158,468,1015,569,211,691,365,765,862,597,931,335,630
407,286,124,58,369,88,325,110,115,153,308,370,609,106,171,189,258,604,329,39,193,356,213,121,222,85,213,143,181,396,491,920,192,329,71,339,323,53,169,346,206,65,283,110,260,306,204,373,128,221
307,245,95,40,259,47,257,80,89,113,238,277,508,171,73,134,205,464,296,31,130,289,160,118,189,75,198,108,134,308,376,716,129,228,55,258,249,37,124,271,145,55,227,81,222,227,157,294,103,193
314,244,95,43,251,63,282,103,98,108,255,318,512,189,134,76,198,494,295,38,158,314,157,118,195,70,204,132,151,363,435,784,142,268,53,269,264,45,135,322,185,64,252,76,213,234,160,294,106,199
336,330,166,59,410,78,369,108,141,150,305,403,668,258,205,198,112,690,369,40,215,389,232,174,264,91,248,165,190,454,536,1070,232,318,70,319,343,58,166,392,305,84,308,153,319,322,244,412,153,214
850,781,387,147,1005,191,881,285,324,389,780,1013,1531,604,464,494,690,843,962,138,446,983,541,383,606,230,666,431,485,1130,1397,2550,496,884,202,983,860,168,501,930,585,203,694,377,765,861,617,928,353,656
525,482,210,97,498,123,493,163,192,215,464,558,912,329,296,295,369,962,247,67,290,456,303,181,319,132,340,240,255,625,758,1410,289,498,101,558,489,85,264,533,326,89,374,206,412,491,311,517,196,344
73,60,21,10,67,18,55,14,17,27,51,68,127,39,31,38,40,138,67,3,25,68,33,21,39,12,40,34,27,74,86,203,34,62,11,65,61,8,31,74,32,12,52,28,42,56,38,69,24,34
345,241,109,68,260,81,272,78,86,136,234,286,498,193,130,158,215,446,290,25,79,290,161,109,147,80,186,129,134,307,406,766,134,264,58,298,284,40,139,334,194,54,212,83,228,211,157,281,99,215
507,457,192,101,481,138,490,156,193,234,450,611,941,356,289,314,389,983,456,68,290,249,307,204,306,132,315,254,267,642,725,1398,266,459,123,550,465,77,253,517,346,92,406,193,395,449,302,519,178,333
322,268,98,60,319,73,278,81,77,138,253,327,541,213,160,157,232,541,303,33,161,307,99,127,207,81,220,134,182,380,423,832,151,283,79,290,287,42,149,323,188,62,246,95,246,284,187,347,134,226
210,186,82,40,204,46,197,74,71,84,166,231,391,121,118,118,174,383,181,21,109,204,127,53,135,51,148,93,122,249,285,537,100,201,39,207,193,29,96,212,141,43,164,80,162,184,129,198,76,126
386,271,123,63,366,69,301,105,93,136,269,334,666,222,189,195,264,606,319,39,147,306,207,135,111,82,230,136,174,428,483,949,171,309,65,337,307,56,170,392,208,63,255,140,256,312,222,333,117,221
166,98,42,29,142,34,131,41,35,64,116,125,236,85,75,70,91,230,132,12,80,132,81,51,82,16,71,59,64,175,206,328,63,115,29,121,134,24,71,133,69,32,90,55,94,110,93,125,57,89
368,284,122,66,333,93,334,108,100,154,283,360,708,213,198,204,248,666,340,40,186,315,220,148,230,71,96,169,172,406,512,970,192,318,74,334,311,57,169,390,234,70,259,123,266,321,234,333,149,236
265,192,85,42,260,64,228,68,95,95,194,250,398,143,108,132,165,431,240,34,129,254,134,93,136,59,169,44,115,289,377,672,117,180,68,252,228,45,120,249,149,50,182,103,191,195,159,242,77,163
301,221,103,51,248,59,274,83,75,103,224,273,473,181,134,151,190,485,255,27,134,267,182,122,174,64,172,115,69,324,429,720,148,249,64,237,258,32,138,288,170,46,208,103,221,194,162,299,96,186
623,547,230,113,638,157,650,193,203,222,537,726,1135,396,308,363,454,1130,625,74,307,642,380,249,428,175,406,289,324,406,1019,1884,348,607,148,650,610,112,332,714,432,126,514,263,486,597,394,670,247,389
703,650,289,133,757,182,736,233,263,307,632,851,1409,491,376,435,536,1397,758,86,406,725,423,285,483,206,512,377,429,1019,599,2094,416,725,182,842,693,115,367,775,499,136,623,263,600,748,474,798,267,541
1217,1208,608,211,1377,301,1346,407,471,535,1147,1588,2515,920,716,784,1070,2550,1410,203,766,1398,832,537,949,328,970,672,720,1884,2094,1947,751,1277,328,1590,1253,242,728,1485,962,298,1102,542,1130,1348,863,1446,515,926
218,239,112,38,288,48,259,79,106,110,209,326,492,192,129,142,232,496,289,34,134,266,151,100,171,63,192,117,148,348,416,751,75,258,66,292,241,41,153,314,160,54,199,108,210,241,167,270,123,192
498,432,191,94,490,120,443,149,170,229,409,531,904,329,228,268,318,884,498,62,264,459,283,201,309,115,318,180,249,607,725,1277,258,252,110,506,439,79,223,530,292,101,355,156,384,416,297,466,196,342
114,80,43,13,112,29,107,35,42,52,116,135,217,71,55,53,70,202,101,11,58,123,79,39,65,29,74,68,64,148,182,328,66,110,16,126,111,24,64,123,71,24,91,37,86,130,82,126,45,78
505,470,219,93,572,140,533,146,166,197,427,587,979,339,258,269,319,983,558,65,298,550,290,207,337,121,334,252,237,650,842,1590,292,506,126,256,504,78,245,569,397,118,401,208,411,483,334,587,215,342
469,408,185,76,468,104,436,137,156,200,395,509,868,323,249,264,343,860,489,61,284,465,287,193,307,134,311,228,258,610,693,1253,241,439,111,504,194,90,210,485,285,85,372,152,363,417,321,486,174,321
72,68,19,14,90,24,86,23,32,27,82,94,158,53,37,45,58,168,85,8,40,77,42,29,56,24,57,45,32,112,115,242,41,79,24,78,90,8,39,89,51,26,81,33,61,73,61,69,40,46
237,216,85,39,266,42,227,72,94,85,204,273,468,169,124,135,166,501,264,31,139,253,149,96,170,71,169,120,138,332,367,728,153,223,64,245,210,39,68,286,180,63,214,99,207,249,179,283,95,166
465,446,218,98,541,126,517,151,178,227,470,588,1015,346,271,322,392,930,533,74,334,517,323,212,392,133,390,249,288,714,775,1485,314,530,123,569,485,89,286,304,362,100,409,204,442,512,356,593,212,366
357,303,128,47,333,72,355,113,124,138,270,335,569,206,145,185,305,585,326,32,194,346,188,141,208,69,234,149,170,432,499,962,160,292,71,397,285,51,180,362,101,82,268,132,250,308,181,360,105,222
116,89,33,18,91,20,91,35,29,42,73,104,211,65,55,64,84,203,89,12,54,92,62,43,63,32,70,50,46,126,136,298,54,101,24,118,85,26,63,100,82,10,74,37,80,121,57,104,36,66
391,355,183,63,389,78,409,132,151,158,322,417,691,283,227,252,308,694,374,52,212,406,246,164,255,90,259,182,208,514,623,1102,199,355,91,401,372,81,214,409,268,74,132,153,336,394,253,398,162,258
182,166,64,31,203,42,156,50,60,69,154,209,365,110,81,76,153,377,206,28,83,193,95,80,140,55,123,103,103,263,263,542,108,156,37,208,152,33,99,204,132,37,153,41,139,196,119,176,67,115
438,351,147,74,443,91,371,124,136,172,363,433,765,260,222,213,319,765,412,42,228,395,246,162,256,94,266,191,221,486,600,1130,210,384,86,411,363,61,207,442,250,80,336,139,187,381,280,424,156,264
403,360,186,72,453,94,452,141,136,200,400,547,862,306,227,234,322,861,491,56,211,449,284,184,312,110,321,195,194,597,748,1348,241,416,130,483,417,73,249,512,308,121,394,196,381,217,296,479,171,326
342,269,120,62,338,69,303,95,92,121,279,362,597,204,157,160,244,617,311,38,157,302,187,129,222,93,234,159,162,394,474,863,167,297,82,334,321,61,179,356,181,57,253,119,280,296,111,356,133,240
490,448,207,88,545,107,465,145,160,225,446,603,931,373,294,294,412,928,517,69,281,519,347,198,333,125,333,242,299,670,798,1446,270,466,126,587,486,69,283,593,360,104,398,176,424,479,356,281,178,353
161,156,71,29,189,38,169,60,59,74,155,206,335,128,103,106,153,353,196,24,99,178,134,76,117,57,149,77,96,247,267,515,123,196,45,215,174,40,95,212,105,36,162,67,156,171,133,178,41,130
382,289,130,77,375,83,343,106,105,124,247,406,630,221,193,199,214,656,344,34,215,333,226,126,221,89,236,163,186,389,541,926,192,342,78,342,321,46,166,366,222,66,258,115,264,326,240,353,130,97
