257,486,225,101,479,132,528,214,172,252,475,507,876,393,304,339,345,869,512,60,297,500,341,204,374,153,367,316,295,635,730,1192,276,461,99,494,511,92,261,469,313,108,417,172,424,453,306,500,156,362
486,185,171,92,434,104,447,120,147,168,350,467,815,306,240,246,326,802,454,45,224,444,262,192,264,104,268,184,233,524,645,1209,230,414,97,447,426,75,220,462,267,88,350,174,339,385,288,462,157,300
225,171,39,25,196,47,184,62,73,74,173,207,362,119,105,95,156,370,230,22,113,194,128,73,126,39,118,86,93,232,331,572,113,189,44,238,156,19,95,254,128,56,161,75,164,179,119,200,83,136
101,92,25,7,98,22,83,35,28,31,75,101,143,68,49,50,59,133,78,9,42,84,49,41,65,21,55,34,40,107,106,217,38,70,18,93,92,15,42,96,65,23,65,38,84,87,58,91,31,57
479,434,196,98,237,109,488,177,180,201,430,568,958,320,269,275,370,935,509,67,307,529,298,194,347,129,332,221,228,667,748,1428,284,468,122,505,493,81,239,527,334,116,374,192,408,510,340,540,191,350
132,104,47,22,109,14,116,44,42,48,107,118,195,86,57,73,79,194,100,19,48,102,59,51,91,29,79,48,65,156,157,294,49,110,18,110,116,18,70,107,93,20,89,51,97,98,73,108,35,74
528,447,184,83,488,116,227,168,171,221,416,594,875,292,274,318,370,874,473,62,262,491,293,215,324,125,325,210,262,634,757,1394,233,455,100,544,468,86,262,511,347,109,393,184,387,450,324,507,158,362
214,120,62,35,177,44,168,30,49,72,132,146,261,100,70,86,124,292,159,24,78,151,91,59,96,36,95,72,72,184,245,405,80,141,27,157,147,34,83,160,111,39,112,55,111,128,91,183,54,142
172,147,73,28,180,42,171,49,24,69,135,193,324,112,93,89,129,295,173,18,76,180,103,69,105,31,106,66,82,218,234,508,79,147,37,181,158,28,85,184,122,29,129,61,133,143,108,180,67,118
252,168,74,31,201,48,221,72,69,32,142,215,367,144,127,141,165,346,189,23,121,193,122,76,137,61,130,88,102,246,284,552,97,192,45,236,199,33,103,234,120,57,162,76,149,185,145,234,65,145
475,350,173,75,430,107,416,132,135,142,174,490,775,268,236,251,308,717,417,60,245,411,238,170,291,116,291,203,234,528,667,1191,207,397,101,475,393,68,212,465,255,99,335,157,344,389,278,476,146,292
507,467,207,101,568,118,594,146,193,215,490,324,1026,370,289,319,398,960,580,85,303,608,329,235,357,162,398,250,285,695,880,1590,320,567,123,598,523,86,284,609,395,118,466,200,468,540,340,663,199,397
876,815,362,143,958,195,875,261,324,367,775,1026,822,553,502,551,638,1483,928,129,478,916,519,355,643,236,632,432,432,1179,1371,2452,463,841,194,973,802,146,439,969,620,183,723,361,719,872,579,912,329,600
393,306,119,68,320,86,292,100,112,144,268,370,553,98,183,207,246,593,322,44,162,344,192,119,196,78,225,162,175,405,513,957,174,294,67,347,307,51,169,362,196,67,281,119,232,286,216,355,112,229
304,240,105,49,269,57,274,70,93,127,236,289,502,183,68,129,179,478,272,37,161,259,146,100,160,64,172,121,132,314,395,766,136,242,56,261,249,47,134,283,174,53,190,117,232,258,173,267,99,195
339,246,95,50,275,73,318,86,89,141,251,319,551,207,129,78,178,531,298,36,137,294,163,131,188,69,190,119,135,358,421,832,137,273,53,293,267,43,156,313,195,56,218,120,244,291,173,319,110,192
345,326,156,59,370,79,370,124,129,165,308,398,638,246,179,178,140,645,342,41,196,369,205,139,255,89,249,176,195,410,534,986,175,353,70,391,334,61,190,389,226,73,246,144,291,321,213,381,135,245
869,802,370,133,935,194,874,292,295,346,717,960,1483,593,478,531,645,837,921,130,502,911,523,335,632,237,646,438,408,1129,1332,2436,492,899,199,958,835,148,450,986,638,191,697,356,710,884,548,901,328,591
512,454,230,78,509,100,473,159,173,189,417,580,928,322,272,298,342,921,273,70,259,488,301,196,321,127,320,236,275,587,789,1424,283,466,133,560,486,84,263,530,333,105,381,190,399,494,342,534,208,362
60,45,22,9,67,19,62,24,18,23,60,85,129,44,37,36,41,130,70,1,26,55,31,29,49,22,42,25,27,85,100,200,37,48,13,57,57,7,34,79,43,13,62,24,46,61,35,75,24,36
297,224,113,42,307,48,262,78,76,121,245,303,478,162,161,137,196,502,259,26,74,274,162,118,185,84,214,125,147,343,430,765,149,258,61,267,249,43,141,310,188,57,193,105,237,248,186,296,96,194
500,444,194,84,529,102,491,151,180,193,411,608,916,344,259,294,369,911,488,55,274,252,277,202,308,127,307,231,246,657,733,1433,262,473,119,550,484,91,257,555,360,98,368,204,379,475,353,518,199,370
341,262,128,49,298,59,293,91,103,122,238,329,519,192,146,163,205,523,301,31,162,277,80,114,168,65,185,138,155,360,440,841,160,238,57,315,275,50,153,327,185,61,229,125,221,267,187,301,125,182
204,192,73,41,194,51,215,59,69,76,170,235,355,119,100,131,139,335,196,29,118,202,114,38,123,39,135,87,96,232,321,551,108,199,45,204,197,43,105,220,137,47,165,92,153,198,136,221,73,147
374,264,126,65,347,91,324,96,105,137,291,357,643,196,160,188,255,632,321,49,185,308,168,123,99,67,220,144,149,405,501,985,162,310,72,367,306,53,174,330,205,68,273,131,221,303,195,370,139,213
153,104,39,21,129,29,125,36,31,61,116,162,236,78,64,69,89,237,127,22,84,127,65,39,67,17,74,64,58,160,211,407,68,129,26,124,119,25,67,136,65,31,115,54,103,98,62,163,39,76
367,268,118,55,332,79,325,95,106,130,291,398,632,225,172,190,249,646,320,42,214,307,185,135,220,74,110,159,155,387,529,1022,180,312,67,356,313,56,168,365,205,61,277,136,277,320,192,376,114,224
316,184,86,34,221,48,210,72,66,88,203,250,432,162,121,119,176,438,236,25,125,231,138,87,144,64,159,46,111,277,350,673,133,222,47,255,202,29,123,250,167,55,176,87,177,225,138,230,72,168
295,233,93,40,228,65,262,72,82,102,234,285,432,175,132,135,195,408,275,27,147,246,155,96,149,58,155,111,61,293,363,706,130,228,50,251,248,38,125,260,145,55,190,91,188,223,132,267,89,163
635,524,232,107,667,156,634,184,218,246,528,695,1179,405,314,358,410,1129,587,85,343,657,360,232,405,160,387,277,293,396,985,1860,365,611,140,652,638,108,280,699,420,111,493,241,504,617,390,660,227,423
730,645,331,106,748,157,757,245,234,284,667,880,1371,513,395,421,534,1332,789,100,430,733,440,321,501,211,529,350,363,985,578,2067,406,699,164,845,685,141,399,802,464,174,571,274,616,722,470,840,275,485
1192,1209,572,217,1428,294,1394,405,508,552,1191,1590,2452,957,766,832,986,2436,1424,200,765,1433,841,551,985,407,1022,673,706,1860,2067,1939,748,1313,307,1480,1308,267,697,1495,921,283,1085,536,1146,1311,904,1420,486,927
276,230,113,38,284,49,233,80,79,97,207,320,463,174,136,137,175,492,283,37,149,262,160,108,162,68,180,133,130,365,406,748,88,221,49,295,218,52,132,298,163,52,198,112,214,278,183,270,100,188
461,414,189,70,468,110,455,141,147,192,397,567,841,294,242,273,353,899,466,48,258,473,238,199,310,129,312,222,228,611,699,1313,221,195,119,508,441,86,221,483,322,94,348,196,377,445,289,487,173,327
99,97,44,18,122,18,100,27,37,45,101,123,194,67,56,53,70,199,133,13,61,119,57,45,72,26,67,47,50,140,164,307,49,119,11,115,113,16,59,142,89,22,77,44,79,96,79,104,37,86
494,447,238,93,505,110,544,157,181,236,475,598,973,347,261,293,391,958,560,57,267,550,315,204,367,124,356,255,251,652,845,1480,295,508,115,261,501,73,274,584,384,104,382,194,406,497,316,557,174,374
511,426,156,92,493,116,468,147,158,199,393,523,802,307,249,267,334,835,486,57,249,484,275,197,306,119,313,202,248,638,685,1308,218,441,113,501,226,64,264,501,310,98,362,181,354,459,310,511,167,336
92,75,19,15,81,18,86,34,28,33,68,86,146,51,47,43,61,148,84,7,43,91,50,43,53,25,56,29,38,108,141,267,52,86,16,73,64,9,40,91,40,14,56,34,70,80,55,91,23,56
261,220,95,42,239,70,262,83,85,103,212,284,439,169,134,156,190,450,263,34,141,257,153,105,174,67,168,123,125,280,399,697,132,221,59,274,264,40,59,274,189,62,181,84,218,228,141,258,93,193
469,462,254,96,527,107,511,160,184,234,465,609,969,362,283,313,389,986,530,79,310,555,327,220,330,136,365,250,260,699,802,1495,298,483,142,584,501,91,274,288,352,111,428,220,452,512,384,511,223,358
313,267,128,65,334,93,347,111,122,120,255,395,620,196,174,195,226,638,333,43,188,360,185,137,205,65,205,167,145,420,464,921,163,322,89,384,310,40,189,352,121,85,236,125,252,315,242,368,126,206
108,88,56,23,116,20,109,39,29,57,99,118,183,67,53,56,73,191,105,13,57,98,61,47,68,31,61,55,55,111,174,283,52,94,22,104,98,14,62,111,85,11,78,38,72,102,65,112,38,86
417,350,161,65,374,89,393,112,129,162,335,466,723,281,190,218,246,697,381,62,193,368,229,165,273,115,277,176,190,493,571,1085,198,348,77,382,362,56,181,428,236,78,143,162,319,351,235,405,130,295
172,174,75,38,192,51,184,55,61,76,157,200,361,119,117,120,144,356,190,24,105,204,125,92,131,54,136,87,91,241,274,536,112,196,44,194,181,34,84,220,125,38,162,32,136,197,109,172,86,112
424,339,164,84,408,97,387,111,133,149,344,468,719,232,232,244,291,710,399,46,237,379,221,153,221,103,277,177,188,504,616,1146,214,377,79,406,354,70,218,452,252,72,319,136,163,383,241,405,156,263
453,385,179,87,510,98,450,128,143,185,389,540,872,286,258,291,321,884,494,61,248,475,267,198,303,98,320,225,223,617,722,1311,278,445,96,497,459,80,228,512,315,102,351,197,383,239,309,462,167,315
306,288,119,58,340,73,324,91,108,145,278,340,579,216,173,173,213,548,342,35,186,353,187,136,195,62,192,138,132,390,470,904,183,289,79,316,310,55,141,384,242,65,235,109,241,309,98,326,118,214
500,462,200,91,540,108,507,183,180,234,476,663,912,355,267,319,381,901,534,75,296,518,301,221,370,163,376,230,267,660,840,1420,270,487,104,557,511,91,258,511,368,112,405,172,405,462,326,284,194,346
156,157,83,31,191,35,158,54,67,65,146,199,329,112,99,110,135,328,208,24,96,199,125,73,139,39,114,72,89,227,275,486,100,173,37,174,167,23,93,223,126,38,130,86,156,167,118,194,36,145
362,300,136,57,350,74,362,142,118,145,292,397,600,229,195,192,245,591,362,36,194,370,182,147,213,76,224,168,163,423,485,927,188,327,86,374,336,56,193,358,206,86,295,112,263,315,214,346,145,125
