247,481,221,72,534,97,472,162,171,234,431,532,798,402,334,370,358,847,498,66,318,557,340,234,335,148,369,274,301,651,692,1169,259,488,116,530,486,95,237,483,300,86,367,169,456,410,325,492,174,371
481,201,162,76,455,112,447,131,142,169,377,496,821,264,220,247,358,781,452,47,242,442,248,182,307,104,313,184,222,517,635,1252,227,405,86,443,422,75,223,500,285,100,315,165,333,399,273,498,158,280
221,162,33,29,208,51,198,62,70,85,173,227,373,132,99,104,177,395,230,20,113,215,110,81,140,59,136,85,98,251,321,594,99,188,52,212,191,29,106,236,129,31,161,76,158,191,123,217,76,131
72,76,29,3,89,17,74,24,24,34,81,91,158,48,67,63,66,160,97,9,60,89,64,29,63,25,65,41,48,106,119,213,55,78,16,99,62,18,33,68,54,14,64,35,61,79,61,92,30,59
534,455,208,89,261,132,497,153,163,212,429,563,928,359,297,289,380,934,510,64,278,538,323,195,358,125,357,253,235,682,788,1421,296,483,133,569,470,95,257,530,360,99,372,199,421,495,340,553,192,332
97,112,51,17,132,13,108,35,41,46,108,122,208,66,67,85,86,214,121,14,66,112,69,40,76,36,88,51,66,160,166,301,60,100,34,140,91,29,57,112,74,24,78,42,93,109,79,114,35,88
472,447,198,74,497,108,241,153,152,208,430,553,843,286,261,294,365,827,498,57,283,499,263,184,335,119,340,226,247,592,715,1300,276,437,92,505,445,83,251,485,316,105,347,186,376,439,323,479,176,326
162,131,62,24,153,35,153,25,57,70,125,177,301,92,86,80,122,307,170,22,88,174,84,67,97,34,100,73,82,202,223,447,89,144,34,166,146,20,76,169,89,34,107,69,123,140,107,146,53,108
171,142,70,24,163,41,152,57,25,71,141,186,291,120,96,94,122,297,177,23,100,187,85,58,122,49,143,76,90,217,247,500,95,159,35,158,145,28,81,197,114,39,118,58,147,138,123,172,70,88
234,169,85,34,212,46,208,70,71,32,170,213,357,146,128,137,153,362,211,28,112,238,142,75,144,53,149,111,118,231,309,587,122,183,39,210,192,43,114,200,125,54,154,75,186,188,139,222,78,148
431,377,173,81,429,108,430,125,141,170,199,432,734,285,247,264,334,763,456,44,253,456,281,165,299,122,302,215,221,543,608,1186,208,423,98,451,398,90,220,421,278,97,305,158,351,373,259,458,153,317
532,496,227,91,563,122,553,177,186,213,432,299,988,380,311,305,403,1011,566,80,309,602,349,228,348,138,366,257,281,735,856,1547,301,504,128,613,524,105,254,643,371,105,443,213,479,502,360,593,195,355
798,821,373,158,928,208,843,301,291,357,734,988,798,595,471,507,650,1438,891,123,478,913,571,337,592,223,606,404,432,1126,1425,2503,517,864,210,974,819,167,496,1028,647,188,665,348,702,820,590,950,328,631
402,264,132,48,359,66,286,92,120,146,285,380,595,92,172,171,222,601,315,39,167,337,195,119,237,78,222,147,173,386,471,907,182,281,70,339,278,60,168,340,192,70,251,113,251,287,207,336,135,238
334,220,99,67,297,67,261,86,96,128,247,311,471,172,65,146,198,431,273,27,144,280,153,94,142,72,189,124,144,324,412,731,116,254,63,274,272,57,124,276,180,52,219,88,190,249,172,286,97,199
370,247,104,63,289,85,294,80,94,137,264,305,507,171,146,85,221,501,293,27,144,302,169,105,189,82,199,131,158,350,454,877,151,279,62,289,278,60,127,318,171,59,228,110,239,274,182,335,107,202
358,358,177,66,380,86,365,122,122,153,334,403,650,222,198,221,151,676,378,34,237,387,203,149,264,84,258,170,169,459,578,971,240,353,95,412,359,56,201,391,217,86,284,135,279,343,233,348,128,257
847,781,395,160,934,214,827,307,297,362,763,1011,1438,601,431,501,676,795,924,109,470,921,558,344,583,211,609,412,449,1122,1414,2541,499,868,232,1059,874,164,479,986,598,187,701,350,689,808,541,963,326,636
498,452,230,97,510,121,498,170,177,211,456,566,891,315,273,293,378,924,238,61,295,491,277,209,349,123,360,254,270,651,752,1424,289,482,118,527,502,78,298,565,283,94,398,191,411,505,314,518,192,330
66,47,20,9,64,14,57,22,23,28,44,80,123,39,27,27,34,109,61,2,30,55,27,31,30,10,35,33,35,94,85,166,34,51,16,62,56,8,32,62,49,8,45,24,52,62,44,64,20,40
318,242,113,60,278,66,283,88,100,112,253,309,478,167,144,144,237,470,295,30,75,290,157,104,179,76,199,126,133,326,423,761,164,275,75,300,233,40,150,298,194,62,234,109,220,278,168,293,116,191
557,442,215,89,538,112,499,174,187,238,456,602,913,337,280,302,387,921,491,55,290,293,300,198,345,102,342,253,288,685,760,1415,283,494,111,559,490,93,281,536,324,109,392,180,432,440,334,505,197,355
340,248,110,64,323,69,263,84,85,142,281,349,571,195,153,169,203,558,277,27,157,300,73,113,179,63,202,144,142,369,443,798,166,280,72,290,278,42,135,292,209,50,214,109,228,270,195,316,106,195
234,182,81,29,195,40,184,67,58,75,165,228,337,119,94,105,149,344,209,31,104,198,113,33,143,49,132,102,107,225,290,546,92,188,39,187,166,30,107,200,156,40,152,72,138,157,118,194,84,124
335,307,140,63,358,76,335,97,122,144,299,348,592,237,142,189,264,583,349,30,179,345,179,143,110,84,224,146,144,424,477,933,153,310,64,326,301,61,175,359,236,62,265,112,278,327,205,345,109,203
148,104,59,25,125,36,119,34,49,53,122,138,223,78,72,82,84,211,123,10,76,102,63,49,84,11,70,66,55,161,201,342,53,126,24,121,108,13,60,139,85,32,113,38,88,127,86,132,47,86
369,313,136,65,357,88,340,100,143,149,302,366,606,222,189,199,258,609,360,35,199,342,202,132,224,70,112,156,165,449,498,940,155,291,77,303,300,41,180,363,242,69,238,113,240,289,202,364,121,233
274,184,85,41,253,51,226,73,76,111,215,257,404,147,124,131,170,412,254,33,126,253,144,102,146,66,156,47,128,285,393,644,136,219,54,256,223,38,123,260,155,45,204,88,198,231,143,261,101,172
301,222,98,48,235,66,247,82,90,118,221,281,432,173,144,158,169,449,270,35,133,288,142,107,144,55,165,128,48,306,377,690,125,242,54,247,244,44,125,278,163,49,195,97,193,244,158,275,82,168
651,517,251,106,682,160,592,202,217,231,543,735,1126,386,324,350,459,1122,651,94,326,685,369,225,424,161,449,285,306,399,1000,1776,380,609,149,678,613,111,334,711,395,139,499,261,534,627,383,694,265,428
692,635,321,119,788,166,715,223,247,309,608,856,1425,471,412,454,578,1414,752,85,423,760,443,290,477,201,498,393,377,1000,598,2211,418,728,167,831,694,133,416,826,519,148,600,266,604,744,484,806,339,503
1169,1252,594,213,1421,301,1300,447,500,587,1186,1547,2503,907,731,877,971,2541,1424,166,761,1415,798,546,933,342,940,644,690,1776,2211,1992,749,1324,316,1605,1269,281,702,1513,937,293,1094,513,1099,1224,937,1390,495,986
259,227,99,55,296,60,276,89,95,122,208,301,517,182,116,151,240,499,289,34,164,283,166,92,153,53,155,136,125,380,418,749,67,262,62,284,247,49,147,311,202,57,206,98,198,249,169,293,112,196
488,405,188,78,483,100,437,144,159,183,423,504,864,281,254,279,353,868,482,51,275,494,280,188,310,126,291,219,242,609,728,1324,262,207,90,535,402,90,236,484,304,73,360,180,389,435,318,514,167,315
116,86,52,16,133,34,92,34,35,39,98,128,210,70,63,62,95,232,118,16,75,111,72,39,64,24,77,54,54,149,167,316,62,90,14,120,91,18,57,137,66,24,92,52,82,96,67,111,38,88
530,443,212,99,569,140,505,166,158,210,451,613,974,339,274,289,412,1059,527,62,300,559,290,187,326,121,303,256,247,678,831,1605,284,535,120,280,491,95,272,551,301,119,410,182,385,513,335,549,187,381
486,422,191,62,470,91,445,146,145,192,398,524,819,278,272,278,359,874,502,56,233,490,278,166,301,108,300,223,244,613,694,1269,247,402,91,491,202,80,208,455,318,92,340,177,365,419,290,487,175,325
95,75,29,18,95,29,83,20,28,43,90,105,167,60,57,60,56,164,78,8,40,93,42,30,61,13,41,38,44,111,133,281,49,90,18,95,80,5,40,101,51,14,61,36,68,93,58,92,36,56
237,223,106,33,257,57,251,76,81,114,220,254,496,168,124,127,201,479,298,32,150,281,135,107,175,60,180,123,125,334,416,702,147,236,57,272,208,40,66,279,177,67,197,100,209,251,154,267,84,179
483,500,236,68,530,112,485,169,197,200,421,643,1028,340,276,318,391,986,565,62,298,536,292,200,359,139,363,260,278,711,826,1513,311,484,137,551,455,101,279,282,352,107,413,194,404,492,337,567,190,340
300,285,129,54,360,74,316,89,114,125,278,371,647,192,180,171,217,598,283,49,194,324,209,156,236,85,242,155,163,395,519,937,202,304,66,301,318,51,177,352,127,62,228,131,299,293,232,333,130,222
86,100,31,14,99,24,105,34,39,54,97,105,188,70,52,59,86,187,94,8,62,109,50,40,62,32,69,45,49,139,148,293,57,73,24,119,92,14,67,107,62,8,57,33,74,80,59,111,36,76
367,315,161,64,372,78,347,107,118,154,305,443,665,251,219,228,284,701,398,45,234,392,214,152,265,113,238,204,195,499,600,1094,206,360,92,410,340,61,197,413,228,57,150,141,306,338,253,370,133,255
169,165,76,35,199,42,186,69,58,75,158,213,348,113,88,110,135,350,191,24,109,180,109,72,112,38,113,88,97,261,266,513,98,180,52,182,177,36,100,194,131,33,141,42,150,163,119,203,75,111
456,333,158,61,421,93,376,123,147,186,351,479,702,251,190,239,279,689,411,52,220,432,228,138,278,88,240,198,193,534,604,1099,198,389,82,385,365,68,209,404,299,74,306,150,182,375,242,412,126,264
410,399,191,79,495,109,439,140,138,188,373,502,820,287,249,274,343,808,505,62,278,440,270,157,327,127,289,231,244,627,744,1224,249,435,96,513,419,93,251,492,293,80,338,163,375,192,294,459,165,307
325,273,123,61,340,79,323,107,123,139,259,360,590,207,172,182,233,541,314,44,168,334,195,118,205,86,202,143,158,383,484,937,169,318,67,335,290,58,154,337,232,59,253,119,242,294,78,357,123,217
492,498,217,92,553,114,479,146,172,222,458,593,950,336,286,335,348,963,518,64,293,505,316,194,345,132,364,261,275,694,806,1390,293,514,111,549,487,92,267,567,333,111,370,203,412,459,357,286,182,353
174,158,76,30,192,35,176,53,70,78,153,195,328,135,97,107,128,326,192,20,116,197,106,84,109,47,121,101,82,265,339,495,112,167,38,187,175,36,84,190,130,36,133,75,126,165,123,182,32,138
371,280,131,59,332,88,326,108,88,148,317,355,631,238,199,202,257,636,330,40,191,355,195,124,203,86,233,172,168,428,503,986,196,315,88,381,325,56,179,340,222,76,255,111,264,307,217,353,138,109
