271,457,195,98,510,132,462,164,183,229,461,492,823,389,303,324,351,782,531,69,318,545,350,206,373,147,400,302,299,635,700,1181,241,474,94,498,510,78,220,498,276,98,373,170,448,435,336,518,167,347
457,187,159,85,474,104,414,117,141,194,367,516,813,272,187,224,296,814,434,48,239,391,257,156,293,110,275,195,226,544,574,1235,245,417,97,402,404,73,236,456,289,104,376,173,345,416,271,459,164,302
195,159,36,31,179,49,203,55,66,77,165,233,338,114,101,116,128,362,204,17,93,208,122,80,135,56,131,111,91,238,317,557,110,182,43,192,176,37,115,187,112,39,151,75,159,195,125,243,77,150
98,85,31,7,83,14,90,23,30,38,67,87,144,54,52,57,63,123,71,10,43,70,47,43,53,22,56,55,54,93,119,231,38,90,22,84,81,12,40,90,53,15,72,30,67,58,46,70,36,65
510,474,179,83,207,104,512,154,165,235,436,580,945,325,269,299,353,903,522,63,275,533,294,216,331,135,358,252,257,579,777,1443,271,485,128,482,494,81,265,538,344,111,369,195,401,486,326,532,191,364
132,104,49,14,104,9,86,29,43,55,101,127,190,74,62,75,94,188,110,15,64,105,73,40,66,25,77,57,68,148,159,298,52,99,29,124,113,20,56,118,65,26,86,31,88,95,74,108,45,80
462,414,203,90,512,86,233,133,169,206,391,522,842,313,260,276,324,863,473,54,257,480,292,191,329,111,334,222,277,624,719,1370,252,461,109,474,462,82,233,509,324,103,346,183,401,439,322,469,188,351
164,117,55,23,154,29,133,21,52,68,138,178,276,101,74,84,113,264,154,17,75,147,85,61,79,36,112,63,81,178,227,450,66,137,29,146,140,21,59,185,117,25,112,49,111,123,86,156,55,99
183,141,66,30,165,43,169,52,20,66,143,184,310,111,79,87,110,303,159,24,94,177,104,63,112,38,100,73,87,201,243,456,85,186,35,176,169,32,82,165,108,27,152,68,138,165,136,171,50,103
229,194,77,38,235,55,206,68,66,47,169,233,364,136,130,144,149,362,205,37,126,220,133,81,140,49,140,100,123,245,307,555,96,179,45,199,194,32,108,217,131,40,147,73,179,197,139,193,71,148
461,367,165,67,436,101,391,138,143,169,181,470,747,263,222,269,310,771,410,56,276,456,256,160,267,98,300,213,220,586,622,1172,199,418,98,438,392,68,225,478,307,95,299,146,335,406,275,399,145,304
492,516,233,87,580,127,522,178,184,233,470,325,1009,383,273,309,412,1071,564,72,305,569,313,232,388,148,390,261,250,715,880,1612,307,509,122,580,532,91,296,636,397,98,388,211,432,539,354,563,225,378
823,813,338,144,945,190,842,276,310,364,747,1009,790,623,457,505,623,1477,900,126,484,933,505,362,567,220,612,410,462,1181,1400,2485,480,830,193,965,797,177,482,978,564,196,685,344,732,864,558,927,320,635
389,272,114,54,325,74,313,101,111,136,263,383,623,113,170,194,272,593,323,33,167,344,190,141,232,78,215,151,185,397,465,938,178,303,79,352,329,44,179,368,211,71,259,132,289,303,207,366,121,223
303,187,101,52,269,62,260,74,79,130,222,273,457,170,63,129,187,482,270,28,120,262,147,94,173,48,165,122,136,316,408,732,150,270,62,270,238,42,132,271,162,46,223,91,172,249,149,294,105,205
324,224,116,57,299,75,276,84,87,144,269,309,505,194,129,72,199,531,281,30,139,279,156,119,194,69,185,137,132,357,446,794,165,290,61,255,272,49,124,312,184,43,215,117,211,272,154,307,121,201
351,296,128,63,353,94,324,113,110,149,310,412,623,272,187,199,143,631,329,40,218,392,214,129,218,106,256,194,170,448,565,1030,186,352,90,370,305,66,168,365,258,69,314,130,284,345,221,396,124,245
782,814,362,123,903,188,863,264,303,362,771,1071,1477,593,482,531,631,851,939,123,497,888,509,404,601,225,625,388,444,1129,1360,2445,500,818,202,1002,822,171,480,985,584,188,706,340,696,829,591,948,315,608
531,434,204,71,522,110,473,154,159,205,410,564,900,323,270,281,329,939,238,58,262,461,309,227,338,123,372,219,254,658,778,1428,278,469,113,523,467,85,243,544,314,108,358,193,427,458,324,531,178,349
69,48,17,10,63,15,54,17,24,37,56,72,126,33,28,30,40,123,58,7,36,80,42,25,31,15,44,32,33,76,106,183,36,61,18,44,64,15,28,68,44,12,60,24,51,61,30,58,27,45
318,239,93,43,275,64,257,75,94,126,276,305,484,167,120,139,218,497,262,36,77,280,162,124,165,67,207,136,161,347,400,725,138,244,56,275,271,48,139,310,191,57,217,105,225,241,144,305,106,185
545,391,208,70,533,105,480,147,177,220,456,569,933,344,262,279,392,888,461,80,280,255,296,210,328,130,348,246,292,657,732,1404,276,487,115,575,469,105,227,554,340,110,370,201,423,494,320,565,186,372
350,257,122,47,294,73,292,85,104,133,256,313,505,190,147,156,214,509,309,42,162,296,92,118,184,68,174,133,158,325,457,850,147,262,68,307,251,49,169,339,187,46,256,104,238,284,170,322,106,202
206,156,80,43,216,40,191,61,63,81,160,232,362,141,94,119,129,404,227,25,124,210,118,35,138,50,124,93,113,242,270,552,109,208,42,205,199,42,95,207,113,45,172,87,175,191,135,203,73,147
373,293,135,53,331,66,329,79,112,140,267,388,567,232,173,194,218,601,338,31,165,328,184,138,95,65,220,151,166,419,502,937,184,313,80,334,321,60,163,377,212,71,274,120,238,312,202,351,117,204
147,110,56,22,135,25,111,36,38,49,98,148,220,78,48,69,106,225,123,15,67,130,68,50,65,13,82,43,65,162,187,360,68,119,34,142,117,22,73,138,75,22,113,42,83,119,68,142,37,85
400,275,131,56,358,77,334,112,100,140,300,390,612,215,165,185,256,625,372,44,207,348,174,124,220,82,130,140,196,431,473,942,184,304,86,351,336,64,198,369,218,66,282,132,245,319,198,348,115,242
302,195,111,55,252,57,222,63,73,100,213,261,410,151,122,137,194,388,219,32,136,246,133,93,151,43,140,62,110,287,346,658,131,226,50,262,230,39,117,213,150,47,195,88,190,202,137,258,87,158
299,226,91,54,257,68,277,81,87,123,220,250,462,185,136,132,170,444,254,33,161,292,158,113,166,65,196,110,53,319,393,711,154,258,58,247,252,49,115,278,178,53,198,96,236,263,183,300,114,204
635,544,238,93,579,148,624,178,201,245,586,715,1181,397,316,357,448,1129,658,76,347,657,325,242,419,162,431,287,319,390,969,1926,354,567,152,666,592,94,310,660,399,129,491,223,489,622,411,694,246,398
700,574,317,119,777,159,719,227,243,307,622,880,1400,465,408,446,565,1360,778,106,400,732,457,270,502,187,473,346,393,969,566,2075,420,726,171,806,707,134,370,796,494,169,537,255,612,716,479,774,274,543
1181,1235,557,231,1443,298,1370,450,456,555,1172,1612,2485,938,732,794,1030,2445,1428,183,725,1404,850,552,937,360,942,658,711,1926,2075,1934,719,1305,303,1552,1284,240,723,1506,954,301,1040,574,1123,1287,946,1378,488,865
241,245,110,38,271,52,252,66,85,96,199,307,480,178,150,165,186,500,278,36,138,276,147,109,184,68,184,131,154,354,420,719,79,257,58,317,246,37,124,288,179,57,204,104,236,261,169,286,87,188
474,417,182,90,485,99,461,137,186,179,418,509,830,303,270,290,352,818,469,61,244,487,262,208,313,119,304,226,258,567,726,1305,257,237,111,501,449,76,248,518,325,89,371,182,394,424,281,494,180,344
94,97,43,22,128,29,109,29,35,45,98,122,193,79,62,61,90,202,113,18,56,115,68,42,80,34,86,50,58,152,171,303,58,111,12,111,93,23,65,142,82,19,85,42,92,98,88,133,44,82
498,402,192,84,482,124,474,146,176,199,438,580,965,352,270,255,370,1002,523,44,275,575,307,205,334,142,351,262,247,666,806,1552,317,501,111,286,444,88,264,565,317,103,439,205,414,495,328,555,209,340
510,404,176,81,494,113,462,140,169,194,392,532,797,329,238,272,305,822,467,64,271,469,251,199,321,117,336,230,252,592,707,1284,246,449,93,444,246,69,235,491,277,96,345,183,413,436,289,459,191,320
78,73,37,12,81,20,82,21,32,32,68,91,177,44,42,49,66,171,85,15,48,105,49,42,60,22,64,39,49,94,134,240,37,76,23,88,69,4,32,107,55,18,63,33,81,74,45,97,35,53
220,236,115,40,265,56,233,59,82,108,225,296,482,179,132,124,168,480,243,28,139,227,169,95,163,73,198,117,115,310,370,723,124,248,65,264,235,32,46,290,172,46,197,106,212,237,166,299,106,172
498,456,187,90,538,118,509,185,165,217,478,636,978,368,271,312,365,985,544,68,310,554,339,207,377,138,369,213,278,660,796,1506,288,518,142,565,491,107,290,299,365,126,402,196,430,512,345,589,234,336
276,289,112,53,344,65,324,117,108,131,307,397,564,211,162,184,258,584,314,44,191,340,187,113,212,75,218,150,178,399,494,954,179,325,82,317,277,55,172,365,107,69,231,126,273,299,221,335,123,212
98,104,39,15,111,26,103,25,27,40,95,98,196,71,46,43,69,188,108,12,57,110,46,45,71,22,66,47,53,129,169,301,57,89,19,103,96,18,46,126,69,6,89,41,86,81,60,118,30,63
373,376,151,72,369,86,346,112,152,147,299,388,685,259,223,215,314,706,358,60,217,370,256,172,274,113,282,195,198,491,537,1040,204,371,85,439,345,63,197,402,231,89,120,170,305,367,238,377,157,251
170,173,75,30,195,31,183,49,68,73,146,211,344,132,91,117,130,340,193,24,105,201,104,87,120,42,132,88,96,223,255,574,104,182,42,205,183,33,106,196,126,41,170,41,146,177,126,203,74,145
448,345,159,67,401,88,401,111,138,179,335,432,732,289,172,211,284,696,427,51,225,423,238,175,238,83,245,190,236,489,612,1123,236,394,92,414,413,81,212,430,273,86,305,146,168,366,246,400,142,262
435,416,195,58,486,95,439,123,165,197,406,539,864,303,249,272,345,829,458,61,241,494,284,191,312,119,319,202,263,622,716,1287,261,424,98,495,436,74,237,512,299,81,367,177,366,214,285,468,173,318
336,271,125,46,326,74,322,86,136,139,275,354,558,207,149,154,221,591,324,30,144,320,170,135,202,68,198,137,183,411,479,946,169,281,88,328,289,45,166,345,221,60,238,126,246,285,99,317,120,198
518,459,243,70,532,108,469,156,171,193,399,563,927,366,294,307,396,948,531,58,305,565,322,203,351,142,348,258,300,694,774,1378,286,494,133,555,459,97,299,589,335,118,377,203,400,468,317,252,181,352
167,164,77,36,191,45,188,55,50,71,145,225,320,121,105,121,124,315,178,27,106,186,106,73,117,37,115,87,114,246,274,488,87,180,44,209,191,35,106,234,123,30,157,74,142,173,120,181,36,117
347,302,150,65,364,80,351,99,103,148,304,378,635,223,205,201,245,608,349,45,185,372,202,147,204,85,242,158,204,398,543,865,188,344,82,340,320,53,172,336,212,63,251,145,262,318,198,352,117,106
