261,455,194,78,512,108,447,201,156,232,457,490,806,333,301,344,341,796,494,64,326,527,362,205,396,152,376,291,324,584,681,1113,268,494,100,499,460,88,266,454,315,98,357,180,451,416,330,481,169,411
455,192,178,81,444,113,413,127,128,182,355,492,819,276,203,231,319,773,391,59,242,431,272,158,277,108,280,225,194,581,663,1218,211,433,93,440,424,71,208,439,292,90,344,171,320,369,234,450,176,293
194,178,32,29,210,51,189,51,68,98,179,208,369,131,103,115,138,353,183,26,110,211,142,74,130,41,124,107,84,263,302,543,116,197,49,190,201,35,90,199,133,35,148,63,170,193,106,175,83,151
78,81,29,8,82,23,79,35,38,31,66,94,149,53,52,46,51,149,90,12,52,82,56,27,58,32,66,42,48,118,128,207,33,94,13,74,71,12,40,69,54,25,55,27,75,81,52,81,24,51
512,444,210,82,252,103,457,151,175,215,456,579,885,351,290,295,379,945,503,52,312,514,269,199,315,120,331,220,229,628,763,1437,248,446,135,570,444,92,248,519,336,112,364,194,389,462,323,516,187,358
108,113,51,23,103,13,105,45,48,55,102,117,181,80,65,66,80,188,108,17,61,102,95,45,81,38,82,56,77,147,161,266,50,125,19,94,104,21,62,103,56,23,78,42,98,91,76,115,33,77
447,413,189,79,457,105,218,155,186,197,424,551,881,308,269,278,342,871,484,63,293,487,319,181,327,133,325,230,232,615,729,1335,253,478,104,478,432,81,252,486,324,106,394,193,400,437,309,504,190,321
201,127,51,35,151,45,155,26,47,67,134,169,282,94,84,81,116,272,168,19,80,151,83,53,85,29,91,73,74,169,225,439,77,154,32,191,149,17,74,171,104,29,126,61,108,158,88,165,65,109
156,128,68,38,175,48,186,47,28,61,141,180,302,111,117,94,119,263,150,20,98,158,80,69,112,53,117,69,69,194,233,466,97,148,36,161,150,25,87,166,122,34,114,58,154,170,114,171,63,92
232,182,98,31,215,55,197,67,61,39,165,200,361,123,117,120,144,367,179,26,110,206,120,67,156,68,161,112,98,264,308,565,123,208,35,235,200,33,86,210,154,36,164,79,165,200,121,219,81,140
457,355,179,66,456,102,424,134,141,165,174,454,756,272,231,266,299,746,381,62,235,414,252,156,301,131,288,218,220,549,632,1137,255,421,81,453,423,72,207,422,282,81,312,154,356,392,273,440,157,300
490,492,208,94,579,117,551,169,180,200,454,322,951,365,267,331,408,983,581,75,329,564,346,207,369,142,378,262,284,715,855,1493,267,501,151,623,538,98,279,624,375,113,408,218,485,480,349,616,216,366
806,819,369,149,885,181,881,282,302,361,756,951,797,576,473,513,629,1466,885,104,487,869,551,368,605,253,589,414,470,1115,1350,2404,499,838,207,960,811,134,463,970,598,197,653,376,734,797,554,949,320,649
333,276,131,53,351,80,308,94,111,123,272,365,576,103,194,181,246,597,326,37,162,331,199,134,210,85,183,152,174,429,495,946,192,316,75,341,307,41,162,332,211,52,280,119,270,329,213,331,123,202
301,203,103,52,290,65,269,84,117,117,231,267,473,194,63,126,207,510,288,33,148,254,161,91,153,73,173,117,121,354,398,736,132,263,46,284,257,37,130,260,176,48,222,106,202,252,157,260,103,175
344,231,115,46,295,66,278,81,94,120,266,331,513,181,126,46,206,499,300,39,145,276,188,111,144,73,158,142,135,366,443,780,159,270,55,288,266,43,147,302,189,57,226,126,230,274,162,313,120,186
341,319,138,51,379,80,342,116,119,144,299,408,629,246,207,206,124,628,357,38,196,373,226,127,239,80,239,192,172,441,570,1018,201,358,79,390,331,71,180,387,238,69,252,137,321,366,232,392,142,249
796,773,353,149,945,188,871,272,263,367,746,983,1466,597,510,499,628,747,915,113,466,907,538,346,561,224,571,475,446,1082,1374,2403,479,862,184,930,827,145,468,917,603,214,660,344,693,774,541,918,319,608
494,391,183,90,503,108,484,168,150,179,381,581,885,326,288,300,357,915,252,64,283,496,311,216,339,120,345,238,253,672,751,1371,234,493,125,521,481,91,259,495,345,108,404,189,414,455,310,517,162,340
64,59,26,12,52,17,63,19,20,26,62,75,104,37,33,39,38,113,64,6,35,51,28,35,29,18,45,26,20,79,84,183,24,59,15,62,64,10,23,56,39,20,46,22,42,58,24,61,24,41
326,242,110,52,312,61,293,80,98,110,235,329,487,162,148,145,196,466,283,35,70,290,143,104,179,65,171,116,131,351,418,785,140,256,67,275,254,40,148,288,202,55,220,119,216,285,175,314,103,186
527,431,211,82,514,102,487,151,158,206,414,564,869,331,254,276,373,907,496,51,290,258,314,227,337,129,346,234,277,698,747,1369,249,502,106,521,452,92,261,536,314,103,394,193,434,452,314,546,165,374
362,272,142,56,269,95,319,83,80,120,252,346,551,199,161,188,226,538,311,28,143,314,91,129,182,82,190,136,151,392,441,829,161,288,58,320,315,43,142,310,214,53,245,102,228,236,158,310,110,195
205,158,74,27,199,45,181,53,69,67,156,207,368,134,91,111,127,346,216,35,104,227,129,38,139,48,129,107,99,263,304,582,114,223,46,194,205,26,88,217,132,28,161,97,169,194,123,220,79,127
396,277,130,58,315,81,327,85,112,156,301,369,605,210,153,144,239,561,339,29,179,337,182,139,110,94,230,148,179,427,499,950,198,308,72,337,289,56,138,323,225,67,279,118,224,311,195,339,114,230
152,108,41,32,120,38,133,29,53,68,131,142,253,85,73,73,80,224,120,18,65,129,82,48,94,20,68,50,54,177,185,390,76,130,29,115,138,15,69,139,90,17,88,54,97,102,81,129,68,99
376,280,124,66,331,82,325,91,117,161,288,378,589,183,173,158,239,571,345,45,171,346,190,129,230,68,108,142,148,432,512,1000,186,349,77,330,346,51,170,348,221,70,247,147,270,304,218,345,154,233
291,225,107,42,220,56,230,73,69,112,218,262,414,152,117,142,192,475,238,26,116,234,136,107,148,50,142,49,118,270,339,646,119,216,48,232,220,36,110,268,183,35,196,101,190,216,126,276,91,169
324,194,84,48,229,77,232,74,69,98,220,284,470,174,121,135,172,446,253,20,131,277,151,99,179,54,148,118,63,320,385,726,128,240,57,278,259,48,116,284,158,63,212,95,205,225,156,262,88,165
584,581,263,118,628,147,615,169,194,264,549,715,1115,429,354,366,441,1082,672,79,351,698,392,263,427,177,432,270,320,378,937,1772,355,622,145,661,558,110,312,665,392,143,476,254,503,575,418,673,237,437
681,663,302,128,763,161,729,225,233,308,632,855,1350,495,398,443,570,1374,751,84,418,747,441,304,499,185,512,339,385,937,607,2002,413,725,196,803,709,129,363,774,508,165,532,281,579,667,470,754,270,545
1113,1218,543,207,1437,266,1335,439,466,565,1137,1493,2404,946,736,780,1018,2403,1371,183,785,1369,829,582,950,390,1000,646,726,1772,2002,1811,728,1331,284,1478,1217,231,690,1474,905,295,1050,572,1143,1232,906,1435,474,925
268,211,116,33,248,50,253,77,97,123,255,267,499,192,132,159,201,479,234,24,140,249,161,114,198,76,186,119,128,355,413,728,64,270,64,295,241,46,151,249,186,70,188,93,213,234,145,277,98,195
494,433,197,94,446,125,478,154,148,208,421,501,838,316,263,270,358,862,493,59,256,502,288,223,308,130,349,216,240,622,725,1331,270,209,112,512,457,77,225,526,307,93,372,172,410,438,303,471,170,335
100,93,49,13,135,19,104,32,36,35,81,151,207,75,46,55,79,184,125,15,67,106,58,46,72,29,77,48,57,145,196,284,64,112,16,109,103,13,63,121,76,17,70,43,88,131,72,104,31,83
499,440,190,74,570,94,478,191,161,235,453,623,960,341,284,288,390,930,521,62,275,521,320,194,337,115,330,232,278,661,803,1478,295,512,109,284,454,84,294,575,335,111,386,209,426,507,330,536,215,352
460,424,201,71,444,104,432,149,150,200,423,538,811,307,257,266,331,827,481,64,254,452,315,205,289,138,346,220,259,558,709,1217,241,457,103,454,227,69,218,530,306,104,370,184,385,437,293,442,160,319
88,71,35,12,92,21,81,17,25,33,72,98,134,41,37,43,71,145,91,10,40,92,43,26,56,15,51,36,48,110,129,231,46,77,13,84,69,10,37,90,61,18,77,33,78,64,58,93,31,62
266,208,90,40,248,62,252,74,87,86,207,279,463,162,130,147,180,468,259,23,148,261,142,88,138,69,170,110,116,312,363,690,151,225,63,294,218,37,58,247,161,56,204,97,170,228,154,263,93,174
454,439,199,69,519,103,486,171,166,210,422,624,970,332,260,302,387,917,495,56,288,536,310,217,323,139,348,268,284,665,774,1474,249,526,121,575,530,90,247,260,357,111,413,175,428,477,326,554,185,357
315,292,133,54,336,56,324,104,122,154,282,375,598,211,176,189,238,603,345,39,202,314,214,132,225,90,221,183,158,392,508,905,186,307,76,335,306,61,161,357,121,80,257,139,266,286,204,327,120,228
98,90,35,25,112,23,106,29,34,36,81,113,197,52,48,57,69,214,108,20,55,103,53,28,67,17,70,35,63,143,165,295,70,93,17,111,104,18,56,111,80,5,82,36,81,94,52,99,39,65
357,344,148,55,364,78,394,126,114,164,312,408,653,280,222,226,252,660,404,46,220,394,245,161,279,88,247,196,212,476,532,1050,188,372,70,386,370,77,204,413,257,82,131,160,351,347,261,394,139,278
180,171,63,27,194,42,193,61,58,79,154,218,376,119,106,126,137,344,189,22,119,193,102,97,118,54,147,101,95,254,281,572,93,172,43,209,184,33,97,175,139,36,160,28,155,179,133,201,76,129
451,320,170,75,389,98,400,108,154,165,356,485,734,270,202,230,321,693,414,42,216,434,228,169,224,97,270,190,205,503,579,1143,213,410,88,426,385,78,170,428,266,81,351,155,158,366,264,403,156,276
416,369,193,81,462,91,437,158,170,200,392,480,797,329,252,274,366,774,455,58,285,452,236,194,311,102,304,216,225,575,667,1232,234,438,131,507,437,64,228,477,286,94,347,179,366,221,298,494,185,341
330,234,106,52,323,76,309,88,114,121,273,349,554,213,157,162,232,541,310,24,175,314,158,123,195,81,218,126,156,418,470,906,145,303,72,330,293,58,154,326,204,52,261,133,264,298,86,367,117,198
481,450,175,81,516,115,504,165,171,219,440,616,949,331,260,313,392,918,517,61,314,546,310,220,339,129,345,276,262,673,754,1435,277,471,104,536,442,93,263,554,327,99,394,201,403,494,367,286,174,348
169,176,83,24,187,33,190,65,63,81,157,216,320,123,103,120,142,319,162,24,103,165,110,79,114,68,154,91,88,237,270,474,98,170,31,215,160,31,93,185,120,39,139,76,156,185,117,174,20,137
411,293,151,51,358,77,321,109,92,140,300,366,649,202,175,186,249,608,340,41,186,374,195,127,230,99,233,169,165,437,545,925,195,335,83,352,319,62,174,357,228,65,278,129,276,341,198,348,137,117
