253,483,222,80,523,118,441,181,156,227,442,525,752,354,311,334,345,766,474,59,287,468,337,206,342,145,367,258,318,584,702,1181,238,491,88,473,408,89,227,455,270,95,359,185,409,383,289,511,156,383
483,174,166,76,419,91,429,136,149,180,377,474,770,267,254,250,303,755,405,68,229,416,259,189,289,121,272,197,228,563,669,1245,233,419,100,451,411,64,203,455,266,84,340,174,338,400,277,426,172,321
222,166,42,38,193,53,188,65,70,82,162,235,393,105,107,100,153,372,213,28,131,215,122,71,132,54,123,109,117,239,316,524,110,203,40,204,196,35,90,215,139,41,155,78,153,174,137,203,76,129
80,76,38,10,102,11,86,26,25,38,76,81,138,75,36,40,55,149,70,12,57,94,51,36,73,24,66,46,45,106,115,211,45,81,25,79,73,13,42,95,57,18,61,38,93,75,59,81,29,73
523,419,193,102,239,113,470,145,151,219,434,559,876,332,263,272,389,859,529,80,268,513,301,200,333,131,321,240,267,622,745,1392,271,491,105,563,474,88,259,480,352,109,390,193,414,439,332,515,189,361
118,91,53,11,113,7,102,40,35,42,95,128,184,83,57,58,62,189,104,14,68,103,58,38,74,34,71,54,63,151,155,286,53,82,36,131,94,16,55,117,73,19,77,44,95,109,80,111,37,90
441,429,188,86,470,102,212,137,145,185,411,544,810,309,262,243,335,821,480,68,304,488,277,185,343,131,360,228,244,594,713,1296,254,424,106,478,428,63,224,501,306,102,363,186,417,459,308,518,183,318
181,136,65,26,145,40,137,13,52,67,129,184,270,109,68,74,126,281,162,20,91,158,90,58,95,38,111,69,84,207,230,437,100,140,34,156,142,21,68,174,109,41,122,59,125,155,79,166,67,84
156,149,70,25,151,35,145,52,25,77,134,175,313,112,98,91,117,286,176,18,91,170,104,56,114,46,111,78,76,202,268,453,83,153,34,175,157,26,80,175,110,38,112,54,119,146,104,179,54,131
227,180,82,38,219,42,185,67,77,42,139,216,393,145,100,109,154,349,196,23,111,213,110,90,127,45,124,87,95,278,278,587,121,204,47,218,202,36,101,232,121,33,167,69,163,186,148,220,76,137
442,377,162,76,434,95,411,129,134,139,167,465,761,298,223,234,330,726,452,53,244,443,254,162,267,106,291,192,218,546,641,1182,208,401,104,459,401,73,223,417,260,85,331,155,360,409,283,445,159,307
525,474,235,81,559,128,544,184,175,216,465,293,972,359,292,320,417,999,597,61,298,581,306,244,318,140,397,250,297,672,852,1587,288,510,125,581,561,105,296,574,349,123,428,217,469,520,342,576,213,337
752,770,393,138,876,184,810,270,313,393,761,972,782,612,477,550,645,1356,882,111,541,899,531,356,591,238,582,410,484,1040,1354,2299,433,846,212,966,834,151,437,925,592,205,632,293,715,818,530,908,314,591
354,267,105,75,332,83,309,109,112,145,298,359,612,104,173,172,212,581,333,37,186,343,218,121,216,86,224,157,163,430,500,918,186,325,62,348,306,62,182,350,204,54,295,128,284,306,199,357,128,255
311,254,107,36,263,57,262,68,98,100,223,292,477,173,61,142,181,477,287,29,150,286,125,126,164,63,175,117,134,290,429,721,136,251,59,287,253,34,134,325,195,55,236,117,223,246,154,298,87,163
334,250,100,40,272,58,243,74,91,109,234,320,550,172,142,77,194,521,276,39,174,306,144,106,178,61,156,141,134,339,469,783,173,288,61,275,255,44,141,328,186,60,243,111,217,270,180,317,106,198
345,303,153,55,389,62,335,126,117,154,330,417,645,212,181,194,137,627,353,51,212,360,229,165,243,91,254,184,214,481,579,1021,212,345,73,372,313,49,194,371,205,71,277,138,320,331,224,414,127,262
766,755,372,149,859,189,821,281,286,349,726,999,1356,581,477,521,627,745,890,100,534,948,520,348,624,227,599,415,490,999,1326,2308,472,829,210,1010,844,150,420,896,600,212,659,307,723,787,542,899,286,596
474,405,213,70,529,104,480,162,176,196,452,597,882,333,287,276,353,890,260,74,261,508,294,220,344,134,369,250,248,640,770,1336,266,507,129,474,454,76,263,548,309,100,379,178,417,466,308,557,187,353
59,68,28,12,80,14,68,20,18,23,53,61,111,37,29,39,51,100,74,8,33,78,31,25,46,12,46,29,32,84,95,177,47,63,11,53,58,15,32,67,47,12,55,17,61,55,35,69,30,42
287,229,131,57,268,68,304,91,91,111,244,298,541,186,150,174,212,534,261,33,70,304,178,103,183,58,169,133,151,366,426,819,181,284,78,273,280,48,145,289,184,66,219,115,225,263,184,316,125,173
468,416,215,94,513,103,488,158,170,213,443,581,899,343,286,306,360,948,508,78,304,252,321,214,355,151,387,239,298,662,752,1395,275,486,124,542,474,85,244,528,335,113,414,206,436,451,339,587,189,372
337,259,122,51,301,58,277,90,104,110,254,306,531,218,125,144,229,520,294,31,178,321,94,147,214,69,192,130,156,362,486,877,157,262,71,316,277,34,154,324,182,48,252,115,256,271,201,292,101,196
206,189,71,36,200,38,185,58,56,90,162,244,356,121,126,106,165,348,220,25,103,214,147,33,141,44,130,104,90,261,327,559,105,180,44,218,159,32,86,224,143,41,167,61,164,215,126,222,67,160
342,289,132,73,333,74,343,95,114,127,267,318,591,216,164,178,243,624,344,46,183,355,214,141,108,85,181,171,154,419,503,951,170,316,83,337,316,43,174,358,230,70,268,127,253,330,210,375,142,235
145,121,54,24,131,34,131,38,46,45,106,140,238,86,63,61,91,227,134,12,58,151,69,44,85,18,81,61,68,156,191,363,67,127,27,148,123,24,54,143,82,29,104,60,111,120,77,130,66,98
367,272,123,66,321,71,360,111,111,124,291,397,582,224,175,156,254,599,369,46,169,387,192,130,181,81,111,156,180,436,519,973,175,304,73,343,321,51,162,343,219,76,278,142,277,309,218,350,132,260
258,197,109,46,240,54,228,69,78,87,192,250,410,157,117,141,184,415,250,29,133,239,130,104,171,61,156,51,117,273,349,671,133,229,56,259,243,34,127,260,154,47,172,94,212,223,164,212,90,160
318,228,117,45,267,63,244,84,76,95,218,297,484,163,134,134,214,490,248,32,151,298,156,90,154,68,180,117,63,328,363,756,118,243,72,274,245,40,144,253,169,52,208,91,212,211,153,291,106,176
584,563,239,106,622,151,594,207,202,278,546,672,1040,430,290,339,481,999,640,84,366,662,362,261,419,156,436,273,328,377,940,1703,332,568,135,688,579,111,323,686,397,118,500,224,531,599,375,679,249,424
702,669,316,115,745,155,713,230,268,278,641,852,1354,500,429,469,579,1326,770,95,426,752,486,327,503,191,519,349,363,940,576,2068,413,701,171,821,711,116,358,786,490,152,548,255,655,674,466,813,303,511
1181,1245,524,211,1392,286,1296,437,453,587,1182,1587,2299,918,721,783,1021,2308,1336,177,819,1395,877,559,951,363,973,671,756,1703,2068,1796,672,1271,341,1512,1270,253,680,1442,934,320,969,521,1077,1277,884,1376,471,917
238,233,110,45,271,53,254,100,83,121,208,288,433,186,136,173,212,472,266,47,181,275,157,105,170,67,175,133,118,332,413,672,59,278,79,299,255,40,144,255,170,51,212,93,187,240,200,261,92,177
491,419,203,81,491,82,424,140,153,204,401,510,846,325,251,288,345,829,507,63,284,486,262,180,316,127,304,229,243,568,701,1271,278,199,102,498,414,74,245,522,321,110,348,202,394,431,328,494,183,344
88,100,40,25,105,36,106,34,34,47,104,125,212,62,59,61,73,210,129,11,78,124,71,44,83,27,73,56,72,135,171,341,79,102,12,120,99,19,45,118,80,30,75,41,84,110,64,133,36,75
473,451,204,79,563,131,478,156,175,218,459,581,966,348,287,275,372,1010,474,53,273,542,316,218,337,148,343,259,274,688,821,1512,299,498,120,263,465,83,271,542,333,97,393,204,425,500,355,551,202,359
408,411,196,73,474,94,428,142,157,202,401,561,834,306,253,255,313,844,454,58,280,474,277,159,316,123,321,243,245,579,711,1270,255,414,99,465,212,75,247,513,292,93,364,166,386,434,298,511,180,332
89,64,35,13,88,16,63,21,26,36,73,105,151,62,34,44,49,150,76,15,48,85,34,32,43,24,51,34,40,111,116,253,40,74,19,83,75,4,40,103,59,18,75,27,61,75,53,90,24,57
227,203,90,42,259,55,224,68,80,101,223,296,437,182,134,141,194,420,263,32,145,244,154,86,174,54,162,127,144,323,358,680,144,245,45,271,247,40,50,289,174,49,192,89,203,212,154,252,88,159
455,455,215,95,480,117,501,174,175,232,417,574,925,350,325,328,371,896,548,67,289,528,324,224,358,143,343,260,253,686,786,1442,255,522,118,542,513,103,289,265,355,124,422,199,429,500,343,533,237,367
270,266,139,57,352,73,306,109,110,121,260,349,592,204,195,186,205,600,309,47,184,335,182,143,230,82,219,154,169,397,490,934,170,321,80,333,292,59,174,355,104,78,269,123,288,313,236,343,128,209
95,84,41,18,109,19,102,41,38,33,85,123,205,54,55,60,71,212,100,12,66,113,48,41,70,29,76,47,52,118,152,320,51,110,30,97,93,18,49,124,78,13,71,42,84,89,69,99,47,68
359,340,155,61,390,77,363,122,112,167,331,428,632,295,236,243,277,659,379,55,219,414,252,167,268,104,278,172,208,500,548,969,212,348,75,393,364,75,192,422,269,71,133,133,291,342,262,411,129,255
185,174,78,38,193,44,186,59,54,69,155,217,293,128,117,111,138,307,178,17,115,206,115,61,127,60,142,94,91,224,255,521,93,202,41,204,166,27,89,199,123,42,133,32,152,200,108,156,77,140
409,338,153,93,414,95,417,125,119,163,360,469,715,284,223,217,320,723,417,61,225,436,256,164,253,111,277,212,212,531,655,1077,187,394,84,425,386,61,203,429,288,84,291,152,175,362,245,417,150,302
383,400,174,75,439,109,459,155,146,186,409,520,818,306,246,270,331,787,466,55,263,451,271,215,330,120,309,223,211,599,674,1277,240,431,110,500,434,75,212,500,313,89,342,200,362,203,280,472,173,310
289,277,137,59,332,80,308,79,104,148,283,342,530,199,154,180,224,542,308,35,184,339,201,126,210,77,218,164,153,375,466,884,200,328,64,355,298,53,154,343,236,69,262,108,245,280,100,367,121,215
511,426,203,81,515,111,518,166,179,220,445,576,908,357,298,317,414,899,557,69,316,587,292,222,375,130,350,212,291,679,813,1376,261,494,133,551,511,90,252,533,343,99,411,156,417,472,367,277,201,358
156,172,76,29,189,37,183,67,54,76,159,213,314,128,87,106,127,286,187,30,125,189,101,67,142,66,132,90,106,249,303,471,92,183,36,202,180,24,88,237,128,47,129,77,150,173,121,201,37,133
383,321,129,73,361,90,318,84,131,137,307,337,591,255,163,198,262,596,353,42,173,372,196,160,235,98,260,160,176,424,511,917,177,344,75,359,332,57,159,367,209,68,255,140,302,310,215,358,133,120
