271,431,218,102,502,106,530,184,155,235,457,523,823,391,313,335,351,830,495,79,304,503,347,213,366,147,370,300,264,591,705,1185,226,506,84,529,493,68,252,456,298,123,367,206,451,422,329,500,171,405
431,189,151,67,424,106,395,118,131,183,399,525,815,260,195,205,315,787,421,50,244,445,240,166,275,116,278,183,189,531,650,1193,246,383,115,451,397,80,200,476,289,67,341,152,348,399,252,412,159,326
218,151,45,35,217,52,233,59,56,92,178,205,369,147,105,101,149,351,194,27,92,208,137,85,135,30,114,92,101,244,305,544,98,176,48,217,209,21,111,208,131,35,146,82,178,184,127,224,74,130
102,67,35,1,88,11,83,26,28,32,71,88,153,55,48,57,59,143,77,9,56,69,39,42,39,23,56,46,39,105,123,221,43,75,19,99,76,14,48,87,56,17,65,30,73,67,54,83,37,57
502,424,217,88,253,108,502,154,170,210,436,581,969,334,292,306,362,933,531,69,291,554,304,231,298,127,313,201,264,666,762,1451,284,464,125,575,475,86,241,575,332,98,391,207,396,499,322,535,176,306
106,106,52,11,108,10,112,30,35,41,84,109,226,74,72,77,81,224,115,11,67,104,67,52,61,28,81,58,50,143,184,286,57,96,33,139,95,22,53,113,71,26,94,32,96,85,74,114,42,84
530,395,233,83,502,112,214,148,159,198,426,513,926,321,255,272,319,911,499,62,255,487,283,196,311,127,323,231,243,611,794,1376,295,452,112,544,432,79,233,484,311,93,341,168,373,426,332,489,198,344
184,118,59,26,154,30,148,28,54,67,144,192,278,113,81,95,120,249,168,22,82,169,101,64,118,42,111,85,78,186,229,437,88,155,46,142,143,24,87,147,118,40,137,50,121,111,94,131,74,99
155,131,56,28,170,35,159,54,31,58,136,177,284,115,99,108,115,286,159,21,76,167,108,62,115,41,110,78,76,216,279,435,89,137,41,169,150,32,83,173,108,36,127,57,125,145,118,170,61,96
235,183,92,32,210,41,198,67,58,47,169,209,374,139,125,143,157,361,218,24,122,199,141,81,131,67,150,103,108,259,314,516,98,210,44,229,198,30,103,200,130,42,151,65,151,184,121,205,71,169
457,399,178,71,436,84,426,144,136,169,167,465,787,282,257,287,322,774,461,58,256,459,272,180,286,126,312,201,206,511,674,1141,228,403,86,472,422,67,208,435,281,83,336,145,348,382,261,444,147,312
523,525,205,88,581,109,513,192,177,209,465,307,974,391,289,321,426,1028,557,68,309,567,328,237,388,142,356,246,308,724,843,1644,295,539,145,573,499,87,294,610,360,117,422,195,458,566,363,620,204,365
823,815,369,153,969,226,926,278,284,374,787,974,834,563,465,532,663,1486,940,108,499,934,515,352,581,213,644,401,448,1171,1429,2450,479,869,216,984,866,184,474,955,592,194,692,325,720,901,576,985,334,573
391,260,147,55,334,74,321,113,115,139,282,391,563,93,167,198,225,557,309,43,188,332,187,118,199,96,214,148,141,384,496,919,167,305,78,343,294,56,158,334,208,56,243,113,255,286,220,340,135,209
313,195,105,48,292,72,255,81,99,125,257,289,465,167,83,136,184,455,273,33,136,257,160,108,169,48,156,129,143,335,446,704,158,251,57,259,261,43,140,271,161,55,204,99,211,235,177,295,85,157
335,205,101,57,306,77,272,95,108,143,287,321,532,198,136,63,217,520,324,37,128,305,165,114,166,49,148,124,151,346,470,823,170,270,65,262,274,47,151,317,174,56,217,100,245,272,177,333,105,209
351,315,149,59,362,81,319,120,115,157,322,426,663,225,184,217,110,684,342,62,200,354,207,157,244,111,256,179,172,492,575,993,182,358,93,360,341,70,176,387,255,70,298,155,305,344,243,392,157,236
830,787,351,143,933,224,911,249,286,361,774,1028,1486,557,455,520,684,791,918,103,494,921,543,331,601,214,613,437,456,1173,1392,2468,499,869,213,1022,857,169,450,956,614,180,678,310,669,846,560,1006,310,624
495,421,194,77,531,115,499,168,159,218,461,557,940,309,273,324,342,918,256,67,298,496,309,214,340,143,363,226,239,656,758,1393,299,484,112,514,487,89,262,541,378,124,384,169,392,489,324,555,205,333
79,50,27,9,69,11,62,22,21,24,58,68,108,43,33,37,62,103,67,3,39,75,42,28,34,18,35,43,32,89,94,176,30,54,15,71,55,9,44,80,48,11,41,21,59,60,34,76,25,44
304,244,92,56,291,67,255,82,76,122,256,309,499,188,136,128,200,494,298,39,66,299,137,128,195,67,190,120,129,331,384,797,151,273,67,268,264,35,136,321,162,60,208,104,208,257,168,295,111,205
503,445,208,69,554,104,487,169,167,199,459,567,934,332,257,305,354,921,496,75,299,261,320,216,336,140,336,233,259,702,760,1404,298,468,113,544,467,79,273,536,358,113,377,200,406,479,336,536,207,328
347,240,137,39,304,67,283,101,108,141,272,328,515,187,160,165,207,543,309,42,137,320,70,119,185,62,200,145,155,363,473,845,175,285,74,306,277,52,168,320,210,56,221,119,222,266,177,305,121,184
213,166,85,42,231,52,196,64,62,81,180,237,352,118,108,114,157,331,214,28,128,216,119,37,139,51,160,100,104,255,325,552,110,227,50,216,185,44,110,219,133,42,138,75,169,182,144,192,78,124
366,275,135,39,298,61,311,118,115,131,286,388,581,199,169,166,244,601,340,34,195,336,185,139,106,88,221,140,165,399,512,955,204,300,77,346,316,67,185,378,199,72,306,131,254,277,211,336,135,224
147,116,30,23,127,28,127,42,41,67,126,142,213,96,48,49,111,214,143,18,67,140,62,51,88,21,88,56,75,140,175,364,62,119,30,123,125,30,55,137,79,22,93,47,115,142,81,127,41,78
370,278,114,56,313,81,323,111,110,150,312,356,644,214,156,148,256,613,363,35,190,336,200,160,221,88,105,150,187,400,515,1012,206,305,79,330,323,68,192,347,207,57,254,134,262,340,219,349,118,237
300,183,92,46,201,58,231,85,78,103,201,246,401,148,129,124,179,437,226,43,120,233,145,100,140,56,150,50,114,290,360,644,137,209,51,245,227,26,121,238,140,34,203,84,189,231,149,250,93,154
264,189,101,39,264,50,243,78,76,108,206,308,448,141,143,151,172,456,239,32,129,259,155,104,165,75,187,114,68,284,336,704,153,254,61,265,233,32,143,270,171,63,178,102,186,225,152,271,95,171
591,531,244,105,666,143,611,186,216,259,511,724,1171,384,335,346,492,1173,656,89,331,702,363,255,399,140,400,290,284,429,971,1851,375,616,129,682,598,113,326,703,418,117,499,240,493,622,398,704,232,432
705,650,305,123,762,184,794,229,279,314,674,843,1429,496,446,470,575,1392,758,94,384,760,473,325,512,175,515,360,336,971,590,2123,392,706,165,823,681,117,362,846,556,149,631,275,629,666,501,775,295,518
1185,1193,544,221,1451,286,1376,437,435,516,1141,1644,2450,919,704,823,993,2468,1393,176,797,1404,845,552,955,364,1012,644,704,1851,2123,1910,756,1278,329,1542,1331,241,694,1490,986,309,1046,523,1136,1280,908,1459,518,910
226,246,98,43,284,57,295,88,89,98,228,295,479,167,158,170,182,499,299,30,151,298,175,110,204,62,206,137,153,375,392,756,92,259,64,286,282,60,148,302,191,63,201,103,227,264,180,274,109,167
506,383,176,75,464,96,452,155,137,210,403,539,869,305,251,270,358,869,484,54,273,468,285,227,300,119,305,209,254,616,706,1278,259,213,109,532,429,82,235,508,309,91,382,171,390,411,311,484,167,320
84,115,48,19,125,33,112,46,41,44,86,145,216,78,57,65,93,213,112,15,67,113,74,50,77,30,79,51,61,129,165,329,64,109,12,117,126,24,67,125,79,18,83,51,92,84,79,102,47,73
529,451,217,99,575,139,544,142,169,229,472,573,984,343,259,262,360,1022,514,71,268,544,306,216,346,123,330,245,265,682,823,1542,286,532,117,275,506,95,247,588,382,109,429,211,433,498,326,598,209,346
493,397,209,76,475,95,432,143,150,198,422,499,866,294,261,274,341,857,487,55,264,467,277,185,316,125,323,227,233,598,681,1331,282,429,126,506,214,85,256,502,288,110,341,177,391,392,306,476,194,323
68,80,21,14,86,22,79,24,32,30,67,87,184,56,43,47,70,169,89,9,35,79,52,44,67,30,68,26,32,113,117,241,60,82,24,95,85,5,53,106,53,16,77,40,70,79,51,101,40,51
252,200,111,48,241,53,233,87,83,103,208,294,474,158,140,151,176,450,262,44,136,273,168,110,185,55,192,121,143,326,362,694,148,235,67,247,256,53,79,276,177,59,199,86,196,234,159,246,113,164
456,476,208,87,575,113,484,147,173,200,435,610,955,334,271,317,387,956,541,80,321,536,320,219,378,137,347,238,270,703,846,1490,302,508,125,588,502,106,276,298,368,111,393,194,460,504,346,557,202,409
298,289,131,56,332,71,311,118,108,130,281,360,592,208,161,174,255,614,378,48,162,358,210,133,199,79,207,140,171,418,556,986,191,309,79,382,288,53,177,368,121,78,235,123,257,342,196,352,149,219
123,67,35,17,98,26,93,40,36,42,83,117,194,56,55,56,70,180,124,11,60,113,56,42,72,22,57,34,63,117,149,309,63,91,18,109,110,16,59,111,78,13,89,28,86,101,65,111,41,74
367,341,146,65,391,94,341,137,127,151,336,422,692,243,204,217,298,678,384,41,208,377,221,138,306,93,254,203,178,499,631,1046,201,382,83,429,341,77,199,393,235,89,132,110,306,335,258,375,141,279
206,152,82,30,207,32,168,50,57,65,145,195,325,113,99,100,155,310,169,21,104,200,119,75,131,47,134,84,102,240,275,523,103,171,51,211,177,40,86,194,123,28,110,43,154,171,127,189,83,138
451,348,178,73,396,96,373,121,125,151,348,458,720,255,211,245,305,669,392,59,208,406,222,169,254,115,262,189,186,493,629,1136,227,390,92,433,391,70,196,460,257,86,306,154,152,325,253,410,154,257
422,399,184,67,499,85,426,111,145,184,382,566,901,286,235,272,344,846,489,60,257,479,266,182,277,142,340,231,225,622,666,1280,264,411,84,498,392,79,234,504,342,101,335,171,325,204,295,479,153,294
329,252,127,54,322,74,332,94,118,121,261,363,576,220,177,177,243,560,324,34,168,336,177,144,211,81,219,149,152,398,501,908,180,311,79,326,306,51,159,346,196,65,258,127,253,295,109,339,137,208
500,412,224,83,535,114,489,131,170,205,444,620,985,340,295,333,392,1006,555,76,295,536,305,192,336,127,349,250,271,704,775,1459,274,484,102,598,476,101,246,557,352,111,375,189,410,479,339,268,183,369
171,159,74,37,176,42,198,74,61,71,147,204,334,135,85,105,157,310,205,25,111,207,121,78,135,41,118,93,95,232,295,518,109,167,47,209,194,40,113,202,149,41,141,83,154,153,137,183,28,118
405,326,130,57,306,84,344,99,96,169,312,365,573,209,157,209,236,624,333,44,205,328,184,124,224,78,237,154,171,432,518,910,167,320,73,346,323,51,164,409,219,74,279,138,257,294,208,369,118,137
