276,444,238,108,502,125,462,213,181,261,453,544,834,423,295,349,346,807,499,81,355,500,336,207,345,143,373,269,307,621,697,1190,241,492,104,553,508,78,274,434,301,123,373,174,428,404,335,518,166,381
444,181,179,72,427,98,392,140,141,181,367,519,815,269,233,257,318,761,465,60,221,437,249,181,261,111,284,189,240,554,712,1223,238,409,103,448,418,72,209,466,300,91,317,149,338,425,231,454,149,308
238,179,38,34,207,46,183,54,56,75,184,242,355,121,116,109,136,349,222,18,101,223,122,80,130,63,151,82,97,261,288,558,95,192,44,208,173,41,91,200,147,43,119,76,151,171,134,194,70,153
108,72,34,7,84,17,69,29,26,30,64,96,130,65,44,42,62,132,88,12,44,96,49,34,70,23,64,42,44,125,128,194,46,82,13,111,70,14,43,93,65,13,59,36,67,73,62,91,36,76
502,427,207,84,263,112,476,168,145,218,407,612,960,330,250,286,369,969,507,72,273,507,304,202,327,108,352,254,264,632,734,1569,309,446,119,525,481,84,260,556,337,112,366,197,423,520,330,536,216,333
125,98,46,17,112,8,90,38,30,45,110,142,182,89,62,70,87,201,125,14,74,126,65,50,88,26,89,58,66,152,173,280,60,112,19,139,100,27,55,134,77,30,85,47,81,89,82,106,36,79
462,392,183,69,476,90,215,152,187,188,404,537,854,325,258,264,368,880,471,50,251,518,282,202,329,119,327,224,239,639,757,1353,250,444,107,533,457,88,249,550,324,99,354,187,388,442,294,513,179,351
213,140,54,29,168,38,152,26,61,66,127,159,266,87,81,97,105,269,150,22,109,178,74,46,76,24,83,75,78,178,226,380,85,152,32,167,132,22,69,171,84,44,103,48,109,136,86,154,54,90
181,141,56,26,145,30,187,61,39,75,130,180,293,118,93,99,136,269,147,23,84,190,106,70,121,37,92,63,71,181,219,462,89,142,36,167,180,23,87,174,104,46,125,68,142,161,108,174,61,122
261,181,75,30,218,45,188,66,75,50,160,229,378,142,134,146,174,336,202,23,116,231,134,83,140,52,130,106,101,249,303,543,110,211,31,210,194,25,123,216,134,37,161,59,164,202,143,205,80,148
453,367,184,64,407,110,404,127,130,160,172,481,793,258,232,242,328,754,416,51,227,428,271,156,256,97,282,213,210,509,618,1152,248,392,84,437,384,63,224,437,270,86,354,171,332,393,282,431,150,295
544,519,242,96,612,142,537,159,180,229,481,306,1008,348,268,298,439,984,574,64,293,588,310,230,356,133,347,224,293,678,841,1630,298,580,129,645,533,93,277,625,390,90,415,188,474,562,346,566,195,393
834,815,355,130,960,182,854,266,293,378,793,1008,809,572,453,513,668,1481,952,94,543,956,515,367,619,227,603,413,440,1147,1392,2446,476,873,207,996,825,162,457,1043,587,194,711,317,745,872,605,949,314,608
423,269,121,65,330,89,325,87,118,142,258,348,572,104,183,192,260,591,308,53,191,335,199,129,199,89,220,151,153,412,453,867,161,362,65,323,354,39,169,328,204,67,234,117,283,262,212,342,114,253
295,233,116,44,250,62,258,81,93,134,232,268,453,183,74,143,190,482,286,31,145,293,161,98,164,63,166,131,130,321,378,702,152,267,61,239,252,48,127,283,182,64,198,102,221,253,163,297,88,169
349,257,109,42,286,70,264,97,99,146,242,298,513,192,143,66,204,512,301,28,155,305,157,112,207,66,183,135,153,344,425,806,167,280,70,293,287,51,130,298,192,63,186,105,251,288,165,317,112,201
346,318,136,62,369,87,368,105,136,174,328,439,668,260,190,204,152,621,358,50,216,364,206,173,233,100,245,169,184,465,544,1034,200,351,87,395,351,72,170,379,238,92,262,148,294,326,233,391,150,249
807,761,349,132,969,201,880,269,269,336,754,984,1481,591,482,512,621,838,920,112,503,966,549,381,599,219,609,418,429,1132,1381,2466,489,892,221,940,818,148,446,1005,599,188,693,380,691,851,601,917,350,639
499,465,222,88,507,125,471,150,147,202,416,574,952,308,286,301,358,920,258,66,281,504,293,207,340,146,363,250,247,594,774,1477,244,499,126,550,505,98,274,526,339,111,391,185,395,471,315,524,200,380
81,60,18,12,72,14,50,22,23,23,51,64,94,53,31,28,50,112,66,7,27,77,39,23,36,14,45,29,25,79,89,182,28,64,11,61,66,13,34,67,45,11,45,25,50,54,35,79,18,35
355,221,101,44,273,74,251,109,84,116,227,293,543,191,145,155,216,503,281,27,84,298,163,106,179,62,177,121,152,320,412,834,160,262,57,292,293,34,182,296,203,61,209,95,229,224,186,294,139,188
500,437,223,96,507,126,518,178,190,231,428,588,956,335,293,305,364,966,504,77,298,287,318,224,336,148,361,270,253,649,813,1464,262,509,131,540,524,89,266,550,337,126,388,220,421,464,329,559,212,377
336,249,122,49,304,65,282,74,106,134,271,310,515,199,161,157,206,549,293,39,163,318,100,125,200,74,194,127,153,374,459,816,156,277,74,275,282,58,110,310,186,65,230,96,247,259,197,334,125,200
207,181,80,34,202,50,202,46,70,83,156,230,367,129,98,112,173,381,207,23,106,224,125,41,126,54,142,92,93,254,318,580,103,217,56,215,199,31,97,233,131,54,153,73,151,187,117,212,63,135
345,261,130,70,327,88,329,76,121,140,256,356,619,199,164,207,233,599,340,36,179,336,200,126,106,100,237,163,168,412,508,930,194,320,70,320,294,56,138,366,242,61,290,134,257,311,210,350,123,226
143,111,63,23,108,26,119,24,37,52,97,133,227,89,63,66,100,219,146,14,62,148,74,54,100,18,77,66,63,143,206,378,66,125,35,109,120,28,62,139,83,27,98,45,115,120,59,148,56,85
373,284,151,64,352,89,327,83,92,130,282,347,603,220,166,183,245,609,363,45,177,361,194,142,237,77,125,159,168,420,505,990,176,347,77,319,354,63,148,389,226,61,271,135,289,305,213,359,118,228
269,189,82,42,254,58,224,75,63,106,213,224,413,151,131,135,169,418,250,29,121,270,127,92,163,66,159,54,118,296,375,680,140,209,58,233,185,35,109,279,175,48,170,89,189,219,154,259,87,173
307,240,97,44,264,66,239,78,71,101,210,293,440,153,130,153,184,429,247,25,152,253,153,93,168,63,168,118,49,319,384,706,144,239,58,258,231,39,121,297,201,43,185,95,167,238,159,248,90,155
621,554,261,125,632,152,639,178,181,249,509,678,1147,412,321,344,465,1132,594,79,320,649,374,254,412,143,420,296,319,411,959,1893,335,632,157,644,607,99,350,664,406,115,507,249,523,579,401,684,241,433
697,712,288,128,734,173,757,226,219,303,618,841,1392,453,378,425,544,1381,774,89,412,813,459,318,508,206,505,375,384,959,579,2111,390,693,170,847,692,152,369,812,496,167,591,287,644,704,481,778,300,490
1190,1223,558,194,1569,280,1353,380,462,543,1152,1630,2446,867,702,806,1034,2466,1477,182,834,1464,816,580,930,378,990,680,706,1893,2111,1936,735,1278,326,1552,1304,250,701,1505,919,280,1058,557,1135,1288,919,1505,514,971
241,238,95,46,309,60,250,85,89,110,248,298,476,161,152,167,200,489,244,28,160,262,156,103,194,66,176,140,144,335,390,735,95,224,48,283,233,53,138,295,177,51,204,114,223,246,194,299,94,183
492,409,192,82,446,112,444,152,142,211,392,580,873,362,267,280,351,892,499,64,262,509,277,217,320,125,347,209,239,632,693,1278,224,203,109,543,423,82,248,506,282,114,356,183,383,412,282,488,170,321
104,103,44,13,119,19,107,32,36,31,84,129,207,65,61,70,87,221,126,11,57,131,74,56,70,35,77,58,58,157,170,326,48,109,17,127,93,18,64,115,88,25,80,45,76,103,81,103,41,86
553,448,208,111,525,139,533,167,167,210,437,645,996,323,239,293,395,940,550,61,292,540,275,215,320,109,319,233,258,644,847,1552,283,543,127,295,523,79,291,591,356,124,413,205,409,513,306,551,218,331
508,418,173,70,481,100,457,132,180,194,384,533,825,354,252,287,351,818,505,66,293,524,282,199,294,120,354,185,231,607,692,1304,233,423,93,523,211,71,229,525,323,102,339,167,372,424,272,496,167,344
78,72,41,14,84,27,88,22,23,25,63,93,162,39,48,51,72,148,98,13,34,89,58,31,56,28,63,35,39,99,152,250,53,82,18,79,71,11,37,102,65,23,69,42,65,87,42,90,40,59
274,209,91,43,260,55,249,69,87,123,224,277,457,169,127,130,170,446,274,34,182,266,110,97,138,62,148,109,121,350,369,701,138,248,64,291,229,37,71,264,154,58,170,80,193,216,154,272,101,162
434,466,200,93,556,134,550,171,174,216,437,625,1043,328,283,298,379,1005,526,67,296,550,310,233,366,139,389,279,297,664,812,1505,295,506,115,591,525,102,264,281,352,107,387,201,451,493,353,565,180,369
301,300,147,65,337,77,324,84,104,134,270,390,587,204,182,192,238,599,339,45,203,337,186,131,242,83,226,175,201,406,496,919,177,282,88,356,323,65,154,352,106,65,243,115,273,299,216,334,132,210
123,91,43,13,112,30,99,44,46,37,86,90,194,67,64,63,92,188,111,11,61,126,65,54,61,27,61,48,43,115,167,280,51,114,25,124,102,23,58,107,65,12,80,25,79,109,63,100,41,77
373,317,119,59,366,85,354,103,125,161,354,415,711,234,198,186,262,693,391,45,209,388,230,153,290,98,271,170,185,507,591,1058,204,356,80,413,339,69,170,387,243,80,134,141,301,350,246,363,137,291
174,149,76,36,197,47,187,48,68,59,171,188,317,117,102,105,148,380,185,25,95,220,96,73,134,45,135,89,95,249,287,557,114,183,45,205,167,42,80,201,115,25,141,28,144,179,129,223,68,116
428,338,151,67,423,81,388,109,142,164,332,474,745,283,221,251,294,691,395,50,229,421,247,151,257,115,289,189,167,523,644,1135,223,383,76,409,372,65,193,451,273,79,301,144,169,367,266,466,135,307
404,425,171,73,520,89,442,136,161,202,393,562,872,262,253,288,326,851,471,54,224,464,259,187,311,120,305,219,238,579,704,1288,246,412,103,513,424,87,216,493,299,109,350,179,367,231,280,497,168,333
335,231,134,62,330,82,294,86,108,143,282,346,605,212,163,165,233,601,315,35,186,329,197,117,210,59,213,154,159,401,481,919,194,282,81,306,272,42,154,353,216,63,246,129,266,280,99,323,138,244
518,454,194,91,536,106,513,154,174,205,431,566,949,342,297,317,391,917,524,79,294,559,334,212,350,148,359,259,248,684,778,1505,299,488,103,551,496,90,272,565,334,100,363,223,466,497,323,283,191,356
166,149,70,36,216,36,179,54,61,80,150,195,314,114,88,112,150,350,200,18,139,212,125,63,123,56,118,87,90,241,300,514,94,170,41,218,167,40,101,180,132,41,137,68,135,168,138,191,40,125
381,308,153,76,333,79,351,90,122,148,295,393,608,253,169,201,249,639,380,35,188,377,200,135,226,85,228,173,155,433,490,971,183,321,86,331,344,59,162,369,210,77,291,116,307,333,244,356,125,123
