269,420,217,77,495,101,439,187,163,258,448,538,771,375,276,322,362,744,493,66,328,489,332,169,332,153,368,257,275,600,693,1165,239,464,104,505,489,83,245,441,301,92,337,153,415,451,300,484,148,403
420,183,171,76,438,92,434,120,153,167,375,509,752,269,211,238,320,805,448,52,246,483,241,174,282,115,272,213,231,539,653,1147,242,408,101,463,419,66,203,431,293,78,317,176,373,379,273,427,184,257
217,171,28,35,222,42,175,55,73,94,195,234,350,126,103,119,127,377,188,24,106,207,98,79,131,53,130,100,98,231,299,585,108,178,63,211,180,38,101,199,135,36,123,63,155,179,128,211,80,128
77,76,35,6,88,20,73,35,23,43,82,98,163,54,53,53,73,144,78,17,57,94,52,40,54,29,62,47,43,104,145,224,54,82,24,89,98,18,44,94,58,23,57,38,79,71,50,92,32,61
495,438,222,88,251,104,488,144,157,216,413,602,941,304,284,320,346,941,518,57,291,507,268,218,334,129,373,273,262,616,791,1355,272,456,117,503,487,79,247,531,338,118,380,203,425,431,326,518,197,346
101,92,42,20,104,13,101,39,42,50,91,123,177,69,68,65,77,157,97,18,71,94,60,44,80,34,85,49,62,152,171,294,68,107,25,114,107,13,59,118,61,18,61,50,88,96,64,111,37,87
439,434,175,73,488,101,226,156,163,192,395,524,875,325,266,281,371,854,438,67,292,472,267,181,294,112,325,233,230,650,730,1293,257,465,119,491,430,80,234,491,306,90,329,206,394,453,296,503,166,282
187,120,55,35,144,39,156,14,45,70,136,162,281,98,84,93,103,282,160,12,86,168,98,68,111,37,98,59,82,189,243,413,68,136,31,171,127,23,60,159,97,27,121,64,148,124,87,160,48,106
163,153,73,23,157,42,163,45,26,80,150,158,314,102,98,103,106,310,148,19,97,168,113,61,129,36,114,90,85,224,265,422,104,148,38,153,138,26,83,187,112,26,125,54,145,143,114,183,71,127
258,167,94,43,216,50,192,70,80,46,159,195,365,129,98,111,171,378,216,24,132,203,123,92,159,51,125,105,104,262,334,550,124,204,53,196,190,34,117,212,115,35,153,73,180,182,129,191,95,156
448,375,195,82,413,91,395,136,150,159,196,429,782,293,217,246,338,757,460,62,281,403,261,164,300,105,282,236,226,567,622,1070,216,396,91,440,410,71,230,429,253,82,332,162,344,381,258,411,159,308
538,509,234,98,602,123,524,162,158,195,429,320,1022,355,291,309,393,993,588,73,315,595,341,223,352,154,426,239,261,696,848,1550,288,527,138,611,499,87,263,589,398,118,416,210,422,529,368,587,215,367
771,752,350,163,941,177,875,281,314,365,782,1022,810,569,451,518,652,1398,945,101,510,949,548,371,604,221,580,435,452,1091,1358,2356,481,882,200,984,803,153,478,994,607,195,655,320,738,845,606,922,323,582
375,269,126,54,304,69,325,98,102,129,293,355,569,107,166,182,228,586,312,46,197,314,175,146,221,76,210,186,158,410,473,900,182,296,74,326,339,49,156,350,238,69,251,136,259,315,166,328,134,201
276,211,103,53,284,68,266,84,98,98,217,291,451,166,66,137,194,464,241,28,138,261,148,103,146,71,172,119,122,355,399,724,137,236,69,256,250,44,145,289,177,56,180,80,225,262,159,287,100,178
322,238,119,53,320,65,281,93,103,111,246,309,518,182,137,74,227,498,292,29,149,318,159,130,169,78,179,136,138,330,425,778,152,276,69,292,287,56,167,312,191,51,232,93,253,265,164,285,104,203
362,320,127,73,346,77,371,103,106,171,338,393,652,228,194,227,117,615,365,47,199,360,209,148,247,85,243,185,159,474,532,958,192,338,84,339,337,56,166,383,248,64,272,147,280,334,231,373,131,227
744,805,377,144,941,157,854,282,310,378,757,993,1398,586,464,498,615,747,886,107,504,944,569,377,643,229,617,424,464,1095,1372,2381,482,859,188,935,792,168,486,995,588,176,661,318,719,850,600,951,327,619
493,448,188,78,518,97,438,160,148,216,460,588,945,312,241,292,365,886,260,67,261,492,303,218,334,138,340,249,243,643,790,1325,241,504,109,514,443,80,241,541,309,105,413,214,353,455,278,559,163,347
66,52,24,17,57,18,67,12,19,24,62,73,101,46,28,29,47,107,67,7,38,67,39,28,42,24,53,28,31,70,92,166,29,65,15,59,63,9,26,80,45,21,53,27,51,59,37,72,20,38
328,246,106,57,291,71,292,86,97,132,281,315,510,197,138,149,199,504,261,38,66,263,166,120,193,73,201,128,142,332,431,793,155,230,56,292,255,44,137,330,173,41,231,89,243,288,163,311,111,173
489,483,207,94,507,94,472,168,168,203,403,595,949,314,261,318,360,944,492,67,263,261,309,205,328,159,347,260,247,675,745,1382,273,471,122,513,451,82,239,549,353,102,423,207,394,453,290,543,187,333
332,241,98,52,268,60,267,98,113,123,261,341,548,175,148,159,209,569,303,39,166,309,98,94,179,75,197,125,129,354,449,864,187,289,79,289,254,47,154,288,193,65,236,115,240,290,193,321,116,204
169,174,79,40,218,44,181,68,61,92,164,223,371,146,103,130,148,377,218,28,120,205,94,33,106,44,129,92,108,265,306,564,100,212,50,215,197,26,105,206,128,39,144,75,122,177,112,198,65,123
332,282,131,54,334,80,294,111,129,159,300,352,604,221,146,169,247,643,334,42,193,328,179,106,111,80,193,154,148,441,478,908,198,314,81,325,297,48,161,371,216,65,255,135,226,322,188,350,127,209
153,115,53,29,129,34,112,37,36,51,105,154,221,76,71,78,85,229,138,24,73,159,75,44,80,10,74,44,66,152,181,364,68,128,33,133,138,18,61,128,73,28,103,39,95,114,73,136,55,79
368,272,130,62,373,85,325,98,114,125,282,426,580,210,172,179,243,617,340,53,201,347,197,129,193,74,117,134,158,412,472,955,182,328,73,339,327,51,159,353,208,72,292,137,244,300,171,340,133,203
257,213,100,47,273,49,233,59,90,105,236,239,435,186,119,136,185,424,249,28,128,260,125,92,154,44,134,50,124,291,356,652,138,209,55,249,242,35,117,238,145,47,183,78,196,249,161,262,92,169
275,231,98,43,262,62,230,82,85,104,226,261,452,158,122,138,159,464,243,31,142,247,129,108,148,66,158,124,65,308,369,712,140,236,51,225,246,39,119,299,167,50,214,96,183,227,144,262,112,164
600,539,231,104,616,152,650,189,224,262,567,696,1091,410,355,330,474,1095,643,70,332,675,354,265,441,152,412,291,308,383,990,1790,349,589,158,648,589,100,329,677,382,117,473,231,543,605,432,692,256,436
693,653,299,145,791,171,730,243,265,334,622,848,1358,473,399,425,532,1372,790,92,431,745,449,306,478,181,472,356,369,990,574,2043,419,710,175,795,694,114,351,814,495,171,525,266,542,706,447,753,277,502
1165,1147,585,224,1355,294,1293,413,422,550,1070,1550,2356,900,724,778,958,2381,1325,166,793,1382,864,564,908,364,955,652,712,1790,2043,1820,706,1319,293,1456,1220,247,699,1444,952,293,976,501,1062,1232,906,1474,466,893
239,242,108,54,272,68,257,68,104,124,216,288,481,182,137,152,192,482,241,29,155,273,187,100,198,68,182,138,140,349,419,706,68,264,53,279,249,43,130,284,195,61,189,106,203,291,179,279,91,184
464,408,178,82,456,107,465,136,148,204,396,527,882,296,236,276,338,859,504,65,230,471,289,212,314,128,328,209,236,589,710,1319,264,188,111,493,453,58,219,495,315,103,386,164,375,459,306,487,169,316
104,101,63,24,117,25,119,31,38,53,91,138,200,74,69,69,84,188,109,15,56,122,79,50,81,33,73,55,51,158,175,293,53,111,14,110,107,20,50,127,85,22,96,44,107,91,70,111,45,72
505,463,211,89,503,114,491,171,153,196,440,611,984,326,256,292,339,935,514,59,292,513,289,215,325,133,339,249,225,648,795,1456,279,493,110,250,523,77,272,572,362,108,397,203,411,526,324,532,202,351
489,419,180,98,487,107,430,127,138,190,410,499,803,339,250,287,337,792,443,63,255,451,254,197,297,138,327,242,246,589,694,1220,249,453,107,523,231,69,212,484,321,96,352,179,398,417,301,464,162,321
83,66,38,18,79,13,80,23,26,34,71,87,153,49,44,56,56,168,80,9,44,82,47,26,48,18,51,35,39,100,114,247,43,58,20,77,69,4,30,87,47,11,59,31,60,63,57,90,38,54
245,203,101,44,247,59,234,60,83,117,230,263,478,156,145,167,166,486,241,26,137,239,154,105,161,61,159,117,119,329,351,699,130,219,50,272,212,30,44,259,151,42,183,87,203,191,153,266,85,162
441,431,199,94,531,118,491,159,187,212,429,589,994,350,289,312,383,995,541,80,330,549,288,206,371,128,353,238,299,677,814,1444,284,495,127,572,484,87,259,277,341,106,384,204,432,476,334,519,201,351
301,293,135,58,338,61,306,97,112,115,253,398,607,238,177,191,248,588,309,45,173,353,193,128,216,73,208,145,167,382,495,952,195,315,85,362,321,47,151,341,103,63,259,123,242,301,208,332,131,226
92,78,36,23,118,18,90,27,26,35,82,118,195,69,56,51,64,176,105,21,41,102,65,39,65,28,72,47,50,117,171,293,61,103,22,108,96,11,42,106,63,10,90,46,94,101,55,119,47,54
337,317,123,57,380,61,329,121,125,153,332,416,655,251,180,232,272,661,413,53,231,423,236,144,255,103,292,183,214,473,525,976,189,386,96,397,352,59,183,384,259,90,125,129,287,333,247,390,115,264
153,176,63,38,203,50,206,64,54,73,162,210,320,136,80,93,147,318,214,27,89,207,115,75,135,39,137,78,96,231,266,501,106,164,44,203,179,31,87,204,123,46,129,36,161,191,114,185,71,120
415,373,155,79,425,88,394,148,145,180,344,422,738,259,225,253,280,719,353,51,243,394,240,122,226,95,244,196,183,543,542,1062,203,375,107,411,398,60,203,432,242,94,287,161,151,378,235,402,173,275
451,379,179,71,431,96,453,124,143,182,381,529,845,315,262,265,334,850,455,59,288,453,290,177,322,114,300,249,227,605,706,1232,291,459,91,526,417,63,191,476,301,101,333,191,378,198,307,473,162,338
300,273,128,50,326,64,296,87,114,129,258,368,606,166,159,164,231,600,278,37,163,290,193,112,188,73,171,161,144,432,447,906,179,306,70,324,301,57,153,334,208,55,247,114,235,307,92,347,128,217
484,427,211,92,518,111,503,160,183,191,411,587,922,328,287,285,373,951,559,72,311,543,321,198,350,136,340,262,262,692,753,1474,279,487,111,532,464,90,266,519,332,119,390,185,402,473,347,261,182,322
148,184,80,32,197,37,166,48,71,95,159,215,323,134,100,104,131,327,163,20,111,187,116,65,127,55,133,92,112,256,277,466,91,169,45,202,162,38,85,201,131,47,115,71,173,162,128,182,26,129
403,257,128,61,346,87,282,106,127,156,308,367,582,201,178,203,227,619,347,38,173,333,204,123,209,79,203,169,164,436,502,893,184,316,72,351,321,54,162,351,226,54,264,120,275,338,217,322,129,120
