297,465,211,92,489,121,487,172,166,261,464,501,826,390,325,352,361,816,523,75,350,544,361,203,370,161,380,276,290,643,707,1174,238,526,117,532,515,76,233,454,331,132,367,164,464,408,325,481,181,361
465,200,157,68,455,87,419,142,150,169,377,439,779,291,214,246,295,764,426,54,220,427,250,171,280,128,313,202,210,541,639,1227,249,382,97,443,400,72,228,492,295,83,326,171,320,385,267,463,153,292
211,157,31,37,198,50,180,59,65,75,200,207,342,125,105,78,139,349,198,24,115,200,123,70,122,59,122,99,103,253,297,546,96,188,41,197,169,36,99,195,136,26,141,66,164,173,114,187,71,129
92,68,37,4,76,12,82,30,35,36,68,104,144,65,45,56,76,146,86,14,53,89,45,29,66,26,69,45,47,108,123,209,35,88,18,109,90,22,49,82,49,18,65,27,84,76,63,87,26,62
489,455,198,76,254,107,482,142,154,202,427,563,913,333,280,300,346,896,497,56,269,504,321,212,382,131,369,221,264,652,734,1457,296,486,117,533,471,77,233,570,326,108,412,187,447,478,293,539,179,332
121,87,50,12,107,9,97,36,33,36,87,128,194,85,67,78,85,202,122,11,68,118,63,36,82,31,87,57,52,140,172,293,50,109,24,142,105,26,71,115,61,25,75,44,93,105,73,113,43,84
487,419,180,82,482,97,207,143,161,186,388,551,829,319,270,290,361,865,483,62,238,510,282,192,306,146,325,234,246,611,757,1339,270,443,126,557,477,79,256,502,325,89,376,182,371,464,300,486,159,309
172,142,59,30,142,36,143,23,42,58,138,181,266,91,81,97,107,262,147,15,77,157,81,49,85,45,93,75,100,166,229,433,92,140,37,163,152,16,58,159,97,30,115,34,140,123,68,160,49,109
166,150,65,35,154,33,161,42,16,81,163,187,299,116,71,92,99,281,155,23,94,190,89,66,106,47,119,82,85,212,263,511,92,154,42,163,167,24,74,168,112,22,145,65,138,150,92,158,59,105
261,169,75,36,202,36,186,58,81,47,179,249,337,145,111,115,147,393,206,23,125,225,140,80,137,56,140,92,95,269,309,517,88,182,43,236,199,36,109,224,128,44,178,78,167,192,131,207,71,159
464,377,200,68,427,87,388,138,163,179,182,523,781,278,237,244,326,764,443,60,251,452,275,183,280,113,294,216,234,546,665,1162,215,404,82,435,396,75,209,476,276,93,340,155,347,380,258,447,150,285
501,439,207,104,563,128,551,181,187,249,523,283,966,387,266,296,410,976,533,69,309,584,328,204,335,150,380,274,241,712,832,1577,288,489,133,635,542,113,278,606,372,109,403,219,422,539,362,540,200,343
826,779,342,144,913,194,829,266,299,337,781,966,840,605,438,449,677,1523,940,124,484,928,564,343,566,214,578,397,454,1149,1365,2506,501,842,217,1013,799,178,426,939,596,174,669,372,724,844,556,950,332,590
390,291,125,65,333,85,319,91,116,145,278,387,605,106,171,171,242,585,331,33,161,360,199,129,227,81,225,150,182,400,509,897,174,311,81,342,324,55,154,327,213,58,264,116,300,300,209,339,125,212
325,214,105,45,280,67,270,81,71,111,237,266,438,171,64,128,180,465,272,27,154,267,155,115,185,61,185,126,127,306,397,715,155,243,60,265,245,44,128,294,183,67,207,95,229,251,144,261,89,174
352,246,78,56,300,78,290,97,92,115,244,296,449,171,128,81,219,498,290,28,157,298,156,139,172,56,165,129,147,332,459,790,158,258,74,299,257,55,149,343,195,61,207,120,243,277,148,323,96,185
361,295,139,76,346,85,361,107,99,147,326,410,677,242,180,219,134,686,379,50,225,403,218,143,232,88,254,195,170,431,550,1045,206,375,77,369,355,56,173,364,257,81,287,124,288,330,213,367,146,256
816,764,349,146,896,202,865,262,281,393,764,976,1523,585,465,498,686,847,931,108,498,911,559,366,597,236,604,416,442,1136,1382,2412,489,839,199,990,817,147,413,973,652,161,671,337,735,804,557,939,323,623
523,426,198,86,497,122,483,147,155,206,443,533,940,331,272,290,379,931,277,70,275,478,293,197,323,134,355,229,254,645,735,1412,289,505,128,562,458,78,264,543,341,115,410,164,360,496,295,557,199,328
75,54,24,14,56,11,62,15,23,23,60,69,124,33,27,28,50,108,70,4,38,57,30,26,46,18,42,32,24,69,96,167,34,70,13,56,71,8,28,71,46,5,60,21,56,60,31,63,29,37
350,220,115,53,269,68,238,77,94,125,251,309,484,161,154,157,225,498,275,38,75,295,162,103,157,54,168,126,142,310,433,773,150,258,68,308,232,40,144,293,176,56,258,111,203,261,158,274,106,217
544,427,200,89,504,118,510,157,190,225,452,584,928,360,267,298,403,911,478,57,295,271,287,205,340,146,354,245,251,667,790,1414,284,503,123,565,485,93,264,539,323,107,437,184,415,481,309,564,205,339
361,250,123,45,321,63,282,81,89,140,275,328,564,199,155,156,218,559,293,30,162,287,83,125,208,78,216,146,135,369,459,855,180,291,75,291,266,43,148,340,194,64,255,110,244,264,184,298,122,208
203,171,70,29,212,36,192,49,66,80,183,204,343,129,115,139,143,366,197,26,103,205,125,46,121,53,147,96,97,241,315,558,99,182,49,205,194,32,92,219,123,33,160,88,159,177,126,228,91,150
370,280,122,66,382,82,306,85,106,137,280,335,566,227,185,172,232,597,323,46,157,340,208,121,109,86,214,164,159,399,526,939,177,321,79,352,317,57,149,351,222,71,263,113,251,319,210,341,128,222
161,128,59,26,131,31,146,45,47,56,113,150,214,81,61,56,88,236,134,18,54,146,78,53,86,12,71,60,75,155,201,386,70,128,26,120,138,17,59,144,79,31,105,43,103,109,89,153,49,89
380,313,122,69,369,87,325,93,119,140,294,380,578,225,185,165,254,604,355,42,168,354,216,147,214,71,112,162,185,386,517,956,175,316,60,340,333,56,171,370,222,72,278,117,258,318,204,348,138,220
276,202,99,45,221,57,234,75,82,92,216,274,397,150,126,129,195,416,229,32,126,245,146,96,164,60,162,66,109,270,338,641,124,205,55,218,229,43,112,259,145,50,183,82,174,227,150,254,94,158
290,210,103,47,264,52,246,100,85,95,234,241,454,182,127,147,170,442,254,24,142,251,135,97,159,75,185,109,68,309,401,671,129,237,57,232,236,28,147,282,175,58,188,92,210,247,156,290,91,163
643,541,253,108,652,140,611,166,212,269,546,712,1149,400,306,332,431,1136,645,69,310,667,369,241,399,155,386,270,309,395,983,1850,343,611,151,630,578,89,290,707,429,109,488,241,504,613,385,669,233,400
707,639,297,123,734,172,757,229,263,309,665,832,1365,509,397,459,550,1382,735,96,433,790,459,315,526,201,517,338,401,983,587,2077,411,705,169,827,711,129,385,784,465,157,581,292,626,735,491,829,315,468
1174,1227,546,209,1457,293,1339,433,511,517,1162,1577,2506,897,715,790,1045,2412,1412,167,773,1414,855,558,939,386,956,641,671,1850,2077,1918,722,1359,282,1543,1333,228,725,1456,927,287,1032,545,1177,1323,897,1412,479,989
238,249,96,35,296,50,270,92,92,88,215,288,501,174,155,158,206,489,289,34,150,284,180,99,177,70,175,124,129,343,411,722,90,280,72,321,249,51,137,292,171,61,199,110,224,257,153,238,102,193
526,382,188,88,486,109,443,140,154,182,404,489,842,311,243,258,375,839,505,70,258,503,291,182,321,128,316,205,237,611,705,1359,280,217,113,528,464,73,276,498,309,97,369,189,362,419,273,471,191,320
117,97,41,18,117,24,126,37,42,43,82,133,217,81,60,74,77,199,128,13,68,123,75,49,79,26,60,55,57,151,169,282,72,113,11,121,112,17,63,111,72,22,86,41,98,105,69,124,42,83
532,443,197,109,533,142,557,163,163,236,435,635,1013,342,265,299,369,990,562,56,308,565,291,205,352,120,340,218,232,630,827,1543,321,528,121,271,520,88,251,569,356,114,418,202,452,504,354,550,196,370
515,400,169,90,471,105,477,152,167,199,396,542,799,324,245,257,355,817,458,71,232,485,266,194,317,138,333,229,236,578,711,1333,249,464,112,520,235,84,263,506,331,90,374,198,416,450,285,482,160,300
76,72,36,22,77,26,79,16,24,36,75,113,178,55,44,55,56,147,78,8,40,93,43,32,57,17,56,43,28,89,129,228,51,73,17,88,84,6,37,95,42,17,78,30,75,98,55,80,33,41
233,228,99,49,233,71,256,58,74,109,209,278,426,154,128,149,173,413,264,28,144,264,148,92,149,59,171,112,147,290,385,725,137,276,63,251,263,37,45,252,177,52,201,82,217,224,134,251,87,183
454,492,195,82,570,115,502,159,168,224,476,606,939,327,294,343,364,973,543,71,293,539,340,219,351,144,370,259,282,707,784,1456,292,498,111,569,506,95,252,285,333,107,411,209,430,522,348,544,197,363
331,295,136,49,326,61,325,97,112,128,276,372,596,213,183,195,257,652,341,46,176,323,194,123,222,79,222,145,175,429,465,927,171,309,72,356,331,42,177,333,108,57,255,132,264,310,200,350,123,225
132,83,26,18,108,25,89,30,22,44,93,109,174,58,67,61,81,161,115,5,56,107,64,33,71,31,72,50,58,109,157,287,61,97,22,114,90,17,52,107,57,11,75,28,79,89,67,103,43,84
367,326,141,65,412,75,376,115,145,178,340,403,669,264,207,207,287,671,410,60,258,437,255,160,263,105,278,183,188,488,581,1032,199,369,86,418,374,78,201,411,255,75,155,139,338,375,258,421,131,276
164,171,66,27,187,44,182,34,65,78,155,219,372,116,95,120,124,337,164,21,111,184,110,88,113,43,117,82,92,241,292,545,110,189,41,202,198,30,82,209,132,28,139,45,140,177,107,197,72,138
464,320,164,84,447,93,371,140,138,167,347,422,724,300,229,243,288,735,360,56,203,415,244,159,251,103,258,174,210,504,626,1177,224,362,98,452,416,75,217,430,264,79,338,140,173,339,243,413,144,276
408,385,173,76,478,105,464,123,150,192,380,539,844,300,251,277,330,804,496,60,261,481,264,177,319,109,318,227,247,613,735,1323,257,419,105,504,450,98,224,522,310,89,375,177,339,200,257,511,156,292
325,267,114,63,293,73,300,68,92,131,258,362,556,209,144,148,213,557,295,31,158,309,184,126,210,89,204,150,156,385,491,897,153,273,69,354,285,55,134,348,200,67,258,107,243,257,101,300,114,202
481,463,187,87,539,113,486,160,158,207,447,540,950,339,261,323,367,939,557,63,274,564,298,228,341,153,348,254,290,669,829,1412,238,471,124,550,482,80,251,544,350,103,421,197,413,511,300,255,177,321
181,153,71,26,179,43,159,49,59,71,150,200,332,125,89,96,146,323,199,29,106,205,122,91,128,49,138,94,91,233,315,479,102,191,42,196,160,33,87,197,123,43,131,72,144,156,114,177,37,128
361,292,129,62,332,84,309,109,105,159,285,343,590,212,174,185,256,623,328,37,217,339,208,150,222,89,220,158,163,400,468,989,193,320,83,370,300,41,183,363,225,84,276,138,276,292,202,321,128,120
