265,461,206,99,501,94,432,171,193,236,443,509,802,368,320,358,346,811,522,76,304,539,351,199,343,158,400,295,324,649,688,1142,235,490,107,519,496,76,234,448,289,98,389,166,434,452,333,490,154,384
461,196,171,77,465,101,441,143,134,193,390,472,798,303,191,226,334,794,426,61,238,476,251,192,230,114,292,187,213,513,682,1246,256,349,93,474,391,72,202,476,296,97,331,180,361,433,261,473,165,285
206,171,44,40,195,50,182,52,64,92,171,231,338,119,95,96,123,344,201,25,109,208,121,74,128,46,134,76,104,239,310,544,114,190,44,174,181,32,86,172,127,40,174,70,155,204,126,206,82,142
99,77,40,8,85,13,71,32,24,32,69,73,138,57,51,59,56,151,76,14,54,80,45,29,53,25,65,37,53,119,131,226,39,83,20,94,71,16,35,83,54,22,53,36,64,72,49,81,29,56
501,465,195,85,254,113,469,145,178,215,453,579,892,325,257,289,388,898,518,62,276,536,290,207,322,133,342,239,236,660,782,1471,269,473,119,552,455,85,226,545,326,101,412,195,408,478,328,534,184,364
94,101,50,13,113,8,95,44,39,51,98,107,191,83,65,75,67,189,97,14,64,98,65,39,64,33,84,58,68,141,172,286,56,106,22,112,96,13,46,106,77,29,77,53,76,90,68,122,29,74
432,441,182,71,469,95,231,172,147,198,406,530,891,317,259,269,379,876,510,58,265,505,307,202,324,135,375,236,254,598,761,1398,288,413,100,480,444,89,249,501,294,114,338,162,377,444,282,476,172,344
171,143,52,32,145,44,172,18,62,60,142,163,276,89,77,89,119,276,150,10,89,153,84,69,111,31,83,65,65,181,218,432,89,130,30,159,153,17,69,181,105,27,117,57,126,140,102,161,58,113
193,134,64,24,178,39,147,62,30,64,129,151,275,107,89,87,137,280,174,27,94,182,84,57,90,49,110,68,76,177,243,460,79,158,36,169,150,27,70,157,104,41,133,60,130,142,96,178,60,138
236,193,92,32,215,51,198,60,64,38,156,195,356,136,128,111,135,388,192,20,112,217,135,85,129,56,123,101,134,260,319,592,105,182,44,193,202,34,75,200,136,42,138,67,184,187,150,184,70,149
443,390,171,69,453,98,406,142,129,156,184,482,804,285,253,244,317,763,430,61,229,436,284,172,287,93,293,178,233,515,627,1217,228,403,91,471,378,58,187,424,259,99,310,144,350,398,275,411,132,301
509,472,231,73,579,107,530,163,151,195,482,311,1015,343,287,317,400,1022,580,68,296,586,324,245,347,139,388,268,273,735,872,1549,310,546,127,596,561,111,287,651,369,113,438,218,438,555,315,592,202,367
802,798,338,138,892,191,891,276,275,356,804,1015,844,594,461,524,652,1513,917,123,515,953,564,354,617,233,616,426,461,1182,1361,2424,507,841,199,987,823,159,474,993,591,187,691,325,720,868,565,951,327,577
368,303,119,57,325,83,317,89,107,136,285,343,594,116,178,182,233,618,327,45,161,317,204,155,210,98,242,162,158,385,510,944,172,319,70,327,309,46,157,359,209,50,237,126,283,292,167,318,123,238
320,191,95,51,257,65,259,77,89,128,253,287,461,178,57,125,196,479,275,28,143,287,151,98,158,75,190,119,145,300,403,732,136,243,62,289,274,38,138,271,170,68,218,80,202,275,163,263,112,164
358,226,96,59,289,75,269,89,87,111,244,317,524,182,125,69,206,534,292,26,137,318,168,96,178,81,187,117,155,362,438,856,183,258,65,292,273,47,140,304,182,68,213,85,227,286,178,289,105,192
346,334,123,56,388,67,379,119,137,135,317,400,652,233,196,206,136,652,400,49,199,398,213,138,224,101,257,166,177,459,539,1021,190,337,87,372,361,55,194,370,225,86,299,139,307,330,210,357,135,263
811,794,344,151,898,189,876,276,280,388,763,1022,1513,618,479,534,652,830,882,121,530,912,556,354,551,219,611,480,447,1178,1297,2348,497,828,215,969,788,162,434,939,549,197,689,328,671,851,571,915,345,524
522,426,201,76,518,97,510,150,174,192,430,580,917,327,275,292,400,882,259,69,299,521,310,190,342,146,361,227,235,658,727,1384,264,470,122,571,452,79,263,570,338,106,359,188,400,458,319,503,189,347
76,61,25,14,62,14,58,10,27,20,61,68,123,45,28,26,49,121,69,3,28,62,32,32,37,17,43,23,27,65,85,188,35,52,12,58,47,6,32,70,38,13,45,28,59,40,43,64,25,42
304,238,109,54,276,64,265,89,94,112,229,296,515,161,143,137,199,530,299,28,78,274,175,108,186,74,162,133,133,337,428,782,158,228,67,274,258,41,127,288,176,63,223,103,229,282,177,301,107,187
539,476,208,80,536,98,505,153,182,217,436,586,953,317,287,318,398,912,521,62,274,261,307,199,346,142,386,258,261,676,756,1433,250,464,105,561,466,81,275,568,354,100,390,193,414,453,309,504,190,355
351,251,121,45,290,65,307,84,84,135,284,324,564,204,151,168,213,556,310,32,175,307,83,108,189,74,200,134,160,359,462,848,144,250,70,318,263,44,151,323,185,70,228,115,248,267,180,346,127,220
199,192,74,29,207,39,202,69,57,85,172,245,354,155,98,96,138,354,190,32,108,199,108,46,128,55,154,101,87,256,291,628,115,185,48,208,196,41,102,220,125,37,149,64,177,201,117,204,70,142
343,230,128,53,322,64,324,111,90,129,287,347,617,210,158,178,224,551,342,37,186,346,189,128,93,82,197,144,170,405,496,971,187,291,78,342,314,54,170,356,188,74,259,120,244,285,205,339,131,221
158,114,46,25,133,33,135,31,49,56,93,139,233,98,75,81,101,219,146,17,74,142,74,55,82,9,66,43,53,150,208,418,80,123,37,131,120,27,61,138,75,36,98,38,96,126,86,158,61,88
400,292,134,65,342,84,375,83,110,123,293,388,616,242,190,187,257,611,361,43,162,386,200,154,197,66,103,154,163,408,533,1060,212,294,91,356,329,67,166,364,229,80,246,119,276,348,223,392,150,224
295,187,76,37,239,58,236,65,68,101,178,268,426,162,119,117,166,480,227,23,133,258,134,101,144,43,154,61,110,276,348,683,118,225,53,256,221,32,117,225,138,44,197,74,183,226,139,238,98,159
324,213,104,53,236,68,254,65,76,134,233,273,461,158,145,155,177,447,235,27,133,261,160,87,170,53,163,110,59,304,379,714,146,245,53,265,270,42,111,268,152,45,216,89,229,244,168,284,107,194
649,513,239,119,660,141,598,181,177,260,515,735,1182,385,300,362,459,1178,658,65,337,676,359,256,405,150,408,276,304,422,983,1776,354,593,153,703,598,104,306,707,392,128,519,248,513,601,400,678,242,398
688,682,310,131,782,172,761,218,243,319,627,872,1361,510,403,438,539,1297,727,85,428,756,462,291,496,208,533,348,379,983,592,2084,417,734,192,792,732,142,360,781,518,139,505,291,647,684,473,780,312,509
1142,1246,544,226,1471,286,1398,432,460,592,1217,1549,2424,944,732,856,1021,2348,1384,188,782,1433,848,628,971,418,1060,683,714,1776,2084,1854,742,1289,338,1460,1333,267,701,1541,935,298,1010,529,1181,1278,868,1467,496,915
235,256,114,39,269,56,288,89,79,105,228,310,507,172,136,183,190,497,264,35,158,250,144,115,187,80,212,118,146,354,417,742,66,248,53,315,248,54,144,302,193,68,187,117,232,251,179,288,82,170
490,349,190,83,473,106,413,130,158,182,403,546,841,319,243,258,337,828,470,52,228,464,250,185,291,123,294,225,245,593,734,1289,248,216,109,541,406,72,228,509,304,105,370,188,387,423,269,489,162,314
107,93,44,20,119,22,100,30,36,44,91,127,199,70,62,65,87,215,122,12,67,105,70,48,78,37,91,53,53,153,192,338,53,109,9,128,108,19,46,128,71,23,80,50,101,113,76,110,32,60
519,474,174,94,552,112,480,159,169,193,471,596,987,327,289,292,372,969,571,58,274,561,318,208,342,131,356,256,265,703,792,1460,315,541,128,269,520,90,287,588,347,114,417,185,428,485,318,537,197,342
496,391,181,71,455,96,444,153,150,202,378,561,823,309,274,273,361,788,452,47,258,466,263,196,314,120,329,221,270,598,732,1333,248,406,108,520,213,69,250,473,292,102,341,168,356,436,268,492,172,344
76,72,32,16,85,13,89,17,27,34,58,111,159,46,38,47,55,162,79,6,41,81,44,41,54,27,67,32,42,104,142,267,54,72,19,90,69,8,45,99,55,19,80,34,75,81,55,85,30,50
234,202,86,35,226,46,249,69,70,75,187,287,474,157,138,140,194,434,263,32,127,275,151,102,170,61,166,117,111,306,360,701,144,228,46,287,250,45,62,287,152,53,200,95,209,232,148,266,84,193
448,476,172,83,545,106,501,181,157,200,424,651,993,359,271,304,370,939,570,70,288,568,323,220,356,138,364,225,268,707,781,1541,302,509,128,588,473,99,287,285,327,104,370,193,449,506,353,537,199,362
289,296,127,54,326,77,294,105,104,136,259,369,591,209,170,182,225,549,338,38,176,354,185,125,188,75,229,138,152,392,518,935,193,304,71,347,292,55,152,327,104,73,230,108,250,296,172,334,124,233
98,97,40,22,101,29,114,27,41,42,99,113,187,50,68,68,86,197,106,13,63,100,70,37,74,36,80,44,45,128,139,298,68,105,23,114,102,19,53,104,73,7,67,41,81,105,67,105,48,78
389,331,174,53,412,77,338,117,133,138,310,438,691,237,218,213,299,689,359,45,223,390,228,149,259,98,246,197,216,519,505,1010,187,370,80,417,341,80,200,370,230,67,150,134,311,335,241,377,126,282
166,180,70,36,195,53,162,57,60,67,144,218,325,126,80,85,139,328,188,28,103,193,115,64,120,38,119,74,89,248,291,529,117,188,50,185,168,34,95,193,108,41,134,35,120,173,114,189,70,117
434,361,155,64,408,76,377,126,130,184,350,438,720,283,202,227,307,671,400,59,229,414,248,177,244,96,276,183,229,513,647,1181,232,387,101,428,356,75,209,449,250,81,311,120,159,368,236,418,155,277
452,433,204,72,478,90,444,140,142,187,398,555,868,292,275,286,330,851,458,40,282,453,267,201,285,126,348,226,244,601,684,1278,251,423,113,485,436,81,232,506,296,105,335,173,368,194,303,478,167,288
333,261,126,49,328,68,282,102,96,150,275,315,565,167,163,178,210,571,319,43,177,309,180,117,205,86,223,139,168,400,473,868,179,269,76,318,268,55,148,353,172,67,241,114,236,303,107,277,111,195
490,473,206,81,534,122,476,161,178,184,411,592,951,318,263,289,357,915,503,64,301,504,346,204,339,158,392,238,284,678,780,1467,288,489,110,537,492,85,266,537,334,105,377,189,418,478,277,270,183,353
154,165,82,29,184,29,172,58,60,70,132,202,327,123,112,105,135,345,189,25,107,190,127,70,131,61,150,98,107,242,312,496,82,162,32,197,172,30,84,199,124,48,126,70,155,167,111,183,26,117
384,285,142,56,364,74,344,113,138,149,301,367,577,238,164,192,263,524,347,42,187,355,220,142,221,88,224,159,194,398,509,915,170,314,60,342,344,50,193,362,233,78,282,117,277,288,195,353,117,116
