270,451,205,84,503,108,472,178,150,254,479,486,805,374,305,365,354,821,544,68,294,514,323,226,384,156,382,277,333,614,735,1157,247,480,103,489,488,88,263,493,290,90,390,159,426,428,309,486,186,371
451,178,158,84,440,114,455,147,147,170,368,497,767,296,224,194,319,789,429,64,261,456,244,197,287,112,288,225,195,495,676,1239,250,427,104,462,423,84,230,473,279,86,341,172,372,440,265,464,182,299
205,158,43,38,222,50,174,53,58,73,192,233,384,129,85,114,151,358,192,24,93,222,109,97,110,45,128,89,95,243,304,549,114,221,48,193,203,33,102,229,133,46,139,75,150,187,118,181,76,147
84,84,38,9,77,22,85,32,17,38,83,100,130,60,48,64,60,130,88,12,59,76,52,32,67,24,70,46,47,107,117,207,45,66,13,101,83,11,36,83,69,20,66,39,77,76,60,90,22,58
503,440,222,77,250,126,491,156,180,193,439,585,912,337,270,299,351,908,510,60,294,511,311,192,365,124,352,212,226,636,783,1435,311,473,110,552,521,91,243,522,340,106,413,208,420,435,347,535,204,324
108,114,50,22,126,17,126,40,37,49,103,133,190,86,63,58,87,207,115,24,64,100,66,44,81,30,86,65,66,153,175,276,61,83,20,132,103,20,49,112,72,19,83,45,104,100,74,126,39,81
472,455,174,85,491,126,234,161,139,232,416,522,831,315,262,288,332,864,485,63,276,468,283,203,296,121,327,229,263,611,730,1220,271,432,92,536,474,73,235,504,319,101,365,176,388,436,325,517,174,357
178,147,53,32,156,40,161,20,45,71,123,173,253,111,95,96,115,295,166,18,66,162,83,63,110,36,95,84,87,169,235,435,82,153,27,143,148,33,71,186,104,30,116,71,140,135,108,186,62,110
150,147,58,17,180,37,139,45,27,62,155,181,282,120,92,86,107,280,162,20,83,172,107,84,137,37,117,66,83,202,249,443,89,157,35,154,143,22,68,180,120,41,110,68,155,129,121,160,61,124
254,170,73,38,193,49,232,71,62,62,160,243,358,133,103,122,140,371,212,22,122,195,113,83,144,65,153,120,113,236,304,546,106,217,50,201,194,35,103,218,131,38,148,77,169,164,131,226,68,136
479,368,192,83,439,103,416,123,155,160,183,456,781,284,218,246,292,751,412,54,253,411,246,173,288,122,272,218,236,524,623,1156,239,446,95,408,417,74,216,422,260,93,326,161,385,379,273,434,157,257
486,497,233,100,585,133,522,173,181,243,456,348,1082,381,293,318,400,1040,580,86,305,578,318,211,342,155,407,272,306,717,825,1585,301,534,144,588,526,79,309,631,411,122,420,199,439,525,378,574,200,366
805,767,384,130,912,190,831,253,282,358,781,1082,810,605,496,504,670,1445,930,118,517,959,520,339,588,241,598,445,442,1075,1326,2349,459,863,203,959,797,159,460,986,642,190,678,331,729,858,527,939,315,646
374,296,129,60,337,86,315,111,120,133,284,381,605,105,185,224,241,575,349,38,178,329,209,125,227,75,232,154,179,401,495,867,171,309,80,359,326,56,174,356,192,76,256,125,256,275,195,323,130,232
305,224,85,48,270,63,262,95,92,103,218,293,496,185,65,129,201,508,290,29,144,285,131,129,181,71,157,123,133,285,396,768,166,253,64,281,236,49,133,290,188,50,209,93,196,268,175,265,100,211
365,194,114,64,299,58,288,96,86,122,246,318,504,224,129,71,244,536,308,38,153,312,156,132,170,68,185,136,135,330,477,826,174,279,76,302,296,50,148,331,186,55,231,95,235,285,178,309,119,235
354,319,151,60,351,87,332,115,107,140,292,400,670,241,201,244,138,695,381,51,196,400,227,141,254,115,277,165,194,480,595,1037,173,362,78,340,369,54,167,380,220,92,288,130,316,325,242,393,142,262
821,789,358,130,908,207,864,295,280,371,751,1040,1445,575,508,536,695,797,936,96,493,979,541,355,612,223,570,413,473,1011,1342,2387,476,828,213,950,785,145,496,965,634,202,699,330,715,851,547,947,319,660
544,429,192,88,510,115,485,166,162,212,412,580,930,349,290,308,381,936,276,64,267,500,322,216,333,122,300,215,270,627,767,1435,295,484,121,543,493,85,270,532,314,114,376,207,396,464,318,522,214,364
68,64,24,12,60,24,63,18,20,22,54,86,118,38,29,38,51,96,64,3,35,65,32,28,43,12,52,23,28,77,102,200,45,62,18,63,74,5,30,69,51,8,52,23,49,58,38,86,24,32
294,261,93,59,294,64,276,66,83,122,253,305,517,178,144,153,196,493,267,35,64,272,146,126,176,58,186,130,132,314,412,782,157,265,69,302,283,49,138,313,169,60,205,113,217,255,172,292,122,196
514,456,222,76,511,100,468,162,172,195,411,578,959,329,285,312,400,979,500,65,272,260,299,213,353,127,365,244,280,652,797,1373,286,473,116,492,500,70,265,555,323,106,421,179,417,436,325,532,179,377
323,244,109,52,311,66,283,83,107,113,246,318,520,209,131,156,227,541,322,32,146,299,74,128,173,85,221,153,132,347,417,850,147,300,79,295,276,53,168,316,221,80,263,129,221,293,201,296,96,195
226,197,97,32,192,44,203,63,84,83,173,211,339,125,129,132,141,355,216,28,126,213,128,42,138,53,161,101,112,258,298,529,123,165,45,216,190,23,90,230,127,52,175,82,184,216,136,209,83,119
384,287,110,67,365,81,296,110,137,144,288,342,588,227,181,170,254,612,333,43,176,353,173,138,108,79,197,162,175,391,501,914,192,337,82,353,323,52,169,349,204,71,280,130,260,333,194,346,128,217
156,112,45,24,124,30,121,36,37,65,122,155,241,75,71,68,115,223,122,12,58,127,85,53,79,18,74,71,62,153,194,358,73,128,31,127,125,17,70,145,84,25,107,62,97,114,88,127,52,98
382,288,128,70,352,86,327,95,117,153,272,407,598,232,157,185,277,570,300,52,186,365,221,161,197,74,117,162,171,414,521,961,194,351,73,344,345,53,170,374,200,82,267,148,262,324,214,355,121,237
277,225,89,46,212,65,229,84,66,120,218,272,445,154,123,136,165,413,215,23,130,244,153,101,162,71,162,50,111,265,358,650,134,194,45,252,214,37,135,276,137,41,181,72,179,220,153,242,84,161
333,195,95,47,226,66,263,87,83,113,236,306,442,179,133,135,194,473,270,28,132,280,132,112,175,62,171,111,61,317,389,709,138,246,51,255,279,37,128,292,170,47,204,112,208,225,168,277,103,192
614,495,243,107,636,153,611,169,202,236,524,717,1075,401,285,330,480,1011,627,77,314,652,347,258,391,153,414,265,317,401,956,1714,335,576,136,687,602,115,322,667,402,131,460,253,495,591,365,702,219,421
735,676,304,117,783,175,730,235,249,304,623,825,1326,495,396,477,595,1342,767,102,412,797,417,298,501,194,521,358,389,956,563,2098,387,730,166,815,713,135,403,819,458,162,554,282,595,679,471,758,270,551
1157,1239,549,207,1435,276,1220,435,443,546,1156,1585,2349,867,768,826,1037,2387,1435,200,782,1373,850,529,914,358,961,650,709,1714,2098,1819,708,1297,291,1504,1274,252,701,1464,876,282,1068,513,1075,1264,851,1395,453,1019
247,250,114,45,311,61,271,82,89,106,239,301,459,171,166,174,173,476,295,45,157,286,147,123,192,73,194,134,138,335,387,708,61,277,62,290,248,59,128,295,185,48,207,116,241,261,173,308,89,193
480,427,221,66,473,83,432,153,157,217,446,534,863,309,253,279,362,828,484,62,265,473,300,165,337,128,351,194,246,576,730,1297,277,207,107,494,402,76,237,484,291,96,341,171,376,415,295,497,155,301
103,104,48,13,110,20,92,27,35,50,95,144,203,80,64,76,78,213,121,18,69,116,79,45,82,31,73,45,51,136,166,291,62,107,20,123,107,17,57,125,85,32,89,43,90,91,81,111,37,77
489,462,193,101,552,132,536,143,154,201,408,588,959,359,281,302,340,950,543,63,302,492,295,216,353,127,344,252,255,687,815,1504,290,494,123,263,523,89,271,577,356,98,425,194,411,479,337,593,201,366
488,423,203,83,521,103,474,148,143,194,417,526,797,326,236,296,369,785,493,74,283,500,276,190,323,125,345,214,279,602,713,1274,248,402,107,523,223,70,237,490,293,91,357,177,409,388,286,503,158,313
88,84,33,11,91,20,73,33,22,35,74,79,159,56,49,50,54,145,85,5,49,70,53,23,52,17,53,37,37,115,135,252,59,76,17,89,70,6,41,98,55,17,70,29,68,81,68,91,32,54
263,230,102,36,243,49,235,71,68,103,216,309,460,174,133,148,167,496,270,30,138,265,168,90,169,70,170,135,128,322,403,701,128,237,57,271,237,41,59,288,161,56,216,98,215,227,159,296,82,187
493,473,229,83,522,112,504,186,180,218,422,631,986,356,290,331,380,965,532,69,313,555,316,230,349,145,374,276,292,667,819,1464,295,484,125,577,490,98,288,299,359,133,405,206,450,501,343,519,200,355
290,279,133,69,340,72,319,104,120,131,260,411,642,192,188,186,220,634,314,51,169,323,221,127,204,84,200,137,170,402,458,876,185,291,85,356,293,55,161,359,98,69,237,131,266,325,210,342,145,225
90,86,46,20,106,19,101,30,41,38,93,122,190,76,50,55,92,202,114,8,60,106,80,52,71,25,82,41,47,131,162,282,48,96,32,98,91,17,56,133,69,10,100,53,80,94,69,113,43,89
390,341,139,66,413,83,365,116,110,148,326,420,678,256,209,231,288,699,376,52,205,421,263,175,280,107,267,181,204,460,554,1068,207,341,89,425,357,70,216,405,237,100,137,146,318,356,214,385,132,278
159,172,75,39,208,45,176,71,68,77,161,199,331,125,93,95,130,330,207,23,113,179,129,82,130,62,148,72,112,253,282,513,116,171,43,194,177,29,98,206,131,53,146,34,157,150,138,189,78,128
426,372,150,77,420,104,388,140,155,169,385,439,729,256,196,235,316,715,396,49,217,417,221,184,260,97,262,179,208,495,595,1075,241,376,90,411,409,68,215,450,266,80,318,157,161,386,241,417,144,276
428,440,187,76,435,100,436,135,129,164,379,525,858,275,268,285,325,851,464,58,255,436,293,216,333,114,324,220,225,591,679,1264,261,415,91,479,388,81,227,501,325,94,356,150,386,218,296,488,176,306
309,265,118,60,347,74,325,108,121,131,273,378,527,195,175,178,242,547,318,38,172,325,201,136,194,88,214,153,168,365,471,851,173,295,81,337,286,68,159,343,210,69,214,138,241,296,104,341,107,210
486,464,181,90,535,126,517,186,160,226,434,574,939,323,265,309,393,947,522,86,292,532,296,209,346,127,355,242,277,702,758,1395,308,497,111,593,503,91,296,519,342,113,385,189,417,488,341,275,184,379
186,182,76,22,204,39,174,62,61,68,157,200,315,130,100,119,142,319,214,24,122,179,96,83,128,52,121,84,103,219,270,453,89,155,37,201,158,32,82,200,145,43,132,78,144,176,107,184,19,131
371,299,147,58,324,81,357,110,124,136,257,366,646,232,211,235,262,660,364,32,196,377,195,119,217,98,237,161,192,421,551,1019,193,301,77,366,313,54,187,355,225,89,278,128,276,306,210,379,131,125
