250,432,200,86,503,124,503,170,182,247,443,501,780,356,302,318,347,766,485,60,318,494,328,226,358,157,370,294,285,590,688,1109,218,470,107,542,495,87,249,474,294,97,351,173,432,414,324,462,161,355
432,156,177,70,420,101,391,129,151,178,342,479,839,267,238,263,303,823,427,54,211,422,258,157,273,93,253,209,200,542,682,1289,237,409,117,454,395,67,227,458,305,90,334,144,308,358,274,443,162,295
200,177,43,39,188,53,178,63,70,83,180,251,348,131,107,96,138,341,195,19,104,213,125,95,134,48,129,107,113,243,281,574,106,197,48,206,198,24,101,206,126,34,144,67,146,187,101,200,81,160
86,70,39,3,88,13,80,34,25,35,61,86,130,60,48,57,68,139,87,8,59,80,53,35,52,32,67,37,49,94,123,216,33,78,19,76,63,12,49,97,54,18,65,37,72,66,60,95,23,59
503,420,188,88,242,110,524,170,161,219,470,547,939,323,282,307,363,887,523,64,320,531,315,208,310,129,325,246,232,639,805,1413,260,513,117,528,496,87,256,542,340,134,387,182,397,479,313,523,191,363
124,101,53,13,110,11,113,40,44,45,87,124,188,84,61,64,90,188,115,18,86,111,65,42,84,32,79,59,68,112,170,324,53,90,19,139,98,18,69,103,77,31,70,43,114,98,81,130,29,81
503,391,178,80,524,113,225,174,168,204,390,525,843,327,250,284,341,839,495,69,290,491,279,166,316,124,323,247,249,592,705,1332,246,448,96,529,462,90,259,478,307,109,385,198,377,457,315,488,165,313
170,129,63,34,170,40,174,22,56,61,125,175,279,86,90,81,115,282,148,22,89,160,94,66,121,37,96,87,63,175,232,444,88,179,37,138,163,30,74,173,109,31,112,57,132,148,106,156,66,102
182,151,70,25,161,44,168,56,23,67,136,164,309,104,79,83,142,308,164,25,92,172,96,60,115,38,94,93,75,202,261,464,84,153,36,186,174,28,80,174,95,27,136,65,132,163,90,174,56,107
247,178,83,35,219,45,204,61,67,38,173,219,386,134,119,120,143,328,221,32,104,218,129,90,143,60,156,113,108,230,308,582,122,186,45,204,211,42,115,247,130,46,146,81,179,187,121,207,74,147
443,342,180,61,470,87,390,125,136,173,195,458,768,275,241,254,309,744,429,49,238,413,268,165,283,112,296,218,222,524,641,1222,235,379,102,448,405,70,204,443,267,90,292,154,346,358,270,408,173,316
501,479,251,86,547,124,525,175,164,219,458,289,1029,376,268,323,387,1034,549,60,330,555,306,210,346,137,372,278,271,726,796,1527,313,495,118,585,548,103,284,608,414,126,396,204,453,481,359,570,180,394
780,839,348,130,939,188,843,279,309,386,768,1029,764,603,447,522,662,1401,890,126,528,903,544,363,557,224,642,439,458,1097,1322,2351,485,785,176,907,818,161,460,944,604,158,656,348,755,810,536,939,338,644
356,267,131,60,323,84,327,86,104,134,275,376,603,94,177,173,250,589,297,40,185,316,202,117,221,92,226,146,161,383,473,960,169,304,76,348,299,49,135,372,214,58,236,135,279,294,207,365,125,259
302,238,107,48,282,61,250,90,79,119,241,268,447,177,74,140,208,480,260,30,147,280,181,119,175,59,178,124,148,284,396,729,149,250,63,268,246,49,135,282,157,42,194,100,206,275,183,248,98,188
318,263,96,57,307,64,284,81,83,120,254,323,522,173,140,86,225,534,301,32,164,296,179,125,182,59,194,143,157,306,408,819,171,286,60,291,281,58,141,331,183,41,236,122,230,269,169,319,110,196
347,303,138,68,363,90,341,115,142,143,309,387,662,250,208,225,155,680,367,44,179,372,210,147,247,77,224,161,182,439,577,1024,206,336,79,392,348,59,173,366,213,74,268,129,285,308,239,396,157,253
766,823,341,139,887,188,839,282,308,328,744,1034,1401,589,480,534,680,763,907,112,540,927,547,360,567,199,635,448,469,1087,1363,2293,475,832,184,932,849,162,443,898,558,189,660,317,745,810,562,947,302,619
485,427,195,87,523,115,495,148,164,221,429,549,890,297,260,301,367,907,240,67,288,481,314,193,335,125,343,242,246,640,774,1409,256,505,111,521,499,84,252,549,322,105,397,192,420,441,296,518,203,334
60,54,19,8,64,18,69,22,25,32,49,60,126,40,30,32,44,112,67,4,38,72,46,26,42,12,43,23,32,92,99,179,35,67,14,63,54,5,21,75,45,19,45,25,52,61,40,62,25,42
318,211,104,59,320,86,290,89,92,104,238,330,528,185,147,164,179,540,288,38,64,308,163,132,180,70,197,121,133,369,435,794,141,274,73,266,298,53,149,322,181,55,227,105,254,254,169,301,110,182
494,422,213,80,531,111,491,160,172,218,413,555,903,316,280,296,372,927,481,72,308,262,305,204,339,137,365,233,245,633,742,1444,258,494,103,518,481,77,234,548,355,114,398,189,392,464,294,514,170,336
328,258,125,53,315,65,279,94,96,129,268,306,544,202,181,179,210,547,314,46,163,305,76,120,179,82,209,136,147,363,475,847,168,249,56,290,285,57,153,314,192,58,206,111,235,276,171,320,116,209
226,157,95,35,208,42,166,66,60,90,165,210,363,117,119,125,147,360,193,26,132,204,120,35,130,70,152,96,106,226,273,612,107,206,45,207,196,28,89,200,140,36,138,76,144,173,126,170,73,132
358,273,134,52,310,84,316,121,115,143,283,346,557,221,175,182,247,567,335,42,180,339,179,130,91,71,201,157,151,416,495,917,179,307,75,307,297,60,183,343,233,62,270,134,236,281,204,342,116,238
157,93,48,32,129,32,124,37,38,60,112,137,224,92,59,59,77,199,125,12,70,137,82,70,71,7,71,59,55,139,200,384,70,123,22,136,136,12,58,143,87,24,92,52,104,134,84,112,38,68
370,253,129,67,325,79,323,96,94,156,296,372,642,226,178,194,224,635,343,43,197,365,209,152,201,71,110,157,151,410,506,1020,187,302,81,329,299,53,156,369,215,71,265,119,265,298,223,302,129,224
294,209,107,37,246,59,247,87,93,113,218,278,439,146,124,143,161,448,242,23,121,233,136,96,157,59,157,46,96,314,347,668,128,219,64,244,212,28,137,259,136,46,208,84,172,215,168,251,99,167
285,200,113,49,232,68,249,63,75,108,222,271,458,161,148,157,182,469,246,32,133,245,147,106,151,55,151,96,74,305,365,769,124,256,51,279,252,36,133,270,168,53,206,101,195,240,145,266,100,174
590,542,243,94,639,112,592,175,202,230,524,726,1097,383,284,306,439,1087,640,92,369,633,363,226,416,139,410,314,305,376,962,1709,314,579,143,691,549,97,285,699,403,144,436,237,473,562,387,629,224,416
688,682,281,123,805,170,705,232,261,308,641,796,1322,473,396,408,577,1363,774,99,435,742,475,273,495,200,506,347,365,962,582,1998,381,730,166,789,669,135,372,815,492,171,608,292,628,682,477,745,300,509
1109,1289,574,216,1413,324,1332,444,464,582,1222,1527,2351,960,729,819,1024,2293,1409,179,794,1444,847,612,917,384,1020,668,769,1709,1998,1758,725,1248,314,1433,1317,232,684,1444,908,279,1000,515,1153,1291,864,1402,480,959
218,237,106,33,260,53,246,88,84,122,235,313,485,169,149,171,206,475,256,35,141,258,168,107,179,70,187,128,124,314,381,725,79,239,77,291,261,49,142,285,176,52,191,119,230,269,165,270,124,211
470,409,197,78,513,90,448,179,153,186,379,495,785,304,250,286,336,832,505,67,274,494,249,206,307,123,302,219,256,579,730,1248,239,215,117,478,443,85,258,502,326,88,363,201,390,462,312,479,164,321
107,117,48,19,117,19,96,37,36,45,102,118,176,76,63,60,79,184,111,14,73,103,56,45,75,22,81,64,51,143,166,314,77,117,11,127,90,16,57,99,86,28,76,43,74,107,64,114,33,74
542,454,206,76,528,139,529,138,186,204,448,585,907,348,268,291,392,932,521,63,266,518,290,207,307,136,329,244,279,691,789,1433,291,478,127,274,496,78,258,561,333,91,408,202,424,501,313,546,196,355
495,395,198,63,496,98,462,163,174,211,405,548,818,299,246,281,348,849,499,54,298,481,285,196,297,136,299,212,252,549,669,1317,261,443,90,496,206,63,250,474,312,95,368,193,376,393,300,511,161,341
87,67,24,12,87,18,90,30,28,42,70,103,161,49,49,58,59,162,84,5,53,77,57,28,60,12,53,28,36,97,135,232,49,85,16,78,63,6,44,106,57,22,70,25,66,69,62,93,29,70
249,227,101,49,256,69,259,74,80,115,204,284,460,135,135,141,173,443,252,21,149,234,153,89,183,58,156,137,133,285,372,684,142,258,57,258,250,44,59,265,169,56,182,89,212,241,154,245,101,167
474,458,206,97,542,103,478,173,174,247,443,608,944,372,282,331,366,898,549,75,322,548,314,200,343,143,369,259,270,699,815,1444,285,502,99,561,474,106,265,255,364,114,408,184,441,475,337,563,157,358
294,305,126,54,340,77,307,109,95,130,267,414,604,214,157,183,213,558,322,45,181,355,192,140,233,87,215,136,168,403,492,908,176,326,86,333,312,57,169,364,96,64,252,112,283,287,205,316,121,218
97,90,34,18,134,31,109,31,27,46,90,126,158,58,42,41,74,189,105,19,55,114,58,36,62,24,71,46,53,144,171,279,52,88,28,91,95,22,56,114,64,8,81,31,81,109,53,118,37,65
351,334,144,65,387,70,385,112,136,146,292,396,656,236,194,236,268,660,397,45,227,398,206,138,270,92,265,208,206,436,608,1000,191,363,76,408,368,70,182,408,252,81,133,140,328,325,247,393,151,258
173,144,67,37,182,43,198,57,65,81,154,204,348,135,100,122,129,317,192,25,105,189,111,76,134,52,119,84,101,237,292,515,119,201,43,202,193,25,89,184,112,31,140,35,159,152,137,180,73,126
432,308,146,72,397,114,377,132,132,179,346,453,755,279,206,230,285,745,420,52,254,392,235,144,236,104,265,172,195,473,628,1153,230,390,74,424,376,66,212,441,283,81,328,159,141,402,253,404,152,267
414,358,187,66,479,98,457,148,163,187,358,481,810,294,275,269,308,810,441,61,254,464,276,173,281,134,298,215,240,562,682,1291,269,462,107,501,393,69,241,475,287,109,325,152,402,222,262,510,168,336
324,274,101,60,313,81,315,106,90,121,270,359,536,207,183,169,239,562,296,40,169,294,171,126,204,84,223,168,145,387,477,864,165,312,64,313,300,62,154,337,205,53,247,137,253,262,110,339,111,201
462,443,200,95,523,130,488,156,174,207,408,570,939,365,248,319,396,947,518,62,301,514,320,170,342,112,302,251,266,629,745,1402,270,479,114,546,511,93,245,563,316,118,393,180,404,510,339,264,175,366
161,162,81,23,191,29,165,66,56,74,173,180,338,125,98,110,157,302,203,25,110,170,116,73,116,38,129,99,100,224,300,480,124,164,33,196,161,29,101,157,121,37,151,73,152,168,111,175,42,147
355,295,160,59,363,81,313,102,107,147,316,394,644,259,188,196,253,619,334,42,182,336,209,132,238,68,224,167,174,416,509,959,211,321,74,355,341,70,167,358,218,65,258,126,267,336,201,366,147,111
