262,458,220,96,528,92,436,172,177,259,460,522,804,364,319,362,349,799,516,83,328,537,379,199,376,152,371,305,264,643,724,1124,228,514,104,514,501,86,250,478,310,94,374,188,416,394,339,513,156,393
458,180,156,88,455,93,464,136,151,173,368,477,815,276,217,246,324,861,448,49,259,457,258,186,293,113,287,189,223,540,629,1251,252,436,95,441,414,63,212,501,295,79,345,171,361,396,301,498,177,281
220,156,37,36,196,47,192,60,68,85,150,236,342,121,101,98,141,345,182,18,110,204,105,73,123,43,113,98,108,280,329,518,111,199,40,202,206,30,106,213,131,38,148,81,161,181,133,219,92,149
96,88,36,5,84,16,87,23,37,50,79,95,151,46,40,48,63,148,89,6,52,82,61,28,51,27,54,44,52,104,136,236,52,82,17,91,84,12,32,90,70,18,66,40,78,78,58,84,19,69
528,455,196,84,278,102,497,153,167,225,455,541,915,341,298,271,360,944,501,55,281,547,298,212,332,134,365,260,284,646,771,1409,293,481,118,551,452,87,255,539,329,110,346,199,455,471,331,535,193,340
92,93,47,16,102,7,101,45,43,55,96,119,201,64,53,64,89,204,121,16,63,116,80,43,81,31,81,56,67,133,167,330,59,90,20,113,106,14,60,123,80,20,78,44,91,97,68,104,30,82
436,464,192,87,497,101,245,151,193,220,403,561,845,281,225,270,388,871,495,58,276,499,331,190,324,128,329,241,239,597,732,1304,277,440,113,504,459,72,229,557,321,85,355,203,409,453,325,478,182,354
172,136,60,23,153,45,151,21,37,63,118,169,265,96,68,87,116,269,123,22,95,157,96,57,108,41,99,67,78,181,250,423,78,145,36,159,159,28,70,155,94,20,114,51,115,137,102,168,65,112
177,151,68,37,167,43,193,37,25,70,145,195,324,101,70,79,118,291,170,19,84,161,119,75,117,43,119,85,92,203,261,451,93,156,33,176,162,23,80,171,104,34,116,53,125,155,114,203,57,117
259,173,85,50,225,55,220,63,70,45,158,232,358,136,131,139,139,364,204,21,116,207,136,82,155,53,128,109,112,247,280,583,134,210,38,216,199,30,89,225,132,44,175,77,172,188,148,222,78,146
460,368,150,79,455,96,403,118,145,158,166,493,748,285,256,250,283,769,442,51,271,439,296,174,313,125,297,219,236,525,629,1189,250,429,82,440,419,80,212,455,305,89,330,165,384,395,276,456,160,273
522,477,236,95,541,119,561,169,195,232,493,322,1044,414,298,324,402,1052,562,56,305,601,318,261,387,122,371,261,293,734,849,1570,313,546,120,585,553,107,289,618,377,107,454,237,479,563,362,609,202,365
804,815,342,151,915,201,845,265,324,358,748,1044,816,570,441,510,683,1477,907,127,561,972,539,352,611,220,590,429,499,1149,1378,2423,455,857,229,1010,835,165,433,958,632,177,684,373,761,830,591,870,333,608
364,276,121,46,341,64,281,96,101,136,285,414,570,93,160,179,228,588,328,30,180,349,185,126,219,83,218,164,174,390,518,944,158,294,63,317,281,61,147,358,220,79,241,143,273,303,210,351,107,227
319,217,101,40,298,53,225,68,70,131,256,298,441,160,65,135,189,500,246,23,155,275,159,108,165,68,165,123,134,343,404,740,154,252,70,258,242,45,135,264,167,47,216,103,196,233,184,275,100,193
362,246,98,48,271,64,270,87,79,139,250,324,510,179,135,58,209,561,305,22,168,284,188,103,198,94,209,132,140,377,424,803,153,268,70,299,286,54,139,306,201,58,231,109,228,239,202,286,117,214
349,324,141,63,360,89,388,116,118,139,283,402,683,228,189,209,117,688,357,48,207,349,210,130,223,104,242,178,165,491,535,1024,204,340,71,362,336,65,172,427,222,87,287,156,312,331,206,389,132,217
799,861,345,148,944,204,871,269,291,364,769,1052,1477,588,500,561,688,826,914,128,536,925,549,368,633,228,635,414,468,1086,1412,2467,514,832,220,994,812,162,435,1003,617,186,666,406,770,834,577,891,318,623
516,448,182,89,501,121,495,123,170,204,442,562,907,328,246,305,357,914,278,63,282,522,293,199,311,120,317,227,253,646,804,1392,287,514,103,542,508,93,226,547,313,111,369,200,381,485,306,507,170,349
83,49,18,6,55,16,58,22,19,21,51,56,127,30,23,22,48,128,63,5,28,71,32,26,33,18,40,35,26,89,91,187,43,41,15,56,43,13,36,61,54,18,46,28,44,62,34,83,25,34
328,259,110,52,281,63,276,95,84,116,271,305,561,180,155,168,207,536,282,28,64,309,194,118,180,63,178,151,142,326,447,823,158,245,65,302,249,38,131,323,192,69,232,111,223,252,156,303,107,197
537,457,204,82,547,116,499,157,161,207,439,601,972,349,275,284,349,925,522,71,309,284,316,212,358,125,304,236,276,631,780,1334,277,486,107,535,475,86,221,558,347,99,376,217,417,472,358,542,177,367
379,258,105,61,298,80,331,96,119,136,296,318,539,185,159,188,210,549,293,32,194,316,79,139,205,75,184,126,136,333,466,795,152,273,62,307,282,48,157,340,211,63,225,119,247,248,188,316,119,196
199,186,73,28,212,43,190,57,75,82,174,261,352,126,108,103,130,368,199,26,118,212,139,59,143,51,135,91,100,236,317,567,115,172,56,196,196,34,93,226,118,35,144,77,179,183,131,216,84,141
376,293,123,51,332,81,324,108,117,155,313,387,611,219,165,198,223,633,311,33,180,358,205,143,107,66,194,149,166,409,489,1001,204,325,81,337,326,58,158,362,230,52,300,109,268,310,205,349,128,233
152,113,43,27,134,31,128,41,43,53,125,122,220,83,68,94,104,228,120,18,63,125,75,51,66,17,84,61,58,162,194,377,58,118,38,121,131,19,61,136,97,18,97,55,92,117,73,121,50,87
371,287,113,54,365,81,329,99,119,128,297,371,590,218,165,209,242,635,317,40,178,304,184,135,194,84,110,163,165,427,486,939,165,290,61,343,307,58,155,356,232,53,253,134,257,340,207,355,122,233
305,189,98,44,260,56,241,67,85,109,219,261,429,164,123,132,178,414,227,35,151,236,126,91,149,61,163,62,121,271,349,651,113,222,53,236,219,41,125,248,152,56,182,95,181,204,131,291,97,174
264,223,108,52,284,67,239,78,92,112,236,293,499,174,134,140,165,468,253,26,142,276,136,100,166,58,165,121,69,306,409,732,125,243,56,218,235,38,122,287,171,51,194,88,235,191,161,276,84,173
643,540,280,104,646,133,597,181,203,247,525,734,1149,390,343,377,491,1086,646,89,326,631,333,236,409,162,427,271,306,412,1027,1847,357,606,152,670,589,88,316,698,451,122,482,250,501,572,375,653,246,437
724,629,329,136,771,167,732,250,261,280,629,849,1378,518,404,424,535,1412,804,91,447,780,466,317,489,194,486,349,409,1027,576,2029,433,707,189,830,661,146,402,823,549,154,586,289,636,700,488,749,256,512
1124,1251,518,236,1409,330,1304,423,451,583,1189,1570,2423,944,740,803,1024,2467,1392,187,823,1334,795,567,1001,377,939,651,732,1847,2029,1892,703,1342,335,1581,1288,264,704,1462,984,287,1042,562,1142,1274,928,1437,482,961
228,252,111,52,293,59,277,78,93,134,250,313,455,158,154,153,204,514,287,43,158,277,152,115,204,58,165,113,125,357,433,703,86,258,72,308,228,47,133,291,204,51,198,115,229,240,185,280,102,185
514,436,199,82,481,90,440,145,156,210,429,546,857,294,252,268,340,832,514,41,245,486,273,172,325,118,290,222,243,606,707,1342,258,217,124,487,424,77,210,517,326,85,361,173,380,436,281,494,178,344
104,95,40,17,118,20,113,36,33,38,82,120,229,63,70,70,71,220,103,15,65,107,62,56,81,38,61,53,56,152,189,335,72,124,11,130,103,23,49,150,77,29,67,48,103,95,86,117,43,80
514,441,202,91,551,113,504,159,176,216,440,585,1010,317,258,299,362,994,542,56,302,535,307,196,337,121,343,236,218,670,830,1581,308,487,130,295,507,99,269,588,322,101,422,206,409,507,340,572,227,353
501,414,206,84,452,106,459,159,162,199,419,553,835,281,242,286,336,812,508,43,249,475,282,196,326,131,307,219,235,589,661,1288,228,424,103,507,229,79,243,510,301,94,370,183,387,439,304,494,151,317
86,63,30,12,87,14,72,28,23,30,80,107,165,61,45,54,65,162,93,13,38,86,48,34,58,19,58,41,38,88,146,264,47,77,23,99,79,4,46,85,62,19,51,28,65,66,55,68,33,48
250,212,106,32,255,60,229,70,80,89,212,289,433,147,135,139,172,435,226,36,131,221,157,93,158,61,155,125,122,316,402,704,133,210,49,269,243,46,61,262,145,35,197,103,176,223,165,249,80,171
478,501,213,90,539,123,557,155,171,225,455,618,958,358,264,306,427,1003,547,61,323,558,340,226,362,136,356,248,287,698,823,1462,291,517,150,588,510,85,262,266,355,117,410,192,443,502,321,566,215,388
310,295,131,70,329,80,321,94,104,132,305,377,632,220,167,201,222,617,313,54,192,347,211,118,230,97,232,152,171,451,549,984,204,326,77,322,301,62,145,355,104,70,241,116,281,333,209,372,130,225
94,79,38,18,110,20,85,20,34,44,89,107,177,79,47,58,87,186,111,18,69,99,63,35,52,18,53,56,51,122,154,287,51,85,29,101,94,19,35,117,70,9,73,27,65,88,60,94,41,72
374,345,148,66,346,78,355,114,116,175,330,454,684,241,216,231,287,666,369,46,232,376,225,144,300,97,253,182,194,482,586,1042,198,361,67,422,370,51,197,410,241,73,141,149,333,342,254,400,133,237
188,171,81,40,199,44,203,51,53,77,165,237,373,143,103,109,156,406,200,28,111,217,119,77,109,55,134,95,88,250,289,562,115,173,48,206,183,28,103,192,116,27,149,23,159,179,129,190,74,119
416,361,161,78,455,91,409,115,125,172,384,479,761,273,196,228,312,770,381,44,223,417,247,179,268,92,257,181,235,501,636,1142,229,380,103,409,387,65,176,443,281,65,333,159,192,358,279,411,136,283
394,396,181,78,471,97,453,137,155,188,395,563,830,303,233,239,331,834,485,62,252,472,248,183,310,117,340,204,191,572,700,1274,240,436,95,507,439,66,223,502,333,88,342,179,358,217,288,459,150,305
339,301,133,58,331,68,325,102,114,148,276,362,591,210,184,202,206,577,306,34,156,358,188,131,205,73,207,131,161,375,488,928,185,281,86,340,304,55,165,321,209,60,254,129,279,288,111,346,149,232
513,498,219,84,535,104,478,168,203,222,456,609,870,351,275,286,389,891,507,83,303,542,316,216,349,121,355,291,276,653,749,1437,280,494,117,572,494,68,249,566,372,94,400,190,411,459,346,250,193,334
156,177,92,19,193,30,182,65,57,78,160,202,333,107,100,117,132,318,170,25,107,177,119,84,128,50,122,97,84,246,256,482,102,178,43,227,151,33,80,215,130,41,133,74,136,150,149,193,30,121
393,281,149,69,340,82,354,112,117,146,273,365,608,227,193,214,217,623,349,34,197,367,196,141,233,87,233,174,173,437,512,961,185,344,80,353,317,48,171,388,225,72,237,119,283,305,232,334,121,116
