265,434,218,96,511,114,472,183,186,225,434,535,819,335,344,338,336,808,516,88,330,532,336,211,377,140,328,270,353,590,718,1192,267,500,85,480,512,85,240,464,300,113,387,179,443,413,324,469,165,399
434,175,163,65,406,96,406,122,150,181,340,507,825,252,233,225,285,798,433,56,221,462,271,158,251,106,266,207,221,515,702,1244,246,404,94,427,403,88,220,470,283,91,335,143,339,413,244,491,160,276
218,163,42,31,213,49,186,64,71,86,189,213,355,125,117,112,143,362,213,26,136,223,113,68,119,50,126,97,94,251,297,561,116,191,62,198,182,30,112,242,133,48,155,76,147,183,110,210,81,152
96,65,31,7,79,18,76,31,23,42,77,82,122,66,32,46,47,135,95,11,38,101,45,34,60,20,60,51,44,105,135,211,44,81,22,92,78,15,45,82,57,11,54,24,75,65,39,79,36,69
511,406,213,79,270,113,463,140,162,222,433,549,904,314,237,263,326,897,521,59,278,541,291,189,320,109,302,226,240,649,758,1373,275,523,112,523,486,92,239,539,325,104,388,197,369,497,310,506,191,341
114,96,49,18,113,10,91,35,37,46,83,119,154,70,57,80,71,187,119,13,54,111,69,39,62,23,63,63,68,129,144,287,54,104,24,120,100,20,42,114,68,9,87,37,90,80,63,127,39,74
472,406,186,76,463,91,223,160,158,213,436,487,825,309,252,277,381,852,487,58,260,497,274,201,330,127,358,219,260,563,711,1298,244,413,113,505,427,86,242,503,331,81,367,161,379,424,299,461,157,325
183,122,64,31,140,35,160,20,42,77,135,181,261,100,87,91,106,234,158,19,90,165,87,53,99,45,101,66,77,206,236,433,66,143,41,152,145,26,73,164,109,37,124,61,131,131,89,191,55,115
186,150,71,23,162,37,158,42,30,69,149,179,292,108,90,88,125,296,184,15,91,184,103,63,103,33,93,61,87,211,267,462,102,133,38,183,151,25,83,189,115,41,146,65,130,157,110,172,50,119
225,181,86,42,222,46,213,77,69,43,156,231,396,114,131,133,158,394,222,24,123,228,135,82,154,49,157,92,117,254,307,585,117,195,59,228,201,38,106,200,130,35,134,79,175,192,135,207,82,150
434,340,189,77,433,83,436,135,149,156,180,504,760,275,227,263,315,771,425,54,233,440,259,171,285,101,292,219,247,537,624,1159,233,403,94,474,385,83,207,451,302,87,318,177,331,405,272,471,158,292
535,507,213,82,549,119,487,181,179,231,504,314,1024,344,273,276,401,1039,558,69,304,561,337,237,383,147,403,241,219,726,848,1546,303,512,109,594,499,93,300,657,385,121,417,233,430,524,364,549,212,373
819,825,355,122,904,154,825,261,292,396,760,1024,798,613,458,512,671,1435,898,117,527,905,578,376,600,247,651,401,462,1120,1328,2407,448,854,190,995,828,152,424,973,573,205,631,326,744,827,582,865,346,587
335,252,125,66,314,70,309,100,108,114,275,344,613,97,163,181,235,595,311,43,165,336,188,130,194,83,202,158,162,431,500,934,172,304,93,347,337,59,163,337,230,70,258,118,265,315,187,357,126,211
344,233,117,32,237,57,252,87,90,131,227,273,458,163,78,136,205,447,255,35,161,269,149,125,181,61,188,111,148,309,405,751,136,243,54,262,241,40,127,309,182,57,212,102,222,258,151,291,86,195
338,225,112,46,263,80,277,91,88,133,263,276,512,181,136,79,208,545,271,33,167,308,141,105,198,57,186,121,137,341,472,853,151,273,51,282,303,50,145,319,168,60,211,102,225,281,182,320,108,203
336,285,143,47,326,71,381,106,125,158,315,401,671,235,205,208,120,629,341,49,222,374,209,150,234,96,213,140,187,448,551,975,192,350,72,383,336,55,155,390,240,83,287,134,314,321,233,377,162,217
808,798,362,135,897,187,852,234,296,394,771,1039,1435,595,447,545,629,783,930,137,507,889,539,343,569,208,614,432,458,1111,1333,2354,458,826,185,931,813,163,423,953,566,193,671,323,731,823,555,841,318,587
516,433,213,95,521,119,487,158,184,222,425,558,898,311,255,271,341,930,242,86,288,484,303,199,317,126,340,244,251,666,732,1431,277,498,105,563,459,89,244,562,362,95,411,178,385,471,321,547,188,347
88,56,26,11,59,13,58,19,15,24,54,69,117,43,35,33,49,137,86,1,29,74,27,26,40,16,50,27,28,73,100,190,33,59,14,77,54,11,31,74,31,11,38,24,53,68,40,72,20,36
330,221,136,38,278,54,260,90,91,123,233,304,527,165,161,167,222,507,288,29,64,310,160,90,166,67,166,122,130,366,428,752,145,268,62,273,228,40,149,282,162,48,219,95,209,269,181,307,111,209
532,462,223,101,541,111,497,165,184,228,440,561,905,336,269,308,374,889,484,74,310,283,295,217,337,120,367,253,269,686,761,1402,288,492,95,586,472,76,258,568,355,117,371,206,412,482,320,546,174,345
336,271,113,45,291,69,274,87,103,135,259,337,578,188,149,141,209,539,303,27,160,295,83,135,203,71,190,133,162,378,451,858,177,273,66,294,294,44,148,314,191,65,238,109,247,277,181,308,117,203
211,158,68,34,189,39,201,53,63,82,171,237,376,130,125,105,150,343,199,26,90,217,135,34,139,55,133,101,109,239,328,554,119,179,42,204,196,34,94,197,131,42,149,71,178,205,127,213,88,138
377,251,119,60,320,62,330,99,103,154,285,383,600,194,181,198,234,569,317,40,166,337,203,139,127,94,250,163,188,405,464,943,167,302,69,353,317,52,173,357,229,65,253,125,287,270,201,389,122,223
140,106,50,20,109,23,127,45,33,49,101,147,247,83,61,57,96,208,126,16,67,120,71,55,94,20,81,62,58,114,203,348,83,112,20,141,120,19,52,138,77,19,104,49,103,114,76,121,50,88
328,266,126,60,302,63,358,101,93,157,292,403,651,202,188,186,213,614,340,50,166,367,190,133,250,81,124,189,169,400,520,970,211,324,76,345,314,46,150,363,223,69,259,118,291,322,224,350,143,236
270,207,97,51,226,63,219,66,61,92,219,241,401,158,111,121,140,432,244,27,122,253,133,101,163,62,189,59,115,299,390,639,118,208,59,235,199,32,108,242,144,57,186,90,182,204,135,254,102,171
353,221,94,44,240,68,260,77,87,117,247,219,462,162,148,137,187,458,251,28,130,269,162,109,188,58,169,115,59,327,377,714,133,225,46,254,232,34,120,267,169,60,194,110,217,216,162,272,102,164
590,515,251,105,649,129,563,206,211,254,537,726,1120,431,309,341,448,1111,666,73,366,686,378,239,405,114,400,299,327,373,917,1724,322,568,150,646,595,128,304,685,404,129,444,235,497,616,432,607,224,407
718,702,297,135,758,144,711,236,267,307,624,848,1328,500,405,472,551,1333,732,100,428,761,451,328,464,203,520,390,377,917,551,2014,397,752,166,841,704,123,406,799,499,156,541,293,612,702,467,755,275,506
1192,1244,561,211,1373,287,1298,433,462,585,1159,1546,2407,934,751,853,975,2354,1431,190,752,1402,858,554,943,348,970,639,714,1724,2014,1853,683,1293,357,1516,1261,248,670,1420,913,308,1000,517,1161,1231,894,1368,498,935
267,246,116,44,275,54,244,66,102,117,233,303,448,172,136,151,192,458,277,33,145,288,177,119,167,83,211,118,133,322,397,683,73,261,67,289,245,40,130,308,173,59,216,108,228,242,154,277,88,171
500,404,191,81,523,104,413,143,133,195,403,512,854,304,243,273,350,826,498,59,268,492,273,179,302,112,324,208,225,568,752,1293,261,234,111,489,440,66,221,477,276,94,351,191,361,433,282,474,198,336
85,94,62,22,112,24,113,41,38,59,94,109,190,93,54,51,72,185,105,14,62,95,66,42,69,20,76,59,46,150,166,357,67,111,16,118,114,23,75,110,72,17,93,46,88,98,68,133,36,71
480,427,198,92,523,120,505,152,183,228,474,594,995,347,262,282,383,931,563,77,273,586,294,204,353,141,345,235,254,646,841,1516,289,489,118,283,484,87,244,541,336,120,415,194,410,550,313,543,201,380
512,403,182,78,486,100,427,145,151,201,385,499,828,337,241,303,336,813,459,54,228,472,294,196,317,120,314,199,232,595,704,1261,245,440,114,484,238,86,238,463,280,100,342,187,376,411,310,463,183,315
85,88,30,15,92,20,86,26,25,38,83,93,152,59,40,50,55,163,89,11,40,76,44,34,52,19,46,32,34,128,123,248,40,66,23,87,86,5,51,113,54,18,58,36,61,85,58,105,31,63
240,220,112,45,239,42,242,73,83,106,207,300,424,163,127,145,155,423,244,31,149,258,148,94,173,52,150,108,120,304,406,670,130,221,75,244,238,51,64,272,182,62,198,74,199,237,141,263,100,167
464,470,242,82,539,114,503,164,189,200,451,657,973,337,309,319,390,953,562,74,282,568,314,197,357,138,363,242,267,685,799,1420,308,477,110,541,463,113,272,274,351,111,351,200,403,514,333,547,172,328
300,283,133,57,325,68,331,109,115,130,302,385,573,230,182,168,240,566,362,31,162,355,191,131,229,77,223,144,169,404,499,913,173,276,72,336,280,54,182,351,108,59,251,135,266,340,217,362,127,218
113,91,48,11,104,9,81,37,41,35,87,121,205,70,57,60,83,193,95,11,48,117,65,42,65,19,69,57,60,129,156,308,59,94,17,120,100,18,62,111,59,10,81,39,92,100,70,110,42,62
387,335,155,54,388,87,367,124,146,134,318,417,631,258,212,211,287,671,411,38,219,371,238,149,253,104,259,186,194,444,541,1000,216,351,93,415,342,58,198,351,251,81,128,131,277,318,251,353,142,235
179,143,76,24,197,37,161,61,65,79,177,233,326,118,102,102,134,323,178,24,95,206,109,71,125,49,118,90,110,235,293,517,108,191,46,194,187,36,74,200,135,39,131,43,137,180,126,187,65,122
443,339,147,75,369,90,379,131,130,175,331,430,744,265,222,225,314,731,385,53,209,412,247,178,287,103,291,182,217,497,612,1161,228,361,88,410,376,61,199,403,266,92,277,137,182,347,242,428,153,265
413,413,183,65,497,80,424,131,157,192,405,524,827,315,258,281,321,823,471,68,269,482,277,205,270,114,322,204,216,616,702,1231,242,433,98,550,411,85,237,514,340,100,318,180,347,223,289,472,165,306
324,244,110,39,310,63,299,89,110,135,272,364,582,187,151,182,233,555,321,40,181,320,181,127,201,76,224,135,162,432,467,894,154,282,68,313,310,58,141,333,217,70,251,126,242,289,96,325,116,214
469,491,210,79,506,127,461,191,172,207,471,549,865,357,291,320,377,841,547,72,307,546,308,213,389,121,350,254,272,607,755,1368,277,474,133,543,463,105,263,547,362,110,353,187,428,472,325,265,183,370
165,160,81,36,191,39,157,55,50,82,158,212,346,126,86,108,162,318,188,20,111,174,117,88,122,50,143,102,102,224,275,498,88,198,36,201,183,31,100,172,127,42,142,65,153,165,116,183,30,128
399,276,152,69,341,74,325,115,119,150,292,373,587,211,195,203,217,587,347,36,209,345,203,138,223,88,236,171,164,407,506,935,171,336,71,380,315,63,167,328,218,62,235,122,265,306,214,370,128,120
