256,463,212,84,517,111,462,166,176,242,455,494,827,369,313,332,359,826,518,84,337,526,379,200,342,145,369,274,303,661,715,1209,250,470,114,515,473,94,243,488,313,114,365,178,416,449,319,502,154,364
463,174,141,74,431,102,424,133,126,159,339,517,787,280,230,264,323,824,437,67,236,452,253,165,267,95,291,194,213,580,686,1235,228,402,108,456,441,72,224,465,268,112,348,138,321,394,253,486,169,271
212,141,35,29,180,53,210,58,52,86,172,236,367,146,105,108,142,388,230,26,112,192,112,79,116,57,120,96,114,243,321,557,100,202,47,211,185,35,100,208,130,41,161,85,149,169,119,234,72,131
84,74,29,4,89,13,75,29,31,32,70,94,138,55,42,59,61,144,90,10,53,97,57,31,52,24,58,37,43,99,124,240,43,79,24,92,91,13,53,75,54,17,60,25,68,60,61,80,36,50
517,431,180,89,258,130,517,176,158,218,443,526,882,317,272,303,358,912,522,43,277,539,298,208,329,119,329,218,251,597,768,1426,276,456,101,565,483,95,308,526,348,105,390,178,425,477,328,543,183,339
111,102,53,13,130,10,92,38,40,45,82,121,200,76,58,72,93,204,122,13,67,120,72,41,68,28,78,55,56,127,174,307,67,108,27,142,107,22,74,117,70,29,87,37,80,102,80,122,37,75
462,424,210,75,517,92,208,153,142,195,400,552,832,327,267,299,341,864,515,81,278,480,306,168,321,117,326,249,234,614,729,1358,264,470,129,496,426,96,247,470,286,108,356,165,368,407,353,479,179,330
166,133,58,29,176,38,153,23,32,74,126,183,277,99,71,81,110,264,139,24,83,154,93,73,85,47,111,75,73,183,258,446,89,155,30,166,138,20,78,173,98,37,135,58,115,122,94,186,49,87
176,126,52,31,158,40,142,32,29,56,141,180,304,112,78,85,116,296,179,29,79,159,90,64,102,39,106,74,76,221,259,441,83,155,37,173,125,27,77,147,92,45,121,51,101,144,98,179,60,100
242,159,86,32,218,45,195,74,56,45,177,223,355,171,100,127,162,361,210,22,119,219,109,92,128,62,167,95,106,241,298,541,96,194,38,202,209,41,114,229,131,35,171,78,176,181,125,214,67,141
455,339,172,70,443,82,400,126,141,177,187,460,730,294,235,255,309,747,449,58,250,432,249,199,293,98,294,196,210,495,659,1112,220,421,106,436,387,79,212,461,273,87,337,158,344,373,251,473,143,324
494,517,236,94,526,121,552,183,180,223,460,290,999,326,297,328,378,1012,572,63,301,602,304,223,390,131,365,272,284,700,879,1556,324,499,125,608,519,89,286,610,382,91,445,192,453,541,342,613,192,378
827,787,367,138,882,200,832,277,304,355,730,999,771,585,462,537,650,1462,937,117,526,938,535,330,615,220,622,445,408,1173,1390,2444,458,851,205,972,842,170,426,925,598,183,677,365,709,824,592,925,328,561
369,280,146,55,317,76,327,99,112,171,294,326,585,96,167,176,220,589,336,37,167,315,185,116,231,80,238,165,149,409,489,927,173,319,77,311,294,64,183,364,221,63,242,115,275,254,224,349,120,231
313,230,105,42,272,58,267,71,78,100,235,297,462,167,70,132,195,473,272,37,142,254,167,112,172,66,193,130,142,327,396,746,144,238,59,272,238,41,138,276,155,52,205,95,186,227,162,287,107,179
332,264,108,59,303,72,299,81,85,127,255,328,537,176,132,82,215,535,271,32,146,282,176,118,180,83,195,143,156,350,423,843,151,275,77,281,292,45,146,316,161,52,223,110,226,232,181,321,117,188
359,323,142,61,358,93,341,110,116,162,309,378,650,220,195,215,125,672,366,56,194,355,209,143,211,106,257,176,171,442,545,967,184,352,95,363,358,60,181,353,236,69,285,125,265,356,227,399,136,215
826,824,388,144,912,204,864,264,296,361,747,1012,1462,589,473,535,672,772,946,103,528,919,537,352,617,213,606,439,447,1146,1328,2408,465,835,201,977,785,174,439,910,593,172,681,319,704,810,597,914,319,594
518,437,230,90,522,122,515,139,179,210,449,572,937,336,272,271,366,946,244,69,280,446,282,226,363,123,356,243,252,639,760,1393,251,465,109,533,502,73,254,562,355,91,371,177,445,465,299,556,179,351
84,67,26,10,43,13,81,24,29,22,58,63,117,37,37,32,56,103,69,3,23,68,29,23,46,25,50,24,24,77,102,182,33,55,10,75,69,12,38,74,37,20,49,33,45,61,48,50,27,45
337,236,112,53,277,67,278,83,79,119,250,301,526,167,142,146,194,528,280,23,60,284,146,120,195,58,156,140,133,343,423,851,159,240,69,274,266,51,142,313,159,45,228,95,228,260,189,284,126,202
526,452,192,97,539,120,480,154,159,219,432,602,938,315,254,282,355,919,446,68,284,237,299,210,353,126,367,276,247,629,769,1435,259,504,114,554,531,77,252,526,312,89,370,192,411,455,308,548,188,331
379,253,112,57,298,72,306,93,90,109,249,304,535,185,167,176,209,537,282,29,146,299,84,123,204,74,182,147,141,357,440,836,154,287,70,316,294,41,142,308,180,44,236,120,232,263,176,310,120,199
200,165,79,31,208,41,168,73,64,92,199,223,330,116,112,118,143,352,226,23,120,210,123,50,141,38,139,99,93,226,317,541,109,188,58,211,197,31,104,223,120,42,163,69,157,174,128,203,80,142
342,267,116,52,329,68,321,85,102,128,293,390,615,231,172,180,211,617,363,46,195,353,204,141,105,66,198,154,148,385,491,963,204,314,83,331,306,66,174,346,208,75,251,122,244,284,221,363,142,239
145,95,57,24,119,28,117,47,39,62,98,131,220,80,66,83,106,213,123,25,58,126,74,38,66,10,55,60,75,172,183,358,53,121,28,124,111,17,79,125,80,28,98,48,90,112,75,137,51,84
369,291,120,58,329,78,326,111,106,167,294,365,622,238,193,195,257,606,356,50,156,367,182,139,198,55,94,153,172,407,499,951,189,309,77,331,316,58,184,372,225,67,289,115,268,304,202,371,134,229
274,194,96,37,218,55,249,75,74,95,196,272,445,165,130,143,176,439,243,24,140,276,147,99,154,60,153,56,113,275,383,691,127,223,58,229,251,30,129,258,156,46,176,74,195,189,137,260,91,163
303,213,114,43,251,56,234,73,76,106,210,284,408,149,142,156,171,447,252,24,133,247,141,93,148,75,172,113,67,290,370,696,135,216,71,247,249,44,140,256,176,43,212,109,199,225,151,281,96,154
661,580,243,99,597,127,614,183,221,241,495,700,1173,409,327,350,442,1146,639,77,343,629,357,226,385,172,407,275,290,377,958,1814,339,546,142,639,545,107,309,712,404,140,488,245,474,632,405,647,248,416
715,686,321,124,768,174,729,258,259,298,659,879,1390,489,396,423,545,1328,760,102,423,769,440,317,491,183,499,383,370,958,571,2047,395,721,147,815,750,124,388,816,481,157,559,281,595,705,443,811,259,559
1209,1235,557,240,1426,307,1358,446,441,541,1112,1556,2444,927,746,843,967,2408,1393,182,851,1435,836,541,963,358,951,691,696,1814,2047,1838,698,1342,305,1468,1325,216,667,1418,966,279,1013,519,1125,1261,921,1386,472,907
250,228,100,43,276,67,264,89,83,96,220,324,458,173,144,151,184,465,251,33,159,259,154,109,204,53,189,127,135,339,395,698,71,264,52,283,255,46,138,279,179,46,195,103,208,268,177,274,92,191
470,402,202,79,456,108,470,155,155,194,421,499,851,319,238,275,352,835,465,55,240,504,287,188,314,121,309,223,216,546,721,1342,264,219,98,517,425,75,272,455,321,104,339,182,386,416,310,484,170,329
114,108,47,24,101,27,129,30,37,38,106,125,205,77,59,77,95,201,109,10,69,114,70,58,83,28,77,58,71,142,147,305,52,98,11,139,107,26,58,126,66,14,85,40,94,106,62,139,27,72
515,456,211,92,565,142,496,166,173,202,436,608,972,311,272,281,363,977,533,75,274,554,316,211,331,124,331,229,247,639,815,1468,283,517,139,265,507,71,266,559,346,127,406,187,414,495,304,556,187,371
473,441,185,91,483,107,426,138,125,209,387,519,842,294,238,292,358,785,502,69,266,531,294,197,306,111,316,251,249,545,750,1325,255,425,107,507,239,73,252,491,300,88,370,167,375,437,300,472,179,323
94,72,35,13,95,22,96,20,27,41,79,89,170,64,41,45,60,174,73,12,51,77,41,31,66,17,58,30,44,107,124,216,46,75,26,71,73,7,36,78,42,17,61,19,72,85,49,81,37,67
243,224,100,53,308,74,247,78,77,114,212,286,426,183,138,146,181,439,254,38,142,252,142,104,174,79,184,129,140,309,388,667,138,272,58,266,252,36,65,272,181,49,209,103,201,210,156,263,96,148
488,465,208,75,526,117,470,173,147,229,461,610,925,364,276,316,353,910,562,74,313,526,308,223,346,125,372,258,256,712,816,1418,279,455,126,559,491,78,272,270,349,111,425,198,410,508,325,541,170,347
313,268,130,54,348,70,286,98,92,131,273,382,598,221,155,161,236,593,355,37,159,312,180,120,208,80,225,156,176,404,481,966,179,321,66,346,300,42,181,349,111,87,248,106,251,310,202,344,115,223
114,112,41,17,105,29,108,37,45,35,87,91,183,63,52,52,69,172,91,20,45,89,44,42,75,28,67,46,43,140,157,279,46,104,14,127,88,17,49,111,87,12,88,39,88,98,57,117,29,55
365,348,161,60,390,87,356,135,121,171,337,445,677,242,205,223,285,681,371,49,228,370,236,163,251,98,289,176,212,488,559,1013,195,339,85,406,370,61,209,425,248,88,144,168,315,352,229,398,116,275
178,138,85,25,178,37,165,58,51,78,158,192,365,115,95,110,125,319,177,33,95,192,120,69,122,48,115,74,109,245,281,519,103,182,40,187,167,19,103,198,106,39,168,34,143,172,130,194,73,122
416,321,149,68,425,80,368,115,101,176,344,453,709,275,186,226,265,704,445,45,228,411,232,157,244,90,268,195,199,474,595,1125,208,386,94,414,375,72,201,410,251,88,315,143,154,342,261,429,135,271
449,394,169,60,477,102,407,122,144,181,373,541,824,254,227,232,356,810,465,61,260,455,263,174,284,112,304,189,225,632,705,1261,268,416,106,495,437,85,210,508,310,98,352,172,342,231,267,479,155,315
319,253,119,61,328,80,353,94,98,125,251,342,592,224,162,181,227,597,299,48,189,308,176,128,221,75,202,137,151,405,443,921,177,310,62,304,300,49,156,325,202,57,229,130,261,267,106,300,132,210
502,486,234,80,543,122,479,186,179,214,473,613,925,349,287,321,399,914,556,50,284,548,310,203,363,137,371,260,281,647,811,1386,274,484,139,556,472,81,263,541,344,117,398,194,429,479,300,267,170,357
154,169,72,36,183,37,179,49,60,67,143,192,328,120,107,117,136,319,179,27,126,188,120,80,142,51,134,91,96,248,259,472,92,170,27,187,179,37,96,170,115,29,116,73,135,155,132,170,30,131
364,271,131,50,339,75,330,87,100,141,324,378,561,231,179,188,215,594,351,45,202,331,199,142,239,84,229,163,154,416,559,907,191,329,72,371,323,67,148,347,223,55,275,122,271,315,210,357,131,118
