290,446,218,88,477,109,505,194,190,251,448,506,803,371,327,362,385,805,539,66,340,560,361,214,403,153,395,263,311,631,757,1211,280,526,110,584,474,96,265,483,331,117,372,192,486,452,346,506,188,396
446,166,172,63,462,105,392,129,157,187,350,513,854,277,213,240,301,794,401,50,222,432,255,168,277,100,280,196,234,540,676,1292,242,403,86,429,395,85,225,465,259,79,374,153,352,436,292,450,158,272
218,172,31,36,214,49,202,66,75,107,189,228,358,126,81,91,146,356,209,23,100,207,111,69,133,41,115,81,85,239,305,548,87,180,50,221,204,44,99,218,126,42,169,72,164,173,130,221,78,124
88,63,36,9,81,23,70,30,28,54,91,97,132,72,55,57,68,123,85,6,51,74,54,32,67,28,48,45,51,89,120,224,34,98,23,76,85,14,56,69,49,16,64,24,68,72,48,98,31,63
477,462,214,81,257,119,529,180,185,211,436,597,928,327,262,294,376,944,543,56,271,529,297,216,334,122,308,262,260,678,774,1484,269,456,113,513,459,83,246,578,347,106,413,188,407,455,301,554,170,336
109,105,49,23,119,13,106,31,39,55,102,126,181,81,70,76,61,167,117,10,62,100,68,40,85,40,72,64,61,162,175,303,60,118,26,97,101,21,54,106,67,13,89,39,87,107,64,120,40,71
505,392,202,70,529,106,243,140,155,183,413,558,922,328,251,261,354,857,499,68,253,472,282,187,358,134,339,230,255,656,740,1365,263,487,115,541,419,85,248,531,353,91,381,179,380,469,300,521,196,327
194,129,66,30,180,31,140,24,50,74,119,153,264,102,76,95,119,280,180,24,81,186,96,59,98,40,96,75,91,190,211,411,80,148,30,140,161,26,74,155,110,40,119,50,130,130,90,158,63,125
190,157,75,28,185,39,155,50,29,72,155,197,290,99,82,77,129,293,159,23,78,163,105,70,114,39,103,76,97,200,272,472,95,166,44,186,142,30,72,182,131,26,127,52,117,151,98,172,61,110
251,187,107,54,211,55,183,74,72,40,175,232,327,141,118,119,157,347,213,16,102,213,147,86,157,52,131,103,84,248,305,520,111,194,38,228,178,50,104,214,148,40,151,75,156,189,132,206,59,153
448,350,189,91,436,102,413,119,155,175,176,475,748,257,231,254,295,788,445,53,241,447,279,178,291,106,280,204,196,527,641,1132,244,380,113,491,385,78,219,464,293,89,347,178,340,383,284,439,152,311
506,513,228,97,597,126,558,153,197,232,475,354,1043,362,285,290,399,1039,559,79,312,616,335,241,338,151,397,248,304,696,881,1615,325,506,134,596,538,87,270,607,383,109,457,237,432,529,343,578,228,366
803,854,358,132,928,181,922,264,290,327,748,1043,808,567,479,528,670,1527,905,122,492,941,518,391,603,260,669,429,447,1174,1314,2532,498,868,202,1005,865,152,472,972,645,209,703,345,734,842,547,935,331,565
371,277,126,72,327,81,328,102,99,141,257,362,567,113,167,178,227,591,328,38,164,350,216,138,223,79,202,159,164,409,480,877,174,323,70,348,315,55,153,345,201,81,262,139,272,312,204,353,110,241
327,213,81,55,262,70,251,76,82,118,231,285,479,167,70,139,216,470,292,28,141,274,165,89,164,72,164,129,152,334,419,775,145,272,67,284,233,35,136,267,162,48,228,90,208,256,161,292,93,187
362,240,91,57,294,76,261,95,77,119,254,290,528,178,139,80,216,539,281,35,154,287,170,101,171,78,190,127,143,349,457,798,184,252,68,311,283,43,143,305,178,48,243,107,204,256,155,297,117,206
385,301,146,68,376,61,354,119,129,157,295,399,670,227,216,216,143,671,376,45,205,384,237,113,237,100,246,167,180,489,604,1073,205,345,90,441,328,75,180,399,236,83,260,138,296,351,247,380,134,257
805,794,356,123,944,167,857,280,293,347,788,1039,1527,591,470,539,671,871,888,107,461,929,509,363,622,231,615,435,437,1179,1390,2596,516,819,191,962,873,158,486,961,621,194,683,333,739,848,559,950,324,567
539,401,209,85,543,117,499,180,159,213,445,559,905,328,292,281,376,888,276,46,285,524,316,204,358,130,324,235,243,655,762,1448,269,493,119,566,479,88,286,574,335,114,411,195,426,463,355,560,185,354
66,50,23,6,56,10,68,24,23,16,53,79,122,38,28,35,45,107,46,6,31,65,33,25,58,18,49,26,27,77,89,205,26,55,15,56,72,7,27,53,40,15,55,29,61,44,42,69,27,50
340,222,100,51,271,62,253,81,78,102,241,312,492,164,141,154,205,461,285,31,79,266,173,101,170,69,174,139,128,318,398,723,140,266,63,273,272,46,155,294,179,66,235,100,211,252,159,302,125,214
560,432,207,74,529,100,472,186,163,213,447,616,941,350,274,287,384,929,524,65,266,243,323,224,367,154,368,234,265,625,709,1420,294,503,127,573,478,75,254,536,350,101,422,202,447,516,375,526,195,380
361,255,111,54,297,68,282,96,105,147,279,335,518,216,165,170,237,509,316,33,173,323,94,124,217,86,231,156,154,373,455,843,170,286,60,317,284,47,149,294,193,55,242,95,267,303,178,321,117,207
214,168,69,32,216,40,187,59,70,86,178,241,391,138,89,101,113,363,204,25,101,224,124,43,127,44,127,83,93,275,294,600,102,207,55,228,208,31,112,219,122,43,152,70,161,193,133,208,72,140
403,277,133,67,334,85,358,98,114,157,291,338,603,223,164,171,237,622,358,58,170,367,217,127,100,90,224,142,165,411,485,944,180,357,81,331,330,62,160,353,222,75,277,122,278,299,194,351,122,228
153,100,41,28,122,40,134,40,39,52,106,151,260,79,72,78,100,231,130,18,69,154,86,44,90,10,75,74,68,162,170,367,67,133,22,125,126,23,71,134,91,24,108,43,113,110,80,163,49,89
395,280,115,48,308,72,339,96,103,131,280,397,669,202,164,190,246,615,324,49,174,368,231,127,224,75,114,165,164,399,486,1014,199,342,79,331,345,49,173,367,206,66,277,111,278,331,199,379,134,231
263,196,81,45,262,64,230,75,76,103,204,248,429,159,129,127,167,435,235,26,139,234,156,83,142,74,165,54,129,281,335,703,133,220,49,231,226,43,110,234,126,41,185,98,186,232,145,258,99,137
311,234,85,51,260,61,255,91,97,84,196,304,447,164,152,143,180,437,243,27,128,265,154,93,165,68,164,129,61,294,374,720,125,228,59,256,245,35,125,275,161,57,190,81,216,236,165,286,104,186
631,540,239,89,678,162,656,190,200,248,527,696,1174,409,334,349,489,1179,655,77,318,625,373,275,411,162,399,281,294,385,998,1909,366,579,134,687,588,118,353,729,453,124,492,245,533,593,397,720,231,403
757,676,305,120,774,175,740,211,272,305,641,881,1314,480,419,457,604,1390,762,89,398,709,455,294,485,170,486,335,374,998,537,2132,422,719,182,825,677,122,408,786,516,162,591,291,612,693,498,798,276,524
1211,1292,548,224,1484,303,1365,411,472,520,1132,1615,2532,877,775,798,1073,2596,1448,205,723,1420,843,600,944,367,1014,703,720,1909,2132,1955,703,1313,312,1573,1334,253,707,1525,994,308,1079,568,1153,1385,881,1466,494,932
280,242,87,34,269,60,263,80,95,111,244,325,498,174,145,184,205,516,269,26,140,294,170,102,180,67,199,133,125,366,422,703,70,249,52,319,278,50,137,264,188,59,209,100,220,252,185,289,104,193
526,403,180,98,456,118,487,148,166,194,380,506,868,323,272,252,345,819,493,55,266,503,286,207,357,133,342,220,228,579,719,1313,249,234,99,483,452,83,211,507,327,88,363,169,400,423,293,487,179,330
110,86,50,23,113,26,115,30,44,38,113,134,202,70,67,68,90,191,119,15,63,127,60,55,81,22,79,49,59,134,182,312,52,99,16,117,105,16,59,131,80,23,91,37,107,105,67,128,41,77
584,429,221,76,513,97,541,140,186,228,491,596,1005,348,284,311,441,962,566,56,273,573,317,228,331,125,331,231,256,687,825,1573,319,483,117,309,501,94,277,608,323,122,429,218,465,518,331,559,211,377
474,395,204,85,459,101,419,161,142,178,385,538,865,315,233,283,328,873,479,72,272,478,284,208,330,126,345,226,245,588,677,1334,278,452,105,501,242,81,253,493,307,98,387,156,387,440,319,480,189,334
96,85,44,14,83,21,85,26,30,50,78,87,152,55,35,43,75,158,88,7,46,75,47,31,62,23,49,43,35,118,122,253,50,83,16,94,81,9,43,84,48,10,70,32,68,77,59,90,31,60
265,225,99,56,246,54,248,74,72,104,219,270,472,153,136,143,180,486,286,27,155,254,149,112,160,71,173,110,125,353,408,707,137,211,59,277,253,43,58,272,193,57,191,94,199,221,158,253,109,180
483,465,218,69,578,106,531,155,182,214,464,607,972,345,267,305,399,961,574,53,294,536,294,219,353,134,367,234,275,729,786,1525,264,507,131,608,493,84,272,292,352,101,434,205,423,511,358,542,194,328
331,259,126,49,347,67,353,110,131,148,293,383,645,201,162,178,236,621,335,40,179,350,193,122,222,91,206,126,161,453,516,994,188,327,80,323,307,48,193,352,118,59,249,145,259,348,225,358,140,226
117,79,42,16,106,13,91,40,26,40,89,109,209,81,48,48,83,194,114,15,66,101,55,43,75,24,66,41,57,124,162,308,59,88,23,122,98,10,57,101,59,9,106,33,81,78,73,102,32,80
372,374,169,64,413,89,381,119,127,151,347,457,703,262,228,243,260,683,411,55,235,422,242,152,277,108,277,185,190,492,591,1079,209,363,91,429,387,70,191,434,249,106,140,145,317,355,257,379,150,250
192,153,72,24,188,39,179,50,52,75,178,237,345,139,90,107,138,333,195,29,100,202,95,70,122,43,111,98,81,245,291,568,100,169,37,218,156,32,94,205,145,33,145,25,154,198,137,218,76,112
486,352,164,68,407,87,380,130,117,156,340,432,734,272,208,204,296,739,426,61,211,447,267,161,278,113,278,186,216,533,612,1153,220,400,107,465,387,68,199,423,259,81,317,154,177,407,260,443,162,272
452,436,173,72,455,107,469,130,151,189,383,529,842,312,256,256,351,848,463,44,252,516,303,193,299,110,331,232,236,593,693,1385,252,423,105,518,440,77,221,511,348,78,355,198,407,224,284,488,181,323
346,292,130,48,301,64,300,90,98,132,284,343,547,204,161,155,247,559,355,42,159,375,178,133,194,80,199,145,165,397,498,881,185,293,67,331,319,59,158,358,225,73,257,137,260,284,90,330,120,220
506,450,221,98,554,120,521,158,172,206,439,578,935,353,292,297,380,950,560,69,302,526,321,208,351,163,379,258,286,720,798,1466,289,487,128,559,480,90,253,542,358,102,379,218,443,488,330,287,205,386
188,158,78,31,170,40,196,63,61,59,152,228,331,110,93,117,134,324,185,27,125,195,117,72,122,49,134,99,104,231,276,494,104,179,41,211,189,31,109,194,140,32,150,76,162,181,120,205,33,154
396,272,124,63,336,71,327,125,110,153,311,366,565,241,187,206,257,567,354,50,214,380,207,140,228,89,231,137,186,403,524,932,193,330,77,377,334,60,180,328,226,80,250,112,272,323,220,386,154,113
