269,451,226,88,499,109,475,176,151,232,406,529,837,381,321,327,352,773,494,69,335,532,350,214,345,149,347,303,297,640,677,1143,250,476,105,517,490,81,272,490,307,92,364,182,458,420,347,495,153,371
451,173,179,68,430,101,422,120,153,176,375,514,784,275,251,260,276,760,437,47,252,441,229,192,272,116,299,206,217,568,667,1235,244,372,106,439,389,70,219,498,298,81,362,182,345,414,297,473,172,291
226,179,27,32,213,52,195,63,58,70,151,218,393,137,111,129,133,393,219,22,113,227,105,89,133,44,120,83,94,258,311,578,118,198,47,194,212,34,86,209,134,43,153,77,157,175,115,215,83,125
88,68,32,9,87,19,68,22,30,40,68,82,155,70,35,41,65,157,85,6,55,77,56,39,61,18,48,42,45,119,119,214,40,72,25,82,72,14,38,83,63,16,74,29,62,73,47,80,26,72
499,430,213,87,258,112,471,154,179,238,445,572,918,350,254,272,378,911,532,72,266,530,296,208,360,130,342,238,247,637,756,1386,271,479,120,535,456,82,258,516,400,115,378,187,417,465,299,496,199,326
109,101,52,19,112,14,105,36,43,36,95,110,208,95,65,73,76,200,103,11,56,95,65,56,72,23,68,51,76,151,166,270,46,104,23,115,109,27,48,119,70,22,88,40,94,105,72,114,41,83
475,422,195,68,471,105,228,156,156,207,415,539,889,324,283,303,358,845,476,51,275,484,297,203,340,121,305,227,253,598,730,1295,248,444,132,498,443,92,237,525,325,112,351,181,402,440,304,477,188,325
176,120,63,22,154,36,156,28,39,70,133,164,256,105,84,100,104,260,157,22,72,179,81,65,98,36,113,57,80,190,231,379,77,160,41,150,165,28,69,178,103,31,130,57,138,156,72,182,55,119
151,153,58,30,179,43,156,39,24,65,149,196,324,95,87,83,119,318,185,16,65,174,85,75,104,45,88,86,70,228,251,488,77,175,37,157,178,44,72,171,104,30,113,73,126,149,90,179,57,112
232,176,70,40,238,36,207,70,65,40,144,211,369,141,112,124,182,357,207,24,118,212,141,91,140,57,137,84,103,287,302,521,101,195,60,217,195,35,103,211,141,49,152,91,172,193,129,210,74,158
406,375,151,68,445,95,415,133,149,144,203,472,764,275,228,228,281,763,429,67,223,450,253,180,287,125,323,213,245,541,593,1093,202,412,119,427,371,70,190,440,285,108,312,157,351,379,270,435,154,279
529,514,218,82,572,110,539,164,196,211,472,313,1034,351,286,315,403,1075,564,76,321,570,328,210,391,143,375,258,261,758,826,1581,312,526,113,599,472,103,290,608,378,128,400,235,461,543,390,568,185,388
837,784,393,155,918,208,889,256,324,369,764,1034,815,581,472,491,666,1434,927,106,479,941,531,342,603,230,621,398,496,1158,1391,2430,485,807,205,1061,824,165,446,946,613,195,692,358,729,875,556,948,339,582
381,275,137,70,350,95,324,105,95,141,275,351,581,117,161,196,211,559,318,39,156,352,198,132,210,88,219,161,140,409,467,876,169,301,72,320,299,59,165,341,220,71,242,108,262,302,205,319,102,218
321,251,111,35,254,65,283,84,87,112,228,286,472,161,76,144,163,462,301,31,142,293,165,123,184,58,187,131,146,331,390,729,165,246,56,250,261,50,143,276,198,62,195,85,248,214,161,279,101,165
327,260,129,41,272,73,303,100,83,124,228,315,491,196,144,74,206,512,273,30,159,284,165,125,222,84,200,132,144,328,432,793,167,275,73,279,261,57,147,312,186,57,230,97,269,237,168,312,115,195
352,276,133,65,378,76,358,104,119,182,281,403,666,211,163,206,129,641,355,50,200,364,213,144,204,101,214,164,176,477,569,987,182,352,81,374,342,60,194,397,242,82,262,153,266,346,212,414,133,252
773,760,393,157,911,200,845,260,318,357,763,1075,1434,559,462,512,641,804,959,110,512,933,532,323,594,233,590,424,504,1183,1364,2428,472,782,195,1010,834,164,427,951,608,199,685,361,722,870,558,905,353,567
494,437,219,85,532,103,476,157,185,207,429,564,927,318,301,273,355,959,255,59,268,469,332,209,338,134,332,226,267,610,789,1419,284,481,122,535,485,93,259,560,348,99,378,183,439,506,321,522,196,340
69,47,22,6,72,11,51,22,16,24,67,76,106,39,31,30,50,110,59,1,34,59,34,23,39,11,36,36,28,79,99,157,32,51,19,56,60,9,39,75,41,11,43,23,45,50,41,43,18,48
335,252,113,55,266,56,275,72,65,118,223,321,479,156,142,159,200,512,268,34,83,300,151,111,164,72,182,111,128,326,458,743,146,286,64,288,281,34,124,295,198,52,210,90,203,265,163,287,94,193
532,441,227,77,530,95,484,179,174,212,450,570,941,352,293,284,364,933,469,59,300,240,344,220,338,127,327,238,261,622,748,1426,295,487,140,575,453,86,286,552,328,91,387,166,474,486,359,517,201,366
350,229,105,56,296,65,297,81,85,141,253,328,531,198,165,165,213,532,332,34,151,344,94,119,186,75,184,152,170,371,471,812,183,275,70,312,286,57,146,330,209,66,211,122,253,283,175,303,106,212
214,192,89,39,208,56,203,65,75,91,180,210,342,132,123,125,144,323,209,23,111,220,119,35,117,49,123,87,85,277,316,556,93,190,52,235,195,28,106,227,170,53,130,78,156,202,141,198,63,134
345,272,133,61,360,72,340,98,104,140,287,391,603,210,184,222,204,594,338,39,164,338,186,117,126,70,212,151,155,432,485,944,174,310,79,309,306,51,175,344,229,85,281,117,267,308,218,358,129,214
149,116,44,18,130,23,121,36,45,57,125,143,230,88,58,84,101,233,134,11,72,127,75,49,70,11,70,50,52,152,190,410,68,124,34,132,105,15,79,143,79,27,101,51,91,120,73,138,44,93
347,299,120,48,342,68,305,113,88,137,323,375,621,219,187,200,214,590,332,36,182,327,184,123,212,70,106,131,159,441,504,975,168,336,75,345,312,54,171,366,205,65,261,105,272,326,208,338,126,230
303,206,83,42,238,51,227,57,86,84,213,258,398,161,131,132,164,424,226,36,111,238,152,87,151,50,131,42,113,313,330,663,129,218,55,217,215,42,99,270,149,33,185,101,184,229,146,235,99,152
297,217,94,45,247,76,253,80,70,103,245,261,496,140,146,144,176,504,267,28,128,261,170,85,155,52,159,113,59,312,367,703,139,245,52,245,233,23,132,259,180,48,228,94,182,216,156,273,104,172
640,568,258,119,637,151,598,190,228,287,541,758,1158,409,331,328,477,1183,610,79,326,622,371,277,432,152,441,313,312,421,967,1856,378,554,146,681,593,102,319,722,417,134,474,253,540,551,399,674,259,418
677,667,311,119,756,166,730,231,251,302,593,826,1391,467,390,432,569,1364,789,99,458,748,471,316,485,190,504,330,367,967,584,2087,390,757,188,807,696,132,363,801,483,157,563,281,574,702,478,731,278,533
1143,1235,578,214,1386,270,1295,379,488,521,1093,1581,2430,876,729,793,987,2428,1419,157,743,1426,812,556,944,410,975,663,703,1856,2087,1940,736,1263,297,1578,1274,238,708,1471,935,301,1082,532,1099,1295,876,1412,497,869
250,244,118,40,271,46,248,77,77,101,202,312,485,169,165,167,182,472,284,32,146,295,183,93,174,68,168,129,139,378,390,736,78,230,59,286,254,46,144,290,206,64,194,108,220,234,168,281,108,171
476,372,198,72,479,104,444,160,175,195,412,526,807,301,246,275,352,782,481,51,286,487,275,190,310,124,336,218,245,554,757,1263,230,221,102,516,471,86,267,493,330,96,372,170,380,444,293,495,163,333
105,106,47,25,120,23,132,41,37,60,119,113,205,72,56,73,81,195,122,19,64,140,70,52,79,34,75,55,52,146,188,297,59,102,10,124,113,19,55,121,75,22,93,49,102,114,76,115,38,89
517,439,194,82,535,115,498,150,157,217,427,599,1061,320,250,279,374,1010,535,56,288,575,312,235,309,132,345,217,245,681,807,1578,286,516,124,281,515,78,287,565,336,99,418,215,404,504,327,528,182,361
490,389,212,72,456,109,443,165,178,195,371,472,824,299,261,261,342,834,485,60,281,453,286,195,306,105,312,215,233,593,696,1274,254,471,113,515,222,84,255,473,304,88,358,186,370,427,287,476,167,339
81,70,34,14,82,27,92,28,44,35,70,103,165,59,50,57,60,164,93,9,34,86,57,28,51,15,54,42,23,102,132,238,46,86,19,78,84,4,59,95,60,18,66,24,61,85,61,88,38,54
272,219,86,38,258,48,237,69,72,103,190,290,446,165,143,147,194,427,259,39,124,286,146,106,175,79,171,99,132,319,363,708,144,267,55,287,255,59,57,305,163,49,200,96,205,247,149,284,91,181
490,498,209,83,516,119,525,178,171,211,440,608,946,341,276,312,397,951,560,75,295,552,330,227,344,143,366,270,259,722,801,1471,290,493,121,565,473,95,305,285,362,116,378,208,442,485,360,560,181,379
307,298,134,63,400,70,325,103,104,141,285,378,613,220,198,186,242,608,348,41,198,328,209,170,229,79,205,149,180,417,483,935,206,330,75,336,304,60,163,362,110,57,271,130,281,305,232,333,108,225
92,81,43,16,115,22,112,31,30,49,108,128,195,71,62,57,82,199,99,11,52,91,66,53,85,27,65,33,48,134,157,301,64,96,22,99,88,18,49,116,57,12,77,41,89,106,60,96,43,77
364,362,153,74,378,88,351,130,113,152,312,400,692,242,195,230,262,685,378,43,210,387,211,130,281,101,261,185,228,474,563,1082,194,372,93,418,358,66,200,378,271,77,141,166,300,368,226,377,130,261
182,182,77,29,187,40,181,57,73,91,157,235,358,108,85,97,153,361,183,23,90,166,122,78,117,51,105,101,94,253,281,532,108,170,49,215,186,24,96,208,130,41,166,36,154,156,112,193,75,139
458,345,157,62,417,94,402,138,126,172,351,461,729,262,248,269,266,722,439,45,203,474,253,156,267,91,272,184,182,540,574,1099,220,380,102,404,370,61,205,442,281,89,300,154,185,345,253,401,171,262
420,414,175,73,465,105,440,156,149,193,379,543,875,302,214,237,346,870,506,50,265,486,283,202,308,120,326,229,216,551,702,1295,234,444,114,504,427,85,247,485,305,106,368,156,345,207,296,457,181,304
347,297,115,47,299,72,304,72,90,129,270,390,556,205,161,168,212,558,321,41,163,359,175,141,218,73,208,146,156,399,478,876,168,293,76,327,287,61,149,360,232,60,226,112,253,296,96,315,100,226
495,473,215,80,496,114,477,182,179,210,435,568,948,319,279,312,414,905,522,43,287,517,303,198,358,138,338,235,273,674,731,1412,281,495,115,528,476,88,284,560,333,96,377,193,401,457,315,224,185,356
153,172,83,26,199,41,188,55,57,74,154,185,339,102,101,115,133,353,196,18,94,201,106,63,129,44,126,99,104,259,278,497,108,163,38,182,167,38,91,181,108,43,130,75,171,181,100,185,24,124
371,291,125,72,326,83,325,119,112,158,279,388,582,218,165,195,252,567,340,48,193,366,212,134,214,93,230,152,172,418,533,869,171,333,89,361,339,54,181,379,225,77,261,139,262,304,226,356,124,110
