241,396,232,88,501,103,464,187,177,232,449,534,835,367,308,328,336,834,510,75,317,511,358,197,333,149,354,287,329,624,715,1233,249,473,126,455,473,100,268,455,308,121,379,167,422,457,325,497,166,361
396,186,180,64,442,82,402,125,145,171,393,461,741,283,232,245,298,773,433,57,232,463,265,164,298,114,287,195,217,509,675,1242,213,387,101,437,401,83,199,464,285,78,314,157,346,430,297,441,167,277
232,180,39,33,207,46,176,65,50,83,160,216,376,130,104,115,146,316,189,17,113,213,110,81,118,56,133,97,99,226,289,547,102,186,46,208,176,34,91,244,148,41,166,71,147,177,108,221,70,149
88,64,33,3,69,14,72,26,28,45,82,104,137,60,62,59,64,156,91,10,45,93,70,36,66,26,67,53,40,113,112,226,46,89,21,97,78,14,41,82,53,17,60,24,75,67,64,78,40,58
501,442,207,69,263,105,502,161,161,213,437,577,899,335,285,328,389,886,534,60,293,542,331,220,363,123,331,257,272,654,764,1421,285,490,132,546,456,114,272,551,330,123,376,190,440,431,323,492,181,338
103,82,46,14,105,10,91,32,38,57,106,128,184,66,70,67,79,194,116,17,70,113,75,33,77,27,77,64,55,138,152,286,46,109,19,117,88,20,57,115,75,24,77,38,89,101,72,109,36,72
464,402,176,72,502,91,218,145,149,219,402,541,906,307,275,287,336,842,487,80,266,516,317,195,282,119,333,237,236,632,736,1311,277,477,115,519,416,83,228,518,306,117,376,179,372,428,327,490,199,345
187,125,65,26,161,32,145,26,47,65,145,189,289,94,82,89,109,304,144,27,82,142,77,67,94,30,102,73,76,179,225,440,75,132,39,182,152,28,71,171,96,30,107,67,126,143,87,156,64,104
177,145,50,28,161,38,149,47,28,81,134,175,302,113,95,88,115,281,173,25,86,165,90,59,93,44,100,90,70,195,233,474,93,178,43,144,148,18,82,196,116,36,118,47,113,136,103,154,68,124
232,171,83,45,213,57,219,65,81,45,181,219,381,147,114,131,158,362,214,25,119,202,117,76,146,55,151,111,101,270,289,560,129,195,43,211,219,42,110,209,124,52,151,83,164,184,120,219,89,145
449,393,160,82,437,106,402,145,134,181,186,492,708,290,251,258,299,730,433,51,237,427,279,157,290,105,328,205,213,536,597,1214,241,394,99,454,404,67,217,414,269,111,331,155,332,365,280,450,168,308
534,461,216,104,577,128,541,189,175,219,492,283,1004,366,286,338,413,1024,580,66,300,585,311,208,365,146,381,273,259,704,804,1580,285,551,104,577,494,92,297,588,359,103,436,217,426,517,368,531,189,360
835,741,376,137,899,184,906,289,302,381,708,1004,809,561,498,541,637,1473,882,102,505,892,525,366,622,243,626,432,440,1122,1300,2382,445,879,207,994,815,154,439,959,556,189,674,329,748,822,580,923,319,630
367,283,130,60,335,66,307,94,113,147,290,366,561,108,172,194,232,584,352,43,187,349,207,133,225,90,240,173,185,393,508,900,194,335,86,330,329,48,155,318,208,75,235,119,240,260,199,338,120,257
308,232,104,62,285,70,275,82,95,114,251,286,498,172,70,133,180,500,245,36,154,266,165,123,183,79,193,134,144,354,400,729,159,263,55,269,248,48,127,303,184,49,200,83,236,236,185,287,104,211
328,245,115,59,328,67,287,89,88,131,258,338,541,194,133,64,196,510,266,38,187,300,191,118,190,68,187,124,138,370,432,818,177,272,56,274,254,47,137,333,210,62,225,84,229,259,172,299,112,192
336,298,146,64,389,79,336,109,115,158,299,413,637,232,180,196,116,617,359,48,201,366,212,145,209,97,239,170,183,443,546,986,209,344,84,372,358,67,166,386,234,76,270,132,284,340,209,379,123,254
834,773,316,156,886,194,842,304,281,362,730,1024,1473,584,500,510,617,785,886,89,530,882,504,368,600,228,605,392,464,1071,1308,2350,463,820,190,971,826,141,450,933,591,197,642,319,757,788,580,893,311,629
510,433,189,91,534,116,487,144,173,214,433,580,882,352,245,266,359,886,254,80,273,491,293,200,314,123,316,232,233,628,763,1445,300,462,124,559,505,110,244,574,332,112,380,177,394,479,310,554,177,344
75,57,17,10,60,17,80,27,25,25,51,66,102,43,36,38,48,89,80,1,35,66,42,25,41,21,46,22,30,93,95,161,28,54,22,68,58,16,33,78,35,14,54,23,64,47,44,77,28,45
317,232,113,45,293,70,266,82,86,119,237,300,505,187,154,187,201,530,273,35,79,327,175,107,194,67,176,111,130,364,439,809,171,267,74,273,255,41,150,317,180,49,231,99,232,259,168,348,109,200
511,463,213,93,542,113,516,142,165,202,427,585,892,349,266,300,366,882,491,66,327,255,314,219,300,134,345,264,249,643,797,1404,297,488,115,536,490,93,263,561,329,114,386,198,389,468,331,536,181,344
358,265,110,70,331,75,317,77,90,117,279,311,525,207,165,191,212,504,293,42,175,314,91,130,197,78,194,152,141,379,437,818,163,316,59,297,312,55,153,310,209,61,224,129,262,300,184,305,109,215
197,164,81,36,220,33,195,67,59,76,157,208,366,133,123,118,145,368,200,25,107,219,130,38,133,43,133,96,92,281,265,551,114,205,54,197,195,27,107,206,132,46,154,84,157,178,146,223,80,142
333,298,118,66,363,77,282,94,93,146,290,365,622,225,183,190,209,600,314,41,194,300,197,133,101,79,208,160,156,439,490,970,184,310,80,322,317,47,156,349,224,72,259,123,231,304,197,357,117,204
149,114,56,26,123,27,119,30,44,55,105,146,243,90,79,68,97,228,123,21,67,134,78,43,79,12,64,51,47,175,195,385,92,119,29,133,114,19,50,132,71,26,99,42,104,120,86,140,54,83
354,287,133,67,331,77,333,102,100,151,328,381,626,240,193,187,239,605,316,46,176,345,194,133,208,64,83,142,130,448,512,991,201,320,80,316,326,57,161,382,204,66,282,130,260,305,220,346,138,240
287,195,97,53,257,64,237,73,90,111,205,273,432,173,134,124,170,392,232,22,111,264,152,96,160,51,142,57,126,288,364,638,116,265,54,238,214,33,134,266,132,51,186,84,204,216,156,269,98,164
329,217,99,40,272,55,236,76,70,101,213,259,440,185,144,138,183,464,233,30,130,249,141,92,156,47,130,126,72,312,373,659,138,270,70,252,237,43,117,281,163,41,207,103,198,228,177,252,117,176
624,509,226,113,654,138,632,179,195,270,536,704,1122,393,354,370,443,1071,628,93,364,643,379,281,439,175,448,288,312,400,931,1777,341,594,155,659,611,112,279,669,414,117,451,218,495,624,403,669,236,456
715,675,289,112,764,152,736,225,233,289,597,804,1300,508,400,432,546,1308,763,95,439,797,437,265,490,195,512,364,373,931,549,2039,385,749,171,823,697,159,354,825,478,162,536,273,639,685,466,748,263,539
1233,1242,547,226,1421,286,1311,440,474,560,1214,1580,2382,900,729,818,986,2350,1445,161,809,1404,818,551,970,385,991,638,659,1777,2039,1861,718,1274,303,1510,1277,236,693,1512,908,296,1048,538,1112,1232,854,1394,467,921
249,213,102,46,285,46,277,75,93,129,241,285,445,194,159,177,209,463,300,28,171,297,163,114,184,92,201,116,138,341,385,718,70,257,66,307,249,46,109,299,179,60,191,91,228,259,191,258,97,188
473,387,186,89,490,109,477,132,178,195,394,551,879,335,263,272,344,820,462,54,267,488,316,205,310,119,320,265,270,594,749,1274,257,227,98,491,418,85,241,483,312,96,347,165,413,428,297,465,185,300
126,101,46,21,132,19,115,39,43,43,99,104,207,86,55,56,84,190,124,22,74,115,59,54,80,29,80,54,70,155,171,303,66,98,15,133,114,24,56,106,70,31,92,38,104,102,70,109,46,79
455,437,208,97,546,117,519,182,144,211,454,577,994,330,269,274,372,971,559,68,273,536,297,197,322,133,316,238,252,659,823,1510,307,491,133,266,508,100,253,576,350,103,389,194,433,503,343,593,226,338
473,401,176,78,456,88,416,152,148,219,404,494,815,329,248,254,358,826,505,58,255,490,312,195,317,114,326,214,237,611,697,1277,249,418,114,508,197,70,239,481,313,102,320,185,383,403,291,444,162,318
100,83,34,14,114,20,83,28,18,42,67,92,154,48,48,47,67,141,110,16,41,93,55,27,47,19,57,33,43,112,159,236,46,85,24,100,70,8,31,106,60,19,65,34,69,98,52,94,41,54
268,199,91,41,272,57,228,71,82,110,217,297,439,155,127,137,166,450,244,33,150,263,153,107,156,50,161,134,117,279,354,693,109,241,56,253,239,31,51,277,164,49,194,93,189,208,139,251,105,170
455,464,244,82,551,115,518,171,196,209,414,588,959,318,303,333,386,933,574,78,317,561,310,206,349,132,382,266,281,669,825,1512,299,483,106,576,481,106,277,289,348,107,357,197,443,485,329,499,175,368
308,285,148,53,330,75,306,96,116,124,269,359,556,208,184,210,234,591,332,35,180,329,209,132,224,71,204,132,163,414,478,908,179,312,70,350,313,60,164,348,108,72,249,139,256,342,199,348,138,219
121,78,41,17,123,24,117,30,36,52,111,103,189,75,49,62,76,197,112,14,49,114,61,46,72,26,66,51,41,117,162,296,60,96,31,103,102,19,49,107,72,12,87,37,88,93,59,108,45,75
379,314,166,60,376,77,376,107,118,151,331,436,674,235,200,225,270,642,380,54,231,386,224,154,259,99,282,186,207,451,536,1048,191,347,92,389,320,65,194,357,249,87,139,130,315,352,221,416,130,285
167,157,71,24,190,38,179,67,47,83,155,217,329,119,83,84,132,319,177,23,99,198,129,84,123,42,130,84,103,218,273,538,91,165,38,194,185,34,93,197,139,37,130,27,174,168,123,178,60,122
422,346,147,75,440,89,372,126,113,164,332,426,748,240,236,229,284,757,394,64,232,389,262,157,231,104,260,204,198,495,639,1112,228,413,104,433,383,69,189,443,256,88,315,174,151,362,262,423,157,302
457,430,177,67,431,101,428,143,136,184,365,517,822,260,236,259,340,788,479,47,259,468,300,178,304,120,305,216,228,624,685,1232,259,428,102,503,403,98,208,485,342,93,352,168,362,195,280,480,179,329
325,297,108,64,323,72,327,87,103,120,280,368,580,199,185,172,209,580,310,44,168,331,184,146,197,86,220,156,177,403,466,854,191,297,70,343,291,52,139,329,199,59,221,123,262,280,106,312,139,214
497,441,221,78,492,109,490,156,154,219,450,531,923,338,287,299,379,893,554,77,348,536,305,223,357,140,346,269,252,669,748,1394,258,465,109,593,444,94,251,499,348,108,416,178,423,480,312,252,169,354
166,167,70,40,181,36,199,64,68,89,168,189,319,120,104,112,123,311,177,28,109,181,109,80,117,54,138,98,117,236,263,467,97,185,46,226,162,41,105,175,138,45,130,60,157,179,139,169,40,114
361,277,149,58,338,72,345,104,124,145,308,360,630,257,211,192,254,629,344,45,200,344,215,142,204,83,240,164,176,456,539,921,188,300,79,338,318,54,170,368,219,75,285,122,302,329,214,354,114,122
