264,411,206,97,487,103,442,171,150,251,415,519,799,365,349,337,340,775,517,66,332,500,346,172,343,150,337,270,267,607,697,1130,244,455,95,510,439,73,263,455,335,94,347,185,407,413,336,502,154,355
411,183,194,81,455,99,440,114,142,173,386,463,791,282,244,262,326,766,449,51,241,440,269,171,258,107,290,219,215,563,650,1168,235,432,104,478,425,72,195,457,280,102,361,169,320,376,259,449,170,295
206,194,46,28,209,55,190,67,68,74,185,228,335,129,92,104,141,350,193,31,107,194,90,78,115,40,110,93,102,228,297,578,84,190,54,214,193,33,105,218,109,31,178,69,159,181,107,210,70,138
97,81,28,8,91,16,78,29,37,40,74,107,149,42,46,50,57,145,84,9,46,78,55,33,64,20,59,31,44,106,106,223,49,83,17,88,79,9,53,99,62,16,57,41,60,80,47,87,30,65
487,455,209,91,237,110,485,164,162,212,446,533,931,315,272,300,389,882,533,66,279,539,328,218,356,115,331,260,278,611,798,1445,289,476,117,556,485,84,279,558,340,115,365,232,385,462,356,513,191,391
103,99,55,16,110,9,90,33,37,54,103,126,198,72,48,60,88,184,115,20,64,115,73,42,75,26,80,57,62,134,172,303,66,110,27,109,117,15,58,109,65,22,81,34,71,103,74,111,25,70
442,440,190,78,485,90,215,142,167,179,446,548,834,329,208,253,356,866,483,60,297,470,270,193,322,114,327,231,247,637,745,1384,259,460,119,507,475,59,253,474,295,103,353,171,359,440,332,493,177,297
171,114,67,29,164,33,142,27,51,74,138,159,259,120,81,94,101,267,141,12,79,155,92,53,101,34,85,69,75,198,218,421,91,136,44,167,128,17,80,157,106,29,113,64,116,152,102,166,60,122
150,142,68,37,162,37,167,51,24,78,159,173,294,111,87,109,104,293,162,24,89,158,104,66,127,37,106,84,86,183,230,452,92,174,37,161,157,16,79,157,118,29,137,54,143,165,102,161,52,115
251,173,74,40,212,54,179,74,78,55,193,193,361,130,113,143,153,370,208,21,127,212,130,86,159,61,147,90,129,256,269,548,114,195,54,214,195,36,104,216,126,40,157,103,170,190,153,209,74,174
415,386,185,74,446,103,446,138,159,193,192,437,737,288,267,286,333,769,421,51,260,438,293,156,301,126,307,189,250,507,622,1145,225,397,111,455,409,60,235,430,251,110,312,174,357,382,302,458,187,298
519,463,228,107,533,126,548,159,173,193,437,292,1019,353,296,326,400,990,561,62,285,579,316,188,344,112,359,266,293,740,829,1578,295,531,139,611,544,91,261,542,357,120,422,197,460,545,321,576,213,379
799,791,335,149,931,198,834,259,294,361,737,1019,801,606,468,514,623,1465,926,112,499,903,561,361,602,228,611,439,478,1134,1375,2485,481,826,193,902,865,158,452,930,576,202,694,323,728,818,530,925,296,634
365,282,129,42,315,72,329,120,111,130,288,353,606,88,175,176,218,587,326,45,181,316,214,132,219,96,246,164,172,428,504,935,207,292,63,321,274,51,179,354,192,71,245,121,261,309,224,324,112,222
349,244,92,46,272,48,208,81,87,113,267,296,468,175,80,166,195,472,270,28,141,281,140,118,183,59,173,123,142,328,426,728,151,258,58,267,256,39,134,281,160,57,230,94,213,233,165,270,107,177
337,262,104,50,300,60,253,94,109,143,286,326,514,176,166,81,206,530,303,38,147,298,156,112,189,78,185,125,135,373,431,775,174,275,77,295,275,33,145,321,189,53,234,104,208,252,206,285,118,185
340,326,141,57,389,88,356,101,104,153,333,400,623,218,195,206,125,650,326,51,199,340,222,141,236,102,255,168,160,441,481,1011,206,336,82,351,326,46,181,386,238,56,280,127,287,328,240,397,124,222
775,766,350,145,882,184,866,267,293,370,769,990,1465,587,472,530,650,822,923,113,488,937,547,336,558,228,638,410,456,1065,1392,2426,463,826,190,895,835,157,440,949,581,187,658,331,733,788,568,928,324,647
517,449,193,84,533,115,483,141,162,208,421,561,926,326,270,303,326,923,259,47,279,473,315,196,320,132,333,257,235,638,771,1435,292,475,113,537,474,101,259,537,354,95,378,209,380,534,319,550,174,351
66,51,31,9,66,20,60,12,24,21,51,62,112,45,28,38,51,113,47,2,28,69,25,21,40,10,34,42,32,68,85,187,35,67,23,63,66,13,28,61,43,14,49,26,40,60,40,75,25,39
332,241,107,46,279,64,297,79,89,127,260,285,499,181,141,147,199,488,279,28,74,274,165,104,182,70,182,132,130,298,448,814,167,255,66,275,281,37,153,308,203,69,239,111,233,289,190,328,126,194
500,440,194,78,539,115,470,155,158,212,438,579,903,316,281,298,340,937,473,69,274,281,313,192,327,135,361,266,272,635,749,1435,283,482,113,559,464,93,261,519,331,104,438,187,386,474,321,535,187,366
346,269,90,55,328,73,270,92,104,130,293,316,561,214,140,156,222,547,315,25,165,313,99,110,182,80,212,143,149,367,479,849,179,285,65,292,287,52,146,308,186,61,243,101,240,283,194,305,111,229
172,171,78,33,218,42,193,53,66,86,156,188,361,132,118,112,141,336,196,21,104,192,110,41,127,67,141,105,88,259,315,573,119,183,37,214,185,22,93,203,115,41,152,69,166,165,142,209,82,125
343,258,115,64,356,75,322,101,127,159,301,344,602,219,183,189,236,558,320,40,182,327,182,127,105,84,213,154,171,423,522,950,186,322,81,312,330,46,153,340,216,77,286,101,255,326,175,361,121,239
150,107,40,20,115,26,114,34,37,61,126,112,228,96,59,78,102,228,132,10,70,135,80,67,84,16,81,45,56,142,200,375,68,113,36,123,126,13,70,134,64,30,110,48,100,122,80,144,47,85
337,290,110,59,331,80,327,85,106,147,307,359,611,246,173,185,255,638,333,34,182,361,212,141,213,81,116,131,185,427,509,964,185,304,89,340,336,50,161,390,223,77,276,117,294,294,209,397,112,232
270,219,93,31,260,57,231,69,84,90,189,266,439,164,123,125,168,410,257,42,132,266,143,105,154,45,131,55,134,289,325,618,129,220,51,227,212,38,100,251,168,35,190,78,163,186,144,256,97,159
267,215,102,44,278,62,247,75,86,129,250,293,478,172,142,135,160,456,235,32,130,272,149,88,171,56,185,134,65,314,374,733,157,247,66,237,245,32,117,284,167,52,208,82,214,217,182,274,114,183
607,563,228,106,611,134,637,198,183,256,507,740,1134,428,328,373,441,1065,638,68,298,635,367,259,423,142,427,289,314,416,934,1787,364,571,150,640,597,112,297,700,420,122,491,227,485,604,409,645,214,418
697,650,297,106,798,172,745,218,230,269,622,829,1375,504,426,431,481,1392,771,85,448,749,479,315,522,200,509,325,374,934,538,2107,435,707,165,788,666,138,365,787,501,164,567,289,615,719,499,785,259,517
1130,1168,578,223,1445,303,1384,421,452,548,1145,1578,2485,935,728,775,1011,2426,1435,187,814,1435,849,573,950,375,964,618,733,1787,2107,1901,677,1314,316,1472,1310,229,686,1430,918,280,1051,527,1132,1304,935,1383,487,942
244,235,84,49,289,66,259,91,92,114,225,295,481,207,151,174,206,463,292,35,167,283,179,119,186,68,185,129,157,364,435,677,62,257,68,279,257,46,148,304,172,66,197,96,250,262,206,250,93,204
455,432,190,83,476,110,460,136,174,195,397,531,826,292,258,275,336,826,475,67,255,482,285,183,322,113,304,220,247,571,707,1314,257,230,131,440,428,76,248,503,299,94,377,191,386,405,309,485,191,329
95,104,54,17,117,27,119,44,37,54,111,139,193,63,58,77,82,190,113,23,66,113,65,37,81,36,89,51,66,150,165,316,68,131,15,113,117,17,74,122,64,26,93,42,104,110,63,116,35,72
510,478,214,88,556,109,507,167,161,214,455,611,902,321,267,295,351,895,537,63,275,559,292,214,312,123,340,227,237,640,788,1472,279,440,113,288,511,81,270,581,343,104,391,194,428,489,343,553,174,317
439,425,193,79,485,117,475,128,157,195,409,544,865,274,256,275,326,835,474,66,281,464,287,185,330,126,336,212,245,597,666,1310,257,428,117,511,229,79,224,488,323,111,366,168,406,430,312,491,167,333
73,72,33,9,84,15,59,17,16,36,60,91,158,51,39,33,46,157,101,13,37,93,52,22,46,13,50,38,32,112,138,229,46,76,17,81,79,9,27,84,44,13,85,27,57,69,55,82,33,57
263,195,105,53,279,58,253,80,79,104,235,261,452,179,134,145,181,440,259,28,153,261,146,93,153,70,161,100,117,297,365,686,148,248,74,270,224,27,75,271,164,55,206,92,177,237,164,241,89,177
455,457,218,99,558,109,474,157,157,216,430,542,930,354,281,321,386,949,537,61,308,519,308,203,340,134,390,251,284,700,787,1430,304,503,122,581,488,84,271,273,344,113,391,218,390,468,365,559,190,346
335,280,109,62,340,65,295,106,118,126,251,357,576,192,160,189,238,581,354,43,203,331,186,115,216,64,223,168,167,420,501,918,172,299,64,343,323,44,164,344,101,78,256,139,277,285,221,349,132,215
94,102,31,16,115,22,103,29,29,40,110,120,202,71,57,53,56,187,95,14,69,104,61,41,77,30,77,35,52,122,164,280,66,94,26,104,111,13,55,113,78,10,71,40,98,105,63,97,41,78
347,361,178,57,365,81,353,113,137,157,312,422,694,245,230,234,280,658,378,49,239,438,243,152,286,110,276,190,208,491,567,1051,197,377,93,391,366,85,206,391,256,71,124,143,305,395,262,376,157,256
185,169,69,41,232,34,171,64,54,103,174,197,323,121,94,104,127,331,209,26,111,187,101,69,101,48,117,78,82,227,289,527,96,191,42,194,168,27,92,218,139,40,143,25,150,175,110,195,65,153
407,320,159,60,385,71,359,116,143,170,357,460,728,261,213,208,287,733,380,40,233,386,240,166,255,100,294,163,214,485,615,1132,250,386,104,428,406,57,177,390,277,98,305,150,179,372,246,405,170,293
413,376,181,80,462,103,440,152,165,190,382,545,818,309,233,252,328,788,534,60,289,474,283,165,326,122,294,186,217,604,719,1304,262,405,110,489,430,69,237,468,285,105,395,175,372,231,290,498,177,314
336,259,107,47,356,74,332,102,102,153,302,321,530,224,165,206,240,568,319,40,190,321,194,142,175,80,209,144,182,409,499,935,206,309,63,343,312,55,164,365,221,63,262,110,246,290,98,303,121,259
502,449,210,87,513,111,493,166,161,209,458,576,925,324,270,285,397,928,550,75,328,535,305,209,361,144,397,256,274,645,785,1383,250,485,116,553,491,82,241,559,349,97,376,195,405,498,303,271,197,386
154,170,70,30,191,25,177,60,52,74,187,213,296,112,107,118,124,324,174,25,126,187,111,82,121,47,112,97,114,214,259,487,93,191,35,174,167,33,89,190,132,41,157,65,170,177,121,197,34,123
355,295,138,65,391,70,297,122,115,174,298,379,634,222,177,185,222,647,351,39,194,366,229,125,239,85,232,159,183,418,517,942,204,329,72,317,333,57,177,346,215,78,256,153,293,314,259,386,123,123
