293,464,217,99,504,114,514,185,167,248,456,515,833,389,315,341,396,820,575,81,325,557,350,222,403,140,373,285,321,626,738,1270,255,489,114,554,484,98,251,475,342,100,372,184,451,407,332,520,183,374
464,169,161,73,474,95,402,125,144,200,384,507,816,271,223,234,321,841,422,63,246,437,257,182,290,118,282,182,206,536,648,1224,229,400,125,426,411,81,220,446,305,86,329,172,346,446,298,442,182,299
217,161,45,31,205,48,192,66,60,86,162,206,364,117,112,121,164,349,216,19,103,206,102,66,113,42,119,96,93,234,304,537,112,181,47,208,184,37,109,233,111,40,152,75,159,177,107,214,78,116
99,73,31,10,72,24,88,28,19,27,58,87,139,65,42,53,46,126,91,14,51,81,44,25,51,32,60,49,49,106,101,205,33,84,16,101,86,14,41,74,61,22,70,34,76,71,45,83,22,62
504,474,205,72,254,108,496,157,172,202,407,607,913,299,238,245,379,883,512,80,272,509,256,203,331,138,335,254,241,607,778,1435,282,475,119,587,465,86,235,556,376,122,395,188,380,499,297,532,224,327
114,95,48,24,108,15,112,40,37,48,81,124,174,88,61,60,56,197,110,15,72,94,68,47,77,27,86,59,51,155,164,278,55,113,30,122,105,16,52,102,79,28,78,48,90,109,63,113,34,85
514,402,192,88,496,112,244,154,158,201,432,568,897,301,241,272,332,885,516,68,266,485,291,183,318,139,357,235,256,636,753,1324,274,469,119,527,451,74,248,497,309,115,382,189,393,464,308,481,173,342
185,125,66,28,157,40,154,24,50,73,136,166,271,93,72,68,131,265,166,15,86,147,91,56,111,33,109,82,80,183,236,404,80,149,39,154,137,24,73,164,103,25,108,56,125,129,69,142,63,111
167,144,60,19,172,37,158,50,24,78,153,163,293,117,84,89,115,295,176,20,98,181,87,62,104,36,99,79,77,224,253,472,91,166,30,160,151,28,104,201,113,38,124,58,115,147,130,182,61,96
248,200,86,27,202,48,201,73,78,42,160,235,374,135,120,125,157,351,191,28,101,221,135,91,144,42,136,101,107,256,313,568,124,217,51,188,213,38,120,211,127,46,153,85,167,199,151,199,70,137
456,384,162,58,407,81,432,136,153,160,187,484,764,295,230,265,328,739,480,56,240,477,267,180,298,109,287,205,197,562,669,1176,226,424,87,453,391,65,224,422,268,94,291,143,341,365,277,445,152,300
515,507,206,87,607,124,568,166,163,235,484,316,1024,357,293,301,409,1013,580,61,270,572,336,232,373,129,367,254,269,700,870,1636,309,551,131,562,545,88,302,671,389,93,439,192,496,513,374,622,227,381
833,816,364,139,913,174,897,271,293,374,764,1024,783,570,436,549,648,1466,908,109,506,933,585,363,616,230,635,428,476,1109,1351,2507,485,832,201,954,813,138,467,1011,648,197,696,318,728,873,575,917,340,635
389,271,117,65,299,88,301,93,117,135,295,357,570,106,142,181,248,578,330,50,170,345,195,139,214,91,226,153,165,382,510,933,157,324,83,336,328,49,153,354,184,76,267,125,236,311,215,352,124,228
315,223,112,42,238,61,241,72,84,120,230,293,436,142,65,138,194,451,280,30,171,289,135,115,153,59,170,141,125,290,397,713,125,255,68,256,279,45,133,274,176,53,199,95,181,226,158,287,96,165
341,234,121,53,245,60,272,68,89,125,265,301,549,181,138,83,194,532,294,26,176,303,175,108,194,62,192,120,134,298,429,823,176,260,60,295,280,44,138,287,167,62,209,113,232,261,184,293,123,199
396,321,164,46,379,56,332,131,115,157,328,409,648,248,194,194,128,681,381,46,215,382,201,139,251,91,242,175,162,476,557,1008,195,338,69,365,306,51,186,384,254,67,248,142,269,344,232,368,142,231
820,841,349,126,883,197,885,265,295,351,739,1013,1466,578,451,532,681,808,878,116,513,942,562,361,607,207,609,408,439,1135,1375,2542,512,846,215,976,830,156,470,1003,641,190,685,343,716,865,595,907,336,602
575,422,216,91,512,110,516,166,176,191,480,580,908,330,280,294,381,878,248,68,252,481,295,194,327,131,335,223,261,627,756,1435,291,520,116,611,485,79,249,556,361,117,387,190,430,474,312,532,199,335
81,63,19,14,80,15,68,15,20,28,56,61,109,50,30,26,46,116,68,3,26,76,27,42,31,18,45,24,27,78,106,186,33,55,14,67,80,11,25,67,53,8,53,19,64,54,31,68,25,46
325,246,103,51,272,72,266,86,98,101,240,270,506,170,171,176,215,513,252,26,76,282,179,117,191,73,189,147,134,335,462,814,161,252,55,307,276,51,137,309,181,57,225,92,235,246,178,271,125,182
557,437,206,81,509,94,485,147,181,221,477,572,933,345,289,303,382,942,481,76,282,253,302,208,340,143,366,228,261,627,736,1443,272,490,113,571,472,83,252,527,352,117,410,173,428,492,335,521,179,384
350,257,102,44,256,68,291,91,87,135,267,336,585,195,135,175,201,562,295,27,179,302,89,126,203,85,195,136,152,360,463,849,157,267,76,288,294,44,154,306,175,52,242,122,240,256,190,317,108,211
222,182,66,25,203,47,183,56,62,91,180,232,363,139,115,108,139,361,194,42,117,208,126,47,138,54,145,85,108,255,287,583,120,167,47,201,179,35,108,237,139,56,166,67,163,186,132,210,72,141
403,290,113,51,331,77,318,111,104,144,298,373,616,214,153,194,251,607,327,31,191,340,203,138,107,81,208,158,152,428,502,968,160,338,82,361,316,64,172,371,235,66,266,124,252,301,214,349,129,233
140,118,42,32,138,27,139,33,36,42,109,129,230,91,59,62,91,207,131,18,73,143,85,54,81,24,96,76,75,154,208,367,69,125,30,137,123,21,56,136,83,26,103,53,114,137,82,163,47,89
373,282,119,60,335,86,357,109,99,136,287,367,635,226,170,192,242,609,335,45,189,366,195,145,208,96,129,170,189,438,526,954,200,320,83,388,345,57,165,362,213,87,282,113,272,327,194,391,125,224
285,182,96,49,254,59,235,82,79,101,205,254,428,153,141,120,175,408,223,24,147,228,136,85,158,76,170,54,91,296,337,610,128,226,60,238,242,41,113,274,153,50,207,87,184,217,137,240,94,154
321,206,93,49,241,51,256,80,77,107,197,269,476,165,125,134,162,439,261,27,134,261,152,108,152,75,189,91,75,286,366,693,144,242,56,287,280,40,124,250,157,55,200,102,226,225,150,262,102,193
626,536,234,106,607,155,636,183,224,256,562,700,1109,382,290,298,476,1135,627,78,335,627,360,255,428,154,438,296,286,405,984,1839,326,618,153,687,617,94,324,685,403,119,501,257,490,632,381,642,265,406
738,648,304,101,778,164,753,236,253,313,669,870,1351,510,397,429,557,1375,756,106,462,736,463,287,502,208,526,337,366,984,614,2150,440,681,173,849,677,134,391,815,532,169,565,287,624,680,525,753,267,495
1270,1224,537,205,1435,278,1324,404,472,568,1176,1636,2507,933,713,823,1008,2542,1435,186,814,1443,849,583,968,367,954,610,693,1839,2150,2008,802,1324,340,1506,1321,250,672,1553,955,278,1083,528,1145,1356,906,1407,503,942
255,229,112,33,282,55,274,80,91,124,226,309,485,157,125,176,195,512,291,33,161,272,157,120,160,69,200,128,144,326,440,802,67,242,77,314,264,41,154,324,175,59,213,97,191,243,167,265,92,185
489,400,181,84,475,113,469,149,166,217,424,551,832,324,255,260,338,846,520,55,252,490,267,167,338,125,320,226,242,618,681,1324,242,251,107,526,465,73,228,489,302,92,404,215,400,459,291,491,186,356
114,125,47,16,119,30,119,39,30,51,87,131,201,83,68,60,69,215,116,14,55,113,76,47,82,30,83,60,56,153,173,340,77,107,11,112,108,24,66,146,75,38,94,39,91,109,71,119,46,75
554,426,208,101,587,122,527,154,160,188,453,562,954,336,256,295,365,976,611,67,307,571,288,201,361,137,388,238,287,687,849,1506,314,526,112,303,518,84,230,565,356,124,376,181,446,495,332,551,196,348
484,411,184,86,465,105,451,137,151,213,391,545,813,328,279,280,306,830,485,80,276,472,294,179,316,123,345,242,280,617,677,1321,264,465,108,518,235,66,230,483,335,90,376,170,434,447,318,498,186,327
98,81,37,14,86,16,74,24,28,38,65,88,138,49,45,44,51,156,79,11,51,83,44,35,64,21,57,41,40,94,134,250,41,73,24,84,66,4,37,82,48,13,55,41,75,77,47,74,31,58
251,220,109,41,235,52,248,73,104,120,224,302,467,153,133,138,186,470,249,25,137,252,154,108,172,56,165,113,124,324,391,672,154,228,66,230,230,37,53,265,176,51,174,99,202,230,154,258,99,159
475,446,233,74,556,102,497,164,201,211,422,671,1011,354,274,287,384,1003,556,67,309,527,306,237,371,136,362,274,250,685,815,1553,324,489,146,565,483,82,265,280,381,115,401,211,431,505,338,572,222,369
342,305,111,61,376,79,309,103,113,127,268,389,648,184,176,167,254,641,361,53,181,352,175,139,235,83,213,153,157,403,532,955,175,302,75,356,335,48,176,381,133,69,245,129,269,317,215,341,137,218
100,86,40,22,122,28,115,25,38,46,94,93,197,76,53,62,67,190,117,8,57,117,52,56,66,26,87,50,55,119,169,278,59,92,38,124,90,13,51,115,69,12,75,41,93,99,74,107,51,76
372,329,152,70,395,78,382,108,124,153,291,439,696,267,199,209,248,685,387,53,225,410,242,166,266,103,282,207,200,501,565,1083,213,404,94,376,376,55,174,401,245,75,148,135,324,348,248,375,137,261
184,172,75,34,188,48,189,56,58,85,143,192,318,125,95,113,142,343,190,19,92,173,122,67,124,53,113,87,102,257,287,528,97,215,39,181,170,41,99,211,129,41,135,39,149,167,130,209,70,131
451,346,159,76,380,90,393,125,115,167,341,496,728,236,181,232,269,716,430,64,235,428,240,163,252,114,272,184,226,490,624,1145,191,400,91,446,434,75,202,431,269,93,324,149,147,370,236,438,137,276
407,446,177,71,499,109,464,129,147,199,365,513,873,311,226,261,344,865,474,54,246,492,256,186,301,137,327,217,225,632,680,1356,243,459,109,495,447,77,230,505,317,99,348,167,370,208,301,429,160,281
332,298,107,45,297,63,308,69,130,151,277,374,575,215,158,184,232,595,312,31,178,335,190,132,214,82,194,137,150,381,525,906,167,291,71,332,318,47,154,338,215,74,248,130,236,301,114,319,129,207
520,442,214,83,532,113,481,142,182,199,445,622,917,352,287,293,368,907,532,68,271,521,317,210,349,163,391,240,262,642,753,1407,265,491,119,551,498,74,258,572,341,107,375,209,438,429,319,228,195,328
183,182,78,22,224,34,173,63,61,70,152,227,340,124,96,123,142,336,199,25,125,179,108,72,129,47,125,94,102,265,267,503,92,186,46,196,186,31,99,222,137,51,137,70,137,160,129,195,35,124
374,299,116,62,327,85,342,111,96,137,300,381,635,228,165,199,231,602,335,46,182,384,211,141,233,89,224,154,193,406,495,942,185,356,75,348,327,58,159,369,218,76,261,131,276,281,207,328,124,99
