244,478,209,101,526,104,443,181,174,242,470,498,799,371,319,352,329,816,495,69,316,505,354,190,340,128,329,272,286,607,703,1190,260,492,100,474,463,86,265,443,317,100,340,165,395,401,326,493,163,369
478,193,153,79,431,106,427,144,138,191,346,506,762,309,211,223,322,768,403,52,239,442,253,194,257,116,282,207,213,525,673,1229,210,438,104,464,426,72,222,450,286,88,328,150,341,387,243,451,147,307
209,153,34,43,210,47,217,55,63,76,156,209,341,113,105,118,126,383,192,25,116,229,107,68,131,50,118,107,105,247,305,565,126,194,44,167,182,25,81,224,139,51,160,78,153,167,120,217,68,127
101,79,43,3,80,9,71,14,18,37,71,114,145,57,54,54,71,142,111,12,51,99,52,33,54,23,63,43,44,89,129,227,38,69,20,85,69,8,41,94,45,20,77,33,62,72,48,81,27,79
526,431,210,80,238,129,482,130,170,211,410,582,901,335,264,292,388,924,512,66,300,525,303,198,357,129,316,205,280,635,793,1449,255,495,110,603,458,78,237,515,315,96,360,201,433,466,331,517,189,326
104,106,47,9,129,8,88,26,25,46,96,134,216,87,75,72,78,192,123,19,68,120,74,47,79,33,90,47,50,130,162,277,72,82,24,120,88,17,53,92,65,27,80,35,101,103,81,108,39,94
443,427,217,71,482,88,210,160,144,195,416,538,875,322,263,283,338,853,510,70,270,477,285,189,314,124,340,236,250,597,764,1327,239,419,113,504,427,74,229,494,295,102,379,164,382,433,305,476,169,353
181,144,55,14,130,26,160,14,48,60,125,169,271,81,82,73,104,276,149,24,80,152,82,58,97,43,99,75,61,183,200,423,66,113,34,142,137,25,71,145,100,24,112,63,120,130,105,169,53,113
174,138,63,18,170,25,144,48,22,59,138,177,299,105,81,90,112,274,156,28,97,167,98,71,102,39,103,69,88,199,264,471,85,152,47,150,154,25,85,170,113,38,113,79,147,161,94,179,55,114
242,191,76,37,211,46,195,60,59,50,181,233,354,135,100,118,158,379,218,28,120,218,112,89,154,55,142,110,132,251,301,552,89,199,58,199,192,37,99,233,141,36,162,71,196,191,129,211,84,160
470,346,156,71,410,96,416,125,138,181,203,472,737,275,204,235,315,708,430,46,253,430,255,171,318,111,313,196,225,517,595,1085,215,414,92,471,375,69,211,467,280,106,297,160,373,348,265,454,157,310
498,506,209,114,582,134,538,169,177,233,472,293,976,356,296,328,400,1015,539,72,297,555,324,240,350,124,364,251,305,689,828,1593,304,476,114,587,499,91,272,628,369,112,431,197,430,517,367,559,202,368
799,762,341,145,901,216,875,271,299,354,737,976,770,598,471,528,619,1436,968,115,515,903,551,366,598,235,621,424,504,1118,1306,2396,486,846,204,976,824,154,469,963,602,212,700,353,752,844,570,886,306,597
371,309,113,57,335,87,322,81,105,135,275,356,598,105,174,196,234,603,320,41,167,339,182,127,242,70,227,149,174,399,495,935,178,326,78,326,344,49,174,327,209,74,270,103,257,309,191,370,135,221
319,211,105,54,264,75,263,82,81,100,204,296,471,174,71,117,190,471,290,37,163,284,152,100,169,68,166,125,138,324,408,741,128,263,48,274,280,42,134,267,172,60,205,115,218,271,169,288,99,177
352,223,118,54,292,72,283,73,90,118,235,328,528,196,117,57,203,540,313,37,163,303,159,118,204,75,187,126,153,362,467,859,151,276,65,258,290,33,127,293,174,52,211,119,237,279,166,294,127,196
329,322,126,71,388,78,338,104,112,158,315,400,619,234,190,203,139,616,373,56,183,355,241,156,261,92,242,151,179,428,527,1018,165,342,80,355,327,48,194,352,247,76,256,144,293,313,247,379,142,240
816,768,383,142,924,192,853,276,274,379,708,1015,1436,603,471,540,616,783,894,105,502,895,522,368,571,214,581,437,494,1091,1293,2408,465,853,215,951,857,170,460,933,599,184,637,343,736,822,549,893,316,614
495,403,192,111,512,123,510,149,156,218,430,539,968,320,290,313,373,894,266,58,284,474,308,222,302,131,356,214,231,640,755,1438,275,448,118,536,473,85,285,521,318,120,395,205,425,450,333,574,197,326
69,52,25,12,66,19,70,24,28,28,46,72,115,41,37,37,56,105,58,5,34,68,46,25,35,10,31,37,31,60,95,172,40,77,17,60,53,14,39,72,29,6,46,30,53,63,38,69,28,40
316,239,116,51,300,68,270,80,97,120,253,297,515,167,163,163,183,502,284,34,66,273,164,97,165,49,155,140,117,343,436,797,142,263,80,322,279,40,122,283,188,53,234,103,202,263,205,288,130,162
505,442,229,99,525,120,477,152,167,218,430,555,903,339,284,303,355,895,474,68,273,256,321,223,361,130,351,239,250,605,773,1361,258,464,121,540,464,76,251,523,330,112,377,194,399,486,333,527,182,359
354,253,107,52,303,74,285,82,98,112,255,324,551,182,152,159,241,522,308,46,164,321,88,115,197,83,210,124,138,367,466,820,144,252,61,345,278,43,149,323,192,70,221,105,229,279,191,317,96,195
190,194,68,33,198,47,189,58,71,89,171,240,366,127,100,118,156,368,222,25,97,223,115,41,134,56,130,81,103,272,284,561,103,202,50,212,202,34,97,210,128,30,155,64,160,192,111,215,74,160
340,257,131,54,357,79,314,97,102,154,318,350,598,242,169,204,261,571,302,35,165,361,197,134,91,85,225,169,173,430,532,902,175,315,88,357,330,59,160,374,211,80,267,137,256,322,200,326,130,247
128,116,50,23,129,33,124,43,39,55,111,124,235,70,68,75,92,214,131,10,49,130,83,56,85,13,57,57,64,149,199,369,75,121,23,132,123,20,62,154,92,27,106,46,116,126,73,123,43,89
329,282,118,63,316,90,340,99,103,142,313,364,621,227,166,187,242,581,356,31,155,351,210,130,225,57,100,151,170,449,558,963,180,336,57,368,314,48,161,401,243,75,293,112,268,282,182,377,127,226
272,207,107,43,205,47,236,75,69,110,196,251,424,149,125,126,151,437,214,37,140,239,124,81,169,57,151,50,120,300,351,668,141,204,40,222,200,46,123,235,153,46,169,69,204,235,148,273,83,159
286,213,105,44,280,50,250,61,88,132,225,305,504,174,138,153,179,494,231,31,117,250,138,103,173,64,170,120,60,311,389,721,136,238,60,242,234,44,104,284,153,51,212,87,196,213,161,269,87,189
607,525,247,89,635,130,597,183,199,251,517,689,1118,399,324,362,428,1091,640,60,343,605,367,272,430,149,449,300,311,401,965,1766,327,591,137,655,583,110,321,685,404,104,477,235,546,592,390,616,238,452
703,673,305,129,793,162,764,200,264,301,595,828,1306,495,408,467,527,1293,755,95,436,773,466,284,532,199,558,351,389,965,561,2025,368,727,169,814,679,129,363,770,530,180,548,320,616,653,482,772,282,505
1190,1229,565,227,1449,277,1327,423,471,552,1085,1593,2396,935,741,859,1018,2408,1438,172,797,1361,820,561,902,369,963,668,721,1766,2025,1897,702,1308,302,1514,1304,238,698,1446,956,285,1055,523,1136,1198,869,1449,472,918
260,210,126,38,255,72,239,66,85,89,215,304,486,178,128,151,165,465,275,40,142,258,144,103,175,75,180,141,136,327,368,702,66,243,59,281,247,44,126,268,174,63,214,102,211,227,162,254,91,162
492,438,194,69,495,82,419,113,152,199,414,476,846,326,263,276,342,853,448,77,263,464,252,202,315,121,336,204,238,591,727,1308,243,210,120,481,419,71,230,497,298,100,361,164,357,442,304,489,159,309
100,104,44,20,110,24,113,34,47,58,92,114,204,78,48,65,80,215,118,17,80,121,61,50,88,23,57,40,60,137,169,302,59,120,14,120,95,19,57,123,58,34,89,48,97,125,70,121,45,70
474,464,167,85,603,120,504,142,150,199,471,587,976,326,274,258,355,951,536,60,322,540,345,212,357,132,368,222,242,655,814,1514,281,481,120,274,482,84,273,546,367,100,389,185,403,488,356,534,195,335
463,426,182,69,458,88,427,137,154,192,375,499,824,344,280,290,327,857,473,53,279,464,278,202,330,123,314,200,234,583,679,1304,247,419,95,482,226,65,230,466,275,90,360,174,409,444,302,512,161,320
86,72,25,8,78,17,74,25,25,37,69,91,154,49,42,33,48,170,85,14,40,76,43,34,59,20,48,46,44,110,129,238,44,71,19,84,65,4,31,101,66,18,67,33,60,89,58,99,36,53
265,222,81,41,237,53,229,71,85,99,211,272,469,174,134,127,194,460,285,39,122,251,149,97,160,62,161,123,104,321,363,698,126,230,57,273,230,31,54,248,182,44,186,89,192,232,173,265,94,160
443,450,224,94,515,92,494,145,170,233,467,628,963,327,267,293,352,933,521,72,283,523,323,210,374,154,401,235,284,685,770,1446,268,497,123,546,466,101,248,311,349,102,373,209,452,491,350,499,182,362
317,286,139,45,315,65,295,100,113,141,280,369,602,209,172,174,247,599,318,29,188,330,192,128,211,92,243,153,153,404,530,956,174,298,58,367,275,66,182,349,103,80,258,113,278,300,224,339,116,222
100,88,51,20,96,27,102,24,38,36,106,112,212,74,60,52,76,184,120,6,53,112,70,30,80,27,75,46,51,104,180,285,63,100,34,100,90,18,44,102,80,12,73,28,88,97,76,113,46,84
340,328,160,77,360,80,379,112,113,162,297,431,700,270,205,211,256,637,395,46,234,377,221,155,267,106,293,169,212,477,548,1055,214,361,89,389,360,67,186,373,258,73,140,141,303,340,225,351,152,262
165,150,78,33,201,35,164,63,79,71,160,197,353,103,115,119,144,343,205,30,103,194,105,64,137,46,112,69,87,235,320,523,102,164,48,185,174,33,89,209,113,28,141,33,167,187,111,183,65,128
395,341,153,62,433,101,382,120,147,196,373,430,752,257,218,237,293,736,425,53,202,399,229,160,256,116,268,204,196,546,616,1136,211,357,97,403,409,60,192,452,278,88,303,167,164,378,248,413,148,310
401,387,167,72,466,103,433,130,161,191,348,517,844,309,271,279,313,822,450,63,263,486,279,192,322,126,282,235,213,592,653,1198,227,442,125,488,444,89,232,491,300,97,340,187,378,213,303,481,185,263
326,243,120,48,331,81,305,105,94,129,265,367,570,191,169,166,247,549,333,38,205,333,191,111,200,73,182,148,161,390,482,869,162,304,70,356,302,58,173,350,224,76,225,111,248,303,100,337,100,242
493,451,217,81,517,108,476,169,179,211,454,559,886,370,288,294,379,893,574,69,288,527,317,215,326,123,377,273,269,616,772,1449,254,489,121,534,512,99,265,499,339,113,351,183,413,481,337,255,197,369
163,147,68,27,189,39,169,53,55,84,157,202,306,135,99,127,142,316,197,28,130,182,96,74,130,43,127,83,87,238,282,472,91,159,45,195,161,36,94,182,116,46,152,65,148,185,100,197,24,116
369,307,127,79,326,94,353,113,114,160,310,368,597,221,177,196,240,614,326,40,162,359,195,160,247,89,226,159,189,452,505,918,162,309,70,335,320,53,160,362,222,84,262,128,310,263,242,369,116,108
