261,422,208,99,541,107,463,172,173,233,468,527,807,391,310,345,375,817,529,76,318,522,365,207,389,158,381,272,305,627,722,1115,227,495,122,526,464,77,263,488,313,107,408,173,426,446,346,515,178,387
422,175,153,68,444,101,423,116,132,176,381,507,753,296,209,220,274,773,455,62,190,469,247,176,255,99,273,234,208,531,668,1262,240,378,99,443,403,80,206,494,296,70,374,157,350,422,261,466,178,273
208,153,40,38,190,55,210,58,57,88,159,236,358,117,92,96,128,340,210,22,91,221,120,68,131,39,115,94,100,196,258,539,103,173,51,210,171,37,101,202,153,53,142,74,154,178,140,201,88,129
99,68,38,5,81,20,80,16,32,41,63,93,151,54,51,59,55,165,81,11,47,84,51,44,49,25,49,47,44,121,108,202,46,68,21,89,70,10,44,79,53,13,57,26,72,74,59,79,33,63
541,444,190,81,252,101,459,128,156,215,402,589,956,332,246,244,381,991,527,65,299,531,318,215,324,158,376,236,251,662,786,1465,283,465,122,551,453,70,255,527,305,94,363,193,404,417,339,514,204,355
107,101,55,20,101,16,102,28,42,46,88,135,174,67,56,63,84,199,130,18,52,112,62,43,74,23,68,59,60,141,147,282,55,120,26,121,102,15,50,139,77,16,72,38,87,115,62,115,54,78
463,423,210,80,459,102,224,128,177,210,410,545,877,260,246,271,356,872,491,59,268,484,270,189,291,115,315,234,253,592,724,1278,263,460,113,510,415,85,224,489,339,86,374,171,360,464,296,470,192,308
172,116,58,16,128,28,128,30,45,69,145,152,230,91,100,86,123,265,180,18,91,165,96,58,95,33,116,78,77,184,237,407,95,122,44,162,122,21,80,168,121,39,112,61,119,124,101,139,59,103
173,132,57,32,156,42,177,45,19,70,165,174,321,129,75,94,128,309,163,17,99,178,105,66,91,42,116,80,93,208,228,470,81,143,35,169,156,32,98,175,116,42,123,65,152,131,113,193,71,108
233,176,88,41,215,46,210,69,70,32,161,214,358,147,118,133,150,354,212,26,124,244,128,69,147,63,153,98,92,236,300,541,93,204,49,220,198,38,109,207,148,31,142,73,152,192,130,208,83,168
468,381,159,63,402,88,410,145,165,161,192,453,763,280,238,226,315,740,446,54,243,438,263,140,275,95,274,186,198,548,667,1142,227,382,99,475,393,67,229,450,282,84,302,153,342,420,269,423,177,297
527,507,236,93,589,135,545,152,174,214,453,325,1093,355,281,317,384,1075,577,65,304,575,338,216,343,141,380,270,236,712,861,1671,330,574,124,564,519,99,278,608,357,113,444,222,445,506,353,609,210,374
807,753,358,151,956,174,877,230,321,358,763,1093,855,571,430,520,635,1543,917,127,477,938,533,348,622,210,602,403,457,1119,1372,2498,464,882,218,993,858,166,423,932,608,170,717,386,759,872,584,911,344,615
391,296,117,54,332,67,260,91,129,147,280,355,571,108,165,182,251,581,307,36,165,347,197,121,208,83,214,149,152,397,476,888,171,317,85,345,305,52,175,334,195,65,234,108,217,290,210,325,145,219
310,209,92,51,246,56,246,100,75,118,238,281,430,165,71,134,196,449,277,26,148,291,149,113,213,58,161,128,143,313,378,719,140,238,53,283,229,53,120,263,194,54,181,78,214,244,159,272,94,186
345,220,96,59,244,63,271,86,94,133,226,317,520,182,134,67,201,509,281,24,149,292,155,113,208,67,173,137,135,360,426,799,147,278,56,307,271,49,121,308,209,44,202,111,238,266,171,298,106,190
375,274,128,55,381,84,356,123,128,150,315,384,635,251,196,201,130,669,362,38,214,355,199,144,242,104,261,179,172,473,545,1006,199,350,85,353,357,54,178,379,256,94,297,139,295,326,250,396,153,274
817,773,340,165,991,199,872,265,309,354,740,1075,1543,581,449,509,669,845,956,105,510,983,551,351,611,241,628,413,426,1163,1367,2474,460,911,203,1001,853,167,462,971,649,190,702,355,756,912,592,909,323,617
529,455,210,81,527,130,491,180,163,212,446,577,917,307,277,281,362,956,281,65,273,481,298,185,336,148,355,245,247,668,757,1400,262,504,117,539,453,80,259,587,322,96,386,179,382,462,332,544,174,365
76,62,22,11,65,18,59,18,17,26,54,65,127,36,26,24,38,105,65,4,26,67,43,27,37,18,36,22,23,85,108,169,39,39,13,67,55,9,45,77,41,14,61,23,52,65,46,79,24,50
318,190,91,47,299,52,268,91,99,124,243,304,477,165,148,149,214,510,273,26,58,293,159,109,153,63,169,123,132,342,370,762,139,270,62,292,252,54,126,292,162,56,218,99,202,252,170,300,100,176
522,469,221,84,531,112,484,165,178,244,438,575,938,347,291,292,355,983,481,67,293,250,290,194,332,129,351,241,246,670,751,1428,252,502,142,547,469,83,241,543,333,108,368,192,348,482,321,526,190,348
365,247,120,51,318,62,270,96,105,128,263,338,533,197,149,155,199,551,298,43,159,290,85,109,194,70,189,153,146,354,463,865,165,304,71,307,262,50,132,284,181,55,232,96,242,292,180,335,111,210
207,176,68,44,215,43,189,58,66,69,140,216,348,121,113,113,144,351,185,27,109,194,109,40,118,48,123,101,95,240,296,581,121,185,57,209,200,36,103,227,144,36,141,61,159,182,111,188,91,130
389,255,131,49,324,74,291,95,91,147,275,343,622,208,213,208,242,611,336,37,153,332,194,118,115,70,210,150,176,415,509,968,191,305,84,357,309,52,171,350,234,73,244,124,261,306,218,338,133,235
158,99,39,25,158,23,115,33,42,63,95,141,210,83,58,67,104,241,148,18,63,129,70,48,70,6,65,58,60,156,192,378,63,115,27,138,107,17,61,156,83,26,93,41,104,129,84,129,54,89
381,273,115,49,376,68,315,116,116,153,274,380,602,214,161,173,261,628,355,36,169,351,189,123,210,65,97,147,166,447,491,966,190,314,86,353,292,59,171,386,248,73,256,106,278,328,214,343,138,232
272,234,94,47,236,59,234,78,80,98,186,270,403,149,128,137,179,413,245,22,123,241,153,101,150,58,147,45,95,264,329,642,129,231,61,266,225,45,131,251,156,37,177,83,179,232,142,260,112,155
305,208,100,44,251,60,253,77,93,92,198,236,457,152,143,135,172,426,247,23,132,246,146,95,176,60,166,95,67,272,358,730,134,242,57,257,246,43,121,297,156,51,185,98,218,247,156,255,110,170
627,531,196,121,662,141,592,184,208,236,548,712,1119,397,313,360,473,1163,668,85,342,670,354,240,415,156,447,264,272,405,984,1823,354,595,141,694,592,104,329,685,441,131,490,261,490,619,406,660,230,435
722,668,258,108,786,147,724,237,228,300,667,861,1372,476,378,426,545,1367,757,108,370,751,463,296,509,192,491,329,358,984,618,2081,407,720,180,770,683,143,389,874,562,151,597,283,583,731,499,812,290,550
1115,1262,539,202,1465,282,1278,407,470,541,1142,1671,2498,888,719,799,1006,2474,1400,169,762,1428,865,581,968,378,966,642,730,1823,2081,1981,762,1287,341,1523,1277,278,712,1518,943,317,1058,583,1137,1290,955,1385,524,922
227,240,103,46,283,55,263,95,81,93,227,330,464,171,140,147,199,460,262,39,139,252,165,121,191,63,190,129,134,354,407,762,70,227,77,316,261,64,121,263,191,66,221,109,229,295,160,284,85,173
495,378,173,68,465,120,460,122,143,204,382,574,882,317,238,278,350,911,504,39,270,502,304,185,305,115,314,231,242,595,720,1287,227,231,108,476,446,73,236,501,308,91,346,160,379,461,288,469,178,305
122,99,51,21,122,26,113,44,35,49,99,124,218,85,53,56,85,203,117,13,62,142,71,57,84,27,86,61,57,141,180,341,77,108,16,126,103,21,61,128,83,23,103,41,96,107,86,125,42,89
526,443,210,89,551,121,510,162,169,220,475,564,993,345,283,307,353,1001,539,67,292,547,307,209,357,138,353,266,257,694,770,1523,316,476,126,268,490,91,284,570,373,104,452,189,424,494,332,575,211,337
464,403,171,70,453,102,415,122,156,198,393,519,858,305,229,271,357,853,453,55,252,469,262,200,309,107,292,225,246,592,683,1277,261,446,103,490,235,84,229,477,307,85,380,167,353,439,290,474,171,286
77,80,37,10,70,15,85,21,32,38,67,99,166,52,53,49,54,167,80,9,54,83,50,36,52,17,59,45,43,104,143,278,64,73,21,91,84,3,36,84,65,19,64,27,65,88,43,97,36,56
263,206,101,44,255,50,224,80,98,109,229,278,423,175,120,121,178,462,259,45,126,241,132,103,171,61,171,131,121,329,389,712,121,236,61,284,229,36,57,266,179,58,175,96,197,204,153,257,102,158
488,494,202,79,527,139,489,168,175,207,450,608,932,334,263,308,379,971,587,77,292,543,284,227,350,156,386,251,297,685,874,1518,263,501,128,570,477,84,266,274,347,92,407,204,411,486,318,541,177,399
313,296,153,53,305,77,339,121,116,148,282,357,608,195,194,209,256,649,322,41,162,333,181,144,234,83,248,156,156,441,562,943,191,308,83,373,307,65,179,347,106,69,273,122,279,328,218,372,133,226
107,70,53,13,94,16,86,39,42,31,84,113,170,65,54,44,94,190,96,14,56,108,55,36,73,26,73,37,51,131,151,317,66,91,23,104,85,19,58,92,69,15,81,36,91,92,79,106,50,65
408,374,142,57,363,72,374,112,123,142,302,444,717,234,181,202,297,702,386,61,218,368,232,141,244,93,256,177,185,490,597,1058,221,346,103,452,380,64,175,407,273,81,136,162,311,362,243,369,133,271
173,157,74,26,193,38,171,61,65,73,153,222,386,108,78,111,139,355,179,23,99,192,96,61,124,41,106,83,98,261,283,583,109,160,41,189,167,27,96,204,122,36,162,32,143,195,131,168,70,123
426,350,154,72,404,87,360,119,152,152,342,445,759,217,214,238,295,756,382,52,202,348,242,159,261,104,278,179,218,490,583,1137,229,379,96,424,353,65,197,411,279,91,311,143,150,395,246,388,151,290
446,422,178,74,417,115,464,124,131,192,420,506,872,290,244,266,326,912,462,65,252,482,292,182,306,129,328,232,247,619,731,1290,295,461,107,494,439,88,204,486,328,92,362,195,395,221,277,460,170,308
346,261,140,59,339,62,296,101,113,130,269,353,584,210,159,171,250,592,332,46,170,321,180,111,218,84,214,142,156,406,499,955,160,288,86,332,290,43,153,318,218,79,243,131,246,277,103,350,119,219
515,466,201,79,514,115,470,139,193,208,423,609,911,325,272,298,396,909,544,79,300,526,335,188,338,129,343,260,255,660,812,1385,284,469,125,575,474,97,257,541,372,106,369,168,388,460,350,247,187,336
178,178,88,33,204,54,192,59,71,83,177,210,344,145,94,106,153,323,174,24,100,190,111,91,133,54,138,112,110,230,290,524,85,178,42,211,171,36,102,177,133,50,133,70,151,170,119,187,27,136
387,273,129,63,355,78,308,103,108,168,297,374,615,219,186,190,274,617,365,50,176,348,210,130,235,89,232,155,170,435,550,922,173,305,89,337,286,56,158,399,226,65,271,123,290,308,219,336,136,121
