267,461,232,93,496,121,502,173,171,248,425,535,844,385,324,346,366,849,515,63,356,529,368,227,364,163,364,296,271,604,674,1136,248,498,113,525,507,103,240,495,317,105,359,160,426,414,323,487,186,385
461,193,180,75,450,92,376,105,137,170,383,512,818,270,238,240,334,792,420,57,227,430,262,158,278,118,282,212,212,552,678,1240,270,396,129,440,396,67,213,471,323,84,314,176,308,420,245,431,175,275
232,180,37,35,190,37,191,67,61,72,164,214,364,130,106,110,154,369,208,25,86,211,120,81,147,47,133,89,88,225,306,564,87,190,44,200,195,31,93,227,132,39,156,68,168,204,125,213,75,146
93,75,35,4,86,14,69,28,34,27,81,89,156,59,45,63,64,148,89,16,63,95,55,38,63,15,52,44,46,106,120,209,37,85,15,97,85,16,28,82,50,16,86,33,66,82,52,74,28,55
496,450,190,86,296,122,471,145,149,202,410,588,978,366,266,291,350,944,512,68,267,516,304,198,342,117,336,234,272,655,763,1448,292,480,111,575,444,86,248,571,325,96,413,198,387,476,316,501,187,363
121,92,37,14,122,11,100,45,37,40,94,128,223,66,63,81,78,217,107,18,76,105,72,36,80,24,79,63,50,144,171,303,62,121,20,129,103,19,55,115,70,18,104,39,79,100,79,107,38,75
502,376,191,69,471,100,227,128,152,194,422,535,932,297,269,282,374,956,478,60,294,481,287,196,339,110,320,253,228,652,686,1374,267,451,115,502,445,97,233,480,329,86,389,178,382,428,286,466,167,339
173,105,67,28,145,45,128,20,58,61,126,146,280,103,64,73,107,254,186,13,87,174,79,59,96,40,105,80,83,180,236,454,77,136,40,165,150,26,66,148,87,29,133,60,109,120,110,161,57,110
171,137,61,34,149,37,152,58,19,63,148,178,296,107,96,100,114,264,154,20,86,165,95,74,109,36,104,80,84,180,236,469,77,154,41,172,160,33,93,179,109,26,135,60,130,154,103,174,68,133
248,170,72,27,202,40,194,61,63,44,174,241,367,141,102,113,144,367,211,25,146,204,133,81,153,57,139,107,115,265,301,541,98,209,43,210,170,33,89,217,136,40,148,79,164,193,140,195,74,142
425,383,164,81,410,94,422,126,148,174,202,486,734,286,238,267,312,775,466,44,257,461,271,156,295,118,292,207,229,579,643,1135,215,433,95,456,375,66,213,459,303,90,319,178,338,431,302,439,151,310
535,512,214,89,588,128,535,146,178,241,486,320,1095,352,285,326,431,1081,602,63,309,612,332,213,385,132,368,267,272,728,882,1668,314,543,161,612,518,93,265,679,397,115,447,204,463,540,362,595,248,379
844,818,364,156,978,223,932,280,296,367,734,1095,857,597,455,517,701,1576,973,123,477,950,522,361,597,236,589,410,443,1146,1472,2530,468,844,201,1000,837,176,493,955,634,186,703,336,738,936,575,927,385,627
385,270,130,59,366,66,297,103,107,141,286,352,597,104,160,175,236,563,311,47,195,301,194,113,212,80,206,136,169,393,469,899,160,325,72,326,283,53,155,352,214,67,254,144,225,309,197,344,123,217
324,238,106,45,266,63,269,64,96,102,238,285,455,160,54,123,179,470,298,34,140,291,148,117,174,73,171,124,144,360,403,653,100,246,49,277,273,49,123,271,164,58,237,119,216,230,142,282,74,174
346,240,110,63,291,81,282,73,100,113,267,326,517,175,123,78,204,514,316,34,153,324,173,118,182,80,186,146,137,351,468,798,137,303,64,313,294,58,147,309,193,60,225,125,240,256,157,286,92,201
366,334,154,64,350,78,374,107,114,144,312,431,701,236,179,204,123,714,362,35,189,338,196,160,242,110,250,172,185,466,546,1023,214,337,91,345,375,59,177,393,233,59,278,120,304,331,258,394,145,256
849,792,369,148,944,217,956,254,264,367,775,1081,1576,563,470,514,714,844,949,108,504,967,510,370,601,239,616,412,478,1149,1478,2524,493,834,167,957,884,160,465,1047,615,185,680,348,742,920,566,919,350,612
515,420,208,89,512,107,478,186,154,211,466,602,973,311,298,316,362,949,252,70,270,468,320,198,358,165,366,247,244,644,792,1436,273,472,125,532,471,78,255,517,325,111,392,184,398,477,331,492,188,356
63,57,25,16,68,18,60,13,20,25,44,63,123,47,34,34,35,108,70,3,35,66,41,29,28,9,33,28,25,80,90,183,31,61,13,66,75,6,31,61,47,16,53,24,38,59,39,67,21,37
356,227,86,63,267,76,294,87,86,146,257,309,477,195,140,153,189,504,270,35,73,287,183,120,186,62,172,129,152,360,401,761,150,273,74,316,259,40,134,273,180,58,228,89,261,270,186,288,124,184
529,430,211,95,516,105,481,174,165,204,461,612,950,301,291,324,338,967,468,66,287,237,305,193,339,143,345,253,238,632,752,1476,279,501,130,547,486,73,289,530,352,115,383,212,375,498,317,492,180,364
368,262,120,55,304,72,287,79,95,133,271,332,522,194,148,173,196,510,320,41,183,305,82,125,205,60,209,133,154,373,437,759,133,288,76,325,279,44,143,320,190,72,232,125,244,240,180,288,112,187
227,158,81,38,198,36,196,59,74,81,156,213,361,113,117,118,160,370,198,29,120,193,125,36,144,46,128,75,105,266,295,568,127,184,34,210,182,38,108,225,138,46,151,82,169,200,127,211,76,132
364,278,147,63,342,80,339,96,109,153,295,385,597,212,174,182,242,601,358,28,186,339,205,144,122,90,215,134,138,432,511,918,185,336,74,334,312,57,168,359,217,65,284,139,234,321,209,354,136,230
163,118,47,15,117,24,110,40,36,57,118,132,236,80,73,80,110,239,165,9,62,143,60,46,90,19,79,64,52,151,194,378,57,121,31,145,121,16,55,134,98,28,121,44,92,111,79,150,40,91
364,282,133,52,336,79,320,105,104,139,292,368,589,206,171,186,250,616,366,33,172,345,209,128,215,79,110,160,164,437,533,971,166,323,78,327,312,56,183,361,244,56,281,123,247,322,192,363,113,252
296,212,89,44,234,63,253,80,80,107,207,267,410,136,124,146,172,412,247,28,129,253,133,75,134,64,160,34,127,284,354,667,146,227,53,242,236,29,135,239,159,51,177,98,186,207,145,261,103,161
271,212,88,46,272,50,228,83,84,115,229,272,443,169,144,137,185,478,244,25,152,238,154,105,138,52,164,127,57,279,354,715,147,249,59,249,226,39,129,283,160,52,186,100,182,204,156,248,121,159
604,552,225,106,655,144,652,180,180,265,579,728,1146,393,360,351,466,1149,644,80,360,632,373,266,432,151,437,284,279,400,1030,1887,373,593,133,659,627,126,310,746,427,126,504,265,525,593,390,680,247,421
674,678,306,120,763,171,686,236,236,301,643,882,1472,469,403,468,546,1478,792,90,401,752,437,295,511,194,533,354,354,1030,590,2177,449,685,203,826,703,126,396,835,516,160,612,314,627,721,466,764,336,500
1136,1240,564,209,1448,303,1374,454,469,541,1135,1668,2530,899,653,798,1023,2524,1436,183,761,1476,759,568,918,378,971,667,715,1887,2177,2026,741,1328,320,1487,1320,233,726,1567,996,280,1072,573,1126,1339,857,1432,532,886
248,270,87,37,292,62,267,77,77,98,215,314,468,160,100,137,214,493,273,31,150,279,133,127,185,57,166,146,147,373,449,741,69,241,54,305,254,58,127,319,194,54,187,108,211,265,160,287,104,161
498,396,190,85,480,121,451,136,154,209,433,543,844,325,246,303,337,834,472,61,273,501,288,184,336,121,323,227,249,593,685,1328,241,244,99,516,436,71,231,484,286,102,419,177,375,471,307,455,167,338
113,129,44,15,111,20,115,40,41,43,95,161,201,72,49,64,91,167,125,13,74,130,76,34,74,31,78,53,59,133,203,320,54,99,10,111,91,18,60,145,90,34,85,38,83,116,84,131,38,78
525,440,200,97,575,129,502,165,172,210,456,612,1000,326,277,313,345,957,532,66,316,547,325,210,334,145,327,242,249,659,826,1487,305,516,111,268,508,95,266,586,335,99,392,190,412,526,329,559,210,362
507,396,195,85,444,103,445,150,160,170,375,518,837,283,273,294,375,884,471,75,259,486,279,182,312,121,312,236,226,627,703,1320,254,436,91,508,209,75,233,512,305,81,390,190,381,452,293,484,170,320
103,67,31,16,86,19,97,26,33,33,66,93,176,53,49,58,59,160,78,6,40,73,44,38,57,16,56,29,39,126,126,233,58,71,18,95,75,5,51,88,57,15,83,32,54,87,57,101,32,60
240,213,93,28,248,55,233,66,93,89,213,265,493,155,123,147,177,465,255,31,134,289,143,108,168,55,183,135,129,310,396,726,127,231,60,266,233,51,65,272,160,49,188,100,204,256,170,278,102,173
495,471,227,82,571,115,480,148,179,217,459,679,955,352,271,309,393,1047,517,61,273,530,320,225,359,134,361,239,283,746,835,1567,319,484,145,586,512,88,272,272,334,106,403,219,412,537,328,538,194,357
317,323,132,50,325,70,329,87,109,136,303,397,634,214,164,193,233,615,325,47,180,352,190,138,217,98,244,159,160,427,516,996,194,286,90,335,305,57,160,334,119,62,243,142,285,342,214,337,129,214
105,84,39,16,96,18,86,29,26,40,90,115,186,67,58,60,59,185,111,16,58,115,72,46,65,28,56,51,52,126,160,280,54,102,34,99,81,15,49,106,62,10,71,38,77,73,63,107,47,74
359,314,156,86,413,104,389,133,135,148,319,447,703,254,237,225,278,680,392,53,228,383,232,151,284,121,281,177,186,504,612,1072,187,419,85,392,390,83,188,403,243,71,149,159,302,349,263,412,146,248
160,176,68,33,198,39,178,60,60,79,178,204,336,144,119,125,120,348,184,24,89,212,125,82,139,44,123,98,100,265,314,573,108,177,38,190,190,32,100,219,142,38,159,32,172,179,129,217,63,120
426,308,168,66,387,79,382,109,130,164,338,463,738,225,216,240,304,742,398,38,261,375,244,169,234,92,247,186,182,525,627,1126,211,375,83,412,381,54,204,412,285,77,302,172,148,370,219,425,135,280
414,420,204,82,476,100,428,120,154,193,431,540,936,309,230,256,331,920,477,59,270,498,240,200,321,111,322,207,204,593,721,1339,265,471,116,526,452,87,256,537,342,73,349,179,370,239,308,451,199,306
323,245,125,52,316,79,286,110,103,140,302,362,575,197,142,157,258,566,331,39,186,317,180,127,209,79,192,145,156,390,466,857,160,307,84,329,293,57,170,328,214,63,263,129,219,308,97,315,110,211
487,431,213,74,501,107,466,161,174,195,439,595,927,344,282,286,394,919,492,67,288,492,288,211,354,150,363,261,248,680,764,1432,287,455,131,559,484,101,278,538,337,107,412,217,425,451,315,259,221,365
186,175,75,28,187,38,167,57,68,74,151,248,385,123,74,92,145,350,188,21,124,180,112,76,136,40,113,103,121,247,336,532,104,167,38,210,170,32,102,194,129,47,146,63,135,199,110,221,32,132
385,275,146,55,363,75,339,110,133,142,310,379,627,217,174,201,256,612,356,37,184,364,187,132,230,91,252,161,159,421,500,886,161,338,78,362,320,60,173,357,214,74,248,120,280,306,211,365,132,116
