253,458,228,80,486,97,455,174,196,259,428,536,858,401,325,336,371,867,510,68,314,519,371,215,369,162,367,275,307,596,717,1197,250,433,115,473,510,82,248,495,330,98,357,183,454,417,333,507,169,379
458,200,167,78,436,103,443,127,132,185,368,493,825,265,235,223,340,799,472,48,217,471,262,172,299,114,314,212,218,545,692,1243,265,397,95,478,399,65,216,470,270,102,376,156,343,443,286,478,162,304
228,167,36,37,198,44,195,61,64,67,187,233,346,137,106,109,135,378,205,32,107,218,124,81,126,43,134,86,83,247,311,592,111,164,49,204,176,38,101,225,119,43,134,70,152,177,126,214,81,146
80,78,37,5,80,16,70,24,27,28,77,83,122,46,56,65,65,140,88,13,59,78,47,28,64,27,86,49,48,126,124,208,47,68,23,77,60,17,38,94,46,19,66,27,75,82,52,74,25,62
486,436,198,80,294,115,450,155,147,186,428,580,919,344,255,294,354,884,497,49,300,531,303,199,337,133,354,217,252,684,770,1436,280,486,122,533,487,78,256,514,329,101,381,176,380,470,287,533,180,315
97,103,44,16,115,11,106,32,35,53,99,116,178,75,66,60,100,205,126,17,68,120,65,39,83,36,87,57,56,147,172,281,63,96,30,119,87,25,58,121,73,30,87,37,88,111,71,112,43,83
455,443,195,70,450,106,204,137,182,198,388,553,864,286,291,288,355,868,466,48,275,436,280,189,320,130,360,219,231,625,746,1319,285,413,119,484,438,84,252,489,319,111,377,172,373,452,304,477,185,319
174,127,61,24,155,32,137,21,52,63,127,156,269,106,80,81,110,271,138,7,84,144,80,60,96,38,103,76,66,184,231,415,64,143,31,149,141,27,71,161,119,26,113,49,116,131,93,132,47,124
196,132,64,27,147,35,182,52,33,57,138,183,309,105,96,89,139,316,181,26,103,172,102,61,120,45,116,59,77,223,243,474,98,160,32,193,148,18,79,178,102,36,123,64,148,162,100,172,71,100
259,185,67,28,186,53,198,63,57,53,177,199,391,136,100,105,151,369,198,15,106,187,126,75,141,66,135,99,118,258,307,575,128,179,37,233,165,21,118,225,113,54,182,75,171,191,131,212,69,156
428,368,187,77,428,99,388,127,138,177,192,458,798,286,227,235,315,802,463,37,241,422,284,175,289,136,322,186,246,571,604,1133,234,396,96,471,411,52,214,437,274,117,361,156,337,359,280,411,159,284
536,493,233,83,580,116,553,156,183,199,458,320,996,357,281,325,375,1053,565,77,295,552,321,223,361,132,357,270,249,736,832,1667,313,495,135,605,481,86,256,641,400,114,421,218,433,515,327,559,191,339
858,825,346,122,919,178,864,269,309,391,798,996,836,578,478,510,695,1466,948,108,523,915,530,332,589,228,613,393,430,1185,1356,2521,509,805,214,1030,838,141,475,993,620,202,707,387,718,865,589,919,354,588
401,265,137,46,344,75,286,106,105,136,286,357,578,100,178,202,223,561,317,34,157,322,205,107,221,80,202,142,182,384,521,906,190,293,75,322,272,52,173,354,216,71,262,134,248,301,204,339,125,226
325,235,106,56,255,66,291,80,96,100,227,281,478,178,85,135,163,464,229,34,140,254,141,128,170,55,168,122,135,311,377,715,142,248,83,256,259,35,147,299,170,43,184,110,218,229,179,281,119,171
336,223,109,65,294,60,288,81,89,105,235,325,510,202,135,65,194,555,254,30,167,279,161,136,178,61,176,136,130,334,396,834,164,265,81,294,288,38,141,312,182,61,212,94,218,288,174,323,134,218
371,340,135,65,354,100,355,110,139,151,315,375,695,223,163,194,133,671,394,45,190,386,208,134,242,89,243,158,208,449,554,1023,187,331,80,375,354,67,160,414,250,74,275,143,260,337,225,355,119,251
867,799,378,140,884,205,868,271,316,369,802,1053,1466,561,464,555,671,838,925,105,510,964,485,337,559,206,610,409,447,1190,1397,2494,478,815,227,985,830,156,468,960,603,197,705,354,717,921,548,949,333,619
510,472,205,88,497,126,466,138,181,198,463,565,948,317,229,254,394,925,273,55,263,499,319,191,335,143,338,255,242,648,743,1458,282,492,121,552,479,84,256,570,337,102,376,192,415,468,336,531,173,332
68,48,32,13,49,17,48,7,26,15,37,77,108,34,34,30,45,105,55,9,27,60,41,19,39,13,28,30,38,81,93,172,37,58,20,62,65,3,24,80,37,10,47,26,51,59,33,67,34,39
314,217,107,59,300,68,275,84,103,106,241,295,523,157,140,167,190,510,263,27,72,259,161,98,171,71,169,134,140,328,413,818,143,243,66,271,274,48,142,303,189,53,235,89,212,255,161,285,108,195
519,471,218,78,531,120,436,144,172,187,422,552,915,322,254,279,386,964,499,60,259,256,327,195,335,144,340,255,244,681,722,1415,293,457,141,557,445,82,255,517,326,110,373,196,372,478,345,513,190,336
371,262,124,47,303,65,280,80,102,126,284,321,530,205,141,161,208,485,319,41,161,327,69,118,198,69,191,130,142,351,444,792,166,273,78,285,265,47,132,329,214,53,238,111,232,296,187,282,107,174
215,172,81,28,199,39,189,60,61,75,175,223,332,107,128,136,134,337,191,19,98,195,118,43,123,58,142,90,95,238,319,515,109,191,41,219,193,35,97,208,105,37,154,77,135,222,122,224,82,132
369,299,126,64,337,83,320,96,120,141,289,361,589,221,170,178,242,559,335,39,171,335,198,123,105,90,213,135,176,396,524,925,205,324,75,342,335,48,189,331,210,90,251,112,262,317,212,365,118,223
162,114,43,27,133,36,130,38,45,66,136,132,228,80,55,61,89,206,143,13,71,144,69,58,90,20,77,59,65,132,210,354,67,122,32,129,122,22,56,121,74,24,97,43,92,122,75,129,55,94
367,314,134,86,354,87,360,103,116,135,322,357,613,202,168,176,243,610,338,28,169,340,191,142,213,77,101,167,177,378,534,957,180,300,75,345,343,57,171,353,207,64,291,139,245,330,205,356,142,241
275,212,86,49,217,57,219,76,59,99,186,270,393,142,122,136,158,409,255,30,134,255,130,90,135,59,167,52,99,283,354,680,131,189,49,229,226,38,128,247,149,42,184,74,165,209,130,251,81,167
307,218,83,48,252,56,231,66,77,118,246,249,430,182,135,130,208,447,242,38,140,244,142,95,176,65,177,99,60,312,363,729,152,248,50,285,234,31,108,237,162,46,207,82,186,256,175,282,102,169
596,545,247,126,684,147,625,184,223,258,571,736,1185,384,311,334,449,1190,648,81,328,681,351,238,396,132,378,283,312,413,961,1865,333,588,158,673,592,98,338,675,391,128,512,226,473,597,393,706,232,415
717,692,311,124,770,172,746,231,243,307,604,832,1356,521,377,396,554,1397,743,93,413,722,444,319,524,210,534,354,363,961,552,2185,431,698,162,828,726,131,378,801,517,181,573,290,628,711,487,797,280,523
1197,1243,592,208,1436,281,1319,415,474,575,1133,1667,2521,906,715,834,1023,2494,1458,172,818,1415,792,515,925,354,957,680,729,1865,2185,1997,768,1271,288,1572,1286,242,714,1547,963,290,1050,564,1131,1352,919,1424,489,929
250,265,111,47,280,63,285,64,98,128,234,313,509,190,142,164,187,478,282,37,143,293,166,109,205,67,180,131,152,333,431,768,85,267,66,298,266,51,127,310,200,67,187,121,237,278,185,280,119,192
433,397,164,68,486,96,413,143,160,179,396,495,805,293,248,265,331,815,492,58,243,457,273,191,324,122,300,189,248,588,698,1271,267,203,104,466,414,76,243,519,271,82,324,186,362,433,302,445,167,308
115,95,49,23,122,30,119,31,32,37,96,135,214,75,83,81,80,227,121,20,66,141,78,41,75,32,75,49,50,158,162,288,66,104,12,129,124,27,62,117,67,25,73,49,99,102,85,124,46,79
473,478,204,77,533,119,484,149,193,233,471,605,1030,322,256,294,375,985,552,62,271,557,285,219,342,129,345,229,285,673,828,1572,298,466,129,250,503,83,255,630,376,109,394,225,387,504,336,543,206,376
510,399,176,60,487,87,438,141,148,165,411,481,838,272,259,288,354,830,479,65,274,445,265,193,335,122,343,226,234,592,726,1286,266,414,124,503,219,70,227,493,298,80,340,176,340,411,271,461,166,312
82,65,38,17,78,25,84,27,18,21,52,86,141,52,35,38,67,156,84,3,48,82,47,35,48,22,57,38,31,98,131,242,51,76,27,83,70,6,51,76,44,20,61,24,61,91,39,99,34,37
248,216,101,38,256,58,252,71,79,118,214,256,475,173,147,141,160,468,256,24,142,255,132,97,189,56,171,128,108,338,378,714,127,243,62,255,227,51,60,301,165,57,198,100,197,221,172,292,78,174
495,470,225,94,514,121,489,161,178,225,437,641,993,354,299,312,414,960,570,80,303,517,329,208,331,121,353,247,237,675,801,1547,310,519,117,630,493,76,301,261,336,128,415,200,392,503,358,551,217,362
330,270,119,46,329,73,319,119,102,113,274,400,620,216,170,182,250,603,337,37,189,326,214,105,210,74,207,149,162,391,517,963,200,271,67,376,298,44,165,336,102,81,251,132,286,325,197,345,123,220
98,102,43,19,101,30,111,26,36,54,117,114,202,71,43,61,74,197,102,10,53,110,53,37,90,24,64,42,46,128,181,290,67,82,25,109,80,20,57,128,81,7,76,38,87,97,50,120,41,93
357,376,134,66,381,87,377,113,123,182,361,421,707,262,184,212,275,705,376,47,235,373,238,154,251,97,291,184,207,512,573,1050,187,324,73,394,340,61,198,415,251,76,153,153,321,344,226,409,126,303
183,156,70,27,176,37,172,49,64,75,156,218,387,134,110,94,143,354,192,26,89,196,111,77,112,43,139,74,82,226,290,564,121,186,49,225,176,24,100,200,132,38,153,44,155,180,125,203,90,133
454,343,152,75,380,88,373,116,148,171,337,433,718,248,218,218,260,717,415,51,212,372,232,135,262,92,245,165,186,473,628,1131,237,362,99,387,340,61,197,392,286,87,321,155,156,395,287,426,154,281
417,443,177,82,470,111,452,131,162,191,359,515,865,301,229,288,337,921,468,59,255,478,296,222,317,122,330,209,256,597,711,1352,278,433,102,504,411,91,221,503,325,97,344,180,395,220,303,473,178,300
333,286,126,52,287,71,304,93,100,131,280,327,589,204,179,174,225,548,336,33,161,345,187,122,212,75,205,130,175,393,487,919,185,302,85,336,271,39,172,358,197,50,226,125,287,303,99,327,123,220
507,478,214,74,533,112,477,132,172,212,411,559,919,339,281,323,355,949,531,67,285,513,282,224,365,129,356,251,282,706,797,1424,280,445,124,543,461,99,292,551,345,120,409,203,426,473,327,243,186,371
169,162,81,25,180,43,185,47,71,69,159,191,354,125,119,134,119,333,173,34,108,190,107,82,118,55,142,81,102,232,280,489,119,167,46,206,166,34,78,217,123,41,126,90,154,178,123,186,25,124
379,304,146,62,315,83,319,124,100,156,284,339,588,226,171,218,251,619,332,39,195,336,174,132,223,94,241,167,169,415,523,929,192,308,79,376,312,37,174,362,220,93,303,133,281,300,220,371,124,122
