257,472,198,90,520,101,468,196,173,248,473,514,795,424,297,343,394,837,525,69,330,581,343,253,390,149,375,270,300,619,677,1153,255,502,95,529,466,97,262,463,304,110,389,158,465,453,348,492,170,382
472,213,166,71,457,99,423,130,133,184,341,459,751,291,192,192,337,784,432,55,203,437,257,165,266,100,288,178,197,533,654,1229,233,412,103,503,427,65,225,464,288,82,334,170,358,399,248,470,162,317
198,166,33,25,219,46,184,71,56,77,185,227,345,99,100,92,124,316,197,29,110,224,108,83,140,43,125,92,71,247,294,581,108,176,50,215,171,27,92,243,131,43,132,60,156,177,124,208,79,134
90,71,25,9,82,20,87,28,23,38,66,101,151,57,51,56,56,148,92,10,44,85,49,29,56,23,61,41,50,109,123,239,48,75,18,87,73,15,39,80,57,18,60,34,70,81,54,82,27,66
520,457,219,82,254,132,506,156,167,203,452,555,997,330,240,253,347,947,535,64,286,498,288,195,335,135,394,232,260,614,798,1491,297,442,110,530,457,84,267,570,337,99,384,177,411,506,309,510,172,341
101,99,46,20,132,13,95,38,39,39,79,120,179,70,74,73,78,185,114,13,64,113,64,43,79,27,91,56,59,152,161,283,59,103,39,113,106,18,56,107,85,19,69,33,87,103,72,96,37,77
468,423,184,87,506,95,247,140,142,216,399,553,852,307,292,301,360,864,438,69,264,489,299,185,306,140,333,236,271,634,717,1356,284,443,117,530,459,84,244,487,306,98,346,175,390,499,288,517,179,353
196,130,71,28,156,38,140,18,50,62,134,167,283,90,86,77,129,271,158,12,93,156,107,63,101,39,108,78,72,175,239,413,85,147,34,146,155,23,70,172,112,30,128,55,126,144,91,159,64,118
173,133,56,23,167,39,142,50,21,62,130,196,319,104,70,79,117,308,173,24,91,173,85,58,105,50,130,77,74,205,245,470,83,135,31,178,125,22,81,174,119,34,134,62,127,152,93,149,62,101
248,184,77,38,203,39,216,62,62,46,174,210,315,146,143,121,131,371,197,34,133,217,153,90,122,68,160,84,128,247,313,536,121,184,40,207,195,43,92,224,145,47,149,96,178,186,125,206,63,132
473,341,185,66,452,79,399,134,130,174,188,499,777,292,248,244,312,753,410,61,238,438,252,151,259,101,278,182,214,525,639,1134,214,404,95,450,389,76,204,427,280,85,306,168,353,401,256,405,141,287
514,459,227,101,555,120,553,167,196,210,499,321,1014,371,308,317,420,1079,549,71,302,564,343,237,382,167,388,264,281,733,836,1648,285,490,117,598,501,88,300,591,357,107,438,236,427,544,347,578,223,378
795,751,345,151,997,179,852,283,319,315,777,1014,813,565,486,498,663,1469,935,118,531,924,557,357,558,237,651,435,479,1149,1418,2437,464,877,208,951,879,161,440,949,601,187,667,369,695,870,591,892,340,632
424,291,99,57,330,70,307,90,104,146,292,371,565,111,159,179,235,576,332,42,168,344,202,130,190,92,200,146,159,377,509,900,175,302,82,329,313,60,163,374,188,71,236,119,245,294,166,360,139,187
297,192,100,51,240,74,292,86,70,143,248,308,486,159,86,146,176,478,241,23,133,273,171,100,187,72,175,136,149,334,397,772,143,274,61,250,261,46,141,304,173,54,193,101,203,228,165,307,87,193
343,192,92,56,253,73,301,77,79,121,244,317,498,179,146,89,189,498,270,39,149,301,175,116,194,62,191,139,129,362,423,835,158,284,70,298,280,53,124,288,174,63,208,112,231,242,162,307,117,225
394,337,124,56,347,78,360,129,117,131,312,420,663,235,176,189,143,638,370,41,202,376,234,120,255,95,237,182,185,442,545,1044,210,343,82,379,327,66,184,390,250,84,290,121,287,321,207,386,139,238
837,784,316,148,947,185,864,271,308,371,753,1079,1469,576,478,498,638,799,910,107,541,898,498,356,559,222,614,449,453,1094,1366,2432,455,856,182,1009,853,150,456,979,628,166,660,334,679,840,559,921,345,598
525,432,197,92,535,114,438,158,173,197,410,549,935,332,241,270,370,910,246,62,287,495,317,199,325,133,338,225,248,603,718,1423,284,471,124,546,480,87,255,513,313,116,363,162,389,484,295,517,187,331
69,55,29,10,64,13,69,12,24,34,61,71,118,42,23,39,41,107,62,3,34,57,36,19,27,16,32,20,32,69,97,174,37,50,15,66,61,7,24,83,46,11,61,27,40,55,37,56,28,43
330,203,110,44,286,64,264,93,91,133,238,302,531,168,133,149,202,541,287,34,79,278,162,108,179,67,189,120,152,353,399,784,131,260,72,276,268,47,137,286,183,47,227,115,222,261,172,291,117,186
581,437,224,85,498,113,489,156,173,217,438,564,924,344,273,301,376,898,495,57,278,274,343,185,342,122,338,229,241,600,739,1450,294,485,112,540,512,98,266,530,342,109,383,171,413,468,312,561,214,359
343,257,108,49,288,64,299,107,85,153,252,343,557,202,171,175,234,498,317,36,162,343,75,119,188,86,190,131,157,369,465,847,152,288,61,307,301,62,157,330,202,54,215,102,215,285,176,295,99,229
253,165,83,29,195,43,185,63,58,90,151,237,357,130,100,116,120,356,199,19,108,185,119,31,132,51,117,92,95,256,301,526,119,176,40,234,187,32,96,214,147,42,137,74,167,170,123,231,72,132
390,266,140,56,335,79,306,101,105,122,259,382,558,190,187,194,255,559,325,27,179,342,188,132,119,70,215,149,177,412,501,934,196,313,76,349,324,54,180,361,231,76,261,117,248,315,192,373,111,230
149,100,43,23,135,27,140,39,50,68,101,167,237,92,72,62,95,222,133,16,67,122,86,51,70,18,77,60,67,155,190,341,68,122,25,137,123,16,77,154,89,34,91,53,97,110,78,153,53,85
375,288,125,61,394,91,333,108,130,160,278,388,651,200,175,191,237,614,338,32,189,338,190,117,215,77,109,155,179,440,543,960,190,312,62,343,325,44,192,357,240,68,233,123,261,317,192,376,124,250
270,178,92,41,232,56,236,78,77,84,182,264,435,146,136,139,182,449,225,20,120,229,131,92,149,60,155,47,109,288,351,662,130,236,45,223,227,48,129,249,147,58,185,91,200,236,154,237,84,153
300,197,71,50,260,59,271,72,74,128,214,281,479,159,149,129,185,453,248,32,152,241,157,95,177,67,179,109,65,338,371,712,136,224,54,245,211,45,112,261,166,51,182,87,212,252,153,313,101,171
619,533,247,109,614,152,634,175,205,247,525,733,1149,377,334,362,442,1094,603,69,353,600,369,256,412,155,440,288,338,386,936,1822,373,600,161,678,543,93,286,678,422,123,455,246,493,583,394,662,247,440
677,654,294,123,798,161,717,239,245,313,639,836,1418,509,397,423,545,1366,718,97,399,739,465,301,501,190,543,351,371,936,578,2195,434,737,192,803,758,142,392,761,532,178,526,276,617,773,480,764,298,480
1153,1229,581,239,1491,283,1356,413,470,536,1134,1648,2437,900,772,835,1044,2432,1423,174,784,1450,847,526,934,341,960,662,712,1822,2195,1960,753,1380,331,1599,1308,224,692,1495,975,295,1060,539,1107,1304,893,1442,519,954
255,233,108,48,297,59,284,85,83,121,214,285,464,175,143,158,210,455,284,37,131,294,152,119,196,68,190,130,136,373,434,753,62,273,67,307,252,47,139,308,202,53,203,113,226,240,186,287,72,197
502,412,176,75,442,103,443,147,135,184,404,490,877,302,274,284,343,856,471,50,260,485,288,176,313,122,312,236,224,600,737,1380,273,208,109,517,432,91,262,477,279,86,359,168,391,445,280,509,163,338
95,103,50,18,110,39,117,34,31,40,95,117,208,82,61,70,82,182,124,15,72,112,61,40,76,25,62,45,54,161,192,331,67,109,14,112,109,13,66,124,75,20,86,41,84,118,69,134,31,79
529,503,215,87,530,113,530,146,178,207,450,598,951,329,250,298,379,1009,546,66,276,540,307,234,349,137,343,223,245,678,803,1599,307,517,112,276,474,96,275,575,381,105,439,169,426,514,312,558,218,361
466,427,171,73,457,106,459,155,125,195,389,501,879,313,261,280,327,853,480,61,268,512,301,187,324,123,325,227,211,543,758,1308,252,432,109,474,236,81,251,476,330,107,352,143,357,415,298,523,167,344
97,65,27,15,84,18,84,23,22,43,76,88,161,60,46,53,66,150,87,7,47,98,62,32,54,16,44,48,45,93,142,224,47,91,13,96,81,6,38,100,47,23,69,29,77,74,54,91,22,61
262,225,92,39,267,56,244,70,81,92,204,300,440,163,141,124,184,456,255,24,137,266,157,96,180,77,192,129,112,286,392,692,139,262,66,275,251,38,54,262,180,60,190,83,212,259,154,276,103,181
463,464,243,80,570,107,487,172,174,224,427,591,949,374,304,288,390,979,513,83,286,530,330,214,361,154,357,249,261,678,761,1495,308,477,124,575,476,100,262,276,346,122,357,197,442,503,349,549,189,345
304,288,131,57,337,85,306,112,119,145,280,357,601,188,173,174,250,628,313,46,183,342,202,147,231,89,240,147,166,422,532,975,202,279,75,381,330,47,180,346,105,81,237,118,281,310,230,360,117,220
110,82,43,18,99,19,98,30,34,47,85,107,187,71,54,63,84,166,116,11,47,109,54,42,76,34,68,58,51,123,178,295,53,86,20,105,107,23,60,122,81,12,71,43,77,99,69,101,37,80
389,334,132,60,384,69,346,128,134,149,306,438,667,236,193,208,290,660,363,61,227,383,215,137,261,91,233,185,182,455,526,1060,203,359,86,439,352,69,190,357,237,71,141,152,277,331,254,395,132,271
158,170,60,34,177,33,175,55,62,96,168,236,369,119,101,112,121,334,162,27,115,171,102,74,117,53,123,91,87,246,276,539,113,168,41,169,143,29,83,197,118,43,152,35,140,146,114,211,63,134
465,358,156,70,411,87,390,126,127,178,353,427,695,245,203,231,287,679,389,40,222,413,215,167,248,97,261,200,212,493,617,1107,226,391,84,426,357,77,212,442,281,77,277,140,158,387,233,434,124,279
453,399,177,81,506,103,499,144,152,186,401,544,870,294,228,242,321,840,484,55,261,468,285,170,315,110,317,236,252,583,773,1304,240,445,118,514,415,74,259,503,310,99,331,146,387,223,303,498,186,323
348,248,124,54,309,72,288,91,93,125,256,347,591,166,165,162,207,559,295,37,172,312,176,123,192,78,192,154,153,394,480,893,186,280,69,312,298,54,154,349,230,69,254,114,233,303,89,328,127,212
492,470,208,82,510,96,517,159,149,206,405,578,892,360,307,307,386,921,517,56,291,561,295,231,373,153,376,237,313,662,764,1442,287,509,134,558,523,91,276,549,360,101,395,211,434,498,328,295,192,360
170,162,79,27,172,37,179,64,62,63,141,223,340,139,87,117,139,345,187,28,117,214,99,72,111,53,124,84,101,247,298,519,72,163,31,218,167,22,103,189,117,37,132,63,124,186,127,192,18,123
382,317,134,66,341,77,353,118,101,132,287,378,632,187,193,225,238,598,331,43,186,359,229,132,230,85,250,153,171,440,480,954,197,338,79,361,344,61,181,345,220,80,271,134,279,323,212,360,123,144
