269,483,195,89,474,108,458,212,184,257,461,527,798,356,289,309,387,782,512,66,322,528,351,188,362,159,369,294,297,592,684,1242,269,466,119,519,466,89,263,461,289,104,377,162,424,411,330,504,192,400
483,197,161,79,451,95,439,117,131,178,401,472,765,294,209,232,302,817,461,45,241,424,225,177,278,120,285,207,217,542,609,1204,227,411,93,474,408,56,239,481,297,97,331,152,363,400,287,467,167,306
195,161,40,37,215,51,192,52,72,76,183,249,381,129,82,106,160,385,207,29,117,206,115,89,141,60,145,76,92,269,291,584,116,174,42,201,203,36,108,201,124,39,160,72,171,168,129,213,72,127
89,79,37,12,93,21,95,30,27,34,71,83,154,55,51,57,63,151,82,9,53,92,57,35,60,34,76,60,55,107,129,210,52,77,15,102,72,16,42,80,52,13,69,31,68,79,61,78,18,49
474,451,215,93,250,118,488,148,151,224,445,570,888,377,284,295,360,893,520,59,308,507,292,209,344,126,327,235,261,628,775,1461,264,409,107,520,480,94,247,554,335,100,371,194,416,465,338,509,210,338
108,95,51,21,118,10,110,42,37,57,77,121,198,85,60,74,84,209,103,12,68,109,68,55,86,39,88,83,61,141,145,288,47,106,20,124,111,26,53,98,81,23,82,35,97,97,87,100,32,72
458,439,192,95,488,110,225,145,163,198,389,525,871,325,262,301,354,870,460,59,285,478,272,206,304,130,311,242,246,635,671,1305,253,483,91,521,428,81,230,517,333,82,386,192,380,440,315,431,162,292
212,117,52,30,148,42,145,22,47,72,128,164,284,88,88,102,129,283,170,15,85,174,88,63,89,38,97,82,80,195,229,451,81,157,36,161,152,23,80,172,91,36,126,64,128,152,94,152,56,97
184,131,72,27,151,37,163,47,30,49,129,192,339,124,87,94,113,308,165,17,79,156,107,68,122,51,116,77,89,208,234,491,105,139,39,168,162,19,70,170,108,30,125,55,154,159,107,176,68,110
257,178,76,34,224,57,198,72,49,54,173,226,352,127,121,113,136,385,203,16,120,208,120,82,131,49,149,96,115,251,305,528,115,190,45,197,180,31,85,218,149,31,189,84,166,204,140,222,67,152
461,401,183,71,445,77,389,128,129,173,165,462,743,307,228,235,284,792,457,50,267,436,254,162,257,94,295,198,245,554,614,1152,231,386,105,448,389,71,197,442,303,99,360,176,343,390,296,411,150,294
527,472,249,83,570,121,525,164,192,226,462,292,962,335,291,322,402,996,556,71,326,557,323,209,364,130,349,259,287,652,804,1591,293,522,120,566,522,98,280,611,381,117,414,210,440,512,327,552,207,379
798,765,381,154,888,198,871,284,339,352,743,962,857,550,462,524,646,1525,923,119,499,945,499,358,569,227,591,405,456,1136,1408,2466,504,927,199,993,864,155,449,974,575,209,680,350,709,887,550,900,312,596
356,294,129,55,377,85,325,88,124,127,307,335,550,99,177,200,227,570,321,32,187,337,185,141,207,96,227,152,158,404,512,897,185,288,75,299,318,55,160,352,218,61,291,136,243,311,207,338,134,231
289,209,82,51,284,60,262,88,87,121,228,291,462,177,63,123,191,466,250,23,131,277,145,113,167,73,171,107,131,350,415,736,135,250,60,280,254,53,134,291,173,63,233,88,207,250,140,280,90,184
309,232,106,57,295,74,301,102,94,113,235,322,524,200,123,77,208,546,289,35,154,323,148,122,182,76,175,125,131,358,437,814,153,282,66,333,292,57,134,285,183,56,243,89,230,300,162,297,109,184
387,302,160,63,360,84,354,129,113,136,284,402,646,227,191,208,145,712,354,47,196,361,220,128,249,92,260,166,188,487,551,1039,194,321,77,370,327,56,208,401,242,79,297,133,305,373,220,400,134,253
782,817,385,151,893,209,870,283,308,385,792,996,1525,570,466,546,712,826,912,124,497,955,526,366,605,234,643,419,453,1140,1388,2373,482,877,191,946,856,173,484,993,566,197,692,345,739,836,573,933,300,603
512,461,207,82,520,103,460,170,165,203,457,556,923,321,250,289,354,912,242,54,276,480,304,208,334,132,352,241,277,624,750,1447,300,441,96,542,463,88,274,568,330,104,370,193,399,480,308,522,188,343
66,45,29,9,59,12,59,15,17,16,50,71,119,32,23,35,47,124,54,2,31,65,26,27,37,16,32,24,26,69,102,171,28,60,16,56,60,6,33,68,34,14,55,17,45,51,35,67,27,26
322,241,117,53,308,68,285,85,79,120,267,326,499,187,131,154,196,497,276,31,75,309,163,109,171,70,201,127,136,349,444,813,164,262,61,281,272,44,147,306,176,55,229,102,214,272,169,276,114,191
528,424,206,92,507,109,478,174,156,208,436,557,945,337,277,323,361,955,480,65,309,289,304,218,340,120,332,268,271,692,765,1459,305,486,119,536,483,80,266,543,331,105,356,182,417,484,311,513,188,337
351,225,115,57,292,68,272,88,107,120,254,323,499,185,145,148,220,526,304,26,163,304,81,122,190,81,195,106,167,361,461,807,147,261,68,286,253,46,133,297,179,68,222,110,244,259,176,309,117,220
188,177,89,35,209,55,206,63,68,82,162,209,358,141,113,122,128,366,208,27,109,218,122,40,115,49,117,97,99,271,329,583,116,178,53,196,188,30,95,210,122,43,159,80,147,180,147,215,73,141
362,278,141,60,344,86,304,89,122,131,257,364,569,207,167,182,249,605,334,37,171,340,190,115,105,93,221,154,183,441,479,952,182,329,69,343,289,56,171,337,221,73,263,119,265,312,202,344,111,229
159,120,60,34,126,39,130,38,51,49,94,130,227,96,73,76,92,234,132,16,70,120,81,49,93,17,80,60,60,166,190,392,73,122,37,127,111,22,66,119,82,28,103,46,115,125,75,130,53,95
369,285,145,76,327,88,311,97,116,149,295,349,591,227,171,175,260,643,352,32,201,332,195,117,221,80,91,154,195,437,512,950,203,325,72,359,294,50,174,371,236,73,232,112,270,311,213,348,141,233
294,207,76,60,235,83,242,82,77,96,198,259,405,152,107,125,166,419,241,24,127,268,106,97,154,60,154,60,112,323,365,670,134,219,44,216,225,36,121,251,167,41,208,90,194,216,131,243,69,148
297,217,92,55,261,61,246,80,89,115,245,287,456,158,131,131,188,453,277,26,136,271,167,99,183,60,195,112,68,304,409,711,150,240,56,234,236,35,137,249,164,64,199,76,188,193,141,271,87,174
592,542,269,107,628,141,635,195,208,251,554,652,1136,404,350,358,487,1140,624,69,349,692,361,271,441,166,437,323,304,372,980,1857,349,621,139,685,622,110,329,694,399,124,492,225,525,576,424,666,238,402
684,609,291,129,775,145,671,229,234,305,614,804,1408,512,415,437,551,1388,750,102,444,765,461,329,479,190,512,365,409,980,590,2135,439,754,151,852,717,125,368,789,484,172,554,289,627,709,498,763,268,509
1242,1204,584,210,1461,288,1305,451,491,528,1152,1591,2466,897,736,814,1039,2373,1447,171,813,1459,807,583,952,392,950,670,711,1857,2135,1889,723,1343,314,1587,1295,231,710,1542,936,311,978,582,1145,1263,888,1470,483,909
269,227,116,52,264,47,253,81,105,115,231,293,504,185,135,153,194,482,300,28,164,305,147,116,182,73,203,134,150,349,439,723,62,246,76,305,260,42,143,306,167,82,219,129,214,250,172,297,102,190
466,411,174,77,409,106,483,157,139,190,386,522,927,288,250,282,321,877,441,60,262,486,261,178,329,122,325,219,240,621,754,1343,246,213,106,480,428,89,228,546,302,100,366,161,391,460,275,505,158,295
119,93,42,15,107,20,91,36,39,45,105,120,199,75,60,66,77,191,96,16,61,119,68,53,69,37,72,44,56,139,151,314,76,106,9,117,118,22,71,118,63,14,84,34,79,100,78,116,41,60
519,474,201,102,520,124,521,161,168,197,448,566,993,299,280,333,370,946,542,56,281,536,286,196,343,127,359,216,234,685,852,1587,305,480,117,274,488,90,274,590,362,105,399,203,393,512,302,586,189,345
466,408,203,72,480,111,428,152,162,180,389,522,864,318,254,292,327,856,463,60,272,483,253,188,289,111,294,225,236,622,717,1295,260,428,118,488,229,83,239,513,324,97,347,182,351,436,327,468,160,282
89,56,36,16,94,26,81,23,19,31,71,98,155,55,53,57,56,173,88,6,44,80,46,30,56,22,50,36,35,110,125,231,42,89,22,90,83,6,35,74,59,19,82,32,67,77,55,76,36,59
263,239,108,42,247,53,230,80,70,85,197,280,449,160,134,134,208,484,274,33,147,266,133,95,171,66,174,121,137,329,368,710,143,228,71,274,239,35,54,291,173,42,216,95,203,240,181,272,94,172
461,481,201,80,554,98,517,172,170,218,442,611,974,352,291,285,401,993,568,68,306,543,297,210,337,119,371,251,249,694,789,1542,306,546,118,590,513,74,291,298,342,119,390,208,441,523,344,503,196,396
289,297,124,52,335,81,333,91,108,149,303,381,575,218,173,183,242,566,330,34,176,331,179,122,221,82,236,167,164,399,484,936,167,302,63,362,324,59,173,342,104,57,235,119,260,308,188,320,120,226
104,97,39,13,100,23,82,36,30,31,99,117,209,61,63,56,79,197,104,14,55,105,68,43,73,28,73,41,64,124,172,311,82,100,14,105,97,19,42,119,57,11,78,41,79,90,71,110,37,54
377,331,160,69,371,82,386,126,125,189,360,414,680,291,233,243,297,692,370,55,229,356,222,159,263,103,232,208,199,492,554,978,219,366,84,399,347,82,216,390,235,78,135,144,312,358,261,392,149,255
162,152,72,31,194,35,192,64,55,84,176,210,350,136,88,89,133,345,193,17,102,182,110,80,119,46,112,90,76,225,289,582,129,161,34,203,182,32,95,208,119,41,144,36,152,184,125,202,67,125
424,363,171,68,416,97,380,128,154,166,343,440,709,243,207,230,305,739,399,45,214,417,244,147,265,115,270,194,188,525,627,1145,214,391,79,393,351,67,203,441,260,79,312,152,154,372,255,397,126,281
411,400,168,79,465,97,440,152,159,204,390,512,887,311,250,300,373,836,480,51,272,484,259,180,312,125,311,216,193,576,709,1263,250,460,100,512,436,77,240,523,308,90,358,184,372,222,291,459,154,330
330,287,129,61,338,87,315,94,107,140,296,327,550,207,140,162,220,573,308,35,169,311,176,147,202,75,213,131,141,424,498,888,172,275,78,302,327,55,181,344,188,71,261,125,255,291,97,314,117,225
504,467,213,78,509,100,431,152,176,222,411,552,900,338,280,297,400,933,522,67,276,513,309,215,344,130,348,243,271,666,763,1470,297,505,116,586,468,76,272,503,320,110,392,202,397,459,314,236,199,369
192,167,72,18,210,32,162,56,68,67,150,207,312,134,90,109,134,300,188,27,114,188,117,73,111,53,141,69,87,238,268,483,102,158,41,189,160,36,94,196,120,37,149,67,126,154,117,199,37,127
400,306,127,49,338,72,292,97,110,152,294,379,596,231,184,184,253,603,343,26,191,337,220,141,229,95,233,148,174,402,509,909,190,295,60,345,282,59,172,396,226,54,255,125,281,330,225,369,127,116
