238,427,217,99,509,115,475,167,185,207,419,514,843,372,340,329,371,842,496,69,317,516,378,209,397,165,378,292,331,614,734,1157,262,486,93,505,497,85,261,472,315,106,376,169,458,394,346,470,174,341
427,202,166,78,457,105,435,147,155,175,361,453,798,282,211,229,328,774,423,48,232,449,280,166,268,127,301,213,210,512,711,1192,256,392,99,460,379,65,216,484,291,94,354,167,334,432,256,462,187,265
217,166,42,43,186,58,226,57,74,83,185,211,351,131,99,107,147,351,196,27,103,204,112,81,122,53,153,102,105,236,327,595,114,210,41,212,187,38,102,202,128,47,179,86,175,182,124,221,81,142
99,78,43,6,90,21,87,29,37,47,72,98,142,55,57,57,70,139,73,12,55,86,43,30,68,22,60,36,54,98,124,204,41,87,20,94,68,13,46,72,73,27,62,21,74,64,53,93,31,64
509,457,186,90,277,117,499,169,166,219,469,580,941,363,247,297,350,973,534,65,276,540,318,212,336,139,342,225,245,649,786,1412,268,466,130,543,464,74,258,528,345,100,368,166,423,471,318,565,178,346
115,105,58,21,117,14,116,39,43,47,98,124,191,72,82,72,102,198,91,22,67,115,80,32,97,44,77,47,69,126,180,297,67,110,30,120,95,17,52,118,69,32,74,34,94,106,69,130,44,71
475,435,226,87,499,116,229,143,185,213,418,549,848,312,280,286,375,875,498,74,285,518,295,196,326,120,316,211,252,600,766,1341,257,460,99,497,457,73,228,512,309,107,377,183,400,419,342,485,206,312
167,147,57,29,169,39,143,19,50,72,158,165,299,103,89,88,111,282,173,18,74,171,115,64,123,44,124,88,65,185,209,408,86,162,34,144,150,23,62,170,98,29,129,53,142,133,94,165,74,108
185,155,74,37,166,43,185,50,24,72,151,184,291,100,80,80,121,276,156,25,88,169,102,72,118,49,125,75,70,217,252,440,84,152,35,163,150,22,75,164,120,29,130,69,152,129,97,176,62,95
207,175,83,47,219,47,213,72,72,49,177,216,367,141,118,124,147,357,182,27,129,195,124,126,156,50,149,116,102,279,295,577,117,185,34,202,216,25,107,216,142,42,168,73,181,180,121,231,76,133
419,361,185,72,469,98,418,158,151,177,177,441,761,285,232,255,291,742,445,51,247,440,259,178,305,107,291,220,221,538,614,1213,239,390,85,458,410,68,231,440,319,96,298,160,351,392,297,448,164,264
514,453,211,98,580,124,549,165,184,216,441,328,1056,353,253,298,401,1058,557,72,299,566,365,245,380,139,362,261,259,697,811,1632,337,599,117,574,564,89,278,573,356,86,424,223,478,508,354,594,233,386
843,798,351,142,941,191,848,299,291,367,761,1056,814,599,408,497,643,1481,941,135,523,907,522,350,581,205,595,444,458,1166,1395,2458,525,838,224,981,851,143,463,1034,592,187,685,366,710,848,570,919,318,598
372,282,131,55,363,72,312,103,100,141,285,353,599,107,161,175,220,576,321,33,180,321,187,144,209,94,247,165,171,389,511,920,173,313,69,344,322,43,169,335,211,69,237,110,249,313,216,348,110,241
340,211,99,57,247,82,280,89,80,118,232,253,408,161,62,116,206,438,278,37,139,257,147,112,153,70,180,123,133,312,407,729,128,237,59,281,224,51,152,300,174,47,221,97,169,270,135,264,83,200
329,229,107,57,297,72,286,88,80,124,255,298,497,175,116,74,216,512,270,41,148,288,150,116,173,85,206,131,154,323,409,819,132,281,67,285,263,45,149,289,167,50,214,96,230,291,162,290,94,185
371,328,147,70,350,102,375,111,121,147,291,401,643,220,206,216,145,632,342,50,197,384,215,155,257,99,262,156,185,459,536,1038,204,324,87,377,367,81,179,402,234,77,299,136,305,361,245,387,149,225
842,774,351,139,973,198,875,282,276,357,742,1058,1481,576,438,512,632,806,967,126,520,964,542,345,570,205,588,450,427,1162,1392,2438,477,871,223,997,816,154,464,971,580,190,680,343,671,790,597,876,313,612
496,423,196,73,534,91,498,173,156,182,445,557,941,321,278,270,342,967,253,77,289,461,324,220,362,129,352,201,262,664,759,1466,290,453,115,528,474,82,252,569,344,122,385,180,418,451,301,507,201,352
69,48,27,12,65,22,74,18,25,27,51,72,135,33,37,41,50,126,77,2,34,74,40,22,48,15,37,27,24,75,97,163,36,66,10,64,58,7,32,59,52,15,46,28,51,62,31,58,31,39
317,232,103,55,276,67,285,74,88,129,247,299,523,180,139,148,197,520,289,34,69,321,158,121,196,67,183,129,121,324,410,749,155,272,51,265,288,42,141,315,203,46,207,97,236,264,189,305,111,207
516,449,204,86,540,115,518,171,169,195,440,566,907,321,257,288,384,964,461,74,321,254,311,210,362,135,336,243,273,711,779,1369,277,501,107,579,500,74,249,529,351,108,394,197,393,433,329,528,177,353
378,280,112,43,318,80,295,115,102,124,259,365,522,187,147,150,215,542,324,40,158,311,94,128,236,96,217,145,144,354,460,854,164,260,64,315,260,60,154,292,202,78,220,117,248,252,171,343,114,215
209,166,81,30,212,32,196,64,72,126,178,245,350,144,112,116,155,345,220,22,121,210,128,45,144,51,134,113,91,255,313,560,125,168,45,227,198,27,81,202,119,37,166,77,166,184,143,200,73,152
397,268,122,68,336,97,326,123,118,156,305,380,581,209,153,173,257,570,362,48,196,362,236,144,117,85,213,162,160,422,516,973,198,312,86,353,298,57,191,380,225,70,288,129,237,289,193,357,145,261
165,127,53,22,139,44,120,44,49,50,107,139,205,94,70,85,99,205,129,15,67,135,96,51,85,21,91,65,73,142,173,368,69,132,31,127,129,20,67,123,85,24,117,42,106,114,85,115,37,87
378,301,153,60,342,77,316,124,125,149,291,362,595,247,180,206,262,588,352,37,183,336,217,134,213,91,113,165,156,409,510,957,176,341,62,363,327,51,177,363,201,69,299,122,257,317,203,335,121,247
292,213,102,36,225,47,211,88,75,116,220,261,444,165,123,131,156,450,201,27,129,243,145,113,162,65,165,46,115,289,378,706,136,207,44,250,233,43,123,246,151,50,185,65,188,210,155,248,98,155
331,210,105,54,245,69,252,65,70,102,221,259,458,171,133,154,185,427,262,24,121,273,144,91,160,73,156,115,53,310,406,693,127,239,58,265,265,32,105,255,149,58,198,69,222,231,161,267,87,196
614,512,236,98,649,126,600,185,217,279,538,697,1166,389,312,323,459,1162,664,75,324,711,354,255,422,142,409,289,310,379,1020,1874,362,566,169,685,537,90,314,700,421,133,470,259,537,600,450,626,257,434
734,711,327,124,786,180,766,209,252,295,614,811,1395,511,407,409,536,1392,759,97,410,779,460,313,516,173,510,378,406,1020,630,2086,451,747,170,822,711,130,386,845,512,181,561,295,626,697,496,790,269,507
1157,1192,595,204,1412,297,1341,408,440,577,1213,1632,2458,920,729,819,1038,2438,1466,163,749,1369,854,560,973,368,957,706,693,1874,2086,1968,726,1297,311,1557,1284,237,652,1479,968,314,1071,580,1140,1272,883,1422,493,929
262,256,114,41,268,67,257,86,84,117,239,337,525,173,128,132,204,477,290,36,155,277,164,125,198,69,176,136,127,362,451,726,61,271,64,326,241,39,148,318,173,57,203,109,232,230,170,287,107,193
486,392,210,87,466,110,460,162,152,185,390,599,838,313,237,281,324,871,453,66,272,501,260,168,312,132,341,207,239,566,747,1297,271,214,106,552,444,85,238,494,298,109,361,155,398,432,293,498,170,308
93,99,41,20,130,30,99,34,35,34,85,117,224,69,59,67,87,223,115,10,51,107,64,45,86,31,62,44,58,169,170,311,64,106,8,136,99,12,45,132,69,23,97,48,86,96,73,120,42,80
505,460,212,94,543,120,497,144,163,202,458,574,981,344,281,285,377,997,528,64,265,579,315,227,353,127,363,250,265,685,822,1557,326,552,136,245,486,96,265,627,366,106,425,199,428,525,353,542,218,326
497,379,187,68,464,95,457,150,150,216,410,564,851,322,224,263,367,816,474,58,288,500,260,198,298,129,327,233,265,537,711,1284,241,444,99,486,216,85,232,491,316,89,369,157,361,427,307,490,145,294
85,65,38,13,74,17,73,23,22,25,68,89,143,43,51,45,81,154,82,7,42,74,60,27,57,20,51,43,32,90,130,237,39,85,12,96,85,8,46,85,63,20,69,23,55,83,46,93,32,74
261,216,102,46,258,52,228,62,75,107,231,278,463,169,152,149,179,464,252,32,141,249,154,81,191,67,177,123,105,314,386,652,148,238,45,265,232,46,52,267,139,37,212,99,218,244,158,248,100,176
472,484,202,72,528,118,512,170,164,216,440,573,1034,335,300,289,402,971,569,59,315,529,292,202,380,123,363,246,255,700,845,1479,318,494,132,627,491,85,267,280,347,108,399,216,425,480,344,562,205,363
315,291,128,73,345,69,309,98,120,142,319,356,592,211,174,167,234,580,344,52,203,351,202,119,225,85,201,151,149,421,512,968,173,298,69,366,316,63,139,347,107,51,258,132,262,309,215,336,131,203
106,94,47,27,100,32,107,29,29,42,96,86,187,69,47,50,77,190,122,15,46,108,78,37,70,24,69,50,58,133,181,314,57,109,23,106,89,20,37,108,51,12,79,32,83,96,59,118,35,69
376,354,179,62,368,74,377,129,130,168,298,424,685,237,221,214,299,680,385,46,207,394,220,166,288,117,299,185,198,470,561,1071,203,361,97,425,369,69,212,399,258,79,148,147,333,335,248,389,167,272
169,167,86,21,166,34,183,53,69,73,160,223,366,110,97,96,136,343,180,28,97,197,117,77,129,42,122,65,69,259,295,580,109,155,48,199,157,23,99,216,132,32,147,38,138,171,120,196,72,128
458,334,175,74,423,94,400,142,152,181,351,478,710,249,169,230,305,671,418,51,236,393,248,166,237,106,257,188,222,537,626,1140,232,398,86,428,361,55,218,425,262,83,333,138,143,334,252,436,167,303
394,432,182,64,471,106,419,133,129,180,392,508,848,313,270,291,361,790,451,62,264,433,252,184,289,114,317,210,231,600,697,1272,230,432,96,525,427,83,244,480,309,96,335,171,334,200,264,475,150,298
346,256,124,53,318,69,342,94,97,121,297,354,570,216,135,162,245,597,301,31,189,329,171,143,193,85,203,155,161,450,496,883,170,293,73,353,307,46,158,344,215,59,248,120,252,264,88,358,109,225
470,462,221,93,565,130,485,165,176,231,448,594,919,348,264,290,387,876,507,58,305,528,343,200,357,115,335,248,267,626,790,1422,287,498,120,542,490,93,248,562,336,118,389,196,436,475,358,253,217,353
174,187,81,31,178,44,206,74,62,76,164,233,318,110,83,94,149,313,201,31,111,177,114,73,145,37,121,98,87,257,269,493,107,170,42,218,145,32,100,205,131,35,167,72,167,150,109,217,35,135
341,265,142,64,346,71,312,108,95,133,264,386,598,241,200,185,225,612,352,39,207,353,215,152,261,87,247,155,196,434,507,929,193,308,80,326,294,74,176,363,203,69,272,128,303,298,225,353,135,108
