253,488,199,97,506,116,486,189,171,237,433,503,840,349,305,342,346,783,499,73,340,508,329,222,379,174,382,277,297,587,677,1170,252,471,122,521,461,88,222,459,299,115,368,189,443,450,353,467,171,385
488,189,164,74,434,102,430,140,127,152,357,460,749,303,244,247,334,742,435,47,223,453,287,184,281,119,279,199,228,573,651,1212,251,406,88,431,410,63,237,449,278,94,324,164,350,401,288,464,177,260
199,164,26,28,188,40,202,57,50,70,157,222,369,129,91,96,158,375,199,22,99,206,115,83,114,41,121,80,97,238,299,583,100,183,51,205,205,32,113,216,130,35,140,72,164,162,130,202,75,134
97,74,28,7,92,15,71,29,28,36,71,94,136,64,54,62,62,133,92,12,69,87,54,35,64,27,55,45,53,102,123,204,31,79,20,104,64,21,52,76,41,19,60,32,66,80,51,75,30,61
506,434,188,92,238,117,478,161,167,224,434,557,853,349,283,295,362,894,511,61,297,522,315,205,374,148,372,246,268,629,817,1426,275,475,144,525,499,79,263,537,343,106,379,196,415,457,318,542,194,341
116,102,40,15,117,13,95,34,39,45,92,113,203,79,71,70,73,193,116,14,73,120,56,38,77,35,75,55,71,141,159,300,66,97,21,118,92,24,54,120,74,20,84,34,88,95,65,106,41,73
486,430,202,71,478,95,217,145,140,197,379,547,846,319,275,320,363,851,488,47,239,498,284,179,316,130,317,222,288,562,687,1294,255,443,94,521,411,83,242,514,310,94,362,167,364,439,292,471,140,324
189,140,57,29,161,34,145,18,52,64,136,177,272,92,86,88,128,286,146,16,93,161,82,67,110,48,106,83,70,192,218,425,67,148,44,156,162,23,77,160,88,24,121,55,117,125,90,163,56,112
171,127,50,28,167,39,140,52,23,66,129,199,292,102,91,106,111,329,157,16,80,159,101,58,96,44,106,81,88,197,239,454,86,153,36,174,139,36,71,167,107,29,112,76,123,137,102,157,52,109
237,152,70,36,224,45,197,64,66,38,148,202,368,137,111,136,152,375,222,28,104,209,111,66,121,54,146,110,113,259,299,544,101,218,55,221,215,37,117,187,126,45,177,86,158,176,142,192,90,149
433,357,157,71,434,92,379,136,129,148,169,448,719,279,250,267,305,753,422,58,208,403,251,157,254,105,280,203,221,539,626,1112,212,392,102,419,396,73,203,388,306,79,318,169,315,367,273,413,177,277
503,460,222,94,557,113,547,177,199,202,448,326,1002,370,286,309,375,1013,570,80,305,603,324,218,354,113,343,270,275,725,861,1526,290,529,113,592,498,92,289,620,383,124,443,185,450,500,340,623,196,362
840,749,369,136,853,203,846,272,292,368,719,1002,787,578,511,507,664,1429,860,128,540,902,526,334,606,223,612,423,458,1113,1331,2364,477,847,192,987,803,144,413,937,575,190,695,314,696,888,608,912,354,598
349,303,129,64,349,79,319,92,102,137,279,370,578,91,197,215,245,579,374,43,204,341,181,130,208,81,211,142,172,402,516,898,173,320,69,349,317,64,151,345,207,74,263,125,252,298,226,310,126,221
305,244,91,54,283,71,275,86,91,111,250,286,511,197,68,125,196,490,254,26,115,272,186,115,189,69,195,117,133,299,423,745,152,257,64,262,275,43,129,302,175,56,201,90,236,228,171,260,118,194
342,247,96,62,295,70,320,88,106,136,267,309,507,215,125,76,198,535,285,26,152,307,186,144,194,84,236,135,151,373,456,793,163,291,63,306,299,46,147,315,189,65,225,98,260,259,169,297,117,189
346,334,158,62,362,73,363,128,111,152,305,375,664,245,196,198,127,662,371,34,205,349,220,178,242,80,255,175,197,450,571,1021,200,345,94,378,333,75,182,394,233,94,250,139,312,358,247,364,131,236
783,742,375,133,894,193,851,286,329,375,753,1013,1429,579,490,535,662,766,881,127,530,888,529,364,608,227,650,412,500,1069,1346,2436,479,849,196,948,853,159,452,913,584,175,694,332,735,839,566,989,357,657
499,435,199,92,511,116,488,146,157,222,422,570,860,374,254,285,371,881,247,63,324,438,335,207,328,124,323,219,242,602,733,1454,282,471,119,517,476,90,251,510,294,113,407,200,423,474,330,513,173,345
73,47,22,12,61,14,47,16,16,28,58,80,128,43,26,26,34,127,63,4,28,59,34,18,46,17,40,32,25,83,88,196,33,63,14,58,61,15,40,73,31,13,48,21,47,68,39,66,28,48
340,223,99,69,297,73,239,93,80,104,208,305,540,204,115,152,205,530,324,28,52,299,157,113,168,59,169,116,132,334,418,767,131,278,55,300,273,37,153,278,186,53,223,86,211,267,164,303,95,192
508,453,206,87,522,120,498,161,159,209,403,603,902,341,272,307,349,888,438,59,299,249,322,198,335,131,349,247,238,644,722,1406,290,482,131,532,491,92,251,555,322,114,399,199,385,433,326,524,174,344
329,287,115,54,315,56,284,82,101,111,251,324,526,181,186,186,220,529,335,34,157,322,82,122,194,68,209,131,148,361,461,838,163,284,76,309,251,55,144,311,212,66,251,122,220,299,194,302,113,169
222,184,83,35,205,38,179,67,58,66,157,218,334,130,115,144,178,364,207,18,113,198,122,28,140,52,133,96,100,248,286,591,101,194,52,214,198,41,119,199,133,43,144,67,154,181,113,200,79,137
379,281,114,64,374,77,316,110,96,121,254,354,606,208,189,194,242,608,328,46,168,335,194,140,103,75,224,135,158,410,479,935,203,304,61,315,318,55,163,359,224,62,251,122,247,328,212,341,125,228
174,119,41,27,148,35,130,48,44,54,105,113,223,81,69,84,80,227,124,17,59,131,68,52,75,14,82,61,68,147,174,369,76,119,27,129,109,20,67,123,90,34,96,51,109,131,82,127,51,94
382,279,121,55,372,75,317,106,106,146,280,343,612,211,195,236,255,650,323,40,169,349,209,133,224,82,107,167,188,423,494,963,199,321,72,340,316,66,179,344,233,65,254,119,281,368,221,337,122,228
277,199,80,45,246,55,222,83,81,110,203,270,423,142,117,135,175,412,219,32,116,247,131,96,135,61,167,42,123,306,383,668,127,227,55,260,229,39,116,282,147,39,157,72,168,223,135,258,92,163
297,228,97,53,268,71,288,70,88,113,221,275,458,172,133,151,197,500,242,25,132,238,148,100,158,68,188,123,64,315,343,696,129,241,62,229,243,39,141,260,173,64,211,94,216,250,151,249,102,177
587,573,238,102,629,141,562,192,197,259,539,725,1113,402,299,373,450,1069,602,83,334,644,361,248,410,147,423,306,315,427,966,1706,347,625,138,619,602,117,322,608,407,148,475,250,490,597,396,657,200,441
677,651,299,123,817,159,687,218,239,299,626,861,1331,516,423,456,571,1346,733,88,418,722,461,286,479,174,494,383,343,966,572,2083,411,717,171,809,644,138,378,787,470,159,566,283,572,688,496,748,266,514
1170,1212,583,204,1426,300,1294,425,454,544,1112,1526,2364,898,745,793,1021,2436,1454,196,767,1406,838,591,935,369,963,668,696,1706,2083,1870,760,1286,316,1483,1266,233,688,1488,969,288,1068,505,1115,1329,916,1386,554,943
252,251,100,31,275,66,255,67,86,101,212,290,477,173,152,163,200,479,282,33,131,290,163,101,203,76,199,127,129,347,411,760,68,252,65,288,252,50,119,310,198,50,197,109,222,243,177,259,107,194
471,406,183,79,475,97,443,148,153,218,392,529,847,320,257,291,345,849,471,63,278,482,284,194,304,119,321,227,241,625,717,1286,252,228,110,505,433,71,239,497,289,113,351,185,367,427,284,497,173,323
122,88,51,20,144,21,94,44,36,55,102,113,192,69,64,63,94,196,119,14,55,131,76,52,61,27,72,55,62,138,171,316,65,110,12,127,95,26,72,112,70,20,99,32,79,107,65,111,35,89
521,431,205,104,525,118,521,156,174,221,419,592,987,349,262,306,378,948,517,58,300,532,309,214,315,129,340,260,229,619,809,1483,288,505,127,280,477,101,269,537,336,119,391,208,449,515,353,540,213,368
461,410,205,64,499,92,411,162,139,215,396,498,803,317,275,299,333,853,476,61,273,491,251,198,318,109,316,229,243,602,644,1266,252,433,95,477,236,74,245,497,308,106,374,162,371,385,283,464,148,336
88,63,32,21,79,24,83,23,36,37,73,92,144,64,43,46,75,159,90,15,37,92,55,41,55,20,66,39,39,117,138,233,50,71,26,101,74,8,34,83,53,17,69,38,70,73,57,90,29,67
222,237,113,52,263,54,242,77,71,117,203,289,413,151,129,147,182,452,251,40,153,251,144,119,163,67,179,116,141,322,378,688,119,239,72,269,245,34,60,265,138,50,193,98,215,229,159,264,86,178
459,449,216,76,537,120,514,160,167,187,388,620,937,345,302,315,394,913,510,73,278,555,311,199,359,123,344,282,260,608,787,1488,310,497,112,537,497,83,265,290,320,111,391,204,449,482,337,571,200,333
299,278,130,41,343,74,310,88,107,126,306,383,575,207,175,189,233,584,294,31,186,322,212,133,224,90,233,147,173,407,470,969,198,289,70,336,308,53,138,320,111,65,271,113,312,302,204,344,130,198
115,94,35,19,106,20,94,24,29,45,79,124,190,74,56,65,94,175,113,13,53,114,66,43,62,34,65,39,64,148,159,288,50,113,20,119,106,17,50,111,65,14,90,34,82,94,49,115,28,82
368,324,140,60,379,84,362,121,112,177,318,443,695,263,201,225,250,694,407,48,223,399,251,144,251,96,254,157,211,475,566,1068,197,351,99,391,374,69,193,391,271,90,136,136,322,380,248,393,140,259
189,164,72,32,196,34,167,55,76,86,169,185,314,125,90,98,139,332,200,21,86,199,122,67,122,51,119,72,94,250,283,505,109,185,32,208,162,38,98,204,113,34,136,27,140,214,117,195,57,134
443,350,164,66,415,88,364,117,123,158,315,450,696,252,236,260,312,735,423,47,211,385,220,154,247,109,281,168,216,490,572,1115,222,367,79,449,371,70,215,449,312,82,322,140,147,400,280,426,123,270
450,401,162,80,457,95,439,125,137,176,367,500,888,298,228,259,358,839,474,68,267,433,299,181,328,131,368,223,250,597,688,1329,243,427,107,515,385,73,229,482,302,94,380,214,400,195,277,482,179,318
353,288,130,51,318,65,292,90,102,142,273,340,608,226,171,169,247,566,330,39,164,326,194,113,212,82,221,135,151,396,496,916,177,284,65,353,283,57,159,337,204,49,248,117,280,277,109,327,102,223
467,464,202,75,542,106,471,163,157,192,413,623,912,310,260,297,364,989,513,66,303,524,302,200,341,127,337,258,249,657,748,1386,259,497,111,540,464,90,264,571,344,115,393,195,426,482,327,280,177,336
171,177,75,30,194,41,140,56,52,90,177,196,354,126,118,117,131,357,173,28,95,174,113,79,125,51,122,92,102,200,266,554,107,173,35,213,148,29,86,200,130,28,140,57,123,179,102,177,30,143
385,260,134,61,341,73,324,112,109,149,277,362,598,221,194,189,236,657,345,48,192,344,169,137,228,94,228,163,177,441,514,943,194,323,89,368,336,67,178,333,198,82,259,134,270,318,223,336,143,88
