277,427,207,87,520,116,465,165,169,238,426,536,786,369,318,361,383,839,509,81,309,527,372,193,361,129,361,287,291,627,712,1205,258,499,93,511,484,89,257,499,291,117,373,167,432,438,347,488,169,382
427,189,169,86,458,106,393,126,149,191,391,475,798,270,210,217,303,794,422,48,250,409,239,159,264,89,259,171,222,543,657,1241,243,446,100,455,387,56,199,466,276,80,337,148,350,428,258,460,159,299
207,169,36,25,222,33,202,65,68,93,206,248,351,125,89,99,155,356,202,17,119,226,130,89,126,30,112,91,102,283,323,593,113,188,50,223,187,24,112,199,127,46,153,60,160,184,136,225,70,156
87,86,25,10,84,20,78,30,23,44,79,114,143,63,52,56,59,122,92,14,53,108,66,29,54,32,66,43,54,107,114,224,40,88,26,99,79,15,38,83,62,23,62,44,69,84,62,91,26,55
520,458,222,84,245,114,498,168,180,203,424,616,905,351,276,305,363,907,530,69,294,565,306,209,339,139,331,224,258,633,778,1436,301,496,120,595,461,94,253,565,342,113,402,196,415,474,327,522,206,332
116,106,33,20,114,12,120,37,34,57,97,144,203,87,61,61,73,199,123,18,64,133,76,48,74,24,77,63,63,153,180,287,58,109,29,117,102,21,56,110,95,28,79,47,91,101,70,114,38,70
465,393,202,78,498,120,237,161,172,215,412,580,931,295,258,283,364,880,492,62,282,498,292,187,304,105,322,223,260,661,743,1254,259,477,116,499,466,81,247,488,324,96,390,177,367,414,283,537,166,337
165,126,65,30,168,37,161,28,57,63,135,171,269,103,69,67,100,268,132,24,85,157,90,65,109,33,89,73,82,178,241,441,87,142,28,147,128,18,77,199,101,25,127,59,116,129,97,168,64,116
169,149,68,23,180,34,172,57,24,70,141,195,291,103,94,111,127,264,141,12,96,156,87,62,95,34,98,69,80,220,230,459,77,137,48,175,172,37,91,185,115,34,125,57,128,147,98,166,56,120
238,191,93,44,203,57,215,63,70,42,157,218,372,127,106,125,156,357,209,27,129,191,115,90,149,44,127,85,100,253,287,553,99,204,41,218,185,43,112,230,122,40,162,97,175,184,126,225,79,135
426,391,206,79,424,97,412,135,141,157,154,455,774,280,227,230,335,760,454,51,241,430,268,171,295,93,274,222,206,560,629,1109,200,407,109,434,399,82,237,439,303,102,325,158,339,376,306,429,162,284
536,475,248,114,616,144,580,171,195,218,455,345,1035,420,267,320,412,996,578,88,330,610,291,245,350,135,343,255,292,748,869,1590,292,548,141,614,533,111,306,623,378,116,490,231,469,532,367,586,221,343
786,798,351,143,905,203,931,269,291,372,774,1035,798,607,507,515,646,1489,902,120,496,880,529,361,618,246,651,398,466,1188,1361,2436,483,855,196,943,859,144,415,970,613,209,704,353,751,824,568,991,279,605
369,270,125,63,351,87,295,103,103,127,280,420,607,110,176,187,229,617,316,34,171,312,204,127,203,82,211,159,183,421,446,901,172,304,81,326,314,52,152,316,206,61,271,128,250,281,194,324,119,227
318,210,89,52,276,61,258,69,94,106,227,267,507,176,75,137,193,461,248,34,148,277,174,104,177,65,166,153,129,314,386,727,152,243,67,282,265,44,139,268,164,46,214,91,214,224,186,269,99,174
361,217,99,56,305,61,283,67,111,125,230,320,515,187,137,74,211,520,272,33,144,287,180,112,193,75,187,156,133,333,428,789,158,272,75,281,283,41,131,323,199,45,216,100,232,275,183,306,113,193
383,303,155,59,363,73,364,100,127,156,335,412,646,229,193,211,143,667,366,49,211,370,218,133,259,102,236,177,175,457,535,1021,221,369,88,363,339,65,172,401,241,66,287,142,288,376,250,388,166,251
839,794,356,122,907,199,880,268,264,357,760,996,1489,617,461,520,667,845,913,118,483,875,521,381,611,216,635,396,442,1119,1349,2465,455,817,203,940,782,164,454,949,599,216,722,327,756,832,588,958,277,587
509,422,202,92,530,123,492,132,141,209,454,578,902,316,248,272,366,913,246,63,280,476,317,196,359,143,337,248,256,658,781,1445,284,470,140,544,476,84,243,558,336,108,381,186,398,465,349,527,193,371
81,48,17,14,69,18,62,24,12,27,51,88,120,34,34,33,49,118,63,4,31,54,34,26,41,16,41,35,30,96,86,202,33,66,13,79,67,11,29,71,34,15,50,29,51,75,44,80,25,52
309,250,119,53,294,64,282,85,96,129,241,330,496,171,148,144,211,483,280,31,82,281,151,99,168,63,161,122,142,352,435,772,153,270,65,267,297,45,159,278,173,52,214,90,218,254,170,311,115,224
527,409,226,108,565,133,498,157,156,191,430,610,880,312,277,287,370,875,476,54,281,259,298,203,345,134,351,260,257,660,760,1410,254,488,113,568,497,90,256,552,336,94,390,162,422,458,318,521,172,368
372,239,130,66,306,76,292,90,87,115,268,291,529,204,174,180,218,521,317,34,151,298,97,115,196,52,165,150,131,341,407,821,164,287,69,317,309,40,174,318,201,48,241,93,251,278,196,323,109,206
193,159,89,29,209,48,187,65,62,90,171,245,361,127,104,112,133,381,196,26,99,203,115,37,121,41,114,93,120,259,312,544,109,195,47,224,189,29,108,209,137,41,176,71,154,206,118,195,75,161
361,264,126,54,339,74,304,109,95,149,295,350,618,203,177,193,259,611,359,41,168,345,196,121,87,73,199,148,153,416,509,933,180,317,77,321,299,58,179,332,222,80,256,118,235,302,191,358,105,224
129,89,30,32,139,24,105,33,34,44,93,135,246,82,65,75,102,216,143,16,63,134,52,41,73,19,70,50,57,157,204,369,67,124,23,127,128,21,63,124,73,30,94,46,93,111,70,119,43,84
361,259,112,66,331,77,322,89,98,127,274,343,651,211,166,187,236,635,337,41,161,351,165,114,199,70,94,160,179,433,499,977,179,316,78,362,322,48,158,331,211,65,275,126,257,292,199,369,123,238
287,171,91,43,224,63,223,73,69,85,222,255,398,159,153,156,177,396,248,35,122,260,150,93,148,50,160,49,142,270,354,615,110,206,49,235,242,32,110,240,123,37,172,92,189,224,158,239,78,152
291,222,102,54,258,63,260,82,80,100,206,292,466,183,129,133,175,442,256,30,142,257,131,120,153,57,179,142,68,316,395,722,136,253,56,241,260,29,136,267,173,52,194,100,202,220,143,267,95,184
627,543,283,107,633,153,661,178,220,253,560,748,1188,421,314,333,457,1119,658,96,352,660,341,259,416,157,433,270,316,396,971,1800,360,596,156,625,591,111,300,737,420,141,510,276,547,571,394,675,262,389
712,657,323,114,778,180,743,241,230,287,629,869,1361,446,386,428,535,1349,781,86,435,760,407,312,509,204,499,354,395,971,546,2090,388,701,191,828,755,148,427,799,506,167,599,306,604,692,522,822,294,488
1205,1241,593,224,1436,287,1254,441,459,553,1109,1590,2436,901,727,789,1021,2465,1445,202,772,1410,821,544,933,369,977,615,722,1800,2090,1950,725,1315,321,1545,1233,249,703,1552,976,306,1027,544,1152,1279,891,1442,486,931
258,243,113,40,301,58,259,87,77,99,200,292,483,172,152,158,221,455,284,33,153,254,164,109,180,67,179,110,136,360,388,725,78,261,66,312,246,43,156,306,185,72,198,115,235,260,185,297,78,205
499,446,188,88,496,109,477,142,137,204,407,548,855,304,243,272,369,817,470,66,270,488,287,195,317,124,316,206,253,596,701,1315,261,229,111,512,451,77,247,484,292,82,381,184,372,419,281,505,188,322
93,100,50,26,120,29,116,28,48,41,109,141,196,81,67,75,88,203,140,13,65,113,69,47,77,23,78,49,56,156,191,321,66,111,17,106,95,20,52,119,89,22,81,51,100,114,82,118,45,87
511,455,223,99,595,117,499,147,175,218,434,614,943,326,282,281,363,940,544,79,267,568,317,224,321,127,362,235,241,625,828,1545,312,512,106,289,531,87,258,588,327,115,388,220,410,527,345,546,211,364
484,387,187,79,461,102,466,128,172,185,399,533,859,314,265,283,339,782,476,67,297,497,309,189,299,128,322,242,260,591,755,1233,246,451,95,531,229,68,226,491,291,93,356,178,375,402,290,527,166,310
89,56,24,15,94,21,81,18,37,43,82,111,144,52,44,41,65,164,84,11,45,90,40,29,58,21,48,32,29,111,148,249,43,77,20,87,68,7,43,87,52,13,61,37,79,77,62,89,29,66
257,199,112,38,253,56,247,77,91,112,237,306,415,152,139,131,172,454,243,29,159,256,174,108,179,63,158,110,136,300,427,703,156,247,52,258,226,43,60,286,154,30,200,89,205,251,186,280,108,193
499,466,199,83,565,110,488,199,185,230,439,623,970,316,268,323,401,949,558,71,278,552,318,209,332,124,331,240,267,737,799,1552,306,484,119,588,491,87,286,286,358,112,430,202,438,484,339,549,197,376
291,276,127,62,342,95,324,101,115,122,303,378,613,206,164,199,241,599,336,34,173,336,201,137,222,73,211,123,173,420,506,976,185,292,89,327,291,52,154,358,118,75,275,129,273,320,200,365,134,218
117,80,46,23,113,28,96,25,34,40,102,116,209,61,46,45,66,216,108,15,52,94,48,41,80,30,65,37,52,141,167,306,72,82,22,115,93,13,30,112,75,9,75,43,73,102,62,101,28,89
373,337,153,62,402,79,390,127,125,162,325,490,704,271,214,216,287,722,381,50,214,390,241,176,256,94,275,172,194,510,599,1027,198,381,81,388,356,61,200,430,275,75,133,144,320,359,253,380,122,300
167,148,60,44,196,47,177,59,57,97,158,231,353,128,91,100,142,327,186,29,90,162,93,71,118,46,126,92,100,276,306,544,115,184,51,220,178,37,89,202,129,43,144,26,152,168,121,172,69,119
432,350,160,69,415,91,367,116,128,175,339,469,751,250,214,232,288,756,398,51,218,422,251,154,235,93,257,189,202,547,604,1152,235,372,100,410,375,79,205,438,273,73,320,152,159,382,240,426,147,305
438,428,184,84,474,101,414,129,147,184,376,532,824,281,224,275,376,832,465,75,254,458,278,206,302,111,292,224,220,571,692,1279,260,419,114,527,402,77,251,484,320,102,359,168,382,247,293,470,152,321
347,258,136,62,327,70,283,97,98,126,306,367,568,194,186,183,250,588,349,44,170,318,196,118,191,70,199,158,143,394,522,891,185,281,82,345,290,62,186,339,200,62,253,121,240,293,114,362,120,225
488,460,225,91,522,114,537,168,166,225,429,586,991,324,269,306,388,958,527,80,311,521,323,195,358,119,369,239,267,675,822,1442,297,505,118,546,527,89,280,549,365,101,380,172,426,470,362,256,172,367
169,159,70,26,206,38,166,64,56,79,162,221,279,119,99,113,166,277,193,25,115,172,109,75,105,43,123,78,95,262,294,486,78,188,45,211,166,29,108,197,134,28,122,69,147,152,120,172,24,147
382,299,156,55,332,70,337,116,120,135,284,343,605,227,174,193,251,587,371,52,224,368,206,161,224,84,238,152,184,389,488,931,205,322,87,364,310,66,193,376,218,89,300,119,305,321,225,367,147,89
