251,458,217,87,513,104,466,192,167,248,464,501,871,382,345,381,373,796,516,81,322,522,357,229,370,153,385,266,308,567,717,1198,248,480,117,501,518,85,250,482,322,109,376,186,439,430,361,498,174,351
458,163,186,84,443,99,414,119,124,152,334,485,794,312,229,248,303,843,421,49,253,457,253,175,267,105,277,198,216,551,666,1251,254,397,100,453,436,73,194,455,282,79,347,158,360,409,291,466,173,275
217,186,37,40,201,47,190,64,61,99,192,207,354,146,114,117,158,364,212,21,110,208,109,88,127,46,128,93,80,244,317,558,107,199,54,211,192,31,102,231,123,35,146,85,164,201,127,205,71,135
87,84,40,13,98,31,92,25,26,39,75,90,158,61,44,43,54,154,70,16,50,82,64,33,62,17,62,45,46,104,121,216,40,89,21,97,86,16,49,86,48,19,54,34,73,78,61,82,30,68
513,443,201,98,267,128,527,159,176,189,432,622,969,361,267,290,388,928,520,55,277,553,285,221,354,109,332,257,264,644,767,1426,271,509,130,547,472,82,286,555,327,100,418,194,415,483,324,485,195,337
104,99,47,31,128,11,102,35,26,50,97,117,190,79,54,51,69,213,100,19,90,110,80,43,83,23,81,67,67,144,150,251,52,104,32,119,101,26,52,100,67,17,85,42,84,98,74,113,41,92
466,414,190,92,527,102,234,125,125,196,404,578,869,306,258,261,343,882,499,73,277,499,285,184,336,108,320,238,254,592,744,1360,252,479,113,507,489,89,229,507,320,92,366,182,380,440,331,477,158,321
192,119,64,25,159,35,125,26,49,66,140,162,249,113,104,95,110,272,141,29,93,163,98,55,109,30,93,59,80,192,224,418,91,128,35,158,132,24,68,162,115,22,128,62,119,144,91,180,67,103
167,124,61,26,176,26,125,49,28,70,146,200,271,105,78,100,109,275,180,21,102,186,72,56,106,41,120,85,92,211,269,468,78,127,41,179,129,38,88,147,105,40,139,50,110,162,100,176,56,123
248,152,99,39,189,50,196,66,70,47,186,222,341,134,114,127,146,365,212,34,116,217,104,96,125,47,117,96,113,234,308,528,102,204,51,203,195,36,93,227,142,37,163,71,170,165,139,206,81,155
464,334,192,75,432,97,404,140,146,186,186,485,764,304,235,261,317,744,401,57,243,435,286,188,280,120,282,215,229,535,607,1129,224,420,107,473,426,76,219,468,301,92,336,153,381,328,275,421,165,311
501,485,207,90,622,117,578,162,200,222,485,286,991,335,292,350,377,1058,550,75,303,577,320,223,352,170,408,262,274,714,863,1667,296,520,116,590,529,93,278,612,359,111,431,229,430,538,358,546,202,357
871,794,354,158,969,190,869,249,271,341,764,991,771,581,488,504,677,1492,902,130,540,932,524,370,596,238,611,419,495,1175,1332,2488,467,835,204,1009,835,148,425,1013,592,179,683,349,759,843,562,938,301,573
382,312,146,61,361,79,306,113,105,134,304,335,581,97,186,195,243,571,323,45,198,346,212,145,242,87,218,180,164,401,475,917,184,336,70,360,311,47,164,327,202,59,231,121,273,274,206,333,149,213
345,229,114,44,267,54,258,104,78,114,235,292,488,186,68,132,190,513,294,29,135,300,190,106,151,72,181,128,140,342,397,747,146,282,55,252,244,42,162,273,166,62,210,93,218,234,161,274,104,185
381,248,117,43,290,51,261,95,100,127,261,350,504,195,132,85,226,545,313,34,145,304,197,106,175,77,181,119,152,327,418,823,152,264,67,278,274,48,174,285,167,68,235,105,232,256,173,322,97,219
373,303,158,54,388,69,343,110,109,146,317,377,677,243,190,226,131,645,381,44,209,379,197,147,262,83,242,176,178,465,588,1025,185,341,92,393,330,64,181,367,241,64,267,132,299,340,238,377,145,231
796,843,364,154,928,213,882,272,275,365,744,1058,1492,571,513,545,645,849,883,93,508,881,509,373,603,232,612,414,465,1165,1330,2412,481,826,219,974,857,148,477,1030,610,187,709,365,740,841,567,908,319,608
516,421,212,70,520,100,499,141,180,212,401,550,902,323,294,313,381,883,276,68,286,478,293,214,303,117,308,243,262,618,718,1355,267,492,113,536,455,94,235,518,352,99,382,194,383,455,290,500,216,334
81,49,21,16,55,19,73,29,21,34,57,75,130,45,29,34,44,93,68,6,39,66,40,37,33,12,33,35,38,89,98,179,38,71,17,58,70,11,28,66,38,11,47,20,53,70,41,55,30,41
322,253,110,50,277,90,277,93,102,116,243,303,540,198,135,145,209,508,286,39,63,301,169,131,171,65,183,119,154,336,447,788,167,264,61,253,272,46,142,298,173,47,211,96,238,240,183,291,121,187
522,457,208,82,553,110,499,163,186,217,435,577,932,346,300,304,379,881,478,66,301,259,314,228,346,122,339,241,256,646,760,1402,269,531,112,542,487,77,244,533,346,98,391,211,401,472,342,509,212,346
357,253,109,64,285,80,285,98,72,104,286,320,524,212,190,197,197,509,293,40,169,314,102,132,182,83,211,140,130,377,441,819,177,316,63,299,335,37,125,307,197,59,225,120,270,254,193,298,117,197
229,175,88,33,221,43,184,55,56,96,188,223,370,145,106,106,147,373,214,37,131,228,132,40,152,42,134,101,98,236,307,564,104,205,48,228,216,36,101,204,128,41,148,91,165,175,136,214,86,135
370,267,127,62,354,83,336,109,106,125,280,352,596,242,151,175,262,603,303,33,171,346,182,152,98,98,217,160,165,433,515,944,190,348,82,352,308,51,180,361,204,59,256,117,235,292,189,353,117,236
153,105,46,17,109,23,108,30,41,47,120,170,238,87,72,77,83,232,117,12,65,122,83,42,98,15,76,52,70,139,198,351,76,131,26,134,128,27,56,135,89,17,106,38,114,107,82,135,43,98
385,277,128,62,332,81,320,93,120,117,282,408,611,218,181,181,242,612,308,33,183,339,211,134,217,76,105,166,180,422,555,934,194,343,72,341,337,60,163,356,214,50,281,124,261,289,213,358,118,223
266,198,93,45,257,67,238,59,85,96,215,262,419,180,128,119,176,414,243,35,119,241,140,101,160,52,166,50,118,292,347,690,140,237,52,235,248,31,114,259,144,44,192,95,214,231,142,247,114,171
308,216,80,46,264,67,254,80,92,113,229,274,495,164,140,152,178,465,262,38,154,256,130,98,165,70,180,118,69,306,386,678,124,258,46,235,240,38,120,278,160,44,167,87,212,238,153,227,83,179
567,551,244,104,644,144,592,192,211,234,535,714,1175,401,342,327,465,1165,618,89,336,646,377,236,433,139,422,292,306,406,976,1847,365,550,163,663,613,92,322,730,391,134,524,241,529,614,416,689,256,418
717,666,317,121,767,150,744,224,269,308,607,863,1332,475,397,418,588,1330,718,98,447,760,441,307,515,198,555,347,386,976,580,2131,396,713,181,818,747,135,379,795,487,158,569,274,634,712,468,849,282,508
1198,1251,558,216,1426,251,1360,418,468,528,1129,1667,2488,917,747,823,1025,2412,1355,179,788,1402,819,564,944,351,934,690,678,1847,2131,1923,754,1311,295,1551,1304,259,665,1467,927,276,1045,528,1148,1299,920,1448,491,888
248,254,107,40,271,52,252,91,78,102,224,296,467,184,146,152,185,481,267,38,167,269,177,104,190,76,194,140,124,365,396,754,80,266,56,289,234,52,128,285,167,64,186,106,215,247,182,297,91,150
480,397,199,89,509,104,479,128,127,204,420,520,835,336,282,264,341,826,492,71,264,531,316,205,348,131,343,237,258,550,713,1311,266,198,110,490,407,60,242,495,291,98,365,188,447,439,311,490,175,316
117,100,54,21,130,32,113,35,41,51,107,116,204,70,55,67,92,219,113,17,61,112,63,48,82,26,72,52,46,163,181,295,56,110,10,129,129,12,53,144,68,23,87,46,106,104,76,112,38,82
501,453,211,97,547,119,507,158,179,203,473,590,1009,360,252,278,393,974,536,58,253,542,299,228,352,134,341,235,235,663,818,1551,289,490,129,267,528,95,268,591,340,110,440,216,383,499,360,564,219,354
518,436,192,86,472,101,489,132,129,195,426,529,835,311,244,274,330,857,455,70,272,487,335,216,308,128,337,248,240,613,747,1304,234,407,129,528,230,72,243,492,296,87,344,185,396,463,297,495,163,314
85,73,31,16,82,26,89,24,38,36,76,93,148,47,42,48,64,148,94,11,46,77,37,36,51,27,60,31,38,92,135,259,52,60,12,95,72,11,34,88,59,17,57,32,60,82,53,107,29,60
250,194,102,49,286,52,229,68,88,93,219,278,425,164,162,174,181,477,235,28,142,244,125,101,180,56,163,114,120,322,379,665,128,242,53,268,243,34,50,269,164,51,204,98,212,214,155,255,84,172
482,455,231,86,555,100,507,162,147,227,468,612,1013,327,273,285,367,1030,518,66,298,533,307,204,361,135,356,259,278,730,795,1467,285,495,144,591,492,88,269,294,385,110,415,209,449,515,348,542,205,364
322,282,123,48,327,67,320,115,105,142,301,359,592,202,166,167,241,610,352,38,173,346,197,128,204,89,214,144,160,391,487,927,167,291,68,340,296,59,164,385,108,70,265,144,263,293,214,322,117,247
109,79,35,19,100,17,92,22,40,37,92,111,179,59,62,68,64,187,99,11,47,98,59,41,59,17,50,44,44,134,158,276,64,98,23,110,87,17,51,110,70,2,95,47,78,112,60,115,30,66
376,347,146,54,418,85,366,128,139,163,336,431,683,231,210,235,267,709,382,47,211,391,225,148,256,106,281,192,167,524,569,1045,186,365,87,440,344,57,204,415,265,95,136,159,316,360,242,410,127,252
186,158,85,34,194,42,182,62,50,71,153,229,349,121,93,105,132,365,194,20,96,211,120,91,117,38,124,95,87,241,274,528,106,188,46,216,185,32,98,209,144,47,159,30,153,181,109,211,59,118
439,360,164,73,415,84,380,119,110,170,381,430,759,273,218,232,299,740,383,53,238,401,270,165,235,114,261,214,212,529,634,1148,215,447,106,383,396,60,212,449,263,78,316,153,177,356,232,431,148,289
430,409,201,78,483,98,440,144,162,165,328,538,843,274,234,256,340,841,455,70,240,472,254,175,292,107,289,231,238,614,712,1299,247,439,104,499,463,82,214,515,293,112,360,181,356,204,284,498,170,306
361,291,127,61,324,74,331,91,100,139,275,358,562,206,161,173,238,567,290,41,183,342,193,136,189,82,213,142,153,416,468,920,182,311,76,360,297,53,155,348,214,60,242,109,232,284,90,354,99,219
498,466,205,82,485,113,477,180,176,206,421,546,938,333,274,322,377,908,500,55,291,509,298,214,353,135,358,247,227,689,849,1448,297,490,112,564,495,107,255,542,322,115,410,211,431,498,354,266,158,331
174,173,71,30,195,41,158,67,56,81,165,202,301,149,104,97,145,319,216,30,121,212,117,86,117,43,118,114,83,256,282,491,91,175,38,219,163,29,84,205,117,30,127,59,148,170,99,158,30,127
351,275,135,68,337,92,321,103,123,155,311,357,573,213,185,219,231,608,334,41,187,346,197,135,236,98,223,171,179,418,508,888,150,316,82,354,314,60,172,364,247,66,252,118,289,306,219,331,127,119
