245,437,210,86,500,107,435,190,173,231,434,483,821,369,328,337,358,838,504,60,318,528,306,210,375,141,387,277,275,608,665,1182,259,467,100,478,457,91,282,454,303,120,351,157,419,429,359,498,176,358
437,194,166,75,450,92,406,141,134,175,371,496,790,257,217,240,304,819,455,51,218,433,261,156,299,110,291,198,202,576,655,1196,233,398,112,422,394,76,208,482,262,83,373,164,329,434,282,477,170,284
210,166,36,47,197,53,196,65,66,87,171,226,347,129,92,118,145,353,183,27,108,210,108,76,121,39,104,93,88,239,329,579,84,169,48,212,206,35,120,217,117,41,136,83,155,192,111,230,66,139
86,75,47,8,87,21,87,41,24,38,70,109,154,57,64,48,61,165,92,13,52,84,65,34,66,16,59,39,57,100,123,236,45,68,20,86,73,13,47,82,46,15,60,25,93,72,67,88,40,47
500,450,197,87,239,112,512,150,159,225,437,557,939,292,277,304,375,918,526,65,282,517,300,194,330,127,349,228,251,642,792,1405,267,459,106,567,483,83,249,531,357,115,386,192,392,467,335,556,176,383
107,92,53,21,112,6,103,48,24,58,101,111,153,74,52,67,86,181,118,14,68,119,72,51,86,28,74,43,57,140,161,277,52,90,29,114,101,19,49,100,67,20,78,42,104,91,78,119,39,72
435,406,196,87,512,103,225,154,157,209,445,503,847,317,276,307,359,896,474,55,266,486,292,200,340,138,345,214,237,589,736,1329,253,454,109,513,445,79,259,516,313,94,356,185,401,447,331,509,195,319
190,141,65,41,150,48,154,17,44,54,141,161,271,99,98,106,91,288,171,19,66,161,97,66,100,42,106,76,81,194,235,423,81,159,28,156,138,21,71,152,98,32,126,58,140,145,100,171,54,108
173,134,66,24,159,24,157,44,30,70,151,184,303,101,94,107,124,314,163,25,90,176,116,61,114,34,100,67,83,208,264,440,107,133,33,165,148,22,76,161,106,34,127,57,139,155,104,202,67,125
231,175,87,38,225,58,209,54,70,43,160,225,341,143,127,132,176,330,224,18,114,220,135,86,140,40,134,99,108,254,314,575,106,202,38,232,180,34,107,241,122,36,144,81,186,192,122,239,70,145
434,371,171,70,437,101,445,141,151,160,211,493,756,302,229,266,321,728,465,54,234,447,266,158,275,95,283,207,225,565,665,1171,266,367,99,436,382,63,221,444,273,79,322,158,357,384,248,482,149,315
483,496,226,109,557,111,503,161,184,225,493,315,998,378,316,322,387,999,577,87,321,583,326,240,372,128,353,264,279,689,835,1583,329,540,126,568,526,114,275,622,393,113,397,251,450,543,359,553,205,374
821,790,347,154,939,153,847,271,303,341,756,998,782,566,463,534,676,1418,890,119,491,912,539,307,624,215,602,454,450,1165,1279,2455,478,816,204,994,858,152,448,943,587,207,648,347,703,826,588,947,330,618
369,257,129,57,292,74,317,99,101,143,302,378,566,98,157,170,222,577,315,48,170,339,209,136,198,91,194,150,158,400,476,940,181,274,69,338,306,55,171,362,199,54,264,133,267,305,219,349,138,217
328,217,92,64,277,52,276,98,94,127,229,316,463,157,69,152,220,457,251,35,138,281,158,104,167,69,180,124,129,302,401,703,126,254,61,295,255,37,149,288,181,60,229,110,218,242,182,267,100,192
337,240,118,48,304,67,307,106,107,132,266,322,534,170,152,81,225,510,296,40,127,310,152,111,179,80,199,143,135,338,454,805,165,266,63,305,269,44,165,308,196,59,215,105,206,250,178,297,108,194
358,304,145,61,375,86,359,91,124,176,321,387,676,222,220,225,119,669,342,48,202,388,206,153,229,105,268,169,180,467,543,993,178,331,74,383,348,71,171,401,233,87,267,128,298,310,241,377,143,223
838,819,353,165,918,181,896,288,314,330,728,999,1418,577,457,510,669,732,870,109,491,887,513,349,607,211,632,433,471,1121,1358,2384,450,833,201,1000,824,144,499,984,553,196,679,339,722,818,574,974,292,611
504,455,183,92,526,118,474,171,163,224,465,577,890,315,251,296,342,870,240,63,283,464,283,204,307,122,343,252,239,616,746,1373,297,473,123,514,476,92,269,540,344,108,361,174,380,484,330,517,193,305
60,51,27,13,65,14,55,19,25,18,54,87,119,48,35,40,48,109,63,3,33,66,35,30,33,7,34,29,37,54,105,192,35,54,18,72,68,7,26,69,37,8,53,29,50,67,36,86,23,38
318,218,108,52,282,68,266,66,90,114,234,321,491,170,138,127,202,491,283,33,71,305,156,114,179,63,175,123,151,327,407,813,179,265,58,298,253,48,164,312,196,51,202,116,232,249,167,275,101,174
528,433,210,84,517,119,486,161,176,220,447,583,912,339,281,310,388,887,464,66,305,256,320,180,378,136,359,258,256,653,803,1409,273,481,120,587,464,93,258,534,346,114,422,191,413,480,322,547,190,342
306,261,108,65,300,72,292,97,116,135,266,326,539,209,158,152,206,513,283,35,156,320,88,107,190,77,199,127,162,369,469,867,146,271,72,298,287,43,131,293,183,50,223,113,232,274,212,323,122,204
210,156,76,34,194,51,200,66,61,86,158,240,307,136,104,111,153,349,204,30,114,180,107,23,115,44,112,81,90,268,310,543,98,168,44,235,192,47,94,207,121,38,155,82,147,194,135,218,90,144
375,299,121,66,330,86,340,100,114,140,275,372,624,198,167,179,229,607,307,33,179,378,190,115,118,84,201,156,155,426,516,945,177,324,88,354,348,40,178,329,190,65,260,126,232,359,208,348,129,206
141,110,39,16,127,28,138,42,34,40,95,128,215,91,69,80,105,211,122,7,63,136,77,44,84,11,65,72,58,158,208,363,76,119,21,143,133,20,63,120,88,31,114,46,108,117,68,158,43,88
387,291,104,59,349,74,345,106,100,134,283,353,602,194,180,199,268,632,343,34,175,359,199,112,201,65,101,146,159,453,500,927,206,271,66,366,325,62,175,351,197,68,286,132,254,312,215,415,129,229
277,198,93,39,228,43,214,76,67,99,207,264,454,150,124,143,169,433,252,29,123,258,127,81,156,72,146,57,117,283,342,716,120,202,53,214,203,44,122,257,153,52,202,96,182,223,134,248,73,163
275,202,88,57,251,57,237,81,83,108,225,279,450,158,129,135,180,471,239,37,151,256,162,90,155,58,159,117,65,318,357,671,135,243,51,240,248,42,136,246,147,50,201,96,191,216,168,265,87,174
608,576,239,100,642,140,589,194,208,254,565,689,1165,400,302,338,467,1121,616,54,327,653,369,268,426,158,453,283,318,384,976,1735,348,583,125,681,628,98,311,671,385,124,458,241,528,602,407,643,214,416
665,655,329,123,792,161,736,235,264,314,665,835,1279,476,401,454,543,1358,746,105,407,803,469,310,516,208,500,342,357,976,595,2075,425,711,193,787,725,154,390,798,536,176,546,292,650,711,519,793,285,533
1182,1196,579,236,1405,277,1329,423,440,575,1171,1583,2455,940,703,805,993,2384,1373,192,813,1409,867,543,945,363,927,716,671,1735,2075,1896,699,1274,301,1447,1327,247,668,1462,913,284,1020,535,1178,1253,923,1426,473,946
259,233,84,45,267,52,253,81,107,106,266,329,478,181,126,165,178,450,297,35,179,273,146,98,177,76,206,120,135,348,425,699,66,243,68,304,262,46,132,303,181,66,219,101,216,237,177,289,94,184
467,398,169,68,459,90,454,159,133,202,367,540,816,274,254,266,331,833,473,54,265,481,271,168,324,119,271,202,243,583,711,1274,243,211,102,508,419,72,221,504,285,89,352,162,399,433,323,507,170,301
100,112,48,20,106,29,109,28,33,38,99,126,204,69,61,63,74,201,123,18,58,120,72,44,88,21,66,53,51,125,193,301,68,102,15,114,103,18,44,131,83,19,73,54,100,106,80,126,51,75
478,422,212,86,567,114,513,156,165,232,436,568,994,338,295,305,383,1000,514,72,298,587,298,235,354,143,366,214,240,681,787,1447,304,508,114,297,483,82,288,563,357,104,401,195,450,518,375,542,199,350
457,394,206,73,483,101,445,138,148,180,382,526,858,306,255,269,348,824,476,68,253,464,287,192,348,133,325,203,248,628,725,1327,262,419,103,483,201,75,268,484,299,86,351,167,377,442,304,500,191,292
91,76,35,13,83,19,79,21,22,34,63,114,152,55,37,44,71,144,92,7,48,93,43,47,40,20,62,44,42,98,154,247,46,72,18,82,75,11,46,84,60,20,62,45,64,76,49,88,24,50
282,208,120,47,249,49,259,71,76,107,221,275,448,171,149,165,171,499,269,26,164,258,131,94,178,63,175,122,136,311,390,668,132,221,44,288,268,46,62,267,158,45,205,78,217,241,161,257,82,185
454,482,217,82,531,100,516,152,161,241,444,622,943,362,288,308,401,984,540,69,312,534,293,207,329,120,351,257,246,671,798,1462,303,504,131,563,484,84,267,289,362,116,396,199,404,500,336,536,201,360
303,262,117,46,357,67,313,98,106,122,273,393,587,199,181,196,233,553,344,37,196,346,183,121,190,88,197,153,147,385,536,913,181,285,83,357,299,60,158,362,109,73,270,141,252,323,236,350,122,208
120,83,41,15,115,20,94,32,34,36,79,113,207,54,60,59,87,196,108,8,51,114,50,38,65,31,68,52,50,124,176,284,66,89,19,104,86,20,45,116,73,10,83,39,72,104,71,119,37,85
351,373,136,60,386,78,356,126,127,144,322,397,648,264,229,215,267,679,361,53,202,422,223,155,260,114,286,202,201,458,546,1020,219,352,73,401,351,62,205,396,270,83,153,145,306,357,270,376,134,239
157,164,83,25,192,42,185,58,57,81,158,251,347,133,110,105,128,339,174,29,116,191,113,82,126,46,132,96,96,241,292,535,101,162,54,195,167,45,78,199,141,39,145,36,150,202,125,194,72,120
419,329,155,93,392,104,401,140,139,186,357,450,703,267,218,206,298,722,380,50,232,413,232,147,232,108,254,182,191,528,650,1178,216,399,100,450,377,64,217,404,252,72,306,150,160,399,265,401,151,279
429,434,192,72,467,91,447,145,155,192,384,543,826,305,242,250,310,818,484,67,249,480,274,194,359,117,312,223,216,602,711,1253,237,433,106,518,442,76,241,500,323,104,357,202,399,226,310,497,171,305
359,282,111,67,335,78,331,100,104,122,248,359,588,219,182,178,241,574,330,36,167,322,212,135,208,68,215,134,168,407,519,923,177,323,80,375,304,49,161,336,236,71,270,125,265,310,115,316,139,219
498,477,230,88,556,119,509,171,202,239,482,553,947,349,267,297,377,974,517,86,275,547,323,218,348,158,415,248,265,643,793,1426,289,507,126,542,500,88,257,536,350,119,376,194,401,497,316,248,176,319
176,170,66,40,176,39,195,54,67,70,149,205,330,138,100,108,143,292,193,23,101,190,122,90,129,43,129,73,87,214,285,473,94,170,51,199,191,24,82,201,122,37,134,72,151,171,139,176,34,135
358,284,139,47,383,72,319,108,125,145,315,374,618,217,192,194,223,611,305,38,174,342,204,144,206,88,229,163,174,416,533,946,184,301,75,350,292,50,185,360,208,85,239,120,279,305,219,319,135,118
