273,445,192,89,518,101,493,180,181,238,486,522,827,417,314,350,369,833,497,75,334,523,357,221,390,157,369,263,284,632,705,1240,237,514,107,524,497,88,274,463,332,110,353,184,481,410,308,489,180,390
445,194,156,73,451,98,435,145,149,176,367,483,822,285,221,231,308,802,465,46,223,460,257,181,268,105,284,195,216,541,672,1267,222,396,103,464,412,70,228,491,286,101,344,180,377,407,250,444,163,287
192,156,38,46,207,55,184,58,50,79,155,231,364,140,97,92,132,339,200,21,100,206,124,83,139,44,150,82,103,228,298,615,99,178,48,198,202,33,111,218,136,37,150,71,170,167,115,204,63,143
89,73,46,5,94,15,58,23,21,35,63,106,137,50,36,47,76,143,77,14,45,84,53,25,52,27,73,48,32,91,123,184,44,76,18,90,72,12,39,71,53,20,72,41,62,70,49,73,26,53
518,451,207,94,246,113,497,146,162,192,391,561,922,313,286,285,373,953,526,67,288,523,321,188,317,127,337,227,276,662,774,1423,267,478,126,549,476,85,266,553,298,107,398,213,408,470,311,512,187,360
101,98,55,15,113,12,82,39,39,50,89,116,189,67,55,69,85,192,101,13,56,102,66,41,82,40,93,62,53,146,155,287,49,93,25,137,98,19,59,103,65,36,97,51,85,96,62,105,26,82
493,435,184,58,497,82,215,149,145,184,387,558,835,298,233,284,357,846,509,60,267,524,297,182,321,123,319,216,238,573,697,1316,266,423,116,542,446,86,232,485,323,107,378,181,368,428,293,471,174,350
180,145,58,23,146,39,149,30,59,80,141,155,267,99,73,91,122,246,154,20,82,142,83,63,88,39,108,66,68,184,251,397,85,139,26,177,135,17,75,165,102,29,107,50,128,116,74,185,52,116
181,149,50,21,162,39,145,59,32,56,134,190,303,108,86,102,126,300,164,18,95,184,80,58,123,51,112,61,85,200,261,467,86,145,44,156,151,23,81,189,114,39,118,65,139,164,92,165,54,111
238,176,79,35,192,50,184,80,56,47,166,221,367,112,122,126,166,375,216,33,126,191,128,77,146,58,141,102,110,224,302,541,125,210,38,202,187,29,126,209,138,48,156,69,165,188,126,222,81,155
486,367,155,63,391,89,387,141,134,166,190,473,745,285,214,237,326,773,463,45,250,443,269,164,304,130,323,199,221,518,635,1142,215,390,102,497,424,84,217,448,275,96,327,165,332,388,250,462,157,314
522,483,231,106,561,116,558,155,190,221,473,300,1003,371,317,350,374,1019,565,63,318,591,316,245,348,130,367,250,280,699,884,1582,325,496,114,610,525,91,283,651,377,117,473,236,448,526,369,613,190,361
827,822,364,137,922,189,835,267,303,367,745,1003,806,540,496,524,666,1502,968,99,515,961,499,379,603,232,613,431,439,1195,1398,2441,505,853,192,988,828,148,460,1037,609,211,716,344,738,813,553,949,336,607
417,285,140,50,313,67,298,99,108,112,285,371,540,96,173,205,244,566,333,39,170,309,202,122,226,96,252,142,146,395,466,839,177,297,76,370,320,45,160,349,220,72,245,125,261,271,195,323,126,222
314,221,97,36,286,55,233,73,86,122,214,317,496,173,73,134,170,456,252,28,160,275,159,99,154,75,189,119,157,322,432,767,137,259,60,276,222,33,116,293,167,63,194,100,196,230,155,290,92,192
350,231,92,47,285,69,284,91,102,126,237,350,524,205,134,84,200,528,279,35,144,277,161,115,184,71,203,134,150,337,443,755,159,259,66,287,270,47,154,296,160,63,224,107,213,234,166,309,119,205
369,308,132,76,373,85,357,122,126,166,326,374,666,244,170,200,138,677,380,49,220,357,205,147,221,92,244,166,157,466,593,1032,201,351,75,369,347,57,194,405,257,69,264,151,292,375,192,392,135,257
833,802,339,143,953,192,846,246,300,375,773,1019,1502,566,456,528,677,824,976,94,518,903,511,372,574,224,595,447,463,1165,1353,2470,496,840,183,987,811,145,453,976,612,192,705,328,685,812,537,933,315,599
497,465,200,77,526,101,509,154,164,216,463,565,968,333,252,279,380,976,263,57,286,504,300,203,337,134,361,232,242,658,774,1429,299,482,112,532,482,96,265,525,342,110,380,173,407,465,292,532,208,340
75,46,21,14,67,13,60,20,18,33,45,63,99,39,28,35,49,94,57,4,29,74,33,25,30,14,34,33,38,89,89,157,26,65,15,73,72,11,32,81,45,9,52,27,41,63,32,62,14,49
334,223,100,45,288,56,267,82,95,126,250,318,515,170,160,144,220,518,286,29,77,263,158,116,190,57,186,129,140,355,415,806,158,253,68,291,237,37,143,293,186,62,207,103,212,251,183,274,113,229
523,460,206,84,523,102,524,142,184,191,443,591,961,309,275,277,357,903,504,74,263,283,367,204,344,119,361,222,268,654,749,1447,266,476,123,536,506,90,252,549,348,119,400,196,404,462,304,538,197,353
357,257,124,53,321,66,297,83,80,128,269,316,499,202,159,161,205,511,300,33,158,367,83,95,171,84,201,131,163,328,457,817,152,320,74,290,295,44,161,326,189,50,218,101,222,259,175,341,113,189
221,181,83,25,188,41,182,63,58,77,164,245,379,122,99,115,147,372,203,25,116,204,95,35,132,44,122,92,95,250,306,541,113,161,44,231,182,38,97,205,124,38,155,80,142,172,107,204,78,131
390,268,139,52,317,82,321,88,123,146,304,348,603,226,154,184,221,574,337,30,190,344,171,132,105,74,187,145,169,418,519,946,158,323,82,364,288,60,140,370,201,60,249,130,235,292,205,368,138,228
157,105,44,27,127,40,123,39,51,58,130,130,232,96,75,71,92,224,134,14,57,119,84,44,74,10,73,66,64,148,204,353,67,138,27,133,134,19,61,136,70,28,90,53,85,124,66,125,54,69
369,284,150,73,337,93,319,108,112,141,323,367,613,252,189,203,244,595,361,34,186,361,201,122,187,73,101,164,158,402,519,942,172,326,81,354,339,41,162,357,205,83,260,127,231,315,194,352,133,239
263,195,82,48,227,62,216,66,61,102,199,250,431,142,119,134,166,447,232,33,129,222,131,92,145,66,164,61,118,285,363,652,131,222,50,234,237,26,125,243,125,40,194,82,185,235,140,240,78,152
284,216,103,32,276,53,238,68,85,110,221,280,439,146,157,150,157,463,242,38,140,268,163,95,169,64,158,118,57,324,377,704,129,238,64,260,244,38,111,275,170,47,216,92,208,223,162,253,98,152
632,541,228,91,662,146,573,184,200,224,518,699,1195,395,322,337,466,1165,658,89,355,654,328,250,418,148,402,285,324,426,949,1804,379,621,138,663,602,117,323,682,376,128,484,216,533,569,374,639,236,411
705,672,298,123,774,155,697,251,261,302,635,884,1398,466,432,443,593,1353,774,89,415,749,457,306,519,204,519,363,377,949,587,2169,441,698,172,840,692,135,397,829,523,162,558,276,607,727,460,798,290,460
1240,1267,615,184,1423,287,1316,397,467,541,1142,1582,2441,839,767,755,1032,2470,1429,157,806,1447,817,541,946,353,942,652,704,1804,2169,1915,722,1270,325,1562,1255,241,708,1551,967,290,1107,521,1090,1293,904,1466,501,944
237,222,99,44,267,49,266,85,86,125,215,325,505,177,137,159,201,496,299,26,158,266,152,113,158,67,172,131,129,379,441,722,77,295,68,291,270,54,140,276,209,54,206,104,200,263,180,264,102,170
514,396,178,76,478,93,423,139,145,210,390,496,853,297,259,259,351,840,482,65,253,476,320,161,323,138,326,222,238,621,698,1270,295,215,111,531,457,71,239,487,322,107,371,181,402,406,328,488,203,337
107,103,48,18,126,25,116,26,44,38,102,114,192,76,60,66,75,183,112,15,68,123,74,44,82,27,81,50,64,138,172,325,68,111,19,130,90,21,51,115,70,24,96,38,99,106,77,127,48,81
524,464,198,90,549,137,542,177,156,202,497,610,988,370,276,287,369,987,532,73,291,536,290,231,364,133,354,234,260,663,840,1562,291,531,130,264,520,77,278,580,383,98,391,208,451,499,325,575,229,370
497,412,202,72,476,98,446,135,151,187,424,525,828,320,222,270,347,811,482,72,237,506,295,182,288,134,339,237,244,602,692,1255,270,457,90,520,235,84,237,478,322,102,391,180,381,413,305,470,165,327
88,70,33,12,85,19,86,17,23,29,84,91,148,45,33,47,57,145,96,11,37,90,44,38,60,19,41,26,38,117,135,241,54,71,21,77,84,1,45,91,56,28,65,32,60,80,36,95,26,42
274,228,111,39,266,59,232,75,81,126,217,283,460,160,116,154,194,453,265,32,143,252,161,97,140,61,162,125,111,323,397,708,140,239,51,278,237,45,73,271,163,60,187,89,189,214,144,283,95,186
463,491,218,71,553,103,485,165,189,209,448,651,1037,349,293,296,405,976,525,81,293,549,326,205,370,136,357,243,275,682,829,1551,276,487,115,580,478,91,271,289,336,108,422,208,423,475,353,586,182,367
332,286,136,53,298,65,323,102,114,138,275,377,609,220,167,160,257,612,342,45,186,348,189,124,201,70,205,125,170,376,523,967,209,322,70,383,322,56,163,336,101,72,233,124,280,338,224,346,116,219
110,101,37,20,107,36,107,29,39,48,96,117,211,72,63,63,69,192,110,9,62,119,50,38,60,28,83,40,47,128,162,290,54,107,24,98,102,28,60,108,72,10,88,47,62,94,59,119,41,80
353,344,150,72,398,97,378,107,118,156,327,473,716,245,194,224,264,705,380,52,207,400,218,155,249,90,260,194,216,484,558,1107,206,371,96,391,391,65,187,422,233,88,144,145,303,317,238,394,148,255
184,180,71,41,213,51,181,50,65,69,165,236,344,125,100,107,151,328,173,27,103,196,101,80,130,53,127,82,92,216,276,521,104,181,38,208,180,32,89,208,124,47,145,29,146,181,117,189,55,129
481,377,170,62,408,85,368,128,139,165,332,448,738,261,196,213,292,685,407,41,212,404,222,142,235,85,231,185,208,533,607,1090,200,402,99,451,381,60,189,423,280,62,303,146,130,347,260,413,161,263
410,407,167,70,470,96,428,116,164,188,388,526,813,271,230,234,375,812,465,63,251,462,259,172,292,124,315,235,223,569,727,1293,263,406,106,499,413,80,214,475,338,94,317,181,347,195,282,504,147,278
308,250,115,49,311,62,293,74,92,126,250,369,553,195,155,166,192,537,292,32,183,304,175,107,205,66,194,140,162,374,460,904,180,328,77,325,305,36,144,353,224,59,238,117,260,282,99,353,125,199
489,444,204,73,512,105,471,185,165,222,462,613,949,323,290,309,392,933,532,62,274,538,341,204,368,125,352,240,253,639,798,1466,264,488,127,575,470,95,283,586,346,119,394,189,413,504,353,282,188,364
180,163,63,26,187,26,174,52,54,81,157,190,336,126,92,119,135,315,208,14,113,197,113,78,138,54,133,78,98,236,290,501,102,203,48,229,165,26,95,182,116,41,148,55,161,147,125,188,38,125
390,287,143,53,360,82,350,116,111,155,314,361,607,222,192,205,257,599,340,49,229,353,189,131,228,69,239,152,152,411,460,944,170,337,81,370,327,42,186,367,219,80,255,129,263,278,199,364,125,126
