251,465,219,98,513,109,467,184,133,260,435,538,811,383,311,306,347,775,491,72,323,518,334,228,357,156,379,274,286,623,675,1169,226,501,117,514,515,88,247,471,314,107,377,181,430,436,335,467,180,364
465,187,173,89,441,107,379,137,156,174,355,527,812,292,245,243,310,801,429,40,223,408,256,182,285,90,269,210,197,538,650,1245,223,411,92,466,414,67,220,427,285,104,339,131,340,382,264,478,160,292
219,173,34,35,191,43,192,49,75,70,160,234,376,136,95,104,132,364,210,21,112,203,107,78,138,43,123,106,100,252,327,569,103,168,47,200,193,40,93,213,125,33,158,77,150,169,128,213,73,115
98,89,35,2,73,12,75,29,27,41,77,103,141,49,37,46,75,141,87,10,36,81,40,33,59,24,75,46,47,102,126,231,36,81,13,103,85,13,43,90,51,17,57,38,68,78,51,85,26,54
513,441,191,73,268,124,473,177,158,199,452,554,880,330,253,304,384,914,514,61,304,514,283,220,342,123,338,228,273,598,789,1426,286,455,108,523,472,104,285,585,362,86,379,193,426,468,316,539,172,356
109,107,43,12,124,8,103,36,48,49,90,127,175,67,56,78,101,173,97,16,58,101,51,42,71,31,96,61,62,135,175,273,39,116,19,128,116,16,64,119,67,20,83,47,93,98,71,112,31,75
467,379,192,75,473,103,250,135,173,210,390,548,867,307,245,274,328,870,490,55,257,477,267,196,325,131,347,246,242,612,767,1410,276,447,104,507,433,84,245,498,314,97,375,199,404,462,310,490,179,314
184,137,49,29,177,36,135,17,42,68,137,152,242,113,86,80,113,274,144,23,70,151,91,64,102,33,90,82,66,199,228,437,95,148,33,182,142,29,61,152,112,26,122,46,123,156,85,172,50,102
133,156,75,27,158,48,173,42,36,60,128,190,286,113,81,91,109,298,159,25,96,181,85,69,86,41,90,93,80,200,261,476,95,161,49,170,151,35,66,176,93,31,134,73,160,148,117,184,73,109
260,174,70,41,199,49,210,68,60,44,154,221,348,126,114,145,127,354,202,26,122,206,121,86,141,61,137,99,105,228,305,517,92,191,47,239,189,29,94,207,141,41,171,82,166,172,118,218,74,157
435,355,160,77,452,90,390,137,128,154,170,494,770,282,233,247,295,785,406,69,249,422,255,188,288,122,295,181,223,514,650,1137,231,411,94,452,388,59,195,434,258,87,351,165,368,370,269,458,150,298
538,527,234,103,554,127,548,152,190,221,494,293,1016,384,280,336,409,1020,524,65,286,597,293,241,391,140,384,268,267,720,892,1591,290,544,142,610,516,100,285,632,362,110,412,199,458,524,373,565,212,389
811,812,376,141,880,175,867,242,286,348,770,1016,794,571,486,543,649,1423,924,116,482,960,541,363,633,228,647,446,409,1191,1343,2402,483,831,214,1022,802,151,427,959,582,201,745,376,744,810,612,917,344,648
383,292,136,49,330,67,307,113,113,126,282,384,571,96,172,184,241,592,314,41,175,315,181,133,217,100,233,150,174,375,489,931,172,298,65,347,311,58,180,346,223,68,237,124,266,282,199,335,130,216
311,245,95,37,253,56,245,86,81,114,233,280,486,172,67,152,191,477,284,29,142,266,142,99,181,59,157,147,139,321,406,758,133,271,60,275,237,44,125,273,165,50,213,96,198,228,159,279,109,176
306,243,104,46,304,78,274,80,91,145,247,336,543,184,152,73,195,501,299,34,169,283,163,106,191,53,172,140,144,350,457,819,152,319,59,269,292,48,128,315,196,69,206,111,216,262,180,321,113,193
347,310,132,75,384,101,328,113,109,127,295,409,649,241,191,195,126,667,366,49,213,393,216,152,241,100,239,162,180,461,561,965,198,329,95,344,350,72,166,367,276,83,303,124,314,336,248,374,146,256
775,801,364,141,914,173,870,274,298,354,785,1020,1423,592,477,501,667,803,931,109,468,956,568,344,609,254,641,437,414,1144,1304,2457,475,820,192,1026,810,153,450,965,553,202,718,344,681,873,603,955,351,600
491,429,210,87,514,97,490,144,159,202,406,524,924,314,284,299,366,931,268,66,290,464,307,189,300,125,320,240,241,637,767,1456,294,479,134,531,446,97,280,546,359,110,396,178,393,473,326,534,211,350
72,40,21,10,61,16,55,23,25,26,69,65,116,41,29,34,49,109,66,1,30,74,37,30,37,16,32,28,35,57,87,182,27,50,14,49,71,7,35,68,44,10,56,18,66,55,42,59,25,50
323,223,112,36,304,58,257,70,96,122,249,286,482,175,142,169,213,468,290,30,79,279,164,118,156,62,181,119,136,301,421,776,142,247,54,318,255,40,136,285,164,48,220,91,218,247,165,303,93,190
518,408,203,81,514,101,477,151,181,206,422,597,960,315,266,283,393,956,464,74,279,258,274,183,336,130,316,247,240,631,802,1431,310,447,121,581,468,109,274,549,358,113,357,187,407,447,312,536,201,347
334,256,107,40,283,51,267,91,85,121,255,293,541,181,142,163,216,568,307,37,164,274,74,118,182,65,184,124,137,379,497,840,160,241,80,298,256,42,153,322,201,60,251,107,236,236,190,329,117,227
228,182,78,33,220,42,196,64,69,86,188,241,363,133,99,106,152,344,189,30,118,183,118,35,128,54,136,89,84,272,307,535,112,167,46,230,196,33,98,199,142,38,148,75,156,167,139,190,73,153
357,285,138,59,342,71,325,102,86,141,288,391,633,217,181,191,241,609,300,37,156,336,182,128,113,77,214,142,184,424,499,971,176,292,71,336,303,61,174,367,211,70,265,115,270,266,201,361,117,258
156,90,43,24,123,31,131,33,41,61,122,140,228,100,59,53,100,254,125,16,62,130,65,54,77,12,77,54,59,150,190,371,75,117,27,94,132,20,65,130,79,30,115,54,97,113,72,141,47,102
379,269,123,75,338,96,347,90,90,137,295,384,647,233,157,172,239,641,320,32,181,316,184,136,214,77,110,125,147,414,512,1008,203,298,76,321,315,47,174,350,206,73,270,122,256,307,203,383,121,222
274,210,106,46,228,61,246,82,93,99,181,268,446,150,147,140,162,437,240,28,119,247,124,89,142,54,125,61,98,281,367,642,138,254,54,245,244,28,136,243,163,45,187,92,189,227,143,246,91,149
286,197,100,47,273,62,242,66,80,105,223,267,409,174,139,144,180,414,241,35,136,240,137,84,184,59,147,98,67,294,346,685,128,224,59,249,222,36,114,244,152,56,199,90,193,214,152,251,90,183
623,538,252,102,598,135,612,199,200,228,514,720,1191,375,321,350,461,1144,637,57,301,631,379,272,424,150,414,281,294,400,967,1820,350,621,151,683,564,114,321,697,426,137,488,252,514,613,412,685,278,420
675,650,327,126,789,175,767,228,261,305,650,892,1343,489,406,457,561,1304,767,87,421,802,497,307,499,190,512,367,346,967,576,2100,411,740,187,815,728,141,422,842,530,158,599,286,595,706,452,799,304,545
1169,1245,569,231,1426,273,1410,437,476,517,1137,1591,2402,931,758,819,965,2457,1456,182,776,1431,840,535,971,371,1008,642,685,1820,2100,1920,713,1310,360,1522,1247,247,709,1584,925,300,1062,549,1118,1317,947,1383,532,982
226,223,103,36,286,39,276,95,95,92,231,290,483,172,133,152,198,475,294,27,142,310,160,112,176,75,203,138,128,350,411,713,68,280,73,299,226,55,138,306,180,57,242,115,222,255,172,279,100,206
501,411,168,81,455,116,447,148,161,191,411,544,831,298,271,319,329,820,479,50,247,447,241,167,292,117,298,254,224,621,740,1310,280,215,98,492,438,97,254,505,303,94,338,174,388,443,305,491,168,337
117,92,47,13,108,19,104,33,49,47,94,142,214,65,60,59,95,192,134,14,54,121,80,46,71,27,76,54,59,151,187,360,73,98,13,115,94,21,45,107,89,26,92,47,86,130,67,105,38,85
514,466,200,103,523,128,507,182,170,239,452,610,1022,347,275,269,344,1026,531,49,318,581,298,230,336,94,321,245,249,683,815,1522,299,492,115,268,526,102,265,582,402,107,407,210,430,541,314,547,216,362
515,414,193,85,472,116,433,142,151,189,388,516,802,311,237,292,350,810,446,71,255,468,256,196,303,132,315,244,222,564,728,1247,226,438,94,526,227,93,222,496,291,95,350,166,367,430,297,481,179,340
88,67,40,13,104,16,84,29,35,29,59,100,151,58,44,48,72,153,97,7,40,109,42,33,61,20,47,28,36,114,141,247,55,97,21,102,93,9,43,96,55,17,71,31,72,83,55,106,35,48
247,220,93,43,285,64,245,61,66,94,195,285,427,180,125,128,166,450,280,35,136,274,153,98,174,65,174,136,114,321,422,709,138,254,45,265,222,43,72,289,175,47,186,102,191,253,145,296,96,164
471,427,213,90,585,119,498,152,176,207,434,632,959,346,273,315,367,965,546,68,285,549,322,199,367,130,350,243,244,697,842,1584,306,505,107,582,496,96,289,259,339,121,378,213,461,506,341,539,215,343
314,285,125,51,362,67,314,112,93,141,258,362,582,223,165,196,276,553,359,44,164,358,201,142,211,79,206,163,152,426,530,925,180,303,89,402,291,55,175,339,113,61,261,135,255,338,196,386,118,225
107,104,33,17,86,20,97,26,31,41,87,110,201,68,50,69,83,202,110,10,48,113,60,38,70,30,73,45,56,137,158,300,57,94,26,107,95,17,47,121,61,13,85,36,88,85,55,123,48,69
377,339,158,57,379,83,375,122,134,171,351,412,745,237,213,206,303,718,396,56,220,357,251,148,265,115,270,187,199,488,599,1062,242,338,92,407,350,71,186,378,261,85,148,149,290,371,263,395,142,291
181,131,77,38,193,47,199,46,73,82,165,199,376,124,96,111,124,344,178,18,91,187,107,75,115,54,122,92,90,252,286,549,115,174,47,210,166,31,102,213,135,36,149,39,144,176,129,208,88,124
430,340,150,68,426,93,404,123,160,166,368,458,744,266,198,216,314,681,393,66,218,407,236,156,270,97,256,189,193,514,595,1118,222,388,86,430,367,72,191,461,255,88,290,144,160,378,251,417,147,292
436,382,169,78,468,98,462,156,148,172,370,524,810,282,228,262,336,873,473,55,247,447,236,167,266,113,307,227,214,613,706,1317,255,443,130,541,430,83,253,506,338,85,371,176,378,218,298,479,160,281
335,264,128,51,316,71,310,85,117,118,269,373,612,199,159,180,248,603,326,42,165,312,190,139,201,72,203,143,152,412,452,947,172,305,67,314,297,55,145,341,196,55,263,129,251,298,99,308,122,197
467,478,213,85,539,112,490,172,184,218,458,565,917,335,279,321,374,955,534,59,303,536,329,190,361,141,383,246,251,685,799,1383,279,491,105,547,481,106,296,539,386,123,395,208,417,479,308,264,165,366
180,160,73,26,172,31,179,50,73,74,150,212,344,130,109,113,146,351,211,25,93,201,117,73,117,47,121,91,90,278,304,532,100,168,38,216,179,35,96,215,118,48,142,88,147,160,122,165,34,152
364,292,115,54,356,75,314,102,109,157,298,389,648,216,176,193,256,600,350,50,190,347,227,153,258,102,222,149,183,420,545,982,206,337,85,362,340,48,164,343,225,69,291,124,292,281,197,366,152,133
