240,425,216,80,501,117,426,177,147,214,453,512,802,335,287,327,406,815,493,63,304,480,361,199,345,137,380,295,321,570,677,1164,233,446,92,526,466,83,248,457,310,106,347,165,406,421,327,472,162,370
425,173,156,67,415,97,434,131,153,161,363,474,764,279,251,241,317,770,442,44,237,467,261,191,290,110,283,175,200,510,665,1169,246,376,106,443,431,68,215,484,280,88,334,167,355,367,277,461,161,289
216,156,29,36,199,47,213,50,71,82,174,237,364,149,106,108,139,368,202,26,117,198,111,81,131,50,131,82,96,248,310,593,107,175,43,204,190,33,93,199,137,41,154,68,170,195,139,214,67,116
80,67,36,6,80,12,78,26,29,36,76,90,130,61,38,49,72,144,101,13,46,86,53,37,59,21,63,44,51,111,137,230,42,87,15,81,74,18,35,82,47,12,49,27,62,78,67,79,21,65
501,415,199,80,266,97,482,157,164,207,437,548,902,347,271,287,370,907,483,60,270,506,281,212,343,143,361,288,265,625,756,1378,279,494,115,508,475,91,250,530,319,111,391,181,418,471,317,521,173,367
117,97,47,12,97,11,108,39,47,48,99,112,179,71,64,67,102,186,122,11,59,126,65,51,93,30,103,50,63,135,161,304,63,88,12,108,80,18,50,109,73,21,73,36,93,109,68,107,26,76
426,434,213,78,482,108,223,160,143,199,410,509,807,305,251,265,340,813,496,62,261,466,265,201,316,130,338,227,250,576,713,1317,246,454,107,451,454,84,255,540,316,105,352,167,363,423,303,487,185,320
177,131,50,26,157,39,160,17,36,52,124,167,256,84,84,83,111,271,170,18,75,179,83,57,100,40,89,86,73,184,236,386,103,152,39,169,154,20,64,151,91,20,119,55,127,143,88,180,59,102
147,153,71,29,164,47,143,36,25,70,136,179,273,103,80,85,118,300,162,21,87,153,90,59,106,47,105,80,80,188,218,438,73,139,46,168,141,21,78,161,99,27,119,70,124,137,101,186,62,103
214,161,82,36,207,48,199,52,70,42,166,222,388,156,117,124,131,372,197,26,106,226,120,69,127,60,133,88,117,275,327,569,119,193,41,201,224,38,86,205,135,35,175,74,177,205,145,234,87,146
453,363,174,76,437,99,410,124,136,166,162,509,754,284,224,262,312,778,426,44,231,439,263,184,278,120,284,190,226,570,605,1163,241,395,80,435,408,75,187,448,281,81,338,172,371,361,271,441,159,274
512,474,237,90,548,112,509,167,179,222,509,333,943,358,264,286,379,893,570,61,284,594,345,190,360,135,353,283,282,646,847,1470,284,547,110,584,496,98,283,587,372,130,387,202,435,525,347,582,189,329
802,764,364,130,902,179,807,256,273,388,754,943,781,612,476,526,640,1343,890,131,502,896,553,345,553,203,603,451,448,1149,1296,2262,444,837,201,916,811,161,435,941,606,189,691,326,692,814,590,905,303,567
335,279,149,61,347,71,305,84,103,156,284,358,612,101,176,177,249,614,298,36,177,302,188,122,202,77,205,145,177,452,542,978,197,307,80,326,290,54,167,356,197,61,258,127,285,306,217,366,117,229
287,251,106,38,271,64,251,84,80,117,224,264,476,176,64,147,200,465,267,34,155,279,147,102,151,55,161,138,131,327,403,778,155,237,63,286,245,60,133,279,179,43,185,102,199,258,164,264,94,178
327,241,108,49,287,67,265,83,85,124,262,286,526,177,147,87,199,527,310,38,154,302,166,107,205,70,193,139,132,345,446,854,161,248,74,305,269,56,141,312,196,63,220,116,206,267,193,297,122,199
406,317,139,72,370,102,340,111,118,131,312,379,640,249,200,199,133,627,356,46,203,352,201,136,243,86,250,140,187,484,546,1037,197,351,90,386,358,65,178,397,241,69,260,114,276,340,222,358,122,223
815,770,368,144,907,186,813,271,300,372,778,893,1343,614,465,527,627,724,906,120,500,895,552,326,614,223,628,437,449,1082,1296,2371,463,856,220,994,818,160,444,948,588,203,681,350,703,831,579,886,314,579
493,442,202,101,483,122,496,170,162,197,426,570,890,298,267,310,356,906,262,66,261,443,287,231,322,98,327,231,292,660,769,1366,253,456,111,548,475,81,251,571,332,115,415,196,400,475,299,523,190,344
63,44,26,13,60,11,62,18,21,26,44,61,131,36,34,38,46,120,66,4,32,73,41,28,39,9,17,25,25,76,89,195,33,61,18,55,54,12,27,64,37,7,51,25,48,59,42,59,24,43
304,237,117,46,270,59,261,75,87,106,231,284,502,177,155,154,203,500,261,32,69,291,171,107,158,65,171,127,138,380,455,829,169,280,65,312,256,36,122,299,157,52,221,111,234,240,186,279,106,184
480,467,198,86,506,126,466,179,153,226,439,594,896,302,279,302,352,895,443,73,291,244,323,194,325,114,327,250,274,671,717,1415,254,449,130,514,460,91,277,533,320,89,407,193,406,453,329,491,190,339
361,261,111,53,281,65,265,83,90,120,263,345,553,188,147,166,201,552,287,41,171,323,89,120,194,64,172,138,156,396,530,834,170,270,65,290,301,47,139,331,176,58,226,117,229,278,203,294,112,202
199,191,81,37,212,51,201,57,59,69,184,190,345,122,102,107,136,326,231,28,107,194,120,42,134,41,129,100,110,260,310,552,108,171,46,201,185,41,97,228,112,42,144,65,153,175,111,234,61,120
345,290,131,59,343,93,316,100,106,127,278,360,553,202,151,205,243,614,322,39,158,325,194,134,112,74,202,138,167,391,512,935,213,299,77,323,330,54,163,372,216,55,265,121,271,292,189,347,127,214
137,110,50,21,143,30,130,40,47,60,120,135,203,77,55,70,86,223,98,9,65,114,64,41,74,15,69,58,56,141,199,303,65,117,34,126,113,22,69,133,88,19,114,58,106,109,90,148,48,83
380,283,131,63,361,103,338,89,105,133,284,353,603,205,161,193,250,628,327,17,171,327,172,129,202,69,102,149,136,388,501,908,179,294,85,337,319,49,168,368,212,55,306,124,256,284,215,357,119,237
295,175,82,44,288,50,227,86,80,88,190,283,451,145,138,139,140,437,231,25,127,250,138,100,138,58,149,51,102,293,341,640,126,206,46,245,232,32,120,236,144,54,183,80,180,229,152,244,94,169
321,200,96,51,265,63,250,73,80,117,226,282,448,177,131,132,187,449,292,25,138,274,156,110,167,56,136,102,64,299,412,715,125,236,54,260,248,46,127,264,159,42,220,93,194,229,167,274,98,176
570,510,248,111,625,135,576,184,188,275,570,646,1149,452,327,345,484,1082,660,76,380,671,396,260,391,141,388,293,299,359,933,1778,334,574,140,682,600,112,316,665,392,158,472,225,512,627,388,614,233,421
677,665,310,137,756,161,713,236,218,327,605,847,1296,542,403,446,546,1296,769,89,455,717,530,310,512,199,501,341,412,933,534,1993,381,679,167,801,713,120,363,787,521,151,585,288,640,685,506,767,273,486
1164,1169,593,230,1378,304,1317,386,438,569,1163,1470,2262,978,778,854,1037,2371,1366,195,829,1415,834,552,935,303,908,640,715,1778,1993,1794,703,1270,301,1455,1309,250,649,1523,952,283,1057,546,1103,1245,881,1404,478,954
233,246,107,42,279,63,246,103,73,119,241,284,444,197,155,161,197,463,253,33,169,254,170,108,213,65,179,126,125,334,381,703,59,238,71,299,245,43,156,295,175,49,190,104,240,247,172,286,93,201
446,376,175,87,494,88,454,152,139,193,395,547,837,307,237,248,351,856,456,61,280,449,270,171,299,117,294,206,236,574,679,1270,238,219,111,478,416,84,238,478,307,86,332,155,353,451,300,520,177,313
92,106,43,15,115,12,107,39,46,41,80,110,201,80,63,74,90,220,111,18,65,130,65,46,77,34,85,46,54,140,167,301,71,111,15,126,110,24,50,127,74,23,101,48,98,114,67,131,50,77
526,443,204,81,508,108,451,169,168,201,435,584,916,326,286,305,386,994,548,55,312,514,290,201,323,126,337,245,260,682,801,1455,299,478,126,266,489,102,237,571,353,124,405,193,381,497,324,555,181,329
466,431,190,74,475,80,454,154,141,224,408,496,811,290,245,269,358,818,475,54,256,460,301,185,330,113,319,232,248,600,713,1309,245,416,110,489,210,85,223,506,262,90,355,159,372,429,309,477,176,323
83,68,33,18,91,18,84,20,21,38,75,98,161,54,60,56,65,160,81,12,36,91,47,41,54,22,49,32,46,112,120,250,43,84,24,102,85,8,34,87,54,9,65,31,77,82,49,99,36,50
248,215,93,35,250,50,255,64,78,86,187,283,435,167,133,141,178,444,251,27,122,277,139,97,163,69,168,120,127,316,363,649,156,238,50,237,223,34,57,268,148,52,192,92,189,214,159,280,98,161
457,484,199,82,530,109,540,151,161,205,448,587,941,356,279,312,397,948,571,64,299,533,331,228,372,133,368,236,264,665,787,1523,295,478,127,571,506,87,268,297,368,114,410,174,441,493,368,552,189,335
310,280,137,47,319,73,316,91,99,135,281,372,606,197,179,196,241,588,332,37,157,320,176,112,216,88,212,144,159,392,521,952,175,307,74,353,262,54,148,368,117,63,259,133,267,317,232,349,113,220
106,88,41,12,111,21,105,20,27,35,81,130,189,61,43,63,69,203,115,7,52,89,58,42,55,19,55,54,42,158,151,283,49,86,23,124,90,9,52,114,63,9,73,29,77,85,50,117,31,68
347,334,154,49,391,73,352,119,119,175,338,387,691,258,185,220,260,681,415,51,221,407,226,144,265,114,306,183,220,472,585,1057,190,332,101,405,355,65,192,410,259,73,147,131,315,340,261,364,135,263
165,167,68,27,181,36,167,55,70,74,172,202,326,127,102,116,114,350,196,25,111,193,117,65,121,58,124,80,93,225,288,546,104,155,48,193,159,31,92,174,133,29,131,29,154,179,119,206,77,123
406,355,170,62,418,93,363,127,124,177,371,435,692,285,199,206,276,703,400,48,234,406,229,153,271,106,256,180,194,512,640,1103,240,353,98,381,372,77,189,441,267,77,315,154,159,360,250,402,157,257
421,367,195,78,471,109,423,143,137,205,361,525,814,306,258,267,340,831,475,59,240,453,278,175,292,109,284,229,229,627,685,1245,247,451,114,497,429,82,214,493,317,85,340,179,360,203,293,447,163,274
327,277,139,67,317,68,303,88,101,145,271,347,590,217,164,193,222,579,299,42,186,329,203,111,189,90,215,152,167,388,506,881,172,300,67,324,309,49,159,368,232,50,261,119,250,293,94,333,132,223
472,461,214,79,521,107,487,180,186,234,441,582,905,366,264,297,358,886,523,59,279,491,294,234,347,148,357,244,274,614,767,1404,286,520,131,555,477,99,280,552,349,117,364,206,402,447,333,252,184,310
162,161,67,21,173,26,185,59,62,87,159,189,303,117,94,122,122,314,190,24,106,190,112,61,127,48,119,94,98,233,273,478,93,177,50,181,176,36,98,189,113,31,135,77,157,163,132,184,40,125
370,289,116,65,367,76,320,102,103,146,274,329,567,229,178,199,223,579,344,43,184,339,202,120,214,83,237,169,176,421,486,954,201,313,77,329,323,50,161,335,220,68,263,123,257,274,223,310,125,98
