255,459,223,79,525,93,491,171,173,267,440,518,812,352,318,349,344,798,471,70,299,508,357,201,413,148,375,277,319,596,710,1172,236,496,104,523,495,83,265,443,315,116,374,170,443,414,342,506,176,369
459,174,176,76,433,96,406,133,162,172,385,515,780,282,235,250,318,792,441,53,237,476,259,167,303,109,263,212,194,546,685,1258,251,416,108,420,435,69,219,443,282,87,324,143,352,400,287,477,146,318
223,176,35,34,200,50,206,59,75,78,161,240,350,134,110,111,134,346,202,19,106,210,120,86,115,46,123,88,106,230,263,548,107,208,42,203,185,28,88,206,119,51,139,77,159,180,112,200,66,132
79,76,34,9,87,16,82,26,32,40,71,98,144,56,54,56,49,146,71,15,50,76,68,46,60,26,58,40,46,116,101,219,44,75,17,88,75,10,31,100,44,16,64,36,62,64,51,87,29,73
525,433,200,87,250,111,469,161,187,202,441,542,942,309,262,294,343,939,514,60,255,483,279,227,347,136,364,253,238,658,758,1465,294,475,112,575,485,87,286,533,306,92,379,195,432,499,315,513,187,341
93,96,50,16,111,12,98,39,47,45,89,123,208,67,72,74,75,217,106,18,71,91,74,43,71,23,64,51,52,155,164,314,56,105,21,124,90,19,61,121,75,21,85,42,85,114,60,96,32,88
491,406,206,82,469,98,248,135,164,210,401,553,869,310,241,289,360,884,508,57,244,499,274,205,298,112,316,231,227,614,726,1370,254,444,101,576,451,75,249,515,307,108,390,178,367,441,293,483,173,369
171,133,59,26,161,39,135,8,39,62,124,166,270,114,74,82,124,296,159,12,82,167,92,58,98,45,112,98,90,196,211,441,99,136,30,135,146,23,62,159,87,36,135,61,126,149,103,164,49,92
173,162,75,32,187,47,164,39,31,65,148,164,264,105,86,78,115,285,172,16,90,180,100,68,114,40,107,73,72,196,261,498,93,159,46,179,159,25,73,172,111,38,120,72,133,161,98,176,63,108
267,172,78,40,202,45,210,62,65,40,171,211,350,136,117,124,133,357,229,27,116,215,136,92,157,60,143,114,110,266,302,545,119,211,47,225,206,38,96,210,123,36,165,95,184,189,159,221,90,153
440,385,161,71,441,89,401,124,148,171,202,439,716,291,244,266,299,727,477,51,256,424,254,162,280,106,282,208,210,544,614,1184,215,423,94,433,395,78,192,492,292,76,343,153,344,423,290,430,150,297
518,515,240,98,542,123,553,166,164,211,439,330,1057,351,256,315,418,1042,553,74,322,570,347,226,381,159,392,242,259,746,864,1597,320,530,137,564,532,95,279,598,383,111,440,213,451,505,337,635,223,391
812,780,350,144,942,208,869,270,264,350,716,1057,805,572,440,504,674,1463,920,117,508,923,534,358,584,242,624,424,420,1172,1362,2481,500,833,208,1045,856,139,462,988,625,188,711,340,716,838,569,921,321,625
352,282,134,56,309,67,310,114,105,136,291,351,572,100,169,182,259,616,340,43,184,349,182,142,184,91,207,150,179,373,491,897,208,309,70,343,305,57,172,356,183,72,278,138,245,277,202,351,109,235
318,235,110,54,262,72,241,74,86,117,244,256,440,169,82,120,185,473,241,32,131,266,163,93,182,59,158,131,131,312,389,715,151,232,53,250,231,52,141,301,167,55,195,105,200,229,171,253,96,184
349,250,111,56,294,74,289,82,78,124,266,315,504,182,120,76,201,530,305,39,147,313,173,134,185,52,172,137,145,347,424,751,153,263,64,269,277,56,133,325,187,53,222,109,239,249,152,304,101,200
344,318,134,49,343,75,360,124,115,133,299,418,674,259,185,201,133,695,391,41,183,395,212,155,250,86,244,177,195,456,550,1012,201,319,81,387,323,62,207,379,235,75,264,122,312,350,229,360,120,239
798,792,346,146,939,217,884,296,285,357,727,1042,1463,616,473,530,695,824,922,105,515,971,547,379,607,235,621,424,480,1166,1382,2509,499,894,217,998,863,141,461,1017,593,190,667,342,748,872,572,959,357,612
471,441,202,71,514,106,508,159,172,229,477,553,920,340,241,305,391,922,263,73,307,511,263,209,343,129,337,219,249,637,769,1432,266,479,112,550,496,91,251,499,331,97,389,178,408,462,307,534,162,344
70,53,19,15,60,18,57,12,16,27,51,74,117,43,32,39,41,105,73,5,36,61,37,28,42,9,39,29,29,66,85,210,51,64,11,70,66,11,22,54,40,13,48,22,54,64,32,68,24,36
299,237,106,50,255,71,244,82,90,116,256,322,508,184,131,147,183,515,307,36,66,287,183,111,177,64,186,119,147,321,467,817,166,264,62,273,253,51,117,331,186,54,218,99,222,257,174,311,124,208
508,476,210,76,483,91,499,167,180,215,424,570,923,349,266,313,395,971,511,61,287,294,280,221,346,127,347,238,284,650,786,1439,288,464,114,541,493,79,279,519,328,110,370,181,384,468,299,504,180,357
357,259,120,68,279,74,274,92,100,136,254,347,534,182,163,173,212,547,263,37,183,280,102,112,190,71,207,143,157,362,440,820,153,274,68,344,242,58,138,300,202,52,246,98,213,287,181,327,118,200
201,167,86,46,227,43,205,58,68,92,162,226,358,142,93,134,155,379,209,28,111,221,112,40,113,58,138,95,111,262,301,564,122,199,46,202,180,42,89,208,120,52,173,67,164,176,143,205,68,142
413,303,115,60,347,71,298,98,114,157,280,381,584,184,182,185,250,607,343,42,177,346,190,113,95,82,191,163,157,439,526,933,174,312,64,370,314,57,157,370,223,73,270,130,237,308,200,345,129,227
148,109,46,26,136,23,112,45,40,60,106,159,242,91,59,52,86,235,129,9,64,127,71,58,82,10,78,75,60,161,174,359,66,109,31,125,104,26,64,134,86,24,100,42,94,120,77,100,51,95
375,263,123,58,364,64,316,112,107,143,282,392,624,207,158,172,244,621,337,39,186,347,207,138,191,78,116,176,175,429,493,985,186,299,82,343,329,52,176,341,198,70,269,116,254,327,205,357,134,264
277,212,88,40,253,51,231,98,73,114,208,242,424,150,131,137,177,424,219,29,119,238,143,95,163,75,176,47,121,301,357,625,134,228,48,243,216,33,119,242,145,44,192,97,183,215,150,260,79,175
319,194,106,46,238,52,227,90,72,110,210,259,420,179,131,145,195,480,249,29,147,284,157,111,157,60,175,121,56,334,360,711,144,256,47,261,256,39,139,268,151,48,220,85,203,223,147,274,85,163
596,546,230,116,658,155,614,196,196,266,544,746,1172,373,312,347,456,1166,637,66,321,650,362,262,439,161,429,301,334,421,953,1823,380,557,151,658,601,108,341,712,396,132,497,224,504,626,418,685,245,452
710,685,263,101,758,164,726,211,261,302,614,864,1362,491,389,424,550,1382,769,85,467,786,440,301,526,174,493,357,360,953,573,2112,441,671,165,832,669,136,344,791,516,178,572,269,562,709,477,761,292,528
1172,1258,548,219,1465,314,1370,441,498,545,1184,1597,2481,897,715,751,1012,2509,1432,210,817,1439,820,564,933,359,985,625,711,1823,2112,1951,722,1313,289,1545,1292,224,686,1486,919,296,1072,559,1058,1348,838,1382,508,953
236,251,107,44,294,56,254,99,93,119,215,320,500,208,151,153,201,499,266,51,166,288,153,122,174,66,186,134,144,380,441,722,62,260,49,311,261,52,143,319,168,53,220,98,218,266,173,273,88,179
496,416,208,75,475,105,444,136,159,211,423,530,833,309,232,263,319,894,479,64,264,464,274,199,312,109,299,228,256,557,671,1313,260,225,99,507,403,72,234,505,325,100,334,164,373,429,271,473,178,314
104,108,42,17,112,21,101,30,46,47,94,137,208,70,53,64,81,217,112,11,62,114,68,46,64,31,82,48,47,151,165,289,49,99,11,112,111,17,49,141,76,26,76,52,81,104,62,128,39,61
523,420,203,88,575,124,576,135,179,225,433,564,1045,343,250,269,387,998,550,70,273,541,344,202,370,125,343,243,261,658,832,1545,311,507,112,276,521,72,265,541,349,107,402,199,472,464,335,562,225,351
495,435,185,75,485,90,451,146,159,206,395,532,856,305,231,277,323,863,496,66,253,493,242,180,314,104,329,216,256,601,669,1292,261,403,111,521,189,71,235,520,306,107,351,172,382,404,293,478,170,326
83,69,28,10,87,19,75,23,25,38,78,95,139,57,52,56,62,141,91,11,51,79,58,42,57,26,52,33,39,108,136,224,52,72,17,72,71,6,39,91,59,22,75,43,61,84,43,97,36,55
265,219,88,31,286,61,249,62,73,96,192,279,462,172,141,133,207,461,251,22,117,279,138,89,157,64,176,119,139,341,344,686,143,234,49,265,235,39,68,256,156,53,208,91,217,237,173,269,84,178
443,443,206,100,533,121,515,159,172,210,492,598,988,356,301,325,379,1017,499,54,331,519,300,208,370,134,341,242,268,712,791,1486,319,505,141,541,520,91,256,265,369,116,393,184,440,495,362,597,173,359
315,282,119,44,306,75,307,87,111,123,292,383,625,183,167,187,235,593,331,40,186,328,202,120,223,86,198,145,151,396,516,919,168,325,76,349,306,59,156,369,117,57,245,141,253,303,216,343,127,228
116,87,51,16,92,21,108,36,38,36,76,111,188,72,55,53,75,190,97,13,54,110,52,52,73,24,70,44,48,132,178,296,53,100,26,107,107,22,53,116,57,8,81,41,75,100,65,109,47,84
374,324,139,64,379,85,390,135,120,165,343,440,711,278,195,222,264,667,389,48,218,370,246,173,270,100,269,192,220,497,572,1072,220,334,76,402,351,75,208,393,245,81,140,153,341,350,259,409,140,270
170,143,77,36,195,42,178,61,72,95,153,213,340,138,105,109,122,342,178,22,99,181,98,67,130,42,116,97,85,224,269,559,98,164,52,199,172,43,91,184,141,41,153,38,157,170,116,176,72,120
443,352,159,62,432,85,367,126,133,184,344,451,716,245,200,239,312,748,408,54,222,384,213,164,237,94,254,183,203,504,562,1058,218,373,81,472,382,61,217,440,253,75,341,157,147,318,270,408,140,284
414,400,180,64,499,114,441,149,161,189,423,505,838,277,229,249,350,872,462,64,257,468,287,176,308,120,327,215,223,626,709,1348,266,429,104,464,404,84,237,495,303,100,350,170,318,209,284,478,169,315
342,287,112,51,315,60,293,103,98,159,290,337,569,202,171,152,229,572,307,32,174,299,181,143,200,77,205,150,147,418,477,838,173,271,62,335,293,43,173,362,216,65,259,116,270,284,83,350,109,218
506,477,200,87,513,96,483,164,176,221,430,635,921,351,253,304,360,959,534,68,311,504,327,205,345,100,357,260,274,685,761,1382,273,473,128,562,478,97,269,597,343,109,409,176,408,478,350,267,191,355
176,146,66,29,187,32,173,49,63,90,150,223,321,109,96,101,120,357,162,24,124,180,118,68,129,51,134,79,85,245,292,508,88,178,39,225,170,36,84,173,127,47,140,72,140,169,109,191,33,116
369,318,132,73,341,88,369,92,108,153,297,391,625,235,184,200,239,612,344,36,208,357,200,142,227,95,264,175,163,452,528,953,179,314,61,351,326,55,178,359,228,84,270,120,284,315,218,355,116,120
