258,481,238,104,515,127,458,182,178,250,442,494,887,364,333,363,379,871,522,68,330,536,325,223,351,158,376,286,294,653,760,1223,230,482,95,517,485,92,250,494,315,116,358,169,425,431,327,493,161,415
481,185,187,72,404,101,421,128,122,192,392,484,867,269,205,227,323,808,442,52,213,451,255,177,284,93,287,197,216,560,664,1222,233,402,94,453,413,62,198,483,283,89,345,162,359,412,258,457,155,307
238,187,32,32,203,46,198,70,76,88,195,283,384,112,120,110,138,371,230,18,116,214,114,76,125,42,140,103,111,251,323,596,112,208,39,201,183,36,99,214,157,47,166,75,154,183,127,229,87,151
104,72,32,13,61,19,87,27,31,32,63,86,129,51,54,54,79,144,83,14,61,78,69,31,55,19,60,37,44,95,125,203,51,75,13,100,78,16,41,83,65,20,59,29,73,66,53,87,28,70
515,404,203,61,255,107,469,165,167,216,441,624,913,337,285,298,396,952,537,56,281,550,307,216,333,124,333,235,252,653,780,1406,290,484,126,550,463,89,256,559,320,96,377,199,437,504,294,542,172,374
127,101,46,19,107,11,120,36,40,40,83,133,232,77,68,74,88,214,114,9,67,107,79,51,76,35,94,50,62,140,193,306,74,101,25,133,125,18,59,121,79,25,86,43,97,91,69,114,43,74
458,421,198,87,469,120,255,152,160,187,404,547,883,312,259,291,341,905,464,62,275,469,310,221,334,113,333,238,237,628,742,1366,264,448,103,543,471,84,248,512,304,98,354,188,386,428,290,477,197,336
182,128,70,27,165,36,152,24,42,55,135,167,269,81,83,76,105,275,156,16,94,156,88,53,99,33,98,72,68,182,236,409,85,156,29,170,147,30,63,166,99,24,119,63,107,149,88,168,58,123
178,122,76,31,167,40,160,42,24,68,127,204,280,101,77,92,105,321,175,20,90,165,102,62,108,38,110,68,80,235,271,469,90,150,33,163,139,26,75,170,114,30,119,67,134,163,104,187,60,106
250,192,88,32,216,40,187,55,68,38,175,238,339,126,120,108,160,356,222,29,114,190,142,72,149,47,138,101,95,270,312,545,104,211,53,215,170,43,98,208,134,45,151,79,158,207,133,213,86,131
442,392,195,63,441,83,404,135,127,175,183,470,745,285,256,263,322,759,427,64,256,414,263,185,265,110,301,181,213,533,665,1151,241,407,96,451,362,85,203,451,288,101,324,159,347,439,301,451,165,293
494,484,283,86,624,133,547,167,204,238,470,311,1073,364,316,310,414,1070,561,64,312,577,338,205,412,164,398,273,257,755,868,1654,319,551,110,567,533,99,307,651,358,123,453,214,468,534,364,578,202,356
887,867,384,129,913,232,883,269,280,339,745,1073,836,588,449,522,669,1501,1005,124,501,937,500,391,610,229,668,417,466,1171,1412,2564,477,812,220,994,865,175,465,1015,610,200,714,321,742,889,599,966,339,566
364,269,112,51,337,77,312,81,101,126,285,364,588,110,167,175,249,589,334,55,171,342,231,132,252,88,222,147,162,405,485,926,184,295,76,342,305,58,141,330,192,60,257,134,266,294,220,345,129,212
333,205,120,54,285,68,259,83,77,120,256,316,449,167,86,161,209,458,259,30,140,260,144,111,151,52,148,119,123,314,410,738,150,250,59,279,250,43,132,277,174,61,205,89,210,264,168,286,88,196
363,227,110,54,298,74,291,76,92,108,263,310,522,175,161,88,233,517,283,26,141,305,156,120,179,66,174,141,136,370,446,804,171,282,77,280,277,27,122,332,187,51,216,101,223,271,182,321,121,207
379,323,138,79,396,88,341,105,105,160,322,414,669,249,209,233,130,636,377,46,207,380,204,154,239,89,269,158,159,434,569,1005,181,331,69,368,358,69,180,390,251,83,284,158,290,322,253,368,128,233
871,808,371,144,952,214,905,275,321,356,759,1070,1501,589,458,517,636,816,980,110,516,956,508,381,616,227,609,425,458,1163,1421,2585,516,838,203,998,888,169,465,992,604,198,711,358,715,902,593,936,335,606
522,442,230,83,537,114,464,156,175,222,427,561,1005,334,259,283,377,980,249,61,271,497,302,198,337,123,352,217,246,674,773,1448,299,458,129,546,494,103,256,522,354,109,387,189,404,475,336,523,211,341
68,52,18,14,56,9,62,16,20,29,64,64,124,55,30,26,46,110,61,5,42,61,33,27,38,15,46,21,36,81,100,171,40,64,5,58,58,10,34,65,40,14,46,29,66,57,43,68,25,42
330,213,116,61,281,67,275,94,90,114,256,312,501,171,140,141,207,516,271,42,69,278,146,107,188,80,190,134,166,344,419,766,161,261,64,291,267,52,142,280,174,52,215,110,231,262,180,311,121,203
536,451,214,78,550,107,469,156,165,190,414,577,937,342,260,305,380,956,497,61,278,261,312,207,343,128,372,239,250,651,750,1433,267,487,112,554,476,88,260,574,338,103,394,214,399,507,320,561,202,338
325,255,114,69,307,79,310,88,102,142,263,338,500,231,144,156,204,508,302,33,146,312,89,128,207,64,201,141,148,352,429,772,150,276,70,321,300,45,129,310,215,55,240,115,240,283,194,297,120,205
223,177,76,31,216,51,221,53,62,72,185,205,391,132,111,120,154,381,198,27,107,207,128,46,155,49,138,88,103,291,290,545,113,190,35,210,196,29,91,214,122,42,160,82,153,182,152,200,78,134
351,284,125,55,333,76,334,99,108,149,265,412,610,252,151,179,239,616,337,38,188,343,207,155,95,80,219,141,174,430,464,942,175,326,71,311,297,57,169,353,221,66,301,134,261,307,204,360,125,244
158,93,42,19,124,35,113,33,38,47,110,164,229,88,52,66,89,227,123,15,80,128,64,49,80,13,71,61,83,141,181,341,68,119,28,129,139,20,52,128,86,28,106,51,103,115,61,140,53,103
376,287,140,60,333,94,333,98,110,138,301,398,668,222,148,174,269,609,352,46,190,372,201,138,219,71,116,156,191,411,527,929,196,301,62,360,331,56,158,345,233,79,262,132,283,325,190,367,129,232
286,197,103,37,235,50,238,72,68,101,181,273,417,147,119,141,158,425,217,21,134,239,141,88,141,61,156,62,112,281,327,639,111,207,56,223,202,45,99,243,159,52,202,73,163,183,137,245,91,145
294,216,111,44,252,62,237,68,80,95,213,257,466,162,123,136,159,458,246,36,166,250,148,103,174,83,191,112,65,318,381,657,143,233,53,251,264,37,106,257,163,48,210,100,204,257,127,261,84,179
653,560,251,95,653,140,628,182,235,270,533,755,1171,405,314,370,434,1163,674,81,344,651,352,291,430,141,411,281,318,413,999,1842,364,597,137,644,613,104,309,707,425,112,489,247,495,583,393,666,249,451
760,664,323,125,780,193,742,236,271,312,665,868,1412,485,410,446,569,1421,773,100,419,750,429,290,464,181,527,327,381,999,568,2168,429,715,186,853,730,128,399,804,499,165,568,295,598,698,450,793,283,488
1223,1222,596,203,1406,306,1366,409,469,545,1151,1654,2564,926,738,804,1005,2585,1448,171,766,1433,772,545,942,341,929,639,657,1842,2168,1995,767,1260,343,1577,1352,251,703,1580,987,292,1094,514,1116,1343,913,1479,518,885
230,233,112,51,290,74,264,85,90,104,241,319,477,184,150,171,181,516,299,40,161,267,150,113,175,68,196,111,143,364,429,767,69,263,70,308,253,56,126,306,196,59,211,95,235,257,171,304,99,191
482,402,208,75,484,101,448,156,150,211,407,551,812,295,250,282,331,838,458,64,261,487,276,190,326,119,301,207,233,597,715,1260,263,237,101,504,457,74,237,533,350,97,389,197,396,429,309,468,179,355
95,94,39,13,126,25,103,29,33,53,96,110,220,76,59,77,69,203,129,5,64,112,70,35,71,28,62,56,53,137,186,343,70,101,7,128,102,18,48,129,68,26,64,39,83,112,67,134,33,70
517,453,201,100,550,133,543,170,163,215,451,567,994,342,279,280,368,998,546,58,291,554,321,210,311,129,360,223,251,644,853,1577,308,504,128,263,499,87,291,615,360,119,391,220,430,468,301,594,194,382
485,413,183,78,463,125,471,147,139,170,362,533,865,305,250,277,358,888,494,58,267,476,300,196,297,139,331,202,264,613,730,1352,253,457,102,499,230,71,230,548,312,95,386,177,348,453,275,473,170,315
92,62,36,16,89,18,84,30,26,43,85,99,175,58,43,27,69,169,103,10,52,88,45,29,57,20,56,45,37,104,128,251,56,74,18,87,71,9,39,92,60,20,63,24,70,84,58,103,33,59
250,198,99,41,256,59,248,63,75,98,203,307,465,141,132,122,180,465,256,34,142,260,129,91,169,52,158,99,106,309,399,703,126,237,48,291,230,39,60,289,174,46,199,92,191,241,165,268,89,148
494,483,214,83,559,121,512,166,170,208,451,651,1015,330,277,332,390,992,522,65,280,574,310,214,353,128,345,243,257,707,804,1580,306,533,129,615,548,92,289,289,368,108,406,202,450,521,323,580,196,351
315,283,157,65,320,79,304,99,114,134,288,358,610,192,174,187,251,604,354,40,174,338,215,122,221,86,233,159,163,425,499,987,196,350,68,360,312,60,174,368,115,64,243,136,269,312,221,366,121,222
116,89,47,20,96,25,98,24,30,45,101,123,200,60,61,51,83,198,109,14,52,103,55,42,66,28,79,52,48,112,165,292,59,97,26,119,95,20,46,108,64,6,76,42,69,102,76,109,42,75
358,345,166,59,377,86,354,119,119,151,324,453,714,257,205,216,284,711,387,46,215,394,240,160,301,106,262,202,210,489,568,1094,211,389,64,391,386,63,199,406,243,76,140,148,305,334,264,377,152,250
169,162,75,29,199,43,188,63,67,79,159,214,321,134,89,101,158,358,189,29,110,214,115,82,134,51,132,73,100,247,295,514,95,197,39,220,177,24,92,202,136,42,148,36,126,185,105,208,61,122
425,359,154,73,437,97,386,107,134,158,347,468,742,266,210,223,290,715,404,66,231,399,240,153,261,103,283,163,204,495,598,1116,235,396,83,430,348,70,191,450,269,69,305,126,157,394,240,420,147,264
431,412,183,66,504,91,428,149,163,207,439,534,889,294,264,271,322,902,475,57,262,507,283,182,307,115,325,183,257,583,698,1343,257,429,112,468,453,84,241,521,312,102,334,185,394,213,308,484,192,321
327,258,127,53,294,69,290,88,104,133,301,364,599,220,168,182,253,593,336,43,180,320,194,152,204,61,190,137,127,393,450,913,171,309,67,301,275,58,165,323,221,76,264,105,240,308,110,344,116,195
493,457,229,87,542,114,477,168,187,213,451,578,966,345,286,321,368,936,523,68,311,561,297,200,360,140,367,245,261,666,793,1479,304,468,134,594,473,103,268,580,366,109,377,208,420,484,344,260,173,356
161,155,87,28,172,43,197,58,60,86,165,202,339,129,88,121,128,335,211,25,121,202,120,78,125,53,129,91,84,249,283,518,99,179,33,194,170,33,89,196,121,42,152,61,147,192,116,173,19,125
415,307,151,70,374,74,336,123,106,131,293,356,566,212,196,207,233,606,341,42,203,338,205,134,244,103,232,145,179,451,488,885,191,355,70,382,315,59,148,351,222,75,250,122,264,321,195,356,125,108
