271,425,215,71,523,108,480,164,207,245,483,537,765,378,327,347,339,728,478,62,326,506,346,219,352,155,340,271,286,613,717,1165,235,491,103,488,506,84,244,478,309,104,349,173,454,428,322,478,181,377
425,191,171,80,469,108,434,141,125,177,356,534,805,252,250,255,320,834,454,48,204,425,238,176,281,101,272,177,203,556,637,1219,234,407,109,459,416,56,247,471,301,94,348,172,349,404,281,448,156,283
215,171,42,37,213,55,178,63,80,92,183,207,380,138,109,99,147,362,172,24,113,192,120,65,122,53,127,80,96,244,316,564,120,203,39,220,187,29,100,192,112,37,145,84,150,188,125,207,67,151
71,80,37,6,79,16,72,28,25,37,73,99,148,75,62,53,57,146,86,12,52,105,61,31,65,23,73,51,38,114,135,210,49,81,17,70,80,17,56,94,59,20,54,21,76,78,44,80,27,42
523,469,213,79,240,105,486,145,170,214,425,613,951,315,277,311,409,907,531,57,297,518,318,202,349,109,332,237,255,643,761,1392,273,477,113,585,476,85,263,516,332,107,393,220,417,467,315,570,190,351
108,108,55,16,105,10,100,35,33,50,84,108,183,99,54,72,75,195,109,10,78,128,62,39,85,34,87,68,60,144,156,282,57,102,22,104,94,21,63,127,89,29,78,45,88,108,64,106,37,71
480,434,178,72,486,100,212,163,158,186,396,501,856,337,258,305,331,848,478,73,255,529,313,172,315,147,365,223,245,591,737,1325,257,440,105,467,455,94,263,458,310,89,373,174,396,469,294,498,181,326
164,141,63,28,145,35,163,24,52,76,130,160,267,103,79,75,110,270,163,22,83,164,90,72,99,37,100,76,69,184,242,437,84,174,30,174,158,18,70,169,91,32,119,59,126,132,88,152,56,109
207,125,80,25,170,33,158,52,35,65,122,176,333,107,89,99,131,274,178,18,85,183,89,70,89,46,103,67,84,180,254,466,79,165,32,179,164,29,82,172,110,27,118,70,122,154,96,182,57,100
245,177,92,37,214,50,186,76,65,41,180,219,365,144,112,119,148,363,186,27,122,201,134,75,140,55,135,88,114,229,319,619,114,205,46,214,201,41,114,181,129,44,147,63,175,215,113,203,80,150
483,356,183,73,425,84,396,130,122,180,180,447,788,266,225,253,321,793,419,61,238,392,255,156,256,111,294,188,203,527,637,1181,247,424,92,453,374,59,204,416,258,79,343,158,337,386,262,416,142,324
537,534,207,99,613,108,501,160,176,219,447,305,963,331,291,331,404,978,532,75,288,548,299,206,352,149,376,288,272,731,781,1424,270,562,125,546,498,99,273,602,380,106,425,206,429,528,330,558,199,381
765,805,380,148,951,183,856,267,333,365,788,963,752,570,509,530,642,1445,892,100,515,944,524,351,609,227,589,454,479,1160,1320,2354,416,833,205,862,796,160,421,956,594,171,674,347,715,830,543,891,314,589
378,252,138,75,315,99,337,103,107,144,266,331,570,121,172,185,264,596,316,39,178,355,197,125,220,95,244,129,165,435,536,907,185,331,76,349,336,50,176,344,205,58,240,129,276,319,219,327,115,223
327,250,109,62,277,54,258,79,89,112,225,291,509,172,71,137,200,482,273,27,137,270,175,112,167,79,177,113,127,368,390,743,152,272,49,268,264,42,151,290,166,51,215,91,210,264,168,288,103,168
347,255,99,53,311,72,305,75,99,119,253,331,530,185,137,79,192,496,297,31,138,323,170,116,180,62,196,124,146,382,432,860,156,271,72,267,270,53,154,319,180,55,207,92,225,265,202,326,115,192
339,320,147,57,409,75,331,110,131,148,321,404,642,264,200,192,118,667,363,35,208,385,221,153,255,94,234,149,201,448,568,979,192,368,85,329,361,52,154,401,246,65,269,140,323,325,231,369,150,264
728,834,362,146,907,195,848,270,274,363,793,978,1445,596,482,496,667,752,870,98,512,897,537,371,613,242,590,454,476,1124,1328,2355,431,851,207,895,825,153,446,892,580,181,671,336,716,819,550,915,336,604
478,454,172,86,531,109,478,163,178,186,419,532,892,316,273,297,363,870,278,60,271,513,298,201,334,146,358,226,271,637,729,1420,261,517,104,497,466,78,256,528,374,94,373,198,429,432,318,512,189,334
62,48,24,12,57,10,73,22,18,27,61,75,100,39,27,31,35,98,60,7,37,65,31,27,38,13,36,34,26,87,100,169,35,72,19,57,57,11,32,66,43,11,44,24,44,50,31,70,16,33
326,204,113,52,297,78,255,83,85,122,238,288,515,178,137,138,208,512,271,37,78,265,186,99,173,79,179,114,145,342,412,781,138,265,64,270,289,44,136,322,191,57,224,109,193,269,174,273,116,188
506,425,192,105,518,128,529,164,183,201,392,548,944,355,270,323,385,897,513,65,265,271,307,228,314,133,329,232,242,627,777,1391,251,507,114,479,468,65,238,528,346,111,398,213,435,470,315,533,196,359
346,238,120,61,318,62,313,90,89,134,255,299,524,197,175,170,221,537,298,31,186,307,90,126,197,65,196,144,146,358,486,842,170,293,66,304,321,50,164,329,203,56,221,138,251,262,195,325,107,193
219,176,65,31,202,39,172,72,70,75,156,206,351,125,112,116,153,371,201,27,99,228,126,52,119,44,115,90,118,258,309,583,105,198,46,197,177,40,107,203,129,36,166,74,169,181,129,193,72,128
352,281,122,65,349,85,315,99,89,140,256,352,609,220,167,180,255,613,334,38,173,314,197,119,89,76,229,149,150,449,454,905,194,329,80,301,318,53,166,351,214,72,259,121,235,309,199,328,119,219
155,101,53,23,109,34,147,37,46,55,111,149,227,95,79,62,94,242,146,13,79,133,65,44,76,17,80,68,51,149,199,357,65,126,34,128,110,12,59,126,87,21,94,33,104,108,82,149,44,88
340,272,127,73,332,87,365,100,103,135,294,376,589,244,177,196,234,590,358,36,179,329,196,115,229,80,121,154,166,433,498,937,183,336,101,307,329,47,169,351,224,67,274,133,262,276,207,377,138,241
271,177,80,51,237,68,223,76,67,88,188,288,454,129,113,124,149,454,226,34,114,232,144,90,149,68,154,49,116,318,372,680,124,230,58,250,234,28,112,277,145,46,209,101,188,224,146,233,89,179
286,203,96,38,255,60,245,69,84,114,203,272,479,165,127,146,201,476,271,26,145,242,146,118,150,51,166,116,79,304,399,756,137,244,59,246,235,39,127,283,171,62,213,92,183,228,141,264,99,184
613,556,244,114,643,144,591,184,180,229,527,731,1160,435,368,382,448,1124,637,87,342,627,358,258,449,149,433,318,304,398,967,1814,354,558,128,705,598,108,323,638,420,120,457,249,499,612,400,673,234,424
717,637,316,135,761,156,737,242,254,319,637,781,1320,536,390,432,568,1328,729,100,412,777,486,309,454,199,498,372,399,967,564,2034,375,759,178,806,709,117,368,833,514,160,584,320,628,671,455,786,275,505
1165,1219,564,210,1392,282,1325,437,466,619,1181,1424,2354,907,743,860,979,2355,1420,169,781,1391,842,583,905,357,937,680,756,1814,2034,1801,700,1269,326,1375,1292,247,695,1442,963,292,1036,530,1078,1294,885,1380,439,958
235,234,120,49,273,57,257,84,79,114,247,270,416,185,152,156,192,431,261,35,138,251,170,105,194,65,183,124,137,354,375,700,70,249,71,303,249,46,141,272,172,53,200,113,212,255,163,255,94,198
491,407,203,81,477,102,440,174,165,205,424,562,833,331,272,271,368,851,517,72,265,507,293,198,329,126,336,230,244,558,759,1269,249,210,99,505,428,78,272,479,318,108,328,163,399,417,296,493,192,330
103,109,39,17,113,22,105,30,32,46,92,125,205,76,49,72,85,207,104,19,64,114,66,46,80,34,101,58,59,128,178,326,71,99,13,136,113,20,64,126,77,25,77,43,96,136,79,122,42,83
488,459,220,70,585,104,467,174,179,214,453,546,862,349,268,267,329,895,497,57,270,479,304,197,301,128,307,250,246,705,806,1375,303,505,136,267,472,87,271,601,327,99,403,183,412,489,317,541,216,347
506,416,187,80,476,94,455,158,164,201,374,498,796,336,264,270,361,825,466,57,289,468,321,177,318,110,329,234,235,598,709,1292,249,428,113,472,220,76,255,517,302,103,345,177,380,429,330,482,188,341
84,56,29,17,85,21,94,18,29,41,59,99,160,50,42,53,52,153,78,11,44,65,50,40,53,12,47,28,39,108,117,247,46,78,20,87,76,4,45,79,53,14,71,29,60,68,55,94,29,56
244,247,100,56,263,63,263,70,82,114,204,273,421,176,151,154,154,446,256,32,136,238,164,107,166,59,169,112,127,323,368,695,141,272,64,271,255,45,68,249,188,54,173,97,220,242,189,286,98,168
478,471,192,94,516,127,458,169,172,181,416,602,956,344,290,319,401,892,528,66,322,528,329,203,351,126,351,277,283,638,833,1442,272,479,126,601,517,79,249,303,339,103,389,209,393,506,310,514,199,350
309,301,112,59,332,89,310,91,110,129,258,380,594,205,166,180,246,580,374,43,191,346,203,129,214,87,224,145,171,420,514,963,172,318,77,327,302,53,188,339,104,56,251,117,238,303,199,343,125,222
104,94,37,20,107,29,89,32,27,44,79,106,171,58,51,55,65,181,94,11,57,111,56,36,72,21,67,46,62,120,160,292,53,108,25,99,103,14,54,103,56,7,78,37,87,104,61,117,32,73
349,348,145,54,393,78,373,119,118,147,343,425,674,240,215,207,269,671,373,44,224,398,221,166,259,94,274,209,213,457,584,1036,200,328,77,403,345,71,173,389,251,78,132,146,319,354,235,413,138,234
173,172,84,21,220,45,174,59,70,63,158,206,347,129,91,92,140,336,198,24,109,213,138,74,121,33,133,101,92,249,320,530,113,163,43,183,177,29,97,209,117,37,146,35,161,187,125,203,71,130
454,349,150,76,417,88,396,126,122,175,337,429,715,276,210,225,323,716,429,44,193,435,251,169,235,104,262,188,183,499,628,1078,212,399,96,412,380,60,220,393,238,87,319,161,167,371,278,415,173,288
428,404,188,78,467,108,469,132,154,215,386,528,830,319,264,265,325,819,432,50,269,470,262,181,309,108,276,224,228,612,671,1294,255,417,136,489,429,68,242,506,303,104,354,187,371,200,303,457,188,314
322,281,125,44,315,64,294,88,96,113,262,330,543,219,168,202,231,550,318,31,174,315,195,129,199,82,207,146,141,400,455,885,163,296,79,317,330,55,189,310,199,61,235,125,278,303,113,343,112,193
478,448,207,80,570,106,498,152,182,203,416,558,891,327,288,326,369,915,512,70,273,533,325,193,328,149,377,233,264,673,786,1380,255,493,122,541,482,94,286,514,343,117,413,203,415,457,343,278,178,333
181,156,67,27,190,37,181,56,57,80,142,199,314,115,103,115,150,336,189,16,116,196,107,72,119,44,138,89,99,234,275,439,94,192,42,216,188,29,98,199,125,32,138,71,173,188,112,178,37,120
377,283,151,42,351,71,326,109,100,150,324,381,589,223,168,192,264,604,334,33,188,359,193,128,219,88,241,179,184,424,505,958,198,330,83,347,341,56,168,350,222,73,234,130,288,314,193,333,120,124
