271,496,229,93,539,115,473,171,187,262,469,526,828,394,300,324,384,889,547,77,319,558,344,202,377,145,374,259,280,627,719,1184,259,485,121,523,538,80,255,495,323,119,378,173,452,420,357,478,183,370
496,170,171,58,433,101,404,144,145,184,383,520,797,285,221,246,335,740,448,48,243,475,269,171,276,125,285,184,220,514,671,1236,242,417,104,464,404,81,234,458,269,94,345,187,366,424,280,474,174,313
229,171,39,35,206,52,182,64,52,89,163,205,374,126,105,98,137,370,183,20,115,187,106,70,129,56,153,85,98,239,327,605,96,181,51,210,184,38,89,241,138,37,155,69,166,186,128,199,79,132
93,58,35,8,91,18,62,21,30,36,60,94,147,53,42,54,59,149,82,11,53,95,45,29,49,27,66,55,47,96,127,215,46,79,19,100,93,16,43,86,53,25,53,33,50,89,50,85,25,53
539,433,206,91,237,117,473,147,155,193,411,592,948,332,244,284,387,941,511,63,282,517,303,213,333,152,372,236,222,637,784,1425,267,484,125,535,470,84,249,521,314,104,391,209,377,464,322,492,185,304
115,101,52,18,117,12,87,34,32,45,92,141,194,64,58,54,87,201,102,18,71,126,78,48,82,38,98,68,61,139,173,309,64,90,24,134,116,22,57,104,81,30,72,46,95,118,76,126,37,77
473,404,182,62,473,87,246,128,152,211,425,586,900,305,251,289,358,911,494,55,319,532,308,195,312,135,325,246,234,627,734,1356,254,417,136,569,440,100,251,499,310,126,365,190,366,432,314,494,170,313
171,144,64,21,147,34,128,16,60,59,117,191,276,72,78,89,112,299,164,17,96,158,94,62,103,37,89,76,90,188,244,412,77,137,32,165,128,23,68,161,109,35,130,71,101,114,102,154,53,94
187,145,52,30,155,32,152,60,27,63,126,184,289,100,77,89,120,294,210,19,94,199,102,69,112,44,113,81,69,198,276,494,94,154,38,183,151,23,88,179,106,44,115,58,137,160,89,166,48,113
262,184,89,36,193,45,211,59,63,48,180,215,358,158,99,97,157,349,213,38,135,226,130,90,145,54,137,94,103,245,297,550,109,215,52,212,222,24,103,198,126,45,189,77,146,182,117,200,69,142
469,383,163,60,411,92,425,117,126,180,191,458,782,296,216,227,309,778,409,47,246,432,281,178,311,103,312,211,190,526,641,1229,236,430,105,440,399,73,211,429,246,85,364,156,348,434,263,418,143,313
526,520,205,94,592,141,586,191,184,215,458,321,1032,386,285,292,442,1016,564,71,297,560,326,229,366,127,382,273,277,723,909,1703,325,538,122,586,562,105,306,608,398,112,435,238,429,548,384,604,244,381
828,797,374,147,948,194,900,276,289,358,782,1032,794,574,466,495,649,1432,912,104,491,927,581,357,599,247,651,422,479,1149,1430,2550,507,857,203,1000,844,163,469,984,599,212,650,341,717,868,545,966,299,636
394,285,126,53,332,64,305,72,100,158,296,386,574,97,173,191,240,595,326,27,179,329,207,127,215,86,206,136,152,419,483,917,177,330,81,358,295,57,152,324,202,75,262,116,237,318,196,332,111,216
300,221,105,42,244,58,251,78,77,99,216,285,466,173,69,132,184,490,268,36,134,287,175,100,165,76,186,128,145,316,382,746,146,249,62,273,225,40,131,253,179,49,216,91,225,228,162,256,83,201
324,246,98,54,284,54,289,89,89,97,227,292,495,191,132,84,210,492,297,34,132,302,168,117,193,79,177,141,157,370,418,752,154,265,66,330,272,54,153,280,179,64,228,117,256,244,180,286,110,199
384,335,137,59,387,87,358,112,120,157,309,442,649,240,184,210,127,670,405,38,204,392,210,140,220,84,240,146,173,465,546,1046,208,338,90,359,348,58,188,362,268,84,255,126,293,368,219,364,137,234
889,740,370,149,941,201,911,299,294,349,778,1016,1432,595,490,492,670,801,912,105,501,949,591,376,608,222,582,435,469,1151,1422,2531,493,863,185,961,854,166,463,960,617,201,674,360,740,828,576,991,322,631
547,448,183,82,511,102,494,164,210,213,409,564,912,326,268,297,405,912,255,53,247,496,344,215,340,137,343,200,226,645,804,1362,277,476,136,569,477,86,248,539,314,106,386,166,429,473,305,583,182,341
77,48,20,11,63,18,55,17,19,38,47,71,104,27,36,34,38,105,53,2,21,63,30,22,41,11,38,43,34,81,110,175,34,66,15,69,68,11,32,68,43,10,52,21,44,45,38,56,27,37
319,243,115,53,282,71,319,96,94,135,246,297,491,179,134,132,204,501,247,21,74,272,160,108,168,71,178,130,132,345,422,792,149,238,77,263,265,36,165,302,182,63,220,104,219,255,189,277,93,204
558,475,187,95,517,126,532,158,199,226,432,560,927,329,287,302,392,949,496,63,272,278,349,205,326,138,346,248,246,687,772,1442,286,464,113,579,493,82,282,546,317,101,382,184,399,464,347,559,181,382
344,269,106,45,303,78,308,94,102,130,281,326,581,207,175,168,210,591,344,30,160,349,94,130,189,97,222,123,171,391,468,852,157,291,52,301,271,51,164,350,186,62,233,105,235,293,199,310,114,220
202,171,70,29,213,48,195,62,69,90,178,229,357,127,100,117,140,376,215,22,108,205,130,35,141,51,113,96,89,258,292,559,88,184,47,209,173,28,110,211,128,46,164,84,145,183,121,219,77,142
377,276,129,49,333,82,312,103,112,145,311,366,599,215,165,193,220,608,340,41,168,326,189,141,101,90,207,164,162,418,507,961,173,305,75,356,316,57,178,350,205,70,271,114,251,315,182,370,140,234
145,125,56,27,152,38,135,37,44,54,103,127,247,86,76,79,84,222,137,11,71,138,97,51,90,16,73,57,63,142,196,360,77,109,26,134,126,19,55,127,75,23,90,40,108,137,81,126,62,83
374,285,153,66,372,98,325,89,113,137,312,382,651,206,186,177,240,582,343,38,178,346,222,113,207,73,96,178,161,419,527,965,175,322,72,339,333,49,187,367,224,62,263,112,264,325,197,350,131,228
259,184,85,55,236,68,246,76,81,94,211,273,422,136,128,141,146,435,200,43,130,248,123,96,164,57,178,55,94,298,372,687,145,226,46,240,238,26,115,269,155,54,196,79,175,224,152,256,82,158
280,220,98,47,222,61,234,90,69,103,190,277,479,152,145,157,173,469,226,34,132,246,171,89,162,63,161,94,52,296,394,731,127,244,54,255,233,42,128,261,169,50,190,84,173,237,151,274,101,173
627,514,239,96,637,139,627,188,198,245,526,723,1149,419,316,370,465,1151,645,81,345,687,391,258,418,142,419,298,296,385,976,1858,367,569,129,659,567,93,334,677,413,133,502,232,554,630,397,670,248,398
719,671,327,127,784,173,734,244,276,297,641,909,1430,483,382,418,546,1422,804,110,422,772,468,292,507,196,527,372,394,976,545,2074,419,719,189,792,697,118,385,757,533,154,571,291,644,742,529,794,267,521
1184,1236,605,215,1425,309,1356,412,494,550,1229,1703,2550,917,746,752,1046,2531,1362,175,792,1442,852,559,961,360,965,687,731,1858,2074,2013,761,1360,347,1523,1311,244,681,1563,973,277,1108,550,1094,1326,914,1474,498,978
259,242,96,46,267,64,254,77,94,109,236,325,507,177,146,154,208,493,277,34,149,286,157,88,173,77,175,145,127,367,419,761,69,282,53,292,235,47,127,293,189,47,224,98,219,255,156,268,89,187
485,417,181,79,484,90,417,137,154,215,430,538,857,330,249,265,338,863,476,66,238,464,291,184,305,109,322,226,244,569,719,1360,282,218,101,488,424,82,240,502,301,108,320,159,354,421,323,450,163,321
121,104,51,19,125,24,136,32,38,52,105,122,203,81,62,66,90,185,136,15,77,113,52,47,75,26,72,46,54,129,189,347,53,101,10,131,102,17,49,122,74,21,81,58,99,105,91,126,54,68
523,464,210,100,535,134,569,165,183,212,440,586,1000,358,273,330,359,961,569,69,263,579,301,209,356,134,339,240,255,659,792,1523,292,488,131,242,508,82,266,555,375,96,389,179,449,480,326,573,206,370
538,404,184,93,470,116,440,128,151,222,399,562,844,295,225,272,348,854,477,68,265,493,271,173,316,126,333,238,233,567,697,1311,235,424,102,508,235,87,246,481,291,107,348,195,356,434,306,466,178,337
80,81,38,16,84,22,100,23,23,24,73,105,163,57,40,54,58,166,86,11,36,82,51,28,57,19,49,26,42,93,118,244,47,82,17,82,87,7,42,108,47,19,78,34,68,82,65,97,31,56
255,234,89,43,249,57,251,68,88,103,211,306,469,152,131,153,188,463,248,32,165,282,164,110,178,55,187,115,128,334,385,681,127,240,49,266,246,42,66,260,167,63,190,104,203,225,154,246,94,151
495,458,241,86,521,104,499,161,179,198,429,608,984,324,253,280,362,960,539,68,302,546,350,211,350,127,367,269,261,677,757,1563,293,502,122,555,481,108,260,288,359,117,395,209,448,492,335,558,183,355
323,269,138,53,314,81,310,109,106,126,246,398,599,202,179,179,268,617,314,43,182,317,186,128,205,75,224,155,169,413,533,973,189,301,74,375,291,47,167,359,102,69,240,126,263,308,197,384,116,219
119,94,37,25,104,30,126,35,44,45,85,112,212,75,49,64,84,201,106,10,63,101,62,46,70,23,62,54,50,133,154,277,47,108,21,96,107,19,63,117,69,10,85,39,98,79,66,112,30,74
378,345,155,53,391,72,365,130,115,189,364,435,650,262,216,228,255,674,386,52,220,382,233,164,271,90,263,196,190,502,571,1108,224,320,81,389,348,78,190,395,240,85,142,159,315,341,259,419,129,267
173,187,69,33,209,46,190,71,58,77,156,238,341,116,91,117,126,360,166,21,104,184,105,84,114,40,112,79,84,232,291,550,98,159,58,179,195,34,104,209,126,39,159,29,147,174,107,193,69,122
452,366,166,50,377,95,366,101,137,146,348,429,717,237,225,256,293,740,429,44,219,399,235,145,251,108,264,175,173,554,644,1094,219,354,99,449,356,68,203,448,263,98,315,147,152,378,239,425,161,284
420,424,186,89,464,118,432,114,160,182,434,548,868,318,228,244,368,828,473,45,255,464,293,183,315,137,325,224,237,630,742,1326,255,421,105,480,434,82,225,492,308,79,341,174,378,213,294,454,171,314
357,280,128,50,322,76,314,102,89,117,263,384,545,196,162,180,219,576,305,38,189,347,199,121,182,81,197,152,151,397,529,914,156,323,91,326,306,65,154,335,197,66,259,107,239,294,98,323,117,208
478,474,199,85,492,126,494,154,166,200,418,604,966,332,256,286,364,991,583,56,277,559,310,219,370,126,350,256,274,670,794,1474,268,450,126,573,466,97,246,558,384,112,419,193,425,454,323,250,164,369
183,174,79,25,185,37,170,53,48,69,143,244,299,111,83,110,137,322,182,27,93,181,114,77,140,62,131,82,101,248,267,498,89,163,54,206,178,31,94,183,116,30,129,69,161,171,117,164,41,127
370,313,132,53,304,77,313,94,113,142,313,381,636,216,201,199,234,631,341,37,204,382,220,142,234,83,228,158,173,398,521,978,187,321,68,370,337,56,151,355,219,74,267,122,284,314,208,369,127,105
