263,460,202,104,487,132,484,188,159,271,492,504,811,374,328,352,341,789,511,71,314,499,347,173,360,132,370,301,289,610,679,1210,248,504,91,469,480,84,246,433,293,102,343,200,431,430,331,503,173,388
460,168,184,62,389,91,428,135,146,168,377,465,767,256,218,264,313,789,423,46,278,446,252,176,299,95,274,181,204,546,664,1245,227,397,105,465,405,64,233,472,315,85,317,172,352,365,282,436,180,316
202,184,30,31,202,47,192,69,51,83,175,235,360,116,119,119,140,343,189,19,103,198,97,89,133,44,131,102,97,257,291,597,117,169,38,188,195,36,115,188,143,47,143,66,173,188,120,215,99,146
104,62,31,7,88,14,71,31,24,37,70,91,145,61,49,46,57,159,92,10,42,81,57,21,53,18,60,43,55,89,138,237,43,79,22,101,72,10,51,71,48,20,57,34,72,76,62,89,30,62
487,389,202,88,256,113,497,166,166,181,388,587,918,298,266,289,357,892,501,51,282,482,293,187,337,134,315,238,253,666,797,1402,282,462,126,533,486,96,292,528,335,88,434,163,408,486,307,544,191,345
132,91,47,14,113,4,84,48,39,44,96,112,198,74,73,73,82,211,114,16,55,107,73,37,58,14,71,54,68,142,149,279,59,90,29,125,94,19,66,115,73,21,86,40,81,100,87,111,42,80
484,428,192,71,497,84,226,167,154,205,418,524,833,307,258,264,358,826,498,62,272,522,283,213,325,120,325,253,253,590,754,1301,243,477,111,530,450,70,237,546,352,93,365,174,369,445,329,456,165,326
188,135,69,31,166,48,167,23,46,65,137,162,286,99,102,101,119,269,144,21,98,168,101,57,97,33,103,83,87,192,228,450,86,166,35,179,124,39,81,178,88,46,117,66,131,141,106,162,58,118
159,146,51,24,166,39,154,46,29,65,140,181,301,96,82,90,125,291,162,26,95,152,98,77,119,48,112,84,79,203,241,464,90,143,43,160,144,24,73,169,111,36,131,69,139,151,111,156,58,126
271,168,83,37,181,44,205,65,65,47,178,239,353,134,92,113,163,359,204,20,119,204,116,101,145,65,154,96,99,281,284,576,101,202,43,228,188,32,97,206,136,53,160,68,178,204,124,221,71,142
492,377,175,70,388,96,418,137,140,178,170,475,726,272,217,253,315,730,397,42,262,426,251,168,270,111,293,196,217,544,611,1125,232,409,91,425,424,70,230,455,308,92,336,158,349,402,261,439,152,299
504,465,235,91,587,112,524,162,181,239,475,302,967,364,289,324,402,1001,575,63,328,583,295,232,371,145,399,273,287,697,847,1556,311,531,137,557,520,99,273,617,339,111,420,215,473,525,362,587,209,367
811,767,360,145,918,198,833,286,301,353,726,967,756,602,479,530,648,1365,908,112,518,980,584,391,604,233,651,399,469,1077,1365,2361,499,885,219,941,835,168,442,942,621,192,650,323,730,830,568,906,331,603
374,256,116,61,298,74,307,99,96,134,272,364,602,97,182,200,223,607,301,40,174,328,196,140,208,80,219,166,171,401,492,851,158,297,71,346,319,56,157,354,196,58,251,126,260,315,219,368,104,245
328,218,119,49,266,73,258,102,82,92,217,289,479,182,85,128,189,481,250,36,158,275,166,112,172,76,185,125,139,318,403,686,145,257,49,289,265,39,127,264,180,44,183,76,205,255,186,301,100,193
352,264,119,46,289,73,264,101,90,113,253,324,530,200,128,78,215,510,278,41,156,310,162,124,177,65,188,157,147,376,429,786,169,261,63,282,264,50,143,319,205,48,212,88,210,266,174,294,91,208
341,313,140,57,357,82,358,119,125,163,315,402,648,223,189,215,136,616,367,35,183,340,206,138,234,82,246,180,163,425,555,1043,205,337,76,353,345,57,183,359,231,58,271,146,295,336,225,359,123,267
789,789,343,159,892,211,826,269,291,359,730,1001,1365,607,481,510,616,788,882,109,504,946,562,386,586,250,615,440,485,1092,1364,2379,479,870,206,975,838,171,434,942,623,184,658,346,725,817,561,907,310,590
511,423,189,92,501,114,498,144,162,204,397,575,908,301,250,278,367,882,233,54,275,450,287,190,331,133,356,235,265,608,784,1392,274,491,125,522,510,73,297,542,282,91,355,179,405,413,348,520,173,364
71,46,19,10,51,16,62,21,26,20,42,63,112,40,36,41,35,109,54,2,24,68,28,24,33,16,28,25,29,74,96,200,41,60,14,63,49,14,34,68,41,8,59,21,50,54,39,71,29,42
314,278,103,42,282,55,272,98,95,119,262,328,518,174,158,156,183,504,275,24,74,298,166,111,162,78,156,149,144,345,426,809,125,258,69,265,225,45,122,324,187,54,209,107,215,254,170,278,104,188
499,446,198,81,482,107,522,168,152,204,426,583,980,328,275,310,340,946,450,68,298,271,303,203,355,157,385,247,264,660,805,1430,274,482,123,536,503,91,266,538,306,111,398,197,439,460,341,526,188,374
347,252,97,57,293,73,283,101,98,116,251,295,584,196,166,162,206,562,287,28,166,303,91,116,202,72,168,171,140,382,492,852,167,309,69,307,274,48,152,355,203,47,237,123,237,266,188,309,120,170
173,176,89,21,187,37,213,57,77,101,168,232,391,140,112,124,138,386,190,24,111,203,116,47,114,53,151,95,115,251,337,576,94,175,50,214,221,23,93,221,135,42,148,77,163,159,111,206,78,141
360,299,133,53,337,58,325,97,119,145,270,371,604,208,172,177,234,586,331,33,162,355,202,114,103,84,212,180,173,402,524,917,181,312,70,361,321,51,168,384,237,65,247,115,248,309,196,343,141,239
132,95,44,18,134,14,120,33,48,65,111,145,233,80,76,65,82,250,133,16,78,157,72,53,84,13,69,59,58,161,205,345,70,136,29,137,129,17,64,152,82,25,89,52,106,130,80,122,50,102
370,274,131,60,315,71,325,103,112,154,293,399,651,219,185,188,246,615,356,28,156,385,168,151,212,69,109,156,179,437,534,925,153,348,87,388,315,46,163,400,234,69,264,125,246,304,196,341,127,229
301,181,102,43,238,54,253,83,84,96,196,273,399,166,125,157,180,440,235,25,149,247,171,95,180,59,156,51,117,272,377,678,160,225,47,254,230,31,134,244,154,50,188,82,205,199,165,276,88,176
289,204,97,55,253,68,253,87,79,99,217,287,469,171,139,147,163,485,265,29,144,264,140,115,173,58,179,117,71,344,384,718,157,221,68,260,243,41,129,279,178,61,204,91,193,230,160,244,105,181
610,546,257,89,666,142,590,192,203,281,544,697,1077,401,318,376,425,1092,608,74,345,660,382,251,402,161,437,272,344,425,986,1732,351,598,140,640,624,118,291,688,416,127,489,231,524,603,374,693,245,434
679,664,291,138,797,149,754,228,241,284,611,847,1365,492,403,429,555,1364,784,96,426,805,492,337,524,205,534,377,384,986,610,2063,425,778,170,800,748,115,364,823,490,162,568,290,662,690,493,757,295,513
1210,1245,597,237,1402,279,1301,450,464,576,1125,1556,2361,851,686,786,1043,2379,1392,200,809,1430,852,576,917,345,925,678,718,1732,2063,1872,711,1308,305,1513,1283,226,726,1363,949,299,972,503,1094,1213,923,1368,498,950
248,227,117,43,282,59,243,86,90,101,232,311,499,158,145,169,205,479,274,41,125,274,167,94,181,70,153,160,157,351,425,711,79,276,58,316,260,39,127,262,174,64,192,99,219,266,177,287,82,179
504,397,169,79,462,90,477,166,143,202,409,531,885,297,257,261,337,870,491,60,258,482,309,175,312,136,348,225,221,598,778,1308,276,225,106,515,432,80,274,544,336,104,324,183,404,437,320,494,199,326
91,105,38,22,126,29,111,35,43,43,91,137,219,71,49,63,76,206,125,14,69,123,69,50,70,29,87,47,68,140,170,305,58,106,10,124,105,15,73,119,83,27,79,51,97,119,52,115,40,75
469,465,188,101,533,125,530,179,160,228,425,557,941,346,289,282,353,975,522,63,265,536,307,214,361,137,388,254,260,640,800,1513,316,515,124,249,494,95,253,532,329,97,387,210,450,483,346,561,212,362
480,405,195,72,486,94,450,124,144,188,424,520,835,319,265,264,345,838,510,49,225,503,274,221,321,129,315,230,243,624,748,1283,260,432,105,494,219,75,234,520,322,87,344,189,389,428,287,495,158,327
84,64,36,10,96,19,70,39,24,32,70,99,168,56,39,50,57,171,73,14,45,91,48,23,51,17,46,31,41,118,115,226,39,80,15,95,75,5,48,87,56,16,64,25,60,80,52,95,25,59
246,233,115,51,292,66,237,81,73,97,230,273,442,157,127,143,183,434,297,34,122,266,152,93,168,64,163,134,129,291,364,726,127,274,73,253,234,48,77,251,172,60,183,91,217,232,153,264,78,169
433,472,188,71,528,115,546,178,169,206,455,617,942,354,264,319,359,942,542,68,324,538,355,221,384,152,400,244,279,688,823,1363,262,544,119,532,520,87,251,290,369,103,390,207,446,491,356,537,200,388
293,315,143,48,335,73,352,88,111,136,308,339,621,196,180,205,231,623,282,41,187,306,203,135,237,82,234,154,178,416,490,949,174,336,83,329,322,56,172,369,110,58,218,112,282,306,203,329,126,225
102,85,47,20,88,21,93,46,36,53,92,111,192,58,44,48,58,184,91,8,54,111,47,42,65,25,69,50,61,127,162,299,64,104,27,97,87,16,60,103,58,16,86,37,87,87,76,98,38,77
343,317,143,57,434,86,365,117,131,160,336,420,650,251,183,212,271,658,355,59,209,398,237,148,247,89,264,188,204,489,568,972,192,324,79,387,344,64,183,390,218,86,160,143,292,311,240,386,133,251
200,172,66,34,163,40,174,66,69,68,158,215,323,126,76,88,146,346,179,21,107,197,123,77,115,52,125,82,91,231,290,503,99,183,51,210,189,25,91,207,112,37,143,32,147,177,96,173,76,109
431,352,173,72,408,81,369,131,139,178,349,473,730,260,205,210,295,725,405,50,215,439,237,163,248,106,246,205,193,524,662,1094,219,404,97,450,389,60,217,446,282,87,292,147,161,376,250,412,161,278
430,365,188,76,486,100,445,141,151,204,402,525,830,315,255,266,336,817,413,54,254,460,266,159,309,130,304,199,230,603,690,1213,266,437,119,483,428,80,232,491,306,87,311,177,376,214,278,440,188,317
331,282,120,62,307,87,329,106,111,124,261,362,568,219,186,174,225,561,348,39,170,341,188,111,196,80,196,165,160,374,493,923,177,320,52,346,287,52,153,356,203,76,240,96,250,278,96,344,113,222
503,436,215,89,544,111,456,162,156,221,439,587,906,368,301,294,359,907,520,71,278,526,309,206,343,122,341,276,244,693,757,1368,287,494,115,561,495,95,264,537,329,98,386,173,412,440,344,256,196,381
173,180,99,30,191,42,165,58,58,71,152,209,331,104,100,91,123,310,173,29,104,188,120,78,141,50,127,88,105,245,295,498,82,199,40,212,158,25,78,200,126,38,133,76,161,188,113,196,33,112
388,316,146,62,345,80,326,118,126,142,299,367,603,245,193,208,267,590,364,42,188,374,170,141,239,102,229,176,181,434,513,950,179,326,75,362,327,59,169,388,225,77,251,109,278,317,222,381,112,102
