250,440,232,80,524,102,487,166,191,243,456,536,804,408,301,336,418,861,502,73,343,519,349,190,394,157,374,311,305,660,762,1212,245,461,94,541,510,87,237,494,325,101,369,183,429,472,360,517,174,390
440,161,193,64,428,93,404,121,144,177,368,448,755,266,220,237,288,794,409,49,204,428,226,161,266,105,261,198,202,563,651,1175,224,380,108,487,414,72,203,470,273,75,333,176,344,395,260,456,168,276
232,193,37,39,190,54,201,56,64,87,163,240,357,127,104,101,135,385,194,20,108,205,125,83,130,45,128,82,110,250,308,602,123,174,43,192,189,38,84,213,113,43,171,82,158,192,131,192,76,139
80,64,39,5,89,19,79,23,39,46,67,101,140,59,42,50,74,136,81,10,50,74,52,24,50,23,52,38,44,118,123,209,34,76,22,96,75,11,50,84,54,21,85,24,63,72,45,76,28,70
524,428,190,89,255,126,509,145,163,196,436,551,920,333,257,287,391,913,526,64,278,522,288,206,322,129,347,249,250,660,772,1435,294,462,100,524,470,81,258,512,352,101,377,196,416,449,308,515,193,359
102,93,54,19,126,9,115,25,47,45,90,122,182,88,59,63,88,200,109,16,63,122,71,44,63,36,73,47,64,171,168,279,64,113,25,119,113,22,59,118,67,17,90,43,105,97,76,111,34,79
487,404,201,79,509,115,259,140,169,189,393,546,862,316,275,267,324,881,482,59,293,493,252,182,299,123,339,229,244,640,778,1355,277,469,127,537,434,105,264,496,333,97,360,180,395,455,319,454,179,299
166,121,56,23,145,25,140,20,62,70,157,179,259,96,91,101,120,273,161,16,99,145,71,66,104,46,118,66,65,196,224,390,88,132,38,167,149,19,74,178,111,35,102,58,115,146,88,162,65,106
191,144,64,39,163,47,169,62,20,62,150,198,296,109,97,100,113,298,159,25,103,191,100,71,101,43,126,69,84,200,244,504,110,170,43,168,160,34,78,183,129,35,112,59,136,153,113,147,64,117
243,177,87,46,196,45,189,70,62,43,162,242,339,131,117,119,131,350,227,29,116,213,138,65,128,58,160,100,97,269,309,563,112,199,44,210,192,26,108,242,133,58,158,72,161,207,117,216,74,144
456,368,163,67,436,90,393,157,150,162,185,468,745,268,211,232,300,756,466,56,243,458,279,164,271,121,301,209,203,562,629,1166,246,405,78,476,382,79,226,460,269,92,317,171,342,380,256,413,159,281
536,448,240,101,551,122,546,179,198,242,468,280,1003,351,310,314,382,1033,551,57,312,604,344,208,382,127,380,270,277,720,846,1627,314,551,130,598,499,92,292,633,413,126,429,236,448,548,382,578,232,393
804,755,357,140,920,182,862,259,296,339,745,1003,774,579,482,500,633,1450,907,124,495,945,557,367,596,230,611,425,459,1151,1336,2500,473,812,205,974,794,170,453,962,656,185,649,312,722,815,557,942,339,605
408,266,127,59,333,88,316,96,109,131,268,351,579,85,160,177,258,595,331,33,172,321,209,102,226,83,203,147,156,402,516,887,184,285,70,351,281,54,160,348,209,66,221,122,247,305,195,297,127,226
301,220,104,42,257,59,275,91,97,117,211,310,482,160,68,140,204,505,253,27,131,287,161,112,156,63,181,142,134,310,397,766,130,241,60,289,252,42,138,277,166,52,223,96,232,245,154,271,89,190
336,237,101,50,287,63,267,101,100,119,232,314,500,177,140,72,208,548,275,47,141,326,184,120,166,62,188,143,156,338,453,815,171,271,69,307,258,54,145,314,202,64,248,107,214,284,167,323,111,164
418,288,135,74,391,88,324,120,113,131,300,382,633,258,204,208,125,649,399,51,194,377,244,135,250,96,237,178,196,463,578,996,207,347,74,381,340,61,182,390,249,88,294,133,309,362,255,391,130,219
861,794,385,136,913,200,881,273,298,350,756,1033,1450,595,505,548,649,801,881,126,488,893,541,360,605,234,610,407,418,1127,1375,2463,468,831,223,987,844,149,457,949,595,180,647,341,716,814,561,923,370,602
502,409,194,81,526,109,482,161,159,227,466,551,907,331,253,275,399,881,239,56,253,476,308,199,334,128,345,251,267,622,786,1427,284,461,114,543,466,89,280,528,335,105,357,198,451,490,325,498,189,326
73,49,20,10,64,16,59,16,25,29,56,57,124,33,27,47,51,126,56,5,27,52,44,13,35,12,29,29,29,89,93,171,28,56,14,59,56,12,32,66,37,17,53,31,45,64,46,62,31,58
343,204,108,50,278,63,293,99,103,116,243,312,495,172,131,141,194,488,253,27,75,278,167,116,189,65,202,135,134,311,425,786,157,250,51,283,295,45,134,283,154,72,178,85,240,241,177,311,119,199
519,428,205,74,522,122,493,145,191,213,458,604,945,321,287,326,377,893,476,52,278,266,320,192,310,124,338,259,258,619,790,1410,307,471,108,566,486,85,263,548,312,113,393,218,423,534,345,528,188,359
349,226,125,52,288,71,252,71,100,138,279,344,557,209,161,184,244,541,308,44,167,320,106,120,195,62,187,154,139,386,445,845,144,263,63,327,292,41,132,310,205,51,240,93,227,259,198,326,100,235
190,161,83,24,206,44,182,66,71,65,164,208,367,102,112,120,135,360,199,13,116,192,120,33,146,44,124,90,95,248,284,596,127,191,48,216,184,34,110,209,121,37,135,80,148,222,146,161,65,142
394,266,130,50,322,63,299,104,101,128,271,382,596,226,156,166,250,605,334,35,189,310,195,146,101,76,241,151,167,421,499,968,174,312,72,329,291,57,185,340,234,81,248,111,266,308,200,340,117,211
157,105,45,23,129,36,123,46,43,58,121,127,230,83,63,62,96,234,128,12,65,124,62,44,76,21,80,50,67,163,177,376,67,91,37,122,116,27,79,142,75,33,107,34,105,122,81,143,53,95
374,261,128,52,347,73,339,118,126,160,301,380,611,203,181,188,237,610,345,29,202,338,187,124,241,80,98,141,175,452,494,951,203,279,81,333,315,63,198,345,218,73,289,123,274,340,223,373,139,223
311,198,82,38,249,47,229,66,69,100,209,270,425,147,142,143,178,407,251,29,135,259,154,90,151,50,141,52,116,269,348,656,121,217,52,235,221,44,107,227,121,40,175,74,192,218,153,261,91,163
305,202,110,44,250,64,244,65,84,97,203,277,459,156,134,156,196,418,267,29,134,258,139,95,167,67,175,116,61,283,382,712,142,231,50,260,268,37,131,266,172,53,191,88,176,245,155,254,83,189
660,563,250,118,660,171,640,196,200,269,562,720,1151,402,310,338,463,1127,622,89,311,619,386,248,421,163,452,269,283,424,967,1798,353,570,155,684,593,111,323,692,424,128,498,219,497,614,376,665,241,438
762,651,308,123,772,168,778,224,244,309,629,846,1336,516,397,453,578,1375,786,93,425,790,445,284,499,177,494,348,382,967,579,2130,395,713,172,840,672,157,379,843,483,158,591,325,625,730,490,796,281,519
1212,1175,602,209,1435,279,1355,390,504,563,1166,1627,2500,887,766,815,996,2463,1427,171,786,1410,845,596,968,376,951,656,712,1798,2130,1987,754,1289,352,1514,1289,264,641,1474,982,286,1014,504,1187,1359,950,1432,555,941
245,224,123,34,294,64,277,88,110,112,246,314,473,184,130,171,207,468,284,28,157,307,144,127,174,67,203,121,142,353,395,754,77,254,59,290,258,48,140,292,188,62,206,88,215,248,180,273,91,206
461,380,174,76,462,113,469,132,170,199,405,551,812,285,241,271,347,831,461,56,250,471,263,191,312,91,279,217,231,570,713,1289,254,202,114,484,424,80,250,506,302,96,377,192,388,455,296,470,171,314
94,108,43,22,100,25,127,38,43,44,78,130,205,70,60,69,74,223,114,14,51,108,63,48,72,37,81,52,50,155,172,352,59,114,8,116,93,25,60,121,88,24,100,51,91,115,85,123,43,58
541,487,192,96,524,119,537,167,168,210,476,598,974,351,289,307,381,987,543,59,283,566,327,216,329,122,333,235,260,684,840,1514,290,484,116,298,515,95,264,590,344,114,446,218,443,538,330,607,203,329
510,414,189,75,470,113,434,149,160,192,382,499,794,281,252,258,340,844,466,56,295,486,292,184,291,116,315,221,268,593,672,1289,258,424,93,515,194,101,269,479,328,105,381,169,368,442,298,473,149,326
87,72,38,11,81,22,105,19,34,26,79,92,170,54,42,54,61,149,89,12,45,85,41,34,57,27,63,44,37,111,157,264,48,80,25,95,101,5,42,112,45,21,65,26,81,80,50,125,28,50
237,203,84,50,258,59,264,74,78,108,226,292,453,160,138,145,182,457,280,32,134,263,132,110,185,79,198,107,131,323,379,641,140,250,60,264,269,42,66,291,198,60,203,108,207,211,169,262,104,186
494,470,213,84,512,118,496,178,183,242,460,633,962,348,277,314,390,949,528,66,283,548,310,209,340,142,345,227,266,692,843,1474,292,506,121,590,479,112,291,286,350,124,398,218,447,506,311,545,199,358
325,273,113,54,352,67,333,111,129,133,269,413,656,209,166,202,249,595,335,37,154,312,205,121,234,75,218,121,172,424,483,982,188,302,88,344,328,45,198,350,102,73,253,158,294,325,195,361,129,207
101,75,43,21,101,17,97,35,35,58,92,126,185,66,52,64,88,180,105,17,72,113,51,37,81,33,73,40,53,128,158,286,62,96,24,114,105,21,60,124,73,11,94,35,87,87,65,120,40,64
369,333,171,85,377,90,360,102,112,158,317,429,649,221,223,248,294,647,357,53,178,393,240,135,248,107,289,175,191,498,591,1014,206,377,100,446,381,65,203,398,253,94,148,154,297,365,239,426,142,260
183,176,82,24,196,43,180,58,59,72,171,236,312,122,96,107,133,341,198,31,85,218,93,80,111,34,123,74,88,219,325,504,88,192,51,218,169,26,108,218,158,35,154,32,143,177,100,176,74,115
429,344,158,63,416,105,395,115,136,161,342,448,722,247,232,214,309,716,451,45,240,423,227,148,266,105,274,192,176,497,625,1187,215,388,91,443,368,81,207,447,294,87,297,143,167,395,272,414,142,271
472,395,192,72,449,97,455,146,153,207,380,548,815,305,245,284,362,814,490,64,241,534,259,222,308,122,340,218,245,614,730,1359,248,455,115,538,442,80,211,506,325,87,365,177,395,221,318,503,188,338
360,260,131,45,308,76,319,88,113,117,256,382,557,195,154,167,255,561,325,46,177,345,198,146,200,81,223,153,155,376,490,950,180,296,85,330,298,50,169,311,195,65,239,100,272,318,93,341,144,226
517,456,192,76,515,111,454,162,147,216,413,578,942,297,271,323,391,923,498,62,311,528,326,161,340,143,373,261,254,665,796,1432,273,470,123,607,473,125,262,545,361,120,426,176,414,503,341,275,192,346
174,168,76,28,193,34,179,65,64,74,159,232,339,127,89,111,130,370,189,31,119,188,100,65,117,53,139,91,83,241,281,555,91,171,43,203,149,28,104,199,129,40,142,74,142,188,144,192,29,107
390,276,139,70,359,79,299,106,117,144,281,393,605,226,190,164,219,602,326,58,199,359,235,142,211,95,223,163,189,438,519,941,206,314,58,329,326,50,186,358,207,64,260,115,271,338,226,346,107,119
