241,443,214,87,497,101,450,158,156,237,434,486,840,393,315,337,334,801,488,68,314,513,379,221,373,135,366,294,302,597,691,1208,253,476,106,501,478,83,230,438,297,105,377,187,451,440,298,481,143,363
443,168,192,80,433,93,431,148,154,158,392,492,772,290,250,253,338,750,425,53,222,450,267,187,276,86,271,178,223,540,639,1223,219,379,103,469,426,73,205,446,283,102,349,160,363,366,283,461,160,316
214,192,29,41,200,51,199,59,78,82,181,234,347,146,105,107,139,352,179,26,98,206,121,88,124,49,129,88,98,232,289,555,123,206,31,180,200,24,113,209,129,39,154,77,161,188,124,218,72,122
87,80,41,9,87,17,78,23,34,34,66,104,145,84,59,47,61,129,102,15,56,78,48,40,55,21,49,41,38,109,111,236,51,77,15,94,92,7,34,70,56,17,72,29,62,74,58,76,26,57
497,433,200,87,264,111,508,151,161,203,423,564,937,358,272,304,374,916,519,66,304,516,276,206,353,124,322,235,267,638,745,1341,270,498,121,527,480,83,255,504,335,91,405,188,464,471,335,525,192,342
101,93,51,17,111,9,112,36,37,43,107,128,206,96,65,59,69,182,123,16,76,128,67,50,78,25,82,56,61,149,159,297,54,101,27,114,115,14,53,90,76,28,77,41,97,98,68,107,37,82
450,431,199,78,508,112,239,133,170,194,409,555,902,359,274,283,382,909,502,68,291,490,316,202,325,116,321,246,262,633,693,1346,270,485,116,499,429,91,240,479,337,83,351,171,396,455,306,485,177,331
158,148,59,23,151,36,133,26,42,70,150,159,251,91,89,82,107,247,137,11,84,144,95,62,102,38,108,71,79,180,228,445,78,124,38,160,126,29,60,154,86,39,124,44,123,130,93,168,53,111
156,154,78,34,161,37,170,42,27,65,145,187,286,112,73,78,130,300,154,22,90,151,87,66,111,42,108,83,70,198,232,458,84,164,34,163,150,31,83,147,100,36,140,53,122,143,92,164,45,95
237,158,82,34,203,43,194,70,65,58,183,231,363,147,115,118,155,371,190,38,100,214,126,99,127,52,120,115,110,259,300,529,101,194,46,207,195,41,92,216,145,49,133,83,167,192,116,221,80,151
434,392,181,66,423,107,409,150,145,183,194,488,780,283,233,263,311,778,424,61,237,407,242,188,268,113,264,205,218,564,595,1135,201,399,97,424,413,57,205,415,282,98,307,143,301,363,261,467,151,301
486,492,234,104,564,128,555,159,187,231,488,334,987,344,305,344,406,995,585,58,304,588,326,229,370,148,405,285,283,686,832,1546,304,544,126,611,481,90,285,612,362,123,421,208,450,523,339,569,205,412
840,772,347,145,937,206,902,251,286,363,780,987,832,565,500,552,636,1446,937,109,532,927,526,340,610,217,600,443,454,1137,1369,2382,471,821,174,942,824,148,495,935,594,197,615,330,698,810,580,957,314,630
393,290,146,84,358,96,359,91,112,147,283,344,565,107,192,205,254,570,364,41,183,342,194,136,198,95,230,158,165,412,492,880,186,313,77,354,331,62,151,355,258,72,243,132,263,277,198,356,122,259
315,250,105,59,272,65,274,89,73,115,233,305,500,192,85,144,195,485,296,32,117,293,139,115,193,67,187,133,120,331,407,794,156,241,64,259,267,39,113,279,199,64,199,95,244,243,169,295,108,179
337,253,107,47,304,59,283,82,78,118,263,344,552,205,144,89,220,523,300,34,144,301,188,115,220,69,206,125,123,340,454,857,162,272,71,289,284,45,131,295,193,65,229,108,236,267,170,320,111,198
334,338,139,61,374,69,382,107,130,155,311,406,636,254,195,220,127,621,331,50,200,347,222,178,251,90,265,164,190,470,531,998,149,317,90,333,345,65,149,398,219,60,280,139,295,354,219,361,153,236
801,750,352,129,916,182,909,247,300,371,778,995,1446,570,485,523,621,785,952,113,534,944,496,374,587,240,632,445,467,1158,1372,2389,490,780,186,952,816,155,474,907,613,194,641,321,767,827,581,931,304,622
488,425,179,102,519,123,502,137,154,190,424,585,937,364,296,300,331,952,264,66,277,502,305,201,357,125,329,203,265,678,735,1431,279,472,116,496,486,89,234,493,309,110,401,178,417,445,339,527,204,331
68,53,26,15,66,16,68,11,22,38,61,58,109,41,32,34,50,113,66,2,38,67,24,20,43,19,45,21,33,91,86,180,38,66,9,60,60,9,30,65,43,8,45,22,56,54,37,75,18,42
314,222,98,56,304,76,291,84,90,100,237,304,532,183,117,144,200,534,277,38,61,304,196,119,197,63,164,116,123,355,434,802,168,266,64,248,296,36,124,286,162,54,233,87,247,284,169,316,108,169
513,450,206,78,516,128,490,144,151,214,407,588,927,342,293,301,347,944,502,67,304,269,321,223,363,132,345,215,258,667,762,1414,279,466,123,578,512,88,246,516,353,120,407,199,427,476,350,544,179,373
379,267,121,48,276,67,316,95,87,126,242,326,526,194,139,188,222,496,305,24,196,321,98,138,221,78,196,133,153,388,426,828,168,261,73,324,296,44,134,304,212,56,236,130,232,255,193,310,87,220
221,187,88,40,206,50,202,62,66,99,188,229,340,136,115,115,178,374,201,20,119,223,138,56,126,44,142,97,101,250,294,555,98,182,50,230,225,39,96,197,139,43,148,73,159,190,126,229,66,159
373,276,124,55,353,78,325,102,111,127,268,370,610,198,193,220,251,587,357,43,197,363,221,126,111,88,218,169,182,407,500,953,176,296,84,332,334,49,149,334,226,73,281,130,247,306,202,354,127,236
135,86,49,21,124,25,116,38,42,52,113,148,217,95,67,69,90,240,125,19,63,132,78,44,88,15,72,59,94,161,179,369,73,104,31,144,104,18,68,150,79,25,94,44,104,109,89,128,49,88
366,271,129,49,322,82,321,108,108,120,264,405,600,230,187,206,265,632,329,45,164,345,196,142,218,72,111,156,187,440,479,938,175,292,79,367,312,50,176,348,234,59,263,122,283,304,236,351,136,229
294,178,88,41,235,56,246,71,83,115,205,285,443,158,133,125,164,445,203,21,116,215,133,97,169,59,156,48,118,288,375,708,142,216,56,240,218,37,142,234,151,46,182,91,196,212,148,275,103,169
302,223,98,38,267,61,262,79,70,110,218,283,454,165,120,123,190,467,265,33,123,258,153,101,182,94,187,118,53,310,359,772,152,236,69,269,246,56,118,254,160,38,201,90,200,206,158,266,105,184
597,540,232,109,638,149,633,180,198,259,564,686,1137,412,331,340,470,1158,678,91,355,667,388,250,407,161,440,288,310,397,907,1758,324,599,129,701,557,107,325,711,422,129,478,207,526,603,387,683,227,400
691,639,289,111,745,159,693,228,232,300,595,832,1369,492,407,454,531,1372,735,86,434,762,426,294,500,179,479,375,359,907,579,2040,390,673,175,780,659,127,386,784,520,152,590,317,595,696,488,791,277,489
1208,1223,555,236,1341,297,1346,445,458,529,1135,1546,2382,880,794,857,998,2389,1431,180,802,1414,828,555,953,369,938,708,772,1758,2040,1768,721,1267,309,1533,1293,266,761,1457,917,290,1023,491,1163,1233,902,1374,501,963
253,219,123,51,270,54,270,78,84,101,201,304,471,186,156,162,149,490,279,38,168,279,168,98,176,73,175,142,152,324,390,721,69,227,49,279,271,60,133,275,164,53,206,89,216,258,176,298,85,205
476,379,206,77,498,101,485,124,164,194,399,544,821,313,241,272,317,780,472,66,266,466,261,182,296,104,292,216,236,599,673,1267,227,226,116,478,431,76,222,481,300,87,339,187,377,463,317,458,144,312
106,103,31,15,121,27,116,38,34,46,97,126,174,77,64,71,90,186,116,9,64,123,73,50,84,31,79,56,69,129,175,309,49,116,14,118,108,23,58,131,72,22,83,36,94,113,67,130,47,79
501,469,180,94,527,114,499,160,163,207,424,611,942,354,259,289,333,952,496,60,248,578,324,230,332,144,367,240,269,701,780,1533,279,478,118,236,467,91,232,590,337,120,392,207,431,491,317,533,174,357
478,426,200,92,480,115,429,126,150,195,413,481,824,331,267,284,345,816,486,60,296,512,296,225,334,104,312,218,246,557,659,1293,271,431,108,467,217,78,216,481,320,95,313,152,380,455,294,491,152,351
83,73,24,7,83,14,91,29,31,41,57,90,148,62,39,45,65,155,89,9,36,88,44,39,49,18,50,37,56,107,127,266,60,76,23,91,78,5,47,89,48,15,64,27,78,71,46,84,27,69
230,205,113,34,255,53,240,60,83,92,205,285,495,151,113,131,149,474,234,30,124,246,134,96,149,68,176,142,118,325,386,761,133,222,58,232,216,47,48,246,169,57,200,75,220,224,142,249,102,163
438,446,209,70,504,90,479,154,147,216,415,612,935,355,279,295,398,907,493,65,286,516,304,197,334,150,348,234,254,711,784,1457,275,481,131,590,481,89,246,273,315,108,413,185,437,486,348,550,178,363
297,283,129,56,335,76,337,86,100,145,282,362,594,258,199,193,219,613,309,43,162,353,212,139,226,79,234,151,160,422,520,917,164,300,72,337,320,48,169,315,92,78,261,131,287,300,225,378,124,242
105,102,39,17,91,28,83,39,36,49,98,123,197,72,64,65,60,194,110,8,54,120,56,43,73,25,59,46,38,129,152,290,53,87,22,120,95,15,57,108,78,10,64,43,79,80,62,99,45,59
377,349,154,72,405,77,351,124,140,133,307,421,615,243,199,229,280,641,401,45,233,407,236,148,281,94,263,182,201,478,590,1023,206,339,83,392,313,64,200,413,261,64,147,136,305,358,245,394,117,268
187,160,77,29,188,41,171,44,53,83,143,208,330,132,95,108,139,321,178,22,87,199,130,73,130,44,122,91,90,207,317,491,89,187,36,207,152,27,75,185,131,43,136,39,156,186,109,187,64,124
451,363,161,62,464,97,396,123,122,167,301,450,698,263,244,236,295,767,417,56,247,427,232,159,247,104,283,196,200,526,595,1163,216,377,94,431,380,78,220,437,287,79,305,156,155,347,254,418,134,289
440,366,188,74,471,98,455,130,143,192,363,523,810,277,243,267,354,827,445,54,284,476,255,190,306,109,304,212,206,603,696,1233,258,463,113,491,455,71,224,486,300,80,358,186,347,199,301,474,166,313
298,283,124,58,335,68,306,93,92,116,261,339,580,198,169,170,219,581,339,37,169,350,193,126,202,89,236,148,158,387,488,902,176,317,67,317,294,46,142,348,225,62,245,109,254,301,101,328,121,196
481,461,218,76,525,107,485,168,164,221,467,569,957,356,295,320,361,931,527,75,316,544,310,229,354,128,351,275,266,683,791,1374,298,458,130,533,491,84,249,550,378,99,394,187,418,474,328,247,194,342
143,160,72,26,192,37,177,53,45,80,151,205,314,122,108,111,153,304,204,18,108,179,87,66,127,49,136,103,105,227,277,501,85,144,47,174,152,27,102,178,124,45,117,64,134,166,121,194,22,120
363,316,122,57,342,82,331,111,95,151,301,412,630,259,179,198,236,622,331,42,169,373,220,159,236,88,229,169,184,400,489,963,205,312,79,357,351,69,163,363,242,59,268,124,289,313,196,342,120,128
