287,434,239,86,510,117,478,184,146,221,429,511,834,374,317,328,399,811,514,72,350,543,341,197,349,148,372,282,288,583,726,1196,249,460,102,509,468,75,270,452,300,94,360,171,411,420,334,491,155,347
434,190,153,63,449,87,402,129,123,188,368,491,794,290,205,237,303,758,435,56,230,411,238,180,325,115,299,201,209,497,629,1214,225,425,102,470,415,65,218,487,295,83,353,165,345,404,280,460,162,276
239,153,35,38,170,48,201,50,66,93,167,189,358,140,93,104,143,373,196,17,103,206,119,79,124,38,110,86,104,243,325,570,107,188,42,219,173,35,98,221,125,30,138,79,161,190,111,172,53,135
86,63,38,6,94,11,94,22,27,36,68,81,145,61,53,51,63,142,84,14,51,89,56,30,52,17,55,32,44,124,119,204,46,76,16,104,79,21,33,77,62,22,67,30,62,71,53,93,27,56
510,449,170,94,242,124,512,143,151,200,414,571,906,363,286,306,370,850,506,72,275,511,298,211,331,137,337,246,246,635,748,1419,270,467,111,540,520,84,238,536,324,102,395,192,416,475,322,537,176,365
117,87,48,11,124,10,100,32,39,47,94,110,186,66,60,68,103,186,126,21,63,115,82,35,80,34,79,52,58,154,160,270,51,102,36,131,95,21,50,115,81,27,88,37,87,75,81,114,40,76
478,402,201,94,512,100,243,149,161,211,401,541,870,296,254,282,362,839,515,64,249,459,258,184,343,99,306,205,265,581,723,1282,239,471,100,511,444,90,243,536,323,118,359,178,377,421,334,509,161,325
184,129,50,22,143,32,149,21,48,52,124,154,295,91,76,81,118,301,167,24,99,146,93,65,94,41,106,72,79,190,224,422,73,131,29,157,145,18,75,154,89,27,109,65,126,142,104,154,69,91
146,123,66,27,151,39,161,48,36,65,141,175,321,108,116,106,105,300,182,23,89,163,96,70,104,32,92,70,73,207,241,453,95,170,41,162,171,20,70,184,121,32,135,52,132,161,93,170,66,115
221,188,93,36,200,47,211,52,65,41,152,238,386,127,107,100,139,402,220,31,120,226,140,83,139,62,136,114,120,275,322,548,115,189,47,207,198,40,84,225,146,42,180,80,180,209,124,213,81,137
429,368,167,68,414,94,401,124,141,152,175,472,784,276,229,246,327,773,455,61,246,439,247,147,289,121,277,207,240,500,614,1200,213,374,97,435,387,77,182,458,279,87,334,156,344,391,259,425,151,263
511,491,189,81,571,110,541,154,175,238,472,301,975,345,270,322,398,975,593,74,330,578,347,234,357,147,354,244,273,724,826,1526,295,479,132,578,502,83,288,593,345,105,453,205,433,545,362,550,223,403
834,794,358,145,906,186,870,295,321,386,784,975,769,572,471,534,680,1383,927,112,504,941,556,351,605,216,632,426,479,1107,1356,2288,435,849,218,972,782,152,468,912,584,180,668,377,726,829,579,934,336,626
374,290,140,61,363,66,296,91,108,127,276,345,572,99,146,165,235,578,358,45,178,351,180,115,197,86,216,136,173,424,506,869,164,324,64,341,309,54,143,359,225,83,234,123,260,304,185,350,119,197
317,205,93,53,286,60,254,76,116,107,229,270,471,146,71,144,203,462,268,43,137,251,164,104,186,61,172,106,117,318,414,760,133,267,55,282,258,42,149,261,152,56,217,99,203,233,175,277,108,178
328,237,104,51,306,68,282,81,106,100,246,322,534,165,144,69,218,516,318,32,141,288,162,109,193,67,182,127,113,335,454,857,147,284,60,280,283,48,149,293,172,52,234,104,227,281,176,321,113,183
399,303,143,63,370,103,362,118,105,139,327,398,680,235,203,218,144,665,355,44,190,389,219,151,243,97,254,206,200,480,552,971,191,358,85,373,376,59,175,369,237,79,246,142,296,326,220,349,148,251
811,758,373,142,850,186,839,301,300,402,773,975,1383,578,462,516,665,782,942,109,510,948,567,361,632,231,629,393,468,1118,1356,2358,453,834,195,958,764,162,450,937,599,175,683,352,748,823,573,927,338,629
514,435,196,84,506,126,515,167,182,220,455,593,927,358,268,318,355,942,293,63,279,520,299,185,338,129,330,234,227,576,773,1420,301,503,102,567,475,78,248,550,362,126,397,189,398,479,315,540,189,336
72,56,17,14,72,21,64,24,23,31,61,74,112,45,43,32,44,109,63,1,30,65,45,28,37,13,39,28,30,68,104,179,40,52,14,75,60,12,31,67,41,9,45,29,55,61,35,66,27,44
350,230,103,51,275,63,249,99,89,120,246,330,504,178,137,141,190,510,279,30,67,294,175,109,168,64,174,132,139,342,440,796,168,273,58,266,250,44,144,278,178,54,218,104,209,257,191,293,99,200
543,411,206,89,511,115,459,146,163,226,439,578,941,351,251,288,389,948,520,65,294,264,314,204,316,122,319,245,239,641,753,1421,278,516,102,544,453,80,246,572,329,110,406,183,387,467,321,503,192,345
341,238,119,56,298,82,258,93,96,140,247,347,556,180,164,162,219,567,299,45,175,314,89,113,204,73,192,139,155,335,439,840,151,297,59,271,302,49,155,318,200,61,263,108,231,295,186,302,121,215
197,180,79,30,211,35,184,65,70,83,147,234,351,115,104,109,151,361,185,28,109,204,113,40,132,40,132,97,123,258,296,553,98,176,40,218,195,33,105,221,133,51,146,75,151,201,128,213,68,123
349,325,124,52,331,80,343,94,104,139,289,357,605,197,186,193,243,632,338,37,168,316,204,132,99,83,202,146,169,373,497,934,187,279,70,355,304,46,166,364,199,79,279,117,222,284,205,382,130,245
148,115,38,17,137,34,99,41,32,62,121,147,216,86,61,67,97,231,129,13,64,122,73,40,83,8,67,60,61,131,177,364,78,113,39,140,112,25,64,138,72,32,111,55,87,126,93,139,47,95
372,299,110,55,337,79,306,106,92,136,277,354,632,216,172,182,254,629,330,39,174,319,192,132,202,67,110,153,164,399,514,982,201,309,83,365,328,55,172,383,200,61,269,141,253,310,221,379,126,229
282,201,86,32,246,52,205,72,70,114,207,244,426,136,106,127,206,393,234,28,132,245,139,97,146,60,153,39,134,289,372,671,135,209,52,263,206,48,105,247,155,56,194,88,183,215,149,229,77,154
288,209,104,44,246,58,265,79,73,120,240,273,479,173,117,113,200,468,227,30,139,239,155,123,169,61,164,134,62,308,392,715,132,253,52,269,245,51,136,270,157,59,216,86,186,229,140,286,94,191
583,497,243,124,635,154,581,190,207,275,500,724,1107,424,318,335,480,1118,576,68,342,641,335,258,373,131,399,289,308,389,926,1815,336,595,144,664,613,122,307,678,438,107,494,215,509,606,376,650,236,444
726,629,325,119,748,160,723,224,241,322,614,826,1356,506,414,454,552,1356,773,104,440,753,439,296,497,177,514,372,392,926,572,2074,404,708,161,810,689,129,381,775,504,158,587,290,601,721,519,772,259,511
1196,1214,570,204,1419,270,1282,422,453,548,1200,1526,2288,869,760,857,971,2358,1420,179,796,1421,840,553,934,364,982,671,715,1815,2074,1809,705,1257,310,1533,1200,184,691,1419,870,297,1003,529,1105,1233,868,1457,492,939
249,225,107,46,270,51,239,73,95,115,213,295,435,164,133,147,191,453,301,40,168,278,151,98,187,78,201,135,132,336,404,705,66,250,58,291,243,43,134,268,163,56,195,109,191,270,167,278,90,187
460,425,188,76,467,102,471,131,170,189,374,479,849,324,267,284,358,834,503,52,273,516,297,176,279,113,309,209,253,595,708,1257,250,231,108,508,436,92,220,486,318,109,403,185,373,436,313,491,164,339
102,102,42,16,111,36,100,29,41,47,97,132,218,64,55,60,85,195,102,14,58,102,59,40,70,39,83,52,52,144,161,310,58,108,10,100,110,16,54,105,62,14,103,47,92,103,74,97,43,72
509,470,219,104,540,131,511,157,162,207,435,578,972,341,282,280,373,958,567,75,266,544,271,218,355,140,365,263,269,664,810,1533,291,508,100,274,500,70,271,569,351,103,395,188,451,510,346,575,199,348
468,415,173,79,520,95,444,145,171,198,387,502,782,309,258,283,376,764,475,60,250,453,302,195,304,112,328,206,245,613,689,1200,243,436,110,500,206,87,240,521,318,108,338,195,338,410,322,471,165,320
75,65,35,21,84,21,90,18,20,40,77,83,152,54,42,48,59,162,78,12,44,80,49,33,46,25,55,48,51,122,129,184,43,92,16,70,87,5,50,86,57,15,71,34,61,84,47,94,30,49
270,218,98,33,238,50,243,75,70,84,182,288,468,143,149,149,175,450,248,31,144,246,155,105,166,64,172,105,136,307,381,691,134,220,54,271,240,50,62,270,155,55,183,106,219,222,176,266,92,166
452,487,221,77,536,115,536,154,184,225,458,593,912,359,261,293,369,937,550,67,278,572,318,221,364,138,383,247,270,678,775,1419,268,486,105,569,521,86,270,282,316,112,399,170,415,475,321,549,178,334
300,295,125,62,324,81,323,89,121,146,279,345,584,225,152,172,237,599,362,41,178,329,200,133,199,72,200,155,157,438,504,870,163,318,62,351,318,57,155,316,111,89,257,126,264,321,208,348,111,215
94,83,30,22,102,27,118,27,32,42,87,105,180,83,56,52,79,175,126,9,54,110,61,51,79,32,61,56,59,107,158,297,56,109,14,103,108,15,55,112,89,9,74,44,98,109,69,103,36,60
360,353,138,67,395,88,359,109,135,180,334,453,668,234,217,234,246,683,397,45,218,406,263,146,279,111,269,194,216,494,587,1003,195,403,103,395,338,71,183,399,257,74,147,129,306,323,226,395,158,243
171,165,79,30,192,37,178,65,52,80,156,205,377,123,99,104,142,352,189,29,104,183,108,75,117,55,141,88,86,215,290,529,109,185,47,188,195,34,106,170,126,44,129,31,152,193,119,193,76,113
411,345,161,62,416,87,377,126,132,180,344,433,726,260,203,227,296,748,398,55,209,387,231,151,222,87,253,183,186,509,601,1105,191,373,92,451,338,61,219,415,264,98,306,152,146,369,250,447,142,295
420,404,190,71,475,75,421,142,161,209,391,545,829,304,233,281,326,823,479,61,257,467,295,201,284,126,310,215,229,606,721,1233,270,436,103,510,410,84,222,475,321,109,323,193,369,198,311,459,144,294
334,280,111,53,322,81,334,104,93,124,259,362,579,185,175,176,220,573,315,35,191,321,186,128,205,93,221,149,140,376,519,868,167,313,74,346,322,47,176,321,208,69,226,119,250,311,92,333,118,233
491,460,172,93,537,114,509,154,170,213,425,550,934,350,277,321,349,927,540,66,293,503,302,213,382,139,379,229,286,650,772,1457,278,491,97,575,471,94,266,549,348,103,395,193,447,459,333,268,188,354
155,162,53,27,176,40,161,69,66,81,151,223,336,119,108,113,148,338,189,27,99,192,121,68,130,47,126,77,94,236,259,492,90,164,43,199,165,30,92,178,111,36,158,76,142,144,118,188,27,124
347,276,135,56,365,76,325,91,115,137,263,403,626,197,178,183,251,629,336,44,200,345,215,123,245,95,229,154,191,444,511,939,187,339,72,348,320,49,166,334,215,60,243,113,295,294,233,354,124,109
