243,423,222,92,475,128,443,177,149,245,438,502,811,389,341,339,363,814,485,75,301,503,351,198,353,140,354,277,309,574,665,1141,265,473,112,466,482,96,244,439,307,110,387,173,439,424,353,475,185,357
423,180,194,67,480,96,388,121,152,181,370,451,801,286,249,249,287,789,472,52,244,459,272,188,305,111,287,219,213,558,714,1200,253,413,97,439,373,62,197,454,284,83,330,159,349,438,285,483,151,322
222,194,39,32,216,56,207,55,65,95,198,200,360,131,103,135,146,371,224,21,98,224,98,83,120,55,149,82,85,235,305,563,108,178,38,207,184,32,103,211,114,43,168,67,160,186,141,207,70,139
92,67,32,7,90,15,76,24,25,43,69,109,150,62,40,39,63,134,83,9,48,76,51,29,69,19,56,47,41,109,127,202,40,87,12,91,68,15,47,80,51,20,54,29,66,87,60,72,22,47
475,480,216,90,260,100,498,143,176,240,436,527,939,317,291,328,331,991,501,67,300,521,303,206,325,135,347,225,275,634,756,1381,264,467,124,510,481,98,269,534,337,111,410,188,423,513,325,566,219,374
128,96,56,15,100,7,101,40,28,50,98,126,191,79,63,68,76,212,122,11,69,113,57,51,89,21,73,57,55,146,169,302,64,104,31,118,95,14,55,116,75,23,78,37,85,114,76,108,32,76
443,388,207,76,498,101,237,136,146,203,428,570,875,300,240,240,334,816,506,57,292,493,272,196,346,120,314,239,238,603,701,1281,235,451,101,553,426,76,226,489,315,107,353,179,363,449,316,473,172,349
177,121,55,24,143,40,136,21,46,63,138,167,295,102,86,96,91,254,156,17,89,154,86,56,100,34,100,68,81,191,236,447,75,148,29,145,164,24,69,155,93,36,129,62,106,153,63,163,65,105
149,152,65,25,176,28,146,46,31,67,151,195,304,117,76,97,103,295,171,12,84,165,95,73,106,41,116,68,73,204,271,460,81,160,35,158,160,22,93,179,103,39,132,65,136,161,113,153,53,96
245,181,95,43,240,50,203,63,67,38,176,229,377,149,93,117,157,343,201,23,132,181,126,88,149,49,137,99,110,252,279,548,120,192,42,218,201,27,95,234,139,40,164,68,162,189,122,234,72,146
438,370,198,69,436,98,428,138,151,176,190,471,762,295,247,279,317,778,419,51,251,423,233,158,267,115,290,205,209,559,605,1134,242,395,94,454,383,59,219,473,266,92,319,147,327,388,252,477,154,277
502,451,200,109,527,126,570,167,195,229,471,318,1008,382,327,314,426,1015,567,68,312,593,353,214,366,135,372,228,279,667,856,1541,299,508,132,609,557,93,287,626,353,112,407,219,505,514,386,575,210,346
811,801,360,150,939,191,875,295,304,377,762,1008,773,576,468,520,630,1423,950,115,511,946,531,379,613,203,606,418,445,1084,1325,2358,440,825,221,965,829,161,411,932,614,169,689,311,728,820,582,978,312,655
389,286,131,62,317,79,300,102,117,149,295,382,576,91,154,175,220,578,331,35,195,322,178,143,214,89,211,159,178,410,459,881,168,313,65,368,287,55,140,328,214,55,243,126,224,327,181,317,111,224
341,249,103,40,291,63,240,86,76,93,247,327,468,154,73,143,192,440,287,33,140,306,151,103,186,66,193,122,135,329,428,764,134,250,51,306,247,25,158,300,152,59,188,98,200,258,154,286,100,194
339,249,135,39,328,68,240,96,97,117,279,314,520,175,143,76,185,502,330,39,160,334,158,113,174,63,173,137,128,357,463,823,153,255,62,289,262,40,171,346,178,57,226,107,227,272,185,281,101,197
363,287,146,63,331,76,334,91,103,157,317,426,630,220,192,185,139,627,369,46,220,367,213,126,242,92,217,151,197,427,527,986,200,335,91,368,342,59,178,382,221,74,277,138,291,334,228,391,148,264
814,789,371,134,991,212,816,254,295,343,778,1015,1423,578,440,502,627,736,938,113,490,924,505,353,605,209,583,437,433,1071,1381,2330,447,813,203,959,825,158,420,976,632,203,677,310,686,811,540,919,305,633
485,472,224,83,501,122,506,156,171,201,419,567,950,331,287,330,369,938,256,57,262,479,308,202,320,129,340,233,254,621,727,1367,279,478,130,527,496,80,268,547,313,103,374,202,410,466,331,571,189,352
75,52,21,9,67,11,57,17,12,23,51,68,115,35,33,39,46,113,57,10,38,68,28,23,43,12,42,26,23,64,103,172,39,80,20,57,63,13,30,67,37,14,41,20,48,61,42,59,22,42
301,244,98,48,300,69,292,89,84,132,251,312,511,195,140,160,220,490,262,38,73,311,162,117,216,73,208,115,124,339,435,803,152,273,64,293,237,41,139,306,198,44,192,116,244,227,210,302,114,184
503,459,224,76,521,113,493,154,165,181,423,593,946,322,306,334,367,924,479,68,311,255,332,194,351,128,358,257,279,642,762,1402,285,507,106,552,443,90,248,559,303,107,364,187,392,453,332,545,185,360
351,272,98,51,303,57,272,86,95,126,233,353,531,178,151,158,213,505,308,28,162,332,91,107,191,64,188,129,143,357,477,855,154,276,60,320,250,56,155,308,183,67,189,100,245,294,198,304,101,232
198,188,83,29,206,51,196,56,73,88,158,214,379,143,103,113,126,353,202,23,117,194,107,41,134,58,150,119,105,257,303,558,120,200,54,222,188,40,97,221,135,31,157,74,129,199,124,205,70,136
353,305,120,69,325,89,346,100,106,149,267,366,613,214,186,174,242,605,320,43,216,351,191,134,107,81,226,166,184,414,471,967,197,314,68,353,302,64,142,370,225,58,240,124,249,322,204,326,134,251
140,111,55,19,135,21,120,34,41,49,115,135,203,89,66,63,92,209,129,12,73,128,64,58,81,16,77,60,59,141,177,350,71,123,24,120,117,23,61,134,69,26,101,49,112,143,76,156,46,105
354,287,149,56,347,73,314,100,116,137,290,372,606,211,193,173,217,583,340,42,208,358,188,150,226,77,109,159,166,396,508,967,217,305,78,357,312,60,148,348,203,69,257,121,287,354,212,355,124,238
277,219,82,47,225,57,239,68,68,99,205,228,418,159,122,137,151,437,233,26,115,257,129,119,166,60,159,51,127,275,339,647,115,226,55,248,224,36,118,247,168,55,183,82,214,208,127,230,84,176
309,213,85,41,275,55,238,81,73,110,209,279,445,178,135,128,197,433,254,23,124,279,143,105,184,59,166,127,63,295,395,726,129,233,76,258,246,40,128,261,161,44,195,70,218,228,162,252,87,184
574,558,235,109,634,146,603,191,204,252,559,667,1084,410,329,357,427,1071,621,64,339,642,357,257,414,141,396,275,295,371,934,1758,362,581,144,599,586,109,308,691,434,128,471,232,505,632,383,656,228,423
665,714,305,127,756,169,701,236,271,279,605,856,1325,459,428,463,527,1381,727,103,435,762,477,303,471,177,508,339,395,934,556,2074,410,735,167,823,672,118,372,828,474,164,564,278,570,706,497,782,284,488
1141,1200,563,202,1381,302,1281,447,460,548,1134,1541,2358,881,764,823,986,2330,1367,172,803,1402,855,558,967,350,967,647,726,1758,2074,1927,707,1258,305,1501,1256,258,676,1451,890,269,1020,516,1101,1275,887,1466,489,955
265,253,108,40,264,64,235,75,81,120,242,299,440,168,134,153,200,447,279,39,152,285,154,120,197,71,217,115,129,362,410,707,68,280,54,322,226,49,125,268,172,58,207,99,206,253,166,286,94,185
473,413,178,87,467,104,451,148,160,192,395,508,825,313,250,255,335,813,478,80,273,507,276,200,314,123,305,226,233,581,735,1258,280,211,112,448,427,96,227,501,318,102,331,162,378,475,296,488,168,353
112,97,38,12,124,31,101,29,35,42,94,132,221,65,51,62,91,203,130,20,64,106,60,54,68,24,78,55,76,144,167,305,54,112,18,124,108,23,53,117,72,30,83,36,71,106,68,109,44,105
466,439,207,91,510,118,553,145,158,218,454,609,965,368,306,289,368,959,527,57,293,552,320,222,353,120,357,248,258,599,823,1501,322,448,124,244,496,89,265,587,317,117,417,176,414,495,312,557,187,359
482,373,184,68,481,95,426,164,160,201,383,557,829,287,247,262,342,825,496,63,237,443,250,188,302,117,312,224,246,586,672,1256,226,427,108,496,194,72,215,475,287,96,360,183,344,435,294,465,154,333
96,62,32,15,98,14,76,24,22,27,59,93,161,55,25,40,59,158,80,13,41,90,56,40,64,23,60,36,40,109,118,258,49,96,23,89,72,7,44,79,49,15,59,28,58,91,57,90,32,47
244,197,103,47,269,55,226,69,93,95,219,287,411,140,158,171,178,420,268,30,139,248,155,97,142,61,148,118,128,308,372,676,125,227,53,265,215,44,64,261,165,48,204,94,188,236,147,289,110,179
439,454,211,80,534,116,489,155,179,234,473,626,932,328,300,346,382,976,547,67,306,559,308,221,370,134,348,247,261,691,828,1451,268,501,117,587,475,79,261,285,316,121,374,194,407,506,365,561,202,367
307,284,114,51,337,75,315,93,103,139,266,353,614,214,152,178,221,632,313,37,198,303,183,135,225,69,203,168,161,434,474,890,172,318,72,317,287,49,165,316,123,74,245,118,254,282,188,369,121,225
110,83,43,20,111,23,107,36,39,40,92,112,169,55,59,57,74,203,103,14,44,107,67,31,58,26,69,55,44,128,164,269,58,102,30,117,96,15,48,121,74,11,94,44,90,108,71,106,47,67
387,330,168,54,410,78,353,129,132,164,319,407,689,243,188,226,277,677,374,41,192,364,189,157,240,101,257,183,195,471,564,1020,207,331,83,417,360,59,204,374,245,94,127,134,310,333,228,370,118,261
173,159,67,29,188,37,179,62,65,68,147,219,311,126,98,107,138,310,202,20,116,187,100,74,124,49,121,82,70,232,278,516,99,162,36,176,183,28,94,194,118,44,134,32,127,176,115,181,55,116
439,349,160,66,423,85,363,106,136,162,327,505,728,224,200,227,291,686,410,48,244,392,245,129,249,112,287,214,218,505,570,1101,206,378,71,414,344,58,188,407,254,90,310,127,147,374,264,407,128,264
424,438,186,87,513,114,449,153,161,189,388,514,820,327,258,272,334,811,466,61,227,453,294,199,322,143,354,208,228,632,706,1275,253,475,106,495,435,91,236,506,282,108,333,176,374,197,308,483,167,334
353,285,141,60,325,76,316,63,113,122,252,386,582,181,154,185,228,540,331,42,210,332,198,124,204,76,212,127,162,383,497,887,166,296,68,312,294,57,147,365,188,71,228,115,264,308,87,333,119,229
475,483,207,72,566,108,473,163,153,234,477,575,978,317,286,281,391,919,571,59,302,545,304,205,326,156,355,230,252,656,782,1466,286,488,109,557,465,90,289,561,369,106,370,181,407,483,333,277,208,381
185,151,70,22,219,32,172,65,53,72,154,210,312,111,100,101,148,305,189,22,114,185,101,70,134,46,124,84,87,228,284,489,94,168,44,187,154,32,110,202,121,47,118,55,128,167,119,208,25,152
357,322,139,47,374,76,349,105,96,146,277,346,655,224,194,197,264,633,352,42,184,360,232,136,251,105,238,176,184,423,488,955,185,353,105,359,333,47,179,367,225,67,261,116,264,334,229,381,152,110
