273,455,203,73,504,99,442,184,170,264,451,510,791,342,322,335,375,762,466,78,321,482,352,201,406,149,380,270,299,592,652,1087,216,469,99,503,460,86,253,500,300,102,341,174,440,426,302,459,160,366
455,213,157,85,374,111,404,126,129,199,377,503,832,255,217,254,310,801,457,57,227,412,252,148,297,103,290,210,211,485,640,1214,244,407,99,477,440,69,209,460,256,92,360,142,330,429,268,438,169,306
203,157,32,40,202,46,191,55,62,86,170,230,336,129,102,119,132,363,209,25,93,185,111,82,112,50,140,94,107,246,299,558,124,195,42,210,194,36,77,231,142,44,157,78,153,166,120,186,62,126
73,85,40,8,79,27,86,33,33,39,90,96,146,51,55,53,66,153,100,12,47,88,54,34,57,22,69,45,47,96,122,229,50,71,19,100,84,17,42,81,54,21,68,24,69,73,54,89,24,52
504,374,202,79,226,109,517,152,159,208,396,602,943,339,286,287,380,908,511,47,310,506,317,203,329,136,351,233,256,622,766,1360,295,492,123,527,497,83,243,540,381,110,384,187,421,427,348,535,195,326
99,111,46,27,109,12,129,39,45,50,93,121,173,72,76,83,98,180,117,13,70,110,71,47,72,22,78,52,64,133,167,299,53,99,28,117,114,23,72,121,70,21,78,32,96,89,81,121,38,84
442,404,191,86,517,129,245,169,169,191,402,571,822,279,235,305,375,815,497,61,276,487,292,169,297,113,334,229,265,589,731,1305,235,452,103,535,466,82,262,476,316,106,360,163,349,428,312,439,170,311
184,126,55,33,152,39,169,25,53,82,145,181,272,121,86,84,104,306,136,22,82,156,97,74,96,38,88,73,79,215,239,422,89,165,35,146,168,33,66,172,102,26,129,71,133,145,111,179,60,103
170,129,62,33,159,45,169,53,28,81,149,188,299,103,88,102,126,291,169,17,92,177,108,61,99,32,118,93,81,193,249,466,77,154,36,173,159,23,82,167,114,40,111,58,132,155,90,172,60,132
264,199,86,39,208,50,191,82,81,41,154,213,386,148,110,127,159,385,232,27,112,230,135,86,128,61,157,81,121,245,346,615,99,190,51,239,196,29,119,230,134,45,157,72,150,210,127,205,62,163
451,377,170,90,396,93,402,145,149,154,170,465,758,240,223,253,332,738,410,49,230,388,263,171,278,128,302,195,229,498,610,1123,215,384,86,466,381,78,248,423,264,90,301,145,302,379,227,413,134,312
510,503,230,96,602,121,571,181,188,213,465,304,975,364,320,358,417,1010,584,57,288,587,353,253,382,138,403,306,298,664,848,1505,311,518,130,610,557,88,283,608,370,139,445,205,486,498,333,602,214,362
791,832,336,146,943,173,822,272,299,386,758,975,780,585,500,531,648,1468,911,124,545,920,573,372,620,211,607,441,474,1145,1301,2331,430,847,207,953,804,141,457,949,592,183,635,356,707,754,583,883,351,586
342,255,129,51,339,72,279,121,103,148,240,364,585,100,171,202,253,623,332,38,187,284,223,116,186,84,219,132,162,457,509,915,188,301,65,350,267,55,168,329,235,65,268,105,230,305,204,369,140,230
322,217,102,55,286,76,235,86,88,110,223,320,500,171,68,157,213,484,269,40,144,261,160,101,168,61,167,125,130,345,405,723,148,258,59,245,264,37,146,266,161,60,204,87,213,234,184,279,105,167
335,254,119,53,287,83,305,84,102,127,253,358,531,202,157,96,236,541,312,38,150,303,182,119,189,68,179,123,159,394,466,783,159,261,72,299,298,35,158,304,180,63,224,113,234,271,191,287,127,189
375,310,132,66,380,98,375,104,126,159,332,417,648,253,213,236,105,642,345,54,183,369,217,113,238,100,244,163,179,448,563,984,222,346,83,355,336,58,158,381,255,76,250,134,282,328,220,363,136,244
762,801,363,153,908,180,815,306,291,385,738,1010,1468,623,484,541,642,802,910,114,569,967,534,361,589,221,588,415,509,1140,1325,2387,454,843,208,990,858,168,482,959,572,182,693,367,707,772,580,862,332,620
466,457,209,100,511,117,497,136,169,232,410,584,911,332,269,312,345,910,238,66,277,494,294,218,315,116,313,231,234,653,749,1369,264,472,119,508,505,105,241,522,338,101,392,218,395,504,317,512,187,337
78,57,25,12,47,13,61,22,17,27,49,57,124,38,40,38,54,114,66,4,41,61,33,30,45,17,39,29,34,83,109,170,41,72,9,66,57,10,36,68,41,20,43,23,61,77,27,56,27,38
321,227,93,47,310,70,276,82,92,112,230,288,545,187,144,150,183,569,277,41,74,298,153,109,188,64,184,122,140,341,427,852,166,232,64,277,255,43,145,299,187,66,221,102,228,293,174,304,103,188
482,412,185,88,506,110,487,156,177,230,388,587,920,284,261,303,369,967,494,61,298,239,338,205,318,114,317,241,256,667,757,1401,288,447,106,515,446,87,231,518,329,126,377,222,403,488,295,519,191,362
352,252,111,54,317,71,292,97,108,135,263,353,573,223,160,182,217,534,294,33,153,338,87,109,201,75,216,149,154,382,462,850,164,295,70,283,257,39,135,266,191,64,238,107,225,283,183,327,114,226
201,148,82,34,203,47,169,74,61,86,171,253,372,116,101,119,113,361,218,30,109,205,109,28,132,53,117,102,98,264,308,570,111,189,41,216,167,39,99,174,138,44,170,64,148,191,126,210,81,135
406,297,112,57,329,72,297,96,99,128,278,382,620,186,168,189,238,589,315,45,188,318,201,132,109,87,238,140,142,405,536,939,173,321,66,343,319,38,152,354,196,78,257,108,228,314,180,312,126,242
149,103,50,22,136,22,113,38,32,61,128,138,211,84,61,68,100,221,116,17,64,114,75,53,87,16,82,63,67,153,183,347,63,119,23,145,115,16,47,116,91,23,96,52,101,127,64,136,45,75
380,290,140,69,351,78,334,88,118,157,302,403,607,219,167,179,244,588,313,39,184,317,216,117,238,82,114,136,150,411,501,967,198,318,66,346,317,49,152,337,243,64,246,134,250,315,191,352,128,246
270,210,94,45,233,52,229,73,93,81,195,306,441,132,125,123,163,415,231,29,122,241,149,102,140,63,136,60,107,267,365,677,129,230,52,221,262,41,118,257,138,41,194,93,183,222,138,241,107,171
299,211,107,47,256,64,265,79,81,121,229,298,474,162,130,159,179,509,234,34,140,256,154,98,142,67,150,107,55,301,384,741,158,234,59,247,255,34,137,271,141,52,214,92,196,228,154,270,93,191
592,485,246,96,622,133,589,215,193,245,498,664,1145,457,345,394,448,1140,653,83,341,667,382,264,405,153,411,267,301,397,991,1722,345,617,162,678,617,96,316,641,398,115,494,207,490,596,391,631,227,432
652,640,299,122,766,167,731,239,249,346,610,848,1301,509,405,466,563,1325,749,109,427,757,462,308,536,183,501,365,384,991,556,2056,397,752,172,739,716,127,354,745,519,170,550,296,591,677,491,759,276,531
1087,1214,558,229,1360,299,1305,422,466,615,1123,1505,2331,915,723,783,984,2387,1369,170,852,1401,850,570,939,347,967,677,741,1722,2056,1821,662,1303,318,1400,1262,219,693,1453,925,292,1033,509,1132,1196,857,1436,487,949
216,244,124,50,295,53,235,89,77,99,215,311,430,188,148,159,222,454,264,41,166,288,164,111,173,63,198,129,158,345,397,662,72,264,59,272,239,43,138,280,187,50,216,107,219,253,181,279,94,215
469,407,195,71,492,99,452,165,154,190,384,518,847,301,258,261,346,843,472,72,232,447,295,189,321,119,318,230,234,617,752,1303,264,229,119,484,434,68,227,460,307,109,330,157,369,423,293,503,192,304
99,99,42,19,123,28,103,35,36,51,86,130,207,65,59,72,83,208,119,9,64,106,70,41,66,23,66,52,59,162,172,318,59,119,13,124,108,20,57,122,71,20,94,39,73,115,62,112,46,89
503,477,210,100,527,117,535,146,173,239,466,610,953,350,245,299,355,990,508,66,277,515,283,216,343,145,346,221,247,678,739,1400,272,484,124,268,468,90,254,569,350,108,391,194,423,518,291,537,195,339
460,440,194,84,497,114,466,168,159,196,381,557,804,267,264,298,336,858,505,57,255,446,257,167,319,115,317,262,255,617,716,1262,239,434,108,468,228,77,252,486,320,107,371,165,361,384,317,501,173,317
86,69,36,17,83,23,82,33,23,29,78,88,141,55,37,35,58,168,105,10,43,87,39,39,38,16,49,41,34,96,127,219,43,68,20,90,77,8,48,93,56,19,66,30,52,73,50,89,21,54
253,209,77,42,243,72,262,66,82,119,248,283,457,168,146,158,158,482,241,36,145,231,135,99,152,47,152,118,137,316,354,693,138,227,57,254,252,48,66,282,159,46,195,83,188,199,159,275,85,141
500,460,231,81,540,121,476,172,167,230,423,608,949,329,266,304,381,959,522,68,299,518,266,174,354,116,337,257,271,641,745,1453,280,460,122,569,486,93,282,264,343,120,384,199,417,445,350,506,178,377
300,256,142,54,381,70,316,102,114,134,264,370,592,235,161,180,255,572,338,41,187,329,191,138,196,91,243,138,141,398,519,925,187,307,71,350,320,56,159,343,85,58,245,128,269,332,209,311,128,233
102,92,44,21,110,21,106,26,40,45,90,139,183,65,60,63,76,182,101,20,66,126,64,44,78,23,64,41,52,115,170,292,50,109,20,108,107,19,46,120,58,15,86,37,85,97,72,113,31,64
341,360,157,68,384,78,360,129,111,157,301,445,635,268,204,224,250,693,392,43,221,377,238,170,257,96,246,194,214,494,550,1033,216,330,94,391,371,66,195,384,245,86,132,120,319,358,231,404,139,251
174,142,78,24,187,32,163,71,58,72,145,205,356,105,87,113,134,367,218,23,102,222,107,64,108,52,134,93,92,207,296,509,107,157,39,194,165,30,83,199,128,37,120,32,142,180,131,183,74,114
440,330,153,69,421,96,349,133,132,150,302,486,707,230,213,234,282,707,395,61,228,403,225,148,228,101,250,183,196,490,591,1132,219,369,73,423,361,52,188,417,269,85,319,142,147,341,236,391,155,270
426,429,166,73,427,89,428,145,155,210,379,498,754,305,234,271,328,772,504,77,293,488,283,191,314,127,315,222,228,596,677,1196,253,423,115,518,384,73,199,445,332,97,358,180,341,201,296,445,184,323
302,268,120,54,348,81,312,111,90,127,227,333,583,204,184,191,220,580,317,27,174,295,183,126,180,64,191,138,154,391,491,857,181,293,62,291,317,50,159,350,209,72,231,131,236,296,94,320,98,185
459,438,186,89,535,121,439,179,172,205,413,602,883,369,279,287,363,862,512,56,304,519,327,210,312,136,352,241,270,631,759,1436,279,503,112,537,501,89,275,506,311,113,404,183,391,445,320,243,183,363
160,169,62,24,195,38,170,60,60,62,134,214,351,140,105,127,136,332,187,27,103,191,114,81,126,45,128,107,93,227,276,487,94,192,46,195,173,21,85,178,128,31,139,74,155,184,98,183,42,136
366,306,126,52,326,84,311,103,132,163,312,362,586,230,167,189,244,620,337,38,188,362,226,135,242,75,246,171,191,432,531,949,215,304,89,339,317,54,141,377,233,64,251,114,270,323,185,363,136,110
