272,482,204,70,477,100,431,175,163,287,463,504,865,376,314,357,350,830,550,69,288,543,341,209,384,155,379,301,307,574,720,1192,256,481,105,477,493,82,248,490,303,111,353,181,443,394,310,490,161,382
482,184,175,75,441,100,419,131,146,168,369,449,783,288,228,215,340,793,458,53,209,472,274,154,277,110,257,184,183,535,666,1241,267,396,96,457,421,66,251,463,282,94,298,153,346,392,278,455,168,310
204,175,32,35,196,46,179,62,59,78,171,236,348,134,100,105,161,355,190,26,96,226,120,93,145,42,144,82,99,233,302,580,109,173,39,226,209,34,103,208,125,34,145,62,168,179,118,208,83,132
70,75,35,7,63,21,85,32,22,52,73,102,154,66,43,56,59,149,67,8,60,84,50,40,56,35,69,49,48,99,123,235,50,83,21,96,103,15,34,81,47,15,70,18,87,70,56,75,26,67
477,441,196,63,245,113,471,152,139,211,438,593,926,334,259,273,387,897,497,59,308,491,299,183,338,135,357,247,261,650,787,1409,291,457,105,518,449,72,266,498,329,95,370,177,394,466,325,509,175,383
100,100,46,21,113,14,101,36,33,54,85,122,177,83,63,62,89,181,100,13,80,117,63,41,74,27,78,60,51,142,181,300,62,110,20,127,119,16,49,115,57,26,90,36,98,104,76,115,37,83
431,419,179,85,471,101,231,142,150,194,402,549,830,343,245,276,355,821,497,50,293,486,273,205,339,119,339,209,245,621,721,1284,241,458,105,507,456,81,224,470,290,101,381,174,395,427,302,471,172,345
175,131,62,32,152,36,142,20,45,66,137,154,299,90,67,84,115,298,143,20,66,155,80,60,78,31,102,63,75,172,252,465,84,124,31,186,138,19,74,179,102,31,137,60,108,140,86,155,64,98
163,146,59,22,139,33,150,45,20,64,123,218,284,102,77,88,130,272,161,21,90,183,103,66,128,40,119,75,90,207,249,470,86,150,44,178,161,21,85,163,102,33,115,60,146,138,104,185,68,104
287,168,78,52,211,54,194,66,64,37,173,243,379,134,107,132,176,359,225,24,100,232,125,71,140,67,147,91,110,253,317,518,122,195,47,232,198,36,104,196,135,48,169,69,168,193,158,186,72,134
463,369,171,73,438,85,402,137,123,173,179,476,771,298,208,232,311,747,450,67,228,464,259,151,289,107,292,183,250,532,641,1122,230,369,88,433,364,86,234,441,290,93,331,147,367,418,315,396,134,288
504,449,236,102,593,122,549,154,218,243,476,327,990,365,302,348,395,1007,569,62,287,618,316,188,342,131,352,259,299,706,835,1557,305,537,135,613,533,77,289,605,396,131,409,238,439,526,344,602,206,395
865,783,348,154,926,177,830,299,284,379,771,990,831,606,490,559,639,1483,971,113,541,890,490,329,578,187,547,405,453,1155,1414,2323,494,887,204,997,827,144,481,946,608,185,711,354,679,876,582,906,320,617
376,288,134,66,334,83,343,90,102,134,298,365,606,122,156,182,239,577,332,33,177,330,197,129,208,80,213,135,197,405,499,915,181,319,67,320,344,55,170,355,225,63,278,122,266,286,188,365,118,237
314,228,100,43,259,63,245,67,77,107,208,302,490,156,77,140,218,481,291,38,136,295,168,114,172,76,171,121,135,333,443,730,151,219,70,285,251,44,150,283,178,60,209,93,208,251,190,292,91,201
357,215,105,56,273,62,276,84,88,132,232,348,559,182,140,74,247,524,304,47,136,308,168,112,182,73,178,129,131,333,483,833,175,249,75,299,278,52,163,302,204,65,235,89,237,275,191,307,102,201
350,340,161,59,387,89,355,115,130,176,311,395,639,239,218,247,126,656,373,37,208,383,247,153,264,90,243,185,166,445,575,986,193,331,90,373,345,61,200,370,216,70,275,123,319,357,238,387,125,266
830,793,355,149,897,181,821,298,272,359,747,1007,1483,577,481,524,656,830,967,111,527,876,539,356,606,195,598,382,471,1134,1357,2446,481,847,204,994,838,146,471,971,631,201,681,354,710,904,571,927,329,600
550,458,190,67,497,100,497,143,161,225,450,569,971,332,291,304,373,967,263,68,279,493,288,210,353,134,346,237,230,676,811,1430,295,459,124,550,490,91,245,577,344,91,408,197,434,463,341,542,171,357
69,53,26,8,59,13,50,20,21,24,67,62,113,33,38,47,37,111,68,6,28,66,35,27,46,17,50,30,33,71,98,183,36,46,9,54,64,12,28,80,50,12,61,20,56,64,36,68,21,39
288,209,96,60,308,80,293,66,90,100,228,287,541,177,136,136,208,527,279,28,62,287,172,127,188,63,186,121,138,319,412,794,173,263,53,274,275,43,134,321,186,57,211,103,230,289,162,292,104,182
543,472,226,84,491,117,486,155,183,232,464,618,890,330,295,308,383,876,493,66,287,267,300,228,363,139,360,223,264,614,755,1421,278,516,110,546,538,84,260,562,345,107,388,174,445,464,313,541,163,341
341,274,120,50,299,63,273,80,103,125,259,316,490,197,168,168,247,539,288,35,172,300,88,135,208,62,204,145,157,349,446,810,171,279,71,311,262,47,133,331,165,51,200,111,241,276,196,286,124,204
209,154,93,40,183,41,205,60,66,71,151,188,329,129,114,112,153,356,210,27,127,228,135,55,125,41,130,83,124,237,270,533,103,181,47,204,200,34,102,228,131,33,148,70,188,181,127,207,75,133
384,277,145,56,338,74,339,78,128,140,289,342,578,208,172,182,264,606,353,46,188,363,208,125,93,57,194,140,173,389,527,960,215,323,84,344,326,60,160,369,214,81,232,118,253,333,188,317,129,249
155,110,42,35,135,27,119,31,40,67,107,131,187,80,76,73,90,195,134,17,63,139,62,41,57,10,67,55,72,152,181,349,70,120,27,155,106,19,58,134,73,29,96,38,99,128,86,123,33,103
379,257,144,69,357,78,339,102,119,147,292,352,547,213,171,178,243,598,346,50,186,360,204,130,194,67,101,136,170,404,501,942,201,334,72,347,329,63,192,368,198,79,251,122,292,339,204,324,117,250
301,184,82,49,247,60,209,63,75,91,183,259,405,135,121,129,185,382,237,30,121,223,145,83,140,55,136,45,122,255,358,691,128,233,58,237,217,29,120,260,163,36,201,77,163,214,149,239,85,187
307,183,99,48,261,51,245,75,90,110,250,299,453,197,135,131,166,471,230,33,138,264,157,124,173,72,170,122,69,300,375,714,152,232,42,259,235,46,135,303,152,50,210,92,233,229,150,260,82,168
574,535,233,99,650,142,621,172,207,253,532,706,1155,405,333,333,445,1134,676,71,319,614,349,237,389,152,404,255,300,403,949,1846,336,583,145,652,598,91,309,696,433,127,482,264,502,560,400,613,241,417
720,666,302,123,787,181,721,252,249,317,641,835,1414,499,443,483,575,1357,811,98,412,755,446,270,527,181,501,358,375,949,584,2090,431,749,167,838,716,114,402,819,497,173,560,260,598,677,480,778,286,507
1192,1241,580,235,1409,300,1284,465,470,518,1122,1557,2323,915,730,833,986,2446,1430,183,794,1421,810,533,960,349,942,691,714,1846,2090,1886,713,1333,296,1564,1345,240,680,1401,951,277,1076,525,1179,1283,912,1439,484,948
256,267,109,50,291,62,241,84,86,122,230,305,494,181,151,175,193,481,295,36,173,278,171,103,215,70,201,128,152,336,431,713,69,268,61,293,272,48,130,290,195,58,186,78,240,236,210,275,109,174
481,396,173,83,457,110,458,124,150,195,369,537,887,319,219,249,331,847,459,46,263,516,279,181,323,120,334,233,232,583,749,1333,268,215,102,478,443,82,224,516,287,98,359,153,382,416,326,448,173,347
105,96,39,21,105,20,105,31,44,47,88,135,204,67,70,75,90,204,124,9,53,110,71,47,84,27,72,58,42,145,167,296,61,102,12,125,111,14,50,105,90,23,72,39,97,110,69,122,37,85
477,457,226,96,518,127,507,186,178,232,433,613,997,320,285,299,373,994,550,54,274,546,311,204,344,155,347,237,259,652,838,1564,293,478,125,261,506,105,281,582,323,131,426,225,405,466,335,574,198,367
493,421,209,103,449,119,456,138,161,198,364,533,827,344,251,278,345,838,490,64,275,538,262,200,326,106,329,217,235,598,716,1345,272,443,111,506,249,87,244,479,298,114,365,179,412,449,301,475,180,313
82,66,34,15,72,16,81,19,21,36,86,77,144,55,44,52,61,146,91,12,43,84,47,34,60,19,63,29,46,91,114,240,48,82,14,105,87,6,42,88,46,17,80,39,73,71,55,92,36,63
248,251,103,34,266,49,224,74,85,104,234,289,481,170,150,163,200,471,245,28,134,260,133,102,160,58,192,120,135,309,402,680,130,224,50,281,244,42,55,271,160,37,197,106,218,224,162,263,94,181
490,463,208,81,498,115,470,179,163,196,441,605,946,355,283,302,370,971,577,80,321,562,331,228,369,134,368,260,303,696,819,1401,290,516,105,582,479,88,271,281,342,150,402,198,443,485,332,520,174,347
303,282,125,47,329,57,290,102,102,135,290,396,608,225,178,204,216,631,344,50,186,345,165,131,214,73,198,163,152,433,497,951,195,287,90,323,298,46,160,342,102,62,267,113,262,294,202,341,113,247
111,94,34,15,95,26,101,31,33,48,93,131,185,63,60,65,70,201,91,12,57,107,51,33,81,29,79,36,50,127,173,277,58,98,23,131,114,17,37,150,62,8,69,46,89,92,57,112,41,62
353,298,145,70,370,90,381,137,115,169,331,409,711,278,209,235,275,681,408,61,211,388,200,148,232,96,251,201,210,482,560,1076,186,359,72,426,365,80,197,402,267,69,144,166,316,339,232,372,142,248
181,153,62,18,177,36,174,60,60,69,147,238,354,122,93,89,123,354,197,20,103,174,111,70,118,38,122,77,92,264,260,525,78,153,39,225,179,39,106,198,113,46,166,29,150,161,119,181,66,117
443,346,168,87,394,98,395,108,146,168,367,439,679,266,208,237,319,710,434,56,230,445,241,188,253,99,292,163,233,502,598,1179,240,382,97,405,412,73,218,443,262,89,316,150,181,377,241,416,176,287
394,392,179,70,466,104,427,140,138,193,418,526,876,286,251,275,357,904,463,64,289,464,276,181,333,128,339,214,229,560,677,1283,236,416,110,466,449,71,224,485,294,92,339,161,377,181,302,504,176,311
310,278,118,56,325,76,302,86,104,158,315,344,582,188,190,191,238,571,341,36,162,313,196,127,188,86,204,149,150,400,480,912,210,326,69,335,301,55,162,332,202,57,232,119,241,302,100,324,121,227
490,455,208,75,509,115,471,155,185,186,396,602,906,365,292,307,387,927,542,68,292,541,286,207,317,123,324,239,260,613,778,1439,275,448,122,574,475,92,263,520,341,112,372,181,416,504,324,243,207,362
161,168,83,26,175,37,172,64,68,72,134,206,320,118,91,102,125,329,171,21,104,163,124,75,129,33,117,85,82,241,286,484,109,173,37,198,180,36,94,174,113,41,142,66,176,176,121,207,25,136
382,310,132,67,383,83,345,98,104,134,288,395,617,237,201,201,266,600,357,39,182,341,204,133,249,103,250,187,168,417,507,948,174,347,85,367,313,63,181,347,247,62,248,117,287,311,227,362,136,119
