253,427,199,102,521,109,482,205,181,237,452,478,792,369,319,331,371,800,514,61,318,537,362,226,348,146,368,233,335,631,709,1221,264,522,96,475,494,80,270,467,315,97,370,182,406,419,326,523,163,365
427,189,152,77,455,91,417,134,125,202,386,470,806,272,217,248,313,809,439,60,227,447,229,191,261,88,255,219,235,575,634,1221,241,418,86,448,414,65,225,495,281,108,359,165,327,428,287,442,153,286
199,152,43,35,202,36,181,55,65,96,198,228,357,131,98,104,134,371,178,26,114,183,112,89,131,44,119,97,93,245,284,560,109,181,40,208,209,37,80,225,114,37,156,70,152,194,110,219,84,138
102,77,35,10,76,16,72,24,22,35,76,93,145,60,50,54,53,134,86,12,53,91,49,37,67,29,76,46,50,86,122,215,47,72,20,86,68,16,38,87,45,17,59,33,79,69,46,90,28,57
521,455,202,76,277,116,486,169,178,206,441,531,943,341,272,288,400,940,511,69,258,545,325,199,371,118,309,237,251,652,783,1382,273,444,128,508,466,89,271,556,298,95,375,195,430,470,342,500,176,374
109,91,36,16,116,6,101,31,31,51,94,129,193,84,72,77,84,197,119,24,55,122,79,46,80,17,76,54,54,137,175,307,53,124,26,107,93,22,57,130,72,20,87,40,90,84,65,134,40,78
482,417,181,72,486,101,225,157,149,192,432,528,830,296,261,294,350,804,496,50,273,507,293,186,334,122,361,228,239,598,725,1304,258,469,99,514,448,88,241,493,308,118,349,193,392,410,324,496,175,332
205,134,55,24,169,31,157,22,52,69,150,193,301,82,72,84,77,286,149,17,82,156,82,64,98,36,99,66,77,194,214,442,71,134,29,136,143,31,76,143,111,37,134,56,110,134,88,163,52,85
181,125,65,22,178,31,149,52,22,81,152,168,312,105,86,90,142,266,168,16,89,180,75,55,115,38,115,82,87,188,262,470,66,139,36,174,150,24,93,168,108,41,112,64,133,171,105,155,46,120
237,202,96,35,206,51,192,69,81,40,158,236,365,128,121,108,152,364,184,27,96,209,128,78,143,56,146,93,106,270,287,549,117,213,57,215,201,37,115,205,140,48,149,89,156,165,117,214,81,138
452,386,198,76,441,94,432,150,152,158,178,475,784,277,259,258,325,759,394,64,235,421,311,182,309,120,296,214,212,582,637,1141,224,420,91,459,408,70,231,455,287,95,297,184,357,367,278,474,164,291
478,470,228,93,531,129,528,193,168,236,475,294,997,358,313,320,428,992,545,64,310,551,330,212,367,143,378,256,257,742,804,1540,279,537,120,609,516,80,314,575,361,122,435,214,462,479,378,571,197,386
792,806,357,145,943,193,830,301,312,365,784,997,797,626,433,495,663,1471,906,96,491,934,534,374,585,234,620,428,436,1183,1304,2352,457,866,208,977,846,166,491,940,575,209,707,358,739,805,554,900,318,611
369,272,131,60,341,84,296,82,105,128,277,358,626,118,177,192,241,614,335,31,163,360,225,153,256,93,221,161,173,413,488,905,194,293,87,328,317,63,156,348,228,70,248,111,294,299,222,325,135,214
319,217,98,50,272,72,261,72,86,121,259,313,433,177,63,151,194,423,247,39,141,260,134,102,163,71,195,132,144,344,400,710,113,251,53,289,261,34,129,280,177,37,213,94,203,220,161,270,91,193
331,248,104,54,288,77,294,84,90,108,258,320,495,192,151,75,209,516,274,38,155,265,160,96,181,66,186,139,144,367,438,778,132,260,68,304,265,36,154,305,192,54,216,109,215,261,184,295,107,181
371,313,134,53,400,84,350,77,142,152,325,428,663,241,194,209,130,653,364,44,221,412,226,139,257,85,239,153,219,435,530,1071,162,356,80,354,345,71,180,358,225,60,286,129,298,314,225,407,147,229
800,809,371,134,940,197,804,286,266,364,759,992,1471,614,423,516,653,796,916,108,473,915,549,348,550,236,537,392,439,1109,1320,2385,455,831,218,979,843,161,457,893,593,199,702,342,697,827,565,866,311,633
514,439,178,86,511,119,496,149,168,184,394,545,906,335,247,274,364,916,254,61,269,496,315,213,321,111,340,224,283,616,732,1461,270,483,107,505,442,90,253,552,317,79,392,205,390,438,319,547,193,336
61,60,26,12,69,24,50,17,16,27,64,64,96,31,39,38,44,108,61,4,35,52,31,27,34,10,38,21,35,77,82,171,40,51,12,59,46,14,29,90,39,19,41,23,43,56,27,62,24,44
318,227,114,53,258,55,273,82,89,96,235,310,491,163,141,155,221,473,269,35,72,272,161,110,149,62,167,123,126,315,444,864,164,272,63,295,268,38,133,302,196,59,213,103,204,242,177,291,100,178
537,447,183,91,545,122,507,156,180,209,421,551,934,360,260,265,412,915,496,52,272,291,329,214,338,126,363,225,272,619,744,1469,248,485,112,532,462,81,259,551,345,92,394,201,438,428,337,551,194,342
362,229,112,49,325,79,293,82,75,128,311,330,534,225,134,160,226,549,315,31,161,329,91,120,221,92,212,137,161,373,444,862,158,283,73,312,300,54,173,319,195,65,242,104,241,311,179,306,129,207
226,191,89,37,199,46,186,64,55,78,182,212,374,153,102,96,139,348,213,27,110,214,120,53,144,49,148,88,106,233,274,566,105,182,42,217,202,36,97,243,138,52,165,88,151,188,121,186,69,120
348,261,131,67,371,80,334,98,115,143,309,367,585,256,163,181,257,550,321,34,149,338,221,144,98,90,202,159,162,404,478,930,166,331,87,334,347,57,158,371,201,74,260,140,256,338,191,334,128,226
146,88,44,29,118,17,122,36,38,56,120,143,234,93,71,66,85,236,111,10,62,126,92,49,90,17,73,65,57,152,187,379,74,135,28,117,126,27,53,128,62,34,98,59,120,141,93,140,55,87
368,255,119,76,309,76,361,99,115,146,296,378,620,221,195,186,239,537,340,38,167,363,212,148,202,73,100,181,173,380,534,974,210,341,73,358,369,65,164,337,207,83,244,158,264,362,227,337,144,221
233,219,97,46,237,54,228,66,82,93,214,256,428,161,132,139,153,392,224,21,123,225,137,88,159,65,181,57,122,308,363,647,141,212,52,208,223,39,115,278,167,35,187,105,201,205,132,271,91,147
335,235,93,50,251,54,239,77,87,106,212,257,436,173,144,144,219,439,283,35,126,272,161,106,162,57,173,122,73,294,358,727,120,255,56,248,250,47,138,286,168,41,188,101,216,239,161,257,94,181
631,575,245,86,652,137,598,194,188,270,582,742,1183,413,344,367,435,1109,616,77,315,619,373,233,404,152,380,308,294,422,954,1713,350,547,146,672,568,94,340,667,422,130,455,214,507,593,396,656,237,472
709,634,284,122,783,175,725,214,262,287,637,804,1304,488,400,438,530,1320,732,82,444,744,444,274,478,187,534,363,358,954,528,2014,380,711,156,801,645,141,358,790,486,172,593,282,593,655,451,803,275,518
1221,1221,560,215,1382,307,1304,442,470,549,1141,1540,2352,905,710,778,1071,2385,1461,171,864,1469,862,566,930,379,974,647,727,1713,2014,1799,729,1315,315,1528,1258,243,722,1391,921,310,1013,529,1161,1218,892,1397,491,956
264,241,109,47,273,53,258,71,66,117,224,279,457,194,113,132,162,455,270,40,164,248,158,105,166,74,210,141,120,350,380,729,63,279,63,263,240,57,118,279,167,59,202,91,218,235,181,267,99,175
522,418,181,72,444,124,469,134,139,213,420,537,866,293,251,260,356,831,483,51,272,485,283,182,331,135,341,212,255,547,711,1315,279,216,105,489,420,78,253,496,269,101,341,157,406,416,259,485,175,345
96,86,40,20,128,26,99,29,36,57,91,120,208,87,53,68,80,218,107,12,63,112,73,42,87,28,73,52,56,146,156,315,63,105,15,125,112,19,49,120,75,16,82,40,93,114,75,98,44,68
475,448,208,86,508,107,514,136,174,215,459,609,977,328,289,304,354,979,505,59,295,532,312,217,334,117,358,208,248,672,801,1528,263,489,125,267,513,79,260,578,363,93,413,176,408,511,334,574,214,341
494,414,209,68,466,93,448,143,150,201,408,516,846,317,261,265,345,843,442,46,268,462,300,202,347,126,369,223,250,568,645,1258,240,420,112,513,200,69,237,495,310,99,366,171,421,418,283,501,168,337
80,65,37,16,89,22,88,31,24,37,70,80,166,63,34,36,71,161,90,14,38,81,54,36,57,27,65,39,47,94,141,243,57,78,19,79,69,4,42,111,69,23,70,29,74,75,50,96,41,58
270,225,80,38,271,57,241,76,93,115,231,314,491,156,129,154,180,457,253,29,133,259,173,97,158,53,164,115,138,340,358,722,118,253,49,260,237,42,76,253,164,59,197,101,207,222,163,270,100,163
467,495,225,87,556,130,493,143,168,205,455,575,940,348,280,305,358,893,552,90,302,551,319,243,371,128,337,278,286,667,790,1391,279,496,120,578,495,111,253,284,356,102,418,194,415,472,368,533,178,380
315,281,114,45,298,72,308,111,108,140,287,361,575,228,177,192,225,593,317,39,196,345,195,138,201,62,207,167,168,422,486,921,167,269,75,363,310,69,164,356,98,60,258,131,226,275,174,328,108,216
97,108,37,17,95,20,118,37,41,48,95,122,209,70,37,54,60,199,79,19,59,92,65,52,74,34,83,35,41,130,172,310,59,101,16,93,99,23,59,102,60,13,81,50,83,100,63,100,45,69
370,359,156,59,375,87,349,134,112,149,297,435,707,248,213,216,286,702,392,41,213,394,242,165,260,98,244,187,188,455,593,1013,202,341,82,413,366,70,197,418,258,81,133,136,304,349,234,350,148,267
182,165,70,33,195,40,193,56,64,89,184,214,358,111,94,109,129,342,205,23,103,201,104,88,140,59,158,105,101,214,282,529,91,157,40,176,171,29,101,194,131,50,136,23,153,157,106,190,68,125
406,327,152,79,430,90,392,110,133,156,357,462,739,294,203,215,298,697,390,43,204,438,241,151,256,120,264,201,216,507,593,1161,218,406,93,408,421,74,207,415,226,83,304,153,154,386,251,386,150,257
419,428,194,69,470,84,410,134,171,165,367,479,805,299,220,261,314,827,438,56,242,428,311,188,338,141,362,205,239,593,655,1218,235,416,114,511,418,75,222,472,275,100,349,157,386,198,274,466,168,334
326,287,110,46,342,65,324,88,105,117,278,378,554,222,161,184,225,565,319,27,177,337,179,121,191,93,227,132,161,396,451,892,181,259,75,334,283,50,163,368,174,63,234,106,251,274,90,338,126,205
523,442,219,90,500,134,496,163,155,214,474,571,900,325,270,295,407,866,547,62,291,551,306,186,334,140,337,271,257,656,803,1397,267,485,98,574,501,96,270,533,328,100,350,190,386,466,338,245,159,363
163,153,84,28,176,40,175,52,46,81,164,197,318,135,91,107,147,311,193,24,100,194,129,69,128,55,144,91,94,237,275,491,99,175,44,214,168,41,100,178,108,45,148,68,150,168,126,159,30,128
365,286,138,57,374,78,332,85,120,138,291,386,611,214,193,181,229,633,336,44,178,342,207,120,226,87,221,147,181,472,518,956,175,345,68,341,337,58,163,380,216,69,267,125,257,334,205,363,128,94
