279,486,243,93,476,101,488,173,167,248,456,549,839,380,307,357,353,848,513,61,298,482,338,229,411,159,390,274,314,611,710,1205,241,489,123,565,513,100,253,466,330,104,387,178,453,423,350,522,183,395
486,168,199,73,451,108,429,142,148,184,370,497,764,264,240,258,306,804,472,68,224,448,253,149,273,99,278,193,202,560,675,1251,235,467,105,429,394,68,236,488,288,83,362,162,318,399,278,445,173,274
243,199,28,28,213,45,189,59,42,85,188,219,375,140,91,96,138,376,198,26,115,213,117,74,133,46,134,86,96,253,323,597,97,205,43,201,181,26,112,227,129,33,145,64,165,168,137,184,74,125
93,73,28,5,86,9,80,28,29,27,57,84,150,59,46,57,52,139,88,13,43,96,51,37,69,31,74,40,45,99,117,239,38,78,21,86,77,13,40,93,55,19,69,28,69,66,53,84,23,56
476,451,213,86,259,121,467,155,167,183,440,581,953,297,274,292,381,1016,528,75,306,528,335,208,332,124,362,251,221,681,762,1421,299,472,118,550,506,76,269,596,359,105,406,195,402,498,321,532,203,315
101,108,45,9,121,7,91,33,42,41,78,125,210,71,62,67,73,204,103,18,66,113,83,64,107,38,94,51,51,136,162,324,68,100,19,133,102,15,50,123,66,25,88,36,85,95,76,111,32,75
488,429,189,80,467,91,233,141,181,194,400,529,877,312,261,275,340,833,490,59,264,481,290,201,342,129,364,246,237,621,724,1336,262,452,127,534,454,69,233,559,293,104,368,175,369,414,323,484,187,332
173,142,59,28,155,33,141,25,54,57,115,179,295,88,86,83,118,285,168,11,81,155,93,62,95,38,102,80,88,195,212,441,85,152,31,167,161,21,83,171,103,32,115,64,125,154,104,146,56,97
167,148,42,29,167,42,181,54,34,66,143,179,289,113,81,75,138,291,178,29,89,173,119,75,103,47,117,83,75,228,262,463,96,173,39,189,156,28,75,181,108,41,122,55,125,129,106,181,60,104
248,184,85,27,183,41,194,57,66,40,178,229,357,148,109,107,162,342,231,18,117,202,121,76,133,52,137,97,112,271,303,520,112,223,42,230,209,39,101,217,144,47,165,68,150,181,144,229,74,160
456,370,188,57,440,78,400,115,143,178,203,481,786,295,245,257,332,782,436,59,237,457,253,168,296,103,295,194,201,570,609,1113,211,397,80,460,396,70,221,466,271,81,328,144,331,398,276,444,146,307
549,497,219,84,581,125,529,179,179,229,481,330,1049,369,277,315,406,1009,579,59,340,616,343,219,373,145,372,271,258,675,842,1584,315,549,141,582,527,90,312,565,347,120,429,225,456,544,348,599,226,392
839,764,375,150,953,210,877,295,289,357,786,1049,839,589,438,488,701,1459,936,115,520,957,493,362,603,210,593,416,451,1099,1470,2577,489,899,211,1030,864,149,501,995,608,196,710,331,718,848,575,951,309,630
380,264,140,59,297,71,312,88,113,148,295,369,589,137,163,193,230,603,337,42,189,329,205,142,199,97,232,157,167,392,500,937,162,360,78,339,286,61,161,331,189,77,246,109,274,284,201,319,146,226
307,240,91,46,274,62,261,86,81,109,245,277,438,163,91,159,175,475,260,37,152,266,150,108,150,59,168,123,140,310,416,734,144,269,56,263,233,30,144,275,170,54,205,102,200,238,151,305,84,155
357,258,96,57,292,67,275,83,75,107,257,315,488,193,159,84,202,539,305,40,158,307,176,107,189,70,184,132,150,328,455,809,155,285,65,283,275,42,134,294,195,63,238,114,234,268,179,311,123,175
353,306,138,52,381,73,340,118,138,162,332,406,701,230,175,202,135,683,391,52,205,372,225,140,249,87,230,176,185,459,527,1073,204,329,73,381,336,69,184,415,234,75,290,142,270,334,229,361,125,237
848,804,376,139,1016,204,833,285,291,342,782,1009,1459,603,475,539,683,795,938,118,518,971,494,340,601,240,647,410,426,1145,1468,2547,499,879,189,1037,826,154,477,958,626,185,709,325,724,868,555,957,310,627
513,472,198,88,528,103,490,168,178,231,436,579,936,337,260,305,391,938,233,74,266,434,291,209,351,139,355,226,256,639,750,1463,280,466,108,561,463,81,269,561,315,102,384,183,377,461,305,498,194,353
61,68,26,13,75,18,59,11,29,18,59,59,115,42,37,40,52,118,74,5,26,66,44,25,46,17,44,30,27,75,109,200,42,62,9,54,64,4,33,73,38,14,65,18,57,69,44,75,22,41
298,224,115,43,306,66,264,81,89,117,237,340,520,189,152,158,205,518,266,26,68,294,160,114,170,78,205,124,138,318,392,768,130,242,59,238,288,44,141,283,170,61,235,105,223,222,172,306,117,175
482,448,213,96,528,113,481,155,173,202,457,616,957,329,266,307,372,971,434,66,294,245,302,189,366,154,361,246,272,662,739,1413,278,482,114,546,474,83,268,562,340,96,405,194,394,472,318,505,200,324
338,253,117,51,335,83,290,93,119,121,253,343,493,205,150,176,225,494,291,44,160,302,81,121,178,86,197,143,165,349,469,836,155,294,68,318,295,39,152,308,193,57,224,102,204,260,150,317,112,197
229,149,74,37,208,64,201,62,75,76,168,219,362,142,108,107,140,340,209,25,114,189,121,27,112,53,122,99,94,266,322,515,108,206,61,229,191,31,103,208,138,39,159,73,142,186,137,218,78,143
411,273,133,69,332,107,342,95,103,133,296,373,603,199,150,189,249,601,351,46,170,366,178,112,98,77,206,142,169,427,528,937,163,319,61,357,307,38,134,386,223,69,266,104,226,300,183,355,90,244
159,99,46,31,124,38,129,38,47,52,103,145,210,97,59,70,87,240,139,17,78,154,86,53,77,20,71,67,64,172,200,344,67,137,26,123,116,20,64,138,76,21,104,48,105,114,82,159,47,87
390,278,134,74,362,94,364,102,117,137,295,372,593,232,168,184,230,647,355,44,205,361,197,122,206,71,107,186,148,424,517,950,177,344,85,329,333,40,166,366,205,68,261,122,285,316,237,374,136,243
274,193,86,40,251,51,246,80,83,97,194,271,416,157,123,132,176,410,226,30,124,246,143,99,142,67,186,46,124,297,352,618,130,218,42,226,219,28,120,234,137,37,165,89,198,233,138,254,80,148
314,202,96,45,221,51,237,88,75,112,201,258,451,167,140,150,185,426,256,27,138,272,165,94,169,64,148,124,66,318,374,673,121,260,48,255,255,37,127,257,165,41,183,95,186,212,156,217,89,185
611,560,253,99,681,136,621,195,228,271,570,675,1099,392,310,328,459,1145,639,75,318,662,349,266,427,172,424,297,318,399,1013,1857,357,560,135,677,572,94,318,676,440,136,489,234,475,600,406,704,241,434
710,675,323,117,762,162,724,212,262,303,609,842,1470,500,416,455,527,1468,750,109,392,739,469,322,528,200,517,352,374,1013,549,2149,435,732,184,793,730,137,334,814,548,150,554,312,598,646,488,741,287,498
1205,1251,597,239,1421,324,1336,441,463,520,1113,1584,2577,937,734,809,1073,2547,1463,200,768,1413,836,515,937,344,950,618,673,1857,2149,1993,781,1314,334,1564,1259,258,707,1568,928,318,1081,567,1085,1278,896,1392,500,899
241,235,97,38,299,68,262,85,96,112,211,315,489,162,144,155,204,499,280,42,130,278,155,108,163,67,177,130,121,357,435,781,71,265,63,338,256,45,121,297,189,56,209,118,198,244,187,276,102,173
489,467,205,78,472,100,452,152,173,223,397,549,899,360,269,285,329,879,466,62,242,482,294,206,319,137,344,218,260,560,732,1314,265,207,113,483,451,64,224,502,277,101,370,160,406,450,331,467,181,320
123,105,43,21,118,19,127,31,39,42,80,141,211,78,56,65,73,189,108,9,59,114,68,61,61,26,85,42,48,135,184,334,63,113,14,135,134,21,61,116,79,17,88,48,94,113,77,128,58,73
565,429,201,86,550,133,534,167,189,230,460,582,1030,339,263,283,381,1037,561,54,238,546,318,229,357,123,329,226,255,677,793,1564,338,483,135,270,489,109,276,603,346,86,425,195,410,487,336,609,214,360
513,394,181,77,506,102,454,161,156,209,396,527,864,286,233,275,336,826,463,64,288,474,295,191,307,116,333,219,255,572,730,1259,256,451,134,489,207,80,241,519,304,94,323,185,370,420,305,478,174,336
100,68,26,13,76,15,69,21,28,39,70,90,149,61,30,42,69,154,81,4,44,83,39,31,38,20,40,28,37,94,137,258,45,64,21,109,80,7,52,91,66,19,56,33,49,82,46,98,35,51
253,236,112,40,269,50,233,83,75,101,221,312,501,161,144,134,184,477,269,33,141,268,152,103,134,64,166,120,127,318,334,707,121,224,61,276,241,52,55,283,168,55,199,82,194,233,164,267,86,151
466,488,227,93,596,123,559,171,181,217,466,565,995,331,275,294,415,958,561,73,283,562,308,208,386,138,366,234,257,676,814,1568,297,502,116,603,519,91,283,294,357,94,409,203,436,547,338,556,214,368
330,288,129,55,359,66,293,103,108,144,271,347,608,189,170,195,234,626,315,38,170,340,193,138,223,76,205,137,165,440,548,928,189,277,79,346,304,66,168,357,108,72,275,111,243,302,204,312,128,234
104,83,33,19,105,25,104,32,41,47,81,120,196,77,54,63,75,185,102,14,61,96,57,39,69,21,68,37,41,136,150,318,56,101,17,86,94,19,55,94,72,9,85,34,73,99,61,110,43,73
387,362,145,69,406,88,368,115,122,165,328,429,710,246,205,238,290,709,384,65,235,405,224,159,266,104,261,165,183,489,554,1081,209,370,88,425,323,56,199,409,275,85,156,154,292,352,231,419,145,263
178,162,64,28,195,36,175,64,55,68,144,225,331,109,102,114,142,325,183,18,105,194,102,73,104,48,122,89,95,234,312,567,118,160,48,195,185,33,82,203,111,34,154,29,158,186,122,216,78,130
453,318,165,69,402,85,369,125,125,150,331,456,718,274,200,234,270,724,377,57,223,394,204,142,226,105,285,198,186,475,598,1085,198,406,94,410,370,49,194,436,243,73,292,158,164,393,245,410,134,278
423,399,168,66,498,95,414,154,129,181,398,544,848,284,238,268,334,868,461,69,222,472,260,186,300,114,316,233,212,600,646,1278,244,450,113,487,420,82,233,547,302,99,352,186,393,195,283,488,173,295
350,278,137,53,321,76,323,104,106,144,276,348,575,201,151,179,229,555,305,44,172,318,150,137,183,82,237,138,156,406,488,896,187,331,77,336,305,46,164,338,204,61,231,122,245,283,111,325,99,224
522,445,184,84,532,111,484,146,181,229,444,599,951,319,305,311,361,957,498,75,306,505,317,218,355,159,374,254,217,704,741,1392,276,467,128,609,478,98,267,556,312,110,419,216,410,488,325,236,204,326
183,173,74,23,203,32,187,56,60,74,146,226,309,146,84,123,125,310,194,22,117,200,112,78,90,47,136,80,89,241,287,500,102,181,58,214,174,35,86,214,128,43,145,78,134,173,99,204,30,120
395,274,125,56,315,75,332,97,104,160,307,392,630,226,155,175,237,627,353,41,175,324,197,143,244,87,243,148,185,434,498,899,173,320,73,360,336,51,151,368,234,73,263,130,278,295,224,326,120,111
