269,495,198,100,515,101,468,188,161,252,443,538,827,355,325,338,381,858,548,84,338,529,346,214,380,160,380,299,280,637,687,1166,232,484,123,495,452,103,246,498,308,119,377,182,418,385,335,463,157,395
495,169,159,80,458,87,418,124,158,175,381,458,756,291,210,220,327,802,456,52,248,438,234,182,261,112,263,215,218,537,654,1231,231,405,102,441,426,89,242,479,288,88,360,182,322,408,299,421,154,276
198,159,40,33,192,54,193,47,60,80,167,232,360,112,110,105,149,363,199,22,116,209,122,87,143,60,141,83,114,230,318,566,112,168,47,190,215,28,91,220,133,49,155,78,165,182,141,220,84,152
100,80,33,12,87,26,78,28,25,29,55,89,128,63,53,47,66,132,87,10,56,82,45,33,54,19,63,40,38,114,110,198,41,81,23,88,94,14,34,105,53,21,60,28,69,73,53,81,29,49
515,458,192,87,287,122,513,158,176,194,400,585,1021,346,285,301,371,978,537,65,278,525,294,214,329,128,351,244,296,707,749,1449,290,454,107,546,500,94,281,530,333,122,381,195,414,478,312,544,179,331
101,87,54,26,122,13,103,39,35,46,88,118,186,90,61,66,72,167,114,18,73,128,63,49,66,25,85,62,58,152,163,295,56,96,24,111,124,25,47,141,83,20,82,53,96,100,81,112,40,71
468,418,193,78,513,103,232,134,168,216,408,532,843,328,258,296,366,850,500,61,277,492,295,189,330,123,328,231,247,621,708,1336,251,419,91,516,435,74,247,493,287,105,385,204,382,425,330,453,169,327
188,124,47,28,158,39,134,25,46,69,129,171,259,102,88,95,114,264,150,22,80,150,96,52,81,34,81,66,56,182,214,408,80,139,31,144,150,31,84,178,112,28,123,50,124,149,87,158,53,106
161,158,60,25,176,35,168,46,25,69,155,169,305,103,94,97,101,337,160,21,98,158,103,81,93,40,123,83,79,222,203,476,87,142,37,173,152,30,93,174,110,34,117,61,139,157,95,177,67,104
252,175,80,29,194,46,216,69,69,59,194,227,369,164,111,123,140,350,204,20,112,247,116,96,123,50,130,99,90,251,350,525,110,204,51,207,194,34,107,187,108,33,170,74,171,189,132,233,72,162
443,381,167,55,400,88,408,129,155,194,209,501,754,266,222,258,271,734,445,57,239,460,246,187,249,112,298,207,171,511,651,1169,236,385,108,449,403,67,208,442,251,89,336,161,310,411,263,476,155,265
538,458,232,89,585,118,532,171,169,227,501,278,1004,328,300,302,396,981,570,63,299,563,317,226,392,118,367,284,270,715,850,1602,316,521,139,540,507,106,293,589,413,116,429,211,439,521,354,579,233,400
827,756,360,128,1021,186,843,259,305,369,754,1004,846,570,471,530,632,1434,963,104,511,940,525,351,603,227,592,442,458,1164,1352,2434,473,844,209,985,878,156,431,973,635,200,661,343,695,836,553,882,344,593
355,291,112,63,346,90,328,102,103,164,266,328,570,120,172,191,215,553,344,32,155,311,177,109,198,83,195,159,152,355,476,894,171,304,65,318,289,50,160,310,224,67,258,136,257,292,222,367,106,221
325,210,110,53,285,61,258,88,94,111,222,300,471,172,66,134,183,468,265,31,163,245,152,117,160,71,174,108,124,327,364,741,153,254,57,276,254,30,128,270,165,61,203,110,178,245,153,285,99,207
338,220,105,47,301,66,296,95,97,123,258,302,530,191,134,70,201,542,305,29,189,322,184,107,163,62,170,131,134,335,430,825,174,265,64,296,274,39,126,287,187,63,232,129,227,249,153,298,112,216
381,327,149,66,371,72,366,114,101,140,271,396,632,215,183,201,132,638,375,43,221,391,246,142,230,82,249,171,180,432,559,993,192,327,72,377,328,58,191,378,237,83,260,147,273,332,214,373,122,261
858,802,363,132,978,167,850,264,337,350,734,981,1434,553,468,542,638,800,954,100,525,949,523,378,555,216,581,448,447,1123,1351,2435,469,899,210,1044,888,158,428,967,610,193,684,356,717,812,559,882,330,603
548,456,199,87,537,114,500,150,160,204,445,570,963,344,265,305,375,954,254,75,288,487,315,209,315,123,365,218,255,594,742,1466,282,491,106,514,469,80,254,530,325,104,364,200,439,484,351,537,188,336
84,52,22,10,65,18,61,22,21,20,57,63,104,32,31,29,43,100,75,2,27,58,32,18,29,11,42,28,21,63,99,176,37,53,16,55,54,18,36,66,42,16,45,27,51,67,34,64,20,50
338,248,116,56,278,73,277,80,98,112,239,299,511,155,163,189,221,525,288,27,77,267,146,129,176,72,170,136,129,334,425,775,147,251,70,280,263,52,132,272,182,50,250,112,217,278,155,293,114,226
529,438,209,82,525,128,492,150,158,247,460,563,940,311,245,322,391,949,487,58,267,247,315,205,347,123,341,218,262,654,743,1458,295,455,105,569,465,79,260,505,315,122,404,177,432,461,334,493,169,326
346,234,122,45,294,63,295,96,103,116,246,317,525,177,152,184,246,523,315,32,146,315,68,131,191,81,232,119,140,361,437,833,157,235,69,331,285,28,161,312,186,66,236,135,203,291,193,333,109,214
214,182,87,33,214,49,189,52,81,96,187,226,351,109,117,107,142,378,209,18,129,205,131,38,151,61,131,92,121,222,289,539,123,184,43,183,182,30,88,207,127,40,161,68,155,180,143,189,65,155
380,261,143,54,329,66,330,81,93,123,249,392,603,198,160,163,230,555,315,29,176,347,191,151,92,85,203,140,167,391,511,951,174,305,71,340,336,68,159,331,181,69,271,133,251,312,195,356,124,217
160,112,60,19,128,25,123,34,40,50,112,118,227,83,71,62,82,216,123,11,72,123,81,61,85,25,95,51,72,170,190,384,68,121,30,126,122,15,73,140,80,36,84,44,102,113,61,138,44,90
380,263,141,63,351,85,328,81,123,130,298,367,592,195,174,170,249,581,365,42,170,341,232,131,203,95,125,172,183,406,519,968,177,322,74,348,324,50,173,362,214,73,229,128,259,293,188,373,119,241
299,215,83,40,244,62,231,66,83,99,207,284,442,159,108,131,171,448,218,28,136,218,119,92,140,51,172,45,123,293,376,653,118,191,44,248,206,37,122,270,158,47,178,103,157,202,138,216,69,162
280,218,114,38,296,58,247,56,79,90,171,270,458,152,124,134,180,447,255,21,129,262,140,121,167,72,183,123,71,293,364,672,128,260,57,259,244,42,116,275,174,47,198,102,206,243,159,278,91,163
637,537,230,114,707,152,621,182,222,251,511,715,1164,355,327,335,432,1123,594,63,334,654,361,222,391,170,406,293,293,412,978,1775,353,622,144,683,584,129,314,680,477,135,486,228,491,584,370,622,242,449
687,654,318,110,749,163,708,214,203,350,651,850,1352,476,364,430,559,1351,742,99,425,743,437,289,511,190,519,376,364,978,560,2029,420,715,157,814,697,133,365,732,515,163,529,273,578,669,466,775,257,517
1166,1231,566,198,1449,295,1336,408,476,525,1169,1602,2434,894,741,825,993,2435,1466,176,775,1458,833,539,951,384,968,653,672,1775,2029,1911,709,1316,329,1534,1261,246,682,1477,957,288,1019,531,1125,1301,909,1376,518,946
232,231,112,41,290,56,251,80,87,110,236,316,473,171,153,174,192,469,282,37,147,295,157,123,174,68,177,118,128,353,420,709,65,271,75,300,278,36,136,310,186,51,207,106,195,249,157,276,82,187
484,405,168,81,454,96,419,139,142,204,385,521,844,304,254,265,327,899,491,53,251,455,235,184,305,121,322,191,260,622,715,1316,271,196,101,480,452,77,222,524,310,103,382,190,378,409,322,477,157,309
123,102,47,23,107,24,91,31,37,51,108,139,209,65,57,64,72,210,106,16,70,105,69,43,71,30,74,44,57,144,157,329,75,101,14,137,90,17,38,124,93,22,109,35,82,97,82,114,45,80
495,441,190,88,546,111,516,144,173,207,449,540,985,318,276,296,377,1044,514,55,280,569,331,183,340,126,348,248,259,683,814,1534,300,480,137,273,508,97,275,578,358,113,422,208,421,471,325,562,205,380
452,426,215,94,500,124,435,150,152,194,403,507,878,289,254,274,328,888,469,54,263,465,285,182,336,122,324,206,244,584,697,1261,278,452,90,508,238,79,224,509,296,111,359,214,396,396,322,438,179,312
103,89,28,14,94,25,74,31,30,34,67,106,156,50,30,39,58,158,80,18,52,79,28,30,68,15,50,37,42,129,133,246,36,77,17,97,79,10,42,90,55,15,75,25,70,76,59,91,27,36
246,242,91,34,281,47,247,84,93,107,208,293,431,160,128,126,191,428,254,36,132,260,161,88,159,73,173,122,116,314,365,682,136,222,38,275,224,42,78,244,172,46,189,79,210,248,151,261,99,181
498,479,220,105,530,141,493,178,174,187,442,589,973,310,270,287,378,967,530,66,272,505,312,207,331,140,362,270,275,680,732,1477,310,524,124,578,509,90,244,276,317,117,393,192,425,500,345,553,190,350
308,288,133,53,333,83,287,112,110,108,251,413,635,224,165,187,237,610,325,42,182,315,186,127,181,80,214,158,174,477,515,957,186,310,93,358,296,55,172,317,101,64,247,112,242,335,215,323,117,229
119,88,49,21,122,20,105,28,34,33,89,116,200,67,61,63,83,193,104,16,50,122,66,40,69,36,73,47,47,135,163,288,51,103,22,113,111,15,46,117,64,12,82,33,90,98,59,110,35,77
377,360,155,60,381,82,385,123,117,170,336,429,661,258,203,232,260,684,364,45,250,404,236,161,271,84,229,178,198,486,529,1019,207,382,109,422,359,75,189,393,247,82,143,153,317,367,263,371,160,302
182,182,78,28,195,53,204,50,61,74,161,211,343,136,110,129,147,356,200,27,112,177,135,68,133,44,128,103,102,228,273,531,106,190,35,208,214,25,79,192,112,33,153,38,162,190,114,199,73,129
418,322,165,69,414,96,382,124,139,171,310,439,695,257,178,227,273,717,439,51,217,432,203,155,251,102,259,157,206,491,578,1125,195,378,82,421,396,70,210,425,242,90,317,162,158,347,248,421,142,248
385,408,182,73,478,100,425,149,157,189,411,521,836,292,245,249,332,812,484,67,278,461,291,180,312,113,293,202,243,584,669,1301,249,409,97,471,396,76,248,500,335,98,367,190,347,192,294,439,169,315
335,299,141,53,312,81,330,87,95,132,263,354,553,222,153,153,214,559,351,34,155,334,193,143,195,61,188,138,159,370,466,909,157,322,82,325,322,59,151,345,215,59,263,114,248,294,98,366,121,217
463,421,220,81,544,112,453,158,177,233,476,579,882,367,285,298,373,882,537,64,293,493,333,189,356,138,373,216,278,622,775,1376,276,477,114,562,438,91,261,553,323,110,371,199,421,439,366,268,184,368
157,154,84,29,179,40,169,53,67,72,155,233,344,106,99,112,122,330,188,20,114,169,109,65,124,44,119,69,91,242,257,518,82,157,45,205,179,27,99,190,117,35,160,73,142,169,121,184,35,116
395,276,152,49,331,71,327,106,104,162,265,400,593,221,207,216,261,603,336,50,226,326,214,155,217,90,241,162,163,449,517,946,187,309,80,380,312,36,181,350,229,77,302,129,248,315,217,368,116,128
