276,460,244,98,516,120,523,167,189,229,441,566,828,412,306,358,371,845,527,62,350,527,347,215,354,149,377,275,312,602,739,1234,259,474,111,526,515,75,240,482,340,116,366,187,472,435,368,475,182,376
460,182,180,78,440,95,447,136,140,178,384,466,834,287,226,225,311,850,467,55,237,455,264,169,243,107,288,201,216,531,660,1207,263,394,109,437,396,76,248,410,259,110,326,169,347,410,283,463,156,290
244,180,41,39,189,51,207,65,74,93,178,191,376,165,123,129,135,382,212,33,85,224,130,74,128,48,133,97,101,239,327,605,112,205,55,209,201,24,105,218,139,40,176,80,165,184,150,197,86,142
98,78,39,5,94,14,82,27,30,42,82,86,132,72,50,54,65,145,96,9,53,89,46,38,61,32,67,57,41,106,126,244,48,80,17,87,75,20,38,70,53,19,53,35,64,81,56,77,31,65
516,440,189,94,257,134,488,156,155,202,414,575,895,333,256,292,374,880,531,71,291,552,277,200,309,126,350,220,226,638,760,1409,286,477,106,590,492,86,273,566,358,132,389,197,381,488,335,534,178,353
120,95,51,14,134,7,94,37,48,49,102,127,191,78,70,80,82,186,113,19,58,103,61,41,86,36,83,56,54,160,163,269,58,93,22,112,85,25,53,103,74,20,80,48,89,103,73,90,34,79
523,447,207,82,488,94,225,153,147,208,411,525,883,316,290,322,334,906,468,60,295,480,295,199,342,126,327,209,254,609,746,1330,299,431,94,517,428,89,232,535,316,98,361,203,367,454,326,505,185,329
167,136,65,27,156,37,153,26,36,75,147,161,301,104,73,90,113,290,149,16,65,151,100,57,107,43,104,63,66,197,221,400,84,141,36,159,139,29,71,189,80,34,117,52,127,143,100,139,61,95
189,140,74,30,155,48,147,36,27,73,149,183,335,107,92,105,122,333,169,20,100,165,94,58,98,39,125,74,81,197,262,471,97,156,29,190,155,33,79,184,99,32,117,79,136,170,122,150,57,99
229,178,93,42,202,49,208,75,73,48,174,215,357,154,128,129,164,369,201,29,134,225,127,99,153,72,173,92,101,262,314,559,122,193,41,209,209,40,109,224,133,47,180,77,164,174,153,209,63,153
441,384,178,82,414,102,411,147,149,174,190,473,750,303,257,269,312,802,422,65,279,469,273,176,312,125,316,210,200,559,666,1160,245,414,87,468,415,70,226,469,276,85,319,146,395,393,304,455,147,309
566,466,191,86,575,127,525,161,183,215,473,320,1036,372,290,322,405,1014,601,86,292,599,314,224,351,148,351,252,273,656,843,1665,315,492,154,631,515,108,307,620,350,114,453,205,424,504,337,636,196,368
828,834,376,132,895,191,883,301,335,357,750,1036,797,573,467,516,613,1389,903,114,493,957,508,370,609,232,579,424,487,1121,1400,2504,494,836,218,974,817,174,486,950,616,177,666,374,748,873,556,871,337,604
412,287,165,72,333,78,316,104,107,154,303,372,573,113,187,205,248,579,330,38,203,331,209,139,229,85,224,162,154,415,500,915,183,323,84,356,325,51,177,331,223,75,236,105,272,284,227,342,137,238
306,226,123,50,256,70,290,73,92,128,257,290,467,187,78,135,201,498,268,33,167,274,159,105,194,69,181,127,155,311,374,740,137,249,67,274,247,56,122,285,159,52,203,89,236,256,177,295,98,194
358,225,129,54,292,80,322,90,105,129,269,322,516,205,135,72,217,523,287,27,171,321,187,108,182,77,176,133,144,342,419,781,153,259,62,300,268,57,168,303,162,51,241,107,233,266,185,291,117,192
371,311,135,65,374,82,334,113,122,164,312,405,613,248,201,217,128,668,336,38,202,374,234,153,252,92,246,166,171,455,541,1028,206,318,76,360,329,63,182,397,223,69,280,156,297,313,268,380,138,243
845,850,382,145,880,186,906,290,333,369,802,1014,1389,579,498,523,668,818,904,105,503,930,558,395,638,234,612,422,453,1069,1367,2503,484,854,217,978,854,148,468,916,588,201,694,325,735,875,576,922,353,611
527,467,212,96,531,113,468,149,169,201,422,601,903,330,268,287,336,904,281,64,262,510,327,194,359,150,373,244,273,636,730,1398,291,515,111,525,492,81,238,586,335,106,373,206,401,479,334,529,181,337
62,55,33,9,71,19,60,16,20,29,65,86,114,38,33,27,38,105,64,3,20,64,38,25,36,17,39,23,26,76,89,171,37,54,11,61,67,12,27,69,48,8,45,22,43,49,33,66,28,47
350,237,85,53,291,58,295,65,100,134,279,292,493,203,167,171,202,503,262,20,70,288,162,141,169,63,178,108,119,314,435,817,180,240,56,262,268,50,135,296,180,69,212,115,246,264,189,300,127,185
527,455,224,89,552,103,480,151,165,225,469,599,957,331,274,321,374,930,510,64,288,252,337,202,332,135,345,218,263,612,730,1417,299,499,113,531,514,86,249,550,329,79,391,214,407,494,347,529,185,350
347,264,130,46,277,61,295,100,94,127,273,314,508,209,159,187,234,558,327,38,162,337,96,123,193,89,207,133,178,350,455,829,159,244,86,293,270,52,140,285,194,57,231,114,269,265,189,304,129,192
215,169,74,38,200,41,199,57,58,99,176,224,370,139,105,108,153,395,194,25,141,202,123,50,136,54,118,82,89,253,288,595,123,178,33,190,184,38,111,236,145,43,166,69,155,176,132,229,64,158
354,243,128,61,309,86,342,107,98,153,312,351,609,229,194,182,252,638,359,36,169,332,193,136,100,100,199,135,149,404,511,967,219,313,89,325,300,64,171,378,196,70,251,112,230,321,215,340,127,232
149,107,48,32,126,36,126,43,39,72,125,148,232,85,69,77,92,234,150,17,63,135,89,54,100,13,86,60,53,152,196,372,73,118,25,114,135,28,69,123,88,38,92,53,108,114,99,133,50,122
377,288,133,67,350,83,327,104,125,173,316,351,579,224,181,176,246,612,373,39,178,345,207,118,199,86,101,142,160,446,527,973,203,288,69,344,310,62,170,358,233,79,271,160,249,314,218,354,137,267
275,201,97,57,220,56,209,63,74,92,210,252,424,162,127,133,166,422,244,23,108,218,133,82,135,60,142,53,103,254,310,615,122,217,55,228,228,45,128,262,149,41,185,85,168,217,129,226,86,155
312,216,101,41,226,54,254,66,81,101,200,273,487,154,155,144,171,453,273,26,119,263,178,89,149,53,160,103,54,306,394,718,167,215,59,271,239,46,109,281,163,44,189,96,199,228,139,257,112,183
602,531,239,106,638,160,609,197,197,262,559,656,1121,415,311,342,455,1069,636,76,314,612,350,253,404,152,446,254,306,394,1025,1860,332,586,123,639,588,123,321,693,440,131,519,242,481,636,394,652,227,419
739,660,327,126,760,163,746,221,262,314,666,843,1400,500,374,419,541,1367,730,89,435,730,455,288,511,196,527,310,394,1025,555,2175,388,716,178,796,701,114,391,823,514,158,584,322,608,685,461,804,272,535
1234,1207,605,244,1409,269,1330,400,471,559,1160,1665,2504,915,740,781,1028,2503,1398,171,817,1417,829,595,967,372,973,615,718,1860,2175,1965,745,1321,356,1561,1334,251,686,1490,976,290,1071,552,1192,1305,902,1451,527,944
259,263,112,48,286,58,299,84,97,122,245,315,494,183,137,153,206,484,291,37,180,299,159,123,219,73,203,122,167,332,388,745,74,272,62,299,258,48,147,281,179,58,196,104,254,265,175,299,104,214
474,394,205,80,477,93,431,141,156,193,414,492,836,323,249,259,318,854,515,54,240,499,244,178,313,118,288,217,215,586,716,1321,272,221,105,484,431,95,211,518,299,94,358,184,373,423,295,466,196,323
111,109,55,17,106,22,94,36,29,41,87,154,218,84,67,62,76,217,111,11,56,113,86,33,89,25,69,55,59,123,178,356,62,105,15,116,101,22,62,134,73,25,85,57,88,115,74,134,38,76
526,437,209,87,590,112,517,159,190,209,468,631,974,356,274,300,360,978,525,61,262,531,293,190,325,114,344,228,271,639,796,1561,299,484,116,285,507,81,275,614,371,107,392,216,414,518,334,558,205,348
515,396,201,75,492,85,428,139,155,209,415,515,817,325,247,268,329,854,492,67,268,514,270,184,300,135,310,228,239,588,701,1334,258,431,101,507,203,84,250,483,290,88,339,160,356,410,291,486,186,305
75,76,24,20,86,25,89,29,33,40,70,108,174,51,56,57,63,148,81,12,50,86,52,38,64,28,62,45,46,123,114,251,48,95,22,81,84,6,44,83,56,13,65,26,70,83,58,91,36,59
240,248,105,38,273,53,232,71,79,109,226,307,486,177,122,168,182,468,238,27,135,249,140,111,171,69,170,128,109,321,391,686,147,211,62,275,250,44,63,275,156,57,191,93,203,239,164,237,98,162
482,410,218,70,566,103,535,189,184,224,469,620,950,331,285,303,397,916,586,69,296,550,285,236,378,123,358,262,281,693,823,1490,281,518,134,614,483,83,275,307,363,124,441,224,437,487,331,582,178,383
340,259,139,53,358,74,316,80,99,133,276,350,616,223,159,162,223,588,335,48,180,329,194,145,196,88,233,149,163,440,514,976,179,299,73,371,290,56,156,363,105,76,253,129,248,319,193,347,135,227
116,110,40,19,132,20,98,34,32,47,85,114,177,75,52,51,69,201,106,8,69,79,57,43,70,38,79,41,44,131,158,290,58,94,25,107,88,13,57,124,76,14,77,40,77,85,57,115,33,64
366,326,176,53,389,80,361,117,117,180,319,453,666,236,203,241,280,694,373,45,212,391,231,166,251,92,271,185,189,519,584,1071,196,358,85,392,339,65,191,441,253,77,133,152,290,344,228,389,118,288
187,169,80,35,197,48,203,52,79,77,146,205,374,105,89,107,156,325,206,22,115,214,114,69,112,53,160,85,96,242,322,552,104,184,57,216,160,26,93,224,129,40,152,37,150,166,114,211,70,129
472,347,165,64,381,89,367,127,136,164,395,424,748,272,236,233,297,735,401,43,246,407,269,155,230,108,249,168,199,481,608,1192,254,373,88,414,356,70,203,437,248,77,290,150,168,351,255,422,159,284
435,410,184,81,488,103,454,143,170,174,393,504,873,284,256,266,313,875,479,49,264,494,265,176,321,114,314,217,228,636,685,1305,265,423,115,518,410,83,239,487,319,85,344,166,351,227,279,472,193,340
368,283,150,56,335,73,326,100,122,153,304,337,556,227,177,185,268,576,334,33,189,347,189,132,215,99,218,129,139,394,461,902,175,295,74,334,291,58,164,331,193,57,228,114,255,279,110,307,124,231
475,463,197,77,534,90,505,139,150,209,455,636,871,342,295,291,380,922,529,66,300,529,304,229,340,133,354,226,257,652,804,1451,299,466,134,558,486,91,237,582,347,115,389,211,422,472,307,283,219,378
182,156,86,31,178,34,185,61,57,63,147,196,337,137,98,117,138,353,181,28,127,185,129,64,127,50,137,86,112,227,272,527,104,196,38,205,186,36,98,178,135,33,118,70,159,193,124,219,26,125
376,290,142,65,353,79,329,95,99,153,309,368,604,238,194,192,243,611,337,47,185,350,192,158,232,122,267,155,183,419,535,944,214,323,76,348,305,59,162,383,227,64,288,129,284,340,231,378,125,109
