227,436,215,88,551,109,469,173,162,260,433,510,818,382,361,364,329,870,483,66,313,460,342,213,367,162,401,285,296,620,718,1202,256,494,118,517,482,99,258,510,361,109,376,188,426,423,340,487,169,354
436,198,169,69,444,101,457,148,144,184,382,493,782,307,233,235,302,812,404,49,234,431,245,188,282,107,279,200,257,539,633,1207,210,408,99,481,442,59,219,485,286,93,360,169,391,437,277,457,184,283
215,169,43,43,207,44,183,58,58,87,162,227,374,144,115,117,134,364,192,33,126,211,117,82,126,46,108,86,95,291,278,564,103,197,53,203,190,24,87,216,133,42,156,58,149,191,122,200,96,129
88,69,43,7,93,14,75,27,24,33,80,90,140,57,61,62,62,139,96,8,55,78,42,30,52,20,66,31,40,111,117,188,40,85,18,94,84,17,33,79,50,17,61,36,77,78,55,87,29,57
551,444,207,93,235,124,482,142,159,183,454,584,938,299,248,276,403,921,510,54,268,516,269,208,318,113,336,233,218,662,763,1528,280,471,109,584,481,81,260,538,345,102,393,178,387,507,320,488,215,345
109,101,44,14,124,17,113,35,35,46,99,133,180,85,81,89,72,190,115,15,72,117,62,52,66,24,80,56,69,135,163,290,59,121,30,122,115,27,54,114,68,32,86,50,95,107,79,94,39,78
469,457,183,75,482,113,245,157,145,196,414,529,817,314,275,288,371,845,491,60,285,504,282,200,332,113,321,267,256,629,728,1266,247,456,126,513,442,84,254,528,301,86,371,199,385,424,350,448,164,339
173,148,58,27,142,35,157,31,51,79,138,158,295,106,87,84,106,269,157,17,82,141,88,60,102,39,95,72,65,179,207,417,76,132,36,134,154,33,61,168,110,36,126,57,138,134,95,159,57,115
162,144,58,24,159,35,145,51,19,68,151,173,310,102,104,100,107,310,184,22,91,149,99,81,104,46,118,70,66,220,243,418,88,148,34,162,156,27,78,172,134,36,136,61,128,149,99,196,64,130
260,184,87,33,183,46,196,79,68,50,163,232,357,131,123,129,156,361,205,27,124,211,118,66,132,52,141,98,114,237,282,551,111,176,54,206,191,31,115,205,126,45,136,88,159,185,149,194,73,150
433,382,162,80,454,99,414,138,151,163,185,498,766,292,243,275,289,752,433,53,230,444,243,167,271,114,309,202,228,552,636,1170,247,380,101,429,423,66,229,449,269,99,309,183,350,378,267,449,156,290
510,493,227,90,584,133,529,158,173,232,498,346,1022,352,281,312,392,1044,574,68,305,589,304,238,357,142,369,264,256,725,896,1611,296,529,120,599,529,112,288,626,368,125,467,219,459,559,367,599,225,385
818,782,374,140,938,180,817,295,310,357,766,1022,853,542,499,571,667,1587,922,127,498,913,545,364,613,242,629,443,490,1140,1383,2577,517,878,220,962,822,156,489,1011,612,199,719,342,709,875,573,925,349,640
382,307,144,57,299,85,314,106,102,131,292,352,542,109,190,206,249,610,330,46,189,368,194,125,222,79,207,129,157,416,483,880,189,321,79,312,293,48,158,330,199,64,247,120,242,285,204,311,136,224
361,233,115,61,248,81,275,87,104,123,243,281,499,190,69,145,195,486,281,27,170,313,147,114,167,52,171,140,129,306,421,731,132,267,75,283,254,50,108,293,166,52,204,103,196,239,142,267,94,197
364,235,117,62,276,89,288,84,100,129,275,312,571,206,145,80,187,562,283,35,146,315,167,134,176,72,191,138,154,346,463,770,144,263,79,314,280,54,136,310,172,62,212,96,231,246,166,275,120,198
329,302,134,62,403,72,371,106,107,156,289,392,667,249,195,187,134,667,372,45,188,368,220,156,203,77,218,185,178,482,575,1039,211,363,83,370,328,62,172,407,254,75,300,136,296,333,222,410,138,239
870,812,364,139,921,190,845,269,310,361,752,1044,1587,610,486,562,667,878,910,125,487,931,550,369,597,227,618,423,455,1154,1431,2602,535,848,219,974,864,176,447,971,614,174,715,315,704,855,586,928,338,638
483,404,192,96,510,115,491,157,184,205,433,574,922,330,281,283,372,910,278,67,292,495,291,222,355,124,333,243,263,608,752,1373,249,465,134,521,492,76,258,531,326,109,392,189,426,489,326,533,186,350
66,49,33,8,54,15,60,17,22,27,53,68,127,46,27,35,45,125,67,4,34,56,37,31,43,18,50,27,32,65,91,170,40,61,18,72,57,16,28,65,43,7,52,24,60,62,40,57,36,37
313,234,126,55,268,72,285,82,91,124,230,305,498,189,170,146,188,487,292,34,82,301,162,114,173,62,173,140,137,335,462,824,143,268,69,294,267,51,124,295,177,65,222,114,238,270,174,286,106,191
460,431,211,78,516,117,504,141,149,211,444,589,913,368,313,315,368,931,495,56,301,269,317,230,339,126,333,224,250,686,771,1464,284,499,147,516,492,87,254,570,360,95,379,194,410,457,355,547,184,358
342,245,117,42,269,62,282,88,99,118,243,304,545,194,147,167,220,550,291,37,162,317,94,121,176,93,221,149,161,367,451,849,154,274,67,311,246,51,136,322,182,60,252,128,239,281,173,303,112,195
213,188,82,30,208,52,200,60,81,66,167,238,364,125,114,134,156,369,222,31,114,230,121,38,135,58,141,88,99,235,306,551,98,178,44,236,190,26,115,215,139,47,145,82,173,194,140,208,82,151
367,282,126,52,318,66,332,102,104,132,271,357,613,222,167,176,203,597,355,43,173,339,176,135,100,80,202,164,160,395,503,967,183,293,82,333,318,43,164,374,207,57,265,124,261,315,202,379,138,232
162,107,46,20,113,24,113,39,46,52,114,142,242,79,52,72,77,227,124,18,62,126,93,58,80,7,79,56,78,143,199,383,73,99,23,131,132,27,49,123,67,21,99,45,119,107,76,128,56,93
401,279,108,66,336,80,321,95,118,141,309,369,629,207,171,191,218,618,333,50,173,333,221,141,202,79,123,160,193,450,510,1012,213,306,73,349,333,47,152,329,197,65,281,131,280,311,205,360,151,203
285,200,86,31,233,56,267,72,70,98,202,264,443,129,140,138,185,423,243,27,140,224,149,88,164,56,160,37,116,286,355,669,143,208,45,248,217,33,112,256,144,46,180,82,198,211,155,269,89,177
296,257,95,40,218,69,256,65,66,114,228,256,490,157,129,154,178,455,263,32,137,250,161,99,160,78,193,116,52,286,395,717,148,221,60,266,221,39,113,259,161,57,183,79,201,226,151,258,90,178
620,539,291,111,662,135,629,179,220,237,552,725,1140,416,306,346,482,1154,608,65,335,686,367,235,395,143,450,286,286,367,981,1913,360,617,143,678,591,123,310,677,396,121,519,230,535,641,394,682,271,416
718,633,278,117,763,163,728,207,243,282,636,896,1383,483,421,463,575,1431,752,91,462,771,451,306,503,199,510,355,395,981,641,2145,412,724,181,848,716,114,394,827,522,157,599,286,627,705,468,818,279,536
1202,1207,564,188,1528,290,1266,417,418,551,1170,1611,2577,880,731,770,1039,2602,1373,170,824,1464,849,551,967,383,1012,669,717,1913,2145,1965,740,1329,332,1554,1273,274,708,1580,954,284,1131,507,1051,1308,878,1418,524,932
256,210,103,40,280,59,247,76,88,111,247,296,517,189,132,144,211,535,249,40,143,284,154,98,183,73,213,143,148,360,412,740,66,272,57,283,259,53,164,288,183,46,211,106,235,249,173,270,108,205
494,408,197,85,471,121,456,132,148,176,380,529,878,321,267,263,363,848,465,61,268,499,274,178,293,99,306,208,221,617,724,1329,272,222,105,515,473,76,255,510,315,106,360,216,379,451,334,501,184,320
118,99,53,18,109,30,126,36,34,54,101,120,220,79,75,79,83,219,134,18,69,147,67,44,82,23,73,45,60,143,181,332,57,105,13,121,120,20,55,137,89,21,92,28,85,119,89,109,41,91
517,481,203,94,584,122,513,134,162,206,429,599,962,312,283,314,370,974,521,72,294,516,311,236,333,131,349,248,266,678,848,1554,283,515,121,273,485,95,256,602,358,96,422,203,391,521,326,586,185,340
482,442,190,84,481,115,442,154,156,191,423,529,822,293,254,280,328,864,492,57,267,492,246,190,318,132,333,217,221,591,716,1273,259,473,120,485,237,77,236,495,310,101,374,195,405,409,303,484,184,341
99,59,24,17,81,27,84,33,27,31,66,112,156,48,50,54,62,176,76,16,51,87,51,26,43,27,47,33,39,123,114,274,53,76,20,95,77,10,46,99,46,11,69,35,60,76,56,96,34,51
258,219,87,33,260,54,254,61,78,115,229,288,489,158,108,136,172,447,258,28,124,254,136,115,164,49,152,112,113,310,394,708,164,255,55,256,236,46,57,271,167,46,218,104,187,217,155,280,93,162
510,485,216,79,538,114,528,168,172,205,449,626,1011,330,293,310,407,971,531,65,295,570,322,215,374,123,329,256,259,677,827,1580,288,510,137,602,495,99,271,281,339,112,385,194,458,501,371,566,182,360
361,286,133,50,345,68,301,110,134,126,269,368,612,199,166,172,254,614,326,43,177,360,182,139,207,67,197,144,161,396,522,954,183,315,89,358,310,46,167,339,106,71,220,123,259,314,184,318,125,212
109,93,42,17,102,32,86,36,36,45,99,125,199,64,52,62,75,174,109,7,65,95,60,47,57,21,65,46,57,121,157,284,46,106,21,96,101,11,46,112,71,10,90,39,75,99,59,100,27,81
376,360,156,61,393,86,371,126,136,136,309,467,719,247,204,212,300,715,392,52,222,379,252,145,265,99,281,180,183,519,599,1131,211,360,92,422,374,69,218,385,220,90,124,138,317,348,230,406,154,271
188,169,58,36,178,50,199,57,61,88,183,219,342,120,103,96,136,315,189,24,114,194,128,82,124,45,131,82,79,230,286,507,106,216,28,203,195,35,104,194,123,39,138,33,147,189,131,221,68,120
426,391,149,77,387,95,385,138,128,159,350,459,709,242,196,231,296,704,426,60,238,410,239,173,261,119,280,198,201,535,627,1051,235,379,85,391,405,60,187,458,259,75,317,147,178,389,264,417,160,288
423,437,191,78,507,107,424,134,149,185,378,559,875,285,239,246,333,855,489,62,270,457,281,194,315,107,311,211,226,641,705,1308,249,451,119,521,409,76,217,501,314,99,348,189,389,226,298,455,180,327
340,277,122,55,320,79,350,95,99,149,267,367,573,204,142,166,222,586,326,40,174,355,173,140,202,76,205,155,151,394,468,878,173,334,89,326,303,56,155,371,184,59,230,131,264,298,96,317,128,205
487,457,200,87,488,94,448,159,196,194,449,599,925,311,267,275,410,928,533,57,286,547,303,208,379,128,360,269,258,682,818,1418,270,501,109,586,484,96,280,566,318,100,406,221,417,455,317,260,181,360
169,184,96,29,215,39,164,57,64,73,156,225,349,136,94,120,138,338,186,36,106,184,112,82,138,56,151,89,90,271,279,524,108,184,41,185,184,34,93,182,125,27,154,68,160,180,128,181,31,139
354,283,129,57,345,78,339,115,130,150,290,385,640,224,197,198,239,638,350,37,191,358,195,151,232,93,203,177,178,416,536,932,205,320,91,340,341,51,162,360,212,81,271,120,288,327,205,360,139,114
