253,435,206,86,490,100,475,203,186,268,441,521,844,381,306,338,355,829,509,85,305,514,345,200,378,137,347,293,289,620,713,1186,243,495,94,514,461,105,257,494,308,111,372,200,432,432,341,501,162,355
435,188,169,71,425,77,416,130,149,168,345,457,756,272,219,225,310,772,416,44,219,445,235,150,279,117,305,209,219,531,650,1261,240,383,89,418,399,72,199,431,302,90,333,157,359,415,264,499,181,281
206,169,44,34,186,52,184,59,65,85,161,238,376,117,113,123,146,359,197,27,123,198,102,76,110,41,113,91,98,234,297,579,118,177,44,195,204,27,91,219,126,41,160,74,166,202,116,225,78,137
86,71,34,8,72,16,78,26,30,41,72,73,157,56,58,55,61,143,85,12,49,90,60,41,71,24,67,39,54,117,136,212,50,75,22,97,76,23,42,81,57,20,78,31,64,65,59,69,27,64
490,425,186,72,233,99,473,153,181,215,460,571,935,311,269,289,354,941,512,51,286,529,299,200,308,139,332,213,227,648,766,1474,290,492,120,554,455,89,257,567,318,122,415,178,406,491,349,513,204,380
100,77,52,16,99,12,102,31,37,44,95,109,216,86,71,77,75,198,112,11,56,115,69,42,85,31,75,56,56,154,180,301,62,93,26,133,80,19,54,102,79,24,86,48,96,112,71,117,32,72
475,416,184,78,473,102,226,146,171,213,422,534,898,282,271,298,328,835,492,63,258,475,288,202,332,116,335,236,241,620,757,1372,296,479,101,520,461,83,236,491,314,105,390,210,404,487,297,465,179,323
203,130,59,26,153,31,146,29,49,63,141,175,269,100,90,102,112,249,160,16,85,158,104,66,118,36,116,70,91,183,222,416,79,144,36,173,149,28,66,160,109,33,101,70,125,139,92,156,70,111
186,149,65,30,181,37,171,49,26,65,147,164,322,95,88,94,114,313,172,28,98,191,107,64,119,37,117,79,100,205,259,457,97,167,39,175,174,28,73,190,124,25,118,70,146,158,103,186,69,118
268,168,85,41,215,44,213,63,65,43,182,220,336,133,129,144,135,355,224,29,128,221,100,82,144,44,130,125,116,247,302,519,130,217,39,215,204,46,109,216,134,38,169,68,148,166,125,206,73,154
441,345,161,72,460,95,422,141,147,182,168,479,769,289,259,289,301,769,411,58,253,430,289,167,288,110,270,193,235,558,647,1146,266,408,91,455,405,72,214,420,275,82,315,159,333,357,254,445,147,311
521,457,238,73,571,109,534,175,164,220,479,327,1063,329,309,324,387,1074,561,67,294,529,314,215,396,136,363,245,291,741,881,1659,306,551,136,587,486,93,276,620,373,102,431,199,474,565,374,597,222,367
844,756,376,157,935,216,898,269,322,336,769,1063,822,589,451,519,682,1521,896,116,479,935,490,338,589,232,621,442,453,1207,1366,2458,447,869,235,1007,878,177,425,965,596,178,662,396,741,888,571,923,357,612
381,272,117,56,311,86,282,100,95,133,289,329,589,107,182,190,235,556,296,42,193,296,185,123,211,82,188,165,161,412,506,889,184,308,69,331,298,53,137,322,180,58,254,119,243,318,213,315,127,207
306,219,113,58,269,71,271,90,88,129,259,309,451,182,55,121,185,444,277,36,146,268,145,112,162,57,182,107,152,330,408,734,143,245,58,271,292,32,115,292,179,50,203,99,215,236,138,259,94,198
338,225,123,55,289,77,298,102,94,144,289,324,519,190,121,67,212,520,292,32,167,290,153,119,173,61,195,111,154,350,419,829,162,285,59,288,305,46,140,299,180,56,211,102,235,250,174,288,111,213
355,310,146,61,354,75,328,112,114,135,301,387,682,235,185,212,117,630,345,46,210,358,209,151,241,88,238,186,171,404,535,1036,191,334,79,342,341,76,165,371,231,73,257,142,286,383,237,372,160,244
829,772,359,143,941,198,835,249,313,355,769,1074,1521,556,444,520,630,796,893,117,486,922,520,343,595,240,641,432,441,1184,1334,2565,491,846,224,982,841,167,433,981,635,186,661,358,722,876,569,934,346,616
509,416,197,85,512,112,492,160,172,224,411,561,896,296,277,292,345,893,251,57,278,503,319,187,341,139,340,240,239,586,776,1377,267,478,111,519,477,85,264,536,358,107,354,204,406,469,348,534,183,364
85,44,27,12,51,11,63,16,28,29,58,67,116,42,36,32,46,117,57,1,35,54,30,34,41,12,28,20,33,69,89,206,28,59,14,64,62,10,35,84,39,17,58,25,69,64,44,76,29,49
305,219,123,49,286,56,258,85,98,128,253,294,479,193,146,167,210,486,278,35,83,286,156,108,182,74,183,128,153,329,422,762,163,267,66,300,279,41,138,264,172,63,221,115,222,245,159,327,118,214
514,445,198,90,529,115,475,158,191,221,430,529,935,296,268,290,358,922,503,54,286,241,278,204,316,139,321,240,277,625,769,1429,262,486,130,545,471,88,246,563,318,98,370,217,412,503,331,526,194,359
345,235,102,60,299,69,288,104,107,100,289,314,490,185,145,153,209,520,319,30,156,278,83,119,202,68,185,145,148,345,446,798,150,261,60,308,274,49,138,306,206,60,238,121,246,299,178,315,101,212
200,150,76,41,200,42,202,66,64,82,167,215,338,123,112,119,151,343,187,34,108,204,119,26,123,57,131,85,121,253,294,579,138,200,46,219,170,32,108,232,130,38,155,70,142,210,130,213,73,144
378,279,110,71,308,85,332,118,119,144,288,396,589,211,162,173,241,595,341,41,182,316,202,123,105,75,202,155,140,405,500,909,169,295,66,350,322,41,159,346,211,59,244,114,247,324,192,355,129,220
137,117,41,24,139,31,116,36,37,44,110,136,232,82,57,61,88,240,139,12,74,139,68,57,75,16,69,63,64,152,191,345,75,120,25,140,126,12,64,137,83,30,101,46,100,105,56,140,42,86
347,305,113,67,332,75,335,116,117,130,270,363,621,188,182,195,238,641,340,28,183,321,185,131,202,69,83,159,170,414,516,980,199,314,69,365,327,49,172,364,240,66,280,120,250,322,203,342,133,217
293,209,91,39,213,56,236,70,79,125,193,245,442,165,107,111,186,432,240,20,128,240,145,85,155,63,159,54,102,295,381,660,115,210,55,239,228,43,110,258,154,41,161,82,182,201,137,252,96,175
289,219,98,54,227,56,241,91,100,116,235,291,453,161,152,154,171,441,239,33,153,277,148,121,140,64,170,102,78,284,407,707,139,223,64,256,212,48,126,284,145,58,192,96,204,266,160,263,122,169
620,531,234,117,648,154,620,183,205,247,558,741,1207,412,330,350,404,1184,586,69,329,625,345,253,405,152,414,295,284,405,911,1874,347,567,166,636,589,107,292,664,387,136,495,223,525,587,370,685,229,412
713,650,297,136,766,180,757,222,259,302,647,881,1366,506,408,419,535,1334,776,89,422,769,446,294,500,191,516,381,407,911,545,2063,399,700,165,839,716,138,362,764,502,147,558,305,645,743,487,777,297,514
1186,1261,579,212,1474,301,1372,416,457,519,1146,1659,2458,889,734,829,1036,2565,1377,206,762,1429,798,579,909,345,980,660,707,1874,2063,1999,718,1312,330,1620,1318,253,701,1490,981,287,1119,563,1111,1374,881,1453,530,929
243,240,118,50,290,62,296,79,97,130,266,306,447,184,143,162,191,491,267,28,163,262,150,138,169,75,199,115,139,347,399,718,56,236,74,296,253,42,114,296,202,52,197,102,224,265,175,295,92,193
495,383,177,75,492,93,479,144,167,217,408,551,869,308,245,285,334,846,478,59,267,486,261,200,295,120,314,210,223,567,700,1312,236,203,103,499,441,84,214,517,294,102,372,201,387,415,303,470,154,315
94,89,44,22,120,26,101,36,39,39,91,136,235,69,58,59,79,224,111,14,66,130,60,46,66,25,69,55,64,166,165,330,74,103,10,88,116,19,63,116,68,14,88,41,82,108,63,126,33,84
514,418,195,97,554,133,520,173,175,215,455,587,1007,331,271,288,342,982,519,64,300,545,308,219,350,140,365,239,256,636,839,1620,296,499,88,296,492,88,264,563,353,124,415,205,421,507,328,584,204,345
461,399,204,76,455,80,461,149,174,204,405,486,878,298,292,305,341,841,477,62,279,471,274,170,322,126,327,228,212,589,716,1318,253,441,116,492,211,79,218,482,318,88,349,174,385,458,319,460,173,322
105,72,27,23,89,19,83,28,28,46,72,93,177,53,32,46,76,167,85,10,41,88,49,32,41,12,49,43,48,107,138,253,42,84,19,88,79,4,48,79,48,11,69,31,60,82,60,91,37,62
257,199,91,42,257,54,236,66,73,109,214,276,425,137,115,140,165,433,264,35,138,246,138,108,159,64,172,110,126,292,362,701,114,214,63,264,218,48,60,260,161,63,193,110,205,256,140,228,97,168
494,431,219,81,567,102,491,160,190,216,420,620,965,322,292,299,371,981,536,84,264,563,306,232,346,137,364,258,284,664,764,1490,296,517,116,563,482,79,260,293,356,109,367,201,447,519,324,555,214,376
308,302,126,57,318,79,314,109,124,134,275,373,596,180,179,180,231,635,358,39,172,318,206,130,211,83,240,154,145,387,502,981,202,294,68,353,318,48,161,356,101,61,241,149,235,349,213,344,131,199
111,90,41,20,122,24,105,33,25,38,82,102,178,58,50,56,73,186,107,17,63,98,60,38,59,30,66,41,58,136,147,287,52,102,14,124,88,11,63,109,61,13,89,39,78,95,64,99,29,61
372,333,160,78,415,86,390,101,118,169,315,431,662,254,203,211,257,661,354,58,221,370,238,155,244,101,280,161,192,495,558,1119,197,372,88,415,349,69,193,367,241,89,149,132,307,361,235,393,127,248
200,157,74,31,178,48,210,70,70,68,159,199,396,119,99,102,142,358,204,25,115,217,121,70,114,46,120,82,96,223,305,563,102,201,41,205,174,31,110,201,149,39,132,37,152,188,127,199,79,98
432,359,166,64,406,96,404,125,146,148,333,474,741,243,215,235,286,722,406,69,222,412,246,142,247,100,250,182,204,525,645,1111,224,387,82,421,385,60,205,447,235,78,307,152,178,389,272,423,170,273
432,415,202,65,491,112,487,139,158,166,357,565,888,318,236,250,383,876,469,64,245,503,299,210,324,105,322,201,266,587,743,1374,265,415,108,507,458,82,256,519,349,95,361,188,389,192,289,494,192,306
341,264,116,59,349,71,297,92,103,125,254,374,571,213,138,174,237,569,348,44,159,331,178,130,192,56,203,137,160,370,487,881,175,303,63,328,319,60,140,324,213,64,235,127,272,289,101,326,119,221
501,499,225,69,513,117,465,156,186,206,445,597,923,315,259,288,372,934,534,76,327,526,315,213,355,140,342,252,263,685,777,1453,295,470,126,584,460,91,228,555,344,99,393,199,423,494,326,235,191,338
162,181,78,27,204,32,179,70,69,73,147,222,357,127,94,111,160,346,183,29,118,194,101,73,129,42,133,96,122,229,297,530,92,154,33,204,173,37,97,214,131,29,127,79,170,192,119,191,34,154
355,281,137,64,380,72,323,111,118,154,311,367,612,207,198,213,244,616,364,49,214,359,212,144,220,86,217,175,169,412,514,929,193,315,84,345,322,62,168,376,199,61,248,98,273,306,221,338,154,121
