255,439,214,90,477,107,493,187,167,237,433,525,825,401,328,361,392,828,504,82,342,546,348,198,391,141,341,277,269,618,680,1194,257,484,107,550,474,100,263,482,311,102,359,196,452,448,323,467,168,370
439,172,176,83,467,100,444,102,145,150,346,490,818,258,228,249,302,866,433,50,249,461,259,189,264,121,306,203,232,560,667,1248,229,411,108,463,417,73,229,468,276,93,327,150,370,406,270,470,155,289
214,176,34,41,203,45,197,47,47,94,187,228,351,128,89,86,143,333,183,22,110,188,114,100,120,41,131,90,89,226,276,578,106,207,48,180,188,26,92,196,117,45,150,65,152,178,111,223,84,134
90,83,41,4,77,13,71,19,26,43,76,125,169,52,49,48,68,149,81,17,60,90,60,30,61,26,61,47,45,103,130,226,51,79,15,93,74,12,28,94,66,23,62,33,56,70,60,88,36,52
477,467,203,77,247,108,475,167,167,214,442,604,954,315,274,285,360,960,498,74,275,509,307,238,346,144,391,222,257,627,752,1428,284,455,124,554,464,88,225,582,364,116,370,208,423,477,298,509,205,361
107,100,45,13,108,9,86,41,36,53,94,163,221,72,65,63,78,182,120,20,68,121,71,41,70,47,83,57,53,138,166,325,55,118,24,124,91,17,51,126,78,21,92,43,65,108,74,100,37,67
493,444,197,71,475,86,211,155,176,202,436,573,899,278,273,271,357,855,489,68,259,476,330,177,353,141,336,236,215,622,687,1314,262,467,109,527,459,69,228,528,314,94,363,184,362,464,327,477,172,298
187,102,47,19,167,41,155,25,53,74,132,176,281,115,78,105,112,280,141,19,76,144,95,63,88,40,105,71,79,170,220,422,88,126,33,146,157,25,78,155,91,22,116,57,108,150,100,154,57,114
167,145,47,26,167,36,176,53,22,68,153,193,311,117,83,101,117,301,162,20,82,175,104,80,113,46,114,75,85,201,235,468,101,150,29,197,157,26,65,205,112,31,127,65,144,147,113,178,60,114
237,150,94,43,214,53,202,74,68,58,158,245,336,143,122,112,148,364,186,23,132,197,133,82,161,65,145,108,97,250,285,533,99,208,51,192,207,29,105,213,155,45,136,66,176,188,147,235,73,149
433,346,187,76,442,94,436,132,153,158,177,465,731,284,233,252,305,760,421,58,251,426,253,181,319,121,302,218,207,539,628,1184,215,422,113,439,432,79,204,464,274,87,313,154,359,409,283,459,171,300
525,490,228,125,604,163,573,176,193,245,465,299,977,356,280,307,403,964,567,79,274,587,322,212,364,133,357,295,245,712,924,1620,310,551,134,576,562,92,291,641,387,112,439,247,388,553,349,612,245,351
825,818,351,169,954,221,899,281,311,336,731,977,788,614,464,538,651,1434,886,114,491,897,549,348,603,232,618,430,480,1162,1349,2549,474,881,209,1000,867,158,467,969,609,183,690,364,700,855,562,938,358,629
401,258,128,52,315,72,278,115,117,143,284,356,614,109,168,191,275,594,357,31,188,362,215,135,181,79,208,149,166,384,550,878,164,304,80,363,294,52,169,324,200,59,237,106,255,296,207,376,128,255
328,228,89,49,274,65,273,78,83,122,233,280,464,168,64,129,186,462,245,27,136,261,150,103,165,62,152,126,130,316,325,709,145,238,52,271,232,41,125,261,165,54,198,97,216,273,163,245,105,178
361,249,86,48,285,63,271,105,101,112,252,307,538,191,129,70,216,523,278,32,127,308,166,98,181,68,167,129,132,365,366,854,169,275,59,297,239,41,161,300,188,60,228,98,215,296,167,293,109,187
392,302,143,68,360,78,357,112,117,148,305,403,651,275,186,216,120,685,388,39,197,368,213,148,225,79,223,170,172,469,602,1031,188,331,80,357,334,62,184,390,251,63,275,145,310,372,234,392,141,268
828,866,333,149,960,182,855,280,301,364,760,964,1434,594,462,523,685,801,891,107,463,934,552,351,639,231,648,426,464,1145,1368,2485,511,841,193,1018,833,156,485,954,593,177,682,372,753,870,570,915,335,652
504,433,183,81,498,120,489,141,162,186,421,567,886,357,245,278,388,891,250,70,292,476,341,203,322,117,357,227,216,628,742,1382,269,471,118,545,465,89,259,545,311,100,383,222,422,473,329,518,202,339
82,50,22,17,74,20,68,19,20,23,58,79,114,31,27,32,39,107,70,6,31,81,33,25,40,17,38,26,36,78,110,177,29,60,18,61,64,10,25,74,47,12,53,25,50,64,27,67,29,34
342,249,110,60,275,68,259,76,82,132,251,274,491,188,136,127,197,463,292,31,70,272,159,115,186,61,176,138,122,352,417,782,164,251,57,267,254,49,129,301,177,48,212,103,224,255,169,276,103,156
546,461,188,90,509,121,476,144,175,197,426,587,897,362,261,308,368,934,476,81,272,288,306,213,342,131,367,232,241,647,770,1371,268,516,129,579,501,95,267,565,330,100,360,200,440,503,352,533,206,331
348,259,114,60,307,71,330,95,104,133,253,322,549,215,150,166,213,552,341,33,159,306,85,107,208,74,192,136,157,381,441,831,184,264,67,304,286,46,149,343,196,72,236,112,248,275,167,346,132,205
198,189,100,30,238,41,177,63,80,82,181,212,348,135,103,98,148,351,203,25,115,213,107,34,130,48,136,92,105,258,292,553,101,203,46,194,194,26,100,216,144,38,140,74,165,173,142,188,70,142
391,264,120,61,346,70,353,88,113,161,319,364,603,181,165,181,225,639,322,40,186,342,208,130,97,100,214,163,171,421,515,1013,207,321,72,342,333,56,136,363,225,78,259,115,272,319,189,361,140,250
141,121,41,26,144,47,141,40,46,65,121,133,232,79,62,68,79,231,117,17,61,131,74,48,100,13,82,67,63,152,188,371,77,107,27,99,109,21,63,133,88,27,90,35,103,122,69,136,41,80
341,306,131,61,391,83,336,105,114,145,302,357,618,208,152,167,223,648,357,38,176,367,192,136,214,82,106,162,151,445,521,959,185,296,83,307,321,47,169,391,224,66,240,112,249,296,213,357,128,229
277,203,90,47,222,57,236,71,75,108,218,295,430,149,126,129,170,426,227,26,138,232,136,92,163,67,162,55,135,285,316,647,134,224,47,232,225,33,104,263,149,46,183,75,205,208,132,255,89,154
269,232,89,45,257,53,215,79,85,97,207,245,480,166,130,132,172,464,216,36,122,241,157,105,171,63,151,135,72,280,372,771,130,260,54,232,243,53,147,269,173,52,191,90,187,216,160,285,102,168
618,560,226,103,627,138,622,170,201,250,539,712,1162,384,316,365,469,1145,628,78,352,647,381,258,421,152,445,285,280,391,982,1809,345,571,150,668,546,104,303,686,459,130,502,243,519,580,399,684,227,431
680,667,276,130,752,166,687,220,235,285,628,924,1349,550,325,366,602,1368,742,110,417,770,441,292,515,188,521,316,372,982,604,2121,380,727,181,833,679,136,378,795,503,152,539,315,612,752,490,786,273,492
1194,1248,578,226,1428,325,1314,422,468,533,1184,1620,2549,878,709,854,1031,2485,1382,177,782,1371,831,553,1013,371,959,647,771,1809,2121,1985,790,1357,322,1558,1368,261,740,1486,954,287,1065,533,1165,1345,886,1431,517,959
257,229,106,51,284,55,262,88,101,99,215,310,474,164,145,169,188,511,269,29,164,268,184,101,207,77,185,134,130,345,380,790,70,262,59,290,252,49,142,269,182,61,218,103,231,240,189,276,118,193
484,411,207,79,455,118,467,126,150,208,422,551,881,304,238,275,331,841,471,60,251,516,264,203,321,107,296,224,260,571,727,1357,262,228,117,518,451,91,221,517,349,103,363,181,400,433,307,470,177,322
107,108,48,15,124,24,109,33,29,51,113,134,209,80,52,59,80,193,118,18,57,129,67,46,72,27,83,47,54,150,181,322,59,117,6,124,99,20,52,116,76,20,96,52,86,111,73,131,40,89
550,463,180,93,554,124,527,146,197,192,439,576,1000,363,271,297,357,1018,545,61,267,579,304,194,342,99,307,232,232,668,833,1558,290,518,124,282,503,88,265,611,343,99,418,221,455,520,314,558,193,353
474,417,188,74,464,91,459,157,157,207,432,562,867,294,232,239,334,833,465,64,254,501,286,194,333,109,321,225,243,546,679,1368,252,451,99,503,217,75,235,528,319,111,366,189,376,410,300,475,173,330
100,73,26,12,88,17,69,25,26,29,79,92,158,52,41,41,62,156,89,10,49,95,46,26,56,21,47,33,53,104,136,261,49,91,20,88,75,2,46,89,49,15,62,33,58,93,56,75,44,42
263,229,92,28,225,51,228,78,65,105,204,291,467,169,125,161,184,485,259,25,129,267,149,100,136,63,169,104,147,303,378,740,142,221,52,265,235,46,65,281,166,48,183,115,201,242,176,233,101,179
482,468,196,94,582,126,528,155,205,213,464,641,969,324,261,300,390,954,545,74,301,565,343,216,363,133,391,263,269,686,795,1486,269,517,116,611,528,89,281,279,339,114,375,211,421,546,321,558,175,336
311,276,117,66,364,78,314,91,112,155,274,387,609,200,165,188,251,593,311,47,177,330,196,144,225,88,224,149,173,459,503,954,182,349,76,343,319,49,166,339,112,55,252,137,274,310,215,336,128,248
102,93,45,23,116,21,94,22,31,45,87,112,183,59,54,60,63,177,100,12,48,100,72,38,78,27,66,46,52,130,152,287,61,103,20,99,111,15,48,114,55,14,73,42,79,85,50,112,47,69
359,327,150,62,370,92,363,116,127,136,313,439,690,237,198,228,275,682,383,53,212,360,236,140,259,90,240,183,191,502,539,1065,218,363,96,418,366,62,183,375,252,73,143,155,306,332,233,376,147,218
196,150,65,33,208,43,184,57,65,66,154,247,364,106,97,98,145,372,222,25,103,200,112,74,115,35,112,75,90,243,315,533,103,181,52,221,189,33,115,211,137,42,155,33,131,158,126,205,84,99
452,370,152,56,423,65,362,108,144,176,359,388,700,255,216,215,310,753,422,50,224,440,248,165,272,103,249,205,187,519,612,1165,231,400,86,455,376,58,201,421,274,79,306,131,154,365,267,379,153,270
448,406,178,70,477,108,464,150,147,188,409,553,855,296,273,296,372,870,473,64,255,503,275,173,319,122,296,208,216,580,752,1345,240,433,111,520,410,93,242,546,310,85,332,158,365,235,276,468,174,313
323,270,111,60,298,74,327,100,113,147,283,349,562,207,163,167,234,570,329,27,169,352,167,142,189,69,213,132,160,399,490,886,189,307,73,314,300,56,176,321,215,50,233,126,267,276,105,338,151,231
467,470,223,88,509,100,477,154,178,235,459,612,938,376,245,293,392,915,518,67,276,533,346,188,361,136,357,255,285,684,786,1431,276,470,131,558,475,75,233,558,336,112,376,205,379,468,338,255,207,351
168,155,84,36,205,37,172,57,60,73,171,245,358,128,105,109,141,335,202,29,103,206,132,70,140,41,128,89,102,227,273,517,118,177,40,193,173,44,101,175,128,47,147,84,153,174,151,207,43,114
370,289,134,52,361,67,298,114,114,149,300,351,629,255,178,187,268,652,339,34,156,331,205,142,250,80,229,154,168,431,492,959,193,322,89,353,330,42,179,336,248,69,218,99,270,313,231,351,114,110
