282,445,225,91,495,121,498,167,184,258,498,494,780,365,323,315,341,816,509,53,312,495,322,211,376,138,346,285,333,546,699,1230,247,492,117,512,486,86,242,453,316,105,391,172,458,367,360,459,174,377
445,173,167,72,422,92,407,119,163,198,355,501,776,285,209,230,311,769,429,56,216,434,241,184,267,120,265,179,212,531,643,1208,247,393,94,439,373,65,191,459,290,92,339,151,333,403,248,443,166,273
225,167,43,41,178,49,222,53,64,90,183,230,387,128,89,101,162,364,190,29,124,217,122,91,116,46,113,82,93,248,309,580,116,191,54,203,205,31,93,200,115,40,145,87,172,188,117,218,99,141
91,72,41,8,88,15,78,26,33,46,73,83,153,66,62,57,59,143,70,10,38,82,63,29,62,20,64,38,47,110,122,201,50,72,20,82,75,17,46,79,63,13,55,46,97,82,61,77,37,60
495,422,178,88,269,117,526,172,181,221,434,549,895,356,303,302,378,929,500,69,300,508,324,193,363,132,358,227,231,670,759,1407,304,484,111,568,485,72,273,560,346,119,391,198,444,448,357,496,208,340
121,92,49,15,117,7,98,41,38,53,85,115,181,71,72,75,80,191,111,17,63,124,76,47,74,26,77,56,63,139,175,282,55,91,29,126,95,21,59,119,91,17,74,43,101,105,65,115,47,71
498,407,222,78,526,98,232,160,184,174,394,497,813,300,256,270,364,774,486,58,280,518,306,194,315,133,334,230,286,600,754,1301,257,446,99,526,443,76,256,502,319,94,353,171,410,458,297,511,180,300
167,119,53,26,172,41,160,20,49,84,151,172,283,87,81,67,111,275,161,23,74,154,73,58,99,39,100,68,81,196,223,419,78,142,27,160,131,19,90,189,96,31,145,53,114,122,105,177,56,121
184,163,64,33,181,38,184,49,25,72,155,203,276,113,98,87,121,280,170,24,100,171,94,68,116,38,98,70,78,217,241,449,84,158,42,188,157,28,98,191,104,31,142,53,150,155,115,179,63,115
258,198,90,46,221,53,174,84,72,38,179,218,367,134,107,117,142,325,209,29,110,216,122,73,153,58,128,99,108,236,310,579,106,199,48,229,190,30,125,211,142,41,144,79,177,213,137,233,76,164
498,355,183,73,434,85,394,151,155,179,188,445,769,263,238,248,292,699,461,52,243,430,252,166,310,110,275,202,226,524,644,1171,222,406,94,439,379,62,238,440,281,112,310,157,347,411,287,424,149,312
494,501,230,83,549,115,497,172,203,218,445,307,961,369,279,309,431,1018,543,57,280,543,327,222,333,164,380,277,278,685,861,1608,260,514,136,565,500,93,264,577,354,108,389,218,464,512,351,552,175,411
780,776,387,153,895,181,813,283,276,367,769,961,822,587,463,500,649,1469,888,98,520,884,556,330,585,242,609,423,434,1147,1378,2430,494,832,233,956,806,159,452,905,614,191,633,319,751,806,564,914,339,621
365,285,128,66,356,71,300,87,113,134,263,369,587,101,191,194,216,571,349,37,170,338,214,126,217,78,207,155,173,411,471,909,190,348,81,344,313,49,175,347,214,65,223,130,273,326,210,365,139,217
323,209,89,62,303,72,256,81,98,107,238,279,463,191,80,143,206,481,290,35,136,330,160,103,180,66,174,93,105,308,423,719,159,244,65,292,247,47,142,274,163,48,216,85,188,235,184,293,119,157
315,230,101,57,302,75,270,67,87,117,248,309,500,194,143,74,202,508,298,37,135,321,167,114,190,70,190,114,127,371,455,840,159,282,73,333,271,53,131,276,148,56,205,95,229,259,199,312,134,198
341,311,162,59,378,80,364,111,121,142,292,431,649,216,206,202,117,647,367,42,222,368,208,130,212,90,247,169,192,448,576,1074,216,368,86,355,364,62,182,366,229,76,292,142,291,342,226,353,154,232
816,769,364,143,929,191,774,275,280,325,699,1018,1469,571,481,508,647,774,920,119,485,916,539,321,596,217,572,394,431,1064,1386,2383,491,827,204,999,832,164,444,896,609,187,672,320,722,811,557,903,331,624
509,429,190,70,500,111,486,161,170,209,461,543,888,349,290,298,367,920,291,71,298,502,312,174,319,122,346,242,280,623,774,1402,260,467,106,553,474,73,261,538,321,112,367,201,400,464,351,504,172,354
53,56,29,10,69,17,58,23,24,29,52,57,98,37,35,37,42,119,71,2,30,68,29,25,42,15,43,35,28,80,108,192,34,59,22,63,58,4,42,76,47,14,57,25,51,57,39,73,28,37
312,216,124,38,300,63,280,74,100,110,243,280,520,170,136,135,222,485,298,30,66,287,167,98,189,75,172,158,131,336,421,797,148,259,56,293,248,36,122,296,188,46,205,101,244,256,178,300,109,192
495,434,217,82,508,124,518,154,171,216,430,543,884,338,330,321,368,916,502,68,287,253,329,198,329,143,371,248,266,618,746,1444,278,478,97,516,455,78,282,540,340,114,335,188,412,467,322,533,177,312
322,241,122,63,324,76,306,73,94,122,252,327,556,214,160,167,208,539,312,29,167,329,89,112,199,72,198,127,154,380,449,861,179,307,77,306,278,38,172,319,210,72,241,130,244,313,179,318,119,171
211,184,91,29,193,47,194,58,68,73,166,222,330,126,103,114,130,321,174,25,98,198,112,42,139,53,132,93,119,256,288,533,119,185,42,207,208,29,96,205,122,39,151,74,175,189,120,215,84,118
376,267,116,62,363,74,315,99,116,153,310,333,585,217,180,190,212,596,319,42,189,329,199,139,103,78,201,128,187,416,484,883,193,298,81,308,307,46,149,376,214,81,246,135,259,326,187,363,119,226
138,120,46,20,132,26,133,39,38,58,110,164,242,78,66,70,90,217,122,15,75,143,72,53,78,20,85,52,83,169,213,392,76,118,25,115,114,14,61,137,93,26,98,43,87,131,73,145,38,80
346,265,113,64,358,77,334,100,98,128,275,380,609,207,174,190,247,572,346,43,172,371,198,132,201,85,101,156,186,433,520,985,201,339,72,359,291,47,169,361,238,76,276,118,263,315,209,356,111,210
285,179,82,38,227,56,230,68,70,99,202,277,423,155,93,114,169,394,242,35,158,248,127,93,128,52,156,58,118,322,379,663,136,207,57,258,231,45,103,247,153,51,204,80,154,211,144,277,77,157
333,212,93,47,231,63,286,81,78,108,226,278,434,173,105,127,192,431,280,28,131,266,154,119,187,83,186,118,64,331,370,679,139,240,51,277,258,49,129,277,165,60,175,95,230,242,144,276,92,201
546,531,248,110,670,139,600,196,217,236,524,685,1147,411,308,371,448,1064,623,80,336,618,380,256,416,169,433,322,331,380,975,1794,372,571,140,685,627,110,324,676,429,127,478,237,532,538,408,641,227,418
699,643,309,122,759,175,754,223,241,310,644,861,1378,471,423,455,576,1386,774,108,421,746,449,288,484,213,520,379,370,975,560,2022,388,737,169,813,741,114,417,816,508,176,557,280,626,655,492,752,269,539
1230,1208,580,201,1407,282,1301,419,449,579,1171,1608,2430,909,719,840,1074,2383,1402,192,797,1444,861,533,883,392,985,663,679,1794,2022,1839,748,1279,334,1498,1234,232,697,1415,981,267,987,511,1112,1300,856,1437,477,955
247,247,116,50,304,55,257,78,84,106,222,260,494,190,159,159,216,491,260,34,148,278,179,119,193,76,201,136,139,372,388,748,64,235,73,294,268,54,141,310,200,51,212,100,212,232,170,277,101,182
492,393,191,72,484,91,446,142,158,199,406,514,832,348,244,282,368,827,467,59,259,478,307,185,298,118,339,207,240,571,737,1279,235,205,105,515,455,91,261,515,317,113,349,214,366,411,311,491,179,322
117,94,54,20,111,29,99,27,42,48,94,136,233,81,65,73,86,204,106,22,56,97,77,42,81,25,72,57,51,140,169,334,73,105,11,131,108,26,56,129,73,22,90,45,107,105,70,123,41,81
512,439,203,82,568,126,526,160,188,229,439,565,956,344,292,333,355,999,553,63,293,516,306,207,308,115,359,258,277,685,813,1498,294,515,131,283,538,86,265,554,349,109,393,173,429,483,329,499,208,360
486,373,205,75,485,95,443,131,157,190,379,500,806,313,247,271,364,832,474,58,248,455,278,208,307,114,291,231,258,627,741,1234,268,455,108,538,208,83,240,474,326,93,320,175,398,431,286,516,168,311
86,65,31,17,72,21,76,19,28,30,62,93,159,49,47,53,62,164,73,4,36,78,38,29,46,14,47,45,49,110,114,232,54,91,26,86,83,9,28,92,53,13,74,30,55,70,52,80,29,54
242,191,93,46,273,59,256,90,98,125,238,264,452,175,142,131,182,444,261,42,122,282,172,96,149,61,169,103,129,324,417,697,141,261,56,265,240,28,65,269,163,43,187,96,204,227,185,235,103,184
453,459,200,79,560,119,502,189,191,211,440,577,905,347,274,276,366,896,538,76,296,540,319,205,376,137,361,247,277,676,816,1415,310,515,129,554,474,92,269,273,347,113,408,191,437,455,353,540,199,350
316,290,115,63,346,91,319,96,104,142,281,354,614,214,163,148,229,609,321,47,188,340,210,122,214,93,238,153,165,429,508,981,200,317,73,349,326,53,163,347,118,66,245,124,243,307,188,359,113,226
105,92,40,13,119,17,94,31,31,41,112,108,191,65,48,56,76,187,112,14,46,114,72,39,81,26,76,51,60,127,176,267,51,113,22,109,93,13,43,113,66,14,77,39,86,118,61,82,38,75
391,339,145,55,391,74,353,145,142,144,310,389,633,223,216,205,292,672,367,57,205,335,241,151,246,98,276,204,175,478,557,987,212,349,90,393,320,74,187,408,245,77,135,136,290,352,236,350,141,286
172,151,87,46,198,43,171,53,53,79,157,218,319,130,85,95,142,320,201,25,101,188,130,74,135,43,118,80,95,237,280,511,100,214,45,173,175,30,96,191,124,39,136,22,175,186,107,222,65,145
458,333,172,97,444,101,410,114,150,177,347,464,751,273,188,229,291,722,400,51,244,412,244,175,259,87,263,154,230,532,626,1112,212,366,107,429,398,55,204,437,243,86,290,175,179,379,253,458,159,270
367,403,188,82,448,105,458,122,155,213,411,512,806,326,235,259,342,811,464,57,256,467,313,189,326,131,315,211,242,538,655,1300,232,411,105,483,431,70,227,455,307,118,352,186,379,191,316,454,175,308
360,248,117,61,357,65,297,105,115,137,287,351,564,210,184,199,226,557,351,39,178,322,179,120,187,73,209,144,144,408,492,856,170,311,70,329,286,52,185,353,188,61,236,107,253,316,98,345,109,214
459,443,218,77,496,115,511,177,179,233,424,552,914,365,293,312,353,903,504,73,300,533,318,215,363,145,356,277,276,641,752,1437,277,491,123,499,516,80,235,540,359,82,350,222,458,454,345,254,191,348
174,166,99,37,208,47,180,56,63,76,149,175,339,139,119,134,154,331,172,28,109,177,119,84,119,38,111,77,92,227,269,477,101,179,41,208,168,29,103,199,113,38,141,65,159,175,109,191,29,105
377,273,141,60,340,71,300,121,115,164,312,411,621,217,157,198,232,624,354,37,192,312,171,118,226,80,210,157,201,418,539,955,182,322,81,360,311,54,184,350,226,75,286,145,270,308,214,348,105,107
