256,390,214,93,511,115,468,160,163,247,464,459,796,367,310,312,366,794,497,79,317,490,350,168,354,157,372,283,334,611,693,1176,234,484,101,472,462,94,248,475,308,120,377,178,437,425,326,505,169,364
390,177,156,78,438,96,388,115,138,171,351,485,759,292,243,241,320,793,456,56,208,425,288,173,257,110,272,209,207,529,651,1239,232,394,92,452,415,78,206,433,300,87,335,177,336,385,285,436,172,294
214,156,30,40,199,52,206,51,66,77,180,233,332,131,93,110,136,359,207,23,106,214,140,82,139,49,140,102,83,219,296,550,113,186,53,218,201,36,103,207,111,25,170,78,183,188,118,210,82,127
93,78,40,8,80,17,58,28,29,50,68,80,135,57,47,54,53,131,86,12,45,103,49,33,65,19,66,42,49,100,135,214,49,78,23,97,76,16,45,93,59,13,59,25,78,70,55,79,33,54
511,438,199,80,247,126,480,157,171,224,435,532,883,341,255,278,380,873,476,68,283,529,292,220,359,127,379,233,255,649,772,1323,264,486,123,572,471,78,261,533,333,94,386,181,419,452,324,508,191,344
115,96,52,17,126,8,89,41,37,52,96,114,193,86,57,82,77,190,132,12,66,128,56,36,71,34,94,57,51,142,193,282,55,95,28,124,119,15,65,107,79,27,75,39,88,98,77,106,38,70
468,388,206,58,480,89,203,152,141,187,394,507,810,330,284,311,346,828,486,48,277,466,293,184,315,127,331,236,286,580,747,1280,249,447,105,554,460,78,223,484,323,96,342,172,387,456,279,424,196,297
160,115,51,28,157,41,152,22,56,63,121,163,281,105,89,83,111,290,159,24,70,157,87,52,98,37,110,82,74,225,206,432,96,140,30,155,118,35,68,151,91,40,101,52,127,140,97,164,59,94
163,138,66,29,171,37,141,56,26,70,149,157,282,103,91,101,115,274,180,21,91,171,104,64,126,36,114,71,89,200,225,465,90,150,33,176,134,20,79,164,121,36,125,55,136,155,104,139,58,109
247,171,77,50,224,52,187,63,70,52,166,240,381,139,119,125,166,353,211,32,122,219,125,91,152,38,128,106,113,246,309,587,113,208,35,210,205,36,107,190,140,42,166,70,178,185,133,232,72,149
464,351,180,68,435,96,394,121,149,166,173,474,733,289,248,257,308,768,421,60,245,426,259,173,289,86,283,199,222,529,647,1165,248,387,93,452,407,72,210,436,280,89,339,157,357,397,263,453,167,310
459,485,233,80,532,114,507,163,157,240,474,302,960,351,317,340,373,978,540,93,343,551,307,230,368,153,406,273,280,713,856,1505,301,504,123,572,513,104,259,577,355,128,411,202,457,485,344,562,180,372
796,759,332,135,883,193,810,281,282,381,733,960,753,574,488,527,649,1397,873,132,491,896,555,341,586,222,621,457,410,1172,1343,2329,476,828,210,962,861,152,442,988,596,196,656,312,695,816,568,921,288,606
367,292,131,57,341,86,330,105,103,139,289,351,574,106,165,180,227,583,332,26,166,335,190,128,229,84,216,157,162,397,527,970,191,308,69,333,319,51,166,358,221,74,261,107,275,298,185,363,136,228
310,243,93,47,255,57,284,89,91,119,248,317,488,165,58,128,174,484,236,36,125,238,150,119,173,66,189,139,147,332,417,784,158,242,55,267,267,43,137,297,174,60,226,117,238,270,151,298,110,180
312,241,110,54,278,82,311,83,101,125,257,340,527,180,128,76,199,525,284,43,132,291,153,126,178,77,198,117,153,357,444,863,169,263,65,260,280,38,161,334,208,67,234,106,227,274,165,352,99,200
366,320,136,53,380,77,346,111,115,166,308,373,649,227,174,199,122,621,378,51,209,398,237,148,250,111,284,175,210,434,544,995,174,369,69,382,319,56,183,393,254,74,300,130,286,373,239,388,121,248
794,793,359,131,873,190,828,290,274,353,768,978,1397,583,484,525,621,755,925,114,509,873,515,367,615,249,633,444,428,1125,1334,2294,446,790,205,947,817,140,420,945,598,185,637,330,693,839,558,914,293,597
497,456,207,86,476,132,486,159,180,211,421,540,873,332,236,284,378,925,240,60,275,477,312,184,297,138,340,223,256,628,731,1410,241,488,118,550,503,91,238,532,320,110,381,197,386,442,287,504,173,350
79,56,23,12,68,12,48,24,21,32,60,93,132,26,36,43,51,114,60,6,31,64,35,21,51,17,52,24,29,66,110,175,40,64,13,79,62,7,25,57,41,12,46,19,49,55,37,73,25,42
317,208,106,45,283,66,277,70,91,122,245,343,491,166,125,132,209,509,275,31,72,277,146,119,163,57,169,139,138,325,460,849,164,258,73,286,243,39,134,301,197,56,233,102,202,244,164,298,112,204
490,425,214,103,529,128,466,157,171,219,426,551,896,335,238,291,398,873,477,64,277,265,321,211,341,133,349,242,279,651,780,1373,253,504,106,547,495,99,254,543,314,127,405,200,404,479,277,541,180,355
350,288,140,49,292,56,293,87,104,125,259,307,555,190,150,153,237,515,312,35,146,321,103,121,205,72,196,139,173,350,456,856,162,285,63,325,271,43,150,317,198,68,232,100,241,279,177,335,111,186
168,173,82,33,220,36,184,52,64,91,173,230,341,128,119,126,148,367,184,21,119,211,121,30,130,44,110,103,95,244,296,559,121,184,51,194,188,41,95,224,136,35,169,80,148,172,120,203,92,115
354,257,139,65,359,71,315,98,126,152,289,368,586,229,173,178,250,615,297,51,163,341,205,130,98,90,206,146,164,403,539,900,191,304,70,343,311,66,180,333,229,64,231,124,246,330,203,346,143,247
157,110,49,19,127,34,127,37,36,38,86,153,222,84,66,77,111,249,138,17,57,133,72,44,90,16,76,54,60,166,206,368,67,111,33,133,112,18,72,141,84,34,96,49,93,129,81,136,56,75
372,272,140,66,379,94,331,110,114,128,283,406,621,216,189,198,284,633,340,52,169,349,196,110,206,76,92,167,156,410,535,948,183,340,87,382,338,59,166,368,247,82,263,124,269,337,211,359,150,229
283,209,102,42,233,57,236,82,71,106,199,273,457,157,139,117,175,444,223,24,139,242,139,103,146,54,167,50,114,300,351,693,126,206,47,250,234,47,114,232,155,35,173,98,211,223,149,222,94,154
334,207,83,49,255,51,286,74,89,113,222,280,410,162,147,153,210,428,256,29,138,279,173,95,164,60,156,114,45,326,397,659,137,252,53,289,249,53,142,288,152,48,196,94,219,224,167,273,93,164
611,529,219,100,649,142,580,225,200,246,529,713,1172,397,332,357,434,1125,628,66,325,651,350,244,403,166,410,300,326,391,946,1707,326,583,149,631,624,100,332,650,421,121,479,233,493,535,370,604,236,419
693,651,296,135,772,193,747,206,225,309,647,856,1343,527,417,444,544,1334,731,110,460,780,456,296,539,206,535,351,397,946,547,2085,395,726,164,831,744,125,371,792,513,179,528,277,611,723,458,766,291,513
1176,1239,550,214,1323,282,1280,432,465,587,1165,1505,2329,970,784,863,995,2294,1410,175,849,1373,856,559,900,368,948,693,659,1707,2085,1876,712,1247,297,1473,1292,217,742,1451,896,280,1006,490,1066,1296,888,1393,497,923
234,232,113,49,264,55,249,96,90,113,248,301,476,191,158,169,174,446,241,40,164,253,162,121,191,67,183,126,137,326,395,712,69,239,62,273,260,50,124,279,178,59,204,97,228,251,169,252,86,172
484,394,186,78,486,95,447,140,150,208,387,504,828,308,242,263,369,790,488,64,258,504,285,184,304,111,340,206,252,583,726,1247,239,238,114,538,438,75,225,505,278,100,366,175,403,457,296,495,185,293
101,92,53,23,123,28,105,30,33,35,93,123,210,69,55,65,69,205,118,13,73,106,63,51,70,33,87,47,53,149,164,297,62,114,14,136,112,25,49,132,55,26,99,42,80,107,71,100,42,74
472,452,218,97,572,124,554,155,176,210,452,572,962,333,267,260,382,947,550,79,286,547,325,194,343,133,382,250,289,631,831,1473,273,538,136,281,485,98,263,589,362,105,414,211,407,468,332,545,221,369
462,415,201,76,471,119,460,118,134,205,407,513,861,319,267,280,319,817,503,62,243,495,271,188,311,112,338,234,249,624,744,1292,260,438,112,485,237,80,203,529,335,98,350,177,376,440,303,503,181,272
94,78,36,16,78,15,78,35,20,36,72,104,152,51,43,38,56,140,91,7,39,99,43,41,66,18,59,47,53,100,125,217,50,75,25,98,80,6,51,82,54,13,61,39,64,72,48,98,33,59
248,206,103,45,261,65,223,68,79,107,210,259,442,166,137,161,183,420,238,25,134,254,150,95,180,72,166,114,142,332,371,742,124,225,49,263,203,51,57,258,185,51,189,76,203,235,156,256,86,159
475,433,207,93,533,107,484,151,164,190,436,577,988,358,297,334,393,945,532,57,301,543,317,224,333,141,368,232,288,650,792,1451,279,505,132,589,529,82,258,291,337,125,396,181,395,454,337,548,203,353
308,300,111,59,333,79,323,91,121,140,280,355,596,221,174,208,254,598,320,41,197,314,198,136,229,84,247,155,152,421,513,896,178,278,55,362,335,54,185,337,117,61,244,98,261,301,195,351,116,227
120,87,25,13,94,27,96,40,36,42,89,128,196,74,60,67,74,185,110,12,56,127,68,35,64,34,82,35,48,121,179,280,59,100,26,105,98,13,51,125,61,6,72,42,90,97,56,108,37,83
377,335,170,59,386,75,342,101,125,166,339,411,656,261,226,234,300,637,381,46,233,405,232,169,231,96,263,173,196,479,528,1006,204,366,99,414,350,61,189,396,244,72,122,132,312,336,210,380,128,301
178,177,78,25,181,39,172,52,55,70,157,202,312,107,117,106,130,330,197,19,102,200,100,80,124,49,124,98,94,233,277,490,97,175,42,211,177,39,76,181,98,42,132,30,150,180,117,192,70,116
437,336,183,78,419,88,387,127,136,178,357,457,695,275,238,227,286,693,386,49,202,404,241,148,246,93,269,211,219,493,611,1066,228,403,80,407,376,64,203,395,261,90,312,150,161,354,246,412,154,263
425,385,188,70,452,98,456,140,155,185,397,485,816,298,270,274,373,839,442,55,244,479,279,172,330,129,337,223,224,535,723,1296,251,457,107,468,440,72,235,454,301,97,336,180,354,211,320,466,213,287
326,285,118,55,324,77,279,97,104,133,263,344,568,185,151,165,239,558,287,37,164,277,177,120,203,81,211,149,167,370,458,888,169,296,71,332,303,48,156,337,195,56,210,117,246,320,78,358,117,212
505,436,210,79,508,106,424,164,139,232,453,562,921,363,298,352,388,914,504,73,298,541,335,203,346,136,359,222,273,604,766,1393,252,495,100,545,503,98,256,548,351,108,380,192,412,466,358,251,196,371
169,172,82,33,191,38,196,59,58,72,167,180,288,136,110,99,121,293,173,25,112,180,111,92,143,56,150,94,93,236,291,497,86,185,42,221,181,33,86,203,116,37,128,70,154,213,117,196,25,117
364,294,127,54,344,70,297,94,109,149,310,372,606,228,180,200,248,597,350,42,204,355,186,115,247,75,229,154,164,419,513,923,172,293,74,369,272,59,159,353,227,83,301,116,263,287,212,371,117,114
