262,459,186,92,503,108,489,169,160,257,442,523,822,377,318,351,345,806,497,63,312,503,371,224,362,133,376,287,292,547,670,1202,244,479,115,495,486,79,234,489,313,107,360,192,455,400,337,508,178,377
459,172,159,80,394,113,429,140,131,200,392,470,751,274,215,246,322,787,411,51,244,422,246,159,272,98,262,203,204,508,690,1250,243,398,94,458,372,62,195,468,306,85,313,169,290,428,261,493,159,294
186,159,47,32,218,43,190,62,75,97,167,217,353,105,96,102,139,364,201,31,113,184,108,81,138,35,113,100,98,238,268,536,106,190,36,190,192,26,95,205,134,44,171,63,161,163,136,210,72,139
92,80,32,5,81,11,74,28,36,34,70,97,141,53,45,45,63,139,93,14,57,89,45,27,47,21,69,41,55,124,128,206,39,60,20,87,86,15,48,79,58,21,48,28,73,65,54,90,33,53
503,394,218,81,252,108,501,170,173,211,429,579,893,325,260,288,373,855,509,61,316,487,271,207,343,133,341,233,257,608,758,1378,275,460,112,537,440,87,252,544,330,103,380,207,396,464,342,543,189,354
108,113,43,11,108,5,97,38,52,46,93,113,213,60,65,68,87,219,118,22,66,111,68,50,66,32,88,47,63,173,169,268,53,91,28,109,96,15,57,116,69,24,82,57,86,87,77,101,48,84
489,429,190,74,501,97,214,138,166,190,402,533,896,296,275,279,377,889,499,59,282,503,288,178,304,121,329,232,283,606,760,1295,254,457,105,551,439,81,231,516,314,98,355,203,379,471,320,487,190,320
169,140,62,28,170,38,138,20,49,69,154,162,293,94,89,99,125,296,146,16,85,170,85,58,103,35,106,75,72,177,224,415,89,151,28,150,150,29,70,173,96,33,125,52,137,140,95,146,60,132
160,131,75,36,173,52,166,49,34,68,147,173,277,109,70,83,119,279,165,23,97,175,86,67,110,38,109,77,79,194,241,477,83,162,33,180,161,27,82,172,108,28,126,64,143,161,108,155,56,100
257,200,97,34,211,46,190,69,68,35,189,234,356,117,123,115,143,336,227,28,126,221,132,80,148,44,131,124,101,242,301,532,117,182,49,211,181,37,104,213,156,49,145,82,171,185,125,198,81,161
442,392,167,70,429,93,402,154,147,189,193,471,726,284,245,250,324,711,438,52,257,457,241,173,272,102,294,204,207,542,648,1097,218,367,95,456,388,61,210,449,279,95,330,164,337,361,260,443,171,301
523,470,217,97,579,113,533,162,173,234,471,310,945,359,261,285,396,1017,638,81,361,594,333,250,373,138,375,232,295,742,888,1605,289,538,117,606,502,93,278,595,350,119,402,195,444,531,359,564,181,363
822,751,353,141,893,213,896,293,277,356,726,945,790,606,435,510,635,1477,947,127,530,952,563,379,548,231,581,416,440,1169,1385,2409,467,851,199,1017,871,159,488,1004,590,208,632,335,695,840,568,945,312,618
377,274,105,53,325,60,296,94,109,117,284,359,606,108,185,184,251,549,342,42,166,319,187,129,196,67,207,155,167,408,502,888,171,302,75,388,295,43,157,324,183,76,260,130,235,308,196,345,130,212
318,215,96,45,260,65,275,89,70,123,245,261,435,185,61,137,187,487,265,31,152,283,172,97,168,62,153,129,130,323,377,733,135,269,47,267,283,51,141,274,195,53,196,97,203,246,180,272,91,177
351,246,102,45,288,68,279,99,83,115,250,285,510,184,137,83,191,513,282,38,171,293,180,91,175,73,180,133,142,353,428,834,155,271,75,311,285,51,132,295,190,56,251,108,215,264,173,325,114,198
345,322,139,63,373,87,377,125,119,143,324,396,635,251,187,191,122,620,357,48,198,375,209,152,236,95,254,157,204,429,528,1002,172,368,75,332,373,62,208,406,265,60,304,121,293,344,213,376,114,253
806,787,364,139,855,219,889,296,279,336,711,1017,1477,549,487,513,620,792,937,112,520,928,515,361,558,250,595,420,463,1134,1423,2380,501,846,192,983,847,164,454,959,645,197,634,337,725,853,559,941,323,606
497,411,201,93,509,118,499,146,165,227,438,638,947,342,265,282,357,937,236,64,304,477,287,206,321,140,335,237,257,625,762,1396,280,430,112,506,499,81,260,557,315,106,414,211,414,470,323,511,211,334
63,51,31,14,61,22,59,16,23,28,52,81,127,42,31,38,48,112,64,2,28,58,27,25,31,19,35,34,32,98,93,195,33,56,11,69,63,8,36,49,41,15,37,21,38,63,41,66,20,35
312,244,113,57,316,66,282,85,97,126,257,361,530,166,152,171,198,520,304,28,62,285,183,110,178,69,171,121,146,361,411,775,158,273,60,287,282,44,133,311,183,44,233,117,229,270,154,308,111,201
503,422,184,89,487,111,503,170,175,221,457,594,952,319,283,293,375,928,477,58,285,282,294,184,345,120,337,256,268,651,793,1411,274,475,119,544,472,75,286,571,311,101,420,182,403,472,316,514,203,335
371,246,108,45,271,68,288,85,86,132,241,333,563,187,172,180,209,515,287,27,183,294,81,103,185,83,221,151,157,381,448,854,163,247,51,344,270,56,157,314,217,71,241,121,239,270,154,360,111,211
224,159,81,27,207,50,178,58,67,80,173,250,379,129,97,91,152,361,206,25,110,184,103,30,126,53,143,108,104,214,308,540,107,190,56,216,163,38,101,188,123,49,140,68,135,194,116,207,73,118
362,272,138,47,343,66,304,103,110,148,272,373,548,196,168,175,236,558,321,31,178,345,185,126,102,87,210,165,136,397,507,910,176,269,58,341,293,70,163,364,225,78,255,132,238,313,203,351,120,234
133,98,35,21,133,32,121,35,38,44,102,138,231,67,62,73,95,250,140,19,69,120,83,53,87,17,84,68,56,159,195,372,74,138,36,132,117,25,72,126,85,39,105,49,80,126,57,128,47,76
376,262,113,69,341,88,329,106,109,131,294,375,581,207,153,180,254,595,335,35,171,337,221,143,210,84,123,163,163,444,511,898,183,333,72,372,308,70,158,371,244,68,258,126,242,310,183,397,119,228
287,203,100,41,233,47,232,75,77,124,204,232,416,155,129,133,157,420,237,34,121,256,151,108,165,68,163,37,124,283,369,654,141,208,50,234,214,29,129,229,136,53,182,115,196,209,135,257,85,159
292,204,98,55,257,63,283,72,79,101,207,295,440,167,130,142,204,463,257,32,146,268,157,104,136,56,163,124,66,301,401,701,134,235,51,258,268,32,137,266,179,53,188,89,192,230,133,268,93,180
547,508,238,124,608,173,606,177,194,242,542,742,1169,408,323,353,429,1134,625,98,361,651,381,214,397,159,444,283,301,401,918,1779,377,617,152,682,595,88,317,643,385,135,466,270,499,565,427,660,223,377
670,690,268,128,758,169,760,224,241,301,648,888,1385,502,377,428,528,1423,762,93,411,793,448,308,507,195,511,369,401,918,613,2070,388,702,154,781,741,144,386,831,486,160,591,303,621,676,481,782,267,521
1202,1250,536,206,1378,268,1295,415,477,532,1097,1605,2409,888,733,834,1002,2380,1396,195,775,1411,854,540,910,372,898,654,701,1779,2070,1857,710,1281,286,1499,1261,244,677,1451,892,308,1028,514,1071,1280,867,1406,499,949
244,243,106,39,275,53,254,89,83,117,218,289,467,171,135,155,172,501,280,33,158,274,163,107,176,74,183,141,134,377,388,710,78,237,48,308,250,56,142,269,202,62,198,89,207,228,167,272,100,190
479,398,190,60,460,91,457,151,162,182,367,538,851,302,269,271,368,846,430,56,273,475,247,190,269,138,333,208,235,617,702,1281,237,211,111,493,429,82,251,499,312,102,363,192,362,427,298,456,176,349
115,94,36,20,112,28,105,28,33,49,95,117,199,75,47,75,75,192,112,11,60,119,51,56,58,36,72,50,51,152,154,286,48,111,7,109,118,14,54,132,89,31,74,40,92,93,67,117,37,75
495,458,190,87,537,109,551,150,180,211,456,606,1017,388,267,311,332,983,506,69,287,544,344,216,341,132,372,234,258,682,781,1499,308,493,109,233,543,84,243,563,361,90,424,202,457,479,317,578,212,339
486,372,192,86,440,96,439,150,161,181,388,502,871,295,283,285,373,847,499,63,282,472,270,163,293,117,308,214,268,595,741,1261,250,429,118,543,214,83,239,472,306,107,367,155,412,419,303,462,183,328
79,62,26,15,87,15,81,29,27,37,61,93,159,43,51,51,62,164,81,8,44,75,56,38,70,25,70,29,32,88,144,244,56,82,14,84,83,2,45,96,58,24,66,24,83,68,60,85,33,54
234,195,95,48,252,57,231,70,82,104,210,278,488,157,141,132,208,454,260,36,133,286,157,101,163,72,158,129,137,317,386,677,142,251,54,243,239,45,55,269,152,48,189,96,217,265,156,257,111,182
489,468,205,79,544,116,516,173,172,213,449,595,1004,324,274,295,406,959,557,49,311,571,314,188,364,126,371,229,266,643,831,1451,269,499,132,563,472,96,269,301,373,102,401,195,404,454,335,587,203,350
313,306,134,58,330,69,314,96,108,156,279,350,590,183,195,190,265,645,315,41,183,311,217,123,225,85,244,136,179,385,486,892,202,312,89,361,306,58,152,373,103,74,243,127,266,316,203,350,124,239
107,85,44,21,103,24,98,33,28,49,95,119,208,76,53,56,60,197,106,15,44,101,71,49,78,39,68,53,53,135,160,308,62,102,31,90,107,24,48,102,74,9,104,41,81,101,73,117,42,75
360,313,171,48,380,82,355,125,126,145,330,402,632,260,196,251,304,634,414,37,233,420,241,140,255,105,258,182,188,466,591,1028,198,363,74,424,367,66,189,401,243,104,142,171,319,329,245,379,137,252
192,169,63,28,207,57,203,52,64,82,164,195,335,130,97,108,121,337,211,21,117,182,121,68,132,49,126,115,89,270,303,514,89,192,40,202,155,24,96,195,127,41,171,20,155,176,118,194,77,130
455,290,161,73,396,86,379,137,143,171,337,444,695,235,203,215,293,725,414,38,229,403,239,135,238,80,242,196,192,499,621,1071,207,362,92,457,412,83,217,404,266,81,319,155,149,395,248,424,151,287
400,428,163,65,464,87,471,140,161,185,361,531,840,308,246,264,344,853,470,63,270,472,270,194,313,126,310,209,230,565,676,1280,228,427,93,479,419,68,265,454,316,101,329,176,395,186,312,454,184,291
337,261,136,54,342,77,320,95,108,125,260,359,568,196,180,173,213,559,323,41,154,316,154,116,203,57,183,135,133,427,481,867,167,298,67,317,303,60,156,335,203,73,245,118,248,312,105,338,132,218
508,493,210,90,543,101,487,146,155,198,443,564,945,345,272,325,376,941,511,66,308,514,360,207,351,128,397,257,268,660,782,1406,272,456,117,578,462,85,257,587,350,117,379,194,424,454,338,294,213,353
178,159,72,33,189,48,190,60,56,81,171,181,312,130,91,114,114,323,211,20,111,203,111,73,120,47,119,85,93,223,267,499,100,176,37,212,183,33,111,203,124,42,137,77,151,184,132,213,26,122
377,294,139,53,354,84,320,132,100,161,301,363,618,212,177,198,253,606,334,35,201,335,211,118,234,76,228,159,180,377,521,949,190,349,75,339,328,54,182,350,239,75,252,130,287,291,218,353,122,123
