274,449,238,99,525,128,497,192,176,266,485,492,784,394,328,349,383,817,524,66,316,561,365,192,390,138,392,288,293,608,698,1150,251,481,110,525,487,80,259,456,339,122,394,182,436,432,334,468,181,380
449,212,161,80,423,110,451,127,167,194,380,476,738,285,229,241,276,708,430,59,217,459,270,170,311,112,294,193,238,509,649,1230,246,437,102,487,408,68,196,443,272,74,295,170,342,410,288,430,177,301
238,161,39,40,180,53,231,65,78,86,188,229,375,142,102,107,167,371,192,23,103,195,111,77,148,53,125,82,100,230,302,582,111,197,49,208,190,36,113,206,133,49,146,69,175,178,127,222,93,130
99,80,40,11,89,14,82,35,32,44,72,95,139,69,58,53,67,135,92,10,59,104,67,44,56,18,63,40,47,107,133,215,35,93,19,95,78,15,44,84,64,20,64,35,67,75,62,85,38,67
525,423,180,89,249,104,508,165,159,192,426,542,922,354,259,297,347,925,530,64,260,538,308,207,357,110,323,232,257,629,719,1363,254,489,129,453,502,73,260,503,356,109,397,188,426,484,327,518,182,365
128,110,53,14,104,9,100,42,41,46,87,124,179,86,67,70,89,178,110,14,73,136,89,52,89,32,89,54,63,124,171,288,69,112,19,115,108,20,62,114,65,24,85,45,119,86,81,116,45,88
497,451,231,82,508,100,207,152,163,194,409,529,871,320,273,305,321,861,485,62,300,486,313,200,310,109,326,232,260,598,764,1339,272,467,103,516,432,87,237,524,331,103,375,188,374,422,322,498,160,348
192,127,65,35,165,42,152,18,59,65,140,167,264,119,94,101,109,275,131,18,87,157,91,64,89,41,109,78,77,177,220,418,83,146,38,169,139,34,80,170,106,36,127,63,123,152,103,166,55,98
176,167,78,32,159,41,163,59,27,70,142,171,275,95,82,93,100,295,156,22,87,174,94,79,105,43,112,77,80,247,253,459,104,167,41,173,175,30,88,178,103,33,124,80,138,171,104,163,54,109
266,194,86,44,192,46,194,65,70,29,168,217,372,153,127,120,174,351,219,29,102,233,155,92,122,57,153,111,104,268,325,556,118,214,39,234,201,43,103,197,131,37,171,78,166,181,134,186,65,156
485,380,188,72,426,87,409,140,142,168,164,473,766,314,239,258,348,761,465,56,208,474,253,175,260,108,289,192,235,591,672,1156,241,399,92,456,381,69,206,396,263,88,318,158,357,347,255,405,128,307
492,476,229,95,542,124,529,167,171,217,473,321,1019,351,284,302,391,990,575,71,317,574,327,223,354,123,362,274,248,705,825,1560,311,517,112,569,503,80,260,546,391,111,398,202,422,506,356,597,197,361
784,738,375,139,922,179,871,264,275,372,766,1019,789,570,470,498,649,1425,923,122,534,934,533,344,576,233,605,437,476,1072,1333,2290,434,817,202,992,831,153,445,960,601,194,676,321,710,830,546,900,307,571
394,285,142,69,354,86,320,119,95,153,314,351,570,110,172,188,246,578,340,28,155,359,191,154,228,87,202,149,157,426,509,887,203,342,65,313,312,58,189,333,233,64,236,121,261,296,212,322,113,228
328,229,102,58,259,67,273,94,82,127,239,284,470,172,70,154,209,501,273,36,142,275,162,117,169,51,156,128,142,327,412,723,142,248,64,290,274,35,139,322,180,48,207,109,228,258,170,259,108,199
349,241,107,53,297,70,305,101,93,120,258,302,498,188,154,84,202,517,327,34,177,335,171,133,187,52,178,145,157,342,445,776,163,265,71,300,262,36,151,325,218,60,215,109,253,271,176,301,122,195
383,276,167,67,347,89,321,109,100,174,348,391,649,246,209,202,124,663,389,49,210,385,236,137,227,89,221,170,177,454,541,992,213,334,84,377,351,61,185,385,217,79,275,137,267,355,225,357,143,287
817,708,371,135,925,178,861,275,295,351,761,990,1425,578,501,517,663,807,929,129,506,927,530,349,564,235,619,427,484,1071,1315,2384,455,848,228,1008,811,167,475,952,574,205,669,317,751,827,565,920,323,601
524,430,192,92,530,110,485,131,156,219,465,575,923,340,273,327,389,929,254,63,264,492,322,199,341,127,330,253,255,629,797,1417,293,466,114,577,433,88,243,550,312,107,412,188,419,494,300,537,180,355
66,59,23,10,64,14,62,18,22,29,56,71,122,28,36,34,49,129,63,6,33,72,47,33,52,16,40,29,36,84,92,180,27,58,12,77,61,9,30,72,43,12,48,22,62,74,36,71,17,58
316,217,103,59,260,73,300,87,87,102,208,317,534,155,142,177,210,506,264,33,77,263,169,104,197,63,188,127,155,353,440,782,157,291,61,281,287,31,153,306,165,55,233,121,229,260,167,275,114,179
561,459,195,104,538,136,486,157,174,233,474,574,934,359,275,335,385,927,492,72,263,259,313,199,363,125,353,231,278,620,743,1403,301,497,106,558,502,82,250,562,359,116,390,203,391,472,332,534,179,373
365,270,111,67,308,89,313,91,94,155,253,327,533,191,162,171,236,530,322,47,169,313,95,128,196,70,183,124,170,360,468,845,142,286,70,331,263,37,128,317,173,68,258,98,234,299,186,306,124,223
192,170,77,44,207,52,200,64,79,92,175,223,344,154,117,133,137,349,199,33,104,199,128,46,140,49,120,96,108,254,294,541,92,195,39,204,182,39,88,174,130,44,146,68,158,195,138,204,71,140
390,311,148,56,357,89,310,89,105,122,260,354,576,228,169,187,227,564,341,52,197,363,196,140,99,72,209,159,184,415,518,959,212,317,83,346,319,57,152,352,223,69,240,116,255,308,218,344,117,215
138,112,53,18,110,32,109,41,43,57,108,123,233,87,51,52,89,235,127,16,63,125,70,49,72,16,60,45,74,148,182,363,73,98,16,141,104,24,62,128,69,24,86,40,92,121,69,115,46,95
392,294,125,63,323,89,326,109,112,153,289,362,605,202,156,178,221,619,330,40,188,353,183,120,209,60,101,149,183,418,516,980,209,273,64,352,280,50,171,365,190,75,277,115,277,317,195,393,129,240
288,193,82,40,232,54,232,78,77,111,192,274,437,149,128,145,170,427,253,29,127,231,124,96,159,45,149,57,112,298,345,671,134,217,53,251,234,37,131,269,151,52,195,87,171,211,154,271,91,162
293,238,100,47,257,63,260,77,80,104,235,248,476,157,142,157,177,484,255,36,155,278,170,108,184,74,183,112,67,327,376,697,135,255,56,249,239,41,129,272,161,64,193,91,218,245,164,296,111,196
608,509,230,107,629,124,598,177,247,268,591,705,1072,426,327,342,454,1071,629,84,353,620,360,254,415,148,418,298,327,373,912,1707,308,574,150,638,541,90,308,653,427,113,496,238,509,574,358,642,232,404
698,649,302,133,719,171,764,220,253,325,672,825,1333,509,412,445,541,1315,797,92,440,743,468,294,518,182,516,345,376,912,540,2054,424,679,181,802,743,132,384,826,522,176,561,262,620,668,472,759,253,468
1150,1230,582,215,1363,288,1339,418,459,556,1156,1560,2290,887,723,776,992,2384,1417,180,782,1403,845,541,959,363,980,671,697,1707,2054,1810,651,1308,297,1551,1285,236,668,1499,927,310,1015,534,1184,1261,891,1372,473,896
251,246,111,35,254,69,272,83,104,118,241,311,434,203,142,163,213,455,293,27,157,301,142,92,212,73,209,134,135,308,424,651,61,253,60,303,234,50,144,298,171,54,204,93,243,241,175,293,103,187
481,437,197,93,489,112,467,146,167,214,399,517,817,342,248,265,334,848,466,58,291,497,286,195,317,98,273,217,255,574,679,1308,253,219,90,448,444,67,218,509,324,87,345,197,407,422,319,484,176,318
110,102,49,19,129,19,103,38,41,39,92,112,202,65,64,71,84,228,114,12,61,106,70,39,83,16,64,53,56,150,181,297,60,90,14,129,96,13,54,117,80,17,76,48,96,105,79,120,37,79
525,487,208,95,453,115,516,169,173,234,456,569,992,313,290,300,377,1008,577,77,281,558,331,204,346,141,352,251,249,638,802,1551,303,448,129,268,504,87,256,598,362,131,438,190,425,495,333,581,215,366
487,408,190,78,502,108,432,139,175,201,381,503,831,312,274,262,351,811,433,61,287,502,263,182,319,104,280,234,239,541,743,1285,234,444,96,504,205,83,222,460,320,87,326,179,359,413,287,457,177,349
80,68,36,15,73,20,87,34,30,43,69,80,153,58,35,36,61,167,88,9,31,82,37,39,57,24,50,37,41,90,132,236,50,67,13,87,83,5,42,90,68,10,66,32,60,80,48,91,22,57
259,196,113,44,260,62,237,80,88,103,206,260,445,189,139,151,185,475,243,30,153,250,128,88,152,62,171,131,129,308,384,668,144,218,54,256,222,42,62,246,144,57,205,99,194,251,153,252,85,178
456,443,206,84,503,114,524,170,178,197,396,546,960,333,322,325,385,952,550,72,306,562,317,174,352,128,365,269,272,653,826,1499,298,509,117,598,460,90,246,282,383,112,404,185,384,468,330,575,172,345
339,272,133,64,356,65,331,106,103,131,263,391,601,233,180,218,217,574,312,43,165,359,173,130,223,69,190,151,161,427,522,927,171,324,80,362,320,68,144,383,116,61,273,126,253,288,207,350,112,233
122,74,49,20,109,24,103,36,33,37,88,111,194,64,48,60,79,205,107,12,55,116,68,44,69,24,75,52,64,113,176,310,54,87,17,131,87,10,57,112,61,16,74,50,99,102,58,118,34,74
394,295,146,64,397,85,375,127,124,171,318,398,676,236,207,215,275,669,412,48,233,390,258,146,240,86,277,195,193,496,561,1015,204,345,76,438,326,66,205,404,273,74,146,139,323,349,229,424,147,264
182,170,69,35,188,45,188,63,80,78,158,202,321,121,109,109,137,317,188,22,121,203,98,68,116,40,115,87,91,238,262,534,93,197,48,190,179,32,99,185,126,50,139,29,125,163,99,181,66,137
436,342,175,67,426,119,374,123,138,166,357,422,710,261,228,253,267,751,419,62,229,391,234,158,255,92,277,171,218,509,620,1184,243,407,96,425,359,60,194,384,253,99,323,125,163,394,256,422,143,281
432,410,178,75,484,86,422,152,171,181,347,506,830,296,258,271,355,827,494,74,260,472,299,195,308,121,317,211,245,574,668,1261,241,422,105,495,413,80,251,468,288,102,349,163,394,189,280,498,165,324
334,288,127,62,327,81,322,103,104,134,255,356,546,212,170,176,225,565,300,36,167,332,186,138,218,69,195,154,164,358,472,891,175,319,79,333,287,48,153,330,207,58,229,99,256,280,108,319,116,190
468,430,222,85,518,116,498,166,163,186,405,597,900,322,259,301,357,920,537,71,275,534,306,204,344,115,393,271,296,642,759,1372,293,484,120,581,457,91,252,575,350,118,424,181,422,498,319,270,180,346
181,177,93,38,182,45,160,55,54,65,128,197,307,113,108,122,143,323,180,17,114,179,124,71,117,46,129,91,111,232,253,473,103,176,37,215,177,22,85,172,112,34,147,66,143,165,116,180,32,113
380,301,130,67,365,88,348,98,109,156,307,361,571,228,199,195,287,601,355,58,179,373,223,140,215,95,240,162,196,404,468,896,187,318,79,366,349,57,178,345,233,74,264,137,281,324,190,346,113,129
