258,430,193,98,484,129,479,195,169,230,444,509,811,395,336,342,372,822,477,78,347,530,364,222,371,159,374,284,306,580,700,1153,256,459,105,528,494,65,248,483,321,96,367,180,427,413,311,512,176,356
430,184,173,78,465,100,412,120,124,178,388,460,772,270,211,203,293,796,445,46,208,470,241,182,292,96,274,208,215,511,664,1268,223,378,97,433,403,82,187,495,338,101,325,157,327,446,254,418,159,312
193,173,33,37,188,45,212,63,78,85,162,229,353,137,104,103,142,354,190,25,98,203,110,98,130,53,128,99,97,228,288,542,117,192,43,191,188,24,94,235,138,47,161,73,193,179,124,205,68,115
98,78,37,6,62,22,79,31,33,28,62,94,148,52,43,43,61,147,74,8,56,88,53,23,49,27,53,41,35,99,120,219,39,87,21,82,76,19,40,80,55,17,51,25,71,72,60,75,26,48
484,465,188,62,289,91,471,153,159,214,436,546,916,327,312,315,364,907,496,64,274,511,315,202,392,128,356,244,280,630,820,1401,263,452,121,541,468,100,238,576,357,113,397,180,451,482,328,526,179,333
129,100,45,22,91,12,97,29,40,50,76,133,184,64,62,66,73,184,98,11,69,107,79,41,72,30,77,41,59,122,151,290,53,103,29,135,107,20,50,109,71,26,76,35,92,104,72,121,35,84
479,412,212,79,471,97,233,149,171,201,411,500,860,284,260,272,368,850,464,59,296,472,292,157,315,107,295,244,233,600,667,1353,254,423,113,522,400,74,240,473,301,83,331,181,417,437,322,467,169,356
195,120,63,31,153,29,149,24,64,61,115,178,313,106,81,81,120,279,135,23,86,142,94,60,101,40,108,66,76,204,214,439,87,129,26,181,144,29,66,167,99,35,126,59,137,134,102,163,64,105
169,124,78,33,159,40,171,64,27,83,142,164,299,107,82,93,119,285,165,15,93,157,112,64,113,33,99,64,99,217,232,462,84,169,43,171,161,32,71,191,114,34,138,55,153,134,107,156,68,135
230,178,85,28,214,50,201,61,83,45,197,222,332,142,114,121,147,336,215,21,98,218,123,75,149,55,156,111,102,268,311,594,105,218,45,224,189,31,91,184,132,39,155,65,186,186,129,209,73,144
444,388,162,62,436,76,411,115,142,197,219,481,740,286,225,249,299,724,423,50,253,443,281,166,262,110,282,200,220,529,624,1158,179,374,104,467,377,69,197,455,260,86,312,147,353,387,267,418,158,298
509,460,229,94,546,133,500,178,164,222,481,306,995,360,287,326,400,1053,543,74,315,593,330,201,355,150,372,259,284,690,855,1496,308,480,130,620,511,103,311,565,362,113,383,220,453,572,365,591,215,409
811,772,353,148,916,184,860,313,299,332,740,995,811,599,470,520,652,1457,903,99,496,922,554,361,618,244,628,421,470,1141,1380,2329,485,865,207,1000,867,164,461,912,581,188,655,330,761,852,585,930,300,599
395,270,137,52,327,64,284,106,107,142,286,360,599,103,190,204,228,595,321,38,171,294,187,110,220,75,190,151,134,376,500,944,186,303,77,355,293,40,149,346,187,57,250,121,230,299,225,339,142,243
336,211,104,43,312,62,260,81,82,114,225,287,470,190,65,125,200,473,315,38,145,280,141,103,202,66,161,129,129,297,411,730,158,265,76,280,256,46,141,272,180,48,217,97,221,239,180,269,100,192
342,203,103,43,315,66,272,81,93,121,249,326,520,204,125,68,231,512,312,44,172,306,150,116,193,69,186,139,132,318,461,813,172,270,61,310,274,60,146,310,192,57,262,115,216,280,190,298,118,194
372,293,142,61,364,73,368,120,119,147,299,400,652,228,200,231,120,656,353,62,197,369,224,163,238,88,237,176,172,426,528,965,200,337,93,363,361,55,189,384,259,65,273,129,310,323,267,407,151,247
822,796,354,147,907,184,850,279,285,336,724,1053,1457,595,473,512,656,793,894,107,491,889,569,387,585,237,627,425,450,1132,1258,2386,495,812,204,1028,892,155,415,884,577,194,633,371,737,783,580,923,317,574
477,445,190,74,496,98,464,135,165,215,423,543,903,321,315,312,353,894,262,80,272,527,310,175,330,125,374,219,240,637,765,1414,290,455,126,548,443,71,232,530,327,93,395,187,420,489,304,591,209,336
78,46,25,8,64,11,59,23,15,21,50,74,99,38,38,44,62,107,80,7,38,89,45,27,42,15,46,20,33,93,116,170,35,73,11,64,56,11,37,57,46,18,42,20,57,48,31,84,20,35
347,208,98,56,274,69,296,86,93,98,253,315,496,171,145,172,197,491,272,38,74,296,187,113,171,57,187,127,151,328,420,744,141,253,61,279,280,41,146,291,163,58,226,90,226,269,181,292,106,180
530,470,203,88,511,107,472,142,157,218,443,593,922,294,280,306,369,889,527,89,296,280,283,184,325,121,358,243,244,616,755,1426,301,472,115,562,467,79,260,537,350,111,391,195,402,480,300,542,178,367
364,241,110,53,315,79,292,94,112,123,281,330,554,187,141,150,224,569,310,45,187,283,93,127,184,81,181,144,160,384,454,836,169,285,65,320,274,52,154,288,212,57,259,102,243,286,179,303,111,183
222,182,98,23,202,41,157,60,64,75,166,201,361,110,103,116,163,387,175,27,113,184,127,39,142,47,125,98,86,223,282,546,91,197,44,217,187,31,101,221,139,43,137,71,157,207,117,177,58,131
371,292,130,49,392,72,315,101,113,149,262,355,618,220,202,193,238,585,330,42,171,325,184,142,97,83,212,163,178,400,499,993,168,341,86,345,312,51,166,389,231,71,239,125,251,323,215,308,139,203
159,96,53,27,128,30,107,40,33,55,110,150,244,75,66,69,88,237,125,15,57,121,81,47,83,20,79,78,48,148,175,382,60,126,30,145,132,13,78,126,75,33,106,48,105,133,81,135,54,75
374,274,128,53,356,77,295,108,99,156,282,372,628,190,161,186,237,627,374,46,187,358,181,125,212,79,109,158,181,399,499,988,177,314,84,348,304,50,171,358,225,74,280,118,253,323,220,344,107,226
284,208,99,41,244,41,244,66,64,111,200,259,421,151,129,139,176,425,219,20,127,243,144,98,163,78,158,57,109,285,357,687,116,226,58,268,217,39,121,262,157,46,193,91,207,236,169,264,95,173
306,215,97,35,280,59,233,76,99,102,220,284,470,134,129,132,172,450,240,33,151,244,160,86,178,48,181,109,55,297,375,720,169,202,50,254,230,44,128,275,149,55,181,99,219,246,166,263,98,176
580,511,228,99,630,122,600,204,217,268,529,690,1141,376,297,318,426,1132,637,93,328,616,384,223,400,148,399,285,297,399,966,1865,351,566,137,650,559,112,289,619,435,140,481,240,487,618,400,657,241,409
700,664,288,120,820,151,667,214,232,311,624,855,1380,500,411,461,528,1258,765,116,420,755,454,282,499,175,499,357,375,966,537,2049,406,676,153,777,677,130,369,794,477,145,568,287,596,678,509,797,280,479
1153,1268,542,219,1401,290,1353,439,462,594,1158,1496,2329,944,730,813,965,2386,1414,170,744,1426,836,546,993,382,988,687,720,1865,2049,1897,733,1339,313,1537,1289,232,714,1450,904,295,1039,540,1139,1200,939,1435,470,895
256,223,117,39,263,53,254,87,84,105,179,308,485,186,158,172,200,495,290,35,141,301,169,91,168,60,177,116,169,351,406,733,62,288,75,313,225,50,156,270,204,58,199,107,216,244,181,265,94,179
459,378,192,87,452,103,423,129,169,218,374,480,865,303,265,270,337,812,455,73,253,472,285,197,341,126,314,226,202,566,676,1339,288,223,101,476,415,84,211,514,295,78,334,156,394,406,285,468,164,317
105,97,43,21,121,29,113,26,43,45,104,130,207,77,76,61,93,204,126,11,61,115,65,44,86,30,84,58,50,137,153,313,75,101,17,127,97,21,61,107,75,17,84,52,91,100,77,111,47,82
528,433,191,82,541,135,522,181,171,224,467,620,1000,355,280,310,363,1028,548,64,279,562,320,217,345,145,348,268,254,650,777,1537,313,476,127,284,499,78,287,578,380,121,405,196,448,496,321,563,203,339
494,403,188,76,468,107,400,144,161,189,377,511,867,293,256,274,361,892,443,56,280,467,274,187,312,132,304,217,230,559,677,1289,225,415,97,499,212,67,228,482,287,90,359,163,365,434,301,474,154,313
65,82,24,19,100,20,74,29,32,31,69,103,164,40,46,60,55,155,71,11,41,79,52,31,51,13,50,39,44,112,130,232,50,84,21,78,67,4,38,85,67,18,63,35,63,81,54,93,29,54
248,187,94,40,238,50,240,66,71,91,197,311,461,149,141,146,189,415,232,37,146,260,154,101,166,78,171,121,128,289,369,714,156,211,61,287,228,38,65,234,158,60,180,93,204,232,168,264,93,178
483,495,235,80,576,109,473,167,191,184,455,565,912,346,272,310,384,884,530,57,291,537,288,221,389,126,358,262,275,619,794,1450,270,514,107,578,482,85,234,263,364,111,392,208,446,481,317,501,177,335
321,338,138,55,357,71,301,99,114,132,260,362,581,187,180,192,259,577,327,46,163,350,212,139,231,75,225,157,149,435,477,904,204,295,75,380,287,67,158,364,122,66,252,129,267,304,216,334,136,208
96,101,47,17,113,26,83,35,34,39,86,113,188,57,48,57,65,194,93,18,58,111,57,43,71,33,74,46,55,140,145,295,58,78,17,121,90,18,60,111,66,12,92,39,83,96,47,114,33,71
367,325,161,51,397,76,331,126,138,155,312,383,655,250,217,262,273,633,395,42,226,391,259,137,239,106,280,193,181,481,568,1039,199,334,84,405,359,63,180,392,252,92,149,144,296,373,230,394,127,264
180,157,73,25,180,35,181,59,55,65,147,220,330,121,97,115,129,371,187,20,90,195,102,71,125,48,118,91,99,240,287,540,107,156,52,196,163,35,93,208,129,39,144,43,162,156,108,225,82,130
427,327,193,71,451,92,417,137,153,186,353,453,761,230,221,216,310,737,420,57,226,402,243,157,251,105,253,207,219,487,596,1139,216,394,91,448,365,63,204,446,267,83,296,162,155,359,269,406,174,267
413,446,179,72,482,104,437,134,134,186,387,572,852,299,239,280,323,783,489,48,269,480,286,207,323,133,323,236,246,618,678,1200,244,406,100,496,434,81,232,481,304,96,373,156,359,202,283,457,144,288
311,254,124,60,328,72,322,102,107,129,267,365,585,225,180,190,267,580,304,31,181,300,179,117,215,81,220,169,166,400,509,939,181,285,77,321,301,54,168,317,216,47,230,108,269,283,108,348,115,218
512,418,205,75,526,121,467,163,156,209,418,591,930,339,269,298,407,923,591,84,292,542,303,177,308,135,344,264,263,657,797,1435,265,468,111,563,474,93,264,501,334,114,394,225,406,457,348,285,186,358
176,159,68,26,179,35,169,64,68,73,158,215,300,142,100,118,151,317,209,20,106,178,111,58,139,54,107,95,98,241,280,470,94,164,47,203,154,29,93,177,136,33,127,82,174,144,115,186,23,138
356,312,115,48,333,84,356,105,135,144,298,409,599,243,192,194,247,574,336,35,180,367,183,131,203,75,226,173,176,409,479,895,179,317,82,339,313,54,178,335,208,71,264,130,267,288,218,358,138,108
