268,440,198,79,510,99,441,186,162,220,462,519,804,372,293,310,379,784,522,74,295,503,306,214,336,143,396,315,270,598,693,1142,245,486,109,556,462,86,259,462,303,107,372,189,434,437,331,486,153,376
440,167,181,69,463,98,436,127,140,167,339,518,808,270,224,238,303,800,424,45,236,442,245,158,272,96,261,188,238,554,700,1246,237,391,109,461,401,83,217,442,282,87,361,153,332,377,255,437,169,294
198,181,27,34,212,52,188,57,66,83,174,268,359,130,98,99,141,333,192,22,116,188,103,83,128,38,116,101,91,226,303,585,103,171,43,197,192,32,87,217,116,40,154,66,155,191,115,217,63,125
79,69,34,2,78,12,66,27,19,32,68,107,139,49,53,57,61,152,86,9,55,87,47,27,45,17,57,44,53,95,116,238,34,69,21,89,62,15,35,85,62,13,56,30,67,81,40,81,33,63
510,463,212,78,273,108,474,163,148,230,444,566,895,360,264,293,389,904,551,56,278,540,290,217,355,139,335,214,261,658,707,1445,247,470,107,567,437,75,273,558,352,118,376,171,436,493,315,511,170,355
99,98,52,12,108,10,102,40,33,60,87,134,178,76,59,55,85,185,112,9,56,111,69,46,72,29,76,59,75,135,148,264,53,102,26,119,112,18,58,102,79,18,81,31,93,96,51,117,37,78
441,436,188,66,474,102,213,147,144,178,405,530,855,302,235,270,312,862,463,70,239,505,290,186,319,126,339,232,242,604,715,1342,266,432,102,527,452,84,228,520,303,98,374,154,360,437,295,465,187,330
186,127,57,27,163,40,147,19,39,61,117,177,298,105,90,93,120,291,142,20,67,142,68,71,101,48,111,69,67,170,202,414,85,124,30,157,155,33,70,179,110,25,130,47,127,147,86,171,61,111
162,140,66,19,148,33,144,39,24,67,141,220,303,113,85,92,111,309,150,15,89,169,99,64,106,40,102,68,72,224,229,420,84,132,30,162,158,26,73,173,104,33,109,62,140,153,86,147,48,116
220,167,83,32,230,60,178,61,67,49,180,213,353,136,130,138,146,364,212,24,129,222,129,87,148,50,140,93,102,270,327,539,110,201,54,207,185,37,102,200,147,30,175,89,161,184,131,208,67,144
462,339,174,68,444,87,405,117,141,180,166,464,712,274,243,264,282,725,421,52,231,454,249,164,295,97,278,196,235,509,640,1119,218,383,110,445,395,76,210,425,293,75,347,170,339,383,268,427,138,279
519,518,268,107,566,134,530,177,220,213,464,330,1021,361,307,298,427,1040,551,54,288,545,347,191,372,125,355,246,264,687,845,1591,300,537,140,656,518,96,305,598,376,112,428,228,453,524,363,618,216,388
804,808,359,139,895,178,855,298,303,353,712,1021,775,598,438,492,667,1438,923,111,497,955,501,366,641,249,657,415,459,1192,1372,2469,447,839,208,940,829,164,467,1021,628,198,681,332,734,837,563,941,319,601
372,270,130,49,360,76,302,105,113,136,274,361,598,98,186,195,206,581,365,42,190,334,167,121,230,93,205,134,166,437,506,934,172,352,71,319,287,63,159,356,232,63,263,143,279,287,206,329,142,219
293,224,98,53,264,59,235,90,85,130,243,307,438,186,65,157,199,462,246,28,141,244,138,112,164,61,153,121,139,290,388,785,139,235,56,280,255,36,147,264,172,45,212,113,218,244,169,258,105,194
310,238,99,57,293,55,270,93,92,138,264,298,492,195,157,80,210,541,263,27,143,267,157,129,195,72,176,124,153,322,442,828,150,279,58,284,270,41,165,296,178,57,205,110,232,260,185,295,124,210
379,303,141,61,389,85,312,120,111,146,282,427,667,206,199,210,114,625,337,39,226,323,202,149,221,93,246,160,157,462,527,981,193,304,67,391,333,55,183,358,218,72,268,132,301,354,205,352,133,218
784,800,333,152,904,185,862,291,309,364,725,1040,1438,581,462,541,625,788,893,111,487,945,497,371,583,221,582,449,454,1122,1332,2461,477,845,194,938,859,161,451,981,569,189,661,343,727,854,576,873,319,576
522,424,192,86,551,112,463,142,150,212,421,551,923,365,246,263,337,893,261,57,274,491,269,183,352,125,345,231,258,681,781,1488,302,474,117,590,469,71,238,570,348,100,378,182,384,493,340,501,199,346
74,45,22,9,56,9,70,20,15,24,52,54,111,42,28,27,39,111,57,2,32,60,37,24,32,13,33,21,28,80,94,193,32,62,13,76,62,11,23,70,47,8,53,25,55,58,40,65,26,46
295,236,116,55,278,56,239,67,89,129,231,288,497,190,141,143,226,487,274,32,79,276,178,118,156,55,173,116,151,321,452,737,140,231,61,241,255,51,133,297,173,60,213,100,222,258,176,263,112,201
503,442,188,87,540,111,505,142,169,222,454,545,955,334,244,267,323,945,491,60,276,290,282,183,362,115,334,210,252,680,757,1495,292,483,108,563,489,80,232,581,340,102,381,187,408,481,328,508,197,333
306,245,103,47,290,69,290,68,99,129,249,347,501,167,138,157,202,497,269,37,178,282,76,102,172,75,194,123,158,355,438,846,135,280,74,302,266,43,160,313,194,55,208,128,231,273,179,302,101,188
214,158,83,27,217,46,186,71,64,87,164,191,366,121,112,129,149,371,183,24,118,183,102,37,117,56,151,95,108,256,284,558,97,193,33,215,176,30,93,216,115,43,154,80,165,181,115,204,70,143
336,272,128,45,355,72,319,101,106,148,295,372,641,230,164,195,221,583,352,32,156,362,172,117,105,86,210,140,191,412,508,908,166,332,75,341,318,68,162,366,227,68,272,126,243,282,189,334,118,221
143,96,38,17,139,29,126,48,40,50,97,125,249,93,61,72,93,221,125,13,55,115,75,56,86,14,67,52,63,144,167,371,66,122,29,120,128,18,67,142,80,19,91,59,107,114,68,129,40,91
396,261,116,57,335,76,339,111,102,140,278,355,657,205,153,176,246,582,345,33,173,334,194,151,210,67,95,129,186,401,505,945,166,325,81,350,314,50,175,383,202,75,265,150,259,290,184,332,109,239
315,188,101,44,214,59,232,69,68,93,196,246,415,134,121,124,160,449,231,21,116,210,123,95,140,52,129,57,109,297,306,685,125,235,62,242,240,31,115,270,160,51,192,82,210,247,135,232,78,164
270,238,91,53,261,75,242,67,72,102,235,264,459,166,139,153,157,454,258,28,151,252,158,108,191,63,186,109,76,304,389,685,137,223,64,246,254,46,124,273,158,60,204,95,208,238,159,289,89,179
598,554,226,95,658,135,604,170,224,270,509,687,1192,437,290,322,462,1122,681,80,321,680,355,256,412,144,401,297,304,398,963,1843,347,579,137,687,595,116,318,681,413,124,504,214,500,629,371,616,252,413
693,700,303,116,707,148,715,202,229,327,640,845,1372,506,388,442,527,1332,781,94,452,757,438,284,508,167,505,306,389,963,522,2047,388,685,184,844,742,136,379,810,500,166,537,299,641,714,475,734,280,517
1142,1246,585,238,1445,264,1342,414,420,539,1119,1591,2469,934,785,828,981,2461,1488,193,737,1495,846,558,908,371,945,685,685,1843,2047,1900,700,1290,332,1522,1302,220,721,1491,946,306,1031,553,1101,1244,913,1386,505,932
245,237,103,34,247,53,266,85,84,110,218,300,447,172,139,150,193,477,302,32,140,292,135,97,166,66,166,125,137,347,388,700,70,257,71,296,262,52,150,286,217,54,187,95,206,249,171,290,97,191
486,391,171,69,470,102,432,124,132,201,383,537,839,352,235,279,304,845,474,62,231,483,280,193,332,122,325,235,223,579,685,1290,257,215,96,525,474,79,230,470,301,104,373,177,388,445,278,500,160,338
109,109,43,21,107,26,102,30,30,54,110,140,208,71,56,58,67,194,117,13,61,108,74,33,75,29,81,62,64,137,184,332,71,96,12,117,117,19,55,146,81,22,95,36,99,109,75,117,42,69
556,461,197,89,567,119,527,157,162,207,445,656,940,319,280,284,391,938,590,76,241,563,302,215,341,120,350,242,246,687,844,1522,296,525,117,282,493,91,285,558,355,107,397,167,429,504,328,559,206,357
462,401,192,62,437,112,452,155,158,185,395,518,829,287,255,270,333,859,469,62,255,489,266,176,318,128,314,240,254,595,742,1302,262,474,117,493,234,79,234,497,323,105,349,183,389,410,271,513,177,331
86,83,32,15,75,18,84,33,26,37,76,96,164,63,36,41,55,161,71,11,51,80,43,30,68,18,50,31,46,116,136,220,52,79,19,91,79,10,51,106,58,14,71,32,72,85,60,86,35,61
259,217,87,35,273,58,228,70,73,102,210,305,467,159,147,165,183,451,238,23,133,232,160,93,162,67,175,115,124,318,379,721,150,230,55,285,234,51,55,265,184,55,209,89,192,245,157,260,118,167
462,442,217,85,558,102,520,179,173,200,425,598,1021,356,264,296,358,981,570,70,297,581,313,216,366,142,383,270,273,681,810,1491,286,470,146,558,497,106,265,283,380,118,363,190,476,492,347,556,186,324
303,282,116,62,352,79,303,110,104,147,293,376,628,232,172,178,218,569,348,47,173,340,194,115,227,80,202,160,158,413,500,946,217,301,81,355,323,58,184,380,104,69,251,142,279,308,208,356,136,216
107,87,40,13,118,18,98,25,33,30,75,112,198,63,45,57,72,189,100,8,60,102,55,43,68,19,75,51,60,124,166,306,54,104,22,107,105,14,55,118,69,12,73,38,81,100,68,99,36,58
372,361,154,56,376,81,374,130,109,175,347,428,681,263,212,205,268,661,378,53,213,381,208,154,272,91,265,192,204,504,537,1031,187,373,95,397,349,71,209,363,251,73,138,129,310,347,255,394,153,239
189,153,66,30,171,31,154,47,62,89,170,228,332,143,113,110,132,343,182,25,100,187,128,80,126,59,150,82,95,214,299,553,95,177,36,167,183,32,89,190,142,38,129,37,159,187,140,216,74,152
434,332,155,67,436,93,360,127,140,161,339,453,734,279,218,232,301,727,384,55,222,408,231,165,243,107,259,210,208,500,641,1101,206,388,99,429,389,72,192,476,279,81,310,159,172,346,255,437,145,270
437,377,191,81,493,96,437,147,153,184,383,524,837,287,244,260,354,854,493,58,258,481,273,181,282,114,290,247,238,629,714,1244,249,445,109,504,410,85,245,492,308,100,347,187,346,212,317,469,153,325
331,255,115,40,315,51,295,86,86,131,268,363,563,206,169,185,205,576,340,40,176,328,179,115,189,68,184,135,159,371,475,913,171,278,75,328,271,60,157,347,208,68,255,140,255,317,94,351,100,240
486,437,217,81,511,117,465,171,147,208,427,618,941,329,258,295,352,873,501,65,263,508,302,204,334,129,332,232,289,616,734,1386,290,500,117,559,513,86,260,556,356,99,394,216,437,469,351,260,184,343
153,169,63,33,170,37,187,61,48,67,138,216,319,142,105,124,133,319,199,26,112,197,101,70,118,40,109,78,89,252,280,505,97,160,42,206,177,35,118,186,136,36,153,74,145,153,100,184,34,121
376,294,125,63,355,78,330,111,116,144,279,388,601,219,194,210,218,576,346,46,201,333,188,143,221,91,239,164,179,413,517,932,191,338,69,357,331,61,167,324,216,58,239,152,270,325,240,343,121,135
