257,470,211,75,475,104,466,191,188,214,437,507,843,355,287,307,348,820,511,63,322,515,351,215,365,138,349,257,330,632,686,1217,244,491,100,507,458,80,241,463,315,113,367,162,426,424,301,456,155,356
470,170,169,78,438,89,388,125,147,175,349,466,765,268,247,258,298,762,417,51,244,423,271,174,292,91,275,203,202,531,684,1235,233,407,105,445,405,68,200,443,320,85,337,160,354,416,268,443,176,312
211,169,46,32,199,32,179,47,68,79,177,224,358,124,118,133,152,382,194,28,100,203,100,78,127,37,119,88,92,241,311,556,116,189,53,189,187,34,97,202,128,32,165,90,166,187,103,226,72,135
75,78,32,10,78,19,109,23,22,31,62,112,154,54,56,60,58,147,95,9,49,94,70,42,66,25,68,40,52,120,144,228,48,81,12,85,84,13,48,98,54,19,54,36,85,87,45,98,32,58
475,438,199,78,237,105,504,146,158,230,457,569,922,327,260,293,353,901,511,68,254,485,309,179,352,133,339,224,257,646,810,1457,292,508,118,559,467,88,241,524,363,118,383,181,366,499,316,524,188,348
104,89,32,19,105,10,98,33,41,52,81,148,201,74,63,70,71,191,118,6,70,107,73,45,81,18,67,58,52,133,181,284,50,88,18,124,92,19,57,116,89,24,79,41,86,93,62,118,41,70
466,388,179,109,504,98,229,150,144,205,386,524,887,325,290,251,352,850,473,66,280,455,312,178,313,125,306,246,259,593,698,1311,263,444,105,501,420,67,239,486,312,95,343,175,389,408,314,467,183,311
191,125,47,23,146,33,150,14,37,58,131,184,293,102,90,69,106,271,171,12,83,182,98,59,91,37,87,82,74,198,258,448,88,146,36,153,123,25,64,175,110,29,102,55,122,151,105,159,62,106
188,147,68,22,158,41,144,37,25,69,144,182,277,106,87,112,110,285,167,12,108,148,100,64,105,41,101,75,86,182,244,438,85,148,43,183,136,25,80,185,107,39,132,64,109,173,106,154,77,110
214,175,79,31,230,52,205,58,69,49,165,224,352,145,107,119,167,374,206,26,122,192,115,83,146,48,140,109,106,279,283,574,96,209,48,230,180,29,94,222,145,42,171,76,149,175,141,204,70,132
437,349,177,62,457,81,386,131,144,165,171,474,735,247,229,256,314,752,436,56,260,397,261,166,289,109,286,221,219,539,604,1173,213,419,98,493,392,59,220,415,260,84,340,125,335,366,250,424,154,290
507,466,224,112,569,148,524,184,182,224,474,288,1005,364,275,325,405,993,576,68,294,567,339,228,332,132,400,246,290,693,814,1542,287,520,121,585,518,92,276,622,382,112,432,224,445,511,322,599,202,372
843,765,358,154,922,201,887,293,277,352,735,1005,842,585,481,546,638,1459,917,121,487,941,540,365,593,222,607,459,432,1125,1385,2397,493,864,190,1009,893,156,479,966,589,186,679,333,774,832,585,905,360,635
355,268,124,54,327,74,325,102,106,145,247,364,585,107,176,194,240,567,318,51,196,327,205,141,222,65,196,144,172,403,480,921,194,306,65,313,308,48,170,352,226,55,233,112,247,282,215,326,137,227
287,247,118,56,260,63,290,90,87,107,229,275,481,176,84,142,197,485,267,35,132,290,172,121,192,74,192,109,139,336,438,695,166,258,69,267,255,33,146,266,170,50,215,94,261,227,160,305,116,180
307,258,133,60,293,70,251,69,112,119,256,325,546,194,142,66,201,517,273,38,157,295,176,126,195,70,196,120,142,338,454,818,184,274,79,251,279,41,125,298,187,46,236,105,246,280,186,309,117,208
348,298,152,58,353,71,352,106,110,167,314,405,638,240,197,201,122,687,363,35,235,364,237,141,252,88,203,156,185,446,537,995,215,343,86,360,327,72,191,367,221,86,249,147,301,345,221,376,142,214
820,762,382,147,901,191,850,271,285,374,752,993,1459,567,485,517,687,832,962,126,483,937,537,369,608,213,581,441,482,1112,1331,2361,483,840,196,1020,874,152,462,972,589,180,678,344,748,842,545,920,346,594
511,417,194,95,511,118,473,171,167,206,436,576,917,318,267,273,363,962,261,32,278,486,265,219,311,112,300,223,253,624,747,1322,270,473,125,525,479,84,277,499,314,110,377,195,396,462,327,485,199,328
63,51,28,9,68,6,66,12,12,26,56,68,121,51,35,38,35,126,32,4,31,54,26,31,49,17,52,29,37,66,87,179,26,73,17,64,66,11,31,67,40,11,48,36,63,67,35,63,22,51
322,244,100,49,254,70,280,83,108,122,260,294,487,196,132,157,235,483,278,31,90,291,169,123,161,79,198,128,135,323,391,808,139,250,63,289,269,43,157,302,176,53,256,91,218,252,174,317,94,185
515,423,203,94,485,107,455,182,148,192,397,567,941,327,290,295,364,937,486,54,291,281,288,214,313,118,367,226,298,597,761,1415,271,462,131,567,504,85,274,578,349,99,399,188,392,492,347,525,195,325
351,271,100,70,309,73,312,98,100,115,261,339,540,205,172,176,237,537,265,26,169,288,68,135,182,82,215,140,142,350,459,834,132,287,77,329,314,47,176,331,187,63,233,103,229,279,184,328,127,201
215,174,78,42,179,45,178,59,64,83,166,228,365,141,121,126,141,369,219,31,123,214,135,36,122,46,137,96,108,249,319,548,116,186,61,237,206,35,123,184,121,40,162,65,154,209,110,214,83,150
365,292,127,66,352,81,313,91,105,146,289,332,593,222,192,195,252,608,311,49,161,313,182,122,134,97,215,155,164,421,499,903,178,313,67,360,303,63,167,341,216,64,233,121,259,283,210,337,123,208
138,91,37,25,133,18,125,37,41,48,109,132,222,65,74,70,88,213,112,17,79,118,82,46,97,15,66,54,60,153,185,364,65,113,30,131,126,25,55,142,78,24,105,56,112,124,83,148,58,80
349,275,119,68,339,67,306,87,101,140,286,400,607,196,192,196,203,581,300,52,198,367,215,137,215,66,102,154,171,390,467,954,199,327,89,344,347,78,150,357,210,62,247,125,271,298,214,355,139,215
257,203,88,40,224,58,246,82,75,109,221,246,459,144,109,120,156,441,223,29,128,226,140,96,155,54,154,53,106,322,348,677,132,229,50,256,227,34,121,261,148,39,203,79,179,223,146,243,88,170
330,202,92,52,257,52,259,74,86,106,219,290,432,172,139,142,185,482,253,37,135,298,142,108,164,60,171,106,49,287,397,685,130,249,56,272,237,46,120,290,189,45,190,89,202,250,161,287,93,178
632,531,241,120,646,133,593,198,182,279,539,693,1125,403,336,338,446,1112,624,66,323,597,350,249,421,153,390,322,287,372,939,1713,360,566,154,692,575,101,317,660,418,141,477,227,490,586,358,629,238,445
686,684,311,144,810,181,698,258,244,283,604,814,1385,480,438,454,537,1331,747,87,391,761,459,319,499,185,467,348,397,939,526,2033,384,736,198,821,716,126,369,822,465,182,553,296,563,682,508,763,270,458
1217,1235,556,228,1457,284,1311,448,438,574,1173,1542,2397,921,695,818,995,2361,1322,179,808,1415,834,548,903,364,954,677,685,1713,2033,1807,693,1279,316,1508,1333,236,726,1444,857,300,1065,535,1152,1219,822,1371,474,927
244,233,116,48,292,50,263,88,85,96,213,287,493,194,166,184,215,483,270,26,139,271,132,116,178,65,199,132,130,360,384,693,64,254,63,290,272,40,147,262,171,55,207,104,231,245,159,296,96,199
491,407,189,81,508,88,444,146,148,209,419,520,864,306,258,274,343,840,473,73,250,462,287,186,313,113,327,229,249,566,736,1279,254,211,106,497,439,80,236,518,326,100,343,158,406,409,294,518,158,316
100,105,53,12,118,18,105,36,43,48,98,121,190,65,69,79,86,196,125,17,63,131,77,61,67,30,89,50,56,154,198,316,63,106,13,146,118,18,58,127,81,21,85,46,105,106,78,133,42,84
507,445,189,85,559,124,501,153,183,230,493,585,1009,313,267,251,360,1020,525,64,289,567,329,237,360,131,344,256,272,692,821,1508,290,497,146,267,482,93,250,572,333,120,409,198,408,502,317,479,203,346
458,405,187,84,467,92,420,123,136,180,392,518,893,308,255,279,327,874,479,66,269,504,314,206,303,126,347,227,237,575,716,1333,272,439,118,482,226,74,234,505,310,100,330,178,374,475,293,491,196,297
80,68,34,13,88,19,67,25,25,29,59,92,156,48,33,41,72,152,84,11,43,85,47,35,63,25,78,34,46,101,126,236,40,80,18,93,74,6,36,89,52,17,87,33,57,81,47,78,26,65
241,200,97,48,241,57,239,64,80,94,220,276,479,170,146,125,191,462,277,31,157,274,176,123,167,55,150,121,120,317,369,726,147,236,58,250,234,36,55,286,165,55,154,85,199,248,181,240,101,168
463,443,202,98,524,116,486,175,185,222,415,622,966,352,266,298,367,972,499,67,302,578,331,184,341,142,357,261,290,660,822,1444,262,518,127,572,505,89,286,248,353,113,403,188,428,533,344,533,202,382
315,320,128,54,363,89,312,110,107,145,260,382,589,226,170,187,221,589,314,40,176,349,187,121,216,78,210,148,189,418,465,857,171,326,81,333,310,52,165,353,106,67,244,109,271,278,198,356,131,219
113,85,32,19,118,24,95,29,39,42,84,112,186,55,50,46,86,180,110,11,53,99,63,40,64,24,62,39,45,141,182,300,55,100,21,120,100,17,55,113,67,6,70,32,78,106,68,118,38,66
367,337,165,54,383,79,343,102,132,171,340,432,679,233,215,236,249,678,377,48,256,399,233,162,233,105,247,203,190,477,553,1065,207,343,85,409,330,87,154,403,244,70,138,149,298,341,236,413,131,268
162,160,90,36,181,41,175,55,64,76,125,224,333,112,94,105,147,344,195,36,91,188,103,65,121,56,125,79,89,227,296,535,104,158,46,198,178,33,85,188,109,32,149,40,154,160,103,199,76,132
426,354,166,85,366,86,389,122,109,149,335,445,774,247,261,246,301,748,396,63,218,392,229,154,259,112,271,179,202,490,563,1152,231,406,105,408,374,57,199,428,271,78,298,154,167,394,252,406,175,276
424,416,187,87,499,93,408,151,173,175,366,511,832,282,227,280,345,842,462,67,252,492,279,209,283,124,298,223,250,586,682,1219,245,409,106,502,475,81,248,533,278,106,341,160,394,199,284,479,154,314
301,268,103,45,316,62,314,105,106,141,250,322,585,215,160,186,221,545,327,35,174,347,184,110,210,83,214,146,161,358,508,822,159,294,78,317,293,47,181,344,198,68,236,103,252,284,86,328,131,218
456,443,226,98,524,118,467,159,154,204,424,599,905,326,305,309,376,920,485,63,317,525,328,214,337,148,355,243,287,629,763,1371,296,518,133,479,491,78,240,533,356,118,413,199,406,479,328,265,186,374
155,176,72,32,188,41,183,62,77,70,154,202,360,137,116,117,142,346,199,22,94,195,127,83,123,58,139,88,93,238,270,474,96,158,42,203,196,26,101,202,131,38,131,76,175,154,131,186,35,121
356,312,135,58,348,70,311,106,110,132,290,372,635,227,180,208,214,594,328,51,185,325,201,150,208,80,215,170,178,445,458,927,199,316,84,346,297,65,168,382,219,66,268,132,276,314,218,374,121,115
