264,437,188,91,493,115,477,192,183,234,428,481,792,328,314,350,371,777,468,67,314,509,346,199,386,164,396,321,296,627,690,1166,247,481,99,492,475,79,257,456,310,116,373,185,418,415,326,485,165,386
437,164,155,68,470,97,420,131,158,182,364,454,796,285,220,256,302,824,407,49,213,423,259,163,275,105,277,183,229,571,659,1192,214,412,90,432,420,81,204,419,254,84,331,177,334,430,286,443,157,254
188,155,30,37,208,46,205,52,59,102,167,207,357,134,94,93,164,332,198,22,101,175,126,80,127,48,127,93,89,245,272,542,120,189,53,197,208,32,101,207,144,34,146,70,154,187,117,192,73,151
91,68,37,7,83,9,65,25,25,46,77,89,132,57,54,50,80,132,94,13,46,92,61,39,56,24,74,44,49,106,106,206,38,78,21,108,84,9,38,82,57,20,62,40,77,71,62,76,34,66
493,470,208,83,233,105,504,179,176,221,473,547,894,301,275,296,380,893,530,69,290,533,289,228,334,117,351,219,270,679,756,1440,280,461,114,518,476,81,267,513,343,104,398,185,412,466,336,537,199,359
115,97,46,9,105,11,86,37,38,43,95,120,176,71,66,70,100,183,112,18,49,105,67,47,70,35,83,56,58,138,138,278,50,101,27,130,107,23,50,111,74,25,77,44,103,122,79,97,36,64
477,420,205,65,504,86,210,149,161,222,387,522,846,301,259,305,379,875,490,57,243,484,299,198,322,128,350,241,236,630,719,1295,234,472,117,551,439,69,262,498,315,110,383,193,376,427,326,488,186,318
192,131,52,25,179,37,149,23,47,66,130,166,277,103,75,93,101,287,159,28,79,151,89,53,116,41,112,78,69,192,229,417,70,123,26,141,147,21,78,165,91,32,115,58,124,136,95,152,52,108
183,158,59,25,176,38,161,47,28,75,173,180,312,108,84,89,106,327,146,26,86,149,85,71,107,39,107,78,75,195,218,437,81,148,39,182,164,24,72,167,98,29,127,77,130,147,100,171,65,121
234,182,102,46,221,43,222,66,75,45,159,212,376,147,105,127,140,337,200,25,108,215,122,74,141,60,142,103,124,271,313,595,103,184,38,223,223,39,114,201,134,52,156,62,176,173,126,232,67,134
428,364,167,77,473,95,387,130,173,159,174,441,763,276,232,259,306,694,382,49,259,417,245,156,284,135,281,219,227,533,619,1123,210,407,86,433,418,75,205,439,281,85,339,154,332,420,287,412,151,249
481,454,207,89,547,120,522,166,180,212,441,347,1007,321,285,352,405,976,559,73,289,591,319,223,356,126,375,252,260,734,783,1487,308,498,131,580,542,99,279,599,385,115,438,199,423,533,346,582,200,336
792,796,357,132,894,176,846,277,312,376,763,1007,735,565,491,520,643,1361,925,116,544,926,524,379,596,226,583,442,489,1092,1367,2260,448,819,209,1007,860,173,427,1011,620,192,667,343,708,839,561,873,330,608
328,285,134,57,301,71,301,103,108,147,276,321,565,91,158,174,250,558,308,38,159,349,188,122,209,97,203,170,167,419,514,933,171,318,70,354,296,63,179,326,228,73,247,120,264,277,206,333,107,246
314,220,94,54,275,66,259,75,84,105,232,285,491,158,80,117,200,476,287,27,181,289,163,108,178,64,180,128,128,326,389,739,151,262,69,279,259,44,135,256,159,56,228,81,212,266,157,266,103,180
350,256,93,50,296,70,305,93,89,127,259,352,520,174,117,77,218,526,300,26,157,314,169,107,175,58,164,132,143,360,421,861,155,286,64,329,273,50,165,300,175,57,228,89,218,265,152,290,102,217
371,302,164,80,380,100,379,101,106,140,306,405,643,250,200,218,134,648,386,43,206,385,204,150,237,97,243,171,210,436,559,991,193,373,79,356,372,57,185,376,243,67,272,127,317,344,241,382,129,236
777,824,332,132,893,183,875,287,327,337,694,976,1361,558,476,526,648,776,916,122,537,900,548,355,598,237,602,433,464,1056,1252,2277,440,833,209,963,828,161,462,960,653,202,660,368,701,782,540,875,322,635
468,407,198,94,530,112,490,159,146,200,382,559,925,308,287,300,386,916,243,53,272,470,295,208,313,124,319,254,255,672,732,1366,280,492,113,550,485,88,238,505,321,89,427,189,405,486,320,567,177,328
67,49,22,13,69,18,57,28,26,25,49,73,116,38,27,26,43,122,53,3,31,53,38,28,46,17,37,32,27,76,96,203,41,60,14,48,49,7,38,59,35,11,45,22,48,52,38,68,26,39
314,213,101,46,290,49,243,79,86,108,259,289,544,159,181,157,206,537,272,31,67,258,188,95,191,86,195,119,131,307,429,809,162,261,50,283,228,40,139,289,196,45,234,107,218,258,178,305,98,172
509,423,175,92,533,105,484,151,149,215,417,591,926,349,289,314,385,900,470,53,258,248,304,201,336,135,351,215,250,668,770,1410,282,468,113,545,448,91,261,551,345,109,428,198,389,447,348,560,165,329
346,259,126,61,289,67,299,89,85,122,245,319,524,188,163,169,204,548,295,38,188,304,85,116,186,72,186,125,146,389,428,845,170,279,57,316,298,54,143,311,212,58,242,115,233,249,180,306,111,192
199,163,80,39,228,47,198,53,71,74,156,223,379,122,108,107,150,355,208,28,95,201,116,38,138,51,124,67,87,283,291,566,124,204,39,209,186,35,109,202,121,44,164,83,160,188,127,204,72,137
386,275,127,56,334,70,322,116,107,141,284,356,596,209,178,175,237,598,313,46,191,336,186,138,111,76,210,159,145,410,476,894,172,324,71,355,307,71,166,338,211,64,268,123,274,333,217,315,123,213
164,105,48,24,117,35,128,41,39,60,135,126,226,97,64,58,97,237,124,17,86,135,72,51,76,14,80,54,63,159,195,360,60,111,24,146,98,25,64,141,89,29,86,47,114,136,85,112,50,99
396,277,127,74,351,83,350,112,107,142,281,375,583,203,180,164,243,602,319,37,195,351,186,124,210,80,114,145,169,421,514,928,153,303,59,378,302,78,175,353,218,64,253,129,279,309,211,348,120,216
321,183,93,44,219,56,241,78,78,103,219,252,442,170,128,132,171,433,254,32,119,215,125,67,159,54,145,42,124,325,344,662,143,212,56,256,210,31,129,230,144,46,201,90,176,221,153,259,92,163
296,229,89,49,270,58,236,69,75,124,227,260,489,167,128,143,210,464,255,27,131,250,146,87,145,63,169,124,44,302,389,703,134,242,66,260,268,52,137,257,181,54,199,93,191,241,160,275,110,204
627,571,245,106,679,138,630,192,195,271,533,734,1092,419,326,360,436,1056,672,76,307,668,389,283,410,159,421,325,302,419,987,1734,344,594,132,653,609,107,314,677,417,138,471,210,484,544,386,627,265,406
690,659,272,106,756,138,719,229,218,313,619,783,1367,514,389,421,559,1252,732,96,429,770,428,291,476,195,514,344,389,987,601,2019,408,722,169,867,661,112,368,787,490,162,537,316,577,692,491,753,263,495
1166,1192,542,206,1440,278,1295,417,437,595,1123,1487,2260,933,739,861,991,2277,1366,203,809,1410,845,566,894,360,928,662,703,1734,2019,1819,722,1289,315,1521,1261,237,673,1461,872,285,1031,531,1117,1247,927,1391,484,940
247,214,120,38,280,50,234,70,81,103,210,308,448,171,151,155,193,440,280,41,162,282,170,124,172,60,153,143,134,344,408,722,78,228,67,309,246,64,131,269,171,58,180,109,205,253,194,253,90,180
481,412,189,78,461,101,472,123,148,184,407,498,819,318,262,286,373,833,492,60,261,468,279,204,324,111,303,212,242,594,722,1289,228,212,106,475,434,71,215,492,312,96,363,157,390,416,307,515,180,326
99,90,53,21,114,27,117,26,39,38,86,131,209,70,69,64,79,209,113,14,50,113,57,39,71,24,59,56,66,132,169,315,67,106,13,115,107,26,49,131,65,15,86,49,95,103,60,116,40,87
492,432,197,108,518,130,551,141,182,223,433,580,1007,354,279,329,356,963,550,48,283,545,316,209,355,146,378,256,260,653,867,1521,309,475,115,239,529,88,234,547,365,100,431,176,440,487,306,541,204,371
475,420,208,84,476,107,439,147,164,223,418,542,860,296,259,273,372,828,485,49,228,448,298,186,307,98,302,210,268,609,661,1261,246,434,107,529,213,65,238,475,282,104,347,170,375,424,286,478,173,322
79,81,32,9,81,23,69,21,24,39,75,99,173,63,44,50,57,161,88,7,40,91,54,35,71,25,78,31,52,107,112,237,64,71,26,88,65,8,44,93,57,22,59,38,63,68,58,85,33,58
257,204,101,38,267,50,262,78,72,114,205,279,427,179,135,165,185,462,238,38,139,261,143,109,166,64,175,129,137,314,368,673,131,215,49,234,238,44,65,289,154,40,197,93,217,214,165,253,100,192
456,419,207,82,513,111,498,165,167,201,439,599,1011,326,256,300,376,960,505,59,289,551,311,202,338,141,353,230,257,677,787,1461,269,492,131,547,475,93,289,255,295,115,370,201,384,490,344,533,195,338
310,254,144,57,343,74,315,91,98,134,281,385,620,228,159,175,243,653,321,35,196,345,212,121,211,89,218,144,181,417,490,872,171,312,65,365,282,57,154,295,115,79,260,125,259,320,201,325,113,229
116,84,34,20,104,25,110,32,29,52,85,115,192,73,56,57,67,202,89,11,45,109,58,44,64,29,64,46,54,138,162,285,58,96,15,100,104,22,40,115,79,7,76,45,95,85,74,107,35,70
373,331,146,62,398,77,383,115,127,156,339,438,667,247,228,228,272,660,427,45,234,428,242,164,268,86,253,201,199,471,537,1031,180,363,86,431,347,59,197,370,260,76,153,150,292,351,223,387,143,284
185,177,70,40,185,44,193,58,77,62,154,199,343,120,81,89,127,368,189,22,107,198,115,83,123,47,129,90,93,210,316,531,109,157,49,176,170,38,93,201,125,45,150,37,169,167,131,184,74,123
418,334,154,77,412,103,376,124,130,176,332,423,708,264,212,218,317,701,405,48,218,389,233,160,274,114,279,176,191,484,577,1117,205,390,95,440,375,63,217,384,259,95,292,169,156,384,273,393,150,293
415,430,187,71,466,122,427,136,147,173,420,533,839,277,266,265,344,782,486,52,258,447,249,188,333,136,309,221,241,544,692,1247,253,416,103,487,424,68,214,490,320,85,351,167,384,220,290,500,183,328
326,286,117,62,336,79,326,95,100,126,287,346,561,206,157,152,241,540,320,38,178,348,180,127,217,85,211,153,160,386,491,927,194,307,60,306,286,58,165,344,201,74,223,131,273,290,111,348,106,194
485,443,192,76,537,97,488,152,171,232,412,582,873,333,266,290,382,875,567,68,305,560,306,204,315,112,348,259,275,627,753,1391,253,515,116,541,478,85,253,533,325,107,387,184,393,500,348,244,200,334
165,157,73,34,199,36,186,52,65,67,151,200,330,107,103,102,129,322,177,26,98,165,111,72,123,50,120,92,110,265,263,484,90,180,40,204,173,33,100,195,113,35,143,74,150,183,106,200,36,141
386,254,151,66,359,64,318,108,121,134,249,336,608,246,180,217,236,635,328,39,172,329,192,137,213,99,216,163,204,406,495,940,180,326,87,371,322,58,192,338,229,70,284,123,293,328,194,334,141,129
