288,496,204,85,473,104,416,179,165,260,491,513,804,347,332,333,348,806,528,50,304,466,349,227,385,159,375,286,299,594,664,1134,259,445,95,508,463,66,238,457,285,114,363,166,426,423,325,468,157,394
496,196,179,68,445,97,438,143,128,186,364,502,833,294,206,256,327,812,399,61,220,468,262,181,281,103,267,192,206,502,668,1242,227,391,126,420,412,83,240,470,287,81,368,138,340,410,257,445,181,309
204,179,39,32,191,56,202,66,73,73,138,216,354,123,97,113,132,334,212,21,108,210,107,74,108,49,120,89,79,242,322,544,119,178,44,198,167,26,92,224,134,35,156,87,144,202,128,218,80,126
85,68,32,10,89,21,75,22,28,39,72,84,151,63,52,68,69,155,80,10,68,94,53,28,50,18,56,42,51,110,131,224,46,73,22,87,82,14,38,81,54,14,55,28,61,84,46,88,33,51
473,445,191,89,259,106,506,169,153,223,420,552,898,332,251,293,377,911,491,65,286,518,313,205,317,128,363,251,246,653,723,1394,266,482,106,542,530,78,270,512,313,120,375,175,373,463,312,533,206,339
104,97,56,21,106,10,94,23,38,39,92,121,179,80,70,78,103,195,109,15,68,102,75,42,74,28,78,47,67,127,166,285,63,103,19,130,97,14,49,124,93,22,80,47,92,99,77,109,36,75
416,438,202,75,506,94,209,157,160,208,428,505,814,330,282,300,338,880,504,63,285,537,356,198,336,117,339,236,271,653,704,1263,226,477,103,481,420,68,238,500,325,99,360,202,386,423,322,469,154,327
179,143,66,22,169,23,157,18,50,75,140,170,273,95,73,72,96,261,149,12,74,143,89,62,105,31,97,64,84,199,220,410,80,112,39,158,127,20,66,177,107,35,120,63,124,136,86,163,69,101
165,128,73,28,153,38,160,50,14,52,131,176,298,102,86,96,108,297,153,19,74,151,79,67,101,36,116,64,88,214,233,473,76,142,54,154,166,16,74,181,91,32,135,66,129,169,93,170,63,102
260,186,73,39,223,39,208,75,52,42,165,226,359,131,101,125,136,370,189,23,117,201,111,103,156,51,134,90,110,260,288,537,79,207,39,220,203,35,112,223,120,47,171,91,198,205,128,208,64,149
491,364,138,72,420,92,428,140,131,165,176,470,770,278,228,273,338,745,428,60,233,429,246,177,304,136,310,198,219,513,629,1138,208,356,101,458,425,74,228,420,248,84,329,172,375,433,287,443,140,328
513,502,216,84,552,121,505,170,176,226,470,309,983,349,269,291,402,1015,578,79,291,598,340,247,395,144,408,252,283,735,870,1502,284,521,121,564,540,88,252,622,381,112,447,206,488,503,354,584,197,378
804,833,354,151,898,179,814,273,298,359,770,983,816,591,487,525,647,1420,926,106,495,958,574,383,603,260,659,412,451,1074,1355,2397,485,866,221,960,870,152,460,952,570,178,684,343,737,803,571,875,336,623
347,294,123,63,332,80,330,95,102,131,278,349,591,105,171,172,228,613,328,45,177,354,202,132,222,72,200,163,163,445,499,955,186,299,80,343,322,39,180,352,191,62,271,145,240,294,214,332,126,208
332,206,97,52,251,70,282,73,86,101,228,269,487,171,80,134,194,500,270,35,144,297,175,86,183,66,183,121,122,343,406,739,159,267,61,272,258,42,129,248,159,52,212,94,236,236,178,263,100,188
333,256,113,68,293,78,300,72,96,125,273,291,525,172,134,76,217,556,293,38,164,326,170,97,204,73,195,121,136,382,442,810,159,298,68,304,280,61,139,298,193,59,224,103,246,255,182,297,120,201
348,327,132,69,377,103,338,96,108,136,338,402,647,228,194,217,114,640,358,41,194,378,194,168,245,107,256,175,188,442,562,980,183,326,79,345,354,57,153,393,245,70,307,126,274,361,223,352,117,222
806,812,334,155,911,195,880,261,297,370,745,1015,1420,613,500,556,640,765,891,105,493,900,540,369,642,259,642,432,455,1131,1329,2433,492,827,221,955,860,162,444,920,546,199,671,347,750,790,608,910,329,610
528,399,212,80,491,109,504,149,153,189,428,578,926,328,270,293,358,891,265,73,276,483,305,198,350,124,336,226,255,636,794,1372,293,470,100,516,503,73,255,568,344,101,388,199,411,496,325,484,171,316
50,61,21,10,65,15,63,12,19,23,60,79,106,45,35,38,41,105,73,6,29,73,42,21,49,21,38,24,29,89,89,174,39,47,18,72,62,6,26,61,47,15,50,27,53,61,29,65,26,38
304,220,108,68,286,68,285,74,74,117,233,291,495,177,144,164,194,493,276,29,84,276,154,124,193,54,170,124,126,350,407,782,148,266,74,270,265,46,131,289,168,54,234,91,212,280,177,286,98,179
466,468,210,94,518,102,537,143,151,201,429,598,958,354,297,326,378,900,483,73,276,277,331,200,331,138,348,271,267,624,734,1426,294,502,113,557,526,81,245,539,364,96,375,180,393,462,321,507,203,353
349,262,107,53,313,75,356,89,79,111,246,340,574,202,175,170,194,540,305,42,154,331,75,118,218,77,227,147,151,392,449,821,147,296,76,305,291,46,156,312,184,68,233,101,249,291,177,337,105,193
227,181,74,28,205,42,198,62,67,103,177,247,383,132,86,97,168,369,198,21,124,200,118,30,122,50,131,94,103,266,296,548,100,192,42,215,176,27,103,216,102,42,159,81,142,190,113,208,72,132
385,281,108,50,317,74,336,105,101,156,304,395,603,222,183,204,245,642,350,49,193,331,218,122,103,78,214,149,184,427,523,907,166,277,84,319,331,48,170,361,232,64,261,147,248,308,194,377,123,254
159,103,49,18,128,28,117,31,36,51,136,144,260,72,66,73,107,259,124,21,54,138,77,50,78,22,80,57,72,150,190,365,73,113,29,129,102,19,70,136,73,26,114,45,103,108,49,128,48,84
375,267,120,56,363,78,339,97,116,134,310,408,659,200,183,195,256,642,336,38,170,348,227,131,214,80,118,156,190,406,523,1004,205,312,83,305,347,56,177,365,198,78,290,120,282,304,191,357,139,234
286,192,89,42,251,47,236,64,64,90,198,252,412,163,121,121,175,432,226,24,124,271,147,94,149,57,156,49,138,271,351,681,135,211,47,263,238,36,134,230,139,52,176,79,209,196,146,290,110,159
299,206,79,51,246,67,271,84,88,110,219,283,451,163,122,136,188,455,255,29,126,267,151,103,184,72,190,138,65,300,382,661,136,268,60,238,238,44,104,272,147,52,198,93,202,246,139,293,100,200
594,502,242,110,653,127,653,199,214,260,513,735,1074,445,343,382,442,1131,636,89,350,624,392,266,427,150,406,271,300,384,927,1754,344,587,135,694,658,101,317,613,405,140,477,241,539,567,399,651,268,430
664,668,322,131,723,166,704,220,233,288,629,870,1355,499,406,442,562,1329,794,89,407,734,449,296,523,190,523,351,382,927,545,1996,397,747,200,847,697,121,408,817,495,144,541,281,595,705,466,758,297,544
1134,1242,544,224,1394,285,1263,410,473,537,1138,1502,2397,955,739,810,980,2433,1372,174,782,1426,821,548,907,365,1004,681,661,1754,1996,1875,688,1338,321,1499,1310,237,688,1434,889,289,996,536,1102,1304,899,1340,481,914
259,227,119,46,266,63,226,80,76,79,208,284,485,186,159,159,183,492,293,39,148,294,147,100,166,73,205,135,136,344,397,688,72,268,62,268,259,42,124,303,163,59,192,94,200,263,167,268,97,184
445,391,178,73,482,103,477,112,142,207,356,521,866,299,267,298,326,827,470,47,266,502,296,192,277,113,312,211,268,587,747,1338,268,197,105,506,446,91,245,459,321,103,344,187,336,440,298,528,173,289
95,126,44,22,106,19,103,39,54,39,101,121,221,80,61,68,79,221,100,18,74,113,76,42,84,29,83,47,60,135,200,321,62,105,12,112,116,16,57,119,82,23,96,49,103,106,77,136,54,77
508,420,198,87,542,130,481,158,154,220,458,564,960,343,272,304,345,955,516,72,270,557,305,215,319,129,305,263,238,694,847,1499,268,506,112,267,499,86,254,568,342,114,445,174,404,525,299,507,182,369
463,412,167,82,530,97,420,127,166,203,425,540,870,322,258,280,354,860,503,62,265,526,291,176,331,102,347,238,238,658,697,1310,259,446,116,499,215,87,224,459,334,88,344,170,381,445,306,491,169,324
66,83,26,14,78,14,68,20,16,35,74,88,152,39,42,61,57,162,73,6,46,81,46,27,48,19,56,36,44,101,121,237,42,91,16,86,87,9,38,97,54,20,75,21,59,79,49,87,32,59
238,240,92,38,270,49,238,66,74,112,228,252,460,180,129,139,153,444,255,26,131,245,156,103,170,70,177,134,104,317,408,688,124,245,57,254,224,38,59,298,185,62,215,102,198,236,148,265,90,149
457,470,224,81,512,124,500,177,181,223,420,622,952,352,248,298,393,920,568,61,289,539,312,216,361,136,365,230,272,613,817,1434,303,459,119,568,459,97,298,261,343,104,386,211,417,497,328,503,220,370
285,287,134,54,313,93,325,107,91,120,248,381,570,191,159,193,245,546,344,47,168,364,184,102,232,73,198,139,147,405,495,889,163,321,82,342,334,54,185,343,122,55,251,116,253,303,181,346,139,205
114,81,35,14,120,22,99,35,32,47,84,112,178,62,52,59,70,199,101,15,54,96,68,42,64,26,78,52,52,140,144,289,59,103,23,114,88,20,62,104,55,11,83,37,71,101,62,121,35,88
363,368,156,55,375,80,360,120,135,171,329,447,684,271,212,224,307,671,388,50,234,375,233,159,261,114,290,176,198,477,541,996,192,344,96,445,344,75,215,386,251,83,117,152,318,363,240,347,138,285
166,138,87,28,175,47,202,63,66,91,172,206,343,145,94,103,126,347,199,27,91,180,101,81,147,45,120,79,93,241,281,536,94,187,49,174,170,21,102,211,116,37,152,33,151,180,116,196,70,125
426,340,144,61,373,92,386,124,129,198,375,488,737,240,236,246,274,750,411,53,212,393,249,142,248,103,282,209,202,539,595,1102,200,336,103,404,381,59,198,417,253,71,318,151,143,387,260,446,148,291
423,410,202,84,463,99,423,136,169,205,433,503,803,294,236,255,361,790,496,61,280,462,291,190,308,108,304,196,246,567,705,1304,263,440,106,525,445,79,236,497,303,101,363,180,387,220,284,434,179,348
325,257,128,46,312,77,322,86,93,128,287,354,571,214,178,182,223,608,325,29,177,321,177,113,194,49,191,146,139,399,466,899,167,298,77,299,306,49,148,328,181,62,240,116,260,284,111,358,126,232
468,445,218,88,533,109,469,163,170,208,443,584,875,332,263,297,352,910,484,65,286,507,337,208,377,128,357,290,293,651,758,1340,268,528,136,507,491,87,265,503,346,121,347,196,446,434,358,257,186,366
157,181,80,33,206,36,154,69,63,64,140,197,336,126,100,120,117,329,171,26,98,203,105,72,123,48,139,110,100,268,297,481,97,173,54,182,169,32,90,220,139,35,138,70,148,179,126,186,37,116
394,309,126,51,339,75,327,101,102,149,328,378,623,208,188,201,222,610,316,38,179,353,193,132,254,84,234,159,200,430,544,914,184,289,77,369,324,59,149,370,205,88,285,125,291,348,232,366,116,114
