271,454,204,97,519,115,509,188,144,261,438,524,807,383,312,344,357,813,506,62,335,557,355,211,358,155,374,288,316,563,691,1129,243,475,115,513,501,89,257,489,298,108,356,160,451,438,333,459,172,375
454,166,187,82,425,96,445,140,164,191,356,486,794,279,222,242,328,788,440,55,221,423,269,147,280,117,278,190,208,536,654,1256,232,427,103,497,413,77,220,444,271,89,316,157,342,436,264,456,168,300
204,187,38,42,190,55,194,59,76,75,161,208,390,103,93,117,143,359,202,15,117,209,105,69,117,30,120,87,90,259,284,584,106,203,57,233,194,25,104,189,126,55,153,56,142,186,103,189,84,133
97,82,42,10,72,18,75,33,17,41,60,102,147,58,35,44,60,151,94,12,62,76,36,36,48,23,65,47,38,103,132,230,45,77,18,99,58,14,53,87,57,29,61,22,69,55,48,94,19,58
519,425,190,72,271,118,481,144,158,211,449,554,924,342,263,309,367,906,528,53,251,536,278,213,341,139,347,222,241,636,786,1408,286,457,104,567,508,81,243,565,339,102,389,186,386,465,327,545,184,351
115,96,55,18,118,11,103,46,31,41,79,146,206,68,60,69,78,190,120,13,58,97,63,44,78,35,88,58,55,155,178,310,53,111,28,129,95,18,67,118,82,32,82,41,100,100,74,133,37,68
509,445,194,75,481,103,255,167,160,200,400,542,888,313,256,298,368,882,504,52,277,489,291,205,309,116,322,252,255,623,760,1352,245,460,96,559,452,80,260,524,313,115,379,179,368,432,328,505,159,334
188,140,59,33,144,46,167,23,42,52,115,175,258,113,71,81,110,279,147,16,57,160,96,65,96,42,97,72,57,179,229,446,68,163,35,153,152,23,87,169,101,41,115,60,114,148,86,162,61,124
144,164,76,17,158,31,160,42,25,73,141,184,278,115,83,80,113,302,181,19,98,184,94,77,105,52,111,81,102,201,260,485,90,124,44,176,160,27,86,191,137,37,123,55,143,164,97,188,67,103
261,191,75,41,211,41,200,52,73,45,166,223,372,138,98,125,148,393,207,26,128,241,129,106,158,57,146,111,110,267,330,576,132,198,38,224,208,40,97,217,139,32,159,66,174,201,145,206,74,156
438,356,161,60,449,79,400,115,141,166,189,433,721,302,241,282,299,761,435,55,225,483,279,204,307,119,307,205,219,533,656,1155,240,427,84,480,416,68,187,470,291,99,332,152,345,395,273,443,146,291
524,486,208,102,554,146,542,175,184,223,433,333,1024,378,290,304,408,1003,591,65,301,561,322,210,348,140,328,240,259,713,891,1619,296,520,120,570,518,95,286,609,393,100,417,217,434,526,355,621,215,371
807,794,390,147,924,206,888,258,278,372,721,1024,797,626,523,538,680,1377,882,122,498,919,552,345,582,231,607,412,452,1132,1377,2429,491,885,210,995,827,153,447,916,616,171,663,352,698,841,572,953,331,651
383,279,103,58,342,68,313,113,115,138,302,378,626,103,163,188,227,606,345,33,178,358,199,131,242,88,228,178,177,392,514,945,192,299,77,360,316,67,195,377,234,60,249,141,263,293,231,341,120,238
312,222,93,35,263,60,256,71,83,98,241,290,523,163,76,132,206,518,253,28,148,257,167,96,162,56,151,117,125,348,421,773,156,240,60,316,236,44,135,298,179,57,221,94,216,236,164,278,118,190
344,242,117,44,309,69,298,81,80,125,282,304,538,188,132,88,216,539,287,28,160,298,175,126,161,86,198,120,136,346,455,809,167,274,56,304,253,44,145,324,167,66,266,102,229,262,188,324,100,203
357,328,143,60,367,78,368,110,113,148,299,408,680,227,206,216,108,639,335,41,210,381,226,155,232,102,243,170,155,480,548,954,207,320,75,368,353,59,171,365,245,71,289,131,293,333,228,385,131,222
813,788,359,151,906,190,882,279,302,393,761,1003,1377,606,518,539,639,748,879,107,490,922,531,377,584,205,589,437,444,1124,1331,2387,494,880,210,1001,819,156,441,967,601,185,669,342,709,840,574,932,337,631
506,440,202,94,528,120,504,147,181,207,435,591,882,345,253,287,335,879,279,82,288,514,322,200,282,115,307,256,243,650,760,1352,291,482,114,527,486,77,231,549,365,121,386,192,403,449,312,549,176,373
62,55,15,12,53,13,52,16,19,26,55,65,122,33,28,28,41,107,82,0,22,79,41,29,50,17,49,29,29,76,90,201,32,68,10,68,58,10,37,64,45,16,48,27,45,60,32,62,27,37
335,221,117,62,251,58,277,57,98,128,225,301,498,178,148,160,210,490,288,22,79,302,198,128,151,64,152,126,142,310,427,817,164,247,66,284,284,47,113,317,154,52,220,109,216,274,206,302,105,194
557,423,209,76,536,97,489,160,184,241,483,561,919,358,257,298,381,922,514,79,302,289,333,196,330,120,321,250,261,636,794,1355,263,489,129,566,465,75,260,531,337,110,389,186,413,432,337,543,180,384
355,269,105,36,278,63,291,96,94,129,279,322,552,199,167,175,226,531,322,41,198,333,86,126,199,79,183,137,143,366,497,871,162,259,66,334,274,43,157,331,223,58,244,126,246,275,200,339,110,206
211,147,69,36,213,44,205,65,77,106,204,210,345,131,96,126,155,377,200,29,128,196,126,47,139,64,141,95,124,229,301,544,104,217,45,225,182,31,94,215,118,46,162,95,146,170,118,200,73,127
358,280,117,48,341,78,309,96,105,158,307,348,582,242,162,161,232,584,282,50,151,330,199,139,96,81,205,161,189,413,508,919,175,321,82,376,327,47,150,392,213,62,274,128,246,301,201,359,122,230
155,117,30,23,139,35,116,42,52,57,119,140,231,88,56,86,102,205,115,17,64,120,79,64,81,20,77,59,71,166,184,355,59,101,27,143,106,18,58,129,74,18,118,37,91,118,71,142,41,68
374,278,120,65,347,88,322,97,111,146,307,328,607,228,151,198,243,589,307,49,152,321,183,141,205,77,108,162,192,442,466,978,179,327,81,383,286,48,159,344,194,64,273,139,263,320,201,355,143,223
288,190,87,47,222,58,252,72,81,111,205,240,412,178,117,120,170,437,256,29,126,250,137,95,161,59,162,60,104,269,341,675,134,215,49,223,223,44,111,253,141,62,178,91,178,223,138,270,75,149
316,208,90,38,241,55,255,57,102,110,219,259,452,177,125,136,155,444,243,29,142,261,143,124,189,71,192,104,62,275,362,709,149,230,58,244,233,35,134,262,162,53,184,89,213,234,139,270,97,164
563,536,259,103,636,155,623,179,201,267,533,713,1132,392,348,346,480,1124,650,76,310,636,366,229,413,166,442,269,275,395,946,1856,348,601,147,679,573,98,302,671,429,102,472,255,495,569,392,658,232,407
691,654,284,132,786,178,760,229,260,330,656,891,1377,514,421,455,548,1331,760,90,427,794,497,301,508,184,466,341,362,946,562,2034,399,668,184,767,735,105,329,772,501,154,565,272,598,691,492,797,315,530
1129,1256,584,230,1408,310,1352,446,485,576,1155,1619,2429,945,773,809,954,2387,1352,201,817,1355,871,544,919,355,978,675,709,1856,2034,1856,723,1316,328,1457,1297,257,661,1483,899,290,1050,537,1128,1285,887,1382,487,971
243,232,106,45,286,53,245,68,90,132,240,296,491,192,156,167,207,494,291,32,164,263,162,104,175,59,179,134,149,348,399,723,61,224,59,291,238,48,125,268,182,63,215,98,214,250,166,260,107,183
475,427,203,77,457,111,460,163,124,198,427,520,885,299,240,274,320,880,482,68,247,489,259,217,321,101,327,215,230,601,668,1316,224,201,112,482,432,88,242,522,305,114,354,167,390,405,309,465,176,337
115,103,57,18,104,28,96,35,44,38,84,120,210,77,60,56,75,210,114,10,66,129,66,45,82,27,81,49,58,147,184,328,59,112,15,117,95,27,61,121,73,16,73,49,97,101,73,120,41,76
513,497,233,99,567,129,559,153,176,224,480,570,995,360,316,304,368,1001,527,68,284,566,334,225,376,143,383,223,244,679,767,1457,291,482,117,285,540,67,277,598,364,101,446,201,449,508,334,548,206,345
501,413,194,58,508,95,452,152,160,208,416,518,827,316,236,253,353,819,486,58,284,465,274,182,327,106,286,223,233,573,735,1297,238,432,95,540,210,66,252,483,324,92,355,186,343,417,297,465,168,324
89,77,25,14,81,18,80,23,27,40,68,95,153,67,44,44,59,156,77,10,47,75,43,31,47,18,48,44,35,98,105,257,48,88,27,67,66,6,57,96,54,22,64,26,53,60,61,71,38,48
257,220,104,53,243,67,260,87,86,97,187,286,447,195,135,145,171,441,231,37,113,260,157,94,150,58,159,111,134,302,329,661,125,242,61,277,252,57,52,263,144,57,196,110,209,239,168,261,81,167
489,444,189,87,565,118,524,169,191,217,470,609,916,377,298,324,365,967,549,64,317,531,331,215,392,129,344,253,262,671,772,1483,268,522,121,598,483,96,263,287,361,119,402,181,481,499,367,540,199,354
298,271,126,57,339,82,313,101,137,139,291,393,616,234,179,167,245,601,365,45,154,337,223,118,213,74,194,141,162,429,501,899,182,305,73,364,324,54,144,361,108,63,259,148,286,301,224,350,138,213
108,89,55,29,102,32,115,41,37,32,99,100,171,60,57,66,71,185,121,16,52,110,58,46,62,18,64,62,53,102,154,290,63,114,16,101,92,22,57,119,63,11,76,40,84,88,56,113,40,64
356,316,153,61,389,82,379,115,123,159,332,417,663,249,221,266,289,669,386,48,220,389,244,162,274,118,273,178,184,472,565,1050,215,354,73,446,355,64,196,402,259,76,134,131,301,341,249,388,129,268
160,157,56,22,186,41,179,60,55,66,152,217,352,141,94,102,131,342,192,27,109,186,126,95,128,37,139,91,89,255,272,537,98,167,49,201,186,26,110,181,148,40,131,27,156,186,115,185,56,133
451,342,142,69,386,100,368,114,143,174,345,434,698,263,216,229,293,709,403,45,216,413,246,146,246,91,263,178,213,495,598,1128,214,390,97,449,343,53,209,481,286,84,301,156,136,373,242,407,166,270
438,436,186,55,465,100,432,148,164,201,395,526,841,293,236,262,333,840,449,60,274,432,275,170,301,118,320,223,234,569,691,1285,250,405,101,508,417,60,239,499,301,88,341,186,373,200,284,507,177,316
333,264,103,48,327,74,328,86,97,145,273,355,572,231,164,188,228,574,312,32,206,337,200,118,201,71,201,138,139,392,492,887,166,309,73,334,297,61,168,367,224,56,249,115,242,284,120,362,115,218
459,456,189,94,545,133,505,162,188,206,443,621,953,341,278,324,385,932,549,62,302,543,339,200,359,142,355,270,270,658,797,1382,260,465,120,548,465,71,261,540,350,113,388,185,407,507,362,268,182,357
172,168,84,19,184,37,159,61,67,74,146,215,331,120,118,100,131,337,176,27,105,180,110,73,122,41,143,75,97,232,315,487,107,176,41,206,168,38,81,199,138,40,129,56,166,177,115,182,36,130
375,300,133,58,351,68,334,124,103,156,291,371,651,238,190,203,222,631,373,37,194,384,206,127,230,68,223,149,164,407,530,971,183,337,76,345,324,48,167,354,213,64,268,133,270,316,218,357,130,110
