263,474,221,89,508,113,504,160,176,270,445,514,801,374,299,326,359,774,519,72,333,540,345,223,403,145,380,284,290,616,713,1212,258,474,106,492,504,97,234,470,310,110,370,205,456,387,326,469,164,362
474,190,175,75,441,91,427,124,134,180,391,430,760,294,220,243,319,790,451,58,225,456,265,183,287,104,284,205,206,551,642,1233,250,391,94,472,398,85,229,459,259,100,321,160,328,405,274,456,163,301
221,175,33,43,199,41,204,77,61,93,177,206,367,141,84,100,142,380,209,21,101,216,125,102,122,46,131,90,86,247,306,539,100,183,47,199,156,32,103,219,130,30,167,85,163,176,117,207,72,130
89,75,43,8,84,15,82,25,26,28,72,94,139,65,53,63,60,140,81,11,35,100,59,38,64,16,64,51,65,99,109,184,52,81,20,89,79,13,41,88,62,14,63,22,83,73,64,78,31,63
508,441,199,84,285,106,496,159,167,197,411,569,872,316,249,285,399,901,526,57,270,539,325,206,312,132,376,265,280,644,739,1422,253,458,108,560,446,77,260,570,321,109,356,184,398,443,323,555,186,354
113,91,41,15,106,8,106,29,36,50,88,133,175,84,65,84,67,214,114,16,46,119,68,58,69,26,71,58,90,144,151,260,58,93,36,123,99,18,48,119,81,22,81,32,94,95,70,108,34,80
504,427,204,82,496,106,227,130,156,189,432,503,886,319,244,283,377,925,487,67,251,492,296,202,332,110,341,241,273,626,683,1289,257,427,109,527,422,94,255,505,320,104,360,194,399,431,338,494,189,346
160,124,77,25,159,29,130,20,56,54,109,155,282,97,69,73,109,266,148,20,93,156,100,73,95,27,85,65,78,174,252,447,97,132,32,159,139,27,63,170,93,33,97,64,111,148,97,147,60,97
176,134,61,26,167,36,156,56,23,63,144,188,266,91,100,104,114,288,156,18,92,160,95,59,112,50,115,67,84,181,226,458,103,139,36,174,140,27,88,163,105,32,128,72,134,151,116,176,64,116
270,180,93,28,197,50,189,54,63,34,177,209,378,128,107,120,158,374,200,21,119,189,132,85,139,52,130,99,112,243,316,551,128,198,39,270,207,30,101,223,130,41,178,86,176,196,134,188,85,146
445,391,177,72,411,88,432,109,144,177,192,454,766,283,216,241,334,770,424,55,248,422,287,174,295,123,296,197,215,529,640,1128,231,366,88,505,416,69,212,433,280,83,312,165,360,373,289,402,148,310
514,430,206,94,569,133,503,155,188,209,454,319,998,362,303,339,404,1024,546,70,324,575,352,213,393,140,382,291,269,699,856,1611,338,526,131,573,524,102,273,590,382,120,434,222,442,492,344,561,231,386
801,760,367,139,872,175,886,282,266,378,766,998,846,559,480,530,630,1499,864,125,521,885,550,396,620,229,641,435,412,1140,1347,2448,509,852,211,952,850,143,440,943,615,196,687,356,787,797,550,905,337,620
374,294,141,65,316,84,319,97,91,128,283,362,559,116,180,183,227,561,319,34,173,336,217,130,222,89,243,157,171,401,467,912,186,300,73,314,311,59,165,343,206,49,257,110,272,314,216,371,140,214
299,220,84,53,249,65,244,69,100,107,216,303,480,180,78,136,183,457,274,31,120,270,146,104,161,56,157,120,122,319,384,768,131,248,64,268,262,45,128,310,172,56,189,106,189,246,180,290,96,172
326,243,100,63,285,84,283,73,104,120,241,339,530,183,136,75,245,541,311,26,148,310,167,116,162,69,166,136,138,345,433,843,143,276,73,313,276,39,145,328,175,63,246,108,223,243,190,327,95,196
359,319,142,60,399,67,377,109,114,158,334,404,630,227,183,245,121,636,357,54,217,388,222,163,236,92,243,177,212,490,533,1041,198,314,85,366,344,78,186,369,210,73,270,138,292,301,231,374,137,232
774,790,380,140,901,214,925,266,288,374,770,1024,1499,561,457,541,636,843,871,119,524,908,528,358,635,242,671,428,453,1170,1356,2459,488,879,225,945,836,153,455,988,587,185,691,349,743,842,578,933,331,572
519,451,209,81,526,114,487,148,156,200,424,546,864,319,274,311,357,871,262,64,290,498,320,210,361,141,353,239,262,594,733,1446,265,503,120,553,484,84,235,567,319,102,390,204,399,456,301,570,183,354
72,58,21,11,57,16,67,20,18,21,55,70,125,34,31,26,54,119,64,1,30,61,32,25,41,21,45,26,41,74,87,194,31,55,10,70,50,5,34,65,33,12,46,20,46,54,29,67,28,55
333,225,101,35,270,46,251,93,92,119,248,324,521,173,120,148,217,524,290,30,61,327,165,113,148,67,168,126,130,333,447,810,159,254,55,296,251,49,150,301,160,57,237,105,201,294,181,301,95,171
540,456,216,100,539,119,492,156,160,189,422,575,885,336,270,310,388,908,498,61,327,245,311,223,371,142,366,238,265,660,697,1422,270,523,100,561,511,76,249,533,329,109,385,195,419,485,337,548,205,376
345,265,125,59,325,68,296,100,95,132,287,352,550,217,146,167,222,528,320,32,165,311,89,130,198,86,219,131,168,376,436,830,153,311,65,284,262,43,156,315,202,54,226,111,243,274,183,323,106,209
223,183,102,38,206,58,202,73,59,85,174,213,396,130,104,116,163,358,210,25,113,223,130,37,133,51,144,103,104,259,308,555,110,199,49,222,198,38,118,213,140,36,148,79,161,198,99,220,70,124
403,287,122,64,312,69,332,95,112,139,295,393,620,222,161,162,236,635,361,41,148,371,198,133,123,78,235,146,158,433,529,963,175,306,72,350,301,52,186,331,198,60,262,113,262,313,222,327,119,208
145,104,46,16,132,26,110,27,50,52,123,140,229,89,56,69,92,242,141,21,67,142,86,51,78,11,74,48,49,151,196,332,60,104,26,123,123,22,56,143,89,19,94,46,102,131,71,141,48,93
380,284,131,64,376,71,341,85,115,130,296,382,641,243,157,166,243,671,353,45,168,366,219,144,235,74,126,135,165,425,540,982,177,299,79,359,308,62,179,368,226,67,249,127,282,334,236,379,127,223
284,205,90,51,265,58,241,65,67,99,197,291,435,157,120,136,177,428,239,26,126,238,131,103,146,48,135,47,122,264,343,640,119,213,55,248,256,42,132,282,152,38,194,69,187,217,125,266,95,164
290,206,86,65,280,90,273,78,84,112,215,269,412,171,122,138,212,453,262,41,130,265,168,104,158,49,165,122,61,292,369,641,130,252,65,239,251,49,124,262,159,53,209,91,193,252,158,308,95,162
616,551,247,99,644,144,626,174,181,243,529,699,1140,401,319,345,490,1170,594,74,333,660,376,259,433,151,425,264,292,407,895,1794,332,606,137,663,602,104,281,661,432,139,485,257,499,619,378,660,222,441
713,642,306,109,739,151,683,252,226,316,640,856,1347,467,384,433,533,1356,733,87,447,697,436,308,529,196,540,343,369,895,531,2033,405,727,163,785,718,115,394,760,496,161,589,289,632,687,532,749,292,550
1212,1233,539,184,1422,260,1289,447,458,551,1128,1611,2448,912,768,843,1041,2459,1446,194,810,1422,830,555,963,332,982,640,641,1794,2033,1848,754,1287,323,1510,1268,238,704,1452,928,285,1016,515,1150,1242,921,1392,525,945
258,250,100,52,253,58,257,97,103,128,231,338,509,186,131,143,198,488,265,31,159,270,153,110,175,60,177,119,130,332,405,754,59,276,58,283,254,48,150,275,168,57,189,120,213,241,178,266,105,180
474,391,183,81,458,93,427,132,139,198,366,526,852,300,248,276,314,879,503,55,254,523,311,199,306,104,299,213,252,606,727,1287,276,229,103,493,440,80,212,500,316,109,372,164,381,416,290,483,193,326
106,94,47,20,108,36,109,32,36,39,88,131,211,73,64,73,85,225,120,10,55,100,65,49,72,26,79,55,65,137,163,323,58,103,10,111,102,16,71,129,85,17,91,48,101,105,64,126,37,72
492,472,199,89,560,123,527,159,174,270,505,573,952,314,268,313,366,945,553,70,296,561,284,222,350,123,359,248,239,663,785,1510,283,493,111,294,522,97,275,590,370,103,444,202,435,494,328,567,195,383
504,398,156,79,446,99,422,139,140,207,416,524,850,311,262,276,344,836,484,50,251,511,262,198,301,123,308,256,251,602,718,1268,254,440,102,522,206,86,242,478,294,96,350,174,371,422,298,482,155,329
97,85,32,13,77,18,94,27,27,30,69,102,143,59,45,39,78,153,84,5,49,76,43,38,52,22,62,42,49,104,115,238,48,80,16,97,86,12,44,111,50,18,66,29,70,89,46,89,32,61
234,229,103,41,260,48,255,63,88,101,212,273,440,165,128,145,186,455,235,34,150,249,156,118,186,56,179,132,124,281,394,704,150,212,71,275,242,44,61,288,147,52,175,110,205,232,179,258,95,177
470,459,219,88,570,119,505,170,163,223,433,590,943,343,310,328,369,988,567,65,301,533,315,213,331,143,368,282,262,661,760,1452,275,500,129,590,478,111,288,293,377,118,417,196,418,469,332,559,195,361
310,259,130,62,321,81,320,93,105,130,280,382,615,206,172,175,210,587,319,33,160,329,202,140,198,89,226,152,159,432,496,928,168,316,85,370,294,50,147,377,105,62,253,141,281,315,197,344,125,231
110,100,30,14,109,22,104,33,32,41,83,120,196,49,56,63,73,185,102,12,57,109,54,36,60,19,67,38,53,139,161,285,57,109,17,103,96,18,52,118,62,10,84,56,80,94,67,122,41,79
370,321,167,63,356,81,360,97,128,178,312,434,687,257,189,246,270,691,390,46,237,385,226,148,262,94,249,194,209,485,589,1016,189,372,91,444,350,66,175,417,253,84,150,131,305,354,239,384,128,287
205,160,85,22,184,32,194,64,72,86,165,222,356,110,106,108,138,349,204,20,105,195,111,79,113,46,127,69,91,257,289,515,120,164,48,202,174,29,110,196,141,56,131,25,154,171,127,195,61,131
456,328,163,83,398,94,399,111,134,176,360,442,787,272,189,223,292,743,399,46,201,419,243,161,262,102,282,187,193,499,632,1150,213,381,101,435,371,70,205,418,281,80,305,154,161,392,268,437,159,259
387,405,176,73,443,95,431,148,151,196,373,492,797,314,246,243,301,842,456,54,294,485,274,198,313,131,334,217,252,619,687,1242,241,416,105,494,422,89,232,469,315,94,354,171,392,212,311,492,176,302
326,274,117,64,323,70,338,97,116,134,289,344,550,216,180,190,231,578,301,29,181,337,183,99,222,71,236,125,158,378,532,921,178,290,64,328,298,46,179,332,197,67,239,127,268,311,96,344,141,211
469,456,207,78,555,108,494,147,176,188,402,561,905,371,290,327,374,933,570,67,301,548,323,220,327,141,379,266,308,660,749,1392,266,483,126,567,482,89,258,559,344,122,384,195,437,492,344,270,187,347
164,163,72,31,186,34,189,60,64,85,148,231,337,140,96,95,137,331,183,28,95,205,106,70,119,48,127,95,95,222,292,525,105,193,37,195,155,32,95,195,125,41,128,61,159,176,141,187,34,112
362,301,130,63,354,80,346,97,116,146,310,386,620,214,172,196,232,572,354,55,171,376,209,124,208,93,223,164,162,441,550,945,180,326,72,383,329,61,177,361,231,79,287,131,259,302,211,347,112,103
