273,427,212,90,516,119,506,206,183,236,443,488,805,380,329,345,352,814,498,75,354,528,335,202,385,144,383,267,318,606,742,1196,236,513,111,528,473,82,262,489,330,112,339,187,457,423,348,519,177,354
427,202,170,71,427,103,395,137,131,180,390,491,772,282,230,205,315,812,441,43,219,440,264,174,280,112,298,178,187,560,680,1246,264,398,111,401,411,76,228,463,279,80,323,145,360,413,285,475,170,295
212,170,40,35,201,42,212,68,65,89,187,229,361,114,97,102,143,369,223,25,96,225,102,72,144,49,132,97,103,261,309,588,113,204,52,223,200,28,108,251,137,40,165,72,158,223,131,238,69,136
90,71,35,8,74,14,92,30,26,38,76,88,144,57,43,55,60,140,86,8,45,78,59,29,69,17,59,37,46,114,120,231,41,89,20,84,78,14,36,81,46,21,61,24,73,78,55,94,24,58
516,427,201,74,244,109,478,142,177,223,413,601,928,334,236,237,389,947,485,56,261,499,291,201,329,113,334,235,240,676,757,1494,269,479,110,573,488,99,257,541,330,102,391,188,430,471,281,537,198,360
119,103,42,14,109,10,119,37,40,44,100,120,223,79,54,77,78,223,103,8,68,110,69,41,95,29,80,59,52,147,147,326,63,107,28,119,98,25,44,112,67,28,76,35,84,111,77,128,39,83
506,395,212,92,478,119,246,127,131,194,361,551,862,306,240,311,372,879,456,66,241,484,280,175,296,147,330,220,230,608,741,1406,265,473,109,545,407,82,233,515,347,105,362,179,371,479,317,544,169,310
206,137,68,30,142,37,127,25,43,67,125,144,261,97,87,84,108,276,141,18,91,150,87,48,102,41,83,79,70,188,230,413,87,140,43,143,139,19,69,146,93,25,112,41,128,146,114,162,59,105
183,131,65,26,177,40,131,43,28,81,145,187,303,120,72,80,116,293,151,14,88,155,87,72,99,44,111,82,68,202,256,446,108,165,33,184,159,32,76,171,101,23,110,53,126,156,114,176,68,97
236,180,89,38,223,44,194,67,81,42,147,222,340,134,130,138,154,325,221,25,132,216,129,96,138,52,149,105,115,233,330,550,115,190,39,230,204,47,98,193,131,36,158,75,178,187,149,216,72,147
443,390,187,76,413,100,361,125,145,147,180,478,745,277,228,259,288,730,434,40,247,425,255,189,295,113,306,209,221,532,661,1134,251,385,105,476,386,83,206,430,283,78,323,162,364,403,274,442,148,274
488,491,229,88,601,120,551,144,187,222,478,321,1019,367,296,326,426,1053,595,60,294,617,343,224,382,151,355,261,284,745,893,1626,312,528,128,565,533,85,285,633,417,105,436,215,445,532,351,572,230,341
805,772,361,144,928,223,862,261,303,340,745,1019,818,616,437,505,662,1461,871,119,509,951,501,374,625,240,623,399,475,1196,1440,2535,498,880,232,967,840,151,465,959,574,170,684,336,725,879,564,909,341,594
380,282,114,57,334,79,306,97,120,134,277,367,616,83,193,189,228,611,314,44,182,337,215,129,224,88,229,165,169,392,473,956,181,301,70,336,296,48,164,359,210,63,230,119,268,286,209,354,123,235
329,230,97,43,236,54,240,87,72,130,228,296,437,193,68,135,190,439,283,28,165,268,154,127,182,69,176,128,134,319,384,712,126,255,79,260,282,34,121,296,151,57,205,86,227,239,164,266,99,212
345,205,102,55,237,77,311,84,80,138,259,326,505,189,135,93,214,487,298,27,147,295,170,137,194,76,187,119,145,352,404,771,133,295,67,273,311,42,135,333,181,64,212,108,255,234,187,320,104,213
352,315,143,60,389,78,372,108,116,154,288,426,662,228,190,214,128,699,335,48,193,354,218,140,225,98,223,173,170,492,547,1088,205,350,92,384,325,56,186,412,234,77,251,128,298,320,229,404,139,195
814,812,369,140,947,223,879,276,293,325,730,1053,1461,611,439,487,699,808,943,130,515,960,512,336,618,227,597,412,420,1108,1409,2610,503,845,232,989,854,160,466,983,587,189,685,356,702,879,572,929,322,607
498,441,223,86,485,103,456,141,151,221,434,595,871,314,283,298,335,943,256,58,299,481,293,170,328,134,317,232,250,643,773,1487,282,457,118,536,443,86,242,533,347,123,364,174,403,502,327,523,199,300
75,43,25,8,56,8,66,18,14,25,40,60,119,44,28,27,48,130,58,8,24,62,41,29,38,13,39,30,34,83,95,211,44,49,11,67,76,13,24,70,33,12,53,17,66,57,41,65,36,54
354,219,96,45,261,68,241,91,88,132,247,294,509,182,165,147,193,515,299,24,65,299,182,113,168,72,165,147,139,328,426,775,163,250,62,281,259,48,123,308,207,65,222,103,229,257,166,257,119,182
528,440,225,78,499,110,484,150,155,216,425,617,951,337,268,295,354,960,481,62,299,251,317,198,314,154,348,239,235,664,789,1515,288,440,121,597,457,76,256,550,325,120,392,192,375,481,326,534,180,334
335,264,102,59,291,69,280,87,87,129,255,343,501,215,154,170,218,512,293,41,182,317,88,124,193,83,203,128,147,359,451,856,150,288,61,316,280,55,132,341,184,68,206,90,230,301,189,314,102,207
202,174,72,29,201,41,175,48,72,96,189,224,374,129,127,137,140,336,170,29,113,198,124,52,137,54,142,99,105,237,318,534,114,176,42,222,187,40,97,225,120,34,144,66,169,170,141,245,73,123
385,280,144,69,329,95,296,102,99,138,295,382,625,224,182,194,225,618,328,38,168,314,193,137,116,87,218,148,157,411,503,957,215,289,76,350,336,65,161,351,188,71,244,139,246,317,220,363,124,244
144,112,49,17,113,29,147,41,44,52,113,151,240,88,69,76,98,227,134,13,72,154,83,54,87,15,83,47,74,155,214,373,89,117,21,119,132,19,64,134,76,28,87,42,118,136,94,160,58,86
383,298,132,59,334,80,330,83,111,149,306,355,623,229,176,187,223,597,317,39,165,348,203,142,218,83,130,157,181,420,569,993,228,298,65,332,317,54,158,356,218,73,255,121,299,303,233,395,125,231
267,178,97,37,235,59,220,79,82,105,209,261,399,165,128,119,173,412,232,30,147,239,128,99,148,47,157,54,101,281,351,658,143,214,68,238,235,38,122,274,148,44,170,101,170,218,166,240,92,183
318,187,103,46,240,52,230,70,68,115,221,284,475,169,134,145,170,420,250,34,139,235,147,105,157,74,181,101,57,324,378,710,165,229,48,264,245,44,103,256,166,42,185,89,203,252,150,264,89,186
606,560,261,114,676,147,608,188,202,233,532,745,1196,392,319,352,492,1108,643,83,328,664,359,237,411,155,420,281,324,401,972,1879,357,617,154,616,603,96,311,665,450,146,529,233,503,577,374,669,227,412
742,680,309,120,757,147,741,230,256,330,661,893,1440,473,384,404,547,1409,773,95,426,789,451,318,503,214,569,351,378,972,594,2182,393,738,162,852,702,132,396,871,511,172,559,297,596,702,490,776,284,516
1196,1246,588,231,1494,326,1406,413,446,550,1134,1626,2535,956,712,771,1088,2610,1487,211,775,1515,856,534,957,373,993,658,710,1879,2182,2028,721,1408,346,1579,1331,246,701,1540,983,293,1085,545,1144,1312,926,1434,533,925
236,264,113,41,269,63,265,87,108,115,251,312,498,181,126,133,205,503,282,44,163,288,150,114,215,89,228,143,165,357,393,721,60,269,61,286,260,41,126,307,185,52,206,111,231,270,182,252,90,193
513,398,204,89,479,107,473,140,165,190,385,528,880,301,255,295,350,845,457,49,250,440,288,176,289,117,298,214,229,617,738,1408,269,213,117,512,431,84,237,517,332,108,359,182,382,466,307,488,182,337
111,111,52,20,110,28,109,43,33,39,105,128,232,70,79,67,92,232,118,11,62,121,61,42,76,21,65,68,48,154,162,346,61,117,15,104,100,21,59,123,72,17,90,38,81,101,85,110,41,71
528,401,223,84,573,119,545,143,184,230,476,565,967,336,260,273,384,989,536,67,281,597,316,222,350,119,332,238,264,616,852,1579,286,512,104,276,510,78,275,593,387,99,413,192,453,484,309,574,202,317
473,411,200,78,488,98,407,139,159,204,386,533,840,296,282,311,325,854,443,76,259,457,280,187,336,132,317,235,245,603,702,1331,260,431,100,510,221,51,226,499,300,104,350,182,392,408,306,523,169,324
82,76,28,14,99,25,82,19,32,47,83,85,151,48,34,42,56,160,86,13,48,76,55,40,65,19,54,38,44,96,132,246,41,84,21,78,51,5,36,81,54,23,58,39,61,83,45,82,35,40
262,228,108,36,257,44,233,69,76,98,206,285,465,164,121,135,186,466,242,24,123,256,132,97,161,64,158,122,103,311,396,701,126,237,59,275,226,36,58,276,172,49,173,84,178,231,153,278,84,167
489,463,251,81,541,112,515,146,171,193,430,633,959,359,296,333,412,983,533,70,308,550,341,225,351,134,356,274,256,665,871,1540,307,517,123,593,499,81,276,278,335,112,402,215,438,553,364,575,221,365
330,279,137,46,330,67,347,93,101,131,283,417,574,210,151,181,234,587,347,33,207,325,184,120,188,76,218,148,166,450,511,983,185,332,72,387,300,54,172,335,115,81,242,132,255,325,197,367,113,242
112,80,40,21,102,28,105,25,23,36,78,105,170,63,57,64,77,189,123,12,65,120,68,34,71,28,73,44,42,146,172,293,52,108,17,99,104,23,49,112,81,15,78,40,73,87,65,124,38,67
339,323,165,61,391,76,362,112,110,158,323,436,684,230,205,212,251,685,364,53,222,392,206,144,244,87,255,170,185,529,559,1085,206,359,90,413,350,58,173,402,242,78,123,150,287,364,219,410,136,253
187,145,72,24,188,35,179,41,53,75,162,215,336,119,86,108,128,356,174,17,103,192,90,66,139,42,121,101,89,233,297,545,111,182,38,192,182,39,84,215,132,40,150,37,157,175,135,179,69,135
457,360,158,73,430,84,371,128,126,178,364,445,725,268,227,255,298,702,403,66,229,375,230,169,246,118,299,170,203,503,596,1144,231,382,81,453,392,61,178,438,255,73,287,157,167,369,252,453,143,304
423,413,223,78,471,111,479,146,156,187,403,532,879,286,239,234,320,879,502,57,257,481,301,170,317,136,303,218,252,577,702,1312,270,466,101,484,408,83,231,553,325,87,364,175,369,239,320,500,163,310
348,285,131,55,281,77,317,114,114,149,274,351,564,209,164,187,229,572,327,41,166,326,189,141,220,94,233,166,150,374,490,926,182,307,85,309,306,45,153,364,197,65,219,135,252,320,120,323,116,237
519,475,238,94,537,128,544,162,176,216,442,572,909,354,266,320,404,929,523,65,257,534,314,245,363,160,395,240,264,669,776,1434,252,488,110,574,523,82,278,575,367,124,410,179,453,500,323,281,167,363
177,170,69,24,198,39,169,59,68,72,148,230,341,123,99,104,139,322,199,36,119,180,102,73,124,58,125,92,89,227,284,533,90,182,41,202,169,35,84,221,113,38,136,69,143,163,116,167,33,132
354,295,136,58,360,83,310,105,97,147,274,341,594,235,212,213,195,607,300,54,182,334,207,123,244,86,231,183,186,412,516,925,193,337,71,317,324,40,167,365,242,67,253,135,304,310,237,363,132,102
