261,500,223,78,464,114,499,181,178,211,427,508,836,364,300,327,348,841,511,73,308,538,340,223,341,161,358,299,297,612,675,1219,256,460,115,482,462,74,243,485,284,111,379,169,446,413,311,470,156,368
500,182,176,83,424,102,435,135,141,186,390,471,773,279,229,241,327,824,478,62,249,478,271,178,265,108,293,201,215,525,644,1251,219,423,104,459,434,70,231,464,292,85,339,128,364,442,288,441,171,309
223,176,32,29,181,31,179,54,64,77,173,223,352,121,99,93,142,337,199,17,96,214,92,74,113,43,102,85,89,240,312,566,99,184,43,201,181,34,93,227,139,39,167,68,146,195,120,212,78,146
78,83,29,5,90,13,68,28,36,39,73,76,137,59,54,63,55,145,86,7,56,78,53,31,52,21,52,50,45,118,133,229,39,108,23,84,83,16,41,89,44,20,63,30,56,71,55,78,36,63
464,424,181,90,262,103,502,148,162,211,425,533,917,358,274,286,363,899,507,66,309,544,324,184,341,109,323,227,251,619,762,1423,271,508,114,530,466,81,225,557,330,93,403,207,399,456,364,585,203,310
114,102,31,13,103,5,97,43,38,48,112,118,179,86,60,58,72,198,116,10,61,116,66,47,64,24,75,65,46,127,164,303,52,111,22,135,89,22,61,109,75,29,89,43,86,105,71,101,35,75
499,435,179,68,502,97,203,150,167,212,410,523,845,322,257,282,364,863,494,55,277,503,304,174,293,125,289,247,224,609,734,1337,263,442,110,563,439,83,241,491,332,89,368,179,347,449,276,482,176,298
181,135,54,28,148,43,150,24,66,68,136,155,295,96,86,90,130,272,162,25,62,169,108,74,101,42,97,72,82,185,239,443,102,148,28,155,145,21,80,175,102,29,120,71,129,134,88,176,64,103
178,141,64,36,162,38,167,66,26,63,141,184,292,110,91,100,111,289,171,25,105,163,91,74,109,36,99,73,92,198,237,444,94,146,42,181,160,26,72,168,103,41,119,60,132,148,114,153,66,119
211,186,77,39,211,48,212,68,63,36,149,224,368,147,101,108,150,386,225,24,136,221,127,71,138,49,143,86,108,242,327,579,123,221,57,217,210,39,96,215,138,32,174,77,186,196,139,205,99,140
427,390,173,73,425,112,410,136,141,149,167,482,767,277,223,240,308,728,418,56,240,462,271,171,275,87,262,205,209,498,630,1148,228,405,94,461,396,71,218,434,282,82,325,151,340,419,263,419,175,258
508,471,223,76,533,118,523,155,184,224,482,306,993,363,297,326,385,1005,578,63,290,557,319,190,363,145,386,262,268,695,863,1550,312,498,131,599,538,94,289,613,369,127,453,180,426,519,320,578,213,376
836,773,352,137,917,179,845,295,292,368,767,993,754,586,473,493,661,1374,891,101,497,882,511,357,618,253,610,446,442,1142,1346,2329,477,837,212,928,825,161,471,913,619,187,677,333,702,779,577,903,310,620
364,279,121,59,358,86,322,96,110,147,277,363,586,99,152,168,255,625,323,42,178,328,187,129,202,79,207,154,170,405,490,952,177,320,69,339,325,55,167,325,201,61,239,123,255,303,186,344,122,210
300,229,99,54,274,60,257,86,91,101,223,297,473,152,77,138,207,496,259,33,143,267,155,106,165,69,171,120,118,326,361,747,161,235,68,266,246,38,154,283,174,61,184,99,209,254,155,274,102,161
327,241,93,63,286,58,282,90,100,108,240,326,493,168,138,80,206,509,319,21,142,295,181,108,177,72,193,143,124,309,421,817,169,256,68,294,264,41,151,309,176,62,219,120,240,272,197,330,130,181
348,327,142,55,363,72,364,130,111,150,308,385,661,255,207,206,125,661,384,43,223,396,204,161,237,87,242,168,189,444,594,1023,212,334,92,362,316,66,182,415,243,86,248,123,310,335,233,380,135,256
841,824,337,145,899,198,863,272,289,386,728,1005,1374,625,496,509,661,791,897,124,494,907,554,348,612,208,591,440,440,1128,1396,2383,493,831,191,924,837,154,403,953,591,183,672,344,739,797,539,931,314,631
511,478,199,86,507,116,494,162,171,225,418,578,891,323,259,319,384,897,246,62,267,471,300,209,330,120,342,248,282,607,759,1454,272,476,121,522,455,77,250,533,337,111,380,197,387,471,293,526,157,370
73,62,17,7,66,10,55,25,25,24,56,63,101,42,33,21,43,124,62,2,20,72,38,26,39,12,41,25,36,79,87,181,30,58,14,60,62,5,31,78,43,13,51,27,54,60,43,73,26,29
308,249,96,56,309,61,277,62,105,136,240,290,497,178,143,142,223,494,267,20,75,289,171,108,172,56,179,149,143,356,430,809,171,269,64,290,292,36,149,336,175,57,225,118,221,233,157,302,110,202
538,478,214,78,544,116,503,169,163,221,462,557,882,328,267,295,396,907,471,72,289,265,295,214,331,125,349,269,262,629,717,1393,281,499,127,541,480,97,248,541,344,113,390,195,431,472,317,531,157,352
340,271,92,53,324,66,304,108,91,127,271,319,511,187,155,181,204,554,300,38,171,295,65,129,209,64,187,150,135,399,454,861,157,301,69,306,279,49,166,304,194,63,245,116,248,296,164,309,113,204
223,178,74,31,184,47,174,74,74,71,171,190,357,129,106,108,161,348,209,26,108,214,129,41,130,52,130,93,113,243,296,584,108,210,53,210,185,46,107,207,117,35,149,74,141,179,114,214,85,139
341,265,113,52,341,64,293,101,109,138,275,363,618,202,165,177,237,612,330,39,172,331,209,130,96,83,195,124,140,402,495,992,163,293,80,343,283,53,178,319,219,69,254,138,228,349,198,343,132,232
161,108,43,21,109,24,125,42,36,49,87,145,253,79,69,72,87,208,120,12,56,125,64,52,83,16,90,49,58,150,191,394,65,119,35,140,119,18,61,141,94,25,91,46,101,112,74,136,48,97
358,293,102,52,323,75,289,97,99,143,262,386,610,207,171,193,242,591,342,41,179,349,187,130,195,90,100,157,166,404,509,1008,183,327,85,364,301,64,155,369,251,67,252,120,247,326,211,376,147,231
299,201,85,50,227,65,247,72,73,86,205,262,446,154,120,143,168,440,248,25,149,269,150,93,124,49,157,38,124,278,356,655,123,217,62,259,240,37,105,265,153,46,188,97,191,188,130,265,97,166
297,215,89,45,251,46,224,82,92,108,209,268,442,170,118,124,189,440,282,36,143,262,135,113,140,58,166,124,61,314,401,731,128,254,55,265,222,47,119,253,162,46,204,103,187,219,148,246,98,194
612,525,240,118,619,127,609,185,198,242,498,695,1142,405,326,309,444,1128,607,79,356,629,399,243,402,150,404,278,314,385,939,1780,373,561,124,675,595,94,303,680,437,112,505,254,505,553,383,641,247,427
675,644,312,133,762,164,734,239,237,327,630,863,1346,490,361,421,594,1396,759,87,430,717,454,296,495,191,509,356,401,939,580,2092,403,698,186,849,705,138,376,814,510,149,565,280,641,696,471,784,277,501
1219,1251,566,229,1423,303,1337,443,444,579,1148,1550,2329,952,747,817,1023,2383,1454,181,809,1393,861,584,992,394,1008,655,731,1780,2092,1847,735,1294,323,1482,1306,243,703,1450,952,283,992,512,1193,1266,895,1468,477,919
256,219,99,39,271,52,263,102,94,123,228,312,477,177,161,169,212,493,272,30,171,281,157,108,163,65,183,123,128,373,403,735,73,251,54,281,236,50,155,291,171,64,187,89,218,277,188,261,90,169
460,423,184,108,508,111,442,148,146,221,405,498,837,320,235,256,334,831,476,58,269,499,301,210,293,119,327,217,254,561,698,1294,251,230,115,497,460,91,239,495,297,96,356,183,384,412,302,511,195,319
115,104,43,23,114,22,110,28,42,57,94,131,212,69,68,68,92,191,121,14,64,127,69,53,80,35,85,62,55,124,186,323,54,115,13,121,115,23,56,124,80,28,79,35,93,82,72,105,50,79
482,459,201,84,530,135,563,155,181,217,461,599,928,339,266,294,362,924,522,60,290,541,306,210,343,140,364,259,265,675,849,1482,281,497,121,258,498,76,270,577,361,126,416,219,408,477,325,534,189,364
462,434,181,83,466,89,439,145,160,210,396,538,825,325,246,264,316,837,455,62,292,480,279,185,283,119,301,240,222,595,705,1306,236,460,115,498,198,72,204,454,283,97,347,170,346,425,286,471,174,312
74,70,34,16,81,22,83,21,26,39,71,94,161,55,38,41,66,154,77,5,36,97,49,46,53,18,64,37,47,94,138,243,50,91,23,76,72,6,26,94,66,25,64,26,66,72,50,101,30,68
243,231,93,41,225,61,241,80,72,96,218,289,471,167,154,151,182,403,250,31,149,248,166,107,178,61,155,105,119,303,376,703,155,239,56,270,204,26,66,275,164,43,193,93,197,230,168,259,95,165
485,464,227,89,557,109,491,175,168,215,434,613,913,325,283,309,415,953,533,78,336,541,304,207,319,141,369,265,253,680,814,1450,291,495,124,577,454,94,275,280,345,96,393,183,413,494,335,511,213,350
284,292,139,44,330,75,332,102,103,138,282,369,619,201,174,176,243,591,337,43,175,344,194,117,219,94,251,153,162,437,510,952,171,297,80,361,283,66,164,345,106,64,268,133,248,314,193,323,141,220
111,85,39,20,93,29,89,29,41,32,82,127,187,61,61,62,86,183,111,13,57,113,63,35,69,25,67,46,46,112,149,283,64,96,28,126,97,25,43,96,64,13,83,44,75,100,60,106,39,72
379,339,167,63,403,89,368,120,119,174,325,453,677,239,184,219,248,672,380,51,225,390,245,149,254,91,252,188,204,505,565,992,187,356,79,416,347,64,193,393,268,83,132,180,318,341,224,410,141,301
169,128,68,30,207,43,179,71,60,77,151,180,333,123,99,120,123,344,197,27,118,195,116,74,138,46,120,97,103,254,280,512,89,183,35,219,170,26,93,183,133,44,180,41,162,169,116,197,57,120
446,364,146,56,399,86,347,129,132,186,340,426,702,255,209,240,310,739,387,54,221,431,248,141,228,101,247,191,187,505,641,1193,218,384,93,408,346,66,197,413,248,75,318,162,152,390,252,433,148,270
413,442,195,71,456,105,449,134,148,196,419,519,779,303,254,272,335,797,471,60,233,472,296,179,349,112,326,188,219,553,696,1266,277,412,82,477,425,72,230,494,314,100,341,169,390,218,306,507,146,317
311,288,120,55,364,71,276,88,114,139,263,320,577,186,155,197,233,539,293,43,157,317,164,114,198,74,211,130,148,383,471,895,188,302,72,325,286,50,168,335,193,60,224,116,252,306,100,332,129,194
470,441,212,78,585,101,482,176,153,205,419,578,903,344,274,330,380,931,526,73,302,531,309,214,343,136,376,265,246,641,784,1468,261,511,105,534,471,101,259,511,323,106,410,197,433,507,332,272,183,366
156,171,78,36,203,35,176,64,66,99,175,213,310,122,102,130,135,314,157,26,110,157,113,85,132,48,147,97,98,247,277,477,90,195,50,189,174,30,95,213,141,39,141,57,148,146,129,183,30,119
368,309,146,63,310,75,298,103,119,140,258,376,620,210,161,181,256,631,370,29,202,352,204,139,232,97,231,166,194,427,501,919,169,319,79,364,312,68,165,350,220,72,301,120,270,317,194,366,119,107
