253,466,221,85,515,125,458,185,181,270,471,509,834,352,306,323,362,849,528,74,331,506,321,191,347,156,369,262,307,595,708,1177,231,457,85,536,456,89,234,524,331,106,361,166,404,405,317,474,174,377
466,175,190,60,405,83,388,149,140,181,368,484,750,286,234,242,310,791,423,53,246,454,255,173,271,98,283,196,204,551,626,1233,222,382,97,432,397,70,239,431,264,108,334,188,356,409,267,457,168,287
221,190,36,32,206,39,179,58,68,71,172,201,345,134,90,93,176,387,203,30,107,202,137,95,130,53,137,87,95,263,304,553,107,191,38,217,189,31,103,219,122,37,181,70,148,179,122,225,67,141
85,60,32,8,74,22,80,30,24,30,71,111,146,45,46,44,54,153,87,8,41,81,50,35,58,21,60,47,49,84,135,201,40,72,21,101,85,8,39,94,46,22,58,32,63,80,43,86,22,51
515,405,206,74,256,89,444,164,200,207,420,559,938,341,252,296,397,912,507,57,302,496,329,173,342,121,366,241,279,652,747,1389,288,465,107,515,473,91,267,480,327,100,428,197,418,488,328,489,182,348
125,83,39,22,89,15,111,46,38,45,93,126,188,66,64,67,88,189,132,10,65,120,74,52,82,36,82,57,59,145,179,262,44,116,33,130,103,19,48,114,67,33,78,46,85,92,64,124,36,76
458,388,179,80,444,111,227,142,136,211,413,582,859,317,246,271,322,864,494,52,271,470,297,212,338,116,311,254,236,561,728,1326,253,432,137,535,443,77,248,508,321,108,367,185,379,464,325,460,193,304
185,149,58,30,164,46,142,25,63,58,144,180,279,100,78,95,116,264,162,16,96,175,103,57,101,39,92,82,86,180,231,388,76,154,30,174,149,21,75,164,98,27,116,65,120,152,103,160,61,108
181,140,68,24,200,38,136,63,25,63,137,196,278,86,93,96,125,304,152,17,96,175,104,62,120,41,124,80,83,188,232,463,87,152,39,179,128,33,85,181,102,35,125,56,122,160,109,167,61,116
270,181,71,30,207,45,211,58,63,38,166,244,372,138,103,114,152,338,216,26,121,223,127,77,145,67,149,111,113,254,317,552,101,176,40,213,175,30,103,212,144,58,163,65,164,174,123,221,71,141
471,368,172,71,420,93,413,144,137,166,177,498,728,311,242,242,306,751,453,49,245,477,270,152,303,118,276,217,226,500,632,1204,239,386,101,455,379,80,232,410,282,101,325,126,358,364,281,429,169,295
509,484,201,111,559,126,582,180,196,244,498,325,1022,378,299,307,344,975,569,70,311,566,353,238,384,128,344,274,291,708,842,1581,305,576,129,553,513,83,277,580,343,128,438,222,486,528,378,600,227,375
834,750,345,146,938,188,859,279,278,372,728,1022,793,616,496,520,608,1387,906,115,502,959,580,379,583,255,628,429,452,1080,1352,2380,474,808,184,969,842,159,483,963,601,196,667,350,778,800,581,928,324,680
352,286,134,45,341,66,317,100,86,138,311,378,616,95,175,171,206,564,322,39,174,353,206,146,246,74,236,139,176,410,493,886,213,300,82,331,308,46,180,353,212,70,240,132,267,331,231,333,142,224
306,234,90,46,252,64,246,78,93,103,242,299,496,175,73,139,201,508,263,32,137,269,177,110,164,69,184,134,135,350,409,765,143,268,53,256,265,43,125,296,163,57,223,108,206,231,174,296,88,193
323,242,93,44,296,67,271,95,96,114,242,307,520,171,139,76,222,532,312,32,146,291,180,107,178,56,188,135,136,365,413,760,157,275,56,268,283,43,151,313,208,58,242,102,224,250,182,300,109,205
362,310,176,54,397,88,322,116,125,152,306,344,608,206,201,222,126,646,354,50,190,360,237,125,257,93,254,168,202,476,531,1009,203,341,80,403,321,64,170,410,258,54,275,131,272,309,246,347,145,253
849,791,387,153,912,189,864,264,304,338,751,975,1387,564,508,532,646,773,943,107,498,962,546,357,608,253,639,419,468,1105,1368,2426,493,822,186,991,813,172,469,985,597,178,661,385,745,798,570,867,319,648
528,423,203,87,507,132,494,162,152,216,453,569,906,322,263,312,354,943,242,69,279,473,273,165,343,130,334,238,293,638,778,1452,265,482,110,531,470,99,269,568,310,89,376,179,398,490,329,517,186,329
74,53,30,8,57,10,52,16,17,26,49,70,115,39,32,32,50,107,69,3,34,72,33,21,34,8,24,22,24,71,109,166,39,59,13,63,55,10,34,71,51,13,49,18,47,68,31,63,28,53
331,246,107,41,302,65,271,96,96,121,245,311,502,174,137,146,190,498,279,34,79,300,166,88,176,65,181,142,149,339,422,767,154,247,57,288,275,53,131,313,199,56,219,124,198,242,166,298,112,204
506,454,202,81,496,120,470,175,175,223,477,566,959,353,269,291,360,962,473,72,300,258,317,198,326,115,325,238,296,658,801,1455,288,488,116,539,474,88,264,540,345,111,369,180,368,487,335,487,208,345
321,255,137,50,329,74,297,103,104,127,270,353,580,206,177,180,237,546,273,33,166,317,99,128,185,77,196,138,140,372,448,835,157,278,72,291,290,46,165,352,201,74,219,103,271,269,176,315,116,212
191,173,95,35,173,52,212,57,62,77,152,238,379,146,110,107,125,357,165,21,88,198,128,47,134,53,131,107,87,224,273,558,138,179,50,203,179,37,101,215,127,47,159,102,155,206,140,199,89,117
347,271,130,58,342,82,338,101,120,145,303,384,583,246,164,178,257,608,343,34,176,326,185,134,112,104,225,141,158,405,502,939,189,287,71,337,302,51,168,350,248,70,291,147,249,278,198,365,121,245
156,98,53,21,121,36,116,39,41,67,118,128,255,74,69,56,93,253,130,8,65,115,77,53,104,14,77,49,55,136,189,374,88,119,34,123,115,16,77,141,72,32,110,48,110,112,77,125,53,91
369,283,137,60,366,82,311,92,124,149,276,344,628,236,184,188,254,639,334,24,181,325,196,131,225,77,119,157,137,422,496,967,194,328,90,346,325,62,183,360,226,81,253,142,281,341,216,343,137,224
262,196,87,47,241,57,254,82,80,111,217,274,429,139,134,135,168,419,238,22,142,238,138,107,141,49,157,47,107,302,323,624,134,220,45,264,231,29,131,239,135,53,187,95,179,214,137,248,84,152
307,204,95,49,279,59,236,86,83,113,226,291,452,176,135,136,202,468,293,24,149,296,140,87,158,55,137,107,74,317,397,686,148,228,67,261,279,39,146,302,187,53,203,113,191,243,170,290,107,174
595,551,263,84,652,145,561,180,188,254,500,708,1080,410,350,365,476,1105,638,71,339,658,372,224,405,136,422,302,317,399,950,1763,338,591,156,660,581,120,333,673,437,127,462,257,506,608,416,638,232,402
708,626,304,135,747,179,728,231,232,317,632,842,1352,493,409,413,531,1368,778,109,422,801,448,273,502,189,496,323,397,950,569,2094,412,661,153,805,657,118,354,790,502,130,530,272,597,712,508,769,265,506
1177,1233,553,201,1389,262,1326,388,463,552,1204,1581,2380,886,765,760,1009,2426,1452,166,767,1455,835,558,939,374,967,624,686,1763,2094,1895,761,1282,311,1545,1240,256,640,1496,908,279,1021,540,1124,1311,856,1452,464,998
231,222,107,40,288,44,253,76,87,101,239,305,474,213,143,157,203,493,265,39,154,288,157,138,189,88,194,134,148,338,412,761,67,235,53,302,266,52,129,273,171,48,205,102,236,224,162,280,85,203
457,382,191,72,465,116,432,154,152,176,386,576,808,300,268,275,341,822,482,59,247,488,278,179,287,119,328,220,228,591,661,1282,235,220,118,486,442,84,237,443,316,102,362,190,356,403,274,488,172,316
85,97,38,21,107,33,137,30,39,40,101,129,184,82,53,56,80,186,110,13,57,116,72,50,71,34,90,45,67,156,153,311,53,118,9,113,109,20,53,132,79,26,102,38,92,122,55,125,45,62
536,432,217,101,515,130,535,174,179,213,455,553,969,331,256,268,403,991,531,63,288,539,291,203,337,123,346,264,261,660,805,1545,302,486,113,262,499,93,254,585,367,106,414,192,395,475,327,581,198,353
456,397,189,85,473,103,443,149,128,175,379,513,842,308,265,283,321,813,470,55,275,474,290,179,302,115,325,231,279,581,657,1240,266,442,109,499,221,81,241,478,292,114,337,196,387,450,310,478,184,324
89,70,31,8,91,19,77,21,33,30,80,83,159,46,43,43,64,172,99,10,53,88,46,37,51,16,62,29,39,120,118,256,52,84,20,93,81,5,46,74,47,20,79,27,71,75,42,90,28,52
234,239,103,39,267,48,248,75,85,103,232,277,483,180,125,151,170,469,269,34,131,264,165,101,168,77,183,131,146,333,354,640,129,237,53,254,241,46,67,280,175,39,204,100,218,209,148,233,101,177
524,431,219,94,480,114,508,164,181,212,410,580,963,353,296,313,410,985,568,71,313,540,352,215,350,141,360,239,302,673,790,1496,273,443,132,585,478,74,280,282,338,108,384,202,435,510,329,535,171,354
331,264,122,46,327,67,321,98,102,144,282,343,601,212,163,208,258,597,310,51,199,345,201,127,248,72,226,135,187,437,502,908,171,316,79,367,292,47,175,338,99,57,243,125,253,289,211,314,132,241
106,108,37,22,100,33,108,27,35,58,101,128,196,70,57,58,54,178,89,13,56,111,74,47,70,32,81,53,53,127,130,279,48,102,26,106,114,20,39,108,57,12,83,41,104,83,72,114,47,67
361,334,181,58,428,78,367,116,125,163,325,438,667,240,223,242,275,661,376,49,219,369,219,159,291,110,253,187,203,462,530,1021,205,362,102,414,337,79,204,384,243,83,138,164,335,340,264,407,158,248
166,188,70,32,197,46,185,65,56,65,126,222,350,132,108,102,131,385,179,18,124,180,103,102,147,48,142,95,113,257,272,540,102,190,38,192,196,27,100,202,125,41,164,35,172,167,123,193,69,130
404,356,148,63,418,85,379,120,122,164,358,486,778,267,206,224,272,745,398,47,198,368,271,155,249,110,281,179,191,506,597,1124,236,356,92,395,387,71,218,435,253,104,335,172,147,382,261,437,144,300
405,409,179,80,488,92,464,152,160,174,364,528,800,331,231,250,309,798,490,68,242,487,269,206,278,112,341,214,243,608,712,1311,224,403,122,475,450,75,209,510,289,83,340,167,382,218,284,466,180,315
317,267,122,43,328,64,325,103,109,123,281,378,581,231,174,182,246,570,329,31,166,335,176,140,198,77,216,137,170,416,508,856,162,274,55,327,310,42,148,329,211,72,264,123,261,284,93,324,109,225
474,457,225,86,489,124,460,160,167,221,429,600,928,333,296,300,347,867,517,63,298,487,315,199,365,125,343,248,290,638,769,1452,280,488,125,581,478,90,233,535,314,114,407,193,437,466,324,271,198,356
174,168,67,22,182,36,193,61,61,71,169,227,324,142,88,109,145,319,186,28,112,208,116,89,121,53,137,84,107,232,265,464,85,172,45,198,184,28,101,171,132,47,158,69,144,180,109,198,26,147
377,287,141,51,348,76,304,108,116,141,295,375,680,224,193,205,253,648,329,53,204,345,212,117,245,91,224,152,174,402,506,998,203,316,62,353,324,52,177,354,241,67,248,130,300,315,225,356,147,125
