294,438,213,81,504,121,495,189,193,262,485,540,822,370,305,355,372,826,534,80,322,526,363,206,359,162,391,233,321,612,765,1179,247,511,112,533,457,70,265,492,318,88,396,197,428,442,357,500,165,400
438,193,203,76,440,102,403,132,151,179,359,476,832,282,259,250,323,800,457,49,235,449,280,192,282,126,280,207,213,553,672,1271,251,405,74,433,396,71,209,441,300,89,331,153,353,415,258,456,169,310
213,203,44,41,187,51,208,68,70,80,186,209,366,128,100,98,135,364,182,32,124,189,121,71,119,57,125,96,106,267,322,578,122,194,37,185,206,29,123,223,135,35,164,65,161,192,123,231,78,145
81,76,41,8,73,19,73,22,19,36,66,96,132,51,55,58,58,132,62,7,55,82,39,34,60,26,57,41,41,102,120,207,50,66,17,92,81,14,38,75,61,22,58,27,63,71,50,73,25,66
504,440,187,73,250,107,490,143,179,198,406,611,959,306,283,289,370,948,512,45,312,514,292,222,308,133,333,246,250,607,794,1512,295,455,115,552,498,112,265,574,320,83,406,175,406,482,312,564,197,340
121,102,51,19,107,14,91,35,35,52,88,120,219,64,70,74,90,199,116,11,78,113,80,50,94,35,74,51,62,145,155,314,59,107,27,135,104,18,61,126,78,30,76,40,91,89,83,89,36,89
495,403,208,73,490,91,244,143,158,204,433,531,910,336,274,293,347,875,519,61,272,526,300,189,337,141,348,226,232,608,720,1340,260,463,111,523,431,90,245,487,324,104,364,187,405,441,323,491,172,331
189,132,68,22,143,35,143,22,59,64,146,153,265,97,91,98,109,268,144,19,93,152,85,60,92,28,98,71,81,166,210,441,83,136,25,158,117,20,87,179,94,34,117,58,109,154,96,166,53,107
193,151,70,19,179,35,158,59,24,70,134,173,326,107,99,84,102,290,158,20,86,154,93,68,103,34,102,69,77,197,245,495,86,145,35,201,147,24,78,195,113,29,131,53,127,149,116,169,58,125
262,179,80,36,198,52,204,64,70,41,160,221,364,137,94,114,143,332,200,26,119,221,131,89,138,67,159,88,114,256,316,540,102,197,48,233,201,42,91,212,152,46,152,74,183,188,139,173,69,138
485,359,186,66,406,88,433,146,134,160,163,465,779,275,211,249,305,759,421,53,219,443,266,199,277,139,306,179,232,538,651,1208,247,421,101,494,395,64,212,460,326,99,315,154,348,385,258,411,142,284
540,476,209,96,611,120,531,153,173,221,465,335,1027,332,274,321,391,1070,588,73,300,555,298,235,357,122,386,253,259,758,900,1702,300,529,115,604,517,84,257,632,380,118,469,223,467,547,343,611,207,368
822,832,366,132,959,219,910,265,326,364,779,1027,824,574,464,510,644,1537,965,125,476,984,536,373,575,241,655,441,461,1182,1424,2556,537,872,199,999,827,165,484,1026,651,190,692,340,721,901,606,966,322,627
370,282,128,51,306,64,336,97,107,137,275,332,574,119,173,196,231,596,316,42,160,341,195,130,209,92,241,148,168,399,521,885,182,294,77,357,313,58,170,351,193,77,242,132,266,319,203,330,114,224
305,259,100,55,283,70,274,91,99,94,211,274,464,173,69,144,183,458,268,28,143,275,158,121,153,62,187,133,127,331,413,728,141,262,50,266,260,36,148,259,180,50,232,88,204,227,172,283,104,190
355,250,98,58,289,74,293,98,84,114,249,321,510,196,144,67,222,494,291,33,161,297,175,100,191,54,202,126,145,359,448,791,143,300,53,277,263,41,166,300,164,54,218,100,235,255,173,295,119,213
372,323,135,58,370,90,347,109,102,143,305,391,644,231,183,222,139,634,356,40,190,357,224,150,244,82,247,149,165,472,546,1031,195,354,75,407,311,53,200,415,252,61,295,144,285,331,237,377,118,290
826,800,364,132,948,199,875,268,290,332,759,1070,1537,596,458,494,634,825,972,136,496,964,507,368,584,211,608,421,463,1202,1378,2553,532,867,204,1005,804,159,469,980,613,208,686,344,701,919,594,958,326,572
534,457,182,62,512,116,519,144,158,200,421,588,965,316,268,291,356,972,268,60,281,504,310,200,366,142,365,235,235,684,788,1455,266,492,123,568,486,85,257,569,332,87,398,198,425,513,321,555,191,323
80,49,32,7,45,11,61,19,20,26,53,73,125,42,28,33,40,136,60,3,38,63,31,21,33,11,26,28,30,76,89,192,40,44,17,65,67,12,29,70,29,7,54,22,48,59,34,58,20,42
322,235,124,55,312,78,272,93,86,119,219,300,476,160,143,161,190,496,281,38,89,278,164,104,168,76,176,113,143,344,399,759,127,241,58,295,272,41,136,273,185,58,250,105,227,251,171,311,118,165
526,449,189,82,514,113,526,152,154,221,443,555,984,341,275,297,357,964,504,63,278,262,308,217,369,153,372,234,283,676,769,1453,288,504,118,533,479,84,245,569,314,107,424,212,437,494,316,543,191,325
363,280,121,39,292,80,300,85,93,131,266,298,536,195,158,175,224,507,310,31,164,308,93,129,176,79,204,125,150,344,415,887,159,261,53,315,290,53,153,296,204,58,229,99,236,278,166,286,98,206
206,192,71,34,222,50,189,60,68,89,199,235,373,130,121,100,150,368,200,21,104,217,129,37,144,67,163,82,95,253,300,562,121,175,48,227,165,32,96,220,151,47,151,64,158,208,141,197,67,134
359,282,119,60,308,94,337,92,103,138,277,357,575,209,153,191,244,584,366,33,168,369,176,144,100,87,202,151,147,398,518,918,189,333,69,347,312,47,181,332,228,67,229,101,243,334,186,347,94,209
162,126,57,26,133,35,141,28,34,67,139,122,241,92,62,54,82,211,142,11,76,153,79,67,87,22,83,65,62,153,217,338,73,118,26,141,118,26,49,134,87,27,89,55,113,113,69,127,44,110
391,280,125,57,333,74,348,98,102,159,306,386,655,241,187,202,247,608,365,26,176,372,204,163,202,83,113,174,150,441,546,1003,191,312,77,349,312,52,174,350,210,68,243,135,299,326,183,368,131,234
233,207,96,41,246,51,226,71,69,88,179,253,441,148,133,126,149,421,235,28,113,234,125,82,151,65,174,55,126,289,365,688,135,234,60,205,214,31,126,255,175,45,186,80,161,204,131,248,97,154
321,213,106,41,250,62,232,81,77,114,232,259,461,168,127,145,165,463,235,30,143,283,150,95,147,62,150,126,70,297,349,671,133,231,55,217,236,46,111,291,179,48,208,81,199,235,145,260,88,158
612,553,267,102,607,145,608,166,197,256,538,758,1182,399,331,359,472,1202,684,76,344,676,344,253,398,153,441,289,297,412,1030,1933,352,598,153,676,622,119,318,706,429,129,475,224,515,625,407,674,243,398
765,672,322,120,794,155,720,210,245,316,651,900,1424,521,413,448,546,1378,788,89,399,769,415,300,518,217,546,365,349,1030,577,2087,407,695,179,863,712,146,389,816,529,192,620,311,610,760,515,822,275,513
1179,1271,578,207,1512,314,1340,441,495,540,1208,1702,2556,885,728,791,1031,2553,1455,192,759,1453,887,562,918,338,1003,688,671,1933,2087,1973,771,1373,326,1523,1346,258,751,1577,994,298,1117,529,1154,1334,906,1466,521,1039
247,251,122,50,295,59,260,83,86,102,247,300,537,182,141,143,195,532,266,40,127,288,159,121,189,73,191,135,133,352,407,771,76,259,71,263,277,48,149,328,193,49,215,115,224,259,184,285,105,195
511,405,194,66,455,107,463,136,145,197,421,529,872,294,262,300,354,867,492,44,241,504,261,175,333,118,312,234,231,598,695,1373,259,215,89,484,438,82,229,522,313,103,359,186,380,461,300,479,172,319
112,74,37,17,115,27,111,25,35,48,101,115,199,77,50,53,75,204,123,17,58,118,53,48,69,26,77,60,55,153,179,326,71,89,15,134,95,19,48,109,70,26,96,43,99,119,84,111,33,79
533,433,185,92,552,135,523,158,201,233,494,604,999,357,266,277,407,1005,568,65,295,533,315,227,347,141,349,205,217,676,863,1523,263,484,134,271,469,66,267,589,334,88,460,209,408,511,333,596,221,374
457,396,206,81,498,104,431,117,147,201,395,517,827,313,260,263,311,804,486,67,272,479,290,165,312,118,312,214,236,622,712,1346,277,438,95,469,212,81,210,496,315,102,341,173,356,405,287,479,171,350
70,71,29,14,112,18,90,20,24,42,64,84,165,58,36,41,53,159,85,12,41,84,53,32,47,26,52,31,46,119,146,258,48,82,19,66,81,4,41,90,56,11,72,28,81,83,59,88,38,60
265,209,123,38,265,61,245,87,78,91,212,257,484,170,148,166,200,469,257,29,136,245,153,96,181,49,174,126,111,318,389,751,149,229,48,267,210,41,69,275,169,43,209,99,205,254,137,253,99,166
492,441,223,75,574,126,487,179,195,212,460,632,1026,351,259,300,415,980,569,70,273,569,296,220,332,134,350,255,291,706,816,1577,328,522,109,589,496,90,275,292,380,110,414,224,426,524,351,565,193,363
318,300,135,61,320,78,324,94,113,152,326,380,651,193,180,164,252,613,332,29,185,314,204,151,228,87,210,175,179,429,529,994,193,313,70,334,315,56,169,380,114,61,263,122,266,328,202,363,144,233
88,89,35,22,83,30,104,34,29,46,99,118,190,77,50,54,61,208,87,7,58,107,58,47,67,27,68,45,48,129,192,298,49,103,26,88,102,11,43,110,61,7,88,41,93,100,62,110,32,63
396,331,164,58,406,76,364,117,131,152,315,469,692,242,232,218,295,686,398,54,250,424,229,151,229,89,243,186,208,475,620,1117,215,359,96,460,341,72,209,414,263,88,147,160,321,352,266,413,165,258
197,153,65,27,175,40,187,58,53,74,154,223,340,132,88,100,144,344,198,22,105,212,99,64,101,55,135,80,81,224,311,529,115,186,43,209,173,28,99,224,122,41,160,38,137,197,119,201,65,118
428,353,161,63,406,91,405,109,127,183,348,467,721,266,204,235,285,701,425,48,227,437,236,158,243,113,299,161,199,515,610,1154,224,380,99,408,356,81,205,426,266,93,321,137,157,372,252,405,153,276
442,415,192,71,482,89,441,154,149,188,385,547,901,319,227,255,331,919,513,59,251,494,278,208,334,113,326,204,235,625,760,1334,259,461,119,511,405,83,254,524,328,100,352,197,372,216,289,475,179,287
357,258,123,50,312,83,323,96,116,139,258,343,606,203,172,173,237,594,321,34,171,316,166,141,186,69,183,131,145,407,515,906,184,300,84,333,287,59,137,351,202,62,266,119,252,289,101,320,116,192
500,456,231,73,564,89,491,166,169,173,411,611,966,330,283,295,377,958,555,58,311,543,286,197,347,127,368,248,260,674,822,1466,285,479,111,596,479,88,253,565,363,110,413,201,405,475,320,250,195,344
165,169,78,25,197,36,172,53,58,69,142,207,322,114,104,119,118,326,191,20,118,191,98,67,94,44,131,97,88,243,275,521,105,172,33,221,171,38,99,193,144,32,165,65,153,179,116,195,31,144
400,310,145,66,340,89,331,107,125,138,284,368,627,224,190,213,290,572,323,42,165,325,206,134,209,110,234,154,158,398,513,1039,195,319,79,374,350,60,166,363,233,63,258,118,276,287,192,344,144,126
