251,450,216,99,543,107,480,178,167,256,426,498,867,355,321,342,347,818,488,71,340,505,353,244,360,138,376,271,314,587,674,1241,253,505,112,500,496,83,247,463,302,94,350,191,459,407,324,472,175,376
450,210,163,71,438,95,419,141,127,185,386,488,745,289,226,239,304,756,437,63,217,443,236,190,279,114,289,183,191,513,660,1209,227,396,90,449,423,67,211,491,310,77,313,160,338,407,260,453,145,313
216,163,35,38,184,37,197,67,71,83,174,247,388,118,86,113,128,375,186,18,94,198,125,69,131,45,129,87,103,244,307,580,122,179,43,221,165,27,95,227,150,54,174,65,144,188,107,225,73,120
99,71,38,7,79,17,88,27,36,41,76,103,152,54,42,51,57,147,69,16,46,80,63,39,65,25,63,36,56,110,103,207,33,91,20,83,80,17,35,85,50,13,71,32,66,80,46,85,28,67
543,438,184,79,249,111,489,141,160,213,434,559,941,311,263,303,367,895,489,60,285,491,323,204,336,127,370,206,261,608,755,1442,267,454,119,554,461,85,281,526,341,105,359,194,416,478,287,509,196,347
107,95,37,17,111,15,116,36,40,56,111,109,210,73,60,67,82,208,121,15,69,114,81,51,83,24,78,43,74,132,161,285,52,95,25,108,101,20,57,108,90,26,77,36,88,109,84,105,40,79
480,419,197,88,489,116,219,139,153,188,400,515,870,311,244,265,327,830,490,60,260,466,288,187,307,121,321,214,231,576,740,1330,257,431,107,514,452,91,226,487,310,85,401,165,379,438,282,513,159,339
178,141,67,27,141,36,139,24,52,61,138,162,282,94,75,79,113,257,154,19,87,154,89,65,109,31,90,76,74,170,214,424,68,162,32,163,152,27,81,153,89,29,100,60,112,131,90,161,62,112
167,127,71,36,160,40,153,52,18,70,122,189,297,107,99,102,129,285,152,16,93,160,109,51,100,37,104,69,95,185,251,455,93,149,49,177,161,28,86,176,135,33,121,48,106,154,97,161,56,123
256,185,83,41,213,56,188,61,70,36,166,212,351,122,123,120,156,353,210,34,111,232,142,81,128,40,150,98,102,253,321,561,107,189,54,227,209,29,106,223,131,40,176,63,161,212,135,232,71,142
426,386,174,76,434,111,400,138,122,166,173,478,748,265,229,262,300,753,438,61,245,415,269,172,247,93,286,215,220,521,608,1166,202,394,95,476,423,66,222,490,296,72,313,153,331,397,275,454,142,288
498,488,247,103,559,109,515,162,189,212,478,320,1005,361,268,311,386,1029,568,93,322,565,344,241,363,133,393,247,265,732,833,1565,278,483,122,599,508,89,292,611,365,124,419,244,443,523,343,565,234,398
867,745,388,152,941,210,870,282,297,351,748,1005,826,611,488,523,699,1442,875,109,498,958,526,391,604,269,649,384,451,1113,1326,2340,448,831,213,950,826,150,473,950,566,190,708,331,774,821,598,932,333,581
355,289,118,54,311,73,311,94,107,122,265,361,611,91,174,177,239,620,314,37,194,345,192,136,204,82,203,151,157,436,524,912,177,304,80,368,336,52,154,377,214,60,281,116,277,294,203,375,123,206
321,226,86,42,263,60,244,75,99,123,229,268,488,174,67,114,173,495,267,23,125,261,153,112,164,74,161,127,147,294,385,796,151,219,71,249,251,46,133,313,175,55,209,113,221,234,153,268,98,189
342,239,113,51,303,67,265,79,102,120,262,311,523,177,114,85,193,521,296,31,134,316,167,118,184,66,167,135,171,345,460,826,171,255,63,276,274,51,132,342,183,63,210,108,215,280,180,290,108,208
347,304,128,57,367,82,327,113,129,156,300,386,699,239,173,193,120,692,354,36,219,354,212,167,242,73,247,185,196,415,546,1035,208,364,77,372,344,66,185,395,237,65,255,142,302,315,206,382,131,239
818,756,375,147,895,208,830,257,285,353,753,1029,1442,620,495,521,692,797,895,117,480,987,550,343,608,259,630,402,444,1078,1332,2363,459,863,221,961,813,138,430,929,595,191,658,304,774,794,613,918,343,610
488,437,186,69,489,121,490,154,152,210,438,568,875,314,267,296,354,895,232,63,291,475,291,197,323,122,332,241,265,644,787,1411,273,488,109,531,429,85,265,540,331,95,332,192,373,461,271,558,194,359
71,63,18,16,60,15,60,19,16,34,61,93,109,37,23,31,36,117,63,3,39,66,32,22,37,15,48,23,25,90,104,182,36,57,14,66,50,6,25,63,32,14,43,28,45,68,36,65,22,46
340,217,94,46,285,69,260,87,93,111,245,322,498,194,125,134,219,480,291,39,77,310,152,118,147,60,167,122,143,358,464,776,153,254,58,277,274,53,143,293,191,64,215,102,220,295,157,314,97,177
505,443,198,80,491,114,466,154,160,232,415,565,958,345,261,316,354,987,475,66,310,255,284,200,324,124,336,235,265,675,776,1389,279,497,122,568,457,84,246,500,330,94,370,174,398,448,326,517,182,377
353,236,125,63,323,81,288,89,109,142,269,344,526,192,153,167,212,550,291,32,152,284,65,118,203,74,193,154,144,324,427,804,156,292,83,298,265,52,136,355,222,51,232,125,227,270,196,307,118,180
244,190,69,39,204,51,187,65,51,81,172,241,391,136,112,118,167,343,197,22,118,200,118,42,150,66,149,97,80,219,295,582,109,186,42,237,223,32,104,228,142,31,156,70,168,208,134,219,81,157
360,279,131,65,336,83,307,109,100,128,247,363,604,204,164,184,242,608,323,37,147,324,203,150,92,91,198,161,154,381,480,903,179,313,64,341,337,51,175,355,221,56,252,142,247,335,190,344,133,224
138,114,45,25,127,24,121,31,37,40,93,133,269,82,74,66,73,259,122,15,60,124,74,66,91,17,73,50,60,139,182,380,75,118,25,132,114,29,55,119,73,22,95,37,114,137,84,155,53,84
376,289,129,63,370,78,321,90,104,150,286,393,649,203,161,167,247,630,332,48,167,336,193,149,198,73,102,167,176,390,488,946,182,339,69,365,331,51,150,357,218,66,267,106,278,333,203,357,126,225
271,183,87,36,206,43,214,76,69,98,215,247,384,151,127,135,185,402,241,23,122,235,154,97,161,50,167,55,120,289,333,634,126,211,48,247,231,36,122,253,157,47,187,78,190,229,139,223,73,176
314,191,103,56,261,74,231,74,95,102,220,265,451,157,147,171,196,444,265,25,143,265,144,80,154,60,176,120,60,308,379,685,134,248,67,249,253,41,126,268,145,61,210,82,171,218,142,292,93,175
587,513,244,110,608,132,576,170,185,253,521,732,1113,436,294,345,415,1078,644,90,358,675,324,219,381,139,390,289,308,392,980,1767,322,583,161,638,574,113,304,687,414,131,491,253,487,570,404,681,246,409
674,660,307,103,755,161,740,214,251,321,608,833,1326,524,385,460,546,1332,787,104,464,776,427,295,480,182,488,333,379,980,555,2087,418,691,184,787,696,130,366,803,493,160,555,303,585,702,476,791,260,511
1241,1209,580,207,1442,285,1330,424,455,561,1166,1565,2340,912,796,826,1035,2363,1411,182,776,1389,804,582,903,380,946,634,685,1767,2087,1819,757,1265,332,1522,1194,225,699,1466,916,299,1053,554,1104,1279,866,1435,512,928
253,227,122,33,267,52,257,68,93,107,202,278,448,177,151,171,208,459,273,36,153,279,156,109,179,75,182,126,134,322,418,757,68,248,78,288,238,44,134,279,192,61,191,106,229,251,201,278,93,166
505,396,179,91,454,95,431,162,149,189,394,483,831,304,219,255,364,863,488,57,254,497,292,186,313,118,339,211,248,583,691,1265,248,225,116,505,425,75,245,447,302,90,356,177,392,459,300,488,208,336
112,90,43,20,119,25,107,32,49,54,95,122,213,80,71,63,77,221,109,14,58,122,83,42,64,25,69,48,67,161,184,332,78,116,14,130,117,19,59,112,66,17,89,44,97,108,69,113,63,87
500,449,221,83,554,108,514,163,177,227,476,599,950,368,249,276,372,961,531,66,277,568,298,237,341,132,365,247,249,638,787,1522,288,505,130,280,532,89,268,615,338,93,387,198,441,502,325,569,194,354
496,423,165,80,461,101,452,152,161,209,423,508,826,336,251,274,344,813,429,50,274,457,265,223,337,114,331,231,253,574,696,1194,238,425,117,532,219,73,220,495,310,94,365,181,384,429,268,438,164,327
83,67,27,17,85,20,91,27,28,29,66,89,150,52,46,51,66,138,85,6,53,84,52,32,51,29,51,36,41,113,130,225,44,75,19,89,73,11,47,91,60,11,71,26,60,80,44,89,19,65
247,211,95,35,281,57,226,81,86,106,222,292,473,154,133,132,185,430,265,25,143,246,136,104,175,55,150,122,126,304,366,699,134,245,59,268,220,47,65,280,190,50,175,99,200,236,152,250,90,164
463,491,227,85,526,108,487,153,176,223,490,611,950,377,313,342,395,929,540,63,293,500,355,228,355,119,357,253,268,687,803,1466,279,447,112,615,495,91,280,277,325,116,407,206,412,484,306,566,211,358
302,310,150,50,341,90,310,89,135,131,296,365,566,214,175,183,237,595,331,32,191,330,222,142,221,73,218,157,145,414,493,916,192,302,66,338,310,60,190,325,115,63,217,114,246,287,189,328,120,223
94,77,54,13,105,26,85,29,33,40,72,124,190,60,55,63,65,191,95,14,64,94,51,31,56,22,66,47,61,131,160,299,61,90,17,93,94,11,50,116,63,6,88,37,76,91,62,102,40,71
350,313,174,71,359,77,401,100,121,176,313,419,708,281,209,210,255,658,332,43,215,370,232,156,252,95,267,187,210,491,555,1053,191,356,89,387,365,71,175,407,217,88,156,146,301,358,246,380,156,262
191,160,65,32,194,36,165,60,48,63,153,244,331,116,113,108,142,304,192,28,102,174,125,70,142,37,106,78,82,253,303,554,106,177,44,198,181,26,99,206,114,37,146,38,162,175,111,206,74,114
459,338,144,66,416,88,379,112,106,161,331,443,774,277,221,215,302,774,373,45,220,398,227,168,247,114,278,190,171,487,585,1104,229,392,97,441,384,60,200,412,246,76,301,162,155,360,256,419,150,275
407,407,188,80,478,109,438,131,154,212,397,523,821,294,234,280,315,794,461,68,295,448,270,208,335,137,333,229,218,570,702,1279,251,459,108,502,429,80,236,484,287,91,358,175,360,215,279,495,177,301
324,260,107,46,287,84,282,90,97,135,275,343,598,203,153,180,206,613,271,36,157,326,196,134,190,84,203,139,142,404,476,866,201,300,69,325,268,44,152,306,189,62,246,111,256,279,93,318,125,213
472,453,225,85,509,105,513,161,161,232,454,565,932,375,268,290,382,918,558,65,314,517,307,219,344,155,357,223,292,681,791,1435,278,488,113,569,438,89,250,566,328,102,380,206,419,495,318,278,162,334
175,145,73,28,196,40,159,62,56,71,142,234,333,123,98,108,131,343,194,22,97,182,118,81,133,53,126,73,93,246,260,512,93,208,63,194,164,19,90,211,120,40,156,74,150,177,125,162,41,131
376,313,120,67,347,79,339,112,123,142,288,398,581,206,189,208,239,610,359,46,177,377,180,157,224,84,225,176,175,409,511,928,166,336,87,354,327,65,164,358,223,71,262,114,275,301,213,334,131,112
