266,408,213,88,486,118,468,172,161,248,458,508,815,396,282,319,400,813,512,73,321,532,339,202,349,168,382,291,300,630,678,1126,228,499,111,541,468,80,246,484,348,98,370,180,410,420,326,499,164,374
408,173,180,70,423,104,433,135,124,182,368,501,792,279,224,252,318,752,441,54,244,461,292,200,288,111,291,199,205,573,673,1275,207,415,93,450,397,85,243,496,301,92,347,168,339,409,266,454,154,284
213,180,40,28,202,35,182,63,74,96,185,197,364,132,107,109,130,364,181,19,88,195,135,87,148,37,127,87,91,278,296,562,111,199,51,168,167,41,88,223,114,31,149,75,145,196,129,206,77,132
88,70,28,4,85,15,71,35,27,37,78,74,144,55,58,56,61,146,88,15,55,95,53,32,61,30,75,42,38,100,128,192,54,79,19,90,67,17,31,81,50,26,69,33,67,72,56,90,25,61
486,423,202,85,253,113,515,155,178,207,436,556,878,358,260,283,406,911,522,70,292,525,306,199,361,128,347,246,256,630,787,1427,300,487,109,556,506,101,254,588,366,94,408,192,457,464,322,553,209,366
118,104,35,15,113,10,86,42,37,49,99,120,204,74,67,66,92,204,118,19,87,122,64,38,77,34,78,54,46,131,157,276,58,111,28,128,116,13,54,105,64,36,81,37,86,104,62,108,33,85
468,433,182,71,515,86,204,166,169,191,406,540,859,333,258,270,354,893,505,72,275,471,272,174,302,114,319,212,218,605,735,1365,260,438,119,512,423,82,236,524,291,107,352,170,356,480,300,513,157,330
172,135,63,35,155,42,166,19,51,75,121,160,281,86,81,101,123,291,151,19,77,158,95,66,93,41,105,96,66,210,242,415,78,141,43,159,148,23,78,190,97,30,139,45,111,149,101,153,55,115
161,124,74,27,178,37,169,51,31,79,165,179,293,144,80,78,113,310,178,23,98,186,103,74,113,40,105,80,80,202,252,457,84,148,39,158,138,35,93,179,122,29,145,74,139,140,98,166,64,116
248,182,96,37,207,49,191,75,79,42,169,215,360,129,116,131,145,355,218,36,114,208,120,81,141,58,143,107,96,272,309,532,119,191,44,210,187,31,104,239,143,44,166,86,172,175,134,204,73,149
458,368,185,78,436,99,406,121,165,169,196,472,712,326,229,257,319,736,442,56,243,467,282,182,282,124,309,187,200,524,654,1121,217,400,105,466,408,73,212,499,291,94,335,144,354,431,275,427,166,309
508,501,197,74,556,120,540,160,179,215,472,323,1017,352,286,322,392,1028,558,68,293,574,313,211,345,130,340,239,267,693,839,1636,289,547,139,598,490,109,276,629,353,140,459,216,452,525,348,632,217,387
815,792,364,144,878,204,859,281,293,360,712,1017,788,595,471,516,662,1493,901,111,498,929,508,348,584,206,571,429,439,1169,1384,2512,450,867,214,925,792,161,482,973,596,206,716,364,716,856,588,920,339,595
396,279,132,55,358,74,333,86,144,129,326,352,595,95,170,182,253,600,333,53,190,357,209,127,235,93,222,174,148,434,489,902,188,309,81,323,306,54,179,379,210,68,228,115,282,267,197,376,138,246
282,224,107,58,260,67,258,81,80,116,229,286,471,170,70,145,195,492,258,25,138,282,155,108,181,69,161,129,127,329,374,738,142,259,58,274,248,45,132,253,153,53,185,96,201,261,159,262,98,177
319,252,109,56,283,66,270,101,78,131,257,322,516,182,145,91,204,536,275,34,157,283,187,115,195,75,185,147,135,352,404,782,138,300,61,290,276,42,142,284,182,56,222,104,215,276,193,313,109,187
400,318,130,61,406,92,354,123,113,145,319,392,662,253,195,204,140,668,386,45,188,361,223,155,263,94,238,160,192,463,553,1011,194,364,76,360,311,54,212,376,246,81,266,147,287,353,232,346,150,254
813,752,364,146,911,204,893,291,310,355,736,1028,1493,600,492,536,668,795,896,106,510,953,559,365,601,218,591,439,472,1191,1436,2493,529,857,213,944,802,167,487,947,623,201,663,372,744,799,610,977,343,589
512,441,181,88,522,118,505,151,178,218,442,558,901,333,258,275,386,896,261,60,276,490,308,209,345,127,330,236,230,671,736,1407,275,495,121,532,488,90,263,569,345,98,397,197,422,436,320,503,188,370
73,54,19,15,70,19,72,19,23,36,56,68,111,53,25,34,45,106,60,1,36,71,40,31,47,19,41,33,34,65,101,179,38,52,14,68,54,6,31,63,34,11,47,29,65,60,37,88,23,38
321,244,88,55,292,87,275,77,98,114,243,293,498,190,138,157,188,510,276,36,79,278,161,123,188,89,178,134,152,357,364,790,154,274,63,267,276,53,122,267,186,51,219,97,212,251,169,271,114,192
532,461,195,95,525,122,471,158,186,208,467,574,929,357,282,283,361,953,490,71,278,263,330,221,382,150,373,223,249,647,794,1420,303,468,115,546,465,86,256,565,356,104,374,196,436,473,341,503,209,356
339,292,135,53,306,64,272,95,103,120,282,313,508,209,155,187,223,559,308,40,161,330,84,118,172,89,209,137,127,385,452,832,175,281,68,278,255,55,161,304,193,68,218,106,219,290,182,314,99,200
202,200,87,32,199,38,174,66,74,81,182,211,348,127,108,115,155,365,209,31,123,221,118,35,136,49,151,80,105,267,321,520,107,179,41,196,166,39,112,244,126,39,144,67,163,183,123,176,57,140
349,288,148,61,361,77,302,93,113,141,282,345,584,235,181,195,263,601,345,47,188,382,172,136,112,86,225,151,154,433,514,976,174,319,92,341,306,67,176,383,199,77,247,115,260,332,204,368,139,221
168,111,37,30,128,34,114,41,40,58,124,130,206,93,69,75,94,218,127,19,89,150,89,49,86,15,83,56,68,163,221,362,84,122,25,119,118,20,66,143,80,26,104,43,115,120,79,156,54,89
382,291,127,75,347,78,319,105,105,143,309,340,571,222,161,185,238,591,330,41,178,373,209,151,225,83,108,151,161,415,553,944,184,306,68,342,319,61,176,395,211,71,273,107,267,344,213,381,140,207
291,199,87,42,246,54,212,96,80,107,187,239,429,174,129,147,160,439,236,33,134,223,137,80,151,56,151,47,118,307,352,700,130,244,51,243,221,35,135,222,149,47,190,106,198,218,134,253,95,150
300,205,91,38,256,46,218,66,80,96,200,267,439,148,127,135,192,472,230,34,152,249,127,105,154,68,161,118,58,342,386,725,131,216,67,251,211,41,126,259,152,58,198,93,194,245,168,258,99,158
630,573,278,100,630,131,605,210,202,272,524,693,1169,434,329,352,463,1191,671,65,357,647,385,267,433,163,415,307,342,440,1008,1828,373,584,159,675,577,89,338,720,436,154,467,257,534,587,418,687,257,409
678,673,296,128,787,157,735,242,252,309,654,839,1384,489,374,404,553,1436,736,101,364,794,452,321,514,221,553,352,386,1008,549,2095,406,756,187,865,719,149,392,803,506,149,609,294,613,687,488,754,288,536
1126,1275,562,192,1427,276,1365,415,457,532,1121,1636,2512,902,738,782,1011,2493,1407,179,790,1420,832,520,976,362,944,700,725,1828,2095,1959,760,1317,319,1490,1240,244,707,1474,969,297,1076,560,1112,1294,895,1443,514,898
228,207,111,54,300,58,260,78,84,119,217,289,450,188,142,138,194,529,275,38,154,303,175,107,174,84,184,130,131,373,406,760,70,244,73,271,250,47,120,280,166,62,192,115,225,256,190,265,99,169
499,415,199,79,487,111,438,141,148,191,400,547,867,309,259,300,364,857,495,52,274,468,281,179,319,122,306,244,216,584,756,1317,244,223,109,495,439,87,226,535,302,100,375,187,409,426,299,501,190,350
111,93,51,19,109,28,119,43,39,44,105,139,214,81,58,61,76,213,121,14,63,115,68,41,92,25,68,51,67,159,187,319,73,109,10,146,117,18,66,129,69,29,80,46,98,117,77,126,56,74
541,450,168,90,556,128,512,159,158,210,466,598,925,323,274,290,360,944,532,68,267,546,278,196,341,119,342,243,251,675,865,1490,271,495,146,273,489,86,268,618,355,107,419,199,408,502,360,563,194,353
468,397,167,67,506,116,423,148,138,187,408,490,792,306,248,276,311,802,488,54,276,465,255,166,306,118,319,221,211,577,719,1240,250,439,117,489,215,82,225,472,293,104,335,184,356,432,289,511,147,339
80,85,41,17,101,13,82,23,35,31,73,109,161,54,45,42,54,167,90,6,53,86,55,39,67,20,61,35,41,89,149,244,47,87,18,86,82,7,43,116,68,15,59,31,84,97,57,86,42,39
246,243,88,31,254,54,236,78,93,104,212,276,482,179,132,142,212,487,263,31,122,256,161,112,176,66,176,135,126,338,392,707,120,226,66,268,225,43,61,279,182,51,205,97,203,250,155,248,100,186
484,496,223,81,588,105,524,190,179,239,499,629,973,379,253,284,376,947,569,63,267,565,304,244,383,143,395,222,259,720,803,1474,280,535,129,618,472,116,279,287,352,104,410,205,448,521,350,544,195,351
348,301,114,50,366,64,291,97,122,143,291,353,596,210,153,182,246,623,345,34,186,356,193,126,199,80,211,149,152,436,506,969,166,302,69,355,293,68,182,352,96,67,261,118,251,327,187,362,124,242
98,92,31,26,94,36,107,30,29,44,94,140,206,68,53,56,81,201,98,11,51,104,68,39,77,26,71,47,58,154,149,297,62,100,29,107,104,15,51,104,67,8,91,34,89,110,76,96,40,83
370,347,149,69,408,81,352,139,145,166,335,459,716,228,185,222,266,663,397,47,219,374,218,144,247,104,273,190,198,467,609,1076,192,375,80,419,335,59,205,410,261,91,141,164,282,359,263,384,142,256
180,168,75,33,192,37,170,45,74,86,144,216,364,115,96,104,147,372,197,29,97,196,106,67,115,43,107,106,93,257,294,560,115,187,46,199,184,31,97,205,118,34,164,33,143,162,131,196,82,153
410,339,145,67,457,86,356,111,139,172,354,452,716,282,201,215,287,744,422,65,212,436,219,163,260,115,267,198,194,534,613,1112,225,409,98,408,356,84,203,448,251,89,282,143,172,351,253,401,175,241
420,409,196,72,464,104,480,149,140,175,431,525,856,267,261,276,353,799,436,60,251,473,290,183,332,120,344,218,245,587,687,1294,256,426,117,502,432,97,250,521,327,110,359,162,351,205,280,476,181,301
326,266,129,56,322,62,300,101,98,134,275,348,588,197,159,193,232,610,320,37,169,341,182,123,204,79,213,134,168,418,488,895,190,299,77,360,289,57,155,350,187,76,263,131,253,280,92,327,127,224
499,454,206,90,553,108,513,153,166,204,427,632,920,376,262,313,346,977,503,88,271,503,314,176,368,156,381,253,258,687,754,1443,265,501,126,563,511,86,248,544,362,96,384,196,401,476,327,271,204,355
164,154,77,25,209,33,157,55,64,73,166,217,339,138,98,109,150,343,188,23,114,209,99,57,139,54,140,95,99,257,288,514,99,190,56,194,147,42,100,195,124,40,142,82,175,181,127,204,38,123
374,284,132,61,366,85,330,115,116,149,309,387,595,246,177,187,254,589,370,38,192,356,200,140,221,89,207,150,158,409,536,898,169,350,74,353,339,39,186,351,242,83,256,153,241,301,224,355,123,99
