264,443,225,100,502,133,471,174,166,219,458,563,858,389,284,351,345,855,529,73,308,512,363,241,394,172,388,299,283,610,724,1234,228,514,113,499,525,98,267,447,297,104,404,193,432,415,349,510,167,393
443,159,177,84,471,118,428,135,145,177,348,485,795,281,236,236,298,824,386,47,249,452,244,162,279,113,272,199,194,562,675,1207,247,383,104,455,381,78,219,447,269,67,365,155,310,406,244,440,162,290
225,177,34,32,210,53,187,59,71,71,165,223,374,149,102,108,145,359,201,27,125,208,122,92,132,39,125,91,94,257,296,599,114,186,49,204,182,39,113,210,121,52,162,70,167,194,119,222,86,119
100,84,32,7,79,19,78,33,26,39,68,87,158,50,39,38,60,162,85,17,56,94,61,33,67,21,57,44,42,133,139,209,39,80,20,85,80,14,42,69,44,11,62,26,66,80,54,85,22,68
502,471,210,79,257,128,478,160,194,212,456,570,952,313,268,316,400,1000,497,80,284,491,293,204,342,131,357,246,241,688,774,1415,255,445,114,520,470,82,251,510,337,121,388,196,375,468,323,500,203,347
133,118,53,19,128,12,108,36,36,53,93,121,209,79,64,59,86,181,128,15,58,127,76,42,74,34,82,61,42,164,159,286,50,115,31,114,110,17,64,115,68,22,68,47,96,109,72,94,42,84
471,428,187,78,478,108,233,160,151,236,408,576,886,301,254,258,346,856,498,63,260,485,312,183,295,119,334,247,237,634,747,1320,265,455,125,529,427,79,271,483,325,94,371,190,375,494,293,479,177,359
174,135,59,33,160,36,160,23,44,66,131,198,267,107,81,90,102,266,151,19,84,165,83,64,109,37,110,69,75,194,235,403,84,160,33,170,159,18,69,157,100,37,114,56,136,127,100,176,49,102
166,145,71,26,194,36,151,44,23,60,138,172,322,114,80,85,122,292,172,32,102,166,103,77,141,37,124,93,79,208,228,478,83,145,43,172,147,25,72,167,101,34,113,63,164,143,116,184,66,117
219,177,71,39,212,53,236,66,60,41,180,214,340,126,125,127,147,372,207,32,117,260,132,78,127,57,133,114,90,237,299,525,104,215,55,207,201,39,105,190,115,37,158,56,191,192,135,219,69,136
458,348,165,68,456,93,408,131,138,180,192,463,788,288,233,261,327,761,450,58,233,480,253,163,280,122,291,209,202,541,615,1101,215,415,104,440,403,88,239,458,252,68,326,132,347,368,259,424,160,306
563,485,223,87,570,121,576,198,172,214,463,296,1008,333,293,291,401,1031,553,68,342,619,326,246,387,149,402,269,253,724,839,1612,300,540,132,657,497,90,286,639,410,131,411,206,457,516,378,624,213,347
858,795,374,158,952,209,886,267,322,340,788,1008,801,588,474,506,645,1436,897,109,530,928,537,354,644,214,639,441,447,1137,1366,2475,474,873,203,979,873,173,459,993,633,187,732,349,748,860,621,972,338,578
389,281,149,50,313,79,301,107,114,126,288,333,588,77,179,185,227,592,336,48,172,356,183,132,187,84,211,154,159,403,479,906,186,320,78,356,294,48,156,355,217,61,296,120,243,345,183,357,132,236
284,236,102,39,268,64,254,81,80,125,233,293,474,179,73,141,186,468,279,25,134,264,179,102,158,56,190,133,135,350,398,775,131,254,57,287,256,39,134,290,148,65,205,95,204,249,141,283,101,189
351,236,108,38,316,59,258,90,85,127,261,291,506,185,141,87,203,506,290,34,158,317,191,112,176,65,186,115,136,354,460,867,147,283,57,310,257,40,147,313,192,65,219,121,209,289,156,298,105,189
345,298,145,60,400,86,346,102,122,147,327,401,645,227,186,203,138,643,372,55,220,371,214,147,235,88,219,159,179,450,519,1057,205,368,90,368,331,58,181,391,226,74,301,128,301,359,245,391,149,239
855,824,359,162,1000,181,856,266,292,372,761,1031,1436,592,468,506,643,773,895,109,526,972,511,359,592,220,639,430,461,1142,1330,2418,521,872,199,963,835,169,489,958,623,192,701,359,722,861,623,925,317,655
529,386,201,85,497,128,498,151,172,207,450,553,897,336,279,290,372,895,246,58,271,507,317,219,358,124,332,234,244,609,746,1432,318,533,111,560,485,86,253,545,313,100,398,186,418,493,342,501,190,349
73,47,27,17,80,15,63,19,32,32,58,68,109,48,25,34,55,109,58,3,29,77,40,24,43,22,42,27,37,76,100,155,33,60,14,62,66,8,35,64,39,17,50,22,50,44,39,71,26,61
308,249,125,56,284,58,260,84,102,117,233,342,530,172,134,158,220,526,271,29,69,299,166,100,180,72,177,120,128,344,446,802,153,260,64,285,271,41,130,292,173,52,211,94,218,237,190,276,114,179
512,452,208,94,491,127,485,165,166,260,480,619,928,356,264,317,371,972,507,77,299,262,305,244,363,142,347,235,214,631,765,1444,299,499,108,542,503,100,259,546,328,95,422,215,407,516,342,544,190,361
363,244,122,61,293,76,312,83,103,132,253,326,537,183,179,191,214,511,317,40,166,305,92,123,195,78,196,135,135,387,466,835,171,288,75,339,265,37,143,287,194,60,226,115,241,270,175,322,113,215
241,162,92,33,204,42,183,64,77,78,163,246,354,132,102,112,147,359,219,24,100,244,123,42,136,48,123,92,86,253,299,546,113,209,51,211,201,46,107,208,115,40,139,67,165,199,116,199,86,156
394,279,132,67,342,74,295,109,141,127,280,387,644,187,158,176,235,592,358,43,180,363,195,136,101,96,228,155,175,412,533,900,196,306,81,324,298,49,167,332,193,81,243,120,254,306,202,344,136,240
172,113,39,21,131,34,119,37,37,57,122,149,214,84,56,65,88,220,124,22,72,142,78,48,96,16,71,67,59,182,193,340,62,98,22,124,121,21,74,147,83,30,91,50,112,119,65,135,55,92
388,272,125,57,357,82,334,110,124,133,291,402,639,211,190,186,219,639,332,42,177,347,196,123,228,71,117,150,143,435,497,957,204,285,86,345,312,51,184,366,230,85,256,117,275,307,199,359,150,232
299,199,91,44,246,61,247,69,93,114,209,269,441,154,133,115,159,430,234,27,120,235,135,92,155,67,150,57,132,284,338,683,144,196,46,237,204,43,128,232,152,38,178,90,190,208,167,270,86,169
283,194,94,42,241,42,237,75,79,90,202,253,447,159,135,136,179,461,244,37,128,214,135,86,175,59,143,132,56,296,382,749,131,209,67,273,232,39,128,270,153,61,201,96,192,242,144,267,112,156
610,562,257,133,688,164,634,194,208,237,541,724,1137,403,350,354,450,1142,609,76,344,631,387,253,412,182,435,284,296,374,990,1792,412,583,136,642,637,97,319,737,450,132,511,249,554,569,414,668,256,449
724,675,296,139,774,159,747,235,228,299,615,839,1366,479,398,460,519,1330,746,100,446,765,466,299,533,193,497,338,382,990,585,2142,444,715,146,827,711,129,380,784,468,145,604,293,648,722,477,789,312,542
1234,1207,599,209,1415,286,1320,403,478,525,1101,1612,2475,906,775,867,1057,2418,1432,155,802,1444,835,546,900,340,957,683,749,1792,2142,1974,715,1269,312,1586,1262,250,776,1549,976,284,1078,544,1068,1364,900,1481,484,933
228,247,114,39,255,50,265,84,83,104,215,300,474,186,131,147,205,521,318,33,153,299,171,113,196,62,204,144,131,412,444,715,76,234,74,320,239,42,133,286,185,70,235,119,225,265,175,270,96,192
514,383,186,80,445,115,455,160,145,215,415,540,873,320,254,283,368,872,533,60,260,499,288,209,306,98,285,196,209,583,715,1269,234,198,117,481,459,69,257,484,318,107,356,183,412,489,281,501,181,330
113,104,49,20,114,31,125,33,43,55,104,132,203,78,57,57,90,199,111,14,64,108,75,51,81,22,86,46,67,136,146,312,74,117,12,135,104,21,58,129,87,27,81,53,83,105,52,120,48,80
499,455,204,85,520,114,529,170,172,207,440,657,979,356,287,310,368,963,560,62,285,542,339,211,324,124,345,237,273,642,827,1586,320,481,135,268,497,87,266,577,358,115,415,222,405,514,341,591,201,384
525,381,182,80,470,110,427,159,147,201,403,497,873,294,256,257,331,835,485,66,271,503,265,201,298,121,312,204,232,637,711,1262,239,459,104,497,226,80,245,483,327,92,342,160,355,470,255,456,153,334
98,78,39,14,82,17,79,18,25,39,88,90,173,48,39,40,58,169,86,8,41,100,37,46,49,21,51,43,39,97,129,250,42,69,21,87,80,5,32,96,56,14,71,37,61,85,56,97,29,56
267,219,113,42,251,64,271,69,72,105,239,286,459,156,134,147,181,489,253,35,130,259,143,107,167,74,184,128,128,319,380,776,133,257,58,266,245,32,56,294,177,49,211,104,201,247,156,271,94,162
447,447,210,69,510,115,483,157,167,190,458,639,993,355,290,313,391,958,545,64,292,546,287,208,332,147,366,232,270,737,784,1549,286,484,129,577,483,96,294,292,364,110,398,181,429,506,338,520,199,367
297,269,121,44,337,68,325,100,101,115,252,410,633,217,148,192,226,623,313,39,173,328,194,115,193,83,230,152,153,450,468,976,185,318,87,358,327,56,177,364,104,78,239,137,261,312,212,366,140,224
104,67,52,11,121,22,94,37,34,37,68,131,187,61,65,65,74,192,100,17,52,95,60,40,81,30,85,38,61,132,145,284,70,107,27,115,92,14,49,110,78,11,80,25,83,84,77,106,31,59
404,365,162,62,388,68,371,114,113,158,326,411,732,296,205,219,301,701,398,50,211,422,226,139,243,91,256,178,201,511,604,1078,235,356,81,415,342,71,211,398,239,80,142,153,336,350,255,388,137,279
193,155,70,26,196,47,190,56,63,56,132,206,349,120,95,121,128,359,186,22,94,215,115,67,120,50,117,90,96,249,293,544,119,183,53,222,160,37,104,181,137,25,153,37,159,198,129,197,71,107
432,310,167,66,375,96,375,136,164,191,347,457,748,243,204,209,301,722,418,50,218,407,241,165,254,112,275,190,192,554,648,1068,225,412,83,405,355,61,201,429,261,83,336,159,162,394,233,439,151,304
415,406,194,80,468,109,494,127,143,192,368,516,860,345,249,289,359,861,493,44,237,516,270,199,306,119,307,208,242,569,722,1364,265,489,105,514,470,85,247,506,312,84,350,198,394,245,297,489,164,343
349,244,119,54,323,72,293,100,116,135,259,378,621,183,141,156,245,623,342,39,190,342,175,116,202,65,199,167,144,414,477,900,175,281,52,341,255,56,156,338,212,77,255,129,233,297,102,345,112,205
510,440,222,85,500,94,479,176,184,219,424,624,972,357,283,298,391,925,501,71,276,544,322,199,344,135,359,270,267,668,789,1481,270,501,120,591,456,97,271,520,366,106,388,197,439,489,345,251,201,373
167,162,86,22,203,42,177,49,66,69,160,213,338,132,101,105,149,317,190,26,114,190,113,86,136,55,150,86,112,256,312,484,96,181,48,201,153,29,94,199,140,31,137,71,151,164,112,201,34,132
393,290,119,68,347,84,359,102,117,136,306,347,578,236,189,189,239,655,349,61,179,361,215,156,240,92,232,169,156,449,542,933,192,330,80,384,334,56,162,367,224,59,279,107,304,343,205,373,132,111
