302,445,217,94,506,123,520,160,174,267,468,516,839,385,313,321,399,805,530,71,323,508,340,221,351,162,382,276,315,595,724,1215,243,496,117,548,500,77,236,521,310,101,372,169,416,444,347,484,191,391
445,200,158,63,443,103,406,146,138,196,389,496,753,301,210,240,331,752,436,42,222,472,236,171,270,109,267,175,218,555,682,1216,213,415,115,456,427,68,215,453,296,93,349,132,330,392,261,429,171,291
217,158,28,21,196,38,178,64,65,76,156,205,369,132,95,115,141,342,191,26,107,197,98,81,125,52,138,102,88,259,285,578,111,198,44,218,156,38,93,213,121,45,140,83,157,187,125,203,78,123
94,63,21,6,70,15,74,24,27,44,67,83,141,51,50,52,60,151,84,10,49,100,62,36,61,25,50,49,52,103,123,207,32,85,10,102,82,6,49,87,59,20,52,33,69,68,48,82,23,52
506,443,196,70,266,119,486,186,180,202,422,580,958,335,267,292,377,915,517,61,258,526,308,201,359,126,342,252,263,621,800,1440,283,465,119,588,482,90,286,571,356,110,419,200,428,432,311,501,183,342
123,103,38,15,119,10,85,23,35,51,92,130,185,76,63,77,81,209,112,15,74,132,61,39,78,27,72,54,69,122,186,276,44,115,20,126,116,22,55,127,75,24,84,38,84,93,80,111,36,83
520,406,178,74,486,85,224,150,159,210,409,541,894,320,259,289,381,914,503,71,257,498,289,184,305,118,304,249,254,594,734,1334,262,442,118,561,450,73,234,520,337,87,372,186,363,454,304,495,195,322
160,146,64,24,186,23,150,20,57,61,120,160,276,116,69,85,100,277,141,17,92,155,83,49,101,43,108,73,89,190,213,441,86,135,37,139,141,30,72,174,101,23,117,64,116,154,87,175,61,102
174,138,65,27,180,35,159,57,29,72,149,188,291,102,106,93,138,314,166,18,85,161,107,66,105,34,105,80,67,195,250,471,88,168,37,173,155,22,85,182,108,36,128,60,140,162,89,174,49,105
267,196,76,44,202,51,210,61,72,47,172,225,332,143,104,118,130,352,207,30,118,214,153,69,147,48,140,97,108,245,294,538,91,207,43,185,199,43,98,209,136,44,157,78,166,182,131,187,69,136
468,389,156,67,422,92,409,120,149,172,181,476,730,285,215,245,305,742,452,57,246,452,263,173,274,113,317,203,240,527,634,1168,199,407,99,432,409,87,196,438,280,100,355,165,363,379,254,425,142,311
516,496,205,83,580,130,541,160,188,225,476,344,1038,351,322,347,399,1072,569,81,256,556,301,209,355,123,355,249,260,701,865,1648,343,569,135,601,509,106,277,605,373,117,393,185,442,540,337,556,223,389
839,753,369,141,958,185,894,276,291,332,730,1038,834,600,517,560,676,1557,932,111,497,972,529,361,629,221,583,392,438,1160,1371,2540,519,880,193,1047,811,162,464,980,584,206,663,335,713,829,556,972,345,605
385,301,132,51,335,76,320,116,102,143,285,351,600,106,192,204,230,587,373,37,182,349,195,125,216,75,208,173,170,402,482,889,168,295,76,310,287,55,148,342,226,63,269,141,252,285,211,361,133,216
313,210,95,50,267,63,259,69,106,104,215,322,517,192,72,136,210,503,287,34,140,263,142,94,171,63,170,122,118,353,385,779,151,256,62,272,245,46,138,269,173,51,210,101,182,236,146,254,109,195
321,240,115,52,292,77,289,85,93,118,245,347,560,204,136,92,216,561,308,36,146,299,161,121,186,70,192,131,129,384,431,886,165,271,74,286,273,48,135,307,178,53,231,103,224,251,177,285,127,178
399,331,141,60,377,81,381,100,138,130,305,399,676,230,210,216,132,705,392,31,214,369,214,151,234,97,250,144,190,428,555,1067,195,362,95,378,359,54,185,415,237,77,279,131,305,326,232,369,152,244
805,752,342,151,915,209,914,277,314,352,742,1072,1557,587,503,561,705,837,866,103,480,909,549,355,645,223,575,425,469,1126,1307,2518,482,916,189,966,842,171,487,973,600,190,636,329,744,840,587,970,368,606
530,436,191,84,517,112,503,141,166,207,452,569,932,373,287,308,392,866,270,60,295,507,320,214,309,113,324,237,266,643,755,1429,258,494,136,549,495,89,268,563,363,116,392,192,392,493,300,527,206,372
71,42,26,10,61,15,71,17,18,30,57,81,111,37,34,36,31,103,60,3,32,63,38,29,49,13,44,37,27,67,105,179,20,68,12,65,53,15,31,84,41,8,48,27,54,56,27,75,24,42
323,222,107,49,258,74,257,92,85,118,246,256,497,182,140,146,214,480,295,32,64,264,188,129,182,68,197,128,152,310,402,801,155,264,58,305,263,29,132,303,174,57,200,101,227,252,172,309,100,190
508,472,197,100,526,132,498,155,161,214,452,556,972,349,263,299,369,909,507,63,264,265,305,226,344,149,368,274,271,681,764,1434,253,493,115,581,525,96,268,561,355,118,401,178,387,507,305,529,183,379
340,236,98,62,308,61,289,83,107,153,263,301,529,195,142,161,214,549,320,38,188,305,99,112,181,76,169,131,126,354,412,823,164,271,68,298,274,39,144,302,194,68,235,114,216,251,163,308,115,221
221,171,81,36,201,39,184,49,66,69,173,209,361,125,94,121,151,355,214,29,129,226,112,47,135,51,132,114,102,240,295,524,80,179,35,227,187,36,95,227,152,39,159,76,154,174,121,199,70,143
351,270,125,61,359,78,305,101,105,147,274,355,629,216,171,186,234,645,309,49,182,344,181,135,116,85,220,159,170,418,513,917,177,307,86,347,295,47,170,392,242,68,268,103,227,298,220,348,122,227
162,109,52,25,126,27,118,43,34,48,113,123,221,75,63,70,97,223,113,13,68,149,76,51,85,20,83,62,73,169,213,370,60,121,30,142,137,23,57,134,87,21,99,38,108,130,70,134,49,97
382,267,138,50,342,72,304,108,105,140,317,355,583,208,170,192,250,575,324,44,197,368,169,132,220,83,131,142,190,412,505,988,181,320,68,378,302,52,158,383,226,51,280,111,253,326,195,337,129,248
276,175,102,49,252,54,249,73,80,97,203,249,392,173,122,131,144,425,237,37,128,274,131,114,159,62,142,64,118,266,353,671,105,244,58,244,235,33,123,245,176,47,189,85,170,220,142,235,95,147
315,218,88,52,263,69,254,89,67,108,240,260,438,170,118,129,190,469,266,27,152,271,126,102,170,73,190,118,63,311,386,670,122,247,46,269,237,46,127,299,160,55,181,87,217,204,154,279,75,175
595,555,259,103,621,122,594,190,195,245,527,701,1160,402,353,384,428,1126,643,67,310,681,354,240,418,169,412,266,311,395,942,1865,375,538,158,659,610,90,340,667,418,125,486,240,540,587,396,686,234,395
724,682,285,123,800,186,734,213,250,294,634,865,1371,482,385,431,555,1307,755,105,402,764,412,295,513,213,505,353,386,942,557,2172,398,705,182,837,701,127,386,810,503,177,577,272,584,701,456,816,253,505
1215,1216,578,207,1440,276,1334,441,471,538,1168,1648,2540,889,779,886,1067,2518,1429,179,801,1434,823,524,917,370,988,671,670,1865,2172,2039,758,1315,326,1529,1265,221,727,1515,966,312,1012,537,1066,1337,904,1412,503,936
243,213,111,32,283,44,262,86,88,91,199,343,519,168,151,165,195,482,258,20,155,253,164,80,177,60,181,105,122,375,398,758,79,234,57,279,238,44,140,296,195,65,207,107,179,247,183,294,99,173
496,415,198,85,465,115,442,135,168,207,407,569,880,295,256,271,362,916,494,68,264,493,271,179,307,121,320,244,247,538,705,1315,234,215,114,484,425,93,269,499,346,104,395,165,338,413,288,519,187,334
117,115,44,10,119,20,118,37,37,43,99,135,193,76,62,74,95,189,136,12,58,115,68,35,86,30,68,58,46,158,182,326,57,114,9,108,101,28,51,134,76,21,71,47,97,105,72,122,48,81
548,456,218,102,588,126,561,139,173,185,432,601,1047,310,272,286,378,966,549,65,305,581,298,227,347,142,378,244,269,659,837,1529,279,484,108,285,543,81,259,606,397,105,423,178,431,536,332,586,204,368
500,427,156,82,482,116,450,141,155,199,409,509,811,287,245,273,359,842,495,53,263,525,274,187,295,137,302,235,237,610,701,1265,238,425,101,543,219,75,234,529,336,104,373,175,335,413,311,483,190,304
77,68,38,6,90,22,73,30,22,43,87,106,162,55,46,48,54,171,89,15,29,96,39,36,47,23,52,33,46,90,127,221,44,93,28,81,75,6,44,92,59,12,75,33,68,85,74,95,36,68
236,215,93,49,286,55,234,72,85,98,196,277,464,148,138,135,185,487,268,31,132,268,144,95,170,57,158,123,127,340,386,727,140,269,51,259,234,44,60,309,176,48,194,102,188,260,154,279,92,179
521,453,213,87,571,127,520,174,182,209,438,605,980,342,269,307,415,973,563,84,303,561,302,227,392,134,383,245,299,667,810,1515,296,499,134,606,529,92,309,289,366,110,407,185,463,516,339,564,218,370
310,296,121,59,356,75,337,101,108,136,280,373,584,226,173,178,237,600,363,41,174,355,194,152,242,87,226,176,160,418,503,966,195,346,76,397,336,59,176,366,100,76,253,130,268,319,212,369,148,224
101,93,45,20,110,24,87,23,36,44,100,117,206,63,51,53,77,190,116,8,57,118,68,39,68,21,51,47,55,125,177,312,65,104,21,105,104,12,48,110,76,11,70,40,81,105,65,105,38,81
372,349,140,52,419,84,372,117,128,157,355,393,663,269,210,231,279,636,392,48,200,401,235,159,268,99,280,189,181,486,577,1012,207,395,71,423,373,75,194,407,253,70,125,144,316,340,250,418,146,234
169,132,83,33,200,38,186,64,60,78,165,185,335,141,101,103,131,329,192,27,101,178,114,76,103,38,111,85,87,240,272,537,107,165,47,178,175,33,102,185,130,40,144,33,145,168,118,205,78,141
416,330,157,69,428,84,363,116,140,166,363,442,713,252,182,224,305,744,392,54,227,387,216,154,227,108,253,170,217,540,584,1066,179,338,97,431,335,68,188,463,268,81,316,145,133,353,238,399,150,298
444,392,187,68,432,93,454,154,162,182,379,540,829,285,236,251,326,840,493,56,252,507,251,174,298,130,326,220,204,587,701,1337,247,413,105,536,413,85,260,516,319,105,340,168,353,230,285,495,162,292
347,261,125,48,311,80,304,87,89,131,254,337,556,211,146,177,232,587,300,27,172,305,163,121,220,70,195,142,154,396,456,904,183,288,72,332,311,74,154,339,212,65,250,118,238,285,84,354,113,217
484,429,203,82,501,111,495,175,174,187,425,556,972,361,254,285,369,970,527,75,309,529,308,199,348,134,337,235,279,686,816,1412,294,519,122,586,483,95,279,564,369,105,418,205,399,495,354,292,189,331
191,171,78,23,183,36,195,61,49,69,142,223,345,133,109,127,152,368,206,24,100,183,115,70,122,49,129,95,75,234,253,503,99,187,48,204,190,36,92,218,148,38,146,78,150,162,113,189,36,127
391,291,123,52,342,83,322,102,105,136,311,389,605,216,195,178,244,606,372,42,190,379,221,143,227,97,248,147,175,395,505,936,173,334,81,368,304,68,179,370,224,81,234,141,298,292,217,331,127,125
