263,471,207,79,486,107,501,188,179,249,464,508,843,391,298,339,363,836,513,76,299,499,341,188,355,147,367,280,300,575,691,1160,249,466,107,518,488,83,250,457,274,89,396,163,424,451,328,517,182,369
471,207,184,78,447,103,454,105,165,181,416,486,766,286,226,234,324,772,469,48,238,479,267,197,294,96,288,188,224,507,681,1233,260,393,106,482,435,61,199,490,293,75,348,150,376,394,252,456,152,299
207,184,44,44,208,48,210,49,83,83,187,191,362,111,101,122,152,341,202,34,104,192,93,78,116,54,138,81,100,235,282,562,98,177,45,232,189,38,104,197,118,35,164,77,150,181,122,207,71,147
79,78,44,3,71,13,95,33,30,33,70,93,153,62,55,52,52,160,87,15,52,72,52,37,48,19,54,38,49,104,96,236,44,71,25,93,77,10,57,73,51,13,54,36,68,59,46,83,35,67
486,447,208,71,243,101,485,155,164,213,423,549,904,332,258,297,369,927,541,75,269,561,306,211,337,158,391,235,264,619,755,1367,286,467,136,549,480,87,244,546,321,92,380,196,407,434,328,580,177,336
107,103,48,13,101,9,106,44,49,50,102,113,178,79,68,57,85,194,109,14,69,97,73,45,63,27,70,49,69,135,128,303,47,106,32,129,91,20,70,104,61,19,83,43,75,93,66,113,39,71
501,454,210,95,485,106,224,146,164,210,403,536,871,313,258,276,339,863,493,61,299,465,306,185,318,131,341,199,281,627,689,1253,233,474,126,502,430,77,227,500,298,122,361,161,372,449,293,455,185,348
188,105,49,33,155,44,146,27,54,53,138,182,296,90,81,83,118,307,159,11,82,155,82,57,105,31,91,68,65,186,244,416,94,160,31,174,139,26,80,143,98,31,117,59,126,133,115,156,54,112
179,165,83,30,164,49,164,54,28,77,171,159,296,118,96,95,136,299,181,22,84,187,106,81,114,52,118,76,74,220,244,464,98,133,50,176,162,24,76,175,98,35,126,55,132,128,105,180,68,115
249,181,83,33,213,50,210,53,77,34,141,204,369,144,114,118,157,385,202,25,107,224,132,72,128,54,150,98,106,273,300,555,116,167,53,220,201,22,99,222,149,42,168,72,181,180,128,212,75,135
464,416,187,70,423,102,403,138,171,141,169,441,746,278,246,241,319,773,435,56,232,430,262,159,294,126,303,207,210,536,605,1149,228,400,98,457,371,64,186,437,273,105,352,152,334,400,285,443,148,283
508,486,191,93,549,113,536,182,159,204,441,344,988,344,290,292,401,945,544,69,310,527,334,233,384,139,378,250,286,686,829,1528,301,481,135,622,532,112,286,589,335,120,386,202,454,463,380,581,224,393
843,766,362,153,904,178,871,296,296,369,746,988,771,602,502,524,652,1416,894,109,525,890,548,372,581,211,576,402,461,1119,1283,2316,474,860,201,978,868,160,439,935,554,155,653,344,711,783,579,892,322,600
391,286,111,62,332,79,313,90,118,144,278,344,602,98,160,170,239,607,321,47,177,325,198,142,226,100,236,163,176,439,499,878,193,306,88,316,317,52,166,356,217,53,269,123,264,329,195,338,148,255
298,226,101,55,258,68,258,81,96,114,246,290,502,160,69,136,189,497,281,23,129,288,152,95,177,71,184,117,132,297,400,788,179,257,57,258,224,51,122,249,168,62,207,112,214,264,170,275,83,183
339,234,122,52,297,57,276,83,95,118,241,292,524,170,136,67,212,508,279,23,149,282,159,113,190,71,193,119,147,335,440,864,169,288,69,299,254,45,139,287,162,54,217,102,242,277,161,294,102,174
363,324,152,52,369,85,339,118,136,157,319,401,652,239,189,212,147,633,375,53,198,377,211,149,233,84,240,186,175,460,536,1002,212,310,86,393,344,52,182,425,245,58,274,129,281,369,227,367,121,236
836,772,341,160,927,194,863,307,299,385,773,945,1416,607,497,508,633,753,902,116,523,900,564,349,605,213,600,407,440,1074,1326,2313,485,872,176,958,826,170,443,939,588,181,641,346,725,836,577,945,305,596
513,469,202,87,541,109,493,159,181,202,435,544,894,321,281,279,375,902,249,53,285,462,330,183,335,149,344,230,272,588,707,1377,288,494,111,523,440,86,254,549,319,112,385,174,406,488,332,517,195,348
76,48,34,15,75,14,61,11,22,25,56,69,109,47,23,23,53,116,53,4,30,63,40,22,36,16,43,21,27,64,81,158,28,64,10,69,50,13,34,55,55,8,36,28,48,49,43,53,19,45
299,238,104,52,269,69,299,82,84,107,232,310,525,177,129,149,198,523,285,30,83,277,163,111,178,67,172,134,132,354,411,836,135,274,50,256,273,41,134,302,180,53,235,119,241,254,181,279,111,179
499,479,192,72,561,97,465,155,187,224,430,527,890,325,288,282,377,900,462,63,277,288,324,216,358,142,359,263,284,697,757,1386,279,482,110,544,419,90,247,554,347,110,396,179,443,464,321,510,197,351
341,267,93,52,306,73,306,82,106,132,262,334,548,198,152,159,211,564,330,40,163,324,74,134,195,72,221,129,147,385,452,858,176,289,62,286,267,46,161,353,211,58,229,112,256,286,185,327,110,214
188,197,78,37,211,45,185,57,81,72,159,233,372,142,95,113,149,349,183,22,111,216,134,36,146,50,129,100,98,282,291,544,97,188,51,209,183,37,97,215,141,29,154,78,163,178,143,228,62,135
355,294,116,48,337,63,318,105,114,128,294,384,581,226,177,190,233,605,335,36,178,358,195,146,114,94,227,143,154,407,505,967,191,308,76,360,273,58,168,370,239,74,269,130,245,302,204,372,117,234
147,96,54,19,158,27,131,31,52,54,126,139,211,100,71,71,84,213,149,16,67,142,72,50,94,20,65,56,68,167,179,317,68,132,35,119,130,23,65,134,83,24,101,49,126,118,92,134,64,103
367,288,138,54,391,70,341,91,118,150,303,378,576,236,184,193,240,600,344,43,172,359,221,129,227,65,105,161,185,407,497,947,180,354,81,343,318,55,168,380,233,54,262,119,287,316,207,351,150,262
280,188,81,38,235,49,199,68,76,98,207,250,402,163,117,119,186,407,230,21,134,263,129,100,143,56,161,55,115,264,369,655,115,235,66,253,240,54,112,248,135,42,171,80,183,223,144,265,94,175
300,224,100,49,264,69,281,65,74,106,210,286,461,176,132,147,175,440,272,27,132,284,147,98,154,68,185,115,67,325,397,709,142,234,63,259,246,34,138,277,171,49,205,79,216,238,142,284,98,164
575,507,235,104,619,135,627,186,220,273,536,686,1119,439,297,335,460,1074,588,64,354,697,385,282,407,167,407,264,325,349,974,1707,342,595,144,660,609,136,302,692,407,119,460,230,518,550,397,704,227,434
691,681,282,96,755,128,689,244,244,300,605,829,1283,499,400,440,536,1326,707,81,411,757,452,291,505,179,497,369,397,974,515,1982,385,686,163,767,669,138,408,766,479,140,574,265,576,667,470,754,238,515
1160,1233,562,236,1367,303,1253,416,464,555,1149,1528,2316,878,788,864,1002,2313,1377,158,836,1386,858,544,967,317,947,655,709,1707,1982,1858,698,1319,301,1461,1262,241,669,1459,857,277,998,537,1108,1242,841,1445,505,948
249,260,98,44,286,47,233,94,98,116,228,301,474,193,179,169,212,485,288,28,135,279,176,97,191,68,180,115,142,342,385,698,76,252,52,296,250,48,139,291,169,55,189,98,227,255,192,259,99,179
466,393,177,71,467,106,474,160,133,167,400,481,860,306,257,288,310,872,494,64,274,482,289,188,308,132,354,235,234,595,686,1319,252,230,115,499,412,84,252,498,287,100,347,193,383,409,304,491,164,346
107,106,45,25,136,32,126,31,50,53,98,135,201,88,57,69,86,176,111,10,50,110,62,51,76,35,81,66,63,144,163,301,52,115,13,127,108,20,72,103,89,18,71,44,87,117,66,130,35,75
518,482,232,93,549,129,502,174,176,220,457,622,978,316,258,299,393,958,523,69,256,544,286,209,360,119,343,253,259,660,767,1461,296,499,127,265,499,92,306,549,338,114,391,204,433,458,337,542,190,324
488,435,189,77,480,91,430,139,162,201,371,532,868,317,224,254,344,826,440,50,273,419,267,183,273,130,318,240,246,609,669,1262,250,412,108,499,221,80,259,481,302,92,343,170,379,397,273,448,156,343
83,61,38,10,87,20,77,26,24,22,64,112,160,52,51,45,52,170,86,13,41,90,46,37,58,23,55,54,34,136,138,241,48,84,20,92,80,5,45,86,66,20,68,31,72,82,49,92,46,46
250,199,104,57,244,70,227,80,76,99,186,286,439,166,122,139,182,443,254,34,134,247,161,97,168,65,168,112,138,302,408,669,139,252,72,306,259,45,57,225,158,51,191,107,223,245,149,259,90,176
457,490,197,73,546,104,500,143,175,222,437,589,935,356,249,287,425,939,549,55,302,554,353,215,370,134,380,248,277,692,766,1459,291,498,103,549,481,86,225,269,319,104,383,192,441,467,336,521,169,342
274,293,118,51,321,61,298,98,98,149,273,335,554,217,168,162,245,588,319,55,180,347,211,141,239,83,233,135,171,407,479,857,169,287,89,338,302,66,158,319,118,63,224,121,284,287,205,343,117,229
89,75,35,13,92,19,122,31,35,42,105,120,155,53,62,54,58,181,112,8,53,110,58,29,74,24,54,42,49,119,140,277,55,100,18,114,92,20,51,104,63,8,77,33,94,98,62,115,50,83
396,348,164,54,380,83,361,117,126,168,352,386,653,269,207,217,274,641,385,36,235,396,229,154,269,101,262,171,205,460,574,998,189,347,71,391,343,68,191,383,224,77,127,138,327,335,270,402,132,273
163,150,77,36,196,43,161,59,55,72,152,202,344,123,112,102,129,346,174,28,119,179,112,78,130,49,119,80,79,230,265,537,98,193,44,204,170,31,107,192,121,33,138,38,160,156,132,174,82,109
424,376,150,68,407,75,372,126,132,181,334,454,711,264,214,242,281,725,406,48,241,443,256,163,245,126,287,183,216,518,576,1108,227,383,87,433,379,72,223,441,284,94,327,160,168,374,246,428,154,312
451,394,181,59,434,93,449,133,128,180,400,463,783,329,264,277,369,836,488,49,254,464,286,178,302,118,316,223,238,550,667,1242,255,409,117,458,397,82,245,467,287,98,335,156,374,212,314,505,151,308
328,252,122,46,328,66,293,115,105,128,285,380,579,195,170,161,227,577,332,43,181,321,185,143,204,92,207,144,142,397,470,841,192,304,66,337,273,49,149,336,205,62,270,132,246,314,104,351,113,208
517,456,207,83,580,113,455,156,180,212,443,581,892,338,275,294,367,945,517,53,279,510,327,228,372,134,351,265,284,704,754,1445,259,491,130,542,448,92,259,521,343,115,402,174,428,505,351,254,206,371
182,152,71,35,177,39,185,54,68,75,148,224,322,148,83,102,121,305,195,19,111,197,110,62,117,64,150,94,98,227,238,505,99,164,35,190,156,46,90,169,117,50,132,82,154,151,113,206,25,141
369,299,147,67,336,71,348,112,115,135,283,393,600,255,183,174,236,596,348,45,179,351,214,135,234,103,262,175,164,434,515,948,179,346,75,324,343,46,176,342,229,83,273,109,312,308,208,371,141,114
