267,489,198,86,480,111,472,177,153,217,429,517,827,380,290,301,368,811,507,68,290,494,335,197,346,130,351,270,304,636,705,1171,249,434,90,521,459,68,238,479,326,110,341,169,419,393,308,472,158,369
489,179,173,73,415,82,419,120,148,162,358,516,801,282,216,252,332,772,433,41,236,439,230,149,278,106,282,202,214,520,665,1162,233,368,100,486,403,75,226,454,272,91,330,179,341,377,297,466,175,262
198,173,41,44,205,54,195,73,62,102,207,180,348,149,112,122,146,378,189,18,105,197,120,90,141,55,130,103,100,244,267,535,101,185,48,198,191,34,106,243,121,41,146,85,166,202,124,220,76,147
86,73,44,8,104,16,75,36,24,41,77,97,128,64,43,43,65,147,85,13,55,83,51,44,59,25,60,50,57,101,125,219,44,73,20,100,75,12,43,93,70,11,59,44,77,64,57,82,27,65
480,415,205,104,251,108,493,146,171,222,401,577,908,315,280,312,383,892,490,44,305,515,293,190,322,134,337,219,254,591,761,1369,274,457,116,538,466,101,237,515,323,99,350,206,417,467,316,553,179,362
111,82,54,16,108,10,100,50,27,31,94,111,196,76,62,73,75,183,114,14,67,110,65,47,87,32,85,58,64,145,158,266,65,102,29,120,96,21,64,120,79,17,81,37,86,97,64,104,41,82
472,419,195,75,493,100,212,158,144,183,407,560,884,323,241,290,371,842,520,49,267,497,267,201,310,125,323,237,257,642,718,1288,229,461,125,539,446,74,234,516,321,106,354,161,384,427,300,492,161,319
177,120,73,36,146,50,158,9,47,67,141,153,277,115,70,96,114,269,134,24,88,177,92,75,103,38,100,68,77,174,237,397,86,162,41,156,147,36,73,166,97,27,128,64,133,164,108,175,61,117
153,148,62,24,171,27,144,47,30,80,161,190,281,104,94,90,128,279,154,15,83,156,102,70,113,47,98,77,75,196,235,428,83,136,40,164,152,30,75,188,107,29,113,76,125,138,98,162,60,96
217,162,102,41,222,31,183,67,80,53,168,244,359,133,122,130,179,353,228,30,136,231,145,84,134,47,152,84,94,270,300,531,109,197,40,206,189,27,108,209,135,46,170,68,152,202,141,221,57,136
429,358,207,77,401,94,407,141,161,168,178,497,755,287,270,256,324,745,439,55,236,488,268,164,302,111,312,210,215,523,672,1164,258,395,103,415,396,88,202,478,311,87,304,163,358,411,279,448,167,269
517,516,180,97,577,111,560,153,190,244,497,298,1019,384,305,338,406,1008,556,69,300,577,361,245,347,137,408,260,274,682,863,1456,295,518,113,629,471,106,230,624,346,113,420,212,469,511,330,609,190,360
827,801,348,128,908,196,884,277,281,359,755,1019,800,649,475,536,646,1453,944,108,531,954,532,384,616,265,641,449,460,1097,1349,2377,468,828,213,945,858,177,448,932,611,181,648,331,731,808,580,966,328,606
380,282,149,64,315,76,323,115,104,133,287,384,649,101,181,181,243,632,322,39,185,317,206,125,226,76,211,157,150,449,479,892,181,288,70,347,309,48,139,336,218,85,265,119,248,316,228,365,125,246
290,216,112,43,280,62,241,70,94,122,270,305,475,181,80,141,193,496,280,22,166,270,158,100,164,46,151,127,118,342,426,770,149,233,68,261,249,45,126,285,190,44,217,91,193,267,157,300,104,198
301,252,122,43,312,73,290,96,90,130,256,338,536,181,141,87,216,560,290,30,153,302,155,113,180,54,183,137,129,358,430,879,180,278,66,281,248,42,157,328,191,73,237,103,213,291,177,310,113,199
368,332,146,65,383,75,371,114,128,179,324,406,646,243,193,216,137,642,348,47,185,377,220,161,252,103,243,157,172,479,601,985,203,360,72,371,352,67,187,390,243,77,260,138,324,333,245,373,131,233
811,772,378,147,892,183,842,269,279,353,745,1008,1453,632,496,560,642,771,943,102,518,927,505,356,614,230,585,413,452,1056,1369,2410,468,850,191,951,827,148,422,914,575,174,638,343,708,794,547,937,316,619
507,433,189,85,490,114,520,134,154,228,439,556,944,322,280,290,348,943,274,55,291,501,320,182,375,149,359,220,244,586,829,1468,309,504,106,548,446,77,250,617,354,115,357,186,420,519,324,525,175,342
68,41,18,13,44,14,49,24,15,30,55,69,108,39,22,30,47,102,55,2,32,61,29,20,38,24,46,22,33,79,105,173,28,72,12,58,63,10,36,66,38,8,54,24,54,57,32,75,22,42
290,236,105,55,305,67,267,88,83,136,236,300,531,185,166,153,185,518,291,32,76,300,139,113,166,55,164,113,140,346,420,795,157,247,66,246,271,39,133,317,170,55,239,98,215,258,156,322,104,186
494,439,197,83,515,110,497,177,156,231,488,577,954,317,270,302,377,927,501,61,300,283,305,194,348,147,356,248,267,672,785,1399,271,503,104,520,445,92,286,554,364,132,380,199,419,483,327,517,160,360
335,230,120,51,293,65,267,92,102,145,268,361,532,206,158,155,220,505,320,29,139,305,74,116,178,84,198,124,147,350,448,812,160,260,64,330,279,49,152,325,207,57,227,119,237,263,172,315,109,217
197,149,90,44,190,47,201,75,70,84,164,245,384,125,100,113,161,356,182,20,113,194,116,42,136,49,146,98,100,269,314,517,115,197,40,214,196,32,105,228,141,57,142,86,165,185,147,221,79,135
346,278,141,59,322,87,310,103,113,134,302,347,616,226,164,180,252,614,375,38,166,348,178,136,117,97,239,166,162,386,505,892,188,293,74,351,323,55,175,358,236,68,241,99,253,353,183,336,121,200
130,106,55,25,134,32,125,38,47,47,111,137,265,76,46,54,103,230,149,24,55,147,84,49,97,18,97,62,67,137,205,384,64,110,22,124,130,18,70,139,88,27,99,48,102,125,79,139,53,91
351,282,130,60,337,85,323,100,98,152,312,408,641,211,151,183,243,585,359,46,164,356,198,146,239,97,135,144,194,416,515,981,196,309,87,338,328,60,183,341,219,70,259,122,298,308,208,391,141,224
270,202,103,50,219,58,237,68,77,84,210,260,449,157,127,137,157,413,220,22,113,248,124,98,166,62,144,61,102,287,380,720,122,200,54,221,228,46,124,271,172,43,205,87,206,252,161,223,87,139
304,214,100,57,254,64,257,77,75,94,215,274,460,150,118,129,172,452,244,33,140,267,147,100,162,67,194,102,60,309,370,731,145,236,49,262,244,39,119,269,171,49,193,84,208,232,159,288,82,170
636,520,244,101,591,145,642,174,196,270,523,682,1097,449,342,358,479,1056,586,79,346,672,350,269,386,137,416,287,309,388,971,1776,324,600,129,679,585,95,325,625,382,125,488,249,495,550,385,665,212,457
705,665,267,125,761,158,718,237,235,300,672,863,1349,479,426,430,601,1369,829,105,420,785,448,314,505,205,515,380,370,971,563,2030,402,714,156,828,661,121,361,827,525,177,556,301,594,702,473,752,261,515
1171,1162,535,219,1369,266,1288,397,428,531,1164,1456,2377,892,770,879,985,2410,1468,173,795,1399,812,517,892,384,981,720,731,1776,2030,1843,706,1314,305,1448,1268,220,645,1469,876,293,1062,508,1137,1307,880,1390,512,915
249,233,101,44,274,65,229,86,83,109,258,295,468,181,149,180,203,468,309,28,157,271,160,115,188,64,196,122,145,324,402,706,71,247,53,319,258,44,136,279,176,61,191,107,218,255,171,282,102,196
434,368,185,73,457,102,461,162,136,197,395,518,828,288,233,278,360,850,504,72,247,503,260,197,293,110,309,200,236,600,714,1314,247,213,109,501,419,85,237,514,330,93,375,170,367,443,280,511,154,317
90,100,48,20,116,29,125,41,40,40,103,113,213,70,68,66,72,191,106,12,66,104,64,40,74,22,87,54,49,129,156,305,53,109,13,117,102,22,66,104,89,24,73,31,110,107,69,140,28,72
521,486,198,100,538,120,539,156,164,206,415,629,945,347,261,281,371,951,548,58,246,520,330,214,351,124,338,221,262,679,828,1448,319,501,117,292,499,80,281,591,365,119,395,200,427,484,308,563,198,375
459,403,191,75,466,96,446,147,152,189,396,471,858,309,249,248,352,827,446,63,271,445,279,196,323,130,328,228,244,585,661,1268,258,419,102,499,197,82,218,491,326,105,350,188,384,416,297,471,158,310
68,75,34,12,101,21,74,36,30,27,88,106,177,48,45,42,67,148,77,10,39,92,49,32,55,18,60,46,39,95,121,220,44,85,22,80,82,5,47,83,52,19,67,32,67,78,55,102,31,51
238,226,106,43,237,64,234,73,75,108,202,230,448,139,126,157,187,422,250,36,133,286,152,105,175,70,183,124,119,325,361,645,136,237,66,281,218,47,60,279,156,47,191,101,189,259,156,264,92,175
479,454,243,93,515,120,516,166,188,209,478,624,932,336,285,328,390,914,617,66,317,554,325,228,358,139,341,271,269,625,827,1469,279,514,104,591,491,83,279,297,343,119,376,186,399,465,334,559,183,393
326,272,121,70,323,79,321,97,107,135,311,346,611,218,190,191,243,575,354,38,170,364,207,141,236,88,219,172,171,382,525,876,176,330,89,365,326,52,156,343,100,61,254,116,291,321,217,326,122,227
110,91,41,11,99,17,106,27,29,46,87,113,181,85,44,73,77,174,115,8,55,132,57,57,68,27,70,43,49,125,177,293,61,93,24,119,105,19,47,119,61,13,78,42,85,115,53,109,31,70
341,330,146,59,350,81,354,128,113,170,304,420,648,265,217,237,260,638,357,54,239,380,227,142,241,99,259,205,193,488,556,1062,191,375,73,395,350,67,191,376,254,78,132,139,280,357,242,345,158,285
169,179,85,44,206,37,161,64,76,68,163,212,331,119,91,103,138,343,186,24,98,199,119,86,99,48,122,87,84,249,301,508,107,170,31,200,188,32,101,186,116,42,139,28,144,200,116,183,67,133
419,341,166,77,417,86,384,133,125,152,358,469,731,248,193,213,324,708,420,54,215,419,237,165,253,102,298,206,208,495,594,1137,218,367,110,427,384,67,189,399,291,85,280,144,177,385,236,408,150,267
393,377,202,64,467,97,427,164,138,202,411,511,808,316,267,291,333,794,519,57,258,483,263,185,353,125,308,252,232,550,702,1307,255,443,107,484,416,78,259,465,321,115,357,200,385,199,314,455,163,318
308,297,124,57,316,64,300,108,98,141,279,330,580,228,157,177,245,547,324,32,156,327,172,147,183,79,208,161,159,385,473,880,171,280,69,308,297,55,156,334,217,53,242,116,236,314,91,337,108,226
472,466,220,82,553,104,492,175,162,221,448,609,966,365,300,310,373,937,525,75,322,517,315,221,336,139,391,223,288,665,752,1390,282,511,140,563,471,102,264,559,326,109,345,183,408,455,337,224,198,354
158,175,76,27,179,41,161,61,60,57,167,190,328,125,104,113,131,316,175,22,104,160,109,79,121,53,141,87,82,212,261,512,102,154,28,198,158,31,92,183,122,31,158,67,150,163,108,198,27,121
369,262,147,65,362,82,319,117,96,136,269,360,606,246,198,199,233,619,342,42,186,360,217,135,200,91,224,139,170,457,515,915,196,317,72,375,310,51,175,393,227,70,285,133,267,318,226,354,121,104
