274,435,214,72,495,103,449,189,158,249,482,500,794,350,318,349,362,803,527,68,295,536,338,182,375,140,348,290,305,621,727,1216,274,483,136,496,443,98,254,471,327,89,368,178,431,430,318,488,186,374
435,190,179,85,434,103,408,117,148,200,387,480,774,283,236,248,326,803,422,60,241,446,267,187,295,119,281,219,226,554,676,1158,267,423,100,434,435,87,211,459,298,75,328,155,375,378,264,460,169,299
214,179,27,33,209,43,161,58,66,79,173,209,350,131,111,122,139,383,211,17,119,191,131,76,126,49,131,79,97,263,304,541,108,183,42,191,160,31,96,218,162,63,172,56,158,201,146,194,76,143
72,85,33,9,87,19,80,26,33,30,70,86,148,53,57,54,66,152,83,13,44,88,43,31,59,28,63,38,40,100,107,226,38,66,19,88,90,17,45,78,51,17,66,46,75,84,57,95,29,62
495,434,209,87,257,112,468,160,160,227,429,561,931,340,285,290,391,932,525,61,290,509,304,182,318,130,348,255,252,655,752,1396,281,457,133,535,433,89,274,529,346,112,384,187,411,477,342,554,201,334
103,103,43,19,112,12,102,40,44,47,90,112,186,70,61,59,73,186,90,19,69,122,63,53,80,36,80,61,61,126,157,292,62,100,25,118,113,23,56,92,68,20,89,49,105,87,73,107,38,79
449,408,161,80,468,102,196,162,138,183,382,511,866,296,271,270,327,859,442,70,269,456,284,196,320,128,336,240,247,596,709,1298,264,449,101,486,448,83,259,474,319,105,387,170,361,398,294,488,158,313
189,117,58,26,160,40,162,21,42,60,127,160,276,99,97,95,98,270,151,24,71,154,95,52,112,41,103,80,86,184,259,426,90,155,34,148,140,16,72,167,109,29,107,68,147,133,105,151,70,105
158,148,66,33,160,44,138,42,31,87,157,192,288,100,91,99,121,276,146,23,89,151,93,63,122,53,111,78,80,198,233,448,90,159,47,187,163,28,67,166,111,34,116,58,117,160,108,173,61,144
249,200,79,30,227,47,183,60,87,43,171,222,357,169,116,131,144,384,198,19,120,208,116,80,149,48,151,102,105,258,350,515,105,201,42,195,209,32,116,213,130,43,163,62,182,208,147,221,84,159
482,387,173,70,429,90,382,127,157,171,179,476,797,286,215,251,310,746,401,49,259,412,266,155,275,117,311,213,201,548,626,1117,219,389,103,445,405,58,227,445,259,84,306,149,339,371,272,413,167,304
500,480,209,86,561,112,511,160,192,222,476,328,1007,341,284,302,424,978,524,71,291,540,313,225,374,157,398,259,271,688,823,1563,335,501,124,569,492,111,270,578,381,106,440,200,419,510,336,564,217,395
794,774,350,148,931,186,866,276,288,357,797,1007,763,560,490,513,621,1386,944,109,479,909,590,383,596,223,638,445,481,1100,1376,2437,457,831,198,956,802,146,454,981,604,192,655,338,727,833,608,901,313,640
350,283,131,53,340,70,296,99,100,169,286,341,560,120,182,196,235,545,346,33,188,329,196,136,207,85,241,175,169,372,492,885,166,306,87,297,328,48,138,355,203,66,242,115,289,325,220,377,127,253
318,236,111,57,285,61,271,97,91,116,215,284,490,182,64,134,197,469,293,34,150,274,168,118,168,70,165,106,133,360,388,750,140,275,61,256,251,36,150,278,169,70,238,81,216,256,160,284,97,155
349,248,122,54,290,59,270,95,99,131,251,302,513,196,134,84,199,507,295,40,169,299,174,136,185,70,178,125,144,360,435,803,163,270,80,292,256,57,123,296,177,59,216,82,239,266,188,324,114,177
362,326,139,66,391,73,327,98,121,144,310,424,621,235,197,199,126,620,359,51,193,352,249,152,238,94,257,183,187,431,567,1007,210,339,83,381,329,67,157,374,235,81,278,131,303,327,212,391,139,233
803,803,383,152,932,186,859,270,276,384,746,978,1386,545,469,507,620,765,892,108,484,905,586,348,578,238,629,464,487,1105,1338,2390,449,873,178,925,807,159,434,942,571,174,615,325,704,803,573,904,322,625
527,422,211,83,525,90,442,151,146,198,401,524,944,346,293,295,359,892,253,62,288,511,335,216,323,118,311,219,270,625,702,1520,306,503,110,534,478,87,262,572,330,97,384,187,424,475,294,501,201,360
68,60,17,13,61,19,70,24,23,19,49,71,109,33,34,40,51,108,62,4,38,53,34,23,37,19,50,45,30,78,103,170,37,57,21,61,62,7,34,61,47,11,53,25,53,60,44,74,24,48
295,241,119,44,290,69,269,71,89,120,259,291,479,188,150,169,193,484,288,38,83,294,148,106,188,68,193,134,134,326,395,752,142,270,61,273,277,40,145,281,181,61,218,99,230,244,155,322,102,175
536,446,191,88,509,122,456,154,151,208,412,540,909,329,274,299,352,905,511,53,294,244,322,188,346,140,351,273,259,644,735,1391,273,483,114,528,490,82,252,554,336,110,406,170,388,481,300,504,180,379
338,267,131,43,304,63,284,95,93,116,266,313,590,196,168,174,249,586,335,34,148,322,93,142,202,70,199,146,163,393,455,855,168,267,68,302,297,38,150,307,186,80,228,95,250,256,173,329,111,187
182,187,76,31,182,53,196,52,63,80,155,225,383,136,118,136,152,348,216,23,106,188,142,38,128,48,136,84,99,259,280,558,115,187,47,192,198,30,81,208,125,43,132,70,167,189,124,220,72,129
375,295,126,59,318,80,320,112,122,149,275,374,596,207,168,185,238,578,323,37,188,346,202,128,86,94,219,155,166,415,503,920,180,302,72,334,304,51,174,356,199,74,257,120,234,318,193,330,144,215
140,119,49,28,130,36,128,41,53,48,117,157,223,85,70,70,94,238,118,19,68,140,70,48,94,16,85,59,56,151,183,357,79,158,19,124,138,17,49,149,83,20,97,35,107,117,79,137,48,103
348,281,131,63,348,80,336,103,111,151,311,398,638,241,165,178,257,629,311,50,193,351,199,136,219,85,126,148,156,428,506,945,181,357,65,333,320,58,171,349,213,71,262,124,271,307,217,368,120,220
290,219,79,38,255,61,240,80,78,102,213,259,445,175,106,125,183,464,219,45,134,273,146,84,155,59,148,48,109,295,372,644,123,210,51,250,224,50,121,269,163,30,174,99,198,229,145,286,105,152
305,226,97,40,252,61,247,86,80,105,201,271,481,169,133,144,187,487,270,30,134,259,163,99,166,56,156,109,72,329,378,661,140,239,59,274,249,43,108,267,173,66,174,87,210,241,170,268,107,160
621,554,263,100,655,126,596,184,198,258,548,688,1100,372,360,360,431,1105,625,78,326,644,393,259,415,151,428,295,329,385,1024,1773,343,576,136,688,558,118,319,680,440,139,483,236,510,591,396,659,215,425
727,676,304,107,752,157,709,259,233,350,626,823,1376,492,388,435,567,1338,702,103,395,735,455,280,503,183,506,372,378,1024,558,2082,402,750,194,842,685,141,416,791,498,157,556,255,580,686,439,751,274,516
1216,1158,541,226,1396,292,1298,426,448,515,1117,1563,2437,885,750,803,1007,2390,1520,170,752,1391,855,558,920,357,945,644,661,1773,2082,1883,690,1280,318,1488,1311,249,711,1514,923,289,1033,535,1076,1254,884,1347,518,966
274,267,108,38,281,62,264,90,90,105,219,335,457,166,140,163,210,449,306,37,142,273,168,115,180,79,181,123,140,343,402,690,60,269,59,327,254,43,145,274,175,65,219,89,217,246,167,257,81,192
483,423,183,66,457,100,449,155,159,201,389,501,831,306,275,270,339,873,503,57,270,483,267,187,302,158,357,210,239,576,750,1280,269,199,116,488,435,78,237,518,328,104,366,185,399,414,309,514,167,335
136,100,42,19,133,25,101,34,47,42,103,124,198,87,61,80,83,178,110,21,61,114,68,47,72,19,65,51,59,136,194,318,59,116,10,111,108,15,55,119,74,26,90,33,96,112,69,120,34,83
496,434,191,88,535,118,486,148,187,195,445,569,956,297,256,292,381,925,534,61,273,528,302,192,334,124,333,250,274,688,842,1488,327,488,111,265,471,100,274,552,354,98,425,205,438,482,297,579,199,338
443,435,160,90,433,113,448,140,163,209,405,492,802,328,251,256,329,807,478,62,277,490,297,198,304,138,320,224,249,558,685,1311,254,435,108,471,224,89,220,479,332,97,344,191,364,445,332,495,159,298
98,87,31,17,89,23,83,16,28,32,58,111,146,48,36,57,67,159,87,7,40,82,38,30,51,17,58,50,43,118,141,249,43,78,15,100,89,5,54,93,58,9,69,28,54,82,46,90,31,71
254,211,96,45,274,56,259,72,67,116,227,270,454,138,150,123,157,434,262,34,145,252,150,81,174,49,171,121,108,319,416,711,145,237,55,274,220,54,60,255,184,44,169,105,208,237,165,270,94,162
471,459,218,78,529,92,474,167,166,213,445,578,981,355,278,296,374,942,572,61,281,554,307,208,356,149,349,269,267,680,791,1514,274,518,119,552,479,93,255,275,349,137,380,200,404,472,347,526,163,353
327,298,162,51,346,68,319,109,111,130,259,381,604,203,169,177,235,571,330,47,181,336,186,125,199,83,213,163,173,440,498,923,175,328,74,354,332,58,184,349,107,73,240,126,278,333,208,323,117,225
89,75,63,17,112,20,105,29,34,43,84,106,192,66,70,59,81,174,97,11,61,110,80,43,74,20,71,30,66,139,157,289,65,104,26,98,97,9,44,137,73,12,84,40,104,95,61,112,37,61
368,328,172,66,384,89,387,107,116,163,306,440,655,242,238,216,278,615,384,53,218,406,228,132,257,97,262,174,174,483,556,1033,219,366,90,425,344,69,169,380,240,84,145,145,331,354,265,390,144,269
178,155,56,46,187,49,170,68,58,62,149,200,338,115,81,82,131,325,187,25,99,170,95,70,120,35,124,99,87,236,255,535,89,185,33,205,191,28,105,200,126,40,145,33,133,173,118,177,77,128
431,375,158,75,411,105,361,147,117,182,339,419,727,289,216,239,303,704,424,53,230,388,250,167,234,107,271,198,210,510,580,1076,217,399,96,438,364,54,208,404,278,104,331,133,154,357,248,385,150,275
430,378,201,84,477,87,398,133,160,208,371,510,833,325,256,266,327,803,475,60,244,481,256,189,318,117,307,229,241,591,686,1254,246,414,112,482,445,82,237,472,333,95,354,173,357,211,274,419,179,325
318,264,146,57,342,73,294,105,108,147,272,336,608,220,160,188,212,573,294,44,155,300,173,124,193,79,217,145,170,396,439,884,167,309,69,297,332,46,165,347,208,61,265,118,248,274,96,308,128,202
488,460,194,95,554,107,488,151,173,221,413,564,901,377,284,324,391,904,501,74,322,504,329,220,330,137,368,286,268,659,751,1347,257,514,120,579,495,90,270,526,323,112,390,177,385,419,308,253,202,340
186,169,76,29,201,38,158,70,61,84,167,217,313,127,97,114,139,322,201,24,102,180,111,72,144,48,120,105,107,215,274,518,81,167,34,199,159,31,94,163,117,37,144,77,150,179,128,202,36,143
374,299,143,62,334,79,313,105,144,159,304,395,640,253,155,177,233,625,360,48,175,379,187,129,215,103,220,152,160,425,516,966,192,335,83,338,298,71,162,353,225,61,269,128,275,325,202,340,143,128
