273,440,188,98,463,105,451,174,175,242,452,521,853,356,333,356,354,833,510,69,340,493,377,189,384,169,423,277,307,648,686,1148,254,471,107,511,477,82,239,425,315,104,363,193,457,450,356,482,168,366
440,185,168,85,444,106,431,129,122,177,352,507,744,268,239,239,305,785,438,54,242,425,266,157,296,116,295,203,206,536,672,1291,243,452,96,478,400,59,215,488,316,85,312,166,338,381,256,463,156,283
188,168,32,37,194,48,185,60,61,78,175,209,343,124,105,121,132,347,174,25,86,205,133,82,142,49,132,93,105,240,291,547,111,205,50,205,192,36,82,219,113,23,160,75,146,209,116,211,75,129
98,85,37,12,98,25,88,37,26,41,82,89,146,68,58,54,63,138,86,19,65,83,52,39,51,25,67,43,42,101,124,213,51,88,14,102,86,10,39,93,57,19,68,35,64,65,59,83,25,51
463,444,194,98,247,133,499,148,162,216,440,536,917,332,252,262,366,949,565,80,296,497,342,199,347,131,343,216,267,639,730,1418,290,488,109,542,454,72,218,548,348,106,395,169,399,446,354,510,209,347
105,106,48,25,133,12,100,54,47,55,91,133,180,77,73,68,85,188,114,20,71,123,63,43,77,30,86,62,60,137,171,307,59,119,17,130,104,15,63,122,80,28,86,49,91,102,84,122,43,69
451,431,185,88,499,100,240,157,171,220,431,514,850,314,256,270,331,826,519,78,296,522,295,205,293,125,328,226,247,621,750,1329,254,445,114,523,442,81,236,521,332,81,383,178,344,462,308,506,169,323
174,129,60,37,148,54,157,15,47,66,134,189,253,94,84,96,91,269,163,12,97,164,81,55,104,30,82,68,79,201,253,449,82,138,36,154,143,22,80,176,98,28,113,45,120,151,103,163,58,89
175,122,61,26,162,47,171,47,18,60,146,162,325,94,96,102,113,303,180,15,105,152,109,67,112,42,124,80,87,231,259,447,96,176,36,161,143,24,71,196,104,30,135,66,134,176,105,158,62,110
242,177,78,41,216,55,220,66,60,47,175,230,331,147,112,132,146,332,219,36,118,213,139,90,135,65,163,107,107,241,303,560,108,193,44,213,198,39,98,221,138,48,174,66,196,180,120,233,66,151
452,352,175,82,440,91,431,134,146,175,176,469,723,269,241,285,360,739,457,66,250,430,263,173,268,104,267,202,220,527,605,1192,235,410,98,472,384,72,212,458,292,102,322,152,336,386,285,449,140,298
521,507,209,89,536,133,514,189,162,230,469,316,1052,340,276,327,420,1094,550,73,305,499,314,225,339,146,374,246,263,716,857,1570,287,516,116,631,497,96,290,579,365,122,393,222,426,521,354,580,199,388
853,744,343,146,917,180,850,253,325,331,723,1052,781,599,456,492,648,1399,917,112,504,889,513,362,580,249,604,409,433,1156,1349,2358,460,881,201,961,840,140,452,954,617,184,672,353,717,805,534,933,297,632
356,268,124,68,332,77,314,94,94,147,269,340,599,97,179,174,227,596,333,45,194,338,210,123,230,90,209,141,156,409,506,868,181,317,69,343,315,48,139,343,189,49,247,101,260,327,203,345,118,225
333,239,105,58,252,73,256,84,96,112,241,276,456,179,76,134,183,467,261,28,140,258,155,109,164,73,180,143,133,317,367,741,147,239,63,275,236,52,126,277,169,56,229,100,193,257,172,285,92,184
356,239,121,54,262,68,270,96,102,132,285,327,492,174,134,79,211,516,283,35,147,281,164,105,185,88,183,141,150,337,413,804,139,290,68,284,277,57,136,331,183,66,253,111,232,298,191,311,119,189
354,305,132,63,366,85,331,91,113,146,360,420,648,227,183,211,124,656,341,44,204,342,236,137,232,87,235,172,177,452,518,1029,157,342,78,367,351,55,165,403,227,61,249,152,283,311,239,387,141,263
833,785,347,138,949,188,826,269,303,332,739,1094,1399,596,467,516,656,740,889,125,479,924,506,368,600,212,572,437,473,1140,1343,2378,459,861,192,987,844,137,438,954,614,189,689,360,736,771,559,976,325,648
510,438,174,86,565,114,519,163,180,219,457,550,917,333,261,283,341,889,256,66,291,485,298,224,315,136,327,250,259,637,770,1451,279,471,104,548,480,81,256,551,351,127,393,185,397,464,319,523,159,367
69,54,25,19,80,20,78,12,15,36,66,73,112,45,28,35,44,125,66,5,32,70,48,34,46,18,43,28,27,76,94,188,42,52,19,68,60,8,32,74,39,16,53,17,52,65,41,70,34,43
340,242,86,65,296,71,296,97,105,118,250,305,504,194,140,147,204,479,291,32,73,311,163,100,157,56,174,121,121,324,432,779,155,294,53,281,266,57,162,279,200,44,211,112,208,257,170,315,102,206
493,425,205,83,497,123,522,164,152,213,430,499,889,338,258,281,342,924,485,70,311,270,320,211,362,133,320,262,241,668,738,1443,260,441,127,548,486,82,239,561,329,100,416,175,408,455,319,515,192,363
377,266,133,52,342,63,295,81,109,139,263,314,513,210,155,164,236,506,298,48,163,320,83,123,183,84,208,138,144,357,401,823,146,288,66,325,297,43,136,331,176,57,222,108,227,282,176,276,100,200
189,157,82,39,199,43,205,55,67,90,173,225,362,123,109,105,137,368,224,34,100,211,123,38,134,62,130,103,81,281,286,575,119,187,48,205,203,31,110,201,127,44,162,61,164,169,125,196,89,121
384,296,142,51,347,77,293,104,112,135,268,339,580,230,164,185,232,600,315,46,157,362,183,134,126,102,230,128,151,403,507,915,182,318,66,317,317,50,158,337,196,59,253,121,260,331,199,342,121,232
169,116,49,25,131,30,125,30,42,65,104,146,249,90,73,88,87,212,136,18,56,133,84,62,102,14,82,61,75,152,208,401,64,138,26,141,128,18,67,126,77,17,92,45,109,122,70,147,49,76
423,295,132,67,343,86,328,82,124,163,267,374,604,209,180,183,235,572,327,43,174,320,208,130,230,82,133,170,184,409,507,989,177,337,83,355,311,57,190,379,232,61,267,116,283,323,198,396,125,229
277,203,93,43,216,62,226,68,80,107,202,246,409,141,143,141,172,437,250,28,121,262,138,103,128,61,170,59,115,304,372,660,115,224,43,219,234,44,94,257,189,53,179,83,168,210,140,243,84,153
307,206,105,42,267,60,247,79,87,107,220,263,433,156,133,150,177,473,259,27,121,241,144,81,151,75,184,115,62,328,415,742,134,241,65,266,241,40,118,262,150,57,190,81,195,243,160,252,95,175
648,536,240,101,639,137,621,201,231,241,527,716,1156,409,317,337,452,1140,637,76,324,668,357,281,403,152,409,304,328,375,984,1813,362,596,153,679,627,115,297,681,438,135,494,246,537,565,396,698,243,423
686,672,291,124,730,171,750,253,259,303,605,857,1349,506,367,413,518,1343,770,94,432,738,401,286,507,208,507,372,415,984,627,2067,396,671,183,841,700,124,385,778,519,148,626,312,579,678,454,801,289,440
1148,1291,547,213,1418,307,1329,449,447,560,1192,1570,2358,868,741,804,1029,2378,1451,188,779,1443,823,575,915,401,989,660,742,1813,2067,1891,694,1334,305,1556,1321,240,685,1481,929,290,1068,549,1102,1228,869,1425,492,1005
254,243,111,51,290,59,254,82,96,108,235,287,460,181,147,139,157,459,279,42,155,260,146,119,182,64,177,115,134,362,396,694,68,269,54,294,265,49,145,263,179,55,208,103,219,229,164,277,90,191
471,452,205,88,488,119,445,138,176,193,410,516,881,317,239,290,342,861,471,52,294,441,288,187,318,138,337,224,241,596,671,1334,269,210,102,498,430,83,235,510,297,90,383,159,364,471,290,469,164,306
107,96,50,14,109,17,114,36,36,44,98,116,201,69,63,68,78,192,104,19,53,127,66,48,66,26,83,43,65,153,183,305,54,102,15,131,109,19,61,135,81,18,81,71,96,105,71,131,32,93
511,478,205,102,542,130,523,154,161,213,472,631,961,343,275,284,367,987,548,68,281,548,325,205,317,141,355,219,266,679,841,1556,294,498,131,301,472,78,259,548,361,96,392,221,417,530,327,566,226,366
477,400,192,86,454,104,442,143,143,198,384,497,840,315,236,277,351,844,480,60,266,486,297,203,317,128,311,234,241,627,700,1321,265,430,109,472,218,68,238,507,280,92,392,175,370,438,314,479,164,312
82,59,36,10,72,15,81,22,24,39,72,96,140,48,52,57,55,137,81,8,57,82,43,31,50,18,57,44,40,115,124,240,49,83,19,78,68,3,39,98,49,17,59,32,64,71,42,88,32,62
239,215,82,39,218,63,236,80,71,98,212,290,452,139,126,136,165,438,256,32,162,239,136,110,158,67,190,94,118,297,385,685,145,235,61,259,238,39,61,279,179,56,174,79,201,218,155,269,95,164
425,488,219,93,548,122,521,176,196,221,458,579,954,343,277,331,403,954,551,74,279,561,331,201,337,126,379,257,262,681,778,1481,263,510,135,548,507,98,279,261,357,108,401,193,404,475,332,538,194,335
315,316,113,57,348,80,332,98,104,138,292,365,617,189,169,183,227,614,351,39,200,329,176,127,196,77,232,189,150,438,519,929,179,297,81,361,280,49,179,357,137,90,257,125,237,284,200,351,100,241
104,85,23,19,106,28,81,28,30,48,102,122,184,49,56,66,61,189,127,16,44,100,57,44,59,17,61,53,57,135,148,290,55,90,18,96,92,17,56,108,90,11,79,39,67,97,48,114,36,70
363,312,160,68,395,86,383,113,135,174,322,393,672,247,229,253,249,689,393,53,211,416,222,162,253,92,267,179,190,494,626,1068,208,383,81,392,392,59,174,401,257,79,145,145,317,356,284,400,133,277
193,166,75,35,169,49,178,45,66,66,152,222,353,101,100,111,152,360,185,17,112,175,108,61,121,45,116,83,81,246,312,549,103,159,71,221,175,32,79,193,125,39,145,38,141,195,132,188,66,119
457,338,146,64,399,91,344,120,134,196,336,426,717,260,193,232,283,736,397,52,208,408,227,164,260,109,283,168,195,537,579,1102,219,364,96,417,370,64,201,404,237,67,317,141,160,357,244,397,148,292
450,381,209,65,446,102,462,151,176,180,386,521,805,327,257,298,311,771,464,65,257,455,282,169,331,122,323,210,243,565,678,1228,229,471,105,530,438,71,218,475,284,97,356,195,357,199,298,468,172,292
356,256,116,59,354,84,308,103,105,120,285,354,534,203,172,191,239,559,319,41,170,319,176,125,199,70,198,140,160,396,454,869,164,290,71,327,314,42,155,332,200,48,284,132,244,298,102,325,111,227
482,463,211,83,510,122,506,163,158,233,449,580,933,345,285,311,387,976,523,70,315,515,276,196,342,147,396,243,252,698,801,1425,277,469,131,566,479,88,269,538,351,114,400,188,397,468,325,273,173,303
168,156,75,25,209,43,169,58,62,66,140,199,297,118,92,119,141,325,159,34,102,192,100,89,121,49,125,84,95,243,289,492,90,164,32,226,164,32,95,194,100,36,133,66,148,172,111,173,17,155
366,283,129,51,347,69,323,89,110,151,298,388,632,225,184,189,263,648,367,43,206,363,200,121,232,76,229,153,175,423,440,1005,191,306,93,366,312,62,164,335,241,70,277,119,292,292,227,303,155,125
