252,471,216,103,473,128,480,176,187,263,462,486,860,360,330,331,378,860,490,66,348,492,357,207,372,165,363,290,300,626,713,1163,249,468,123,495,472,76,250,457,324,102,367,176,411,373,339,503,176,373
471,180,169,73,466,89,418,128,145,193,385,455,770,285,202,230,346,798,459,53,212,464,254,171,271,111,295,184,211,539,662,1208,236,395,95,472,395,72,220,482,269,85,361,165,339,396,276,463,174,310
216,169,31,42,208,42,182,68,53,94,169,233,390,145,97,119,150,385,194,24,107,218,113,74,128,58,119,90,82,259,317,581,116,184,45,216,228,33,101,214,130,39,162,69,169,189,122,219,71,141
103,73,42,6,101,18,75,19,31,49,84,80,141,51,37,41,69,136,91,11,45,99,49,23,51,22,63,25,47,100,125,207,49,88,19,99,84,18,40,73,67,12,64,18,62,74,53,98,25,69
473,466,208,101,273,106,492,144,159,195,408,582,928,347,273,294,383,908,536,54,296,556,309,217,303,140,347,237,265,702,724,1418,291,482,118,556,498,82,260,542,312,120,420,223,428,459,325,544,206,342
128,89,42,18,106,9,101,34,39,47,78,122,186,66,54,57,88,181,125,19,73,133,59,37,60,22,75,43,59,143,164,301,56,104,21,115,116,22,72,109,78,17,90,41,78,106,63,126,45,96
480,418,182,75,492,101,228,135,170,196,380,531,861,280,237,257,330,846,447,61,272,486,272,181,328,124,341,192,230,613,719,1339,248,465,104,511,441,81,242,500,306,97,388,185,374,468,273,511,182,336
176,128,68,19,144,34,135,25,57,80,138,178,276,95,82,89,96,290,144,20,79,150,82,70,112,35,99,62,95,161,225,398,76,146,36,164,168,26,68,161,90,31,123,57,130,120,86,168,63,105
187,145,53,31,159,39,170,57,24,63,152,177,318,124,81,97,128,329,183,20,90,177,95,90,111,44,104,72,79,208,267,455,99,169,24,179,167,23,103,184,120,47,129,59,147,145,94,188,43,113
263,193,94,49,195,47,196,80,63,39,169,219,366,150,116,133,155,361,198,24,131,202,139,83,155,59,149,103,121,251,311,580,140,175,59,207,218,31,99,208,121,38,162,70,195,207,122,217,88,143
462,385,169,84,408,78,380,138,152,169,170,454,744,314,235,277,336,728,418,49,254,455,270,185,311,115,295,193,215,523,649,1178,236,374,98,452,445,69,209,424,256,79,312,161,390,386,273,476,159,285
486,455,233,80,582,122,531,178,177,219,454,324,993,379,325,322,405,993,614,86,282,614,328,210,355,132,347,270,272,686,882,1505,298,529,141,606,504,101,263,583,373,102,418,200,445,484,346,542,199,379
860,770,390,141,928,186,861,276,318,366,744,993,778,591,478,523,708,1417,910,118,497,920,532,342,617,245,646,430,446,1177,1322,2364,460,864,210,993,890,145,446,942,567,178,652,341,708,725,567,951,316,634
360,285,145,51,347,66,280,95,124,150,314,379,591,112,185,193,211,567,313,29,176,322,200,127,232,72,221,154,148,424,463,899,204,290,71,330,314,45,155,341,217,56,270,134,265,314,238,343,133,185
330,202,97,37,273,54,237,82,81,116,235,325,478,185,74,137,194,441,267,36,136,289,147,91,184,59,182,125,148,341,410,728,130,243,49,274,254,48,118,273,167,52,219,100,201,242,177,279,98,186
331,230,119,41,294,57,257,89,97,133,277,322,523,193,137,77,211,489,320,37,158,305,158,111,187,73,187,137,154,378,444,849,157,246,53,293,264,48,119,309,198,62,212,122,218,251,188,288,110,216
378,346,150,69,383,88,330,96,128,155,336,405,708,211,194,211,120,694,352,47,199,369,217,152,257,91,241,174,192,452,559,1035,220,343,99,354,332,60,155,390,223,75,273,125,330,318,246,374,150,251
860,798,385,136,908,181,846,290,329,361,728,993,1417,567,441,489,694,790,869,128,531,944,585,329,607,245,644,422,471,1111,1266,2385,464,795,164,997,800,173,462,920,558,190,649,332,719,808,549,949,304,635
490,459,194,91,536,125,447,144,183,198,418,614,910,313,267,320,352,869,259,62,248,491,308,212,342,139,361,224,260,636,744,1378,274,475,127,536,483,82,240,522,347,97,394,198,432,452,328,522,184,318
66,53,24,11,54,19,61,20,20,24,49,86,118,29,36,37,47,128,62,3,22,62,34,20,30,19,42,31,31,67,113,203,51,65,15,55,56,15,31,66,43,15,43,26,52,61,33,70,33,33
348,212,107,45,296,73,272,79,90,131,254,282,497,176,136,158,199,531,248,22,76,278,164,103,193,74,166,146,138,326,386,760,158,264,56,259,261,41,128,300,184,49,239,109,228,249,178,289,90,199
492,464,218,99,556,133,486,150,177,202,455,614,920,322,289,305,369,944,491,62,278,263,319,215,372,141,348,237,276,647,734,1372,289,495,129,540,474,81,244,560,344,112,416,226,434,485,340,542,191,330
357,254,113,49,309,59,272,82,95,139,270,328,532,200,147,158,217,585,308,34,164,319,83,120,187,75,199,138,150,345,464,795,165,300,82,297,272,52,143,334,202,43,265,110,245,297,189,342,122,215
207,171,74,23,217,37,181,70,90,83,185,210,342,127,91,111,152,329,212,20,103,215,120,44,142,59,151,88,105,231,315,548,101,163,38,233,189,32,107,215,132,30,162,80,170,182,131,225,77,122
372,271,128,51,303,60,328,112,111,155,311,355,617,232,184,187,257,607,342,30,193,372,187,142,131,81,231,141,181,357,486,923,179,306,72,381,309,40,176,352,198,68,258,108,261,325,219,365,130,235
165,111,58,22,140,22,124,35,44,59,115,132,245,72,59,73,91,245,139,19,74,141,75,59,81,13,71,63,53,154,198,383,66,122,26,162,126,24,61,142,79,26,95,40,92,119,86,143,61,101
363,295,119,63,347,75,341,99,104,149,295,347,646,221,182,187,241,644,361,42,166,348,199,151,231,71,112,163,166,428,542,1002,197,307,74,391,337,62,175,398,222,69,273,127,289,316,230,388,137,228
290,184,90,25,237,43,192,62,72,103,193,270,430,154,125,137,174,422,224,31,146,237,138,88,141,63,163,61,102,293,381,662,126,197,47,283,200,34,126,233,153,57,186,98,182,215,142,243,87,153
300,211,82,47,265,59,230,95,79,121,215,272,446,148,148,154,192,471,260,31,138,276,150,105,181,53,166,102,45,334,398,682,131,251,63,270,243,40,124,277,157,45,213,107,203,239,169,288,108,172
626,539,259,100,702,143,613,161,208,251,523,686,1177,424,341,378,452,1111,636,67,326,647,345,231,357,154,428,293,334,413,928,1722,350,568,156,662,600,108,300,684,422,116,457,231,469,545,386,637,229,385
713,662,317,125,724,164,719,225,267,311,649,882,1322,463,410,444,559,1266,744,113,386,734,464,315,486,198,542,381,398,928,543,1985,368,716,183,814,710,123,372,795,490,155,584,265,583,659,509,755,287,531
1163,1208,581,207,1418,301,1339,398,455,580,1178,1505,2364,899,728,849,1035,2385,1378,203,760,1372,795,548,923,383,1002,662,682,1722,1985,1825,670,1238,317,1502,1314,250,689,1421,875,292,1003,538,1153,1209,855,1368,470,951
249,236,116,49,291,56,248,76,99,140,236,298,460,204,130,157,220,464,274,51,158,289,165,101,179,66,197,126,131,350,368,670,62,267,57,286,249,41,130,262,191,55,219,99,225,229,202,256,115,188
468,395,184,88,482,104,465,146,169,175,374,529,864,290,243,246,343,795,475,65,264,495,300,163,306,122,307,197,251,568,716,1238,267,242,109,508,449,82,230,473,309,93,334,165,399,470,317,481,173,281
123,95,45,19,118,21,104,36,24,59,98,141,210,71,49,53,99,164,127,15,56,129,82,38,72,26,74,47,63,156,183,317,57,109,9,131,102,22,64,135,87,34,81,36,82,101,62,117,35,76
495,472,216,99,556,115,511,164,179,207,452,606,993,330,274,293,354,997,536,55,259,540,297,233,381,162,391,283,270,662,814,1502,286,508,131,281,514,81,248,574,365,99,420,199,465,491,328,564,195,361
472,395,228,84,498,116,441,168,167,218,445,504,890,314,254,264,332,800,483,56,261,474,272,189,309,126,337,200,243,600,710,1314,249,449,102,514,237,64,241,486,301,92,378,161,366,459,322,501,178,328
76,72,33,18,82,22,81,26,23,31,69,101,145,45,48,48,60,173,82,15,41,81,52,32,40,24,62,34,40,108,123,250,41,82,22,81,64,7,33,76,64,21,73,36,61,88,53,79,31,61
250,220,101,40,260,72,242,68,103,99,209,263,446,155,118,119,155,462,240,31,128,244,143,107,176,61,175,126,124,300,372,689,130,230,64,248,241,33,50,242,152,57,199,94,205,223,170,269,109,163
457,482,214,73,542,109,500,161,184,208,424,583,942,341,273,309,390,920,522,66,300,560,334,215,352,142,398,233,277,684,795,1421,262,473,135,574,486,76,242,299,326,105,394,196,449,488,335,554,201,351
324,269,130,67,312,78,306,90,120,121,256,373,567,217,167,198,223,558,347,43,184,344,202,132,198,79,222,153,157,422,490,875,191,309,87,365,301,64,152,326,84,75,277,137,265,325,182,325,121,227
102,85,39,12,120,17,97,31,47,38,79,102,178,56,52,62,75,190,97,15,49,112,43,30,68,26,69,57,45,116,155,292,55,93,34,99,92,21,57,105,75,16,94,33,92,101,68,123,46,62
367,361,162,64,420,90,388,123,129,162,312,418,652,270,219,212,273,649,394,43,239,416,265,162,258,95,273,186,213,457,584,1003,219,334,81,420,378,73,199,394,277,94,129,151,337,367,254,417,148,266
176,165,69,18,223,41,185,57,59,70,161,200,341,134,100,122,125,332,198,26,109,226,110,80,108,40,127,98,107,231,265,538,99,165,36,199,161,36,94,196,137,33,151,31,140,179,111,201,70,128
411,339,169,62,428,78,374,130,147,195,390,445,708,265,201,218,330,719,432,52,228,434,245,170,261,92,289,182,203,469,583,1153,225,399,82,465,366,61,205,449,265,92,337,140,159,400,269,421,162,287
373,396,189,74,459,106,468,120,145,207,386,484,725,314,242,251,318,808,452,61,249,485,297,182,325,119,316,215,239,545,659,1209,229,470,101,491,459,88,223,488,325,101,367,179,400,219,299,466,168,329
339,276,122,53,325,63,273,86,94,122,273,346,567,238,177,188,246,549,328,33,178,340,189,131,219,86,230,142,169,386,509,855,202,317,62,328,322,53,170,335,182,68,254,111,269,299,93,335,115,196
503,463,219,98,544,126,511,168,188,217,476,542,951,343,279,288,374,949,522,70,289,542,342,225,365,143,388,243,288,637,755,1368,256,481,117,564,501,79,269,554,325,123,417,201,421,466,335,269,170,369
176,174,71,25,206,45,182,63,43,88,159,199,316,133,98,110,150,304,184,33,90,191,122,77,130,61,137,87,108,229,287,470,115,173,35,195,178,31,109,201,121,46,148,70,162,168,115,170,26,124
373,310,141,69,342,96,336,105,113,143,285,379,634,185,186,216,251,635,318,33,199,330,215,122,235,101,228,153,172,385,531,951,188,281,76,361,328,61,163,351,227,62,266,128,287,329,196,369,124,125
