253,425,206,77,482,97,481,189,162,244,440,490,804,354,325,351,325,789,502,69,320,496,331,200,346,163,392,296,306,594,677,1131,235,469,122,486,442,78,251,445,307,108,361,170,434,417,335,539,167,347
425,193,174,56,432,94,438,110,146,189,376,509,824,301,237,233,295,797,448,52,215,456,253,165,335,120,303,195,196,520,713,1255,246,378,94,404,405,75,184,478,295,74,298,166,373,407,288,507,185,274
206,174,30,31,200,52,190,44,50,96,179,251,381,122,98,105,137,362,219,20,103,209,125,70,136,56,144,90,82,255,310,586,117,186,50,210,198,25,112,214,121,49,155,73,162,164,137,225,85,141
77,56,31,9,94,23,82,28,19,36,76,87,132,67,38,35,62,119,83,11,50,93,51,39,67,24,68,63,48,98,133,195,41,79,13,90,72,11,38,68,61,14,61,24,77,70,46,82,20,51
482,432,200,94,250,105,473,169,156,203,445,563,900,334,263,291,344,906,495,77,296,468,289,230,321,135,375,244,255,654,758,1394,274,480,120,524,479,86,262,540,351,94,374,203,396,474,299,532,196,329
97,94,52,23,105,14,103,39,30,53,94,125,179,65,57,46,73,191,106,13,65,116,65,52,96,30,75,74,66,136,172,276,60,101,26,119,105,18,38,101,63,22,87,33,103,105,86,104,40,81
481,438,190,82,473,103,214,147,142,207,412,589,845,295,238,260,318,802,491,65,257,524,272,194,331,122,340,231,269,620,699,1320,268,436,105,510,419,68,229,515,332,115,333,167,358,435,329,505,183,343
189,110,44,28,169,39,147,21,52,56,113,147,284,103,74,84,114,288,154,22,74,165,95,67,96,32,112,68,66,180,223,436,97,165,36,169,161,19,82,167,87,36,133,61,129,131,97,151,64,99
162,146,50,19,156,30,142,52,22,62,148,198,328,100,70,87,121,281,175,14,84,179,84,60,104,36,104,64,94,198,261,498,90,156,38,196,154,22,82,159,91,38,126,58,119,138,78,150,57,107
244,189,96,36,203,53,207,56,62,33,152,222,391,130,135,125,162,395,225,36,114,210,133,78,137,56,128,87,118,267,321,564,114,201,35,216,187,37,98,223,156,45,150,87,155,191,124,192,78,147
440,376,179,76,445,94,412,113,148,152,161,491,761,254,234,232,298,759,447,53,231,441,293,158,289,118,301,208,232,555,637,1177,203,432,81,456,402,72,194,433,282,93,329,170,352,387,286,436,142,294
490,509,251,87,563,125,589,147,198,222,491,279,981,392,301,330,394,992,562,58,307,535,338,243,368,137,381,267,279,705,838,1502,299,493,121,590,548,91,292,620,374,115,444,219,478,505,335,556,200,393
804,824,381,132,900,179,845,284,328,391,761,981,768,584,452,509,645,1425,931,106,504,907,555,381,605,244,591,404,458,1126,1353,2385,474,827,185,1019,801,142,456,985,565,203,718,335,716,884,583,923,311,629
354,301,122,67,334,65,295,103,100,130,254,392,584,92,173,192,228,571,352,41,196,334,211,132,234,88,248,135,169,376,487,902,156,292,81,318,323,62,153,323,214,71,221,126,239,302,198,339,111,224
325,237,98,38,263,57,238,74,70,135,234,301,452,173,80,156,175,468,279,25,166,312,146,107,183,63,178,98,147,317,418,702,130,234,58,250,248,31,128,278,165,54,238,98,206,259,167,283,100,199
351,233,105,35,291,46,260,84,87,125,232,330,509,192,156,89,202,505,301,34,144,337,171,114,192,63,183,102,140,355,414,803,144,250,67,303,258,47,146,305,196,52,261,107,263,264,193,291,133,190
325,295,137,62,344,73,318,114,121,162,298,394,645,228,175,202,115,633,356,48,189,365,212,144,225,96,244,161,165,478,572,1025,193,344,87,371,339,62,167,386,242,80,300,149,270,328,207,374,129,244
789,797,362,119,906,191,802,288,281,395,759,992,1425,571,468,505,633,783,901,109,499,872,560,346,612,254,627,434,472,1118,1306,2354,454,861,207,975,776,135,433,978,562,211,712,342,709,897,571,875,331,595
502,448,219,83,495,106,491,154,175,225,447,562,931,352,279,301,356,901,247,60,267,520,324,194,348,147,357,236,260,653,781,1402,302,468,112,528,432,97,259,540,351,117,372,199,398,488,315,538,188,363
69,52,20,11,77,13,65,22,14,36,53,58,106,41,25,34,48,109,60,6,30,63,38,26,33,14,52,25,27,77,93,175,39,55,7,69,64,7,38,65,45,12,47,24,55,51,48,56,26,55
320,215,103,50,296,65,257,74,84,114,231,307,504,196,166,144,189,499,267,30,68,300,182,103,189,73,185,128,115,349,404,837,171,258,71,280,259,54,168,311,173,65,193,91,251,250,187,289,131,194
496,456,209,93,468,116,524,165,179,210,441,535,907,334,312,337,365,872,520,63,300,275,328,219,338,141,341,216,269,639,776,1400,278,466,122,545,471,81,283,548,340,135,400,211,401,458,333,546,185,372
331,253,125,51,289,65,272,95,84,133,293,338,555,211,146,171,212,560,324,38,182,328,82,126,199,73,201,147,157,370,430,849,152,263,73,270,274,46,146,317,209,67,261,128,246,270,189,299,117,199
200,165,70,39,230,52,194,67,60,78,158,243,381,132,107,114,144,346,194,26,103,219,126,36,151,55,153,78,112,254,311,578,122,184,57,194,204,26,101,207,130,54,152,77,168,193,134,216,68,128
346,335,136,67,321,96,331,96,104,137,289,368,605,234,183,192,225,612,348,33,189,338,199,151,122,75,202,134,159,408,476,913,191,310,86,324,313,34,164,347,197,66,243,117,280,306,198,353,107,212
163,120,56,24,135,30,122,32,36,56,118,137,244,88,63,63,96,254,147,14,73,141,73,55,75,15,80,52,69,171,209,351,76,96,28,162,136,11,65,156,89,26,89,54,103,103,73,146,36,88
392,303,144,68,375,75,340,112,104,128,301,381,591,248,178,183,244,627,357,52,185,341,201,153,202,80,103,127,158,446,482,935,173,323,77,340,319,46,176,378,229,64,274,129,269,297,186,379,105,218
296,195,90,63,244,74,231,68,64,87,208,267,404,135,98,102,161,434,236,25,128,216,147,78,134,52,127,42,136,299,344,651,122,214,52,249,229,33,113,238,172,44,186,107,186,231,135,245,78,152
306,196,82,48,255,66,269,66,94,118,232,279,458,169,147,140,165,472,260,27,115,269,157,112,159,69,158,136,74,313,382,741,133,241,62,228,232,37,120,264,158,46,170,95,204,210,156,275,102,160
594,520,255,98,654,136,620,180,198,267,555,705,1126,376,317,355,478,1118,653,77,349,639,370,254,408,171,446,299,313,390,943,1774,363,577,142,608,547,110,308,726,407,142,501,253,540,582,394,673,238,453
677,713,310,133,758,172,699,223,261,321,637,838,1353,487,418,414,572,1306,781,93,404,776,430,311,476,209,482,344,382,943,568,2062,407,747,181,850,728,140,397,805,485,151,550,273,599,671,489,790,277,478
1131,1255,586,195,1394,276,1320,436,498,564,1177,1502,2385,902,702,803,1025,2354,1402,175,837,1400,849,578,913,351,935,651,741,1774,2062,1825,713,1297,316,1501,1225,210,701,1436,872,308,1040,523,1098,1241,878,1352,511,910
235,246,117,41,274,60,268,97,90,114,203,299,474,156,130,144,193,454,302,39,171,278,152,122,191,76,173,122,133,363,407,713,64,240,61,271,247,37,144,292,164,68,196,78,224,257,166,261,104,183
469,378,186,79,480,101,436,165,156,201,432,493,827,292,234,250,344,861,468,55,258,466,263,184,310,96,323,214,241,577,747,1297,240,211,121,500,398,93,234,491,316,108,331,166,366,417,294,475,170,333
122,94,50,13,120,26,105,36,38,35,81,121,185,81,58,67,87,207,112,7,71,122,73,57,86,28,77,52,62,142,181,316,61,121,14,123,108,13,57,116,78,22,77,37,96,113,74,114,35,79
486,404,210,90,524,119,510,169,196,216,456,590,1019,318,250,303,371,975,528,69,280,545,270,194,324,162,340,249,228,608,850,1501,271,500,123,254,470,94,284,574,374,106,393,192,406,500,311,526,195,333
442,405,198,72,479,105,419,161,154,187,402,548,801,323,248,258,339,776,432,64,259,471,274,204,313,136,319,229,232,547,728,1225,247,398,108,470,208,78,251,498,338,93,340,173,376,445,314,482,165,336
78,75,25,11,86,18,68,19,22,37,72,91,142,62,31,47,62,135,97,7,54,81,46,26,34,11,46,33,37,110,140,210,37,93,13,94,78,3,35,95,57,13,61,32,46,71,50,75,28,56
251,184,112,38,262,38,229,82,82,98,194,292,456,153,128,146,167,433,259,38,168,283,146,101,164,65,176,113,120,308,397,701,144,234,57,284,251,35,67,252,160,68,203,93,202,230,151,254,92,173
445,478,214,68,540,101,515,167,159,223,433,620,985,323,278,305,386,978,540,65,311,548,317,207,347,156,378,238,264,726,805,1436,292,491,116,574,498,95,252,303,356,119,420,192,408,484,327,543,189,328
307,295,121,61,351,63,332,87,91,156,282,374,565,214,165,196,242,562,351,45,173,340,209,130,197,89,229,172,158,407,485,872,164,316,78,374,338,57,160,356,133,66,241,142,268,293,200,358,128,210
108,74,49,14,94,22,115,36,38,45,93,115,203,71,54,52,80,211,117,12,65,135,67,54,66,26,64,44,46,142,151,308,68,108,22,106,93,13,68,119,66,10,101,25,85,90,61,115,37,69
361,298,155,61,374,87,333,133,126,150,329,444,718,221,238,261,300,712,372,47,193,400,261,152,243,89,274,186,170,501,550,1040,196,331,77,393,340,61,203,420,241,101,139,160,301,344,224,402,154,273
170,166,73,24,203,33,167,61,58,87,170,219,335,126,98,107,149,342,199,24,91,211,128,77,117,54,129,107,95,253,273,523,78,166,37,192,173,32,93,192,142,25,160,23,158,174,107,211,63,140
434,373,162,77,396,103,358,129,119,155,352,478,716,239,206,263,270,709,398,55,251,401,246,168,280,103,269,186,204,540,599,1098,224,366,96,406,376,46,202,408,268,85,301,158,150,379,268,421,140,287
417,407,164,70,474,105,435,131,138,191,387,505,884,302,259,264,328,897,488,51,250,458,270,193,306,103,297,231,210,582,671,1241,257,417,113,500,445,71,230,484,293,90,344,174,379,210,302,465,190,317
335,288,137,46,299,86,329,97,78,124,286,335,583,198,167,193,207,571,315,48,187,333,189,134,198,73,186,135,156,394,489,878,166,294,74,311,314,50,151,327,200,61,224,107,268,302,103,336,111,250
539,507,225,82,532,104,505,151,150,192,436,556,923,339,283,291,374,875,538,56,289,546,299,216,353,146,379,245,275,673,790,1352,261,475,114,526,482,75,254,543,358,115,402,211,421,465,336,283,167,358
167,185,85,20,196,40,183,64,57,78,142,200,311,111,100,133,129,331,188,26,131,185,117,68,107,36,105,78,102,238,277,511,104,170,35,195,165,28,92,189,128,37,154,63,140,190,111,167,32,134
347,274,141,51,329,81,343,99,107,147,294,393,629,224,199,190,244,595,363,55,194,372,199,128,212,88,218,152,160,453,478,910,183,333,79,333,336,56,173,328,210,69,273,140,287,317,250,358,134,103
