293,454,197,79,463,104,492,182,159,246,446,518,800,385,312,350,349,784,520,71,314,544,360,196,349,141,373,297,295,604,722,1190,257,491,98,509,500,86,251,461,300,126,380,194,421,451,326,491,173,416
454,209,198,73,472,95,432,121,128,169,382,479,796,296,224,265,350,777,415,44,205,427,252,178,302,103,291,221,197,552,673,1232,242,409,88,452,431,76,230,478,285,74,342,160,349,361,259,456,142,277
197,198,50,44,203,47,198,62,61,81,193,240,346,143,107,108,151,356,188,26,113,208,128,93,148,54,147,90,96,232,305,575,113,201,54,204,190,29,103,216,122,41,128,73,182,179,126,183,77,145
79,73,44,7,75,17,75,24,30,33,72,86,160,47,47,49,63,153,84,9,53,75,57,32,68,23,54,48,38,106,129,209,38,67,24,72,82,23,38,92,60,16,63,33,77,84,63,87,33,52
463,472,203,75,241,112,543,153,181,221,450,557,932,325,262,296,366,958,532,68,286,522,292,211,339,132,342,240,237,638,844,1502,294,487,108,549,476,90,275,561,336,113,384,195,402,468,308,579,191,375
104,95,47,17,112,7,100,29,37,52,95,126,194,73,54,59,73,178,106,12,65,107,68,51,81,32,72,65,52,156,163,281,62,103,27,122,120,30,48,127,77,19,81,41,96,105,66,112,34,64
492,432,198,75,543,100,226,133,154,192,417,523,868,326,229,280,364,844,451,59,274,480,298,207,324,129,338,243,246,599,719,1316,279,434,105,495,457,109,243,491,343,101,387,174,390,457,313,498,147,340
182,121,62,24,153,29,133,29,62,69,138,147,259,100,68,75,100,264,157,20,80,177,92,59,88,33,98,66,68,181,245,424,86,142,40,143,160,26,71,160,92,33,120,55,125,149,90,170,66,113
159,128,61,30,181,37,154,62,22,70,145,163,312,106,93,93,125,315,158,14,103,168,86,72,101,35,105,87,73,200,270,477,101,155,37,178,160,34,91,181,108,26,137,53,117,176,113,172,61,111
246,169,81,33,221,52,192,69,70,40,161,206,353,140,127,133,135,361,205,17,123,218,118,79,132,64,127,104,108,231,301,554,109,209,44,194,200,37,109,219,140,42,145,69,187,178,140,179,64,116
446,382,193,72,450,95,417,138,145,161,168,432,732,278,229,256,289,762,439,45,251,441,247,171,301,131,297,197,224,516,628,1163,215,380,91,460,396,78,228,435,274,78,338,165,382,369,289,461,141,272
518,479,240,86,557,126,523,147,163,206,432,347,1031,349,297,291,388,1041,579,73,345,609,319,230,348,148,362,244,244,804,839,1604,308,496,132,614,511,105,280,596,382,123,447,217,417,554,346,604,222,395
800,796,346,160,932,194,868,259,312,353,732,1031,845,551,495,504,655,1465,914,136,516,942,540,392,592,236,617,427,431,1176,1372,2495,514,838,194,975,875,174,450,965,616,175,654,344,693,809,567,921,340,614
385,296,143,47,325,73,326,100,106,140,278,349,551,105,160,181,226,566,320,43,178,308,192,130,223,88,203,149,143,380,503,926,168,324,60,351,310,54,158,351,200,57,254,121,256,268,180,352,102,215
312,224,107,47,262,54,229,68,93,127,229,297,495,160,58,139,195,472,249,46,142,282,181,116,174,76,189,135,137,315,422,786,138,241,57,272,259,55,138,304,165,60,206,87,207,221,157,299,126,184
350,265,108,49,296,59,280,75,93,133,256,291,504,181,139,63,206,513,297,45,144,307,158,107,187,70,191,116,144,324,436,789,158,258,69,279,263,47,143,306,190,58,206,104,245,235,186,307,115,188
349,350,151,63,366,73,364,100,125,135,289,388,655,226,195,206,140,651,367,51,191,397,249,153,255,99,248,178,186,438,591,1034,220,335,90,385,357,55,173,396,251,63,273,121,270,347,242,365,144,265
784,777,356,153,958,178,844,264,315,361,762,1041,1465,566,472,513,651,806,920,126,532,923,553,364,633,227,640,422,459,1157,1325,2435,468,824,192,1035,855,143,464,970,606,175,674,349,729,778,565,945,321,571
520,415,188,84,532,106,451,157,158,205,439,579,914,320,249,297,367,920,259,63,295,517,298,185,355,117,323,240,283,624,784,1434,299,512,115,564,479,87,268,530,344,102,396,202,419,453,308,491,185,336
71,44,26,9,68,12,59,20,14,17,45,73,136,43,46,45,51,126,63,3,30,65,37,26,31,12,36,20,24,83,104,206,51,50,13,63,46,7,30,68,36,11,41,20,48,58,47,81,36,51
314,205,113,53,286,65,274,80,103,123,251,345,516,178,142,144,191,532,295,30,53,295,148,110,157,59,166,116,140,349,446,806,171,255,71,304,241,39,126,294,169,53,221,89,221,275,174,282,126,195
544,427,208,75,522,107,480,177,168,218,441,609,942,308,282,307,397,923,517,65,295,290,270,193,328,126,336,283,264,662,750,1417,286,474,122,596,477,85,266,522,350,127,403,205,409,441,312,507,177,338
360,252,128,57,292,68,298,92,86,118,247,319,540,192,181,158,249,553,298,37,148,270,99,124,219,57,167,154,128,374,450,822,157,266,60,325,272,44,160,321,207,49,222,112,232,288,173,304,113,195
196,178,93,32,211,51,207,59,72,79,171,230,392,130,116,107,153,364,185,26,110,193,124,47,151,54,150,96,100,252,296,556,123,202,46,219,187,31,89,210,144,43,163,76,166,162,139,204,80,148
349,302,148,68,339,81,324,88,101,132,301,348,592,223,174,187,255,633,355,31,157,328,219,151,114,86,213,171,170,415,520,976,183,302,68,368,302,47,152,368,222,61,258,106,267,300,188,323,121,212
141,103,54,23,132,32,129,33,35,64,131,148,236,88,76,70,99,227,117,12,59,126,57,54,86,6,68,47,76,166,196,346,71,106,29,134,114,20,62,128,72,26,90,51,92,111,88,138,32,89
373,291,147,54,342,72,338,98,105,127,297,362,617,203,189,191,248,640,323,36,166,336,167,150,213,68,113,165,180,439,541,949,179,313,72,371,307,55,159,349,207,66,244,126,278,296,191,380,118,231
297,221,90,48,240,65,243,66,87,104,197,244,427,149,135,116,178,422,240,20,116,283,154,96,171,47,165,55,112,272,359,693,124,203,59,249,229,30,126,267,177,58,186,82,196,224,154,248,97,168
295,197,96,38,237,52,246,68,73,108,224,244,431,143,137,144,186,459,283,24,140,264,128,100,170,76,180,112,68,304,365,724,129,191,57,248,210,32,134,244,175,65,178,90,201,241,136,269,90,176
604,552,232,106,638,156,599,181,200,231,516,804,1176,380,315,324,438,1157,624,83,349,662,374,252,415,166,439,272,304,392,978,1806,362,599,144,687,596,119,316,685,437,121,482,230,498,636,419,657,237,432
722,673,305,129,844,163,719,245,270,301,628,839,1372,503,422,436,591,1325,784,104,446,750,450,296,520,196,541,359,365,978,567,2054,433,715,188,861,724,143,376,796,480,171,574,282,619,697,478,733,270,529
1190,1232,575,209,1502,281,1316,424,477,554,1163,1604,2495,926,786,789,1034,2435,1434,206,806,1417,822,556,976,346,949,693,724,1806,2054,1872,741,1309,344,1568,1330,252,722,1496,925,296,1035,532,1158,1300,948,1410,534,919
257,242,113,38,294,62,279,86,101,109,215,308,514,168,138,158,220,468,299,51,171,286,157,123,183,71,179,124,129,362,433,741,60,247,57,310,273,44,136,301,178,60,222,120,218,238,186,266,103,168
491,409,201,67,487,103,434,142,155,209,380,496,838,324,241,258,335,824,512,50,255,474,266,202,302,106,313,203,191,599,715,1309,247,209,112,497,446,79,249,503,280,103,358,174,357,417,270,496,182,322
98,88,54,24,108,27,105,40,37,44,91,132,194,60,57,69,90,192,115,13,71,122,60,46,68,29,72,59,57,144,188,344,57,112,14,126,126,20,66,117,59,23,95,43,93,110,65,123,41,88
509,452,204,72,549,122,495,143,178,194,460,614,975,351,272,279,385,1035,564,63,304,596,325,219,368,134,371,249,248,687,861,1568,310,497,126,286,492,65,259,584,332,112,423,197,432,492,332,581,184,350
500,431,190,82,476,120,457,160,160,200,396,511,875,310,259,263,357,855,479,46,241,477,272,187,302,114,307,229,210,596,724,1330,273,446,126,492,236,97,238,535,309,104,360,184,371,452,315,475,168,340
86,76,29,23,90,30,109,26,34,37,78,105,174,54,55,47,55,143,87,7,39,85,44,31,47,20,55,30,32,119,143,252,44,79,20,65,97,8,33,85,56,23,72,39,63,87,50,99,48,47
251,230,103,38,275,48,243,71,91,109,228,280,450,158,138,143,173,464,268,30,126,266,160,89,152,62,159,126,134,316,376,722,136,249,66,259,238,33,57,283,177,51,191,95,182,244,164,251,101,163
461,478,216,92,561,127,491,160,181,219,435,596,965,351,304,306,396,970,530,68,294,522,321,210,368,128,349,267,244,685,796,1496,301,503,117,584,535,85,283,289,376,130,415,192,416,496,347,548,176,331
300,285,122,60,336,77,343,92,108,140,274,382,616,200,165,190,251,606,344,36,169,350,207,144,222,72,207,177,175,437,480,925,178,280,59,332,309,56,177,376,117,65,271,133,271,313,224,363,123,216
126,74,41,16,113,19,101,33,26,42,78,123,175,57,60,58,63,175,102,11,53,127,49,43,61,26,66,58,65,121,171,296,60,103,23,112,104,23,51,130,65,12,71,43,81,95,56,116,32,62
380,342,128,63,384,81,387,120,137,145,338,447,654,254,206,206,273,674,396,41,221,403,222,163,258,90,244,186,178,482,574,1035,222,358,95,423,360,72,191,415,271,71,130,150,315,338,251,373,159,273
194,160,73,33,195,41,174,55,53,69,165,217,344,121,87,104,121,349,202,20,89,205,112,76,106,51,126,82,90,230,282,532,120,174,43,197,184,39,95,192,133,43,150,33,134,178,131,197,70,129
421,349,182,77,402,96,390,125,117,187,382,417,693,256,207,245,270,729,419,48,221,409,232,166,267,92,278,196,201,498,619,1158,218,357,93,432,371,63,182,416,271,81,315,134,162,360,234,403,133,279
451,361,179,84,468,105,457,149,176,178,369,554,809,268,221,235,347,778,453,58,275,441,288,162,300,111,296,224,241,636,697,1300,238,417,110,492,452,87,244,496,313,95,338,178,360,187,281,463,169,291
326,259,126,63,308,66,313,90,113,140,289,346,567,180,157,186,242,565,308,47,174,312,173,139,188,88,191,154,136,419,478,948,186,270,65,332,315,50,164,347,224,56,251,131,234,281,94,306,127,206
491,456,183,87,579,112,498,170,172,179,461,604,921,352,299,307,365,945,491,81,282,507,304,204,323,138,380,248,269,657,733,1410,266,496,123,581,475,99,251,548,363,116,373,197,403,463,306,246,186,348
173,142,77,33,191,34,147,66,61,64,141,222,340,102,126,115,144,321,185,36,126,177,113,80,121,32,118,97,90,237,270,534,103,182,41,184,168,48,101,176,123,32,159,70,133,169,127,186,32,148
416,277,145,52,375,64,340,113,111,116,272,395,614,215,184,188,265,571,336,51,195,338,195,148,212,89,231,168,176,432,529,919,168,322,88,350,340,47,163,331,216,62,273,129,279,291,206,348,148,127
