246,455,247,87,508,107,470,197,165,229,450,529,805,386,297,333,347,804,477,78,304,486,342,217,393,144,375,270,318,619,711,1140,228,492,115,481,465,73,250,487,340,108,375,170,433,432,344,500,175,397
455,165,155,61,499,98,415,125,155,180,370,487,763,290,200,260,313,815,463,52,232,481,243,175,289,101,270,209,219,580,656,1187,213,429,96,455,424,58,213,454,271,92,350,176,357,410,266,437,161,299
247,155,36,35,212,40,194,69,74,73,155,237,403,123,99,108,161,392,187,16,112,190,101,76,125,52,119,98,115,247,282,605,103,176,55,221,164,27,113,211,147,36,171,82,173,177,126,229,74,151
87,61,35,8,79,20,86,28,38,49,79,97,136,69,41,57,51,146,89,18,50,93,53,36,61,27,60,46,43,114,124,194,46,94,24,91,75,15,32,74,58,15,57,35,78,68,65,85,29,63
508,499,212,79,274,123,506,165,154,217,450,576,887,365,266,297,404,924,540,57,279,536,315,236,391,145,359,225,262,652,766,1389,258,466,129,519,484,70,284,535,353,100,369,183,456,455,328,554,206,391
107,98,40,20,123,9,108,32,45,55,107,132,183,81,55,73,76,188,120,19,79,136,72,46,74,37,86,60,65,133,158,291,57,120,23,124,102,13,55,111,79,27,89,39,93,118,62,106,40,76
470,415,194,86,506,108,216,152,167,236,420,553,864,349,247,278,369,866,466,67,258,490,303,193,342,153,331,229,272,588,660,1327,265,459,115,534,436,79,233,494,337,105,351,180,385,434,299,490,196,338
197,125,69,28,165,32,152,17,51,68,118,155,285,93,83,72,91,281,163,14,102,165,79,45,98,27,89,49,64,167,232,422,86,157,36,165,149,17,61,151,82,33,123,72,113,125,111,151,67,112
165,155,74,38,154,45,167,51,18,72,137,172,289,104,90,86,134,293,155,21,93,170,121,57,114,50,134,71,108,197,215,474,98,154,35,134,170,18,84,167,115,42,112,72,148,170,106,199,61,144
229,180,73,49,217,55,236,68,72,48,191,228,360,157,103,131,152,340,194,27,129,214,140,83,137,55,135,105,102,259,295,517,105,240,46,212,215,33,97,214,141,31,143,80,160,196,116,222,75,119
450,370,155,79,450,107,420,118,137,191,194,473,750,307,220,275,317,754,447,47,248,450,267,174,292,108,279,210,226,537,628,1111,217,422,118,429,399,60,200,479,286,83,326,160,331,376,250,468,141,286
529,487,237,97,576,132,553,155,172,228,473,334,1009,372,307,323,401,983,582,65,294,582,303,215,377,145,359,253,287,698,852,1601,312,514,145,643,547,81,306,580,357,115,427,220,444,510,327,556,194,358
805,763,403,136,887,183,864,285,289,360,750,1009,811,603,481,528,644,1492,904,112,503,942,529,379,613,221,616,434,480,1221,1311,2459,502,799,204,951,887,149,471,915,589,187,661,338,770,791,573,884,302,619
386,290,123,69,365,81,349,93,104,157,307,372,603,111,168,189,231,593,318,34,158,353,233,124,214,88,198,182,152,400,489,952,187,346,76,312,314,61,142,338,218,60,266,123,268,324,222,339,137,239
297,200,99,41,266,55,247,83,90,103,220,307,481,168,70,148,184,499,264,22,179,264,144,107,181,68,182,119,140,356,389,790,138,250,61,249,236,46,148,259,158,51,213,90,208,258,162,305,102,200
333,260,108,57,297,73,278,72,86,131,275,323,528,189,148,81,225,533,308,37,177,278,175,131,172,81,210,122,146,363,419,872,172,304,72,277,277,42,137,297,184,54,222,104,236,276,180,329,119,234
347,313,161,51,404,76,369,91,134,152,317,401,644,231,184,225,120,658,349,45,188,341,233,146,257,96,265,156,175,447,584,1021,201,340,89,366,324,63,168,395,243,70,258,160,293,342,245,380,142,237
804,815,392,146,924,188,866,281,293,340,754,983,1492,593,499,533,658,835,901,102,494,919,537,385,591,238,647,422,449,1187,1341,2524,510,831,200,948,819,160,461,939,628,192,672,330,732,799,580,882,314,585
477,463,187,89,540,120,466,163,155,194,447,582,904,318,264,308,349,901,264,67,265,491,283,215,309,121,354,243,233,639,726,1401,277,488,115,525,495,68,240,534,351,85,401,194,397,493,319,527,187,315
78,52,16,18,57,19,67,14,21,27,47,65,112,34,22,37,45,102,67,3,28,70,30,21,34,13,47,25,35,73,98,208,25,58,19,61,66,9,30,66,40,13,49,22,38,56,31,72,26,57
304,232,112,50,279,79,258,102,93,129,248,294,503,158,179,177,188,494,265,28,65,269,155,112,177,60,178,107,136,337,428,775,144,277,67,283,281,40,151,291,170,54,239,101,215,252,187,302,105,217
486,481,190,93,536,136,490,165,170,214,450,582,942,353,264,278,341,919,491,70,269,269,312,228,341,117,353,251,266,646,768,1464,263,487,122,537,516,76,253,541,326,89,376,185,417,490,330,550,201,355
342,243,101,53,315,72,303,79,121,140,267,303,529,233,144,175,233,537,283,30,155,312,88,139,179,64,199,133,158,382,445,830,153,291,71,326,279,52,136,322,199,51,244,107,228,269,178,293,111,221
217,175,76,36,236,46,193,45,57,83,174,215,379,124,107,131,146,385,215,21,112,228,139,55,138,52,140,98,143,253,270,537,98,218,44,226,183,31,89,198,135,31,167,87,180,170,143,208,74,145
393,289,125,61,391,74,342,98,114,137,292,377,613,214,181,172,257,591,309,34,177,341,179,138,95,86,230,162,161,398,486,949,182,301,80,362,316,63,169,389,208,48,260,137,235,319,182,368,120,219
144,101,52,27,145,37,153,27,50,55,108,145,221,88,68,81,96,238,121,13,60,117,64,52,86,12,75,59,67,156,183,352,63,109,39,131,129,20,54,145,83,23,93,64,105,132,73,137,45,80
375,270,119,60,359,86,331,89,134,135,279,359,616,198,182,210,265,647,354,47,178,353,199,140,230,75,107,160,161,430,464,908,179,326,93,341,330,47,155,363,217,68,246,138,262,324,201,359,132,233
270,209,98,46,225,60,229,49,71,105,210,253,434,182,119,122,156,422,243,25,107,251,133,98,162,59,160,46,119,307,371,722,134,198,43,236,204,39,111,245,159,48,197,83,189,213,123,244,80,159
318,219,115,43,262,65,272,64,108,102,226,287,480,152,140,146,175,449,233,35,136,266,158,143,161,67,161,119,67,301,365,642,128,233,60,256,223,38,108,286,174,48,181,86,217,237,151,277,95,177
619,580,247,114,652,133,588,167,197,259,537,698,1221,400,356,363,447,1187,639,73,337,646,382,253,398,156,430,307,301,417,911,1820,370,580,142,654,617,93,322,688,430,126,484,233,505,535,396,644,253,439
711,656,282,124,766,158,660,232,215,295,628,852,1311,489,389,419,584,1341,726,98,428,768,445,270,486,183,464,371,365,911,565,2064,407,716,181,784,698,114,393,807,501,147,562,296,598,658,474,758,274,522
1140,1187,605,194,1389,291,1327,422,474,517,1111,1601,2459,952,790,872,1021,2524,1401,208,775,1464,830,537,949,352,908,722,642,1820,2064,1850,729,1285,319,1519,1275,239,683,1435,889,295,1025,537,1151,1285,908,1406,473,894
228,213,103,46,258,57,265,86,98,105,217,312,502,187,138,172,201,510,277,25,144,263,153,98,182,63,179,134,128,370,407,729,62,246,67,279,256,38,150,292,177,65,188,101,210,249,162,284,87,182
492,429,176,94,466,120,459,157,154,240,422,514,799,346,250,304,340,831,488,58,277,487,291,218,301,109,326,198,233,580,716,1285,246,220,115,523,463,78,213,508,309,95,327,179,394,420,312,481,163,339
115,96,55,24,129,23,115,36,35,46,118,145,204,76,61,72,89,200,115,19,67,122,71,44,80,39,93,43,60,142,181,319,67,115,15,135,105,21,62,116,71,20,89,45,94,134,72,112,38,65
481,455,221,91,519,124,534,165,134,212,429,643,951,312,249,277,366,948,525,61,283,537,326,226,362,131,341,236,256,654,784,1519,279,523,135,248,524,74,256,595,344,108,393,208,402,513,308,543,197,366
465,424,164,75,484,102,436,149,170,215,399,547,887,314,236,277,324,819,495,66,281,516,279,183,316,129,330,204,223,617,698,1275,256,463,105,524,227,86,233,467,299,97,368,189,361,430,298,510,183,336
73,58,27,15,70,13,79,17,18,33,60,81,149,61,46,42,63,160,68,9,40,76,52,31,63,20,47,39,38,93,114,239,38,78,21,74,86,8,40,83,48,14,66,27,75,84,45,93,32,55
250,213,113,32,284,55,233,61,84,97,200,306,471,142,148,137,168,461,240,30,151,253,136,89,169,54,155,111,108,322,393,683,150,213,62,256,233,40,54,246,154,54,187,106,197,228,163,251,112,186
487,454,211,74,535,111,494,151,167,214,479,580,915,338,259,297,395,939,534,66,291,541,322,198,389,145,363,245,286,688,807,1435,292,508,116,595,467,83,246,274,354,99,393,224,439,488,336,575,186,387
340,271,147,58,353,79,337,82,115,141,286,357,589,218,158,184,243,628,351,40,170,326,199,135,208,83,217,159,174,430,501,889,177,309,71,344,299,48,154,354,95,56,264,117,271,275,191,340,135,218
108,92,36,15,100,27,105,33,42,31,83,115,187,60,51,54,70,192,85,13,54,89,51,31,48,23,68,48,48,126,147,295,65,95,20,108,97,14,54,99,56,14,82,38,75,88,57,112,42,68
375,350,171,57,369,89,351,123,112,143,326,427,661,266,213,222,258,672,401,49,239,376,244,167,260,93,246,197,181,484,562,1025,188,327,89,393,368,66,187,393,264,82,140,143,296,328,270,359,134,244
170,176,82,35,183,39,180,72,72,80,160,220,338,123,90,104,160,330,194,22,101,185,107,87,137,64,138,83,86,233,296,537,101,179,45,208,189,27,106,224,117,38,143,43,160,157,122,217,79,135
433,357,173,78,456,93,385,113,148,160,331,444,770,268,208,236,293,732,397,38,215,417,228,180,235,105,262,189,217,505,598,1151,210,394,94,402,361,75,197,439,271,75,296,160,172,376,261,427,154,287
432,410,177,68,455,118,434,125,170,196,376,510,791,324,258,276,342,799,493,56,252,490,269,170,319,132,324,213,237,535,658,1285,249,420,134,513,430,84,228,488,275,88,328,157,376,209,283,436,179,287
344,266,126,65,328,62,299,111,106,116,250,327,573,222,162,180,245,580,319,31,187,330,178,143,182,73,201,123,151,396,474,908,162,312,72,308,298,45,163,336,191,57,270,122,261,283,92,330,114,215
500,437,229,85,554,106,490,151,199,222,468,556,884,339,305,329,380,882,527,72,302,550,293,208,368,137,359,244,277,644,758,1406,284,481,112,543,510,93,251,575,340,112,359,217,427,436,330,257,190,329
175,161,74,29,206,40,196,67,61,75,141,194,302,137,102,119,142,314,187,26,105,201,111,74,120,45,132,80,95,253,274,473,87,163,38,197,183,32,112,186,135,42,134,79,154,179,114,190,25,127
397,299,151,63,391,76,338,112,144,119,286,358,619,239,200,234,237,585,315,57,217,355,221,145,219,80,233,159,177,439,522,894,182,339,65,366,336,55,186,387,218,68,244,135,287,287,215,329,127,126
