253,479,230,77,500,102,510,190,184,254,444,493,816,350,322,322,388,819,491,61,341,517,380,242,405,148,374,290,320,602,666,1166,260,508,116,515,491,94,257,471,324,116,382,186,505,415,358,473,175,399
479,176,174,73,451,109,422,117,135,157,389,507,769,261,206,237,309,757,463,52,227,452,255,172,280,121,324,197,191,493,694,1209,277,423,101,446,407,91,228,464,283,92,357,185,315,397,245,428,167,282
230,174,32,30,205,44,201,54,72,98,199,214,393,128,93,82,136,340,185,27,88,216,116,89,147,47,142,91,93,251,320,589,117,208,43,211,202,36,88,220,141,41,155,57,151,189,110,223,83,135
77,73,30,5,92,15,72,26,26,38,71,81,157,66,46,57,67,152,93,14,56,98,53,37,50,19,47,40,41,112,140,232,61,73,16,84,85,13,35,80,53,17,67,29,65,83,50,71,25,57
500,451,205,92,231,121,503,158,162,209,421,528,920,295,268,303,365,872,548,67,285,509,310,214,322,158,347,228,263,629,762,1489,292,462,101,529,481,87,245,490,356,109,386,188,385,475,294,509,192,325
102,109,44,15,121,9,89,29,35,38,83,111,198,78,62,59,80,183,121,21,62,114,65,47,61,31,77,50,54,146,170,274,56,113,22,126,110,20,56,104,67,19,82,38,84,105,59,108,37,77
510,422,201,72,503,89,214,156,158,194,394,537,819,317,239,237,378,829,501,58,270,508,294,179,309,123,303,199,248,661,725,1364,257,464,96,536,422,87,232,468,318,99,361,191,372,426,294,463,176,341
190,117,54,26,158,29,156,21,61,73,138,159,229,116,100,86,113,233,156,20,82,143,91,57,79,35,87,78,80,191,241,448,89,145,32,156,139,24,69,164,106,22,109,54,109,132,102,164,61,118
184,135,72,26,162,35,158,61,26,70,158,170,291,115,84,85,122,278,178,24,95,174,86,79,120,53,120,76,83,212,247,440,82,159,37,161,170,28,79,166,129,36,136,59,135,146,97,186,59,109
254,157,98,38,209,38,194,73,70,51,190,239,326,122,124,122,143,358,232,27,111,234,126,78,148,56,133,109,122,271,318,516,100,179,52,215,202,42,108,218,147,48,155,60,173,202,125,190,70,142
444,389,199,71,421,83,394,138,158,190,169,478,751,291,243,254,304,722,421,63,234,453,264,167,284,110,301,210,214,569,681,1126,233,392,92,480,385,84,198,458,292,109,317,151,355,390,272,409,167,279
493,507,214,81,528,111,537,159,170,239,478,293,1010,339,291,328,392,1018,563,57,306,569,342,244,370,141,390,249,249,709,867,1641,303,562,121,555,572,96,296,653,387,122,444,202,435,535,330,603,216,359
816,769,393,157,920,198,819,229,291,326,751,1010,807,589,488,538,602,1434,946,104,490,921,542,346,596,234,633,427,454,1162,1349,2420,467,825,222,963,884,136,454,969,611,191,677,336,732,863,550,914,328,602
350,261,128,66,295,78,317,116,115,122,291,339,589,105,171,175,245,574,315,43,187,352,223,133,218,76,221,133,165,401,525,934,168,304,71,367,307,54,160,319,242,82,245,97,261,320,204,337,120,216
322,206,93,46,268,62,239,100,84,124,243,291,488,171,70,142,180,483,262,31,149,284,145,104,170,68,173,138,140,319,396,725,142,268,57,280,268,50,144,261,161,61,215,103,216,237,164,277,92,155
322,237,82,57,303,59,237,86,85,122,254,328,538,175,142,74,192,521,268,30,161,290,154,129,193,76,197,141,135,346,391,832,157,280,76,301,255,46,139,295,197,60,228,110,238,274,187,311,123,179
388,309,136,67,365,80,378,113,122,143,304,392,602,245,180,192,117,640,376,50,211,404,206,161,201,107,254,176,159,490,531,979,183,361,86,396,335,60,183,367,254,84,279,129,277,310,223,381,140,270
819,757,340,152,872,183,829,233,278,358,722,1018,1434,574,483,521,640,786,948,108,502,905,571,367,569,234,600,434,428,1124,1286,2435,459,807,191,999,860,158,440,900,612,163,695,357,719,828,538,886,315,583
491,463,185,93,548,121,501,156,178,232,421,563,946,315,262,268,376,948,235,67,276,447,317,202,352,149,359,262,261,635,761,1412,300,539,135,521,482,83,284,542,321,99,404,195,408,467,281,560,184,331
61,52,27,14,67,21,58,20,24,27,63,57,104,43,31,30,50,108,67,4,30,55,34,24,46,23,53,26,21,74,98,180,34,57,12,55,65,10,36,53,38,15,54,23,49,68,39,72,26,41
341,227,88,56,285,62,270,82,95,111,234,306,490,187,149,161,211,502,276,30,65,299,192,117,171,56,167,123,123,333,442,753,132,279,77,278,286,52,143,292,174,67,223,106,217,261,180,273,107,191
517,452,216,98,509,114,508,143,174,234,453,569,921,352,284,290,404,905,447,55,299,238,318,222,382,157,371,230,251,639,781,1444,266,490,137,535,492,85,268,535,335,116,388,216,422,457,317,541,169,355
380,255,116,53,310,65,294,91,86,126,264,342,542,223,145,154,206,571,317,34,192,318,66,125,158,64,174,144,129,329,466,845,155,271,74,315,308,48,130,304,189,58,259,90,225,267,178,307,104,174
242,172,89,37,214,47,179,57,79,78,167,244,346,133,104,129,161,367,202,24,117,222,125,46,130,63,142,81,101,241,291,555,92,187,46,225,163,40,77,183,115,45,151,63,161,156,130,188,66,152
405,280,147,50,322,61,309,79,120,148,284,370,596,218,170,193,201,569,352,46,171,382,158,130,123,74,218,163,153,397,528,908,181,310,81,360,318,54,158,359,228,75,265,131,260,317,196,345,131,209
148,121,47,19,158,31,123,35,53,56,110,141,234,76,68,76,107,234,149,23,56,157,64,63,74,16,73,65,55,142,207,385,65,118,25,110,105,16,69,162,74,21,106,48,103,113,87,139,48,88
374,324,142,47,347,77,303,87,120,133,301,390,633,221,173,197,254,600,359,53,167,371,174,142,218,73,110,144,158,406,514,943,172,310,81,332,295,54,145,374,218,83,290,126,248,311,208,337,121,252
290,197,91,40,228,50,199,78,76,109,210,249,427,133,138,141,176,434,262,26,123,230,144,81,163,65,144,50,132,298,345,655,135,208,42,259,204,36,130,259,144,52,198,92,179,245,157,265,96,153
320,191,93,41,263,54,248,80,83,122,214,249,454,165,140,135,159,428,261,21,123,251,129,101,153,55,158,132,48,295,367,690,138,246,58,276,242,42,118,280,166,50,205,82,192,212,152,254,102,165
602,493,251,112,629,146,661,191,212,271,569,709,1162,401,319,346,490,1124,635,74,333,639,329,241,397,142,406,298,295,380,991,1838,342,573,144,691,609,111,330,662,434,129,527,247,533,613,399,697,246,396
666,694,320,140,762,170,725,241,247,318,681,867,1349,525,396,391,531,1286,761,98,442,781,466,291,528,207,514,345,367,991,572,2024,401,710,159,756,735,135,413,803,496,149,557,272,594,704,477,730,287,497
1166,1209,589,232,1489,274,1364,448,440,516,1126,1641,2420,934,725,832,979,2435,1412,180,753,1444,845,555,908,385,943,655,690,1838,2024,1897,707,1319,344,1482,1298,225,730,1491,942,302,1064,525,1112,1261,929,1419,525,901
260,277,117,61,292,56,257,89,82,100,233,303,467,168,142,157,183,459,300,34,132,266,155,92,181,65,172,135,138,342,401,707,78,247,67,277,241,56,131,325,201,67,224,93,203,254,171,277,111,179
508,423,208,73,462,113,464,145,159,179,392,562,825,304,268,280,361,807,539,57,279,490,271,187,310,118,310,208,246,573,710,1319,247,207,97,494,455,78,242,481,326,106,366,171,363,439,285,538,179,339
116,101,43,16,101,22,96,32,37,52,92,121,222,71,57,76,86,191,135,12,77,137,74,46,81,25,81,42,58,144,159,344,67,97,12,114,105,27,58,125,74,30,82,44,82,117,62,105,39,75
515,446,211,84,529,126,536,156,161,215,480,555,963,367,280,301,396,999,521,55,278,535,315,225,360,110,332,259,276,691,756,1482,277,494,114,286,482,94,264,583,367,122,435,194,434,528,313,549,203,378
491,407,202,85,481,110,422,139,170,202,385,572,884,307,268,255,335,860,482,65,286,492,308,163,318,105,295,204,242,609,735,1298,241,455,105,482,222,88,238,511,328,106,348,168,348,431,302,482,162,325
94,91,36,13,87,20,87,24,28,42,84,96,136,54,50,46,60,158,83,10,52,85,48,40,54,16,54,36,42,111,135,225,56,78,27,94,88,3,52,91,54,21,55,36,74,74,58,112,34,60
257,228,88,35,245,56,232,69,79,108,198,296,454,160,144,139,183,440,284,36,143,268,130,77,158,69,145,130,118,330,413,730,131,242,58,264,238,52,54,273,166,45,184,84,153,226,153,259,99,173
471,464,220,80,490,104,468,164,166,218,458,653,969,319,261,295,367,900,542,53,292,535,304,183,359,162,374,259,280,662,803,1491,325,481,125,583,511,91,273,263,327,108,388,205,423,467,325,526,201,342
324,283,141,53,356,67,318,106,129,147,292,387,611,242,161,197,254,612,321,38,174,335,189,115,228,74,218,144,166,434,496,942,201,326,74,367,328,54,166,327,111,68,271,131,280,324,207,352,117,219
116,92,41,17,109,19,99,22,36,48,109,122,191,82,61,60,84,163,99,15,67,116,58,45,75,21,83,52,50,129,149,302,67,106,30,122,106,21,45,108,68,13,82,29,82,99,58,108,35,72
382,357,155,67,386,82,361,109,136,155,317,444,677,245,215,228,279,695,404,54,223,388,259,151,265,106,290,198,205,527,557,1064,224,366,82,435,348,55,184,388,271,82,144,150,325,360,233,384,128,274
186,185,57,29,188,38,191,54,59,60,151,202,336,97,103,110,129,357,195,23,106,216,90,63,131,48,126,92,82,247,272,525,93,171,44,194,168,36,84,205,131,29,150,39,148,185,116,187,80,126
505,315,151,65,385,84,372,109,135,173,355,435,732,261,216,238,277,719,408,49,217,422,225,161,260,103,248,179,192,533,594,1112,203,363,82,434,348,74,153,423,280,82,325,148,169,375,251,392,145,283
415,397,189,83,475,105,426,132,146,202,390,535,863,320,237,274,310,828,467,68,261,457,267,156,317,113,311,245,212,613,704,1261,254,439,117,528,431,74,226,467,324,99,360,185,375,220,305,509,186,304
358,245,110,50,294,59,294,102,97,125,272,330,550,204,164,187,223,538,281,39,180,317,178,130,196,87,208,157,152,399,477,929,171,285,62,313,302,58,153,325,207,58,233,116,251,305,101,351,119,212
473,428,223,71,509,108,463,164,186,190,409,603,914,337,277,311,381,886,560,72,273,541,307,188,345,139,337,265,254,697,730,1419,277,538,105,549,482,112,259,526,352,108,384,187,392,509,351,263,193,334
175,167,83,25,192,37,176,61,59,70,167,216,328,120,92,123,140,315,184,26,107,169,104,66,131,48,121,96,102,246,287,525,111,179,39,203,162,34,99,201,117,35,128,80,145,186,119,193,29,123
399,282,135,57,325,77,341,118,109,142,279,359,602,216,155,179,270,583,331,41,191,355,174,152,209,88,252,153,165,396,497,901,179,339,75,378,325,60,173,342,219,72,274,126,283,304,212,334,123,118
