255,446,212,91,499,101,492,178,167,250,438,514,838,383,291,317,362,763,509,68,339,515,329,206,357,147,380,278,299,582,697,1187,233,497,122,472,491,80,250,451,302,106,360,168,413,438,302,497,149,361
446,188,179,79,431,105,434,142,131,175,375,482,786,254,207,228,283,785,441,55,262,444,245,170,289,99,270,206,219,556,644,1204,243,382,85,437,408,88,220,468,272,87,341,153,321,377,272,445,145,292
212,179,41,42,224,49,207,56,82,77,170,203,359,124,95,95,158,349,206,16,110,214,115,84,138,48,114,96,115,236,320,558,99,179,35,207,194,36,98,219,131,45,150,66,178,176,123,188,72,147
91,79,42,2,91,19,67,24,35,39,73,99,153,48,49,54,60,165,83,13,52,74,56,38,67,20,64,42,63,117,117,204,46,76,19,78,65,15,45,85,41,20,74,30,77,73,51,69,31,57
499,431,224,91,242,121,491,150,163,203,417,560,876,311,260,252,339,889,478,77,256,460,292,219,336,149,358,233,221,621,763,1382,271,465,111,552,477,88,235,529,311,92,362,188,404,459,303,500,180,336
101,105,49,19,121,15,101,33,45,37,98,125,214,64,66,75,84,193,104,16,67,114,80,39,82,31,79,66,74,166,155,292,66,117,21,103,92,16,62,119,63,25,91,37,76,92,65,103,32,77
492,434,207,67,491,101,207,147,164,210,409,514,877,301,268,324,371,876,483,69,275,473,298,194,325,123,354,221,269,661,757,1258,255,478,117,521,425,75,236,506,330,111,415,173,347,410,310,475,175,334
178,142,56,24,150,33,147,23,52,69,149,166,281,113,79,99,113,285,149,17,87,158,93,66,104,41,115,69,66,203,266,434,102,130,35,154,144,20,71,173,114,33,107,64,136,154,86,162,55,103
167,131,82,35,163,45,164,52,33,65,125,172,295,119,95,108,118,303,158,22,88,168,77,63,99,52,91,87,94,183,262,499,95,167,41,142,169,26,82,189,113,27,128,63,131,150,103,180,61,110
250,175,77,39,203,37,210,69,65,43,159,226,406,167,109,108,159,387,216,26,123,239,125,83,152,62,152,102,126,259,322,562,114,200,48,221,202,32,87,220,127,53,172,78,182,178,141,219,77,146
438,375,170,73,417,98,409,149,125,159,184,420,794,321,255,259,294,808,412,51,279,425,266,164,288,116,316,200,225,556,639,1182,238,402,106,439,397,64,198,431,273,87,361,154,355,374,258,463,156,279
514,482,203,99,560,125,514,166,172,226,420,303,1023,362,291,288,436,1046,590,70,306,577,339,207,345,126,370,248,284,723,834,1615,317,518,137,606,501,100,255,629,346,124,439,203,425,557,374,546,208,383
838,786,359,153,876,214,877,281,295,406,794,1023,766,602,488,538,704,1459,940,108,475,965,534,364,574,221,563,416,446,1130,1353,2389,472,878,222,957,836,147,438,952,598,180,649,349,685,788,586,900,361,593
383,254,124,48,311,64,301,113,119,167,321,362,602,115,206,204,206,578,337,31,183,357,208,136,238,75,238,154,180,378,489,883,181,308,78,332,313,47,166,323,224,73,234,135,301,328,233,360,128,214
291,207,95,49,260,66,268,79,95,109,255,291,488,206,73,141,185,494,276,33,158,299,154,113,178,55,161,136,136,328,430,713,150,246,64,255,251,43,110,272,162,53,200,95,223,251,186,274,105,194
317,228,95,54,252,75,324,99,108,108,259,288,538,204,141,78,190,514,273,29,159,302,170,130,186,71,193,155,155,372,454,836,170,280,84,274,283,50,146,280,149,51,222,101,233,277,188,304,111,195
362,283,158,60,339,84,371,113,118,159,294,436,704,206,185,190,127,656,348,42,201,355,235,163,231,87,228,151,171,442,572,1055,218,362,74,359,369,56,182,387,235,65,276,128,294,345,205,396,120,244
763,785,349,165,889,193,876,285,303,387,808,1046,1459,578,494,514,656,773,924,119,515,943,521,362,563,228,597,422,468,1115,1344,2408,479,879,233,923,864,162,473,931,607,178,648,343,679,789,573,879,375,618
509,441,206,83,478,104,483,149,158,216,412,590,940,337,276,273,348,924,245,64,289,485,305,200,339,136,359,214,226,640,742,1389,281,465,116,496,455,65,249,519,337,108,388,165,418,415,325,517,207,320
68,55,16,13,77,16,69,17,22,26,51,70,108,31,33,29,42,119,64,6,45,80,44,28,41,20,42,23,29,66,97,160,29,65,19,66,68,13,35,65,37,13,41,24,39,61,32,78,24,47
339,262,110,52,256,67,275,87,88,123,279,306,475,183,158,159,201,515,289,45,88,291,193,120,160,69,200,135,135,346,402,796,169,244,60,304,258,50,145,278,193,53,230,95,210,247,184,303,116,192
515,444,214,74,460,114,473,158,168,239,425,577,965,357,299,302,355,943,485,80,291,237,317,218,337,131,374,222,246,647,754,1444,297,477,106,544,454,81,261,509,335,117,369,192,405,440,336,510,191,351
329,245,115,56,292,80,298,93,77,125,266,339,534,208,154,170,235,521,305,44,193,317,89,137,188,70,184,133,165,359,447,851,164,270,67,337,272,40,153,292,202,60,232,118,229,266,190,314,106,181
206,170,84,38,219,39,194,66,63,83,164,207,364,136,113,130,163,362,200,28,120,218,137,57,145,46,140,102,105,266,323,552,95,198,45,224,197,32,100,197,137,37,184,62,172,149,118,204,64,113
357,289,138,67,336,82,325,104,99,152,288,345,574,238,178,186,231,563,339,41,160,337,188,145,100,72,239,156,149,422,483,895,192,307,65,331,329,61,171,346,246,72,261,110,261,297,205,363,124,218
147,99,48,20,149,31,123,41,52,62,116,126,221,75,55,71,87,228,136,20,69,131,70,46,72,11,66,57,69,162,188,352,59,127,30,139,127,27,65,133,93,32,100,45,104,129,72,135,46,87
380,270,114,64,358,79,354,115,91,152,316,370,563,238,161,193,228,597,359,42,200,374,184,140,239,66,99,166,161,375,514,970,172,311,71,385,330,66,179,344,255,80,274,114,277,314,211,396,116,238
278,206,96,42,233,66,221,69,87,102,200,248,416,154,136,155,151,422,214,23,135,222,133,102,156,57,166,63,119,296,364,672,142,220,52,239,230,52,130,266,152,52,164,83,180,211,148,258,94,138
299,219,115,63,221,74,269,66,94,126,225,284,446,180,136,155,171,468,226,29,135,246,165,105,149,69,161,119,59,307,376,694,135,241,55,276,271,47,125,245,165,45,195,93,205,222,151,247,92,153
582,556,236,117,621,166,661,203,183,259,556,723,1130,378,328,372,442,1115,640,66,346,647,359,266,422,162,375,296,307,421,961,1732,359,598,156,683,632,100,314,687,469,129,446,201,489,580,382,676,256,425
697,644,320,117,763,155,757,266,262,322,639,834,1353,489,430,454,572,1344,742,97,402,754,447,323,483,188,514,364,376,961,569,2064,418,727,178,814,705,120,348,788,509,161,564,280,651,669,479,802,289,540
1187,1204,558,204,1382,292,1258,434,499,562,1182,1615,2389,883,713,836,1055,2408,1389,160,796,1444,851,552,895,352,970,672,694,1732,2064,1865,678,1316,351,1551,1238,245,720,1459,887,282,1043,530,1128,1266,867,1377,511,905
233,243,99,46,271,66,255,102,95,114,238,317,472,181,150,170,218,479,281,29,169,297,164,95,192,59,172,142,135,359,418,678,72,245,66,307,253,50,133,268,172,53,199,107,211,238,158,253,102,165
497,382,179,76,465,117,478,130,167,200,402,518,878,308,246,280,362,879,465,65,244,477,270,198,307,127,311,220,241,598,727,1316,245,214,102,503,432,78,266,484,288,90,397,172,369,408,297,470,189,334
122,85,35,19,111,21,117,35,41,48,106,137,222,78,64,84,74,233,116,19,60,106,67,45,65,30,71,52,55,156,178,351,66,102,13,126,95,16,47,119,63,27,89,45,86,115,71,113,43,78
472,437,207,78,552,103,521,154,142,221,439,606,957,332,255,274,359,923,496,66,304,544,337,224,331,139,385,239,276,683,814,1551,307,503,126,245,514,82,269,568,342,116,406,205,410,519,335,535,182,328
491,408,194,65,477,92,425,144,169,202,397,501,836,313,251,283,369,864,455,68,258,454,272,197,329,127,330,230,271,632,705,1238,253,432,95,514,215,76,249,485,303,104,388,192,386,370,297,473,184,307
80,88,36,15,88,16,75,20,26,32,64,100,147,47,43,50,56,162,65,13,50,81,40,32,61,27,66,52,47,100,120,245,50,78,16,82,76,6,43,84,57,15,60,39,73,70,53,84,32,58
250,220,98,45,235,62,236,71,82,87,198,255,438,166,110,146,182,473,249,35,145,261,153,100,171,65,179,130,125,314,348,720,133,266,47,269,249,43,67,240,152,50,211,100,203,258,137,274,79,164
451,468,219,85,529,119,506,173,189,220,431,629,952,323,272,280,387,931,519,65,278,509,292,197,346,133,344,266,245,687,788,1459,268,484,119,568,485,84,240,307,355,91,382,203,413,441,346,524,196,363
302,272,131,41,311,63,330,114,113,127,273,346,598,224,162,149,235,607,337,37,193,335,202,137,246,93,255,152,165,469,509,887,172,288,63,342,303,57,152,355,91,67,249,133,295,304,210,338,116,218
106,87,45,20,92,25,111,33,27,53,87,124,180,73,53,51,65,178,108,13,53,117,60,37,72,32,80,52,45,129,161,282,53,90,27,116,104,15,50,91,67,19,78,41,74,100,70,116,35,60
360,341,150,74,362,91,415,107,128,172,361,439,649,234,200,222,276,648,388,41,230,369,232,184,261,100,274,164,195,446,564,1043,199,397,89,406,388,60,211,382,249,78,122,154,301,347,246,407,161,254
168,153,66,30,188,37,173,64,63,78,154,203,349,135,95,101,128,343,165,24,95,192,118,62,110,45,114,83,93,201,280,530,107,172,45,205,192,39,100,203,133,41,154,40,148,168,130,182,78,117
413,321,178,77,404,76,347,136,131,182,355,425,685,301,223,233,294,679,418,39,210,405,229,172,261,104,277,180,205,489,651,1128,211,369,86,410,386,73,203,413,295,74,301,148,156,359,225,424,132,257
438,377,176,73,459,92,410,154,150,178,374,557,788,328,251,277,345,789,415,61,247,440,266,149,297,129,314,211,222,580,669,1266,238,408,115,519,370,70,258,441,304,100,347,168,359,192,284,464,168,324
302,272,123,51,303,65,310,86,103,141,258,374,586,233,186,188,205,573,325,32,184,336,190,118,205,72,211,148,151,382,479,867,158,297,71,335,297,53,137,346,210,70,246,130,225,284,103,336,116,198
497,445,188,69,500,103,475,162,180,219,463,546,900,360,274,304,396,879,517,78,303,510,314,204,363,135,396,258,247,676,802,1377,253,470,113,535,473,84,274,524,338,116,407,182,424,464,336,289,172,351
149,145,72,31,180,32,175,55,61,77,156,208,361,128,105,111,120,375,207,24,116,191,106,64,124,46,116,94,92,256,289,511,102,189,43,182,184,32,79,196,116,35,161,78,132,168,116,172,41,104
361,292,147,57,336,77,334,103,110,146,279,383,593,214,194,195,244,618,320,47,192,351,181,113,218,87,238,138,153,425,540,905,165,334,78,328,307,58,164,363,218,60,254,117,257,324,198,351,104,100
