247,462,197,81,484,114,504,180,179,243,416,518,813,387,306,305,368,802,520,60,313,516,370,190,382,156,363,281,265,623,692,1183,244,448,102,504,477,80,281,458,310,127,354,173,410,390,326,502,171,350
462,203,172,71,438,94,412,132,142,172,360,528,789,268,249,268,312,784,422,59,257,456,253,180,300,112,311,219,218,516,674,1163,242,396,104,457,401,61,232,454,261,94,345,153,374,394,266,504,183,299
197,172,37,36,221,39,189,61,56,69,167,237,338,112,90,121,141,360,186,18,114,217,108,80,123,55,147,82,115,249,316,557,102,179,44,212,192,41,115,251,157,47,142,88,161,197,130,210,79,126
81,71,36,7,96,9,71,29,27,34,60,95,133,63,49,59,69,146,91,7,62,84,46,40,55,29,65,45,46,119,119,211,36,72,22,99,66,12,42,70,55,17,42,29,63,77,57,81,31,55
484,438,221,96,250,112,468,173,168,221,394,586,863,355,287,298,372,852,464,62,265,503,320,192,333,148,329,265,254,627,741,1392,251,500,125,537,463,73,267,521,352,98,383,195,420,490,296,516,196,337
114,94,39,9,112,7,110,42,33,37,81,134,191,71,79,77,79,220,123,12,77,118,68,50,76,35,73,58,66,143,164,271,48,87,30,129,100,18,57,122,86,25,79,37,88,104,70,117,45,74
504,412,189,71,468,110,230,148,170,215,433,501,839,316,266,306,356,874,484,58,310,477,287,210,304,121,310,248,240,581,707,1318,285,412,114,519,434,86,252,499,309,92,363,164,379,461,297,476,176,347
180,132,61,29,173,42,148,25,50,68,134,175,263,96,80,87,116,279,147,16,89,169,85,69,109,38,121,70,75,223,227,398,79,167,36,156,128,19,81,166,114,34,117,60,124,135,98,178,65,98
179,142,56,27,168,33,170,50,26,68,130,168,281,102,92,97,118,300,161,22,83,173,110,75,98,38,104,84,90,217,226,482,90,152,32,188,156,21,94,187,109,43,115,67,147,169,110,166,58,124
243,172,69,34,221,37,215,68,68,51,166,248,329,131,105,112,148,332,184,28,104,210,137,88,140,56,150,93,93,254,311,554,93,209,40,224,189,28,120,213,131,42,154,75,170,199,133,209,72,136
416,360,167,60,394,81,433,134,130,166,166,546,735,295,238,252,298,714,403,59,246,465,283,179,274,114,293,214,239,516,627,1080,201,377,88,440,379,69,235,431,263,84,312,156,374,342,291,427,153,293
518,528,237,95,586,134,501,175,168,248,546,300,1005,340,318,319,379,985,564,65,313,564,315,220,371,159,372,264,293,721,899,1495,297,498,122,561,477,89,262,587,382,107,421,209,437,493,356,597,177,390
813,789,338,133,863,191,839,263,281,329,735,1005,765,555,461,526,662,1409,894,107,497,936,552,361,607,248,650,416,487,1116,1260,2323,479,827,217,966,832,144,475,904,571,184,656,326,741,859,546,927,322,612
387,268,112,63,355,71,316,96,102,131,295,340,555,122,171,168,234,581,318,49,164,352,214,166,220,84,219,163,175,375,522,871,167,319,82,337,301,58,171,360,230,64,224,101,297,310,197,331,124,223
306,249,90,49,287,79,266,80,92,105,238,318,461,171,66,136,197,461,252,26,148,293,179,116,175,61,171,120,139,321,387,712,148,266,62,251,264,42,126,286,179,57,227,95,230,256,176,284,94,188
305,268,121,59,298,77,306,87,97,112,252,319,526,168,136,82,195,530,286,32,150,313,181,116,177,74,187,112,139,370,470,848,181,275,65,261,304,48,146,358,184,60,218,102,234,295,176,293,106,190
368,312,141,69,372,79,356,116,118,148,298,379,662,234,197,195,132,656,361,47,210,382,232,133,240,88,240,148,179,473,553,1033,195,336,94,388,351,49,193,408,272,83,262,139,272,309,243,400,142,217
802,784,360,146,852,220,874,279,300,332,714,985,1409,581,461,530,656,775,898,102,487,914,542,365,591,269,667,403,485,1060,1314,2299,462,857,216,949,862,145,477,868,569,160,624,303,733,865,573,886,324,593
520,422,186,91,464,123,484,147,161,184,403,564,894,318,252,286,361,898,289,59,288,515,296,201,358,127,350,215,238,678,774,1421,278,485,114,552,513,80,283,556,344,106,385,173,417,463,296,545,190,339
60,59,18,7,62,12,58,16,22,28,59,65,107,49,26,32,47,102,59,4,27,67,39,26,40,19,41,28,35,77,105,179,29,56,10,65,64,8,25,74,42,8,39,32,39,61,28,59,19,49
313,257,114,62,265,77,310,89,83,104,246,313,497,164,148,150,210,487,288,27,70,300,169,112,182,75,172,121,147,313,436,808,150,272,66,271,273,45,149,321,185,56,189,97,221,273,159,290,97,191
516,456,217,84,503,118,477,169,173,210,465,564,936,352,293,313,382,914,515,67,300,270,329,218,349,129,358,224,258,643,764,1447,281,495,117,567,484,93,258,558,350,97,375,183,422,435,305,509,183,347
370,253,108,46,320,68,287,85,110,137,283,315,552,214,179,181,232,542,296,39,169,329,102,128,183,72,192,117,161,347,462,844,151,292,78,318,281,45,147,293,185,63,220,114,247,233,181,310,117,220
190,180,80,40,192,50,210,69,75,88,179,220,361,166,116,116,133,365,201,26,112,218,128,59,129,51,140,97,121,238,308,543,100,207,44,190,212,38,105,199,137,39,133,80,182,187,131,193,83,137
382,300,123,55,333,76,304,109,98,140,274,371,607,220,175,177,240,591,358,40,182,349,183,129,101,65,220,146,173,407,513,935,179,320,81,339,323,56,175,322,187,61,278,106,252,254,212,351,133,234
156,112,55,29,148,35,121,38,38,56,114,159,248,84,61,74,88,269,127,19,75,129,72,51,65,15,72,65,66,168,197,342,58,126,31,136,121,19,67,127,89,26,107,54,101,101,85,115,51,96
363,311,147,65,329,73,310,121,104,150,293,372,650,219,171,187,240,667,350,41,172,358,192,140,220,72,102,168,174,444,514,985,195,324,72,341,323,62,178,363,234,70,259,126,280,301,231,316,137,233
281,219,82,45,265,58,248,70,84,93,214,264,416,163,120,112,148,403,215,28,121,224,117,97,146,65,168,54,113,290,358,655,122,196,56,249,230,37,108,262,142,54,199,88,193,259,154,250,98,139
265,218,115,46,254,66,240,75,90,93,239,293,487,175,139,139,179,485,238,35,147,258,161,121,173,66,174,113,54,308,390,694,145,250,63,259,255,38,136,285,182,52,218,95,211,219,149,241,105,170
623,516,249,119,627,143,581,223,217,254,516,721,1116,375,321,370,473,1060,678,77,313,643,347,238,407,168,444,290,308,361,1028,1798,342,623,140,662,558,87,353,677,387,129,491,214,504,587,395,600,242,405
692,674,316,119,741,164,707,227,226,311,627,899,1260,522,387,470,553,1314,774,105,436,764,462,308,513,197,514,358,390,1028,553,1991,393,753,164,830,721,127,360,814,483,163,585,292,648,695,452,736,276,530
1183,1163,557,211,1392,271,1318,398,482,554,1080,1495,2323,871,712,848,1033,2299,1421,179,808,1447,844,543,935,342,985,655,694,1798,1991,1843,708,1282,308,1513,1318,226,681,1347,927,255,998,522,1107,1242,907,1410,485,941
244,242,102,36,251,48,285,79,90,93,201,297,479,167,148,181,195,462,278,29,150,281,151,100,179,58,195,122,145,342,393,708,66,244,61,275,263,45,134,251,170,66,195,88,221,233,189,292,90,193
448,396,179,72,500,87,412,167,152,209,377,498,827,319,266,275,336,857,485,56,272,495,292,207,320,126,324,196,250,623,753,1282,244,215,98,485,397,80,258,532,288,103,353,158,397,431,293,521,182,274
102,104,44,22,125,30,114,36,32,40,88,122,217,82,62,65,94,216,114,10,66,117,78,44,81,31,72,56,63,140,164,308,61,98,11,125,120,27,61,116,82,26,83,41,119,100,77,116,38,69
504,457,212,99,537,129,519,156,188,224,440,561,966,337,251,261,388,949,552,65,271,567,318,190,339,136,341,249,259,662,830,1513,275,485,125,297,476,79,272,567,356,109,408,177,409,470,308,530,206,350
477,401,192,66,463,100,434,128,156,189,379,477,832,301,264,304,351,862,513,64,273,484,281,212,323,121,323,230,255,558,721,1318,263,397,120,476,198,87,239,479,310,99,326,184,399,428,294,485,168,323
80,61,41,12,73,18,86,19,21,28,69,89,144,58,42,48,49,145,80,8,45,93,45,38,56,19,62,37,38,87,127,226,45,80,27,79,87,4,38,85,53,13,91,29,66,90,56,78,31,53
281,232,115,42,267,57,252,81,94,120,235,262,475,171,126,146,193,477,283,25,149,258,147,105,175,67,178,108,136,353,360,681,134,258,61,272,239,38,61,291,177,45,184,109,202,223,162,280,88,159
458,454,251,70,521,122,499,166,187,213,431,587,904,360,286,358,408,868,556,74,321,558,293,199,322,127,363,262,285,677,814,1347,251,532,116,567,479,85,291,286,338,127,413,216,407,486,312,564,198,361
310,261,157,55,352,86,309,114,109,131,263,382,571,230,179,184,272,569,344,42,185,350,185,137,187,89,234,142,182,387,483,927,170,288,82,356,310,53,177,338,102,84,255,121,218,306,208,356,117,199
127,94,47,17,98,25,92,34,43,42,84,107,184,64,57,60,83,160,106,8,56,97,63,39,61,26,70,54,52,129,163,255,66,103,26,109,99,13,45,127,84,6,61,40,86,96,65,103,27,77
354,345,142,42,383,79,363,117,115,154,312,421,656,224,227,218,262,624,385,39,189,375,220,133,278,107,259,199,218,491,585,998,195,353,83,408,326,91,184,413,255,61,128,141,275,370,257,371,141,267
173,153,88,29,195,37,164,60,67,75,156,209,326,101,95,102,139,303,173,32,97,183,114,80,106,54,126,88,95,214,292,522,88,158,41,177,184,29,109,216,121,40,141,28,151,161,95,194,62,125
410,374,161,63,420,88,379,124,147,170,374,437,741,297,230,234,272,733,417,39,221,422,247,182,252,101,280,193,211,504,648,1107,221,397,119,409,399,66,202,407,218,86,275,151,168,361,262,422,163,266
390,394,197,77,490,104,461,135,169,199,342,493,859,310,256,295,309,865,463,61,273,435,233,187,254,101,301,259,219,587,695,1242,233,431,100,470,428,90,223,486,306,96,370,161,361,203,275,502,181,308
326,266,130,57,296,70,297,98,110,133,291,356,546,197,176,176,243,573,296,28,159,305,181,131,212,85,231,154,149,395,452,907,189,293,77,308,294,56,162,312,208,65,257,95,262,275,104,328,109,201
502,504,210,81,516,117,476,178,166,209,427,597,927,331,284,293,400,886,545,59,290,509,310,193,351,115,316,250,241,600,736,1410,292,521,116,530,485,78,280,564,356,103,371,194,422,502,328,278,174,366
171,183,79,31,196,45,176,65,58,72,153,177,322,124,94,106,142,324,190,19,97,183,117,83,133,51,137,98,105,242,276,485,90,182,38,206,168,31,88,198,117,27,141,62,163,181,109,174,27,128
350,299,126,55,337,74,347,98,124,136,293,390,612,223,188,190,217,593,339,49,191,347,220,137,234,96,233,139,170,405,530,941,193,274,69,350,323,53,159,361,199,77,267,125,266,308,201,366,128,110
