254,458,204,97,482,125,505,196,174,254,447,551,800,380,322,322,385,829,514,69,329,515,355,213,370,137,367,288,320,608,701,1183,257,474,103,504,508,82,252,473,334,113,348,173,452,438,339,528,170,382
458,182,193,70,461,102,482,137,135,194,363,466,746,289,249,227,302,773,451,59,226,439,266,169,290,119,302,214,237,579,682,1219,241,409,98,421,400,79,224,487,296,92,331,181,358,366,287,487,182,319
204,193,36,32,204,49,221,66,50,79,163,232,360,160,111,110,140,347,172,29,100,214,110,108,139,63,145,118,109,272,293,589,109,178,47,182,212,27,111,226,127,39,177,68,182,177,119,206,80,141
97,70,32,4,83,17,68,29,37,39,84,76,131,50,50,55,65,120,77,13,45,78,56,30,60,22,57,43,46,94,132,219,42,77,21,92,64,17,38,82,56,13,73,24,55,57,53,87,30,66
482,461,204,83,247,114,455,188,150,205,413,613,894,352,240,261,359,874,517,62,283,507,298,203,339,112,332,267,255,614,773,1368,273,476,112,552,474,71,259,551,346,102,414,184,397,471,316,547,173,348
125,102,49,17,114,10,90,39,42,44,101,115,178,54,59,73,87,183,93,23,69,116,73,30,78,37,91,67,58,144,173,284,50,115,24,125,74,27,60,124,80,23,77,43,77,95,81,110,39,81
505,482,221,68,455,90,220,155,158,203,458,508,877,295,281,309,372,897,491,77,242,509,301,173,329,134,339,237,246,603,743,1362,278,425,116,515,420,96,237,513,307,103,385,192,362,443,303,503,179,322
196,137,66,29,188,39,155,26,55,70,148,167,261,110,88,89,106,277,140,19,77,153,79,54,97,29,95,74,66,202,244,438,87,151,38,140,138,20,71,150,93,27,117,47,107,149,110,154,68,116
174,135,50,37,150,42,158,55,21,67,140,184,297,98,92,99,112,307,148,22,90,148,94,64,116,35,97,85,73,194,215,453,83,151,36,166,152,26,69,177,113,38,123,57,140,155,99,161,63,120
254,194,79,39,205,44,203,70,67,41,174,213,366,140,113,126,161,351,218,24,129,226,133,101,148,59,148,95,113,232,300,566,114,203,60,217,219,38,95,228,144,45,151,68,178,175,142,219,88,149
447,363,163,84,413,101,458,148,140,174,178,475,709,274,232,260,298,723,446,54,243,453,244,173,286,134,304,200,221,508,638,1167,225,454,107,442,432,75,220,470,316,99,316,155,340,367,249,463,152,285
551,466,232,76,613,115,508,167,184,213,475,312,1037,348,261,275,431,1094,586,62,270,605,324,202,362,127,359,233,269,701,904,1612,298,539,129,665,490,93,305,633,389,133,433,216,473,570,340,578,210,363
800,746,360,131,894,178,877,261,297,366,709,1037,805,570,449,499,602,1453,915,115,541,928,498,355,572,211,601,422,440,1157,1366,2517,442,834,196,973,842,133,408,985,597,201,661,364,722,872,605,928,315,565
380,289,160,50,352,54,295,110,98,140,274,348,570,93,192,191,237,547,345,38,167,347,217,144,225,84,219,145,179,414,481,902,185,296,87,340,278,59,170,339,204,62,268,125,275,287,217,336,123,213
322,249,111,50,240,59,281,88,92,113,232,261,449,192,70,124,204,472,263,35,131,273,164,125,170,54,170,126,149,313,399,731,145,246,59,263,241,56,141,283,189,61,192,104,226,267,157,288,100,190
322,227,110,55,261,73,309,89,99,126,260,275,499,191,124,61,214,536,285,32,139,295,176,125,177,62,171,121,145,342,400,838,143,262,77,286,284,60,125,343,203,47,205,117,235,273,186,285,132,214
385,302,140,65,359,87,372,106,112,161,298,431,602,237,204,214,132,633,352,51,195,368,228,136,240,99,251,169,185,426,535,992,182,361,78,382,368,63,182,379,243,67,268,110,299,313,227,382,131,235
829,773,347,120,874,183,897,277,307,351,723,1094,1453,547,472,536,633,776,897,107,515,924,506,348,593,233,615,411,439,1078,1398,2467,448,853,217,983,843,157,456,970,587,186,672,355,715,850,577,922,306,565
514,451,172,77,517,93,491,140,148,218,446,586,915,345,263,285,352,897,275,68,278,501,311,231,310,117,342,239,243,666,769,1468,274,477,106,540,519,86,229,559,334,103,394,178,437,518,295,547,183,340
69,59,29,13,62,23,77,19,22,24,54,62,115,38,35,32,51,107,68,3,36,73,37,26,36,22,53,37,33,79,112,173,23,64,10,61,65,4,39,69,45,9,55,24,60,54,33,75,30,36
329,226,100,45,283,69,242,77,90,129,243,270,541,167,131,139,195,515,278,36,82,291,149,100,171,83,190,151,152,312,458,789,173,256,68,270,222,55,141,268,181,66,237,93,216,278,154,291,96,196
515,439,214,78,507,116,509,153,148,226,453,605,928,347,273,295,368,924,501,73,291,296,315,217,332,139,356,240,272,666,766,1427,279,483,123,511,510,92,230,547,336,107,389,173,428,458,305,562,185,325
355,266,110,56,298,73,301,79,94,133,244,324,498,217,164,176,228,506,311,37,149,315,95,135,181,72,182,147,161,370,429,837,156,308,49,299,319,42,134,317,204,61,237,93,256,261,181,323,117,193
213,169,108,30,203,30,173,54,64,101,173,202,355,144,125,125,136,348,231,26,100,217,135,31,133,54,131,99,107,252,309,582,120,183,55,224,204,33,96,201,150,37,154,66,164,182,131,191,86,143
370,290,139,60,339,78,329,97,116,148,286,362,572,225,170,177,240,593,310,36,171,332,181,133,95,77,197,166,172,376,541,949,201,307,64,340,318,54,176,349,258,72,262,133,257,309,219,350,115,234
137,119,63,22,112,37,134,29,35,59,134,127,211,84,54,62,99,233,117,22,83,139,72,54,77,17,68,59,66,155,208,374,72,141,32,126,120,18,70,141,86,17,123,43,99,114,72,135,49,84
367,302,145,57,332,91,339,95,97,148,304,359,601,219,170,171,251,615,342,53,190,356,182,131,197,68,113,166,171,392,549,970,204,334,86,334,335,69,175,336,239,69,282,129,260,314,206,389,155,211
288,214,118,43,267,67,237,74,85,95,200,233,422,145,126,121,169,411,239,37,151,240,147,99,166,59,166,61,116,281,336,648,142,244,49,233,208,35,109,245,144,55,160,81,192,190,158,252,108,141
320,237,109,46,255,58,246,66,73,113,221,269,440,179,149,145,185,439,243,33,152,272,161,107,172,66,171,116,72,296,388,701,130,246,66,243,267,39,108,259,149,51,178,94,207,236,177,253,94,168
608,579,272,94,614,144,603,202,194,232,508,701,1157,414,313,342,426,1078,666,79,312,666,370,252,376,155,392,281,296,401,996,1836,349,611,141,632,593,94,311,697,424,116,478,246,468,611,360,679,219,397
701,682,293,132,773,173,743,244,215,300,638,904,1366,481,399,400,535,1398,769,112,458,766,429,309,541,208,549,336,388,996,599,2071,399,664,165,800,716,131,346,805,521,157,609,267,608,731,477,831,264,489
1183,1219,589,219,1368,284,1362,438,453,566,1167,1612,2517,902,731,838,992,2467,1468,173,789,1427,837,582,949,374,970,648,701,1836,2071,1924,714,1306,327,1596,1389,253,721,1510,921,287,1043,511,1115,1308,854,1439,508,949
257,241,109,42,273,50,278,87,83,114,225,298,442,185,145,143,182,448,274,23,173,279,156,120,201,72,204,142,130,349,399,714,75,236,49,301,252,52,152,280,203,68,204,102,217,256,183,281,96,204
474,409,178,77,476,115,425,151,151,203,454,539,834,296,246,262,361,853,477,64,256,483,308,183,307,141,334,244,246,611,664,1306,236,216,103,465,405,81,229,499,334,96,387,172,368,411,285,472,186,338
103,98,47,21,112,24,116,38,36,60,107,129,196,87,59,77,78,217,106,10,68,123,49,55,64,32,86,49,66,141,165,327,49,103,17,112,110,19,64,123,93,22,72,40,95,122,88,110,31,75
504,421,182,92,552,125,515,140,166,217,442,665,973,340,263,286,382,983,540,61,270,511,299,224,340,126,334,233,243,632,800,1596,301,465,112,307,540,81,283,570,384,103,404,195,395,484,307,581,215,329
508,400,212,64,474,74,420,138,152,219,432,490,842,278,241,284,368,843,519,65,222,510,319,204,318,120,335,208,267,593,716,1389,252,405,110,540,210,84,219,498,335,120,336,177,357,421,280,465,182,323
82,79,27,17,71,27,96,20,26,38,75,93,133,59,56,60,63,157,86,4,55,92,42,33,54,18,69,35,39,94,131,253,52,81,19,81,84,6,31,91,62,22,77,22,65,70,58,114,36,55
252,224,111,38,259,60,237,71,69,95,220,305,408,170,141,125,182,456,229,39,141,230,134,96,176,70,175,109,108,311,346,721,152,229,64,283,219,31,64,275,138,45,173,94,192,199,169,261,97,148
473,487,226,82,551,124,513,150,177,228,470,633,985,339,283,343,379,970,559,69,268,547,317,201,349,141,336,245,259,697,805,1510,280,499,123,570,498,91,275,287,345,109,390,224,418,530,361,547,198,384
334,296,127,56,346,80,307,93,113,144,316,389,597,204,189,203,243,587,334,45,181,336,204,150,258,86,239,144,149,424,521,921,203,334,93,384,335,62,138,345,91,72,267,134,265,313,221,341,146,237
113,92,39,13,102,23,103,27,38,45,99,133,201,62,61,47,67,186,103,9,66,107,61,37,72,17,69,55,51,116,157,287,68,96,22,103,120,22,45,109,72,13,71,33,83,91,68,103,35,73
348,331,177,73,414,77,385,117,123,151,316,433,661,268,192,205,268,672,394,55,237,389,237,154,262,123,282,160,178,478,609,1043,204,387,72,404,336,77,173,390,267,71,155,143,325,332,251,397,143,239
173,181,68,24,184,43,192,47,57,68,155,216,364,125,104,117,110,355,178,24,93,173,93,66,133,43,129,81,94,246,267,511,102,172,40,195,177,22,94,224,134,33,143,41,174,173,131,210,79,123
452,358,182,55,397,77,362,107,140,178,340,473,722,275,226,235,299,715,437,60,216,428,256,164,257,99,260,192,207,468,608,1115,217,368,95,395,357,65,192,418,265,83,325,174,177,380,266,424,166,297
438,366,177,57,471,95,443,149,155,175,367,570,872,287,267,273,313,850,518,54,278,458,261,182,309,114,314,190,236,611,731,1308,256,411,122,484,421,70,199,530,313,91,332,173,380,217,293,478,182,302
339,287,119,53,316,81,303,110,99,142,249,340,605,217,157,186,227,577,295,33,154,305,181,131,219,72,206,158,177,360,477,854,183,285,88,307,280,58,169,361,221,68,251,131,266,293,105,321,120,219
528,487,206,87,547,110,503,154,161,219,463,578,928,336,288,285,382,922,547,75,291,562,323,191,350,135,389,252,253,679,831,1439,281,472,110,581,465,114,261,547,341,103,397,210,424,478,321,290,184,354
170,182,80,30,173,39,179,68,63,88,152,210,315,123,100,132,131,306,183,30,96,185,117,86,115,49,155,108,94,219,264,508,96,186,31,215,182,36,97,198,146,35,143,79,166,182,120,184,33,118
382,319,141,66,348,81,322,116,120,149,285,363,565,213,190,214,235,565,340,36,196,325,193,143,234,84,211,141,168,397,489,949,204,338,75,329,323,55,148,384,237,73,239,123,297,302,219,354,118,126
