268,439,226,93,500,114,463,185,175,257,446,501,800,357,295,315,316,822,543,77,329,513,294,189,342,169,393,258,335,618,697,1105,235,522,109,529,471,95,227,428,330,109,347,186,432,398,322,481,164,371
439,177,185,82,413,102,433,124,144,175,395,476,851,304,234,244,297,799,460,49,244,433,247,158,258,108,272,216,236,543,686,1284,227,409,96,461,412,72,197,452,248,86,368,171,359,420,254,468,175,273
226,185,49,32,215,40,175,55,76,72,162,194,352,119,91,113,139,373,195,18,98,177,97,70,105,40,119,97,113,257,306,594,110,167,47,202,177,34,108,217,123,35,148,81,151,190,122,218,70,113
93,82,32,4,81,17,83,29,27,33,81,90,129,54,34,46,69,127,78,10,50,81,43,37,75,29,62,47,41,88,124,231,41,68,14,101,74,24,48,82,50,16,67,23,81,89,46,101,31,74
500,413,215,81,252,122,478,150,153,228,459,580,877,322,268,276,377,890,516,56,291,531,317,215,363,120,361,222,269,606,779,1418,266,476,122,540,475,79,264,548,332,97,367,175,451,497,317,536,198,393
114,102,40,17,122,12,118,33,44,31,90,139,198,86,48,54,101,188,124,14,65,115,61,42,93,30,72,55,53,147,174,307,64,87,21,118,103,24,66,111,71,20,86,32,97,97,75,124,37,78
463,433,175,83,478,118,263,153,167,180,428,500,804,334,240,275,390,831,476,50,298,507,277,204,339,134,340,228,250,603,750,1338,249,477,102,526,463,94,283,501,333,99,359,174,390,476,279,524,170,293
185,124,55,29,150,33,153,26,35,70,132,164,256,101,75,86,119,274,168,21,77,166,87,50,94,53,109,72,82,190,247,426,81,147,38,175,157,21,87,172,120,32,118,50,131,161,91,160,75,122
175,144,76,27,153,44,167,35,27,67,141,190,277,87,77,74,113,310,155,22,80,173,98,66,108,40,121,87,95,217,233,457,91,155,43,154,172,31,73,159,107,41,116,63,134,154,78,155,69,113
257,175,72,33,228,31,180,70,67,45,184,196,330,143,104,105,137,344,201,27,123,208,148,99,163,63,163,91,120,231,302,550,106,211,40,218,210,31,91,213,123,49,136,83,185,194,130,215,81,155
446,395,162,81,459,90,428,132,141,184,191,444,719,289,192,227,294,726,392,52,223,415,255,180,322,121,307,185,235,536,623,1168,227,414,93,419,418,59,213,453,255,101,300,154,364,377,269,440,160,305
501,476,194,90,580,139,500,164,190,196,444,322,999,354,277,316,393,1044,559,52,323,548,301,207,351,134,371,262,261,724,840,1533,310,524,126,585,551,95,242,662,371,120,435,218,395,520,335,579,223,347
800,851,352,129,877,198,804,256,277,330,719,999,781,606,482,517,657,1491,920,117,505,876,534,369,592,244,596,430,448,1142,1366,2453,490,819,201,975,835,160,418,946,630,170,714,346,737,857,548,885,343,613
357,304,119,54,322,86,334,101,87,143,289,354,606,92,177,197,256,630,323,48,196,328,197,131,227,86,224,137,183,400,482,970,172,301,78,342,312,50,152,308,208,65,265,116,286,314,189,359,135,236
295,234,91,34,268,48,240,75,77,104,192,277,482,177,79,134,180,486,238,23,152,254,159,114,173,61,158,129,123,358,372,762,146,232,63,256,238,45,124,283,160,44,204,94,206,255,139,281,111,180
315,244,113,46,276,54,275,86,74,105,227,316,517,197,134,77,169,521,283,29,178,284,158,123,187,70,178,143,140,350,427,828,177,250,56,267,264,53,125,312,185,47,236,109,233,276,172,313,110,172
316,297,139,69,377,101,390,119,113,137,294,393,657,256,180,169,124,684,396,33,197,401,206,152,244,98,249,151,197,437,532,961,214,349,79,355,352,70,188,378,247,84,266,124,304,339,224,368,136,226
822,799,373,127,890,188,831,274,310,344,726,1044,1491,630,486,521,684,845,944,117,530,923,558,378,613,229,616,442,456,1131,1298,2417,495,845,191,967,828,161,452,970,599,171,704,324,769,797,550,887,357,605
543,460,195,78,516,124,476,168,155,201,392,559,920,323,238,283,396,944,271,71,257,492,280,211,308,129,320,230,250,634,785,1380,290,449,111,533,441,77,271,524,323,124,390,177,417,470,291,554,173,347
77,49,18,10,56,14,50,21,22,27,52,52,117,48,23,29,33,117,71,3,29,70,27,32,42,20,49,18,27,67,103,185,26,55,16,56,61,7,30,64,42,10,40,23,57,53,47,55,26,54
329,244,98,50,291,65,298,77,80,123,223,323,505,196,152,178,197,530,257,29,67,278,132,110,192,68,158,119,116,358,413,789,159,251,64,281,274,38,145,308,205,60,224,121,222,225,183,314,132,185
513,433,177,81,531,115,507,166,173,208,415,548,876,328,254,284,401,923,492,70,278,250,327,210,367,152,341,237,259,645,781,1428,278,482,131,572,465,91,262,482,309,115,401,177,423,483,291,537,206,333
294,247,97,43,317,61,277,87,98,148,255,301,534,197,159,158,206,558,280,27,132,327,93,135,210,85,201,143,153,378,435,843,162,270,65,295,266,56,127,296,187,56,206,98,230,274,178,310,122,218
189,158,70,37,215,42,204,50,66,99,180,207,369,131,114,123,152,378,211,32,110,210,135,32,152,55,132,93,100,269,320,581,110,185,41,216,164,28,96,192,118,42,136,71,139,177,116,228,63,146
342,258,105,75,363,93,339,94,108,163,322,351,592,227,173,187,244,613,308,42,192,367,210,152,119,90,219,167,183,411,509,980,196,358,89,341,306,52,182,356,201,74,243,131,278,272,193,344,136,240
169,108,40,29,120,30,134,53,40,63,121,134,244,86,61,70,98,229,129,20,68,152,85,55,90,16,74,66,76,168,219,388,70,134,38,138,116,27,71,140,79,32,94,50,113,103,84,146,47,90
393,272,119,62,361,72,340,109,121,163,307,371,596,224,158,178,249,616,320,49,158,341,201,132,219,74,103,151,178,412,505,970,174,332,79,338,322,52,176,353,218,62,272,121,277,291,201,362,120,231
258,216,97,47,222,55,228,72,87,91,185,262,430,137,129,143,151,442,230,18,119,237,143,93,167,66,151,52,119,274,336,697,136,207,74,230,196,33,116,251,153,39,172,76,182,183,160,241,103,160
335,236,113,41,269,53,250,82,95,120,235,261,448,183,123,140,197,456,250,27,116,259,153,100,183,76,178,119,54,324,400,737,133,242,74,282,261,45,123,273,176,66,205,107,212,209,152,257,101,185
618,543,257,88,606,147,603,190,217,231,536,724,1142,400,358,350,437,1131,634,67,358,645,378,269,411,168,412,274,324,420,946,1757,352,578,146,668,571,112,305,698,431,120,473,253,575,614,413,663,232,428
697,686,306,124,779,174,750,247,233,302,623,840,1366,482,372,427,532,1298,785,103,413,781,435,320,509,219,505,336,400,946,575,2060,418,694,163,836,702,129,384,793,519,166,571,296,643,712,462,811,276,512
1105,1284,594,231,1418,307,1338,426,457,550,1168,1533,2453,970,762,828,961,2417,1380,185,789,1428,843,581,980,388,970,697,737,1757,2060,1926,758,1316,306,1530,1347,230,709,1473,974,272,1085,537,1193,1259,913,1408,477,959
235,227,110,41,266,64,249,81,91,106,227,310,490,172,146,177,214,495,290,26,159,278,162,110,196,70,174,136,133,352,418,758,67,246,56,301,261,35,127,252,172,46,199,116,211,236,170,286,95,207
522,409,167,68,476,87,477,147,155,211,414,524,819,301,232,250,349,845,449,55,251,482,270,185,358,134,332,207,242,578,694,1316,246,209,106,493,423,79,232,500,307,88,325,181,394,448,270,492,187,304
109,96,47,14,122,21,102,38,43,40,93,126,201,78,63,56,79,191,111,16,64,131,65,41,89,38,79,74,74,146,163,306,56,106,14,101,112,17,53,116,65,21,89,35,101,107,83,103,30,77
529,461,202,101,540,118,526,175,154,218,419,585,975,342,256,267,355,967,533,56,281,572,295,216,341,138,338,230,282,668,836,1530,301,493,101,284,476,87,287,597,377,102,396,212,439,514,336,539,199,333
471,412,177,74,475,103,463,157,172,210,418,551,835,312,238,264,352,828,441,61,274,465,266,164,306,116,322,196,261,571,702,1347,261,423,112,476,204,93,246,488,304,98,342,177,379,472,269,541,187,293
95,72,34,24,79,24,94,21,31,31,59,95,160,50,45,53,70,161,77,7,38,91,56,28,52,27,52,33,45,112,129,230,35,79,17,87,93,7,48,97,46,19,67,26,73,80,58,104,35,46
227,197,108,48,264,66,283,87,73,91,213,242,418,152,124,125,188,452,271,30,145,262,127,96,182,71,176,116,123,305,384,709,127,232,53,287,246,48,64,266,169,53,166,107,217,236,142,260,80,183
428,452,217,82,548,111,501,172,159,213,453,662,946,308,283,312,378,970,524,64,308,482,296,192,356,140,353,251,273,698,793,1473,252,500,116,597,488,97,266,264,360,114,416,207,406,480,329,586,200,356
330,248,123,50,332,71,333,120,107,123,255,371,630,208,160,185,247,599,323,42,205,309,187,118,201,79,218,153,176,431,519,974,172,307,65,377,304,46,169,360,87,63,272,128,244,304,204,384,108,232
109,86,35,16,97,20,99,32,41,49,101,120,170,65,44,47,84,171,124,10,60,115,56,42,74,32,62,39,66,120,166,272,46,88,21,102,98,19,53,114,63,10,79,38,87,93,59,99,33,72
347,368,148,67,367,86,359,118,116,136,300,435,714,265,204,236,266,704,390,40,224,401,206,136,243,94,272,172,205,473,571,1085,199,325,89,396,342,67,166,416,272,79,122,157,318,361,268,407,144,218
186,171,81,23,175,32,174,50,63,83,154,218,346,116,94,109,124,324,177,23,121,177,98,71,131,50,121,76,107,253,296,537,116,181,35,212,177,26,107,207,128,38,157,43,149,155,100,190,52,121
432,359,151,81,451,97,390,131,134,185,364,395,737,286,206,233,304,769,417,57,222,423,230,139,278,113,277,182,212,575,643,1193,211,394,101,439,379,73,217,406,244,87,318,149,159,350,224,437,152,293
398,420,190,89,497,97,476,161,154,194,377,520,857,314,255,276,339,797,470,53,225,483,274,177,272,103,291,183,209,614,712,1259,236,448,107,514,472,80,236,480,304,93,361,155,350,199,259,486,157,306
322,254,122,46,317,75,279,91,78,130,269,335,548,189,139,172,224,550,291,47,183,291,178,116,193,84,201,160,152,413,462,913,170,270,83,336,269,58,142,329,204,59,268,100,224,259,92,321,116,215
481,468,218,101,536,124,524,160,155,215,440,579,885,359,281,313,368,887,554,55,314,537,310,228,344,146,362,241,257,663,811,1408,286,492,103,539,541,104,260,586,384,99,407,190,437,486,321,276,173,355
164,175,70,31,198,37,170,75,69,81,160,223,343,135,111,110,136,357,173,26,132,206,122,63,136,47,120,103,101,232,276,477,95,187,30,199,187,35,80,200,108,33,144,52,152,157,116,173,28,138
371,273,113,74,393,78,293,122,113,155,305,347,613,236,180,172,226,605,347,54,185,333,218,146,240,90,231,160,185,428,512,959,207,304,77,333,293,46,183,356,232,72,218,121,293,306,215,355,138,135
