274,432,190,75,494,102,441,194,178,232,426,515,823,335,314,354,373,789,499,76,346,468,340,206,382,127,359,277,313,594,720,1166,228,498,116,503,460,88,251,468,294,107,416,155,438,421,334,505,161,394
432,198,162,78,399,103,405,136,130,175,333,456,719,276,206,226,341,740,462,47,245,474,265,152,268,101,296,184,187,491,646,1182,260,397,111,474,409,85,189,490,303,88,334,170,318,387,287,440,174,304
190,162,34,36,186,50,180,84,59,85,164,220,346,140,109,101,156,368,188,24,111,208,107,96,114,42,100,109,96,231,293,579,124,171,35,202,172,32,119,209,143,45,145,68,139,185,125,182,74,147
75,78,36,11,85,14,60,29,35,35,67,83,117,68,53,58,71,153,102,15,44,99,53,34,54,24,79,49,43,107,127,206,35,79,18,82,79,11,48,89,53,18,57,31,73,74,51,85,30,79
494,399,186,85,223,115,476,138,168,220,422,568,901,311,274,303,337,908,491,68,304,500,290,190,344,126,348,247,222,651,723,1441,275,495,113,515,478,82,258,585,357,108,418,223,396,453,323,542,194,336
102,103,50,14,115,12,93,26,41,51,103,112,157,84,64,70,89,171,115,12,70,122,70,47,75,35,100,52,56,147,171,288,53,109,31,103,110,14,55,119,81,22,70,38,83,107,48,102,43,93
441,405,180,60,476,93,198,144,169,210,396,534,821,295,241,253,336,894,484,60,261,466,315,192,300,166,348,232,237,595,718,1299,245,451,125,521,449,77,236,471,303,95,350,201,317,405,304,507,184,365
194,136,84,29,138,26,144,28,62,64,125,184,261,86,69,90,116,257,150,14,73,139,89,57,96,39,87,77,77,190,255,449,89,138,30,162,148,22,76,181,98,26,109,50,121,146,88,146,60,105
178,130,59,35,168,41,169,62,18,68,141,190,293,112,89,90,117,303,178,18,86,173,94,59,119,40,93,70,94,190,237,461,92,168,37,182,150,34,82,198,123,35,134,67,128,149,104,190,52,113
232,175,85,35,220,51,210,64,68,58,151,222,378,137,119,112,158,352,200,27,116,244,129,85,130,45,130,103,94,250,304,572,113,200,37,208,209,35,102,218,138,49,173,83,180,183,159,215,83,139
426,333,164,67,422,103,396,125,141,151,172,455,731,272,224,247,299,731,406,43,263,413,250,160,266,90,277,190,216,549,635,1175,220,387,85,445,384,83,225,429,263,85,313,162,342,410,263,420,138,279
515,456,220,83,568,112,534,184,190,222,455,288,1040,342,289,303,388,1038,543,67,328,581,326,200,370,131,366,275,272,691,822,1539,321,533,113,560,498,96,287,574,360,89,418,212,436,556,373,553,215,359
823,719,346,117,901,157,821,261,293,378,731,1040,774,608,479,524,653,1422,939,92,498,936,545,334,591,236,650,437,462,1135,1361,2445,477,880,187,1005,829,154,435,981,627,206,698,347,711,798,582,911,325,607
335,276,140,68,311,84,295,86,112,137,272,342,608,93,167,175,212,609,317,50,197,341,194,132,207,79,221,142,165,369,490,940,188,278,78,317,293,59,144,305,190,60,254,117,247,303,181,320,134,240
314,206,109,53,274,64,241,69,89,119,224,289,479,167,71,155,201,470,280,31,161,295,167,103,162,76,173,141,144,313,433,699,146,247,53,265,230,44,130,273,184,49,212,92,216,246,183,292,79,196
354,226,101,58,303,70,253,90,90,112,247,303,524,175,155,71,204,502,294,22,165,316,176,102,177,74,181,139,141,329,476,820,174,273,55,290,238,50,156,326,185,51,201,105,225,273,188,305,106,200
373,341,156,71,337,89,336,116,117,158,299,388,653,212,201,204,127,636,346,40,169,352,203,144,241,94,255,168,206,459,570,989,195,366,81,361,333,55,190,383,228,81,297,122,289,338,197,332,135,280
789,740,368,153,908,171,894,257,303,352,731,1038,1422,609,470,502,636,837,918,97,501,918,555,355,624,225,584,395,467,1092,1320,2400,499,868,212,984,853,171,435,941,614,197,685,337,740,802,610,933,338,601
499,462,188,102,491,115,484,150,178,200,406,543,939,317,280,294,346,918,268,52,283,478,322,221,324,130,334,240,253,647,762,1392,265,491,118,547,478,90,225,537,322,102,392,215,375,498,329,467,204,352
76,47,24,15,68,12,60,14,18,27,43,67,92,50,31,22,40,97,52,5,38,57,34,31,36,16,36,25,40,67,92,174,31,59,17,60,51,10,28,64,32,14,53,27,50,50,43,73,22,41
346,245,111,44,304,70,261,73,86,116,263,328,498,197,161,165,169,501,283,38,65,280,163,92,166,53,164,115,125,351,396,781,154,268,66,300,288,65,135,293,183,62,231,103,215,285,170,293,115,191
468,474,208,99,500,122,466,139,173,244,413,581,936,341,295,316,352,918,478,57,280,261,312,212,347,131,328,241,258,642,726,1430,287,467,127,535,502,93,247,558,336,97,384,194,387,506,323,516,215,351
340,265,107,53,290,70,315,89,94,129,250,326,545,194,167,176,203,555,322,34,163,312,93,128,195,81,200,155,143,366,450,881,185,284,74,322,303,38,161,310,195,63,253,114,251,242,196,304,128,232
206,152,96,34,190,47,192,57,59,85,160,200,334,132,103,102,144,355,221,31,92,212,128,37,144,53,131,86,95,229,299,573,119,165,42,188,171,38,94,207,119,36,159,77,162,176,148,193,72,150
382,268,114,54,344,75,300,96,119,130,266,370,591,207,162,177,241,624,324,36,166,347,195,144,114,79,239,176,173,432,515,896,184,279,67,334,290,43,159,334,226,74,267,131,253,304,206,343,123,233
127,101,42,24,126,35,166,39,40,45,90,131,236,79,76,74,94,225,130,16,53,131,81,53,79,19,100,51,65,155,175,374,63,118,26,119,114,15,53,139,88,23,103,54,115,127,86,157,43,72
359,296,100,79,348,100,348,87,93,130,277,366,650,221,173,181,255,584,334,36,164,328,200,131,239,100,130,129,166,407,539,971,209,335,84,325,328,46,159,351,220,68,259,147,264,322,239,348,126,217
277,184,109,49,247,52,232,77,70,103,190,275,437,142,141,139,168,395,240,25,115,241,155,86,176,51,129,59,105,281,371,685,119,198,42,230,216,32,95,264,152,32,181,107,191,205,163,228,91,171
313,187,96,43,222,56,237,77,94,94,216,272,462,165,144,141,206,467,253,40,125,258,143,95,173,65,166,105,63,314,363,715,147,204,54,258,239,49,117,263,155,59,192,103,205,235,150,268,96,178
594,491,231,107,651,147,595,190,190,250,549,691,1135,369,313,329,459,1092,647,67,351,642,366,229,432,155,407,281,314,378,946,1695,333,598,136,609,585,109,308,656,414,123,446,232,488,565,384,662,223,444
720,646,293,127,723,171,718,255,237,304,635,822,1361,490,433,476,570,1320,762,92,396,726,450,299,515,175,539,371,363,946,579,2067,420,735,192,821,720,132,377,817,468,141,594,297,609,699,488,736,259,537
1166,1182,579,206,1441,288,1299,449,461,572,1175,1539,2445,940,699,820,989,2400,1392,174,781,1430,881,573,896,374,971,685,715,1695,2067,1913,748,1320,314,1487,1311,244,688,1495,947,299,1032,530,1152,1296,908,1327,528,928
228,260,124,35,275,53,245,89,92,113,220,321,477,188,146,174,195,499,265,31,154,287,185,119,184,63,209,119,147,333,420,748,73,254,69,303,242,39,143,279,166,52,205,98,235,228,180,255,89,186
498,397,171,79,495,109,451,138,168,200,387,533,880,278,247,273,366,868,491,59,268,467,284,165,279,118,335,198,204,598,735,1320,254,244,116,525,467,81,231,524,313,95,351,167,341,449,295,474,178,322
116,111,35,18,113,31,125,30,37,37,85,113,187,78,53,55,81,212,118,17,66,127,74,42,67,26,84,42,54,136,192,314,69,116,12,137,105,19,52,110,72,22,87,42,95,113,69,115,42,92
503,474,202,82,515,103,521,162,182,208,445,560,1005,317,265,290,361,984,547,60,300,535,322,188,334,119,325,230,258,609,821,1487,303,525,137,257,502,87,265,579,338,102,384,175,424,514,307,518,216,354
460,409,172,79,478,110,449,148,150,209,384,498,829,293,230,238,333,853,478,51,288,502,303,171,290,114,328,216,239,585,720,1311,242,467,105,502,186,78,237,508,317,84,357,159,346,450,269,490,155,348
88,85,32,11,82,14,77,22,34,35,83,96,154,59,44,50,55,171,90,10,65,93,38,38,43,15,46,32,49,109,132,244,39,81,19,87,78,11,42,84,49,16,62,30,61,79,62,93,33,57
251,189,119,48,258,55,236,76,82,102,225,287,435,144,130,156,190,435,225,28,135,247,161,94,159,53,159,95,117,308,377,688,143,231,52,265,237,42,65,288,175,45,172,105,222,240,149,221,104,184
468,490,209,89,585,119,471,181,198,218,429,574,981,305,273,326,383,941,537,64,293,558,310,207,334,139,351,264,263,656,817,1495,279,524,110,579,508,84,288,300,353,107,400,215,401,472,338,563,200,357
294,303,143,53,357,81,303,98,123,138,263,360,627,190,184,185,228,614,322,32,183,336,195,119,226,88,220,152,155,414,468,947,166,313,72,338,317,49,175,353,107,74,264,140,266,318,201,356,110,217
107,88,45,18,108,22,95,26,35,49,85,89,206,60,49,51,81,197,102,14,62,97,63,36,74,23,68,32,59,123,141,299,52,95,22,102,84,16,45,107,74,7,87,39,68,115,60,109,37,62
416,334,145,57,418,70,350,109,134,173,313,418,698,254,212,201,297,685,392,53,231,384,253,159,267,103,259,181,192,446,594,1032,205,351,87,384,357,62,172,400,264,87,133,130,287,358,246,365,143,281
155,170,68,31,223,38,201,50,67,83,162,212,347,117,92,105,122,337,215,27,103,194,114,77,131,54,147,107,103,232,297,530,98,167,42,175,159,30,105,215,140,39,130,31,147,170,136,198,83,118
438,318,139,73,396,83,317,121,128,180,342,436,711,247,216,225,289,740,375,50,215,387,251,162,253,115,264,191,205,488,609,1152,235,341,95,424,346,61,222,401,266,68,287,147,157,356,270,415,155,287
421,387,185,74,453,107,405,146,149,183,410,556,798,303,246,273,338,802,498,50,285,506,242,176,304,127,322,205,235,565,699,1296,228,449,113,514,450,79,240,472,318,115,358,170,356,221,306,457,164,330
334,287,125,51,323,48,304,88,104,159,263,373,582,181,183,188,197,610,329,43,170,323,196,148,206,86,239,163,150,384,488,908,180,295,69,307,269,62,149,338,201,60,246,136,270,306,110,328,129,236
505,440,182,85,542,102,507,146,190,215,420,553,911,320,292,305,332,933,467,73,293,516,304,193,343,157,348,228,268,662,736,1327,255,474,115,518,490,93,221,563,356,109,365,198,415,457,328,273,190,366
161,174,74,30,194,43,184,60,52,83,138,215,325,134,79,106,135,338,204,22,115,215,128,72,123,43,126,91,96,223,259,528,89,178,42,216,155,33,104,200,110,37,143,83,155,164,129,190,34,129
394,304,147,79,336,93,365,105,113,139,279,359,607,240,196,200,280,601,352,41,191,351,232,150,233,72,217,171,178,444,537,928,186,322,92,354,348,57,184,357,217,62,281,118,287,330,236,366,129,119
