277,449,198,84,530,98,491,177,177,272,462,504,823,366,303,341,387,813,462,89,314,569,355,213,368,155,366,317,331,611,717,1168,244,472,109,506,475,77,266,491,318,97,376,196,439,421,354,476,166,378
449,201,194,70,431,85,420,129,161,166,351,491,783,261,222,252,321,760,424,47,212,471,271,190,277,109,290,206,217,571,712,1223,248,414,98,452,406,71,232,447,294,79,331,157,344,394,269,469,167,292
198,194,41,36,216,47,211,66,61,76,183,237,372,120,111,118,129,347,204,20,100,192,124,92,114,48,127,82,94,246,286,557,118,185,52,204,188,28,109,236,139,48,139,60,164,164,112,226,75,128
84,70,36,7,71,15,78,29,26,32,58,74,140,57,43,54,64,148,85,12,57,90,51,34,61,24,54,51,49,101,116,209,42,86,16,88,68,16,33,87,51,20,60,37,67,59,54,81,32,64
530,431,216,71,284,114,514,157,183,207,466,555,872,326,236,288,384,922,550,72,289,563,314,195,329,127,342,233,251,649,753,1379,255,439,118,527,447,78,249,506,355,112,403,187,414,464,333,545,189,353
98,85,47,15,114,6,110,48,35,52,101,139,199,97,54,70,88,193,117,15,62,129,82,53,87,32,78,50,69,135,150,278,50,114,22,114,108,13,46,125,78,26,75,48,97,87,80,99,38,81
491,420,211,78,514,110,228,148,156,224,444,554,855,348,235,270,369,876,476,60,295,529,278,231,343,114,331,205,256,598,780,1247,251,445,103,475,455,93,243,507,291,106,337,167,382,434,308,467,172,329
177,129,66,29,157,48,148,28,57,70,130,160,277,101,65,88,120,282,155,10,78,157,87,52,99,33,96,75,82,193,243,450,93,141,28,154,147,24,78,159,90,28,134,58,110,132,81,165,43,105
177,161,61,26,183,35,156,57,33,80,159,189,289,109,89,109,129,295,176,16,91,162,100,81,116,37,90,56,74,193,247,495,87,139,35,177,141,23,88,178,104,37,123,64,134,151,109,180,40,116
272,166,76,32,207,52,224,70,80,41,177,240,372,145,123,121,160,360,218,21,136,217,148,82,152,43,138,119,111,267,312,568,145,189,48,216,203,37,108,213,143,49,165,82,176,196,153,198,73,137
462,351,183,58,466,101,444,130,159,177,181,471,743,268,235,259,353,745,436,49,272,442,265,162,289,107,278,198,244,518,640,1164,248,386,96,449,433,69,224,444,311,92,308,148,358,353,290,431,155,314
504,491,237,74,555,139,554,160,189,240,471,335,1044,372,284,293,407,1050,569,71,311,577,325,225,387,151,385,246,284,704,870,1590,318,571,126,582,561,104,247,631,357,114,450,216,464,544,327,590,216,371
823,783,372,140,872,199,855,277,289,372,743,1044,850,559,460,488,636,1466,903,105,516,943,539,384,567,230,629,413,438,1118,1310,2477,470,899,223,944,854,154,418,934,601,203,723,348,730,815,535,931,355,636
366,261,120,57,326,97,348,101,109,145,268,372,559,126,169,190,228,543,323,38,173,346,206,138,196,90,211,163,162,374,506,887,170,313,74,338,332,58,144,346,208,56,202,99,256,301,183,324,123,209
303,222,111,43,236,54,235,65,89,123,235,284,460,169,71,148,198,452,259,35,141,276,156,101,157,73,203,122,134,302,400,715,132,237,57,259,228,47,125,293,160,60,199,103,200,241,153,281,85,188
341,252,118,54,288,70,270,88,109,121,259,293,488,190,148,93,225,500,297,29,141,292,175,117,179,71,192,115,154,348,395,818,177,266,62,288,262,55,132,302,165,59,220,107,234,276,186,301,106,194
387,321,129,64,384,88,369,120,129,160,353,407,636,228,198,225,142,680,351,48,179,376,229,159,252,99,262,161,171,460,583,1010,188,341,97,386,309,59,190,371,210,69,301,138,290,355,243,393,134,253
813,760,347,148,922,193,876,282,295,360,745,1050,1466,543,452,500,680,775,912,99,520,912,556,355,574,234,636,402,496,1088,1341,2464,464,891,209,944,855,159,413,936,615,199,699,325,706,819,549,899,353,647
462,424,204,85,550,117,476,155,176,218,436,569,903,323,259,297,351,912,255,75,252,494,303,195,330,140,356,236,287,676,787,1415,260,514,114,503,443,79,262,544,316,90,401,196,405,463,323,549,207,363
89,47,20,12,72,15,60,10,16,21,49,71,105,38,35,29,48,99,75,4,31,81,35,26,45,16,40,34,23,70,96,175,39,72,14,62,71,15,29,62,42,17,44,22,57,65,32,62,25,42
314,212,100,57,289,62,295,78,91,136,272,311,516,173,141,141,179,520,252,31,72,279,165,112,195,53,172,108,120,334,395,820,142,245,72,291,265,52,149,268,149,48,210,94,248,268,188,290,114,196
569,471,192,90,563,129,529,157,162,217,442,577,943,346,276,292,376,912,494,81,279,269,314,202,354,134,367,221,268,659,769,1437,300,475,102,542,464,83,289,529,359,109,380,213,423,498,366,544,206,389
355,271,124,51,314,82,278,87,100,148,265,325,539,206,156,175,229,556,303,35,165,314,93,136,188,68,202,156,148,336,424,801,156,268,61,290,257,53,166,298,182,62,234,109,254,299,178,306,121,231
213,190,92,34,195,53,231,52,81,82,162,225,384,138,101,117,159,355,195,26,112,202,136,44,124,62,146,92,98,245,345,582,118,189,48,212,196,35,93,212,107,27,134,76,156,170,127,208,87,124
368,277,114,61,329,87,343,99,116,152,289,387,567,196,157,179,252,574,330,45,195,354,188,124,98,91,200,149,164,392,515,904,190,316,75,352,316,49,163,350,230,64,265,121,238,310,177,382,125,250
155,109,48,24,127,32,114,33,37,43,107,151,230,90,73,71,99,234,140,16,53,134,68,62,91,14,74,48,59,161,180,346,69,107,31,130,130,19,64,128,82,31,96,41,114,119,70,142,50,90
366,290,127,54,342,78,331,96,90,138,278,385,629,211,203,192,262,636,356,40,172,367,202,146,200,74,101,136,146,449,511,959,189,316,83,337,316,49,161,357,254,68,261,127,278,313,207,376,127,250
317,206,82,51,233,50,205,75,56,119,198,246,413,163,122,115,161,402,236,34,108,221,156,92,149,48,136,54,109,295,343,679,154,204,57,237,195,43,124,242,143,47,182,79,193,194,150,222,89,168
331,217,94,49,251,69,256,82,74,111,244,284,438,162,134,154,171,496,287,23,120,268,148,98,164,59,146,109,53,327,382,717,131,245,55,276,228,35,125,249,174,62,200,88,204,223,164,251,81,191
611,571,246,101,649,135,598,193,193,267,518,704,1118,374,302,348,460,1088,676,70,334,659,336,245,392,161,449,295,327,410,993,1771,350,583,119,651,558,110,279,700,431,115,472,249,456,580,369,642,239,377
717,712,286,116,753,150,780,243,247,312,640,870,1310,506,400,395,583,1341,787,96,395,769,424,345,515,180,511,343,382,993,576,2115,403,706,173,819,711,131,396,808,513,159,576,315,599,678,490,795,285,518
1168,1223,557,209,1379,278,1247,450,495,568,1164,1590,2477,887,715,818,1010,2464,1415,175,820,1437,801,582,904,346,959,679,717,1771,2115,1981,740,1289,318,1575,1300,252,691,1495,912,317,1038,554,1114,1254,902,1407,521,949
244,248,118,42,255,50,251,93,87,145,248,318,470,170,132,177,188,464,260,39,142,300,156,118,190,69,189,154,131,350,403,740,77,256,70,316,227,51,128,283,191,55,206,104,237,255,173,314,95,191
472,414,185,86,439,114,445,141,139,189,386,571,899,313,237,266,341,891,514,72,245,475,268,189,316,107,316,204,245,583,706,1289,256,200,109,488,458,101,233,495,307,95,356,181,388,394,285,510,186,327
109,98,52,16,118,22,103,28,35,48,96,126,223,74,57,62,97,209,114,14,72,102,61,48,75,31,83,57,55,119,173,318,70,109,10,152,102,10,49,147,88,21,86,42,91,117,67,113,34,66
506,452,204,88,527,114,475,154,177,216,449,582,944,338,259,288,386,944,503,62,291,542,290,212,352,130,337,237,276,651,819,1575,316,488,152,273,524,79,274,584,342,115,434,210,409,520,350,548,172,397
475,406,188,68,447,108,455,147,141,203,433,561,854,332,228,262,309,855,443,71,265,464,257,196,316,130,316,195,228,558,711,1300,227,458,102,524,221,93,204,538,304,81,316,184,378,430,285,497,166,341
77,71,28,16,78,13,93,24,23,37,69,104,154,58,47,55,59,159,79,15,52,83,53,35,49,19,49,43,35,110,131,252,51,101,10,79,93,7,31,65,60,17,46,30,56,86,52,80,32,60
266,232,109,33,249,46,243,78,88,108,224,247,418,144,125,132,190,413,262,29,149,289,166,93,163,64,161,124,125,279,396,691,128,233,49,274,204,31,62,254,145,46,189,95,211,225,149,248,76,200
491,447,236,87,506,125,507,159,178,213,444,631,934,346,293,302,371,936,544,62,268,529,298,212,350,128,357,242,249,700,808,1495,283,495,147,584,538,65,254,276,336,120,399,213,433,517,338,557,217,372
318,294,139,51,355,78,291,90,104,143,311,357,601,208,160,165,210,615,316,42,149,359,182,107,230,82,254,143,174,431,513,912,191,307,88,342,304,60,145,336,100,68,252,124,270,345,208,339,122,193
97,79,48,20,112,26,106,28,37,49,92,114,203,56,60,59,69,199,90,17,48,109,62,27,64,31,68,47,62,115,159,317,55,95,21,115,81,17,46,120,68,7,86,41,80,106,61,117,35,61
376,331,139,60,403,75,337,134,123,165,308,450,723,202,199,220,301,699,401,44,210,380,234,134,265,96,261,182,200,472,576,1038,206,356,86,434,316,46,189,399,252,86,139,154,314,363,244,384,142,266
196,157,60,37,187,48,167,58,64,82,148,216,348,99,103,107,138,325,196,22,94,213,109,76,121,41,127,79,88,249,315,554,104,181,42,210,184,30,95,213,124,41,154,28,143,193,139,203,70,128
439,344,164,67,414,97,382,110,134,176,358,464,730,256,200,234,290,706,405,57,248,423,254,156,238,114,278,193,204,456,599,1114,237,388,91,409,378,56,211,433,270,80,314,143,163,365,241,417,166,298
421,394,164,59,464,87,434,132,151,196,353,544,815,301,241,276,355,819,463,65,268,498,299,170,310,119,313,194,223,580,678,1254,255,394,117,520,430,86,225,517,345,106,363,193,365,211,296,472,176,298
354,269,112,54,333,80,308,81,109,153,290,327,535,183,153,186,243,549,323,32,188,366,178,127,177,70,207,150,164,369,490,902,173,285,67,350,285,52,149,338,208,61,244,139,241,296,100,339,110,217
476,469,226,81,545,99,467,165,180,198,431,590,931,324,281,301,393,899,549,62,290,544,306,208,382,142,376,222,251,642,795,1407,314,510,113,548,497,80,248,557,339,117,384,203,417,472,339,267,197,331
166,167,75,32,189,38,172,43,40,73,155,216,355,123,85,106,134,353,207,25,114,206,121,87,125,50,127,89,81,239,285,521,95,186,34,172,166,32,76,217,122,35,142,70,166,176,110,197,35,129
378,292,128,64,353,81,329,105,116,137,314,371,636,209,188,194,253,647,363,42,196,389,231,124,250,90,250,168,191,377,518,949,191,327,66,397,341,60,200,372,193,61,266,128,298,298,217,331,129,128
