261,472,206,93,477,99,496,200,158,242,469,523,832,388,333,355,383,810,498,82,342,555,336,236,385,168,393,307,319,609,722,1188,243,485,97,552,455,105,262,469,324,95,363,175,443,453,340,475,163,374
472,188,158,77,417,92,418,128,139,174,370,474,840,265,219,232,324,814,442,39,236,439,246,175,264,100,288,179,221,572,698,1221,241,388,85,453,414,80,208,445,289,84,325,170,342,403,267,477,152,278
206,158,42,32,198,42,194,61,69,86,184,229,368,133,103,105,164,368,203,27,111,207,128,81,125,53,119,88,82,257,317,589,132,183,43,210,170,31,103,215,149,29,160,85,132,192,121,208,76,147
93,77,32,6,92,12,74,28,21,44,75,102,138,71,50,54,70,136,82,8,52,94,71,36,65,19,59,35,42,123,105,214,41,86,21,104,88,14,47,80,62,17,55,37,87,65,62,75,26,60
477,417,198,92,278,122,530,150,175,204,406,577,970,378,281,316,354,963,533,61,265,546,298,237,336,129,319,211,228,657,820,1426,283,504,123,480,491,73,269,530,334,95,398,184,432,466,324,545,179,318
99,92,42,12,122,6,87,39,28,52,85,121,205,75,62,68,79,185,110,9,84,110,78,32,89,36,75,58,63,149,156,298,53,83,22,116,90,28,61,121,92,22,71,47,90,95,86,118,37,77
496,418,194,74,530,87,231,154,141,208,418,523,854,302,264,302,369,879,520,77,291,499,286,187,321,126,339,232,269,635,756,1403,266,453,128,534,446,95,266,510,328,103,370,174,396,436,342,470,185,337
200,128,61,28,150,39,154,23,53,61,143,171,261,122,87,100,130,280,146,22,97,145,90,61,106,35,92,70,64,199,263,414,83,141,30,177,158,25,80,181,106,39,111,52,128,125,92,166,57,121
158,139,69,21,175,28,141,53,18,67,150,181,322,129,97,102,127,311,157,21,70,169,107,68,105,46,99,75,82,205,257,460,86,163,34,182,168,18,87,175,103,30,127,51,146,170,122,152,63,105
242,174,86,44,204,52,208,61,67,53,175,205,375,137,118,137,176,347,205,30,109,202,139,77,109,59,154,107,109,249,305,549,88,211,37,223,198,32,102,201,144,47,155,70,166,178,124,221,60,148
469,370,184,75,406,85,418,143,150,175,167,480,772,287,221,260,329,766,434,61,223,448,255,161,267,116,298,218,213,550,654,1150,225,404,80,453,379,72,231,444,305,84,324,167,326,369,254,446,136,307
523,474,229,102,577,121,523,171,181,205,480,292,1005,362,291,297,362,1022,591,86,312,589,352,237,372,141,362,258,299,735,878,1581,325,565,143,619,569,88,293,612,355,127,410,216,439,522,339,582,217,339
832,840,368,138,970,205,854,261,322,375,772,1005,842,587,479,509,648,1489,935,106,530,912,531,324,623,221,623,432,473,1154,1366,2419,505,833,196,1010,833,167,425,1026,619,194,660,358,727,879,554,928,350,596
388,265,133,71,378,75,302,122,129,137,287,362,587,113,171,192,265,585,330,42,187,317,198,118,213,82,225,172,173,384,487,833,163,355,96,356,318,53,185,331,221,72,249,131,256,266,216,342,123,213
333,219,103,50,281,62,264,87,97,118,221,291,479,171,62,134,197,447,268,27,142,269,172,109,178,78,177,132,132,316,415,724,138,249,72,292,254,47,127,271,152,53,197,105,219,243,141,292,98,182
355,232,105,54,316,68,302,100,102,137,260,297,509,192,134,85,219,510,276,39,167,321,177,140,190,78,191,160,158,345,433,777,167,288,75,317,285,50,142,331,185,62,219,114,241,281,186,295,119,209
383,324,164,70,354,79,369,130,127,176,329,362,648,265,197,219,134,652,354,38,192,374,246,160,235,108,252,164,190,449,523,1052,178,359,89,375,347,52,170,395,246,73,286,131,313,332,256,367,154,253
810,814,368,136,963,185,879,280,311,347,766,1022,1489,585,447,510,652,791,946,99,497,960,505,359,611,219,630,423,470,1143,1383,2452,494,859,195,976,818,168,455,1022,615,195,717,356,730,886,560,978,313,599
498,442,203,82,533,110,520,146,157,205,434,591,935,330,268,276,354,946,240,69,298,478,314,209,364,131,348,234,252,613,751,1464,276,469,130,536,487,76,271,572,340,111,397,203,443,489,316,544,194,365
82,39,27,8,61,9,77,22,21,30,61,86,106,42,27,39,38,99,69,3,27,71,38,21,37,12,42,29,28,71,91,204,34,57,13,55,60,8,36,77,50,16,58,12,42,55,36,69,23,35
342,236,111,52,265,84,291,97,70,109,223,312,530,187,142,167,192,497,298,27,72,297,173,112,186,69,196,141,137,356,447,805,166,282,66,258,281,53,126,319,200,64,254,101,223,252,158,283,104,188
555,439,207,94,546,110,499,145,169,202,448,589,912,317,269,321,374,960,478,71,297,265,330,221,356,139,392,267,233,656,770,1446,283,497,130,561,527,90,282,559,354,124,407,216,439,503,334,527,201,340
336,246,128,71,298,78,286,90,107,139,255,352,531,198,172,177,246,505,314,38,173,330,108,114,187,67,191,153,165,325,451,869,184,293,65,306,268,55,143,288,172,56,229,111,231,274,191,345,119,201
236,175,81,36,237,32,187,61,68,77,161,237,324,118,109,140,160,359,209,21,112,221,114,39,114,52,142,100,110,249,307,562,121,200,44,224,186,40,103,202,122,44,147,56,143,181,123,198,84,144
385,264,125,65,336,89,321,106,105,109,267,372,623,213,178,190,235,611,364,37,186,356,187,114,101,93,224,144,175,424,532,956,194,324,63,342,319,56,166,330,208,66,284,134,236,302,186,333,143,220
168,100,53,19,129,36,126,35,46,59,116,141,221,82,78,78,108,219,131,12,69,139,67,52,93,22,85,57,67,155,196,390,87,113,27,149,121,19,69,148,84,31,92,45,116,122,72,149,60,95
393,288,119,59,319,75,339,92,99,154,298,362,623,225,177,191,252,630,348,42,196,392,191,142,224,85,105,149,185,429,579,1018,205,309,84,356,310,52,174,359,213,62,266,136,280,335,227,361,142,240
307,179,88,35,211,58,232,70,75,107,218,258,432,172,132,160,164,423,234,29,141,267,153,100,144,57,149,44,110,271,356,651,133,230,63,263,238,32,127,243,157,61,174,78,198,216,151,253,94,176
319,221,82,42,228,63,269,64,82,109,213,299,473,173,132,158,190,470,252,28,137,233,165,110,175,67,185,110,53,308,373,743,139,225,53,255,240,45,142,281,161,45,199,105,220,229,136,273,89,184
609,572,257,123,657,149,635,199,205,249,550,735,1154,384,316,345,449,1143,613,71,356,656,325,249,424,155,429,271,308,410,943,1804,355,629,147,671,568,103,319,677,428,138,512,248,513,601,402,662,216,433
722,698,317,105,820,156,756,263,257,305,654,878,1366,487,415,433,523,1383,751,91,447,770,451,307,532,196,579,356,373,943,537,2088,435,732,186,866,717,120,400,791,540,171,566,297,634,751,457,800,304,478
1188,1221,589,214,1426,298,1403,414,460,549,1150,1581,2419,833,724,777,1052,2452,1464,204,805,1446,869,562,956,390,1018,651,743,1804,2088,1935,758,1264,312,1550,1232,249,662,1546,933,299,1037,565,1154,1359,874,1451,507,934
243,241,132,41,283,53,266,83,86,88,225,325,505,163,138,167,178,494,276,34,166,283,184,121,194,87,205,133,139,355,435,758,70,227,69,295,243,60,129,295,173,57,232,117,230,260,159,286,109,195
485,388,183,86,504,83,453,141,163,211,404,565,833,355,249,288,359,859,469,57,282,497,293,200,324,113,309,230,225,629,732,1264,227,236,93,505,436,74,260,477,305,83,353,187,420,440,338,481,158,304
97,85,43,21,123,22,128,30,34,37,80,143,196,96,72,75,89,195,130,13,66,130,65,44,63,27,84,63,53,147,186,312,69,93,12,132,103,23,60,119,78,26,101,44,99,112,67,136,40,54
552,453,210,104,480,116,534,177,182,223,453,619,1010,356,292,317,375,976,536,55,258,561,306,224,342,149,356,263,255,671,866,1550,295,505,132,328,508,73,270,613,363,92,412,203,434,532,345,564,218,369
455,414,170,88,491,90,446,158,168,198,379,569,833,318,254,285,347,818,487,60,281,527,268,186,319,121,310,238,240,568,717,1232,243,436,103,508,223,91,239,503,314,94,357,184,392,428,304,462,170,285
105,80,31,14,73,28,95,25,18,32,72,88,167,53,47,50,52,168,76,8,53,90,55,40,56,19,52,32,45,103,120,249,60,74,23,73,91,6,49,86,52,19,58,38,84,74,46,94,36,61
262,208,103,47,269,61,266,80,87,102,231,293,425,185,127,142,170,455,271,36,126,282,143,103,166,69,174,127,142,319,400,662,129,260,60,270,239,49,57,271,178,56,186,94,222,227,175,248,96,169
469,445,215,80,530,121,510,181,175,201,444,612,1026,331,271,331,395,1022,572,77,319,559,288,202,330,148,359,243,281,677,791,1546,295,477,119,613,503,86,271,292,349,120,449,202,428,497,330,566,197,348
324,289,149,62,334,92,328,106,103,144,305,355,619,221,152,185,246,615,340,50,200,354,172,122,208,84,213,157,161,428,540,933,173,305,78,363,314,52,178,349,112,86,255,139,286,315,201,367,126,206
95,84,29,17,95,22,103,39,30,47,84,127,194,72,53,62,73,195,111,16,64,124,56,44,66,31,62,61,45,138,171,299,57,83,26,92,94,19,56,120,86,9,78,43,77,89,66,107,45,70
363,325,160,55,398,71,370,111,127,155,324,410,660,249,197,219,286,717,397,58,254,407,229,147,284,92,266,174,199,512,566,1037,232,353,101,412,357,58,186,449,255,78,158,130,326,338,266,386,146,253
175,170,85,37,184,47,174,52,51,70,167,216,358,131,105,114,131,356,203,12,101,216,111,56,134,45,136,78,105,248,297,565,117,187,44,203,184,38,94,202,139,43,130,30,150,177,141,180,76,123
443,342,132,87,432,90,396,128,146,166,326,439,727,256,219,241,313,730,443,42,223,439,231,143,236,116,280,198,220,513,634,1154,230,420,99,434,392,84,222,428,286,77,326,150,162,379,227,403,169,273
453,403,192,65,466,95,436,125,170,178,369,522,879,266,243,281,332,886,489,55,252,503,274,181,302,122,335,216,229,601,751,1359,260,440,112,532,428,74,227,497,315,89,338,177,379,237,307,492,174,304
340,267,121,62,324,86,342,92,122,124,254,339,554,216,141,186,256,560,316,36,158,334,191,123,186,72,227,151,136,402,457,874,159,338,67,345,304,46,175,330,201,66,266,141,227,307,87,319,120,201
475,477,208,75,545,118,470,166,152,221,446,582,928,342,292,295,367,978,544,69,283,527,345,198,333,149,361,253,273,662,800,1451,286,481,136,564,462,94,248,566,367,107,386,180,403,492,319,273,210,354
163,152,76,26,179,37,185,57,63,60,136,217,350,123,98,119,154,313,194,23,104,201,119,84,143,60,142,94,89,216,304,507,109,158,40,218,170,36,96,197,126,45,146,76,169,174,120,210,33,95
374,278,147,60,318,77,337,121,105,148,307,339,596,213,182,209,253,599,365,35,188,340,201,144,220,95,240,176,184,433,478,934,195,304,54,369,285,61,169,348,206,70,253,123,273,304,201,354,95,123
