278,445,213,87,506,121,478,186,172,250,470,502,848,383,326,331,359,850,525,74,346,533,388,223,366,151,376,266,292,575,689,1206,233,493,101,509,486,84,243,474,300,116,360,165,446,424,339,513,168,373
445,206,161,75,442,109,415,121,126,171,374,466,790,267,221,236,306,796,417,41,213,458,272,173,299,78,272,211,201,539,639,1264,261,417,95,464,416,67,218,438,254,83,362,174,354,401,297,477,177,297
213,161,35,34,212,50,187,67,81,69,167,228,369,112,120,97,153,363,200,23,99,190,113,86,131,42,131,88,108,234,333,548,103,203,33,210,185,35,109,223,125,38,153,80,148,183,124,217,78,147
87,75,34,2,72,17,90,32,26,39,64,90,158,60,53,63,55,167,75,11,51,65,55,29,55,22,71,46,56,120,107,219,43,67,18,86,75,8,39,86,62,16,47,38,77,64,58,87,23,61
506,442,212,72,268,109,500,165,182,210,428,598,925,325,280,295,336,966,522,64,260,509,278,184,351,141,345,235,276,627,808,1445,285,473,115,545,477,88,238,543,333,96,385,193,426,479,343,529,200,336
121,109,50,17,109,14,115,36,40,65,103,109,195,76,62,64,86,195,121,13,65,114,76,41,78,23,74,52,60,142,147,296,51,107,21,119,95,20,55,113,87,25,75,43,93,118,75,108,36,85
478,415,187,90,500,115,236,148,173,204,414,548,905,278,238,258,341,886,521,52,276,491,290,177,275,128,326,228,240,581,701,1420,249,444,107,505,451,74,223,517,343,104,379,184,358,452,263,445,184,343
186,121,67,32,165,36,148,23,51,58,134,161,260,84,86,84,114,270,130,22,99,169,83,62,102,42,97,66,73,173,238,413,95,160,31,149,146,25,65,153,98,26,127,56,129,144,97,147,67,111
172,126,81,26,182,40,173,51,29,71,161,199,319,111,90,95,121,289,166,22,87,174,88,64,102,50,112,69,64,213,268,456,89,159,29,162,167,28,74,185,122,31,137,55,142,170,110,178,59,116
250,171,69,39,210,65,204,58,71,52,163,220,388,135,121,125,173,380,216,26,111,201,109,71,111,43,118,110,123,262,306,543,113,188,40,228,185,44,115,212,139,38,161,81,137,184,130,203,75,135
470,374,167,64,428,103,414,134,161,163,188,464,771,284,244,270,339,728,422,51,243,446,263,179,256,108,285,211,227,519,631,1143,243,408,105,469,378,78,217,433,268,86,330,156,353,389,292,438,168,269
502,466,228,90,598,109,548,161,199,220,464,309,1000,361,281,292,415,1027,563,60,299,591,327,230,371,130,393,250,297,708,909,1646,331,531,137,601,557,86,266,573,399,107,404,219,439,543,365,564,216,348
848,790,369,158,925,195,905,260,319,388,771,1000,823,592,490,504,678,1503,935,112,508,983,552,375,627,225,616,417,476,1232,1374,2483,509,885,236,949,909,162,487,956,643,179,671,333,720,848,576,945,378,586
383,267,112,60,325,76,278,84,111,135,284,361,592,86,167,181,234,585,319,36,181,290,180,121,203,92,225,171,153,392,463,911,182,291,58,342,289,58,169,329,222,60,276,107,225,273,175,310,126,244
326,221,120,53,280,62,238,86,90,121,244,281,490,167,69,136,190,486,286,25,150,265,135,110,170,68,190,139,136,317,441,704,136,271,53,243,223,42,135,299,171,48,201,82,201,256,137,303,90,192
331,236,97,63,295,64,258,84,95,125,270,292,504,181,136,80,208,535,308,24,150,298,157,124,155,81,221,140,132,327,474,783,135,285,64,269,257,41,143,336,169,43,218,81,202,254,160,310,109,207
359,306,153,55,336,86,341,114,121,173,339,415,678,234,190,208,146,681,321,40,207,332,209,148,264,93,247,169,186,473,549,1046,218,349,78,364,336,62,167,371,231,63,301,141,309,351,225,388,135,253
850,796,363,167,966,195,886,270,289,380,728,1027,1503,585,486,535,681,823,942,117,526,964,559,379,612,263,631,408,462,1180,1349,2462,500,872,227,930,883,153,493,980,590,178,660,321,721,846,583,926,359,560
525,417,200,75,522,121,521,130,166,216,422,563,935,319,286,308,321,942,250,62,305,473,284,195,322,119,347,239,242,631,755,1433,276,484,113,523,474,70,248,570,335,101,402,203,432,441,320,546,193,321
74,41,23,11,64,13,52,22,22,26,51,60,112,36,25,24,40,117,62,6,29,52,31,24,35,13,35,24,32,91,95,199,36,61,14,57,61,10,40,63,43,7,40,23,55,60,41,65,23,58
346,213,99,51,260,65,276,99,87,111,243,299,508,181,150,150,207,526,305,29,77,290,156,103,174,71,189,113,142,336,422,798,133,276,71,268,249,33,129,294,173,63,226,117,207,271,180,294,120,190
533,458,190,65,509,114,491,169,174,201,446,591,983,290,265,298,332,964,473,52,290,282,284,205,317,135,362,247,233,582,786,1472,270,457,105,558,485,79,265,574,347,103,380,189,435,467,311,546,181,362
388,272,113,55,278,76,290,83,88,109,263,327,552,180,135,157,209,559,284,31,156,284,91,98,193,73,176,154,137,387,468,785,162,269,47,299,260,46,143,353,219,49,223,99,218,302,157,327,101,198
223,173,86,29,184,41,177,62,64,71,179,230,375,121,110,124,148,379,195,24,103,205,98,29,108,54,126,101,93,246,291,583,104,188,44,205,183,32,90,197,151,27,171,68,129,177,118,201,65,144
366,299,131,55,351,78,275,102,102,111,256,371,627,203,170,155,264,612,322,35,174,317,193,108,98,86,209,143,150,394,507,982,187,323,71,347,291,52,179,353,228,74,259,106,228,323,198,333,120,225
151,78,42,22,141,23,128,42,50,43,108,130,225,92,68,81,93,263,119,13,71,135,73,54,86,18,69,49,62,155,181,369,73,125,34,133,107,17,52,150,98,25,100,52,101,115,97,124,52,79
376,272,131,71,345,74,326,97,112,118,285,393,616,225,190,221,247,631,347,35,189,362,176,126,209,69,95,141,155,415,501,993,194,340,73,371,303,55,153,375,240,72,296,116,271,330,200,349,120,228
266,211,88,46,235,52,228,66,69,110,211,250,417,171,139,140,169,408,239,24,113,247,154,101,143,49,141,56,130,264,336,662,127,202,49,224,208,32,98,250,155,40,191,80,201,214,129,261,93,165
292,201,108,56,276,60,240,73,64,123,227,297,476,153,136,132,186,462,242,32,142,233,137,93,150,62,155,130,62,306,393,687,135,273,52,257,244,41,123,230,164,53,199,80,203,227,132,238,95,176
575,539,234,120,627,142,581,173,213,262,519,708,1232,392,317,327,473,1180,631,91,336,582,387,246,394,155,415,264,306,396,970,1824,366,609,159,677,604,129,316,698,430,105,462,237,470,566,412,646,254,406
689,639,333,107,808,147,701,238,268,306,631,909,1374,463,441,474,549,1349,755,95,422,786,468,291,507,181,501,336,393,970,582,2048,429,694,171,810,699,116,375,848,535,153,569,290,606,642,481,752,279,500
1206,1264,548,219,1445,296,1420,413,456,543,1143,1646,2483,911,704,783,1046,2462,1433,199,798,1472,785,583,982,369,993,662,687,1824,2048,1910,696,1318,334,1514,1280,239,715,1505,938,310,1058,557,1120,1315,875,1432,519,890
233,261,103,43,285,51,249,95,89,113,243,331,509,182,136,135,218,500,276,36,133,270,162,104,187,73,194,127,135,366,429,696,65,243,57,308,213,44,156,301,185,56,189,109,202,267,164,287,94,200
493,417,203,67,473,107,444,160,159,188,408,531,885,291,271,285,349,872,484,61,276,457,269,188,323,125,340,202,273,609,694,1318,243,198,99,480,420,65,227,515,312,96,367,170,408,435,309,481,163,320
101,95,33,18,115,21,107,31,29,40,105,137,236,58,53,64,78,227,113,14,71,105,47,44,71,34,73,49,52,159,171,334,57,99,6,113,111,30,48,122,80,21,106,36,76,112,61,105,37,86
509,464,210,86,545,119,505,149,162,228,469,601,949,342,243,269,364,930,523,57,268,558,299,205,347,133,371,224,257,677,810,1514,308,480,113,290,484,78,263,595,330,98,444,183,437,500,326,568,170,347
486,416,185,75,477,95,451,146,167,185,378,557,909,289,223,257,336,883,474,61,249,485,260,183,291,107,303,208,244,604,699,1280,213,420,111,484,235,74,208,505,349,84,344,196,367,419,289,459,180,302
84,67,35,8,88,20,74,25,28,44,78,86,162,58,42,41,62,153,70,10,33,79,46,32,52,17,55,32,41,129,116,239,44,65,30,78,74,5,53,102,55,15,59,33,66,69,56,84,34,55
243,218,109,39,238,55,223,65,74,115,217,266,487,169,135,143,167,493,248,40,129,265,143,90,179,52,153,98,123,316,375,715,156,227,48,263,208,53,66,257,178,53,193,93,192,225,164,259,110,181
474,438,223,86,543,113,517,153,185,212,433,573,956,329,299,336,371,980,570,63,294,574,353,197,353,150,375,250,230,698,848,1505,301,515,122,595,505,102,257,275,347,108,435,201,418,480,339,589,209,354
300,254,125,62,333,87,343,98,122,139,268,399,643,222,171,169,231,590,335,43,173,347,219,151,228,98,240,155,164,430,535,938,185,312,80,330,349,55,178,347,119,67,259,133,298,289,207,353,138,215
116,83,38,16,96,25,104,26,31,38,86,107,179,60,48,43,63,178,101,7,63,103,49,27,74,25,72,40,53,105,153,310,56,96,21,98,84,15,53,108,67,14,71,36,74,108,73,102,36,59
360,362,153,47,385,75,379,127,137,161,330,404,671,276,201,218,301,660,402,40,226,380,223,171,259,100,296,191,199,462,569,1058,189,367,106,444,344,59,193,435,259,71,147,132,311,382,222,407,122,260
165,174,80,38,193,43,184,56,55,81,156,219,333,107,82,81,141,321,203,23,117,189,99,68,106,52,116,80,80,237,290,557,109,170,36,183,196,33,93,201,133,36,132,32,146,199,96,205,70,116
446,354,148,77,426,93,358,129,142,137,353,439,720,225,201,202,309,721,432,55,207,435,218,129,228,101,271,201,203,470,606,1120,202,408,76,437,367,66,192,418,298,74,311,146,134,382,217,384,148,277
424,401,183,64,479,118,452,144,170,184,389,543,848,273,256,254,351,846,441,60,271,467,302,177,323,115,330,214,227,566,642,1315,267,435,112,500,419,69,225,480,289,108,382,199,382,224,292,486,195,322
339,297,124,58,343,75,263,97,110,130,292,365,576,175,137,160,225,583,320,41,180,311,157,118,198,97,200,129,132,412,481,875,164,309,61,326,289,56,164,339,207,73,222,96,217,292,83,339,115,215
513,477,217,87,529,108,445,147,178,203,438,564,945,310,303,310,388,926,546,65,294,546,327,201,333,124,349,261,238,646,752,1432,287,481,105,568,459,84,259,589,353,102,407,205,384,486,339,265,182,356
168,177,78,23,200,36,184,67,59,75,168,216,378,126,90,109,135,359,193,23,120,181,101,65,120,52,120,93,95,254,279,519,94,163,37,170,180,34,110,209,138,36,122,70,148,195,115,182,36,125
373,297,147,61,336,85,343,111,116,135,269,348,586,244,192,207,253,560,321,58,190,362,198,144,225,79,228,165,176,406,500,890,200,320,86,347,302,55,181,354,215,59,260,116,277,322,215,356,125,103
