274,450,218,70,490,106,448,170,170,260,488,487,788,345,301,300,362,793,495,73,316,479,353,215,363,159,384,274,311,626,746,1151,263,472,95,530,489,83,224,491,326,114,363,172,430,442,313,486,164,383
450,190,180,72,406,103,431,129,121,155,346,500,817,262,223,222,309,803,432,56,247,462,251,175,302,99,275,188,198,560,679,1252,254,401,94,436,429,75,247,462,304,93,313,161,358,397,284,436,151,314
218,180,42,35,196,47,194,48,74,87,192,239,362,109,97,114,121,337,206,28,112,207,106,79,146,43,122,93,97,255,298,556,118,202,29,195,191,27,101,204,139,44,160,74,167,172,133,210,86,146
70,72,35,3,85,15,83,30,33,35,74,86,146,53,53,59,61,144,75,14,51,93,60,33,63,20,67,38,53,94,110,236,52,89,24,76,61,11,44,84,52,17,79,27,63,66,44,80,32,63
490,406,196,85,281,88,468,166,182,202,427,578,915,338,276,302,388,941,507,58,285,516,293,229,343,142,338,222,261,638,770,1491,273,479,122,546,457,103,256,559,362,108,374,207,437,436,342,507,198,343
106,103,47,15,88,8,102,41,38,41,87,139,200,73,62,70,81,184,110,11,66,103,64,44,77,34,80,44,64,136,147,288,54,98,25,119,85,22,63,113,79,20,82,40,82,103,61,108,38,83
448,431,194,83,468,102,239,161,155,190,402,584,935,355,238,276,373,923,499,60,259,526,301,198,343,120,355,219,274,633,697,1338,261,488,122,520,458,89,278,499,342,105,364,173,389,430,306,456,177,331
170,129,48,30,166,41,161,27,46,65,146,148,275,115,80,74,111,267,160,19,66,164,83,74,102,36,113,77,71,179,202,444,83,159,38,136,146,24,71,163,87,30,117,55,131,134,85,169,55,108
170,121,74,33,182,38,155,46,28,69,120,183,316,110,93,94,137,292,188,14,84,185,101,65,107,32,90,87,78,211,258,477,96,162,42,178,178,30,74,176,110,35,119,55,137,148,95,160,66,117
260,155,87,35,202,41,190,65,69,52,169,233,335,139,117,128,151,378,222,25,110,238,143,96,147,47,119,90,106,259,320,584,109,186,54,220,185,25,99,224,142,51,149,72,180,185,141,216,65,129
488,346,192,74,427,87,402,146,120,169,188,467,729,256,236,254,298,776,420,49,264,396,269,171,284,106,274,204,229,568,635,1158,210,387,99,457,386,63,207,446,305,92,286,143,383,373,275,455,157,327
487,500,239,86,578,139,584,148,183,233,467,294,1029,403,303,295,407,1019,604,61,306,614,327,219,363,150,406,266,294,719,863,1541,300,511,116,609,547,102,259,589,364,110,435,223,446,523,340,612,213,371
788,817,362,146,915,200,935,275,316,335,729,1029,789,592,487,562,656,1398,987,109,543,940,552,355,582,228,630,427,473,1166,1330,2382,449,854,184,996,838,158,462,961,602,183,692,345,746,830,568,937,341,575
345,262,109,53,338,73,355,115,110,139,256,403,592,100,184,175,259,563,338,44,169,332,195,129,196,73,202,141,177,406,465,918,184,329,83,333,303,41,172,366,213,69,263,123,256,306,189,347,141,234
301,223,97,53,276,62,238,80,93,117,236,303,487,184,62,142,167,489,263,35,151,260,163,102,170,65,163,113,133,331,390,693,118,270,68,295,263,44,118,257,167,48,170,114,206,233,169,266,92,166
300,222,114,59,302,70,276,74,94,128,254,295,562,175,142,77,189,562,294,35,161,304,165,112,186,75,193,121,141,361,437,802,165,296,68,267,278,45,125,281,189,52,227,125,231,304,173,299,111,198
362,309,121,61,388,81,373,111,137,151,298,407,656,259,167,189,138,656,366,51,213,364,224,122,224,90,224,151,178,442,538,974,216,354,79,413,348,56,179,373,241,82,263,130,300,330,220,350,136,247
793,803,337,144,941,184,923,267,292,378,776,1019,1398,563,489,562,656,766,984,117,518,942,572,363,623,225,673,435,453,1117,1338,2382,448,900,201,994,822,160,458,978,584,186,671,325,722,838,562,937,317,606
495,432,206,75,507,110,499,160,188,222,420,604,987,338,263,294,366,984,256,59,277,463,314,200,303,117,330,240,225,642,722,1346,281,489,103,527,483,88,249,539,336,102,378,189,410,455,299,517,184,356
73,56,28,14,58,11,60,19,14,25,49,61,109,44,35,35,51,117,59,2,26,73,41,25,36,14,42,30,38,75,101,199,34,53,14,58,60,19,30,61,43,11,54,15,55,63,40,68,21,28
316,247,112,51,285,66,259,66,84,110,264,306,543,169,151,161,213,518,277,26,74,272,159,97,174,71,176,129,141,390,433,797,160,244,62,284,265,51,138,293,182,49,207,85,248,274,161,308,101,183
479,462,207,93,516,103,526,164,185,238,396,614,940,332,260,304,364,942,463,73,272,241,335,206,349,150,342,242,259,706,712,1349,263,516,130,532,500,91,269,548,365,104,404,184,415,455,305,520,171,356
353,251,106,60,293,64,301,83,101,143,269,327,552,195,163,165,224,572,314,41,159,335,79,127,202,71,182,134,162,400,465,852,175,296,74,338,294,48,147,308,196,57,231,107,228,273,204,303,115,209
215,175,79,33,229,44,198,74,65,96,171,219,355,129,102,112,122,363,200,25,97,206,127,46,122,58,134,89,120,265,302,533,103,211,38,180,184,27,110,212,134,41,155,91,168,202,124,199,66,154
363,302,146,63,343,77,343,102,107,147,284,363,582,196,170,186,224,623,303,36,174,349,202,122,118,80,215,163,163,431,514,921,179,320,63,319,312,50,178,369,210,70,258,123,270,288,223,336,117,226
159,99,43,20,142,34,120,36,32,47,106,150,228,73,65,75,90,225,117,14,71,150,71,58,80,16,77,53,66,142,212,366,65,132,38,134,120,20,72,132,73,25,84,36,93,109,58,141,33,86
384,275,122,67,338,80,355,113,90,119,274,406,630,202,163,193,224,673,330,42,176,342,182,134,215,77,100,162,162,446,539,960,202,346,92,373,344,45,188,375,217,67,255,124,252,282,206,352,121,206
274,188,93,38,222,44,219,77,87,90,204,266,427,141,113,121,151,435,240,30,129,242,134,89,163,53,162,55,114,284,354,687,125,216,52,203,217,33,126,259,160,47,195,84,189,215,149,229,109,153
311,198,97,53,261,64,274,71,78,106,229,294,473,177,133,141,178,453,225,38,141,259,162,120,163,66,162,114,65,310,364,734,153,235,53,253,266,37,126,260,156,45,205,91,211,258,178,257,103,160
626,560,255,94,638,136,633,179,211,259,568,719,1166,406,331,361,442,1117,642,75,390,706,400,265,431,142,446,284,310,368,942,1785,342,586,134,671,600,107,302,701,412,149,464,255,563,584,416,689,247,427
746,679,298,110,770,147,697,202,258,320,635,863,1330,465,390,437,538,1338,722,101,433,712,465,302,514,212,539,354,364,942,545,2054,399,698,163,823,697,135,375,796,496,153,589,272,606,680,458,784,276,543
1151,1252,556,236,1491,288,1338,444,477,584,1158,1541,2382,918,693,802,974,2382,1346,199,797,1349,852,533,921,366,960,687,734,1785,2054,1868,674,1378,320,1442,1232,245,699,1486,923,261,1049,544,1117,1200,879,1350,484,933
263,254,118,52,273,54,261,83,96,109,210,300,449,184,118,165,216,448,281,34,160,263,175,103,179,65,202,125,153,342,399,674,60,253,66,316,266,50,129,270,168,65,213,118,223,233,175,272,101,171
472,401,202,89,479,98,488,159,162,186,387,511,854,329,270,296,354,900,489,53,244,516,296,211,320,132,346,216,235,586,698,1378,253,223,101,503,450,78,265,497,307,99,364,188,388,417,295,465,183,311
95,94,29,24,122,25,122,38,42,54,99,116,184,83,68,68,79,201,103,14,62,130,74,38,63,38,92,52,53,134,163,320,66,101,8,119,91,22,64,113,69,33,92,44,88,120,64,124,41,69
530,436,195,76,546,119,520,136,178,220,457,609,996,333,295,267,413,994,527,58,284,532,338,180,319,134,373,203,253,671,823,1442,316,503,119,293,498,82,276,565,371,128,436,198,424,499,304,546,199,333
489,429,191,61,457,85,458,146,178,185,386,547,838,303,263,278,348,822,483,60,265,500,294,184,312,120,344,217,266,600,697,1232,266,450,91,498,212,81,233,489,314,96,408,179,404,434,296,472,182,320
83,75,27,11,103,22,89,24,30,25,63,102,158,41,44,45,56,160,88,19,51,91,48,27,50,20,45,33,37,107,135,245,50,78,22,82,81,5,35,97,53,13,57,25,71,91,53,72,37,54
224,247,101,44,256,63,278,71,74,99,207,259,462,172,118,125,179,458,249,30,138,269,147,110,178,72,188,126,126,302,375,699,129,265,64,276,233,35,57,279,182,44,212,102,223,253,165,260,93,176
491,462,204,84,559,113,499,163,176,224,446,589,961,366,257,281,373,978,539,61,293,548,308,212,369,132,375,259,260,701,796,1486,270,497,113,565,489,97,279,262,348,90,369,187,404,487,320,541,170,345
326,304,139,52,362,79,342,87,110,142,305,364,602,213,167,189,241,584,336,43,182,365,196,134,210,73,217,160,156,412,496,923,168,307,69,371,314,53,182,348,111,62,231,128,262,298,188,352,120,247
114,93,44,17,108,20,105,30,35,51,92,110,183,69,48,52,82,186,102,11,49,104,57,41,70,25,67,47,45,149,153,261,65,99,33,128,96,13,44,90,62,8,85,36,82,99,68,103,29,86
363,313,160,79,374,82,364,117,119,149,286,435,692,263,170,227,263,671,378,54,207,404,231,155,258,84,255,195,205,464,589,1049,213,364,92,436,408,57,212,369,231,85,136,146,313,349,241,360,147,274
172,161,74,27,207,40,173,55,55,72,143,223,345,123,114,125,130,325,189,15,85,184,107,91,123,36,124,84,91,255,272,544,118,188,44,198,179,25,102,187,128,36,146,27,151,147,129,194,73,128
430,358,167,63,437,82,389,131,137,180,383,446,746,256,206,231,300,722,410,55,248,415,228,168,270,93,252,189,211,563,606,1117,223,388,88,424,404,71,223,404,262,82,313,151,168,357,248,411,159,276
442,397,172,66,436,103,430,134,148,185,373,523,830,306,233,304,330,838,455,63,274,455,273,202,288,109,282,215,258,584,680,1200,233,417,120,499,434,91,253,487,298,99,349,147,357,195,300,461,163,302
313,284,133,44,342,61,306,85,95,141,275,340,568,189,169,173,220,562,299,40,161,305,204,124,223,58,206,149,178,416,458,879,175,295,64,304,296,53,165,320,188,68,241,129,248,300,111,347,128,177
486,436,210,80,507,108,456,169,160,216,455,612,937,347,266,299,350,937,517,68,308,520,303,199,336,141,352,229,257,689,784,1350,272,465,124,546,472,72,260,541,352,103,360,194,411,461,347,244,176,351
164,151,86,32,198,38,177,55,66,65,157,213,341,141,92,111,136,317,184,21,101,171,115,66,117,33,121,109,103,247,276,484,101,183,41,199,182,37,93,170,120,29,147,73,159,163,128,176,39,120
383,314,146,63,343,83,331,108,117,129,327,371,575,234,166,198,247,606,356,28,183,356,209,154,226,86,206,153,160,427,543,933,171,311,69,333,320,54,176,345,247,86,274,128,276,302,177,351,120,128
