243,447,203,94,502,109,486,175,153,253,452,544,831,365,324,346,369,801,453,65,309,478,341,222,348,147,343,287,312,607,678,1144,230,481,89,507,487,99,235,515,319,101,354,171,416,439,307,519,153,372
447,161,141,66,454,94,390,123,127,179,369,453,804,266,249,243,307,802,454,54,226,433,254,173,276,132,304,208,199,497,632,1175,253,397,89,479,381,61,237,466,257,102,302,159,327,377,294,438,177,264
203,141,34,36,190,43,174,51,61,88,170,223,372,129,96,119,146,374,181,17,119,191,116,78,131,41,117,91,89,248,291,556,105,188,44,202,179,37,106,202,128,32,171,72,148,188,124,222,73,125
94,66,36,3,98,15,79,19,19,49,92,96,137,56,59,65,57,130,98,8,52,92,55,38,53,30,70,44,40,103,112,192,29,82,15,85,73,13,41,91,49,17,64,32,69,78,60,81,25,57
502,454,190,98,232,114,479,150,145,201,411,540,923,351,262,279,363,864,497,67,281,522,285,218,344,143,376,250,278,610,718,1327,276,493,114,522,496,73,237,547,313,94,390,198,438,443,319,522,181,364
109,94,43,15,114,13,103,29,36,42,104,129,182,80,70,86,83,165,117,15,69,129,67,49,73,36,85,55,60,125,151,281,48,114,22,120,125,16,57,112,78,22,78,43,104,95,67,102,40,84
486,390,174,79,479,103,227,137,146,192,446,541,913,317,241,285,349,836,496,54,269,492,289,194,318,130,338,247,253,613,713,1298,238,438,88,531,440,85,261,494,345,116,371,182,383,452,315,485,166,322
175,123,51,19,150,29,137,19,41,67,122,164,273,93,95,88,100,277,152,18,84,137,95,63,101,38,108,71,82,165,215,443,77,149,41,164,142,30,77,149,97,26,127,50,137,164,91,146,53,99
153,127,61,19,145,36,146,41,33,74,160,159,293,104,84,86,127,257,138,17,66,148,85,73,97,41,96,70,89,187,251,448,77,147,30,184,150,11,64,182,94,29,136,47,131,151,84,162,61,98
253,179,88,49,201,42,192,67,74,55,166,241,394,128,108,109,142,373,221,29,119,230,124,82,119,62,155,106,116,256,339,590,113,212,37,213,211,38,110,221,119,36,162,98,177,183,126,210,71,147
452,369,170,92,411,104,446,122,160,166,185,496,756,261,226,226,293,747,433,63,262,463,275,168,256,127,331,234,242,510,631,1189,213,410,99,468,401,78,204,409,295,75,302,140,350,384,269,423,153,301
544,453,223,96,540,129,541,164,159,241,496,333,1051,351,309,320,393,1093,531,74,311,593,354,219,398,142,407,282,301,700,837,1668,298,502,147,589,524,84,290,574,358,127,423,235,480,515,332,583,209,373
831,804,372,137,923,182,913,273,293,394,756,1051,819,611,516,550,659,1460,924,126,490,954,534,380,614,226,656,476,450,1117,1377,2454,489,866,200,985,834,156,454,903,634,227,679,346,747,849,588,951,345,582
365,266,129,56,351,80,317,93,104,128,261,351,611,73,173,188,209,610,318,29,195,340,181,119,219,86,218,180,166,418,501,918,171,320,66,310,298,61,176,325,180,60,270,124,258,274,212,356,126,209
324,249,96,59,262,70,241,95,84,108,226,309,516,173,67,147,167,502,261,23,140,276,149,111,206,60,171,106,124,333,407,773,139,259,51,282,293,31,123,308,189,53,206,87,230,234,171,274,91,178
346,243,119,65,279,86,285,88,86,109,226,320,550,188,147,82,207,563,311,25,151,298,170,136,195,62,180,133,147,342,422,848,176,293,55,286,310,43,150,331,184,55,209,96,252,244,184,303,114,214
369,307,146,57,363,83,349,100,127,142,293,393,659,209,167,207,142,648,379,38,201,370,200,134,206,85,217,176,182,476,546,1005,200,326,84,374,342,63,178,365,256,69,286,148,242,359,233,384,108,255
801,802,374,130,864,165,836,277,257,373,747,1093,1460,610,502,563,648,820,919,108,500,937,513,382,591,240,643,454,449,1070,1352,2449,479,832,210,965,842,166,414,901,596,197,680,334,738,751,574,921,322,595
453,454,181,98,497,117,496,152,138,221,433,531,924,318,261,311,379,919,240,38,264,470,277,197,302,141,322,226,238,620,750,1466,290,480,125,492,470,97,264,537,336,93,391,193,385,463,343,506,174,327
65,54,17,8,67,15,54,18,17,29,63,74,126,29,23,25,38,108,38,4,30,54,30,17,32,12,34,25,25,74,93,175,45,58,27,52,54,12,28,66,37,12,50,28,41,50,29,69,26,43
309,226,119,52,281,69,269,84,66,119,262,311,490,195,140,151,201,500,264,30,81,296,189,120,187,73,203,114,136,348,431,803,175,262,70,262,270,44,140,285,189,76,217,103,236,279,184,308,98,186
478,433,191,92,522,129,492,137,148,230,463,593,954,340,276,298,370,937,470,54,296,262,265,203,345,136,343,228,253,610,753,1434,295,502,139,534,498,98,258,530,324,99,408,185,418,452,297,533,179,356
341,254,116,55,285,67,289,95,85,124,275,354,534,181,149,170,200,513,277,30,189,265,94,122,210,71,196,125,151,343,456,789,169,288,65,317,295,33,155,301,215,80,242,108,239,256,177,321,111,203
222,173,78,38,218,49,194,63,73,82,168,219,380,119,111,136,134,382,197,17,120,203,122,38,132,58,136,104,80,241,304,575,105,197,44,218,188,42,115,213,140,45,150,79,135,191,134,211,82,140
348,276,131,53,344,73,318,101,97,119,256,398,614,219,206,195,206,591,302,32,187,345,210,132,128,77,234,136,187,401,514,956,185,307,81,355,305,49,177,298,224,81,249,110,275,296,234,344,120,220
147,132,41,30,143,36,130,38,41,62,127,142,226,86,60,62,85,240,141,12,73,136,71,58,77,15,74,64,57,157,191,368,94,114,19,122,109,22,56,148,74,26,97,41,109,131,77,131,39,81
343,304,117,70,376,85,338,108,96,155,331,407,656,218,171,180,217,643,322,34,203,343,196,136,234,74,104,146,157,375,508,950,197,317,83,341,304,57,171,384,236,77,248,119,283,299,210,372,125,213
287,208,91,44,250,55,247,71,70,106,234,282,476,180,106,133,176,454,226,25,114,228,125,104,136,64,146,52,109,282,351,663,122,254,43,234,240,39,117,241,144,40,186,79,190,244,137,252,88,155
312,199,89,40,278,60,253,82,89,116,242,301,450,166,124,147,182,449,238,25,136,253,151,80,187,57,157,109,56,319,369,710,160,226,65,246,211,35,132,251,185,59,189,102,200,253,177,253,104,190
607,497,248,103,610,125,613,165,187,256,510,700,1117,418,333,342,476,1070,620,74,348,610,343,241,401,157,375,282,319,348,924,1730,333,562,157,680,607,113,305,678,444,115,468,222,487,574,400,663,226,420
678,632,291,112,718,151,713,215,251,339,631,837,1377,501,407,422,546,1352,750,93,431,753,456,304,514,191,508,351,369,924,594,2099,423,722,162,787,710,130,368,759,499,149,572,261,611,710,477,789,263,510
1144,1175,556,192,1327,281,1298,443,448,590,1189,1668,2454,918,773,848,1005,2449,1466,175,803,1434,789,575,956,368,950,663,710,1730,2099,1925,731,1257,328,1501,1203,255,702,1418,907,309,1010,566,1161,1288,871,1446,476,950
230,253,105,29,276,48,238,77,77,113,213,298,489,171,139,176,200,479,290,45,175,295,169,105,185,94,197,122,160,333,423,731,67,274,61,291,235,50,125,256,194,64,207,118,227,239,178,291,101,170
481,397,188,82,493,114,438,149,147,212,410,502,866,320,259,293,326,832,480,58,262,502,288,197,307,114,317,254,226,562,722,1257,274,216,114,468,457,74,213,477,294,96,365,175,400,444,283,508,176,297
89,89,44,15,114,22,88,41,30,37,99,147,200,66,51,55,84,210,125,27,70,139,65,44,81,19,83,43,65,157,162,328,61,114,18,118,86,24,55,127,72,20,88,44,82,103,77,121,36,76
507,479,202,85,522,120,531,164,184,213,468,589,985,310,282,286,374,965,492,52,262,534,317,218,355,122,341,234,246,680,787,1501,291,468,118,293,512,100,273,589,371,94,407,177,460,542,323,569,187,370
487,381,179,73,496,125,440,142,150,211,401,524,834,298,293,310,342,842,470,54,270,498,295,188,305,109,304,240,211,607,710,1203,235,457,86,512,243,84,250,469,297,77,353,171,373,448,295,498,141,351
99,61,37,13,73,16,85,30,11,38,78,84,156,61,31,43,63,166,97,12,44,98,33,42,49,22,57,39,35,113,130,255,50,74,24,100,84,0,46,82,47,18,66,36,62,63,39,88,26,56
235,237,106,41,237,57,261,77,64,110,204,290,454,176,123,150,178,414,264,28,140,258,155,115,177,56,171,117,132,305,368,702,125,213,55,273,250,46,56,275,149,36,184,95,215,246,149,268,77,171
515,466,202,91,547,112,494,149,182,221,409,574,903,325,308,331,365,901,537,66,285,530,301,213,298,148,384,241,251,678,759,1418,256,477,127,589,469,82,275,276,346,110,369,213,420,482,352,534,183,358
319,257,128,49,313,78,345,97,94,119,295,358,634,180,189,184,256,596,336,37,189,324,215,140,224,74,236,144,185,444,499,907,194,294,72,371,297,47,149,346,106,60,265,119,273,317,198,313,125,205
101,102,32,17,94,22,116,26,29,36,75,127,227,60,53,55,69,197,93,12,76,99,80,45,81,26,77,40,59,115,149,309,64,96,20,94,77,18,36,110,60,12,78,42,107,114,63,112,34,75
354,302,171,64,390,78,371,127,136,162,302,423,679,270,206,209,286,680,391,50,217,408,242,150,249,97,248,186,189,468,572,1010,207,365,88,407,353,66,184,369,265,78,122,178,307,328,282,379,140,231
171,159,72,32,198,43,182,50,47,98,140,235,346,124,87,96,148,334,193,28,103,185,108,79,110,41,119,79,102,222,261,566,118,175,44,177,171,36,95,213,119,42,178,32,143,170,100,204,76,122
416,327,148,69,438,104,383,137,131,177,350,480,747,258,230,252,242,738,385,41,236,418,239,135,275,109,283,190,200,487,611,1161,227,400,82,460,373,62,215,420,273,107,307,143,141,366,250,408,152,263
439,377,188,78,443,95,452,164,151,183,384,515,849,274,234,244,359,751,463,50,279,452,256,191,296,131,299,244,253,574,710,1288,239,444,103,542,448,63,246,482,317,114,328,170,366,215,294,485,159,297
307,294,124,60,319,67,315,91,84,126,269,332,588,212,171,184,233,574,343,29,184,297,177,134,234,77,210,137,177,400,477,871,178,283,77,323,295,39,149,352,198,63,282,100,250,294,100,347,117,223
519,438,222,81,522,102,485,146,162,210,423,583,951,356,274,303,384,921,506,69,308,533,321,211,344,131,372,252,253,663,789,1446,291,508,121,569,498,88,268,534,313,112,379,204,408,485,347,260,202,367
153,177,73,25,181,40,166,53,61,71,153,209,345,126,91,114,108,322,174,26,98,179,111,82,120,39,125,88,104,226,263,476,101,176,36,187,141,26,77,183,125,34,140,76,152,159,117,202,25,115
372,264,125,57,364,84,322,99,98,147,301,373,582,209,178,214,255,595,327,43,186,356,203,140,220,81,213,155,190,420,510,950,170,297,76,370,351,56,171,358,205,75,231,122,263,297,223,367,115,116
