250,449,232,94,514,110,494,170,184,232,461,564,814,409,300,340,409,853,508,67,327,530,336,224,377,151,374,284,294,585,685,1169,235,502,104,550,539,94,239,476,317,96,365,181,453,422,352,477,158,370
449,182,177,94,457,121,443,127,120,172,373,499,835,299,212,243,304,776,427,47,224,457,259,163,267,104,273,202,226,522,677,1253,230,432,92,444,441,86,225,482,251,99,361,172,362,425,258,430,175,280
232,177,31,32,195,49,186,53,74,83,199,206,381,92,94,102,132,377,197,21,110,201,111,64,131,57,123,108,92,222,312,565,111,179,39,215,176,42,79,229,145,32,130,83,155,191,118,190,78,117
94,94,32,5,89,18,99,24,31,38,72,91,136,76,47,57,54,130,93,15,57,100,55,36,71,24,70,39,42,106,122,208,34,87,20,86,81,12,35,94,53,17,61,42,73,86,60,92,31,58
514,457,195,89,268,103,507,166,168,228,419,577,907,325,269,322,366,920,550,69,285,550,293,196,334,129,356,245,234,628,751,1483,270,494,124,521,473,67,273,552,375,117,389,208,393,501,314,511,204,322
110,121,49,18,103,8,112,33,34,45,78,142,193,71,56,73,80,179,120,12,73,108,70,45,77,35,89,43,66,151,152,289,47,110,25,129,115,21,60,109,74,29,90,40,93,97,70,108,44,76
494,443,186,99,507,112,249,139,158,199,409,542,843,339,267,285,334,844,461,69,277,521,293,189,353,140,356,215,247,645,729,1343,267,451,117,513,463,82,225,522,330,99,343,205,398,461,311,518,177,297
170,127,53,24,166,33,139,25,54,63,132,166,278,94,91,81,119,274,156,11,78,151,97,63,96,41,92,55,85,190,239,428,91,122,38,167,126,21,82,169,107,29,114,48,128,177,107,137,65,116
184,120,74,31,168,34,158,54,23,62,137,169,293,98,88,92,130,327,168,22,87,172,78,61,112,35,102,94,86,210,276,463,81,145,36,180,155,22,82,184,118,32,127,52,148,152,103,172,56,102
232,172,83,38,228,45,199,63,62,28,171,236,383,138,106,117,170,348,212,29,117,219,124,91,139,51,162,102,102,232,328,578,106,193,51,230,190,25,99,237,120,37,162,93,148,193,132,211,85,123
461,373,199,72,419,78,409,132,137,171,177,436,742,320,226,244,328,712,451,43,227,465,264,186,289,109,299,187,220,508,683,1138,200,394,90,501,405,72,210,455,274,84,335,179,356,434,277,462,152,301
564,499,206,91,577,142,542,166,169,236,436,314,1024,333,293,291,416,1017,582,64,305,538,336,229,373,144,348,246,281,742,829,1655,336,519,110,615,480,93,275,618,366,117,431,221,413,556,331,584,210,375
814,835,381,136,907,193,843,278,293,383,742,1024,835,576,465,521,665,1509,906,119,485,895,508,331,607,214,591,446,436,1163,1393,2471,511,883,215,1015,839,178,417,987,608,206,706,352,701,879,606,908,358,610
409,299,92,76,325,71,339,94,98,138,320,333,576,105,141,163,238,534,315,40,170,327,205,135,218,78,223,153,159,380,502,927,191,312,81,332,317,45,177,370,220,74,242,152,245,297,214,378,114,232
300,212,94,47,269,56,267,91,88,106,226,293,465,141,70,140,203,491,255,28,136,256,147,110,167,51,165,119,116,306,408,751,114,258,66,292,231,52,160,276,179,51,181,99,199,233,159,267,93,178
340,243,102,57,322,73,285,81,92,117,244,291,521,163,140,73,206,520,270,31,136,290,158,120,181,63,169,134,148,326,435,830,165,281,73,292,261,57,144,302,209,45,200,104,214,260,165,280,102,200
409,304,132,54,366,80,334,119,130,170,328,416,665,238,203,206,145,681,358,32,222,346,227,125,248,86,238,158,189,458,545,1006,201,305,79,383,322,70,194,388,229,74,271,133,283,306,241,364,126,229
853,776,377,130,920,179,844,274,327,348,712,1017,1509,534,491,520,681,866,909,105,511,912,510,343,621,228,599,418,445,1168,1386,2502,496,844,209,1023,845,157,425,1026,626,204,704,353,723,829,583,915,349,604
508,427,197,93,550,120,461,156,168,212,451,582,906,315,255,270,358,909,222,57,255,491,291,199,321,130,346,230,249,642,759,1387,282,455,132,555,495,84,251,514,342,105,397,210,413,490,287,529,191,325
67,47,21,15,69,12,69,11,22,29,43,64,119,40,28,31,32,105,57,7,27,55,38,27,28,14,38,23,23,81,103,187,20,62,18,61,63,8,32,76,48,16,44,21,44,78,35,70,23,39
327,224,110,57,285,73,277,78,87,117,227,305,485,170,136,136,222,511,255,27,69,276,162,92,170,87,181,120,143,344,432,826,146,280,58,308,265,43,132,284,181,60,249,101,207,273,176,316,94,183
530,457,201,100,550,108,521,151,172,219,465,538,895,327,256,290,346,912,491,55,276,260,288,187,336,143,354,241,251,635,753,1419,266,443,117,538,467,75,266,539,337,122,393,236,422,490,315,561,171,347
336,259,111,55,293,70,293,97,78,124,264,336,508,205,147,158,227,510,291,38,162,288,80,116,200,87,195,139,110,369,459,835,162,287,63,326,281,55,150,313,199,60,220,111,221,257,177,280,99,195
224,163,64,36,196,45,189,63,61,91,186,229,331,135,110,120,125,343,199,27,92,187,116,33,129,51,132,94,107,251,271,542,128,188,41,239,177,40,104,210,129,43,165,82,161,195,140,240,73,148
377,267,131,71,334,77,353,96,112,139,289,373,607,218,167,181,248,621,321,28,170,336,200,129,96,69,182,134,176,422,524,997,172,297,74,348,333,58,166,329,187,60,261,136,246,310,200,378,124,210
151,104,57,24,129,35,140,41,35,51,109,144,214,78,51,63,86,228,130,14,87,143,87,51,69,22,82,63,63,141,205,311,73,125,37,130,131,14,59,135,61,29,93,40,114,112,66,145,44,90
374,273,123,70,356,89,356,92,102,162,299,348,591,223,165,169,238,599,346,38,181,354,195,132,182,82,110,168,155,397,490,921,176,330,81,363,318,50,169,366,214,75,258,129,286,353,206,396,126,228
284,202,108,39,245,43,215,55,94,102,187,246,446,153,119,134,158,418,230,23,120,241,139,94,134,63,168,57,108,288,369,658,118,194,56,229,213,36,110,228,162,36,177,71,185,205,158,242,90,165
294,226,92,42,234,66,247,85,86,102,220,281,436,159,116,148,189,445,249,23,143,251,110,107,176,63,155,108,59,294,364,677,117,203,57,273,224,40,124,244,155,46,193,98,201,213,140,278,97,151
585,522,222,106,628,151,645,190,210,232,508,742,1163,380,306,326,458,1168,642,81,344,635,369,251,422,141,397,288,294,395,998,1848,325,602,164,681,624,110,336,772,394,137,503,252,465,612,403,645,239,381
685,677,312,122,751,152,729,239,276,328,683,829,1393,502,408,435,545,1386,759,103,432,753,459,271,524,205,490,369,364,998,546,2088,394,689,176,764,698,122,396,805,488,160,597,313,580,704,495,784,303,445
1169,1253,565,208,1483,289,1343,428,463,578,1138,1655,2471,927,751,830,1006,2502,1387,187,826,1419,835,542,997,311,921,658,677,1848,2088,1940,723,1299,354,1547,1295,253,670,1489,944,273,1101,532,1116,1272,930,1441,546,925
235,230,111,34,270,47,267,91,81,106,200,336,511,191,114,165,201,496,282,20,146,266,162,128,172,73,176,118,117,325,394,723,70,261,60,297,255,49,139,285,202,60,211,115,209,248,163,281,104,175
502,432,179,87,494,110,451,122,145,193,394,519,883,312,258,281,305,844,455,62,280,443,287,188,297,125,330,194,203,602,689,1299,261,220,119,491,457,70,231,509,344,87,386,195,350,462,292,516,194,315
104,92,39,20,124,25,117,38,36,51,90,110,215,81,66,73,79,209,132,18,58,117,63,41,74,37,81,56,57,164,176,354,60,119,11,124,113,26,61,124,69,28,82,46,94,112,64,120,40,72
550,444,215,86,521,129,513,167,180,230,501,615,1015,332,292,292,383,1023,555,61,308,538,326,239,348,130,363,229,273,681,764,1547,297,491,124,260,496,85,277,576,373,97,421,229,413,465,323,508,201,311
539,441,176,81,473,115,463,126,155,190,405,480,839,317,231,261,322,845,495,63,265,467,281,177,333,131,318,213,224,624,698,1295,255,457,113,496,208,77,210,480,300,96,335,187,390,433,319,501,177,323
94,86,42,12,67,21,82,21,22,25,72,93,178,45,52,57,70,157,84,8,43,75,55,40,58,14,50,36,40,110,122,253,49,70,26,85,77,5,49,83,56,11,69,25,60,93,38,122,38,58
239,225,79,35,273,60,225,82,82,99,210,275,417,177,160,144,194,425,251,32,132,266,150,104,166,59,169,110,124,336,396,670,139,231,61,277,210,49,55,268,174,39,177,81,189,230,154,248,90,161
476,482,229,94,552,109,522,169,184,237,455,618,987,370,276,302,388,1026,514,76,284,539,313,210,329,135,366,228,244,772,805,1489,285,509,124,576,480,83,268,284,341,107,455,254,408,505,327,549,202,343
317,251,145,53,375,74,330,107,118,120,274,366,608,220,179,209,229,626,342,48,181,337,199,129,187,61,214,162,155,394,488,944,202,344,69,373,300,56,174,341,116,77,261,128,248,315,204,357,117,222
96,99,32,17,117,29,99,29,32,37,84,117,206,74,51,45,74,204,105,16,60,122,60,43,60,29,75,36,46,137,160,273,60,87,28,97,96,11,39,107,77,10,78,44,94,99,64,95,45,52
365,361,130,61,389,90,343,114,127,162,335,431,706,242,181,200,271,704,397,44,249,393,220,165,261,93,258,177,193,503,597,1101,211,386,82,421,335,69,177,455,261,78,157,148,271,346,240,385,138,259
181,172,83,42,208,40,205,48,52,93,179,221,352,152,99,104,133,353,210,21,101,236,111,82,136,40,129,71,98,252,313,532,115,195,46,229,187,25,81,254,128,44,148,41,158,170,109,215,69,131
453,362,155,73,393,93,398,128,148,148,356,413,701,245,199,214,283,723,413,44,207,422,221,161,246,114,286,185,201,465,580,1116,209,350,94,413,390,60,189,408,248,94,271,158,153,365,234,439,135,263
422,425,191,86,501,97,461,177,152,193,434,556,879,297,233,260,306,829,490,78,273,490,257,195,310,112,353,205,213,612,704,1272,248,462,112,465,433,93,230,505,315,99,346,170,365,196,291,478,181,292
352,258,118,60,314,70,311,107,103,132,277,331,606,214,159,165,241,583,287,35,176,315,177,140,200,66,206,158,140,403,495,930,163,292,64,323,319,38,154,327,204,64,240,109,234,291,95,329,124,230
477,430,190,92,511,108,518,137,172,211,462,584,908,378,267,280,364,915,529,70,316,561,280,240,378,145,396,242,278,645,784,1441,281,516,120,508,501,122,248,549,357,95,385,215,439,478,329,256,181,363
158,175,78,31,204,44,177,65,56,85,152,210,358,114,93,102,126,349,191,23,94,171,99,73,124,44,126,90,97,239,303,546,104,194,40,201,177,38,90,202,117,45,138,69,135,181,124,181,33,126
370,280,117,58,322,76,297,116,102,123,301,375,610,232,178,200,229,604,325,39,183,347,195,148,210,90,228,165,151,381,445,925,175,315,72,311,323,58,161,343,222,52,259,131,263,292,230,363,126,115
