248,431,183,91,513,98,463,170,166,251,441,465,836,360,329,322,354,838,486,70,341,524,345,199,348,140,351,258,279,564,693,1186,252,467,117,496,464,80,248,451,294,94,333,182,402,449,325,478,172,384
431,172,162,85,450,102,425,127,142,166,342,469,797,266,210,255,314,829,452,60,242,461,266,178,260,109,289,208,197,550,617,1192,223,427,90,420,421,73,242,475,293,86,358,164,359,395,254,452,144,287
183,162,35,31,209,50,173,58,64,72,159,229,367,134,84,116,137,370,193,18,101,193,118,74,123,51,141,86,107,257,297,539,103,176,45,171,196,30,99,174,108,36,137,75,154,201,114,193,71,154
91,85,31,12,65,21,79,33,28,36,81,89,138,70,52,50,69,124,94,11,55,78,49,40,62,23,48,44,45,107,114,216,37,84,15,82,72,14,44,86,57,23,62,24,72,70,45,82,28,58
513,450,209,65,238,93,464,185,168,204,451,568,948,331,274,294,363,922,482,67,299,482,298,200,335,135,358,248,255,596,755,1407,273,482,119,506,462,78,274,514,314,101,404,176,406,447,327,540,178,372
98,102,50,21,93,12,110,36,38,46,99,124,185,78,61,65,89,191,117,15,63,96,67,47,84,29,71,52,56,146,154,305,43,111,21,122,94,6,56,115,73,26,75,46,105,96,65,115,36,81
463,425,173,79,464,110,239,144,160,201,418,540,868,309,273,301,314,861,477,57,312,472,291,194,316,126,327,213,249,599,692,1309,267,452,108,468,420,89,242,474,316,98,349,167,403,449,299,497,188,362
170,127,58,33,185,36,144,24,48,69,136,161,281,100,78,74,121,269,158,16,98,171,92,70,94,26,84,60,88,185,253,440,96,141,32,162,131,30,61,167,104,25,117,57,140,153,89,172,59,103
166,142,64,28,168,38,160,48,20,59,133,186,282,103,94,93,103,285,174,17,103,161,98,69,92,44,113,77,96,194,242,445,96,171,32,154,153,41,79,172,109,46,148,57,127,157,104,167,61,95
251,166,72,36,204,46,201,69,59,43,156,217,346,132,119,139,156,339,218,16,112,198,117,95,144,46,147,100,103,274,307,517,99,188,50,217,209,27,117,209,139,53,150,78,176,183,136,228,73,147
441,342,159,81,451,99,418,136,133,156,194,469,753,264,235,264,317,778,437,41,224,417,260,173,286,106,294,207,198,534,629,1106,204,405,96,444,451,59,214,446,291,95,322,148,338,362,272,418,161,335
465,469,229,89,568,124,540,161,186,217,469,289,974,373,291,332,403,935,545,82,285,570,345,221,368,152,369,297,255,696,870,1485,277,511,117,596,547,107,277,580,387,99,418,219,446,527,356,556,218,335
836,797,367,138,948,185,868,281,282,346,753,974,789,577,502,536,678,1390,906,111,531,921,547,355,586,251,636,424,445,1156,1325,2315,484,789,177,983,824,138,447,919,593,199,695,335,748,792,572,887,324,597
360,266,134,70,331,78,309,100,103,132,264,373,577,106,189,184,228,540,319,36,170,328,172,124,199,89,224,152,157,397,510,897,178,311,67,310,330,47,155,328,235,77,247,112,249,287,190,340,122,256
329,210,84,52,274,61,273,78,94,119,235,291,502,189,73,138,203,467,270,28,137,297,163,120,168,72,178,127,124,308,397,787,141,240,60,282,254,34,135,255,152,60,195,102,209,274,157,314,103,188
322,255,116,50,294,65,301,74,93,139,264,332,536,184,138,93,234,525,278,40,143,307,174,125,177,67,201,126,139,339,437,849,167,263,69,287,282,48,170,296,191,72,201,101,225,277,176,334,118,205
354,314,137,69,363,89,314,121,103,156,317,403,678,228,203,234,114,693,381,44,224,381,232,144,242,107,243,144,179,459,597,1050,196,361,87,380,344,63,154,369,236,87,251,152,284,344,232,353,145,239
838,829,370,124,922,191,861,269,285,339,778,935,1390,540,467,525,693,759,920,110,499,901,538,355,610,257,646,398,455,1166,1346,2313,457,771,190,1003,813,159,442,930,603,211,701,353,687,752,554,891,306,613
486,452,193,94,482,117,477,158,174,218,437,545,906,319,270,278,381,920,231,61,286,472,334,209,330,136,337,220,246,606,755,1398,273,467,117,505,453,78,239,475,343,102,346,207,420,462,328,523,208,359
70,60,18,11,67,15,57,16,17,16,41,82,111,36,28,40,44,110,61,1,31,68,35,24,49,21,43,36,25,85,94,183,31,63,12,34,55,7,35,65,42,8,42,24,49,48,32,65,25,42
341,242,101,55,299,63,312,98,103,112,224,285,531,170,137,143,224,499,286,31,91,289,157,109,150,62,160,132,117,343,428,776,156,238,57,270,273,49,136,326,169,53,229,107,231,258,176,290,104,205
524,461,193,78,482,96,472,171,161,198,417,570,921,328,297,307,381,901,472,68,289,232,329,211,361,141,352,241,266,585,766,1428,283,431,117,521,461,80,306,513,356,112,394,194,411,465,292,524,193,403
345,266,118,49,298,67,291,92,98,117,260,345,547,172,163,174,232,538,334,35,157,329,91,117,178,79,213,148,153,320,475,864,187,289,58,306,323,49,167,320,212,77,228,126,226,329,167,294,131,212
199,178,74,40,200,47,194,70,69,95,173,221,355,124,120,125,144,355,209,24,109,211,117,58,124,52,133,116,90,234,309,555,129,202,40,223,194,34,93,217,133,46,155,65,155,177,108,208,78,150
348,260,123,62,335,84,316,94,92,144,286,368,586,199,168,177,242,610,330,49,150,361,178,124,93,84,209,152,137,426,472,952,175,338,71,335,317,52,156,328,210,69,247,119,225,307,193,331,137,250
140,109,51,23,135,29,126,26,44,46,106,152,251,89,72,67,107,257,136,21,62,141,79,52,84,13,70,70,67,175,195,368,84,131,26,133,129,25,65,149,78,34,107,56,114,121,93,130,59,93
351,289,141,48,358,71,327,84,113,147,294,369,636,224,178,201,243,646,337,43,160,352,213,133,209,70,105,184,185,408,520,960,185,326,66,329,316,65,180,382,230,74,264,136,263,308,209,377,135,250
258,208,86,44,248,52,213,60,77,100,207,297,424,152,127,126,144,398,220,36,132,241,148,116,152,70,184,53,129,287,326,624,135,214,48,214,224,37,114,234,140,43,176,81,179,212,160,264,81,144
279,197,107,45,255,56,249,88,96,103,198,255,445,157,124,139,179,455,246,25,117,266,153,90,137,67,185,129,69,300,371,699,143,236,43,243,252,48,144,253,145,54,204,88,199,253,145,290,98,167
564,550,257,107,596,146,599,185,194,274,534,696,1156,397,308,339,459,1166,606,85,343,585,320,234,426,175,408,287,300,389,941,1750,358,551,151,633,572,104,296,687,412,132,491,230,486,541,401,612,219,408
693,617,297,114,755,154,692,253,242,307,629,870,1325,510,397,437,597,1346,755,94,428,766,475,309,472,195,520,326,371,941,544,2056,412,698,164,816,680,137,402,774,512,168,569,306,579,685,475,718,265,493
1186,1192,539,216,1407,305,1309,440,445,517,1106,1485,2315,897,787,849,1050,2313,1398,183,776,1428,864,555,952,368,960,624,699,1750,2056,1867,732,1330,296,1522,1290,224,702,1413,962,302,972,512,1099,1203,866,1364,507,918
252,223,103,37,273,43,267,96,96,99,204,277,484,178,141,167,196,457,273,31,156,283,187,129,175,84,185,135,143,358,412,732,77,256,66,283,268,48,144,277,183,60,198,107,225,225,171,287,105,176
467,427,176,84,482,111,452,141,171,188,405,511,789,311,240,263,361,771,467,63,238,431,289,202,338,131,326,214,236,551,698,1330,256,214,99,473,437,68,248,501,310,78,331,177,395,389,298,456,178,327
117,90,45,15,119,21,108,32,32,50,96,117,177,67,60,69,87,190,117,12,57,117,58,40,71,26,66,48,43,151,164,296,66,99,12,122,118,16,58,129,87,27,67,46,75,92,73,107,43,86
496,420,171,82,506,122,468,162,154,217,444,596,983,310,282,287,380,1003,505,34,270,521,306,223,335,133,329,214,243,633,816,1522,283,473,122,251,483,96,287,602,320,94,385,220,395,485,310,540,193,357
464,421,196,72,462,94,420,131,153,209,451,547,824,330,254,282,344,813,453,55,273,461,323,194,317,129,316,224,252,572,680,1290,268,437,118,483,220,80,247,480,319,92,315,177,381,435,293,486,187,306
80,73,30,14,78,6,89,30,41,27,59,107,138,47,34,48,63,159,78,7,49,80,49,34,52,25,65,37,48,104,137,224,48,68,16,96,80,5,43,91,46,16,70,34,72,73,42,92,25,54
248,242,99,44,274,56,242,61,79,117,214,277,447,155,135,170,154,442,239,35,136,306,167,93,156,65,180,114,144,296,402,702,144,248,58,287,247,43,47,264,159,42,179,105,214,218,152,268,92,178
451,475,174,86,514,115,474,167,172,209,446,580,919,328,255,296,369,930,475,65,326,513,320,217,328,149,382,234,253,687,774,1413,277,501,129,602,480,91,264,255,346,115,391,192,442,483,320,544,199,342
294,293,108,57,314,73,316,104,109,139,291,387,593,235,152,191,236,603,343,42,169,356,212,133,210,78,230,140,145,412,512,962,183,310,87,320,319,46,159,346,118,81,239,113,245,278,208,317,124,216
94,86,36,23,101,26,98,25,46,53,95,99,199,77,60,72,87,211,102,8,53,112,77,46,69,34,74,43,54,132,168,302,60,78,27,94,92,16,42,115,81,6,69,38,88,83,65,107,37,90
333,358,137,62,404,75,349,117,148,150,322,418,695,247,195,201,251,701,346,42,229,394,228,155,247,107,264,176,204,491,569,972,198,331,67,385,315,70,179,391,239,69,138,153,314,349,247,352,128,241
182,164,75,24,176,46,167,57,57,78,148,219,335,112,102,101,152,353,207,24,107,194,126,65,119,56,136,81,88,230,306,512,107,177,46,220,177,34,105,192,113,38,153,27,147,165,111,190,69,125
402,359,154,72,406,105,403,140,127,176,338,446,748,249,209,225,284,687,420,49,231,411,226,155,225,114,263,179,199,486,579,1099,225,395,75,395,381,72,214,442,245,88,314,147,152,366,263,411,161,315
449,395,201,70,447,96,449,153,157,183,362,527,792,287,274,277,344,752,462,48,258,465,329,177,307,121,308,212,253,541,685,1203,225,389,92,485,435,73,218,483,278,83,349,165,366,203,300,474,173,299
325,254,114,45,327,65,299,89,104,136,272,356,572,190,157,176,232,554,328,32,176,292,167,108,193,93,209,160,145,401,475,866,171,298,73,310,293,42,152,320,208,65,247,111,263,300,110,336,141,220
478,452,193,82,540,115,497,172,167,228,418,556,887,340,314,334,353,891,523,65,290,524,294,208,331,130,377,264,290,612,718,1364,287,456,107,540,486,92,268,544,317,107,352,190,411,474,336,288,174,364
172,144,71,28,178,36,188,59,61,73,161,218,324,122,103,118,145,306,208,25,104,193,131,78,137,59,135,81,98,219,265,507,105,178,43,193,187,25,92,199,124,37,128,69,161,173,141,174,42,116
384,287,154,58,372,81,362,103,95,147,335,335,597,256,188,205,239,613,359,42,205,403,212,150,250,93,250,144,167,408,493,918,176,327,86,357,306,54,178,342,216,90,241,125,315,299,220,364,116,118
