269,465,232,84,527,103,492,190,157,251,424,515,867,369,324,334,374,847,517,72,333,513,325,210,360,169,391,304,308,675,728,1173,265,470,96,510,530,80,283,504,321,109,391,175,412,427,353,520,172,366
465,184,176,68,411,93,439,154,164,173,370,498,825,247,236,237,321,814,448,52,212,480,271,162,277,115,293,185,196,526,625,1277,251,419,92,425,432,90,244,450,309,81,287,157,348,373,299,486,177,289
232,176,32,39,211,55,208,62,76,78,180,223,341,158,91,118,137,333,196,25,116,210,88,84,122,49,135,91,98,230,268,571,100,199,48,200,189,21,108,231,122,45,145,59,154,187,124,219,73,135
84,68,39,10,87,26,91,25,25,36,72,87,145,51,40,54,55,177,97,12,46,86,56,29,62,21,63,34,52,108,117,230,42,81,18,105,73,17,38,77,62,13,63,30,80,62,60,93,25,62
527,411,211,87,262,122,509,133,171,205,442,571,922,337,248,299,356,933,514,65,276,525,290,219,340,135,344,231,261,657,839,1386,264,499,130,574,476,86,246,549,335,118,379,219,441,506,321,504,206,341
103,93,55,26,122,15,98,43,36,52,97,121,221,64,76,81,92,224,117,20,58,113,90,34,83,37,77,59,57,146,161,305,51,119,28,121,107,19,51,104,79,11,85,43,109,102,90,114,44,85
492,439,208,91,509,98,235,186,168,201,416,560,912,301,279,293,381,916,500,66,284,513,303,194,313,134,330,211,264,609,715,1366,252,444,103,509,449,72,241,506,296,102,376,157,417,417,328,466,162,337
190,154,62,25,133,43,186,24,46,69,124,131,255,102,91,110,113,245,137,14,70,162,92,62,97,39,111,71,81,148,217,419,83,135,39,149,164,33,75,156,103,33,119,55,134,147,107,164,69,104
157,164,76,25,171,36,168,46,23,68,145,176,319,103,90,91,125,296,161,19,103,170,102,67,106,43,123,83,91,221,248,482,96,135,38,166,168,31,79,195,96,42,131,53,134,150,102,179,54,123
251,173,78,36,205,52,201,69,68,45,163,230,348,135,99,120,152,369,204,24,116,208,115,88,126,47,129,114,106,232,327,568,107,194,40,231,207,28,104,226,143,43,143,63,155,188,102,205,65,154
424,370,180,72,442,97,416,124,145,163,171,439,762,271,234,251,318,748,423,60,250,399,266,171,299,121,297,217,219,533,627,1159,209,430,101,454,440,77,230,439,297,104,286,152,361,387,262,412,156,307
515,498,223,87,571,121,560,131,176,230,439,332,1007,317,280,306,411,1067,530,73,271,505,317,218,354,150,372,256,279,694,834,1600,343,524,122,562,518,88,278,640,353,109,427,230,466,540,376,595,176,394
867,825,341,145,922,221,912,255,319,348,762,1007,826,594,493,530,675,1546,875,122,506,891,572,372,604,216,599,434,426,1133,1351,2446,505,805,212,1015,851,140,445,1013,612,168,690,339,723,798,575,976,333,606
369,247,158,51,337,64,301,102,103,135,271,317,594,122,160,178,256,626,341,41,190,346,179,128,203,90,229,170,166,408,510,903,170,305,61,346,291,60,159,338,207,75,255,112,259,297,198,336,120,221
324,236,91,40,248,76,279,91,90,99,234,280,493,160,63,133,183,462,246,29,158,275,146,133,161,66,180,114,134,304,396,727,147,261,39,262,251,38,125,292,182,51,179,97,220,257,164,252,86,204
334,237,118,54,299,81,293,110,91,120,251,306,530,178,133,71,195,514,288,35,154,298,164,107,163,68,184,139,144,357,433,821,168,284,62,265,268,42,147,302,203,56,211,106,235,268,202,301,113,209
374,321,137,55,356,92,381,113,125,152,318,411,675,256,183,195,112,636,345,48,217,389,195,160,229,102,256,176,181,450,564,985,216,322,64,329,327,55,185,376,253,82,284,125,310,331,255,399,123,248
847,814,333,177,933,224,916,245,296,369,748,1067,1546,626,462,514,636,809,870,112,501,899,549,394,593,204,600,446,421,1126,1383,2496,485,836,203,1001,837,158,436,994,593,178,689,343,708,843,565,978,338,600
517,448,196,97,514,117,500,137,161,204,423,530,875,341,246,288,345,870,246,55,295,493,305,212,342,147,339,242,262,677,762,1440,270,484,94,554,479,95,239,533,330,107,397,208,433,485,321,528,185,346
72,52,25,12,65,20,66,14,19,24,60,73,122,41,29,35,48,112,55,5,30,66,34,29,42,12,43,30,26,81,86,172,31,60,15,70,65,11,32,69,40,13,56,22,56,55,40,61,21,43
333,212,116,46,276,58,284,70,103,116,250,271,506,190,158,154,217,501,295,30,79,284,160,109,164,88,195,131,145,331,417,759,166,271,79,298,263,36,137,301,197,59,203,101,218,242,178,282,115,180
513,480,210,86,525,113,513,162,170,208,399,505,891,346,275,298,389,899,493,66,284,258,307,209,352,156,360,247,263,652,790,1406,280,500,106,588,486,89,256,572,307,104,403,183,411,485,331,515,195,330
325,271,88,56,290,90,303,92,102,115,266,317,572,179,146,164,195,549,305,34,160,307,79,124,180,74,198,144,150,385,422,825,157,275,71,340,298,44,158,321,190,47,229,97,222,268,186,285,110,223
210,162,84,29,219,34,194,62,67,88,171,218,372,128,133,107,160,394,212,29,109,209,124,44,141,56,145,94,116,258,293,544,112,185,36,216,203,35,93,204,154,39,151,73,159,166,135,203,61,138
360,277,122,62,340,83,313,97,106,126,299,354,604,203,161,163,229,593,342,42,164,352,180,141,107,80,207,144,164,421,471,978,172,307,68,323,304,49,154,349,209,62,252,127,229,298,177,368,122,234
169,115,49,21,135,37,134,39,43,47,121,150,216,90,66,68,102,204,147,12,88,156,74,56,80,14,75,54,70,149,185,365,62,126,39,132,125,29,63,147,91,31,80,41,99,126,92,143,54,91
391,293,135,63,344,77,330,111,123,129,297,372,599,229,180,184,256,600,339,43,195,360,198,145,207,75,108,167,173,424,488,955,162,347,84,349,343,62,177,371,217,74,269,123,263,292,199,356,139,246
304,185,91,34,231,59,211,71,83,114,217,256,434,170,114,139,176,446,242,30,131,247,144,94,144,54,167,52,112,299,379,671,127,205,44,237,233,35,115,256,153,44,176,97,172,235,144,269,72,156
308,196,98,52,261,57,264,81,91,106,219,279,426,166,134,144,181,421,262,26,145,263,150,116,164,70,173,112,62,293,388,697,136,228,60,259,257,54,103,285,160,51,197,96,210,232,179,259,108,184
675,526,230,108,657,146,609,148,221,232,533,694,1133,408,304,357,450,1126,677,81,331,652,385,258,421,149,424,299,293,410,918,1821,331,578,122,675,547,109,301,663,422,138,511,244,531,584,388,690,232,408
728,625,268,117,839,161,715,217,248,327,627,834,1351,510,396,433,564,1383,762,86,417,790,422,293,471,185,488,379,388,918,560,2042,401,687,181,879,706,138,374,858,496,181,576,289,572,732,494,788,261,517
1173,1277,571,230,1386,305,1366,419,482,568,1159,1600,2446,903,727,821,985,2496,1440,172,759,1406,825,544,978,365,955,671,697,1821,2042,1914,746,1312,330,1550,1296,212,711,1566,948,285,1055,559,1120,1317,892,1413,498,905
265,251,100,42,264,51,252,83,96,107,209,343,505,170,147,168,216,485,270,31,166,280,157,112,172,62,162,127,136,331,401,746,79,273,67,314,278,51,124,294,188,54,215,109,226,252,168,256,108,190
470,419,199,81,499,119,444,135,135,194,430,524,805,305,261,284,322,836,484,60,271,500,275,185,307,126,347,205,228,578,687,1312,273,221,106,501,455,83,215,505,320,97,363,179,400,450,293,474,178,331
96,92,48,18,130,28,103,39,38,40,101,122,212,61,39,62,64,203,94,15,79,106,71,36,68,39,84,44,60,122,181,330,67,106,14,126,99,13,46,139,67,28,81,43,88,125,76,122,39,76
510,425,200,105,574,121,509,149,166,231,454,562,1015,346,262,265,329,1001,554,70,298,588,340,216,323,132,349,237,259,675,879,1550,314,501,126,252,516,82,267,593,378,114,452,201,416,503,342,569,209,351
530,432,189,73,476,107,449,164,168,207,440,518,851,291,251,268,327,837,479,65,263,486,298,203,304,125,343,233,257,547,706,1296,278,455,99,516,214,85,219,502,318,92,342,187,396,401,329,497,188,322
80,90,21,17,86,19,72,33,31,28,77,88,140,60,38,42,55,158,95,11,36,89,44,35,49,29,62,35,54,109,138,212,51,83,13,82,85,4,37,94,46,17,67,38,69,86,51,81,29,60
283,244,108,38,246,51,241,75,79,104,230,278,445,159,125,147,185,436,239,32,137,256,158,93,154,63,177,115,103,301,374,711,124,215,46,267,219,37,53,246,150,61,214,98,189,218,148,249,90,160
504,450,231,77,549,104,506,156,195,226,439,640,1013,338,292,302,376,994,533,69,301,572,321,204,349,147,371,256,285,663,858,1566,294,505,139,593,502,94,246,294,382,123,358,240,428,534,362,525,225,371
321,309,122,62,335,79,296,103,96,143,297,353,612,207,182,203,253,593,330,40,197,307,190,154,209,91,217,153,160,422,496,948,188,320,67,378,318,46,150,382,89,63,268,135,244,335,214,337,120,215
109,81,45,13,118,11,102,33,42,43,104,109,168,75,51,56,82,178,107,13,59,104,47,39,62,31,74,44,51,138,181,285,54,97,28,114,92,17,61,123,63,13,91,45,79,103,62,114,51,75
391,287,145,63,379,85,376,119,131,143,286,427,690,255,179,211,284,689,397,56,203,403,229,151,252,80,269,176,197,511,576,1055,215,363,81,452,342,67,214,358,268,91,140,147,307,352,243,393,131,259
175,157,59,30,219,43,157,55,53,63,152,230,339,112,97,106,125,343,208,22,101,183,97,73,127,41,123,97,96,244,289,559,109,179,43,201,187,38,98,240,135,45,147,42,142,167,124,200,78,128
412,348,154,80,441,109,417,134,134,155,361,466,723,259,220,235,310,708,433,56,218,411,222,159,229,99,263,172,210,531,572,1120,226,400,88,416,396,69,189,428,244,79,307,142,141,349,250,389,147,291
427,373,187,62,506,102,417,147,150,188,387,540,798,297,257,268,331,843,485,55,242,485,268,166,298,126,292,235,232,584,732,1317,252,450,125,503,401,86,218,534,335,103,352,167,349,194,310,478,175,298
353,299,124,60,321,90,328,107,102,102,262,376,575,198,164,202,255,565,321,40,178,331,186,135,177,92,199,144,179,388,494,892,168,293,76,342,329,51,148,362,214,62,243,124,250,310,88,354,123,220
520,486,219,93,504,114,466,164,179,205,412,595,976,336,252,301,399,978,528,61,282,515,285,203,368,143,356,269,259,690,788,1413,256,474,122,569,497,81,249,525,337,114,393,200,389,478,354,265,177,384
172,177,73,25,206,44,162,69,54,65,156,176,333,120,86,113,123,338,185,21,115,195,110,61,122,54,139,72,108,232,261,498,108,178,39,209,188,29,90,225,120,51,131,78,147,175,123,177,28,128
366,289,135,62,341,85,337,104,123,154,307,394,606,221,204,209,248,600,346,43,180,330,223,138,234,91,246,156,184,408,517,905,190,331,76,351,322,60,160,371,215,75,259,128,291,298,220,384,128,125
