251,450,231,89,520,118,484,163,174,264,461,523,791,330,306,339,351,779,501,68,331,532,333,209,373,158,369,272,285,579,727,1160,227,477,112,513,460,97,241,490,327,97,364,181,441,440,369,491,173,378
450,183,177,75,463,97,429,137,154,183,393,479,740,282,208,233,325,773,405,66,240,427,236,172,280,107,301,192,203,566,661,1228,251,422,96,456,399,73,237,455,304,88,326,150,293,406,260,460,160,316
231,177,32,30,213,49,192,42,61,89,193,223,374,120,86,100,153,359,203,23,129,205,137,60,137,48,144,91,108,212,328,523,111,186,49,189,192,28,96,223,134,37,145,69,152,196,121,218,74,139
89,75,30,4,103,18,77,25,34,40,75,82,150,63,47,44,73,129,101,11,51,87,57,26,67,27,62,41,47,87,118,223,44,82,15,86,66,14,39,74,48,20,73,29,75,84,53,87,36,67
520,463,213,103,281,114,497,175,169,195,424,585,895,381,292,287,376,870,512,67,294,530,332,221,351,147,377,253,279,623,757,1427,280,464,115,562,488,86,249,551,347,99,382,191,450,469,319,523,182,346
118,97,49,18,114,11,100,39,34,52,98,126,185,75,53,65,73,171,121,14,74,105,68,43,82,38,79,60,67,120,143,269,50,113,20,110,90,17,59,101,69,25,81,38,87,106,70,113,34,75
484,429,192,77,497,100,242,143,163,192,404,571,865,329,240,280,346,865,504,68,283,475,284,176,300,126,322,225,243,570,732,1321,263,448,105,516,458,70,215,484,301,104,351,177,394,462,311,478,148,320
163,137,42,25,175,39,143,12,47,73,146,161,264,105,69,91,105,268,146,11,82,160,103,67,95,37,103,62,66,194,234,447,84,145,32,154,156,26,58,140,85,24,120,57,124,138,86,170,50,109
174,154,61,34,169,34,163,47,18,70,143,188,301,117,83,88,118,281,161,28,85,164,107,73,102,36,118,69,84,211,238,430,93,157,32,162,150,23,78,173,135,23,132,54,130,140,95,172,54,114
264,183,89,40,195,52,192,73,70,54,172,218,333,135,113,120,161,357,208,20,126,215,116,75,141,64,163,81,104,247,328,572,111,205,52,206,195,33,86,203,117,44,154,76,169,177,121,205,68,168
461,393,193,75,424,98,404,146,143,172,188,453,798,279,227,234,307,757,438,51,246,465,253,163,279,129,314,208,222,526,637,1163,221,421,92,457,402,67,216,439,300,98,344,151,348,364,266,457,151,285
523,479,223,82,585,126,571,161,188,218,453,320,1024,376,296,343,447,982,571,73,307,596,320,226,370,149,378,235,276,729,884,1640,307,534,135,629,548,92,274,595,349,120,435,224,446,513,349,574,210,396
791,740,374,150,895,185,865,264,301,333,798,1024,826,590,455,502,646,1436,893,120,488,934,561,352,599,216,607,421,515,1165,1405,2470,467,804,197,972,858,163,427,931,608,178,668,320,730,824,589,905,333,610
330,282,120,63,381,75,329,105,117,135,279,376,590,100,171,158,231,553,331,47,196,362,207,120,198,89,221,152,154,424,508,931,166,344,87,368,309,56,152,336,222,66,265,116,250,320,188,342,140,218
306,208,86,47,292,53,240,69,83,113,227,296,455,171,65,146,188,478,281,31,151,287,151,89,168,61,165,115,126,318,417,736,130,231,47,244,261,27,135,274,158,55,219,101,199,241,177,275,82,206
339,233,100,44,287,65,280,91,88,120,234,343,502,158,146,81,228,497,287,29,156,306,150,93,185,77,219,131,117,352,474,821,153,250,62,285,279,36,159,301,204,64,230,109,234,279,188,308,96,230
351,325,153,73,376,73,346,105,118,161,307,447,646,231,188,228,140,661,388,48,180,371,210,131,242,97,271,184,186,439,565,980,194,349,87,344,316,58,169,402,236,71,298,141,296,310,241,352,148,243
779,773,359,129,870,171,865,268,281,357,757,982,1436,553,478,497,661,818,919,133,519,929,538,343,626,218,624,396,468,1113,1426,2482,467,807,164,961,828,152,440,991,575,173,643,301,727,811,572,908,322,661
501,405,203,101,512,121,504,146,161,208,438,571,893,331,281,287,388,919,248,61,316,464,315,211,289,149,367,243,260,633,732,1433,276,489,118,553,474,62,246,533,324,105,386,187,414,443,301,494,183,337
68,66,23,11,67,14,68,11,28,20,51,73,120,47,31,29,48,133,61,10,39,80,43,37,58,18,40,30,31,69,85,174,43,60,9,57,60,9,22,65,46,9,47,25,60,49,48,74,28,41
331,240,129,51,294,74,283,82,85,126,246,307,488,196,151,156,180,519,316,39,80,300,155,115,186,71,193,116,137,380,406,765,134,261,64,280,267,54,149,258,170,58,222,104,219,270,164,295,100,201
532,427,205,87,530,105,475,160,164,215,465,596,934,362,287,306,371,929,464,80,300,268,328,204,322,151,357,253,248,607,722,1379,265,494,120,580,463,82,239,501,322,95,383,195,412,443,340,522,185,369
333,236,137,57,332,68,284,103,107,116,253,320,561,207,151,150,210,538,315,43,155,328,84,116,205,81,187,151,167,383,467,863,153,275,62,292,284,42,149,297,200,64,231,116,218,267,190,296,109,198
209,172,60,26,221,43,176,67,73,75,163,226,352,120,89,93,131,343,211,37,115,204,116,38,131,50,128,88,99,260,311,560,109,195,54,198,189,35,93,209,124,37,141,70,144,184,119,190,73,157
373,280,137,67,351,82,300,95,102,141,279,370,599,198,168,185,242,626,289,58,186,322,205,131,116,92,214,173,158,418,508,918,193,319,85,351,333,53,153,352,202,63,281,109,246,306,217,366,129,224
158,107,48,27,147,38,126,37,36,64,129,149,216,89,61,77,97,218,149,18,71,151,81,50,92,14,86,74,66,150,197,381,77,124,29,129,137,16,54,140,98,25,114,54,88,109,92,141,46,93
369,301,144,62,377,79,322,103,118,163,314,378,607,221,165,219,271,624,367,40,193,357,187,128,214,86,118,185,156,415,566,974,185,309,86,374,347,54,148,365,244,64,289,126,245,291,231,387,121,239
272,192,91,41,253,60,225,62,69,81,208,235,421,152,115,131,184,396,243,30,116,253,151,88,173,74,185,54,122,284,365,673,136,218,49,230,237,47,107,252,154,41,190,96,182,210,153,246,92,139
285,203,108,47,279,67,243,66,84,104,222,276,515,154,126,117,186,468,260,31,137,248,167,99,158,66,156,122,64,302,362,713,136,232,55,255,250,34,122,263,178,51,180,101,188,266,161,299,90,187
579,566,212,87,623,120,570,194,211,247,526,729,1165,424,318,352,439,1113,633,69,380,607,383,260,418,150,415,284,302,391,968,1820,353,570,134,666,573,108,355,734,427,131,431,220,495,591,406,633,220,417
727,661,328,118,757,143,732,234,238,328,637,884,1405,508,417,474,565,1426,732,85,406,722,467,311,508,197,566,365,362,968,581,2073,407,666,193,861,740,154,357,797,513,151,551,288,599,700,487,731,276,502
1160,1228,523,223,1427,269,1321,447,430,572,1163,1640,2470,931,736,821,980,2482,1433,174,765,1379,863,560,918,381,974,673,713,1820,2073,1867,742,1302,328,1486,1272,274,698,1415,926,275,994,494,1099,1244,896,1412,479,943
227,251,111,44,280,50,263,84,93,111,221,307,467,166,130,153,194,467,276,43,134,265,153,109,193,77,185,136,136,353,407,742,63,229,51,271,262,51,128,296,180,53,209,97,190,243,167,254,97,184
477,422,186,82,464,113,448,145,157,205,421,534,804,344,231,250,349,807,489,60,261,494,275,195,319,124,309,218,232,570,666,1302,229,204,108,507,436,72,231,484,331,105,366,174,396,400,330,467,166,311
112,96,49,15,115,20,105,32,32,52,92,135,197,87,47,62,87,164,118,9,64,120,62,54,85,29,86,49,55,134,193,328,51,108,11,127,114,18,45,131,73,17,79,29,98,104,64,112,36,77
513,456,189,86,562,110,516,154,162,206,457,629,972,368,244,285,344,961,553,57,280,580,292,198,351,129,374,230,255,666,861,1486,271,507,127,284,492,90,223,573,343,114,400,177,439,487,341,574,196,361
460,399,192,66,488,90,458,156,150,195,402,548,858,309,261,279,316,828,474,60,267,463,284,189,333,137,347,237,250,573,740,1272,262,436,114,492,228,73,230,483,287,100,350,173,426,463,307,478,183,323
97,73,28,14,86,17,70,26,23,33,67,92,163,56,27,36,58,152,62,9,54,82,42,35,53,16,54,47,34,108,154,274,51,72,18,90,73,8,37,91,55,17,66,24,55,94,46,91,34,48
241,237,96,39,249,59,215,58,78,86,216,274,427,152,135,159,169,440,246,22,149,239,149,93,153,54,148,107,122,355,357,698,128,231,45,223,230,37,53,264,160,42,212,94,176,225,149,242,75,189
490,455,223,74,551,101,484,140,173,203,439,595,931,336,274,301,402,991,533,65,258,501,297,209,352,140,365,252,263,734,797,1415,296,484,131,573,483,91,264,311,357,104,382,200,408,480,329,546,171,377
327,304,134,48,347,69,301,85,135,117,300,349,608,222,158,204,236,575,324,46,170,322,200,124,202,98,244,154,178,427,513,926,180,331,73,343,287,55,160,357,109,81,256,139,265,302,216,359,107,246
97,88,37,20,99,25,104,24,23,44,98,120,178,66,55,64,71,173,105,9,58,95,64,37,63,25,64,41,51,131,151,275,53,105,17,114,100,17,42,104,81,12,83,40,74,89,64,125,41,67
364,326,145,73,382,81,351,120,132,154,344,435,668,265,219,230,298,643,386,47,222,383,231,141,281,114,289,190,180,431,551,994,209,366,79,400,350,66,212,382,256,83,131,146,314,365,244,418,150,268
181,150,69,29,191,38,177,57,54,76,151,224,320,116,101,109,141,301,187,25,104,195,116,70,109,54,126,96,101,220,288,494,97,174,29,177,173,24,94,200,139,40,146,33,159,146,114,179,63,102
441,293,152,75,450,87,394,124,130,169,348,446,730,250,199,234,296,727,414,60,219,412,218,144,246,88,245,182,188,495,599,1099,190,396,98,439,426,55,176,408,265,74,314,159,150,350,227,415,139,304
440,406,196,84,469,106,462,138,140,177,364,513,824,320,241,279,310,811,443,49,270,443,267,184,306,109,291,210,266,591,700,1244,243,400,104,487,463,94,225,480,302,89,365,146,350,211,274,471,164,324
369,260,121,53,319,70,311,86,95,121,266,349,589,188,177,188,241,572,301,48,164,340,190,119,217,92,231,153,161,406,487,896,167,330,64,341,307,46,149,329,216,64,244,114,227,274,89,309,106,209
491,460,218,87,523,113,478,170,172,205,457,574,905,342,275,308,352,908,494,74,295,522,296,190,366,141,387,246,299,633,731,1412,254,467,112,574,478,91,242,546,359,125,418,179,415,471,309,263,186,351
173,160,74,36,182,34,148,50,54,68,151,210,333,140,82,96,148,322,183,28,100,185,109,73,129,46,121,92,90,220,276,479,97,166,36,196,183,34,75,171,107,41,150,63,139,164,106,186,34,108
378,316,139,67,346,75,320,109,114,168,285,396,610,218,206,230,243,661,337,41,201,369,198,157,224,93,239,139,187,417,502,943,184,311,77,361,323,48,189,377,246,67,268,102,304,324,209,351,108,128
