262,453,250,89,487,105,523,188,171,249,461,536,819,389,309,349,407,780,519,81,326,526,366,219,377,157,396,274,321,602,730,1184,248,496,111,500,510,89,260,478,310,120,333,188,462,395,351,547,175,413
453,184,168,72,452,102,436,125,152,179,388,487,757,254,209,257,317,728,410,43,237,446,253,169,273,122,313,190,230,482,661,1154,233,404,92,441,424,70,211,483,270,95,313,190,376,429,285,462,164,293
250,168,35,36,208,34,174,55,54,80,168,222,375,124,89,118,162,379,191,23,106,207,108,87,134,61,132,95,104,256,311,558,117,180,42,208,186,33,105,241,151,43,143,69,180,165,133,202,78,145
89,72,36,6,77,20,64,25,33,45,77,93,138,41,50,56,60,144,86,13,53,78,53,32,59,24,58,45,38,97,133,216,36,72,21,102,90,10,44,64,64,20,57,27,67,71,66,88,31,68
487,452,208,77,255,126,479,154,170,224,460,586,925,306,285,296,347,908,494,68,274,530,309,195,353,117,364,213,244,656,775,1411,265,458,123,544,493,88,226,490,322,91,374,187,424,485,301,541,210,360
105,102,34,20,126,15,99,30,34,43,91,128,199,59,56,68,68,202,101,18,62,86,52,48,61,30,89,64,51,129,187,281,47,109,25,132,101,16,46,114,76,20,104,33,84,101,72,110,29,71
523,436,174,64,479,99,232,138,159,217,436,570,826,284,269,304,337,868,494,60,249,458,276,182,308,116,305,227,237,571,746,1335,214,446,103,520,443,76,214,535,344,113,398,193,360,407,319,532,173,368
188,125,55,25,154,30,138,16,52,68,139,156,248,107,76,91,116,261,161,17,82,166,75,70,95,40,79,61,84,177,239,437,69,121,36,155,141,23,63,169,94,23,107,55,116,145,91,163,49,111
171,152,54,33,170,34,159,52,32,57,132,181,287,112,89,88,129,303,197,17,95,190,101,69,109,38,102,65,67,219,252,442,85,158,40,162,130,26,94,168,111,34,133,63,122,153,98,171,63,115
249,179,80,45,224,43,217,68,57,43,189,218,359,149,112,131,138,355,211,27,123,247,120,76,118,64,155,109,113,249,301,547,110,206,44,258,191,36,112,209,142,46,151,79,170,185,142,201,70,159
461,388,168,77,460,91,436,139,132,189,192,460,728,303,243,258,301,738,455,45,242,442,249,192,286,110,308,199,224,482,635,1156,213,394,89,456,418,78,217,451,294,92,292,174,360,389,286,418,134,307
536,487,222,93,586,128,570,156,181,218,460,326,1049,383,260,295,449,1007,569,76,300,585,336,204,344,134,390,243,268,741,846,1589,296,558,113,610,537,84,288,610,362,114,457,246,453,526,327,626,167,360
819,757,375,138,925,199,826,248,287,359,728,1049,779,575,489,503,660,1522,908,131,500,917,525,338,577,233,617,416,451,1200,1407,2359,498,837,205,946,820,162,438,950,601,180,688,318,696,829,579,916,335,605
389,254,124,41,306,59,284,107,112,149,303,383,575,100,166,173,252,578,322,40,191,318,200,126,213,79,216,157,175,378,519,900,182,265,75,349,303,54,178,356,205,64,229,112,245,293,183,362,124,233
309,209,89,50,285,56,269,76,89,112,243,260,489,166,64,135,189,496,271,24,152,281,150,105,156,76,172,122,142,337,402,748,149,239,72,265,249,44,146,268,179,76,219,85,213,253,172,263,100,190
349,257,118,56,296,68,304,91,88,131,258,295,503,173,135,75,189,499,288,37,154,281,149,124,207,81,207,130,154,330,440,854,160,264,66,282,276,39,152,302,175,68,262,96,230,270,182,297,114,215
407,317,162,60,347,68,337,116,129,138,301,449,660,252,189,189,129,643,359,44,201,393,238,160,260,92,265,197,185,430,584,1030,187,328,101,386,350,67,191,383,252,92,288,124,310,333,246,375,130,279
780,728,379,144,908,202,868,261,303,355,738,1007,1522,578,496,499,643,829,901,108,528,907,531,329,616,234,592,453,468,1149,1393,2432,511,851,213,985,855,179,407,939,607,196,678,339,713,835,593,874,314,586
519,410,191,86,494,101,494,161,197,211,455,569,908,322,271,288,359,901,225,72,285,471,323,195,331,122,346,226,209,596,745,1440,251,482,108,533,483,96,268,560,344,106,374,221,400,484,305,535,201,345
81,43,23,13,68,18,60,17,17,27,45,76,131,40,24,37,44,108,72,6,36,79,30,15,48,11,41,19,37,74,101,165,38,50,13,43,63,6,32,54,32,13,45,22,48,61,45,65,25,44
326,237,106,53,274,62,249,82,95,123,242,300,500,191,152,154,201,528,285,36,70,278,175,107,191,67,174,116,154,348,408,827,153,273,71,258,288,48,111,289,169,57,197,90,243,271,177,275,121,158
526,446,207,78,530,86,458,166,190,247,442,585,917,318,281,281,393,907,471,79,278,260,336,200,333,120,362,226,233,641,753,1405,266,472,121,588,460,74,290,586,377,116,384,214,396,479,345,545,198,360
366,253,108,53,309,52,276,75,101,120,249,336,525,200,150,149,238,531,323,30,175,336,101,104,179,78,206,130,172,359,444,830,149,263,79,304,269,49,150,344,193,66,210,126,229,284,179,304,112,210
219,169,87,32,195,48,182,70,69,76,192,204,338,126,105,124,160,329,195,15,107,200,104,37,153,54,160,95,98,221,294,509,118,184,41,227,186,39,121,215,132,42,159,81,160,193,128,236,58,147
377,273,134,59,353,61,308,95,109,118,286,344,577,213,156,207,260,616,331,48,191,333,179,153,105,88,223,133,162,408,537,934,183,322,83,352,349,46,152,358,216,63,263,126,277,333,179,364,137,241
157,122,61,24,117,30,116,40,38,64,110,134,233,79,76,81,92,234,122,11,67,120,78,54,88,14,72,60,70,141,167,355,84,122,30,121,138,18,74,130,101,26,96,54,110,117,86,127,56,86
396,313,132,58,364,89,305,79,102,155,308,390,617,216,172,207,265,592,346,41,174,362,206,160,223,72,115,142,180,414,518,959,210,298,81,374,352,51,163,372,233,72,277,128,278,324,186,371,129,252
274,190,95,45,213,64,227,61,65,109,199,243,416,157,122,130,197,453,226,19,116,226,130,95,133,60,142,49,113,289,345,699,126,226,63,227,228,30,112,249,138,42,191,89,182,212,134,219,98,143
321,230,104,38,244,51,237,84,67,113,224,268,451,175,142,154,185,468,209,37,154,233,172,98,162,70,180,113,48,288,380,680,162,242,64,251,240,42,126,273,173,49,222,90,189,232,166,274,110,196
602,482,256,97,656,129,571,177,219,249,482,741,1200,378,337,330,430,1149,596,74,348,641,359,221,408,141,414,289,288,391,926,1817,368,585,144,674,590,124,312,692,403,132,480,220,498,613,383,648,240,399
730,661,311,133,775,187,746,239,252,301,635,846,1407,519,402,440,584,1393,745,101,408,753,444,294,537,167,518,345,380,926,547,2063,393,733,176,836,715,135,378,760,508,149,534,283,631,741,508,827,279,514
1184,1154,558,216,1411,281,1335,437,442,547,1156,1589,2359,900,748,854,1030,2432,1440,165,827,1405,830,509,934,355,959,699,680,1817,2063,1983,739,1331,338,1533,1315,253,705,1489,934,284,1007,513,1096,1299,875,1415,535,953
248,233,117,36,265,47,214,69,85,110,213,296,498,182,149,160,187,511,251,38,153,266,149,118,183,84,210,126,162,368,393,739,77,233,68,297,261,59,152,273,182,58,196,111,232,248,174,246,118,167
496,404,180,72,458,109,446,121,158,206,394,558,837,265,239,264,328,851,482,50,273,472,263,184,322,122,298,226,242,585,733,1331,233,196,108,495,462,82,230,508,311,93,363,160,374,452,304,530,183,318
111,92,42,21,123,25,103,36,40,44,89,113,205,75,72,66,101,213,108,13,71,121,79,41,83,30,81,63,64,144,176,338,68,108,12,137,110,19,59,116,73,29,90,27,94,100,87,96,40,76
500,441,208,102,544,132,520,155,162,258,456,610,946,349,265,282,386,985,533,43,258,588,304,227,352,121,374,227,251,674,836,1533,297,495,137,274,511,89,271,580,325,105,413,215,402,480,369,581,194,378
510,424,186,90,493,101,443,141,130,191,418,537,820,303,249,276,350,855,483,63,288,460,269,186,349,138,352,228,240,590,715,1315,261,462,110,511,232,64,247,524,318,107,384,177,365,404,285,530,170,350
89,70,33,10,88,16,76,23,26,36,78,84,162,54,44,39,67,179,96,6,48,74,49,39,46,18,51,30,42,124,135,253,59,82,19,89,64,5,40,92,56,19,72,34,60,77,51,87,40,69
260,211,105,44,226,46,214,63,94,112,217,288,438,178,146,152,191,407,268,32,111,290,150,121,152,74,163,112,126,312,378,705,152,230,59,271,247,40,59,228,161,45,201,88,189,232,160,249,89,201
478,483,241,64,490,114,535,169,168,209,451,610,950,356,268,302,383,939,560,54,289,586,344,215,358,130,372,249,273,692,760,1489,273,508,116,580,524,92,228,295,352,126,416,238,441,505,352,597,175,338
310,270,151,64,322,76,344,94,111,142,294,362,601,205,179,175,252,607,344,32,169,377,193,132,216,101,233,138,173,403,508,934,182,311,73,325,318,56,161,352,83,71,265,147,293,316,205,371,125,214
120,95,43,20,91,20,113,23,34,46,92,114,180,64,76,68,92,196,106,13,57,116,66,42,63,26,72,42,49,132,149,284,58,93,29,105,107,19,45,126,71,5,90,37,88,98,60,117,37,61
333,313,143,57,374,104,398,107,133,151,292,457,688,229,219,262,288,678,374,45,197,384,210,159,263,96,277,191,222,480,534,1007,196,363,90,413,384,72,201,416,265,90,138,165,322,294,226,363,128,283
188,190,69,27,187,33,193,55,63,79,174,246,318,112,85,96,124,339,221,22,90,214,126,81,126,54,128,89,90,220,283,513,111,160,27,215,177,34,88,238,147,37,165,39,153,178,108,211,60,131
462,376,180,67,424,84,360,116,122,170,360,453,696,245,213,230,310,713,400,48,243,396,229,160,277,110,278,182,189,498,631,1096,232,374,94,402,365,60,189,441,293,88,322,153,168,366,236,412,145,280
395,429,165,71,485,101,407,145,153,185,389,526,829,293,253,270,333,835,484,61,271,479,284,193,333,117,324,212,232,613,741,1299,248,452,100,480,404,77,232,505,316,98,294,178,366,219,308,473,183,305
351,285,133,66,301,72,319,91,98,142,286,327,579,183,172,182,246,593,305,45,177,345,179,128,179,86,186,134,166,383,508,875,174,304,87,369,285,51,160,352,205,60,226,108,236,308,84,314,98,222
547,462,202,88,541,110,532,163,171,201,418,626,916,362,263,297,375,874,535,65,275,545,304,236,364,127,371,219,274,648,827,1415,246,530,96,581,530,87,249,597,371,117,363,211,412,473,314,266,183,350
175,164,78,31,210,29,173,49,63,70,134,167,335,124,100,114,130,314,201,25,121,198,112,58,137,56,129,98,110,240,279,535,118,183,40,194,170,40,89,175,125,37,128,60,145,183,98,183,38,141
413,293,145,68,360,71,368,111,115,159,307,360,605,233,190,215,279,586,345,44,158,360,210,147,241,86,252,143,196,399,514,953,167,318,76,378,350,69,201,338,214,61,283,131,280,305,222,350,141,111
