252,456,224,84,487,115,468,182,152,221,440,503,855,381,288,304,385,817,504,67,315,513,308,198,376,150,346,288,297,597,683,1158,232,454,113,501,467,71,253,466,301,96,375,179,426,402,329,511,173,380
456,158,169,79,430,101,430,137,137,169,350,503,774,283,228,260,337,765,422,51,253,441,242,180,286,107,284,200,237,531,652,1169,247,402,106,464,425,70,212,455,294,97,358,157,377,418,274,463,166,301
224,169,38,44,178,53,180,67,63,89,176,214,356,133,95,109,144,339,189,34,109,196,127,85,134,48,129,86,90,254,305,556,107,190,35,205,194,20,107,226,133,38,157,79,147,190,138,202,89,134
84,79,44,9,81,25,84,22,33,27,81,93,130,50,46,42,85,139,86,8,49,96,57,33,53,31,63,46,56,85,126,209,34,83,17,88,56,12,38,79,56,25,61,30,71,76,48,89,31,53
487,430,178,81,260,96,495,131,155,205,403,587,910,355,293,312,378,881,546,67,285,502,316,195,318,126,339,260,234,656,757,1384,275,518,120,535,477,75,263,531,356,122,375,185,390,452,297,520,192,367
115,101,53,25,96,14,97,32,43,37,87,113,194,72,66,65,91,197,127,12,74,134,75,44,82,34,82,48,74,109,164,289,50,90,24,122,89,23,47,110,84,27,78,37,105,93,65,102,36,70
468,430,180,84,495,97,212,172,141,203,430,545,853,330,271,269,331,846,488,66,282,512,290,205,325,132,333,251,249,577,715,1352,240,469,114,506,444,96,226,478,320,90,358,163,362,422,283,500,165,325
182,137,67,22,131,32,172,23,50,61,144,155,266,91,73,75,104,261,160,11,74,179,101,67,104,48,103,65,75,178,258,439,82,152,22,149,136,20,73,163,106,33,108,62,112,153,86,171,54,108
152,137,63,33,155,43,141,50,26,59,136,197,328,95,72,90,118,313,157,19,87,166,110,64,113,44,107,78,78,182,243,451,97,172,31,178,170,27,79,174,99,34,109,68,138,168,100,172,67,109
221,169,89,27,205,37,203,61,59,32,159,242,354,131,120,118,145,367,190,24,106,215,131,96,142,52,161,108,145,268,322,577,108,216,47,222,197,38,105,228,139,51,157,72,164,195,113,233,86,139
440,350,176,81,403,87,430,144,136,159,176,463,716,288,237,230,316,756,447,59,230,471,281,185,320,127,319,199,268,533,630,1155,207,399,104,464,433,81,224,444,252,95,322,153,357,383,269,464,161,300
503,503,214,93,587,113,545,155,197,242,463,304,1008,370,290,298,400,965,574,84,280,544,309,235,388,153,400,271,299,680,840,1508,297,507,106,572,504,89,267,556,341,106,433,214,444,503,341,596,210,380
855,774,356,130,910,194,853,266,328,354,716,1008,834,579,481,542,642,1453,880,130,537,862,552,355,604,228,583,427,465,1098,1316,2395,472,833,203,934,818,147,448,948,573,175,637,353,730,876,520,857,333,602
381,283,133,50,355,72,330,91,95,131,288,370,579,112,170,191,229,588,329,41,169,345,192,148,232,84,219,162,162,411,540,933,185,320,65,356,302,62,140,357,192,62,263,124,251,319,196,358,106,192
288,228,95,46,293,66,271,73,72,120,237,290,481,170,72,131,181,477,255,44,160,291,152,114,200,70,195,121,161,299,410,772,155,253,57,277,241,48,126,263,147,57,217,95,228,236,163,293,116,201
304,260,109,42,312,65,269,75,90,118,230,298,542,191,131,75,225,534,296,37,149,297,171,122,193,66,192,137,154,357,417,840,169,278,54,281,268,56,147,280,188,54,251,99,214,262,165,280,131,194
385,337,144,85,378,91,331,104,118,145,316,400,642,229,181,225,120,633,371,45,200,361,211,139,266,96,253,188,163,433,567,933,188,347,80,360,328,59,166,396,262,73,287,150,278,307,219,373,122,255
817,765,339,139,881,197,846,261,313,367,756,965,1453,588,477,534,633,794,873,133,534,904,549,343,598,224,590,424,459,1151,1348,2401,469,779,212,931,787,161,463,967,597,193,676,321,698,837,560,879,336,637
504,422,189,86,546,127,488,160,157,190,447,574,880,329,255,296,371,873,255,58,277,508,288,207,347,129,354,243,258,622,803,1402,281,494,95,557,445,98,240,526,351,97,371,198,374,470,309,505,180,323
67,51,34,8,67,12,66,11,19,24,59,84,130,41,44,37,45,133,58,5,27,62,34,25,34,11,38,35,32,65,92,164,30,61,17,55,60,8,33,65,50,16,43,21,53,60,34,57,28,39
315,253,109,49,285,74,282,74,87,106,230,280,537,169,160,149,200,534,277,27,76,299,157,115,187,61,164,118,147,342,454,835,152,267,59,283,238,44,131,309,166,52,201,101,237,279,182,293,115,180
513,441,196,96,502,134,512,179,166,215,471,544,862,345,291,297,361,904,508,62,299,279,313,217,362,147,361,276,275,644,786,1374,259,516,109,530,508,101,233,542,332,101,413,178,399,492,318,519,186,353
308,242,127,57,316,75,290,101,110,131,281,309,552,192,152,171,211,549,288,34,157,313,79,116,199,69,191,142,154,385,432,852,173,269,63,299,258,59,165,316,187,65,242,112,243,289,163,309,105,211
198,180,85,33,195,44,205,67,64,96,185,235,355,148,114,122,139,343,207,25,115,217,116,39,141,53,140,103,95,264,302,559,89,180,44,214,199,28,110,198,131,43,150,77,156,184,128,210,77,146
376,286,134,53,318,82,325,104,113,142,320,388,604,232,200,193,266,598,347,34,187,362,199,141,108,67,221,165,175,413,520,897,185,286,84,352,307,51,160,357,209,87,249,106,256,303,214,381,130,225
150,107,48,31,126,34,132,48,44,52,127,153,228,84,70,66,96,224,129,11,61,147,69,53,67,11,62,67,51,158,183,345,66,115,30,132,127,14,68,146,91,30,97,39,102,121,63,131,40,70
346,284,129,63,339,82,333,103,107,161,319,400,583,219,195,192,253,590,354,38,164,361,191,140,221,62,93,187,149,413,532,956,179,302,84,351,289,53,166,338,243,72,264,134,290,320,198,367,134,224
288,200,86,46,260,48,251,65,78,108,199,271,427,162,121,137,188,424,243,35,118,276,142,103,165,67,187,50,114,288,344,668,138,234,61,245,232,23,114,260,161,49,179,95,204,187,139,257,95,174
297,237,90,56,234,74,249,75,78,145,268,299,465,162,161,154,163,459,258,32,147,275,154,95,175,51,149,114,61,317,366,727,133,253,59,255,243,50,116,257,178,49,222,94,204,246,160,284,125,176
597,531,254,85,656,109,577,178,182,268,533,680,1098,411,299,357,433,1151,622,65,342,644,385,264,413,158,413,288,317,387,963,1781,354,561,142,644,554,102,333,697,420,126,482,228,526,592,404,648,223,412
683,652,305,126,757,164,715,258,243,322,630,840,1316,540,410,417,567,1348,803,92,454,786,432,302,520,183,532,344,366,963,551,2053,405,722,163,749,653,126,361,827,491,159,556,277,609,705,505,762,250,495
1158,1169,556,209,1384,289,1352,439,451,577,1155,1508,2395,933,772,840,933,2401,1402,164,835,1374,852,559,897,345,956,668,727,1781,2053,1885,724,1269,311,1492,1245,256,674,1433,918,307,1012,526,1095,1243,891,1419,508,905
232,247,107,34,275,50,240,82,97,108,207,297,472,185,155,169,188,469,281,30,152,259,173,89,185,66,179,138,133,354,405,724,71,241,63,261,251,47,134,314,171,46,203,115,213,241,183,279,106,181
454,402,190,83,518,90,469,152,172,216,399,507,833,320,253,278,347,779,494,61,267,516,269,180,286,115,302,234,253,561,722,1269,241,234,104,486,396,80,242,482,329,106,353,178,372,420,276,487,169,301
113,106,35,17,120,24,114,22,31,47,104,106,203,65,57,54,80,212,95,17,59,109,63,44,84,30,84,61,59,142,163,311,63,104,11,112,92,16,55,134,66,19,86,30,95,105,60,131,43,80
501,464,205,88,535,122,506,149,178,222,464,572,934,356,277,281,360,931,557,55,283,530,299,214,352,132,351,245,255,644,749,1492,261,486,112,284,494,91,261,538,372,108,403,209,444,462,333,555,168,356
467,425,194,56,477,89,444,136,170,197,433,504,818,302,241,268,328,787,445,60,238,508,258,199,307,127,289,232,243,554,653,1245,251,396,92,494,204,87,238,481,271,97,335,168,355,395,258,470,180,288
71,70,20,12,75,23,96,20,27,38,81,89,147,62,48,56,59,161,98,8,44,101,59,28,51,14,53,23,50,102,126,256,47,80,16,91,87,7,37,97,52,14,65,43,70,88,51,83,39,62
253,212,107,38,263,47,226,73,79,105,224,267,448,140,126,147,166,463,240,33,131,233,165,110,160,68,166,114,116,333,361,674,134,242,55,261,238,37,58,277,165,47,191,106,181,231,150,249,85,181
466,455,226,79,531,110,478,163,174,228,444,556,948,357,263,280,396,967,526,65,309,542,316,198,357,146,338,260,257,697,827,1433,314,482,134,538,481,97,277,273,350,100,411,180,413,520,323,579,178,356
301,294,133,56,356,84,320,106,99,139,252,341,573,192,147,188,262,597,351,50,166,332,187,131,209,91,243,161,178,420,491,918,171,329,66,372,271,52,165,350,98,67,249,109,249,293,196,353,111,228
96,97,38,25,122,27,90,33,34,51,95,106,175,62,57,54,73,193,97,16,52,101,65,43,87,30,72,49,49,126,159,307,46,106,19,108,97,14,47,100,67,7,80,38,79,101,65,93,39,65
375,358,157,61,375,78,358,108,109,157,322,433,637,263,217,251,287,676,371,43,201,413,242,150,249,97,264,179,222,482,556,1012,203,353,86,403,335,65,191,411,249,80,137,156,306,323,229,412,143,263
179,157,79,30,185,37,163,62,68,72,153,214,353,124,95,99,150,321,198,21,101,178,112,77,106,39,134,95,94,228,277,526,115,178,30,209,168,43,106,180,109,38,156,25,141,174,114,208,57,138
426,377,147,71,390,105,362,112,138,164,357,444,730,251,228,214,278,698,374,53,237,399,243,156,256,102,290,204,204,526,609,1095,213,372,95,444,355,70,181,413,249,79,306,141,167,367,254,410,160,272
402,418,190,76,452,93,422,153,168,195,383,503,876,319,236,262,307,837,470,60,279,492,289,184,303,121,320,187,246,592,705,1243,241,420,105,462,395,88,231,520,293,101,323,174,367,205,318,470,178,334
329,274,138,48,297,65,283,86,100,113,269,341,520,196,163,165,219,560,309,34,182,318,163,128,214,63,198,139,160,404,505,891,183,276,60,333,258,51,150,323,196,65,229,114,254,318,94,329,116,206
511,463,202,89,520,102,500,171,172,233,464,596,857,358,293,280,373,879,505,57,293,519,309,210,381,131,367,257,284,648,762,1419,279,487,131,555,470,83,249,579,353,93,412,208,410,470,329,261,208,391
173,166,89,31,192,36,165,54,67,86,161,210,333,106,116,131,122,336,180,28,115,186,105,77,130,40,134,95,125,223,250,508,106,169,43,168,180,39,85,178,111,39,143,57,160,178,116,208,39,142
380,301,134,53,367,70,325,108,109,139,300,380,602,192,201,194,255,637,323,39,180,353,211,146,225,70,224,174,176,412,495,905,181,301,80,356,288,62,181,356,228,65,263,138,272,334,206,391,142,111
