242,428,205,91,484,97,463,180,185,278,418,542,849,373,325,357,349,836,520,70,328,522,325,221,401,152,400,277,290,625,675,1262,245,506,106,499,468,78,259,442,288,112,388,168,469,445,368,525,188,371
428,180,170,77,424,112,410,126,125,158,390,477,799,288,208,208,335,808,418,69,239,443,244,177,281,106,291,192,233,584,607,1241,233,422,83,450,436,66,207,411,255,84,329,151,340,381,260,432,140,295
205,170,43,26,188,34,187,51,66,83,158,221,331,123,89,111,153,385,186,18,108,194,108,73,104,50,130,91,95,260,307,560,95,164,51,197,163,31,82,242,138,47,141,75,140,198,116,231,64,127
91,77,26,3,81,16,71,22,30,40,62,84,138,54,42,56,67,126,66,17,53,76,60,34,55,24,60,44,42,117,116,198,35,70,16,99,76,20,42,77,65,14,71,39,77,80,40,98,21,60
484,424,188,81,256,120,488,144,157,194,400,562,920,306,241,259,344,937,485,59,252,524,308,195,342,133,341,250,233,674,765,1482,299,454,107,566,459,87,229,553,335,95,417,173,405,483,304,514,184,340
97,112,34,16,120,6,98,34,30,48,88,105,203,69,60,70,89,179,114,18,54,107,69,54,80,30,84,63,52,158,149,259,56,116,24,129,103,17,50,100,76,20,84,41,92,85,65,110,34,75
463,410,187,71,488,98,245,145,149,197,387,511,868,338,262,283,344,874,505,70,276,475,276,215,325,144,381,219,211,617,703,1320,249,433,95,538,443,77,228,506,303,100,373,175,359,471,275,465,173,329
180,126,51,22,144,34,145,26,55,63,125,178,292,107,76,95,111,299,147,15,97,158,72,65,102,35,100,72,74,193,205,408,64,152,36,151,127,16,68,147,97,30,131,61,148,154,96,150,50,123
185,125,66,30,157,30,149,55,31,53,122,168,282,94,81,80,114,315,191,15,100,163,96,74,121,46,115,87,87,218,225,458,91,160,40,167,148,25,90,176,108,44,142,59,128,133,101,188,52,103
278,158,83,40,194,48,197,63,53,43,156,233,364,129,120,132,155,365,204,27,131,200,112,77,144,53,153,93,112,280,296,551,115,176,45,215,191,29,110,224,144,32,179,78,159,203,110,227,74,136
418,390,158,62,400,88,387,125,122,156,173,474,756,267,239,248,312,760,416,53,234,433,249,188,284,120,309,204,216,575,625,1125,233,386,102,475,424,87,196,486,250,74,326,159,341,382,238,486,143,301
542,477,221,84,562,105,511,178,168,233,474,318,1008,344,285,327,431,1035,586,67,310,570,346,220,382,156,408,291,282,724,909,1659,308,507,141,656,490,106,309,583,397,113,416,218,387,568,321,602,196,399
849,799,331,138,920,203,868,292,282,364,756,1008,833,567,474,514,703,1557,927,114,485,973,500,340,584,214,584,427,498,1153,1449,2542,533,837,191,1011,795,149,447,924,621,159,659,355,720,887,534,955,347,568
373,288,123,54,306,69,338,107,94,129,267,344,567,101,184,191,227,578,321,33,168,295,200,126,214,82,209,135,142,393,527,878,177,308,59,332,343,40,147,353,180,50,246,137,266,311,198,351,118,218
325,208,89,42,241,60,262,76,81,120,239,285,474,184,65,141,214,473,246,25,130,256,158,112,140,58,165,115,136,318,393,745,155,240,62,266,249,36,142,302,149,43,212,93,205,244,138,286,94,177
357,208,111,56,259,70,283,95,80,132,248,327,514,191,141,76,208,507,279,31,142,275,159,110,179,66,159,110,136,338,404,805,175,265,63,274,267,43,139,287,170,49,216,111,207,268,160,313,100,188
349,335,153,67,344,89,344,111,114,155,312,431,703,227,214,208,117,679,370,43,230,352,207,133,267,91,246,170,155,442,528,1063,189,355,77,371,361,56,178,377,251,60,321,122,292,332,222,363,138,258
836,808,385,126,937,179,874,299,315,365,760,1035,1557,578,473,507,679,857,911,113,500,988,517,335,608,218,564,431,470,1171,1441,2482,518,817,205,1001,792,143,485,960,616,208,649,327,751,873,569,977,317,607
520,418,186,66,485,114,505,147,191,204,416,586,927,321,246,279,370,911,234,73,281,486,311,194,341,120,340,230,232,619,776,1423,256,465,116,570,461,83,246,536,326,88,365,178,432,465,303,532,170,357
70,69,18,17,59,18,70,15,15,27,53,67,114,33,25,31,43,113,73,2,33,70,37,29,42,14,51,36,35,79,87,169,25,59,13,66,54,14,30,61,43,19,53,18,49,54,33,86,20,41
328,239,108,53,252,54,276,97,100,131,234,310,485,168,130,142,230,500,281,33,81,294,161,117,142,75,173,158,129,328,428,773,151,247,65,292,276,43,144,284,189,58,219,104,229,243,167,298,89,200
522,443,194,76,524,107,475,158,163,200,433,570,973,295,256,275,352,988,486,70,294,275,317,200,362,133,355,226,226,646,754,1459,292,488,112,565,480,95,264,535,320,111,432,164,423,497,311,577,189,356
325,244,108,60,308,69,276,72,96,112,249,346,500,200,158,159,207,517,311,37,161,317,95,106,181,68,197,133,160,349,430,797,157,284,60,310,290,48,135,318,189,53,228,101,248,313,158,302,92,181
221,177,73,34,195,54,215,65,74,77,188,220,340,126,112,110,133,335,194,29,117,200,106,34,127,49,125,80,98,256,285,524,97,192,57,213,191,33,96,192,124,38,133,68,147,185,110,191,81,134
401,281,104,55,342,80,325,102,121,144,284,382,584,214,140,179,267,608,341,42,142,362,181,127,109,82,211,139,165,382,516,911,167,303,90,365,317,45,140,345,188,47,256,134,250,300,194,318,133,223
152,106,50,24,133,30,144,35,46,53,120,156,214,82,58,66,91,218,120,14,75,133,68,49,82,15,81,68,72,147,227,340,61,114,29,137,121,11,61,149,97,29,92,48,98,112,72,132,45,85
400,291,130,60,341,84,381,100,115,153,309,408,584,209,165,159,246,564,340,51,173,355,197,125,211,81,114,159,151,416,523,920,169,319,78,367,342,42,169,359,233,71,267,118,252,298,179,350,105,256
277,192,91,44,250,63,219,72,87,93,204,291,427,135,115,110,170,431,230,36,158,226,133,80,139,68,159,48,107,281,360,638,152,214,62,225,216,42,112,271,165,48,165,85,193,213,147,235,92,160
290,233,95,42,233,52,211,74,87,112,216,282,498,142,136,136,155,470,232,35,129,226,160,98,165,72,151,107,55,355,370,699,141,235,41,232,270,31,115,277,165,51,211,98,190,233,150,277,92,157
625,584,260,117,674,158,617,193,218,280,575,724,1153,393,318,338,442,1171,619,79,328,646,349,256,382,147,416,281,355,423,946,1820,359,604,152,638,578,89,311,692,477,142,482,241,518,602,389,649,270,420
675,607,307,116,765,149,703,205,225,296,625,909,1449,527,393,404,528,1441,776,87,428,754,430,285,516,227,523,360,370,946,532,1989,432,708,162,831,685,123,386,785,498,147,571,275,629,674,520,821,280,513
1262,1241,560,198,1482,259,1320,408,458,551,1125,1659,2542,878,745,805,1063,2482,1423,169,773,1459,797,524,911,340,920,638,699,1820,1989,2004,750,1286,317,1607,1265,232,728,1483,1006,269,1051,502,1043,1316,935,1394,475,904
245,233,95,35,299,56,249,64,91,115,233,308,533,177,155,175,189,518,256,25,151,292,157,97,167,61,169,152,141,359,432,750,74,245,61,289,264,58,117,302,174,38,198,106,236,264,174,278,98,183
506,422,164,70,454,116,433,152,160,176,386,507,837,308,240,265,355,817,465,59,247,488,284,192,303,114,319,214,235,604,708,1286,245,197,95,515,428,79,228,512,273,94,392,170,424,442,275,482,170,351
106,83,51,16,107,24,95,36,40,45,102,141,191,59,62,63,77,205,116,13,65,112,60,57,90,29,78,62,41,152,162,317,61,95,9,117,104,27,68,103,76,26,74,36,84,121,66,127,37,69
499,450,197,99,566,129,538,151,167,215,475,656,1011,332,266,274,371,1001,570,66,292,565,310,213,365,137,367,225,232,638,831,1607,289,515,117,265,483,72,255,576,358,112,441,200,452,497,343,608,219,341
468,436,163,76,459,103,443,127,148,191,424,490,795,343,249,267,361,792,461,54,276,480,290,191,317,121,342,216,270,578,685,1265,264,428,104,483,218,69,233,477,294,86,366,188,375,436,260,464,177,315
78,66,31,20,87,17,77,16,25,29,87,106,149,40,36,43,56,143,83,14,43,95,48,33,45,11,42,42,31,89,123,232,58,79,27,72,69,5,29,93,58,12,61,21,50,98,55,84,34,44
259,207,82,42,229,50,228,68,90,110,196,309,447,147,142,139,178,485,246,30,144,264,135,96,140,61,169,112,115,311,386,728,117,228,68,255,233,29,65,245,143,58,203,87,193,245,160,243,112,179
442,411,242,77,553,100,506,147,176,224,486,583,924,353,302,287,377,960,536,61,284,535,318,192,345,149,359,271,277,692,785,1483,302,512,103,576,477,93,245,251,321,97,403,203,399,471,362,556,202,347
288,255,138,65,335,76,303,97,108,144,250,397,621,180,149,170,251,616,326,43,189,320,189,124,188,97,233,165,165,477,498,1006,174,273,76,358,294,58,143,321,106,80,248,124,260,333,214,345,112,240
112,84,47,14,95,20,100,30,44,32,74,113,159,50,43,49,60,208,88,19,58,111,53,38,47,29,71,48,51,142,147,269,38,94,26,112,86,12,58,97,80,13,90,33,58,100,61,111,29,58
388,329,141,71,417,84,373,131,142,179,326,416,659,246,212,216,321,649,365,53,219,432,228,133,256,92,267,165,211,482,571,1051,198,392,74,441,366,61,203,403,248,90,125,137,311,360,240,416,146,272
168,151,75,39,173,41,175,61,59,78,159,218,355,137,93,111,122,327,178,18,104,164,101,68,134,48,118,85,98,241,275,502,106,170,36,200,188,21,87,203,124,33,137,33,149,178,141,184,56,123
469,340,140,77,405,92,359,148,128,159,341,387,720,266,205,207,292,751,432,49,229,423,248,147,250,98,252,193,190,518,629,1043,236,424,84,452,375,50,193,399,260,58,311,149,162,381,246,397,136,287
445,381,198,80,483,85,471,154,133,203,382,568,887,311,244,268,332,873,465,54,243,497,313,185,300,112,298,213,233,602,674,1316,264,442,121,497,436,98,245,471,333,100,360,178,381,233,290,484,178,339
368,260,116,40,304,65,275,96,101,110,238,321,534,198,138,160,222,569,303,33,167,311,158,110,194,72,179,147,150,389,520,935,174,275,66,343,260,55,160,362,214,61,240,141,246,290,99,327,113,195
525,432,231,98,514,110,465,150,188,227,486,602,955,351,286,313,363,977,532,86,298,577,302,191,318,132,350,235,277,649,821,1394,278,482,127,608,464,84,243,556,345,111,416,184,397,484,327,263,196,384
188,140,64,21,184,34,173,50,52,74,143,196,347,118,94,100,138,317,170,20,89,189,92,81,133,45,105,92,92,270,280,475,98,170,37,219,177,34,112,202,112,29,146,56,136,178,113,196,30,121
371,295,127,60,340,75,329,123,103,136,301,399,568,218,177,188,258,607,357,41,200,356,181,134,223,85,256,160,157,420,513,904,183,351,69,341,315,44,179,347,240,58,272,123,287,339,195,384,121,128
