286,475,206,77,490,100,468,188,170,234,461,548,812,354,333,346,360,810,515,65,317,490,363,203,364,137,371,256,289,594,703,1251,276,470,93,493,473,85,252,470,307,115,361,182,410,409,321,479,167,372
475,194,170,76,449,91,422,137,142,190,377,481,801,250,222,266,302,820,438,68,244,418,253,157,268,102,298,193,222,553,659,1292,255,393,99,463,390,77,232,475,294,97,356,154,352,416,282,461,180,265
206,170,36,33,204,54,203,54,61,78,156,240,399,114,90,97,148,360,200,19,104,205,112,78,124,34,125,101,109,254,262,558,100,186,42,216,185,24,110,207,147,38,145,72,151,185,125,232,65,132
77,76,33,7,80,18,82,32,31,48,82,88,148,52,49,50,68,149,86,16,59,93,57,36,66,20,60,49,48,116,119,203,32,85,11,86,88,9,46,77,54,20,73,30,69,67,54,93,31,63
490,449,204,80,273,134,495,181,169,200,440,590,904,321,273,295,391,885,526,63,285,546,309,197,351,144,369,266,229,658,789,1374,261,490,105,565,497,74,256,530,339,90,387,200,417,496,309,543,209,372
100,91,54,18,134,10,105,38,47,58,111,124,180,77,73,70,80,193,116,17,67,111,79,49,70,28,88,59,65,149,152,284,53,100,16,120,104,18,53,98,81,26,81,40,94,96,76,126,38,74
468,422,203,82,495,105,211,175,146,233,454,530,892,307,250,273,394,841,520,75,282,467,300,191,328,114,309,240,243,575,722,1328,240,479,104,549,454,80,249,491,348,109,390,192,380,443,275,495,171,356
188,137,54,32,181,38,175,16,41,76,147,157,296,94,78,81,130,303,162,12,84,156,95,59,119,44,105,65,87,190,225,389,85,151,28,179,136,28,60,188,107,30,115,64,119,145,92,164,59,103
170,142,61,31,169,47,146,41,24,67,142,161,292,112,84,90,134,279,153,24,90,140,113,64,101,45,108,67,74,191,235,473,88,167,37,179,159,21,91,171,113,42,117,59,124,155,94,161,66,108
234,190,78,48,200,58,233,76,67,46,182,223,396,152,110,127,164,390,235,30,110,218,125,64,147,42,131,109,119,243,300,600,126,198,40,213,216,37,116,205,116,45,169,68,168,183,115,227,81,147
461,377,156,82,440,111,454,147,142,182,203,454,806,289,254,268,313,825,437,58,242,431,248,164,286,102,285,202,235,548,640,1177,231,366,103,457,424,72,266,468,284,100,333,168,367,410,283,442,172,307
548,481,240,88,590,124,530,157,161,223,454,320,997,391,280,282,413,1066,582,84,308,584,333,239,371,142,395,237,260,752,880,1601,297,522,122,601,492,106,280,636,390,130,458,227,442,511,361,585,199,365
812,801,399,148,904,180,892,296,292,396,806,997,813,566,428,492,673,1433,917,123,519,933,546,369,601,233,622,432,411,1139,1330,2420,468,891,234,941,814,150,451,1034,619,199,710,335,762,818,528,954,362,642
354,250,114,52,321,77,307,94,112,152,289,391,566,123,162,188,250,581,370,47,169,334,198,124,209,74,206,138,152,397,501,856,165,301,72,313,309,56,169,356,202,75,278,138,263,284,220,332,120,237
333,222,90,49,273,73,250,78,84,110,254,280,428,162,72,136,189,424,284,28,147,279,157,107,162,85,172,122,116,335,398,735,159,254,61,279,248,34,120,281,171,60,199,97,213,267,178,291,113,184
346,266,97,50,295,70,273,81,90,127,268,282,492,188,136,63,196,502,278,38,149,302,182,129,186,85,190,139,132,347,442,835,184,270,52,311,274,54,109,327,182,57,209,108,229,295,182,295,117,195
360,302,148,68,391,80,394,130,134,164,313,413,673,250,189,196,137,656,371,48,219,373,239,159,235,79,235,185,179,497,566,1025,203,369,72,390,374,54,190,387,241,84,292,132,315,332,229,371,133,266
810,820,360,149,885,193,841,303,279,390,825,1066,1433,581,424,502,656,784,952,118,507,978,492,353,617,239,618,408,444,1102,1418,2450,482,857,212,972,829,141,456,1009,605,208,735,311,738,836,520,961,329,633
515,438,200,86,526,116,520,162,153,235,437,582,917,370,284,278,371,952,255,56,285,483,284,206,357,137,327,227,247,643,777,1374,272,452,114,540,481,84,232,590,341,109,365,188,424,465,326,536,199,351
65,68,19,16,63,17,75,12,24,30,58,84,123,47,28,38,48,118,56,5,36,65,33,32,36,18,36,20,28,81,86,181,35,53,9,55,73,9,35,67,35,11,69,24,48,46,31,71,26,53
317,244,104,59,285,67,282,84,90,110,242,308,519,169,147,149,219,507,285,36,62,281,156,103,183,78,173,135,119,332,425,799,151,287,59,317,259,45,148,321,198,47,229,106,233,239,167,287,120,161
490,418,205,93,546,111,467,156,140,218,431,584,933,334,279,302,373,978,483,65,281,256,309,201,354,143,355,253,263,648,760,1433,273,442,113,540,488,90,268,591,347,124,404,182,390,479,321,539,190,357
363,253,112,57,309,79,300,95,113,125,248,333,546,198,157,182,239,492,284,33,156,309,107,116,176,73,205,142,138,358,445,817,167,295,73,306,307,47,156,299,187,58,235,120,227,281,173,305,130,227
203,157,78,36,197,49,191,59,64,64,164,239,369,124,107,129,159,353,206,32,103,201,116,30,127,54,149,91,97,230,306,538,117,172,50,208,177,42,109,206,114,51,175,76,159,207,120,208,76,135
364,268,124,66,351,70,328,119,101,147,286,371,601,209,162,186,235,617,357,36,183,354,176,127,107,72,199,164,162,409,519,925,167,311,65,348,297,50,173,365,238,69,275,131,253,287,193,357,122,245
137,102,34,20,144,28,114,44,45,42,102,142,233,74,85,85,79,239,137,18,78,143,73,54,72,15,96,54,52,175,216,366,69,110,32,122,100,11,79,137,96,34,123,53,96,118,75,133,44,87
371,298,125,60,369,88,309,105,108,131,285,395,622,206,172,190,235,618,327,36,173,355,205,149,199,96,126,141,164,400,533,962,186,307,68,357,316,51,180,381,220,87,279,129,269,347,210,367,118,202
256,193,101,49,266,59,240,65,67,109,202,237,432,138,122,139,185,408,227,20,135,253,142,91,164,54,141,56,122,272,333,659,121,226,36,248,207,28,120,262,193,34,202,70,163,227,135,238,79,159
289,222,109,48,229,65,243,87,74,119,235,260,411,152,116,132,179,444,247,28,119,263,138,97,162,52,164,122,70,326,420,649,124,248,65,264,259,42,120,258,164,49,203,100,212,229,140,265,99,192
594,553,254,116,658,149,575,190,191,243,548,752,1139,397,335,347,497,1102,643,81,332,648,358,230,409,175,400,272,326,387,958,1866,385,596,154,680,543,97,313,690,413,129,511,228,490,583,396,688,239,438
703,659,262,119,789,152,722,225,235,300,640,880,1330,501,398,442,566,1418,777,86,425,760,445,306,519,216,533,333,420,958,568,2137,452,712,186,814,741,112,387,808,502,156,613,288,627,702,486,743,270,536
1251,1292,558,203,1374,284,1328,389,473,600,1177,1601,2420,856,735,835,1025,2450,1374,181,799,1433,817,538,925,366,962,659,649,1866,2137,1935,765,1313,327,1571,1346,226,667,1484,900,310,1104,521,1176,1292,883,1470,502,940
276,255,100,32,261,53,240,85,88,126,231,297,468,165,159,184,203,482,272,35,151,273,167,117,167,69,186,121,124,385,452,765,78,258,69,338,269,44,149,285,181,49,195,97,226,237,182,303,84,211
470,393,186,85,490,100,479,151,167,198,366,522,891,301,254,270,369,857,452,53,287,442,295,172,311,110,307,226,248,596,712,1313,258,207,97,533,430,76,251,498,316,107,377,188,376,445,282,538,164,318
93,99,42,11,105,16,104,28,37,40,103,122,234,72,61,52,72,212,114,9,59,113,73,50,65,32,68,36,65,154,186,327,69,97,17,121,101,19,49,125,68,27,97,53,95,96,57,109,46,75
493,463,216,86,565,120,549,179,179,213,457,601,941,313,279,311,390,972,540,55,317,540,306,208,348,122,357,248,264,680,814,1571,338,533,121,271,515,84,289,584,357,116,412,230,438,485,344,566,199,341
473,390,185,88,497,104,454,136,159,216,424,492,814,309,248,274,374,829,481,73,259,488,307,177,297,100,316,207,259,543,741,1346,269,430,101,515,200,67,232,500,321,109,383,199,373,421,312,538,176,338
85,77,24,9,74,18,80,28,21,37,72,106,150,56,34,54,54,141,84,9,45,90,47,42,50,11,51,28,42,97,112,226,44,76,19,84,67,8,43,94,49,17,84,20,71,85,38,82,27,54
252,232,110,46,256,53,249,60,91,116,266,280,451,169,120,109,190,456,232,35,148,268,156,109,173,79,180,120,120,313,387,667,149,251,49,289,232,43,56,275,164,66,174,90,200,236,145,268,92,197
470,475,207,77,530,98,491,188,171,205,468,636,1034,356,281,327,387,1009,590,67,321,591,299,206,365,137,381,262,258,690,808,1484,285,498,125,584,500,94,275,303,373,109,415,206,393,496,347,547,199,345
307,294,147,54,339,81,348,107,113,116,284,390,619,202,171,182,241,605,341,35,198,347,187,114,238,96,220,193,164,413,502,900,181,316,68,357,321,49,164,373,125,68,262,110,265,332,201,363,117,220
115,97,38,20,90,26,109,30,42,45,100,130,199,75,60,57,84,208,109,11,47,124,58,51,69,34,87,34,49,129,156,310,49,107,27,116,109,17,66,109,68,17,73,52,85,105,64,127,42,68
361,356,145,73,387,81,390,115,117,169,333,458,710,278,199,209,292,735,365,69,229,404,235,175,275,123,279,202,203,511,613,1104,195,377,97,412,383,84,174,415,262,73,152,133,320,348,256,400,136,271
182,154,72,30,200,40,192,64,59,68,168,227,335,138,97,108,132,311,188,24,106,182,120,76,131,53,129,70,100,228,288,521,97,188,53,230,199,20,90,206,110,52,133,45,142,186,104,222,72,118
410,352,151,69,417,94,380,119,124,168,367,442,762,263,213,229,315,738,424,48,233,390,227,159,253,96,269,163,212,490,627,1176,226,376,95,438,373,71,200,393,265,85,320,142,160,358,254,429,149,296
409,416,185,67,496,96,443,145,155,183,410,511,818,284,267,295,332,836,465,46,239,479,281,207,287,118,347,227,229,583,702,1292,237,445,96,485,421,85,236,496,332,105,348,186,358,202,294,536,187,299
321,282,125,54,309,76,275,92,94,115,283,361,528,220,178,182,229,520,326,31,167,321,173,120,193,75,210,135,140,396,486,883,182,282,57,344,312,38,145,347,201,64,256,104,254,294,69,352,107,219
479,461,232,93,543,126,495,164,161,227,442,585,954,332,291,295,371,961,536,71,287,539,305,208,357,133,367,238,265,688,743,1470,303,538,109,566,538,82,268,547,363,127,400,222,429,536,352,264,188,371
167,180,65,31,209,38,171,59,66,81,172,199,362,120,113,117,133,329,199,26,120,190,130,76,122,44,118,79,99,239,270,502,84,164,46,199,176,27,92,199,117,42,136,72,149,187,107,188,35,131
372,265,132,63,372,74,356,103,108,147,307,365,642,237,184,195,266,633,351,53,161,357,227,135,245,87,202,159,192,438,536,940,211,318,75,341,338,54,197,345,220,68,271,118,296,299,219,371,131,132
