267,467,232,98,495,125,454,183,162,277,441,497,831,386,308,334,366,827,541,80,299,549,369,201,377,136,364,277,301,609,695,1214,270,515,123,521,486,98,259,457,308,130,359,167,459,419,362,466,181,366
467,188,178,87,464,106,437,135,143,181,376,481,769,291,219,242,322,792,456,40,225,461,254,198,297,108,289,229,209,536,635,1200,223,425,97,444,449,81,221,431,270,92,338,191,369,443,277,444,173,305
232,178,38,36,185,55,190,67,56,73,172,225,356,117,106,112,150,365,199,24,118,212,134,80,120,50,140,82,92,220,332,608,115,189,31,238,197,35,105,200,135,50,148,68,172,181,112,210,87,156
98,87,36,4,87,18,70,27,22,36,74,95,142,50,61,69,73,140,82,10,51,76,43,29,67,23,44,47,47,103,131,220,48,72,18,96,69,11,52,86,67,13,66,33,68,83,52,89,31,71
495,464,185,87,254,103,487,163,171,199,435,561,869,320,248,275,366,944,495,65,278,509,320,202,320,124,335,241,244,635,731,1445,257,502,118,580,481,78,248,523,325,100,396,197,398,500,279,519,204,328
125,106,55,18,103,12,96,37,33,49,96,134,175,78,67,82,87,202,119,9,62,102,57,55,66,33,67,60,55,125,173,267,58,103,31,122,115,11,61,127,76,20,92,52,99,113,72,110,49,80
454,437,190,70,487,96,207,154,136,196,419,548,873,321,291,309,360,836,476,44,254,477,275,191,327,132,337,271,230,612,726,1328,291,454,105,522,454,79,239,463,330,89,360,159,369,453,300,475,183,325
183,135,67,27,163,37,154,19,45,71,133,152,267,118,74,69,105,271,143,22,77,165,79,72,109,33,96,67,91,211,244,439,80,146,41,154,155,24,66,169,112,28,125,59,138,146,106,157,75,116
162,143,56,22,171,33,136,45,24,71,123,161,295,96,91,112,122,287,170,15,92,169,116,64,94,43,106,92,84,195,270,475,109,156,36,171,155,19,72,199,105,38,130,69,123,158,111,162,64,109
277,181,73,36,199,49,196,71,71,48,187,250,347,151,98,124,136,379,212,16,101,200,120,80,110,63,138,98,108,254,327,528,98,191,34,227,194,31,103,212,134,47,142,74,157,212,127,228,53,167
441,376,172,74,435,96,419,133,123,187,186,476,741,312,214,247,296,770,467,45,247,456,251,180,268,116,295,200,239,537,634,1134,207,403,93,428,402,72,206,401,278,101,321,145,342,407,261,423,154,311
497,481,225,95,561,134,548,152,161,250,476,315,994,387,261,273,390,995,543,59,280,597,357,221,388,148,370,276,279,698,896,1628,291,500,130,586,534,88,278,607,385,120,401,197,459,509,360,574,208,387
831,769,356,142,869,175,873,267,295,347,741,994,820,601,454,512,662,1481,920,92,520,914,537,372,606,222,624,452,458,1147,1406,2382,461,835,204,985,774,151,429,941,585,176,710,326,729,841,600,948,316,617
386,291,117,50,320,78,321,118,96,151,312,387,601,110,143,175,226,603,330,25,166,306,177,119,196,89,218,138,170,390,512,918,191,285,68,341,319,53,173,340,219,67,238,116,234,308,172,352,118,213
308,219,106,61,248,67,291,74,91,98,214,261,454,143,78,136,203,489,266,28,151,265,154,96,179,61,167,123,139,308,418,747,132,251,80,265,258,50,135,306,200,48,214,110,203,248,178,299,118,174
334,242,112,69,275,82,309,69,112,124,247,273,512,175,136,74,206,522,289,41,152,270,164,103,185,58,178,122,140,343,470,802,149,279,64,270,274,52,138,322,204,54,250,116,217,292,173,319,123,198
366,322,150,73,366,87,360,105,122,136,296,390,662,226,203,206,137,654,385,45,186,371,247,154,236,74,244,166,189,472,536,1007,223,341,81,381,337,48,182,391,256,73,293,141,293,345,247,370,121,265
827,792,365,140,944,202,836,271,287,379,770,995,1481,603,489,522,654,799,925,114,494,884,487,343,588,229,616,440,455,1151,1384,2429,463,838,212,994,794,161,451,964,588,180,673,329,667,816,582,892,301,598
541,456,199,82,495,119,476,143,170,212,467,543,920,330,266,289,385,925,258,69,263,484,295,204,341,117,360,224,252,644,768,1454,286,459,124,571,445,75,255,554,325,90,376,197,420,487,332,551,193,336
80,40,24,10,65,9,44,22,15,16,45,59,92,25,28,41,45,114,69,4,38,50,27,8,36,18,42,30,24,73,98,182,34,53,17,78,50,15,25,68,41,16,60,33,41,56,39,58,27,48
299,225,118,51,278,62,254,77,92,101,247,280,520,166,151,152,186,494,263,38,85,286,186,106,195,70,190,118,142,352,416,790,181,251,49,278,256,40,129,322,187,42,212,117,230,276,191,270,105,186
549,461,212,76,509,102,477,165,169,200,456,597,914,306,265,270,371,884,484,50,286,258,297,190,358,115,374,234,232,620,750,1415,298,461,131,581,501,81,270,571,363,119,371,184,439,470,310,545,192,339
369,254,134,43,320,57,275,79,116,120,251,357,537,177,154,164,247,487,295,27,186,297,94,116,174,64,177,165,157,336,469,798,155,265,64,295,298,47,160,351,227,57,210,119,207,247,186,329,102,203
201,198,80,29,202,55,191,72,64,80,180,221,372,119,96,103,154,343,204,8,106,190,116,43,151,44,129,95,88,242,280,556,125,209,45,195,200,32,110,219,135,48,149,67,168,197,127,224,88,127
377,297,120,67,320,66,327,109,94,110,268,388,606,196,179,185,236,588,341,36,195,358,174,151,96,84,242,144,161,413,516,940,173,299,68,345,313,52,183,376,226,64,251,133,247,300,192,367,109,229
136,108,50,23,124,33,132,33,43,63,116,148,222,89,61,58,74,229,117,18,70,115,64,44,84,15,72,78,57,143,173,378,71,126,21,98,112,20,59,128,81,32,106,47,95,102,82,135,35,76
364,289,140,44,335,67,337,96,106,138,295,370,624,218,167,178,244,616,360,42,190,374,177,129,242,72,118,170,160,435,504,968,209,308,73,324,326,59,179,347,221,77,279,117,255,345,212,384,125,202
277,229,82,47,241,60,271,67,92,98,200,276,452,138,123,122,166,440,224,30,118,234,165,95,144,78,170,53,123,287,365,706,121,221,58,236,220,35,119,255,151,57,184,89,208,206,156,271,105,159
301,209,92,47,244,55,230,91,84,108,239,279,458,170,139,140,189,455,252,24,142,232,157,88,161,57,160,123,64,314,390,733,144,227,59,217,257,46,126,248,150,45,195,116,196,246,171,261,116,191
609,536,220,103,635,125,612,211,195,254,537,698,1147,390,308,343,472,1151,644,73,352,620,336,242,413,143,435,287,314,357,1004,1851,389,616,135,687,547,116,330,680,401,127,485,222,507,581,385,662,246,408
695,635,332,131,731,173,726,244,270,327,634,896,1406,512,418,470,536,1384,768,98,416,750,469,280,516,173,504,365,390,1004,513,2027,423,708,163,827,703,113,385,803,525,165,617,254,599,689,453,756,286,464
1214,1200,608,220,1445,267,1328,439,475,528,1134,1628,2382,918,747,802,1007,2429,1454,182,790,1415,798,556,940,378,968,706,733,1851,2027,1891,714,1336,320,1497,1288,248,680,1471,979,283,1039,549,1108,1305,888,1415,492,920
270,223,115,48,257,58,291,80,109,98,207,291,461,191,132,149,223,463,286,34,181,298,155,125,173,71,209,121,144,389,423,714,67,250,64,307,277,42,141,282,191,52,202,115,233,266,177,285,110,181
515,425,189,72,502,103,454,146,156,191,403,500,835,285,251,279,341,838,459,53,251,461,265,209,299,126,308,221,227,616,708,1336,250,231,116,506,439,73,238,527,314,90,336,195,391,462,304,495,197,307
123,97,31,18,118,31,105,41,36,34,93,130,204,68,80,64,81,212,124,17,49,131,64,45,68,21,73,58,59,135,163,320,64,116,12,126,102,14,61,115,76,25,96,38,86,97,75,132,35,70
521,444,238,96,580,122,522,154,171,227,428,586,985,341,265,270,381,994,571,78,278,581,295,195,345,98,324,236,217,687,827,1497,307,506,126,266,469,70,273,572,382,124,448,193,435,505,368,576,182,362
486,449,197,69,481,115,454,155,155,194,402,534,774,319,258,274,337,794,445,50,256,501,298,200,313,112,326,220,257,547,703,1288,277,439,102,469,228,83,242,500,371,83,358,189,355,423,302,501,163,331
98,81,35,11,78,11,79,24,19,31,72,88,151,53,50,52,48,161,75,15,40,81,47,32,52,20,59,35,46,116,113,248,42,73,14,70,83,6,43,110,65,17,74,25,74,83,59,92,35,61
259,221,105,52,248,61,239,66,72,103,206,278,429,173,135,138,182,451,255,25,129,270,160,110,183,59,179,119,126,330,385,680,141,238,61,273,242,43,54,254,161,48,212,101,203,196,166,243,100,180
457,431,200,86,523,127,463,169,199,212,401,607,941,340,306,322,391,964,554,68,322,571,351,219,376,128,347,255,248,680,803,1471,282,527,115,572,500,110,254,267,346,124,370,192,436,501,342,556,188,314
308,270,135,67,325,76,330,112,105,134,278,385,585,219,200,204,256,588,325,41,187,363,227,135,226,81,221,151,150,401,525,979,191,314,76,382,371,65,161,346,123,73,242,126,281,303,200,360,131,227
130,92,50,13,100,20,89,28,38,47,101,120,176,67,48,54,73,180,90,16,42,119,57,48,64,32,77,57,45,127,165,283,52,90,25,124,83,17,48,124,73,11,67,43,81,113,71,116,41,68
359,338,148,66,396,92,360,125,130,142,321,401,710,238,214,250,293,673,376,60,212,371,210,149,251,106,279,184,195,485,617,1039,202,336,96,448,358,74,212,370,242,67,156,143,305,350,256,391,140,260
167,191,68,33,197,52,159,59,69,74,145,197,326,116,110,116,141,329,197,33,117,184,119,67,133,47,117,89,116,222,254,549,115,195,38,193,189,25,101,192,126,43,143,37,154,198,126,195,80,125
459,369,172,68,398,99,369,138,123,157,342,459,729,234,203,217,293,667,420,41,230,439,207,168,247,95,255,208,196,507,599,1108,233,391,86,435,355,74,203,436,281,81,305,154,128,376,237,415,144,252
419,443,181,83,500,113,453,146,158,212,407,509,841,308,248,292,345,816,487,56,276,470,247,197,300,102,345,206,246,581,689,1305,266,462,97,505,423,83,196,501,303,113,350,198,376,213,287,494,183,298
362,277,112,52,279,72,300,106,111,127,261,360,600,172,178,173,247,582,332,39,191,310,186,127,192,82,212,156,171,385,453,888,177,304,75,368,302,59,166,342,200,71,256,126,237,287,90,337,122,229
466,444,210,89,519,110,475,157,162,228,423,574,948,352,299,319,370,892,551,58,270,545,329,224,367,135,384,271,261,662,756,1415,285,495,132,576,501,92,243,556,360,116,391,195,415,494,337,259,193,333
181,173,87,31,204,49,183,75,64,53,154,208,316,118,118,123,121,301,193,27,105,192,102,88,109,35,125,105,116,246,286,492,110,197,35,182,163,35,100,188,131,41,140,80,144,183,122,193,25,124
366,305,156,71,328,80,325,116,109,167,311,387,617,213,174,198,265,598,336,48,186,339,203,127,229,76,202,159,191,408,464,920,181,307,70,362,331,61,180,314,227,68,260,125,252,298,229,333,124,134
