276,459,232,93,528,137,512,183,185,243,440,522,860,379,322,337,392,866,522,85,326,590,389,225,383,148,394,298,300,661,709,1190,261,515,125,505,511,104,291,486,320,109,386,209,494,403,361,447,184,385
459,171,160,71,454,108,411,120,152,185,352,455,764,284,216,225,321,789,452,47,209,432,244,163,270,85,256,207,235,527,657,1253,242,435,119,461,413,61,210,441,301,85,370,148,330,417,248,470,159,287
232,160,42,40,205,58,199,63,58,91,170,244,347,130,95,83,140,381,210,21,101,184,101,82,111,58,138,88,101,228,289,580,104,177,46,186,182,32,110,223,148,56,138,73,161,214,113,219,70,126
93,71,40,7,76,18,86,35,30,28,63,79,155,63,53,52,62,155,83,6,46,84,54,39,56,17,49,33,39,118,112,223,46,86,21,105,79,13,52,92,62,17,71,22,76,80,60,102,21,62
528,454,205,76,299,107,500,154,174,200,431,570,923,332,275,283,385,911,488,58,283,507,285,201,349,148,347,248,214,685,731,1420,275,489,124,535,472,81,234,533,312,92,421,200,404,501,353,533,192,341
137,108,58,18,107,9,120,32,37,45,110,114,212,76,63,75,82,210,110,12,56,119,70,60,82,28,75,56,67,163,173,309,61,118,27,141,119,16,54,129,82,20,83,34,103,113,66,122,33,74
512,411,199,86,500,120,246,134,152,208,398,546,915,333,281,260,373,892,493,51,281,473,296,200,345,112,353,212,257,680,716,1376,267,433,117,557,490,79,217,511,339,87,381,182,399,445,304,490,188,327
183,120,63,35,154,32,134,30,42,74,138,150,259,106,69,81,114,272,163,19,97,150,83,53,108,37,105,81,85,190,226,397,85,166,23,142,150,27,106,161,90,28,109,63,133,141,108,150,41,110
185,152,58,30,174,37,152,42,28,71,142,178,306,102,92,96,121,315,179,24,82,178,110,61,98,32,87,82,89,211,261,484,93,146,35,152,151,20,81,169,112,29,137,68,130,152,99,194,70,102
243,185,91,28,200,45,208,74,71,46,151,236,366,150,120,146,155,363,214,25,125,196,123,89,150,64,165,87,100,255,301,542,111,165,59,233,204,31,119,202,130,52,136,73,182,194,132,218,83,149
440,352,170,63,431,110,398,138,142,151,195,433,701,271,246,268,309,760,424,64,253,413,257,174,275,108,320,207,243,549,600,1188,232,351,95,447,409,67,232,449,259,95,288,164,340,375,274,442,141,299
522,455,244,79,570,114,546,150,178,236,433,326,1091,336,301,308,408,1096,579,64,342,572,331,218,388,138,381,250,284,692,893,1703,336,532,139,658,496,91,256,609,375,116,424,240,455,572,390,583,221,356
860,764,347,155,923,212,915,259,306,366,701,1091,848,591,499,538,706,1511,907,101,463,944,498,370,605,203,598,399,468,1143,1416,2578,503,867,215,1023,859,159,428,1068,620,188,691,335,731,852,580,993,346,620
379,284,130,63,332,76,333,106,102,150,271,336,591,110,190,208,251,584,336,36,189,320,199,117,226,80,225,146,146,407,481,899,196,279,74,344,327,40,171,328,203,63,240,118,261,281,194,361,130,231
322,216,95,53,275,63,281,69,92,120,246,301,499,190,65,127,181,479,265,39,130,286,148,116,182,73,181,127,133,325,372,744,130,276,72,270,278,46,120,273,152,56,211,97,228,246,164,263,99,168
337,225,83,52,283,75,260,81,96,146,268,308,538,208,127,62,189,527,270,28,155,298,160,117,170,60,170,134,146,349,443,788,169,299,60,273,278,49,140,304,187,42,197,102,237,276,192,285,106,189
392,321,140,62,385,82,373,114,121,155,309,408,706,251,181,189,127,631,363,47,199,374,219,137,248,99,256,192,190,463,566,1005,178,328,94,386,349,77,195,393,260,82,312,132,313,328,217,386,157,255
866,789,381,155,911,210,892,272,315,363,760,1096,1511,584,479,527,631,815,896,102,495,968,489,358,645,227,635,407,466,1164,1403,2522,526,851,214,990,846,160,445,1014,558,178,687,356,746,847,602,932,344,595
522,452,210,83,488,110,493,163,179,214,424,579,907,336,265,270,363,896,277,56,287,494,291,211,318,120,351,241,290,656,746,1407,284,488,110,542,478,112,250,551,318,111,405,188,403,487,311,521,190,351
85,47,21,6,58,12,51,19,24,25,64,64,101,36,39,28,47,102,56,3,30,59,37,31,43,20,48,27,27,70,90,179,32,56,20,77,61,3,35,70,39,9,48,26,50,62,41,68,28,36
326,209,101,46,283,56,281,97,82,125,253,342,463,189,130,155,199,495,287,30,69,277,164,106,163,74,198,130,132,355,402,735,133,268,63,249,263,42,144,280,197,66,233,109,241,261,165,257,97,188
590,432,184,84,507,119,473,150,178,196,413,572,944,320,286,298,374,968,494,59,277,272,281,210,333,139,380,263,265,670,730,1418,272,482,112,601,458,106,255,534,336,107,412,188,388,475,315,544,180,369
389,244,101,54,285,70,296,83,110,123,257,331,498,199,148,160,219,489,291,37,164,281,79,125,186,83,195,153,141,338,417,805,144,278,71,325,308,55,144,296,182,54,233,115,227,288,167,278,105,208
225,163,82,39,201,60,200,53,61,89,174,218,370,117,116,117,137,358,211,31,106,210,125,44,160,36,125,101,92,256,262,570,120,170,43,221,194,37,95,211,135,47,157,82,169,194,151,207,87,138
383,270,111,56,349,82,345,108,98,150,275,388,605,226,182,170,248,645,318,43,163,333,186,160,126,84,219,153,163,406,450,1025,188,314,81,347,331,46,186,347,216,85,273,119,262,284,197,341,122,208
148,85,58,17,148,28,112,37,32,64,108,138,203,80,73,60,99,227,120,20,74,139,83,36,84,15,72,69,47,158,204,356,71,137,28,155,114,21,76,113,87,26,111,47,98,93,89,133,48,95
394,256,138,49,347,75,353,105,87,165,320,381,598,225,181,170,256,635,351,48,198,380,195,125,219,72,111,159,162,439,521,995,178,309,76,383,323,56,184,349,233,78,308,128,253,322,224,372,117,238
298,207,88,33,248,56,212,81,82,87,207,250,399,146,127,134,192,407,241,27,130,263,153,101,153,69,159,45,120,271,371,631,107,203,47,247,243,38,127,253,149,49,196,78,186,237,137,256,94,182
300,235,101,39,214,67,257,85,89,100,243,284,468,146,133,146,190,466,290,27,132,265,141,92,163,47,162,120,65,313,382,675,154,233,56,266,217,37,126,269,170,59,190,82,192,233,156,255,96,174
661,527,228,118,685,163,680,190,211,255,549,692,1143,407,325,349,463,1164,656,70,355,670,338,256,406,158,439,271,313,385,968,1832,317,614,144,684,630,107,310,691,423,123,484,242,541,559,396,674,256,461
709,657,289,112,731,173,716,226,261,301,600,893,1416,481,372,443,566,1403,746,90,402,730,417,262,450,204,521,371,382,968,552,2110,400,706,157,790,716,137,375,812,535,163,585,312,572,709,463,791,262,518
1190,1253,580,223,1420,309,1376,397,484,542,1188,1703,2578,899,744,788,1005,2522,1407,179,735,1418,805,570,1025,356,995,631,675,1832,2110,1981,763,1328,321,1569,1327,252,743,1589,974,296,1065,543,1147,1348,916,1535,547,936
261,242,104,46,275,61,267,85,93,111,232,336,503,196,130,169,178,526,284,32,133,272,144,120,188,71,178,107,154,317,400,763,62,243,73,302,262,40,136,331,192,64,212,127,240,252,155,272,100,168
515,435,177,86,489,118,433,166,146,165,351,532,867,279,276,299,328,851,488,56,268,482,278,170,314,137,309,203,233,614,706,1328,243,238,107,522,437,71,253,510,311,96,402,162,359,439,269,481,174,323
125,119,46,21,124,27,117,23,35,59,95,139,215,74,72,60,94,214,110,20,63,112,71,43,81,28,76,47,56,144,157,321,73,107,11,115,118,19,57,122,65,20,99,54,83,106,61,123,48,93
505,461,186,105,535,141,557,142,152,233,447,658,1023,344,270,273,386,990,542,77,249,601,325,221,347,155,383,247,266,684,790,1569,302,522,115,263,518,111,261,637,375,110,450,218,450,479,299,583,240,353
511,413,182,79,472,119,490,150,151,204,409,496,859,327,278,278,349,846,478,61,263,458,308,194,331,114,323,243,217,630,716,1327,262,437,118,518,232,90,237,483,335,100,361,164,357,441,299,461,170,336
104,61,32,13,81,16,79,27,20,31,67,91,159,40,46,49,77,160,112,3,42,106,55,37,46,21,56,38,37,107,137,252,40,71,19,111,90,8,44,116,64,14,72,39,65,82,45,96,36,58
291,210,110,52,234,54,217,106,81,119,232,256,428,171,120,140,195,445,250,35,144,255,144,95,186,76,184,127,126,310,375,743,136,253,57,261,237,44,87,269,167,53,177,100,185,227,153,265,83,197
486,441,223,92,533,129,511,161,169,202,449,609,1068,328,273,304,393,1014,551,70,280,534,296,211,347,113,349,253,269,691,812,1589,331,510,122,637,483,116,269,285,356,110,417,179,388,533,333,536,199,361
320,301,148,62,312,82,339,90,112,130,259,375,620,203,152,187,260,558,318,39,197,336,182,135,216,87,233,149,170,423,535,974,192,311,65,375,335,64,167,356,115,82,250,137,277,330,183,354,118,200
109,85,56,17,92,20,87,28,29,52,95,116,188,63,56,42,82,178,111,9,66,107,54,47,85,26,78,49,59,123,163,296,64,96,20,110,100,14,53,110,82,15,82,44,100,103,73,111,28,64
386,370,138,71,421,83,381,109,137,136,288,424,691,240,211,197,312,687,405,48,233,412,233,157,273,111,308,196,190,484,585,1065,212,402,99,450,361,72,177,417,250,82,145,130,307,323,242,394,149,274
209,148,73,22,200,34,182,63,68,73,164,240,335,118,97,102,132,356,188,26,109,188,115,82,119,47,128,78,82,242,312,543,127,162,54,218,164,39,100,179,137,44,130,26,171,184,124,234,75,141
494,330,161,76,404,103,399,133,130,182,340,455,731,261,228,237,313,746,403,50,241,388,227,169,262,98,253,186,192,541,572,1147,240,359,83,450,357,65,185,388,277,100,307,171,155,406,247,411,158,266
403,417,214,80,501,113,445,141,152,194,375,572,852,281,246,276,328,847,487,62,261,475,288,194,284,93,322,237,233,559,709,1348,252,439,106,479,441,82,227,533,330,103,323,184,406,242,301,506,175,316
361,248,113,60,353,66,304,108,99,132,274,390,580,194,164,192,217,602,311,41,165,315,167,151,197,89,224,137,156,396,463,916,155,269,61,299,299,45,153,333,183,73,242,124,247,301,108,326,115,226
447,470,219,102,533,122,490,150,194,218,442,583,993,361,263,285,386,932,521,68,257,544,278,207,341,133,372,256,255,674,791,1535,272,481,123,583,461,96,265,536,354,111,394,234,411,506,326,278,188,318
184,159,70,21,192,33,188,41,70,83,141,221,346,130,99,106,157,344,190,28,97,180,105,87,122,48,117,94,96,256,262,547,100,174,48,240,170,36,83,199,118,28,149,75,158,175,115,188,35,123
385,287,126,62,341,74,327,110,102,149,299,356,620,231,168,189,255,595,351,36,188,369,208,138,208,95,238,182,174,461,518,936,168,323,93,353,336,58,197,361,200,64,274,141,266,316,226,318,123,136
