255,470,212,89,496,118,473,180,166,239,447,514,836,379,315,334,342,806,469,63,342,533,374,235,388,149,372,284,315,597,746,1187,256,440,113,471,504,107,229,466,307,110,355,185,441,439,328,509,185,411
470,157,168,78,429,110,432,142,139,177,372,489,781,283,224,244,345,709,472,47,217,480,249,180,270,106,289,173,201,534,719,1227,253,429,91,456,425,59,220,459,284,89,306,166,378,400,269,485,182,320
212,168,43,49,201,57,193,67,72,76,179,228,338,130,124,113,125,349,211,26,98,219,106,73,132,48,123,85,96,260,300,507,107,183,41,186,222,40,95,235,142,37,154,58,163,221,130,209,76,128
89,78,49,5,81,19,79,23,33,38,65,80,144,57,50,64,65,147,83,15,48,80,39,25,53,18,48,50,42,97,123,212,36,64,18,99,66,9,41,97,54,20,55,36,75,84,58,91,26,53
496,429,201,81,266,115,509,145,176,214,408,551,939,322,275,297,377,925,529,65,289,550,349,214,323,140,337,237,252,636,807,1452,294,489,112,542,510,84,248,513,290,111,395,195,451,435,353,526,184,333
118,110,57,19,115,15,118,39,39,49,92,114,194,68,63,85,91,184,120,20,69,116,66,39,79,32,78,66,48,135,176,282,55,113,19,127,104,18,67,118,75,22,99,55,107,89,79,126,38,65
473,432,193,79,509,118,206,150,136,211,394,556,895,336,254,295,344,891,535,63,274,494,295,177,318,97,335,212,246,594,712,1354,254,437,111,491,430,75,257,501,304,95,398,186,366,416,304,513,173,355
180,142,67,23,145,39,150,29,55,79,137,158,282,87,81,107,117,295,165,16,70,147,120,65,97,41,109,60,76,196,257,434,92,149,32,153,122,20,77,162,117,31,115,62,117,135,90,150,58,105
166,139,72,33,176,39,136,55,21,60,129,186,306,109,84,110,109,316,163,19,87,182,98,57,99,39,93,77,78,211,263,483,99,160,40,164,157,24,86,179,114,20,129,62,127,157,99,154,61,118
239,177,76,38,214,49,211,79,60,43,145,200,366,150,94,127,140,345,229,34,122,243,120,84,109,60,141,95,106,288,321,564,103,198,46,208,202,21,113,202,140,50,148,86,193,190,133,220,66,135
447,372,179,65,408,92,394,137,129,145,142,454,785,299,211,250,319,748,434,55,229,431,258,165,265,122,291,189,220,561,618,1162,233,389,85,451,397,68,212,409,296,98,339,148,380,389,288,427,151,288
514,489,228,80,551,114,556,158,186,200,454,296,1044,339,285,301,415,1052,567,53,312,551,306,206,390,135,362,267,286,763,836,1604,310,512,119,595,476,91,279,577,386,126,445,194,452,490,349,578,183,377
836,781,338,144,939,194,895,282,306,366,785,1044,765,617,480,487,673,1419,967,117,531,938,564,362,587,234,622,448,466,1137,1319,2426,457,844,193,1042,771,155,439,971,643,196,647,309,707,825,549,949,298,614
379,283,130,57,322,68,336,87,109,150,299,339,617,116,179,184,233,636,350,42,193,376,188,140,221,68,207,146,177,416,494,929,189,306,85,321,290,56,142,360,222,69,239,113,288,299,224,346,136,214
315,224,124,50,275,63,254,81,84,94,211,285,480,179,71,127,199,488,275,30,157,287,171,95,178,74,183,132,129,346,386,718,142,276,60,266,252,43,122,266,190,41,194,88,197,244,163,261,97,176
334,244,113,64,297,85,295,107,110,127,250,301,487,184,127,74,198,500,308,27,170,298,175,110,187,68,196,125,118,383,436,809,182,308,57,300,273,48,149,329,201,44,237,103,224,281,180,284,104,179
342,345,125,65,377,91,344,117,109,140,319,415,673,233,199,198,131,652,371,37,218,375,221,160,228,74,247,154,180,430,565,1006,229,331,77,353,325,60,168,382,231,71,273,146,312,335,240,399,132,243
806,709,349,147,925,184,891,295,316,345,748,1052,1419,636,488,500,652,793,962,144,517,957,566,365,596,233,628,435,489,1129,1333,2456,446,829,191,1023,816,153,460,979,665,183,674,319,741,802,559,929,313,615
469,472,211,83,529,120,535,165,163,229,434,567,967,350,275,308,371,962,248,54,293,465,329,215,345,136,357,227,258,663,779,1434,297,500,114,572,466,96,259,555,324,117,398,202,414,497,327,545,218,335
63,47,26,15,65,20,63,16,19,34,55,53,117,42,30,27,37,144,54,5,27,58,28,23,44,13,33,29,21,79,88,183,37,74,12,57,63,5,35,64,43,9,58,26,50,62,46,62,28,44
342,217,98,48,289,69,274,70,87,122,229,312,531,193,157,170,218,517,293,27,80,283,143,105,166,61,175,133,134,352,443,795,154,242,71,289,276,42,135,292,193,63,200,102,214,246,173,298,117,195
533,480,219,80,550,116,494,147,182,243,431,551,938,376,287,298,375,957,465,58,283,239,339,198,342,108,330,248,268,695,769,1396,295,479,116,549,450,80,265,525,353,121,416,242,426,479,364,549,197,317
374,249,106,39,349,66,295,120,98,120,258,306,564,188,171,175,221,566,329,28,143,339,86,107,177,67,197,130,153,391,454,798,156,311,75,313,301,53,168,329,226,48,224,89,244,302,181,321,119,187
235,180,73,25,214,39,177,65,57,84,165,206,362,140,95,110,160,365,215,23,105,198,107,33,130,47,138,91,100,249,297,524,96,174,47,209,168,40,120,203,137,42,151,63,146,181,133,201,72,141
388,270,132,53,323,79,318,97,99,109,265,390,587,221,178,187,228,596,345,44,166,342,177,130,103,83,212,155,182,420,512,938,186,299,74,340,292,45,176,372,245,50,288,111,250,335,187,369,137,223
149,106,48,18,140,32,97,41,39,60,122,135,234,68,74,68,74,233,136,13,61,108,67,47,83,20,76,58,66,153,179,323,53,126,24,114,118,23,60,130,74,24,108,44,85,117,73,140,47,95
372,289,123,48,337,78,335,109,93,141,291,362,622,207,183,196,247,628,357,33,175,330,197,138,212,76,118,173,180,409,489,947,180,330,76,336,299,59,177,380,216,65,274,141,265,323,200,393,144,237
284,173,85,50,237,66,212,60,77,95,189,267,448,146,132,125,154,435,227,29,133,248,130,91,155,58,173,57,114,296,357,686,135,216,52,234,217,38,117,252,170,51,187,78,196,230,146,266,90,140
315,201,96,42,252,48,246,76,78,106,220,286,466,177,129,118,180,489,258,21,134,268,153,100,182,66,180,114,58,311,366,688,156,233,57,272,247,38,112,266,173,54,181,108,226,228,140,263,100,171
597,534,260,97,636,135,594,196,211,288,561,763,1137,416,346,383,430,1129,663,79,352,695,391,249,420,153,409,296,311,397,1016,1712,337,570,157,659,586,108,292,683,444,132,476,269,509,578,400,677,233,454
746,719,300,123,807,176,712,257,263,321,618,836,1319,494,386,436,565,1333,779,88,443,769,454,297,512,179,489,357,366,1016,615,2112,408,705,176,844,693,128,416,846,503,157,629,306,631,708,476,791,268,521
1187,1227,507,212,1452,282,1354,434,483,564,1162,1604,2426,929,718,809,1006,2456,1434,183,795,1396,798,524,938,323,947,686,688,1712,2112,1883,757,1296,322,1529,1227,251,710,1501,931,304,1020,524,1099,1280,868,1428,455,929
256,253,107,36,294,55,254,92,99,103,233,310,457,189,142,182,229,446,297,37,154,295,156,96,186,53,180,135,156,337,408,757,74,268,56,288,242,43,147,293,211,61,196,98,213,242,168,317,93,182
440,429,183,64,489,113,437,149,160,198,389,512,844,306,276,308,331,829,500,74,242,479,311,174,299,126,330,216,233,570,705,1296,268,222,96,493,414,75,239,520,344,102,364,195,377,430,325,498,166,291
113,91,41,18,112,19,111,32,40,46,85,119,193,85,60,57,77,191,114,12,71,116,75,47,74,24,76,52,57,157,176,322,56,96,6,131,103,27,55,146,90,28,88,40,101,115,78,119,29,73
471,456,186,99,542,127,491,153,164,208,451,595,1042,321,266,300,353,1023,572,57,289,549,313,209,340,114,336,234,272,659,844,1529,288,493,131,271,485,101,237,629,334,106,410,182,431,472,337,561,223,345
504,425,222,66,510,104,430,122,157,202,397,476,771,290,252,273,325,816,466,63,276,450,301,168,292,118,299,217,247,586,693,1227,242,414,103,485,167,80,239,455,284,99,364,197,340,447,323,485,160,342
107,59,40,9,84,18,75,20,24,21,68,91,155,56,43,48,60,153,96,5,42,80,53,40,45,23,59,38,38,108,128,251,43,75,27,101,80,4,49,92,54,20,73,24,73,88,58,113,30,57
229,220,95,41,248,67,257,77,86,113,212,279,439,142,122,149,168,460,259,35,135,265,168,120,176,60,177,117,112,292,416,710,147,239,55,237,239,49,53,266,171,47,187,93,215,223,169,248,92,185
466,459,235,97,513,118,501,162,179,202,409,577,971,360,266,329,382,979,555,64,292,525,329,203,372,130,380,252,266,683,846,1501,293,520,146,629,455,92,266,275,336,121,426,187,433,483,339,549,192,358
307,284,142,54,290,75,304,117,114,140,296,386,643,222,190,201,231,665,324,43,193,353,226,137,245,74,216,170,173,444,503,931,211,344,90,334,284,54,171,336,99,75,251,137,289,325,214,338,133,237
110,89,37,20,111,22,95,31,20,50,98,126,196,69,41,44,71,183,117,9,63,121,48,42,50,24,65,51,54,132,157,304,61,102,28,106,99,20,47,121,75,8,71,37,73,94,64,110,39,73
355,306,154,55,395,99,398,115,129,148,339,445,647,239,194,237,273,674,398,58,200,416,224,151,288,108,274,187,181,476,629,1020,196,364,88,410,364,73,187,426,251,71,142,142,312,368,226,435,122,253
185,166,58,36,195,55,186,62,62,86,148,194,309,113,88,103,146,319,202,26,102,242,89,63,111,44,141,78,108,269,306,524,98,195,40,182,197,24,93,187,137,37,142,26,167,179,104,180,59,133
441,378,163,75,451,107,366,117,127,193,380,452,707,288,197,224,312,741,414,50,214,426,244,146,250,85,265,196,226,509,631,1099,213,377,101,431,340,73,215,433,289,73,312,167,159,352,255,473,153,296
439,400,221,84,435,89,416,135,157,190,389,490,825,299,244,281,335,802,497,62,246,479,302,181,335,117,323,230,228,578,708,1280,242,430,115,472,447,88,223,483,325,94,368,179,352,227,294,453,167,343
328,269,130,58,353,79,304,90,99,133,288,349,549,224,163,180,240,559,327,46,173,364,181,133,187,73,200,146,140,400,476,868,168,325,78,337,323,58,169,339,214,64,226,104,255,294,97,349,131,207
509,485,209,91,526,126,513,150,154,220,427,578,949,346,261,284,399,929,545,62,298,549,321,201,369,140,393,266,263,677,791,1428,317,498,119,561,485,113,248,549,338,110,435,180,473,453,349,252,186,365
185,182,76,26,184,38,173,58,61,66,151,183,298,136,97,104,132,313,218,28,117,197,119,72,137,47,144,90,100,233,268,455,93,166,29,223,160,30,92,192,133,39,122,59,153,167,131,186,26,115
411,320,128,53,333,65,355,105,118,135,288,377,614,214,176,179,243,615,335,44,195,317,187,141,223,95,237,140,171,454,521,929,182,291,73,345,342,57,185,358,237,73,253,133,296,343,207,365,115,121
