238,468,198,84,526,107,502,176,180,253,452,531,824,382,296,304,381,834,517,76,346,538,365,214,370,151,388,300,313,627,722,1174,248,504,104,487,524,86,247,466,306,113,387,183,448,445,325,536,160,394
468,194,172,78,466,99,425,133,144,168,375,495,805,278,205,236,332,800,430,57,235,483,256,195,279,103,283,196,212,589,668,1255,241,396,110,444,385,75,249,478,286,80,357,156,360,415,254,462,166,288
198,172,18,33,215,43,192,50,65,85,165,220,369,115,86,88,147,359,201,26,110,218,109,75,128,50,133,87,101,240,258,584,104,198,38,223,157,29,103,217,142,39,154,80,145,182,117,214,74,131
84,78,33,6,72,13,70,36,24,38,84,98,141,52,54,57,59,139,78,15,48,93,59,29,66,32,68,55,47,85,128,227,42,87,17,87,70,20,35,89,50,20,68,27,64,83,65,85,32,49
526,466,215,72,261,104,486,151,177,199,417,547,955,297,258,263,411,914,511,73,266,536,293,218,372,136,364,242,269,642,787,1441,293,477,131,557,474,82,261,553,330,115,425,187,438,438,331,503,185,366
107,99,43,13,104,8,100,45,42,47,104,141,201,81,53,73,84,193,114,19,74,118,75,36,76,47,95,75,58,148,171,271,55,118,30,136,96,27,63,118,66,30,73,42,78,120,82,119,34,65
502,425,192,70,486,100,210,165,156,198,429,532,873,310,242,268,353,829,482,75,267,507,301,199,292,122,343,239,223,613,779,1325,255,490,109,561,448,73,243,540,332,106,321,179,344,458,296,475,162,328
176,133,50,36,151,45,165,24,62,63,134,170,281,109,96,95,117,277,178,24,112,173,90,70,110,32,94,75,88,172,218,385,83,162,27,163,153,26,77,161,105,42,105,55,110,151,90,166,60,110
180,144,65,24,177,42,156,62,34,56,130,192,278,124,91,95,135,265,177,22,97,167,101,65,108,37,108,68,69,202,255,471,88,156,30,170,148,22,76,163,110,34,137,52,127,135,95,181,64,96
253,168,85,38,199,47,198,63,56,40,162,221,372,140,134,138,148,364,229,32,117,212,137,77,137,59,150,106,108,247,294,518,108,198,54,246,198,39,109,219,131,47,154,76,174,172,124,207,87,147
452,375,165,84,417,104,429,134,130,162,164,459,742,283,229,262,327,755,431,60,228,448,276,183,288,112,323,196,264,518,655,1134,250,407,109,466,422,65,207,450,265,92,333,168,372,397,267,426,172,311
531,495,220,98,547,141,532,170,192,221,459,342,1077,371,300,305,385,1013,543,68,298,577,312,217,350,127,359,248,286,730,934,1598,303,508,113,602,541,99,274,632,390,111,396,221,437,546,350,578,224,404
824,805,369,141,955,201,873,281,278,372,742,1077,836,609,447,540,649,1435,907,120,507,911,544,404,599,228,582,434,429,1171,1361,2462,486,820,207,941,877,146,468,949,602,178,685,338,713,859,580,906,345,640
382,278,115,52,297,81,310,109,124,140,283,371,609,111,149,177,240,571,298,59,160,329,186,126,217,77,200,143,170,391,475,881,183,339,77,356,313,52,168,363,210,59,270,118,254,306,208,331,115,227
296,205,86,54,258,53,242,96,91,134,229,300,447,149,80,145,188,464,261,39,143,255,161,90,144,67,164,141,144,338,368,701,119,264,65,245,235,50,139,287,176,51,208,80,194,240,161,282,109,173
304,236,88,57,263,73,268,95,95,138,262,305,540,177,145,81,193,517,290,38,147,290,172,111,173,65,187,147,144,370,400,781,140,293,62,276,269,50,146,300,191,50,216,92,219,230,172,281,119,186
381,332,147,59,411,84,353,117,135,148,327,385,649,240,188,193,140,668,391,46,226,402,219,153,255,103,273,175,167,452,551,1059,176,380,86,402,365,57,174,406,260,79,270,149,285,332,236,399,123,257
834,800,359,139,914,193,829,277,265,364,755,1013,1435,571,464,517,668,765,916,113,490,904,523,373,555,238,580,427,442,1145,1297,2445,505,813,205,957,843,145,475,994,666,187,723,346,703,842,553,899,321,582
517,430,201,78,511,114,482,178,177,229,431,543,907,298,261,290,391,916,260,64,296,484,305,208,360,121,346,242,272,613,729,1415,277,480,119,521,487,79,256,566,356,116,418,197,424,469,336,558,193,387
76,57,26,15,73,19,75,24,22,32,60,68,120,59,39,38,46,113,64,5,40,65,30,30,41,13,35,32,24,68,93,168,39,55,12,65,66,15,33,78,43,15,53,28,46,56,37,62,22,46
346,235,110,48,266,74,267,112,97,117,228,298,507,160,143,147,226,490,296,40,68,276,150,104,162,70,195,106,126,332,395,789,149,283,49,286,254,42,160,302,182,61,212,107,188,259,175,293,91,207
538,483,218,93,536,118,507,173,167,212,448,577,911,329,255,290,402,904,484,65,276,272,310,224,347,125,367,262,269,619,740,1413,274,479,116,551,524,91,254,557,354,105,427,185,415,436,326,545,168,364
365,256,109,59,293,75,301,90,101,137,276,312,544,186,161,172,219,523,305,30,150,310,72,114,187,85,219,145,156,340,410,852,139,309,77,288,298,53,146,345,204,66,221,97,225,275,204,310,114,208
214,195,75,29,218,36,199,70,65,77,183,217,404,126,90,111,153,373,208,30,104,224,114,36,143,58,170,89,84,269,299,614,110,191,53,231,178,36,92,206,116,47,151,77,155,190,134,203,79,142
370,279,128,66,372,76,292,110,108,137,288,350,599,217,144,173,255,555,360,41,162,347,187,143,118,88,215,182,175,422,498,922,161,320,69,324,324,60,177,371,231,66,271,121,229,334,206,359,107,222
151,103,50,32,136,47,122,32,37,59,112,127,228,77,67,65,103,238,121,13,70,125,85,58,88,11,67,35,75,164,199,365,78,105,27,109,140,16,73,154,89,20,91,57,114,129,92,143,58,83
388,283,133,68,364,95,343,94,108,150,323,359,582,200,164,187,273,580,346,35,195,367,219,170,215,67,98,140,158,387,496,998,180,298,70,330,342,57,174,377,226,69,248,117,289,313,216,359,132,255
300,196,87,55,242,75,239,75,68,106,196,248,434,143,141,147,175,427,242,32,106,262,145,89,182,35,140,64,107,311,404,678,136,211,48,222,240,28,106,255,174,56,190,97,202,199,162,282,97,164
313,212,101,47,269,58,223,88,69,108,264,286,429,170,144,144,167,442,272,24,126,269,156,84,175,75,158,107,56,298,375,677,147,253,60,239,233,33,133,279,162,47,190,90,188,238,164,265,109,168
627,589,240,85,642,148,613,172,202,247,518,730,1171,391,338,370,452,1145,613,68,332,619,340,269,422,164,387,311,298,402,935,1763,360,583,131,650,597,119,339,710,434,128,514,235,532,566,409,640,230,423
722,668,258,128,787,171,779,218,255,294,655,934,1361,475,368,400,551,1297,729,93,395,740,410,299,498,199,496,404,375,935,558,2086,385,702,163,799,759,131,348,799,521,144,581,293,588,712,477,803,264,498
1174,1255,584,227,1441,271,1325,385,471,518,1134,1598,2462,881,701,781,1059,2445,1415,168,789,1413,852,614,922,365,998,678,677,1763,2086,1961,721,1314,335,1572,1283,250,716,1517,986,295,1073,494,1102,1319,900,1427,511,925
248,241,104,42,293,55,255,83,88,108,250,303,486,183,119,140,176,505,277,39,149,274,139,110,161,78,180,136,147,360,385,721,52,248,73,307,246,44,164,296,192,51,208,88,199,283,167,268,96,176
504,396,198,87,477,118,490,162,156,198,407,508,820,339,264,293,380,813,480,55,283,479,309,191,320,105,298,211,253,583,702,1314,248,212,106,516,459,88,260,507,286,96,346,199,366,432,294,498,182,307
104,110,38,17,131,30,109,27,30,54,109,113,207,77,65,62,86,205,119,12,49,116,77,53,69,27,70,48,60,131,163,335,73,106,17,110,118,23,63,129,68,22,98,46,94,117,83,118,35,84
487,444,223,87,557,136,561,163,170,246,466,602,941,356,245,276,402,957,521,65,286,551,288,231,324,109,330,222,239,650,799,1572,307,516,110,267,492,73,283,559,338,107,395,207,430,516,340,594,177,349
524,385,157,70,474,96,448,153,148,198,422,541,877,313,235,269,365,843,487,66,254,524,298,178,324,140,342,240,233,597,759,1283,246,459,118,492,224,78,227,495,285,99,330,172,373,440,301,505,168,359
86,75,29,20,82,27,73,26,22,39,65,99,146,52,50,50,57,145,79,15,42,91,53,36,60,16,57,28,33,119,131,250,44,88,23,73,78,6,36,84,51,15,59,37,77,81,45,79,31,44
247,249,103,35,261,63,243,77,76,109,207,274,468,168,139,146,174,475,256,33,160,254,146,92,177,73,174,106,133,339,348,716,164,260,63,283,227,36,64,271,190,61,181,94,201,247,158,270,93,154
466,478,217,89,553,118,540,161,163,219,450,632,949,363,287,300,406,994,566,78,302,557,345,206,371,154,377,255,279,710,799,1517,296,507,129,559,495,84,271,315,373,103,396,195,438,463,345,572,199,386
306,286,142,50,330,66,332,105,110,131,265,390,602,210,176,191,260,666,356,43,182,354,204,116,231,89,226,174,162,434,521,986,192,286,68,338,285,51,190,373,108,72,259,125,288,322,221,377,143,249
113,80,39,20,115,30,106,42,34,47,92,111,178,59,51,50,79,187,116,15,61,105,66,47,66,20,69,56,47,128,144,295,51,96,22,107,99,15,61,103,72,11,68,35,87,99,72,107,40,68
387,357,154,68,425,73,321,105,137,154,333,396,685,270,208,216,270,723,418,53,212,427,221,151,271,91,248,190,190,514,581,1073,208,346,98,395,330,59,181,396,259,68,120,154,313,336,243,395,139,281
183,156,80,27,187,42,179,55,52,76,168,221,338,118,80,92,149,346,197,28,107,185,97,77,121,57,117,97,90,235,293,494,88,199,46,207,172,37,94,195,125,35,154,24,138,160,116,203,67,129
448,360,145,64,438,78,344,110,127,174,372,437,713,254,194,219,285,703,424,46,188,415,225,155,229,114,289,202,188,532,588,1102,199,366,94,430,373,77,201,438,288,87,313,138,142,366,240,420,141,254
445,415,182,83,438,120,458,151,135,172,397,546,859,306,240,230,332,842,469,56,259,436,275,190,334,129,313,199,238,566,712,1319,283,432,117,516,440,81,247,463,322,99,336,160,366,220,277,483,187,331
325,254,117,65,331,82,296,90,95,124,267,350,580,208,161,172,236,553,336,37,175,326,204,134,206,92,216,162,164,409,477,900,167,294,83,340,301,45,158,345,221,72,243,116,240,277,92,342,130,209
536,462,214,85,503,119,475,166,181,207,426,578,906,331,282,281,399,899,558,62,293,545,310,203,359,143,359,282,265,640,803,1427,268,498,118,594,505,79,270,572,377,107,395,203,420,483,342,271,187,362
160,166,74,32,185,34,162,60,64,87,172,224,345,115,109,119,123,321,193,22,91,168,114,79,107,58,132,97,109,230,264,511,96,182,35,177,168,31,93,199,143,40,139,67,141,187,130,187,32,144
394,288,131,49,366,65,328,110,96,147,311,404,640,227,173,186,257,582,387,46,207,364,208,142,222,83,255,164,168,423,498,925,176,307,84,349,359,44,154,386,249,68,281,129,254,331,209,362,144,118
