264,475,220,98,468,98,491,187,168,248,458,527,813,371,282,328,361,812,506,72,335,498,344,226,365,158,399,261,318,582,712,1159,232,481,103,514,479,78,271,485,301,122,372,178,413,418,303,483,162,389
475,195,174,79,453,104,419,118,152,176,395,502,792,293,259,230,313,782,449,50,219,436,250,171,274,108,276,189,229,515,682,1273,235,438,118,475,384,61,217,499,274,86,318,192,330,395,260,458,176,329
220,174,37,35,198,53,197,53,66,74,172,235,364,141,103,101,124,369,207,26,86,195,116,78,133,59,129,100,92,271,291,597,114,202,47,203,187,30,98,241,130,23,156,91,170,177,131,207,58,138
98,79,35,3,79,13,91,28,32,35,60,95,173,68,51,50,66,161,90,9,54,102,56,39,61,18,50,41,47,100,119,220,44,84,23,94,87,24,37,75,56,14,66,48,86,85,66,89,33,59
468,453,198,79,301,101,485,170,181,196,400,609,941,298,289,333,380,902,520,59,280,520,297,184,306,135,357,239,227,656,821,1402,250,499,117,567,473,93,265,554,370,118,379,196,396,470,317,534,199,347
98,104,53,13,101,9,110,42,33,54,85,136,193,72,64,66,87,200,104,16,72,114,83,46,88,27,67,58,78,136,169,276,61,112,38,102,101,25,58,116,75,18,73,46,90,115,85,111,47,84
491,419,197,91,485,110,252,160,172,221,398,529,901,351,259,282,374,895,485,66,290,528,281,207,323,119,319,218,272,592,741,1276,259,486,118,525,463,93,266,512,286,97,355,171,390,464,318,503,191,367
187,118,53,28,170,42,160,23,50,68,141,148,275,110,78,88,111,249,140,18,75,161,84,67,118,37,100,72,90,186,246,404,84,141,43,157,176,24,76,165,89,34,114,60,137,149,104,164,53,102
168,152,66,32,181,33,172,50,25,83,142,158,320,118,88,95,123,299,163,24,86,177,108,64,110,45,119,59,88,236,238,489,98,153,28,179,156,22,75,178,100,36,135,57,138,161,102,153,57,111
248,176,74,35,196,54,221,68,83,38,157,237,358,134,113,131,157,344,203,18,111,210,114,86,153,59,144,114,110,255,310,556,108,193,39,230,221,38,114,213,134,42,151,79,182,184,130,237,71,139
458,395,172,60,400,85,398,141,142,157,164,479,749,266,239,257,313,788,433,52,248,418,276,153,279,111,278,202,225,560,633,1137,231,386,99,437,402,77,212,425,294,86,310,179,344,372,266,451,145,300
527,502,235,95,609,136,529,148,158,237,479,303,946,353,290,336,413,1007,577,74,286,620,295,215,351,134,369,254,288,709,882,1583,313,556,138,566,566,92,266,653,382,104,398,197,425,540,357,576,200,397
813,792,364,173,941,193,901,275,320,358,749,946,789,617,491,511,632,1492,915,117,513,928,567,363,591,224,583,389,464,1143,1408,2485,476,883,213,990,865,174,471,1011,645,199,638,357,697,817,576,997,356,629
371,293,141,68,298,72,351,110,118,134,266,353,617,112,193,208,227,620,324,44,171,340,203,127,204,85,217,166,168,395,524,928,178,325,68,337,346,53,172,383,204,58,258,121,307,308,212,375,109,241
282,259,103,51,289,64,259,78,88,113,239,290,491,193,74,140,193,445,267,32,151,293,160,113,197,69,211,128,136,287,413,780,128,262,63,266,284,44,146,296,203,64,228,91,200,230,164,292,94,193
328,230,101,50,333,66,282,88,95,131,257,336,511,208,140,78,205,504,292,28,165,332,139,107,192,74,222,116,134,362,428,797,125,278,59,265,291,43,156,349,197,75,228,112,235,248,184,311,104,178
361,313,124,66,380,87,374,111,123,157,313,413,632,227,193,205,118,650,361,38,192,359,216,159,249,81,243,161,163,478,539,985,190,342,76,357,351,67,174,403,226,71,295,151,289,357,210,409,132,239
812,782,369,161,902,200,895,249,299,344,788,1007,1492,620,445,504,650,827,939,120,453,953,563,394,616,238,635,417,470,1115,1400,2514,492,882,202,1016,843,158,447,988,613,191,646,338,730,826,580,959,348,598
506,449,207,90,520,104,485,140,163,203,433,577,915,324,267,292,361,939,241,62,276,454,298,227,325,151,356,224,252,615,764,1426,273,469,119,535,457,82,248,552,305,94,426,190,403,458,311,519,196,362
72,50,26,9,59,16,66,18,24,18,52,74,117,44,32,28,38,120,62,5,51,71,36,33,43,18,48,28,34,75,92,187,34,60,13,57,61,10,35,80,38,11,47,22,46,64,37,67,23,40
335,219,86,54,280,72,290,75,86,111,248,286,513,171,151,165,192,453,276,51,73,291,162,122,167,68,171,118,139,359,436,785,162,271,66,262,277,45,121,284,181,55,194,110,236,262,195,281,112,163
498,436,195,102,520,114,528,161,177,210,418,620,928,340,293,332,359,953,454,71,291,269,313,207,363,135,348,251,258,618,789,1435,307,481,109,551,494,93,259,561,330,87,391,195,413,447,347,570,198,334
344,250,116,56,297,83,281,84,108,114,276,295,567,203,160,139,216,563,298,36,162,313,92,108,215,76,189,140,169,356,463,883,174,283,64,317,275,52,150,317,188,53,237,125,248,273,189,353,99,224
226,171,78,39,184,46,207,67,64,86,153,215,363,127,113,107,159,394,227,33,122,207,108,34,132,56,135,92,115,237,325,562,118,200,50,207,201,31,111,199,123,47,143,91,152,178,133,207,75,162
365,274,133,61,306,88,323,118,110,153,279,351,591,204,197,192,249,616,325,43,167,363,215,132,93,84,209,165,169,384,517,900,179,347,89,317,319,51,162,329,205,65,242,154,251,279,203,341,120,249
158,108,59,18,135,27,119,37,45,59,111,134,224,85,69,74,81,238,151,18,68,135,76,56,84,21,78,48,76,147,219,332,67,113,23,142,115,21,62,147,84,23,115,41,116,102,80,122,45,79
399,276,129,50,357,67,319,100,119,144,278,369,583,217,211,222,243,635,356,48,171,348,189,135,209,78,104,142,170,389,526,972,197,297,73,363,314,46,166,381,214,67,257,120,271,291,212,340,133,235
261,189,100,41,239,58,218,72,59,114,202,254,389,166,128,116,161,417,224,28,118,251,140,92,165,48,142,51,108,287,354,647,132,230,55,243,221,45,102,244,156,39,213,83,212,214,141,251,75,169
318,229,92,47,227,78,272,90,88,110,225,288,464,168,136,134,163,470,252,34,139,258,169,115,169,76,170,108,65,294,389,706,140,217,50,250,243,47,130,282,160,59,189,102,237,217,164,268,101,138
582,515,271,100,656,136,592,186,236,255,560,709,1143,395,287,362,478,1115,615,75,359,618,356,237,384,147,389,287,294,409,950,1860,328,618,146,699,583,112,327,620,414,126,465,225,470,548,350,658,241,404
712,682,291,119,821,169,741,246,238,310,633,882,1408,524,413,428,539,1400,764,92,436,789,463,325,517,219,526,354,389,950,580,2118,433,729,171,829,708,119,353,810,548,142,575,273,567,650,487,770,274,495
1159,1273,597,220,1402,276,1276,404,489,556,1137,1583,2485,928,780,797,985,2514,1426,187,785,1435,883,562,900,332,972,647,706,1860,2118,1922,793,1362,310,1534,1317,251,691,1506,964,300,1018,548,1047,1264,929,1393,529,941
232,235,114,44,250,61,259,84,98,108,231,313,476,178,128,125,190,492,273,34,162,307,174,118,179,67,197,132,140,328,433,793,72,262,67,312,245,54,134,274,182,63,202,98,204,239,179,276,94,189
481,438,202,84,499,112,486,141,153,193,386,556,883,325,262,278,342,882,469,60,271,481,283,200,347,113,297,230,217,618,729,1362,262,215,110,470,432,95,218,480,300,92,381,176,412,450,324,493,165,314
103,118,47,23,117,38,118,43,28,39,99,138,213,68,63,59,76,202,119,13,66,109,64,50,89,23,73,55,50,146,171,310,67,110,14,125,101,18,66,106,75,26,85,35,98,118,89,125,35,64
514,475,203,94,567,102,525,157,179,230,437,566,990,337,266,265,357,1016,535,57,262,551,317,207,317,142,363,243,250,699,829,1534,312,470,125,266,476,87,268,585,316,90,414,193,414,511,310,572,205,368
479,384,187,87,473,101,463,176,156,221,402,566,865,346,284,291,351,843,457,61,277,494,275,201,319,115,314,221,243,583,708,1317,245,432,101,476,220,81,232,496,279,96,359,177,393,456,333,453,180,338
78,61,30,24,93,25,93,24,22,38,77,92,174,53,44,43,67,158,82,10,45,93,52,31,51,21,46,45,47,112,119,251,54,95,18,87,81,7,40,92,51,14,67,28,69,86,61,93,32,56
271,217,98,37,265,58,266,76,75,114,212,266,471,172,146,156,174,447,248,35,121,259,150,111,162,62,166,102,130,327,353,691,134,218,66,268,232,40,59,283,163,52,180,101,212,261,159,263,82,161
485,499,241,75,554,116,512,165,178,213,425,653,1011,383,296,349,403,988,552,80,284,561,317,199,329,147,381,244,282,620,810,1506,274,480,106,585,496,92,283,275,342,111,389,223,429,502,336,537,206,358
301,274,130,56,370,75,286,89,100,134,294,382,645,204,203,197,226,613,305,38,181,330,188,123,205,84,214,156,160,414,548,964,182,300,75,316,279,51,163,342,96,72,247,135,264,333,211,366,144,226
122,86,23,14,118,18,97,34,36,42,86,104,199,58,64,75,71,191,94,11,55,87,53,47,65,23,67,39,59,126,142,300,63,92,26,90,96,14,52,111,72,10,79,38,84,102,58,117,40,73
372,318,156,66,379,73,355,114,135,151,310,398,638,258,228,228,295,646,426,47,194,391,237,143,242,115,257,213,189,465,575,1018,202,381,85,414,359,67,180,389,247,79,132,140,326,339,235,386,137,281
178,192,91,48,196,46,171,60,57,79,179,197,357,121,91,112,151,338,190,22,110,195,125,91,154,41,120,83,102,225,273,548,98,176,35,193,177,28,101,223,135,38,140,36,165,171,100,196,83,130
413,330,170,86,396,90,390,137,138,182,344,425,697,307,200,235,289,730,403,46,236,413,248,152,251,116,271,212,237,470,567,1047,204,412,98,414,393,69,212,429,264,84,326,165,178,325,244,392,143,311
418,395,177,85,470,115,464,149,161,184,372,540,817,308,230,248,357,826,458,64,262,447,273,178,279,102,291,214,217,548,650,1264,239,450,118,511,456,86,261,502,333,102,339,171,325,210,305,471,170,340
303,260,131,66,317,85,318,104,102,130,266,357,576,212,164,184,210,580,311,37,195,347,189,133,203,80,212,141,164,350,487,929,179,324,89,310,333,61,159,336,211,58,235,100,244,305,89,350,119,222
483,458,207,89,534,111,503,164,153,237,451,576,997,375,292,311,409,959,519,67,281,570,353,207,341,122,340,251,268,658,770,1393,276,493,125,572,453,93,263,537,366,117,386,196,392,471,350,248,185,355
162,176,58,33,199,47,191,53,57,71,145,200,356,109,94,104,132,348,196,23,112,198,99,75,120,45,133,75,101,241,274,529,94,165,35,205,180,32,82,206,144,40,137,83,143,170,119,185,32,129
389,329,138,59,347,84,367,102,111,139,300,397,629,241,193,178,239,598,362,40,163,334,224,162,249,79,235,169,138,404,495,941,189,314,64,368,338,56,161,358,226,73,281,130,311,340,222,355,129,126
