283,444,204,97,477,112,477,186,167,262,443,510,805,401,309,335,353,771,502,75,310,532,343,210,370,148,360,294,298,598,708,1081,237,513,106,540,488,85,236,486,319,112,370,187,433,403,333,458,158,391
444,182,162,89,464,110,417,129,142,170,331,475,710,253,212,218,299,732,422,62,217,436,246,172,283,134,309,191,199,500,655,1178,215,431,92,451,415,79,199,496,319,91,314,149,334,397,268,430,178,295
204,162,49,36,211,51,195,56,58,64,173,232,358,132,106,114,157,360,197,28,95,193,101,66,119,47,140,98,88,225,289,530,104,185,56,199,183,31,95,197,122,41,161,58,153,188,111,213,82,119
97,89,36,4,83,19,71,33,24,33,68,87,141,39,59,64,74,144,76,11,47,88,52,43,57,27,61,52,54,96,99,204,48,72,18,94,80,19,57,85,56,24,50,37,85,70,44,96,28,64
477,464,211,83,260,105,450,145,151,210,407,580,908,336,270,299,321,906,493,79,263,501,293,196,320,127,328,263,241,675,767,1394,293,474,126,526,492,93,256,553,331,87,404,200,402,497,327,528,181,353
112,110,51,19,105,14,107,39,38,39,84,123,195,72,65,70,89,193,112,14,64,97,77,51,82,34,85,46,69,131,146,270,66,109,22,127,100,17,62,106,65,26,84,42,106,94,65,109,40,80
477,417,195,71,450,107,218,148,151,208,402,520,844,306,257,301,381,845,488,59,289,500,300,184,294,126,321,219,221,593,708,1297,252,461,104,501,471,88,262,505,307,101,367,196,392,442,288,489,177,338
186,129,56,33,145,39,148,29,60,64,130,176,281,97,77,79,125,247,165,20,70,163,90,51,116,28,82,57,62,165,229,429,70,159,39,170,145,17,83,153,105,32,121,45,106,121,93,162,61,100
167,142,58,24,151,38,151,60,26,62,151,186,270,92,83,88,142,268,163,19,86,155,107,54,91,36,96,76,76,192,256,408,83,159,47,168,130,27,96,175,131,26,124,84,124,154,102,179,72,126
262,170,64,33,210,39,208,64,62,48,191,213,373,137,109,123,154,366,222,11,112,200,119,78,154,62,157,99,94,238,305,562,112,177,43,216,172,39,96,222,135,45,150,82,178,191,147,207,77,140
443,331,173,68,407,84,402,130,151,191,192,463,764,294,220,237,304,760,410,50,263,406,265,159,287,120,307,202,203,521,633,1142,244,412,87,453,358,83,212,425,277,96,308,154,345,376,265,448,154,300
510,475,232,87,580,123,520,176,186,213,463,308,973,315,294,315,416,984,551,54,312,568,321,231,375,124,329,272,277,670,832,1582,303,487,139,608,483,110,298,613,349,125,403,210,450,509,355,604,216,369
805,710,358,141,908,195,844,281,270,373,764,973,777,577,507,561,665,1407,885,116,519,901,535,382,573,219,591,436,463,1122,1350,2405,465,759,216,994,879,158,464,900,578,197,678,318,732,772,552,881,333,581
401,253,132,39,336,72,306,97,92,137,294,315,577,94,162,199,206,560,276,48,169,317,171,124,208,78,213,145,156,386,500,920,166,315,67,338,324,65,165,365,249,57,231,140,266,291,196,351,122,245
309,212,106,59,270,65,257,77,83,109,220,294,507,162,73,140,194,473,286,35,149,282,148,97,165,57,172,131,114,332,412,716,136,264,50,261,260,45,123,298,176,50,227,90,197,222,183,272,83,163
335,218,114,64,299,70,301,79,88,123,237,315,561,199,140,79,190,525,289,30,171,299,150,107,168,64,190,139,118,383,423,797,157,285,61,293,280,58,144,291,197,55,250,114,224,253,175,315,95,171
353,299,157,74,321,89,381,125,142,154,304,416,665,206,194,190,148,616,361,49,199,373,212,147,257,101,223,169,169,446,561,1032,204,344,75,377,347,54,191,397,230,68,275,140,326,327,224,364,146,266
771,732,360,144,906,193,845,247,268,366,760,984,1407,560,473,525,616,748,880,119,518,912,528,361,590,246,602,414,427,1124,1360,2297,489,809,212,933,903,169,440,927,527,189,635,348,739,732,594,893,319,604
502,422,197,76,493,112,488,165,163,222,410,551,885,276,286,289,361,880,260,49,290,464,283,189,339,140,327,222,223,627,759,1391,257,444,101,521,444,84,236,528,323,101,401,189,438,470,332,550,163,347
75,62,28,11,79,14,59,20,19,11,50,54,116,48,35,30,49,119,49,5,35,80,48,33,45,12,51,30,31,73,91,176,32,57,24,58,54,9,23,62,50,13,50,19,65,61,46,59,26,37
310,217,95,47,263,64,289,70,86,112,263,312,519,169,149,171,199,518,290,35,59,306,166,110,192,78,202,123,147,349,445,804,147,283,64,264,265,53,132,292,175,55,231,118,224,271,169,321,99,180
532,436,193,88,501,97,500,163,155,200,406,568,901,317,282,299,373,912,464,80,306,248,283,189,317,125,333,250,237,667,725,1386,274,446,101,529,464,92,258,513,308,90,422,204,400,456,327,550,168,323
343,246,101,52,293,77,300,90,107,119,265,321,535,171,148,150,212,528,283,48,166,283,92,114,194,63,206,141,129,336,450,813,170,285,62,319,283,54,164,323,217,53,219,103,249,290,191,312,115,188
210,172,66,43,196,51,184,51,54,78,159,231,382,124,97,107,147,361,189,33,110,189,114,40,138,54,140,83,88,241,286,558,110,196,29,202,177,41,107,225,160,46,164,63,159,189,122,207,72,140
370,283,119,57,320,82,294,116,91,154,287,375,573,208,165,168,257,590,339,45,192,317,194,138,101,81,218,151,156,399,484,918,174,307,75,346,328,52,174,339,242,58,236,122,246,308,186,347,131,242
148,134,47,27,127,34,126,28,36,62,120,124,219,78,57,64,101,246,140,12,78,125,63,54,81,9,66,60,63,166,182,373,73,104,19,152,116,21,62,154,90,20,82,47,96,109,74,134,42,84
360,309,140,61,328,85,321,82,96,157,307,329,591,213,172,190,223,602,327,51,202,333,206,140,218,66,106,151,170,404,515,931,197,305,64,375,315,47,156,365,245,66,230,108,257,297,192,360,128,233
294,191,98,52,263,46,219,57,76,99,202,272,436,145,131,139,169,414,222,30,123,250,141,83,151,60,151,65,122,323,362,703,142,237,47,237,227,37,111,263,159,46,202,88,191,198,151,227,89,145
298,199,88,54,241,69,221,62,76,94,203,277,463,156,114,118,169,427,223,31,147,237,129,88,156,63,170,122,54,292,374,756,153,204,49,257,236,42,127,258,169,50,195,89,184,226,142,261,100,170
598,500,225,96,675,131,593,165,192,238,521,670,1122,386,332,383,446,1124,627,73,349,667,336,241,399,166,404,323,292,405,963,1747,344,578,149,669,606,113,315,653,392,121,490,252,526,604,422,618,230,416
708,655,289,99,767,146,708,229,256,305,633,832,1350,500,412,423,561,1360,759,91,445,725,450,286,484,182,515,362,374,963,566,2042,419,666,170,784,675,125,363,764,487,149,546,309,630,705,496,789,272,502
1081,1178,530,204,1394,270,1297,429,408,562,1142,1582,2405,920,716,797,1032,2297,1391,176,804,1386,813,558,918,373,931,703,756,1747,2042,1929,728,1291,292,1494,1248,223,673,1430,897,294,994,532,1124,1208,850,1370,524,942
237,215,104,48,293,66,252,70,83,112,244,303,465,166,136,157,204,489,257,32,147,274,170,110,174,73,197,142,153,344,419,728,78,254,63,275,261,40,123,273,175,57,202,96,203,248,170,240,92,189
513,431,185,72,474,109,461,159,159,177,412,487,759,315,264,285,344,809,444,57,283,446,285,196,307,104,305,237,204,578,666,1291,254,224,95,482,442,93,261,503,293,100,349,190,366,428,304,525,178,345
106,92,56,18,126,22,104,39,47,43,87,139,216,67,50,61,75,212,101,24,64,101,62,29,75,19,64,47,49,149,170,292,63,95,10,102,106,21,72,129,71,28,98,50,93,99,76,91,40,77
540,451,199,94,526,127,501,170,168,216,453,608,994,338,261,293,377,933,521,58,264,529,319,202,346,152,375,237,257,669,784,1494,275,482,102,261,503,85,272,562,387,117,409,188,435,463,320,528,192,352
488,415,183,80,492,100,471,145,130,172,358,483,879,324,260,280,347,903,444,54,265,464,283,177,328,116,315,227,236,606,675,1248,261,442,106,503,249,103,237,504,313,93,352,179,389,419,287,503,172,313
85,79,31,19,93,17,88,17,27,39,83,110,158,65,45,58,54,169,84,9,53,92,54,41,52,21,47,37,42,113,125,223,40,93,21,85,103,5,33,94,60,15,64,35,67,87,54,87,29,51
236,199,95,57,256,62,262,83,96,96,212,298,464,165,123,144,191,440,236,23,132,258,164,107,174,62,156,111,127,315,363,673,123,261,72,272,237,33,65,252,173,57,187,112,217,228,160,260,99,182
486,496,197,85,553,106,505,153,175,222,425,613,900,365,298,291,397,927,528,62,292,513,323,225,339,154,365,263,258,653,764,1430,273,503,129,562,504,94,252,272,310,110,420,205,450,489,340,538,202,372
319,319,122,56,331,65,307,105,131,135,277,349,578,249,176,197,230,527,323,50,175,308,217,160,242,90,245,159,169,392,487,897,175,293,71,387,313,60,173,310,97,56,270,102,281,314,198,337,132,247
112,91,41,24,87,26,101,32,26,45,96,125,197,57,50,55,68,189,101,13,55,90,53,46,58,20,66,46,50,121,149,294,57,100,28,117,93,15,57,110,56,7,79,31,68,106,68,99,34,60
370,314,161,50,404,84,367,121,124,150,308,403,678,231,227,250,275,635,401,50,231,422,219,164,236,82,230,202,195,490,546,994,202,349,98,409,352,64,187,420,270,79,134,143,280,328,233,363,156,239
187,149,58,37,200,42,196,45,84,82,154,210,318,140,90,114,140,348,189,19,118,204,103,63,122,47,108,88,89,252,309,532,96,190,50,188,179,35,112,205,102,31,143,36,155,180,129,217,84,127
433,334,153,85,402,106,392,106,124,178,345,450,732,266,197,224,326,739,438,65,224,400,249,159,246,96,257,191,184,526,630,1124,203,366,93,435,389,67,217,450,281,68,280,155,144,351,238,403,148,281
403,397,188,70,497,94,442,121,154,191,376,509,772,291,222,253,327,732,470,61,271,456,290,189,308,109,297,198,226,604,705,1208,248,428,99,463,419,87,228,489,314,106,328,180,351,214,279,450,159,306
333,268,111,44,327,65,288,93,102,147,265,355,552,196,183,175,224,594,332,46,169,327,191,122,186,74,192,151,142,422,496,850,170,304,76,320,287,54,160,340,198,68,233,129,238,279,108,339,112,228
458,430,213,96,528,109,489,162,179,207,448,604,881,351,272,315,364,893,550,59,321,550,312,207,347,134,360,227,261,618,789,1370,240,525,91,528,503,87,260,538,337,99,363,217,403,450,339,241,167,352
158,178,82,28,181,40,177,61,72,77,154,216,333,122,83,95,146,319,163,26,99,168,115,72,131,42,128,89,100,230,272,524,92,178,40,192,172,29,99,202,132,34,156,84,148,159,112,167,39,130
391,295,119,64,353,80,338,100,126,140,300,369,581,245,163,171,266,604,347,37,180,323,188,140,242,84,233,145,170,416,502,942,189,345,77,352,313,51,182,372,247,60,239,127,281,306,228,352,130,121
