256,447,217,92,522,114,483,179,172,258,438,513,760,362,304,316,351,818,487,86,348,525,342,213,355,165,366,281,297,648,676,1155,237,474,124,501,502,100,247,452,301,99,366,192,459,464,316,481,189,393
447,196,188,72,397,115,427,134,125,182,392,512,740,270,214,230,323,792,457,61,224,461,279,184,306,110,285,198,203,521,632,1191,261,422,104,476,425,73,208,451,275,94,345,149,351,395,244,473,181,274
217,188,42,40,206,51,182,56,73,93,205,219,369,128,114,110,145,364,197,21,121,193,124,80,133,63,134,85,109,204,323,552,120,198,47,195,198,28,107,218,145,37,169,55,169,193,111,216,93,137
92,72,40,4,83,22,75,24,31,38,73,100,151,62,45,38,62,144,75,15,63,77,48,42,70,25,50,44,59,108,131,227,49,81,18,88,79,18,36,86,65,16,62,27,83,78,65,74,26,64
522,397,206,83,238,106,486,154,175,185,431,598,897,319,278,279,384,912,524,74,287,524,326,213,359,133,340,227,267,669,723,1427,289,485,107,505,471,93,249,541,316,106,388,200,417,436,336,536,197,355
114,115,51,22,106,17,101,27,38,42,102,137,179,75,76,63,77,193,98,18,62,110,65,46,95,30,71,53,69,147,170,283,64,107,26,120,100,23,52,114,71,20,98,29,95,107,76,112,38,75
483,427,182,75,486,101,223,152,139,192,404,575,840,329,250,281,364,820,486,55,295,474,285,192,342,121,318,250,268,585,739,1308,271,437,107,526,447,85,241,518,336,105,377,178,375,432,282,493,158,343
179,134,56,24,154,27,152,24,39,67,145,177,262,98,73,92,111,276,154,18,99,155,81,59,98,39,100,74,88,183,240,437,77,133,36,166,144,27,70,184,84,40,114,59,121,127,106,175,65,106
172,125,73,31,175,38,139,39,21,60,134,183,290,110,77,83,115,297,156,22,95,161,88,56,99,32,95,86,63,228,235,453,79,172,39,178,179,22,75,187,117,27,125,66,132,138,97,157,60,108
258,182,93,38,185,42,192,67,60,40,165,231,333,143,134,118,165,331,223,24,101,216,133,80,158,61,137,110,122,247,331,548,102,193,48,199,191,35,100,209,140,43,152,78,190,192,117,209,92,140
438,392,205,73,431,102,404,145,134,165,194,469,751,274,256,259,313,757,464,51,229,437,283,171,317,115,312,195,237,541,634,1168,244,383,97,423,417,58,216,427,289,95,334,173,384,399,271,410,159,299
513,512,219,100,598,137,575,177,183,231,469,322,1005,386,294,334,404,1013,566,65,313,606,329,228,357,133,388,262,274,714,899,1573,297,519,137,583,511,102,279,591,337,112,409,217,451,496,366,552,235,377
760,740,369,151,897,179,840,262,290,333,751,1005,793,606,485,515,680,1481,956,129,503,944,525,339,601,245,607,466,453,1135,1382,2429,470,826,199,951,794,136,446,955,610,188,704,320,692,846,577,916,326,598
362,270,128,62,319,75,329,98,110,143,274,386,606,102,160,190,235,599,330,27,190,324,216,131,257,80,211,158,180,422,490,956,190,301,85,361,314,53,161,358,254,69,272,125,261,309,209,325,132,245
304,214,114,45,278,76,250,73,77,134,256,294,485,160,72,138,197,466,274,40,125,258,161,100,182,72,190,124,135,311,375,717,151,254,64,257,261,33,137,294,189,57,201,92,227,229,162,301,95,175
316,230,110,38,279,63,281,92,83,118,259,334,515,190,138,77,207,507,255,34,118,267,146,100,205,83,183,117,149,330,428,856,168,254,70,244,266,45,137,315,210,48,213,104,247,242,192,293,106,177
351,323,145,62,384,77,364,111,115,165,313,404,680,235,197,207,134,659,358,47,210,389,223,152,251,92,239,160,188,450,558,1054,194,337,80,382,345,68,177,397,236,78,283,142,299,332,252,345,138,242
818,792,364,144,912,193,820,276,297,331,757,1013,1481,599,466,507,659,794,907,122,478,894,527,357,555,234,603,469,434,1116,1362,2465,498,862,210,981,803,122,452,912,624,186,706,327,703,836,517,921,328,588
487,457,197,75,524,98,486,154,156,223,464,566,956,330,274,255,358,907,257,62,267,474,306,208,354,137,340,254,266,652,749,1414,283,471,119,478,459,103,283,573,330,94,399,194,427,488,330,518,185,330
86,61,21,15,74,18,55,18,22,24,51,65,129,27,40,34,47,122,62,1,41,51,46,21,45,15,27,28,31,75,93,187,36,54,14,60,42,8,26,69,44,9,52,15,38,54,31,59,30,48
348,224,121,63,287,62,295,99,95,101,229,313,503,190,125,118,210,478,267,41,86,318,168,108,165,73,186,131,151,315,426,789,146,293,74,277,258,42,176,283,186,60,225,93,251,292,171,318,113,166
525,461,193,77,524,110,474,155,161,216,437,606,944,324,258,267,389,894,474,51,318,248,286,194,351,144,338,264,275,668,776,1441,261,493,113,528,476,101,281,563,341,94,396,196,415,465,331,491,192,381
342,279,124,48,326,65,285,81,88,133,283,329,525,216,161,146,223,527,306,46,168,286,97,153,188,81,220,148,169,372,431,869,175,269,51,302,254,41,152,311,194,68,232,110,246,286,195,323,98,190
213,184,80,42,213,46,192,59,56,80,171,228,339,131,100,100,152,357,208,21,108,194,153,52,146,57,137,97,107,232,319,559,110,189,41,203,191,33,100,231,133,50,170,65,184,171,119,208,74,148
355,306,133,70,359,95,342,98,99,158,317,357,601,257,182,205,251,555,354,45,165,351,188,146,109,81,225,155,182,403,512,866,159,336,69,330,352,54,171,366,220,56,251,132,266,316,180,350,109,226
165,110,63,25,133,30,121,39,32,61,115,133,245,80,72,83,92,234,137,15,73,144,81,57,81,18,76,50,67,152,201,379,78,118,28,128,127,16,56,134,87,24,102,43,98,104,66,116,57,81
366,285,134,50,340,71,318,100,95,137,312,388,607,211,190,183,239,603,340,27,186,338,220,137,225,76,102,155,142,399,501,938,207,314,73,323,344,56,161,391,226,66,253,126,258,319,205,344,133,233
281,198,85,44,227,53,250,74,86,110,195,262,466,158,124,117,160,469,254,28,131,264,148,97,155,50,155,61,125,294,366,683,149,216,63,235,231,45,137,251,159,53,190,84,199,228,146,272,109,156
297,203,109,59,267,69,268,88,63,122,237,274,453,180,135,149,188,434,266,31,151,275,169,107,182,67,142,125,77,313,365,723,142,246,51,286,238,44,125,287,168,46,178,104,222,235,170,269,94,165
648,521,204,108,669,147,585,183,228,247,541,714,1135,422,311,330,450,1116,652,75,315,668,372,232,403,152,399,294,313,418,929,1747,340,579,139,688,541,116,341,672,452,128,522,232,482,610,396,668,223,420
676,632,323,131,723,170,739,240,235,331,634,899,1382,490,375,428,558,1362,749,93,426,776,431,319,512,201,501,366,365,929,565,2109,396,703,175,836,722,140,415,794,509,163,551,301,582,720,468,735,280,565
1155,1191,552,227,1427,283,1308,437,453,548,1168,1573,2429,956,717,856,1054,2465,1414,187,789,1441,869,559,866,379,938,683,723,1747,2109,1844,679,1329,310,1542,1299,219,710,1409,951,288,1097,521,1115,1209,856,1419,469,920
237,261,120,49,289,64,271,77,79,102,244,297,470,190,151,168,194,498,283,36,146,261,175,110,159,78,207,149,142,340,396,679,73,256,66,316,266,43,124,304,205,54,221,90,219,235,166,278,97,200
474,422,198,81,485,107,437,133,172,193,383,519,826,301,254,254,337,862,471,54,293,493,269,189,336,118,314,216,246,579,703,1329,256,239,104,460,447,91,245,514,292,96,360,166,380,409,300,500,181,311
124,104,47,18,107,26,107,36,39,48,97,137,199,85,64,70,80,210,119,14,74,113,51,41,69,28,73,63,51,139,175,310,66,104,13,134,107,17,56,125,78,19,80,36,93,107,68,122,42,63
501,476,195,88,505,120,526,166,178,199,423,583,951,361,257,244,382,981,478,60,277,528,302,203,330,128,323,235,286,688,836,1542,316,460,134,288,484,94,264,549,342,107,418,216,395,499,335,587,211,360
502,425,198,79,471,100,447,144,179,191,417,511,794,314,261,266,345,803,459,42,258,476,254,191,352,127,344,231,238,541,722,1299,266,447,107,484,228,93,226,510,325,106,343,167,372,428,299,468,181,354
100,73,28,18,93,23,85,27,22,35,58,102,136,53,33,45,68,122,103,8,42,101,41,33,54,16,56,45,44,116,140,219,43,91,17,94,93,6,46,89,69,17,62,29,61,91,53,90,33,55
247,208,107,36,249,52,241,70,75,100,216,279,446,161,137,137,177,452,283,26,176,281,152,100,171,56,161,137,125,341,415,710,124,245,56,264,226,46,58,290,161,64,172,94,194,221,159,237,106,186
452,451,218,86,541,114,518,184,187,209,427,591,955,358,294,315,397,912,573,69,283,563,311,231,366,134,391,251,287,672,794,1409,304,514,125,549,510,89,290,257,331,118,424,220,452,485,338,541,205,345
301,275,145,65,316,71,336,84,117,140,289,337,610,254,189,210,236,624,330,44,186,341,194,133,220,87,226,159,168,452,509,951,205,292,78,342,325,69,161,331,93,66,251,131,259,287,213,325,127,234
99,94,37,16,106,20,105,40,27,43,95,112,188,69,57,48,78,186,94,9,60,94,68,50,56,24,66,53,46,128,163,288,54,96,19,107,106,17,64,118,66,15,78,37,86,84,49,111,40,73
366,345,169,62,388,98,377,114,125,152,334,409,704,272,201,213,283,706,399,52,225,396,232,170,251,102,253,190,178,522,551,1097,221,360,80,418,343,62,172,424,251,78,147,164,322,348,254,399,119,257
192,149,55,27,200,29,178,59,66,78,173,217,320,125,92,104,142,327,194,15,93,196,110,65,132,43,126,84,104,232,301,521,90,166,36,216,167,29,94,220,131,37,164,40,158,191,128,196,66,127
459,351,169,83,417,95,375,121,132,190,384,451,692,261,227,247,299,703,427,38,251,415,246,184,266,98,258,199,222,482,582,1115,219,380,93,395,372,61,194,452,259,86,322,158,163,383,241,414,148,289
464,395,193,78,436,107,432,127,138,192,399,496,846,309,229,242,332,836,488,54,292,465,286,171,316,104,319,228,235,610,720,1209,235,409,107,499,428,91,221,485,287,84,348,191,383,222,310,495,171,325
316,244,111,65,336,76,282,106,97,117,271,366,577,209,162,192,252,517,330,31,171,331,195,119,180,66,205,146,170,396,468,856,166,300,68,335,299,53,159,338,213,49,254,128,241,310,79,336,108,206
481,473,216,74,536,112,493,175,157,209,410,552,916,325,301,293,345,921,518,59,318,491,323,208,350,116,344,272,269,668,735,1419,278,500,122,587,468,90,237,541,325,111,399,196,414,495,336,264,188,377
189,181,93,26,197,38,158,65,60,92,159,235,326,132,95,106,138,328,185,30,113,192,98,74,109,57,133,109,94,223,280,469,97,181,42,211,181,33,106,205,127,40,119,66,148,171,108,188,28,129
393,274,137,64,355,75,343,106,108,140,299,377,598,245,175,177,242,588,330,48,166,381,190,148,226,81,233,156,165,420,565,920,200,311,63,360,354,55,186,345,234,73,257,127,289,325,206,377,129,111
