268,468,221,95,518,109,461,151,141,247,484,501,836,380,317,356,350,829,492,85,316,482,347,217,396,143,359,263,286,595,682,1142,228,466,120,495,479,78,234,454,323,104,367,180,422,409,352,508,175,408
468,192,148,67,441,105,436,147,148,179,384,461,789,268,228,235,300,830,404,44,229,425,241,173,289,94,277,190,202,527,625,1264,278,405,101,420,390,61,219,499,279,85,310,161,339,421,291,432,165,299
221,148,47,40,226,52,219,74,74,80,174,180,347,157,93,96,149,345,208,31,114,235,127,68,134,40,118,104,99,243,321,538,118,191,39,225,186,34,105,220,157,43,140,71,159,209,139,204,71,129
95,67,40,6,90,20,75,36,30,35,82,103,167,65,35,44,47,160,99,13,39,71,50,39,53,25,52,42,44,115,131,198,45,78,18,96,89,20,44,83,39,17,68,35,74,74,53,66,27,70
518,441,226,90,267,123,515,166,178,221,428,571,936,320,270,289,375,919,529,63,265,502,292,208,321,121,338,229,249,607,809,1330,271,464,116,512,459,69,256,571,356,98,404,191,385,432,325,512,179,349
109,105,52,20,123,14,102,43,35,49,97,121,223,81,59,72,74,218,101,18,65,96,59,45,72,22,83,76,54,144,161,299,67,116,25,109,98,16,73,118,64,19,85,44,92,118,76,99,32,62
461,436,219,75,515,102,238,165,155,210,400,516,881,333,240,272,323,867,501,70,248,491,273,202,322,121,342,245,244,612,717,1306,241,437,82,514,455,75,245,496,306,110,357,178,392,483,328,469,166,345
151,147,74,36,166,43,165,22,50,61,149,180,253,120,74,76,118,255,160,15,89,155,93,65,94,45,111,61,81,185,227,430,76,137,30,152,153,26,72,165,110,27,110,40,128,143,87,176,58,95
141,148,74,30,178,35,155,50,37,67,125,160,287,94,87,90,122,271,157,25,93,185,106,58,105,48,117,73,91,201,253,463,85,162,42,168,141,26,80,170,106,35,128,52,110,138,109,184,62,103
247,179,80,35,221,49,210,61,67,54,169,208,336,136,126,133,156,325,216,20,118,231,141,81,142,56,149,90,98,270,304,548,125,197,52,217,211,39,98,219,136,26,146,57,174,228,136,240,70,152
484,384,174,82,428,97,400,149,125,169,172,441,762,293,203,228,342,732,412,45,247,437,277,164,294,108,312,196,212,533,645,1178,216,381,107,484,438,78,226,408,267,73,312,147,368,426,272,438,157,268
501,461,180,103,571,121,516,180,160,208,441,295,1025,358,294,305,421,1011,557,58,304,558,323,202,340,124,358,220,260,760,870,1583,321,527,116,616,510,83,278,572,380,113,403,205,433,519,350,574,208,351
836,789,347,167,936,223,881,253,287,336,762,1025,791,614,483,520,668,1376,920,106,515,887,525,337,639,230,645,420,427,1118,1282,2410,478,819,188,969,849,156,460,971,589,198,642,336,722,847,617,913,322,606
380,268,157,65,320,81,333,120,94,136,293,358,614,108,161,202,238,561,347,37,192,335,203,146,236,86,222,166,175,420,519,950,176,310,70,348,313,46,178,373,217,67,254,103,265,312,213,331,127,210
317,228,93,35,270,59,240,74,87,126,203,294,483,161,67,144,220,479,273,19,124,258,165,101,157,57,153,126,140,310,367,776,148,250,50,289,240,28,127,298,162,57,231,102,199,258,151,286,104,192
356,235,96,44,289,72,272,76,90,133,228,305,520,202,144,80,211,517,326,25,160,336,153,118,174,69,181,150,147,340,441,824,142,247,58,309,265,44,128,336,188,52,265,105,220,281,185,306,111,186
350,300,149,47,375,74,323,118,122,156,342,421,668,238,220,211,109,659,370,44,199,352,227,143,251,90,244,182,188,452,567,1040,209,318,90,335,333,68,185,394,249,74,284,149,304,340,230,363,148,250
829,830,345,160,919,218,867,255,271,325,732,1011,1376,561,479,517,659,781,952,109,526,913,524,363,613,255,633,444,453,1075,1293,2501,475,841,194,988,824,146,446,977,603,190,667,345,711,868,601,930,324,600
492,404,208,99,529,101,501,160,157,216,412,557,920,347,273,326,370,952,231,66,304,482,291,212,330,134,335,248,263,664,751,1426,271,492,145,560,478,90,266,530,313,100,394,209,404,458,331,505,185,341
85,44,31,13,63,18,70,15,25,20,45,58,106,37,19,25,44,109,66,5,27,71,34,24,26,16,39,28,32,86,96,172,35,55,14,60,63,9,36,57,53,16,41,23,44,56,28,82,18,48
316,229,114,39,265,65,248,89,93,118,247,304,515,192,124,160,199,526,304,27,70,272,156,98,177,71,199,133,129,362,432,783,168,269,61,294,279,41,146,320,177,60,225,103,211,250,165,329,106,184
482,425,235,71,502,96,491,155,185,231,437,558,887,335,258,336,352,913,482,71,272,245,305,222,362,142,343,264,282,684,731,1408,276,456,116,515,464,86,250,545,322,102,415,201,400,434,353,515,184,332
347,241,127,50,292,59,273,93,106,141,277,323,525,203,165,153,227,524,291,34,156,305,102,119,169,69,172,149,154,348,462,872,165,299,58,335,277,50,164,302,222,59,215,97,220,276,191,314,120,217
217,173,68,39,208,45,202,65,58,81,164,202,337,146,101,118,143,363,212,24,98,222,119,31,118,48,118,88,116,276,309,593,113,195,39,222,194,41,101,207,133,40,154,71,146,186,118,225,72,127
396,289,134,53,321,72,322,94,105,142,294,340,639,236,157,174,251,613,330,26,177,362,169,118,115,93,234,147,152,413,467,973,182,331,73,352,356,58,163,355,208,69,235,106,255,309,208,353,135,214
143,94,40,25,121,22,121,45,48,56,108,124,230,86,57,69,90,255,134,16,71,142,69,48,93,13,66,50,68,129,202,391,66,128,25,129,136,23,76,135,81,24,91,40,105,134,86,124,60,83
359,277,118,52,338,83,342,111,117,149,312,358,645,222,153,181,244,633,335,39,199,343,172,118,234,66,99,158,160,396,528,1062,212,323,65,320,341,60,181,365,224,59,261,119,246,326,215,382,132,215
263,190,104,42,229,76,245,61,73,90,196,220,420,166,126,150,182,444,248,28,133,264,149,88,147,50,158,52,109,307,392,669,117,211,52,240,236,44,123,253,144,52,198,86,194,209,158,243,95,171
286,202,99,44,249,54,244,81,91,98,212,260,427,175,140,147,188,453,263,32,129,282,154,116,152,68,160,109,63,313,399,738,130,231,58,263,247,43,119,274,156,45,214,84,197,246,165,277,89,147
595,527,243,115,607,144,612,185,201,270,533,760,1118,420,310,340,452,1075,664,86,362,684,348,276,413,129,396,307,313,344,873,1783,344,558,139,663,586,108,328,689,432,127,453,225,504,605,393,674,228,426
682,625,321,131,809,161,717,227,253,304,645,870,1282,519,367,441,567,1293,751,96,432,731,462,309,467,202,528,392,399,873,536,2076,372,728,163,799,706,130,411,798,509,163,596,308,596,682,493,776,255,518
1142,1264,538,198,1330,299,1306,430,463,548,1178,1583,2410,950,776,824,1040,2501,1426,172,783,1408,872,593,973,391,1062,669,738,1783,2076,1876,722,1327,339,1472,1218,232,704,1548,930,310,1049,547,1145,1249,860,1408,482,1010
228,278,118,45,271,67,241,76,85,125,216,321,478,176,148,142,209,475,271,35,168,276,165,113,182,66,212,117,130,344,372,722,76,271,49,317,251,56,145,307,184,64,192,100,209,251,188,265,97,189
466,405,191,78,464,116,437,137,162,197,381,527,819,310,250,247,318,841,492,55,269,456,299,195,331,128,323,211,231,558,728,1327,271,209,104,516,446,78,228,476,320,109,350,151,375,419,305,470,174,320
120,101,39,18,116,25,82,30,42,52,107,116,188,70,50,58,90,194,145,14,61,116,58,39,73,25,65,52,58,139,163,339,49,104,13,112,100,16,63,129,89,17,85,43,65,111,56,109,43,92
495,420,225,96,512,109,514,152,168,217,484,616,969,348,289,309,335,988,560,60,294,515,335,222,352,129,320,240,263,663,799,1472,317,516,112,231,524,91,256,567,366,100,420,194,430,495,310,566,214,367
479,390,186,89,459,98,455,153,141,211,438,510,849,313,240,265,333,824,478,63,279,464,277,194,356,136,341,236,247,586,706,1218,251,446,100,524,219,75,245,496,287,95,366,167,354,410,317,486,160,301
78,61,34,20,69,16,75,26,26,39,78,83,156,46,28,44,68,146,90,9,41,86,50,41,58,23,60,44,43,108,130,232,56,78,16,91,75,6,38,86,51,14,63,31,60,76,58,95,20,58
234,219,105,44,256,73,245,72,80,98,226,278,460,178,127,128,185,446,266,36,146,250,164,101,163,76,181,123,119,328,411,704,145,228,63,256,245,38,58,264,166,45,168,92,230,280,176,260,104,171
454,499,220,83,571,118,496,165,170,219,408,572,971,373,298,336,394,977,530,57,320,545,302,207,355,135,365,253,274,689,798,1548,307,476,129,567,496,86,264,287,363,124,396,202,426,518,344,512,207,350
323,279,157,39,356,64,306,110,106,136,267,380,589,217,162,188,249,603,313,53,177,322,222,133,208,81,224,144,156,432,509,930,184,320,89,366,287,51,166,363,123,68,245,119,258,299,198,353,125,235
104,85,43,17,98,19,110,27,35,26,73,113,198,67,57,52,74,190,100,16,60,102,59,40,69,24,59,52,45,127,163,310,64,109,17,100,95,14,45,124,68,11,97,39,81,105,68,112,33,74
367,310,140,68,404,85,357,110,128,146,312,403,642,254,231,265,284,667,394,41,225,415,215,154,235,91,261,198,214,453,596,1049,192,350,85,420,366,63,168,396,245,97,161,141,308,343,239,432,136,262
180,161,71,35,191,44,178,40,52,57,147,205,336,103,102,105,149,345,209,23,103,201,97,71,106,40,119,86,84,225,308,547,100,151,43,194,167,31,92,202,119,39,141,36,160,187,100,168,65,128
422,339,159,74,385,92,392,128,110,174,368,433,722,265,199,220,304,711,404,44,211,400,220,146,255,105,246,194,197,504,596,1145,209,375,65,430,354,60,230,426,258,81,308,160,156,358,233,413,146,248
409,421,209,74,432,118,483,143,138,228,426,519,847,312,258,281,340,868,458,56,250,434,276,186,309,134,326,209,246,605,682,1249,251,419,111,495,410,76,280,518,299,105,343,187,358,193,286,525,187,315
352,291,139,53,325,76,328,87,109,136,272,350,617,213,151,185,230,601,331,28,165,353,191,118,208,86,215,158,165,393,493,860,188,305,56,310,317,58,176,344,198,68,239,100,233,286,90,333,116,228
508,432,204,66,512,99,469,176,184,240,438,574,913,331,286,306,363,930,505,82,329,515,314,225,353,124,382,243,277,674,776,1408,265,470,109,566,486,95,260,512,353,112,432,168,413,525,333,266,185,364
175,165,71,27,179,32,166,58,62,70,157,208,322,127,104,111,148,324,185,18,106,184,120,72,135,60,132,95,89,228,255,482,97,174,43,214,160,20,104,207,125,33,136,65,146,187,116,185,31,131
408,299,129,70,349,62,345,95,103,152,268,351,606,210,192,186,250,600,341,48,184,332,217,127,214,83,215,171,147,426,518,1010,189,320,92,367,301,58,171,350,235,74,262,128,248,315,228,364,131,124
