278,465,214,95,507,114,491,178,182,225,404,511,843,347,317,351,404,795,513,81,333,525,356,222,357,173,395,296,288,603,692,1127,258,505,111,490,525,89,263,478,336,102,358,153,440,429,354,493,155,403
465,191,180,64,470,75,390,128,146,214,384,521,799,272,209,239,319,829,452,48,239,460,243,176,305,101,261,207,210,546,682,1248,254,372,83,446,419,67,221,487,296,79,348,158,323,424,270,454,158,307
214,180,41,36,192,43,193,74,68,60,168,230,360,131,93,110,156,345,216,16,103,203,103,79,118,50,139,78,96,239,347,562,100,165,44,209,181,38,106,217,129,44,154,76,160,196,129,210,61,130
95,64,36,3,82,12,86,32,31,42,82,97,133,54,52,49,67,133,92,8,54,91,62,49,70,34,71,39,49,122,124,198,41,77,22,103,72,19,39,105,65,15,61,31,84,71,53,90,33,60
507,470,192,82,270,117,478,156,167,200,435,561,949,330,263,273,384,962,525,59,325,554,327,194,342,129,341,252,239,698,774,1439,275,470,117,531,485,94,251,550,334,109,383,213,429,455,317,520,195,377
114,75,43,12,117,5,109,33,38,54,104,133,189,67,61,71,87,202,116,8,72,111,76,59,82,41,98,66,65,132,155,283,51,94,33,114,99,25,53,127,86,24,100,43,109,96,58,100,34,74
491,390,193,86,478,109,221,153,150,203,422,513,953,268,297,299,401,902,501,68,283,491,306,209,330,136,353,248,263,598,742,1373,292,445,101,519,413,90,237,543,312,94,387,181,387,472,298,499,169,315
178,128,74,32,156,33,153,23,54,59,118,169,260,94,76,79,105,277,158,15,80,148,80,58,99,31,97,76,81,199,203,429,77,128,34,144,136,28,57,169,114,34,123,48,115,154,90,167,61,115
182,146,68,31,167,38,150,54,35,62,148,171,316,99,75,72,126,290,187,23,95,164,101,61,108,46,116,68,75,209,241,511,101,150,41,172,143,28,93,179,106,42,129,59,113,141,106,169,73,118
225,214,60,42,200,54,203,59,62,46,154,215,363,141,114,116,146,328,205,36,116,200,147,89,148,59,156,97,94,241,303,515,107,182,43,230,238,27,103,192,137,50,163,80,169,189,147,208,76,143
404,384,168,82,435,104,422,118,148,154,183,455,774,282,220,248,314,750,448,56,260,450,276,163,286,122,326,210,193,522,664,1156,219,411,116,458,457,64,194,429,287,98,340,161,361,412,276,443,162,298
511,521,230,97,561,133,513,169,171,215,455,339,1032,346,303,307,430,1029,569,74,311,565,346,245,379,137,388,256,287,697,831,1613,297,498,131,615,545,112,289,574,349,136,436,209,474,559,329,562,210,349
843,799,360,133,949,189,953,260,316,363,774,1032,829,601,479,507,662,1504,909,122,506,961,540,384,604,240,646,398,448,1167,1412,2415,522,825,191,1027,853,155,455,954,613,196,634,351,743,858,563,953,325,584
347,272,131,54,330,67,268,94,99,141,282,346,601,109,165,170,235,579,322,49,165,323,194,115,216,82,215,146,137,419,490,925,181,290,77,348,311,50,158,328,228,57,231,122,254,289,202,332,117,211
317,209,93,52,263,61,297,76,75,114,220,303,479,165,75,150,183,446,264,28,149,274,159,125,181,56,173,122,133,339,446,705,153,230,52,257,248,49,133,277,185,54,202,99,218,239,164,301,98,195
351,239,110,49,273,71,299,79,72,116,248,307,507,170,150,107,210,475,299,40,149,319,158,126,179,73,205,118,129,340,462,787,160,257,65,266,256,48,134,289,181,60,215,110,224,256,160,326,92,207
404,319,156,67,384,87,401,105,126,146,314,430,662,235,183,210,131,621,375,39,212,391,244,164,237,97,265,163,185,458,565,951,195,351,69,384,386,58,185,414,265,66,303,127,302,347,244,415,121,253
795,829,345,133,962,202,902,277,290,328,750,1029,1504,579,446,475,621,834,915,115,539,953,499,363,630,242,645,409,457,1196,1350,2415,474,837,189,958,859,161,461,969,627,185,677,314,731,859,542,924,310,613
513,452,216,92,525,116,501,158,187,205,448,569,909,322,264,299,375,915,239,61,280,502,301,203,341,135,381,237,234,603,755,1371,277,456,108,541,551,79,264,546,337,95,405,208,433,455,308,533,199,357
81,48,16,8,59,8,68,15,23,36,56,74,122,49,28,40,39,115,61,1,31,57,38,22,38,20,43,30,26,75,79,173,30,69,11,65,65,10,38,60,44,28,54,23,46,61,36,79,23,45
333,239,103,54,325,72,283,80,95,116,260,311,506,165,149,149,212,539,280,31,84,281,197,119,199,73,187,113,131,354,391,755,154,277,64,295,260,56,128,328,198,49,221,91,230,233,177,292,118,187
525,460,203,91,554,111,491,148,164,200,450,565,961,323,274,319,391,953,502,57,281,260,305,223,364,141,359,234,261,625,773,1390,271,465,127,579,522,82,264,544,359,113,393,184,440,483,299,547,208,387
356,243,103,62,327,76,306,80,101,147,276,346,540,194,159,158,244,499,301,38,197,305,84,134,174,63,188,120,145,373,484,825,162,274,57,291,291,53,152,307,185,63,244,117,236,274,179,315,107,214
222,176,79,49,194,59,209,58,61,89,163,245,384,115,125,126,164,363,203,22,119,223,134,32,126,52,128,101,103,258,310,564,106,172,48,211,197,32,105,199,117,36,164,90,156,210,121,229,79,144
357,305,118,70,342,82,330,99,108,148,286,379,604,216,181,179,237,630,341,38,199,364,174,126,114,82,212,140,147,437,538,956,199,306,78,332,323,62,163,341,218,69,278,136,252,312,209,332,137,224
173,101,50,34,129,41,136,31,46,59,122,137,240,82,56,73,97,242,135,20,73,141,63,52,82,16,76,57,72,156,237,369,64,117,29,106,120,21,66,121,74,31,111,48,102,122,80,148,44,85
395,261,139,71,341,98,353,97,116,156,326,388,646,215,173,205,265,645,381,43,187,359,188,128,212,76,104,145,156,424,569,997,213,339,90,311,340,56,165,361,205,69,280,131,264,297,202,374,136,231
296,207,78,39,252,66,248,76,68,97,210,256,398,146,122,118,163,409,237,30,113,234,120,101,140,57,145,56,108,291,330,637,127,249,65,237,232,36,115,247,157,32,185,87,189,221,157,244,91,167
288,210,96,49,239,65,263,81,75,94,193,287,448,137,133,129,185,457,234,26,131,261,145,103,147,72,156,108,68,317,368,683,137,238,56,265,233,49,104,255,158,57,221,96,203,201,162,276,113,149
603,546,239,122,698,132,598,199,209,241,522,697,1167,419,339,340,458,1196,603,75,354,625,373,258,437,156,424,291,317,391,953,1801,342,572,146,639,573,101,315,702,410,111,450,263,511,622,395,662,233,418
692,682,347,124,774,155,742,203,241,303,664,831,1412,490,446,462,565,1350,755,79,391,773,484,310,538,237,569,330,368,953,559,2012,422,677,163,798,702,132,378,793,534,169,551,285,639,692,505,795,279,504
1127,1248,562,198,1439,283,1373,429,511,515,1156,1613,2415,925,705,787,951,2415,1371,173,755,1390,825,564,956,369,997,637,683,1801,2012,1840,696,1320,334,1485,1260,250,675,1451,939,294,1045,498,1155,1310,867,1422,482,923
258,254,100,41,275,51,292,77,101,107,219,297,522,181,153,160,195,474,277,30,154,271,162,106,199,64,213,127,137,342,422,696,66,250,65,278,249,45,128,295,172,52,192,109,239,271,161,273,109,206
505,372,165,77,470,94,445,128,150,182,411,498,825,290,230,257,351,837,456,69,277,465,274,172,306,117,339,249,238,572,677,1320,250,198,102,524,468,86,244,478,308,108,391,181,391,420,278,503,186,323
111,83,44,22,117,33,101,34,41,43,116,131,191,77,52,65,69,189,108,11,64,127,57,48,78,29,90,65,56,146,163,334,65,102,13,120,109,13,57,102,85,30,93,33,86,95,63,124,42,74
490,446,209,103,531,114,519,144,172,230,458,615,1027,348,257,266,384,958,541,65,295,579,291,211,332,106,311,237,265,639,798,1485,278,524,120,256,491,87,241,653,347,91,406,192,409,480,339,550,181,319
525,419,181,72,485,99,413,136,143,238,457,545,853,311,248,256,386,859,551,65,260,522,291,197,323,120,340,232,233,573,702,1260,249,468,109,491,208,66,251,509,282,113,353,184,385,428,266,513,171,338
89,67,38,19,94,25,90,28,28,27,64,112,155,50,49,48,58,161,79,10,56,82,53,32,62,21,56,36,49,101,132,250,45,86,13,87,66,10,47,89,58,19,60,38,59,78,45,88,27,61
263,221,106,39,251,53,237,57,93,103,194,289,455,158,133,134,185,461,264,38,128,264,152,105,163,66,165,115,104,315,378,675,128,244,57,241,251,47,53,273,194,54,202,88,192,240,137,256,81,172
478,487,217,105,550,127,543,169,179,192,429,574,954,328,277,289,414,969,546,60,328,544,307,199,341,121,361,247,255,702,793,1451,295,478,102,653,509,89,273,300,345,108,375,195,437,509,343,569,195,358
336,296,129,65,334,86,312,114,106,137,287,349,613,228,185,181,265,627,337,44,198,359,185,117,218,74,205,157,158,410,534,939,172,308,85,347,282,58,194,345,128,64,241,128,258,316,195,312,120,221
102,79,44,15,109,24,94,34,42,50,98,136,196,57,54,60,66,185,95,28,49,113,63,36,69,31,69,32,57,111,169,294,52,108,30,91,113,19,54,108,64,11,99,40,75,88,77,93,55,65
358,348,154,61,383,100,387,123,129,163,340,436,634,231,202,215,303,677,405,54,221,393,244,164,278,111,280,185,221,450,551,1045,192,391,93,406,353,60,202,375,241,99,161,142,325,340,222,408,134,273
153,158,76,31,213,43,181,48,59,80,161,209,351,122,99,110,127,314,208,23,91,184,117,90,136,48,131,87,96,263,285,498,109,181,33,192,184,38,88,195,128,40,142,30,146,171,112,182,63,115
440,323,160,84,429,109,387,115,113,169,361,474,743,254,218,224,302,731,433,46,230,440,236,156,252,102,264,189,203,511,639,1155,239,391,86,409,385,59,192,437,258,75,325,146,177,371,234,399,170,284
429,424,196,71,455,96,472,154,141,189,412,559,858,289,239,256,347,859,455,61,233,483,274,210,312,122,297,221,201,622,692,1310,271,420,95,480,428,78,240,509,316,88,340,171,371,238,264,507,175,316
354,270,129,53,317,58,298,90,106,147,276,329,563,202,164,160,244,542,308,36,177,299,179,121,209,80,202,157,162,395,505,867,161,278,63,339,266,45,137,343,195,77,222,112,234,264,80,313,105,225
493,454,210,90,520,100,499,167,169,208,443,562,953,332,301,326,415,924,533,79,292,547,315,229,332,148,374,244,276,662,795,1422,273,503,124,550,513,88,256,569,312,93,408,182,399,507,313,248,184,370
155,158,61,33,195,34,169,61,73,76,162,210,325,117,98,92,121,310,199,23,118,208,107,79,137,44,136,91,113,233,279,482,109,186,42,181,171,27,81,195,120,55,134,63,170,175,105,184,28,110
403,307,130,60,377,74,315,115,118,143,298,349,584,211,195,207,253,613,357,45,187,387,214,144,224,85,231,167,149,418,504,923,206,323,74,319,338,61,172,358,221,65,273,115,284,316,225,370,110,128
