254,468,226,81,470,119,478,182,179,258,481,510,793,351,329,337,362,857,515,68,365,506,355,223,338,163,396,273,288,618,722,1211,269,488,95,521,487,78,234,490,306,111,359,172,420,449,347,503,179,384
468,180,182,61,430,95,415,116,132,166,358,460,815,278,223,243,294,781,441,47,203,444,264,165,293,103,271,193,191,555,686,1297,239,417,94,477,387,61,203,445,310,78,329,159,338,414,262,445,180,273
226,182,30,34,215,59,177,76,64,86,159,238,351,121,108,133,136,349,202,18,104,206,110,69,96,57,119,82,93,259,310,573,113,224,52,196,184,32,110,231,113,36,147,74,135,165,124,214,64,133
81,61,34,4,76,21,81,24,25,36,78,107,143,60,58,53,62,145,87,16,49,85,53,37,60,19,64,42,38,113,120,201,52,82,18,81,73,18,42,85,56,23,66,28,78,68,54,76,33,62
470,430,215,76,243,122,503,145,157,230,461,588,963,329,260,330,329,960,482,56,284,476,301,194,334,140,358,245,248,679,771,1496,272,455,121,535,452,83,272,527,328,92,382,181,407,514,343,513,194,357
119,95,59,21,122,13,120,38,32,52,102,126,212,79,69,67,69,207,123,13,68,119,69,40,88,27,77,59,48,150,175,294,66,117,29,107,89,24,62,123,68,25,89,39,95,107,77,112,44,85
478,415,177,81,503,120,222,138,180,208,410,536,906,285,266,297,337,877,458,71,271,467,264,198,326,110,300,235,240,634,732,1331,290,438,96,477,459,82,231,520,306,88,373,177,379,433,338,472,183,313
182,116,76,24,145,38,138,25,49,58,128,166,276,98,80,90,107,300,149,23,58,170,86,56,94,45,108,82,90,180,238,385,87,156,39,162,141,19,58,142,121,33,107,56,122,171,91,164,68,116
179,132,64,25,157,32,180,49,36,81,132,170,307,120,83,103,129,314,153,18,90,171,102,74,108,32,99,86,72,209,265,465,95,158,39,159,157,29,84,183,111,33,134,75,148,168,109,176,51,122
258,166,86,36,230,52,208,58,81,36,167,206,361,137,131,137,141,348,200,25,100,232,113,91,145,50,129,110,114,263,311,546,124,189,59,205,199,44,88,209,139,37,170,76,184,192,130,203,75,122
481,358,159,78,461,102,410,128,132,167,179,470,754,277,247,232,294,722,417,61,231,420,268,158,319,126,335,232,237,553,624,1189,233,419,98,462,410,73,208,463,303,97,330,138,363,423,295,434,144,274
510,460,238,107,588,126,536,166,170,206,470,307,1037,357,273,310,392,1051,579,65,297,571,318,218,381,124,367,250,283,731,882,1606,304,516,143,645,546,99,285,639,365,116,477,243,446,536,345,583,202,365
793,815,351,143,963,212,906,276,307,361,754,1037,827,604,484,500,633,1480,926,95,481,924,533,379,636,227,620,398,450,1220,1374,2531,511,822,221,964,837,190,459,1004,578,176,707,362,731,818,642,947,342,615
351,278,121,60,329,79,285,98,120,137,277,357,604,98,196,215,226,594,295,44,164,323,183,143,212,70,201,154,155,425,484,907,196,303,73,307,301,42,170,337,181,52,253,107,254,291,207,317,118,216
329,223,108,58,260,69,266,80,83,131,247,273,484,196,75,139,183,506,272,32,151,281,173,113,163,73,173,134,139,343,406,764,147,255,50,278,263,44,134,286,188,49,209,96,209,235,173,261,95,181
337,243,133,53,330,67,297,90,103,137,232,310,500,215,139,62,205,523,274,35,151,302,170,136,176,69,190,110,142,351,451,846,172,269,49,310,265,52,157,359,202,57,211,112,230,274,173,304,111,183
362,294,136,62,329,69,337,107,129,141,294,392,633,226,183,205,151,642,358,37,178,347,214,150,219,92,225,163,196,440,555,994,174,339,78,360,313,74,170,409,226,77,270,121,268,315,246,388,124,282
857,781,349,145,960,207,877,300,314,348,722,1051,1480,594,506,523,642,824,902,102,451,900,510,370,608,205,586,425,438,1138,1366,2554,565,824,206,995,818,186,465,948,601,180,709,354,712,903,617,903,343,571
515,441,202,87,482,123,458,149,153,200,417,579,926,295,272,274,358,902,284,62,279,508,279,206,328,121,321,231,245,618,764,1400,297,490,121,518,461,87,221,572,364,108,373,195,395,480,303,509,174,351
68,47,18,16,56,13,71,23,18,25,61,65,95,44,32,35,37,102,62,1,35,71,29,21,30,14,43,35,38,80,105,169,36,64,9,50,60,9,32,59,42,17,44,17,49,55,38,75,18,47
365,203,104,49,284,68,271,58,90,100,231,297,481,164,151,151,178,451,279,35,64,281,142,121,156,56,156,123,119,334,444,805,151,276,54,320,271,43,125,323,193,55,210,105,207,268,148,300,123,185
506,444,206,85,476,119,467,170,171,232,420,571,924,323,281,302,347,900,508,71,281,279,315,219,327,127,325,249,254,633,796,1452,298,525,121,570,501,69,247,550,340,123,385,185,412,494,339,505,200,352
355,264,110,53,301,69,264,86,102,113,268,318,533,183,173,170,214,510,279,29,142,315,86,102,201,78,181,159,134,375,440,852,171,282,69,281,270,43,153,344,178,59,231,102,223,268,216,313,122,209
223,165,69,37,194,40,198,56,74,91,158,218,379,143,113,136,150,370,206,21,121,219,102,33,120,45,122,106,96,249,308,550,105,182,51,217,181,27,103,202,140,45,145,72,155,186,137,232,83,133
338,293,96,60,334,88,326,94,108,145,319,381,636,212,163,176,219,608,328,30,156,327,201,120,123,91,227,145,131,382,516,949,180,307,79,318,321,56,159,398,251,63,267,104,247,324,221,328,138,230
163,103,57,19,140,27,110,45,32,50,126,124,227,70,73,69,92,205,121,14,56,127,78,45,91,12,76,62,60,134,173,339,55,139,28,124,119,29,74,125,88,22,89,42,120,114,87,162,58,83
396,271,119,64,358,77,300,108,99,129,335,367,620,201,173,190,225,586,321,43,156,325,181,122,227,76,120,140,158,369,500,980,158,322,68,315,315,58,182,378,226,60,240,111,279,322,208,376,118,224
273,193,82,42,245,59,235,82,86,110,232,250,398,154,134,110,163,425,231,35,123,249,159,106,145,62,140,60,130,280,342,624,154,217,52,220,245,39,115,228,149,39,164,80,195,217,155,213,101,179
288,191,93,38,248,48,240,90,72,114,237,283,450,155,139,142,196,438,245,38,119,254,134,96,131,60,158,130,53,276,363,715,140,250,47,269,224,36,134,252,152,46,204,92,190,233,139,281,88,179
618,555,259,113,679,150,634,180,209,263,553,731,1220,425,343,351,440,1138,618,80,334,633,375,249,382,134,369,280,276,380,947,1839,345,581,140,670,588,133,327,698,407,119,501,255,483,632,441,637,278,407
722,686,310,120,771,175,732,238,265,311,624,882,1374,484,406,451,555,1366,764,105,444,796,440,308,516,173,500,342,363,947,587,2122,435,736,169,841,722,127,360,831,531,153,584,265,630,720,492,757,296,483
1211,1297,573,201,1496,294,1331,385,465,546,1189,1606,2531,907,764,846,994,2554,1400,169,805,1452,852,550,949,339,980,624,715,1839,2122,1918,766,1317,311,1541,1289,244,692,1523,929,304,1105,571,1121,1374,960,1436,499,899
269,239,113,52,272,66,290,87,95,124,233,304,511,196,147,172,174,565,297,36,151,298,171,105,180,55,158,154,140,345,435,766,79,250,64,311,281,53,164,318,184,39,218,115,227,260,206,275,102,174
488,417,224,82,455,117,438,156,158,189,419,516,822,303,255,269,339,824,490,64,276,525,282,182,307,139,322,217,250,581,736,1317,250,227,119,446,423,92,252,463,313,100,340,172,368,465,273,482,174,325
95,94,52,18,121,29,96,39,39,59,98,143,221,73,50,49,78,206,121,9,54,121,69,51,79,28,68,52,47,140,169,311,64,119,15,111,126,13,58,133,92,26,92,44,82,121,54,123,46,71
521,477,196,81,535,107,477,162,159,205,462,645,964,307,278,310,360,995,518,50,320,570,281,217,318,124,315,220,269,670,841,1541,311,446,111,277,488,85,242,605,342,107,398,175,423,499,348,579,199,391
487,387,184,73,452,89,459,141,157,199,410,546,837,301,263,265,313,818,461,60,271,501,270,181,321,119,315,245,224,588,722,1289,281,423,126,488,215,87,243,506,306,94,352,158,352,421,300,480,174,320
78,61,32,18,83,24,82,19,29,44,73,99,190,42,44,52,74,186,87,9,43,69,43,27,56,29,58,39,36,133,127,244,53,92,13,85,87,4,49,82,53,17,84,30,68,68,61,84,28,61
234,203,110,42,272,62,231,58,84,88,208,285,459,170,134,157,170,465,221,32,125,247,153,103,159,74,182,115,134,327,360,692,164,252,58,242,243,49,60,270,165,41,200,81,190,243,155,284,95,177
490,445,231,85,527,123,520,142,183,209,463,639,1004,337,286,359,409,948,572,59,323,550,344,202,398,125,378,228,252,698,831,1523,318,463,133,605,506,82,270,298,338,128,445,190,425,524,332,557,198,381
306,310,113,56,328,68,306,121,111,139,303,365,578,181,188,202,226,601,364,42,193,340,178,140,251,88,226,149,152,407,531,929,184,313,92,342,306,53,165,338,104,68,242,116,259,336,221,362,140,245
111,78,36,23,92,25,88,33,33,37,97,116,176,52,49,57,77,180,108,17,55,123,59,45,63,22,60,39,46,119,153,304,39,100,26,107,94,17,41,128,68,7,83,46,80,89,68,100,31,84
359,329,147,66,382,89,373,107,134,170,330,477,707,253,209,211,270,709,373,44,210,385,231,145,267,89,240,164,204,501,584,1105,218,340,92,398,352,84,200,445,242,83,145,152,306,356,231,395,151,249
172,159,74,28,181,39,177,56,75,76,138,243,362,107,96,112,121,354,195,17,105,185,102,72,104,42,111,80,92,255,265,571,115,172,44,175,158,30,81,190,116,46,152,35,146,182,106,177,70,121
420,338,135,78,407,95,379,122,148,184,363,446,731,254,209,230,268,712,395,49,207,412,223,155,247,120,279,195,190,483,630,1121,227,368,82,423,352,68,190,425,259,80,306,146,152,376,264,380,153,275
449,414,165,68,514,107,433,171,168,192,423,536,818,291,235,274,315,903,480,55,268,494,268,186,324,114,322,217,233,632,720,1374,260,465,121,499,421,68,243,524,336,89,356,182,376,218,316,498,174,301
347,262,124,54,343,77,338,91,109,130,295,345,642,207,173,173,246,617,303,38,148,339,216,137,221,87,208,155,139,441,492,960,206,273,54,348,300,61,155,332,221,68,231,106,264,316,114,331,125,204
503,445,214,76,513,112,472,164,176,203,434,583,947,317,261,304,388,903,509,75,300,505,313,232,328,162,376,213,281,637,757,1436,275,482,123,579,480,84,284,557,362,100,395,177,380,498,331,262,192,318
179,180,64,33,194,44,183,68,51,75,144,202,342,118,95,111,124,343,174,18,123,200,122,83,138,58,118,101,88,278,296,499,102,174,46,199,174,28,95,198,140,31,151,70,153,174,125,192,28,126
384,273,133,62,357,85,313,116,122,122,274,365,615,216,181,183,282,571,351,47,185,352,209,133,230,83,224,179,179,407,483,899,174,325,71,391,320,61,177,381,245,84,249,121,275,301,204,318,126,114
