262,467,236,90,511,116,508,183,157,246,447,511,828,379,325,355,373,823,532,71,326,556,375,202,378,147,369,284,278,649,735,1225,236,498,108,539,488,92,233,492,296,91,351,202,430,423,335,529,187,436
467,177,169,83,428,111,451,133,150,178,369,456,819,300,225,238,346,802,456,48,204,414,271,197,260,94,273,200,197,578,682,1262,240,444,94,449,399,66,230,450,285,114,326,173,347,427,275,435,174,301
236,169,44,41,188,41,193,61,74,85,172,221,346,123,107,105,183,369,222,27,117,210,114,74,121,52,124,91,94,250,314,553,105,184,51,224,161,32,90,188,125,32,149,88,160,199,124,225,76,158
90,83,41,3,82,15,86,22,35,35,78,90,149,65,56,53,70,147,63,11,55,88,57,43,57,26,62,46,47,98,133,207,42,85,21,87,62,15,44,96,66,16,51,25,73,77,58,78,28,63
511,428,188,82,277,111,491,152,181,233,441,593,966,355,284,290,391,898,495,77,280,521,330,225,327,121,341,227,233,698,838,1382,310,465,117,535,510,71,248,554,318,97,399,218,448,458,313,541,224,353
116,111,41,15,111,18,125,32,43,52,99,125,184,85,71,67,83,197,93,15,77,101,77,54,85,31,83,64,61,154,174,319,64,118,24,132,94,23,46,122,78,29,69,39,99,109,64,125,51,70
508,451,193,86,491,125,244,134,150,170,404,587,887,321,279,289,359,889,476,66,270,434,311,195,356,131,325,224,248,579,761,1360,280,432,110,526,462,88,220,520,319,114,362,167,374,468,321,494,180,303
183,133,61,22,152,32,134,17,46,72,142,164,270,90,80,96,110,252,183,10,77,164,81,72,98,48,104,61,65,182,238,419,72,141,45,160,139,31,58,183,107,38,112,55,119,152,92,156,53,110
157,150,74,35,181,43,150,46,22,75,155,180,284,105,82,80,118,300,176,16,106,183,106,64,110,46,102,81,84,196,260,492,106,147,40,158,134,26,71,177,107,25,126,61,130,165,108,194,68,130
246,178,85,35,233,52,170,72,75,42,166,241,378,131,103,123,160,391,207,24,108,184,134,82,145,38,132,107,96,289,284,539,116,213,46,223,206,28,101,220,121,41,167,79,170,170,149,213,78,146
447,369,172,78,441,99,404,142,155,166,175,469,799,298,203,232,348,723,426,59,236,435,255,167,263,105,302,215,212,579,673,1204,226,409,97,469,455,67,225,449,256,87,358,159,355,391,270,454,151,298
511,456,221,90,593,125,587,164,180,241,469,315,1059,390,285,324,369,1075,546,60,308,547,296,217,362,144,355,241,272,736,915,1633,312,515,127,610,517,88,281,625,358,111,435,218,432,529,385,602,210,370
828,819,346,149,966,184,887,270,284,378,799,1059,836,571,451,519,714,1553,947,117,478,928,524,361,622,213,612,424,434,1125,1386,2496,490,836,217,1018,839,156,500,1058,652,185,736,349,731,866,601,1004,336,591
379,300,123,65,355,85,321,90,105,131,298,390,571,107,175,182,240,571,347,39,165,342,197,123,231,74,217,121,170,373,484,907,181,292,88,325,348,59,145,367,216,70,276,134,260,297,217,337,130,248
325,225,107,56,284,71,279,80,82,103,203,285,451,175,62,134,208,496,244,35,167,267,147,97,184,65,190,123,153,309,389,746,138,274,71,275,257,41,119,296,169,53,194,107,216,263,163,296,96,172
355,238,105,53,290,67,289,96,80,123,232,324,519,182,134,82,207,560,307,31,165,284,156,109,188,62,186,118,154,363,422,781,152,261,69,284,274,35,138,332,210,53,209,109,238,270,177,318,109,208
373,346,183,70,391,83,359,110,118,160,348,369,714,240,208,207,119,668,411,47,214,423,240,155,253,105,272,180,176,466,559,1031,221,360,83,364,334,68,166,428,238,70,250,140,293,351,234,397,124,272
823,802,369,147,898,197,889,252,300,391,723,1075,1553,571,496,560,668,871,918,118,451,930,521,371,629,214,639,452,440,1135,1381,2421,503,816,214,975,846,155,472,1056,609,170,742,340,744,886,593,953,334,625
532,456,222,63,495,93,476,183,176,207,426,546,947,347,244,307,411,918,281,58,274,530,320,200,342,105,307,245,259,641,815,1416,315,440,134,574,494,98,261,547,332,112,367,187,447,526,350,508,197,385
71,48,27,11,77,15,66,10,16,24,59,60,117,39,35,31,47,118,58,3,25,54,38,18,55,21,50,30,27,78,116,177,40,57,11,59,50,9,28,69,42,13,52,14,58,56,35,69,27,34
326,204,117,55,280,77,270,77,106,108,236,308,478,165,167,165,214,451,274,25,64,296,169,112,192,64,175,118,137,340,406,770,149,252,61,268,286,55,127,312,179,50,210,96,241,267,178,287,109,211
556,414,210,88,521,101,434,164,183,184,435,547,928,342,267,284,423,930,530,54,296,276,311,181,334,132,323,237,274,648,803,1402,270,466,122,549,486,82,239,591,336,107,430,203,418,495,343,530,179,335
375,271,114,57,330,77,311,81,106,134,255,296,524,197,147,156,240,521,320,38,169,311,84,115,211,75,198,142,150,369,447,813,153,302,79,321,282,41,163,345,205,55,248,111,254,275,194,310,113,193
202,197,74,43,225,54,195,72,64,82,167,217,361,123,97,109,155,371,200,18,112,181,115,38,123,46,123,105,102,255,311,571,109,211,47,213,200,41,114,207,120,54,157,71,144,169,131,201,60,151
378,260,121,57,327,85,356,98,110,145,263,362,622,231,184,188,253,629,342,55,192,334,211,123,116,91,236,156,174,426,498,961,176,305,73,358,309,44,148,317,226,73,257,118,271,326,214,336,126,203
147,94,52,26,121,31,131,48,46,38,105,144,213,74,65,62,105,214,105,21,64,132,75,46,91,16,78,62,63,142,186,370,71,108,22,129,119,26,70,125,85,23,100,36,116,113,85,127,40,81
369,273,124,62,341,83,325,104,102,132,302,355,612,217,190,186,272,639,307,50,175,323,198,123,236,78,110,174,149,443,499,955,206,284,67,318,320,57,168,358,237,74,271,114,270,314,220,373,122,209
284,200,91,46,227,64,224,61,81,107,215,241,424,121,123,118,180,452,245,30,118,237,142,105,156,62,174,51,109,318,373,654,129,200,48,258,215,36,123,255,164,57,180,93,187,241,153,266,90,143
278,197,94,47,233,61,248,65,84,96,212,272,434,170,153,154,176,440,259,27,137,274,150,102,174,63,149,109,50,345,380,750,134,242,66,245,248,43,110,274,172,62,207,92,214,246,169,272,94,177
649,578,250,98,698,154,579,182,196,289,579,736,1125,373,309,363,466,1135,641,78,340,648,369,255,426,142,443,318,345,361,1030,1787,376,597,147,652,593,93,304,774,449,120,499,227,521,587,388,695,228,442
735,682,314,133,838,174,761,238,260,284,673,915,1386,484,389,422,559,1381,815,116,406,803,447,311,498,186,499,373,380,1030,582,2111,390,727,170,828,739,154,374,796,519,171,618,264,612,703,485,795,288,527
1225,1262,553,207,1382,319,1360,419,492,539,1204,1633,2496,907,746,781,1031,2421,1416,177,770,1402,813,571,961,370,955,654,750,1787,2111,1897,691,1344,352,1493,1318,238,720,1525,924,305,1076,538,1086,1313,917,1388,513,951
236,240,105,42,310,64,280,72,106,116,226,312,490,181,138,152,221,503,315,40,149,270,153,109,176,71,206,129,134,376,390,691,65,255,64,301,258,37,149,299,179,61,209,102,208,261,183,285,101,195
498,444,184,85,465,118,432,141,147,213,409,515,836,292,274,261,360,816,440,57,252,466,302,211,305,108,284,200,242,597,727,1344,255,212,94,529,440,74,246,575,319,87,365,154,361,457,299,499,154,338
108,94,51,21,117,24,110,45,40,46,97,127,217,88,71,69,83,214,134,11,61,122,79,47,73,22,67,48,66,147,170,352,64,94,17,142,116,24,67,108,76,22,97,40,96,109,72,89,46,69
539,449,224,87,535,132,526,160,158,223,469,610,1018,325,275,284,364,975,574,59,268,549,321,213,358,129,318,258,245,652,828,1493,301,529,142,283,538,78,251,609,374,105,413,179,412,517,322,588,222,415
488,399,161,62,510,94,462,139,134,206,455,517,839,348,257,274,334,846,494,50,286,486,282,200,309,119,320,215,248,593,739,1318,258,440,116,538,196,83,227,511,302,89,330,164,356,403,312,518,162,333
92,66,32,15,71,23,88,31,26,28,67,88,156,59,41,35,68,155,98,9,55,82,41,41,44,26,57,36,43,93,154,238,37,74,24,78,83,8,40,96,55,15,74,31,62,76,48,82,37,50
233,230,90,44,248,46,220,58,71,101,225,281,500,145,119,138,166,472,261,28,127,239,163,114,148,70,168,123,110,304,374,720,149,246,67,251,227,40,53,291,180,61,177,89,180,240,144,266,97,176
492,450,188,96,554,122,520,183,177,220,449,625,1058,367,296,332,428,1056,547,69,312,591,345,207,317,125,358,255,274,774,796,1525,299,575,108,609,511,96,291,282,363,127,410,189,420,520,370,582,213,364
296,285,125,66,318,78,319,107,107,121,256,358,652,216,169,210,238,609,332,42,179,336,205,120,226,85,237,164,172,449,519,924,179,319,76,374,302,55,180,363,96,73,262,122,254,340,209,366,126,210
91,114,32,16,97,29,114,38,25,41,87,111,185,70,53,53,70,170,112,13,50,107,55,54,73,23,74,57,62,120,171,305,61,87,22,105,89,15,61,127,73,15,79,37,96,105,53,120,37,65
351,326,149,51,399,69,362,112,126,167,358,435,736,276,194,209,250,742,367,52,210,430,248,157,257,100,271,180,207,499,618,1076,209,365,97,413,330,74,177,410,262,79,134,146,344,338,260,368,152,263
202,173,88,25,218,39,167,55,61,79,159,218,349,134,107,109,140,340,187,14,96,203,111,71,118,36,114,93,92,227,264,538,102,154,40,179,164,31,89,189,122,37,146,30,149,176,106,209,89,114
430,347,160,73,448,99,374,119,130,170,355,432,731,260,216,238,293,744,447,58,241,418,254,144,271,116,270,187,214,521,612,1086,208,361,96,412,356,62,180,420,254,96,344,149,154,376,282,414,165,277
423,427,199,77,458,109,468,152,165,170,391,529,866,297,263,270,351,886,526,56,267,495,275,169,326,113,314,241,246,587,703,1313,261,457,109,517,403,76,240,520,340,105,338,176,376,215,291,493,185,345
335,275,124,58,313,64,321,92,108,149,270,385,601,217,163,177,234,593,350,35,178,343,194,131,214,85,220,153,169,388,485,917,183,299,72,322,312,48,144,370,209,53,260,106,282,291,99,325,138,196
529,435,225,78,541,125,494,156,194,213,454,602,1004,337,296,318,397,953,508,69,287,530,310,201,336,127,373,266,272,695,795,1388,285,499,89,588,518,82,266,582,366,120,368,209,414,493,325,272,207,330
187,174,76,28,224,51,180,53,68,78,151,210,336,130,96,109,124,334,197,27,109,179,113,60,126,40,122,90,94,228,288,513,101,154,46,222,162,37,97,213,126,37,152,89,165,185,138,207,38,118
436,301,158,63,353,70,303,110,130,146,298,370,591,248,172,208,272,625,385,34,211,335,193,151,203,81,209,143,177,442,527,951,195,338,69,415,333,50,176,364,210,65,263,114,277,345,196,330,118,110
