240,447,205,84,523,107,478,189,168,262,442,532,797,361,318,363,390,807,537,70,339,546,375,220,347,133,371,279,293,647,727,1194,248,517,113,527,512,86,242,480,304,119,376,177,413,428,347,493,165,407
447,194,173,81,447,108,409,122,148,183,359,502,782,291,229,268,336,801,430,46,240,442,256,169,261,105,268,213,222,548,650,1220,245,422,104,421,440,76,201,453,286,79,328,168,328,386,270,420,179,267
205,173,39,36,218,46,196,52,68,85,160,193,337,139,105,108,140,365,214,24,109,218,110,93,124,53,128,77,101,252,306,582,115,204,45,208,176,34,101,212,126,43,154,66,160,199,117,210,76,146
84,81,36,4,85,17,76,24,22,40,82,94,119,66,53,50,53,124,88,7,46,98,56,29,54,22,53,49,38,105,131,173,40,76,29,88,75,18,30,80,48,15,69,30,63,79,57,82,24,73
523,447,218,85,266,128,488,153,172,203,416,549,912,310,251,306,357,872,467,49,301,505,290,173,340,118,339,226,288,652,812,1452,291,497,118,553,521,85,250,573,347,91,374,201,397,502,313,549,191,364
107,108,46,17,128,19,108,32,38,51,109,132,174,78,67,67,73,180,113,9,57,122,76,41,77,39,90,63,56,120,180,277,46,103,37,111,109,19,56,118,73,23,82,39,94,99,65,120,46,83
478,409,196,76,488,108,247,150,151,194,421,547,836,334,269,284,332,838,501,48,287,538,298,199,295,122,340,227,240,598,736,1379,272,427,121,510,474,78,244,539,318,110,358,176,375,461,314,482,166,311
189,122,52,24,153,32,150,24,43,65,140,160,284,104,85,83,109,279,162,13,98,174,84,70,89,36,103,86,66,194,246,415,68,140,35,141,132,30,69,164,88,38,122,67,121,132,100,164,53,111
168,148,68,22,172,38,151,43,21,56,145,182,291,102,87,87,101,313,169,24,84,182,85,67,97,39,108,77,90,216,240,463,96,160,42,177,138,31,78,186,123,42,110,54,133,192,107,177,64,98
262,183,85,40,203,51,194,65,56,49,165,224,344,141,131,128,155,364,183,29,125,208,135,72,144,39,121,110,96,245,289,539,110,193,52,219,201,33,93,246,145,35,168,73,181,168,129,215,80,144
442,359,160,82,416,109,421,140,145,165,169,476,758,286,247,256,299,773,418,45,238,461,235,157,298,99,272,227,198,542,674,1144,219,391,107,467,408,71,184,481,274,71,343,149,372,387,268,481,185,286
532,502,193,94,549,132,547,160,182,224,476,332,994,356,270,340,385,1056,587,83,274,602,354,234,366,128,390,258,268,719,853,1574,335,557,113,607,510,113,298,573,390,114,428,219,441,555,337,612,215,383
797,782,337,119,912,174,836,284,291,344,758,994,803,611,455,534,619,1520,947,117,498,954,543,374,587,225,589,422,446,1143,1380,2554,484,821,207,978,858,153,449,961,608,183,693,340,733,813,548,940,330,612
361,291,139,66,310,78,334,104,102,141,286,356,611,114,177,190,232,614,292,37,194,330,200,140,229,94,230,157,167,389,552,930,192,302,73,339,322,54,157,351,206,70,224,125,275,304,222,340,145,221
318,229,105,53,251,67,269,85,87,131,247,270,455,177,67,134,181,473,271,21,169,275,148,116,178,72,180,131,109,302,402,747,130,256,55,261,242,41,123,277,166,50,204,100,220,266,154,282,94,208
363,268,108,50,306,67,284,83,87,128,256,340,534,190,134,83,195,508,302,24,167,297,165,120,181,70,189,119,117,364,455,825,159,282,80,287,265,50,131,319,196,59,212,127,223,308,181,304,121,223
390,336,140,53,357,73,332,109,101,155,299,385,619,232,181,195,130,624,369,45,182,373,216,155,233,82,234,170,193,436,568,991,187,323,89,374,346,66,176,362,231,85,286,141,308,341,229,350,143,257
807,801,365,124,872,180,838,279,313,364,773,1056,1520,614,473,508,624,859,936,108,507,896,560,352,624,219,591,426,427,1119,1407,2463,505,862,230,1006,887,155,457,943,647,191,693,354,718,796,549,886,325,637
537,430,214,88,467,113,501,162,169,183,418,587,947,292,271,302,369,936,244,66,263,515,325,188,324,114,332,226,246,657,817,1415,274,493,123,553,510,83,247,559,318,117,381,202,366,473,292,556,173,360
70,46,24,7,49,9,48,13,24,29,45,83,117,37,21,24,45,108,66,1,34,56,41,25,34,12,34,25,35,68,92,180,29,57,16,63,67,12,35,68,31,16,48,26,41,47,33,67,24,61
339,240,109,46,301,57,287,98,84,125,238,274,498,194,169,167,182,507,263,34,67,247,165,114,179,56,185,125,137,357,405,817,155,266,68,283,275,41,127,312,182,68,212,109,228,269,180,261,96,173
546,442,218,98,505,122,538,174,182,208,461,602,954,330,275,297,373,896,515,56,247,289,298,220,349,123,337,214,237,671,799,1438,296,491,114,549,508,91,259,565,315,131,393,207,423,453,336,546,185,389
375,256,110,56,290,76,298,84,85,135,235,354,543,200,148,165,216,560,325,41,165,298,83,121,191,66,216,145,156,362,466,830,164,300,78,342,285,43,153,321,188,54,220,109,215,265,161,322,113,208
220,169,93,29,173,41,199,70,67,72,157,234,374,140,116,120,155,352,188,25,114,220,121,39,156,56,147,91,96,255,315,589,122,174,36,242,214,35,96,199,123,40,146,65,155,171,136,199,74,131
347,261,124,54,340,77,295,89,97,144,298,366,587,229,178,181,233,624,324,34,179,349,191,156,116,88,219,151,155,440,479,892,182,296,79,337,307,49,173,334,226,56,235,101,245,287,208,349,134,207
133,105,53,22,118,39,122,36,39,39,99,128,225,94,72,70,82,219,114,12,56,123,66,56,88,12,68,57,67,174,202,348,68,102,39,151,123,24,51,142,77,20,96,49,113,116,61,122,46,69
371,268,128,53,339,90,340,103,108,121,272,390,589,230,180,189,234,591,332,34,185,337,216,147,219,68,109,152,185,435,533,939,193,284,90,385,322,59,179,380,222,69,277,112,289,272,203,339,124,206
279,213,77,49,226,63,227,86,77,110,227,258,422,157,131,119,170,426,226,25,125,214,145,91,151,57,152,53,126,285,338,683,153,225,53,231,235,28,137,247,146,42,185,78,174,208,137,263,105,157
293,222,101,38,288,56,240,66,90,96,198,268,446,167,109,117,193,427,246,35,137,237,156,96,155,67,185,126,69,300,374,678,154,255,66,261,238,41,138,248,149,43,185,70,186,240,159,275,81,168
647,548,252,105,652,120,598,194,216,245,542,719,1143,389,302,364,436,1119,657,68,357,671,362,255,440,174,435,285,300,378,1002,1843,336,581,139,663,613,123,353,645,405,125,511,231,546,595,404,679,262,422
727,650,306,131,812,180,736,246,240,289,674,853,1380,552,402,455,568,1407,817,92,405,799,466,315,479,202,533,338,374,1002,552,2130,422,720,191,850,711,124,381,780,539,140,574,278,608,757,515,754,265,487
1194,1220,582,173,1452,277,1379,415,463,539,1144,1574,2554,930,747,825,991,2463,1415,180,817,1438,830,589,892,348,939,683,678,1843,2130,1977,779,1306,322,1559,1286,253,682,1515,984,301,1053,530,1102,1270,922,1449,495,944
248,245,115,40,291,46,272,68,96,110,219,335,484,192,130,159,187,505,274,29,155,296,164,122,182,68,193,153,154,336,422,779,66,230,71,288,278,43,125,293,190,49,201,107,244,232,160,291,95,195
517,422,204,76,497,103,427,140,160,193,391,557,821,302,256,282,323,862,493,57,266,491,300,174,296,102,284,225,255,581,720,1306,230,230,101,458,471,90,218,522,276,103,358,192,380,449,287,501,177,334
113,104,45,29,118,37,121,35,42,52,107,113,207,73,55,80,89,230,123,16,68,114,78,36,79,39,90,53,66,139,191,322,71,101,6,121,109,23,57,127,74,23,94,43,89,107,74,117,37,84
527,421,208,88,553,111,510,141,177,219,467,607,978,339,261,287,374,1006,553,63,283,549,342,242,337,151,385,231,261,663,850,1559,288,458,121,302,513,101,260,575,347,109,416,202,443,512,356,559,213,349
512,440,176,75,521,109,474,132,138,201,408,510,858,322,242,265,346,887,510,67,275,508,285,214,307,123,322,235,238,613,711,1286,278,471,109,513,218,94,232,513,305,91,360,177,357,476,302,475,181,347
86,76,34,18,85,19,78,30,31,33,71,113,153,54,41,50,66,155,83,12,41,91,43,35,49,24,59,28,41,123,124,253,43,90,23,101,94,7,43,98,51,14,78,31,58,92,38,111,30,65
242,201,101,30,250,56,244,69,78,93,184,298,449,157,123,131,176,457,247,35,127,259,153,96,173,51,179,137,138,353,381,682,125,218,57,260,232,43,65,245,163,54,194,90,202,229,161,289,87,192
480,453,212,80,573,118,539,164,186,246,481,573,961,351,277,319,362,943,559,68,312,565,321,199,334,142,380,247,248,645,780,1515,293,522,127,575,513,98,245,310,353,106,389,206,426,491,350,561,203,399
304,286,126,48,347,73,318,88,123,145,274,390,608,206,166,196,231,647,318,31,182,315,188,123,226,77,222,146,149,405,539,984,190,276,74,347,305,51,163,353,90,68,241,134,286,325,204,376,105,220
119,79,43,15,91,23,110,38,42,35,71,114,183,70,50,59,85,191,117,16,68,131,54,40,56,20,69,42,43,125,140,301,49,103,23,109,91,14,54,106,68,13,84,45,81,95,57,116,30,67
376,328,154,69,374,82,358,122,110,168,343,428,693,224,204,212,286,693,381,48,212,393,220,146,235,96,277,185,185,511,574,1053,201,358,94,416,360,78,194,389,241,84,151,150,283,359,242,415,122,280
177,168,66,30,201,39,176,67,54,73,149,219,340,125,100,127,141,354,202,26,109,207,109,65,101,49,112,78,70,231,278,530,107,192,43,202,177,31,90,206,134,45,150,45,139,185,122,194,73,140
413,328,160,63,397,94,375,121,133,181,372,441,733,275,220,223,308,718,366,41,228,423,215,155,245,113,289,174,186,546,608,1102,244,380,89,443,357,58,202,426,286,81,283,139,156,352,246,415,147,289
428,386,199,79,502,99,461,132,192,168,387,555,813,304,266,308,341,796,473,47,269,453,265,171,287,116,272,208,240,595,757,1270,232,449,107,512,476,92,229,491,325,95,359,185,352,181,312,470,176,314
347,270,117,57,313,65,314,100,107,129,268,337,548,222,154,181,229,549,292,33,180,336,161,136,208,61,203,137,159,404,515,922,160,287,74,356,302,38,161,350,204,57,242,122,246,312,106,341,112,222
493,420,210,82,549,120,482,164,177,215,481,612,940,340,282,304,350,886,556,67,261,546,322,199,349,122,339,263,275,679,754,1449,291,501,117,559,475,111,289,561,376,116,415,194,415,470,341,247,183,368
165,179,76,24,191,46,166,53,64,80,185,215,330,145,94,121,143,325,173,24,96,185,113,74,134,46,124,105,81,262,265,495,95,177,37,213,181,30,87,203,105,30,122,73,147,176,112,183,33,149
407,267,146,73,364,83,311,111,98,144,286,383,612,221,208,223,257,637,360,61,173,389,208,131,207,69,206,157,168,422,487,944,195,334,84,349,347,65,192,399,220,67,280,140,289,314,222,368,149,99
