269,471,248,82,502,111,493,152,164,247,490,521,798,346,324,358,342,811,498,77,342,549,325,212,349,156,423,251,294,593,739,1187,255,482,125,527,490,75,258,467,314,104,353,176,433,376,365,471,151,374
471,191,171,70,427,88,410,133,152,175,366,491,777,292,226,244,323,797,499,44,217,499,235,174,305,98,297,193,225,508,657,1225,228,399,102,431,399,74,227,447,264,80,333,184,379,417,268,466,149,298
248,171,40,36,205,42,176,48,69,89,170,203,373,138,114,114,149,378,192,31,124,205,115,77,98,38,116,94,83,233,294,605,119,177,54,201,170,41,100,208,120,37,157,76,128,197,103,204,83,139
82,70,36,6,98,12,76,21,31,42,93,103,123,47,53,48,58,155,87,8,55,80,39,25,52,20,68,44,38,125,106,229,38,82,21,80,61,15,43,82,67,21,68,35,72,74,67,85,37,60
502,427,205,98,280,105,495,172,180,190,436,557,894,334,280,272,346,951,517,59,268,516,326,201,326,135,356,243,262,656,730,1430,247,463,106,491,478,81,295,555,332,106,410,176,436,455,351,574,192,341
111,88,42,12,105,10,93,35,33,44,86,112,183,65,77,81,85,213,111,9,67,111,61,41,83,30,87,62,44,140,170,330,60,102,24,111,84,15,61,116,67,27,92,41,99,97,88,104,44,67
493,410,176,76,495,93,213,144,147,184,380,549,839,303,262,266,347,840,478,60,268,475,292,168,306,135,333,232,239,625,713,1347,246,406,114,468,409,85,250,484,317,91,388,187,345,456,314,467,175,307
152,133,48,21,172,35,144,19,46,69,136,198,283,94,73,82,112,262,158,15,87,167,89,60,106,39,107,80,77,179,242,452,86,130,41,156,145,27,82,186,111,38,125,56,132,142,98,162,60,101
164,152,69,31,180,33,147,46,23,75,136,178,326,105,72,84,121,319,156,22,81,131,93,63,107,39,103,75,68,221,225,473,90,150,42,182,139,33,94,186,110,40,113,61,115,162,113,166,60,91
247,175,89,42,190,44,184,69,75,56,167,242,401,162,121,109,140,366,213,27,103,212,142,79,136,49,127,118,101,253,302,535,131,196,45,192,214,29,86,212,133,41,164,57,155,203,142,183,87,162
490,366,170,93,436,86,380,136,136,167,170,492,740,294,228,234,295,740,403,65,238,431,269,160,258,109,295,203,204,552,600,1134,235,386,99,455,383,71,215,442,274,86,326,143,349,398,265,381,142,305
521,491,203,103,557,112,549,198,178,242,492,314,977,378,311,328,425,992,616,65,307,610,334,212,371,152,386,260,254,716,857,1535,317,558,115,608,515,82,248,626,406,104,432,211,454,507,385,589,191,369
798,777,373,123,894,183,839,283,326,401,740,977,784,569,460,516,626,1426,906,116,506,909,540,340,562,225,605,440,462,1151,1397,2392,475,876,207,917,821,154,463,937,606,193,724,334,689,885,564,911,300,610
346,292,138,47,334,65,303,94,105,162,294,378,569,93,184,184,237,589,332,51,165,308,200,108,194,75,212,154,148,405,485,900,170,313,72,337,275,44,155,352,207,80,248,116,227,324,204,367,120,228
324,226,114,53,280,77,262,73,72,121,228,311,460,184,64,113,227,429,265,34,159,265,165,106,171,70,176,115,133,343,368,723,149,276,50,262,256,54,126,272,186,56,216,74,212,274,163,274,82,181
358,244,114,48,272,81,266,82,84,109,234,328,516,184,113,64,230,496,299,31,165,296,139,101,175,70,174,129,151,337,412,765,170,311,59,287,296,65,129,276,178,59,215,87,207,277,166,301,94,200
342,323,149,58,346,85,347,112,121,140,295,425,626,237,227,230,143,624,396,41,194,425,246,140,254,94,249,189,185,424,559,1031,203,352,92,377,385,63,206,364,245,71,263,147,305,305,242,378,140,235
811,797,378,155,951,213,840,262,319,366,740,992,1426,589,429,496,624,815,934,132,506,947,498,366,570,211,618,435,467,1109,1384,2380,448,836,195,910,822,166,439,927,580,199,646,333,705,825,584,898,290,609
498,499,192,87,517,111,478,158,156,213,403,616,906,332,265,299,396,934,258,69,273,487,332,176,344,129,352,230,277,613,755,1450,286,460,147,590,467,86,280,544,351,119,405,191,402,442,323,515,199,341
77,44,31,8,59,9,60,15,22,27,65,65,116,51,34,31,41,132,69,2,50,70,38,36,34,18,35,34,22,79,109,183,38,53,11,62,61,12,33,63,42,17,53,27,56,55,43,69,29,47
342,217,124,55,268,67,268,87,81,103,238,307,506,165,159,165,194,506,273,50,82,277,179,107,176,73,184,114,156,352,396,810,167,250,69,281,272,40,122,262,174,69,243,94,225,240,160,313,116,206
549,499,205,80,516,111,475,167,131,212,431,610,909,308,265,296,425,947,487,70,277,260,328,191,360,140,383,222,257,623,758,1409,267,461,133,595,448,80,292,528,351,118,397,196,396,438,310,562,196,353
325,235,115,39,326,61,292,89,93,142,269,334,540,200,165,139,246,498,332,38,179,328,86,113,182,69,165,135,148,369,446,870,165,264,55,323,263,43,155,319,214,57,258,127,244,278,185,333,102,215
212,174,77,25,201,41,168,60,63,79,160,212,340,108,106,101,140,366,176,36,107,191,113,37,132,55,129,113,97,229,282,542,104,201,53,199,154,34,103,176,121,39,141,81,159,161,130,217,94,150
349,305,98,52,326,83,306,106,107,136,258,371,562,194,171,175,254,570,344,34,176,360,182,132,98,82,227,160,158,393,491,982,175,304,76,339,281,56,182,343,215,80,269,118,238,296,197,355,119,258
156,98,38,20,135,30,135,39,39,49,109,152,225,75,70,70,94,211,129,18,73,140,69,55,82,12,69,61,70,134,193,378,83,121,21,131,105,18,69,134,98,24,103,54,101,125,80,142,57,82
423,297,116,68,356,87,333,107,103,127,295,386,605,212,176,174,249,618,352,35,184,383,165,129,227,69,103,158,167,395,506,984,216,323,80,353,290,44,174,352,244,69,281,140,282,304,200,357,127,241
251,193,94,44,243,62,232,80,75,118,203,260,440,154,115,129,189,435,230,34,114,222,135,113,160,61,158,49,119,275,345,694,136,210,52,219,226,33,132,266,161,45,208,88,191,244,158,256,94,170
294,225,83,38,262,44,239,77,68,101,204,254,462,148,133,151,185,467,277,22,156,257,148,97,158,70,167,119,67,320,388,739,129,216,64,253,218,39,108,266,170,47,200,99,206,206,167,255,105,195
593,508,233,125,656,140,625,179,221,253,552,716,1151,405,343,337,424,1109,613,79,352,623,369,229,393,134,395,275,320,385,983,1770,332,597,139,651,573,110,331,668,422,128,514,222,492,603,390,668,241,401
739,657,294,106,730,170,713,242,225,302,600,857,1397,485,368,412,559,1384,755,109,396,758,446,282,491,193,506,345,388,983,580,2122,423,707,168,869,724,120,388,784,522,167,578,286,615,694,463,777,287,535
1187,1225,605,229,1430,330,1347,452,473,535,1134,1535,2392,900,723,765,1031,2380,1450,183,810,1409,870,542,982,378,984,694,739,1770,2122,1884,709,1299,307,1491,1301,245,699,1434,897,294,1021,509,1163,1308,890,1397,485,980
255,228,119,38,247,60,246,86,90,131,235,317,475,170,149,170,203,448,286,38,167,267,165,104,175,83,216,136,129,332,423,709,56,232,60,305,248,43,153,261,173,65,213,106,214,252,173,291,99,195
482,399,177,82,463,102,406,130,150,196,386,558,876,313,276,311,352,836,460,53,250,461,264,201,304,121,323,210,216,597,707,1299,232,213,116,512,434,70,253,480,305,108,393,171,395,447,311,500,177,313
125,102,54,21,106,24,114,41,42,45,99,115,207,72,50,59,92,195,147,11,69,133,55,53,76,21,80,52,64,139,168,307,60,116,14,120,97,18,53,125,70,25,80,34,99,99,78,130,33,69
527,431,201,80,491,111,468,156,182,192,455,608,917,337,262,287,377,910,590,62,281,595,323,199,339,131,353,219,253,651,869,1491,305,512,120,286,502,80,279,558,367,115,394,206,413,504,317,524,190,349
490,399,170,61,478,84,409,145,139,214,383,515,821,275,256,296,385,822,467,61,272,448,263,154,281,105,290,226,218,573,724,1301,248,434,97,502,200,77,245,472,311,92,348,160,370,417,288,523,164,347
75,74,41,15,81,15,85,27,33,29,71,82,154,44,54,65,63,166,86,12,40,80,43,34,56,18,44,33,39,110,120,245,43,70,18,80,77,13,48,88,40,17,63,41,65,96,53,94,31,58
258,227,100,43,295,61,250,82,94,86,215,248,463,155,126,129,206,439,280,33,122,292,155,103,182,69,174,132,108,331,388,699,153,253,53,279,245,48,65,288,161,58,200,97,210,230,166,244,93,166
467,447,208,82,555,116,484,186,186,212,442,626,937,352,272,276,364,927,544,63,262,528,319,176,343,134,352,266,266,668,784,1434,261,480,125,558,472,88,288,261,345,108,398,180,389,459,340,523,189,376
314,264,120,67,332,67,317,111,110,133,274,406,606,207,186,178,245,580,351,42,174,351,214,121,215,98,244,161,170,422,522,897,173,305,70,367,311,40,161,345,105,75,256,113,276,287,190,332,125,258
104,80,37,21,106,27,91,38,40,41,86,104,193,80,56,59,71,199,119,17,69,118,57,39,80,24,69,45,47,128,167,294,65,108,25,115,92,17,58,108,75,16,108,37,80,104,67,117,40,75
353,333,157,68,410,92,388,125,113,164,326,432,724,248,216,215,263,646,405,53,243,397,258,141,269,103,281,208,200,514,578,1021,213,393,80,394,348,63,200,398,256,108,126,134,296,353,257,428,136,281
176,184,76,35,176,41,187,56,61,57,143,211,334,116,74,87,147,333,191,27,94,196,127,81,118,54,140,88,99,222,286,509,106,171,34,206,160,41,97,180,113,37,134,33,149,177,119,188,57,121
433,379,128,72,436,99,345,132,115,155,349,454,689,227,212,207,305,705,402,56,225,396,244,159,238,101,282,191,206,492,615,1163,214,395,99,413,370,65,210,389,276,80,296,149,138,365,259,402,144,295
376,417,197,74,455,97,456,142,162,203,398,507,885,324,274,277,305,825,442,55,240,438,278,161,296,125,304,244,206,603,694,1308,252,447,99,504,417,96,230,459,287,104,353,177,365,204,285,466,159,271
365,268,103,67,351,88,314,98,113,142,265,385,564,204,163,166,242,584,323,43,160,310,185,130,197,80,200,158,167,390,463,890,173,311,78,317,288,53,166,340,190,67,257,119,259,285,94,337,123,217
471,466,204,85,574,104,467,162,166,183,381,589,911,367,274,301,378,898,515,69,313,562,333,217,355,142,357,256,255,668,777,1397,291,500,130,524,523,94,244,523,332,117,428,188,402,466,337,266,178,357
151,149,83,37,192,44,175,60,60,87,142,191,300,120,82,94,140,290,199,29,116,196,102,94,119,57,127,94,105,241,287,485,99,177,33,190,164,31,93,189,125,40,136,57,144,159,123,178,29,125
374,298,139,60,341,67,307,101,91,162,305,369,610,228,181,200,235,609,341,47,206,353,215,150,258,82,241,170,195,401,535,980,195,313,69,349,347,58,166,376,258,75,281,121,295,271,217,357,125,95
