266,455,235,103,486,116,464,174,175,234,452,505,782,370,320,354,329,833,504,62,296,501,338,201,341,137,353,296,279,596,710,1211,226,491,100,525,473,89,247,452,298,108,372,189,411,422,343,494,151,340
455,194,163,61,422,82,388,131,156,185,351,516,818,269,198,236,301,785,429,59,236,449,264,166,262,114,284,233,218,539,614,1241,251,439,95,426,407,88,220,418,285,72,333,165,319,401,253,450,166,282
235,163,43,38,210,54,171,58,67,86,197,228,357,133,96,106,152,359,208,24,109,203,118,84,131,50,136,83,95,219,290,571,102,180,48,220,193,34,91,225,145,36,156,77,142,186,109,224,70,139
103,61,38,5,83,15,74,28,50,36,61,100,122,54,42,44,64,138,80,4,49,97,40,38,50,27,65,47,46,97,128,202,41,76,13,73,84,10,46,82,48,14,65,32,60,74,51,78,33,47
486,422,210,83,255,103,507,145,180,196,381,582,928,324,245,268,374,919,514,63,267,543,294,217,317,116,342,265,268,633,801,1435,293,482,120,550,510,93,256,504,327,102,350,200,438,476,287,552,188,325
116,82,54,15,103,7,107,34,47,47,101,137,181,69,56,68,79,166,115,12,70,116,53,61,73,33,78,63,62,129,170,248,48,118,16,113,102,16,51,113,78,23,91,43,83,108,63,108,31,79
464,388,171,74,507,107,217,148,172,201,406,516,833,306,229,251,327,836,461,82,278,477,288,192,310,126,319,236,241,638,659,1289,243,463,105,496,423,77,227,503,279,90,369,182,349,442,310,484,182,335
174,131,58,28,145,34,148,23,57,78,135,185,256,105,76,68,111,266,160,31,76,163,91,60,108,35,92,68,73,197,226,449,82,152,50,163,144,20,68,169,107,20,124,54,125,129,106,175,61,115
175,156,67,50,180,47,172,57,38,70,134,171,307,106,88,104,126,301,189,26,107,173,99,56,91,36,110,85,81,177,253,469,95,168,45,145,170,26,79,171,113,29,115,73,137,170,104,150,66,102
234,185,86,36,196,47,201,78,70,43,175,214,372,135,133,121,158,387,222,30,136,221,128,90,146,42,135,102,106,281,272,577,95,199,42,214,191,26,108,205,120,39,162,89,169,173,127,211,70,137
452,351,197,61,381,101,406,135,134,175,193,469,698,280,238,261,307,788,442,61,252,456,239,163,314,109,299,223,211,557,590,1157,202,399,85,476,386,74,219,451,274,84,287,158,342,386,244,430,133,297
505,516,228,100,582,137,516,185,171,214,469,289,966,356,321,311,405,972,585,69,306,599,303,194,380,142,373,256,271,675,871,1548,300,510,126,600,524,103,282,598,379,113,397,189,418,523,356,565,201,369
782,818,357,122,928,181,833,256,307,372,698,966,811,530,503,554,678,1447,927,127,513,929,552,314,564,234,604,399,456,1109,1348,2310,490,742,216,935,747,163,449,931,557,190,668,345,683,828,565,906,313,615
370,269,133,54,324,69,306,105,106,135,280,356,530,110,170,188,248,613,319,55,193,345,193,138,202,91,227,155,146,394,456,903,159,303,79,354,306,51,167,316,210,57,263,121,239,299,222,350,125,218
320,198,96,42,245,56,229,76,88,133,238,321,503,170,78,153,185,531,239,34,145,272,156,91,180,81,195,119,108,310,394,788,148,262,70,260,223,47,118,245,142,48,207,95,199,236,158,263,114,184
354,236,106,44,268,68,251,68,104,121,261,311,554,188,153,95,201,574,286,38,156,299,164,108,188,85,211,140,130,374,425,828,168,263,63,310,248,56,126,310,198,42,221,96,228,255,179,277,117,195
329,301,152,64,374,79,327,111,126,158,307,405,678,248,185,201,134,679,362,41,196,365,207,121,233,92,249,195,181,482,538,1037,220,317,79,372,339,64,180,372,211,64,285,144,286,339,237,369,129,223
833,785,359,138,919,166,836,266,301,387,788,972,1447,613,531,574,679,803,884,116,519,908,545,336,560,255,627,423,454,1080,1391,2291,473,761,219,969,794,163,437,938,541,204,614,348,725,797,562,938,320,624
504,429,208,80,514,115,461,160,189,222,442,585,927,319,239,286,362,884,243,71,278,502,278,211,341,124,325,251,262,615,808,1420,276,452,115,544,486,83,263,537,318,98,366,187,399,483,285,525,185,333
62,59,24,4,63,12,82,31,26,30,61,69,127,55,34,38,41,116,71,5,34,57,36,34,47,17,47,23,31,74,77,153,36,59,23,69,82,11,38,70,53,13,48,25,60,45,40,66,26,40
296,236,109,49,267,70,278,76,107,136,252,306,513,193,145,156,196,519,278,34,65,284,146,106,179,79,182,98,130,345,433,844,146,277,68,278,257,47,131,311,174,60,211,109,209,268,172,265,113,167
501,449,203,97,543,116,477,163,173,221,456,599,929,345,272,299,365,908,502,57,284,257,322,213,345,148,390,210,285,651,739,1417,269,449,117,566,501,91,246,548,324,93,419,206,413,477,320,553,188,349
338,264,118,40,294,53,288,91,99,128,239,303,552,193,156,164,207,545,278,36,146,322,90,120,187,72,214,149,148,377,486,863,153,265,64,299,258,45,141,339,169,55,230,116,242,260,200,311,121,192
201,166,84,38,217,61,192,60,56,90,163,194,314,138,91,108,121,336,211,34,106,213,120,44,132,70,152,89,116,235,308,568,107,206,52,209,172,35,84,222,126,39,149,68,155,189,134,212,85,149
341,262,131,50,317,73,310,108,91,146,314,380,564,202,180,188,233,560,341,47,179,345,187,132,98,85,222,174,161,375,507,947,168,318,85,321,303,50,172,338,187,69,255,111,230,308,184,345,114,227
137,114,50,27,116,33,126,35,36,42,109,142,234,91,81,85,92,255,124,17,79,148,72,70,85,16,82,56,58,172,172,400,72,133,34,129,111,22,61,119,70,20,97,44,102,130,92,125,55,82
353,284,136,65,342,78,319,92,110,135,299,373,604,227,195,211,249,627,325,47,182,390,214,152,222,82,108,152,168,444,481,991,189,314,85,355,319,66,180,376,210,55,254,129,272,319,237,345,138,231
296,233,83,47,265,63,236,68,85,102,223,256,399,155,119,140,195,423,251,23,98,210,149,89,174,56,152,49,117,262,325,653,137,235,46,237,234,40,123,238,143,50,163,74,187,210,173,256,96,176
279,218,95,46,268,62,241,73,81,106,211,271,456,146,108,130,181,454,262,31,130,285,148,116,161,58,168,117,65,333,409,724,132,242,55,275,226,37,129,289,177,45,182,83,213,237,157,307,99,159
596,539,219,97,633,129,638,197,177,281,557,675,1109,394,310,374,482,1080,615,74,345,651,377,235,375,172,444,262,333,381,961,1767,330,594,151,640,584,121,325,685,383,132,479,210,489,571,376,654,245,420
710,614,290,128,801,170,659,226,253,272,590,871,1348,456,394,425,538,1391,808,77,433,739,486,308,507,172,481,325,409,961,586,2043,406,717,165,870,730,126,363,772,497,150,576,288,623,684,464,748,268,499
1211,1241,571,202,1435,248,1289,449,469,577,1157,1548,2310,903,788,828,1037,2291,1420,153,844,1417,863,568,947,400,991,653,724,1767,2043,1828,731,1370,304,1524,1259,242,728,1448,916,314,1038,491,1092,1234,834,1488,489,910
226,251,102,41,293,48,243,82,95,95,202,300,490,159,148,168,220,473,276,36,146,269,153,107,168,72,189,137,132,330,406,731,84,248,57,289,237,46,145,281,183,59,176,116,219,238,145,292,96,154
491,439,180,76,482,118,463,152,168,199,399,510,742,303,262,263,317,761,452,59,277,449,265,206,318,133,314,235,242,594,717,1370,248,204,110,495,479,66,241,519,290,102,379,178,364,419,312,492,174,316
100,95,48,13,120,16,105,50,45,42,85,126,216,79,70,63,79,219,115,23,68,117,64,52,85,34,85,46,55,151,165,304,57,110,10,127,91,21,70,109,74,29,70,46,92,102,81,110,33,65
525,426,220,73,550,113,496,163,145,214,476,600,935,354,260,310,372,969,544,69,278,566,299,209,321,129,355,237,275,640,870,1524,289,495,127,304,493,99,278,566,324,124,400,211,439,470,334,538,181,345
473,407,193,84,510,102,423,144,170,191,386,524,747,306,223,248,339,794,486,82,257,501,258,172,303,111,319,234,226,584,730,1259,237,479,91,493,218,85,230,503,303,105,386,189,381,452,293,469,160,318
89,88,34,10,93,16,77,20,26,26,74,103,163,51,47,56,64,163,83,11,47,91,45,35,50,22,66,40,37,121,126,242,46,66,21,99,85,7,46,107,60,16,57,26,68,86,51,82,30,57
247,220,91,46,256,51,227,68,79,108,219,282,449,167,118,126,180,437,263,38,131,246,141,84,172,61,180,123,129,325,363,728,145,241,70,278,230,46,59,259,168,42,199,82,201,219,165,263,97,173
452,418,225,82,504,113,503,169,171,205,451,598,931,316,245,310,372,938,537,70,311,548,339,222,338,119,376,238,289,685,772,1448,281,519,109,566,503,107,259,260,351,103,413,182,414,491,283,549,176,352
298,285,145,48,327,78,279,107,113,120,274,379,557,210,142,198,211,541,318,53,174,324,169,126,187,70,210,143,177,383,497,916,183,290,74,324,303,60,168,351,120,62,235,108,247,304,207,354,113,226
108,72,36,14,102,23,90,20,29,39,84,113,190,57,48,42,64,204,98,13,60,93,55,39,69,20,55,50,45,132,150,314,59,102,29,124,105,16,42,103,62,7,73,18,74,89,67,101,49,68
372,333,156,65,350,91,369,124,115,162,287,397,668,263,207,221,285,614,366,48,211,419,230,149,255,97,254,163,182,479,576,1038,176,379,70,400,386,57,199,413,235,73,124,148,317,354,248,348,133,253
189,165,77,32,200,43,182,54,73,89,158,189,345,121,95,96,144,348,187,25,109,206,116,68,111,44,129,74,83,210,288,491,116,178,46,211,189,26,82,182,108,18,148,38,139,162,122,181,71,124
411,319,142,60,438,83,349,125,137,169,342,418,683,239,199,228,286,725,399,60,209,413,242,155,230,102,272,187,213,489,623,1092,219,364,92,439,381,68,201,414,247,74,317,139,154,374,233,431,153,267
422,401,186,74,476,108,442,129,170,173,386,523,828,299,236,255,339,797,483,45,268,477,260,189,308,130,319,210,237,571,684,1234,238,419,102,470,452,86,219,491,304,89,354,162,374,187,248,474,152,321
343,253,109,51,287,63,310,106,104,127,244,356,565,222,158,179,237,562,285,40,172,320,200,134,184,92,237,173,157,376,464,834,145,312,81,334,293,51,165,283,207,67,248,122,233,248,83,293,113,217
494,450,224,78,552,108,484,175,150,211,430,565,906,350,263,277,369,938,525,66,265,553,311,212,345,125,345,256,307,654,748,1488,292,492,110,538,469,82,263,549,354,101,348,181,431,474,293,263,180,365
151,166,70,33,188,31,182,61,66,70,133,201,313,125,114,117,129,320,185,26,113,188,121,85,114,55,138,96,99,245,268,489,96,174,33,181,160,30,97,176,113,49,133,71,153,152,113,180,28,105
340,282,139,47,325,79,335,115,102,137,297,369,615,218,184,195,223,624,333,40,167,349,192,149,227,82,231,176,159,420,499,910,154,316,65,345,318,57,173,352,226,68,253,124,267,321,217,365,105,112
