255,465,229,97,500,127,470,173,180,258,447,524,811,365,309,319,399,827,533,66,322,503,350,214,369,167,392,272,269,597,648,1228,229,494,121,552,509,83,241,497,336,115,362,183,444,455,325,502,183,369
465,176,168,83,431,105,439,108,125,183,357,488,778,270,251,275,314,776,419,60,228,460,240,160,285,118,300,194,221,541,693,1220,228,404,107,463,414,73,225,474,285,98,329,157,356,403,255,450,164,281
229,168,33,39,193,56,210,59,58,82,178,247,387,134,121,114,160,368,187,16,95,189,115,83,148,54,141,94,78,246,308,584,117,181,50,197,205,28,88,220,138,40,143,76,183,214,127,231,78,130
97,83,39,2,90,16,82,25,17,36,87,85,166,66,51,55,72,162,95,19,55,83,43,31,56,31,73,36,52,129,120,210,43,77,18,83,80,17,38,82,46,12,71,42,81,73,71,89,30,74
500,431,193,90,257,115,489,141,144,194,415,577,979,338,268,285,368,969,515,61,248,528,305,188,326,133,341,239,234,679,774,1434,264,494,116,499,524,101,264,537,376,118,439,201,376,489,311,546,217,348
127,105,56,16,115,14,102,38,30,48,106,127,210,89,63,65,100,186,123,24,59,118,58,45,75,29,82,44,74,150,163,293,55,102,19,136,114,22,52,119,71,14,80,54,97,105,81,126,37,82
470,439,210,82,489,102,229,142,176,222,452,555,891,320,291,296,372,852,507,75,258,488,293,196,305,128,326,219,267,603,742,1389,266,452,92,525,442,80,236,527,300,96,351,194,377,490,323,509,171,359
173,108,59,25,141,38,142,20,50,75,139,165,265,92,80,84,110,258,161,16,90,172,79,61,109,41,93,74,66,177,216,420,69,155,31,165,135,25,83,141,80,39,117,57,120,133,111,168,50,107
180,125,58,17,144,30,176,50,24,80,130,181,292,112,77,96,127,293,170,25,81,164,94,53,99,45,113,84,70,221,246,464,86,161,37,161,142,23,83,189,127,30,116,69,119,131,88,172,68,99
258,183,82,36,194,48,222,75,80,43,187,217,379,142,102,129,165,356,240,21,134,224,118,88,150,69,162,100,102,244,305,533,100,192,47,211,200,40,115,238,136,58,164,81,167,208,106,218,70,172
447,357,178,87,415,106,452,139,130,187,192,441,736,278,200,253,304,739,441,62,246,435,240,200,281,117,309,231,241,485,627,1127,223,392,101,451,411,81,207,464,297,85,353,146,341,386,258,473,170,323
524,488,247,85,577,127,555,165,181,217,441,334,1058,332,287,302,421,1036,566,82,341,574,317,236,385,145,419,274,279,730,914,1654,343,514,124,582,496,105,308,607,352,122,417,221,456,494,347,574,210,397
811,778,387,166,979,210,891,265,292,379,736,1058,864,608,479,471,690,1505,956,133,512,930,569,364,597,214,611,403,444,1166,1394,2525,507,849,194,958,798,158,472,1012,635,191,679,365,754,877,575,928,313,622
365,270,134,66,338,89,320,92,112,142,278,332,608,103,171,169,240,609,363,41,189,336,209,126,232,86,202,178,165,368,483,926,203,321,96,342,306,64,164,329,205,65,234,113,286,309,184,333,140,264
309,251,121,51,268,63,291,80,77,102,200,287,479,171,63,129,198,464,243,25,146,260,153,112,193,63,173,122,146,311,382,699,133,251,54,281,283,42,130,273,166,48,218,108,235,244,152,292,91,163
319,275,114,55,285,65,296,84,96,129,253,302,471,169,129,82,221,487,292,36,144,294,143,123,191,61,183,131,154,335,436,754,149,280,51,309,303,55,133,317,187,50,241,105,251,271,164,296,99,211
399,314,160,72,368,100,372,110,127,165,304,421,690,240,198,221,116,669,373,39,214,387,232,140,233,96,244,159,168,432,523,1041,215,355,76,397,352,67,172,404,225,89,251,163,295,366,225,369,130,261
827,776,368,162,969,186,852,258,293,356,739,1036,1505,609,464,487,669,825,931,106,480,918,609,357,587,202,599,395,497,1160,1364,2502,530,828,204,965,793,157,430,993,620,178,646,375,709,850,573,942,331,612
533,419,187,95,515,123,507,161,170,240,441,566,956,363,243,292,373,931,263,59,288,458,291,217,318,138,320,237,256,630,725,1504,261,493,126,574,503,95,253,513,313,97,408,209,408,465,314,508,173,354
66,60,16,19,61,24,75,16,25,21,62,82,133,41,25,36,39,106,59,6,26,68,29,19,39,15,43,27,28,78,92,202,33,64,10,57,76,11,19,72,40,13,54,27,52,58,31,78,27,38
322,228,95,55,248,59,258,90,81,134,246,341,512,189,146,144,214,480,288,26,86,287,163,105,166,66,184,130,133,367,405,796,156,257,58,250,262,50,128,315,194,60,217,96,239,239,183,284,108,181
503,460,189,83,528,118,488,172,164,224,435,574,930,336,260,294,387,918,458,68,287,252,299,199,302,135,345,237,243,631,699,1523,294,513,140,559,480,99,258,523,322,102,408,219,391,497,319,486,199,367
350,240,115,43,305,58,293,79,94,118,240,317,569,209,153,143,232,609,291,29,163,299,84,118,212,78,181,128,142,377,460,837,173,261,64,311,258,46,144,307,198,65,247,113,233,249,183,316,125,197
214,160,83,31,188,45,196,61,53,88,200,236,364,126,112,123,140,357,217,19,105,199,118,33,130,47,122,84,98,272,304,567,102,184,56,223,178,30,113,234,144,38,165,71,166,177,129,240,74,141
369,285,148,56,326,75,305,109,99,150,281,385,597,232,193,191,233,587,318,39,166,302,212,130,106,85,211,145,150,424,500,932,177,327,85,364,292,40,160,366,259,67,281,113,249,319,200,361,114,220
167,118,54,31,133,29,128,41,45,69,117,145,214,86,63,61,96,202,138,15,66,135,78,47,85,17,66,55,64,173,185,332,70,121,34,129,124,18,68,138,80,29,87,41,95,107,81,150,52,81
392,300,141,73,341,82,326,93,113,162,309,419,611,202,173,183,244,599,320,43,184,345,181,122,211,66,99,149,164,397,504,952,178,344,86,365,329,57,171,371,250,70,265,110,262,314,205,346,144,241
272,194,94,36,239,44,219,74,84,100,231,274,403,178,122,131,159,395,237,27,130,237,128,84,145,55,149,50,117,284,369,653,122,216,62,229,232,40,119,253,135,60,157,89,189,217,141,232,89,156
269,221,78,52,234,74,267,66,70,102,241,279,444,165,146,154,168,497,256,28,133,243,142,98,150,64,164,117,61,299,388,718,149,256,66,259,219,43,119,270,158,50,222,93,208,240,141,279,90,174
597,541,246,129,679,150,603,177,221,244,485,730,1166,368,311,335,432,1160,630,78,367,631,377,272,424,173,397,284,299,392,946,1846,358,595,145,606,605,128,319,689,452,108,499,257,469,594,420,684,231,428
648,693,308,120,774,163,742,216,246,305,627,914,1394,483,382,436,523,1364,725,92,405,699,460,304,500,185,504,369,388,946,571,2104,398,697,198,795,702,139,387,847,508,154,590,301,579,704,446,743,258,512
1228,1220,584,210,1434,293,1389,420,464,533,1127,1654,2525,926,699,754,1041,2502,1504,202,796,1523,837,567,932,332,952,653,718,1846,2104,1983,766,1353,353,1547,1271,259,705,1496,1023,304,1072,539,1108,1358,881,1474,525,916
229,228,117,43,264,55,266,69,86,100,223,343,507,203,133,149,215,530,261,33,156,294,173,102,177,70,178,122,149,358,398,766,71,276,64,295,235,45,127,279,191,48,218,107,228,274,149,258,96,162
494,404,181,77,494,102,452,155,161,192,392,514,849,321,251,280,355,828,493,64,257,513,261,184,327,121,344,216,256,595,697,1353,276,213,104,483,427,90,247,497,313,106,338,220,381,441,312,514,180,353
121,107,50,18,116,19,92,31,37,47,101,124,194,96,54,51,76,204,126,10,58,140,64,56,85,34,86,62,66,145,198,353,64,104,10,130,111,25,54,137,75,18,91,31,104,117,74,120,32,76
552,463,197,83,499,136,525,165,161,211,451,582,958,342,281,309,397,965,574,57,250,559,311,223,364,129,365,229,259,606,795,1547,295,483,130,292,522,79,248,601,364,130,417,228,463,516,326,554,196,358
509,414,205,80,524,114,442,135,142,200,411,496,798,306,283,303,352,793,503,76,262,480,258,178,292,124,329,232,219,605,702,1271,235,427,111,522,203,79,231,548,311,115,374,191,399,411,300,525,179,347
83,73,28,17,101,22,80,25,23,40,81,105,158,64,42,55,67,157,95,11,50,99,46,30,40,18,57,40,43,128,139,259,45,90,25,79,79,10,51,90,59,19,63,45,60,71,50,81,43,58
241,225,88,38,264,52,236,83,83,115,207,308,472,164,130,133,172,430,253,19,128,258,144,113,160,68,171,119,119,319,387,705,127,247,54,248,231,51,59,265,179,51,179,98,201,230,157,252,81,159
497,474,220,82,537,119,527,141,189,238,464,607,1012,329,273,317,404,993,513,72,315,523,307,234,366,138,371,253,270,689,847,1496,279,497,137,601,548,90,265,296,346,116,395,195,455,528,355,557,209,370
336,285,138,46,376,71,300,80,127,136,297,352,635,205,166,187,225,620,313,40,194,322,198,144,259,80,250,135,158,452,508,1023,191,313,75,364,311,59,179,346,99,78,268,120,273,315,209,354,135,217
115,98,40,12,118,14,96,39,30,58,85,122,191,65,48,50,89,178,97,13,60,102,65,38,67,29,70,60,50,108,154,304,48,106,18,130,115,19,51,116,78,11,86,35,85,95,58,108,34,69
362,329,143,71,439,80,351,117,116,164,353,417,679,234,218,241,251,646,408,54,217,408,247,165,281,87,265,157,222,499,590,1072,218,338,91,417,374,63,179,395,268,86,146,141,352,345,240,389,148,261
183,157,76,42,201,54,194,57,69,81,146,221,365,113,108,105,163,375,209,27,96,219,113,71,113,41,110,89,93,257,301,539,107,220,31,228,191,45,98,195,120,35,141,36,145,178,113,220,63,125
444,356,183,81,376,97,377,120,119,167,341,456,754,286,235,251,295,709,408,52,239,391,233,166,249,95,262,189,208,469,579,1108,228,381,104,463,399,60,201,455,273,85,352,145,166,373,250,386,160,278
455,403,214,73,489,105,490,133,131,208,386,494,877,309,244,271,366,850,465,58,239,497,249,177,319,107,314,217,240,594,704,1358,274,441,117,516,411,71,230,528,315,95,345,178,373,200,303,467,168,316
325,255,127,71,311,81,323,111,88,106,258,347,575,184,152,164,225,573,314,31,183,319,183,129,200,81,205,141,141,420,446,881,149,312,74,326,300,50,157,355,209,58,240,113,250,303,85,332,104,192
502,450,231,89,546,126,509,168,172,218,473,574,928,333,292,296,369,942,508,78,284,486,316,240,361,150,346,232,279,684,743,1474,258,514,120,554,525,81,252,557,354,108,389,220,386,467,332,251,209,377
183,164,78,30,217,37,171,50,68,70,170,210,313,140,91,99,130,331,173,27,108,199,125,74,114,52,144,89,90,231,258,525,96,180,32,196,179,43,81,209,135,34,148,63,160,168,104,209,34,110
369,281,130,74,348,82,359,107,99,172,323,397,622,264,163,211,261,612,354,38,181,367,197,141,220,81,241,156,174,428,512,916,162,353,76,358,347,58,159,370,217,69,261,125,278,316,192,377,110,118
