259,439,194,99,490,106,469,171,170,247,443,491,874,366,321,318,345,812,480,72,320,477,355,177,352,173,369,296,294,589,676,1197,269,443,103,494,487,92,243,432,325,111,372,161,425,413,316,471,155,362
439,200,164,83,450,106,419,136,131,178,375,448,767,281,222,237,315,781,424,48,219,423,242,183,273,114,282,212,219,573,702,1194,239,392,101,431,393,62,229,479,289,94,310,152,325,404,275,456,160,315
194,164,38,34,202,41,180,58,55,70,164,211,345,106,107,111,143,388,184,24,92,203,128,89,135,46,117,74,86,271,317,542,109,176,36,214,172,39,109,178,128,38,159,67,167,232,130,219,67,139
99,83,34,6,64,14,74,24,19,35,72,92,144,48,47,51,66,135,81,11,56,69,62,23,62,36,63,47,44,94,110,237,50,66,16,105,82,10,42,74,53,14,51,26,68,72,53,87,25,72
490,450,202,64,254,105,460,166,178,203,420,561,925,327,273,303,382,875,493,54,294,512,298,193,340,134,336,260,221,598,792,1448,299,474,121,524,467,74,268,548,326,111,379,182,418,488,329,558,176,341
106,106,41,14,105,11,92,37,38,40,92,120,197,62,63,66,80,189,114,16,59,108,72,39,77,31,80,58,63,137,154,302,66,104,22,126,109,13,61,111,61,19,89,41,90,99,63,116,36,86
469,419,180,74,460,92,221,147,153,176,403,524,834,308,244,288,330,859,462,64,255,494,318,190,319,139,353,235,247,605,741,1319,250,433,109,513,448,88,239,515,289,93,354,172,391,380,304,473,149,341
171,136,58,24,166,37,147,21,56,70,136,179,281,114,82,72,93,291,133,19,82,146,89,49,86,29,87,69,78,204,208,407,97,161,36,144,152,25,64,177,87,28,114,54,114,161,101,163,49,94
170,131,55,19,178,38,153,56,24,72,157,167,276,110,89,103,113,305,172,19,73,185,105,74,110,47,122,78,90,199,234,454,103,158,35,174,137,28,99,162,121,40,151,58,144,157,102,171,53,125
247,178,70,35,203,40,176,70,72,41,141,200,374,137,84,90,178,359,201,21,130,173,115,79,148,54,146,105,105,258,303,615,101,208,45,193,176,29,113,213,133,43,158,87,160,203,112,228,76,147
443,375,164,72,420,92,403,136,157,141,172,449,754,303,202,222,317,764,454,56,243,421,249,185,294,119,293,213,246,522,649,1207,220,383,107,443,381,62,231,465,286,94,293,155,346,392,268,481,162,294
491,448,211,92,561,120,524,179,167,200,449,310,1010,363,297,332,391,1032,573,80,325,577,304,213,340,129,372,249,257,730,895,1636,318,527,102,606,511,105,300,561,335,136,417,186,407,534,335,601,177,350
874,767,345,144,925,197,834,281,276,374,754,1010,827,584,472,523,656,1436,900,123,520,957,571,378,570,236,593,409,424,1152,1352,2374,481,846,197,981,798,148,454,937,601,182,620,330,723,853,617,889,320,590
366,281,106,48,327,62,308,114,110,137,303,363,584,115,152,181,225,572,325,30,186,331,203,139,202,78,238,140,166,397,474,925,169,284,84,337,301,55,160,332,197,79,252,132,258,273,210,376,139,239
321,222,107,47,273,63,244,82,89,84,202,297,472,152,75,133,183,472,259,34,127,271,138,118,156,55,181,112,119,314,362,751,137,243,49,262,261,28,135,283,176,50,187,106,225,248,153,281,104,177
318,237,111,51,303,66,288,72,103,90,222,332,523,181,133,71,190,505,312,32,152,309,173,121,182,65,189,133,117,335,455,821,174,256,71,275,282,38,151,300,185,64,220,108,248,293,176,311,116,188
345,315,143,66,382,80,330,93,113,178,317,391,656,225,183,190,126,649,346,46,199,371,221,150,251,100,261,163,183,473,548,1014,206,380,96,370,343,75,163,374,232,88,278,128,288,332,193,378,138,259
812,781,388,135,875,189,859,291,305,359,764,1032,1436,572,472,505,649,728,885,123,493,960,536,376,538,249,586,439,460,1127,1383,2369,468,825,189,957,823,152,415,942,612,158,614,357,709,815,571,874,357,576
480,424,184,81,493,114,462,133,172,201,454,573,900,325,259,312,346,885,259,55,292,491,312,196,336,129,343,242,262,656,777,1390,292,489,110,527,490,80,245,603,334,100,387,182,375,486,320,542,184,318
72,48,24,11,54,16,64,19,19,21,56,80,123,30,34,32,46,123,55,2,34,67,38,27,45,18,44,32,32,68,106,197,40,53,6,63,57,10,26,88,34,8,43,26,56,51,42,67,23,41
320,219,92,56,294,59,255,82,73,130,243,325,520,186,127,152,199,493,292,34,69,309,171,118,184,73,179,122,131,364,403,778,113,302,64,296,245,43,138,287,169,61,238,106,230,272,159,251,104,191
477,423,203,69,512,108,494,146,185,173,421,577,957,331,271,309,371,960,491,67,309,285,329,205,346,131,359,257,259,710,747,1386,267,480,117,566,475,90,266,586,338,107,405,200,394,452,357,557,201,305
355,242,128,62,298,72,318,89,105,115,249,304,571,203,138,173,221,536,312,38,171,329,89,121,196,65,181,128,141,374,467,817,172,296,54,293,287,42,134,332,205,54,230,103,226,295,187,312,103,202
177,183,89,23,193,39,190,49,74,79,185,213,378,139,118,121,150,376,196,27,118,205,121,36,149,52,143,102,89,256,322,575,110,180,52,195,171,34,92,203,127,40,148,67,153,191,121,212,72,133
352,273,135,62,340,77,319,86,110,148,294,340,570,202,156,182,251,538,336,45,184,346,196,149,99,91,214,163,158,430,502,893,175,298,61,343,314,56,149,339,198,73,242,117,241,314,209,350,106,221
173,114,46,36,134,31,139,29,47,54,119,129,236,78,55,65,100,249,129,18,73,131,65,52,91,13,85,56,72,149,204,342,62,125,24,142,131,18,70,141,72,29,95,35,110,102,76,135,39,92
369,282,117,63,336,80,353,87,122,146,293,372,593,238,181,189,261,586,343,44,179,359,181,143,214,85,119,143,166,415,519,933,190,332,81,344,341,35,176,395,223,74,245,121,274,273,205,361,131,243
296,212,74,47,260,58,235,69,78,105,213,249,409,140,112,133,163,439,242,32,122,257,128,102,163,56,143,67,120,273,367,652,132,223,44,208,231,47,125,264,141,49,161,79,223,224,146,240,83,163
294,219,86,44,221,63,247,78,90,105,246,257,424,166,119,117,183,460,262,32,131,259,141,89,158,72,166,120,50,333,397,740,141,206,47,268,239,50,126,242,178,50,188,73,181,264,158,281,92,159
589,573,271,94,598,137,605,204,199,258,522,730,1152,397,314,335,473,1127,656,68,364,710,374,256,430,149,415,273,333,435,1009,1761,338,592,138,613,571,104,310,702,409,139,483,243,506,558,419,626,250,414
676,702,317,110,792,154,741,208,234,303,649,895,1352,474,362,455,548,1383,777,106,403,747,467,322,502,204,519,367,397,1009,547,2025,389,724,176,812,668,113,366,802,539,148,603,275,620,684,483,762,289,534
1197,1194,542,237,1448,302,1319,407,454,615,1207,1636,2374,925,751,821,1014,2369,1390,197,778,1386,817,575,893,342,933,652,740,1761,2025,1816,693,1304,327,1576,1294,267,661,1418,908,286,970,503,1085,1278,870,1378,500,966
269,239,109,50,299,66,250,97,103,101,220,318,481,169,137,174,206,468,292,40,113,267,172,110,175,62,190,132,141,338,389,693,59,257,53,315,245,42,157,260,177,67,194,99,200,215,162,240,83,207
443,392,176,66,474,104,433,161,158,208,383,527,846,284,243,256,380,825,489,53,302,480,296,180,298,125,332,223,206,592,724,1304,257,226,115,478,437,79,248,511,294,114,350,161,358,403,291,457,185,357
103,101,36,16,121,22,109,36,35,45,107,102,197,84,49,71,96,189,110,6,64,117,54,52,61,24,81,44,47,138,176,327,53,115,7,133,104,23,62,112,77,20,95,36,80,102,62,147,28,77
494,431,214,105,524,126,513,144,174,193,443,606,981,337,262,275,370,957,527,63,296,566,293,195,343,142,344,208,268,613,812,1576,315,478,133,285,509,82,237,539,341,103,406,174,433,512,296,559,208,354
487,393,172,82,467,109,448,152,137,176,381,511,798,301,261,282,343,823,490,57,245,475,287,171,314,131,341,231,239,571,668,1294,245,437,104,509,222,84,262,493,270,107,366,151,355,421,282,488,153,311
92,62,39,10,74,13,88,25,28,29,62,105,148,55,28,38,75,152,80,10,43,90,42,34,56,18,35,47,50,104,113,267,42,79,23,82,84,4,49,83,56,18,74,25,69,73,50,93,35,67
243,229,109,42,268,61,239,64,99,113,231,300,454,160,135,151,163,415,245,26,138,266,134,92,149,70,176,125,126,310,366,661,157,248,62,237,262,49,66,298,164,42,195,104,180,233,151,274,92,163
432,479,178,74,548,111,515,177,162,213,465,561,937,332,283,300,374,942,603,88,287,586,332,203,339,141,395,264,242,702,802,1418,260,511,112,539,493,83,298,299,362,119,400,187,416,456,362,560,176,369
325,289,128,53,326,61,289,87,121,133,286,335,601,197,176,185,232,612,334,34,169,338,205,127,198,72,223,141,178,409,539,908,177,294,77,341,270,56,164,362,108,63,249,112,284,324,223,361,117,217
111,94,38,14,111,19,93,28,40,43,94,136,182,79,50,64,88,158,100,8,61,107,54,40,73,29,74,49,50,139,148,286,67,114,20,103,107,18,42,119,63,15,86,49,87,80,56,104,44,74
372,310,159,51,379,89,354,114,151,158,293,417,620,252,187,220,278,614,387,43,238,405,230,148,242,95,245,161,188,483,603,970,194,350,95,406,366,74,195,400,249,86,134,155,297,371,253,397,158,259
161,152,67,26,182,41,172,54,58,87,155,186,330,132,106,108,128,357,182,26,106,200,103,67,117,35,121,79,73,243,275,503,99,161,36,174,151,25,104,187,112,49,155,24,141,170,130,185,55,122
425,325,167,68,418,90,391,114,144,160,346,407,723,258,225,248,288,709,375,56,230,394,226,153,241,110,274,223,181,506,620,1085,200,358,80,433,355,69,180,416,284,87,297,141,153,348,269,408,136,257
413,404,232,72,488,99,380,161,157,203,392,534,853,273,248,293,332,815,486,51,272,452,295,191,314,102,273,224,264,558,684,1278,215,403,102,512,421,73,233,456,324,80,371,170,348,216,266,476,176,315
316,275,130,53,329,63,304,101,102,112,268,335,617,210,153,176,193,571,320,42,159,357,187,121,209,76,205,146,158,419,483,870,162,291,62,296,282,50,151,362,223,56,253,130,269,266,112,311,121,177
471,456,219,87,558,116,473,163,171,228,481,601,889,376,281,311,378,874,542,67,251,557,312,212,350,135,361,240,281,626,762,1378,240,457,147,559,488,93,274,560,361,104,397,185,408,476,311,266,221,375
155,160,67,25,176,36,149,49,53,76,162,177,320,139,104,116,138,357,184,23,104,201,103,72,106,39,131,83,92,250,289,500,83,185,28,208,153,35,92,176,117,44,158,55,136,176,121,221,26,122
362,315,139,72,341,86,341,94,125,147,294,350,590,239,177,188,259,576,318,41,191,305,202,133,221,92,243,163,159,414,534,966,207,357,77,354,311,67,163,369,217,74,259,122,257,315,177,375,122,99
