258,422,199,92,527,111,466,191,174,271,443,501,777,361,300,338,352,795,531,62,314,530,340,207,328,159,363,288,276,559,707,1195,251,460,123,509,461,74,249,469,292,124,382,142,414,420,316,535,158,378
422,179,171,72,425,104,413,112,135,207,382,499,758,266,220,256,308,773,443,50,230,455,274,190,264,113,277,209,222,533,631,1206,232,411,102,454,406,72,207,472,281,83,340,189,372,402,240,421,168,273
199,171,36,31,206,45,191,60,63,89,196,196,372,143,84,107,137,344,199,21,106,207,104,101,126,52,129,88,104,220,298,526,99,181,31,216,182,28,98,203,103,36,162,73,163,205,118,206,75,158
92,72,31,9,85,14,82,30,22,33,73,85,124,60,53,59,67,138,95,17,49,96,55,31,47,13,48,47,53,103,126,222,34,92,19,89,70,11,47,84,48,16,66,36,66,84,53,82,31,59
527,425,206,85,233,122,524,147,162,202,409,561,878,345,255,280,390,921,522,71,280,548,319,217,304,135,338,239,232,667,765,1423,227,429,124,541,488,87,261,531,335,115,418,192,438,448,317,526,210,314
111,104,45,14,122,10,103,34,38,42,79,111,162,75,56,59,85,176,131,17,69,117,68,52,71,33,85,61,72,138,175,276,67,125,24,138,103,15,62,116,73,21,78,38,94,107,68,91,29,89
466,413,191,82,524,103,228,136,139,215,393,520,861,299,247,273,365,879,494,58,265,479,289,177,339,141,333,205,262,613,717,1289,255,479,109,544,420,76,240,506,307,101,346,190,364,454,313,466,175,369
191,112,60,30,147,34,136,20,44,57,109,179,276,100,87,85,108,292,131,17,78,148,98,56,96,35,88,59,74,215,224,466,93,136,43,149,150,32,75,143,92,24,118,61,120,151,100,138,60,113
174,135,63,22,162,38,139,44,18,62,140,174,328,106,74,86,128,305,181,20,99,181,77,58,102,30,104,71,72,206,272,456,97,140,31,184,148,19,81,188,91,27,164,37,116,139,88,184,64,114
271,207,89,33,202,42,215,57,62,50,171,244,372,127,86,118,144,346,215,21,124,232,124,88,139,49,133,89,119,252,303,565,94,204,45,222,183,32,103,211,129,46,163,86,177,192,125,213,62,130
443,382,196,73,409,79,393,109,140,171,193,488,751,257,198,247,314,746,425,55,243,414,238,178,273,112,285,178,216,483,594,1097,224,394,90,469,399,71,203,441,274,94,348,153,335,390,240,454,152,295
501,499,196,85,561,111,520,179,174,244,488,288,982,372,268,318,423,1033,543,70,316,569,334,237,348,145,384,262,304,673,822,1505,275,512,122,582,493,86,292,590,373,122,462,190,413,471,341,574,197,371
777,758,372,124,878,162,861,276,328,372,751,982,790,596,471,545,653,1445,855,116,522,860,548,359,575,254,624,396,461,1164,1342,2346,489,811,184,938,810,145,430,970,602,201,700,337,698,813,521,885,300,562
361,266,143,60,345,75,299,100,106,127,257,372,596,112,189,210,247,565,357,37,189,343,176,127,219,77,188,170,150,385,476,910,158,326,71,338,311,48,148,344,214,69,281,125,238,318,204,338,123,211
300,220,84,53,255,56,247,87,74,86,198,268,471,189,62,129,187,480,275,24,152,278,160,120,176,77,190,98,131,317,412,765,154,251,67,283,263,48,131,258,177,61,201,95,194,252,159,293,118,184
338,256,107,59,280,59,273,85,86,118,247,318,545,210,129,74,215,491,287,21,141,295,170,126,193,68,179,115,125,322,451,848,179,273,72,316,286,55,136,311,202,49,220,123,221,254,179,294,132,190
352,308,137,67,390,85,365,108,128,144,314,423,653,247,187,215,138,648,393,50,195,390,190,158,218,79,229,173,156,454,536,1009,206,331,88,390,320,52,180,385,239,75,277,146,315,349,251,406,127,254
795,773,344,138,921,176,879,292,305,346,746,1033,1445,565,480,491,648,773,873,109,505,916,543,361,618,250,634,422,447,1107,1329,2361,458,828,205,967,834,153,449,999,637,206,691,334,692,785,575,911,320,606
531,443,199,95,522,131,494,131,181,215,425,543,855,357,275,287,393,873,245,69,280,472,272,210,321,123,350,241,223,637,766,1375,275,446,123,531,500,85,272,530,321,98,433,194,415,447,291,560,190,337
62,50,21,17,71,17,58,17,20,21,55,70,116,37,24,21,50,109,69,2,31,79,33,23,33,15,47,24,31,66,106,175,23,75,15,71,57,7,29,59,39,15,56,17,45,53,38,62,21,36
314,230,106,49,280,69,265,78,99,124,243,316,522,189,152,141,195,505,280,31,83,273,173,111,186,67,154,140,136,343,389,788,156,256,78,310,264,50,139,273,207,58,197,111,230,249,184,278,114,187
530,455,207,96,548,117,479,148,181,232,414,569,860,343,278,295,390,916,472,79,273,230,295,212,346,127,341,248,275,635,768,1439,268,462,118,577,480,79,261,570,347,117,418,198,420,487,357,521,181,353
340,274,104,55,319,68,289,98,77,124,238,334,548,176,160,170,190,543,272,33,173,295,72,108,195,75,210,136,139,380,482,857,188,301,61,317,279,44,140,312,187,56,252,107,221,303,194,337,114,217
207,190,101,31,217,52,177,56,58,88,178,237,359,127,120,126,158,361,210,23,111,212,108,38,139,69,154,93,104,264,312,553,121,195,51,210,185,31,108,225,144,44,158,82,152,190,118,209,70,145
328,264,126,47,304,71,339,96,102,139,273,348,575,219,176,193,218,618,321,33,186,346,195,139,103,87,223,159,164,398,514,917,197,300,67,347,296,62,189,368,222,61,268,129,228,325,199,349,121,238
159,113,52,13,135,33,141,35,30,49,112,145,254,77,77,68,79,250,123,15,67,127,75,69,87,12,83,48,58,171,203,379,65,109,30,127,120,20,71,158,91,30,104,50,119,124,91,149,53,92
363,277,129,48,338,85,333,88,104,133,285,384,624,188,190,179,229,634,350,47,154,341,210,154,223,83,107,140,167,435,513,945,184,307,83,351,276,56,178,381,236,69,295,131,249,333,207,365,146,239
288,209,88,47,239,61,205,59,71,89,178,262,396,170,98,115,173,422,241,24,140,248,136,93,159,48,140,58,119,287,337,650,104,203,53,261,245,36,104,244,149,47,191,82,175,221,154,208,100,147
276,222,104,53,232,72,262,74,72,119,216,304,461,150,131,125,156,447,223,31,136,275,139,104,164,58,167,119,65,311,375,737,160,236,61,272,238,37,119,284,149,42,213,92,179,228,167,271,93,183
559,533,220,103,667,138,613,215,206,252,483,673,1164,385,317,322,454,1107,637,66,343,635,380,264,398,171,435,287,311,405,968,1804,353,585,133,647,571,90,336,687,444,117,461,257,496,586,395,676,218,422
707,631,298,126,765,175,717,224,272,303,594,822,1342,476,412,451,536,1329,766,106,389,768,482,312,514,203,513,337,375,968,618,2030,422,668,172,813,731,135,362,865,547,159,592,309,607,703,491,791,276,477
1195,1206,526,222,1423,276,1289,466,456,565,1097,1505,2346,910,765,848,1009,2361,1375,175,788,1439,857,553,917,379,945,650,737,1804,2030,1844,712,1271,311,1507,1229,259,691,1442,974,313,1055,548,1069,1284,868,1440,477,942
251,232,99,34,227,67,255,93,97,94,224,275,489,158,154,179,206,458,275,23,156,268,188,121,197,65,184,104,160,353,422,712,67,233,54,320,248,46,138,285,171,62,230,111,232,251,189,296,98,191
460,411,181,92,429,125,479,136,140,204,394,512,811,326,251,273,331,828,446,75,256,462,301,195,300,109,307,203,236,585,668,1271,233,228,122,502,455,90,223,491,308,113,366,153,378,441,278,473,172,291
123,102,31,19,124,24,109,43,31,45,90,122,184,71,67,72,88,205,123,15,78,118,61,51,67,30,83,53,61,133,172,311,54,122,13,118,113,22,71,124,70,23,98,39,96,131,58,122,42,81
509,454,216,89,541,138,544,149,184,222,469,582,938,338,283,316,390,967,531,71,310,577,317,210,347,127,351,261,272,647,813,1507,320,502,118,299,495,74,275,563,324,126,394,211,465,474,322,596,189,372
461,406,182,70,488,103,420,150,148,183,399,493,810,311,263,286,320,834,500,57,264,480,279,185,296,120,276,245,238,571,731,1229,248,455,113,495,198,90,226,485,318,101,334,179,345,445,307,439,173,338
74,72,28,11,87,15,76,32,19,32,71,86,145,48,48,55,52,153,85,7,50,79,44,31,62,20,56,36,37,90,135,259,46,90,22,74,90,8,47,85,49,12,68,33,67,74,52,74,26,54
249,207,98,47,261,62,240,75,81,103,203,292,430,148,131,136,180,449,272,29,139,261,140,108,189,71,178,104,119,336,362,691,138,223,71,275,226,47,74,301,153,53,224,92,203,211,159,230,94,180
469,472,203,84,531,116,506,143,188,211,441,590,970,344,258,311,385,999,530,59,273,570,312,225,368,158,381,244,284,687,865,1442,285,491,124,563,485,85,301,286,357,127,374,185,416,492,337,548,192,345
292,281,103,48,335,73,307,92,91,129,274,373,602,214,177,202,239,637,321,39,207,347,187,144,222,91,236,149,149,444,547,974,171,308,70,324,318,49,153,357,99,52,244,131,269,311,197,350,127,219
124,83,36,16,115,21,101,24,27,46,94,122,201,69,61,49,75,206,98,15,58,117,56,44,61,30,69,47,42,117,159,313,62,113,23,126,101,12,53,127,52,13,89,46,85,97,65,120,39,72
382,340,162,66,418,78,346,118,164,163,348,462,700,281,201,220,277,691,433,56,197,418,252,158,268,104,295,191,213,461,592,1055,230,366,98,394,334,68,224,374,244,89,111,150,310,334,276,368,161,269
142,189,73,36,192,38,190,61,37,86,153,190,337,125,95,123,146,334,194,17,111,198,107,82,129,50,131,82,92,257,309,548,111,153,39,211,179,33,92,185,131,46,150,31,149,170,120,179,55,141
414,372,163,66,438,94,364,120,116,177,335,413,698,238,194,221,315,692,415,45,230,420,221,152,228,119,249,175,179,496,607,1069,232,378,96,465,345,67,203,416,269,85,310,149,142,373,253,403,143,290
420,402,205,84,448,107,454,151,139,192,390,471,813,318,252,254,349,785,447,53,249,487,303,190,325,124,333,221,228,586,703,1284,251,441,131,474,445,74,211,492,311,97,334,170,373,184,295,483,185,294
316,240,118,53,317,68,313,100,88,125,240,341,521,204,159,179,251,575,291,38,184,357,194,118,199,91,207,154,167,395,491,868,189,278,58,322,307,52,159,337,197,65,276,120,253,295,109,355,121,224
535,421,206,82,526,91,466,138,184,213,454,574,885,338,293,294,406,911,560,62,278,521,337,209,349,149,365,208,271,676,791,1440,296,473,122,596,439,74,230,548,350,120,368,179,403,483,355,263,184,358
158,168,75,31,210,29,175,60,64,62,152,197,300,123,118,132,127,320,190,21,114,181,114,70,121,53,146,100,93,218,276,477,98,172,42,189,173,26,94,192,127,39,161,55,143,185,121,184,32,126
378,273,158,59,314,89,369,113,114,130,295,371,562,211,184,190,254,606,337,36,187,353,217,145,238,92,239,147,183,422,477,942,191,291,81,372,338,54,180,345,219,72,269,141,290,294,224,358,126,110
