238,454,204,97,477,96,454,159,167,240,449,509,844,382,300,319,391,850,510,78,335,533,351,204,361,145,374,294,325,600,752,1202,247,474,105,469,456,103,236,460,299,115,390,158,418,431,336,455,138,398
454,166,161,92,470,97,421,142,159,178,351,465,783,304,213,249,318,782,431,50,217,437,255,166,275,113,269,191,204,509,661,1201,245,402,94,446,412,80,232,464,292,88,335,156,315,380,268,468,170,296
204,161,35,24,183,43,192,43,57,77,191,219,361,124,84,97,146,356,216,28,105,208,109,80,131,72,140,87,100,259,313,564,107,196,45,194,198,31,86,203,126,35,177,62,162,173,111,185,69,125
97,92,24,7,70,20,85,35,33,37,68,76,133,60,52,57,60,141,92,7,54,101,57,44,60,25,59,65,57,82,115,201,48,71,18,77,77,19,45,79,61,19,60,33,80,85,61,69,37,60
477,470,183,70,252,111,450,153,146,220,421,570,923,315,247,293,400,905,517,70,268,535,288,213,350,144,337,238,239,632,763,1422,261,467,120,579,482,91,279,550,327,101,382,202,404,466,323,522,189,349
96,97,43,20,111,12,98,43,46,48,102,118,190,77,69,76,74,211,124,12,77,116,81,46,86,33,79,70,69,132,159,289,65,112,27,100,98,28,61,119,78,21,75,43,95,99,87,88,49,71
454,421,192,85,450,98,242,156,185,200,395,536,891,310,280,304,343,891,489,49,249,480,323,194,310,150,338,246,254,593,682,1318,253,455,105,484,460,88,246,491,320,90,362,179,374,435,307,474,198,330
159,142,43,35,153,43,156,23,42,63,137,155,285,89,90,92,109,306,148,18,88,150,84,72,102,35,96,71,80,184,250,413,78,160,31,131,159,18,78,177,99,30,110,48,135,141,97,146,63,110
167,159,57,33,146,46,185,42,24,54,156,183,297,105,80,90,132,267,158,23,85,165,96,79,116,65,130,62,87,216,244,434,89,157,47,173,167,14,77,168,94,29,124,47,133,141,95,188,67,99
240,178,77,37,220,48,200,63,54,52,164,230,377,146,106,117,173,375,200,25,111,213,116,82,140,63,137,97,119,258,323,583,118,207,47,209,207,36,107,220,135,47,156,81,185,212,124,225,75,123
449,351,191,68,421,102,395,137,156,164,195,477,784,272,230,272,336,800,443,53,251,437,250,159,286,106,278,184,239,509,643,1158,231,418,111,477,408,70,225,416,274,86,333,163,347,401,280,430,153,288
509,465,219,76,570,118,536,155,183,230,477,301,1019,362,323,329,408,1057,573,73,314,579,337,219,356,130,365,268,258,673,832,1594,334,536,149,562,497,85,280,563,353,130,418,226,431,507,354,554,218,389
844,783,361,133,923,190,891,285,297,377,784,1019,786,585,477,529,673,1492,903,129,483,924,563,365,600,246,618,433,470,1107,1350,2423,467,877,212,924,845,145,460,976,603,192,685,343,695,772,557,875,328,624
382,304,124,60,315,77,310,89,105,146,272,362,585,101,153,165,259,576,337,45,183,311,180,137,235,81,234,143,186,410,474,927,147,311,84,349,296,56,155,336,229,78,259,115,267,294,182,383,116,227
300,213,84,52,247,69,280,90,80,106,230,323,477,153,74,147,201,460,270,34,160,248,150,115,176,69,174,105,147,329,401,743,154,277,51,275,251,38,120,297,174,61,213,99,213,237,172,274,83,167
319,249,97,57,293,76,304,92,90,117,272,329,529,165,147,76,210,506,272,25,149,249,173,113,187,66,190,107,157,337,412,840,170,264,61,287,277,49,142,305,207,60,239,101,232,278,174,274,110,204
391,318,146,60,400,74,343,109,132,173,336,408,673,259,201,210,149,681,372,53,202,400,240,172,230,92,256,172,201,418,580,958,211,344,100,377,317,58,183,403,204,76,258,146,286,321,227,360,125,258
850,782,356,141,905,211,891,306,267,375,800,1057,1492,576,460,506,681,770,915,120,477,925,520,342,582,224,607,389,440,1126,1375,2514,524,860,217,1006,820,175,461,984,584,215,654,343,676,818,532,878,332,647
510,431,216,92,517,124,489,148,158,200,443,573,903,337,270,272,372,915,240,61,257,474,287,199,324,111,309,237,235,608,729,1440,272,494,131,544,434,75,258,527,339,103,370,187,383,469,329,522,182,347
78,50,28,7,70,12,49,18,23,25,53,73,129,45,34,25,53,120,61,3,31,59,44,25,41,13,43,26,30,86,109,179,36,56,12,52,58,18,29,68,43,18,52,17,61,68,40,61,27,40
335,217,105,54,268,77,249,88,85,111,251,314,483,183,160,149,202,477,257,31,72,288,180,105,186,65,171,115,130,350,413,778,167,273,68,255,266,54,138,296,187,56,229,101,245,272,169,303,114,193
533,437,208,101,535,116,480,150,165,213,437,579,924,311,248,249,400,925,474,59,288,248,303,204,332,113,325,241,262,633,722,1433,238,496,109,567,431,83,253,508,361,113,396,195,404,474,302,507,185,381
351,255,109,57,288,81,323,84,96,116,250,337,563,180,150,173,240,520,287,44,180,303,92,131,168,79,200,158,158,387,419,816,168,308,63,322,307,52,166,296,174,67,230,107,248,250,176,305,116,200
204,166,80,44,213,46,194,72,79,82,159,219,365,137,115,113,172,342,199,25,105,204,131,33,144,55,113,88,87,265,297,548,96,190,33,217,189,30,107,197,132,36,167,67,123,173,125,201,72,142
361,275,131,60,350,86,310,102,116,140,286,356,600,235,176,187,230,582,324,41,186,332,168,144,100,83,209,144,171,415,508,923,186,293,76,350,328,56,173,361,223,61,275,113,256,312,218,341,121,229
145,113,72,25,144,33,150,35,65,63,106,130,246,81,69,66,92,224,111,13,65,113,79,55,83,15,80,60,54,149,169,372,75,115,23,136,125,26,65,129,62,30,99,50,106,139,69,153,50,78
374,269,140,59,337,79,338,96,130,137,278,365,618,234,174,190,256,607,309,43,171,325,200,113,209,80,103,136,160,400,508,962,174,295,78,359,318,63,178,355,208,67,279,127,260,325,217,375,134,227
294,191,87,65,238,70,246,71,62,97,184,268,433,143,105,107,172,389,237,26,115,241,158,88,144,60,136,53,118,288,378,681,133,236,51,231,211,29,110,243,164,54,175,66,167,214,131,219,91,163
325,204,100,57,239,69,254,80,87,119,239,258,470,186,147,157,201,440,235,30,130,262,158,87,171,54,160,118,67,311,377,681,144,250,50,264,254,34,119,280,162,37,189,98,211,246,157,286,90,183
600,509,259,82,632,132,593,184,216,258,509,673,1107,410,329,337,418,1126,608,86,350,633,387,265,415,149,400,288,311,419,944,1804,349,551,142,660,557,100,324,660,398,136,482,256,499,619,390,665,224,420
752,661,313,115,763,159,682,250,244,323,643,832,1350,474,401,412,580,1375,729,109,413,722,419,297,508,169,508,378,377,944,574,2067,409,735,172,794,688,136,392,760,515,176,562,253,584,751,455,742,274,552
1202,1201,564,201,1422,289,1318,413,434,583,1158,1594,2423,927,743,840,958,2514,1440,179,778,1433,816,548,923,372,962,681,681,1804,2067,1915,757,1305,341,1483,1279,246,689,1480,923,292,1018,559,1124,1235,910,1356,492,934
247,245,107,48,261,65,253,78,89,118,231,334,467,147,154,170,211,524,272,36,167,238,168,96,186,75,174,133,144,349,409,757,80,252,63,316,224,53,146,294,180,62,218,103,226,232,165,276,99,195
474,402,196,71,467,112,455,160,157,207,418,536,877,311,277,264,344,860,494,56,273,496,308,190,293,115,295,236,250,551,735,1305,252,208,110,427,452,87,234,515,320,87,388,183,378,490,289,526,185,312
105,94,45,18,120,27,105,31,47,47,111,149,212,84,51,61,100,217,131,12,68,109,63,33,76,23,78,51,50,142,172,341,63,110,13,110,96,25,61,121,81,38,91,32,81,107,70,138,38,87
469,446,194,77,579,100,484,131,173,209,477,562,924,349,275,287,377,1006,544,52,255,567,322,217,350,136,359,231,264,660,794,1483,316,427,110,288,460,86,252,584,366,113,417,184,411,526,333,529,192,377
456,412,198,77,482,98,460,159,167,207,408,497,845,296,251,277,317,820,434,58,266,431,307,189,328,125,318,211,254,557,688,1279,224,452,96,460,190,82,246,492,345,109,353,184,400,432,285,479,169,317
103,80,31,19,91,28,88,18,14,36,70,85,145,56,38,49,58,175,75,18,54,83,52,30,56,26,63,29,34,100,136,246,53,87,25,86,82,9,45,98,44,17,72,33,63,78,54,98,32,68
236,232,86,45,279,61,246,78,77,107,225,280,460,155,120,142,183,461,258,29,138,253,166,107,173,65,178,110,119,324,392,689,146,234,61,252,246,45,69,270,179,61,203,89,230,238,157,254,77,169
460,464,203,79,550,119,491,177,168,220,416,563,976,336,297,305,403,984,527,68,296,508,296,197,361,129,355,243,280,660,760,1480,294,515,121,584,492,98,270,261,353,110,408,207,401,468,320,512,195,368
299,292,126,61,327,78,320,99,94,135,274,353,603,229,174,207,204,584,339,43,187,361,174,132,223,62,208,164,162,398,515,923,180,320,81,366,345,44,179,353,101,67,254,131,246,304,211,347,115,202
115,88,35,19,101,21,90,30,29,47,86,130,192,78,61,60,76,215,103,18,56,113,67,36,61,30,67,54,37,136,176,292,62,87,38,113,109,17,61,110,67,8,75,40,83,102,85,98,47,68
390,335,177,60,382,75,362,110,124,156,333,418,685,259,213,239,258,654,370,52,229,396,230,167,275,99,279,175,189,482,562,1018,218,388,91,417,353,72,203,408,254,75,132,150,326,329,252,393,136,247
158,156,62,33,202,43,179,48,47,81,163,226,343,115,99,101,146,343,187,17,101,195,107,67,113,50,127,66,98,256,253,559,103,183,32,184,184,33,89,207,131,40,150,38,131,164,103,186,67,133
418,315,162,80,404,95,374,135,133,185,347,431,695,267,213,232,286,676,383,61,245,404,248,123,256,106,260,167,211,499,584,1124,226,378,81,411,400,63,230,401,246,83,326,131,170,369,266,427,160,268
431,380,173,85,466,99,435,141,141,212,401,507,772,294,237,278,321,818,469,68,272,474,250,173,312,139,325,214,246,619,751,1235,232,490,107,526,432,78,238,468,304,102,329,164,369,196,278,458,185,316
336,268,111,61,323,87,307,97,95,124,280,354,557,182,172,174,227,532,329,40,169,302,176,125,218,69,217,131,157,390,455,910,165,289,70,333,285,54,157,320,211,85,252,103,266,278,81,352,124,209
455,468,185,69,522,88,474,146,188,225,430,554,875,383,274,274,360,878,522,61,303,507,305,201,341,153,375,219,286,665,742,1356,276,526,138,529,479,98,254,512,347,98,393,186,427,458,352,264,181,363
138,170,69,37,189,49,198,63,67,75,153,218,328,116,83,110,125,332,182,27,114,185,116,72,121,50,134,91,90,224,274,492,99,185,38,192,169,32,77,195,115,47,136,67,160,185,124,181,33,127
398,296,125,60,349,71,330,110,99,123,288,389,624,227,167,204,258,647,347,40,193,381,200,142,229,78,227,163,183,420,552,934,195,312,87,377,317,68,169,368,202,68,247,133,268,316,209,363,127,89
