288,429,231,81,505,94,502,170,167,257,436,512,796,394,329,347,368,829,513,77,320,552,372,202,353,155,396,286,302,591,707,1186,249,516,119,547,506,93,258,498,329,112,372,205,474,400,382,508,180,390
429,162,156,71,466,96,405,132,132,173,382,499,815,258,221,220,312,800,448,49,225,447,241,176,258,106,286,182,226,536,639,1273,236,403,109,472,420,72,221,472,280,99,352,164,364,392,258,474,143,258
231,156,37,36,187,49,181,58,69,82,187,250,395,119,136,115,139,372,196,18,108,216,110,77,117,58,120,78,75,249,308,588,116,200,45,209,192,28,107,215,126,43,152,69,167,184,92,184,76,130
81,71,36,8,73,21,78,22,21,40,74,88,151,71,53,53,73,153,85,15,47,85,47,27,64,22,59,40,50,97,123,220,45,96,25,100,86,18,49,96,56,17,60,30,78,53,75,82,28,64
505,466,187,73,230,116,480,178,170,197,407,591,1014,361,262,288,415,960,539,68,266,510,309,194,355,134,328,252,236,638,776,1435,289,457,107,531,509,90,268,554,323,106,374,187,404,481,329,528,173,349
94,96,49,21,116,14,115,32,29,40,91,128,205,83,64,82,85,197,112,16,59,116,60,39,69,27,79,51,64,148,168,289,50,142,27,117,96,20,58,130,71,21,89,47,89,108,83,112,46,79
502,405,181,78,480,115,232,166,161,181,402,520,873,316,253,265,383,874,487,63,252,487,292,185,341,127,328,206,243,581,751,1308,276,498,123,537,465,85,263,489,305,94,370,178,370,459,334,523,185,343
170,132,58,22,178,32,166,26,56,59,140,181,265,123,92,99,109,267,142,21,102,177,93,56,77,35,99,87,69,172,229,424,79,141,35,152,133,33,86,158,89,29,101,45,131,152,98,171,53,103
167,132,69,21,170,29,161,56,31,74,137,172,300,109,102,102,127,282,181,20,105,164,95,68,98,45,104,71,85,197,257,458,96,156,54,163,154,23,89,155,114,31,109,63,119,165,115,191,70,118
257,173,82,40,197,40,181,59,74,59,165,233,340,156,119,127,138,381,189,28,105,192,121,86,124,56,126,97,94,244,260,574,112,195,53,226,185,36,88,204,148,38,160,83,166,194,127,218,70,161
436,382,187,74,407,91,402,140,137,165,166,458,778,292,244,248,304,825,421,47,221,400,254,169,274,103,278,211,212,547,626,1161,233,405,100,435,406,76,181,422,294,82,330,178,370,376,274,430,137,278
512,499,250,88,591,128,520,181,172,233,458,326,1042,325,312,343,394,1123,529,62,302,536,334,243,366,124,339,232,268,760,823,1627,315,491,123,608,501,78,312,619,372,104,474,214,463,544,341,605,207,378
796,815,395,151,1014,205,873,265,300,340,778,1042,844,573,466,513,628,1513,919,124,518,920,525,396,601,250,621,394,479,1177,1366,2500,494,856,204,984,849,145,442,1034,592,164,687,357,761,831,599,869,327,622
394,258,119,71,361,83,316,123,109,156,292,325,573,110,189,187,252,594,330,44,175,338,198,137,229,80,223,156,166,430,497,910,183,340,78,348,286,48,186,346,194,80,263,111,239,278,195,345,121,243
329,221,136,53,262,64,253,92,102,119,244,312,466,189,69,144,198,473,264,28,152,290,192,111,165,66,171,108,150,315,381,705,132,251,46,262,251,37,139,280,186,60,204,110,229,217,167,275,87,185
347,220,115,53,288,82,265,99,102,127,248,343,513,187,144,70,224,510,281,34,166,295,186,113,180,70,181,119,125,338,393,825,156,255,57,288,277,33,144,284,176,71,230,128,236,256,178,303,90,201
368,312,139,73,415,85,383,109,127,138,304,394,628,252,198,224,136,638,356,46,164,365,201,155,228,97,250,156,174,465,535,1031,185,365,98,374,367,74,191,379,237,75,290,147,279,318,248,385,150,255
829,800,372,153,960,197,874,267,282,381,825,1123,1513,594,473,510,638,842,885,119,505,880,535,399,607,226,622,432,460,1181,1350,2597,490,803,216,977,857,151,450,1016,600,191,715,353,727,869,587,925,353,615
513,448,196,85,539,112,487,142,181,189,421,529,919,330,264,281,356,885,242,65,264,472,309,219,330,147,361,253,209,627,803,1407,284,492,122,527,493,98,255,561,354,91,364,192,460,496,343,525,192,339
77,49,18,15,68,16,63,21,20,28,47,62,124,44,28,34,46,119,65,3,38,74,31,32,33,21,38,34,35,89,106,164,33,55,13,62,61,7,31,79,45,18,55,25,59,51,41,57,23,51
320,225,108,47,266,59,252,102,105,105,221,302,518,175,152,166,164,505,264,38,77,284,185,108,177,66,194,130,148,337,407,792,152,276,66,263,278,33,160,285,175,62,221,109,247,252,172,279,110,205
552,447,216,85,510,116,487,177,164,192,400,536,920,338,290,295,365,880,472,74,284,249,316,213,364,141,357,265,269,637,787,1397,281,472,136,565,503,92,275,546,356,92,370,190,445,442,359,535,188,373
372,241,110,47,309,60,292,93,95,121,254,334,525,198,192,186,201,535,309,31,185,316,97,133,208,86,194,122,140,347,437,840,171,302,60,301,285,55,137,303,194,56,211,107,258,265,187,297,106,220
202,176,77,27,194,39,185,56,68,86,169,243,396,137,111,113,155,399,219,32,108,213,133,37,164,48,137,106,96,280,312,577,122,172,43,211,192,30,108,211,134,44,164,71,159,187,141,235,78,125
353,258,117,64,355,69,341,77,98,124,274,366,601,229,165,180,228,607,330,33,177,364,208,164,94,88,233,128,168,410,508,876,169,324,76,335,355,52,146,360,226,65,245,128,269,338,168,363,128,218
155,106,58,22,134,27,127,35,45,56,103,124,250,80,66,70,97,226,147,21,66,141,86,48,88,20,77,56,63,152,224,379,80,125,25,128,120,25,61,132,91,20,98,54,100,108,91,135,52,75
396,286,120,59,328,79,328,99,104,126,278,339,621,223,171,181,250,622,361,38,194,357,194,137,233,77,125,139,169,398,551,999,191,331,81,364,323,57,164,356,244,68,289,122,283,335,218,393,137,238
286,182,78,40,252,51,206,87,71,97,211,232,394,156,108,119,156,432,253,34,130,265,122,106,128,56,139,55,101,311,351,625,112,239,50,271,208,31,141,254,151,47,194,75,185,241,148,234,74,144
302,226,75,50,236,64,243,69,85,94,212,268,479,166,150,125,174,460,209,35,148,269,140,96,168,63,169,101,54,319,379,721,142,234,59,257,267,43,128,234,158,44,209,89,196,230,168,296,103,175
591,536,249,97,638,148,581,172,197,244,547,760,1177,430,315,338,465,1181,627,89,337,637,347,280,410,152,398,311,319,405,1027,1879,356,585,142,677,612,114,319,746,438,116,484,231,507,611,376,696,225,421
707,639,308,123,776,168,751,229,257,260,626,823,1366,497,381,393,535,1350,803,106,407,787,437,312,508,224,551,351,379,1027,579,2097,404,700,190,824,742,144,375,770,505,139,584,287,623,716,483,761,286,492
1186,1273,588,220,1435,289,1308,424,458,574,1161,1627,2500,910,705,825,1031,2597,1407,164,792,1397,840,577,876,379,999,625,721,1879,2097,1938,738,1341,339,1521,1291,247,671,1541,958,321,1084,546,1152,1342,896,1407,517,915
249,236,116,45,289,50,276,79,96,112,233,315,494,183,132,156,185,490,284,33,152,281,171,122,169,80,191,112,142,356,404,738,92,263,65,307,276,53,122,301,184,59,200,112,223,239,178,276,108,193
516,403,200,96,457,142,498,141,156,195,405,491,856,340,251,255,365,803,492,55,276,472,302,172,324,125,331,239,234,585,700,1341,263,218,97,520,479,78,252,495,316,96,348,174,370,464,321,483,187,312
119,109,45,25,107,27,123,35,54,53,100,123,204,78,46,57,98,216,122,13,66,136,60,43,76,25,81,50,59,142,190,339,65,97,16,116,119,19,55,120,85,25,109,49,98,114,84,128,41,70
547,472,209,100,531,117,537,152,163,226,435,608,984,348,262,288,374,977,527,62,263,565,301,211,335,128,364,271,257,677,824,1521,307,520,116,264,513,89,267,564,313,114,442,206,417,491,318,591,217,350
506,420,192,86,509,96,465,133,154,185,406,501,849,286,251,277,367,857,493,61,278,503,285,192,355,120,323,208,267,612,742,1291,276,479,119,513,208,88,258,519,291,108,358,175,394,410,303,498,170,333
93,72,28,18,90,20,85,33,23,36,76,78,145,48,37,33,74,151,98,7,33,92,55,30,52,25,57,31,43,114,144,247,53,78,19,89,88,5,39,94,55,13,61,34,73,82,55,82,34,71
258,221,107,49,268,58,263,86,89,88,181,312,442,186,139,144,191,450,255,31,160,275,137,108,146,61,164,141,128,319,375,671,122,252,55,267,258,39,64,252,164,60,200,89,225,241,162,270,84,157
498,472,215,96,554,130,489,158,155,204,422,619,1034,346,280,284,379,1016,561,79,285,546,303,211,360,132,356,254,234,746,770,1541,301,495,120,564,519,94,252,289,342,113,423,198,428,520,318,537,180,355
329,280,126,56,323,71,305,89,114,148,294,372,592,194,186,176,237,600,354,45,175,356,194,134,226,91,244,151,158,438,505,958,184,316,85,313,291,55,164,342,112,83,252,110,253,328,215,370,129,250
112,99,43,17,106,21,94,29,31,38,82,104,164,80,60,71,75,191,91,18,62,92,56,44,65,20,68,47,44,116,139,321,59,96,25,114,108,13,60,113,83,6,72,39,81,107,69,118,44,76
372,352,152,60,374,89,370,101,109,160,330,474,687,263,204,230,290,715,364,55,221,370,211,164,245,98,289,194,209,484,584,1084,200,348,109,442,358,61,200,423,252,72,165,142,297,363,255,374,143,269
205,164,69,30,187,47,178,45,63,83,178,214,357,111,110,128,147,353,192,25,109,190,107,71,128,54,122,75,89,231,287,546,112,174,49,206,175,34,89,198,110,39,142,44,146,174,116,197,64,108
474,364,167,78,404,89,370,131,119,166,370,463,761,239,229,236,279,727,460,59,247,445,258,159,269,100,283,185,196,507,623,1152,223,370,98,417,394,73,225,428,253,81,297,146,177,380,245,455,152,292
400,392,184,53,481,108,459,152,165,194,376,544,831,278,217,256,318,869,496,51,252,442,265,187,338,108,335,241,230,611,716,1342,239,464,114,491,410,82,241,520,328,107,363,174,380,217,302,470,178,308
382,258,92,75,329,83,334,98,115,127,274,341,599,195,167,178,248,587,343,41,172,359,187,141,168,91,218,148,168,376,483,896,178,321,84,318,303,55,162,318,215,69,255,116,245,302,90,337,111,205
508,474,184,82,528,112,523,171,191,218,430,605,869,345,275,303,385,925,525,57,279,535,297,235,363,135,393,234,296,696,761,1407,276,483,128,591,498,82,270,537,370,118,374,197,455,470,337,262,193,355
180,143,76,28,173,46,185,53,70,70,137,207,327,121,87,90,150,353,192,23,110,188,106,78,128,52,137,74,103,225,286,517,108,187,41,217,170,34,84,180,129,44,143,64,152,178,111,193,39,116
390,258,130,64,349,79,343,103,118,161,278,378,622,243,185,201,255,615,339,51,205,373,220,125,218,75,238,144,175,421,492,915,193,312,70,350,333,71,157,355,250,76,269,108,292,308,205,355,116,110
