261,455,182,79,485,109,426,190,146,250,447,480,817,372,324,335,375,817,520,70,327,509,358,201,372,147,369,288,297,576,690,1168,248,500,119,479,478,83,250,485,316,100,366,161,398,428,341,481,182,357
455,187,169,72,446,89,401,122,129,178,378,498,811,285,246,247,278,803,421,43,216,452,261,165,288,102,284,198,191,511,677,1270,260,392,99,403,406,79,221,472,267,73,363,168,336,411,265,451,177,301
182,169,43,33,234,34,192,66,69,75,180,227,346,131,103,108,133,355,206,26,120,215,115,76,129,60,135,98,103,253,306,577,119,177,35,186,176,31,89,218,129,44,158,73,170,200,131,233,74,97
79,72,33,8,113,25,64,31,26,34,70,93,186,58,46,47,69,164,88,13,44,87,69,28,49,21,60,42,43,106,123,255,42,81,16,88,72,22,47,72,55,11,59,31,64,70,52,62,25,64
485,446,234,113,262,109,506,161,187,182,435,572,914,336,278,293,353,925,525,70,291,515,328,198,348,133,365,212,262,661,779,1433,263,458,130,515,478,92,220,535,332,98,402,204,452,487,335,512,188,328
109,89,34,25,109,16,110,33,37,39,79,135,205,89,72,72,74,195,103,14,61,99,82,41,77,28,87,47,51,147,140,297,53,121,27,120,108,24,52,94,63,23,67,46,95,89,83,106,38,72
426,401,192,64,506,110,231,137,165,177,389,533,866,307,268,262,356,890,492,56,269,466,301,156,324,119,288,208,220,624,695,1312,243,467,103,493,426,88,223,494,344,94,372,187,382,449,309,496,159,294
190,122,66,31,161,33,137,33,42,60,142,161,256,99,81,76,105,263,176,17,103,182,79,82,101,47,86,81,84,181,231,417,72,123,41,151,145,24,73,169,86,37,118,41,124,136,107,171,65,113
146,129,69,26,187,37,165,42,24,66,142,160,315,110,100,81,89,296,168,22,106,158,98,79,116,44,130,85,72,209,244,457,81,172,37,167,163,29,84,184,103,33,125,64,134,163,110,176,58,110
250,178,75,34,182,39,177,60,66,52,187,213,342,135,113,121,174,345,230,28,124,217,131,75,136,53,132,109,118,262,292,558,89,205,49,216,173,37,83,206,152,46,148,75,170,177,140,199,79,132
447,378,180,70,435,79,389,142,142,187,197,453,754,284,244,253,323,716,439,66,284,440,272,162,277,114,286,191,212,566,617,1156,210,369,85,468,367,75,197,467,294,91,343,159,344,397,284,443,150,281
480,498,227,93,572,135,533,161,160,213,453,324,976,366,299,328,427,1012,574,50,301,574,332,229,389,137,373,257,281,710,868,1572,295,498,145,580,514,96,257,610,369,125,437,205,466,541,356,617,217,353
817,811,346,186,914,205,866,256,315,342,754,976,779,574,487,526,666,1416,920,121,528,963,533,372,623,244,646,421,444,1178,1364,2395,460,886,189,1000,847,180,436,908,575,187,673,350,781,843,627,938,301,586
372,285,131,58,336,89,307,99,110,135,284,366,574,111,170,187,244,582,330,37,159,320,188,114,195,75,195,154,165,397,448,936,155,327,70,352,304,60,147,328,205,56,266,103,229,295,207,334,123,206
324,246,103,46,278,72,268,81,100,113,244,299,487,170,75,126,208,471,249,32,150,280,146,84,202,79,182,125,149,331,393,724,123,250,57,262,251,47,142,292,164,63,181,93,231,240,190,284,95,186
335,247,108,47,293,72,262,76,81,121,253,328,526,187,126,82,209,479,271,40,163,317,167,99,178,63,190,132,152,344,425,784,145,245,60,280,273,54,140,320,168,61,207,91,213,246,178,313,108,204
375,278,133,69,353,74,356,105,89,174,323,427,666,244,208,209,142,623,356,35,225,365,217,156,234,86,235,174,177,414,576,1022,174,326,71,378,355,60,171,413,264,65,284,130,299,321,221,379,117,243
817,803,355,164,925,195,890,263,296,345,716,1012,1416,582,471,479,623,779,934,118,525,970,508,370,615,229,645,473,428,1099,1331,2437,482,862,194,959,820,184,428,986,587,197,662,357,736,798,586,927,329,606
520,421,206,88,525,103,492,176,168,230,439,574,920,330,249,271,356,934,266,66,272,473,272,206,325,129,340,242,224,623,731,1449,297,470,112,520,468,76,253,546,336,98,424,207,397,436,328,507,182,363
70,43,26,13,70,14,56,17,22,28,66,50,121,37,32,40,35,118,66,2,40,65,24,22,29,12,42,24,26,76,98,173,37,60,17,60,63,10,21,76,49,12,43,24,40,57,33,66,25,34
327,216,120,44,291,61,269,103,106,124,284,301,528,159,150,163,225,525,272,40,68,278,143,104,183,80,185,129,124,359,438,770,157,280,53,258,254,33,158,307,185,50,206,97,208,293,151,292,88,198
509,452,215,87,515,99,466,182,158,217,440,574,963,320,280,317,365,970,473,65,278,255,298,211,324,138,332,248,249,624,755,1464,275,457,122,560,489,93,248,544,337,91,396,181,391,467,322,510,187,362
358,261,115,69,328,82,301,79,98,131,272,332,533,188,146,167,217,508,272,24,143,298,96,120,201,92,198,129,173,363,427,823,158,284,62,303,287,57,129,329,193,56,232,112,228,262,182,298,118,211
201,165,76,28,198,41,156,82,79,75,162,229,372,114,84,99,156,370,206,22,104,211,120,33,125,48,117,84,94,221,299,579,126,199,43,201,180,30,103,215,141,34,156,75,140,196,124,170,71,146
372,288,129,49,348,77,324,101,116,136,277,389,623,195,202,178,234,615,325,29,183,324,201,125,114,86,208,138,163,409,483,973,192,289,63,340,297,45,159,339,219,67,275,128,267,320,200,331,126,213
147,102,60,21,133,28,119,47,44,53,114,137,244,75,79,63,86,229,129,12,80,138,92,48,86,16,65,54,66,161,214,359,74,134,28,126,123,30,75,127,85,21,86,47,103,134,72,151,49,88
369,284,135,60,365,87,288,86,130,132,286,373,646,195,182,190,235,645,340,42,185,332,198,117,208,65,95,149,153,416,526,989,208,325,73,338,328,66,159,353,233,49,278,127,271,333,203,361,129,202
288,198,98,42,212,47,208,81,85,109,191,257,421,154,125,132,174,473,242,24,129,248,129,84,138,54,149,44,131,279,376,700,125,223,42,253,203,40,110,254,165,51,157,104,191,237,144,268,80,170
297,191,103,43,262,51,220,84,72,118,212,281,444,165,149,152,177,428,224,26,124,249,173,94,163,66,153,131,69,293,385,697,141,221,63,255,205,50,108,275,164,48,172,91,191,216,154,256,85,180
576,511,253,106,661,147,624,181,209,262,566,710,1178,397,331,344,414,1099,623,76,359,624,363,221,409,161,416,279,293,392,962,1796,341,590,146,637,571,114,285,650,414,120,501,235,503,551,392,680,261,428
690,677,306,123,779,140,695,231,244,292,617,868,1364,448,393,425,576,1331,731,98,438,755,427,299,483,214,526,376,385,962,568,2078,412,653,171,810,719,137,381,790,498,162,585,279,568,733,475,753,317,529
1168,1270,577,255,1433,297,1312,417,457,558,1156,1572,2395,936,724,784,1022,2437,1449,173,770,1464,823,579,973,359,989,700,697,1796,2078,1866,725,1298,316,1506,1295,245,713,1520,940,280,1095,534,1134,1358,921,1457,504,909
248,260,119,42,263,53,243,72,81,89,210,295,460,155,123,145,174,482,297,37,157,275,158,126,192,74,208,125,141,341,412,725,69,242,58,281,252,51,134,300,194,58,197,104,221,279,171,254,81,178
500,392,177,81,458,121,467,123,172,205,369,498,886,327,250,245,326,862,470,60,280,457,284,199,289,134,325,223,221,590,653,1298,242,220,101,496,424,86,217,470,307,87,350,156,375,417,292,458,159,291
119,99,35,16,130,27,103,41,37,49,85,145,189,70,57,60,71,194,112,17,53,122,62,43,63,28,73,42,63,146,171,316,58,101,24,125,103,25,44,124,74,29,79,23,90,104,75,121,44,71
479,403,186,88,515,120,493,151,167,216,468,580,1000,352,262,280,378,959,520,60,258,560,303,201,340,126,338,253,255,637,810,1506,281,496,125,274,507,78,277,542,364,97,454,178,414,534,341,571,196,343
478,406,176,72,478,108,426,145,163,173,367,514,847,304,251,273,355,820,468,63,254,489,287,180,297,123,328,203,205,571,719,1295,252,424,103,507,235,100,234,458,312,99,336,144,357,422,290,471,167,298
83,79,31,22,92,24,88,24,29,37,75,96,180,60,47,54,60,184,76,10,33,93,57,30,45,30,66,40,50,114,137,245,51,86,25,78,100,6,39,93,47,15,64,32,77,70,39,97,41,53
250,221,89,47,220,52,223,73,84,83,197,257,436,147,142,140,171,428,253,21,158,248,129,103,159,75,159,110,108,285,381,713,134,217,44,277,234,39,58,278,155,47,192,81,194,241,159,253,96,173
485,472,218,72,535,94,494,169,184,206,467,610,908,328,292,320,413,986,546,76,307,544,329,215,339,127,353,254,275,650,790,1520,300,470,124,542,458,93,278,281,354,107,412,210,400,522,315,519,213,365
316,267,129,55,332,63,344,86,103,152,294,369,575,205,164,168,264,587,336,49,185,337,193,141,219,85,233,165,164,414,498,940,194,307,74,364,312,47,155,354,97,58,254,118,267,285,211,348,125,242
100,73,44,11,98,23,94,37,33,46,91,125,187,56,63,61,65,197,98,12,50,91,56,34,67,21,49,51,48,120,162,280,58,87,29,97,99,15,47,107,58,11,102,37,72,104,65,111,34,72
366,363,158,59,402,67,372,118,125,148,343,437,673,266,181,207,284,662,424,43,206,396,232,156,275,86,278,157,172,501,585,1095,197,350,79,454,336,64,192,412,254,102,115,134,299,351,274,391,136,252
161,168,73,31,204,46,187,41,64,75,159,205,350,103,93,91,130,357,207,24,97,181,112,75,128,47,127,104,91,235,279,534,104,156,23,178,144,32,81,210,118,37,134,41,157,167,126,205,65,125
398,336,170,64,452,95,382,124,134,170,344,466,781,229,231,213,299,736,397,40,208,391,228,140,267,103,271,191,191,503,568,1134,221,375,90,414,357,77,194,400,267,72,299,157,160,401,259,413,145,254
428,411,200,70,487,89,449,136,163,177,397,541,843,295,240,246,321,798,436,57,293,467,262,196,320,134,333,237,216,551,733,1358,279,417,104,534,422,70,241,522,285,104,351,167,401,235,270,516,163,299
341,265,131,52,335,83,309,107,110,140,284,356,627,207,190,178,221,586,328,33,151,322,182,124,200,72,203,144,154,392,475,921,171,292,75,341,290,39,159,315,211,65,274,126,259,270,92,349,126,224
481,451,233,62,512,106,496,171,176,199,443,617,938,334,284,313,379,927,507,66,292,510,298,170,331,151,361,268,256,680,753,1457,254,458,121,571,471,97,253,519,348,111,391,205,413,516,349,270,197,331
182,177,74,25,188,38,159,65,58,79,150,217,301,123,95,108,117,329,182,25,88,187,118,71,126,49,129,80,85,261,317,504,81,159,44,196,167,41,96,213,125,34,136,65,145,163,126,197,23,127
357,301,97,64,328,72,294,113,110,132,281,353,586,206,186,204,243,606,363,34,198,362,211,146,213,88,202,170,180,428,529,909,178,291,71,343,298,53,173,365,242,72,252,125,254,299,224,331,127,116
