242,449,220,79,491,99,470,181,182,234,427,498,800,381,296,327,358,790,492,65,338,530,333,227,379,125,341,266,294,563,647,1191,229,490,89,501,501,87,259,468,322,102,369,169,448,398,348,466,161,361
449,163,165,76,437,104,428,141,155,164,374,464,784,267,217,251,325,752,436,57,237,466,233,172,277,114,301,202,193,520,670,1183,231,403,131,450,417,69,219,457,286,78,335,165,335,417,272,454,173,275
220,165,33,40,216,48,200,52,68,85,190,228,351,121,96,112,126,361,213,30,92,222,120,80,126,60,143,92,106,251,316,512,94,192,43,205,184,29,102,232,131,44,155,59,156,174,110,183,70,150
79,76,40,3,87,12,80,28,38,35,61,86,161,50,53,56,85,146,93,11,50,98,57,36,65,35,60,38,45,92,132,222,54,84,21,77,73,17,42,76,57,13,60,36,78,79,56,81,30,77
491,437,216,87,262,108,458,153,163,214,429,565,939,339,263,286,361,943,504,60,293,495,312,179,335,139,328,243,251,620,751,1362,270,509,137,510,436,65,262,568,346,108,374,174,365,442,338,513,176,339
99,104,48,12,108,14,113,37,40,50,95,115,216,80,53,83,104,209,116,10,80,122,83,57,73,30,82,41,57,144,183,285,55,84,29,112,117,24,63,118,66,24,74,51,92,96,67,102,44,99
470,428,200,80,458,113,236,164,160,171,391,532,860,303,245,268,373,840,475,54,287,496,296,175,318,120,287,227,230,601,692,1330,262,454,119,497,418,82,236,493,318,92,344,176,383,418,319,483,174,329
181,141,52,28,153,37,164,30,53,71,145,181,277,111,78,77,103,278,155,12,75,146,85,49,88,37,97,79,84,195,223,451,88,141,40,154,136,22,78,152,106,24,112,51,114,128,79,173,55,105
182,155,68,38,163,40,160,53,28,74,140,185,310,103,77,101,114,295,166,22,99,173,90,78,115,39,112,83,100,201,252,476,88,157,35,163,157,21,89,196,119,39,113,55,110,144,99,153,54,105
234,164,85,35,214,50,171,71,74,55,209,222,349,129,108,113,158,378,204,29,111,215,116,73,131,48,137,109,100,251,286,569,110,220,34,209,196,31,96,214,130,43,156,76,182,196,151,208,84,147
427,374,190,61,429,95,391,145,140,209,193,467,733,262,238,262,324,773,409,46,270,442,254,153,278,114,301,185,228,527,586,1157,194,433,95,458,417,69,236,469,294,97,339,139,342,362,251,442,161,281
498,464,228,86,565,115,532,181,185,222,467,309,984,377,282,303,404,1017,583,63,319,593,316,224,332,136,382,238,275,712,805,1528,311,520,117,636,529,91,278,602,365,126,426,219,428,500,355,556,198,387
800,784,351,161,939,216,860,277,310,349,733,984,788,588,497,513,649,1419,912,113,521,923,560,369,559,219,582,404,441,1174,1304,2309,432,823,198,969,851,148,477,919,579,183,668,348,686,804,552,939,330,587
381,267,121,50,339,80,303,111,103,129,262,377,588,92,156,176,247,593,329,41,162,341,218,129,215,96,197,166,147,399,511,905,170,320,74,357,312,47,163,358,238,52,282,145,241,323,217,350,124,222
296,217,96,53,263,53,245,78,77,108,238,282,497,156,74,132,172,509,275,28,141,287,161,95,160,66,181,131,128,335,406,737,148,255,72,268,283,44,120,301,165,51,206,87,212,226,162,281,101,184
327,251,112,56,286,83,268,77,101,113,262,303,513,176,132,79,195,531,296,32,145,299,170,115,184,73,196,129,142,330,451,834,152,262,66,293,294,52,136,323,200,42,231,106,229,291,173,319,92,190
358,325,126,85,361,104,373,103,114,158,324,404,649,247,172,195,124,652,343,38,208,347,213,135,222,93,251,177,166,457,540,1014,186,354,74,381,365,42,187,395,238,80,257,129,291,345,220,392,134,262
790,752,361,146,943,209,840,278,295,378,773,1017,1419,593,509,531,652,753,940,122,522,941,556,359,597,238,614,415,484,1144,1318,2327,444,822,193,942,808,166,453,932,548,180,676,308,731,825,561,927,314,604
492,436,213,93,504,116,475,155,166,204,409,583,912,329,275,296,343,940,247,56,303,487,309,195,320,120,321,203,255,602,721,1458,287,521,116,526,475,91,274,533,338,94,403,190,416,483,317,546,192,341
65,57,30,11,60,10,54,12,22,29,46,63,113,41,28,32,38,122,56,1,36,67,43,33,41,17,32,32,28,68,76,161,33,63,15,56,67,9,30,59,39,11,49,26,51,62,43,59,21,36
338,237,92,50,293,80,287,75,99,111,270,319,521,162,141,145,208,522,303,36,51,319,168,104,176,71,185,130,152,300,446,809,141,255,55,327,262,51,127,288,161,62,227,94,232,245,189,319,105,196
530,466,222,98,495,122,496,146,173,215,442,593,923,341,287,299,347,941,487,67,319,267,348,211,332,140,367,238,278,624,728,1381,283,511,112,543,472,86,228,552,363,98,406,190,420,467,330,508,182,341
333,233,120,57,312,83,296,85,90,116,254,316,560,218,161,170,213,556,309,43,168,348,102,117,190,72,200,140,156,350,441,833,152,290,76,305,312,49,118,329,204,48,226,113,240,292,192,303,118,212
227,172,80,36,179,57,175,49,78,73,153,224,369,129,95,115,135,359,195,33,104,211,117,43,139,60,153,94,96,269,312,545,116,186,44,199,175,32,86,227,160,38,147,71,162,192,120,210,60,142
379,277,126,65,335,73,318,88,115,131,278,332,559,215,160,184,222,597,320,41,176,332,190,139,95,67,204,153,157,403,462,891,189,320,74,347,327,50,157,346,217,74,270,119,233,289,180,363,119,197
125,114,60,35,139,30,120,37,39,48,114,136,219,96,66,73,93,238,120,17,71,140,72,60,67,14,77,60,70,162,201,349,74,106,35,125,130,15,62,125,89,25,108,50,92,117,78,140,54,89
341,301,143,60,328,82,287,97,112,137,301,382,582,197,181,196,251,614,321,32,185,367,200,153,204,77,116,153,147,430,502,975,186,299,81,341,317,45,164,347,222,73,282,124,249,320,214,361,133,218
266,202,92,38,243,41,227,79,83,109,185,238,404,166,131,129,177,415,203,32,130,238,140,94,153,60,153,47,104,285,359,647,120,221,56,224,190,47,105,264,150,52,202,87,204,206,144,241,93,158
294,193,106,45,251,57,230,84,100,100,228,275,441,147,128,142,166,484,255,28,152,278,156,96,157,70,147,104,71,280,424,710,133,232,59,253,247,57,104,259,146,39,186,80,184,259,167,256,78,181
563,520,251,92,620,144,601,195,201,251,527,712,1174,399,335,330,457,1144,602,68,300,624,350,269,403,162,430,285,280,416,951,1708,336,563,157,644,555,107,299,673,384,124,510,222,477,568,397,643,221,415
647,670,316,132,751,183,692,223,252,286,586,805,1304,511,406,451,540,1318,721,76,446,728,441,312,462,201,502,359,424,951,570,2063,371,699,174,777,645,128,377,790,492,138,580,304,605,696,466,770,249,481
1191,1183,512,222,1362,285,1330,451,476,569,1157,1528,2309,905,737,834,1014,2327,1458,161,809,1381,833,545,891,349,975,647,710,1708,2063,1875,674,1342,306,1488,1240,232,732,1396,841,305,1017,550,1078,1317,858,1379,494,947
229,231,94,54,270,55,262,88,88,110,194,311,432,170,148,152,186,444,287,33,141,283,152,116,189,74,186,120,133,336,371,674,65,264,68,275,250,45,135,282,170,52,192,100,207,217,193,279,107,167
490,403,192,84,509,84,454,141,157,220,433,520,823,320,255,262,354,822,521,63,255,511,290,186,320,106,299,221,232,563,699,1342,264,216,110,480,425,89,219,536,323,91,320,181,379,432,293,484,167,340
89,131,43,21,137,29,119,40,35,34,95,117,198,74,72,66,74,193,116,15,55,112,76,44,74,35,81,56,59,157,174,306,68,110,13,131,126,15,47,120,70,23,76,38,90,125,65,112,37,79
501,450,205,77,510,112,497,154,163,209,458,636,969,357,268,293,381,942,526,56,327,543,305,199,347,125,341,224,253,644,777,1488,275,480,131,270,480,87,273,558,346,109,396,204,392,517,356,585,195,350
501,417,184,73,436,117,418,136,157,196,417,529,851,312,283,294,365,808,475,67,262,472,312,175,327,130,317,190,247,555,645,1240,250,425,126,480,225,59,219,482,299,87,344,172,361,422,283,505,178,334
87,69,29,17,65,24,82,22,21,31,69,91,148,47,44,52,42,166,91,9,51,86,49,32,50,15,45,47,57,107,128,232,45,89,15,87,59,11,29,102,56,17,82,43,82,80,49,86,32,48
259,219,102,42,262,63,236,78,89,96,236,278,477,163,120,136,187,453,274,30,127,228,118,86,157,62,164,105,104,299,377,732,135,219,47,273,219,29,69,265,164,53,179,79,171,249,140,248,81,183
468,457,232,76,568,118,493,152,196,214,469,602,919,358,301,323,395,932,533,59,288,552,329,227,346,125,347,264,259,673,790,1396,282,536,120,558,482,102,265,282,350,107,381,189,429,486,330,541,194,333
322,286,131,57,346,66,318,106,119,130,294,365,579,238,165,200,238,548,338,39,161,363,204,160,217,89,222,150,146,384,492,841,170,323,70,346,299,56,164,350,112,56,242,126,282,317,225,361,119,222
102,78,44,13,108,24,92,24,39,43,97,126,183,52,51,42,80,180,94,11,62,98,48,38,74,25,73,52,39,124,138,305,52,91,23,109,87,17,53,107,56,14,85,30,81,99,61,95,36,76
369,335,155,60,374,74,344,112,113,156,339,426,668,282,206,231,257,676,403,49,227,406,226,147,270,108,282,202,186,510,580,1017,192,320,76,396,344,82,179,381,242,85,134,147,314,319,252,360,130,260
169,165,59,36,174,51,176,51,55,76,139,219,348,145,87,106,129,308,190,26,94,190,113,71,119,50,124,87,80,222,304,550,100,181,38,204,172,43,79,189,126,30,147,33,155,175,111,177,64,125
448,335,156,78,365,92,383,114,110,182,342,428,686,241,212,229,291,731,416,51,232,420,240,162,233,92,249,204,184,477,605,1078,207,379,90,392,361,82,171,429,282,81,314,155,134,353,232,423,146,271
398,417,174,79,442,96,418,128,144,196,362,500,804,323,226,291,345,825,483,62,245,467,292,192,289,117,320,206,259,568,696,1317,217,432,125,517,422,80,249,486,317,99,319,175,353,221,287,501,167,294
348,272,110,56,338,67,319,79,99,151,251,355,552,217,162,173,220,561,317,43,189,330,192,120,180,78,214,144,167,397,466,858,193,293,65,356,283,49,140,330,225,61,252,111,232,287,113,327,130,218
466,454,183,81,513,102,483,173,153,208,442,556,939,350,281,319,392,927,546,59,319,508,303,210,363,140,361,241,256,643,770,1379,279,484,112,585,505,86,248,541,361,95,360,177,423,501,327,267,171,329
161,173,70,30,176,44,174,55,54,84,161,198,330,124,101,92,134,314,192,21,105,182,118,60,119,54,133,93,78,221,249,494,107,167,37,195,178,32,81,194,119,36,130,64,146,167,130,171,28,124
361,275,150,77,339,99,329,105,105,147,281,387,587,222,184,190,262,604,341,36,196,341,212,142,197,89,218,158,181,415,481,947,167,340,79,350,334,48,183,333,222,76,260,125,271,294,218,329,124,111
