246,442,211,78,439,94,449,188,172,233,432,504,789,359,295,334,346,777,497,61,310,489,333,189,318,148,370,289,296,585,687,1159,225,435,117,473,479,78,263,452,295,110,351,185,420,427,291,489,156,370
442,194,154,65,455,103,419,127,152,206,388,478,763,304,216,246,322,763,398,61,257,458,231,165,272,101,278,186,219,508,673,1198,225,387,103,425,419,68,203,452,285,85,328,183,335,395,261,457,141,326
211,154,37,26,207,35,187,63,77,96,204,217,371,115,94,109,154,382,218,20,108,201,111,69,126,51,120,105,85,249,311,597,110,181,40,221,178,49,83,177,114,41,161,67,146,174,119,204,75,160
78,65,26,4,71,12,69,25,27,47,87,80,143,60,44,53,72,147,85,6,49,82,52,28,63,20,56,31,42,102,106,210,46,74,17,86,74,10,40,76,57,16,64,25,68,76,43,91,24,61
439,455,207,71,230,101,478,153,173,207,432,590,895,307,242,289,377,927,515,59,322,545,272,178,329,128,351,246,253,672,756,1374,276,437,110,540,473,84,274,521,355,97,430,174,396,469,324,543,163,362
94,103,35,12,101,7,73,28,30,60,105,108,193,76,56,66,86,174,133,15,61,121,65,37,84,31,71,43,61,129,144,266,60,98,28,108,96,21,48,119,83,25,83,35,99,117,69,123,43,87
449,419,187,69,478,73,189,155,156,208,395,512,858,307,266,288,354,874,509,52,298,476,299,185,312,145,330,231,239,611,699,1298,252,415,133,530,445,95,216,504,306,91,324,176,384,427,308,468,175,312
188,127,63,25,153,28,155,25,56,61,135,175,244,111,79,93,106,281,147,15,66,154,91,65,83,49,109,77,87,204,240,407,76,135,36,174,153,27,70,168,85,27,112,58,112,136,96,176,52,102
172,152,77,27,173,30,156,56,30,72,132,192,273,107,88,92,113,291,166,35,85,157,88,58,111,36,92,64,88,205,265,454,109,147,52,165,141,24,83,204,96,31,130,64,134,160,102,188,65,111
233,206,96,47,207,60,208,61,72,45,172,224,375,152,133,137,153,353,219,24,123,207,148,105,142,70,157,96,98,237,310,550,111,227,50,224,224,29,90,219,132,41,142,76,177,197,139,215,96,162
432,388,204,87,432,105,395,135,132,172,174,484,740,267,253,261,338,776,443,51,274,425,266,171,285,124,298,239,241,529,688,1176,221,432,98,451,388,74,198,453,292,81,317,150,352,397,255,438,151,294
504,478,217,80,590,108,512,175,192,224,484,310,959,365,286,287,399,1006,577,78,324,578,334,238,371,157,416,246,285,699,859,1536,300,494,128,594,485,90,270,583,335,117,408,198,456,531,376,588,199,363
789,763,371,143,895,193,858,244,273,375,740,959,816,593,472,497,668,1414,885,116,517,899,576,371,590,245,622,399,507,1060,1315,2305,463,842,235,963,812,149,455,935,537,163,702,334,745,804,596,961,345,650
359,304,115,60,307,76,307,111,107,152,267,365,593,112,185,193,249,621,336,32,172,341,240,137,195,89,236,151,168,404,512,985,184,310,91,325,310,59,179,342,195,69,248,127,247,268,221,363,119,236
295,216,94,44,242,56,266,79,88,133,253,286,472,185,72,149,208,492,297,32,139,312,169,90,159,72,192,120,151,321,384,758,150,269,57,271,242,43,128,273,153,60,211,93,216,244,163,286,104,191
334,246,109,53,289,66,288,93,92,137,261,287,497,193,149,87,207,543,313,26,160,298,153,95,172,81,184,140,157,351,440,820,153,255,60,287,257,53,140,316,170,57,253,118,253,281,191,319,120,184
346,322,154,72,377,86,354,106,113,153,338,399,668,249,208,207,136,676,353,52,189,385,222,153,226,93,245,181,169,438,545,1025,206,367,87,369,338,62,200,406,238,79,256,132,271,321,209,356,137,220
777,763,382,147,927,174,874,281,291,353,776,1006,1414,621,492,543,676,788,926,113,525,900,580,368,618,218,620,409,502,1126,1340,2295,441,801,217,940,792,151,453,956,564,189,690,310,736,798,603,930,347,650
497,398,218,85,515,133,509,147,166,219,443,577,885,336,297,313,353,926,248,58,293,467,291,206,336,120,361,244,280,640,760,1459,283,508,131,518,490,78,293,530,319,103,405,187,420,450,304,527,186,340
61,61,20,6,59,15,52,15,35,24,51,78,116,32,32,26,52,113,58,6,32,62,43,21,43,20,39,30,26,71,85,172,23,48,19,63,52,9,27,64,41,15,48,27,54,59,41,60,20,44
310,257,108,49,322,61,298,66,85,123,274,324,517,172,139,160,189,525,293,32,67,301,151,109,183,70,165,130,137,338,418,769,148,246,57,289,258,36,138,301,179,65,219,107,209,280,147,294,106,189
489,458,201,82,545,121,476,154,157,207,425,578,899,341,312,298,385,900,467,62,301,261,340,224,342,130,373,252,279,648,712,1468,283,517,142,526,481,88,283,589,329,101,373,183,429,459,330,522,211,331
333,231,111,52,272,65,299,91,88,148,266,334,576,240,169,153,222,580,291,43,151,340,98,133,197,79,215,141,156,370,426,849,172,318,74,304,262,45,143,320,207,54,248,99,258,245,190,321,108,213
189,165,69,28,178,37,185,65,58,105,171,238,371,137,90,95,153,368,206,21,109,224,133,52,142,58,131,90,102,256,299,605,116,195,57,216,189,37,101,201,120,43,151,71,163,195,119,219,82,130
318,272,126,63,329,84,312,83,111,142,285,371,590,195,159,172,226,618,336,43,183,342,197,142,111,96,219,137,158,425,485,976,192,322,82,329,318,63,156,349,229,66,266,114,252,312,190,343,126,230
148,101,51,20,128,31,145,49,36,70,124,157,245,89,72,81,93,218,120,20,70,130,79,58,96,18,80,57,69,161,190,350,73,136,28,129,121,23,62,135,77,18,104,70,124,129,75,124,52,93
370,278,120,56,351,71,330,109,92,157,298,416,622,236,192,184,245,620,361,39,165,373,215,131,219,80,112,173,158,438,499,960,184,340,97,351,338,67,164,366,211,72,279,147,292,352,183,342,127,233
289,186,105,31,246,43,231,77,64,96,239,246,399,151,120,140,181,409,244,30,130,252,141,90,137,57,173,58,125,310,352,652,120,225,64,224,202,53,121,265,143,41,191,84,183,219,121,264,101,170
296,219,85,42,253,61,239,87,88,98,241,285,507,168,151,157,169,502,280,26,137,279,156,102,158,69,158,125,70,340,419,717,151,243,58,247,258,35,144,289,161,47,215,88,174,217,167,268,109,181
585,508,249,102,672,129,611,204,205,237,529,699,1060,404,321,351,438,1126,640,71,338,648,370,256,425,161,438,310,340,359,904,1744,336,613,145,678,578,113,331,678,415,136,511,212,502,553,409,647,237,476
687,673,311,106,756,144,699,240,265,310,688,859,1315,512,384,440,545,1340,760,85,418,712,426,299,485,190,499,352,419,904,555,2031,395,670,170,787,692,119,406,817,497,142,574,273,594,691,448,742,256,506
1159,1198,597,210,1374,266,1298,407,454,550,1176,1536,2305,985,758,820,1025,2295,1459,172,769,1468,849,605,976,350,960,652,717,1744,2031,1752,721,1235,326,1438,1269,240,721,1467,940,280,1064,510,1165,1215,871,1333,470,987
225,225,110,46,276,60,252,76,109,111,221,300,463,184,150,153,206,441,283,23,148,283,172,116,192,73,184,120,151,336,395,721,78,257,51,291,260,51,133,275,167,66,212,107,215,224,164,271,94,185
435,387,181,74,437,98,415,135,147,227,432,494,842,310,269,255,367,801,508,48,246,517,318,195,322,136,340,225,243,613,670,1235,257,202,113,512,403,67,222,494,320,101,329,172,368,402,285,482,177,354
117,103,40,17,110,28,133,36,52,50,98,128,235,91,57,60,87,217,131,19,57,142,74,57,82,28,97,64,58,145,170,326,51,113,11,115,117,18,66,112,77,35,98,39,107,102,72,118,44,71
473,425,221,86,540,108,530,174,165,224,451,594,963,325,271,287,369,940,518,63,289,526,304,216,329,129,351,224,247,678,787,1438,291,512,115,260,512,89,274,583,372,92,394,202,404,477,305,544,198,337
479,419,178,74,473,96,445,153,141,224,388,485,812,310,242,257,338,792,490,52,258,481,262,189,318,121,338,202,258,578,692,1269,260,403,117,512,235,83,238,501,306,110,367,174,415,393,270,475,185,315
78,68,49,10,84,21,95,27,24,29,74,90,149,59,43,53,62,151,78,9,36,88,45,37,63,23,67,53,35,113,119,240,51,67,18,89,83,7,43,96,55,14,54,31,76,87,54,83,29,53
263,203,83,40,274,48,216,70,83,90,198,270,455,179,128,140,200,453,293,27,138,283,143,101,156,62,164,121,144,331,406,721,133,222,66,274,238,43,60,280,158,39,200,93,199,241,161,258,94,152
452,452,177,76,521,119,504,168,204,219,453,583,935,342,273,316,406,956,530,64,301,589,320,201,349,135,366,265,289,678,817,1467,275,494,112,583,501,96,280,285,320,101,392,192,435,510,335,596,179,370
295,285,114,57,355,83,306,85,96,132,292,335,537,195,153,170,238,564,319,41,179,329,207,120,229,77,211,143,161,415,497,940,167,320,77,372,306,55,158,320,101,66,224,148,249,299,228,379,119,212
110,85,41,16,97,25,91,27,31,41,81,117,163,69,60,57,79,189,103,15,65,101,54,43,66,18,72,41,47,136,142,280,66,101,35,92,110,14,39,101,66,10,85,45,86,106,61,110,37,67
351,328,161,64,430,83,324,112,130,142,317,408,702,248,211,253,256,690,405,48,219,373,248,151,266,104,279,191,215,511,574,1064,212,329,98,394,367,54,200,392,224,85,143,150,311,324,256,380,142,225
185,183,67,25,174,35,176,58,64,76,150,198,334,127,93,118,132,310,187,27,107,183,99,71,114,70,147,84,88,212,273,510,107,172,39,202,174,31,93,192,148,45,150,40,135,187,104,194,71,126
420,335,146,68,396,99,384,112,134,177,352,456,745,247,216,253,271,736,420,54,209,429,258,163,252,124,292,183,174,502,594,1165,215,368,107,404,415,76,199,435,249,86,311,135,161,354,264,418,159,274
427,395,174,76,469,117,427,136,160,197,397,531,804,268,244,281,321,798,450,59,280,459,245,195,312,129,352,219,217,553,691,1215,224,402,102,477,393,87,241,510,299,106,324,187,354,207,283,475,133,295
291,261,119,43,324,69,308,96,102,139,255,376,596,221,163,191,209,603,304,41,147,330,190,119,190,75,183,121,167,409,448,871,164,285,72,305,270,54,161,335,228,61,256,104,264,283,109,349,128,199
489,457,204,91,543,123,468,176,188,215,438,588,961,363,286,319,356,930,527,60,294,522,321,219,343,124,342,264,268,647,742,1333,271,482,118,544,475,83,258,596,379,110,380,194,418,475,349,256,186,323
156,141,75,24,163,43,175,52,65,96,151,199,345,119,104,120,137,347,186,20,106,211,108,82,126,52,127,101,109,237,256,470,94,177,44,198,185,29,94,179,119,37,142,71,159,133,128,186,30,118
370,326,160,61,362,87,312,102,111,162,294,363,650,236,191,184,220,650,340,44,189,331,213,130,230,93,233,170,181,476,506,987,185,354,71,337,315,53,152,370,212,67,225,126,274,295,199,323,118,110
