260,474,219,94,533,108,503,195,159,228,434,534,858,360,304,321,330,811,511,66,314,491,364,203,374,151,364,260,299,606,740,1242,259,462,115,537,488,92,262,491,338,101,364,171,434,465,332,485,171,364
474,188,164,80,487,99,436,130,146,172,373,478,810,287,224,258,356,786,418,62,201,457,297,179,268,123,290,202,206,561,692,1234,261,421,94,490,420,82,211,504,281,95,348,165,367,382,272,498,171,277
219,164,41,35,201,45,185,62,71,70,180,225,345,130,109,108,124,338,194,26,97,190,105,55,133,57,128,76,90,235,303,568,114,159,56,195,188,32,108,221,126,39,146,81,141,188,136,229,82,125
94,80,35,8,83,23,99,28,31,29,66,103,145,58,43,52,68,136,100,18,46,79,61,29,57,27,62,52,47,112,113,227,49,74,22,102,79,15,48,61,56,15,65,28,64,68,50,74,35,49
533,487,201,83,258,115,534,164,151,222,442,549,957,375,291,283,376,919,554,67,270,536,292,218,343,147,368,242,273,662,729,1473,272,474,117,545,455,69,255,545,348,98,390,177,428,510,312,566,191,311
108,99,45,23,115,10,107,37,35,42,87,122,189,69,57,68,86,170,122,15,57,104,65,41,83,34,70,56,73,160,170,298,58,106,24,128,104,19,65,112,79,17,65,42,89,111,79,118,44,75
503,436,185,99,534,107,232,147,164,211,427,550,900,333,244,287,356,878,474,58,275,489,287,186,341,123,314,231,238,665,756,1342,248,452,103,530,458,78,248,501,321,97,358,201,379,463,303,497,178,310
195,130,62,28,164,37,147,16,50,69,126,169,258,87,61,74,111,253,152,18,91,157,88,67,94,42,97,75,95,190,237,447,100,131,36,160,153,22,69,155,92,35,128,57,135,134,96,153,52,113
159,146,71,31,151,35,164,50,21,61,140,191,263,110,73,76,106,273,147,30,97,152,104,65,118,44,115,74,89,203,231,451,86,153,40,156,177,25,74,181,102,29,129,53,135,162,88,175,55,114
228,172,70,29,222,42,211,69,61,37,155,221,356,132,128,136,145,360,209,33,111,244,138,86,138,62,146,85,103,244,324,521,89,195,45,204,193,30,82,213,120,47,162,84,175,202,122,224,68,144
434,373,180,66,442,87,427,126,140,155,178,459,743,273,256,280,309,783,429,63,251,460,282,203,296,118,289,199,238,519,650,1197,214,389,92,459,411,79,222,452,286,82,324,164,385,398,274,430,154,308
534,478,225,103,549,122,550,169,191,221,459,298,1007,353,264,298,389,987,532,58,324,559,343,245,392,136,361,224,270,747,844,1594,359,539,124,638,558,100,275,577,367,119,429,210,481,535,351,580,205,414
858,810,345,145,957,189,900,258,263,356,743,1007,802,557,490,534,674,1464,942,125,499,926,497,339,581,208,600,401,472,1204,1382,2508,522,853,198,1028,797,149,449,999,641,183,678,349,717,850,566,1003,331,609
360,287,130,58,375,69,333,87,110,132,273,353,557,114,183,211,273,560,315,34,172,352,191,126,211,82,226,153,171,402,519,919,158,326,69,338,333,48,162,335,209,75,259,121,287,313,170,366,122,237
304,224,109,43,291,57,244,61,73,128,256,264,490,183,70,145,174,502,247,28,141,293,172,115,185,62,179,130,136,322,403,762,142,225,70,281,249,53,130,269,165,50,206,87,227,241,174,290,115,177
321,258,108,52,283,68,287,74,76,136,280,298,534,211,145,73,183,521,253,29,167,324,195,127,193,71,191,127,130,347,457,814,146,248,59,281,275,62,140,302,173,57,241,97,248,273,181,325,110,199
330,356,124,68,376,86,356,111,106,145,309,389,674,273,174,183,133,672,379,37,181,343,204,152,261,92,254,178,193,442,542,1007,193,361,96,367,331,67,181,379,233,90,276,147,277,349,204,403,134,260
811,786,338,136,919,170,878,253,273,360,783,987,1464,560,502,521,672,838,916,141,472,951,503,359,565,233,624,427,461,1165,1385,2507,509,816,206,986,850,161,411,984,625,189,677,382,716,868,601,974,356,591
511,418,194,100,554,122,474,152,147,209,429,532,942,315,247,253,379,916,271,60,279,497,303,193,306,138,324,227,276,627,788,1397,247,488,110,543,470,89,241,557,342,104,372,168,363,444,304,495,199,327
66,62,26,18,67,15,58,18,30,33,63,58,125,34,28,29,37,141,60,4,31,56,38,26,49,14,34,29,38,76,97,174,36,66,18,63,59,10,29,69,44,10,56,24,52,62,39,72,23,41
314,201,97,46,270,57,275,91,97,111,251,324,499,172,141,167,181,472,279,31,77,270,159,98,160,74,159,129,125,349,404,767,147,229,54,279,258,45,141,299,181,67,245,88,222,255,166,318,114,159
491,457,190,79,536,104,489,157,152,244,460,559,926,352,293,324,343,951,497,56,270,259,310,218,344,139,364,247,279,653,779,1415,257,459,137,567,452,91,256,572,333,89,388,199,395,497,329,557,191,352
364,297,105,61,292,65,287,88,104,138,282,343,497,191,172,195,204,503,303,38,159,310,81,123,198,78,194,150,148,352,445,819,146,271,67,315,287,53,161,313,216,55,253,113,220,256,159,346,116,201
203,179,55,29,218,41,186,67,65,86,203,245,339,126,115,127,152,359,193,26,98,218,123,44,137,47,139,101,98,253,319,535,90,189,52,214,204,38,102,229,155,37,148,92,178,160,124,213,81,125
374,268,133,57,343,83,341,94,118,138,296,392,581,211,185,193,261,565,306,49,160,344,198,137,123,81,233,159,191,373,512,980,168,302,80,366,340,69,149,375,210,76,273,128,274,277,199,347,142,218
151,123,57,27,147,34,123,42,44,62,118,136,208,82,62,71,92,233,138,14,74,139,78,47,81,13,74,62,62,158,184,349,74,124,23,129,136,25,64,156,77,24,103,46,107,122,67,123,49,90
364,290,128,62,368,70,314,97,115,146,289,361,600,226,179,191,254,624,324,34,159,364,194,139,233,74,103,148,170,397,518,968,191,331,79,347,360,55,185,392,227,67,298,132,312,303,223,365,140,222
260,202,76,52,242,56,231,75,74,85,199,224,401,153,130,127,178,427,227,29,129,247,150,101,159,62,148,58,116,302,335,658,125,234,55,232,217,42,122,222,137,56,172,75,181,222,147,245,94,159
299,206,90,47,273,73,238,95,89,103,238,270,472,171,136,130,193,461,276,38,125,279,148,98,191,62,170,116,63,310,422,710,110,244,50,270,253,48,130,270,148,54,219,78,196,205,147,295,90,184
606,561,235,112,662,160,665,190,203,244,519,747,1204,402,322,347,442,1165,627,76,349,653,352,253,373,158,397,302,310,377,950,1873,361,595,151,673,595,105,331,691,438,122,514,275,501,592,376,709,241,413
740,692,303,113,729,170,756,237,231,324,650,844,1382,519,403,457,542,1385,788,97,404,779,445,319,512,184,518,335,422,950,561,2196,407,748,193,865,712,109,384,794,531,159,577,298,625,688,475,814,275,513
1242,1234,568,227,1473,298,1342,447,451,521,1197,1594,2508,919,762,814,1007,2507,1397,174,767,1415,819,535,980,349,968,658,710,1873,2196,1920,740,1338,326,1582,1322,263,747,1467,974,286,1022,519,1127,1313,927,1459,527,945
259,261,114,49,272,58,248,100,86,89,214,359,522,158,142,146,193,509,247,36,147,257,146,90,168,74,191,125,110,361,407,740,69,274,67,316,269,45,145,268,183,53,207,110,211,264,176,296,104,156
462,421,159,74,474,106,452,131,153,195,389,539,853,326,225,248,361,816,488,66,229,459,271,189,302,124,331,234,244,595,748,1338,274,224,94,467,411,77,244,512,295,99,381,168,372,450,279,494,154,284
115,94,56,22,117,24,103,36,40,45,92,124,198,69,70,59,96,206,110,18,54,137,67,52,80,23,79,55,50,151,193,326,67,94,10,120,109,25,55,133,79,16,77,55,88,104,70,112,45,85
537,490,195,102,545,128,530,160,156,204,459,638,1028,338,281,281,367,986,543,63,279,567,315,214,366,129,347,232,270,673,865,1582,316,467,120,284,508,90,263,577,357,100,385,198,424,539,343,580,202,351
488,420,188,79,455,104,458,153,177,193,411,558,797,333,249,275,331,850,470,59,258,452,287,204,340,136,360,217,253,595,712,1322,269,411,109,508,202,88,237,509,297,89,342,173,420,438,291,515,165,328
92,82,32,15,69,19,78,22,25,30,79,100,149,48,53,62,67,161,89,10,45,91,53,38,69,25,55,42,48,105,109,263,45,77,25,90,88,6,39,89,54,19,69,48,69,86,59,85,32,55
262,211,108,48,255,65,248,69,74,82,222,275,449,162,130,140,181,411,241,29,141,256,161,102,149,64,185,122,130,331,384,747,145,244,55,263,237,39,56,257,168,44,200,93,202,230,174,266,83,181
491,504,221,61,545,112,501,155,181,213,452,577,999,335,269,302,379,984,557,69,299,572,313,229,375,156,392,222,270,691,794,1467,268,512,133,577,509,89,257,304,320,106,421,212,415,502,365,542,193,346
338,281,126,56,348,79,321,92,102,120,286,367,641,209,165,173,233,625,342,44,181,333,216,155,210,77,227,137,148,438,531,974,183,295,79,357,297,54,168,320,103,66,259,131,274,293,205,369,129,226
101,95,39,15,98,17,97,35,29,47,82,119,183,75,50,57,90,189,104,10,67,89,55,37,76,24,67,56,54,122,159,286,53,99,16,100,89,19,44,106,66,14,81,37,85,104,72,103,32,74
364,348,146,65,390,65,358,128,129,162,324,429,678,259,206,241,276,677,372,56,245,388,253,148,273,103,298,172,219,514,577,1022,207,381,77,385,342,69,200,421,259,81,129,157,360,363,254,395,146,285
171,165,81,28,177,42,201,57,53,84,164,210,349,121,87,97,147,382,168,24,88,199,113,92,128,46,132,75,78,275,298,519,110,168,55,198,173,48,93,212,131,37,157,32,153,203,120,197,68,129
434,367,141,64,428,89,379,135,135,175,385,481,717,287,227,248,277,716,363,52,222,395,220,178,274,107,312,181,196,501,625,1127,211,372,88,424,420,69,202,415,274,85,360,153,161,368,255,438,156,269
465,382,188,68,510,111,463,134,162,202,398,535,850,313,241,273,349,868,444,62,255,497,256,160,277,122,303,222,205,592,688,1313,264,450,104,539,438,86,230,502,293,104,363,203,368,215,306,457,172,331
332,272,136,50,312,79,303,96,88,122,274,351,566,170,174,181,204,601,304,39,166,329,159,124,199,67,223,147,147,376,475,927,176,279,70,343,291,59,174,365,205,72,254,120,255,306,108,346,118,189
485,498,229,74,566,118,497,153,175,224,430,580,1003,366,290,325,403,974,495,72,318,557,346,213,347,123,365,245,295,709,814,1459,296,494,112,580,515,85,266,542,369,103,395,197,438,457,346,284,204,371
171,171,82,35,191,44,178,52,55,68,154,205,331,122,115,110,134,356,199,23,114,191,116,81,142,49,140,94,90,241,275,527,104,154,45,202,165,32,83,193,129,32,146,68,156,172,118,204,35,124
364,277,125,49,311,75,310,113,114,144,308,414,609,237,177,199,260,591,327,41,159,352,201,125,218,90,222,159,184,413,513,945,156,284,85,351,328,55,181,346,226,74,285,129,269,331,189,371,124,96
