248,435,195,91,474,98,466,155,173,255,454,480,802,381,320,332,366,815,485,61,359,504,355,217,365,150,342,282,313,581,678,1152,259,484,109,521,462,89,255,476,333,101,383,168,410,428,336,497,160,352
435,176,198,71,454,91,424,131,156,182,391,489,747,282,213,210,322,777,444,54,230,445,243,191,263,125,307,194,214,566,687,1213,265,384,112,471,376,73,225,485,295,84,338,134,383,428,259,425,153,314
195,198,34,43,187,50,227,55,49,100,186,229,340,130,100,106,122,322,189,22,95,205,120,76,127,51,136,94,98,259,283,525,98,186,34,187,198,27,94,220,125,53,157,85,163,209,133,222,68,140
91,71,43,4,86,15,62,23,38,35,86,95,153,54,50,44,67,158,105,13,52,104,68,30,52,25,64,45,38,118,141,235,50,78,19,86,88,13,39,77,49,18,56,32,47,79,51,74,27,63
474,454,187,86,271,117,509,186,180,214,444,608,901,345,261,296,354,923,522,62,288,505,298,245,347,160,382,236,256,655,764,1354,254,500,129,508,490,93,252,525,318,107,393,194,419,438,316,523,198,367
98,91,50,15,117,8,112,36,39,48,92,127,180,75,57,71,87,179,132,14,67,129,91,41,66,39,83,52,59,153,184,275,68,116,18,111,109,27,58,110,68,29,89,44,78,100,65,102,46,76
466,424,227,62,509,112,227,147,157,185,383,526,893,306,259,247,366,874,514,64,267,520,316,181,309,125,343,237,221,615,717,1345,285,447,119,469,429,74,260,499,299,110,329,184,372,431,296,463,205,314
155,131,55,23,186,36,147,22,53,69,152,172,271,111,86,87,110,245,143,25,78,146,93,70,107,46,102,70,79,195,196,401,90,150,31,157,150,26,63,150,94,30,132,59,115,148,89,166,51,97
173,156,49,38,180,39,157,53,27,61,139,198,278,107,84,101,121,285,142,25,72,161,113,70,117,41,123,70,78,212,239,434,88,171,32,169,164,25,84,159,101,28,128,54,146,151,101,178,68,119
255,182,100,35,214,48,185,69,61,48,180,253,356,152,101,122,138,345,224,33,102,233,138,80,139,57,135,98,120,257,295,545,102,196,35,199,207,32,110,223,130,41,161,81,184,169,127,215,68,144
454,391,186,86,444,92,383,152,139,180,166,523,736,308,229,235,307,727,416,65,236,431,260,183,283,120,299,199,241,528,582,1112,210,410,99,445,416,60,231,428,254,85,303,161,350,363,275,431,172,304
480,489,229,95,608,127,526,172,198,253,523,303,978,353,285,298,417,1011,585,76,282,557,319,208,365,160,368,282,290,735,853,1628,315,518,115,589,511,92,277,601,367,109,398,219,468,492,349,557,224,375
802,747,340,153,901,180,893,271,278,356,736,978,794,573,481,546,633,1430,899,105,490,931,540,351,593,233,573,421,505,1204,1352,2376,480,838,199,956,820,155,475,930,590,215,698,348,729,777,570,977,330,603
381,282,130,54,345,75,306,111,107,152,308,353,573,113,141,189,252,600,308,36,161,320,184,133,218,93,230,176,174,406,498,911,180,308,81,310,324,52,162,339,228,57,231,137,267,289,194,329,139,203
320,213,100,50,261,57,259,86,84,101,229,285,481,141,75,144,188,479,267,33,145,275,183,117,162,63,169,130,132,313,418,745,135,258,61,247,246,51,138,285,156,58,231,96,207,259,169,283,95,192
332,210,106,44,296,71,247,87,101,122,235,298,546,189,144,77,202,528,279,23,161,289,182,104,182,73,189,132,152,318,426,810,157,276,67,259,265,43,151,302,166,61,215,99,233,283,188,301,120,169
366,322,122,67,354,87,366,110,121,138,307,417,633,252,188,202,142,624,354,41,210,362,221,143,263,84,235,162,177,439,511,968,207,339,76,391,340,46,176,369,252,84,293,128,265,332,210,381,124,248
815,777,322,158,923,179,874,245,285,345,727,1011,1430,600,479,528,624,815,921,104,516,959,529,356,614,226,589,444,456,1131,1354,2421,488,851,197,1002,814,161,442,952,594,185,695,337,743,833,566,959,319,592
485,444,189,105,522,132,514,143,142,224,416,585,899,308,267,279,354,921,269,55,275,532,282,222,321,116,302,255,275,656,711,1432,277,501,126,526,506,99,252,553,381,99,416,166,391,470,305,525,175,313
61,54,22,13,62,14,64,25,25,33,65,76,105,36,33,23,41,104,55,1,33,63,38,23,51,18,41,30,33,79,110,172,24,61,11,52,58,13,34,80,32,8,44,22,59,54,46,54,21,56
359,230,95,52,288,67,267,78,72,102,236,282,490,161,145,161,210,516,275,33,80,274,158,118,196,53,216,125,139,343,414,779,151,247,56,297,264,48,146,295,181,59,231,102,245,251,159,299,87,215
504,445,205,104,505,129,520,146,161,233,431,557,931,320,275,289,362,959,532,63,274,283,283,198,356,124,323,257,219,678,756,1431,277,506,127,511,489,83,259,541,350,102,412,177,400,455,317,542,171,316
355,243,120,68,298,91,316,93,113,138,260,319,540,184,183,182,221,529,282,38,158,283,93,113,195,81,189,123,143,344,462,808,175,274,70,307,308,44,143,326,177,56,251,96,225,243,168,312,110,216
217,191,76,30,245,41,181,70,70,80,183,208,351,133,117,104,143,356,222,23,118,198,113,46,141,59,134,96,103,263,307,555,104,198,49,203,177,36,106,200,148,34,154,83,164,178,126,195,71,141
365,263,127,52,347,66,309,107,117,139,283,365,593,218,162,182,263,614,321,51,196,356,195,141,91,83,201,157,152,430,489,906,168,335,69,332,300,55,163,324,197,71,272,123,263,305,199,342,120,233
150,125,51,25,160,39,125,46,41,57,120,160,233,93,63,73,84,226,116,18,53,124,81,59,83,22,101,59,49,177,195,335,76,123,27,124,130,15,55,145,96,21,108,46,97,87,83,137,45,93
342,307,136,64,382,83,343,102,123,135,299,368,573,230,169,189,235,589,302,41,216,323,189,134,201,101,121,177,152,409,470,921,189,312,83,334,316,53,158,354,219,61,273,129,270,297,206,354,127,213
282,194,94,45,236,52,237,70,70,98,199,282,421,176,130,132,162,444,255,30,125,257,123,96,157,59,177,52,111,298,339,628,120,241,73,225,217,41,107,252,161,55,171,107,215,249,163,260,89,160
313,214,98,38,256,59,221,79,78,120,241,290,505,174,132,152,177,456,275,33,139,219,143,103,152,49,152,111,40,294,347,755,138,248,54,269,263,33,121,258,166,63,192,72,191,248,162,279,87,182
581,566,259,118,655,153,615,195,212,257,528,735,1204,406,313,318,439,1131,656,79,343,678,344,263,430,177,409,298,294,375,958,1752,339,556,147,647,592,115,318,739,446,141,480,240,516,581,396,674,235,443
678,687,283,141,764,184,717,196,239,295,582,853,1352,498,418,426,511,1354,711,110,414,756,462,307,489,195,470,339,347,958,538,2098,410,706,162,758,768,117,384,774,501,150,579,268,599,709,461,810,251,506
1152,1213,525,235,1354,275,1345,401,434,545,1112,1628,2376,911,745,810,968,2421,1432,172,779,1431,808,555,906,335,921,628,755,1752,2098,1931,723,1326,317,1473,1315,233,662,1493,909,294,1067,531,1149,1294,911,1445,477,889
259,265,98,50,254,68,285,90,88,102,210,315,480,180,135,157,207,488,277,24,151,277,175,104,168,76,189,120,138,339,410,723,67,267,51,295,272,51,123,300,180,58,198,113,228,249,173,295,89,202
484,384,186,78,500,116,447,150,171,196,410,518,838,308,258,276,339,851,501,61,247,506,274,198,335,123,312,241,248,556,706,1326,267,206,103,473,462,80,231,505,307,101,387,165,412,450,314,460,186,312
109,112,34,19,129,18,119,31,32,35,99,115,199,81,61,67,76,197,126,11,56,127,70,49,69,27,83,73,54,147,162,317,51,103,8,149,112,23,58,132,79,19,87,35,93,109,76,111,35,54
521,471,187,86,508,111,469,157,169,199,445,589,956,310,247,259,391,1002,526,52,297,511,307,203,332,124,334,225,269,647,758,1473,295,473,149,242,516,82,269,584,342,100,417,174,398,491,318,538,195,339
462,376,198,88,490,109,429,150,164,207,416,511,820,324,246,265,340,814,506,58,264,489,308,177,300,130,316,217,263,592,768,1315,272,462,112,516,224,67,216,477,297,101,314,165,347,427,307,450,162,308
89,73,27,13,93,27,74,26,25,32,60,92,155,52,51,43,46,161,99,13,48,83,44,36,55,15,53,41,33,115,117,233,51,80,23,82,67,3,35,96,56,13,71,40,62,85,61,90,37,56
255,225,94,39,252,58,260,63,84,110,231,277,475,162,138,151,176,442,252,34,146,259,143,106,163,55,158,107,121,318,384,662,123,231,58,269,216,35,66,262,151,60,211,87,199,244,144,251,87,186
476,485,220,77,525,110,499,150,159,223,428,601,930,339,285,302,369,952,553,80,295,541,326,200,324,145,354,252,258,739,774,1493,300,505,132,584,477,96,262,288,347,117,406,209,454,529,293,549,184,347
333,295,125,49,318,68,299,94,101,130,254,367,590,228,156,166,252,594,381,32,181,350,177,148,197,96,219,161,166,446,501,909,180,307,79,342,297,56,151,347,100,78,260,141,259,325,200,321,112,216
101,84,53,18,107,29,110,30,28,41,85,109,215,57,58,61,84,185,99,8,59,102,56,34,71,21,61,55,63,141,150,294,58,101,19,100,101,13,60,117,78,6,80,39,89,96,61,98,35,69
383,338,157,56,393,89,329,132,128,161,303,398,698,231,231,215,293,695,416,44,231,412,251,154,272,108,273,171,192,480,579,1067,198,387,87,417,314,71,211,406,260,80,133,148,297,335,239,383,142,302
168,134,85,32,194,44,184,59,54,81,161,219,348,137,96,99,128,337,166,22,102,177,96,83,123,46,129,107,72,240,268,531,113,165,35,174,165,40,87,209,141,39,148,33,165,163,113,181,70,123
410,383,163,47,419,78,372,115,146,184,350,468,729,267,207,233,265,743,391,59,245,400,225,164,263,97,270,215,191,516,599,1149,228,412,93,398,347,62,199,454,259,89,297,165,167,355,256,417,151,284
428,428,209,79,438,100,431,148,151,169,363,492,777,289,259,283,332,833,470,54,251,455,243,178,305,87,297,249,248,581,709,1294,249,450,109,491,427,85,244,529,325,96,335,163,355,212,271,514,164,309
336,259,133,51,316,65,296,89,101,127,275,349,570,194,169,188,210,566,305,46,159,317,168,126,199,83,206,163,162,396,461,911,173,314,76,318,307,61,144,293,200,61,239,113,256,271,92,309,134,192
497,425,222,74,523,102,463,166,178,215,431,557,977,329,283,301,381,959,525,54,299,542,312,195,342,137,354,260,279,674,810,1445,295,460,111,538,450,90,251,549,321,98,383,181,417,514,309,275,189,378
160,153,68,27,198,46,205,51,68,68,172,224,330,139,95,120,124,319,175,21,87,171,110,71,120,45,127,89,87,235,251,477,89,186,35,195,162,37,87,184,112,35,142,70,151,164,134,189,29,117
352,314,140,63,367,76,314,97,119,144,304,375,603,203,192,169,248,592,313,56,215,316,216,141,233,93,213,160,182,443,506,889,202,312,54,339,308,56,186,347,216,69,302,123,284,309,192,378,117,115
