261,461,203,81,513,110,463,174,155,232,448,496,809,379,320,357,356,791,522,65,325,518,357,207,392,167,366,311,277,615,687,1138,248,443,98,490,460,85,260,474,312,95,381,174,423,416,331,498,153,364
461,178,155,81,440,100,455,140,140,171,385,475,819,271,242,241,294,809,436,41,250,451,274,164,297,110,278,190,213,531,687,1228,263,411,90,428,433,77,201,464,275,78,334,155,348,395,262,450,181,276
203,155,42,34,202,46,165,64,65,73,177,243,358,128,123,116,143,356,219,30,116,211,114,84,109,52,141,83,77,236,302,507,94,201,36,230,183,29,87,221,129,42,131,86,170,189,107,230,73,129
81,81,34,4,76,16,77,20,24,39,70,93,133,54,42,44,61,145,78,9,49,81,61,42,57,24,58,42,39,92,99,205,42,72,21,87,75,12,38,82,56,14,61,26,65,58,38,74,30,60
513,440,202,76,236,96,430,155,157,208,422,522,882,333,259,302,382,929,487,83,294,476,324,200,338,146,337,239,246,616,703,1352,264,457,128,552,458,95,261,536,335,97,416,146,378,478,275,495,155,347
110,100,46,16,96,7,102,32,35,51,90,112,182,66,62,69,66,185,118,12,74,101,78,56,86,28,79,55,54,141,162,271,44,104,20,106,120,13,57,109,83,20,72,36,102,89,63,110,44,75
463,455,165,77,430,102,224,152,165,215,368,528,889,350,247,252,371,854,489,62,273,503,314,206,329,116,314,214,273,626,693,1308,254,448,101,479,448,82,229,508,296,96,363,193,385,447,306,492,189,326
174,140,64,20,155,32,152,27,55,56,118,176,285,83,99,97,109,290,175,15,81,143,75,51,114,28,89,82,88,166,221,433,75,140,28,171,140,25,73,184,119,30,109,72,127,137,107,149,67,118
155,140,65,24,157,35,165,55,25,76,152,176,287,113,107,103,120,302,163,16,91,182,94,68,110,46,104,71,106,209,226,436,87,152,37,185,138,35,80,195,106,34,114,51,143,150,101,187,59,97
232,171,73,39,208,51,215,56,76,44,176,227,364,127,101,123,137,342,221,30,102,220,128,77,133,58,158,98,113,254,315,577,99,188,46,195,199,28,109,224,128,37,159,61,159,185,113,214,66,152
448,385,177,70,422,90,368,118,152,176,191,477,780,268,231,245,288,790,427,60,230,409,270,178,324,101,307,194,200,527,608,1194,235,361,90,442,384,67,201,422,255,102,316,160,346,406,258,465,180,305
496,475,243,93,522,112,528,176,176,227,477,287,984,359,297,331,435,1064,572,67,308,588,317,226,341,159,381,238,252,716,839,1532,294,537,135,579,521,87,283,602,373,126,379,242,421,509,367,574,194,372
809,819,358,133,882,182,889,285,287,364,780,984,760,598,496,526,655,1408,929,115,481,930,550,374,651,247,630,421,448,1121,1311,2312,470,857,226,909,837,154,430,987,557,184,602,370,778,801,570,906,311,637
379,271,128,54,333,66,350,83,113,127,268,359,598,113,167,186,228,567,308,41,158,353,186,140,203,85,206,145,174,381,479,961,147,289,74,321,321,61,137,368,200,57,259,121,255,288,168,366,106,210
320,242,123,42,259,62,247,99,107,101,231,297,496,167,72,131,214,460,263,38,147,269,151,135,178,71,187,134,134,330,440,745,158,268,53,269,242,51,151,306,181,57,193,103,218,231,162,282,107,197
357,241,116,44,302,69,252,97,103,123,245,331,526,186,131,76,214,503,283,36,143,294,161,117,178,67,167,149,145,353,455,840,157,307,68,305,267,51,155,323,175,64,225,101,226,263,177,294,112,189
356,294,143,61,382,66,371,109,120,137,288,435,655,228,214,214,130,661,372,51,207,394,221,136,259,75,225,198,184,467,529,1004,214,332,88,379,333,68,171,362,247,76,287,121,311,362,252,399,135,252
791,809,356,145,929,185,854,290,302,342,790,1064,1408,567,460,503,661,761,945,114,476,948,521,343,611,245,610,411,434,1072,1295,2404,461,799,236,908,830,163,441,901,618,205,638,332,731,783,578,874,315,640
522,436,219,78,487,118,489,175,163,221,427,572,929,308,263,283,372,945,268,60,274,492,303,191,322,125,319,221,269,639,716,1339,265,412,110,540,461,94,256,511,319,97,407,206,401,477,332,523,189,384
65,41,30,9,83,12,62,15,16,30,60,67,115,41,38,36,51,114,60,1,32,72,37,26,46,23,49,20,28,82,81,168,38,70,7,64,60,10,32,59,40,11,50,26,58,61,42,54,15,35
325,250,116,49,294,74,273,81,91,102,230,308,481,158,147,143,207,476,274,32,79,276,181,109,196,80,184,117,143,315,439,802,154,250,58,291,289,41,132,280,171,47,195,97,228,253,161,298,122,202
518,451,211,81,476,101,503,143,182,220,409,588,930,353,269,294,394,948,492,72,276,259,297,184,344,135,306,226,298,645,766,1397,268,459,103,549,441,102,246,509,320,100,414,214,363,480,336,557,185,360
357,274,114,61,324,78,314,75,94,128,270,317,550,186,151,161,221,521,303,37,181,297,95,151,189,77,200,138,148,361,440,842,181,276,65,301,296,48,137,336,179,67,254,110,207,278,198,329,126,183
207,164,84,42,200,56,206,51,68,77,178,226,374,140,135,117,136,343,191,26,109,184,151,37,150,43,136,91,121,225,291,550,118,180,33,199,208,29,92,219,123,43,162,80,167,183,131,211,88,155
392,297,109,57,338,86,329,114,110,133,324,341,651,203,178,178,259,611,322,46,196,344,189,150,109,89,225,138,151,432,505,974,183,316,64,356,336,51,187,363,186,64,268,140,257,287,186,364,153,233
167,110,52,24,146,28,116,28,46,58,101,159,247,85,71,67,75,245,125,23,80,135,77,43,89,14,78,74,58,147,172,368,66,133,30,146,120,26,56,135,75,32,95,48,107,129,76,140,55,75
366,278,141,58,337,79,314,89,104,158,307,381,630,206,187,167,225,610,319,49,184,306,200,136,225,78,112,159,169,409,493,998,185,305,71,326,340,56,138,342,197,72,249,127,264,323,194,371,133,233
311,190,83,42,239,55,214,82,71,98,194,238,421,145,134,149,198,411,221,20,117,226,138,91,138,74,159,56,128,269,373,634,137,224,48,260,212,49,126,271,160,36,189,83,192,203,120,250,82,177
277,213,77,39,246,54,273,88,106,113,200,252,448,174,134,145,184,434,269,28,143,298,148,121,151,58,169,128,75,282,402,720,121,260,57,272,250,46,156,300,162,52,222,90,189,225,153,273,83,202
615,531,236,92,616,141,626,166,209,254,527,716,1121,381,330,353,467,1072,639,82,315,645,361,225,432,147,409,269,282,390,892,1699,319,566,145,624,573,107,287,696,482,133,503,241,521,594,402,700,210,458
687,687,302,99,703,162,693,221,226,315,608,839,1311,479,440,455,529,1295,716,81,439,766,440,291,505,172,493,373,402,892,559,2023,443,668,179,784,673,121,360,765,505,160,558,314,636,703,449,758,269,495
1138,1228,507,205,1352,271,1308,433,436,577,1194,1532,2312,961,745,840,1004,2404,1339,168,802,1397,842,550,974,368,998,634,720,1699,2023,1823,714,1269,310,1496,1313,234,672,1429,918,303,1010,575,1162,1248,844,1436,505,941
248,263,94,42,264,44,254,75,87,99,235,294,470,147,158,157,214,461,265,38,154,268,181,118,183,66,185,137,121,319,443,714,82,240,64,314,245,45,137,303,196,51,189,107,199,235,173,268,101,183
443,411,201,72,457,104,448,140,152,188,361,537,857,289,268,307,332,799,412,70,250,459,276,180,316,133,305,224,260,566,668,1269,240,218,105,482,434,86,249,508,301,87,363,172,372,419,277,481,161,317
98,90,36,21,128,20,101,28,37,46,90,135,226,74,53,68,88,236,110,7,58,103,65,33,64,30,71,48,57,145,179,310,64,105,21,131,91,17,67,115,68,20,81,47,88,102,62,122,41,66
490,428,230,87,552,106,479,171,185,195,442,579,909,321,269,305,379,908,540,64,291,549,301,199,356,146,326,260,272,624,784,1496,314,482,131,261,515,82,294,550,320,107,430,185,439,497,330,543,195,319
460,433,183,75,458,120,448,140,138,199,384,521,837,321,242,267,333,830,461,60,289,441,296,208,336,120,340,212,250,573,673,1313,245,434,91,515,232,76,220,466,290,88,368,170,381,408,304,475,168,321
85,77,29,12,95,13,82,25,35,28,67,87,154,61,51,51,68,163,94,10,41,102,48,29,51,26,56,49,46,107,121,234,45,86,17,82,76,3,41,82,45,19,84,29,61,78,49,95,27,55
260,201,87,38,261,57,229,73,80,109,201,283,430,137,151,155,171,441,256,32,132,246,137,92,187,56,138,126,156,287,360,672,137,249,67,294,220,41,55,268,175,60,166,99,217,197,173,238,87,189
474,464,221,82,536,109,508,184,195,224,422,602,987,368,306,323,362,901,511,59,280,509,336,219,363,135,342,271,300,696,765,1429,303,508,115,550,466,82,268,267,348,100,393,215,442,463,324,554,181,380
312,275,129,56,335,83,296,119,106,128,255,373,557,200,181,175,247,618,319,40,171,320,179,123,186,75,197,160,162,482,505,918,196,301,68,320,290,45,175,348,106,71,238,126,242,306,217,328,105,227
95,78,42,14,97,20,96,30,34,37,102,126,184,57,57,64,76,205,97,11,47,100,67,43,64,32,72,36,52,133,160,303,51,87,20,107,88,19,60,100,71,11,64,45,75,104,57,116,31,73
381,334,131,61,416,72,363,109,114,159,316,379,602,259,193,225,287,638,407,50,195,414,254,162,268,95,249,189,222,503,558,1010,189,363,81,430,368,84,166,393,238,64,134,140,306,347,241,359,147,275
174,155,86,26,146,36,193,72,51,61,160,242,370,121,103,101,121,332,206,26,97,214,110,80,140,48,127,83,90,241,314,575,107,172,47,185,170,29,99,215,126,45,140,32,160,191,120,198,61,130
423,348,170,65,378,102,385,127,143,159,346,421,778,255,218,226,311,731,401,58,228,363,207,167,257,107,264,192,189,521,636,1162,199,372,88,439,381,61,217,442,242,75,306,160,149,333,246,397,168,293
416,395,189,58,478,89,447,137,150,185,406,509,801,288,231,263,362,783,477,61,253,480,278,183,287,129,323,203,225,594,703,1248,235,419,102,497,408,78,197,463,306,104,347,191,333,205,266,504,142,284
331,262,107,38,275,63,306,107,101,113,258,367,570,168,162,177,252,578,332,42,161,336,198,131,186,76,194,120,153,402,449,844,173,277,62,330,304,49,173,324,217,57,241,120,246,266,83,326,110,213
498,450,230,74,495,110,492,149,187,214,465,574,906,366,282,294,399,874,523,54,298,557,329,211,364,140,371,250,273,700,758,1436,268,481,122,543,475,95,238,554,328,116,359,198,397,504,326,252,188,369
153,181,73,30,155,44,189,67,59,66,180,194,311,106,107,112,135,315,189,15,122,185,126,88,153,55,133,82,83,210,269,505,101,161,41,195,168,27,87,181,105,31,147,61,168,142,110,188,28,113
364,276,129,60,347,75,326,118,97,152,305,372,637,210,197,189,252,640,384,35,202,360,183,155,233,75,233,177,202,458,495,941,183,317,66,319,321,55,189,380,227,73,275,130,293,284,213,369,113,121
