273,450,200,99,482,108,500,191,165,259,449,504,780,382,316,332,352,784,541,57,306,532,347,244,377,140,388,295,294,555,751,1159,251,514,110,486,522,79,244,462,305,122,342,175,465,421,355,486,176,376
450,191,132,61,435,91,404,146,141,179,360,520,789,275,213,237,348,823,459,56,245,475,236,164,258,95,258,210,234,570,666,1196,229,404,104,464,408,61,219,474,295,100,352,161,314,420,253,433,158,299
200,132,31,28,212,35,184,58,62,88,178,216,347,132,103,113,127,352,201,23,131,196,104,71,116,47,120,102,98,247,344,547,106,170,43,185,164,31,87,226,137,34,163,72,149,184,128,188,74,151
99,61,28,2,77,13,78,24,34,41,80,96,129,57,38,53,72,131,87,7,51,103,43,40,53,37,72,50,46,103,120,188,44,74,19,86,83,21,40,81,56,21,83,35,66,76,52,92,31,55
482,435,212,77,251,94,507,158,172,215,448,581,930,352,246,297,379,929,494,63,291,530,310,202,327,130,333,227,251,640,753,1417,265,464,114,523,502,97,261,532,317,96,401,188,398,486,307,528,166,346
108,91,35,13,94,9,108,36,41,44,102,137,179,81,63,75,96,164,114,14,71,126,72,48,73,46,83,57,62,154,159,253,57,100,22,119,125,24,53,106,55,17,92,47,93,94,60,107,37,84
500,404,184,78,507,108,227,152,172,208,411,543,843,310,256,310,379,879,521,66,268,502,268,182,314,121,323,233,271,585,725,1391,238,488,131,540,466,88,253,468,306,107,400,165,384,460,323,481,212,333
191,146,58,24,158,36,152,11,49,61,133,181,290,92,79,76,128,303,144,16,94,161,91,85,112,40,108,69,75,207,216,445,100,154,40,160,141,27,65,163,88,34,131,54,119,153,96,179,64,104
165,141,62,34,172,41,172,49,29,67,142,169,299,116,73,87,114,329,169,16,87,165,86,59,92,41,118,91,99,208,240,469,91,156,34,153,158,27,72,195,109,30,128,57,115,151,120,170,67,104
259,179,88,41,215,44,208,61,67,47,175,229,380,148,114,140,154,392,218,25,104,230,130,87,131,46,122,110,122,267,312,537,90,188,38,231,210,35,98,211,128,37,178,77,173,203,132,245,63,135
449,360,178,80,448,102,411,133,142,175,174,496,755,275,228,271,317,788,433,53,228,451,260,183,275,109,280,220,232,476,640,1194,225,411,99,473,421,63,218,454,247,90,328,147,365,392,261,448,150,291
504,520,216,96,581,137,543,181,169,229,496,326,1004,335,269,321,384,995,556,71,302,590,351,239,371,162,378,256,296,715,898,1556,286,510,110,549,538,79,253,636,396,106,425,192,438,508,318,616,232,385
780,789,347,129,930,179,843,290,299,380,755,1004,767,569,462,497,638,1389,889,109,481,954,514,343,592,214,559,427,439,1195,1415,2290,471,817,213,929,827,144,437,947,558,161,726,313,695,812,572,871,321,620
382,275,132,57,352,81,310,92,116,148,275,335,569,103,178,188,246,613,332,51,184,332,193,122,200,90,233,151,155,403,506,909,190,339,74,345,321,52,164,355,209,70,276,115,257,309,181,351,120,229
316,213,103,38,246,63,256,79,73,114,228,269,462,178,69,139,181,457,291,35,165,297,144,116,179,66,160,124,149,332,410,761,144,241,55,262,251,28,111,284,160,48,228,98,217,263,155,270,101,182
332,237,113,53,297,75,310,76,87,140,271,321,497,188,139,87,182,512,294,30,161,306,174,125,186,80,174,119,150,354,444,823,160,280,66,296,269,33,138,326,205,65,235,115,228,270,168,317,119,189
352,348,127,72,379,96,379,128,114,154,317,384,638,246,181,182,130,659,388,51,211,396,234,162,246,82,244,172,194,466,583,1032,185,362,89,349,313,61,165,400,239,81,251,130,323,361,234,395,127,235
784,823,352,131,929,164,879,303,329,392,788,995,1389,613,457,512,659,761,916,105,485,965,538,348,610,226,580,442,452,1155,1358,2361,457,816,215,974,827,160,461,935,598,186,692,318,721,840,541,860,326,578
541,459,201,87,494,114,521,144,169,218,433,556,889,332,291,294,388,916,263,62,270,536,334,221,363,125,335,197,239,638,820,1459,291,469,132,580,488,88,259,531,306,100,404,195,409,470,323,606,187,325
57,56,23,7,63,14,66,16,16,25,53,71,109,51,35,30,51,105,62,4,34,77,28,37,40,9,43,35,36,62,103,178,30,59,16,69,57,11,35,77,39,11,53,24,54,73,28,76,17,41
306,245,131,51,291,71,268,94,87,104,228,302,481,184,165,161,211,485,270,34,69,290,159,121,180,74,183,116,145,343,441,830,140,257,56,245,256,47,131,312,182,60,210,98,215,260,173,276,116,218
532,475,196,103,530,126,502,161,165,230,451,590,954,332,297,306,396,965,536,77,290,250,307,202,380,132,336,233,262,622,807,1451,288,493,112,575,468,87,245,537,345,106,405,191,411,466,351,539,176,354
347,236,104,43,310,72,268,91,86,130,260,351,514,193,144,174,234,538,334,28,159,307,90,115,184,72,180,132,130,382,472,862,154,268,79,339,281,36,152,315,190,62,236,100,229,273,182,316,118,207
244,164,71,40,202,48,182,85,59,87,183,239,343,122,116,125,162,348,221,37,121,202,115,34,119,42,128,101,112,254,306,556,95,215,41,234,192,34,100,201,128,48,176,78,162,189,146,206,78,155
377,258,116,53,327,73,314,112,92,131,275,371,592,200,179,186,246,610,363,40,180,380,184,119,105,70,200,159,155,412,519,953,193,320,69,362,310,54,157,355,230,66,254,121,287,285,237,337,137,215
140,95,47,37,130,46,121,40,41,46,109,162,214,90,66,80,82,226,125,9,74,132,72,42,70,11,77,58,60,170,193,367,71,111,32,127,113,18,57,109,92,23,107,41,98,113,103,145,50,79
388,258,120,72,333,83,323,108,118,122,280,378,559,233,160,174,244,580,335,43,183,336,180,128,200,77,92,129,165,425,527,979,184,332,79,369,310,52,172,334,234,64,256,129,274,274,229,366,131,225
295,210,102,50,227,57,233,69,91,110,220,256,427,151,124,119,172,442,197,35,116,233,132,101,159,58,129,54,111,290,375,695,133,219,44,221,222,37,124,269,135,37,167,87,210,219,137,266,93,159
294,234,98,46,251,62,271,75,99,122,232,296,439,155,149,150,194,452,239,36,145,262,130,112,155,60,165,111,75,315,368,661,130,229,52,266,220,48,130,270,178,48,174,84,192,236,155,276,97,177
555,570,247,103,640,154,585,207,208,267,476,715,1195,403,332,354,466,1155,638,62,343,622,382,254,412,170,425,290,315,410,955,1814,333,587,152,624,585,96,341,651,424,124,483,216,481,572,399,651,253,436
751,666,344,120,753,159,725,216,240,312,640,898,1415,506,410,444,583,1358,820,103,441,807,472,306,519,193,527,375,368,955,581,2002,428,682,159,808,725,144,378,774,520,165,594,283,614,729,474,783,276,520
1159,1196,547,188,1417,253,1391,445,469,537,1194,1556,2290,909,761,823,1032,2361,1459,178,830,1451,862,556,953,367,979,695,661,1814,2002,1859,720,1256,346,1503,1259,244,691,1432,950,270,1061,568,1141,1243,935,1405,490,953
251,229,106,44,265,57,238,100,91,90,225,286,471,190,144,160,185,457,291,30,140,288,154,95,193,71,184,133,130,333,428,720,62,245,68,304,290,47,146,267,174,56,201,95,218,244,159,261,90,199
514,404,170,74,464,100,488,154,156,188,411,510,817,339,241,280,362,816,469,59,257,493,268,215,320,111,332,219,229,587,682,1256,245,220,94,503,458,81,250,510,285,112,388,176,394,450,308,478,162,309
110,104,43,19,114,22,131,40,34,38,99,110,213,74,55,66,89,215,132,16,56,112,79,41,69,32,79,44,52,152,159,346,68,94,14,124,96,16,62,131,94,27,90,41,104,109,83,137,44,54
486,464,185,86,523,119,540,160,153,231,473,549,929,345,262,296,349,974,580,69,245,575,339,234,362,127,369,221,266,624,808,1503,304,503,124,243,482,96,274,577,341,122,398,232,442,490,324,552,188,337
522,408,164,83,502,125,466,141,158,210,421,538,827,321,251,269,313,827,488,57,256,468,281,192,310,113,310,222,220,585,725,1259,290,458,96,482,222,77,227,509,322,108,377,161,374,466,298,510,181,352
79,61,31,21,97,24,88,27,27,35,63,79,144,52,28,33,61,160,88,11,47,87,36,34,54,18,52,37,48,96,144,244,47,81,16,96,77,6,54,75,61,17,76,32,66,86,58,92,25,69
244,219,87,40,261,53,253,65,72,98,218,253,437,164,111,138,165,461,259,35,131,245,152,100,157,57,172,124,130,341,378,691,146,250,62,274,227,54,48,270,151,55,202,86,177,228,163,255,87,156
462,474,226,81,532,106,468,163,195,211,454,636,947,355,284,326,400,935,531,77,312,537,315,201,355,109,334,269,270,651,774,1432,267,510,131,577,509,75,270,233,334,112,416,194,405,500,338,538,209,346
305,295,137,56,317,55,306,88,109,128,247,396,558,209,160,205,239,598,306,39,182,345,190,128,230,92,234,135,178,424,520,950,174,285,94,341,322,61,151,334,91,52,259,124,265,316,197,329,131,230
122,100,34,21,96,17,107,34,30,37,90,106,161,70,48,65,81,186,100,11,60,106,62,48,66,23,64,37,48,124,165,270,56,112,27,122,108,17,55,112,52,9,81,36,88,96,66,114,40,71
342,352,163,83,401,92,400,131,128,178,328,425,726,276,228,235,251,692,404,53,210,405,236,176,254,107,256,167,174,483,594,1061,201,388,90,398,377,76,202,416,259,81,149,128,310,351,232,416,137,242
175,161,72,35,188,47,165,54,57,77,147,192,313,115,98,115,130,318,195,24,98,191,100,78,121,41,129,87,84,216,283,568,95,176,41,232,161,32,86,194,124,36,128,30,135,167,102,200,62,120
465,314,149,66,398,93,384,119,115,173,365,438,695,257,217,228,323,721,409,54,215,411,229,162,287,98,274,210,192,481,614,1141,218,394,104,442,374,66,177,405,265,88,310,135,175,365,261,429,173,281
421,420,184,76,486,94,460,153,151,203,392,508,812,309,263,270,361,840,470,73,260,466,273,189,285,113,274,219,236,572,729,1243,244,450,109,490,466,86,228,500,316,96,351,167,365,219,280,479,159,322
355,253,128,52,307,60,323,96,120,132,261,318,572,181,155,168,234,541,323,28,173,351,182,146,237,103,229,137,155,399,474,935,159,308,83,324,298,58,163,338,197,66,232,102,261,280,82,314,128,215
486,433,188,92,528,107,481,179,170,245,448,616,871,351,270,317,395,860,606,76,276,539,316,206,337,145,366,266,276,651,783,1405,261,478,137,552,510,92,255,538,329,114,416,200,429,479,314,259,195,368
176,158,74,31,166,37,212,64,67,63,150,232,321,120,101,119,127,326,187,17,116,176,118,78,137,50,131,93,97,253,276,490,90,162,44,188,181,25,87,209,131,40,137,62,173,159,128,195,36,125
376,299,151,55,346,84,333,104,104,135,291,385,620,229,182,189,235,578,325,41,218,354,207,155,215,79,225,159,177,436,520,953,199,309,54,337,352,69,156,346,230,71,242,120,281,322,215,368,125,118
