291,432,217,89,524,114,479,188,176,281,458,502,787,359,308,344,361,843,539,65,343,528,333,193,383,137,348,276,305,626,698,1156,248,500,121,549,499,95,259,451,308,107,411,179,425,428,346,490,178,385
432,201,186,80,394,107,427,126,121,209,393,457,740,286,241,246,319,734,423,40,226,432,282,189,287,105,290,179,209,579,654,1174,234,424,95,444,405,72,193,473,292,98,358,152,343,384,293,465,159,306
217,186,31,35,223,58,192,74,51,98,164,230,387,131,91,89,153,386,189,19,111,193,113,71,126,51,124,106,99,276,269,545,99,203,53,222,191,34,122,229,145,32,152,78,158,188,104,216,78,131
89,80,35,9,82,17,83,23,28,40,83,90,152,60,46,56,52,147,92,10,59,85,59,28,71,20,72,37,44,105,122,217,39,75,12,106,63,12,34,92,64,15,56,31,77,74,51,75,20,54
524,394,223,82,251,103,492,152,156,208,429,570,892,354,251,307,387,913,552,57,289,537,266,196,300,123,335,242,264,645,752,1419,261,497,119,579,507,82,277,528,339,118,412,204,382,481,328,506,187,357
114,107,58,17,103,11,92,31,33,39,102,135,206,61,55,73,84,201,129,18,73,122,75,35,80,31,74,57,54,154,165,284,55,118,22,131,97,19,58,127,82,30,79,46,87,97,70,109,36,62
479,427,192,83,492,92,214,149,170,188,411,510,881,328,252,291,347,885,518,60,264,500,291,182,332,117,323,220,246,609,713,1370,264,448,103,511,412,93,260,500,301,94,362,190,377,456,312,446,170,292
188,126,74,23,152,31,149,23,50,71,139,191,284,99,89,78,111,284,158,16,85,153,80,61,111,42,96,57,76,177,239,418,89,125,43,160,151,27,69,172,96,27,121,69,118,119,88,176,63,118
176,121,51,28,156,33,170,50,33,71,130,188,305,111,83,94,120,308,151,18,85,154,108,74,96,42,114,69,89,195,236,447,89,147,38,176,145,43,87,170,119,37,139,57,134,168,103,183,55,109
281,209,98,40,208,39,188,71,71,47,171,212,360,140,120,131,146,317,211,27,124,185,125,82,129,52,142,111,104,236,298,554,109,173,39,230,181,27,109,232,140,45,137,76,175,204,123,205,58,152
458,393,164,83,429,102,411,139,130,171,168,437,739,290,224,248,315,755,429,43,265,427,257,197,254,111,266,199,225,543,627,1148,211,377,93,439,385,70,227,464,279,92,298,170,346,396,289,453,144,316
502,457,230,90,570,135,510,191,188,212,437,295,1003,348,287,290,415,1010,551,76,293,575,316,196,355,141,348,255,281,729,877,1630,314,535,128,598,541,101,266,571,378,109,398,195,449,516,342,543,218,377
787,740,387,152,892,206,881,284,305,360,739,1003,785,583,472,499,629,1457,925,104,520,941,553,351,632,231,599,399,503,1148,1378,2381,452,847,203,973,809,152,461,981,614,184,675,372,754,824,544,928,319,607
359,286,131,60,354,61,328,99,111,140,290,348,583,118,186,196,229,572,347,41,175,357,192,140,233,75,222,175,162,405,523,927,198,335,76,325,297,53,174,363,211,66,255,105,285,307,230,349,118,218
308,241,91,46,251,55,252,89,83,120,224,287,472,186,63,137,210,474,247,20,143,270,142,120,163,65,175,129,147,340,408,775,134,212,73,264,280,44,141,278,173,54,201,105,209,240,159,248,89,175
344,246,89,56,307,73,291,78,94,131,248,290,499,196,137,68,202,535,300,33,151,273,174,129,170,57,156,120,147,351,439,836,159,283,77,280,261,41,129,319,169,51,255,106,222,246,168,281,120,215
361,319,153,52,387,84,347,111,120,146,315,415,629,229,210,202,136,644,373,44,205,352,221,134,252,91,268,173,190,467,546,973,217,358,82,362,351,74,183,394,229,64,291,129,290,315,237,368,133,238
843,734,386,147,913,201,885,284,308,317,755,1010,1457,572,474,535,644,810,889,112,500,900,543,360,637,226,636,417,467,1117,1378,2406,470,846,214,971,853,168,463,970,577,190,690,359,758,796,569,931,318,631
539,423,189,92,552,129,518,158,151,211,429,551,925,347,247,300,373,889,267,59,285,483,287,187,321,141,337,242,249,630,742,1409,276,485,136,533,470,102,269,532,316,95,404,189,384,477,342,500,195,338
65,40,19,10,57,18,60,16,18,27,43,76,104,41,20,33,44,112,59,1,23,63,34,22,41,15,48,28,23,79,97,179,21,64,19,65,57,9,30,54,46,8,53,15,52,54,39,57,22,28
343,226,111,59,289,73,264,85,85,124,265,293,520,175,143,151,205,500,285,23,62,282,169,122,184,73,165,139,131,339,426,791,159,248,58,272,246,50,133,303,173,50,203,90,208,265,142,283,107,180
528,432,193,85,537,122,500,153,154,185,427,575,941,357,270,273,352,900,483,63,282,244,297,199,344,141,375,254,274,634,746,1417,284,467,133,543,469,87,271,545,362,96,398,199,421,485,347,500,188,372
333,282,113,59,266,75,291,80,108,125,257,316,553,192,142,174,221,543,287,34,169,297,76,133,186,74,207,142,153,365,440,892,164,258,73,322,299,57,152,325,187,53,232,124,257,270,194,303,112,219
193,189,71,28,196,35,182,61,74,82,197,196,351,140,120,129,134,360,187,22,122,199,133,33,137,53,132,108,109,249,281,543,100,183,52,200,174,38,113,228,134,40,144,89,148,180,150,185,80,129
383,287,126,71,300,80,332,111,96,129,254,355,632,233,163,170,252,637,321,41,184,344,186,137,101,73,181,171,174,459,515,932,185,307,73,336,318,51,176,373,232,61,239,132,232,286,197,365,112,230
137,105,51,20,123,31,117,42,42,52,111,141,231,75,65,57,91,226,141,15,73,141,74,53,73,17,82,56,61,145,236,355,74,107,26,138,119,17,73,155,75,27,88,46,107,121,76,146,42,92
348,290,124,72,335,74,323,96,114,142,266,348,599,222,175,156,268,636,337,48,165,375,207,132,181,82,114,173,168,413,552,971,180,314,67,350,324,52,183,395,199,59,242,129,268,298,200,401,106,260
276,179,106,37,242,57,220,57,69,111,199,255,399,175,129,120,173,417,242,28,139,254,142,108,171,56,173,49,108,288,384,666,146,202,56,233,208,29,118,251,153,60,190,112,177,234,151,237,95,167
305,209,99,44,264,54,246,76,89,104,225,281,503,162,147,147,190,467,249,23,131,274,153,109,174,61,168,108,55,297,393,696,148,235,48,258,236,33,124,288,167,59,191,95,214,237,179,270,103,175
626,579,276,105,645,154,609,177,195,236,543,729,1148,405,340,351,467,1117,630,79,339,634,365,249,459,145,413,288,297,392,954,1743,356,571,142,682,596,111,341,690,393,133,498,232,528,561,401,645,233,407
698,654,269,122,752,165,713,239,236,298,627,877,1378,523,408,439,546,1378,742,97,426,746,440,281,515,236,552,384,393,954,538,2130,428,679,180,820,725,142,400,807,508,156,599,298,602,729,515,770,299,523
1156,1174,545,217,1419,284,1370,418,447,554,1148,1630,2381,927,775,836,973,2406,1409,179,791,1417,892,543,932,355,971,666,696,1743,2130,1829,726,1258,322,1516,1307,261,681,1481,914,295,1075,556,1112,1280,940,1397,502,997
248,234,99,39,261,55,264,89,89,109,211,314,452,198,134,159,217,470,276,21,159,284,164,100,185,74,180,146,148,356,428,726,59,231,61,314,257,48,122,301,172,61,211,121,239,255,180,271,94,202
500,424,203,75,497,118,448,125,147,173,377,535,847,335,212,283,358,846,485,64,248,467,258,183,307,107,314,202,235,571,679,1258,231,199,106,527,477,74,234,495,320,93,347,192,398,449,291,450,163,334
121,95,53,12,119,22,103,43,38,39,93,128,203,76,73,77,82,214,136,19,58,133,73,52,73,26,67,56,48,142,180,322,61,106,10,121,117,24,57,124,86,28,93,45,96,112,63,119,32,71
549,444,222,106,579,131,511,160,176,230,439,598,973,325,264,280,362,971,533,65,272,543,322,200,336,138,350,233,258,682,820,1516,314,527,121,267,535,90,259,568,351,108,418,222,432,480,338,567,205,342
499,405,191,63,507,97,412,151,145,181,385,541,809,297,280,261,351,853,470,57,246,469,299,174,318,119,324,208,236,596,725,1307,257,477,117,535,245,74,240,490,303,82,355,182,365,448,292,471,195,293
95,72,34,12,82,19,93,27,43,27,70,101,152,53,44,41,74,168,102,9,50,87,57,38,51,17,52,29,33,111,142,261,48,74,24,90,74,1,48,97,56,22,67,43,72,70,53,98,28,66
259,193,122,34,277,58,260,69,87,109,227,266,461,174,141,129,183,463,269,30,133,271,152,113,176,73,183,118,124,341,400,681,122,234,57,259,240,48,62,284,167,50,197,107,195,217,168,266,100,192
451,473,229,92,528,127,500,172,170,232,464,571,981,363,278,319,394,970,532,54,303,545,325,228,373,155,395,251,288,690,807,1481,301,495,124,568,490,97,284,261,355,109,396,196,441,477,342,528,187,371
308,292,145,64,339,82,301,96,119,140,279,378,614,211,173,169,229,577,316,46,173,362,187,134,232,75,199,153,167,393,508,914,172,320,86,351,303,56,167,355,98,70,236,109,244,306,216,336,115,221
107,98,32,15,118,30,94,27,37,45,92,109,184,66,54,51,64,190,95,8,50,96,53,40,61,27,59,60,59,133,156,295,61,93,28,108,82,22,50,109,70,9,70,37,65,104,78,112,45,72
411,358,152,56,412,79,362,121,139,137,298,398,675,255,201,255,291,690,404,53,203,398,232,144,239,88,242,190,191,498,599,1075,211,347,93,418,355,67,197,396,236,70,133,154,299,340,242,400,126,263
179,152,78,31,204,46,190,69,57,76,170,195,372,105,105,106,129,359,189,15,90,199,124,89,132,46,129,112,95,232,298,556,121,192,45,222,182,43,107,196,109,37,154,39,133,181,135,220,84,139
425,343,158,77,382,87,377,118,134,175,346,449,754,285,209,222,290,758,384,52,208,421,257,148,232,107,268,177,214,528,602,1112,239,398,96,432,365,72,195,441,244,65,299,133,150,347,262,430,144,289
428,384,188,74,481,97,456,119,168,204,396,516,824,307,240,246,315,796,477,54,265,485,270,180,286,121,298,234,237,561,729,1280,255,449,112,480,448,70,217,477,306,104,340,181,347,215,304,476,177,339
346,293,104,51,328,70,312,88,103,123,289,342,544,230,159,168,237,569,342,39,142,347,194,150,197,76,200,151,179,401,515,940,180,291,63,338,292,53,168,342,216,78,242,135,262,304,99,332,107,227
490,465,216,75,506,109,446,176,183,205,453,543,928,349,248,281,368,931,500,57,283,500,303,185,365,146,401,237,270,645,770,1397,271,450,119,567,471,98,266,528,336,112,400,220,430,476,332,264,216,339
178,159,78,20,187,36,170,63,55,58,144,218,319,118,89,120,133,318,195,22,107,188,112,80,112,42,106,95,103,233,299,502,94,163,32,205,195,28,100,187,115,45,126,84,144,177,107,216,29,133
385,306,131,54,357,62,292,118,109,152,316,377,607,218,175,215,238,631,338,28,180,372,219,129,230,92,260,167,175,407,523,997,202,334,71,342,293,66,192,371,221,72,263,139,289,339,227,339,133,120
