251,488,208,91,457,108,510,195,173,235,446,558,857,372,305,332,343,855,501,59,316,502,345,215,376,161,393,278,307,610,717,1183,238,488,111,545,489,73,247,499,339,112,365,162,451,404,331,537,167,394
488,169,197,80,466,113,432,139,153,179,382,509,816,287,203,227,328,835,450,48,246,459,247,163,272,114,280,190,199,540,661,1299,230,399,103,496,407,81,205,487,299,90,365,163,338,424,297,472,181,274
208,197,47,36,227,46,213,60,64,79,163,217,401,123,114,120,134,374,196,37,84,196,115,80,120,50,121,94,98,245,302,555,111,177,49,202,166,30,107,217,132,45,166,65,163,180,135,232,70,117
91,80,36,7,94,16,84,25,24,31,72,83,146,61,46,43,64,135,102,12,57,100,53,34,60,25,67,39,58,113,112,214,51,78,25,83,76,20,44,75,45,22,67,33,68,58,52,83,32,54
457,466,227,94,251,113,495,170,151,208,437,602,938,359,289,293,352,896,497,79,284,506,311,214,349,121,351,245,271,612,800,1459,309,471,122,536,466,88,260,555,351,124,396,187,439,462,315,560,198,336
108,113,46,16,113,9,105,24,33,48,105,119,208,70,64,56,83,190,122,17,77,113,65,47,78,25,87,63,59,153,172,292,61,110,25,127,119,21,46,122,58,25,84,44,88,100,74,111,44,73
510,432,213,84,495,105,207,133,167,207,393,532,873,334,277,274,381,883,512,56,259,506,285,195,317,111,314,236,214,619,762,1361,261,440,106,546,442,100,235,541,317,93,389,177,365,489,323,508,183,344
195,139,60,25,170,24,133,22,58,63,132,159,244,107,82,85,110,248,172,10,97,161,85,67,99,46,99,63,69,170,227,416,77,126,35,157,149,23,71,184,92,30,112,58,122,139,82,162,60,111
173,153,64,24,151,33,167,58,34,77,127,194,297,126,77,99,132,280,183,24,93,178,93,82,108,31,101,75,103,179,257,485,76,142,41,166,151,25,89,184,101,48,142,66,142,153,92,180,67,120
235,179,79,31,208,48,207,63,77,42,167,205,358,116,118,131,150,344,205,19,102,217,126,73,138,61,144,93,120,251,321,575,121,198,57,211,197,42,92,193,125,33,153,74,155,199,126,205,74,133
446,382,163,72,437,105,393,132,127,167,208,490,796,291,238,240,282,761,407,40,229,435,258,163,293,122,306,211,241,519,631,1198,240,420,98,468,423,75,175,437,273,81,324,165,319,404,281,417,152,234
558,509,217,83,602,119,532,159,194,205,490,310,1069,361,282,287,418,1051,647,72,308,601,302,211,342,152,378,282,270,743,850,1541,341,523,125,601,478,100,280,557,353,116,418,222,422,570,354,583,207,365
857,816,401,146,938,208,873,244,297,358,796,1069,845,562,454,513,625,1473,939,134,462,900,520,377,605,235,636,429,440,1152,1370,2586,507,852,208,999,821,149,446,1005,593,163,670,327,689,887,547,956,353,570
372,287,123,61,359,70,334,107,126,116,291,361,562,116,187,182,239,584,358,39,185,339,202,148,229,96,239,146,154,398,507,955,192,280,69,342,329,62,155,368,211,65,248,118,254,301,205,344,136,226
305,203,114,46,289,64,277,82,77,118,238,282,454,187,66,129,184,477,264,37,147,264,165,123,166,71,187,115,128,339,396,697,132,249,57,256,262,36,134,271,163,48,181,108,220,230,150,298,87,191
332,227,120,43,293,56,274,85,99,131,240,287,513,182,129,80,195,505,309,43,162,285,180,129,176,74,181,131,141,388,443,799,155,289,56,284,275,55,136,285,183,57,221,105,248,279,158,303,98,203
343,328,134,64,352,83,381,110,132,150,282,418,625,239,184,195,131,622,367,48,218,372,221,168,233,91,252,174,181,499,518,1044,186,376,81,378,341,47,185,385,261,76,292,129,282,330,226,394,133,214
855,835,374,135,896,190,883,248,280,344,761,1051,1473,584,477,505,622,864,903,121,500,868,543,369,644,219,623,404,426,1186,1318,2556,507,852,201,978,850,164,424,982,610,175,655,360,709,874,592,973,341,562
501,450,196,102,497,122,512,172,183,205,407,647,939,358,264,309,367,903,252,60,278,531,305,215,323,129,365,219,275,645,808,1444,274,487,132,512,546,88,259,553,327,107,400,194,442,479,326,562,223,318
59,48,37,12,79,17,56,10,24,19,40,72,134,39,37,43,48,121,60,6,20,59,34,24,51,12,37,29,23,79,102,201,42,55,14,67,57,11,34,65,21,13,63,22,49,41,35,66,31,41
316,246,84,57,284,77,259,97,93,102,229,308,462,185,147,162,218,500,278,20,79,290,146,111,157,68,175,113,137,338,390,799,141,278,56,259,276,36,167,308,191,57,219,106,220,227,167,319,96,199
502,459,196,100,506,113,506,161,178,217,435,601,900,339,264,285,372,868,531,59,290,260,293,218,323,150,391,227,274,645,784,1426,265,508,107,528,522,80,262,535,355,108,400,175,402,478,313,561,201,306
345,247,115,53,311,65,285,85,93,126,258,302,520,202,165,180,221,543,305,34,146,293,80,109,181,70,199,148,145,360,456,824,160,294,68,322,280,52,149,331,183,56,225,99,230,272,172,336,95,227
215,163,80,34,214,47,195,67,82,73,163,211,377,148,123,129,168,369,215,24,111,218,109,35,136,44,127,89,91,236,317,571,120,188,53,201,198,39,116,211,133,47,182,70,147,203,132,206,94,143
376,272,120,60,349,78,317,99,108,138,293,342,605,229,166,176,233,644,323,51,157,323,181,136,101,77,232,163,157,411,477,962,196,318,85,361,302,50,160,373,211,68,232,135,241,316,187,366,125,225
161,114,50,25,121,25,111,46,31,61,122,152,235,96,71,74,91,219,129,12,68,150,70,44,77,11,71,66,63,143,212,381,72,122,30,142,125,23,63,155,93,23,116,43,107,115,78,139,46,88
393,280,121,67,351,87,314,99,101,144,306,378,636,239,187,181,252,623,365,37,175,391,199,127,232,71,105,169,162,405,540,988,214,316,85,342,336,61,164,410,239,64,279,111,264,329,226,361,130,227
278,190,94,39,245,63,236,63,75,93,211,282,429,146,115,131,174,404,219,29,113,227,148,89,163,66,169,37,124,314,355,678,124,225,49,218,215,47,128,262,139,45,181,87,172,187,149,260,94,164
307,199,98,58,271,59,214,69,103,120,241,270,440,154,128,141,181,426,275,23,137,274,145,91,157,63,162,124,62,306,376,696,132,229,59,278,246,43,122,264,163,63,194,92,178,224,148,269,103,203
610,540,245,113,612,153,619,170,179,251,519,743,1152,398,339,388,499,1186,645,79,338,645,360,236,411,143,405,314,306,399,975,1868,346,598,163,721,574,96,310,682,394,124,531,239,485,592,392,706,266,421
717,661,302,112,800,172,762,227,257,321,631,850,1370,507,396,443,518,1318,808,102,390,784,456,317,477,212,540,355,376,975,562,2067,391,706,176,800,709,95,381,820,498,171,566,288,623,725,480,810,307,499
1183,1299,555,214,1459,292,1361,416,485,575,1198,1541,2586,955,697,799,1044,2556,1444,201,799,1426,824,571,962,381,988,678,696,1868,2067,2029,777,1299,300,1542,1301,249,752,1487,954,279,1061,545,1168,1301,897,1429,498,889
238,230,111,51,309,61,261,77,76,121,240,341,507,192,132,155,186,507,274,42,141,265,160,120,196,72,214,124,132,346,391,777,81,247,55,298,243,40,130,310,191,53,220,114,228,246,202,290,94,173
488,399,177,78,471,110,440,126,142,198,420,523,852,280,249,289,376,852,487,55,278,508,294,188,318,122,316,225,229,598,706,1299,247,208,114,489,426,91,217,514,310,102,351,186,397,430,267,522,179,324
111,103,49,25,122,25,106,35,41,57,98,125,208,69,57,56,81,201,132,14,56,107,68,53,85,30,85,49,59,163,176,300,55,114,12,126,99,12,57,133,97,24,93,52,94,104,77,113,35,81
545,496,202,83,536,127,546,157,166,211,468,601,999,342,256,284,378,978,512,67,259,528,322,201,361,142,342,218,278,721,800,1542,298,489,126,278,504,65,241,604,352,112,437,196,444,528,327,595,210,352
489,407,166,76,466,119,442,149,151,197,423,478,821,329,262,275,341,850,546,57,276,522,280,198,302,125,336,215,246,574,709,1301,243,426,99,504,221,95,219,525,292,108,378,184,386,463,315,499,153,325
73,81,30,20,88,21,100,23,25,42,75,100,149,62,36,55,47,164,88,11,36,80,52,39,50,23,61,47,43,96,95,249,40,91,12,65,95,6,45,92,54,25,67,26,76,65,65,97,27,51
247,205,107,44,260,46,235,71,89,92,175,280,446,155,134,136,185,424,259,34,167,262,149,116,160,63,164,128,122,310,381,752,130,217,57,241,219,45,69,294,186,47,183,81,196,223,155,267,99,143
499,487,217,75,555,122,541,184,184,193,437,557,1005,368,271,285,385,982,553,65,308,535,331,211,373,155,410,262,264,682,820,1487,310,514,133,604,525,92,294,291,373,117,398,206,453,507,379,590,207,354
339,299,132,45,351,58,317,92,101,125,273,353,593,211,163,183,261,610,327,21,191,355,183,133,211,93,239,139,163,394,498,954,191,310,97,352,292,54,186,373,113,68,252,126,253,325,221,365,111,232
112,90,45,22,124,25,93,30,48,33,81,116,163,65,48,57,76,175,107,13,57,108,56,47,68,23,64,45,63,124,171,279,53,102,24,112,108,25,47,117,68,10,81,32,67,88,56,87,34,87
365,365,166,67,396,84,389,112,142,153,324,418,670,248,181,221,292,655,400,63,219,400,225,182,232,116,279,181,194,531,566,1061,220,351,93,437,378,67,183,398,252,81,157,134,301,344,241,402,146,250
162,163,65,33,187,44,177,58,66,74,165,222,327,118,108,105,129,360,194,22,106,175,99,70,135,43,111,87,92,239,288,545,114,186,52,196,184,26,81,206,126,32,134,33,136,170,115,164,89,144
451,338,163,68,439,88,365,122,142,155,319,422,689,254,220,248,282,709,442,49,220,402,230,147,241,107,264,172,178,485,623,1168,228,397,94,444,386,76,196,453,253,67,301,136,154,366,247,441,153,284
404,424,180,58,462,100,489,139,153,199,404,570,887,301,230,279,330,874,479,41,227,478,272,203,316,115,329,187,224,592,725,1301,246,430,104,528,463,65,223,507,325,88,344,170,366,185,296,481,164,302
331,297,135,52,315,74,323,82,92,126,281,354,547,205,150,158,226,592,326,35,167,313,172,132,187,78,226,149,148,392,480,897,202,267,77,327,315,65,155,379,221,56,241,115,247,296,83,356,110,201
537,472,232,83,560,111,508,162,180,205,417,583,956,344,298,303,394,973,562,66,319,561,336,206,366,139,361,260,269,706,810,1429,290,522,113,595,499,97,267,590,365,87,402,164,441,481,356,242,194,346
167,181,70,32,198,44,183,60,67,74,152,207,353,136,87,98,133,341,223,31,96,201,95,94,125,46,130,94,103,266,307,498,94,179,35,210,153,27,99,207,111,34,146,89,153,164,110,194,23,151
394,274,117,54,336,73,344,111,120,133,234,365,570,226,191,203,214,562,318,41,199,306,227,143,225,88,227,164,203,421,499,889,173,324,81,352,325,51,143,354,232,87,250,144,284,302,201,346,151,104
