272,446,240,94,488,104,467,191,161,264,459,546,827,368,311,329,349,802,492,80,350,497,334,213,364,156,364,295,277,593,700,1152,238,529,130,545,480,97,262,471,326,132,396,172,424,438,355,502,182,380
446,199,161,65,441,89,386,130,139,194,393,511,791,257,228,257,305,812,403,50,219,419,260,160,265,109,284,195,208,520,621,1295,247,399,92,420,404,68,228,474,294,89,310,154,332,392,279,483,143,272
240,161,32,30,220,43,197,61,61,103,181,235,360,125,108,100,146,363,191,27,95,201,119,73,138,56,124,109,96,230,321,565,111,184,41,213,206,32,94,221,114,36,160,76,175,202,112,210,81,148
94,65,30,6,82,19,80,26,28,33,59,82,135,53,52,48,72,166,85,15,46,78,58,34,59,29,56,45,49,124,111,219,47,81,21,108,79,19,35,74,54,15,66,30,77,73,69,91,31,63
488,441,220,82,272,121,493,147,159,209,410,562,955,335,260,280,392,957,526,73,265,495,277,200,334,127,344,227,242,666,769,1435,268,436,117,546,461,105,249,538,331,93,359,199,427,479,305,534,176,316
104,89,43,19,121,9,117,40,40,46,94,127,185,82,59,60,97,198,102,18,63,107,68,44,87,36,77,60,71,142,137,295,50,97,26,130,105,24,70,108,66,23,82,53,94,100,87,97,37,78
467,386,197,80,493,117,251,142,168,207,449,554,860,328,255,244,340,899,450,65,277,486,273,197,358,135,322,243,247,621,711,1359,255,461,117,513,448,93,229,490,276,108,384,188,402,421,327,475,187,319
191,130,61,26,147,40,142,24,45,68,128,168,295,106,84,87,128,292,133,18,86,142,74,66,92,49,102,71,72,197,235,453,85,134,36,174,129,36,66,162,103,32,123,44,126,133,89,163,54,101
161,139,61,28,159,40,168,45,26,68,125,199,294,114,94,86,121,318,158,19,94,162,97,48,94,40,95,81,87,205,246,462,91,154,37,167,145,37,87,180,123,38,132,67,119,150,105,168,63,124
264,194,103,33,209,46,207,68,68,44,171,219,339,139,108,135,169,365,202,23,118,214,122,83,130,54,126,103,103,224,296,537,89,189,48,253,203,38,101,238,134,41,170,68,163,190,128,200,79,143
459,393,181,59,410,94,449,128,125,171,167,473,762,287,221,239,339,752,415,62,252,443,269,165,283,127,294,223,227,531,624,1127,216,401,93,457,426,76,220,438,267,92,309,148,343,420,279,463,157,317
546,511,235,82,562,127,554,168,199,219,473,297,1005,332,271,315,426,1020,601,67,306,602,342,224,383,161,391,270,292,759,918,1621,296,553,148,658,512,98,279,605,378,114,454,227,431,523,361,571,213,374
827,791,360,135,955,185,860,295,294,339,762,1005,780,547,488,515,702,1479,900,104,501,922,545,358,606,204,578,455,439,1165,1431,2495,505,860,212,971,842,153,505,984,625,194,681,333,721,838,568,925,323,608
368,257,125,53,335,82,328,106,114,139,287,332,547,83,157,179,231,576,294,43,166,299,184,127,207,89,226,179,160,390,463,891,187,307,76,322,307,54,152,346,211,53,272,116,264,298,202,352,130,203
311,228,108,52,260,59,255,84,94,108,221,271,488,157,59,123,187,466,248,29,156,253,156,99,186,71,173,145,152,309,416,715,133,227,60,284,241,39,133,297,167,42,209,94,226,247,155,338,95,174
329,257,100,48,280,60,244,87,86,135,239,315,515,179,123,72,196,479,274,29,150,279,144,97,179,76,187,127,142,335,455,776,143,255,69,288,248,54,125,352,189,44,216,97,206,259,174,327,108,190
349,305,146,72,392,97,340,128,121,169,339,426,702,231,187,196,125,660,367,47,194,371,210,150,227,92,220,194,198,446,581,1053,210,355,73,388,310,71,181,370,231,67,283,128,286,349,218,354,130,263
802,812,363,166,957,198,899,292,318,365,752,1020,1479,576,466,479,660,833,934,107,492,957,518,389,597,232,601,437,445,1179,1435,2468,499,815,210,975,859,127,482,953,609,184,619,319,725,846,594,918,345,591
492,403,191,85,526,102,450,133,158,202,415,601,900,294,248,274,367,934,230,65,284,456,282,199,287,136,316,249,230,615,719,1404,277,474,100,554,478,88,253,492,346,99,401,180,362,500,283,549,199,348
80,50,27,15,73,18,65,18,19,23,62,67,104,43,29,29,47,107,65,3,31,66,35,15,35,20,48,34,30,75,98,172,25,73,13,58,61,9,25,67,45,11,39,16,44,47,33,67,23,32
350,219,95,46,265,63,277,86,94,118,252,306,501,166,156,150,194,492,284,31,84,317,166,110,181,77,197,108,142,336,420,732,158,275,57,285,253,61,117,284,189,52,219,103,234,263,177,308,105,191
497,419,201,78,495,107,486,142,162,214,443,602,922,299,253,279,371,957,456,66,317,264,303,222,329,146,346,248,253,671,748,1444,277,483,112,549,485,102,243,538,350,105,413,176,414,483,301,541,199,327
334,260,119,58,277,68,273,74,97,122,269,342,545,184,156,144,210,518,282,35,166,303,89,112,189,70,185,146,171,352,480,871,177,271,67,319,258,42,141,319,176,52,236,116,246,274,168,304,129,213
213,160,73,34,200,44,197,66,48,83,165,224,358,127,99,97,150,389,199,15,110,222,112,38,148,56,130,107,90,277,272,566,100,208,37,202,191,29,102,202,128,43,146,64,161,169,135,211,76,134
364,265,138,59,334,87,358,92,94,130,283,383,606,207,186,179,227,597,287,35,181,329,189,148,116,86,204,165,172,424,487,941,159,323,75,337,333,60,153,362,208,56,243,121,259,310,186,342,123,228
156,109,56,29,127,36,135,49,40,54,127,161,204,89,71,76,92,232,136,20,77,146,70,56,86,21,77,57,71,165,188,371,57,126,34,144,132,15,64,166,71,28,106,52,108,118,87,136,44,85
364,284,124,56,344,77,322,102,95,126,294,391,578,226,173,187,220,601,316,48,197,346,185,130,204,77,110,156,181,412,493,954,168,300,81,338,318,53,134,373,213,51,253,120,262,290,209,373,103,200
295,195,109,45,227,60,243,71,81,103,223,270,455,179,145,127,194,437,249,34,108,248,146,107,165,57,156,67,120,273,350,651,128,232,46,250,211,38,106,253,157,39,177,88,206,215,152,251,103,163
277,208,96,49,242,71,247,72,87,103,227,292,439,160,152,142,198,445,230,30,142,253,171,90,172,71,181,120,57,280,378,713,153,249,58,255,260,43,117,229,183,40,201,81,198,205,156,283,90,200
593,520,230,124,666,142,621,197,205,224,531,759,1165,390,309,335,446,1179,615,75,336,671,352,277,424,165,412,273,280,384,1026,1897,346,575,165,659,595,100,339,668,396,126,477,228,532,593,383,665,226,421
700,621,321,111,769,137,711,235,246,296,624,918,1431,463,416,455,581,1435,719,98,420,748,480,272,487,188,493,350,378,1026,579,2139,432,687,177,888,752,142,397,821,506,147,602,317,642,750,478,774,282,506
1152,1295,565,219,1435,295,1359,453,462,537,1127,1621,2495,891,715,776,1053,2468,1404,172,732,1444,871,566,941,371,954,651,713,1897,2139,2066,787,1291,332,1560,1258,225,714,1525,968,276,1025,562,1100,1279,875,1398,521,906
238,247,111,47,268,50,255,85,91,89,216,296,505,187,133,143,210,499,277,25,158,277,177,100,159,57,168,128,153,346,432,787,78,238,55,309,264,45,129,270,175,50,187,109,213,260,179,255,102,165
529,399,184,81,436,97,461,134,154,189,401,553,860,307,227,255,355,815,474,73,275,483,271,208,323,126,300,232,249,575,687,1291,238,225,107,494,427,89,238,516,326,100,361,164,402,401,292,490,171,338
130,92,41,21,117,26,117,36,37,48,93,148,212,76,60,69,73,210,100,13,57,112,67,37,75,34,81,46,58,165,177,332,55,107,10,139,101,18,63,102,76,26,85,34,97,101,71,134,37,64
545,420,213,108,546,130,513,174,167,253,457,658,971,322,284,288,388,975,554,58,285,549,319,202,337,144,338,250,255,659,888,1560,309,494,139,249,523,87,274,617,356,96,413,215,419,486,332,568,225,387
480,404,206,79,461,105,448,129,145,203,426,512,842,307,241,248,310,859,478,61,253,485,258,191,333,132,318,211,260,595,752,1258,264,427,101,523,229,67,209,546,294,103,362,183,353,436,288,500,178,324
97,68,32,19,105,24,93,36,37,38,76,98,153,54,39,54,71,127,88,9,61,102,42,29,60,15,53,38,43,100,142,225,45,89,18,87,67,6,46,91,52,33,87,33,60,69,39,86,32,59
262,228,94,35,249,70,229,66,87,101,220,279,505,152,133,125,181,482,253,25,117,243,141,102,153,64,134,106,117,339,397,714,129,238,63,274,209,46,66,258,175,52,213,103,185,222,155,259,87,164
471,474,221,74,538,108,490,162,180,238,438,605,984,346,297,352,370,953,492,67,284,538,319,202,362,166,373,253,229,668,821,1525,270,516,102,617,546,91,258,281,352,111,399,226,453,511,366,554,188,340
326,294,114,54,331,66,276,103,123,134,267,378,625,211,167,189,231,609,346,45,189,350,176,128,208,71,213,157,183,396,506,968,175,326,76,356,294,52,175,352,106,58,248,129,265,304,212,324,122,213
132,89,36,15,93,23,108,32,38,41,92,114,194,53,42,44,67,184,99,11,52,105,52,43,56,28,51,39,40,126,147,276,50,100,26,96,103,33,52,111,58,14,84,38,64,95,59,105,42,81
396,310,160,66,359,82,384,123,132,170,309,454,681,272,209,216,283,619,401,39,219,413,236,146,243,106,253,177,201,477,602,1025,187,361,85,413,362,87,213,399,248,84,135,152,324,326,238,372,139,275
172,154,76,30,199,53,188,44,67,68,148,227,333,116,94,97,128,319,180,16,103,176,116,64,121,52,120,88,81,228,317,562,109,164,34,215,183,33,103,226,129,38,152,36,162,178,130,227,73,125
424,332,175,77,427,94,402,126,119,163,343,431,721,264,226,206,286,725,362,44,234,414,246,161,259,108,262,206,198,532,642,1100,213,402,97,419,353,60,185,453,265,64,324,162,164,385,249,449,163,273
438,392,202,73,479,100,421,133,150,190,420,523,838,298,247,259,349,846,500,47,263,483,274,169,310,118,290,215,205,593,750,1279,260,401,101,486,436,69,222,511,304,95,326,178,385,219,307,476,183,314
355,279,112,69,305,87,327,89,105,128,279,361,568,202,155,174,218,594,283,33,177,301,168,135,186,87,209,152,156,383,478,875,179,292,71,332,288,39,155,366,212,59,238,130,249,307,102,350,113,216
502,483,210,91,534,97,475,163,168,200,463,571,925,352,338,327,354,918,549,67,308,541,304,211,342,136,373,251,283,665,774,1398,255,490,134,568,500,86,259,554,324,105,372,227,449,476,350,263,200,355
182,143,81,31,176,37,187,54,63,79,157,213,323,130,95,108,130,345,199,23,105,199,129,76,123,44,103,103,90,226,282,521,102,171,37,225,178,32,87,188,122,42,139,73,163,183,113,200,23,127
380,272,148,63,316,78,319,101,124,143,317,374,608,203,174,190,263,591,348,32,191,327,213,134,228,85,200,163,200,421,506,906,165,338,64,387,324,59,164,340,213,81,275,125,273,314,216,355,127,122
