261,463,237,92,510,110,482,181,177,250,454,533,858,400,324,398,366,822,521,71,348,528,358,240,376,168,390,286,287,643,744,1267,242,497,124,519,494,89,237,510,333,108,372,187,444,445,333,509,175,367
463,183,181,65,467,103,407,126,140,187,366,530,859,251,232,225,307,810,415,50,224,409,248,176,272,105,294,203,175,528,692,1286,261,411,102,474,429,71,244,486,300,86,361,144,339,411,272,468,170,296
237,181,33,48,213,54,209,60,67,85,189,219,405,129,109,117,125,382,212,27,107,214,121,75,129,40,128,80,87,295,311,571,121,191,32,188,203,41,107,245,125,37,184,75,160,218,135,220,72,137
92,65,48,6,81,15,80,22,25,42,72,85,134,56,46,63,70,130,78,16,55,89,71,54,53,24,59,53,51,119,128,232,43,75,20,109,77,18,43,75,64,16,59,25,82,82,59,83,28,52
510,467,213,81,268,121,487,133,161,192,432,576,925,335,239,286,384,949,541,66,265,536,324,221,359,133,374,201,250,667,779,1445,256,480,121,544,464,97,259,551,332,103,392,180,400,469,302,543,164,325
110,103,54,15,121,12,100,35,44,42,99,142,191,72,61,72,83,191,104,16,76,109,76,52,70,42,94,65,67,158,165,291,57,100,35,133,112,18,50,104,73,20,81,32,84,89,70,106,40,85
482,407,209,80,487,100,240,158,179,222,431,555,885,327,292,298,381,884,508,74,291,519,303,221,334,141,347,243,254,641,770,1359,291,474,96,540,454,74,238,530,325,112,369,186,387,454,344,477,189,330
181,126,60,22,133,35,158,21,41,68,127,185,291,101,73,92,109,259,147,24,86,153,87,56,102,44,101,69,82,167,205,398,77,150,37,139,157,24,70,127,81,32,112,44,122,144,88,140,49,100
177,140,67,25,161,44,179,41,35,78,128,197,310,111,74,86,123,313,144,25,90,164,102,81,103,42,108,73,81,223,244,460,96,179,35,164,152,28,86,184,94,37,128,57,114,158,94,168,62,121
250,187,85,42,192,42,222,68,78,56,185,216,338,156,102,124,134,365,214,19,119,223,125,95,130,69,164,115,106,267,295,555,104,192,36,213,201,27,88,217,133,44,160,69,172,172,152,216,73,146
454,366,189,72,432,99,431,127,128,185,172,452,747,300,216,265,316,772,436,54,250,458,271,186,262,123,318,224,215,542,631,1103,215,428,89,465,422,66,177,426,277,97,311,172,359,368,319,439,139,298
533,530,219,85,576,142,555,185,197,216,452,332,1019,341,289,323,435,1030,588,72,328,588,316,245,372,133,370,242,280,698,866,1645,341,523,117,616,534,97,291,603,377,111,450,212,432,529,326,586,211,385
858,859,405,134,925,191,885,291,310,338,747,1019,821,588,468,540,677,1521,958,120,477,899,515,371,596,225,645,419,432,1165,1375,2524,504,821,194,1011,871,146,491,1012,636,194,737,332,718,848,569,944,342,610
400,251,129,56,335,72,327,101,111,156,300,341,588,107,168,161,254,573,335,36,193,336,201,136,188,86,227,128,158,391,485,920,188,296,55,332,295,50,149,345,224,79,209,144,246,318,229,343,122,239
324,232,109,46,239,61,292,73,74,102,216,289,468,168,60,127,193,482,263,31,158,250,158,104,176,71,182,135,148,333,384,710,128,260,56,266,254,37,126,302,185,58,224,129,215,255,133,277,96,194
398,225,117,63,286,72,298,92,86,124,265,323,540,161,127,73,194,550,291,34,157,297,178,105,173,67,178,120,137,366,447,804,171,246,73,286,278,36,131,334,158,55,255,111,227,286,174,265,109,199
366,307,125,70,384,83,381,109,123,134,316,435,677,254,193,194,137,654,411,46,198,376,191,143,284,95,265,167,181,467,576,1053,178,389,101,372,330,63,176,395,248,71,299,137,302,322,249,410,143,215
822,810,382,130,949,191,884,259,313,365,772,1030,1521,573,482,550,654,845,917,110,432,900,520,364,623,240,628,433,428,1159,1346,2487,515,842,206,957,876,129,481,936,637,181,711,350,732,874,600,927,350,566
521,415,212,78,541,104,508,147,144,214,436,588,958,335,263,291,411,917,241,65,283,473,309,230,361,137,346,251,251,616,774,1418,281,449,115,569,439,90,238,545,380,110,391,194,406,470,304,549,167,350
71,50,27,16,66,16,74,24,25,19,54,72,120,36,31,34,46,110,65,6,32,68,33,19,37,15,43,21,28,72,84,176,25,62,10,71,62,9,43,66,36,13,38,27,49,51,29,68,20,44
348,224,107,55,265,76,291,86,90,119,250,328,477,193,158,157,198,432,283,32,78,289,168,118,189,63,186,105,134,332,415,774,150,267,58,300,265,46,141,288,173,58,208,85,244,258,153,299,112,185
528,409,214,89,536,109,519,153,164,223,458,588,899,336,250,297,376,900,473,68,289,249,292,223,331,136,369,267,235,661,772,1406,267,472,104,581,450,82,248,559,344,104,368,194,398,496,318,557,168,345
358,248,121,71,324,76,303,87,102,125,271,316,515,201,158,178,191,520,309,33,168,292,94,117,177,64,176,133,147,402,446,806,139,293,61,282,286,44,142,335,203,49,239,120,228,288,186,301,120,216
240,176,75,54,221,52,221,56,81,95,186,245,371,136,104,105,143,364,230,19,118,223,117,42,142,48,149,107,101,282,304,557,113,204,56,218,194,31,85,206,142,45,157,77,149,183,137,205,66,137
376,272,129,53,359,70,334,102,103,130,262,372,596,188,176,173,284,623,361,37,189,331,177,142,94,72,220,155,167,408,518,998,183,339,86,364,305,67,176,367,208,76,263,128,249,313,203,344,135,215
168,105,40,24,133,42,141,44,42,69,123,133,225,86,71,67,95,240,137,15,63,136,64,48,72,14,64,60,68,149,180,360,73,116,28,140,111,15,65,117,84,26,91,55,96,108,91,132,44,92
390,294,128,59,374,94,347,101,108,164,318,370,645,227,182,178,265,628,346,43,186,369,176,149,220,64,130,145,156,435,498,958,185,353,76,349,328,46,169,350,225,60,275,139,259,300,226,344,125,241
286,203,80,53,201,65,243,69,73,115,224,242,419,128,135,120,167,433,251,21,105,267,133,107,155,60,145,57,105,283,364,637,118,213,52,223,223,37,131,254,176,43,179,80,187,224,143,270,82,147
287,175,87,51,250,67,254,82,81,106,215,280,432,158,148,137,181,428,251,28,134,235,147,101,167,68,156,105,69,326,360,687,126,233,55,224,226,36,116,256,148,39,192,87,208,221,152,276,80,162
643,528,295,119,667,158,641,167,223,267,542,698,1165,391,333,366,467,1159,616,72,332,661,402,282,408,149,435,283,326,409,987,1805,379,584,142,659,614,110,300,685,435,112,487,238,507,592,409,680,233,426
744,692,311,128,779,165,770,205,244,295,631,866,1375,485,384,447,576,1346,774,84,415,772,446,304,518,180,498,364,360,987,561,2129,419,714,180,851,718,116,386,826,499,166,571,275,592,680,450,803,265,486
1267,1286,571,232,1445,291,1359,398,460,555,1103,1645,2524,920,710,804,1053,2487,1418,176,774,1406,806,557,998,360,958,637,687,1805,2129,2015,771,1260,326,1486,1365,222,711,1517,975,289,1029,533,1138,1335,901,1394,505,965
242,261,121,43,256,57,291,77,96,104,215,341,504,188,128,171,178,515,281,25,150,267,139,113,183,73,185,118,126,379,419,771,63,224,58,294,271,48,144,292,206,64,205,115,206,312,135,292,109,166
497,411,191,75,480,100,474,150,179,192,428,523,821,296,260,246,389,842,449,62,267,472,293,204,339,116,353,213,233,584,714,1260,224,215,116,495,420,77,245,495,334,78,353,166,377,447,296,501,179,303
124,102,32,20,121,35,96,37,35,36,89,117,194,55,56,73,101,206,115,10,58,104,61,56,86,28,76,52,55,142,180,326,58,116,16,120,116,21,69,135,75,29,85,47,98,105,66,124,50,75
519,474,188,109,544,133,540,139,164,213,465,616,1011,332,266,286,372,957,569,71,300,581,282,218,364,140,349,223,224,659,851,1486,294,495,120,279,523,71,232,584,354,116,372,216,441,493,355,565,202,305
494,429,203,77,464,112,454,157,152,201,422,534,871,295,254,278,330,876,439,62,265,450,286,194,305,111,328,223,226,614,718,1365,271,420,116,523,210,82,219,497,306,91,329,188,367,436,292,449,178,312
89,71,41,18,97,18,74,24,28,27,66,97,146,50,37,36,63,129,90,9,46,82,44,31,67,15,46,37,36,110,116,222,48,77,21,71,82,7,53,82,53,23,71,30,70,81,62,87,31,56
237,244,107,43,259,50,238,70,86,88,177,291,491,149,126,131,176,481,238,43,141,248,142,85,176,65,169,131,116,300,386,711,144,245,69,232,219,53,51,260,160,45,189,102,186,243,160,240,100,160
510,486,245,75,551,104,530,127,184,217,426,603,1012,345,302,334,395,936,545,66,288,559,335,206,367,117,350,254,256,685,826,1517,292,495,135,584,497,82,260,302,353,115,393,197,439,536,340,543,204,337
333,300,125,64,332,73,325,81,94,133,277,377,636,224,185,158,248,637,380,36,173,344,203,142,208,84,225,176,148,435,499,975,206,334,75,354,306,53,160,353,115,53,270,114,279,351,177,362,135,220
108,86,37,16,103,20,112,32,37,44,97,111,194,79,58,55,71,181,110,13,58,104,49,45,76,26,60,43,39,112,166,289,64,78,29,116,91,23,45,115,53,11,86,42,96,103,68,111,35,83
372,361,184,59,392,81,369,112,128,160,311,450,737,209,224,255,299,711,391,38,208,368,239,157,263,91,275,179,192,487,571,1029,205,353,85,372,329,71,189,393,270,86,151,139,290,351,242,374,142,248
187,144,75,25,180,32,186,44,57,69,172,212,332,144,129,111,137,350,194,27,85,194,120,77,128,55,139,80,87,238,275,533,115,166,47,216,188,30,102,197,114,42,139,31,139,173,127,215,79,130
444,339,160,82,400,84,387,122,114,172,359,432,718,246,215,227,302,732,406,49,244,398,228,149,249,96,259,187,208,507,592,1138,206,377,98,441,367,70,186,439,279,96,290,139,147,408,256,411,153,277
445,411,218,82,469,89,454,144,158,172,368,529,848,318,255,286,322,874,470,51,258,496,288,183,313,108,300,224,221,592,680,1335,312,447,105,493,436,81,243,536,351,103,351,173,408,220,311,460,179,299
333,272,135,59,302,70,344,88,94,152,319,326,569,229,133,174,249,600,304,29,153,318,186,137,203,91,226,143,152,409,450,901,135,296,66,355,292,62,160,340,177,68,242,127,256,311,106,332,119,202
509,468,220,83,543,106,477,140,168,216,439,586,944,343,277,265,410,927,549,68,299,557,301,205,344,132,344,270,276,680,803,1394,292,501,124,565,449,87,240,543,362,111,374,215,411,460,332,231,166,327
175,170,72,28,164,40,189,49,62,73,139,211,342,122,96,109,143,350,167,20,112,168,120,66,135,44,125,82,80,233,265,505,109,179,50,202,178,31,100,204,135,35,142,79,153,179,119,166,41,121
367,296,137,52,325,85,330,100,121,146,298,385,610,239,194,199,215,566,350,44,185,345,216,137,215,92,241,147,162,426,486,965,166,303,75,305,312,56,160,337,220,83,248,130,277,299,202,327,121,120
