271,439,208,72,525,112,457,185,185,241,433,463,768,363,334,333,363,842,476,87,310,507,362,180,337,160,386,280,298,600,731,1152,240,492,111,535,479,96,246,479,291,89,365,185,413,427,337,459,177,380
439,203,197,75,448,106,440,131,147,182,358,487,795,278,235,251,330,769,447,47,232,420,265,163,280,108,272,185,220,531,673,1250,235,386,79,454,417,61,215,444,301,79,322,166,352,393,292,462,170,288
208,197,40,31,185,32,183,55,64,82,154,232,363,132,113,114,137,371,208,25,105,207,121,86,140,55,133,87,106,226,307,541,133,164,49,209,188,26,89,232,120,38,145,83,192,187,147,209,93,154
72,75,31,4,95,14,79,28,30,47,71,86,143,74,58,55,60,147,77,11,48,79,48,32,61,24,62,35,44,112,108,221,39,81,19,97,82,24,40,97,48,13,70,34,80,91,65,88,29,60
525,448,185,95,227,118,498,152,152,215,413,585,865,349,255,285,381,905,516,53,293,538,306,176,357,142,343,219,247,641,737,1373,242,482,107,515,474,77,250,548,327,116,366,178,436,455,314,521,198,370
112,106,32,14,118,13,96,43,30,57,97,123,186,77,70,67,72,197,101,17,63,90,64,46,78,27,80,55,53,153,151,308,61,116,18,120,114,23,58,116,81,18,74,46,87,107,69,99,35,86
457,440,183,79,498,96,225,155,168,196,392,549,913,310,278,281,355,863,481,59,278,491,267,197,323,113,323,234,243,590,708,1346,260,463,111,523,461,102,246,499,307,94,388,200,391,473,314,464,185,319
185,131,55,28,152,43,155,19,43,77,162,165,289,99,84,86,104,285,174,24,98,171,99,64,109,41,113,74,84,193,247,428,89,156,38,148,145,22,60,180,102,34,116,51,124,132,103,166,65,110
185,147,64,30,152,30,168,43,27,73,135,192,318,105,92,92,121,318,147,26,96,159,88,51,102,32,117,80,84,197,238,484,99,148,45,177,166,20,71,158,107,30,145,45,129,164,107,167,67,119
241,182,82,47,215,57,196,77,73,52,161,225,386,145,114,137,169,370,224,22,112,209,125,72,127,58,133,98,105,247,300,589,114,201,43,214,196,31,113,200,156,49,165,73,156,193,134,212,76,145
433,358,154,71,413,97,392,162,135,161,176,489,740,258,246,258,334,745,419,58,231,445,258,157,291,107,286,206,191,540,632,1139,205,394,88,438,423,66,211,425,303,94,285,164,350,404,262,468,173,301
463,487,232,86,585,123,549,165,192,225,489,311,939,392,279,301,398,979,565,75,289,532,310,216,349,146,396,267,292,717,851,1608,323,520,119,609,513,90,295,596,423,111,400,205,443,497,360,568,244,393
768,795,363,143,865,186,913,289,318,386,740,939,821,572,473,478,696,1466,894,122,511,938,550,376,605,208,606,421,463,1108,1321,2394,449,824,187,914,834,163,460,957,569,183,624,320,740,806,584,928,333,661
363,278,132,74,349,77,310,99,105,145,258,392,572,108,171,172,221,573,344,48,196,347,176,117,201,87,220,171,162,411,476,878,182,324,75,326,283,68,180,326,209,63,253,124,259,308,205,357,110,226
334,235,113,58,255,70,278,84,92,114,246,279,473,171,85,147,190,466,257,37,155,262,162,133,175,57,179,112,133,308,392,747,149,227,54,255,248,44,132,277,174,51,205,104,242,231,186,273,106,194
333,251,114,55,285,67,281,86,92,137,258,301,478,172,147,74,202,519,281,40,159,302,172,121,184,65,185,120,141,321,434,803,167,259,60,281,265,45,149,290,235,37,221,108,243,278,166,300,104,210
363,330,137,60,381,72,355,104,121,169,334,398,696,221,190,202,126,676,396,46,207,392,208,132,221,94,263,165,159,446,590,1027,163,350,95,388,354,60,185,390,230,78,276,133,266,317,227,352,140,256
842,769,371,147,905,197,863,285,318,370,745,979,1466,573,466,519,676,786,939,129,512,946,554,385,602,208,592,436,454,1108,1328,2324,475,820,182,946,831,159,452,919,571,195,628,321,742,805,558,894,323,633
476,447,208,77,516,101,481,174,147,224,419,565,894,344,257,281,396,939,250,67,294,464,299,214,316,114,355,259,271,678,724,1406,257,519,126,553,487,94,246,540,355,105,395,188,387,446,309,487,181,331
87,47,25,11,53,17,59,24,26,22,58,75,122,48,37,40,46,129,67,6,30,73,30,28,46,17,43,24,25,79,84,169,36,63,14,66,74,4,40,67,34,19,51,26,60,49,40,58,22,36
310,232,105,48,293,63,278,98,96,112,231,289,511,196,155,159,207,512,294,30,69,315,164,132,170,70,192,114,147,374,431,764,126,250,64,313,281,38,137,304,189,50,245,112,248,256,174,299,102,173
507,420,207,79,538,90,491,171,159,209,445,532,938,347,262,302,392,946,464,73,315,277,291,209,345,123,343,282,270,661,759,1437,271,468,115,547,457,93,263,571,352,106,365,190,395,501,313,521,175,360
362,265,121,48,306,64,267,99,88,125,258,310,550,176,162,172,208,554,299,30,164,291,77,121,180,61,179,143,146,337,452,824,162,255,69,318,283,44,169,328,183,53,228,109,240,264,190,321,111,198
180,163,86,32,176,46,197,64,51,72,157,216,376,117,133,121,132,385,214,28,132,209,121,30,136,54,121,105,99,255,304,574,116,178,42,199,174,47,116,206,146,47,152,78,173,184,133,216,72,121
337,280,140,61,357,78,323,109,102,127,291,349,605,201,175,184,221,602,316,46,170,345,180,136,102,81,224,154,153,425,486,879,185,309,71,339,307,60,184,328,201,70,252,128,244,338,194,328,135,200
160,108,55,24,142,27,113,41,32,58,107,146,208,87,57,65,94,208,114,17,70,123,61,54,81,21,77,55,65,152,185,342,66,95,20,137,114,19,61,137,99,32,78,44,109,128,74,130,42,82
386,272,133,62,343,80,323,113,117,133,286,396,606,220,179,185,263,592,355,43,192,343,179,121,224,77,106,165,171,404,548,943,202,291,64,338,320,62,170,342,225,78,260,122,273,309,191,390,117,230
280,185,87,35,219,55,234,74,80,98,206,267,421,171,112,120,165,436,259,24,114,282,143,105,154,55,165,48,120,292,368,675,141,188,43,240,214,25,112,262,148,40,189,64,214,217,124,269,95,173
298,220,106,44,247,53,243,84,84,105,191,292,463,162,133,141,159,454,271,25,147,270,146,99,153,65,171,120,65,314,394,769,154,229,68,236,243,42,125,266,155,63,211,90,194,246,152,266,103,153
600,531,226,112,641,153,590,193,197,247,540,717,1108,411,308,321,446,1108,678,79,374,661,337,255,425,152,404,292,314,402,953,1743,325,619,127,639,608,116,330,658,396,141,434,232,524,603,387,624,221,403
731,673,307,108,737,151,708,247,238,300,632,851,1321,476,392,434,590,1328,724,84,431,759,452,304,486,185,548,368,394,953,579,2061,385,718,183,848,690,113,411,843,494,158,519,289,595,671,468,768,273,566
1152,1250,541,221,1373,308,1346,428,484,589,1139,1608,2394,878,747,803,1027,2324,1406,169,764,1437,824,574,879,342,943,675,769,1743,2061,1804,669,1259,326,1443,1230,207,701,1469,894,289,1014,506,1073,1185,847,1391,486,983
240,235,133,39,242,61,260,89,99,114,205,323,449,182,149,167,163,475,257,36,126,271,162,116,185,66,202,141,154,325,385,669,69,240,53,265,238,42,146,275,173,49,189,108,222,225,163,275,89,180
492,386,164,81,482,116,463,156,148,201,394,520,824,324,227,259,350,820,519,63,250,468,255,178,309,95,291,188,229,619,718,1259,240,198,97,489,417,88,222,516,287,89,360,191,391,453,300,473,155,308
111,79,49,19,107,18,111,38,45,43,88,119,187,75,54,60,95,182,126,14,64,115,69,42,71,20,64,43,68,127,183,326,53,97,14,118,105,27,55,121,75,16,83,45,92,116,53,138,47,89
535,454,209,97,515,120,523,148,177,214,438,609,914,326,255,281,388,946,553,66,313,547,318,199,339,137,338,240,236,639,848,1443,265,489,118,299,483,86,250,583,345,113,410,227,393,475,342,553,204,346
479,417,188,82,474,114,461,145,166,196,423,513,834,283,248,265,354,831,487,74,281,457,283,174,307,114,320,214,243,608,690,1230,238,417,105,483,205,87,243,498,350,99,373,190,347,443,307,529,162,354
96,61,26,24,77,23,102,22,20,31,66,90,163,68,44,45,60,159,94,4,38,93,44,47,60,19,62,25,42,116,113,207,42,88,27,86,87,7,51,95,47,19,58,31,76,75,45,97,32,45
246,215,89,40,250,58,246,60,71,113,211,295,460,180,132,149,185,452,246,40,137,263,169,116,184,61,170,112,125,330,411,701,146,222,55,250,243,51,53,285,168,38,172,98,229,243,171,254,101,182
479,444,232,97,548,116,499,180,158,200,425,596,957,326,277,290,390,919,540,67,304,571,328,206,328,137,342,262,266,658,843,1469,275,516,121,583,498,95,285,281,350,124,396,182,423,470,310,510,193,357
291,301,120,48,327,81,307,102,107,156,303,423,569,209,174,235,230,571,355,34,189,352,183,146,201,99,225,148,155,396,494,894,173,287,75,345,350,47,168,350,94,60,240,115,264,305,204,355,115,214
89,79,38,13,116,18,94,34,30,49,94,111,183,63,51,37,78,195,105,19,50,106,53,47,70,32,78,40,63,141,158,289,49,89,16,113,99,19,38,124,60,12,84,36,91,107,57,111,30,65
365,322,145,70,366,74,388,116,145,165,285,400,624,253,205,221,276,628,395,51,245,365,228,152,252,78,260,189,211,434,519,1014,189,360,83,410,373,58,172,396,240,84,134,139,309,324,242,396,156,276
185,166,83,34,178,46,200,51,45,73,164,205,320,124,104,108,133,321,188,26,112,190,109,78,128,44,122,64,90,232,289,506,108,191,45,227,190,31,98,182,115,36,139,32,164,152,115,198,70,149
413,352,192,80,436,87,391,124,129,156,350,443,740,259,242,243,266,742,387,60,248,395,240,173,244,109,273,214,194,524,595,1073,222,391,92,393,347,76,229,423,264,91,309,164,163,346,254,419,152,279
427,393,187,91,455,107,473,132,164,193,404,497,806,308,231,278,317,805,446,49,256,501,264,184,338,128,309,217,246,603,671,1185,225,453,116,475,443,75,243,470,305,107,324,152,346,181,295,466,164,328
337,292,147,65,314,69,314,103,107,134,262,360,584,205,186,166,227,558,309,40,174,313,190,133,194,74,191,124,152,387,468,847,163,300,53,342,307,45,171,310,204,57,242,115,254,295,94,317,111,219
459,462,209,88,521,99,464,166,167,212,468,568,928,357,273,300,352,894,487,58,299,521,321,216,328,130,390,269,266,624,768,1391,275,473,138,553,529,97,254,510,355,111,396,198,419,466,317,264,179,352
177,170,93,29,198,35,185,65,67,76,173,244,333,110,106,104,140,323,181,22,102,175,111,72,135,42,117,95,103,221,273,486,89,155,47,204,162,32,101,193,115,30,156,70,152,164,111,179,40,158
380,288,154,60,370,86,319,110,119,145,301,393,661,226,194,210,256,633,331,36,173,360,198,121,200,82,230,173,153,403,566,983,180,308,89,346,354,45,182,357,214,65,276,149,279,328,219,352,158,117
