249,434,178,91,497,121,471,170,163,242,466,490,747,399,312,342,374,778,511,62,330,510,333,218,364,155,383,268,293,611,672,1171,231,473,119,496,482,87,232,468,311,109,366,173,437,401,350,488,172,390
434,196,176,71,414,98,414,110,134,181,385,469,759,295,237,254,304,772,451,54,235,446,229,179,309,95,285,205,218,555,639,1169,226,399,98,435,408,81,204,451,276,88,354,171,379,443,262,440,161,297
178,176,50,30,222,45,187,64,65,81,187,212,348,128,106,104,126,370,194,21,100,186,123,67,123,38,118,105,93,243,302,549,108,199,42,188,177,45,89,212,153,37,139,72,143,182,123,209,73,138
91,71,30,9,86,18,72,32,24,35,70,83,148,50,42,53,61,146,97,13,55,84,50,24,52,26,67,46,45,119,130,210,47,71,18,90,62,20,47,86,50,22,59,35,65,70,47,83,27,61
497,414,222,86,273,118,474,127,160,220,438,578,915,314,298,311,404,944,515,60,281,549,319,190,351,129,375,256,259,654,778,1374,288,456,101,557,520,84,230,543,327,103,399,203,424,458,341,493,180,319
121,98,45,18,118,8,100,37,31,50,90,122,193,63,58,63,72,187,123,15,75,115,72,45,68,31,89,51,49,132,158,266,65,87,30,118,103,27,41,120,68,31,86,45,95,91,66,111,33,75
471,414,187,72,474,100,226,153,148,183,392,561,863,316,257,289,308,862,482,61,286,502,285,181,301,118,344,236,226,572,709,1331,271,423,95,491,399,76,249,529,362,113,353,164,391,411,264,492,187,318
170,110,64,32,127,37,153,31,50,60,122,136,265,110,80,89,114,270,169,17,87,169,80,63,92,36,81,86,67,198,230,445,97,152,36,138,166,29,60,142,99,41,124,45,124,141,108,157,56,96
163,134,65,24,160,31,148,50,27,74,148,173,275,94,78,95,118,299,177,20,99,185,89,54,97,31,103,82,76,197,272,454,86,133,30,157,143,33,77,163,111,29,129,60,125,189,99,155,52,124
242,181,81,35,220,50,183,60,74,51,170,231,372,144,119,128,164,371,226,21,102,214,143,83,122,55,143,99,111,250,334,593,115,204,36,185,175,30,95,184,147,47,146,70,148,183,123,229,73,165
466,385,187,70,438,90,392,122,148,170,196,468,755,286,251,242,309,749,448,51,240,429,286,181,295,115,301,189,209,498,636,1194,241,382,69,438,384,73,189,419,300,82,305,162,342,373,292,418,139,295
490,469,212,83,578,122,561,136,173,231,468,299,980,411,280,317,395,1000,536,65,296,547,327,229,352,136,385,268,286,694,828,1465,293,509,130,580,523,71,265,618,373,122,431,199,453,500,328,602,197,374
747,759,348,148,915,193,863,265,275,372,755,980,791,585,487,509,645,1436,866,113,494,881,541,345,600,235,610,418,470,1111,1276,2343,467,862,200,891,827,154,435,980,578,187,668,315,735,827,522,921,326,577
399,295,128,50,314,63,316,110,94,144,286,411,585,109,172,193,241,587,318,49,167,333,194,127,181,78,229,145,156,391,514,923,178,303,81,378,305,52,160,376,238,77,237,103,249,321,194,360,130,238
312,237,106,42,298,58,257,80,78,119,251,280,487,172,77,147,202,442,280,38,152,293,141,99,168,70,177,127,149,302,382,756,155,277,51,257,241,51,149,284,166,60,210,92,212,231,150,272,100,165
342,254,104,53,311,63,289,89,95,128,242,317,509,193,147,74,210,527,296,25,152,313,162,124,177,69,180,158,138,334,425,851,146,308,59,292,256,57,157,290,206,62,233,85,225,262,172,322,105,181
374,304,126,61,404,72,308,114,118,164,309,395,645,241,202,210,127,644,382,46,189,388,218,157,246,106,223,165,167,452,530,1005,194,332,85,344,320,73,173,395,244,73,255,141,304,335,248,376,138,259
778,772,370,146,944,187,862,270,299,371,749,1000,1436,587,442,527,644,810,906,127,477,886,551,337,580,223,560,420,462,1085,1312,2304,485,874,214,906,804,152,461,925,570,159,666,334,707,820,533,889,316,576
511,451,194,97,515,123,482,169,177,226,448,536,866,318,280,296,382,906,237,60,277,491,295,220,336,147,343,220,260,659,739,1374,273,484,115,564,466,86,247,538,320,89,367,200,424,477,318,482,188,316
62,54,21,13,60,15,61,17,20,21,51,65,113,49,38,25,46,127,60,3,24,63,40,25,40,13,48,28,39,84,92,177,39,59,14,73,58,15,31,50,44,10,50,24,51,59,49,52,30,39
330,235,100,55,281,75,286,87,99,102,240,296,494,167,152,152,189,477,277,24,72,284,179,118,196,73,182,131,133,306,416,759,147,263,63,283,263,40,139,295,193,63,196,105,206,249,154,302,102,193
510,446,186,84,549,115,502,169,185,214,429,547,881,333,293,313,388,886,491,63,284,257,292,214,341,134,340,235,265,607,739,1351,260,466,113,578,476,89,272,581,344,106,429,221,400,482,375,533,185,322
333,229,123,50,319,72,285,80,89,143,286,327,541,194,141,162,218,551,295,40,179,292,86,133,181,76,192,114,159,390,463,855,152,269,66,302,268,45,150,300,196,54,242,115,244,253,169,341,122,212
218,179,67,24,190,45,181,63,54,83,181,229,345,127,99,124,157,337,220,25,118,214,133,32,142,53,133,92,105,234,329,554,130,171,45,231,187,26,111,209,151,43,158,71,178,177,132,223,69,122
364,309,123,52,351,68,301,92,97,122,295,352,600,181,168,177,246,580,336,40,196,341,181,142,102,87,233,147,172,399,494,891,181,328,80,322,310,58,166,359,240,59,252,134,230,306,195,332,133,220
155,95,38,26,129,31,118,36,31,55,115,136,235,78,70,69,106,223,147,13,73,134,76,53,87,15,75,58,75,166,194,336,69,112,24,128,127,19,62,161,96,35,108,46,105,105,73,127,42,88
383,285,118,67,375,89,344,81,103,143,301,385,610,229,177,180,223,560,343,48,182,340,192,133,233,75,95,152,183,421,547,944,187,310,78,359,330,40,158,423,241,58,277,126,272,326,226,345,139,212
268,205,105,46,256,51,236,86,82,99,189,268,418,145,127,158,165,420,220,28,131,235,114,92,147,58,152,45,106,273,365,661,143,222,54,246,239,43,111,241,141,55,192,89,185,224,137,239,96,163
293,218,93,45,259,49,226,67,76,111,209,286,470,156,149,138,167,462,260,39,133,265,159,105,172,75,183,106,62,318,366,728,132,233,59,256,237,44,115,291,183,60,193,80,216,229,163,265,98,161
611,555,243,119,654,132,572,198,197,250,498,694,1111,391,302,334,452,1085,659,84,306,607,390,234,399,166,421,273,318,411,937,1717,333,622,149,665,561,111,338,652,396,140,457,219,463,544,401,644,236,405
672,639,302,130,778,158,709,230,272,334,636,828,1276,514,382,425,530,1312,739,92,416,739,463,329,494,194,547,365,366,937,560,2055,391,696,178,824,729,130,355,807,496,144,582,272,610,711,493,782,281,511
1171,1169,549,210,1374,266,1331,445,454,593,1194,1465,2343,923,756,851,1005,2304,1374,177,759,1351,855,554,891,336,944,661,728,1717,2055,1863,732,1334,324,1519,1300,217,693,1457,875,252,1059,501,1083,1298,905,1387,499,923
231,226,108,47,288,65,271,97,86,115,241,293,467,178,155,146,194,485,273,39,147,260,152,130,181,69,187,143,132,333,391,732,63,274,58,289,254,49,133,288,165,52,197,94,229,239,188,272,79,178
473,399,199,71,456,87,423,152,133,204,382,509,862,303,277,308,332,874,484,59,263,466,269,171,328,112,310,222,233,622,696,1334,274,225,112,493,429,71,244,513,292,103,345,186,372,415,321,512,193,308
119,98,42,18,101,30,95,36,30,36,69,130,200,81,51,59,85,214,115,14,63,113,66,45,80,24,78,54,59,149,178,324,58,112,6,119,105,19,60,133,93,25,80,46,81,100,69,116,25,76
496,435,188,90,557,118,491,138,157,185,438,580,891,378,257,292,344,906,564,73,283,578,302,231,322,128,359,246,256,665,824,1519,289,493,119,271,493,93,239,534,345,102,398,180,454,499,322,550,186,397
482,408,177,62,520,103,399,166,143,175,384,523,827,305,241,256,320,804,466,58,263,476,268,187,310,127,330,239,237,561,729,1300,254,429,105,493,201,71,255,469,341,100,353,167,373,411,298,486,152,304
87,81,45,20,84,27,76,29,33,30,73,71,154,52,51,57,73,152,86,15,40,89,45,26,58,19,40,43,44,111,130,217,49,71,19,93,71,4,49,105,52,21,64,34,66,69,46,94,29,52
232,204,89,47,230,41,249,60,77,95,189,265,435,160,149,157,173,461,247,31,139,272,150,111,166,62,158,111,115,338,355,693,133,244,60,239,255,49,55,266,162,47,194,78,222,218,167,251,82,156
468,451,212,86,543,120,529,142,163,184,419,618,980,376,284,290,395,925,538,50,295,581,300,209,359,161,423,241,291,652,807,1457,288,513,133,534,469,105,266,263,359,96,374,215,456,497,333,555,180,313
311,276,153,50,327,68,362,99,111,147,300,373,578,238,166,206,244,570,320,44,193,344,196,151,240,96,241,141,183,396,496,875,165,292,93,345,341,52,162,359,111,65,213,138,290,293,195,357,129,218
109,88,37,22,103,31,113,41,29,47,82,122,187,77,60,62,73,159,89,10,63,106,54,43,59,35,58,55,60,140,144,252,52,103,25,102,100,21,47,96,65,8,78,29,74,101,56,108,37,64
366,354,139,59,399,86,353,124,129,146,305,431,668,237,210,233,255,666,367,50,196,429,242,158,252,108,277,192,193,457,582,1059,197,345,80,398,353,64,194,374,213,78,134,140,338,331,260,357,131,283
173,171,72,35,203,45,164,45,60,70,162,199,315,103,92,85,141,334,200,24,105,221,115,71,134,46,126,89,80,219,272,501,94,186,46,180,167,34,78,215,138,29,140,30,136,186,121,173,70,140
437,379,143,65,424,95,391,124,125,148,342,453,735,249,212,225,304,707,424,51,206,400,244,178,230,105,272,185,216,463,610,1083,229,372,81,454,373,66,222,456,290,74,338,136,180,357,225,433,158,256
401,443,182,70,458,91,411,141,189,183,373,500,827,321,231,262,335,820,477,59,249,482,253,177,306,105,326,224,229,544,711,1298,239,415,100,499,411,69,218,497,293,101,331,186,357,240,311,467,147,333
350,262,123,47,341,66,264,108,99,123,292,328,522,194,150,172,248,533,318,49,154,375,169,132,195,73,226,137,163,401,493,905,188,321,69,322,298,46,167,333,195,56,260,121,225,311,102,278,104,228
488,440,209,83,493,111,492,157,155,229,418,602,921,360,272,322,376,889,482,52,302,533,341,223,332,127,345,239,265,644,782,1387,272,512,116,550,486,94,251,555,357,108,357,173,433,467,278,254,193,354
172,161,73,27,180,33,187,56,52,73,139,197,326,130,100,105,138,316,188,30,102,185,122,69,133,42,139,96,98,236,281,499,79,193,25,186,152,29,82,180,129,37,131,70,158,147,104,193,25,123
390,297,138,61,319,75,318,96,124,165,295,374,577,238,165,181,259,576,316,39,193,322,212,122,220,88,212,163,161,405,511,923,178,308,76,397,304,52,156,313,218,64,283,140,256,333,228,354,123,117
