279,434,203,89,526,115,473,172,168,252,443,480,792,348,327,355,378,802,480,73,346,491,342,193,355,159,376,273,312,584,685,1111,266,475,104,538,452,84,247,476,276,121,377,197,441,396,341,492,178,393
434,179,160,79,447,102,416,133,156,172,357,466,804,282,244,266,302,830,423,59,232,423,249,185,274,114,276,193,235,583,662,1237,251,420,81,447,407,61,191,460,283,83,342,169,352,420,293,446,159,280
203,160,38,43,212,45,209,76,72,79,177,218,373,129,104,129,145,358,204,20,110,220,122,66,117,39,114,80,90,225,305,578,97,208,40,200,206,32,119,219,135,37,165,75,145,169,138,204,83,144
89,79,43,5,84,8,70,32,21,48,75,97,138,70,50,47,65,140,65,14,61,75,54,40,62,17,64,44,47,105,105,207,48,87,19,86,76,12,51,65,47,23,53,25,81,54,40,92,27,60
526,447,212,84,276,120,518,160,150,212,440,559,866,350,289,282,372,889,490,68,293,509,350,213,362,142,366,242,241,645,774,1378,254,508,101,547,498,84,260,529,341,94,360,193,430,475,351,499,185,340
115,102,45,8,120,3,87,31,31,53,87,121,190,76,61,61,77,192,109,17,66,116,58,48,72,22,70,59,60,153,172,289,62,100,25,128,106,15,52,112,67,23,69,31,106,95,59,116,35,83
473,416,209,70,518,87,214,151,164,215,428,520,787,293,244,260,373,805,460,62,295,462,332,167,307,121,333,221,252,564,694,1283,281,457,99,535,415,82,241,487,314,105,352,166,383,427,296,489,168,328
172,133,76,32,160,31,151,23,49,71,136,175,254,108,80,89,111,270,158,19,81,162,88,65,82,34,83,63,89,197,223,427,87,147,30,161,146,22,67,163,107,16,112,46,136,151,91,166,65,111
168,156,72,21,150,31,164,49,26,82,140,179,292,115,73,81,128,299,160,22,89,171,121,82,118,35,119,92,101,191,250,414,98,139,26,154,138,21,76,191,103,34,122,62,153,151,106,183,60,112
252,172,79,48,212,53,215,71,82,48,177,203,392,141,127,130,159,376,224,33,110,233,133,89,130,45,126,100,105,265,312,547,113,214,45,225,204,38,115,215,128,44,160,87,187,191,149,191,88,128
443,357,177,75,440,87,428,136,140,177,196,464,742,281,236,256,334,728,454,59,215,439,269,165,259,93,265,187,208,531,612,1077,230,385,91,441,376,72,225,409,274,82,307,155,332,373,287,399,170,285
480,466,218,97,559,121,520,175,179,203,464,290,972,344,274,333,418,1059,577,63,302,534,358,199,383,140,376,261,272,671,780,1545,297,518,149,597,541,81,278,604,381,114,405,204,435,513,376,577,213,375
792,804,373,138,866,190,787,254,292,392,742,972,796,563,481,529,652,1456,935,126,503,948,546,354,638,226,643,421,478,1186,1369,2435,463,787,210,966,797,149,433,944,614,167,684,350,717,836,570,911,338,635
348,282,129,70,350,76,293,108,115,141,281,344,563,104,171,167,262,582,342,49,199,362,202,141,222,81,213,152,178,401,519,926,185,350,86,316,348,67,183,344,219,54,249,126,253,304,194,318,128,198
327,244,104,50,289,61,244,80,73,127,236,274,481,171,74,139,187,458,289,24,146,268,162,111,183,61,176,141,144,325,380,799,128,243,57,285,280,32,154,289,182,52,237,96,197,200,160,294,100,192
355,266,129,47,282,61,260,89,81,130,256,333,529,167,139,80,215,503,293,29,146,290,171,125,210,70,190,138,149,320,434,839,170,252,67,302,279,42,153,330,196,56,238,113,237,284,168,293,118,215
378,302,145,65,372,77,373,111,128,159,334,418,652,262,187,215,130,692,348,35,221,389,214,165,233,94,242,169,196,440,521,987,208,341,68,347,327,50,180,368,226,79,275,147,318,321,242,389,150,257
802,830,358,140,889,192,805,270,299,376,728,1059,1456,582,458,503,692,790,941,142,483,948,570,348,608,232,662,442,455,1138,1341,2431,453,807,207,908,808,139,477,936,620,169,662,320,737,861,540,918,308,663
480,423,204,65,490,109,460,158,160,224,454,577,935,342,289,293,348,941,235,64,290,492,292,211,337,127,328,231,266,627,716,1446,275,472,125,532,464,91,234,570,332,107,374,206,399,490,359,535,220,318
73,59,20,14,68,17,62,19,22,33,59,63,126,49,24,29,35,142,64,4,34,66,35,19,36,15,35,23,24,70,95,197,44,46,11,59,56,6,25,71,44,11,33,23,41,56,41,57,20,34
346,232,110,61,293,66,295,81,89,110,215,302,503,199,146,146,221,483,290,34,69,319,192,123,187,63,181,132,123,311,414,771,160,282,71,287,261,33,137,315,190,57,213,103,225,219,200,303,110,223
491,423,220,75,509,116,462,162,171,233,439,534,948,362,268,290,389,948,492,66,319,246,323,217,339,139,332,243,271,615,709,1443,272,492,109,537,467,90,269,517,345,109,402,192,395,487,338,548,195,353
342,249,122,54,350,58,332,88,121,133,269,358,546,202,162,171,214,570,292,35,192,323,88,139,200,69,175,128,148,388,447,862,159,304,60,326,286,37,165,307,198,57,241,113,271,248,182,298,109,190
193,185,66,40,213,48,167,65,82,89,165,199,354,141,111,125,165,348,211,19,123,217,139,44,143,61,155,92,103,242,288,563,101,211,40,226,200,36,109,189,114,37,144,70,173,189,134,222,69,116
355,274,117,62,362,72,307,82,118,130,259,383,638,222,183,210,233,608,337,36,187,339,200,143,118,79,212,155,152,412,487,941,194,284,68,346,300,55,164,342,201,66,244,119,249,302,227,325,123,220
159,114,39,17,142,22,121,34,35,45,93,140,226,81,61,70,94,232,127,15,63,139,69,61,79,17,82,67,70,170,189,337,70,107,38,156,108,16,72,139,86,28,90,36,107,115,73,150,49,94
376,276,114,64,366,70,333,83,119,126,265,376,643,213,176,190,242,662,328,35,181,332,175,155,212,82,115,165,162,422,491,966,206,309,77,368,313,54,171,370,214,64,267,135,277,314,240,361,129,255
273,193,80,44,242,59,221,63,92,100,187,261,421,152,141,138,169,442,231,23,132,243,128,92,155,67,165,49,112,329,351,663,135,229,42,244,238,45,120,259,146,44,179,85,191,224,170,243,80,167
312,235,90,47,241,60,252,89,101,105,208,272,478,178,144,149,196,455,266,24,123,271,148,103,152,70,162,112,62,326,395,728,144,262,50,276,238,40,127,280,186,56,195,98,196,261,158,254,92,166
584,583,225,105,645,153,564,197,191,265,531,671,1186,401,325,320,440,1138,627,70,311,615,388,242,412,170,422,329,326,387,975,1837,335,584,144,618,558,121,318,616,413,126,434,238,513,580,391,623,224,427
685,662,305,105,774,172,694,223,250,312,612,780,1369,519,380,434,521,1341,716,95,414,709,447,288,487,189,491,351,395,975,559,1985,416,720,182,758,718,117,341,791,532,142,556,302,610,647,453,757,272,518
1111,1237,578,207,1378,289,1283,427,414,547,1077,1545,2435,926,799,839,987,2431,1446,197,771,1443,862,563,941,337,966,663,728,1837,1985,1861,738,1270,298,1467,1243,223,672,1444,914,321,1011,533,1088,1233,882,1432,469,953
266,251,97,48,254,62,281,87,98,113,230,297,463,185,128,170,208,453,275,44,160,272,159,101,194,70,206,135,144,335,416,738,59,246,60,298,278,40,142,313,194,62,199,102,229,246,169,262,87,198
475,420,208,87,508,100,457,147,139,214,385,518,787,350,243,252,341,807,472,46,282,492,304,211,284,107,309,229,262,584,720,1270,246,255,108,487,461,77,240,461,301,111,368,167,398,409,297,448,152,356
104,81,40,19,101,25,99,30,26,45,91,149,210,86,57,67,68,207,125,11,71,109,60,40,68,38,77,42,50,144,182,298,60,108,9,123,74,18,56,124,81,19,100,46,71,108,70,123,28,78
538,447,200,86,547,128,535,161,154,225,441,597,966,316,285,302,347,908,532,59,287,537,326,226,346,156,368,244,276,618,758,1467,298,487,123,304,488,87,266,587,317,113,388,206,439,465,335,542,219,358
452,407,206,76,498,106,415,146,138,204,376,541,797,348,280,279,327,808,464,56,261,467,286,200,300,108,313,238,238,558,718,1243,278,461,74,488,233,93,241,486,299,95,332,158,372,468,314,458,161,312
84,61,32,12,84,15,82,22,21,38,72,81,149,67,32,42,50,139,91,6,33,90,37,36,55,16,54,45,40,121,117,223,40,77,18,87,93,4,35,77,55,15,84,25,75,75,51,63,34,55
247,191,119,51,260,52,241,67,76,115,225,278,433,183,154,153,180,477,234,25,137,269,165,109,164,72,171,120,127,318,341,672,142,240,56,266,241,35,63,246,164,39,187,95,232,244,157,274,103,185
476,460,219,65,529,112,487,163,191,215,409,604,944,344,289,330,368,936,570,71,315,517,307,189,342,139,370,259,280,616,791,1444,313,461,124,587,486,77,246,265,354,92,410,192,454,483,346,553,188,366
276,283,135,47,341,67,314,107,103,128,274,381,614,219,182,196,226,620,332,44,190,345,198,114,201,86,214,146,186,413,532,914,194,301,81,317,299,55,164,354,115,66,248,115,259,312,207,348,127,236
121,83,37,23,94,23,105,16,34,44,82,114,167,54,52,56,79,169,107,11,57,109,57,37,66,28,64,44,56,126,142,321,62,111,19,113,95,15,39,92,66,11,84,41,91,120,66,112,36,74
377,342,165,53,360,69,352,112,122,160,307,405,684,249,237,238,275,662,374,33,213,402,241,144,244,90,267,179,195,434,556,1011,199,368,100,388,332,84,187,410,248,84,132,132,309,376,267,338,134,241
197,169,75,25,193,31,166,46,62,87,155,204,350,126,96,113,147,320,206,23,103,192,113,70,119,36,135,85,98,238,302,533,102,167,46,206,158,25,95,192,115,41,132,35,163,192,131,185,56,132
441,352,145,81,430,106,383,136,153,187,332,435,717,253,197,237,318,737,399,41,225,395,271,173,249,107,277,191,196,513,610,1088,229,398,71,439,372,75,232,454,259,91,309,163,175,363,275,414,148,294
396,420,169,54,475,95,427,151,151,191,373,513,836,304,200,284,321,861,490,56,219,487,248,189,302,115,314,224,261,580,647,1233,246,409,108,465,468,75,244,483,312,120,376,192,363,202,274,464,169,273
341,293,138,40,351,59,296,91,106,149,287,376,570,194,160,168,242,540,359,41,200,338,182,134,227,73,240,170,158,391,453,882,169,297,70,335,314,51,157,346,207,66,267,131,275,274,119,360,112,207
492,446,204,92,499,116,489,166,183,191,399,577,911,318,294,293,389,918,535,57,303,548,298,222,325,150,361,243,254,623,757,1432,262,448,123,542,458,63,274,553,348,112,338,185,414,464,360,258,189,359
178,159,83,27,185,35,168,65,60,88,170,213,338,128,100,118,150,308,220,20,110,195,109,69,123,49,129,80,92,224,272,469,87,152,28,219,161,34,103,188,127,36,134,56,148,169,112,189,29,145
393,280,144,60,340,83,328,111,112,128,285,375,635,198,192,215,257,663,318,34,223,353,190,116,220,94,255,167,166,427,518,953,198,356,78,358,312,55,185,366,236,74,241,132,294,273,207,359,145,99
