252,423,194,90,476,117,464,178,149,234,432,547,823,349,330,340,356,797,479,72,297,501,328,201,362,165,392,294,292,538,674,1164,223,464,95,515,489,87,263,443,285,104,398,161,445,405,320,462,176,381
423,178,171,85,477,102,404,117,153,175,382,494,795,275,230,245,317,810,446,66,239,442,261,181,260,106,289,186,223,507,697,1274,247,406,88,452,437,60,220,503,271,100,360,177,375,414,256,462,171,292
194,171,38,29,215,37,211,66,55,78,170,228,361,133,115,131,140,377,195,30,117,190,99,85,128,39,128,89,105,229,287,575,105,188,62,189,186,33,112,229,117,46,172,80,173,202,127,221,82,126
90,85,29,7,90,20,79,28,22,29,65,95,155,64,45,51,54,163,88,9,54,94,50,34,58,19,60,42,55,109,122,207,36,98,21,85,81,20,56,87,65,19,78,30,74,67,68,81,32,59
476,477,215,90,215,119,498,164,152,213,440,548,882,338,287,303,351,888,499,58,277,490,306,220,353,148,365,258,277,614,774,1421,275,462,118,536,502,76,282,590,333,109,387,158,414,429,313,528,191,364
117,102,37,20,119,9,104,42,44,35,71,128,196,78,53,75,72,203,133,17,67,122,73,46,79,34,77,60,64,150,167,296,57,103,29,116,105,19,68,118,75,20,101,36,98,79,79,99,41,80
464,404,211,79,498,104,225,137,138,199,407,536,843,335,246,272,368,868,497,66,285,490,314,209,323,145,327,241,255,610,699,1312,256,451,88,514,398,102,252,476,305,104,376,194,386,419,314,469,167,314
178,117,66,28,164,42,137,29,39,69,153,169,253,101,72,78,97,253,151,14,73,152,85,69,110,40,114,71,85,156,231,430,76,159,35,160,128,25,80,157,120,28,131,67,143,130,97,147,53,91
149,153,55,22,152,44,138,39,23,85,161,179,297,101,89,100,105,285,147,21,92,159,90,70,109,58,120,84,73,215,234,474,77,139,40,156,141,32,62,195,113,35,119,63,124,140,97,160,53,122
234,175,78,29,213,35,199,69,85,48,170,229,341,163,110,111,162,368,208,24,120,210,140,102,126,48,131,95,103,278,309,530,98,200,28,206,189,38,94,244,126,42,159,99,174,183,147,215,70,151
432,382,170,65,440,71,407,153,161,170,183,490,730,307,212,248,322,723,427,49,263,434,260,179,283,113,277,206,216,536,685,1090,232,399,77,438,414,61,210,486,277,84,308,174,352,371,272,463,152,297
547,494,228,95,548,128,536,169,179,229,490,294,996,368,291,330,422,985,543,63,296,567,324,205,378,137,364,256,240,659,847,1539,314,501,127,614,520,98,256,603,350,115,407,213,427,539,328,582,215,389
823,795,361,155,882,196,843,253,297,341,730,996,811,584,493,556,679,1430,921,101,537,896,532,353,623,221,587,434,445,1176,1333,2373,502,844,196,975,827,145,438,939,592,191,681,339,707,813,578,924,319,621
349,275,133,64,338,78,335,101,101,163,307,368,584,101,191,177,252,563,323,48,163,344,200,138,229,93,217,134,166,428,482,899,198,338,61,317,330,60,166,369,219,74,245,123,278,289,208,338,115,211
330,230,115,45,287,53,246,72,89,110,212,291,493,191,66,131,211,520,277,26,151,285,174,110,178,65,177,115,140,340,406,807,167,243,62,278,265,40,137,298,180,48,229,87,221,271,157,276,104,195
340,245,131,51,303,75,272,78,100,111,248,330,556,177,131,83,232,516,266,31,159,285,163,119,195,79,183,122,154,350,468,854,177,284,68,311,278,46,136,322,171,55,212,116,215,273,177,309,117,188
356,317,140,54,351,72,368,97,105,162,322,422,679,252,211,232,131,654,352,44,183,385,216,155,248,97,240,174,194,433,516,956,193,329,77,385,352,61,174,360,232,68,256,153,311,317,236,364,138,252
797,810,377,163,888,203,868,253,285,368,723,985,1430,563,520,516,654,730,934,108,520,917,549,341,589,245,623,462,479,1103,1368,2388,479,816,174,908,818,146,465,933,584,196,670,341,727,846,559,916,310,607
479,446,195,88,499,133,497,151,147,208,427,543,921,323,277,266,352,934,245,60,282,457,299,212,343,152,370,256,250,595,719,1436,268,483,106,538,444,82,244,557,323,96,379,181,416,463,331,521,193,311
72,66,30,9,58,17,66,14,21,24,49,63,101,48,26,31,44,108,60,5,28,76,34,34,37,22,53,29,28,74,89,162,37,50,13,66,63,13,32,76,42,10,65,23,56,59,31,74,18,39
297,239,117,54,277,67,285,73,92,120,263,296,537,163,151,159,183,520,282,28,99,303,161,104,192,63,169,121,158,347,434,752,142,286,61,262,228,40,118,299,202,56,222,131,210,240,175,303,110,187
501,442,190,94,490,122,490,152,159,210,434,567,896,344,285,285,385,917,457,76,303,251,337,198,347,154,379,248,249,620,725,1443,233,500,117,577,487,72,257,516,357,114,371,205,425,446,312,536,192,345
328,261,99,50,306,73,314,85,90,140,260,324,532,200,174,163,216,549,299,34,161,337,100,139,192,89,190,135,143,372,462,830,182,296,62,272,286,40,149,323,195,61,240,108,235,290,188,280,120,200
201,181,85,34,220,46,209,69,70,102,179,205,353,138,110,119,155,341,212,34,104,198,139,39,131,68,142,106,101,229,294,544,122,213,49,221,189,32,103,193,154,51,157,84,148,192,126,229,87,128
362,260,128,58,353,79,323,110,109,126,283,378,623,229,178,195,248,589,343,37,192,347,192,131,109,82,215,158,179,390,526,927,172,302,77,333,311,48,180,349,219,76,277,121,272,322,207,367,132,230
165,106,39,19,148,34,145,40,58,48,113,137,221,93,65,79,97,245,152,22,63,154,89,68,82,16,80,68,74,153,206,368,60,120,36,148,121,16,62,140,81,28,107,34,115,109,78,142,61,85
392,289,128,60,365,77,327,114,120,131,277,364,587,217,177,183,240,623,370,53,169,379,190,142,215,80,117,175,176,400,504,934,174,319,71,372,332,48,167,368,231,81,264,122,281,318,189,367,134,203
294,186,89,42,258,60,241,71,84,95,206,256,434,134,115,122,174,462,256,29,121,248,135,106,158,68,175,51,134,296,364,658,132,211,41,247,230,54,125,240,156,45,182,77,206,221,145,269,92,190
292,223,105,55,277,64,255,85,73,103,216,240,445,166,140,154,194,479,250,28,158,249,143,101,179,74,176,134,69,350,356,671,124,266,61,245,244,37,134,251,177,50,216,87,205,242,168,273,111,156
538,507,229,109,614,150,610,156,215,278,536,659,1176,428,340,350,433,1103,595,74,347,620,372,229,390,153,400,296,350,377,955,1810,349,561,138,625,556,103,328,661,433,125,518,235,485,575,407,659,246,423
674,697,287,122,774,167,699,231,234,309,685,847,1333,482,406,468,516,1368,719,89,434,725,462,294,526,206,504,364,356,955,508,2077,386,707,182,778,689,126,370,748,481,140,590,289,575,675,504,752,304,482
1164,1274,575,207,1421,296,1312,430,474,530,1090,1539,2373,899,807,854,956,2388,1436,162,752,1443,830,544,927,368,934,658,671,1810,2077,1841,700,1312,310,1418,1264,251,697,1501,896,282,1015,528,1064,1307,869,1408,486,930
223,247,105,36,275,57,256,76,77,98,232,314,502,198,167,177,193,479,268,37,142,233,182,122,172,60,174,132,124,349,386,700,68,254,63,277,257,49,138,314,185,44,196,87,199,252,165,269,114,172
464,406,188,98,462,103,451,159,139,200,399,501,844,338,243,284,329,816,483,50,286,500,296,213,302,120,319,211,266,561,707,1312,254,243,107,463,470,72,270,524,286,98,369,170,395,448,287,467,183,317
95,88,62,21,118,29,88,35,40,28,77,127,196,61,62,68,77,174,106,13,61,117,62,49,77,36,71,41,61,138,182,310,63,107,14,108,104,23,69,120,64,23,75,38,79,120,72,115,29,60
515,452,189,85,536,116,514,160,156,206,438,614,975,317,278,311,385,908,538,66,262,577,272,221,333,148,372,247,245,625,778,1418,277,463,108,291,497,97,282,560,384,126,397,210,440,464,282,564,198,375
489,437,186,81,502,105,398,128,141,189,414,520,827,330,265,278,352,818,444,63,228,487,286,189,311,121,332,230,244,556,689,1264,257,470,104,497,230,75,234,475,312,94,364,183,386,423,284,470,171,296
87,60,33,20,76,19,102,25,32,38,61,98,145,60,40,46,61,146,82,13,40,72,40,32,48,16,48,54,37,103,126,251,49,72,23,97,75,11,53,81,66,24,67,29,79,72,50,97,36,56
263,220,112,56,282,68,252,80,62,94,210,256,438,166,137,136,174,465,244,32,118,257,149,103,180,62,167,125,134,328,370,697,138,270,69,282,234,53,61,253,170,40,182,111,219,230,175,235,81,166
443,503,229,87,590,118,476,157,195,244,486,603,939,369,298,322,360,933,557,76,299,516,323,193,349,140,368,240,251,661,748,1501,314,524,120,560,475,81,253,273,361,100,380,212,387,539,351,528,205,360
285,271,117,65,333,75,305,120,113,126,277,350,592,219,180,171,232,584,323,42,202,357,195,154,219,81,231,156,177,433,481,896,185,286,64,384,312,66,170,361,101,64,266,123,272,309,215,348,122,217
104,100,46,19,109,20,104,28,35,42,84,115,191,74,48,55,68,196,96,10,56,114,61,51,76,28,81,45,50,125,140,282,44,98,23,126,94,24,40,100,64,10,82,45,84,94,66,107,44,51
398,360,172,78,387,101,376,131,119,159,308,407,681,245,229,212,256,670,379,65,222,371,240,157,277,107,264,182,216,518,590,1015,196,369,75,397,364,67,182,380,266,82,127,134,334,365,250,376,127,231
161,177,80,30,158,36,194,67,63,99,174,213,339,123,87,116,153,341,181,23,131,205,108,84,121,34,122,77,87,235,289,528,87,170,38,210,183,29,111,212,123,45,134,26,133,172,120,187,61,125
445,375,173,74,414,98,386,143,124,174,352,427,707,278,221,215,311,727,416,56,210,425,235,148,272,115,281,206,205,485,575,1064,199,395,79,440,386,79,219,387,272,84,334,133,158,372,247,425,151,266
405,414,202,67,429,79,419,130,140,183,371,539,813,289,271,273,317,846,463,59,240,446,290,192,322,109,318,221,242,575,675,1307,252,448,120,464,423,72,230,539,309,94,365,172,372,211,313,462,167,282
320,256,127,68,313,79,314,97,97,147,272,328,578,208,157,177,236,559,331,31,175,312,188,126,207,78,189,145,168,407,504,869,165,287,72,282,284,50,175,351,215,66,250,120,247,313,110,319,115,194
462,462,221,81,528,99,469,147,160,215,463,582,924,338,276,309,364,916,521,74,303,536,280,229,367,142,367,269,273,659,752,1408,269,467,115,564,470,97,235,528,348,107,376,187,425,462,319,253,174,318
176,171,82,32,191,41,167,53,53,70,152,215,319,115,104,117,138,310,193,18,110,192,120,87,132,61,134,92,111,246,304,486,114,183,29,198,171,36,81,205,122,44,127,61,151,167,115,174,27,122
381,292,126,59,364,80,314,91,122,151,297,389,621,211,195,188,252,607,311,39,187,345,200,128,230,85,203,190,156,423,482,930,172,317,60,375,296,56,166,360,217,51,231,125,266,282,194,318,122,106
