236,457,221,87,488,105,443,175,160,236,425,524,802,343,329,354,359,822,495,77,348,543,363,233,357,157,411,283,297,608,710,1180,234,473,103,537,483,85,237,482,309,105,363,189,443,420,355,503,168,369
457,181,159,95,441,119,439,140,128,182,376,457,800,254,225,218,313,774,444,53,191,482,280,170,300,117,293,184,237,537,689,1219,242,453,112,446,425,65,200,440,270,90,360,156,361,398,267,442,180,298
221,159,49,33,222,33,205,63,69,82,158,213,356,129,112,123,154,369,209,27,121,229,118,80,125,50,132,88,85,262,319,585,112,160,46,223,181,37,99,241,137,38,166,82,177,177,110,207,75,133
87,95,33,8,78,16,82,22,38,41,80,99,135,63,54,59,57,149,86,11,40,87,52,38,57,26,71,40,41,99,121,208,37,77,18,96,86,10,46,84,72,20,59,26,63,61,51,111,29,53
488,441,222,78,247,113,515,147,173,217,451,592,919,341,286,280,391,891,539,73,271,547,271,213,341,137,356,221,269,666,786,1449,275,482,107,520,507,88,244,561,332,105,363,179,424,461,320,555,182,340
105,119,33,16,113,15,115,27,42,49,91,118,210,70,56,64,88,192,120,10,64,115,72,58,86,27,88,58,61,144,172,275,56,113,17,128,103,17,58,116,83,29,81,36,83,96,72,127,40,77
443,439,205,82,515,115,223,143,148,212,437,546,854,321,249,267,399,885,487,51,257,512,282,188,301,117,340,230,263,655,783,1330,266,500,87,572,450,83,253,501,318,100,341,195,384,466,319,522,161,333
175,140,63,22,147,27,143,22,45,70,138,154,275,106,88,92,104,264,173,21,84,140,88,70,96,38,100,61,83,167,226,443,89,128,33,151,128,17,69,163,95,40,119,65,117,136,100,142,53,90
160,128,69,38,173,42,148,45,28,66,138,165,300,112,89,84,119,312,173,17,92,170,98,68,98,38,118,70,91,222,241,454,91,169,35,159,166,18,89,159,103,32,116,75,139,143,109,185,50,115
236,182,82,41,217,49,212,70,66,47,176,225,359,147,136,128,152,347,226,26,125,231,130,94,130,48,154,99,108,260,326,524,116,213,44,213,204,40,109,205,145,37,163,68,162,180,147,212,76,133
425,376,158,80,451,91,437,138,138,176,196,527,743,324,233,255,293,668,435,59,237,448,250,188,278,113,302,205,223,567,614,1116,211,435,96,427,428,84,241,449,302,84,309,157,333,410,289,460,163,292
524,457,213,99,592,118,546,154,165,225,527,300,1026,365,266,291,419,991,581,60,317,553,315,234,379,143,346,278,273,705,844,1557,315,549,131,618,521,93,262,616,383,96,456,243,449,536,395,620,199,404
802,800,356,135,919,210,854,275,300,359,743,1026,820,590,483,537,712,1526,860,135,519,889,549,351,566,215,571,402,445,1224,1321,2550,530,837,251,975,849,160,484,992,579,167,671,346,693,840,586,907,362,617
343,254,129,63,341,70,321,106,112,147,324,365,590,126,178,183,230,606,363,47,154,385,198,144,196,73,205,149,179,398,503,950,195,335,78,345,331,53,157,350,184,68,219,106,265,339,203,323,120,215
329,225,112,54,286,56,249,88,89,136,233,266,483,178,74,159,186,487,267,38,142,278,148,113,191,60,160,142,133,319,393,756,134,259,57,242,244,48,135,305,172,57,202,102,231,223,178,285,98,181
354,218,123,59,280,64,267,92,84,128,255,291,537,183,159,80,215,538,286,32,148,262,191,111,219,70,188,124,152,385,474,823,149,273,50,268,257,47,154,328,192,51,216,96,250,247,185,318,134,196
359,313,154,57,391,88,399,104,119,152,293,419,712,230,186,215,130,660,347,47,198,361,234,158,243,89,260,196,191,472,545,998,188,358,77,360,353,60,192,391,247,80,281,147,322,321,251,352,151,235
822,774,369,149,891,192,885,264,312,347,668,991,1526,606,487,538,660,815,871,105,522,897,549,363,547,227,607,411,451,1140,1330,2522,497,795,220,975,847,179,457,967,604,188,660,380,728,864,548,931,340,581
495,444,209,86,539,120,487,173,173,226,435,581,860,363,267,286,347,871,273,74,267,519,300,211,354,123,338,226,251,632,760,1332,277,518,114,514,489,82,283,544,330,110,345,203,430,441,327,493,211,343
77,53,27,11,73,10,51,21,17,26,59,60,135,47,38,32,47,105,74,8,26,67,32,33,46,11,40,27,25,79,105,186,35,53,14,54,58,15,33,82,51,11,56,19,50,66,30,75,22,31
348,191,121,40,271,64,257,84,92,125,237,317,519,154,142,148,198,522,267,26,77,275,156,115,176,67,189,128,139,332,455,809,147,239,62,285,223,52,139,312,168,62,231,103,216,266,172,302,93,198
543,482,229,87,547,115,512,140,170,231,448,553,889,385,278,262,361,897,519,67,275,289,308,245,347,124,335,243,247,665,789,1392,272,547,111,580,507,89,262,584,336,99,353,222,438,481,321,497,191,385
363,280,118,52,271,72,282,88,98,130,250,315,549,198,148,191,234,549,300,32,156,308,85,127,182,79,196,130,133,365,467,877,173,280,68,325,288,48,159,290,200,51,247,114,238,255,211,300,107,188
233,170,80,38,213,58,188,70,68,94,188,234,351,144,113,111,158,363,211,33,115,245,127,44,154,55,152,86,100,237,315,581,116,200,58,244,213,31,104,225,129,45,157,65,170,192,151,209,72,135
357,300,125,57,341,86,301,96,98,130,278,379,566,196,191,219,243,547,354,46,176,347,182,154,92,77,205,149,160,408,476,941,171,306,80,332,303,69,170,319,220,68,273,124,238,329,183,356,132,197
157,117,50,26,137,27,117,38,38,48,113,143,215,73,60,70,89,227,123,11,67,124,79,55,77,16,78,48,72,159,199,355,67,115,33,127,137,15,52,131,88,32,104,47,107,116,99,123,58,88
411,293,132,71,356,88,340,100,118,154,302,346,571,205,160,188,260,607,338,40,189,335,196,152,205,78,120,117,164,409,533,992,204,339,73,339,366,53,161,367,226,83,294,124,279,317,217,347,136,233
283,184,88,40,221,58,230,61,70,99,205,278,402,149,142,124,196,411,226,27,128,243,130,86,149,48,117,53,125,284,337,652,109,234,52,239,217,37,123,220,154,48,192,76,177,215,133,220,76,141
297,237,85,41,269,61,263,83,91,108,223,273,445,179,133,152,191,451,251,25,139,247,133,100,160,72,164,125,54,337,371,731,112,211,66,254,273,39,143,292,182,44,214,102,197,229,162,261,101,183
608,537,262,99,666,144,655,167,222,260,567,705,1224,398,319,385,472,1140,632,79,332,665,365,237,408,159,409,284,337,379,987,1919,372,573,146,632,539,110,297,709,391,139,458,236,527,591,370,667,245,423
710,689,319,121,786,172,783,226,241,326,614,844,1321,503,393,474,545,1330,760,105,455,789,467,315,476,199,533,337,371,987,573,2068,395,751,169,832,703,136,361,817,497,162,561,302,607,685,503,765,269,495
1180,1219,585,208,1449,275,1330,443,454,524,1116,1557,2550,950,756,823,998,2522,1332,186,809,1392,877,581,941,355,992,652,731,1919,2068,2001,779,1302,318,1574,1285,266,693,1489,942,266,1074,545,1116,1360,910,1425,517,865
234,242,112,37,275,56,266,89,91,116,211,315,530,195,134,149,188,497,277,35,147,272,173,116,171,67,204,109,112,372,395,779,65,242,58,303,261,39,136,296,194,70,210,110,217,245,187,280,98,142
473,453,160,77,482,113,500,128,169,213,435,549,837,335,259,273,358,795,518,53,239,547,280,200,306,115,339,234,211,573,751,1302,242,218,93,502,457,78,257,521,308,79,326,159,392,427,308,476,146,321
103,112,46,18,107,17,87,33,35,44,96,131,251,78,57,50,77,220,114,14,62,111,68,58,80,33,73,52,66,146,169,318,58,93,14,117,90,28,46,117,68,27,75,42,92,107,73,110,43,70
537,446,223,96,520,128,572,151,159,213,427,618,975,345,242,268,360,975,514,54,285,580,325,244,332,127,339,239,254,632,832,1574,303,502,117,264,531,87,253,597,357,107,406,225,436,474,359,545,215,378
483,425,181,86,507,103,450,128,166,204,428,521,849,331,244,257,353,847,489,58,223,507,288,213,303,137,366,217,273,539,703,1285,261,457,90,531,212,72,231,483,323,102,345,158,374,437,314,467,146,327
85,65,37,10,88,17,83,17,18,40,84,93,160,53,48,47,60,179,82,15,52,89,48,31,69,15,53,37,39,110,136,266,39,78,28,87,72,3,31,85,60,18,65,21,83,85,57,86,36,70
237,200,99,46,244,58,253,69,89,109,241,262,484,157,135,154,192,457,283,33,139,262,159,104,170,52,161,123,143,297,361,693,136,257,46,253,231,31,64,278,178,46,215,83,218,237,159,272,96,153
482,440,241,84,561,116,501,163,159,205,449,616,992,350,305,328,391,967,544,82,312,584,290,225,319,131,367,220,292,709,817,1489,296,521,117,597,483,85,278,289,334,115,397,191,446,507,329,571,181,383
309,270,137,72,332,83,318,95,103,145,302,383,579,184,172,192,247,604,330,51,168,336,200,129,220,88,226,154,182,391,497,942,194,308,68,357,323,60,178,334,105,77,251,129,271,305,200,351,111,231
105,90,38,20,105,29,100,40,32,37,84,96,167,68,57,51,80,188,110,11,62,99,51,45,68,32,83,48,44,139,162,266,70,79,27,107,102,18,46,115,77,12,65,47,110,84,78,93,43,71
363,360,166,59,363,81,341,119,116,163,309,456,671,219,202,216,281,660,345,56,231,353,247,157,273,104,294,192,214,458,561,1074,210,326,75,406,345,65,215,397,251,65,146,143,337,349,245,421,120,268
189,156,82,26,179,36,195,65,75,68,157,243,346,106,102,96,147,380,203,19,103,222,114,65,124,47,124,76,102,236,302,545,110,159,42,225,158,21,83,191,129,47,143,36,162,180,122,218,68,135
443,361,177,63,424,83,384,117,139,162,333,449,693,265,231,250,322,728,430,50,216,438,238,170,238,107,279,177,197,527,607,1116,217,392,92,436,374,83,218,446,271,110,337,162,169,386,258,398,126,270
420,398,177,61,461,96,466,136,143,180,410,536,840,339,223,247,321,864,441,66,266,481,255,192,329,116,317,215,229,591,685,1360,245,427,107,474,437,85,237,507,305,84,349,180,386,239,295,491,172,321
355,267,110,51,320,72,319,100,109,147,289,395,586,203,178,185,251,548,327,30,172,321,211,151,183,99,217,133,162,370,503,910,187,308,73,359,314,57,159,329,200,78,245,122,258,295,97,343,130,220
503,442,207,111,555,127,522,142,185,212,460,620,907,323,285,318,352,931,493,75,302,497,300,209,356,123,347,220,261,667,765,1425,280,476,110,545,467,86,272,571,351,93,421,218,398,491,343,275,193,369
168,180,75,29,182,40,161,53,50,76,163,199,362,120,98,134,151,340,211,22,93,191,107,72,132,58,136,76,101,245,269,517,98,146,43,215,146,36,96,181,111,43,120,68,126,172,130,193,31,102
369,298,133,53,340,77,333,90,115,133,292,404,617,215,181,196,235,581,343,31,198,385,188,135,197,88,233,141,183,423,495,865,142,321,70,378,327,70,153,383,231,71,268,135,270,321,220,369,102,112
