256,457,220,93,515,107,486,187,181,258,452,497,774,386,328,343,380,770,451,73,304,496,349,215,349,159,396,294,298,572,685,1174,247,478,125,483,511,89,248,487,296,110,361,173,431,405,325,509,178,397
457,176,163,96,478,93,435,127,169,197,378,514,780,307,200,225,306,755,434,67,218,412,227,161,252,93,253,201,228,564,614,1213,204,398,82,450,438,64,209,451,275,75,339,166,354,410,234,475,161,312
220,163,45,26,207,49,207,60,54,64,173,217,355,128,105,107,158,366,189,18,103,190,117,84,131,53,141,98,91,233,295,594,119,169,37,197,193,36,103,216,133,43,155,72,178,198,118,218,56,133
93,96,26,8,87,23,75,30,32,35,77,88,152,55,47,56,61,136,66,8,50,61,46,28,55,22,52,44,57,102,109,213,40,85,23,92,66,17,48,62,34,19,58,27,66,68,48,74,36,59
515,478,207,87,266,114,473,155,186,214,410,575,889,333,293,284,387,900,531,62,275,505,318,189,343,125,326,268,259,595,730,1403,312,478,105,532,430,84,251,512,348,96,388,195,403,472,335,499,180,347
107,93,49,23,114,15,106,37,36,60,106,117,194,68,64,78,71,180,107,10,70,96,57,43,80,32,77,45,81,139,168,309,64,109,27,105,89,19,53,118,74,28,79,41,92,98,70,116,38,77
486,435,207,75,473,106,242,162,163,225,417,576,856,294,271,307,333,874,457,75,261,492,302,187,315,119,311,242,243,604,694,1260,261,414,128,486,432,84,259,512,332,95,363,186,396,426,327,503,204,353
187,127,60,30,155,37,162,18,57,79,148,201,268,94,71,83,130,273,158,20,98,165,89,70,88,41,110,68,86,174,253,427,81,145,31,169,179,33,76,189,95,21,131,68,123,153,94,162,53,104
181,169,54,32,186,36,163,57,24,71,132,167,312,118,91,101,125,288,165,21,87,160,90,72,88,36,83,82,63,185,239,470,89,149,34,176,154,27,70,183,131,23,142,46,118,159,107,164,60,118
258,197,64,35,214,60,225,79,71,50,192,259,348,146,118,129,154,320,204,32,97,228,142,103,145,43,138,110,130,248,292,552,112,180,45,221,204,37,107,206,108,35,142,72,174,198,118,222,76,136
452,378,173,77,410,106,417,148,132,192,186,468,721,320,268,291,327,706,426,48,217,399,274,179,289,87,261,203,256,520,563,1183,233,377,86,468,433,69,212,425,242,70,326,178,352,385,269,395,169,303
497,514,217,88,575,117,576,201,167,259,468,313,956,389,292,353,403,965,594,68,312,562,319,239,379,119,377,267,288,694,813,1555,296,527,143,605,513,98,315,624,370,132,452,207,453,495,362,614,207,389
774,780,355,152,889,194,856,268,312,348,721,956,812,602,488,529,624,1433,903,129,533,895,558,387,627,234,638,457,464,1165,1288,2349,421,865,196,927,835,177,458,900,609,207,643,319,775,771,587,879,303,648
386,307,128,55,333,68,294,94,118,146,320,389,602,117,181,204,256,612,355,41,178,322,194,118,223,79,211,181,184,406,487,922,187,292,77,361,313,48,200,336,230,66,245,149,267,307,211,336,143,224
328,200,105,47,293,64,271,71,91,118,268,292,488,181,68,140,206,507,298,27,164,277,166,100,186,77,204,131,121,301,404,772,156,248,66,247,268,50,144,271,183,65,196,99,220,271,183,261,109,169
343,225,107,56,284,78,307,83,101,129,291,353,529,204,140,76,231,527,286,31,169,283,189,116,170,72,207,118,140,323,431,886,156,253,76,281,291,51,154,296,178,63,231,96,236,292,179,316,124,180
380,306,158,61,387,71,333,130,125,154,327,403,624,256,206,231,125,610,356,46,215,349,206,143,208,89,244,179,186,439,539,908,180,351,92,398,351,54,183,392,248,64,262,129,266,357,213,374,135,262
770,755,366,136,900,180,874,273,288,320,706,965,1433,612,507,527,610,773,921,110,531,898,533,388,605,231,592,442,472,1133,1267,2353,464,859,218,919,837,170,466,904,578,199,630,341,779,811,559,909,335,616
451,434,189,66,531,107,457,158,165,204,426,594,903,355,298,286,356,921,252,61,264,475,290,173,336,118,305,230,281,620,743,1463,257,453,127,544,491,96,260,566,348,95,358,186,414,477,354,537,190,357
73,67,18,8,62,10,75,20,21,32,48,68,129,41,27,31,46,110,61,3,40,53,30,28,46,18,37,20,25,80,82,186,37,64,12,57,47,9,37,61,46,12,47,24,51,66,38,75,26,34
304,218,103,50,275,70,261,98,87,97,217,312,533,178,164,169,215,531,264,40,79,271,147,115,163,61,173,144,141,327,401,726,131,267,47,254,280,44,149,295,179,56,215,106,233,236,173,324,101,195
496,412,190,61,505,96,492,165,160,228,399,562,895,322,277,283,349,898,475,53,271,264,283,186,349,122,335,252,260,600,793,1437,280,448,126,530,450,93,279,533,339,113,438,196,420,482,318,554,167,357
349,227,117,46,318,57,302,89,90,142,274,319,558,194,166,189,206,533,290,30,147,283,71,121,207,80,198,137,135,384,462,884,152,262,65,346,258,40,162,303,202,60,238,103,228,273,197,323,113,198
215,161,84,28,189,43,187,70,72,103,179,239,387,118,100,116,143,388,173,28,115,186,121,35,131,39,117,97,101,251,279,542,117,183,39,218,166,40,107,210,133,39,151,89,144,170,134,185,72,141
349,252,131,55,343,80,315,88,88,145,289,379,627,223,186,170,208,605,336,46,163,349,207,131,98,87,209,151,190,387,501,984,188,301,71,342,299,66,161,355,196,74,242,137,253,301,201,359,145,228
159,93,53,22,125,32,119,41,36,43,87,119,234,79,77,72,89,231,118,18,61,122,80,39,87,18,76,52,65,148,213,360,76,115,18,132,122,17,58,123,90,29,90,44,112,116,86,136,48,96
396,253,141,52,326,77,311,110,83,138,261,377,638,211,204,207,244,592,305,37,173,335,198,117,209,76,98,164,156,384,506,966,177,318,76,330,331,52,169,377,223,64,270,124,263,299,231,364,140,218
294,201,98,44,268,45,242,68,82,110,203,267,457,181,131,118,179,442,230,20,144,252,137,97,151,52,164,49,100,314,340,679,122,217,38,249,205,46,124,248,160,42,173,89,208,189,158,253,86,157
298,228,91,57,259,81,243,86,63,130,256,288,464,184,121,140,186,472,281,25,141,260,135,101,190,65,156,100,57,294,351,690,128,236,48,252,244,42,129,258,158,42,208,90,199,220,165,268,92,182
572,564,233,102,595,139,604,174,185,248,520,694,1165,406,301,323,439,1133,620,80,327,600,384,251,387,148,384,314,294,411,922,1742,340,602,152,643,566,113,315,632,433,121,455,239,492,567,342,676,250,428
685,614,295,109,730,168,694,253,239,292,563,813,1288,487,404,431,539,1267,743,82,401,793,462,279,501,213,506,340,351,922,538,2070,381,689,186,844,692,134,375,796,505,162,583,281,618,656,496,780,294,505
1174,1213,594,213,1403,309,1260,427,470,552,1183,1555,2349,922,772,886,908,2353,1463,186,726,1437,884,542,984,360,966,679,690,1742,2070,1828,693,1315,322,1498,1306,249,665,1458,973,278,971,512,1151,1279,868,1376,494,915
247,204,119,40,312,64,261,81,89,112,233,296,421,187,156,156,180,464,257,37,131,280,152,117,188,76,177,122,128,340,381,693,68,242,47,305,231,38,136,297,202,51,187,105,217,256,171,268,102,194
478,398,169,85,478,109,414,145,149,180,377,527,865,292,248,253,351,859,453,64,267,448,262,183,301,115,318,217,236,602,689,1315,242,208,102,493,417,80,240,477,309,81,366,184,329,449,292,498,184,322
125,82,37,23,105,27,128,31,34,45,86,143,196,77,66,76,92,218,127,12,47,126,65,39,71,18,76,38,48,152,186,322,47,102,13,134,98,17,73,112,61,19,95,54,97,110,73,122,41,86
483,450,197,92,532,105,486,169,176,221,468,605,927,361,247,281,398,919,544,57,254,530,346,218,342,132,330,249,252,643,844,1498,305,493,134,271,495,101,270,570,336,118,428,224,456,488,324,550,209,360
511,438,193,66,430,89,432,179,154,204,433,513,835,313,268,291,351,837,491,47,280,450,258,166,299,122,331,205,244,566,692,1306,231,417,98,495,194,72,263,481,311,105,329,165,376,420,302,503,176,335
89,64,36,17,84,19,84,33,27,37,69,98,177,48,50,51,54,170,96,9,44,93,40,40,66,17,52,46,42,113,134,249,38,80,17,101,72,10,42,99,57,21,71,28,76,79,56,89,24,67
248,209,103,48,251,53,259,76,70,107,212,315,458,200,144,154,183,466,260,37,149,279,162,107,161,58,169,124,129,315,375,665,136,240,73,270,263,42,62,280,182,54,175,93,216,232,146,256,92,152
487,451,216,62,512,118,512,189,183,206,425,624,900,336,271,296,392,904,566,61,295,533,303,210,355,123,377,248,258,632,796,1458,297,477,112,570,481,99,280,268,324,123,382,184,418,449,345,503,171,354
296,275,133,34,348,74,332,95,131,108,242,370,609,230,183,178,248,578,348,46,179,339,202,133,196,90,223,160,158,433,505,973,202,309,61,336,311,57,182,324,108,77,243,120,264,325,216,340,130,207
110,75,43,19,96,28,95,21,23,35,70,132,207,66,65,63,64,199,95,12,56,113,60,39,74,29,64,42,42,121,162,278,51,81,19,118,105,21,54,123,77,9,78,39,84,83,67,127,41,54
361,339,155,58,388,79,363,131,142,142,326,452,643,245,196,231,262,630,358,47,215,438,238,151,242,90,270,173,208,455,583,971,187,366,95,428,329,71,175,382,243,78,122,135,327,334,246,386,130,263
173,166,72,27,195,41,186,68,46,72,178,207,319,149,99,96,129,341,186,24,106,196,103,89,137,44,124,89,90,239,281,512,105,184,54,224,165,28,93,184,120,39,135,38,156,183,114,201,59,115
431,354,178,66,403,92,396,123,118,174,352,453,775,267,220,236,266,779,414,51,233,420,228,144,253,112,263,208,199,492,618,1151,217,329,97,456,376,76,216,418,264,84,327,156,162,360,277,427,167,264
405,410,198,68,472,98,426,153,159,198,385,495,771,307,271,292,357,811,477,66,236,482,273,170,301,116,299,189,220,567,656,1279,256,449,110,488,420,79,232,449,325,83,334,183,360,207,305,441,179,292
325,234,118,48,335,70,327,94,107,118,269,362,587,211,183,179,213,559,354,38,173,318,197,134,201,86,231,158,165,342,496,868,171,292,73,324,302,56,146,345,216,67,246,114,277,305,91,316,136,214
509,475,218,74,499,116,503,162,164,222,395,614,879,336,261,316,374,909,537,75,324,554,323,185,359,136,364,253,268,676,780,1376,268,498,122,550,503,89,256,503,340,127,386,201,427,441,316,246,213,338
178,161,56,36,180,38,204,53,60,76,169,207,303,143,109,124,135,335,190,26,101,167,113,72,145,48,140,86,92,250,294,494,102,184,41,209,176,24,92,171,130,41,130,59,167,179,136,213,37,130
397,312,133,59,347,77,353,104,118,136,303,389,648,224,169,180,262,616,357,34,195,357,198,141,228,96,218,157,182,428,505,915,194,322,86,360,335,67,152,354,207,54,263,115,264,292,214,338,130,122
