258,489,217,92,528,114,454,174,171,249,452,480,755,378,318,327,370,749,457,59,321,476,330,214,325,134,346,292,285,559,652,1151,216,474,96,489,496,86,252,467,295,110,369,147,420,384,302,442,150,350
489,189,197,74,482,98,424,128,134,183,346,442,776,284,231,269,298,767,426,57,248,448,210,163,241,119,285,235,229,554,614,1153,207,425,109,472,386,78,225,473,260,95,358,163,317,382,270,428,155,296
217,197,41,33,218,43,200,62,70,72,170,226,352,131,107,98,131,327,205,33,111,233,117,96,129,33,138,80,95,234,276,550,91,186,32,214,182,34,93,207,110,42,154,65,154,196,93,199,66,120
92,74,33,5,98,18,76,17,27,37,82,83,131,60,54,57,46,149,78,12,52,89,54,26,56,21,64,56,37,107,122,203,51,77,17,90,72,11,37,84,44,16,69,26,68,69,71,70,17,46
528,482,218,98,272,114,482,136,171,204,410,513,948,353,268,323,348,920,545,61,288,530,301,202,309,125,363,241,249,641,756,1371,287,483,100,545,488,81,267,554,307,112,392,181,407,462,330,554,183,353
114,98,43,18,114,16,106,32,36,47,98,105,186,75,67,67,76,201,116,13,72,130,72,36,67,26,86,68,67,136,198,293,60,110,19,145,93,22,43,114,68,26,68,41,91,94,83,108,26,69
454,424,200,76,482,106,216,144,146,207,419,499,794,321,271,286,340,812,467,54,274,505,274,195,310,117,327,259,255,631,700,1256,263,430,91,541,462,75,245,502,305,100,326,181,395,422,310,459,153,311
174,128,62,17,136,32,144,25,40,64,140,158,280,117,82,78,115,266,155,20,88,168,91,51,78,36,81,67,74,188,209,447,82,128,41,168,153,26,89,163,76,23,119,50,125,139,92,159,58,88
171,134,70,27,171,36,146,40,28,67,134,188,306,108,90,98,117,276,168,29,94,184,96,72,109,47,116,78,89,204,244,459,79,171,39,178,180,28,83,163,112,27,134,48,135,158,93,179,67,117
249,183,72,37,204,47,207,64,67,31,150,238,378,104,109,123,156,366,210,13,123,190,101,70,132,68,139,111,111,255,281,577,101,194,40,225,204,29,114,194,127,44,152,76,183,200,107,206,75,134
452,346,170,82,410,98,419,140,134,150,162,466,751,241,238,252,318,707,417,50,266,415,236,171,278,106,281,229,211,507,633,1118,216,428,95,492,392,58,210,444,271,74,320,157,355,395,275,454,154,277
480,442,226,83,513,105,499,158,188,238,466,316,1025,363,279,316,387,1005,552,67,302,582,312,204,337,139,375,256,285,707,830,1544,265,525,134,572,476,102,258,552,356,130,418,174,426,533,303,631,185,367
755,776,352,131,948,186,794,280,306,378,751,1025,795,564,489,560,600,1404,893,123,537,914,507,343,602,215,636,409,455,1133,1315,2434,445,848,193,963,784,145,461,930,658,201,674,349,686,810,547,886,335,591
378,284,131,60,353,75,321,117,108,104,241,363,564,115,176,212,228,560,335,36,169,341,168,131,208,68,193,146,180,427,479,859,170,321,65,317,318,45,162,345,220,70,271,129,267,322,186,317,127,219
318,231,107,54,268,67,271,82,90,109,238,279,489,176,77,126,213,465,269,25,162,305,166,101,156,67,169,113,139,331,384,751,153,254,50,285,247,41,137,272,161,54,185,104,225,246,160,276,110,184
327,269,98,57,323,67,286,78,98,123,252,316,560,212,126,65,224,514,298,29,162,312,178,99,169,70,174,133,142,353,413,838,159,289,52,297,248,39,166,305,165,58,225,110,218,295,170,318,96,209
370,298,131,46,348,76,340,115,117,156,318,387,600,228,213,224,130,629,333,41,202,367,223,133,231,89,235,173,191,465,511,944,199,333,74,395,333,57,168,382,260,65,294,138,280,321,205,363,135,237
749,767,327,149,920,201,812,266,276,366,707,1005,1404,560,465,514,629,751,901,123,539,918,529,340,556,230,597,424,443,1088,1319,2382,481,860,182,928,833,152,426,935,613,186,632,351,665,842,553,871,319,587
457,426,205,78,545,116,467,155,168,210,417,552,893,335,269,298,333,901,244,63,277,490,285,189,328,129,333,252,259,576,743,1449,270,477,111,501,478,79,254,510,332,95,398,205,404,463,323,525,209,350
59,57,33,12,61,13,54,20,29,13,50,67,123,36,25,29,41,123,63,5,27,61,44,23,38,14,44,31,26,71,86,215,43,62,17,62,81,13,33,67,44,16,52,21,45,59,43,67,29,38
321,248,111,52,288,72,274,88,94,123,266,302,537,169,162,162,202,539,277,27,66,303,164,110,193,55,185,145,132,348,444,859,168,257,53,312,268,46,141,283,185,51,205,95,233,277,189,291,110,187
476,448,233,89,530,130,505,168,184,190,415,582,914,341,305,312,367,918,490,61,303,255,308,200,333,131,342,254,283,655,727,1432,255,478,104,512,504,89,248,553,330,103,413,209,399,456,335,542,193,354
330,210,117,54,301,72,274,91,96,101,236,312,507,168,166,178,223,529,285,44,164,308,88,120,207,72,195,140,167,367,432,858,164,271,60,311,285,54,144,309,186,63,219,117,233,291,214,292,128,183
214,163,96,26,202,36,195,51,72,70,171,204,343,131,101,99,133,340,189,23,110,200,120,48,136,57,128,100,106,266,311,523,104,179,49,203,185,33,86,230,119,42,153,67,190,212,127,211,74,142
325,241,129,56,309,67,310,78,109,132,278,337,602,208,156,169,231,556,328,38,193,333,207,136,121,80,219,131,166,387,513,956,172,287,79,356,321,60,158,337,199,60,256,104,244,309,246,342,137,199
134,119,33,21,125,26,117,36,47,68,106,139,215,68,67,70,89,230,129,14,55,131,72,57,80,12,83,63,59,141,192,390,84,130,39,131,103,22,77,159,84,27,92,50,105,127,74,132,60,74
346,285,138,64,363,86,327,81,116,139,281,375,636,193,169,174,235,597,333,44,185,342,195,128,219,83,119,160,172,401,498,932,186,340,79,334,307,55,170,349,208,75,273,124,271,337,213,358,135,225
292,235,80,56,241,68,259,67,78,111,229,256,409,146,113,133,173,424,252,31,145,254,140,100,131,63,160,63,118,283,367,677,132,222,45,235,233,42,128,235,138,42,184,81,179,209,139,245,79,152
285,229,95,37,249,67,255,74,89,111,211,285,455,180,139,142,191,443,259,26,132,283,167,106,166,59,172,118,58,269,365,779,142,233,55,278,250,49,124,279,156,49,226,83,230,255,173,283,90,163
559,554,234,107,641,136,631,188,204,255,507,707,1133,427,331,353,465,1088,576,71,348,655,367,266,387,141,401,283,269,423,971,1786,336,572,142,640,641,115,325,703,419,116,474,239,488,541,408,649,248,412
652,614,276,122,756,198,700,209,244,281,633,830,1315,479,384,413,511,1319,743,86,444,727,432,311,513,192,498,367,365,971,583,1999,385,721,162,779,679,111,350,781,490,174,571,282,628,685,447,754,262,476
1151,1153,550,203,1371,293,1256,447,459,577,1118,1544,2434,859,751,838,944,2382,1449,215,859,1432,858,523,956,390,932,677,779,1786,1999,1818,718,1337,335,1492,1260,238,673,1452,889,296,1013,544,1151,1235,904,1342,527,923
216,207,91,51,287,60,263,82,79,101,216,265,445,170,153,159,199,481,270,43,168,255,164,104,172,84,186,132,142,336,385,718,71,260,61,288,245,50,119,259,191,53,186,97,213,268,181,267,95,155
474,425,186,77,483,110,430,128,171,194,428,525,848,321,254,289,333,860,477,62,257,478,271,179,287,130,340,222,233,572,721,1337,260,211,93,502,437,81,237,482,299,91,381,184,358,432,314,484,161,336
96,109,32,17,100,19,91,41,39,40,95,134,193,65,50,52,74,182,111,17,53,104,60,49,79,39,79,45,55,142,162,335,61,93,8,144,103,10,49,125,86,25,89,36,78,120,66,118,38,79
489,472,214,90,545,145,541,168,178,225,492,572,963,317,285,297,395,928,501,62,312,512,311,203,356,131,334,235,278,640,779,1492,288,502,144,294,501,87,278,555,366,92,400,200,425,489,320,544,195,329
496,386,182,72,488,93,462,153,180,204,392,476,784,318,247,248,333,833,478,81,268,504,285,185,321,103,307,233,250,641,679,1260,245,437,103,501,204,81,239,472,305,111,336,165,385,408,276,468,167,324
86,78,34,11,81,22,75,26,28,29,58,102,145,45,41,39,57,152,79,13,46,89,54,33,60,22,55,42,49,115,111,238,50,81,10,87,81,4,39,98,57,17,68,32,67,74,42,85,29,54
252,225,93,37,267,43,245,89,83,114,210,258,461,162,137,166,168,426,254,33,141,248,144,86,158,77,170,128,124,325,350,673,119,237,49,278,239,39,76,272,158,42,191,81,184,227,127,272,87,173
467,473,207,84,554,114,502,163,163,194,444,552,930,345,272,305,382,935,510,67,283,553,309,230,337,159,349,235,279,703,781,1452,259,482,125,555,472,98,272,275,350,110,423,195,456,484,339,518,188,352
295,260,110,44,307,68,305,76,112,127,271,356,658,220,161,165,260,613,332,44,185,330,186,119,199,84,208,138,156,419,490,889,191,299,86,366,305,57,158,350,92,68,262,103,258,307,191,325,144,209
110,95,42,16,112,26,100,23,27,44,74,130,201,70,54,58,65,186,95,16,51,103,63,42,60,27,75,42,49,116,174,296,53,91,25,92,111,17,42,110,68,11,97,29,96,98,56,120,30,67
369,358,154,69,392,68,326,119,134,152,320,418,674,271,185,225,294,632,398,52,205,413,219,153,256,92,273,184,226,474,571,1013,186,381,89,400,336,68,191,423,262,97,138,149,308,348,231,402,136,262
147,163,65,26,181,41,181,50,48,76,157,174,349,129,104,110,138,351,205,21,95,209,117,67,104,50,124,81,83,239,282,544,97,184,36,200,165,32,81,195,103,29,149,36,154,170,121,201,67,130
420,317,154,68,407,91,395,125,135,183,355,426,686,267,225,218,280,665,404,45,233,399,233,190,244,105,271,179,230,488,628,1151,213,358,78,425,385,67,184,456,258,96,308,154,166,357,263,390,137,277
384,382,196,69,462,94,422,139,158,200,395,533,810,322,246,295,321,842,463,59,277,456,291,212,309,127,337,209,255,541,685,1235,268,432,120,489,408,74,227,484,307,98,348,170,357,212,295,489,159,299
302,270,93,71,330,83,310,92,93,107,275,303,547,186,160,170,205,553,323,43,189,335,214,127,246,74,213,139,173,408,447,904,181,314,66,320,276,42,127,339,191,56,231,121,263,295,110,325,111,212
442,428,199,70,554,108,459,159,179,206,454,631,886,317,276,318,363,871,525,67,291,542,292,211,342,132,358,245,283,649,754,1342,267,484,118,544,468,85,272,518,325,120,402,201,390,489,325,251,176,375
150,155,66,17,183,26,153,58,67,75,154,185,335,127,110,96,135,319,209,29,110,193,128,74,137,60,135,79,90,248,262,527,95,161,38,195,167,29,87,188,144,30,136,67,137,159,111,176,34,114
350,296,120,46,353,69,311,88,117,134,277,367,591,219,184,209,237,587,350,38,187,354,183,142,199,74,225,152,163,412,476,923,155,336,79,329,324,54,173,352,209,67,262,130,277,299,212,375,114,119
