271,438,227,109,525,104,489,190,167,247,441,506,863,382,330,341,386,853,518,63,334,522,347,192,375,147,375,289,282,617,711,1197,217,515,128,542,484,90,263,464,327,105,379,200,468,470,355,506,155,377
438,183,177,78,440,106,443,119,135,181,371,476,799,261,217,231,326,779,433,63,243,483,251,188,310,116,292,201,229,517,669,1221,216,412,111,429,396,76,214,480,271,78,345,186,363,405,269,503,154,320
227,177,38,45,202,51,196,62,71,90,194,200,355,121,113,109,153,342,213,23,95,204,121,70,142,46,128,109,114,231,321,619,115,197,43,220,204,31,89,213,145,43,171,77,161,185,139,188,85,143
109,78,45,6,112,15,83,34,19,31,69,73,138,65,38,52,55,141,78,16,55,85,58,39,57,25,64,31,47,111,124,216,48,92,16,103,84,11,36,93,47,19,74,33,84,85,65,106,26,45
525,440,202,112,231,129,535,160,151,213,435,581,954,325,272,310,378,967,536,55,283,512,336,216,371,128,331,217,225,635,782,1501,319,461,103,572,527,92,244,560,347,91,407,225,424,488,324,549,187,348
104,106,51,15,129,9,121,32,33,46,95,125,184,73,73,67,79,193,96,20,83,121,83,50,89,32,79,46,73,127,158,291,59,107,20,112,96,19,59,110,68,25,88,45,104,95,72,137,41,71
489,443,196,83,535,121,239,154,153,181,417,535,848,323,265,283,343,882,463,63,289,497,297,193,310,136,319,228,269,600,740,1344,262,484,113,498,422,80,233,464,312,90,396,186,397,468,316,499,163,323
190,119,62,34,160,32,154,22,47,73,128,166,296,102,75,85,101,293,161,26,78,162,101,55,113,42,95,70,79,180,214,416,69,144,33,139,140,14,77,178,122,31,135,53,141,142,96,164,53,87
167,135,71,19,151,33,153,47,22,62,129,201,308,108,84,92,118,314,145,19,78,156,80,85,107,31,100,85,77,212,240,449,88,134,32,168,155,40,78,170,123,30,129,71,124,152,108,162,58,102
247,181,90,31,213,46,181,73,62,47,168,250,350,146,100,120,142,333,219,26,134,211,131,96,146,58,152,88,116,228,316,543,110,196,54,223,203,35,96,210,127,41,162,67,198,168,131,186,77,139
441,371,194,69,435,95,417,128,129,168,167,518,748,279,242,262,330,782,453,61,238,433,261,167,282,117,309,215,208,556,652,1140,225,422,108,459,399,80,217,429,268,97,330,167,362,402,264,442,152,291
506,476,200,73,581,125,535,166,201,250,518,354,1076,326,266,306,382,1062,580,66,312,594,322,218,375,137,380,256,247,749,892,1713,313,495,129,593,534,76,281,677,368,118,425,213,420,538,352,621,214,375
863,799,355,138,954,184,848,296,308,350,748,1076,789,551,468,502,643,1515,933,111,512,936,522,365,586,216,579,448,426,1163,1386,2620,502,876,219,993,870,151,453,989,611,213,713,347,698,872,589,989,349,584
382,261,121,65,325,73,323,102,108,146,279,326,551,95,185,178,225,572,314,35,158,330,208,139,209,95,219,161,169,383,483,881,171,311,73,332,278,57,144,345,204,72,258,127,218,287,210,334,115,233
330,217,113,38,272,73,265,75,84,100,242,266,468,185,70,149,190,492,292,25,139,300,162,108,182,68,168,135,125,297,411,713,149,251,61,270,232,42,136,274,177,56,223,84,222,259,165,295,100,172
341,231,109,52,310,67,283,85,92,120,262,306,502,178,149,77,224,491,310,31,169,311,174,124,205,69,189,145,130,317,444,789,159,263,60,274,277,47,155,311,189,65,233,98,242,266,155,287,98,195
386,326,153,55,378,79,343,101,118,142,330,382,643,225,190,224,103,656,358,57,225,390,217,146,235,92,250,166,178,469,580,1021,179,311,83,365,309,57,166,378,239,71,275,157,275,356,246,372,116,222
853,779,342,141,967,193,882,293,314,333,782,1062,1515,572,492,491,656,913,918,112,522,926,516,344,612,221,584,421,433,1213,1380,2645,536,892,220,963,852,164,474,974,605,200,694,323,695,842,563,920,352,609
518,433,213,78,536,96,463,161,145,219,453,580,933,314,292,310,358,918,255,66,273,484,314,223,335,128,358,198,266,639,728,1390,272,455,122,548,499,93,256,525,341,100,396,191,402,479,314,507,184,350
63,63,23,16,55,20,63,26,19,26,61,66,111,35,25,31,57,112,66,1,37,73,36,26,37,22,42,27,19,65,96,176,33,57,11,60,62,10,30,57,46,9,51,27,45,55,38,54,21,40
334,243,95,55,283,83,289,78,78,134,238,312,512,158,139,169,225,522,273,37,60,265,169,127,174,76,176,133,144,320,398,810,148,259,76,275,293,45,129,294,186,53,218,114,222,242,165,274,101,186
522,483,204,85,512,121,497,162,156,211,433,594,936,330,300,311,390,926,484,73,265,284,329,213,349,131,360,232,246,651,716,1384,268,510,122,529,480,99,276,521,318,115,405,205,411,474,333,535,178,356
347,251,121,58,336,83,297,101,80,131,261,322,522,208,162,174,217,516,314,36,169,329,79,121,204,77,176,170,133,350,445,797,147,290,68,270,299,58,149,328,214,68,229,111,230,291,176,309,98,200
192,188,70,39,216,50,193,55,85,96,167,218,365,139,108,124,146,344,223,26,127,213,121,36,131,50,153,98,107,268,291,544,109,198,43,205,174,32,97,208,124,48,142,81,171,201,126,221,81,158
375,310,142,57,371,89,310,113,107,146,282,375,586,209,182,205,235,612,335,37,174,349,204,131,104,79,200,164,162,365,503,909,190,305,81,322,310,54,174,373,216,65,251,109,269,318,206,340,112,276
147,116,46,25,128,32,136,42,31,58,117,137,216,95,68,69,92,221,128,22,76,131,77,50,79,16,63,58,64,155,189,362,60,133,27,118,125,21,65,136,86,18,96,40,113,113,95,123,39,83
375,292,128,64,331,79,319,95,100,152,309,380,579,219,168,189,250,584,358,42,176,360,176,153,200,63,107,157,164,403,510,953,183,333,82,348,315,72,162,358,191,68,247,132,279,315,201,337,108,228
289,201,109,31,217,46,228,70,85,88,215,256,448,161,135,145,166,421,198,27,133,232,170,98,164,58,157,37,135,274,356,607,123,195,53,248,209,38,110,224,153,56,179,85,200,214,144,245,81,167
282,229,114,47,225,73,269,79,77,116,208,247,426,169,125,130,178,433,266,19,144,246,133,107,162,64,164,135,69,302,367,685,114,245,49,241,244,49,129,276,181,55,188,91,194,216,144,264,86,168
617,517,231,111,635,127,600,180,212,228,556,749,1163,383,297,317,469,1213,639,65,320,651,350,268,365,155,403,274,302,384,939,1897,357,592,147,674,633,100,328,712,418,120,522,230,500,621,387,645,256,427
711,669,321,124,782,158,740,214,240,316,652,892,1386,483,411,444,580,1380,728,96,398,716,445,291,503,189,510,356,367,939,569,2128,387,738,161,810,718,113,395,817,530,147,585,293,616,727,479,805,305,529
1197,1221,619,216,1501,291,1344,416,449,543,1140,1713,2620,881,713,789,1021,2645,1390,176,810,1384,797,544,909,362,953,607,685,1897,2128,2021,799,1298,314,1523,1335,265,728,1540,936,273,1057,552,1091,1341,895,1493,517,915
217,216,115,48,319,59,262,69,88,110,225,313,502,171,149,159,179,536,272,33,148,268,147,109,190,60,183,123,114,357,387,799,76,237,73,289,257,52,158,307,198,69,204,99,217,234,188,290,105,171
515,412,197,92,461,107,484,144,134,196,422,495,876,311,251,263,311,892,455,57,259,510,290,198,305,133,333,195,245,592,738,1298,237,204,104,529,441,83,244,512,305,97,391,166,374,446,314,495,151,314
128,111,43,16,103,20,113,33,32,54,108,129,219,73,61,60,83,220,122,11,76,122,68,43,81,27,82,53,49,147,161,314,73,104,8,125,95,19,49,125,72,29,87,39,81,102,76,126,36,71
542,429,220,103,572,112,498,139,168,223,459,593,993,332,270,274,365,963,548,60,275,529,270,205,322,118,348,248,241,674,810,1523,289,529,125,286,516,90,234,585,373,107,439,186,414,515,318,539,198,360
484,396,204,84,527,96,422,140,155,203,399,534,870,278,232,277,309,852,499,62,293,480,299,174,310,125,315,209,244,633,718,1335,257,441,95,516,225,74,218,501,301,103,385,178,404,463,294,473,168,300
90,76,31,11,92,19,80,14,40,35,80,76,151,57,42,47,57,164,93,10,45,99,58,32,54,21,72,38,49,100,113,265,52,83,19,90,74,7,39,108,55,22,70,36,72,92,53,79,40,58
263,214,89,36,244,59,233,77,78,96,217,281,453,144,136,155,166,474,256,30,129,276,149,97,174,65,162,110,129,328,395,728,158,244,49,234,218,39,57,263,175,50,188,77,196,257,162,262,89,157
464,480,213,93,560,110,464,178,170,210,429,677,989,345,274,311,378,974,525,57,294,521,328,208,373,136,358,224,276,712,817,1540,307,512,125,585,501,108,263,291,366,119,399,217,434,508,353,542,229,345
327,271,145,47,347,68,312,122,123,127,268,368,611,204,177,189,239,605,341,46,186,318,214,124,216,86,191,153,181,418,530,936,198,305,72,373,301,55,175,366,106,82,240,129,283,305,212,312,125,223
105,78,43,19,91,25,90,31,30,41,97,118,213,72,56,65,71,200,100,9,53,115,68,48,65,18,68,56,55,120,147,273,69,97,29,107,103,22,50,119,82,17,81,52,97,102,70,100,43,71
379,345,171,74,407,88,396,135,129,162,330,425,713,258,223,233,275,694,396,51,218,405,229,142,251,96,247,179,188,522,585,1057,204,391,87,439,385,70,188,399,240,81,131,158,302,351,229,367,156,266
200,186,77,33,225,45,186,53,71,67,167,213,347,127,84,98,157,323,191,27,114,205,111,81,109,40,132,85,91,230,293,552,99,166,39,186,178,36,77,217,129,52,158,32,142,174,110,200,61,121
468,363,161,84,424,104,397,141,124,198,362,420,698,218,222,242,275,695,402,45,222,411,230,171,269,113,279,200,194,500,616,1091,217,374,81,414,404,72,196,434,283,97,302,142,169,382,255,392,136,309
470,405,185,85,488,95,468,142,152,168,402,538,872,287,259,266,356,842,479,55,242,474,291,201,318,113,315,214,216,621,727,1341,234,446,102,515,463,92,257,508,305,102,351,174,382,209,306,485,200,329
355,269,139,65,324,72,316,96,108,131,264,352,589,210,165,155,246,563,314,38,165,333,176,126,206,95,201,144,144,387,479,895,188,314,76,318,294,53,162,353,212,70,229,110,255,306,108,328,119,223
506,503,188,106,549,137,499,164,162,186,442,621,989,334,295,287,372,920,507,54,274,535,309,221,340,123,337,245,264,645,805,1493,290,495,126,539,473,79,262,542,312,100,367,200,392,485,328,245,205,356
155,154,85,26,187,41,163,53,58,77,152,214,349,115,100,98,116,352,184,21,101,178,98,81,112,39,108,81,86,256,305,517,105,151,36,198,168,40,89,229,125,43,156,61,136,200,119,205,28,113
377,320,143,45,348,71,323,87,102,139,291,375,584,233,172,195,222,609,350,40,186,356,200,158,276,83,228,167,168,427,529,915,171,314,71,360,300,58,157,345,223,71,266,121,309,329,223,356,113,101
