243,428,213,85,507,104,487,157,174,241,439,529,806,379,303,333,366,783,531,71,300,513,359,198,360,137,365,287,321,592,719,1162,234,457,97,493,483,73,236,476,283,124,366,167,457,394,287,504,170,383
428,178,157,69,378,92,387,136,143,185,390,512,761,292,214,220,295,748,423,63,245,420,273,168,278,106,274,169,232,509,646,1195,216,374,89,437,342,72,201,439,276,73,333,183,316,392,266,494,154,287
213,157,33,39,205,38,166,67,70,88,175,230,385,126,110,119,142,355,209,25,98,215,104,75,138,60,119,87,100,248,301,557,103,193,50,200,163,36,95,201,108,38,139,63,150,194,115,209,85,132
85,69,39,8,77,17,66,29,33,34,78,118,154,62,41,34,66,151,107,9,35,102,48,25,55,18,50,33,36,93,130,235,46,79,18,101,69,17,49,95,53,16,59,35,65,94,52,70,34,56
507,378,205,77,278,92,440,163,174,236,430,535,910,335,258,309,390,848,524,72,264,513,296,184,285,121,311,237,239,636,760,1432,265,486,109,525,425,91,269,537,351,107,351,174,390,474,320,487,189,327
104,92,38,17,92,7,99,33,43,37,91,137,189,90,59,53,82,182,127,8,55,104,76,35,86,29,74,50,63,131,173,300,65,96,14,124,87,19,61,122,82,25,83,37,96,107,64,122,43,77
487,387,166,66,440,99,243,144,169,194,387,561,853,338,224,255,378,834,493,61,262,517,299,186,319,127,313,223,273,564,713,1312,243,455,111,524,436,84,244,473,317,97,371,188,367,445,291,486,164,330
157,136,67,29,163,33,144,18,52,59,148,178,300,92,79,84,95,305,142,19,78,153,95,62,98,44,106,65,71,214,251,448,79,148,42,149,150,21,62,174,107,31,126,63,125,167,102,174,82,85
174,143,70,33,174,43,169,52,23,64,142,195,285,127,92,93,129,287,162,25,89,180,95,67,93,48,125,75,89,183,258,454,87,157,34,144,177,31,76,176,109,39,126,46,123,151,108,164,57,109
241,185,88,34,236,37,194,59,64,36,145,249,345,131,114,110,140,335,202,20,125,223,131,93,150,52,148,98,109,264,312,549,111,197,47,197,213,32,83,207,115,46,165,81,185,168,121,226,92,136
439,390,175,78,430,91,387,148,142,145,171,480,698,283,246,252,325,726,428,47,236,456,282,193,310,109,280,217,234,535,635,1169,216,394,98,456,411,62,207,430,262,87,328,157,357,360,264,449,172,275
529,512,230,118,535,137,561,178,195,249,480,298,967,393,291,323,400,1001,557,79,334,578,294,215,352,132,377,276,274,753,843,1422,295,522,138,601,530,96,292,577,355,119,431,236,446,555,393,557,206,373
806,761,385,154,910,189,853,300,285,345,698,967,781,564,470,490,659,1432,903,127,492,958,575,335,589,227,620,433,463,1148,1308,2347,467,800,218,940,827,143,484,970,597,184,693,324,684,763,549,937,327,582
379,292,126,62,335,90,338,92,127,131,283,393,564,101,170,202,220,585,320,49,172,344,197,120,194,78,207,162,190,421,472,949,151,305,79,332,332,61,145,344,226,78,226,142,237,261,205,342,126,205
303,214,110,41,258,59,224,79,92,114,246,291,470,170,65,127,185,480,287,29,139,280,155,112,171,79,168,129,128,312,414,737,143,229,60,259,244,42,141,292,172,43,189,87,220,240,187,244,83,173
333,220,119,34,309,53,255,84,93,110,252,323,490,202,127,71,183,531,286,39,149,291,171,116,204,70,195,144,133,350,436,822,144,264,54,264,257,48,144,333,195,54,211,116,230,251,188,279,108,198
366,295,142,66,390,82,378,95,129,140,325,400,659,220,185,183,153,622,383,59,187,355,234,147,246,117,283,190,198,452,576,985,178,368,68,395,348,57,161,367,203,90,278,131,310,337,239,389,144,269
783,748,355,151,848,182,834,305,287,335,726,1001,1432,585,480,531,622,774,928,101,517,989,547,328,586,238,640,452,449,1117,1312,2323,442,786,211,885,830,155,474,921,612,194,636,323,702,787,542,865,319,599
531,423,209,107,524,127,493,142,162,202,428,557,903,320,287,286,383,928,263,73,267,469,287,236,344,111,352,223,259,613,727,1392,270,472,107,545,464,77,252,520,337,107,369,186,403,474,306,522,185,333
71,63,25,9,72,8,61,19,25,20,47,79,127,49,29,39,59,101,73,5,26,71,34,21,34,11,35,29,36,70,100,183,38,72,21,66,60,12,31,62,43,11,42,19,42,74,26,62,34,33
300,245,98,35,264,55,262,78,89,125,236,334,492,172,139,149,187,517,267,26,68,252,175,129,178,57,166,107,113,361,422,817,165,260,55,307,230,34,137,306,195,57,211,117,205,256,147,301,114,193
513,420,215,102,513,104,517,153,180,223,456,578,958,344,280,291,355,989,469,71,252,269,301,216,354,133,359,250,270,654,752,1409,280,479,123,564,459,81,259,505,350,122,411,187,402,470,328,523,179,357
359,273,104,48,296,76,299,95,95,131,282,294,575,197,155,171,234,547,287,34,175,301,84,110,190,73,216,132,172,383,438,855,167,257,71,305,299,48,155,365,204,68,244,92,230,278,193,324,109,249
198,168,75,25,184,35,186,62,67,93,193,215,335,120,112,116,147,328,236,21,129,216,110,34,132,50,117,99,110,240,283,538,113,204,50,215,169,33,89,198,121,38,145,67,153,181,109,195,79,127
360,278,138,55,285,86,319,98,93,150,310,352,589,194,171,204,246,586,344,34,178,354,190,132,93,84,208,118,181,397,479,939,172,306,66,343,297,60,157,351,211,62,254,118,225,295,205,369,125,231
137,106,60,18,121,29,127,44,48,52,109,132,227,78,79,70,117,238,111,11,57,133,73,50,84,11,65,60,59,173,185,352,87,120,21,116,112,20,69,144,85,20,106,49,103,113,88,137,45,94
365,274,119,50,311,74,313,106,125,148,280,377,620,207,168,195,283,640,352,35,166,359,216,117,208,65,91,150,181,445,484,939,201,317,71,349,310,56,187,365,235,66,258,125,231,297,217,370,127,253
287,169,87,33,237,50,223,65,75,98,217,276,433,162,129,144,190,452,223,29,107,250,132,99,118,60,150,64,114,284,347,677,132,244,60,263,207,38,130,254,154,45,185,83,189,187,159,235,97,149
321,232,100,36,239,63,273,71,89,109,234,274,463,190,128,133,198,449,259,36,113,270,172,110,181,59,181,114,74,325,375,684,121,263,46,287,259,50,120,252,156,55,213,91,210,216,161,273,110,167
592,509,248,93,636,131,564,214,183,264,535,753,1148,421,312,350,452,1117,613,70,361,654,383,240,397,173,445,284,325,373,893,1802,314,559,135,642,582,102,306,652,407,97,480,226,508,567,374,691,243,438
719,646,301,130,760,173,713,251,258,312,635,843,1308,472,414,436,576,1312,727,100,422,752,438,283,479,185,484,347,375,893,542,2056,389,694,171,813,732,112,350,771,505,158,554,270,592,691,477,781,289,532
1162,1195,557,235,1432,300,1312,448,454,549,1169,1422,2347,949,737,822,985,2323,1392,183,817,1409,855,538,939,352,939,677,684,1802,2056,1766,683,1329,322,1518,1254,244,669,1513,918,286,1027,499,1070,1280,895,1414,490,930
234,216,103,46,265,65,243,79,87,111,216,295,467,151,143,144,178,442,270,38,165,280,167,113,172,87,201,132,121,314,389,683,68,272,56,268,266,48,119,264,177,53,206,81,195,247,165,256,85,173
457,374,193,79,486,96,455,148,157,197,394,522,800,305,229,264,368,786,472,72,260,479,257,204,306,120,317,244,263,559,694,1329,272,215,101,495,433,82,245,484,333,104,348,183,395,404,300,486,166,307
97,89,50,18,109,14,111,42,34,47,98,138,218,79,60,54,68,211,107,21,55,123,71,50,66,21,71,60,46,135,171,322,56,101,11,121,91,21,57,130,84,33,88,40,103,104,83,124,39,72
493,437,200,101,525,124,524,149,144,197,456,601,940,332,259,264,395,885,545,66,307,564,305,215,343,116,349,263,287,642,813,1518,268,495,121,301,503,89,263,557,318,120,395,212,457,498,335,574,203,348
483,342,163,69,425,87,436,150,177,213,411,530,827,332,244,257,348,830,464,60,230,459,299,169,297,112,310,207,259,582,732,1254,266,433,91,503,199,84,241,496,301,101,365,177,360,451,292,498,161,328
73,72,36,17,91,19,84,21,31,32,62,96,143,61,42,48,57,155,77,12,34,81,48,33,60,20,56,38,50,102,112,244,48,82,21,89,84,3,41,85,64,20,52,34,72,69,44,87,35,52
236,201,95,49,269,61,244,62,76,83,207,292,484,145,141,144,161,474,252,31,137,259,155,89,157,69,187,130,120,306,350,669,119,245,57,263,241,41,65,280,157,51,215,99,200,231,169,263,113,166
476,439,201,95,537,122,473,174,176,207,430,577,970,344,292,333,367,921,520,62,306,505,365,198,351,144,365,254,252,652,771,1513,264,484,130,557,496,85,280,259,326,116,411,203,405,474,332,510,201,361
283,276,108,53,351,82,317,107,109,115,262,355,597,226,172,195,203,612,337,43,195,350,204,121,211,85,235,154,156,407,505,918,177,333,84,318,301,64,157,326,101,86,258,128,259,315,214,290,114,228
124,73,38,16,107,25,97,31,39,46,87,119,184,78,43,54,90,194,107,11,57,122,68,38,62,20,66,45,55,97,158,286,53,104,33,120,101,20,51,116,86,14,100,38,74,92,60,117,44,86
366,333,139,59,351,83,371,126,126,165,328,431,693,226,189,211,278,636,369,42,211,411,244,145,254,106,258,185,213,480,554,1027,206,348,88,395,365,52,215,411,258,100,135,142,313,347,233,386,136,266
167,183,63,35,174,37,188,63,46,81,157,236,324,142,87,116,131,323,186,19,117,187,92,67,118,49,125,83,91,226,270,499,81,183,40,212,177,34,99,203,128,38,142,50,170,164,109,197,71,122
457,316,150,65,390,96,367,125,123,185,357,446,684,237,220,230,310,702,403,42,205,402,230,153,225,103,231,189,210,508,592,1070,195,395,103,457,360,72,200,405,259,74,313,170,140,355,230,391,157,275
394,392,194,94,474,107,445,167,151,168,360,555,763,261,240,251,337,787,474,74,256,470,278,181,295,113,297,187,216,567,691,1280,247,404,104,498,451,69,231,474,315,92,347,164,355,190,290,484,159,319
287,266,115,52,320,64,291,102,108,121,264,393,549,205,187,188,239,542,306,26,147,328,193,109,205,88,217,159,161,374,477,895,165,300,83,335,292,44,169,332,214,60,233,109,230,290,97,322,132,233
504,494,209,70,487,122,486,174,164,226,449,557,937,342,244,279,389,865,522,62,301,523,324,195,369,137,370,235,273,691,781,1414,256,486,124,574,498,87,263,510,290,117,386,197,391,484,322,256,192,364
170,154,85,34,189,43,164,82,57,92,172,206,327,126,83,108,144,319,185,34,114,179,109,79,125,45,127,97,110,243,289,490,85,166,39,203,161,35,113,201,114,44,136,71,157,159,132,192,37,137
383,287,132,56,327,77,330,85,109,136,275,373,582,205,173,198,269,599,333,33,193,357,249,127,231,94,253,149,167,438,532,930,173,307,72,348,328,52,166,361,228,86,266,122,275,319,233,364,137,124
