263,458,191,100,502,129,477,184,171,249,438,509,787,370,313,373,386,794,528,69,337,543,319,235,386,158,400,264,328,587,698,1108,238,513,114,472,496,96,258,467,311,127,382,197,404,382,326,513,160,354
458,162,151,75,407,88,398,124,136,177,361,500,788,280,241,246,325,771,438,50,242,453,239,164,255,110,245,168,196,529,673,1260,258,410,87,460,383,75,205,473,294,76,343,147,323,396,263,450,155,336
191,151,39,42,196,45,179,67,58,88,159,220,351,117,99,106,135,333,198,22,97,215,118,76,122,37,131,87,102,241,293,568,109,183,48,193,183,36,85,196,118,37,159,73,129,184,111,191,79,143
100,75,42,10,93,14,89,29,31,53,76,80,148,57,52,57,70,156,82,13,47,88,56,29,65,25,62,48,43,115,109,241,37,83,19,85,90,12,43,92,52,17,54,38,67,84,42,84,38,61
502,407,196,93,265,122,517,186,190,233,452,589,919,337,258,281,356,894,545,74,288,534,312,200,318,117,338,251,267,621,788,1402,265,480,114,521,490,87,262,564,351,109,367,203,423,472,352,547,191,342
129,88,45,14,122,10,92,43,33,55,101,113,195,52,60,71,87,195,110,23,65,122,69,39,76,28,87,48,60,158,157,282,57,102,21,119,92,19,50,118,82,31,71,39,102,99,70,106,49,95
477,398,179,89,517,92,224,145,151,203,431,519,795,323,237,277,362,827,526,62,293,532,282,193,278,124,334,225,249,652,743,1247,228,458,100,521,431,89,230,514,325,107,346,186,397,442,294,476,150,341
184,124,67,29,186,43,145,28,57,74,139,162,262,114,73,87,101,265,134,18,83,176,98,68,97,32,97,69,76,187,235,461,85,155,34,149,160,25,93,144,91,38,100,50,118,134,91,139,60,108
171,136,58,31,190,33,151,57,36,61,128,188,284,119,98,90,146,276,173,25,78,163,94,66,106,44,111,65,87,223,266,463,86,140,35,168,141,24,93,157,107,37,125,69,127,134,102,172,67,100
249,177,88,53,233,55,203,74,61,40,160,212,329,136,113,117,160,390,207,26,125,213,125,74,137,43,150,94,112,283,288,545,104,217,49,222,194,40,99,216,145,40,150,76,165,176,130,236,81,144
438,361,159,76,452,101,431,139,128,160,174,485,756,283,229,240,325,750,436,64,238,450,255,159,271,106,312,193,236,555,650,1128,219,412,96,472,379,80,231,419,290,101,291,146,350,390,253,426,149,303
509,500,220,80,589,113,519,162,188,212,485,306,990,356,298,315,365,1018,561,69,299,566,287,214,364,145,354,249,275,689,850,1547,289,492,119,604,502,107,260,603,381,120,417,225,439,551,340,534,218,361
787,788,351,148,919,195,795,262,284,329,756,990,788,610,447,522,609,1474,894,94,529,910,521,378,616,239,598,408,446,1102,1370,2395,491,839,217,954,869,149,432,969,594,183,665,341,717,860,584,845,347,606
370,280,117,57,337,52,323,114,119,136,283,356,610,109,174,181,222,582,325,42,190,346,184,140,197,99,232,164,157,412,525,877,162,307,82,327,306,58,156,353,194,74,255,120,278,308,186,362,111,241
313,241,99,52,258,60,237,73,98,113,229,298,447,174,67,139,202,485,267,28,143,268,147,122,174,68,195,120,149,331,412,752,137,258,67,270,272,31,129,284,185,53,199,103,203,243,163,290,107,170
373,246,106,57,281,71,277,87,90,117,240,315,522,181,139,81,224,510,285,28,158,277,183,107,180,67,194,114,147,342,436,800,164,271,68,310,278,54,147,286,190,69,224,99,221,263,189,320,118,181
386,325,135,70,356,87,362,101,146,160,325,365,609,222,202,224,143,576,371,45,215,442,239,133,263,87,248,174,171,453,564,936,217,335,81,358,333,57,183,372,229,87,270,139,342,326,215,354,125,251
794,771,333,156,894,195,827,265,276,390,750,1018,1474,582,485,510,576,776,877,105,513,885,512,358,606,220,594,413,452,1061,1378,2351,477,844,233,899,830,147,430,964,623,177,655,339,664,838,601,883,327,579
528,438,198,82,545,110,526,134,173,207,436,561,894,325,267,285,371,877,289,68,282,509,306,204,321,131,341,220,248,693,775,1347,272,497,104,540,475,78,250,522,344,109,437,177,426,479,348,569,189,342
69,50,22,13,74,23,62,18,25,26,64,69,94,42,28,28,45,105,68,3,31,56,29,42,38,11,40,26,30,82,98,155,29,52,14,68,65,10,33,67,46,14,57,21,56,74,34,69,18,39
337,242,97,47,288,65,293,83,78,125,238,299,529,190,143,158,215,513,282,31,75,289,159,106,169,56,170,133,135,322,415,780,154,260,57,290,261,36,159,273,174,60,197,95,230,254,159,291,101,209
543,453,215,88,534,122,532,176,163,213,450,566,910,346,268,277,442,885,509,56,289,272,316,211,339,151,376,241,262,720,752,1351,270,504,123,568,509,81,260,519,362,125,404,185,411,504,320,532,191,362
319,239,118,56,312,69,282,98,94,125,255,287,521,184,147,183,239,512,306,29,159,316,81,124,189,82,233,138,154,340,424,828,173,278,52,292,298,31,163,287,192,67,239,97,237,248,166,324,97,210
235,164,76,29,200,39,193,68,66,74,159,214,378,140,122,107,133,358,204,42,106,211,124,39,137,55,137,107,104,254,317,555,97,178,37,209,184,35,117,189,128,45,152,75,154,200,126,201,72,133
386,255,122,65,318,76,278,97,106,137,271,364,616,197,174,180,263,606,321,38,169,339,189,137,111,93,221,149,176,384,507,949,217,312,80,363,294,47,170,354,206,68,243,113,253,287,211,304,124,222
158,110,37,25,117,28,124,32,44,43,106,145,239,99,68,67,87,220,131,11,56,151,82,55,93,16,65,44,60,133,219,404,67,114,28,119,146,21,62,137,83,31,91,51,116,119,102,130,54,81
400,245,131,62,338,87,334,97,111,150,312,354,598,232,195,194,248,594,341,40,170,376,233,137,221,65,85,159,178,397,564,1020,195,337,65,352,322,50,167,350,227,77,247,116,266,301,231,367,141,228
264,168,87,48,251,48,225,69,65,94,193,249,408,164,120,114,174,413,220,26,133,241,138,107,149,44,159,41,122,294,340,643,119,226,59,221,225,27,104,269,141,55,157,79,180,199,162,263,92,168
328,196,102,43,267,60,249,76,87,112,236,275,446,157,149,147,171,452,248,30,135,262,154,104,176,60,178,122,60,321,367,674,122,266,52,249,245,33,114,238,159,53,202,101,200,197,176,258,93,174
587,529,241,115,621,158,652,187,223,283,555,689,1102,412,331,342,453,1061,693,82,322,720,340,254,384,133,397,294,321,409,945,1755,345,632,161,639,616,92,311,725,426,133,469,237,480,585,403,656,234,417
698,673,293,109,788,157,743,235,266,288,650,850,1370,525,412,436,564,1378,775,98,415,752,424,317,507,219,564,340,367,945,562,2071,396,711,185,797,699,128,371,826,496,165,602,294,633,695,474,784,268,526
1108,1260,568,241,1402,282,1247,461,463,545,1128,1547,2395,877,752,800,936,2351,1347,155,780,1351,828,555,949,404,1020,643,674,1755,2071,1825,700,1214,302,1544,1283,235,691,1528,934,298,993,529,1096,1263,861,1387,507,920
238,258,109,37,265,57,228,85,86,104,219,289,491,162,137,164,217,477,272,29,154,270,173,97,217,67,195,119,122,345,396,700,69,247,69,319,254,42,137,317,182,67,205,119,223,255,158,283,97,178
513,410,183,83,480,102,458,155,140,217,412,492,839,307,258,271,335,844,497,52,260,504,278,178,312,114,337,226,266,632,711,1214,247,218,111,499,425,79,233,533,357,115,357,193,364,441,298,484,183,305
114,87,48,19,114,21,100,34,35,49,96,119,217,82,67,68,81,233,104,14,57,123,52,37,80,28,65,59,52,161,185,302,69,111,9,124,107,18,51,120,80,18,83,50,92,94,67,117,31,80
472,460,193,85,521,119,521,149,168,222,472,604,954,327,270,310,358,899,540,68,290,568,292,209,363,119,352,221,249,639,797,1544,319,499,124,282,495,88,275,561,364,119,381,213,443,478,346,563,180,355
496,383,183,90,490,92,431,160,141,194,379,502,869,306,272,278,333,830,475,65,261,509,298,184,294,146,322,225,245,616,699,1283,254,425,107,495,208,79,233,463,305,106,356,173,388,460,255,459,185,328
96,75,36,12,87,19,89,25,24,40,80,107,149,58,31,54,57,147,78,10,36,81,31,35,47,21,50,27,33,92,128,235,42,79,18,88,79,2,31,78,61,19,63,37,79,71,49,101,27,62
258,205,85,43,262,50,230,93,93,99,231,260,432,156,129,147,183,430,250,33,159,260,163,117,170,62,167,104,114,311,371,691,137,233,51,275,233,31,58,263,145,52,162,103,219,234,135,208,82,167
467,473,196,92,564,118,514,144,157,216,419,603,969,353,284,286,372,964,522,67,273,519,287,189,354,137,350,269,238,725,826,1528,317,533,120,561,463,78,263,268,353,105,375,185,432,487,341,535,192,362
311,294,118,52,351,82,325,91,107,145,290,381,594,194,185,190,229,623,344,46,174,362,192,128,206,83,227,141,159,426,496,934,182,357,80,364,305,61,145,353,103,68,243,127,271,287,203,309,120,207
127,76,37,17,109,31,107,38,37,40,101,120,183,74,53,69,87,177,109,14,60,125,67,45,68,31,77,55,53,133,165,298,67,115,18,119,106,19,52,105,68,13,63,52,82,95,61,104,40,79
382,343,159,54,367,71,346,100,125,150,291,417,665,255,199,224,270,655,437,57,197,404,239,152,243,91,247,157,202,469,602,993,205,357,83,381,356,63,162,375,243,63,140,131,310,358,223,357,144,243
197,147,73,38,203,39,186,50,69,76,146,225,341,120,103,99,139,339,177,21,95,185,97,75,113,51,116,79,101,237,294,529,119,193,50,213,173,37,103,185,127,52,131,38,148,163,122,202,69,119
404,323,129,67,423,102,397,118,127,165,350,439,717,278,203,221,342,664,426,56,230,411,237,154,253,116,266,180,200,480,633,1096,223,364,92,443,388,79,219,432,271,82,310,148,154,369,247,418,131,254
382,396,184,84,472,99,442,134,134,176,390,551,860,308,243,263,326,838,479,74,254,504,248,200,287,119,301,199,197,585,695,1263,255,441,94,478,460,71,234,487,287,95,358,163,369,212,288,494,159,285
326,263,111,42,352,70,294,91,102,130,253,340,584,186,163,189,215,601,348,34,159,320,166,126,211,102,231,162,176,403,474,861,158,298,67,346,255,49,135,341,203,61,223,122,247,288,95,330,101,199
513,450,191,84,547,106,476,139,172,236,426,534,845,362,290,320,354,883,569,69,291,532,324,201,304,130,367,263,258,656,784,1387,283,484,117,563,459,101,208,535,309,104,357,202,418,494,330,257,178,367
160,155,79,38,191,49,150,60,67,81,149,218,347,111,107,118,125,327,189,18,101,191,97,72,124,54,141,92,93,234,268,507,97,183,31,180,185,27,82,192,120,40,144,69,131,159,101,178,30,145
354,336,143,61,342,95,341,108,100,144,303,361,606,241,170,181,251,579,342,39,209,362,210,133,222,81,228,168,174,417,526,920,178,305,80,355,328,62,167,362,207,79,243,119,254,285,199,367,145,124
