243,446,198,91,497,121,458,165,154,244,452,531,826,331,301,318,362,808,529,65,302,502,315,203,356,156,355,292,290,607,722,1166,257,481,110,463,485,92,240,493,317,127,388,147,423,384,340,501,177,382
446,169,147,85,424,109,470,141,148,174,369,476,782,283,254,242,319,790,420,40,215,421,264,185,271,94,302,180,229,551,649,1219,250,416,105,469,397,58,226,467,299,95,308,168,333,393,251,472,166,293
198,147,40,36,210,47,191,77,81,84,165,218,324,131,99,113,171,336,189,25,95,215,113,83,121,40,102,89,96,248,297,554,97,206,38,202,196,41,114,219,122,45,159,65,147,190,120,203,60,153
91,85,36,9,87,20,89,28,25,26,61,89,142,62,44,56,64,135,96,11,59,101,51,35,51,22,62,34,46,110,125,216,33,75,16,115,87,12,40,89,64,14,51,31,69,66,50,82,19,71
497,424,210,87,272,101,479,167,150,215,436,563,929,351,262,300,367,879,501,60,296,513,318,205,333,141,340,212,270,618,793,1429,269,490,106,543,496,73,238,541,329,101,388,192,434,449,325,490,175,372
121,109,47,20,101,8,98,35,31,40,76,118,186,95,65,71,91,201,119,13,71,137,75,45,73,29,80,51,75,142,173,290,55,108,28,142,100,15,53,114,68,21,68,35,100,98,75,100,33,102
458,470,191,89,479,98,249,189,165,182,407,510,841,324,241,270,353,857,492,67,262,519,261,197,294,139,345,225,240,611,716,1339,247,430,116,533,431,75,258,525,321,100,332,186,368,429,317,481,160,362
165,141,77,28,167,35,189,18,54,75,147,172,276,127,79,93,122,278,152,17,69,175,97,65,113,28,92,77,78,189,256,439,87,128,33,152,159,23,64,167,110,32,118,65,130,158,95,164,52,105
154,148,81,25,150,31,165,54,26,73,141,188,267,109,84,109,116,288,150,23,88,172,100,65,112,49,122,66,96,183,230,481,87,148,37,173,152,29,75,179,112,36,129,62,136,143,98,155,65,131
244,174,84,26,215,40,182,75,73,40,179,224,345,137,102,107,157,375,209,31,138,216,121,93,144,64,145,113,102,291,319,550,100,178,52,219,189,32,90,208,125,28,162,80,177,196,117,225,75,150
452,369,165,61,436,76,407,147,141,179,185,447,731,297,216,226,310,756,448,54,273,458,259,203,294,103,293,213,225,524,623,1131,234,422,97,461,361,63,215,430,278,80,316,150,388,393,272,451,129,324
531,476,218,89,563,118,510,172,188,224,447,303,994,355,301,320,379,996,544,82,307,561,323,212,374,146,388,267,277,683,841,1555,300,503,124,606,493,93,285,608,371,104,376,205,435,531,347,573,206,355
826,782,324,142,929,186,841,276,267,345,731,994,786,535,484,571,656,1397,890,128,526,981,572,311,596,237,624,427,429,1160,1320,2387,429,876,207,980,790,153,460,944,567,200,645,343,691,860,558,891,273,594
331,283,131,62,351,95,324,127,109,137,297,355,535,99,176,175,235,532,311,41,179,334,184,106,211,78,220,149,152,407,475,891,165,285,79,294,344,53,184,351,198,64,243,128,244,270,213,333,124,228
301,254,99,44,262,65,241,79,84,102,216,301,484,176,69,133,177,476,275,33,137,266,141,107,157,67,161,123,123,321,388,713,155,229,67,255,248,37,141,276,160,54,185,86,203,249,191,257,82,175
318,242,113,56,300,71,270,93,109,107,226,320,571,175,133,78,210,538,287,33,141,278,175,100,176,80,193,122,141,384,411,838,160,247,64,289,241,43,154,302,167,58,227,124,217,282,194,291,110,202
362,319,171,64,367,91,353,122,116,157,310,379,656,235,177,210,133,651,379,47,206,391,209,165,238,91,251,181,180,461,591,1063,213,303,74,382,339,57,175,410,218,90,279,115,283,336,227,373,140,243
808,790,336,135,879,201,857,278,288,375,756,996,1397,532,476,538,651,761,849,111,513,915,544,325,599,227,610,410,393,1143,1338,2380,431,861,189,962,794,147,460,965,571,193,680,353,710,884,527,922,282,579
529,420,189,96,501,119,492,152,150,209,448,544,890,311,275,287,379,849,272,69,292,520,285,210,322,134,343,244,245,615,822,1396,275,503,109,558,454,84,259,550,349,103,368,193,402,487,317,567,204,362
65,40,25,11,60,13,67,17,23,31,54,82,128,41,33,33,47,111,69,5,39,75,41,22,47,13,43,25,37,67,83,171,37,73,19,64,67,15,38,64,39,19,56,21,51,71,37,72,25,46
302,215,95,59,296,71,262,69,88,138,273,307,526,179,137,141,206,513,292,39,70,254,144,111,161,55,159,118,131,345,439,812,169,246,81,283,256,45,123,306,190,47,237,100,201,263,164,298,114,198
502,421,215,101,513,137,519,175,172,216,458,561,981,334,266,278,391,915,520,75,254,270,294,221,369,158,358,238,251,647,800,1450,302,474,115,550,488,81,270,525,334,117,354,194,417,476,314,569,202,312
315,264,113,51,318,75,261,97,100,121,259,323,572,184,141,175,209,544,285,41,144,294,86,139,191,100,204,131,154,378,444,833,150,302,60,286,284,59,142,307,189,63,221,104,231,279,191,296,120,189
203,185,83,35,205,45,197,65,65,93,203,212,311,106,107,100,165,325,210,22,111,221,139,42,142,57,144,97,112,236,303,517,109,178,40,219,179,37,108,215,156,40,147,66,167,193,134,199,71,151
356,271,121,51,333,73,294,113,112,144,294,374,596,211,157,176,238,599,322,47,161,369,191,142,101,89,209,180,166,430,507,948,187,343,90,356,297,58,159,364,207,78,248,109,227,322,222,299,115,243
156,94,40,22,141,29,139,28,49,64,103,146,237,78,67,80,91,227,134,13,55,158,100,57,89,14,71,62,63,183,217,356,82,109,29,146,129,20,57,133,89,27,109,40,99,129,93,131,53,92
355,302,102,62,340,80,345,92,122,145,293,388,624,220,161,193,251,610,343,43,159,358,204,144,209,71,111,160,165,456,536,917,205,313,88,376,333,58,154,378,238,62,272,117,267,343,208,349,127,226
292,180,89,34,212,51,225,77,66,113,213,267,427,149,123,122,181,410,244,25,118,238,131,97,180,62,160,54,114,271,342,632,138,193,55,238,227,49,113,271,153,48,180,89,183,202,152,244,92,174
290,229,96,46,270,75,240,78,96,102,225,277,429,152,123,141,180,393,245,37,131,251,154,112,166,63,165,114,68,300,406,667,128,262,52,234,265,37,112,280,153,44,213,97,203,236,136,251,88,162
607,551,248,110,618,142,611,189,183,291,524,683,1160,407,321,384,461,1143,615,67,345,647,378,236,430,183,456,271,300,404,915,1759,342,611,160,658,601,113,314,690,430,135,462,235,512,592,388,671,235,430
722,649,297,125,793,173,716,256,230,319,623,841,1320,475,388,411,591,1338,822,83,439,800,444,303,507,217,536,342,406,915,576,2003,396,710,183,800,662,116,411,786,512,172,578,267,630,715,455,821,266,509
1166,1219,554,216,1429,290,1339,439,481,550,1131,1555,2387,891,713,838,1063,2380,1396,171,812,1450,833,517,948,356,917,632,667,1759,2003,1896,693,1297,324,1545,1277,233,731,1438,915,307,1017,539,1095,1260,885,1380,514,959
257,250,97,33,269,55,247,87,87,100,234,300,429,165,155,160,213,431,275,37,169,302,150,109,187,82,205,138,128,342,396,693,72,239,64,294,214,46,134,268,171,57,206,93,196,236,172,281,111,189
481,416,206,75,490,108,430,128,148,178,422,503,876,285,229,247,303,861,503,73,246,474,302,178,343,109,313,193,262,611,710,1297,239,216,92,505,420,66,229,468,318,108,375,186,389,440,300,495,150,333
110,105,38,16,106,28,116,33,37,52,97,124,207,79,67,64,74,189,109,19,81,115,60,40,90,29,88,55,52,160,183,324,64,92,10,129,103,17,61,135,81,22,108,44,90,96,83,126,44,78
463,469,202,115,543,142,533,152,173,219,461,606,980,294,255,289,382,962,558,64,283,550,286,219,356,146,376,238,234,658,800,1545,294,505,129,256,551,92,273,618,355,133,423,176,426,472,317,578,198,344
485,397,196,87,496,100,431,159,152,189,361,493,790,344,248,241,339,794,454,67,256,488,284,179,297,129,333,227,265,601,662,1277,214,420,103,551,218,90,248,485,298,97,369,178,390,413,316,478,158,301
92,58,41,12,73,15,75,23,29,32,63,93,153,53,37,43,57,147,84,15,45,81,59,37,58,20,58,49,37,113,116,233,46,66,17,92,90,10,35,99,58,16,72,37,67,73,57,83,38,57
240,226,114,40,238,53,258,64,75,90,215,285,460,184,141,154,175,460,259,38,123,270,142,108,159,57,154,113,112,314,411,731,134,229,61,273,248,35,61,276,179,53,181,91,202,255,158,261,99,167
493,467,219,89,541,114,525,167,179,208,430,608,944,351,276,302,410,965,550,64,306,525,307,215,364,133,378,271,280,690,786,1438,268,468,135,618,485,99,276,275,348,108,369,213,454,465,335,568,228,363
317,299,122,64,329,68,321,110,112,125,278,371,567,198,160,167,218,571,349,39,190,334,189,156,207,89,238,153,153,430,512,915,171,318,81,355,298,58,179,348,128,68,243,132,256,282,194,326,118,225
127,95,45,14,101,21,100,32,36,28,80,104,200,64,54,58,90,193,103,19,47,117,63,40,78,27,62,48,44,135,172,307,57,108,22,133,97,16,53,108,68,3,82,35,77,85,64,115,41,62
388,308,159,51,388,68,332,118,129,162,316,376,645,243,185,227,279,680,368,56,237,354,221,147,248,109,272,180,213,462,578,1017,206,375,108,423,369,72,181,369,243,82,152,159,315,310,229,393,142,263
147,168,65,31,192,35,186,65,62,80,150,205,343,128,86,124,115,353,193,21,100,194,104,66,109,40,117,89,97,235,267,539,93,186,44,176,178,37,91,213,132,35,159,37,125,187,117,187,72,103
423,333,147,69,434,100,368,130,136,177,388,435,691,244,203,217,283,710,402,51,201,417,231,167,227,99,267,183,203,512,630,1095,196,389,90,426,390,67,202,454,256,77,315,125,154,390,261,410,145,291
384,393,190,66,449,98,429,158,143,196,393,531,860,270,249,282,336,884,487,71,263,476,279,193,322,129,343,202,236,592,715,1260,236,440,96,472,413,73,255,465,282,85,310,187,390,214,275,460,156,303
340,251,120,50,325,75,317,95,98,117,272,347,558,213,191,194,227,527,317,37,164,314,191,134,222,93,208,152,136,388,455,885,172,300,83,317,316,57,158,335,194,64,229,117,261,275,95,313,124,209
501,472,203,82,490,100,481,164,155,225,451,573,891,333,257,291,373,922,567,72,298,569,296,199,299,131,349,244,251,671,821,1380,281,495,126,578,478,83,261,568,326,115,393,187,410,460,313,284,172,364
177,166,60,19,175,33,160,52,65,75,129,206,273,124,82,110,140,282,204,25,114,202,120,71,115,53,127,92,88,235,266,514,111,150,44,198,158,38,99,228,118,41,142,72,145,156,124,172,30,128
382,293,153,71,372,102,362,105,131,150,324,355,594,228,175,202,243,579,362,46,198,312,189,151,243,92,226,174,162,430,509,959,189,333,78,344,301,57,167,363,225,62,263,103,291,303,209,364,128,118
