270,454,185,88,523,106,457,160,169,248,423,517,793,376,278,324,366,850,529,62,303,485,331,194,351,140,351,289,306,600,657,1164,236,478,99,478,441,82,225,449,306,101,346,200,415,377,327,483,168,340
454,207,135,77,444,110,423,128,116,154,371,472,768,269,219,244,276,804,406,43,230,465,216,177,273,100,279,185,219,501,649,1239,200,402,97,459,440,74,227,467,305,90,332,176,368,403,266,462,176,289
185,135,50,37,224,57,212,65,50,86,171,231,396,130,114,109,138,392,187,31,122,208,128,76,117,40,115,92,87,235,279,558,110,183,40,197,181,28,97,197,116,36,160,67,164,194,130,231,79,151
88,77,37,6,77,21,86,28,28,34,62,75,160,61,45,57,48,153,68,8,46,70,51,31,61,22,56,45,51,110,120,207,44,70,14,105,82,14,47,76,59,17,55,28,74,73,44,78,30,49
523,444,224,77,257,107,465,153,161,187,385,564,878,337,291,300,351,876,511,65,288,512,320,206,338,118,336,210,266,649,722,1384,290,477,117,521,445,86,234,550,367,97,356,173,410,466,308,526,192,350
106,110,57,21,107,15,107,39,35,48,74,107,202,79,62,79,70,192,93,13,60,100,68,40,66,31,77,61,65,139,157,281,57,106,21,122,105,15,56,108,70,30,74,38,99,83,67,111,40,65
457,423,212,86,465,107,235,149,153,193,395,481,830,333,253,297,317,829,464,56,285,509,262,195,284,124,332,234,277,599,738,1282,242,456,105,484,453,87,226,458,292,96,352,207,366,438,316,487,176,305
160,128,65,28,153,39,149,20,51,66,135,193,268,101,71,73,104,275,164,17,89,144,71,63,106,46,100,77,84,189,220,465,92,138,33,156,137,16,86,176,109,25,120,66,116,154,102,175,54,116
169,116,50,28,161,35,153,51,29,67,141,187,297,116,75,88,106,305,171,27,106,151,85,70,105,50,115,72,68,221,237,447,106,154,38,165,145,22,91,146,109,39,133,56,123,142,86,149,61,114
248,154,86,34,187,48,193,66,67,48,165,206,375,137,119,119,161,399,203,16,129,200,125,85,148,51,127,89,105,255,297,552,122,190,43,230,208,38,98,207,114,46,161,76,172,205,134,200,73,140
423,371,171,62,385,74,395,135,141,165,175,491,726,270,227,248,309,751,438,49,262,408,245,163,282,103,298,179,233,519,618,1109,212,384,106,422,376,81,204,453,282,92,301,178,336,378,246,416,152,283
517,472,231,75,564,107,481,193,187,206,491,315,1017,331,297,312,419,1010,592,86,323,574,323,225,368,143,393,253,260,737,815,1537,317,514,117,651,503,88,305,585,345,122,437,220,420,496,343,603,204,410
793,768,396,160,878,202,830,268,297,375,726,1017,818,591,476,528,635,1431,889,127,522,931,521,341,563,232,591,416,472,1069,1337,2338,469,841,201,934,863,133,434,914,595,177,679,333,739,812,580,949,322,590
376,269,130,61,337,79,333,101,116,137,270,331,591,97,171,196,234,588,326,44,172,328,169,116,197,76,209,165,173,421,490,901,163,319,77,336,313,58,181,353,231,81,231,135,252,311,210,349,125,218
278,219,114,45,291,62,253,71,75,119,227,297,476,171,73,137,171,490,260,35,148,282,156,95,171,52,140,114,133,322,412,819,141,260,53,246,263,41,127,287,178,55,179,101,220,232,165,288,86,176
324,244,109,57,300,79,297,73,88,119,248,312,528,196,137,70,221,553,285,34,129,323,164,113,182,61,192,127,129,342,434,864,154,283,70,301,282,44,132,290,175,64,191,106,240,260,165,301,105,194
366,276,138,48,351,70,317,104,106,161,309,419,635,234,171,221,125,636,375,42,210,351,203,125,240,89,248,185,184,463,532,1023,191,331,82,373,337,44,162,362,231,75,281,126,279,322,202,374,134,233
850,804,392,153,876,192,829,275,305,399,751,1010,1431,588,490,553,636,784,882,112,516,976,540,373,549,242,620,396,471,1066,1381,2344,493,815,196,921,894,139,453,921,565,169,661,355,724,827,563,939,318,576
529,406,187,68,511,93,464,164,171,203,438,592,889,326,260,285,375,882,255,68,286,505,288,204,348,123,346,224,252,683,701,1395,256,493,131,491,436,81,253,505,320,104,373,204,418,467,328,508,199,338
62,43,31,8,65,13,56,17,27,16,49,86,127,44,35,34,42,112,68,0,31,67,34,19,35,18,39,16,36,82,92,182,31,69,14,57,51,14,21,72,36,8,55,23,53,60,38,64,33,35
303,230,122,46,288,60,285,89,106,129,262,323,522,172,148,129,210,516,286,31,81,299,176,110,181,71,173,125,131,334,471,795,167,249,72,290,249,53,151,280,182,57,200,93,232,278,177,324,112,183
485,465,208,70,512,100,509,144,151,200,408,574,931,328,282,323,351,976,505,67,299,259,276,215,308,130,355,226,273,679,681,1384,230,453,129,515,456,93,230,509,305,106,373,218,408,446,335,534,201,344
331,216,128,51,320,68,262,71,85,125,245,323,521,169,156,164,203,540,288,34,176,276,96,96,206,69,162,141,145,378,472,847,175,291,61,297,315,51,133,328,190,57,234,116,226,287,183,298,112,194
194,177,76,31,206,40,195,63,70,85,163,225,341,116,95,113,125,373,204,19,110,215,96,36,105,54,129,95,93,255,275,518,91,172,49,198,174,27,89,210,141,43,162,86,148,169,133,196,84,146
351,273,117,61,338,66,284,106,105,148,282,368,563,197,171,182,240,549,348,35,181,308,206,105,99,85,223,154,152,398,532,947,172,333,69,342,313,57,183,382,248,63,279,139,240,318,200,339,140,228
140,100,40,22,118,31,124,46,50,51,103,143,232,76,52,61,89,242,123,18,71,130,69,54,85,11,61,51,66,158,185,356,72,123,22,110,110,20,71,131,85,26,115,37,104,124,77,144,53,89
351,279,115,56,336,77,332,100,115,127,298,393,591,209,140,192,248,620,346,39,173,355,162,129,223,61,100,144,157,406,498,952,176,342,91,293,334,59,182,372,226,78,282,131,268,331,207,364,149,225
289,185,92,45,210,61,234,77,72,89,179,253,416,165,114,127,185,396,224,16,125,226,141,95,154,51,144,52,117,273,349,634,122,219,63,259,217,36,127,252,146,61,203,87,186,254,142,244,88,176
306,219,87,51,266,65,277,84,68,105,233,260,472,173,133,129,184,471,252,36,131,273,145,93,152,66,157,117,58,325,374,733,152,237,56,243,243,47,112,285,164,45,199,87,221,247,172,272,94,164
600,501,235,110,649,139,599,189,221,255,519,737,1069,421,322,342,463,1066,683,82,334,679,378,255,398,158,406,273,325,381,953,1762,349,582,137,660,637,108,320,681,390,119,472,194,545,564,408,654,249,422
657,649,279,120,722,157,738,220,237,297,618,815,1337,490,412,434,532,1381,701,92,471,681,472,275,532,185,498,349,374,953,530,2050,425,683,189,751,710,125,363,823,480,146,621,332,666,710,497,821,279,501
1164,1239,558,207,1384,281,1282,465,447,552,1109,1537,2338,901,819,864,1023,2344,1395,182,795,1384,847,518,947,356,952,634,733,1762,2050,1811,746,1234,294,1504,1302,244,685,1436,893,274,1054,550,1111,1254,898,1446,471,934
236,200,110,44,290,57,242,92,106,122,212,317,469,163,141,154,191,493,256,31,167,230,175,91,172,72,176,122,152,349,425,746,75,240,64,297,248,41,133,314,183,52,205,110,211,267,191,281,90,178
478,402,183,70,477,106,456,138,154,190,384,514,841,319,260,283,331,815,493,69,249,453,291,172,333,123,342,219,237,582,683,1234,240,222,106,491,442,83,226,493,309,95,362,189,368,465,282,503,192,331
99,97,40,14,117,21,105,33,38,43,106,117,201,77,53,70,82,196,131,14,72,129,61,49,69,22,91,63,56,137,189,294,64,106,14,97,105,19,70,111,65,30,82,55,104,96,67,111,51,77
478,459,197,105,521,122,484,156,165,230,422,651,934,336,246,301,373,921,491,57,290,515,297,198,342,110,293,259,243,660,751,1504,297,491,97,303,508,87,236,551,329,91,389,189,407,477,294,540,207,330
441,440,181,82,445,105,453,137,145,208,376,503,863,313,263,282,337,894,436,51,249,456,315,174,313,110,334,217,243,637,710,1302,248,442,105,508,211,64,227,481,316,95,331,166,380,440,284,504,178,352
82,74,28,14,86,15,87,16,22,38,81,88,133,58,41,44,44,139,81,14,53,93,51,27,57,20,59,36,47,108,125,244,41,83,19,87,64,8,27,81,45,16,55,30,73,83,58,100,32,53
225,227,97,47,234,56,226,86,91,98,204,305,434,181,127,132,162,453,253,21,151,230,133,89,183,71,182,127,112,320,363,685,133,226,70,236,227,27,65,248,168,56,189,98,187,246,164,246,91,166
449,467,197,76,550,108,458,176,146,207,453,585,914,353,287,290,362,921,505,72,280,509,328,210,382,131,372,252,285,681,823,1436,314,493,111,551,481,81,248,294,338,91,394,219,434,519,346,540,169,358
306,305,116,59,367,70,292,109,109,114,282,345,595,231,178,175,231,565,320,36,182,305,190,141,248,85,226,146,164,390,480,893,183,309,65,329,316,45,168,338,117,60,260,128,272,306,246,326,113,225
101,90,36,17,97,30,96,25,39,46,92,122,177,81,55,64,75,169,104,8,57,106,57,43,63,26,78,61,45,119,146,274,52,95,30,91,95,16,56,91,60,8,76,41,91,97,61,106,48,74
346,332,160,55,356,74,352,120,133,161,301,437,679,231,179,191,281,661,373,55,200,373,234,162,279,115,282,203,199,472,621,1054,205,362,82,389,331,55,189,394,260,76,141,128,337,312,226,387,127,264
200,176,67,28,173,38,207,66,56,76,178,220,333,135,101,106,126,355,204,23,93,218,116,86,139,37,131,87,87,194,332,550,110,189,55,189,166,30,98,219,128,41,128,43,152,190,128,198,81,117
415,368,164,74,410,99,366,116,123,172,336,420,739,252,220,240,279,724,418,53,232,408,226,148,240,104,268,186,221,545,666,1111,211,368,104,407,380,73,187,434,272,91,337,152,148,387,249,434,150,264
377,403,194,73,466,83,438,154,142,205,378,496,812,311,232,260,322,827,467,60,278,446,287,169,318,124,331,254,247,564,710,1254,267,465,96,477,440,83,246,519,306,97,312,190,387,213,301,483,154,292
327,266,130,44,308,67,316,102,86,134,246,343,580,210,165,165,202,563,328,38,177,335,183,133,200,77,207,142,172,408,497,898,191,282,67,294,284,58,164,346,246,61,226,128,249,301,101,305,112,194
483,462,231,78,526,111,487,175,149,200,416,603,949,349,288,301,374,939,508,64,324,534,298,196,339,144,364,244,272,654,821,1446,281,503,111,540,504,100,246,540,326,106,387,198,434,483,305,273,186,339
168,176,79,30,192,40,176,54,61,73,152,204,322,125,86,105,134,318,199,33,112,201,112,84,140,53,149,88,94,249,279,471,90,192,51,207,178,32,91,169,113,48,127,81,150,154,112,186,37,132
340,289,151,49,350,65,305,116,114,140,283,410,590,218,176,194,233,576,338,35,183,344,194,146,228,89,225,176,164,422,501,934,178,331,77,330,352,53,166,358,225,74,264,117,264,292,194,339,132,115
