261,430,224,88,509,108,470,169,177,257,456,492,854,358,327,355,321,817,492,71,303,522,386,214,384,154,399,271,291,623,684,1134,279,474,101,487,465,71,246,480,294,89,391,178,432,408,347,478,173,377
430,203,170,70,443,86,415,143,155,177,372,487,793,281,235,250,315,798,422,50,237,431,282,162,273,117,285,189,198,531,627,1223,238,396,103,453,411,70,245,472,267,90,349,159,347,419,254,488,162,283
224,170,41,32,193,50,188,63,58,73,164,261,356,122,101,105,155,357,190,25,105,198,116,77,133,52,125,93,98,265,311,564,109,179,49,212,187,26,97,229,146,49,176,68,136,178,137,217,76,144
88,70,32,4,104,15,67,21,26,44,81,95,146,66,49,62,60,144,76,6,44,76,53,33,61,19,54,41,37,125,111,209,45,84,31,90,79,15,33,87,49,17,71,28,74,64,49,87,27,61
509,443,193,104,279,137,509,139,168,185,431,552,908,361,258,279,389,904,557,46,300,536,277,214,343,131,354,258,247,636,787,1490,267,511,116,522,531,80,242,538,343,100,371,163,437,457,327,518,196,315
108,86,50,15,137,10,90,32,31,60,93,142,193,89,67,79,77,193,102,11,55,107,66,37,61,26,74,54,47,147,150,284,55,115,41,128,109,22,46,116,68,23,92,40,82,103,63,125,39,73
470,415,188,67,509,90,233,146,167,219,401,546,837,308,244,271,380,810,464,54,283,476,303,191,295,124,357,219,208,578,699,1300,250,475,104,499,418,74,234,508,302,104,352,199,380,443,304,493,162,337
169,143,63,21,139,32,146,19,54,65,138,166,248,83,81,91,119,249,139,18,82,162,99,58,92,32,84,65,78,171,229,413,98,135,32,163,143,31,73,143,91,37,115,62,110,140,87,163,53,102
177,155,58,26,168,31,167,54,19,66,158,178,280,115,83,93,131,295,158,15,78,179,102,75,110,47,126,78,78,206,225,470,87,142,35,190,159,41,90,196,96,37,134,59,139,136,109,176,49,107
257,177,73,44,185,60,219,65,66,53,177,209,375,137,113,116,149,377,194,21,120,210,133,80,151,43,146,92,103,243,298,527,105,179,47,217,205,28,100,214,120,44,162,76,175,182,149,211,70,167
456,372,164,81,431,93,401,138,158,177,174,472,736,262,229,252,298,750,443,54,258,429,263,163,282,95,271,200,219,534,653,1106,218,371,98,455,402,72,197,451,288,95,309,161,348,403,286,443,152,317
492,487,261,95,552,142,546,166,178,209,472,293,1004,387,280,306,361,1017,573,64,301,566,302,229,353,145,355,251,284,678,806,1553,280,550,136,560,545,73,284,600,369,124,414,249,433,533,315,563,198,372
854,793,356,146,908,193,837,248,280,375,736,1004,777,566,436,479,648,1423,896,114,510,951,516,340,550,231,597,447,456,1113,1378,2401,475,889,204,1004,829,137,444,961,595,178,639,330,740,834,595,893,329,612
358,281,122,66,361,89,308,83,115,137,262,387,566,98,151,178,233,555,324,47,169,316,183,111,211,65,216,142,147,393,495,937,184,311,82,329,303,51,154,333,200,71,261,129,243,302,228,357,124,238
327,235,101,49,258,67,244,81,83,113,229,280,436,151,82,148,207,457,280,31,163,261,170,96,189,62,193,133,121,328,371,740,139,231,61,276,239,47,118,287,164,68,213,93,193,258,160,274,99,178
355,250,105,62,279,79,271,91,93,116,252,306,479,178,148,83,206,529,295,48,172,289,172,120,183,70,189,141,142,352,382,802,151,259,61,283,278,57,122,292,181,75,236,107,218,272,149,310,107,185
321,315,155,60,389,77,380,119,131,149,298,361,648,233,207,206,133,642,367,48,200,376,235,143,242,83,232,154,182,427,530,1019,220,354,84,360,354,61,161,385,248,91,269,139,278,300,242,345,139,254
817,798,357,144,904,193,810,249,295,377,750,1017,1423,555,457,529,642,808,923,117,503,924,525,340,587,239,608,422,438,1131,1377,2451,509,872,213,981,807,131,450,942,536,188,638,326,714,795,576,934,334,625
492,422,190,76,557,102,464,139,158,194,443,573,896,324,280,295,367,923,230,61,262,465,307,195,363,140,330,249,258,655,748,1470,299,470,124,512,467,84,250,534,325,104,390,165,415,470,345,502,192,348
71,50,25,6,46,11,54,18,15,21,54,64,114,47,31,48,48,117,61,4,27,64,29,19,36,16,39,28,22,67,94,173,33,47,11,59,50,5,26,62,41,14,47,20,43,52,34,61,16,43
303,237,105,44,300,55,283,82,78,120,258,301,510,169,163,172,200,503,262,27,73,259,150,116,182,55,177,118,136,332,441,814,170,230,77,285,250,44,160,304,170,53,237,89,205,265,165,276,115,201
522,431,198,76,536,107,476,162,179,210,429,566,951,316,261,289,376,924,465,64,259,263,288,176,340,134,363,244,238,648,756,1503,279,462,130,506,498,83,259,562,338,104,387,165,410,498,332,535,181,361
386,282,116,53,277,66,303,99,102,133,263,302,516,183,170,172,235,525,307,29,150,288,80,144,202,67,198,151,156,360,439,839,158,276,74,320,298,41,167,310,209,65,222,113,272,276,197,309,107,214
214,162,77,33,214,37,191,58,75,80,163,229,340,111,96,120,143,340,195,19,116,176,144,43,142,44,145,90,103,232,274,569,113,200,59,209,197,22,102,191,133,46,147,81,162,210,132,181,69,129
384,273,133,61,343,61,295,92,110,151,282,353,550,211,189,183,242,587,363,36,182,340,202,142,110,74,236,157,161,398,509,917,173,330,75,338,274,46,150,342,197,72,249,129,284,313,216,324,110,222
154,117,52,19,131,26,124,32,47,43,95,145,231,65,62,70,83,239,140,16,55,134,67,44,74,17,83,71,69,183,179,356,68,113,28,115,131,13,58,144,76,35,92,44,97,109,74,141,41,84
399,285,125,54,354,74,357,84,126,146,271,355,597,216,193,189,232,608,330,39,177,363,198,145,236,83,109,153,168,389,510,930,184,319,71,346,335,46,146,360,211,75,236,123,318,308,227,358,132,232
271,189,93,41,258,54,219,65,78,92,200,251,447,142,133,141,154,422,249,28,118,244,151,90,157,71,153,51,126,299,345,681,116,216,55,228,236,44,117,265,149,35,183,83,184,192,121,271,97,163
291,198,98,37,247,47,208,78,78,103,219,284,456,147,121,142,182,438,258,22,136,238,156,103,161,69,168,126,60,322,376,729,145,239,54,250,239,43,128,263,166,67,211,97,198,247,166,230,92,183
623,531,265,125,636,147,578,171,206,243,534,678,1113,393,328,352,427,1131,655,67,332,648,360,232,398,183,389,299,322,384,1015,1869,330,621,120,663,591,98,293,717,431,111,517,223,522,572,378,690,246,415
684,627,311,111,787,150,699,229,225,298,653,806,1378,495,371,382,530,1377,748,94,441,756,439,274,509,179,510,345,376,1015,567,2151,424,684,179,795,692,125,376,822,499,156,598,259,604,735,479,763,270,531
1134,1223,564,209,1490,284,1300,413,470,527,1106,1553,2401,937,740,802,1019,2451,1470,173,814,1503,839,569,917,356,930,681,729,1869,2151,1915,738,1358,331,1491,1233,225,707,1490,950,299,1040,495,1145,1319,880,1361,486,951
279,238,109,45,267,55,250,98,87,105,218,280,475,184,139,151,220,509,299,33,170,279,158,113,173,68,184,116,145,330,424,738,74,266,73,331,275,40,148,268,160,66,184,95,206,265,176,252,96,167
474,396,179,84,511,115,475,135,142,179,371,550,889,311,231,259,354,872,470,47,230,462,276,200,330,113,319,216,239,621,684,1358,266,210,94,520,419,79,238,496,280,104,363,154,384,433,321,467,183,306
101,103,49,31,116,41,104,32,35,47,98,136,204,82,61,61,84,213,124,11,77,130,74,59,75,28,71,55,54,120,179,331,73,94,18,120,120,23,48,115,69,23,99,37,101,102,72,123,45,69
487,453,212,90,522,128,499,163,190,217,455,560,1004,329,276,283,360,981,512,59,285,506,320,209,338,115,346,228,250,663,795,1491,331,520,120,290,489,83,265,597,347,96,421,210,411,517,343,538,231,351
465,411,187,79,531,109,418,143,159,205,402,545,829,303,239,278,354,807,467,50,250,498,298,197,274,131,335,236,239,591,692,1233,275,419,120,489,208,72,221,491,311,94,353,176,339,416,300,478,150,323
71,70,26,15,80,22,74,31,41,28,72,73,137,51,47,57,61,131,84,5,44,83,41,22,46,13,46,44,43,98,125,225,40,79,23,83,72,8,45,78,57,16,62,29,68,77,43,104,29,49
246,245,97,33,242,46,234,73,90,100,197,284,444,154,118,122,161,450,250,26,160,259,167,102,150,58,146,117,128,293,376,707,148,238,48,265,221,45,42,235,155,50,199,100,175,255,151,240,90,143
480,472,229,87,538,116,508,143,196,214,451,600,961,333,287,292,385,942,534,62,304,562,310,191,342,144,360,265,263,717,822,1490,268,496,115,597,491,78,235,309,355,96,418,179,457,455,364,582,165,389
294,267,146,49,343,68,302,91,96,120,288,369,595,200,164,181,248,536,325,41,170,338,209,133,197,76,211,149,166,431,499,950,160,280,69,347,311,57,155,355,109,74,261,126,269,294,196,360,110,230
89,90,49,17,100,23,104,37,37,44,95,124,178,71,68,75,91,188,104,14,53,104,65,46,72,35,75,35,67,111,156,299,66,104,23,96,94,16,50,96,74,8,68,41,79,106,69,99,28,58
391,349,176,71,371,92,352,115,134,162,309,414,639,261,213,236,269,638,390,47,237,387,222,147,249,92,236,183,211,517,598,1040,184,363,99,421,353,62,199,418,261,68,136,136,304,335,256,402,124,241
178,159,68,28,163,40,199,62,59,76,161,249,330,129,93,107,139,326,165,20,89,165,113,81,129,44,123,83,97,223,259,495,95,154,37,210,176,29,100,179,126,41,136,37,166,178,104,195,61,131
432,347,136,74,437,82,380,110,139,175,348,433,740,243,193,218,278,714,415,43,205,410,272,162,284,97,318,184,198,522,604,1145,206,384,101,411,339,68,175,457,269,79,304,166,169,396,258,389,141,289
408,419,178,64,457,103,443,140,136,182,403,533,834,302,258,272,300,795,470,52,265,498,276,210,313,109,308,192,247,572,735,1319,265,433,102,517,416,77,255,455,294,106,335,178,396,192,293,487,170,311
347,254,137,49,327,63,304,87,109,149,286,315,595,228,160,149,242,576,345,34,165,332,197,132,216,74,227,121,166,378,479,880,176,321,72,343,300,43,151,364,196,69,256,104,258,293,97,314,124,214
478,488,217,87,518,125,493,163,176,211,443,563,893,357,274,310,345,934,502,61,276,535,309,181,324,141,358,271,230,690,763,1361,252,467,123,538,478,104,240,582,360,99,402,195,389,487,314,260,178,313
173,162,76,27,196,39,162,53,49,70,152,198,329,124,99,107,139,334,192,16,115,181,107,69,110,41,132,97,92,246,270,486,96,183,45,231,150,29,90,165,110,28,124,61,141,170,124,178,29,134
377,283,144,61,315,73,337,102,107,167,317,372,612,238,178,185,254,625,348,43,201,361,214,129,222,84,232,163,183,415,531,951,167,306,69,351,323,49,143,389,230,58,241,131,289,311,214,313,134,116
