246,462,229,83,495,120,513,186,165,255,448,483,823,361,314,336,363,849,503,66,306,517,372,234,405,150,385,292,302,608,705,1204,243,499,98,536,502,64,254,477,330,104,373,189,469,402,339,519,157,378
462,156,166,69,443,106,427,129,147,184,373,479,807,270,238,248,320,776,438,49,240,445,262,160,273,103,260,207,207,574,659,1306,252,411,115,472,375,63,227,419,278,86,311,147,339,382,328,469,154,314
229,166,42,42,189,62,193,62,75,72,156,218,357,122,128,117,147,369,201,23,107,209,134,69,126,40,128,89,99,256,319,586,113,210,48,194,199,25,112,237,133,47,149,65,149,197,132,215,81,139
83,69,42,6,91,17,72,24,30,29,84,107,129,67,54,54,51,141,84,10,53,87,62,40,68,19,62,53,40,110,98,201,37,73,19,93,88,10,40,92,48,15,73,34,71,82,59,84,31,61
495,443,189,91,258,112,467,156,167,222,415,591,983,310,267,292,370,957,516,50,295,528,293,192,332,126,338,218,236,638,807,1483,282,474,101,538,492,99,258,587,352,101,416,195,382,488,304,579,185,331
120,106,62,17,112,10,105,35,46,36,102,116,185,80,66,77,77,192,128,14,69,104,80,50,80,34,79,59,51,159,149,292,52,98,21,136,112,15,57,118,64,23,86,49,85,106,84,112,30,88
513,427,193,72,467,105,233,155,160,171,432,507,845,338,284,296,347,882,536,57,271,504,292,189,338,129,323,243,227,618,739,1308,280,460,122,529,458,76,253,516,344,90,381,206,402,482,319,505,188,324
186,129,62,24,156,35,155,30,60,70,143,156,255,96,75,67,118,295,144,19,92,163,89,48,101,36,86,89,81,191,222,422,88,147,45,141,151,18,76,162,87,34,120,55,110,124,88,157,62,101
165,147,75,30,167,46,160,60,36,62,142,195,323,90,94,93,115,299,162,24,95,157,88,56,124,54,127,70,76,215,271,485,98,156,43,178,139,24,90,180,107,34,126,57,124,178,117,195,66,104
255,184,72,29,222,36,171,70,62,42,175,205,340,165,117,124,170,363,213,17,131,236,140,94,148,52,147,93,111,246,330,562,110,184,40,220,193,36,123,232,128,32,172,64,198,225,125,199,72,145
448,373,156,84,415,102,432,143,142,175,187,438,755,281,235,237,324,799,438,47,260,433,266,181,305,91,282,200,223,521,642,1209,244,387,79,454,391,71,227,467,307,91,316,174,361,414,291,446,154,298
483,479,218,107,591,116,507,156,195,205,438,293,1049,356,290,300,397,1087,586,86,297,592,334,235,353,141,346,244,285,700,871,1663,310,511,124,591,506,90,278,585,387,107,479,200,437,518,383,595,215,362
823,807,357,129,983,185,845,255,323,340,755,1049,798,544,447,522,709,1498,880,115,519,887,534,351,601,247,646,447,441,1145,1317,2423,500,831,226,1025,798,158,454,982,629,192,693,360,731,853,575,947,342,620
361,270,122,67,310,80,338,96,90,165,281,356,544,118,173,202,242,568,332,34,196,344,193,131,246,100,248,167,141,397,483,911,169,317,75,322,324,56,150,382,204,68,261,118,289,331,185,343,134,224
314,238,128,54,267,66,284,75,94,117,235,290,447,173,72,158,193,463,252,34,156,260,159,102,171,74,190,116,143,305,412,781,150,249,65,265,252,38,123,272,167,65,226,97,195,223,161,262,92,199
336,248,117,54,292,77,296,67,93,124,237,300,522,202,158,79,236,510,316,35,162,309,163,117,176,74,189,122,157,331,460,807,154,293,70,301,269,51,137,309,194,54,243,102,236,243,184,275,120,207
363,320,147,51,370,77,347,118,115,170,324,397,709,242,193,236,127,684,344,54,230,360,202,156,238,92,251,169,188,436,566,1023,194,350,83,368,336,52,177,397,236,76,294,145,266,350,251,402,144,217
849,776,369,141,957,192,882,295,299,363,799,1087,1498,568,463,510,684,820,898,125,511,930,529,364,573,254,653,413,462,1152,1392,2476,516,882,230,1020,842,156,475,998,635,189,661,349,742,846,546,915,346,677
503,438,201,84,516,128,536,144,162,213,438,586,880,332,252,316,344,898,235,71,293,472,271,210,338,147,356,258,260,612,753,1474,273,490,125,557,525,69,242,559,349,106,376,209,412,464,285,556,191,357
66,49,23,10,50,14,57,19,24,17,47,86,115,34,34,35,54,125,71,0,26,69,29,27,49,17,39,27,41,71,93,201,28,51,16,66,54,11,37,75,43,14,45,23,58,59,29,67,28,33
306,240,107,53,295,69,271,92,95,131,260,297,519,196,156,162,230,511,293,26,85,293,166,111,188,69,177,124,132,317,426,787,154,271,46,276,268,40,136,306,162,44,214,117,236,256,189,306,107,211
517,445,209,87,528,104,504,163,157,236,433,592,887,344,260,309,360,930,472,69,293,238,274,201,349,150,361,243,268,628,766,1487,275,488,117,587,489,84,242,553,351,114,402,184,404,488,299,513,195,352
372,262,134,62,293,80,292,89,88,140,266,334,534,193,159,163,202,529,271,29,166,274,79,136,194,72,203,126,149,354,442,851,193,285,80,323,288,46,147,322,177,68,230,125,223,263,187,315,112,196
234,160,69,40,192,50,189,48,56,94,181,235,351,131,102,117,156,364,210,27,111,201,136,42,138,55,129,95,102,259,299,584,136,195,53,215,175,32,94,208,127,36,163,81,150,191,139,224,82,122
405,273,126,68,332,80,338,101,124,148,305,353,601,246,171,176,238,573,338,49,188,349,194,138,125,85,217,137,158,443,519,949,203,337,85,328,309,56,173,366,225,71,266,122,264,304,224,358,110,214
150,103,40,19,126,34,129,36,54,52,91,141,247,100,74,74,92,254,147,17,69,150,72,55,85,20,83,53,63,165,222,365,73,126,25,150,116,20,76,144,79,31,107,45,99,124,90,147,55,65
385,260,128,62,338,79,323,86,127,147,282,346,646,248,190,189,251,653,356,39,177,361,203,129,217,83,109,167,173,447,521,951,172,339,79,349,279,60,172,389,239,62,258,127,257,326,229,379,135,196
292,207,89,53,218,59,243,89,70,93,200,244,447,167,116,122,169,413,258,27,124,243,126,95,137,53,167,52,111,261,358,663,132,221,60,237,232,40,131,253,146,43,178,68,179,202,149,236,86,146
302,207,99,40,236,51,227,81,76,111,223,285,441,141,143,157,188,462,260,41,132,268,149,102,158,63,173,111,60,333,381,698,135,229,49,301,256,52,151,281,158,48,196,97,205,224,169,282,107,166
608,574,256,110,638,159,618,191,215,246,521,700,1145,397,305,331,436,1152,612,71,317,628,354,259,443,165,447,261,333,404,980,1849,380,621,148,634,572,104,357,721,459,126,504,242,494,635,352,664,242,410
705,659,319,98,807,149,739,222,271,330,642,871,1317,483,412,460,566,1392,753,93,426,766,442,299,519,222,521,358,381,980,556,2098,404,689,163,867,679,122,362,847,529,152,540,316,628,730,475,788,295,481
1204,1306,586,201,1483,292,1308,422,485,562,1209,1663,2423,911,781,807,1023,2476,1474,201,787,1487,851,584,949,365,951,663,698,1849,2098,1950,765,1285,322,1566,1293,249,678,1520,975,278,1049,578,1089,1325,951,1392,570,925
243,252,113,37,282,52,280,88,98,110,244,310,500,169,150,154,194,516,273,28,154,275,193,136,203,73,172,132,135,380,404,765,95,258,59,285,249,44,143,331,192,60,180,132,223,259,191,280,114,190
499,411,210,73,474,98,460,147,156,184,387,511,831,317,249,293,350,882,490,51,271,488,285,195,337,126,339,221,229,621,689,1285,258,232,111,513,423,76,237,493,318,85,395,192,370,461,282,518,161,302
98,115,48,19,101,21,122,45,43,40,79,124,226,75,65,70,83,230,125,16,46,117,80,53,85,25,79,60,49,148,163,322,59,111,15,115,116,18,58,120,89,24,84,39,98,111,65,117,49,63
536,472,194,93,538,136,529,141,178,220,454,591,1025,322,265,301,368,1020,557,66,276,587,323,215,328,150,349,237,301,634,867,1566,285,513,115,266,495,73,249,601,330,97,464,212,421,505,303,603,217,369
502,375,199,88,492,112,458,151,139,193,391,506,798,324,252,269,336,842,525,54,268,489,288,175,309,116,279,232,256,572,679,1293,249,423,116,495,212,84,239,473,288,98,391,167,342,432,316,478,162,336
64,63,25,10,99,15,76,18,24,36,71,90,158,56,38,51,52,156,69,11,40,84,46,32,56,20,60,40,52,104,122,249,44,76,18,73,84,7,40,83,62,23,68,34,81,99,47,89,34,53
254,227,112,40,258,57,253,76,90,123,227,278,454,150,123,137,177,475,242,37,136,242,147,94,173,76,172,131,151,357,362,678,143,237,58,249,239,40,56,278,169,49,197,116,213,239,160,254,104,175
477,419,237,92,587,118,516,162,180,232,467,585,982,382,272,309,397,998,559,75,306,553,322,208,366,144,389,253,281,721,847,1520,331,493,120,601,473,83,278,302,358,121,435,185,421,519,329,548,196,380
330,278,133,48,352,64,344,87,107,128,307,387,629,204,167,194,236,635,349,43,162,351,177,127,225,79,239,146,158,459,529,975,192,318,89,330,288,62,169,358,109,79,274,123,267,319,212,370,114,211
104,86,47,15,101,23,90,34,34,32,91,107,192,68,65,54,76,189,106,14,44,114,68,36,71,31,62,43,48,126,152,278,60,85,24,97,98,23,49,121,79,7,75,44,93,96,75,105,43,65
373,311,149,73,416,86,381,120,126,172,316,479,693,261,226,243,294,661,376,45,214,402,230,163,266,107,258,178,196,504,540,1049,180,395,84,464,391,68,197,435,274,75,123,161,311,350,241,378,135,274
189,147,65,34,195,49,206,55,57,64,174,200,360,118,97,102,145,349,209,23,117,184,125,81,122,45,127,68,97,242,316,578,132,192,39,212,167,34,116,185,123,44,161,31,151,188,120,184,76,119
469,339,149,71,382,85,402,110,124,198,361,437,731,289,195,236,266,742,412,58,236,404,223,150,264,99,257,179,205,494,628,1089,223,370,98,421,342,81,213,421,267,93,311,151,141,360,246,419,151,284
402,382,197,82,488,106,482,124,178,225,414,518,853,331,223,243,350,846,464,59,256,488,263,191,304,124,326,202,224,635,730,1325,259,461,111,505,432,99,239,519,319,96,350,188,360,217,279,515,167,299
339,328,132,59,304,84,319,88,117,125,291,383,575,185,161,184,251,546,285,29,189,299,187,139,224,90,229,149,169,352,475,951,191,282,65,303,316,47,160,329,212,75,241,120,246,279,104,350,117,212
519,469,215,84,579,112,505,157,195,199,446,595,947,343,262,275,402,915,556,67,306,513,315,224,358,147,379,236,282,664,788,1392,280,518,117,603,478,89,254,548,370,105,378,184,419,515,350,271,200,347
157,154,81,31,185,30,188,62,66,72,154,215,342,134,92,120,144,346,191,28,107,195,112,82,110,55,135,86,107,242,295,570,114,161,49,217,162,34,104,196,114,43,135,76,151,167,117,200,33,156
378,314,139,61,331,88,324,101,104,145,298,362,620,224,199,207,217,677,357,33,211,352,196,122,214,65,196,146,166,410,481,925,190,302,63,369,336,53,175,380,211,65,274,119,284,299,212,347,156,126
