238,449,242,97,509,104,493,162,169,250,418,530,781,392,298,327,349,828,526,85,326,529,361,224,367,170,369,286,309,643,705,1193,261,520,114,509,514,84,257,443,326,106,358,180,457,416,344,490,163,365
449,192,174,69,433,101,422,121,159,176,384,483,803,262,243,271,324,808,437,57,250,438,258,189,275,116,292,181,247,520,661,1215,227,400,112,452,412,66,213,489,287,96,324,184,387,354,296,483,167,294
242,174,27,35,225,45,177,57,59,90,181,220,374,146,102,98,134,356,184,24,105,195,105,91,130,43,122,95,101,260,295,581,110,189,49,199,197,33,96,220,126,40,142,78,151,190,122,209,92,136
97,69,35,4,75,13,74,28,32,38,89,76,149,62,53,51,67,140,85,8,50,77,48,28,62,27,57,40,45,103,117,250,48,77,13,102,72,9,46,70,53,15,57,28,69,75,57,84,23,56
509,433,225,75,222,119,486,153,160,204,451,551,941,337,283,294,381,913,472,74,291,488,285,187,339,121,321,229,243,641,796,1451,252,450,104,560,468,97,253,573,323,104,388,193,407,469,318,555,180,356
104,101,45,13,119,9,112,43,48,55,97,125,175,68,63,75,78,190,127,14,60,113,77,37,72,37,81,51,69,147,166,277,43,105,25,127,94,15,67,106,79,31,77,55,85,90,70,108,37,88
493,422,177,74,486,112,237,175,174,196,431,578,876,293,280,299,389,890,489,56,261,515,280,196,327,153,384,225,244,561,712,1307,264,445,106,536,451,91,260,491,315,112,365,201,364,440,319,500,162,354
162,121,57,28,153,43,175,14,44,47,115,164,269,121,74,83,124,254,148,20,83,178,98,72,105,48,102,76,83,142,229,403,100,164,37,173,133,25,61,162,108,28,116,52,152,154,84,168,63,103
169,159,59,32,160,48,174,44,26,61,159,190,321,99,91,80,123,290,151,25,88,173,109,72,125,52,137,68,78,226,259,460,106,174,32,172,174,31,71,185,101,36,121,61,140,144,86,177,67,103
250,176,90,38,204,55,196,47,61,51,193,233,360,120,85,109,146,366,204,22,116,217,115,83,135,60,148,108,122,253,309,537,101,211,47,213,188,32,98,231,137,41,127,70,147,199,117,214,75,147
418,384,181,89,451,97,431,115,159,193,191,466,746,301,251,274,337,751,436,53,226,433,270,183,292,101,286,199,235,547,596,1145,220,405,115,436,420,75,202,437,268,95,294,157,334,395,272,438,158,301
530,483,220,76,551,125,578,164,190,233,466,311,1001,343,287,311,374,1017,561,74,323,584,365,247,365,118,363,257,306,705,842,1584,301,501,121,609,554,92,286,612,356,118,429,216,460,534,388,597,195,371
781,803,374,149,941,175,876,269,321,360,746,1001,800,582,492,557,641,1469,939,124,494,949,588,365,595,252,640,428,478,1103,1397,2435,476,828,208,921,813,165,455,998,606,171,706,328,743,875,589,887,316,599
392,262,146,62,337,68,293,121,99,120,301,343,582,108,193,169,240,563,287,35,183,320,191,109,213,86,201,146,142,378,474,874,174,297,83,339,282,39,192,334,191,65,234,118,255,309,226,357,110,209
298,243,102,53,283,63,280,74,91,85,251,287,492,193,82,149,201,476,295,27,140,284,152,113,185,72,204,106,129,310,407,782,148,233,49,270,256,45,132,279,186,55,228,91,230,271,176,279,93,178
327,271,98,51,294,75,299,83,80,109,274,311,557,169,149,82,200,508,297,24,155,311,168,103,194,86,211,126,142,313,436,869,156,273,55,305,267,47,131,313,195,53,239,94,235,266,178,331,102,192
349,324,134,67,381,78,389,124,123,146,337,374,641,240,201,200,124,687,358,38,233,403,241,143,246,106,251,167,194,447,563,1034,218,367,95,390,360,51,190,374,271,68,267,146,314,343,225,373,143,237
828,808,356,140,913,190,890,254,290,366,751,1017,1469,563,476,508,687,803,937,117,521,917,529,337,615,222,591,457,444,1068,1375,2459,466,813,198,996,850,150,463,1009,599,162,707,346,716,846,554,919,321,590
526,437,184,85,472,127,489,148,151,204,436,561,939,287,295,297,358,937,264,68,307,491,302,200,346,124,329,215,274,639,781,1439,276,491,105,525,442,77,268,541,340,96,379,190,391,496,291,528,203,343
85,57,24,8,74,14,56,20,25,22,53,74,124,35,27,24,38,117,68,6,41,55,33,27,45,15,44,31,31,88,88,183,39,47,13,58,60,8,35,62,53,15,43,18,53,57,44,59,23,41
326,250,105,50,291,60,261,83,88,116,226,323,494,183,140,155,233,521,307,41,64,319,170,126,158,79,183,130,145,329,429,776,162,261,54,264,247,45,127,291,170,57,252,105,242,227,153,291,90,201
529,438,195,77,488,113,515,178,173,217,433,584,949,320,284,311,403,917,491,55,319,244,299,201,343,139,356,236,247,665,740,1413,267,460,103,526,464,80,306,532,354,111,355,202,411,510,309,537,173,361
361,258,105,48,285,77,280,98,109,115,270,365,588,191,152,168,241,529,302,33,170,299,95,121,202,87,209,133,158,393,427,808,145,282,56,314,290,49,142,307,201,56,240,103,248,257,174,317,111,201
224,189,91,28,187,37,196,72,72,83,183,247,365,109,113,103,143,337,200,27,126,201,121,44,136,52,156,94,81,231,313,530,93,173,51,213,180,31,99,218,132,45,143,76,151,188,131,219,72,150
367,275,130,62,339,72,327,105,125,135,292,365,595,213,185,194,246,615,346,45,158,343,202,136,90,79,237,155,195,421,522,931,195,297,69,326,317,53,190,361,223,83,269,142,251,363,204,363,146,229
170,116,43,27,121,37,153,48,52,60,101,118,252,86,72,86,106,222,124,15,79,139,87,52,79,26,98,49,67,148,193,374,83,120,30,142,128,23,62,130,76,40,86,36,111,122,76,133,55,80
369,292,122,57,321,81,384,102,137,148,286,363,640,201,204,211,251,591,329,44,183,356,209,156,237,98,139,135,143,437,542,955,189,325,69,372,349,65,163,339,194,80,273,123,294,327,202,389,132,236
286,181,95,40,229,51,225,76,68,108,199,257,428,146,106,126,167,457,215,31,130,236,133,94,155,49,135,44,117,307,345,702,129,219,58,224,207,29,133,233,158,65,184,87,179,201,152,252,100,162
309,247,101,45,243,69,244,83,78,122,235,306,478,142,129,142,194,444,274,31,145,247,158,81,195,67,143,117,57,333,372,701,159,216,58,261,251,44,136,264,174,49,193,92,206,226,166,267,108,190
643,520,260,103,641,147,561,142,226,253,547,705,1103,378,310,313,447,1068,639,88,329,665,393,231,421,148,437,307,333,391,957,1841,344,597,127,713,587,88,314,716,427,116,494,217,457,612,392,671,241,467
705,661,295,117,796,166,712,229,259,309,596,842,1397,474,407,436,563,1375,781,88,429,740,427,313,522,193,542,345,372,957,588,2129,440,697,158,811,713,116,386,806,514,160,535,303,583,707,498,766,258,539
1193,1215,581,250,1451,277,1307,403,460,537,1145,1584,2435,874,782,869,1034,2459,1439,183,776,1413,808,530,931,374,955,702,701,1841,2129,1918,726,1335,337,1522,1285,221,649,1484,936,276,1070,516,1121,1354,890,1388,493,936
261,227,110,48,252,43,264,100,106,101,220,301,476,174,148,156,218,466,276,39,162,267,145,93,195,83,189,129,159,344,440,726,84,243,61,294,266,33,146,303,179,52,188,116,208,251,192,265,102,202
520,400,189,77,450,105,445,164,174,211,405,501,828,297,233,273,367,813,491,47,261,460,282,173,297,120,325,219,216,597,697,1335,243,227,96,494,430,50,257,484,318,92,345,181,372,440,263,475,158,311
114,112,49,13,104,25,106,37,32,47,115,121,208,83,49,55,95,198,105,13,54,103,56,51,69,30,69,58,58,127,158,337,61,96,18,139,104,15,62,127,84,24,81,42,86,114,58,90,46,100
509,452,199,102,560,127,536,173,172,213,436,609,921,339,270,305,390,996,525,58,264,526,314,213,326,142,372,224,261,713,811,1522,294,494,139,270,524,89,271,586,367,119,401,217,412,496,322,567,221,338
514,412,197,72,468,94,451,133,174,188,420,554,813,282,256,267,360,850,442,60,247,464,290,180,317,128,349,207,251,587,713,1285,266,430,104,524,202,89,233,476,296,81,343,179,389,445,295,487,165,326
84,66,33,9,97,15,91,25,31,32,75,92,165,39,45,47,51,150,77,8,45,80,49,31,53,23,65,29,44,88,116,221,33,50,15,89,89,7,45,94,56,15,51,34,74,80,60,81,40,43
257,213,96,46,253,67,260,61,71,98,202,286,455,192,132,131,190,463,268,35,127,306,142,99,190,62,163,133,136,314,386,649,146,257,62,271,233,45,51,269,168,45,192,90,239,222,151,248,101,178
443,489,220,70,573,106,491,162,185,231,437,612,998,334,279,313,374,1009,541,62,291,532,307,218,361,130,339,233,264,716,806,1484,303,484,127,586,476,94,269,268,351,117,416,224,425,471,339,526,209,372
326,287,126,53,323,79,315,108,101,137,268,356,606,191,186,195,271,599,340,53,170,354,201,132,223,76,194,158,174,427,514,936,179,318,84,367,296,56,168,351,112,59,258,117,286,298,214,383,132,246
106,96,40,15,104,31,112,28,36,41,95,118,171,65,55,53,68,162,96,15,57,111,56,45,83,40,80,65,49,116,160,276,52,92,24,119,81,15,45,117,59,9,74,37,97,111,66,128,34,80
358,324,142,57,388,77,365,116,121,127,294,429,706,234,228,239,267,707,379,43,252,355,240,143,269,86,273,184,193,494,535,1070,188,345,81,401,343,51,192,416,258,74,150,143,270,321,249,413,139,261
180,184,78,28,193,55,201,52,61,70,157,216,328,118,91,94,146,346,190,18,105,202,103,76,142,36,123,87,92,217,303,516,116,181,42,217,179,34,90,224,117,37,143,32,164,168,139,202,66,111
457,387,151,69,407,85,364,152,140,147,334,460,743,255,230,235,314,716,391,53,242,411,248,151,251,111,294,179,206,457,583,1121,208,372,86,412,389,74,239,425,286,97,270,164,164,401,256,407,152,298
416,354,190,75,469,90,440,154,144,199,395,534,875,309,271,266,343,846,496,57,227,510,257,188,363,122,327,201,226,612,707,1354,251,440,114,496,445,80,222,471,298,111,321,168,401,224,302,440,189,303
344,296,122,57,318,70,319,84,86,117,272,388,589,226,176,178,225,554,291,44,153,309,174,131,204,76,202,152,166,392,498,890,192,263,58,322,295,60,151,339,214,66,249,139,256,302,106,310,130,226
490,483,209,84,555,108,500,168,177,214,438,597,887,357,279,331,373,919,528,59,291,537,317,219,363,133,389,252,267,671,766,1388,265,475,90,567,487,81,248,526,383,128,413,202,407,440,310,248,168,368
163,167,92,23,180,37,162,63,67,75,158,195,316,110,93,102,143,321,203,23,90,173,111,72,146,55,132,100,108,241,258,493,102,158,46,221,165,40,101,209,132,34,139,66,152,189,130,168,31,134
365,294,136,56,356,88,354,103,103,147,301,371,599,209,178,192,237,590,343,41,201,361,201,150,229,80,236,162,190,467,539,936,202,311,100,338,326,43,178,372,246,80,261,111,298,303,226,368,134,111
