271,495,219,88,469,118,483,173,177,242,444,494,831,361,324,336,360,799,517,68,313,448,349,207,380,145,339,278,284,645,718,1224,236,448,108,506,469,82,244,480,326,95,362,194,444,419,343,504,161,357
495,191,166,85,440,102,416,128,143,152,333,487,786,279,242,238,296,788,426,67,233,444,259,197,282,103,293,208,186,555,675,1290,241,413,111,435,416,52,219,467,279,84,318,164,354,383,270,469,172,271
219,166,31,36,187,51,195,63,71,68,168,211,327,128,101,106,146,344,207,23,103,218,110,65,134,42,126,92,110,199,323,597,110,190,45,202,201,41,109,227,115,43,164,69,166,196,115,230,84,129
88,85,36,5,87,19,76,26,36,41,85,114,130,60,49,61,64,145,82,11,51,78,48,33,61,20,57,50,45,99,101,211,41,68,18,104,69,6,38,65,65,25,65,35,74,68,45,86,29,73
469,440,187,87,244,117,481,149,167,222,412,554,940,317,259,282,368,952,510,70,265,523,305,220,314,142,368,237,275,661,771,1436,279,426,115,531,465,109,254,583,333,109,420,182,413,498,327,522,211,337
118,102,51,19,117,11,104,24,27,56,102,132,183,81,69,81,82,207,131,14,55,123,68,42,70,37,80,71,54,146,172,295,63,105,30,117,88,15,58,115,76,25,80,50,102,94,56,121,42,90
483,416,195,76,481,104,245,133,171,188,417,544,875,307,262,282,357,864,483,45,270,530,290,191,318,131,350,260,240,590,738,1330,241,437,104,516,450,77,235,482,330,113,347,177,409,418,284,492,187,335
173,128,63,26,149,24,133,22,49,82,132,164,273,90,70,67,107,270,119,12,84,148,91,56,91,45,90,77,87,190,231,407,90,145,26,161,133,38,63,168,85,30,108,59,131,163,75,153,53,98
177,143,71,36,167,27,171,49,27,63,128,191,300,113,87,89,117,326,180,18,68,185,108,68,101,45,112,87,85,237,256,466,97,152,41,171,156,28,85,182,117,35,124,57,147,139,97,174,55,125
242,152,68,41,222,56,188,82,63,40,158,223,379,143,110,126,162,348,223,31,107,208,111,85,124,53,125,94,100,261,312,552,111,194,40,216,198,28,97,205,139,45,166,69,150,180,135,201,68,149
444,333,168,85,412,102,417,132,128,158,169,479,750,309,233,269,302,728,462,50,219,457,267,179,290,101,263,215,203,531,661,1141,234,403,103,439,425,75,209,430,300,85,315,175,367,380,283,459,151,301
494,487,211,114,554,132,544,164,191,223,479,330,976,336,294,294,370,1029,583,77,310,620,335,239,397,123,356,268,278,723,911,1634,355,506,144,565,491,84,270,641,407,107,409,226,439,542,368,567,257,348
831,786,327,130,940,183,875,273,300,379,750,976,799,567,474,537,687,1468,932,113,545,994,563,376,623,226,638,433,462,1089,1360,2440,462,881,201,1029,824,147,428,973,598,197,690,380,746,846,591,956,347,599
361,279,128,60,317,81,307,90,113,143,309,336,567,109,181,200,207,549,327,34,167,332,199,128,202,104,254,140,175,373,456,888,172,330,59,337,298,51,123,342,193,76,244,104,255,302,207,319,104,224
324,242,101,49,259,69,262,70,87,110,233,294,474,181,70,153,174,474,231,31,115,261,162,98,161,54,179,116,133,327,374,742,138,254,77,244,244,43,122,295,177,58,180,101,219,267,158,278,106,191
336,238,106,61,282,81,282,67,89,126,269,294,537,200,153,88,200,571,283,41,131,282,156,113,177,62,188,129,138,352,419,868,175,282,63,290,275,50,126,341,187,67,201,111,241,273,180,303,118,201
360,296,146,64,368,82,357,107,117,162,302,370,687,207,174,200,130,686,366,53,209,367,231,131,244,91,221,173,186,448,569,1057,202,363,83,348,292,57,179,435,262,68,264,151,270,302,238,372,134,252
799,788,344,145,952,207,864,270,326,348,728,1029,1468,549,474,571,686,796,905,112,532,905,569,354,629,250,675,446,447,1096,1402,2479,503,831,197,959,879,170,442,949,600,202,697,354,739,852,585,926,315,616
517,426,207,82,510,131,483,119,180,223,462,583,932,327,231,283,366,905,243,70,281,446,299,208,332,120,332,253,233,657,743,1448,288,442,104,545,462,86,238,520,337,82,396,192,402,475,310,520,178,333
68,67,23,11,70,14,45,12,18,31,50,77,113,34,31,41,53,112,70,5,28,74,30,20,42,16,47,17,36,67,107,183,35,52,11,54,70,5,38,77,44,12,47,20,49,54,37,63,28,47
313,233,103,51,265,55,270,84,68,107,219,310,545,167,115,131,209,532,281,28,68,270,156,112,189,78,211,143,128,350,416,834,148,217,56,247,254,45,143,303,188,62,238,94,231,298,187,308,93,206
448,444,218,78,523,123,530,148,185,208,457,620,994,332,261,282,367,905,446,74,270,254,312,202,371,154,345,246,263,697,767,1408,302,466,121,522,485,66,253,546,346,82,407,172,399,429,348,525,206,365
349,259,110,48,305,68,290,91,108,111,267,335,563,199,162,156,231,569,299,30,156,312,94,112,202,58,184,136,147,393,467,840,167,279,71,307,296,58,133,322,200,67,224,119,262,277,211,312,130,194
207,197,65,33,220,42,191,56,68,85,179,239,376,128,98,113,131,354,208,20,112,202,112,38,152,59,137,112,95,261,299,565,105,190,48,204,181,33,86,216,135,38,142,81,157,179,136,193,71,143
380,282,134,61,314,70,318,91,101,124,290,397,623,202,161,177,244,629,332,42,189,371,202,152,115,71,221,144,163,401,513,960,182,322,80,323,322,62,158,356,213,57,255,137,272,312,207,344,119,222
145,103,42,20,142,37,131,45,45,53,101,123,226,104,54,62,91,250,120,16,78,154,58,59,71,15,80,53,74,158,201,338,63,106,28,131,123,24,72,147,100,24,107,54,111,103,78,125,43,70
339,293,126,57,368,80,350,90,112,125,263,356,638,254,179,188,221,675,332,47,211,345,184,137,221,80,136,168,166,448,516,953,187,308,85,334,314,57,165,420,245,80,277,124,273,297,203,388,123,213
278,208,92,50,237,71,260,77,87,94,215,268,433,140,116,129,173,446,253,17,143,246,136,112,144,53,168,59,124,279,371,662,122,197,54,230,212,33,119,274,148,53,203,85,193,216,137,266,90,139
284,186,110,45,275,54,240,87,85,100,203,278,462,175,133,138,186,447,233,36,128,263,147,95,163,74,166,124,54,316,398,720,154,227,44,236,258,51,124,264,146,55,218,88,187,225,172,255,98,168
645,555,199,99,661,146,590,190,237,261,531,723,1089,373,327,352,448,1096,657,67,350,697,393,261,401,158,448,279,316,379,979,1901,334,594,136,714,581,114,305,731,418,148,464,225,521,595,370,677,254,429
718,675,323,101,771,172,738,231,256,312,661,911,1360,456,374,419,569,1402,743,107,416,767,467,299,513,201,516,371,398,979,576,2109,421,674,180,846,715,128,389,782,490,160,577,290,605,708,512,743,270,543
1224,1290,597,211,1436,295,1330,407,466,552,1141,1634,2440,888,742,868,1057,2479,1448,183,834,1408,840,565,960,338,953,662,720,1901,2109,1958,727,1378,354,1543,1245,254,698,1529,928,320,1072,589,1100,1273,946,1463,516,891
236,241,110,41,279,63,241,90,97,111,234,355,462,172,138,175,202,503,288,35,148,302,167,105,182,63,187,122,154,334,421,727,65,273,70,289,242,48,125,280,200,63,189,128,209,240,185,253,94,192
448,413,190,68,426,105,437,145,152,194,403,506,881,330,254,282,363,831,442,52,217,466,279,190,322,106,308,197,227,594,674,1378,273,202,110,502,444,71,231,493,295,89,351,174,361,468,295,478,184,345
108,111,45,18,115,30,104,26,41,40,103,144,201,59,77,63,83,197,104,11,56,121,71,48,80,28,85,54,44,136,180,354,70,110,14,112,121,13,59,125,80,30,76,39,89,116,68,105,45,68
506,435,202,104,531,117,516,161,171,216,439,565,1029,337,244,290,348,959,545,54,247,522,307,204,323,131,334,230,236,714,846,1543,289,502,112,263,466,87,278,608,387,110,410,217,407,498,324,607,186,330
469,416,201,69,465,88,450,133,156,198,425,491,824,298,244,275,292,879,462,70,254,485,296,181,322,123,314,212,258,581,715,1245,242,444,121,466,203,78,219,524,309,102,351,172,384,422,320,455,158,333
82,52,41,6,109,15,77,38,28,28,75,84,147,51,43,50,57,170,86,5,45,66,58,33,62,24,57,33,51,114,128,254,48,71,13,87,78,8,48,101,51,17,65,26,73,75,55,96,34,50
244,219,109,38,254,58,235,63,85,97,209,270,428,123,122,126,179,442,238,38,143,253,133,86,158,72,165,119,124,305,389,698,125,231,59,278,219,48,48,278,153,49,187,106,180,232,136,250,93,177
480,467,227,65,583,115,482,168,182,205,430,641,973,342,295,341,435,949,520,77,303,546,322,216,356,147,420,274,264,731,782,1529,280,493,125,608,524,101,278,278,333,126,407,202,422,504,331,536,169,363
326,279,115,65,333,76,330,85,117,139,300,407,598,193,177,187,262,600,337,44,188,346,200,135,213,100,245,148,146,418,490,928,200,295,80,387,309,51,153,333,106,60,258,103,250,314,205,317,125,210
95,84,43,25,109,25,113,30,35,45,85,107,197,76,58,67,68,202,82,12,62,82,67,38,57,24,80,53,55,148,160,320,63,89,30,110,102,17,49,126,60,6,92,37,97,87,83,105,42,69
362,318,164,65,420,80,347,108,124,166,315,409,690,244,180,201,264,697,396,47,238,407,224,142,255,107,277,203,218,464,577,1072,189,351,76,410,351,65,187,407,258,92,126,137,321,352,253,391,121,258
194,164,69,35,182,50,177,59,57,69,175,226,380,104,101,111,151,354,192,20,94,172,119,81,137,54,124,85,88,225,290,589,128,174,39,217,172,26,106,202,103,37,137,31,178,179,115,205,71,123
444,354,166,74,413,102,409,131,147,150,367,439,746,255,219,241,270,739,402,49,231,399,262,157,272,111,273,193,187,521,605,1100,209,361,89,407,384,73,180,422,250,97,321,178,163,371,251,434,143,292
419,383,196,68,498,94,418,163,139,180,380,542,846,302,267,273,302,852,475,54,298,429,277,179,312,103,297,216,225,595,708,1273,240,468,116,498,422,75,232,504,314,87,352,179,371,197,299,469,177,309
343,270,115,45,327,56,284,75,97,135,283,368,591,207,158,180,238,585,310,37,187,348,211,136,207,78,203,137,172,370,512,946,185,295,68,324,320,55,136,331,205,83,253,115,251,299,111,325,130,229
504,469,230,86,522,121,492,153,174,201,459,567,956,319,278,303,372,926,520,63,308,525,312,193,344,125,388,266,255,677,743,1463,253,478,105,607,455,96,250,536,317,105,391,205,434,469,325,239,174,336
161,172,84,29,211,42,187,53,55,68,151,257,347,104,106,118,134,315,178,28,93,206,130,71,119,43,123,90,98,254,270,516,94,184,45,186,158,34,93,169,125,42,121,71,143,177,130,174,31,127
357,271,129,73,337,90,335,98,125,149,301,348,599,224,191,201,252,616,333,47,206,365,194,143,222,70,213,139,168,429,543,891,192,345,68,330,333,50,177,363,210,69,258,123,292,309,229,336,127,102
