286,467,187,87,538,120,470,165,165,230,424,525,809,376,296,326,389,859,530,69,324,504,373,219,340,150,365,269,314,665,729,1222,255,518,106,549,482,74,239,485,329,107,390,190,445,411,345,515,175,392
467,197,168,81,393,103,452,114,137,188,378,511,778,279,237,240,323,791,467,50,231,452,242,180,285,103,279,186,212,533,651,1222,246,383,87,439,403,83,206,499,264,85,327,156,346,409,262,469,173,301
187,168,33,38,196,42,176,51,65,85,156,202,369,128,98,111,118,358,181,32,90,203,112,70,127,48,152,85,96,258,283,573,111,190,52,190,193,37,75,199,113,42,140,70,150,187,116,181,78,134
87,81,38,5,81,16,59,32,18,28,60,80,142,49,47,61,59,137,78,12,54,83,54,26,55,26,67,41,51,94,115,204,46,79,19,108,78,18,36,94,55,21,53,37,64,70,64,76,31,61
538,393,196,81,272,98,476,165,176,199,387,589,943,318,282,314,386,935,488,66,256,532,315,193,326,120,324,235,251,665,783,1457,300,503,105,560,466,68,261,500,317,111,379,187,398,475,334,514,215,319
120,103,42,16,98,6,86,34,34,34,86,121,183,74,56,61,75,187,130,14,67,127,82,45,82,25,93,53,58,141,171,297,64,91,22,139,108,21,39,121,83,25,90,51,95,97,71,108,38,74
470,452,176,59,476,86,207,165,154,188,407,547,871,308,262,247,358,806,504,56,247,511,291,197,303,131,332,237,246,591,750,1345,254,447,94,541,445,73,251,527,330,111,372,195,368,469,300,473,162,337
165,114,51,32,165,34,165,24,42,54,132,157,242,98,92,98,103,270,155,21,82,175,85,63,102,51,116,83,102,177,228,404,76,158,36,126,144,29,65,176,103,33,120,56,119,139,107,163,50,97
165,137,65,18,176,34,154,42,28,76,147,186,317,116,78,90,143,308,165,21,75,186,112,65,100,41,114,74,87,182,238,462,104,137,40,176,130,32,73,182,115,33,125,70,127,159,105,163,65,118
230,188,85,28,199,34,188,54,76,38,150,228,363,127,118,120,141,343,219,20,121,208,132,72,149,59,131,111,103,227,334,541,111,186,38,219,198,31,94,216,119,39,146,63,179,192,132,192,64,136
424,378,156,60,387,86,407,132,147,150,166,458,784,269,257,263,309,752,404,43,232,400,259,180,291,112,296,206,199,507,635,1165,239,388,86,462,393,67,215,442,251,81,363,158,343,405,271,388,158,288
525,511,202,80,589,121,547,157,186,228,458,323,1067,369,278,312,390,1070,565,83,324,577,299,244,338,126,359,286,269,761,868,1670,322,526,142,589,512,84,287,609,358,120,454,220,435,566,342,599,211,350
809,778,369,142,943,183,871,242,317,363,784,1067,868,584,464,538,642,1509,882,115,463,938,531,371,607,228,599,385,461,1156,1352,2511,528,810,199,951,837,166,457,998,596,195,726,391,696,894,593,915,327,597
376,279,128,49,318,74,308,98,116,127,269,369,584,85,199,192,253,575,339,41,179,349,191,129,201,93,231,167,180,391,499,912,167,300,78,343,290,52,179,339,227,73,246,133,268,307,203,344,137,234
296,237,98,47,282,56,262,92,78,118,257,278,464,199,76,139,178,435,283,37,155,292,158,115,166,58,193,119,161,321,399,714,131,231,62,269,243,44,135,276,158,57,215,95,177,226,168,266,99,185
326,240,111,61,314,61,247,98,90,120,263,312,538,192,139,78,210,492,312,35,161,308,161,118,175,72,201,143,164,339,405,807,149,275,66,280,254,50,147,283,184,60,205,107,223,247,184,273,105,202
389,323,118,59,386,75,358,103,143,141,309,390,642,253,178,210,154,641,371,37,177,378,221,142,254,89,262,180,194,457,567,1043,197,351,66,362,317,59,172,392,239,68,282,142,306,347,232,394,128,267
859,791,358,137,935,187,806,270,308,343,752,1070,1509,575,435,492,641,835,887,102,492,893,500,380,590,225,651,390,472,1122,1338,2599,532,778,214,994,815,164,452,976,596,206,715,359,717,874,575,925,316,589
530,467,181,78,488,130,504,155,165,219,404,565,882,339,283,312,371,887,263,60,274,473,283,209,329,131,362,244,224,634,783,1463,250,498,118,510,451,82,242,540,357,107,391,197,393,468,316,535,202,379
69,50,32,12,66,14,56,21,21,20,43,83,115,41,37,35,37,102,60,4,26,61,41,19,43,12,43,31,34,78,95,177,27,61,11,72,53,8,27,65,49,12,49,23,33,75,38,64,23,37
324,231,90,54,256,67,247,82,75,121,232,324,463,179,155,161,177,492,274,26,79,272,158,100,163,80,199,126,132,305,411,796,148,268,73,299,238,47,135,278,178,51,238,89,203,246,178,292,115,189
504,452,203,83,532,127,511,175,186,208,400,577,938,349,292,308,378,893,473,61,272,261,284,243,321,135,378,252,259,670,793,1487,262,494,107,561,470,93,274,545,381,128,382,219,404,482,324,518,204,377
373,242,112,54,315,82,291,85,112,132,259,299,531,191,158,161,221,500,283,41,158,284,84,113,175,68,177,129,175,393,454,798,160,291,63,279,286,36,122,327,196,53,240,112,213,276,187,314,109,218
219,180,70,26,193,45,197,63,65,72,180,244,371,129,115,118,142,380,209,19,100,243,113,45,136,49,132,76,90,230,326,580,124,184,53,228,183,38,107,219,133,44,173,67,159,193,139,199,74,148
340,285,127,55,326,82,303,102,100,149,291,338,607,201,166,175,254,590,329,43,163,321,175,136,89,90,213,146,178,412,501,927,163,295,79,332,294,46,177,365,202,62,273,122,231,310,193,300,132,234
150,103,48,26,120,25,131,51,41,59,112,126,228,93,58,72,89,225,131,12,80,135,68,49,90,26,65,57,70,151,175,363,62,123,22,122,117,19,60,147,73,17,97,39,98,117,75,123,40,82
365,279,152,67,324,93,332,116,114,131,296,359,599,231,193,201,262,651,362,43,199,378,177,132,213,65,101,140,196,410,525,970,189,323,90,340,320,51,175,371,197,66,266,114,269,332,192,328,137,230
269,186,85,41,235,53,237,83,74,111,206,286,385,167,119,143,180,390,244,31,126,252,129,76,146,57,140,58,93,280,343,641,124,207,50,253,215,43,119,212,145,49,184,75,168,196,139,240,98,184
314,212,96,51,251,58,246,102,87,103,199,269,461,180,161,164,194,472,224,34,132,259,175,90,178,70,196,93,62,306,386,713,136,261,71,285,274,37,122,296,156,45,189,101,218,217,174,273,107,197
665,533,258,94,665,141,591,177,182,227,507,761,1156,391,321,339,457,1122,634,78,305,670,393,230,412,151,410,280,306,396,971,1915,366,614,142,717,601,132,332,719,420,118,484,270,503,617,390,694,269,421
729,651,283,115,783,171,750,228,238,334,635,868,1352,499,399,405,567,1338,783,95,411,793,454,326,501,175,525,343,386,971,606,2209,445,714,183,833,766,131,384,841,513,166,556,315,623,683,519,782,291,518
1222,1222,573,204,1457,297,1345,404,462,541,1165,1670,2511,912,714,807,1043,2599,1463,177,796,1487,798,580,927,363,970,641,713,1915,2209,2043,758,1300,330,1539,1248,265,732,1564,984,333,1048,545,1129,1363,932,1474,502,904
255,246,111,46,300,64,254,76,104,111,239,322,528,167,131,149,197,532,250,27,148,262,160,124,163,62,189,124,136,366,445,758,70,240,56,313,251,46,128,328,179,45,201,112,202,253,178,275,87,173
518,383,190,79,503,91,447,158,137,186,388,526,810,300,231,275,351,778,498,61,268,494,291,184,295,123,323,207,261,614,714,1300,240,223,106,518,446,94,228,518,328,116,348,181,370,430,280,512,177,324
106,87,52,19,105,22,94,36,40,38,86,142,199,78,62,66,66,214,118,11,73,107,63,53,79,22,90,50,71,142,183,330,56,106,13,119,92,14,53,121,64,22,88,48,99,96,80,109,39,73
549,439,190,108,560,139,541,126,176,219,462,589,951,343,269,280,362,994,510,72,299,561,279,228,332,122,340,253,285,717,833,1539,313,518,119,274,500,82,249,605,366,93,449,201,419,508,328,614,196,356
482,403,193,78,466,108,445,144,130,198,393,512,837,290,243,254,317,815,451,53,238,470,286,183,294,117,320,215,274,601,766,1248,251,446,92,500,229,73,242,475,299,116,356,177,374,440,301,471,180,322
74,83,37,18,68,21,73,29,32,31,67,84,166,52,44,50,59,164,82,8,47,93,36,38,46,19,51,43,37,132,131,265,46,94,14,82,73,5,42,83,69,12,66,32,58,77,40,91,29,57
239,206,75,36,261,39,251,65,73,94,215,287,457,179,135,147,172,452,242,27,135,274,122,107,177,60,175,119,122,332,384,732,128,228,53,249,242,42,54,281,172,52,187,106,205,233,162,265,88,157
485,499,199,94,500,121,527,176,182,216,442,609,998,339,276,283,392,976,540,65,278,545,327,219,365,147,371,212,296,719,841,1564,328,518,121,605,475,83,281,310,321,108,407,213,443,528,344,570,203,352
329,264,113,55,317,83,330,103,115,119,251,358,596,227,158,184,239,596,357,49,178,381,196,133,202,73,197,145,156,420,513,984,179,328,64,366,299,69,172,321,106,69,242,108,239,352,192,362,134,218
107,85,42,21,111,25,111,33,33,39,81,120,195,73,57,60,68,206,107,12,51,128,53,44,62,17,66,49,45,118,166,333,45,116,22,93,116,12,52,108,69,7,84,35,84,96,63,99,44,64
390,327,140,53,379,90,372,120,125,146,363,454,726,246,215,205,282,715,391,49,238,382,240,173,273,97,266,184,189,484,556,1048,201,348,88,449,356,66,187,407,242,84,153,163,335,388,249,419,144,270
190,156,70,37,187,51,195,56,70,63,158,220,391,133,95,107,142,359,197,23,89,219,112,67,122,39,114,75,101,270,315,545,112,181,48,201,177,32,106,213,108,35,163,42,135,177,122,214,71,137
445,346,150,64,398,95,368,119,127,179,343,435,696,268,177,223,306,717,393,33,203,404,213,159,231,98,269,168,218,503,623,1129,202,370,99,419,374,58,205,443,239,84,335,135,145,353,249,392,150,308
411,409,187,70,475,97,469,139,159,192,405,566,894,307,226,247,347,874,468,75,246,482,276,193,310,117,332,196,217,617,683,1363,253,430,96,508,440,77,233,528,352,96,388,177,353,209,310,489,188,308
345,262,116,64,334,71,300,107,105,132,271,342,593,203,168,184,232,575,316,38,178,324,187,139,193,75,192,139,174,390,519,932,178,280,80,328,301,40,162,344,192,63,249,122,249,310,98,309,148,219
515,469,181,76,514,108,473,163,163,192,388,599,915,344,266,273,394,925,535,64,292,518,314,199,300,123,328,240,273,694,782,1474,275,512,109,614,471,91,265,570,362,99,419,214,392,489,309,288,188,347
175,173,78,31,215,38,162,50,65,64,158,211,327,137,99,105,128,316,202,23,115,204,109,74,132,40,137,98,107,269,291,502,87,177,39,196,180,29,88,203,134,44,144,71,150,188,148,188,25,127
392,301,134,61,319,74,337,97,118,136,288,350,597,234,185,202,267,589,379,37,189,377,218,148,234,82,230,184,197,421,518,904,173,324,73,356,322,57,157,352,218,64,270,137,308,308,219,347,127,115
