306,453,216,100,492,104,487,191,176,229,472,513,871,389,305,335,413,865,540,71,337,560,349,216,372,145,371,269,313,613,742,1209,225,516,106,582,487,84,272,463,333,105,377,163,440,421,324,499,171,365
453,193,184,100,458,115,451,135,153,167,334,452,784,262,211,226,316,776,406,52,223,446,267,181,276,101,271,193,208,520,698,1271,237,419,89,461,415,96,223,467,269,90,319,159,326,409,266,484,166,326
216,184,33,32,184,47,179,61,67,86,181,205,340,126,87,101,133,345,196,21,107,195,113,83,148,54,139,89,88,230,310,587,117,166,47,192,184,43,119,219,125,33,162,71,157,198,109,231,75,134
100,100,32,6,95,14,75,28,33,35,72,103,149,48,41,40,55,148,92,10,53,79,51,34,71,24,68,37,46,104,112,201,35,88,17,104,69,13,42,80,45,19,56,25,62,78,61,84,35,51
492,458,184,95,263,106,528,163,174,233,454,602,949,381,301,311,356,934,540,66,287,567,286,222,348,136,356,221,253,668,779,1419,298,492,129,533,458,91,265,572,329,113,400,182,432,495,331,562,201,359
104,115,47,14,106,8,105,28,39,52,94,104,231,75,69,58,85,214,126,15,71,104,82,52,84,33,82,48,64,140,175,288,56,110,26,137,105,22,49,119,69,19,80,44,93,105,70,120,49,81
487,451,179,75,528,105,239,141,169,196,406,552,873,304,250,262,369,898,496,54,260,478,282,206,315,113,346,225,241,582,750,1370,261,453,121,497,438,85,254,531,317,101,353,176,392,433,310,497,191,314
191,135,61,28,163,28,141,20,49,75,144,167,289,105,76,92,109,261,161,20,81,164,96,56,109,38,79,73,72,175,243,436,84,134,25,160,150,23,72,148,101,37,111,61,128,143,95,136,46,92
176,153,67,33,174,39,169,49,28,64,153,178,273,109,92,105,111,294,172,17,81,173,92,70,110,47,109,71,69,193,275,480,100,158,31,162,153,24,78,198,117,39,101,50,122,148,96,193,62,114
229,167,86,35,233,52,196,75,64,47,170,253,367,148,105,125,157,372,207,27,139,210,127,89,129,55,142,99,129,268,302,527,102,205,43,206,204,49,102,209,130,52,165,73,162,176,116,217,71,152
472,334,181,72,454,94,406,144,153,170,180,481,735,289,252,263,312,797,455,49,260,423,241,168,249,100,292,198,210,557,612,1126,213,397,95,410,397,75,211,438,297,93,327,174,332,384,252,426,139,305
513,452,205,103,602,104,552,167,178,253,481,345,968,339,261,310,430,1008,545,81,334,594,322,214,360,137,367,254,271,716,871,1589,308,542,144,631,549,87,298,653,379,109,459,212,445,540,348,607,220,400
871,784,340,149,949,231,873,289,273,367,735,968,817,543,450,497,696,1456,896,126,489,963,584,387,607,242,633,454,433,1198,1373,2510,513,855,194,1062,842,173,491,1046,638,194,679,362,748,833,584,951,318,612
389,262,126,48,381,75,304,105,109,148,289,339,543,106,174,182,243,593,323,43,184,315,196,115,194,77,229,166,167,422,507,857,185,287,74,363,285,52,161,346,178,67,263,116,253,313,200,340,127,241
305,211,87,41,301,69,250,76,92,105,252,261,450,174,62,122,173,460,260,27,142,271,173,102,189,65,177,134,133,317,401,715,140,240,51,283,248,45,126,289,163,64,197,98,186,231,172,293,100,181
335,226,101,40,311,58,262,92,105,125,263,310,497,182,122,64,201,502,300,26,147,302,175,99,184,61,175,132,149,340,466,806,150,266,57,295,266,41,139,301,171,64,233,105,198,263,156,298,123,199
413,316,133,55,356,85,369,109,111,157,312,430,696,243,173,201,145,680,382,50,195,388,220,147,254,91,230,190,182,457,541,1039,222,367,84,398,318,62,176,364,236,77,281,141,312,319,229,399,138,265
865,776,345,148,934,214,898,261,294,372,797,1008,1456,593,460,502,680,817,919,106,511,975,519,400,592,219,608,458,468,1175,1434,2428,449,857,218,1050,852,169,444,961,612,210,684,351,752,841,567,958,322,618
540,406,196,92,540,126,496,161,172,207,455,545,896,323,260,300,382,919,258,66,270,483,308,194,346,138,371,269,259,646,768,1384,274,481,117,562,479,89,253,496,370,103,398,217,420,467,310,539,192,358
71,52,21,10,66,15,54,20,17,27,49,81,126,43,27,26,50,106,66,5,41,76,25,17,43,14,32,24,28,81,99,205,36,51,18,59,62,7,30,58,32,13,51,24,41,67,36,66,24,46
337,223,107,53,287,71,260,81,81,139,260,334,489,184,142,147,195,511,270,41,72,294,150,130,178,58,206,130,130,335,429,786,137,292,74,275,262,58,125,311,198,61,201,103,208,254,155,288,106,207
560,446,195,79,567,104,478,164,173,210,423,594,963,315,271,302,388,975,483,76,294,270,324,197,380,150,376,238,273,679,784,1469,309,458,126,583,456,84,278,546,354,117,426,204,425,525,347,564,194,345
349,267,113,51,286,82,282,96,92,127,241,322,584,196,173,175,220,519,308,25,150,324,81,119,193,68,210,148,155,364,451,873,184,261,66,322,277,45,172,306,178,75,241,106,223,275,200,309,119,202
216,181,83,34,222,52,206,56,70,89,168,214,387,115,102,99,147,400,194,17,130,197,119,41,131,42,121,102,109,237,336,593,117,166,48,220,190,42,97,208,109,39,185,71,154,179,132,186,82,127
372,276,148,71,348,84,315,109,110,129,249,360,607,194,189,184,254,592,346,43,178,380,193,131,100,70,193,143,163,420,520,938,198,295,72,332,306,54,172,351,214,78,242,124,234,265,198,365,124,214
145,101,54,24,136,33,113,38,47,55,100,137,242,77,65,61,91,219,138,14,58,150,68,42,70,14,82,66,60,166,222,338,65,122,33,132,133,21,68,133,79,26,100,38,97,122,85,133,42,75
371,271,139,68,356,82,346,79,109,142,292,367,633,229,177,175,230,608,371,32,206,376,210,121,193,82,110,158,160,430,560,964,190,299,87,339,354,56,170,378,222,70,260,113,271,308,243,362,139,233
269,193,89,37,221,48,225,73,71,99,198,254,454,166,134,132,190,458,269,24,130,238,148,102,143,66,158,53,120,287,340,684,135,214,62,229,218,39,132,265,160,55,184,83,202,218,145,249,91,183
313,208,88,46,253,64,241,72,69,129,210,271,433,167,133,149,182,468,259,28,130,273,155,109,163,60,160,120,45,310,366,707,162,233,63,247,253,43,122,285,152,41,213,96,220,213,169,253,109,185
613,520,230,104,668,140,582,175,193,268,557,716,1198,422,317,340,457,1175,646,81,335,679,364,237,420,166,430,287,310,414,954,1773,327,584,154,632,600,113,338,694,440,139,502,264,530,661,377,705,254,426
742,698,310,112,779,175,750,243,275,302,612,871,1373,507,401,466,541,1434,768,99,429,784,451,336,520,222,560,340,366,954,606,2157,430,732,162,827,679,123,420,845,530,162,571,300,635,708,464,786,290,496
1209,1271,587,201,1419,288,1370,436,480,527,1126,1589,2510,857,715,806,1039,2428,1384,205,786,1469,873,593,938,338,964,684,707,1773,2157,1946,737,1330,295,1580,1286,232,694,1534,1030,288,1058,545,1144,1283,933,1514,507,895
225,237,117,35,298,56,261,84,100,102,213,308,513,185,140,150,222,449,274,36,137,309,184,117,198,65,190,135,162,327,430,737,80,256,56,316,251,46,145,330,187,54,175,105,229,266,179,279,89,167
516,419,166,88,492,110,453,134,158,205,397,542,855,287,240,266,367,857,481,51,292,458,261,166,295,122,299,214,233,584,732,1330,256,242,96,510,457,88,240,489,317,108,378,182,358,444,313,531,172,326
106,89,47,17,129,26,121,25,31,43,95,144,194,74,51,57,84,218,117,18,74,126,66,48,72,33,87,62,63,154,162,295,56,96,8,127,106,19,60,125,97,21,89,41,106,98,68,140,36,62
582,461,192,104,533,137,497,160,162,206,410,631,1062,363,283,295,398,1050,562,59,275,583,322,220,332,132,339,229,247,632,827,1580,316,510,127,290,495,82,280,559,330,100,445,207,452,496,333,557,221,379
487,415,184,69,458,105,438,150,153,204,397,549,842,285,248,266,318,852,479,62,262,456,277,190,306,133,354,218,253,600,679,1286,251,457,106,495,230,76,232,522,326,93,376,161,368,425,288,514,169,299
84,96,43,13,91,22,85,23,24,49,75,87,173,52,45,41,62,169,89,7,58,84,45,42,54,21,56,39,43,113,123,232,46,88,19,82,76,8,34,87,59,17,61,33,56,79,57,89,32,58
272,223,119,42,265,49,254,72,78,102,211,298,491,161,126,139,176,444,253,30,125,278,172,97,172,68,170,132,122,338,420,694,145,240,60,280,232,34,71,289,167,47,194,94,211,228,163,254,90,166
463,467,219,80,572,119,531,148,198,209,438,653,1046,346,289,301,364,961,496,58,311,546,306,208,351,133,378,265,285,694,845,1534,330,489,125,559,522,87,289,268,330,107,387,212,468,477,315,595,216,362
333,269,125,45,329,69,317,101,117,130,297,379,638,178,163,171,236,612,370,32,198,354,178,109,214,79,222,160,152,440,530,1030,187,317,97,330,326,59,167,330,118,73,257,114,255,313,214,321,126,225
105,90,33,19,113,19,101,37,39,52,93,109,194,67,64,64,77,210,103,13,61,117,75,39,78,26,70,55,41,139,162,288,54,108,21,100,93,17,47,107,73,13,91,39,78,90,64,116,41,68
377,319,162,56,400,80,353,111,101,165,327,459,679,263,197,233,281,684,398,51,201,426,241,185,242,100,260,184,213,502,571,1058,175,378,89,445,376,61,194,387,257,91,148,151,312,375,230,377,153,267
163,159,71,25,182,44,176,61,50,73,174,212,362,116,98,105,141,351,217,24,103,204,106,71,124,38,113,83,96,264,300,545,105,182,41,207,161,33,94,212,114,39,151,35,154,184,103,199,62,128
440,326,157,62,432,93,392,128,122,162,332,445,748,253,186,198,312,752,420,41,208,425,223,154,234,97,271,202,220,530,635,1144,229,358,106,452,368,56,211,468,255,78,312,154,157,346,245,423,143,253
421,409,198,78,495,105,433,143,148,176,384,540,833,313,231,263,319,841,467,67,254,525,275,179,265,122,308,218,213,661,708,1283,266,444,98,496,425,79,228,477,313,90,375,184,346,193,288,445,175,313
324,266,109,61,331,70,310,95,96,116,252,348,584,200,172,156,229,567,310,36,155,347,200,132,198,85,243,145,169,377,464,933,179,313,68,333,288,57,163,315,214,64,230,103,245,288,104,362,115,206
499,484,231,84,562,120,497,136,193,217,426,607,951,340,293,298,399,958,539,66,288,564,309,186,365,133,362,249,253,705,786,1514,279,531,140,557,514,89,254,595,321,116,377,199,423,445,362,239,217,357
171,166,75,35,201,49,191,46,62,71,139,220,318,127,100,123,138,322,192,24,106,194,119,82,124,42,139,91,109,254,290,507,89,172,36,221,169,32,90,216,126,41,153,62,143,175,115,217,31,115
365,326,134,51,359,81,314,92,114,152,305,400,612,241,181,199,265,618,358,46,207,345,202,127,214,75,233,183,185,426,496,895,167,326,62,379,299,58,166,362,225,68,267,128,253,313,206,357,115,120
