258,471,238,89,540,121,498,187,155,237,455,518,806,394,333,356,361,855,527,79,308,577,365,232,363,151,377,271,314,667,750,1183,248,484,133,488,505,93,261,492,340,103,384,185,460,434,345,506,163,379
471,194,176,95,439,116,450,127,122,154,378,490,814,277,225,245,338,766,463,55,243,447,258,175,302,106,302,195,234,535,721,1296,270,420,100,448,431,63,202,488,289,84,339,148,353,417,261,468,168,280
238,176,32,38,195,44,214,76,56,75,167,221,369,111,101,119,149,375,212,28,99,229,104,81,107,54,136,85,99,276,322,604,140,153,45,205,182,38,109,222,134,46,162,92,176,180,130,219,63,126
89,95,38,6,78,20,69,30,22,28,79,89,147,55,48,63,67,145,81,7,53,82,57,32,64,22,73,48,42,99,116,237,43,74,28,101,72,20,51,86,68,17,71,24,77,71,70,93,30,70
540,439,195,78,258,110,462,171,163,204,414,580,926,349,259,277,398,940,514,63,283,541,294,200,343,127,342,278,252,670,832,1446,262,470,127,564,450,104,274,547,379,109,401,171,423,511,330,551,192,342
121,116,44,20,110,15,116,40,34,50,111,137,201,80,69,84,83,207,114,14,64,108,77,40,85,26,85,55,52,146,175,312,48,112,35,135,116,24,64,134,75,32,114,38,107,112,87,121,38,97
498,450,214,69,462,116,221,141,141,172,371,572,873,320,268,286,375,893,489,50,265,477,320,194,320,128,333,233,226,616,738,1297,260,463,109,511,483,99,227,542,338,100,365,189,402,455,300,502,166,347
187,127,76,30,171,40,141,21,46,51,118,170,273,91,92,105,112,276,165,17,81,168,76,69,114,43,97,60,70,183,239,418,87,141,38,161,148,21,67,158,98,34,118,53,127,154,99,154,71,114
155,122,56,22,163,34,141,46,23,66,129,176,305,103,90,99,121,314,168,14,100,170,94,70,88,42,101,76,91,217,281,489,107,148,39,159,131,28,81,166,120,26,138,58,136,153,110,184,66,110
237,154,75,28,204,50,172,51,66,60,188,224,368,143,118,125,163,356,192,21,123,207,128,82,142,44,124,102,94,287,303,547,118,177,44,205,195,43,112,226,131,40,168,83,167,200,129,219,57,174
455,378,167,79,414,111,371,118,129,188,193,459,765,289,232,251,326,753,412,50,241,448,253,171,288,97,272,204,204,546,634,1163,237,383,81,480,402,80,212,453,302,75,309,157,350,394,278,444,130,313
518,490,221,89,580,137,572,170,176,224,459,346,1074,361,284,326,397,1126,586,58,315,581,321,241,349,125,351,256,269,744,848,1691,307,545,109,605,541,100,294,654,394,111,460,222,453,501,346,612,208,375
806,814,369,147,926,201,873,273,305,368,765,1074,853,556,469,523,628,1549,929,117,510,946,508,388,582,231,627,419,454,1153,1401,2602,475,844,225,941,855,135,467,1056,631,194,691,371,724,874,569,968,336,567
394,277,111,55,349,80,320,91,103,143,289,361,556,104,170,160,266,550,324,42,154,316,213,138,205,62,210,136,157,400,482,890,157,328,77,386,321,44,157,355,210,59,229,131,259,273,190,317,125,217
333,225,101,48,259,69,268,92,90,118,232,284,469,170,83,152,198,493,289,22,139,314,156,123,175,64,172,114,133,323,444,774,157,229,67,268,278,45,130,323,170,51,200,103,249,234,164,296,105,158
356,245,119,63,277,84,286,105,99,125,251,326,523,160,152,76,205,510,278,25,164,300,169,125,186,68,175,127,142,324,431,828,176,257,67,285,292,48,141,339,181,55,218,115,228,259,173,305,109,163
361,338,149,67,398,83,375,112,121,163,326,397,628,266,198,205,118,660,381,51,204,392,222,148,237,87,237,161,180,454,604,1000,179,373,75,373,322,55,163,398,253,73,283,163,309,343,238,365,136,235
855,766,375,145,940,207,893,276,314,356,753,1126,1549,550,493,510,660,812,918,110,494,956,530,377,577,229,618,421,455,1109,1394,2586,527,827,198,932,906,113,470,1026,627,182,688,353,750,911,560,971,324,594
527,463,212,81,514,114,489,165,168,192,412,586,929,324,289,278,381,918,279,59,270,498,330,203,338,134,339,236,281,653,757,1432,257,443,111,561,511,89,250,569,371,103,367,168,378,480,290,509,184,349
79,55,28,7,63,14,50,17,14,21,50,58,117,42,22,25,51,110,59,1,33,65,40,19,34,7,29,27,27,85,109,185,28,52,12,65,61,9,34,82,44,10,55,19,41,49,33,72,22,54
308,243,99,53,283,64,265,81,100,123,241,315,510,154,139,164,204,494,270,33,72,275,145,116,191,69,191,135,131,340,407,791,155,251,70,253,255,41,128,332,202,61,237,104,222,253,174,273,115,207
577,447,229,82,541,108,477,168,170,207,448,581,946,316,314,300,392,956,498,65,275,289,328,215,328,129,340,240,274,665,777,1477,280,481,128,534,497,76,257,574,386,112,382,177,401,442,314,508,187,365
365,258,104,57,294,77,320,76,94,128,253,321,508,213,156,169,222,530,330,40,145,328,79,136,188,68,190,141,152,385,470,815,152,287,67,324,291,42,135,308,196,51,222,125,253,261,153,319,112,195
232,175,81,32,200,40,194,69,70,82,171,241,388,138,123,125,148,377,203,19,116,215,136,39,121,48,135,91,102,234,299,597,122,194,50,190,217,26,93,225,144,42,145,79,171,174,123,190,80,126
363,302,107,64,343,85,320,114,88,142,288,349,582,205,175,186,237,577,338,34,191,328,188,121,115,77,217,168,162,411,497,967,185,289,67,352,290,45,163,334,231,56,259,131,256,293,213,363,121,218
151,106,54,22,127,26,128,43,42,44,97,125,231,62,64,68,87,229,134,7,69,129,68,48,77,17,86,53,59,139,190,352,69,119,28,131,114,17,65,143,95,15,99,48,93,119,80,150,45,84
377,302,136,73,342,85,333,97,101,124,272,351,627,210,172,175,237,618,339,29,191,340,190,135,217,86,118,149,168,437,544,947,186,328,75,333,323,43,162,368,259,59,240,122,274,310,195,361,137,220
271,195,85,48,278,55,233,60,76,102,204,256,419,136,114,127,161,421,236,27,135,240,141,91,168,53,149,70,127,272,368,685,132,232,45,234,229,42,125,239,152,47,167,84,203,223,154,240,76,182
314,234,99,42,252,52,226,70,91,94,204,269,454,157,133,142,180,455,281,27,131,274,152,102,162,59,168,127,61,318,371,713,141,230,59,282,248,41,119,267,201,55,220,107,219,258,168,296,91,175
667,535,276,99,670,146,616,183,217,287,546,744,1153,400,323,324,454,1109,653,85,340,665,385,234,411,139,437,272,318,380,1017,1830,357,583,167,642,579,92,284,720,429,129,481,295,500,595,405,707,268,435
750,721,322,116,832,175,738,239,281,303,634,848,1401,482,444,431,604,1394,757,109,407,777,470,299,497,190,544,368,371,1017,569,2175,443,717,193,813,704,142,376,853,584,171,577,291,563,716,485,826,295,485
1183,1296,604,237,1446,312,1297,418,489,547,1163,1691,2602,890,774,828,1000,2586,1432,185,791,1477,815,597,967,352,947,685,713,1830,2175,1972,750,1353,322,1472,1345,232,725,1601,995,288,1034,548,1128,1377,931,1505,508,943
248,270,140,43,262,48,260,87,107,118,237,307,475,157,157,176,179,527,257,28,155,280,152,122,185,69,186,132,141,357,443,750,67,230,72,287,276,41,125,308,189,57,232,108,246,261,182,296,82,180
484,420,153,74,470,112,463,141,148,177,383,545,844,328,229,257,373,827,443,52,251,481,287,194,289,119,328,232,230,583,717,1353,230,224,126,504,448,86,258,539,316,82,354,185,391,477,287,483,178,320
133,100,45,28,127,35,109,38,39,44,81,109,225,77,67,67,75,198,111,12,70,128,67,50,67,28,75,45,59,167,193,322,72,126,11,123,109,18,56,140,88,22,82,41,83,105,81,123,40,74
488,448,205,101,564,135,511,161,159,205,480,605,941,386,268,285,373,932,561,65,253,534,324,190,352,131,333,234,282,642,813,1472,287,504,123,270,491,91,250,576,352,109,416,192,413,488,306,547,209,332
505,431,182,72,450,116,483,148,131,195,402,541,855,321,278,292,322,906,511,61,255,497,291,217,290,114,323,229,248,579,704,1345,276,448,109,491,211,92,230,539,329,87,350,175,383,419,297,528,180,291
93,63,38,20,104,24,99,21,28,43,80,100,135,44,45,48,55,113,89,9,41,76,42,26,45,17,43,42,41,92,142,232,41,86,18,91,92,6,45,101,54,15,60,30,58,75,49,89,31,70
261,202,109,51,274,64,227,67,81,112,212,294,467,157,130,141,163,470,250,34,128,257,135,93,163,65,162,125,119,284,376,725,125,258,56,250,230,45,53,268,183,53,198,98,189,240,163,245,98,174
492,488,222,86,547,134,542,158,166,226,453,654,1056,355,323,339,398,1026,569,82,332,574,308,225,334,143,368,239,267,720,853,1601,308,539,140,576,539,101,268,281,376,112,410,201,442,527,373,593,197,347
340,289,134,68,379,75,338,98,120,131,302,394,631,210,170,181,253,627,371,44,202,386,196,144,231,95,259,152,201,429,584,995,189,316,88,352,329,54,183,376,119,75,232,124,303,341,198,367,106,224
103,84,46,17,109,32,100,34,26,40,75,111,194,59,51,55,73,182,103,10,61,112,51,42,56,15,59,47,55,129,171,288,57,82,22,109,87,15,53,112,75,10,73,27,82,100,63,112,26,74
384,339,162,71,401,114,365,118,138,168,309,460,691,229,200,218,283,688,367,55,237,382,222,145,259,99,240,167,220,481,577,1034,232,354,82,416,350,60,198,410,232,73,149,145,286,386,222,394,129,290
185,148,92,24,171,38,189,53,58,83,157,222,371,131,103,115,163,353,168,19,104,177,125,79,131,48,122,84,107,295,291,548,108,185,41,192,175,30,98,201,124,27,145,35,173,163,99,217,75,126
460,353,176,77,423,107,402,127,136,167,350,453,724,259,249,228,309,750,378,41,222,401,253,171,256,93,274,203,219,500,563,1128,246,391,83,413,383,58,189,442,303,82,286,173,170,361,247,425,159,259
434,417,180,71,511,112,455,154,153,200,394,501,874,273,234,259,343,911,480,49,253,442,261,174,293,119,310,223,258,595,716,1377,261,477,105,488,419,75,240,527,341,100,386,163,361,217,284,493,176,290
345,261,130,70,330,87,300,99,110,129,278,346,569,190,164,173,238,560,290,33,174,314,153,123,213,80,195,154,168,405,485,931,182,287,81,306,297,49,163,373,198,63,222,99,247,284,92,335,126,199
506,468,219,93,551,121,502,154,184,219,444,612,968,317,296,305,365,971,509,72,273,508,319,190,363,150,361,240,296,707,826,1505,296,483,123,547,528,89,245,593,367,112,394,217,425,493,335,255,192,363
163,168,63,30,192,38,166,71,66,57,130,208,336,125,105,109,136,324,184,22,115,187,112,80,121,45,137,76,91,268,295,508,82,178,40,209,180,31,98,197,106,26,129,75,159,176,126,192,34,114
379,280,126,70,342,97,347,114,110,174,313,375,567,217,158,163,235,594,349,54,207,365,195,126,218,84,220,182,175,435,485,943,180,320,74,332,291,70,174,347,224,74,290,126,259,290,199,363,114,117
