254,448,221,78,537,110,483,194,183,253,443,474,818,403,334,355,391,807,512,71,320,536,335,206,382,148,349,277,275,570,695,1185,231,480,121,462,493,101,247,470,293,103,366,184,423,425,313,486,165,377
448,192,162,80,424,99,425,125,160,186,405,467,803,268,210,220,309,770,455,64,240,450,275,187,280,117,296,218,199,549,660,1190,240,402,85,409,393,67,222,482,296,105,359,180,324,400,280,433,145,294
221,162,40,41,225,45,179,71,62,100,194,233,348,120,90,93,147,339,198,18,101,207,119,81,148,46,125,92,93,242,303,540,102,185,55,206,197,24,103,204,122,43,164,77,172,164,133,218,73,141
78,80,41,7,97,20,78,29,29,35,71,98,160,65,47,50,58,158,94,10,56,95,57,37,58,21,57,47,44,122,123,225,48,71,19,84,89,10,46,96,63,26,78,33,77,74,55,92,28,70
537,424,225,97,253,108,502,168,180,205,435,610,934,326,255,292,359,923,518,71,273,513,298,195,356,146,371,249,262,625,743,1423,260,439,101,538,468,92,249,516,333,105,396,165,429,447,326,547,170,307
110,99,45,20,108,12,120,34,26,43,85,128,183,74,64,66,72,193,108,13,69,108,67,52,70,34,86,66,52,148,167,278,59,104,27,116,106,14,50,123,88,24,81,48,95,99,68,115,33,72
483,425,179,78,502,120,203,150,166,204,381,549,841,304,278,302,345,838,476,59,300,501,307,202,318,107,327,236,236,625,744,1376,262,457,112,502,436,65,268,499,310,114,363,184,390,433,313,473,168,353
194,125,71,29,168,34,150,21,49,87,128,172,270,104,95,75,135,280,154,13,90,167,113,65,116,35,100,69,85,179,255,471,93,130,35,173,131,32,67,196,101,30,122,49,128,152,107,157,56,108
183,160,62,29,180,26,166,49,35,76,138,180,270,101,94,112,115,283,172,19,87,181,97,76,113,41,107,76,86,196,261,462,76,146,42,202,179,27,98,155,98,36,143,51,151,145,104,171,68,121
253,186,100,35,205,43,204,87,76,45,145,225,366,145,122,129,157,349,200,22,115,202,142,94,142,56,154,89,108,236,328,524,109,206,50,219,172,40,108,214,124,45,172,78,173,206,145,214,71,144
443,405,194,71,435,85,381,128,138,145,174,427,695,278,213,259,294,717,395,49,238,417,238,192,290,124,318,203,198,512,624,1131,208,380,100,467,388,70,222,447,267,89,353,155,366,391,257,449,133,289
474,467,233,98,610,128,549,172,180,225,427,295,983,348,304,313,395,959,550,90,336,569,331,229,347,114,349,250,284,707,784,1529,303,564,130,563,506,94,276,622,352,107,439,204,420,516,344,584,200,344
818,803,348,160,934,183,841,270,270,366,695,983,764,559,483,553,685,1433,894,126,502,868,550,365,556,220,614,440,455,1137,1353,2303,458,835,192,1003,808,123,477,937,579,205,689,337,729,809,566,877,308,610
403,268,120,65,326,74,304,104,101,145,278,348,559,115,147,185,234,599,334,38,170,343,169,116,220,89,219,156,162,381,499,915,174,308,69,344,303,55,151,357,189,69,257,130,281,296,213,351,120,241
334,210,90,47,255,64,278,95,94,122,213,304,483,147,75,145,193,508,249,20,143,289,151,106,144,60,170,107,137,320,409,781,155,237,63,277,240,45,151,276,158,79,218,100,195,234,169,305,100,175
355,220,93,50,292,66,302,75,112,129,259,313,553,185,145,77,218,557,304,28,166,338,151,136,190,63,192,110,156,341,443,848,170,271,63,298,265,40,127,331,183,67,240,106,239,263,177,339,107,174
391,309,147,58,359,72,345,135,115,157,294,395,685,234,193,218,147,704,425,47,197,399,246,167,242,80,250,155,185,471,569,1067,181,331,98,391,348,58,175,413,228,72,302,149,296,332,260,378,138,246
807,770,339,158,923,193,838,280,283,349,717,959,1433,599,508,557,704,752,863,110,494,893,523,372,590,235,626,425,468,1096,1311,2364,483,843,210,986,813,158,452,920,591,169,672,343,723,829,572,910,350,639
512,455,198,94,518,108,476,154,172,200,395,550,894,334,249,304,425,863,243,73,296,489,350,208,313,127,342,236,254,622,792,1422,255,498,111,537,482,88,256,547,324,94,418,202,405,432,323,522,202,364
71,64,18,10,71,13,59,13,19,22,49,90,126,38,20,28,47,110,73,4,42,64,40,21,44,14,37,24,38,80,97,166,33,59,13,80,50,10,27,70,36,14,43,21,52,51,40,74,17,44
320,240,101,56,273,69,300,90,87,115,238,336,502,170,143,166,197,494,296,42,68,312,154,124,172,67,164,133,142,352,427,780,146,249,61,284,279,49,136,303,172,66,221,114,222,257,174,291,120,195
536,450,207,95,513,108,501,167,181,202,417,569,868,343,289,338,399,893,489,64,312,263,334,199,316,125,347,237,290,622,700,1426,244,486,117,557,485,88,270,534,315,102,402,201,398,463,332,530,186,361
335,275,119,57,298,67,307,113,97,142,238,331,550,169,151,151,246,523,350,40,154,334,74,119,186,57,198,122,164,368,460,918,177,270,68,293,275,44,156,326,192,88,262,107,224,283,174,320,103,180
206,187,81,37,195,52,202,65,76,94,192,229,365,116,106,136,167,372,208,21,124,199,119,37,129,42,146,108,116,264,316,584,114,201,53,219,183,36,100,213,129,46,155,83,158,166,107,210,69,162
382,280,148,58,356,70,318,116,113,142,290,347,556,220,144,190,242,590,313,44,172,316,186,129,109,77,221,167,163,417,490,944,187,291,67,366,271,52,168,344,212,65,262,132,240,302,189,360,93,251
148,117,46,21,146,34,107,35,41,56,124,114,220,89,60,63,80,235,127,14,67,125,57,42,77,16,73,63,54,172,178,347,67,129,26,141,114,22,67,124,84,29,119,51,100,126,71,146,38,85
349,296,125,57,371,86,327,100,107,154,318,349,614,219,170,192,250,626,342,37,164,347,198,146,221,73,112,158,176,458,525,939,180,331,83,346,315,46,180,381,212,70,299,151,278,299,209,377,109,237
277,218,92,47,249,66,236,69,76,89,203,250,440,156,107,110,155,425,236,24,133,237,122,108,167,63,158,50,129,301,380,647,130,215,57,248,241,33,107,294,175,55,179,86,207,210,155,253,82,160
275,199,93,44,262,52,236,85,86,108,198,284,455,162,137,156,185,468,254,38,142,290,164,116,163,54,176,129,68,338,424,731,144,214,59,244,237,43,119,278,176,56,216,104,227,237,151,293,96,165
570,549,242,122,625,148,625,179,196,236,512,707,1137,381,320,341,471,1096,622,80,352,622,368,264,417,172,458,301,338,381,942,1803,344,579,136,643,551,120,320,671,409,144,454,229,482,572,385,668,236,381
695,660,303,123,743,167,744,255,261,328,624,784,1353,499,409,443,569,1311,792,97,427,700,460,316,490,178,525,380,424,942,570,2073,381,683,150,819,689,124,405,819,484,157,575,271,581,646,469,742,252,573
1185,1190,540,225,1423,278,1376,471,462,524,1131,1529,2303,915,781,848,1067,2364,1422,166,780,1426,918,584,944,347,939,647,731,1803,2073,1825,707,1295,297,1500,1313,226,726,1442,925,260,1048,481,1093,1285,848,1412,489,968
231,240,102,48,260,59,262,93,76,109,208,303,458,174,155,170,181,483,255,33,146,244,177,114,187,67,180,130,144,344,381,707,70,246,57,254,257,43,146,285,207,61,212,109,212,242,155,285,85,178
480,402,185,71,439,104,457,130,146,206,380,564,835,308,237,271,331,843,498,59,249,486,270,201,291,129,331,215,214,579,683,1295,246,209,106,494,435,68,253,509,322,104,366,172,380,405,289,547,185,340
121,85,55,19,101,27,112,35,42,50,100,130,192,69,63,63,98,210,111,13,61,117,68,53,67,26,83,57,59,136,150,297,57,106,14,122,116,21,53,110,67,17,74,41,89,94,64,121,50,79
462,409,206,84,538,116,502,173,202,219,467,563,1003,344,277,298,391,986,537,80,284,557,293,219,366,141,346,248,244,643,819,1500,254,494,122,278,508,75,245,533,324,99,475,168,408,514,319,582,204,361
493,393,197,89,468,106,436,131,179,172,388,506,808,303,240,265,348,813,482,50,279,485,275,183,271,114,315,241,237,551,689,1313,257,435,116,508,224,80,226,489,319,97,382,188,390,441,296,469,164,333
101,67,24,10,92,14,65,32,27,40,70,94,123,55,45,40,58,158,88,10,49,88,44,36,52,22,46,33,43,120,124,226,43,68,21,75,80,6,54,90,45,17,54,34,59,67,41,73,25,58
247,222,103,46,249,50,268,67,98,108,222,276,477,151,151,127,175,452,256,27,136,270,156,100,168,67,180,107,119,320,405,726,146,253,53,245,226,54,52,282,165,44,185,92,206,229,178,233,87,168
470,482,204,96,516,123,499,196,155,214,447,622,937,357,276,331,413,920,547,70,303,534,326,213,344,124,381,294,278,671,819,1442,285,509,110,533,489,90,282,274,359,113,401,200,439,468,301,533,184,379
293,296,122,63,333,88,310,101,98,124,267,352,579,189,158,183,228,591,324,36,172,315,192,129,212,84,212,175,176,409,484,925,207,322,67,324,319,45,165,359,113,66,267,127,246,294,213,312,130,240
103,105,43,26,105,24,114,30,36,45,89,107,205,69,79,67,72,169,94,14,66,102,88,46,65,29,70,55,56,144,157,260,61,104,17,99,97,17,44,113,66,13,79,31,83,78,66,80,34,84
366,359,164,78,396,81,363,122,143,172,353,439,689,257,218,240,302,672,418,43,221,402,262,155,262,119,299,179,216,454,575,1048,212,366,74,475,382,54,185,401,267,79,134,135,315,370,262,360,139,260
184,180,77,33,165,48,184,49,51,78,155,204,337,130,100,106,149,343,202,21,114,201,107,83,132,51,151,86,104,229,271,481,109,172,41,168,188,34,92,200,127,31,135,32,178,179,108,227,70,138
423,324,172,77,429,95,390,128,151,173,366,420,729,281,195,239,296,723,405,52,222,398,224,158,240,100,278,207,227,482,581,1093,212,380,89,408,390,59,206,439,246,83,315,178,165,372,238,417,148,292
425,400,164,74,447,99,433,152,145,206,391,516,809,296,234,263,332,829,432,51,257,463,283,166,302,126,299,210,237,572,646,1285,242,405,94,514,441,67,229,468,294,78,370,179,372,206,284,442,162,317
313,280,133,55,326,68,313,107,104,145,257,344,566,213,169,177,260,572,323,40,174,332,174,107,189,71,209,155,151,385,469,848,155,289,64,319,296,41,178,301,213,66,262,108,238,284,108,346,104,248
486,433,218,92,547,115,473,157,171,214,449,584,877,351,305,339,378,910,522,74,291,530,320,210,360,146,377,253,293,668,742,1412,285,547,121,582,469,73,233,533,312,80,360,227,417,442,346,250,195,355
165,145,73,28,170,33,168,56,68,71,133,200,308,120,100,107,138,350,202,17,120,186,103,69,93,38,109,82,96,236,252,489,85,185,50,204,164,25,87,184,130,34,139,70,148,162,104,195,29,146
377,294,141,70,307,72,353,108,121,144,289,344,610,241,175,174,246,639,364,44,195,361,180,162,251,85,237,160,165,381,573,968,178,340,79,361,333,58,168,379,240,84,260,138,292,317,248,355,146,116
