266,469,238,101,536,99,449,179,175,238,473,498,792,365,294,338,379,814,542,78,343,542,354,231,401,155,389,287,307,619,746,1177,253,477,99,533,507,81,265,469,334,100,366,173,450,443,346,502,163,405
469,182,185,78,446,96,428,134,141,170,329,502,869,275,229,251,317,876,449,45,209,438,255,164,284,107,299,208,209,585,676,1280,259,398,100,466,415,81,201,477,304,78,333,147,342,374,265,470,179,275
238,185,38,31,191,41,221,65,79,77,182,237,378,129,103,118,157,362,233,27,92,192,133,89,142,56,143,79,87,236,304,590,102,207,42,205,193,27,84,251,137,47,186,86,160,181,111,239,85,142
101,78,31,5,81,18,78,28,33,36,72,99,148,70,42,51,55,167,87,14,50,96,44,28,58,15,48,35,55,106,124,219,36,78,23,94,74,17,48,94,62,20,65,38,68,73,71,71,31,59
536,446,191,81,256,131,495,144,147,225,475,585,938,321,268,285,383,937,510,62,281,488,313,221,345,128,321,261,238,626,726,1452,301,475,123,554,486,104,249,534,346,101,356,185,424,463,306,523,199,355
99,96,41,18,131,12,99,34,38,50,91,128,208,79,61,82,72,231,96,14,81,93,77,26,90,21,64,57,55,146,158,308,67,111,29,124,105,22,53,126,91,19,81,38,94,110,91,100,43,70
449,428,221,78,495,99,229,174,170,203,389,533,838,331,257,262,353,888,504,56,252,525,310,185,310,120,300,246,221,597,708,1316,252,469,108,569,468,86,253,528,316,106,367,189,360,449,331,489,182,360
179,134,65,28,144,34,174,14,60,67,131,165,252,102,77,76,126,272,153,18,76,153,97,47,107,34,118,70,90,192,248,437,78,129,39,150,143,29,70,173,108,36,103,70,111,150,99,184,47,131
175,141,79,33,147,38,170,60,19,68,129,163,294,108,73,83,130,292,182,22,70,152,111,66,125,37,116,72,80,217,240,474,89,141,35,162,151,24,94,198,107,38,133,65,132,173,112,188,57,118
238,170,77,36,225,50,203,67,68,50,164,236,396,136,131,132,160,360,223,26,127,239,133,95,124,68,142,99,109,262,302,548,114,195,35,223,216,39,101,202,129,38,160,75,156,161,119,206,61,142
473,329,182,72,475,91,389,131,129,164,169,472,756,278,210,224,316,768,423,66,267,449,266,170,273,111,271,208,225,557,595,1178,223,397,76,483,429,70,213,438,269,88,330,152,347,363,275,431,137,300
498,502,237,99,585,128,533,165,163,236,472,326,996,349,304,337,413,1043,575,60,305,578,309,251,384,137,370,260,281,684,868,1623,321,522,157,584,564,89,276,609,376,138,450,216,475,585,377,599,212,361
792,869,378,148,938,208,838,252,294,396,756,996,849,617,508,546,640,1521,927,131,529,919,551,360,586,240,611,435,440,1181,1377,2495,501,849,237,965,840,176,438,975,614,182,716,368,745,913,588,936,370,558
365,275,129,70,321,79,331,102,108,136,278,349,617,100,183,178,236,594,319,33,211,362,204,129,201,73,222,124,141,402,489,879,177,330,54,347,311,48,159,335,197,65,236,128,246,293,205,339,108,237
294,229,103,42,268,61,257,77,73,131,210,304,508,183,76,140,211,480,268,22,152,266,168,106,190,81,204,124,140,346,377,750,135,261,50,273,272,47,144,261,162,67,215,110,199,246,159,286,109,200
338,251,118,51,285,82,262,76,83,132,224,337,546,178,140,82,218,531,302,30,156,299,155,108,179,68,184,132,139,362,414,796,147,287,61,313,285,50,143,285,189,62,241,106,215,293,162,301,126,208
379,317,157,55,383,72,353,126,130,160,316,413,640,236,211,218,152,660,372,39,205,376,258,167,281,98,273,155,192,457,563,1046,216,335,90,365,327,65,174,402,238,91,278,160,314,298,243,380,136,268
814,876,362,167,937,231,888,272,292,360,768,1043,1521,594,480,531,660,852,905,115,510,918,540,343,598,220,618,437,443,1166,1404,2519,506,804,222,973,888,174,479,1026,616,198,760,374,719,879,606,920,367,568
542,449,233,87,510,96,504,153,182,223,423,575,927,319,268,302,372,905,266,60,298,503,317,225,321,126,349,227,257,617,784,1496,286,447,99,550,489,95,247,572,393,100,385,186,405,431,311,513,190,368
78,45,27,14,62,14,56,18,22,26,66,60,131,33,22,30,39,115,60,3,24,57,26,18,25,17,36,34,28,87,98,175,33,70,16,60,70,16,37,54,28,9,53,31,46,66,43,54,33,35
343,209,92,50,281,81,252,76,70,127,267,305,529,211,152,156,205,510,298,24,87,291,168,111,172,61,196,125,139,344,442,819,145,276,75,260,294,45,132,310,168,60,222,89,243,265,143,291,119,190
542,438,192,96,488,93,525,153,152,239,449,578,919,362,266,299,376,918,503,57,291,278,301,220,312,122,367,262,230,624,785,1451,292,496,129,572,529,94,243,556,365,113,381,188,425,465,313,550,199,350
354,255,133,44,313,77,310,97,111,133,266,309,551,204,168,155,258,540,317,26,168,301,101,120,198,86,193,139,145,403,437,830,159,289,63,298,305,39,147,309,195,61,248,111,228,281,172,327,113,213
231,164,89,28,221,26,185,47,66,95,170,251,360,129,106,108,167,343,225,18,111,220,120,35,106,52,135,108,101,248,314,571,113,181,46,215,188,25,88,232,144,48,159,77,123,167,126,173,80,123
401,284,142,58,345,90,310,107,125,124,273,384,586,201,190,179,281,598,321,25,172,312,198,106,103,76,194,150,153,408,524,954,186,305,64,331,342,52,186,379,236,74,258,142,226,308,226,360,132,245
155,107,56,15,128,21,120,34,37,68,111,137,240,73,81,68,98,220,126,17,61,122,86,52,76,13,70,60,70,151,191,348,71,130,30,127,102,14,66,143,87,27,109,37,97,104,78,131,51,90
389,299,143,48,321,64,300,118,116,142,271,370,611,222,204,184,273,618,349,36,196,367,193,135,194,70,108,155,168,425,514,964,212,314,62,362,301,48,162,371,221,69,280,134,249,313,188,363,118,235
287,208,79,35,261,57,246,70,72,99,208,260,435,124,124,132,155,437,227,34,125,262,139,108,150,60,155,65,122,294,381,661,134,214,56,234,227,37,131,251,138,55,157,75,183,213,166,254,87,153
307,209,87,55,238,55,221,90,80,109,225,281,440,141,140,139,192,443,257,28,139,230,145,101,153,70,168,122,67,296,384,712,128,251,53,284,239,42,123,275,173,46,195,88,210,220,117,258,96,173
619,585,236,106,626,146,597,192,217,262,557,684,1181,402,346,362,457,1166,617,87,344,624,403,248,408,151,425,294,296,411,968,1885,368,568,127,671,647,116,301,680,427,121,505,252,487,617,396,643,240,410
746,676,304,124,726,158,708,248,240,302,595,868,1377,489,377,414,563,1404,784,98,442,785,437,314,524,191,514,381,384,968,585,2159,407,752,170,843,706,142,358,831,540,144,573,283,627,708,496,784,279,456
1177,1280,590,219,1452,308,1316,437,474,548,1178,1623,2495,879,750,796,1046,2519,1496,175,819,1451,830,571,954,348,964,661,712,1885,2159,1988,763,1341,313,1526,1268,241,712,1516,975,282,1103,551,1104,1332,882,1453,503,944
253,259,102,36,301,67,252,78,89,114,223,321,501,177,135,147,216,506,286,33,145,292,159,113,186,71,212,134,128,368,407,763,63,243,68,293,258,51,148,286,184,71,227,103,228,252,176,274,114,192
477,398,207,78,475,111,469,129,141,195,397,522,849,330,261,287,335,804,447,70,276,496,289,181,305,130,314,214,251,568,752,1341,243,224,100,473,443,86,227,495,311,106,363,174,385,427,299,541,153,308
99,100,42,23,123,29,108,39,35,35,76,157,237,54,50,61,90,222,99,16,75,129,63,46,64,30,62,56,53,127,170,313,68,100,10,129,113,19,39,132,89,27,90,47,79,104,74,115,33,65
533,466,205,94,554,124,569,150,162,223,483,584,965,347,273,313,365,973,550,60,260,572,298,215,331,127,362,234,284,671,843,1526,293,473,129,275,496,74,269,621,331,132,415,188,438,479,333,604,196,359
507,415,193,74,486,105,468,143,151,216,429,564,840,311,272,285,327,888,489,70,294,529,305,188,342,102,301,227,239,647,706,1268,258,443,113,496,250,84,232,514,305,94,345,171,403,408,314,483,170,348
81,81,27,17,104,22,86,29,24,39,70,89,176,48,47,50,65,174,95,16,45,94,39,25,52,14,48,37,42,116,142,241,51,86,19,74,84,8,31,106,56,17,67,35,54,88,55,96,34,58
265,201,84,48,249,53,253,70,94,101,213,276,438,159,144,143,174,479,247,37,132,243,147,88,186,66,162,131,123,301,358,712,148,227,39,269,232,31,63,310,177,50,191,92,200,238,164,248,91,173
469,477,251,94,534,126,528,173,198,202,438,609,975,335,261,285,402,1026,572,54,310,556,309,232,379,143,371,251,275,680,831,1516,286,495,132,621,514,106,310,294,379,120,407,206,438,450,352,574,225,379
334,304,137,62,346,91,316,108,107,129,269,376,614,197,162,189,238,616,393,28,168,365,195,144,236,87,221,138,173,427,540,975,184,311,89,331,305,56,177,379,124,66,246,126,283,294,214,352,129,245
100,78,47,20,101,19,106,36,38,38,88,138,182,65,67,62,91,198,100,9,60,113,61,48,74,27,69,55,46,121,144,282,71,106,27,132,94,17,50,120,66,5,70,40,95,106,68,116,43,89
366,333,186,65,356,81,367,103,133,160,330,450,716,236,215,241,278,760,385,53,222,381,248,159,258,109,280,157,195,505,573,1103,227,363,90,415,345,67,191,407,246,70,134,128,312,358,237,382,144,273
173,147,86,38,185,38,189,70,65,75,152,216,368,128,110,106,160,374,186,31,89,188,111,77,142,37,134,75,88,252,283,551,103,174,47,188,171,35,92,206,126,40,128,28,166,183,132,195,76,126
450,342,160,68,424,94,360,111,132,156,347,475,745,246,199,215,314,719,405,46,243,425,228,123,226,97,249,183,210,487,627,1104,228,385,79,438,403,54,200,438,283,95,312,166,159,366,244,405,151,294
443,374,181,73,463,110,449,150,173,161,363,585,913,293,246,293,298,879,431,66,265,465,281,167,308,104,313,213,220,617,708,1332,252,427,104,479,408,88,238,450,294,106,358,183,366,219,303,503,176,284
346,265,111,71,306,91,331,99,112,119,275,377,588,205,159,162,243,606,311,43,143,313,172,126,226,78,188,166,117,396,496,882,176,299,74,333,314,55,164,352,214,68,237,132,244,303,109,318,136,219
502,470,239,71,523,100,489,184,188,206,431,599,936,339,286,301,380,920,513,54,291,550,327,173,360,131,363,254,258,643,784,1453,274,541,115,604,483,96,248,574,352,116,382,195,405,503,318,233,207,348
163,179,85,31,199,43,182,47,57,61,137,212,370,108,109,126,136,367,190,33,119,199,113,80,132,51,118,87,96,240,279,503,114,153,33,196,170,34,91,225,129,43,144,76,151,176,136,207,37,125
405,275,142,59,355,70,360,131,118,142,300,361,558,237,200,208,268,568,368,35,190,350,213,123,245,90,235,153,173,410,456,944,192,308,65,359,348,58,173,379,245,89,273,126,294,284,219,348,125,111
