273,475,216,96,502,117,495,188,188,242,421,510,837,378,312,325,383,775,561,60,326,558,347,209,390,144,373,288,314,577,709,1191,249,475,111,520,504,78,253,472,325,104,365,189,439,404,342,494,175,406
475,187,180,81,471,121,433,132,166,160,380,454,767,305,217,220,307,779,429,50,242,419,231,177,270,77,265,232,217,574,670,1227,213,412,97,440,442,76,239,513,317,81,350,178,382,412,266,452,166,284
216,180,37,38,203,44,211,56,57,81,181,221,319,135,90,100,119,336,198,30,108,200,124,93,114,39,118,89,93,235,300,559,96,166,53,236,186,28,108,200,127,43,152,71,172,204,136,216,84,120
96,81,38,5,79,22,80,29,32,42,82,83,133,53,34,46,67,130,90,8,52,81,47,39,56,34,68,44,52,93,124,214,27,98,21,89,77,16,57,67,62,23,64,35,54,78,47,77,25,65
502,471,203,79,272,112,483,150,183,205,425,544,975,339,268,311,354,943,519,64,281,514,317,220,317,129,341,252,251,643,786,1378,256,440,118,533,498,82,258,552,334,89,412,193,397,492,317,533,193,331
117,121,44,22,112,13,109,32,39,46,103,127,178,69,57,73,79,182,131,14,72,117,66,42,80,44,99,55,71,141,176,297,50,112,33,134,114,22,73,116,80,26,81,43,87,100,75,106,44,81
495,433,211,80,483,109,222,158,162,208,414,534,848,329,225,270,363,842,494,48,275,487,280,193,332,157,351,274,255,592,705,1351,260,453,125,524,442,80,262,496,334,119,360,163,384,446,259,479,182,301
188,132,56,29,150,32,158,16,48,74,134,173,283,102,92,82,102,305,129,17,77,168,94,64,99,31,102,74,79,182,231,448,105,144,35,148,135,19,71,162,102,24,115,67,150,137,99,170,74,113
188,166,57,32,183,39,162,48,19,64,150,161,290,110,78,92,122,310,178,17,90,171,90,74,100,38,108,88,58,192,249,436,90,134,35,204,144,29,96,174,116,36,141,55,117,146,92,179,48,98
242,160,81,42,205,46,208,74,64,42,182,217,351,132,133,120,140,350,215,29,132,224,135,73,142,55,142,93,92,250,337,579,110,224,47,189,189,26,102,215,144,50,134,75,168,186,156,226,70,142
421,380,181,82,425,103,414,134,150,182,184,470,729,292,248,250,286,683,430,59,231,441,252,172,286,106,301,199,213,537,637,1102,232,429,93,463,401,61,195,456,285,82,308,148,325,403,278,418,146,284
510,454,221,83,544,127,534,173,161,217,470,327,965,362,288,310,374,947,586,76,319,599,297,204,340,125,345,245,265,711,824,1513,299,511,131,580,521,104,260,584,371,132,447,198,439,481,380,596,193,359
837,767,319,133,975,178,848,283,290,351,729,965,807,550,468,543,636,1439,927,117,509,945,525,356,572,246,615,433,456,1166,1393,2438,478,840,209,984,808,147,461,935,616,202,663,343,722,807,568,919,280,612
378,305,135,53,339,69,329,102,110,132,292,362,550,114,164,158,252,571,333,44,186,330,191,126,196,91,218,160,163,406,513,898,182,314,77,349,304,63,186,342,219,61,261,104,225,290,195,314,120,241
312,217,90,34,268,57,225,92,78,133,248,288,468,164,61,127,169,500,253,42,142,251,153,104,175,81,182,125,131,321,380,712,133,239,62,260,267,27,127,266,162,57,202,99,212,236,162,281,87,175
325,220,100,46,311,73,270,82,92,120,250,310,543,158,127,78,189,495,265,39,148,281,173,113,189,97,217,149,131,344,433,812,137,277,74,280,315,40,126,300,165,53,245,108,242,282,170,322,110,184
383,307,119,67,354,79,363,102,122,140,286,374,636,252,169,189,149,636,387,43,210,407,216,138,222,92,240,169,166,425,541,929,194,355,102,406,341,56,186,368,231,85,283,141,273,331,220,391,131,244
775,779,336,130,943,182,842,305,310,350,683,947,1439,571,500,495,636,805,918,114,520,901,513,340,556,232,593,423,442,1113,1344,2428,472,795,199,951,835,151,469,912,628,188,648,347,708,818,558,888,314,609
561,429,198,90,519,131,494,129,178,215,430,586,927,333,253,265,387,918,238,67,278,485,331,180,328,134,325,237,252,676,798,1401,250,457,130,574,468,94,244,539,331,97,383,204,408,469,361,544,207,353
60,50,30,8,64,14,48,17,17,29,59,76,117,44,42,39,43,114,67,7,31,65,43,28,42,13,49,25,23,73,97,184,43,49,11,47,61,11,32,62,38,11,53,28,48,61,49,67,32,33
326,242,108,52,281,72,275,77,90,132,231,319,509,186,142,148,210,520,278,31,63,289,171,122,192,67,174,140,139,331,399,809,160,240,67,246,258,38,138,295,190,46,216,92,230,237,175,273,95,196
558,419,200,81,514,117,487,168,171,224,441,599,945,330,251,281,407,901,485,65,289,255,315,214,352,152,363,247,268,648,759,1436,277,424,119,542,487,87,257,603,344,110,385,224,414,473,346,535,200,353
347,231,124,47,317,66,280,94,90,135,252,297,525,191,153,173,216,513,331,43,171,315,96,118,198,70,179,136,148,383,438,811,164,258,67,297,283,58,166,304,195,70,261,108,250,286,183,321,108,208
209,177,93,39,220,42,193,64,74,73,172,204,356,126,104,113,138,340,180,28,122,214,118,32,139,51,133,98,118,271,321,543,101,203,45,190,179,32,104,197,118,32,153,79,152,182,136,223,70,141
390,270,114,56,317,80,332,99,100,142,286,340,572,196,175,189,222,556,328,42,192,352,198,139,121,80,199,138,174,415,499,938,183,298,64,346,313,48,147,327,208,70,262,131,266,319,188,332,108,254
144,77,39,34,129,44,157,31,38,55,106,125,246,91,81,97,92,232,134,13,67,152,70,51,80,19,80,52,57,178,188,351,72,125,33,139,135,29,62,140,90,34,112,41,99,131,83,165,64,94
373,265,118,68,341,99,351,102,108,142,301,345,615,218,182,217,240,593,325,49,174,363,179,133,199,80,105,156,144,433,450,906,155,323,89,365,305,65,186,379,229,67,297,127,271,354,213,363,125,229
288,232,89,44,252,55,274,74,88,93,199,245,433,160,125,149,169,423,237,25,140,247,136,98,138,52,156,60,95,277,330,653,122,222,68,244,273,36,107,248,151,47,199,83,196,235,151,254,94,172
314,217,93,52,251,71,255,79,58,92,213,265,456,163,131,131,166,442,252,23,139,268,148,118,174,57,144,95,59,325,387,735,136,259,66,274,249,43,120,282,162,50,198,113,194,269,142,242,104,172
577,574,235,93,643,141,592,182,192,250,537,711,1166,406,321,344,425,1113,676,73,331,648,383,271,415,178,433,277,325,392,968,1806,356,582,128,666,594,94,301,684,426,129,483,215,497,600,427,682,216,417
709,670,300,124,786,176,705,231,249,337,637,824,1393,513,380,433,541,1344,798,97,399,759,438,321,499,188,450,330,387,968,538,2043,422,649,191,828,680,124,384,809,474,165,568,319,587,740,496,774,301,496
1191,1227,559,214,1378,297,1351,448,436,579,1102,1513,2438,898,712,812,929,2428,1401,184,809,1436,811,543,938,351,906,653,735,1806,2043,1880,720,1293,306,1470,1311,250,715,1426,850,301,1029,569,1125,1240,882,1396,469,955
249,213,96,27,256,50,260,105,90,110,232,299,478,182,133,137,194,472,250,43,160,277,164,101,183,72,155,122,136,356,422,720,63,227,55,291,242,47,161,297,174,66,199,110,223,239,164,256,79,233
475,412,166,98,440,112,453,144,134,224,429,511,840,314,239,277,355,795,457,49,240,424,258,203,298,125,323,222,259,582,649,1293,227,208,108,505,441,83,252,497,286,92,365,178,364,412,284,486,154,317
111,97,53,21,118,33,125,35,35,47,93,131,209,77,62,74,102,199,130,11,67,119,67,45,64,33,89,68,66,128,191,306,55,108,14,123,110,15,65,128,60,28,91,45,87,111,81,129,38,83
520,440,236,89,533,134,524,148,204,189,463,580,984,349,260,280,406,951,574,47,246,542,297,190,346,139,365,244,274,666,828,1470,291,505,123,299,524,81,257,548,333,106,431,221,429,551,335,585,183,363
504,442,186,77,498,114,442,135,144,189,401,521,808,304,267,315,341,835,468,61,258,487,283,179,313,135,305,273,249,594,680,1311,242,441,110,524,206,59,243,476,304,90,342,191,377,421,317,483,184,303
78,76,28,16,82,22,80,19,29,26,61,104,147,63,27,40,56,151,94,11,38,87,58,32,48,29,65,36,43,94,124,250,47,83,15,81,59,5,34,90,57,20,76,36,69,64,56,94,46,53
253,239,108,57,258,73,262,71,96,102,195,260,461,186,127,126,186,469,244,32,138,257,166,104,147,62,186,107,120,301,384,715,161,252,65,257,243,34,59,270,173,46,187,91,207,227,152,254,94,170
472,513,200,67,552,116,496,162,174,215,456,584,935,342,266,300,368,912,539,62,295,603,304,197,327,140,379,248,282,684,809,1426,297,497,128,548,476,90,270,278,351,110,406,221,410,497,347,548,192,300
325,317,127,62,334,80,334,102,116,144,285,371,616,219,162,165,231,628,331,38,190,344,195,118,208,90,229,151,162,426,474,850,174,286,60,333,304,57,173,351,95,53,244,119,252,287,213,319,110,222
104,81,43,23,89,26,119,24,36,50,82,132,202,61,57,53,85,188,97,11,46,110,70,32,70,34,67,47,50,129,165,301,66,92,28,106,90,20,46,110,53,6,89,38,90,104,65,104,46,86
365,350,152,64,412,81,360,115,141,134,308,447,663,261,202,245,283,648,383,53,216,385,261,153,262,112,297,199,198,483,568,1029,199,365,91,431,342,76,187,406,244,89,140,151,327,359,233,374,145,265
189,178,71,35,193,43,163,67,55,75,148,198,343,104,99,108,141,347,204,28,92,224,108,79,131,41,127,83,113,215,319,569,110,178,45,221,191,36,91,221,119,38,151,39,143,180,110,192,87,122
439,382,172,54,397,87,384,150,117,168,325,439,722,225,212,242,273,708,408,48,230,414,250,152,266,99,271,196,194,497,587,1125,223,364,87,429,377,69,207,410,252,90,327,143,155,367,253,405,144,282
404,412,204,78,492,100,446,137,146,186,403,481,807,290,236,282,331,818,469,61,237,473,286,182,319,131,354,235,269,600,740,1240,239,412,111,551,421,64,227,497,287,104,359,180,367,201,297,459,169,327
342,266,136,47,317,75,259,99,92,156,278,380,568,195,162,170,220,558,361,49,175,346,183,136,188,83,213,151,142,427,496,882,164,284,81,335,317,56,152,347,213,65,233,110,253,297,101,314,119,204
494,452,216,77,533,106,479,170,179,226,418,596,919,314,281,322,391,888,544,67,273,535,321,223,332,165,363,254,242,682,774,1396,256,486,129,585,483,94,254,548,319,104,374,192,405,459,314,263,190,371
175,166,84,25,193,44,182,74,48,70,146,193,280,120,87,110,131,314,207,32,95,200,108,70,108,64,125,94,104,216,301,469,79,154,38,183,184,46,94,192,110,46,145,87,144,169,119,190,36,129
406,284,120,65,331,81,301,113,98,142,284,359,612,241,175,184,244,609,353,33,196,353,208,141,254,94,229,172,172,417,496,955,233,317,83,363,303,53,170,300,222,86,265,122,282,327,204,371,129,108
