282,450,227,89,534,126,492,181,173,244,430,482,787,387,342,358,399,809,496,75,296,522,371,202,395,153,354,250,322,620,744,1203,249,472,120,522,474,77,244,476,327,104,383,167,428,420,363,505,193,416
450,177,188,75,450,103,425,111,139,189,346,469,777,312,216,253,311,772,414,58,253,437,276,175,259,123,292,216,211,520,623,1184,212,434,92,450,426,70,195,429,270,113,294,164,374,401,267,443,147,299
227,188,44,28,214,48,200,59,58,81,180,195,384,127,102,130,134,369,204,20,90,200,119,79,128,44,137,91,111,237,297,579,109,188,41,192,201,37,85,197,139,45,147,91,167,183,127,187,66,129
89,75,28,6,83,22,75,27,26,39,73,91,125,61,50,43,75,131,92,8,50,87,49,44,53,24,75,40,44,99,114,222,44,77,15,93,71,12,41,76,52,22,66,40,73,59,60,91,30,61
534,450,214,83,262,116,485,131,160,204,411,565,910,340,296,305,408,937,541,66,325,527,308,187,328,110,328,248,239,656,777,1453,274,429,104,597,458,82,229,529,352,116,369,227,420,447,347,552,184,348
126,103,48,22,116,15,108,48,38,44,83,129,180,77,67,65,84,180,110,14,65,116,62,40,70,28,85,59,49,141,150,284,44,124,14,126,115,14,66,86,71,26,80,38,102,95,59,106,39,84
492,425,200,75,485,108,234,157,153,208,395,502,841,319,251,300,367,841,501,66,254,528,330,203,301,130,329,246,238,632,727,1318,228,469,101,494,431,78,250,506,316,96,377,199,396,415,291,497,192,355
181,111,59,27,131,48,157,16,41,59,131,195,289,100,80,87,99,271,125,8,79,146,100,55,99,31,84,72,72,174,229,415,85,149,25,127,158,26,55,156,91,24,116,55,121,135,87,171,58,107
173,139,58,26,160,38,153,41,24,62,124,178,322,95,90,99,135,311,151,17,85,137,107,63,116,29,110,79,71,225,237,492,102,156,47,168,164,27,78,191,119,35,115,62,126,147,120,166,68,123
244,189,81,39,204,44,208,59,62,48,154,219,356,170,112,98,145,393,203,24,112,217,127,91,129,53,142,92,111,248,286,568,118,190,49,219,166,42,95,216,138,40,152,70,158,185,121,206,77,138
430,346,180,73,411,83,395,131,124,154,171,464,747,289,232,221,280,790,443,55,267,447,267,170,281,127,285,214,219,568,615,1162,237,374,97,468,362,73,187,443,287,87,308,157,316,361,276,403,166,300
482,469,195,91,565,129,502,195,178,219,464,312,1085,371,293,321,403,1072,545,62,317,595,322,250,365,147,367,247,247,701,881,1583,329,531,126,597,537,104,287,591,364,121,439,203,458,533,362,593,216,362
787,777,384,125,910,180,841,289,322,356,747,1085,777,593,473,536,672,1430,960,97,543,944,523,354,580,216,618,406,455,1144,1385,2380,438,827,205,964,866,136,465,953,599,196,652,353,724,836,551,988,299,610
387,312,127,61,340,77,319,100,95,170,289,371,593,110,187,161,246,572,341,45,167,353,189,127,214,89,210,153,157,384,510,957,179,298,69,334,296,59,159,360,238,69,222,117,274,290,184,361,119,248
342,216,102,50,296,67,251,80,90,112,232,293,473,187,60,117,179,449,296,40,137,301,150,104,186,62,186,128,151,343,446,742,137,264,63,248,267,33,112,306,194,50,209,86,222,245,156,299,97,201
358,253,130,43,305,65,300,87,99,98,221,321,536,161,117,72,205,511,312,36,122,334,152,106,202,61,191,143,161,327,471,806,155,288,71,258,266,47,134,333,209,63,212,95,234,251,143,316,118,194
399,311,134,75,408,84,367,99,135,145,280,403,672,246,179,205,145,646,368,37,201,390,218,149,248,88,216,142,198,467,604,980,204,341,81,378,362,70,172,387,245,61,271,120,311,348,225,368,125,270
809,772,369,131,937,180,841,271,311,393,790,1072,1430,572,449,511,646,773,938,98,536,927,552,339,568,218,631,423,465,1106,1328,2349,473,812,194,962,816,145,458,983,632,180,656,349,687,820,525,937,312,631
496,414,204,92,541,110,501,125,151,203,443,545,960,341,296,312,368,938,233,71,285,500,315,208,337,136,321,235,250,666,779,1439,273,461,128,567,507,93,234,535,325,111,398,187,421,466,336,542,178,364
75,58,20,8,66,14,66,8,17,24,55,62,97,45,40,36,37,98,71,3,45,60,40,18,40,17,40,32,42,63,107,156,42,55,14,59,57,11,17,78,44,15,42,26,48,56,47,62,20,34
296,253,90,50,325,65,254,79,85,112,267,317,543,167,137,122,201,536,285,45,74,306,180,109,187,67,183,142,151,351,431,825,161,278,65,284,272,44,124,310,185,45,226,115,251,268,184,303,127,194
522,437,200,87,527,116,528,146,137,217,447,595,944,353,301,334,390,927,500,60,306,274,329,209,321,151,357,246,256,672,788,1434,289,459,116,577,512,100,243,530,342,97,366,210,419,482,331,556,181,386
371,276,119,49,308,62,330,100,107,127,267,322,523,189,150,152,218,552,315,40,180,329,97,118,217,78,190,163,172,388,490,859,168,297,58,273,297,49,150,311,193,61,240,112,234,279,173,319,129,216
202,175,79,44,187,40,203,55,63,91,170,250,354,127,104,106,149,339,208,18,109,209,118,36,123,60,128,96,97,228,279,525,112,183,40,210,185,39,101,194,141,36,150,69,181,182,136,235,64,139
395,259,128,53,328,70,301,99,116,129,281,365,580,214,186,202,248,568,337,40,187,321,217,123,113,88,236,136,173,412,525,898,181,323,83,352,283,56,175,339,218,60,225,112,250,307,218,338,136,261
153,123,44,24,110,28,130,31,29,53,127,147,216,89,62,61,88,218,136,17,67,151,78,60,88,18,82,61,55,140,196,366,65,122,36,136,130,24,55,165,97,23,106,37,111,119,89,136,44,91
354,292,137,75,328,85,329,84,110,142,285,367,618,210,186,191,216,631,321,40,183,357,190,128,236,82,107,169,162,385,484,981,209,334,85,327,333,66,159,340,230,56,248,114,258,302,227,330,135,245
250,216,91,40,248,59,246,72,79,92,214,247,406,153,128,143,142,423,235,32,142,246,163,96,136,61,169,57,125,286,350,676,145,220,55,209,207,38,121,257,140,43,196,90,181,216,148,258,90,171
322,211,111,44,239,49,238,72,71,111,219,247,455,157,151,161,198,465,250,42,151,256,172,97,173,55,162,125,61,318,361,740,156,249,51,276,248,40,157,262,185,56,194,97,217,223,160,277,100,182
620,520,237,99,656,141,632,174,225,248,568,701,1144,384,343,327,467,1106,666,63,351,672,388,228,412,140,385,286,318,410,944,1742,341,576,146,677,616,98,311,702,456,126,497,241,538,569,415,686,230,405
744,623,297,114,777,150,727,229,237,286,615,881,1385,510,446,471,604,1328,779,107,431,788,490,279,525,196,484,350,361,944,535,2123,370,690,189,839,723,130,374,776,538,153,590,307,603,681,519,801,281,533
1203,1184,579,222,1453,284,1318,415,492,568,1162,1583,2380,957,742,806,980,2349,1439,156,825,1434,859,525,898,366,981,676,740,1742,2123,1857,747,1344,340,1471,1322,249,688,1460,980,327,994,559,1126,1285,929,1470,513,950
249,212,109,44,274,44,228,85,102,118,237,329,438,179,137,155,204,473,273,42,161,289,168,112,181,65,209,145,156,341,370,747,56,278,63,293,255,42,122,308,191,56,209,118,241,258,168,281,82,200
472,434,188,77,429,124,469,149,156,190,374,531,827,298,264,288,341,812,461,55,278,459,297,183,323,122,334,220,249,576,690,1344,278,221,98,487,450,64,255,489,280,103,345,195,382,450,291,487,157,332
120,92,41,15,104,14,101,25,47,49,97,126,205,69,63,71,81,194,128,14,65,116,58,40,83,36,85,55,51,146,189,340,63,98,13,117,114,18,50,119,78,26,86,36,93,113,75,117,37,78
522,450,192,93,597,126,494,127,168,219,468,597,964,334,248,258,378,962,567,59,284,577,273,210,352,136,327,209,276,677,839,1471,293,487,117,268,511,86,274,627,368,101,428,202,433,540,340,560,202,376
474,426,201,71,458,115,431,158,164,166,362,537,866,296,267,266,362,816,507,57,272,512,297,185,283,130,333,207,248,616,723,1322,255,450,114,511,201,79,239,503,307,103,337,196,357,417,295,504,164,316
77,70,37,12,82,14,78,26,27,42,73,104,136,59,33,47,70,145,93,11,44,100,49,39,56,24,66,38,40,98,130,249,42,64,18,86,79,9,38,86,60,15,70,36,68,79,62,88,28,55
244,195,85,41,229,66,250,55,78,95,187,287,465,159,112,134,172,458,234,17,124,243,150,101,175,55,159,121,157,311,374,688,122,255,50,274,239,38,47,285,182,37,181,99,180,222,153,260,96,149
476,429,197,76,529,86,506,156,191,216,443,591,953,360,306,333,387,983,535,78,310,530,311,194,339,165,340,257,262,702,776,1460,308,489,119,627,503,86,285,282,331,111,441,212,408,469,333,558,199,376
327,270,139,52,352,71,316,91,119,138,287,364,599,238,194,209,245,632,325,44,185,342,193,141,218,97,230,140,185,456,538,980,191,280,78,368,307,60,182,331,110,73,275,124,261,296,220,382,119,217
104,113,45,22,116,26,96,24,35,40,87,121,196,69,50,63,61,180,111,15,45,97,61,36,60,23,56,43,56,126,153,327,56,103,26,101,103,15,37,111,73,9,84,48,86,95,73,106,45,73
383,294,147,66,369,80,377,116,115,152,308,439,652,222,209,212,271,656,398,42,226,366,240,150,225,106,248,196,194,497,590,994,209,345,86,428,337,70,181,441,275,84,153,161,292,351,247,387,130,252
167,164,91,40,227,38,199,55,62,70,157,203,353,117,86,95,120,349,187,26,115,210,112,69,112,37,114,90,97,241,307,559,118,195,36,202,196,36,99,212,124,48,161,38,171,166,98,212,76,152
428,374,167,73,420,102,396,121,126,158,316,458,724,274,222,234,311,687,421,48,251,419,234,181,250,111,258,181,217,538,603,1126,241,382,93,433,357,68,180,408,261,86,292,171,183,407,264,431,153,295
420,401,183,59,447,95,415,135,147,185,361,533,836,290,245,251,348,820,466,56,268,482,279,182,307,119,302,216,223,569,681,1285,258,450,113,540,417,79,222,469,296,95,351,166,407,226,315,483,160,319
363,267,127,60,347,59,291,87,120,121,276,362,551,184,156,143,225,525,336,47,184,331,173,136,218,89,227,148,160,415,519,929,168,291,75,340,295,62,153,333,220,73,247,98,264,315,97,339,127,219
505,443,187,91,552,106,497,171,166,206,403,593,988,361,299,316,368,937,542,62,303,556,319,235,338,136,330,258,277,686,801,1470,281,487,117,560,504,88,260,558,382,106,387,212,431,483,339,301,199,366
193,147,66,30,184,39,192,58,68,77,166,216,299,119,97,118,125,312,178,20,127,181,129,64,136,44,135,90,100,230,281,513,82,157,37,202,164,28,96,199,119,45,130,76,153,160,127,199,29,145
416,299,129,61,348,84,355,107,123,138,300,362,610,248,201,194,270,631,364,34,194,386,216,139,261,91,245,171,182,405,533,950,200,332,78,376,316,55,149,376,217,73,252,152,295,319,219,366,145,123
