266,458,223,82,459,111,476,154,155,184,415,518,794,369,326,358,340,844,505,67,319,500,348,210,378,156,379,273,289,581,668,1171,238,473,116,535,467,96,220,466,327,118,384,168,446,430,316,497,178,373
458,167,150,55,441,89,421,137,127,178,358,504,802,269,209,209,324,807,464,48,223,438,258,152,284,102,273,198,210,532,676,1245,250,398,87,485,417,67,220,486,317,101,348,174,327,418,248,475,149,271
223,150,28,33,202,45,191,62,52,80,165,227,344,119,116,122,160,366,202,20,104,217,138,80,130,36,113,100,97,254,336,594,128,207,44,205,201,37,92,221,125,35,147,90,157,190,113,205,73,147
82,55,33,4,90,11,72,28,30,46,71,96,137,50,44,59,51,136,81,15,54,93,37,28,56,20,48,42,47,101,127,195,35,68,25,83,75,13,49,85,53,17,63,32,68,83,60,91,33,59
459,441,202,90,235,126,489,178,163,195,441,597,942,290,267,288,359,946,512,67,263,516,309,197,363,134,353,201,243,615,780,1478,317,475,112,542,488,99,256,539,338,92,381,206,446,449,321,550,201,350
111,89,45,11,126,10,116,37,34,50,96,147,192,71,62,86,82,176,99,21,59,99,52,45,74,22,58,45,76,146,154,269,45,111,31,120,101,14,68,126,77,22,83,39,95,103,70,112,33,68
476,421,191,72,489,116,225,163,154,184,384,575,910,289,248,279,361,837,479,72,299,457,262,161,302,105,279,233,242,591,745,1286,231,470,106,506,463,73,251,518,334,98,351,192,382,447,301,515,183,306
154,137,62,28,178,37,163,13,59,60,133,164,257,87,77,81,112,278,174,17,77,150,96,60,108,41,104,65,81,165,230,413,82,135,27,136,139,20,64,176,106,31,114,60,113,151,95,169,64,109
155,127,52,30,163,34,154,59,22,77,166,176,255,108,80,86,122,302,172,23,115,182,105,76,127,42,117,78,87,189,259,455,104,152,37,165,142,36,84,164,96,32,115,45,144,157,117,168,66,100
184,178,80,46,195,50,184,60,77,39,155,226,356,116,109,119,141,358,195,23,131,199,130,75,135,43,123,92,119,233,299,549,119,206,51,216,176,35,111,210,144,46,164,81,185,186,122,195,65,137
415,358,165,71,441,96,384,133,166,155,179,480,758,265,249,263,288,756,435,56,259,453,262,167,284,97,272,191,217,521,628,1118,241,386,100,441,365,83,228,462,299,91,340,168,363,357,271,442,162,266
518,504,227,96,597,147,575,164,176,226,480,303,1001,392,296,325,411,1020,572,64,320,576,315,239,326,136,371,254,258,745,892,1580,331,533,125,565,527,100,277,652,404,113,457,215,432,554,378,562,208,370
794,802,344,137,942,192,910,257,255,356,758,1001,783,606,456,508,679,1462,917,118,502,885,496,366,613,232,642,406,445,1123,1304,2380,468,885,214,988,900,171,443,1003,611,153,673,362,762,845,530,964,326,584
369,269,119,50,290,71,289,87,108,116,265,392,606,100,158,198,227,600,313,42,191,321,185,115,221,79,222,151,160,395,489,972,170,318,90,352,297,47,152,332,204,48,250,128,265,303,193,352,114,217
326,209,116,44,267,62,248,77,80,109,249,296,456,158,61,138,195,458,261,30,146,271,152,93,160,62,180,131,133,300,371,738,146,262,51,304,258,46,121,313,170,50,190,78,205,247,158,262,94,175
358,209,122,59,288,86,279,81,86,119,263,325,508,198,138,78,206,503,264,23,162,275,155,97,180,65,167,126,142,318,430,823,167,274,63,306,263,42,138,275,174,57,211,100,223,249,187,288,109,175
340,324,160,51,359,82,361,112,122,141,288,411,679,227,195,206,142,682,387,46,209,380,202,141,252,93,247,151,188,478,582,1031,216,349,93,382,334,67,192,390,231,73,265,137,291,374,226,367,148,238
844,807,366,136,946,176,837,278,302,358,756,1020,1462,600,458,503,682,831,948,120,500,891,525,365,622,225,671,427,468,1152,1290,2354,471,863,227,995,853,155,458,930,581,170,662,364,756,832,575,906,358,621
505,464,202,81,512,99,479,174,172,195,435,572,917,313,261,264,387,948,277,53,259,494,277,213,320,147,352,234,260,676,724,1432,254,465,110,546,438,91,277,575,342,117,415,204,424,460,287,550,186,372
67,48,20,15,67,21,72,17,23,23,56,64,118,42,30,23,46,120,53,5,35,60,40,30,39,14,47,22,33,90,101,169,42,69,13,56,64,7,31,77,47,3,49,23,52,52,39,61,32,32
319,223,104,54,263,59,299,77,115,131,259,320,502,191,146,162,209,500,259,35,84,263,144,131,170,80,195,115,134,350,434,753,137,248,62,288,282,57,124,287,170,60,209,118,229,257,178,278,117,203
500,438,217,93,516,99,457,150,182,199,453,576,885,321,271,275,380,891,494,60,263,246,296,214,325,146,350,254,279,631,720,1378,259,499,131,546,456,95,267,567,347,100,372,198,412,467,298,591,199,358
348,258,138,37,309,52,262,96,105,130,262,315,496,185,152,155,202,525,277,40,144,296,74,115,188,67,200,160,142,369,444,847,161,256,70,296,251,45,146,327,186,55,214,111,224,227,184,282,102,182
210,152,80,28,197,45,161,60,76,75,167,239,366,115,93,97,141,365,213,30,131,214,115,31,129,36,126,76,100,239,316,560,108,175,33,205,186,36,85,211,149,45,139,83,163,200,121,238,66,137
378,284,130,56,363,74,302,108,127,135,284,326,613,221,160,180,252,622,320,39,170,325,188,129,103,76,231,140,175,405,478,912,164,335,70,334,304,68,178,361,260,71,263,101,217,314,193,362,124,202
156,102,36,20,134,22,105,41,42,43,97,136,232,79,62,65,93,225,147,14,80,146,67,36,76,15,79,53,60,138,223,331,77,131,26,119,109,21,54,148,94,21,108,49,89,121,67,141,62,94
379,273,113,48,353,58,279,104,117,123,272,371,642,222,180,167,247,671,352,47,195,350,200,126,231,79,116,133,171,409,541,986,209,335,75,297,292,54,176,390,257,76,286,148,256,274,224,357,146,228
273,198,100,42,201,45,233,65,78,92,191,254,406,151,131,126,151,427,234,22,115,254,160,76,140,53,133,57,105,290,357,652,137,205,52,221,206,34,109,234,154,51,171,93,192,225,142,250,91,159
289,210,97,47,243,76,242,81,87,119,217,258,445,160,133,142,188,468,260,33,134,279,142,100,175,60,171,105,72,279,360,696,126,245,56,255,235,42,123,268,183,56,175,102,208,232,155,282,99,155
581,532,254,101,615,146,591,165,189,233,521,745,1123,395,300,318,478,1152,676,90,350,631,369,239,405,138,409,290,279,410,1005,1822,384,571,147,705,585,107,299,722,434,124,480,263,521,578,405,651,250,418
668,676,336,127,780,154,745,230,259,299,628,892,1304,489,371,430,582,1290,724,101,434,720,444,316,478,223,541,357,360,1005,552,2108,412,699,189,861,669,151,393,800,503,148,558,301,631,701,493,809,273,503
1171,1245,594,195,1478,269,1286,413,455,549,1118,1580,2380,972,738,823,1031,2354,1432,169,753,1378,847,560,912,331,986,652,696,1822,2108,1936,758,1265,333,1547,1299,245,682,1482,947,302,1028,561,1112,1238,861,1479,507,943
238,250,128,35,317,45,231,82,104,119,241,331,468,170,146,167,216,471,254,42,137,259,161,108,164,77,209,137,126,384,412,758,71,255,56,300,238,42,141,305,178,61,212,111,202,250,168,301,91,183
473,398,207,68,475,111,470,135,152,206,386,533,885,318,262,274,349,863,465,69,248,499,256,175,335,131,335,205,245,571,699,1265,255,210,107,490,428,70,228,480,300,86,394,184,396,440,288,484,173,323
116,87,44,25,112,31,106,27,37,51,100,125,214,90,51,63,93,227,110,13,62,131,70,33,70,26,75,52,56,147,189,333,56,107,22,117,106,20,57,118,63,19,94,47,82,113,78,110,42,72
535,485,205,83,542,120,506,136,165,216,441,565,988,352,304,306,382,995,546,56,288,546,296,205,334,119,297,221,255,705,861,1547,300,490,117,290,514,89,267,609,350,99,431,205,448,530,335,576,226,348
467,417,201,75,488,101,463,139,142,176,365,527,900,297,258,263,334,853,438,64,282,456,251,186,304,109,292,206,235,585,669,1299,238,428,106,514,237,68,227,486,306,91,357,201,368,460,308,502,184,305
96,67,37,13,99,14,73,20,36,35,83,100,171,47,46,42,67,155,91,7,57,95,45,36,68,21,54,34,42,107,151,245,42,70,20,89,68,5,47,93,51,14,68,24,78,92,59,99,31,51
220,220,92,49,256,68,251,64,84,111,228,277,443,152,121,138,192,458,277,31,124,267,146,85,178,54,176,109,123,299,393,682,141,228,57,267,227,47,45,265,168,50,187,101,208,258,163,271,81,164
466,486,221,85,539,126,518,176,164,210,462,652,1003,332,313,275,390,930,575,77,287,567,327,211,361,148,390,234,268,722,800,1482,305,480,118,609,486,93,265,294,374,115,419,236,402,501,341,565,190,330
327,317,125,53,338,77,334,106,96,144,299,404,611,204,170,174,231,581,342,47,170,347,186,149,260,94,257,154,183,434,503,947,178,300,63,350,306,51,168,374,89,75,277,137,262,269,237,328,127,209
118,101,35,17,92,22,98,31,32,46,91,113,153,48,50,57,73,170,117,3,60,100,55,45,71,21,76,51,56,124,148,302,61,86,19,99,91,14,50,115,75,11,84,54,105,93,59,111,28,96
384,348,147,63,381,83,351,114,115,164,340,457,673,250,190,211,265,662,415,49,209,372,214,139,263,108,286,171,175,480,558,1028,212,394,94,431,357,68,187,419,277,84,144,137,318,340,231,369,121,245
168,174,90,32,206,39,192,60,45,81,168,215,362,128,78,100,137,364,204,23,118,198,111,83,101,49,148,93,102,263,301,561,111,184,47,205,201,24,101,236,137,54,137,41,161,186,97,212,69,142
446,327,157,68,446,95,382,113,144,185,363,432,762,265,205,223,291,756,424,52,229,412,224,163,217,89,256,192,208,521,631,1112,202,396,82,448,368,78,208,402,262,105,318,161,153,383,262,447,163,268
430,418,190,83,449,103,447,151,157,186,357,554,845,303,247,249,374,832,460,52,257,467,227,200,314,121,274,225,232,578,701,1238,250,440,113,530,460,92,258,501,269,93,340,186,383,203,288,464,199,309
316,248,113,60,321,70,301,95,117,122,271,378,530,193,158,187,226,575,287,39,178,298,184,121,193,67,224,142,155,405,493,861,168,288,78,335,308,59,163,341,237,59,231,97,262,288,104,382,138,207
497,475,205,91,550,112,515,169,168,195,442,562,964,352,262,288,367,906,550,61,278,591,282,238,362,141,357,250,282,651,809,1479,301,484,110,576,502,99,271,565,328,111,369,212,447,464,382,262,194,330
178,149,73,33,201,33,183,64,66,65,162,208,326,114,94,109,148,358,186,32,117,199,102,66,124,62,146,91,99,250,273,507,91,173,42,226,184,31,81,190,127,28,121,69,163,199,138,194,39,124
373,271,147,59,350,68,306,109,100,137,266,370,584,217,175,175,238,621,372,32,203,358,182,137,202,94,228,159,155,418,503,943,183,323,72,348,305,51,164,330,209,96,245,142,268,309,207,330,124,108
