281,455,201,83,449,110,493,197,160,257,411,516,829,397,288,317,389,870,503,65,317,538,349,197,360,153,366,290,310,600,722,1190,247,509,98,534,474,80,261,465,315,102,388,192,435,452,330,494,164,394
455,174,155,78,427,106,447,114,132,181,344,524,783,250,218,240,287,783,418,52,224,443,242,182,283,117,296,209,220,540,643,1227,226,416,97,463,428,60,206,415,263,66,355,162,344,404,231,479,169,265
201,155,36,45,204,58,199,55,82,92,168,208,369,116,116,116,141,368,211,17,103,191,113,71,102,45,139,89,87,266,326,576,111,173,43,185,193,26,102,223,126,43,161,79,145,180,134,204,65,152
83,78,45,7,94,12,74,33,29,37,65,116,143,70,51,41,65,154,76,8,55,78,54,34,70,21,62,43,52,99,110,228,38,100,20,96,78,14,45,74,62,10,54,27,70,83,64,91,29,61
449,427,204,94,253,109,505,137,165,198,407,609,904,346,286,285,391,906,536,62,283,552,308,206,338,133,356,240,242,653,788,1468,284,454,122,550,460,115,241,548,345,107,374,186,380,481,321,533,210,349
110,106,58,12,109,5,96,40,39,41,89,146,192,71,59,56,80,178,98,11,69,97,62,36,81,34,76,50,68,141,154,298,49,107,24,117,112,14,62,107,75,14,80,28,92,100,72,104,43,86
493,447,199,74,505,96,229,152,156,170,424,574,868,307,279,289,369,915,495,61,286,473,316,186,333,130,329,226,284,624,725,1367,269,478,124,513,437,95,253,506,316,110,369,167,345,428,299,486,199,317
197,114,55,33,137,40,152,26,51,70,113,169,285,89,92,96,128,285,138,24,71,150,74,58,89,41,93,63,59,184,236,407,83,160,29,157,157,17,74,158,99,35,133,50,124,150,84,170,49,91
160,132,82,29,165,39,156,51,30,59,150,173,297,102,91,94,114,324,169,22,77,184,111,59,121,45,108,68,94,207,234,451,99,174,42,182,166,32,85,160,122,31,124,74,125,159,106,160,68,113
257,181,92,37,198,41,170,70,59,43,163,233,356,144,119,130,148,345,206,26,107,196,124,80,129,51,134,87,103,266,294,571,103,203,49,242,189,27,119,211,135,45,170,74,169,210,142,212,83,152
411,344,168,65,407,89,424,113,150,163,171,474,763,300,220,246,305,700,427,45,225,448,267,162,294,96,277,174,189,543,595,1164,222,409,108,454,429,73,223,446,306,91,334,143,369,385,276,437,157,293
516,524,208,116,609,146,574,169,173,233,474,314,1017,363,295,320,394,1022,562,73,305,558,343,213,366,133,390,262,288,719,848,1604,317,488,118,604,555,103,301,579,343,112,461,208,452,523,375,614,194,405
829,783,369,143,904,192,868,285,297,356,763,1017,851,593,452,472,663,1492,940,109,488,927,539,373,622,229,606,431,424,1183,1379,2429,511,785,196,990,836,148,453,953,573,199,658,336,767,829,585,941,346,607
397,250,116,70,346,71,307,89,102,144,300,363,593,107,170,175,221,582,305,47,203,323,180,139,213,100,251,160,167,394,475,927,155,317,75,342,298,57,162,372,201,73,233,129,242,289,195,342,118,229
288,218,116,51,286,59,279,92,91,119,220,295,452,170,82,153,196,421,291,30,157,278,130,101,184,66,179,132,144,324,401,744,166,250,64,293,285,33,131,274,159,74,202,118,238,223,184,278,111,181
317,240,116,41,285,56,289,96,94,130,246,320,472,175,153,86,190,492,284,30,161,294,157,129,194,63,172,115,143,328,401,842,185,258,61,297,285,33,137,324,187,60,220,114,254,261,186,299,123,196
389,287,141,65,391,80,369,128,114,148,305,394,663,221,196,190,132,677,359,55,186,357,198,148,239,91,236,190,184,463,590,1080,220,364,79,355,348,66,197,385,223,94,261,154,294,342,225,369,148,249
870,783,368,154,906,178,915,285,324,345,700,1022,1492,582,421,492,677,828,882,114,511,957,546,373,621,228,635,449,457,1132,1383,2448,505,809,204,1020,852,146,482,986,591,200,686,329,761,804,577,998,338,606
503,418,211,76,536,98,495,138,169,206,427,562,940,305,291,284,359,882,266,65,289,518,290,205,345,150,369,237,282,634,795,1468,288,483,105,538,492,84,230,553,330,116,368,201,438,470,305,504,215,338
65,52,17,8,62,11,61,24,22,26,45,73,109,47,30,30,55,114,65,3,26,63,31,31,37,19,44,31,26,74,95,171,30,51,11,58,60,14,26,80,33,12,62,14,53,59,35,75,20,28
317,224,103,55,283,69,286,71,77,107,225,305,488,203,157,161,186,511,289,26,80,283,165,92,174,73,173,128,132,324,411,813,164,267,61,294,270,39,130,290,167,55,213,112,223,269,165,280,95,191
538,443,191,78,552,97,473,150,184,196,448,558,927,323,278,294,357,957,518,63,283,254,318,225,366,138,395,242,261,695,785,1496,258,492,105,561,492,86,277,555,344,100,385,211,416,446,319,523,203,337
349,242,113,54,308,62,316,74,111,124,267,343,539,180,130,157,198,546,290,31,165,318,72,134,180,62,183,136,152,350,453,850,159,263,67,280,319,43,144,320,183,64,223,126,258,253,182,317,120,201
197,182,71,34,206,36,186,58,59,80,162,213,373,139,101,129,148,373,205,31,92,225,134,46,131,56,155,87,93,242,301,608,106,176,43,217,198,39,90,208,148,35,162,88,147,189,125,203,80,129
360,283,102,70,338,81,333,89,121,129,294,366,622,213,184,194,239,621,345,37,174,366,180,131,100,76,211,160,179,423,493,969,167,307,95,344,352,53,160,332,203,83,272,109,250,295,179,352,123,202
153,117,45,21,133,34,130,41,45,51,96,133,229,100,66,63,91,228,150,19,73,138,62,56,76,17,76,57,70,158,211,351,67,126,25,141,121,20,57,150,72,27,130,36,99,115,80,126,46,108
366,296,139,62,356,76,329,93,108,134,277,390,606,251,179,172,236,635,369,44,173,395,183,155,211,76,117,153,188,437,543,1003,179,316,76,358,326,57,164,389,201,76,273,128,288,322,197,341,127,223
290,209,89,43,240,50,226,63,68,87,174,262,431,160,132,115,190,449,237,31,128,242,136,87,160,57,153,53,115,294,344,700,140,229,48,251,218,40,116,263,157,38,208,76,201,222,146,243,106,154
310,220,87,52,242,68,284,59,94,103,189,288,424,167,144,143,184,457,282,26,132,261,152,93,179,70,188,115,52,305,363,716,137,286,55,236,249,44,112,269,182,36,215,91,214,237,156,281,105,165
600,540,266,99,653,141,624,184,207,266,543,719,1183,394,324,328,463,1132,634,74,324,695,350,242,423,158,437,294,305,403,1016,1797,351,573,139,631,576,113,310,739,410,122,504,243,514,611,400,667,218,465
722,643,326,110,788,154,725,236,234,294,595,848,1379,475,401,401,590,1383,795,95,411,785,453,301,493,211,543,344,363,1016,590,2044,444,709,166,834,721,129,384,818,514,157,552,284,608,718,487,777,262,517
1190,1227,576,228,1468,298,1367,407,451,571,1164,1604,2429,927,744,842,1080,2448,1468,171,813,1496,850,608,969,351,1003,700,716,1797,2044,1931,741,1299,320,1582,1335,241,722,1472,933,325,1031,552,1189,1313,849,1446,496,965
247,226,111,38,284,49,269,83,99,103,222,317,511,155,166,185,220,505,288,30,164,258,159,106,167,67,179,140,137,351,444,741,75,255,59,319,248,41,157,306,159,66,198,114,225,244,170,284,95,185
509,416,173,100,454,107,478,160,174,203,409,488,785,317,250,258,364,809,483,51,267,492,263,176,307,126,316,229,286,573,709,1299,255,232,108,527,485,84,271,494,294,87,369,176,377,477,299,495,199,345
98,97,43,20,122,24,124,29,42,49,108,118,196,75,64,61,79,204,105,11,61,105,67,43,95,25,76,48,55,139,166,320,59,108,16,126,105,20,50,127,73,24,93,43,97,113,76,123,46,90
534,463,185,96,550,117,513,157,182,242,454,604,990,342,293,297,355,1020,538,58,294,561,280,217,344,141,358,251,236,631,834,1582,319,527,126,263,502,94,252,607,364,108,443,200,425,541,311,588,202,374
474,428,193,78,460,112,437,157,166,189,429,555,836,298,285,285,348,852,492,60,270,492,319,198,352,121,326,218,249,576,721,1335,248,485,105,502,232,78,248,511,316,94,343,168,388,428,306,489,177,335
80,60,26,14,115,14,95,17,32,27,73,103,148,57,33,33,66,146,84,14,39,86,43,39,53,20,57,40,44,113,129,241,41,84,20,94,78,5,34,100,56,15,65,35,72,73,51,79,35,59
261,206,102,45,241,62,253,74,85,119,223,301,453,162,131,137,197,482,230,26,130,277,144,90,160,57,164,116,112,310,384,722,157,271,50,252,248,34,62,259,149,54,188,98,197,236,149,267,85,158
465,415,223,74,548,107,506,158,160,211,446,579,953,372,274,324,385,986,553,80,290,555,320,208,332,150,389,263,269,739,818,1472,306,494,127,607,511,100,259,252,327,115,410,204,438,514,339,583,205,358
315,263,126,62,345,75,316,99,122,135,306,343,573,201,159,187,223,591,330,33,167,344,183,148,203,72,201,157,182,410,514,933,159,294,73,364,316,56,149,327,122,59,286,120,269,315,204,340,120,209
102,66,43,10,107,14,110,35,31,45,91,112,199,73,74,60,94,200,116,12,55,100,64,35,83,27,76,38,36,122,157,325,66,87,24,108,94,15,54,115,59,14,80,38,83,100,79,113,51,66
388,355,161,54,374,80,369,133,124,170,334,461,658,233,202,220,261,686,368,62,213,385,223,162,272,130,273,208,215,504,552,1031,198,369,93,443,343,65,188,410,286,80,127,135,327,358,231,392,146,263
192,162,79,27,186,28,167,50,74,74,143,208,336,129,118,114,154,329,201,14,112,211,126,88,109,36,128,76,91,243,284,552,114,176,43,200,168,35,98,204,120,38,135,36,161,172,110,216,63,126
435,344,145,70,380,92,345,124,125,169,369,452,767,242,238,254,294,761,438,53,223,416,258,147,250,99,288,201,214,514,608,1189,225,377,97,425,388,72,197,438,269,83,327,161,152,361,263,428,172,299
452,404,180,83,481,100,428,150,159,210,385,523,829,289,223,261,342,804,470,59,269,446,253,189,295,115,322,222,237,611,718,1313,244,477,113,541,428,73,236,514,315,100,358,172,361,226,283,471,159,314
330,231,134,64,321,72,299,84,106,142,276,375,585,195,184,186,225,577,305,35,165,319,182,125,179,80,197,146,156,400,487,849,170,299,76,311,306,51,149,339,204,79,231,110,263,283,110,326,115,210
494,479,204,91,533,104,486,170,160,212,437,614,941,342,278,299,369,998,504,75,280,523,317,203,352,126,341,243,281,667,777,1446,284,495,123,588,489,79,267,583,340,113,392,216,428,471,326,251,212,368
164,169,65,29,210,43,199,49,68,83,157,194,346,118,111,123,148,338,215,20,95,203,120,80,123,46,127,106,105,218,262,496,95,199,46,202,177,35,85,205,120,51,146,63,172,159,115,212,42,124
394,265,152,61,349,86,317,91,113,152,293,405,607,229,181,196,249,606,338,28,191,337,201,129,202,108,223,154,165,465,517,965,185,345,90,374,335,59,158,358,209,66,263,126,299,314,210,368,124,92
