273,411,206,91,502,122,477,177,173,233,424,499,835,359,302,331,371,846,513,66,328,526,342,205,326,151,369,302,302,581,682,1158,241,505,104,546,523,86,247,469,301,127,339,133,400,397,325,517,161,368
411,185,149,87,464,96,408,130,125,165,373,519,771,299,218,229,340,761,471,63,233,458,255,175,273,101,280,205,221,530,651,1207,228,390,97,447,404,68,229,424,271,95,305,149,358,396,269,459,146,298
206,149,31,41,223,48,210,62,61,69,143,246,390,147,102,109,130,390,194,20,89,182,112,80,118,46,129,90,98,246,290,563,116,188,54,214,183,28,95,206,135,46,162,70,156,207,136,214,77,141
91,87,41,9,82,19,77,29,27,32,76,87,144,56,49,50,77,138,79,8,45,68,50,29,68,24,53,41,50,108,141,225,46,83,22,87,75,10,43,86,63,15,61,33,59,66,59,75,33,63
502,464,223,82,248,106,484,146,163,204,407,567,926,326,283,298,367,946,538,51,274,514,306,213,363,110,325,238,258,637,748,1444,270,441,125,564,477,86,235,531,329,128,399,179,395,493,322,527,202,346
122,96,48,19,106,12,111,31,32,43,89,116,201,74,75,79,90,184,111,13,73,99,72,36,76,34,75,54,56,149,168,302,54,119,28,112,100,11,58,92,73,22,71,38,86,92,72,108,42,79
477,408,210,77,484,111,225,153,161,174,366,539,887,295,275,272,359,894,499,52,270,475,277,190,319,134,335,217,240,634,700,1371,242,470,108,498,454,80,257,497,332,92,361,160,377,431,293,477,161,291
177,130,62,29,146,31,153,19,53,72,141,192,286,93,81,82,90,271,168,16,87,164,85,77,95,43,99,62,71,182,228,430,88,154,33,159,153,19,70,171,112,24,119,61,124,123,97,144,68,107
173,125,61,27,163,32,161,53,25,61,136,203,286,106,92,103,125,272,165,18,85,155,108,63,101,43,96,80,81,180,231,453,92,164,34,191,142,25,82,131,105,46,115,58,119,129,101,183,63,102
233,165,69,32,204,43,174,72,61,51,191,235,335,140,110,135,144,366,196,20,109,218,129,82,141,49,150,115,97,236,316,583,101,194,51,227,203,34,95,224,115,48,151,81,178,210,137,202,83,151
424,373,143,76,407,89,366,141,136,191,213,416,705,304,220,253,268,719,451,47,242,454,232,173,292,101,296,202,210,547,659,1123,205,394,85,432,389,66,204,436,249,95,316,164,331,430,273,424,141,308
499,519,246,87,567,116,539,192,203,235,416,325,1007,373,263,286,394,1002,535,57,299,556,306,212,381,168,405,278,290,699,865,1571,298,504,124,618,483,88,280,609,379,124,411,214,449,512,342,589,195,354
835,771,390,144,926,201,887,286,286,335,705,1007,757,550,467,544,670,1367,919,119,472,968,542,369,607,248,637,461,505,1103,1359,2434,495,819,205,963,870,140,458,932,596,211,648,317,743,875,559,934,316,602
359,299,147,56,326,74,295,93,106,140,304,373,550,93,160,171,225,567,347,32,194,316,166,118,231,72,216,148,167,407,493,937,159,313,70,332,297,44,173,349,218,59,254,124,236,298,194,377,113,221
302,218,102,49,283,75,275,81,92,110,220,263,467,160,74,148,194,485,275,34,121,287,172,120,178,64,169,116,134,319,417,713,139,284,58,270,267,45,123,291,167,64,213,98,217,258,165,295,91,194
331,229,109,50,298,79,272,82,103,135,253,286,544,171,148,82,194,551,302,32,138,306,176,133,191,64,190,136,156,364,448,832,154,299,55,270,265,40,122,300,197,62,216,91,224,277,183,306,102,218
371,340,130,77,367,90,359,90,125,144,268,394,670,225,194,194,121,680,335,48,205,367,219,148,238,101,258,182,166,489,538,976,177,351,85,368,358,67,158,373,228,78,287,148,289,326,250,405,137,214
846,761,390,138,946,184,894,271,272,366,719,1002,1367,567,485,551,680,772,883,132,492,957,518,333,587,229,623,447,463,1068,1326,2479,488,854,213,979,896,148,463,924,553,207,603,337,753,836,593,940,331,634
513,471,194,79,538,111,499,168,165,196,451,535,919,347,275,302,335,883,257,57,277,509,268,197,310,113,339,232,255,627,766,1437,268,485,123,510,452,90,257,519,327,115,352,202,382,470,294,574,185,324
66,63,20,8,51,13,52,16,18,20,47,57,119,32,34,32,48,132,57,0,27,53,36,17,51,18,34,31,34,59,101,185,36,52,13,69,59,8,19,72,32,5,52,26,46,72,49,56,28,32
328,233,89,45,274,73,270,87,85,109,242,299,472,194,121,138,205,492,277,27,79,294,141,103,170,65,190,122,121,351,442,819,137,272,60,280,264,39,134,300,172,61,204,100,208,254,165,279,95,192
526,458,182,68,514,99,475,164,155,218,454,556,968,316,287,306,367,957,509,53,294,248,313,221,348,129,333,242,302,668,750,1408,298,471,116,530,464,72,261,514,297,106,379,207,386,457,327,508,184,376
342,255,112,50,306,72,277,85,108,129,232,306,542,166,172,176,219,518,268,36,141,313,97,117,188,99,203,130,148,368,468,820,165,301,56,302,304,41,135,302,177,66,214,127,252,326,190,308,129,196
205,175,80,29,213,36,190,77,63,82,173,212,369,118,120,133,148,333,197,17,103,221,117,44,129,54,148,87,95,267,328,579,108,193,40,221,184,31,128,225,127,43,136,78,155,175,108,218,64,142
326,273,118,68,363,76,319,95,101,141,292,381,607,231,178,191,238,587,310,51,170,348,188,129,100,82,220,168,142,400,503,912,167,310,78,354,314,47,175,347,227,85,241,131,246,310,217,348,116,231
151,101,46,24,110,34,134,43,43,49,101,168,248,72,64,64,101,229,113,18,65,129,99,54,82,12,66,63,63,141,199,363,70,105,21,133,111,18,58,134,107,27,100,46,106,108,78,142,50,88
369,280,129,53,325,75,335,99,96,150,296,405,637,216,169,190,258,623,339,34,190,333,203,148,220,66,93,170,146,379,497,954,178,293,59,353,316,43,174,359,228,70,265,128,265,317,204,353,136,222
302,205,90,41,238,54,217,62,80,115,202,278,461,148,116,136,182,447,232,31,122,242,130,87,168,63,170,46,129,276,377,725,140,218,47,261,235,47,115,265,157,47,199,92,187,232,138,248,87,183
302,221,98,50,258,56,240,71,81,97,210,290,505,167,134,156,166,463,255,34,121,302,148,95,142,63,146,129,62,292,411,711,129,221,41,235,245,33,114,263,177,55,189,94,199,233,150,237,75,181
581,530,246,108,637,149,634,182,180,236,547,699,1103,407,319,364,489,1068,627,59,351,668,368,267,400,141,379,276,292,374,932,1793,353,595,154,636,598,125,305,710,391,126,465,218,525,575,416,652,238,419
682,651,290,141,748,168,700,228,231,316,659,865,1359,493,417,448,538,1326,766,101,442,750,468,328,503,199,497,377,411,932,522,2031,402,707,195,812,698,136,355,774,462,174,554,286,596,659,496,717,278,548
1158,1207,563,225,1444,302,1371,430,453,583,1123,1571,2434,937,713,832,976,2479,1437,185,819,1408,820,579,912,363,954,725,711,1793,2031,1812,734,1298,313,1465,1289,245,655,1426,921,296,1043,570,1110,1325,861,1333,504,885
241,228,116,46,270,54,242,88,92,101,205,298,495,159,139,154,177,488,268,36,137,298,165,108,167,70,178,140,129,353,402,734,75,250,60,286,269,47,131,270,173,63,179,106,196,276,167,257,100,189
505,390,188,83,441,119,470,154,164,194,394,504,819,313,284,299,351,854,485,52,272,471,301,193,310,105,293,218,221,595,707,1298,250,237,105,503,439,70,230,507,318,88,348,174,390,427,298,472,183,327
104,97,54,22,125,28,108,33,34,51,85,124,205,70,58,55,85,213,123,13,60,116,56,40,78,21,59,47,41,154,195,313,60,105,10,121,98,24,59,128,82,22,84,55,93,93,67,112,35,62
546,447,214,87,564,112,498,159,191,227,432,618,963,332,270,270,368,979,510,69,280,530,302,221,354,133,353,261,235,636,812,1465,286,503,121,270,526,96,260,577,345,96,431,202,427,450,323,557,197,336
523,404,183,75,477,100,454,153,142,203,389,483,870,297,267,265,358,896,452,59,264,464,304,184,314,111,316,235,245,598,698,1289,269,439,98,526,221,73,255,502,316,91,353,166,386,424,314,475,172,333
86,68,28,10,86,11,80,19,25,34,66,88,140,44,45,40,67,148,90,8,39,72,41,31,47,18,43,47,33,125,136,245,47,70,24,96,73,10,52,84,63,13,77,28,43,79,50,97,26,63
247,229,95,43,235,58,257,70,82,95,204,280,458,173,123,122,158,463,257,19,134,261,135,128,175,58,174,115,114,305,355,655,131,230,59,260,255,52,53,253,158,55,188,85,213,211,170,245,90,152
469,424,206,86,531,92,497,171,131,224,436,609,932,349,291,300,373,924,519,72,300,514,302,225,347,134,359,265,263,710,774,1426,270,507,128,577,502,84,253,280,339,105,366,200,416,474,313,551,185,370
301,271,135,63,329,73,332,112,105,115,249,379,596,218,167,197,228,553,327,32,172,297,177,127,227,107,228,157,177,391,462,921,173,318,82,345,316,63,158,339,103,64,243,143,288,280,206,356,109,232
127,95,46,15,128,22,92,24,46,48,95,124,211,59,64,62,78,207,115,5,61,106,66,43,85,27,70,47,55,126,174,296,63,88,22,96,91,13,55,105,64,15,84,41,102,94,68,115,48,75
339,305,162,61,399,71,361,119,115,151,316,411,648,254,213,216,287,603,352,52,204,379,214,136,241,100,265,199,189,465,554,1043,179,348,84,431,353,77,188,366,243,84,136,119,317,301,244,376,130,253
133,149,70,33,179,38,160,61,58,81,164,214,317,124,98,91,148,337,202,26,100,207,127,78,131,46,128,92,94,218,286,570,106,174,55,202,166,28,85,200,143,41,119,34,158,191,111,208,79,118
400,358,156,59,395,86,377,124,119,178,331,449,743,236,217,224,289,753,382,46,208,386,252,155,246,106,265,187,199,525,596,1110,196,390,93,427,386,43,213,416,288,102,317,158,149,394,242,394,154,266
397,396,207,66,493,92,431,123,129,210,430,512,875,298,258,277,326,836,470,72,254,457,326,175,310,108,317,232,233,575,659,1325,276,427,93,450,424,79,211,474,280,94,301,191,394,223,301,448,164,328
325,269,136,59,322,72,293,97,101,137,273,342,559,194,165,183,250,593,294,49,165,327,190,108,217,78,204,138,150,416,496,861,167,298,67,323,314,50,170,313,206,68,244,111,242,301,102,336,113,202
517,459,214,75,527,108,477,144,183,202,424,589,934,377,295,306,405,940,574,56,279,508,308,218,348,142,353,248,237,652,717,1333,257,472,112,557,475,97,245,551,356,115,376,208,394,448,336,263,184,344
161,146,77,33,202,42,161,68,63,83,141,195,316,113,91,102,137,331,185,28,95,184,129,64,116,50,136,87,75,238,278,504,100,183,35,197,172,26,90,185,109,48,130,79,154,164,113,184,38,117
368,298,141,63,346,79,291,107,102,151,308,354,602,221,194,218,214,634,324,32,192,376,196,142,231,88,222,183,181,419,548,885,189,327,62,336,333,63,152,370,232,75,253,118,266,328,202,344,117,122
