269,454,217,93,518,100,493,195,196,240,429,479,787,386,318,336,348,856,505,71,313,536,355,235,368,137,398,292,286,575,707,1164,238,488,100,512,508,73,270,481,304,118,384,177,459,422,354,492,175,395
454,193,169,72,453,85,407,138,146,191,390,487,827,280,217,238,317,790,434,54,244,474,256,174,258,104,288,175,220,532,677,1249,217,410,107,441,417,77,211,460,301,89,340,172,353,366,261,427,162,334
217,169,42,26,199,50,212,51,68,95,174,226,357,132,107,98,151,341,203,23,98,212,111,81,111,54,135,99,115,238,254,548,105,183,57,179,186,36,100,219,134,43,162,93,159,179,113,216,80,142
93,72,26,10,83,17,86,38,36,37,70,91,135,63,43,46,60,135,97,8,50,99,57,43,59,25,60,48,55,100,138,199,44,81,9,88,71,11,37,76,53,25,63,35,79,68,48,74,31,58
518,453,199,83,265,122,487,160,179,227,434,573,956,325,272,287,380,943,506,57,289,509,329,194,369,126,353,253,291,632,756,1414,266,467,111,524,463,98,249,553,354,103,381,189,419,482,323,502,190,342
100,85,50,17,122,9,103,47,32,53,106,126,190,83,59,72,76,187,121,15,81,141,77,54,84,30,76,58,72,134,170,289,51,109,20,112,91,15,59,113,59,26,92,53,97,96,71,109,38,76
493,407,212,86,487,103,232,134,145,228,414,526,847,342,261,296,334,844,487,53,297,505,282,190,324,132,344,249,259,566,727,1356,275,452,101,515,472,87,237,506,316,111,375,201,379,425,323,504,141,339
195,138,51,38,160,47,134,16,46,64,131,164,253,84,65,87,103,279,167,15,96,171,87,74,74,30,90,72,81,174,209,455,82,151,41,176,138,25,69,184,102,32,98,65,100,152,92,155,48,112
196,146,68,36,179,32,145,46,22,62,128,162,284,111,90,86,112,286,171,19,75,167,98,43,97,42,99,83,83,155,250,475,105,129,33,167,147,26,84,171,113,27,135,51,139,156,108,185,52,117
240,191,95,37,227,53,228,64,62,45,171,228,376,145,133,143,119,399,194,18,124,201,118,74,143,59,144,97,107,232,302,563,111,209,39,200,218,27,105,243,110,41,147,77,192,182,135,215,72,152
429,390,174,70,434,106,414,131,128,171,197,489,772,287,250,247,275,715,388,60,237,424,243,152,284,117,295,197,221,507,583,1143,248,401,90,436,387,77,208,491,277,79,289,148,361,399,268,434,156,329
479,487,226,91,573,126,526,164,162,228,489,319,989,356,297,297,408,1009,586,78,292,565,341,212,371,157,380,256,313,698,810,1532,312,538,144,593,532,103,282,580,368,107,424,197,442,488,356,585,208,358
787,827,357,135,956,190,847,253,284,376,772,989,803,588,478,526,670,1502,877,122,508,976,559,345,602,258,646,405,444,1118,1305,2400,491,832,210,939,838,150,440,978,598,193,649,349,723,822,597,933,337,558
386,280,132,63,325,83,342,84,111,145,287,356,588,105,157,180,227,608,337,45,182,336,180,117,225,63,188,166,168,395,492,916,163,296,85,354,302,54,152,355,212,70,259,116,272,278,176,347,140,224
318,217,107,43,272,59,261,65,90,133,250,297,478,157,85,162,200,491,262,32,142,274,163,101,165,55,165,125,153,314,429,749,162,233,63,252,242,44,128,287,175,68,205,94,206,248,162,276,121,191
336,238,98,46,287,72,296,87,86,143,247,297,526,180,162,57,183,549,291,30,150,282,177,117,194,65,200,138,159,318,441,819,169,269,58,277,234,50,117,302,184,67,231,96,216,264,179,299,113,227
348,317,151,60,380,76,334,103,112,119,275,408,670,227,200,183,140,735,360,47,199,338,237,130,233,87,224,166,175,456,564,1104,190,321,95,365,316,60,176,413,233,74,279,122,276,362,241,378,144,223
856,790,341,135,943,187,844,279,286,399,715,1009,1502,608,491,549,735,849,925,131,516,930,558,374,596,249,677,426,417,1147,1339,2395,484,828,197,950,824,151,454,985,594,190,635,352,724,809,562,912,338,619
505,434,203,97,506,121,487,167,171,194,388,586,877,337,262,291,360,925,256,59,267,509,324,223,296,134,321,236,243,599,818,1402,266,453,116,558,481,74,270,535,360,107,403,210,402,522,334,504,198,343
71,54,23,8,57,15,53,15,19,18,60,78,122,45,32,30,47,131,59,4,35,70,38,25,56,11,42,30,28,69,107,181,31,52,13,63,60,7,19,62,33,15,39,17,51,60,31,66,22,45
313,244,98,50,289,81,297,96,75,124,237,292,508,182,142,150,199,516,267,35,77,284,155,122,184,66,170,130,134,356,392,772,144,280,59,269,283,37,150,309,157,49,207,104,233,252,161,290,112,190
536,474,212,99,509,141,505,171,167,201,424,565,976,336,274,282,338,930,509,70,284,274,323,194,358,118,338,241,269,638,773,1411,285,497,111,564,477,81,269,529,303,125,398,208,424,461,345,489,199,351
355,256,111,57,329,77,282,87,98,118,243,341,559,180,163,177,237,558,324,38,155,323,106,105,200,82,190,137,154,357,487,879,174,282,84,305,294,41,176,312,175,68,235,115,249,281,187,337,129,187
235,174,81,43,194,54,190,74,43,74,152,212,345,117,101,117,130,374,223,25,122,194,105,32,122,46,131,108,97,270,285,553,113,190,48,212,199,37,103,204,111,57,180,67,150,155,134,192,79,146
368,258,111,59,369,84,324,74,97,143,284,371,602,225,165,194,233,596,296,56,184,358,200,122,113,89,225,134,171,427,519,899,191,304,76,323,333,64,131,341,221,62,248,122,266,309,221,336,132,221
137,104,54,25,126,30,132,30,42,59,117,157,258,63,55,65,87,249,134,11,66,118,82,46,89,10,83,57,59,176,177,360,63,113,30,122,127,15,59,133,106,34,127,43,110,117,76,133,59,84
398,288,135,60,353,76,344,90,99,144,295,380,646,188,165,200,224,677,321,42,170,338,190,131,225,83,126,146,155,467,466,974,173,331,84,361,325,50,156,385,205,73,282,122,283,345,223,342,151,248
292,175,99,48,253,58,249,72,83,97,197,256,405,166,125,138,166,426,236,30,130,241,137,108,134,57,146,57,120,329,358,630,131,222,55,230,222,37,127,240,134,41,193,74,183,226,143,255,96,146
286,220,115,55,291,72,259,81,83,107,221,313,444,168,153,159,175,417,243,28,134,269,154,97,171,59,155,120,74,302,390,700,136,251,50,252,268,34,126,263,175,65,218,98,227,224,166,279,102,182
575,532,238,100,632,134,566,174,155,232,507,698,1118,395,314,318,456,1147,599,69,356,638,357,270,427,176,467,329,302,384,930,1777,345,584,134,683,574,104,308,729,411,126,462,239,517,581,365,649,228,409
707,677,254,138,756,170,727,209,250,302,583,810,1305,492,429,441,564,1339,818,107,392,773,487,285,519,177,466,358,390,930,566,2067,385,711,154,863,705,113,362,781,515,160,582,290,650,681,516,759,292,554
1164,1249,548,199,1414,289,1356,455,475,563,1143,1532,2400,916,749,819,1104,2395,1402,181,772,1411,879,553,899,360,974,630,700,1777,2067,1899,724,1264,314,1498,1292,226,701,1490,988,285,1061,548,1080,1230,870,1435,497,912
238,217,105,44,266,51,275,82,105,111,248,312,491,163,162,169,190,484,266,31,144,285,174,113,191,63,173,131,136,345,385,724,66,250,73,296,251,50,134,284,160,56,192,113,214,253,190,298,120,171
488,410,183,81,467,109,452,151,129,209,401,538,832,296,233,269,321,828,453,52,280,497,282,190,304,113,331,222,251,584,711,1264,250,237,108,481,434,75,234,471,317,104,367,187,353,396,302,457,168,303
100,107,57,9,111,20,101,41,33,39,90,144,210,85,63,58,95,197,116,13,59,111,84,48,76,30,84,55,50,134,154,314,73,108,13,102,106,26,58,120,82,24,87,36,103,104,67,130,34,87
512,441,179,88,524,112,515,176,167,200,436,593,939,354,252,277,365,950,558,63,269,564,305,212,323,122,361,230,252,683,863,1498,296,481,102,283,505,72,278,583,350,124,389,206,398,494,307,533,207,381
508,417,186,71,463,91,472,138,147,218,387,532,838,302,242,234,316,824,481,60,283,477,294,199,333,127,325,222,268,574,705,1292,251,434,106,505,226,69,223,489,298,99,360,196,403,394,291,503,184,311
73,77,36,11,98,15,87,25,26,27,77,103,150,54,44,50,60,151,74,7,37,81,41,37,64,15,50,37,34,104,113,226,50,75,26,72,69,9,43,88,59,18,48,32,65,83,56,82,32,53
270,211,100,37,249,59,237,69,84,105,208,282,440,152,128,117,176,454,270,19,150,269,176,103,131,59,156,127,126,308,362,701,134,234,58,278,223,43,53,274,180,57,177,96,180,250,155,263,76,185
481,460,219,76,553,113,506,184,171,243,491,580,978,355,287,302,413,985,535,62,309,529,312,204,341,133,385,240,263,729,781,1490,284,471,120,583,489,88,274,266,372,116,371,203,440,469,346,501,178,376
304,301,134,53,354,59,316,102,113,110,277,368,598,212,175,184,233,594,360,33,157,303,175,111,221,106,205,134,175,411,515,988,160,317,82,350,298,59,180,372,125,54,259,123,270,304,219,344,128,195
118,89,43,25,103,26,111,32,27,41,79,107,193,70,68,67,74,190,107,15,49,125,68,57,62,34,73,41,65,126,160,285,56,104,24,124,99,18,57,116,54,13,78,38,93,101,68,107,33,73
384,340,162,63,381,92,375,98,135,147,289,424,649,259,205,231,279,635,403,39,207,398,235,180,248,127,282,193,218,462,582,1061,192,367,87,389,360,48,177,371,259,78,136,120,292,321,268,387,121,270
177,172,93,35,189,53,201,65,51,77,148,197,349,116,94,96,122,352,210,17,104,208,115,67,122,43,122,74,98,239,290,548,113,187,36,206,196,32,96,203,123,38,120,42,161,203,117,188,69,146
459,353,159,79,419,97,379,100,139,192,361,442,723,272,206,216,276,724,402,51,233,424,249,150,266,110,283,183,227,517,650,1080,214,353,103,398,403,65,180,440,270,93,292,161,166,374,258,413,164,291
422,366,179,68,482,96,425,152,156,182,399,488,822,278,248,264,362,809,522,60,252,461,281,155,309,117,345,226,224,581,681,1230,253,396,104,494,394,83,250,469,304,101,321,203,374,224,303,489,163,320
354,261,113,48,323,71,323,92,108,135,268,356,597,176,162,179,241,562,334,31,161,345,187,134,221,76,223,143,166,365,516,870,190,302,67,307,291,56,155,346,219,68,268,117,258,303,84,352,136,242
492,427,216,74,502,109,504,155,185,215,434,585,933,347,276,299,378,912,504,66,290,489,337,192,336,133,342,255,279,649,759,1435,298,457,130,533,503,82,263,501,344,107,387,188,413,489,352,284,194,356
175,162,80,31,190,38,141,48,52,72,156,208,337,140,121,113,144,338,198,22,112,199,129,79,132,59,151,96,102,228,292,497,120,168,34,207,184,32,76,178,128,33,121,69,164,163,136,194,34,126
395,334,142,58,342,76,339,112,117,152,329,358,558,224,191,227,223,619,343,45,190,351,187,146,221,84,248,146,182,409,554,912,171,303,87,381,311,53,185,376,195,73,270,146,291,320,242,356,126,120
