264,435,206,88,508,103,443,164,181,238,426,521,802,368,331,348,332,772,511,67,315,499,337,227,366,146,355,276,283,584,645,1194,247,496,93,469,456,94,236,457,296,107,382,158,419,388,306,484,177,377
435,177,165,75,443,102,401,117,131,197,376,485,752,299,216,247,295,809,431,56,233,437,238,171,306,102,280,203,225,520,675,1204,242,388,92,433,428,79,218,463,295,93,344,152,371,416,274,455,163,271
206,165,25,36,201,54,203,52,55,94,136,223,379,134,100,109,145,365,189,26,101,200,123,79,142,42,119,78,101,274,294,564,102,194,60,201,184,27,84,188,106,40,175,72,168,178,132,214,89,135
88,75,36,9,85,18,80,22,30,34,67,78,152,57,51,55,60,149,98,11,55,104,55,36,59,27,65,50,49,113,121,225,38,92,18,70,81,18,43,76,51,20,58,33,80,77,59,79,28,64
508,443,201,85,246,111,502,144,160,217,428,567,879,303,274,302,361,887,472,52,285,503,299,193,328,110,313,262,267,624,727,1352,293,479,118,503,480,85,253,538,329,95,400,180,432,478,322,507,194,318
103,102,54,18,111,6,96,24,31,55,99,120,204,81,65,75,94,200,119,15,75,115,78,52,78,31,85,67,62,144,154,295,61,100,17,107,120,27,48,112,75,26,76,40,104,94,75,115,30,88
443,401,203,80,502,96,220,137,160,210,396,526,823,312,268,288,361,838,511,53,305,480,298,203,304,130,343,213,256,603,707,1266,250,419,104,514,429,83,244,544,337,111,349,193,393,440,305,504,180,337
164,117,52,22,144,24,137,25,40,82,131,165,307,95,77,78,95,269,170,14,81,144,79,64,102,28,99,68,84,171,248,454,84,117,35,151,124,30,69,172,103,33,105,56,134,111,93,154,66,113
181,131,55,30,160,31,160,40,35,64,130,171,292,107,101,114,115,298,163,8,97,187,100,73,88,33,104,69,85,201,267,498,102,159,35,167,147,29,88,173,96,39,131,67,147,163,103,166,66,95
238,197,94,34,217,55,210,82,64,46,171,221,376,134,112,112,154,330,229,16,121,245,118,104,138,58,145,98,112,243,315,605,112,191,50,224,192,34,126,229,145,53,150,75,182,219,139,215,89,149
426,376,136,67,428,99,396,131,130,171,182,496,737,261,222,255,300,756,468,52,260,481,243,178,261,102,305,194,243,498,666,1156,232,400,92,452,403,73,211,463,291,86,318,146,346,404,279,457,150,287
521,485,223,78,567,120,526,165,171,221,496,339,974,369,297,315,420,1019,565,70,324,562,346,238,388,147,381,249,262,696,796,1562,298,511,142,577,522,84,261,574,373,96,389,213,471,501,374,583,239,389
802,752,379,152,879,204,823,307,292,376,737,974,785,556,485,543,698,1391,862,114,535,876,544,364,603,262,614,429,479,1106,1325,2333,477,872,220,948,841,156,493,937,565,177,666,345,689,817,580,854,329,568
368,299,134,57,303,81,312,95,107,134,261,369,556,92,160,174,241,588,342,35,166,350,210,145,234,89,218,146,188,396,523,935,195,303,71,335,292,41,146,373,202,64,237,118,261,309,210,337,113,227
331,216,100,51,274,65,268,77,101,112,222,297,485,160,58,139,182,478,276,36,163,257,133,106,164,67,159,115,142,329,391,708,141,244,47,257,260,27,153,260,165,50,205,95,215,239,164,257,91,198
348,247,109,55,302,75,288,78,114,112,255,315,543,174,139,83,227,541,310,45,151,304,164,113,196,61,157,131,146,365,406,814,165,257,56,277,275,39,159,288,205,51,211,111,240,244,172,295,113,216
332,295,145,60,361,94,361,95,115,154,300,420,698,241,182,227,116,684,327,40,208,342,217,163,221,87,230,162,210,490,527,969,209,342,78,342,318,55,157,391,223,72,299,127,287,351,213,392,117,240
772,809,365,149,887,200,838,269,298,330,756,1019,1391,588,478,541,684,747,886,125,522,892,557,355,624,249,643,395,477,1102,1308,2388,515,821,223,941,826,146,435,931,609,177,684,336,739,817,557,878,336,574
511,431,189,98,472,119,511,170,163,229,468,565,862,342,276,310,327,886,240,54,283,462,273,212,325,133,357,240,272,671,718,1426,283,496,95,561,457,74,253,552,341,129,400,196,404,476,318,521,171,367
67,56,26,11,52,15,53,14,8,16,52,70,114,35,36,45,40,125,54,5,33,49,29,20,31,21,41,41,28,98,97,211,33,53,18,63,63,13,34,64,33,10,59,26,50,74,27,63,29,33
315,233,101,55,285,75,305,81,97,121,260,324,535,166,163,151,208,522,283,33,56,265,183,108,171,70,178,128,126,333,407,808,189,264,64,282,280,48,134,339,166,53,248,112,242,249,179,308,133,206
499,437,200,104,503,115,480,144,187,245,481,562,876,350,257,304,342,892,462,49,265,224,294,218,332,130,352,224,234,674,751,1415,289,462,98,571,450,78,243,540,347,105,396,205,384,466,324,500,160,339
337,238,123,55,299,78,298,79,100,118,243,346,544,210,133,164,217,557,273,29,183,294,69,120,178,84,181,148,140,375,470,831,157,290,82,309,308,48,159,324,197,55,230,97,226,287,169,291,90,199
227,171,79,36,193,52,203,64,73,104,178,238,364,145,106,113,163,355,212,20,108,218,120,40,150,49,148,92,116,254,324,532,100,173,44,252,175,32,105,219,129,51,145,75,151,182,122,236,59,143
366,306,142,59,328,78,304,102,88,138,261,388,603,234,164,196,221,624,325,31,171,332,178,150,90,78,211,154,178,407,504,922,188,283,67,343,338,47,177,358,190,69,249,136,249,350,205,307,103,200
146,102,42,27,110,31,130,28,33,58,102,147,262,89,67,61,87,249,133,21,70,130,84,49,78,18,72,62,67,152,177,352,76,123,28,131,133,22,62,141,82,22,81,59,109,135,80,136,55,93
355,280,119,65,313,85,343,99,104,145,305,381,614,218,159,157,230,643,357,41,178,352,181,148,211,72,98,170,180,419,522,906,182,296,79,364,324,47,175,367,228,67,262,141,275,340,199,372,123,227
276,203,78,50,262,67,213,68,69,98,194,249,429,146,115,131,162,395,240,41,128,224,148,92,154,62,170,48,105,305,387,619,129,222,46,247,233,38,118,249,165,41,186,90,173,218,126,282,88,159
283,225,101,49,267,62,256,84,85,112,243,262,479,188,142,146,210,477,272,28,126,234,140,116,178,67,180,105,54,330,416,687,149,225,41,264,243,43,119,276,152,54,197,93,202,219,155,264,97,198
584,520,274,113,624,144,603,171,201,243,498,696,1106,396,329,365,490,1102,671,98,333,674,375,254,407,152,419,305,330,395,949,1765,326,604,148,645,613,92,290,672,406,140,518,228,491,569,371,627,227,381
645,675,294,121,727,154,707,248,267,315,666,796,1325,523,391,406,527,1308,718,97,407,751,470,324,504,177,522,387,416,949,561,2052,410,707,162,776,708,129,356,789,506,170,587,309,632,703,489,754,268,480
1194,1204,564,225,1352,295,1266,454,498,605,1156,1562,2333,935,708,814,969,2388,1426,211,808,1415,831,532,922,352,906,619,687,1765,2052,1851,716,1336,348,1530,1286,243,706,1412,986,302,1011,506,1074,1255,850,1379,520,938
247,242,102,38,293,61,250,84,102,112,232,298,477,195,141,165,209,515,283,33,189,289,157,100,188,76,182,129,149,326,410,716,76,258,60,299,239,47,132,270,160,62,204,113,191,255,197,265,94,177
496,388,194,92,479,100,419,117,159,191,400,511,872,303,244,257,342,821,496,53,264,462,290,173,283,123,296,222,225,604,707,1336,258,231,106,526,417,88,224,476,311,100,360,188,382,445,291,463,183,350
93,92,60,18,118,17,104,35,35,50,92,142,220,71,47,56,78,223,95,18,64,98,82,44,67,28,79,46,41,148,162,348,60,106,10,126,90,21,62,113,68,21,87,41,103,98,76,123,40,74
469,433,201,70,503,107,514,151,167,224,452,577,948,335,257,277,342,941,561,63,282,571,309,252,343,131,364,247,264,645,776,1530,299,526,126,264,489,88,250,567,332,115,413,172,438,519,336,502,199,326
456,428,184,81,480,120,429,124,147,192,403,522,841,292,260,275,318,826,457,63,280,450,308,175,338,133,324,233,243,613,708,1286,239,417,90,489,220,80,203,496,302,103,331,208,401,451,312,489,204,303
94,79,27,18,85,27,83,30,29,34,73,84,156,41,27,39,55,146,74,13,48,78,48,32,47,22,47,38,43,92,129,243,47,88,21,88,80,7,52,105,58,17,54,35,66,81,50,88,28,56
236,218,84,43,253,48,244,69,88,126,211,261,493,146,153,159,157,435,253,34,134,243,159,105,177,62,175,118,119,290,356,706,132,224,62,250,203,52,59,268,173,55,204,92,213,252,154,250,92,173
457,463,188,76,538,112,544,172,173,229,463,574,937,373,260,288,391,931,552,64,339,540,324,219,358,141,367,249,276,672,789,1412,270,476,113,567,496,105,268,258,351,114,395,210,439,431,347,551,192,372
296,295,106,51,329,75,337,103,96,145,291,373,565,202,165,205,223,609,341,33,166,347,197,129,190,82,228,165,152,406,506,986,160,311,68,332,302,58,173,351,121,72,239,133,236,285,205,323,114,223
107,93,40,20,95,26,111,33,39,53,86,96,177,64,50,51,72,177,129,10,53,105,55,51,69,22,67,41,54,140,170,302,62,100,21,115,103,17,55,114,72,14,96,39,88,104,56,104,33,82
382,344,175,58,400,76,349,105,131,150,318,389,666,237,205,211,299,684,400,59,248,396,230,145,249,81,262,186,197,518,587,1011,204,360,87,413,331,54,204,395,239,96,147,146,289,368,229,397,134,306
158,152,72,33,180,40,193,56,67,75,146,213,345,118,95,111,127,336,196,26,112,205,97,75,136,59,141,90,93,228,309,506,113,188,41,172,208,35,92,210,133,39,146,33,141,190,110,201,73,112
419,371,168,80,432,104,393,134,147,182,346,471,689,261,215,240,287,739,404,50,242,384,226,151,249,109,275,173,202,491,632,1074,191,382,103,438,401,66,213,439,236,88,289,141,158,381,246,406,124,270
388,416,178,77,478,94,440,111,163,219,404,501,817,309,239,244,351,817,476,74,249,466,287,182,350,135,340,218,219,569,703,1255,255,445,98,519,451,81,252,431,285,104,368,190,381,215,294,476,152,283
306,274,132,59,322,75,305,93,103,139,279,374,580,210,164,172,213,557,318,27,179,324,169,122,205,80,199,126,155,371,489,850,197,291,76,336,312,50,154,347,205,56,229,110,246,294,111,305,123,221
484,455,214,79,507,115,504,154,166,215,457,583,854,337,257,295,392,878,521,63,308,500,291,236,307,136,372,282,264,627,754,1379,265,463,123,502,489,88,250,551,323,104,397,201,406,476,305,277,179,353
177,163,89,28,194,30,180,66,66,89,150,239,329,113,91,113,117,336,171,29,133,160,90,59,103,55,123,88,97,227,268,520,94,183,40,199,204,28,92,192,114,33,134,73,124,152,123,179,33,117
377,271,135,64,318,88,337,113,95,149,287,389,568,227,198,216,240,574,367,33,206,339,199,143,200,93,227,159,198,381,480,938,177,350,74,326,303,56,173,372,223,82,306,112,270,283,221,353,117,107
