265,459,210,72,481,102,493,165,166,234,448,542,796,362,327,310,354,808,493,69,306,471,339,193,380,127,365,265,315,612,655,1177,237,490,116,513,450,99,256,462,278,110,360,179,438,427,350,486,187,357
459,204,161,68,477,96,436,137,137,162,381,499,822,267,238,222,323,824,461,49,237,449,253,169,272,118,298,193,221,540,678,1280,257,420,97,495,419,79,218,465,266,99,330,175,370,389,275,473,172,278
210,161,35,34,207,41,180,54,60,83,190,238,384,151,109,116,142,378,204,27,96,213,114,72,129,43,133,92,87,240,308,587,101,171,38,196,185,38,109,231,131,42,143,74,144,188,133,209,78,137
72,68,34,6,86,16,81,37,26,35,83,108,138,54,47,67,73,140,103,14,46,99,57,42,68,25,71,53,42,92,127,223,45,95,18,102,73,14,52,96,56,16,76,33,57,68,51,91,25,60
481,477,207,86,266,108,526,183,157,194,401,563,885,349,247,296,381,900,571,69,260,572,317,236,340,135,330,249,256,631,746,1453,275,507,118,522,478,85,262,560,352,98,393,192,424,464,317,510,176,351
102,96,41,16,108,6,102,46,37,45,110,126,221,55,63,81,93,214,122,19,67,112,71,51,82,40,109,58,50,168,147,297,67,103,19,145,105,19,77,121,81,23,84,44,94,99,60,112,35,80
493,436,180,81,526,102,227,148,151,194,401,544,867,298,275,305,361,879,461,62,267,479,304,176,331,125,305,254,236,598,700,1327,290,440,114,506,460,75,254,520,300,97,378,194,399,446,323,495,172,341
165,137,54,37,183,46,148,20,65,68,128,167,295,101,78,92,106,287,164,19,85,173,77,61,101,35,100,68,83,174,247,468,93,159,37,154,146,27,62,155,103,35,114,53,120,161,98,177,52,102
166,137,60,26,157,37,151,65,19,67,144,191,302,124,106,111,124,307,168,23,87,166,85,54,101,36,100,63,89,192,278,436,90,143,45,186,177,22,92,182,118,35,109,66,124,181,121,171,70,126
234,162,83,35,194,45,194,68,67,52,168,225,358,119,130,142,144,348,202,27,114,222,137,86,138,53,142,107,94,265,302,569,118,202,35,222,215,34,103,233,143,41,163,62,162,181,133,199,70,154
448,381,190,83,401,110,401,128,144,168,182,426,696,266,231,262,313,754,427,66,231,445,246,176,287,111,299,219,209,527,632,1143,243,431,92,444,409,69,215,456,281,90,337,170,352,406,274,450,141,318
542,499,238,108,563,126,544,167,191,225,426,339,1023,367,292,328,415,1010,609,65,309,591,340,233,360,121,367,250,284,730,917,1618,308,518,115,614,566,90,269,624,371,114,442,215,438,518,312,602,208,382
796,822,384,138,885,221,867,295,302,358,696,1023,800,563,482,539,711,1460,942,130,516,910,513,314,600,222,628,420,431,1085,1367,2434,461,845,178,990,850,142,459,977,597,188,701,388,711,819,596,899,342,596
362,267,151,54,349,55,298,101,124,119,266,367,563,97,190,194,222,605,336,55,160,333,200,130,203,76,219,151,168,415,499,933,195,304,64,332,295,54,151,340,218,63,258,118,282,296,199,328,113,189
327,238,109,47,247,63,275,78,106,130,231,292,482,190,61,130,173,471,283,30,132,274,152,121,186,64,176,100,152,337,386,721,121,259,65,266,254,37,140,270,180,60,204,85,224,213,168,261,101,179
310,222,116,67,296,81,305,92,111,142,262,328,539,194,130,72,202,533,287,31,150,296,162,108,192,81,208,121,142,357,468,775,136,282,66,248,262,41,155,318,197,58,230,104,219,252,190,289,109,210
354,323,142,73,381,93,361,106,124,144,313,415,711,222,173,202,140,640,373,60,202,374,189,134,253,102,259,155,196,477,600,1059,172,351,76,369,347,41,184,410,232,72,280,144,293,331,231,375,136,228
808,824,378,140,900,214,879,287,307,348,754,1010,1460,605,471,533,640,803,912,121,469,946,561,345,612,238,668,428,436,1099,1361,2389,459,826,207,934,807,141,438,955,620,199,684,367,716,788,582,875,340,577
493,461,204,103,571,122,461,164,168,202,427,609,942,336,283,287,373,912,267,67,277,496,310,204,338,128,347,233,263,611,780,1395,299,477,134,537,478,78,240,569,317,106,371,186,409,457,343,548,191,320
69,49,27,14,69,19,62,19,23,27,66,65,130,55,30,31,60,121,67,1,29,68,32,28,35,13,34,25,24,79,102,181,40,66,14,72,57,9,30,70,41,13,47,24,52,51,31,55,19,32
306,237,96,46,260,67,267,85,87,114,231,309,516,160,132,150,202,469,277,29,84,282,181,101,184,63,177,130,135,330,426,766,155,255,58,273,281,48,138,295,168,50,225,122,217,260,173,316,106,191
471,449,213,99,572,112,479,173,166,222,445,591,910,333,274,296,374,946,496,68,282,269,335,213,357,134,347,234,285,607,739,1393,285,500,134,551,460,74,265,543,335,94,404,181,419,453,339,521,185,329
339,253,114,57,317,71,304,77,85,137,246,340,513,200,152,162,189,561,310,32,181,335,78,118,199,65,188,144,157,355,455,759,149,307,66,298,300,53,136,321,192,53,260,119,236,256,202,306,92,199
193,169,72,42,236,51,176,61,54,86,176,233,314,130,121,108,134,345,204,28,101,213,118,44,129,56,137,98,91,258,305,533,98,227,41,197,180,30,125,220,129,35,193,82,151,168,122,213,71,130
380,272,129,68,340,82,331,101,101,138,287,360,600,203,186,192,253,612,338,35,184,357,199,129,105,68,213,147,164,395,521,891,198,326,68,344,307,58,165,343,222,76,262,121,251,323,213,365,111,227
127,118,43,25,135,40,125,35,36,53,111,121,222,76,64,81,102,238,128,13,63,134,65,56,68,17,75,47,59,160,188,331,57,128,28,135,130,29,60,141,75,33,99,48,96,111,64,141,42,86
365,298,133,71,330,109,305,100,100,142,299,367,628,219,176,208,259,668,347,34,177,347,188,137,213,75,113,135,160,429,531,929,186,319,65,355,345,74,168,350,198,68,263,132,266,294,207,362,109,225
265,193,92,53,249,58,254,68,63,107,219,250,420,151,100,121,155,428,233,25,130,234,144,98,147,47,135,44,108,292,373,687,127,234,54,241,227,35,122,262,147,43,185,98,201,230,149,269,83,165
315,221,87,42,256,50,236,83,89,94,209,284,431,168,152,142,196,436,263,24,135,285,157,91,164,59,160,108,51,312,401,719,135,223,50,277,226,34,148,270,165,56,190,98,198,231,150,296,95,165
612,540,240,92,631,168,598,174,192,265,527,730,1085,415,337,357,477,1099,611,79,330,607,355,258,395,160,429,292,312,375,937,1791,348,600,134,659,589,87,279,673,437,131,488,241,500,601,406,647,220,441
655,678,308,127,746,147,700,247,278,302,632,917,1367,499,386,468,600,1361,780,102,426,739,455,305,521,188,531,373,401,937,546,2094,439,713,176,785,727,129,401,786,456,143,591,313,607,672,515,753,289,501
1177,1280,587,223,1453,297,1327,468,436,569,1143,1618,2434,933,721,775,1059,2389,1395,181,766,1393,759,533,891,331,929,687,719,1791,2094,1930,733,1319,314,1509,1239,221,757,1492,927,287,1091,526,1101,1299,931,1378,504,934
237,257,101,45,275,67,290,93,90,118,243,308,461,195,121,136,172,459,299,40,155,285,149,98,198,57,186,127,135,348,439,733,57,273,63,296,282,54,147,301,179,75,224,102,209,225,172,273,99,176
490,420,171,95,507,103,440,159,143,202,431,518,845,304,259,282,351,826,477,66,255,500,307,227,326,128,319,234,223,600,713,1319,273,219,100,516,437,81,250,501,287,92,347,167,391,473,275,463,182,326
116,97,38,18,118,19,114,37,45,35,92,115,178,64,65,66,76,207,134,14,58,134,66,41,68,28,65,54,50,134,176,314,63,100,14,132,107,28,61,135,84,27,99,46,101,106,70,127,43,78
513,495,196,102,522,145,506,154,186,222,444,614,990,332,266,248,369,934,537,72,273,551,298,197,344,135,355,241,277,659,785,1509,296,516,132,262,521,83,241,581,319,117,383,203,413,496,316,520,207,366
450,419,185,73,478,105,460,146,177,215,409,566,850,295,254,262,347,807,478,57,281,460,300,180,307,130,345,227,226,589,727,1239,282,437,107,521,217,78,262,519,283,93,366,154,351,411,303,497,184,307
99,79,38,14,85,19,75,27,22,34,69,90,142,54,37,41,41,141,78,9,48,74,53,30,58,29,74,35,34,87,129,221,54,81,28,83,78,6,38,69,63,18,83,30,70,87,64,72,26,42
256,218,109,52,262,77,254,62,92,103,215,269,459,151,140,155,184,438,240,30,138,265,136,125,165,60,168,122,148,279,401,757,147,250,61,241,262,38,56,290,152,51,175,94,213,247,165,264,93,178
462,465,231,96,560,121,520,155,182,233,456,624,977,340,270,318,410,955,569,70,295,543,321,220,343,141,350,262,270,673,786,1492,301,501,135,581,519,69,290,291,383,131,417,207,444,536,342,597,184,346
278,266,131,56,352,81,300,103,118,143,281,371,597,218,180,197,232,620,317,41,168,335,192,129,222,75,198,147,165,437,456,927,179,287,84,319,283,63,152,383,100,56,252,105,281,308,213,358,118,227
110,99,42,16,98,23,97,35,35,41,90,114,188,63,60,58,72,199,106,13,50,94,53,35,76,33,68,43,56,131,143,287,75,92,27,117,93,18,51,131,56,8,73,38,83,102,76,122,48,72
360,330,143,76,393,84,378,114,109,163,337,442,701,258,204,230,280,684,371,47,225,404,260,193,262,99,263,185,190,488,591,1091,224,347,99,383,366,83,175,417,252,73,139,143,327,356,252,377,157,252
179,175,74,33,192,44,194,53,66,62,170,215,388,118,85,104,144,367,186,24,122,181,119,82,121,48,132,98,98,241,313,526,102,167,46,203,154,30,94,207,105,38,143,38,170,168,138,203,73,125
438,370,144,57,424,94,399,120,124,162,352,438,711,282,224,219,293,716,409,52,217,419,236,151,251,96,266,201,198,500,607,1101,209,391,101,413,351,70,213,444,281,83,327,170,172,380,256,428,154,272
427,389,188,68,464,99,446,161,181,181,406,518,819,296,213,252,331,788,457,51,260,453,256,168,323,111,294,230,231,601,672,1299,225,473,106,496,411,87,247,536,308,102,356,168,380,223,274,455,164,313
350,275,133,51,317,60,323,98,121,133,274,312,596,199,168,190,231,582,343,31,173,339,202,122,213,64,207,149,150,406,515,931,172,275,70,316,303,64,165,342,213,76,252,138,256,274,116,348,111,223
486,473,209,91,510,112,495,177,171,199,450,602,899,328,261,289,375,875,548,55,316,521,306,213,365,141,362,269,296,647,753,1378,273,463,127,520,497,72,264,597,358,122,377,203,428,455,348,255,189,347
187,172,78,25,176,35,172,52,70,70,141,208,342,113,101,109,136,340,191,19,106,185,92,71,111,42,109,83,95,220,289,504,99,182,43,207,184,26,93,184,118,48,157,73,154,164,111,189,28,121
357,278,137,60,351,80,341,102,126,154,318,382,596,189,179,210,228,577,320,32,191,329,199,130,227,86,225,165,165,441,501,934,176,326,78,366,307,42,178,346,227,72,252,125,272,313,223,347,121,113
