252,459,206,87,532,96,450,175,169,217,437,481,715,359,287,327,324,755,528,69,318,500,334,201,383,149,350,258,305,563,633,1117,230,441,98,470,437,78,212,440,310,96,379,182,431,399,325,489,149,354
459,199,158,92,423,106,423,126,129,186,361,487,746,300,224,251,317,784,382,47,241,420,265,182,282,112,279,195,224,509,623,1215,236,410,107,487,434,70,209,485,278,84,338,161,376,357,253,445,167,315
206,158,43,27,187,45,196,61,75,97,182,245,362,128,99,115,154,349,197,30,97,197,116,90,122,50,132,108,93,263,315,558,116,170,50,194,205,23,105,197,119,29,164,64,158,181,94,227,78,129
87,92,27,9,89,22,92,38,30,43,75,72,146,65,51,62,47,140,80,4,53,74,58,33,72,27,55,33,57,95,115,204,41,71,21,74,70,16,47,86,54,20,60,33,75,77,67,78,39,68
532,423,187,89,264,116,517,142,186,220,428,520,886,322,297,315,352,927,468,65,285,496,309,210,334,152,341,233,234,672,755,1438,293,485,110,554,467,91,249,517,314,96,376,212,440,438,313,535,184,345
96,106,45,22,116,16,94,43,29,61,96,110,186,93,70,73,74,190,94,11,68,106,82,38,69,29,68,50,71,139,143,292,63,98,34,113,105,23,61,119,78,24,92,41,94,105,77,110,44,70
450,423,196,92,517,94,257,140,135,223,402,507,865,316,262,270,331,884,469,59,275,487,301,197,321,133,339,229,270,630,728,1321,263,464,121,480,472,60,242,540,333,99,373,196,386,455,308,484,175,353
175,126,61,38,142,43,140,18,42,68,131,191,258,117,78,85,106,280,163,14,72,154,92,64,101,34,103,80,67,202,226,417,89,142,37,149,136,21,83,148,98,31,99,61,123,154,94,161,66,107
169,129,75,30,186,29,135,42,33,62,156,194,304,108,104,101,120,299,167,17,84,180,94,62,114,44,102,91,81,224,252,459,83,166,40,172,143,23,78,152,121,34,133,69,126,161,98,181,64,108
217,186,97,43,220,61,223,68,62,48,173,214,382,152,104,106,135,365,193,24,99,193,120,99,150,68,144,89,98,247,335,573,114,202,48,194,209,27,112,216,129,38,151,75,172,195,134,206,91,147
437,361,182,75,428,96,402,131,156,173,176,451,755,290,226,251,301,721,398,52,219,430,266,153,301,113,289,186,219,515,662,1153,225,404,76,408,421,80,219,471,261,81,338,147,346,390,280,434,151,273
481,487,245,72,520,110,507,191,194,214,451,319,1040,346,290,335,408,1005,545,67,356,527,327,214,372,142,368,249,274,725,801,1536,290,527,137,585,502,71,288,611,376,123,405,210,412,488,341,584,210,378
715,746,362,146,886,186,865,258,304,382,755,1040,816,571,480,527,618,1413,873,116,509,874,555,354,564,224,607,434,441,1122,1313,2342,483,815,230,925,824,171,443,949,600,182,692,321,692,829,568,893,334,582
359,300,128,65,322,93,316,117,108,152,290,346,571,116,187,192,210,585,324,40,160,336,190,131,215,79,210,160,173,411,538,943,186,308,83,306,312,41,172,344,228,60,260,126,253,278,201,368,132,248
287,224,99,51,297,70,262,78,104,104,226,290,480,187,66,140,181,481,262,34,149,285,146,112,154,71,184,131,112,329,425,784,147,244,68,273,267,42,151,300,175,44,220,89,201,241,163,280,97,186
327,251,115,62,315,73,270,85,101,106,251,335,527,192,140,74,212,510,298,40,160,285,175,114,183,73,200,116,122,336,445,828,170,268,71,299,286,48,158,342,185,58,248,96,218,262,179,306,127,204
324,317,154,47,352,74,331,106,120,135,301,408,618,210,181,212,113,632,367,45,179,360,191,147,241,90,231,206,179,446,582,984,195,341,74,343,353,65,169,383,275,64,271,149,289,326,219,372,143,236
755,784,349,140,927,190,884,280,299,365,721,1005,1413,585,481,510,632,763,885,102,495,863,526,344,559,209,587,434,435,1085,1290,2335,461,819,225,946,837,159,453,941,602,184,726,341,670,823,590,972,335,579
528,382,197,80,468,94,469,163,167,193,398,545,873,324,262,298,367,885,262,74,305,478,310,202,320,114,336,242,257,585,759,1455,274,470,124,559,456,85,264,521,335,115,372,185,398,454,325,499,191,328
69,47,30,4,65,11,59,14,17,24,52,67,116,40,34,40,45,102,74,4,24,78,42,33,29,29,45,28,30,73,99,164,36,59,14,63,54,10,41,60,51,10,62,24,48,77,26,58,21,35
318,241,97,53,285,68,275,72,84,99,219,356,509,160,149,160,179,495,305,24,72,301,158,105,178,69,204,124,133,359,421,804,142,235,67,277,265,37,154,315,218,67,231,107,238,276,152,326,120,176
500,420,197,74,496,106,487,154,180,193,430,527,874,336,285,285,360,863,478,78,301,255,332,192,340,138,360,242,271,612,772,1363,272,497,106,528,440,83,267,523,325,98,412,187,432,453,331,550,177,375
334,265,116,58,309,82,301,92,94,120,266,327,555,190,146,175,191,526,310,42,158,332,87,126,164,84,188,140,137,325,429,819,155,273,58,286,307,46,150,320,212,56,235,113,233,303,177,292,103,187
201,182,90,33,210,38,197,64,62,99,153,214,354,131,112,114,147,344,202,33,105,192,126,41,137,44,123,98,111,226,299,538,100,202,40,210,202,29,115,217,147,46,161,65,149,188,120,215,77,152
383,282,122,72,334,69,321,101,114,150,301,372,564,215,154,183,241,559,320,29,178,340,164,137,112,76,221,142,165,396,452,901,176,254,72,355,327,57,179,353,189,68,248,129,252,304,207,372,105,204
149,112,50,27,152,29,133,34,44,68,113,142,224,79,71,73,90,209,114,29,69,138,84,44,76,17,71,64,73,135,183,357,68,116,36,126,125,24,73,136,79,23,96,46,93,117,88,150,49,111
350,279,132,55,341,68,339,103,102,144,289,368,607,210,184,200,231,587,336,45,204,360,188,123,221,71,112,154,168,362,488,923,170,309,76,340,327,55,177,359,205,64,281,95,266,315,220,375,137,243
258,195,108,33,233,50,229,80,91,89,186,249,434,160,131,116,206,434,242,28,124,242,140,98,142,64,154,49,117,258,363,669,132,222,63,241,227,30,131,259,149,59,175,71,190,206,147,267,93,162
305,224,93,57,234,71,270,67,81,98,219,274,441,173,112,122,179,435,257,30,133,271,137,111,165,73,168,117,59,353,359,684,131,296,49,282,292,37,134,269,160,59,184,89,199,236,143,271,88,164
563,509,263,95,672,139,630,202,224,247,515,725,1122,411,329,336,446,1085,585,73,359,612,325,226,396,135,362,258,353,385,1003,1725,350,610,150,630,616,100,295,693,425,131,506,222,480,548,386,687,219,397
633,623,315,115,755,143,728,226,252,335,662,801,1313,538,425,445,582,1290,759,99,421,772,429,299,452,183,488,363,359,1003,554,1969,350,691,167,772,692,141,364,785,499,147,564,298,608,687,470,794,262,510
1117,1215,558,204,1438,292,1321,417,459,573,1153,1536,2342,943,784,828,984,2335,1455,164,804,1363,819,538,901,357,923,669,684,1725,1969,1777,692,1269,321,1473,1290,259,656,1468,896,297,1046,522,1135,1239,861,1434,514,905
230,236,116,41,293,63,263,89,83,114,225,290,483,186,147,170,195,461,274,36,142,272,155,100,176,68,170,132,131,350,350,692,75,247,61,321,259,58,133,271,179,61,227,113,210,227,152,285,102,170
441,410,170,71,485,98,464,142,166,202,404,527,815,308,244,268,341,819,470,59,235,497,273,202,254,116,309,222,296,610,691,1269,247,211,91,455,428,86,243,495,296,85,347,178,374,437,271,482,171,341
98,107,50,21,110,34,121,37,40,48,76,137,230,83,68,71,74,225,124,14,67,106,58,40,72,36,76,63,49,150,167,321,61,91,8,128,102,13,56,138,74,23,91,62,95,91,64,123,36,75
470,487,194,74,554,113,480,149,172,194,408,585,925,306,273,299,343,946,559,63,277,528,286,210,355,126,340,241,282,630,772,1473,321,455,128,264,467,100,265,582,369,106,405,195,430,493,343,556,194,341
437,434,205,70,467,105,472,136,143,209,421,502,824,312,267,286,353,837,456,54,265,440,307,202,327,125,327,227,292,616,692,1290,259,428,102,467,202,70,251,476,312,101,369,190,366,452,300,505,155,345
78,70,23,16,91,23,60,21,23,27,80,71,171,41,42,48,65,159,85,10,37,83,46,29,57,24,55,30,37,100,141,259,58,86,13,100,70,6,47,81,52,15,51,26,70,79,49,90,32,47
212,209,105,47,249,61,242,83,78,112,219,288,443,172,151,158,169,453,264,41,154,267,150,115,179,73,177,131,134,295,364,656,133,243,56,265,251,47,67,249,155,68,200,102,205,242,162,251,111,185
440,485,197,86,517,119,540,148,152,216,471,611,949,344,300,342,383,941,521,60,315,523,320,217,353,136,359,259,269,693,785,1468,271,495,138,582,476,81,249,277,327,121,395,215,416,504,352,560,191,360
310,278,119,54,314,78,333,98,121,129,261,376,600,228,175,185,275,602,335,51,218,325,212,147,189,79,205,149,160,425,499,896,179,296,74,369,312,52,155,327,98,70,241,141,246,294,189,346,115,228
96,84,29,20,96,24,99,31,34,38,81,123,182,60,44,58,64,184,115,10,67,98,56,46,68,23,64,59,59,131,147,297,61,85,23,106,101,15,68,121,70,6,76,39,80,96,71,105,38,83
379,338,164,60,376,92,373,99,133,151,338,405,692,260,220,248,271,726,372,62,231,412,235,161,248,96,281,175,184,506,564,1046,227,347,91,405,369,51,200,395,241,76,151,162,315,330,257,387,144,249
182,161,64,33,212,41,196,61,69,75,147,210,321,126,89,96,149,341,185,24,107,187,113,65,129,46,95,71,89,222,298,522,113,178,62,195,190,26,102,215,141,39,162,28,141,168,116,190,82,123
431,376,158,75,440,94,386,123,126,172,346,412,692,253,201,218,289,670,398,48,238,432,233,149,252,93,266,190,199,480,608,1135,210,374,95,430,366,70,205,416,246,80,315,141,152,383,241,449,146,270
399,357,181,77,438,105,455,154,161,195,390,488,829,278,241,262,326,823,454,77,276,453,303,188,304,117,315,206,236,548,687,1239,227,437,91,493,452,79,242,504,294,96,330,168,383,201,295,464,165,306
325,253,94,67,313,77,308,94,98,134,280,341,568,201,163,179,219,590,325,26,152,331,177,120,207,88,220,147,143,386,470,861,152,271,64,343,300,49,162,352,189,71,257,116,241,295,102,340,100,212
489,445,227,78,535,110,484,161,181,206,434,584,893,368,280,306,372,972,499,58,326,550,292,215,372,150,375,267,271,687,794,1434,285,482,123,556,505,90,251,560,346,105,387,190,449,464,340,269,197,363
149,167,78,39,184,44,175,66,64,91,151,210,334,132,97,127,143,335,191,21,120,177,103,77,105,49,137,93,88,219,262,514,102,171,36,194,155,32,111,191,115,38,144,82,146,165,100,197,28,127
354,315,129,68,345,70,353,107,108,147,273,378,582,248,186,204,236,579,328,35,176,375,187,152,204,111,243,162,164,397,510,905,170,341,75,341,345,47,185,360,228,83,249,123,270,306,212,363,127,120
