258,434,195,91,520,122,444,193,178,258,447,487,808,367,318,328,355,781,481,68,339,501,338,196,366,166,371,295,334,587,682,1163,223,505,94,485,484,97,252,455,309,101,357,167,439,413,335,455,165,419
434,181,171,65,435,86,397,121,151,158,341,474,797,261,233,242,281,813,420,45,219,452,269,161,285,95,281,216,192,565,671,1235,247,397,118,446,379,71,206,462,286,79,372,169,349,401,270,447,164,292
195,171,37,35,192,41,209,64,75,76,165,207,354,131,80,100,134,345,214,31,105,216,113,74,128,49,116,90,117,233,320,555,112,192,46,226,193,39,84,206,117,44,153,81,150,177,126,204,76,110
91,65,35,4,93,22,79,30,31,34,73,92,127,70,52,53,61,130,67,12,55,75,64,40,62,23,62,40,49,101,115,216,60,87,19,67,84,12,38,79,59,10,45,32,77,73,75,87,35,60
520,435,192,93,251,115,494,162,171,227,417,568,926,323,270,284,369,932,482,70,293,514,325,203,319,144,350,243,227,637,756,1410,280,446,106,565,490,104,271,503,330,110,343,187,427,453,327,479,187,365
122,86,41,22,115,18,108,38,43,48,103,122,175,76,63,69,79,170,112,21,79,106,82,47,82,35,85,50,70,152,159,263,49,104,27,102,120,30,49,116,65,20,79,40,106,99,83,104,37,87
444,397,209,79,494,108,228,160,160,194,402,578,852,313,253,265,325,838,484,56,257,498,333,188,334,136,336,255,233,615,706,1279,275,429,115,508,449,70,220,496,321,102,365,174,400,411,304,469,176,336
193,121,64,30,162,38,160,19,52,56,111,169,289,106,84,102,121,268,175,16,90,179,91,66,108,36,92,77,73,174,243,403,89,141,41,173,138,25,60,159,111,28,112,51,125,142,95,173,60,107
178,151,75,31,171,43,160,52,21,64,137,172,291,96,75,77,141,298,181,21,101,184,95,55,128,46,96,87,83,206,264,475,98,170,37,182,166,27,95,188,130,41,112,68,143,149,83,154,70,108
258,158,76,34,227,48,194,56,64,51,172,246,361,132,117,124,148,349,177,35,104,205,132,98,135,55,152,124,103,238,319,551,107,207,46,210,174,26,86,209,141,43,159,80,167,186,141,216,68,161
447,341,165,73,417,103,402,111,137,172,180,513,769,308,228,244,309,760,417,68,255,429,259,186,301,101,259,223,254,528,642,1126,225,390,101,440,396,69,195,406,279,79,342,171,325,396,277,455,161,279
487,474,207,92,568,122,578,169,172,246,513,329,993,387,306,308,406,1022,534,67,307,589,354,242,367,122,372,263,273,706,857,1603,305,532,132,598,570,99,300,632,357,126,405,200,450,490,371,603,226,371
808,797,354,127,926,175,852,289,291,361,769,993,799,604,481,507,657,1431,944,119,518,961,568,360,620,239,621,440,471,1094,1369,2334,476,856,224,970,826,153,438,954,595,181,678,327,732,798,574,914,327,600
367,261,131,70,323,76,313,106,96,132,308,387,604,102,173,177,217,585,324,36,167,310,184,114,210,89,214,182,165,406,473,902,191,323,78,325,310,37,154,367,216,71,238,135,253,316,198,307,132,235
318,233,80,52,270,63,253,84,75,117,228,306,481,173,67,142,195,493,268,35,145,287,158,109,159,62,177,117,136,331,403,719,140,253,65,289,273,37,136,291,148,66,209,95,204,250,157,261,103,197
328,242,100,53,284,69,265,102,77,124,244,308,507,177,142,80,186,496,310,41,157,327,184,124,192,81,185,129,141,352,475,816,161,281,63,325,269,45,149,340,191,68,206,99,230,260,165,284,104,206
355,281,134,61,369,79,325,121,141,148,309,406,657,217,195,186,127,649,352,47,207,349,215,154,238,89,246,187,184,432,578,1025,196,344,72,389,359,58,178,393,245,70,244,141,297,345,214,334,153,305
781,813,345,130,932,170,838,268,298,349,760,1022,1431,585,493,496,649,791,935,128,519,937,541,345,586,231,574,439,441,1068,1316,2343,473,845,210,980,799,143,458,981,622,192,668,330,730,799,571,872,312,593
481,420,214,67,482,112,484,175,181,177,417,534,944,324,268,310,352,935,259,73,271,467,295,190,341,137,350,242,277,638,722,1433,262,468,127,541,435,88,252,526,305,99,368,175,415,451,298,494,189,350
68,45,31,12,70,21,56,16,21,35,68,67,119,36,35,41,47,128,73,5,35,74,43,21,40,13,33,24,23,79,96,188,34,57,13,70,51,10,32,75,30,18,60,24,50,55,34,70,23,35
339,219,105,55,293,79,257,90,101,104,255,307,518,167,145,157,207,519,271,35,68,280,173,92,181,83,191,138,138,318,423,824,158,273,59,300,254,43,151,285,167,51,232,107,231,279,157,288,105,184
501,452,216,75,514,106,498,179,184,205,429,589,961,310,287,327,349,937,467,74,280,272,310,179,336,144,353,244,236,663,737,1524,280,466,126,559,442,87,250,570,337,108,372,187,416,489,328,492,197,341
338,269,113,64,325,82,333,91,95,132,259,354,568,184,158,184,215,541,295,43,173,310,99,132,200,93,243,164,156,381,441,823,166,287,68,314,305,46,163,296,191,74,222,109,244,271,181,301,116,221
196,161,74,40,203,47,188,66,55,98,186,242,360,114,109,124,154,345,190,21,92,179,132,44,142,52,147,103,97,250,280,571,103,216,46,214,198,35,111,227,134,38,143,88,160,180,130,210,76,133
366,285,128,62,319,82,334,108,128,135,301,367,620,210,159,192,238,586,341,40,181,336,200,142,106,92,215,149,169,391,524,871,175,313,72,365,300,50,159,333,211,77,242,132,236,313,195,350,106,222
166,95,49,23,144,35,136,36,46,55,101,122,239,89,62,81,89,231,137,13,83,144,93,52,92,14,63,70,67,148,213,389,83,110,27,144,145,22,64,138,94,36,111,43,111,123,86,152,54,89
371,281,116,62,350,85,336,92,96,152,259,372,621,214,177,185,246,574,350,33,191,353,243,147,215,63,92,178,158,405,554,972,185,304,73,374,318,52,167,347,235,75,272,132,247,303,214,347,123,244
295,216,90,40,243,50,255,77,87,124,223,263,440,182,117,129,187,439,242,24,138,244,164,103,149,70,178,56,116,329,399,628,150,238,41,253,230,40,121,247,151,55,180,88,202,232,144,233,92,166
334,192,117,49,227,70,233,73,83,103,254,273,471,165,136,141,184,441,277,23,138,236,156,97,169,67,158,116,53,305,382,751,132,238,56,238,246,38,115,252,154,51,208,88,181,214,160,268,94,174
587,565,233,101,637,152,615,174,206,238,528,706,1094,406,331,352,432,1068,638,79,318,663,381,250,391,148,405,329,305,356,927,1765,330,611,154,652,583,103,327,714,443,128,468,238,474,549,362,632,243,419
682,671,320,115,756,159,706,243,264,319,642,857,1369,473,403,475,578,1316,722,96,423,737,441,280,524,213,554,399,382,927,568,2043,394,708,183,802,722,138,384,777,478,162,545,263,619,683,473,785,256,497
1163,1235,555,216,1410,263,1279,403,475,551,1126,1603,2334,902,719,816,1025,2343,1433,188,824,1524,823,571,871,389,972,628,751,1765,2043,1846,679,1349,330,1464,1283,232,651,1364,885,282,1038,512,1075,1231,855,1325,487,880
223,247,112,60,280,49,275,89,98,107,225,305,476,191,140,161,196,473,262,34,158,280,166,103,175,83,185,150,132,330,394,679,69,284,69,293,259,60,115,281,173,57,207,98,216,237,165,278,94,176
505,397,192,87,446,104,429,141,170,207,390,532,856,323,253,281,344,845,468,57,273,466,287,216,313,110,304,238,238,611,708,1349,284,210,86,474,459,82,223,513,315,81,348,179,367,416,305,483,186,327
94,118,46,19,106,27,115,41,37,46,101,132,224,78,65,63,72,210,127,13,59,126,68,46,72,27,73,41,56,154,183,330,69,86,12,112,104,18,52,137,86,28,79,46,93,103,64,112,48,64
485,446,226,67,565,102,508,173,182,210,440,598,970,325,289,325,389,980,541,70,300,559,314,214,365,144,374,253,238,652,802,1464,293,474,112,274,494,93,274,560,382,111,417,176,426,474,331,544,196,400
484,379,193,84,490,120,449,138,166,174,396,570,826,310,273,269,359,799,435,51,254,442,305,198,300,145,318,230,246,583,722,1283,259,459,104,494,217,64,226,494,270,90,322,173,366,399,292,464,173,297
97,71,39,12,104,30,70,25,27,26,69,99,153,37,37,45,58,143,88,10,43,87,46,35,50,22,52,40,38,103,138,232,60,82,18,93,64,10,43,94,61,12,66,33,57,90,50,95,21,59
252,206,84,38,271,49,220,60,95,86,195,300,438,154,136,149,178,458,252,32,151,250,163,111,159,64,167,121,115,327,384,651,115,223,52,274,226,43,49,262,174,47,204,93,189,221,150,234,86,175
455,462,206,79,503,116,496,159,188,209,406,632,954,367,291,340,393,981,526,75,285,570,296,227,333,138,347,247,252,714,777,1364,281,513,137,560,494,94,262,282,353,101,404,194,448,452,358,541,210,359
309,286,117,59,330,65,321,111,130,141,279,357,595,216,148,191,245,622,305,30,167,337,191,134,211,94,235,151,154,443,478,885,173,315,86,382,270,61,174,353,101,63,239,113,281,315,178,342,129,240
101,79,44,10,110,20,102,28,41,43,79,126,181,71,66,68,70,192,99,18,51,108,74,38,77,36,75,55,51,128,162,282,57,81,28,111,90,12,47,101,63,15,75,33,96,75,58,113,39,64
357,372,153,45,343,79,365,112,112,159,342,405,678,238,209,206,244,668,368,60,232,372,222,143,242,111,272,180,208,468,545,1038,207,348,79,417,322,66,204,404,239,75,144,139,297,326,227,396,135,249
167,169,81,32,187,40,174,51,68,80,171,200,327,135,95,99,141,330,175,24,107,187,109,88,132,43,132,88,88,238,263,512,98,179,46,176,173,33,93,194,113,33,139,32,151,169,102,193,81,120
439,349,150,77,427,106,400,125,143,167,325,450,732,253,204,230,297,730,415,50,231,416,244,160,236,111,247,202,181,474,619,1075,216,367,93,426,366,57,189,448,281,96,297,151,150,371,251,388,141,257
413,401,177,73,453,99,411,142,149,186,396,490,798,316,250,260,345,799,451,55,279,489,271,180,313,123,303,232,214,549,683,1231,237,416,103,474,399,90,221,452,315,75,326,169,371,218,293,498,182,286
335,270,126,75,327,83,304,95,83,141,277,371,574,198,157,165,214,571,298,34,157,328,181,130,195,86,214,144,160,362,473,855,165,305,64,331,292,50,150,358,178,58,227,102,251,293,93,306,115,193
455,447,204,87,479,104,469,173,154,216,455,603,914,307,261,284,334,872,494,70,288,492,301,210,350,152,347,233,268,632,785,1325,278,483,112,544,464,95,234,541,342,113,396,193,388,498,306,256,181,363
165,164,76,35,187,37,176,60,70,68,161,226,327,132,103,104,153,312,189,23,105,197,116,76,106,54,123,92,94,243,256,487,94,186,48,196,173,21,86,210,129,39,135,81,141,182,115,181,36,125
419,292,110,60,365,87,336,107,108,161,279,371,600,235,197,206,305,593,350,35,184,341,221,133,222,89,244,166,174,419,497,880,176,327,64,400,297,59,175,359,240,64,249,120,257,286,193,363,125,126
