252,490,221,90,514,111,475,148,169,258,436,521,866,371,310,354,348,840,527,89,339,516,334,218,364,175,437,285,313,678,733,1171,243,508,103,505,506,96,240,490,307,125,388,191,454,450,328,518,165,372
490,164,184,76,446,92,435,113,148,189,371,486,800,264,207,215,316,754,474,57,244,485,255,184,245,130,309,187,192,568,659,1230,217,412,87,497,388,60,221,448,284,111,329,155,342,387,273,429,165,304
221,184,45,33,224,42,175,52,58,78,174,208,361,123,114,123,145,370,199,24,87,213,121,64,125,51,116,85,103,252,301,572,106,190,40,196,184,28,91,232,127,27,157,92,162,194,119,195,79,133
90,76,33,7,70,12,85,33,25,35,66,94,121,60,43,52,59,126,74,16,47,68,39,40,48,18,62,41,56,117,104,218,39,70,21,99,76,17,36,87,55,11,53,24,62,73,48,90,30,62
514,446,224,70,254,94,468,158,157,230,451,573,987,319,256,283,347,953,561,61,315,576,306,184,341,126,333,228,252,642,761,1435,262,451,119,538,449,95,259,501,342,97,379,189,376,451,336,492,200,350
111,92,42,12,94,6,97,39,30,37,79,140,185,70,67,75,83,186,112,18,74,106,59,49,62,22,75,62,62,151,160,290,64,97,39,129,97,19,51,105,72,21,90,41,84,116,53,114,44,87
475,435,175,85,468,97,240,166,169,197,394,567,862,325,245,291,345,877,463,61,277,473,272,204,294,122,318,241,260,630,751,1320,268,437,134,487,434,79,261,531,309,102,346,179,364,442,262,521,190,336
148,113,52,33,158,39,166,21,46,74,133,168,257,103,88,78,103,261,154,18,89,172,81,80,111,45,108,69,69,165,227,418,85,151,30,131,152,19,73,168,87,38,121,52,137,127,97,160,52,107
169,148,58,25,157,30,169,46,19,63,124,167,306,108,101,94,116,277,182,9,82,170,88,51,114,44,91,90,92,206,244,432,87,125,28,181,156,30,72,173,100,33,139,68,133,122,99,184,57,106
258,189,78,35,230,37,197,74,63,40,146,208,327,153,110,123,173,329,235,33,137,242,124,85,138,59,142,106,109,252,301,536,121,196,44,222,214,25,102,224,139,46,172,72,171,162,136,213,80,131
436,371,174,66,451,79,394,133,124,146,147,496,768,283,231,258,323,764,424,50,267,463,264,163,295,115,295,188,242,520,626,1150,228,403,103,459,418,75,205,423,301,95,300,158,359,382,292,433,179,281
521,486,208,94,573,140,567,168,167,208,496,322,1065,353,291,333,396,1063,583,70,337,587,304,219,379,153,395,275,277,712,887,1664,302,569,138,561,533,107,275,609,398,139,463,182,461,555,353,599,214,339
866,800,361,121,987,185,862,257,306,327,768,1065,813,540,480,532,677,1531,877,108,490,928,511,356,555,226,614,439,415,1163,1369,2502,499,835,233,1017,844,164,481,979,606,183,690,370,729,855,550,952,330,606
371,264,123,60,319,70,325,103,108,153,283,353,540,109,158,158,222,558,326,47,196,346,204,142,237,86,213,151,157,399,479,903,163,311,85,340,284,54,163,344,215,62,231,115,258,292,198,364,119,229
310,207,114,43,256,67,245,88,101,110,231,291,480,158,63,130,211,498,262,37,136,297,176,110,165,72,187,127,120,348,414,728,150,263,68,281,268,47,126,296,156,49,213,117,215,275,152,294,99,191
354,215,123,52,283,75,291,78,94,123,258,333,532,158,130,90,199,511,279,40,145,307,169,110,174,70,178,117,126,370,468,803,156,286,82,323,277,47,152,310,177,68,216,117,211,284,160,332,120,185
348,316,145,59,347,83,345,103,116,173,323,396,677,222,211,199,131,617,359,48,217,354,197,154,228,97,240,190,196,474,548,1024,180,359,83,367,341,65,158,385,254,65,272,129,300,337,213,387,126,230
840,754,370,126,953,186,877,261,277,329,764,1063,1531,558,498,511,617,826,926,111,473,912,533,344,589,205,606,427,439,1134,1382,2484,514,828,246,1027,797,175,433,923,599,175,671,346,729,838,601,925,374,640
527,474,199,74,561,112,463,154,182,235,424,583,877,326,262,279,359,926,250,63,269,512,297,209,337,152,374,236,227,650,746,1385,296,502,129,509,486,96,254,518,333,96,397,192,432,482,345,540,196,329
89,57,24,16,61,18,61,18,9,33,50,70,108,47,37,40,48,111,63,2,27,63,33,21,50,12,42,22,31,77,96,173,30,64,11,74,63,8,38,52,50,13,58,19,52,58,36,69,22,48
339,244,87,47,315,74,277,89,82,137,267,337,490,196,136,145,217,473,269,27,78,305,162,126,190,59,201,125,143,357,417,775,157,286,56,273,298,35,158,288,184,60,221,86,246,249,170,309,107,205
516,485,213,68,576,106,473,172,170,242,463,587,928,346,297,307,354,912,512,63,305,257,314,205,387,149,377,230,264,649,714,1425,270,501,127,547,470,74,257,513,345,111,402,187,447,442,353,546,218,343
334,255,121,39,306,59,272,81,88,124,264,304,511,204,176,169,197,533,297,33,162,314,84,119,174,78,213,159,146,353,491,833,145,296,75,298,280,57,165,301,178,52,224,111,212,303,183,324,106,206
218,184,64,40,184,49,204,80,51,85,163,219,356,142,110,110,154,344,209,21,126,205,119,51,148,63,141,106,112,245,298,562,113,186,57,220,170,30,110,239,142,47,148,70,168,211,119,219,85,137
364,245,125,48,341,62,294,111,114,138,295,379,555,237,165,174,228,589,337,50,190,387,174,148,101,87,224,155,167,376,521,937,166,308,90,294,322,56,177,344,204,53,248,127,245,324,202,344,138,220
175,130,51,18,126,22,122,45,44,59,115,153,226,86,72,70,97,205,152,12,59,149,78,63,87,12,84,56,74,130,182,348,73,105,43,122,125,21,63,163,83,33,91,50,115,102,88,129,56,92
437,309,116,62,333,75,318,108,91,142,295,395,614,213,187,178,240,606,374,42,201,377,213,141,224,84,121,149,180,424,505,943,173,307,77,346,307,62,186,360,225,76,266,132,276,269,206,362,139,242
285,187,85,41,228,62,241,69,90,106,188,275,439,151,127,117,190,427,236,22,125,230,159,106,155,56,149,46,105,290,357,693,141,206,52,254,229,40,128,237,153,54,182,88,198,215,139,236,91,165
313,192,103,56,252,62,260,69,92,109,242,277,415,157,120,126,196,439,227,31,143,264,146,112,167,74,180,105,67,302,362,713,134,241,57,258,249,38,135,270,155,36,207,84,197,231,147,242,84,193
678,568,252,117,642,151,630,165,206,252,520,712,1163,399,348,370,474,1134,650,77,357,649,353,245,376,130,424,290,302,380,959,1819,327,602,162,665,612,112,326,708,449,123,509,243,470,621,368,645,238,449
733,659,301,104,761,160,751,227,244,301,626,887,1369,479,414,468,548,1382,746,96,417,714,491,298,521,182,505,357,362,959,551,2099,408,729,178,776,732,125,367,824,528,169,630,309,640,703,476,771,300,463
1171,1230,572,218,1435,290,1320,418,432,536,1150,1664,2502,903,728,803,1024,2484,1385,173,775,1425,833,562,937,348,943,693,713,1819,2099,1926,738,1337,345,1542,1304,248,686,1487,965,282,1009,545,1127,1311,943,1419,511,911
243,217,106,39,262,64,268,85,87,121,228,302,499,163,150,156,180,514,296,30,157,270,145,113,166,73,173,141,134,327,408,738,64,263,69,298,261,36,140,297,200,56,201,105,219,252,184,255,97,179
508,412,190,70,451,97,437,151,125,196,403,569,835,311,263,286,359,828,502,64,286,501,296,186,308,105,307,206,241,602,729,1337,263,228,116,514,436,91,234,471,316,98,372,160,359,442,304,500,182,361
103,87,40,21,119,39,134,30,28,44,103,138,233,85,68,82,83,246,129,11,56,127,75,57,90,43,77,52,57,162,178,345,69,116,13,95,119,18,52,129,72,19,77,49,107,107,84,129,39,86
505,497,196,99,538,129,487,131,181,222,459,561,1017,340,281,323,367,1027,509,74,273,547,298,220,294,122,346,254,258,665,776,1542,298,514,95,255,498,96,235,579,334,110,449,206,399,507,301,576,213,339
506,388,184,76,449,97,434,152,156,214,418,533,844,284,268,277,341,797,486,63,298,470,280,170,322,125,307,229,249,612,732,1304,261,436,119,498,213,70,228,498,319,103,345,179,360,435,300,527,172,351
96,60,28,17,95,19,79,19,30,25,75,107,164,54,47,47,65,175,96,8,35,74,57,30,56,21,62,40,38,112,125,248,36,91,18,96,70,4,39,90,48,18,78,33,63,72,64,85,29,53
240,221,91,36,259,51,261,73,72,102,205,275,481,163,126,152,158,433,254,38,158,257,165,110,177,63,186,128,135,326,367,686,140,234,52,235,228,39,67,262,179,69,191,77,216,228,164,268,85,181
490,448,232,87,501,105,531,168,173,224,423,609,979,344,296,310,385,923,518,52,288,513,301,239,344,163,360,237,270,708,824,1487,297,471,129,579,498,90,262,296,350,110,409,211,405,512,338,534,196,367
307,284,127,55,342,72,309,87,100,139,301,398,606,215,156,177,254,599,333,50,184,345,178,142,204,83,225,153,155,449,528,965,200,316,72,334,319,48,179,350,106,72,264,115,267,323,211,372,109,220
125,111,27,11,97,21,102,38,33,46,95,139,183,62,49,68,65,175,96,13,60,111,52,47,53,33,76,54,36,123,169,282,56,98,19,110,103,18,69,110,72,6,87,43,78,91,70,113,35,82
388,329,157,53,379,90,346,121,139,172,300,463,690,231,213,216,272,671,397,58,221,402,224,148,248,91,266,182,207,509,630,1009,201,372,77,449,345,78,191,409,264,87,133,146,318,364,241,351,120,271
191,155,92,24,189,41,179,52,68,72,158,182,370,115,117,117,129,346,192,19,86,187,111,70,127,50,132,88,84,243,309,545,105,160,49,206,179,33,77,211,115,43,146,29,142,169,95,211,68,139
454,342,162,62,376,84,364,137,133,171,359,461,729,258,215,211,300,729,432,52,246,447,212,168,245,115,276,198,197,470,640,1127,219,359,107,399,360,63,216,405,267,78,318,142,171,370,256,393,168,289
450,387,194,73,451,116,442,127,122,162,382,555,855,292,275,284,337,838,482,58,249,442,303,211,324,102,269,215,231,621,703,1311,252,442,107,507,435,72,228,512,323,91,364,169,370,218,324,480,174,281
328,273,119,48,336,53,262,97,99,136,292,353,550,198,152,160,213,601,345,36,170,353,183,119,202,88,206,139,147,368,476,943,184,304,84,301,300,64,164,338,211,70,241,95,256,324,100,337,124,210
518,429,195,90,492,114,521,160,184,213,433,599,952,364,294,332,387,925,540,69,309,546,324,219,344,129,362,236,242,645,771,1419,255,500,129,576,527,85,268,534,372,113,351,211,393,480,337,282,201,350
165,165,79,30,200,44,190,52,57,80,179,214,330,119,99,120,126,374,196,22,107,218,106,85,138,56,139,91,84,238,300,511,97,182,39,213,172,29,85,196,109,35,120,68,168,174,124,201,32,142
372,304,133,62,350,87,336,107,106,131,281,339,606,229,191,185,230,640,329,48,205,343,206,137,220,92,242,165,193,449,463,911,179,361,86,339,351,53,181,367,220,82,271,139,289,281,210,350,142,116
