285,417,201,81,533,107,494,196,167,245,440,558,871,372,317,346,383,864,495,67,338,564,350,224,357,141,365,269,295,652,710,1187,238,504,113,522,477,100,259,495,307,124,373,184,464,404,329,502,172,381
417,187,177,73,442,91,411,111,169,178,391,499,836,270,214,248,280,813,416,49,240,426,255,167,299,107,279,225,195,551,637,1244,253,396,78,409,397,71,213,445,293,79,334,164,348,429,318,443,158,286
201,177,26,30,193,44,203,59,53,78,164,223,403,120,89,96,135,368,187,20,101,190,107,82,113,50,116,84,95,254,290,587,127,171,45,212,185,29,94,222,120,53,149,53,146,186,114,215,60,137
81,73,30,9,92,20,79,28,28,36,73,75,142,63,52,49,56,145,83,10,50,85,54,42,58,27,59,50,46,111,115,220,39,92,18,85,73,8,43,78,54,15,67,27,65,60,61,81,35,53
533,442,193,92,242,111,470,133,172,200,416,572,939,350,274,321,383,944,477,64,254,494,322,212,321,124,323,241,282,626,763,1430,314,455,110,563,478,95,242,541,343,93,397,196,427,470,323,524,193,362
107,91,44,20,111,13,96,36,49,51,98,118,189,84,64,67,78,193,116,12,64,114,66,53,68,28,72,63,68,131,158,283,52,113,26,118,103,14,44,123,74,26,79,40,83,95,75,112,52,86
494,411,203,79,470,96,213,152,170,203,422,525,869,306,259,282,337,880,489,59,263,475,281,196,313,125,328,234,230,576,728,1351,265,460,127,520,436,66,239,551,303,106,369,173,354,441,327,504,183,362
196,111,59,28,133,36,152,19,63,80,137,166,271,91,78,80,108,266,167,18,108,161,90,51,89,35,100,72,75,195,250,426,80,149,30,148,155,17,69,178,83,40,136,59,127,140,79,168,49,107
167,169,53,28,172,49,170,63,43,56,132,160,316,95,78,89,123,299,167,25,82,171,88,54,135,48,126,74,88,190,277,454,96,150,45,163,157,35,84,192,116,43,129,63,132,137,93,176,70,118
245,178,78,36,200,51,203,80,56,49,174,215,383,127,122,114,165,370,231,19,121,206,134,75,148,63,138,91,110,244,292,566,121,203,54,214,196,35,110,191,154,43,167,81,180,191,145,220,84,156
440,391,164,73,416,98,422,137,132,174,192,481,713,272,210,245,319,741,431,52,263,418,238,163,278,118,311,204,238,514,610,1146,234,425,87,463,423,69,184,417,288,97,332,172,345,392,253,459,148,320
558,499,223,75,572,118,525,166,160,215,481,317,978,363,314,356,429,1008,577,65,321,589,324,244,353,139,368,242,238,699,829,1581,297,497,150,654,514,93,284,646,366,127,442,211,466,526,366,575,215,402
871,836,403,142,939,189,869,271,316,383,713,978,776,605,506,571,657,1415,899,112,508,949,535,407,581,230,638,466,471,1133,1354,2446,494,846,213,964,813,169,440,964,579,195,651,370,732,831,598,981,341,611
372,270,120,63,350,84,306,91,95,127,272,363,605,103,168,194,223,594,312,41,156,318,163,145,206,89,219,146,149,389,503,896,167,302,61,330,331,49,148,381,206,53,252,123,248,314,212,370,120,218
317,214,89,52,274,64,259,78,78,122,210,314,506,168,57,148,169,506,268,31,133,270,158,88,164,68,164,133,141,332,420,723,157,243,64,251,269,41,126,300,163,60,204,96,192,246,165,257,111,184
346,248,96,49,321,67,282,80,89,114,245,356,571,194,148,75,181,571,293,33,141,292,183,116,178,70,182,118,146,362,450,811,168,276,78,293,287,42,133,331,187,59,229,105,237,243,195,292,125,185
383,280,135,56,383,78,337,108,123,165,319,429,657,223,169,181,127,651,394,49,226,382,212,143,224,93,213,147,176,467,551,988,193,348,71,367,326,52,178,353,205,81,250,126,271,339,219,348,121,264
864,813,368,145,944,193,880,266,299,370,741,1008,1415,594,506,571,651,831,892,98,499,922,540,369,610,223,615,478,482,1113,1309,2455,503,875,210,990,821,162,445,934,607,175,690,360,747,832,580,953,318,612
495,416,187,83,477,116,489,167,167,231,431,577,899,312,268,293,394,892,250,73,303,465,287,197,320,120,330,208,280,598,759,1445,262,483,115,516,449,89,262,571,321,107,373,204,385,473,325,540,206,370
67,49,20,10,64,12,59,18,25,19,52,65,112,41,31,33,49,98,73,3,29,58,35,25,46,15,43,26,34,72,97,173,41,55,12,67,44,12,28,67,46,11,47,20,47,52,27,61,23,35
338,240,101,50,254,64,263,108,82,121,263,321,508,156,133,141,226,499,303,29,64,287,161,118,180,70,176,134,139,318,437,785,168,258,68,284,275,37,159,292,164,73,229,103,219,282,159,288,103,206
564,426,190,85,494,114,475,161,171,206,418,589,949,318,270,292,382,922,465,58,287,277,308,216,309,142,330,209,268,659,794,1427,256,488,112,528,463,88,247,560,341,90,345,189,381,484,314,537,185,344
350,255,107,54,322,66,281,90,88,134,238,324,535,163,158,183,212,540,287,35,161,308,83,111,200,72,191,129,148,377,445,841,152,294,77,308,258,36,143,319,197,64,232,102,241,272,199,306,114,216
224,167,82,42,212,53,196,51,54,75,163,244,407,145,88,116,143,369,197,25,118,216,111,44,125,54,130,107,97,248,280,571,94,199,43,205,237,33,101,193,137,42,167,79,151,191,130,214,77,133
357,299,113,58,321,68,313,89,135,148,278,353,581,206,164,178,224,610,320,46,180,309,200,125,94,101,209,168,157,402,466,964,185,301,72,306,289,60,143,339,204,53,258,119,222,322,215,329,126,202
141,107,50,27,124,28,125,35,48,63,118,139,230,89,68,70,93,223,120,15,70,142,72,54,101,19,86,43,66,185,189,367,72,119,24,124,124,19,61,141,76,29,106,41,115,114,82,133,49,91
365,279,116,59,323,72,328,100,126,138,311,368,638,219,164,182,213,615,330,43,176,330,191,130,209,86,112,149,165,469,495,994,184,324,59,355,322,55,153,369,248,64,252,106,256,336,207,350,123,226
269,225,84,50,241,63,234,72,74,91,204,242,466,146,133,118,147,478,208,26,134,209,129,107,168,43,149,49,107,280,352,666,131,206,65,240,222,45,116,277,154,48,200,91,185,210,145,243,102,153
295,195,95,46,282,68,230,75,88,110,238,238,471,149,141,146,176,482,280,34,139,268,148,97,157,66,165,107,64,308,376,707,129,222,51,273,212,29,123,259,161,48,206,82,193,228,166,289,92,182
652,551,254,111,626,131,576,195,190,244,514,699,1133,389,332,362,467,1113,598,72,318,659,377,248,402,185,469,280,308,418,965,1870,357,582,145,663,569,105,326,676,415,131,501,228,514,592,393,670,231,381
710,637,290,115,763,158,728,250,277,292,610,829,1354,503,420,450,551,1309,759,97,437,794,445,280,466,189,495,352,376,965,550,2076,402,701,145,776,686,116,402,815,509,164,560,295,604,680,473,766,270,486
1187,1244,587,220,1430,283,1351,426,454,566,1146,1581,2446,896,723,811,988,2455,1445,173,785,1427,841,571,964,367,994,666,707,1870,2076,1886,719,1257,311,1516,1317,281,763,1490,976,317,1009,507,1156,1268,954,1459,477,911
238,253,127,39,314,52,265,80,96,121,234,297,494,167,157,168,193,503,262,41,168,256,152,94,185,72,184,131,129,357,402,719,86,260,64,286,259,40,158,301,192,55,203,99,233,262,176,265,106,171
504,396,171,92,455,113,460,149,150,203,425,497,846,302,243,276,348,875,483,55,258,488,294,199,301,119,324,206,222,582,701,1257,260,218,90,480,444,71,225,479,305,99,368,172,345,464,288,468,182,336
113,78,45,18,110,26,127,30,45,54,87,150,213,61,64,78,71,210,115,12,68,112,77,43,72,24,59,65,51,145,145,311,64,90,14,128,118,25,62,128,97,25,82,38,91,111,69,109,45,82
522,409,212,85,563,118,520,148,163,214,463,654,964,330,251,293,367,990,516,67,284,528,308,205,306,124,355,240,273,663,776,1516,286,480,128,277,485,91,286,543,359,126,416,184,434,487,299,575,209,362
477,397,185,73,478,103,436,155,157,196,423,514,813,331,269,287,326,821,449,44,275,463,258,237,289,124,322,222,212,569,686,1317,259,444,118,485,219,83,226,488,301,97,373,171,373,437,292,505,198,312
100,71,29,8,95,14,66,17,35,35,69,93,169,49,41,42,52,162,89,12,37,88,36,33,60,19,55,45,29,105,116,281,40,71,25,91,83,11,41,88,71,21,67,31,65,72,60,83,45,59
259,213,94,43,242,44,239,69,84,110,184,284,440,148,126,133,178,445,262,28,159,247,143,101,143,61,153,116,123,326,402,763,158,225,62,286,226,41,58,278,148,64,201,94,193,240,147,253,84,188
495,445,222,78,541,123,551,178,192,191,417,646,964,381,300,331,353,934,571,67,292,560,319,193,339,141,369,277,259,676,815,1490,301,479,128,543,488,88,278,297,345,118,415,208,405,477,363,570,198,336
307,293,120,54,343,74,303,83,116,154,288,366,579,206,163,187,205,607,321,46,164,341,197,137,204,76,248,154,161,415,509,976,192,305,97,359,301,71,148,345,106,67,263,115,253,314,227,342,140,222
124,79,53,15,93,26,106,40,43,43,97,127,195,53,60,59,81,175,107,11,73,90,64,42,53,29,64,48,48,131,164,317,55,99,25,126,97,21,64,118,67,9,83,28,78,97,66,116,43,64
373,334,149,67,397,79,369,136,129,167,332,442,651,252,204,229,250,690,373,47,229,345,232,167,258,106,252,200,206,501,560,1009,203,368,82,416,373,67,201,415,263,83,144,131,313,347,242,414,110,248
184,164,53,27,196,40,173,59,63,81,172,211,370,123,96,105,126,360,204,20,103,189,102,79,119,41,106,91,82,228,295,507,99,172,38,184,171,31,94,208,115,28,131,39,137,186,123,178,66,130
464,348,146,65,427,83,354,127,132,180,345,466,732,248,192,237,271,747,385,47,219,381,241,151,222,115,256,185,193,514,604,1156,233,345,91,434,373,65,193,405,253,78,313,137,143,384,270,425,153,283
404,429,186,60,470,95,441,140,137,191,392,526,831,314,246,243,339,832,473,52,282,484,272,191,322,114,336,210,228,592,680,1268,262,464,111,487,437,72,240,477,314,97,347,186,384,221,304,455,171,280
329,318,114,61,323,75,327,79,93,145,253,366,598,212,165,195,219,580,325,27,159,314,199,130,215,82,207,145,166,393,473,954,176,288,69,299,292,60,147,363,227,66,242,123,270,304,95,341,129,216
502,443,215,81,524,112,504,168,176,220,459,575,981,370,257,292,348,953,540,61,288,537,306,214,329,133,350,243,289,670,766,1459,265,468,109,575,505,83,253,570,342,116,414,178,425,455,341,250,187,330
172,158,60,35,193,52,183,49,70,84,148,215,341,120,111,125,121,318,206,23,103,185,114,77,126,49,123,102,92,231,270,477,106,182,45,209,198,45,84,198,140,43,110,66,153,171,129,187,39,119
381,286,137,53,362,86,362,107,118,156,320,402,611,218,184,185,264,612,370,35,206,344,216,133,202,91,226,153,182,381,486,911,171,336,82,362,312,59,188,336,222,64,248,130,283,280,216,330,119,131
