272,438,235,98,473,110,483,165,163,245,453,504,818,390,314,302,363,811,530,68,311,523,323,212,373,146,374,286,313,603,718,1243,240,461,106,546,481,93,223,473,310,127,375,177,443,417,348,486,165,373
438,183,159,74,432,88,424,118,127,189,371,502,838,264,237,246,313,777,433,64,230,465,260,171,281,107,285,196,213,500,713,1300,243,400,98,443,431,65,208,489,292,83,343,172,357,409,258,451,176,292
235,159,44,35,184,43,172,58,61,81,163,229,386,116,92,103,147,377,216,31,115,184,119,83,119,57,131,89,91,244,277,647,125,174,53,203,174,30,102,214,137,44,150,75,155,192,127,221,90,139
98,74,35,9,67,18,75,27,30,26,75,95,139,54,35,35,54,135,75,8,45,84,59,24,52,18,53,38,44,93,123,196,33,74,16,89,77,21,27,74,42,17,54,31,71,81,46,90,27,70
473,432,184,67,264,106,459,144,152,198,398,583,931,324,290,291,363,916,485,60,247,522,312,220,359,127,357,233,242,637,776,1443,295,496,108,513,488,95,271,563,361,104,384,200,432,455,329,482,203,335
110,88,43,18,106,8,105,39,39,44,96,125,187,78,61,66,67,177,111,14,67,108,87,44,76,23,67,52,60,134,163,318,50,104,27,134,119,19,58,124,66,26,71,52,102,103,76,106,34,85
483,424,172,75,459,105,239,152,167,201,416,516,862,294,246,274,337,899,520,65,269,512,302,187,321,119,343,227,274,627,786,1358,246,439,104,528,442,81,249,494,330,118,381,192,369,448,304,508,176,346
165,118,58,27,144,39,152,20,48,70,138,176,257,94,86,71,118,242,141,19,90,151,84,59,89,40,103,64,72,186,229,417,80,137,27,159,147,20,72,139,81,28,129,66,118,149,100,144,53,94
163,127,61,30,152,39,167,48,22,66,129,183,304,117,99,86,139,302,173,22,92,186,111,69,123,37,117,88,85,205,254,497,98,167,49,178,151,27,82,174,121,40,117,58,151,148,115,177,89,105
245,189,81,26,198,44,201,70,66,47,160,249,405,128,108,136,145,400,215,37,113,213,123,86,137,58,153,109,127,271,315,537,100,177,42,213,208,36,95,200,128,35,154,81,169,180,123,206,72,154
453,371,163,75,398,96,416,138,129,160,192,482,780,259,236,274,307,807,458,61,239,421,246,141,275,117,275,220,217,534,646,1191,219,402,112,445,426,79,194,420,265,93,324,176,334,377,267,430,161,315
504,502,229,95,583,125,516,176,183,249,482,339,992,378,291,312,423,1013,576,62,321,594,341,226,355,132,381,264,279,650,858,1518,301,532,116,634,512,83,258,612,394,121,425,216,463,535,347,589,208,367
818,838,386,139,931,187,862,257,304,405,780,992,770,573,484,541,693,1475,954,117,511,924,530,360,601,265,671,415,436,1145,1408,2470,477,807,210,1035,818,150,483,1035,658,186,728,354,709,891,571,998,307,617
390,264,116,54,324,78,294,94,117,128,259,378,573,108,163,183,243,603,350,49,171,325,198,149,214,78,193,150,161,405,467,874,150,286,77,358,283,57,178,338,222,57,263,138,255,293,190,338,111,226
314,237,92,35,290,61,246,86,99,108,236,291,484,163,69,145,218,482,253,30,138,283,163,109,159,77,166,132,132,346,390,758,114,262,58,273,249,41,148,273,160,52,204,99,215,240,138,281,96,195
302,246,103,35,291,66,274,71,86,136,274,312,541,183,145,93,210,534,273,41,145,328,171,107,166,80,201,142,152,368,403,862,138,252,53,273,287,52,133,272,178,60,232,111,227,245,161,292,105,220
363,313,147,54,363,67,337,118,139,145,307,423,693,243,218,210,139,689,365,39,231,377,220,159,269,92,267,176,200,447,556,1025,176,354,84,390,353,63,177,368,245,75,299,139,296,350,232,354,146,245
811,777,377,135,916,177,899,242,302,400,807,1013,1475,603,482,534,689,840,911,125,507,927,574,361,598,239,626,435,467,1066,1371,2420,482,832,208,1021,807,146,490,999,630,190,734,359,771,803,564,974,299,642
530,433,216,75,485,111,520,141,173,215,458,576,954,350,253,273,365,911,250,58,276,469,287,214,310,119,329,227,239,618,723,1422,243,445,130,514,498,89,251,560,341,97,378,196,427,489,319,529,191,352
68,64,31,8,60,14,65,19,22,37,61,62,117,49,30,41,39,125,58,2,29,66,32,34,36,21,53,30,34,72,86,180,30,52,9,60,47,13,35,66,44,10,52,23,60,61,39,64,9,44
311,230,115,45,247,67,269,90,92,113,239,321,511,171,138,145,231,507,276,29,78,260,170,107,190,84,208,113,153,340,385,729,154,267,63,289,269,31,137,290,165,49,208,108,230,272,165,306,113,204
523,465,184,84,522,108,512,151,186,213,421,594,924,325,283,328,377,927,469,66,260,265,294,246,334,137,353,247,249,651,753,1406,247,460,140,544,511,96,254,581,340,96,416,211,428,453,303,519,197,358
323,260,119,59,312,87,302,84,111,123,246,341,530,198,163,171,220,574,287,32,170,294,80,109,163,79,205,130,127,383,437,782,131,295,87,295,323,42,138,311,194,53,249,110,226,251,167,298,104,225
212,171,83,24,220,44,187,59,69,86,141,226,360,149,109,107,159,361,214,34,107,246,109,40,149,41,143,110,102,250,334,533,100,215,53,225,204,40,95,205,122,48,163,71,165,194,127,213,80,132
373,281,119,52,359,76,321,89,123,137,275,355,601,214,159,166,269,598,310,36,190,334,163,149,107,85,216,137,145,393,526,1023,174,292,73,365,332,54,149,334,217,63,270,141,266,315,213,354,123,211
146,107,57,18,127,23,119,40,37,58,117,132,265,78,77,80,92,239,119,21,84,137,79,41,85,8,82,62,66,163,195,381,84,111,29,134,110,20,61,110,77,21,90,35,109,132,80,145,41,86
374,285,131,53,357,67,343,103,117,153,275,381,671,193,166,201,267,626,329,53,208,353,205,143,216,82,111,145,175,447,540,965,183,278,82,339,301,50,186,339,204,62,251,129,270,316,211,371,122,229
286,196,89,38,233,52,227,64,88,109,220,264,415,150,132,142,176,435,227,30,113,247,130,110,137,62,145,55,113,262,329,630,142,209,52,237,205,50,138,239,140,37,182,87,171,205,145,257,86,164
313,213,91,44,242,60,274,72,85,127,217,279,436,161,132,152,200,467,239,34,153,249,127,102,145,66,175,113,69,299,393,708,128,201,48,279,233,42,128,274,142,45,173,96,186,225,143,272,96,172
603,500,244,93,637,134,627,186,205,271,534,650,1145,405,346,368,447,1066,618,72,340,651,383,250,393,163,447,262,299,410,1006,1780,350,546,136,666,576,102,318,695,467,133,514,244,509,606,389,687,221,447
718,713,277,123,776,163,786,229,254,315,646,858,1408,467,390,403,556,1371,723,86,385,753,437,334,526,195,540,329,393,1006,610,2138,395,667,171,825,706,137,367,857,525,168,562,286,629,686,457,817,284,518
1243,1300,647,196,1443,318,1358,417,497,537,1191,1518,2470,874,758,862,1025,2420,1422,180,729,1406,782,533,1023,381,965,630,708,1780,2138,1990,759,1247,315,1597,1272,239,723,1533,946,284,1042,532,1202,1303,940,1440,511,948
240,243,125,33,295,50,246,80,98,100,219,301,477,150,114,138,176,482,243,30,154,247,131,100,174,84,183,142,128,350,395,759,68,264,60,297,262,44,153,298,192,56,215,101,201,253,176,278,94,172
461,400,174,74,496,104,439,137,167,177,402,532,807,286,262,252,354,832,445,52,267,460,295,215,292,111,278,209,201,546,667,1247,264,229,94,486,438,89,223,502,314,91,364,186,363,440,311,491,171,323
106,98,53,16,108,27,104,27,49,42,112,116,210,77,58,53,84,208,130,9,63,140,87,53,73,29,82,52,48,136,171,315,60,94,6,125,92,24,50,122,60,27,90,56,103,112,74,112,35,72
546,443,203,89,513,134,528,159,178,213,445,634,1035,358,273,273,390,1021,514,60,289,544,295,225,365,134,339,237,279,666,825,1597,297,486,125,280,529,85,243,601,343,100,410,206,444,512,353,545,215,349
481,431,174,77,488,119,442,147,151,208,426,512,818,283,249,287,353,807,498,47,269,511,323,204,332,110,301,205,233,576,706,1272,262,438,92,529,227,72,242,505,333,112,385,178,390,470,288,489,151,389
93,65,30,21,95,19,81,20,27,36,79,83,150,57,41,52,63,146,89,13,31,96,42,40,54,20,50,50,42,102,137,239,44,89,24,85,72,6,44,101,56,9,68,39,64,83,60,94,36,68
223,208,102,27,271,58,249,72,82,95,194,258,483,178,148,133,177,490,251,35,137,254,138,95,149,61,186,138,128,318,367,723,153,223,50,243,242,44,63,257,171,59,205,89,220,237,169,248,92,173
473,489,214,74,563,124,494,139,174,200,420,612,1035,338,273,272,368,999,560,66,290,581,311,205,334,110,339,239,274,695,857,1533,298,502,122,601,505,101,257,312,391,134,391,207,420,473,306,523,203,358
310,292,137,42,361,66,330,81,121,128,265,394,658,222,160,178,245,630,341,44,165,340,194,122,217,77,204,140,142,467,525,946,192,314,60,343,333,56,171,391,110,71,266,138,279,306,215,366,110,207
127,83,44,17,104,26,118,28,40,35,93,121,186,57,52,60,75,190,97,10,49,96,53,48,63,21,62,37,45,133,168,284,56,91,27,100,112,9,59,134,71,9,79,40,89,91,61,117,42,61
375,343,150,54,384,71,381,129,117,154,324,425,728,263,204,232,299,734,378,52,208,416,249,163,270,90,251,182,173,514,562,1042,215,364,90,410,385,68,205,391,266,79,143,130,316,342,251,394,147,294
177,172,75,31,200,52,192,66,58,81,176,216,354,138,99,111,139,359,196,23,108,211,110,71,141,35,129,87,96,244,286,532,101,186,56,206,178,39,89,207,138,40,130,47,177,189,123,198,79,138
443,357,155,71,432,102,369,118,151,169,334,463,709,255,215,227,296,771,427,60,230,428,226,165,266,109,270,171,186,509,629,1202,201,363,103,444,390,64,220,420,279,89,316,177,164,366,266,406,146,278
417,409,192,81,455,103,448,149,148,180,377,535,891,293,240,245,350,803,489,61,272,453,251,194,315,132,316,205,225,606,686,1303,253,440,112,512,470,83,237,473,306,91,342,189,366,205,310,475,175,307
348,258,127,46,329,76,304,100,115,123,267,347,571,190,138,161,232,564,319,39,165,303,167,127,213,80,211,145,143,389,457,940,176,311,74,353,288,60,169,306,215,61,251,123,266,310,86,330,130,205
486,451,221,90,482,106,508,144,177,206,430,589,998,338,281,292,354,974,529,64,306,519,298,213,354,145,371,257,272,687,817,1440,278,491,112,545,489,94,248,523,366,117,394,198,406,475,330,267,190,391
165,176,90,27,203,34,176,53,89,72,161,208,307,111,96,105,146,299,191,9,113,197,104,80,123,41,122,86,96,221,284,511,94,171,35,215,151,36,92,203,110,42,147,79,146,175,130,190,31,129
373,292,139,70,335,85,346,94,105,154,315,367,617,226,195,220,245,642,352,44,204,358,225,132,211,86,229,164,172,447,518,948,172,323,72,349,389,68,173,358,207,61,294,138,278,307,205,391,129,130
