269,453,194,108,518,139,491,187,173,264,452,490,807,383,323,344,375,804,489,63,305,512,333,195,373,151,384,274,315,641,651,1175,223,452,118,527,478,93,237,465,315,114,391,163,412,420,308,482,148,363
453,165,168,79,465,106,464,139,148,191,383,481,816,303,242,243,322,754,416,61,223,425,244,176,293,99,297,208,236,543,661,1183,267,442,82,441,402,59,216,471,256,89,321,150,358,421,278,465,159,285
194,168,40,30,224,46,181,63,62,83,169,230,351,117,98,115,147,354,209,28,100,211,115,79,118,51,135,79,103,238,303,577,108,207,40,200,191,27,103,209,136,40,153,77,141,172,131,234,89,147
108,79,30,8,81,17,80,26,36,38,74,95,135,60,57,54,71,140,86,9,51,90,52,34,35,26,54,45,34,104,113,221,40,69,22,90,80,10,39,83,65,19,63,29,56,75,46,96,35,50
518,465,224,81,227,107,494,158,159,197,425,520,910,367,291,322,396,943,541,53,295,516,315,207,363,126,342,237,258,620,764,1409,265,484,115,540,452,77,246,499,325,101,377,201,418,518,345,553,199,307
139,106,46,17,107,16,99,36,41,46,97,115,182,92,71,71,84,189,111,24,46,105,78,44,68,34,90,70,57,136,148,289,46,109,31,140,95,16,54,103,72,29,72,44,89,88,74,97,36,61
491,464,181,80,494,99,259,162,177,215,439,537,836,371,260,307,368,841,494,60,265,506,283,195,296,127,346,239,244,611,707,1286,246,474,140,537,458,71,261,541,323,101,386,185,386,448,275,476,166,321
187,139,63,26,158,36,162,21,59,72,130,182,285,117,78,82,132,271,152,19,84,155,107,58,110,40,102,82,76,171,209,421,91,137,27,145,153,26,79,153,95,33,123,52,142,143,104,170,61,120
173,148,62,36,159,41,177,59,15,60,143,171,276,116,89,94,127,291,169,28,93,159,100,65,105,42,99,84,87,212,242,485,93,169,41,176,154,19,88,201,107,34,119,64,130,161,90,193,68,114
264,191,83,38,197,46,215,72,60,43,150,229,387,147,108,134,158,379,196,26,117,215,121,96,140,48,145,92,113,258,269,560,104,190,52,234,199,35,109,227,142,55,160,76,170,178,129,217,70,139
452,383,169,74,425,97,439,130,143,150,155,441,773,289,235,248,303,751,407,52,259,436,255,189,308,111,272,223,229,571,629,1131,217,403,86,485,401,79,194,424,287,90,313,156,370,386,312,430,169,255
490,481,230,95,520,115,537,182,171,229,441,326,1037,358,271,312,393,990,545,61,296,585,326,222,356,156,385,257,278,653,851,1623,323,508,123,589,537,95,300,603,377,117,409,212,457,489,360,604,216,383
807,816,351,135,910,182,836,285,276,387,773,1037,798,611,491,548,637,1441,899,126,524,903,505,377,584,227,627,395,449,1127,1301,2377,467,822,197,1000,855,136,446,948,550,212,634,328,711,793,562,912,316,618
383,303,117,60,367,92,371,117,116,147,289,358,611,122,176,178,244,568,352,19,182,328,186,144,215,75,220,145,171,416,527,843,196,345,67,325,312,50,174,384,221,50,261,113,292,317,196,348,123,223
323,242,98,57,291,71,260,78,89,108,235,271,491,176,60,137,216,522,270,22,139,269,161,108,174,54,181,127,148,312,377,782,126,238,53,286,247,24,141,282,166,51,186,107,200,268,147,292,92,192
344,243,115,54,322,71,307,82,94,134,248,312,548,178,137,75,220,572,282,20,146,290,168,103,203,63,199,138,146,370,430,852,175,271,73,306,280,40,156,296,183,59,215,112,234,289,166,322,111,199
375,322,147,71,396,84,368,132,127,158,303,393,637,244,216,220,133,633,365,41,201,378,196,145,249,73,235,174,197,457,541,1027,212,331,73,362,354,57,184,387,248,61,271,136,294,355,227,373,133,258
804,754,354,140,943,189,841,271,291,379,751,990,1441,568,522,572,633,768,901,117,514,898,482,347,601,208,593,418,459,1090,1323,2300,440,810,201,961,834,144,434,924,579,190,641,345,705,801,561,900,319,605
489,416,209,86,541,111,494,152,169,196,407,545,899,352,270,282,365,901,259,64,268,483,291,192,309,133,316,231,270,593,726,1378,261,491,128,545,511,73,229,554,355,94,404,199,386,461,328,516,187,319
63,61,28,9,53,24,60,19,28,26,52,61,126,19,22,20,41,117,64,3,37,61,33,27,36,23,46,22,29,74,96,171,34,63,10,66,65,8,32,65,37,11,53,32,52,72,31,78,28,37
305,223,100,51,295,46,265,84,93,117,259,296,524,182,139,146,201,514,268,37,72,296,159,95,185,75,188,125,133,330,397,763,151,247,71,278,245,40,140,332,202,44,233,76,222,266,160,315,94,180
512,425,211,90,516,105,506,155,159,215,436,585,903,328,269,290,378,898,483,61,296,265,299,189,338,130,342,272,245,654,767,1334,276,507,119,541,507,90,247,535,353,85,396,203,404,468,315,518,194,371
333,244,115,52,315,78,283,107,100,121,255,326,505,186,161,168,196,482,291,33,159,299,81,109,173,78,202,132,141,343,413,818,158,267,59,307,257,47,156,338,204,66,224,102,209,290,170,305,105,221
195,176,79,34,207,44,195,58,65,96,189,222,377,144,108,103,145,347,192,27,95,189,109,42,127,45,132,105,105,250,323,573,122,199,45,202,177,33,88,229,136,33,172,73,161,204,126,181,79,134
373,293,118,35,363,68,296,110,105,140,308,356,584,215,174,203,249,601,309,36,185,338,173,127,104,85,220,149,163,441,472,911,176,292,58,351,282,49,155,359,213,58,250,118,241,285,188,330,105,236
151,99,51,26,126,34,127,40,42,48,111,156,227,75,54,63,73,208,133,23,75,130,78,45,85,10,70,57,56,143,186,366,78,132,23,127,121,29,54,129,90,25,102,48,106,115,83,148,50,77
384,297,135,54,342,90,346,102,99,145,272,385,627,220,181,199,235,593,316,46,188,342,202,132,220,70,110,160,185,408,484,982,207,316,68,363,311,62,143,351,226,51,250,125,301,309,231,357,127,202
274,208,79,45,237,70,239,82,84,92,223,257,395,145,127,138,174,418,231,22,125,272,132,105,149,57,160,53,123,291,356,634,127,213,55,249,228,48,127,247,147,51,186,93,209,208,138,265,94,154
315,236,103,34,258,57,244,76,87,113,229,278,449,171,148,146,197,459,270,29,133,245,141,105,163,56,185,123,73,287,407,688,151,237,50,279,226,49,122,261,176,45,231,91,218,239,150,281,84,176
641,543,238,104,620,136,611,171,212,258,571,653,1127,416,312,370,457,1090,593,74,330,654,343,250,441,143,408,291,287,405,927,1670,329,569,158,640,559,101,300,679,444,124,480,250,503,561,420,669,232,405
651,661,303,113,764,148,707,209,242,269,629,851,1301,527,377,430,541,1323,726,96,397,767,413,323,472,186,484,356,407,927,576,1977,396,689,175,793,701,137,369,798,559,163,563,307,588,691,492,770,275,476
1175,1183,577,221,1409,289,1286,421,485,560,1131,1623,2377,843,782,852,1027,2300,1378,171,763,1334,818,573,911,366,982,634,688,1670,1977,1835,695,1278,289,1548,1239,217,694,1423,903,285,970,545,1086,1236,854,1435,521,932
223,267,108,40,265,46,246,91,93,104,217,323,467,196,126,175,212,440,261,34,151,276,158,122,176,78,207,127,151,329,396,695,61,283,58,294,245,50,144,272,150,53,174,99,203,236,162,270,100,177
452,442,207,69,484,109,474,137,169,190,403,508,822,345,238,271,331,810,491,63,247,507,267,199,292,132,316,213,237,569,689,1278,283,222,133,483,405,77,219,506,317,93,335,177,400,436,286,473,172,291
118,82,40,22,115,31,140,27,41,52,86,123,197,67,53,73,73,201,128,10,71,119,59,45,58,23,68,55,50,158,175,289,58,133,14,104,106,18,49,127,66,17,96,47,90,100,61,125,36,76
527,441,200,90,540,140,537,145,176,234,485,589,1000,325,286,306,362,961,545,66,278,541,307,202,351,127,363,249,279,640,793,1548,294,483,104,259,488,99,247,568,385,107,400,190,413,507,328,553,192,378
478,402,191,80,452,95,458,153,154,199,401,537,855,312,247,280,354,834,511,65,245,507,257,177,282,121,311,228,226,559,701,1239,245,405,106,488,200,65,246,552,313,98,366,187,386,451,280,492,167,356
93,59,27,10,77,16,71,26,19,35,79,95,136,50,24,40,57,144,73,8,40,90,47,33,49,29,62,48,49,101,137,217,50,77,18,99,65,9,28,77,64,16,63,33,61,77,52,84,28,55
237,216,103,39,246,54,261,79,88,109,194,300,446,174,141,156,184,434,229,32,140,247,156,88,155,54,143,127,122,300,369,694,144,219,49,247,246,28,63,238,171,58,186,96,211,223,158,289,102,168
465,471,209,83,499,103,541,153,201,227,424,603,948,384,282,296,387,924,554,65,332,535,338,229,359,129,351,247,261,679,798,1423,272,506,127,568,552,77,238,290,326,119,398,207,450,487,331,539,213,354
315,256,136,65,325,72,323,95,107,142,287,377,550,221,166,183,248,579,355,37,202,353,204,136,213,90,226,147,176,444,559,903,150,317,66,385,313,64,171,326,109,68,229,113,283,308,201,380,119,250
114,89,40,19,101,29,101,33,34,55,90,117,212,50,51,59,61,190,94,11,44,85,66,33,58,25,51,51,45,124,163,285,53,93,17,107,98,16,58,119,68,9,89,40,76,111,73,106,30,55
391,321,153,63,377,72,386,123,119,160,313,409,634,261,186,215,271,641,404,53,233,396,224,172,250,102,250,186,231,480,563,970,174,335,96,400,366,63,186,398,229,89,120,134,314,338,228,366,133,261
163,150,77,29,201,44,185,52,64,76,156,212,328,113,107,112,136,345,199,32,76,203,102,73,118,48,125,93,91,250,307,545,99,177,47,190,187,33,96,207,113,40,134,31,148,188,107,196,79,127
412,358,141,56,418,89,386,142,130,170,370,457,711,292,200,234,294,705,386,52,222,404,209,161,241,106,301,209,218,503,588,1086,203,400,90,413,386,61,211,450,283,76,314,148,167,389,245,423,139,268
420,421,172,75,518,88,448,143,161,178,386,489,793,317,268,289,355,801,461,72,266,468,290,204,285,115,309,208,239,561,691,1236,236,436,100,507,451,77,223,487,308,111,338,188,389,200,305,503,170,326
308,278,131,46,345,74,275,104,90,129,312,360,562,196,147,166,227,561,328,31,160,315,170,126,188,83,231,138,150,420,492,854,162,286,61,328,280,52,158,331,201,73,228,107,245,305,107,299,107,223
482,465,234,96,553,97,476,170,193,217,430,604,912,348,292,322,373,900,516,78,315,518,305,181,330,148,357,265,281,669,770,1435,270,473,125,553,492,84,289,539,380,106,366,196,423,503,299,252,212,372
148,159,89,35,199,36,166,61,68,70,169,216,316,123,92,111,133,319,187,28,94,194,105,79,105,50,127,94,84,232,275,521,100,172,36,192,167,28,102,213,119,30,133,79,139,170,107,212,37,121
363,285,147,50,307,61,321,120,114,139,255,383,618,223,192,199,258,605,319,37,180,371,221,134,236,77,202,154,176,405,476,932,177,291,76,378,356,55,168,354,250,55,261,127,268,326,223,372,121,99
