276,433,228,91,539,116,487,180,196,221,463,483,819,361,305,328,385,853,510,84,343,530,351,197,394,151,379,292,315,619,693,1189,248,473,108,550,512,90,262,455,337,101,390,167,436,441,313,509,165,375
433,168,171,78,483,92,423,121,154,178,366,508,820,281,237,241,274,800,441,59,230,443,263,174,269,103,275,185,200,568,699,1221,229,418,97,445,423,71,208,510,305,89,354,185,342,393,278,458,171,296
228,171,32,36,226,37,202,72,74,69,167,228,357,136,103,101,155,346,213,25,109,207,110,80,122,54,116,106,107,236,305,598,107,204,44,203,182,38,112,234,156,49,169,83,147,194,119,213,80,125
91,78,36,5,80,20,91,32,36,31,66,91,133,64,53,55,67,158,82,11,45,94,57,28,53,25,56,44,55,107,119,188,45,82,18,103,69,10,41,79,62,12,57,37,64,67,54,87,23,51
539,483,226,80,267,122,518,153,176,227,460,549,870,355,276,292,373,859,514,53,309,509,338,216,327,110,337,249,261,643,756,1419,259,471,116,536,473,84,253,528,343,109,387,179,419,459,336,517,203,377
116,92,37,20,122,11,123,34,43,44,98,130,201,86,69,70,88,214,126,12,61,112,79,42,62,32,78,61,50,161,186,287,60,108,22,119,97,18,69,128,82,19,86,50,99,90,70,112,40,78
487,423,202,91,518,123,251,153,177,198,417,553,911,341,274,282,341,875,479,68,278,497,323,193,324,117,323,233,240,617,778,1333,270,480,117,530,457,80,244,524,314,103,375,198,389,479,323,476,196,311
180,121,72,32,153,34,153,25,61,70,127,162,262,105,84,91,103,288,143,22,82,149,90,68,110,37,100,73,75,187,234,436,94,142,35,151,145,24,74,140,104,24,108,56,140,133,93,173,62,123
196,154,74,36,176,43,177,61,19,63,152,179,301,99,93,95,108,313,156,22,79,154,114,78,136,41,123,72,94,204,262,453,91,175,44,163,157,21,83,195,102,33,137,69,138,150,107,184,73,123
221,178,69,31,227,44,198,70,63,49,180,245,361,125,116,126,138,375,184,23,107,207,124,81,151,58,139,114,107,251,290,538,103,184,39,216,187,35,97,198,138,47,175,70,182,200,139,222,83,132
463,366,167,66,460,98,417,127,152,180,183,494,781,254,227,249,303,771,416,58,216,427,262,186,291,109,283,219,208,571,616,1157,237,399,94,428,378,66,203,416,316,93,321,165,363,409,280,438,183,283
483,508,228,91,549,130,553,162,179,245,494,319,1037,350,268,276,419,1054,541,71,277,565,343,214,368,123,376,253,287,712,843,1616,306,513,116,585,514,96,297,635,398,122,448,217,472,504,366,614,210,363
819,820,357,133,870,201,911,262,301,361,781,1037,822,612,478,516,703,1457,926,109,515,912,541,380,661,238,669,417,458,1116,1409,2541,515,845,216,969,809,178,478,984,600,192,678,396,775,849,594,950,323,589
361,281,136,64,355,86,341,105,99,125,254,350,612,105,161,168,227,606,333,40,182,322,189,138,208,82,234,147,141,396,474,863,177,322,68,340,339,57,158,351,226,79,272,122,272,303,228,340,132,232
305,237,103,53,276,69,274,84,93,116,227,268,478,161,72,136,185,463,271,31,172,268,151,106,205,91,182,115,141,319,400,742,144,266,48,270,237,40,140,280,171,51,194,95,201,244,149,277,109,191
328,241,101,55,292,70,282,91,95,126,249,276,516,168,136,78,200,535,266,32,182,272,166,112,190,83,169,131,146,342,442,847,165,274,71,300,251,40,152,295,185,63,218,96,222,308,160,292,124,201
385,274,155,67,373,88,341,103,108,138,303,419,703,227,185,200,137,692,372,58,196,343,195,136,244,86,239,165,190,472,539,1050,159,345,89,378,336,67,179,397,233,68,278,149,269,345,228,374,145,236
853,800,346,158,859,214,875,288,313,375,771,1054,1457,606,463,535,692,773,986,111,493,929,526,396,640,245,655,408,488,1084,1353,2457,506,863,208,983,835,159,461,973,629,173,692,376,736,858,578,909,332,613
510,441,213,82,514,126,479,143,156,184,416,541,926,333,271,266,372,986,263,71,289,480,313,199,345,117,344,228,245,673,761,1426,292,510,123,519,483,97,233,572,326,113,400,209,423,455,316,556,187,336
84,59,25,11,53,12,68,22,22,23,58,71,109,40,31,32,58,111,71,3,34,86,48,30,41,10,39,32,29,87,113,168,37,61,11,84,53,12,36,69,36,17,56,26,51,53,42,85,23,45
343,230,109,45,309,61,278,82,79,107,216,277,515,182,172,182,196,493,289,34,61,314,147,118,175,68,149,118,124,336,420,733,151,268,58,296,241,52,136,303,161,55,214,105,230,248,162,321,97,189
530,443,207,94,509,112,497,149,154,207,427,565,912,322,268,272,343,929,480,86,314,262,326,213,366,120,357,242,266,662,768,1392,274,476,134,556,470,103,268,578,342,120,385,194,425,488,332,563,175,368
351,263,110,57,338,79,323,90,114,124,262,343,541,189,151,166,195,526,313,48,147,326,94,133,205,63,206,134,154,371,463,805,136,306,58,311,290,38,167,321,186,65,210,118,246,267,160,331,101,208
197,174,80,28,216,42,193,68,78,81,186,214,380,138,106,112,136,396,199,30,118,213,133,42,133,57,151,103,98,264,305,544,116,186,55,210,176,31,107,198,115,58,154,64,158,198,146,229,76,129
394,269,122,53,327,62,324,110,136,151,291,368,661,208,205,190,244,640,345,41,175,366,205,133,107,75,180,132,153,422,520,921,186,314,82,365,298,48,202,367,232,79,261,135,266,302,191,358,149,233
151,103,54,25,110,32,117,37,41,58,109,123,238,82,91,83,86,245,117,10,68,120,63,57,75,14,67,48,60,161,164,355,66,107,35,115,122,18,54,140,86,24,98,42,96,106,72,148,40,87
379,275,116,56,337,78,323,100,123,139,283,376,669,234,182,169,239,655,344,39,149,357,206,151,180,67,112,150,165,448,530,973,170,311,83,341,329,52,157,360,222,78,294,118,256,315,216,351,130,249
292,185,106,44,249,61,233,73,72,114,219,253,417,147,115,131,165,408,228,32,118,242,134,103,132,48,150,66,139,300,357,671,123,233,46,238,219,45,120,230,134,42,178,69,187,227,143,243,72,182
315,200,107,55,261,50,240,75,94,107,208,287,458,141,141,146,190,488,245,29,124,266,154,98,153,60,165,139,46,295,406,704,161,234,49,241,245,29,124,244,146,55,192,92,217,235,169,271,103,174
619,568,236,107,643,161,617,187,204,251,571,712,1116,396,319,342,472,1084,673,87,336,662,371,264,422,161,448,300,295,421,1023,1853,337,594,138,657,577,96,319,709,394,129,484,243,510,630,402,665,247,441
693,699,305,119,756,186,778,234,262,290,616,843,1409,474,400,442,539,1353,761,113,420,768,463,305,520,164,530,357,406,1023,625,2103,445,725,170,838,675,129,372,876,566,163,589,302,575,719,495,794,284,474
1189,1221,598,188,1419,287,1333,436,453,538,1157,1616,2541,863,742,847,1050,2457,1426,168,733,1392,805,544,921,355,973,671,704,1853,2103,2081,730,1265,306,1588,1277,266,719,1538,962,283,1028,557,1093,1368,858,1464,520,893
248,229,107,45,259,60,270,94,91,103,237,306,515,177,144,165,159,506,292,37,151,274,136,116,186,66,170,123,161,337,445,730,57,252,60,332,251,49,163,292,198,63,197,113,197,262,147,269,90,174
473,418,204,82,471,108,480,142,175,184,399,513,845,322,266,274,345,863,510,61,268,476,306,186,314,107,311,233,234,594,725,1265,252,226,98,525,434,68,226,538,342,107,399,185,372,443,300,510,172,297
108,97,44,18,116,22,117,35,44,39,94,116,216,68,48,71,89,208,123,11,58,134,58,55,82,35,83,46,49,138,170,306,60,98,10,137,114,27,63,119,75,28,80,59,89,112,87,127,33,69
550,445,203,103,536,119,530,151,163,216,428,585,969,340,270,300,378,983,519,84,296,556,311,210,365,115,341,238,241,657,838,1588,332,525,137,279,529,78,264,618,382,105,416,223,449,542,329,604,229,362
512,423,182,69,473,97,457,145,157,187,378,514,809,339,237,251,336,835,483,53,241,470,290,176,298,122,329,219,245,577,675,1277,251,434,114,529,199,76,269,493,303,117,334,173,355,430,294,505,169,321
90,71,38,10,84,18,80,24,21,35,66,96,178,57,40,40,67,159,97,12,52,103,38,31,48,18,52,45,29,96,129,266,49,68,27,78,76,10,51,98,61,20,53,23,62,72,44,84,24,62
262,208,112,41,253,69,244,74,83,97,203,297,478,158,140,152,179,461,233,36,136,268,167,107,202,54,157,120,124,319,372,719,163,226,63,264,269,51,68,266,148,52,193,100,206,245,167,249,97,179
455,510,234,79,528,128,524,140,195,198,416,635,984,351,280,295,397,973,572,69,303,578,321,198,367,140,360,230,244,709,876,1538,292,538,119,618,493,98,266,302,359,116,407,198,411,545,317,577,202,348
337,305,156,62,343,82,314,104,102,138,316,398,600,226,171,185,233,629,326,36,161,342,186,115,232,86,222,134,146,394,566,962,198,342,75,382,303,61,148,359,103,58,259,146,262,315,211,351,128,220
101,89,49,12,109,19,103,24,33,47,93,122,192,79,51,63,68,173,113,17,55,120,65,58,79,24,78,42,55,129,163,283,63,107,28,105,117,20,52,116,58,11,87,43,100,93,59,127,40,71
390,354,169,57,387,86,375,108,137,175,321,448,678,272,194,218,278,692,400,56,214,385,210,154,261,98,294,178,192,484,589,1028,197,399,80,416,334,53,193,407,259,87,140,143,308,363,253,364,130,248
167,185,83,37,179,50,198,56,69,70,165,217,396,122,95,96,149,376,209,26,105,194,118,64,135,42,118,69,92,243,302,557,113,185,59,223,173,23,100,198,146,43,143,37,175,190,107,201,75,135
436,342,147,64,419,99,389,140,138,182,363,472,775,272,201,222,269,736,423,51,230,425,246,158,266,96,256,187,217,510,575,1093,197,372,89,449,355,62,206,411,262,100,308,175,161,371,265,409,165,282
441,393,194,67,459,90,479,133,150,200,409,504,849,303,244,308,345,858,455,53,248,488,267,198,302,106,315,227,235,630,719,1368,262,443,112,542,430,72,245,545,315,93,363,190,371,246,278,480,173,319
313,278,119,54,336,70,323,93,107,139,280,366,594,228,149,160,228,578,316,42,162,332,160,146,191,72,216,143,169,402,495,858,147,300,87,329,294,44,167,317,211,59,253,107,265,278,90,327,133,219
509,458,213,87,517,112,476,173,184,222,438,614,950,340,277,292,374,909,556,85,321,563,331,229,358,148,351,243,271,665,794,1464,269,510,127,604,505,84,249,577,351,127,364,201,409,480,327,244,199,360
165,171,80,23,203,40,196,62,73,83,183,210,323,132,109,124,145,332,187,23,97,175,101,76,149,40,130,72,103,247,284,520,90,172,33,229,169,24,97,202,128,40,130,75,165,173,133,199,29,130
375,296,125,51,377,78,311,123,123,132,283,363,589,232,191,201,236,613,336,45,189,368,208,129,233,87,249,182,174,441,474,893,174,297,69,362,321,62,179,348,220,71,248,135,282,319,219,360,130,111
