267,437,240,102,499,119,441,191,173,259,425,566,860,360,306,340,348,829,497,63,292,513,363,229,361,130,338,281,320,599,739,1197,247,480,111,507,484,89,244,461,284,108,366,186,454,430,323,444,163,386
437,208,158,68,431,101,424,134,151,182,360,480,798,291,233,238,308,784,429,53,211,434,263,184,289,108,307,197,225,563,621,1236,226,408,124,443,407,65,237,480,290,98,355,162,341,393,257,459,167,292
240,158,46,41,222,48,226,67,66,77,161,228,374,118,113,113,143,367,193,23,115,199,124,107,158,53,141,98,113,226,315,589,111,211,35,213,196,31,103,226,119,39,124,82,186,183,129,218,77,130
102,68,41,10,100,20,79,30,23,32,63,103,150,57,36,49,68,141,80,10,39,69,56,34,53,21,48,48,66,106,111,200,44,79,16,94,78,10,54,79,57,20,59,30,73,62,51,67,27,48
499,431,222,100,265,122,521,154,148,198,453,581,926,344,268,308,404,960,546,70,268,569,313,176,347,123,339,253,243,677,800,1375,283,455,120,522,486,81,249,549,338,116,388,192,408,499,324,521,187,333
119,101,48,20,122,15,120,32,33,51,79,136,208,90,67,79,74,181,113,11,59,88,62,48,73,30,71,69,73,136,153,288,55,108,23,113,112,21,60,110,69,23,82,45,94,99,60,96,42,70
441,424,226,79,521,120,209,147,147,185,399,573,904,288,247,284,359,898,465,60,261,456,277,174,297,117,321,241,264,628,690,1366,266,464,109,494,422,68,249,522,304,104,409,196,358,455,302,475,182,340
191,134,67,30,154,32,147,19,54,65,112,234,307,102,81,80,105,281,143,16,104,160,91,58,95,33,97,67,71,179,234,411,74,150,41,149,142,29,69,144,83,36,120,52,135,147,85,160,59,82
173,151,66,23,148,33,147,54,30,65,147,163,302,88,77,99,128,310,150,18,97,154,101,66,99,45,97,93,80,203,250,507,90,148,29,168,152,19,80,187,103,38,131,62,125,171,96,170,51,138
259,182,77,32,198,51,185,65,65,33,176,211,333,128,110,119,144,352,217,24,104,213,112,80,120,52,131,90,106,265,306,540,96,174,41,230,200,33,110,204,141,42,142,72,147,197,121,191,79,137
425,360,161,63,453,79,399,112,147,176,178,463,769,301,233,239,308,783,434,46,261,448,268,168,250,112,292,200,194,541,630,1154,213,404,101,441,406,70,221,441,290,85,301,167,324,378,255,451,164,288
566,480,228,103,581,136,573,234,163,211,463,327,1044,325,274,312,422,1002,560,64,282,583,335,207,375,141,370,261,260,727,831,1633,290,533,133,619,508,87,325,600,375,125,431,190,429,520,342,619,209,361
860,798,374,150,926,208,904,307,302,333,769,1044,849,548,500,547,663,1515,904,98,478,941,529,350,614,218,593,433,479,1218,1403,2497,463,876,213,1004,904,154,472,962,625,165,705,336,761,844,539,983,332,635
360,291,118,57,344,90,288,102,88,128,301,325,548,98,177,186,244,570,340,44,153,341,193,123,211,91,229,152,177,411,490,907,172,307,66,334,326,49,162,352,210,67,271,131,258,332,209,349,115,237
306,233,113,36,268,67,247,81,77,110,233,274,500,177,55,132,196,453,261,24,148,268,154,115,176,68,196,120,129,321,418,762,122,264,59,279,263,37,123,252,175,53,193,74,211,231,162,277,90,175
340,238,113,49,308,79,284,80,99,119,239,312,547,186,132,93,192,509,283,36,167,298,179,124,200,65,198,144,142,337,471,833,152,273,54,309,287,42,151,304,195,50,210,95,215,240,175,316,108,181
348,308,143,68,404,74,359,105,128,144,308,422,663,244,196,192,130,640,337,52,208,358,203,148,250,103,249,171,185,412,497,975,191,338,84,375,321,69,161,356,262,68,275,138,311,357,241,324,132,235
829,784,367,141,960,181,898,281,310,352,783,1002,1515,570,453,509,640,827,928,129,491,926,520,340,596,201,586,462,447,1153,1393,2448,489,848,197,1026,837,154,445,974,629,190,669,345,709,873,546,946,314,569
497,429,193,80,546,113,465,143,150,217,434,560,904,340,261,283,337,928,256,64,252,470,301,230,342,130,355,252,274,653,739,1377,281,463,104,537,458,89,247,548,350,98,382,205,413,467,314,485,180,357
63,53,23,10,70,11,60,16,18,24,46,64,98,44,24,36,52,129,64,1,37,55,32,25,29,9,36,27,31,78,99,181,24,59,14,53,70,11,29,82,37,13,47,19,48,63,32,68,18,45
292,211,115,39,268,59,261,104,97,104,261,282,478,153,148,167,208,491,252,37,74,262,159,103,165,67,156,132,138,355,392,763,135,264,51,255,271,46,142,316,192,61,215,99,216,251,164,273,104,192
513,434,199,69,569,88,456,160,154,213,448,583,941,341,268,298,358,926,470,55,262,243,315,218,339,142,334,232,267,628,733,1371,288,483,113,563,471,84,263,580,327,107,391,176,401,500,324,530,196,360
363,263,124,56,313,62,277,91,101,112,268,335,529,193,154,179,203,520,301,32,159,315,97,120,189,71,190,148,136,322,453,866,149,277,57,313,274,40,155,326,207,55,239,106,259,280,166,323,101,208
229,184,107,34,176,48,174,58,66,80,168,207,350,123,115,124,148,340,230,25,103,218,120,41,132,58,140,80,98,240,308,563,102,189,45,236,176,33,111,213,126,45,151,74,148,199,131,216,58,133
361,289,158,53,347,73,297,95,99,120,250,375,614,211,176,200,250,596,342,29,165,339,189,132,111,95,219,149,158,401,517,968,181,301,64,327,273,44,161,338,192,68,249,116,255,323,216,347,110,218
130,108,53,21,123,30,117,33,45,52,112,141,218,91,68,65,103,201,130,9,67,142,71,58,95,19,64,59,58,144,196,383,80,124,31,118,106,18,56,133,84,18,111,44,110,115,86,150,42,95
338,307,141,48,339,71,321,97,97,131,292,370,593,229,196,198,249,586,355,36,156,334,190,140,219,64,90,147,135,410,481,1021,180,303,74,307,322,48,162,379,229,60,285,123,264,335,225,388,120,224
281,197,98,48,253,69,241,67,93,90,200,261,433,152,120,144,171,462,252,27,132,232,148,80,149,59,147,46,129,289,370,677,125,221,58,237,223,34,114,253,122,46,177,111,184,227,145,274,92,150
320,225,113,66,243,73,264,71,80,106,194,260,479,177,129,142,185,447,274,31,138,267,136,98,158,58,135,129,66,335,377,686,135,253,48,263,256,46,131,257,152,37,216,98,221,251,155,281,92,161
599,563,226,106,677,136,628,179,203,265,541,727,1218,411,321,337,412,1153,653,78,355,628,322,240,401,144,410,289,335,391,995,1827,326,626,147,640,598,102,310,699,416,138,472,244,462,584,397,696,230,446
739,621,315,111,800,153,690,234,250,306,630,831,1403,490,418,471,497,1393,739,99,392,733,453,308,517,196,481,370,377,995,582,2090,445,694,185,821,661,127,392,802,519,156,551,307,610,730,506,798,302,543
1197,1236,589,200,1375,288,1366,411,507,540,1154,1633,2497,907,762,833,975,2448,1377,181,763,1371,866,563,968,383,1021,677,686,1827,2090,1938,727,1255,348,1545,1341,270,687,1481,923,295,1077,535,1152,1281,897,1455,530,964
247,226,111,44,283,55,266,74,90,96,213,290,463,172,122,152,191,489,281,24,135,288,149,102,181,80,180,125,135,326,445,727,79,255,58,280,252,31,126,277,184,62,197,93,210,283,166,291,101,176
480,408,211,79,455,108,464,150,148,174,404,533,876,307,264,273,338,848,463,59,264,483,277,189,301,124,303,221,253,626,694,1255,255,217,94,502,430,64,224,481,295,93,353,191,414,463,302,496,197,308
111,124,35,16,120,23,109,41,29,41,101,133,213,66,59,54,84,197,104,14,51,113,57,45,64,31,74,58,48,147,185,348,58,94,13,122,97,17,53,123,74,28,85,43,70,96,72,99,37,68
507,443,213,94,522,113,494,149,168,230,441,619,1004,334,279,309,375,1026,537,53,255,563,313,236,327,118,307,237,263,640,821,1545,280,502,122,290,478,84,253,530,344,88,393,199,428,492,319,564,185,324
484,407,196,78,486,112,422,142,152,200,406,508,904,326,263,287,321,837,458,70,271,471,274,176,273,106,322,223,256,598,661,1341,252,430,97,478,203,64,241,484,287,105,342,161,342,456,269,478,182,344
89,65,31,10,81,21,68,29,19,33,70,87,154,49,37,42,69,154,89,11,46,84,40,33,44,18,48,34,46,102,127,270,31,64,17,84,64,6,46,95,64,19,63,33,64,73,44,90,25,54
244,237,103,54,249,60,249,69,80,110,221,325,472,162,123,151,161,445,247,29,142,263,155,111,161,56,162,114,131,310,392,687,126,224,53,253,241,46,61,286,156,56,193,92,223,228,160,259,87,166
461,480,226,79,549,110,522,144,187,204,441,600,962,352,252,304,356,974,548,82,316,580,326,213,338,133,379,253,257,699,802,1481,277,481,123,530,484,95,286,269,341,103,374,212,435,497,354,581,192,345
284,290,119,57,338,69,304,83,103,141,290,375,625,210,175,195,262,629,350,37,192,327,207,126,192,84,229,122,152,416,519,923,184,295,74,344,287,64,156,341,94,71,245,134,250,307,228,353,135,209
108,98,39,20,116,23,104,36,38,42,85,125,165,67,53,50,68,190,98,13,61,107,55,45,68,18,60,46,37,138,156,295,62,93,28,88,105,19,56,103,71,13,87,40,87,107,76,113,40,75
366,355,124,59,388,82,409,120,131,142,301,431,705,271,193,210,275,669,382,47,215,391,239,151,249,111,285,177,216,472,551,1077,197,353,85,393,342,63,193,374,245,87,128,142,284,364,246,417,122,274
186,162,82,30,192,45,196,52,62,72,167,190,336,131,74,95,138,345,205,19,99,176,106,74,116,44,123,111,98,244,307,535,93,191,43,199,161,33,92,212,134,40,142,38,150,167,114,214,68,145
454,341,186,73,408,94,358,135,125,147,324,429,761,258,211,215,311,709,413,48,216,401,259,148,255,110,264,184,221,462,610,1152,210,414,70,428,342,64,223,435,250,87,284,150,174,391,253,446,150,280
430,393,183,62,499,99,455,147,171,197,378,520,844,332,231,240,357,873,467,63,251,500,280,199,323,115,335,227,251,584,730,1281,283,463,96,492,456,73,228,497,307,107,364,167,391,202,280,512,186,289
323,257,129,51,324,60,302,85,96,121,255,342,539,209,162,175,241,546,314,32,164,324,166,131,216,86,225,145,155,397,506,897,166,302,72,319,269,44,160,354,228,76,246,114,253,280,111,343,99,222
444,459,218,67,521,96,475,160,170,191,451,619,983,349,277,316,324,946,485,68,273,530,323,216,347,150,388,274,281,696,798,1455,291,496,99,564,478,90,259,581,353,113,417,214,446,512,343,240,191,345
163,167,77,27,187,42,182,59,51,79,164,209,332,115,90,108,132,314,180,18,104,196,101,58,110,42,120,92,92,230,302,530,101,197,37,185,182,25,87,192,135,40,122,68,150,186,99,191,28,128
386,292,130,48,333,70,340,82,138,137,288,361,635,237,175,181,235,569,357,45,192,360,208,133,218,95,224,150,161,446,543,964,176,308,68,324,344,54,166,345,209,75,274,145,280,289,222,345,128,125
