274,445,218,98,483,124,471,201,193,244,412,503,845,361,310,353,351,857,514,65,307,503,364,223,374,159,367,278,327,607,685,1173,242,475,114,520,485,91,255,488,327,109,338,177,437,448,333,483,163,376
445,197,171,88,412,100,440,126,180,182,390,495,769,289,246,219,332,812,438,56,215,455,267,188,289,115,312,207,195,524,626,1268,241,408,107,462,400,61,208,502,298,87,321,162,360,418,310,455,177,282
218,171,41,35,206,36,192,65,74,86,167,226,316,133,92,114,155,341,200,27,89,200,113,93,115,55,149,91,96,234,291,533,117,202,55,177,203,30,123,211,135,37,159,89,148,200,119,225,93,120
98,88,35,3,78,18,75,24,21,42,72,101,167,45,51,50,58,162,91,11,59,72,51,31,63,25,75,57,42,125,133,209,39,71,14,95,70,17,42,102,63,28,61,31,65,81,47,78,29,62
483,412,206,78,254,117,482,163,201,207,430,547,909,313,274,315,385,935,533,61,286,519,294,209,341,119,339,263,251,669,765,1453,274,480,104,557,449,89,233,563,341,107,386,216,421,448,345,510,191,347
124,100,36,18,117,10,92,33,29,57,105,133,180,69,74,80,70,193,108,16,69,106,77,37,70,28,76,52,49,146,165,290,50,91,16,123,113,22,57,124,73,29,87,41,94,122,69,118,38,87
471,440,192,75,482,92,222,140,144,198,440,548,841,292,269,291,342,867,482,48,266,469,285,190,338,130,343,207,233,627,732,1319,276,433,96,535,446,86,255,554,320,101,372,186,396,431,295,485,168,304
201,126,65,24,163,33,140,15,57,60,130,156,277,86,85,86,114,263,158,19,79,163,90,59,110,35,95,75,77,193,268,445,84,132,31,156,134,25,71,168,105,40,120,64,116,146,85,148,57,115
193,180,74,21,201,29,144,57,27,55,150,164,254,116,102,107,109,285,187,23,88,170,91,66,104,44,118,68,79,175,256,443,86,149,39,164,155,30,80,183,117,36,119,56,140,159,101,159,63,113
244,182,86,42,207,57,198,60,55,51,179,237,361,139,114,121,148,354,216,29,108,209,146,99,143,65,156,96,117,276,302,547,105,207,45,221,198,32,86,217,133,39,149,73,163,185,124,216,73,122
412,390,167,72,430,105,440,130,150,179,187,475,753,306,232,260,294,726,460,61,239,447,266,180,302,125,307,204,230,544,656,1135,233,392,86,486,362,63,202,463,301,95,338,154,342,419,282,412,161,254
503,495,226,101,547,133,548,156,164,237,475,316,1019,384,299,313,407,1015,576,73,295,559,350,215,359,137,383,263,279,733,861,1508,286,542,116,617,551,97,264,632,376,127,425,231,437,523,358,572,200,386
845,769,316,167,909,180,841,277,254,361,753,1019,829,610,451,516,649,1447,902,127,531,962,499,356,590,233,604,440,431,1116,1334,2404,498,845,190,992,889,141,450,969,575,196,706,363,734,827,602,898,327,595
361,289,133,45,313,69,292,86,116,139,306,384,610,92,170,172,245,571,334,35,171,322,196,123,228,93,202,162,178,427,496,889,166,280,59,318,292,61,156,352,227,70,276,121,251,299,197,313,104,219
310,246,92,51,274,74,269,85,102,114,232,299,451,170,64,122,211,462,282,26,146,272,135,105,159,64,173,131,129,321,405,754,155,229,62,250,270,45,137,288,173,55,218,90,203,256,148,273,97,174
353,219,114,50,315,80,291,86,107,121,260,313,516,172,122,75,229,502,296,34,151,292,166,120,179,75,192,126,158,347,408,800,138,256,70,295,290,51,163,275,185,64,225,108,202,267,186,298,105,193
351,332,155,58,385,70,342,114,109,148,294,407,649,245,211,229,125,685,370,45,200,360,199,169,274,91,263,152,197,471,530,986,206,333,87,370,366,55,164,399,243,75,273,142,320,375,229,363,132,252
857,812,341,162,935,193,867,263,285,354,726,1015,1447,571,462,502,685,795,878,107,468,911,532,351,600,251,610,422,475,1111,1309,2347,462,794,194,948,885,162,447,928,593,194,656,327,775,818,603,911,334,605
514,438,200,91,533,108,482,158,187,216,460,576,902,334,282,296,370,878,244,72,263,474,290,194,348,124,325,216,261,634,751,1417,290,469,110,554,499,91,264,568,353,111,415,209,406,477,309,493,198,352
65,56,27,11,61,16,48,19,23,29,61,73,127,35,26,34,45,107,72,2,22,66,33,30,42,19,45,32,31,72,96,195,29,62,15,64,60,9,29,69,36,11,38,21,51,57,35,57,32,35
307,215,89,59,286,69,266,79,88,108,239,295,531,171,146,151,200,468,263,22,70,266,169,115,175,58,165,141,142,333,428,844,166,264,61,286,265,33,146,295,197,52,245,105,230,255,167,299,97,196
503,455,200,72,519,106,469,163,170,209,447,559,962,322,272,292,360,911,474,66,266,268,320,209,356,118,340,259,262,672,749,1445,277,478,128,553,464,87,278,564,335,113,389,202,408,465,318,517,192,356
364,267,113,51,294,77,285,90,91,146,266,350,499,196,135,166,199,532,290,33,169,320,64,138,173,84,188,148,153,351,445,852,151,269,80,273,309,46,159,302,190,54,254,115,231,244,199,321,100,198
223,188,93,31,209,37,190,59,66,99,180,215,356,123,105,120,169,351,194,30,115,209,138,43,122,58,139,86,126,279,311,522,110,185,46,233,199,29,102,223,144,44,149,68,150,195,117,197,68,152
374,289,115,63,341,70,338,110,104,143,302,359,590,228,159,179,274,600,348,42,175,356,173,122,101,89,210,140,155,415,487,939,153,292,68,354,299,56,181,374,186,69,277,123,245,302,227,371,135,233
159,115,55,25,119,28,130,35,44,65,125,137,233,93,64,75,91,251,124,19,58,118,84,58,89,15,77,58,52,159,176,364,71,129,31,139,126,14,57,143,83,22,104,52,118,126,85,151,50,96
367,312,149,75,339,76,343,95,118,156,307,383,604,202,173,192,263,610,325,45,165,340,188,139,210,77,114,141,153,397,507,993,180,332,73,384,313,55,174,375,225,69,267,118,287,329,198,371,141,231
278,207,91,57,263,52,207,75,68,96,204,263,440,162,131,126,152,422,216,32,141,259,148,86,140,58,141,59,110,288,343,659,125,242,54,237,238,50,127,242,168,54,189,85,175,200,154,225,104,160
327,195,96,42,251,49,233,77,79,117,230,279,431,178,129,158,197,475,261,31,142,262,153,126,155,52,153,110,58,316,386,694,157,244,75,244,242,41,149,240,164,52,203,92,193,248,153,271,91,170
607,524,234,125,669,146,627,193,175,276,544,733,1116,427,321,347,471,1111,634,72,333,672,351,279,415,159,397,288,316,365,954,1762,346,592,143,671,631,119,331,705,411,144,470,244,531,573,416,695,245,393
685,626,291,133,765,165,732,268,256,302,656,861,1334,496,405,408,530,1309,751,96,428,749,445,311,487,176,507,343,386,954,563,2011,397,725,175,799,700,123,378,777,520,181,580,286,598,678,468,773,270,510
1173,1268,533,209,1453,290,1319,445,443,547,1135,1508,2404,889,754,800,986,2347,1417,195,844,1445,852,522,939,364,993,659,694,1762,2011,1893,737,1297,322,1549,1264,227,709,1445,900,291,1086,512,1147,1235,904,1459,527,965
242,241,117,39,274,50,276,84,86,105,233,286,498,166,155,138,206,462,290,29,166,277,151,110,153,71,180,125,157,346,397,737,80,246,55,280,258,41,142,277,176,52,196,92,220,256,171,269,94,178
475,408,202,71,480,91,433,132,149,207,392,542,845,280,229,256,333,794,469,62,264,478,269,185,292,129,332,242,244,592,725,1297,246,222,99,474,436,59,227,529,294,100,360,206,366,385,311,480,161,330
114,107,55,14,104,16,96,31,39,45,86,116,190,59,62,70,87,194,110,15,61,128,80,46,68,31,73,54,75,143,175,322,55,99,14,122,92,16,62,134,92,26,83,44,93,108,68,122,39,82
520,462,177,95,557,123,535,156,164,221,486,617,992,318,250,295,370,948,554,64,286,553,273,233,354,139,384,237,244,671,799,1549,280,474,122,282,500,82,282,589,333,120,406,216,430,513,303,594,189,332
485,400,203,70,449,113,446,134,155,198,362,551,889,292,270,290,366,885,499,60,265,464,309,199,299,126,313,238,242,631,700,1264,258,436,92,500,231,90,254,503,292,113,359,189,331,421,298,454,150,345
91,61,30,17,89,22,86,25,30,32,63,97,141,61,45,51,55,162,91,9,33,87,46,29,56,14,55,50,41,119,123,227,41,59,16,82,90,9,50,112,58,26,75,22,60,81,50,108,38,62
255,208,123,42,233,57,255,71,80,86,202,264,450,156,137,163,164,447,264,29,146,278,159,102,181,57,174,127,149,331,378,709,142,227,62,282,254,50,55,265,145,66,169,103,219,233,171,261,90,166
488,502,211,102,563,124,554,168,183,217,463,632,969,352,288,275,399,928,568,69,295,564,302,223,374,143,375,242,240,705,777,1445,277,529,134,589,503,112,265,251,327,130,400,211,419,490,330,514,189,340
327,298,135,63,341,73,320,105,117,133,301,376,575,227,173,185,243,593,353,36,197,335,190,144,186,83,225,168,164,411,520,900,176,294,92,333,292,58,145,327,90,66,250,118,270,292,198,354,111,224
109,87,37,28,107,29,101,40,36,39,95,127,196,70,55,64,75,194,111,11,52,113,54,44,69,22,69,54,52,144,181,291,52,100,26,120,113,26,66,130,66,15,74,30,82,100,67,110,38,80
338,321,159,61,386,87,372,120,119,149,338,425,706,276,218,225,273,656,415,38,245,389,254,149,277,104,267,189,203,470,580,1086,196,360,83,406,359,75,169,400,250,74,135,133,305,351,271,399,135,242
177,162,89,31,216,41,186,64,56,73,154,231,363,121,90,108,142,327,209,21,105,202,115,68,123,52,118,85,92,244,286,512,92,206,44,216,189,22,103,211,118,30,133,28,146,187,105,186,81,138
437,360,148,65,421,94,396,116,140,163,342,437,734,251,203,202,320,775,406,51,230,408,231,150,245,118,287,175,193,531,598,1147,220,366,93,430,331,60,219,419,270,82,305,146,136,383,229,455,141,265
448,418,200,81,448,122,431,146,159,185,419,523,827,299,256,267,375,818,477,57,255,465,244,195,302,126,329,200,248,573,678,1235,256,385,108,513,421,81,233,490,292,100,351,187,383,216,293,475,168,277
333,310,119,47,345,69,295,85,101,124,282,358,602,197,148,186,229,603,309,35,167,318,199,117,227,85,198,154,153,416,468,904,171,311,68,303,298,50,171,330,198,67,271,105,229,293,102,340,122,215
483,455,225,78,510,118,485,148,159,216,412,572,898,313,273,298,363,911,493,57,299,517,321,197,371,151,371,225,271,695,773,1459,269,480,122,594,454,108,261,514,354,110,399,186,455,475,340,247,191,339
163,177,93,29,191,38,168,57,63,73,161,200,327,104,97,105,132,334,198,32,97,192,100,68,135,50,141,104,91,245,270,527,94,161,39,189,150,38,90,189,111,38,135,81,141,168,122,191,34,126
376,282,120,62,347,87,304,115,113,122,254,386,595,219,174,193,252,605,352,35,196,356,198,152,233,96,231,160,170,393,510,965,178,330,82,332,345,62,166,340,224,80,242,138,265,277,215,339,126,110
