261,474,210,90,482,113,452,179,153,225,448,518,748,356,340,341,337,763,506,75,332,519,351,207,380,153,400,288,311,629,698,1144,244,477,126,496,518,91,229,443,336,98,386,180,456,422,331,523,159,362
474,179,181,74,409,98,417,137,136,169,358,466,848,286,221,235,309,807,434,53,206,446,252,167,273,117,303,200,217,566,649,1273,227,395,82,454,387,60,225,434,265,85,341,149,355,400,264,429,156,305
210,181,34,36,180,52,169,61,57,88,172,219,394,128,105,105,138,399,191,24,87,206,101,63,133,52,122,80,101,258,303,592,127,178,32,194,169,33,93,218,157,37,147,77,159,201,131,205,61,137
90,74,36,9,82,23,81,25,42,46,73,89,135,73,48,55,51,137,92,12,58,74,48,31,63,19,57,48,53,109,111,208,33,82,23,75,80,14,43,78,52,22,72,26,73,65,47,84,35,58
482,409,180,82,274,121,467,149,173,204,436,590,946,334,258,283,393,956,511,57,262,513,308,188,320,120,335,213,258,629,795,1460,313,458,113,520,483,85,268,539,342,103,358,192,420,456,325,500,205,308
113,98,52,23,121,11,101,36,41,52,91,123,205,79,53,61,67,186,130,22,74,116,69,44,73,27,70,53,67,165,143,284,45,110,28,119,98,26,48,116,86,28,98,31,88,106,69,89,45,82
452,417,169,81,467,101,232,143,168,203,395,553,889,330,257,284,332,917,523,60,283,511,288,198,309,119,334,212,235,625,702,1352,229,461,120,496,446,87,246,505,316,106,369,162,378,426,305,452,191,355
179,137,61,25,149,36,143,28,49,82,134,195,287,105,72,72,100,289,154,18,64,144,88,64,102,34,109,77,86,183,222,438,100,132,27,131,141,20,74,146,120,29,121,52,109,137,96,156,55,120
153,136,57,42,173,41,168,49,20,72,163,173,322,112,94,92,107,316,169,23,84,164,92,63,118,36,117,65,84,196,256,487,91,178,34,180,164,19,79,199,112,28,134,46,142,131,107,179,54,113
225,169,88,46,204,52,203,82,72,51,174,219,366,144,106,110,146,377,205,17,110,207,124,65,145,52,139,99,117,247,296,544,98,200,51,215,201,35,99,223,145,46,164,87,170,193,122,200,80,139
448,358,172,73,436,91,395,134,163,174,179,465,771,258,224,242,278,746,421,45,236,418,229,147,271,108,290,192,234,526,624,1143,215,399,98,444,409,78,200,430,301,89,338,162,326,364,252,434,142,283
518,466,219,89,590,123,553,195,173,219,465,338,1021,376,287,325,414,1040,563,66,331,563,338,216,387,138,356,253,299,742,825,1659,316,528,132,621,544,104,273,595,391,125,394,220,436,521,348,562,216,405
748,848,394,135,946,205,889,287,322,366,771,1021,822,571,479,541,662,1494,848,110,497,938,541,366,593,233,642,443,450,1136,1336,2416,481,856,214,956,833,151,471,953,574,175,698,340,703,837,596,966,340,609
356,286,128,73,334,79,330,105,112,144,258,376,571,124,187,204,244,606,342,34,198,363,206,129,207,81,218,163,172,402,489,835,163,322,86,358,354,52,177,349,218,81,276,119,272,283,202,355,119,217
340,221,105,48,258,53,257,72,94,106,224,287,479,187,73,146,219,500,267,36,140,281,189,102,173,64,165,111,136,321,433,765,154,222,55,303,249,50,137,267,163,54,200,104,218,246,159,299,107,221
341,235,105,55,283,61,284,72,92,110,242,325,541,204,146,85,254,535,285,27,138,297,197,103,199,64,183,117,138,354,444,840,183,250,62,304,255,50,161,315,184,57,204,91,244,247,193,324,116,209
337,309,138,51,393,67,332,100,107,146,278,414,662,244,219,254,140,639,375,57,191,396,204,129,240,80,231,170,184,492,584,1007,205,338,79,357,343,63,177,393,236,70,281,161,283,306,254,378,140,236
763,807,399,137,956,186,917,289,316,377,746,1040,1494,606,500,535,639,833,887,112,488,953,544,333,609,213,625,393,437,1143,1332,2370,488,889,218,929,817,149,452,981,589,191,709,314,763,826,579,993,343,610
506,434,191,92,511,130,523,154,169,205,421,563,848,342,267,285,375,887,238,65,280,478,301,221,323,129,363,229,280,665,755,1436,255,440,111,549,506,83,270,547,308,100,392,193,423,478,313,548,188,369
75,53,24,12,57,22,60,18,23,17,45,66,110,34,36,27,57,112,65,6,25,55,39,29,38,14,43,36,33,78,97,176,52,72,7,63,54,13,41,83,50,8,44,20,45,59,46,51,28,40
332,206,87,58,262,74,283,64,84,110,236,331,497,198,140,138,191,488,280,25,64,279,148,101,165,64,158,119,135,320,406,807,155,243,76,286,276,46,131,298,187,52,219,104,206,254,175,308,109,198
519,446,206,74,513,116,511,144,164,207,418,563,938,363,281,297,396,953,478,55,279,261,322,208,328,149,363,214,273,691,772,1436,302,467,114,553,474,84,271,535,338,103,411,193,430,468,326,528,182,353
351,252,101,48,308,69,288,88,92,124,229,338,541,206,189,197,204,544,301,39,148,322,93,114,196,70,196,148,140,350,418,792,167,287,56,311,285,52,144,292,188,64,251,109,244,265,197,329,136,178
207,167,63,31,188,44,198,64,63,65,147,216,366,129,102,103,129,333,221,29,101,208,114,46,124,59,137,84,100,259,329,571,94,167,49,221,189,44,96,214,128,43,159,63,135,190,108,216,67,122
380,273,133,63,320,73,309,102,118,145,271,387,593,207,173,199,240,609,323,38,165,328,196,124,103,79,194,142,133,432,499,951,178,280,79,333,319,56,180,332,217,66,289,117,268,310,222,338,114,224
153,117,52,19,120,27,119,34,36,52,108,138,233,81,64,64,80,213,129,14,64,149,70,59,79,17,88,49,54,155,197,383,72,113,22,142,131,22,54,133,76,26,112,35,89,125,79,129,46,79
400,303,122,57,335,70,334,109,117,139,290,356,642,218,165,183,231,625,363,43,158,363,196,137,194,88,112,153,153,400,517,1000,175,279,83,352,304,46,189,354,226,66,266,118,254,332,222,362,124,210
288,200,80,48,213,53,212,77,65,99,192,253,443,163,111,117,170,393,229,36,119,214,148,84,142,49,153,61,130,267,352,681,121,229,58,229,224,38,110,227,146,46,187,88,169,225,143,243,85,161
311,217,101,53,258,67,235,86,84,117,234,299,450,172,136,138,184,437,280,33,135,273,140,100,133,54,153,130,61,298,368,695,143,256,65,271,267,39,123,243,154,41,187,86,178,261,156,243,90,176
629,566,258,109,629,165,625,183,196,247,526,742,1136,402,321,354,492,1143,665,78,320,691,350,259,432,155,400,267,298,416,960,1817,348,638,126,693,612,107,315,696,416,122,540,242,519,591,406,660,240,452
698,649,303,111,795,143,702,222,256,296,624,825,1336,489,433,444,584,1332,755,97,406,772,418,329,499,197,517,352,368,960,560,2019,419,728,177,811,674,140,370,818,477,170,598,299,621,700,486,759,303,534
1144,1273,592,208,1460,284,1352,438,487,544,1143,1659,2416,835,765,840,1007,2370,1436,176,807,1436,792,571,951,383,1000,681,695,1817,2019,1878,702,1372,322,1477,1240,258,715,1437,909,306,1029,545,1110,1261,945,1424,500,944
244,227,127,33,313,45,229,100,91,98,215,316,481,163,154,183,205,488,255,52,155,302,167,94,178,72,175,121,143,348,419,702,65,249,52,317,235,44,141,291,173,54,185,105,230,239,186,281,96,169
477,395,178,82,458,110,461,132,178,200,399,528,856,322,222,250,338,889,440,72,243,467,287,167,280,113,279,229,256,638,728,1372,249,199,111,486,424,68,224,494,310,107,378,156,375,458,317,515,182,312
126,82,32,23,113,28,120,27,34,51,98,132,214,86,55,62,79,218,111,7,76,114,56,49,79,22,83,58,65,126,177,322,52,111,10,109,104,18,60,104,64,20,73,40,97,111,77,119,38,70
496,454,194,75,520,119,496,131,180,215,444,621,956,358,303,304,357,929,549,63,286,553,311,221,333,142,352,229,271,693,811,1477,317,486,109,279,489,78,254,571,375,100,417,231,450,451,323,578,206,363
518,387,169,80,483,98,446,141,164,201,409,544,833,354,249,255,343,817,506,54,276,474,285,189,319,131,304,224,267,612,674,1240,235,424,104,489,205,66,235,495,327,107,345,180,391,419,291,495,181,315
91,60,33,14,85,26,87,20,19,35,78,104,151,52,50,50,63,149,83,13,46,84,52,44,56,22,46,38,39,107,140,258,44,68,18,78,66,5,29,97,75,11,55,24,67,77,60,93,36,61
229,225,93,43,268,48,246,74,79,99,200,273,471,177,137,161,177,452,270,41,131,271,144,96,180,54,189,110,123,315,370,715,141,224,60,254,235,29,57,252,169,66,197,103,209,228,171,273,101,167
443,434,218,78,539,116,505,146,199,223,430,595,953,349,267,315,393,981,547,83,298,535,292,214,332,133,354,227,243,696,818,1437,291,494,104,571,495,97,252,274,325,109,420,210,413,504,297,517,179,362
336,265,157,52,342,86,316,120,112,145,301,391,574,218,163,184,236,589,308,50,187,338,188,128,217,76,226,146,154,416,477,909,173,310,64,375,327,75,169,325,112,60,236,138,253,299,216,330,120,243
98,85,37,22,103,28,106,29,28,46,89,125,175,81,54,57,70,191,100,8,52,103,64,43,66,26,66,46,41,122,170,306,54,107,20,100,107,11,66,109,60,6,87,41,91,109,75,117,32,77
386,341,147,72,358,98,369,121,134,164,338,394,698,276,200,204,281,709,392,44,219,411,251,159,289,112,266,187,187,540,598,1029,185,378,73,417,345,55,197,420,236,87,143,157,304,350,266,340,137,215
180,149,77,26,192,31,162,52,46,87,162,220,340,119,104,91,161,314,193,20,104,193,109,63,117,35,118,88,86,242,299,545,105,156,40,231,180,24,103,210,138,41,157,31,147,181,109,189,84,134
456,355,159,73,420,88,378,109,142,170,326,436,703,272,218,244,283,763,423,45,206,430,244,135,268,89,254,169,178,519,621,1110,230,375,97,450,391,67,209,413,253,91,304,147,161,388,248,429,144,264
422,400,201,65,456,106,426,137,131,193,364,521,837,283,246,247,306,826,478,59,254,468,265,190,310,125,332,225,261,591,700,1261,239,458,111,451,419,77,228,504,299,109,350,181,388,207,306,495,155,334
331,264,131,47,325,69,305,96,107,122,252,348,596,202,159,193,254,579,313,46,175,326,197,108,222,79,222,143,156,406,486,945,186,317,77,323,291,60,171,297,216,75,266,109,248,306,93,362,137,214
523,429,205,84,500,89,452,156,179,200,434,562,966,355,299,324,378,993,548,51,308,528,329,216,338,129,362,243,243,660,759,1424,281,515,119,578,495,93,273,517,330,117,340,189,429,495,362,251,193,359
159,156,61,35,205,45,191,55,54,80,142,216,340,119,107,116,140,343,188,28,109,182,136,67,114,46,124,85,90,240,303,500,96,182,38,206,181,36,101,179,120,32,137,84,144,155,137,193,30,112
362,305,137,58,308,82,355,120,113,139,283,405,609,217,221,209,236,610,369,40,198,353,178,122,224,79,210,161,176,452,534,944,169,312,70,363,315,61,167,362,243,77,215,134,264,334,214,359,112,118
