283,474,213,84,480,120,456,161,170,224,423,496,784,371,324,368,348,843,526,72,323,528,364,194,359,162,394,266,275,584,736,1170,259,495,110,527,454,79,245,460,293,117,360,171,397,448,331,492,161,376
474,188,153,82,459,106,429,111,141,174,355,467,788,285,260,268,298,800,454,65,228,466,259,163,263,113,284,190,203,563,667,1241,213,442,100,461,397,67,196,484,279,89,331,153,356,393,267,468,190,300
213,153,38,40,217,47,184,52,74,77,165,203,382,134,117,125,146,399,202,29,105,200,107,78,142,52,131,107,116,254,306,601,117,186,48,201,188,27,107,190,135,35,159,76,163,171,121,213,79,115
84,82,40,6,84,13,73,21,22,34,62,90,126,59,49,52,57,138,82,8,47,83,69,34,58,19,61,38,56,130,117,202,49,81,14,86,65,18,36,81,50,13,72,33,59,79,56,86,29,63
480,459,217,84,278,95,449,152,152,216,437,571,890,318,274,298,373,915,510,69,267,513,316,212,331,130,349,240,258,588,764,1422,280,463,117,504,473,84,246,596,306,100,397,170,379,475,337,480,201,337
120,106,47,13,95,8,108,26,35,43,86,131,187,75,55,62,72,183,119,10,71,116,87,46,70,28,78,55,64,160,143,265,61,89,22,114,105,17,51,115,54,21,89,50,91,100,78,111,39,76
456,429,184,73,449,108,246,157,165,194,384,550,836,329,252,273,346,876,492,55,268,499,313,204,304,129,323,263,243,669,718,1335,262,442,102,530,424,89,238,502,314,94,364,191,372,412,296,472,165,346
161,111,52,21,152,26,157,23,43,80,150,179,300,94,77,86,93,293,169,15,77,153,95,58,88,35,108,75,72,208,237,420,74,143,36,181,165,26,74,153,98,31,136,54,133,138,96,174,61,108
170,141,74,22,152,35,165,43,28,64,136,190,308,110,91,93,106,320,167,26,106,173,109,78,100,40,107,80,92,219,258,458,104,155,37,146,135,23,73,168,97,38,143,62,136,143,87,164,53,101
224,174,77,34,216,43,194,80,64,52,188,218,360,135,108,122,151,374,192,30,117,220,131,83,159,60,155,85,109,272,321,530,101,192,46,224,187,35,129,208,134,49,147,83,168,183,119,227,77,162
423,355,165,62,437,86,384,150,136,188,183,455,739,292,220,256,301,753,400,64,237,430,268,161,293,104,305,202,218,567,644,1107,216,409,92,472,390,61,213,458,275,92,314,168,365,367,281,450,137,297
496,467,203,90,571,131,550,179,190,218,455,286,992,386,261,321,412,994,545,63,330,574,301,228,347,130,374,257,292,735,835,1565,265,537,138,601,524,77,294,566,351,122,421,201,423,493,336,591,188,385
784,788,382,126,890,187,836,300,308,360,739,992,776,590,477,515,656,1413,927,112,533,899,546,356,584,233,630,420,449,1073,1316,2357,441,831,199,910,813,169,442,941,584,162,675,358,732,782,515,897,299,575
371,285,134,59,318,75,329,94,110,135,292,386,590,111,190,202,229,599,349,37,177,347,225,128,220,81,230,148,174,415,542,910,200,306,75,323,298,64,155,333,219,65,228,133,252,274,212,341,114,227
324,260,117,49,274,55,252,77,91,108,220,261,477,190,73,139,216,495,294,31,157,283,165,115,195,55,180,122,132,319,437,735,126,252,67,264,238,46,125,282,197,54,218,104,226,231,173,283,95,165
368,268,125,52,298,62,273,86,93,122,256,321,515,202,139,84,232,539,308,38,149,306,178,108,180,74,183,151,127,362,448,821,146,280,59,294,263,50,135,296,198,68,211,108,237,244,204,286,108,190
348,298,146,57,373,72,346,93,106,151,301,412,656,229,216,232,134,648,381,52,181,384,229,133,228,106,269,148,169,456,575,995,197,358,90,401,348,61,182,413,227,70,284,145,287,364,223,375,136,263
843,800,399,138,915,183,876,293,320,374,753,994,1413,599,495,539,648,764,918,112,531,927,536,352,622,242,631,443,459,1104,1285,2338,478,826,199,926,788,156,448,910,579,172,668,349,701,803,564,916,329,586
526,454,202,82,510,119,492,169,167,192,400,545,927,349,294,308,381,918,256,59,285,488,307,222,340,142,330,240,263,619,786,1450,294,501,122,577,456,88,249,563,355,121,359,189,426,492,310,534,199,305
72,65,29,8,69,10,55,15,26,30,64,63,112,37,31,38,52,112,59,3,41,61,50,28,42,19,49,26,38,98,101,175,38,48,7,58,46,12,27,67,39,10,55,22,49,60,44,61,24,42
323,228,105,47,267,71,268,77,106,117,237,330,533,177,157,149,181,531,285,41,73,276,185,100,173,60,169,128,139,355,450,822,142,265,53,312,260,47,138,290,183,64,210,87,225,265,163,313,111,196
528,466,200,83,513,116,499,153,173,220,430,574,899,347,283,306,384,927,488,61,276,243,324,245,359,125,348,238,268,639,759,1457,303,505,109,572,449,83,230,535,328,110,389,212,433,492,335,521,178,351
364,259,107,69,316,87,313,95,109,131,268,301,546,225,165,178,229,536,307,50,185,324,101,120,199,72,215,133,150,397,445,820,171,311,69,315,287,48,134,292,200,63,240,106,247,257,214,314,117,224
194,163,78,34,212,46,204,58,78,83,161,228,356,128,115,108,133,352,222,28,100,245,120,45,140,56,146,85,102,248,308,564,98,195,43,187,205,41,94,207,115,37,124,73,176,175,142,202,67,138
359,263,142,58,331,70,304,88,100,159,293,347,584,220,195,180,228,622,340,42,173,359,199,140,112,67,207,145,165,389,515,909,192,325,66,315,284,43,147,370,205,69,265,123,264,299,215,344,126,202
162,113,52,19,130,28,129,35,40,60,104,130,233,81,55,74,106,242,142,19,60,125,72,56,67,13,81,53,59,173,188,348,52,130,28,107,121,17,56,132,70,28,110,58,94,99,81,159,43,84
394,284,131,61,349,78,323,108,107,155,305,374,630,230,180,183,269,631,330,49,169,348,215,146,207,81,116,150,176,446,491,975,182,337,81,334,325,52,180,393,195,88,273,120,273,299,223,384,140,224
266,190,107,38,240,55,263,75,80,85,202,257,420,148,122,151,148,443,240,26,128,238,133,85,145,53,150,57,128,282,372,641,132,217,58,232,234,34,127,272,161,40,173,90,188,232,157,243,101,157
275,203,116,56,258,64,243,72,92,109,218,292,449,174,132,127,169,459,263,38,139,268,150,102,165,59,176,128,60,293,392,732,137,246,59,246,244,40,135,262,161,53,215,92,206,243,163,256,98,173
584,563,254,130,588,160,669,208,219,272,567,735,1073,415,319,362,456,1104,619,98,355,639,397,248,389,173,446,282,293,385,909,1716,343,622,137,662,632,109,338,649,416,132,498,237,505,544,346,676,221,403
736,667,306,117,764,143,718,237,258,321,644,835,1316,542,437,448,575,1285,786,101,450,759,445,308,515,188,491,372,392,909,598,2081,412,733,153,853,682,130,364,790,504,165,577,269,640,667,490,809,251,535
1170,1241,601,202,1422,265,1335,420,458,530,1107,1565,2357,910,735,821,995,2338,1450,175,822,1457,820,564,909,348,975,641,732,1716,2081,1905,734,1258,333,1505,1259,250,641,1472,969,272,1000,533,1124,1223,879,1399,518,901
259,213,117,49,280,61,262,74,104,101,216,265,441,200,126,146,197,478,294,38,142,303,171,98,192,52,182,132,137,343,412,734,64,257,61,276,251,30,111,271,159,60,200,99,225,238,178,292,86,167
495,442,186,81,463,89,442,143,155,192,409,537,831,306,252,280,358,826,501,48,265,505,311,195,325,130,337,217,246,622,733,1258,257,220,105,464,437,74,231,513,306,103,353,190,368,456,304,513,154,325
110,100,48,14,117,22,102,36,37,46,92,138,199,75,67,59,90,199,122,7,53,109,69,43,66,28,81,58,59,137,153,333,61,105,17,120,111,18,65,119,61,34,85,51,100,118,78,118,42,79
527,461,201,86,504,114,530,181,146,224,472,601,910,323,264,294,401,926,577,58,312,572,315,187,315,107,334,232,246,662,853,1505,276,464,120,283,469,79,276,570,344,120,399,176,386,519,303,568,201,342
454,397,188,65,473,105,424,165,135,187,390,524,813,298,238,263,348,788,456,46,260,449,287,205,284,121,325,234,244,632,682,1259,251,437,111,469,226,80,240,493,296,102,342,173,340,431,288,501,158,337
79,67,27,18,84,17,89,26,23,35,61,77,169,64,46,50,61,156,88,12,47,83,48,41,43,17,52,34,40,109,130,250,30,74,18,79,80,3,39,95,70,18,64,32,69,79,44,80,23,67
245,196,107,36,246,51,238,74,73,129,213,294,442,155,125,135,182,448,249,27,138,230,134,94,147,56,180,127,135,338,364,641,111,231,65,276,240,39,64,258,142,48,207,78,171,202,145,271,82,180
460,484,190,81,596,115,502,153,168,208,458,566,941,333,282,296,413,910,563,67,290,535,292,207,370,132,393,272,262,649,790,1472,271,513,119,570,493,95,258,293,350,101,393,192,453,487,356,535,200,351
293,279,135,50,306,54,314,98,97,134,275,351,584,219,197,198,227,579,355,39,183,328,200,115,205,70,195,161,161,416,504,969,159,306,61,344,296,70,142,350,108,65,275,123,273,314,203,348,126,176
117,89,35,13,100,21,94,31,38,49,92,122,162,65,54,68,70,172,121,10,64,110,63,37,69,28,88,40,53,132,165,272,60,103,34,120,102,18,48,101,65,7,72,40,84,86,68,93,42,73
360,331,159,72,397,89,364,136,143,147,314,421,675,228,218,211,284,668,359,55,210,389,240,124,265,110,273,173,215,498,577,1000,200,353,85,399,342,64,207,393,275,72,155,148,316,318,267,403,152,272
171,153,76,33,170,50,191,54,62,83,168,201,358,133,104,108,145,349,189,22,87,212,106,73,123,58,120,90,92,237,269,533,99,190,51,176,173,32,78,192,123,40,148,24,164,185,131,209,65,132
397,356,163,59,379,91,372,133,136,168,365,423,732,252,226,237,287,701,426,49,225,433,247,176,264,94,273,188,206,505,640,1124,225,368,100,386,340,69,171,453,273,84,316,164,161,361,239,399,138,268
448,393,171,79,475,100,412,138,143,183,367,493,782,274,231,244,364,803,492,60,265,492,257,175,299,99,299,232,243,544,667,1223,238,456,118,519,431,79,202,487,314,86,318,185,361,210,291,455,185,305
331,267,121,56,337,78,296,96,87,119,281,336,515,212,173,204,223,564,310,44,163,335,214,142,215,81,223,157,163,346,490,879,178,304,78,303,288,44,145,356,203,68,267,131,239,291,97,311,117,219
492,468,213,86,480,111,472,174,164,227,450,591,897,341,283,286,375,916,534,61,313,521,314,202,344,159,384,243,256,676,809,1399,292,513,118,568,501,80,271,535,348,93,403,209,399,455,311,271,192,353
161,190,79,29,201,39,165,61,53,77,137,188,299,114,95,108,136,329,199,24,111,178,117,67,126,43,140,101,98,221,251,518,86,154,42,201,158,23,82,200,126,42,152,65,138,185,117,192,33,119
376,300,115,63,337,76,346,108,101,162,297,385,575,227,165,190,263,586,305,42,196,351,224,138,202,84,224,157,173,403,535,901,167,325,79,342,337,67,180,351,176,73,272,132,268,305,219,353,119,141
