234,423,186,78,511,102,483,183,163,232,416,485,762,357,337,364,357,758,513,71,327,528,369,206,368,163,379,300,302,571,710,1167,257,486,89,540,477,94,254,452,302,100,370,181,407,443,358,472,184,400
423,211,181,78,474,103,440,131,149,186,370,463,804,283,238,244,309,805,422,48,212,446,256,187,281,111,287,198,193,552,654,1194,254,420,96,465,439,67,224,460,297,87,333,159,375,436,246,418,167,273
186,181,33,37,200,48,179,66,60,80,167,220,332,122,111,107,134,395,196,20,108,211,128,84,128,50,116,100,96,267,320,553,110,172,44,193,161,33,100,192,135,50,161,88,171,191,147,190,70,139
78,78,37,8,94,23,86,28,20,37,70,103,140,49,47,55,74,129,76,8,56,82,59,40,69,27,56,36,52,97,134,218,37,84,19,91,74,22,40,78,47,12,65,32,71,83,51,88,19,43
511,474,200,94,278,102,477,152,164,216,462,532,919,313,267,278,367,936,505,63,289,525,306,198,347,135,355,257,265,689,735,1469,264,454,111,532,450,91,231,536,349,113,406,181,404,493,324,494,181,333
102,103,48,23,102,12,102,36,43,37,81,114,174,62,79,79,83,169,99,13,67,109,87,48,83,26,69,44,60,123,152,269,65,131,21,119,107,21,50,92,68,14,91,29,95,102,66,104,29,61
483,440,179,86,477,102,219,143,163,210,395,508,819,296,256,289,368,841,489,59,273,513,300,196,295,110,305,231,240,604,705,1244,248,471,123,501,465,90,240,528,318,99,363,179,366,460,300,520,177,333
183,131,66,28,152,36,143,23,56,65,128,159,293,89,88,80,118,281,160,19,85,141,93,61,109,40,113,80,72,188,229,442,83,138,37,161,136,31,67,151,116,21,110,56,120,147,90,158,70,116
163,149,60,20,164,43,163,56,16,69,150,181,296,112,82,89,126,294,155,31,97,195,96,58,115,51,126,69,85,213,256,428,87,145,44,178,152,28,82,159,105,38,121,58,134,156,96,184,71,92
232,186,80,37,216,37,210,65,69,52,160,206,365,148,125,136,144,357,216,27,121,219,128,89,124,51,135,101,96,245,318,566,88,199,53,215,203,37,112,208,146,40,148,79,177,216,118,222,87,156
416,370,167,70,462,81,395,128,150,160,183,481,744,305,257,270,292,740,414,47,269,433,260,156,285,101,288,219,210,539,632,1140,216,376,102,444,412,80,198,455,300,94,305,170,383,370,264,439,152,310
485,463,220,103,532,114,508,159,181,206,481,313,1016,371,295,330,387,1056,527,76,299,579,308,226,351,138,375,246,277,721,870,1565,288,530,129,603,533,101,273,601,369,114,400,216,439,510,351,603,195,362
762,804,332,140,919,174,819,293,296,365,744,1016,783,606,469,528,633,1428,900,116,511,897,515,394,616,215,632,399,449,1167,1269,2340,501,865,219,926,849,156,467,987,616,192,664,367,697,749,618,927,318,610
357,283,122,49,313,62,296,89,112,148,305,371,606,108,159,188,254,571,356,38,173,344,194,128,197,90,191,150,172,389,503,880,183,296,71,322,305,52,170,342,219,73,250,136,250,294,186,329,140,222
337,238,111,47,267,79,256,88,82,125,257,295,469,159,63,116,205,481,273,32,133,266,158,122,174,72,184,131,141,337,411,699,122,242,57,276,246,37,127,277,204,43,225,100,192,237,154,262,103,211
364,244,107,55,278,79,289,80,89,136,270,330,528,188,116,82,225,535,324,33,165,313,148,114,196,83,214,123,150,353,448,814,149,283,61,323,290,45,130,281,204,59,228,116,209,261,163,293,108,219
357,309,134,74,367,83,368,118,126,144,292,387,633,254,205,225,132,622,372,41,216,399,242,160,289,100,263,183,193,448,518,1011,204,350,80,373,356,50,176,373,230,75,274,122,315,316,230,369,144,256
758,805,395,129,936,169,841,281,294,357,740,1056,1428,571,481,535,622,778,966,124,515,906,526,359,617,230,663,381,459,1131,1330,2345,499,822,216,887,831,145,458,959,579,189,648,336,730,784,605,907,322,629
513,422,196,76,505,99,489,160,155,216,414,527,900,356,273,324,372,966,285,66,269,529,310,197,321,123,343,249,257,643,720,1425,276,489,121,552,494,75,258,538,351,117,383,222,425,508,336,505,216,370
71,48,20,8,63,13,59,19,31,27,47,76,116,38,32,33,41,124,66,4,34,63,41,17,43,12,47,26,42,71,86,166,32,56,28,62,53,7,37,66,32,18,49,27,48,46,44,67,28,41
327,212,108,56,289,67,273,85,97,121,269,299,511,173,133,165,216,515,269,34,69,291,166,102,179,67,167,138,144,360,405,828,149,274,56,286,267,48,135,320,165,67,234,99,212,256,164,293,100,197
528,446,211,82,525,109,513,141,195,219,433,579,897,344,266,313,399,906,529,63,291,270,340,190,324,136,361,249,269,610,761,1401,290,463,108,593,476,87,262,534,338,125,379,203,404,487,322,538,203,364
369,256,128,59,306,87,300,93,96,128,260,308,515,194,158,148,242,526,310,41,166,340,95,123,216,77,206,136,169,355,438,846,175,287,67,293,286,44,155,299,197,58,206,110,236,268,185,323,85,216
206,187,84,40,198,48,196,61,58,89,156,226,394,128,122,114,160,359,197,17,102,190,123,36,126,53,119,119,80,245,301,590,131,180,51,206,218,38,106,231,137,50,145,73,167,194,128,222,82,146
368,281,128,69,347,83,295,109,115,124,285,351,616,197,174,196,289,617,321,43,179,324,216,126,93,72,212,151,171,424,539,921,206,300,77,345,310,55,168,367,248,61,254,109,254,338,214,338,139,227
163,111,50,27,135,26,110,40,51,51,101,138,215,90,72,83,100,230,123,12,67,136,77,53,72,17,67,53,61,146,176,376,82,104,24,134,117,19,74,146,83,19,115,46,100,106,90,138,49,94
379,287,116,56,355,69,305,113,126,135,288,375,632,191,184,214,263,663,343,47,167,361,206,119,212,67,112,162,170,433,511,1008,214,296,86,380,324,58,179,367,216,63,283,125,278,326,224,353,140,249
300,198,100,36,257,44,231,80,69,101,219,246,399,150,131,123,183,381,249,26,138,249,136,119,151,53,162,54,139,299,374,695,130,206,43,262,244,44,131,288,176,54,178,95,197,221,139,256,92,183
302,193,96,52,265,60,240,72,85,96,210,277,449,172,141,150,193,459,257,42,144,269,169,80,171,61,170,139,62,325,439,762,132,260,62,280,229,51,124,295,174,57,221,101,186,239,169,299,93,155
571,552,267,97,689,123,604,188,213,245,539,721,1167,389,337,353,448,1131,643,71,360,610,355,245,424,146,433,299,325,396,954,1736,368,583,157,652,613,101,308,746,430,150,467,245,504,587,385,651,223,429
710,654,320,134,735,152,705,229,256,318,632,870,1269,503,411,448,518,1330,720,86,405,761,438,301,539,176,511,374,439,954,552,2011,409,690,164,775,731,118,300,814,489,149,546,297,667,702,524,753,271,512
1167,1194,553,218,1469,269,1244,442,428,566,1140,1565,2340,880,699,814,1011,2345,1425,166,828,1401,846,590,921,376,1008,695,762,1736,2011,1839,689,1295,327,1485,1210,251,676,1441,920,311,1037,537,1117,1253,893,1424,467,916
257,254,110,37,264,65,248,83,87,88,216,288,501,183,122,149,204,499,276,32,149,290,175,131,206,82,214,130,132,368,409,689,69,258,61,281,268,45,136,296,190,42,201,90,229,236,178,286,84,182
486,420,172,84,454,131,471,138,145,199,376,530,865,296,242,283,350,822,489,56,274,463,287,180,300,104,296,206,260,583,690,1295,258,232,118,499,443,84,226,461,299,89,382,154,357,458,307,493,174,334
89,96,44,19,111,21,123,37,44,53,102,129,219,71,57,61,80,216,121,28,56,108,67,51,77,24,86,43,62,157,164,327,61,118,11,117,119,17,73,112,62,16,82,38,91,113,64,111,31,70
540,465,193,91,532,119,501,161,178,215,444,603,926,322,276,323,373,887,552,62,286,593,293,206,345,134,380,262,280,652,775,1485,281,499,117,274,482,94,252,593,342,123,410,195,409,477,341,532,195,344
477,439,161,74,450,107,465,136,152,203,412,533,849,305,246,290,356,831,494,53,267,476,286,218,310,117,324,244,229,613,731,1210,268,443,119,482,230,88,213,499,293,95,378,168,355,407,299,466,179,303
94,67,33,22,91,21,90,31,28,37,80,101,156,52,37,45,50,145,75,7,48,87,44,38,55,19,58,44,51,101,118,251,45,84,17,94,88,11,49,93,57,23,58,31,63,87,53,78,29,64
254,224,100,40,231,50,240,67,82,112,198,273,467,170,127,130,176,458,258,37,135,262,155,106,168,74,179,131,124,308,300,676,136,226,73,252,213,49,53,259,188,49,174,76,197,235,169,251,105,159
452,460,192,78,536,92,528,151,159,208,455,601,987,342,277,281,373,959,538,66,320,534,299,231,367,146,367,288,295,746,814,1441,296,461,112,593,499,93,259,236,337,96,412,206,424,452,319,527,183,364
302,297,135,47,349,68,318,116,105,146,300,369,616,219,204,204,230,579,351,32,165,338,197,137,248,83,216,176,174,430,489,920,190,299,62,342,293,57,188,337,95,72,243,131,283,296,201,328,123,211
100,87,50,12,113,14,99,21,38,40,94,114,192,73,43,59,75,189,117,18,67,125,58,50,61,19,63,54,57,150,149,311,42,89,16,123,95,23,49,96,72,12,74,31,90,94,57,105,36,61
370,333,161,65,406,91,363,110,121,148,305,400,664,250,225,228,274,648,383,49,234,379,206,145,254,115,283,178,221,467,546,1037,201,382,82,410,378,58,174,412,243,74,118,128,333,321,251,408,159,249
181,159,88,32,181,29,179,56,58,79,170,216,367,136,100,116,122,336,222,27,99,203,110,73,109,46,125,95,101,245,297,537,90,154,38,195,168,31,76,206,131,31,128,31,152,185,113,156,73,120
407,375,171,71,404,95,366,120,134,177,383,439,697,250,192,209,315,730,425,48,212,404,236,167,254,100,278,197,186,504,667,1117,229,357,91,409,355,63,197,424,283,90,333,152,160,368,274,413,168,281
443,436,191,83,493,102,460,147,156,216,370,510,749,294,237,261,316,784,508,46,256,487,268,194,338,106,326,221,239,587,702,1253,236,458,113,477,407,87,235,452,296,94,321,185,368,192,300,434,167,339
358,246,147,51,324,66,300,90,96,118,264,351,618,186,154,163,230,605,336,44,164,322,185,128,214,90,224,139,169,385,524,893,178,307,64,341,299,53,169,319,201,57,251,113,274,300,103,323,141,182
472,418,190,88,494,104,520,158,184,222,439,603,927,329,262,293,369,907,505,67,293,538,323,222,338,138,353,256,299,651,753,1424,286,493,111,532,466,78,251,527,328,105,408,156,413,434,323,254,196,339
184,167,70,19,181,29,177,70,71,87,152,195,318,140,103,108,144,322,216,28,100,203,85,82,139,49,140,92,93,223,271,467,84,174,31,195,179,29,105,183,123,36,159,73,168,167,141,196,34,121
400,273,139,43,333,61,333,116,92,156,310,362,610,222,211,219,256,629,370,41,197,364,216,146,227,94,249,183,155,429,512,916,182,334,70,344,303,64,159,364,211,61,249,120,281,339,182,339,121,127
