290,455,195,65,542,105,492,185,174,224,405,530,832,373,311,332,343,862,491,64,314,509,368,215,385,161,412,289,306,632,720,1225,233,469,105,528,495,89,251,469,295,116,406,170,442,445,348,535,175,388
455,188,158,72,440,110,421,133,159,165,376,522,806,274,212,199,326,769,405,51,263,453,250,169,274,109,277,212,234,559,672,1230,230,390,100,454,397,62,238,468,311,87,319,162,344,400,278,482,170,289
195,158,32,37,192,46,209,58,60,84,203,231,367,133,98,125,147,386,195,26,117,209,111,78,128,55,123,98,113,263,302,564,111,173,52,212,185,20,108,212,134,38,164,74,180,165,133,212,99,152
65,72,37,9,71,27,96,30,32,35,82,94,148,60,41,42,64,153,86,15,49,85,50,29,67,25,59,56,37,95,121,232,50,76,19,78,91,23,41,72,54,11,61,34,70,70,70,90,33,61
542,440,192,71,284,109,484,155,179,226,430,592,982,315,274,290,409,974,507,54,286,500,308,202,353,131,357,252,244,653,812,1515,294,442,122,560,472,95,240,548,362,98,394,194,398,476,333,554,198,344
105,110,46,27,109,12,110,42,40,47,87,115,198,84,57,60,82,213,114,15,66,110,72,40,74,25,86,67,56,147,152,306,64,92,23,109,99,21,68,107,80,32,76,43,87,107,90,100,31,80
492,421,209,96,484,110,231,146,178,211,412,534,882,325,255,286,364,907,506,66,289,504,281,189,326,120,329,208,250,607,739,1350,267,441,121,473,434,84,250,511,319,89,376,213,372,451,313,536,194,346
185,133,58,30,155,42,146,21,51,72,148,167,282,102,89,93,112,286,154,21,76,157,108,67,108,44,102,74,92,204,221,418,78,165,29,117,173,20,69,146,96,21,139,57,143,126,102,168,61,100
174,159,60,32,179,40,178,51,28,55,151,184,313,103,90,105,124,296,150,23,94,161,97,53,124,36,113,65,74,209,263,480,89,180,46,170,164,34,91,177,124,35,121,59,143,156,107,180,70,103
224,165,84,35,226,47,211,72,55,49,166,201,382,157,106,125,155,355,209,26,121,215,122,103,138,58,148,107,92,257,302,550,103,201,62,214,227,31,135,230,138,44,166,81,180,187,142,212,72,144
405,376,203,82,430,87,412,148,151,166,188,493,767,291,247,271,339,748,428,56,263,452,247,170,267,124,313,213,224,526,639,1083,188,435,106,450,423,71,249,444,295,89,325,159,318,397,281,434,147,284
530,522,231,94,592,115,534,167,184,201,493,310,1039,379,312,317,383,1008,547,57,279,576,329,217,358,154,359,279,256,720,875,1652,325,491,134,562,498,95,282,577,397,121,433,234,465,553,352,602,233,369
832,806,367,148,982,198,882,282,313,382,767,1039,814,536,480,508,641,1477,903,124,498,933,507,354,617,236,593,457,473,1120,1381,2383,498,808,207,953,878,177,435,968,651,184,715,358,747,829,562,946,348,619
373,274,133,60,315,84,325,102,103,157,291,379,536,116,175,192,239,581,325,43,176,348,200,144,209,66,217,162,171,384,486,889,170,338,74,347,325,58,153,373,216,64,252,114,273,289,208,345,132,204
311,212,98,41,274,57,255,89,90,106,247,312,480,175,64,133,180,475,271,34,143,269,150,98,182,69,177,130,140,333,425,711,145,231,69,263,259,35,138,295,175,47,235,83,220,245,157,265,110,169
332,199,125,42,290,60,286,93,105,125,271,317,508,192,133,89,210,513,287,27,146,290,160,121,187,75,180,122,141,352,448,787,167,259,71,275,259,53,151,301,186,61,253,97,245,267,182,310,127,198
343,326,147,64,409,82,364,112,124,155,339,383,641,239,180,210,123,649,350,52,182,383,234,129,246,95,251,162,176,494,566,1027,223,366,84,343,363,59,199,402,256,67,258,152,298,372,239,378,140,246
862,769,386,153,974,213,907,286,296,355,748,1008,1477,581,475,513,649,821,943,118,520,941,539,373,636,221,601,452,474,1159,1383,2463,483,845,217,1038,894,166,470,970,620,189,704,336,754,824,556,937,324,634
491,405,195,86,507,114,506,154,150,209,428,547,903,325,271,287,350,943,246,71,291,473,313,205,327,127,346,215,305,633,748,1438,269,488,115,536,473,89,264,561,343,110,407,165,402,479,346,530,176,335
64,51,26,15,54,15,66,21,23,26,56,57,124,43,34,27,52,118,71,2,28,74,37,24,46,19,48,31,29,76,95,213,38,62,22,64,65,14,35,65,38,13,57,28,56,63,47,65,33,49
314,263,117,49,286,66,289,76,94,121,263,279,498,176,143,146,182,520,291,28,74,289,172,123,176,64,181,132,131,317,406,751,161,234,54,257,314,55,136,298,185,46,225,96,222,236,194,301,99,181
509,453,209,85,500,110,504,157,161,215,452,576,933,348,269,290,383,941,473,74,289,263,303,220,344,130,356,236,301,675,764,1451,306,496,113,559,492,89,248,594,332,94,406,217,408,499,343,542,197,331
368,250,111,50,308,72,281,108,97,122,247,329,507,200,150,160,234,539,313,37,172,303,89,125,186,71,202,144,145,364,455,805,145,288,72,306,290,58,150,311,194,63,233,123,218,264,213,280,98,200
215,169,78,29,202,40,189,67,53,103,170,217,354,144,98,121,129,373,205,24,123,220,125,43,129,49,140,88,123,274,317,564,114,197,53,194,180,33,121,228,133,38,157,79,154,188,126,209,76,129
385,274,128,67,353,74,326,108,124,138,267,358,617,209,182,187,246,636,327,46,176,344,186,129,102,82,213,161,176,435,499,939,182,313,70,324,322,52,173,341,211,71,289,114,250,316,210,327,113,225
161,109,55,25,131,25,120,44,36,58,124,154,236,66,69,75,95,221,127,19,64,130,71,49,82,15,84,48,60,159,204,373,73,109,27,129,118,26,80,139,101,31,112,54,104,117,79,142,49,99
412,277,123,59,357,86,329,102,113,148,313,359,593,217,177,180,251,601,346,48,181,356,202,140,213,84,119,160,168,423,523,969,205,295,73,334,327,63,173,370,229,82,299,129,293,305,224,366,135,250
289,212,98,56,252,67,208,74,65,107,213,279,457,162,130,122,162,452,215,31,132,236,144,88,161,48,160,60,113,294,354,663,146,240,49,228,232,27,91,254,153,39,171,88,186,228,147,262,92,176
306,234,113,37,244,56,250,92,74,92,224,256,473,171,140,141,176,474,305,29,131,301,145,123,176,60,168,113,78,314,406,764,134,238,75,231,233,32,135,284,172,54,192,98,235,236,159,248,91,173
632,559,263,95,653,147,607,204,209,257,526,720,1120,384,333,352,494,1159,633,76,317,675,364,274,435,159,423,294,314,362,989,1799,329,551,156,673,553,106,339,687,410,129,497,234,541,591,371,645,247,459
720,672,302,121,812,152,739,221,263,302,639,875,1381,486,425,448,566,1383,748,95,406,764,455,317,499,204,523,354,406,989,588,2019,424,722,163,829,727,132,384,828,521,130,596,285,632,729,476,753,270,516
1225,1230,564,232,1515,306,1350,418,480,550,1083,1652,2383,889,711,787,1027,2463,1438,213,751,1451,805,564,939,373,969,663,764,1799,2019,1912,682,1333,329,1589,1351,265,700,1451,967,282,1035,539,1126,1235,912,1305,506,939
233,230,111,50,294,64,267,78,89,103,188,325,498,170,145,167,223,483,269,38,161,306,145,114,182,73,205,146,134,329,424,682,57,274,58,318,285,58,127,304,186,56,199,116,207,245,163,260,95,186
469,390,173,76,442,92,441,165,180,201,435,491,808,338,231,259,366,845,488,62,234,496,288,197,313,109,295,240,238,551,722,1333,274,191,126,448,438,71,237,475,341,111,372,186,388,456,319,510,167,322
105,100,52,19,122,23,121,29,46,62,106,134,207,74,69,71,84,217,115,22,54,113,72,53,70,27,73,49,75,156,163,329,58,126,13,126,108,22,60,118,89,24,100,48,109,100,79,119,47,69
528,454,212,78,560,109,473,117,170,214,450,562,953,347,263,275,343,1038,536,64,257,559,306,194,324,129,334,228,231,673,829,1589,318,448,126,265,505,84,253,560,346,99,406,199,425,517,336,566,210,368
495,397,185,91,472,99,434,173,164,227,423,498,878,325,259,259,363,894,473,65,314,492,290,180,322,118,327,232,233,553,727,1351,285,438,108,505,199,90,267,462,344,93,378,167,375,479,364,493,206,328
89,62,20,23,95,21,84,20,34,31,71,95,177,58,35,53,59,166,89,14,55,89,58,33,52,26,63,27,32,106,132,265,58,71,22,84,90,6,46,94,63,22,68,38,66,81,61,97,38,58
251,238,108,41,240,68,250,69,91,135,249,282,435,153,138,151,199,470,264,35,136,248,150,121,173,80,173,91,135,339,384,700,127,237,60,253,267,46,50,262,155,51,194,94,183,225,170,275,86,173
469,468,212,72,548,107,511,146,177,230,444,577,968,373,295,301,402,970,561,65,298,594,311,228,341,139,370,254,284,687,828,1451,304,475,118,560,462,94,262,297,365,118,402,225,414,495,341,571,195,372
295,311,134,54,362,80,319,96,124,138,295,397,651,216,175,186,256,620,343,38,185,332,194,133,211,101,229,153,172,410,521,967,186,341,89,346,344,63,155,365,101,67,254,115,233,296,217,356,123,207
116,87,38,11,98,32,89,21,35,44,89,121,184,64,47,61,67,189,110,13,46,94,63,38,71,31,82,39,54,129,130,282,56,111,24,99,93,22,51,118,67,9,78,35,80,95,51,110,37,63
406,319,164,61,394,76,376,139,121,166,325,433,715,252,235,253,258,704,407,57,225,406,233,157,289,112,299,171,192,497,596,1035,199,372,100,406,378,68,194,402,254,78,152,128,327,306,246,399,162,250
170,162,74,34,194,43,213,57,59,81,159,234,358,114,83,97,152,336,165,28,96,217,123,79,114,54,129,88,98,234,285,539,116,186,48,199,167,38,94,225,115,35,128,32,172,171,138,188,72,134
442,344,180,70,398,87,372,143,143,180,318,465,747,273,220,245,298,754,402,56,222,408,218,154,250,104,293,186,235,541,632,1126,207,388,109,425,375,66,183,414,233,80,327,172,160,375,250,409,163,277
445,400,165,70,476,107,451,126,156,187,397,553,829,289,245,267,372,824,479,63,236,499,264,188,316,117,305,228,236,591,729,1235,245,456,100,517,479,81,225,495,296,95,306,171,375,205,294,520,163,316
348,278,133,70,333,90,313,102,107,142,281,352,562,208,157,182,239,556,346,47,194,343,213,126,210,79,224,147,159,371,476,912,163,319,79,336,364,61,170,341,217,51,246,138,250,294,92,326,127,222
535,482,212,90,554,100,536,168,180,212,434,602,946,345,265,310,378,937,530,65,301,542,280,209,327,142,366,262,248,645,753,1305,260,510,119,566,493,97,275,571,356,110,399,188,409,520,326,269,168,361
175,170,99,33,198,31,194,61,70,72,147,233,348,132,110,127,140,324,176,33,99,197,98,76,113,49,135,92,91,247,270,506,95,167,47,210,206,38,86,195,123,37,162,72,163,163,127,168,32,129
388,289,152,61,344,80,346,100,103,144,284,369,619,204,169,198,246,634,335,49,181,331,200,129,225,99,250,176,173,459,516,939,186,322,69,368,328,58,173,372,207,63,250,134,277,316,222,361,129,123
