259,458,218,84,506,107,463,166,150,230,481,499,820,354,313,324,359,825,531,76,317,521,320,211,363,148,362,259,309,619,709,1175,235,452,108,488,461,85,244,463,306,105,386,196,413,460,299,492,160,351
458,183,176,86,442,85,400,137,149,175,360,456,825,265,240,243,284,829,413,52,229,419,247,183,276,130,292,219,187,576,710,1199,219,439,93,457,434,56,230,442,286,96,366,164,345,406,296,491,146,298
218,176,30,30,189,52,197,58,62,74,184,226,387,121,97,104,137,361,202,19,118,197,119,80,118,38,134,81,82,275,346,572,129,198,40,225,177,32,107,213,115,40,153,70,145,193,112,211,76,138
84,86,30,7,76,19,75,33,32,44,70,95,149,73,44,59,53,137,97,10,53,70,33,30,49,23,59,44,52,99,99,199,38,78,14,87,85,12,41,100,50,11,63,34,62,66,57,79,16,80
506,442,189,76,270,116,531,163,162,216,408,568,875,362,279,293,355,889,490,57,277,516,334,216,346,136,324,235,235,624,755,1459,264,453,106,547,476,81,275,503,318,112,402,205,449,461,314,540,191,343
107,85,52,19,116,8,92,43,36,44,80,99,206,75,70,74,85,191,124,14,62,98,71,40,61,30,79,60,61,136,165,276,62,111,25,118,111,17,49,109,71,16,84,41,95,94,80,112,32,81
463,400,197,75,531,92,240,159,157,207,376,502,829,324,257,293,327,812,512,77,257,495,273,200,305,134,336,233,260,591,727,1294,245,449,115,538,430,85,262,507,329,101,375,182,362,415,349,498,177,358
166,137,58,33,163,43,159,17,48,58,130,181,271,109,87,106,100,296,160,12,97,149,91,70,103,39,97,66,84,202,256,439,82,132,41,164,147,19,60,183,96,28,126,63,156,157,104,150,56,102
150,149,62,32,162,36,157,48,23,79,165,200,278,107,100,104,110,287,145,18,91,168,103,59,123,52,126,89,80,199,247,450,90,179,42,166,176,32,84,159,95,32,125,63,131,138,108,163,58,110
230,175,74,44,216,44,207,58,79,42,172,221,355,147,112,111,156,353,192,19,115,229,132,78,131,53,135,84,101,232,335,574,120,216,51,204,190,41,103,219,132,40,160,62,175,181,150,204,73,156
481,360,184,70,408,80,376,130,165,172,182,463,739,276,214,237,332,763,430,47,241,438,298,162,296,103,293,193,222,528,662,1206,239,412,113,453,362,66,209,414,278,88,333,147,377,393,273,451,137,321
499,456,226,95,568,99,502,181,200,221,463,354,981,362,288,354,422,988,551,66,284,573,315,236,374,137,381,287,281,707,825,1576,305,569,129,601,527,101,293,598,400,110,425,214,435,520,346,541,212,328
820,825,387,149,875,206,829,271,278,355,739,981,834,549,471,535,670,1401,940,104,513,917,534,390,561,251,653,444,450,1121,1338,2398,468,893,211,946,842,150,440,947,638,176,728,311,686,877,608,928,307,586
354,265,121,73,362,75,324,109,107,147,276,362,549,104,170,182,221,543,347,43,201,333,191,121,197,84,199,160,161,379,480,910,161,337,58,326,317,62,161,321,188,61,258,132,244,310,205,358,136,252
313,240,97,44,279,70,257,87,100,112,214,288,471,170,67,134,196,456,265,30,141,261,151,105,166,59,183,117,147,342,384,750,158,261,58,284,219,45,134,286,183,68,197,93,198,244,173,273,119,174
324,243,104,59,293,74,293,106,104,111,237,354,535,182,134,61,217,521,319,24,146,296,164,96,191,62,171,124,146,350,441,854,185,296,59,307,260,47,138,291,177,67,205,101,218,267,194,310,140,179
359,284,137,53,355,85,327,100,110,156,332,422,670,221,196,217,129,640,357,48,211,363,226,130,218,114,253,173,162,418,559,1000,190,350,80,381,374,71,181,350,233,75,296,158,302,369,215,386,137,254
825,829,361,137,889,191,812,296,287,353,763,988,1401,543,456,521,640,789,915,117,509,912,534,335,592,227,623,405,463,1102,1362,2391,510,857,229,957,840,151,454,932,595,186,744,303,726,851,599,860,310,606
531,413,202,97,490,124,512,160,145,192,430,551,940,347,265,319,357,915,254,59,265,486,288,193,347,142,343,255,265,636,773,1383,259,448,104,558,472,83,269,541,354,106,427,202,418,476,316,573,175,320
76,52,19,10,57,14,77,12,18,19,47,66,104,43,30,24,48,117,59,2,30,60,32,31,33,12,41,23,28,71,100,198,42,41,13,67,71,10,29,76,39,11,44,35,51,56,35,70,19,37
317,229,118,53,277,62,257,97,91,115,241,284,513,201,141,146,211,509,265,30,81,303,171,88,161,59,171,126,128,340,417,818,149,287,65,258,268,39,159,273,154,33,225,101,215,257,167,292,93,201
521,419,197,70,516,98,495,149,168,229,438,573,917,333,261,296,363,912,486,60,303,278,322,188,334,143,326,260,260,628,786,1439,266,465,101,613,438,78,255,544,337,99,402,207,409,488,313,548,186,353
320,247,119,33,334,71,273,91,103,132,298,315,534,191,151,164,226,534,288,32,171,322,88,112,209,68,190,148,138,355,469,804,157,284,80,332,262,51,135,306,184,51,251,116,234,286,179,335,127,213
211,183,80,30,216,40,200,70,59,78,162,236,390,121,105,96,130,335,193,31,88,188,112,28,129,52,117,107,97,239,306,578,119,198,53,265,201,38,108,196,115,36,149,72,148,184,127,222,81,159
363,276,118,49,346,61,305,103,123,131,296,374,561,197,166,191,218,592,347,33,161,334,209,129,105,94,212,134,175,402,506,895,180,313,78,377,278,42,161,343,205,62,259,99,245,318,200,350,129,223
148,130,38,23,136,30,134,39,52,53,103,137,251,84,59,62,114,227,142,12,59,143,68,52,94,14,83,62,45,160,209,359,80,130,30,136,132,18,64,143,86,28,97,49,89,116,83,148,42,94
362,292,134,59,324,79,336,97,126,135,293,381,653,199,183,171,253,623,343,41,171,326,190,117,212,83,94,167,130,417,519,977,201,306,80,347,323,51,170,353,226,72,258,124,258,354,182,370,141,221
259,219,81,44,235,60,233,66,89,84,193,287,444,160,117,124,173,405,255,23,126,260,148,107,134,62,167,44,104,288,372,712,137,227,51,249,221,34,110,277,165,64,141,102,184,194,157,262,94,146
309,187,82,52,235,61,260,84,80,101,222,281,450,161,147,146,162,463,265,28,128,260,138,97,175,45,130,104,53,280,360,711,156,249,51,308,256,42,125,268,152,44,214,89,182,243,134,281,106,170
619,576,275,99,624,136,591,202,199,232,528,707,1121,379,342,350,418,1102,636,71,340,628,355,239,402,160,417,288,280,372,949,1756,324,604,160,607,600,114,306,675,413,145,484,223,493,608,411,656,232,364
709,710,346,99,755,165,727,256,247,335,662,825,1338,480,384,441,559,1362,773,100,417,786,469,306,506,209,519,372,360,949,591,2074,423,741,182,817,650,129,397,818,498,191,590,304,620,683,475,762,277,509
1175,1199,572,199,1459,276,1294,439,450,574,1206,1576,2398,910,750,854,1000,2391,1383,198,818,1439,804,578,895,359,977,712,711,1756,2074,1863,764,1317,335,1495,1262,250,672,1458,941,253,1023,488,1161,1279,913,1380,494,945
235,219,129,38,264,62,245,82,90,120,239,305,468,161,158,185,190,510,259,42,149,266,157,119,180,80,201,137,156,324,423,764,70,247,71,292,243,46,136,270,178,59,211,92,221,266,179,276,96,192
452,439,198,78,453,111,449,132,179,216,412,569,893,337,261,296,350,857,448,41,287,465,284,198,313,130,306,227,249,604,741,1317,247,216,102,529,440,81,233,501,283,85,362,171,386,434,317,487,178,331
108,93,40,14,106,25,115,41,42,51,113,129,211,58,58,59,80,229,104,13,65,101,80,53,78,30,80,51,51,160,182,335,71,102,13,122,89,17,62,104,66,31,76,48,101,121,63,112,49,83
488,457,225,87,547,118,538,164,166,204,453,601,946,326,284,307,381,957,558,67,258,613,332,265,377,136,347,249,308,607,817,1495,292,529,122,265,461,99,260,606,372,93,418,224,421,490,329,541,206,349
461,434,177,85,476,111,430,147,176,190,362,527,842,317,219,260,374,840,472,71,268,438,262,201,278,132,323,221,256,600,650,1262,243,440,89,461,203,85,233,475,306,83,332,167,335,422,333,485,154,336
85,56,32,12,81,17,85,19,32,41,66,101,150,62,45,47,71,151,83,10,39,78,51,38,42,18,51,34,42,114,129,250,46,81,17,99,85,9,36,95,52,19,73,29,62,89,64,86,28,60
244,230,107,41,275,49,262,60,84,103,209,293,440,161,134,138,181,454,269,29,159,255,135,108,161,64,170,110,125,306,397,672,136,233,62,260,233,36,50,269,173,42,189,99,222,247,173,251,95,163
463,442,213,100,503,109,507,183,159,219,414,598,947,321,286,291,350,932,541,76,273,544,306,196,343,143,353,277,268,675,818,1458,270,501,104,606,475,95,269,273,338,115,422,217,454,481,343,557,188,352
306,286,115,50,318,71,329,96,95,132,278,400,638,188,183,177,233,595,354,39,154,337,184,115,205,86,226,165,152,413,498,941,178,283,66,372,306,52,173,338,113,80,241,122,264,303,198,332,116,202
105,96,40,11,112,16,101,28,32,40,88,110,176,61,68,67,75,186,106,11,33,99,51,36,62,28,72,64,44,145,191,253,59,85,31,93,83,19,42,115,80,8,80,46,83,91,71,109,47,72
386,366,153,63,402,84,375,126,125,160,333,425,728,258,197,205,296,744,427,44,225,402,251,149,259,97,258,141,214,484,590,1023,211,362,76,418,332,73,189,422,241,80,113,160,302,366,262,387,131,248
196,164,70,34,205,41,182,63,63,62,147,214,311,132,93,101,158,303,202,35,101,207,116,72,99,49,124,102,89,223,304,488,92,171,48,224,167,29,99,217,122,46,160,25,157,175,106,206,71,130
413,345,145,62,449,95,362,156,131,175,377,435,686,244,198,218,302,726,418,51,215,409,234,148,245,89,258,184,182,493,620,1161,221,386,101,421,335,62,222,454,264,83,302,157,140,382,258,435,163,317
460,406,193,66,461,94,415,157,138,181,393,520,877,310,244,267,369,851,476,56,257,488,286,184,318,116,354,194,243,608,683,1279,266,434,121,490,422,89,247,481,303,91,366,175,382,206,301,457,191,372
299,296,112,57,314,80,349,104,108,150,273,346,608,205,173,194,215,599,316,35,167,313,179,127,200,83,182,157,134,411,475,913,179,317,63,329,333,64,173,343,198,71,262,106,258,301,115,333,123,205
492,491,211,79,540,112,498,150,163,204,451,541,928,358,273,310,386,860,573,70,292,548,335,222,350,148,370,262,281,656,762,1380,276,487,112,541,485,86,251,557,332,109,387,206,435,457,333,262,197,338
160,146,76,16,191,32,177,56,58,73,137,212,307,136,119,140,137,310,175,19,93,186,127,81,129,42,141,94,106,232,277,494,96,178,49,206,154,28,95,188,116,47,131,71,163,191,123,197,30,126
351,298,138,80,343,81,358,102,110,156,321,328,586,252,174,179,254,606,320,37,201,353,213,159,223,94,221,146,170,364,509,945,192,331,83,349,336,60,163,352,202,72,248,130,317,372,205,338,126,126
