290,430,214,89,478,105,498,202,180,243,460,534,886,369,314,342,364,876,495,76,316,537,372,216,394,160,400,278,311,626,767,1176,265,478,98,552,526,80,251,513,326,110,345,172,450,429,384,489,174,390
430,176,150,77,468,109,436,148,154,198,378,488,786,287,225,253,357,722,430,49,218,466,261,165,239,100,268,207,203,564,696,1172,228,420,95,448,418,85,229,430,285,88,331,164,331,435,283,438,161,313
214,150,39,29,211,37,173,56,72,73,172,217,377,128,105,100,154,378,219,15,87,207,116,73,126,52,119,90,100,266,301,590,116,176,47,221,199,32,102,226,134,41,141,68,169,188,138,223,78,150
89,77,29,5,101,11,75,27,23,46,75,99,166,51,48,53,76,168,96,7,53,86,43,32,51,30,61,53,37,106,132,229,37,79,16,110,66,21,49,84,60,19,49,41,52,54,45,74,27,55
478,468,211,101,280,108,474,170,167,215,415,616,966,325,275,299,363,950,564,57,291,534,302,220,334,122,327,231,248,665,788,1418,255,480,113,525,462,94,262,581,377,90,376,194,404,424,322,517,189,344
105,109,37,11,108,6,96,35,36,59,108,125,203,76,60,72,69,188,121,13,68,127,63,54,68,34,67,64,61,115,178,296,56,88,24,131,110,19,51,134,78,23,69,34,95,96,59,101,31,73
498,436,173,75,474,96,222,135,147,210,424,580,955,315,253,271,350,903,489,56,280,508,288,187,270,139,338,229,224,613,779,1426,272,457,113,526,456,90,228,521,322,96,381,199,331,435,292,475,194,344
202,148,56,27,170,35,135,30,44,67,139,164,251,89,85,92,105,281,160,11,72,153,81,54,100,57,119,58,74,156,245,398,86,132,28,158,149,27,83,156,114,34,110,53,116,142,103,168,48,97
180,154,72,23,167,36,147,44,29,69,155,211,281,93,94,108,109,294,175,27,92,163,92,75,90,47,111,71,91,187,272,466,82,159,31,175,152,36,72,191,120,25,132,65,136,163,82,168,58,126
243,198,73,46,215,59,210,67,69,46,172,222,349,153,96,123,144,368,218,21,120,218,118,87,135,67,163,91,112,293,317,536,102,213,49,222,221,45,88,221,120,34,170,79,159,184,115,219,82,127
460,378,172,75,415,108,424,139,155,172,179,458,759,281,217,253,315,724,447,43,237,427,245,179,280,101,296,202,217,528,648,1136,218,417,99,421,394,85,217,446,282,90,307,147,354,386,263,460,133,314
534,488,217,99,616,125,580,164,211,222,458,307,1003,385,287,305,442,1021,595,66,318,588,322,228,387,132,364,250,289,764,903,1609,307,529,126,585,520,95,279,635,398,116,452,214,456,569,354,649,191,383
886,786,377,166,966,203,955,251,281,349,759,1003,835,562,479,494,637,1528,892,125,515,956,553,367,569,246,659,384,436,1183,1418,2551,510,876,190,971,840,146,434,1059,605,192,708,356,730,883,569,982,322,592
369,287,128,51,325,76,315,89,93,153,281,385,562,113,178,170,220,566,322,42,177,325,189,126,204,77,222,147,151,399,464,908,168,310,89,313,312,55,148,346,215,55,231,117,259,318,204,326,112,244
314,225,105,48,275,60,253,85,94,96,217,287,479,178,67,147,219,500,249,28,125,266,154,122,190,76,171,131,138,319,370,728,164,262,63,265,237,45,132,307,174,48,241,100,212,254,186,274,114,163
342,253,100,53,299,72,271,92,108,123,253,305,494,170,147,76,218,505,302,25,136,314,173,124,188,85,191,138,138,318,428,800,177,264,70,272,249,45,165,328,201,45,224,112,222,272,181,315,130,170
364,357,154,76,363,69,350,105,109,144,315,442,637,220,219,218,126,637,356,43,189,370,216,155,238,92,263,155,195,425,563,986,199,325,90,348,343,74,161,422,245,65,270,124,284,351,227,353,152,263
876,722,378,168,950,188,903,281,294,368,724,1021,1528,566,500,505,637,794,940,109,491,923,551,361,589,218,571,382,456,1187,1378,2560,501,844,177,973,828,155,493,1010,613,171,684,356,731,874,578,950,328,636
495,430,219,96,564,121,489,160,175,218,447,595,892,322,249,302,356,940,236,73,290,476,297,198,313,132,358,236,246,650,765,1427,264,476,98,543,482,89,265,554,354,105,353,194,393,523,299,530,173,342
76,49,15,7,57,13,56,11,27,21,43,66,125,42,28,25,43,109,73,2,32,69,33,22,35,19,41,19,32,66,106,178,32,63,19,62,59,8,23,68,32,14,56,18,52,47,32,57,25,38
316,218,87,53,291,68,280,72,92,120,237,318,515,177,125,136,189,491,290,32,71,283,171,111,144,54,175,147,143,347,435,812,136,253,52,257,268,37,117,304,202,46,206,110,220,266,169,288,92,179
537,466,207,86,534,127,508,153,163,218,427,588,956,325,266,314,370,923,476,69,283,253,303,193,351,117,361,235,245,621,704,1381,321,474,114,555,516,101,258,553,373,104,389,180,420,539,317,497,179,373
372,261,116,43,302,63,288,81,92,118,245,322,553,189,154,173,216,551,297,33,171,303,84,124,204,93,204,143,135,350,470,877,150,270,69,326,251,60,164,317,183,57,227,101,264,273,192,295,108,215
216,165,73,32,220,54,187,54,75,87,179,228,367,126,122,124,155,361,198,22,111,193,124,36,127,44,119,108,97,247,299,536,99,191,53,202,184,31,86,211,136,40,150,74,153,201,128,200,69,131
394,239,126,51,334,68,270,100,90,135,280,387,569,204,190,188,238,589,313,35,144,351,204,127,92,80,229,143,184,401,506,993,195,327,77,334,315,46,156,345,209,69,261,111,238,310,183,327,121,245
160,100,52,30,122,34,139,57,47,67,101,132,246,77,76,85,92,218,132,19,54,117,93,44,80,16,68,54,77,142,208,389,70,128,26,118,124,22,71,125,90,24,92,39,109,122,73,129,46,90
400,268,119,61,327,67,338,119,111,163,296,364,659,222,171,191,263,571,358,41,175,361,204,119,229,68,109,150,179,410,538,1035,180,306,74,353,320,58,190,362,241,67,265,97,258,349,216,366,115,225
278,207,90,53,231,64,229,58,71,91,202,250,384,147,131,138,155,382,236,19,147,235,143,108,143,54,150,42,121,271,364,637,126,230,53,247,253,31,117,269,137,42,188,81,174,228,127,273,96,159
311,203,100,37,248,61,224,74,91,112,217,289,436,151,138,138,195,456,246,32,143,245,135,97,184,77,179,121,73,304,367,672,122,201,54,275,221,33,123,280,158,56,194,108,204,226,175,273,89,149
626,564,266,106,665,115,613,156,187,293,528,764,1183,399,319,318,425,1187,650,66,347,621,350,247,401,142,410,271,304,434,987,1905,374,569,148,656,570,118,329,717,405,126,513,247,483,574,398,667,251,418
767,696,301,132,788,178,779,245,272,317,648,903,1418,464,370,428,563,1378,765,106,435,704,470,299,506,208,538,364,367,987,543,2162,439,740,160,839,737,146,397,845,516,168,593,290,621,704,489,789,302,519
1176,1172,590,229,1418,296,1426,398,466,536,1136,1609,2551,908,728,800,986,2560,1427,178,812,1381,877,536,993,389,1035,637,672,1905,2162,2018,814,1317,329,1520,1322,274,722,1575,928,319,1042,579,1239,1379,918,1441,512,920
265,228,116,37,255,56,272,86,82,102,218,307,510,168,164,177,199,501,264,32,136,321,150,99,195,70,180,126,122,374,439,814,85,283,62,319,252,50,138,299,179,52,211,101,232,281,180,271,105,167
478,420,176,79,480,88,457,132,159,213,417,529,876,310,262,264,325,844,476,63,253,474,270,191,327,128,306,230,201,569,740,1317,283,211,107,500,437,76,227,502,329,96,324,195,386,438,307,500,177,331
98,95,47,16,113,24,113,28,31,49,99,126,190,89,63,70,90,177,98,19,52,114,69,53,77,26,74,53,54,148,160,329,62,107,12,130,123,19,65,117,71,16,76,50,96,104,89,117,35,96
552,448,221,110,525,131,526,158,175,222,421,585,971,313,265,272,348,973,543,62,257,555,326,202,334,118,353,247,275,656,839,1520,319,500,130,275,543,82,246,598,360,91,437,212,414,481,340,560,224,335
526,418,199,66,462,110,456,149,152,221,394,520,840,312,237,249,343,828,482,59,268,516,251,184,315,124,320,253,221,570,737,1322,252,437,123,543,243,87,259,495,302,98,326,162,355,400,294,449,172,331
80,85,32,21,94,19,90,27,36,45,85,95,146,55,45,45,74,155,89,8,37,101,60,31,46,22,58,31,33,118,146,274,50,76,19,82,87,5,40,96,52,19,74,23,58,92,55,89,29,66
251,229,102,49,262,51,228,83,72,88,217,279,434,148,132,165,161,493,265,23,117,258,164,86,156,71,190,117,123,329,397,722,138,227,65,246,259,40,64,271,150,49,199,89,203,247,154,282,115,154
513,430,226,84,581,134,521,156,191,221,446,635,1059,346,307,328,422,1010,554,68,304,553,317,211,345,125,362,269,280,717,845,1575,299,502,117,598,495,96,271,298,354,107,422,211,434,525,332,552,212,357
326,285,134,60,377,78,322,114,120,120,282,398,605,215,174,201,245,613,354,32,202,373,183,136,209,90,241,137,158,405,516,928,179,329,71,360,302,52,150,354,107,75,261,144,269,306,199,352,136,227
110,88,41,19,90,23,96,34,25,34,90,116,192,55,48,45,65,171,105,14,46,104,57,40,69,24,67,42,56,126,168,319,52,96,16,91,98,19,49,107,75,13,73,36,80,110,57,140,34,56
345,331,141,49,376,69,381,110,132,170,307,452,708,231,241,224,270,684,353,56,206,389,227,150,261,92,265,188,194,513,593,1042,211,324,76,437,326,74,199,422,261,73,126,154,305,335,253,373,149,266
172,164,68,41,194,34,199,53,65,79,147,214,356,117,100,112,124,356,194,18,110,180,101,74,111,39,97,81,108,247,290,579,101,195,50,212,162,23,89,211,144,36,154,24,139,174,97,183,79,119
450,331,169,52,404,95,331,116,136,159,354,456,730,259,212,222,284,731,393,52,220,420,264,153,238,109,258,174,204,483,621,1239,232,386,96,414,355,58,203,434,269,80,305,139,161,398,252,415,146,294
429,435,188,54,424,96,435,142,163,184,386,569,883,318,254,272,351,874,523,47,266,539,273,201,310,122,349,228,226,574,704,1379,281,438,104,481,400,92,247,525,306,110,335,174,398,246,304,464,144,324
384,283,138,45,322,59,292,103,82,115,263,354,569,204,186,181,227,578,299,32,169,317,192,128,183,73,216,127,175,398,489,918,180,307,89,340,294,55,154,332,199,57,253,97,252,304,89,299,115,200
489,438,223,74,517,101,475,168,168,219,460,649,982,326,274,315,353,950,530,57,288,497,295,200,327,129,366,273,273,667,789,1441,271,500,117,560,449,89,282,552,352,140,373,183,415,464,299,277,198,379
174,161,78,27,189,31,194,48,58,82,133,191,322,112,114,130,152,328,173,25,92,179,108,69,121,46,115,96,89,251,302,512,105,177,35,224,172,29,115,212,136,34,149,79,146,144,115,198,29,133
390,313,150,55,344,73,344,97,126,127,314,383,592,244,163,170,263,636,342,38,179,373,215,131,245,90,225,159,149,418,519,920,167,331,96,335,331,66,154,357,227,56,266,119,294,324,200,379,133,127
