251,446,192,88,514,96,504,172,156,235,427,468,794,373,345,358,347,820,523,55,312,553,335,222,374,145,380,276,263,644,664,1142,222,458,106,482,482,88,238,487,344,122,339,188,426,431,327,499,164,361
446,169,172,66,430,88,414,123,136,179,374,514,747,271,219,260,313,756,441,63,236,456,265,170,306,120,306,212,214,506,629,1206,244,387,88,447,403,69,224,455,289,76,335,148,360,388,277,445,179,313
192,172,32,36,203,56,214,59,57,92,183,235,377,151,102,128,159,345,208,23,102,219,126,90,135,44,113,85,85,270,295,532,108,181,42,205,200,43,109,227,136,38,149,84,155,188,108,211,64,115
88,66,36,2,87,11,77,19,20,41,56,94,126,55,44,55,61,131,92,17,57,69,37,33,64,24,51,43,46,104,121,220,42,83,25,98,64,16,39,80,55,16,69,29,61,57,46,98,33,52
514,430,203,87,260,102,466,136,161,237,446,563,871,328,278,280,367,884,538,70,252,524,328,202,336,134,343,247,260,611,744,1370,295,489,116,567,466,92,260,545,369,94,395,185,381,477,324,514,184,361
96,88,56,11,102,6,96,26,40,53,90,118,185,64,57,80,86,193,131,26,66,102,65,38,86,32,73,53,55,130,181,323,59,88,32,120,82,22,60,116,72,16,104,46,79,94,64,126,43,71
504,414,214,77,466,96,212,136,162,216,405,545,802,319,254,275,360,833,528,56,284,485,286,166,313,130,311,249,230,580,728,1297,237,432,101,522,427,67,221,468,288,101,385,197,358,445,305,485,176,329
172,123,59,19,136,26,136,19,46,65,125,162,275,107,84,85,101,293,167,13,85,151,95,46,98,34,100,63,74,194,240,420,89,153,39,173,137,24,77,168,86,31,125,57,115,143,81,154,57,112
156,136,57,20,161,40,162,46,32,77,163,165,286,135,94,101,102,295,152,25,83,154,102,66,106,42,132,77,86,193,241,397,81,141,34,162,149,28,75,154,100,31,152,62,123,138,94,176,64,122
235,179,92,41,237,53,216,65,77,40,180,235,346,130,119,113,150,358,204,34,107,218,126,93,147,60,137,97,108,242,284,565,120,195,55,205,198,22,116,235,134,37,160,79,160,165,131,212,88,134
427,374,183,56,446,90,405,125,163,180,200,486,739,279,235,248,315,718,414,56,230,426,248,182,308,130,307,219,238,516,618,1130,208,407,113,461,392,74,238,414,256,81,334,162,333,337,258,447,168,270
468,514,235,94,563,118,545,162,165,235,486,300,981,337,287,353,374,1016,546,80,283,540,337,245,379,147,415,253,294,678,806,1505,278,500,137,560,544,110,290,595,380,101,413,207,479,473,357,579,200,379
794,747,377,126,871,185,802,275,286,346,739,981,794,551,454,560,648,1391,931,96,501,898,538,359,560,253,635,407,431,1109,1418,2369,448,816,192,963,817,136,457,929,581,180,671,338,688,794,561,904,314,634
373,271,151,55,328,64,319,107,135,130,279,337,551,111,178,190,241,577,328,42,183,343,184,135,215,93,232,151,167,369,483,886,204,309,73,369,334,53,173,360,209,60,243,134,266,289,218,372,120,220
345,219,102,44,278,57,254,84,94,119,235,287,454,178,67,139,196,442,282,32,157,250,138,109,158,60,165,118,155,335,399,736,120,250,65,275,221,44,136,333,188,55,210,102,210,230,164,281,98,180
358,260,128,55,280,80,275,85,101,113,248,353,560,190,139,79,229,536,303,31,169,273,162,105,199,60,172,132,160,366,427,846,166,275,64,311,275,39,147,334,183,60,221,110,239,253,178,324,101,201
347,313,159,61,367,86,360,101,102,150,315,374,648,241,196,229,123,638,344,36,204,350,236,162,207,89,261,166,185,488,562,989,172,348,75,368,333,57,191,382,234,79,308,130,308,319,225,403,126,235
820,756,345,131,884,193,833,293,295,358,718,1016,1391,577,442,536,638,762,884,100,541,859,499,333,576,240,626,436,445,1140,1348,2384,432,800,196,962,820,136,440,876,569,194,651,305,678,826,530,913,315,631
523,441,208,92,538,131,528,167,152,204,414,546,931,328,282,303,344,884,240,65,299,476,296,205,346,116,347,223,244,625,745,1409,267,503,111,527,480,74,267,535,343,101,388,177,426,445,313,579,186,327
55,63,23,17,70,26,56,13,25,34,56,80,96,42,32,31,36,100,65,4,37,74,32,20,42,17,49,26,37,66,101,157,25,77,11,63,64,12,25,69,50,12,49,27,44,53,39,68,25,40
312,236,102,57,252,66,284,85,83,107,230,283,501,183,157,169,204,541,299,37,88,319,166,106,203,65,155,143,128,369,460,804,161,247,63,286,269,49,130,288,149,65,222,101,236,249,181,307,112,188
553,456,219,69,524,102,485,151,154,218,426,540,898,343,250,273,350,859,476,74,319,259,275,195,319,115,329,263,259,616,740,1337,274,461,117,541,451,82,252,550,351,94,407,194,407,474,324,563,167,358
335,265,126,37,328,65,286,95,102,126,248,337,538,184,138,162,236,499,296,32,166,275,70,117,171,83,198,113,136,351,425,825,144,275,66,332,266,54,148,348,197,74,223,132,219,253,184,317,115,189
222,170,90,33,202,38,166,46,66,93,182,245,359,135,109,105,162,333,205,20,106,195,117,28,121,50,121,97,92,235,301,548,108,183,45,202,160,39,86,186,130,41,144,70,148,199,122,196,68,125
374,306,135,64,336,86,313,98,106,147,308,379,560,215,158,199,207,576,346,42,203,319,171,121,106,99,220,162,166,405,495,946,164,300,70,328,312,58,154,330,213,63,266,116,259,316,192,349,111,222
145,120,44,24,134,32,130,34,42,60,130,147,253,93,60,60,89,240,116,17,65,115,83,50,99,23,94,63,73,147,195,349,67,117,32,131,132,13,64,129,85,29,98,52,111,123,82,159,56,85
380,306,113,51,343,73,311,100,132,137,307,415,635,232,165,172,261,626,347,49,155,329,198,121,220,94,135,162,152,404,493,922,179,301,91,342,337,48,159,344,211,68,278,121,264,303,229,346,133,227
276,212,85,43,247,53,249,63,77,97,219,253,407,151,118,132,166,436,223,26,143,263,113,97,162,63,162,36,132,315,369,669,126,226,47,255,205,44,119,243,134,34,186,74,201,206,165,249,78,151
263,214,85,46,260,55,230,74,86,108,238,294,431,167,155,160,185,445,244,37,128,259,136,92,166,73,152,132,79,321,394,704,132,223,76,234,223,53,133,291,186,45,219,103,191,233,146,267,111,163
644,506,270,104,611,130,580,194,193,242,516,678,1109,369,335,366,488,1140,625,66,369,616,351,235,405,147,404,315,321,379,954,1727,356,577,126,683,566,115,335,672,409,126,485,213,484,604,377,673,230,411
664,629,295,121,744,181,728,240,241,284,618,806,1418,483,399,427,562,1348,745,101,460,740,425,301,495,195,493,369,394,954,594,2004,381,683,148,792,706,132,383,775,500,172,581,284,606,642,457,745,261,471
1142,1206,532,220,1370,323,1297,420,397,565,1130,1505,2369,886,736,846,989,2384,1409,157,804,1337,825,548,946,349,922,669,704,1727,2004,1814,722,1280,326,1426,1243,227,713,1415,932,304,982,511,1138,1256,875,1374,482,964
222,244,108,42,295,59,237,89,81,120,208,278,448,204,120,166,172,432,267,25,161,274,144,108,164,67,179,126,132,356,381,722,65,249,57,279,255,50,132,274,187,67,217,105,232,250,166,251,78,204
458,387,181,83,489,88,432,153,141,195,407,500,816,309,250,275,348,800,503,77,247,461,275,183,300,117,301,226,223,577,683,1280,249,200,118,475,400,73,236,528,329,93,367,172,366,411,285,484,186,337
106,88,42,25,116,32,101,39,34,55,113,137,192,73,65,64,75,196,111,11,63,117,66,45,70,32,91,47,76,126,148,326,57,118,12,127,110,21,67,131,75,27,95,41,94,116,68,104,39,83
482,447,205,98,567,120,522,173,162,205,461,560,963,369,275,311,368,962,527,63,286,541,332,202,328,131,342,255,234,683,792,1426,279,475,127,264,490,82,249,525,336,107,363,202,416,508,335,487,187,354
482,403,200,64,466,82,427,137,149,198,392,544,817,334,221,275,333,820,480,64,269,451,266,160,312,132,337,205,223,566,706,1243,255,400,110,490,230,78,246,501,324,80,342,163,388,411,312,495,178,291
88,69,43,16,92,22,67,24,28,22,74,110,136,53,44,39,57,136,74,12,49,82,54,39,58,13,48,44,53,115,132,227,50,73,21,82,78,9,31,72,53,22,69,30,74,78,56,87,27,48
238,224,109,39,260,60,221,77,75,116,238,290,457,173,136,147,191,440,267,25,130,252,148,86,154,64,159,119,133,335,383,713,132,236,67,249,246,31,77,308,170,52,213,92,196,229,143,267,89,195
487,455,227,80,545,116,468,168,154,235,414,595,929,360,333,334,382,876,535,69,288,550,348,186,330,129,344,243,291,672,775,1415,274,528,131,525,501,72,308,265,362,107,388,192,425,508,352,536,215,362
344,289,136,55,369,72,288,86,100,134,256,380,581,209,188,183,234,569,343,50,149,351,197,130,213,85,211,134,186,409,500,932,187,329,75,336,324,53,170,362,89,65,255,118,264,288,182,358,128,232
122,76,38,16,94,16,101,31,31,37,81,101,180,60,55,60,79,194,101,12,65,94,74,41,63,29,68,34,45,126,172,304,67,93,27,107,80,22,52,107,65,9,59,35,71,96,66,108,44,76
339,335,149,69,395,104,385,125,152,160,334,413,671,243,210,221,308,651,388,49,222,407,223,144,266,98,278,186,219,485,581,982,217,367,95,363,342,69,213,388,255,59,142,148,316,352,273,407,140,269
188,148,84,29,185,46,197,57,62,79,162,207,338,134,102,110,130,305,177,27,101,194,132,70,116,52,121,74,103,213,284,511,105,172,41,202,163,30,92,192,118,35,148,41,141,169,119,209,57,117
426,360,155,61,381,79,358,115,123,160,333,479,688,266,210,239,308,678,426,44,236,407,219,148,259,111,264,201,191,484,606,1138,232,366,94,416,388,74,196,425,264,71,316,141,152,379,240,407,135,242
431,388,188,57,477,94,445,143,138,165,337,473,794,289,230,253,319,826,445,53,249,474,253,199,316,123,303,206,233,604,642,1256,250,411,116,508,411,78,229,508,288,96,352,169,379,205,281,464,161,284
327,277,108,46,324,64,305,81,94,131,258,357,561,218,164,178,225,530,313,39,181,324,184,122,192,82,229,165,146,377,457,875,166,285,68,335,312,56,143,352,182,66,273,119,240,281,99,332,116,202
499,445,211,98,514,126,485,154,176,212,447,579,904,372,281,324,403,913,579,68,307,563,317,196,349,159,346,249,267,673,745,1374,251,484,104,487,495,87,267,536,358,108,407,209,407,464,332,239,173,339
164,179,64,33,184,43,176,57,64,88,168,200,314,120,98,101,126,315,186,25,112,167,115,68,111,56,133,78,111,230,261,482,78,186,39,187,178,27,89,215,128,44,140,57,135,161,116,173,33,140
361,313,115,52,361,71,329,112,122,134,270,379,634,220,180,201,235,631,327,40,188,358,189,125,222,85,227,151,163,411,471,964,204,337,83,354,291,48,195,362,232,76,269,117,242,284,202,339,140,112
