265,476,209,94,497,95,475,174,175,256,434,491,816,388,333,318,357,788,497,75,315,499,360,211,418,151,403,287,295,610,681,1117,245,476,118,510,474,87,269,452,321,100,355,167,475,425,355,469,173,404
476,171,152,77,469,101,412,122,144,187,371,472,777,278,214,236,316,822,431,49,252,460,237,190,279,111,284,214,219,528,638,1305,269,430,96,463,412,65,224,449,241,101,331,172,358,356,275,435,164,259
209,152,38,39,208,50,176,61,58,92,168,225,344,133,92,109,119,371,181,21,107,198,113,85,122,47,103,100,90,248,279,520,99,188,37,205,198,31,108,214,141,38,158,72,148,164,118,231,58,135
94,77,39,6,80,19,87,19,28,48,80,89,147,49,50,49,52,166,77,8,60,86,56,32,58,19,53,46,46,98,132,215,36,81,21,90,76,19,42,99,56,14,63,26,67,68,50,94,30,64
497,469,208,80,249,111,463,152,155,194,409,581,926,338,240,294,387,907,557,64,284,519,305,194,344,142,359,231,284,616,751,1363,261,467,107,559,476,90,263,508,343,105,413,200,409,474,305,541,182,355
95,101,50,19,111,11,108,30,33,46,100,119,168,69,57,53,76,171,104,11,71,106,84,55,75,28,79,57,59,127,169,278,48,120,25,123,108,20,59,97,76,24,80,41,86,89,71,108,32,82
475,412,176,87,463,108,222,142,143,168,382,525,832,281,246,275,346,870,471,61,287,497,304,191,322,117,330,233,236,625,717,1275,260,448,105,494,446,89,251,478,316,98,382,164,378,416,329,471,168,336
174,122,61,19,152,30,142,21,49,70,135,169,255,110,69,81,112,277,151,20,88,168,99,67,107,37,111,69,90,205,199,415,90,159,42,178,140,20,60,143,88,29,102,56,124,148,100,153,64,115
175,144,58,28,155,33,143,49,29,77,133,186,296,112,86,104,111,273,183,22,99,188,92,57,85,44,110,79,89,184,244,408,82,161,27,195,152,29,82,143,107,34,135,57,121,138,83,178,59,114
256,187,92,48,194,46,168,70,77,43,169,244,349,149,114,127,153,351,204,31,104,210,137,81,137,54,149,93,113,250,326,536,98,189,44,207,195,43,99,203,146,38,155,74,165,172,109,200,75,153
434,371,168,80,409,100,382,135,133,169,184,489,711,309,231,269,303,733,452,49,236,437,258,165,290,107,292,190,223,533,652,1134,229,397,91,460,367,75,228,424,289,91,314,146,359,412,261,418,140,299
491,472,225,89,581,119,525,169,186,244,489,321,1042,354,280,298,400,1038,581,86,304,620,383,221,376,136,375,264,296,700,885,1531,313,498,132,624,507,96,265,595,374,125,427,212,458,538,348,620,210,381
816,777,344,147,926,168,832,255,296,349,711,1042,825,581,448,520,614,1479,877,131,513,887,535,369,611,240,663,395,432,1161,1345,2418,462,826,221,925,841,137,420,941,578,178,691,336,710,783,573,949,339,624
388,278,133,49,338,69,281,110,112,149,309,354,581,118,156,195,245,605,329,39,187,320,203,126,213,70,200,133,155,384,512,937,174,296,63,339,258,60,176,364,224,72,271,110,247,317,210,339,114,247
333,214,92,50,240,57,246,69,86,114,231,280,448,156,65,118,200,457,258,35,145,270,154,110,179,62,151,125,123,322,362,734,125,235,53,291,232,36,110,297,161,42,214,94,202,243,156,278,96,175
318,236,109,49,294,53,275,81,104,127,269,298,520,195,118,74,202,527,290,44,134,294,170,104,192,58,173,131,149,357,452,861,159,258,69,300,266,55,148,319,178,51,213,108,224,275,172,289,118,199
357,316,119,52,387,76,346,112,111,153,303,400,614,245,200,202,131,672,396,49,209,380,220,139,243,74,226,176,174,446,530,990,181,333,89,361,319,60,188,373,245,69,283,137,281,311,236,373,125,249
788,822,371,166,907,171,870,277,273,351,733,1038,1479,605,457,527,672,818,935,131,550,931,591,377,598,221,605,390,466,1095,1334,2429,467,856,204,971,852,131,402,981,581,173,691,360,735,819,551,913,353,611
497,431,181,77,557,104,471,151,183,204,452,581,877,329,258,290,396,935,269,57,269,470,317,221,330,131,354,219,251,672,745,1443,298,457,130,521,451,72,269,533,311,112,377,184,423,474,311,499,194,331
75,49,21,8,64,11,61,20,22,31,49,86,131,39,35,44,49,131,57,4,29,60,45,30,42,16,43,23,39,78,94,174,28,53,16,74,64,8,34,66,49,15,36,16,43,66,40,67,32,44
315,252,107,60,284,71,287,88,99,104,236,304,513,187,145,134,209,550,269,29,80,281,162,117,179,70,182,126,136,363,411,819,166,276,57,270,262,34,141,289,199,57,217,106,228,284,165,310,127,153
499,460,198,86,519,106,497,168,188,210,437,620,887,320,270,294,380,931,470,60,281,268,300,195,338,135,343,234,258,649,744,1433,305,472,125,523,467,92,251,527,306,118,387,210,396,461,317,517,208,341
360,237,113,56,305,84,304,99,92,137,258,383,535,203,154,170,220,591,317,45,162,300,95,116,188,76,181,125,139,378,422,844,174,269,72,313,268,44,125,323,182,71,230,123,233,247,197,306,125,193
211,190,85,32,194,55,191,67,57,81,165,221,369,126,110,104,139,377,221,30,117,195,116,47,155,54,142,96,113,266,297,542,111,185,39,201,172,32,91,226,142,52,134,62,180,179,131,210,73,138
418,279,122,58,344,75,322,107,85,137,290,376,611,213,179,192,243,598,330,42,179,338,188,155,96,76,212,177,150,416,484,961,178,316,82,313,323,49,166,339,216,68,271,126,277,314,193,332,108,221
151,111,47,19,142,28,117,37,44,54,107,136,240,70,62,58,74,221,131,16,70,135,76,54,76,17,70,60,59,180,205,344,81,146,35,127,93,14,64,123,85,22,111,34,95,123,65,120,42,78
403,284,103,53,359,79,330,111,110,149,292,375,663,200,151,173,226,605,354,43,182,343,181,142,212,70,113,174,158,441,523,1003,213,334,80,357,293,44,181,351,213,76,287,108,255,302,202,325,142,214
287,214,100,46,231,57,233,69,79,93,190,264,395,133,125,131,176,390,219,23,126,234,125,96,177,60,174,48,133,284,365,634,125,231,54,256,220,36,115,250,144,49,164,88,185,230,153,266,90,174
295,219,90,46,284,59,236,90,89,113,223,296,432,155,123,149,174,466,251,39,136,258,139,113,150,59,158,133,66,316,326,687,125,251,46,247,277,37,124,302,177,59,206,96,214,213,141,249,87,176
610,528,248,98,616,127,625,205,184,250,533,700,1161,384,322,357,446,1095,672,78,363,649,378,266,416,180,441,284,316,420,990,1793,346,637,130,680,601,104,338,692,419,140,468,225,524,608,391,683,234,438
681,638,279,132,751,169,717,199,244,326,652,885,1345,512,362,452,530,1334,745,94,411,744,422,297,484,205,523,365,326,990,588,2032,390,699,193,806,716,122,364,795,477,157,565,318,568,694,467,813,272,488
1117,1305,520,215,1363,278,1275,415,408,536,1134,1531,2418,937,734,861,990,2429,1443,174,819,1433,844,542,961,344,1003,634,687,1793,2032,1911,718,1299,339,1508,1302,252,655,1450,947,275,1042,535,1132,1262,879,1472,497,958
245,269,99,36,261,48,260,90,82,98,229,313,462,174,125,159,181,467,298,28,166,305,174,111,178,81,213,125,125,346,390,718,56,251,62,278,244,51,130,292,200,62,200,111,201,220,192,293,91,176
476,430,188,81,467,120,448,159,161,189,397,498,826,296,235,258,333,856,457,53,276,472,269,185,316,146,334,231,251,637,699,1299,251,226,121,533,423,88,215,473,292,92,383,162,391,453,306,498,170,330
118,96,37,21,107,25,105,42,27,44,91,132,221,63,53,69,89,204,130,16,57,125,72,39,82,35,80,54,46,130,193,339,62,121,13,109,108,22,58,123,77,27,94,32,89,97,68,117,41,68
510,463,205,90,559,123,494,178,195,207,460,624,925,339,291,300,361,971,521,74,270,523,313,201,313,127,357,256,247,680,806,1508,278,533,109,286,494,92,291,565,368,99,387,184,391,513,292,567,187,367
474,412,198,76,476,108,446,140,152,195,367,507,841,258,232,266,319,852,451,64,262,467,268,172,323,93,293,220,277,601,716,1302,244,423,108,494,213,93,229,465,296,96,365,161,336,399,284,474,171,307
87,65,31,19,90,20,89,20,29,43,75,96,137,60,36,55,60,131,72,8,34,92,44,32,49,14,44,36,37,104,122,252,51,88,22,92,93,8,35,86,49,13,67,26,64,72,46,102,32,55
269,224,108,42,263,59,251,60,82,99,228,265,420,176,110,148,188,402,269,34,141,251,125,91,166,64,181,115,124,338,364,655,130,215,58,291,229,35,54,249,141,44,181,100,196,240,177,231,103,195
452,449,214,99,508,97,478,143,143,203,424,595,941,364,297,319,373,981,533,66,289,527,323,226,339,123,351,250,302,692,795,1450,292,473,123,565,465,86,249,309,349,120,393,220,446,485,323,537,192,367
321,241,141,56,343,76,316,88,107,146,289,374,578,224,161,178,245,581,311,49,199,306,182,142,216,85,213,144,177,419,477,947,200,292,77,368,296,49,141,349,116,58,257,148,253,327,209,372,128,220
100,101,38,14,105,24,98,29,34,38,91,125,178,72,42,51,69,173,112,15,57,118,71,52,68,22,76,49,59,140,157,275,62,92,27,99,96,13,44,120,58,19,86,34,95,123,50,109,44,73
355,331,158,63,413,80,382,102,135,155,314,427,691,271,214,213,283,691,377,36,217,387,230,134,271,111,287,164,206,468,565,1042,200,383,94,387,365,67,181,393,257,86,124,145,359,333,245,399,143,253
167,172,72,26,200,41,164,56,57,74,146,212,336,110,94,108,137,360,184,16,106,210,123,62,126,34,108,88,96,225,318,535,111,162,32,184,161,26,100,220,148,34,145,30,134,178,122,179,68,116
475,358,148,67,409,86,378,124,121,165,359,458,710,247,202,224,281,735,423,43,228,396,233,180,277,95,255,185,214,524,568,1132,201,391,89,391,336,64,196,446,253,95,359,134,184,354,249,402,135,262
425,356,164,68,474,89,416,148,138,172,412,538,783,317,243,275,311,819,474,66,284,461,247,179,314,123,302,230,213,608,694,1262,220,453,97,513,399,72,240,485,327,123,333,178,354,219,304,487,165,297
355,275,118,50,305,71,329,100,83,109,261,348,573,210,156,172,236,551,311,40,165,317,197,131,193,65,202,153,141,391,467,879,192,306,68,292,284,46,177,323,209,50,245,122,249,304,100,324,122,215
469,435,231,94,541,108,471,153,178,200,418,620,949,339,278,289,373,913,499,67,310,517,306,210,332,120,325,266,249,683,813,1472,293,498,117,567,474,102,231,537,372,109,399,179,402,487,324,239,164,385
173,164,58,30,182,32,168,64,59,75,140,210,339,114,96,118,125,353,194,32,127,208,125,73,108,42,142,90,87,234,272,497,91,170,41,187,171,32,103,192,128,44,143,68,135,165,122,164,34,120
404,259,135,64,355,82,336,115,114,153,299,381,624,247,175,199,249,611,331,44,153,341,193,138,221,78,214,174,176,438,488,958,176,330,68,367,307,55,195,367,220,73,253,116,262,297,215,385,120,132
