276,468,224,86,500,99,460,214,171,257,443,517,821,379,320,301,382,794,506,84,332,543,368,210,377,164,391,284,303,655,693,1175,243,502,98,516,498,80,260,444,301,100,380,191,432,418,332,509,173,392
468,190,188,89,425,100,416,133,145,186,379,478,797,290,222,222,302,783,423,60,239,440,241,178,272,101,275,185,213,534,663,1237,237,414,85,463,404,87,229,466,281,91,336,144,354,391,254,464,153,274
224,188,33,30,200,27,183,61,77,96,179,213,358,133,90,112,146,332,222,33,110,226,123,87,118,54,139,87,111,242,320,568,103,174,42,243,180,25,104,215,123,28,169,78,157,197,106,195,70,141
86,89,30,6,84,15,90,24,36,37,71,95,140,51,36,47,69,141,75,12,50,81,44,38,54,19,50,39,43,87,120,211,40,69,19,93,76,13,50,102,53,19,53,29,67,79,60,88,34,51
500,425,200,84,248,107,463,171,175,217,452,579,894,350,269,274,400,894,490,54,259,558,301,202,316,122,333,243,267,628,805,1422,291,441,105,554,433,96,276,531,303,82,400,173,369,487,307,537,188,345
99,100,27,15,107,9,103,45,33,49,93,128,200,60,42,61,74,196,115,17,66,104,57,46,82,31,80,54,62,123,174,275,50,104,24,123,115,20,58,115,71,26,78,40,86,93,76,123,39,82
460,416,183,90,463,103,238,144,140,202,396,537,839,276,260,285,331,823,492,47,291,482,284,179,324,124,327,224,246,583,721,1293,268,417,100,523,436,77,235,472,282,99,366,176,393,400,310,519,149,310
214,133,61,24,171,45,144,27,48,79,133,172,303,102,76,85,127,274,162,23,73,160,95,61,111,35,112,86,73,196,232,438,85,156,27,168,137,22,66,170,99,37,130,64,130,148,97,155,59,92
171,145,77,36,175,33,140,48,30,75,134,189,299,118,81,85,120,274,154,18,82,168,109,64,107,48,108,81,89,221,274,438,112,166,24,175,170,30,79,167,103,29,114,60,121,157,84,153,62,121
257,186,96,37,217,49,202,79,75,44,158,206,361,147,124,136,151,354,208,31,125,225,130,91,140,52,121,107,97,245,307,543,119,182,36,237,189,34,109,206,116,48,151,92,182,202,131,226,67,134
443,379,179,71,452,93,396,133,134,158,180,455,749,269,242,274,323,753,406,66,247,443,243,161,286,121,305,212,211,498,651,1120,221,384,77,451,378,72,214,458,273,80,311,171,346,385,248,462,149,268
517,478,213,95,579,128,537,172,189,206,455,352,1085,351,287,301,401,1097,612,71,331,597,320,236,378,129,364,241,291,773,869,1639,310,520,125,586,538,100,267,597,388,120,397,214,439,517,364,554,209,373
821,797,358,140,894,200,839,303,299,361,749,1085,841,599,504,497,699,1492,920,116,530,918,542,331,579,236,590,384,481,1169,1384,2457,487,887,215,934,793,145,466,963,618,180,688,353,704,841,621,876,339,597
379,290,133,51,350,60,276,102,118,147,269,351,599,98,174,175,233,589,354,33,197,333,205,111,187,84,199,146,155,391,506,930,174,285,64,349,282,44,168,363,219,87,249,117,241,282,199,356,124,221
320,222,90,36,269,42,260,76,81,124,242,287,504,174,89,165,202,457,295,36,148,281,162,108,177,64,177,126,136,291,413,726,151,240,49,249,253,47,146,297,169,56,199,92,203,244,173,255,99,187
301,222,112,47,274,61,285,85,85,136,274,301,497,175,165,86,211,503,293,41,154,296,168,107,173,64,191,122,139,315,454,803,183,251,58,303,260,37,153,286,185,69,207,107,208,257,168,298,96,193
382,302,146,69,400,74,331,127,120,151,323,401,699,233,202,211,139,642,360,55,208,373,214,141,232,86,244,160,170,485,563,1034,196,370,91,381,347,61,169,382,231,78,270,132,276,339,265,371,123,250
794,783,332,141,894,196,823,274,274,354,753,1097,1492,589,457,503,642,790,903,126,496,911,542,344,604,231,607,391,474,1091,1345,2424,460,833,206,942,804,119,461,944,631,177,662,343,724,846,581,889,333,596
506,423,222,75,490,115,492,162,154,208,406,612,920,354,295,293,360,903,259,55,255,462,320,199,341,121,331,236,241,641,722,1491,282,479,108,523,466,79,261,510,333,103,366,175,402,484,313,525,185,330
84,60,33,12,54,17,47,23,18,31,66,71,116,33,36,41,55,126,55,6,44,59,32,24,48,15,53,25,30,77,91,202,35,52,21,66,48,7,38,62,55,8,44,28,45,59,31,77,24,40
332,239,110,50,259,66,291,73,82,125,247,331,530,197,148,154,208,496,255,44,79,290,175,112,185,69,181,138,132,335,406,774,156,264,55,256,230,27,138,300,165,50,218,93,228,265,185,304,99,206
543,440,226,81,558,104,482,160,168,225,443,597,918,333,281,296,373,911,462,59,290,270,316,196,335,134,353,243,215,634,757,1425,264,487,106,550,468,89,264,524,321,121,388,198,391,503,347,542,182,337
368,241,123,44,301,57,284,95,109,130,243,320,542,205,162,168,214,542,320,32,175,316,86,122,188,83,210,133,146,355,438,824,167,252,62,301,266,47,153,318,201,60,207,104,230,278,195,304,107,202
210,178,87,38,202,46,179,61,64,91,161,236,331,111,108,107,141,344,199,24,112,196,122,42,125,47,140,96,102,223,285,523,104,184,35,202,189,35,95,196,123,41,144,68,147,178,115,178,59,122
377,272,118,54,316,82,324,111,107,140,286,378,579,187,177,173,232,604,341,48,185,335,188,125,108,79,209,161,166,405,510,910,148,333,81,347,306,47,155,383,230,66,257,120,230,294,202,351,114,203
164,101,54,19,122,31,124,35,48,52,121,129,236,84,64,64,86,231,121,15,69,134,83,47,79,10,57,56,64,151,186,370,77,114,17,111,114,29,55,129,71,20,108,43,100,120,76,149,46,82
391,275,139,50,333,80,327,112,108,121,305,364,590,199,177,191,244,607,331,53,181,353,210,140,209,57,108,167,176,432,502,965,192,299,66,317,282,57,171,392,225,63,283,121,273,333,211,375,124,221
284,185,87,39,243,54,224,86,81,107,212,241,384,146,126,122,160,391,236,25,138,243,133,96,161,56,167,51,112,292,343,635,120,234,54,207,228,35,116,258,146,43,176,78,193,210,148,216,99,165
303,213,111,43,267,62,246,73,89,97,211,291,481,155,136,139,170,474,241,30,132,215,146,102,166,64,176,112,60,294,379,712,130,244,59,261,233,26,135,260,139,51,201,97,209,256,167,265,91,153
655,534,242,87,628,123,583,196,221,245,498,773,1169,391,291,315,485,1091,641,77,335,634,355,223,405,151,432,292,294,397,980,1777,344,588,150,699,544,92,348,684,431,133,487,244,456,604,377,674,220,402
693,663,320,120,805,174,721,232,274,307,651,869,1384,506,413,454,563,1345,722,91,406,757,438,285,510,186,502,343,379,980,565,2077,422,712,160,783,678,133,392,822,480,173,570,293,614,757,452,768,268,538
1175,1237,568,211,1422,275,1293,438,438,543,1120,1639,2457,930,726,803,1034,2424,1491,202,774,1425,824,523,910,370,965,635,712,1777,2077,1939,691,1257,302,1523,1322,269,721,1496,993,319,1040,537,1134,1315,906,1447,498,986
243,237,103,40,291,50,268,85,112,119,221,310,487,174,151,183,196,460,282,35,156,264,167,104,148,77,192,120,130,344,422,691,64,255,54,267,260,49,145,308,184,54,202,117,193,236,176,272,90,178
502,414,174,69,441,104,417,156,166,182,384,520,887,285,240,251,370,833,479,52,264,487,252,184,333,114,299,234,244,588,712,1257,255,177,95,472,404,86,262,504,319,92,336,154,380,428,282,499,168,321
98,85,42,19,105,24,100,27,24,36,77,125,215,64,49,58,91,206,108,21,55,106,62,35,81,17,66,54,59,150,160,302,54,95,9,107,93,16,59,105,65,25,89,49,80,92,72,129,42,70
516,463,243,93,554,123,523,168,175,237,451,586,934,349,249,303,381,942,523,66,256,550,301,202,347,111,317,207,261,699,783,1523,267,472,107,264,474,100,253,596,364,110,443,206,406,488,334,604,183,372
498,404,180,76,433,115,436,137,170,189,378,538,793,282,253,260,347,804,466,48,230,468,266,189,306,114,282,228,233,544,678,1322,260,404,93,474,198,81,235,524,304,99,357,182,370,434,320,476,163,345
80,87,25,13,96,20,77,22,30,34,72,100,145,44,47,37,61,119,79,7,27,89,47,35,47,29,57,35,26,92,133,269,49,86,16,100,81,8,30,97,56,22,81,24,61,81,42,86,28,48
260,229,104,50,276,58,235,66,79,109,214,267,466,168,146,153,169,461,261,38,138,264,153,95,155,55,171,116,135,348,392,721,145,262,59,253,235,30,58,234,172,57,207,95,196,208,149,252,109,197
444,466,215,102,531,115,472,170,167,206,458,597,963,363,297,286,382,944,510,62,300,524,318,196,383,129,392,258,260,684,822,1496,308,504,105,596,524,97,234,290,340,99,417,188,435,523,373,548,189,339
301,281,123,53,303,71,282,99,103,116,273,388,618,219,169,185,231,631,333,55,165,321,201,123,230,71,225,146,139,431,480,993,184,319,65,364,304,56,172,340,94,68,261,123,277,327,190,346,119,246
100,91,28,19,82,26,99,37,29,48,80,120,180,87,56,69,78,177,103,8,50,121,60,41,66,20,63,43,51,133,173,319,54,92,25,110,99,22,57,99,68,12,74,44,70,97,66,112,40,56
380,336,169,53,400,78,366,130,114,151,311,397,688,249,199,207,270,662,366,44,218,388,207,144,257,108,283,176,201,487,570,1040,202,336,89,443,357,81,207,417,261,74,136,169,310,353,241,371,136,269
191,144,78,29,173,40,176,64,60,92,171,214,353,117,92,107,132,343,175,28,93,198,104,68,120,43,121,78,97,244,293,537,117,154,49,206,182,24,95,188,123,44,169,39,129,186,103,193,77,121
432,354,157,67,369,86,393,130,121,182,346,439,704,241,203,208,276,724,402,45,228,391,230,147,230,100,273,193,209,456,614,1134,193,380,80,406,370,61,196,435,277,70,310,129,164,360,245,426,154,264
418,391,197,79,487,93,400,148,157,202,385,517,841,282,244,257,339,846,484,59,265,503,278,178,294,120,333,210,256,604,757,1315,236,428,92,488,434,81,208,523,327,97,353,186,360,234,265,475,156,294
332,254,106,60,307,76,310,97,84,131,248,364,621,199,173,168,265,581,313,31,185,347,195,115,202,76,211,148,167,377,452,906,176,282,72,334,320,42,149,373,190,66,241,103,245,265,111,330,130,189
509,464,195,88,537,123,519,155,153,226,462,554,876,356,255,298,371,889,525,77,304,542,304,178,351,149,375,216,265,674,768,1447,272,499,129,604,476,86,252,548,346,112,371,193,426,475,330,239,173,355
173,153,70,34,188,39,149,59,62,67,149,209,339,124,99,96,123,333,185,24,99,182,107,59,114,46,124,99,91,220,268,498,90,168,42,183,163,28,109,189,119,40,136,77,154,156,130,173,41,107
392,274,141,51,345,82,310,92,121,134,268,373,597,221,187,193,250,596,330,40,206,337,202,122,203,82,221,165,153,402,538,986,178,321,70,372,345,48,197,339,246,56,269,121,264,294,189,355,107,104
