287,427,205,91,510,102,443,164,170,258,466,519,850,361,334,344,392,842,498,75,300,528,353,236,419,134,341,288,312,628,731,1202,260,504,104,516,483,96,241,470,312,108,350,175,434,433,355,472,175,372
427,178,160,68,414,108,408,138,151,165,356,496,779,282,231,246,308,794,439,49,226,446,236,178,269,112,285,193,228,562,635,1240,227,432,118,426,383,63,219,455,276,94,366,172,349,396,264,453,180,294
205,160,40,37,222,43,191,71,59,75,171,255,373,122,109,108,139,367,210,18,98,209,127,67,114,52,133,90,78,233,316,602,108,184,48,218,196,28,110,216,117,47,177,73,155,195,125,206,83,127
91,68,37,4,82,13,79,30,30,46,86,86,136,64,53,50,60,134,73,9,54,79,53,35,42,27,61,37,55,102,113,228,45,70,16,90,68,14,45,78,46,22,74,36,64,74,55,64,28,63
510,414,222,82,271,122,515,159,167,211,422,576,912,314,283,305,378,962,472,57,311,490,307,210,352,129,339,253,274,627,771,1391,303,437,135,539,498,96,252,538,308,106,434,202,423,455,325,525,218,356
102,108,43,13,122,8,105,38,34,50,92,116,200,89,67,72,63,201,110,16,65,114,59,52,64,25,74,50,59,124,143,290,52,107,28,123,96,19,60,109,64,35,77,43,86,99,63,87,38,73
443,408,191,79,515,105,236,141,157,208,399,568,865,331,267,267,342,879,459,58,294,470,303,212,315,147,314,227,272,593,710,1340,246,467,115,448,462,79,235,520,310,114,350,170,361,441,302,474,172,342
164,138,71,30,159,38,141,39,49,69,120,163,261,109,92,91,108,285,153,13,80,161,84,62,95,37,106,85,66,190,216,440,95,156,33,157,128,22,80,166,96,30,117,49,125,141,93,150,51,102
170,151,59,30,167,34,157,49,23,77,138,178,288,118,82,90,122,286,159,26,88,166,105,68,97,40,110,82,85,209,235,446,76,151,31,185,162,31,80,178,108,40,125,62,139,169,108,191,62,114
258,165,75,46,211,50,208,69,77,50,184,231,342,139,115,121,134,364,218,26,109,215,106,88,143,60,147,95,103,253,290,526,91,198,58,234,215,39,96,215,134,37,172,77,186,180,154,197,75,170
466,356,171,86,422,92,399,120,138,184,177,507,777,288,247,264,303,721,424,44,245,439,247,167,269,106,289,202,205,503,639,1150,217,365,117,451,423,79,186,465,286,90,340,156,344,397,281,420,149,286
519,496,255,86,576,116,568,163,178,231,507,311,1029,379,287,298,380,1027,582,72,322,550,291,219,356,149,370,254,249,722,854,1622,325,530,126,580,544,101,267,588,375,121,443,229,445,498,354,583,198,359
850,779,373,136,912,200,865,261,288,342,777,1029,793,612,476,528,663,1454,870,127,513,933,479,354,586,242,619,437,455,1182,1361,2445,487,876,214,970,855,162,456,976,577,169,704,356,737,853,585,973,327,620
361,282,122,64,314,89,331,109,118,139,288,379,612,96,151,184,226,610,318,46,198,309,194,132,218,82,222,145,186,415,489,937,187,317,68,336,312,66,178,338,199,66,276,120,250,316,207,332,120,236
334,231,109,53,283,67,267,92,82,115,247,287,476,151,73,160,194,471,286,35,167,272,152,100,187,66,199,137,132,322,423,746,146,259,66,251,244,47,135,285,177,51,198,82,201,250,171,260,98,183
344,246,108,50,305,72,267,91,90,121,264,298,528,184,160,81,197,535,276,40,136,304,159,106,207,74,201,125,141,308,443,845,182,251,65,269,275,37,131,303,207,55,222,111,243,275,191,297,129,193
392,308,139,60,378,63,342,108,122,134,303,380,663,226,194,197,136,676,371,53,199,378,229,140,251,83,222,183,176,478,544,989,179,334,84,385,323,73,188,386,226,83,272,124,289,366,210,397,145,231
842,794,367,134,962,201,879,285,286,364,721,1027,1454,610,471,535,676,785,886,127,523,915,548,334,563,249,627,429,450,1139,1328,2457,502,890,218,950,871,144,461,969,612,195,675,357,710,811,626,956,318,614
498,439,210,73,472,110,459,153,159,218,424,582,870,318,286,276,371,886,250,64,301,449,311,222,339,131,332,209,241,603,771,1431,276,467,122,551,470,81,268,540,318,91,391,168,405,470,314,550,206,348
75,49,18,9,57,16,58,13,26,26,44,72,127,46,35,40,53,127,64,5,34,68,39,23,34,13,33,23,26,74,92,176,47,48,19,68,56,9,24,57,34,6,58,24,46,64,46,66,31,37
300,226,98,54,311,65,294,80,88,109,245,322,513,198,167,136,199,523,301,34,57,336,180,117,181,91,173,128,128,339,450,816,180,252,77,295,277,59,149,296,182,56,197,96,260,259,182,296,131,184
528,446,209,79,490,114,470,161,166,215,439,550,933,309,272,304,378,915,449,68,336,253,314,207,350,125,347,226,243,613,784,1396,302,450,116,514,491,76,288,556,308,100,378,182,410,486,301,561,192,346
353,236,127,53,307,59,303,84,105,106,247,291,479,194,152,159,229,548,311,39,180,314,78,101,188,70,189,146,140,404,472,797,147,276,76,316,298,43,141,337,192,61,238,108,233,285,163,337,109,188
236,178,67,35,210,52,212,62,68,88,167,219,354,132,100,106,140,334,222,23,117,207,101,43,134,50,126,101,97,243,311,541,107,186,44,207,181,33,89,208,133,42,162,80,165,184,131,218,71,138
419,269,114,42,352,64,315,95,97,143,269,356,586,218,187,207,251,563,339,34,181,350,188,134,98,82,217,158,170,430,511,908,164,307,67,367,277,54,175,371,209,70,285,117,264,300,196,357,135,239
134,112,52,27,129,25,147,37,40,60,106,149,242,82,66,74,83,249,131,13,91,125,70,50,82,13,64,67,66,163,189,333,70,131,29,104,104,10,60,151,97,34,118,56,120,105,81,158,60,74
341,285,133,61,339,74,314,106,110,147,289,370,619,222,199,201,222,627,332,33,173,347,189,126,217,64,108,154,157,409,482,971,179,309,76,329,301,58,157,353,213,67,272,123,283,330,230,411,142,233
288,193,90,37,253,50,227,85,82,95,202,254,437,145,137,125,183,429,209,23,128,226,146,101,158,67,154,47,107,283,353,670,139,211,58,220,234,43,143,238,155,43,184,90,204,201,153,228,98,168
312,228,78,55,274,59,272,66,85,103,205,249,455,186,132,141,176,450,241,26,128,243,140,97,170,66,157,107,52,324,392,706,140,241,47,253,246,36,118,290,183,44,201,102,208,265,168,292,103,157
628,562,233,102,627,124,593,190,209,253,503,722,1182,415,322,308,478,1139,603,74,339,613,404,243,430,163,409,283,324,365,939,1934,382,612,181,673,572,78,320,633,405,127,458,257,530,579,419,676,261,420
731,635,316,113,771,143,710,216,235,290,639,854,1361,489,423,443,544,1328,771,92,450,784,472,311,511,189,482,353,392,939,545,2098,393,704,176,813,706,137,379,822,499,159,553,308,646,693,488,809,317,536
1202,1240,602,228,1391,290,1340,440,446,526,1150,1622,2445,937,746,845,989,2457,1431,176,816,1396,797,541,908,333,971,670,706,1934,2098,1865,730,1290,365,1504,1307,247,690,1545,951,312,1051,545,1137,1270,952,1423,491,958
260,227,108,45,303,52,246,95,76,91,217,325,487,187,146,182,179,502,276,47,180,302,147,107,164,70,179,139,140,382,393,730,61,276,79,279,266,52,132,317,158,56,187,104,227,247,187,302,107,183
504,432,184,70,437,107,467,156,151,198,365,530,876,317,259,251,334,890,467,48,252,450,276,186,307,131,309,211,241,612,704,1290,276,206,115,515,442,87,240,475,279,87,389,177,381,424,311,479,172,333
104,118,48,16,135,28,115,33,31,58,117,126,214,68,66,65,84,218,122,19,77,116,76,44,67,29,76,58,47,181,176,365,79,115,12,130,101,17,57,131,72,25,81,60,82,97,74,108,48,79
516,426,218,90,539,123,448,157,185,234,451,580,970,336,251,269,385,950,551,68,295,514,316,207,367,104,329,220,253,673,813,1504,279,515,130,261,497,76,274,528,320,107,410,193,389,540,333,556,209,370
483,383,196,68,498,96,462,128,162,215,423,544,855,312,244,275,323,871,470,56,277,491,298,181,277,104,301,234,246,572,706,1307,266,442,101,497,205,92,210,490,311,111,362,199,371,423,285,477,164,323
96,63,28,14,96,19,79,22,31,39,79,101,162,66,47,37,73,144,81,9,59,76,43,33,54,10,58,43,36,78,137,247,52,87,17,76,92,8,39,87,50,22,53,32,71,77,52,82,39,70
241,219,110,45,252,60,235,80,80,96,186,267,456,178,135,131,188,461,268,24,149,288,141,89,175,60,157,143,118,320,379,690,132,240,57,274,210,39,63,273,180,48,193,111,205,240,169,275,86,193
470,455,216,78,538,109,520,166,178,215,465,588,976,338,285,303,386,969,540,57,296,556,337,208,371,151,353,238,290,633,822,1545,317,475,131,528,490,87,273,297,357,115,399,228,412,511,377,553,204,363
312,276,117,46,308,64,310,96,108,134,286,375,577,199,177,207,226,612,318,34,182,308,192,133,209,97,213,155,183,405,499,951,158,279,72,320,311,50,180,357,115,55,282,139,259,300,204,347,134,209
108,94,47,22,106,35,114,30,40,37,90,121,169,66,51,55,83,195,91,6,56,100,61,42,70,34,67,43,44,127,159,312,56,87,25,107,111,22,48,115,55,7,76,37,82,102,72,115,36,73
350,366,177,74,434,77,350,117,125,172,340,443,704,276,198,222,272,675,391,58,197,378,238,162,285,118,272,184,201,458,553,1051,187,389,81,410,362,53,193,399,282,76,146,148,297,364,268,391,142,253
175,172,73,36,202,43,170,49,62,77,156,229,356,120,82,111,124,357,168,24,96,182,108,80,117,56,123,90,102,257,308,545,104,177,60,193,199,32,111,228,139,37,148,33,138,172,138,202,67,119
434,349,155,64,423,86,361,125,139,186,344,445,737,250,201,243,289,710,405,46,260,410,233,165,264,120,283,204,208,530,646,1137,227,381,82,389,371,71,205,412,259,82,297,138,157,381,264,391,147,295
433,396,195,74,455,99,441,141,169,180,397,498,853,316,250,275,366,811,470,64,259,486,285,184,300,105,330,201,265,579,693,1270,247,424,97,540,423,77,240,511,300,102,364,172,381,194,294,489,176,311
355,264,125,55,325,63,302,93,108,154,281,354,585,207,171,191,210,626,314,46,182,301,163,131,196,81,230,153,168,419,488,952,187,311,74,333,285,52,169,377,204,72,268,138,264,294,99,345,131,213
472,453,206,64,525,87,474,150,191,197,420,583,973,332,260,297,397,956,550,66,296,561,337,218,357,158,411,228,292,676,809,1423,302,479,108,556,477,82,275,553,347,115,391,202,391,489,345,285,172,373
175,180,83,28,218,38,172,51,62,75,149,198,327,120,98,129,145,318,206,31,131,192,109,71,135,60,142,98,103,261,317,491,107,172,48,209,164,39,86,204,134,36,142,67,147,176,131,172,31,123
372,294,127,63,356,73,342,102,114,170,286,359,620,236,183,193,231,614,348,37,184,346,188,138,239,74,233,168,157,420,536,958,183,333,79,370,323,70,193,363,209,73,253,119,295,311,213,373,123,111
