269,454,242,79,513,87,444,181,169,249,459,562,773,388,327,350,391,761,517,63,325,511,349,223,384,148,367,276,280,595,719,1152,244,466,107,548,469,81,250,470,308,105,349,200,413,432,315,488,178,385
454,203,165,75,472,96,440,118,155,189,374,467,780,285,217,243,297,806,450,57,252,449,250,179,281,113,314,210,226,565,627,1254,270,407,98,434,440,75,217,447,313,100,315,150,338,408,254,442,166,297
242,165,30,31,210,32,183,65,63,88,175,220,358,122,113,139,147,367,198,34,108,226,112,83,128,35,124,83,102,260,326,541,119,182,44,201,183,31,102,211,130,37,154,93,153,183,119,202,72,146
79,75,31,5,102,13,84,34,22,37,74,92,148,70,37,58,61,159,84,8,64,90,39,37,59,26,62,43,58,104,116,235,34,86,25,79,86,18,46,82,71,17,70,26,70,72,53,90,32,60
513,472,210,102,224,120,478,153,166,200,434,600,909,313,287,280,379,901,538,57,259,508,295,193,353,121,359,231,263,622,800,1422,281,457,112,522,459,98,255,569,321,118,402,199,415,491,316,479,193,358
87,96,32,13,120,8,88,41,30,40,88,124,194,76,56,77,79,207,114,17,74,118,65,33,81,30,84,64,60,142,150,308,62,112,30,110,113,21,61,108,72,24,85,35,101,98,71,121,50,76
444,440,183,84,478,88,238,156,165,184,395,538,826,301,252,301,357,858,518,51,293,488,283,190,336,128,323,233,239,596,718,1361,262,436,103,486,445,90,252,541,322,89,370,174,386,427,302,502,174,300
181,118,65,34,153,41,156,18,49,64,144,174,292,102,84,86,106,266,133,24,69,137,100,57,97,32,81,74,64,211,217,437,84,142,39,166,158,29,56,163,94,33,124,58,107,147,101,150,71,100
169,155,63,22,166,30,165,49,35,72,129,195,300,106,96,73,108,290,174,22,76,153,106,67,118,40,95,88,86,214,242,466,99,137,43,160,162,21,74,178,102,34,139,64,145,137,115,168,69,121
249,189,88,37,200,40,184,64,72,38,171,235,351,142,106,131,139,365,210,22,132,209,115,72,120,73,147,120,104,241,297,548,113,194,42,216,202,34,107,229,147,50,157,84,153,176,122,209,63,144
459,374,175,74,434,88,395,144,129,171,192,503,782,275,223,253,285,766,435,59,257,426,269,172,273,132,296,214,235,536,606,1140,236,396,85,441,395,65,221,477,264,92,347,175,331,416,245,461,155,320
562,467,220,92,600,124,538,174,195,235,503,311,1044,360,280,305,420,1037,591,84,302,577,333,232,362,140,396,266,283,718,887,1624,326,561,135,632,512,104,272,573,359,121,449,210,454,515,374,644,231,398
773,780,358,148,909,194,826,292,300,351,782,1044,835,583,462,507,626,1508,942,127,488,952,547,375,620,249,656,425,447,1167,1361,2414,488,844,218,997,817,146,481,976,630,203,684,368,739,832,605,971,336,563
388,285,122,70,313,76,301,102,106,142,275,360,583,98,178,208,232,576,338,38,177,325,192,123,214,74,210,150,172,386,473,941,168,308,75,351,298,54,170,321,209,71,222,115,241,286,211,342,119,231
327,217,113,37,287,56,252,84,96,106,223,280,462,178,67,136,190,468,266,48,136,292,161,96,174,65,182,118,135,352,415,705,131,258,50,247,238,48,143,281,171,55,194,90,207,234,181,293,84,175
350,243,139,58,280,77,301,86,73,131,253,305,507,208,136,84,184,509,276,53,168,308,165,111,205,74,211,131,130,364,446,814,149,286,58,278,272,39,152,333,185,53,238,92,249,264,215,327,100,184
391,297,147,61,379,79,357,106,108,139,285,420,626,232,190,184,146,623,364,37,206,368,217,133,227,92,234,160,190,434,550,967,191,342,81,421,331,64,183,386,236,82,274,139,290,358,251,375,134,257
761,806,367,159,901,207,858,266,290,365,766,1037,1508,576,468,509,623,843,898,116,483,933,553,383,632,264,677,387,454,1194,1409,2515,495,862,208,978,815,147,428,955,572,191,667,362,758,810,610,952,326,578
517,450,198,84,538,114,518,133,174,210,435,591,942,338,266,276,364,898,214,88,302,478,320,209,335,115,317,256,223,626,740,1451,314,499,113,556,492,82,250,547,290,91,398,184,415,498,304,526,209,333
63,57,34,8,57,17,51,24,22,22,59,84,127,38,48,53,37,116,88,4,33,78,32,25,34,12,33,29,25,83,90,200,31,58,17,73,48,15,42,84,49,15,62,23,40,81,35,63,22,49
325,252,108,64,259,74,293,69,76,132,257,302,488,177,136,168,206,483,302,33,72,310,157,116,166,57,170,128,135,354,399,766,151,286,65,292,286,48,143,303,172,56,207,111,223,239,153,287,109,179
511,449,226,90,508,118,488,137,153,209,426,577,952,325,292,308,368,933,478,78,310,252,332,215,366,114,331,248,268,638,747,1427,280,474,114,541,452,93,264,584,312,107,366,187,440,505,309,511,199,342
349,250,112,39,295,65,283,100,106,115,269,333,547,192,161,165,217,553,320,32,157,332,100,116,215,79,206,157,154,386,455,844,155,301,63,285,258,51,155,298,181,48,204,115,254,274,191,307,100,195
223,179,83,37,193,33,190,57,67,72,172,232,375,123,96,111,133,383,209,25,116,215,116,37,138,46,133,107,116,241,278,593,104,183,40,209,183,32,104,189,130,53,150,84,161,154,138,219,78,133
384,281,128,59,353,81,336,97,118,120,273,362,620,214,174,205,227,632,335,34,166,366,215,138,123,86,215,159,169,412,522,982,210,309,59,335,319,51,165,349,199,73,260,127,253,316,233,377,120,221
148,113,35,26,121,30,128,32,40,73,132,140,249,74,65,74,92,264,115,12,57,114,79,46,86,20,85,58,65,164,180,360,68,113,18,126,120,14,57,134,83,28,94,57,104,112,84,146,40,93
367,314,124,62,359,84,323,81,95,147,296,396,656,210,182,211,234,677,317,33,170,331,206,133,215,85,115,174,168,410,468,966,187,317,57,371,339,46,171,368,224,72,238,118,282,325,206,366,127,229
276,210,83,43,231,64,233,74,88,120,214,266,425,150,118,131,160,387,256,29,128,248,157,107,159,58,174,60,98,287,332,651,132,214,51,221,224,38,119,239,156,48,200,76,190,214,156,239,86,194
280,226,102,58,263,60,239,64,86,104,235,283,447,172,135,130,190,454,223,25,135,268,154,116,169,65,168,98,72,308,357,723,136,226,53,243,227,42,135,273,149,39,191,86,215,230,172,277,89,191
595,565,260,104,622,142,596,211,214,241,536,718,1167,386,352,364,434,1194,626,83,354,638,386,241,412,164,410,287,308,406,948,1761,356,594,158,682,588,114,309,672,415,110,454,247,523,581,384,646,257,390
719,627,326,116,800,150,718,217,242,297,606,887,1361,473,415,446,550,1409,740,90,399,747,455,278,522,180,468,332,357,948,568,2126,438,721,185,841,676,135,398,801,472,152,560,273,596,677,479,768,279,478
1152,1254,541,235,1422,308,1361,437,466,548,1140,1624,2414,941,705,814,967,2515,1451,200,766,1427,844,593,982,360,966,651,723,1761,2126,1928,735,1295,289,1576,1326,240,735,1481,947,273,1067,532,1099,1256,941,1401,488,915
244,270,119,34,281,62,262,84,99,113,236,326,488,168,131,149,191,495,314,31,151,280,155,104,210,68,187,132,136,356,438,735,65,244,52,283,251,40,146,290,195,59,200,98,234,224,172,271,86,174
466,407,182,86,457,112,436,142,137,194,396,561,844,308,258,286,342,862,499,58,286,474,301,183,309,113,317,214,226,594,721,1295,244,224,112,460,472,68,228,517,276,90,392,179,366,436,326,483,180,327
107,98,44,25,112,30,103,39,43,42,85,135,218,75,50,58,81,208,113,17,65,114,63,40,59,18,57,51,53,158,185,289,52,112,10,123,107,12,51,112,69,22,95,40,82,91,66,121,41,76
548,434,201,79,522,110,486,166,160,216,441,632,997,351,247,278,421,978,556,73,292,541,285,209,335,126,371,221,243,682,841,1576,283,460,123,298,488,83,280,604,405,117,437,225,407,482,342,572,201,386
469,440,183,86,459,113,445,158,162,202,395,512,817,298,238,272,331,815,492,48,286,452,258,183,319,120,339,224,227,588,676,1326,251,472,107,488,207,77,244,521,315,101,340,188,394,419,323,475,162,337
81,75,31,18,98,21,90,29,21,34,65,104,146,54,48,39,64,147,82,15,48,93,51,32,51,14,46,38,42,114,135,240,40,68,12,83,77,7,36,89,56,12,62,33,60,81,60,103,36,51
250,217,102,46,255,61,252,56,74,107,221,272,481,170,143,152,183,428,250,42,143,264,155,104,165,57,171,119,135,309,398,735,146,228,51,280,244,36,50,269,169,50,192,89,187,256,167,252,91,170
470,447,211,82,569,108,541,163,178,229,477,573,976,321,281,333,386,955,547,84,303,584,298,189,349,134,368,239,273,672,801,1481,290,517,112,604,521,89,269,271,321,112,414,225,435,496,300,540,192,359
308,313,130,71,321,72,322,94,102,147,264,359,630,209,171,185,236,572,290,49,172,312,181,130,199,83,224,156,149,415,472,947,195,276,69,405,315,56,169,321,109,76,271,131,233,302,171,319,135,229
105,100,37,17,118,24,89,33,34,50,92,121,203,71,55,53,82,191,91,15,56,107,48,53,73,28,72,48,39,110,152,273,59,90,22,117,101,12,50,112,76,8,80,28,94,110,67,96,45,66
349,315,154,70,402,85,370,124,139,157,347,449,684,222,194,238,274,667,398,62,207,366,204,150,260,94,238,200,191,454,560,1067,200,392,95,437,340,62,192,414,271,80,150,157,312,358,224,389,149,274
200,150,93,26,199,35,174,58,64,84,175,210,368,115,90,92,139,362,184,23,111,187,115,84,127,57,118,76,86,247,273,532,98,179,40,225,188,33,89,225,131,28,157,37,145,183,127,197,75,111
413,338,153,70,415,101,386,107,145,153,331,454,739,241,207,249,290,758,415,40,223,440,254,161,253,104,282,190,215,523,596,1099,234,366,82,407,394,60,187,435,233,94,312,145,150,362,296,421,145,272
432,408,183,72,491,98,427,147,137,176,416,515,832,286,234,264,358,810,498,81,239,505,274,154,316,112,325,214,230,581,677,1256,224,436,91,482,419,81,256,496,302,110,358,183,362,215,267,503,158,294
315,254,119,53,316,71,302,101,115,122,245,374,605,211,181,215,251,610,304,35,153,309,191,138,233,84,206,156,172,384,479,941,172,326,66,342,323,60,167,300,171,67,224,127,296,267,102,326,142,212
488,442,202,90,479,121,502,150,168,209,461,644,971,342,293,327,375,952,526,63,287,511,307,219,377,146,366,239,277,646,768,1401,271,483,121,572,475,103,252,540,319,96,389,197,421,503,326,265,198,339
178,166,72,32,193,50,174,71,69,63,155,231,336,119,84,100,134,326,209,22,109,199,100,78,120,40,127,86,89,257,279,488,86,180,41,201,162,36,91,192,135,45,149,75,145,158,142,198,33,120
385,297,146,60,358,76,300,100,121,144,320,398,563,231,175,184,257,578,333,49,179,342,195,133,221,93,229,194,191,390,478,915,174,327,76,386,337,51,170,359,229,66,274,111,272,294,212,339,120,138
