235,432,204,87,518,101,489,189,180,249,466,493,860,384,319,332,361,771,506,70,333,504,351,201,340,133,374,249,333,600,685,1185,259,471,95,457,502,92,250,456,301,117,371,191,427,444,326,474,176,389
432,173,184,92,459,102,399,122,139,172,338,472,833,284,225,229,342,811,466,59,250,438,270,150,261,103,286,189,208,551,649,1236,242,383,91,388,407,65,227,455,273,94,350,145,321,400,254,464,163,292
204,184,34,35,180,54,198,57,60,68,150,216,345,112,80,100,154,393,194,25,95,194,105,71,132,58,146,99,89,264,301,549,101,173,41,203,198,28,105,202,145,41,190,71,136,190,125,207,73,151
87,92,35,4,94,14,76,25,23,34,68,92,137,52,51,44,49,117,81,9,49,84,45,32,69,29,62,43,41,101,111,212,51,89,25,84,85,13,47,79,48,18,53,36,78,71,61,85,35,50
518,459,180,94,259,109,474,148,143,204,416,527,893,329,272,306,353,932,520,50,294,514,298,222,341,140,387,238,273,647,710,1377,269,472,129,520,476,91,245,535,325,101,367,188,406,474,311,486,175,326
101,102,54,14,109,9,107,25,29,43,89,134,186,69,79,65,59,170,110,12,60,111,70,53,84,34,73,53,54,135,159,282,63,110,30,107,119,15,63,106,66,27,76,49,108,96,68,116,38,78
489,399,198,76,474,107,221,152,154,209,374,532,862,280,292,284,349,821,442,56,248,474,300,185,322,126,298,219,241,601,715,1262,258,458,105,553,499,91,251,472,316,85,351,177,371,423,288,498,184,337
189,122,57,25,148,25,152,27,63,57,129,175,308,105,73,79,123,256,150,23,72,185,89,48,95,42,82,72,82,165,243,441,93,137,39,163,140,25,85,177,96,39,107,57,131,162,98,168,76,102
180,139,60,23,143,29,154,63,30,72,144,188,305,115,82,105,130,286,150,15,97,179,106,71,121,38,121,71,85,190,236,458,88,167,38,176,155,27,90,166,113,37,137,61,144,157,119,200,66,121
249,172,68,34,204,43,209,57,72,53,169,234,385,145,118,124,129,347,199,20,141,203,123,72,140,51,158,95,113,257,309,560,109,201,52,219,213,47,119,222,128,35,184,76,162,181,126,237,66,139
466,338,150,68,416,89,374,129,144,169,159,451,772,268,224,264,281,732,420,47,253,427,275,166,278,91,312,197,219,502,626,1130,194,379,100,441,413,75,218,470,287,72,326,167,332,353,222,429,151,307
493,472,216,92,527,134,532,175,188,234,451,292,1031,366,288,300,394,1029,587,81,311,573,306,247,408,119,351,264,257,690,803,1537,308,496,118,583,513,87,280,621,362,131,453,216,455,496,342,561,194,351
860,833,345,137,893,186,862,308,305,385,772,1031,816,594,453,502,641,1430,925,119,535,926,514,358,632,239,622,442,467,1136,1344,2440,462,845,206,960,836,141,438,997,591,214,700,356,716,842,525,883,330,642
384,284,112,52,329,69,280,105,115,145,268,366,594,98,176,185,253,592,330,33,172,327,216,118,240,75,216,141,157,448,496,954,192,306,66,341,334,53,155,335,208,58,277,140,281,336,197,340,124,236
319,225,80,51,272,79,292,73,82,118,224,288,453,176,76,147,184,446,244,37,149,274,146,99,174,65,151,130,127,313,408,734,157,253,54,265,252,40,121,278,170,45,234,112,215,263,159,294,93,197
332,229,100,44,306,65,284,79,105,124,264,300,502,185,147,81,214,510,271,30,177,294,164,104,181,68,175,150,130,324,446,823,172,278,58,310,272,46,149,304,179,61,241,114,223,261,179,302,101,195
361,342,154,49,353,59,349,123,130,129,281,394,641,253,184,214,131,624,356,29,210,376,234,125,259,101,257,178,197,441,590,1023,228,329,71,375,333,63,187,403,227,82,263,141,312,357,251,383,152,234
771,811,393,117,932,170,821,256,286,347,732,1029,1430,592,446,510,624,755,903,126,515,909,493,354,600,250,645,463,449,1085,1292,2400,477,858,199,982,818,150,424,971,577,185,677,346,699,837,548,884,319,597
506,466,194,81,520,110,442,150,150,199,420,587,925,330,244,271,356,903,243,57,274,473,289,198,343,116,321,205,262,634,731,1404,266,473,113,498,472,84,245,513,320,101,378,184,447,520,315,523,197,357
70,59,25,9,50,12,56,23,15,20,47,81,119,33,37,30,29,126,57,3,27,63,34,33,41,24,56,28,29,70,79,179,35,50,20,59,61,13,32,63,39,17,41,22,56,60,32,53,24,29
333,250,95,49,294,60,248,72,97,141,253,311,535,172,149,177,210,515,274,27,71,291,160,130,177,58,172,127,141,346,439,789,174,248,69,272,248,47,145,286,169,51,218,119,222,266,155,335,101,215
504,438,194,84,514,111,474,185,179,203,427,573,926,327,274,294,376,909,473,63,291,242,319,186,313,136,336,248,270,658,772,1377,276,490,128,509,468,84,269,541,327,111,375,204,395,462,349,510,196,368
351,270,105,45,298,70,300,89,106,123,275,306,514,216,146,164,234,493,289,34,160,319,85,125,197,78,188,151,162,368,459,872,160,298,64,307,287,49,151,329,173,60,241,132,229,264,179,322,97,225
201,150,71,32,222,53,185,48,71,72,166,247,358,118,99,104,125,354,198,33,130,186,125,28,121,43,126,77,95,267,295,601,121,201,47,210,181,32,104,211,119,32,142,78,141,192,122,184,76,137
340,261,132,69,341,84,322,95,121,140,278,408,632,240,174,181,259,600,343,41,177,313,197,121,101,78,215,149,155,393,504,915,177,301,78,339,336,55,165,359,233,54,278,127,218,293,183,360,124,238
133,103,58,29,140,34,126,42,38,51,91,119,239,75,65,68,101,250,116,24,58,136,78,43,78,9,70,61,72,159,203,401,72,127,27,127,110,26,77,124,78,26,96,54,100,129,78,142,52,92
374,286,146,62,387,73,298,82,121,158,312,351,622,216,151,175,257,645,321,56,172,336,188,126,215,70,104,152,159,405,506,966,169,312,84,320,303,66,163,373,215,53,292,129,253,310,172,364,132,253
249,189,99,43,238,53,219,72,71,95,197,264,442,141,130,150,178,463,205,28,127,248,151,77,149,61,152,54,125,263,364,634,144,192,43,231,209,34,125,279,150,44,177,99,172,224,149,253,93,178
333,208,89,41,273,54,241,82,85,113,219,257,467,157,127,130,197,449,262,29,141,270,162,95,155,72,159,125,60,330,398,711,137,254,65,260,246,51,139,274,185,51,185,105,179,252,144,290,107,179
600,551,264,101,647,135,601,165,190,257,502,690,1136,448,313,324,441,1085,634,70,346,658,368,267,393,159,405,263,330,378,902,1781,355,561,142,660,572,107,291,677,450,126,475,235,512,618,372,658,245,412
685,649,301,111,710,159,715,243,236,309,626,803,1344,496,408,446,590,1292,731,79,439,772,459,295,504,203,506,364,398,902,567,2017,405,679,164,808,723,125,392,752,498,153,609,302,611,678,457,805,290,522
1185,1236,549,212,1377,282,1262,441,458,560,1130,1537,2440,954,734,823,1023,2400,1404,179,789,1377,872,601,915,401,966,634,711,1781,2017,1880,683,1224,310,1450,1274,220,690,1377,893,293,1032,554,1087,1248,875,1340,520,945
259,242,101,51,269,63,258,93,88,109,194,308,462,192,157,172,228,477,266,35,174,276,160,121,177,72,169,144,137,355,405,683,70,261,66,296,286,46,139,284,173,52,229,112,217,258,177,277,102,213
471,383,173,89,472,110,458,137,167,201,379,496,845,306,253,278,329,858,473,50,248,490,298,201,301,127,312,192,254,561,679,1224,261,234,113,493,449,70,216,504,302,106,370,165,391,419,281,482,160,365
95,91,41,25,129,30,105,39,38,52,100,118,206,66,54,58,71,199,113,20,69,128,64,47,78,27,84,43,65,142,164,310,66,113,10,120,105,24,60,125,81,21,98,42,93,127,72,117,39,76
457,388,203,84,520,107,553,163,176,219,441,583,960,341,265,310,375,982,498,59,272,509,307,210,339,127,320,231,260,660,808,1450,296,493,120,292,485,96,256,536,334,105,414,201,435,476,323,561,210,336
502,407,198,85,476,119,499,140,155,213,413,513,836,334,252,272,333,818,472,61,248,468,287,181,336,110,303,209,246,572,723,1274,286,449,105,485,224,83,233,559,306,102,320,183,392,431,289,472,178,345
92,65,28,13,91,15,91,25,27,47,75,87,141,53,40,46,63,150,84,13,47,84,49,32,55,26,66,34,51,107,125,220,46,70,24,96,83,3,34,90,49,20,56,41,65,70,65,101,33,63
250,227,105,47,245,63,251,85,90,119,218,280,438,155,121,149,187,424,245,32,145,269,151,104,165,77,163,125,139,291,392,690,139,216,60,256,233,34,60,275,154,61,165,95,206,254,162,253,101,170
456,455,202,79,535,106,472,177,166,222,470,621,997,335,278,304,403,971,513,63,286,541,329,211,359,124,373,279,274,677,752,1377,284,504,125,536,559,90,275,281,322,99,416,191,424,483,340,516,179,363
301,273,145,48,325,66,316,96,113,128,287,362,591,208,170,179,227,577,320,39,169,327,173,119,233,78,215,150,185,450,498,893,173,302,81,334,306,49,154,322,111,66,232,129,273,297,221,327,108,228
117,94,41,18,101,27,85,39,37,35,72,131,214,58,45,61,82,185,101,17,51,111,60,32,54,26,53,44,51,126,153,293,52,106,21,105,102,20,61,99,66,9,80,37,74,95,53,104,38,70
371,350,190,53,367,76,351,107,137,184,326,453,700,277,234,241,263,677,378,41,218,375,241,142,278,96,292,177,185,475,609,1032,229,370,98,414,320,56,165,416,232,80,144,151,297,344,245,387,149,260
191,145,71,36,188,49,177,57,61,76,167,216,356,140,112,114,141,346,184,22,119,204,132,78,127,54,129,99,105,235,302,554,112,165,42,201,183,41,95,191,129,37,151,27,168,163,112,178,70,127
427,321,136,78,406,108,371,131,144,162,332,455,716,281,215,223,312,699,447,56,222,395,229,141,218,100,253,172,179,512,611,1087,217,391,93,435,392,65,206,424,273,74,297,168,160,377,235,414,134,289
444,400,190,71,474,96,423,162,157,181,353,496,842,336,263,261,357,837,520,60,266,462,264,192,293,129,310,224,252,618,678,1248,258,419,127,476,431,70,254,483,297,95,344,163,377,206,273,466,167,332
326,254,125,61,311,68,288,98,119,126,222,342,525,197,159,179,251,548,315,32,155,349,179,122,183,78,172,149,144,372,457,875,177,281,72,323,289,65,162,340,221,53,245,112,235,273,88,335,118,218
474,464,207,85,486,116,498,168,200,237,429,561,883,340,294,302,383,884,523,53,335,510,322,184,360,142,364,253,290,658,805,1340,277,482,117,561,472,101,253,516,327,104,387,178,414,466,335,242,174,337
176,163,73,35,175,38,184,76,66,66,151,194,330,124,93,101,152,319,197,24,101,196,97,76,124,52,132,93,107,245,290,520,102,160,39,210,178,33,101,179,108,38,149,70,134,167,118,174,27,121
389,292,151,50,326,78,337,102,121,139,307,351,642,236,197,195,234,597,357,29,215,368,225,137,238,92,253,178,179,412,522,945,213,365,76,336,345,63,170,363,228,70,260,127,289,332,218,337,121,118
