270,443,205,99,506,102,493,178,167,239,432,545,787,393,341,315,332,823,484,68,333,530,346,221,408,158,389,287,310,604,658,1184,248,483,115,494,478,85,231,480,302,108,337,184,459,423,332,476,184,392
443,168,152,79,427,98,429,136,127,166,365,445,734,311,209,234,346,758,439,49,251,467,241,193,253,111,270,198,203,545,636,1215,219,423,87,473,422,72,225,467,296,73,359,155,361,365,243,471,145,305
205,152,41,40,201,57,211,54,71,88,179,217,390,118,104,93,144,359,194,24,104,221,95,76,134,41,119,76,83,258,308,550,129,186,39,208,200,37,100,220,109,39,148,60,144,170,113,192,72,132
99,79,40,7,84,21,92,25,38,32,71,91,136,62,57,46,57,139,92,6,67,106,61,38,66,25,71,38,63,105,106,214,44,72,22,87,73,12,39,73,48,18,65,30,82,59,55,81,35,51
506,427,201,84,244,115,490,139,170,179,416,579,904,347,279,287,362,912,518,64,292,576,296,191,340,135,354,209,258,658,775,1396,261,494,116,524,489,96,261,550,368,103,396,185,438,463,317,526,178,331
102,98,57,21,115,15,115,33,46,52,98,145,173,87,56,59,84,187,115,11,74,130,79,52,77,39,91,58,77,140,138,266,52,98,25,111,107,17,55,111,66,22,88,46,101,86,72,111,35,73
493,429,211,92,490,115,238,162,164,206,437,550,824,304,261,287,353,831,523,70,292,504,309,187,317,128,334,223,267,630,706,1288,269,442,110,531,437,95,253,519,302,100,380,169,378,436,308,505,186,322
178,136,54,25,139,33,162,24,49,59,135,160,269,104,88,78,129,296,155,14,87,146,102,42,97,41,97,72,83,184,224,433,88,148,33,167,135,16,69,145,108,36,116,70,112,143,89,169,60,95
167,127,71,38,170,46,164,49,29,67,129,207,290,98,78,85,122,320,160,22,96,162,96,58,114,40,124,68,75,199,256,487,94,155,32,167,164,21,75,170,89,37,143,60,134,122,108,185,52,128
239,166,88,32,179,52,206,59,67,44,164,238,387,154,116,131,147,410,237,27,110,214,136,80,127,54,132,87,120,251,294,566,124,186,46,222,184,34,109,204,148,48,156,91,174,180,118,221,82,133
432,365,179,71,416,98,437,135,129,164,169,478,737,290,208,248,303,780,437,63,230,441,257,189,301,122,299,201,237,515,636,1124,209,370,101,449,392,78,224,421,294,83,330,154,369,386,252,408,162,293
545,445,217,91,579,145,550,160,207,238,478,308,961,366,278,338,446,963,542,67,262,571,342,233,371,154,370,269,282,698,847,1537,304,562,131,622,496,86,300,557,390,111,419,232,454,504,352,588,210,359
787,734,390,136,904,173,824,269,290,387,737,961,766,619,466,519,620,1490,906,114,489,946,529,352,613,224,635,431,424,1105,1282,2423,460,810,217,939,804,140,429,975,601,186,614,353,738,802,587,905,309,575
393,311,118,62,347,87,304,104,98,154,290,366,619,101,174,177,259,625,357,41,198,342,203,113,226,81,204,156,156,404,484,937,187,310,69,368,291,55,161,323,202,65,246,111,268,301,214,357,138,237
341,209,104,57,279,56,261,88,78,116,208,278,466,174,78,134,185,464,296,38,156,283,173,108,183,68,169,116,139,327,410,716,135,245,49,291,220,42,165,247,151,60,197,89,224,229,152,275,91,190
315,234,93,46,287,59,287,78,85,131,248,338,519,177,134,75,187,533,299,34,144,313,184,121,194,87,202,125,146,347,450,827,168,262,50,283,278,55,163,289,193,63,203,103,218,278,167,316,114,174
332,346,144,57,362,84,353,129,122,147,303,446,620,259,185,187,123,611,364,42,228,375,225,145,245,94,245,181,159,464,506,959,208,301,80,358,351,60,188,384,221,83,264,144,298,332,253,380,138,252
823,758,359,139,912,187,831,296,320,410,780,963,1490,625,464,533,611,818,905,106,518,934,492,362,605,227,631,416,447,1090,1375,2468,509,792,213,960,816,148,454,935,603,191,639,363,737,808,566,890,318,574
484,439,194,92,518,115,523,155,160,237,437,542,906,357,296,299,364,905,274,55,282,510,318,208,345,105,336,246,243,610,763,1371,280,485,110,563,494,94,225,519,371,110,363,204,402,474,328,533,172,348
68,49,24,6,64,11,70,14,22,27,63,67,114,41,38,34,42,106,55,6,35,86,40,27,53,20,47,32,41,78,95,186,29,61,15,70,62,19,31,54,38,17,51,23,59,47,40,62,26,44
333,251,104,67,292,74,292,87,96,110,230,262,489,198,156,144,228,518,282,35,77,301,165,123,166,57,169,124,140,325,443,809,143,273,66,290,246,34,147,301,177,38,220,110,221,270,168,286,119,193
530,467,221,106,576,130,504,146,162,214,441,571,946,342,283,313,375,934,510,86,301,266,338,217,347,124,359,251,260,669,769,1345,272,494,101,565,504,91,263,535,324,123,426,199,396,481,332,515,201,346
346,241,95,61,296,79,309,102,96,136,257,342,529,203,173,184,225,492,318,40,165,338,98,112,181,65,175,125,161,350,450,851,160,294,66,316,312,43,160,331,207,52,206,95,223,293,191,319,112,230
221,193,76,38,191,52,187,42,58,80,189,233,352,113,108,121,145,362,208,27,123,217,112,35,128,56,151,95,90,270,287,552,108,188,44,224,190,25,91,213,139,56,151,67,160,191,130,198,80,125
408,253,134,66,340,77,317,97,114,127,301,371,613,226,183,194,245,605,345,53,166,347,181,128,106,75,208,165,167,385,497,928,186,291,72,367,313,51,180,372,245,54,264,105,249,294,207,347,137,252
158,111,41,25,135,39,128,41,40,54,122,154,224,81,68,87,94,227,105,20,57,124,65,56,75,16,70,65,72,150,180,364,47,129,30,128,132,17,52,140,89,27,103,35,113,106,76,150,41,105
389,270,119,71,354,91,334,97,124,132,299,370,635,204,169,202,245,631,336,47,169,359,175,151,208,70,102,155,177,430,509,936,167,333,71,337,344,42,154,370,212,66,292,117,279,318,190,385,119,228
287,198,76,38,209,58,223,72,68,87,201,269,431,156,116,125,181,416,246,32,124,251,125,95,165,65,155,63,126,266,348,687,137,201,53,272,219,39,115,249,155,54,187,92,193,217,145,245,88,150
310,203,83,63,258,77,267,83,75,120,237,282,424,156,139,146,159,447,243,41,140,260,161,90,167,72,177,126,71,271,413,693,123,279,48,261,273,29,116,242,171,48,169,94,193,217,173,276,95,175
604,545,258,105,658,140,630,184,199,251,515,698,1105,404,327,347,464,1090,610,78,325,669,350,270,385,150,430,266,271,403,943,1807,326,555,138,639,615,116,308,690,435,127,454,222,536,618,376,684,228,412
658,636,308,106,775,138,706,224,256,294,636,847,1282,484,410,450,506,1375,763,95,443,769,450,287,497,180,509,348,413,943,546,2000,373,675,162,752,714,128,374,756,550,176,597,266,574,707,433,738,261,521
1184,1215,550,214,1396,266,1288,433,487,566,1124,1537,2423,937,716,827,959,2468,1371,186,809,1345,851,552,928,364,936,687,693,1807,2000,1947,724,1291,304,1476,1211,218,711,1414,934,277,1041,563,1061,1253,931,1360,513,919
248,219,129,44,261,52,269,88,94,124,209,304,460,187,135,168,208,509,280,29,143,272,160,108,186,47,167,137,123,326,373,724,75,267,64,299,247,45,148,269,182,61,197,103,212,205,187,254,110,181
483,423,186,72,494,98,442,148,155,186,370,562,810,310,245,262,301,792,485,61,273,494,294,188,291,129,333,201,279,555,675,1291,267,221,126,489,448,84,225,500,300,91,373,180,350,445,285,448,187,295
115,87,39,22,116,25,110,33,32,46,101,131,217,69,49,50,80,213,110,15,66,101,66,44,72,30,71,53,48,138,162,304,64,126,17,128,102,23,59,122,69,30,85,38,98,110,79,108,56,75
494,473,208,87,524,111,531,167,167,222,449,622,939,368,291,283,358,960,563,70,290,565,316,224,367,128,337,272,261,639,752,1476,299,489,128,260,519,85,269,574,404,111,392,210,434,517,342,553,216,376
478,422,200,73,489,107,437,135,164,184,392,496,804,291,220,278,351,816,494,62,246,504,312,190,313,132,344,219,273,615,714,1211,247,448,102,519,216,95,224,503,303,112,343,177,369,412,307,482,163,295
85,72,37,12,96,17,95,16,21,34,78,86,140,55,42,55,60,148,94,19,34,91,43,25,51,17,42,39,29,116,128,218,45,84,23,85,95,9,34,87,52,16,60,29,65,90,52,86,35,49
231,225,100,39,261,55,253,69,75,109,224,300,429,161,165,163,188,454,225,31,147,263,160,91,180,52,154,115,116,308,374,711,148,225,59,269,224,34,63,272,164,54,191,97,177,227,179,272,100,171
480,467,220,73,550,111,519,145,170,204,421,557,975,323,247,289,384,935,519,54,301,535,331,213,372,140,370,249,242,690,756,1414,269,500,122,574,503,87,272,288,353,119,390,209,404,545,317,557,199,353
302,296,109,48,368,66,302,108,89,148,294,390,601,202,151,193,221,603,371,38,177,324,207,139,245,89,212,155,171,435,550,934,182,300,69,404,303,52,164,353,111,59,262,125,280,340,205,349,118,222
108,73,39,18,103,22,100,36,37,48,83,111,186,65,60,63,83,191,110,17,38,123,52,56,54,27,66,54,48,127,176,277,61,91,30,111,112,16,54,119,59,11,82,46,86,89,71,94,40,68
337,359,148,65,396,88,380,116,143,156,330,419,614,246,197,203,264,639,363,51,220,426,206,151,264,103,292,187,169,454,597,1041,197,373,85,392,343,60,191,390,262,82,124,147,314,343,223,415,143,256
184,155,60,30,185,46,169,70,60,91,154,232,353,111,89,103,144,363,204,23,110,199,95,67,105,35,117,92,94,222,266,563,103,180,38,210,177,29,97,209,125,46,147,43,137,189,112,219,68,130
459,361,144,82,438,101,378,112,134,174,369,454,738,268,224,218,298,737,402,59,221,396,223,160,249,113,279,193,193,536,574,1061,212,350,98,434,369,65,177,404,280,86,314,137,163,367,255,422,153,267
423,365,170,59,463,86,436,143,122,180,386,504,802,301,229,278,332,808,474,47,270,481,293,191,294,106,318,217,217,618,707,1253,205,445,110,517,412,90,227,545,340,89,343,189,367,195,300,462,156,307
332,243,113,55,317,72,308,89,108,118,252,352,587,214,152,167,253,566,328,40,168,332,191,130,207,76,190,145,173,376,433,931,187,285,79,342,307,52,179,317,205,71,223,112,255,300,95,315,122,212
476,471,192,81,526,111,505,169,185,221,408,588,905,357,275,316,380,890,533,62,286,515,319,198,347,150,385,245,276,684,738,1360,254,448,108,553,482,86,272,557,349,94,415,219,422,462,315,289,157,357
184,145,72,35,178,35,186,60,52,82,162,210,309,138,91,114,138,318,172,26,119,201,112,80,137,41,119,88,95,228,261,513,110,187,56,216,163,35,100,199,118,40,143,68,153,156,122,157,30,124
392,305,132,51,331,73,322,95,128,133,293,359,575,237,190,174,252,574,348,44,193,346,230,125,252,105,228,150,175,412,521,919,181,295,75,376,295,49,171,353,222,68,256,130,267,307,212,357,124,102
