245,494,215,93,471,120,503,184,195,243,417,505,871,400,312,333,356,853,485,77,315,509,361,221,366,168,375,270,307,648,678,1190,241,480,109,507,501,80,253,475,286,110,321,167,457,420,319,519,167,363
494,169,168,72,458,98,408,132,121,162,347,471,803,270,224,235,306,805,460,76,229,472,233,148,259,98,279,189,214,563,667,1249,254,436,100,487,392,74,207,484,287,97,332,163,323,391,277,440,161,261
215,168,31,44,216,53,194,61,60,83,190,233,392,135,106,106,130,362,195,22,111,212,110,73,132,61,131,98,98,235,302,563,120,205,32,188,194,28,95,235,135,37,141,74,155,171,120,211,79,122
93,72,44,8,94,14,84,34,38,36,61,101,150,62,52,60,71,158,86,15,55,100,42,29,60,24,52,44,51,123,134,261,41,84,20,92,80,11,47,97,52,19,73,30,78,74,51,81,32,56
471,458,216,94,241,134,534,139,136,196,424,521,920,352,268,294,345,1006,525,65,279,542,286,235,339,140,390,230,237,660,843,1438,299,493,104,547,509,56,251,582,319,120,391,208,438,525,294,548,190,352
120,98,53,14,134,8,117,40,38,48,83,131,201,84,59,68,85,187,132,18,69,143,63,41,73,34,76,59,69,152,163,313,57,108,30,119,102,18,67,107,65,28,85,47,97,94,74,102,42,84
503,408,194,84,534,117,251,154,180,202,414,553,862,349,264,286,358,835,497,70,266,541,297,189,325,130,298,238,259,609,750,1337,243,475,124,527,449,78,248,518,315,112,371,187,394,433,322,512,210,354
184,132,61,34,139,40,154,16,40,72,142,184,242,88,70,89,118,243,149,20,71,131,74,52,92,28,104,80,59,169,224,430,84,141,36,170,153,20,69,160,91,31,116,47,108,135,81,172,43,95
195,121,60,38,136,38,180,40,31,64,152,169,285,117,89,102,106,290,165,17,84,183,112,65,105,52,118,74,82,209,255,438,79,137,44,174,172,25,81,190,121,35,131,62,164,165,98,180,57,109
243,162,83,36,196,48,202,72,64,42,167,216,372,162,110,134,150,361,213,33,122,218,120,61,132,51,126,112,111,226,316,567,103,206,56,204,212,40,99,197,111,46,159,76,172,186,140,221,75,135
417,347,190,61,424,83,414,142,152,167,194,508,780,258,195,251,318,729,409,45,248,442,223,159,272,96,257,213,212,511,621,1228,196,404,90,445,410,70,218,437,259,93,342,166,318,392,264,419,149,257
505,471,233,101,521,131,553,184,169,216,508,323,1023,361,313,295,429,1037,546,75,302,591,317,225,381,159,407,259,284,719,888,1617,311,552,134,625,541,105,275,610,372,144,407,237,454,520,335,585,208,352
871,803,392,150,920,201,862,242,285,372,780,1023,852,578,423,480,706,1476,965,119,494,907,505,357,627,234,632,378,458,1143,1461,2409,502,821,204,1044,841,164,420,914,602,212,693,365,747,903,626,1002,336,617
400,270,135,62,352,84,349,88,117,162,258,361,578,91,177,187,229,558,331,39,208,363,217,123,203,97,224,171,191,435,510,908,192,328,74,334,289,56,157,296,195,69,281,123,264,299,220,331,130,216
312,224,106,52,268,59,264,70,89,110,195,313,423,177,61,123,184,458,254,38,138,267,160,98,152,62,167,134,133,296,382,736,146,252,58,281,239,45,152,265,172,47,192,88,204,255,136,291,99,174
333,235,106,60,294,68,286,89,102,134,251,295,480,187,123,74,228,495,291,31,133,306,167,108,178,67,193,134,137,332,477,816,156,280,61,293,238,52,153,302,184,55,222,101,227,261,167,343,110,203
356,306,130,71,345,85,358,118,106,150,318,429,706,229,184,228,124,634,366,40,192,381,203,159,214,92,224,165,200,452,565,1022,195,346,81,366,387,63,177,409,241,68,288,114,281,346,192,382,123,249
853,805,362,158,1006,187,835,243,290,361,729,1037,1476,558,458,495,634,853,919,120,485,889,538,354,600,225,585,416,455,1100,1453,2469,524,821,221,963,827,164,441,965,616,204,672,342,688,827,600,953,369,592
485,460,195,86,525,132,497,149,165,213,409,546,965,331,254,291,366,919,250,64,292,519,272,195,301,129,322,225,244,631,763,1445,281,493,121,505,462,90,265,554,330,107,387,181,399,458,300,521,192,377
77,76,22,15,65,18,70,20,17,33,45,75,119,39,38,31,40,120,64,7,34,61,56,31,38,25,49,25,39,70,108,185,40,57,10,65,55,8,27,65,37,10,48,19,62,55,29,74,22,48
315,229,111,55,279,69,266,71,84,122,248,302,494,208,138,133,192,485,292,34,63,279,156,125,174,57,144,115,128,371,416,797,149,251,46,268,265,50,126,288,173,50,208,110,230,260,183,285,110,205
509,472,212,100,542,143,541,131,183,218,442,591,907,363,267,306,381,889,519,61,279,289,326,216,333,141,367,250,257,661,806,1417,270,493,128,543,489,82,259,567,315,97,378,204,428,486,307,586,204,365
361,233,110,42,286,63,297,74,112,120,223,317,505,217,160,167,203,538,272,56,156,326,101,125,182,75,174,161,147,364,458,849,161,269,72,309,273,40,138,279,189,66,221,107,237,273,179,280,114,192
221,148,73,29,235,41,189,52,65,61,159,225,357,123,98,108,159,354,195,31,125,216,125,37,135,51,137,98,103,269,326,538,114,174,53,229,167,29,91,194,133,33,161,64,157,197,135,196,78,123
366,259,132,60,339,73,325,92,105,132,272,381,627,203,152,178,214,600,301,38,174,333,182,135,110,88,218,142,157,412,507,914,188,313,89,340,331,58,151,331,226,56,255,130,271,305,195,358,121,214
168,98,61,24,140,34,130,28,52,51,96,159,234,97,62,67,92,225,129,25,57,141,75,51,88,16,71,60,57,165,175,346,76,121,26,138,123,18,53,142,86,22,105,59,106,123,80,143,61,84
375,279,131,52,390,76,298,104,118,126,257,407,632,224,167,193,224,585,322,49,144,367,174,137,218,71,103,151,157,446,535,946,208,340,82,325,309,50,158,385,231,48,276,135,279,283,208,367,139,203
270,189,98,44,230,59,238,80,74,112,213,259,378,171,134,134,165,416,225,25,115,250,161,98,142,60,151,55,113,297,355,656,124,239,55,224,237,40,121,251,143,47,180,93,209,226,139,251,83,170
307,214,98,51,237,69,259,59,82,111,212,284,458,191,133,137,200,455,244,39,128,257,147,103,157,57,157,113,58,340,358,739,147,267,63,253,237,47,107,229,164,38,219,89,178,231,140,223,107,184
648,563,235,123,660,152,609,169,209,226,511,719,1143,435,296,332,452,1100,631,70,371,661,364,269,412,165,446,297,340,400,1006,1823,339,579,136,680,634,133,307,711,432,145,515,212,524,604,393,701,221,407
678,667,302,134,843,163,750,224,255,316,621,888,1461,510,382,477,565,1453,763,108,416,806,458,326,507,175,535,355,358,1006,600,2114,390,716,167,857,726,120,380,863,525,152,606,269,665,743,477,828,288,516
1190,1249,563,261,1438,313,1337,430,438,567,1228,1617,2409,908,736,816,1022,2469,1445,185,797,1417,849,538,914,346,946,656,739,1823,2114,1961,721,1341,301,1545,1268,224,699,1487,979,309,1090,518,1094,1333,906,1465,508,958
241,254,120,41,299,57,243,84,79,103,196,311,502,192,146,156,195,524,281,40,149,270,161,114,188,76,208,124,147,339,390,721,87,267,53,297,263,38,132,268,157,61,218,96,225,265,190,279,108,184
480,436,205,84,493,108,475,141,137,206,404,552,821,328,252,280,346,821,493,57,251,493,269,174,313,121,340,239,267,579,716,1341,267,205,99,471,458,82,271,503,311,107,350,172,419,477,265,497,160,323
109,100,32,20,104,30,124,36,44,56,90,134,204,74,58,61,81,221,121,10,46,128,72,53,89,26,82,55,63,136,167,301,53,99,11,122,106,18,47,114,84,26,87,40,84,102,77,107,39,75
507,487,188,92,547,119,527,170,174,204,445,625,1044,334,281,293,366,963,505,65,268,543,309,229,340,138,325,224,253,680,857,1545,297,471,122,256,530,89,268,588,343,112,401,192,418,493,317,586,200,341
501,392,194,80,509,102,449,153,172,212,410,541,841,289,239,238,387,827,462,55,265,489,273,167,331,123,309,237,237,634,726,1268,263,458,106,530,214,71,253,494,286,78,357,190,382,454,317,506,182,366
80,74,28,11,56,18,78,20,25,40,70,105,164,56,45,52,63,164,90,8,50,82,40,29,58,18,50,40,47,133,120,224,38,82,18,89,71,11,41,86,55,19,77,35,72,73,44,90,38,62
253,207,95,47,251,67,248,69,81,99,218,275,420,157,152,153,177,441,265,27,126,259,138,91,151,53,158,121,107,307,380,699,132,271,47,268,253,41,51,293,166,43,196,98,185,234,160,284,84,183
475,484,235,97,582,107,518,160,190,197,437,610,914,296,265,302,409,965,554,65,288,567,279,194,331,142,385,251,229,711,863,1487,268,503,114,588,494,86,293,285,352,120,445,209,386,506,349,589,198,369
286,287,135,52,319,65,315,91,121,111,259,372,602,195,172,184,241,616,330,37,173,315,189,133,226,86,231,143,164,432,525,979,157,311,84,343,286,55,166,352,112,66,269,120,270,335,188,365,121,206
110,97,37,19,120,28,112,31,35,46,93,144,212,69,47,55,68,204,107,10,50,97,66,33,56,22,48,47,38,145,152,309,61,107,26,112,78,19,43,120,66,9,74,32,73,95,54,105,38,67
321,332,141,73,391,85,371,116,131,159,342,407,693,281,192,222,288,672,387,48,208,378,221,161,255,105,276,180,219,515,606,1090,218,350,87,401,357,77,196,445,269,74,131,160,305,362,286,371,157,268
167,163,74,30,208,47,187,47,62,76,166,237,365,123,88,101,114,342,181,19,110,204,107,64,130,59,135,93,89,212,269,518,96,172,40,192,190,35,98,209,120,32,160,33,140,176,131,190,63,112
457,323,155,78,438,97,394,108,164,172,318,454,747,264,204,227,281,688,399,62,230,428,237,157,271,106,279,209,178,524,665,1094,225,419,84,418,382,72,185,386,270,73,305,140,153,352,263,393,171,263
420,391,171,74,525,94,433,135,165,186,392,520,903,299,255,261,346,827,458,55,260,486,273,197,305,123,283,226,231,604,743,1333,265,477,102,493,454,73,234,506,335,95,362,176,352,203,314,485,192,325
319,277,120,51,294,74,322,81,98,140,264,335,626,220,136,167,192,600,300,29,183,307,179,135,195,80,208,139,140,393,477,906,190,265,77,317,317,44,160,349,188,54,286,131,263,314,87,356,100,184
519,440,211,81,548,102,512,172,180,221,419,585,1002,331,291,343,382,953,521,74,285,586,280,196,358,143,367,251,223,701,828,1465,279,497,107,586,506,90,284,589,365,105,371,190,393,485,356,275,203,353
167,161,79,32,190,42,210,43,57,75,149,208,336,130,99,110,123,369,192,22,110,204,114,78,121,61,139,83,107,221,288,508,108,160,39,200,182,38,84,198,121,38,157,63,171,192,100,203,27,119
363,261,122,56,352,84,354,95,109,135,257,352,617,216,174,203,249,592,377,48,205,365,192,123,214,84,203,170,184,407,516,958,184,323,75,341,366,62,183,369,206,67,268,112,263,325,184,353,119,114
