267,446,208,90,529,108,489,179,168,250,465,532,816,409,300,336,374,803,513,82,299,541,345,198,347,119,353,274,319,658,695,1168,247,504,118,490,492,100,247,457,310,108,374,194,432,410,334,506,171,397
446,169,144,76,459,92,412,123,163,182,342,478,742,312,216,218,340,788,430,57,219,445,223,162,262,115,278,175,234,536,674,1259,219,386,95,474,385,68,224,472,308,97,340,156,324,384,274,460,147,321
208,144,49,39,202,41,194,47,63,78,163,204,359,133,97,96,145,366,191,30,106,191,111,84,128,50,131,92,104,266,297,565,134,191,41,230,180,24,89,174,123,44,155,84,158,178,118,200,80,121
90,76,39,7,96,12,82,17,25,42,81,104,161,75,41,53,64,154,97,15,42,96,54,48,65,9,57,36,53,113,132,209,42,84,20,110,98,16,38,69,63,24,67,37,66,73,56,64,29,66
529,459,202,96,239,126,530,148,171,223,437,547,949,331,267,311,378,951,569,60,268,541,326,234,340,135,350,229,268,636,764,1446,275,489,137,562,502,85,255,551,344,114,376,190,432,463,343,534,196,335
108,92,41,12,126,7,103,25,42,58,114,128,198,85,47,60,85,196,119,17,59,111,61,42,84,20,65,48,61,148,191,280,53,93,30,126,109,23,45,106,85,28,88,41,76,97,70,102,37,96
489,412,194,82,530,103,231,130,155,177,379,551,923,315,250,286,336,857,499,67,265,492,304,193,341,109,336,225,245,570,743,1316,236,458,131,535,486,66,240,491,322,117,401,173,368,423,286,465,181,330
179,123,47,17,148,25,130,17,52,58,134,181,270,97,75,84,109,274,133,20,82,142,85,54,101,42,105,64,77,176,253,483,82,131,27,153,144,24,83,153,113,35,111,62,125,148,100,169,64,95
168,163,63,25,171,42,155,52,24,70,140,189,319,113,100,102,113,309,152,18,75,151,105,73,116,46,106,75,81,237,226,447,89,162,39,168,160,19,83,172,117,43,127,61,121,145,109,173,58,101
250,182,78,42,223,58,177,58,70,43,165,211,353,145,115,133,146,384,208,24,115,240,132,93,143,55,155,91,120,230,322,570,113,216,51,211,216,31,97,189,114,39,172,74,180,202,119,242,68,147
465,342,163,81,437,114,379,134,140,165,173,488,775,296,229,250,331,778,476,53,229,450,268,168,257,110,284,211,233,548,630,1152,221,462,106,460,433,66,205,425,290,96,332,162,334,397,256,461,148,279
532,478,204,104,547,128,551,181,189,211,488,301,1010,390,294,294,426,994,592,71,334,588,364,249,401,141,348,252,277,677,877,1569,315,550,127,614,563,111,275,554,360,109,408,187,441,515,357,569,183,375
816,742,359,161,949,198,923,270,319,353,775,1010,839,573,430,494,676,1460,935,114,512,897,545,380,572,219,619,395,452,1156,1339,2423,475,827,187,970,838,142,457,958,592,188,655,336,787,825,577,917,314,639
409,312,133,75,331,85,315,97,113,145,296,390,573,121,151,168,250,577,335,44,192,336,188,132,239,80,254,150,187,376,507,910,178,319,86,358,319,46,144,384,233,73,251,127,308,302,209,342,121,237
300,216,97,41,267,47,250,75,100,115,229,294,430,151,56,123,183,442,265,38,157,254,172,110,156,85,187,105,138,323,400,727,158,220,62,257,236,46,138,291,169,54,193,117,190,249,158,269,99,188
336,218,96,53,311,60,286,84,102,133,250,294,494,168,123,75,225,509,300,34,134,331,179,117,181,80,193,103,146,355,434,805,161,280,70,283,279,48,158,297,187,61,247,103,225,266,196,315,110,195
374,340,145,64,378,85,336,109,113,146,331,426,676,250,183,225,122,667,372,47,186,389,203,160,244,90,247,172,171,460,545,1008,194,372,77,382,384,63,182,347,236,78,289,132,263,337,214,341,144,262
803,788,366,154,951,196,857,274,309,384,778,994,1460,577,442,509,667,794,905,109,485,927,532,345,599,228,609,405,479,1146,1360,2416,427,821,225,1002,832,149,423,945,611,157,692,359,778,832,591,921,347,598
513,430,191,97,569,119,499,133,152,208,476,592,935,335,265,300,372,905,257,73,274,535,331,215,331,138,342,239,269,647,781,1444,256,535,125,533,496,85,250,554,337,103,387,203,432,471,332,497,194,366
82,57,30,15,60,17,67,20,18,24,53,71,114,44,38,34,47,109,73,4,31,82,39,25,46,16,31,27,28,68,100,167,32,72,16,71,64,11,29,62,42,6,45,19,61,59,40,65,24,29
299,219,106,42,268,59,265,82,75,115,229,334,512,192,157,134,186,485,274,31,64,314,141,96,203,71,160,101,133,346,413,805,156,230,66,282,275,42,139,296,186,64,194,109,235,243,195,288,124,179
541,445,191,96,541,111,492,142,151,240,450,588,897,336,254,331,389,927,535,82,314,284,340,190,363,141,353,247,297,635,756,1453,277,501,131,554,496,87,241,552,364,119,405,184,431,465,327,498,185,373
345,223,111,54,326,61,304,85,105,132,268,364,545,188,172,179,203,532,331,39,141,340,100,116,201,69,181,151,140,392,426,820,167,297,73,302,308,48,144,327,179,70,246,110,245,279,183,328,135,212
198,162,84,48,234,42,193,54,73,93,168,249,380,132,110,117,160,345,215,25,96,190,116,39,147,53,145,106,108,234,276,542,105,195,54,226,189,27,96,208,126,38,158,84,172,185,133,232,81,124
347,262,128,65,340,84,341,101,116,143,257,401,572,239,156,181,244,599,331,46,203,363,201,147,105,69,195,148,185,391,495,913,166,332,78,322,308,60,179,343,225,67,255,132,264,319,178,361,119,207
119,115,50,9,135,20,109,42,46,55,110,141,219,80,85,80,90,228,138,16,71,141,69,53,69,12,83,64,56,173,202,339,67,109,33,126,99,17,56,146,87,34,119,44,102,121,64,143,53,82
353,278,131,57,350,65,336,105,106,155,284,348,619,254,187,193,247,609,342,31,160,353,181,145,195,83,112,151,188,398,551,963,158,331,70,356,304,59,157,398,227,68,260,129,286,301,197,376,126,208
274,175,92,36,229,48,225,64,75,91,211,252,395,150,105,103,172,405,239,27,101,247,151,106,148,64,151,63,105,277,356,669,101,229,57,233,241,42,117,264,165,47,186,80,192,213,126,225,97,153
319,234,104,53,268,61,245,77,81,120,233,277,452,187,138,146,171,479,269,28,133,297,140,108,185,56,188,105,66,291,418,738,137,258,60,246,274,41,158,274,147,57,213,91,214,220,162,304,103,159
658,536,266,113,636,148,570,176,237,230,548,677,1156,376,323,355,460,1146,647,68,346,635,392,234,391,173,398,277,291,388,976,1777,374,634,150,681,582,104,318,670,441,124,476,216,495,596,422,638,263,419
695,674,297,132,764,191,743,253,226,322,630,877,1339,507,400,434,545,1360,781,100,413,756,426,276,495,202,551,356,418,976,571,2048,405,739,188,838,691,119,435,819,530,167,590,274,617,696,514,738,279,530
1168,1259,565,209,1446,280,1316,483,447,570,1152,1569,2423,910,727,805,1008,2416,1444,167,805,1453,820,542,913,339,963,669,738,1777,2048,1905,700,1264,272,1474,1266,239,754,1495,910,305,1053,535,1123,1307,881,1421,482,974
247,219,134,42,275,53,236,82,89,113,221,315,475,178,158,161,194,427,256,32,156,277,167,105,166,67,158,101,137,374,405,700,67,248,64,288,242,36,149,293,166,62,194,109,220,250,167,250,100,174
504,386,191,84,489,93,458,131,162,216,462,550,827,319,220,280,372,821,535,72,230,501,297,195,332,109,331,229,258,634,739,1264,248,222,116,494,434,78,238,467,330,117,346,176,400,436,299,433,184,364
118,95,41,20,137,30,131,27,39,51,106,127,187,86,62,70,77,225,125,16,66,131,73,54,78,33,70,57,60,150,188,272,64,116,18,114,108,17,60,123,72,21,75,45,117,111,74,115,39,77
490,474,230,110,562,126,535,153,168,211,460,614,970,358,257,283,382,1002,533,71,282,554,302,226,322,126,356,233,246,681,838,1474,288,494,114,261,523,91,271,549,325,101,434,198,408,522,307,557,205,365
492,385,180,98,502,109,486,144,160,216,433,563,838,319,236,279,384,832,496,64,275,496,308,189,308,99,304,241,274,582,691,1266,242,434,108,523,229,79,229,496,302,99,381,172,397,436,314,481,182,318
100,68,24,16,85,23,66,24,19,31,66,111,142,46,46,48,63,149,85,11,42,87,48,27,60,17,59,42,41,104,119,239,36,78,17,91,79,5,34,97,66,18,61,19,59,76,47,90,34,56
247,224,89,38,255,45,240,83,83,97,205,275,457,144,138,158,182,423,250,29,139,241,144,96,179,56,157,117,158,318,435,754,149,238,60,271,229,34,79,261,160,68,182,95,178,218,146,278,90,163
457,472,174,69,551,106,491,153,172,189,425,554,958,384,291,297,347,945,554,62,296,552,327,208,343,146,398,264,274,670,819,1495,293,467,123,549,496,97,261,316,338,112,390,204,437,492,378,531,200,345
310,308,123,63,344,85,322,113,117,114,290,360,592,233,169,187,236,611,337,42,186,364,179,126,225,87,227,165,147,441,530,910,166,330,72,325,302,66,160,338,102,68,240,122,260,310,227,337,119,222
108,97,44,24,114,28,117,35,43,39,96,109,188,73,54,61,78,157,103,6,64,119,70,38,67,34,68,47,57,124,167,305,62,117,21,101,99,18,68,112,68,12,70,48,78,103,67,109,37,68
374,340,155,67,376,88,401,111,127,172,332,408,655,251,193,247,289,692,387,45,194,405,246,158,255,119,260,186,213,476,590,1053,194,346,75,434,381,61,182,390,240,70,166,138,329,353,249,422,135,272
194,156,84,37,190,41,173,62,61,74,162,187,336,127,117,103,132,359,203,19,109,184,110,84,132,44,129,80,91,216,274,535,109,176,45,198,172,19,95,204,122,48,138,28,164,163,136,184,75,130
432,324,158,66,432,76,368,125,121,180,334,441,787,308,190,225,263,778,432,61,235,431,245,172,264,102,286,192,214,495,617,1123,220,400,117,408,397,59,178,437,260,78,329,164,171,367,245,416,175,245
410,384,178,73,463,97,423,148,145,202,397,515,825,302,249,266,337,832,471,59,243,465,279,185,319,121,301,213,220,596,696,1307,250,436,111,522,436,76,218,492,310,103,353,163,367,206,300,434,169,288
334,274,118,56,343,70,286,100,109,119,256,357,577,209,158,196,214,591,332,40,195,327,183,133,178,64,197,126,162,422,514,881,167,299,74,307,314,47,146,378,227,67,249,136,245,300,95,352,117,222
506,460,200,64,534,102,465,169,173,242,461,569,917,342,269,315,341,921,497,65,288,498,328,232,361,143,376,225,304,638,738,1421,250,433,115,557,481,90,278,531,337,109,422,184,416,434,352,250,176,393
171,147,80,29,196,37,181,64,58,68,148,183,314,121,99,110,144,347,194,24,124,185,135,81,119,53,126,97,103,263,279,482,100,184,39,205,182,34,90,200,119,37,135,75,175,169,117,176,43,112
397,321,121,66,335,96,330,95,101,147,279,375,639,237,188,195,262,598,366,29,179,373,212,124,207,82,208,153,159,419,530,974,174,364,77,365,318,56,163,345,222,68,272,130,245,288,222,393,112,116
