264,455,227,93,497,117,501,177,146,246,458,509,849,401,280,318,358,829,535,65,330,521,352,217,362,144,397,282,288,642,725,1163,260,480,92,541,458,84,234,483,309,104,389,160,442,421,327,513,148,388
455,179,164,80,423,117,439,135,142,166,328,515,786,258,227,236,317,794,412,41,244,426,240,156,276,121,313,183,216,488,690,1259,240,398,100,456,430,70,227,437,252,94,310,163,350,395,252,418,171,256
227,164,27,35,194,47,197,61,68,77,171,241,378,122,103,105,161,372,222,24,94,235,107,85,116,40,125,94,98,254,323,562,123,186,47,220,202,41,118,215,123,39,145,94,146,202,126,216,77,145
93,80,35,6,77,19,74,27,21,30,78,106,163,61,47,51,53,139,80,10,52,94,38,25,63,22,65,40,53,110,129,232,54,79,20,90,86,12,39,80,57,19,54,38,66,84,53,84,33,57
497,423,194,77,244,108,465,167,140,211,434,587,944,353,298,290,373,945,497,58,274,491,269,176,314,111,349,242,264,668,804,1414,270,462,113,583,469,91,274,554,311,96,385,192,412,480,345,524,184,360
117,117,47,19,108,14,105,44,38,49,104,104,220,78,63,73,78,203,120,15,71,132,57,39,82,28,84,69,56,132,187,303,64,117,27,137,121,20,65,118,75,29,86,53,93,109,72,104,40,85
501,439,197,74,465,105,233,176,152,192,393,567,921,307,242,301,365,926,492,72,266,514,290,187,361,117,310,254,235,642,737,1337,247,455,128,517,470,88,221,516,344,84,378,194,401,474,319,474,191,314
177,135,61,27,167,44,176,26,63,59,140,152,280,121,92,90,106,285,152,23,85,164,104,78,109,29,104,79,85,195,210,438,74,154,29,143,152,16,82,170,96,32,112,58,143,133,99,161,60,104
146,142,68,21,140,38,152,63,32,62,160,189,333,118,84,96,107,304,175,14,72,188,92,65,121,39,122,74,94,209,277,486,82,142,35,157,137,30,96,178,125,27,129,61,143,157,101,185,38,117
246,166,77,30,211,49,192,59,62,40,155,243,378,127,101,108,154,355,231,25,127,206,125,89,136,48,125,93,107,238,291,556,111,170,46,222,194,40,82,201,120,40,144,80,156,193,117,201,68,147
458,328,171,78,434,104,393,140,160,155,170,503,773,278,251,262,318,807,450,51,274,424,263,168,299,106,281,213,229,511,624,1172,212,418,91,456,408,87,220,438,277,89,350,154,312,436,278,433,140,315
509,515,241,106,587,104,567,152,189,243,503,302,1024,391,287,307,412,1029,585,72,274,548,341,263,367,151,363,243,284,746,866,1556,313,545,112,598,536,94,272,633,378,128,438,226,478,542,360,598,204,372
849,786,378,163,944,220,921,280,333,378,773,1024,833,580,454,475,622,1515,893,112,480,938,512,381,628,228,612,416,454,1188,1391,2403,449,922,215,947,848,164,449,1017,659,189,715,377,721,866,559,947,325,574
401,258,122,61,353,78,307,121,118,127,278,391,580,111,183,190,235,598,336,49,175,360,185,132,221,78,197,139,180,395,506,939,163,308,73,365,337,43,160,371,220,65,269,135,260,293,209,305,133,232
280,227,103,47,298,63,242,92,84,101,251,287,454,183,72,124,169,453,286,42,156,295,169,98,179,76,170,122,143,320,385,739,149,249,59,255,254,54,123,280,186,59,214,82,212,252,135,287,116,203
318,236,105,51,290,73,301,90,96,108,262,307,475,190,124,70,191,498,315,37,153,319,148,119,189,60,165,146,138,349,407,793,161,283,69,270,289,56,126,322,198,53,233,103,215,256,167,330,122,203
358,317,161,53,373,78,365,106,107,154,318,412,622,235,169,191,127,663,358,51,192,395,219,151,244,76,224,148,176,478,532,992,202,320,79,365,330,48,169,400,238,74,306,125,285,371,230,391,123,254
829,794,372,139,945,203,926,285,304,355,807,1029,1515,598,453,498,663,768,893,110,492,911,515,370,605,234,610,434,431,1125,1413,2502,457,876,190,906,851,150,450,998,637,190,684,345,714,858,526,963,299,592
535,412,222,80,497,120,492,152,175,231,450,585,893,336,286,315,358,893,265,76,250,499,297,216,303,128,334,233,267,630,789,1399,271,482,113,541,463,99,258,577,356,110,390,182,388,505,287,529,186,348
65,41,24,10,58,15,72,23,14,25,51,72,112,49,42,37,51,110,76,4,34,79,40,24,39,10,43,32,31,72,95,172,37,61,16,63,53,7,45,59,41,17,42,17,55,63,37,74,21,34
330,244,94,52,274,71,266,85,72,127,274,274,480,175,156,153,192,492,250,34,70,262,186,118,189,63,177,143,132,353,448,817,169,261,59,287,276,37,142,319,180,54,213,85,237,267,155,304,100,197
521,426,235,94,491,132,514,164,188,206,424,548,938,360,295,319,395,911,499,79,262,295,312,205,355,143,368,245,276,624,797,1438,289,501,115,556,503,88,253,587,350,106,418,195,401,511,327,538,202,345
352,240,107,38,269,57,290,104,92,125,263,341,512,185,169,148,219,515,297,40,186,312,73,109,182,78,190,154,147,347,487,820,148,274,54,317,303,43,155,312,208,78,218,112,223,278,175,312,118,210
217,156,85,25,176,39,187,78,65,89,168,263,381,132,98,119,151,370,216,24,118,205,109,46,148,55,147,98,91,225,299,559,106,184,50,213,184,40,97,213,130,44,151,61,167,192,137,206,67,129
362,276,116,63,314,82,361,109,121,136,299,367,628,221,179,189,244,605,303,39,189,355,182,148,111,66,196,160,177,412,492,921,163,316,69,323,308,59,166,342,206,77,259,136,267,300,190,344,139,222
144,121,40,22,111,28,117,29,39,48,106,151,228,78,76,60,76,234,128,10,63,143,78,55,66,17,83,53,58,157,192,353,62,115,29,117,126,11,59,139,72,26,98,43,96,118,81,121,49,99
397,313,125,65,349,84,310,104,122,125,281,363,612,197,170,165,224,610,334,43,177,368,190,147,196,83,120,147,179,429,527,986,169,315,76,342,347,43,161,373,246,67,266,119,261,303,191,349,133,223
282,183,94,40,242,69,254,79,74,93,213,243,416,139,122,146,148,434,233,32,143,245,154,98,160,53,147,49,104,297,357,657,138,238,47,267,208,25,111,236,163,40,180,89,194,217,153,260,94,180
288,216,98,53,264,56,235,85,94,107,229,284,454,180,143,138,176,431,267,31,132,276,147,91,177,58,179,104,61,323,381,702,147,260,59,255,253,40,131,250,164,52,192,90,195,265,166,245,99,175
642,488,254,110,668,132,642,195,209,238,511,746,1188,395,320,349,478,1125,630,72,353,624,347,225,412,157,429,297,323,406,953,1790,353,624,135,658,623,114,325,644,457,131,491,268,515,590,405,694,229,411
725,690,323,129,804,187,737,210,277,291,624,866,1391,506,385,407,532,1413,789,95,448,797,487,299,492,192,527,357,381,953,583,2114,386,745,176,806,729,131,389,794,529,173,593,326,601,686,500,743,301,479
1163,1259,562,232,1414,303,1337,438,486,556,1172,1556,2403,939,739,793,992,2502,1399,172,817,1438,820,559,921,353,986,657,702,1790,2114,1981,790,1357,310,1526,1312,253,735,1530,938,297,1033,555,1077,1276,894,1407,463,902
260,240,123,54,270,64,247,74,82,111,212,313,449,163,149,161,202,457,271,37,169,289,148,106,163,62,169,138,147,353,386,790,74,266,51,316,266,46,137,278,179,57,209,109,205,249,169,290,108,175
480,398,186,79,462,117,455,154,142,170,418,545,922,308,249,283,320,876,482,61,261,501,274,184,316,115,315,238,260,624,745,1357,266,226,103,489,467,69,262,502,316,101,347,181,384,465,302,481,171,321
92,100,47,20,113,27,128,29,35,46,91,112,215,73,59,69,79,190,113,16,59,115,54,50,69,29,76,47,59,135,176,310,51,103,13,115,104,22,59,113,83,29,100,39,89,116,51,122,38,67
541,456,220,90,583,137,517,143,157,222,456,598,947,365,255,270,365,906,541,63,287,556,317,213,323,117,342,267,255,658,806,1526,316,489,115,261,482,82,246,561,357,100,411,192,409,483,352,549,199,360
458,430,202,86,469,121,470,152,137,194,408,536,848,337,254,289,330,851,463,53,276,503,303,184,308,126,347,208,253,623,729,1312,266,467,104,482,232,81,227,562,327,71,359,171,368,445,281,471,162,319
84,70,41,12,91,20,88,16,30,40,87,94,164,43,54,56,48,150,99,7,37,88,43,40,59,11,43,25,40,114,131,253,46,69,22,82,81,10,39,93,62,17,81,26,70,76,35,104,34,57
234,227,118,39,274,65,221,82,96,82,220,272,449,160,123,126,169,450,258,45,142,253,155,97,166,59,161,111,131,325,389,735,137,262,59,246,227,39,70,293,163,47,193,79,186,245,152,234,96,162
483,437,215,80,554,118,516,170,178,201,438,633,1017,371,280,322,400,998,577,59,319,587,312,213,342,139,373,236,250,644,794,1530,278,502,113,561,562,93,293,294,369,113,416,189,439,518,331,506,199,372
309,252,123,57,311,75,344,96,125,120,277,378,659,220,186,198,238,637,356,41,180,350,208,130,206,72,246,163,164,457,529,938,179,316,83,357,327,62,163,369,105,70,255,117,286,313,188,370,137,209
104,94,39,19,96,29,84,32,27,40,89,128,189,65,59,53,74,190,110,17,54,106,78,44,77,26,67,40,52,131,173,297,57,101,29,100,71,17,47,113,70,11,79,29,77,89,66,128,41,52
389,310,145,54,385,86,378,112,129,144,350,438,715,269,214,233,306,684,390,42,213,418,218,151,259,98,266,180,192,491,593,1033,209,347,100,411,359,81,193,416,255,79,143,156,327,341,223,403,156,265
160,163,94,38,192,53,194,58,61,80,154,226,377,135,82,103,125,345,182,17,85,195,112,61,136,43,119,89,90,268,326,555,109,181,39,192,171,26,79,189,117,29,156,42,155,205,104,201,72,120
442,350,146,66,412,93,401,143,143,156,312,478,721,260,212,215,285,714,388,55,237,401,223,167,267,96,261,194,195,515,601,1077,205,384,89,409,368,70,186,439,286,77,327,155,148,367,239,403,147,278
421,395,202,84,480,109,474,133,157,193,436,542,866,293,252,256,371,858,505,63,267,511,278,192,300,118,303,217,265,590,686,1276,249,465,116,483,445,76,245,518,313,89,341,205,367,224,317,487,174,338
327,252,126,53,345,72,319,99,101,117,278,360,559,209,135,167,230,526,287,37,155,327,175,137,190,81,191,153,166,405,500,894,169,302,51,352,281,35,152,331,188,66,223,104,239,317,94,348,117,183
513,418,216,84,524,104,474,161,185,201,433,598,947,305,287,330,391,963,529,74,304,538,312,206,344,121,349,260,245,694,743,1407,290,481,122,549,471,104,234,506,370,128,403,201,403,487,348,262,188,309
148,171,77,33,184,40,191,60,38,68,140,204,325,133,116,122,123,299,186,21,100,202,118,67,139,49,133,94,99,229,301,463,108,171,38,199,162,34,96,199,137,41,156,72,147,174,117,188,28,111
388,256,145,57,360,85,314,104,117,147,315,372,574,232,203,203,254,592,348,34,197,345,210,129,222,99,223,180,175,411,479,902,175,321,67,360,319,57,162,372,209,52,265,120,278,338,183,309,111,116
