257,439,229,93,473,139,499,188,167,266,423,475,810,392,332,347,343,811,505,68,315,513,353,197,398,152,383,278,322,601,703,1164,232,474,77,507,491,73,254,469,304,112,389,182,451,414,325,487,156,377
439,205,181,83,476,106,436,123,158,173,376,462,786,297,235,240,326,791,462,61,227,473,264,178,271,101,289,179,218,553,626,1241,226,414,99,461,406,80,221,449,317,83,330,134,331,404,267,424,173,273
229,181,39,43,214,53,197,53,68,73,158,225,368,132,103,99,151,357,205,28,112,186,97,83,110,50,107,102,94,252,302,535,104,204,35,235,184,26,99,210,126,39,151,72,120,176,122,189,67,119
93,83,43,8,90,12,80,29,32,35,64,80,144,53,44,41,58,164,88,7,52,89,48,28,64,23,50,37,57,129,139,198,50,91,15,84,78,24,53,76,67,20,63,30,73,75,59,74,33,59
473,476,214,90,245,119,474,145,181,193,433,559,947,315,293,286,367,916,496,60,282,482,309,182,357,132,323,236,253,635,763,1402,280,415,110,544,510,97,268,553,324,94,378,208,427,470,317,506,205,342
139,106,53,12,119,8,107,34,46,47,86,111,193,79,60,56,90,197,104,19,61,107,65,47,82,33,72,64,64,141,164,278,66,114,21,123,98,23,61,101,73,30,83,33,90,116,63,114,35,77
499,436,197,80,474,107,234,148,166,193,393,512,842,303,244,266,343,852,455,55,272,492,285,192,338,119,314,230,261,570,733,1325,251,458,106,511,431,82,254,520,336,111,350,189,384,435,269,510,176,304
188,123,53,29,145,34,148,27,47,60,138,172,266,94,89,98,124,253,145,21,61,146,95,55,102,45,96,67,83,211,232,420,94,138,33,169,144,24,78,179,100,41,129,47,127,139,88,163,58,87
167,158,68,32,181,46,166,47,25,70,141,169,287,97,75,92,121,288,164,21,85,170,101,61,100,34,96,87,92,225,238,515,98,143,28,176,159,29,90,170,107,35,127,51,128,158,92,165,50,118
266,173,73,35,193,47,193,60,70,45,171,248,364,149,117,114,163,353,196,27,148,196,126,87,134,45,138,101,95,236,303,563,107,193,41,214,194,41,119,183,110,35,145,85,175,170,132,203,79,139
423,376,158,64,433,86,393,138,141,171,187,485,754,278,218,233,288,728,441,50,258,448,274,157,260,91,306,229,240,533,660,1166,233,395,107,423,379,73,183,418,256,78,305,150,359,387,268,419,175,293
475,462,225,80,559,111,512,172,169,248,485,332,1013,346,297,349,380,987,594,67,326,602,320,211,374,141,372,271,279,669,877,1600,331,487,112,540,552,88,274,591,367,116,413,233,440,521,407,572,213,364
810,786,368,144,947,193,842,266,287,364,754,1013,779,599,465,540,666,1405,887,109,489,886,537,357,636,239,618,471,439,1143,1332,2277,476,851,202,954,875,143,457,986,606,143,658,344,744,828,617,856,311,574
392,297,132,53,315,79,303,94,97,149,278,346,599,115,177,197,216,614,315,42,189,308,185,122,220,85,209,153,152,391,462,998,187,305,83,345,287,55,163,322,221,67,243,121,258,290,194,337,130,202
332,235,103,44,293,60,244,89,75,117,218,297,465,177,76,139,197,480,267,40,145,241,178,95,168,59,181,134,126,350,406,755,139,258,60,268,211,37,126,293,175,58,201,108,209,219,193,297,94,187
347,240,99,41,286,56,266,98,92,114,233,349,540,197,139,79,220,559,279,35,156,275,164,110,186,50,158,123,133,331,471,856,171,273,75,314,242,44,139,307,175,59,212,116,219,257,198,293,119,202
343,326,151,58,367,90,343,124,121,163,288,380,666,216,197,220,147,662,359,52,182,355,247,124,267,92,233,177,197,470,556,1014,186,364,82,378,352,64,174,391,234,69,266,127,287,341,224,398,137,240
811,791,357,164,916,197,852,253,288,353,728,987,1405,614,480,559,662,778,880,118,492,902,546,358,626,239,628,446,436,1146,1284,2319,430,806,204,967,820,154,462,914,611,168,657,335,779,837,581,910,300,594
505,462,205,88,496,104,455,145,164,196,441,594,887,315,267,279,359,880,262,65,246,479,324,193,339,127,322,215,255,653,809,1457,295,452,97,538,457,78,248,564,325,110,403,176,407,472,280,538,192,332
68,61,28,7,60,19,55,21,21,27,50,67,109,42,40,35,52,118,65,0,23,69,31,19,41,11,36,19,36,90,109,170,35,48,9,64,54,8,37,69,45,15,48,22,43,56,39,65,26,49
315,227,112,52,282,61,272,61,85,148,258,326,489,189,145,156,182,492,246,23,81,283,147,113,161,74,179,121,126,359,430,771,144,237,50,300,250,48,141,303,175,66,243,90,227,246,181,308,106,173
513,473,186,89,482,107,492,146,170,196,448,602,886,308,241,275,355,902,479,69,283,239,320,215,358,133,364,238,280,647,753,1383,271,466,102,541,441,76,247,544,327,117,366,205,403,468,292,530,170,348
353,264,97,48,309,65,285,95,101,126,274,320,537,185,178,164,247,546,324,31,147,320,89,115,196,70,200,148,154,368,436,811,131,262,57,304,255,51,147,325,195,58,237,112,239,258,179,316,114,211
197,178,83,28,182,47,192,55,61,87,157,211,357,122,95,110,124,358,193,19,113,215,115,42,139,55,137,95,96,227,278,538,108,183,38,216,179,33,89,192,121,48,151,70,175,186,130,205,77,131
398,271,110,64,357,82,338,102,100,134,260,374,636,220,168,186,267,626,339,41,161,358,196,139,95,78,196,162,171,393,533,920,175,287,69,349,315,53,191,343,219,66,250,126,244,289,189,348,131,255
152,101,50,23,132,33,119,45,34,45,91,141,239,85,59,50,92,239,127,11,74,133,70,55,78,10,73,46,64,163,197,358,66,111,29,124,119,28,68,139,95,25,114,38,108,114,63,152,37,90
383,289,107,50,323,72,314,96,96,138,306,372,618,209,181,158,233,628,322,36,179,364,200,137,196,73,125,144,160,395,494,956,189,299,94,380,326,61,171,351,198,81,244,132,285,317,211,344,143,238
278,179,102,37,236,64,230,67,87,101,229,271,471,153,134,123,177,446,215,19,121,238,148,95,162,46,144,43,139,313,366,712,150,203,52,250,225,30,116,230,163,50,188,92,177,216,162,273,107,139
322,218,94,57,253,64,261,83,92,95,240,279,439,152,126,133,197,436,255,36,126,280,154,96,171,64,160,139,65,315,352,671,146,251,57,259,235,35,123,282,169,58,171,80,193,252,168,262,96,187
601,553,252,129,635,141,570,211,225,236,533,669,1143,391,350,331,470,1146,653,90,359,647,368,227,393,163,395,313,315,390,946,1712,336,594,137,675,579,92,324,700,431,135,498,238,479,589,393,612,244,405
703,626,302,139,763,164,733,232,238,303,660,877,1332,462,406,471,556,1284,809,109,430,753,436,278,533,197,494,366,352,946,595,2017,420,739,173,860,728,115,386,783,519,139,569,279,604,715,487,801,289,525
1164,1241,535,198,1402,278,1325,420,515,563,1166,1600,2277,998,755,856,1014,2319,1457,170,771,1383,811,538,920,358,956,712,671,1712,2017,1882,683,1270,320,1518,1241,229,695,1433,902,285,994,515,1132,1270,861,1414,483,944
232,226,104,50,280,66,251,94,98,107,233,331,476,187,139,171,186,430,295,35,144,271,131,108,175,66,189,150,146,336,420,683,61,255,47,282,246,45,145,272,149,52,213,119,241,248,177,271,81,171
474,414,204,91,415,114,458,138,143,193,395,487,851,305,258,273,364,806,452,48,237,466,262,183,287,111,299,203,251,594,739,1270,255,190,105,488,446,98,229,496,295,91,353,170,380,449,285,518,168,277
77,99,35,15,110,21,106,33,28,41,107,112,202,83,60,75,82,204,97,9,50,102,57,38,69,29,94,52,57,137,173,320,47,105,11,110,90,15,49,120,88,21,88,43,91,119,55,124,29,69
507,461,235,84,544,123,511,169,176,214,423,540,954,345,268,314,378,967,538,64,300,541,304,216,349,124,380,250,259,675,860,1518,282,488,110,273,483,87,254,615,358,111,448,200,452,484,355,555,194,332
491,406,184,78,510,98,431,144,159,194,379,552,875,287,211,242,352,820,457,54,250,441,255,179,315,119,326,225,235,579,728,1241,246,446,90,483,221,85,241,497,305,93,376,177,361,412,291,466,149,307
73,80,26,24,97,23,82,24,29,41,73,88,143,55,37,44,64,154,78,8,48,76,51,33,53,28,61,30,35,92,115,229,45,98,15,87,85,4,44,78,53,20,68,22,65,84,44,82,30,59
254,221,99,53,268,61,254,78,90,119,183,274,457,163,126,139,174,462,248,37,141,247,147,89,191,68,171,116,123,324,386,695,145,229,49,254,241,44,68,292,156,66,187,81,215,231,176,251,96,153
469,449,210,76,553,101,520,179,170,183,418,591,986,322,293,307,391,914,564,69,303,544,325,192,343,139,351,230,282,700,783,1433,272,496,120,615,497,78,292,286,357,115,377,187,451,500,323,510,191,333
304,317,126,67,324,73,336,100,107,110,256,367,606,221,175,175,234,611,325,45,175,327,195,121,219,95,198,163,169,431,519,902,149,295,88,358,305,53,156,357,108,79,251,120,262,274,195,366,125,233
112,83,39,20,94,30,111,41,35,35,78,116,143,67,58,59,69,168,110,15,66,117,58,48,66,25,81,50,58,135,139,285,52,91,21,111,93,20,66,115,79,14,74,32,75,88,62,121,37,64
389,330,151,63,378,83,350,129,127,145,305,413,658,243,201,212,266,657,403,48,243,366,237,151,250,114,244,188,171,498,569,994,213,353,88,448,376,68,187,377,251,74,147,157,291,353,234,374,161,259
182,134,72,30,208,33,189,47,51,85,150,233,344,121,108,116,127,335,176,22,90,205,112,70,126,38,132,92,80,238,279,515,119,170,43,200,177,22,81,187,120,32,157,29,157,194,110,185,69,137
451,331,120,73,427,90,384,127,128,175,359,440,744,258,209,219,287,779,407,43,227,403,239,175,244,108,285,177,193,479,604,1132,241,380,91,452,361,65,215,451,262,75,291,157,171,348,256,434,148,293
414,404,176,75,470,116,435,139,158,170,387,521,828,290,219,257,341,837,472,56,246,468,258,186,289,114,317,216,252,589,715,1270,248,449,119,484,412,84,231,500,274,88,353,194,348,213,275,454,168,313
325,267,122,59,317,63,269,88,92,132,268,407,617,194,193,198,224,581,280,39,181,292,179,130,189,63,211,162,168,393,487,861,177,285,55,355,291,44,176,323,195,62,234,110,256,275,85,318,122,196
487,424,189,74,506,114,510,163,165,203,419,572,856,337,297,293,398,910,538,65,308,530,316,205,348,152,344,273,262,612,801,1414,271,518,124,555,466,82,251,510,366,121,374,185,434,454,318,248,182,333
156,173,67,33,205,35,176,58,50,79,175,213,311,130,94,119,137,300,192,26,106,170,114,77,131,37,143,107,96,244,289,483,81,168,29,194,149,30,96,191,125,37,161,69,148,168,122,182,20,128
377,273,119,59,342,77,304,87,118,139,293,364,574,202,187,202,240,594,332,49,173,348,211,131,255,90,238,139,187,405,525,944,171,277,69,332,307,59,153,333,233,64,259,137,293,313,196,333,128,123
