276,477,229,84,486,106,518,162,151,236,483,497,856,391,341,343,379,896,528,69,309,528,354,224,408,181,388,302,305,704,729,1190,281,507,107,563,484,74,249,489,314,101,368,193,488,442,342,524,185,372
477,190,170,74,450,104,453,137,119,171,382,498,827,286,224,210,294,813,426,57,212,453,266,167,273,107,270,213,201,527,627,1264,230,398,111,495,430,65,221,498,297,77,322,165,346,434,275,468,165,262
229,170,30,34,201,58,189,65,61,79,176,227,338,134,109,99,161,364,199,27,111,209,123,72,148,51,115,90,106,254,295,556,112,182,44,223,199,26,105,215,134,34,160,72,166,184,123,192,78,131
84,74,34,6,85,9,85,20,30,30,62,106,159,60,45,67,63,144,81,18,47,85,60,39,56,24,66,45,52,105,125,233,39,79,18,103,78,18,40,87,65,13,67,32,92,69,60,96,29,52
486,450,201,85,242,98,475,157,163,201,417,620,937,353,301,324,355,894,492,65,284,481,290,184,334,133,350,233,273,607,758,1445,298,446,125,505,496,83,250,557,337,113,405,178,401,505,321,505,195,333
106,104,58,9,98,11,102,32,36,44,110,115,212,84,63,88,77,207,114,19,79,111,74,44,79,29,74,68,63,134,160,311,54,98,26,134,108,23,45,112,100,20,107,45,88,106,73,111,39,85
518,453,189,85,475,102,233,152,158,172,424,535,905,297,223,247,386,837,517,57,264,499,294,198,340,116,317,230,241,619,741,1368,243,456,105,534,415,91,248,491,325,97,377,181,400,445,290,491,171,322
162,137,65,20,157,32,152,26,63,75,146,160,265,91,84,92,116,264,150,22,98,147,89,57,96,39,106,69,58,187,233,436,80,137,29,155,145,25,65,164,101,23,133,54,103,134,105,156,57,95
151,119,61,30,163,36,158,63,27,66,150,170,307,103,71,76,132,307,150,28,91,169,91,78,122,46,111,89,84,206,234,495,90,163,37,152,163,27,86,188,114,36,121,67,165,165,99,176,67,107
236,171,79,30,201,44,172,75,66,42,159,216,327,145,119,138,152,385,216,32,109,203,124,86,131,51,147,97,116,270,293,555,111,174,41,205,175,36,106,207,115,52,163,69,166,176,125,218,78,138
483,382,176,62,417,110,424,146,150,159,188,484,740,280,251,271,307,812,413,57,226,425,248,166,297,103,289,199,221,533,644,1106,232,358,87,458,409,73,214,430,259,90,328,167,342,432,280,457,160,275
497,498,227,106,620,115,535,160,170,216,484,302,981,362,274,312,379,991,568,65,319,546,328,238,384,127,362,291,272,771,855,1613,320,542,125,595,523,94,289,605,394,128,479,226,427,539,381,622,206,407
856,827,338,159,937,212,905,265,307,327,740,981,831,592,460,531,671,1531,970,117,453,983,547,392,644,227,616,472,448,1155,1443,2493,489,815,207,982,814,159,437,1012,630,191,698,338,762,799,596,1007,346,611
391,286,134,60,353,84,297,91,103,145,280,362,592,103,169,188,269,579,319,38,166,324,203,125,217,83,256,125,179,389,494,898,171,301,78,373,287,55,171,298,205,61,246,119,257,300,218,373,112,225
341,224,109,45,301,63,223,84,71,119,251,274,460,169,64,149,214,490,281,32,158,287,155,119,173,60,163,139,140,344,407,726,144,250,42,268,268,42,143,266,178,55,221,87,199,259,172,305,91,186
343,210,99,67,324,88,247,92,76,138,271,312,531,188,149,78,221,538,289,38,162,287,162,111,185,73,196,141,135,337,428,786,147,264,47,306,293,41,166,294,185,57,253,110,232,279,195,320,104,206
379,294,161,63,355,77,386,116,132,152,307,379,671,269,214,221,145,644,381,37,201,381,219,153,217,99,249,172,197,436,566,1053,185,337,86,398,363,54,203,387,253,82,285,133,301,349,244,387,156,231
896,813,364,144,894,207,837,264,307,385,812,991,1531,579,490,538,644,890,916,117,484,914,555,367,635,220,602,450,419,1178,1396,2558,505,798,217,978,780,165,442,1031,622,163,690,335,742,821,585,964,373,611
528,426,199,81,492,114,517,150,150,216,413,568,970,319,281,289,381,916,239,56,250,488,305,203,329,133,355,237,261,625,811,1432,270,446,117,563,523,80,249,574,362,98,363,191,411,501,341,536,203,333
69,57,27,18,65,19,57,22,28,32,57,65,117,38,32,38,37,117,56,5,25,55,36,24,38,9,38,38,42,85,96,152,34,59,13,57,64,9,35,64,41,10,43,29,49,60,41,51,33,34
309,212,111,47,284,79,264,98,91,109,226,319,453,166,158,162,201,484,250,25,73,259,150,95,164,63,153,134,118,315,398,795,161,260,64,271,271,50,140,290,192,52,206,103,202,259,170,290,110,187
528,453,209,85,481,111,499,147,169,203,425,546,983,324,287,287,381,914,488,55,259,287,320,187,365,127,364,219,274,611,823,1451,290,479,114,534,528,84,266,549,362,110,388,199,439,515,327,514,203,327
354,266,123,60,290,74,294,89,91,124,248,328,547,203,155,162,219,555,305,36,150,320,86,119,191,89,200,146,141,361,459,823,154,287,61,300,298,52,137,294,218,45,233,82,227,283,210,319,116,194
224,167,72,39,184,44,198,57,78,86,166,238,392,125,119,111,153,367,203,24,95,187,119,46,136,48,140,87,101,243,321,577,117,184,42,228,202,30,103,186,121,33,131,64,162,183,125,192,72,142
408,273,148,56,334,79,340,96,122,131,297,384,644,217,173,185,217,635,329,38,164,365,191,136,110,74,211,153,155,441,516,942,203,329,68,339,333,54,165,363,220,74,240,124,258,330,214,350,128,234
181,107,51,24,133,29,116,39,46,51,103,127,227,83,60,73,99,220,133,9,63,127,89,48,74,13,79,60,53,145,187,336,52,115,35,133,120,15,65,128,78,33,106,48,98,110,70,134,53,102
388,270,115,66,350,74,317,106,111,147,289,362,616,256,163,196,249,602,355,38,153,364,200,140,211,79,115,154,173,388,536,953,174,294,81,333,334,43,166,351,217,79,240,127,278,336,219,352,130,255
302,213,90,45,233,68,230,69,89,97,199,291,472,125,139,141,172,450,237,38,134,219,146,87,153,60,154,56,103,294,349,697,136,228,65,245,230,34,129,254,150,46,202,82,181,221,149,230,91,169
305,201,106,52,273,63,241,58,84,116,221,272,448,179,140,135,197,419,261,42,118,274,141,101,155,53,173,103,63,330,375,677,140,242,54,237,242,41,120,248,177,60,200,95,217,225,177,278,81,171
704,527,254,105,607,134,619,187,206,270,533,771,1155,389,344,337,436,1178,625,85,315,611,361,243,441,145,388,294,330,396,940,1876,377,549,163,698,550,99,335,728,405,118,471,251,532,631,403,694,253,409
729,627,295,125,758,160,741,233,234,293,644,855,1443,494,407,428,566,1396,811,96,398,823,459,321,516,187,536,349,375,940,591,2156,468,715,185,823,718,121,395,852,546,166,598,316,661,738,519,807,274,488
1190,1264,556,233,1445,311,1368,436,495,555,1106,1613,2493,898,726,786,1053,2558,1432,152,795,1451,823,577,942,336,953,697,677,1876,2156,1993,722,1364,354,1475,1271,291,731,1607,1005,319,1111,536,1136,1335,895,1532,509,904
281,230,112,39,298,54,243,80,90,111,232,320,489,171,144,147,185,505,270,34,161,290,154,117,203,52,174,136,140,377,468,722,67,268,57,298,254,53,123,324,220,50,224,90,222,288,175,285,110,168
507,398,182,79,446,98,456,137,163,174,358,542,815,301,250,264,337,798,446,59,260,479,287,184,329,115,294,228,242,549,715,1364,268,220,110,501,432,84,214,502,340,91,391,190,389,459,327,474,169,320
107,111,44,18,125,26,105,29,37,41,87,125,207,78,42,47,86,217,117,13,64,114,61,42,68,35,81,65,54,163,185,354,57,110,14,115,107,15,65,113,79,26,97,38,103,113,74,121,49,68
563,495,223,103,505,134,534,155,152,205,458,595,982,373,268,306,398,978,563,57,271,534,300,228,339,133,333,245,237,698,823,1475,298,501,115,273,540,82,289,564,339,100,417,208,456,482,359,586,212,341
484,430,199,78,496,108,415,145,163,175,409,523,814,287,268,293,363,780,523,64,271,528,298,202,333,120,334,230,242,550,718,1271,254,432,107,540,209,81,258,486,320,91,375,164,374,451,277,486,165,293
74,65,26,18,83,23,91,25,27,36,73,94,159,55,42,41,54,165,80,9,50,84,52,30,54,15,43,34,41,99,121,291,53,84,15,82,81,7,37,91,54,10,58,38,73,98,48,86,28,54
249,221,105,40,250,45,248,65,86,106,214,289,437,171,143,166,203,442,249,35,140,266,137,103,165,65,166,129,120,335,395,731,123,214,65,289,258,37,64,295,170,42,199,94,214,249,167,285,91,186
489,498,215,87,557,112,491,164,188,207,430,605,1012,298,266,294,387,1031,574,64,290,549,294,186,363,128,351,254,248,728,852,1607,324,502,113,564,486,91,295,298,356,126,423,221,424,468,336,555,206,358
314,297,134,65,337,100,325,101,114,115,259,394,630,205,178,185,253,622,362,41,192,362,218,121,220,78,217,150,177,405,546,1005,220,340,79,339,320,54,170,356,114,83,239,126,276,294,231,305,122,236
101,77,34,13,113,20,97,23,36,52,90,128,191,61,55,57,82,163,98,10,52,110,45,33,74,33,79,46,60,118,166,319,50,91,26,100,91,10,42,126,83,6,102,47,83,110,66,118,42,63
368,322,160,67,405,107,377,133,121,163,328,479,698,246,221,253,285,690,363,43,206,388,233,131,240,106,240,202,200,471,598,1111,224,391,97,417,375,58,199,423,239,102,133,169,305,372,263,372,155,259
193,165,72,32,178,45,181,54,67,69,167,226,338,119,87,110,133,335,191,29,103,199,82,64,124,48,127,82,95,251,316,536,90,190,38,208,164,38,94,221,126,47,169,36,137,158,97,215,68,125
488,346,166,92,401,88,400,103,165,166,342,427,762,257,199,232,301,742,411,49,202,439,227,162,258,98,278,181,217,532,661,1136,222,389,103,456,374,73,214,424,276,83,305,137,179,395,254,452,146,284
442,434,184,69,505,106,445,134,165,176,432,539,799,300,259,279,349,821,501,60,259,515,283,183,330,110,336,221,225,631,738,1335,288,459,113,482,451,98,249,468,294,110,372,158,395,228,302,518,172,302
342,275,123,60,321,73,290,105,99,125,280,381,596,218,172,195,244,585,341,41,170,327,210,125,214,70,219,149,177,403,519,895,175,327,74,359,277,48,167,336,231,66,263,97,254,302,104,331,128,244
524,468,192,96,505,111,491,156,176,218,457,622,1007,373,305,320,387,964,536,51,290,514,319,192,350,134,352,230,278,694,807,1532,285,474,121,586,486,86,285,555,305,118,372,215,452,518,331,270,205,350
185,165,78,29,195,39,171,57,67,78,160,206,346,112,91,104,156,373,203,33,110,203,116,72,128,53,130,91,81,253,274,509,110,169,49,212,165,28,91,206,122,42,155,68,146,172,128,205,37,128
372,262,131,52,333,85,322,95,107,138,275,407,611,225,186,206,231,611,333,34,187,327,194,142,234,102,255,169,171,409,488,904,168,320,68,341,293,54,186,358,236,63,259,125,284,302,244,350,128,116
