280,476,208,109,507,98,470,209,173,237,458,495,885,387,315,349,361,862,489,78,300,525,365,215,365,135,357,282,294,648,690,1169,249,495,78,498,474,89,266,477,326,106,353,187,454,427,338,489,160,385
476,182,145,77,432,105,430,136,135,174,378,485,791,273,219,263,318,816,464,43,218,479,262,173,251,102,276,187,215,560,679,1254,246,405,102,452,409,77,203,509,277,95,388,145,347,404,257,463,151,293
208,145,45,35,193,34,174,64,67,78,162,227,360,128,100,109,142,370,193,24,93,188,106,69,116,39,124,84,89,254,312,582,141,174,45,201,171,32,86,209,129,39,159,60,159,191,115,214,58,126
109,77,35,8,84,21,83,26,28,34,86,82,112,47,37,49,57,141,65,13,48,82,39,29,58,21,57,44,47,91,140,213,49,86,17,114,73,9,37,88,55,14,70,25,70,74,56,83,27,53
507,432,193,84,249,118,488,165,172,197,407,600,849,333,288,283,382,886,502,56,290,503,297,216,335,146,355,214,244,671,729,1381,277,490,120,520,501,100,242,524,340,99,363,204,391,448,296,561,180,348
98,105,34,21,118,12,97,40,33,49,99,119,173,69,51,64,73,199,92,17,65,102,63,27,87,34,75,63,62,154,160,278,52,119,26,138,104,16,54,109,59,23,81,59,84,106,75,106,42,87
470,430,174,83,488,97,225,149,155,204,416,526,828,300,255,285,318,875,471,57,261,473,273,178,309,117,312,248,235,573,757,1368,287,478,102,562,427,84,247,503,308,105,357,189,375,449,268,505,166,317
209,136,64,26,165,40,149,20,41,69,142,186,258,89,73,101,111,261,157,13,67,153,81,69,82,27,86,67,77,173,235,413,91,139,31,146,146,24,62,182,104,18,123,65,121,159,82,184,49,100
173,135,67,28,172,33,155,41,21,70,126,175,313,122,94,93,118,277,156,20,82,162,98,81,109,45,121,80,103,207,258,429,96,165,36,172,172,25,87,177,100,36,121,67,147,134,109,172,54,119
237,174,78,34,197,49,204,69,70,37,153,204,345,125,100,124,143,369,209,26,106,214,129,104,128,53,111,90,100,247,317,553,106,182,49,218,189,30,98,194,135,47,172,78,160,181,114,210,78,151
458,378,162,86,407,99,416,142,126,153,153,472,732,276,248,266,309,767,443,52,231,455,273,162,287,125,296,184,221,519,665,1165,205,391,108,435,433,68,203,446,282,100,333,177,370,381,261,488,155,292
495,485,227,82,600,119,526,186,175,204,472,313,983,374,314,284,390,1035,605,71,306,564,331,211,355,145,374,256,274,709,848,1595,305,518,132,591,477,103,287,602,387,104,397,187,439,555,368,598,208,355
885,791,360,112,849,173,828,258,313,345,732,983,813,624,522,555,659,1464,950,112,502,955,564,370,615,237,615,415,433,1140,1352,2456,530,851,202,999,812,136,445,979,619,197,696,369,718,841,603,883,357,612
387,273,128,47,333,69,300,89,122,125,276,374,624,96,186,198,238,643,340,32,174,325,187,121,205,95,219,168,154,387,496,920,191,303,69,330,317,47,139,322,220,78,262,129,263,330,184,346,130,233
315,219,100,37,288,51,255,73,94,100,248,314,522,186,59,130,183,514,245,31,148,299,139,117,190,76,162,127,120,326,428,782,148,246,74,275,219,41,128,289,188,52,225,92,216,263,159,316,107,197
349,263,109,49,283,64,285,101,93,124,266,284,555,198,130,81,209,559,300,30,132,288,159,114,178,69,185,122,138,325,455,835,179,245,58,278,246,46,126,342,174,63,225,107,235,277,187,319,111,200
361,318,142,57,382,73,318,111,118,143,309,390,659,238,183,209,150,629,323,54,214,366,211,130,271,97,255,184,189,484,594,1010,186,338,71,344,307,63,169,361,246,66,298,124,302,357,226,421,127,245
862,816,370,141,886,199,875,261,277,369,767,1035,1464,643,514,559,629,795,901,108,505,952,585,361,627,239,635,429,444,1111,1372,2428,506,862,221,930,866,136,451,978,597,204,673,362,725,826,596,922,335,610
489,464,193,65,502,92,471,157,156,209,443,605,950,340,245,300,323,901,240,63,302,442,272,207,324,142,351,271,231,603,738,1376,259,456,115,525,482,96,250,546,328,111,396,215,378,483,302,588,178,330
78,43,24,13,56,17,57,13,20,26,52,71,112,32,31,30,54,108,63,3,23,79,33,32,34,12,49,29,27,62,102,185,27,72,14,69,58,10,26,82,40,12,48,19,50,47,40,55,16,33
300,218,93,48,290,65,261,67,82,106,231,306,502,174,148,132,214,505,302,23,68,289,157,93,169,55,170,111,132,363,414,823,169,271,66,275,246,49,133,307,186,41,213,122,221,260,148,323,103,186
525,479,188,82,503,102,473,153,162,214,455,564,955,325,299,288,366,952,442,79,289,243,285,198,321,128,337,255,248,636,762,1381,274,502,134,575,480,90,249,546,359,111,382,192,388,480,307,573,206,362
365,262,106,39,297,63,273,81,98,129,273,331,564,187,139,159,211,585,272,33,157,285,77,147,204,82,174,123,155,354,438,823,157,264,82,301,286,44,154,287,196,67,230,106,239,279,180,323,129,224
215,173,69,29,216,27,178,69,81,104,162,211,370,121,117,114,130,361,207,32,93,198,147,40,119,45,124,106,116,254,295,543,121,188,43,204,203,38,105,202,141,45,157,69,153,198,118,209,76,144
365,251,116,58,335,87,309,82,109,128,287,355,615,205,190,178,271,627,324,34,169,321,204,119,114,77,202,137,160,421,501,1001,192,345,92,353,329,36,176,349,228,58,260,122,249,313,192,384,131,223
135,102,39,21,146,34,117,27,45,53,125,145,237,95,76,69,97,239,142,12,55,128,82,45,77,10,57,58,65,153,192,358,73,127,25,131,129,22,53,156,88,22,77,44,90,130,75,145,44,77
357,276,124,57,355,75,312,86,121,111,296,374,615,219,162,185,255,635,351,49,170,337,174,124,202,57,103,143,155,444,526,955,197,325,83,385,329,52,157,372,204,56,276,126,236,307,193,378,128,220
282,187,84,44,214,63,248,67,80,90,184,256,415,168,127,122,184,429,271,29,111,255,123,106,137,58,143,54,115,295,367,679,127,220,55,252,227,37,96,280,158,43,185,95,187,227,135,285,100,158
294,215,89,47,244,62,235,77,103,100,221,274,433,154,120,138,189,444,231,27,132,248,155,116,160,65,155,115,65,304,391,720,132,218,46,262,241,40,127,284,169,45,188,99,197,230,139,259,84,195
648,560,254,91,671,154,573,173,207,247,519,709,1140,387,326,325,484,1111,603,62,363,636,354,254,421,153,444,295,304,415,956,1822,385,589,123,716,583,94,307,688,434,121,460,217,473,593,384,682,258,397
690,679,312,140,729,160,757,235,258,317,665,848,1352,496,428,455,594,1372,738,102,414,762,438,295,501,192,526,367,391,956,547,2077,404,772,174,845,735,128,386,814,530,159,548,314,632,678,503,739,264,487
1169,1254,582,213,1381,278,1368,413,429,553,1165,1595,2456,920,782,835,1010,2428,1376,185,823,1381,823,543,1001,358,955,679,720,1822,2077,1940,815,1340,328,1522,1296,247,717,1500,963,287,1038,552,1125,1320,928,1307,512,907
249,246,141,49,277,52,287,91,96,106,205,305,530,191,148,179,186,506,259,27,169,274,157,121,192,73,197,127,132,385,404,815,87,258,81,299,289,37,150,277,180,65,228,107,216,240,178,291,111,168
495,405,174,86,490,119,478,139,165,182,391,518,851,303,246,245,338,862,456,72,271,502,264,188,345,127,325,220,218,589,772,1340,258,234,102,504,440,83,242,494,318,96,324,181,393,429,291,493,170,312
78,102,45,17,120,26,102,31,36,49,108,132,202,69,74,58,71,221,115,14,66,134,82,43,92,25,83,55,46,123,174,328,81,102,15,130,87,21,57,127,83,21,95,40,95,112,73,119,47,74
498,452,201,114,520,138,562,146,172,218,435,591,999,330,275,278,344,930,525,69,275,575,301,204,353,131,385,252,262,716,845,1522,299,504,130,273,515,79,284,542,332,93,420,198,446,473,302,577,226,371
474,409,171,73,501,104,427,146,172,189,433,477,812,317,219,246,307,866,482,58,246,480,286,203,329,129,329,227,241,583,735,1296,289,440,87,515,204,74,244,542,322,100,366,189,354,445,291,477,173,290
89,77,32,9,100,16,84,24,25,30,68,103,136,47,41,46,63,136,96,10,49,90,44,38,36,22,52,37,40,94,128,247,37,83,21,79,74,5,45,101,64,20,60,28,63,92,40,90,32,57
266,203,86,37,242,54,247,62,87,98,203,287,445,139,128,126,169,451,250,26,133,249,154,105,176,53,157,96,127,307,386,717,150,242,57,284,244,45,54,259,162,46,197,99,200,260,152,275,89,151
477,509,209,88,524,109,503,182,177,194,446,602,979,322,289,342,361,978,546,82,307,546,287,202,349,156,372,280,284,688,814,1500,277,494,127,542,542,101,259,281,358,115,432,200,434,518,339,555,188,343
326,277,129,55,340,59,308,104,100,135,282,387,619,220,188,174,246,597,328,40,186,359,196,141,228,88,204,158,169,434,530,963,180,318,83,332,322,64,162,358,108,80,246,125,265,319,219,367,115,217
106,95,39,14,99,23,105,18,36,47,100,104,197,78,52,63,66,204,111,12,41,111,67,45,58,22,56,43,45,121,159,287,65,96,21,93,100,20,46,115,80,4,72,37,83,99,55,106,33,73
353,388,159,70,363,81,357,123,121,172,333,397,696,262,225,225,298,673,396,48,213,382,230,157,260,77,276,185,188,460,548,1038,228,324,95,420,366,60,197,432,246,72,118,155,337,361,276,404,143,261
187,145,60,25,204,59,189,65,67,78,177,187,369,129,92,107,124,362,215,19,122,192,106,69,122,44,126,95,99,217,314,552,107,181,40,198,189,28,99,200,125,37,155,28,140,182,143,198,74,122
454,347,159,70,391,84,375,121,147,160,370,439,718,263,216,235,302,725,378,50,221,388,239,153,249,90,236,187,197,473,632,1125,216,393,95,446,354,63,200,434,265,83,337,140,157,372,226,449,156,267
427,404,191,74,448,106,449,159,134,181,381,555,841,330,263,277,357,826,483,47,260,480,279,198,313,130,307,227,230,593,678,1320,240,429,112,473,445,92,260,518,319,99,361,182,372,219,296,491,170,279
338,257,115,56,296,75,268,82,109,114,261,368,603,184,159,187,226,596,302,40,148,307,180,118,192,75,193,135,139,384,503,928,178,291,73,302,291,40,152,339,219,55,276,143,226,296,107,360,134,224
489,463,214,83,561,106,505,184,172,210,488,598,883,346,316,319,421,922,588,55,323,573,323,209,384,145,378,285,259,682,739,1307,291,493,119,577,477,90,275,555,367,106,404,198,449,491,360,259,185,328
160,151,58,27,180,42,166,49,54,78,155,208,357,130,107,111,127,335,178,16,103,206,129,76,131,44,128,100,84,258,264,512,111,170,47,226,173,32,89,188,115,33,143,74,156,170,134,185,38,108
385,293,126,53,348,87,317,100,119,151,292,355,612,233,197,200,245,610,330,33,186,362,224,144,223,77,220,158,195,397,487,907,168,312,74,371,290,57,151,343,217,73,261,122,267,279,224,328,108,113
