281,492,222,87,505,95,475,173,178,237,466,496,845,377,309,340,353,846,534,63,315,519,330,200,384,163,396,311,287,615,673,1250,256,465,107,529,461,86,248,492,334,105,342,198,390,438,331,522,167,368
492,167,169,83,443,88,446,126,132,193,393,491,829,251,210,248,331,792,434,36,218,440,255,153,266,100,276,213,211,548,670,1264,224,420,98,493,380,77,234,462,295,82,324,158,345,461,241,495,175,306
222,169,31,36,188,57,226,53,69,89,189,232,389,139,94,109,129,411,203,23,108,210,109,95,134,45,121,87,105,232,300,616,130,181,46,209,193,32,95,218,137,34,160,75,167,189,123,217,79,134
87,83,36,6,89,13,73,23,31,43,78,91,159,61,49,52,68,151,76,10,41,83,62,30,67,28,61,42,45,115,142,200,46,69,21,92,61,14,33,91,61,18,63,39,79,67,54,93,33,63
505,443,188,89,282,99,479,158,155,224,439,602,945,314,263,308,388,974,512,62,282,483,291,203,342,133,343,244,229,721,792,1441,267,462,127,565,454,97,267,577,364,100,427,173,380,477,318,522,195,354
95,88,57,13,99,9,84,33,36,51,97,131,200,81,62,68,87,201,116,21,61,137,70,35,70,33,69,57,61,142,194,285,63,109,29,127,81,17,48,110,66,20,73,57,88,108,69,99,44,92
475,446,226,73,479,84,230,153,177,229,451,544,879,307,280,310,351,878,475,58,275,507,295,201,320,120,335,223,241,607,734,1339,276,459,117,561,444,85,266,527,341,88,344,204,375,452,310,489,189,356
173,126,53,23,158,33,153,27,34,74,142,156,252,104,95,95,103,288,154,21,69,152,86,77,103,43,109,69,74,165,242,410,91,140,31,151,147,21,80,176,103,33,113,51,124,142,81,155,51,96
178,132,69,31,155,36,177,34,30,65,162,187,309,116,84,104,118,277,172,14,84,165,97,63,119,44,115,52,65,191,280,458,91,148,46,196,170,30,72,181,115,33,116,61,144,161,103,199,68,142
237,193,89,43,224,51,229,74,65,47,158,227,370,157,93,114,151,364,176,26,124,203,145,88,147,50,137,106,112,262,291,537,92,187,49,216,226,32,114,219,125,51,140,88,175,170,133,199,69,151
466,393,189,78,439,97,451,142,162,158,173,475,769,285,223,258,309,762,425,47,234,429,246,168,299,104,297,216,221,551,649,1151,233,409,87,456,438,71,267,445,304,94,295,171,349,385,277,450,142,286
496,491,232,91,602,131,544,156,187,227,475,317,1035,338,290,318,377,1018,581,69,304,589,315,222,342,142,394,235,257,747,871,1646,314,526,135,588,499,105,283,631,370,109,425,211,411,507,350,577,202,343
845,829,389,159,945,200,879,252,309,370,769,1035,849,558,488,526,640,1576,917,114,465,934,577,356,570,235,634,421,450,1175,1411,2554,530,856,229,1009,858,162,461,976,629,194,690,366,700,861,606,996,351,624
377,251,139,61,314,81,307,104,116,157,285,338,558,106,185,205,251,585,311,49,174,344,190,111,220,92,218,141,169,441,513,882,174,315,84,324,323,51,167,360,223,67,266,104,253,271,203,363,121,232
309,210,94,49,263,62,280,95,84,93,223,290,488,185,61,131,182,488,245,31,147,269,149,103,175,71,182,132,118,304,390,757,159,238,65,262,255,52,150,313,185,58,208,112,194,237,150,255,103,181
340,248,109,52,308,68,310,95,104,114,258,318,526,205,131,80,200,515,270,32,149,312,169,120,188,82,216,139,129,338,431,805,164,277,65,306,294,55,160,348,216,58,240,101,228,280,159,295,110,179
353,331,129,68,388,87,351,103,118,151,309,377,640,251,182,200,153,679,380,42,204,388,220,127,249,99,236,177,172,444,575,1015,219,359,93,373,336,60,198,395,252,79,274,129,269,336,232,386,148,248
846,792,411,151,974,201,878,288,277,364,762,1018,1576,585,488,515,679,820,956,100,502,941,548,335,600,227,650,405,480,1107,1415,2582,506,850,212,1005,873,158,483,1009,624,195,697,357,726,846,608,973,341,585
534,434,203,76,512,116,475,154,172,176,425,581,917,311,245,270,380,956,253,73,279,483,291,204,323,158,341,236,273,641,791,1431,264,472,138,514,492,84,257,541,301,105,389,201,382,457,328,532,212,367
63,36,23,10,62,21,58,21,14,26,47,69,114,49,31,32,42,100,73,1,31,61,45,26,30,21,54,18,36,69,86,191,34,55,9,64,52,5,26,55,45,12,66,17,56,52,37,73,20,39
315,218,108,41,282,61,275,69,84,124,234,304,465,174,147,149,204,502,279,31,75,294,154,111,179,63,177,107,131,329,389,762,133,249,63,289,267,34,116,303,180,49,208,111,202,253,160,294,106,185
519,440,210,83,483,137,507,152,165,203,429,589,934,344,269,312,388,941,483,61,294,270,307,189,353,149,346,252,266,669,784,1417,269,502,113,564,492,73,249,563,341,103,396,209,408,464,296,542,191,342
330,255,109,62,291,70,295,86,97,145,246,315,577,190,149,169,220,548,291,45,154,307,90,120,177,61,175,118,151,347,476,868,185,269,74,294,301,34,140,332,196,69,227,106,224,268,184,331,124,212
200,153,95,30,203,35,201,77,63,88,168,222,356,111,103,120,127,335,204,26,111,189,120,46,118,46,119,94,108,246,285,555,111,209,37,188,184,26,112,254,123,42,135,69,164,176,109,202,75,141
384,266,134,67,342,70,320,103,119,147,299,342,570,220,175,188,249,600,323,30,179,353,177,118,93,56,182,173,163,380,502,956,191,327,80,355,307,59,180,357,219,63,247,120,238,305,184,364,137,240
163,100,45,28,133,33,120,43,44,50,104,142,235,92,71,82,99,227,158,21,63,149,61,46,56,18,57,62,60,147,200,356,58,122,29,119,122,13,60,146,81,26,93,49,103,110,79,125,48,89
396,276,121,61,343,69,335,109,115,137,297,394,634,218,182,216,236,650,341,54,177,346,175,119,182,57,91,153,161,431,529,971,186,326,75,350,338,60,175,389,244,77,246,110,265,296,212,335,137,236
311,213,87,42,244,57,223,69,52,106,216,235,421,141,132,139,177,405,236,18,107,252,118,94,173,62,153,65,131,289,350,636,133,217,56,240,232,32,117,242,150,37,171,97,181,206,154,241,89,158
287,211,105,45,229,61,241,74,65,112,221,257,450,169,118,129,172,480,273,36,131,266,151,108,163,60,161,131,77,319,387,717,144,241,54,229,242,42,121,261,157,46,197,80,215,233,138,260,100,158
615,548,232,115,721,142,607,165,191,262,551,747,1175,441,304,338,444,1107,641,69,329,669,347,246,380,147,431,289,319,373,959,1880,381,577,154,635,643,83,307,717,450,134,502,265,499,595,402,627,266,416
673,670,300,142,792,194,734,242,280,291,649,871,1411,513,390,431,575,1415,791,86,389,784,476,285,502,200,529,350,387,959,624,2258,453,722,170,805,670,123,404,872,494,170,575,324,642,668,459,782,288,498
1250,1264,616,200,1441,285,1339,410,458,537,1151,1646,2554,882,757,805,1015,2582,1431,191,762,1417,868,555,956,356,971,636,717,1880,2258,2010,782,1243,305,1580,1245,270,737,1596,956,306,1075,556,1111,1327,902,1495,515,943
256,224,130,46,267,63,276,91,91,92,233,314,530,174,159,164,219,506,264,34,133,269,185,111,191,58,186,133,144,381,453,782,76,214,62,277,241,57,144,301,193,73,195,111,204,283,166,291,100,189
465,420,181,69,462,109,459,140,148,187,409,526,856,315,238,277,359,850,472,55,249,502,269,209,327,122,326,217,241,577,722,1243,214,205,109,503,417,71,244,518,299,96,388,190,410,397,303,490,173,327
107,98,46,21,127,29,117,31,46,49,87,135,229,84,65,65,93,212,138,9,63,113,74,37,80,29,75,56,54,154,170,305,62,109,12,112,116,23,58,126,95,28,93,45,104,110,94,115,44,74
529,493,209,92,565,127,561,151,196,216,456,588,1009,324,262,306,373,1005,514,64,289,564,294,188,355,119,350,240,229,635,805,1580,277,503,112,298,527,86,261,586,380,100,437,197,406,485,325,615,194,343
461,380,193,61,454,81,444,147,170,226,438,499,858,323,255,294,336,873,492,52,267,492,301,184,307,122,338,232,242,643,670,1245,241,417,116,527,216,88,247,509,314,94,380,194,373,429,330,505,187,317
86,77,32,14,97,17,85,21,30,32,71,105,162,51,52,55,60,158,84,5,34,73,34,26,59,13,60,32,42,83,123,270,57,71,23,86,88,8,39,108,65,15,68,36,74,95,53,109,36,54
248,234,95,33,267,48,266,80,72,114,267,283,461,167,150,160,198,483,257,26,116,249,140,112,180,60,175,117,121,307,404,737,144,244,58,261,247,39,63,310,180,53,215,96,198,239,144,287,92,168
492,462,218,91,577,110,527,176,181,219,445,631,976,360,313,348,395,1009,541,55,303,563,332,254,357,146,389,242,261,717,872,1596,301,518,126,586,509,108,310,301,340,123,421,195,444,542,370,576,194,375
334,295,137,61,364,66,341,103,115,125,304,370,629,223,185,216,252,624,301,45,180,341,196,123,219,81,244,150,157,450,494,956,193,299,95,380,314,65,180,340,103,73,247,119,253,323,221,329,142,227
105,82,34,18,100,20,88,33,33,51,94,109,194,67,58,58,79,195,105,12,49,103,69,42,63,26,77,37,46,134,170,306,73,96,28,100,94,15,53,123,73,12,82,38,85,89,68,96,39,79
342,324,160,63,427,73,344,113,116,140,295,425,690,266,208,240,274,697,389,66,208,396,227,135,247,93,246,171,197,502,575,1075,195,388,93,437,380,68,215,421,247,82,129,147,312,388,261,386,153,226
198,158,75,39,173,57,204,51,61,88,171,211,366,104,112,101,129,357,201,17,111,209,106,69,120,49,110,97,80,265,324,556,111,190,45,197,194,36,96,195,119,38,147,32,157,177,140,208,71,124
390,345,167,79,380,88,375,124,144,175,349,411,700,253,194,228,269,726,382,56,202,408,224,164,238,103,265,181,215,499,642,1111,204,410,104,406,373,74,198,444,253,85,312,157,167,356,231,419,152,271
438,461,189,67,477,108,452,142,161,170,385,507,861,271,237,280,336,846,457,52,253,464,268,176,305,110,296,206,233,595,668,1327,283,397,110,485,429,95,239,542,323,89,388,177,356,221,288,505,158,313
331,241,123,54,318,69,310,81,103,133,277,350,606,203,150,159,232,608,328,37,160,296,184,109,184,79,212,154,138,402,459,902,166,303,94,325,330,53,144,370,221,68,261,140,231,288,99,353,133,207
522,495,217,93,522,99,489,155,199,199,450,577,996,363,255,295,386,973,532,73,294,542,331,202,364,125,335,241,260,627,782,1495,291,490,115,615,505,109,287,576,329,96,386,208,419,505,353,276,196,373
167,175,79,33,195,44,189,51,68,69,142,202,351,121,103,110,148,341,212,20,106,191,124,75,137,48,137,89,100,266,288,515,100,173,44,194,187,36,92,194,142,39,153,71,152,158,133,196,35,142
368,306,134,63,354,92,356,96,142,151,286,343,624,232,181,179,248,585,367,39,185,342,212,141,240,89,236,158,158,416,498,943,189,327,74,343,317,54,168,375,227,79,226,124,271,313,207,373,142,129
