271,484,201,84,502,112,457,206,182,234,463,550,838,379,342,330,359,825,548,61,314,521,332,210,373,154,396,306,285,577,706,1195,271,534,118,524,480,89,253,494,324,115,390,187,423,437,346,496,171,379
484,174,183,83,484,95,445,107,138,150,381,485,815,269,223,246,298,815,419,62,246,450,259,160,300,91,274,172,210,570,683,1287,242,407,93,475,427,83,214,467,269,97,317,149,359,404,285,449,151,262
201,183,43,36,192,50,194,66,66,84,166,234,341,133,104,107,148,351,199,23,96,191,117,92,122,46,125,91,92,239,306,557,103,196,36,205,188,30,84,220,140,34,152,58,163,195,122,199,57,122
84,83,36,6,89,18,72,28,38,42,71,97,158,57,43,49,64,160,95,9,49,78,49,37,43,28,69,47,34,114,123,223,48,75,16,95,82,12,42,82,48,18,56,25,54,79,54,84,28,55
502,484,192,89,245,120,518,160,186,217,458,541,934,345,276,303,371,917,490,61,306,527,301,194,342,122,357,232,265,607,782,1475,285,489,91,544,484,83,278,567,350,105,373,189,408,457,304,556,202,388
112,95,50,18,120,9,104,38,31,49,91,124,205,71,61,69,91,191,128,11,68,122,75,57,74,33,76,53,41,150,168,282,65,109,17,128,120,21,61,102,74,35,87,40,80,109,75,115,39,75
457,445,194,72,518,104,211,157,157,195,413,526,852,306,252,278,338,915,500,57,261,477,274,227,327,137,313,204,219,622,710,1310,250,444,97,539,452,87,261,512,318,108,364,163,359,415,302,479,189,313
206,107,66,28,160,38,157,19,69,60,132,163,264,84,92,99,126,286,131,29,92,142,91,61,78,32,103,83,67,179,224,405,74,146,39,166,140,26,61,163,106,17,127,54,113,137,75,151,59,132
182,138,66,38,186,31,157,69,22,73,112,189,305,108,90,86,113,309,160,18,92,166,97,68,129,43,111,88,71,187,239,463,104,157,32,161,147,21,105,171,110,28,130,49,148,126,91,182,71,110
234,150,84,42,217,49,195,60,73,35,158,222,343,119,125,132,145,357,186,23,119,191,121,72,126,50,123,95,106,267,292,536,110,188,56,214,213,42,116,202,124,38,159,72,164,169,135,247,92,146
463,381,166,71,458,91,413,132,112,158,158,466,776,270,241,261,320,749,472,54,230,478,235,157,270,99,260,189,215,576,624,1147,249,402,100,481,430,83,220,456,293,75,339,156,345,369,289,423,156,276
550,485,234,97,541,124,526,163,189,222,466,319,1032,383,241,304,385,1036,597,71,320,594,310,256,368,114,358,212,276,723,834,1595,295,527,128,600,540,96,293,614,397,114,427,212,457,561,327,564,213,343
838,815,341,158,934,205,852,264,305,343,776,1032,855,571,455,520,665,1508,882,120,497,917,551,356,610,244,673,413,429,1164,1393,2470,453,908,198,1016,862,144,450,967,604,201,678,336,734,871,519,998,327,593
379,269,133,57,345,71,306,84,108,119,270,383,571,112,175,174,219,611,341,30,192,350,209,123,204,66,208,153,154,390,471,900,170,326,68,349,313,56,167,338,211,70,266,108,245,295,188,352,123,238
342,223,104,43,276,61,252,92,90,125,241,241,455,175,62,153,195,471,280,39,144,268,147,107,152,61,170,111,130,321,390,734,142,251,71,297,248,47,141,269,157,58,196,69,191,253,151,278,80,190
330,246,107,49,303,69,278,99,86,132,261,304,520,174,153,82,208,526,289,38,149,280,146,99,174,56,169,128,133,356,411,807,163,253,62,284,261,40,141,320,182,60,222,93,228,251,173,300,97,191
359,298,148,64,371,91,338,126,113,145,320,385,665,219,195,208,127,686,357,47,204,344,234,136,234,85,217,182,155,433,545,1025,218,345,79,361,340,62,190,387,213,72,261,143,279,333,223,377,142,231
825,815,351,160,917,191,915,286,309,357,749,1036,1508,611,471,526,686,841,935,130,477,961,502,371,583,245,662,451,456,1149,1393,2545,489,868,196,991,880,150,460,1002,624,197,636,302,735,825,573,946,338,612
548,419,199,95,490,128,500,131,160,186,472,597,882,341,280,289,357,935,274,58,282,527,314,217,324,120,340,221,224,624,776,1460,286,487,118,538,482,92,248,530,334,113,369,191,427,464,273,496,200,314
61,62,23,9,61,11,57,29,18,23,54,71,120,30,39,38,47,130,58,3,23,54,28,21,45,23,51,28,29,75,98,182,36,51,15,56,57,15,37,81,45,16,38,24,42,41,41,73,14,34
314,246,96,49,306,68,261,92,92,119,230,320,497,192,144,149,204,477,282,23,66,286,171,109,181,71,180,125,132,354,436,835,156,258,64,264,296,47,153,295,153,52,195,112,237,210,157,288,108,176
521,450,191,78,527,122,477,142,166,191,478,594,917,350,268,280,344,961,527,54,286,262,300,213,352,129,340,221,225,643,751,1479,286,456,118,522,454,93,239,573,335,108,393,172,412,482,305,537,173,339
332,259,117,49,301,75,274,91,97,121,235,310,551,209,147,146,234,502,314,28,171,300,90,122,219,65,185,139,157,346,434,795,176,287,61,329,257,52,140,305,178,50,195,101,226,277,174,305,106,218
210,160,92,37,194,57,227,61,68,72,157,256,356,123,107,99,136,371,217,21,109,213,122,41,146,52,136,92,97,272,296,537,115,191,42,224,187,34,97,211,130,44,146,65,171,178,132,227,81,128
373,300,122,43,342,74,327,78,129,126,270,368,610,204,152,174,234,583,324,45,181,352,219,146,121,87,221,134,173,432,534,1007,191,336,72,325,295,52,161,368,214,66,261,118,237,307,204,345,123,224
154,91,46,28,122,33,137,32,43,50,99,114,244,66,61,56,85,245,120,23,71,129,65,52,87,14,72,41,73,171,208,365,84,114,21,120,143,13,62,139,74,37,98,52,100,103,79,139,49,85
396,274,125,69,357,76,313,103,111,123,260,358,673,208,170,169,217,662,340,51,180,340,185,136,221,72,111,117,178,413,526,966,193,318,62,340,333,45,176,364,213,71,253,132,262,309,234,364,118,208
306,172,91,47,232,53,204,83,88,95,189,212,413,153,111,128,182,451,221,28,125,221,139,92,134,41,117,65,117,305,339,627,132,236,65,240,212,34,100,249,156,33,173,77,198,227,149,226,89,161
285,210,92,34,265,41,219,67,71,106,215,276,429,154,130,133,155,456,224,29,132,225,157,97,173,73,178,117,53,356,363,702,139,244,62,250,217,21,119,254,176,57,197,101,201,224,163,264,89,177
577,570,239,114,607,150,622,179,187,267,576,723,1164,390,321,356,433,1149,624,75,354,643,346,272,432,171,413,305,356,379,978,1837,348,569,171,624,626,98,323,709,433,154,453,241,527,600,401,686,259,434
706,683,306,123,782,168,710,224,239,292,624,834,1393,471,390,411,545,1393,776,98,436,751,434,296,534,208,526,339,363,978,594,2121,400,727,181,811,701,141,401,819,506,169,615,295,600,699,444,755,268,507
1195,1287,557,223,1475,282,1310,405,463,536,1147,1595,2470,900,734,807,1025,2545,1460,182,835,1479,795,537,1007,365,966,627,702,1837,2121,1942,712,1342,335,1500,1233,236,720,1540,951,313,1091,553,1135,1314,875,1421,494,901
271,242,103,48,285,65,250,74,104,110,249,295,453,170,142,163,218,489,286,36,156,286,176,115,191,84,193,132,139,348,400,712,62,270,62,277,239,61,142,283,159,58,205,90,206,263,157,280,94,177
534,407,196,75,489,109,444,146,157,188,402,527,908,326,251,253,345,868,487,51,258,456,287,191,336,114,318,236,244,569,727,1342,270,209,96,478,448,70,235,450,318,98,339,162,394,412,281,485,181,322
118,93,36,16,91,17,97,39,32,56,100,128,198,68,71,62,79,196,118,15,64,118,61,42,72,21,62,65,62,171,181,335,62,96,9,133,98,26,67,115,86,33,84,51,97,116,64,110,47,68
524,475,205,95,544,128,539,166,161,214,481,600,1016,349,297,284,361,991,538,56,264,522,329,224,325,120,340,240,250,624,811,1500,277,478,133,267,503,84,263,607,356,116,414,209,429,470,337,564,198,352
480,427,188,82,484,120,452,140,147,213,430,540,862,313,248,261,340,880,482,57,296,454,257,187,295,143,333,212,217,626,701,1233,239,448,98,503,227,69,237,496,296,92,347,172,380,432,301,463,166,330
89,83,30,12,83,21,87,26,21,42,83,96,144,56,47,40,62,150,92,15,47,93,52,34,52,13,45,34,21,98,141,236,61,70,26,84,69,8,39,76,64,17,65,25,65,77,50,82,35,64
253,214,84,42,278,61,261,61,105,116,220,293,450,167,141,141,190,460,248,37,153,239,140,97,161,62,176,100,119,323,401,720,142,235,67,263,237,39,62,260,155,43,198,101,185,224,165,261,101,167
494,467,220,82,567,102,512,163,171,202,456,614,967,338,269,320,387,1002,530,81,295,573,305,211,368,139,364,249,254,709,819,1540,283,450,115,607,496,76,260,281,342,105,393,214,442,492,320,565,184,348
324,269,140,48,350,74,318,106,110,124,293,397,604,211,157,182,213,624,334,45,153,335,178,130,214,74,213,156,176,433,506,951,159,318,86,356,296,64,155,342,107,64,242,129,248,305,195,344,106,221
115,97,34,18,105,35,108,17,28,38,75,114,201,70,58,60,72,197,113,16,52,108,50,44,66,37,71,33,57,154,169,313,58,98,33,116,92,17,43,105,64,5,81,39,83,91,55,110,37,76
390,317,152,56,373,87,364,127,130,159,339,427,678,266,196,222,261,636,369,38,195,393,195,146,261,98,253,173,197,453,615,1091,205,339,84,414,347,65,198,393,242,81,156,151,318,382,254,407,122,245
187,149,58,25,189,40,163,54,49,72,156,212,336,108,69,93,143,302,191,24,112,172,101,65,118,52,132,77,101,241,295,553,90,162,51,209,172,25,101,214,129,39,151,26,141,185,108,184,64,120
423,359,163,54,408,80,359,113,148,164,345,457,734,245,191,228,279,735,427,42,237,412,226,171,237,100,262,198,201,527,600,1135,206,394,97,429,380,65,185,442,248,83,318,141,158,355,221,433,143,274
437,404,195,79,457,109,415,137,126,169,369,561,871,295,253,251,333,825,464,41,210,482,277,178,307,103,309,227,224,600,699,1314,263,412,116,470,432,77,224,492,305,91,382,185,355,220,296,479,165,331
346,285,122,54,304,75,302,75,91,135,289,327,519,188,151,173,223,573,273,41,157,305,174,132,204,79,234,149,163,401,444,875,157,281,64,337,301,50,165,320,195,55,254,108,221,296,76,315,121,230
496,449,199,84,556,115,479,151,182,247,423,564,998,352,278,300,377,946,496,73,288,537,305,227,345,139,364,226,264,686,755,1421,280,485,110,564,463,82,261,565,344,110,407,184,433,479,315,267,165,356
171,151,57,28,202,39,189,59,71,92,156,213,327,123,80,97,142,338,200,14,108,173,106,81,123,49,118,89,89,259,268,494,94,181,47,198,166,35,101,184,106,37,122,64,143,165,121,165,30,127
379,262,122,55,388,75,313,132,110,146,276,343,593,238,190,191,231,612,314,34,176,339,218,128,224,85,208,161,177,434,507,901,177,322,68,352,330,64,167,348,221,76,245,120,274,331,230,356,127,120
