292,468,228,89,518,112,485,189,177,235,462,498,824,371,305,330,368,837,551,67,316,540,346,223,389,126,366,276,301,626,710,1135,227,471,103,545,469,79,263,485,317,90,343,169,447,427,330,509,144,400
468,173,184,67,437,95,434,129,144,179,337,481,853,279,245,228,314,838,427,51,242,414,248,161,266,102,253,207,227,530,677,1275,251,410,106,456,422,62,200,462,299,86,363,169,373,420,266,459,190,292
228,184,40,37,211,46,188,52,63,77,175,218,362,120,105,101,142,354,193,27,126,201,108,73,131,45,125,85,98,254,330,537,125,197,57,201,173,24,82,193,115,42,140,56,154,185,128,186,83,137
89,67,37,4,87,16,64,18,26,29,63,77,139,48,48,55,55,127,95,11,58,78,54,35,55,28,75,44,47,91,118,223,44,79,18,87,67,7,31,79,61,17,66,26,61,69,48,71,31,62
518,437,211,87,252,122,507,157,168,203,463,602,951,343,278,278,352,901,496,61,292,535,313,207,359,148,326,250,266,628,727,1444,307,467,99,516,466,81,239,553,306,102,397,199,394,437,349,518,207,345
112,95,46,16,122,8,86,26,43,49,77,116,198,61,75,63,77,198,132,14,76,114,73,46,70,37,87,50,68,132,174,305,53,111,26,117,99,13,35,99,78,22,82,35,97,96,64,101,41,66
485,434,188,64,507,86,217,151,169,213,419,518,837,294,273,291,382,861,488,62,266,476,298,174,304,126,338,214,233,575,745,1311,256,470,116,502,398,82,226,525,308,107,348,179,345,411,297,453,177,336
189,129,52,18,157,26,151,27,43,93,154,174,260,108,86,88,110,301,172,14,90,155,84,56,95,35,103,84,79,193,226,409,86,131,39,167,148,22,67,157,100,37,113,45,124,138,94,157,46,99
177,144,63,26,168,43,169,43,34,61,146,193,312,117,70,81,112,315,174,23,96,156,90,58,95,45,107,83,72,186,276,488,84,146,34,174,150,25,80,186,107,31,124,49,123,142,120,170,68,103
235,179,77,29,203,49,213,93,61,49,157,249,358,143,103,110,148,339,216,28,113,217,130,71,120,59,147,113,95,242,304,574,111,195,55,225,184,51,125,227,148,40,163,79,164,183,120,223,74,152
462,337,175,63,463,77,419,154,146,157,165,503,755,273,249,276,335,743,427,52,251,457,263,152,256,118,299,212,230,514,628,1167,239,410,109,474,353,83,237,456,261,87,335,164,339,403,276,441,156,313
498,481,218,77,602,116,518,174,193,249,503,291,1004,349,288,295,404,1010,546,58,285,560,330,223,398,152,350,270,272,709,818,1542,334,489,120,561,503,95,309,624,387,112,416,214,452,487,375,584,214,417
824,853,362,139,951,198,837,260,312,358,755,1004,784,578,461,480,629,1447,913,107,507,908,542,376,565,245,618,455,450,1137,1391,2415,487,851,219,941,839,146,464,964,602,181,639,343,693,809,602,898,322,578
371,279,120,48,343,61,294,108,117,143,273,349,578,104,171,184,243,590,308,33,183,317,197,126,196,76,216,151,152,410,503,919,169,316,80,330,291,56,189,353,223,58,250,127,242,285,201,332,129,216
305,245,105,48,278,75,273,86,70,103,249,288,461,171,80,130,203,466,271,37,157,269,151,96,180,69,187,137,141,338,429,704,143,249,56,270,245,35,136,277,196,53,201,92,214,256,169,282,84,173
330,228,101,55,278,63,291,88,81,110,276,295,480,184,130,68,226,523,322,45,163,286,176,103,185,68,194,131,151,338,461,829,184,253,62,284,260,36,132,298,194,53,214,118,239,272,184,300,112,195
368,314,142,55,352,77,382,110,112,148,335,404,629,243,203,226,127,679,375,51,222,391,196,149,241,82,257,150,186,483,559,1016,214,323,89,372,338,65,203,386,235,75,279,146,304,333,253,380,121,223
837,838,354,127,901,198,861,301,315,339,743,1010,1447,590,466,523,679,783,894,120,525,948,539,359,555,258,639,453,439,1085,1320,2472,488,857,211,963,831,158,484,976,612,190,651,326,707,852,578,907,317,609
551,427,193,95,496,132,488,172,174,216,427,546,913,308,271,322,375,894,271,54,289,499,299,185,337,116,352,227,257,665,751,1420,271,500,123,577,471,78,240,534,365,104,421,186,381,463,320,473,182,359
67,51,27,11,61,14,62,14,23,28,52,58,107,33,37,45,51,120,54,1,34,53,39,20,39,14,45,29,28,80,97,168,38,61,15,70,66,11,28,74,34,14,59,19,43,58,30,57,17,41
316,242,126,58,292,76,266,90,96,113,251,285,507,183,157,163,222,525,289,34,55,266,172,110,169,67,174,117,116,336,396,811,168,263,71,296,266,53,155,291,202,46,224,104,196,284,176,290,109,172
540,414,201,78,535,114,476,155,156,217,457,560,908,317,269,286,391,948,499,53,266,285,305,185,343,134,368,251,258,682,799,1427,281,471,125,562,443,80,238,568,375,107,399,181,371,442,292,522,174,383
346,248,108,54,313,73,298,84,90,130,263,330,542,197,151,176,196,539,299,39,172,305,93,121,179,68,204,140,143,373,430,850,146,267,77,268,302,56,156,332,208,55,247,91,249,284,183,305,111,196
223,161,73,35,207,46,174,56,58,71,152,223,376,126,96,103,149,359,185,20,110,185,121,28,114,51,120,90,95,213,296,561,100,181,51,206,176,38,103,221,136,44,163,71,140,162,126,221,72,123
389,266,131,55,359,70,304,95,95,120,256,398,565,196,180,185,241,555,337,39,169,343,179,114,105,78,204,155,164,382,497,931,188,314,86,374,298,64,155,338,216,70,262,104,246,328,194,362,135,209
126,102,45,28,148,37,126,35,45,59,118,152,245,76,69,68,82,258,116,14,67,134,68,51,78,13,72,53,58,159,174,366,57,124,37,110,127,25,63,151,91,21,105,50,98,116,88,122,47,83
366,253,125,75,326,87,338,103,107,147,299,350,618,216,187,194,257,639,352,45,174,368,204,120,204,72,96,149,157,436,530,969,179,330,82,345,320,69,181,394,227,56,277,122,278,330,212,357,128,223
276,207,85,44,250,50,214,84,83,113,212,270,455,151,137,131,150,453,227,29,117,251,140,90,155,53,149,47,106,280,349,677,130,254,59,241,226,33,138,252,156,54,199,78,192,224,142,235,106,176
301,227,98,47,266,68,233,79,72,95,230,272,450,152,141,151,186,439,257,28,116,258,143,95,164,58,157,106,64,315,402,723,152,247,46,235,244,41,124,279,179,51,190,98,188,247,145,263,94,175
626,530,254,91,628,132,575,193,186,242,514,709,1137,410,338,338,483,1085,665,80,336,682,373,213,382,159,436,280,315,353,979,1833,340,603,144,718,556,109,331,650,367,130,472,231,475,610,391,634,235,433
710,677,330,118,727,174,745,226,276,304,628,818,1391,503,429,461,559,1320,751,97,396,799,430,296,497,174,530,349,402,979,575,2037,372,755,162,811,723,121,399,803,554,160,594,283,581,678,477,772,266,517
1135,1275,537,223,1444,305,1311,409,488,574,1167,1542,2415,919,704,829,1016,2472,1420,168,811,1427,850,561,931,366,969,677,723,1833,2037,1860,760,1324,293,1466,1309,197,680,1483,990,263,1039,541,1077,1194,905,1421,490,901
227,251,125,44,307,53,256,86,84,111,239,334,487,169,143,184,214,488,271,38,168,281,146,100,188,57,179,130,152,340,372,760,66,257,70,299,255,44,141,290,200,52,194,83,209,257,189,278,95,178
471,410,197,79,467,111,470,131,146,195,410,489,851,316,249,253,323,857,500,61,263,471,267,181,314,124,330,254,247,603,755,1324,257,223,108,506,421,88,236,498,329,86,350,164,391,410,284,487,158,295
103,106,57,18,99,26,116,39,34,55,109,120,219,80,56,62,89,211,123,15,71,125,77,51,86,37,82,59,46,144,162,293,70,108,10,106,118,18,61,125,74,22,93,50,91,101,75,126,37,80
545,456,201,87,516,117,502,167,174,225,474,561,941,330,270,284,372,963,577,70,296,562,268,206,374,110,345,241,235,718,811,1466,299,506,106,303,473,84,269,592,370,115,405,211,418,494,324,570,198,356
469,422,173,67,466,99,398,148,150,184,353,503,839,291,245,260,338,831,471,66,266,443,302,176,298,127,320,226,244,556,723,1309,255,421,118,473,193,78,225,469,317,94,317,175,360,426,305,458,177,300
79,62,24,7,81,13,82,22,25,51,83,95,146,56,35,36,65,158,78,11,53,80,56,38,64,25,69,33,41,109,121,197,44,88,18,84,78,6,45,90,58,21,73,32,66,81,42,105,34,47
263,200,82,31,239,35,226,67,80,125,237,309,464,189,136,132,203,484,240,28,155,238,156,103,155,63,181,138,124,331,399,680,141,236,61,269,225,45,63,278,164,59,198,113,205,233,165,272,79,175
485,462,193,79,553,99,525,157,186,227,456,624,964,353,277,298,386,976,534,74,291,568,332,221,338,151,394,252,279,650,803,1483,290,498,125,592,469,90,278,298,361,93,428,223,422,489,353,514,186,389
317,299,115,61,306,78,308,100,107,148,261,387,602,223,196,194,235,612,365,34,202,375,208,136,216,91,227,156,179,367,554,990,200,329,74,370,317,58,164,361,106,72,241,128,269,296,215,318,113,219
90,86,42,17,102,22,107,37,31,40,87,112,181,58,53,53,75,190,104,14,46,107,55,44,70,21,56,54,51,130,160,263,52,86,22,115,94,21,59,93,72,12,87,32,92,100,65,100,33,55
343,363,140,66,397,82,348,113,124,163,335,416,639,250,201,214,279,651,421,59,224,399,247,163,262,105,277,199,190,472,594,1039,194,350,93,405,317,73,198,428,241,87,135,137,300,361,226,378,139,258
169,169,56,26,199,35,179,45,49,79,164,214,343,127,92,118,146,326,186,19,104,181,91,71,104,50,122,78,98,231,283,541,83,164,50,211,175,32,113,223,128,32,137,38,150,183,124,181,74,123
447,373,154,61,394,97,345,124,123,164,339,452,693,242,214,239,304,707,381,43,196,371,249,140,246,98,278,192,188,475,581,1077,209,391,91,418,360,66,205,422,269,92,300,150,160,384,234,414,140,259
427,420,185,69,437,96,411,138,142,183,403,487,809,285,256,272,333,852,463,58,284,442,284,162,328,116,330,224,247,610,678,1194,257,410,101,494,426,81,233,489,296,100,361,183,384,196,303,486,162,317
330,266,128,48,349,64,297,94,120,120,276,375,602,201,169,184,253,578,320,30,176,292,183,126,194,88,212,142,145,391,477,905,189,284,75,324,305,42,165,353,215,65,226,124,234,303,83,330,108,230
509,459,186,71,518,101,453,157,170,223,441,584,898,332,282,300,380,907,473,57,290,522,305,221,362,122,357,235,263,634,772,1421,278,487,126,570,458,105,272,514,318,100,378,181,414,486,330,280,192,349
144,190,83,31,207,41,177,46,68,74,156,214,322,129,84,112,121,317,182,17,109,174,111,72,135,47,128,106,94,235,266,490,95,158,37,198,177,34,79,186,113,33,139,74,140,162,108,192,33,139
400,292,137,62,345,66,336,99,103,152,313,417,578,216,173,195,223,609,359,41,172,383,196,123,209,83,223,176,175,433,517,901,178,295,80,356,300,47,175,389,219,55,258,123,259,317,230,349,139,116
