287,415,215,79,471,101,445,168,186,267,422,510,791,367,332,310,387,790,502,68,331,495,343,203,382,156,390,280,284,609,695,1202,236,493,99,522,456,78,262,455,300,108,336,166,417,407,344,484,165,368
415,188,156,86,471,93,393,116,153,174,363,473,743,273,189,229,290,772,464,62,225,464,235,181,279,110,304,193,196,540,676,1196,220,415,105,434,440,63,185,450,246,98,338,177,352,394,287,451,161,293
215,156,36,28,196,49,203,52,66,76,160,212,346,129,119,122,147,351,197,22,110,191,106,83,132,55,133,84,99,253,290,549,99,172,33,204,187,29,86,193,129,39,150,78,162,158,123,203,72,131
79,86,28,4,97,20,91,31,34,32,74,99,143,66,49,49,68,135,92,9,50,91,67,35,66,23,58,46,42,97,127,222,48,75,21,90,74,13,38,71,48,18,73,25,74,71,38,95,31,62
471,471,196,97,251,113,486,162,164,222,459,564,904,338,269,281,366,897,551,65,272,529,306,222,342,116,315,219,265,600,743,1394,269,472,117,547,476,78,250,554,359,99,354,184,397,485,304,513,163,338
101,93,49,20,113,14,120,37,41,52,101,127,177,82,59,71,92,163,110,12,82,101,80,43,75,26,67,59,61,139,174,286,54,100,29,123,102,21,60,107,63,25,92,39,105,110,61,113,42,81
445,393,203,91,486,120,243,136,172,196,396,525,845,309,252,261,339,853,480,54,289,531,295,197,327,123,320,231,255,621,714,1325,278,432,101,468,450,81,246,515,308,94,347,170,381,478,298,485,198,331
168,116,52,31,162,37,136,12,52,70,134,155,261,119,72,90,107,258,152,19,83,162,108,65,102,34,112,64,84,188,225,441,104,136,35,155,151,25,66,158,104,33,107,41,134,161,78,180,52,115
186,153,66,34,164,41,172,52,29,76,166,179,329,114,109,98,116,309,174,25,87,170,105,74,105,51,111,71,71,233,271,462,112,153,37,186,169,23,85,171,99,34,133,66,146,156,97,201,65,111
267,174,76,32,222,52,196,70,76,47,176,224,366,125,112,122,160,358,213,29,107,213,122,77,149,54,140,85,111,247,303,561,119,212,40,205,196,34,98,206,140,36,156,73,162,189,128,232,71,140
422,363,160,74,459,101,396,134,166,176,184,432,722,265,229,237,324,704,434,53,238,436,256,155,293,113,306,179,237,525,599,1107,206,403,85,429,387,87,217,427,266,90,337,162,327,385,275,420,154,297
510,473,212,99,564,127,525,155,179,224,432,274,992,375,318,334,429,1050,611,83,333,562,338,208,367,139,376,242,285,698,864,1585,309,531,129,576,498,103,286,583,380,104,429,227,417,508,339,545,202,361
791,743,346,143,904,177,845,261,329,366,722,992,834,634,490,550,645,1459,919,134,541,927,539,361,562,258,648,406,443,1162,1333,2407,442,856,206,962,832,146,472,964,598,205,680,326,706,849,589,977,323,589
367,273,129,66,338,82,309,119,114,125,265,375,634,111,188,206,222,566,300,37,178,347,194,121,222,81,207,146,171,377,477,932,202,300,74,336,342,54,164,374,192,48,247,121,284,296,230,325,136,222
332,189,119,49,269,59,252,72,109,112,229,318,490,188,57,131,179,484,278,40,165,284,150,106,175,72,164,100,139,352,408,772,136,207,53,284,241,37,124,262,181,65,187,97,209,243,167,270,93,190
310,229,122,49,281,71,261,90,98,122,237,334,550,206,131,74,208,546,290,36,170,300,171,102,183,61,164,122,130,391,477,870,179,239,60,285,268,39,157,300,189,59,219,108,229,266,194,302,106,182
387,290,147,68,366,92,339,107,116,160,324,429,645,222,179,208,122,619,355,59,211,389,207,155,223,80,251,166,164,470,518,966,174,331,72,378,352,70,188,378,251,75,270,122,278,326,200,371,124,268
790,772,351,135,897,163,853,258,309,358,704,1050,1459,566,484,546,619,777,924,106,545,922,534,367,572,263,637,371,475,1100,1382,2446,465,791,198,937,854,145,455,944,572,219,701,327,714,797,573,928,322,599
502,464,197,92,551,110,480,152,174,213,434,611,919,300,278,290,355,924,245,55,271,478,308,208,334,131,340,249,249,638,758,1401,250,444,99,527,469,86,255,563,312,98,406,194,384,477,318,526,188,352
68,62,22,9,65,12,54,19,25,29,53,83,134,37,40,36,59,106,55,7,29,51,41,20,48,16,33,30,34,71,77,195,38,37,13,63,52,15,40,67,38,7,54,29,55,65,45,74,22,39
331,225,110,50,272,82,289,83,87,107,238,333,541,178,165,170,211,545,271,29,70,298,192,121,206,71,166,115,142,372,421,781,157,274,62,290,298,42,134,286,176,44,218,117,258,255,198,286,119,201
495,464,191,91,529,101,531,162,170,213,436,562,927,347,284,300,389,922,478,51,298,293,321,230,339,142,353,240,288,666,755,1428,282,460,107,523,520,106,256,564,330,95,406,188,403,467,331,531,196,354
343,235,106,67,306,80,295,108,105,122,256,338,539,194,150,171,207,534,308,41,192,321,87,118,187,72,206,128,173,358,436,808,147,268,76,322,281,46,147,309,204,71,254,120,234,239,180,321,103,215
203,181,83,35,222,43,197,65,74,77,155,208,361,121,106,102,155,367,208,20,121,230,118,38,126,60,148,91,103,242,298,535,103,205,47,206,196,35,100,210,128,42,155,82,160,184,123,216,76,127
382,279,132,66,342,75,327,102,105,149,293,367,562,222,175,183,223,572,334,48,206,339,187,126,102,90,263,146,154,398,479,898,172,297,76,314,323,57,147,374,201,96,267,140,241,312,193,351,118,220
156,110,55,23,116,26,123,34,51,54,113,139,258,81,72,61,80,263,131,16,71,142,72,60,90,17,79,69,67,152,205,354,65,123,20,122,131,22,54,145,91,35,84,41,100,135,71,134,55,82
390,304,133,58,315,67,320,112,111,140,306,376,648,207,164,164,251,637,340,33,166,353,206,148,263,79,107,149,188,379,493,976,185,308,72,360,310,61,178,388,236,71,264,126,257,355,220,353,132,233
280,193,84,46,219,59,231,64,71,85,179,242,406,146,100,122,166,371,249,30,115,240,128,91,146,69,149,64,133,285,364,637,112,214,54,249,201,49,111,241,162,46,166,78,180,215,143,223,85,145
284,196,99,42,265,61,255,84,71,111,237,285,443,171,139,130,164,475,249,34,142,288,173,103,154,67,188,133,60,319,409,746,145,256,60,262,257,38,123,309,163,59,192,107,212,241,162,269,103,175
609,540,253,97,600,139,621,188,233,247,525,698,1162,377,352,391,470,1100,638,71,372,666,358,242,398,152,379,285,319,381,945,1826,378,593,136,652,586,103,351,679,413,117,469,219,482,590,365,663,226,415
695,676,290,127,743,174,714,225,271,303,599,864,1333,477,408,477,518,1382,758,77,421,755,436,298,479,205,493,364,409,945,548,2022,391,699,164,806,699,135,357,747,500,145,563,290,595,687,442,719,261,500
1202,1196,549,222,1394,286,1325,441,462,561,1107,1585,2407,932,772,870,966,2446,1401,195,781,1428,808,535,898,354,976,637,746,1826,2022,1804,686,1326,328,1546,1305,207,680,1425,881,326,1021,494,1148,1227,931,1366,521,941
236,220,99,48,269,54,278,104,112,119,206,309,442,202,136,179,174,465,250,38,157,282,147,103,172,65,185,112,145,378,391,686,54,227,59,291,255,40,131,258,195,68,194,111,213,219,183,271,98,179
493,415,172,75,472,100,432,136,153,212,403,531,856,300,207,239,331,791,444,37,274,460,268,205,297,123,308,214,256,593,699,1326,227,206,105,457,429,75,229,497,308,83,383,174,373,397,261,486,170,334
99,105,33,21,117,29,101,35,37,40,85,129,206,74,53,60,72,198,99,13,62,107,76,47,76,20,72,54,60,136,164,328,59,105,12,101,116,25,56,115,75,24,81,39,91,100,55,120,38,82
522,434,204,90,547,123,468,155,186,205,429,576,962,336,284,285,378,937,527,63,290,523,322,206,314,122,360,249,262,652,806,1546,291,457,101,281,476,88,287,565,311,107,385,182,429,503,346,541,184,354
456,440,187,74,476,102,450,151,169,196,387,498,832,342,241,268,352,854,469,52,298,520,281,196,323,131,310,201,257,586,699,1305,255,429,116,476,212,86,227,461,300,96,345,172,358,431,305,469,170,308
78,63,29,13,78,21,81,25,23,34,87,103,146,54,37,39,70,145,86,15,42,106,46,35,57,22,61,49,38,103,135,207,40,75,25,88,86,9,39,84,56,13,65,19,65,85,52,96,36,49
262,185,86,38,250,60,246,66,85,98,217,286,472,164,124,157,188,455,255,40,134,256,147,100,147,54,178,111,123,351,357,680,131,229,56,287,227,39,53,230,160,58,176,95,208,232,151,275,99,174
455,450,193,71,554,107,515,158,171,206,427,583,964,374,262,300,378,944,563,67,286,564,309,210,374,145,388,241,309,679,747,1425,258,497,115,565,461,84,230,279,353,97,375,192,448,480,329,583,190,317
300,246,129,48,359,63,308,104,99,140,266,380,598,192,181,189,251,572,312,38,176,330,204,128,201,91,236,162,163,413,500,881,195,308,75,311,300,56,160,353,117,81,240,129,258,343,218,348,130,215
108,98,39,18,99,25,94,33,34,36,90,104,205,48,65,59,75,219,98,7,44,95,71,42,96,35,71,46,59,117,145,326,68,83,24,107,96,13,58,97,81,6,67,34,76,100,85,114,57,69
336,338,150,73,354,92,347,107,133,156,337,429,680,247,187,219,270,701,406,54,218,406,254,155,267,84,264,166,192,469,563,1021,194,383,81,385,345,65,176,375,240,67,128,126,318,350,250,379,127,289
166,177,78,25,184,39,170,41,66,73,162,227,326,121,97,108,122,327,194,29,117,188,120,82,140,41,126,78,107,219,290,494,111,174,39,182,172,19,95,192,129,34,126,24,167,163,123,183,61,117
417,352,162,74,397,105,381,134,146,162,327,417,706,284,209,229,278,714,384,55,258,403,234,160,241,100,257,180,212,482,595,1148,213,373,91,429,358,65,208,448,258,76,318,167,149,374,248,374,145,292
407,394,158,71,485,110,478,161,156,189,385,508,849,296,243,266,326,797,477,65,255,467,239,184,312,135,355,215,241,590,687,1227,219,397,100,503,431,85,232,480,343,100,350,163,374,204,299,452,175,323
344,287,123,38,304,61,298,78,97,128,275,339,589,230,167,194,200,573,318,45,198,331,180,123,193,71,220,143,162,365,442,931,183,261,55,346,305,52,151,329,218,85,250,123,248,299,83,339,141,218
484,451,203,95,513,113,485,180,201,232,420,545,977,325,270,302,371,928,526,74,286,531,321,216,351,134,353,223,269,663,719,1366,271,486,120,541,469,96,275,583,348,114,379,183,374,452,339,244,196,360
165,161,72,31,163,42,198,52,65,71,154,202,323,136,93,106,124,322,188,22,119,196,103,76,118,55,132,85,103,226,261,521,98,170,38,184,170,36,99,190,130,57,127,61,145,175,141,196,30,136
368,293,131,62,338,81,331,115,111,140,297,361,589,222,190,182,268,599,352,39,201,354,215,127,220,82,233,145,175,415,500,941,179,334,82,354,308,49,174,317,215,69,289,117,292,323,218,360,136,121
