256,465,201,98,490,97,466,187,167,244,446,488,817,375,323,359,382,817,516,59,335,508,320,213,343,135,351,279,295,560,681,1151,225,491,115,482,465,84,242,453,298,109,349,188,417,413,326,491,175,381
465,164,147,62,433,82,408,140,125,174,365,490,791,271,217,234,314,775,427,45,244,421,253,159,276,121,292,188,201,530,657,1215,243,406,91,460,399,66,234,408,249,86,345,152,379,442,253,467,154,265
201,147,34,37,206,44,187,62,56,63,169,210,341,116,87,99,155,361,210,25,103,211,106,75,118,50,135,91,108,234,316,551,98,200,50,231,182,34,108,222,126,42,158,76,148,176,122,224,86,133
98,62,37,7,70,16,73,24,28,35,76,86,140,73,65,58,64,143,91,7,49,74,46,37,50,29,51,41,44,104,119,206,46,78,17,98,74,12,40,85,55,19,56,26,76,82,56,99,32,57
490,433,206,70,260,110,457,153,155,225,407,584,897,334,269,282,370,860,522,61,257,537,316,217,309,143,343,269,245,636,762,1368,260,460,129,538,466,83,249,496,327,89,402,188,422,490,335,548,168,326
97,82,44,16,110,8,94,28,45,39,96,107,184,77,69,68,79,193,109,10,77,99,76,37,67,26,68,53,64,143,154,305,64,107,20,108,83,16,65,102,70,20,91,44,95,113,93,115,44,76
466,408,187,73,457,94,236,157,172,186,444,552,841,322,291,295,361,800,492,51,286,493,295,202,303,142,339,204,227,631,740,1323,233,452,94,528,425,80,264,499,309,106,359,185,376,483,300,477,184,332
187,140,62,24,153,28,157,12,63,74,133,162,285,112,68,86,134,267,171,11,84,151,78,55,84,40,94,73,58,211,247,470,89,121,30,144,148,31,70,175,103,42,123,54,115,144,105,190,56,105
167,125,56,28,155,45,172,63,26,80,180,170,292,122,77,85,118,274,194,17,82,199,96,70,111,42,102,74,76,190,250,428,77,158,33,178,166,22,83,193,125,33,109,62,136,140,99,187,46,100
244,174,63,35,225,39,186,74,80,36,158,219,374,120,97,126,151,372,197,33,119,185,105,80,136,64,127,92,117,244,276,533,109,165,43,218,180,35,105,227,125,38,183,66,152,172,129,231,75,124
446,365,169,76,407,96,444,133,180,158,160,425,698,282,229,250,329,705,423,51,228,403,266,161,293,110,291,188,237,538,606,1079,231,377,93,449,396,71,225,423,252,100,318,165,344,360,271,457,147,286
488,490,210,86,584,107,552,162,170,219,425,301,1016,386,271,279,405,1000,542,82,315,599,360,237,373,132,386,249,281,680,862,1537,317,527,125,616,554,108,255,616,325,139,387,223,499,486,354,570,225,362
817,791,341,140,897,184,841,285,292,374,698,1016,791,584,473,529,664,1406,916,103,547,964,496,313,558,230,625,433,464,1090,1323,2322,450,776,237,1009,877,162,442,939,563,188,677,313,699,795,623,923,326,629
375,271,116,73,334,77,322,112,122,120,282,386,584,108,168,188,240,584,312,33,173,314,183,146,218,73,218,168,168,427,471,892,160,318,72,330,295,59,166,358,223,74,255,118,250,302,195,313,111,230
323,217,87,65,269,69,291,68,77,97,229,271,473,168,59,142,205,505,263,28,155,268,154,115,160,72,187,124,127,348,393,753,146,242,64,289,254,47,137,282,156,58,225,110,202,237,162,290,105,167
359,234,99,58,282,68,295,86,85,126,250,279,529,188,142,85,220,550,266,23,139,288,154,108,157,64,182,115,152,366,427,849,152,252,68,311,274,56,125,311,177,59,243,111,221,295,177,308,119,187
382,314,155,64,370,79,361,134,118,151,329,405,664,240,205,220,153,661,369,37,213,346,228,147,239,83,232,180,177,460,556,1018,182,345,94,385,375,57,168,389,238,77,268,155,269,333,235,409,135,294
817,775,361,143,860,193,800,267,274,372,705,1000,1406,584,505,550,661,805,851,111,506,889,482,349,557,231,640,426,469,1060,1299,2372,474,777,227,1017,774,132,413,944,599,188,695,348,691,772,579,915,308,609
516,427,210,91,522,109,492,171,194,197,423,542,916,312,263,266,369,851,263,52,309,485,327,220,319,113,355,261,258,669,797,1384,278,474,118,569,438,103,237,552,359,127,376,199,397,480,323,509,191,365
59,45,25,7,61,10,51,11,17,33,51,82,103,33,28,23,37,111,52,2,28,59,36,19,36,12,34,24,27,65,104,180,36,51,15,62,62,10,20,82,42,13,39,28,53,58,42,73,21,48
335,244,103,49,257,77,286,84,82,119,228,315,547,173,155,139,213,506,309,28,63,293,172,118,180,84,202,119,137,347,442,801,163,252,54,292,274,35,110,305,164,58,225,107,214,258,174,314,96,196
508,421,211,74,537,99,493,151,199,185,403,599,964,314,268,288,346,889,485,59,293,268,316,209,343,132,335,241,266,657,724,1360,231,493,123,555,474,80,245,532,321,121,393,228,434,483,340,541,219,355
320,253,106,46,316,76,295,78,96,105,266,360,496,183,154,154,228,482,327,36,172,316,106,106,192,82,223,131,163,369,456,864,152,283,88,295,295,47,162,303,191,61,257,113,236,251,196,337,113,210
213,159,75,37,217,37,202,55,70,80,161,237,313,146,115,108,147,349,220,19,118,209,106,40,117,50,133,98,102,262,304,536,101,196,52,225,187,33,76,205,127,34,161,76,165,214,129,221,79,158
343,276,118,50,309,67,303,84,111,136,293,373,558,218,160,157,239,557,319,36,180,343,192,117,94,72,213,174,161,409,471,919,165,294,75,319,289,59,169,356,209,66,270,117,246,279,183,355,123,244
135,121,50,29,143,26,142,40,42,64,110,132,230,73,72,64,83,231,113,12,84,132,82,50,72,19,84,58,54,144,205,366,75,118,24,120,130,21,64,130,95,22,101,45,91,129,80,144,50,94
351,292,135,51,343,68,339,94,102,127,291,386,625,218,187,182,232,640,355,34,202,335,223,133,213,84,122,151,151,444,521,962,182,303,75,322,328,56,167,375,234,62,261,121,253,352,211,358,137,217
279,188,91,41,269,53,204,73,74,92,188,249,433,168,124,115,180,426,261,24,119,241,131,98,174,58,151,55,129,306,373,659,133,206,45,212,239,26,127,238,180,40,177,95,224,206,175,236,84,150
295,201,108,44,245,64,227,58,76,117,237,281,464,168,127,152,177,469,258,27,137,266,163,102,161,54,151,129,58,319,386,719,137,244,54,251,254,39,112,259,166,42,210,99,238,261,140,266,102,161
560,530,234,104,636,143,631,211,190,244,538,680,1090,427,348,366,460,1060,669,65,347,657,369,262,409,144,444,306,319,395,1052,1764,342,575,137,649,561,105,338,724,408,136,479,256,518,621,420,692,223,460
681,657,316,119,762,154,740,247,250,276,606,862,1323,471,393,427,556,1299,797,104,442,724,456,304,471,205,521,373,386,1052,595,2038,415,713,168,812,735,123,388,807,502,177,572,304,559,682,481,793,303,530
1151,1215,551,206,1368,305,1323,470,428,533,1079,1537,2322,892,753,849,1018,2372,1384,180,801,1360,864,536,919,366,962,659,719,1764,2038,1893,729,1262,326,1521,1294,218,673,1475,936,298,1023,514,1074,1235,894,1382,535,962
225,243,98,46,260,64,233,89,77,109,231,317,450,160,146,152,182,474,278,36,163,231,152,101,165,75,182,133,137,342,415,729,70,238,80,288,227,56,147,266,176,62,204,90,199,263,164,271,101,180
491,406,200,78,460,107,452,121,158,165,377,527,776,318,242,252,345,777,474,51,252,493,283,196,294,118,303,206,244,575,713,1262,238,201,114,513,404,74,251,480,299,102,353,192,359,449,293,505,148,322
115,91,50,17,129,20,94,30,33,43,93,125,237,72,64,68,94,227,118,15,54,123,88,52,75,24,75,45,54,137,168,326,80,114,13,132,109,17,58,124,87,27,85,48,81,103,80,98,42,72
482,460,231,98,538,108,528,144,178,218,449,616,1009,330,289,311,385,1017,569,62,292,555,295,225,319,120,322,212,251,649,812,1521,288,513,132,289,485,82,257,599,353,101,393,206,397,524,352,575,199,357
465,399,182,74,466,83,425,148,166,180,396,554,877,295,254,274,375,774,438,62,274,474,295,187,289,130,328,239,254,561,735,1294,227,404,109,485,233,85,229,507,301,95,362,176,373,413,306,518,197,320
84,66,34,12,83,16,80,31,22,35,71,108,162,59,47,56,57,132,103,10,35,80,47,33,59,21,56,26,39,105,123,218,56,74,17,82,85,12,36,84,53,28,79,37,75,79,46,95,29,52
242,234,108,40,249,65,264,70,83,105,225,255,442,166,137,125,168,413,237,20,110,245,162,76,169,64,167,127,112,338,388,673,147,251,58,257,229,36,63,275,162,58,189,97,195,255,147,260,78,167
453,408,222,85,496,102,499,175,193,227,423,616,939,358,282,311,389,944,552,82,305,532,303,205,356,130,375,238,259,724,807,1475,266,480,124,599,507,84,275,266,324,114,393,176,404,500,351,570,210,330
298,249,126,55,327,70,309,103,125,125,252,325,563,223,156,177,238,599,359,42,164,321,191,127,209,95,234,180,166,408,502,936,176,299,87,353,301,53,162,324,99,73,249,120,254,292,214,368,119,232
109,86,42,19,89,20,106,42,33,38,100,139,188,74,58,59,77,188,127,13,58,121,61,34,66,22,62,40,42,136,177,298,62,102,27,101,95,28,58,114,73,10,85,34,74,95,68,118,39,73
349,345,158,56,402,91,359,123,109,183,318,387,677,255,225,243,268,695,376,39,225,393,257,161,270,101,261,177,210,479,572,1023,204,353,85,393,362,79,189,393,249,85,136,148,323,355,237,393,125,265
188,152,76,26,188,44,185,54,62,66,165,223,313,118,110,111,155,348,199,28,107,228,113,76,117,45,121,95,99,256,304,514,90,192,48,206,176,37,97,176,120,34,148,37,142,172,119,197,80,121
417,379,148,76,422,95,376,115,136,152,344,499,699,250,202,221,269,691,397,53,214,434,236,165,246,91,253,224,238,518,559,1074,199,359,81,397,373,75,195,404,254,74,323,142,165,361,242,393,145,283
413,442,176,82,490,113,483,144,140,172,360,486,795,302,237,295,333,772,480,58,258,483,251,214,279,129,352,206,261,621,682,1235,263,449,103,524,413,79,255,500,292,95,355,172,361,213,270,479,161,320
326,253,122,56,335,93,300,105,99,129,271,354,623,195,162,177,235,579,323,42,174,340,196,129,183,80,211,175,140,420,481,894,164,293,80,352,306,46,147,351,214,68,237,119,242,270,96,313,106,215
491,467,224,99,548,115,477,190,187,231,457,570,923,313,290,308,409,915,509,73,314,541,337,221,355,144,358,236,266,692,793,1382,271,505,98,575,518,95,260,570,368,118,393,197,393,479,313,281,196,356
175,154,86,32,168,44,184,56,46,75,147,225,326,111,105,119,135,308,191,21,96,219,113,79,123,50,137,84,102,223,303,535,101,148,42,199,197,29,78,210,119,39,125,80,145,161,106,196,30,119
381,265,133,57,326,76,332,105,100,124,286,362,629,230,167,187,294,609,365,48,196,355,210,158,244,94,217,150,161,460,530,962,180,322,72,357,320,52,167,330,232,73,265,121,283,320,215,356,119,120
