260,425,218,98,496,129,456,192,182,236,450,531,815,371,339,385,365,811,490,73,312,509,342,232,359,136,354,278,321,611,684,1150,268,498,109,481,461,78,266,485,284,115,409,171,428,408,323,447,177,370
425,173,150,79,426,103,429,140,158,179,376,452,796,288,235,232,312,765,447,50,248,458,255,164,281,86,285,221,188,553,659,1201,238,427,73,472,419,67,246,457,290,89,328,163,351,401,298,473,156,307
218,150,39,40,205,45,162,66,78,79,177,217,316,131,91,109,158,312,186,17,99,193,119,79,115,53,147,81,101,213,297,524,103,195,39,193,194,22,106,246,127,42,144,70,160,179,114,192,64,141
98,79,40,2,68,19,77,30,24,38,71,88,144,50,49,52,58,151,88,14,52,84,73,26,56,25,56,44,41,116,121,201,37,81,19,100,75,14,44,66,47,16,69,25,69,81,48,82,28,64
496,426,205,68,239,95,489,159,145,211,456,562,906,340,292,290,374,910,527,63,238,515,334,224,310,132,389,187,249,666,756,1452,275,439,101,553,488,94,258,552,337,103,388,173,411,495,363,517,185,363
129,103,45,19,95,15,107,44,32,55,100,108,192,72,66,69,79,174,118,14,74,115,65,45,84,30,86,64,51,132,169,264,58,104,21,130,99,20,66,109,78,25,84,35,91,85,60,109,31,85
456,429,162,77,489,107,228,159,145,199,414,532,855,315,266,277,341,880,523,61,284,497,302,193,325,121,317,224,258,587,723,1307,262,429,101,585,462,85,241,513,337,83,358,161,392,449,319,484,177,334
192,140,66,30,159,44,159,13,40,73,150,167,273,96,83,94,131,268,145,28,62,141,93,70,105,40,115,62,67,189,237,423,87,160,35,155,162,33,59,165,99,26,118,48,120,141,100,145,58,107
182,158,78,24,145,32,145,40,24,69,124,182,294,112,87,99,123,289,161,6,81,162,81,61,115,46,116,66,92,172,265,435,80,143,38,157,186,25,86,181,110,36,123,53,130,152,111,171,62,125
236,179,79,38,211,55,199,73,69,49,176,233,360,146,115,128,177,351,239,31,116,225,123,83,140,57,140,101,109,250,296,526,101,204,61,268,198,40,96,217,133,35,162,69,160,185,138,203,70,150
450,376,177,71,456,100,414,150,124,176,177,453,754,293,240,237,299,737,443,51,231,441,259,155,301,111,296,217,216,512,626,1145,214,393,93,477,407,79,216,434,295,81,334,162,327,385,291,422,160,299
531,452,217,88,562,108,532,167,182,233,453,300,952,353,294,309,410,1021,593,69,280,573,293,221,340,141,371,291,259,724,874,1515,304,504,107,578,498,104,281,636,387,110,398,216,426,518,351,573,171,396
815,796,316,144,906,192,855,273,294,360,754,952,799,554,476,507,645,1453,983,109,508,934,499,341,599,253,649,419,415,1128,1364,2327,435,842,197,1012,818,175,418,995,624,194,667,332,727,818,546,943,304,586
371,288,131,50,340,72,315,96,112,146,293,353,554,117,180,176,262,585,340,43,191,335,203,134,215,87,214,135,181,379,492,897,175,302,69,358,306,52,156,338,210,62,254,113,269,333,204,324,112,236
339,235,91,49,292,66,266,83,87,115,240,294,476,180,68,142,191,475,277,26,146,270,148,132,175,71,184,138,147,342,406,766,127,243,68,267,260,46,135,286,184,51,202,94,240,242,167,273,104,194
385,232,109,52,290,69,277,94,99,128,237,309,507,176,142,80,213,519,274,24,179,298,147,120,145,64,174,145,138,371,424,866,156,252,60,297,291,50,145,311,176,49,218,91,234,259,167,310,114,200
365,312,158,58,374,79,341,131,123,177,299,410,645,262,191,213,145,660,362,35,205,362,201,157,248,93,268,165,178,449,553,996,198,315,68,397,354,62,172,376,235,74,274,143,287,316,235,373,134,247
811,765,312,151,910,174,880,268,289,351,737,1021,1453,585,475,519,660,807,944,138,540,936,544,346,599,244,630,421,461,1091,1368,2369,457,898,206,971,783,150,443,946,596,206,681,289,779,820,553,1001,329,587
490,447,186,88,527,118,523,145,161,239,443,593,983,340,277,274,362,944,276,70,275,519,344,216,366,157,361,232,284,650,807,1461,290,519,110,553,453,90,235,537,335,102,375,216,427,524,334,538,219,332
73,50,17,14,63,14,61,28,6,31,51,69,109,43,26,24,35,138,70,4,30,57,30,32,41,16,60,33,31,89,89,179,22,43,11,50,62,13,37,58,39,14,59,21,56,48,41,59,20,42
312,248,99,52,238,74,284,62,81,116,231,280,508,191,146,179,205,540,275,30,81,327,169,128,223,74,195,118,151,353,416,815,181,257,63,273,238,56,131,309,180,51,212,110,248,289,186,298,107,197
509,458,193,84,515,115,497,141,162,225,441,573,934,335,270,298,362,936,519,57,327,259,323,220,313,129,349,247,279,631,754,1430,260,463,129,558,523,90,246,535,365,98,384,190,379,486,326,556,211,348
342,255,119,73,334,65,302,93,81,123,259,293,499,203,148,147,201,544,344,30,169,323,84,114,195,80,174,131,160,352,433,835,158,288,77,306,282,43,143,319,222,62,214,98,227,283,184,322,109,182
232,164,79,26,224,45,193,70,61,83,155,221,341,134,132,120,157,346,216,32,128,220,114,36,125,51,125,117,93,242,312,560,110,192,45,216,181,25,119,223,136,42,164,88,155,187,125,205,75,148
359,281,115,56,310,84,325,105,115,140,301,340,599,215,175,145,248,599,366,41,223,313,195,125,112,80,222,162,168,407,508,900,187,334,80,365,309,63,178,341,230,66,247,110,256,315,189,328,126,204
136,86,53,25,132,30,121,40,46,57,111,141,253,87,71,64,93,244,157,16,74,129,80,51,80,14,74,54,60,151,213,375,78,124,28,104,96,30,74,141,92,44,91,45,109,119,91,128,42,81
354,285,147,56,389,86,317,115,116,140,296,371,649,214,184,174,268,630,361,60,195,349,174,125,222,74,116,161,171,424,560,962,188,317,73,349,316,76,189,408,261,84,272,112,270,325,205,380,126,209
278,221,81,44,187,64,224,62,66,101,217,291,419,135,138,145,165,421,232,33,118,247,131,117,162,54,161,53,117,269,350,709,139,220,62,244,234,32,114,233,137,41,187,70,201,224,137,259,99,165
321,188,101,41,249,51,258,67,92,109,216,259,415,181,147,138,178,461,284,31,151,279,160,93,168,60,171,117,59,295,406,737,139,230,63,251,267,40,108,263,165,42,207,99,211,231,143,275,105,164
611,553,213,116,666,132,587,189,172,250,512,724,1128,379,342,371,449,1091,650,89,353,631,352,242,407,151,424,269,295,392,932,1837,349,573,148,647,563,111,343,690,402,130,486,241,518,594,404,701,240,417
684,659,297,121,756,169,723,237,265,296,626,874,1364,492,406,424,553,1368,807,89,416,754,433,312,508,213,560,350,406,932,561,2081,376,685,165,800,725,127,369,800,523,162,608,276,602,696,476,772,290,518
1150,1201,524,201,1452,264,1307,423,435,526,1145,1515,2327,897,766,866,996,2369,1461,179,815,1430,835,560,900,375,962,709,737,1837,2081,1829,701,1294,296,1547,1276,253,641,1435,885,319,1012,516,1134,1284,826,1427,460,960
268,238,103,37,275,58,262,87,80,101,214,304,435,175,127,156,198,457,290,22,181,260,158,110,187,78,188,139,139,349,376,701,59,243,56,295,235,52,125,314,185,72,207,109,215,239,171,294,97,172
498,427,195,81,439,104,429,160,143,204,393,504,842,302,243,252,315,898,519,43,257,463,288,192,334,124,317,220,230,573,685,1294,243,192,121,507,440,86,232,487,304,103,361,171,374,419,290,517,175,331
109,73,39,19,101,21,101,35,38,61,93,107,197,69,68,60,68,206,110,11,63,129,77,45,80,28,73,62,63,148,165,296,56,121,8,119,100,21,47,132,71,25,102,37,87,110,80,107,28,76
481,472,193,100,553,130,585,155,157,268,477,578,1012,358,267,297,397,971,553,50,273,558,306,216,365,104,349,244,251,647,800,1547,295,507,119,270,532,79,239,589,349,92,429,207,424,499,350,553,216,352
461,419,194,75,488,99,462,162,186,198,407,498,818,306,260,291,354,783,453,62,238,523,282,181,309,96,316,234,267,563,725,1276,235,440,100,532,229,82,242,494,315,91,357,181,387,421,293,467,190,306
78,67,22,14,94,20,85,33,25,40,79,104,175,52,46,50,62,150,90,13,56,90,43,25,63,30,76,32,40,111,127,253,52,86,21,79,82,7,42,97,52,15,63,33,59,66,63,98,38,54
266,246,106,44,258,66,241,59,86,96,216,281,418,156,135,145,172,443,235,37,131,246,143,119,178,74,189,114,108,343,369,641,125,232,47,239,242,42,43,275,158,54,190,85,191,241,163,291,95,159
485,457,246,66,552,109,513,165,181,217,434,636,995,338,286,311,376,946,537,58,309,535,319,223,341,141,408,233,263,690,800,1435,314,487,132,589,494,97,275,288,353,103,383,206,474,478,341,571,195,354
284,290,127,47,337,78,337,99,110,133,295,387,624,210,184,176,235,596,335,39,180,365,222,136,230,92,261,137,165,402,523,885,185,304,71,349,315,52,158,353,124,63,253,122,288,319,221,374,141,211
115,89,42,16,103,25,83,26,36,35,81,110,194,62,51,49,74,206,102,14,51,98,62,42,66,44,84,41,42,130,162,319,72,103,25,92,91,15,54,103,63,10,74,47,73,96,64,122,42,69
409,328,144,69,388,84,358,118,123,162,334,398,667,254,202,218,274,681,375,59,212,384,214,164,247,91,272,187,207,486,608,1012,207,361,102,429,357,63,190,383,253,74,135,146,317,353,224,393,138,259
171,163,70,25,173,35,161,48,53,69,162,216,332,113,94,91,143,289,216,21,110,190,98,88,110,45,112,70,99,241,276,516,109,171,37,207,181,33,85,206,122,47,146,38,136,160,117,211,67,129
428,351,160,69,411,91,392,120,130,160,327,426,727,269,240,234,287,779,427,56,248,379,227,155,256,109,270,201,211,518,602,1134,215,374,87,424,387,59,191,474,288,73,317,136,163,378,246,402,170,268
408,401,179,81,495,85,449,141,152,185,385,518,818,333,242,259,316,820,524,48,289,486,283,187,315,119,325,224,231,594,696,1284,239,419,110,499,421,66,241,478,319,96,353,160,378,209,290,468,163,303
323,298,114,48,363,60,319,100,111,138,291,351,546,204,167,167,235,553,334,41,186,326,184,125,189,91,205,137,143,404,476,826,171,290,80,350,293,63,163,341,221,64,224,117,246,290,104,305,133,217
447,473,192,82,517,109,484,145,171,203,422,573,943,324,273,310,373,1001,538,59,298,556,322,205,328,128,380,259,275,701,772,1427,294,517,107,553,467,98,291,571,374,122,393,211,402,468,305,258,197,338
177,156,64,28,185,31,177,58,62,70,160,171,304,112,104,114,134,329,219,20,107,211,109,75,126,42,126,99,105,240,290,460,97,175,28,216,190,38,95,195,141,42,138,67,170,163,133,197,29,117
370,307,141,64,363,85,334,107,125,150,299,396,586,236,194,200,247,587,332,42,197,348,182,148,204,81,209,165,164,417,518,960,172,331,76,352,306,54,159,354,211,69,259,129,268,303,217,338,117,101
