270,461,227,81,497,105,488,182,176,226,430,525,819,372,313,332,374,809,507,68,322,502,329,194,355,150,380,290,294,595,667,1202,217,465,112,531,477,117,248,467,314,127,358,172,465,431,304,493,157,391
461,162,164,70,412,108,431,123,130,173,364,474,762,271,235,253,306,763,438,54,234,448,254,170,280,116,267,187,220,520,643,1272,260,409,109,464,410,74,203,443,314,102,330,150,342,414,247,452,171,291
227,164,45,27,214,51,201,54,69,83,173,243,359,127,115,104,162,344,216,20,93,221,122,75,149,51,140,104,114,224,307,585,129,180,47,211,183,36,97,180,128,38,163,69,171,201,129,217,98,129
81,70,27,3,88,10,77,30,23,36,65,93,158,57,43,58,67,142,94,7,63,97,58,29,52,22,52,46,50,110,137,221,49,70,20,105,86,9,35,94,55,16,61,35,68,75,55,76,33,60
497,412,214,88,236,105,489,156,160,206,422,552,938,337,277,303,358,950,520,54,314,530,309,209,328,132,336,237,277,701,746,1371,253,465,114,534,480,82,270,509,334,117,397,211,408,470,322,515,185,341
105,108,51,10,105,8,115,38,43,56,111,120,206,67,53,70,83,191,118,11,81,103,66,37,79,32,85,58,49,148,149,290,60,93,31,126,104,17,49,123,77,23,80,28,92,102,74,110,39,82
488,431,201,77,489,115,246,157,176,207,400,529,901,317,256,272,338,899,531,57,265,473,302,177,324,111,336,230,242,620,699,1341,252,453,104,510,432,76,216,517,316,90,395,187,375,415,317,482,176,340
182,123,54,30,156,38,157,22,59,60,124,184,280,102,84,78,114,301,166,19,71,153,100,40,103,37,86,74,84,173,242,461,88,138,31,155,137,22,69,165,94,27,127,55,141,150,99,151,63,99
176,130,69,23,160,43,176,59,29,78,146,168,316,98,95,90,113,323,172,18,103,186,110,74,121,45,131,76,74,205,258,460,87,167,39,164,141,29,92,176,105,38,144,66,133,146,111,199,63,119
226,173,83,36,206,56,207,60,78,39,168,220,343,139,107,112,150,362,196,36,118,227,114,71,117,56,136,91,107,267,308,514,107,194,33,215,181,40,98,204,136,39,162,76,145,178,110,215,64,137
430,364,173,65,422,111,400,124,146,168,166,455,725,294,238,241,315,727,421,67,252,424,260,161,261,113,280,188,191,541,639,1174,241,409,91,455,387,69,209,439,293,80,341,155,343,366,271,436,169,279
525,474,243,93,552,120,529,184,168,220,455,323,1007,359,282,312,419,1020,581,68,300,561,337,209,341,158,377,257,272,744,897,1641,321,532,123,625,502,100,296,620,360,105,410,211,456,537,355,591,199,371
819,762,359,158,938,206,901,280,316,343,725,1007,752,561,498,527,659,1460,931,104,508,936,545,347,607,221,600,420,469,1147,1330,2398,456,810,207,963,832,159,475,994,613,173,665,346,731,829,565,936,311,658
372,271,127,57,337,67,317,102,98,139,294,359,561,115,198,174,240,581,328,36,179,353,199,131,213,90,213,156,149,431,484,866,178,296,71,327,292,43,156,340,186,57,256,116,264,269,224,345,123,231
313,235,115,43,277,53,256,84,95,107,238,282,498,198,79,157,221,481,266,37,148,290,164,125,215,76,185,111,148,340,425,801,151,247,62,297,279,40,137,274,160,55,193,96,237,256,188,310,119,204
332,253,104,58,303,70,272,78,90,112,241,312,527,174,157,95,237,519,287,40,145,311,193,126,211,70,179,117,151,355,429,861,161,276,70,294,305,46,138,309,177,65,240,114,265,272,192,314,117,189
374,306,162,67,358,83,338,114,113,150,315,419,659,240,221,237,117,681,364,49,209,383,230,133,222,99,245,164,158,470,554,1001,184,348,89,371,314,70,191,383,239,88,273,141,294,370,233,375,134,256
809,763,344,142,950,191,899,301,323,362,727,1020,1460,581,481,519,681,781,948,116,488,940,527,329,592,215,609,426,451,1134,1353,2467,452,843,209,955,833,161,496,934,589,207,660,371,694,822,603,913,329,631
507,438,216,94,520,118,531,166,172,196,421,581,931,328,266,287,364,948,273,55,255,496,292,195,327,135,355,250,246,630,757,1438,279,481,128,549,475,86,269,518,329,110,376,181,442,499,321,531,184,322
68,54,20,7,54,11,57,19,18,36,67,68,104,36,37,40,49,116,55,4,22,78,37,25,37,15,41,31,25,86,95,172,27,54,18,47,56,11,35,53,52,10,42,25,49,49,39,68,29,47
322,234,93,63,314,81,265,71,103,118,252,300,508,179,148,145,209,488,255,22,69,276,157,112,180,72,189,110,141,349,419,763,156,274,53,274,256,45,151,301,173,55,191,100,235,244,160,290,110,170
502,448,221,97,530,103,473,153,186,227,424,561,936,353,290,311,383,940,496,78,276,263,326,202,328,139,341,229,248,654,752,1351,280,484,119,550,438,85,245,508,322,93,387,187,408,487,342,532,194,363
329,254,122,58,309,66,302,100,110,114,260,337,545,199,164,193,230,527,292,37,157,326,84,122,185,80,196,148,148,338,424,781,165,251,78,292,291,46,144,305,201,59,211,104,222,278,202,320,119,223
194,170,75,29,209,37,177,40,74,71,161,209,347,131,125,126,133,329,195,25,112,202,122,42,130,54,140,104,111,256,282,537,105,191,48,190,189,27,94,210,140,34,148,72,166,175,144,210,73,138
355,280,149,52,328,79,324,103,121,117,261,341,607,213,215,211,222,592,327,37,180,328,185,130,122,89,230,167,191,392,509,954,167,288,73,332,313,47,159,345,215,61,256,107,273,282,214,346,142,238
150,116,51,22,132,32,111,37,45,56,113,158,221,90,76,70,99,215,135,15,72,139,80,54,89,13,91,52,72,175,187,344,73,128,26,132,116,17,65,137,90,38,110,55,103,108,75,144,49,91
380,267,140,52,336,85,336,86,131,136,280,377,600,213,185,179,245,609,355,41,189,341,196,140,230,91,114,139,190,428,522,941,197,315,74,311,308,53,169,350,236,63,270,135,294,303,213,364,142,212
290,187,104,46,237,58,230,74,76,91,188,257,420,156,111,117,164,426,250,31,110,229,148,104,167,52,139,56,110,295,333,738,144,213,62,232,218,42,132,251,149,58,183,89,201,219,155,241,100,176
294,220,114,50,277,49,242,84,74,107,191,272,469,149,148,151,158,451,246,25,141,248,148,111,191,72,190,110,68,302,394,688,150,209,59,258,267,45,121,268,163,50,209,91,228,209,166,268,102,192
595,520,224,110,701,148,620,173,205,267,541,744,1147,431,340,355,470,1134,630,86,349,654,338,256,392,175,428,295,302,400,951,1815,348,550,156,631,603,112,315,707,442,145,478,263,459,588,439,622,224,434
667,643,307,137,746,149,699,242,258,308,639,897,1330,484,425,429,554,1353,757,95,419,752,424,282,509,187,522,333,394,951,576,2036,404,746,157,779,671,143,400,806,517,172,596,299,618,705,474,772,277,510
1202,1272,585,221,1371,290,1341,461,460,514,1174,1641,2398,866,801,861,1001,2467,1438,172,763,1351,781,537,954,344,941,738,688,1815,2036,1871,722,1292,299,1525,1285,264,689,1508,950,272,1050,548,1096,1344,884,1405,486,907
217,260,129,49,253,60,252,88,87,107,241,321,456,178,151,161,184,452,279,27,156,280,165,105,167,73,197,144,150,348,404,722,77,248,63,292,280,45,143,269,174,46,187,104,222,296,169,267,99,201
465,409,180,70,465,93,453,138,167,194,409,532,810,296,247,276,348,843,481,54,274,484,251,191,288,128,315,213,209,550,746,1292,248,195,133,498,418,69,232,494,335,90,328,176,367,433,298,443,188,357
112,109,47,20,114,31,104,31,39,33,91,123,207,71,62,70,89,209,128,18,53,119,78,48,73,26,74,62,59,156,157,299,63,133,18,120,112,16,66,117,78,25,87,43,82,105,70,116,42,59
531,464,211,105,534,126,510,155,164,215,455,625,963,327,297,294,371,955,549,47,274,550,292,190,332,132,311,232,258,631,779,1525,292,498,120,299,463,109,273,548,377,104,395,183,433,488,343,541,206,358
477,410,183,86,480,104,432,137,141,181,387,502,832,292,279,305,314,833,475,56,256,438,291,189,313,116,308,218,267,603,671,1285,280,418,112,463,225,80,210,524,304,97,356,178,388,413,320,475,176,312
117,74,36,9,82,17,76,22,29,40,69,100,159,43,40,46,70,161,86,11,45,85,46,27,47,17,53,42,45,112,143,264,45,69,16,109,80,10,47,104,50,16,64,40,58,85,49,84,29,65
248,203,97,35,270,49,216,69,92,98,209,296,475,156,137,138,191,496,269,35,151,245,144,94,159,65,169,132,121,315,400,689,143,232,66,273,210,47,61,274,157,47,208,87,213,254,171,232,100,172
467,443,180,94,509,123,517,165,176,204,439,620,994,340,274,309,383,934,518,53,301,508,305,210,345,137,350,251,268,707,806,1508,269,494,117,548,524,104,274,281,370,111,429,216,389,487,334,514,171,377
314,314,128,55,334,77,316,94,105,136,293,360,613,186,160,177,239,589,329,52,173,322,201,140,215,90,236,149,163,442,517,950,174,335,78,377,304,50,157,370,106,55,259,121,249,287,201,353,138,220
127,102,38,16,117,23,90,27,38,39,80,105,173,57,55,65,88,207,110,10,55,93,59,34,61,38,63,58,50,145,172,272,46,90,25,104,97,16,47,111,55,8,82,41,77,95,71,106,38,71
358,330,163,61,397,80,395,127,144,162,341,410,665,256,193,240,273,660,376,42,191,387,211,148,256,110,270,183,209,478,596,1050,187,328,87,395,356,64,208,429,259,82,150,150,321,355,251,367,124,243
172,150,69,35,211,28,187,55,66,76,155,211,346,116,96,114,141,371,181,25,100,187,104,72,107,55,135,89,91,263,299,548,104,176,43,183,178,40,87,216,121,41,150,42,151,169,120,195,67,135
465,342,171,68,408,92,375,141,133,145,343,456,731,264,237,265,294,694,442,49,235,408,222,166,273,103,294,201,228,459,618,1096,222,367,82,433,388,58,213,389,249,77,321,151,176,348,265,417,159,283
431,414,201,75,470,102,415,150,146,178,366,537,829,269,256,272,370,822,499,49,244,487,278,175,282,108,303,219,209,588,705,1344,296,433,105,488,413,85,254,487,287,95,355,169,348,198,264,452,155,323
304,247,129,55,322,74,317,99,111,110,271,355,565,224,188,192,233,603,321,39,160,342,202,144,214,75,213,155,166,439,474,884,169,298,70,343,320,49,171,334,201,71,251,120,265,264,102,330,125,215
493,452,217,76,515,110,482,151,199,215,436,591,936,345,310,314,375,913,531,68,290,532,320,210,346,144,364,241,268,622,772,1405,267,443,116,541,475,84,232,514,353,106,367,195,417,452,330,250,195,343
157,171,98,33,185,39,176,63,63,64,169,199,311,123,119,117,134,329,184,29,110,194,119,73,142,49,142,100,102,224,277,486,99,188,42,206,176,29,100,171,138,38,124,67,159,155,125,195,36,134
391,291,129,60,341,82,340,99,119,137,279,371,658,231,204,189,256,631,322,47,170,363,223,138,238,91,212,176,192,434,510,907,201,357,59,358,312,65,172,377,220,71,243,135,283,323,215,343,134,107
