287,462,202,100,533,129,523,186,179,268,449,508,867,384,347,361,366,823,485,71,325,479,347,206,349,138,347,312,293,661,676,1208,247,495,107,545,505,94,279,494,327,114,385,180,414,416,323,523,185,378
462,166,174,65,408,95,442,124,153,182,382,504,800,279,216,232,313,792,465,56,231,449,261,159,282,110,292,194,218,528,688,1273,267,375,89,476,411,75,232,467,291,98,305,153,360,413,266,470,178,300
202,174,43,44,220,58,196,61,62,85,176,234,364,120,112,107,143,383,201,24,118,212,123,91,113,43,134,91,89,253,271,541,116,174,49,203,183,45,106,206,127,43,168,74,172,191,127,216,81,125
100,65,44,7,81,20,80,41,31,34,73,84,163,61,52,55,60,148,103,7,50,81,54,39,58,25,65,49,50,99,123,201,39,89,18,92,82,19,55,78,62,27,68,30,75,69,57,92,33,61
533,408,220,81,237,112,507,165,160,229,425,586,919,332,299,282,376,933,545,45,287,522,282,187,313,121,340,227,247,642,778,1425,287,458,118,539,515,84,272,555,346,99,353,192,428,499,316,539,173,354
129,95,58,20,112,9,105,42,42,51,96,122,209,80,60,71,69,211,108,27,82,103,85,50,71,28,84,68,68,147,181,282,63,115,26,125,122,19,58,120,80,21,93,42,97,102,84,122,52,77
523,442,196,80,507,105,237,151,176,199,426,524,909,334,255,272,357,919,470,59,274,475,292,218,308,138,360,247,232,625,697,1364,265,464,107,529,462,91,263,517,336,115,367,186,399,471,323,530,192,327
186,124,61,41,165,42,151,26,55,72,132,162,243,95,91,82,105,261,141,12,89,133,92,57,92,40,95,69,79,194,233,410,77,157,29,179,156,25,75,179,108,28,115,56,110,154,104,156,53,121
179,153,62,31,160,42,176,55,35,58,137,171,340,116,80,93,132,322,178,13,95,164,92,74,115,48,126,68,76,207,256,456,83,137,35,165,143,28,92,169,96,38,126,66,141,138,107,171,60,102
268,182,85,34,229,51,199,72,58,42,169,229,357,146,116,104,143,335,207,34,121,223,112,83,142,57,157,115,117,256,291,534,111,181,45,232,194,33,103,176,141,45,150,68,197,181,120,214,73,136
449,382,176,73,425,96,426,132,137,169,192,495,768,303,217,238,309,752,431,60,241,441,260,176,297,101,295,202,223,557,660,1152,236,369,99,476,377,73,221,450,286,86,309,178,367,395,268,450,161,308
508,504,234,84,586,122,524,162,171,229,495,338,986,368,286,312,398,988,599,68,286,598,310,242,372,135,376,250,288,686,862,1617,305,501,125,622,516,86,250,598,375,108,445,224,457,537,358,575,203,364
867,800,364,163,919,209,909,243,340,357,768,986,811,603,459,494,681,1501,920,125,501,994,536,395,613,244,644,407,431,1141,1366,2550,473,832,220,1022,871,154,424,984,614,174,682,348,758,862,571,1019,340,593
384,279,120,61,332,80,334,95,116,146,303,368,603,104,179,186,245,553,331,42,163,372,220,130,216,101,216,139,160,385,457,902,159,286,80,360,321,60,179,350,243,75,242,121,256,293,185,344,147,222
347,216,112,52,299,60,255,91,80,116,217,286,459,179,70,139,230,485,261,33,152,271,185,103,175,70,185,125,141,305,396,729,142,255,68,313,246,34,137,289,171,53,196,95,200,245,166,272,107,187
361,232,107,55,282,71,272,82,93,104,238,312,494,186,139,71,243,488,260,31,148,281,176,116,165,69,189,141,149,313,408,817,157,235,65,305,272,45,148,299,192,62,219,105,218,236,181,301,127,196
366,313,143,60,376,69,357,105,132,143,309,398,681,245,230,243,120,651,369,36,224,371,233,158,231,84,245,175,191,454,531,1015,206,345,80,386,355,65,174,396,229,84,305,137,305,345,258,393,147,205
823,792,383,148,933,211,919,261,322,335,752,988,1501,553,485,488,651,816,835,123,498,951,529,359,603,250,608,442,456,1108,1350,2555,483,855,214,976,849,164,449,973,601,178,675,362,733,847,572,1000,332,559
485,465,201,103,545,108,470,141,178,207,431,599,920,331,261,260,369,835,258,60,321,481,320,198,332,141,338,232,246,629,713,1402,286,476,120,566,461,85,244,549,328,95,385,189,381,464,309,547,207,317
71,56,24,7,45,27,59,12,13,34,60,68,125,42,33,31,36,123,60,1,35,66,31,28,33,10,40,25,31,78,89,188,42,58,10,64,50,11,35,75,46,10,43,19,51,70,38,59,16,43
325,231,118,50,287,82,274,89,95,121,241,286,501,163,152,148,224,498,321,35,68,313,165,104,179,61,176,113,138,319,428,765,149,281,62,294,262,36,151,299,190,54,228,116,210,236,169,272,103,190
479,449,212,81,522,103,475,133,164,223,441,598,994,372,271,281,371,951,481,66,313,245,288,199,368,151,343,258,266,653,758,1498,304,435,112,560,471,99,260,534,330,110,397,196,423,473,337,566,192,338
347,261,123,54,282,85,292,92,92,112,260,310,536,220,185,176,233,529,320,31,165,288,95,125,195,73,194,157,152,347,459,884,175,295,61,299,305,54,146,332,191,60,247,104,244,279,188,328,110,206
206,159,91,39,187,50,218,57,74,83,176,242,395,130,103,116,158,359,198,28,104,199,125,32,137,47,139,90,92,242,325,622,107,202,43,211,156,34,104,210,146,38,154,63,162,193,127,206,80,137
349,282,113,58,313,71,308,92,115,142,297,372,613,216,175,165,231,603,332,33,179,368,195,137,128,83,205,148,168,404,529,964,196,308,72,312,291,57,156,356,224,49,254,125,272,312,205,363,113,210
138,110,43,25,121,28,138,40,48,57,101,135,244,101,70,69,84,250,141,10,61,151,73,47,83,14,79,64,66,161,184,372,72,140,29,122,119,13,49,125,76,28,99,57,100,105,86,135,57,89
347,292,134,65,340,84,360,95,126,157,295,376,644,216,185,189,245,608,338,40,176,343,194,139,205,79,103,163,147,434,480,989,203,317,84,333,321,57,167,397,240,61,239,134,267,319,203,334,140,221
312,194,91,49,227,68,247,69,68,115,202,250,407,139,125,141,175,442,232,25,113,258,157,90,148,64,163,55,108,295,385,619,125,241,46,256,215,39,114,262,140,51,183,89,199,197,136,252,92,170
293,218,89,50,247,68,232,79,76,117,223,288,431,160,141,149,191,456,246,31,138,266,152,92,168,66,147,108,55,311,377,703,133,237,55,242,244,51,124,275,180,38,184,92,193,227,157,260,88,170
661,528,253,99,642,147,625,194,207,256,557,686,1141,385,305,313,454,1108,629,78,319,653,347,242,404,161,434,295,311,405,957,1908,362,535,155,703,570,113,332,734,405,131,467,238,496,607,388,688,237,389
676,688,271,123,778,181,697,233,256,291,660,862,1366,457,396,408,531,1350,713,89,428,758,459,325,529,184,480,385,377,957,556,2040,422,689,181,814,700,150,395,798,479,156,578,280,633,692,497,796,301,517
1208,1273,541,201,1425,282,1364,410,456,534,1152,1617,2550,902,729,817,1015,2555,1402,188,765,1498,884,622,964,372,989,619,703,1908,2040,1910,744,1323,331,1511,1347,264,662,1496,975,278,1053,529,1155,1332,902,1398,537,944
247,267,116,39,287,63,265,77,83,111,236,305,473,159,142,157,206,483,286,42,149,304,175,107,196,72,203,125,133,362,422,744,82,275,58,300,285,46,136,331,209,44,207,121,236,252,172,286,107,179
495,375,174,89,458,115,464,157,137,181,369,501,832,286,255,235,345,855,476,58,281,435,295,202,308,140,317,241,237,535,689,1323,275,219,107,553,434,88,226,524,299,95,363,176,399,423,313,442,169,318
107,89,49,18,118,26,107,29,35,45,99,125,220,80,68,65,80,214,120,10,62,112,61,43,72,29,84,46,55,155,181,331,58,107,10,121,127,18,61,121,70,27,80,48,101,107,60,108,38,83
545,476,203,92,539,125,529,179,165,232,476,622,1022,360,313,305,386,976,566,64,294,560,299,211,312,122,333,256,242,703,814,1511,300,553,121,291,523,84,301,617,326,115,470,202,425,500,337,600,218,351
505,411,183,82,515,122,462,156,143,194,377,516,871,321,246,272,355,849,461,50,262,471,305,156,291,119,321,215,244,570,700,1347,285,434,127,523,187,72,268,477,305,95,346,169,348,423,302,463,185,297
94,75,45,19,84,19,91,25,28,33,73,86,154,60,34,45,65,164,85,11,36,99,54,34,57,13,57,39,51,113,150,264,46,88,18,84,72,10,51,64,55,20,68,25,67,82,59,99,31,61
279,232,106,55,272,58,263,75,92,103,221,250,424,179,137,148,174,449,244,35,151,260,146,104,156,49,167,114,124,332,395,662,136,226,61,301,268,51,67,294,155,45,212,106,213,257,179,241,91,191
494,467,206,78,555,120,517,179,169,176,450,598,984,350,289,299,396,973,549,75,299,534,332,210,356,125,397,262,275,734,798,1496,331,524,121,617,477,64,294,284,355,116,445,187,434,509,334,561,177,358
327,291,127,62,346,80,336,108,96,141,286,375,614,243,171,192,229,601,328,46,190,330,191,146,224,76,240,140,180,405,479,975,209,299,70,326,305,55,155,355,103,72,265,124,300,310,212,352,119,247
114,98,43,27,99,21,115,28,38,45,86,108,174,75,53,62,84,178,95,10,54,110,60,38,49,28,61,51,38,131,156,278,44,95,27,115,95,20,45,116,72,6,97,57,78,94,58,116,38,82
385,305,168,68,353,93,367,115,126,150,309,445,682,242,196,219,305,675,385,43,228,397,247,154,254,99,239,183,184,467,578,1053,207,363,80,470,346,68,212,445,265,97,127,165,288,370,236,414,134,288
180,153,74,30,192,42,186,56,66,68,178,224,348,121,95,105,137,362,189,19,116,196,104,63,125,57,134,89,92,238,280,529,121,176,48,202,169,25,106,187,124,57,165,29,127,167,118,188,56,118
414,360,172,75,428,97,399,110,141,197,367,457,758,256,200,218,305,733,381,51,210,423,244,162,272,100,267,199,193,496,633,1155,236,399,101,425,348,67,213,434,300,78,288,127,165,379,206,426,154,287
416,413,191,69,499,102,471,154,138,181,395,537,862,293,245,236,345,847,464,70,236,473,279,193,312,105,319,197,227,607,692,1332,252,423,107,500,423,82,257,509,310,94,370,167,379,235,286,495,191,322
323,266,127,57,316,84,323,104,107,120,268,358,571,185,166,181,258,572,309,38,169,337,188,127,205,86,203,136,157,388,497,902,172,313,60,337,302,59,179,334,212,58,236,118,206,286,91,333,108,221
523,470,216,92,539,122,530,156,171,214,450,575,1019,344,272,301,393,1000,547,59,272,566,328,206,363,135,334,252,260,688,796,1398,286,442,108,600,463,99,241,561,352,116,414,188,426,495,333,259,177,368
185,178,81,33,173,52,192,53,60,73,161,203,340,147,107,127,147,332,207,16,103,192,110,80,113,57,140,92,88,237,301,537,107,169,38,218,185,31,91,177,119,38,134,56,154,191,108,177,37,120
378,300,125,61,354,77,327,121,102,136,308,364,593,222,187,196,205,559,317,43,190,338,206,137,210,89,221,170,170,389,517,944,179,318,83,351,297,61,191,358,247,82,288,118,287,322,221,368,120,99
