273,476,234,83,496,107,450,188,188,235,423,549,852,354,310,338,390,845,528,73,324,537,334,206,390,114,347,276,297,624,707,1173,238,507,122,572,490,87,239,492,299,101,407,175,427,433,355,449,199,450
476,178,167,75,461,107,443,135,138,183,364,490,822,284,230,226,329,787,487,48,249,472,246,188,297,114,289,182,211,539,702,1266,252,412,108,436,401,74,218,447,260,92,318,170,346,421,265,445,162,287
234,167,53,34,202,46,199,56,63,84,161,221,363,120,101,128,135,360,218,27,113,211,110,77,129,51,134,85,106,195,307,542,106,208,41,201,177,26,97,204,132,34,155,78,159,171,135,217,76,127
83,75,34,8,81,13,78,33,29,37,80,103,120,66,63,52,60,136,96,9,52,101,66,31,71,18,64,35,42,102,110,224,44,89,22,92,76,17,40,78,54,16,60,29,77,83,55,80,36,59
496,461,202,81,275,94,466,180,160,227,453,581,960,361,284,278,367,953,532,66,272,536,312,207,334,127,355,219,265,646,768,1468,289,470,121,510,461,93,284,551,335,106,401,196,442,490,339,512,186,345
107,107,46,13,94,15,114,34,39,46,85,132,200,79,59,56,78,210,124,15,59,127,87,50,87,27,86,48,55,145,155,320,68,113,29,134,119,17,52,121,72,27,78,43,94,125,83,103,48,85
450,443,199,78,466,114,222,144,157,203,435,566,909,306,258,257,347,876,476,57,273,479,283,213,302,142,338,191,225,628,719,1387,245,443,108,533,476,80,225,535,314,114,392,171,351,485,282,465,178,318
188,135,56,33,180,34,144,19,53,75,140,190,272,108,90,87,121,268,163,25,79,163,112,64,92,37,92,69,68,188,236,463,92,149,35,197,135,27,75,169,99,25,104,65,119,144,109,133,70,111
188,138,63,29,160,39,157,53,21,65,147,162,314,102,64,80,121,317,164,10,100,152,79,70,115,32,100,72,94,195,254,514,108,182,31,194,168,26,83,173,122,41,120,59,149,170,103,166,56,119
235,183,84,37,227,46,203,75,65,49,175,235,329,140,113,121,160,357,188,36,129,223,131,87,133,57,156,90,99,250,301,552,113,193,53,232,199,34,106,206,126,46,156,66,169,182,122,207,74,142
423,364,161,80,453,85,435,140,147,175,184,484,787,314,247,257,301,785,442,62,244,473,276,196,259,125,291,175,222,537,632,1192,268,400,104,449,403,77,211,434,278,102,295,157,376,386,272,446,141,326
549,490,221,103,581,132,566,190,162,235,484,341,1088,339,292,336,409,1079,548,69,294,575,362,234,376,123,367,263,283,739,845,1662,319,522,131,603,574,89,274,612,368,124,424,203,450,531,341,613,194,371
852,822,363,120,960,200,909,272,314,329,787,1088,861,509,461,548,670,1475,936,96,472,953,535,376,598,245,632,413,423,1179,1388,2488,470,822,188,1019,857,161,475,1002,571,210,657,336,740,876,562,963,315,601
354,284,120,66,361,79,306,108,102,140,314,339,509,116,168,167,232,524,350,38,183,346,222,133,200,84,207,135,195,362,511,871,183,288,77,356,299,51,165,322,204,79,256,97,293,306,174,337,111,223
310,230,101,63,284,59,258,90,64,113,247,292,461,168,74,141,182,486,271,34,123,277,165,111,175,75,166,122,129,309,404,731,162,263,69,291,250,39,140,275,191,42,185,95,206,247,170,290,98,180
338,226,128,52,278,56,257,87,80,121,257,336,548,167,141,72,218,536,290,41,145,303,167,130,186,77,166,137,144,310,429,834,149,266,70,300,260,38,150,312,202,56,215,107,203,244,166,292,109,193
390,329,135,60,367,78,347,121,121,160,301,409,670,232,182,218,132,612,385,47,200,384,221,148,233,82,243,158,180,440,531,985,209,347,90,383,344,56,190,386,254,79,296,130,284,327,232,372,143,243
845,787,360,136,953,210,876,268,317,357,785,1079,1475,524,486,536,612,810,902,110,501,970,519,364,572,239,625,412,469,1156,1373,2445,485,779,169,980,821,158,466,998,572,196,705,351,694,829,574,950,295,620
528,487,218,96,532,124,476,163,164,188,442,548,936,350,271,290,385,902,284,61,285,500,315,229,316,130,345,242,266,635,791,1394,279,483,108,559,495,107,254,526,325,111,390,181,406,446,315,524,182,347
73,48,27,9,66,15,57,25,10,36,62,69,96,38,34,41,47,110,61,3,35,66,41,27,36,13,38,25,26,79,102,169,33,58,8,78,61,7,33,54,30,16,52,19,49,63,41,58,21,46
324,249,113,52,272,59,273,79,100,129,244,294,472,183,123,145,200,501,285,35,83,280,165,123,147,73,186,134,156,341,383,783,174,261,69,270,268,52,126,286,166,62,210,94,189,244,174,302,125,197
537,472,211,101,536,127,479,163,152,223,473,575,953,346,277,303,384,970,500,66,280,253,278,201,306,126,332,237,249,732,762,1387,302,481,123,575,501,89,260,544,365,117,413,168,385,476,316,542,198,326
334,246,110,66,312,87,283,112,79,131,276,362,535,222,165,167,221,519,315,41,165,278,86,150,172,87,213,124,146,363,468,809,156,299,64,303,304,41,156,320,186,64,243,114,243,285,171,350,107,214
206,188,77,31,207,50,213,64,70,87,196,234,376,133,111,130,148,364,229,27,123,201,150,38,122,56,137,85,97,293,265,593,114,178,54,228,184,25,106,212,150,56,152,78,166,170,130,215,75,138
390,297,129,71,334,87,302,92,115,133,259,376,598,200,175,186,233,572,316,36,147,306,172,122,105,95,210,125,163,397,494,982,192,299,93,353,316,57,148,361,228,69,249,139,240,315,193,370,124,261
114,114,51,18,127,27,142,37,32,57,125,123,245,84,75,77,82,239,130,13,73,126,87,56,95,17,86,64,59,154,195,375,80,114,33,128,131,27,58,112,77,24,106,56,119,128,85,148,59,79
347,289,134,64,355,86,338,92,100,156,291,367,632,207,166,166,243,625,345,38,186,332,213,137,210,86,92,141,146,431,522,1005,224,302,75,356,320,63,175,348,231,81,270,134,275,332,196,361,132,232
276,182,85,35,219,48,191,69,72,90,175,263,413,135,122,137,158,412,242,25,134,237,124,85,125,64,141,55,118,284,373,618,126,204,57,239,203,42,109,243,170,34,209,84,169,214,139,244,89,132
297,211,106,42,265,55,225,68,94,99,222,283,423,195,129,144,180,469,266,26,156,249,146,97,163,59,146,118,57,330,351,690,144,205,61,263,207,40,129,253,160,43,181,114,199,222,163,240,95,176
624,539,195,102,646,145,628,188,195,250,537,739,1179,362,309,310,440,1156,635,79,341,732,363,293,397,154,431,284,330,412,978,1825,363,583,148,659,611,96,321,720,416,135,523,218,505,595,375,678,239,392
707,702,307,110,768,155,719,236,254,301,632,845,1388,511,404,429,531,1373,791,102,383,762,468,265,494,195,522,373,351,978,537,2070,447,709,177,837,717,136,372,828,508,167,564,271,583,737,463,817,269,491
1173,1266,542,224,1468,320,1387,463,514,552,1192,1662,2488,871,731,834,985,2445,1394,169,783,1387,809,593,982,375,1005,618,690,1825,2070,1873,724,1326,347,1525,1351,254,718,1504,934,312,1066,520,1140,1263,917,1454,519,946
238,252,106,44,289,68,245,92,108,113,268,319,470,183,162,149,209,485,279,33,174,302,156,114,192,80,224,126,144,363,447,724,76,247,57,320,246,47,137,281,185,53,205,96,229,236,187,298,97,187
507,412,208,89,470,113,443,149,182,193,400,522,822,288,263,266,347,779,483,58,261,481,299,178,299,114,302,204,205,583,709,1326,247,221,90,477,420,79,235,480,311,97,394,173,366,464,287,463,180,305
122,108,41,22,121,29,108,35,31,53,104,131,188,77,69,70,90,169,108,8,69,123,64,54,93,33,75,57,61,148,177,347,57,90,10,123,110,19,54,101,68,27,87,37,83,112,77,123,35,73
572,436,201,92,510,134,533,197,194,232,449,603,1019,356,291,300,383,980,559,78,270,575,303,228,353,128,356,239,263,659,837,1525,320,477,123,291,485,81,288,572,355,100,433,176,429,488,342,539,224,369
490,401,177,76,461,119,476,135,168,199,403,574,857,299,250,260,344,821,495,61,268,501,304,184,316,131,320,203,207,611,717,1351,246,420,110,485,222,92,221,460,311,107,382,179,348,408,302,451,178,337
87,74,26,17,93,17,80,27,26,34,77,89,161,51,39,38,56,158,107,7,52,89,41,25,57,27,63,42,40,96,136,254,47,79,19,81,92,6,38,101,57,13,71,23,57,83,52,86,24,48
239,218,97,40,284,52,225,75,83,106,211,274,475,165,140,150,190,466,254,33,126,260,156,106,148,58,175,109,129,321,372,718,137,235,54,288,221,38,65,290,197,45,189,89,205,254,163,228,90,163
492,447,204,78,551,121,535,169,173,206,434,612,1002,322,275,312,386,998,526,54,286,544,320,212,361,112,348,243,253,720,828,1504,281,480,101,572,460,101,290,299,358,106,412,219,430,531,338,566,179,327
299,260,132,54,335,72,314,99,122,126,278,368,571,204,191,202,254,572,325,30,166,365,186,150,228,77,231,170,160,416,508,934,185,311,68,355,311,57,197,358,117,57,285,130,265,340,191,385,125,217
101,92,34,16,106,27,114,25,41,46,102,124,210,79,42,56,79,196,111,16,62,117,64,56,69,24,81,34,43,135,167,312,53,97,27,100,107,13,45,106,57,7,91,34,89,92,60,109,39,66
407,318,155,60,401,78,392,104,120,156,295,424,657,256,185,215,296,705,390,52,210,413,243,152,249,106,270,209,181,523,564,1066,205,394,87,433,382,71,189,412,285,91,140,145,297,334,245,421,151,260
175,170,78,29,196,43,171,65,59,66,157,203,336,97,95,107,130,351,181,19,94,168,114,78,139,56,134,84,114,218,271,520,96,173,37,176,179,23,89,219,130,34,145,35,164,164,111,172,79,115
427,346,159,77,442,94,351,119,149,169,376,450,740,293,206,203,284,694,406,49,189,385,243,166,240,119,275,169,199,505,583,1140,229,366,83,429,348,57,205,430,265,89,297,164,160,384,240,407,152,295
433,421,171,83,490,125,485,144,170,182,386,531,876,306,247,244,327,829,446,63,244,476,285,170,315,128,332,214,222,595,737,1263,236,464,112,488,408,83,254,531,340,92,334,164,384,210,283,504,173,299
355,265,135,55,339,83,282,109,103,122,272,341,562,174,170,166,232,574,315,41,174,316,171,130,193,85,196,139,163,375,463,917,187,287,77,342,302,52,163,338,191,60,245,111,240,283,92,341,109,214
449,445,217,80,512,103,465,133,166,207,446,613,963,337,290,292,372,950,524,58,302,542,350,215,370,148,361,244,240,678,817,1454,298,463,123,539,451,86,228,566,385,109,421,172,407,504,341,262,193,347
199,162,76,36,186,48,178,70,56,74,141,194,315,111,98,109,143,295,182,21,125,198,107,75,124,59,132,89,95,239,269,519,97,180,35,224,178,24,90,179,125,39,151,79,152,173,109,193,34,151
450,287,127,59,345,85,318,111,119,142,326,371,601,223,180,193,243,620,347,46,197,326,214,138,261,79,232,132,176,392,491,946,187,305,73,369,337,48,163,327,217,66,260,115,295,299,214,347,151,134
