285,422,222,89,482,104,494,176,190,252,418,525,854,382,323,349,394,818,454,67,341,532,362,207,365,155,398,298,330,653,720,1231,273,465,90,557,502,88,241,477,323,99,358,152,453,431,329,468,167,374
422,165,161,88,460,110,439,133,147,176,352,498,801,305,241,261,317,787,460,41,254,473,229,147,294,116,294,192,214,524,665,1230,263,420,105,438,424,71,193,445,286,82,353,152,332,393,285,453,182,296
222,161,44,39,232,50,214,62,73,83,165,207,338,145,119,121,155,381,193,20,119,200,111,67,113,45,123,92,97,251,315,557,109,174,45,212,192,29,99,231,124,27,160,85,176,190,124,232,82,136
89,88,39,7,90,17,76,30,27,38,66,103,144,64,51,54,52,159,92,23,49,96,49,36,70,27,65,57,42,109,111,237,38,82,19,93,79,13,37,76,69,21,60,33,75,77,57,83,37,67
482,460,232,90,254,125,527,112,176,201,461,558,943,349,274,275,365,947,514,59,276,540,289,203,330,119,310,223,272,631,721,1416,284,467,112,547,502,86,235,554,307,104,365,185,398,466,297,518,202,308
104,110,50,17,125,11,111,29,34,48,82,117,188,80,47,78,78,197,121,19,61,112,59,39,75,25,80,69,49,145,158,322,56,104,22,136,101,16,53,110,73,23,84,52,88,109,74,108,42,59
494,439,214,76,527,111,243,144,171,205,405,509,877,317,241,277,370,860,523,70,310,533,255,177,324,129,342,242,231,637,734,1394,277,436,109,524,462,83,263,505,330,118,362,191,360,429,305,484,188,342
176,133,62,30,112,29,144,28,40,64,133,162,290,104,77,87,94,275,146,24,92,149,106,73,113,40,111,77,86,168,222,440,90,162,37,144,151,23,69,160,93,24,125,61,126,158,110,171,59,115
190,147,73,27,176,34,171,40,23,55,143,174,253,119,89,84,116,289,179,20,92,189,110,89,111,41,111,76,74,202,250,475,68,153,39,175,170,29,79,182,105,46,125,69,140,144,102,171,59,116
252,176,83,38,201,48,205,64,55,41,158,227,375,141,124,137,164,345,226,21,128,192,128,80,126,49,123,97,115,254,314,548,110,197,50,221,188,33,117,223,137,45,152,75,170,177,127,221,79,141
418,352,165,66,461,82,405,133,143,158,162,493,782,269,248,252,326,754,467,63,256,421,266,166,241,106,249,218,237,543,617,1207,235,436,90,466,404,78,235,426,269,106,320,158,330,379,247,432,168,273
525,498,207,103,558,117,509,162,174,227,493,323,1050,356,276,312,447,1035,555,58,285,585,353,244,393,120,404,246,279,691,829,1586,331,523,124,603,535,91,301,607,353,123,430,179,493,519,343,613,208,397
854,801,338,144,943,188,877,290,253,375,782,1050,845,621,487,562,688,1500,930,105,472,944,558,359,607,240,647,431,458,1175,1282,2482,479,842,194,992,852,164,492,952,575,190,645,356,756,820,577,924,336,646
382,305,145,64,349,80,317,104,119,141,269,356,621,100,171,186,241,559,308,49,199,328,186,121,204,92,227,162,173,385,514,982,171,283,65,343,311,45,169,365,211,74,242,107,252,313,203,355,127,225
323,241,119,51,274,47,241,77,89,124,248,276,487,171,68,136,198,515,250,28,154,260,143,106,185,67,179,138,115,337,376,715,118,233,68,277,263,41,114,292,174,46,178,119,220,230,162,268,106,179
349,261,121,54,275,78,277,87,84,137,252,312,562,186,136,78,187,548,289,21,172,300,162,130,193,63,180,132,118,343,429,810,144,259,62,275,292,50,143,316,205,49,197,105,234,259,173,256,124,180
394,317,155,52,365,78,370,94,116,164,326,447,688,241,198,187,125,671,371,39,206,372,226,167,230,108,275,184,176,489,569,1050,186,348,100,380,330,61,174,386,269,71,256,122,314,356,228,340,136,230
818,787,381,159,947,197,860,275,289,345,754,1035,1500,559,515,548,671,817,959,132,455,941,548,322,632,258,661,423,478,1156,1361,2492,496,821,199,983,830,150,460,967,586,188,661,351,747,836,598,926,327,647
454,460,193,92,514,121,523,146,179,226,467,555,930,308,250,289,371,959,243,71,272,502,303,208,297,122,355,228,212,669,737,1450,282,487,105,534,468,86,268,543,367,107,384,184,418,482,334,568,181,352
67,41,20,23,59,19,70,24,20,21,63,58,105,49,28,21,39,132,71,4,34,76,46,23,44,24,36,20,34,74,97,177,40,67,20,64,67,3,29,80,28,16,43,25,53,67,42,68,24,41
341,254,119,49,276,61,310,92,92,128,256,285,472,199,154,172,206,455,272,34,62,271,136,127,178,69,184,116,165,320,414,766,150,270,63,295,255,44,155,325,183,44,221,90,225,260,162,311,101,186
532,473,200,96,540,112,533,149,189,192,421,585,944,328,260,300,372,941,502,76,271,297,315,218,322,138,375,236,247,687,779,1392,275,483,126,544,480,99,276,598,336,128,383,198,431,472,313,543,202,356
362,229,111,49,289,59,255,106,110,128,266,353,558,186,143,162,226,548,303,46,136,315,90,115,201,76,195,151,167,371,466,816,174,236,69,314,293,50,157,313,177,57,205,120,249,251,180,301,98,226
207,147,67,36,203,39,177,73,89,80,166,244,359,121,106,130,167,322,208,23,127,218,115,32,150,48,128,106,120,220,315,567,101,192,37,217,198,37,123,196,134,43,139,71,147,187,147,213,77,163
365,294,113,70,330,75,324,113,111,126,241,393,607,204,185,193,230,632,297,44,178,322,201,150,110,72,197,169,170,429,511,977,196,333,78,345,306,55,167,341,220,77,257,140,276,309,198,334,132,236
155,116,45,27,119,25,129,40,41,49,106,120,240,92,67,63,108,258,122,24,69,138,76,48,72,14,80,64,68,166,180,370,67,104,31,131,108,11,64,125,84,22,88,49,98,117,87,134,58,97
398,294,123,65,310,80,342,111,111,123,249,404,647,227,179,180,275,661,355,36,184,375,195,128,197,80,115,173,169,430,526,1016,200,337,84,404,343,42,166,364,221,76,260,143,257,316,203,365,144,258
298,192,92,57,223,69,242,77,76,97,218,246,431,162,138,132,184,423,228,20,116,236,151,106,169,64,173,59,127,266,338,667,128,238,58,262,241,31,129,271,148,50,175,105,199,230,155,239,113,148
330,214,97,42,272,49,231,86,74,115,237,279,458,173,115,118,176,478,212,34,165,247,167,120,170,68,169,127,66,285,375,712,145,244,59,272,243,45,125,279,153,49,194,89,193,212,171,265,94,171
653,524,251,109,631,145,637,168,202,254,543,691,1175,385,337,343,489,1156,669,74,320,687,371,220,429,166,430,266,285,388,965,1848,335,592,140,671,622,113,322,681,431,145,462,238,522,569,387,697,245,412
720,665,315,111,721,158,734,222,250,314,617,829,1282,514,376,429,569,1361,737,97,414,779,466,315,511,180,526,338,375,965,580,2081,398,690,160,793,691,135,394,771,470,161,601,293,630,689,487,800,299,528
1231,1230,557,237,1416,322,1394,440,475,548,1207,1586,2482,982,715,810,1050,2492,1450,177,766,1392,816,567,977,370,1016,667,712,1848,2081,1989,758,1297,309,1563,1314,258,745,1475,879,306,998,561,1142,1310,921,1403,497,960
273,263,109,38,284,56,277,90,68,110,235,331,479,171,118,144,186,496,282,40,150,275,174,101,196,67,200,128,145,335,398,758,66,238,72,299,240,45,130,295,191,62,191,122,241,249,173,290,113,195
465,420,174,82,467,104,436,162,153,197,436,523,842,283,233,259,348,821,487,67,270,483,236,192,333,104,337,238,244,592,690,1297,238,202,101,469,421,73,246,479,329,100,349,170,368,419,281,501,155,331
90,105,45,19,112,22,109,37,39,50,90,124,194,65,68,62,100,199,105,20,63,126,69,37,78,31,84,58,59,140,160,309,72,101,12,122,97,20,56,116,98,20,89,44,95,108,69,123,29,85
557,438,212,93,547,136,524,144,175,221,466,603,992,343,277,275,380,983,534,64,295,544,314,217,345,131,404,262,272,671,793,1563,299,469,122,298,510,84,272,584,356,130,440,182,436,471,324,589,203,334
502,424,192,79,502,101,462,151,170,188,404,535,852,311,263,292,330,830,468,67,255,480,293,198,306,108,343,241,243,622,691,1314,240,421,97,510,212,81,259,491,314,114,324,193,379,402,297,480,174,323
88,71,29,13,86,16,83,23,29,33,78,91,164,45,41,50,61,150,86,3,44,99,50,37,55,11,42,31,45,113,135,258,45,73,20,84,81,6,53,113,59,23,72,31,72,78,60,108,28,57
241,193,99,37,235,53,263,69,79,117,235,301,492,169,114,143,174,460,268,29,155,276,157,123,167,64,166,129,125,322,394,745,130,246,56,272,259,53,52,279,169,50,209,95,203,228,160,257,92,167
477,445,231,76,554,110,505,160,182,223,426,607,952,365,292,316,386,967,543,80,325,598,313,196,341,125,364,271,279,681,771,1475,295,479,116,584,491,113,279,287,380,126,402,195,440,445,337,544,192,348
323,286,124,69,307,73,330,93,105,137,269,353,575,211,174,205,269,586,367,28,183,336,177,134,220,84,221,148,153,431,470,879,191,329,98,356,314,59,169,380,109,75,285,120,263,306,228,381,131,196
99,82,27,21,104,23,118,24,46,45,106,123,190,74,46,49,71,188,107,16,44,128,57,43,77,22,76,50,49,145,161,306,62,100,20,130,114,23,50,126,75,10,80,29,94,105,73,116,37,74
358,353,160,60,365,84,362,125,125,152,320,430,645,242,178,197,256,661,384,43,221,383,205,139,257,88,260,175,194,462,601,998,191,349,89,440,324,72,209,402,285,80,127,148,317,360,241,374,134,258
152,152,85,33,185,52,191,61,69,75,158,179,356,107,119,105,122,351,184,25,90,198,120,71,140,49,143,105,89,238,293,561,122,170,44,182,193,31,95,195,120,29,148,41,176,182,118,211,91,134
453,332,176,75,398,88,360,126,140,170,330,493,756,252,220,234,314,747,418,53,225,431,249,147,276,98,257,199,193,522,630,1142,241,368,95,436,379,72,203,440,263,94,317,176,163,366,252,426,172,294
431,393,190,77,466,109,429,158,144,177,379,519,820,313,230,259,356,836,482,67,260,472,251,187,309,117,316,230,212,569,689,1310,249,419,108,471,402,78,228,445,306,105,360,182,366,206,326,473,177,332
329,285,124,57,297,74,305,110,102,127,247,343,577,203,162,173,228,598,334,42,162,313,180,147,198,87,203,155,171,387,487,921,173,281,69,324,297,60,160,337,228,73,241,118,252,326,103,314,110,238
468,453,232,83,518,108,484,171,171,221,432,613,924,355,268,256,340,926,568,68,311,543,301,213,334,134,365,239,265,697,800,1403,290,501,123,589,480,108,257,544,381,116,374,211,426,473,314,251,198,360
167,182,82,37,202,42,188,59,59,79,168,208,336,127,106,124,136,327,181,24,101,202,98,77,132,58,144,113,94,245,299,497,113,155,29,203,174,28,92,192,131,37,134,91,172,177,110,198,23,139
374,296,136,67,308,59,342,115,116,141,273,397,646,225,179,180,230,647,352,41,186,356,226,163,236,97,258,148,171,412,528,960,195,331,85,334,323,57,167,348,196,74,258,134,294,332,238,360,139,108
