277,451,213,94,490,116,504,185,192,222,434,510,805,342,330,346,356,811,528,65,306,531,367,213,363,158,376,287,288,601,685,1126,229,508,126,508,496,91,261,488,314,113,341,163,432,435,317,474,192,380
451,194,170,81,457,104,414,136,128,186,371,503,773,288,248,241,311,779,440,59,244,434,267,184,287,126,267,192,193,594,697,1182,255,434,90,479,389,66,230,485,258,73,349,170,319,409,252,483,186,313
213,170,37,44,206,58,212,57,70,95,196,233,384,131,99,112,150,351,190,19,99,222,126,82,138,49,139,74,86,244,306,564,107,185,47,199,188,42,98,213,120,50,161,66,148,181,107,221,76,150
94,81,44,6,87,20,82,29,25,32,73,91,168,54,41,54,54,145,85,9,62,84,55,39,70,26,57,43,44,119,131,211,39,79,21,91,78,12,46,89,58,18,60,32,68,64,69,91,25,60
490,457,206,87,267,111,507,162,177,225,440,569,912,343,248,278,369,923,537,65,317,539,295,211,304,132,326,234,268,677,779,1439,292,496,105,558,500,100,251,550,344,114,417,221,362,475,321,543,165,367
116,104,58,20,111,11,106,37,22,41,92,131,210,86,65,74,71,189,119,14,82,103,71,62,84,36,89,58,53,138,178,298,48,100,28,119,112,20,65,117,70,26,76,51,96,88,81,112,32,88
504,414,212,82,507,106,250,152,160,176,421,548,857,331,258,287,340,858,507,51,283,490,296,207,329,126,303,234,240,627,777,1360,250,469,121,536,455,94,280,536,331,130,383,184,391,423,327,481,160,335
185,136,57,29,162,37,152,20,50,81,154,180,279,100,82,84,113,287,162,17,68,143,100,59,95,29,92,78,71,184,230,452,88,124,38,169,141,26,74,158,95,21,127,55,127,136,96,161,72,121
192,128,70,25,177,22,160,50,32,69,131,183,267,102,79,92,140,297,180,21,84,165,85,60,102,39,108,77,70,209,252,459,82,165,36,194,136,26,85,170,127,32,140,73,129,151,101,168,48,110
222,186,95,32,225,41,176,81,69,40,172,226,364,125,117,125,140,364,188,27,136,206,118,98,147,65,167,103,115,265,284,542,116,171,52,214,179,33,98,216,125,31,160,59,146,182,135,205,67,159
434,371,196,73,440,92,421,154,131,172,192,460,786,263,230,251,302,699,392,61,281,418,250,197,298,130,326,211,234,519,632,1144,230,395,94,472,370,75,198,474,252,75,307,138,327,371,280,446,135,337
510,503,233,91,569,131,548,180,183,226,460,301,974,358,301,303,408,1016,575,74,292,605,343,206,368,156,409,248,285,723,835,1515,315,509,133,576,522,98,264,581,369,109,468,203,452,560,369,550,220,361
805,773,384,168,912,210,857,279,267,364,786,974,779,595,455,503,655,1376,868,120,507,883,571,359,610,246,663,456,463,1126,1352,2392,501,837,218,936,887,146,455,1000,587,199,699,381,781,892,636,898,333,594
342,288,131,54,343,86,331,100,102,125,263,358,595,110,155,186,235,595,347,32,203,346,164,116,236,78,217,168,149,430,514,887,165,311,88,326,317,61,153,344,194,71,253,124,257,282,186,356,115,229
330,248,99,41,248,65,258,82,79,117,230,301,455,155,75,139,197,460,258,23,156,275,155,113,179,65,168,117,127,312,416,751,158,236,58,280,272,47,121,322,197,60,217,98,208,212,146,290,90,178
346,241,112,54,278,74,287,84,92,125,251,303,503,186,139,71,210,506,258,32,160,291,161,112,208,72,196,127,142,370,470,811,162,269,68,305,290,50,154,327,173,62,231,112,230,266,176,329,112,207
356,311,150,54,369,71,340,113,140,140,302,408,655,235,197,210,125,668,356,47,205,369,204,134,229,91,228,176,185,456,550,974,202,342,92,353,322,61,197,376,276,68,269,144,291,319,227,372,136,238
811,779,351,145,923,189,858,287,297,364,699,1016,1376,595,460,506,668,776,885,127,511,867,550,346,569,233,634,452,481,1084,1312,2353,489,815,216,963,854,139,462,955,608,187,674,347,749,854,603,941,335,579
528,440,190,85,537,119,507,162,180,188,392,575,868,347,258,258,356,885,258,67,286,473,295,212,353,114,325,256,256,661,768,1363,268,502,120,517,508,87,262,537,332,98,397,207,405,453,325,495,185,337
65,59,19,9,65,14,51,17,21,27,61,74,120,32,23,32,47,127,67,5,36,59,37,23,35,14,36,19,31,95,84,177,25,58,15,54,61,9,21,56,43,13,42,21,41,52,31,44,15,44
306,244,99,62,317,82,283,68,84,136,281,292,507,203,156,160,205,511,286,36,74,313,180,118,187,65,187,131,157,332,411,826,147,293,54,287,269,41,140,310,193,52,238,117,217,278,171,309,110,187
531,434,222,84,539,103,490,143,165,206,418,605,883,346,275,291,369,867,473,59,313,257,294,205,360,126,343,255,280,659,772,1382,285,496,118,532,476,86,248,513,323,92,419,200,416,458,326,535,184,365
367,267,126,55,295,71,296,100,85,118,250,343,571,164,155,161,204,550,295,37,180,294,90,98,223,77,219,157,135,383,462,822,167,312,78,312,284,45,135,303,157,70,226,101,226,261,183,318,104,211
213,184,82,39,211,62,207,59,60,98,197,206,359,116,113,112,134,346,212,23,118,205,98,33,139,56,126,100,98,255,328,560,109,193,62,219,186,32,90,204,142,38,156,72,157,172,105,209,69,142
363,287,138,70,304,84,329,95,102,147,298,368,610,236,179,208,229,569,353,35,187,360,223,139,113,85,208,142,155,413,532,979,195,325,82,352,313,42,138,360,207,63,237,117,252,323,193,350,131,245
158,126,49,26,132,36,126,29,39,65,130,156,246,78,65,72,91,233,114,14,65,126,77,56,85,19,82,55,57,153,178,366,86,134,30,132,120,14,58,150,77,28,100,47,98,123,80,123,49,77
376,267,139,57,326,89,303,92,108,167,326,409,663,217,168,196,228,634,325,36,187,343,219,126,208,82,113,158,168,424,485,955,203,353,82,370,304,48,163,387,216,68,287,123,245,335,191,351,137,221
287,192,74,43,234,58,234,78,77,103,211,248,456,168,117,127,176,452,256,19,131,255,157,100,142,55,158,50,131,302,360,674,133,218,55,251,218,31,128,240,157,56,182,108,177,198,146,236,94,160
288,193,86,44,268,53,240,71,70,115,234,285,463,149,127,142,185,481,256,31,157,280,135,98,155,57,168,131,70,302,380,744,126,259,67,269,233,41,104,261,161,46,193,100,194,240,145,256,96,170
601,594,244,119,677,138,627,184,209,265,519,723,1126,430,312,370,456,1084,661,95,332,659,383,255,413,153,424,302,302,367,977,1794,327,572,142,679,614,111,322,684,395,117,455,202,493,605,410,650,219,435
685,697,306,131,779,178,777,230,252,284,632,835,1352,514,416,470,550,1312,768,84,411,772,462,328,532,178,485,360,380,977,553,2045,421,708,170,776,748,127,395,790,518,159,575,285,644,715,513,749,274,511
1126,1182,564,211,1439,298,1360,452,459,542,1144,1515,2392,887,751,811,974,2353,1363,177,826,1382,822,560,979,366,955,674,744,1794,2045,1898,712,1329,326,1501,1297,245,721,1485,915,300,1052,510,1183,1350,944,1384,479,897
229,255,107,39,292,48,250,88,82,116,230,315,501,165,158,162,202,489,268,25,147,285,167,109,195,86,203,133,126,327,421,712,66,247,64,270,238,47,128,306,183,63,210,103,250,247,197,284,93,172
508,434,185,79,496,100,469,124,165,171,395,509,837,311,236,269,342,815,502,58,293,496,312,193,325,134,353,218,259,572,708,1329,247,217,95,498,440,72,238,504,292,96,339,190,382,441,321,520,157,304
126,90,47,21,105,28,121,38,36,52,94,133,218,88,58,68,92,216,120,15,54,118,78,62,82,30,82,55,67,142,170,326,64,95,13,114,103,25,60,120,83,20,99,33,117,90,68,118,47,67
508,479,199,91,558,119,536,169,194,214,472,576,936,326,280,305,353,963,517,54,287,532,312,219,352,132,370,251,269,679,776,1501,270,498,114,287,515,98,275,598,343,98,393,212,422,467,320,555,201,335
496,389,188,78,500,112,455,141,136,179,370,522,887,317,272,290,322,854,508,61,269,476,284,186,313,120,304,218,233,614,748,1297,238,440,103,515,238,74,234,550,319,78,382,165,391,410,283,487,163,306
91,66,42,12,100,20,94,26,26,33,75,98,146,61,47,50,61,139,87,9,41,86,45,32,42,14,48,31,41,111,127,245,47,72,25,98,74,2,46,102,70,22,58,32,67,82,59,100,34,59
261,230,98,46,251,65,280,74,85,98,198,264,455,153,121,154,197,462,262,21,140,248,135,90,138,58,163,128,104,322,395,721,128,238,60,275,234,46,66,258,181,37,190,106,180,225,156,283,82,191
488,485,213,89,550,117,536,158,170,216,474,581,1000,344,322,327,376,955,537,56,310,513,303,204,360,150,387,240,261,684,790,1485,306,504,120,598,550,102,258,253,327,127,426,198,416,488,347,535,195,379
314,258,120,58,344,70,331,95,127,125,252,369,587,194,197,173,276,608,332,43,193,323,157,142,207,77,216,157,161,395,518,915,183,292,83,343,319,70,181,327,103,64,268,126,281,307,222,351,138,231
113,73,50,18,114,26,130,21,32,31,75,109,199,71,60,62,68,187,98,13,52,92,70,38,63,28,68,56,46,117,159,300,63,96,20,98,78,22,37,127,64,11,90,60,85,102,77,114,42,60
341,349,161,60,417,76,383,127,140,160,307,468,699,253,217,231,269,674,397,42,238,419,226,156,237,100,287,182,193,455,575,1052,210,339,99,393,382,58,190,426,268,90,144,149,313,382,250,380,157,243
163,170,66,32,221,51,184,55,73,59,138,203,381,124,98,112,144,347,207,21,117,200,101,72,117,47,123,108,100,202,285,510,103,190,33,212,165,32,106,198,126,60,149,39,142,176,123,197,57,110
432,319,148,68,362,96,391,127,129,146,327,452,781,257,208,230,291,749,405,41,217,416,226,157,252,98,245,177,194,493,644,1183,250,382,117,422,391,67,180,416,281,85,313,142,177,350,235,427,151,253
435,409,181,64,475,88,423,136,151,182,371,560,892,282,212,266,319,854,453,52,278,458,261,172,323,123,335,198,240,605,715,1350,247,441,90,467,410,82,225,488,307,102,382,176,350,219,258,502,157,328
317,252,107,69,321,81,327,96,101,135,280,369,636,186,146,176,227,603,325,31,171,326,183,105,193,80,191,146,145,410,513,944,197,321,68,320,283,59,156,347,222,77,250,123,235,258,91,318,106,190
474,483,221,91,543,112,481,161,168,205,446,550,898,356,290,329,372,941,495,44,309,535,318,209,350,123,351,236,256,650,749,1384,284,520,118,555,487,100,283,535,351,114,380,197,427,502,318,238,185,360
192,186,76,25,165,32,160,72,48,67,135,220,333,115,90,112,136,335,185,15,110,184,104,69,131,49,137,94,96,219,274,479,93,157,47,201,163,34,82,195,138,42,157,57,151,157,106,185,21,114
380,313,150,60,367,88,335,121,110,159,337,361,594,229,178,207,238,579,337,44,187,365,211,142,245,77,221,160,170,435,511,897,172,304,67,335,306,59,191,379,231,60,243,110,253,328,190,360,114,125
