257,441,241,98,577,126,525,186,180,245,446,511,852,398,314,363,348,872,489,66,298,514,380,219,386,160,377,290,317,615,680,1207,222,480,103,527,501,85,251,482,320,109,395,188,472,442,375,507,156,396
441,176,150,91,466,97,429,129,126,185,379,454,814,272,226,236,302,808,425,58,207,450,221,161,279,108,289,205,205,554,667,1224,253,408,92,457,408,79,214,484,287,66,361,156,350,406,280,468,159,289
241,150,35,38,214,42,196,57,63,87,161,235,382,121,100,115,121,361,217,21,94,208,103,94,126,42,135,79,94,225,307,571,121,198,46,224,202,27,85,222,126,41,157,62,163,208,122,238,71,153
98,91,38,8,73,16,82,31,30,41,85,100,157,62,65,54,54,145,95,18,36,91,63,41,63,25,71,33,59,108,119,208,48,88,23,92,100,19,37,82,69,16,65,37,81,72,69,75,35,60
577,466,214,73,266,112,500,151,152,207,467,617,929,334,287,319,389,914,516,68,271,521,294,200,326,125,331,233,281,648,747,1372,279,475,135,569,478,81,258,585,373,106,404,192,387,477,300,521,199,358
126,97,42,16,112,9,102,44,35,43,100,138,192,73,55,58,63,200,111,18,60,116,67,61,83,28,88,44,73,153,164,297,72,117,33,119,108,18,74,119,96,29,81,56,113,95,80,106,49,83
525,429,196,82,500,102,233,146,164,178,407,565,861,305,260,291,363,864,480,58,254,495,293,182,354,133,383,222,242,627,765,1347,275,454,131,536,507,91,234,508,342,85,355,173,386,435,302,501,210,354
186,129,57,31,151,44,146,21,39,76,134,169,276,109,76,92,90,268,143,18,82,144,104,65,114,34,101,73,71,205,244,392,99,148,34,124,158,22,61,143,83,22,120,63,132,145,93,160,61,94
180,126,63,30,152,35,164,39,31,70,151,198,312,89,79,84,129,297,188,26,79,187,109,70,115,45,99,81,99,196,254,424,90,176,42,176,169,27,72,178,108,36,134,54,125,170,114,167,71,121
245,185,87,41,207,43,178,76,70,32,165,234,339,148,104,128,150,339,209,27,112,201,119,64,111,46,139,99,106,246,296,524,107,202,54,238,201,34,119,221,110,40,163,74,141,172,115,191,78,153
446,379,161,85,467,100,407,134,151,165,176,493,760,314,203,238,292,740,448,65,240,413,230,158,257,113,307,219,204,531,613,1169,220,424,98,500,418,84,202,466,269,81,334,174,334,361,216,411,159,314
511,454,235,100,617,138,565,169,198,234,493,318,999,375,284,282,393,986,585,55,281,571,332,222,364,145,357,288,265,721,890,1552,291,529,143,577,543,86,289,626,438,120,459,214,438,561,370,576,199,369
852,814,382,157,929,192,861,276,312,339,760,999,830,565,445,512,657,1565,903,104,490,936,493,374,560,230,604,411,464,1186,1420,2504,474,859,205,1031,875,166,462,982,653,187,705,336,703,869,574,963,322,586
398,272,121,62,334,73,305,109,89,148,314,375,565,95,161,191,239,554,331,45,169,327,203,114,234,90,229,169,176,382,516,866,171,323,81,341,316,54,158,327,237,62,245,104,252,283,202,334,123,237
314,226,100,65,287,55,260,76,79,104,203,284,445,161,82,164,202,458,250,41,135,280,195,114,177,79,192,132,124,307,379,733,144,272,51,282,274,44,152,265,160,60,188,88,223,238,187,296,96,170
363,236,115,54,319,58,291,92,84,128,238,282,512,191,164,87,230,517,287,36,134,308,190,107,178,80,189,143,130,358,456,813,159,303,75,315,264,51,159,308,197,57,235,91,226,250,174,295,103,200
348,302,121,54,389,63,363,90,129,150,292,393,657,239,202,230,120,659,407,35,182,385,242,135,249,93,239,177,209,465,559,1002,204,365,82,383,337,59,149,399,224,62,282,144,322,319,236,371,154,261
872,808,361,145,914,200,864,268,297,339,740,986,1565,554,458,517,659,833,896,103,497,944,525,353,584,242,603,419,447,1111,1404,2548,508,836,197,1033,863,173,473,1017,627,189,715,337,685,893,591,938,333,580
489,425,217,95,516,111,480,143,188,209,448,585,903,331,250,287,407,896,250,71,292,450,304,191,326,134,368,226,264,625,789,1360,262,473,116,529,495,90,268,563,358,104,391,217,394,462,331,543,183,368
66,58,21,18,68,18,58,18,26,27,65,55,104,45,41,36,35,103,71,4,35,62,30,22,47,12,40,32,29,66,96,191,43,57,10,61,68,13,33,74,52,10,51,18,53,52,36,67,22,37
298,207,94,36,271,60,254,82,79,112,240,281,490,169,135,134,182,497,292,35,82,281,149,101,167,66,160,142,134,323,407,772,145,259,60,271,227,45,129,297,184,45,184,92,216,242,181,260,109,187
514,450,208,91,521,116,495,144,187,201,413,571,936,327,280,308,385,944,450,62,281,255,337,197,303,136,361,252,258,646,735,1434,284,471,132,561,508,83,233,568,344,101,366,208,417,484,336,507,191,368
380,221,103,63,294,67,293,104,109,119,230,332,493,203,195,190,242,525,304,30,149,337,101,100,200,74,194,126,147,370,461,773,169,282,73,319,301,48,141,316,168,56,213,118,256,284,195,298,124,202
219,161,94,41,200,61,182,65,70,64,158,222,374,114,114,107,135,353,191,22,101,197,100,27,123,68,129,102,90,246,290,536,94,205,41,222,216,38,92,182,133,38,140,62,121,180,118,194,67,142
386,279,126,63,326,83,354,114,115,111,257,364,560,234,177,178,249,584,326,47,167,303,200,123,106,80,230,168,176,416,506,908,172,315,89,357,359,58,168,339,180,67,253,130,258,274,196,344,125,240
160,108,42,25,125,28,133,34,45,46,113,145,230,90,79,80,93,242,134,12,66,136,74,68,80,10,84,65,64,138,202,356,81,134,25,155,118,13,52,140,86,20,105,44,108,126,74,128,43,81
377,289,135,71,331,88,383,101,99,139,307,357,604,229,192,189,239,603,368,40,160,361,194,129,230,84,105,180,168,398,544,979,205,333,70,391,342,75,148,371,225,66,260,120,271,361,218,365,126,223
290,205,79,33,233,44,222,73,81,99,219,288,411,169,132,143,177,419,226,32,142,252,126,102,168,65,180,57,112,292,337,669,113,213,43,234,217,33,127,221,146,63,177,80,207,222,142,279,92,165
317,205,94,59,281,73,242,71,99,106,204,265,464,176,124,130,209,447,264,29,134,258,147,90,176,64,168,112,64,331,405,699,140,241,63,262,227,31,106,289,172,39,204,89,195,225,181,247,93,188
615,554,225,108,648,153,627,205,196,246,531,721,1186,382,307,358,465,1111,625,66,323,646,370,246,416,138,398,292,331,383,979,1855,347,580,133,660,577,133,332,698,446,122,454,224,501,635,382,669,224,439
680,667,307,119,747,164,765,244,254,296,613,890,1420,516,379,456,559,1404,789,96,407,735,461,290,506,202,544,337,405,979,560,2164,420,725,205,831,730,123,403,802,504,161,573,284,637,743,504,810,299,502
1207,1224,571,208,1372,297,1347,392,424,524,1169,1552,2504,866,733,813,1002,2548,1360,191,772,1434,773,536,908,356,979,669,699,1855,2164,1984,740,1302,325,1553,1302,233,670,1532,922,287,1034,556,1152,1410,922,1489,474,915
222,253,121,48,279,72,275,99,90,107,220,291,474,171,144,159,204,508,262,43,145,284,169,94,172,81,205,113,140,347,420,740,69,273,69,315,277,50,149,305,190,54,201,125,227,247,188,280,94,169
480,408,198,88,475,117,454,148,176,202,424,529,859,323,272,303,365,836,473,57,259,471,282,205,315,134,333,213,241,580,725,1302,273,210,105,489,449,81,246,521,350,94,366,204,405,472,311,509,201,330
103,92,46,23,135,33,131,34,42,54,98,143,205,81,51,75,82,197,116,10,60,132,73,41,89,25,70,43,63,133,205,325,69,105,13,144,130,17,63,120,80,19,94,35,101,117,78,117,39,80
527,457,224,92,569,119,536,124,176,238,500,577,1031,341,282,315,383,1033,529,61,271,561,319,222,357,155,391,234,262,660,831,1553,315,489,144,289,522,78,249,596,341,101,440,194,466,493,320,597,217,378
501,408,202,100,478,108,507,158,169,201,418,543,875,316,274,264,337,863,495,68,227,508,301,216,359,118,342,217,227,577,730,1302,277,449,130,522,227,85,227,515,346,95,394,181,383,451,320,487,196,315
85,79,27,19,81,18,91,22,27,34,84,86,166,54,44,51,59,173,90,13,45,83,48,38,58,13,75,33,31,133,123,233,50,81,17,78,85,6,45,93,51,20,57,35,66,82,68,91,32,58
251,214,85,37,258,74,234,61,72,119,202,289,462,158,152,159,149,473,268,33,129,233,141,92,168,52,148,127,106,332,403,670,149,246,63,249,227,45,49,275,160,44,221,100,200,228,166,260,93,165
482,484,222,82,585,119,508,143,178,221,466,626,982,327,265,308,399,1017,563,74,297,568,316,182,339,140,371,221,289,698,802,1532,305,521,120,596,515,93,275,285,348,112,419,189,451,473,360,555,195,353
320,287,126,69,373,96,342,83,108,110,269,438,653,237,160,197,224,627,358,52,184,344,168,133,180,86,225,146,172,446,504,922,190,350,80,341,346,51,160,348,106,70,256,129,270,331,213,337,128,210
109,66,41,16,106,29,85,22,36,40,81,120,187,62,60,57,62,189,104,10,45,101,56,38,67,20,66,63,39,122,161,287,54,94,19,101,95,20,44,112,70,7,75,24,73,99,73,121,41,62
395,361,157,65,404,81,355,120,134,163,334,459,705,245,188,235,282,715,391,51,184,366,213,140,253,105,260,177,204,454,573,1034,201,366,94,440,394,57,221,419,256,75,138,160,270,364,246,384,151,239
188,156,62,37,192,56,173,63,54,74,174,214,336,104,88,91,144,337,217,18,92,208,118,62,130,44,120,80,89,224,284,556,125,204,35,194,181,35,100,189,129,24,160,29,124,188,122,203,67,134
472,350,163,81,387,113,386,132,125,141,334,438,703,252,223,226,322,685,394,53,216,417,256,121,258,108,271,207,195,501,637,1152,227,405,101,466,383,66,200,451,270,73,270,124,160,350,242,392,155,276
442,406,208,72,477,95,435,145,170,172,361,561,869,283,238,250,319,893,462,52,242,484,284,180,274,126,361,222,225,635,743,1410,247,472,117,493,451,82,228,473,331,99,364,188,350,198,289,458,174,299
375,280,122,69,300,80,302,93,114,115,216,370,574,202,187,174,236,591,331,36,181,336,195,118,196,74,218,142,181,382,504,922,188,311,78,320,320,68,166,360,213,73,246,122,242,289,110,337,120,232
507,468,238,75,521,106,501,160,167,191,411,576,963,334,296,295,371,938,543,67,260,507,298,194,344,128,365,279,247,669,810,1489,280,509,117,597,487,91,260,555,337,121,384,203,392,458,337,269,192,349
156,159,71,35,199,49,210,61,71,78,159,199,322,123,96,103,154,333,183,22,109,191,124,67,125,43,126,92,93,224,299,474,94,201,39,217,196,32,93,195,128,41,151,67,155,174,120,192,30,138
396,289,153,60,358,83,354,94,121,153,314,369,586,237,170,200,261,580,368,37,187,368,202,142,240,81,223,165,188,439,502,915,169,330,80,378,315,58,165,353,210,62,239,134,276,299,232,349,138,118
