255,433,201,84,505,93,450,188,160,270,449,516,807,398,302,345,360,820,479,74,296,477,355,199,351,143,343,273,297,604,687,1189,239,436,94,499,460,90,250,458,304,106,375,179,402,426,322,475,170,390
433,198,193,78,444,97,419,140,139,201,382,483,792,270,213,260,323,835,444,49,256,437,249,173,273,115,298,234,213,514,663,1254,239,414,103,489,422,66,198,455,301,91,310,139,340,413,256,442,167,298
201,193,30,23,196,36,163,65,55,78,160,211,365,113,107,106,155,371,196,23,112,221,115,64,125,42,136,91,91,256,344,537,125,182,57,194,186,39,106,215,110,38,171,65,150,197,131,227,72,129
84,78,23,8,81,21,80,35,24,44,78,88,147,58,42,59,66,148,92,9,57,74,47,32,55,19,56,45,53,101,112,232,35,73,23,79,89,20,57,89,61,21,52,28,71,77,52,82,26,63
505,444,196,81,236,105,491,153,164,215,397,563,901,304,257,303,397,901,526,67,313,546,294,211,322,139,354,242,258,621,760,1361,280,469,126,560,454,78,256,541,362,124,368,184,395,475,308,516,175,359
93,97,36,21,105,10,101,37,36,53,94,112,192,92,43,53,78,199,115,11,65,108,71,51,82,24,68,59,68,131,143,266,57,101,27,118,112,24,57,113,78,21,86,33,84,91,76,109,35,69
450,419,163,80,491,101,203,153,165,203,413,537,859,308,232,257,340,875,469,48,275,468,295,177,294,124,314,247,227,609,696,1321,261,413,102,542,453,85,235,507,325,104,406,165,359,458,303,483,159,315
188,140,65,35,153,37,153,18,46,72,135,185,266,99,89,97,111,267,181,21,73,162,81,56,81,40,104,78,84,214,239,413,86,151,32,134,133,25,76,164,123,25,122,56,122,125,97,183,49,98
160,139,55,24,164,36,165,46,18,69,127,184,298,104,77,80,127,295,147,16,92,145,88,69,114,43,110,91,80,183,248,430,79,141,42,175,165,22,73,158,107,31,130,48,124,151,100,168,63,111
270,201,78,44,215,53,203,72,69,50,171,234,354,120,112,118,159,367,202,30,109,222,137,91,139,59,148,116,118,209,272,511,100,241,47,216,182,39,105,233,148,44,148,73,165,174,138,195,65,146
449,382,160,78,397,94,413,135,127,171,184,454,759,279,249,264,334,763,464,54,225,443,288,179,301,116,272,221,241,490,610,1155,217,419,95,443,381,71,212,463,320,81,331,158,366,373,262,418,155,278
516,483,211,88,563,112,537,185,184,234,454,316,968,343,301,337,404,972,560,55,313,571,314,224,343,135,368,262,285,703,846,1561,313,510,126,614,554,105,299,617,372,143,387,225,430,488,321,554,187,373
807,792,365,147,901,192,859,266,298,354,759,968,795,625,446,548,716,1469,894,109,495,964,568,374,573,221,605,416,483,1142,1348,2391,480,843,215,1003,825,158,443,937,562,193,687,330,734,789,603,938,334,648
398,270,113,58,304,92,308,99,104,120,279,343,625,111,187,184,247,579,324,31,170,320,194,131,217,92,213,163,141,416,485,915,173,310,68,375,301,49,165,368,208,64,254,118,266,319,218,317,129,210
302,213,107,42,257,43,232,89,77,112,249,301,446,187,80,137,186,455,257,30,138,282,160,98,177,58,154,124,115,352,410,764,152,260,63,277,234,47,130,252,153,49,225,90,209,220,168,285,97,168
345,260,106,59,303,53,257,97,80,118,264,337,548,184,137,64,216,535,312,31,127,311,170,123,176,72,169,146,131,336,440,831,165,284,66,309,269,54,125,295,170,52,238,94,235,260,163,319,114,182
360,323,155,66,397,78,340,111,127,159,334,404,716,247,186,216,155,664,390,48,180,400,191,125,245,92,249,194,198,471,570,1073,212,337,72,392,340,58,191,396,251,83,278,122,261,343,216,375,132,249
820,835,371,148,901,199,875,267,295,367,763,972,1469,579,455,535,664,806,876,113,529,954,566,360,638,215,619,428,465,1130,1287,2400,479,853,222,991,799,151,422,930,598,192,663,337,751,849,585,882,358,648
479,444,196,92,526,115,469,181,147,202,464,560,894,324,257,312,390,876,266,80,272,518,260,186,321,109,298,248,259,641,740,1444,257,481,121,564,457,91,273,523,336,109,407,175,379,477,333,504,170,345
74,49,23,9,67,11,48,21,16,30,54,55,109,31,30,31,48,113,80,1,39,76,41,17,44,15,39,34,25,83,94,176,33,62,14,66,50,13,28,69,41,23,44,25,46,68,42,66,16,50
296,256,112,57,313,65,275,73,92,109,225,313,495,170,138,127,180,529,272,39,77,280,174,113,180,58,179,119,129,351,423,827,140,257,52,258,250,53,139,322,197,57,232,117,217,244,154,285,103,171
477,437,221,74,546,108,468,162,145,222,443,571,964,320,282,311,400,954,518,76,280,277,293,192,340,129,350,267,259,631,766,1400,252,468,111,552,493,77,270,548,351,114,395,204,432,479,342,528,174,366
355,249,115,47,294,71,295,81,88,137,288,314,568,194,160,170,191,566,260,41,174,293,86,127,208,76,206,124,150,382,464,839,160,285,67,285,263,56,133,316,186,56,237,111,275,311,193,327,107,214
199,173,64,32,211,51,177,56,69,91,179,224,374,131,98,123,125,360,186,17,113,192,127,37,134,58,131,110,120,268,279,555,110,198,52,209,187,26,94,214,131,32,164,69,178,193,130,231,75,144
351,273,125,55,322,82,294,81,114,139,301,343,573,217,177,176,245,638,321,44,180,340,208,134,99,67,222,167,160,406,481,917,180,310,83,335,302,55,150,373,213,61,279,116,236,307,197,343,113,233
143,115,42,19,139,24,124,40,43,59,116,135,221,92,58,72,92,215,109,15,58,129,76,58,67,9,63,56,59,154,194,362,66,102,28,137,123,20,57,148,74,24,111,52,100,138,87,137,49,82
343,298,136,56,354,68,314,104,110,148,272,368,605,213,154,169,249,619,298,39,179,350,206,131,222,63,102,161,160,399,504,929,188,312,72,373,316,62,184,373,213,81,264,117,282,318,229,358,132,248
273,234,91,45,242,59,247,78,91,116,221,262,416,163,124,146,194,428,248,34,119,267,124,110,167,56,161,48,114,272,321,739,142,218,47,249,222,34,98,265,158,55,185,93,192,228,135,252,84,182
297,213,91,53,258,68,227,84,80,118,241,285,483,141,115,131,198,465,259,25,129,259,150,120,160,59,160,114,81,311,375,726,147,252,52,261,241,44,139,284,172,59,182,90,185,232,155,221,82,182
604,514,256,101,621,131,609,214,183,209,490,703,1142,416,352,336,471,1130,641,83,351,631,382,268,406,154,399,272,311,400,970,1802,365,598,140,648,573,100,326,681,420,121,474,236,534,608,394,626,254,423
687,663,344,112,760,143,696,239,248,272,610,846,1348,485,410,440,570,1287,740,94,423,766,464,279,481,194,504,321,375,970,587,2025,419,671,167,828,705,126,367,762,494,180,550,313,614,686,455,702,279,539
1189,1254,537,232,1361,266,1321,413,430,511,1155,1561,2391,915,764,831,1073,2400,1444,176,827,1400,839,555,917,362,929,739,726,1802,2025,1956,755,1251,337,1539,1288,244,680,1481,878,285,1031,507,1115,1280,888,1352,544,958
239,239,125,35,280,57,261,86,79,100,217,313,480,173,152,165,212,479,257,33,140,252,160,110,180,66,188,142,147,365,419,755,62,248,74,290,260,47,139,279,180,65,201,85,226,234,208,293,100,197
436,414,182,73,469,101,413,151,141,241,419,510,843,310,260,284,337,853,481,62,257,468,285,198,310,102,312,218,252,598,671,1251,248,201,106,482,452,85,229,500,349,94,371,160,375,438,294,534,160,310
94,103,57,23,126,27,102,32,42,47,95,126,215,68,63,66,72,222,121,14,52,111,67,52,83,28,72,47,52,140,167,337,74,106,8,107,103,20,50,122,74,19,90,38,81,110,61,108,38,74
499,489,194,79,560,118,542,134,175,216,443,614,1003,375,277,309,392,991,564,66,258,552,285,209,335,137,373,249,261,648,828,1539,290,482,107,279,527,75,246,585,380,118,406,192,429,515,340,577,185,361
460,422,186,89,454,112,453,133,165,182,381,554,825,301,234,269,340,799,457,50,250,493,263,187,302,123,316,222,241,573,705,1288,260,452,103,527,210,87,244,471,285,100,379,145,385,462,252,509,146,312
90,66,39,20,78,24,85,25,22,39,71,105,158,49,47,54,58,151,91,13,53,77,56,26,55,20,62,34,44,100,126,244,47,85,20,75,87,5,32,69,49,21,85,36,78,92,61,100,34,61
250,198,106,57,256,57,235,76,73,105,212,299,443,165,130,125,191,422,273,28,139,270,133,94,150,57,184,98,139,326,367,680,139,229,50,246,244,32,65,275,195,58,188,87,199,222,145,273,90,176
458,455,215,89,541,113,507,164,158,233,463,617,937,368,252,295,396,930,523,69,322,548,316,214,373,148,373,265,284,681,762,1481,279,500,122,585,471,69,275,286,348,116,382,188,435,465,325,548,202,384
304,301,110,61,362,78,325,123,107,148,320,372,562,208,153,170,251,598,336,41,197,351,186,131,213,74,213,158,172,420,494,878,180,349,74,380,285,49,195,348,123,69,242,105,239,320,200,383,132,226
106,91,38,21,124,21,104,25,31,44,81,143,193,64,49,52,83,192,109,23,57,114,56,32,61,24,81,55,59,121,180,285,65,94,19,118,100,21,58,116,69,14,77,29,76,95,69,100,39,67
375,310,171,52,368,86,406,122,130,148,331,387,687,254,225,238,278,663,407,44,232,395,237,164,279,111,264,185,182,474,550,1031,201,371,90,406,379,85,188,382,242,77,140,135,325,340,242,393,127,289
179,139,65,28,184,33,165,56,48,73,158,225,330,118,90,94,122,337,175,25,117,204,111,69,116,52,117,93,90,236,313,507,85,160,38,192,145,36,87,188,105,29,135,41,134,171,115,200,63,120
402,340,150,71,395,84,359,122,124,165,366,430,734,266,209,235,261,751,379,46,217,432,275,178,236,100,282,192,185,534,614,1115,226,375,81,429,385,78,199,435,239,76,325,134,177,389,254,423,141,271
426,413,197,77,475,91,458,125,151,174,373,488,789,319,220,260,343,849,477,68,244,479,311,193,307,138,318,228,232,608,686,1280,234,438,110,515,462,92,222,465,320,95,340,171,389,209,295,463,181,315
322,256,131,52,308,76,303,97,100,138,262,321,603,218,168,163,216,585,333,42,154,342,193,130,197,87,229,135,155,394,455,888,208,294,61,340,252,61,145,325,200,69,242,115,254,295,104,313,112,229
475,442,227,82,516,109,483,183,168,195,418,554,938,317,285,319,375,882,504,66,285,528,327,231,343,137,358,252,221,626,702,1352,293,534,108,577,509,100,273,548,383,100,393,200,423,463,313,272,185,350
170,167,72,26,175,35,159,49,63,65,155,187,334,129,97,114,132,358,170,16,103,174,107,75,113,49,132,84,82,254,279,544,100,160,38,185,146,34,90,202,132,39,127,63,141,181,112,185,26,134
390,298,129,63,359,69,315,98,111,146,278,373,648,210,168,182,249,648,345,50,171,366,214,144,233,82,248,182,182,423,539,958,197,310,74,361,312,61,176,384,226,67,289,120,271,315,229,350,134,132
