261,449,201,91,459,108,474,210,147,262,453,495,800,345,315,338,337,843,503,75,357,530,391,235,403,163,368,285,326,625,713,1164,238,521,100,505,494,93,251,501,323,118,364,163,440,433,354,504,168,355
449,181,169,74,486,92,435,125,135,193,395,485,772,253,216,260,341,779,466,41,224,484,234,168,266,98,296,189,205,547,675,1171,210,420,112,441,423,75,206,479,288,86,328,142,330,421,248,507,158,303
201,169,45,26,207,48,195,49,69,96,172,232,379,128,101,105,128,370,203,27,109,199,98,76,137,47,129,82,92,245,293,558,98,182,51,195,192,35,94,215,130,41,165,83,149,181,136,201,94,141
91,74,26,9,89,23,83,26,26,33,54,89,153,63,40,49,49,148,80,5,47,76,48,40,55,17,57,41,50,102,110,212,48,81,15,97,92,11,38,89,42,16,57,30,81,79,42,85,20,53
459,486,207,89,253,117,508,143,172,200,437,568,935,310,250,256,348,923,512,74,292,508,301,191,361,136,380,247,256,606,752,1431,279,447,109,510,518,75,261,541,368,115,382,186,420,454,323,566,179,343
108,92,48,23,117,9,102,48,34,41,86,118,197,80,55,63,87,172,111,10,64,110,58,46,76,22,82,66,63,147,163,301,47,119,21,132,116,20,66,127,73,23,85,38,83,80,70,124,29,81
474,435,195,83,508,102,234,135,150,193,367,542,857,299,240,252,332,843,498,46,248,469,293,185,286,135,331,211,236,612,716,1301,268,426,109,498,439,83,240,531,303,101,370,184,328,459,259,472,160,334
210,125,49,26,143,48,135,17,51,58,126,161,271,99,77,81,126,262,153,20,83,155,106,58,92,38,96,61,69,191,251,470,88,141,26,164,138,20,69,151,105,37,122,70,107,158,85,174,55,91
147,135,69,26,172,34,150,51,28,74,127,167,292,102,102,89,119,284,196,27,106,166,100,64,105,40,114,90,84,223,245,436,81,135,32,173,153,26,83,190,116,44,120,64,145,129,112,196,71,104
262,193,96,33,200,41,193,58,74,53,179,207,354,133,114,130,154,354,209,22,125,214,145,74,116,53,123,86,101,253,284,524,110,184,45,199,203,37,112,222,144,57,178,80,168,191,136,218,70,143
453,395,172,54,437,86,367,126,127,179,194,461,739,247,244,279,315,752,403,54,260,446,257,174,263,105,270,194,226,510,606,1147,238,369,100,451,390,89,200,482,265,94,338,151,327,383,263,420,165,299
495,485,232,89,568,118,542,161,167,207,461,335,1033,379,299,305,402,1034,579,54,287,571,308,232,375,145,397,234,282,696,886,1671,336,538,129,607,499,94,285,624,342,115,396,207,501,549,332,571,193,339
800,772,379,153,935,197,857,271,292,354,739,1033,796,540,488,513,660,1419,939,115,475,928,517,346,603,223,613,423,496,1133,1385,2431,471,897,167,1031,852,163,464,932,580,198,684,342,734,847,567,916,318,607
345,253,128,63,310,80,299,99,102,133,247,379,540,112,160,172,236,534,337,41,189,322,178,116,178,88,229,136,138,376,449,851,164,300,60,361,310,48,153,314,194,76,283,119,213,288,191,330,126,223
315,216,101,40,250,55,240,77,102,114,244,299,488,160,65,138,185,464,273,33,138,265,162,109,196,70,182,129,146,338,385,762,134,241,59,249,253,41,147,296,175,54,190,105,220,240,142,258,107,162
338,260,105,49,256,63,252,81,89,130,279,305,513,172,138,77,186,509,302,38,148,289,193,106,205,70,179,136,147,358,449,820,151,261,74,252,262,47,139,303,174,61,233,104,226,291,163,299,121,167
337,341,128,49,348,87,332,126,119,154,315,402,660,236,185,186,132,669,379,51,199,378,226,146,253,94,245,201,180,460,590,986,191,319,77,363,319,59,196,397,230,84,281,148,292,355,232,382,152,248
843,779,370,148,923,172,843,262,284,354,752,1034,1419,534,464,509,669,786,926,133,538,938,551,347,610,233,599,434,500,1135,1317,2432,451,866,179,1028,828,152,451,906,601,195,694,373,750,824,565,919,339,626
503,466,203,80,512,111,498,153,196,209,403,579,939,337,273,302,379,926,246,68,275,498,294,224,340,118,315,223,262,625,751,1420,263,444,111,581,467,73,243,547,314,97,386,195,406,486,305,562,183,352
75,41,27,5,74,10,46,20,27,22,54,54,115,41,33,38,51,133,68,3,39,67,23,19,43,22,52,25,28,81,83,182,40,48,11,60,53,12,28,73,37,5,46,27,57,55,38,63,20,49
357,224,109,47,292,64,248,83,106,125,260,287,475,189,138,148,199,538,275,39,75,294,171,115,171,73,171,127,136,363,462,794,149,260,70,261,277,54,119,314,196,44,220,96,203,256,175,296,106,185
530,484,199,76,508,110,469,155,166,214,446,571,928,322,265,289,378,938,498,67,294,277,327,207,341,134,364,207,270,631,770,1412,271,467,108,561,469,82,234,559,316,115,401,191,426,478,313,573,192,370
391,234,98,48,301,58,293,106,100,145,257,308,517,178,162,193,226,551,294,23,171,327,93,118,174,82,206,129,164,364,448,812,132,276,68,316,299,55,176,297,153,64,237,130,218,256,185,312,118,218
235,168,76,40,191,46,185,58,64,74,174,232,346,116,109,106,146,347,224,19,115,207,118,38,145,54,142,93,115,249,313,521,101,181,47,214,165,34,111,192,127,49,162,75,139,208,121,209,72,140
403,266,137,55,361,76,286,92,105,116,263,375,603,178,196,205,253,610,340,43,171,341,174,145,107,75,217,159,181,434,472,934,183,316,81,349,329,60,192,351,203,69,254,124,251,305,190,363,142,198
163,98,47,17,136,22,135,38,40,53,105,145,223,88,70,70,94,233,118,22,73,134,82,54,75,16,74,49,65,160,206,358,64,139,32,141,118,31,83,141,87,31,83,44,105,117,79,136,54,85
368,296,129,57,380,82,331,96,114,123,270,397,613,229,182,179,245,599,315,52,171,364,206,142,217,74,113,160,166,421,550,994,183,343,88,348,341,61,170,375,222,68,241,114,282,291,193,351,135,218
285,189,82,41,247,66,211,61,90,86,194,234,423,136,129,136,201,434,223,25,127,207,129,93,159,49,160,57,96,276,343,681,137,245,42,212,218,49,128,274,146,33,182,69,195,234,146,257,94,163
326,205,92,50,256,63,236,69,84,101,226,282,496,138,146,147,180,500,262,28,136,270,164,115,181,65,166,96,57,301,403,699,165,278,65,269,269,41,130,274,161,52,202,91,213,279,148,278,119,167
625,547,245,102,606,147,612,191,223,253,510,696,1133,376,338,358,460,1135,625,81,363,631,364,249,434,160,421,276,301,398,927,1810,361,558,148,702,607,112,312,671,424,153,464,252,518,537,357,693,242,465
713,675,293,110,752,163,716,251,245,284,606,886,1385,449,385,449,590,1317,751,83,462,770,448,313,472,206,550,343,403,927,551,2009,382,680,179,864,740,117,384,843,490,165,602,288,592,684,461,797,282,523
1164,1171,558,212,1431,301,1301,470,436,524,1147,1671,2431,851,762,820,986,2432,1420,182,794,1412,812,521,934,358,994,681,699,1810,2009,1952,707,1325,306,1575,1309,237,717,1509,916,295,1044,501,1151,1311,876,1382,490,944
238,210,98,48,279,47,268,88,81,110,238,336,471,164,134,151,191,451,263,40,149,271,132,101,183,64,183,137,165,361,382,707,68,253,57,309,244,49,156,296,179,47,207,101,222,245,165,297,77,172
521,420,182,81,447,119,426,141,135,184,369,538,897,300,241,261,319,866,444,48,260,467,276,181,316,139,343,245,278,558,680,1325,253,208,97,479,455,76,209,439,305,104,346,175,389,425,306,511,179,343
100,112,51,15,109,21,109,26,32,45,100,129,167,60,59,74,77,179,111,11,70,108,68,47,81,32,88,42,65,148,179,306,57,97,12,113,98,25,45,108,69,30,69,47,99,101,74,120,32,75
505,441,195,97,510,132,498,164,173,199,451,607,1031,361,249,252,363,1028,581,60,261,561,316,214,349,141,348,212,269,702,864,1575,309,479,113,320,490,88,279,579,333,111,392,176,441,517,317,537,203,353
494,423,192,92,518,116,439,138,153,203,390,499,852,310,253,262,319,828,467,53,277,469,299,165,329,118,341,218,269,607,740,1309,244,455,98,490,216,91,230,515,278,101,366,171,379,470,297,470,169,325
93,75,35,11,75,20,83,20,26,37,89,94,163,48,41,47,59,152,73,12,54,82,55,34,60,31,61,49,41,112,117,237,49,76,25,88,91,8,36,95,45,11,46,32,81,83,51,82,28,62
251,206,94,38,261,66,240,69,83,112,200,285,464,153,147,139,196,451,243,28,119,234,176,111,192,83,170,128,130,312,384,717,156,209,45,279,230,36,64,273,158,51,203,100,233,247,164,290,107,177
501,479,215,89,541,127,531,151,190,222,482,624,932,314,296,303,397,906,547,73,314,559,297,192,351,141,375,274,274,671,843,1509,296,439,108,579,515,95,273,295,361,116,417,198,389,514,363,518,191,375
323,288,130,42,368,73,303,105,116,144,265,342,580,194,175,174,230,601,314,37,196,316,153,127,203,87,222,146,161,424,490,916,179,305,69,333,278,45,158,361,111,61,238,130,254,290,192,340,116,226
118,86,41,16,115,23,101,37,44,57,94,115,198,76,54,61,84,195,97,5,44,115,64,49,69,31,68,33,52,153,165,295,47,104,30,111,101,11,51,116,61,11,81,30,89,106,65,118,41,73
364,328,165,57,382,85,370,122,120,178,338,396,684,283,190,233,281,694,386,46,220,401,237,162,254,83,241,182,202,464,602,1044,207,346,69,392,366,46,203,417,238,81,151,151,323,358,289,392,116,293
163,142,83,30,186,38,184,70,64,80,151,207,342,119,105,104,148,373,195,27,96,191,130,75,124,44,114,69,91,252,288,501,101,175,47,176,171,32,100,198,130,30,151,40,156,155,136,186,83,130
440,330,149,81,420,83,328,107,145,168,327,501,734,213,220,226,292,750,406,57,203,426,218,139,251,105,282,195,213,518,592,1151,222,389,99,441,379,81,233,389,254,89,323,156,148,388,230,436,161,277
433,421,181,79,454,80,459,158,129,191,383,549,847,288,240,291,355,824,486,55,256,478,256,208,305,117,291,234,279,537,684,1311,245,425,101,517,470,83,247,514,290,106,358,155,388,206,304,501,193,318
354,248,136,42,323,70,259,85,112,136,263,332,567,191,142,163,232,565,305,38,175,313,185,121,190,79,193,146,148,357,461,876,165,306,74,317,297,51,164,363,192,65,289,136,230,304,86,328,115,197
504,507,201,85,566,124,472,174,196,218,420,571,916,330,258,299,382,919,562,63,296,573,312,209,363,136,351,257,278,693,797,1382,297,511,120,537,470,82,290,518,340,118,392,186,436,501,328,274,200,369
168,158,94,20,179,29,160,55,71,70,165,193,318,126,107,121,152,339,183,20,106,192,118,72,142,54,135,94,119,242,282,490,77,179,32,203,169,28,107,191,116,41,116,83,161,193,115,200,34,137
355,303,141,53,343,81,334,91,104,143,299,339,607,223,162,167,248,626,352,49,185,370,218,140,198,85,218,163,167,465,523,944,172,343,75,353,325,62,177,375,226,73,293,130,277,318,197,369,137,129
