255,485,211,85,498,118,485,178,179,223,435,531,797,382,300,311,329,807,501,56,337,499,343,223,379,160,385,276,317,579,685,1151,237,474,110,537,474,89,239,456,322,115,371,184,452,433,318,471,173,352
485,180,185,73,448,112,421,129,131,171,364,488,788,296,254,256,357,767,442,55,245,488,265,160,300,112,281,201,193,505,631,1195,260,408,97,453,385,63,230,452,265,98,313,164,359,391,286,423,156,301
211,185,45,39,202,50,197,68,59,90,201,219,391,122,100,107,128,355,196,25,111,181,95,86,145,50,128,75,112,243,309,568,133,181,45,196,181,33,114,242,121,46,144,67,153,180,124,195,89,130
85,73,39,6,81,15,81,22,30,29,66,88,163,44,45,51,56,155,86,13,51,82,52,33,64,20,51,44,48,114,114,205,43,75,18,83,73,14,45,79,65,12,52,31,77,81,47,94,35,67
498,448,202,81,227,104,471,151,169,208,414,588,867,295,265,283,383,924,509,65,300,499,300,188,343,130,364,224,244,717,753,1368,257,443,110,539,460,77,253,534,342,101,397,180,388,493,296,524,186,326
118,112,50,15,104,13,102,32,41,41,101,118,218,69,73,71,93,210,118,18,65,117,84,47,86,31,76,50,69,154,178,311,54,99,22,134,99,17,49,109,67,22,87,39,94,106,78,105,38,89
485,421,197,81,471,102,232,137,175,187,376,549,845,313,263,265,352,822,453,66,271,457,304,182,329,110,304,255,237,576,727,1324,273,421,109,495,449,65,252,494,328,102,357,178,432,459,290,489,158,317
178,129,68,22,151,32,137,26,47,63,133,156,261,125,93,95,115,264,155,14,78,174,92,58,100,48,101,68,87,211,206,402,88,144,41,160,120,23,79,148,83,31,114,48,118,132,86,164,51,80
179,131,59,30,169,41,175,47,26,70,137,168,304,114,90,89,117,289,157,29,98,174,102,80,106,36,109,74,75,214,239,428,79,167,32,160,163,27,82,188,111,30,119,66,140,168,97,173,60,110
223,171,90,29,208,41,187,63,70,50,162,209,404,133,114,123,147,410,239,34,128,239,117,80,135,46,145,118,97,285,308,597,108,191,56,214,206,33,112,217,144,48,185,90,165,190,127,207,90,145
435,364,201,66,414,101,376,133,137,162,186,451,778,256,248,260,335,803,450,49,228,431,256,173,279,101,291,214,234,538,602,1174,235,377,102,441,394,62,205,476,270,94,305,159,337,374,251,433,147,311
531,488,219,88,588,118,549,156,168,209,451,290,1033,357,305,330,371,1015,540,66,307,575,315,245,367,140,389,260,255,720,856,1487,287,506,105,589,487,107,287,570,363,124,437,205,448,510,364,565,191,389
797,788,391,163,867,218,845,261,304,404,778,1033,767,611,499,541,605,1447,936,118,500,933,561,383,586,230,624,430,442,1104,1380,2330,450,841,188,953,847,171,463,994,608,199,651,327,742,816,611,916,323,644
382,296,122,44,295,69,313,125,114,133,256,357,611,96,201,187,226,605,324,33,186,318,233,118,220,80,218,167,167,402,523,907,170,306,76,324,321,48,172,347,210,62,260,132,262,323,191,333,127,217
300,254,100,45,265,73,263,93,90,114,248,305,499,201,79,146,206,502,283,35,127,283,171,129,194,80,195,143,142,339,385,721,157,244,61,276,256,50,138,280,207,58,196,98,233,235,173,303,107,176
311,256,107,51,283,71,265,95,89,123,260,330,541,187,146,83,228,547,309,47,145,321,190,124,207,80,209,127,129,381,393,803,163,262,72,293,263,55,160,303,197,65,231,99,237,274,172,286,119,204
329,357,128,56,383,93,352,115,117,147,335,371,605,226,206,228,137,642,361,56,206,397,204,165,249,101,255,181,163,464,538,1015,192,338,91,368,317,69,182,363,227,72,271,142,286,335,228,366,145,253
807,767,355,155,924,210,822,264,289,410,803,1015,1447,605,502,547,642,795,924,114,494,958,567,362,579,224,645,435,452,1120,1350,2319,454,830,192,995,871,166,451,950,573,182,687,331,734,830,628,851,303,641
501,442,196,86,509,118,453,155,157,239,450,540,936,324,283,309,361,924,261,66,275,493,280,190,345,130,358,230,247,628,770,1517,302,485,126,546,479,92,250,567,331,86,385,212,391,493,321,509,176,379
56,55,25,13,65,18,66,14,29,34,49,66,118,33,35,47,56,114,66,3,27,71,33,30,40,18,54,34,28,83,90,195,27,65,15,63,62,8,30,70,44,13,50,32,43,66,40,65,18,36
337,245,111,51,300,65,271,78,98,128,228,307,500,186,127,145,206,494,275,27,78,316,168,109,168,61,177,114,116,338,424,836,131,255,66,291,257,51,128,310,176,72,210,107,222,242,186,312,121,192
499,488,181,82,499,117,457,174,174,239,431,575,933,318,283,321,397,958,493,71,316,262,302,188,314,128,349,246,238,634,794,1440,288,481,119,570,490,88,298,554,329,111,405,213,366,457,315,538,160,351
343,265,95,52,300,84,304,92,102,117,256,315,561,233,171,190,204,567,280,33,168,302,97,137,219,79,206,158,143,363,411,856,170,279,75,273,274,47,136,295,208,61,240,104,284,274,205,333,122,190
223,160,86,33,188,47,182,58,80,80,173,245,383,118,129,124,165,362,190,30,109,188,137,30,150,44,146,84,105,248,321,592,122,173,51,206,185,31,95,202,132,45,150,68,170,168,131,213,83,129
379,300,145,64,343,86,329,100,106,135,279,367,586,220,194,207,249,579,345,40,168,314,219,150,115,80,218,180,175,405,480,921,176,304,70,337,289,56,161,364,199,72,241,103,256,310,205,339,107,256
160,112,50,20,130,31,110,48,36,46,101,140,230,80,80,80,101,224,130,18,61,128,79,44,80,14,69,53,72,140,189,368,69,95,28,138,117,22,64,144,72,26,80,47,93,108,83,142,58,85
385,281,128,51,364,76,304,101,109,145,291,389,624,218,195,209,255,645,358,54,177,349,206,146,218,69,104,159,164,421,520,948,186,277,67,342,307,48,153,387,200,61,255,137,280,296,225,345,134,217
276,201,75,44,224,50,255,68,74,118,214,260,430,167,143,127,181,435,230,34,114,246,158,84,180,53,159,56,116,301,356,654,130,211,54,243,221,43,115,252,143,42,174,84,198,191,158,249,90,176
317,193,112,48,244,69,237,87,75,97,234,255,442,167,142,129,163,452,247,28,116,238,143,105,175,72,164,116,60,267,372,741,154,238,60,249,246,41,133,252,151,64,182,83,193,228,139,237,95,167
579,505,243,114,717,154,576,211,214,285,538,720,1104,402,339,381,464,1120,628,83,338,634,363,248,405,140,421,301,267,331,906,1774,358,596,122,688,558,111,324,679,448,135,447,247,504,596,426,641,245,433
685,631,309,114,753,178,727,206,239,308,602,856,1380,523,385,393,538,1350,770,90,424,794,411,321,480,189,520,356,372,906,554,2086,400,700,168,837,752,146,399,808,462,150,601,270,623,672,484,790,271,514
1151,1195,568,205,1368,311,1324,402,428,597,1174,1487,2330,907,721,803,1015,2319,1517,195,836,1440,856,592,921,368,948,654,741,1774,2086,1881,690,1282,309,1470,1278,267,742,1490,889,289,1032,515,1133,1316,859,1454,469,956
237,260,133,43,257,54,273,88,79,108,235,287,450,170,157,163,192,454,302,27,131,288,170,122,176,69,186,130,154,358,400,690,69,244,57,277,258,57,144,320,200,47,189,105,238,238,186,293,97,177
474,408,181,75,443,99,421,144,167,191,377,506,841,306,244,262,338,830,485,65,255,481,279,173,304,95,277,211,238,596,700,1282,244,188,120,504,432,83,216,481,318,97,343,190,358,439,276,469,169,300
110,97,45,18,110,22,109,41,32,56,102,105,188,76,61,72,91,192,126,15,66,119,75,51,70,28,67,54,60,122,168,309,57,120,18,122,103,16,51,123,97,24,105,34,81,108,66,135,29,76
537,453,196,83,539,134,495,160,160,214,441,589,953,324,276,293,368,995,546,63,291,570,273,206,337,138,342,243,249,688,837,1470,277,504,122,270,506,97,254,568,369,103,398,179,430,516,325,528,202,355
474,385,181,73,460,99,449,120,163,206,394,487,847,321,256,263,317,871,479,62,257,490,274,185,289,117,307,221,246,558,752,1278,258,432,103,506,213,78,223,474,330,79,384,188,382,455,300,452,164,338
89,63,33,14,77,17,65,23,27,33,62,107,171,48,50,55,69,166,92,8,51,88,47,31,56,22,48,43,41,111,146,267,57,83,16,97,78,4,42,91,62,23,73,37,67,78,67,78,43,55
239,230,114,45,253,49,252,79,82,112,205,287,463,172,138,160,182,451,250,30,128,298,136,95,161,64,153,115,133,324,399,742,144,216,51,254,223,42,74,269,161,42,189,85,192,233,135,255,100,162
456,452,242,79,534,109,494,148,188,217,476,570,994,347,280,303,363,950,567,70,310,554,295,202,364,144,387,252,252,679,808,1490,320,481,123,568,474,91,269,273,357,125,415,191,447,490,319,523,192,345
322,265,121,65,342,67,328,83,111,144,270,363,608,210,207,197,227,573,331,44,176,329,208,132,199,72,200,143,151,448,462,889,200,318,97,369,330,62,161,357,90,71,273,117,244,268,242,344,135,221
115,98,46,12,101,22,102,31,30,48,94,124,199,62,58,65,72,182,86,13,72,111,61,45,72,26,61,42,64,135,150,289,47,97,24,103,79,23,42,125,71,9,79,43,86,95,78,97,33,69
371,313,144,52,397,87,357,114,119,185,305,437,651,260,196,231,271,687,385,50,210,405,240,150,241,80,255,174,182,447,601,1032,189,343,105,398,384,73,189,415,273,79,137,146,312,372,231,381,143,273
184,164,67,31,180,39,178,48,66,90,159,205,327,132,98,99,142,331,212,32,107,213,104,68,103,47,137,84,83,247,270,515,105,190,34,179,188,37,85,191,117,43,146,36,154,159,112,172,72,127
452,359,153,77,388,94,432,118,140,165,337,448,742,262,233,237,286,734,391,43,222,366,284,170,256,93,280,198,193,504,623,1133,238,358,81,430,382,67,192,447,244,86,312,154,178,345,256,406,124,269
433,391,180,81,493,106,459,132,168,190,374,510,816,323,235,274,335,830,493,66,242,457,274,168,310,108,296,191,228,596,672,1316,238,439,108,516,455,78,233,490,268,95,372,159,345,214,301,488,173,323
318,286,124,47,296,78,290,86,97,127,251,364,611,191,173,172,228,628,321,40,186,315,205,131,205,83,225,158,139,426,484,859,186,276,66,325,300,67,135,319,242,78,231,112,256,301,94,337,100,211
471,423,195,94,524,105,489,164,173,207,433,565,916,333,303,286,366,851,509,65,312,538,333,213,339,142,345,249,237,641,790,1454,293,469,135,528,452,78,255,523,344,97,381,172,406,488,337,273,203,365
173,156,89,35,186,38,158,51,60,90,147,191,323,127,107,119,145,303,176,18,121,160,122,83,107,58,134,90,95,245,271,469,97,169,29,202,164,43,100,192,135,33,143,72,124,173,100,203,27,127
352,301,130,67,326,89,317,80,110,145,311,389,644,217,176,204,253,641,379,36,192,351,190,129,256,85,217,176,167,433,514,956,177,300,76,355,338,55,162,345,221,69,273,127,269,323,211,365,127,132
