243,424,232,104,468,121,500,189,194,247,443,521,846,382,302,334,342,840,487,71,330,559,336,193,371,149,352,288,312,655,765,1192,251,505,113,530,504,82,249,491,282,105,379,193,436,427,343,497,156,382
424,172,155,70,427,102,417,126,167,175,346,481,782,254,221,254,321,792,414,78,230,446,259,173,289,100,290,192,213,532,670,1257,277,449,86,449,396,61,242,418,290,91,338,158,347,408,275,449,187,277
232,155,34,39,219,49,203,56,87,86,173,218,377,113,96,92,132,355,212,22,108,201,127,87,119,43,115,99,103,249,350,544,103,197,42,182,191,26,92,243,144,37,144,75,153,198,121,230,96,138
104,70,39,7,89,15,75,24,28,38,68,82,152,52,44,52,70,147,89,19,51,87,63,34,56,18,61,43,43,118,125,193,43,78,13,101,70,11,45,82,52,18,78,27,61,80,53,103,27,60
468,427,219,89,244,110,481,133,151,223,427,575,917,349,301,346,374,954,496,61,257,546,335,211,343,139,385,277,222,645,792,1414,279,490,120,531,459,77,236,507,347,117,368,196,418,464,344,522,186,313
121,102,49,15,110,11,97,33,38,53,77,110,181,74,68,71,96,182,116,21,73,118,63,52,77,34,85,55,67,150,158,277,59,104,24,142,95,16,55,116,72,27,94,40,86,98,61,116,36,84
500,417,203,75,481,97,230,148,154,198,413,512,880,283,275,278,364,841,469,66,249,502,304,165,301,117,329,246,246,599,750,1290,245,450,103,565,443,82,233,535,309,91,388,191,384,429,276,493,187,338
189,126,56,24,133,33,148,20,60,55,145,149,269,73,77,86,99,254,141,14,90,154,91,65,97,37,82,81,74,172,253,439,89,128,36,171,142,28,64,168,98,28,123,63,123,159,98,180,73,113
194,167,87,28,151,38,154,60,22,60,147,178,302,106,99,104,130,296,165,21,78,184,98,68,114,38,117,78,63,215,246,455,93,151,41,193,164,24,88,202,102,35,136,65,138,166,111,167,59,119
247,175,86,38,223,53,198,55,60,40,206,229,381,148,119,128,143,388,199,37,106,209,138,82,126,60,161,102,108,270,343,554,115,218,51,227,223,31,101,230,145,47,168,91,172,198,136,213,78,146
443,346,173,68,427,77,413,145,147,206,204,492,772,295,224,254,304,767,416,64,237,413,276,164,273,112,321,189,205,530,660,1206,249,422,111,476,397,76,213,450,275,91,330,158,368,382,283,445,163,281
521,481,218,82,575,110,512,149,178,229,492,310,988,341,289,317,393,988,572,80,304,557,334,227,374,145,365,243,262,720,864,1613,292,510,114,578,526,109,266,624,369,124,444,215,446,553,343,599,204,376
846,782,377,152,917,181,880,269,302,381,772,988,820,550,444,497,697,1534,946,117,512,917,538,383,585,231,633,410,445,1119,1390,2506,497,818,212,993,853,146,464,975,584,187,685,386,701,856,584,905,315,637
382,254,113,52,349,74,283,73,106,148,295,341,550,111,182,182,227,546,329,43,166,348,196,103,193,69,220,158,173,398,497,866,174,335,68,349,301,62,164,358,210,65,236,121,258,302,194,328,112,227
302,221,96,44,301,68,275,77,99,119,224,289,444,182,70,144,180,445,293,35,148,283,153,97,166,63,161,120,122,313,408,686,145,261,52,268,240,35,107,286,189,53,192,83,202,238,154,255,100,157
334,254,92,52,346,71,278,86,104,128,254,317,497,182,144,80,191,471,326,27,158,294,180,113,185,60,177,129,127,355,444,777,159,290,54,289,258,42,144,314,199,58,218,96,230,261,170,288,109,209
342,321,132,70,374,96,364,99,130,143,304,393,697,227,180,191,113,712,363,44,225,394,205,147,222,93,237,197,152,515,576,1019,205,337,80,364,361,72,188,374,214,78,276,148,316,335,235,389,152,242
840,792,355,147,954,182,841,254,296,388,767,988,1534,546,445,471,712,846,893,109,497,894,528,377,581,235,617,367,452,1162,1348,2479,511,839,196,964,838,172,476,947,591,170,650,360,694,839,555,895,330,626
487,414,212,89,496,116,469,141,165,199,416,572,946,329,293,326,363,893,241,66,268,461,326,204,323,135,323,263,254,660,771,1439,314,459,98,585,516,85,243,545,320,85,428,203,407,448,332,511,177,338
71,78,22,19,61,21,66,14,21,37,64,80,117,43,35,27,44,109,66,5,33,73,38,28,42,20,45,31,26,59,97,190,40,57,9,55,70,8,28,79,39,13,44,26,48,78,37,77,21,45
330,230,108,51,257,73,249,90,78,106,237,304,512,166,148,158,225,497,268,33,72,304,155,120,152,59,146,130,156,325,436,779,144,240,52,284,268,45,151,317,194,44,234,116,232,271,158,277,102,184
559,446,201,87,546,118,502,154,184,209,413,557,917,348,283,294,394,894,461,73,304,269,309,194,351,129,362,266,265,693,779,1419,267,495,102,627,479,78,264,541,325,101,404,188,406,478,323,546,165,377
336,259,127,63,335,63,304,91,98,138,276,334,538,196,153,180,205,528,326,38,155,309,88,121,172,76,182,144,149,355,472,842,178,306,57,326,289,53,142,331,202,52,252,130,204,308,183,327,108,201
193,173,87,34,211,52,165,65,68,82,164,227,383,103,97,113,147,377,204,28,120,194,121,32,127,48,138,97,86,261,301,590,119,210,38,196,187,26,117,179,131,47,143,80,147,174,114,190,74,144
371,289,119,56,343,77,301,97,114,126,273,374,585,193,166,185,222,581,323,42,152,351,172,127,104,79,201,146,149,377,520,892,191,313,81,315,338,59,157,329,199,56,249,115,237,315,193,348,122,215
149,100,43,18,139,34,117,37,38,60,112,145,231,69,63,60,93,235,135,20,59,129,76,48,79,15,65,56,58,136,188,359,62,100,21,150,102,18,66,123,87,23,110,43,92,110,81,140,53,76
352,290,115,61,385,85,329,82,117,161,321,365,633,220,161,177,237,617,323,45,146,362,182,138,201,65,98,182,153,413,519,1024,222,324,66,358,348,55,161,364,253,57,260,108,284,308,213,340,127,218
288,192,99,43,277,55,246,81,78,102,189,243,410,158,120,129,197,367,263,31,130,266,144,97,146,56,182,62,122,282,356,647,123,220,42,264,249,34,128,277,180,60,157,82,173,212,142,247,90,163
312,213,103,43,222,67,246,74,63,108,205,262,445,173,122,127,152,452,254,26,156,265,149,86,149,58,153,122,54,290,358,727,138,253,58,249,234,40,122,266,161,53,186,98,200,225,171,260,90,167
655,532,249,118,645,150,599,172,215,270,530,720,1119,398,313,355,515,1162,660,59,325,693,355,261,377,136,413,282,290,411,976,1808,387,616,145,669,593,118,311,721,394,134,452,250,496,598,428,627,264,448
765,670,350,125,792,158,750,253,246,343,660,864,1390,497,408,444,576,1348,771,97,436,779,472,301,520,188,519,356,358,976,577,2075,389,734,167,869,736,124,388,765,532,140,574,288,616,686,464,758,270,517
1192,1257,544,193,1414,277,1290,439,455,554,1206,1613,2506,866,686,777,1019,2479,1439,190,779,1419,842,590,892,359,1024,647,727,1808,2075,1952,715,1299,302,1552,1302,258,712,1532,959,303,1085,514,1090,1329,854,1459,520,937
251,277,103,43,279,59,245,89,93,115,249,292,497,174,145,159,205,511,314,40,144,267,178,119,191,62,222,123,138,387,389,715,71,278,59,312,258,43,139,300,190,68,187,110,211,257,168,279,112,177
505,449,197,78,490,104,450,128,151,218,422,510,818,335,261,290,337,839,459,57,240,495,306,210,313,100,324,220,253,616,734,1299,278,224,98,507,447,67,215,558,298,90,384,184,384,441,310,506,162,294
113,86,42,13,120,24,103,36,41,51,111,114,212,68,52,54,80,196,98,9,52,102,57,38,81,21,66,42,58,145,167,302,59,98,8,129,107,23,62,111,69,25,79,46,66,109,63,107,36,94
530,449,182,101,531,142,565,171,193,227,476,578,993,349,268,289,364,964,585,55,284,627,326,196,315,150,358,264,249,669,869,1552,312,507,129,253,557,101,257,611,377,120,417,223,456,513,332,566,209,379
504,396,191,70,459,95,443,142,164,223,397,526,853,301,240,258,361,838,516,70,268,479,289,187,338,102,348,249,234,593,736,1302,258,447,107,557,205,83,276,510,274,98,347,179,402,456,284,492,168,328
82,61,26,11,77,16,82,28,24,31,76,109,146,62,35,42,72,172,85,8,45,78,53,26,59,18,55,34,40,118,124,258,43,67,23,101,83,2,49,87,49,14,65,24,64,85,47,99,31,60
249,242,92,45,236,55,233,64,88,101,213,266,464,164,107,144,188,476,243,28,151,264,142,117,157,66,161,128,122,311,388,712,139,215,62,257,276,49,60,290,143,39,201,104,197,232,147,251,96,162
491,418,243,82,507,116,535,168,202,230,450,624,975,358,286,314,374,947,545,79,317,541,331,179,329,123,364,277,266,721,765,1532,300,558,111,611,510,87,290,264,373,118,400,205,436,487,347,586,199,362
282,290,144,52,347,72,309,98,102,145,275,369,584,210,189,199,214,591,320,39,194,325,202,131,199,87,253,180,161,394,532,959,190,298,69,377,274,49,143,373,120,73,246,139,246,314,226,364,119,232
105,91,37,18,117,27,91,28,35,47,91,124,187,65,53,58,78,170,85,13,44,101,52,47,56,23,57,60,53,134,140,303,68,90,25,120,98,14,39,118,73,10,101,40,74,91,68,98,36,69
379,338,144,78,368,94,388,123,136,168,330,444,685,236,192,218,276,650,428,44,234,404,252,143,249,110,260,157,186,452,574,1085,187,384,79,417,347,65,201,400,246,101,139,133,316,330,286,383,122,282
193,158,75,27,196,40,191,63,65,91,158,215,386,121,83,96,148,360,203,26,116,188,130,80,115,43,108,82,98,250,288,514,110,184,46,223,179,24,104,205,139,40,133,45,133,175,113,189,82,144
436,347,153,61,418,86,384,123,138,172,368,446,701,258,202,230,316,694,407,48,232,406,204,147,237,92,284,173,200,496,616,1090,211,384,66,456,402,64,197,436,246,74,316,133,159,394,215,401,131,277
427,408,198,80,464,98,429,159,166,198,382,553,856,302,238,261,335,839,448,78,271,478,308,174,315,110,308,212,225,598,686,1329,257,441,109,513,456,85,232,487,314,91,330,175,394,195,262,490,172,319
343,275,121,53,344,61,276,98,111,136,283,343,584,194,154,170,235,555,332,37,158,323,183,114,193,81,213,142,171,428,464,854,168,310,63,332,284,47,147,347,226,68,286,113,215,262,101,335,111,218
497,449,230,103,522,116,493,180,167,213,445,599,905,328,255,288,389,895,511,77,277,546,327,190,348,140,340,247,260,627,758,1459,279,506,107,566,492,99,251,586,364,98,383,189,401,490,335,253,170,317
156,187,96,27,186,36,187,73,59,78,163,204,315,112,100,109,152,330,177,21,102,165,108,74,122,53,127,90,90,264,270,520,112,162,36,209,168,31,96,199,119,36,122,82,131,172,111,170,27,119
382,277,138,60,313,84,338,113,119,146,281,376,637,227,157,209,242,626,338,45,184,377,201,144,215,76,218,163,167,448,517,937,177,294,94,379,328,60,162,362,232,69,282,144,277,319,218,317,119,117
