252,433,202,89,477,107,497,158,184,242,429,504,826,391,322,356,369,861,470,56,302,504,354,245,370,153,387,259,289,619,730,1175,263,479,104,506,477,85,220,482,330,101,350,172,457,432,331,518,177,368
433,174,150,87,455,99,423,114,136,181,375,474,820,267,219,249,290,754,458,44,217,436,233,192,269,109,298,190,217,565,673,1226,249,374,103,424,399,80,201,465,283,86,334,160,344,413,275,443,150,321
202,150,30,30,224,38,194,57,65,90,173,211,375,108,88,96,158,373,223,16,102,210,100,90,124,44,133,94,107,248,315,574,101,167,41,218,154,43,93,222,115,34,136,68,150,207,110,208,74,146
89,87,30,6,82,19,73,29,27,33,77,80,134,47,48,43,71,135,82,15,40,83,64,28,58,25,56,45,48,117,108,221,37,79,16,91,59,16,34,84,55,20,54,34,66,78,51,85,29,59
477,455,224,82,272,112,441,159,177,202,445,542,926,328,276,291,386,900,545,70,255,492,289,207,353,127,343,229,272,666,767,1396,238,489,115,535,498,93,235,542,356,101,375,201,408,462,298,489,197,361
107,99,38,19,112,11,107,35,38,48,95,102,178,68,68,67,81,179,113,20,70,107,67,47,77,34,96,56,51,159,156,285,39,111,17,128,99,20,58,108,79,20,79,45,95,107,78,117,40,85
497,423,194,73,441,107,223,162,166,173,374,552,903,281,268,279,350,884,467,62,265,492,335,173,335,132,322,203,252,610,716,1299,253,453,105,517,424,99,220,519,287,104,366,206,390,433,312,457,190,315
158,114,57,29,159,35,162,21,47,71,160,156,309,103,80,81,99,295,160,16,73,169,84,68,105,46,97,75,77,208,228,411,83,125,39,139,150,21,59,162,117,44,117,52,138,139,107,173,62,96
184,136,65,27,177,38,166,47,26,68,147,171,294,108,93,102,131,290,172,20,88,168,100,59,114,41,97,71,86,212,255,475,98,152,41,185,170,38,83,165,106,27,113,62,148,156,99,189,58,131
242,181,90,33,202,48,173,71,68,44,178,219,396,138,117,137,168,414,216,30,115,208,143,71,158,54,162,99,113,230,307,544,99,191,37,240,160,32,103,195,115,41,162,71,175,184,128,224,58,153
429,375,173,77,445,95,374,160,147,178,188,451,765,286,233,284,311,734,424,59,240,422,247,146,272,98,289,217,230,517,655,1145,220,405,82,487,384,75,219,410,255,81,311,142,357,407,242,437,126,311
504,474,211,80,542,102,552,156,171,219,451,304,1030,338,283,315,382,1002,579,46,301,581,306,224,343,144,351,242,283,708,860,1611,297,497,127,623,490,84,291,614,388,120,416,201,388,564,351,590,198,372
826,820,375,134,926,178,903,309,294,396,765,1030,773,581,472,522,647,1474,928,125,496,907,596,365,626,246,634,405,480,1173,1375,2434,521,858,228,993,819,146,447,983,628,186,667,346,767,814,618,915,351,654
391,267,108,47,328,68,281,103,108,138,286,338,581,90,173,196,250,598,323,43,170,320,201,113,209,85,206,174,173,404,481,850,149,300,77,316,285,52,172,359,199,58,262,137,258,309,197,322,114,208
322,219,88,48,276,68,268,80,93,117,233,283,472,173,59,109,216,459,283,42,161,272,148,99,187,69,180,123,133,327,400,685,128,251,63,294,242,47,117,245,156,61,206,84,201,266,166,279,99,219
356,249,96,43,291,67,279,81,102,137,284,315,522,196,109,75,213,474,278,37,149,296,151,123,188,85,209,112,137,331,441,773,140,242,74,312,289,52,124,296,169,59,229,93,238,261,186,288,104,208
369,290,158,71,386,81,350,99,131,168,311,382,647,250,216,213,133,648,379,44,212,379,239,152,258,88,254,168,191,499,548,969,193,341,73,366,329,53,166,365,232,75,278,141,332,316,237,372,120,242
861,754,373,135,900,179,884,295,290,414,734,1002,1474,598,459,474,648,788,920,131,494,891,566,371,585,232,605,417,440,1163,1328,2466,505,842,201,995,795,168,429,973,610,182,648,363,724,829,574,874,350,632
470,458,223,82,545,113,467,160,172,216,424,579,928,323,283,278,379,920,250,62,290,498,290,211,323,142,326,243,254,598,756,1383,261,473,122,528,453,83,280,559,361,91,415,196,411,480,304,511,181,346
56,44,16,15,70,20,62,16,20,30,59,46,125,43,42,37,44,131,62,3,30,54,46,23,43,14,46,25,29,78,98,193,40,66,14,54,57,10,31,80,48,12,49,28,50,64,44,62,29,49
302,217,102,40,255,70,265,73,88,115,240,301,496,170,161,149,212,494,290,30,79,309,172,127,198,81,181,131,132,321,423,821,161,265,73,283,255,39,126,284,174,51,206,93,240,273,179,280,112,186
504,436,210,83,492,107,492,169,168,208,422,581,907,320,272,296,379,891,498,54,309,261,331,202,308,140,335,249,251,582,745,1401,269,452,107,521,445,81,275,535,347,108,402,218,378,467,316,514,164,348
354,233,100,64,289,67,335,84,100,143,247,306,596,201,148,151,239,566,290,46,172,331,95,122,209,73,204,143,119,378,453,845,166,275,65,309,318,45,152,309,183,57,228,113,257,288,177,327,112,219
245,192,90,28,207,47,173,68,59,71,146,224,365,113,99,123,152,371,211,23,127,202,122,34,120,44,121,97,107,236,322,554,94,189,43,221,168,45,93,188,124,35,160,75,156,184,130,204,66,126
370,269,124,58,353,77,335,105,114,158,272,343,626,209,187,188,258,585,323,43,198,308,209,120,107,82,212,148,154,431,511,908,187,290,62,358,321,48,150,338,211,58,270,127,259,296,213,377,131,264
153,109,44,25,127,34,132,46,41,54,98,144,246,85,69,85,88,232,142,14,81,140,73,44,82,16,83,53,57,159,200,337,73,105,35,133,122,23,67,141,90,21,82,49,114,120,89,127,59,81
387,298,133,56,343,96,322,97,97,162,289,351,634,206,180,209,254,605,326,46,181,335,204,121,212,83,115,154,176,407,543,916,197,302,74,335,312,67,167,368,210,59,263,115,265,306,230,342,128,228
259,190,94,45,229,56,203,75,71,99,217,242,405,174,123,112,168,417,243,25,131,249,143,97,148,53,154,54,112,273,343,655,134,207,44,239,240,42,123,226,162,47,177,76,184,226,168,236,83,152
289,217,107,48,272,51,252,77,86,113,230,283,480,173,133,137,191,440,254,29,132,251,119,107,154,57,176,112,60,326,378,724,139,239,36,269,255,40,123,263,178,54,189,98,196,251,157,288,106,181
619,565,248,117,666,159,610,208,212,230,517,708,1173,404,327,331,499,1163,598,78,321,582,378,236,431,159,407,273,326,427,932,1727,339,588,141,661,598,104,323,700,418,126,468,245,493,605,409,644,254,390
730,673,315,108,767,156,716,228,255,307,655,860,1375,481,400,441,548,1328,756,98,423,745,453,322,511,200,543,343,378,932,560,2042,418,718,151,835,678,132,392,811,491,165,569,277,605,706,455,778,278,478
1175,1226,574,221,1396,285,1299,411,475,544,1145,1611,2434,850,685,773,969,2466,1383,193,821,1401,845,554,908,337,916,655,724,1727,2042,1937,733,1283,329,1505,1248,220,700,1435,956,314,1039,533,1123,1316,850,1362,493,911
263,249,101,37,238,39,253,83,98,99,220,297,521,149,128,140,193,505,261,40,161,269,166,94,187,73,197,134,139,339,418,733,65,245,70,310,271,45,141,280,175,64,198,105,231,252,170,293,110,204
479,374,167,79,489,111,453,125,152,191,405,497,858,300,251,242,341,842,473,66,265,452,275,189,290,105,302,207,239,588,718,1283,245,210,106,480,450,89,211,525,312,96,336,193,370,418,289,474,174,301
104,103,41,16,115,17,105,39,41,37,82,127,228,77,63,74,73,201,122,14,73,107,65,43,62,35,74,44,36,141,151,329,70,106,10,110,101,24,65,100,79,22,77,40,74,107,64,96,47,72
506,424,218,91,535,128,517,139,185,240,487,623,993,316,294,312,366,995,528,54,283,521,309,221,358,133,335,239,269,661,835,1505,310,480,110,251,513,74,271,598,380,100,398,195,434,471,315,562,205,357
477,399,154,59,498,99,424,150,170,160,384,490,819,285,242,289,329,795,453,57,255,445,318,168,321,122,312,240,255,598,678,1248,271,450,101,513,222,81,236,463,317,102,372,180,389,446,280,480,165,312
85,80,43,16,93,20,99,21,38,32,75,84,146,52,47,52,53,168,83,10,39,81,45,45,48,23,67,42,40,104,132,220,45,89,24,74,81,6,45,102,69,18,79,30,66,63,63,97,36,60
220,201,93,34,235,58,220,59,83,103,219,291,447,172,117,124,166,429,280,31,126,275,152,93,150,67,167,123,123,323,392,700,141,211,65,271,236,45,54,249,159,63,175,85,201,225,147,248,105,166
482,465,222,84,542,108,519,162,165,195,410,614,983,359,245,296,365,973,559,80,284,535,309,188,338,141,368,226,263,700,811,1435,280,525,100,598,463,102,249,262,311,121,408,214,413,485,320,529,193,361
330,283,115,55,356,79,287,117,106,115,255,388,628,199,156,169,232,610,361,48,174,347,183,124,211,90,210,162,178,418,491,956,175,312,79,380,317,69,159,311,105,78,262,133,250,316,213,311,135,212
101,86,34,20,101,20,104,44,27,41,81,120,186,58,61,59,75,182,91,12,51,108,57,35,58,21,59,47,54,126,165,314,64,96,22,100,102,18,63,121,78,9,72,39,84,116,61,115,35,53
350,334,136,54,375,79,366,117,113,162,311,416,667,262,206,229,278,648,415,49,206,402,228,160,270,82,263,177,189,468,569,1039,198,336,77,398,372,79,175,408,262,72,138,148,331,295,243,379,120,245
172,160,68,34,201,45,206,52,62,71,142,201,346,137,84,93,141,363,196,28,93,218,113,75,127,49,115,76,98,245,277,533,105,193,40,195,180,30,85,214,133,39,148,41,159,184,119,160,68,128
457,344,150,66,408,95,390,138,148,175,357,388,767,258,201,238,332,724,411,50,240,378,257,156,259,114,265,184,196,493,605,1123,231,370,74,434,389,66,201,413,250,84,331,159,175,377,242,394,152,302
432,413,207,78,462,107,433,139,156,184,407,564,814,309,266,261,316,829,480,64,273,467,288,184,296,120,306,226,251,605,706,1316,252,418,107,471,446,63,225,485,316,116,295,184,377,194,286,464,191,307
331,275,110,51,298,78,312,107,99,128,242,351,618,197,166,186,237,574,304,44,179,316,177,130,213,89,230,168,157,409,455,850,170,289,64,315,280,63,147,320,213,61,243,119,242,286,87,351,107,216
518,443,208,85,489,117,457,173,189,224,437,590,915,322,279,288,372,874,511,62,280,514,327,204,377,127,342,236,288,644,778,1362,293,474,96,562,480,97,248,529,311,115,379,160,394,464,351,249,186,358
177,150,74,29,197,40,190,62,58,58,126,198,351,114,99,104,120,350,181,29,112,164,112,66,131,59,128,83,106,254,278,493,110,174,47,205,165,36,105,193,135,35,120,68,152,191,107,186,32,128
368,321,146,59,361,85,315,96,131,153,311,372,654,208,219,208,242,632,346,49,186,348,219,126,264,81,228,152,181,390,478,911,204,301,72,357,312,60,166,361,212,53,245,128,302,307,216,358,128,121
