273,447,228,109,489,124,518,176,161,256,454,543,824,416,304,318,368,845,507,83,302,516,329,239,378,164,394,298,313,635,689,1167,236,496,103,545,531,81,250,475,313,121,358,168,459,455,337,522,152,356
447,183,166,72,448,93,398,125,145,177,347,493,800,288,191,210,308,761,418,51,233,402,251,177,319,100,302,192,199,528,643,1242,238,385,91,427,430,80,222,411,284,101,339,157,356,395,283,468,164,276
228,166,28,37,214,41,192,51,75,77,169,214,382,101,88,92,145,396,203,25,100,196,142,78,134,55,111,90,95,269,309,570,112,183,42,219,189,35,81,201,135,37,172,60,177,188,118,218,93,142
109,72,37,4,91,16,70,28,33,41,69,86,126,68,40,58,60,153,79,20,55,80,54,29,61,18,54,41,44,120,120,188,43,74,18,105,61,17,42,92,58,24,59,34,69,73,65,100,28,67
489,448,214,91,281,108,492,157,174,202,428,543,881,316,255,292,359,890,500,72,277,533,311,202,342,117,343,259,280,654,784,1404,248,497,129,520,454,94,266,543,360,108,345,199,423,486,312,518,196,342
124,93,41,16,108,15,115,33,34,50,82,129,181,81,60,72,83,190,124,17,72,125,80,48,77,25,78,53,63,157,168,261,59,90,26,142,102,20,61,113,76,23,82,35,93,89,86,109,43,97
518,398,192,70,492,115,224,145,154,203,397,564,811,300,251,293,365,861,497,73,256,511,297,188,324,109,304,275,251,614,677,1328,259,446,98,536,425,87,253,520,346,89,330,178,385,429,299,490,152,345
176,125,51,28,157,33,145,24,46,75,139,189,241,97,75,67,97,258,178,14,105,145,73,60,107,37,123,80,70,176,225,427,72,143,35,175,142,24,70,167,90,27,104,56,129,158,93,129,57,107
161,145,75,33,174,34,154,46,25,75,155,193,299,100,82,78,105,287,159,16,99,170,102,61,112,39,125,84,100,216,258,478,74,163,36,156,134,30,75,186,109,40,130,62,129,136,100,174,60,104
256,177,77,41,202,50,203,75,75,38,152,235,365,153,111,121,149,374,213,22,119,222,109,84,133,70,143,107,106,245,306,548,109,202,53,224,179,32,117,231,127,38,146,65,177,190,141,240,71,155
454,347,169,69,428,82,397,139,155,152,159,515,757,297,201,232,323,750,432,55,229,432,260,172,284,126,289,200,222,503,632,1128,229,401,86,449,383,83,232,454,279,76,318,131,368,395,278,449,153,296
543,493,214,86,543,129,564,189,193,235,515,326,1054,359,303,322,442,1008,577,57,282,602,326,248,374,135,350,260,253,700,853,1607,304,483,115,625,550,106,302,612,380,128,412,207,452,543,388,606,200,391
824,800,382,126,881,181,811,241,299,365,757,1054,832,560,534,532,702,1534,890,117,514,903,564,372,591,220,637,409,451,1149,1394,2496,532,787,187,950,843,146,434,966,615,173,716,347,748,848,575,910,348,620
416,288,101,68,316,81,300,97,100,153,297,359,560,101,175,188,241,565,313,42,181,324,199,159,239,89,223,156,201,392,478,896,175,339,55,371,292,34,163,351,215,80,258,129,293,297,215,363,114,226
304,191,88,40,255,60,251,75,82,111,201,303,534,175,75,135,174,508,255,21,126,255,166,109,178,53,150,125,133,305,392,715,140,266,59,251,247,50,116,258,168,46,206,96,206,261,168,293,106,173
318,210,92,58,292,72,293,67,78,121,232,322,532,188,135,89,200,548,302,37,142,311,188,105,170,64,177,126,155,331,409,806,160,299,51,295,265,54,123,308,176,50,227,97,227,270,180,322,125,193
368,308,145,60,359,83,365,97,105,149,323,442,702,241,174,200,118,675,351,30,191,344,242,129,242,110,256,188,194,456,542,1026,187,321,78,382,337,57,162,382,227,82,295,141,305,357,214,380,145,246
845,761,396,153,890,190,861,258,287,374,750,1008,1534,565,508,548,675,837,896,130,486,879,534,373,588,239,578,424,457,1179,1369,2462,504,840,211,965,857,136,470,948,602,193,736,344,721,853,546,914,328,633
507,418,203,79,500,124,497,178,159,213,432,577,890,313,255,302,351,896,258,79,237,475,286,226,334,133,350,233,277,667,716,1427,285,471,130,568,485,81,268,565,344,115,398,195,417,481,323,508,168,342
83,51,25,20,72,17,73,14,16,22,55,57,117,42,21,37,30,130,79,4,37,61,30,28,38,15,35,29,34,84,95,189,49,64,18,53,45,13,27,71,33,11,52,22,48,63,41,71,24,45
302,233,100,55,277,72,256,105,99,119,229,282,514,181,126,142,191,486,237,37,78,258,159,123,177,70,175,134,135,357,422,769,156,263,54,257,244,45,141,297,185,57,228,96,227,254,158,300,105,191
516,402,196,80,533,125,511,145,170,222,432,602,903,324,255,311,344,879,475,61,258,246,281,208,356,110,334,276,276,684,680,1397,287,498,125,563,497,79,234,552,366,94,368,203,427,456,327,481,184,333
329,251,142,54,311,80,297,73,102,109,260,326,564,199,166,188,242,534,286,30,159,281,97,119,189,68,183,142,142,355,468,833,152,285,62,309,286,46,119,296,186,63,250,114,219,268,192,341,129,188
239,177,78,29,202,48,188,60,61,84,172,248,372,159,109,105,129,373,226,28,123,208,119,42,143,53,134,98,104,254,313,541,107,182,58,194,176,40,110,199,126,53,149,76,157,219,147,204,80,141
378,319,134,61,342,77,324,107,112,133,284,374,591,239,178,170,242,588,334,38,177,356,189,143,107,82,207,170,155,402,559,910,179,334,66,326,323,56,169,360,212,78,238,106,263,353,219,386,113,229
164,100,55,18,117,25,109,37,39,70,126,135,220,89,53,64,110,239,133,15,70,110,68,53,82,16,85,64,55,151,181,375,57,127,36,131,107,17,68,152,69,29,115,46,91,115,67,132,50,85
394,302,111,54,343,78,304,123,125,143,289,350,637,223,150,177,256,578,350,35,175,334,183,134,207,85,105,160,177,401,514,980,191,320,82,354,293,56,174,389,211,77,283,117,249,313,208,379,112,226
298,192,90,41,259,53,275,80,84,107,200,260,409,156,125,126,188,424,233,29,134,276,142,98,170,64,160,55,110,298,383,624,134,225,64,248,194,31,117,237,143,52,152,84,186,225,153,261,87,148
313,199,95,44,280,63,251,70,100,106,222,253,451,201,133,155,194,457,277,34,135,276,142,104,155,55,177,110,57,326,399,719,147,249,45,231,252,40,127,276,148,52,183,102,199,252,166,277,88,166
635,528,269,120,654,157,614,176,216,245,503,700,1149,392,305,331,456,1179,667,84,357,684,355,254,402,151,401,298,326,402,1032,1830,367,579,170,658,626,111,310,653,396,112,474,240,496,603,390,614,249,387
689,643,309,120,784,168,677,225,258,306,632,853,1394,478,392,409,542,1369,716,95,422,680,468,313,559,181,514,383,399,1032,524,2075,386,695,166,830,688,124,383,845,496,157,607,288,634,682,495,811,275,499
1167,1242,570,188,1404,261,1328,427,478,548,1128,1607,2496,896,715,806,1026,2462,1427,189,769,1397,833,541,910,375,980,624,719,1830,2075,1895,727,1295,285,1477,1279,237,728,1509,986,288,1106,546,1139,1288,891,1501,496,931
236,238,112,43,248,59,259,72,74,109,229,304,532,175,140,160,187,504,285,49,156,287,152,107,179,57,191,134,147,367,386,727,77,226,44,270,270,49,123,306,188,60,224,117,214,265,168,290,95,165
496,385,183,74,497,90,446,143,163,202,401,483,787,339,266,299,321,840,471,64,263,498,285,182,334,127,320,225,249,579,695,1295,226,223,106,526,396,75,239,505,321,92,318,172,389,405,302,501,162,355
103,91,42,18,129,26,98,35,36,53,86,115,187,55,59,51,78,211,130,18,54,125,62,58,66,36,82,64,45,170,166,285,44,106,12,124,120,31,54,135,70,27,108,45,96,112,72,119,39,89
545,427,219,105,520,142,536,175,156,224,449,625,950,371,251,295,382,965,568,53,257,563,309,194,326,131,354,248,231,658,830,1477,270,526,124,283,513,84,285,544,397,134,391,196,457,518,316,584,192,344
531,430,189,61,454,102,425,142,134,179,383,550,843,292,247,265,337,857,485,45,244,497,286,176,323,107,293,194,252,626,688,1279,270,396,120,513,196,90,238,455,314,95,333,175,366,422,300,483,169,348
81,80,35,17,94,20,87,24,30,32,83,106,146,34,50,54,57,136,81,13,45,79,46,40,56,17,56,31,40,111,124,237,49,75,31,84,90,11,36,93,54,24,70,31,66,71,46,75,32,54
250,222,81,42,266,61,253,70,75,117,232,302,434,163,116,123,162,470,268,27,141,234,119,110,169,68,174,117,127,310,383,728,123,239,54,285,238,36,69,279,169,54,179,97,215,231,164,248,86,165
475,411,201,92,543,113,520,167,186,231,454,612,966,351,258,308,382,948,565,71,297,552,296,199,360,152,389,237,276,653,845,1509,306,505,135,544,455,93,279,291,360,98,422,216,400,528,352,577,183,366
313,284,135,58,360,76,346,90,109,127,279,380,615,215,168,176,227,602,344,33,185,366,186,126,212,69,211,143,148,396,496,986,188,321,70,397,314,54,169,360,126,70,239,142,277,323,207,382,128,229
121,101,37,24,108,23,89,27,40,38,76,128,173,80,46,50,82,193,115,11,57,94,63,53,78,29,77,52,52,112,157,288,60,92,27,134,95,24,54,98,70,8,81,24,84,94,62,115,35,69
358,339,172,59,345,82,330,104,130,146,318,412,716,258,206,227,295,736,398,52,228,368,250,149,238,115,283,152,183,474,607,1106,224,318,108,391,333,70,179,422,239,81,142,141,287,352,248,364,150,244
168,157,60,34,199,35,178,56,62,65,131,207,347,129,96,97,141,344,195,22,96,203,114,76,106,46,117,84,102,240,288,546,117,172,45,196,175,31,97,216,142,24,141,44,158,183,119,219,84,130
459,356,177,69,423,93,385,129,129,177,368,452,748,293,206,227,305,721,417,48,227,427,219,157,263,91,249,186,199,496,634,1139,214,389,96,457,366,66,215,400,277,84,287,158,163,396,245,435,139,269
455,395,188,73,486,89,429,158,136,190,395,543,848,297,261,270,357,853,481,63,254,456,268,219,353,115,313,225,252,603,682,1288,265,405,112,518,422,71,231,528,323,94,352,183,396,221,305,430,170,337
337,283,118,65,312,86,299,93,100,141,278,388,575,215,168,180,214,546,323,41,158,327,192,147,219,67,208,153,166,390,495,891,168,302,72,316,300,46,164,352,207,62,248,119,245,305,89,342,123,200
522,468,218,100,518,109,490,129,174,240,449,606,910,363,293,322,380,914,508,71,300,481,341,204,386,132,379,261,277,614,811,1501,290,501,119,584,483,75,248,577,382,115,364,219,435,430,342,299,192,356
152,164,93,28,196,43,152,57,60,71,153,200,348,114,106,125,145,328,168,24,105,184,129,80,113,50,112,87,88,249,275,496,95,162,39,192,169,32,86,183,128,35,150,84,139,170,123,192,27,105
356,276,142,67,342,97,345,107,104,155,296,391,620,226,173,193,246,633,342,45,191,333,188,141,229,85,226,148,166,387,499,931,165,355,89,344,348,54,165,366,229,69,244,130,269,337,200,356,105,112
