272,427,214,82,485,94,448,156,172,229,450,511,842,378,304,336,336,822,505,86,310,484,333,198,368,161,384,273,268,552,694,1136,221,420,101,514,450,91,242,450,276,98,396,177,429,404,326,477,173,368
427,181,140,78,446,108,414,136,126,177,368,457,760,271,209,218,284,749,419,53,239,442,252,175,277,109,271,205,215,517,616,1161,213,413,99,428,412,63,212,447,280,88,349,175,344,391,265,440,160,297
214,140,41,43,197,52,171,66,70,81,151,218,346,124,94,116,135,352,173,23,95,179,107,64,114,46,135,85,98,250,287,572,107,182,45,209,196,34,96,190,120,43,148,71,163,184,113,198,60,122
82,78,43,10,84,18,85,21,35,40,66,94,148,50,50,55,66,146,64,9,50,73,64,36,61,27,48,52,48,100,115,210,49,70,12,93,84,17,45,78,62,15,70,28,74,73,60,80,36,63
485,446,197,84,249,117,493,151,153,220,433,594,894,312,247,274,369,902,518,67,263,531,321,196,319,130,337,263,237,589,798,1423,266,474,118,518,485,85,265,492,312,105,390,171,398,458,307,481,178,351
94,108,52,18,117,12,105,31,41,43,91,129,193,71,65,73,88,192,106,10,66,108,71,57,77,43,78,70,67,135,158,281,51,119,22,102,115,19,60,123,82,26,86,44,94,114,68,106,35,84
448,414,171,85,493,105,225,132,149,197,391,532,863,317,256,295,314,828,483,59,275,497,279,191,308,118,317,262,255,597,685,1327,241,471,119,475,482,70,239,507,335,107,366,184,372,442,295,445,167,313
156,136,66,21,151,31,132,21,53,58,127,154,256,96,92,75,113,271,139,16,75,143,100,52,115,39,98,59,75,200,211,395,80,125,38,142,131,27,70,160,101,35,123,64,117,130,97,153,66,102
172,126,70,35,153,41,149,53,23,62,144,161,296,108,85,109,112,264,160,15,87,162,99,64,104,38,112,84,83,190,243,454,87,149,26,173,167,32,72,151,101,39,127,64,115,155,95,161,55,111
229,177,81,40,220,43,197,58,62,38,155,222,354,133,105,113,156,372,191,21,136,195,121,80,133,48,150,98,101,255,286,566,94,214,66,227,181,45,99,211,142,36,157,85,156,185,139,231,87,138
450,368,151,66,433,91,391,127,144,155,179,476,764,279,237,266,322,759,435,51,260,420,231,151,272,115,297,207,180,538,621,1141,208,410,114,429,406,81,210,438,277,76,308,158,325,380,289,421,156,301
511,457,218,94,594,129,532,154,161,222,476,314,1045,354,302,302,375,1016,580,74,301,556,316,214,377,144,372,289,279,704,842,1543,300,518,118,565,523,95,232,583,372,107,417,203,457,497,376,549,206,399
842,760,346,148,894,193,863,256,296,354,764,1045,766,559,455,493,649,1396,881,110,541,883,532,346,595,232,591,428,472,1095,1319,2424,479,837,224,976,833,148,441,933,552,187,655,344,739,848,547,927,338,606
378,271,124,50,312,71,317,96,108,133,279,354,559,104,192,200,236,594,310,37,170,344,191,148,214,82,222,147,160,417,465,915,158,305,71,345,324,55,171,328,203,57,282,116,265,308,203,349,113,226
304,209,94,50,247,65,256,92,85,105,237,302,455,192,72,128,182,486,266,34,148,286,164,110,195,54,195,118,143,338,403,754,142,229,65,266,242,61,125,259,139,43,198,87,218,276,173,268,100,191
336,218,116,55,274,73,295,75,109,113,266,302,493,200,128,74,185,541,285,44,170,317,173,103,188,64,213,130,149,361,422,860,154,262,67,328,257,57,139,299,178,49,234,113,245,271,200,308,120,187
336,284,135,66,369,88,314,113,112,156,322,375,649,236,182,185,137,650,392,48,189,367,202,113,224,81,215,166,178,441,548,1032,180,349,77,380,329,66,170,369,241,67,304,134,263,355,206,385,129,249
822,749,352,146,902,192,828,271,264,372,759,1016,1396,594,486,541,650,753,894,99,512,897,577,353,609,263,625,441,468,1069,1271,2367,472,811,204,979,807,156,453,908,579,174,625,346,733,813,559,933,335,641
505,419,173,64,518,106,483,139,160,191,435,580,881,310,266,285,392,894,221,66,281,466,291,193,339,143,329,237,243,623,729,1426,248,442,111,554,500,84,259,499,324,89,388,185,429,468,305,563,185,327
86,53,23,9,67,10,59,16,15,21,51,74,110,37,34,44,48,99,66,3,33,68,42,32,38,11,38,23,31,80,101,168,36,68,14,71,56,12,27,65,37,13,60,28,57,50,47,67,26,48
310,239,95,50,263,66,275,75,87,136,260,301,541,170,148,170,189,512,281,33,57,301,145,124,179,77,181,130,118,351,445,821,149,270,83,272,254,44,146,318,192,55,196,113,224,256,163,316,121,180
484,442,179,73,531,108,497,143,162,195,420,556,883,344,286,317,367,897,466,68,301,254,282,190,320,143,333,245,230,626,737,1378,247,508,125,529,488,85,252,541,325,103,386,195,397,480,319,539,176,362
333,252,107,64,321,71,279,100,99,121,231,316,532,191,164,173,202,577,291,42,145,282,77,110,173,82,167,153,146,378,423,848,162,252,74,297,273,44,159,322,198,69,212,108,217,289,199,305,95,198
198,175,64,36,196,57,191,52,64,80,151,214,346,148,110,103,113,353,193,32,124,190,110,27,133,44,116,93,106,259,282,522,102,179,54,188,199,24,93,219,130,42,158,78,157,174,115,213,75,128
368,277,114,61,319,77,308,115,104,133,272,377,595,214,195,188,224,609,339,38,179,320,173,133,89,92,225,156,154,393,491,923,176,288,81,315,308,72,160,332,202,83,267,131,252,327,207,339,112,206
161,109,46,27,130,43,118,39,38,48,115,144,232,82,54,64,81,263,143,11,77,143,82,44,92,11,73,40,61,178,215,389,78,108,37,145,108,23,71,141,84,29,104,41,98,134,80,135,54,69
384,271,135,48,337,78,317,98,112,150,297,372,591,222,195,213,215,625,329,38,181,333,167,116,225,73,103,151,162,427,513,985,185,324,84,345,301,49,147,364,218,62,263,127,281,346,219,341,126,215
273,205,85,52,263,70,262,59,84,98,207,289,428,147,118,130,166,441,237,23,130,245,153,93,156,40,151,52,111,282,350,687,146,246,48,250,240,38,117,274,165,54,188,90,186,217,150,250,100,169
268,215,98,48,237,67,255,75,83,101,180,279,472,160,143,149,178,468,243,31,118,230,146,106,154,61,162,111,74,333,357,733,129,231,64,233,280,24,136,273,181,42,205,116,193,218,172,273,106,176
552,517,250,100,589,135,597,200,190,255,538,704,1095,417,338,361,441,1069,623,80,351,626,378,259,393,178,427,282,333,365,923,1762,317,582,148,649,572,103,303,643,403,125,484,229,518,579,372,650,221,473
694,616,287,115,798,158,685,211,243,286,621,842,1319,465,403,422,548,1271,729,101,445,737,423,282,491,215,513,350,357,923,574,2041,402,693,140,824,708,142,380,760,463,162,577,262,606,719,461,756,256,545
1136,1161,572,210,1423,281,1327,395,454,566,1141,1543,2424,915,754,860,1032,2367,1426,168,821,1378,848,522,923,389,985,687,733,1762,2041,1866,709,1257,318,1441,1268,236,686,1399,901,326,969,539,1100,1246,907,1442,477,914
221,213,107,49,266,51,241,80,87,94,208,300,479,158,142,154,180,472,248,36,149,247,162,102,176,78,185,146,129,317,402,709,68,248,58,275,240,49,110,298,176,54,189,95,213,257,179,268,88,182
420,413,182,70,474,119,471,125,149,214,410,518,837,305,229,262,349,811,442,68,270,508,252,179,288,108,324,246,231,582,693,1257,248,223,96,485,431,71,222,446,286,95,356,177,392,445,298,499,154,350
101,99,45,12,118,22,119,38,26,66,114,118,224,71,65,67,77,204,111,14,83,125,74,54,81,37,84,48,64,148,140,318,58,96,9,110,99,19,53,112,68,21,88,58,91,105,65,116,41,87
514,428,209,93,518,102,475,142,173,227,429,565,976,345,266,328,380,979,554,71,272,529,297,188,315,145,345,250,233,649,824,1441,275,485,110,272,485,84,249,566,318,120,437,201,382,485,324,551,167,343
450,412,196,84,485,115,482,131,167,181,406,523,833,324,242,257,329,807,500,56,254,488,273,199,308,108,301,240,280,572,708,1268,240,431,99,485,235,66,236,525,295,95,378,172,397,425,309,525,164,318
91,63,34,17,85,19,70,27,32,45,81,95,148,55,61,57,66,156,84,12,44,85,44,24,72,23,49,38,24,103,142,236,49,71,19,84,66,5,38,74,61,14,73,26,55,89,61,84,36,59
242,212,96,45,265,60,239,70,72,99,210,232,441,171,125,139,170,453,259,27,146,252,159,93,160,71,147,117,136,303,380,686,110,222,53,249,236,38,53,258,160,49,176,96,192,213,142,265,93,174
450,447,190,78,492,123,507,160,151,211,438,583,933,328,259,299,369,908,499,65,318,541,322,219,332,141,364,274,273,643,760,1399,298,446,112,566,525,74,258,257,345,125,377,203,421,451,311,526,199,335
276,280,120,62,312,82,335,101,101,142,277,372,552,203,139,178,241,579,324,37,192,325,198,130,202,84,218,165,181,403,463,901,176,286,68,318,295,61,160,345,118,69,253,139,256,283,201,326,131,220
98,88,43,15,105,26,107,35,39,36,76,107,187,57,43,49,67,174,89,13,55,103,69,42,83,29,62,54,42,125,162,326,54,95,21,120,95,14,49,125,69,13,76,44,92,105,72,117,43,75
396,349,148,70,390,86,366,123,127,157,308,417,655,282,198,234,304,625,388,60,196,386,212,158,267,104,263,188,205,484,577,969,189,356,88,437,378,73,176,377,253,76,126,141,287,344,221,406,140,230
177,175,71,28,171,44,184,64,64,85,158,203,344,116,87,113,134,346,185,28,113,195,108,78,131,41,127,90,116,229,262,539,95,177,58,201,172,26,96,203,139,44,141,28,146,164,120,193,59,120
429,344,163,74,398,94,372,117,115,156,325,457,739,265,218,245,263,733,429,57,224,397,217,157,252,98,281,186,193,518,606,1100,213,392,91,382,397,55,192,421,256,92,287,146,152,393,253,428,145,290
404,391,184,73,458,114,442,130,155,185,380,497,848,308,276,271,355,813,468,50,256,480,289,174,327,134,346,217,218,579,719,1246,257,445,105,485,425,89,213,451,283,105,344,164,393,214,285,490,167,324
326,265,113,60,307,68,295,97,95,139,289,376,547,203,173,200,206,559,305,47,163,319,199,115,207,80,219,150,172,372,461,907,179,298,65,324,309,61,142,311,201,72,221,120,253,285,99,333,121,217
477,440,198,80,481,106,445,153,161,231,421,549,927,349,268,308,385,933,563,67,316,539,305,213,339,135,341,250,273,650,756,1442,268,499,116,551,525,84,265,526,326,117,406,193,428,490,333,280,181,370
173,160,60,36,178,35,167,66,55,87,156,206,338,113,100,120,129,335,185,26,121,176,95,75,112,54,126,100,106,221,256,477,88,154,41,167,164,36,93,199,131,43,140,59,145,167,121,181,26,108
368,297,122,63,351,84,313,102,111,138,301,399,606,226,191,187,249,641,327,48,180,362,198,128,206,69,215,169,176,473,545,914,182,350,87,343,318,59,174,335,220,75,230,120,290,324,217,370,108,112
