267,443,201,109,506,126,496,199,161,242,443,547,855,396,334,347,358,810,528,81,322,535,352,200,374,165,361,290,288,606,731,1179,243,497,102,511,466,86,257,456,329,113,349,187,432,432,339,507,167,381
443,164,159,71,415,95,442,110,155,169,350,482,756,297,224,246,302,782,458,53,223,463,274,157,282,106,274,191,207,582,685,1207,238,389,92,440,412,70,230,444,297,96,338,162,349,381,251,494,159,271
201,159,36,37,184,41,207,69,62,94,167,224,357,139,107,115,133,353,226,16,110,212,116,85,130,40,129,74,106,227,318,573,116,178,41,204,204,32,118,215,151,50,167,63,155,157,123,226,69,141
109,71,37,8,77,18,69,34,36,36,70,88,149,58,45,61,65,152,80,15,58,88,58,23,62,30,65,38,49,120,125,214,39,69,15,101,71,11,52,90,58,17,73,33,77,65,63,78,27,58
506,415,184,77,277,96,523,134,155,163,444,552,923,333,270,288,375,960,515,72,287,535,326,218,354,130,333,265,281,701,784,1438,275,484,124,526,511,87,272,557,319,112,393,214,437,510,351,558,195,316
126,95,41,18,96,14,103,30,44,44,88,133,194,72,65,64,85,178,117,19,69,114,75,38,82,28,72,48,47,151,179,265,58,90,22,134,104,14,59,113,73,23,84,57,86,87,58,116,35,77
496,442,207,69,523,103,216,136,161,193,396,537,880,300,249,274,333,848,519,72,257,506,290,183,308,145,362,248,248,635,725,1339,263,425,111,502,418,85,233,495,315,82,347,187,360,471,294,498,179,297
199,110,69,34,134,30,136,19,58,78,135,186,275,106,77,83,107,259,155,15,95,164,85,51,90,35,76,65,77,187,232,436,86,139,29,146,146,31,72,162,87,26,103,63,117,151,95,166,49,111
161,155,62,36,155,44,161,58,23,66,147,195,300,116,98,95,115,292,158,23,92,165,98,60,98,32,101,77,83,217,255,498,85,165,37,181,175,35,76,186,108,39,117,70,129,148,93,174,64,106
242,169,94,36,163,44,193,78,66,47,177,246,388,142,102,126,156,358,212,23,119,182,123,88,148,51,146,104,113,251,293,539,92,186,56,235,202,36,116,203,138,46,157,61,177,191,116,211,69,139
443,350,167,70,444,88,396,135,147,177,190,477,758,284,235,285,307,774,425,60,224,392,265,182,312,98,289,210,238,543,633,1114,241,398,89,478,398,79,227,455,276,86,316,169,353,376,286,418,136,285
547,482,224,88,552,133,537,186,195,246,477,314,997,350,258,269,434,996,559,59,310,568,333,220,351,134,374,273,278,761,865,1620,316,533,119,585,501,98,319,626,371,123,444,197,457,536,329,571,197,373
855,756,357,149,923,194,880,275,300,388,758,997,800,597,483,502,638,1457,967,121,483,969,549,347,574,220,595,446,438,1205,1401,2578,518,797,231,952,826,144,483,947,588,176,673,329,740,896,566,952,344,618
396,297,139,58,333,72,300,106,116,142,284,350,597,100,168,175,228,554,338,41,171,315,194,127,199,84,207,146,176,399,469,898,186,300,71,333,322,50,173,359,222,64,245,121,252,331,188,302,136,232
334,224,107,45,270,65,249,77,98,102,235,258,483,168,82,153,200,470,264,33,157,281,169,120,156,82,190,111,138,304,403,735,149,251,63,290,249,35,119,263,150,58,212,101,220,264,154,289,119,196
347,246,115,61,288,64,274,83,95,126,285,269,502,175,153,97,214,502,291,32,135,315,187,139,189,95,214,128,149,312,446,827,167,278,56,313,274,34,137,293,178,61,217,97,243,303,175,291,118,203
358,302,133,65,375,85,333,107,115,156,307,434,638,228,200,214,130,617,369,41,218,381,197,142,225,89,233,179,182,451,557,1035,212,323,81,383,344,46,182,372,261,68,273,124,269,362,228,351,130,274
810,782,353,152,960,178,848,259,292,358,774,996,1457,554,470,502,617,805,995,118,510,959,533,340,566,227,574,403,417,1196,1454,2588,504,846,220,1023,782,140,470,1032,622,183,676,342,733,870,576,939,306,561
528,458,226,80,515,117,519,155,158,212,425,559,967,338,264,291,369,995,255,50,266,533,306,209,358,131,323,250,246,686,808,1473,304,476,112,563,501,84,251,572,338,103,400,207,448,491,363,516,179,326
81,53,16,15,72,19,72,15,23,23,60,59,121,41,33,32,41,118,50,2,29,67,44,30,36,14,45,29,35,76,98,173,41,60,13,54,67,9,31,58,34,14,40,24,56,57,34,68,25,39
322,223,110,58,287,69,257,95,92,119,224,310,483,171,157,135,218,510,266,29,83,288,155,106,194,61,165,117,127,349,420,765,164,266,67,291,269,45,145,285,153,56,219,99,232,233,202,284,117,170
535,463,212,88,535,114,506,164,165,182,392,568,969,315,281,315,381,959,533,67,288,271,301,237,360,156,353,232,259,675,784,1438,274,509,121,568,499,85,268,604,346,95,400,204,414,521,330,520,185,315
352,274,116,58,326,75,290,85,98,123,265,333,549,194,169,187,197,533,306,44,155,301,72,116,192,71,194,133,158,373,451,844,164,304,56,318,283,37,159,316,191,62,214,125,214,299,194,319,103,174
200,157,85,23,218,38,183,51,60,88,182,220,347,127,120,139,142,340,209,30,106,237,116,35,117,49,123,96,107,263,277,583,100,183,48,200,184,33,108,207,122,36,146,76,155,175,130,193,83,133
374,282,130,62,354,82,308,90,98,148,312,351,574,199,156,189,225,566,358,36,194,360,192,117,106,77,189,163,178,394,481,978,187,300,77,311,304,43,171,359,222,61,268,126,265,325,214,334,144,213
165,106,40,30,130,28,145,35,32,51,98,134,220,84,82,95,89,227,131,14,61,156,71,49,77,14,84,50,75,170,194,342,56,130,24,135,140,15,68,151,91,27,107,54,112,103,59,140,42,82
361,274,129,65,333,72,362,76,101,146,289,374,595,207,190,214,233,574,323,45,165,353,194,123,189,84,108,152,172,424,506,985,163,313,86,331,338,43,183,369,212,54,264,133,276,304,196,365,139,216
290,191,74,38,265,48,248,65,77,104,210,273,446,146,111,128,179,403,250,29,117,232,133,96,163,50,152,55,100,297,357,629,127,205,41,257,219,27,124,233,154,58,183,100,205,213,144,273,70,178
288,207,106,49,281,47,248,77,83,113,238,278,438,176,138,149,182,417,246,35,127,259,158,107,178,75,172,100,62,287,388,736,134,237,75,244,253,33,129,282,156,43,196,95,206,221,172,291,96,141
606,582,227,120,701,151,635,187,217,251,543,761,1205,399,304,312,451,1196,686,76,349,675,373,263,394,170,424,297,287,399,933,1876,379,589,133,631,557,107,319,680,418,125,450,249,491,604,397,656,248,420
731,685,318,125,784,179,725,232,255,293,633,865,1401,469,403,446,557,1454,808,98,420,784,451,277,481,194,506,357,388,933,592,2150,422,701,179,810,697,136,396,817,514,161,595,292,608,724,478,788,280,480
1179,1207,573,214,1438,265,1339,436,498,539,1114,1620,2578,898,735,827,1035,2588,1473,173,765,1438,844,583,978,342,985,629,736,1876,2150,2006,729,1310,321,1583,1273,248,708,1529,1001,324,1070,543,1181,1334,900,1490,485,932
243,238,116,39,275,58,263,86,85,92,241,316,518,186,149,167,212,504,304,41,164,274,164,100,187,56,163,127,134,379,422,729,73,245,62,301,214,43,129,292,181,61,222,105,203,253,173,291,96,173
497,389,178,69,484,90,425,139,165,186,398,533,797,300,251,278,323,846,476,60,266,509,304,183,300,130,313,205,237,589,701,1310,245,214,111,506,421,87,230,481,314,101,338,190,391,450,305,496,178,332
102,92,41,15,124,22,111,29,37,56,89,119,231,71,63,56,81,220,112,13,67,121,56,48,77,24,86,41,75,133,179,321,62,111,12,121,90,16,59,127,78,20,87,41,101,113,76,116,34,77
511,440,204,101,526,134,502,146,181,235,478,585,952,333,290,313,383,1023,563,54,291,568,318,200,311,135,331,257,244,631,810,1583,301,506,121,266,505,83,255,537,374,99,416,187,406,477,316,503,205,350
466,412,204,71,511,104,418,146,175,202,398,501,826,322,249,274,344,782,501,67,269,499,283,184,304,140,338,219,253,557,697,1273,214,421,90,505,204,83,243,523,319,95,368,179,355,416,284,503,167,294
86,70,32,11,87,14,85,31,35,36,79,98,144,50,35,34,46,140,84,9,45,85,37,33,43,15,43,27,33,107,136,248,43,87,16,83,83,1,54,101,58,11,66,27,60,81,41,100,26,73
257,230,118,52,272,59,233,72,76,116,227,319,483,173,119,137,182,470,251,31,145,268,159,108,171,68,183,124,129,319,396,708,129,230,59,255,243,54,58,269,165,46,200,101,202,240,157,255,90,165
456,444,215,90,557,113,495,162,186,203,455,626,947,359,263,293,372,1032,572,58,285,604,316,207,359,151,369,233,282,680,817,1529,292,481,127,537,523,101,269,276,329,120,401,207,431,482,326,558,189,340
329,297,151,58,319,73,315,87,108,138,276,371,588,222,150,178,261,622,338,34,153,346,191,122,222,91,212,154,156,418,514,1001,181,314,78,374,319,58,165,329,117,66,257,141,295,302,222,348,120,218
113,96,50,17,112,23,82,26,39,46,86,123,176,64,58,61,68,183,103,14,56,95,62,36,61,27,54,58,43,125,161,324,61,101,20,99,95,11,46,120,66,7,101,40,59,93,50,111,38,67
349,338,167,73,393,84,347,103,117,157,316,444,673,245,212,217,273,676,400,40,219,400,214,146,268,107,264,183,196,450,595,1070,222,338,87,416,368,66,200,401,257,101,131,144,314,348,261,388,136,239
187,162,63,33,214,57,187,63,70,61,169,197,329,121,101,97,124,342,207,24,99,204,125,76,126,54,133,100,95,249,292,543,105,190,41,187,179,27,101,207,141,40,144,48,144,185,116,236,76,133
432,349,155,77,437,86,360,117,129,177,353,457,740,252,220,243,269,733,448,56,232,414,214,155,265,112,276,205,206,491,608,1181,203,391,101,406,355,60,202,431,295,59,314,144,146,394,265,419,163,275
432,381,157,65,510,87,471,151,148,191,376,536,896,331,264,303,362,870,491,57,233,521,299,175,325,103,304,213,221,604,724,1334,253,450,113,477,416,81,240,482,302,93,348,185,394,225,324,495,186,295
339,251,123,63,351,58,294,95,93,116,286,329,566,188,154,175,228,576,363,34,202,330,194,130,214,59,196,144,172,397,478,900,173,305,76,316,284,41,157,326,222,50,261,116,265,324,111,336,134,237
507,494,226,78,558,116,498,166,174,211,418,571,952,302,289,291,351,939,516,68,284,520,319,193,334,140,365,273,291,656,788,1490,291,496,116,503,503,100,255,558,348,111,388,236,419,495,336,266,197,363
167,159,69,27,195,35,179,49,64,69,136,197,344,136,119,118,130,306,179,25,117,185,103,83,144,42,139,70,96,248,280,485,96,178,34,205,167,26,90,189,120,38,136,76,163,186,134,197,36,103
381,271,141,58,316,77,297,111,106,139,285,373,618,232,196,203,274,561,326,39,170,315,174,133,213,82,216,178,141,420,480,932,173,332,77,350,294,73,165,340,218,67,239,133,275,295,237,363,103,115
