259,434,226,86,494,117,458,193,157,241,447,515,798,368,313,341,371,811,452,50,290,499,356,193,376,157,375,263,299,621,702,1183,258,488,114,532,488,83,255,482,305,103,398,150,444,404,327,459,169,380
434,177,174,72,447,98,407,130,145,207,370,478,751,272,208,226,291,776,447,55,229,457,236,152,257,96,274,220,206,533,655,1191,247,426,92,452,378,74,186,485,301,93,299,157,327,407,294,440,160,298
226,174,35,37,190,47,192,80,60,72,174,231,359,117,92,106,144,366,219,28,102,217,108,88,125,62,151,74,111,233,331,574,117,192,36,208,191,25,112,225,138,46,149,61,172,189,136,210,60,127
86,72,37,6,77,14,82,26,34,29,73,85,157,53,51,42,54,147,69,9,56,76,49,25,65,18,52,43,43,115,111,223,49,82,20,82,66,13,42,78,51,18,51,32,77,71,62,81,30,55
494,447,190,77,270,107,506,163,172,217,455,606,951,322,276,283,375,939,521,50,324,540,294,218,351,130,347,230,225,623,778,1417,260,450,129,547,472,90,254,537,322,108,348,189,433,479,324,539,206,320
117,98,47,14,107,10,95,32,38,57,92,113,186,71,64,68,69,197,104,20,71,102,71,38,82,25,81,43,64,143,167,288,61,93,28,127,97,21,40,108,71,29,63,41,92,77,77,94,41,75
458,407,192,82,506,95,219,152,165,190,412,514,858,317,272,303,328,885,467,59,273,467,281,207,299,119,332,207,242,625,700,1339,254,461,128,466,440,70,202,494,332,84,347,183,372,430,309,520,172,325
193,130,80,26,163,32,152,28,46,79,126,158,296,100,81,92,109,289,138,24,60,159,106,64,98,41,95,68,70,191,223,424,82,122,42,170,130,27,71,179,98,30,116,62,120,148,98,179,61,83
157,145,60,34,172,38,165,46,27,55,153,171,311,105,86,94,119,313,159,20,87,181,108,76,116,46,107,80,65,190,274,447,92,161,42,154,158,32,76,173,97,32,127,66,140,148,110,193,65,114
241,207,72,29,217,57,190,79,55,38,173,238,393,144,131,127,168,372,198,24,118,218,132,97,148,56,125,105,99,252,293,556,104,210,44,229,174,27,125,187,122,47,145,79,163,164,117,204,76,152
447,370,174,73,455,92,412,126,153,173,194,452,740,285,229,252,320,757,442,59,268,462,235,170,273,122,286,206,231,573,671,1172,218,403,86,461,372,70,206,448,275,80,291,163,335,416,250,441,127,275
515,478,231,85,606,113,514,158,171,238,452,286,1008,398,271,286,417,961,579,81,285,607,334,228,346,138,365,284,273,736,911,1587,309,519,114,589,497,82,270,610,363,111,404,219,429,526,355,558,214,391
798,751,359,157,951,186,858,296,311,393,740,1008,773,621,499,519,651,1410,908,111,496,895,542,355,602,219,598,465,458,1161,1353,2335,462,854,201,982,858,161,423,934,614,178,680,338,757,817,563,922,348,615
368,272,117,53,322,71,317,100,105,144,285,398,621,99,159,181,232,593,315,42,179,299,194,144,201,86,197,133,156,371,521,938,169,277,71,334,329,54,163,335,193,64,251,123,244,296,189,324,116,218
313,208,92,51,276,64,272,81,86,131,229,271,499,159,69,131,193,501,238,45,128,295,166,133,159,85,189,101,155,347,387,748,140,263,68,275,267,51,139,265,175,56,187,107,226,242,171,277,94,178
341,226,106,42,283,68,303,92,94,127,252,286,519,181,131,74,236,552,296,33,144,290,190,127,175,79,185,103,149,349,425,846,153,237,61,291,260,42,140,296,188,59,210,114,237,284,185,284,99,193
371,291,144,54,375,69,328,109,119,168,320,417,651,232,193,236,139,662,326,38,190,372,179,138,231,83,235,163,159,426,546,1007,214,300,82,408,333,56,181,391,237,55,277,120,283,352,235,381,144,250
811,776,366,147,939,197,885,289,313,372,757,961,1410,593,501,552,662,767,912,111,492,918,517,372,658,263,632,445,445,1058,1316,2322,450,864,194,1030,888,165,439,946,611,172,641,323,738,779,550,900,328,592
452,447,219,69,521,104,467,138,159,198,442,579,908,315,238,296,326,912,237,76,303,472,269,206,308,129,328,221,251,638,773,1370,280,455,101,495,430,94,229,512,318,93,375,173,404,480,317,479,173,337
50,55,28,9,50,20,59,24,20,24,59,81,111,42,45,33,38,111,76,6,37,79,46,38,48,22,61,30,35,81,92,177,33,62,11,58,62,7,28,52,39,12,43,22,59,58,32,63,33,37
290,229,102,56,324,71,273,60,87,118,268,285,496,179,128,144,190,492,303,37,62,293,157,104,174,80,193,121,137,325,427,808,160,272,65,270,268,44,130,281,183,65,216,99,201,256,161,286,98,204
499,457,217,76,540,102,467,159,181,218,462,607,895,299,295,290,372,918,472,79,293,253,320,208,329,145,357,214,266,667,763,1418,294,446,111,529,452,97,257,487,343,87,391,183,404,459,350,511,170,370
356,236,108,49,294,71,281,106,108,132,235,334,542,194,166,190,179,517,269,46,157,320,81,120,186,72,183,154,153,377,453,872,176,290,68,287,286,53,141,328,208,51,227,116,239,291,187,306,130,173
193,152,88,25,218,38,207,64,76,97,170,228,355,144,133,127,138,372,206,38,104,208,120,39,132,52,131,105,110,235,300,544,115,176,43,209,192,29,89,197,131,49,175,88,167,193,131,218,85,143
376,257,125,65,351,82,299,98,116,148,273,346,602,201,159,175,231,658,308,48,174,329,186,132,101,83,223,155,160,442,500,912,181,341,84,331,329,65,151,356,213,65,257,128,230,296,187,315,130,226
157,96,62,18,130,25,119,41,46,56,122,138,219,86,85,79,83,263,129,22,80,145,72,52,83,18,72,73,77,179,212,320,79,120,27,119,122,25,57,146,94,35,104,63,118,86,88,149,61,96
375,274,151,52,347,81,332,95,107,125,286,365,598,197,189,185,235,632,328,61,193,357,183,131,223,72,109,194,170,434,552,921,189,325,79,346,292,65,170,346,233,86,264,127,284,293,220,366,152,249
263,220,74,43,230,43,207,68,80,105,206,284,465,133,101,103,163,445,221,30,121,214,154,105,155,73,194,50,118,295,342,665,125,221,56,256,236,37,107,235,140,50,182,83,207,203,133,222,98,183
299,206,111,43,225,64,242,70,65,99,231,273,458,156,155,149,159,445,251,35,137,266,153,110,160,77,170,118,77,296,415,688,135,217,48,231,241,44,111,258,157,59,226,99,198,223,148,277,89,179
621,533,233,115,623,143,625,191,190,252,573,736,1161,371,347,349,426,1058,638,81,325,667,377,235,442,179,434,295,296,388,952,1725,345,593,146,660,589,119,319,664,437,145,464,220,525,589,417,628,242,408
702,655,331,111,778,167,700,223,274,293,671,911,1353,521,387,425,546,1316,773,92,427,763,453,300,500,212,552,342,415,952,564,1998,385,671,161,823,671,122,388,770,524,160,569,307,627,710,465,811,263,520
1183,1191,574,223,1417,288,1339,424,447,556,1172,1587,2335,938,748,846,1007,2322,1370,177,808,1418,872,544,912,320,921,665,688,1725,1998,1865,711,1342,315,1535,1356,236,692,1428,925,258,1024,555,1130,1276,869,1404,502,965
258,247,117,49,260,61,254,82,92,104,218,309,462,169,140,153,214,450,280,33,160,294,176,115,181,79,189,125,135,345,385,711,69,238,59,295,248,44,136,259,197,56,194,96,227,242,156,309,110,188
488,426,192,82,450,93,461,122,161,210,403,519,854,277,263,237,300,864,455,62,272,446,290,176,341,120,325,221,217,593,671,1342,238,201,120,486,420,83,209,511,276,83,312,180,395,395,316,482,172,298
114,92,36,20,129,28,128,42,42,44,86,114,201,71,68,61,82,194,101,11,65,111,68,43,84,27,79,56,48,146,161,315,59,120,10,117,107,17,63,113,84,27,67,42,82,95,73,117,37,79
532,452,208,82,547,127,466,170,154,229,461,589,982,334,275,291,408,1030,495,58,270,529,287,209,331,119,346,256,231,660,823,1535,295,486,117,290,471,101,275,563,376,99,420,211,404,475,323,532,200,407
488,378,191,66,472,97,440,130,158,174,372,497,858,329,267,260,333,888,430,62,268,452,286,192,329,122,292,236,241,589,671,1356,248,420,107,471,195,72,228,467,309,103,343,208,367,421,328,503,170,323
83,74,25,13,90,21,70,27,32,27,70,82,161,54,51,42,56,165,94,7,44,97,53,29,65,25,65,37,44,119,122,236,44,83,17,101,72,7,42,97,56,19,81,39,74,76,55,81,30,67
255,186,112,42,254,40,202,71,76,125,206,270,423,163,139,140,181,439,229,28,130,257,141,89,151,57,170,107,111,319,388,692,136,209,63,275,228,42,51,277,174,48,169,91,186,240,148,267,91,174
482,485,225,78,537,108,494,179,173,187,448,610,934,335,265,296,391,946,512,52,281,487,328,197,356,146,346,235,258,664,770,1428,259,511,113,563,467,97,277,256,331,111,399,219,416,471,292,555,200,352
305,301,138,51,322,71,332,98,97,122,275,363,614,193,175,188,237,611,318,39,183,343,208,131,213,94,233,140,157,437,524,925,197,276,84,376,309,56,174,331,121,72,253,127,264,296,198,347,123,212
103,93,46,18,108,29,84,30,32,47,80,111,178,64,56,59,55,172,93,12,65,87,51,49,65,35,86,50,59,145,160,258,56,83,27,99,103,19,48,111,72,6,62,49,82,108,63,96,42,76
398,299,149,51,348,63,347,116,127,145,291,404,680,251,187,210,277,641,375,43,216,391,227,175,257,104,264,182,226,464,569,1024,194,312,67,420,343,81,169,399,253,62,136,128,301,378,233,377,126,277
150,157,61,32,189,41,183,62,66,79,163,219,338,123,107,114,120,323,173,22,99,183,116,88,128,63,127,83,99,220,307,555,96,180,42,211,208,39,91,219,127,49,128,47,161,164,116,195,75,137
444,327,172,77,433,92,372,120,140,163,335,429,757,244,226,237,283,738,404,59,201,404,239,167,230,118,284,207,198,525,627,1130,227,395,82,404,367,74,186,416,264,82,301,161,157,384,251,424,156,262
404,407,189,71,479,77,430,148,148,164,416,526,817,296,242,284,352,779,480,58,256,459,291,193,296,86,293,203,223,589,710,1276,242,395,95,475,421,76,240,471,296,108,378,164,384,213,301,509,156,288
327,294,136,62,324,77,309,98,110,117,250,355,563,189,171,185,235,550,317,32,161,350,187,131,187,88,220,133,148,417,465,869,156,316,73,323,328,55,148,292,198,63,233,116,251,301,82,344,114,205
459,440,210,81,539,94,520,179,193,204,441,558,922,324,277,284,381,900,479,63,286,511,306,218,315,149,366,222,277,628,811,1404,309,482,117,532,503,81,267,555,347,96,377,195,424,509,344,270,204,366
169,160,60,30,206,41,172,61,65,76,127,214,348,116,94,99,144,328,173,33,98,170,130,85,130,61,152,98,89,242,263,502,110,172,37,200,170,30,91,200,123,42,126,75,156,156,114,204,38,127
380,298,127,55,320,75,325,83,114,152,275,391,615,218,178,193,250,592,337,37,204,370,173,143,226,96,249,183,179,408,520,965,188,298,79,407,323,67,174,352,212,76,277,137,262,288,205,366,127,111
