258,448,211,77,532,102,434,180,161,224,417,519,810,352,319,329,373,810,493,71,322,508,318,213,369,156,380,295,286,614,670,1173,241,483,121,525,485,97,268,472,348,121,384,163,449,404,352,494,157,378
448,198,158,63,446,104,399,106,153,170,357,479,780,255,193,205,303,802,463,45,230,440,286,164,266,113,274,186,213,563,679,1241,261,398,97,450,379,97,186,469,259,103,376,156,319,404,241,446,152,278
211,158,40,34,213,37,186,51,73,85,173,213,349,140,120,105,159,377,188,22,107,198,113,70,116,43,123,96,105,239,290,576,119,177,52,198,193,44,97,217,152,31,166,59,136,177,117,214,79,120
77,63,34,8,99,26,91,31,26,45,67,93,138,61,46,54,59,146,80,11,49,85,51,43,61,27,64,44,47,120,133,208,43,72,21,90,71,19,48,91,74,14,68,37,83,77,61,79,25,59
532,446,213,99,248,117,466,163,156,200,392,562,934,308,245,263,356,950,524,58,270,522,301,175,341,125,336,228,267,623,787,1462,281,448,107,579,496,97,237,549,329,97,427,195,418,469,305,494,190,350
102,104,37,26,117,9,102,31,31,49,100,125,178,78,61,68,81,185,117,15,68,117,76,58,79,34,82,48,63,152,162,264,50,95,28,125,99,24,62,127,80,20,77,54,95,89,75,108,35,81
434,399,186,91,466,102,222,154,135,177,354,555,888,292,244,270,329,894,477,75,272,471,284,169,333,127,307,222,258,660,710,1309,271,466,119,524,455,97,255,503,303,97,395,175,386,449,299,478,190,333
180,106,51,31,163,31,154,19,43,70,121,156,290,93,78,82,116,286,136,19,70,147,97,52,83,35,93,72,67,176,234,442,88,140,34,168,141,26,63,144,90,26,122,56,109,148,102,160,59,100
161,153,73,26,156,31,135,43,32,67,123,186,296,93,95,106,122,301,172,29,84,151,97,45,100,28,91,65,70,212,245,479,92,136,39,166,144,31,65,181,119,36,129,61,94,144,110,157,71,84
224,170,85,45,200,49,177,70,67,47,163,221,354,142,117,137,145,373,209,30,103,222,123,83,136,58,139,111,112,270,291,545,129,188,55,200,173,39,106,173,133,45,158,83,174,196,141,217,63,142
417,357,173,67,392,100,354,121,123,163,187,464,765,261,228,262,296,743,425,59,220,432,264,159,282,109,290,210,215,559,605,1124,231,387,99,463,364,72,211,422,280,92,326,125,335,339,270,432,140,296
519,479,213,93,562,125,555,156,186,221,464,308,998,332,283,339,426,1021,590,78,302,622,316,220,343,124,331,235,266,701,874,1628,292,545,129,622,543,101,288,609,379,127,427,228,440,522,346,619,193,380
810,780,349,138,934,178,888,290,296,354,765,998,842,587,474,513,622,1425,924,125,482,934,530,346,584,212,573,411,444,1146,1369,2401,483,845,229,955,876,156,445,910,573,207,686,348,716,865,584,919,354,651
352,255,140,61,308,78,292,93,93,142,261,332,587,114,171,210,227,594,322,35,170,327,186,124,203,84,203,139,173,426,442,871,180,303,88,303,303,53,176,338,200,57,270,127,254,296,207,346,116,213
319,193,120,46,245,61,244,78,95,117,228,283,474,171,62,138,207,475,275,33,126,273,157,104,191,63,154,116,140,333,391,765,148,236,63,260,251,34,130,265,168,51,245,105,208,231,136,314,83,169
329,205,105,54,263,68,270,82,106,137,262,339,513,210,138,83,213,527,275,31,155,289,192,123,207,60,165,102,153,375,434,828,172,266,62,285,278,46,134,298,181,62,251,97,235,257,181,297,107,219
373,303,159,59,356,81,329,116,122,145,296,426,622,227,207,213,123,629,380,39,195,339,190,142,233,89,231,167,185,411,519,937,181,375,83,383,323,66,172,372,251,68,261,136,304,349,260,374,128,248
810,802,377,146,950,185,894,286,301,373,743,1021,1425,594,475,527,629,762,909,126,495,963,528,344,596,246,626,436,447,1111,1365,2419,461,855,184,956,874,151,450,944,594,188,676,330,725,845,580,914,331,581
493,463,188,80,524,117,477,136,172,209,425,590,924,322,275,275,380,909,249,63,249,483,304,185,343,123,319,231,282,648,745,1475,270,497,125,538,452,91,225,574,334,94,410,184,385,450,321,497,191,362
71,45,22,11,58,15,75,19,29,30,59,78,125,35,33,31,39,126,63,4,36,64,32,22,43,11,30,21,35,78,98,185,41,57,12,57,57,7,35,66,43,11,57,30,52,48,47,71,31,35
322,230,107,49,270,68,272,70,84,103,220,302,482,170,126,155,195,495,249,36,71,290,151,127,168,68,168,154,143,364,399,805,154,246,61,277,245,38,131,302,197,47,229,111,228,273,164,304,97,178
508,440,198,85,522,117,471,147,151,222,432,622,934,327,273,289,339,963,483,64,290,261,290,206,348,125,329,219,271,665,738,1441,271,498,124,547,482,80,234,550,339,107,448,181,415,483,336,519,192,363
318,286,113,51,301,76,284,97,97,123,264,316,530,186,157,192,190,528,304,32,151,290,88,112,190,92,205,146,144,328,436,851,159,290,74,296,290,41,131,331,183,57,227,112,239,287,181,305,112,188
213,164,70,43,175,58,169,52,45,83,159,220,346,124,104,123,142,344,185,22,127,206,112,38,124,50,139,94,98,263,281,525,106,204,42,224,187,30,87,186,126,31,182,80,146,163,117,206,66,133
369,266,116,61,341,79,333,83,100,136,282,343,584,203,191,207,233,596,343,43,168,348,190,124,101,76,223,151,164,426,490,959,170,325,62,346,319,53,157,348,203,75,266,107,264,298,174,361,128,227
156,113,43,27,125,34,127,35,28,58,109,124,212,84,63,60,89,246,123,11,68,125,92,50,76,12,78,54,61,165,197,365,89,131,25,151,102,15,49,137,88,19,112,31,104,126,81,128,42,87
380,274,123,64,336,82,307,93,91,139,290,331,573,203,154,165,231,626,319,30,168,329,205,139,223,78,115,151,166,405,503,994,193,323,78,346,321,54,143,348,204,64,278,119,265,285,202,353,121,230
295,186,96,44,228,48,222,72,65,111,210,235,411,139,116,102,167,436,231,21,154,219,146,94,151,54,151,52,112,271,353,719,136,195,52,237,199,30,112,249,148,49,175,83,194,225,145,245,88,164
286,213,105,47,267,63,258,67,70,112,215,266,444,173,140,153,185,447,282,35,143,271,144,98,164,61,166,112,53,316,369,712,127,264,54,262,243,43,111,276,177,46,204,88,193,234,164,245,110,143
614,563,239,120,623,152,660,176,212,270,559,701,1146,426,333,375,411,1111,648,78,364,665,328,263,426,165,405,271,316,390,980,1772,365,582,134,666,637,104,312,679,443,115,513,252,507,582,425,678,226,420
670,679,290,133,787,162,710,234,245,291,605,874,1369,442,391,434,519,1365,745,98,399,738,436,281,490,197,503,353,369,980,611,2086,390,727,167,771,746,132,346,826,504,172,579,290,584,675,522,769,292,511
1173,1241,576,208,1462,264,1309,442,479,545,1124,1628,2401,871,765,828,937,2419,1475,185,805,1441,851,525,959,365,994,719,712,1772,2086,1865,745,1327,331,1507,1281,239,726,1481,899,311,1051,549,1138,1306,937,1401,490,939
241,261,119,43,281,50,271,88,92,129,231,292,483,180,148,172,181,461,270,41,154,271,159,106,170,89,193,136,127,365,390,745,80,245,62,293,249,41,147,261,191,60,199,112,228,257,168,276,105,184
483,398,177,72,448,95,466,140,136,188,387,545,845,303,236,266,375,855,497,57,246,498,290,204,325,131,323,195,264,582,727,1327,245,219,113,522,425,80,242,515,290,89,382,176,376,417,290,498,185,334
121,97,52,21,107,28,119,34,39,55,99,129,229,88,63,62,83,184,125,12,61,124,74,42,62,25,78,52,54,134,167,331,62,113,8,132,112,22,46,127,74,25,72,31,82,108,76,123,39,76
525,450,198,90,579,125,524,168,166,200,463,622,955,303,260,285,383,956,538,57,277,547,296,224,346,151,346,237,262,666,771,1507,293,522,132,284,460,97,290,586,353,116,404,175,462,452,320,569,184,385
485,379,193,71,496,99,455,141,144,173,364,543,876,303,251,278,323,874,452,57,245,482,290,187,319,102,321,199,243,637,746,1281,249,425,112,460,208,81,248,521,320,100,400,164,349,423,287,494,169,324
97,97,44,19,97,24,97,26,31,39,72,101,156,53,34,46,66,151,91,7,38,80,41,30,53,15,54,30,43,104,132,239,41,80,22,97,81,11,38,85,65,10,52,25,67,84,61,98,23,60
268,186,97,48,237,62,255,63,65,106,211,288,445,176,130,134,172,450,225,35,131,234,131,87,157,49,143,112,111,312,346,726,147,242,46,290,248,38,53,266,160,47,199,95,187,229,167,291,91,162
472,469,217,91,549,127,503,144,181,173,422,609,910,338,265,298,372,944,574,66,302,550,331,186,348,137,348,249,276,679,826,1481,261,515,127,586,521,85,266,284,347,109,422,215,424,519,339,569,210,346
348,259,152,74,329,80,303,90,119,133,280,379,573,200,168,181,251,594,334,43,197,339,183,126,203,88,204,148,177,443,504,899,191,290,74,353,320,65,160,347,114,62,275,117,270,319,201,329,130,239
121,103,31,14,97,20,97,26,36,45,92,127,207,57,51,62,68,188,94,11,47,107,57,31,75,19,64,49,46,115,172,311,60,89,25,116,100,10,47,109,62,7,86,37,73,114,61,113,40,71
384,376,166,68,427,77,395,122,129,158,326,427,686,270,245,251,261,676,410,57,229,448,227,182,266,112,278,175,204,513,579,1051,199,382,72,404,400,52,199,422,275,86,164,124,327,337,250,414,121,267
163,156,59,37,195,54,175,56,61,83,125,228,348,127,105,97,136,330,184,30,111,181,112,80,107,31,119,83,88,252,290,549,112,176,31,175,164,25,95,215,117,37,124,31,128,184,117,203,67,120
449,319,136,83,418,95,386,109,94,174,335,440,716,254,208,235,304,725,385,52,228,415,239,146,264,104,265,194,193,507,584,1138,228,376,82,462,349,67,187,424,270,73,327,128,164,357,238,409,146,275
404,404,177,77,469,89,449,148,144,196,339,522,865,296,231,257,349,845,450,48,273,483,287,163,298,126,285,225,234,582,675,1306,257,417,108,452,423,84,229,519,319,114,337,184,357,223,296,480,155,321
352,241,117,61,305,75,299,102,110,141,270,346,584,207,136,181,260,580,321,47,164,336,181,117,174,81,202,145,164,425,522,937,168,290,76,320,287,61,167,339,201,61,250,117,238,296,83,382,105,209
494,446,214,79,494,108,478,160,157,217,432,619,919,346,314,297,374,914,497,71,304,519,305,206,361,128,353,245,245,678,769,1401,276,498,123,569,494,98,291,569,329,113,414,203,409,480,382,251,177,365
157,152,79,25,190,35,190,59,71,63,140,193,354,116,83,107,128,331,191,31,97,192,112,66,128,42,121,88,110,226,292,490,105,185,39,184,169,23,91,210,130,40,121,67,146,155,105,177,33,120
378,278,120,59,350,81,333,100,84,142,296,380,651,213,169,219,248,581,362,35,178,363,188,133,227,87,230,164,143,420,511,939,184,334,76,385,324,60,162,346,239,71,267,120,275,321,209,365,120,133
