264,450,226,86,527,100,451,184,155,242,426,523,831,365,301,329,364,812,482,72,334,530,351,222,353,158,400,261,308,622,717,1129,232,488,107,537,481,94,259,509,334,104,391,181,423,394,312,498,165,386
450,191,169,75,437,100,409,117,129,175,382,477,787,270,223,243,307,799,413,58,213,422,249,161,284,103,287,186,207,550,694,1251,268,385,97,460,406,53,224,472,295,88,337,157,338,404,267,466,185,276
226,169,33,41,209,51,201,73,69,89,187,199,374,145,89,100,145,383,194,16,117,207,122,81,122,56,149,87,111,239,321,594,101,198,41,184,199,37,111,216,125,46,143,70,162,185,119,198,85,142
86,75,41,7,78,16,86,21,32,33,73,107,148,70,56,48,59,133,75,11,54,100,57,41,56,25,54,41,61,100,140,249,47,72,17,96,81,17,38,78,47,18,59,28,87,74,53,84,34,71
527,437,209,78,238,105,493,149,173,213,424,559,870,334,254,292,330,921,480,65,269,509,273,205,333,131,346,254,242,651,746,1429,253,465,138,579,475,98,261,551,354,114,396,215,398,512,340,518,194,357
100,100,51,16,105,11,111,34,37,50,108,132,183,79,64,80,87,176,109,16,85,112,70,53,70,33,71,62,58,143,162,279,53,94,22,123,82,20,50,116,77,24,63,45,88,98,69,108,43,89
451,409,201,86,493,111,228,137,146,194,427,569,838,325,250,246,352,828,516,57,289,523,286,194,322,126,320,244,248,596,778,1299,254,450,95,508,461,84,236,527,303,81,360,173,401,482,334,483,184,324
184,117,73,21,149,34,137,29,53,65,131,187,280,88,74,81,114,279,163,24,78,185,90,60,97,33,93,70,67,166,220,441,77,156,44,141,153,29,69,140,87,35,121,43,109,136,85,148,56,108
155,129,69,32,173,37,146,53,30,64,128,190,304,77,83,85,123,269,167,24,83,172,92,60,92,44,103,81,77,200,225,487,104,155,43,168,154,31,72,156,96,31,105,53,123,132,95,171,57,97
242,175,89,33,213,50,194,65,64,50,171,211,391,139,114,114,144,411,203,25,123,215,150,79,125,57,140,108,113,239,303,547,103,184,41,202,199,40,114,219,136,46,159,80,164,193,142,229,80,131
426,382,187,73,424,108,427,131,128,171,183,470,835,282,233,240,295,774,433,61,250,438,270,162,281,133,292,240,214,512,639,1129,230,388,90,430,394,65,202,438,309,80,344,151,312,437,288,437,138,249
523,477,199,107,559,132,569,187,190,211,470,309,1004,363,281,299,400,962,548,65,324,579,322,229,393,142,401,249,276,713,866,1559,263,538,140,597,519,94,296,627,395,120,424,206,444,518,321,599,208,393
831,787,374,148,870,183,838,280,304,391,835,1004,802,620,465,512,604,1446,879,110,519,887,529,329,578,251,655,424,462,1142,1351,2347,462,777,202,952,861,154,453,943,594,179,666,337,720,816,574,930,333,633
365,270,145,70,334,79,325,88,77,139,282,363,620,103,164,188,248,603,327,31,186,319,190,132,235,75,200,177,170,405,523,949,176,323,73,379,313,65,168,335,206,69,265,123,297,312,217,331,121,215
301,223,89,56,254,64,250,74,83,114,233,281,465,164,61,140,198,470,257,27,146,281,145,123,152,75,191,124,130,311,387,734,145,281,61,286,273,50,143,259,151,60,212,105,221,237,187,265,105,188
329,243,100,48,292,80,246,81,85,114,240,299,512,188,140,78,207,538,263,28,171,290,162,117,197,57,181,118,115,340,421,777,154,256,75,303,267,46,140,287,179,60,228,101,227,260,212,311,120,179
364,307,145,59,330,87,352,114,123,144,295,400,604,248,198,207,130,634,360,52,207,359,186,144,242,102,253,188,192,437,536,1010,200,329,80,395,333,67,175,418,254,79,284,137,292,339,233,335,129,246
812,799,383,133,921,176,828,279,269,411,774,962,1446,603,470,538,634,790,913,106,497,929,536,330,581,240,612,432,454,1146,1368,2385,476,822,197,930,867,151,473,954,556,175,660,339,748,861,583,884,297,646
482,413,194,75,480,109,516,163,167,203,433,548,879,327,257,263,360,913,267,78,264,473,266,200,330,127,340,235,242,614,743,1448,266,469,116,549,464,84,267,540,318,111,416,227,405,483,310,533,196,349
72,58,16,11,65,16,57,24,24,25,61,65,110,31,27,28,52,106,78,4,34,73,34,23,40,15,42,24,30,81,97,177,35,65,12,87,54,16,34,57,39,14,57,25,48,68,38,70,28,41
334,213,117,54,269,85,289,78,83,123,250,324,519,186,146,171,207,497,264,34,56,289,156,120,169,79,181,135,129,336,434,784,147,232,66,285,275,47,156,310,184,43,207,100,215,237,170,288,99,181
530,422,207,100,509,112,523,185,172,215,438,579,887,319,281,290,359,929,473,73,289,273,289,204,350,132,352,254,249,620,806,1456,285,499,114,565,483,87,273,567,332,91,429,209,435,508,341,522,199,339
351,249,122,57,273,70,286,90,92,150,270,322,529,190,145,162,186,536,266,34,156,289,82,133,183,100,202,125,145,367,427,799,172,297,71,281,286,55,157,343,189,64,228,116,230,307,199,308,120,200
222,161,81,41,205,53,194,60,60,79,162,229,329,132,123,117,144,330,200,23,120,204,133,34,122,63,124,95,95,265,299,546,108,185,47,236,162,42,103,201,129,38,159,73,138,188,119,213,75,132
353,284,122,56,333,70,322,97,92,125,281,393,578,235,152,197,242,581,330,40,169,350,183,122,78,94,219,128,153,445,486,942,162,312,62,347,295,61,175,350,212,60,290,103,250,317,197,355,108,213
158,103,56,25,131,33,126,33,44,57,133,142,251,75,75,57,102,240,127,15,79,132,100,63,94,19,85,57,57,155,206,372,79,112,38,129,117,23,63,141,85,34,114,48,123,120,78,133,60,105
400,287,149,54,346,71,320,93,103,140,292,401,655,200,191,181,253,612,340,42,181,352,202,124,219,85,108,148,165,428,522,1003,179,302,72,373,310,60,177,365,216,68,291,110,290,303,207,361,141,238
261,186,87,41,254,62,244,70,81,108,240,249,424,177,124,118,188,432,235,24,135,254,125,95,128,57,148,44,120,292,370,635,128,215,46,251,220,40,132,272,150,41,204,87,192,209,157,247,96,162
308,207,111,61,242,58,248,67,77,113,214,276,462,170,130,115,192,454,242,30,129,249,145,95,153,57,165,120,67,306,384,745,134,235,60,282,245,35,125,286,142,51,207,95,197,249,162,290,105,167
622,550,239,100,651,143,596,166,200,239,512,713,1142,405,311,340,437,1146,614,81,336,620,367,265,445,155,428,292,306,437,935,1785,302,582,167,654,585,110,307,722,426,134,492,251,516,550,392,654,254,413
717,694,321,140,746,162,778,220,225,303,639,866,1351,523,387,421,536,1368,743,97,434,806,427,299,486,206,522,370,384,935,585,2079,394,737,191,768,731,133,341,788,527,148,557,267,619,695,465,766,270,485
1129,1251,594,249,1429,279,1299,441,487,547,1129,1559,2347,949,734,777,1010,2385,1448,177,784,1456,799,546,942,372,1003,635,745,1785,2079,1906,726,1233,290,1534,1322,243,705,1482,910,335,1028,530,1151,1256,896,1398,455,988
232,268,101,47,253,53,254,77,104,103,230,263,462,176,145,154,200,476,266,35,147,285,172,108,162,79,179,128,134,302,394,726,67,260,59,300,259,45,115,289,180,59,185,100,219,274,177,269,86,205
488,385,198,72,465,94,450,156,155,184,388,538,777,323,281,256,329,822,469,65,232,499,297,185,312,112,302,215,235,582,737,1233,260,219,99,518,467,82,263,500,320,94,352,164,394,443,309,540,179,319
107,97,41,17,138,22,95,44,43,41,90,140,202,73,61,75,80,197,116,12,66,114,71,47,62,38,72,46,60,167,191,290,59,99,9,130,111,17,81,119,86,12,84,44,77,117,60,121,37,74
537,460,184,96,579,123,508,141,168,202,430,597,952,379,286,303,395,930,549,87,285,565,281,236,347,129,373,251,282,654,768,1534,300,518,130,268,546,95,250,589,349,115,416,206,453,470,338,550,198,306
481,406,199,81,475,82,461,153,154,199,394,519,861,313,273,267,333,867,464,54,275,483,286,162,295,117,310,220,245,585,731,1322,259,467,111,546,204,76,242,493,314,96,376,172,390,464,286,530,189,297
94,53,37,17,98,20,84,29,31,40,65,94,154,65,50,46,67,151,84,16,47,87,55,42,61,23,60,40,35,110,133,243,45,82,17,95,76,6,46,91,61,14,75,33,75,81,60,93,32,61
259,224,111,38,261,50,236,69,72,114,202,296,453,168,143,140,175,473,267,34,156,273,157,103,175,63,177,132,125,307,341,705,115,263,81,250,242,46,56,243,166,58,192,89,191,240,158,253,88,163
509,472,216,78,551,116,527,140,156,219,438,627,943,335,259,287,418,954,540,57,310,567,343,201,350,141,365,272,286,722,788,1482,289,500,119,589,493,91,243,301,357,105,396,210,420,531,312,566,200,363
334,295,125,47,354,77,303,87,96,136,309,395,594,206,151,179,254,556,318,39,184,332,189,129,212,85,216,150,142,426,527,910,180,320,86,349,314,61,166,357,110,63,265,133,284,317,199,338,116,240
104,88,46,18,114,24,81,35,31,46,80,120,179,69,60,60,79,175,111,14,43,91,64,38,60,34,68,41,51,134,148,335,59,94,12,115,96,14,58,105,63,10,75,40,75,101,57,121,39,71
391,337,143,59,396,63,360,121,105,159,344,424,666,265,212,228,284,660,416,57,207,429,228,159,290,114,291,204,207,492,557,1028,185,352,84,416,376,75,192,396,265,75,133,163,331,384,258,374,139,249
181,157,70,28,215,45,173,43,53,80,151,206,337,123,105,101,137,339,227,25,100,209,116,73,103,48,110,87,95,251,267,530,100,164,44,206,172,33,89,210,133,40,163,30,133,189,107,208,66,124
423,338,162,87,398,88,401,109,123,164,312,444,720,297,221,227,292,748,405,48,215,435,230,138,250,123,290,192,197,516,619,1151,219,394,77,453,390,75,191,420,284,75,331,133,184,390,270,426,150,260
394,404,185,74,512,98,482,136,132,193,437,518,816,312,237,260,339,861,483,68,237,508,307,188,317,120,303,209,249,550,695,1256,274,443,117,470,464,81,240,531,317,101,384,189,390,235,309,468,165,301
312,267,119,53,340,69,334,85,95,142,288,321,574,217,187,212,233,583,310,38,170,341,199,119,197,78,207,157,162,392,465,896,177,309,60,338,286,60,158,312,199,57,258,107,270,309,93,335,112,226
498,466,198,84,518,108,483,148,171,229,437,599,930,331,265,311,335,884,533,70,288,522,308,213,355,133,361,247,290,654,766,1398,269,540,121,550,530,93,253,566,338,121,374,208,426,468,335,260,183,343
165,185,85,34,194,43,184,56,57,80,138,208,333,121,105,120,129,297,196,28,99,199,120,75,108,60,141,96,105,254,270,455,86,179,37,198,189,32,88,200,116,39,139,66,150,165,112,183,24,140
386,276,142,71,357,89,324,108,97,131,249,393,633,215,188,179,246,646,349,41,181,339,200,132,213,105,238,162,167,413,485,988,205,319,74,306,297,61,163,363,240,71,249,124,260,301,226,343,140,101
