268,421,203,86,527,107,488,165,142,242,454,462,807,380,336,346,333,769,493,61,291,480,321,194,381,138,386,273,282,584,659,1143,240,458,102,523,475,84,229,439,306,103,368,161,429,400,305,473,175,349
421,156,162,74,427,91,400,132,149,170,354,471,823,285,225,243,296,797,420,49,222,413,242,168,243,109,258,209,221,528,670,1201,251,420,98,413,388,82,219,440,258,92,357,153,384,400,250,450,158,295
203,162,41,45,193,51,200,55,68,82,180,193,323,115,111,110,129,363,181,24,103,192,123,75,139,53,143,80,106,223,298,537,106,180,50,215,175,37,87,214,131,40,156,79,154,173,131,233,81,130
86,74,45,7,74,18,77,26,28,38,65,98,141,52,52,53,68,139,84,9,52,91,53,37,56,18,63,33,53,100,137,224,43,77,13,84,77,10,41,99,65,20,62,33,73,83,48,73,30,58
527,427,193,74,253,92,482,141,170,194,413,540,929,297,265,305,365,862,531,60,310,541,316,188,307,122,310,244,250,625,769,1359,278,473,105,551,455,90,267,518,326,119,411,185,399,475,313,539,173,351
107,91,51,18,92,15,104,38,42,56,94,137,188,75,64,77,78,180,103,16,55,106,64,36,66,24,70,50,65,134,170,301,38,100,25,114,106,23,59,116,71,20,85,47,86,80,67,97,44,70
488,400,200,77,482,104,208,154,177,228,412,551,841,305,281,293,362,831,490,63,277,477,288,187,317,115,320,217,250,602,729,1297,234,460,96,511,459,72,249,474,316,100,392,173,345,413,315,450,168,351
165,132,55,26,141,38,154,16,39,65,134,165,288,82,78,86,108,307,160,17,81,151,86,57,94,45,99,65,101,180,234,438,83,138,42,156,150,21,84,185,98,35,126,57,119,141,91,144,57,131
142,149,68,28,170,42,177,39,26,75,140,194,324,98,99,104,102,314,138,14,112,159,98,77,100,40,107,73,78,222,214,505,108,153,27,138,177,29,72,158,114,37,122,56,130,156,110,178,67,121
242,170,82,38,194,56,228,65,75,41,180,224,390,128,126,138,144,399,210,25,109,228,139,80,161,56,141,98,123,265,313,590,105,214,52,187,197,35,108,223,146,44,170,70,173,193,142,211,74,145
454,354,180,65,413,94,412,134,140,180,178,453,754,278,246,253,305,765,422,45,226,425,263,164,276,110,282,210,197,554,582,1109,225,380,101,425,399,79,209,449,303,82,302,137,345,361,283,438,153,319
462,471,193,98,540,137,551,165,194,224,453,305,1021,346,272,299,373,1030,549,63,271,554,350,214,363,132,374,225,294,698,804,1540,269,564,98,520,539,100,277,608,356,120,404,225,437,494,350,588,203,385
807,823,323,141,929,188,841,288,324,390,754,1021,800,613,496,579,685,1463,913,111,520,936,532,382,597,241,659,417,464,1132,1347,2410,462,847,189,930,803,147,443,993,580,192,686,360,781,867,609,935,318,605
380,285,115,52,297,75,305,82,98,128,278,346,613,109,181,188,237,652,341,46,161,373,200,139,215,78,212,144,164,413,485,937,181,343,78,351,304,50,152,357,216,66,253,116,261,315,212,348,128,247
336,225,111,52,265,64,281,78,99,126,246,272,496,181,65,120,193,485,268,33,158,274,143,117,176,78,165,113,131,306,410,816,154,228,54,289,242,43,138,291,172,52,230,93,216,233,175,295,94,187
346,243,110,53,305,77,293,86,104,138,253,299,579,188,120,75,212,553,303,28,169,298,167,122,193,77,187,97,128,318,452,903,177,269,63,305,261,38,153,305,168,59,249,102,216,277,165,311,106,196
333,296,129,68,365,78,362,108,102,144,305,373,685,237,193,212,116,670,361,44,192,366,207,137,250,96,227,164,163,441,565,1073,209,362,94,399,347,55,174,389,245,82,291,135,275,353,248,387,138,239
769,797,363,139,862,180,831,307,314,399,765,1030,1463,652,485,553,670,790,915,120,487,884,521,364,621,234,679,448,432,1140,1353,2428,480,813,201,947,784,139,457,981,630,218,637,311,734,842,595,961,295,600
493,420,181,84,531,103,490,160,138,210,422,549,913,341,268,303,361,915,267,53,276,480,310,205,339,145,338,236,242,671,747,1413,239,500,132,517,496,89,265,546,328,101,385,184,409,457,327,548,183,334
61,49,24,9,60,16,63,17,14,25,45,63,111,46,33,28,44,120,53,3,37,68,35,31,41,11,41,24,25,87,85,178,42,61,14,72,57,12,19,62,35,14,54,25,55,64,36,69,20,38
291,222,103,52,310,55,277,81,112,109,226,271,520,161,158,169,192,487,276,37,61,291,151,109,175,69,179,133,136,332,399,767,156,247,68,276,263,49,115,303,193,64,220,112,221,273,182,319,111,187
480,413,192,91,541,106,477,151,159,228,425,554,936,373,274,298,366,884,480,68,291,244,302,207,314,131,357,263,244,686,749,1388,288,513,100,552,488,87,245,537,343,83,389,170,409,456,315,566,166,358
321,242,123,53,316,64,288,86,98,139,263,350,532,200,143,167,207,521,310,35,151,302,65,126,188,64,199,131,147,389,434,867,175,280,73,299,279,45,140,282,186,76,241,122,232,308,185,321,117,207
194,168,75,37,188,36,187,57,77,80,164,214,382,139,117,122,137,364,205,31,109,207,126,42,140,54,151,100,91,233,315,589,122,199,46,207,198,36,96,181,116,41,134,64,162,181,135,217,80,141
381,243,139,56,307,66,317,94,100,161,276,363,597,215,176,193,250,621,339,41,175,314,188,140,105,79,222,152,151,409,491,927,187,311,88,342,300,65,159,355,190,78,251,115,262,322,215,343,127,235
138,109,53,18,122,24,115,45,40,56,110,132,241,78,78,77,96,234,145,11,69,131,64,54,79,17,90,48,65,149,198,380,81,104,43,137,125,27,67,137,80,22,83,35,97,121,87,121,52,90
386,258,143,63,310,70,320,99,107,141,282,374,659,212,165,187,227,679,338,41,179,357,199,151,222,90,117,164,160,397,531,983,192,334,94,308,342,64,162,366,192,63,243,113,287,301,215,335,134,232
273,209,80,33,244,50,217,65,73,98,210,225,417,144,113,97,164,448,236,24,133,263,131,100,152,48,164,50,111,278,369,673,126,192,43,213,198,43,107,254,159,54,198,87,193,213,153,246,79,159
282,221,106,53,250,65,250,101,78,123,197,294,464,164,131,128,163,432,242,25,136,244,147,91,151,65,160,111,48,301,399,722,154,251,58,257,235,45,127,289,139,45,187,79,190,234,127,260,97,148
584,528,223,100,625,134,602,180,222,265,554,698,1132,413,306,318,441,1140,671,87,332,686,389,233,409,149,397,278,301,409,956,1708,352,600,146,627,567,119,308,682,406,142,486,266,503,594,407,663,225,412
659,670,298,137,769,170,729,234,214,313,582,804,1347,485,410,452,565,1353,747,85,399,749,434,315,491,198,531,369,399,956,559,2149,429,703,157,796,717,127,362,801,492,149,565,259,611,675,473,786,241,509
1143,1201,537,224,1359,301,1297,438,505,590,1109,1540,2410,937,816,903,1073,2428,1413,178,767,1388,867,589,927,380,983,673,722,1708,2149,1875,716,1277,299,1460,1203,232,696,1484,964,299,1024,543,1087,1257,912,1461,487,933
240,251,106,43,278,38,234,83,108,105,225,269,462,181,154,177,209,480,239,42,156,288,175,122,187,81,192,126,154,352,429,716,64,262,65,295,245,34,116,294,196,52,192,87,247,259,178,269,100,176
458,420,180,77,473,100,460,138,153,214,380,564,847,343,228,269,362,813,500,61,247,513,280,199,311,104,334,192,251,600,703,1277,262,210,100,492,446,92,248,472,310,108,365,164,376,421,313,493,163,325
102,98,50,13,105,25,96,42,27,52,101,98,189,78,54,63,94,201,132,14,68,100,73,46,88,43,94,43,58,146,157,299,65,100,9,134,99,22,65,107,77,27,77,44,109,111,71,104,44,79
523,413,215,84,551,114,511,156,138,187,425,520,930,351,289,305,399,947,517,72,276,552,299,207,342,137,308,213,257,627,796,1460,295,492,134,296,491,91,247,544,347,111,421,205,394,495,322,539,201,345
475,388,175,77,455,106,459,150,177,197,399,539,803,304,242,261,347,784,496,57,263,488,279,198,300,125,342,198,235,567,717,1203,245,446,99,491,221,75,249,476,283,90,347,185,374,466,295,454,153,326
84,82,37,10,90,23,72,21,29,35,79,100,147,50,43,38,55,139,89,12,49,87,45,36,65,27,64,43,45,119,127,232,34,92,22,91,75,7,30,85,49,7,67,36,54,69,47,79,30,60
229,219,87,41,267,59,249,84,72,108,209,277,443,152,138,153,174,457,265,19,115,245,140,96,159,67,162,107,127,308,362,696,116,248,65,247,249,30,67,273,167,58,176,102,223,237,148,265,97,176
439,440,214,99,518,116,474,185,158,223,449,608,993,357,291,305,389,981,546,62,303,537,282,181,355,137,366,254,289,682,801,1484,294,472,107,544,476,85,273,250,352,119,393,199,431,494,315,502,184,380
306,258,131,65,326,71,316,98,114,146,303,356,580,216,172,168,245,630,328,35,193,343,186,116,190,80,192,159,139,406,492,964,196,310,77,347,283,49,167,352,92,63,255,131,238,291,217,328,133,245
103,92,40,20,119,20,100,35,37,44,82,120,192,66,52,59,82,218,101,14,64,83,76,41,78,22,63,54,45,142,149,299,52,108,27,111,90,7,58,119,63,11,90,36,96,84,66,112,44,73
368,357,156,62,411,85,392,126,122,170,302,404,686,253,230,249,291,637,385,54,220,389,241,134,251,83,243,198,187,486,565,1024,192,365,77,421,347,67,176,393,255,90,144,153,307,338,251,385,143,283
161,153,79,33,185,47,173,57,56,70,137,225,360,116,93,102,135,311,184,25,112,170,122,64,115,35,113,87,79,266,259,543,87,164,44,205,185,36,102,199,131,36,153,25,130,181,121,197,69,121
429,384,154,73,399,86,345,119,130,173,345,437,781,261,216,216,275,734,409,55,221,409,232,162,262,97,287,193,190,503,611,1087,247,376,109,394,374,54,223,431,238,96,307,130,160,373,278,437,154,293
400,400,173,83,475,80,413,141,156,193,361,494,867,315,233,277,353,842,457,64,273,456,308,181,322,121,301,213,234,594,675,1257,259,421,111,495,466,69,237,494,291,84,338,181,373,186,334,479,177,298
305,250,131,48,313,67,315,91,110,142,283,350,609,212,175,165,248,595,327,36,182,315,185,135,215,87,215,153,127,407,473,912,178,313,71,322,295,47,148,315,217,66,251,121,278,334,105,326,117,242
473,450,233,73,539,97,450,144,178,211,438,588,935,348,295,311,387,961,548,69,319,566,321,217,343,121,335,246,260,663,786,1461,269,493,104,539,454,79,265,502,328,112,385,197,437,479,326,265,186,339
175,158,81,30,173,44,168,57,67,74,153,203,318,128,94,106,138,295,183,20,111,166,117,80,127,52,134,79,97,225,241,487,100,163,44,201,153,30,97,184,133,44,143,69,154,177,117,186,36,131
349,295,130,58,351,70,351,131,121,145,319,385,605,247,187,196,239,600,334,38,187,358,207,141,235,90,232,159,148,412,509,933,176,325,79,345,326,60,176,380,245,73,283,121,293,298,242,339,131,120
