275,465,204,77,448,107,464,169,174,228,410,482,789,324,290,322,367,805,462,64,329,497,319,196,378,141,365,277,308,589,696,1191,248,447,104,515,458,90,245,460,277,91,376,167,430,399,334,434,169,367
465,184,159,63,425,101,452,129,154,186,389,444,762,275,249,260,356,751,460,46,250,468,249,171,289,94,251,208,193,501,688,1120,223,403,99,452,360,73,208,458,277,78,314,149,346,396,278,441,150,309
204,159,37,35,201,40,160,45,75,64,159,212,361,131,91,112,146,346,211,24,114,210,125,85,116,46,121,89,94,227,308,566,121,177,47,209,170,22,99,185,159,40,135,77,131,202,109,214,81,106
77,63,35,9,87,19,89,32,28,41,69,92,159,70,53,55,54,140,80,13,48,87,66,40,60,28,63,56,51,113,136,229,45,89,18,86,101,13,43,80,43,19,52,32,86,73,52,96,25,56
448,425,201,87,254,107,527,178,185,218,423,562,899,336,302,308,395,902,511,60,265,558,299,212,346,114,326,239,294,602,776,1394,248,473,123,544,517,84,245,545,343,100,383,206,444,461,318,518,189,328
107,101,40,19,107,9,103,49,39,52,101,118,175,94,69,77,82,188,109,13,63,123,82,55,79,35,85,63,61,128,164,308,55,103,23,137,106,16,62,109,69,28,81,51,104,86,68,134,39,73
464,452,160,89,527,103,191,170,155,207,424,522,819,303,296,304,338,818,480,56,285,463,294,183,338,130,338,242,258,585,749,1339,250,431,119,527,424,77,237,511,321,111,375,171,365,468,288,479,151,321
169,129,45,32,178,49,170,21,50,63,138,149,291,99,86,97,105,276,157,18,96,157,92,52,101,43,94,84,70,209,220,446,91,152,38,131,124,22,70,150,106,23,133,51,126,136,102,187,63,92
174,154,75,28,185,39,155,50,25,67,132,175,311,107,90,90,131,293,171,17,91,174,109,67,113,34,95,84,91,228,256,477,88,192,46,188,161,27,86,176,111,41,120,58,132,144,100,177,65,108
228,186,64,41,218,52,207,63,67,51,188,223,373,137,104,106,151,378,183,10,107,192,155,76,161,54,148,94,96,256,307,595,129,235,67,205,207,28,111,210,148,41,160,78,184,189,148,225,85,138
410,389,159,69,423,101,424,138,132,188,199,470,752,290,224,249,342,747,429,39,243,423,282,168,325,126,315,227,233,495,588,1121,227,417,97,452,380,78,217,410,264,78,323,144,376,342,260,449,154,282
482,444,212,92,562,118,522,149,175,223,470,312,1012,366,293,317,404,986,562,65,308,580,347,231,344,152,359,256,274,701,840,1503,294,504,137,569,531,94,269,556,360,106,380,220,457,523,336,580,198,412
789,762,361,159,899,175,819,291,311,373,752,1012,733,560,459,521,633,1378,915,118,487,888,537,335,570,238,618,443,446,1116,1314,2373,469,861,216,1007,800,153,437,890,554,194,664,344,675,805,540,915,321,610
324,275,131,70,336,94,303,99,107,137,290,366,560,102,176,184,214,577,305,35,193,320,192,124,203,106,233,153,162,390,496,932,165,343,63,346,298,61,179,346,205,77,247,135,242,321,203,346,116,192
290,249,91,53,302,69,296,86,90,104,224,293,459,176,62,128,172,480,257,30,148,272,138,104,174,85,176,127,127,325,363,750,128,270,60,231,254,34,133,275,184,54,187,105,193,255,177,267,79,169
322,260,112,55,308,77,304,97,90,106,249,317,521,184,128,79,225,528,277,25,141,332,165,122,195,85,200,134,139,361,424,792,150,271,65,302,269,50,137,311,199,58,226,119,237,268,190,293,102,192
367,356,146,54,395,82,338,105,131,151,342,404,633,214,172,225,128,569,359,49,203,376,227,144,239,100,257,166,193,413,544,978,187,349,75,392,322,73,176,364,228,71,273,133,285,335,228,394,125,230
805,751,346,140,902,188,818,276,293,378,747,986,1378,577,480,528,569,743,875,125,558,891,553,367,581,233,608,422,449,1125,1331,2341,450,843,201,899,812,149,444,872,550,184,696,314,712,782,561,898,327,587
462,460,211,80,511,109,480,157,171,183,429,562,915,305,257,277,359,875,238,70,263,463,304,210,347,143,337,246,272,661,755,1400,265,456,133,509,462,101,262,553,332,93,375,218,408,471,350,512,188,316
64,46,24,13,60,13,56,18,17,10,39,65,118,35,30,25,49,125,70,4,40,74,33,21,36,14,40,29,34,85,99,199,39,49,14,73,63,7,43,63,46,17,45,28,46,55,37,65,18,35
329,250,114,48,265,63,285,96,91,107,243,308,487,193,148,141,203,558,263,40,60,294,147,102,188,68,181,150,141,361,395,802,150,263,62,282,265,46,145,270,194,44,217,103,247,257,179,281,111,223
497,468,210,87,558,123,463,157,174,192,423,580,888,320,272,332,376,891,463,74,294,273,311,214,329,138,360,246,274,647,759,1390,255,485,102,525,491,111,265,524,326,123,388,200,387,469,330,508,166,355
319,249,125,66,299,82,294,92,109,155,282,347,537,192,138,165,227,553,304,33,147,311,88,118,189,96,196,135,163,343,475,820,164,299,60,297,277,49,138,287,191,58,262,117,243,286,167,294,102,224
196,171,85,40,212,55,183,52,67,76,168,231,335,124,104,122,144,367,210,21,102,214,118,30,129,46,123,92,109,258,317,555,112,187,56,207,190,36,88,179,138,37,148,65,144,174,133,213,69,130
378,289,116,60,346,79,338,101,113,161,325,344,570,203,174,195,239,581,347,36,188,329,189,129,106,95,222,140,180,403,469,898,175,330,84,314,278,60,185,340,223,69,253,108,251,309,178,352,125,216
141,94,46,28,114,35,130,43,34,54,126,152,238,106,85,85,100,233,143,14,68,138,96,46,95,16,77,64,66,160,201,362,67,123,32,128,129,16,57,119,99,37,113,55,104,109,94,124,43,79
365,251,121,63,326,85,338,94,95,148,315,359,618,233,176,200,257,608,337,40,181,360,196,123,222,77,90,166,169,420,509,1001,185,311,82,360,297,54,162,336,232,61,264,129,260,320,218,365,109,224
277,208,89,56,239,63,242,84,84,94,227,256,443,153,127,134,166,422,246,29,150,246,135,92,140,64,166,43,135,267,343,651,115,221,50,261,254,41,120,266,150,50,183,103,169,218,152,266,104,152
308,193,94,51,294,61,258,70,91,96,233,274,446,162,127,139,193,449,272,34,141,274,163,109,180,66,169,135,66,306,387,701,136,253,55,292,254,37,112,275,170,60,213,91,208,214,137,287,104,156
589,501,227,113,602,128,585,209,228,256,495,701,1116,390,325,361,413,1125,661,85,361,647,343,258,403,160,420,267,306,379,945,1706,343,563,154,627,573,98,295,678,416,109,448,244,487,583,410,627,202,392
696,688,308,136,776,164,749,220,256,307,588,840,1314,496,363,424,544,1331,755,99,395,759,475,317,469,201,509,343,387,945,551,2052,422,709,172,770,712,129,410,803,505,146,562,284,627,723,473,751,268,554
1191,1120,566,229,1394,308,1339,446,477,595,1121,1503,2373,932,750,792,978,2341,1400,199,802,1390,820,555,898,362,1001,651,701,1706,2052,1825,705,1271,311,1563,1223,235,720,1426,896,269,965,476,1140,1232,859,1424,495,942
248,223,121,45,248,55,250,91,88,129,227,294,469,165,128,150,187,450,265,39,150,255,164,112,175,67,185,115,136,343,422,705,68,268,64,279,247,35,131,257,183,60,199,95,213,238,158,289,99,196
447,403,177,89,473,103,431,152,192,235,417,504,861,343,270,271,349,843,456,49,263,485,299,187,330,123,311,221,253,563,709,1271,268,190,97,505,426,82,241,462,313,104,355,195,415,386,352,484,179,298
104,99,47,18,123,23,119,38,46,67,97,137,216,63,60,65,75,201,133,14,62,102,60,56,84,32,82,50,55,154,172,311,64,97,8,102,93,21,54,111,85,34,91,37,106,107,70,108,50,71
515,452,209,86,544,137,527,131,188,205,452,569,1007,346,231,302,392,899,509,73,282,525,297,207,314,128,360,261,292,627,770,1563,279,505,102,268,505,95,261,556,361,105,399,197,424,509,331,539,212,373
458,360,170,101,517,106,424,124,161,207,380,531,800,298,254,269,322,812,462,63,265,491,277,190,278,129,297,254,254,573,712,1223,247,426,93,505,206,85,206,453,328,105,375,165,368,433,306,468,140,327
90,73,22,13,84,16,77,22,27,28,78,94,153,61,34,50,73,149,101,7,46,111,49,36,60,16,54,41,37,98,129,235,35,82,21,95,85,6,38,78,49,22,63,40,55,61,42,103,36,55
245,208,99,43,245,62,237,70,86,111,217,269,437,179,133,137,176,444,262,43,145,265,138,88,185,57,162,120,112,295,410,720,131,241,54,261,206,38,60,259,173,49,202,88,212,252,164,288,101,160
460,458,185,80,545,109,511,150,176,210,410,556,890,346,275,311,364,872,553,63,270,524,287,179,340,119,336,266,275,678,803,1426,257,462,111,556,453,78,259,280,338,111,388,212,394,486,322,531,165,370
277,277,159,43,343,69,321,106,111,148,264,360,554,205,184,199,228,550,332,46,194,326,191,138,223,99,232,150,170,416,505,896,183,313,85,361,328,49,173,338,96,69,245,130,288,315,220,340,131,213
91,78,40,19,100,28,111,23,41,41,78,106,194,77,54,58,71,184,93,17,44,123,58,37,69,37,61,50,60,109,146,269,60,104,34,105,105,22,49,111,69,10,82,36,95,79,62,99,43,73
376,314,135,52,383,81,375,133,120,160,323,380,664,247,187,226,273,696,375,45,217,388,262,148,253,113,264,183,213,448,562,965,199,355,91,399,375,63,202,388,245,82,146,147,304,332,266,363,134,268
167,149,77,32,206,51,171,51,58,78,144,220,344,135,105,119,133,314,218,28,103,200,117,65,108,55,129,103,91,244,284,476,95,195,37,197,165,40,88,212,130,36,147,38,136,164,126,173,65,143
430,346,131,86,444,104,365,126,132,184,376,457,675,242,193,237,285,712,408,46,247,387,243,144,251,104,260,169,208,487,627,1140,213,415,106,424,368,55,212,394,288,95,304,136,144,394,267,409,137,282
399,396,202,73,461,86,468,136,144,189,342,523,805,321,255,268,335,782,471,55,257,469,286,174,309,109,320,218,214,583,723,1232,238,386,107,509,433,61,252,486,315,79,332,164,394,202,289,503,171,316
334,278,109,52,318,68,288,102,100,148,260,336,540,203,177,190,228,561,350,37,179,330,167,133,178,94,218,152,137,410,473,859,158,352,70,331,306,42,164,322,220,62,266,126,267,289,97,317,122,198
434,441,214,96,518,134,479,187,177,225,449,580,915,346,267,293,394,898,512,65,281,508,294,213,352,124,365,266,287,627,751,1424,289,484,108,539,468,103,288,531,340,99,363,173,409,503,317,245,190,333
169,150,81,25,189,39,151,63,65,85,154,198,321,116,79,102,125,327,188,18,111,166,102,69,125,43,109,104,104,202,268,495,99,179,50,212,140,36,101,165,131,43,134,65,137,171,122,190,34,116
367,309,106,56,328,73,321,92,108,138,282,412,610,192,169,192,230,587,316,35,223,355,224,130,216,79,224,152,156,392,554,942,196,298,71,373,327,55,160,370,213,73,268,143,282,316,198,333,116,123
