252,444,202,80,504,98,475,181,186,233,469,479,841,391,286,330,341,846,473,64,366,494,338,222,362,162,376,266,282,621,724,1185,252,491,113,536,468,85,234,484,287,99,348,176,437,404,323,513,186,391
444,185,163,65,433,99,396,128,150,179,415,460,783,268,226,235,316,780,445,51,243,454,254,166,274,118,310,200,219,547,663,1203,226,381,98,492,384,64,202,446,259,96,295,184,321,389,271,483,166,306
202,163,34,39,194,48,201,67,65,68,176,202,372,118,110,120,144,367,184,24,112,193,127,71,137,53,135,94,102,255,281,577,91,187,39,211,178,31,100,213,143,48,150,82,164,184,135,203,67,138
80,65,39,3,87,21,77,38,28,34,77,93,147,65,44,49,51,149,70,12,54,83,61,29,55,27,66,66,45,102,141,197,46,88,19,78,76,16,35,85,69,15,45,28,65,80,61,77,31,52
504,433,194,87,262,119,503,143,162,229,445,560,913,350,259,263,349,902,504,82,275,488,308,205,350,107,333,268,295,631,728,1393,271,472,102,540,420,98,266,537,319,100,392,200,424,494,319,539,183,348
98,99,48,21,119,16,109,51,42,58,100,91,183,83,75,66,66,191,107,22,76,109,84,43,89,29,86,63,62,138,157,269,62,126,28,112,91,21,56,103,83,23,63,48,100,92,79,104,37,72
475,396,201,77,503,109,237,176,159,203,419,544,854,318,287,273,352,837,474,63,284,510,293,165,306,130,332,268,246,582,694,1300,246,495,110,484,425,87,252,528,304,96,373,181,362,418,311,478,180,356
181,128,67,38,143,51,176,21,46,56,123,175,291,83,82,93,100,277,138,22,81,161,100,61,108,40,99,66,66,181,221,435,85,149,39,142,167,24,65,148,85,31,111,46,119,124,84,170,62,107
186,150,65,28,162,42,159,46,26,63,139,156,279,113,102,94,126,282,183,26,82,194,97,70,114,44,125,81,93,219,246,444,72,183,42,167,134,34,73,200,112,41,142,59,145,165,110,192,61,98
233,179,68,34,229,58,203,56,63,54,171,203,357,139,99,113,147,361,198,35,108,206,125,84,136,74,157,112,119,248,308,565,100,195,48,213,217,25,95,204,117,44,144,91,173,198,125,229,74,141
469,415,176,77,445,100,419,123,139,171,173,456,753,298,231,247,327,717,417,61,246,451,242,182,273,128,317,224,212,530,646,1200,247,421,107,495,373,60,202,477,263,94,300,183,348,423,264,424,158,302
479,460,202,93,560,91,544,175,156,203,456,332,960,349,278,285,377,1026,550,73,286,574,319,216,323,133,368,265,264,710,826,1592,312,478,143,564,530,97,274,580,365,109,411,203,449,516,349,567,193,367
841,783,372,147,913,183,854,291,279,357,753,960,777,588,455,512,650,1477,907,109,524,860,514,332,619,244,649,417,449,1111,1315,2389,509,808,201,999,832,172,457,937,628,182,674,334,759,824,580,960,324,652
391,268,118,65,350,83,318,83,113,139,298,349,588,96,174,165,226,599,334,36,169,323,193,119,207,95,255,152,176,364,534,906,146,305,74,348,309,56,156,366,217,61,247,112,277,287,207,342,126,219
286,226,110,44,259,75,287,82,102,99,231,278,455,174,58,133,178,459,274,35,141,277,147,114,170,68,176,120,136,308,386,718,135,254,52,265,265,36,130,250,172,52,202,112,220,271,183,305,110,171
330,235,120,49,263,66,273,93,94,113,247,285,512,165,133,67,218,555,314,33,159,289,173,113,187,66,190,130,135,336,424,831,176,267,58,283,285,44,146,274,188,60,240,97,238,300,180,338,120,197
341,316,144,51,349,66,352,100,126,147,327,377,650,226,178,218,124,657,321,40,202,378,202,169,238,105,226,175,198,474,568,999,187,323,80,388,327,58,184,380,243,65,287,137,301,333,198,377,117,243
846,780,367,149,902,191,837,277,282,361,717,1026,1477,599,459,555,657,840,919,103,560,811,517,361,559,231,593,420,486,1123,1326,2356,498,804,192,999,841,149,479,948,570,196,699,373,719,832,551,951,332,634
473,445,184,70,504,107,474,138,183,198,417,550,907,334,274,314,321,919,247,69,268,489,297,191,315,144,375,230,262,629,804,1430,282,464,125,499,451,93,227,575,314,100,360,192,403,472,290,530,183,325
64,51,24,12,82,22,63,22,26,35,61,73,109,36,35,33,40,103,69,5,31,53,33,29,24,12,48,37,29,58,96,165,31,53,12,49,64,11,26,70,33,16,46,27,48,68,40,60,29,35
366,243,112,54,275,76,284,81,82,108,246,286,524,169,141,159,202,560,268,31,77,291,150,121,186,74,180,115,130,343,411,851,151,230,64,289,270,44,142,331,190,50,188,75,203,264,164,298,93,218
494,454,193,83,488,109,510,161,194,206,451,574,860,323,277,289,378,811,489,53,291,279,307,184,308,160,396,253,252,617,774,1387,264,497,120,574,458,88,253,551,337,121,367,192,416,479,327,550,179,354
338,254,127,61,308,84,293,100,97,125,242,319,514,193,147,173,202,517,297,33,150,307,93,116,165,72,189,142,152,375,443,844,166,292,65,306,295,47,182,284,173,71,236,100,205,267,170,328,110,218
222,166,71,29,205,43,165,61,70,84,182,216,332,119,114,113,169,361,191,29,121,184,116,35,127,53,149,103,105,271,280,514,113,169,48,209,192,45,91,173,124,32,167,68,160,166,131,209,69,146
362,274,137,55,350,89,306,108,114,136,273,323,619,207,170,187,238,559,315,24,186,308,165,127,106,89,212,160,148,418,493,922,191,313,84,326,293,53,161,333,204,58,258,136,240,275,209,343,127,236
162,118,53,27,107,29,130,40,44,74,128,133,244,95,68,66,105,231,144,12,74,160,72,53,89,18,72,52,65,150,219,372,85,113,30,133,116,26,60,148,74,26,101,37,102,120,96,136,48,97
376,310,135,66,333,86,332,99,125,157,317,368,649,255,176,190,226,593,375,48,180,396,189,149,212,72,109,169,175,422,526,970,180,322,77,319,304,69,142,359,206,65,240,116,274,317,219,368,125,218
266,200,94,66,268,63,268,66,81,112,224,265,417,152,120,130,175,420,230,37,115,253,142,103,160,52,169,57,124,242,378,678,141,249,49,244,245,36,117,230,149,46,183,72,186,235,140,258,90,163
282,219,102,45,295,62,246,66,93,119,212,264,449,176,136,135,198,486,262,29,130,252,152,105,148,65,175,124,64,304,352,675,120,266,51,247,214,38,135,262,180,57,198,99,191,219,168,262,101,188
621,547,255,102,631,138,582,181,219,248,530,710,1111,364,308,336,474,1123,629,58,343,617,375,271,418,150,422,242,304,412,952,1778,340,567,133,670,567,117,329,691,430,132,486,248,515,587,372,704,253,408
724,663,281,141,728,157,694,221,246,308,646,826,1315,534,386,424,568,1326,804,96,411,774,443,280,493,219,526,378,352,952,568,2066,394,740,192,851,706,118,351,804,512,169,582,289,582,707,472,804,318,525
1185,1203,577,197,1393,269,1300,435,444,565,1200,1592,2389,906,718,831,999,2356,1430,165,851,1387,844,514,922,372,970,678,675,1778,2066,1840,718,1285,338,1522,1281,238,689,1444,904,290,1059,511,1116,1269,853,1420,512,883
252,226,91,46,271,62,246,85,72,100,247,312,509,146,135,176,187,498,282,31,151,264,166,113,191,85,180,141,120,340,394,718,72,247,52,302,258,39,121,274,170,46,215,105,212,258,169,265,85,178
491,381,187,88,472,126,495,149,183,195,421,478,808,305,254,267,323,804,464,53,230,497,292,169,313,113,322,249,266,567,740,1285,247,211,94,494,418,99,250,500,327,109,351,168,357,429,314,524,179,311
113,98,39,19,102,28,110,39,42,48,107,143,201,74,52,58,80,192,125,12,64,120,65,48,84,30,77,49,51,133,192,338,52,94,9,115,103,18,79,132,62,25,83,42,90,97,71,112,44,83
536,492,211,78,540,112,484,142,167,213,495,564,999,348,265,283,388,999,499,49,289,574,306,209,326,133,319,244,247,670,851,1522,302,494,115,280,459,88,268,583,335,88,393,211,401,481,308,575,183,369
468,384,178,76,420,91,425,167,134,217,373,530,832,309,265,285,327,841,451,64,270,458,295,192,293,116,304,245,214,567,706,1281,258,418,103,459,221,95,230,456,304,94,344,201,367,431,314,484,169,352
85,64,31,16,98,21,87,24,34,25,60,97,172,56,36,44,58,149,93,11,44,88,47,45,53,26,69,36,38,117,118,238,39,99,18,88,95,6,48,91,59,18,53,35,76,86,60,79,34,46
234,202,100,35,266,56,252,65,73,95,202,274,457,156,130,146,184,479,227,26,142,253,182,91,161,60,142,117,135,329,351,689,121,250,79,268,230,48,62,270,149,45,172,92,207,234,154,267,110,154
484,446,213,85,537,103,528,148,200,204,477,580,937,366,250,274,380,948,575,70,331,551,284,173,333,148,359,230,262,691,804,1444,274,500,132,583,456,91,270,238,358,115,408,204,432,466,312,590,215,364
287,259,143,69,319,83,304,85,112,117,263,365,628,217,172,188,243,570,314,33,190,337,173,124,204,74,206,149,180,430,512,904,170,327,62,335,304,59,149,358,103,70,252,128,262,268,199,335,121,218
99,96,48,15,100,23,96,31,41,44,94,109,182,61,52,60,65,196,100,16,50,121,71,32,58,26,65,46,57,132,169,290,46,109,25,88,94,18,45,115,70,10,73,27,70,97,62,121,35,63
348,295,150,45,392,63,373,111,142,144,300,411,674,247,202,240,287,699,360,46,188,367,236,167,258,101,240,183,198,486,582,1059,215,351,83,393,344,53,172,408,252,73,126,149,313,338,238,394,139,264
176,184,82,28,200,48,181,46,59,91,183,203,334,112,112,97,137,373,192,27,75,192,100,68,136,37,116,72,99,248,289,511,105,168,42,211,201,35,92,204,128,27,149,34,170,181,119,174,71,135
437,321,164,65,424,100,362,119,145,173,348,449,759,277,220,238,301,719,403,48,203,416,205,160,240,102,274,186,191,515,582,1116,212,357,90,401,367,76,207,432,262,70,313,170,159,369,282,460,140,274
404,389,184,80,494,92,418,124,165,198,423,516,824,287,271,300,333,832,472,68,264,479,267,166,275,120,317,235,219,587,707,1269,258,429,97,481,431,86,234,466,268,97,338,181,369,212,280,465,157,321
323,271,135,61,319,79,311,84,110,125,264,349,580,207,183,180,198,551,290,40,164,327,170,131,209,96,219,140,168,372,472,853,169,314,71,308,314,60,154,312,199,62,238,119,282,280,100,305,154,209
513,483,203,77,539,104,478,170,192,229,424,567,960,342,305,338,377,951,530,60,298,550,328,209,343,136,368,258,262,704,804,1420,265,524,112,575,484,79,267,590,335,121,394,174,460,465,305,260,193,365
186,166,67,31,183,37,180,62,61,74,158,193,324,126,110,120,117,332,183,29,93,179,110,69,127,48,125,90,101,253,318,512,85,179,44,183,169,34,110,215,121,35,139,71,140,157,154,193,29,148
391,306,138,52,348,72,356,107,98,141,302,367,652,219,171,197,243,634,325,35,218,354,218,146,236,97,218,163,188,408,525,883,178,311,83,369,352,46,154,364,218,63,264,135,274,321,209,365,148,122
