245,423,207,86,486,91,457,165,188,222,431,488,791,356,323,336,347,803,511,77,320,517,323,192,340,148,359,298,291,583,704,1188,244,461,98,514,486,73,252,464,303,96,387,173,400,408,312,470,171,352
423,164,179,61,427,93,443,111,134,187,381,456,736,314,205,232,286,752,424,39,226,436,281,196,263,105,279,199,246,564,636,1163,224,402,113,432,415,85,204,493,294,88,351,157,360,418,261,465,153,281
207,179,31,39,214,56,204,48,60,90,169,244,375,129,110,109,129,370,197,24,91,197,121,91,119,50,129,116,96,241,304,565,114,181,51,217,187,26,92,239,133,36,147,72,158,182,118,198,83,134
86,61,39,3,98,17,78,21,35,25,57,101,144,57,44,49,58,145,92,12,47,88,55,32,46,25,53,33,43,105,115,212,39,83,20,84,93,14,36,83,57,8,60,23,67,72,56,82,30,49
486,427,214,98,239,119,482,154,143,224,447,551,893,323,247,268,372,908,483,61,281,512,316,209,339,128,339,262,269,638,746,1454,283,460,124,561,471,100,245,547,363,106,377,178,403,503,322,479,169,379
91,93,56,17,119,13,92,30,40,45,100,124,194,78,52,55,72,173,101,12,62,134,75,44,67,30,74,52,70,156,166,260,51,104,24,128,106,22,50,131,71,27,86,34,91,96,67,123,31,66
457,443,204,78,482,92,220,144,183,194,419,527,862,326,247,271,350,848,498,72,282,528,299,191,324,112,331,226,244,632,714,1310,255,415,111,492,453,97,216,490,297,107,366,174,370,438,297,472,194,303
165,111,48,21,154,30,144,24,48,74,142,178,292,101,72,86,115,304,175,21,81,152,87,57,100,33,103,68,86,180,230,403,89,131,36,148,139,28,76,190,98,30,115,60,119,127,93,168,65,102
188,134,60,35,143,40,183,48,22,70,145,193,309,100,77,80,109,306,153,24,89,167,92,70,115,49,118,83,66,211,239,455,107,154,29,190,154,34,90,160,118,37,124,54,144,155,99,148,58,124
222,187,90,25,224,45,194,74,70,46,163,203,382,143,110,90,152,375,216,25,130,214,130,92,148,54,137,88,119,252,318,571,91,202,43,204,180,25,95,237,115,39,144,75,170,178,127,199,78,135
431,381,169,57,447,100,419,142,145,163,187,455,752,311,252,255,309,769,438,44,255,443,300,162,297,111,293,197,241,542,631,1143,223,401,104,471,393,73,218,477,288,90,325,156,360,370,268,440,173,289
488,456,244,101,551,124,527,178,193,203,455,328,952,370,329,334,410,1017,569,73,295,560,361,225,355,130,372,241,266,674,830,1562,318,523,138,628,504,102,277,575,385,109,436,206,435,535,359,572,222,358
791,736,375,144,893,194,862,292,309,382,752,952,734,612,468,537,625,1404,922,100,512,945,539,359,594,242,635,406,451,1116,1340,2412,444,891,218,952,835,152,484,930,588,193,630,333,704,867,553,863,343,630
356,314,129,57,323,78,326,101,100,143,311,370,612,95,191,197,260,607,332,39,184,337,200,141,232,87,222,152,157,382,484,933,185,283,69,318,309,59,162,349,199,72,229,116,258,296,229,332,130,242
323,205,110,44,247,52,247,72,77,110,252,329,468,191,76,140,180,482,280,43,157,298,169,120,178,69,181,130,148,305,427,749,148,249,53,281,262,28,127,308,159,53,204,103,211,252,167,265,108,209
336,232,109,49,268,55,271,86,80,90,255,334,537,197,140,85,203,520,317,38,159,299,184,139,193,77,236,133,149,347,462,841,170,264,66,280,285,33,155,337,192,59,233,104,235,273,178,310,111,196
347,286,129,58,372,72,350,115,109,152,309,410,625,260,180,203,125,645,352,55,185,341,224,147,216,86,251,179,169,420,523,974,195,359,87,394,330,63,167,362,255,69,311,135,260,332,228,340,130,230
803,752,370,145,908,173,848,304,306,375,769,1017,1404,607,482,520,645,733,912,111,502,912,554,348,605,215,633,420,456,1078,1337,2402,462,851,176,965,821,158,485,935,548,191,641,329,681,831,578,908,292,643
511,424,197,92,483,101,498,175,153,216,438,569,922,332,280,317,352,912,252,56,288,479,319,191,329,118,356,240,231,633,742,1412,260,455,105,520,461,82,286,508,337,113,387,192,394,477,324,547,201,338
77,39,24,12,61,12,72,21,24,25,44,73,100,39,43,38,55,111,56,2,34,50,41,22,35,12,37,26,30,76,100,177,36,51,18,72,64,9,33,71,41,19,43,25,44,59,39,73,25,45
320,226,91,47,281,62,282,81,89,130,255,295,512,184,157,159,185,502,288,34,61,285,167,124,177,62,190,119,127,349,423,787,158,231,61,270,235,48,145,315,187,62,231,108,222,272,155,328,97,186
517,436,197,88,512,134,528,152,167,214,443,560,945,337,298,299,341,912,479,50,285,244,300,189,357,145,380,239,251,654,747,1392,288,475,114,518,481,90,246,536,316,119,394,193,388,460,347,557,197,326
323,281,121,55,316,75,299,87,92,130,300,361,539,200,169,184,224,554,319,41,167,300,87,118,194,72,196,144,137,366,456,870,172,284,63,311,306,42,155,315,219,72,219,111,216,264,166,343,111,239
192,196,91,32,209,44,191,57,70,92,162,225,359,141,120,139,147,348,191,22,124,189,118,42,130,65,154,105,98,260,295,504,100,162,36,197,218,31,80,204,119,42,155,80,161,187,135,211,71,128
340,263,119,46,339,67,324,100,115,148,297,355,594,232,178,193,216,605,329,35,177,357,194,130,106,75,206,158,177,439,518,883,185,302,88,328,310,52,160,354,209,80,266,118,241,317,191,337,146,222
148,105,50,25,128,30,112,33,49,54,111,130,242,87,69,77,86,215,118,12,62,145,72,65,75,18,82,58,65,163,221,369,61,129,28,129,121,18,62,142,82,30,84,46,108,129,56,159,53,78
359,279,129,53,339,74,331,103,118,137,293,372,635,222,181,236,251,633,356,37,190,380,196,154,206,82,117,144,164,415,515,964,189,311,77,368,350,58,168,348,202,91,252,131,282,327,190,377,131,236
298,199,116,33,262,52,226,68,83,88,197,241,406,152,130,133,179,420,240,26,119,239,144,105,158,58,144,49,108,277,373,670,134,217,62,246,218,37,123,243,153,50,189,98,196,214,141,224,94,179
291,246,96,43,269,70,244,86,66,119,241,266,451,157,148,149,169,456,231,30,127,251,137,98,177,65,164,108,67,328,357,670,137,203,52,252,244,34,129,297,175,42,181,87,210,250,166,258,86,158
583,564,241,105,638,156,632,180,211,252,542,674,1116,382,305,347,420,1078,633,76,349,654,366,260,439,163,415,277,328,371,979,1675,335,620,144,616,607,102,308,725,404,127,478,252,496,612,375,653,211,440
704,636,304,115,746,166,714,230,239,318,631,830,1340,484,427,462,523,1337,742,100,423,747,456,295,518,221,515,373,357,979,555,2025,419,675,148,782,662,124,398,775,513,153,586,271,595,721,473,750,274,542
1188,1163,565,212,1454,260,1310,403,455,571,1143,1562,2412,933,749,841,974,2402,1412,177,787,1392,870,504,883,369,964,670,670,1675,2025,1884,730,1322,296,1485,1232,227,658,1463,900,303,1008,523,1080,1310,862,1348,474,927
244,224,114,39,283,51,255,89,107,91,223,318,444,185,148,170,195,462,260,36,158,288,172,100,185,61,189,134,137,335,419,730,65,280,60,278,245,35,127,265,171,53,200,96,202,261,157,256,97,190
461,402,181,83,460,104,415,131,154,202,401,523,891,283,249,264,359,851,455,51,231,475,284,162,302,129,311,217,203,620,675,1322,280,228,118,503,456,85,247,498,302,84,348,160,341,438,305,490,179,291
98,113,51,20,124,24,111,36,29,43,104,138,218,69,53,66,87,176,105,18,61,114,63,36,88,28,77,62,52,144,148,296,60,118,6,126,98,23,55,116,62,22,82,44,98,100,83,112,44,70
514,432,217,84,561,128,492,148,190,204,471,628,952,318,281,280,394,965,520,72,270,518,311,197,328,129,368,246,252,616,782,1485,278,503,126,281,482,91,275,535,343,108,444,212,407,463,321,550,218,348
486,415,187,93,471,106,453,139,154,180,393,504,835,309,262,285,330,821,461,64,235,481,306,218,310,121,350,218,244,607,662,1232,245,456,98,482,208,88,250,502,291,83,353,171,385,433,318,475,178,307
73,85,26,14,100,22,97,28,34,25,73,102,152,59,28,33,63,158,82,9,48,90,42,31,52,18,58,37,34,102,124,227,35,85,23,91,88,5,45,98,36,15,80,43,62,82,50,98,37,54
252,204,92,36,245,50,216,76,90,95,218,277,484,162,127,155,167,485,286,33,145,246,155,80,160,62,168,123,129,308,398,658,127,247,55,275,250,45,65,262,168,51,211,106,191,226,159,257,117,156
464,493,239,83,547,131,490,190,160,237,477,575,930,349,308,337,362,935,508,71,315,536,315,204,354,142,348,243,297,725,775,1463,265,498,116,535,502,98,262,289,340,105,389,199,403,490,323,509,190,368
303,294,133,57,363,71,297,98,118,115,288,385,588,199,159,192,255,548,337,41,187,316,219,119,209,82,202,153,175,404,513,900,171,302,62,343,291,36,168,340,105,75,255,125,250,316,198,316,132,204
96,88,36,8,106,27,107,30,37,39,90,109,193,72,53,59,69,191,113,19,62,119,72,42,80,30,91,50,42,127,153,303,53,84,22,108,83,15,51,105,75,11,75,45,88,82,74,106,48,71
387,351,147,60,377,86,366,115,124,144,325,436,630,229,204,233,311,641,387,43,231,394,219,155,266,84,252,189,181,478,586,1008,200,348,82,444,353,80,211,389,255,75,131,136,310,319,254,363,125,265
173,157,72,23,178,34,174,60,54,75,156,206,333,116,103,104,135,329,192,25,108,193,111,80,118,46,131,98,87,252,271,523,96,160,44,212,171,43,106,199,125,45,136,32,142,179,110,195,64,126
400,360,158,67,403,91,370,119,144,170,360,435,704,258,211,235,260,681,394,44,222,388,216,161,241,108,282,196,210,496,595,1080,202,341,98,407,385,62,191,403,250,88,310,142,156,381,255,427,179,281
408,418,182,72,503,96,438,127,155,178,370,535,867,296,252,273,332,831,477,59,272,460,264,187,317,129,327,214,250,612,721,1310,261,438,100,463,433,82,226,490,316,82,319,179,381,204,274,480,189,326
312,261,118,56,322,67,297,93,99,127,268,359,553,229,167,178,228,578,324,39,155,347,166,135,191,56,190,141,166,375,473,862,157,305,83,321,318,50,159,323,198,74,254,110,255,274,99,333,142,217
470,465,198,82,479,123,472,168,148,199,440,572,863,332,265,310,340,908,547,73,328,557,343,211,337,159,377,224,258,653,750,1348,256,490,112,550,475,98,257,509,316,106,363,195,427,480,333,250,181,349
171,153,83,30,169,31,194,65,58,78,173,222,343,130,108,111,130,292,201,25,97,197,111,71,146,53,131,94,86,211,274,474,97,179,44,218,178,37,117,190,132,48,125,64,179,189,142,181,38,142
352,281,134,49,379,66,303,102,124,135,289,358,630,242,209,196,230,643,338,45,186,326,239,128,222,78,236,179,158,440,542,927,190,291,70,348,307,54,156,368,204,71,265,126,281,326,217,349,142,118
