250,437,214,88,467,123,481,182,171,252,453,474,833,387,300,321,361,800,516,68,327,506,342,215,394,156,381,306,304,581,711,1163,235,513,106,523,471,87,236,475,301,110,359,195,443,395,321,520,166,366
437,198,169,67,446,99,386,121,131,172,392,510,797,283,238,241,326,797,445,53,238,428,270,175,244,88,280,197,196,537,650,1191,218,388,96,469,417,70,217,443,281,81,324,153,310,425,270,462,159,260
214,169,44,39,222,52,204,73,62,81,184,229,364,112,113,104,161,351,206,30,112,210,122,80,122,47,128,80,78,252,312,579,110,208,33,235,185,34,108,238,135,44,171,70,145,194,113,227,70,148
88,67,39,6,76,17,69,19,26,40,74,80,153,59,54,51,57,156,74,12,69,76,55,36,56,17,50,41,60,108,107,213,48,77,15,81,73,17,37,89,70,22,59,30,67,66,54,72,25,61
467,446,222,76,277,96,477,127,161,218,436,604,898,325,248,246,375,882,533,50,273,524,289,193,343,133,342,251,251,622,785,1390,297,465,127,512,446,87,244,555,341,105,369,190,391,456,326,542,161,340
123,99,52,17,96,10,90,34,34,45,96,124,170,67,58,76,76,184,112,17,78,114,74,52,56,29,57,64,63,134,162,273,59,114,18,119,102,30,57,113,64,22,85,45,79,109,53,116,26,71
481,386,204,69,477,90,217,173,161,220,411,533,861,297,256,279,358,845,493,61,273,509,313,204,296,127,329,232,239,611,699,1285,236,441,100,537,468,81,259,502,313,98,385,196,371,421,319,459,172,341
182,121,73,19,127,34,173,22,50,74,146,143,259,92,66,80,114,290,144,13,86,165,101,66,106,34,104,76,73,172,212,434,84,143,43,174,147,32,70,160,103,35,107,71,139,140,86,149,64,126
171,131,62,26,161,34,161,50,29,80,161,181,316,101,96,80,124,308,184,30,85,172,89,65,120,39,113,68,74,217,252,469,84,134,31,161,131,23,88,160,104,40,118,53,143,170,100,164,55,115
252,172,81,40,218,45,220,74,80,46,165,222,375,163,103,122,142,370,198,37,132,203,140,80,156,58,135,92,131,235,324,532,136,197,34,217,190,42,100,202,147,52,158,70,190,196,135,220,96,129
453,392,184,74,436,96,411,146,161,165,187,479,771,303,228,251,327,755,429,77,248,435,254,164,270,109,300,198,221,567,644,1106,232,414,93,465,397,58,207,418,272,83,332,146,345,413,281,425,172,281
474,510,229,80,604,124,533,143,181,222,479,308,951,353,330,341,412,954,537,57,308,580,346,234,401,168,374,262,295,679,870,1557,309,508,132,622,517,101,250,598,395,120,396,199,461,507,369,603,188,367
833,797,364,153,898,170,861,259,316,375,771,951,735,579,477,546,653,1298,873,118,482,886,583,350,597,238,634,448,466,1051,1375,2336,481,809,193,967,823,164,431,1016,639,183,671,330,699,780,561,938,305,595
387,283,112,59,325,67,297,92,101,163,303,353,579,110,163,200,231,572,311,42,185,305,200,140,202,76,220,149,179,421,509,968,189,286,62,341,289,56,162,353,204,74,269,116,248,302,197,342,114,211
300,238,113,54,248,58,256,66,96,103,228,330,477,163,67,138,161,476,261,34,142,255,160,135,185,47,161,131,121,326,394,743,138,236,68,271,259,37,111,298,164,48,209,84,209,246,161,298,97,150
321,241,104,51,246,76,279,80,80,122,251,341,546,200,138,85,195,515,300,20,133,298,158,132,186,67,181,123,132,338,449,817,153,253,68,318,297,51,136,316,205,53,231,110,219,278,175,318,109,208
361,326,161,57,375,76,358,114,124,142,327,412,653,231,161,195,133,665,388,46,209,362,208,133,229,82,239,152,181,447,520,984,155,350,69,369,348,87,199,394,237,89,293,137,281,340,238,370,128,254
800,797,351,156,882,184,845,290,308,370,755,954,1298,572,476,515,665,753,877,127,527,850,563,368,586,255,626,413,470,1092,1303,2333,448,847,185,945,798,167,444,983,601,173,637,359,686,772,559,926,315,565
516,445,206,74,533,112,493,144,184,198,429,537,873,311,261,300,388,877,250,69,269,501,320,205,323,127,321,229,271,654,760,1384,268,500,122,506,492,87,273,513,352,102,355,197,408,481,338,557,184,353
68,53,30,12,50,17,61,13,30,37,77,57,118,42,34,20,46,127,69,3,29,66,31,38,45,16,46,34,35,76,95,190,52,55,15,60,60,9,23,73,40,12,42,21,49,71,38,63,21,41
327,238,112,69,273,78,273,86,85,132,248,308,482,185,142,133,209,527,269,29,74,291,188,121,171,70,184,118,151,345,417,757,131,278,71,290,268,46,129,292,175,67,235,100,213,251,171,288,102,194
506,428,210,76,524,114,509,165,172,203,435,580,886,305,255,298,362,850,501,66,291,267,320,225,348,142,343,223,255,618,750,1348,282,463,107,560,483,89,266,536,349,119,396,184,408,469,354,542,169,345
342,270,122,55,289,74,313,101,89,140,254,346,583,200,160,158,208,563,320,31,188,320,93,118,214,79,202,131,162,362,454,833,179,297,64,266,287,55,136,345,192,67,270,102,253,279,216,311,119,182
215,175,80,36,193,52,204,66,65,80,164,234,350,140,135,132,133,368,205,38,121,225,118,29,132,38,147,94,106,236,297,556,104,165,46,195,178,42,99,193,129,41,158,75,146,167,144,191,81,111
394,244,122,56,343,56,296,106,120,156,270,401,597,202,185,186,229,586,323,45,171,348,214,132,102,69,200,158,177,422,522,929,189,320,63,391,299,54,169,362,227,67,253,129,242,289,229,350,124,203
156,88,47,17,133,29,127,34,39,58,109,168,238,76,47,67,82,255,127,16,70,142,79,38,69,16,75,43,55,165,196,343,69,125,32,117,120,21,60,130,77,29,92,37,89,131,74,138,48,101
381,280,128,50,342,57,329,104,113,135,300,374,634,220,161,181,239,626,321,46,184,343,202,147,200,75,111,146,157,441,506,944,205,311,84,344,318,54,170,325,202,83,271,140,236,323,231,338,129,246
306,197,80,41,251,64,232,76,68,92,198,262,448,149,131,123,152,413,229,34,118,223,131,94,158,43,146,62,120,279,357,647,139,223,59,234,233,36,120,250,152,56,205,102,178,195,167,251,104,168
304,196,78,60,251,63,239,73,74,131,221,295,466,179,121,132,181,470,271,35,151,255,162,106,177,55,157,120,61,348,412,726,128,232,53,285,250,47,118,291,189,64,218,75,209,231,172,258,89,174
581,537,252,108,622,134,611,172,217,235,567,679,1051,421,326,338,447,1092,654,76,345,618,362,236,422,165,441,279,348,389,941,1770,330,579,141,652,597,103,299,717,402,118,465,254,489,590,386,611,253,400
711,650,312,107,785,162,699,212,252,324,644,870,1375,509,394,449,520,1303,760,95,417,750,454,297,522,196,506,357,412,941,542,2065,409,690,169,843,676,123,379,737,520,159,546,281,583,722,494,762,279,543
1163,1191,579,213,1390,273,1285,434,469,532,1106,1557,2336,968,743,817,984,2333,1384,190,757,1348,833,556,929,343,944,647,726,1770,2065,1826,704,1266,296,1470,1267,228,659,1452,932,262,1020,524,1152,1273,892,1417,485,917
235,218,110,48,297,59,236,84,84,136,232,309,481,189,138,153,155,448,268,52,131,282,179,104,189,69,205,139,128,330,409,704,73,251,66,309,241,49,130,307,180,43,215,95,222,248,195,272,88,150
513,388,208,77,465,114,441,143,134,197,414,508,809,286,236,253,350,847,500,55,278,463,297,165,320,125,311,223,232,579,690,1266,251,220,98,501,438,101,228,518,338,99,362,169,387,438,278,490,159,323
106,96,33,15,127,18,100,43,31,34,93,132,193,62,68,68,69,185,122,15,71,107,64,46,63,32,84,59,53,141,169,296,66,98,16,114,104,19,62,116,82,29,85,39,85,101,60,139,44,69
523,469,235,81,512,119,537,174,161,217,465,622,967,341,271,318,369,945,506,60,290,560,266,195,391,117,344,234,285,652,843,1470,309,501,114,275,494,96,264,572,344,111,414,198,442,491,353,568,198,361
471,417,185,73,446,102,468,147,131,190,397,517,823,289,259,297,348,798,492,60,268,483,287,178,299,120,318,233,250,597,676,1267,241,438,104,494,200,77,224,519,340,97,392,186,347,407,315,474,177,334
87,70,34,17,87,30,81,32,23,42,58,101,164,56,37,51,87,167,87,9,46,89,55,42,54,21,54,36,47,103,123,228,49,101,19,96,77,8,42,91,55,14,69,32,54,78,60,91,34,56
236,217,108,37,244,57,259,70,88,100,207,250,431,162,111,136,199,444,273,23,129,266,136,99,169,60,170,120,118,299,379,659,130,228,62,264,224,42,64,267,164,61,165,84,211,231,147,250,96,181
475,443,238,89,555,113,502,160,160,202,418,598,1016,353,298,316,394,983,513,73,292,536,345,193,362,130,325,250,291,717,737,1452,307,518,116,572,519,91,267,250,324,106,401,212,436,483,372,517,207,348
301,281,135,70,341,64,313,103,104,147,272,395,639,204,164,205,237,601,352,40,175,349,192,129,227,77,202,152,189,402,520,932,180,338,82,344,340,55,164,324,105,63,253,106,255,271,227,322,121,206
110,81,44,22,105,22,98,35,40,52,83,120,183,74,48,53,89,173,102,12,67,119,67,41,67,29,83,56,64,118,159,262,43,99,29,111,97,14,61,106,63,15,86,33,93,113,63,119,33,74
359,324,171,59,369,85,385,107,118,158,332,396,671,269,209,231,293,637,355,42,235,396,270,158,253,92,271,205,218,465,546,1020,215,362,85,414,392,69,165,401,253,86,138,154,322,364,234,409,139,237
195,153,70,30,190,45,196,71,53,70,146,199,330,116,84,110,137,359,197,21,100,184,102,75,129,37,140,102,75,254,281,524,95,169,39,198,186,32,84,212,106,33,154,31,180,180,118,193,61,123
443,310,145,67,391,79,371,139,143,190,345,461,699,248,209,219,281,686,408,49,213,408,253,146,242,89,236,178,209,489,583,1152,222,387,85,442,347,54,211,436,255,93,322,180,153,334,270,434,161,267
395,425,194,66,456,109,421,140,170,196,413,507,780,302,246,278,340,772,481,71,251,469,279,167,289,131,323,195,231,590,722,1273,248,438,101,491,407,78,231,483,271,113,364,180,334,237,282,518,172,340
321,270,113,54,326,53,319,86,100,135,281,369,561,197,161,175,238,559,338,38,171,354,216,144,229,74,231,167,172,386,494,892,195,278,60,353,315,60,147,372,227,63,234,118,270,282,121,324,122,191
520,462,227,72,542,116,459,149,164,220,425,603,938,342,298,318,370,926,557,63,288,542,311,191,350,138,338,251,258,611,762,1417,272,490,139,568,474,91,250,517,322,119,409,193,434,518,324,264,207,337
166,159,70,25,161,26,172,64,55,96,172,188,305,114,97,109,128,315,184,21,102,169,119,81,124,48,129,104,89,253,279,485,88,159,44,198,177,34,96,207,121,33,139,61,161,172,122,207,25,122
366,260,148,61,340,71,341,126,115,129,281,367,595,211,150,208,254,565,353,41,194,345,182,111,203,101,246,168,174,400,543,917,150,323,69,361,334,56,181,348,206,74,237,123,267,340,191,337,122,124
