271,463,207,81,521,109,505,197,175,223,450,514,816,378,321,354,372,794,504,68,356,540,415,213,351,158,377,265,362,618,723,1226,254,483,119,539,456,84,262,477,351,106,397,159,431,471,358,499,186,399
463,173,160,73,452,98,413,115,136,154,336,475,772,258,236,237,318,767,430,57,225,446,240,178,271,93,272,201,225,552,690,1237,240,426,86,451,390,57,206,453,295,72,367,153,370,400,277,498,169,290
207,160,40,36,208,55,199,62,55,79,184,238,381,113,116,122,147,376,217,19,109,224,99,66,124,49,134,96,69,232,298,578,108,210,38,192,185,42,106,203,136,52,176,61,154,183,122,208,66,137
81,73,36,5,83,15,66,33,30,38,81,102,157,53,59,52,62,161,68,7,65,72,54,28,61,22,65,39,45,111,103,214,50,85,13,92,74,16,46,78,48,16,60,22,63,64,62,77,22,58
521,452,208,83,271,125,505,166,158,204,463,579,960,322,278,306,347,940,508,65,278,500,320,212,350,135,364,225,285,686,781,1488,297,530,106,542,475,94,257,558,354,103,381,215,421,445,329,522,191,368
109,98,55,15,125,11,96,40,38,47,102,127,221,65,70,71,88,219,114,13,63,116,75,43,68,34,82,58,49,156,168,281,59,119,23,123,102,18,55,116,79,19,92,38,86,104,67,108,34,79
505,413,199,66,505,96,219,167,164,200,423,529,896,326,262,252,369,844,482,61,273,482,278,197,309,130,346,235,263,631,745,1287,249,466,124,521,427,90,250,500,328,95,357,180,381,435,320,510,180,296
197,115,62,33,166,40,167,23,48,52,119,152,268,98,82,72,126,281,146,19,73,147,89,62,95,39,103,64,74,208,224,411,64,129,25,161,148,29,73,154,88,32,121,47,132,134,96,148,56,95
175,136,55,30,158,38,164,48,26,63,128,173,282,100,97,107,121,294,173,20,98,170,94,57,107,33,115,78,88,209,238,490,91,157,33,176,168,32,64,172,106,28,131,63,128,137,119,193,57,117
223,154,79,38,204,47,200,52,63,54,172,219,319,144,119,126,152,326,185,16,130,195,126,84,123,46,122,88,109,254,320,543,105,175,47,208,189,27,84,201,131,39,158,81,165,189,141,193,61,142
450,336,184,81,463,102,423,119,128,172,174,488,789,300,246,270,312,772,396,47,248,451,242,170,270,114,288,187,211,544,661,1155,219,399,120,451,423,58,186,453,286,89,328,178,358,382,262,437,132,290
514,475,238,102,579,127,529,152,173,219,488,305,1039,350,298,343,407,1032,617,74,321,632,298,224,391,162,378,275,279,711,933,1567,315,524,131,572,496,106,289,650,384,108,424,198,453,539,359,606,202,375
816,772,381,157,960,221,896,268,282,319,789,1039,815,570,462,525,630,1506,917,114,514,937,553,357,650,248,606,428,457,1181,1385,2485,517,846,225,927,868,175,485,1006,616,174,689,332,711,803,599,952,362,598
378,258,113,53,322,65,326,98,100,144,300,350,570,115,154,189,226,615,315,32,189,323,183,130,191,91,232,148,160,405,491,816,166,324,91,321,316,53,158,332,217,63,257,143,246,315,195,331,122,240
321,236,116,59,278,70,262,82,97,119,246,298,462,154,75,155,196,488,281,24,150,307,146,111,170,60,184,138,122,335,433,744,166,245,66,264,209,33,122,290,170,50,196,88,191,230,176,275,107,199
354,237,122,52,306,71,252,72,107,126,270,343,525,189,155,77,220,517,297,30,153,320,183,118,177,64,176,125,133,344,444,809,173,270,66,313,233,43,144,289,190,54,224,91,235,273,202,289,116,195
372,318,147,62,347,88,369,126,121,152,312,407,630,226,196,220,136,678,375,40,211,387,236,146,225,98,231,174,181,450,610,1029,202,325,86,363,352,65,175,397,241,46,273,142,320,338,208,400,146,249
794,767,376,161,940,219,844,281,294,326,772,1032,1506,615,488,517,678,832,963,113,486,902,526,348,618,229,587,398,414,1175,1395,2530,559,817,236,960,840,154,467,994,614,171,696,372,695,870,612,925,392,605
504,430,217,68,508,114,482,146,173,185,396,617,917,315,281,297,375,963,217,81,270,490,314,208,344,121,327,228,253,651,769,1471,273,477,133,522,491,90,261,543,328,85,420,185,426,457,293,531,227,346
68,57,19,7,65,13,61,19,20,16,47,74,114,32,24,30,40,113,81,2,28,62,32,31,40,17,49,33,25,82,96,208,33,59,11,58,58,10,27,79,37,20,54,21,35,52,29,75,22,52
356,225,109,65,278,63,273,73,98,130,248,321,514,189,150,153,211,486,270,28,68,304,152,123,175,61,184,120,131,332,423,833,147,273,61,339,287,38,134,280,182,48,235,99,205,254,160,310,123,213
540,446,224,72,500,116,482,147,170,195,451,632,937,323,307,320,387,902,490,62,304,270,325,199,363,136,365,254,253,658,776,1447,287,477,121,580,453,92,259,523,349,99,395,198,437,459,341,554,195,341
415,240,99,54,320,75,278,89,94,126,242,298,553,183,146,183,236,526,314,32,152,325,75,116,194,78,204,140,151,362,488,849,149,259,61,347,261,44,133,318,168,54,252,108,234,257,192,340,106,198
213,178,66,28,212,43,197,62,57,84,170,224,357,130,111,118,146,348,208,31,123,199,116,44,129,48,148,100,95,243,306,574,108,179,55,218,163,33,117,227,134,44,162,65,162,189,128,230,75,155
351,271,124,61,350,68,309,95,107,123,270,391,650,191,170,177,225,618,344,40,175,363,194,129,99,79,237,138,167,401,489,976,187,332,75,340,304,61,154,366,208,68,281,125,229,312,230,380,136,194
158,93,49,22,135,34,130,39,33,46,114,162,248,91,60,64,98,229,121,17,61,136,78,48,79,18,74,67,57,143,210,345,69,123,31,116,136,26,65,127,86,20,114,40,98,118,79,156,52,94
377,272,134,65,364,82,346,103,115,122,288,378,606,232,184,176,231,587,327,49,184,365,204,148,237,74,120,170,160,413,524,945,201,343,72,328,313,58,152,343,227,66,266,106,275,297,219,379,137,247
265,201,96,39,225,58,235,64,78,88,187,275,428,148,138,125,174,398,228,33,120,254,140,100,138,67,170,51,116,266,367,659,110,208,45,253,238,40,116,253,148,43,187,91,180,202,127,247,75,160
362,225,69,45,285,49,263,74,88,109,211,279,457,160,122,133,181,414,253,25,131,253,151,95,167,57,160,116,68,304,390,698,139,237,46,269,258,41,119,261,173,50,231,98,216,228,148,248,99,183
618,552,232,111,686,156,631,208,209,254,544,711,1181,405,335,344,450,1175,651,82,332,658,362,243,401,143,413,266,304,406,936,1828,365,596,143,667,618,111,341,702,443,126,492,231,503,558,393,653,252,438
723,690,298,103,781,168,745,224,238,320,661,933,1385,491,433,444,610,1395,769,96,423,776,488,306,489,210,524,367,390,936,517,2112,422,732,183,828,707,129,366,795,524,149,577,271,639,728,462,793,293,525
1226,1237,578,214,1488,281,1287,411,490,543,1155,1567,2485,816,744,809,1029,2530,1471,208,833,1447,849,574,976,345,945,659,698,1828,2112,1990,795,1324,333,1510,1240,280,708,1494,974,307,1054,553,1120,1298,904,1447,522,946
254,240,108,50,297,59,249,64,91,105,219,315,517,166,166,173,202,559,273,33,147,287,149,108,187,69,201,110,139,365,422,795,88,258,69,290,242,46,137,306,172,51,195,103,219,265,190,293,101,180
483,426,210,85,530,119,466,129,157,175,399,524,846,324,245,270,325,817,477,59,273,477,259,179,332,123,343,208,237,596,732,1324,258,234,87,491,427,90,245,469,323,108,351,184,367,410,305,502,157,322
119,86,38,13,106,23,124,25,33,47,120,131,225,91,66,66,86,236,133,11,61,121,61,55,75,31,72,45,46,143,183,333,69,87,14,125,104,17,68,139,88,20,104,36,102,120,79,134,48,76
539,451,192,92,542,123,521,161,176,208,451,572,927,321,264,313,363,960,522,58,339,580,347,218,340,116,328,253,269,667,828,1510,290,491,125,273,483,103,285,634,379,105,423,200,403,524,349,571,227,345
456,390,185,74,475,102,427,148,168,189,423,496,868,316,209,233,352,840,491,58,287,453,261,163,304,136,313,238,258,618,707,1240,242,427,104,483,183,60,246,447,276,91,371,163,368,428,324,461,153,330
84,57,42,16,94,18,90,29,32,27,58,106,175,53,33,43,65,154,90,10,38,92,44,33,61,26,58,40,41,111,129,280,46,90,17,103,60,9,38,97,66,21,76,29,67,63,44,83,29,51
262,206,106,46,257,55,250,73,64,84,186,289,485,158,122,144,175,467,261,27,134,259,133,117,154,65,152,116,119,341,366,708,137,245,68,285,246,38,66,265,164,49,197,92,203,230,160,250,101,147
477,453,203,78,558,116,500,154,172,201,453,650,1006,332,290,289,397,994,543,79,280,523,318,227,366,127,343,253,261,702,795,1494,306,469,139,634,447,97,265,282,350,105,423,176,444,474,340,551,224,367
351,295,136,48,354,79,328,88,106,131,286,384,616,217,170,190,241,614,328,37,182,349,168,134,208,86,227,148,173,443,524,974,172,323,88,379,276,66,164,350,132,67,287,121,268,316,205,357,128,223
106,72,52,16,103,19,95,32,28,39,89,108,174,63,50,54,46,171,85,20,48,99,54,44,68,20,66,43,50,126,149,307,51,108,20,105,91,21,49,105,67,8,84,44,80,113,60,110,48,63
397,367,176,60,381,92,357,121,131,158,328,424,689,257,196,224,273,696,420,54,235,395,252,162,281,114,266,187,231,492,577,1054,195,351,104,423,371,76,197,423,287,84,146,124,331,363,245,401,140,238
159,153,61,22,215,38,180,47,63,81,178,198,332,143,88,91,142,372,185,21,99,198,108,65,125,40,106,91,98,231,271,553,103,184,36,200,163,29,92,176,121,44,124,33,152,157,143,190,83,113
431,370,154,63,421,86,381,132,128,165,358,453,711,246,191,235,320,695,426,35,205,437,234,162,229,98,275,180,216,503,639,1120,219,367,102,403,368,67,203,444,268,80,331,152,144,321,277,433,150,300
471,400,183,64,445,104,435,134,137,189,382,539,803,315,230,273,338,870,457,52,254,459,257,189,312,118,297,202,228,558,728,1298,265,410,120,524,428,63,230,474,316,113,363,157,321,207,272,472,178,314
358,277,122,62,329,67,320,96,119,141,262,359,599,195,176,202,208,612,293,29,160,341,192,128,230,79,219,127,148,393,462,904,190,305,79,349,324,44,160,340,205,60,245,143,277,272,102,348,140,215
499,498,208,77,522,108,510,148,193,193,437,606,952,331,275,289,400,925,531,75,310,554,340,230,380,156,379,247,248,653,793,1447,293,502,134,571,461,83,250,551,357,110,401,190,433,472,348,252,213,341
186,169,66,22,191,34,180,56,57,61,132,202,362,122,107,116,146,392,227,22,123,195,106,75,136,52,137,75,99,252,293,522,101,157,48,227,153,29,101,224,128,48,140,83,150,178,140,213,43,129
399,290,137,58,368,79,296,95,117,142,290,375,598,240,199,195,249,605,346,52,213,341,198,155,194,94,247,160,183,438,525,946,180,322,76,345,330,51,147,367,223,63,238,113,300,314,215,341,129,128
