258,465,203,84,508,115,470,181,175,249,481,490,799,379,316,365,360,804,500,61,316,508,331,241,378,167,402,304,305,636,714,1130,231,451,98,519,512,89,256,512,291,97,372,186,429,415,332,489,156,395
465,178,165,69,444,102,442,114,142,185,353,456,771,280,231,243,302,789,432,41,257,445,245,162,309,125,280,213,213,529,662,1206,242,417,91,452,388,70,226,495,284,79,382,141,335,375,281,459,163,292
203,165,47,45,200,46,198,67,61,81,176,210,314,142,89,103,151,336,189,25,113,220,115,78,121,45,119,107,102,252,308,554,118,164,54,207,186,33,84,220,128,37,152,73,174,186,126,180,84,143
84,69,45,7,77,18,69,30,26,40,64,97,163,55,45,48,57,161,80,19,54,94,60,26,50,16,48,32,46,115,121,189,45,84,22,69,83,12,45,86,45,23,56,25,63,69,52,83,27,51
508,444,200,77,241,112,484,137,159,226,419,571,922,307,239,297,368,938,509,75,306,522,296,208,340,141,355,234,224,650,759,1360,264,470,115,503,457,78,235,562,356,108,377,203,411,468,338,555,185,340
115,102,46,18,112,12,86,30,34,49,94,120,187,72,65,76,101,192,106,18,76,110,70,43,72,25,79,48,56,139,163,271,54,105,31,129,103,16,62,116,64,22,73,50,92,87,73,123,40,98
470,442,198,69,484,86,195,165,170,189,399,509,801,321,262,255,340,867,506,52,287,479,312,190,313,98,318,205,262,590,670,1329,247,468,108,532,438,79,247,498,300,100,362,168,372,425,309,499,171,307
181,114,67,30,137,30,165,16,47,74,146,167,286,87,81,80,114,268,155,16,89,185,94,64,89,45,93,67,73,184,250,432,102,142,33,156,149,31,70,168,114,31,119,65,136,139,101,177,69,136
175,142,61,26,159,34,170,47,27,57,134,167,313,103,88,82,126,314,191,17,96,198,117,68,125,46,113,84,89,209,256,437,74,159,26,175,152,28,74,173,104,26,144,60,143,160,101,171,73,103
249,185,81,40,226,49,189,74,57,49,152,215,346,158,109,108,150,343,201,18,110,215,116,88,140,41,105,101,114,279,275,563,109,185,55,218,188,34,100,223,149,38,166,55,181,162,151,205,63,141
481,353,176,64,419,94,399,146,134,152,165,465,731,278,240,237,311,758,414,44,247,410,233,167,254,93,255,194,224,551,627,1201,224,388,97,462,385,73,201,435,282,85,334,128,345,375,299,425,140,268
490,456,210,97,571,120,509,167,167,215,465,302,991,348,294,336,422,1016,576,74,301,594,314,205,370,144,372,254,289,742,834,1550,305,540,151,577,527,92,300,601,399,122,412,209,434,530,364,547,216,372
799,771,314,163,922,187,801,286,313,346,731,991,811,599,472,524,623,1457,894,104,497,958,510,346,584,242,635,426,476,1197,1403,2386,468,849,225,991,847,163,450,915,579,192,670,354,702,854,577,905,304,606
379,280,142,55,307,72,321,87,103,158,278,348,599,97,168,173,223,587,344,41,184,330,210,129,241,66,230,151,179,446,491,913,200,288,75,306,330,49,150,332,208,72,263,109,244,293,249,348,120,231
316,231,89,45,239,65,262,81,88,109,240,294,472,168,74,150,178,484,275,38,156,273,169,109,154,76,167,140,146,333,398,692,128,241,43,247,263,44,122,268,160,46,209,119,234,214,166,310,85,206
365,243,103,48,297,76,255,80,82,108,237,336,524,173,150,89,207,517,288,39,152,296,185,110,149,73,177,128,131,359,438,807,150,282,62,285,282,52,137,285,198,58,214,116,247,265,178,338,107,220
360,302,151,57,368,101,340,114,126,150,311,422,623,223,178,207,125,649,382,44,215,383,217,151,233,81,233,178,203,457,594,970,181,332,89,353,372,64,179,403,215,77,285,170,305,317,235,346,143,224
804,789,336,161,938,192,867,268,314,343,758,1016,1457,587,484,517,649,802,912,121,486,909,518,337,584,226,628,390,458,1175,1399,2396,515,866,189,1021,871,175,473,929,578,188,665,328,715,859,554,976,314,607
500,432,189,80,509,106,506,155,191,201,414,576,894,344,275,288,382,912,254,67,281,484,316,213,368,110,339,249,232,620,749,1436,284,469,96,565,465,86,263,518,372,115,399,219,403,405,358,533,194,364
61,41,25,19,75,18,52,16,17,18,44,74,104,41,38,39,44,121,67,6,29,67,31,29,46,19,46,24,38,77,98,178,30,70,16,53,66,10,33,61,41,15,44,17,47,57,41,71,24,32
316,257,113,54,306,76,287,89,96,110,247,301,497,184,156,152,215,486,281,29,72,277,119,106,183,74,180,141,133,357,408,762,146,280,58,282,256,36,139,317,198,58,205,106,213,269,159,296,95,181
508,445,220,94,522,110,479,185,198,215,410,594,958,330,273,296,383,909,484,67,277,241,325,217,369,133,356,219,274,635,742,1402,268,507,115,542,504,68,274,481,328,107,375,192,408,436,327,501,188,357
331,245,115,60,296,70,312,94,117,116,233,314,510,210,169,185,217,518,316,31,119,325,78,127,188,76,193,139,171,376,461,812,154,287,66,327,284,55,137,317,189,50,237,103,254,274,161,300,112,184
241,162,78,26,208,43,190,64,68,88,167,205,346,129,109,110,151,337,213,29,106,217,127,33,135,59,129,96,106,279,286,550,92,190,49,220,193,35,110,204,155,45,145,64,162,187,126,207,74,138
378,309,121,50,340,72,313,89,125,140,254,370,584,241,154,149,233,584,368,46,183,369,188,135,97,78,205,142,191,423,491,952,162,292,69,352,290,52,160,359,205,70,254,111,266,303,168,359,122,224
167,125,45,16,141,25,98,45,46,41,93,144,242,66,76,73,81,226,110,19,74,133,76,59,78,21,85,60,63,148,181,369,75,110,26,125,112,22,63,134,85,30,105,41,87,117,78,137,51,81
402,280,119,48,355,79,318,93,113,105,255,372,635,230,167,177,233,628,339,46,180,356,193,129,205,85,102,165,169,414,515,1005,177,300,65,335,320,52,161,357,223,66,283,111,260,286,212,368,135,233
304,213,107,32,234,48,205,67,84,101,194,254,426,151,140,128,178,390,249,24,141,219,139,96,142,60,165,57,111,258,358,676,137,208,53,252,223,38,126,253,153,62,178,78,172,216,151,220,77,163
305,213,102,46,224,56,262,73,89,114,224,289,476,179,146,131,203,458,232,38,133,274,171,106,191,63,169,111,53,308,377,702,141,244,63,276,236,46,133,225,143,52,186,87,217,224,164,273,100,202
636,529,252,115,650,139,590,184,209,279,551,742,1197,446,333,359,457,1175,620,77,357,635,376,279,423,148,414,258,308,417,977,1798,363,569,140,688,614,100,316,704,421,122,474,260,510,572,433,671,230,401
714,662,308,121,759,163,670,250,256,275,627,834,1403,491,398,438,594,1399,749,98,408,742,461,286,491,181,515,358,377,977,576,2132,427,706,164,802,679,123,393,794,496,177,566,291,624,679,472,762,288,506
1130,1206,554,189,1360,271,1329,432,437,563,1201,1550,2386,913,692,807,970,2396,1436,178,762,1402,812,550,952,369,1005,676,702,1798,2132,1852,719,1287,323,1573,1266,243,682,1490,929,293,1041,527,1187,1303,871,1429,473,933
231,242,118,45,264,54,247,102,74,109,224,305,468,200,128,150,181,515,284,30,146,268,154,92,162,75,177,137,141,363,427,719,60,223,66,306,263,41,138,286,179,47,210,113,245,232,165,278,90,185
451,417,164,84,470,105,468,142,159,185,388,540,849,288,241,282,332,866,469,70,280,507,287,190,292,110,300,208,244,569,706,1287,223,240,100,488,476,72,219,489,310,82,364,200,376,432,285,468,176,322
98,91,54,22,115,31,108,33,26,55,97,151,225,75,43,62,89,189,96,16,58,115,66,49,69,26,65,53,63,140,164,323,66,100,13,127,112,19,55,138,84,22,92,44,89,107,69,125,55,69
519,452,207,69,503,129,532,156,175,218,462,577,991,306,247,285,353,1021,565,53,282,542,327,220,352,125,335,252,276,688,802,1573,306,488,127,270,477,97,261,589,328,113,447,201,426,471,337,557,220,361
512,388,186,83,457,103,438,149,152,188,385,527,847,330,263,282,372,871,465,66,256,504,284,193,290,112,320,223,236,614,679,1266,263,476,112,477,226,78,254,442,302,99,327,180,385,446,282,447,174,319
89,70,33,12,78,16,79,31,28,34,73,92,163,49,44,52,64,175,86,10,36,68,55,35,52,22,52,38,46,100,123,243,41,72,19,97,78,4,38,96,63,12,76,29,66,75,53,75,35,67
256,226,84,45,235,62,247,70,74,100,201,300,450,150,122,137,179,473,263,33,139,274,137,110,160,63,161,126,133,316,393,682,138,219,55,261,254,38,60,280,157,39,204,107,198,230,168,253,84,160
512,495,220,86,562,116,498,168,173,223,435,601,915,332,268,285,403,929,518,61,317,481,317,204,359,134,357,253,225,704,794,1490,286,489,138,589,442,96,280,287,368,123,380,195,418,519,346,548,197,355
291,284,128,45,356,64,300,114,104,149,282,399,579,208,160,198,215,578,372,41,198,328,189,155,205,85,223,153,143,421,496,929,179,310,84,328,302,63,157,368,114,79,262,126,262,302,217,343,129,221
97,79,37,23,108,22,100,31,26,38,85,122,192,72,46,58,77,188,115,15,58,107,50,45,70,30,66,62,52,122,177,293,47,82,22,113,99,12,39,123,79,15,69,35,86,91,66,99,46,74
372,382,152,56,377,73,362,119,144,166,334,412,670,263,209,214,285,665,399,44,205,375,237,145,254,105,283,178,186,474,566,1041,210,364,92,447,327,76,204,380,262,69,134,155,293,348,238,366,148,277
186,141,73,25,203,50,168,65,60,55,128,209,354,109,119,116,170,328,219,17,106,192,103,64,111,41,111,78,87,260,291,527,113,200,44,201,180,29,107,195,126,35,155,26,149,184,121,208,65,127
429,335,174,63,411,92,372,136,143,181,345,434,702,244,234,247,305,715,403,47,213,408,254,162,266,87,260,172,217,510,624,1187,245,376,89,426,385,66,198,418,262,86,293,149,160,373,242,428,155,283
415,375,186,69,468,87,425,139,160,162,375,530,854,293,214,265,317,859,405,57,269,436,274,187,303,117,286,216,224,572,679,1303,232,432,107,471,446,75,230,519,302,91,348,184,373,195,277,481,180,346
332,281,126,52,338,73,309,101,101,151,299,364,577,249,166,178,235,554,358,41,159,327,161,126,168,78,212,151,164,433,472,871,165,285,69,337,282,53,168,346,217,66,238,121,242,277,103,342,110,222
489,459,180,83,555,123,499,177,171,205,425,547,905,348,310,338,346,976,533,71,296,501,300,207,359,137,368,220,273,671,762,1429,278,468,125,557,447,75,253,548,343,99,366,208,428,481,342,269,195,352
156,163,84,27,185,40,171,69,73,63,140,216,304,120,85,107,143,314,194,24,95,188,112,74,122,51,135,77,100,230,288,473,90,176,55,220,174,35,84,197,129,46,148,65,155,180,110,195,35,121
395,292,143,51,340,98,307,136,103,141,268,372,606,231,206,220,224,607,364,32,181,357,184,138,224,81,233,163,202,401,506,933,185,322,69,361,319,67,160,355,221,74,277,127,283,346,222,352,121,129
