243,465,212,87,476,116,447,195,155,239,438,479,833,375,337,364,346,834,482,55,324,499,361,190,391,143,382,257,289,577,685,1158,258,493,121,487,474,96,256,503,313,108,376,190,433,405,352,489,174,364
465,178,167,94,430,125,453,161,147,179,368,476,825,293,206,249,335,774,417,66,246,435,252,145,263,96,272,188,218,539,684,1214,246,433,98,466,425,65,240,468,267,95,345,162,343,425,260,442,158,291
212,167,35,27,198,50,194,62,66,82,157,248,384,126,100,101,151,369,201,17,103,194,129,78,135,50,137,108,99,224,270,547,120,184,42,203,186,37,100,193,133,52,172,83,167,168,130,204,68,139
87,94,27,9,91,15,94,26,32,36,80,85,147,63,43,59,70,143,91,14,56,96,46,40,51,19,60,37,35,113,120,188,42,76,24,107,77,16,47,73,50,17,55,26,64,74,50,93,28,58
476,430,198,91,239,119,477,154,179,205,429,569,931,327,260,294,345,894,505,68,290,548,302,204,332,124,336,240,255,634,735,1444,254,485,129,557,507,91,252,524,317,119,406,191,408,438,287,509,196,346
116,125,50,15,119,9,119,37,47,49,103,125,194,87,64,66,76,200,126,18,68,128,65,53,84,23,75,59,60,138,166,282,49,93,25,130,112,23,65,118,75,26,81,45,102,88,76,122,36,72
447,453,194,94,477,119,241,132,172,203,461,502,874,346,255,285,321,882,509,58,267,472,291,191,323,124,343,249,267,579,715,1340,272,491,103,536,449,76,231,504,308,98,331,201,383,429,315,472,183,337
195,161,62,26,154,37,132,26,44,64,145,154,282,100,84,93,96,257,152,19,81,174,87,63,82,41,118,79,86,175,220,442,80,157,31,174,143,25,63,155,109,35,118,48,124,129,92,153,49,101
155,147,66,32,179,47,172,44,19,61,141,167,292,105,105,96,132,284,172,27,115,171,105,69,88,37,99,81,84,199,235,471,90,178,36,176,167,22,67,169,111,35,129,60,121,123,96,183,60,129
239,179,82,36,205,49,203,64,61,46,156,218,364,136,127,137,146,347,241,32,134,221,131,79,142,36,132,93,117,252,315,558,116,205,44,227,209,35,115,206,144,36,140,75,168,183,128,198,81,157
438,368,157,80,429,103,461,145,141,156,160,452,786,302,235,285,314,735,444,62,279,485,269,185,278,87,266,217,246,519,597,1123,198,451,106,447,415,80,235,410,277,90,319,151,356,357,257,406,159,302
479,476,248,85,569,125,502,154,167,218,452,324,979,350,290,303,378,1003,551,78,282,558,336,239,377,158,432,258,295,715,820,1537,298,517,147,570,502,80,271,569,414,122,397,192,481,535,346,568,209,389
833,825,384,147,931,194,874,282,292,364,786,979,819,598,488,512,648,1458,869,134,495,919,555,362,634,268,672,446,480,1182,1338,2407,465,821,213,991,838,147,443,991,614,181,655,308,752,784,573,926,323,530
375,293,126,63,327,87,346,100,105,136,302,350,598,98,170,210,250,579,366,37,178,331,185,144,202,66,215,157,166,396,531,926,188,326,61,338,302,64,154,369,202,58,257,120,268,292,176,345,115,220
337,206,100,43,260,64,255,84,105,127,235,290,488,170,79,147,178,463,265,37,145,284,162,123,177,58,166,138,133,307,397,763,145,253,52,273,262,43,131,276,174,57,211,111,212,252,161,285,104,196
364,249,101,59,294,66,285,93,96,137,285,303,512,210,147,78,205,505,290,38,158,305,194,131,180,64,178,112,147,366,428,872,175,260,49,315,290,51,146,285,169,61,225,112,236,272,189,325,117,213
346,335,151,70,345,76,321,96,132,146,314,378,648,250,178,205,134,678,372,47,177,358,217,145,242,94,236,177,197,431,546,1040,211,327,90,375,335,61,172,397,224,63,301,148,317,317,243,400,144,237
834,774,369,143,894,200,882,257,284,347,735,1003,1458,579,463,505,678,771,921,122,496,917,599,368,599,239,664,425,469,1165,1276,2369,453,860,198,1007,872,144,432,942,607,172,674,327,743,795,549,902,327,559
482,417,201,91,505,126,509,152,172,241,444,551,869,366,265,290,372,921,251,51,275,471,307,220,325,133,315,240,275,672,732,1393,281,483,120,544,495,92,232,599,357,106,357,191,400,494,302,523,176,338
55,66,17,14,68,18,58,19,27,32,62,78,134,37,37,38,47,122,51,6,28,68,42,25,36,14,37,32,25,79,102,171,41,47,18,61,50,15,31,60,35,15,50,19,52,64,38,62,22,43
324,246,103,56,290,68,267,81,115,134,279,282,495,178,145,158,177,496,275,28,58,285,166,98,198,68,168,143,122,333,417,802,161,261,61,279,289,44,117,342,195,59,229,120,224,257,152,269,122,175
499,435,194,96,548,128,472,174,171,221,485,558,919,331,284,305,358,917,471,68,285,254,299,215,344,124,323,267,301,645,759,1400,285,495,121,561,484,96,258,577,340,104,379,195,419,477,332,514,184,351
361,252,129,46,302,65,291,87,105,131,269,336,555,185,162,194,217,599,307,42,166,299,74,122,184,91,199,126,145,417,428,871,190,276,71,320,272,38,144,275,184,63,239,114,223,277,203,293,115,215
190,145,78,40,204,53,191,63,69,79,185,239,362,144,123,131,145,368,220,25,98,215,122,40,101,48,132,103,99,261,308,540,110,207,44,205,177,30,118,205,123,33,148,64,159,160,126,182,58,132
391,263,135,51,332,84,323,82,88,142,278,377,634,202,177,180,242,599,325,36,198,344,184,101,102,86,199,158,177,415,493,893,194,298,61,351,299,52,149,323,224,79,261,118,248,290,197,359,138,200
143,96,50,19,124,23,124,41,37,36,87,158,268,66,58,64,94,239,133,14,68,124,91,48,86,10,69,65,69,145,193,393,72,134,30,144,123,25,62,123,84,19,102,34,95,126,92,127,51,82
382,272,137,60,336,75,343,118,99,132,266,432,672,215,166,178,236,664,315,37,168,323,199,132,199,69,105,171,149,444,555,1001,187,321,78,375,317,64,171,355,230,59,256,118,268,293,222,357,126,237
257,188,108,37,240,59,249,79,81,93,217,258,446,157,138,112,177,425,240,32,143,267,126,103,158,65,171,53,128,282,358,722,126,232,50,228,221,27,120,231,144,52,185,83,196,229,159,260,101,153
289,218,99,35,255,60,267,86,84,117,246,295,480,166,133,147,197,469,275,25,122,301,145,99,177,69,149,128,57,306,377,722,157,229,51,273,245,46,142,283,187,53,198,81,214,238,139,291,97,193
577,539,224,113,634,138,579,175,199,252,519,715,1182,396,307,366,431,1165,672,79,333,645,417,261,415,145,444,282,306,398,980,1803,331,596,125,657,584,87,303,658,456,128,491,247,527,579,398,682,244,418
685,684,270,120,735,166,715,220,235,315,597,820,1338,531,397,428,546,1276,732,102,417,759,428,308,493,193,555,358,377,980,572,2056,401,738,156,806,701,126,357,831,494,144,532,311,603,695,449,801,257,517
1158,1214,547,188,1444,282,1340,442,471,558,1123,1537,2407,926,763,872,1040,2369,1393,171,802,1400,871,540,893,393,1001,722,722,1803,2056,1914,767,1321,322,1467,1237,215,693,1528,953,281,1043,543,1087,1268,874,1396,497,918
258,246,120,42,254,49,272,80,90,116,198,298,465,188,145,175,211,453,281,41,161,285,190,110,194,72,187,126,157,331,401,767,88,247,56,301,261,39,127,307,208,54,178,120,203,231,179,264,107,196
493,433,184,76,485,93,491,157,178,205,451,517,821,326,253,260,327,860,483,47,261,495,276,207,298,134,321,232,229,596,738,1321,247,217,101,484,424,58,240,520,316,113,346,176,414,466,273,465,193,317
121,98,42,24,129,25,103,31,36,44,106,147,213,61,52,49,90,198,120,18,61,121,71,44,61,30,78,50,51,125,156,322,56,101,13,119,101,19,61,119,68,19,84,41,70,89,83,100,49,86
487,466,203,107,557,130,536,174,176,227,447,570,991,338,273,315,375,1007,544,61,279,561,320,205,351,144,375,228,273,657,806,1467,301,484,119,261,483,92,247,591,355,109,414,209,408,485,335,583,212,358
474,425,186,77,507,112,449,143,167,209,415,502,838,302,262,290,335,872,495,50,289,484,272,177,299,123,317,221,245,584,701,1237,261,424,101,483,221,72,223,484,298,95,332,186,376,410,280,479,169,329
96,65,37,16,91,23,76,25,22,35,80,80,147,64,43,51,61,144,92,15,44,96,38,30,52,25,64,27,46,87,126,215,39,58,19,92,72,5,42,73,64,17,61,32,67,75,43,95,29,52
256,240,100,47,252,65,231,63,67,115,235,271,443,154,131,146,172,432,232,31,117,258,144,118,149,62,171,120,142,303,357,693,127,240,61,247,223,42,56,271,161,38,194,94,177,227,139,241,87,165
503,468,193,73,524,118,504,155,169,206,410,569,991,369,276,285,397,942,599,60,342,577,275,205,323,123,355,231,283,658,831,1528,307,520,119,591,484,73,271,265,329,112,409,214,434,487,328,514,189,350
313,267,133,50,317,75,308,109,111,144,277,414,614,202,174,169,224,607,357,35,195,340,184,123,224,84,230,144,187,456,494,953,208,316,68,355,298,64,161,329,117,75,243,143,245,323,204,321,120,195
108,95,52,17,119,26,98,35,35,36,90,122,181,58,57,61,63,172,106,15,59,104,63,33,79,19,59,52,53,128,144,281,54,113,19,109,95,17,38,112,75,11,86,32,81,114,58,106,45,76
376,345,172,55,406,81,331,118,129,140,319,397,655,257,211,225,301,674,357,50,229,379,239,148,261,102,256,185,198,491,532,1043,178,346,84,414,332,61,194,409,243,86,146,132,307,329,218,390,160,275
190,162,83,26,191,45,201,48,60,75,151,192,308,120,111,112,148,327,191,19,120,195,114,64,118,34,118,83,81,247,311,543,120,176,41,209,186,32,94,214,143,32,132,33,125,178,126,202,67,151
433,343,167,64,408,102,383,124,121,168,356,481,752,268,212,236,317,743,400,52,224,419,223,159,248,95,268,196,214,527,603,1087,203,414,70,408,376,67,177,434,245,81,307,125,166,380,250,407,139,274
405,425,168,74,438,88,429,129,123,183,357,535,784,292,252,272,317,795,494,64,257,477,277,160,290,126,293,229,238,579,695,1268,231,466,89,485,410,75,227,487,323,114,329,178,380,201,248,469,149,322
352,260,130,50,287,76,315,92,96,128,257,346,573,176,161,189,243,549,302,38,152,332,203,126,197,92,222,159,139,398,449,874,179,273,83,335,280,43,139,328,204,58,218,126,250,248,90,313,104,209
489,442,204,93,509,122,472,153,183,198,406,568,926,345,285,325,400,902,523,62,269,514,293,182,359,127,357,260,291,682,801,1396,264,465,100,583,479,95,241,514,321,106,390,202,407,469,313,249,180,340
174,158,68,28,196,36,183,49,60,81,159,209,323,115,104,117,144,327,176,22,122,184,115,58,138,51,126,101,97,244,257,497,107,193,49,212,169,29,87,189,120,45,160,67,139,149,104,180,39,128
364,291,139,58,346,72,337,101,129,157,302,389,530,220,196,213,237,559,338,43,175,351,215,132,200,82,237,153,193,418,517,918,196,317,86,358,329,52,165,350,195,76,275,151,274,322,209,340,128,117
