266,447,192,91,557,107,467,179,151,251,455,520,797,398,309,317,369,795,512,61,333,521,366,210,341,150,369,288,307,624,720,1184,266,519,101,523,487,99,251,462,345,118,355,190,414,428,325,520,167,392
447,185,166,72,437,104,417,121,136,175,345,488,766,290,223,237,307,801,441,57,234,458,265,161,289,94,304,180,208,561,686,1276,251,411,112,454,402,70,221,462,300,91,354,138,374,416,261,474,173,314
192,166,44,46,207,48,204,60,71,88,189,214,353,116,115,117,139,360,179,30,92,221,122,89,127,53,131,88,75,238,314,586,104,191,45,185,181,35,81,201,125,32,173,80,163,187,121,215,81,124
91,72,46,8,73,24,77,30,24,33,67,94,153,52,42,55,66,148,92,16,39,95,61,32,58,27,62,46,53,110,140,217,32,91,21,98,85,16,51,98,52,19,49,35,67,73,48,91,34,52
557,437,207,73,247,120,486,136,161,222,429,555,949,325,236,265,363,941,530,65,263,530,314,206,331,114,323,235,297,643,836,1444,280,465,119,599,479,89,248,552,376,97,415,158,386,470,298,536,179,333
107,104,48,24,120,12,113,38,33,50,94,116,204,86,63,70,81,211,110,23,60,132,72,49,73,30,86,53,62,147,183,290,52,119,25,135,121,21,57,138,75,25,63,44,110,96,67,116,43,74
467,417,204,77,486,113,234,154,131,218,423,559,879,310,278,290,341,884,496,74,269,536,308,208,344,123,336,220,246,643,737,1303,228,477,115,510,440,82,232,503,322,97,350,185,380,463,291,531,185,344
179,121,60,30,136,38,154,18,53,60,132,177,258,101,79,74,105,256,144,7,71,139,96,62,99,35,119,67,75,159,236,419,89,134,29,154,146,24,65,175,87,29,133,62,115,144,94,141,52,99
151,136,71,24,161,33,131,53,20,77,142,183,318,121,100,98,109,333,152,14,104,173,89,59,89,53,120,61,76,214,234,441,98,148,43,171,135,29,67,169,96,27,121,68,112,153,102,169,60,109
251,175,88,33,222,50,218,60,77,55,175,226,376,136,123,132,145,378,187,27,110,203,145,81,149,64,144,91,131,255,312,562,101,221,46,210,186,32,95,206,132,25,158,81,185,203,125,227,74,151
455,345,189,67,429,94,423,132,142,175,185,474,785,262,245,248,294,789,400,45,227,412,246,171,284,113,309,215,212,543,670,1231,212,403,97,433,385,59,205,471,281,72,330,159,341,394,241,444,163,289
520,488,214,94,555,116,559,177,183,226,474,332,1041,353,286,319,428,1057,566,69,309,602,304,226,370,131,366,266,277,729,851,1561,292,548,141,653,561,98,302,623,362,125,442,193,428,529,368,586,211,404
797,766,353,153,949,204,879,258,318,376,785,1041,850,576,457,505,685,1483,912,108,505,938,551,358,606,221,624,377,452,1197,1422,2457,477,875,227,1018,836,154,470,1021,609,220,694,339,731,811,634,981,358,627
398,290,116,52,325,86,310,101,121,136,262,353,576,99,175,191,262,612,331,36,182,335,211,115,215,86,211,155,180,391,511,896,158,310,79,329,290,48,152,359,197,63,255,129,265,301,204,343,108,228
309,223,115,42,236,63,278,79,100,123,245,286,457,175,67,132,168,476,273,35,124,270,163,127,178,71,196,108,129,318,372,729,155,241,56,253,265,38,118,314,172,44,225,110,244,256,149,289,102,197
317,237,117,55,265,70,290,74,98,132,248,319,505,191,132,75,184,507,294,37,138,292,160,121,184,61,195,131,148,333,425,781,150,280,53,269,297,48,130,301,193,49,210,119,220,276,160,299,106,220
369,307,139,66,363,81,341,105,109,145,294,428,685,262,168,184,144,664,409,46,196,376,218,162,236,83,238,165,197,485,570,1015,190,355,81,369,375,62,178,425,242,60,293,135,297,355,200,357,130,231
795,801,360,148,941,211,884,256,333,378,789,1057,1483,612,476,507,664,829,932,116,521,961,560,373,588,233,643,409,472,1172,1386,2473,444,877,221,1022,848,152,478,982,607,212,673,354,719,862,597,897,364,631
512,441,179,92,530,110,496,144,152,187,400,566,912,331,273,294,409,932,246,63,278,503,324,200,342,138,350,231,268,653,782,1448,266,494,99,520,497,93,252,558,357,108,382,192,415,485,333,502,180,355
61,57,30,16,65,23,74,7,14,27,45,69,108,36,35,37,46,116,63,4,21,66,41,27,42,18,48,33,30,64,102,200,33,70,11,62,58,10,30,70,38,21,48,22,55,60,27,67,25,42
333,234,92,39,263,60,269,71,104,110,227,309,505,182,124,138,196,521,278,21,57,314,166,131,178,74,182,134,133,330,394,818,143,266,71,269,294,39,129,292,181,50,224,105,242,233,178,279,103,185
521,458,221,95,530,132,536,139,173,203,412,602,938,335,270,292,376,961,503,66,314,294,314,213,368,140,334,250,255,673,790,1439,271,481,120,526,476,103,232,554,351,111,400,177,418,520,311,508,168,367
366,265,122,61,314,72,308,96,89,145,246,304,551,211,163,160,218,560,324,41,166,314,103,117,219,71,212,130,127,369,437,771,169,299,80,311,294,39,136,329,208,70,241,134,257,273,157,322,124,209
210,161,89,32,206,49,208,62,59,81,171,226,358,115,127,121,162,373,200,27,131,213,117,33,144,51,139,116,105,259,317,575,108,211,52,215,188,33,112,188,119,48,157,70,184,168,140,201,86,140
341,289,127,58,331,73,344,99,89,149,284,370,606,215,178,184,236,588,342,42,178,368,219,144,121,77,205,150,149,409,499,961,183,324,78,355,350,57,158,374,222,72,266,124,277,330,202,367,142,240
150,94,53,27,114,30,123,35,53,64,113,131,221,86,71,61,83,233,138,18,74,140,71,51,77,17,73,58,51,165,183,379,77,131,29,131,124,23,66,132,78,32,113,52,107,105,90,143,58,93
369,304,131,62,323,86,336,119,120,144,309,366,624,211,196,195,238,643,350,48,182,334,212,139,205,73,115,132,169,427,529,973,220,341,94,358,311,54,200,370,212,69,281,123,272,325,215,368,131,258
288,180,88,46,235,53,220,67,61,91,215,266,377,155,108,131,165,409,231,33,134,250,130,116,150,58,132,53,110,268,354,633,96,193,56,249,221,38,119,256,153,37,189,92,182,206,153,229,88,163
307,208,75,53,297,62,246,75,76,131,212,277,452,180,129,148,197,472,268,30,133,255,127,105,149,51,169,110,58,313,382,703,140,227,53,273,235,45,126,268,130,47,203,93,176,245,164,269,85,188
624,561,238,110,643,147,643,159,214,255,543,729,1197,391,318,333,485,1172,653,64,330,673,369,259,409,165,427,268,313,421,971,1919,372,577,145,697,600,100,322,709,448,128,520,228,500,621,370,701,245,441
720,686,314,140,836,183,737,236,234,312,670,851,1422,511,372,425,570,1386,782,102,394,790,437,317,499,183,529,354,382,971,566,2087,411,749,171,826,706,158,383,856,490,160,588,278,631,752,504,808,278,521
1184,1276,586,217,1444,290,1303,419,441,562,1231,1561,2457,896,729,781,1015,2473,1448,200,818,1439,771,575,961,379,973,633,703,1919,2087,1920,717,1307,332,1583,1290,245,701,1584,925,296,1090,536,1166,1312,907,1415,507,956
266,251,104,32,280,52,228,89,98,101,212,292,477,158,155,150,190,444,266,33,143,271,169,108,183,77,220,96,140,372,411,717,73,249,53,301,274,42,133,281,172,45,219,92,243,287,167,304,91,186
519,411,191,91,465,119,477,134,148,221,403,548,875,310,241,280,355,877,494,70,266,481,299,211,324,131,341,193,227,577,749,1307,249,196,93,513,443,68,245,528,324,104,363,165,385,430,294,512,152,331
101,112,45,21,119,25,115,29,43,46,97,141,227,79,56,53,81,221,99,11,71,120,80,52,78,29,94,56,53,145,171,332,53,93,10,119,112,22,49,139,71,16,79,36,115,134,71,111,43,104
523,454,185,98,599,135,510,154,171,210,433,653,1018,329,253,269,369,1022,520,62,269,526,311,215,355,131,358,249,273,697,826,1583,301,513,119,269,542,74,274,577,367,105,429,201,418,483,321,583,207,390
487,402,181,85,479,121,440,146,135,186,385,561,836,290,265,297,375,848,497,58,294,476,294,188,350,124,311,221,235,600,706,1290,274,443,112,542,233,92,255,512,345,118,315,170,377,411,312,500,172,322
99,70,35,16,89,21,82,24,29,32,59,98,154,48,38,48,62,152,93,10,39,103,39,33,57,23,54,38,45,100,158,245,42,68,22,74,92,8,44,81,56,23,61,22,70,82,53,86,35,49
251,221,81,51,248,57,232,65,67,95,205,302,470,152,118,130,178,478,252,30,129,232,136,112,158,66,200,119,126,322,383,701,133,245,49,274,255,44,60,257,141,48,223,85,193,226,166,265,87,164
462,462,201,98,552,138,503,175,169,206,471,623,1021,359,314,301,425,982,558,70,292,554,329,188,374,132,370,256,268,709,856,1584,281,528,139,577,512,81,257,265,339,106,405,196,430,496,336,553,228,329
345,300,125,52,376,75,322,87,96,132,281,362,609,197,172,193,242,607,357,38,181,351,208,119,222,78,212,153,130,448,490,925,172,324,71,367,345,56,141,339,118,59,279,135,263,327,194,365,132,223
118,91,32,19,97,25,97,29,27,25,72,125,220,63,44,49,60,212,108,21,50,111,70,48,72,32,69,37,47,128,160,296,45,104,16,105,118,23,48,106,59,7,84,44,88,87,60,106,29,62
355,354,173,49,415,63,350,133,121,158,330,442,694,255,225,210,293,673,382,48,224,400,241,157,266,113,281,189,203,520,588,1090,219,363,79,429,315,61,223,405,279,84,145,141,324,394,249,394,142,269
190,138,80,35,158,44,185,62,68,81,159,193,339,129,110,119,135,354,192,22,105,177,134,70,124,52,123,92,93,228,278,536,92,165,36,201,170,22,85,196,135,44,141,33,143,154,115,187,80,122
414,374,163,67,386,110,380,115,112,185,341,428,731,265,244,220,297,719,415,55,242,418,257,184,277,107,272,182,176,500,631,1166,243,385,115,418,377,70,193,430,263,88,324,143,166,381,222,445,154,303
428,416,187,73,470,96,463,144,153,203,394,529,811,301,256,276,355,862,485,60,233,520,273,168,330,105,325,206,245,621,752,1312,287,430,134,483,411,82,226,496,327,87,394,154,381,194,293,479,191,291
325,261,121,48,298,67,291,94,102,125,241,368,634,204,149,160,200,597,333,27,178,311,157,140,202,90,215,153,164,370,504,907,167,294,71,321,312,53,166,336,194,60,249,115,222,293,96,330,113,202
520,474,215,91,536,116,531,141,169,227,444,586,981,343,289,299,357,897,502,67,279,508,322,201,367,143,368,229,269,701,808,1415,304,512,111,583,500,86,265,553,365,106,394,187,445,479,330,303,206,381
167,173,81,34,179,43,185,52,60,74,163,211,358,108,102,106,130,364,180,25,103,168,124,86,142,58,131,88,85,245,278,507,91,152,43,207,172,35,87,228,132,29,142,80,154,191,113,206,36,155
392,314,124,52,333,74,344,99,109,151,289,404,627,228,197,220,231,631,355,42,185,367,209,140,240,93,258,163,188,441,521,956,186,331,104,390,322,49,164,329,223,62,269,122,303,291,202,381,155,128
