302,500,218,98,525,125,499,183,188,252,454,510,890,407,313,367,402,856,482,82,326,561,333,248,367,142,370,273,297,645,693,1227,257,478,109,571,510,89,251,471,335,113,349,181,480,459,308,480,156,394
500,188,174,74,475,91,393,117,140,181,374,490,780,299,233,210,301,822,459,57,205,429,249,166,243,118,293,194,196,519,694,1328,240,397,112,424,401,68,206,444,285,87,334,190,342,405,270,491,191,324
218,174,37,44,215,54,214,55,61,78,171,213,364,135,96,121,138,345,204,24,104,200,116,85,126,49,114,87,99,265,313,566,123,215,48,175,188,25,98,201,121,36,176,72,162,200,150,224,82,120
98,74,44,8,83,23,73,25,31,41,86,93,141,53,51,46,65,145,87,12,56,94,55,26,60,24,52,52,51,111,119,223,41,96,19,95,82,12,41,84,53,16,62,35,79,95,48,87,28,70
525,475,215,83,255,108,516,172,176,227,426,567,977,302,269,256,367,912,537,69,289,542,313,214,331,116,334,224,285,604,779,1498,292,439,130,554,445,84,267,545,347,130,414,177,438,473,335,534,187,339
125,91,54,23,108,17,109,35,33,45,98,133,204,89,85,74,82,211,119,14,57,117,94,50,84,21,61,58,67,165,167,303,65,119,25,133,114,16,56,114,67,16,74,41,107,109,69,111,51,84
499,393,214,73,516,109,235,154,178,196,424,527,855,336,297,297,376,923,474,55,282,527,294,217,299,118,309,238,237,644,793,1310,243,474,99,541,467,84,252,503,304,79,369,184,379,467,307,519,178,305
183,117,55,25,172,35,154,24,51,64,130,169,259,118,83,80,128,255,170,20,65,171,90,69,100,44,99,81,74,191,220,406,80,143,25,169,131,27,71,153,109,34,113,58,136,144,95,167,52,107
188,140,61,31,176,33,178,51,30,74,138,183,332,120,93,101,107,314,158,20,90,160,93,82,119,38,106,86,77,213,261,491,82,150,43,186,163,24,88,175,101,32,140,57,143,143,123,167,61,105
252,181,78,41,227,45,196,64,74,37,162,230,333,145,107,100,144,354,213,22,133,203,112,86,137,50,133,117,112,281,284,528,94,185,61,213,213,41,91,202,123,43,161,77,160,185,121,196,72,134
454,374,171,86,426,98,424,130,138,162,194,493,746,309,220,245,285,784,425,57,236,408,236,168,278,117,285,205,240,548,648,1179,221,379,103,399,410,72,216,438,248,83,341,173,348,371,270,425,151,285
510,490,213,93,567,133,527,169,183,230,493,332,1024,356,290,319,426,1051,587,62,298,555,333,217,364,141,367,248,294,704,861,1610,307,523,123,627,554,95,291,607,351,114,432,200,456,535,333,578,207,400
890,780,364,141,977,204,855,259,332,333,746,1024,827,586,474,479,682,1508,940,111,488,972,577,380,624,226,596,433,480,1173,1386,2587,494,866,242,1017,831,138,473,973,646,202,684,367,749,876,602,938,368,617
407,299,135,53,302,89,336,118,120,145,309,356,586,103,167,179,247,564,325,33,169,328,175,136,190,85,220,166,157,405,521,894,166,296,97,338,290,46,180,382,206,72,242,118,263,282,186,381,106,226
313,233,96,51,269,85,297,83,93,107,220,290,474,167,61,125,164,482,243,33,132,269,152,117,182,62,154,115,123,324,414,784,145,246,62,263,251,45,122,294,157,49,201,99,201,217,167,298,97,175
367,210,121,46,256,74,297,80,101,100,245,319,479,179,125,74,180,500,266,32,151,288,165,117,179,73,174,122,130,332,463,850,145,241,68,284,235,57,135,302,192,41,222,97,218,249,189,318,97,205
402,301,138,65,367,82,376,128,107,144,285,426,682,247,164,180,147,663,365,43,222,370,211,173,242,81,243,180,150,478,541,999,205,343,64,408,343,51,180,386,277,83,292,113,297,353,215,389,122,236
856,822,345,145,912,211,923,255,314,354,784,1051,1508,564,482,500,663,804,876,103,514,934,577,400,612,226,598,405,467,1112,1417,2535,511,851,216,1032,854,156,453,1043,631,203,671,351,773,889,568,934,367,601
482,459,204,87,537,119,474,170,158,213,425,587,940,325,243,266,365,876,265,66,297,496,281,230,314,124,334,231,242,647,756,1420,280,430,133,526,496,79,272,542,355,106,378,187,436,433,289,551,185,328
82,57,24,12,69,14,55,20,20,22,57,62,111,33,33,32,43,103,66,4,33,60,29,25,42,15,35,27,36,80,91,181,35,54,15,64,57,6,32,85,43,15,50,21,47,70,28,67,25,52
326,205,104,56,289,57,282,65,90,133,236,298,488,169,132,151,222,514,297,33,74,302,186,108,167,73,205,128,124,342,405,777,162,254,60,297,250,41,120,286,170,51,208,116,222,257,175,281,107,191
561,429,200,94,542,117,527,171,160,203,408,555,972,328,269,288,370,934,496,60,302,279,317,234,324,142,365,226,260,678,792,1417,287,474,140,564,512,84,259,579,342,105,419,212,439,465,323,545,185,338
333,249,116,55,313,94,294,90,93,112,236,333,577,175,152,165,211,577,281,29,186,317,84,116,190,70,185,136,135,398,428,851,172,278,50,318,255,59,137,323,209,60,238,113,205,263,190,332,98,196
248,166,85,26,214,50,217,69,82,86,168,217,380,136,117,117,173,400,230,25,108,234,116,38,125,50,141,89,93,253,335,561,111,189,42,229,212,47,119,196,121,51,148,87,155,166,125,214,72,143
367,243,126,60,331,84,299,100,119,137,278,364,624,190,182,179,242,612,314,42,167,324,190,125,97,83,207,167,145,403,514,978,189,328,73,359,292,54,183,337,220,73,265,112,227,286,214,362,147,242
142,118,49,24,116,21,118,44,38,50,117,141,226,85,62,73,81,226,124,15,73,142,70,50,83,12,80,81,61,169,173,386,74,126,30,124,123,31,73,119,66,34,88,42,101,111,90,155,43,92
370,293,114,52,334,61,309,99,106,133,285,367,596,220,154,174,243,598,334,35,205,365,185,141,207,80,119,167,159,430,527,1057,185,319,72,313,301,59,171,365,183,71,252,123,257,314,199,398,146,258
273,194,87,52,224,58,238,81,86,117,205,248,433,166,115,122,180,405,231,27,128,226,136,89,167,81,167,62,127,261,386,674,128,212,56,226,241,40,131,256,152,47,168,81,205,212,153,256,101,177
297,196,99,51,285,67,237,74,77,112,240,294,480,157,123,130,150,467,242,36,124,260,135,93,145,61,159,127,58,323,371,744,141,234,66,225,226,46,142,235,147,58,198,79,183,238,162,253,91,179
645,519,265,111,604,165,644,191,213,281,548,704,1173,405,324,332,478,1112,647,80,342,678,398,253,403,169,430,261,323,388,1041,1869,335,607,153,700,615,88,325,740,447,132,496,241,515,638,392,689,233,455
693,694,313,119,779,167,793,220,261,284,648,861,1386,521,414,463,541,1417,756,91,405,792,428,335,514,173,527,386,371,1041,650,2120,411,700,187,821,728,133,395,813,553,169,575,270,635,730,504,807,276,508
1227,1328,566,223,1498,303,1310,406,491,528,1179,1610,2587,894,784,850,999,2535,1420,181,777,1417,851,561,978,386,1057,674,744,1869,2120,1987,757,1408,330,1606,1273,235,713,1515,986,304,1045,559,1157,1347,908,1453,513,989
257,240,123,41,292,65,243,80,82,94,221,307,494,166,145,145,205,511,280,35,162,287,172,111,189,74,185,128,141,335,411,757,62,287,75,314,248,52,130,323,192,48,198,96,217,234,176,290,107,193
478,397,215,96,439,119,474,143,150,185,379,523,866,296,246,241,343,851,430,54,254,474,278,189,328,126,319,212,234,607,700,1408,287,181,110,482,460,72,224,486,302,112,380,164,399,415,317,488,177,339
109,112,48,19,130,25,99,25,43,61,103,123,242,97,62,68,64,216,133,15,60,140,50,42,73,30,72,56,66,153,187,330,75,110,12,122,102,25,46,133,82,18,94,42,90,121,71,106,48,64
571,424,175,95,554,133,541,169,186,213,399,627,1017,338,263,284,408,1032,526,64,297,564,318,229,359,124,313,226,225,700,821,1606,314,482,122,295,480,101,259,574,337,112,407,200,449,540,356,576,206,341
510,401,188,82,445,114,467,131,163,213,410,554,831,290,251,235,343,854,496,57,250,512,255,212,292,123,301,241,226,615,728,1273,248,460,102,480,214,86,237,528,335,111,357,191,380,458,293,484,181,340
89,68,25,12,84,16,84,27,24,41,72,95,138,46,45,57,51,156,79,6,41,84,59,47,54,31,59,40,46,88,133,235,52,72,25,101,86,10,32,106,55,13,64,33,77,88,47,86,36,57
251,206,98,41,267,56,252,71,88,91,216,291,473,180,122,135,180,453,272,32,120,259,137,119,183,73,171,131,142,325,395,713,130,224,46,259,237,32,60,263,184,53,204,97,224,240,152,280,80,175
471,444,201,84,545,114,503,153,175,202,438,607,973,382,294,302,386,1043,542,85,286,579,323,196,337,119,365,256,235,740,813,1515,323,486,133,574,528,106,263,285,357,114,415,215,434,506,356,543,206,343
335,285,121,53,347,67,304,109,101,123,248,351,646,206,157,192,277,631,355,43,170,342,209,121,220,66,183,152,147,447,553,986,192,302,82,337,335,55,184,357,118,54,249,135,257,345,204,346,119,224
113,87,36,16,130,16,79,34,32,43,83,114,202,72,49,41,83,203,106,15,51,105,60,51,73,34,71,47,58,132,169,304,48,112,18,112,111,13,53,114,54,9,71,37,80,99,67,115,45,84
349,334,176,62,414,74,369,113,140,161,341,432,684,242,201,222,292,671,378,50,208,419,238,148,265,88,252,168,198,496,575,1045,198,380,94,407,357,64,204,415,249,71,143,154,314,357,236,412,137,253
181,190,72,35,177,41,184,58,57,77,173,200,367,118,99,97,113,351,187,21,116,212,113,87,112,42,123,81,79,241,270,559,96,164,42,200,191,33,97,215,135,37,154,40,141,173,126,202,73,144
480,342,162,79,438,107,379,136,143,160,348,456,749,263,201,218,297,773,436,47,222,439,205,155,227,101,257,205,183,515,635,1157,217,399,90,449,380,77,224,434,257,80,314,141,156,389,275,419,153,277
459,405,200,95,473,109,467,144,143,185,371,535,876,282,217,249,353,889,433,70,257,465,263,166,286,111,314,212,238,638,730,1347,234,415,121,540,458,88,240,506,345,99,357,173,389,209,281,476,170,319
308,270,150,48,335,69,307,95,123,121,270,333,602,186,167,189,215,568,289,28,175,323,190,125,214,90,199,153,162,392,504,908,176,317,71,356,293,47,152,356,204,67,236,126,275,281,110,320,122,207
480,491,224,87,534,111,519,167,167,196,425,578,938,381,298,318,389,934,551,67,281,545,332,214,362,155,398,256,253,689,807,1453,290,488,106,576,484,86,280,543,346,115,412,202,419,476,320,245,189,360
156,191,82,28,187,51,178,52,61,72,151,207,368,106,97,97,122,367,185,25,107,185,98,72,147,43,146,101,91,233,276,513,107,177,48,206,181,36,80,206,119,45,137,73,153,170,122,189,34,115
394,324,120,70,339,84,305,107,105,134,285,400,617,226,175,205,236,601,328,52,191,338,196,143,242,92,258,177,179,455,508,989,193,339,64,341,340,57,175,343,224,84,253,144,277,319,207,360,115,104
