240,456,205,96,513,97,487,197,167,257,460,514,806,375,340,345,351,795,487,70,329,569,325,200,358,148,354,280,295,594,664,1177,266,488,111,473,474,78,227,448,299,89,375,195,431,441,331,484,174,364
456,172,166,78,455,91,429,120,152,174,384,467,789,270,247,252,326,793,421,59,238,427,255,180,277,101,286,227,195,535,697,1239,230,421,93,489,390,82,218,488,244,73,349,166,357,377,251,484,152,299
205,166,38,33,214,48,197,63,66,86,169,200,360,127,102,100,146,351,204,16,106,202,113,76,137,59,128,89,84,248,275,560,108,197,48,218,183,33,113,183,122,29,143,70,163,176,105,192,84,119
96,78,33,7,70,19,84,30,21,35,79,88,144,51,43,47,51,156,84,13,58,82,54,41,49,30,59,33,39,102,130,208,56,75,15,86,77,17,49,81,55,21,57,25,70,74,50,86,19,59
513,455,214,70,278,96,468,166,165,226,451,596,874,335,285,306,362,855,520,66,317,530,339,189,337,101,333,229,231,593,736,1357,259,486,98,526,488,81,231,522,328,104,344,203,431,457,330,529,175,365
97,91,48,19,96,13,110,38,29,48,91,123,204,74,51,56,74,185,121,21,72,105,67,54,75,42,89,52,58,122,150,278,59,115,33,113,114,26,66,106,68,22,81,34,77,98,63,111,31,80
487,429,197,84,468,110,237,152,146,202,412,537,849,302,242,289,353,849,505,57,282,488,300,200,299,123,325,221,279,601,729,1292,235,473,114,503,412,70,244,514,339,84,368,176,362,473,322,502,156,321
197,120,63,30,166,38,152,33,39,75,126,166,275,108,88,83,121,265,147,26,90,167,76,57,87,29,75,72,80,205,244,422,73,154,39,167,136,17,79,162,85,29,134,68,109,145,92,148,65,124
167,152,66,21,165,29,146,39,24,73,157,194,293,106,79,99,115,291,177,21,75,180,110,70,107,43,109,82,86,200,263,477,85,154,40,170,141,26,76,173,96,28,113,67,140,144,110,169,48,124
257,174,86,35,226,48,202,75,73,35,149,239,373,145,116,141,151,382,222,19,133,219,104,93,134,53,140,107,115,259,304,562,108,183,48,245,201,44,113,239,140,48,141,80,182,174,136,210,87,142
460,384,169,79,451,91,412,126,157,149,154,483,763,286,241,278,321,776,420,41,239,440,250,163,278,97,290,221,194,545,622,1158,220,397,106,478,412,75,220,447,305,94,314,170,335,379,278,406,152,297
514,467,200,88,596,123,537,166,194,239,483,327,998,357,268,329,403,1041,560,72,331,621,331,212,392,138,394,268,294,736,866,1508,283,502,131,574,516,76,293,600,348,107,470,203,456,506,344,589,192,363
806,789,360,144,874,204,849,275,293,373,763,998,797,577,465,499,685,1422,912,143,525,912,511,374,608,230,603,451,479,1120,1367,2434,508,877,220,946,822,145,446,931,556,160,656,319,728,813,538,910,314,591
375,270,127,51,335,74,302,108,106,145,286,357,577,95,183,180,248,553,344,33,181,356,201,122,191,82,220,156,147,386,483,880,176,328,64,352,314,46,171,388,219,71,243,105,247,289,223,358,112,232
340,247,102,43,285,51,242,88,79,116,241,268,465,183,72,115,207,471,280,32,155,300,155,113,183,67,181,118,122,335,406,750,151,213,68,262,245,42,155,277,191,61,189,101,240,253,179,301,103,174
345,252,100,47,306,56,289,83,99,141,278,329,499,180,115,84,201,521,304,37,177,321,156,109,183,69,170,120,128,349,444,855,164,243,68,264,273,40,148,304,200,54,226,108,254,257,178,332,110,198
351,326,146,51,362,74,353,121,115,151,321,403,685,248,207,201,119,648,328,36,223,361,221,160,228,90,267,167,192,452,510,1018,225,329,73,363,328,59,193,364,232,54,286,140,317,331,224,369,129,244
795,793,351,156,855,185,849,265,291,382,776,1041,1422,553,471,521,648,794,885,128,520,861,501,325,603,244,600,445,490,1154,1314,2395,460,879,199,957,813,136,405,924,579,169,641,332,725,831,563,950,339,621
487,421,204,84,520,121,505,147,177,222,420,560,912,344,280,304,328,885,262,66,287,504,319,198,307,132,342,252,269,603,746,1391,283,500,126,511,499,73,263,521,312,112,410,179,438,464,310,554,189,367
70,59,16,13,66,21,57,26,21,19,41,72,143,33,32,37,36,128,66,5,38,70,39,25,39,12,36,21,14,73,94,173,44,55,11,62,60,12,28,74,33,13,56,17,57,71,46,61,24,32
329,238,106,58,317,72,282,90,75,133,239,331,525,181,155,177,223,520,287,38,68,294,138,122,183,69,164,153,113,332,444,796,150,284,57,286,254,50,141,274,182,51,221,108,211,250,193,302,112,189
569,427,202,82,530,105,488,167,180,219,440,621,912,356,300,321,361,861,504,70,294,265,319,205,323,119,328,231,250,624,738,1371,272,504,117,521,472,82,275,540,300,102,406,174,421,453,350,532,174,360
325,255,113,54,339,67,300,76,110,104,250,331,511,201,155,156,221,501,319,39,138,319,78,119,179,88,234,139,143,388,442,839,186,288,60,301,252,48,161,323,187,73,198,111,232,286,158,296,107,173
200,180,76,41,189,54,200,57,70,93,163,212,374,122,113,109,160,325,198,25,122,205,119,44,112,62,137,91,96,260,323,539,108,204,34,220,177,35,97,219,152,41,150,75,152,182,129,213,58,121
358,277,137,49,337,75,299,87,107,134,278,392,608,191,183,183,228,603,307,39,183,323,179,112,101,79,219,162,154,405,490,960,172,307,84,311,301,57,190,321,229,56,269,127,232,310,191,341,118,215
148,101,59,30,101,42,123,29,43,53,97,138,230,82,67,69,90,244,132,12,69,119,88,62,79,18,91,67,64,138,214,374,77,123,25,145,128,15,61,135,91,32,94,46,122,112,91,137,49,89
354,286,128,59,333,89,325,75,109,140,290,394,603,220,181,170,267,600,342,36,164,328,234,137,219,91,132,175,160,399,561,992,198,327,81,336,324,47,158,375,241,82,248,112,278,289,209,366,133,246
280,227,89,33,229,52,221,72,82,107,221,268,451,156,118,120,167,445,252,21,153,231,139,91,162,67,175,45,132,295,392,704,133,208,53,267,217,45,95,251,138,53,176,93,182,238,144,238,96,183
295,195,84,39,231,58,279,80,86,115,194,294,479,147,122,128,192,490,269,14,113,250,143,96,154,64,160,132,73,309,366,735,152,230,51,241,239,31,134,272,175,43,209,91,216,215,156,263,98,151
594,535,248,102,593,122,601,205,200,259,545,736,1120,386,335,349,452,1154,603,73,332,624,388,260,405,138,399,295,309,378,1003,1784,376,607,129,665,604,116,312,666,424,108,477,230,511,631,387,666,250,414
664,697,275,130,736,150,729,244,263,304,622,866,1367,483,406,444,510,1314,746,94,444,738,442,323,490,214,561,392,366,1003,545,2090,394,716,169,786,708,138,401,797,455,166,578,299,624,713,479,777,280,535
1177,1239,560,208,1357,278,1292,422,477,562,1158,1508,2434,880,750,855,1018,2395,1391,173,796,1371,839,539,960,374,992,704,735,1784,2090,1882,716,1261,315,1530,1262,227,702,1493,862,282,995,491,1158,1249,840,1386,502,928
266,230,108,56,259,59,235,73,85,108,220,283,508,176,151,164,225,460,283,44,150,272,186,108,172,77,198,133,152,376,394,716,84,265,62,310,272,40,134,281,175,59,178,97,232,263,159,278,90,189
488,421,197,75,486,115,473,154,154,183,397,502,877,328,213,243,329,879,500,55,284,504,288,204,307,123,327,208,230,607,716,1261,265,226,108,473,447,89,251,499,298,109,367,166,380,414,310,445,148,352
111,93,48,15,98,33,114,39,40,48,106,131,220,64,68,68,73,199,126,11,57,117,60,34,84,25,81,53,51,129,169,315,62,108,15,117,109,23,55,122,82,28,89,45,87,104,73,114,46,90
473,489,218,86,526,113,503,167,170,245,478,574,946,352,262,264,363,957,511,62,286,521,301,220,311,145,336,267,241,665,786,1530,310,473,117,285,479,86,238,563,324,100,406,183,390,488,300,563,201,355
474,390,183,77,488,114,412,136,141,201,412,516,822,314,245,273,328,813,499,60,254,472,252,177,301,128,324,217,239,604,708,1262,272,447,109,479,207,87,246,449,311,78,370,151,344,450,317,478,162,323
78,82,33,17,81,26,70,17,26,44,75,76,145,46,42,40,59,136,73,12,50,82,48,35,57,15,47,45,31,116,138,227,40,89,23,86,87,9,23,115,71,8,52,28,54,85,49,77,28,67
227,218,113,49,231,66,244,79,76,113,220,293,446,171,155,148,193,405,263,28,141,275,161,97,190,61,158,95,134,312,401,702,134,251,55,238,246,23,59,276,164,54,194,104,201,236,134,261,103,181
448,488,183,81,522,106,514,162,173,239,447,600,931,388,277,304,364,924,521,74,274,540,323,219,321,135,375,251,272,666,797,1493,281,499,122,563,449,115,276,247,330,102,383,201,403,497,334,546,196,368
299,244,122,55,328,68,339,85,96,140,305,348,556,219,191,200,232,579,312,33,182,300,187,152,229,91,241,138,175,424,455,862,175,298,82,324,311,71,164,330,111,63,254,147,282,295,195,339,129,243
89,73,29,21,104,22,84,29,28,48,94,107,160,71,61,54,54,169,112,13,51,102,73,41,56,32,82,53,43,108,166,282,59,109,28,100,78,8,54,102,63,13,79,38,73,107,53,114,42,67
375,349,143,57,344,81,368,134,113,141,314,470,656,243,189,226,286,641,410,56,221,406,198,150,269,94,248,176,209,477,578,995,178,367,89,406,370,52,194,383,254,79,152,136,301,344,237,375,143,240
195,166,70,25,203,34,176,68,67,80,170,203,319,105,101,108,140,332,179,17,108,174,111,75,127,46,112,93,91,230,299,491,97,166,45,183,151,28,104,201,147,38,136,34,134,200,122,201,57,117
431,357,163,70,431,77,362,109,140,182,335,456,728,247,240,254,317,725,438,57,211,421,232,152,232,122,278,182,216,511,624,1158,232,380,87,390,344,54,201,403,282,73,301,134,157,366,268,413,141,286
441,377,176,74,457,98,473,145,144,174,379,506,813,289,253,257,331,831,464,71,250,453,286,182,310,112,289,238,215,631,713,1249,263,414,104,488,450,85,236,497,295,107,344,200,366,199,301,497,162,329
331,251,105,50,330,63,322,92,110,136,278,344,538,223,179,178,224,563,310,46,193,350,158,129,191,91,209,144,156,387,479,840,159,310,73,300,317,49,134,334,195,53,237,122,268,301,114,342,120,197
484,484,192,86,529,111,502,148,169,210,406,589,910,358,301,332,369,950,554,61,302,532,296,213,341,137,366,238,263,666,777,1386,278,445,114,563,478,77,261,546,339,114,375,201,413,497,342,281,184,369
174,152,84,19,175,31,156,65,48,87,152,192,314,112,103,110,129,339,189,24,112,174,107,58,118,49,133,96,98,250,280,502,90,148,46,201,162,28,103,196,129,42,143,57,141,162,120,184,24,117
364,299,119,59,365,80,321,124,124,142,297,363,591,232,174,198,244,621,367,32,189,360,173,121,215,89,246,183,151,414,535,928,189,352,90,355,323,67,181,368,243,67,240,117,286,329,197,369,117,122
