283,429,231,87,520,97,445,182,173,243,420,514,783,357,326,331,380,807,529,71,312,537,365,199,349,129,377,258,285,591,657,1239,230,440,107,531,496,87,254,491,341,101,374,168,414,426,337,506,168,372
429,179,159,76,424,95,435,135,120,162,352,512,836,284,224,224,315,826,418,49,206,456,266,173,293,114,294,197,225,523,662,1247,263,398,93,414,383,85,229,478,326,91,386,153,356,402,306,463,167,301
231,159,44,31,200,33,202,67,49,67,151,203,387,115,101,100,151,369,210,21,118,212,113,90,129,52,144,90,93,238,310,581,96,197,53,210,185,31,101,202,116,45,161,79,166,184,124,205,86,124
87,76,31,8,87,17,84,28,26,36,73,89,127,55,50,38,65,134,84,10,30,105,48,33,67,24,59,40,45,89,126,218,50,96,28,102,80,13,48,84,55,18,50,33,80,66,58,89,29,58
520,424,200,87,218,115,519,153,172,188,402,542,952,340,285,292,361,887,528,48,285,545,288,215,343,126,330,253,289,626,801,1429,270,452,113,549,495,89,261,529,338,118,381,169,435,468,325,546,156,351
97,95,33,17,115,13,93,37,39,41,99,121,173,66,73,64,76,205,109,14,56,118,62,39,85,31,78,65,71,150,168,310,65,103,35,141,104,21,61,109,67,18,73,55,106,108,79,107,36,73
445,435,202,84,519,93,229,150,171,188,432,497,860,329,277,291,329,896,496,68,264,517,292,207,314,129,324,232,274,625,711,1325,286,445,120,510,424,88,246,528,337,100,383,184,391,445,303,518,176,331
182,135,67,28,153,37,150,29,59,57,130,184,307,99,92,82,116,276,150,15,79,160,92,65,99,41,102,85,84,176,267,412,93,139,40,157,171,22,60,173,105,33,122,67,127,145,87,166,82,97
173,120,49,26,172,39,171,59,25,58,135,183,304,102,96,86,115,284,187,22,85,158,86,62,103,38,102,63,68,223,256,461,102,159,38,174,156,24,100,169,100,33,127,72,126,163,101,175,61,115
243,162,67,36,188,41,188,57,58,43,164,244,366,129,120,118,149,380,206,26,111,202,123,75,130,55,129,80,126,262,319,564,118,174,46,219,176,33,98,224,116,47,157,70,139,160,123,204,77,131
420,352,151,73,402,99,432,130,135,164,171,466,749,287,233,242,296,735,448,46,263,434,270,168,270,111,289,187,219,558,630,1145,259,405,90,459,379,74,236,466,288,98,334,155,342,361,265,427,143,279
514,512,203,89,542,121,497,184,183,244,466,308,1051,371,301,330,399,1071,607,68,300,562,315,240,385,150,385,263,297,739,895,1617,328,546,121,568,519,85,294,617,385,115,440,221,425,498,346,606,206,334
783,836,387,127,952,173,860,307,304,366,749,1051,762,582,508,526,626,1376,929,105,520,895,537,372,591,220,632,442,447,1157,1362,2364,490,831,201,928,799,134,464,953,619,167,676,362,713,831,544,964,354,597
357,284,115,55,340,66,329,99,102,129,287,371,582,125,198,207,227,609,324,35,184,320,219,140,217,97,241,146,187,407,463,869,169,295,73,354,302,51,174,336,216,75,219,112,287,274,202,360,121,228
326,224,101,50,285,73,277,92,96,120,233,301,508,198,76,134,191,480,274,29,151,264,147,105,165,69,179,130,133,326,391,759,131,238,68,263,268,45,134,293,167,57,215,90,205,226,147,263,109,190
331,224,100,38,292,64,291,82,86,118,242,330,526,207,134,76,208,498,288,34,155,299,151,131,178,78,192,123,136,336,433,781,148,252,65,285,304,42,140,309,181,58,218,100,224,233,166,306,115,207
380,315,151,65,361,76,329,116,115,149,296,399,626,227,191,208,131,661,335,53,192,350,232,158,237,74,236,174,182,464,539,1014,179,302,76,368,320,59,168,399,223,87,276,124,312,336,225,385,115,267
807,826,369,134,887,205,896,276,284,380,735,1071,1376,609,480,498,661,758,899,116,522,900,521,370,616,222,644,431,445,1133,1370,2365,439,822,192,977,846,147,435,925,592,181,688,371,709,827,578,895,311,625
529,418,210,84,528,109,496,150,187,206,448,607,929,324,274,288,335,899,255,60,293,484,299,211,344,131,308,242,249,627,777,1477,270,485,122,554,473,96,243,560,373,103,369,179,431,477,307,564,190,370
71,49,21,10,48,14,68,15,22,26,46,68,105,35,29,34,53,116,60,2,32,66,37,32,39,16,36,20,36,70,103,177,40,50,17,62,63,11,27,79,32,6,55,25,46,59,45,60,21,41
312,206,118,30,285,56,264,79,85,111,263,300,520,184,151,155,192,522,293,32,78,286,148,119,161,66,159,117,135,346,426,818,135,273,65,287,247,51,136,295,177,52,213,105,194,277,173,302,97,163
537,456,212,105,545,118,517,160,158,202,434,562,895,320,264,299,350,900,484,66,286,257,275,209,356,136,323,248,272,661,721,1444,260,462,135,585,491,84,254,553,364,98,353,179,402,473,313,574,182,351
365,266,113,48,288,62,292,92,86,123,270,315,537,219,147,151,232,521,299,37,148,275,87,117,179,79,218,140,136,373,458,796,138,261,59,326,300,32,153,327,210,64,227,92,220,244,139,339,90,195
199,173,90,33,215,39,207,65,62,75,168,240,372,140,105,131,158,370,211,32,119,209,117,44,126,67,134,103,106,256,319,559,109,195,42,228,183,28,104,215,134,40,163,72,149,178,132,237,64,137
349,293,129,67,343,85,314,99,103,130,270,385,591,217,165,178,237,616,344,39,161,356,179,126,95,92,228,161,175,392,520,924,165,288,74,342,325,52,180,371,195,81,256,109,260,311,197,367,115,225
129,114,52,24,126,31,129,41,38,55,111,150,220,97,69,78,74,222,131,16,66,136,79,67,92,15,77,48,67,143,177,346,79,114,30,106,116,13,70,146,78,29,100,46,119,114,85,133,41,65
377,294,144,59,330,78,324,102,102,129,289,385,632,241,179,192,236,644,308,36,159,323,218,134,228,77,112,151,185,384,487,967,200,286,74,321,298,52,175,356,203,78,276,144,305,290,221,388,120,226
258,197,90,40,253,65,232,85,63,80,187,263,442,146,130,123,174,431,242,20,117,248,140,103,161,48,151,65,116,287,367,668,141,230,34,243,232,42,108,257,138,42,192,77,188,214,133,245,87,153
285,225,93,45,289,71,274,84,68,126,219,297,447,187,133,136,182,445,249,36,135,272,136,106,175,67,185,116,66,334,387,738,145,260,62,260,237,38,141,271,171,59,174,87,226,211,180,263,83,160
591,523,238,89,626,150,625,176,223,262,558,739,1157,407,326,336,464,1133,627,70,346,661,373,256,392,143,384,287,334,385,967,1786,317,560,130,689,568,101,291,682,431,126,479,250,507,601,389,682,233,422
657,662,310,126,801,168,711,267,256,319,630,895,1362,463,391,433,539,1370,777,103,426,721,458,319,520,177,487,367,387,967,541,2046,395,692,173,876,694,131,376,800,518,138,582,282,607,657,469,819,283,513
1239,1247,581,218,1429,310,1325,412,461,564,1145,1617,2364,869,759,781,1014,2365,1477,177,818,1444,796,559,924,346,967,668,738,1786,2046,1904,734,1274,346,1579,1333,241,653,1398,932,307,984,543,1112,1324,929,1460,522,949
230,263,96,50,270,65,286,93,102,118,259,328,490,169,131,148,179,439,270,40,135,260,138,109,165,79,200,141,145,317,395,734,70,265,62,298,270,36,132,269,176,51,203,99,214,241,170,301,93,172
440,398,197,96,452,103,445,139,159,174,405,546,831,295,238,252,302,822,485,50,273,462,261,195,288,114,286,230,260,560,692,1274,265,216,94,488,452,95,217,469,298,111,356,167,390,412,283,476,156,342
107,93,53,28,113,35,120,40,38,46,90,121,201,73,68,65,76,192,122,17,65,135,59,42,74,30,74,34,62,130,173,346,62,94,10,101,112,21,58,134,75,26,80,38,93,112,85,103,41,73
531,414,210,102,549,141,510,157,174,219,459,568,928,354,263,285,368,977,554,62,287,585,326,228,342,106,321,243,260,689,876,1579,298,488,101,272,491,86,245,552,334,104,438,194,430,556,355,561,185,344
496,383,185,80,495,104,424,171,156,176,379,519,799,302,268,304,320,846,473,63,247,491,300,183,325,116,298,232,237,568,694,1333,270,452,112,491,241,80,246,494,318,94,377,185,370,414,335,505,204,301
87,85,31,13,89,21,88,22,24,33,74,85,134,51,45,42,59,147,96,11,51,84,32,28,52,13,52,42,38,101,131,241,36,95,21,86,80,9,46,88,54,16,63,33,72,81,41,83,25,53
254,229,101,48,261,61,246,60,100,98,236,294,464,174,134,140,168,435,243,27,136,254,153,104,180,70,175,108,141,291,376,653,132,217,58,245,246,46,59,260,171,52,181,107,212,247,166,243,101,184
491,478,202,84,529,109,528,173,169,224,466,617,953,336,293,309,399,925,560,79,295,553,327,215,371,146,356,257,271,682,800,1398,269,469,134,552,494,88,260,287,375,115,431,193,412,502,323,592,206,383
341,326,116,55,338,67,337,105,100,116,288,385,619,216,167,181,223,592,373,32,177,364,210,134,195,78,203,138,171,431,518,932,176,298,75,334,318,54,171,375,97,65,266,128,231,305,198,354,118,216
101,91,45,18,118,18,100,33,33,47,98,115,167,75,57,58,87,181,103,6,52,98,64,40,81,29,78,42,59,126,138,307,51,111,26,104,94,16,52,115,65,9,80,41,91,100,46,103,39,68
374,386,161,50,381,73,383,122,127,157,334,440,676,219,215,218,276,688,369,55,213,353,227,163,256,100,276,192,174,479,582,984,203,356,80,438,377,63,181,431,266,80,133,158,305,348,246,385,142,261
168,153,79,33,169,55,184,67,72,70,155,221,362,112,90,100,124,371,179,25,105,179,92,72,109,46,144,77,87,250,282,543,99,167,38,194,185,33,107,193,128,41,158,30,136,165,102,193,62,119
414,356,166,80,435,106,391,127,126,139,342,425,713,287,205,224,312,709,431,46,194,402,220,149,260,119,305,188,226,507,607,1112,214,390,93,430,370,72,212,412,231,91,305,136,183,389,226,427,117,285
426,402,184,66,468,108,445,145,163,160,361,498,831,274,226,233,336,827,477,59,277,473,244,178,311,114,290,214,211,601,657,1324,241,412,112,556,414,81,247,502,305,100,348,165,389,221,300,487,158,326
337,306,124,58,325,79,303,87,101,123,265,346,544,202,147,166,225,578,307,45,173,313,139,132,197,85,221,133,180,389,469,929,170,283,85,355,335,41,166,323,198,46,246,102,226,300,84,317,98,196
506,463,205,89,546,107,518,166,175,204,427,606,964,360,263,306,385,895,564,60,302,574,339,237,367,133,388,245,263,682,819,1460,301,476,103,561,505,83,243,592,354,103,385,193,427,487,317,261,193,363
168,167,86,29,156,36,176,82,61,77,143,206,354,121,109,115,115,311,190,21,97,182,90,64,115,41,120,87,83,233,283,522,93,156,41,185,204,25,101,206,118,39,142,62,117,158,98,193,26,125
372,301,124,58,351,73,331,97,115,131,279,334,597,228,190,207,267,625,370,41,163,351,195,137,225,65,226,153,160,422,513,949,172,342,73,344,301,53,184,383,216,68,261,119,285,326,196,363,125,108
