260,435,216,94,511,91,471,187,187,231,454,509,792,351,279,310,334,831,494,76,325,507,341,208,365,139,369,288,291,597,689,1179,240,475,119,496,446,73,271,490,293,120,359,165,438,394,370,520,170,380
435,180,170,83,417,122,423,131,156,157,360,492,741,274,231,256,306,744,411,54,225,407,265,181,282,105,269,168,217,590,588,1151,218,422,102,450,419,72,236,432,258,84,366,159,298,373,259,425,169,310
216,170,51,37,210,56,178,70,63,91,175,228,371,113,106,138,156,351,217,27,112,187,108,78,138,47,145,105,98,248,297,548,105,186,31,213,206,30,102,215,124,46,140,69,150,181,102,195,63,132
94,83,37,8,78,18,71,29,24,19,70,72,143,56,39,47,55,141,78,20,50,81,54,26,54,20,59,47,43,100,127,224,50,89,22,84,72,11,35,81,56,17,63,29,63,72,50,78,28,53
511,417,210,78,243,106,454,158,182,195,406,520,874,314,271,306,354,850,506,59,270,514,307,190,337,131,324,229,243,633,758,1378,254,454,114,555,472,100,260,559,330,121,383,179,393,441,319,537,179,338
91,122,56,18,106,11,98,29,44,32,91,125,185,77,62,64,60,170,112,20,75,121,66,38,64,32,87,65,58,141,172,273,44,109,33,114,115,21,45,111,68,30,88,52,90,103,74,114,36,58
471,423,178,71,454,98,211,162,167,195,394,515,839,308,249,284,327,867,516,67,256,514,300,187,346,123,344,234,245,608,767,1293,272,459,118,506,474,80,243,473,329,96,344,190,403,413,307,500,187,309
187,131,70,29,158,29,162,24,35,76,141,172,291,98,88,100,90,279,176,18,97,161,100,65,117,28,98,71,80,190,235,427,81,147,24,163,150,21,65,149,92,33,112,50,126,129,102,169,53,115
187,156,63,24,182,44,167,35,23,72,154,165,302,120,83,105,139,281,203,20,95,182,97,62,104,37,110,73,84,200,247,449,72,139,36,188,158,24,75,159,100,47,136,54,108,144,104,164,52,126
231,157,91,19,195,32,195,76,72,50,175,195,374,148,94,100,164,379,226,16,129,219,123,94,134,51,142,106,102,270,322,569,108,176,46,220,185,44,109,235,149,38,161,79,149,164,136,219,60,132
454,360,175,70,406,91,394,141,154,175,198,482,742,292,215,245,317,747,452,49,239,442,274,167,246,104,272,196,233,531,642,1115,210,380,105,469,412,79,222,441,300,84,331,173,302,357,304,439,137,291
509,492,228,72,520,125,515,172,165,195,482,328,968,352,323,303,416,941,551,60,304,579,336,220,358,118,382,257,294,703,841,1520,285,527,133,548,511,92,285,565,375,125,425,187,452,504,353,584,189,332
792,741,371,143,874,185,839,291,302,374,742,968,765,554,466,489,627,1377,912,98,501,897,508,360,601,226,582,428,479,1114,1350,2325,482,855,210,921,778,138,435,888,555,189,632,323,693,806,556,884,319,560
351,274,113,56,314,77,308,98,120,148,292,352,554,125,168,175,252,580,325,47,149,319,234,115,194,72,217,169,170,385,537,910,189,300,89,342,324,50,152,323,220,49,227,126,252,314,218,343,131,253
279,231,106,39,271,62,249,88,83,94,215,323,466,168,50,122,206,451,274,33,160,288,160,108,190,53,165,118,150,326,407,744,152,255,62,277,255,44,141,280,177,61,191,100,210,261,146,287,99,182
310,256,138,47,306,64,284,100,105,100,245,303,489,175,122,72,214,485,307,43,171,325,176,122,194,66,191,119,141,350,463,822,165,293,65,299,256,43,160,319,192,64,192,104,224,279,158,284,102,204
334,306,156,55,354,60,327,90,139,164,317,416,627,252,206,214,128,620,392,42,222,403,241,149,256,101,235,196,191,450,596,946,163,335,88,391,347,52,179,376,235,62,267,140,292,305,253,380,130,266
831,744,351,141,850,170,867,279,281,379,747,941,1377,580,451,485,620,779,901,108,490,905,520,345,589,225,572,421,446,1178,1358,2376,488,816,217,969,811,144,441,906,540,182,642,334,681,791,544,905,314,616
494,411,217,78,506,112,516,176,203,226,452,551,912,325,274,307,392,901,269,60,246,513,280,190,340,125,316,262,269,636,807,1435,269,486,117,563,488,77,289,541,331,125,399,204,449,468,337,521,181,393
76,54,27,20,59,20,67,18,20,16,49,60,98,47,33,43,42,108,60,4,35,70,37,23,30,14,36,18,25,76,111,182,44,63,16,62,85,9,35,62,40,13,47,29,51,61,42,59,29,31
325,225,112,50,270,75,256,97,95,129,239,304,501,149,160,171,222,490,246,35,60,263,178,98,171,74,183,146,131,335,453,822,156,266,69,263,285,52,143,327,192,53,241,95,226,283,151,305,104,210
507,407,187,81,514,121,514,161,182,219,442,579,897,319,288,325,403,905,513,70,263,290,295,185,340,112,308,255,247,637,778,1388,253,484,118,570,495,96,272,537,335,109,380,195,422,448,314,553,183,360
341,265,108,54,307,66,300,100,97,123,274,336,508,234,160,176,241,520,280,37,178,295,94,138,191,71,215,137,173,375,452,790,156,273,71,315,281,49,190,296,183,59,225,109,246,274,179,308,109,215
208,181,78,26,190,38,187,65,62,94,167,220,360,115,108,122,149,345,190,23,98,185,138,41,114,55,128,78,99,271,295,537,104,209,40,208,169,29,102,198,124,32,147,67,167,168,119,198,69,141
365,282,138,54,337,64,346,117,104,134,246,358,601,194,190,194,256,589,340,30,171,340,191,114,95,83,194,168,169,425,490,921,171,317,81,364,296,52,199,347,220,64,243,121,246,295,196,354,116,230
139,105,47,20,131,32,123,28,37,51,104,118,226,72,53,66,101,225,125,14,74,112,71,55,83,18,80,59,48,160,187,349,62,126,27,109,111,28,55,144,87,24,84,46,95,135,67,134,42,85
369,269,145,59,324,87,344,98,110,142,272,382,582,217,165,191,235,572,316,36,183,308,215,128,194,80,108,156,164,410,521,977,181,319,89,353,307,54,167,355,230,71,262,124,254,298,197,335,120,241
288,168,105,47,229,65,234,71,73,106,196,257,428,169,118,119,196,421,262,18,146,255,137,78,168,59,156,64,108,272,374,687,135,224,52,294,231,36,128,249,149,52,190,84,193,200,141,258,93,176
291,217,98,43,243,58,245,80,84,102,233,294,479,170,150,141,191,446,269,25,131,247,173,99,169,48,164,108,59,327,409,734,136,238,62,253,231,44,132,264,163,59,197,86,202,245,146,256,108,171
597,590,248,100,633,141,608,190,200,270,531,703,1114,385,326,350,450,1178,636,76,335,637,375,271,425,160,410,272,327,407,956,1813,325,578,132,679,572,98,339,643,410,130,466,259,497,572,386,620,249,418
689,588,297,127,758,172,767,235,247,322,642,841,1350,537,407,463,596,1358,807,111,453,778,452,295,490,187,521,374,409,956,590,2053,399,673,155,803,692,128,365,772,486,158,554,316,662,699,474,838,254,537
1179,1151,548,224,1378,273,1293,427,449,569,1115,1520,2325,910,744,822,946,2376,1435,182,822,1388,790,537,921,349,977,687,734,1813,2053,1811,720,1324,325,1445,1282,217,662,1431,874,257,1007,503,1120,1215,915,1410,503,934
240,218,105,50,254,44,272,81,72,108,210,285,482,189,152,165,163,488,269,44,156,253,156,104,171,62,181,135,136,325,399,720,72,239,72,280,229,48,144,270,144,62,186,92,231,239,161,286,105,185
475,422,186,89,454,109,459,147,139,176,380,527,855,300,255,293,335,816,486,63,266,484,273,209,317,126,319,224,238,578,673,1324,239,236,95,525,456,87,228,460,319,99,391,184,397,428,299,474,162,306
119,102,31,22,114,33,118,24,36,46,105,133,210,89,62,65,88,217,117,16,69,118,71,40,81,27,89,52,62,132,155,325,72,95,15,128,101,16,59,113,84,21,94,40,95,112,66,124,43,80
496,450,213,84,555,114,506,163,188,220,469,548,921,342,277,299,391,969,563,62,263,570,315,208,364,109,353,294,253,679,803,1445,280,525,128,281,485,87,292,588,355,112,409,204,428,465,359,600,208,355
446,419,206,72,472,115,474,150,158,185,412,511,778,324,255,256,347,811,488,85,285,495,281,169,296,111,307,231,231,572,692,1282,229,456,101,485,232,67,230,474,287,109,351,181,380,391,298,500,149,335
73,72,30,11,100,21,80,21,24,44,79,92,138,50,44,43,52,144,77,9,52,96,49,29,52,28,54,36,44,98,128,217,48,87,16,87,67,8,40,106,59,19,67,28,59,78,43,93,29,74
271,236,102,35,260,45,243,65,75,109,222,285,435,152,141,160,179,441,289,35,143,272,190,102,199,55,167,128,132,339,365,662,144,228,59,292,230,40,57,263,152,49,138,101,214,229,162,269,105,160
490,432,215,81,559,111,473,149,159,235,441,565,888,323,280,319,376,906,541,62,327,537,296,198,347,144,355,249,264,643,772,1431,270,460,113,588,474,106,263,266,331,109,410,199,423,482,329,543,186,358
293,258,124,56,330,68,329,92,100,149,300,375,555,220,177,192,235,540,331,40,192,335,183,124,220,87,230,149,163,410,486,874,144,319,84,355,287,59,152,331,128,83,236,133,264,286,226,344,126,239
120,84,46,17,121,30,96,33,47,38,84,125,189,49,61,64,62,182,125,13,53,109,59,32,64,24,71,52,59,130,158,257,62,99,21,112,109,19,49,109,83,8,78,30,82,97,68,106,45,65
359,366,140,63,383,88,344,112,136,161,331,425,632,227,191,192,267,642,399,47,241,380,225,147,243,84,262,190,197,466,554,1007,186,391,94,409,351,67,138,410,236,78,136,156,321,364,226,333,149,278
165,159,69,29,179,52,190,50,54,79,173,187,323,126,100,104,140,334,204,29,95,195,109,67,121,46,124,84,86,259,316,503,92,184,40,204,181,28,101,199,133,30,156,30,146,171,125,193,84,127
438,298,150,63,393,90,403,126,108,149,302,452,693,252,210,224,292,681,449,51,226,422,246,167,246,95,254,193,202,497,662,1120,231,397,95,428,380,59,214,423,264,82,321,146,171,355,247,426,142,256
394,373,181,72,441,103,413,129,144,164,357,504,806,314,261,279,305,791,468,61,283,448,274,168,295,135,298,200,245,572,699,1215,239,428,112,465,391,78,229,482,286,97,364,171,355,208,287,501,178,303
370,259,102,50,319,74,307,102,104,136,304,353,556,218,146,158,253,544,337,42,151,314,179,119,196,67,197,141,146,386,474,915,161,299,66,359,298,43,162,329,226,68,226,125,247,287,109,335,109,226
520,425,195,78,537,114,500,169,164,219,439,584,884,343,287,284,380,905,521,59,305,553,308,198,354,134,335,258,256,620,838,1410,286,474,124,600,500,93,269,543,344,106,333,193,426,501,335,278,176,355
170,169,63,28,179,36,187,53,52,60,137,189,319,131,99,102,130,314,181,29,104,183,109,69,116,42,120,93,108,249,254,503,105,162,43,208,149,29,105,186,126,45,149,84,142,178,109,176,35,114
380,310,132,53,338,58,309,115,126,132,291,332,560,253,182,204,266,616,393,31,210,360,215,141,230,85,241,176,171,418,537,934,185,306,80,355,335,74,160,358,239,65,278,127,256,303,226,355,114,111
