226,469,207,103,506,98,500,187,152,247,444,531,815,372,317,337,356,831,482,69,329,526,376,233,385,157,399,267,316,606,711,1208,244,507,97,522,500,87,237,475,298,90,362,157,477,402,340,513,187,381
469,211,135,69,486,102,412,115,139,165,383,512,758,282,218,239,314,764,473,53,237,457,242,162,270,97,290,199,210,568,641,1210,245,408,97,473,417,75,203,461,268,77,379,143,328,405,289,437,142,286
207,135,42,31,196,43,192,62,73,82,182,236,373,122,114,137,131,378,184,18,107,206,118,77,110,60,112,75,89,264,315,588,112,177,45,189,185,42,103,220,128,32,156,66,148,187,126,194,74,147
103,69,31,5,86,17,70,29,20,31,68,105,165,54,50,58,71,150,87,11,44,81,47,32,42,19,68,30,60,120,119,224,45,79,13,96,77,20,46,83,43,24,65,20,80,78,59,85,28,56
506,486,196,86,273,125,494,155,160,200,393,570,910,317,259,297,380,894,514,67,270,503,304,184,320,126,337,236,276,625,770,1428,274,495,118,568,523,83,246,559,355,101,374,170,405,475,295,517,165,329
98,102,43,17,125,10,112,24,37,41,100,144,198,73,53,61,75,187,103,15,70,110,62,47,72,27,80,45,74,142,154,300,60,106,23,129,110,20,54,118,71,17,77,40,91,109,70,102,43,93
500,412,192,70,494,112,251,145,145,211,459,547,889,294,280,321,353,897,515,59,296,520,297,216,347,129,346,190,232,637,753,1334,266,464,92,525,485,74,250,515,309,101,369,165,412,421,332,503,164,334
187,115,62,29,155,24,145,21,43,62,124,182,265,97,71,81,102,276,148,19,72,155,68,64,86,35,100,72,83,190,226,458,82,131,45,168,121,20,52,169,81,27,126,62,116,136,90,150,65,95
152,139,73,20,160,37,145,43,33,58,150,182,301,83,92,101,108,287,155,19,83,169,120,66,122,56,121,75,95,211,236,473,91,142,36,181,153,26,75,169,93,22,133,67,134,144,104,172,68,91
247,165,82,31,200,41,211,62,58,51,182,222,373,149,111,142,146,369,216,26,105,209,119,83,145,53,139,94,106,246,328,544,104,206,41,231,220,38,99,211,116,42,163,67,194,195,140,197,68,140
444,383,182,68,393,100,459,124,150,182,194,480,771,290,252,288,296,764,426,56,227,417,280,185,301,118,313,203,233,545,645,1154,219,432,102,450,448,66,197,430,268,106,336,147,369,410,262,430,156,294
531,512,236,105,570,144,547,182,182,222,480,333,1061,348,288,313,416,1023,571,62,276,569,363,200,388,141,372,247,279,721,834,1547,314,518,132,612,528,88,267,618,387,135,445,229,441,507,367,548,212,360
815,758,373,165,910,198,889,265,301,373,771,1061,777,556,458,485,652,1413,902,99,492,909,545,331,576,226,598,403,427,1133,1308,2422,478,850,224,984,835,144,469,988,641,203,674,343,695,825,569,941,317,604
372,282,122,54,317,73,294,97,83,149,290,348,556,117,178,239,224,578,345,40,154,331,176,129,201,74,216,148,141,419,509,901,175,315,66,339,346,40,186,340,204,74,282,118,257,277,212,341,105,219
317,218,114,50,259,53,280,71,92,111,252,288,458,178,62,144,187,499,265,32,150,264,144,107,173,80,178,119,129,328,400,726,128,235,59,262,248,62,129,279,175,54,194,105,220,251,168,283,93,174
337,239,137,58,297,61,321,81,101,142,288,313,485,239,144,98,208,499,283,39,147,295,159,130,180,89,191,124,139,355,431,798,142,265,48,292,265,52,149,305,191,56,230,113,227,265,187,310,97,183
356,314,131,71,380,75,353,102,108,146,296,416,652,224,187,208,145,657,361,53,184,364,232,143,241,92,226,150,171,486,516,1017,201,345,74,381,356,67,172,390,219,54,292,137,322,316,231,381,134,238
831,764,378,150,894,187,897,276,287,369,764,1023,1413,578,499,499,657,779,879,119,486,894,539,356,604,221,617,415,414,1126,1310,2411,504,810,207,996,826,152,470,962,640,193,696,328,742,781,552,954,312,611
482,473,184,87,514,103,515,148,155,216,426,571,902,345,265,283,361,879,267,63,283,498,269,202,339,133,359,237,248,643,769,1437,277,456,109,556,481,79,267,603,347,103,377,187,384,440,331,552,186,332
69,53,18,11,67,15,59,19,19,26,56,62,99,40,32,39,53,119,63,3,35,56,35,25,38,13,44,29,35,63,106,185,40,52,14,57,67,8,32,63,43,18,48,11,46,55,41,78,21,46
329,237,107,44,270,70,296,72,83,105,227,276,492,154,150,147,184,486,283,35,63,271,166,115,164,65,178,137,147,339,441,807,154,249,48,283,279,48,119,302,188,48,218,84,209,225,132,306,108,210
526,457,206,81,503,110,520,155,169,209,417,569,909,331,264,295,364,894,498,56,271,244,295,209,337,145,369,229,257,661,791,1458,257,460,107,538,519,73,277,569,381,108,404,162,415,463,330,575,191,337
376,242,118,47,304,62,297,68,120,119,280,363,545,176,144,159,232,539,269,35,166,295,95,119,201,75,196,142,141,390,461,837,180,289,60,339,297,63,149,293,183,71,253,124,244,238,179,312,117,194
233,162,77,32,184,47,216,64,66,83,185,200,331,129,107,130,143,356,202,25,115,209,119,38,125,49,134,86,97,265,322,550,109,195,50,224,200,25,99,213,135,41,187,78,145,191,121,202,70,155
385,270,110,42,320,72,347,86,122,145,301,388,576,201,173,180,241,604,339,38,164,337,201,125,128,81,204,140,159,419,520,918,170,311,76,368,291,66,170,345,215,71,265,128,258,318,206,361,120,237
157,97,60,19,126,27,129,35,56,53,118,141,226,74,80,89,92,221,133,13,65,145,75,49,81,12,65,49,57,167,205,386,67,121,28,148,110,18,59,138,92,28,100,53,105,117,73,133,48,83
399,290,112,68,337,80,346,100,121,139,313,372,598,216,178,191,226,617,359,44,178,369,196,134,204,65,116,138,168,448,506,973,188,313,79,358,300,60,163,366,248,82,272,122,269,314,236,365,115,246
267,199,75,30,236,45,190,72,75,94,203,247,403,148,119,124,150,415,237,29,137,229,142,86,140,49,138,48,123,304,341,665,110,220,47,245,198,33,117,240,147,51,186,102,170,219,141,235,87,150
316,210,89,60,276,74,232,83,95,106,233,279,427,141,129,139,171,414,248,35,147,257,141,97,159,57,168,123,53,323,395,716,122,265,62,250,248,49,135,267,167,47,211,93,176,242,151,256,98,174
606,568,264,120,625,142,637,190,211,246,545,721,1133,419,328,355,486,1126,643,63,339,661,390,265,419,167,448,304,323,370,901,1716,334,606,150,639,606,100,340,704,453,141,497,239,508,532,400,676,232,414
711,641,315,119,770,154,753,226,236,328,645,834,1308,509,400,431,516,1310,769,106,441,791,461,322,520,205,506,341,395,901,581,2057,392,683,190,776,715,123,368,792,487,144,534,285,612,730,506,808,280,475
1208,1210,588,224,1428,300,1334,458,473,544,1154,1547,2422,901,726,798,1017,2411,1437,185,807,1458,837,550,918,386,973,665,716,1716,2057,1898,719,1295,324,1489,1258,247,687,1445,942,285,1038,512,1107,1244,932,1428,497,925
244,245,112,45,274,60,266,82,91,104,219,314,478,175,128,142,201,504,277,40,154,257,180,109,170,67,188,110,122,334,392,719,86,258,73,287,250,56,137,267,185,53,185,109,215,249,144,279,97,150
507,408,177,79,495,106,464,131,142,206,432,518,850,315,235,265,345,810,456,52,249,460,289,195,311,121,313,220,265,606,683,1295,258,223,105,550,450,70,235,494,298,92,344,162,393,435,296,470,179,312
97,97,45,13,118,23,92,45,36,41,102,132,224,66,59,48,74,207,109,14,48,107,60,50,76,28,79,47,62,150,190,324,73,105,11,123,89,22,70,127,71,21,91,46,89,120,65,116,35,88
522,473,189,96,568,129,525,168,181,231,450,612,984,339,262,292,381,996,556,57,283,538,339,224,368,148,358,245,250,639,776,1489,287,550,123,278,551,114,236,601,351,114,469,182,438,470,348,606,212,378
500,417,185,77,523,110,485,121,153,220,448,528,835,346,248,265,356,826,481,67,279,519,297,200,291,110,300,198,248,606,715,1258,250,450,89,551,214,73,232,501,326,103,380,181,383,414,314,492,174,336
87,75,42,20,83,20,74,20,26,38,66,88,144,40,62,52,67,152,79,8,48,73,63,25,66,18,60,33,49,100,123,247,56,70,22,114,73,8,45,86,46,20,63,38,76,74,58,76,37,56
237,203,103,46,246,54,250,52,75,99,197,267,469,186,129,149,172,470,267,32,119,277,149,99,170,59,163,117,135,340,368,687,137,235,70,236,232,45,44,273,160,34,211,96,220,203,165,264,109,139
475,461,220,83,559,118,515,169,169,211,430,618,988,340,279,305,390,962,603,63,302,569,293,213,345,138,366,240,267,704,792,1445,267,494,127,601,501,86,273,293,344,113,412,197,426,491,350,553,185,335
298,268,128,43,355,71,309,81,93,116,268,387,641,204,175,191,219,640,347,43,188,381,183,135,215,92,248,147,167,453,487,942,185,298,71,351,326,46,160,344,111,74,259,102,249,301,191,352,122,222
90,77,32,24,101,17,101,27,22,42,106,135,203,74,54,56,54,193,103,18,48,108,71,41,71,28,82,51,47,141,144,285,53,92,21,114,103,20,34,113,74,12,86,36,85,90,59,111,46,68
362,379,156,65,374,77,369,126,133,163,336,445,674,282,194,230,292,696,377,48,218,404,253,187,265,100,272,186,211,497,534,1038,185,344,91,469,380,63,211,412,259,86,149,155,319,354,244,386,133,275
157,143,66,20,170,40,165,62,67,67,147,229,343,118,105,113,137,328,187,11,84,162,124,78,128,53,122,102,93,239,285,512,109,162,46,182,181,38,96,197,102,36,155,33,156,160,128,190,69,114
477,328,148,80,405,91,412,116,134,194,369,441,695,257,220,227,322,742,384,46,209,415,244,145,258,105,269,170,176,508,612,1107,215,393,89,438,383,76,220,426,249,85,319,156,146,375,248,439,139,282
402,405,187,78,475,109,421,136,144,195,410,507,825,277,251,265,316,781,440,55,225,463,238,191,318,117,314,219,242,532,730,1244,249,435,120,470,414,74,203,491,301,90,354,160,375,208,313,487,163,300
340,289,126,59,295,70,332,90,104,140,262,367,569,212,168,187,231,552,331,41,132,330,179,121,206,73,236,141,151,400,506,932,144,296,65,348,314,58,165,350,191,59,244,128,248,313,102,350,112,197
513,437,194,85,517,102,503,150,172,197,430,548,941,341,283,310,381,954,552,78,306,575,312,202,361,133,365,235,256,676,808,1428,279,470,116,606,492,76,264,553,352,111,386,190,439,487,350,253,202,365
187,142,74,28,165,43,164,65,68,68,156,212,317,105,93,97,134,312,186,21,108,191,117,70,120,48,115,87,98,232,280,497,97,179,35,212,174,37,109,185,122,46,133,69,139,163,112,202,29,114
381,286,147,56,329,93,334,95,91,140,294,360,604,219,174,183,238,611,332,46,210,337,194,155,237,83,246,150,174,414,475,925,150,312,88,378,336,56,139,335,222,68,275,114,282,300,197,365,114,115
