243,430,221,75,501,97,465,184,161,246,453,495,823,383,305,329,363,840,467,76,309,540,307,184,375,151,345,282,300,586,700,1154,246,484,123,496,453,79,271,452,308,100,371,178,436,406,307,475,176,376
430,180,174,81,402,92,431,122,131,156,334,523,758,303,246,259,319,776,450,48,215,458,269,166,254,101,287,215,244,544,629,1236,258,437,97,435,443,78,202,450,265,85,347,146,347,391,273,453,165,295
221,174,34,38,205,48,197,60,55,78,170,205,367,108,97,116,147,372,206,31,109,199,118,85,142,61,137,84,112,260,305,554,104,192,44,202,176,38,124,216,115,44,155,76,159,183,117,207,62,130
75,81,38,10,83,22,83,35,29,38,69,89,153,57,45,57,55,145,89,10,58,78,56,27,53,23,71,50,42,88,117,219,55,88,12,72,76,19,41,77,51,26,63,26,58,78,58,93,26,54
501,402,205,83,249,119,457,147,163,186,364,536,900,315,292,301,356,921,483,63,272,549,302,186,346,140,317,262,222,635,770,1415,263,474,108,515,439,108,262,541,348,104,392,183,377,453,345,503,177,346
97,92,48,22,119,6,109,44,27,42,85,125,200,87,66,66,72,198,122,20,73,124,77,42,75,25,78,55,61,150,144,296,55,105,24,103,107,19,57,123,75,23,89,43,97,99,80,119,35,79
465,431,197,83,457,109,223,150,144,201,358,553,847,334,265,288,333,858,479,62,287,467,302,189,305,122,324,245,258,589,710,1304,278,447,101,481,450,87,242,502,293,115,378,164,380,427,330,486,174,317
184,122,60,35,147,44,150,19,37,54,131,155,281,107,70,88,130,269,163,22,80,178,97,71,88,40,98,83,86,195,243,459,90,162,35,150,158,25,76,168,96,34,117,54,125,147,81,160,62,106
161,131,55,29,163,27,144,37,23,59,140,174,270,106,74,77,103,296,147,23,88,169,99,52,106,44,105,78,75,217,251,459,81,145,31,157,136,29,65,187,108,35,128,65,136,156,112,166,56,101
246,156,78,38,186,42,201,54,59,36,172,226,372,126,102,106,152,338,203,24,120,210,134,93,138,61,124,114,108,230,311,551,118,211,58,226,193,37,97,230,132,46,162,84,174,167,125,223,78,155
453,334,170,69,364,85,358,131,140,172,181,481,743,273,249,255,299,694,421,57,241,438,280,183,267,119,272,221,222,487,615,1133,248,404,102,432,377,64,215,428,297,83,345,141,346,380,288,434,155,292
495,523,205,89,536,125,553,155,174,226,481,303,976,346,268,294,397,975,584,63,321,599,327,227,339,135,363,231,279,673,810,1520,313,531,116,600,547,81,260,595,364,91,413,224,428,478,309,571,189,354
823,758,367,153,900,200,847,281,270,372,743,976,760,564,495,511,705,1397,962,129,503,931,588,343,567,206,550,430,430,1131,1411,2265,482,835,201,1010,796,164,441,950,597,157,691,327,678,782,531,924,309,599
383,303,108,57,315,87,334,107,106,126,273,346,564,112,173,182,248,588,348,46,178,334,215,141,229,96,247,162,153,384,504,928,199,331,71,333,327,52,168,343,222,78,266,144,280,302,222,383,124,213
305,246,97,45,292,66,265,70,74,102,249,268,495,173,70,126,182,476,281,38,147,253,165,120,164,92,193,133,127,337,344,767,140,243,69,274,246,57,143,272,179,49,212,92,206,215,146,287,80,169
329,259,116,57,301,66,288,88,77,106,255,294,511,182,126,73,208,538,322,33,163,288,154,119,165,85,184,135,136,371,411,833,159,258,82,308,250,53,148,324,202,64,220,106,227,259,167,330,92,181
363,319,147,55,356,72,333,130,103,152,299,397,705,248,182,208,143,694,376,50,219,379,217,140,257,111,251,167,179,495,572,998,195,310,77,416,334,65,214,389,230,80,262,133,288,347,216,375,125,229
840,776,372,145,921,198,858,269,296,338,694,975,1397,588,476,538,694,790,972,114,475,894,533,328,558,197,566,428,434,1146,1350,2308,505,859,204,1017,826,133,458,967,617,173,669,328,673,774,516,882,319,567
467,450,206,89,483,122,479,163,147,203,421,584,962,348,281,322,376,972,277,61,294,483,330,202,335,132,356,244,235,619,746,1433,300,446,105,489,498,96,249,549,327,102,392,168,413,460,335,539,185,326
76,48,31,10,63,20,62,22,23,24,57,63,129,46,38,33,50,114,61,4,36,68,31,25,50,14,38,23,27,84,110,197,36,64,17,64,61,11,36,55,43,11,54,22,44,50,33,73,14,46
309,215,109,58,272,73,287,80,88,120,241,321,503,178,147,163,219,475,294,36,82,304,177,122,169,48,172,120,139,335,439,765,172,265,62,258,281,46,152,324,195,47,216,98,228,235,160,314,105,206
540,458,199,78,549,124,467,178,169,210,438,599,931,334,253,288,379,894,483,68,304,272,298,201,339,127,350,235,243,589,730,1392,280,476,123,535,503,102,252,529,335,111,362,185,378,456,343,516,184,363
307,269,118,56,302,77,302,97,99,134,280,327,588,215,165,154,217,533,330,31,177,298,91,131,189,84,209,130,158,373,424,835,176,271,63,285,275,44,172,316,179,56,257,108,246,245,188,346,111,206
184,166,85,27,186,42,189,71,52,93,183,227,343,141,120,119,140,328,202,25,122,201,131,44,144,55,153,108,109,224,310,552,142,190,55,179,193,28,107,209,125,47,160,74,167,191,142,233,63,138
375,254,142,53,346,75,305,88,106,138,267,339,567,229,164,165,257,558,335,50,169,339,189,144,102,76,212,166,192,379,510,897,170,339,84,343,315,62,155,364,226,65,243,135,255,290,204,349,118,217
151,101,61,23,140,25,122,40,44,61,119,135,206,96,92,85,111,197,132,14,48,127,84,55,76,14,81,64,62,141,184,356,80,126,26,139,112,19,55,137,64,30,90,62,90,120,93,147,46,84
345,287,137,71,317,78,324,98,105,124,272,363,550,247,193,184,251,566,356,38,172,350,209,153,212,81,122,156,163,399,464,931,193,317,77,358,327,45,158,374,218,72,246,147,262,309,224,341,111,212
282,215,84,50,262,55,245,83,78,114,221,231,430,162,133,135,167,428,244,23,120,235,130,108,166,64,156,52,137,297,347,684,121,228,49,239,229,33,115,262,135,39,184,95,202,199,129,259,79,155
300,244,112,42,222,61,258,86,75,108,222,279,430,153,127,136,179,434,235,27,139,243,158,109,192,62,163,137,66,271,386,712,122,214,52,252,232,42,140,276,158,50,211,93,203,223,167,267,98,162
586,544,260,88,635,150,589,195,217,230,487,673,1131,384,337,371,495,1146,619,84,335,589,373,224,379,141,399,297,271,435,935,1690,319,587,142,699,570,112,344,678,417,116,482,231,461,558,358,665,220,428
700,629,305,117,770,144,710,243,251,311,615,810,1411,504,344,411,572,1350,746,110,439,730,424,310,510,184,464,347,386,935,580,2033,395,693,155,839,692,135,398,775,462,156,590,294,554,670,487,785,277,514
1154,1236,554,219,1415,296,1304,459,459,551,1133,1520,2265,928,767,833,998,2308,1433,197,765,1392,835,552,897,356,931,684,712,1690,2033,1826,769,1290,305,1530,1285,237,694,1498,867,283,1022,527,1056,1279,876,1358,479,893
246,258,104,55,263,55,278,90,81,118,248,313,482,199,140,159,195,505,300,36,172,280,176,142,170,80,193,121,122,319,395,769,73,252,65,295,254,39,152,300,165,45,200,87,237,228,164,269,89,181
484,437,192,88,474,105,447,162,145,211,404,531,835,331,243,258,310,859,446,64,265,476,271,190,339,126,317,228,214,587,693,1290,252,210,108,507,442,84,223,494,341,87,340,155,372,423,306,518,174,311
123,97,44,12,108,24,101,35,31,58,102,116,201,71,69,82,77,204,105,17,62,123,63,55,84,26,77,49,52,142,155,305,65,108,16,136,120,18,55,124,68,25,86,52,87,105,73,118,49,70
496,435,202,72,515,103,481,150,157,226,432,600,1010,333,274,308,416,1017,489,64,258,535,285,179,343,139,358,239,252,699,839,1530,295,507,136,288,468,77,282,547,347,104,434,174,408,504,323,546,216,351
453,443,176,76,439,107,450,158,136,193,377,547,796,327,246,250,334,826,498,61,281,503,275,193,315,112,327,229,232,570,692,1285,254,442,120,468,219,82,242,502,314,103,326,187,355,402,299,501,169,310
79,78,38,19,108,19,87,25,29,37,64,81,164,52,57,53,65,133,96,11,46,102,44,28,62,19,45,33,42,112,135,237,39,84,18,77,82,14,51,84,59,20,60,38,78,76,59,114,31,55
271,202,124,41,262,57,242,76,65,97,215,260,441,168,143,148,214,458,249,36,152,252,172,107,155,55,158,115,140,344,398,694,152,223,55,282,242,51,73,261,161,61,189,88,204,242,140,260,78,214
452,450,216,77,541,123,502,168,187,230,428,595,950,343,272,324,389,967,549,55,324,529,316,209,364,137,374,262,276,678,775,1498,300,494,124,547,502,84,261,271,354,115,428,196,432,472,339,534,194,372
308,265,115,51,348,75,293,96,108,132,297,364,597,222,179,202,230,617,327,43,195,335,179,125,226,64,218,135,158,417,462,867,165,341,68,347,314,59,161,354,92,74,242,121,289,284,204,344,117,230
100,85,44,26,104,23,115,34,35,46,83,91,157,78,49,64,80,173,102,11,47,111,56,47,65,30,72,39,50,116,156,283,45,87,25,104,103,20,61,115,74,11,82,40,87,100,68,116,34,74
371,347,155,63,392,89,378,117,128,162,345,413,691,266,212,220,262,669,392,54,216,362,257,160,243,90,246,184,211,482,590,1022,200,340,86,434,326,60,189,428,242,82,128,143,317,349,255,368,132,259
178,146,76,26,183,43,164,54,65,84,141,224,327,144,92,106,133,328,168,22,98,185,108,74,135,62,147,95,93,231,294,527,87,155,52,174,187,38,88,196,121,40,143,38,142,190,110,201,66,132
436,347,159,58,377,97,380,125,136,174,346,428,678,280,206,227,288,673,413,44,228,378,246,167,255,90,262,202,203,461,554,1056,237,372,87,408,355,78,204,432,289,87,317,142,157,355,246,421,109,260
406,391,183,78,453,99,427,147,156,167,380,478,782,302,215,259,347,774,460,50,235,456,245,191,290,120,309,199,223,558,670,1279,228,423,105,504,402,76,242,472,284,100,349,190,355,206,291,467,156,314
307,273,117,58,345,80,330,81,112,125,288,309,531,222,146,167,216,516,335,33,160,343,188,142,204,93,224,129,167,358,487,876,164,306,73,323,299,59,140,339,204,68,255,110,246,291,96,345,127,220
475,453,207,93,503,119,486,160,166,223,434,571,924,383,287,330,375,882,539,73,314,516,346,233,349,147,341,259,267,665,785,1358,269,518,118,546,501,114,260,534,344,116,368,201,421,467,345,277,187,329
176,165,62,26,177,35,174,62,56,78,155,189,309,124,80,92,125,319,185,14,105,184,111,63,118,46,111,79,98,220,277,479,89,174,49,216,169,31,78,194,117,34,132,66,109,156,127,187,30,112
376,295,130,54,346,79,317,106,101,155,292,354,599,213,169,181,229,567,326,46,206,363,206,138,217,84,212,155,162,428,514,893,181,311,70,351,310,55,214,372,230,74,259,132,260,314,220,329,112,131
