278,399,186,83,472,103,471,176,172,229,422,496,826,364,325,340,329,787,484,53,313,457,324,202,367,133,332,264,277,583,659,1137,240,441,110,504,458,84,231,449,316,112,389,179,442,402,289,448,169,369
399,185,192,73,432,105,413,148,161,140,354,489,829,282,216,234,299,760,415,45,233,453,259,173,274,95,263,200,208,575,681,1260,254,392,113,462,393,69,223,489,308,88,319,163,319,412,264,452,167,269
186,192,33,34,189,34,207,70,80,102,187,223,362,144,106,110,133,367,193,23,94,201,114,88,127,68,146,95,92,228,304,561,108,162,48,208,191,38,89,233,135,32,160,70,151,163,130,225,66,127
83,73,34,7,82,22,92,26,30,41,77,101,164,61,63,47,62,150,91,6,49,100,61,38,70,20,61,44,48,101,118,219,47,79,19,80,84,11,51,87,47,20,66,40,64,65,68,78,27,71
472,432,189,82,250,136,504,169,178,218,445,527,915,346,256,295,344,923,514,60,269,551,306,212,334,134,334,221,232,648,728,1368,270,486,114,524,473,85,245,499,339,105,420,226,446,425,353,534,196,379
103,105,34,22,136,10,109,40,36,48,97,114,200,88,79,89,88,187,113,13,69,113,79,47,88,26,78,59,72,145,166,270,64,115,18,130,109,17,54,124,61,27,82,50,77,83,93,106,37,76
471,413,207,92,504,109,219,144,167,197,397,512,841,312,271,291,363,869,477,47,255,530,304,178,338,105,337,249,269,617,735,1321,239,460,105,563,466,79,241,503,274,106,367,194,379,452,330,482,169,326
176,148,70,26,169,40,144,17,50,59,128,154,300,100,75,77,121,271,138,22,102,156,93,64,108,47,132,70,79,178,244,425,89,137,38,171,145,28,80,163,108,36,109,60,128,134,101,174,59,105
172,161,80,30,178,36,167,50,17,80,141,181,327,113,87,117,91,291,162,16,95,176,103,67,109,34,110,72,68,211,237,458,87,137,40,150,169,28,86,169,99,31,128,50,128,146,102,183,63,120
229,140,102,41,218,48,197,59,80,36,162,254,406,124,132,143,172,349,217,24,97,220,125,97,113,48,123,104,106,248,311,569,109,190,49,207,180,44,92,207,105,37,168,79,172,177,144,203,65,130
422,354,187,77,445,97,397,128,141,162,183,460,783,288,251,276,343,709,404,73,241,438,275,178,261,104,284,228,248,534,614,1138,230,400,97,408,384,69,193,417,265,82,295,160,346,385,287,421,155,288
496,489,223,101,527,114,512,154,181,254,460,347,956,353,299,299,419,1003,558,89,330,572,336,213,365,125,362,257,275,698,858,1551,287,520,136,638,514,97,275,576,353,97,388,208,438,519,347,591,199,360
826,829,362,164,915,200,841,300,327,406,783,956,754,621,470,538,610,1379,893,130,523,899,567,365,593,237,635,435,491,1126,1309,2334,462,827,188,956,859,152,464,966,582,177,679,354,743,806,575,903,319,628
364,282,144,61,346,88,312,100,113,124,288,353,621,108,172,203,244,602,343,40,179,343,192,118,222,74,208,134,152,403,513,957,169,317,86,334,326,57,174,350,220,70,292,120,250,330,220,345,127,223
325,216,106,63,256,79,271,75,87,132,251,299,470,172,75,129,198,481,255,48,151,273,172,126,183,86,186,133,137,310,407,774,132,253,55,264,265,47,127,259,166,60,202,104,236,242,165,281,96,181
340,234,110,47,295,89,291,77,117,143,276,299,538,203,129,74,230,536,277,39,156,292,187,123,183,70,184,152,146,353,435,799,123,251,59,281,249,44,153,351,200,59,215,92,231,265,171,302,98,215
329,299,133,62,344,88,363,121,91,172,343,419,610,244,198,230,119,630,352,48,194,366,199,161,235,95,250,174,200,431,539,974,164,340,84,383,359,77,178,398,252,72,261,126,312,328,236,374,119,232
787,760,367,150,923,187,869,271,291,349,709,1003,1379,602,481,536,630,809,921,122,526,896,557,337,610,238,640,424,461,1090,1310,2364,489,855,197,949,820,141,442,960,595,193,660,332,698,792,592,876,323,604
484,415,193,91,514,113,477,138,162,217,404,558,893,343,255,277,352,921,247,61,297,458,319,221,324,122,327,240,268,647,711,1464,266,463,118,491,460,88,234,508,322,94,402,192,401,452,343,494,193,352
53,45,23,6,60,13,47,22,16,24,73,89,130,40,48,39,48,122,61,3,33,54,34,25,38,20,38,23,29,86,84,172,45,60,14,60,60,11,30,67,39,14,55,24,53,61,40,80,27,44
313,233,94,49,269,69,255,102,95,97,241,330,523,179,151,156,194,526,297,33,59,283,157,100,173,69,179,121,129,353,393,802,157,262,75,286,259,47,153,292,207,55,219,92,206,260,185,312,103,172
457,453,201,100,551,113,530,156,176,220,438,572,899,343,273,292,366,896,458,54,283,231,313,219,350,122,352,241,260,654,718,1412,292,486,117,522,524,82,258,549,320,98,386,213,435,481,328,555,181,347
324,259,114,61,306,79,304,93,103,125,275,336,567,192,172,187,199,557,319,34,157,313,107,104,198,65,187,136,143,400,431,849,165,295,73,273,352,41,156,337,168,69,238,127,252,285,181,357,139,209
202,173,88,38,212,47,178,64,67,97,178,213,365,118,126,123,161,337,221,25,100,219,104,35,145,35,136,90,101,272,301,510,108,171,47,233,188,25,99,227,133,41,151,74,150,186,131,191,80,144
367,274,127,70,334,88,338,108,109,113,261,365,593,222,183,183,235,610,324,38,173,350,198,145,111,86,209,165,180,433,489,922,190,340,90,347,308,46,179,366,200,77,258,113,255,274,197,343,113,208
133,95,68,20,134,26,105,47,34,48,104,125,237,74,86,70,95,238,122,20,69,122,65,35,86,15,83,47,75,167,205,392,78,113,37,137,110,23,57,149,89,30,105,43,95,127,78,155,59,93
332,263,146,61,334,78,337,132,110,123,284,362,635,208,186,184,250,640,327,38,179,352,187,136,209,83,134,139,170,438,505,998,191,317,92,351,319,57,180,357,219,70,275,125,263,296,188,394,134,233
264,200,95,44,221,59,249,70,72,104,228,257,435,134,133,152,174,424,240,23,121,241,136,90,165,47,139,48,127,265,338,668,130,233,59,229,256,29,108,296,151,42,170,76,200,214,138,248,106,155
277,208,92,48,232,72,269,79,68,106,248,275,491,152,137,146,200,461,268,29,129,260,143,101,180,75,170,127,75,313,400,753,151,249,52,248,251,35,121,286,161,57,199,93,188,243,151,269,104,156
583,575,228,101,648,145,617,178,211,248,534,698,1126,403,310,353,431,1090,647,86,353,654,400,272,433,167,438,265,313,410,925,1816,336,569,125,635,585,100,284,708,404,132,466,238,502,588,381,637,234,441
659,681,304,118,728,166,735,244,237,311,614,858,1309,513,407,435,539,1310,711,84,393,718,431,301,489,205,505,338,400,925,561,2084,408,683,196,775,730,121,406,799,496,150,573,295,655,728,476,806,300,501
1137,1260,561,219,1368,270,1321,425,458,569,1138,1551,2334,957,774,799,974,2364,1464,172,802,1412,849,510,922,392,998,668,753,1816,2084,1754,702,1302,280,1483,1259,227,691,1431,901,267,1013,528,1110,1274,904,1469,509,952
240,254,108,47,270,64,239,89,87,109,230,287,462,169,132,123,164,489,266,45,157,292,165,108,190,78,191,130,151,336,408,702,67,248,61,292,253,48,135,301,175,71,200,101,224,246,171,304,97,198
441,392,162,79,486,115,460,137,137,190,400,520,827,317,253,251,340,855,463,60,262,486,295,171,340,113,317,233,249,569,683,1302,248,242,90,483,425,62,220,466,321,84,363,182,398,406,341,501,158,313
110,113,48,19,114,18,105,38,40,49,97,136,188,86,55,59,84,197,118,14,75,117,73,47,90,37,92,59,52,125,196,280,61,90,13,128,95,23,56,119,65,31,72,50,113,121,64,132,36,68
504,462,208,80,524,130,563,171,150,207,408,638,956,334,264,281,383,949,491,60,286,522,273,233,347,137,351,229,248,635,775,1483,292,483,128,276,493,104,257,585,357,126,380,214,433,497,335,522,212,351
458,393,191,84,473,109,466,145,169,180,384,514,859,326,265,249,359,820,460,60,259,524,352,188,308,110,319,256,251,585,730,1259,253,425,95,493,233,68,243,475,294,102,370,168,371,409,315,488,185,299
84,69,38,11,85,17,79,28,28,44,69,97,152,57,47,44,77,141,88,11,47,82,41,25,46,23,57,29,35,100,121,227,48,62,23,104,68,9,45,84,63,16,72,27,61,76,54,98,33,52
231,223,89,51,245,54,241,80,86,92,193,275,464,174,127,153,178,442,234,30,153,258,156,99,179,57,180,108,121,284,406,691,135,220,56,257,243,45,71,256,152,53,192,89,220,237,182,260,91,161
449,489,233,87,499,124,503,163,169,207,417,576,966,350,259,351,398,960,508,67,292,549,337,227,366,149,357,296,286,708,799,1431,301,466,119,585,475,84,256,281,343,114,428,208,436,480,358,560,190,340
316,308,135,47,339,61,274,108,99,105,265,353,582,220,166,200,252,595,322,39,207,320,168,133,200,89,219,151,161,404,496,901,175,321,65,357,294,63,152,343,108,80,266,130,251,312,215,317,113,225
112,88,32,20,105,27,106,36,31,37,82,97,177,70,60,59,72,193,94,14,55,98,69,41,77,30,70,42,57,132,150,267,71,84,31,126,102,16,53,114,80,12,75,48,82,83,77,99,42,79
389,319,160,66,420,82,367,109,128,168,295,388,679,292,202,215,261,660,402,55,219,386,238,151,258,105,275,170,199,466,573,1013,200,363,72,380,370,72,192,428,266,75,145,138,304,348,245,392,125,244
179,163,70,40,226,50,194,60,50,79,160,208,354,120,104,92,126,332,192,24,92,213,127,74,113,43,125,76,93,238,295,528,101,182,50,214,168,27,89,208,130,48,138,29,134,171,130,196,65,139
442,319,151,64,446,77,379,128,128,172,346,438,743,250,236,231,312,698,401,53,206,435,252,150,255,95,263,200,188,502,655,1110,224,398,113,433,371,61,220,436,251,82,304,134,161,355,251,465,146,282
402,412,163,65,425,83,452,134,146,177,385,519,806,330,242,265,328,792,452,61,260,481,285,186,274,127,296,214,243,588,728,1274,246,406,121,497,409,76,237,480,312,83,348,171,355,221,301,511,172,320
289,264,130,68,353,93,330,101,102,144,287,347,575,220,165,171,236,592,343,40,185,328,181,131,197,78,188,138,151,381,476,904,171,341,64,335,315,54,182,358,215,77,245,130,251,301,96,357,109,216
448,452,225,78,534,106,482,174,183,203,421,591,903,345,281,302,374,876,494,80,312,555,357,191,343,155,394,248,269,637,806,1469,304,501,132,522,488,98,260,560,317,99,392,196,465,511,357,256,206,361
169,167,66,27,196,37,169,59,63,65,155,199,319,127,96,98,119,323,193,27,103,181,139,80,113,59,134,106,104,234,300,509,97,158,36,212,185,33,91,190,113,42,125,65,146,172,109,206,26,128
369,269,127,71,379,76,326,105,120,130,288,360,628,223,181,215,232,604,352,44,172,347,209,144,208,93,233,155,156,441,501,952,198,313,68,351,299,52,161,340,225,79,244,139,282,320,216,361,128,120
