264,454,205,92,533,125,433,171,197,244,465,522,801,382,292,340,356,806,540,80,325,522,337,206,372,154,359,264,293,649,724,1223,240,485,116,529,464,86,250,474,311,100,356,179,437,481,335,503,177,399
454,185,173,78,434,84,457,140,136,165,326,499,790,278,241,231,320,804,433,45,202,437,263,163,282,93,273,182,224,510,669,1293,252,400,99,448,420,80,239,505,289,77,324,173,327,424,288,462,170,296
205,173,38,26,231,40,180,71,71,65,176,209,341,118,101,98,153,371,203,21,106,206,111,75,125,42,124,76,96,241,339,590,105,178,38,198,191,29,106,209,137,42,160,52,146,178,102,200,65,131
92,78,26,7,74,15,77,37,22,32,64,94,148,68,49,46,67,144,83,14,50,77,65,41,71,19,70,49,44,123,125,226,42,86,15,96,77,6,40,78,52,19,64,32,76,67,56,85,26,71
533,434,231,74,270,101,489,144,170,205,389,558,913,328,243,279,390,926,488,71,286,532,301,208,297,135,368,246,253,620,837,1401,244,476,112,529,451,94,273,599,332,118,384,200,366,464,298,563,183,331
125,84,40,15,101,4,95,41,29,43,88,130,223,80,65,69,71,208,109,20,62,95,71,39,74,28,88,53,60,150,159,309,59,112,33,152,96,13,61,110,71,26,90,41,82,97,80,98,37,76
433,457,180,77,489,95,214,166,150,190,400,498,854,294,256,268,358,884,477,73,252,518,303,202,306,120,321,215,239,610,724,1356,261,498,126,499,422,80,260,529,321,107,378,197,386,509,295,481,198,330
171,140,71,37,144,41,166,14,49,58,98,161,281,103,89,81,109,271,149,18,78,148,92,69,101,46,94,68,90,184,204,441,85,130,34,138,148,24,69,163,93,24,107,64,118,155,95,176,60,102
197,136,71,22,170,29,150,49,34,70,142,179,300,90,85,98,127,306,186,18,95,167,109,75,96,40,104,77,81,203,280,478,91,171,36,174,155,30,78,182,108,36,112,55,134,179,102,169,65,124
244,165,65,32,205,43,190,58,70,43,150,224,343,125,107,126,146,379,213,33,113,214,129,71,127,54,140,99,124,270,308,536,106,187,51,197,211,35,111,225,143,45,145,86,166,195,141,195,67,145
465,326,176,64,389,88,400,98,142,150,172,455,751,254,230,267,338,773,428,53,229,414,286,141,286,124,295,205,227,524,634,1169,233,364,99,446,390,81,208,466,286,81,302,153,360,407,309,442,158,270
522,499,209,94,558,130,498,161,179,224,455,314,1091,355,282,318,399,1047,620,62,293,554,342,208,364,122,355,253,283,777,880,1692,316,523,120,617,543,125,284,599,349,116,440,211,433,531,327,590,209,377
801,790,341,148,913,223,854,281,300,343,751,1091,840,545,484,555,623,1513,952,110,479,904,502,350,597,229,595,437,454,1172,1417,2575,502,838,211,942,867,182,451,975,635,194,744,353,699,877,649,935,353,579
382,278,118,68,328,80,294,103,90,125,254,355,545,117,178,180,244,604,320,39,180,319,201,139,193,74,193,145,164,391,454,902,169,314,74,358,302,50,173,314,207,69,268,117,266,330,201,346,128,221
292,241,101,49,243,65,256,89,85,107,230,282,484,178,68,126,190,500,270,33,159,281,176,108,191,69,178,136,121,309,411,778,151,267,55,279,252,32,142,283,161,49,205,122,219,255,176,273,111,196
340,231,98,46,279,69,268,81,98,126,267,318,555,180,126,69,231,518,289,33,155,311,192,107,161,70,166,143,120,359,424,793,157,294,80,303,261,38,160,286,172,61,218,121,202,269,181,308,115,214
356,320,153,67,390,71,358,109,127,146,338,399,623,244,190,231,132,603,348,45,200,348,215,156,233,102,252,163,187,452,527,977,207,350,75,384,346,50,182,392,259,75,282,149,303,346,223,361,135,263
806,804,371,144,926,208,884,271,306,379,773,1047,1513,604,500,518,603,844,952,125,512,911,524,360,632,240,607,439,463,1150,1368,2592,511,799,214,951,814,173,430,991,625,192,700,360,717,933,613,917,348,595
540,433,203,83,488,109,477,149,186,213,428,620,952,320,270,289,348,952,243,58,294,447,279,222,318,143,355,224,234,660,756,1396,259,444,110,519,502,94,253,542,309,118,377,227,421,460,320,534,176,348
80,45,21,14,71,20,73,18,18,33,53,62,110,39,33,33,45,125,58,3,30,62,38,28,37,15,41,33,38,81,101,181,38,55,9,67,59,11,29,58,33,13,44,20,49,54,38,64,23,42
325,202,106,50,286,62,252,78,95,113,229,293,479,180,159,155,200,512,294,30,70,288,144,120,192,60,163,146,149,357,401,744,137,229,50,297,263,59,153,297,172,45,209,112,223,262,187,265,94,196
522,437,206,77,532,95,518,148,167,214,414,554,904,319,281,311,348,911,447,62,288,275,295,223,329,120,343,241,243,679,773,1347,252,463,105,521,464,101,246,532,315,110,427,225,411,441,308,539,193,332
337,263,111,65,301,71,303,92,109,129,286,342,502,201,176,192,215,524,279,38,144,295,69,120,182,78,185,129,158,364,416,822,161,281,48,294,287,37,146,287,203,60,232,106,251,289,188,298,103,214
206,163,75,41,208,39,202,69,75,71,141,208,350,139,108,107,156,360,222,28,120,223,120,39,114,49,122,93,113,244,303,573,108,183,41,193,167,26,100,199,119,42,159,89,170,187,126,203,74,129
372,282,125,71,297,74,306,101,96,127,286,364,597,193,191,161,233,632,318,37,192,329,182,114,120,93,207,130,180,400,493,957,214,290,77,375,305,54,158,345,209,55,274,121,259,311,221,321,121,205
154,93,42,19,135,28,120,46,40,54,124,122,229,74,69,70,102,240,143,15,60,120,78,49,93,15,64,72,57,146,198,364,77,124,29,131,109,14,60,133,89,30,107,41,105,123,77,119,56,101
359,273,124,70,368,88,321,94,104,140,295,355,595,193,178,166,252,607,355,41,163,343,185,122,207,64,89,144,153,404,540,994,193,325,64,321,277,55,156,390,219,78,256,131,249,330,199,329,131,238
264,182,76,49,246,53,215,68,77,99,205,253,437,145,136,143,163,439,224,33,146,241,129,93,130,72,144,41,131,309,346,666,116,231,55,219,229,40,123,256,148,42,204,96,182,194,125,249,102,144
293,224,96,44,253,60,239,90,81,124,227,283,454,164,121,120,187,463,234,38,149,243,158,113,180,57,153,131,64,321,360,684,131,236,56,247,253,32,126,272,181,49,191,83,223,240,162,272,105,196
649,510,241,123,620,150,610,184,203,270,524,777,1172,391,309,359,452,1150,660,81,357,679,364,244,400,146,404,309,321,375,1000,1847,370,637,146,660,595,121,344,710,439,157,516,252,503,618,427,706,227,437
724,669,339,125,837,159,724,204,280,308,634,880,1417,454,411,424,527,1368,756,101,401,773,416,303,493,198,540,346,360,1000,633,2142,396,674,153,819,697,124,369,864,523,155,589,285,627,681,486,805,273,496
1223,1293,590,226,1401,309,1356,441,478,536,1169,1692,2575,902,778,793,977,2592,1396,181,744,1347,822,573,957,364,994,666,684,1847,2142,1998,763,1252,329,1538,1303,256,712,1518,981,281,1081,546,1137,1355,927,1489,549,889
240,252,105,42,244,59,261,85,91,106,233,316,502,169,151,157,207,511,259,38,137,252,161,108,214,77,193,116,131,370,396,763,79,254,64,304,243,42,145,287,188,46,202,106,223,246,171,310,103,203
485,400,178,86,476,112,498,130,171,187,364,523,838,314,267,294,350,799,444,55,229,463,281,183,290,124,325,231,236,637,674,1252,254,217,105,523,443,76,237,503,306,109,343,192,366,433,300,527,179,316
116,99,38,15,112,33,126,34,36,51,99,120,211,74,55,80,75,214,110,9,50,105,48,41,77,29,64,55,56,146,153,329,64,105,17,114,112,24,61,122,75,24,82,44,106,114,78,116,54,65
529,448,198,96,529,152,499,138,174,197,446,617,942,358,279,303,384,951,519,67,297,521,294,193,375,131,321,219,247,660,819,1538,304,523,114,234,496,83,258,587,334,105,437,206,429,520,325,589,198,355
464,420,191,77,451,96,422,148,155,211,390,543,867,302,252,261,346,814,502,59,263,464,287,167,305,109,277,229,253,595,697,1303,243,443,112,496,200,57,259,470,295,87,351,192,366,445,279,478,196,337
86,80,29,6,94,13,80,24,30,35,81,125,182,50,32,38,50,173,94,11,59,101,37,26,54,14,55,40,32,121,124,256,42,76,24,83,57,5,44,105,61,18,56,30,66,88,54,99,28,48
250,239,106,40,273,61,260,69,78,111,208,284,451,173,142,160,182,430,253,29,153,246,146,100,158,60,156,123,126,344,369,712,145,237,61,258,259,44,58,271,161,51,185,101,193,259,166,281,83,182
474,505,209,78,599,110,529,163,182,225,466,599,975,314,283,286,392,991,542,58,297,532,287,199,345,133,390,256,272,710,864,1518,287,503,122,587,470,105,271,327,381,110,403,229,428,504,347,616,182,362
311,289,137,52,332,71,321,93,108,143,286,349,635,207,161,172,259,625,309,33,172,315,203,119,209,89,219,148,181,439,523,981,188,306,75,334,295,61,161,381,108,68,249,131,262,316,205,381,134,226
100,77,42,19,118,26,107,24,36,45,81,116,194,69,49,61,75,192,118,13,45,110,60,42,55,30,78,42,49,157,155,281,46,109,24,105,87,18,51,110,68,11,72,39,67,117,46,90,45,74
356,324,160,64,384,90,378,107,112,145,302,440,744,268,205,218,282,700,377,44,209,427,232,159,274,107,256,204,191,516,589,1081,202,343,82,437,351,56,185,403,249,72,133,149,354,359,263,395,141,270
179,173,52,32,200,41,197,64,55,86,153,211,353,117,122,121,149,360,227,20,112,225,106,89,121,41,131,96,83,252,285,546,106,192,44,206,192,30,101,229,131,39,149,43,153,204,114,195,71,120
437,327,146,76,366,82,386,118,134,166,360,433,699,266,219,202,303,717,421,49,223,411,251,170,259,105,249,182,223,503,627,1137,223,366,106,429,366,66,193,428,262,67,354,153,180,399,249,426,160,271
481,424,178,67,464,97,509,155,179,195,407,531,877,330,255,269,346,933,460,54,262,441,289,187,311,123,330,194,240,618,681,1355,246,433,114,520,445,88,259,504,316,117,359,204,399,201,301,544,169,344
335,288,102,56,298,80,295,95,102,141,309,327,649,201,176,181,223,613,320,38,187,308,188,126,221,77,199,125,162,427,486,927,171,300,78,325,279,54,166,347,205,46,263,114,249,301,112,364,126,201
503,462,200,85,563,98,481,176,169,195,442,590,935,346,273,308,361,917,534,64,265,539,298,203,321,119,329,249,272,706,805,1489,310,527,116,589,478,99,281,616,381,90,395,195,426,544,364,268,189,357
177,170,65,26,183,37,198,60,65,67,158,209,353,128,111,115,135,348,176,23,94,193,103,74,121,56,131,102,105,227,273,549,103,179,54,198,196,28,83,182,134,45,141,71,160,169,126,189,40,133
399,296,131,71,331,76,330,102,124,145,270,377,579,221,196,214,263,595,348,42,196,332,214,129,205,101,238,144,196,437,496,889,203,316,65,355,337,48,182,362,226,74,270,120,271,344,201,357,133,109
