277,443,214,88,463,108,458,161,177,263,489,506,856,376,316,347,342,835,535,77,349,535,326,201,386,141,367,264,278,675,737,1219,275,464,101,542,490,79,251,509,320,112,399,169,421,456,351,482,182,373
443,169,170,71,441,102,431,128,155,178,361,471,832,289,219,220,334,810,440,48,242,427,251,183,279,110,274,198,204,559,650,1275,246,392,89,428,414,78,202,466,306,93,342,167,337,419,261,459,178,302
214,170,25,32,182,42,173,61,50,89,192,210,340,130,88,104,147,372,211,25,102,214,121,74,128,52,129,79,88,252,324,603,114,179,41,206,194,32,98,219,119,52,159,87,171,176,136,227,80,157
88,71,32,8,93,16,80,29,34,40,69,96,153,62,48,51,66,148,108,9,40,97,60,55,69,26,69,35,46,121,130,213,48,79,19,86,87,17,49,104,72,24,75,38,76,69,62,77,36,49
463,441,182,93,281,125,473,145,168,220,451,571,967,335,286,295,381,978,484,58,260,561,300,185,360,133,341,249,235,633,778,1481,296,504,117,495,486,78,250,568,342,96,391,200,405,463,312,541,199,352
108,102,42,16,125,13,106,32,37,50,98,124,209,59,58,57,87,206,120,17,62,108,75,50,80,32,98,54,58,156,168,310,58,106,30,133,90,30,60,121,69,26,97,47,95,101,85,131,42,80
458,431,173,80,473,106,224,145,149,225,427,557,882,315,234,243,388,889,504,50,303,508,326,170,330,123,326,211,245,606,732,1413,282,458,103,548,419,93,260,521,299,92,427,182,368,444,320,497,177,328
161,128,61,29,145,32,145,23,50,65,144,190,252,98,84,78,123,266,141,16,76,154,96,49,103,46,97,64,91,178,217,399,84,148,30,155,132,29,80,160,95,27,111,55,118,143,104,169,50,86
177,155,50,34,168,37,149,50,28,62,145,190,309,105,101,110,115,303,182,23,97,177,90,62,104,31,97,68,86,199,243,494,85,156,37,168,161,27,87,173,98,39,146,73,133,167,104,177,61,117
263,178,89,40,220,50,225,65,62,49,167,229,377,148,105,111,165,395,206,27,143,213,118,84,136,67,181,91,107,286,322,531,106,193,35,233,213,37,104,222,115,48,161,91,198,203,133,225,77,148
489,361,192,69,451,98,427,144,145,167,191,451,770,291,245,282,311,752,416,66,264,445,278,157,283,116,296,211,208,587,627,1126,225,411,96,448,395,85,218,439,250,98,332,186,348,412,277,447,178,306
506,471,210,96,571,124,557,190,190,229,451,330,1054,387,299,331,408,1077,558,72,283,560,327,232,364,127,373,248,262,738,849,1706,320,517,139,593,566,96,294,631,376,124,415,230,453,551,370,592,234,396
856,832,340,153,967,209,882,252,309,377,770,1054,829,595,441,442,683,1529,940,97,452,926,520,364,606,218,602,426,455,1173,1423,2553,495,874,224,1009,876,172,446,1025,595,173,672,362,727,884,630,970,364,555
376,289,130,62,335,59,315,98,105,148,291,387,595,108,169,181,247,598,330,50,196,346,191,122,233,92,223,147,158,397,500,905,176,317,85,324,278,52,166,348,203,70,282,112,281,309,205,325,136,245
316,219,88,48,286,58,234,84,101,105,245,299,441,169,58,127,199,469,257,31,144,276,151,104,168,59,174,121,125,318,401,670,137,227,70,285,214,52,147,266,173,49,197,94,205,261,153,291,108,173
347,220,104,51,295,57,243,78,110,111,282,331,442,181,127,80,212,524,278,37,152,312,184,128,164,73,185,121,144,355,447,804,154,263,83,286,250,41,148,294,164,67,234,103,212,308,170,315,133,170
342,334,147,66,381,87,388,123,115,165,311,408,683,247,199,212,115,666,385,46,216,406,219,145,231,73,210,169,175,456,517,1016,215,371,67,328,347,66,200,390,248,84,289,140,315,336,237,344,140,239
835,810,372,148,978,206,889,266,303,395,752,1077,1529,598,469,524,666,843,937,110,449,975,563,377,616,229,628,450,454,1186,1432,2556,488,862,230,936,911,174,472,989,625,187,706,336,751,857,605,960,347,605
535,440,211,108,484,120,504,141,182,206,416,558,940,330,257,278,385,937,255,66,300,487,311,189,343,127,345,239,246,612,759,1458,299,464,126,569,499,83,267,533,345,111,372,185,426,465,312,536,203,338
77,48,25,9,58,17,50,16,23,27,66,72,97,50,31,37,46,110,66,3,33,75,34,18,31,14,40,33,24,65,104,171,25,59,18,57,47,14,33,82,40,14,54,21,38,58,35,73,17,37
349,242,102,40,260,62,303,76,97,143,264,283,452,196,144,152,216,449,300,33,77,301,143,106,168,66,165,121,144,313,398,743,149,245,74,303,262,46,114,278,181,57,211,104,231,255,171,278,104,185
535,427,214,97,561,108,508,154,177,213,445,560,926,346,276,312,406,975,487,75,301,263,323,184,370,158,361,234,244,647,769,1500,300,515,122,549,446,82,256,502,349,114,372,196,439,456,352,525,202,380
326,251,121,60,300,75,326,96,90,118,278,327,520,191,151,184,219,563,311,34,143,323,91,128,179,60,182,125,133,364,451,790,154,286,57,302,294,45,177,296,199,59,235,117,239,271,190,286,97,192
201,183,74,55,185,50,170,49,62,84,157,232,364,122,104,128,145,377,189,18,106,184,128,31,130,40,131,75,84,246,311,574,102,207,44,204,208,35,98,220,115,36,189,77,147,180,135,186,78,160
386,279,128,69,360,80,330,103,104,136,283,364,606,233,168,164,231,616,343,31,168,370,179,130,105,64,195,151,188,385,520,921,188,336,71,363,325,67,164,360,226,51,260,124,266,316,190,314,130,224
141,110,52,26,133,32,123,46,31,67,116,127,218,92,59,73,73,229,127,14,66,158,60,40,64,10,62,60,64,167,210,365,75,124,28,125,113,25,58,133,70,22,108,55,86,110,74,132,39,77
367,274,129,69,341,98,326,97,97,181,296,373,602,223,174,185,210,628,345,40,165,361,182,131,195,62,101,138,150,406,553,966,218,319,73,356,327,64,161,389,207,71,289,136,251,344,220,342,134,231
264,198,79,35,249,54,211,64,68,91,211,248,426,147,121,121,169,450,239,33,121,234,125,75,151,60,138,52,110,261,335,666,141,236,50,243,208,40,117,231,154,54,173,90,171,224,150,270,94,155
278,204,88,46,235,58,245,91,86,107,208,262,455,158,125,144,175,454,246,24,144,244,133,84,188,64,150,110,69,308,376,672,142,249,54,275,212,48,135,251,166,46,184,90,199,212,159,264,103,167
675,559,252,121,633,156,606,178,199,286,587,738,1173,397,318,355,456,1186,612,65,313,647,364,246,385,167,406,261,308,419,958,1841,365,586,143,676,613,111,315,714,433,129,496,244,523,547,405,686,220,436
737,650,324,130,778,168,732,217,243,322,627,849,1423,500,401,447,517,1432,759,104,398,769,451,311,520,210,553,335,376,958,581,2210,413,757,181,853,748,133,365,820,494,155,555,309,623,692,463,787,296,498
1219,1275,603,213,1481,310,1413,399,494,531,1126,1706,2553,905,670,804,1016,2556,1458,171,743,1500,790,574,921,365,966,666,672,1841,2210,2003,740,1311,311,1586,1355,260,706,1603,987,323,1021,536,1112,1389,920,1473,498,935
275,246,114,48,296,58,282,84,85,106,225,320,495,176,137,154,215,488,299,25,149,300,154,102,188,75,218,141,142,365,413,740,69,266,60,312,252,65,146,318,189,58,211,110,239,258,167,296,93,159
464,392,179,79,504,106,458,148,156,193,411,517,874,317,227,263,371,862,464,59,245,515,286,207,336,124,319,236,249,586,757,1311,266,221,104,532,434,77,237,530,341,96,372,183,408,406,324,528,172,332
101,89,41,19,117,30,103,30,37,35,96,139,224,85,70,83,67,230,126,18,74,122,57,44,71,28,73,50,54,143,181,311,60,104,8,116,108,18,56,127,76,28,84,38,91,108,75,122,29,71
542,428,206,86,495,133,548,155,168,233,448,593,1009,324,285,286,328,936,569,57,303,549,302,204,363,125,356,243,275,676,853,1586,312,532,116,272,481,88,284,611,386,116,408,189,442,517,323,548,215,387
490,414,194,87,486,90,419,132,161,213,395,566,876,278,214,250,347,911,499,47,262,446,294,208,325,113,327,208,212,613,748,1355,252,434,108,481,217,70,239,521,300,99,391,182,356,418,309,488,167,344
79,78,32,17,78,30,93,29,27,37,85,96,172,52,52,41,66,174,83,14,46,82,45,35,67,25,64,40,48,111,133,260,65,77,18,88,70,5,50,104,44,21,66,36,93,85,52,114,37,49
251,202,98,49,250,60,260,80,87,104,218,294,446,166,147,148,200,472,267,33,114,256,177,98,164,58,161,117,135,315,365,706,146,237,56,284,239,50,64,264,161,50,210,95,216,234,168,243,115,162
509,466,219,104,568,121,521,160,173,222,439,631,1025,348,266,294,390,989,533,82,278,502,296,220,360,133,389,231,251,714,820,1603,318,530,127,611,521,104,264,282,373,108,411,206,426,533,326,577,204,384
320,306,119,72,342,69,299,95,98,115,250,376,595,203,173,164,248,625,345,40,181,349,199,115,226,70,207,154,166,433,494,987,189,341,76,386,300,44,161,373,116,71,248,123,235,309,227,352,122,226
112,93,52,24,96,26,92,27,39,48,98,124,173,70,49,67,84,187,111,14,57,114,59,36,51,22,71,54,46,129,155,323,58,96,28,116,99,21,50,108,71,11,82,32,77,100,68,102,44,69
399,342,159,75,391,97,427,111,146,161,332,415,672,282,197,234,289,706,372,54,211,372,235,189,260,108,289,173,184,496,555,1021,211,372,84,408,391,66,210,411,248,82,147,133,319,351,246,434,142,266
169,167,87,38,200,47,182,55,73,91,186,230,362,112,94,103,140,336,185,21,104,196,117,77,124,55,136,90,90,244,309,536,110,183,38,189,182,36,95,206,123,32,133,38,144,178,102,193,83,115
421,337,171,76,405,95,368,118,133,198,348,453,727,281,205,212,315,751,426,38,231,439,239,147,266,86,251,171,199,523,623,1112,239,408,91,442,356,93,216,426,235,77,319,144,176,393,262,441,137,302
456,419,176,69,463,101,444,143,167,203,412,551,884,309,261,308,336,857,465,58,255,456,271,180,316,110,344,224,212,547,692,1389,258,406,108,517,418,85,234,533,309,100,351,178,393,237,265,502,174,313
351,261,136,62,312,85,320,104,104,133,277,370,630,205,153,170,237,605,312,35,171,352,190,135,190,74,220,150,159,405,463,920,167,324,75,323,309,52,168,326,227,68,246,102,262,265,106,371,111,199
482,459,227,77,541,131,497,169,177,225,447,592,970,325,291,315,344,960,536,73,278,525,286,186,314,132,342,270,264,686,787,1473,296,528,122,548,488,114,243,577,352,102,434,193,441,502,371,285,187,335
182,178,80,36,199,42,177,50,61,77,178,234,364,136,108,133,140,347,203,17,104,202,97,78,130,39,134,94,103,220,296,498,93,172,29,215,167,37,115,204,122,44,142,83,137,174,111,187,37,104
373,302,157,49,352,80,328,86,117,148,306,396,555,245,173,170,239,605,338,37,185,380,192,160,224,77,231,155,167,436,498,935,159,332,71,387,344,49,162,384,226,69,266,115,302,313,199,335,104,124
