256,452,213,93,478,131,469,196,182,244,459,478,823,371,304,336,369,821,522,82,346,520,358,209,356,152,348,302,293,570,675,1185,238,480,110,486,494,81,245,467,298,103,399,170,397,376,361,498,178,383
452,173,182,76,411,105,415,139,141,161,339,498,792,266,224,243,316,767,443,48,241,458,247,160,304,100,289,182,229,501,699,1204,224,420,90,447,411,84,255,491,301,89,314,165,356,393,277,463,180,283
213,182,37,38,198,48,191,60,56,66,168,214,359,128,95,95,150,359,192,19,109,212,103,82,124,52,130,82,103,263,303,543,120,193,45,203,174,26,107,213,146,45,163,69,169,228,122,203,71,142
93,76,38,5,88,13,76,23,27,36,69,102,134,60,40,49,57,148,89,8,41,104,56,32,63,20,64,51,55,118,113,202,32,73,22,85,69,14,32,84,56,17,70,36,72,74,60,82,33,64
478,411,198,88,238,102,474,169,152,218,412,569,912,324,283,293,358,886,514,67,286,502,300,173,317,129,347,242,234,617,763,1389,286,460,99,541,447,87,261,522,312,107,391,182,381,483,290,533,192,335
131,105,48,13,102,12,107,39,36,44,79,143,186,65,61,65,79,181,100,15,61,116,73,40,82,24,79,60,58,153,168,295,51,101,27,129,86,17,55,117,70,35,87,46,103,90,81,114,39,93
469,415,191,76,474,107,247,155,156,222,429,534,834,306,271,294,342,817,495,51,284,534,290,196,317,129,353,240,267,594,747,1299,244,463,111,482,409,89,242,519,319,94,383,177,384,451,317,508,164,362
196,139,60,23,169,39,155,19,56,69,140,194,286,106,78,83,114,284,152,21,84,182,80,73,94,41,100,79,69,188,220,454,84,155,35,145,161,24,62,181,103,27,126,49,121,143,87,170,57,106
182,141,56,27,152,36,156,56,20,72,144,172,302,111,82,84,119,269,188,21,77,174,102,60,112,48,125,74,91,201,256,450,88,170,30,171,144,17,83,170,84,27,139,62,134,132,114,162,42,120
244,161,66,36,218,44,222,69,72,44,182,222,373,122,119,138,162,382,222,15,106,203,109,73,129,55,134,87,87,242,315,585,112,190,55,215,198,37,104,241,144,39,149,69,157,173,130,237,83,153
459,339,168,69,412,79,429,140,144,182,192,461,739,252,222,257,317,722,424,45,242,421,247,149,268,99,276,194,203,492,611,1119,219,394,90,450,385,80,233,454,297,87,336,158,308,390,247,432,156,275
478,498,214,102,569,143,534,194,172,222,461,296,1015,388,306,342,435,1018,566,82,309,611,306,210,359,149,407,257,271,688,815,1564,309,539,125,600,520,83,273,601,357,102,418,234,455,530,376,566,234,375
823,792,359,134,912,186,834,286,302,373,739,1015,837,585,514,559,649,1474,911,115,522,905,519,359,611,227,634,420,458,1126,1287,2363,508,865,209,922,819,157,441,980,599,173,666,350,745,804,617,926,352,627
371,266,128,60,324,65,306,106,111,122,252,388,585,113,165,179,229,580,330,30,180,347,201,130,191,77,221,170,171,397,458,935,188,296,77,295,328,59,161,342,220,55,263,138,255,299,193,332,130,224
304,224,95,40,283,61,271,78,82,119,222,306,514,165,82,140,210,507,253,28,159,271,161,107,167,59,166,137,145,351,372,722,147,255,74,282,245,43,141,297,172,45,196,102,196,264,163,295,112,210
336,243,95,49,293,65,294,83,84,138,257,342,559,179,140,80,197,533,286,27,166,315,166,122,174,60,186,125,142,341,411,823,160,270,69,273,255,44,146,316,210,62,205,88,226,273,152,308,132,207
369,316,150,57,358,79,342,114,119,162,317,435,649,229,210,197,125,649,392,43,198,411,207,147,228,97,271,173,189,422,560,1029,220,344,91,374,324,48,193,374,245,70,249,127,288,340,248,379,141,251
821,767,359,148,886,181,817,284,269,382,722,1018,1474,580,507,533,649,851,943,112,542,898,521,344,594,226,650,426,436,1156,1325,2341,490,870,209,994,815,161,440,955,584,203,698,343,709,800,620,933,299,624
522,443,192,89,514,100,495,152,188,222,424,566,911,330,253,286,392,943,232,51,299,495,325,214,310,129,330,249,240,627,750,1361,290,477,125,527,460,82,269,544,305,95,380,201,404,435,331,522,194,330
82,48,19,8,67,15,51,21,21,15,45,82,115,30,28,27,43,112,51,7,45,85,35,21,41,10,38,22,30,63,97,197,40,56,14,67,56,13,20,56,45,13,47,24,46,50,41,52,31,39
346,241,109,41,286,61,284,84,77,106,242,309,522,180,159,166,198,542,299,45,84,282,157,108,184,70,199,135,130,359,455,811,164,284,58,298,279,54,127,315,206,54,226,92,222,226,185,310,111,199
520,458,212,104,502,116,534,182,174,203,421,611,905,347,271,315,411,898,495,85,282,270,313,224,307,127,345,250,273,646,770,1394,277,442,115,563,473,79,289,562,348,96,376,205,392,443,312,549,201,319
358,247,103,56,300,73,290,80,102,109,247,306,519,201,161,166,207,521,325,35,157,313,84,146,197,78,209,155,158,374,434,785,150,259,65,303,315,39,145,322,212,68,235,114,243,261,201,330,105,191
209,160,82,32,173,40,196,73,60,73,149,210,359,130,107,122,147,344,214,21,108,224,146,41,112,44,130,114,100,222,309,548,115,167,48,200,193,34,103,202,145,41,165,83,168,211,129,201,80,123
356,304,124,63,317,82,317,94,112,129,268,359,611,191,167,174,228,594,310,41,184,307,197,112,114,80,198,137,145,382,497,917,163,310,78,326,331,58,188,372,221,62,272,127,221,295,186,360,102,223
152,100,52,20,129,24,129,41,48,55,99,149,227,77,59,60,97,226,129,10,70,127,78,44,80,16,65,63,53,139,177,356,77,104,21,122,137,27,79,126,88,32,106,43,95,131,69,146,43,93
348,289,130,64,347,79,353,100,125,134,276,407,634,221,166,186,271,650,330,38,199,345,209,130,198,65,96,158,140,395,515,961,202,296,68,347,331,58,207,388,206,79,281,123,255,343,204,372,125,235
302,182,82,51,242,60,240,79,74,87,194,257,420,170,137,125,173,426,249,22,135,250,155,114,137,63,158,51,124,292,387,658,142,214,56,262,217,36,108,256,141,62,183,101,205,233,136,243,98,138
293,229,103,55,234,58,267,69,91,87,203,271,458,171,145,142,189,436,240,30,130,273,158,100,145,53,140,124,64,306,365,738,136,235,66,261,270,41,138,286,177,54,218,94,223,232,163,289,98,141
570,501,263,118,617,153,594,188,201,242,492,688,1126,397,351,341,422,1156,627,63,359,646,374,222,382,139,395,292,306,399,924,1724,369,609,154,651,565,98,276,674,399,127,488,232,479,580,390,676,223,387
675,699,303,113,763,168,747,220,256,315,611,815,1287,458,372,411,560,1325,750,97,455,770,434,309,497,177,515,387,365,924,546,2003,418,738,176,812,700,143,376,809,497,134,558,294,592,685,457,789,266,512
1185,1204,543,202,1389,295,1299,454,450,585,1119,1564,2363,935,722,823,1029,2341,1361,197,811,1394,785,548,917,356,961,658,738,1724,2003,1826,714,1302,309,1518,1289,247,711,1476,976,277,983,494,1100,1254,870,1384,475,979
238,224,120,32,286,51,244,84,88,112,219,309,508,188,147,160,220,490,290,40,164,277,150,115,163,77,202,142,136,369,418,714,81,260,54,305,260,47,157,293,206,60,221,98,215,243,177,281,95,197
480,420,193,73,460,101,463,155,170,190,394,539,865,296,255,270,344,870,477,56,284,442,259,167,310,104,296,214,235,609,738,1302,260,221,108,500,400,74,212,503,297,97,381,177,357,426,283,527,182,301
110,90,45,22,99,27,111,35,30,55,90,125,209,77,74,69,91,209,125,14,58,115,65,48,78,21,68,56,66,154,176,309,54,108,17,133,116,21,57,139,85,25,92,40,92,90,65,128,45,85
486,447,203,85,541,129,482,145,171,215,450,600,922,295,282,273,374,994,527,67,298,563,303,200,326,122,347,262,261,651,812,1518,305,500,133,279,475,85,258,569,361,91,382,188,381,488,365,570,181,338
494,411,174,69,447,86,409,161,144,198,385,520,819,328,245,255,324,815,460,56,279,473,315,193,331,137,331,217,270,565,700,1289,260,400,116,475,206,74,214,495,281,97,374,184,376,429,301,498,182,342
81,84,26,14,87,17,89,24,17,37,80,83,157,59,43,44,48,161,82,13,54,79,39,34,58,27,58,36,41,98,143,247,47,74,21,85,74,4,38,103,56,13,53,29,70,81,49,81,38,52
245,255,107,32,261,55,242,62,83,104,233,273,441,161,141,146,193,440,269,20,127,289,145,103,188,79,207,108,138,276,376,711,157,212,57,258,214,38,49,301,183,46,196,77,215,253,150,288,86,166
467,491,213,84,522,117,519,181,170,241,454,601,980,342,297,316,374,955,544,56,315,562,322,202,372,126,388,256,286,674,809,1476,293,503,139,569,495,103,301,285,337,96,369,203,460,519,312,606,191,368
298,301,146,56,312,70,319,103,84,144,297,357,599,220,172,210,245,584,305,45,206,348,212,145,221,88,206,141,177,399,497,976,206,297,85,361,281,56,183,337,104,76,231,106,283,295,219,361,114,215
103,89,45,17,107,35,94,27,27,39,87,102,173,55,45,62,70,203,95,13,54,96,68,41,62,32,79,62,54,127,134,277,60,97,25,91,97,13,46,96,76,12,78,41,78,97,61,102,36,76
399,314,163,70,391,87,383,126,139,149,336,418,666,263,196,205,249,698,380,47,226,376,235,165,272,106,281,183,218,488,558,983,221,381,92,382,374,53,196,369,231,78,147,142,341,355,254,397,142,258
170,165,69,36,182,46,177,49,62,69,158,234,350,138,102,88,127,343,201,24,92,205,114,83,127,43,123,101,94,232,294,494,98,177,40,188,184,29,77,203,106,41,142,26,177,170,137,191,70,129
397,356,169,72,381,103,384,121,134,157,308,455,745,255,196,226,288,709,404,46,222,392,243,168,221,95,255,205,223,479,592,1100,215,357,92,381,376,70,215,460,283,78,341,177,144,383,248,432,121,269
376,393,228,74,483,90,451,143,132,173,390,530,804,299,264,273,340,800,435,50,226,443,261,211,295,131,343,233,232,580,685,1254,243,426,90,488,429,81,253,519,295,97,355,170,383,212,270,473,131,310
361,277,122,60,290,81,317,87,114,130,247,376,617,193,163,152,248,620,331,41,185,312,201,129,186,69,204,136,163,390,457,870,177,283,65,365,301,49,150,312,219,61,254,137,248,270,98,326,124,211
498,463,203,82,533,114,508,170,162,237,432,566,926,332,295,308,379,933,522,52,310,549,330,201,360,146,372,243,289,676,789,1384,281,527,128,570,498,81,288,606,361,102,397,191,432,473,326,270,192,363
178,180,71,33,192,39,164,57,42,83,156,234,352,130,112,132,141,299,194,31,111,201,105,80,102,43,125,98,98,223,266,475,95,182,45,181,182,38,86,191,114,36,142,70,121,131,124,192,27,131
383,283,142,64,335,93,362,106,120,153,275,375,627,224,210,207,251,624,330,39,199,319,191,123,223,93,235,138,141,387,512,979,197,301,85,338,342,52,166,368,215,76,258,129,269,310,211,363,131,104
