287,435,230,87,496,101,466,165,197,253,470,477,842,378,296,315,355,815,527,74,298,507,348,209,363,151,363,282,298,617,763,1225,254,491,112,512,513,96,234,455,337,114,361,197,449,474,302,502,163,389
435,192,183,71,445,103,438,125,148,164,381,494,794,263,221,225,314,793,421,52,218,449,249,180,288,117,306,214,198,543,657,1247,225,403,93,458,423,58,210,465,284,87,363,150,339,364,253,446,166,292
230,183,36,36,196,49,184,57,57,66,170,229,397,124,100,118,147,391,237,24,94,225,100,83,127,51,152,78,79,261,293,570,106,163,56,202,192,36,91,203,125,42,159,64,140,181,121,212,74,124
87,71,36,11,89,29,86,28,30,38,87,86,159,60,49,62,65,145,95,12,42,101,50,33,67,21,61,43,58,105,135,213,46,91,15,97,83,16,49,71,52,25,58,30,94,80,51,91,30,54
496,445,196,89,246,124,521,149,166,183,404,563,903,297,265,258,367,917,489,56,288,501,301,220,339,130,325,260,263,651,777,1465,291,441,112,568,486,91,242,530,321,89,387,186,387,478,301,526,205,343
101,103,49,29,124,16,114,34,43,53,111,131,211,90,63,68,86,210,125,14,60,123,63,51,78,30,85,58,68,139,172,314,62,121,23,131,119,20,54,107,73,35,78,40,98,115,62,117,42,75
466,438,184,86,521,114,253,140,141,194,430,567,925,310,262,263,345,869,503,74,255,508,291,187,313,104,342,250,239,666,761,1318,264,466,118,529,487,98,243,564,331,119,364,174,378,457,296,498,171,328
165,125,57,28,149,34,140,20,50,61,132,172,265,113,87,104,93,270,157,18,79,181,99,60,92,29,101,65,87,161,229,375,81,149,46,159,150,26,62,157,87,38,109,60,124,134,93,170,54,123
197,148,57,30,166,43,141,50,28,49,135,186,333,87,97,109,126,321,149,18,95,156,101,72,112,47,109,70,86,219,239,442,87,135,36,188,157,29,71,178,108,34,138,46,130,144,110,169,67,121
253,164,66,38,183,53,194,61,49,42,165,238,371,159,114,112,149,358,213,30,113,238,132,88,139,46,139,91,122,257,297,559,104,190,47,232,210,40,103,186,131,47,176,66,178,168,122,215,80,151
470,381,170,87,404,111,430,132,135,165,181,484,776,298,242,268,295,739,436,54,244,440,265,185,283,106,295,204,225,498,621,1155,212,397,98,458,422,75,200,434,264,85,336,157,346,351,254,418,183,276
477,494,229,86,563,131,567,172,186,238,484,328,1063,369,303,298,392,1055,571,71,311,572,321,221,378,141,393,238,286,742,833,1632,297,537,131,564,529,92,265,577,358,109,428,234,412,513,347,596,221,371
842,794,397,159,903,211,925,265,333,371,776,1063,796,587,454,525,668,1434,935,108,526,892,556,367,586,224,631,428,462,1147,1351,2472,483,872,229,960,850,149,472,985,604,193,680,383,737,849,502,958,349,604
378,263,124,60,297,90,310,113,87,159,298,369,587,92,173,175,242,556,309,39,183,325,194,143,213,79,245,155,185,421,499,856,161,310,63,328,320,55,158,342,205,66,234,122,265,304,195,369,110,219
296,221,100,49,265,63,262,87,97,114,242,303,454,173,79,146,184,438,263,31,142,260,194,123,169,63,172,118,137,285,393,705,140,237,55,281,251,49,118,243,164,54,195,114,226,236,173,281,95,159
315,225,118,62,258,68,263,104,109,112,268,298,525,175,146,81,181,507,258,44,160,250,185,103,170,75,180,124,133,336,413,790,155,253,50,264,269,53,129,284,170,49,207,117,232,243,194,284,99,178
355,314,147,65,367,86,345,93,126,149,295,392,668,242,184,181,149,683,358,51,197,345,235,150,230,99,229,166,192,439,548,1075,211,368,77,392,358,50,179,368,219,86,281,137,262,371,228,353,132,241
815,793,391,145,917,210,869,270,321,358,739,1055,1434,556,438,507,683,807,924,122,556,924,500,354,596,241,631,411,484,1056,1324,2377,459,859,189,1008,842,167,477,1000,611,195,668,375,696,856,530,930,321,603
527,421,237,95,489,125,503,157,149,213,436,571,935,309,263,258,358,924,259,69,293,475,305,203,351,140,338,218,241,651,788,1434,316,486,106,523,472,87,225,547,337,97,401,159,405,489,309,488,171,327
74,52,24,12,56,14,74,18,18,30,54,71,108,39,31,44,51,122,69,2,32,72,32,32,48,10,39,29,27,66,90,189,29,51,18,58,69,6,32,80,37,13,65,24,62,65,43,77,23,40
298,218,94,42,288,60,255,79,95,113,244,311,526,183,142,160,197,556,293,32,68,289,155,120,181,77,191,127,150,342,482,834,165,227,65,289,255,44,150,280,169,45,227,101,263,272,176,327,119,205
507,449,225,101,501,123,508,181,156,238,440,572,892,325,260,250,345,924,475,72,289,247,290,205,351,145,362,259,258,646,768,1471,284,495,104,524,477,83,264,537,336,105,395,168,396,471,323,549,180,340
348,249,100,50,301,63,291,99,101,132,265,321,556,194,194,185,235,500,305,32,155,290,95,130,198,77,208,157,178,346,422,819,193,268,67,309,288,47,145,291,195,51,225,104,240,274,187,304,125,192
209,180,83,33,220,51,187,60,72,88,185,221,367,143,123,103,150,354,203,32,120,205,130,38,145,48,146,97,94,260,311,589,110,187,42,209,190,39,94,215,139,32,158,75,154,172,135,200,79,136
363,288,127,67,339,78,313,92,112,139,283,378,586,213,169,170,230,596,351,48,181,351,198,145,107,86,243,153,178,399,484,894,169,327,73,309,335,39,155,331,213,66,270,116,249,280,195,329,122,233
151,117,51,21,130,30,104,29,47,46,106,141,224,79,63,75,99,241,140,10,77,145,77,48,86,19,70,67,65,170,196,353,77,113,25,115,103,22,56,149,93,24,105,38,97,136,71,124,41,85
363,306,152,61,325,85,342,101,109,139,295,393,631,245,172,180,229,631,338,39,191,362,208,146,243,70,97,165,167,437,517,955,186,324,77,298,353,54,154,378,231,56,267,130,280,306,196,324,122,223
282,214,78,43,260,58,250,65,70,91,204,238,428,155,118,124,166,411,218,29,127,259,157,97,153,67,165,58,113,291,343,661,123,246,51,240,231,39,111,250,166,43,192,89,194,185,146,248,94,158
298,198,79,58,263,68,239,87,86,122,225,286,462,185,137,133,192,484,241,27,150,258,178,94,178,65,167,113,55,313,386,718,130,230,49,265,256,48,136,243,159,53,194,83,205,255,159,283,88,162
617,543,261,105,651,139,666,161,219,257,498,742,1147,421,285,336,439,1056,651,66,342,646,346,260,399,170,437,291,313,383,967,1782,318,593,153,654,625,119,313,716,439,113,475,258,542,600,396,670,250,426
763,657,293,135,777,172,761,229,239,297,621,833,1351,499,393,413,548,1324,788,90,482,768,422,311,484,196,517,343,386,967,576,2144,420,724,181,804,684,140,389,784,512,174,581,272,600,717,466,763,272,529
1225,1247,570,213,1465,314,1318,375,442,559,1155,1632,2472,856,705,790,1075,2377,1434,189,834,1471,819,589,894,353,955,661,718,1782,2144,1947,749,1273,325,1557,1306,247,725,1508,934,303,1029,563,1053,1304,849,1432,521,912
254,225,106,46,291,62,264,81,87,104,212,297,483,161,140,155,211,459,316,29,165,284,193,110,169,77,186,123,130,318,420,749,74,274,59,304,256,34,144,311,200,67,227,111,211,261,169,292,103,184
491,403,163,91,441,121,466,149,135,190,397,537,872,310,237,253,368,859,486,51,227,495,268,187,327,113,324,246,230,593,724,1273,274,233,102,509,436,77,226,516,303,97,350,183,381,455,284,514,159,336
112,93,56,15,112,23,118,46,36,47,98,131,229,63,55,50,77,189,106,18,65,104,67,42,73,25,77,51,49,153,181,325,59,102,14,119,110,14,56,148,77,28,104,41,89,88,63,124,30,80
512,458,202,97,568,131,529,159,188,232,458,564,960,328,281,264,392,1008,523,58,289,524,309,209,309,115,298,240,265,654,804,1557,304,509,119,271,531,105,268,571,350,116,397,204,409,522,340,554,197,361
513,423,192,83,486,119,487,150,157,210,422,529,850,320,251,269,358,842,472,69,255,477,288,190,335,103,353,231,256,625,684,1306,256,436,110,531,229,80,227,487,304,114,327,181,441,450,304,541,156,333
96,58,36,16,91,20,98,26,29,40,75,92,149,55,49,53,50,167,87,6,44,83,47,39,39,22,54,39,48,119,140,247,34,77,14,105,80,4,38,96,54,18,77,32,72,73,58,72,30,50
234,210,91,49,242,54,243,62,71,103,200,265,472,158,118,129,179,477,225,32,150,264,145,94,155,56,154,111,136,313,389,725,144,226,56,268,227,38,62,247,164,61,180,105,188,236,141,278,91,171
455,465,203,71,530,107,564,157,178,186,434,577,985,342,243,284,368,1000,547,80,280,537,291,215,331,149,378,250,243,716,784,1508,311,516,148,571,487,96,247,300,376,124,410,194,441,508,302,551,214,353
337,284,125,52,321,73,331,87,108,131,264,358,604,205,164,170,219,611,337,37,169,336,195,139,213,93,231,166,159,439,512,934,200,303,77,350,304,54,164,376,132,64,277,121,266,309,217,367,120,202
114,87,42,25,89,35,119,38,34,47,85,109,193,66,54,49,86,195,97,13,45,105,51,32,66,24,56,43,53,113,174,303,67,97,28,116,114,18,61,124,64,8,86,32,86,98,58,106,41,77
361,363,159,58,387,78,364,109,138,176,336,428,680,234,195,207,281,668,401,65,227,395,225,158,270,105,267,192,194,475,581,1029,227,350,104,397,327,77,180,410,277,86,141,161,315,353,231,374,144,251
197,150,64,30,186,40,174,60,46,66,157,234,383,122,114,117,137,375,159,24,101,168,104,75,116,38,130,89,83,258,272,563,111,183,41,204,181,32,105,194,121,32,161,32,138,174,125,214,68,129
449,339,140,94,387,98,378,124,130,178,346,412,737,265,226,232,262,696,405,62,263,396,240,154,249,97,280,194,205,542,600,1053,211,381,89,409,441,72,188,441,266,86,315,138,166,379,245,454,157,280
474,364,181,80,478,115,457,134,144,168,351,513,849,304,236,243,371,856,489,65,272,471,274,172,280,136,306,185,255,600,717,1304,261,455,88,522,450,73,236,508,309,98,353,174,379,226,264,510,167,319
302,253,121,51,301,62,296,93,110,122,254,347,502,195,173,194,228,530,309,43,176,323,187,135,195,71,196,146,159,396,466,849,169,284,63,340,304,58,141,302,217,58,231,125,245,264,76,328,125,195
502,446,212,91,526,117,498,170,169,215,418,596,958,369,281,284,353,930,488,77,327,549,304,200,329,124,324,248,283,670,763,1432,292,514,124,554,541,72,278,551,367,106,374,214,454,510,328,267,176,315
163,166,74,30,205,42,171,54,67,80,183,221,349,110,95,99,132,321,171,23,119,180,125,79,122,41,122,94,88,250,272,521,103,159,30,197,156,30,91,214,120,41,144,68,157,167,125,176,30,136
389,292,124,54,343,75,328,123,121,151,276,371,604,219,159,178,241,603,327,40,205,340,192,136,233,85,223,158,162,426,529,912,184,336,80,361,333,50,171,353,202,77,251,129,280,319,195,315,136,113
