284,478,213,92,494,102,474,168,188,231,415,569,820,401,335,348,419,869,561,70,324,529,359,223,390,143,382,273,286,627,668,1138,255,474,111,547,508,84,245,499,300,104,373,172,449,393,347,511,163,361
478,186,153,74,414,111,445,114,134,187,402,490,769,264,245,241,310,778,442,60,226,429,242,184,287,112,300,219,207,528,708,1249,249,389,81,483,428,66,226,441,256,88,346,167,369,406,226,498,188,287
213,153,32,37,194,52,223,65,80,82,176,221,348,133,99,121,142,382,195,26,102,214,108,83,129,53,149,90,99,233,305,584,123,207,41,222,199,34,109,205,125,42,135,73,151,188,142,208,79,128
92,74,37,8,91,24,82,18,23,42,68,93,150,63,47,60,48,150,91,11,57,78,48,41,60,22,68,42,45,117,125,222,48,61,21,95,77,13,33,80,50,19,63,33,84,77,52,94,30,43
494,414,194,91,284,114,478,167,168,200,419,544,912,307,282,299,364,974,520,69,308,517,288,178,334,120,341,236,265,701,772,1395,292,468,129,593,472,93,264,553,344,112,418,184,405,463,309,537,199,371
102,111,52,24,114,16,103,30,31,50,100,142,223,79,65,77,70,202,126,20,65,113,58,42,78,35,80,46,60,144,163,331,69,96,21,129,103,17,55,107,68,26,85,41,77,116,71,128,43,58
474,445,223,82,478,103,217,132,162,224,444,551,879,305,258,272,331,871,494,63,285,469,274,183,320,128,316,226,238,613,711,1331,264,455,106,524,460,78,240,499,307,105,353,185,370,469,315,510,179,318
168,114,65,18,167,30,132,13,72,61,128,156,277,104,82,83,123,269,169,13,80,177,91,57,106,36,106,71,75,191,215,414,87,133,39,140,144,32,54,146,114,24,124,53,132,148,98,142,53,85
188,134,80,23,168,31,162,72,26,78,141,188,294,100,93,93,140,288,170,21,84,182,87,67,105,46,123,66,78,186,228,457,84,156,30,173,184,34,95,165,118,47,143,71,137,145,99,179,54,122
231,187,82,42,200,50,224,61,78,49,186,218,369,132,103,127,137,367,191,27,112,212,127,88,145,51,157,95,94,241,300,556,123,196,38,245,221,25,85,200,140,54,160,79,168,167,122,199,77,121
415,402,176,68,419,100,444,128,141,186,180,467,758,268,202,250,282,796,409,54,234,410,252,182,317,113,311,204,191,554,628,1168,217,425,80,459,407,58,199,431,296,100,350,166,377,390,273,434,141,282
569,490,221,93,544,142,551,156,188,218,467,306,1038,344,289,331,393,1052,566,75,310,571,326,221,362,135,380,264,271,671,848,1643,315,544,139,606,507,79,263,617,368,113,435,219,408,530,360,586,221,381
820,769,348,150,912,223,879,277,294,369,758,1038,836,579,445,488,651,1499,925,130,539,919,547,348,626,216,563,426,439,1103,1404,2624,512,872,215,1008,887,174,430,965,576,192,664,332,673,840,566,929,340,627
401,264,133,63,307,79,305,104,100,132,268,344,579,101,179,211,252,576,319,37,199,316,206,145,214,87,234,137,174,396,495,903,171,305,72,345,294,57,173,344,194,59,263,127,245,311,187,361,126,219
335,245,99,47,282,65,258,82,93,103,202,289,445,179,67,120,169,482,268,32,152,277,151,100,190,74,181,121,128,328,392,697,163,223,69,273,271,38,125,278,171,57,206,87,226,248,174,266,98,182
348,241,121,60,299,77,272,83,93,127,250,331,488,211,120,70,193,501,295,28,133,292,134,118,194,78,184,132,129,330,430,718,149,249,79,290,287,41,124,311,185,53,250,104,224,285,169,292,100,169
419,310,142,48,364,70,331,123,140,137,282,393,651,252,169,193,119,682,362,40,196,356,215,138,229,96,244,156,158,469,567,1055,196,320,87,364,331,72,170,408,235,70,271,141,301,349,206,391,133,224
869,778,382,150,974,202,871,269,288,367,796,1052,1499,576,482,501,682,837,927,114,524,907,553,380,626,218,596,419,455,1129,1419,2544,497,882,201,1004,877,173,417,991,616,189,690,356,689,805,536,888,324,633
561,442,195,91,520,126,494,169,170,191,409,566,925,319,268,295,362,927,246,75,260,447,276,201,335,111,343,209,236,643,746,1446,259,472,108,548,499,88,273,558,337,86,428,212,400,481,303,570,176,347
70,60,26,11,69,20,63,13,21,27,54,75,130,37,32,28,40,114,75,2,42,58,40,31,44,11,39,25,31,91,112,185,38,66,14,60,51,7,39,65,49,11,43,25,61,64,42,60,32,40
324,226,102,57,308,65,285,80,84,112,234,310,539,199,152,133,196,524,260,42,78,285,171,102,159,72,180,147,128,346,399,791,159,276,59,248,250,50,139,306,173,59,227,107,213,255,175,280,111,184
529,429,214,78,517,113,469,177,182,212,410,571,919,316,277,292,356,907,447,58,285,243,298,216,336,132,341,210,243,654,747,1441,284,458,134,541,445,83,279,515,344,88,411,219,387,489,337,497,187,382
359,242,108,48,288,58,274,91,87,127,252,326,547,206,151,134,215,553,276,40,171,298,100,135,224,71,185,129,135,372,454,790,176,272,81,313,298,53,159,308,179,64,258,125,259,252,194,328,121,234
223,184,83,41,178,42,183,57,67,88,182,221,348,145,100,118,138,380,201,31,102,216,135,50,145,62,143,111,110,233,311,534,106,191,43,201,211,28,103,201,117,37,149,82,184,182,127,217,77,150
390,287,129,60,334,78,320,106,105,145,317,362,626,214,190,194,229,626,335,44,159,336,224,145,117,87,235,157,159,408,491,912,188,314,56,347,340,52,159,359,207,63,271,143,273,297,207,356,115,232
143,112,53,22,120,35,128,36,46,51,113,135,216,87,74,78,96,218,111,11,72,132,71,62,87,13,70,68,66,142,193,377,70,116,25,134,125,21,67,130,81,24,102,45,106,129,83,119,42,85
382,300,149,68,341,80,316,106,123,157,311,380,563,234,181,184,244,596,343,39,180,341,185,143,235,70,102,170,160,420,533,939,198,332,61,348,333,56,164,372,212,58,295,129,275,322,219,362,118,214
273,219,90,42,236,46,226,71,66,95,204,264,426,137,121,132,156,419,209,25,147,210,129,111,157,68,170,52,125,281,377,677,132,206,52,216,246,34,100,252,138,51,188,84,192,209,156,265,103,175
286,207,99,45,265,60,238,75,78,94,191,271,439,174,128,129,158,455,236,31,128,243,135,110,159,66,160,125,62,310,339,655,135,254,68,260,245,36,128,250,142,50,214,91,192,220,144,253,106,171
627,528,233,117,701,144,613,191,186,241,554,671,1103,396,328,330,469,1129,643,91,346,654,372,233,408,142,420,281,310,417,953,1799,368,680,136,683,582,94,319,668,402,139,486,234,484,590,380,651,225,413
668,708,305,125,772,163,711,215,228,300,628,848,1404,495,392,430,567,1419,746,112,399,747,454,311,491,193,533,377,339,953,522,2113,425,710,177,785,709,133,374,832,499,138,623,308,605,702,516,808,275,514
1138,1249,584,222,1395,331,1331,414,457,556,1168,1643,2624,903,697,718,1055,2544,1446,185,791,1441,790,534,912,377,939,677,655,1799,2113,1973,763,1306,342,1531,1307,280,676,1504,869,293,1019,530,1061,1312,867,1472,526,892
255,249,123,48,292,69,264,87,84,123,217,315,512,171,163,149,196,497,259,38,159,284,176,106,188,70,198,132,135,368,425,763,74,262,62,318,255,43,151,307,167,60,205,102,211,234,182,298,99,181
474,389,207,61,468,96,455,133,156,196,425,544,872,305,223,249,320,882,472,66,276,458,272,191,314,116,332,206,254,680,710,1306,262,215,110,524,423,83,230,485,301,96,368,174,385,428,318,453,163,322
111,81,41,21,129,21,106,39,30,38,80,139,215,72,69,79,87,201,108,14,59,134,81,43,56,25,61,52,68,136,177,342,62,110,9,134,95,29,62,125,82,19,65,49,84,115,67,121,37,81
547,483,222,95,593,129,524,140,173,245,459,606,1008,345,273,290,364,1004,548,60,248,541,313,201,347,134,348,216,260,683,785,1531,318,524,134,281,522,82,283,608,325,101,436,180,428,468,330,562,222,357
508,428,199,77,472,103,460,144,184,221,407,507,887,294,271,287,331,877,499,51,250,445,298,211,340,125,333,246,245,582,709,1307,255,423,95,522,206,77,209,492,320,104,358,183,428,452,316,488,183,321
84,66,34,13,93,17,78,32,34,25,58,79,174,57,38,41,72,173,88,7,50,83,53,28,52,21,56,34,36,94,133,280,43,83,29,82,77,10,46,80,61,18,86,38,62,80,51,96,43,58
245,226,109,33,264,55,240,54,95,85,199,263,430,173,125,124,170,417,273,39,139,279,159,103,159,67,164,100,128,319,374,676,151,230,62,283,209,46,45,270,198,54,191,89,211,235,145,279,91,152
499,441,205,80,553,107,499,146,165,200,431,617,965,344,278,311,408,991,558,65,306,515,308,201,359,130,372,252,250,668,832,1504,307,485,125,608,492,80,270,311,308,111,402,202,452,503,356,556,203,370
300,256,125,50,344,68,307,114,118,140,296,368,576,194,171,185,235,616,337,49,173,344,179,117,207,81,212,138,142,402,499,869,167,301,82,325,320,61,198,308,100,75,252,136,256,296,218,354,124,234
104,88,42,19,112,26,105,24,47,54,100,113,192,59,57,53,70,189,86,11,59,88,64,37,63,24,58,51,50,139,138,293,60,96,19,101,104,18,54,111,75,13,77,44,67,85,67,106,40,87
373,346,135,63,418,85,353,124,143,160,350,435,664,263,206,250,271,690,428,43,227,411,258,149,271,102,295,188,214,486,623,1019,205,368,65,436,358,86,191,402,252,77,144,152,322,373,262,395,126,258
172,167,73,33,184,41,185,53,71,79,166,219,332,127,87,104,141,356,212,25,107,219,125,82,143,45,129,84,91,234,308,530,102,174,49,180,183,38,89,202,136,44,152,36,147,215,107,199,72,138
449,369,151,84,405,77,370,132,137,168,377,408,673,245,226,224,301,689,400,61,213,387,259,184,273,106,275,192,192,484,605,1061,211,385,84,428,428,62,211,452,256,67,322,147,161,365,253,426,141,311
393,406,188,77,463,116,469,148,145,167,390,530,840,311,248,285,349,805,481,64,255,489,252,182,297,129,322,209,220,590,702,1312,234,428,115,468,452,80,235,503,296,85,373,215,365,221,312,493,178,311
347,226,142,52,309,71,315,98,99,122,273,360,566,187,174,169,206,536,303,42,175,337,194,127,207,83,219,156,144,380,516,867,182,318,67,330,316,51,145,356,218,67,262,107,253,312,98,340,115,216
511,498,208,94,537,128,510,142,179,199,434,586,929,361,266,292,391,888,570,60,280,497,328,217,356,119,362,265,253,651,808,1472,298,453,121,562,488,96,279,556,354,106,395,199,426,493,340,266,193,359
163,188,79,30,199,43,179,53,54,77,141,221,340,126,98,100,133,324,176,32,111,187,121,77,115,42,118,103,106,225,275,526,99,163,37,222,183,43,91,203,124,40,126,72,141,178,115,193,40,121
361,287,128,43,371,58,318,85,122,121,282,381,627,219,182,169,224,633,347,40,184,382,234,150,232,85,214,175,171,413,514,892,181,322,81,357,321,58,152,370,234,87,258,138,311,311,216,359,121,117
