290,436,215,88,551,120,495,175,169,229,432,484,783,376,341,347,367,807,497,58,318,515,356,200,418,159,377,298,268,656,741,1159,247,507,101,551,500,85,256,491,343,94,357,170,448,427,331,537,169,378
436,197,158,80,431,114,458,133,143,206,379,501,799,274,236,241,329,799,426,43,214,417,248,181,275,116,293,196,227,565,660,1253,240,427,106,440,422,73,213,486,266,82,323,182,362,414,263,434,165,265
215,158,53,44,175,50,204,80,51,74,155,255,358,128,92,90,149,346,219,19,103,214,124,71,137,49,137,79,106,241,323,569,114,184,57,217,208,33,98,195,146,46,146,77,142,177,122,237,80,147
88,80,44,9,103,19,75,36,23,36,74,81,146,65,50,60,79,150,93,18,42,87,56,43,70,21,65,34,63,112,130,224,50,91,20,97,75,17,51,95,49,25,58,27,76,67,63,95,34,71
551,431,175,103,255,126,516,154,198,219,467,538,904,355,290,300,374,914,527,61,295,518,308,226,368,116,310,223,256,621,760,1453,292,476,130,581,495,86,253,587,339,118,388,228,446,481,342,535,222,342
120,114,50,19,126,11,113,42,35,49,101,123,205,71,64,86,85,208,129,17,62,128,72,59,75,40,98,50,71,151,175,285,65,120,19,146,133,17,66,127,72,28,82,42,87,97,74,113,42,85
495,458,204,75,516,113,233,130,167,174,389,532,904,303,278,292,354,956,489,78,249,515,315,203,344,134,351,243,279,645,728,1421,292,447,116,519,454,85,237,551,325,98,379,180,388,460,327,515,182,321
175,133,80,36,154,42,130,24,50,72,150,168,290,100,84,74,117,268,151,22,84,150,90,64,111,39,98,72,79,194,223,408,92,152,33,153,150,23,69,155,90,30,100,50,131,155,92,128,64,98
169,143,51,23,198,35,167,50,21,72,144,184,326,116,91,102,114,300,188,20,94,185,113,72,102,37,104,78,103,218,239,472,90,158,27,168,154,26,76,182,101,42,144,63,153,138,95,181,56,110
229,206,74,36,219,49,174,72,72,48,159,234,374,145,115,128,154,336,214,25,108,213,142,92,146,67,150,102,121,284,303,541,105,180,50,238,195,40,106,205,140,48,156,86,161,170,133,190,69,149
432,379,155,74,467,101,389,150,144,159,183,476,764,274,228,258,329,750,457,64,239,447,261,152,293,114,274,216,237,548,651,1157,233,394,86,476,394,77,240,449,289,98,337,173,346,389,280,403,158,298
484,501,255,81,538,123,532,168,184,234,476,312,1016,367,272,320,413,1026,550,63,318,563,313,252,340,119,385,236,269,755,902,1609,288,530,121,600,514,101,271,658,387,94,451,223,422,507,344,609,218,405
783,799,358,146,904,205,904,290,326,374,764,1016,826,574,497,532,614,1520,950,92,497,952,522,374,591,200,575,391,426,1196,1420,2519,501,833,234,1005,905,184,444,975,598,196,669,330,708,840,620,961,324,592
376,274,128,65,355,71,303,100,116,145,274,367,574,123,170,197,240,590,323,44,167,330,197,124,222,77,242,137,177,375,481,898,176,303,80,356,329,46,151,352,216,70,238,117,284,293,199,311,132,223
341,236,92,50,290,64,278,84,91,115,228,272,497,170,66,138,168,497,270,29,147,270,146,120,180,59,177,132,141,310,396,709,154,262,64,288,262,40,135,281,190,56,229,103,220,249,146,302,100,168
347,241,90,60,300,86,292,74,102,128,258,320,532,197,138,85,200,543,324,28,151,316,186,116,183,70,192,128,149,337,430,801,165,293,65,290,277,37,130,305,193,61,238,106,234,248,190,333,106,193
367,329,149,79,374,85,354,117,114,154,329,413,614,240,168,200,128,611,382,45,214,362,217,151,239,79,241,165,171,463,561,1011,184,347,65,366,325,63,182,365,237,72,289,98,280,343,204,382,126,257
807,799,346,150,914,208,956,268,300,336,750,1026,1520,590,497,543,611,833,910,99,486,934,543,347,576,195,564,398,450,1120,1363,2602,486,854,235,1040,869,156,446,1010,634,176,676,353,715,829,592,993,345,594
497,426,219,93,527,129,489,151,188,214,457,550,950,323,270,324,382,910,254,55,281,480,274,180,337,94,322,264,259,650,779,1417,266,473,115,538,476,89,262,576,351,109,392,215,415,496,310,554,209,383
58,43,19,18,61,17,78,22,20,25,64,63,92,44,29,28,45,99,55,3,25,51,45,33,45,17,40,26,33,67,94,163,24,64,19,59,61,7,32,58,38,14,50,19,56,48,34,76,31,52
318,214,103,42,295,62,249,84,94,108,239,318,497,167,147,151,214,486,281,25,63,290,159,104,165,68,172,119,121,333,421,771,152,274,76,278,278,41,136,297,181,49,198,124,205,261,178,285,124,207
515,417,214,87,518,128,515,150,185,213,447,563,952,330,270,316,362,934,480,51,290,252,316,188,354,101,330,249,255,619,773,1480,287,466,138,552,451,88,236,569,348,116,349,219,414,505,328,540,209,361
356,248,124,56,308,72,315,90,113,142,261,313,522,197,146,186,217,543,274,45,159,316,98,133,204,69,203,146,142,358,448,812,162,290,72,321,288,57,133,298,188,56,217,118,258,276,192,305,123,198
200,181,71,43,226,59,203,64,72,92,152,252,374,124,120,116,151,347,180,33,104,188,133,41,122,58,132,113,103,266,287,566,117,202,51,198,206,40,92,193,142,40,146,75,156,199,135,178,75,142
418,275,137,70,368,75,344,111,102,146,293,340,591,222,180,183,239,576,337,45,165,354,204,122,96,80,191,156,170,401,521,899,197,308,80,348,290,66,166,364,232,64,289,126,250,314,199,358,131,208
159,116,49,21,116,40,134,39,37,67,114,119,200,77,59,70,79,195,94,17,68,101,69,58,80,23,83,53,67,143,206,335,62,129,26,127,98,16,60,122,82,27,98,36,101,120,63,133,39,89
377,293,137,65,310,98,351,98,104,150,274,385,575,242,177,192,241,564,322,40,172,330,203,132,191,83,95,157,170,394,533,947,194,317,76,315,293,48,158,368,255,53,262,134,254,340,197,364,149,224
298,196,79,34,223,50,243,72,78,102,216,236,391,137,132,128,165,398,264,26,119,249,146,113,156,53,157,56,127,262,346,659,111,215,54,261,217,49,122,254,151,48,195,88,190,218,124,266,98,170
268,227,106,63,256,71,279,79,103,121,237,269,426,177,141,149,171,450,259,33,121,255,142,103,170,67,170,127,74,307,393,666,142,242,56,244,258,49,128,261,175,50,196,87,206,229,163,263,107,173
656,565,241,112,621,151,645,194,218,284,548,755,1196,375,310,337,463,1120,650,67,333,619,358,266,401,143,394,262,307,378,1000,1899,352,584,167,687,587,99,330,725,380,153,475,266,498,547,395,675,263,428
741,660,323,130,760,175,728,223,239,303,651,902,1420,481,396,430,561,1363,779,94,421,773,448,287,521,206,533,346,393,1000,607,2145,393,724,177,849,716,130,402,827,490,153,599,282,630,724,506,798,297,515
1159,1253,569,224,1453,285,1421,408,472,541,1157,1609,2519,898,709,801,1011,2602,1417,163,771,1480,812,566,899,335,947,659,666,1899,2145,1958,746,1327,332,1530,1348,248,738,1484,979,302,1066,561,1101,1350,965,1469,502,917
247,240,114,50,292,65,292,92,90,105,233,288,501,176,154,165,184,486,266,24,152,287,162,117,197,62,194,111,142,352,393,746,68,254,75,308,265,52,143,294,183,54,208,97,218,282,173,302,91,178
507,427,184,91,476,120,447,152,158,180,394,530,833,303,262,293,347,854,473,64,274,466,290,202,308,129,317,215,242,584,724,1327,254,222,107,529,433,84,246,524,319,101,355,167,372,455,288,485,169,299
101,106,57,20,130,19,116,33,27,50,86,121,234,80,64,65,65,235,115,19,76,138,72,51,80,26,76,54,56,167,177,332,75,107,11,113,122,21,59,129,88,23,82,41,118,99,83,114,56,74
551,440,217,97,581,146,519,153,168,238,476,600,1005,356,288,290,366,1040,538,59,278,552,321,198,348,127,315,261,244,687,849,1530,308,529,113,281,475,82,258,575,363,104,430,202,401,532,343,602,209,370
500,422,208,75,495,133,454,150,154,195,394,514,905,329,262,277,325,869,476,61,278,451,288,206,290,98,293,217,258,587,716,1348,265,433,122,475,241,79,249,517,326,115,385,168,386,434,312,484,177,303
85,73,33,17,86,17,85,23,26,40,77,101,184,46,40,37,63,156,89,7,41,88,57,40,66,16,48,49,49,99,130,248,52,84,21,82,79,5,39,90,46,19,65,31,68,81,61,86,30,55
256,213,98,51,253,66,237,69,76,106,240,271,444,151,135,130,182,446,262,32,136,236,133,92,166,60,158,122,128,330,402,738,143,246,59,258,249,39,67,284,157,54,188,97,200,250,145,259,90,148
491,486,195,95,587,127,551,155,182,205,449,658,975,352,281,305,365,1010,576,58,297,569,298,193,364,122,368,254,261,725,827,1484,294,524,129,575,517,90,284,308,349,124,392,191,415,563,352,551,186,334
343,266,146,49,339,72,325,90,101,140,289,387,598,216,190,193,237,634,351,38,181,348,188,142,232,82,255,151,175,380,490,979,183,319,88,363,326,46,157,349,117,60,251,119,273,315,212,344,125,245
94,82,46,25,118,28,98,30,42,48,98,94,196,70,56,61,72,176,109,14,49,116,56,40,64,27,53,48,50,153,153,302,54,101,23,104,115,19,54,124,60,9,81,50,68,99,63,115,43,70
357,323,146,58,388,82,379,100,144,156,337,451,669,238,229,238,289,676,392,50,198,349,217,146,289,98,262,195,196,475,599,1066,208,355,82,430,385,65,188,392,251,81,161,156,305,361,243,395,132,245
170,182,77,27,228,42,180,50,63,86,173,223,330,117,103,106,98,353,215,19,124,219,118,75,126,36,134,88,87,266,282,561,97,167,41,202,168,31,97,191,119,50,156,38,141,173,115,192,71,106
448,362,142,76,446,87,388,131,153,161,346,422,708,284,220,234,280,715,415,56,205,414,258,156,250,101,254,190,206,498,630,1101,218,372,118,401,386,68,200,415,273,68,305,141,174,356,250,411,151,246
427,414,177,67,481,97,460,155,138,170,389,507,840,293,249,248,343,829,496,48,261,505,276,199,314,120,340,218,229,547,724,1350,282,455,99,532,434,81,250,563,315,99,361,173,356,197,303,497,159,289
331,263,122,63,342,74,327,92,95,133,280,344,620,199,146,190,204,592,310,34,178,328,192,135,199,63,197,124,163,395,506,965,173,288,83,343,312,61,145,352,212,63,243,115,250,303,99,321,125,226
537,434,237,95,535,113,515,128,181,190,403,609,961,311,302,333,382,993,554,76,285,540,305,178,358,133,364,266,263,675,798,1469,302,485,114,602,484,86,259,551,344,115,395,192,411,497,321,259,178,335
169,165,80,34,222,42,182,64,56,69,158,218,324,132,100,106,126,345,209,31,124,209,123,75,131,39,149,98,107,263,297,502,91,169,56,209,177,30,90,186,125,43,132,71,151,159,125,178,36,126
378,265,147,71,342,85,321,98,110,149,298,405,592,223,168,193,257,594,383,52,207,361,198,142,208,89,224,170,173,428,515,917,178,299,74,370,303,55,148,334,245,70,245,106,246,289,226,335,126,123
