258,427,222,80,547,115,477,176,201,268,461,503,810,398,296,328,366,817,528,70,330,541,343,223,356,169,398,279,306,578,718,1208,242,518,102,517,477,93,253,458,311,112,367,179,479,436,353,498,162,380
427,187,183,63,457,103,430,102,127,180,389,493,790,261,230,241,327,788,450,51,237,472,237,166,262,91,271,202,196,527,679,1261,244,384,95,455,421,87,220,462,316,88,347,139,345,451,257,464,175,272
222,183,47,30,210,42,197,54,68,89,178,230,372,124,89,102,132,334,189,28,102,210,110,84,123,35,122,91,79,246,317,607,116,170,47,186,203,34,107,211,131,50,154,78,155,206,127,223,53,135
80,63,30,4,95,19,74,30,30,40,70,98,147,68,42,49,59,149,105,13,51,85,45,26,57,21,54,37,43,114,142,228,54,89,15,87,68,4,50,93,46,23,66,30,69,84,57,91,27,58
547,457,210,95,268,126,573,138,161,213,445,568,934,347,272,295,364,933,515,62,295,537,310,208,337,121,352,245,251,705,794,1458,268,450,119,576,471,83,234,548,355,113,393,212,417,510,345,530,199,316
115,103,42,19,126,13,105,32,35,49,97,141,193,89,62,68,75,193,128,21,62,112,74,43,93,30,82,53,62,143,200,309,57,118,23,141,101,12,60,115,76,30,89,38,91,104,77,126,43,78
477,430,197,74,573,105,247,129,148,202,451,549,820,326,252,289,370,846,493,67,268,491,266,199,336,123,333,227,243,618,764,1328,273,471,104,524,459,57,250,537,342,100,359,173,374,480,315,534,167,335
176,102,54,30,138,32,129,24,40,74,126,167,273,100,80,82,115,248,153,20,63,152,89,68,94,49,111,56,76,175,220,427,88,145,33,152,154,22,87,130,92,36,126,59,116,136,99,156,56,120
201,127,68,30,161,35,148,40,24,62,155,182,288,109,84,106,124,297,162,15,99,166,94,61,101,41,102,83,98,184,223,455,79,143,39,162,154,27,65,181,123,33,128,75,127,147,100,164,45,131
268,180,89,40,213,49,202,74,62,44,180,228,353,128,116,124,153,357,212,31,125,213,112,91,121,65,146,115,87,269,325,535,106,213,46,229,209,34,116,208,124,51,150,75,168,192,136,231,62,155
461,389,178,70,445,97,451,126,155,180,176,475,807,276,231,243,287,800,438,70,247,424,254,198,279,114,304,206,189,590,647,1223,267,413,85,485,420,61,252,452,302,103,324,153,376,430,262,460,160,273
503,493,230,98,568,141,549,167,182,228,475,357,1047,338,282,297,375,1044,544,64,283,522,316,234,378,119,348,238,261,736,874,1600,294,521,127,563,568,101,270,650,404,115,464,206,441,535,329,603,202,365
810,790,372,147,934,193,820,273,288,353,807,1047,801,584,475,492,638,1467,899,119,514,949,493,411,645,229,654,400,475,1152,1389,2482,466,853,210,990,878,148,436,1037,590,180,677,363,752,830,602,963,334,600
398,261,124,68,347,89,326,100,109,128,276,338,584,94,173,199,246,587,324,44,183,324,189,127,218,72,224,158,160,389,455,902,187,310,76,350,317,56,180,347,213,76,260,108,260,288,220,365,127,219
296,230,89,42,272,62,252,80,84,116,231,282,475,173,64,138,210,460,278,31,143,265,160,105,163,56,173,118,126,318,378,715,146,275,61,267,238,44,141,283,173,54,188,120,190,235,168,296,108,194
328,241,102,49,295,68,289,82,106,124,243,297,492,199,138,77,224,505,307,34,159,302,165,104,184,64,187,131,141,328,460,792,161,280,69,282,282,54,156,293,184,56,240,132,226,270,176,314,116,198
366,327,132,59,364,75,370,115,124,153,287,375,638,246,210,224,129,652,358,43,202,376,214,137,233,101,276,186,197,441,514,1027,201,339,81,382,341,52,176,345,245,103,273,150,301,347,246,403,146,249
817,788,334,149,933,193,846,248,297,357,800,1044,1467,587,460,505,652,778,915,116,496,923,512,398,626,230,651,367,499,1110,1393,2443,472,869,205,993,866,159,402,962,584,155,699,315,747,833,570,952,319,622
528,450,189,105,515,128,493,153,162,212,438,544,899,324,278,307,358,915,264,62,274,493,319,214,358,105,313,237,283,650,745,1424,279,467,108,508,522,88,242,521,307,95,381,168,432,482,321,520,192,330
70,51,28,13,62,21,67,20,15,31,70,64,119,44,31,34,43,116,62,6,34,63,36,33,41,14,44,21,28,74,107,197,45,61,11,64,59,8,33,76,34,11,61,18,52,71,36,60,26,36
330,237,102,51,295,62,268,63,99,125,247,283,514,183,143,159,202,496,274,34,66,297,177,124,183,80,196,119,149,316,419,773,150,264,54,279,263,42,141,323,164,56,218,110,231,242,176,297,110,180
541,472,210,85,537,112,491,152,166,213,424,522,949,324,265,302,376,923,493,63,297,244,281,234,336,110,350,259,253,629,709,1401,265,496,97,561,475,92,267,552,362,116,387,177,370,472,334,534,169,335
343,237,110,45,310,74,266,89,94,112,254,316,493,189,160,165,214,512,319,36,177,281,92,120,171,80,182,144,168,352,449,820,167,267,53,302,259,52,140,309,194,65,256,104,217,282,166,325,116,215
223,166,84,26,208,43,199,68,61,91,198,234,411,127,105,104,137,398,214,33,124,234,120,41,126,46,124,99,96,251,316,577,116,202,46,208,182,24,108,203,143,39,155,66,157,218,123,207,76,112
356,262,123,57,337,93,336,94,101,121,279,378,645,218,163,184,233,626,358,41,183,336,171,126,95,72,188,128,149,439,541,951,169,305,82,332,317,48,177,373,237,62,260,140,248,321,212,336,116,210
169,91,35,21,121,30,123,49,41,65,114,119,229,72,56,64,101,230,105,14,80,110,80,46,72,12,71,45,76,148,183,404,84,110,23,146,120,17,65,136,92,23,106,45,99,105,64,121,46,97
398,271,122,54,352,82,333,111,102,146,304,348,654,224,173,187,276,651,313,44,196,350,182,124,188,71,105,144,158,411,492,981,180,331,76,375,330,57,182,378,217,66,270,114,282,312,208,359,117,213
279,202,91,37,245,53,227,56,83,115,206,238,400,158,118,131,186,367,237,21,119,259,144,99,128,45,144,48,114,283,375,611,119,218,56,227,237,26,106,244,156,47,195,87,156,201,127,256,102,169
306,196,79,43,251,62,243,76,98,87,189,261,475,160,126,141,197,499,283,28,149,253,168,96,149,76,158,114,74,336,406,712,141,241,44,281,232,43,121,270,173,53,219,70,192,228,144,262,111,161
578,527,246,114,705,143,618,175,184,269,590,736,1152,389,318,328,441,1110,650,74,316,629,352,251,439,148,411,283,336,398,943,1830,344,604,152,665,586,112,301,721,409,109,508,254,469,586,411,685,250,424
718,679,317,142,794,200,764,220,223,325,647,874,1389,455,378,460,514,1393,745,107,419,709,449,316,541,183,492,375,406,943,579,2072,377,700,172,813,721,143,358,840,480,163,575,307,606,701,503,764,255,518
1208,1261,607,228,1458,309,1328,427,455,535,1223,1600,2482,902,715,792,1027,2443,1424,197,773,1401,820,577,951,404,981,611,712,1830,2072,1933,770,1344,324,1515,1288,243,726,1477,953,285,1027,538,1157,1332,920,1438,523,959
242,244,116,54,268,57,273,88,79,106,267,294,466,187,146,161,201,472,279,45,150,265,167,116,169,84,180,119,141,344,377,770,69,267,74,282,257,53,146,308,173,70,196,114,223,258,190,270,93,185
518,384,170,89,450,118,471,145,143,213,413,521,853,310,275,280,339,869,467,61,264,496,267,202,305,110,331,218,241,604,700,1344,267,216,114,521,418,94,242,498,338,95,351,192,370,435,302,498,193,338
102,95,47,15,119,23,104,33,39,46,85,127,210,76,61,69,81,205,108,11,54,97,53,46,82,23,76,56,44,152,172,324,74,114,19,101,100,21,49,105,82,22,81,39,77,113,69,125,43,72
517,455,186,87,576,141,524,152,162,229,485,563,990,350,267,282,382,993,508,64,279,561,302,208,332,146,375,227,281,665,813,1515,282,521,101,288,494,87,244,586,346,119,406,210,421,537,317,568,185,342
477,421,203,68,471,101,459,154,154,209,420,568,878,317,238,282,341,866,522,59,263,475,259,182,317,120,330,237,232,586,721,1288,257,418,100,494,206,79,252,493,338,114,370,172,359,454,296,491,170,326
93,87,34,4,83,12,57,22,27,34,61,101,148,56,44,54,52,159,88,8,42,92,52,24,48,17,57,26,43,112,143,243,53,94,21,87,79,6,34,83,62,25,58,40,52,63,55,92,30,58
253,220,107,50,234,60,250,87,65,116,252,270,436,180,141,156,176,402,242,33,141,267,140,108,177,65,182,106,121,301,358,726,146,242,49,244,252,34,73,250,155,61,211,84,205,242,162,260,80,202
458,462,211,93,548,115,537,130,181,208,452,650,1037,347,283,293,345,962,521,76,323,552,309,203,373,136,378,244,270,721,840,1477,308,498,105,586,493,83,250,272,364,116,403,202,440,555,331,601,194,329
311,316,131,46,355,76,342,92,123,124,302,404,590,213,173,184,245,584,307,34,164,362,194,143,237,92,217,156,173,409,480,953,173,338,82,346,338,62,155,364,103,58,236,110,252,319,222,363,136,206
112,88,50,23,113,30,100,36,33,51,103,115,180,76,54,56,103,155,95,11,56,116,65,39,62,23,66,47,53,109,163,285,70,95,22,119,114,25,61,116,58,14,76,38,89,102,78,100,37,66
367,347,154,66,393,89,359,126,128,150,324,464,677,260,188,240,273,699,381,61,218,387,256,155,260,106,270,195,219,508,575,1027,196,351,81,406,370,58,211,403,236,76,167,133,313,376,218,427,141,280
179,139,78,30,212,38,173,59,75,75,153,206,363,108,120,132,150,315,168,18,110,177,104,66,140,45,114,87,70,254,307,538,114,192,39,210,172,40,84,202,110,38,133,36,139,173,108,216,81,126
479,345,155,69,417,91,374,116,127,168,376,441,752,260,190,226,301,747,432,52,231,370,217,157,248,99,282,156,192,469,606,1157,223,370,77,421,359,52,205,440,252,89,313,139,140,400,231,410,129,263
436,451,206,84,510,104,480,136,147,192,430,535,830,288,235,270,347,833,482,71,242,472,282,218,321,105,312,201,228,586,701,1332,258,435,113,537,454,63,242,555,319,102,376,173,400,204,296,444,170,332
353,257,127,57,345,77,315,99,100,136,262,329,602,220,168,176,246,570,321,36,176,334,166,123,212,64,208,127,144,411,503,920,190,302,69,317,296,55,162,331,222,78,218,108,231,296,103,354,125,218
498,464,223,91,530,126,534,156,164,231,460,603,963,365,296,314,403,952,520,60,297,534,325,207,336,121,359,256,262,685,764,1438,270,498,125,568,491,92,260,601,363,100,427,216,410,444,354,271,181,335
162,175,53,27,199,43,167,56,45,62,160,202,334,127,108,116,146,319,192,26,110,169,116,76,116,46,117,102,111,250,255,523,93,193,43,185,170,30,80,194,136,37,141,81,129,170,125,181,32,130
380,272,135,58,316,78,335,120,131,155,273,365,600,219,194,198,249,622,330,36,180,335,215,112,210,97,213,169,161,424,518,959,185,338,72,342,326,58,202,329,206,66,280,126,263,332,218,335,130,113
