254,473,213,90,565,115,434,185,188,241,447,484,762,386,315,320,365,759,503,65,293,510,371,194,379,128,373,267,298,594,692,1132,232,491,96,505,469,99,249,474,303,99,360,179,404,394,355,482,154,375
473,190,154,68,425,92,420,139,137,189,349,458,778,310,239,241,312,768,472,49,227,500,245,181,301,101,278,204,217,539,621,1228,238,372,140,464,395,81,224,451,291,83,336,152,364,373,300,440,175,285
213,154,32,22,209,41,190,67,58,80,169,224,372,117,101,97,131,396,198,27,116,202,131,77,130,44,115,90,93,247,331,595,120,184,42,192,174,26,102,199,119,45,147,79,176,189,131,192,75,144
90,68,22,6,93,17,76,31,20,33,69,78,156,68,42,42,62,156,79,9,57,80,51,33,55,22,55,41,41,99,116,206,59,83,14,90,80,13,43,85,50,14,61,34,57,72,55,91,26,53
565,425,209,93,282,119,476,161,180,197,424,580,925,329,290,315,372,922,494,45,273,501,297,202,344,123,343,235,239,637,761,1426,294,491,113,509,487,106,270,518,337,103,348,188,424,473,313,558,196,317
115,92,41,17,119,6,105,34,40,41,96,124,188,88,60,78,79,195,92,18,70,102,69,54,74,34,84,62,59,141,137,297,51,128,19,111,101,22,58,116,75,19,78,40,97,102,66,115,36,78
434,420,190,76,476,105,214,145,156,200,411,526,939,328,285,307,355,838,477,66,279,492,277,191,281,121,308,217,230,623,691,1233,279,467,106,480,463,83,254,475,303,87,341,171,360,448,277,491,168,328
185,139,67,31,161,34,145,20,48,63,121,180,283,104,85,91,112,289,148,16,75,156,123,61,114,31,100,73,79,153,221,446,90,141,35,152,129,28,74,164,99,41,114,52,133,158,110,153,60,105
188,137,58,20,180,40,156,48,31,70,146,193,311,112,84,103,119,309,168,17,95,180,73,51,102,42,102,75,77,213,261,455,78,139,49,181,148,28,86,164,117,41,118,76,122,165,94,155,55,105
241,189,80,33,197,41,200,63,70,54,161,229,377,142,110,126,137,351,194,26,127,204,123,84,117,45,117,96,106,268,303,561,115,177,47,218,206,26,102,212,121,32,139,73,171,177,122,206,73,131
447,349,169,69,424,96,411,121,146,161,177,445,750,300,224,242,305,726,408,56,240,402,247,173,243,96,262,207,226,503,622,1174,232,422,99,430,399,57,208,439,274,77,308,172,316,366,245,417,142,284
484,458,224,78,580,124,526,180,193,229,445,291,935,368,282,324,372,962,599,76,319,580,310,209,347,132,370,245,301,715,841,1527,275,490,119,589,493,96,267,603,338,133,422,216,455,565,346,582,186,368
762,778,372,156,925,188,939,283,311,377,750,935,817,594,500,542,672,1441,931,128,491,926,508,341,575,202,629,418,470,1087,1409,2418,476,842,198,943,847,159,446,955,587,208,639,351,724,858,587,916,343,623
386,310,117,68,329,88,328,104,112,142,300,368,594,93,178,210,257,621,346,37,197,335,201,140,223,73,193,149,186,405,494,860,177,309,59,337,323,46,163,335,199,61,229,134,269,311,197,343,118,232
315,239,101,42,290,60,285,85,84,110,224,282,500,178,61,127,191,471,262,50,140,293,174,111,168,55,180,134,146,352,396,754,159,251,64,262,251,41,132,247,162,59,199,113,210,268,162,305,103,184
320,241,97,42,315,78,307,91,103,126,242,324,542,210,127,68,216,512,281,41,167,308,178,117,194,62,190,130,135,350,433,826,179,274,65,300,261,44,141,288,179,62,206,106,227,286,206,344,130,189
365,312,131,62,372,79,355,112,119,137,305,372,672,257,191,216,123,667,355,47,213,369,231,150,223,98,243,153,181,473,564,1015,200,352,97,353,339,75,188,363,257,72,283,120,292,352,250,364,128,234
759,768,396,156,922,195,838,289,309,351,726,962,1441,621,471,512,667,782,881,118,462,902,568,334,621,210,621,446,466,1100,1396,2378,478,864,204,952,818,152,445,905,576,194,637,349,713,835,576,931,360,611
503,472,198,79,494,92,477,148,168,194,408,599,931,346,262,281,355,881,272,67,257,498,322,202,340,136,351,236,245,632,729,1369,270,461,126,516,447,97,259,528,372,107,376,190,390,428,311,551,195,336
65,49,27,9,45,18,66,16,17,26,56,76,128,37,50,41,47,118,67,5,33,63,40,28,40,15,37,23,37,81,100,174,34,47,10,54,58,8,37,75,42,17,50,17,56,65,35,73,18,41
293,227,116,57,273,70,279,75,95,127,240,319,491,197,140,167,213,462,257,33,78,304,159,108,189,60,169,118,144,295,441,798,157,273,69,291,281,40,143,289,186,56,211,113,234,263,156,298,116,200
510,500,202,80,501,102,492,156,180,204,402,580,926,335,293,308,369,902,498,63,304,275,308,183,362,136,339,272,265,676,742,1357,280,483,123,505,474,86,237,540,348,107,398,198,389,486,299,526,190,329
371,245,131,51,297,69,277,123,73,123,247,310,508,201,174,178,231,568,322,40,159,308,88,102,189,71,182,144,161,405,444,848,162,280,78,291,282,39,175,316,200,61,231,126,211,272,210,340,105,181
194,181,77,33,202,54,191,61,51,84,173,209,341,140,111,117,150,334,202,28,108,183,102,25,128,36,122,88,93,260,281,529,108,180,49,198,192,31,96,216,147,39,148,66,136,164,114,219,81,155
379,301,130,55,344,74,281,114,102,117,243,347,575,223,168,194,223,621,340,40,189,362,189,128,83,66,209,148,167,428,476,943,180,307,91,343,319,45,167,342,209,61,267,126,226,320,205,328,112,239
128,101,44,22,123,34,121,31,42,45,96,132,202,73,55,62,98,210,136,15,60,136,71,36,66,12,65,49,67,140,189,360,70,123,34,120,120,20,66,132,76,17,93,48,101,118,66,128,50,89
373,278,115,55,343,84,308,100,102,117,262,370,629,193,180,190,243,621,351,37,169,339,182,122,209,65,100,153,158,419,496,977,210,313,96,329,301,58,167,354,223,61,252,132,247,301,195,348,130,217
267,204,90,41,235,62,217,73,75,96,207,245,418,149,134,130,153,446,236,23,118,272,144,88,148,49,153,50,108,277,343,705,155,245,58,222,261,42,125,275,143,41,176,78,195,251,154,214,100,173
298,217,93,41,239,59,230,79,77,106,226,301,470,186,146,135,181,466,245,37,144,265,161,93,167,67,158,108,65,314,377,753,140,230,57,265,241,36,125,305,178,60,192,99,199,231,151,266,101,179
594,539,247,99,637,141,623,153,213,268,503,715,1087,405,352,350,473,1100,632,81,295,676,405,260,428,140,419,277,314,392,976,1764,356,625,140,675,583,89,293,660,396,135,468,243,513,594,409,698,259,424
692,621,331,116,761,137,691,221,261,303,622,841,1409,494,396,433,564,1396,729,100,441,742,444,281,476,189,496,343,377,976,573,2081,385,682,179,819,691,116,372,788,490,152,571,270,600,648,476,769,264,496
1132,1228,595,206,1426,297,1233,446,455,561,1174,1527,2418,860,754,826,1015,2378,1369,174,798,1357,848,529,943,360,977,705,753,1764,2081,1892,749,1315,330,1465,1272,239,675,1422,901,267,990,494,1115,1275,867,1337,491,940
232,238,120,59,294,51,279,90,78,115,232,275,476,177,159,179,200,478,270,34,157,280,162,108,180,70,210,155,140,356,385,749,77,273,63,260,254,38,137,300,163,50,196,115,228,253,175,285,98,209
491,372,184,83,491,128,467,141,139,177,422,490,842,309,251,274,352,864,461,47,273,483,280,180,307,123,313,245,230,625,682,1315,273,238,109,490,469,87,251,473,305,105,370,166,354,453,299,501,173,314
96,140,42,14,113,19,106,35,49,47,99,119,198,59,64,65,97,204,126,10,69,123,78,49,91,34,96,58,57,140,179,330,63,109,16,111,110,21,43,110,73,34,83,42,96,100,81,118,57,87
505,464,192,90,509,111,480,152,181,218,430,589,943,337,262,300,353,952,516,54,291,505,291,198,343,120,329,222,265,675,819,1465,260,490,111,272,494,95,259,571,347,99,403,198,405,529,339,538,163,337
469,395,174,80,487,101,463,129,148,206,399,493,847,323,251,261,339,818,447,58,281,474,282,192,319,120,301,261,241,583,691,1272,254,469,110,494,253,86,233,501,312,98,383,176,382,419,297,508,172,340
99,81,26,13,106,22,83,28,28,26,57,96,159,46,41,44,75,152,97,8,40,86,39,31,45,20,58,42,36,89,116,239,38,87,21,95,86,6,47,107,67,14,80,21,63,70,45,92,37,47
249,224,102,43,270,58,254,74,86,102,208,267,446,163,132,141,188,445,259,37,143,237,175,96,167,66,167,125,125,293,372,675,137,251,43,259,233,47,54,299,180,43,188,85,213,250,162,265,99,162
474,451,199,85,518,116,475,164,164,212,439,603,955,335,247,288,363,905,528,75,289,540,316,216,342,132,354,275,305,660,788,1422,300,473,110,571,501,107,299,280,364,97,413,188,404,434,331,543,195,358
303,291,119,50,337,75,303,99,117,121,274,338,587,199,162,179,257,576,372,42,186,348,200,147,209,76,223,143,178,396,490,901,163,305,73,347,312,67,180,364,113,66,267,129,268,310,197,344,124,240
99,83,45,14,103,19,87,41,41,32,77,133,208,61,59,62,72,194,107,17,56,107,61,39,61,17,61,41,60,135,152,267,50,105,34,99,98,14,43,97,66,10,95,38,96,85,64,99,52,68
360,336,147,61,348,78,341,114,118,139,308,422,639,229,199,206,283,637,376,50,211,398,231,148,267,93,252,176,192,468,571,990,196,370,83,403,383,80,188,413,267,95,133,156,321,377,223,390,143,270
179,152,79,34,188,40,171,52,76,73,172,216,351,134,113,106,120,349,190,17,113,198,126,66,126,48,132,78,99,243,270,494,115,166,42,198,176,21,85,188,129,38,156,35,153,177,123,196,84,123
404,364,176,57,424,97,360,133,122,171,316,455,724,269,210,227,292,713,390,56,234,389,211,136,226,101,247,195,199,513,600,1115,228,354,96,405,382,63,213,404,268,96,321,153,146,364,247,408,137,271
394,373,189,72,473,102,448,158,165,177,366,565,858,311,268,286,352,835,428,65,263,486,272,164,320,118,301,251,231,594,648,1275,253,453,100,529,419,70,250,434,310,85,377,177,364,196,305,458,179,291
355,300,131,55,313,66,277,110,94,122,245,346,587,197,162,206,250,576,311,35,156,299,210,114,205,66,195,154,151,409,476,867,175,299,81,339,297,45,162,331,197,64,223,123,247,305,106,354,120,220
482,440,192,91,558,115,491,153,155,206,417,582,916,343,305,344,364,931,551,73,298,526,340,219,328,128,348,214,266,698,769,1337,285,501,118,538,508,92,265,543,344,99,390,196,408,458,354,265,183,370
154,175,75,26,196,36,168,60,55,73,142,186,343,118,103,130,128,360,195,18,116,190,105,81,112,50,130,100,101,259,264,491,98,173,57,163,172,37,99,195,124,52,143,84,137,179,120,183,32,135
375,285,144,53,317,78,328,105,105,131,284,368,623,232,184,189,234,611,336,41,200,329,181,155,239,89,217,173,179,424,496,940,209,314,87,337,340,47,162,358,240,68,270,123,271,291,220,370,135,116
