263,450,218,97,507,116,512,171,156,235,428,542,831,365,344,352,355,863,524,75,332,534,357,205,379,151,401,262,308,616,732,1204,272,500,95,508,496,77,261,436,300,107,380,184,448,415,341,454,171,374
450,211,154,70,465,119,432,142,140,164,402,479,786,298,200,209,312,769,461,58,221,489,244,187,240,108,287,212,212,563,630,1258,245,392,108,434,412,68,225,434,260,115,319,171,353,396,228,453,156,295
218,154,41,39,215,48,184,56,67,74,153,196,332,118,92,112,161,334,216,26,118,214,110,90,126,45,141,94,123,239,287,530,93,195,35,195,197,35,107,200,131,36,155,76,155,186,123,195,65,144
97,70,39,6,78,15,62,16,28,38,78,96,137,48,39,59,56,160,83,12,50,81,41,30,51,35,74,44,39,113,136,200,39,75,19,83,69,9,35,79,47,10,64,28,67,76,45,91,27,61
507,465,215,78,256,129,486,162,176,211,436,576,906,339,308,329,390,929,528,61,297,554,305,207,322,123,352,224,253,660,753,1351,262,493,121,542,515,82,265,544,346,106,389,170,396,470,309,528,180,350
116,119,48,15,129,14,107,33,37,53,104,113,211,70,61,66,83,198,100,16,64,113,80,62,93,40,99,61,50,152,173,278,62,107,18,111,129,20,58,118,60,22,87,31,105,97,73,108,38,87
512,432,184,62,486,107,238,141,169,211,430,524,848,319,259,289,382,853,485,65,276,470,272,200,286,129,351,237,243,596,734,1286,279,433,104,511,454,77,249,505,308,84,364,194,362,427,283,461,165,341
171,142,56,16,162,33,141,26,49,67,114,176,282,95,68,90,112,282,133,20,68,124,84,57,103,39,89,66,57,193,230,401,72,127,36,159,140,19,72,155,97,36,128,51,112,147,100,164,58,105
156,140,67,28,176,37,169,49,25,62,137,190,306,100,89,81,102,304,171,15,108,151,94,63,94,40,109,76,84,206,240,472,99,149,42,159,150,23,74,181,139,33,133,65,139,155,107,151,60,101
235,164,74,38,211,53,211,67,62,53,173,208,384,163,126,126,146,375,205,27,129,192,138,92,157,51,131,95,108,261,312,595,136,196,53,206,208,30,111,219,130,38,160,75,170,179,121,226,80,154
428,402,153,78,436,104,430,114,137,173,186,457,773,298,249,269,291,778,418,57,239,416,259,194,287,107,285,217,224,493,607,1170,253,425,97,464,422,69,221,451,280,92,331,136,329,400,235,466,164,282
542,479,196,96,576,113,524,176,190,208,457,281,955,375,275,322,426,982,606,61,319,559,295,226,370,122,361,273,278,716,866,1530,284,558,114,612,504,108,266,599,356,114,428,232,412,527,328,597,199,368
831,786,332,137,906,211,848,282,306,384,773,955,775,590,510,536,708,1382,868,101,491,920,538,390,586,250,624,441,451,1131,1367,2389,501,869,216,979,834,147,450,983,564,199,655,375,719,830,566,915,324,605
365,298,118,48,339,70,319,95,100,163,298,375,590,123,182,184,249,583,324,59,204,341,192,141,215,91,240,154,167,367,480,946,185,340,66,331,305,45,168,380,192,78,261,137,277,315,198,359,138,225
344,200,92,39,308,61,259,68,89,126,249,275,510,182,74,129,193,505,266,31,146,275,179,111,165,73,193,128,137,357,418,765,166,244,56,295,244,45,129,288,171,80,190,86,217,279,177,270,107,174
352,209,112,59,329,66,289,90,81,126,269,322,536,184,129,71,215,545,270,35,144,301,188,131,166,65,189,142,134,357,439,795,151,245,68,323,262,51,165,296,166,65,218,110,222,273,182,305,111,196
355,312,161,56,390,83,382,112,102,146,291,426,708,249,193,215,115,669,367,40,215,350,229,158,246,101,270,156,181,428,553,1014,189,342,67,371,359,49,198,369,253,73,266,127,301,336,201,432,135,250
863,769,334,160,929,198,853,282,304,375,778,982,1382,583,505,545,669,755,894,122,522,938,542,389,617,239,628,430,459,1128,1358,2382,504,865,210,992,849,142,428,993,593,183,646,365,730,812,588,930,321,623
524,461,216,83,528,100,485,133,171,205,418,606,868,324,266,270,367,894,260,72,274,477,308,217,320,122,321,206,262,649,733,1414,273,462,130,555,474,75,249,545,324,88,368,200,415,475,302,538,185,386
75,58,26,12,61,16,65,20,15,27,57,61,101,59,31,35,40,122,72,5,41,78,36,40,42,14,43,30,27,74,92,159,35,49,16,65,66,11,36,67,43,13,49,26,60,52,39,45,24,38
332,221,118,50,297,64,276,68,108,129,239,319,491,204,146,144,215,522,274,41,80,301,143,122,190,57,176,116,143,330,425,835,175,262,55,320,258,52,148,286,168,47,203,107,222,234,165,297,105,197
534,489,214,81,554,113,470,124,151,192,416,559,920,341,275,301,350,938,477,78,301,241,309,203,314,142,371,232,266,672,763,1438,261,480,131,549,468,86,256,537,330,103,375,211,405,467,325,578,186,349
357,244,110,41,305,80,272,84,94,138,259,295,538,192,179,188,229,542,308,36,143,309,88,107,174,77,189,128,151,358,441,826,165,272,59,332,279,39,143,317,195,75,216,121,222,293,182,335,105,206
205,187,90,30,207,62,200,57,63,92,194,226,390,141,111,131,158,389,217,40,122,203,107,37,136,66,135,105,113,254,312,552,109,207,40,233,209,26,101,208,144,40,162,75,162,180,123,223,74,142
379,240,126,51,322,93,286,103,94,157,287,370,586,215,165,166,246,617,320,42,190,314,174,136,87,82,213,163,187,387,456,961,188,315,55,360,303,48,152,325,211,81,249,126,231,294,205,344,114,223
151,108,45,35,123,40,129,39,40,51,107,122,250,91,73,65,101,239,122,14,57,142,77,66,82,17,74,63,66,155,213,368,72,126,34,121,118,10,58,121,88,29,106,48,102,116,86,134,48,88
401,287,141,74,352,99,351,89,109,131,285,361,624,240,193,189,270,628,321,43,176,371,189,135,213,74,104,175,174,411,512,955,188,327,80,378,340,54,157,323,213,84,258,124,280,319,215,367,131,231
262,212,94,44,224,61,237,66,76,95,217,273,441,154,128,142,156,430,206,30,116,232,128,105,163,63,175,55,107,273,365,678,130,224,55,255,210,43,116,248,131,40,161,82,194,229,148,239,81,170
308,212,123,39,253,50,243,57,84,108,224,278,451,167,137,134,181,459,262,27,143,266,151,113,187,66,174,107,66,305,332,741,145,226,53,264,249,45,114,266,171,45,214,78,199,242,166,269,117,175
616,563,239,113,660,152,596,193,206,261,493,716,1131,367,357,357,428,1128,649,74,330,672,358,254,387,155,411,273,305,421,1000,1782,360,576,177,642,574,112,303,632,392,129,518,236,489,592,361,690,253,427
732,630,287,136,753,173,734,230,240,312,607,866,1367,480,418,439,553,1358,733,92,425,763,441,312,456,213,512,365,332,1000,586,2052,417,712,170,782,757,116,382,801,523,163,541,298,585,688,492,774,266,496
1204,1258,530,200,1351,278,1286,401,472,595,1170,1530,2389,946,765,795,1014,2382,1414,159,835,1438,826,552,961,368,955,678,741,1782,2052,1883,746,1271,308,1529,1249,247,707,1499,844,341,962,569,1154,1319,902,1442,491,920
272,245,93,39,262,62,279,72,99,136,253,284,501,185,166,151,189,504,273,35,175,261,165,109,188,72,188,130,145,360,417,746,94,255,58,291,240,42,130,294,161,80,206,102,224,245,184,280,97,191
500,392,195,75,493,107,433,127,149,196,425,558,869,340,244,245,342,865,462,49,262,480,272,207,315,126,327,224,226,576,712,1271,255,198,104,522,441,85,227,532,323,82,338,170,416,428,305,476,178,332
95,108,35,19,121,18,104,36,42,53,97,114,216,66,56,68,67,210,130,16,55,131,59,40,55,34,80,55,53,177,170,308,58,104,14,118,112,12,56,138,73,24,73,50,86,106,65,107,34,80
508,434,195,83,542,111,511,159,159,206,464,612,979,331,295,323,371,992,555,65,320,549,332,233,360,121,378,255,264,642,782,1529,291,522,118,268,491,92,258,511,351,100,451,185,455,480,353,559,176,360
496,412,197,69,515,129,454,140,150,208,422,504,834,305,244,262,359,849,474,66,258,468,279,209,303,118,340,210,249,574,757,1249,240,441,112,491,186,84,237,519,311,80,355,193,379,409,293,493,154,331
77,68,35,9,82,20,77,19,23,30,69,108,147,45,45,51,49,142,75,11,52,86,39,26,48,10,54,43,45,112,116,247,42,85,12,92,84,4,47,102,66,24,58,35,59,74,58,95,28,44
261,225,107,35,265,58,249,72,74,111,221,266,450,168,129,165,198,428,249,36,148,256,143,101,152,58,157,116,114,303,382,707,130,227,56,258,237,47,54,269,186,44,179,93,172,226,152,276,99,167
436,434,200,79,544,118,505,155,181,219,451,599,983,380,288,296,369,993,545,67,286,537,317,208,325,121,323,248,266,632,801,1499,294,532,138,511,519,102,269,286,368,107,391,181,436,484,314,567,207,348
300,260,131,47,346,60,308,97,139,130,280,356,564,192,171,166,253,593,324,43,168,330,195,144,211,88,213,131,171,392,523,844,161,323,73,351,311,66,186,368,125,67,269,119,262,276,191,339,122,227
107,115,36,10,106,22,84,36,33,38,92,114,199,78,80,65,73,183,88,13,47,103,75,40,81,29,84,40,45,129,163,341,80,82,24,100,80,24,44,107,67,9,84,30,78,100,72,111,46,58
380,319,155,64,389,87,364,128,133,160,331,428,655,261,190,218,266,646,368,49,203,375,216,162,249,106,258,161,214,518,541,962,206,338,73,451,355,58,179,391,269,84,146,134,311,353,234,368,143,280
184,171,76,28,170,31,194,51,65,75,136,232,375,137,86,110,127,365,200,26,107,211,121,75,126,48,124,82,78,236,298,569,102,170,50,185,193,35,93,181,119,30,134,34,153,180,126,198,75,132
448,353,155,67,396,105,362,112,139,170,329,412,719,277,217,222,301,730,415,60,222,405,222,162,231,102,280,194,199,489,585,1154,224,416,86,455,379,59,172,436,262,78,311,153,167,397,246,428,162,268
415,396,186,76,470,97,427,147,155,179,400,527,830,315,279,273,336,812,475,52,234,467,293,180,294,116,319,229,242,592,688,1319,245,428,106,480,409,74,226,484,276,100,353,180,397,213,279,457,168,300
341,228,123,45,309,73,283,100,107,121,235,328,566,198,177,182,201,588,302,39,165,325,182,123,205,86,215,148,166,361,492,902,184,305,65,353,293,58,152,314,191,72,234,126,246,279,98,326,122,217
454,453,195,91,528,108,461,164,151,226,466,597,915,359,270,305,432,930,538,45,297,578,335,223,344,134,367,239,269,690,774,1442,280,476,107,559,493,95,276,567,339,111,368,198,428,457,326,260,179,359
171,156,65,27,180,38,165,58,60,80,164,199,324,138,107,111,135,321,185,24,105,186,105,74,114,48,131,81,117,253,266,491,97,178,34,176,154,28,99,207,122,46,143,75,162,168,122,179,32,120
374,295,144,61,350,87,341,105,101,154,282,368,605,225,174,196,250,623,386,38,197,349,206,142,223,88,231,170,175,427,496,920,191,332,80,360,331,44,167,348,227,58,280,132,268,300,217,359,120,103
