269,472,219,88,503,100,473,183,162,247,482,488,839,365,311,347,363,804,514,71,314,522,338,244,390,139,376,257,267,628,733,1190,248,489,97,494,478,82,270,494,288,90,346,172,420,415,347,531,186,367
472,214,194,85,431,102,437,114,164,191,361,483,791,292,213,200,296,772,453,45,230,477,228,170,273,110,275,198,199,532,678,1231,258,443,92,443,418,73,213,473,292,83,352,160,320,411,275,457,151,308
219,194,35,35,209,48,206,63,67,80,167,222,380,127,102,103,143,371,202,18,105,214,111,94,142,54,143,91,97,269,277,551,111,189,61,193,204,33,95,217,114,38,166,91,174,188,137,210,89,110
88,85,35,6,78,17,75,33,28,42,62,110,149,67,55,54,65,133,86,10,53,103,59,28,58,17,56,39,43,96,113,231,49,74,21,84,89,13,44,101,56,22,66,30,68,77,63,86,31,68
503,431,209,78,242,111,486,154,173,205,427,565,901,317,235,308,347,921,540,66,292,522,305,192,310,120,338,215,266,597,771,1388,276,485,125,529,488,69,257,543,305,105,415,193,369,441,309,505,184,347
100,102,48,17,111,15,92,44,39,52,95,132,194,87,65,57,65,166,126,15,69,139,69,53,74,25,80,57,56,134,166,282,53,105,32,125,118,17,45,127,73,26,83,32,87,106,77,105,43,86
473,437,206,75,486,92,222,145,171,229,409,568,829,335,257,270,333,821,454,59,263,485,305,207,314,110,320,214,223,593,701,1282,275,429,131,489,422,89,226,507,289,117,350,181,384,444,328,499,187,355
183,114,63,33,154,44,145,22,39,65,121,171,277,100,75,88,120,275,151,23,84,169,91,65,83,40,92,63,76,180,209,432,69,169,33,142,161,19,88,151,94,39,117,62,125,128,97,169,57,125
162,164,67,28,173,39,171,39,22,56,118,192,316,95,78,82,129,291,163,20,103,164,99,80,113,44,123,66,81,197,249,477,106,153,35,142,146,25,89,167,100,35,126,51,151,146,109,166,59,133
247,191,80,42,205,52,229,65,56,36,176,204,373,132,123,129,172,349,189,26,107,195,119,80,143,49,143,107,107,259,304,536,118,207,40,238,197,31,114,210,137,41,162,74,188,173,127,236,70,161
482,361,167,62,427,95,409,121,118,176,180,447,701,277,232,236,332,745,421,56,245,414,268,185,291,114,284,199,218,533,627,1164,245,422,109,483,392,62,215,482,274,87,326,175,360,376,273,432,156,318
488,483,222,110,565,132,568,171,192,204,447,314,1006,385,329,332,398,1048,542,62,279,533,319,208,346,134,361,236,294,723,816,1597,285,534,136,573,494,92,281,596,376,113,448,223,460,508,341,579,223,351
839,791,380,149,901,194,829,277,316,373,701,1006,798,575,475,547,640,1464,964,104,517,909,486,375,572,221,620,430,426,1113,1386,2373,484,866,222,1027,829,159,444,953,612,200,713,358,737,852,560,915,327,576
365,292,127,67,317,87,335,100,95,132,277,385,575,110,181,176,250,596,324,46,164,323,212,131,232,83,221,153,145,408,459,963,187,317,78,324,306,56,177,343,197,80,219,117,261,299,232,337,122,240
311,213,102,55,235,65,257,75,78,123,232,329,475,181,64,135,197,476,240,30,146,254,142,104,161,72,165,127,119,323,377,752,137,238,77,271,245,47,141,260,173,61,199,109,216,264,185,287,84,179
347,200,103,54,308,57,270,88,82,129,236,332,547,176,135,87,223,525,275,35,175,279,171,113,174,73,196,123,120,367,446,812,170,274,72,302,272,51,141,312,204,62,212,114,230,290,207,309,98,216
363,296,143,65,347,65,333,120,129,172,332,398,640,250,197,223,136,661,352,52,197,367,208,142,218,97,227,195,191,434,564,1061,185,366,69,369,325,54,180,406,229,74,272,122,290,337,228,398,141,251
804,772,371,133,921,166,821,275,291,349,745,1048,1464,596,476,525,661,776,983,111,517,927,491,380,585,222,615,401,436,1049,1355,2393,480,831,218,1005,842,166,439,926,606,212,719,329,702,835,514,944,309,589
514,453,202,86,540,126,454,151,163,189,421,542,964,324,240,275,352,983,235,80,273,464,303,211,343,131,337,243,262,632,711,1480,278,493,134,514,471,78,263,607,354,106,359,196,401,440,373,526,181,355
71,45,18,10,66,15,59,23,20,26,56,62,104,46,30,35,52,111,80,2,28,71,27,30,27,12,38,29,26,77,99,186,34,57,15,73,64,12,31,65,41,14,53,15,37,62,44,72,16,50
314,230,105,53,292,69,263,84,103,107,245,279,517,164,146,175,197,517,273,28,82,260,154,105,167,80,168,132,136,348,381,743,134,271,69,272,263,49,128,300,163,47,223,106,216,250,183,276,116,172
522,477,214,103,522,139,485,169,164,195,414,533,909,323,254,279,367,927,464,71,260,255,294,207,356,133,350,252,242,649,727,1508,283,493,122,532,497,89,284,595,348,105,364,196,429,468,356,550,178,352
338,228,111,59,305,69,305,91,99,119,268,319,486,212,142,171,208,491,303,27,154,294,86,117,192,63,175,143,149,342,462,804,173,287,65,317,290,47,140,338,213,57,226,116,237,278,200,335,118,216
244,170,94,28,192,53,207,65,80,80,185,208,375,131,104,113,142,380,211,30,105,207,117,44,142,53,136,91,89,257,288,576,112,201,54,195,182,38,106,208,138,40,131,87,149,203,123,219,83,132
390,273,142,58,310,74,314,83,113,143,291,346,572,232,161,174,218,585,343,27,167,356,192,142,107,88,207,156,151,410,501,935,196,306,75,369,304,53,155,354,204,80,264,126,248,322,211,327,114,240
139,110,54,17,120,25,110,40,44,49,114,134,221,83,72,73,97,222,131,12,80,133,63,53,88,22,86,61,51,157,188,356,78,118,33,135,112,24,63,130,102,23,98,57,103,146,84,120,47,90
376,275,143,56,338,80,320,92,123,143,284,361,620,221,165,196,227,615,337,38,168,350,175,136,207,86,120,141,146,431,536,964,192,309,76,343,319,54,168,382,228,81,280,137,255,328,225,367,126,241
257,198,91,39,215,57,214,63,66,107,199,236,430,153,127,123,195,401,243,29,132,252,143,91,156,61,141,57,119,283,373,681,150,207,39,259,234,40,111,236,135,43,172,75,194,240,141,253,85,190
267,199,97,43,266,56,223,76,81,107,218,294,426,145,119,120,191,436,262,26,136,242,149,89,151,51,146,119,72,289,340,737,152,233,68,268,207,45,123,251,141,52,184,98,182,257,155,236,102,171
628,532,269,96,597,134,593,180,197,259,533,723,1113,408,323,367,434,1049,632,77,348,649,342,257,410,157,431,283,289,394,956,1832,355,578,151,670,589,112,309,602,405,139,475,223,498,595,383,644,206,418
733,678,277,113,771,166,701,209,249,304,627,816,1386,459,377,446,564,1355,711,99,381,727,462,288,501,188,536,373,340,956,540,2091,408,700,193,852,696,138,381,790,509,157,589,287,597,703,494,796,266,510
1190,1231,551,231,1388,282,1282,432,477,536,1164,1597,2373,963,752,812,1061,2393,1480,186,743,1508,804,576,935,356,964,681,737,1832,2091,1888,703,1288,321,1580,1301,244,723,1512,940,294,1080,511,1172,1272,884,1455,482,889
248,258,111,49,276,53,275,69,106,118,245,285,484,187,137,170,185,480,278,34,134,283,173,112,196,78,192,150,152,355,408,703,71,250,59,322,266,53,138,287,184,55,223,109,229,250,170,277,93,184
489,443,189,74,485,105,429,169,153,207,422,534,866,317,238,274,366,831,493,57,271,493,287,201,306,118,309,207,233,578,700,1288,250,206,100,492,457,85,288,510,322,106,346,152,379,421,289,518,191,339
97,92,61,21,125,32,131,33,35,40,109,136,222,78,77,72,69,218,134,15,69,122,65,54,75,33,76,39,68,151,193,321,59,100,10,109,109,20,58,144,80,32,96,42,111,111,74,137,35,70
494,443,193,84,529,125,489,142,142,238,483,573,1027,324,271,302,369,1005,514,73,272,532,317,195,369,135,343,259,268,670,852,1580,322,492,109,287,461,87,246,551,335,95,396,206,406,475,324,562,200,360
478,418,204,89,488,118,422,161,146,197,392,494,829,306,245,272,325,842,471,64,263,497,290,182,304,112,319,234,207,589,696,1301,266,457,109,461,220,71,240,504,287,97,346,175,348,415,293,490,163,322
82,73,33,13,69,17,89,19,25,31,62,92,159,56,47,51,54,166,78,12,49,89,47,38,53,24,54,40,45,112,138,244,53,85,20,87,71,4,28,115,63,14,59,28,74,80,68,97,26,45
270,213,95,44,257,45,226,88,89,114,215,281,444,177,141,141,180,439,263,31,128,284,140,106,155,63,168,111,123,309,381,723,138,288,58,246,240,28,62,281,179,58,201,101,196,222,158,290,103,185
494,473,217,101,543,127,507,151,167,210,482,596,953,343,260,312,406,926,607,65,300,595,338,208,354,130,382,236,251,602,790,1512,287,510,144,551,504,115,281,279,355,126,404,200,420,504,362,564,201,346
288,292,114,56,305,73,289,94,100,137,274,376,612,197,173,204,229,606,354,41,163,348,213,138,204,102,228,135,141,405,509,940,184,322,80,335,287,63,179,355,99,72,259,125,254,310,214,327,128,225
90,83,38,22,105,26,117,39,35,41,87,113,200,80,61,62,74,212,106,14,47,105,57,40,80,23,81,43,52,139,157,294,55,106,32,95,97,14,58,126,72,7,86,53,102,102,76,125,38,81
346,352,166,66,415,83,350,117,126,162,326,448,713,219,199,212,272,719,359,53,223,364,226,131,264,98,280,172,184,475,589,1080,223,346,96,396,346,59,201,404,259,86,132,150,297,362,234,420,123,237
172,160,91,30,193,32,181,62,51,74,175,223,358,117,109,114,122,329,196,15,106,196,116,87,126,57,137,75,98,223,287,511,109,152,42,206,175,28,101,200,125,53,150,28,152,203,123,185,71,118
420,320,174,68,369,87,384,125,151,188,360,460,737,261,216,230,290,702,401,37,216,429,237,149,248,103,255,194,182,498,597,1172,229,379,111,406,348,74,196,420,254,102,297,152,141,411,251,440,142,288
415,411,188,77,441,106,444,128,146,173,376,508,852,299,264,290,337,835,440,62,250,468,278,203,322,146,328,240,257,595,703,1272,250,421,111,475,415,80,222,504,310,102,362,203,411,237,310,452,162,306
347,275,137,63,309,77,328,97,109,127,273,341,560,232,185,207,228,514,373,44,183,356,200,123,211,84,225,141,155,383,494,884,170,289,74,324,293,68,158,362,214,76,234,123,251,310,112,343,122,206
531,457,210,86,505,105,499,169,166,236,432,579,915,337,287,309,398,944,526,72,276,550,335,219,327,120,367,253,236,644,796,1455,277,518,137,562,490,97,290,564,327,125,420,185,440,452,343,288,208,376
186,151,89,31,184,43,187,57,59,70,156,223,327,122,84,98,141,309,181,16,116,178,118,83,114,47,126,85,102,206,266,482,93,191,35,200,163,26,103,201,128,38,123,71,142,162,122,208,36,125
367,308,110,68,347,86,355,125,133,161,318,351,576,240,179,216,251,589,355,50,172,352,216,132,240,90,241,190,171,418,510,889,184,339,70,360,322,45,185,346,225,81,237,118,288,306,206,376,125,113
