281,472,228,87,534,98,511,204,174,252,484,481,859,373,336,353,359,831,497,71,314,496,364,225,404,152,345,283,316,595,687,1169,251,497,103,542,502,79,295,476,326,118,357,191,473,473,358,491,159,397
472,173,134,85,429,101,439,109,148,172,352,504,810,294,226,245,305,746,442,55,232,474,280,184,282,116,257,177,206,547,697,1259,226,405,93,442,413,60,210,443,277,91,338,159,382,404,262,424,155,298
228,134,35,32,226,46,215,50,76,75,180,220,391,135,97,98,161,387,203,19,117,228,134,84,121,42,123,84,104,235,306,543,90,197,39,212,189,26,99,189,128,30,171,68,153,167,134,191,69,146
87,85,32,6,90,18,77,27,16,34,70,93,160,44,47,61,63,147,87,10,49,83,54,32,58,20,64,50,39,91,140,203,39,83,15,88,76,15,47,86,55,20,75,28,58,79,42,88,25,62
534,429,226,90,244,119,508,158,173,219,426,547,917,304,279,310,366,878,516,62,306,522,300,199,335,132,348,207,249,634,804,1431,278,484,137,569,466,89,238,543,335,103,386,189,413,467,315,554,191,332
98,101,46,18,119,9,102,41,32,51,103,130,200,71,75,99,78,195,107,21,64,103,74,47,75,26,71,60,65,135,173,298,54,97,19,120,100,18,55,108,77,24,89,47,99,97,77,107,41,73
511,439,215,77,508,102,201,138,152,202,416,578,914,284,246,268,385,855,525,74,303,482,289,195,294,120,341,240,230,612,769,1358,258,455,111,521,408,91,245,517,325,116,373,200,352,446,317,468,165,360
204,109,50,27,158,41,138,16,54,71,137,181,257,86,71,69,101,245,158,17,79,178,77,58,111,31,84,69,72,182,241,417,78,137,30,139,133,21,59,167,90,25,111,63,111,130,95,171,51,100
174,148,76,16,173,32,152,54,20,59,151,164,287,90,77,78,139,289,170,16,94,168,93,63,110,40,106,71,91,215,260,497,83,152,47,192,134,30,88,185,109,42,118,70,124,161,101,179,61,105
252,172,75,34,219,51,202,71,59,48,156,236,368,143,118,116,150,364,200,27,118,186,150,64,130,48,139,100,97,270,284,565,115,194,35,222,182,32,96,233,136,50,155,78,164,184,123,226,77,146
484,352,180,70,426,103,416,137,151,156,165,462,780,279,249,263,328,763,412,48,230,430,264,159,266,117,276,209,230,553,635,1195,232,405,90,465,358,70,214,431,273,100,306,150,369,376,252,425,165,301
481,504,220,93,547,130,578,181,164,236,462,327,1025,390,273,301,441,1031,554,71,286,602,351,263,346,151,374,227,296,648,810,1649,314,527,127,598,535,98,296,629,357,93,404,215,473,536,367,585,191,391
859,810,391,160,917,200,914,257,287,368,780,1025,830,616,461,509,684,1437,930,98,535,929,527,375,597,204,603,410,449,1173,1352,2470,492,852,206,982,825,160,439,927,605,172,692,342,711,799,567,948,348,614
373,294,135,44,304,71,284,86,90,143,279,390,616,105,176,197,225,568,308,38,192,341,190,113,200,82,193,169,148,403,519,884,175,296,64,332,293,63,163,368,206,52,215,127,235,302,181,345,92,245
336,226,97,47,279,75,246,71,77,118,249,273,461,176,52,150,215,476,249,35,131,260,170,96,205,65,185,119,128,306,400,726,140,246,62,297,238,47,126,268,191,46,191,78,195,236,164,278,111,177
353,245,98,61,310,99,268,69,78,116,263,301,509,197,150,81,216,504,260,33,162,282,165,122,188,69,203,137,121,323,457,835,161,272,59,314,254,35,137,291,195,55,225,99,219,255,174,314,112,206
359,305,161,63,366,78,385,101,139,150,328,441,684,225,215,216,126,683,415,38,190,383,227,152,257,93,255,180,181,490,573,1036,213,362,71,397,353,56,168,388,238,73,298,136,278,315,227,387,131,234
831,746,387,147,878,195,855,245,289,364,763,1031,1437,568,476,504,683,806,914,90,538,938,527,308,606,243,614,437,519,1102,1312,2491,441,865,202,1016,809,138,448,941,642,172,646,330,711,828,529,945,345,582
497,442,203,87,516,107,525,158,170,200,412,554,930,308,249,260,415,914,290,66,263,498,327,215,330,132,336,231,263,637,758,1504,277,467,130,524,432,81,266,565,352,121,374,197,426,455,334,591,219,344
71,55,19,10,62,21,74,17,16,27,48,71,98,38,35,33,38,90,66,0,44,72,40,21,42,14,43,34,37,65,94,176,37,60,26,60,78,13,26,59,49,17,40,23,60,47,24,76,28,57
314,232,117,49,306,64,303,79,94,118,230,286,535,192,131,162,190,538,263,44,61,266,157,109,191,77,193,116,147,334,405,822,139,272,63,260,266,49,170,276,178,55,222,102,199,263,184,300,114,198
496,474,228,83,522,103,482,178,168,186,430,602,929,341,260,282,383,938,498,72,266,263,318,226,344,115,322,249,259,642,794,1507,283,460,128,536,466,82,269,623,351,113,383,217,427,510,322,549,205,343
364,280,134,54,300,74,289,77,93,150,264,351,527,190,170,165,227,527,327,40,157,318,97,126,205,78,202,130,131,387,470,894,165,277,79,306,282,52,132,303,195,49,240,104,230,293,191,276,118,213
225,184,84,32,199,47,195,58,63,64,159,263,375,113,96,122,152,308,215,21,109,226,126,39,135,51,134,91,102,227,309,580,102,180,44,202,189,31,111,196,122,43,164,64,145,169,111,208,70,138
404,282,121,58,335,75,294,111,110,130,266,346,597,200,205,188,257,606,330,42,191,344,205,135,117,83,205,154,155,417,492,907,178,306,64,365,289,52,195,336,201,76,260,132,262,311,189,350,115,202
152,116,42,20,132,26,120,31,40,48,117,151,204,82,65,69,93,243,132,14,77,115,78,51,83,17,75,56,52,129,194,372,70,126,27,136,104,22,66,126,84,31,97,39,105,125,83,128,53,79
345,257,123,64,348,71,341,84,106,139,276,374,603,193,185,203,255,614,336,43,193,322,202,134,205,75,83,163,143,387,530,988,179,328,72,356,316,53,170,345,221,74,272,143,254,306,198,344,145,228
283,177,84,50,207,60,240,69,71,100,209,227,410,169,119,137,180,437,231,34,116,249,130,91,154,56,163,44,119,281,372,626,117,210,50,248,224,38,128,236,154,57,167,100,185,211,132,252,96,167
316,206,104,39,249,65,230,72,91,97,230,296,449,148,128,121,181,519,263,37,147,259,131,102,155,52,143,119,50,302,385,734,132,231,69,261,244,32,128,283,175,53,217,98,193,215,168,244,98,176
595,547,235,91,634,135,612,182,215,270,553,648,1173,403,306,323,490,1102,637,65,334,642,387,227,417,129,387,281,302,406,968,1740,353,584,130,654,601,88,303,672,427,143,511,244,497,573,347,725,238,440
687,697,306,140,804,173,769,241,260,284,635,810,1352,519,400,457,573,1312,758,94,405,794,470,309,492,194,530,372,385,968,537,2026,413,676,168,818,691,117,399,782,534,156,558,292,621,728,497,808,302,519
1169,1259,543,203,1431,298,1358,417,497,565,1195,1649,2470,884,726,835,1036,2491,1504,176,822,1507,894,580,907,372,988,626,734,1740,2026,1946,737,1340,287,1523,1294,243,704,1492,937,327,1067,521,1116,1343,907,1506,492,972
251,226,90,39,278,54,258,78,83,115,232,314,492,175,140,161,213,441,277,37,139,283,165,102,178,70,179,117,132,353,413,737,71,245,47,300,253,64,123,261,194,53,203,87,217,263,184,268,99,168
497,405,197,83,484,97,455,137,152,194,405,527,852,296,246,272,362,865,467,60,272,460,277,180,306,126,328,210,231,584,676,1340,245,208,123,515,431,88,249,497,320,100,368,197,406,423,311,483,192,284
103,93,39,15,137,19,111,30,47,35,90,127,206,64,62,59,71,202,130,26,63,128,79,44,64,27,72,50,69,130,168,287,47,123,11,112,104,19,53,136,76,25,93,46,95,105,90,124,46,65
542,442,212,88,569,120,521,139,192,222,465,598,982,332,297,314,397,1016,524,60,260,536,306,202,365,136,356,248,261,654,818,1523,300,515,112,301,511,79,270,616,341,97,445,211,424,511,358,550,201,370
502,413,189,76,466,100,408,133,134,182,358,535,825,293,238,254,353,809,432,78,266,466,282,189,289,104,316,224,244,601,691,1294,253,431,104,511,207,65,244,509,332,99,342,175,368,409,290,452,160,319
79,60,26,15,89,18,91,21,30,32,70,98,160,63,47,35,56,138,81,13,49,82,52,31,52,22,53,38,32,88,117,243,64,88,19,79,65,9,47,91,63,24,57,27,60,91,62,85,44,63
295,210,99,47,238,55,245,59,88,96,214,296,439,163,126,137,168,448,266,26,170,269,132,111,195,66,170,128,128,303,399,704,123,249,53,270,244,47,56,269,145,60,176,102,187,204,151,259,83,165
476,443,189,86,543,108,517,167,185,233,431,629,927,368,268,291,388,941,565,59,276,623,303,196,336,126,345,236,283,672,782,1492,261,497,136,616,509,91,269,276,343,121,409,195,410,544,330,588,200,358
326,277,128,55,335,77,325,90,109,136,273,357,605,206,191,195,238,642,352,49,178,351,195,122,201,84,221,154,175,427,534,937,194,320,76,341,332,63,145,343,95,64,252,106,263,322,220,337,121,224
118,91,30,20,103,24,116,25,42,50,100,93,172,52,46,55,73,172,121,17,55,113,49,43,76,31,74,57,53,143,156,327,53,100,25,97,99,24,60,121,64,6,69,51,79,100,70,114,39,88
357,338,171,75,386,89,373,111,118,155,306,404,692,215,191,225,298,646,374,40,222,383,240,164,260,97,272,167,217,511,558,1067,203,368,93,445,342,57,176,409,252,69,168,138,323,352,249,376,147,257
191,159,68,28,189,47,200,63,70,78,150,215,342,127,78,99,136,330,197,23,102,217,104,64,132,39,143,100,98,244,292,521,87,197,46,211,175,27,102,195,106,51,138,34,161,173,128,212,74,148
473,382,153,58,413,99,352,111,124,164,369,473,711,235,195,219,278,711,426,60,199,427,230,145,262,105,254,185,193,497,621,1116,217,406,95,424,368,60,187,410,263,79,323,161,147,373,245,394,147,271
473,404,167,79,467,97,446,130,161,184,376,536,799,302,236,255,315,828,455,47,263,510,293,169,311,125,306,211,215,573,728,1343,263,423,105,511,409,91,204,544,322,100,352,173,373,219,322,470,156,333
358,262,134,42,315,77,317,95,101,123,252,367,567,181,164,174,227,529,334,24,184,322,191,111,189,83,198,132,168,347,497,907,184,311,90,358,290,62,151,330,220,70,249,128,245,322,97,308,134,209
491,424,191,88,554,107,468,171,179,226,425,585,948,345,278,314,387,945,591,76,300,549,276,208,350,128,344,252,244,725,808,1506,268,483,124,550,452,85,259,588,337,114,376,212,394,470,308,255,191,364
159,155,69,25,191,41,165,51,61,77,165,191,348,92,111,112,131,345,219,28,114,205,118,70,115,53,145,96,98,238,302,492,99,192,46,201,160,44,83,200,121,39,147,74,147,156,134,191,34,135
397,298,146,62,332,73,360,100,105,146,301,391,614,245,177,206,234,582,344,57,198,343,213,138,202,79,228,167,176,440,519,972,168,284,65,370,319,63,165,358,224,88,257,148,271,333,209,364,135,124
