278,452,246,107,523,112,465,154,196,245,484,546,867,371,330,350,374,839,535,78,347,516,350,204,366,159,363,286,344,615,691,1173,223,517,108,568,499,103,241,482,330,100,350,208,427,400,332,497,169,373
452,202,156,83,435,120,423,123,134,164,362,487,813,276,224,232,287,795,422,46,221,430,276,170,277,121,308,208,206,514,678,1292,255,423,106,387,447,67,222,473,299,82,327,154,338,377,248,447,167,285
246,156,31,30,200,41,200,68,72,88,160,241,353,140,104,106,154,355,183,17,110,187,103,87,122,59,146,74,93,254,287,556,98,190,49,208,186,25,123,220,121,41,167,76,155,175,117,218,89,145
107,83,30,8,88,15,92,26,27,33,78,84,134,64,55,51,59,152,78,13,62,87,60,44,63,20,72,40,48,120,137,230,50,68,14,94,68,17,31,81,47,15,63,31,85,64,55,94,33,65
523,435,200,88,254,119,510,145,175,200,407,548,948,324,268,301,396,975,556,59,266,571,279,239,351,118,346,236,269,667,821,1455,274,460,107,547,499,83,267,579,330,97,414,179,423,493,336,529,192,364
112,120,41,15,119,9,102,29,40,44,95,140,203,82,59,63,80,207,94,16,68,109,73,51,86,27,78,50,52,171,163,287,55,106,34,119,107,21,54,109,61,22,80,50,95,101,70,121,50,70
465,423,200,92,510,102,230,148,175,187,404,577,897,308,240,265,369,867,500,72,282,487,290,202,299,118,356,225,251,626,684,1309,249,423,112,504,446,70,247,521,324,110,387,158,379,418,310,496,174,313
154,123,68,26,145,29,148,18,53,61,130,172,273,78,75,85,103,263,142,14,86,156,89,62,107,37,95,67,101,174,227,422,70,136,43,150,147,31,71,165,101,30,96,56,127,160,95,163,74,97
196,134,72,27,175,40,175,53,32,54,143,189,310,105,90,91,127,298,183,27,78,181,108,69,90,44,109,64,70,232,255,488,99,173,46,176,152,17,95,178,102,38,113,66,120,166,108,181,81,107
245,164,88,33,200,44,187,61,54,44,164,216,361,138,109,123,152,337,184,20,106,206,123,92,137,60,154,92,119,248,284,534,108,181,48,202,217,39,92,200,132,49,175,75,176,181,141,224,69,140
484,362,160,78,407,95,404,130,143,164,156,459,762,272,228,263,314,754,409,51,211,423,265,179,287,130,301,218,208,519,631,1173,230,400,95,460,413,71,226,451,301,83,322,191,357,379,297,463,176,290
546,487,241,84,548,140,577,172,189,216,459,311,1001,395,284,324,392,1036,609,64,315,611,334,241,330,122,377,261,266,713,875,1588,308,546,140,566,541,106,285,634,382,120,431,205,460,532,311,613,230,361
867,813,353,134,948,203,897,273,310,361,762,1001,840,573,486,538,694,1524,919,112,471,894,538,376,597,241,607,422,438,1167,1341,2464,535,933,206,989,848,167,459,984,610,186,700,382,718,857,566,934,345,601
371,276,140,64,324,82,308,78,105,138,272,395,573,98,162,202,242,585,312,48,170,349,181,111,202,86,202,170,171,436,469,889,181,296,66,321,314,42,159,334,227,58,263,127,259,274,214,361,120,224
330,224,104,55,268,59,240,75,90,109,228,284,486,162,61,138,171,485,266,39,145,261,142,107,154,60,167,126,139,333,408,739,143,236,51,262,272,32,130,277,166,45,232,108,192,261,171,271,112,191
350,232,106,51,301,63,265,85,91,123,263,324,538,202,138,76,191,527,292,35,164,297,180,129,205,66,186,130,152,338,422,837,170,307,66,272,302,41,132,309,204,67,248,104,266,263,206,297,126,206
374,287,154,59,396,80,369,103,127,152,314,392,694,242,171,191,130,673,346,39,225,372,239,151,240,106,253,172,186,452,566,985,215,372,91,377,332,59,176,422,253,82,263,153,321,328,228,393,134,238
839,795,355,152,975,207,867,263,298,337,754,1036,1524,585,485,527,673,834,927,125,490,892,507,335,588,213,575,462,412,1199,1375,2489,523,885,208,952,889,167,454,1001,568,187,722,375,741,865,599,934,333,594
535,422,183,78,556,94,500,142,183,184,409,609,919,312,266,292,346,927,262,70,284,472,304,195,312,127,308,264,268,595,736,1397,293,485,114,539,480,74,243,528,347,103,391,199,387,489,329,565,206,303
78,46,17,13,59,16,72,14,27,20,51,64,112,48,39,35,39,125,70,2,41,66,41,28,43,16,52,26,35,67,101,194,44,50,19,49,65,9,26,68,59,15,47,33,54,61,37,63,27,49
347,221,110,62,266,68,282,86,78,106,211,315,471,170,145,164,225,490,284,41,61,286,143,104,155,66,183,132,139,337,401,804,132,235,59,279,289,53,156,295,174,54,219,97,218,251,158,294,92,193
516,430,187,87,571,109,487,156,181,206,423,611,894,349,261,297,372,892,472,66,286,273,316,182,293,131,352,258,287,618,757,1361,282,492,117,551,473,66,254,539,327,103,389,201,382,515,307,545,184,330
350,276,103,60,279,73,290,89,108,123,265,334,538,181,142,180,239,507,304,41,143,316,81,122,204,86,208,152,149,347,472,799,170,311,59,309,316,43,137,304,204,56,258,105,240,299,179,306,111,201
204,170,87,44,239,51,202,62,69,92,179,241,376,111,107,129,151,335,195,28,104,182,122,40,112,51,121,102,89,248,282,544,125,188,49,219,214,28,98,215,142,31,176,78,146,202,139,230,95,120
366,277,122,63,351,86,299,107,90,137,287,330,597,202,154,205,240,588,312,43,155,293,204,112,91,91,207,181,149,434,523,918,190,343,78,335,347,55,183,357,227,61,270,123,228,300,178,328,116,216
159,121,59,20,118,27,118,37,44,60,130,122,241,86,60,66,106,213,127,16,66,131,86,51,91,27,99,57,56,140,181,345,81,133,29,127,118,13,60,146,76,28,120,48,107,108,70,148,51,96
363,308,146,72,346,78,356,95,109,154,301,377,607,202,167,186,253,575,308,52,183,352,208,121,207,99,127,147,159,435,503,941,192,350,90,324,329,38,174,386,209,69,292,128,297,313,209,380,149,254
286,208,74,40,236,50,225,67,64,92,218,261,422,170,126,130,172,462,264,26,132,258,152,102,181,57,147,61,117,269,343,683,125,215,52,245,220,36,116,255,152,50,162,87,212,206,155,253,91,171
344,206,93,48,269,52,251,101,70,119,208,266,438,171,139,152,186,412,268,35,139,287,149,89,149,56,159,117,55,287,376,666,142,252,60,285,243,38,141,251,175,57,172,97,208,243,160,256,97,171
615,514,254,120,667,171,626,174,232,248,519,713,1167,436,333,338,452,1199,595,67,337,618,347,248,434,140,435,269,287,405,997,1894,349,580,135,633,635,117,292,711,438,110,471,251,517,637,432,637,236,425
691,678,287,137,821,163,684,227,255,284,631,875,1341,469,408,422,566,1375,736,101,401,757,472,282,523,181,503,343,376,997,584,2147,398,731,159,819,705,133,375,827,518,158,592,285,573,671,475,794,284,501
1173,1292,556,230,1455,287,1309,422,488,534,1173,1588,2464,889,739,837,985,2489,1397,194,804,1361,799,544,918,345,941,683,666,1894,2147,1965,765,1259,330,1552,1293,265,673,1565,932,276,1077,570,1141,1349,917,1447,541,943
223,255,98,50,274,55,249,70,99,108,230,308,535,181,143,170,215,523,293,44,132,282,170,125,190,81,192,125,142,349,398,765,78,247,66,287,262,48,142,271,174,60,211,108,231,255,186,263,110,192
517,423,190,68,460,106,423,136,173,181,400,546,933,296,236,307,372,885,485,50,235,492,311,188,343,133,350,215,252,580,731,1259,247,189,102,519,449,73,251,509,320,82,338,169,382,433,294,474,189,331
108,106,49,14,107,34,112,43,46,48,95,140,206,66,51,66,91,208,114,19,59,117,59,49,78,29,90,52,60,135,159,330,66,102,11,106,112,15,71,116,82,17,93,45,104,114,63,136,43,83
568,387,208,94,547,119,504,150,176,202,460,566,989,321,262,272,377,952,539,49,279,551,309,219,335,127,324,245,285,633,819,1552,287,519,106,271,467,97,273,568,359,102,446,194,406,499,327,560,198,352
499,447,186,68,499,107,446,147,152,217,413,541,848,314,272,302,332,889,480,65,289,473,316,214,347,118,329,220,243,635,705,1293,262,449,112,467,240,74,235,527,333,89,356,180,399,430,289,508,176,322
103,67,25,17,83,21,70,31,17,39,71,106,167,42,32,41,59,167,74,9,53,66,43,28,55,13,38,36,38,117,133,265,48,73,15,97,74,5,45,105,51,22,65,31,58,76,44,97,23,55
241,222,123,31,267,54,247,71,95,92,226,285,459,159,130,132,176,454,243,26,156,254,137,98,183,60,174,116,141,292,375,673,142,251,71,273,235,45,69,279,174,49,183,98,209,232,157,272,104,157
482,473,220,81,579,109,521,165,178,200,451,634,984,334,277,309,422,1001,528,68,295,539,304,215,357,146,386,255,251,711,827,1565,271,509,116,568,527,105,279,271,375,103,413,216,414,500,356,588,207,362
330,299,121,47,330,61,324,101,102,132,301,382,610,227,166,204,253,568,347,59,174,327,204,142,227,76,209,152,175,438,518,932,174,320,82,359,333,51,174,375,132,74,266,130,240,312,194,344,123,232
100,82,41,15,97,22,110,30,38,49,83,120,186,58,45,67,82,187,103,15,54,103,56,31,61,28,69,50,57,110,158,276,60,82,17,102,89,22,49,103,74,6,72,43,79,98,54,117,41,78
350,327,167,63,414,80,387,96,113,175,322,431,700,263,232,248,263,722,391,47,219,389,258,176,270,120,292,162,172,471,592,1077,211,338,93,446,356,65,183,413,266,72,137,142,344,361,241,435,153,259
208,154,76,31,179,50,158,56,66,75,191,205,382,127,108,104,153,375,199,33,97,201,105,78,123,48,128,87,97,251,285,570,108,169,45,194,180,31,98,216,130,43,142,41,137,171,113,207,67,139
427,338,155,85,423,95,379,127,120,176,357,460,718,259,192,266,321,741,387,54,218,382,240,146,228,107,297,212,208,517,573,1141,231,382,104,406,399,58,209,414,240,79,344,137,156,368,254,418,162,277
400,377,175,64,493,101,418,160,166,181,379,532,857,274,261,263,328,865,489,61,251,515,299,202,300,108,313,206,243,637,671,1349,255,433,114,499,430,76,232,500,312,98,361,171,368,213,304,487,182,311
332,248,117,55,336,70,310,95,108,141,297,311,566,214,171,206,228,599,329,37,158,307,179,139,178,70,209,155,160,432,475,917,186,294,63,327,289,44,157,356,194,54,241,113,254,304,99,330,126,195
497,447,218,94,529,121,496,163,181,224,463,613,934,361,271,297,393,934,565,63,294,545,306,230,328,148,380,253,256,637,794,1447,263,474,136,560,508,97,272,588,344,117,435,207,418,487,330,280,189,357
169,167,89,33,192,50,174,74,81,69,176,230,345,120,112,126,134,333,206,27,92,184,111,95,116,51,149,91,97,236,284,541,110,189,43,198,176,23,104,207,123,41,153,67,162,182,126,189,26,128
373,285,145,65,364,70,313,97,107,140,290,361,601,224,191,206,238,594,303,49,193,330,201,120,216,96,254,171,171,425,501,943,192,331,83,352,322,55,157,362,232,78,259,139,277,311,195,357,128,131
