265,451,197,80,503,106,489,173,169,239,401,504,791,368,297,332,370,748,527,67,321,491,330,195,336,135,355,273,310,600,677,1150,247,477,113,525,443,88,257,465,308,122,356,167,413,445,294,485,167,403
451,191,171,68,429,93,429,125,156,176,356,536,772,293,211,259,316,756,410,52,265,460,252,180,275,125,316,186,235,527,634,1237,239,429,118,445,426,75,215,454,263,69,325,169,333,399,245,454,184,318
197,171,43,27,203,44,185,54,58,87,183,259,355,130,98,117,128,340,215,18,101,228,136,72,132,39,134,86,103,223,301,528,119,192,53,198,191,42,96,226,119,31,162,85,150,159,133,196,90,143
80,68,27,5,88,12,74,19,33,39,68,104,137,53,43,59,61,149,80,12,57,83,63,28,62,26,54,42,46,108,123,223,56,87,27,94,73,21,44,90,66,26,69,31,66,85,61,91,25,55
503,429,203,88,231,109,492,159,187,195,394,574,933,326,270,301,375,905,516,62,269,518,324,213,303,127,341,255,264,657,738,1448,275,483,97,535,494,80,260,566,345,100,411,202,420,508,327,516,182,359
106,93,44,12,109,8,100,23,38,49,88,124,179,76,61,75,79,175,114,21,83,116,76,37,81,36,77,59,68,138,174,275,60,103,35,118,92,22,49,109,85,23,78,50,92,96,73,131,43,78
489,429,185,74,492,100,225,146,173,224,411,515,870,346,253,290,387,851,505,65,276,478,323,191,317,118,311,250,236,619,726,1274,264,428,116,505,412,85,263,492,338,97,371,205,373,455,286,523,178,341
173,125,54,19,159,23,146,17,55,66,138,190,288,105,86,85,124,296,159,19,78,154,93,55,84,34,102,74,82,193,238,431,103,133,31,159,145,19,67,152,107,26,124,55,106,145,82,155,66,87
169,156,58,33,187,38,173,55,32,66,152,182,283,130,84,96,119,301,169,30,80,179,100,83,106,39,109,51,75,225,237,463,82,141,35,176,142,33,99,179,107,35,132,57,148,149,114,167,58,117
239,176,87,39,195,49,224,66,66,44,174,231,340,136,114,114,152,345,204,25,125,226,130,90,116,60,135,102,121,292,314,535,104,199,47,223,218,33,115,200,127,38,171,61,179,194,142,233,78,165
401,356,183,68,394,88,411,138,152,174,185,488,718,300,223,226,298,724,440,58,271,446,278,185,249,117,309,224,243,538,640,1101,225,377,104,437,420,80,220,431,275,88,333,156,366,412,263,418,159,321
504,536,259,104,574,124,515,190,182,231,488,310,938,364,312,299,417,922,589,79,315,592,316,197,356,135,381,282,267,711,855,1589,312,523,139,590,492,94,296,573,378,121,410,199,408,491,346,571,213,370
791,772,355,137,933,179,870,288,283,340,718,938,764,563,458,496,671,1412,927,119,529,956,578,321,597,240,615,450,445,1153,1387,2329,454,871,232,899,792,147,479,876,543,182,704,363,729,805,553,918,322,622
368,293,130,53,326,76,346,105,130,136,300,364,563,119,176,185,236,571,354,40,170,348,181,143,222,82,201,162,161,430,475,919,177,333,72,363,313,64,170,357,216,77,249,121,287,313,210,354,129,224
297,211,98,43,270,61,253,86,84,114,223,312,458,176,71,139,193,476,258,33,137,289,140,86,144,55,164,141,112,330,415,761,142,278,71,298,252,46,145,259,206,55,197,90,201,237,148,298,96,188
332,259,117,59,301,75,290,85,96,114,226,299,496,185,139,74,205,492,293,43,162,316,189,88,194,65,185,127,143,364,451,814,158,278,65,310,251,46,153,310,203,70,230,90,234,249,171,308,110,197
370,316,128,61,375,79,387,124,119,152,298,417,671,236,193,205,118,658,355,38,177,359,222,150,225,96,250,165,183,448,548,1006,203,342,89,369,322,67,206,392,228,85,280,116,306,345,223,369,129,227
748,756,340,149,905,175,851,296,301,345,724,922,1412,571,476,492,658,738,912,118,517,904,514,344,610,239,582,459,434,1107,1344,2360,405,896,199,953,841,137,451,905,559,206,726,358,692,804,552,903,309,608
527,410,215,80,516,114,505,159,169,204,440,589,927,354,258,293,355,912,262,65,263,520,299,199,296,121,363,256,255,636,795,1354,254,469,130,511,460,91,254,528,354,126,400,169,405,480,319,506,185,346
67,52,18,12,62,21,65,19,30,25,58,79,119,40,33,43,38,118,65,2,29,60,39,22,43,16,42,30,27,76,103,174,36,55,9,80,69,3,27,82,35,10,54,18,55,59,45,78,23,44
321,265,101,57,269,83,276,78,80,125,271,315,529,170,137,162,177,517,263,29,77,284,155,110,205,64,191,136,144,349,429,741,157,275,69,271,259,43,132,281,181,61,214,116,261,277,186,281,106,177
491,460,228,83,518,116,478,154,179,226,446,592,956,348,289,316,359,904,520,60,284,276,326,208,308,121,330,257,254,628,804,1462,279,480,104,582,461,97,256,549,353,101,388,199,399,464,303,526,188,364
330,252,136,63,324,76,323,93,100,130,278,316,578,181,140,189,222,514,299,39,155,326,72,114,162,58,181,152,156,372,454,840,165,285,72,347,296,62,134,292,178,65,247,111,242,276,186,301,96,176
195,180,72,28,213,37,191,55,83,90,185,197,321,143,86,88,150,344,199,22,110,208,114,36,151,48,131,97,111,255,293,566,102,195,48,212,170,33,109,214,128,45,135,85,162,199,116,203,62,136
336,275,132,62,303,81,317,84,106,116,249,356,597,222,144,194,225,610,296,43,205,308,162,151,97,90,245,161,165,410,480,922,207,320,83,310,322,53,151,345,225,63,245,128,241,267,206,322,112,215
135,125,39,26,127,36,118,34,39,60,117,135,240,82,55,65,96,239,121,16,64,121,58,48,90,23,81,62,58,172,184,342,67,117,25,133,125,20,68,137,81,14,111,38,91,117,71,150,42,99
355,316,134,54,341,77,311,102,109,135,309,381,615,201,164,185,250,582,363,42,191,330,181,131,245,81,115,147,165,407,498,975,189,315,90,337,332,53,172,357,233,48,271,119,287,332,216,392,138,245
273,186,86,42,255,59,250,74,51,102,224,282,450,162,141,127,165,459,256,30,136,257,152,97,161,62,147,50,126,300,349,666,140,261,49,221,236,40,118,269,174,54,172,81,193,214,147,242,91,154
310,235,103,46,264,68,236,82,75,121,243,267,445,161,112,143,183,434,255,27,144,254,156,111,165,58,165,126,46,314,333,761,157,253,62,255,226,39,133,263,155,44,203,95,196,239,152,290,86,179
600,527,223,108,657,138,619,193,225,292,538,711,1153,430,330,364,448,1107,636,76,349,628,372,255,410,172,407,300,314,403,943,1740,341,572,156,646,588,95,328,684,378,133,518,225,513,584,367,634,242,444
677,634,301,123,738,174,726,238,237,314,640,855,1387,475,415,451,548,1344,795,103,429,804,454,293,480,184,498,349,333,943,569,1999,374,707,159,821,697,142,383,822,466,156,573,303,578,691,502,764,276,513
1150,1237,528,223,1448,275,1274,431,463,535,1101,1589,2329,919,761,814,1006,2360,1354,174,741,1462,840,566,922,342,975,666,761,1740,1999,1817,659,1268,343,1466,1273,255,672,1423,867,279,968,537,1127,1274,856,1337,519,946
247,239,119,56,275,60,264,103,82,104,225,312,454,177,142,158,203,405,254,36,157,279,165,102,207,67,189,140,157,341,374,659,65,257,72,329,258,34,144,287,184,49,188,97,209,244,154,284,99,213
477,429,192,87,483,103,428,133,141,199,377,523,871,333,278,278,342,896,469,55,275,480,285,195,320,117,315,261,253,572,707,1268,257,230,117,508,436,71,225,541,312,94,355,158,365,439,322,510,178,322
113,118,53,27,97,35,116,31,35,47,104,139,232,72,71,65,89,199,130,9,69,104,72,48,83,25,90,49,62,156,159,343,72,117,12,148,120,14,66,129,68,24,75,39,95,102,68,122,50,63
525,445,198,94,535,118,505,159,176,223,437,590,899,363,298,310,369,953,511,80,271,582,347,212,310,133,337,221,255,646,821,1466,329,508,148,292,474,83,290,558,334,107,374,189,430,485,325,549,204,373
443,426,191,73,494,92,412,145,142,218,420,492,792,313,252,251,322,841,460,69,259,461,296,170,322,125,332,236,226,588,697,1273,258,436,120,474,198,78,215,513,311,93,338,194,380,416,295,473,181,315
88,75,42,21,80,22,85,19,33,33,80,94,147,64,46,46,67,137,91,3,43,97,62,33,53,20,53,40,39,95,142,255,34,71,14,83,78,7,39,89,54,12,69,32,63,72,54,76,38,52
257,215,96,44,260,49,263,67,99,115,220,296,479,170,145,153,206,451,254,27,132,256,134,109,151,68,172,118,133,328,383,672,144,225,66,290,215,39,68,265,165,51,182,82,209,218,160,256,92,163
465,454,226,90,566,109,492,152,179,200,431,573,876,357,259,310,392,905,528,82,281,549,292,214,345,137,357,269,263,684,822,1423,287,541,129,558,513,89,265,259,327,106,400,215,437,499,333,551,206,350
308,263,119,66,345,85,338,107,107,127,275,378,543,216,206,203,228,559,354,35,181,353,178,128,225,81,233,174,155,378,466,867,184,312,68,334,311,54,165,327,97,70,255,117,257,324,195,333,114,227
122,69,31,26,100,23,97,26,35,38,88,121,182,77,55,70,85,206,126,10,61,101,65,45,63,14,48,54,44,133,156,279,49,94,24,107,93,12,51,106,70,8,99,45,94,95,68,141,44,74
356,325,162,69,411,78,371,124,132,171,333,410,704,249,197,230,280,726,400,54,214,388,247,135,245,111,271,172,203,518,573,968,188,355,75,374,338,69,182,400,255,99,146,146,314,328,263,389,137,238
167,169,85,31,202,50,205,55,57,61,156,199,363,121,90,90,116,358,169,18,116,199,111,85,128,38,119,81,95,225,303,537,97,158,39,189,194,32,82,215,117,45,146,32,172,154,109,201,68,125
413,333,150,66,420,92,373,106,148,179,366,408,729,287,201,234,306,692,405,55,261,399,242,162,241,91,287,193,196,513,578,1127,209,365,95,430,380,63,209,437,257,94,314,172,156,356,236,414,151,287
445,399,159,85,508,96,455,145,149,194,412,491,805,313,237,249,345,804,480,59,277,464,276,199,267,117,332,214,239,584,691,1274,244,439,102,485,416,72,218,499,324,95,328,154,356,208,294,464,153,323
294,245,133,61,327,73,286,82,114,142,263,346,553,210,148,171,223,552,319,45,186,303,186,116,206,71,216,147,152,367,502,856,154,322,68,325,295,54,160,333,195,68,263,109,236,294,105,278,115,224
485,454,196,91,516,131,523,155,167,233,418,571,918,354,298,308,369,903,506,78,281,526,301,203,322,150,392,242,290,634,764,1337,284,510,122,549,473,76,256,551,333,141,389,201,414,464,278,285,187,339
167,184,90,25,182,43,178,66,58,78,159,213,322,129,96,110,129,309,185,23,106,188,96,62,112,42,138,91,86,242,276,519,99,178,50,204,181,38,92,206,114,44,137,68,151,153,115,187,30,125
403,318,143,55,359,78,341,87,117,165,321,370,622,224,188,197,227,608,346,44,177,364,176,136,215,99,245,154,179,444,513,946,213,322,63,373,315,52,163,350,227,74,238,125,287,323,224,339,125,110
