267,471,186,75,521,100,440,169,185,227,408,520,813,366,298,340,385,830,555,61,340,502,340,202,369,144,359,267,323,599,687,1219,234,475,107,491,455,91,250,467,324,110,350,161,408,414,337,490,165,364
471,179,175,71,464,91,413,136,152,192,377,516,754,272,218,253,331,765,439,48,245,465,256,159,267,88,256,176,217,544,650,1176,226,419,106,488,410,64,201,466,251,85,290,145,317,427,262,439,147,306
186,175,40,38,194,35,177,57,49,106,195,237,393,120,113,112,156,376,197,20,107,217,118,83,140,65,143,90,110,271,305,554,98,204,40,186,211,32,97,204,144,38,152,63,184,199,118,214,76,148
75,71,38,11,78,20,73,28,26,35,77,97,147,52,42,51,46,141,86,20,53,83,53,34,51,24,54,51,40,105,127,226,37,77,19,85,83,18,37,78,61,14,60,31,62,78,54,80,25,53
521,464,194,78,259,106,503,147,168,206,417,539,875,291,263,272,372,910,530,55,289,523,295,197,324,128,333,241,235,627,757,1394,273,482,127,534,479,74,263,559,334,100,372,190,396,483,306,544,173,374
100,91,35,20,106,16,93,42,36,53,96,120,180,68,63,75,87,189,108,17,76,104,72,34,66,26,68,64,58,124,161,288,66,113,21,127,97,17,54,107,68,19,87,46,83,100,88,104,46,87
440,413,177,73,503,93,221,140,167,189,402,515,828,341,257,262,360,860,485,56,292,477,300,193,324,114,331,220,276,607,712,1262,266,450,102,499,417,78,230,489,309,104,326,161,384,442,267,514,167,331
169,136,57,28,147,42,140,20,52,58,129,160,262,95,80,90,117,254,146,17,80,160,70,56,102,29,111,67,79,188,208,402,65,145,28,169,167,31,76,157,94,32,106,44,114,155,81,135,53,108
185,152,49,26,168,36,167,52,30,71,138,165,279,121,86,86,136,298,196,20,89,172,102,65,122,42,116,83,69,233,245,435,92,156,39,164,150,21,77,177,117,32,131,55,133,137,109,181,48,111
227,192,106,35,206,53,189,58,71,37,142,213,313,123,126,120,149,341,186,28,114,183,122,82,136,52,146,96,125,239,305,580,112,209,47,201,207,34,95,210,129,36,155,75,175,182,118,193,85,140
408,377,195,77,417,96,402,129,138,142,166,461,710,281,246,243,283,730,377,52,263,388,261,175,282,103,293,216,231,521,642,1172,253,382,104,431,398,63,215,436,288,83,295,140,336,374,251,419,154,281
520,516,237,97,539,120,515,160,165,213,461,321,1012,366,277,284,396,1000,554,83,332,571,341,238,384,141,380,238,277,701,830,1630,324,516,115,620,513,92,262,617,407,111,435,209,461,506,357,596,212,389
813,754,393,147,875,180,828,262,279,313,710,1012,790,562,431,495,699,1418,923,120,524,919,547,360,580,212,608,414,470,1141,1334,2322,468,817,202,995,844,157,422,969,611,192,644,343,678,812,562,941,329,615
366,272,120,52,291,68,341,95,121,123,281,366,562,99,155,182,242,617,313,32,160,336,207,151,220,78,216,154,183,382,484,912,184,307,71,296,303,51,155,353,199,68,274,105,280,302,180,344,120,223
298,218,113,42,263,63,257,80,86,126,246,277,431,155,77,135,187,466,259,33,130,277,136,96,186,61,152,132,137,334,394,707,140,244,58,257,273,49,134,292,171,57,185,107,221,251,151,264,98,174
340,253,112,51,272,75,262,90,86,120,243,284,495,182,135,79,216,494,277,35,136,306,159,118,188,65,167,127,128,342,423,773,154,263,58,316,278,51,132,334,198,59,216,114,209,267,144,260,106,183
385,331,156,46,372,87,360,117,136,149,283,396,699,242,187,216,145,669,377,37,197,376,202,140,226,89,245,165,200,476,546,982,202,351,79,334,378,62,175,364,236,81,284,152,305,333,235,374,150,235
830,765,376,141,910,189,860,254,298,341,730,1000,1418,617,466,494,669,751,924,127,504,944,533,370,580,261,608,422,425,1101,1381,2335,501,832,185,1001,891,153,437,992,589,192,659,337,703,829,587,929,328,610
555,439,197,86,530,108,485,146,196,186,377,554,923,313,259,277,377,924,262,55,289,479,287,199,323,114,300,240,242,614,830,1412,244,461,119,550,488,78,266,554,327,106,354,181,385,461,300,537,177,339
61,48,20,20,55,17,56,17,20,28,52,83,120,32,33,35,37,127,55,8,34,50,49,19,40,13,38,33,23,86,89,186,36,67,12,63,61,8,32,66,41,12,49,27,41,52,36,60,26,41
340,245,107,53,289,76,292,80,89,114,263,332,524,160,130,136,197,504,289,34,73,267,163,109,166,62,150,121,139,363,425,756,146,235,59,286,272,48,122,304,198,59,226,94,227,291,175,291,111,189
502,465,217,83,523,104,477,160,172,183,388,571,919,336,277,306,376,944,479,50,267,271,344,211,347,119,307,284,258,653,800,1429,281,480,124,554,490,88,261,583,320,111,391,182,420,477,274,533,196,316
340,256,118,53,295,72,300,70,102,122,261,341,547,207,136,159,202,533,287,49,163,344,92,123,189,67,184,141,157,424,487,834,148,277,69,290,292,39,130,295,165,54,220,115,248,284,166,322,95,208
202,159,83,34,197,34,193,56,65,82,175,238,360,151,96,118,140,370,199,19,109,211,123,36,124,45,127,80,106,255,329,550,115,168,45,198,170,30,104,217,115,41,128,61,152,177,117,205,69,137
369,267,140,51,324,66,324,102,122,136,282,384,580,220,186,188,226,580,323,40,166,347,189,124,102,72,199,142,159,409,484,874,172,332,74,320,308,53,165,357,208,71,244,121,263,312,220,357,124,227
144,88,65,24,128,26,114,29,42,52,103,141,212,78,61,65,89,261,114,13,62,119,67,45,72,17,70,57,76,180,199,362,77,109,41,143,100,17,66,140,80,33,98,44,102,112,67,134,45,76
359,256,143,54,333,68,331,111,116,146,293,380,608,216,152,167,245,608,300,38,150,307,184,127,199,70,97,138,187,448,524,935,202,323,78,318,289,60,171,362,181,69,251,126,247,311,195,351,109,229
267,176,90,51,241,64,220,67,83,96,216,238,414,154,132,127,165,422,240,33,121,284,141,80,142,57,138,45,101,280,375,641,122,260,55,257,233,40,97,251,148,54,207,77,206,206,163,235,89,170
323,217,110,40,235,58,276,79,69,125,231,277,470,183,137,128,200,425,242,23,139,258,157,106,159,76,187,101,65,341,386,736,135,234,79,272,250,43,123,284,178,64,170,93,202,219,151,273,90,188
599,544,271,105,627,124,607,188,233,239,521,701,1141,382,334,342,476,1101,614,86,363,653,424,255,409,180,448,280,341,386,949,1772,371,581,141,644,591,88,320,675,388,136,465,250,535,582,400,627,263,407
687,650,305,127,757,161,712,208,245,305,642,830,1334,484,394,423,546,1381,830,89,425,800,487,329,484,199,524,375,386,949,596,2089,418,718,188,827,687,130,386,847,531,165,575,277,603,700,466,771,282,522
1219,1176,554,226,1394,288,1262,402,435,580,1172,1630,2322,912,707,773,982,2335,1412,186,756,1429,834,550,874,362,935,641,736,1772,2089,1855,727,1287,342,1532,1289,230,652,1431,909,304,1023,528,1101,1221,885,1357,477,969
234,226,98,37,273,66,266,65,92,112,253,324,468,184,140,154,202,501,244,36,146,281,148,115,172,77,202,122,135,371,418,727,71,246,57,292,280,39,119,296,188,57,194,109,235,252,180,284,86,180
475,419,204,77,482,113,450,145,156,209,382,516,817,307,244,263,351,832,461,67,235,480,277,168,332,109,323,260,234,581,718,1287,246,233,96,496,450,88,234,511,345,88,373,183,355,414,286,465,179,299
107,106,40,19,127,21,102,28,39,47,104,115,202,71,58,58,79,185,119,12,59,124,69,45,74,41,78,55,79,141,188,342,57,96,6,123,97,22,51,122,77,20,79,36,95,102,71,124,41,93
491,488,186,85,534,127,499,169,164,201,431,620,995,296,257,316,334,1001,550,63,286,554,290,198,320,143,318,257,272,644,827,1532,292,496,123,263,492,100,263,564,378,107,439,201,399,486,346,545,177,315
455,410,211,83,479,97,417,167,150,207,398,513,844,303,273,278,378,891,488,61,272,490,292,170,308,100,289,233,250,591,687,1289,280,450,97,492,220,89,246,500,316,100,325,152,354,453,285,496,184,314
91,64,32,18,74,17,78,31,21,34,63,92,157,51,49,51,62,153,78,8,48,88,39,30,53,17,60,40,43,88,130,230,39,88,22,100,89,11,39,90,57,19,61,29,73,78,47,95,31,54
250,201,97,37,263,54,230,76,77,95,215,262,422,155,134,132,175,437,266,32,122,261,130,104,165,66,171,97,123,320,386,652,119,234,51,263,246,39,58,285,167,46,189,97,192,243,162,255,90,171
467,466,204,78,559,107,489,157,177,210,436,617,969,353,292,334,364,992,554,66,304,583,295,217,357,140,362,251,284,675,847,1431,296,511,122,564,500,90,285,302,330,103,397,212,418,533,315,566,204,358
324,251,144,61,334,68,309,94,117,129,288,407,611,199,171,198,236,589,327,41,198,320,165,115,208,80,181,148,178,388,531,909,188,345,77,378,316,57,167,330,116,74,251,125,267,324,209,328,128,219
110,85,38,14,100,19,104,32,32,36,83,111,192,68,57,59,81,192,106,12,59,111,54,41,71,33,69,54,64,136,165,304,57,88,20,107,100,19,46,103,74,16,75,32,85,95,65,112,39,63
350,290,152,60,372,87,326,106,131,155,295,435,644,274,185,216,284,659,354,49,226,391,220,128,244,98,251,207,170,465,575,1023,194,373,79,439,325,61,189,397,251,75,120,144,284,360,229,391,122,225
161,145,63,31,190,46,161,44,55,75,140,209,343,105,107,114,152,337,181,27,94,182,115,61,121,44,126,77,93,250,277,528,109,183,36,201,152,29,97,212,125,32,144,21,129,193,118,220,70,121
408,317,184,62,396,83,384,114,133,175,336,461,678,280,221,209,305,703,385,41,227,420,248,152,263,102,247,206,202,535,603,1101,235,355,95,399,354,73,192,418,267,85,284,129,176,343,243,411,147,255
414,427,199,78,483,100,442,155,137,182,374,506,812,302,251,267,333,829,461,52,291,477,284,177,312,112,311,206,219,582,700,1221,252,414,102,486,453,78,243,533,324,95,360,193,343,213,309,472,161,335
337,262,118,54,306,88,267,81,109,118,251,357,562,180,151,144,235,587,300,36,175,274,166,117,220,67,195,163,151,400,466,885,180,286,71,346,285,47,162,315,209,65,229,118,243,309,100,340,131,201
490,439,214,80,544,104,514,135,181,193,419,596,941,344,264,260,374,929,537,60,291,533,322,205,357,134,351,235,273,627,771,1357,284,465,124,545,496,95,255,566,328,112,391,220,411,472,340,243,199,374
165,147,76,25,173,46,167,53,48,85,154,212,329,120,98,106,150,328,177,26,111,196,95,69,124,45,109,89,90,263,282,477,86,179,41,177,184,31,90,204,128,39,122,70,147,161,131,199,30,120
364,306,148,53,374,87,331,108,111,140,281,389,615,223,174,183,235,610,339,41,189,316,208,137,227,76,229,170,188,407,522,969,180,299,93,315,314,54,171,358,219,63,225,121,255,335,201,374,120,112
