264,429,200,86,484,103,476,210,173,246,468,487,816,388,345,353,342,832,520,67,292,523,393,212,374,160,380,302,308,635,723,1198,248,471,100,548,475,74,240,470,312,91,379,172,454,438,346,486,175,392
429,197,194,65,454,85,383,117,129,164,368,474,799,282,246,246,287,808,429,50,217,457,261,192,292,99,290,208,203,524,683,1319,270,382,111,420,376,91,221,469,270,85,321,173,357,375,268,479,192,312
200,194,32,30,212,49,202,49,72,87,183,225,349,131,81,114,141,378,177,17,111,188,117,67,124,40,117,74,105,243,275,572,115,188,54,196,185,32,84,207,120,43,169,80,148,192,116,217,81,137
86,65,30,4,85,8,68,27,30,38,71,92,146,75,54,54,63,151,102,10,60,107,55,25,45,26,75,36,40,122,129,186,48,67,14,91,71,17,44,74,50,12,58,32,71,82,53,80,26,69
484,454,212,85,223,110,473,168,156,211,429,561,984,352,297,319,343,956,523,56,302,521,313,211,308,136,341,239,247,622,811,1391,242,444,118,525,476,83,245,553,363,110,388,194,427,477,319,521,183,369
103,85,49,8,110,6,117,38,34,42,83,134,208,84,58,70,88,195,126,16,72,121,77,35,75,38,101,55,60,142,170,291,57,110,24,123,107,27,68,112,72,29,78,42,95,89,62,123,39,69
476,383,202,68,473,117,236,152,184,191,394,562,860,330,261,258,332,871,461,59,262,479,269,193,326,129,318,246,260,631,729,1332,235,412,99,507,409,83,260,497,274,97,367,196,385,398,295,482,172,368
210,117,49,27,168,38,152,25,56,67,150,127,235,113,85,87,107,272,161,12,89,154,84,81,95,31,95,86,75,163,232,447,85,149,28,156,158,25,65,159,87,25,123,49,137,161,86,177,58,116
173,129,72,30,156,34,184,56,24,84,135,192,270,111,82,95,133,282,156,14,108,148,101,73,120,46,122,78,69,196,247,425,93,131,40,190,149,26,99,159,92,33,130,74,131,148,105,182,53,123
246,164,87,38,211,42,191,67,84,33,164,208,322,139,124,132,155,367,223,22,137,211,146,80,116,41,128,103,114,243,305,572,106,173,42,211,182,29,107,202,136,40,164,79,189,202,143,210,79,138
468,368,183,71,429,83,394,150,135,164,161,469,739,267,243,234,300,768,411,49,249,426,254,160,271,104,275,207,237,493,624,1210,229,387,94,435,368,64,237,431,284,83,326,137,350,380,258,412,166,292
487,474,225,92,561,134,562,127,192,208,469,298,1021,368,274,312,389,1061,568,60,311,597,335,210,379,140,384,231,280,759,883,1668,342,547,120,631,524,75,253,636,348,117,416,212,464,567,329,605,196,388
816,799,349,146,984,208,860,235,270,322,739,1021,777,593,506,547,649,1448,924,112,518,920,554,374,596,257,637,424,463,1165,1328,2484,484,876,200,950,852,165,483,980,592,190,693,356,757,857,572,963,322,589
388,282,131,75,352,84,330,113,111,139,267,368,593,130,181,194,234,591,345,41,191,358,177,132,219,89,226,158,173,400,482,854,145,318,76,344,341,50,172,354,193,65,267,119,289,280,214,346,113,228
345,246,81,54,297,58,261,85,82,124,243,274,506,181,73,122,213,518,267,33,160,264,174,101,159,69,169,117,137,348,360,764,151,248,49,289,260,32,125,266,167,51,211,104,218,220,169,294,99,185
353,246,114,54,319,70,258,87,95,132,234,312,547,194,122,75,232,599,314,39,150,302,181,112,167,65,161,131,124,400,438,800,154,245,58,319,264,45,141,306,192,56,256,117,234,253,183,286,100,202
342,287,141,63,343,88,332,107,133,155,300,389,649,234,213,232,123,685,364,63,206,371,233,136,246,91,254,182,194,447,567,987,197,328,69,374,358,56,169,373,253,58,271,134,281,318,216,365,132,252
832,808,378,151,956,195,871,272,282,367,768,1061,1448,591,518,599,685,781,943,127,527,966,534,372,604,224,645,431,494,1140,1377,2395,462,845,192,932,830,165,469,973,612,225,678,350,768,812,585,932,329,606
520,429,177,102,523,126,461,161,156,223,411,568,924,345,267,314,364,943,242,69,298,497,316,181,342,120,343,243,262,650,747,1453,270,489,119,533,495,105,263,558,342,116,379,199,427,427,323,526,185,372
67,50,17,10,56,16,59,12,14,22,49,60,112,41,33,39,63,127,69,2,24,74,31,21,31,28,46,16,22,74,97,180,37,59,14,71,51,12,18,59,41,6,55,18,36,66,29,58,21,35
292,217,111,60,302,72,262,89,108,137,249,311,518,191,160,150,206,527,298,24,72,290,159,117,175,73,184,120,133,314,410,826,163,267,52,271,277,48,141,257,165,59,233,111,216,237,186,308,106,186
523,457,188,107,521,121,479,154,148,211,426,597,920,358,264,302,371,966,497,74,290,279,327,199,337,151,348,246,255,634,775,1434,259,453,107,573,497,97,265,568,364,115,412,200,424,450,317,548,176,375
393,261,117,55,313,77,269,84,101,146,254,335,554,177,174,181,233,534,316,31,159,327,93,129,181,72,175,155,155,401,464,882,179,285,62,330,282,46,162,295,200,76,244,104,216,272,190,325,114,225
212,192,67,25,211,35,193,81,73,80,160,210,374,132,101,112,136,372,181,21,117,199,129,36,137,57,133,81,98,252,286,573,94,196,50,203,181,30,132,205,123,41,139,72,165,183,131,200,79,151
374,292,124,45,308,75,326,95,120,116,271,379,596,219,159,167,246,604,342,31,175,337,181,137,102,93,241,144,174,406,480,964,177,310,79,337,311,54,192,364,213,64,242,125,241,304,184,355,128,228
160,99,40,26,136,38,129,31,46,41,104,140,257,89,69,65,91,224,120,28,73,151,72,57,93,17,73,52,54,168,169,393,73,145,30,114,119,18,70,142,84,25,95,42,111,110,82,132,49,86
380,290,117,75,341,101,318,95,122,128,275,384,637,226,169,161,254,645,343,46,184,348,175,133,241,73,109,157,186,415,479,1051,202,335,86,338,339,54,175,350,233,58,243,108,244,292,223,338,141,247
302,208,74,36,239,55,246,86,78,103,207,231,424,158,117,131,182,431,243,16,120,246,155,81,144,52,157,60,110,273,350,704,131,220,55,239,196,40,121,248,158,53,180,101,185,249,158,269,89,163
308,203,105,40,247,60,260,75,69,114,237,280,463,173,137,124,194,494,262,22,133,255,155,98,174,54,186,110,51,292,367,672,135,234,65,242,264,33,108,283,170,52,197,88,217,237,171,249,89,171
635,524,243,122,622,142,631,163,196,243,493,759,1165,400,348,400,447,1140,650,74,314,634,401,252,406,168,415,273,292,388,949,1784,351,566,147,672,588,104,295,695,400,120,483,239,516,576,396,661,214,413
723,683,275,129,811,170,729,232,247,305,624,883,1328,482,360,438,567,1377,747,97,410,775,464,286,480,169,479,350,367,949,567,2132,385,709,175,844,703,133,377,842,509,168,590,306,595,662,455,745,282,519
1198,1319,572,186,1391,291,1332,447,425,572,1210,1668,2484,854,764,800,987,2395,1453,180,826,1434,882,573,964,393,1051,704,672,1784,2132,1926,749,1290,296,1503,1281,242,732,1520,913,332,1000,547,1166,1268,870,1396,486,985
248,270,115,48,242,57,235,85,93,106,229,342,484,145,151,154,197,462,270,37,163,259,179,94,177,73,202,131,135,351,385,749,74,272,62,284,255,46,142,319,189,64,194,88,215,251,174,271,102,205
471,382,188,67,444,110,412,149,131,173,387,547,876,318,248,245,328,845,489,59,267,453,285,196,310,145,335,220,234,566,709,1290,272,213,101,492,431,69,242,494,313,104,384,171,346,424,289,483,167,342
100,111,54,14,118,24,99,28,40,42,94,120,200,76,49,58,69,192,119,14,52,107,62,50,79,30,86,55,65,147,175,296,62,101,13,106,103,17,57,117,79,22,87,42,103,108,73,115,43,65
548,420,196,91,525,123,507,156,190,211,435,631,950,344,289,319,374,932,533,71,271,573,330,203,337,114,338,239,242,672,844,1503,284,492,106,260,466,84,258,600,351,103,388,209,430,481,321,557,206,373
475,376,185,71,476,107,409,158,149,182,368,524,852,341,260,264,358,830,495,51,277,497,282,181,311,119,339,196,264,588,703,1281,255,431,103,466,221,84,276,541,328,97,354,187,364,431,308,466,162,318
74,91,32,17,83,27,83,25,26,29,64,75,165,50,32,45,56,165,105,12,48,97,46,30,54,18,54,40,33,104,133,242,46,69,17,84,84,12,41,103,78,18,63,35,65,75,45,94,24,52
240,221,84,44,245,68,260,65,99,107,237,253,483,172,125,141,169,469,263,18,141,265,162,132,192,70,175,121,108,295,377,732,142,242,57,258,276,41,61,269,167,44,181,79,213,228,136,254,94,174
470,469,207,74,553,112,497,159,159,202,431,636,980,354,266,306,373,973,558,59,257,568,295,205,364,142,350,248,283,695,842,1520,319,494,117,600,541,103,269,279,344,92,425,205,439,516,320,560,189,336
312,270,120,50,363,72,274,87,92,136,284,348,592,193,167,192,253,612,342,41,165,364,200,123,213,84,233,158,170,400,509,913,189,313,79,351,328,78,167,344,93,72,255,129,241,328,210,343,125,233
91,85,43,12,110,29,97,25,33,40,83,117,190,65,51,56,58,225,116,6,59,115,76,41,64,25,58,53,52,120,168,332,64,104,22,103,97,18,44,92,72,10,85,40,76,86,59,110,44,76
379,321,169,58,388,78,367,123,130,164,326,416,693,267,211,256,271,678,379,55,233,412,244,139,242,95,243,180,197,483,590,1000,194,384,87,388,354,63,181,425,255,85,137,148,313,375,242,391,145,262
172,173,80,32,194,42,196,49,74,79,137,212,356,119,104,117,134,350,199,18,111,200,104,72,125,42,108,101,88,239,306,547,88,171,42,209,187,35,79,205,129,40,148,35,154,173,112,200,55,126
454,357,148,71,427,95,385,137,131,189,350,464,757,289,218,234,281,768,427,36,216,424,216,165,241,111,244,185,217,516,595,1166,215,346,103,430,364,65,213,439,241,76,313,154,164,355,249,421,142,267
438,375,192,82,477,89,398,161,148,202,380,567,857,280,220,253,318,812,427,66,237,450,272,183,304,110,292,249,237,576,662,1268,251,424,108,481,431,75,228,516,328,86,375,173,355,218,283,450,199,302
346,268,116,53,319,62,295,86,105,143,258,329,572,214,169,183,216,585,323,29,186,317,190,131,184,82,223,158,171,396,455,870,174,289,73,321,308,45,136,320,210,59,242,112,249,283,106,343,109,214
486,479,217,80,521,123,482,177,182,210,412,605,963,346,294,286,365,932,526,58,308,548,325,200,355,132,338,269,249,661,745,1396,271,483,115,557,466,94,254,560,343,110,391,200,421,450,343,270,192,364
175,192,81,26,183,39,172,58,53,79,166,196,322,113,99,100,132,329,185,21,106,176,114,79,128,49,141,89,89,214,282,486,102,167,43,206,162,24,94,189,125,44,145,55,142,199,109,192,26,124
392,312,137,69,369,69,368,116,123,138,292,388,589,228,185,202,252,606,372,35,186,375,225,151,228,86,247,163,171,413,519,985,205,342,65,373,318,52,174,336,233,76,262,126,267,302,214,364,124,112
