257,461,224,82,526,109,473,174,177,224,415,518,784,353,325,331,372,790,487,82,302,542,370,204,342,150,393,288,299,582,692,1157,241,492,109,487,483,83,265,468,355,98,364,175,443,405,315,482,153,383
461,167,182,79,416,110,429,120,140,181,381,486,792,261,247,249,313,764,456,52,244,463,250,147,288,110,279,195,192,480,719,1211,259,411,112,483,399,74,218,443,278,90,332,176,356,412,308,451,169,283
224,182,36,24,223,39,205,59,71,81,160,209,370,124,105,112,149,374,193,31,125,197,116,77,130,46,142,99,104,261,285,557,103,177,40,190,171,32,101,243,130,36,149,80,174,181,112,240,68,143
82,79,24,6,78,18,79,21,31,34,59,84,135,52,47,48,52,142,89,13,54,83,56,37,53,27,59,56,46,120,110,202,35,79,14,90,70,22,52,73,58,17,67,27,56,59,58,78,31,52
526,416,223,78,248,91,501,161,170,223,424,516,891,345,285,333,375,945,493,58,262,492,302,202,320,139,354,215,263,655,819,1405,298,482,119,547,487,74,260,501,325,101,383,181,428,465,290,559,173,344
109,110,39,18,91,16,103,32,39,56,93,122,186,66,52,61,74,188,103,16,83,105,67,46,67,24,82,63,66,168,156,275,48,92,24,116,101,24,55,113,73,23,77,46,73,94,74,117,38,81
473,429,205,79,501,103,233,139,158,207,399,550,807,308,251,275,359,769,509,65,285,466,284,195,326,133,344,232,257,626,712,1260,228,441,116,546,441,76,245,490,312,98,393,200,391,423,315,524,165,344
174,120,59,21,161,32,139,21,45,58,137,160,288,96,86,82,107,276,164,19,82,169,86,60,106,34,93,70,76,202,213,422,80,133,33,161,152,23,62,171,85,40,132,55,118,136,90,154,60,103
177,140,71,31,170,39,158,45,22,59,144,189,293,119,90,98,122,259,159,21,94,193,85,63,96,41,121,70,89,211,249,460,81,163,39,171,139,22,76,193,105,29,141,49,126,159,96,205,52,105
224,181,81,34,223,56,207,58,59,27,146,239,373,123,103,98,164,346,206,30,120,219,137,92,152,47,144,105,113,249,327,578,125,216,60,220,230,29,77,214,138,46,166,81,182,199,122,208,77,132
415,381,160,59,424,93,399,137,144,146,161,477,701,291,240,243,302,741,423,59,240,479,280,185,289,106,287,220,227,519,649,1094,233,390,96,443,405,76,185,453,312,84,332,147,371,414,315,462,161,283
518,486,209,84,516,122,550,160,189,239,477,327,1004,384,282,309,394,1001,568,70,307,619,322,224,335,133,370,244,269,682,839,1544,296,543,112,570,526,87,272,582,369,107,406,224,429,520,359,548,195,370
784,792,370,135,891,186,807,288,293,373,701,1004,759,611,489,594,663,1415,872,116,491,900,546,338,620,219,644,410,493,1071,1322,2400,461,835,206,973,771,167,469,929,562,188,635,348,705,795,596,922,306,594
353,261,124,52,345,66,308,96,119,123,291,384,611,114,190,190,264,627,360,47,190,325,218,122,227,91,221,158,160,406,526,911,192,300,79,349,333,51,162,326,194,65,259,128,283,302,214,346,128,232
325,247,105,47,285,52,251,86,90,103,240,282,489,190,63,141,209,515,272,33,161,254,158,98,160,63,179,107,129,332,382,769,149,242,71,307,273,37,150,291,196,57,208,103,204,243,153,284,104,200
331,249,112,48,333,61,275,82,98,98,243,309,594,190,141,104,204,579,283,46,153,282,182,108,190,76,206,124,122,376,424,851,170,279,57,295,313,37,153,323,205,64,248,102,237,271,175,289,126,212
372,313,149,52,375,74,359,107,122,164,302,394,663,264,209,204,110,678,362,39,199,382,227,146,252,120,285,206,193,461,543,970,203,336,87,361,335,56,169,376,241,65,276,133,312,357,226,385,134,214
790,764,374,142,945,188,769,276,259,346,741,1001,1415,627,515,579,678,793,926,115,518,919,535,349,600,227,647,415,462,1087,1355,2306,457,854,191,919,855,173,456,975,591,183,644,312,704,802,580,920,304,605
487,456,193,89,493,103,509,164,159,206,423,568,872,360,272,283,362,926,275,61,286,477,305,195,339,140,346,250,257,606,752,1378,288,467,125,501,452,93,274,538,341,103,411,158,413,505,315,551,186,361
82,52,31,13,58,16,65,19,21,30,59,70,116,47,33,46,39,115,61,5,52,61,31,26,28,13,43,38,31,84,106,169,30,72,17,72,53,10,32,62,56,21,50,16,42,56,26,61,19,48
302,244,125,54,262,83,285,82,94,120,240,307,491,190,161,153,199,518,286,52,80,278,183,120,183,66,180,142,158,346,434,813,156,270,76,274,246,37,136,286,192,42,217,100,254,257,174,302,107,194
542,463,197,83,492,105,466,169,193,219,479,619,900,325,254,282,382,919,477,61,278,250,293,206,334,148,354,255,255,647,758,1356,251,500,137,530,464,98,287,527,347,104,382,196,382,474,322,564,191,381
370,250,116,56,302,67,284,86,85,137,280,322,546,218,158,182,227,535,305,31,183,293,77,122,180,65,184,138,156,366,439,833,169,281,73,353,261,51,167,310,214,56,217,97,224,286,196,316,92,189
204,147,77,37,202,46,195,60,63,92,185,224,338,122,98,108,146,349,195,26,120,206,122,32,115,53,119,94,96,266,321,525,109,192,52,233,188,33,105,221,129,41,148,82,156,180,144,228,71,150
342,288,130,53,320,67,326,106,96,152,289,335,620,227,160,190,252,600,339,28,183,334,180,115,98,67,191,132,162,404,480,988,168,299,81,359,287,56,176,361,231,83,234,115,250,317,233,357,132,208
150,110,46,27,139,24,133,34,41,47,106,133,219,91,63,76,120,227,140,13,66,148,65,53,67,17,78,59,66,177,203,344,64,121,25,142,119,24,64,129,89,33,91,40,88,124,69,158,35,78
393,279,142,59,354,82,344,93,121,144,287,370,644,221,179,206,285,647,346,43,180,354,184,119,191,78,105,133,144,480,560,936,179,322,88,381,309,45,160,369,227,63,264,136,252,337,224,389,136,222
288,195,99,56,215,63,232,70,70,105,220,244,410,158,107,124,206,415,250,38,142,255,138,94,132,59,133,55,127,327,337,649,125,226,47,239,203,35,122,262,168,44,197,84,163,217,132,220,97,185
299,192,104,46,263,66,257,76,89,113,227,269,493,160,129,122,193,462,257,31,158,255,156,96,162,66,144,127,58,339,403,757,138,248,53,261,237,30,127,255,169,52,176,86,205,230,160,261,109,169
582,480,261,120,655,168,626,202,211,249,519,682,1071,406,332,376,461,1087,606,84,346,647,366,266,404,177,480,327,339,382,908,1744,327,596,140,658,645,119,322,658,410,141,480,239,525,569,396,633,228,441
692,719,285,110,819,156,712,213,249,327,649,839,1322,526,382,424,543,1355,752,106,434,758,439,321,480,203,560,337,403,908,551,1971,364,698,192,770,676,153,407,800,501,173,587,275,580,652,490,829,279,494
1157,1211,557,202,1405,275,1260,422,460,578,1094,1544,2400,911,769,851,970,2306,1378,169,813,1356,833,525,988,344,936,649,757,1744,1971,1851,698,1313,305,1412,1251,250,695,1405,875,286,1050,501,1126,1149,957,1380,507,921
241,259,103,35,298,48,228,80,81,125,233,296,461,192,149,170,203,457,288,30,156,251,169,109,168,64,179,125,138,327,364,698,76,248,62,297,240,60,145,281,182,52,190,107,228,207,182,270,95,189
492,411,177,79,482,92,441,133,163,216,390,543,835,300,242,279,336,854,467,72,270,500,281,192,299,121,322,226,248,596,698,1313,248,213,118,492,413,83,230,502,291,96,365,176,353,422,303,479,171,338
109,112,40,14,119,24,116,33,39,60,96,112,206,79,71,57,87,191,125,17,76,137,73,52,81,25,88,47,53,140,192,305,62,118,9,109,114,25,60,132,71,28,68,51,96,102,69,125,40,94
487,483,190,90,547,116,546,161,171,220,443,570,973,349,307,295,361,919,501,72,274,530,353,233,359,142,381,239,261,658,770,1412,297,492,109,279,501,87,269,566,350,95,411,199,438,511,341,542,206,364
483,399,171,70,487,101,441,152,139,230,405,526,771,333,273,313,335,855,452,53,246,464,261,188,287,119,309,203,237,645,676,1251,240,413,114,501,205,79,238,475,302,97,380,173,347,406,315,504,154,330
83,74,32,22,74,24,76,23,22,29,76,87,167,51,37,37,56,173,93,10,37,98,51,33,56,24,45,35,30,119,153,250,60,83,25,87,79,5,44,84,37,11,79,35,57,91,61,94,37,56
265,218,101,52,260,55,245,62,76,77,185,272,469,162,150,153,169,456,274,32,136,287,167,105,176,64,160,122,127,322,407,695,145,230,60,269,238,44,59,276,146,37,202,111,237,221,160,271,101,164
468,443,243,73,501,113,490,171,193,214,453,582,929,326,291,323,376,975,538,62,286,527,310,221,361,129,369,262,255,658,800,1405,281,502,132,566,475,84,276,290,356,99,415,212,425,451,336,565,195,359
355,278,130,58,325,73,312,85,105,138,312,369,562,194,196,205,241,591,341,56,192,347,214,129,231,89,227,168,169,410,501,875,182,291,71,350,302,37,146,356,114,65,230,121,262,279,195,341,125,228
98,90,36,17,101,23,98,40,29,46,84,107,188,65,57,64,65,183,103,21,42,104,56,41,83,33,63,44,52,141,173,286,52,96,28,95,97,11,37,99,65,8,90,31,91,101,66,115,49,78
364,332,149,67,383,77,393,132,141,166,332,406,635,259,208,248,276,644,411,50,217,382,217,148,234,91,264,197,176,480,587,1050,190,365,68,411,380,79,202,415,230,90,138,150,284,364,243,399,142,239
175,176,80,27,181,46,200,55,49,81,147,224,348,128,103,102,133,312,158,16,100,196,97,82,115,40,136,84,86,239,275,501,107,176,51,199,173,35,111,212,121,31,150,33,143,161,113,212,58,140
443,356,174,56,428,73,391,118,126,182,371,429,705,283,204,237,312,704,413,42,254,382,224,156,250,88,252,163,205,525,580,1126,228,353,96,438,347,57,237,425,262,91,284,143,152,348,261,470,151,290
405,412,181,59,465,94,423,136,159,199,414,520,795,302,243,271,357,802,505,56,257,474,286,180,317,124,337,217,230,569,652,1149,207,422,102,511,406,91,221,451,279,101,364,161,348,194,296,488,161,313
315,308,112,58,290,74,315,90,96,122,315,359,596,214,153,175,226,580,315,26,174,322,196,144,233,69,224,132,160,396,490,957,182,303,69,341,315,61,160,336,195,66,243,113,261,296,103,357,110,205
482,451,240,78,559,117,524,154,205,208,462,548,922,346,284,289,385,920,551,61,302,564,316,228,357,158,389,220,261,633,829,1380,270,479,125,542,504,94,271,565,341,115,399,212,470,488,357,284,202,355
153,169,68,31,173,38,165,60,52,77,161,195,306,128,104,126,134,304,186,19,107,191,92,71,132,35,136,97,109,228,279,507,95,171,40,206,154,37,101,195,125,49,142,58,151,161,110,202,26,140
383,283,143,52,344,81,344,103,105,132,283,370,594,232,200,212,214,605,361,48,194,381,189,150,208,78,222,185,169,441,494,921,189,338,94,364,330,56,164,359,228,78,239,140,290,313,205,355,140,96
