254,437,200,99,491,124,495,171,156,241,458,519,828,380,291,349,359,811,517,66,354,517,335,218,356,160,365,276,328,618,743,1244,247,461,112,539,510,104,252,459,289,110,372,186,415,448,316,496,158,378
437,184,166,75,456,88,415,107,141,170,369,530,856,285,248,258,317,808,458,45,231,454,263,194,304,105,292,189,211,540,649,1276,248,372,106,444,404,66,213,446,279,94,349,174,386,411,291,442,169,269
200,166,42,30,216,54,198,66,57,95,170,216,338,133,104,108,141,324,203,19,95,226,106,78,111,47,134,118,111,246,309,564,114,200,27,205,190,38,104,202,119,42,149,77,151,184,114,193,71,146
99,75,30,5,79,15,77,30,25,37,75,86,152,61,53,71,59,146,84,9,58,90,58,31,50,23,68,45,46,103,128,222,49,70,18,102,69,13,45,76,58,18,68,36,74,80,57,98,29,61
491,456,216,79,255,127,476,154,153,204,465,616,936,358,275,305,343,914,528,68,277,514,286,201,339,114,345,236,247,668,769,1425,281,484,115,543,496,93,266,533,382,109,377,207,430,502,298,539,194,347
124,88,54,15,127,6,104,33,40,43,83,114,183,83,66,81,70,197,119,19,79,117,76,45,77,28,83,56,73,139,167,281,62,110,17,125,90,18,48,104,81,18,88,30,95,101,80,122,41,75
495,415,198,77,476,104,214,145,157,198,387,547,879,294,268,317,373,855,500,67,293,515,299,183,288,127,325,235,267,613,704,1349,262,479,107,545,420,71,239,515,313,99,392,190,372,444,301,490,168,323
171,107,66,30,154,33,145,24,59,67,129,165,262,108,80,89,124,257,161,19,70,140,82,62,88,39,96,66,72,164,234,438,87,142,29,146,132,30,89,152,96,36,120,55,120,140,92,166,53,106
156,141,57,25,153,40,157,59,26,73,150,182,306,124,84,104,125,333,149,20,97,145,86,55,104,34,124,68,94,183,230,456,96,142,33,178,147,28,87,171,116,22,117,60,131,146,104,166,65,99
241,170,95,37,204,43,198,67,73,56,196,225,365,130,112,117,160,357,211,26,111,196,114,72,138,50,133,106,108,276,286,544,107,216,51,204,194,23,102,218,135,44,166,96,166,189,118,214,68,146
458,369,170,75,465,83,387,129,150,196,184,504,777,245,220,244,311,766,414,67,228,432,245,176,276,109,307,207,222,555,640,1177,214,389,100,463,365,72,228,461,306,91,316,156,345,388,237,416,151,311
519,530,216,86,616,114,547,165,182,225,504,307,998,345,308,312,403,1022,565,69,284,545,338,245,389,141,389,252,301,730,853,1655,300,506,119,607,464,91,282,630,357,107,434,214,440,527,359,565,206,374
828,856,338,152,936,183,879,262,306,365,777,998,843,592,510,520,655,1544,977,106,500,957,559,392,646,221,639,429,443,1135,1365,2548,476,896,207,1018,850,146,489,943,581,194,709,337,753,855,587,933,348,578
380,285,133,61,358,83,294,108,124,130,245,345,592,91,169,202,239,601,330,46,166,326,203,125,219,78,206,147,160,413,469,850,171,293,78,342,304,46,170,329,203,63,269,125,254,291,187,349,124,230
291,248,104,53,275,66,268,80,84,112,220,308,510,169,65,142,193,479,260,39,154,261,149,110,165,65,163,126,156,343,402,744,139,235,51,287,249,57,146,283,174,56,224,94,194,267,161,303,113,172
349,258,108,71,305,81,317,89,104,117,244,312,520,202,142,83,232,524,288,38,151,316,168,131,173,69,176,138,162,370,421,774,162,294,56,304,287,49,175,294,183,59,258,96,230,302,175,319,103,192
359,317,141,59,343,70,373,124,125,160,311,403,655,239,193,232,125,617,348,51,211,350,223,141,217,82,220,163,172,446,557,1038,212,338,94,370,353,66,203,355,264,59,262,165,280,335,236,367,155,222
811,808,324,146,914,197,855,257,333,357,766,1022,1544,601,479,524,617,820,954,110,508,948,562,370,651,233,652,436,441,1137,1346,2530,472,852,206,966,858,172,458,959,591,202,674,335,740,800,562,962,356,577
517,458,203,84,528,119,500,161,149,211,414,565,977,330,260,288,348,954,262,69,302,471,279,207,334,125,328,234,238,651,761,1489,279,484,116,525,517,77,232,516,342,93,428,188,421,474,315,539,199,328
66,45,19,9,68,19,67,19,20,26,67,69,106,46,39,38,51,110,69,2,27,66,34,26,33,14,41,26,23,81,99,194,29,46,14,68,62,5,35,70,42,14,52,28,45,59,38,71,27,44
354,231,95,58,277,79,293,70,97,111,228,284,500,166,154,151,211,508,302,27,71,294,148,102,178,71,183,130,127,336,406,762,160,253,83,291,277,49,116,294,173,59,239,102,211,242,178,313,106,183
517,454,226,90,514,117,515,140,145,196,432,545,957,326,261,316,350,948,471,66,294,260,270,226,348,130,349,233,247,671,777,1451,269,463,111,582,514,80,239,525,348,93,443,197,412,448,318,533,185,337
335,263,106,58,286,76,299,82,86,114,245,338,559,203,149,168,223,562,279,34,148,270,78,107,208,75,205,131,144,398,439,866,158,283,68,357,277,44,138,297,198,59,259,118,226,288,170,346,116,182
218,194,78,31,201,45,183,62,55,72,176,245,392,125,110,131,141,370,207,26,102,226,107,42,162,61,160,89,119,251,328,568,118,180,53,229,177,26,103,219,143,38,149,87,182,184,134,223,88,138
356,304,111,50,339,77,288,88,104,138,276,389,646,219,165,173,217,651,334,33,178,348,208,162,110,90,233,135,190,412,488,970,183,311,63,307,324,61,168,375,217,62,268,124,265,319,209,362,127,238
160,105,47,23,114,28,127,39,34,50,109,141,221,78,65,69,82,233,125,14,71,130,75,61,90,17,81,42,68,170,194,360,72,128,19,135,108,25,63,135,73,25,107,41,114,128,76,136,49,90
365,292,134,68,345,83,325,96,124,133,307,389,639,206,163,176,220,652,328,41,183,349,205,160,233,81,118,146,160,430,523,982,190,316,64,341,304,56,163,367,231,65,269,133,310,355,223,354,125,235
276,189,118,45,236,56,235,66,68,106,207,252,429,147,126,138,163,436,234,26,130,233,131,89,135,42,146,57,127,267,330,682,144,228,50,239,229,38,108,230,143,44,195,87,193,239,147,254,94,159
328,211,111,46,247,73,267,72,94,108,222,301,443,160,156,162,172,441,238,23,127,247,144,119,190,68,160,127,59,275,380,697,130,251,59,256,262,37,115,280,189,44,241,102,217,229,148,321,97,167
618,540,246,103,668,139,613,164,183,276,555,730,1135,413,343,370,446,1137,651,81,336,671,398,251,412,170,430,267,275,418,941,1794,346,585,142,648,593,95,315,692,421,128,475,213,532,631,399,635,214,413
743,649,309,128,769,167,704,234,230,286,640,853,1365,469,402,421,557,1346,761,99,406,777,439,328,488,194,523,330,380,941,558,2100,412,740,160,833,717,131,385,808,508,153,595,269,619,734,452,722,264,509
1244,1276,564,222,1425,281,1349,438,456,544,1177,1655,2548,850,744,774,1038,2530,1489,194,762,1451,866,568,970,360,982,682,697,1794,2100,1978,760,1313,354,1601,1294,251,751,1457,922,329,1035,519,1138,1276,939,1397,537,869
247,248,114,49,281,62,262,87,96,107,214,300,476,171,139,162,212,472,279,29,160,269,158,118,183,72,190,144,130,346,412,760,81,269,69,309,276,52,131,304,181,62,214,108,202,254,195,284,111,164
461,372,200,70,484,110,479,142,142,216,389,506,896,293,235,294,338,852,484,46,253,463,283,180,311,128,316,228,251,585,740,1313,269,199,93,515,459,77,226,518,334,94,353,206,397,466,303,494,174,308
112,106,27,18,115,17,107,29,33,51,100,119,207,78,51,56,94,206,116,14,83,111,68,53,63,19,64,50,59,142,160,354,69,93,12,133,100,25,62,116,81,21,93,39,90,102,75,120,44,78
539,444,205,102,543,125,545,146,178,204,463,607,1018,342,287,304,370,966,525,68,291,582,357,229,307,135,341,239,256,648,833,1601,309,515,133,260,500,104,270,580,369,112,438,212,409,548,343,585,216,341
510,404,190,69,496,90,420,132,147,194,365,464,850,304,249,287,353,858,517,62,277,514,277,177,324,108,304,229,262,593,717,1294,276,459,100,500,210,84,237,505,283,90,394,171,417,458,299,494,151,324
104,66,38,13,93,18,71,30,28,23,72,91,146,46,57,49,66,172,77,5,49,80,44,26,61,25,56,38,37,95,131,251,52,77,25,104,84,6,57,90,43,16,65,31,93,95,60,88,40,52
252,213,104,45,266,48,239,89,87,102,228,282,489,170,146,175,203,458,232,35,116,239,138,103,168,63,163,108,115,315,385,751,131,226,62,270,237,57,60,252,161,32,186,78,185,212,173,264,90,161
459,446,202,76,533,104,515,152,171,218,461,630,943,329,283,294,355,959,516,70,294,525,297,219,375,135,367,230,280,692,808,1457,304,518,116,580,505,90,252,305,382,109,376,210,432,520,341,537,203,354
289,279,119,58,382,81,313,96,116,135,306,357,581,203,174,183,264,591,342,42,173,348,198,143,217,73,231,143,189,421,508,922,181,334,81,369,283,43,161,382,115,60,244,116,275,328,211,326,154,225
110,94,42,18,109,18,99,36,22,44,91,107,194,63,56,59,59,202,93,14,59,93,59,38,62,25,65,44,44,128,153,329,62,94,21,112,90,16,32,109,60,6,94,43,82,94,77,124,35,61
372,349,149,68,377,88,392,120,117,166,316,434,709,269,224,258,262,674,428,52,239,443,259,149,268,107,269,195,241,475,595,1035,214,353,93,438,394,65,186,376,244,94,157,146,311,361,241,408,142,278
186,174,77,36,207,30,190,55,60,96,156,214,337,125,94,96,165,335,188,28,102,197,118,87,124,41,133,87,102,213,269,519,108,206,39,212,171,31,78,210,116,43,146,32,158,205,123,197,81,125
415,386,151,74,430,95,372,120,131,166,345,440,753,254,194,230,280,740,421,45,211,412,226,182,265,114,310,193,217,532,619,1138,202,397,90,409,417,93,185,432,275,82,311,158,155,394,225,442,148,302
448,411,184,80,502,101,444,140,146,189,388,527,855,291,267,302,335,800,474,59,242,448,288,184,319,128,355,239,229,631,734,1276,254,466,102,548,458,95,212,520,328,94,361,205,394,204,299,495,179,310
316,291,114,57,298,80,301,92,104,118,237,359,587,187,161,175,236,562,315,38,178,318,170,134,209,76,223,147,148,399,452,939,195,303,75,343,299,60,173,341,211,77,241,123,225,299,98,338,133,233
496,442,193,98,539,122,490,166,166,214,416,565,933,349,303,319,367,962,539,71,313,533,346,223,362,136,354,254,321,635,722,1397,284,494,120,585,494,88,264,537,326,124,408,197,442,495,338,263,197,368
158,169,71,29,194,41,168,53,65,68,151,206,348,124,113,103,155,356,199,27,106,185,116,88,127,49,125,94,97,214,264,537,111,174,44,216,151,40,90,203,154,35,142,81,148,179,133,197,43,108
378,269,146,61,347,75,323,106,99,146,311,374,578,230,172,192,222,577,328,44,183,337,182,138,238,90,235,159,167,413,509,869,164,308,78,341,324,52,161,354,225,61,278,125,302,310,233,368,108,111
