280,458,192,83,520,102,457,176,164,244,412,500,790,380,296,324,361,798,509,72,326,509,334,204,360,162,384,317,302,608,677,1170,206,458,107,512,484,96,255,455,299,107,388,173,436,442,331,478,170,396
458,174,159,86,431,116,420,130,137,187,391,459,746,281,237,236,358,755,440,51,232,435,278,166,264,108,275,190,196,542,619,1249,209,421,103,469,392,67,208,461,283,92,333,159,329,403,273,416,174,279
192,159,43,31,213,44,196,54,67,98,195,228,353,141,102,99,148,350,198,19,97,190,119,96,130,47,143,97,102,214,314,553,99,179,52,186,208,30,95,230,134,48,148,75,163,162,133,221,86,130
83,86,31,4,94,13,67,28,24,30,70,87,155,54,49,54,50,153,90,22,56,96,55,44,47,21,61,42,53,111,116,231,38,72,19,74,73,22,39,90,47,17,77,31,57,62,54,87,27,65
520,431,213,94,259,106,503,164,190,224,415,590,892,304,304,323,381,914,516,63,246,531,312,203,311,119,345,264,270,648,725,1364,277,510,127,546,495,79,271,583,356,101,415,204,416,474,327,535,177,347
102,116,44,13,106,8,105,32,40,44,97,124,183,76,65,73,77,188,117,27,57,104,70,50,72,29,82,67,61,123,163,286,41,107,34,125,94,27,46,97,71,28,85,47,88,94,70,110,41,80
457,420,196,67,503,105,234,148,157,195,412,512,823,305,278,299,363,821,525,75,275,483,282,211,329,124,321,211,264,611,740,1349,254,465,107,521,476,92,258,519,312,92,362,176,378,443,348,466,183,348
176,130,54,28,164,32,148,18,51,77,143,169,261,90,83,85,103,265,149,13,79,167,79,58,94,41,102,83,98,180,230,421,78,154,32,146,136,20,87,153,108,34,131,48,135,147,97,181,55,122
164,137,67,24,190,40,157,51,37,84,146,158,296,98,87,106,121,298,172,23,94,188,95,58,95,39,101,96,80,208,231,434,75,171,46,187,155,30,102,193,109,40,125,59,124,171,103,169,69,131
244,187,98,30,224,44,195,77,84,45,197,226,345,142,126,114,155,344,205,31,121,199,147,95,142,64,151,113,109,239,314,577,130,182,50,199,187,38,119,230,143,32,143,90,182,191,139,217,72,152
412,391,195,70,415,97,412,143,146,197,219,475,754,279,224,235,311,720,462,69,268,438,280,176,284,110,288,219,232,486,644,1141,242,448,97,419,405,81,239,476,269,72,315,169,333,380,271,423,139,284
500,459,228,87,590,124,512,169,158,226,475,324,1026,349,304,328,389,999,544,75,325,556,343,208,337,132,348,242,270,717,880,1541,296,538,120,567,500,102,264,576,363,111,417,195,428,550,383,556,213,372
790,746,353,155,892,183,823,261,296,345,754,1026,843,620,482,526,654,1488,973,101,466,908,573,422,614,214,623,385,432,1176,1363,2444,493,835,206,951,796,161,469,950,600,177,690,338,722,836,572,908,320,602
380,281,141,54,304,76,305,90,98,142,279,349,620,106,178,182,231,574,329,33,167,341,193,142,234,83,233,161,172,410,493,922,179,287,68,323,309,54,150,386,212,60,242,131,264,289,202,348,113,229
296,237,102,49,304,65,278,83,87,126,224,304,482,178,84,157,166,445,269,35,149,279,170,127,177,67,186,125,170,330,364,752,136,256,53,261,267,44,144,265,158,48,195,90,213,238,142,300,98,185
324,236,99,54,323,73,299,85,106,114,235,328,526,182,157,87,202,495,296,41,144,306,167,123,169,71,201,130,163,378,424,804,153,282,64,303,262,46,148,295,187,64,232,103,230,243,166,310,103,195
361,358,148,50,381,77,363,103,121,155,311,389,654,231,166,202,140,678,394,40,178,390,215,144,235,77,253,181,185,434,545,1032,194,359,86,417,361,67,200,404,259,78,254,130,272,373,214,342,136,221
798,755,350,153,914,188,821,265,298,344,720,999,1488,574,445,495,678,806,921,107,518,903,571,375,608,229,606,405,442,1214,1400,2456,480,831,187,936,830,142,423,1012,598,170,681,358,689,783,566,950,328,620
509,440,198,90,516,117,525,149,172,205,462,544,973,329,269,296,394,921,242,55,294,470,291,197,329,133,362,237,262,639,745,1379,303,475,111,536,472,83,269,552,315,92,390,204,435,484,293,544,181,327
72,51,19,22,63,27,75,13,23,31,69,75,101,33,35,41,40,107,55,4,32,52,33,27,37,10,31,37,26,74,63,177,40,75,20,62,61,12,23,55,35,12,56,27,44,59,32,89,34,43
326,232,97,56,246,57,275,79,94,121,268,325,466,167,149,144,178,518,294,32,61,292,163,112,190,72,182,126,135,335,410,784,154,248,53,277,271,52,132,308,183,54,220,85,230,244,170,300,104,184
509,435,190,96,531,104,483,167,188,199,438,556,908,341,279,306,390,903,470,52,292,265,302,190,347,129,359,250,284,648,750,1413,305,493,108,533,494,82,271,540,310,101,373,198,410,501,323,551,200,345
334,278,119,55,312,70,282,79,95,147,280,343,573,193,170,167,215,571,291,33,163,302,87,136,190,71,195,129,149,372,420,843,156,298,68,319,322,54,153,308,189,57,229,93,229,277,179,302,113,210
204,166,96,44,203,50,211,58,58,95,176,208,422,142,127,123,144,375,197,27,112,190,136,43,152,51,137,85,117,271,329,606,115,203,40,193,189,33,95,225,134,42,128,79,167,176,147,199,89,141
360,264,130,47,311,72,329,94,95,142,284,337,614,234,177,169,235,608,329,37,190,347,190,152,99,85,201,172,162,373,487,984,195,332,72,345,354,53,172,337,211,79,247,125,236,292,216,334,129,218
162,108,47,21,119,29,124,41,39,64,110,132,214,83,67,71,77,229,133,10,72,129,71,51,85,12,75,65,61,146,184,335,60,114,25,135,108,25,64,138,100,20,82,42,109,114,84,144,49,106
384,275,143,61,345,82,321,102,101,151,288,348,623,233,186,201,253,606,362,31,182,359,195,137,201,75,105,157,176,414,519,962,184,317,67,370,306,56,158,363,257,58,251,119,279,308,202,344,128,243
317,190,97,42,264,67,211,83,96,113,219,242,385,161,125,130,181,405,237,37,126,250,129,85,172,65,157,56,119,288,353,652,146,256,50,267,223,35,111,260,176,47,197,85,184,232,143,247,92,187
302,196,102,53,270,61,264,98,80,109,232,270,432,172,170,163,185,442,262,26,135,284,149,117,162,61,176,119,56,297,391,740,134,256,53,250,294,40,148,250,169,53,189,94,189,234,158,280,103,184
608,542,214,111,648,123,611,180,208,239,486,717,1176,410,330,378,434,1214,639,74,335,648,372,271,373,146,414,288,297,387,1010,1833,365,596,145,668,566,109,293,688,427,128,481,261,539,580,419,661,245,408
677,619,314,116,725,163,740,230,231,314,644,880,1363,493,364,424,545,1400,745,63,410,750,420,329,487,184,519,353,391,1010,544,2047,389,705,171,793,732,118,422,773,485,124,563,297,585,710,483,769,256,520
1170,1249,553,231,1364,286,1349,421,434,577,1141,1541,2444,922,752,804,1032,2456,1379,177,784,1413,843,606,984,335,962,652,740,1833,2047,1903,694,1295,311,1479,1260,243,698,1480,889,296,1052,515,1071,1217,917,1461,492,971
206,209,99,38,277,41,254,78,75,130,242,296,493,179,136,153,194,480,303,40,154,305,156,115,195,60,184,146,134,365,389,694,73,238,66,278,273,45,131,277,183,57,219,89,195,256,168,276,99,189
458,421,179,72,510,107,465,154,171,182,448,538,835,287,256,282,359,831,475,75,248,493,298,203,332,114,317,256,256,596,705,1295,238,222,101,465,448,76,249,546,323,96,401,188,398,440,286,484,193,328
107,103,52,19,127,34,107,32,46,50,97,120,206,68,53,64,86,187,111,20,53,108,68,40,72,25,67,50,53,145,171,311,66,101,13,107,112,20,59,132,63,11,87,41,87,102,67,116,42,72
512,469,186,74,546,125,521,146,187,199,419,567,951,323,261,303,417,936,536,62,277,533,319,193,345,135,370,267,250,668,793,1479,278,465,107,271,485,100,269,616,335,99,435,207,417,479,323,576,205,312
484,392,208,73,495,94,476,136,155,187,405,500,796,309,267,262,361,830,472,61,271,494,322,189,354,108,306,223,294,566,732,1260,273,448,112,485,203,81,244,509,323,99,330,176,398,410,338,502,171,356
96,67,30,22,79,27,92,20,30,38,81,102,161,54,44,46,67,142,83,12,52,82,54,33,53,25,56,35,40,109,118,243,45,76,20,100,81,6,41,98,50,17,77,35,56,81,55,93,28,60
255,208,95,39,271,46,258,87,102,119,239,264,469,150,144,148,200,423,269,23,132,271,153,95,172,64,158,111,148,293,422,698,131,249,59,269,244,41,75,278,193,57,215,89,190,230,163,266,103,194
455,461,230,90,583,97,519,153,193,230,476,576,950,386,265,295,404,1012,552,55,308,540,308,225,337,138,363,260,250,688,773,1480,277,546,132,616,509,98,278,269,321,115,369,204,453,514,324,557,201,356
299,283,134,47,356,71,312,108,109,143,269,363,600,212,158,187,259,598,315,35,183,310,189,134,211,100,257,176,169,427,485,889,183,323,63,335,323,50,193,321,125,66,246,124,291,322,204,359,130,238
107,92,48,17,101,28,92,34,40,32,72,111,177,60,48,64,78,170,92,12,54,101,57,42,79,20,58,47,53,128,124,296,57,96,11,99,99,17,57,115,66,10,86,23,89,92,63,104,32,57
388,333,148,77,415,85,362,131,125,143,315,417,690,242,195,232,254,681,390,56,220,373,229,128,247,82,251,197,189,481,563,1052,219,401,87,435,330,77,215,369,246,86,146,139,282,342,247,383,136,272
173,159,75,31,204,47,176,48,59,90,169,195,338,131,90,103,130,358,204,27,85,198,93,79,125,42,119,85,94,261,297,515,89,188,41,207,176,35,89,204,124,23,139,40,160,175,122,209,69,128
436,329,163,57,416,88,378,135,124,182,333,428,722,264,213,230,272,689,435,44,230,410,229,167,236,109,279,184,189,539,585,1071,195,398,87,417,398,56,190,453,291,89,282,160,145,336,250,430,138,282
442,403,162,62,474,94,443,147,171,191,380,550,836,289,238,243,373,783,484,59,244,501,277,176,292,114,308,232,234,580,710,1217,256,440,102,479,410,81,230,514,322,92,342,175,336,206,285,472,154,292
331,273,133,54,327,70,348,97,103,139,271,383,572,202,142,166,214,566,293,32,170,323,179,147,216,84,202,143,158,419,483,917,168,286,67,323,338,55,163,324,204,63,247,122,250,285,85,357,109,222
478,416,221,87,535,110,466,181,169,217,423,556,908,348,300,310,342,950,544,89,300,551,302,199,334,144,344,247,280,661,769,1461,276,484,116,576,502,93,266,557,359,104,383,209,430,472,357,237,193,347
170,174,86,27,177,41,183,55,69,72,139,213,320,113,98,103,136,328,181,34,104,200,113,89,129,49,128,92,103,245,256,492,99,193,42,205,171,28,103,201,130,32,136,69,138,154,109,193,39,133
396,279,130,65,347,80,348,122,131,152,284,372,602,229,185,195,221,620,327,43,184,345,210,141,218,106,243,187,184,408,520,971,189,328,72,312,356,60,194,356,238,57,272,128,282,292,222,347,133,103
