265,435,192,93,486,105,461,162,162,244,466,509,817,393,291,306,365,815,481,84,325,502,350,203,342,157,412,279,303,602,665,1194,239,482,110,497,486,80,248,477,303,110,402,165,427,391,313,495,189,376
435,185,185,94,460,118,430,114,133,177,375,512,787,290,225,232,324,767,433,54,233,419,259,161,284,126,293,201,189,570,613,1263,263,431,124,426,435,65,211,461,281,81,343,150,355,379,291,449,175,294
192,185,38,45,184,58,195,72,55,89,165,196,382,131,117,111,137,353,207,19,117,201,108,77,127,47,120,87,93,253,312,591,121,196,53,222,188,38,100,214,146,44,161,57,150,176,135,205,80,128
93,94,45,10,93,20,80,32,29,40,76,82,135,53,41,49,56,142,80,8,51,81,45,37,60,23,56,42,44,123,128,219,37,82,15,88,96,17,39,88,52,11,62,28,73,85,47,74,25,70
486,460,184,93,228,128,547,157,158,224,459,536,900,319,284,287,355,887,514,56,289,540,323,212,386,136,371,251,262,604,772,1416,283,490,128,534,468,70,280,551,318,105,355,212,446,473,302,534,187,384
105,118,58,20,128,13,128,39,40,48,98,123,178,78,67,69,82,187,124,15,75,104,75,46,76,30,78,51,57,151,159,280,50,111,27,126,105,20,54,117,75,19,63,45,92,105,61,131,33,85
461,430,195,80,547,128,221,144,174,192,415,505,829,320,270,269,366,860,493,55,283,483,273,184,322,129,298,245,233,635,724,1319,268,455,99,488,393,78,249,521,307,92,332,156,376,415,325,493,158,321
162,114,72,32,157,39,144,21,47,63,135,155,279,99,70,81,122,256,171,19,82,156,81,53,91,33,102,75,65,188,247,436,93,168,31,145,145,23,68,160,97,25,119,44,123,149,81,162,42,114
162,133,55,29,158,40,174,47,29,70,135,166,301,112,82,97,128,302,180,16,82,174,111,75,125,57,136,76,69,196,243,454,86,172,40,166,160,32,79,176,92,33,108,65,147,161,125,175,56,127
244,177,89,40,224,48,192,63,70,47,181,229,395,127,112,137,146,366,205,25,126,202,133,88,143,55,140,106,109,274,296,566,111,215,43,205,208,47,103,214,153,47,170,68,147,181,121,198,78,158
466,375,165,76,459,98,415,135,135,181,187,464,787,261,235,266,307,742,392,61,256,419,264,190,298,114,289,208,216,549,619,1101,233,409,100,437,396,77,226,438,314,73,303,151,340,357,267,454,144,283
509,512,196,82,536,123,505,155,166,229,464,305,998,367,308,306,362,1019,539,72,312,561,309,242,354,127,362,249,265,727,833,1591,295,502,119,572,522,93,256,594,322,95,438,207,442,482,343,588,201,384
817,787,382,135,900,178,829,279,301,395,787,998,809,594,470,518,607,1418,874,124,506,874,552,340,598,218,598,403,470,1138,1400,2377,494,838,185,953,807,137,429,958,587,204,645,349,708,813,591,921,308,614
393,290,131,53,319,78,320,99,112,127,261,367,594,113,174,175,225,576,321,30,169,330,210,116,221,91,200,138,161,367,504,967,217,306,66,327,272,48,171,330,248,80,219,128,263,296,217,329,134,198
291,225,117,41,284,67,270,70,82,112,235,308,470,174,68,138,184,448,266,40,153,271,141,91,158,54,189,122,111,318,366,738,141,280,51,270,253,41,124,276,193,44,221,99,199,263,167,285,101,179
306,232,111,49,287,69,269,81,97,137,266,306,518,175,138,78,191,514,298,38,161,326,171,111,184,59,202,136,137,342,437,815,153,298,71,285,287,50,139,303,176,58,219,89,219,295,181,311,120,184
365,324,137,56,355,82,366,122,128,146,307,362,607,225,184,191,136,610,354,50,200,387,200,151,252,111,277,168,201,408,540,985,188,356,88,356,323,55,190,379,245,82,293,135,299,349,214,400,137,225
815,767,353,142,887,187,860,256,302,366,742,1019,1418,576,448,514,610,767,889,116,510,880,521,349,558,232,608,444,462,1128,1362,2375,442,844,211,977,835,151,445,930,585,198,647,340,714,811,570,913,335,627
481,433,207,80,514,124,493,171,180,205,392,539,874,321,266,298,354,889,243,71,271,434,289,201,351,134,347,273,250,655,782,1364,278,452,113,552,449,67,280,561,342,106,388,224,393,454,315,557,203,317
84,54,19,8,56,15,55,19,16,25,61,72,124,30,40,38,50,116,71,2,36,62,34,23,44,15,38,18,20,86,102,199,44,51,7,69,49,5,32,64,38,17,39,27,45,59,37,60,22,39
325,233,117,51,289,75,283,82,82,126,256,312,506,169,153,161,200,510,271,36,72,284,151,112,193,72,217,133,136,339,432,792,167,272,58,284,269,33,146,336,209,58,236,104,220,260,171,287,115,216
502,419,201,81,540,104,483,156,174,202,419,561,874,330,271,326,387,880,434,62,284,232,287,204,339,138,368,256,232,643,776,1398,281,435,121,569,429,72,266,539,317,102,387,213,403,473,297,549,184,357
350,259,108,45,323,75,273,81,111,133,264,309,552,210,141,171,200,521,289,34,151,287,80,122,161,71,184,150,159,401,440,894,172,262,66,300,263,48,148,307,200,50,210,110,238,286,162,296,95,200
203,161,77,37,212,46,184,53,75,88,190,242,340,116,91,111,151,349,201,23,112,204,122,41,118,53,120,94,133,259,299,588,97,194,41,190,175,39,103,198,153,45,148,60,164,202,118,206,68,136
342,284,127,60,386,76,322,91,125,143,298,354,598,221,158,184,252,558,351,44,193,339,161,118,100,84,217,148,154,455,514,914,184,319,82,316,297,42,177,345,224,54,267,118,257,328,209,364,109,232
157,126,47,23,136,30,129,33,57,55,114,127,218,91,54,59,111,232,134,15,72,138,71,53,84,13,73,58,83,160,195,355,60,123,23,132,120,25,62,142,88,32,101,44,93,129,87,130,43,88
412,293,120,56,371,78,298,102,136,140,289,362,598,200,189,202,277,608,347,38,217,368,184,120,217,73,105,142,184,416,496,924,171,307,65,349,316,60,167,386,236,82,268,125,249,315,222,345,114,234
279,201,87,42,251,51,245,75,76,106,208,249,403,138,122,136,168,444,273,18,133,256,150,94,148,58,142,50,111,294,368,698,129,213,56,242,245,26,121,279,149,51,183,89,179,193,139,239,79,162
303,189,93,44,262,57,233,65,69,109,216,265,470,161,111,137,201,462,250,20,136,232,159,133,154,83,184,111,73,281,369,688,135,251,59,273,236,24,122,266,150,49,205,105,221,239,154,272,78,195
602,570,253,123,604,151,635,188,196,274,549,727,1138,367,318,342,408,1128,655,86,339,643,401,259,455,160,416,294,281,385,969,1832,353,583,152,611,583,112,314,705,413,139,494,244,499,587,411,675,240,436
665,613,312,128,772,159,724,247,243,296,619,833,1400,504,366,437,540,1362,782,102,432,776,440,299,514,195,496,368,369,969,539,2032,366,734,167,801,727,126,355,780,491,170,575,295,605,694,450,714,284,492
1194,1263,591,219,1416,280,1319,436,454,566,1101,1591,2377,967,738,815,985,2375,1364,199,792,1398,894,588,914,355,924,698,688,1832,2032,1912,720,1292,325,1510,1269,250,734,1428,902,289,1122,518,1105,1257,911,1346,523,930
239,263,121,37,283,50,268,93,86,111,233,295,494,217,141,153,188,442,278,44,167,281,172,97,184,60,171,129,135,353,366,720,71,288,66,293,256,46,143,272,172,65,226,129,229,217,202,263,105,187
482,431,196,82,490,111,455,168,172,215,409,502,838,306,280,298,356,844,452,51,272,435,262,194,319,123,307,213,251,583,734,1292,288,248,96,529,450,94,242,511,300,78,326,180,359,461,292,482,174,351
110,124,53,15,128,27,99,31,40,43,100,119,185,66,51,71,88,211,113,7,58,121,66,41,82,23,65,56,59,152,167,325,66,96,19,143,92,25,61,109,82,21,83,31,74,95,49,106,44,71
497,426,222,88,534,126,488,145,166,205,437,572,953,327,270,285,356,977,552,69,284,569,300,190,316,132,349,242,273,611,801,1510,293,529,143,287,493,98,244,553,348,110,433,169,411,501,320,570,196,350
486,435,188,96,468,105,393,145,160,208,396,522,807,272,253,287,323,835,449,49,269,429,263,175,297,120,316,245,236,583,727,1269,256,450,92,493,219,78,238,483,313,97,336,177,361,403,308,529,161,336
80,65,38,17,70,20,78,23,32,47,77,93,137,48,41,50,55,151,67,5,33,72,48,39,42,25,60,26,24,112,126,250,46,94,25,98,78,8,36,100,42,15,65,40,55,67,52,75,39,68
248,211,100,39,280,54,249,68,79,103,226,256,429,171,124,139,190,445,280,32,146,266,148,103,177,62,167,121,122,314,355,734,143,242,61,244,238,36,63,251,169,55,183,85,207,243,171,272,94,177
477,461,214,88,551,117,521,160,176,214,438,594,958,330,276,303,379,930,561,64,336,539,307,198,345,142,386,279,266,705,780,1428,272,511,109,553,483,100,251,278,340,118,447,194,436,467,329,552,192,357
303,281,146,52,318,75,307,97,92,153,314,322,587,248,193,176,245,585,342,38,209,317,200,153,224,88,236,149,150,413,491,902,172,300,82,348,313,42,169,340,102,79,241,119,273,297,213,341,118,230
110,81,44,11,105,19,92,25,33,47,73,95,204,80,44,58,82,198,106,17,58,102,50,45,54,32,82,51,49,139,170,289,65,78,21,110,97,15,55,118,79,12,80,41,78,86,58,117,43,67
402,343,161,62,355,63,332,119,108,170,303,438,645,219,221,219,293,647,388,39,236,387,210,148,267,101,268,183,205,494,575,1122,226,326,83,433,336,65,183,447,241,80,138,143,325,375,240,378,126,279
165,150,57,28,212,45,156,44,65,68,151,207,349,128,99,89,135,340,224,27,104,213,110,60,118,44,125,89,105,244,295,518,129,180,31,169,177,40,85,194,119,41,143,32,153,176,116,180,70,119
427,355,150,73,446,92,376,123,147,147,340,442,708,263,199,219,299,714,393,45,220,403,238,164,257,93,249,179,221,499,605,1105,229,359,74,411,361,55,207,436,273,78,325,153,174,348,248,427,144,291
391,379,176,85,473,105,415,149,161,181,357,482,813,296,263,295,349,811,454,59,260,473,286,202,328,129,315,193,239,587,694,1257,217,461,95,501,403,67,243,467,297,86,375,176,348,202,277,448,158,315
313,291,135,47,302,61,325,81,125,121,267,343,591,217,167,181,214,570,315,37,171,297,162,118,209,87,222,139,154,411,450,911,202,292,49,320,308,52,171,329,213,58,240,116,248,277,105,326,127,219
495,449,205,74,534,131,493,162,175,198,454,588,921,329,285,311,400,913,557,60,287,549,296,206,364,130,345,239,272,675,714,1346,263,482,106,570,529,75,272,552,341,117,378,180,427,448,326,245,182,349
189,175,80,25,187,33,158,42,56,78,144,201,308,134,101,120,137,335,203,22,115,184,95,68,109,43,114,79,78,240,284,523,105,174,44,196,161,39,94,192,118,43,126,70,144,158,127,182,34,120
376,294,128,70,384,85,321,114,127,158,283,384,614,198,179,184,225,627,317,39,216,357,200,136,232,88,234,162,195,436,492,930,187,351,71,350,336,68,177,357,230,67,279,119,291,315,219,349,120,112
