288,479,233,90,550,121,485,172,170,246,476,505,829,363,345,351,382,831,532,65,356,552,337,220,391,158,391,290,298,635,743,1216,263,498,109,538,488,82,244,513,320,108,341,159,471,404,336,491,168,391
479,197,192,73,443,97,484,142,122,175,388,494,797,253,246,245,290,802,418,49,255,434,276,165,290,96,280,190,245,559,663,1275,223,414,96,425,371,66,226,481,294,85,336,162,357,369,276,489,174,310
233,192,27,37,211,45,205,58,80,83,193,223,352,129,110,123,140,364,200,24,98,215,125,89,126,44,123,76,81,231,295,556,126,202,42,215,197,32,100,231,147,31,182,86,161,179,142,209,94,144
90,73,37,5,88,12,73,25,29,39,80,93,144,61,56,58,53,157,76,14,58,80,57,28,73,25,58,45,51,118,118,229,35,85,13,85,73,17,34,78,58,16,56,32,72,87,69,78,30,62
550,443,211,88,237,126,464,143,165,235,452,533,937,344,249,299,366,928,520,61,276,547,278,213,337,140,361,249,254,644,762,1508,297,474,138,598,500,72,255,531,315,109,389,193,396,480,342,559,173,341
121,97,45,12,126,7,98,34,40,60,104,134,181,88,74,80,82,200,105,18,70,108,72,44,77,37,77,46,63,152,158,314,56,109,26,119,108,17,57,113,73,25,87,42,106,99,93,110,44,90
485,484,205,73,464,98,248,135,146,207,390,584,891,329,273,280,333,901,496,61,280,499,279,159,333,112,311,222,245,625,731,1393,271,456,126,494,423,87,250,500,323,101,353,189,379,441,326,499,196,334
172,142,58,25,143,34,135,31,54,57,123,164,252,113,87,79,130,260,155,17,91,161,88,65,107,40,89,73,66,191,227,412,83,154,30,161,128,23,65,169,84,29,115,64,122,129,98,161,43,106
170,122,80,29,165,40,146,54,31,86,142,169,288,108,89,83,103,309,152,17,114,161,105,67,121,44,111,78,72,206,249,450,85,146,38,166,159,23,73,159,103,32,127,66,141,165,123,185,59,109
246,175,83,39,235,60,207,57,86,47,182,239,358,139,129,114,154,358,188,22,139,215,117,79,142,44,133,129,94,249,330,499,117,229,37,227,201,37,84,220,142,41,153,75,186,182,128,212,71,140
476,388,193,80,452,104,390,123,142,182,197,456,756,291,247,244,300,767,424,45,271,416,280,170,265,112,281,227,217,531,668,1180,252,395,84,454,380,69,189,446,284,80,349,150,339,358,260,423,138,309
505,494,223,93,533,134,584,164,169,239,456,355,1034,391,282,345,408,1000,559,73,293,557,335,245,406,148,371,252,277,705,862,1628,341,548,123,605,537,113,297,598,390,114,441,193,479,530,340,616,196,384
829,797,352,144,937,181,891,252,288,358,756,1034,795,579,443,503,623,1498,926,106,497,900,554,334,589,222,582,412,439,1171,1403,2467,478,844,205,985,859,163,440,1049,638,204,706,344,716,834,586,919,314,585
363,253,129,61,344,88,329,113,108,139,291,391,579,114,179,201,240,585,316,39,203,322,171,131,217,85,214,150,148,388,467,925,182,316,67,361,315,47,172,328,204,72,252,132,237,298,209,350,115,226
345,246,110,56,249,74,273,87,89,129,247,282,443,179,73,146,201,468,267,31,156,282,158,113,161,69,167,103,131,288,392,742,123,258,63,306,244,45,138,281,159,55,221,118,199,239,166,284,86,183
351,245,123,58,299,80,280,79,83,114,244,345,503,201,146,70,214,525,296,32,163,313,164,119,172,64,159,125,171,304,448,833,158,286,77,289,259,50,142,320,181,62,207,115,228,271,185,312,114,191
382,290,140,53,366,82,333,130,103,154,300,408,623,240,201,214,128,624,341,51,224,352,207,135,242,84,231,167,174,473,552,1018,192,324,72,380,337,79,176,371,234,55,259,135,304,336,228,409,132,287
831,802,364,157,928,200,901,260,309,358,767,1000,1498,585,468,525,624,826,886,103,496,947,535,340,612,213,621,402,450,1134,1417,2535,504,859,193,983,848,155,452,1006,608,165,657,337,712,851,596,880,324,608
532,418,200,76,520,105,496,155,152,188,424,559,926,316,267,296,341,886,268,53,296,487,291,205,347,136,332,255,249,656,758,1429,276,460,117,543,480,82,220,561,336,85,384,186,405,450,315,494,194,343
65,49,24,14,61,18,61,17,17,22,45,73,106,39,31,32,51,103,53,4,34,58,34,22,39,20,44,35,40,86,89,189,33,76,13,68,52,8,24,61,27,17,56,28,48,63,25,76,18,37
356,255,98,58,276,70,280,91,114,139,271,293,497,203,156,163,224,496,296,34,76,297,164,103,194,71,193,120,143,334,412,760,154,249,60,299,279,31,131,284,187,47,198,100,223,204,161,291,103,182
552,434,215,80,547,108,499,161,161,215,416,557,900,322,282,313,352,947,487,58,297,271,278,199,333,145,338,247,263,644,757,1422,270,497,120,567,473,84,240,530,339,91,397,213,400,470,333,525,188,348
337,276,125,57,278,72,279,88,105,117,280,335,554,171,158,164,207,535,291,34,164,278,90,107,200,58,193,142,144,361,449,856,152,256,58,322,271,50,145,350,186,71,234,132,235,277,178,323,119,193
220,165,89,28,213,44,159,65,67,79,170,245,334,131,113,119,135,340,205,22,103,199,107,40,131,48,123,110,87,263,294,585,115,193,47,202,177,31,106,211,141,32,161,80,146,148,122,209,83,149
391,290,126,73,337,77,333,107,121,142,265,406,589,217,161,172,242,612,347,39,194,333,200,131,96,89,229,146,154,428,486,937,168,308,86,306,306,54,139,380,239,58,277,131,234,294,187,349,135,235
158,96,44,25,140,37,112,40,44,44,112,148,222,85,69,64,84,213,136,20,71,145,58,48,89,12,71,52,74,153,201,355,65,121,19,113,108,24,62,130,84,24,103,47,107,129,85,128,52,100
391,280,123,58,361,77,311,89,111,133,281,371,582,214,167,159,231,621,332,44,193,338,193,123,229,71,115,146,191,424,516,986,189,308,60,333,290,54,158,389,226,73,303,124,266,306,197,392,118,225
290,190,76,45,249,46,222,73,78,129,227,252,412,150,103,125,167,402,255,35,120,247,142,110,146,52,146,51,107,283,343,676,140,221,57,253,224,29,116,253,128,46,203,88,173,214,131,258,95,172
298,245,81,51,254,63,245,66,72,94,217,277,439,148,131,171,174,450,249,40,143,263,144,87,154,74,191,107,63,298,374,721,137,251,57,241,231,45,116,274,162,50,229,99,198,250,151,279,87,163
635,559,231,118,644,152,625,191,206,249,531,705,1171,388,288,304,473,1134,656,86,334,644,361,263,428,153,424,283,298,399,975,1871,380,537,147,666,577,113,324,717,448,134,460,214,474,612,408,600,223,396
743,663,295,118,762,158,731,227,249,330,668,862,1403,467,392,448,552,1417,758,89,412,757,449,294,486,201,516,343,374,975,563,2072,443,677,183,870,717,108,381,815,519,158,549,292,565,705,477,775,279,542
1216,1275,556,229,1508,314,1393,412,450,499,1180,1628,2467,925,742,833,1018,2535,1429,189,760,1422,856,585,937,355,986,676,721,1871,2072,1866,761,1343,308,1627,1354,248,712,1520,963,292,1047,579,1120,1337,900,1435,510,894
263,223,126,35,297,56,271,83,85,117,252,341,478,182,123,158,192,504,276,33,154,270,152,115,168,65,189,140,137,380,443,761,78,272,65,341,281,56,117,324,187,69,219,129,213,292,169,303,89,179
498,414,202,85,474,109,456,154,146,229,395,548,844,316,258,286,324,859,460,76,249,497,256,193,308,121,308,221,251,537,677,1343,272,231,100,517,477,81,239,513,295,103,380,192,384,426,302,489,171,334
109,96,42,13,138,26,126,30,38,37,84,123,205,67,63,77,72,193,117,13,60,120,58,47,86,19,60,57,57,147,183,308,65,100,9,123,103,28,52,127,70,27,89,46,95,123,80,133,39,75
538,425,215,85,598,119,494,161,166,227,454,605,985,361,306,289,380,983,543,68,299,567,322,202,306,113,333,253,241,666,870,1627,341,517,123,259,485,87,269,616,367,104,407,186,439,495,321,533,211,371
488,371,197,73,500,108,423,128,159,201,380,537,859,315,244,259,337,848,480,52,279,473,271,177,306,108,290,224,231,577,717,1354,281,477,103,485,222,79,239,500,322,109,363,172,363,447,302,491,165,326
82,66,32,17,72,17,87,23,23,37,69,113,163,47,45,50,79,155,82,8,31,84,50,31,54,24,54,29,45,113,108,248,56,81,28,87,79,3,52,72,43,19,66,29,67,77,55,99,40,52
244,226,100,34,255,57,250,65,73,84,189,297,440,172,138,142,176,452,220,24,131,240,145,106,139,62,158,116,116,324,381,712,117,239,52,269,239,52,61,280,156,53,194,78,194,228,133,260,75,169
513,481,231,78,531,113,500,169,159,220,446,598,1049,328,281,320,371,1006,561,61,284,530,350,211,380,130,389,253,274,717,815,1520,324,513,127,616,500,72,280,295,351,115,408,209,417,537,373,572,210,368
320,294,147,58,315,73,323,84,103,142,284,390,638,204,159,181,234,608,336,27,187,339,186,141,239,84,226,128,162,448,519,963,187,295,70,367,322,43,156,351,104,67,239,128,272,304,252,363,111,236
108,85,31,16,109,25,101,29,32,41,80,114,204,72,55,62,55,165,85,17,47,91,71,32,58,24,73,46,50,134,158,292,69,103,27,104,109,19,53,115,67,5,81,32,92,118,67,122,39,67
341,336,182,56,389,87,353,115,127,153,349,441,706,252,221,207,259,657,384,56,198,397,234,161,277,103,303,203,229,460,549,1047,219,380,89,407,363,66,194,408,239,81,140,129,327,345,232,395,147,234
159,162,86,32,193,42,189,64,66,75,150,193,344,132,118,115,135,337,186,28,100,213,132,80,131,47,124,88,99,214,292,579,129,192,46,186,172,29,78,209,128,32,129,42,145,198,125,204,73,117
471,357,161,72,396,106,379,122,141,186,339,479,716,237,199,228,304,712,405,48,223,400,235,146,234,107,266,173,198,474,565,1120,213,384,95,439,363,67,194,417,272,92,327,145,134,381,260,440,162,300
404,369,179,87,480,99,441,129,165,182,358,530,834,298,239,271,336,851,450,63,204,470,277,148,294,129,306,214,250,612,705,1337,292,426,123,495,447,77,228,537,304,118,345,198,381,187,309,484,159,302
336,276,142,69,342,93,326,98,123,128,260,340,586,209,166,185,228,596,315,25,161,333,178,122,187,85,197,131,151,408,477,900,169,302,80,321,302,55,133,373,252,67,232,125,260,309,98,308,123,240
491,489,209,78,559,110,499,161,185,212,423,616,919,350,284,312,409,880,494,76,291,525,323,209,349,128,392,258,279,600,775,1435,303,489,133,533,491,99,260,572,363,122,395,204,440,484,308,266,183,351
168,174,94,30,173,44,196,43,59,71,138,196,314,115,86,114,132,324,194,18,103,188,119,83,135,52,118,95,87,223,279,510,89,171,39,211,165,40,75,210,111,39,147,73,162,159,123,183,32,117
391,310,144,62,341,90,334,106,109,140,309,384,585,226,183,191,287,608,343,37,182,348,193,149,235,100,225,172,163,396,542,894,179,334,75,371,326,52,169,368,236,67,234,117,300,302,240,351,117,126
