262,438,201,100,504,122,462,198,170,228,420,511,785,356,301,337,368,785,531,82,311,517,359,198,342,148,327,295,288,585,692,1164,248,523,98,487,505,77,277,457,341,85,373,172,428,429,291,515,170,370
438,173,145,83,432,99,439,115,129,203,371,472,742,295,210,232,299,799,429,45,216,457,248,172,258,124,289,176,216,533,646,1250,239,396,110,422,413,73,211,461,307,74,312,164,337,382,261,454,187,273
201,145,32,39,196,56,197,60,63,74,168,223,360,140,94,91,148,356,189,26,104,205,125,77,126,61,145,75,99,243,311,551,112,172,44,201,165,32,105,208,121,41,150,60,171,175,129,235,75,129
100,83,39,7,90,22,89,30,29,32,65,100,136,63,49,52,72,145,84,10,54,83,52,34,60,19,58,57,54,98,129,218,41,71,20,96,84,8,56,115,60,17,58,37,65,68,53,81,23,61
504,432,196,90,261,124,496,152,157,201,394,552,950,324,255,283,383,948,526,62,254,547,297,204,328,138,371,247,214,645,766,1378,273,482,107,545,485,104,254,560,360,111,395,166,412,486,308,550,173,337
122,99,56,22,124,12,112,42,40,47,86,119,194,80,69,68,92,176,114,13,55,126,82,39,72,25,79,79,78,132,165,290,57,105,25,111,102,20,67,110,70,19,91,43,89,80,81,96,36,81
462,439,197,89,496,112,236,137,153,204,409,499,872,311,285,325,319,804,481,68,301,482,306,195,336,136,344,245,247,598,738,1310,280,440,117,503,433,94,232,530,319,93,345,180,384,445,316,482,185,306
198,115,60,30,152,42,137,33,40,62,130,162,281,101,87,79,103,261,151,21,77,151,103,58,93,38,94,74,64,168,232,449,83,141,32,157,150,19,66,163,93,29,123,52,125,141,108,153,67,109
170,129,63,29,157,40,153,40,31,56,133,171,284,92,90,96,138,309,165,22,85,184,107,79,93,41,92,80,81,190,272,468,89,147,32,173,147,24,96,187,100,31,132,59,137,136,105,187,59,118
228,203,74,32,201,47,204,62,56,49,174,232,351,143,118,119,149,367,233,33,111,224,144,98,146,60,152,91,103,224,303,561,113,198,40,214,200,25,89,240,133,43,170,78,185,183,163,233,82,150
420,371,168,65,394,86,409,130,133,174,188,467,753,281,237,260,325,744,426,57,248,415,289,165,264,133,321,205,230,515,625,1123,218,375,68,453,392,66,204,444,296,92,340,164,353,373,317,456,163,332
511,472,223,100,552,119,499,162,171,232,467,329,947,360,297,324,389,1032,562,66,311,534,307,235,348,141,379,220,273,716,808,1522,271,507,141,637,548,95,267,571,344,101,427,202,415,516,320,528,207,363
785,742,360,136,950,194,872,281,284,351,753,947,792,616,466,520,629,1445,864,109,518,938,570,388,576,238,621,406,462,1214,1338,2375,479,836,199,976,788,143,457,925,578,180,686,361,722,854,555,938,323,581
356,295,140,63,324,80,311,101,92,143,281,360,616,91,163,198,229,624,322,42,171,323,201,141,234,99,231,179,172,429,473,931,179,318,78,338,315,51,179,359,211,66,239,134,274,292,208,316,127,210
301,210,94,49,255,69,285,87,90,118,237,297,466,163,70,153,191,464,281,22,169,274,168,109,160,54,164,108,143,307,416,751,146,272,64,278,253,36,132,272,143,81,229,81,226,270,154,276,97,180
337,232,91,52,283,68,325,79,96,119,260,324,520,198,153,77,211,515,287,27,168,304,184,129,183,56,174,115,131,341,446,826,176,293,60,298,261,41,146,295,146,65,253,109,269,284,203,325,109,187
368,299,148,72,383,92,319,103,138,149,325,389,629,229,191,211,119,620,350,48,200,339,222,147,251,86,236,153,179,422,544,985,201,374,97,362,344,55,178,387,233,67,239,140,307,347,250,374,149,270
785,799,356,145,948,176,804,261,309,367,744,1032,1445,624,464,515,620,782,870,116,544,895,535,346,569,253,622,419,444,1125,1369,2399,497,804,191,963,781,139,432,913,581,193,625,350,690,832,584,889,283,577
531,429,189,84,526,114,481,151,165,233,426,562,864,322,281,287,350,870,273,55,284,511,321,198,320,130,327,244,267,603,771,1359,253,501,111,551,478,85,242,513,356,101,394,172,412,439,312,528,207,361
82,45,26,10,62,13,68,21,22,33,57,66,109,42,22,27,48,116,55,4,23,69,47,19,39,15,35,23,33,79,93,165,37,51,12,68,50,15,31,68,43,12,37,27,50,58,44,65,17,50
311,216,104,54,254,55,301,77,85,111,248,311,518,171,169,168,200,544,284,23,79,303,165,124,176,84,189,121,143,313,421,782,155,273,67,247,274,32,142,320,193,57,229,101,237,264,189,315,123,192
517,457,205,83,547,126,482,151,184,224,415,534,938,323,274,304,339,895,511,69,303,268,321,200,362,127,323,234,295,647,777,1405,274,470,108,549,465,83,264,503,326,106,398,192,430,423,333,490,181,323
359,248,125,52,297,82,306,103,107,144,289,307,570,201,168,184,222,535,321,47,165,321,99,131,197,66,202,129,154,367,467,837,168,292,55,293,276,35,187,348,206,66,224,113,256,271,196,321,99,203
198,172,77,34,204,39,195,58,79,98,165,235,388,141,109,129,147,346,198,19,124,200,131,33,120,53,133,84,91,233,303,556,103,173,41,206,175,24,105,213,139,46,140,78,150,168,155,219,66,134
342,258,126,60,328,72,336,93,93,146,264,348,576,234,160,183,251,569,320,39,176,362,197,120,104,87,202,164,187,397,500,893,176,302,64,360,314,63,169,314,224,78,261,125,263,315,210,381,126,209
148,124,61,19,138,25,136,38,41,60,133,141,238,99,54,56,86,253,130,15,84,127,66,53,87,15,87,51,66,163,187,345,61,120,25,118,111,20,74,153,86,26,99,36,113,121,82,141,59,103
327,289,145,58,371,79,344,94,92,152,321,379,621,231,164,174,236,622,327,35,189,323,202,133,202,87,109,151,167,423,465,949,185,310,67,325,319,59,169,375,225,64,262,118,259,313,215,365,124,238
295,176,75,57,247,79,245,74,80,91,205,220,406,179,108,115,153,419,244,23,121,234,129,84,164,51,151,57,105,275,332,636,138,243,44,254,238,46,114,215,166,53,197,72,177,216,148,234,87,175
288,216,99,54,214,78,247,64,81,103,230,273,462,172,143,131,179,444,267,33,143,295,154,91,187,66,167,105,62,326,414,718,136,253,64,237,266,41,125,273,155,66,206,76,213,231,168,272,92,157
585,533,243,98,645,132,598,168,190,224,515,716,1214,429,307,341,422,1125,603,79,313,647,367,233,397,163,423,275,326,419,1004,1747,363,571,148,618,566,99,304,663,404,132,490,217,505,559,422,684,240,407
692,646,311,129,766,165,738,232,272,303,625,808,1338,473,416,446,544,1369,771,93,421,777,467,303,500,187,465,332,414,1004,547,2052,423,714,172,815,683,129,424,751,498,153,607,274,618,689,486,768,292,481
1164,1250,551,218,1378,290,1310,449,468,561,1123,1522,2375,931,751,826,985,2399,1359,165,782,1405,837,556,893,345,949,636,718,1747,2052,1864,690,1273,329,1517,1242,240,771,1398,886,285,1012,555,1064,1281,864,1393,474,915
248,239,112,41,273,57,280,83,89,113,218,271,479,179,146,176,201,497,253,37,155,274,168,103,176,61,185,138,136,363,423,690,56,237,67,295,240,42,144,252,165,56,197,104,231,258,159,310,86,194
523,396,172,71,482,105,440,141,147,198,375,507,836,318,272,293,374,804,501,51,273,470,292,173,302,120,310,243,253,571,714,1273,237,222,110,465,431,75,245,501,324,98,373,191,377,424,316,504,170,342
98,110,44,20,107,25,117,32,32,40,68,141,199,78,64,60,97,191,111,12,67,108,55,41,64,25,67,44,64,148,172,329,67,110,12,145,116,11,66,122,68,26,92,52,81,102,82,115,40,83
487,422,201,96,545,111,503,157,173,214,453,637,976,338,278,298,362,963,551,68,247,549,293,206,360,118,325,254,237,618,815,1517,295,465,145,270,484,82,246,562,337,96,405,204,414,489,340,563,212,353
505,413,165,84,485,102,433,150,147,200,392,548,788,315,253,261,344,781,478,50,274,465,276,175,314,111,319,238,266,566,683,1242,240,431,116,484,220,66,248,499,297,100,358,198,377,402,299,451,176,316
77,73,32,8,104,20,94,19,24,25,66,95,143,51,36,41,55,139,85,15,32,83,35,24,63,20,59,46,41,99,129,240,42,75,11,82,66,8,39,63,40,22,53,30,73,90,36,85,31,47
277,211,105,56,254,67,232,66,96,89,204,267,457,179,132,146,178,432,242,31,142,264,187,105,169,74,169,114,125,304,424,771,144,245,66,246,248,39,62,247,158,54,198,105,233,231,168,264,105,172
457,461,208,115,560,110,530,163,187,240,444,571,925,359,272,295,387,913,513,68,320,503,348,213,314,153,375,215,273,663,751,1398,252,501,122,562,499,63,247,266,365,126,371,217,423,469,354,554,184,354
341,307,121,60,360,70,319,93,100,133,296,344,578,211,143,146,233,581,356,43,193,326,206,139,224,86,225,166,155,404,498,886,165,324,68,337,297,40,158,365,115,74,227,141,274,302,208,335,127,244
85,74,41,17,111,19,93,29,31,43,92,101,180,66,81,65,67,193,101,12,57,106,66,46,78,26,64,53,66,132,153,285,56,98,26,96,100,22,54,126,74,9,77,30,91,92,70,122,42,80
373,312,150,58,395,91,345,123,132,170,340,427,686,239,229,253,239,625,394,37,229,398,224,140,261,99,262,197,206,490,607,1012,197,373,92,405,358,53,198,371,227,77,136,143,308,311,268,389,148,245
172,164,60,37,166,43,180,52,59,78,164,202,361,134,81,109,140,350,172,27,101,192,113,78,125,36,118,72,76,217,274,555,104,191,52,204,198,30,105,217,141,30,143,45,158,174,100,199,85,128
428,337,171,65,412,89,384,125,137,185,353,415,722,274,226,269,307,690,412,50,237,430,256,150,263,113,259,177,213,505,618,1064,231,377,81,414,377,73,233,423,274,91,308,158,169,406,272,414,144,262
429,382,175,68,486,80,445,141,136,183,373,516,854,292,270,284,347,832,439,58,264,423,271,168,315,121,313,216,231,559,689,1281,258,424,102,489,402,90,231,469,302,92,311,174,406,203,323,475,179,307
291,261,129,53,308,81,316,108,105,163,317,320,555,208,154,203,250,584,312,44,189,333,196,155,210,82,215,148,168,422,486,864,159,316,82,340,299,36,168,354,208,70,268,100,272,323,91,323,125,214
515,454,235,81,550,96,482,153,187,233,456,528,938,316,276,325,374,889,528,65,315,490,321,219,381,141,365,234,272,684,768,1393,310,504,115,563,451,85,264,554,335,122,389,199,414,475,323,271,192,323
170,187,75,23,173,36,185,67,59,82,163,207,323,127,97,109,149,283,207,17,123,181,99,66,126,59,124,87,92,240,292,474,86,170,40,212,176,31,105,184,127,42,148,85,144,179,125,192,30,134
370,273,129,61,337,81,306,109,118,150,332,363,581,210,180,187,270,577,361,50,192,323,203,134,209,103,238,175,157,407,481,915,194,342,83,353,316,47,172,354,244,80,245,128,262,307,214,323,134,103
