258,440,217,71,490,90,472,173,180,232,434,499,827,369,311,358,355,804,496,79,329,514,347,186,368,132,360,242,298,592,699,1153,222,493,118,474,427,88,255,457,285,104,349,194,447,458,345,471,173,398
440,178,165,85,433,98,396,113,132,156,340,480,752,295,248,258,283,793,457,51,226,450,253,161,266,92,284,192,220,532,645,1216,213,425,102,454,396,54,210,457,289,94,323,160,358,357,247,453,148,284
217,165,37,24,206,42,193,46,69,96,175,200,347,130,111,108,142,338,198,22,97,206,118,86,123,49,135,82,122,258,295,581,122,195,47,203,189,30,92,207,152,41,159,63,184,199,123,202,72,144
71,85,24,3,85,12,64,19,30,43,78,92,135,51,46,43,59,127,64,12,42,71,53,40,50,27,71,40,54,107,117,213,44,81,18,84,66,20,34,96,54,19,69,39,73,68,45,80,31,63
490,433,206,85,256,105,516,177,161,187,403,564,935,332,285,332,362,945,502,60,294,529,309,220,341,136,349,250,241,614,727,1399,291,452,117,554,493,81,280,565,368,126,386,203,433,449,313,519,198,351
90,98,42,12,105,13,93,31,38,59,108,125,182,57,67,64,81,159,108,14,67,102,55,56,89,24,79,50,70,138,161,311,70,103,19,123,96,18,48,126,83,28,82,39,93,94,63,110,44,61
472,396,193,64,516,93,231,130,161,213,425,504,800,288,244,271,360,852,437,61,270,475,308,171,315,122,330,233,270,591,731,1304,227,459,109,545,424,89,229,542,307,93,379,196,374,453,296,467,194,317
173,113,46,19,177,31,130,24,45,58,130,164,273,101,71,85,114,261,139,25,86,153,83,49,85,23,75,72,65,177,221,436,88,132,39,159,141,25,68,165,110,33,118,48,111,157,98,167,58,103
180,132,69,30,161,38,161,45,23,73,138,190,288,104,98,97,105,317,157,19,101,183,90,68,131,38,117,81,89,209,241,458,84,145,29,178,163,26,79,173,105,44,149,56,133,150,103,182,63,123
232,156,96,43,187,59,213,58,73,40,160,223,389,123,128,123,157,370,203,34,114,225,122,87,113,45,123,98,100,272,312,537,124,214,55,177,200,38,109,227,117,44,167,91,165,173,133,207,107,114
434,340,175,78,403,108,425,130,138,160,172,463,781,260,237,273,310,742,413,47,243,419,275,177,294,116,302,231,213,542,647,1164,249,424,82,446,400,80,197,439,259,86,312,165,322,375,260,430,161,255
499,480,200,92,564,125,504,164,190,223,463,322,1015,355,300,290,392,1010,568,71,326,532,358,213,370,150,367,260,277,706,867,1511,306,551,146,568,488,96,265,562,345,127,407,197,443,483,344,563,204,352
827,752,347,135,935,182,800,273,288,389,781,1015,778,583,453,548,605,1449,907,115,518,908,535,321,541,259,629,403,469,1124,1412,2390,462,857,209,987,802,153,437,941,595,179,640,343,708,840,538,903,328,604
369,295,130,51,332,57,288,101,104,123,260,355,583,116,187,208,236,587,297,32,204,309,191,127,190,79,202,155,160,400,456,933,182,318,76,358,306,52,169,352,198,73,268,131,263,310,190,321,126,219
311,248,111,46,285,67,244,71,98,128,237,300,453,187,75,133,208,455,249,21,126,260,150,111,167,69,195,135,130,329,362,728,144,241,62,295,258,40,132,284,174,50,205,107,227,260,165,239,94,172
358,258,108,43,332,64,271,85,97,123,273,290,548,208,133,78,220,533,268,34,147,307,169,118,211,78,197,131,115,346,450,875,164,262,64,324,266,44,160,292,177,64,219,105,229,290,183,299,117,198
355,283,142,59,362,81,360,114,105,157,310,392,605,236,208,220,120,599,365,57,217,373,220,148,240,83,226,163,167,425,573,933,197,373,94,361,333,72,186,337,246,67,278,154,287,347,257,349,159,247
804,793,338,127,945,159,852,261,317,370,742,1010,1449,587,455,533,599,779,912,110,510,973,548,324,595,272,648,440,449,1123,1398,2327,454,851,218,940,802,151,426,943,597,183,655,348,703,804,559,874,323,587
496,457,198,64,502,108,437,139,157,203,413,568,907,297,249,268,365,912,259,59,313,453,315,189,351,124,355,258,250,658,735,1411,270,474,125,533,438,72,243,555,306,110,379,221,386,442,316,510,183,349
79,51,22,12,60,14,61,25,19,34,47,71,115,32,21,34,57,110,59,2,24,58,41,36,38,17,49,30,36,79,90,165,36,61,17,60,59,9,35,67,43,15,51,28,52,58,39,69,29,32
329,226,97,42,294,67,270,86,101,114,243,326,518,204,126,147,217,510,313,24,65,301,165,109,170,67,170,132,129,353,463,832,152,268,69,301,261,43,148,303,178,58,234,101,230,255,175,326,96,205
514,450,206,71,529,102,475,153,183,225,419,532,908,309,260,307,373,973,453,58,301,235,333,190,354,147,373,279,241,662,731,1358,273,484,113,553,459,85,257,552,321,105,417,206,401,452,347,523,186,341
347,253,118,53,309,55,308,83,90,122,275,358,535,191,150,169,220,548,315,41,165,333,91,129,184,82,202,121,137,366,458,853,164,260,68,332,266,56,141,304,179,54,219,124,236,287,198,294,125,202
186,161,86,40,220,56,171,49,68,87,177,213,321,127,111,118,148,324,189,36,109,190,129,33,128,63,129,98,98,235,300,501,98,189,37,198,185,40,71,213,141,32,159,78,161,181,140,184,71,140
368,266,123,50,341,89,315,85,131,113,294,370,541,190,167,211,240,595,351,38,170,354,184,128,119,84,251,145,187,396,513,926,181,298,78,336,338,54,151,385,221,82,259,122,251,284,200,341,114,212
132,92,49,27,136,24,122,23,38,45,116,150,259,79,69,78,83,272,124,17,67,147,82,63,84,12,74,65,79,168,193,377,68,109,29,123,122,18,65,130,89,30,81,45,112,109,82,119,54,75
360,284,135,71,349,79,330,75,117,123,302,367,629,202,195,197,226,648,355,49,170,373,202,129,251,74,122,168,177,446,542,945,179,310,83,346,328,52,141,369,222,69,247,132,288,311,231,334,141,220
242,192,82,40,250,50,233,72,81,98,231,260,403,155,135,131,163,440,258,30,132,279,121,98,145,65,168,57,127,275,358,666,127,232,66,232,235,50,137,262,150,35,165,79,199,215,127,248,91,142
298,220,122,54,241,70,270,65,89,100,213,277,469,160,130,115,167,449,250,36,129,241,137,98,187,79,177,127,66,296,412,675,138,250,57,275,276,50,115,302,176,56,191,87,211,243,164,275,84,177
592,532,258,107,614,138,591,177,209,272,542,706,1124,400,329,346,425,1123,658,79,353,662,366,235,396,168,446,275,296,374,936,1721,338,557,146,693,580,111,303,689,417,141,477,237,503,595,389,681,228,416
699,645,295,117,727,161,731,221,241,312,647,867,1412,456,362,450,573,1398,735,90,463,731,458,300,513,193,542,358,412,936,542,2058,409,686,166,808,671,123,363,748,496,168,585,274,603,684,448,767,263,520
1153,1216,581,213,1399,311,1304,436,458,537,1164,1511,2390,933,728,875,933,2327,1411,165,832,1358,853,501,926,377,945,666,675,1721,2058,1842,705,1324,307,1487,1199,217,726,1451,900,293,1010,505,1063,1216,907,1376,468,907
222,213,122,44,291,70,227,88,84,124,249,306,462,182,144,164,197,454,270,36,152,273,164,98,181,68,179,127,138,338,409,705,80,248,51,294,244,50,125,293,193,51,183,94,222,259,192,253,86,166
493,425,195,81,452,103,459,132,145,214,424,551,857,318,241,262,373,851,474,61,268,484,260,189,298,109,310,232,250,557,686,1324,248,208,105,509,470,96,226,470,311,95,349,147,374,443,300,491,167,307
118,102,47,18,117,19,109,39,29,55,82,146,209,76,62,64,94,218,125,17,69,113,68,37,78,29,83,66,57,146,166,307,51,105,17,114,109,21,64,126,77,18,90,47,89,100,65,120,41,74
474,454,203,84,554,123,545,159,178,177,446,568,987,358,295,324,361,940,533,60,301,553,332,198,336,123,346,232,275,693,808,1487,294,509,114,246,471,98,258,554,334,108,361,200,451,502,331,550,198,357
427,396,189,66,493,96,424,141,163,200,400,488,802,306,258,266,333,802,438,59,261,459,266,185,338,122,328,235,276,580,671,1199,244,470,109,471,224,97,251,465,328,97,348,170,359,423,298,462,180,315
88,54,30,20,81,18,89,25,26,38,80,96,153,52,40,44,72,151,72,9,43,85,56,40,54,18,52,50,50,111,123,217,50,96,21,98,97,5,51,94,42,9,67,32,64,81,49,88,28,46
255,210,92,34,280,48,229,68,79,109,197,265,437,169,132,160,186,426,243,35,148,257,141,71,151,65,141,137,115,303,363,726,125,226,64,258,251,51,70,261,168,54,181,94,193,249,164,247,100,162
457,457,207,96,565,126,542,165,173,227,439,562,941,352,284,292,337,943,555,67,303,552,304,213,385,130,369,262,302,689,748,1451,293,470,126,554,465,94,261,284,367,121,406,220,466,502,328,542,192,359
285,289,152,54,368,83,307,110,105,117,259,345,595,198,174,177,246,597,306,43,178,321,179,141,221,89,222,150,176,417,496,900,193,311,77,334,328,42,168,367,113,74,246,136,263,305,168,312,129,233
104,94,41,19,126,28,93,33,44,44,86,127,179,73,50,64,67,183,110,15,58,105,54,32,82,30,69,35,56,141,168,293,51,95,18,108,97,9,54,121,74,9,81,39,85,91,75,103,32,74
349,323,159,69,386,82,379,118,149,167,312,407,640,268,205,219,278,655,379,51,234,417,219,159,259,81,247,165,191,477,585,1010,183,349,90,361,348,67,181,406,246,81,142,154,320,337,235,398,142,277
194,160,63,39,203,39,196,48,56,91,165,197,343,131,107,105,154,348,221,28,101,206,124,78,122,45,132,79,87,237,274,505,94,147,47,200,170,32,94,220,136,39,154,35,170,183,138,193,66,122
447,358,184,73,433,93,374,111,133,165,322,443,708,263,227,229,287,703,386,52,230,401,236,161,251,112,288,199,211,503,603,1063,222,374,89,451,359,64,193,466,263,85,320,170,163,365,256,384,153,257
458,357,199,68,449,94,453,157,150,173,375,483,840,310,260,290,347,804,442,58,255,452,287,181,284,109,311,215,243,595,684,1216,259,443,100,502,423,81,249,502,305,91,337,183,365,207,276,474,163,325
345,247,123,45,313,63,296,98,103,133,260,344,538,190,165,183,257,559,316,39,175,347,198,140,200,82,231,127,164,389,448,907,192,300,65,331,298,49,164,328,168,75,235,138,256,276,94,334,120,200
471,453,202,80,519,110,467,167,182,207,430,563,903,321,239,299,349,874,510,69,326,523,294,184,341,119,334,248,275,681,767,1376,253,491,120,550,462,88,247,542,312,103,398,193,384,474,334,244,187,362
173,148,72,31,198,44,194,58,63,107,161,204,328,126,94,117,159,323,183,29,96,186,125,71,114,54,141,91,84,228,263,468,86,167,41,198,180,28,100,192,129,32,142,66,153,163,120,187,27,116
398,284,144,63,351,61,317,103,123,114,255,352,604,219,172,198,247,587,349,32,205,341,202,140,212,75,220,142,177,416,520,907,166,307,74,357,315,46,162,359,233,74,277,122,257,325,200,362,116,101
