255,441,227,83,544,107,491,184,182,269,479,494,837,367,336,374,343,882,470,79,328,510,344,201,366,150,388,277,285,622,713,1160,252,491,116,514,474,76,258,494,310,114,365,186,427,456,350,476,195,390
441,181,173,84,439,116,432,132,126,174,352,471,783,253,252,263,321,818,432,63,235,433,247,156,270,95,268,210,198,549,694,1245,247,384,94,432,425,75,211,466,296,86,355,141,315,408,250,434,146,294
227,173,41,28,211,51,197,63,64,73,159,198,345,129,114,97,146,356,206,20,107,217,114,77,130,40,121,87,96,284,318,571,110,192,35,197,185,32,113,224,122,50,163,71,161,171,113,229,71,129
83,84,28,11,83,23,79,21,33,30,72,99,132,47,41,45,42,153,67,12,62,75,56,33,56,27,66,51,46,101,130,220,44,82,27,95,88,15,37,97,47,15,68,28,75,67,51,81,42,69
544,439,211,83,258,109,508,152,185,219,471,592,927,363,278,306,386,953,511,58,283,495,296,222,334,117,341,229,234,648,746,1413,278,443,112,536,470,76,243,548,326,87,396,197,435,462,342,532,182,333
107,116,51,23,109,12,98,26,33,58,91,128,197,67,50,70,70,202,90,19,73,110,73,36,82,39,97,65,59,157,171,304,56,104,24,128,113,18,52,123,68,23,95,35,92,103,74,107,51,71
491,432,197,79,508,98,243,153,162,221,425,541,840,317,224,274,373,825,481,68,293,508,273,157,311,156,367,239,246,655,750,1354,262,453,102,546,450,96,279,524,306,109,371,158,362,460,286,530,162,333
184,132,63,21,152,26,153,18,33,55,124,171,269,91,87,92,94,287,169,12,87,159,92,57,83,41,108,67,65,202,237,444,87,137,26,164,131,29,75,140,100,40,114,57,130,141,97,152,54,106
182,126,64,33,185,33,162,33,24,63,129,208,285,99,69,81,113,290,149,20,99,164,92,65,90,36,107,75,71,207,253,434,87,136,35,173,153,37,71,183,88,32,125,49,115,159,90,165,50,85
269,174,73,30,219,58,221,55,63,39,168,207,332,131,107,130,160,339,237,30,95,226,148,82,133,56,149,104,101,251,305,523,91,202,36,226,181,34,110,208,116,44,159,85,160,188,140,213,70,135
479,352,159,72,471,91,425,124,129,168,190,454,723,297,234,268,301,746,407,60,232,454,286,184,302,117,301,206,210,542,586,1106,192,400,110,446,395,58,212,431,292,85,362,163,353,384,275,442,151,270
494,471,198,99,592,128,541,171,208,207,454,330,1015,370,292,310,380,1000,561,76,286,547,328,203,377,138,366,260,252,714,868,1607,310,576,139,594,503,94,309,586,377,117,392,225,432,570,360,592,212,392
837,783,345,132,927,197,840,269,285,332,723,1015,824,586,453,528,635,1445,901,109,494,876,564,381,649,261,633,414,421,1085,1374,2451,494,842,211,975,881,150,478,972,605,195,736,368,773,821,580,946,343,569
367,253,129,47,363,67,317,91,99,131,297,370,586,109,162,201,255,583,312,50,189,328,185,127,201,79,209,163,171,414,505,920,176,280,78,321,303,45,163,376,205,56,237,127,254,284,187,343,120,232
336,252,114,41,278,50,224,87,69,107,234,292,453,162,67,135,202,495,290,25,126,301,153,122,178,78,180,125,142,329,429,784,124,226,51,248,267,48,139,292,163,51,199,106,204,248,142,277,91,180
374,263,97,45,306,70,274,92,81,130,268,310,528,201,135,74,209,568,307,37,149,314,174,125,206,75,183,115,150,371,476,825,140,268,59,256,269,32,141,304,179,46,203,107,240,261,198,292,108,193
343,321,146,42,386,70,373,94,113,160,301,380,635,255,202,209,121,674,345,49,187,379,248,163,245,95,247,174,180,472,572,1015,194,323,82,349,322,62,178,426,244,69,254,157,303,319,240,387,153,255
882,818,356,153,953,202,825,287,290,339,746,1000,1445,583,495,568,674,812,896,124,510,891,566,364,662,238,624,445,464,1108,1388,2435,489,824,202,979,849,151,486,980,624,184,721,389,783,781,598,955,328,566
470,432,206,67,511,90,481,169,149,237,407,561,901,312,290,307,345,896,237,65,258,436,293,202,333,137,333,230,228,635,776,1445,309,446,115,534,454,86,246,538,328,98,387,198,420,506,334,549,194,342
79,63,20,12,58,19,68,12,20,30,60,76,109,50,25,37,49,124,65,5,26,69,27,28,44,10,35,28,42,88,103,187,28,52,18,58,55,6,20,85,42,11,52,25,54,64,43,80,29,21
328,235,107,62,283,73,293,87,99,95,232,286,494,189,126,149,187,510,258,26,76,255,164,116,163,52,182,121,136,343,396,832,160,269,55,277,289,45,148,289,185,50,214,102,213,255,187,315,106,181
510,433,217,75,495,110,508,159,164,226,454,547,876,328,301,314,379,891,436,69,255,243,316,206,358,138,324,238,234,638,753,1423,283,463,124,553,472,88,253,565,341,105,394,190,423,500,313,544,197,381
344,247,114,56,296,73,273,92,92,148,286,328,564,185,153,174,248,566,293,27,164,316,93,131,202,65,173,123,146,397,446,898,170,263,71,324,274,56,158,333,206,64,223,94,245,276,168,302,105,204
201,156,77,33,222,36,157,57,65,82,184,203,381,127,122,125,163,364,202,28,116,206,131,36,140,49,134,84,108,257,350,555,107,167,48,213,185,42,94,185,135,44,135,75,153,189,126,197,70,168
366,270,130,56,334,82,311,83,90,133,302,377,649,201,178,206,245,662,333,44,163,358,202,140,99,73,231,133,177,409,492,950,160,299,56,341,343,64,150,363,225,59,257,123,251,313,177,339,130,228
150,95,40,27,117,39,156,41,36,56,117,138,261,79,78,75,95,238,137,10,52,138,65,49,73,9,67,69,60,147,194,387,73,116,28,123,125,22,64,140,92,21,119,46,88,116,68,132,48,77
388,268,121,66,341,97,367,108,107,149,301,366,633,209,180,183,247,624,333,35,182,324,173,134,231,67,114,175,157,398,535,975,197,311,81,353,307,55,171,387,258,68,248,119,273,322,197,360,128,235
277,210,87,51,229,65,239,67,75,104,206,260,414,163,125,115,174,445,230,28,121,238,123,84,133,69,175,47,111,308,369,668,120,217,53,271,220,47,123,244,149,51,178,83,173,221,136,254,82,160
285,198,96,46,234,59,246,65,71,101,210,252,421,171,142,150,180,464,228,42,136,234,146,108,177,60,157,111,67,309,388,711,149,215,51,248,269,33,139,249,167,55,191,87,202,221,146,262,83,177
622,549,284,101,648,157,655,202,207,251,542,714,1085,414,329,371,472,1108,635,88,343,638,397,257,409,147,398,308,309,396,942,1824,323,568,151,691,666,108,311,678,484,126,503,256,535,600,410,696,241,385
713,694,318,130,746,171,750,237,253,305,586,868,1374,505,429,476,572,1388,776,103,396,753,446,350,492,194,535,369,388,942,576,2149,418,699,178,894,745,130,374,824,538,152,600,291,608,723,497,832,296,492
1160,1245,571,220,1413,304,1354,444,434,523,1106,1607,2451,920,784,825,1015,2435,1445,187,832,1423,898,555,950,387,975,668,711,1824,2149,1982,769,1344,320,1529,1302,243,700,1499,964,284,1046,563,1136,1334,912,1464,499,936
252,247,110,44,278,56,262,87,87,91,192,310,494,176,124,140,194,489,309,28,160,283,170,107,160,73,197,120,149,323,418,769,67,277,61,299,270,50,130,285,173,64,207,107,231,250,179,274,88,191
491,384,192,82,443,104,453,137,136,202,400,576,842,280,226,268,323,824,446,52,269,463,263,167,299,116,311,217,215,568,699,1344,277,205,107,530,433,70,216,509,297,98,370,164,365,423,287,450,184,333
116,94,35,27,112,24,102,26,35,36,110,139,211,78,51,59,82,202,115,18,55,124,71,48,56,28,81,53,51,151,178,320,61,107,14,138,117,25,59,120,90,25,82,48,77,109,72,119,40,70
514,432,197,95,536,128,546,164,173,226,446,594,975,321,248,256,349,979,534,58,277,553,324,213,341,123,353,271,248,691,894,1529,299,530,138,276,510,81,287,611,350,113,444,236,427,492,339,596,222,368
474,425,185,88,470,113,450,131,153,181,395,503,881,303,267,269,322,849,454,55,289,472,274,185,343,125,307,220,269,666,745,1302,270,433,117,510,216,79,235,504,309,94,366,161,387,449,286,483,178,330
76,75,32,15,76,18,96,29,37,34,58,94,150,45,48,32,62,151,86,6,45,88,56,42,64,22,55,47,33,108,130,243,50,70,25,81,79,2,45,88,67,22,66,23,83,87,49,96,40,54
258,211,113,37,243,52,279,75,71,110,212,309,478,163,139,141,178,486,246,20,148,253,158,94,150,64,171,123,139,311,374,700,130,216,59,287,235,45,60,248,161,52,182,108,217,221,178,283,100,191
494,466,224,97,548,123,524,140,183,208,431,586,972,376,292,304,426,980,538,85,289,565,333,185,363,140,387,244,249,678,824,1499,285,509,120,611,504,88,248,296,358,101,413,213,438,511,346,547,205,369
310,296,122,47,326,68,306,100,88,116,292,377,605,205,163,179,244,624,328,42,185,341,206,135,225,92,258,149,167,484,538,964,173,297,90,350,309,67,161,358,115,65,261,125,274,315,206,363,120,205
114,86,50,15,87,23,109,40,32,44,85,117,195,56,51,46,69,184,98,11,50,105,64,44,59,21,68,51,55,126,152,284,64,98,25,113,94,22,52,101,65,9,68,41,80,96,73,125,40,83
365,355,163,68,396,95,371,114,125,159,362,392,736,237,199,203,254,721,387,52,214,394,223,135,257,119,248,178,191,503,600,1046,207,370,82,444,366,66,182,413,261,68,147,140,304,359,236,421,146,262
186,141,71,28,197,35,158,57,49,85,163,225,368,127,106,107,157,389,198,25,102,190,94,75,123,46,119,83,87,256,291,563,107,164,48,236,161,23,108,213,125,41,140,34,146,171,105,190,69,128
427,315,161,75,435,92,362,130,115,160,353,432,773,254,204,240,303,783,420,54,213,423,245,153,251,88,273,173,202,535,608,1136,231,365,77,427,387,83,217,438,274,80,304,146,156,375,243,403,145,259
456,408,171,67,462,103,460,141,159,188,384,570,821,284,248,261,319,781,506,64,255,500,276,189,313,116,322,221,221,600,723,1334,250,423,109,492,449,87,221,511,315,96,359,171,375,211,294,467,194,317
350,250,113,51,342,74,286,97,90,140,275,360,580,187,142,198,240,598,334,43,187,313,168,126,177,68,197,136,146,410,497,912,179,287,72,339,286,49,178,346,206,73,236,105,243,294,86,328,118,225
476,434,229,81,532,107,530,152,165,213,442,592,946,343,277,292,387,955,549,80,315,544,302,197,339,132,360,254,262,696,832,1464,274,450,119,596,483,96,283,547,363,125,421,190,403,467,328,277,177,359
195,146,71,42,182,51,162,54,50,70,151,212,343,120,91,108,153,328,194,29,106,197,105,70,130,48,128,82,83,241,296,499,88,184,40,222,178,40,100,205,120,40,146,69,145,194,118,177,21,112
390,294,129,69,333,71,333,106,85,135,270,392,569,232,180,193,255,566,342,21,181,381,204,168,228,77,235,160,177,385,492,936,191,333,70,368,330,54,191,369,205,83,262,128,259,317,225,359,112,110
