298,435,233,90,487,114,505,175,177,268,442,551,851,374,336,370,384,845,520,72,321,578,345,199,341,150,367,303,300,594,748,1184,238,507,103,527,517,93,232,463,315,108,383,155,437,469,320,522,167,383
435,205,143,81,441,105,418,115,126,159,382,495,784,274,226,264,309,805,465,61,226,459,234,183,298,103,281,211,194,551,665,1292,259,393,93,477,450,77,203,448,290,86,349,152,341,415,254,471,167,297
233,143,30,36,226,37,200,75,71,94,186,193,360,113,91,94,162,354,223,26,99,213,95,63,105,46,134,84,114,247,318,558,135,193,37,208,177,33,98,201,132,33,157,75,137,170,124,205,68,144
90,81,36,7,89,15,85,28,27,36,79,86,160,60,50,51,53,147,76,14,50,90,57,38,58,18,56,38,42,122,120,194,47,68,19,87,78,13,35,83,54,24,61,45,77,68,63,82,26,59
487,441,226,89,272,109,520,185,179,206,435,587,888,330,263,286,383,891,533,54,282,569,295,206,327,128,347,242,241,689,817,1460,297,459,112,561,456,75,259,603,321,95,409,205,414,461,357,538,164,355
114,105,37,15,109,9,103,34,38,49,99,124,191,89,58,68,80,200,104,14,71,117,66,50,76,29,79,52,57,149,163,278,57,93,28,141,109,15,49,105,67,31,78,43,93,92,79,113,32,79
505,418,200,85,520,103,243,145,160,221,432,548,851,326,252,301,347,830,494,50,270,516,294,187,330,111,301,247,266,633,741,1310,276,425,118,521,474,87,264,530,326,116,349,184,409,423,312,545,162,328
175,115,75,28,185,34,145,28,51,66,142,153,252,98,76,92,116,262,134,20,78,145,80,57,94,40,88,96,79,188,222,416,91,172,42,155,138,22,76,142,84,42,106,66,112,120,91,160,65,114
177,126,71,27,179,38,160,51,33,71,151,170,276,108,88,81,111,281,135,16,83,158,112,69,115,45,120,88,60,186,254,478,91,153,51,172,156,23,83,189,102,26,128,54,122,133,107,174,68,121
268,159,94,36,206,49,221,66,71,44,154,217,352,141,116,137,149,354,202,37,115,238,147,86,141,56,149,103,115,253,283,545,107,218,49,211,205,36,93,180,122,45,158,64,175,177,137,200,86,166
442,382,186,79,435,99,432,142,151,154,197,468,770,294,249,263,333,759,457,55,252,470,267,182,276,114,287,203,239,500,656,1175,218,379,90,444,403,62,212,434,304,95,338,159,369,398,293,433,174,323
551,495,193,86,587,124,548,153,170,217,468,304,1026,332,290,321,406,1025,611,75,300,578,351,221,382,150,373,238,266,731,910,1689,342,520,127,619,507,84,299,628,368,112,437,206,465,534,361,649,214,354
851,784,360,160,888,191,851,252,276,352,770,1026,825,551,459,503,671,1421,899,106,518,960,539,348,594,206,605,414,454,1149,1419,2562,485,826,210,1022,837,156,497,985,634,197,645,347,764,871,552,916,332,599
374,274,113,60,330,89,326,98,108,141,294,332,551,122,164,179,225,614,298,36,146,343,200,125,201,70,198,146,151,410,524,897,180,303,79,326,327,55,168,362,208,57,265,122,253,306,194,326,132,217
336,226,91,50,263,58,252,76,88,116,249,290,459,164,69,116,209,462,272,25,145,302,169,122,163,76,207,125,145,330,424,761,148,268,61,287,270,45,143,306,163,50,219,93,205,233,168,258,94,185
370,264,94,51,286,68,301,92,81,137,263,321,503,179,116,80,210,519,259,33,136,296,183,112,173,78,199,137,154,346,399,814,121,282,54,286,278,41,144,294,210,56,243,93,239,259,153,323,88,189
384,309,162,53,383,80,347,116,111,149,333,406,671,225,209,210,115,654,315,45,197,347,203,126,236,79,248,197,162,449,558,1024,203,341,89,370,320,60,181,391,232,88,303,150,263,321,237,379,131,254
845,805,354,147,891,200,830,262,281,354,759,1025,1421,614,462,519,654,807,868,100,516,938,538,402,629,213,598,427,469,1127,1417,2545,528,829,190,980,866,161,480,994,613,181,680,344,782,926,558,908,318,633
520,465,223,76,533,104,494,134,135,202,457,611,899,298,272,259,315,868,270,65,262,497,283,202,319,143,362,205,251,617,764,1438,253,469,121,523,496,98,205,554,376,100,371,202,394,495,308,538,184,328
72,61,26,14,54,14,50,20,16,37,55,75,106,36,25,33,45,100,65,1,20,57,41,25,46,19,44,29,32,67,94,176,33,62,21,68,48,18,30,55,37,9,47,22,47,51,36,63,16,45
321,226,99,50,282,71,270,78,83,115,252,300,518,146,145,136,197,516,262,20,94,260,166,109,182,67,153,130,111,348,417,789,155,238,58,288,252,48,116,303,187,49,228,107,213,248,167,288,104,195
578,459,213,90,569,117,516,145,158,238,470,578,960,343,302,296,347,938,497,57,260,259,319,190,312,127,339,249,246,647,738,1449,294,455,111,550,516,94,221,529,366,114,414,184,396,449,317,492,169,368
345,234,95,57,295,66,294,80,112,147,267,351,539,200,169,183,203,538,283,41,166,319,90,124,169,68,178,138,144,366,463,870,181,269,68,308,274,46,161,311,189,64,246,113,236,245,155,336,109,215
199,183,63,38,206,50,187,57,69,86,182,221,348,125,122,112,126,402,202,25,109,190,124,49,120,49,129,102,104,255,289,570,118,180,49,196,192,25,84,211,133,53,154,84,160,183,116,207,83,134
341,298,105,58,327,76,330,94,115,141,276,382,594,201,163,173,236,629,319,46,182,312,169,120,119,76,207,158,163,410,524,960,183,273,86,354,317,57,180,362,220,65,250,136,252,334,202,351,132,214
150,103,46,18,128,29,111,40,45,56,114,150,206,70,76,78,79,213,143,19,67,127,68,49,76,19,81,43,62,166,189,332,69,117,31,110,112,21,58,124,79,24,88,46,95,123,73,144,50,93
367,281,134,56,347,79,301,88,120,149,287,373,605,198,207,199,248,598,362,44,153,339,178,129,207,81,124,142,154,413,507,934,189,299,78,343,340,59,165,356,206,69,255,127,256,309,206,380,132,232
303,211,84,38,242,52,247,96,88,103,203,238,414,146,125,137,197,427,205,29,130,249,138,102,158,43,142,59,107,277,384,643,132,221,57,234,233,39,127,262,152,38,190,106,201,233,160,271,93,173
300,194,114,42,241,57,266,79,60,115,239,266,454,151,145,154,162,469,251,32,111,246,144,104,163,62,154,107,59,336,385,741,140,235,46,254,209,35,119,250,182,43,170,88,196,240,135,276,106,184
594,551,247,122,689,149,633,188,186,253,500,731,1149,410,330,346,449,1127,617,67,348,647,366,255,410,166,413,277,336,400,994,1943,362,600,144,662,617,107,307,697,434,125,513,240,540,619,379,663,267,429
748,665,318,120,817,163,741,222,254,283,656,910,1419,524,424,399,558,1417,764,94,417,738,463,289,524,189,507,384,385,994,576,2105,436,717,158,810,738,131,367,811,508,153,581,285,633,744,503,789,257,533
1184,1292,558,194,1460,278,1310,416,478,545,1175,1689,2562,897,761,814,1024,2545,1438,176,789,1449,870,570,960,332,934,643,741,1943,2105,1949,773,1294,323,1523,1296,268,729,1513,957,292,1067,548,1195,1376,976,1398,515,932
238,259,135,47,297,57,276,91,91,107,218,342,485,180,148,121,203,528,253,33,155,294,181,118,183,69,189,132,140,362,436,773,86,267,51,312,248,48,162,300,179,62,175,108,245,273,193,277,86,182
507,393,193,68,459,93,425,172,153,218,379,520,826,303,268,282,341,829,469,62,238,455,269,180,273,117,299,221,235,600,717,1294,267,212,89,543,428,84,252,511,282,98,365,170,362,420,285,477,162,338
103,93,37,19,112,28,118,42,51,49,90,127,210,79,61,54,89,190,121,21,58,111,68,49,86,31,78,57,46,144,158,323,51,89,7,125,103,17,55,121,82,21,94,44,87,100,64,105,41,65
527,477,208,87,561,141,521,155,172,211,444,619,1022,326,287,286,370,980,523,68,288,550,308,196,354,110,343,234,254,662,810,1523,312,543,125,264,503,92,256,609,361,122,421,205,450,542,356,590,206,334
517,450,177,78,456,109,474,138,156,205,403,507,837,327,270,278,320,866,496,48,252,516,274,192,317,112,340,233,209,617,738,1296,248,428,103,503,229,81,260,525,304,119,345,169,392,420,313,512,157,331
93,77,33,13,75,15,87,22,23,36,62,84,156,55,45,41,60,161,98,18,48,94,46,25,57,21,59,39,35,107,131,268,48,84,17,92,81,4,35,101,57,16,86,30,72,84,53,101,20,55
232,203,98,35,259,49,264,76,83,93,212,299,497,168,143,144,181,480,205,30,116,221,161,84,180,58,165,127,119,307,367,729,162,252,55,256,260,35,58,254,185,49,197,112,239,219,166,271,100,175
463,448,201,83,603,105,530,142,189,180,434,628,985,362,306,294,391,994,554,55,303,529,311,211,362,124,356,262,250,697,811,1513,300,511,121,609,525,101,254,268,399,117,397,220,448,512,333,564,217,312
315,290,132,54,321,67,326,84,102,122,304,368,634,208,163,210,232,613,376,37,187,366,189,133,220,79,206,152,182,434,508,957,179,282,82,361,304,57,185,399,118,74,271,129,260,273,198,371,124,224
108,86,33,24,95,31,116,42,26,45,95,112,197,57,50,56,88,181,100,9,49,114,64,53,65,24,69,38,43,125,153,292,62,98,21,122,119,16,49,117,74,8,74,43,87,81,61,109,40,71
383,349,157,61,409,78,349,106,128,158,338,437,645,265,219,243,303,680,371,47,228,414,246,154,250,88,255,190,170,513,581,1067,175,365,94,421,345,86,197,397,271,74,134,141,293,385,271,377,144,269
155,152,75,45,205,43,184,66,54,64,159,206,347,122,93,93,150,344,202,22,107,184,113,84,136,46,127,106,88,240,285,548,108,170,44,205,169,30,112,220,129,43,141,35,156,174,131,212,76,123
437,341,137,77,414,93,409,112,122,175,369,465,764,253,205,239,263,782,394,47,213,396,236,160,252,95,256,201,196,540,633,1195,245,362,87,450,392,72,239,448,260,87,293,156,180,414,257,455,160,278
469,415,170,68,461,92,423,120,133,177,398,534,871,306,233,259,321,926,495,51,248,449,245,183,334,123,309,233,240,619,744,1376,273,420,100,542,420,84,219,512,273,81,385,174,414,206,286,483,196,314
320,254,124,63,357,79,312,91,107,137,293,361,552,194,168,153,237,558,308,36,167,317,155,116,202,73,206,160,135,379,503,976,193,285,64,356,313,53,166,333,198,61,271,131,257,286,96,335,112,202
522,471,205,82,538,113,545,160,174,200,433,649,916,326,258,323,379,908,538,63,288,492,336,207,351,144,380,271,276,663,789,1398,277,477,105,590,512,101,271,564,371,109,377,212,455,483,335,301,193,356
167,167,68,26,164,32,162,65,68,86,174,214,332,132,94,88,131,318,184,16,104,169,109,83,132,50,132,93,106,267,257,515,86,162,41,206,157,20,100,217,124,40,144,76,160,196,112,193,32,114
383,297,144,59,355,79,328,114,121,166,323,354,599,217,185,189,254,633,328,45,195,368,215,134,214,93,232,173,184,429,533,932,182,338,65,334,331,55,175,312,224,71,269,123,278,314,202,356,114,124
