265,448,229,85,519,111,490,164,154,252,477,506,853,364,328,359,369,838,485,63,338,503,381,233,367,150,359,294,291,651,675,1167,271,521,110,533,480,83,244,440,301,115,350,189,430,431,319,497,187,385
448,166,136,77,429,100,417,122,149,179,399,504,796,262,233,253,325,767,452,38,233,418,256,172,304,105,294,196,199,538,650,1263,239,372,97,481,392,89,205,434,273,84,344,166,330,390,260,459,167,298
229,136,38,30,193,37,158,55,59,77,161,227,335,117,105,113,136,355,199,23,97,208,114,75,114,40,113,98,100,241,287,556,111,201,48,201,183,34,93,204,121,41,142,70,157,174,118,211,72,140
85,77,30,5,85,13,88,24,25,43,86,95,140,67,58,61,54,149,87,15,57,83,58,37,66,16,65,39,43,104,134,225,47,72,23,89,75,13,34,86,56,16,62,34,65,65,62,84,34,66
519,429,193,85,247,107,497,150,166,218,451,558,919,327,271,270,371,953,520,42,293,537,314,210,359,139,334,224,270,622,766,1487,274,459,113,536,471,83,250,550,356,116,391,180,445,491,323,503,212,352
111,100,37,13,107,10,109,38,32,50,93,131,178,90,73,75,78,195,117,16,68,110,72,42,81,27,83,52,64,138,152,273,57,100,32,125,91,14,51,116,87,24,84,41,84,88,91,114,47,64
490,417,158,88,497,109,246,127,166,184,431,563,880,316,253,267,380,924,490,63,291,504,294,198,331,116,325,211,244,616,757,1311,259,451,120,528,434,78,232,510,318,94,393,169,375,414,337,509,184,345
164,122,55,24,150,38,127,25,48,83,170,183,267,93,65,74,95,255,163,27,100,147,94,65,86,35,86,72,74,193,224,440,88,149,33,138,155,26,95,149,104,36,119,52,111,144,108,185,59,120
154,149,59,25,166,32,166,48,18,83,153,173,286,102,88,85,103,295,166,20,91,173,91,53,111,47,120,83,75,205,253,442,95,160,54,167,151,24,81,184,96,39,132,53,124,149,119,171,49,101
252,179,77,43,218,50,184,83,83,43,161,225,326,121,112,131,156,347,215,22,138,185,137,79,142,52,145,92,130,236,294,534,113,194,46,217,196,36,124,235,135,40,138,79,161,149,129,209,72,161
477,399,161,86,451,93,431,170,153,161,198,497,760,287,223,290,317,736,425,61,246,411,260,172,287,104,308,192,227,529,611,1108,239,374,84,456,381,66,248,450,292,88,298,171,344,367,289,434,157,317
506,504,227,95,558,131,563,183,173,225,497,330,1004,367,273,307,412,1032,619,75,298,600,328,220,344,152,420,263,259,712,839,1563,296,527,145,570,517,92,277,600,372,127,464,226,407,486,314,598,219,366
853,796,335,140,919,178,880,267,286,326,760,1004,781,624,444,531,659,1352,944,117,506,933,526,384,547,217,601,440,457,1143,1345,2415,483,856,213,1052,842,154,416,1008,615,197,707,369,671,904,560,948,323,584
364,262,117,67,327,90,316,93,102,121,287,367,624,106,174,170,252,588,344,46,170,345,208,117,225,75,207,151,172,420,452,900,164,337,73,322,310,50,181,319,237,64,270,108,288,290,202,336,142,216
328,233,105,58,271,73,253,65,88,112,223,273,444,174,72,156,197,456,237,38,138,261,150,100,163,63,161,137,117,342,382,745,135,242,60,258,250,49,110,248,159,47,213,87,222,252,161,253,100,210
359,253,113,61,270,75,267,74,85,131,290,307,531,170,156,80,206,525,253,40,152,271,183,123,211,84,210,145,122,372,420,859,169,283,70,284,264,51,137,272,178,54,224,98,245,277,191,302,129,203
369,325,136,54,371,78,380,95,103,156,317,412,659,252,197,206,109,644,373,48,193,402,208,156,236,90,245,174,168,514,573,992,218,368,78,330,334,55,177,399,224,83,275,128,308,341,248,386,125,259
838,767,355,149,953,195,924,255,295,347,736,1032,1352,588,456,525,644,793,911,107,486,901,505,396,547,225,595,413,458,1115,1297,2357,474,859,227,1012,844,163,425,982,589,185,695,322,705,847,600,939,333,577
485,452,199,87,520,117,490,163,166,215,425,619,944,344,237,253,373,911,263,64,285,473,282,193,334,130,339,235,219,618,695,1422,261,510,106,568,473,91,274,513,324,102,400,161,397,446,331,509,186,345
63,38,23,15,42,16,63,27,20,22,61,75,117,46,38,40,48,107,64,5,27,68,36,25,34,16,32,27,31,71,118,182,23,57,12,62,66,10,34,69,45,17,42,33,41,51,32,61,25,44
338,233,97,57,293,68,291,100,91,138,246,298,506,170,138,152,193,486,285,27,76,307,146,122,171,70,180,117,136,317,428,816,144,244,63,324,266,48,142,309,167,62,223,111,220,256,171,310,107,202
503,418,208,83,537,110,504,147,173,185,411,600,933,345,261,271,402,901,473,68,307,265,300,209,325,123,362,245,259,643,703,1419,266,503,106,549,471,97,277,495,348,120,384,183,424,440,318,507,178,374
381,256,114,58,314,72,294,94,91,137,260,328,526,208,150,183,208,505,282,36,146,300,92,117,179,73,208,128,148,379,437,818,161,271,64,311,286,45,143,342,178,66,244,110,246,275,166,305,108,215
233,172,75,37,210,42,198,65,53,79,172,220,384,117,100,123,156,396,193,25,122,209,117,26,119,36,113,103,100,272,321,562,103,158,52,227,195,31,121,213,127,41,177,77,138,192,128,215,76,155
367,304,114,66,359,81,331,86,111,142,287,344,547,225,163,211,236,547,334,34,171,325,179,119,106,67,207,160,181,400,493,937,181,304,69,340,322,57,169,341,231,69,278,117,230,318,204,343,119,230
150,105,40,16,139,27,116,35,47,52,104,152,217,75,63,84,90,225,130,16,70,123,73,36,67,17,71,61,60,161,186,355,51,111,30,126,131,21,72,144,98,19,86,53,93,124,69,144,48,94
359,294,113,65,334,83,325,86,120,145,308,420,601,207,161,210,245,595,339,32,180,362,208,113,207,71,103,150,159,417,499,983,165,282,73,356,346,53,187,345,218,61,243,133,250,318,182,345,114,247
294,196,98,39,224,52,211,72,83,92,192,263,440,151,137,145,174,413,235,27,117,245,128,103,160,61,150,50,132,262,364,651,178,219,54,242,234,36,123,254,117,51,190,82,193,237,146,232,85,157
291,199,100,43,270,64,244,74,75,130,227,259,457,172,117,122,168,458,219,31,136,259,148,100,181,60,159,132,79,309,378,738,145,222,46,257,232,45,115,250,166,44,187,91,208,217,172,264,85,183
651,538,241,104,622,138,616,193,205,236,529,712,1143,420,342,372,514,1115,618,71,317,643,379,272,400,161,417,262,309,365,979,1768,364,586,163,703,574,102,335,685,400,133,491,228,499,588,397,668,238,405
675,650,287,134,766,152,757,224,253,294,611,839,1345,452,382,420,573,1297,695,118,428,703,437,321,493,186,499,364,378,979,583,2042,404,743,180,838,726,138,395,810,482,157,566,329,606,702,507,781,284,491
1167,1263,556,225,1487,273,1311,440,442,534,1108,1563,2415,900,745,859,992,2357,1422,182,816,1419,818,562,937,355,983,651,738,1768,2042,1936,693,1367,314,1518,1286,236,687,1529,911,292,1033,542,1098,1273,870,1396,490,943
271,239,111,47,274,57,259,88,95,113,239,296,483,164,135,169,218,474,261,23,144,266,161,103,181,51,165,178,145,364,404,693,67,259,62,317,224,50,136,300,184,57,199,104,224,258,177,232,102,177
521,372,201,72,459,100,451,149,160,194,374,527,856,337,242,283,368,859,510,57,244,503,271,158,304,111,282,219,222,586,743,1367,259,205,118,495,410,70,221,470,314,97,358,180,383,453,307,489,172,325
110,97,48,23,113,32,120,33,54,46,84,145,213,73,60,70,78,227,106,12,63,106,64,52,69,30,73,54,46,163,180,314,62,118,15,110,107,15,56,127,72,27,92,45,85,104,70,116,56,69
533,481,201,89,536,125,528,138,167,217,456,570,1052,322,258,284,330,1012,568,62,324,549,311,227,340,126,356,242,257,703,838,1518,317,495,110,262,504,93,271,558,341,122,397,186,431,490,326,583,206,356
480,392,183,75,471,91,434,155,151,196,381,517,842,310,250,264,334,844,473,66,266,471,286,195,322,131,346,234,232,574,726,1286,224,410,107,504,219,80,213,498,313,88,383,170,397,439,301,426,172,344
83,89,34,13,83,14,78,26,24,36,66,92,154,50,49,51,55,163,91,10,48,97,45,31,57,21,53,36,45,102,138,236,50,70,15,93,80,7,37,93,71,14,69,28,67,85,56,99,31,53
244,205,93,34,250,51,232,95,81,124,248,277,416,181,110,137,177,425,274,34,142,277,143,121,169,72,187,123,115,335,395,687,136,221,56,271,213,37,52,271,173,65,200,101,201,267,174,270,84,198
440,434,204,86,550,116,510,149,184,235,450,600,1008,319,248,272,399,982,513,69,309,495,342,213,341,144,345,254,250,685,810,1529,300,470,127,558,498,93,271,289,332,112,418,205,433,507,304,573,200,366
301,273,121,56,356,87,318,104,96,135,292,372,615,237,159,178,224,589,324,45,167,348,178,127,231,98,218,117,166,400,482,911,184,314,72,341,313,71,173,332,104,63,277,107,268,313,192,353,105,233
115,84,41,16,116,24,94,36,39,40,88,127,197,64,47,54,83,185,102,17,62,120,66,41,69,19,61,51,44,133,157,292,57,97,27,122,88,14,65,112,63,10,79,43,89,95,76,104,47,55
350,344,142,62,391,84,393,119,132,138,298,464,707,270,213,224,275,695,400,42,223,384,244,177,278,86,243,190,187,491,566,1033,199,358,92,397,383,69,200,418,277,79,140,136,341,335,238,380,151,257
189,166,70,34,180,41,169,52,53,79,171,226,369,108,87,98,128,322,161,33,111,183,110,77,117,53,133,82,91,228,329,542,104,180,45,186,170,28,101,205,107,43,136,45,151,155,112,186,66,131
430,330,157,65,445,84,375,111,124,161,344,407,671,288,222,245,308,705,397,41,220,424,246,138,230,93,250,193,208,499,606,1098,224,383,85,431,397,67,201,433,268,89,341,151,161,383,257,414,135,263
431,390,174,65,491,88,414,144,149,149,367,486,904,290,252,277,341,847,446,51,256,440,275,192,318,124,318,237,217,588,702,1273,258,453,104,490,439,85,267,507,313,95,335,155,383,202,301,481,172,290
319,260,118,62,323,91,337,108,119,129,289,314,560,202,161,191,248,600,331,32,171,318,166,128,204,69,182,146,172,397,507,870,177,307,70,326,301,56,174,304,192,76,238,112,257,301,84,334,103,220
497,459,211,84,503,114,509,185,171,209,434,598,948,336,253,302,386,939,509,61,310,507,305,215,343,144,345,232,264,668,781,1396,232,489,116,583,426,99,270,573,353,104,380,186,414,481,334,271,197,346
187,167,72,34,212,47,184,59,49,72,157,219,323,142,100,129,125,333,186,25,107,178,108,76,119,48,114,85,85,238,284,490,102,172,56,206,172,31,84,200,105,47,151,66,135,172,103,197,36,106
385,298,140,66,352,64,345,120,101,161,317,366,584,216,210,203,259,577,345,44,202,374,215,155,230,94,247,157,183,405,491,943,177,325,69,356,344,53,198,366,233,55,257,131,263,290,220,346,106,132
