263,443,215,89,509,120,480,183,188,268,444,515,879,398,329,364,370,902,517,80,327,523,361,213,395,175,408,269,316,609,727,1235,254,488,101,512,467,67,267,515,321,121,368,183,454,397,349,508,170,391
443,190,155,69,451,104,437,134,148,178,402,526,817,275,226,232,294,860,441,41,238,466,248,192,317,108,302,202,214,579,657,1271,241,412,116,391,411,84,211,497,288,93,343,185,362,411,252,464,211,320
215,155,36,31,189,46,193,69,67,70,177,182,340,126,100,91,123,386,208,28,100,205,123,78,119,38,131,81,108,248,290,569,109,206,49,179,200,31,105,220,121,61,159,75,166,180,113,242,75,135
89,69,31,4,75,12,65,27,23,34,68,92,153,55,54,54,43,165,87,11,39,84,46,26,49,33,60,42,46,125,122,196,33,83,16,82,64,18,35,80,52,18,66,30,70,68,58,76,26,62
509,451,189,75,227,99,484,129,168,198,455,578,917,326,286,329,355,967,546,57,303,528,312,212,339,150,355,250,284,721,757,1418,278,481,135,502,474,95,239,562,327,105,418,183,426,480,340,548,202,335
120,104,46,12,99,14,89,37,33,47,97,126,216,70,68,75,74,216,126,11,63,126,70,42,76,34,79,53,64,168,184,302,66,114,23,126,107,31,50,118,85,27,83,40,87,85,79,96,42,72
480,437,193,65,484,89,228,160,149,170,394,546,911,282,256,278,358,944,514,58,251,507,280,183,317,121,340,225,273,655,757,1354,248,430,117,553,429,74,251,505,334,108,367,170,395,434,290,495,171,370
183,134,69,27,129,37,160,30,42,73,136,171,283,93,73,80,119,268,136,20,74,154,105,50,111,32,104,65,71,205,217,440,76,141,29,142,154,18,71,148,94,20,112,49,123,145,82,163,50,107
188,148,67,23,168,33,149,42,29,66,166,188,297,111,81,100,109,289,171,15,76,175,86,59,119,37,93,69,78,217,257,426,98,166,42,178,159,28,73,198,122,33,133,54,150,149,117,161,60,128
268,178,70,34,198,47,170,73,66,43,150,241,382,140,111,138,155,371,198,29,120,213,125,78,155,45,136,106,96,282,316,554,116,175,45,222,194,33,105,191,128,51,156,67,161,170,129,205,80,141
444,402,177,68,455,97,394,136,166,150,191,469,740,284,247,266,320,773,441,53,268,415,268,169,294,109,289,190,204,578,659,1194,235,410,109,472,372,72,230,463,280,88,328,177,345,392,281,427,166,283
515,526,182,92,578,126,546,171,188,241,469,318,1022,359,278,290,384,1013,541,62,340,572,318,230,367,139,354,239,276,641,828,1675,290,536,128,607,525,100,280,664,397,95,421,237,429,517,376,550,211,348
879,817,340,153,917,216,911,283,297,382,740,1022,865,594,461,525,661,1495,911,93,495,907,521,355,579,221,625,405,446,1238,1418,2488,476,851,201,989,843,177,482,976,623,170,729,359,738,808,587,979,322,606
398,275,126,55,326,70,282,93,111,140,284,359,594,115,189,197,230,571,328,43,154,345,198,126,203,83,199,150,170,376,491,866,191,313,71,350,306,64,135,321,189,62,247,105,244,320,199,320,117,257
329,226,100,54,286,68,256,73,81,111,247,278,461,189,76,139,184,482,276,35,147,279,129,97,168,90,201,116,152,293,414,730,132,260,60,268,259,45,138,304,158,54,178,90,229,250,172,281,81,195
364,232,91,54,329,75,278,80,100,138,266,290,525,197,139,92,218,541,309,35,155,291,127,98,193,91,201,115,149,361,459,823,143,262,66,305,272,38,143,293,160,55,209,97,235,281,168,307,86,213
370,294,123,43,355,74,358,119,109,155,320,384,661,230,184,218,127,677,376,37,204,363,206,139,222,81,232,182,203,468,584,1041,184,354,89,371,333,56,198,394,237,76,288,116,294,322,217,400,131,280
902,860,386,165,967,216,944,268,289,371,773,1013,1495,571,482,541,677,834,945,117,518,918,528,376,609,230,623,396,426,1188,1367,2498,512,847,199,997,834,168,465,960,619,190,704,336,725,839,618,959,323,618
517,441,208,87,546,126,514,136,171,198,441,541,911,328,276,309,376,945,260,59,287,507,301,204,304,127,349,254,256,680,739,1476,257,471,119,530,474,82,249,554,332,97,411,190,432,474,327,534,192,366
80,41,28,11,57,11,58,20,15,29,53,62,93,43,35,35,37,117,59,2,34,65,37,32,39,15,43,31,27,69,98,182,26,58,10,48,55,13,25,79,42,9,61,20,39,54,49,88,16,45
327,238,100,39,303,63,251,74,76,120,268,340,495,154,147,155,204,518,287,34,83,268,148,112,173,70,186,125,142,367,432,815,139,237,54,281,261,49,153,330,187,51,248,104,232,243,167,297,87,190
523,466,205,84,528,126,507,154,175,213,415,572,907,345,279,291,363,918,507,65,268,297,305,230,354,147,396,253,272,684,776,1429,272,445,116,535,451,73,265,552,345,109,381,174,446,471,372,529,195,374
361,248,123,46,312,70,280,105,86,125,268,318,521,198,129,127,206,528,301,37,148,305,73,123,189,86,207,119,152,357,399,820,139,274,64,336,291,41,145,318,172,79,220,106,239,301,176,302,85,194
213,192,78,26,212,42,183,50,59,78,169,230,355,126,97,98,139,376,204,32,112,230,123,39,145,60,166,97,98,254,305,557,110,172,57,207,183,29,93,233,136,45,137,62,169,220,119,237,72,126
395,317,119,49,339,76,317,111,119,155,294,367,579,203,168,193,222,609,304,39,173,354,189,145,109,79,233,150,168,426,478,957,165,308,87,367,294,60,175,350,196,66,262,126,260,295,204,348,108,215
175,108,38,33,150,34,121,32,37,45,109,139,221,83,90,91,81,230,127,15,70,147,86,60,79,8,57,49,72,163,202,381,77,104,36,137,121,19,62,131,81,22,102,43,118,119,72,153,55,75
408,302,131,60,355,79,340,104,93,136,289,354,625,199,201,201,232,623,349,43,186,396,207,166,233,57,99,145,150,449,531,982,205,296,89,376,315,60,182,376,211,75,281,122,284,333,218,366,133,228
269,202,81,42,250,53,225,65,69,106,190,239,405,150,116,115,182,396,254,31,125,253,119,97,150,49,145,48,100,277,364,634,126,240,59,239,221,33,127,267,160,52,183,79,198,214,150,226,99,165
316,214,108,46,284,64,273,71,78,96,204,276,446,170,152,149,203,426,256,27,142,272,152,98,168,72,150,100,58,322,350,699,136,248,69,265,251,40,121,276,154,60,178,89,180,233,144,293,98,165
609,579,248,125,721,168,655,205,217,282,578,641,1238,376,293,361,468,1188,680,69,367,684,357,254,426,163,449,277,322,411,1052,1858,359,622,142,658,578,109,308,718,434,129,508,241,485,623,405,680,231,447
727,657,290,122,757,184,757,217,257,316,659,828,1418,491,414,459,584,1367,739,98,432,776,399,305,478,202,531,364,350,1052,607,2113,408,738,170,838,703,134,390,825,488,164,532,304,598,717,483,787,281,488
1235,1271,569,196,1418,302,1354,440,426,554,1194,1675,2488,866,730,823,1041,2498,1476,182,815,1429,820,557,957,381,982,634,699,1858,2113,1969,751,1255,299,1581,1273,259,729,1555,963,304,1099,573,1084,1260,913,1505,497,962
254,241,109,33,278,66,248,76,98,116,235,290,476,191,132,143,184,512,257,26,139,272,139,110,165,77,205,126,136,359,408,751,64,240,60,312,229,50,147,320,163,60,200,103,204,245,190,306,88,179
488,412,206,83,481,114,430,141,166,175,410,536,851,313,260,262,354,847,471,58,237,445,274,172,308,104,296,240,248,622,738,1255,240,214,100,470,433,78,224,498,334,86,349,173,396,424,289,507,174,324
101,116,49,16,135,23,117,29,42,45,109,128,201,71,60,66,89,199,119,10,54,116,64,57,87,36,89,59,69,142,170,299,60,100,10,135,106,21,49,141,73,21,71,42,101,111,76,114,39,81
512,391,179,82,502,126,553,142,178,222,472,607,989,350,268,305,371,997,530,48,281,535,336,207,367,137,376,239,265,658,838,1581,312,470,135,264,497,83,271,614,330,128,393,220,453,523,307,600,204,352
467,411,200,64,474,107,429,154,159,194,372,525,843,306,259,272,333,834,474,55,261,451,291,183,294,121,315,221,251,578,703,1273,229,433,106,497,226,83,216,488,304,89,337,175,376,432,306,460,155,320
67,84,31,18,95,31,74,18,28,33,72,100,177,64,45,38,56,168,82,13,49,73,41,29,60,19,60,33,40,109,134,259,50,78,21,83,83,12,35,82,58,16,61,31,65,98,66,93,40,54
267,211,105,35,239,50,251,71,73,105,230,280,482,135,138,143,198,465,249,25,153,265,145,93,175,62,182,127,121,308,390,729,147,224,49,271,216,35,54,261,156,51,189,94,210,252,166,304,91,183
515,497,220,80,562,118,505,148,198,191,463,664,976,321,304,293,394,960,554,79,330,552,318,233,350,131,376,267,276,718,825,1555,320,498,141,614,488,82,261,286,373,97,405,215,453,521,357,570,227,400
321,288,121,52,327,85,334,94,122,128,280,397,623,189,158,160,237,619,332,42,187,345,172,136,196,81,211,160,154,434,488,963,163,334,73,330,304,58,156,373,103,74,301,155,265,314,206,338,112,235
121,93,61,18,105,27,108,20,33,51,88,95,170,62,54,55,76,190,97,9,51,109,79,45,66,22,75,52,60,129,164,304,60,86,21,128,89,16,51,97,74,11,87,39,80,103,67,113,27,74
368,343,159,66,418,83,367,112,133,156,328,421,729,247,178,209,288,704,411,61,248,381,220,137,262,102,281,183,178,508,532,1099,200,349,71,393,337,61,189,405,301,87,123,155,317,365,236,395,123,267
183,185,75,30,183,40,170,49,54,67,177,237,359,105,90,97,116,336,190,20,104,174,106,62,126,43,122,79,89,241,304,573,103,173,42,220,175,31,94,215,155,39,155,37,154,179,102,189,71,130
454,362,166,70,426,87,395,123,150,161,345,429,738,244,229,235,294,725,432,39,232,446,239,169,260,118,284,198,180,485,598,1084,204,396,101,453,376,65,210,453,265,80,317,154,170,391,253,443,155,278
397,411,180,68,480,85,434,145,149,170,392,517,808,320,250,281,322,839,474,54,243,471,301,220,295,119,333,214,233,623,717,1260,245,424,111,523,432,98,252,521,314,103,365,179,391,222,306,532,176,293
349,252,113,58,340,79,290,82,117,129,281,376,587,199,172,168,217,618,327,49,167,372,176,119,204,72,218,150,144,405,483,913,190,289,76,307,306,66,166,357,206,67,236,102,253,306,97,325,116,206
508,464,242,76,548,96,495,163,161,205,427,550,979,320,281,307,400,959,534,88,297,529,302,237,348,153,366,226,293,680,787,1505,306,507,114,600,460,93,304,570,338,113,395,189,443,532,325,245,198,351
170,211,75,26,202,42,171,50,60,80,166,211,322,117,81,86,131,323,192,16,87,195,85,72,108,55,133,99,98,231,281,497,88,174,39,204,155,40,91,227,112,27,123,71,155,176,116,198,19,120
391,320,135,62,335,72,370,107,128,141,283,348,606,257,195,213,280,618,366,45,190,374,194,126,215,75,228,165,165,447,488,962,179,324,81,352,320,54,183,400,235,74,267,130,278,293,206,351,120,107
