290,442,213,94,497,97,472,172,178,244,449,546,835,363,302,370,369,795,518,68,320,514,321,198,362,159,367,279,284,611,694,1266,257,496,99,559,491,92,256,459,325,117,383,191,450,447,351,532,170,381
442,185,163,71,431,112,420,125,144,186,360,463,847,282,236,231,321,814,480,44,215,447,259,187,276,120,288,203,220,523,644,1258,253,441,98,444,405,78,222,438,302,92,344,170,350,431,268,457,164,257
213,163,33,29,192,42,209,62,60,83,176,210,381,113,117,126,130,362,218,26,99,231,119,104,125,45,130,93,98,268,319,572,96,181,49,205,211,33,118,210,127,52,157,74,170,159,127,214,66,146
94,71,29,15,95,27,73,25,34,46,74,83,161,49,49,55,70,145,71,17,55,77,61,34,58,22,57,40,50,112,115,213,48,85,13,104,81,22,45,92,51,21,60,30,90,70,59,93,35,60
497,431,192,95,285,121,444,137,152,212,442,572,936,345,305,287,376,921,502,59,287,527,330,209,335,142,362,251,265,665,784,1463,283,478,124,524,445,90,242,523,323,106,382,188,413,435,330,509,197,356
97,112,42,27,121,14,107,27,42,51,100,121,200,77,72,73,81,203,93,19,53,115,68,48,81,31,73,50,72,132,152,292,57,116,29,120,110,20,66,128,82,23,81,46,93,112,73,111,52,74
472,420,209,73,444,107,232,152,159,220,431,575,832,325,276,292,355,826,480,66,288,481,303,205,325,121,327,217,264,621,743,1285,236,430,94,535,410,79,278,502,335,102,328,175,380,433,314,492,175,344
172,125,62,25,137,27,152,23,51,72,143,192,259,107,89,94,95,273,152,16,91,132,89,71,109,51,131,68,85,176,229,420,97,123,41,147,148,20,79,168,111,29,93,65,133,131,97,149,59,113
178,144,60,34,152,42,159,51,25,73,151,191,303,105,77,92,115,289,165,15,106,171,90,66,97,49,120,84,83,205,241,478,82,148,40,181,162,28,91,186,101,36,147,65,117,148,91,192,57,124
244,186,83,46,212,51,220,72,73,41,161,222,382,142,109,123,156,375,210,29,120,208,138,88,146,65,149,105,121,286,313,557,103,185,47,216,188,29,84,226,138,56,164,83,172,176,125,229,76,130
449,360,176,74,442,100,431,143,151,161,194,479,781,309,232,245,328,772,435,60,240,470,248,181,284,116,285,218,219,570,636,1165,243,428,107,429,425,70,192,441,276,83,329,180,392,405,284,469,171,269
546,463,210,83,572,121,575,192,191,222,479,314,1022,378,268,319,411,1044,561,71,300,522,344,223,351,143,383,261,259,730,837,1644,320,533,116,600,494,85,274,610,376,115,433,212,448,566,359,564,203,387
835,847,381,161,936,200,832,259,303,382,781,1022,867,636,496,526,631,1450,918,104,465,926,516,352,607,212,618,408,426,1185,1392,2573,501,876,211,987,833,143,435,977,594,182,683,325,698,881,619,932,339,561
363,282,113,49,345,77,325,107,105,142,309,378,636,98,188,210,248,610,328,43,175,335,197,114,212,90,227,146,181,442,483,913,160,305,68,344,320,59,152,347,187,72,251,109,274,311,203,368,134,235
302,236,117,49,305,72,276,89,77,109,232,268,496,188,75,138,188,478,294,35,144,285,166,110,187,70,186,133,142,334,383,749,144,269,63,270,260,50,138,269,157,51,206,93,203,220,160,252,103,175
370,231,126,55,287,73,292,94,92,123,245,319,526,210,138,62,212,516,302,42,161,330,191,128,196,73,210,127,151,340,450,827,155,261,75,297,284,60,151,291,188,64,226,98,239,251,195,276,121,168
369,321,130,70,376,81,355,95,115,156,328,411,631,248,188,212,131,625,315,45,202,354,240,166,253,108,293,182,199,500,540,1043,199,337,84,384,348,58,182,393,254,66,280,140,301,325,231,373,127,246
795,814,362,145,921,203,826,273,289,375,772,1044,1450,610,478,516,625,784,923,113,501,980,517,356,583,215,584,418,392,1158,1342,2436,452,857,220,958,865,153,429,953,611,173,668,301,694,854,594,903,307,555
518,480,218,71,502,93,480,152,165,210,435,561,918,328,294,302,315,923,258,69,278,505,282,200,307,135,354,239,230,683,777,1444,287,469,124,501,496,72,229,553,343,105,373,192,411,475,292,532,213,306
68,44,26,17,59,19,66,16,15,29,60,71,104,43,35,42,45,113,69,4,36,59,39,22,45,14,44,26,29,85,88,163,35,62,19,63,63,11,33,67,46,10,64,21,52,51,47,69,28,46
320,215,99,55,287,53,288,91,106,120,240,300,465,175,144,161,202,501,278,36,60,274,168,108,166,82,182,111,148,370,462,754,153,253,79,299,287,36,155,288,178,54,218,114,228,294,176,291,126,173
514,447,231,77,527,115,481,132,171,208,470,522,926,335,285,330,354,980,505,59,274,260,331,200,322,133,365,239,243,708,766,1460,278,461,129,538,455,78,235,518,348,102,390,184,403,448,291,538,185,326
321,259,119,61,330,68,303,89,90,138,248,344,516,197,166,191,240,517,282,39,168,331,91,120,213,75,223,119,144,370,424,801,160,286,76,324,292,46,132,285,190,60,233,111,255,244,182,287,110,219
198,187,104,34,209,48,205,71,66,88,181,223,352,114,110,128,166,356,200,22,108,200,120,37,137,48,140,92,113,247,298,560,91,201,36,239,202,32,105,218,125,39,153,71,154,207,127,215,59,136
362,276,125,58,335,81,325,109,97,146,284,351,607,212,187,196,253,583,307,45,166,322,213,137,105,78,224,139,155,388,492,978,190,340,80,329,296,57,179,357,234,72,259,122,243,299,208,343,128,217
159,120,45,22,142,31,121,51,49,65,116,143,212,90,70,73,108,215,135,14,82,133,75,48,78,15,78,53,58,156,195,363,59,107,21,142,131,19,75,133,100,31,97,50,99,130,79,146,42,104
367,288,130,57,362,73,327,131,120,149,285,383,618,227,186,210,293,584,354,44,182,365,223,140,224,78,110,137,171,420,516,996,191,312,65,325,332,60,204,339,220,74,280,106,274,319,217,365,133,251
279,203,93,40,251,50,217,68,84,105,218,261,408,146,133,127,182,418,239,26,111,239,119,92,139,53,137,55,117,275,340,655,137,208,59,237,202,32,116,236,150,43,167,83,166,187,142,246,96,178
284,220,98,50,265,72,264,85,83,121,219,259,426,181,142,151,199,392,230,29,148,243,144,113,155,58,171,117,58,300,356,639,129,245,56,244,269,47,120,283,166,60,182,84,191,209,154,301,87,191
611,523,268,112,665,132,621,176,205,286,570,730,1185,442,334,340,500,1158,683,85,370,708,370,247,388,156,420,275,300,404,994,1838,351,619,163,644,617,109,322,678,426,122,458,222,508,558,425,705,247,425
694,644,319,115,784,152,743,229,241,313,636,837,1392,483,383,450,540,1342,777,88,462,766,424,298,492,195,516,340,356,994,563,2151,418,682,181,786,697,119,365,802,482,162,600,281,611,704,448,829,268,503
1266,1258,572,213,1463,292,1285,420,478,557,1165,1644,2573,913,749,827,1043,2436,1444,163,754,1460,801,560,978,363,996,655,639,1838,2151,1983,762,1273,306,1573,1287,245,721,1553,955,271,1047,521,1051,1357,860,1446,494,921
257,253,96,48,283,57,236,97,82,103,243,320,501,160,144,155,199,452,287,35,153,278,160,91,190,59,191,137,129,351,418,762,66,253,64,302,258,51,130,296,185,54,204,112,184,269,162,275,115,161
496,441,181,85,478,116,430,123,148,185,428,533,876,305,269,261,337,857,469,62,253,461,286,201,340,107,312,208,245,619,682,1273,253,196,111,477,432,66,233,514,320,100,372,161,383,413,287,491,208,307
99,98,49,13,124,29,94,41,40,47,107,116,211,68,63,75,84,220,124,19,79,129,76,36,80,21,65,59,56,163,181,306,64,111,12,112,108,18,56,133,83,21,85,44,92,117,69,108,39,85
559,444,205,104,524,120,535,147,181,216,429,600,987,344,270,297,384,958,501,63,299,538,324,239,329,142,325,237,244,644,786,1573,302,477,112,285,523,76,289,599,378,95,372,183,409,549,343,591,215,362
491,405,211,81,445,110,410,148,162,188,425,494,833,320,260,284,348,865,496,63,287,455,292,202,296,131,332,202,269,617,697,1287,258,432,108,523,214,92,219,497,302,105,388,183,368,442,308,503,188,329
92,78,33,22,90,20,79,20,28,29,70,85,143,59,50,60,58,153,72,11,36,78,46,32,57,19,60,32,47,109,119,245,51,66,18,76,92,6,41,89,60,18,81,38,76,69,60,90,37,54
256,222,118,45,242,66,278,79,91,84,192,274,435,152,138,151,182,429,229,33,155,235,132,105,179,75,204,116,120,322,365,721,130,233,56,289,219,41,64,270,166,45,164,111,232,227,140,230,99,162
459,438,210,92,523,128,502,168,186,226,441,610,977,347,269,291,393,953,553,67,288,518,285,218,357,133,339,236,283,678,802,1553,296,514,133,599,497,89,270,271,344,126,370,203,446,523,323,536,183,357
325,302,127,51,323,82,335,111,101,138,276,376,594,187,157,188,254,611,343,46,178,348,190,125,234,100,220,150,166,426,482,955,185,320,83,378,302,60,166,344,99,68,258,97,272,311,202,346,123,199
117,92,52,21,106,23,102,29,36,56,83,115,182,72,51,64,66,173,105,10,54,102,60,39,72,31,74,43,60,122,162,271,54,100,21,95,105,18,45,126,68,8,91,35,88,98,57,118,33,78
383,344,157,60,382,81,328,93,147,164,329,433,683,251,206,226,280,668,373,64,218,390,233,153,259,97,280,167,182,458,600,1047,204,372,85,372,388,81,164,370,258,91,146,137,324,355,246,407,147,275
191,170,74,30,188,46,175,65,65,83,180,212,325,109,93,98,140,301,192,21,114,184,111,71,122,50,106,83,84,222,281,521,112,161,44,183,183,38,111,203,97,35,137,38,145,179,111,207,73,124
450,350,170,90,413,93,380,133,117,172,392,448,698,274,203,239,301,694,411,52,228,403,255,154,243,99,274,166,191,508,611,1051,184,383,92,409,368,76,232,446,272,88,324,145,152,361,256,431,127,281
447,431,159,70,435,112,433,131,148,176,405,566,881,311,220,251,325,854,475,51,294,448,244,207,299,130,319,187,209,558,704,1357,269,413,117,549,442,69,227,523,311,98,355,179,361,215,276,487,173,310
351,268,127,59,330,73,314,97,91,125,284,359,619,203,160,195,231,594,292,47,176,291,182,127,208,79,217,142,154,425,448,860,162,287,69,343,308,60,140,323,202,57,246,111,256,276,114,332,131,178
532,457,214,93,509,111,492,149,192,229,469,564,932,368,252,276,373,903,532,69,291,538,287,215,343,146,365,246,301,705,829,1446,275,491,108,591,503,90,230,536,346,118,407,207,431,487,332,251,191,394
170,164,66,35,197,52,175,59,57,76,171,203,339,134,103,121,127,307,213,28,126,185,110,59,128,42,133,96,87,247,268,494,115,208,39,215,188,37,99,183,123,33,147,73,127,173,131,191,22,139
381,257,146,60,356,74,344,113,124,130,269,387,561,235,175,168,246,555,306,46,173,326,219,136,217,104,251,178,191,425,503,921,161,307,85,362,329,54,162,357,199,78,275,124,281,310,178,394,139,128
