259,455,207,99,476,118,478,174,165,248,461,485,802,352,319,344,379,832,472,79,301,483,353,226,407,159,391,311,289,578,646,1144,258,469,107,514,447,82,252,465,324,108,360,172,424,400,341,490,162,390
455,182,165,80,411,97,439,144,131,198,383,477,739,280,222,227,323,766,407,37,220,466,249,169,269,111,300,210,188,574,653,1235,229,406,96,439,461,73,219,463,304,84,348,184,356,380,251,432,162,297
207,165,39,36,185,48,212,55,63,89,181,216,352,143,99,113,145,351,191,24,113,198,129,80,141,45,143,77,91,240,317,539,100,195,42,229,198,27,107,214,139,46,145,87,157,161,115,209,72,125
99,80,36,7,75,19,89,25,39,41,80,87,113,65,39,52,52,114,86,13,55,99,44,27,67,20,51,40,52,87,113,192,48,78,20,86,85,10,38,79,62,20,63,32,69,79,51,80,24,60
476,411,185,75,264,116,486,139,168,199,406,552,812,353,258,306,357,847,502,69,297,528,299,209,357,126,367,242,252,624,766,1391,253,469,103,516,468,79,266,480,318,105,406,207,408,463,330,519,163,339
118,97,48,19,116,15,106,35,43,49,91,107,186,81,60,63,94,184,116,13,70,113,59,47,84,32,73,48,69,138,185,284,43,104,32,139,115,8,51,122,81,28,73,49,93,89,76,111,48,66
478,439,212,89,486,106,223,144,180,206,410,546,845,325,253,264,358,860,530,61,294,488,274,208,328,122,299,209,261,548,746,1277,255,459,115,522,441,68,242,537,320,116,378,180,376,422,310,493,171,347
174,144,55,25,139,35,144,25,62,86,138,175,260,102,75,85,119,251,162,20,98,157,81,69,100,39,107,98,66,213,240,389,84,148,28,164,141,23,77,160,109,36,114,50,124,137,74,164,46,105
165,131,63,39,168,43,180,62,34,57,160,193,307,110,90,93,133,302,161,26,101,157,90,79,118,34,104,88,83,214,266,489,90,170,34,166,150,27,85,181,115,34,131,66,136,137,104,184,64,117
248,198,89,41,199,49,206,86,57,36,149,230,362,122,117,123,151,376,209,24,118,240,116,89,159,62,149,106,109,245,311,551,104,186,40,221,215,31,100,225,130,49,162,84,206,180,139,207,78,136
461,383,181,80,406,91,410,138,160,149,196,464,714,279,237,247,313,752,416,55,238,460,260,180,340,117,295,212,227,523,644,1142,215,377,112,479,397,67,206,445,265,93,307,170,388,392,277,439,174,292
485,477,216,87,552,107,546,175,193,230,464,315,968,359,299,289,351,939,540,71,321,548,307,232,363,152,404,249,300,713,827,1590,301,539,118,579,548,84,267,580,341,117,401,217,448,505,358,588,182,336
802,739,352,113,812,186,845,260,307,362,714,968,815,578,484,518,654,1444,892,95,507,854,556,393,587,267,644,424,499,1121,1357,2339,475,773,194,993,805,146,444,947,583,181,665,322,753,818,568,932,312,610
352,280,143,65,353,81,325,102,110,122,279,359,578,112,170,188,247,548,332,37,207,330,188,127,215,87,222,157,180,422,511,946,197,280,57,353,321,58,162,366,210,65,226,137,271,310,206,336,124,212
319,222,99,39,258,60,253,75,90,117,237,299,484,170,70,136,198,473,254,29,144,260,167,97,181,61,164,120,124,321,403,723,147,245,60,273,267,43,121,276,190,60,225,97,213,238,169,264,110,173
344,227,113,52,306,63,264,85,93,123,247,289,518,188,136,84,204,507,260,33,158,283,170,110,196,65,204,132,155,325,460,835,154,285,67,294,294,36,153,290,231,51,235,110,249,269,178,308,108,176
379,323,145,52,357,94,358,119,133,151,313,351,654,247,198,204,141,677,329,51,205,360,200,147,279,94,237,180,178,439,558,990,204,335,77,377,300,81,192,394,239,75,257,123,304,325,255,388,132,238
832,766,351,114,847,184,860,251,302,376,752,939,1444,548,473,507,677,800,883,86,504,864,573,375,595,231,633,444,484,1118,1412,2342,474,772,202,974,784,145,441,934,591,193,639,341,722,798,547,962,319,626
472,407,191,86,502,116,530,162,161,209,416,540,892,332,254,260,329,883,242,56,291,496,331,193,359,123,330,234,256,580,790,1409,275,484,130,504,448,79,233,521,294,112,385,195,441,469,322,534,188,355
79,37,24,13,69,13,61,20,26,24,55,71,95,37,29,33,51,86,56,6,36,72,30,14,30,17,33,40,25,80,94,177,26,59,11,72,71,16,34,69,40,15,59,33,38,78,43,97,27,45
301,220,113,55,297,70,294,98,101,118,238,321,507,207,144,158,205,504,291,36,73,334,167,123,206,61,195,116,144,366,426,816,159,273,65,310,292,42,137,315,169,64,228,109,256,254,176,280,106,194
483,466,198,99,528,113,488,157,157,240,460,548,854,330,260,283,360,864,496,72,334,251,323,197,361,132,344,226,261,638,760,1372,271,484,126,516,492,92,246,549,334,103,392,206,413,474,329,547,193,353
353,249,129,44,299,59,274,81,90,116,260,307,556,188,167,170,200,573,331,30,167,323,94,106,209,78,160,131,151,381,504,891,187,261,73,342,271,51,142,308,184,52,221,104,256,294,194,321,126,186
226,169,80,27,209,47,208,69,79,89,180,232,393,127,97,110,147,375,193,14,123,197,106,37,129,46,118,71,93,234,309,587,124,197,51,206,193,26,100,230,147,53,155,78,144,188,131,200,84,115
407,269,141,67,357,84,328,100,118,159,340,363,587,215,181,196,279,595,359,30,206,361,209,129,133,85,212,124,151,425,517,917,171,315,80,348,290,52,152,337,242,80,240,119,251,285,205,348,116,219
159,111,45,20,126,32,122,39,34,62,117,152,267,87,61,65,94,231,123,17,61,132,78,46,85,10,75,49,69,158,207,392,71,116,24,131,131,14,67,135,65,20,109,49,101,115,96,149,43,99
391,300,143,51,367,73,299,107,104,149,295,404,644,222,164,204,237,633,330,33,195,344,160,118,212,75,111,137,177,405,521,980,168,288,75,347,316,45,177,372,230,74,254,129,257,305,210,345,120,230
311,210,77,40,242,48,209,98,88,106,212,249,424,157,120,132,180,444,234,40,116,226,131,71,124,49,137,52,112,286,358,667,131,232,51,236,209,35,120,217,177,43,193,96,168,232,151,259,86,156
289,188,91,52,252,69,261,66,83,109,227,300,499,180,124,155,178,484,256,25,144,261,151,93,151,69,177,112,65,323,387,743,143,238,59,256,259,42,119,274,156,59,214,110,213,217,157,296,103,160
578,574,240,87,624,138,548,213,214,245,523,713,1121,422,321,325,439,1118,580,80,366,638,381,234,425,158,405,286,323,411,926,1699,327,601,132,638,570,106,365,666,408,129,473,224,523,594,411,673,246,444
646,653,317,113,766,185,746,240,266,311,644,827,1357,511,403,460,558,1412,790,94,426,760,504,309,517,207,521,358,387,926,556,2105,433,686,170,812,635,125,362,786,501,176,591,273,657,677,483,796,271,502
1144,1235,539,192,1391,284,1277,389,489,551,1142,1590,2339,946,723,835,990,2342,1409,177,816,1372,891,587,917,392,980,667,743,1699,2105,1864,746,1259,292,1510,1233,248,658,1487,895,286,1021,521,1076,1244,857,1390,487,908
258,229,100,48,253,43,255,84,90,104,215,301,475,197,147,154,204,474,275,26,159,271,187,124,171,71,168,131,143,327,433,746,72,252,56,300,232,50,123,283,193,51,189,88,223,263,171,264,93,178
469,406,195,78,469,104,459,148,170,186,377,539,773,280,245,285,335,772,484,59,273,484,261,197,315,116,288,232,238,601,686,1259,252,224,116,472,436,60,245,502,332,87,358,189,368,447,263,479,195,331
107,96,42,20,103,32,115,28,34,40,112,118,194,57,60,67,77,202,130,11,65,126,73,51,80,24,75,51,59,132,170,292,56,116,11,118,105,15,66,129,89,27,84,38,95,110,79,134,49,80
514,439,229,86,516,139,522,164,166,221,479,579,993,353,273,294,377,974,504,72,310,516,342,206,348,131,347,236,256,638,812,1510,300,472,118,282,481,90,256,612,371,101,433,183,403,480,308,565,206,363
447,461,198,85,468,115,441,141,150,215,397,548,805,321,267,294,300,784,448,71,292,492,271,193,290,131,316,209,259,570,635,1233,232,436,105,481,268,69,231,485,324,106,359,168,352,418,307,446,189,290
82,73,27,10,79,8,68,23,27,31,67,84,146,58,43,36,81,145,79,16,42,92,51,26,52,14,45,35,42,106,125,248,50,60,15,90,69,6,46,80,57,16,59,33,70,70,46,80,30,65
252,219,107,38,266,51,242,77,85,100,206,267,444,162,121,153,192,441,233,34,137,246,142,100,152,67,177,120,119,365,362,658,123,245,66,256,231,46,60,229,167,48,185,88,192,221,131,247,91,171
465,463,214,79,480,122,537,160,181,225,445,580,947,366,276,290,394,934,521,69,315,549,308,230,337,135,372,217,274,666,786,1487,283,502,129,612,485,80,229,280,339,118,409,211,439,488,332,552,196,374
324,304,139,62,318,81,320,109,115,130,265,341,583,210,190,231,239,591,294,40,169,334,184,147,242,65,230,177,156,408,501,895,193,332,89,371,324,57,167,339,102,63,247,132,292,320,220,328,111,238
108,84,46,20,105,28,116,36,34,49,93,117,181,65,60,51,75,193,112,15,64,103,52,53,80,20,74,43,59,129,176,286,51,87,27,101,106,16,48,118,63,6,72,29,88,85,61,118,37,59
360,348,145,63,406,73,378,114,131,162,307,401,665,226,225,235,257,639,385,59,228,392,221,155,240,109,254,193,214,473,591,1021,189,358,84,433,359,59,185,409,247,72,119,129,304,315,221,377,138,280
172,184,87,32,207,49,180,50,66,84,170,217,322,137,97,110,123,341,195,33,109,206,104,78,119,49,129,96,110,224,273,521,88,189,38,183,168,33,88,211,132,29,129,30,150,158,114,192,58,135
424,356,157,69,408,93,376,124,136,206,388,448,753,271,213,249,304,722,441,38,256,413,256,144,251,101,257,168,213,523,657,1076,223,368,95,403,352,70,192,439,292,88,304,150,134,375,252,391,157,286
400,380,161,79,463,89,422,137,137,180,392,505,818,310,238,269,325,798,469,78,254,474,294,188,285,115,305,232,217,594,677,1244,263,447,110,480,418,70,221,488,320,85,315,158,375,185,296,463,154,325
341,251,115,51,330,76,310,74,104,139,277,358,568,206,169,178,255,547,322,43,176,329,194,131,205,96,210,151,157,411,483,857,171,263,79,308,307,46,131,332,220,61,221,114,252,296,112,332,136,207
490,432,209,80,519,111,493,164,184,207,439,588,932,336,264,308,388,962,534,97,280,547,321,200,348,149,345,259,296,673,796,1390,264,479,134,565,446,80,247,552,328,118,377,192,391,463,332,274,201,341
162,162,72,24,163,48,171,46,64,78,174,182,312,124,110,108,132,319,188,27,106,193,126,84,116,43,120,86,103,246,271,487,93,195,49,206,189,30,91,196,111,37,138,58,157,154,136,201,31,127
390,297,125,60,339,66,347,105,117,136,292,336,610,212,173,176,238,626,355,45,194,353,186,115,219,99,230,156,160,444,502,908,178,331,80,363,290,65,171,374,238,59,280,135,286,325,207,341,127,103
