265,472,227,86,477,103,433,177,165,255,452,530,803,348,289,359,381,789,476,73,314,515,302,213,360,151,379,312,276,594,683,1116,243,497,99,507,482,91,243,456,296,94,363,178,423,445,303,476,157,368
472,183,157,93,403,107,432,137,129,186,382,480,784,275,226,251,309,723,455,47,236,452,259,184,270,101,276,193,227,484,633,1241,213,408,99,476,429,62,219,485,264,80,328,148,361,444,269,456,160,289
227,157,26,32,187,38,186,70,63,83,175,225,347,148,110,104,152,364,193,15,112,221,105,83,120,53,127,95,107,237,270,549,95,169,46,240,172,27,117,203,130,35,139,75,167,170,124,236,77,144
86,93,32,7,94,14,81,26,40,38,73,79,129,58,47,54,64,148,80,12,64,84,57,33,59,16,57,37,50,112,119,204,30,59,19,96,79,13,48,86,62,25,51,42,73,74,65,76,27,64
477,403,187,94,268,118,507,161,198,213,437,561,939,331,264,302,352,866,507,60,268,492,303,199,323,143,365,255,268,615,780,1440,283,467,117,524,461,62,245,527,320,118,380,211,413,468,312,530,173,336
103,107,38,14,118,8,107,42,43,54,87,106,187,82,67,77,80,204,105,19,78,117,77,49,81,37,84,51,66,157,163,285,55,97,24,124,108,22,58,103,75,35,83,45,95,93,71,111,26,92
433,432,186,81,507,107,218,140,153,189,398,541,880,304,243,258,333,818,463,71,298,492,274,205,293,126,322,242,262,575,712,1343,247,434,108,525,457,77,219,479,292,97,319,166,395,440,302,486,172,362
177,137,70,26,161,42,140,18,59,66,159,186,247,105,73,64,106,250,173,25,79,167,88,62,101,28,94,77,77,179,232,412,82,146,40,149,140,25,73,179,98,34,118,56,121,148,87,168,62,94
165,129,63,40,198,43,153,59,28,69,144,198,292,109,76,82,125,295,162,21,99,172,92,76,99,43,106,87,88,191,242,485,108,174,42,188,179,30,90,142,92,32,133,57,130,145,104,192,69,114
255,186,83,38,213,54,189,66,69,44,145,236,379,123,127,135,167,432,214,33,126,209,117,90,123,49,147,94,120,298,316,596,104,204,54,223,189,31,98,222,130,34,171,63,176,182,134,198,75,164
452,382,175,73,437,87,398,159,144,145,175,467,742,280,245,254,324,757,449,63,255,466,245,174,286,113,296,208,273,537,659,1151,205,425,119,458,401,77,209,443,299,105,333,157,361,410,269,417,161,305
530,480,225,79,561,106,541,186,198,236,467,335,999,360,284,335,412,969,580,68,294,575,325,233,354,144,371,267,278,697,819,1520,302,526,140,630,526,96,310,580,360,117,422,234,450,531,356,617,205,349
803,784,347,129,939,187,880,247,292,379,742,999,791,579,487,552,658,1428,894,129,506,935,575,379,620,235,648,440,485,1172,1339,2440,462,833,203,983,812,142,439,941,623,197,646,351,743,818,548,897,315,643
348,275,148,58,331,82,304,105,109,123,280,360,579,94,171,191,238,582,335,40,157,319,182,114,230,66,208,155,168,402,516,888,182,302,63,355,309,47,165,362,230,63,240,125,244,301,208,314,121,212
289,226,110,47,264,67,243,73,76,127,245,284,487,171,46,143,184,469,257,31,149,281,158,110,166,49,174,128,124,320,424,798,161,253,58,271,249,38,135,285,169,63,220,92,188,219,145,258,72,181
359,251,104,54,302,77,258,64,82,135,254,335,552,191,143,74,205,515,293,37,158,318,161,104,167,68,193,129,124,354,462,873,159,256,72,272,271,28,131,302,170,59,240,101,204,241,151,297,95,209
381,309,152,64,352,80,333,106,125,167,324,412,658,238,184,205,134,621,381,52,186,375,240,142,251,99,234,198,197,404,548,1024,199,369,87,370,353,72,183,402,244,78,270,133,314,342,209,329,147,258
789,723,364,148,866,204,818,250,295,432,757,969,1428,582,469,515,621,794,877,121,512,929,524,324,576,231,624,424,428,1166,1323,2443,474,822,178,1001,811,161,454,896,607,195,642,316,705,788,553,884,267,581
476,455,193,80,507,105,463,173,162,214,449,580,894,335,257,293,381,877,263,73,286,518,308,177,343,117,323,214,253,629,727,1443,283,518,117,516,473,93,284,498,306,108,398,180,411,470,315,536,177,331
73,47,15,12,60,19,71,25,21,33,63,68,129,40,31,37,52,121,73,3,34,73,24,25,36,17,44,31,35,82,100,183,32,63,13,65,52,9,33,76,41,18,51,24,50,62,36,61,21,35
314,236,112,64,268,78,298,79,99,126,255,294,506,157,149,158,186,512,286,34,76,294,183,111,183,58,195,123,139,357,428,767,152,319,64,265,289,48,133,317,181,63,246,115,214,259,180,304,123,200
515,452,221,84,492,117,492,167,172,209,466,575,935,319,281,318,375,929,518,73,294,278,307,189,359,120,358,235,269,659,747,1405,286,508,131,506,499,83,242,547,329,105,382,209,430,492,354,516,193,365
302,259,105,57,303,77,274,88,92,117,245,325,575,182,158,161,240,524,308,24,183,307,97,118,190,72,202,126,150,365,459,895,156,263,71,288,267,51,137,329,199,59,228,96,247,291,210,317,119,210
213,184,83,33,199,49,205,62,76,90,174,233,379,114,110,104,142,324,177,25,111,189,118,41,131,40,124,93,105,222,301,516,95,188,46,198,178,38,103,222,130,43,134,86,155,165,111,205,73,145
360,270,120,59,323,81,293,101,99,123,286,354,620,230,166,167,251,576,343,36,183,359,190,131,102,84,207,159,176,363,511,993,195,295,77,341,318,71,176,367,252,63,274,122,240,306,185,311,138,217
151,101,53,16,143,37,126,28,43,49,113,144,235,66,49,68,99,231,117,17,58,120,72,40,84,17,74,69,68,162,193,378,73,123,18,157,133,25,73,127,88,27,82,57,90,103,74,137,58,83
379,276,127,57,365,84,322,94,106,147,296,371,648,208,174,193,234,624,323,44,195,358,202,124,207,74,117,167,149,427,523,977,192,325,60,371,323,53,184,348,241,67,258,114,237,308,199,348,120,235
312,193,95,37,255,51,242,77,87,94,208,267,440,155,128,129,198,424,214,31,123,235,126,93,159,69,167,57,116,285,327,639,126,228,55,252,193,34,114,254,147,39,174,87,209,225,186,251,104,136
276,227,107,50,268,66,262,77,88,120,273,278,485,168,124,124,197,428,253,35,139,269,150,105,176,68,149,116,47,315,396,730,130,256,59,270,244,32,136,298,172,63,186,88,204,255,172,283,115,157
594,484,237,112,615,157,575,179,191,298,537,697,1172,402,320,354,404,1166,629,82,357,659,365,222,363,162,427,285,315,385,962,1763,332,610,149,724,577,93,302,655,417,138,485,225,522,610,357,655,229,427
683,633,270,119,780,163,712,232,242,316,659,819,1339,516,424,462,548,1323,727,100,428,747,459,301,511,193,523,327,396,962,521,2003,399,744,174,799,716,121,375,769,461,131,552,291,606,671,475,744,268,512
1116,1241,549,204,1440,285,1343,412,485,596,1151,1520,2440,888,798,873,1024,2443,1443,183,767,1405,895,516,993,378,977,639,730,1763,2003,1925,734,1280,313,1515,1269,237,685,1427,903,279,1011,527,1171,1258,936,1422,517,923
243,213,95,30,283,55,247,82,108,104,205,302,462,182,161,159,199,474,283,32,152,286,156,95,195,73,192,126,130,332,399,734,69,262,61,324,250,53,136,292,176,63,210,97,225,227,191,313,97,169
497,408,169,59,467,97,434,146,174,204,425,526,833,302,253,256,369,822,518,63,319,508,263,188,295,123,325,228,256,610,744,1280,262,214,114,518,444,90,248,515,279,123,380,181,385,435,317,507,168,329
99,99,46,19,117,24,108,40,42,54,119,140,203,63,58,72,87,178,117,13,64,131,71,46,77,18,60,55,59,149,174,313,61,114,13,127,116,17,75,123,75,29,81,44,93,115,82,114,36,84
507,476,240,96,524,124,525,149,188,223,458,630,983,355,271,272,370,1001,516,65,265,506,288,198,341,157,371,252,270,724,799,1515,324,518,127,281,499,81,261,568,359,108,380,204,401,502,337,536,210,346
482,429,172,79,461,108,457,140,179,189,401,526,812,309,249,271,353,811,473,52,289,499,267,178,318,133,323,193,244,577,716,1269,250,444,116,499,212,84,234,446,309,96,338,182,380,412,313,477,166,313
91,62,27,13,62,22,77,25,30,31,77,96,142,47,38,28,72,161,93,9,48,83,51,38,71,25,53,34,32,93,121,237,53,90,17,81,84,5,33,73,53,17,54,34,76,88,54,95,39,39
243,219,117,48,245,58,219,73,90,98,209,310,439,165,135,131,183,454,284,33,133,242,137,103,176,73,184,114,136,302,375,685,136,248,75,261,234,33,56,260,158,57,176,83,210,257,163,266,107,174
456,485,203,86,527,103,479,179,142,222,443,580,941,362,285,302,402,896,498,76,317,547,329,222,367,127,348,254,298,655,769,1427,292,515,123,568,446,73,260,257,345,127,364,216,421,488,342,524,172,357
296,264,130,62,320,75,292,98,92,130,299,360,623,230,169,170,244,607,306,41,181,329,199,130,252,88,241,147,172,417,461,903,176,279,75,359,309,53,158,345,100,75,241,142,289,322,221,332,120,221
94,80,35,25,118,35,97,34,32,34,105,117,197,63,63,59,78,195,108,18,63,105,59,43,63,27,67,39,63,138,131,279,63,123,29,108,96,17,57,127,75,14,74,42,74,101,77,112,42,71
363,328,139,51,380,83,319,118,133,171,333,422,646,240,220,240,270,642,398,51,246,382,228,134,274,82,258,174,186,485,552,1011,210,380,81,380,338,54,176,364,241,74,131,141,287,316,235,373,142,257
178,148,75,42,211,45,166,56,57,63,157,234,351,125,92,101,133,316,180,24,115,209,96,86,122,57,114,87,88,225,291,527,97,181,44,204,182,34,83,216,142,42,141,39,154,165,133,173,67,126
423,361,167,73,413,95,395,121,130,176,361,450,743,244,188,204,314,705,411,50,214,430,247,155,240,90,237,209,204,522,606,1171,225,385,93,401,380,76,210,421,289,74,287,154,165,389,261,403,165,273
445,444,170,74,468,93,440,148,145,182,410,531,818,301,219,241,342,788,470,62,259,492,291,165,306,103,308,225,255,610,671,1258,227,435,115,502,412,88,257,488,322,101,316,165,389,191,305,468,171,325
303,269,124,65,312,71,302,87,104,134,269,356,548,208,145,151,209,553,315,36,180,354,210,111,185,74,199,186,172,357,475,936,191,317,82,337,313,54,163,342,221,77,235,133,261,305,97,334,127,223
476,456,236,76,530,111,486,168,192,198,417,617,897,314,258,297,329,884,536,61,304,516,317,205,311,137,348,251,283,655,744,1422,313,507,114,536,477,95,266,524,332,112,373,173,403,468,334,264,182,364
157,160,77,27,173,26,172,62,69,75,161,205,315,121,72,95,147,267,177,21,123,193,119,73,138,58,120,104,115,229,268,517,97,168,36,210,166,39,107,172,120,42,142,67,165,171,127,182,28,105
368,289,144,64,336,92,362,94,114,164,305,349,643,212,181,209,258,581,331,35,200,365,210,145,217,83,235,136,157,427,512,923,169,329,84,346,313,39,174,357,221,71,257,126,273,325,223,364,105,129
