251,417,198,86,470,98,460,184,156,246,439,512,775,333,316,326,348,789,483,58,332,495,331,213,379,153,386,271,319,577,678,1197,252,488,93,480,488,79,262,462,325,107,360,164,416,413,330,469,173,382
417,187,162,75,398,116,433,131,156,183,363,480,779,301,218,250,296,741,446,63,212,446,264,165,271,136,309,221,202,575,676,1205,221,429,94,456,427,84,212,414,294,97,341,147,348,396,262,453,166,276
198,162,39,26,197,39,199,55,78,89,177,228,342,113,99,110,135,350,203,29,97,200,102,72,115,33,128,85,88,227,320,582,121,159,43,207,168,36,87,232,137,32,158,80,146,197,109,225,66,122
86,75,26,4,85,15,70,24,35,45,65,102,126,50,36,46,63,136,84,14,51,81,61,46,53,30,64,41,57,92,112,208,39,74,23,91,64,17,44,73,64,19,61,42,75,91,49,90,31,68
470,398,197,85,242,103,496,158,159,204,414,542,933,351,273,309,382,942,540,75,257,513,302,203,333,136,352,224,227,597,746,1345,257,473,107,526,502,94,263,569,326,96,397,201,404,429,310,515,195,340
98,116,39,15,103,7,88,30,39,45,97,132,209,65,65,72,82,206,108,19,72,109,85,43,74,24,98,47,65,136,155,280,62,105,33,120,100,20,50,96,67,30,81,43,85,121,69,105,39,85
460,433,199,70,496,88,203,156,175,175,380,524,804,279,276,285,359,841,489,57,283,470,316,190,305,115,353,224,250,587,727,1269,233,460,112,492,433,66,250,499,304,101,376,192,357,434,313,514,164,339
184,131,55,24,158,30,156,14,54,62,140,175,258,103,68,75,96,275,160,17,83,174,95,68,110,36,99,67,100,175,237,418,71,145,42,158,158,25,67,151,105,18,128,55,141,140,89,180,59,103
156,156,78,35,159,39,175,54,23,71,163,183,294,130,74,83,126,298,160,30,97,160,98,72,103,51,124,81,74,228,221,463,96,151,42,168,141,24,84,159,112,23,117,65,111,136,91,169,57,109
246,183,89,45,204,45,175,62,71,48,194,221,346,135,117,134,158,371,222,27,108,199,127,72,139,51,132,106,116,255,311,576,111,195,42,200,209,34,107,223,129,41,163,85,150,193,132,222,80,144
439,363,177,65,414,97,380,140,163,194,189,489,751,300,232,257,332,752,479,52,239,476,258,153,304,114,274,229,218,535,625,1107,243,394,80,451,411,60,223,410,269,73,330,145,337,402,259,426,163,285
512,480,228,102,542,132,524,175,183,221,489,308,972,370,316,332,397,970,586,64,293,567,310,261,371,165,414,245,256,695,802,1551,317,541,138,583,524,96,277,597,358,115,415,193,443,522,348,555,206,367
775,779,342,126,933,209,804,258,294,346,751,972,795,564,464,574,637,1442,929,107,463,891,525,386,600,200,591,398,455,1144,1310,2294,450,841,216,983,825,159,439,942,589,165,683,342,724,830,548,900,338,575
333,301,113,50,351,65,279,103,130,135,300,370,564,101,165,172,225,573,349,47,185,367,191,117,199,69,226,146,167,400,514,927,173,279,77,315,306,54,165,369,210,71,250,128,243,331,217,357,126,224
316,218,99,36,273,65,276,68,74,117,232,316,464,165,65,133,194,474,280,39,148,288,181,87,177,57,187,121,128,318,422,737,170,249,69,286,265,52,119,282,197,55,199,86,199,243,176,292,94,188
326,250,110,46,309,72,285,75,83,134,257,332,574,172,133,62,215,539,290,49,144,309,188,115,179,70,195,125,148,331,466,828,166,281,62,307,292,48,135,324,185,51,222,109,208,278,157,286,96,215
348,296,135,63,382,82,359,96,126,158,332,397,637,225,194,215,134,637,364,31,209,381,225,176,241,98,231,156,174,448,517,995,206,351,88,358,355,49,191,402,256,82,274,125,304,323,237,345,150,257
789,741,350,136,942,206,841,275,298,371,752,970,1442,573,474,539,637,785,916,114,519,911,545,389,579,208,573,424,451,1079,1314,2354,467,826,213,954,802,139,465,936,617,169,637,322,706,793,532,874,335,594
483,446,203,84,540,108,489,160,160,222,479,586,929,349,280,290,364,916,264,69,280,494,299,180,336,120,325,231,259,649,728,1397,259,494,106,521,479,102,263,560,333,111,373,188,393,437,313,530,167,314
58,63,29,14,75,19,57,17,30,27,52,64,107,47,39,49,31,114,69,6,26,62,46,31,40,18,53,26,43,92,95,177,41,58,13,60,64,5,27,70,43,13,53,26,58,54,39,64,33,42
332,212,97,51,257,72,283,83,97,108,239,293,463,185,148,144,209,519,280,26,62,285,172,114,201,60,177,129,153,344,394,780,146,267,71,282,290,41,136,296,168,57,195,117,252,253,174,314,118,196
495,446,200,81,513,109,470,174,160,199,476,567,891,367,288,309,381,911,494,62,285,242,319,191,335,125,338,242,242,629,749,1417,275,506,117,519,477,97,243,572,344,108,375,212,420,453,349,569,205,341
331,264,102,61,302,85,316,95,98,127,258,310,525,191,181,188,225,545,299,46,172,319,95,116,195,79,186,116,154,374,471,897,167,289,76,294,301,52,162,329,212,73,219,114,249,309,197,320,111,233
213,165,72,46,203,43,190,68,72,72,153,261,386,117,87,115,176,389,180,31,114,191,116,38,119,54,138,82,97,277,314,565,121,187,43,198,186,46,107,213,133,52,157,73,142,199,131,222,66,143
379,271,115,53,333,74,305,110,103,139,304,371,600,199,177,179,241,579,336,40,201,335,195,119,118,70,207,132,167,401,495,988,193,310,66,330,292,57,174,380,212,71,256,127,256,318,222,352,116,251
153,136,33,30,136,24,115,36,51,51,114,165,200,69,57,70,98,208,120,18,60,125,79,54,70,18,86,60,54,168,207,343,65,114,27,151,120,20,72,133,88,29,100,42,93,122,76,145,40,94
386,309,128,64,352,98,353,99,124,132,274,414,591,226,187,195,231,573,325,53,177,338,186,138,207,86,112,166,143,420,555,982,180,344,59,344,335,55,179,361,212,76,272,124,280,333,199,360,123,253
271,221,85,41,224,47,224,67,81,106,229,245,398,146,121,125,156,424,231,26,129,242,116,82,132,60,166,53,118,270,340,676,110,211,53,256,230,32,115,247,169,50,186,84,165,189,136,245,71,153
319,202,88,57,227,65,250,100,74,116,218,256,455,167,128,148,174,451,259,43,153,242,154,97,167,54,143,118,59,306,388,725,120,245,65,246,255,36,157,261,168,60,189,94,199,243,158,246,96,182
577,575,227,92,597,136,587,175,228,255,535,695,1144,400,318,331,448,1079,649,92,344,629,374,277,401,168,420,270,306,411,952,1739,348,540,134,670,578,98,308,673,413,141,480,233,546,582,401,663,234,397
678,676,320,112,746,155,727,237,221,311,625,802,1310,514,422,466,517,1314,728,95,394,749,471,314,495,207,555,340,388,952,550,2045,401,761,157,783,737,111,364,801,498,159,556,300,633,677,455,829,271,492
1197,1205,582,208,1345,280,1269,418,463,576,1107,1551,2294,927,737,828,995,2354,1397,177,780,1417,897,565,988,343,982,676,725,1739,2045,1819,709,1315,317,1520,1323,226,696,1421,906,316,1001,523,1146,1279,894,1355,516,940
252,221,121,39,257,62,233,71,96,111,243,317,450,173,170,166,206,467,259,41,146,275,167,121,193,65,180,110,120,348,401,709,83,255,65,281,257,54,130,308,179,57,216,113,219,245,177,281,108,183
488,429,159,74,473,105,460,145,151,195,394,541,841,279,249,281,351,826,494,58,267,506,289,187,310,114,344,211,245,540,761,1315,255,223,101,511,429,84,227,514,304,103,366,169,354,440,269,505,174,338
93,94,43,23,107,33,112,42,42,42,80,138,216,77,69,62,88,213,106,13,71,117,76,43,66,27,59,53,65,134,157,317,65,101,7,126,118,14,56,113,71,26,98,46,94,88,79,122,52,85
480,456,207,91,526,120,492,158,168,200,451,583,983,315,286,307,358,954,521,60,282,519,294,198,330,151,344,256,246,670,783,1520,281,511,126,275,463,84,267,548,382,108,392,190,424,510,321,518,205,344
488,427,168,64,502,100,433,158,141,209,411,524,825,306,265,292,355,802,479,64,290,477,301,186,292,120,335,230,255,578,737,1323,257,429,118,463,219,78,249,480,316,92,367,178,365,431,291,500,167,381
79,84,36,17,94,20,66,25,24,34,60,96,159,54,52,48,49,139,102,5,41,97,52,46,57,20,55,32,36,98,111,226,54,84,14,84,78,6,40,92,45,16,60,28,66,80,45,109,26,52
262,212,87,44,263,50,250,67,84,107,223,277,439,165,119,135,191,465,263,27,136,243,162,107,174,72,179,115,157,308,364,696,130,227,56,267,249,40,78,252,159,40,201,96,199,215,155,263,103,188
462,414,232,73,569,96,499,151,159,223,410,597,942,369,282,324,402,936,560,70,296,572,329,213,380,133,361,247,261,673,801,1421,308,514,113,548,480,92,252,280,351,118,380,199,483,509,322,535,195,335
325,294,137,64,326,67,304,105,112,129,269,358,589,210,197,185,256,617,333,43,168,344,212,133,212,88,212,169,168,413,498,906,179,304,71,382,316,45,159,351,106,76,243,112,264,304,195,338,135,220
107,97,32,19,96,30,101,18,23,41,73,115,165,71,55,51,82,169,111,13,57,108,73,52,71,29,76,50,60,141,159,316,57,103,26,108,92,16,40,118,76,10,68,38,93,110,51,122,33,64
360,341,158,61,397,81,376,128,117,163,330,415,683,250,199,222,274,637,373,53,195,375,219,157,256,100,272,186,189,480,556,1001,216,366,98,392,367,60,201,380,243,68,153,144,295,346,231,391,147,279
164,147,80,42,201,43,192,55,65,85,145,193,342,128,86,109,125,322,188,26,117,212,114,73,127,42,124,84,94,233,300,523,113,169,46,190,178,28,96,199,112,38,144,29,167,187,131,190,65,128
416,348,146,75,404,85,357,141,111,150,337,443,724,243,199,208,304,706,393,58,252,420,249,142,256,93,280,165,199,546,633,1146,219,354,94,424,365,66,199,483,264,93,295,167,156,366,274,430,159,278
413,396,197,91,429,121,434,140,136,193,402,522,830,331,243,278,323,793,437,54,253,453,309,199,318,122,333,189,243,582,677,1279,245,440,88,510,431,80,215,509,304,110,346,187,366,207,298,480,163,305
330,262,109,49,310,69,313,89,91,132,259,348,548,217,176,157,237,532,313,39,174,349,197,131,222,76,199,136,158,401,455,894,177,269,79,321,291,45,155,322,195,51,231,131,274,298,104,342,130,222
469,453,225,90,515,105,514,180,169,222,426,555,900,357,292,286,345,874,530,64,314,569,320,222,352,145,360,245,246,663,829,1355,281,505,122,518,500,109,263,535,338,122,391,190,430,480,342,260,193,341
173,166,66,31,195,39,164,59,57,80,163,206,338,126,94,96,150,335,167,33,118,205,111,66,116,40,123,71,96,234,271,516,108,174,52,205,167,26,103,195,135,33,147,65,159,163,130,193,38,134
382,276,122,68,340,85,339,103,109,144,285,367,575,224,188,215,257,594,314,42,196,341,233,143,251,94,253,153,182,397,492,940,183,338,85,344,381,52,188,335,220,64,279,128,278,305,222,341,134,127
