245,444,225,94,524,111,450,167,174,240,430,507,774,380,307,344,346,778,491,65,322,514,357,198,340,129,350,286,315,599,697,1106,250,480,95,445,472,84,233,448,301,91,349,181,422,386,324,479,177,367
444,180,152,79,445,109,441,111,142,167,354,484,755,272,229,270,316,741,443,51,255,460,248,200,302,124,309,169,255,557,687,1209,241,402,83,463,408,79,203,497,293,74,294,181,353,392,304,474,163,280
225,152,37,39,204,47,172,61,68,87,163,232,353,152,112,111,140,359,195,27,101,228,111,94,120,49,136,109,97,236,313,568,99,179,44,205,196,24,100,205,145,35,132,64,163,171,109,191,75,135
94,79,39,3,81,16,81,28,31,42,74,84,157,61,51,51,59,153,100,10,55,104,49,37,81,26,66,48,44,105,129,213,49,77,10,100,76,19,47,83,48,20,56,32,79,68,53,85,28,51
524,445,204,81,280,98,478,157,157,203,414,533,869,336,239,274,385,892,495,58,284,526,319,204,351,128,341,242,254,649,764,1392,271,451,101,580,471,100,274,569,354,130,381,194,422,446,289,558,174,347
111,109,47,16,98,8,124,38,42,47,94,104,182,71,65,72,76,186,124,13,65,128,68,49,80,35,87,56,58,134,182,267,52,124,21,110,102,17,53,114,70,21,82,38,94,97,76,101,34,76
450,441,172,81,478,124,233,142,173,204,411,504,896,292,280,281,371,860,520,65,302,527,305,172,345,130,310,247,252,574,720,1284,257,487,101,485,450,86,232,503,320,101,335,180,384,456,322,485,166,325
167,111,61,28,157,38,142,29,53,62,145,185,280,91,76,90,111,262,160,17,87,174,80,69,98,42,89,77,85,172,224,446,79,138,29,159,154,22,71,153,91,39,123,47,118,132,78,175,42,108
174,142,68,31,157,42,173,53,28,82,146,158,284,108,72,76,133,258,157,19,93,154,97,80,121,47,118,79,79,186,242,445,78,150,31,173,154,32,85,183,97,32,129,67,141,143,100,173,65,109
240,167,87,42,203,47,204,62,82,42,178,237,386,147,105,122,154,376,217,22,107,235,129,80,133,47,136,108,115,272,342,553,120,211,43,219,210,43,100,212,134,44,153,82,170,191,131,240,70,129
430,354,163,74,414,94,411,145,146,178,162,435,760,271,214,270,333,783,446,51,234,445,280,171,273,93,296,201,230,507,668,1186,228,378,89,450,411,76,218,443,278,98,318,167,355,408,280,463,147,280
507,484,232,84,533,104,504,185,158,237,435,307,973,373,290,312,383,1017,570,71,315,530,308,222,376,153,366,255,251,707,889,1567,286,522,131,604,503,87,297,555,388,126,400,201,403,533,354,566,202,378
774,755,353,157,869,182,896,280,284,386,760,973,746,607,474,519,641,1361,948,115,543,918,555,380,557,230,628,422,451,1074,1367,2322,491,817,204,951,842,145,450,918,578,191,677,331,713,807,603,868,323,618
380,272,152,61,336,71,292,91,108,147,271,373,607,105,191,190,261,601,324,27,170,329,164,134,248,85,214,149,184,434,497,927,179,320,71,302,316,56,171,349,213,62,235,136,273,299,218,361,123,244
307,229,112,51,239,65,280,76,72,105,214,290,474,191,60,136,187,470,257,36,146,244,152,110,190,69,192,134,153,333,438,790,157,257,58,271,255,43,130,299,164,48,192,98,234,275,169,265,100,195
344,270,111,51,274,72,281,90,76,122,270,312,519,190,136,80,204,531,304,37,138,299,158,115,193,74,189,145,120,353,482,850,163,293,70,295,263,45,129,322,159,57,218,118,256,294,165,317,102,189
346,316,140,59,385,76,371,111,133,154,333,383,641,261,187,204,119,661,375,44,180,379,205,156,257,105,260,169,192,440,549,974,174,363,81,326,329,65,177,380,219,67,258,128,286,333,234,389,133,242
778,741,359,153,892,186,860,262,258,376,783,1017,1361,601,470,531,661,759,952,121,503,945,553,364,592,221,632,415,468,1065,1364,2331,477,796,196,982,843,145,433,968,577,189,685,337,718,819,604,910,330,605
491,443,195,100,495,124,520,160,157,217,446,570,948,324,257,304,375,952,264,54,276,513,321,212,368,135,379,229,267,672,796,1443,294,493,114,518,542,75,252,566,316,95,386,191,390,487,319,554,206,378
65,51,27,10,58,13,65,17,19,22,51,71,115,27,36,37,44,121,54,2,34,57,34,26,50,14,41,27,21,80,109,169,31,47,11,50,65,13,33,76,47,12,53,29,51,57,40,61,21,41
322,255,101,55,284,65,302,87,93,107,234,315,543,170,146,138,180,503,276,34,81,322,140,122,192,68,195,125,128,326,426,789,150,273,66,280,303,48,132,310,165,66,192,105,234,264,178,318,97,189
514,460,228,104,526,128,527,174,154,235,445,530,918,329,244,299,379,945,513,57,322,268,294,202,383,144,375,244,273,671,754,1437,267,511,111,509,496,67,258,534,328,98,381,202,423,466,300,563,181,365
357,248,111,49,319,68,305,80,97,129,280,308,555,164,152,158,205,553,321,34,140,294,95,131,186,82,220,148,163,360,488,854,136,263,64,303,271,48,138,320,203,51,241,116,260,279,194,322,112,194
198,200,94,37,204,49,172,69,80,80,171,222,380,134,110,115,156,364,212,26,122,202,131,39,145,57,134,87,112,267,316,552,116,181,47,177,182,36,102,214,136,49,151,84,168,188,129,209,84,144
340,302,120,81,351,80,345,98,121,133,273,376,557,248,190,193,257,592,368,50,192,383,186,145,105,87,215,153,196,409,537,917,181,311,67,314,313,55,170,363,240,60,248,130,239,292,202,344,108,217
129,124,49,26,128,35,130,42,47,47,93,153,230,85,69,74,105,221,135,14,68,144,82,57,87,10,72,53,60,148,205,357,78,118,42,129,131,16,62,134,82,20,113,45,107,123,74,124,47,87
350,309,136,66,341,87,310,89,118,136,296,366,628,214,192,189,260,632,379,41,195,375,220,134,215,72,101,149,163,413,542,1000,204,292,81,339,328,60,168,382,227,62,242,123,285,331,237,365,130,228
286,169,109,48,242,56,247,77,79,108,201,255,422,149,134,145,169,415,229,27,125,244,148,87,153,53,149,49,118,301,373,640,139,212,36,251,221,33,121,238,146,49,194,99,184,222,130,249,74,175
315,255,97,44,254,58,252,85,79,115,230,251,451,184,153,120,192,468,267,21,128,273,163,112,196,60,163,118,58,309,403,780,145,227,53,259,246,47,123,289,183,62,179,97,221,276,162,267,89,179
599,557,236,105,649,134,574,172,186,272,507,707,1074,434,333,353,440,1065,672,80,326,671,360,267,409,148,413,301,309,393,945,1733,312,570,144,675,630,115,289,680,396,125,489,227,492,564,410,611,227,418
697,687,313,129,764,182,720,224,242,342,668,889,1367,497,438,482,549,1364,796,109,426,754,488,316,537,205,542,373,403,945,587,2010,397,731,160,828,723,107,365,805,471,132,549,273,641,648,443,796,258,541
1106,1209,568,213,1392,267,1284,446,445,553,1186,1567,2322,927,790,850,974,2331,1443,169,789,1437,854,552,917,357,1000,640,780,1733,2010,1788,724,1296,304,1480,1253,209,678,1453,890,289,991,519,1138,1217,883,1397,490,917
250,241,99,49,271,52,257,79,78,120,228,286,491,179,157,163,174,477,294,31,150,267,136,116,181,78,204,139,145,312,397,724,75,240,53,282,245,40,139,271,161,61,215,94,240,264,180,288,96,167
480,402,179,77,451,124,487,138,150,211,378,522,817,320,257,293,363,796,493,47,273,511,263,181,311,118,292,212,227,570,731,1296,240,219,85,507,447,78,238,527,287,108,374,184,365,412,280,502,170,321
95,83,44,10,101,21,101,29,31,43,89,131,204,71,58,70,81,196,114,11,66,111,64,47,67,42,81,36,53,144,160,304,53,85,12,141,108,8,56,110,56,25,80,38,84,108,72,124,36,54
445,463,205,100,580,110,485,159,173,219,450,604,951,302,271,295,326,982,518,50,280,509,303,177,314,129,339,251,259,675,828,1480,282,507,141,224,465,77,243,587,346,105,422,194,370,497,355,552,210,341
472,408,196,76,471,102,450,154,154,210,411,503,842,316,255,263,329,843,542,65,303,496,271,182,313,131,328,221,246,630,723,1253,245,447,108,465,208,80,251,508,311,106,339,183,370,480,293,458,157,330
84,79,24,19,100,17,86,22,32,43,76,87,145,56,43,45,65,145,75,13,48,67,48,36,55,16,60,33,47,115,107,209,40,78,8,77,80,6,38,102,48,9,60,38,70,75,43,73,19,61
233,203,100,47,274,53,232,71,85,100,218,297,450,171,130,129,177,433,252,33,132,258,138,102,170,62,168,121,123,289,365,678,139,238,56,243,251,38,62,273,156,49,171,77,217,230,147,255,97,163
448,497,205,83,569,114,503,153,183,212,443,555,918,349,299,322,380,968,566,76,310,534,320,214,363,134,382,238,289,680,805,1453,271,527,110,587,508,102,273,266,303,113,360,187,423,480,309,573,179,319
301,293,145,48,354,70,320,91,97,134,278,388,578,213,164,159,219,577,316,47,165,328,203,136,240,82,227,146,183,396,471,890,161,287,56,346,311,48,156,303,87,52,260,111,282,313,208,358,129,186
91,74,35,20,130,21,101,39,32,44,98,126,191,62,48,57,67,189,95,12,66,98,51,49,60,20,62,49,62,125,132,289,61,108,25,105,106,9,49,113,52,10,72,41,80,91,63,115,33,70
349,294,132,56,381,82,335,123,129,153,318,400,677,235,192,218,258,685,386,53,192,381,241,151,248,113,242,194,179,489,549,991,215,374,80,422,339,60,171,360,260,72,128,143,316,363,231,366,149,265
181,181,64,32,194,38,180,47,67,82,167,201,331,136,98,118,128,337,191,29,105,202,116,84,130,45,123,99,97,227,273,519,94,184,38,194,183,38,77,187,111,41,143,33,139,191,111,203,69,123
422,353,163,79,422,94,384,118,141,170,355,403,713,273,234,256,286,718,390,51,234,423,260,168,239,107,285,184,221,492,641,1138,240,365,84,370,370,70,217,423,282,80,316,139,161,393,248,405,154,259
386,392,171,68,446,97,456,132,143,191,408,533,807,299,275,294,333,819,487,57,264,466,279,188,292,123,331,222,276,564,648,1217,264,412,108,497,480,75,230,480,313,91,363,191,393,226,314,485,185,276
324,304,109,53,289,76,322,78,100,131,280,354,603,218,169,165,234,604,319,40,178,300,194,129,202,74,237,130,162,410,443,883,180,280,72,355,293,43,147,309,208,63,231,111,248,314,86,343,129,214
479,474,191,85,558,101,485,175,173,240,463,566,868,361,265,317,389,910,554,61,318,563,322,209,344,124,365,249,267,611,796,1397,288,502,124,552,458,73,255,573,358,115,366,203,405,485,343,252,177,344
177,163,75,28,174,34,166,42,65,70,147,202,323,123,100,102,133,330,206,21,97,181,112,84,108,47,130,74,89,227,258,490,96,170,36,210,157,19,97,179,129,33,149,69,154,185,129,177,20,118
367,280,135,51,347,76,325,108,109,129,280,378,618,244,195,189,242,605,378,41,189,365,194,144,217,87,228,175,179,418,541,917,167,321,54,341,330,61,163,319,186,70,265,123,259,276,214,344,118,106
