279,471,227,89,534,106,460,172,156,253,436,507,837,367,308,347,392,828,530,74,311,530,356,228,375,160,345,275,319,647,745,1178,248,464,101,503,473,86,251,472,312,114,368,180,428,408,325,508,172,382
471,159,172,85,453,111,458,121,154,188,394,458,769,306,220,240,306,792,463,48,234,457,257,183,276,125,318,181,241,538,635,1200,228,472,94,450,411,60,215,444,293,94,322,161,364,421,284,464,173,301
227,172,32,37,210,38,178,69,70,92,166,217,391,128,96,103,140,357,227,22,92,199,113,100,104,43,128,90,91,257,270,569,105,175,40,217,175,39,107,223,117,27,160,73,141,198,113,193,69,138
89,85,37,10,103,19,71,25,33,39,69,96,152,56,64,51,65,161,86,11,57,93,65,37,59,20,64,48,56,111,116,197,44,78,20,98,86,15,44,87,51,14,75,32,78,68,52,96,35,42
534,453,210,103,281,128,520,153,185,209,422,587,910,316,289,306,390,897,530,68,288,527,288,228,345,140,362,251,269,626,757,1415,289,514,110,534,496,88,256,536,336,115,396,190,410,455,330,528,205,396
106,111,38,19,128,8,104,39,44,56,98,120,187,77,65,69,76,214,114,14,58,101,73,47,75,28,77,58,72,147,168,271,59,105,24,122,112,22,77,121,64,18,80,51,100,92,77,123,42,64
460,458,178,71,520,104,219,139,162,216,436,562,863,299,263,269,344,904,489,58,265,469,303,194,303,141,353,247,246,648,734,1339,244,472,129,481,433,82,244,513,289,106,373,190,363,397,312,455,210,304
172,121,69,25,153,39,139,18,53,67,134,148,251,101,92,104,124,261,165,25,84,158,96,61,99,48,119,73,89,174,232,451,72,139,42,148,141,22,78,159,103,33,117,55,113,129,88,155,60,98
156,154,70,33,185,44,162,53,26,66,132,175,310,97,88,105,114,286,174,14,93,164,96,67,122,37,119,82,84,216,253,455,92,157,40,180,162,29,91,188,111,34,141,51,141,156,103,182,69,105
253,188,92,39,209,56,216,67,66,45,169,222,357,145,110,111,147,357,222,31,122,205,121,103,136,69,159,103,84,257,331,500,93,198,48,214,198,37,105,225,133,42,148,69,175,186,119,216,65,142
436,394,166,69,422,98,436,134,132,169,174,454,727,293,236,245,298,711,393,61,235,398,267,177,283,129,315,202,204,551,632,1068,205,415,93,449,407,77,234,477,282,100,302,155,368,368,279,455,144,297
507,458,217,96,587,120,562,148,175,222,454,299,1015,362,287,291,388,1062,596,77,319,558,332,248,409,150,385,251,254,715,862,1703,302,522,131,564,508,97,291,615,400,123,447,229,460,543,338,592,219,368
837,769,391,152,910,187,863,251,310,357,727,1015,814,608,467,456,634,1518,898,117,496,966,509,371,600,247,638,437,440,1182,1418,2588,464,857,221,961,862,169,433,1006,599,172,676,355,745,868,560,957,339,623
367,306,128,56,316,77,299,101,97,145,293,362,608,110,178,177,283,593,338,32,200,335,188,145,213,100,241,156,161,386,505,909,191,298,76,348,314,59,166,365,196,50,263,107,249,276,194,348,122,239
308,220,96,64,289,65,263,92,88,110,236,287,467,178,70,146,208,480,260,31,146,281,133,102,164,72,186,137,123,298,395,757,150,270,64,297,261,45,126,289,192,62,203,90,214,211,179,296,95,179
347,240,103,51,306,69,269,104,105,111,245,291,456,177,146,82,237,513,265,34,130,292,165,103,187,79,215,123,138,327,429,824,148,264,66,299,267,50,161,323,207,75,206,95,244,238,188,349,107,187
392,306,140,65,390,76,344,124,114,147,298,388,634,283,208,237,142,626,384,40,191,364,234,172,233,100,255,161,176,465,567,1005,197,316,86,376,361,59,181,365,229,75,292,137,313,358,219,369,118,246
828,792,357,161,897,214,904,261,286,357,711,1062,1518,593,480,513,626,849,878,120,495,949,515,389,602,248,671,456,442,1156,1355,2557,476,875,202,950,869,155,437,949,616,170,719,349,740,799,572,965,336,618
530,463,227,86,530,114,489,165,174,222,393,596,898,338,260,265,384,878,265,54,273,472,281,194,317,123,335,219,258,636,752,1434,281,447,110,565,448,79,258,563,323,123,420,218,395,478,335,522,187,324
74,48,22,11,68,14,58,25,14,31,61,77,117,32,31,34,40,120,54,4,40,59,29,27,37,15,41,30,22,76,85,195,42,53,10,84,60,7,38,71,39,19,47,13,50,62,35,75,27,52
311,234,92,57,288,58,265,84,93,122,235,319,496,200,146,130,191,495,273,40,79,270,169,132,201,72,196,144,133,348,399,769,147,269,59,262,263,38,135,286,172,54,192,101,226,275,181,327,100,206
530,457,199,93,527,101,469,158,164,205,398,558,966,335,281,292,364,949,472,59,270,248,290,205,342,134,337,237,258,671,748,1440,301,463,116,580,480,90,261,516,326,119,411,220,429,469,323,524,203,343
356,257,113,65,288,73,303,96,96,121,267,332,509,188,133,165,234,515,281,29,169,290,81,138,182,73,228,148,158,363,468,773,154,268,72,310,282,53,144,313,188,70,223,110,225,240,161,316,102,204
228,183,100,37,228,47,194,61,67,103,177,248,371,145,102,103,172,389,194,27,132,205,138,35,136,70,172,92,112,275,273,547,102,208,57,224,183,24,99,217,130,43,153,66,147,170,128,210,77,143
375,276,104,59,345,75,303,99,122,136,283,409,600,213,164,187,233,602,317,37,201,342,182,136,98,90,227,138,175,427,516,912,179,343,59,330,321,59,161,351,208,59,265,115,226,305,188,388,133,235
160,125,43,20,140,28,141,48,37,69,129,150,247,100,72,79,100,248,123,15,72,134,73,70,90,18,85,54,62,154,170,358,65,121,29,130,133,20,64,132,81,31,98,45,115,124,82,136,41,103
345,318,128,64,362,77,353,119,119,159,315,385,638,241,186,215,255,671,335,41,196,337,228,172,227,85,124,158,176,455,474,967,160,349,68,326,306,55,165,362,208,77,283,120,275,309,226,361,133,255
275,181,90,48,251,58,247,73,82,103,202,251,437,156,137,123,161,456,219,30,144,237,148,92,138,54,158,47,131,302,377,643,126,227,55,228,235,34,110,297,144,49,186,98,180,209,157,270,86,177
319,241,91,56,269,72,246,89,84,84,204,254,440,161,123,138,176,442,258,22,133,258,158,112,175,62,176,131,67,266,375,682,134,229,43,264,246,45,135,261,183,52,202,79,224,213,150,262,94,175
647,538,257,111,626,147,648,174,216,257,551,715,1182,386,298,327,465,1156,636,76,348,671,363,275,427,154,455,302,266,387,1028,1936,350,607,146,667,667,114,304,688,417,117,493,231,526,624,398,679,221,382
745,635,270,116,757,168,734,232,253,331,632,862,1418,505,395,429,567,1355,752,85,399,748,468,273,516,170,474,377,375,1028,558,2081,440,759,176,841,728,144,389,825,501,136,568,322,597,726,512,805,272,500
1178,1200,569,197,1415,271,1339,451,455,500,1068,1703,2588,909,757,824,1005,2557,1434,195,769,1440,773,547,912,358,967,643,682,1936,2081,1975,736,1313,313,1494,1332,248,718,1466,940,273,1122,540,1150,1370,908,1476,545,943
248,228,105,44,289,59,244,72,92,93,205,302,464,191,150,148,197,476,281,42,147,301,154,102,179,65,160,126,134,350,440,736,78,265,74,292,249,41,142,313,176,54,206,87,210,259,191,289,112,173
464,472,175,78,514,105,472,139,157,198,415,522,857,298,270,264,316,875,447,53,269,463,268,208,343,121,349,227,229,607,759,1313,265,228,103,486,476,74,215,504,318,104,361,171,423,419,314,511,185,324
101,94,40,20,110,24,129,42,40,48,93,131,221,76,64,66,86,202,110,10,59,116,72,57,59,29,68,55,43,146,176,313,74,103,13,138,100,19,46,105,62,30,95,48,101,103,58,121,40,79
503,450,217,98,534,122,481,148,180,214,449,564,961,348,297,299,376,950,565,84,262,580,310,224,330,130,326,228,264,667,841,1494,292,486,138,266,495,77,258,567,329,96,417,199,415,490,335,520,206,385
473,411,175,86,496,112,433,141,162,198,407,508,862,314,261,267,361,869,448,60,263,480,282,183,321,133,306,235,246,667,728,1332,249,476,100,495,254,80,244,502,289,85,360,158,414,413,295,486,181,295
86,60,39,15,88,22,82,22,29,37,77,97,169,59,45,50,59,155,79,7,38,90,53,24,59,20,55,34,45,114,144,248,41,74,19,77,80,1,40,94,43,12,65,35,73,73,60,93,29,61
251,215,107,44,256,77,244,78,91,105,234,291,433,166,126,161,181,437,258,38,135,261,144,99,161,64,165,110,135,304,389,718,142,215,46,258,244,40,63,259,141,55,198,84,212,212,153,254,93,169
472,444,223,87,536,121,513,159,188,225,477,615,1006,365,289,323,365,949,563,71,286,516,313,217,351,132,362,297,261,688,825,1466,313,504,105,567,502,94,259,279,363,123,388,210,427,483,378,553,202,373
312,293,117,51,336,64,289,103,111,133,282,400,599,196,192,207,229,616,323,39,172,326,188,130,208,81,208,144,183,417,501,940,176,318,62,329,289,43,141,363,98,65,235,138,270,304,224,334,111,242
114,94,27,14,115,18,106,33,34,42,100,123,172,50,62,75,75,170,123,19,54,119,70,43,59,31,77,49,52,117,136,273,54,104,30,96,85,12,55,123,65,11,84,43,80,80,68,126,56,64
368,322,160,75,396,80,373,117,141,148,302,447,676,263,203,206,292,719,420,47,192,411,223,153,265,98,283,186,202,493,568,1122,206,361,95,417,360,65,198,388,235,84,145,149,307,373,241,430,152,242
180,161,73,32,190,51,190,55,51,69,155,229,355,107,90,95,137,349,218,13,101,220,110,66,115,45,120,98,79,231,322,540,87,171,48,199,158,35,84,210,138,43,149,31,141,175,133,198,65,135
428,364,141,78,410,100,363,113,141,175,368,460,745,249,214,244,313,740,395,50,226,429,225,147,226,115,275,180,224,526,597,1150,210,423,101,415,414,73,212,427,270,80,307,141,160,317,240,403,160,289
408,421,198,68,455,92,397,129,156,186,368,543,868,276,211,238,358,799,478,62,275,469,240,170,305,124,309,209,213,624,726,1370,259,419,103,490,413,73,212,483,304,80,373,175,317,220,308,500,169,310
325,284,113,52,330,77,312,88,103,119,279,338,560,194,179,188,219,572,335,35,181,323,161,128,188,82,226,157,150,398,512,908,191,314,58,335,295,60,153,378,224,68,241,133,240,308,81,357,122,202
508,464,193,96,528,123,455,155,182,216,455,592,957,348,296,349,369,965,522,75,327,524,316,210,388,136,361,270,262,679,805,1476,289,511,121,520,486,93,254,553,334,126,430,198,403,500,357,253,190,329
172,173,69,35,205,42,210,60,69,65,144,219,339,122,95,107,118,336,187,27,100,203,102,77,133,41,133,86,94,221,272,545,112,185,40,206,181,29,93,202,111,56,152,65,160,169,122,190,34,133
382,301,138,42,396,64,304,98,105,142,297,368,623,239,179,187,246,618,324,52,206,343,204,143,235,103,255,177,175,382,500,943,173,324,79,385,295,61,169,373,242,64,242,135,289,310,202,329,133,116
