269,503,223,84,499,112,449,174,190,238,462,525,843,365,326,337,406,828,532,63,309,514,347,209,364,135,369,273,304,614,727,1168,242,472,96,530,444,91,255,476,303,100,366,169,451,438,354,500,155,414
503,160,146,70,449,110,412,125,147,195,359,492,777,281,208,235,328,757,455,48,234,444,239,152,277,111,275,209,176,550,696,1252,241,394,89,460,404,77,224,479,281,97,339,141,342,407,294,494,157,286
223,146,36,37,220,41,183,64,67,90,182,220,363,137,84,92,142,376,208,23,111,229,124,98,123,61,142,108,77,236,322,561,114,174,41,211,198,32,89,229,139,49,159,77,146,208,118,216,73,140
84,70,37,6,97,18,82,36,22,32,74,86,132,71,49,44,68,154,96,17,44,81,47,37,55,34,67,37,58,105,127,204,47,103,18,76,71,23,52,93,55,13,66,34,66,71,61,76,36,64
499,449,220,97,273,118,527,148,186,196,418,567,950,331,289,319,359,924,546,64,288,548,312,216,342,135,370,251,261,676,812,1396,273,467,136,524,493,100,229,532,358,113,416,196,418,443,333,555,206,365
112,110,41,18,118,12,114,40,41,48,85,126,187,85,65,57,84,190,135,18,53,121,76,37,80,35,87,58,70,152,192,303,72,126,22,124,107,29,61,119,77,17,84,39,102,102,69,123,45,84
449,412,183,82,527,114,208,147,162,193,412,564,852,320,268,287,345,872,496,72,258,514,316,166,333,125,328,235,253,615,729,1298,270,450,118,475,457,86,234,505,327,90,345,178,393,429,312,455,168,316
174,125,64,36,148,40,147,29,35,67,148,174,266,97,75,75,110,259,164,18,87,164,89,63,93,42,92,57,79,185,235,392,73,132,29,168,141,19,70,160,103,36,117,53,103,149,91,143,42,102
190,147,67,22,186,41,162,35,25,73,144,183,306,105,74,97,111,301,166,20,87,169,100,77,115,37,126,84,88,227,237,464,85,158,49,166,147,21,65,183,108,34,134,55,136,146,106,180,54,127
238,195,90,32,196,48,193,67,73,59,168,213,380,157,112,127,149,384,227,24,105,215,150,91,153,50,134,106,125,284,306,541,98,225,51,215,201,37,103,230,148,42,160,71,166,186,149,219,66,147
462,359,182,74,418,85,412,148,144,168,179,466,764,328,232,270,307,770,399,52,255,416,260,189,293,105,282,208,238,592,641,1137,235,416,109,431,391,70,239,435,282,104,317,164,365,367,281,482,168,302
525,492,220,86,567,126,564,174,183,213,466,325,1072,367,278,323,404,1063,593,66,309,573,340,230,358,132,369,288,278,704,848,1616,337,557,132,610,551,88,297,631,382,118,452,212,476,529,335,577,221,394
843,777,363,132,950,187,852,266,306,380,764,1072,799,588,469,515,621,1454,888,129,484,924,512,383,580,244,611,396,482,1110,1396,2431,460,851,201,989,867,154,413,955,610,191,673,367,740,818,564,928,335,636
365,281,137,71,331,85,320,97,105,157,328,367,588,102,161,186,219,575,331,46,187,314,188,125,181,81,219,152,174,415,510,944,150,319,84,314,349,47,137,366,207,70,274,123,226,284,194,345,118,231
326,208,84,49,289,65,268,75,74,112,232,278,469,161,75,136,199,445,293,33,146,280,167,110,166,76,188,117,102,326,404,689,139,260,49,250,254,52,131,299,174,60,181,107,194,208,137,289,102,176
337,235,92,44,319,57,287,75,97,127,270,323,515,186,136,80,194,523,297,36,152,302,194,120,163,82,212,122,129,311,461,798,153,272,57,297,282,57,147,325,192,68,216,118,218,249,168,315,123,186
406,328,142,68,359,84,345,110,111,149,307,404,621,219,199,194,132,645,388,41,212,355,225,146,209,99,266,184,183,466,525,1001,196,341,85,380,339,59,186,375,228,94,267,137,278,310,244,371,145,254
828,757,376,154,924,190,872,259,301,384,770,1063,1454,575,445,523,645,854,884,115,492,918,511,384,601,236,612,395,462,1162,1413,2421,456,822,235,964,869,156,435,977,601,199,698,355,718,877,572,944,319,601
532,455,208,96,546,135,496,164,166,227,399,593,888,331,293,297,388,884,242,70,262,464,270,207,321,136,358,233,253,638,792,1408,265,487,107,544,491,97,283,514,340,102,372,181,386,444,326,522,180,366
63,48,23,17,64,18,72,18,20,24,52,66,129,46,33,36,41,115,70,1,39,73,43,25,53,21,43,28,38,67,104,182,43,74,15,58,73,15,35,79,46,14,48,27,61,52,49,65,28,33
309,234,111,44,288,53,258,87,87,105,255,309,484,187,146,152,212,492,262,39,68,271,157,125,169,70,180,135,157,349,395,759,164,282,67,275,258,30,127,313,212,44,199,109,205,250,159,292,94,166
514,444,229,81,548,121,514,164,169,215,416,573,924,314,280,302,355,918,464,73,271,262,318,206,338,139,368,251,248,661,795,1396,283,503,105,532,474,80,255,567,349,104,389,200,418,490,333,525,188,378
347,239,124,47,312,76,316,89,100,150,260,340,512,188,167,194,225,511,270,43,157,318,90,137,183,81,192,146,145,356,435,834,159,297,53,289,272,48,168,300,220,62,232,96,255,264,183,312,99,220
209,152,98,37,216,37,166,63,77,91,189,230,383,125,110,120,146,384,207,25,125,206,137,30,124,39,131,98,107,244,292,575,112,185,39,208,180,26,94,226,131,47,160,66,143,188,141,199,73,145
364,277,123,55,342,80,333,93,115,153,293,358,580,181,166,163,209,601,321,53,169,338,183,124,106,84,185,146,150,413,534,955,185,309,76,328,287,48,183,349,209,65,223,106,239,294,209,360,116,208
135,111,61,34,135,35,125,42,37,50,105,132,244,81,76,82,99,236,136,21,70,139,81,39,84,13,76,52,57,152,194,351,80,131,32,130,130,21,75,133,71,30,95,42,108,110,78,144,57,88
369,275,142,67,370,87,328,92,126,134,282,369,611,219,188,212,266,612,358,43,180,368,192,131,185,76,106,149,162,417,539,949,204,313,70,350,327,48,183,370,211,70,255,108,249,309,212,352,125,225
273,209,108,37,251,58,235,57,84,106,208,288,396,152,117,122,184,395,233,28,135,251,146,98,146,52,149,63,100,301,372,639,126,230,61,253,221,34,106,247,159,52,176,106,192,202,152,265,87,164
304,176,77,58,261,70,253,79,88,125,238,278,482,174,102,129,183,462,253,38,157,248,145,107,150,57,162,100,71,321,405,685,134,236,63,279,241,40,129,291,176,63,200,87,204,241,156,248,98,195
614,550,236,105,676,152,615,185,227,284,592,704,1110,415,326,311,466,1162,638,67,349,661,356,244,413,152,417,301,321,417,989,1842,381,607,170,653,647,116,290,710,413,139,526,256,544,622,398,670,245,433
727,696,322,127,812,192,729,235,237,306,641,848,1396,510,404,461,525,1413,792,104,395,795,435,292,534,194,539,372,405,989,576,2016,423,779,180,812,743,127,366,854,504,177,560,303,632,708,500,763,286,473
1168,1252,561,204,1396,303,1298,392,464,541,1137,1616,2431,944,689,798,1001,2421,1408,182,759,1396,834,575,955,351,949,639,685,1842,2016,1880,695,1302,330,1510,1263,256,673,1476,924,301,1031,559,1118,1323,882,1413,529,912
242,241,114,47,273,72,270,73,85,98,235,337,460,150,139,153,196,456,265,43,164,283,159,112,185,80,204,126,134,381,423,695,69,285,53,290,267,45,129,291,165,59,187,117,216,243,171,292,92,179
472,394,174,103,467,126,450,132,158,225,416,557,851,319,260,272,341,822,487,74,282,503,297,185,309,131,313,230,236,607,779,1302,285,241,104,503,439,92,212,525,313,91,361,174,387,435,312,451,175,325
96,89,41,18,136,22,118,29,49,51,109,132,201,84,49,57,85,235,107,15,67,105,53,39,76,32,70,61,63,170,180,330,53,104,13,109,105,22,56,113,75,17,92,50,88,115,63,117,40,68
530,460,211,76,524,124,475,168,166,215,431,610,989,314,250,297,380,964,544,58,275,532,289,208,328,130,350,253,279,653,812,1510,290,503,109,287,469,91,277,563,336,113,472,202,443,518,330,578,198,350
444,404,198,71,493,107,457,141,147,201,391,551,867,349,254,282,339,869,491,73,258,474,272,180,287,130,327,221,241,647,743,1263,267,439,105,469,216,63,234,483,302,94,351,170,388,434,292,458,178,318
91,77,32,23,100,29,86,19,21,37,70,88,154,47,52,57,59,156,97,15,30,80,48,26,48,21,48,34,40,116,127,256,45,92,22,91,63,8,46,86,55,17,65,37,74,94,54,86,34,55
255,224,89,52,229,61,234,70,65,103,239,297,413,137,131,147,186,435,283,35,127,255,168,94,183,75,183,106,129,290,366,673,129,212,56,277,234,46,67,276,167,56,196,87,192,227,165,246,94,157
476,479,229,93,532,119,505,160,183,230,435,631,955,366,299,325,375,977,514,79,313,567,300,226,349,133,370,247,291,710,854,1476,291,525,113,563,483,86,276,295,357,119,394,210,464,530,355,567,205,316
303,281,139,55,358,77,327,103,108,148,282,382,610,207,174,192,228,601,340,46,212,349,220,131,209,71,211,159,176,413,504,924,165,313,75,336,302,55,167,357,116,86,220,122,264,326,186,373,139,211
100,97,49,13,113,17,90,36,34,42,104,118,191,70,60,68,94,199,102,14,44,104,62,47,65,30,70,52,63,139,177,301,59,91,17,113,94,17,56,119,86,10,63,30,90,112,57,110,31,79
366,339,159,66,416,84,345,117,134,160,317,452,673,274,181,216,267,698,372,48,199,389,232,160,223,95,255,176,200,526,560,1031,187,361,92,472,351,65,196,394,220,63,154,140,289,335,229,377,139,244
169,141,77,34,196,39,178,53,55,71,164,212,367,123,107,118,137,355,181,27,109,200,96,66,106,42,108,106,87,256,303,559,117,174,50,202,170,37,87,210,122,30,140,30,152,203,123,198,60,134
451,342,146,66,418,102,393,103,136,166,365,476,740,226,194,218,278,718,386,61,205,418,255,143,239,108,249,192,204,544,632,1118,216,387,88,443,388,74,192,464,264,90,289,152,151,394,230,388,154,260
438,407,208,71,443,102,429,149,146,186,367,529,818,284,208,249,310,877,444,52,250,490,264,188,294,110,309,202,241,622,708,1323,243,435,115,518,434,94,227,530,326,112,335,203,394,204,289,484,201,342
354,294,118,61,333,69,312,91,106,149,281,335,564,194,137,168,244,572,326,49,159,333,183,141,209,78,212,152,156,398,500,882,171,312,63,330,292,54,165,355,186,57,229,123,230,289,98,353,124,210
500,494,216,76,555,123,455,143,180,219,482,577,928,345,289,315,371,944,522,65,292,525,312,199,360,144,352,265,248,670,763,1413,292,451,117,578,458,86,246,567,373,110,377,198,388,484,353,249,178,350
155,157,73,36,206,45,168,42,54,66,168,221,335,118,102,123,145,319,180,28,94,188,99,73,116,57,125,87,98,245,286,529,92,175,40,198,178,34,94,205,139,31,139,60,154,201,124,178,32,116
414,286,140,64,365,84,316,102,127,147,302,394,636,231,176,186,254,601,366,33,166,378,220,145,208,88,225,164,195,433,473,912,179,325,68,350,318,55,157,316,211,79,244,134,260,342,210,350,116,136
