285,497,221,104,498,123,517,187,162,230,437,510,794,368,332,331,361,773,519,65,334,529,357,201,425,151,412,291,321,606,706,1245,239,443,105,527,486,80,207,471,321,132,387,183,483,432,314,496,179,376
497,177,152,72,436,101,420,137,136,167,369,479,783,263,209,205,322,777,423,53,205,444,227,155,271,98,245,196,203,519,679,1188,264,391,87,477,403,71,233,449,293,80,324,163,322,402,265,446,145,315
221,152,31,25,197,38,168,54,64,73,161,225,375,121,104,108,123,363,205,22,110,199,107,80,116,46,131,90,103,267,284,610,107,171,47,196,193,43,97,212,130,34,173,85,155,190,124,210,71,137
104,72,25,7,100,19,79,26,31,32,70,93,122,52,30,37,48,131,83,11,55,84,54,34,62,21,67,44,51,120,121,201,32,78,23,85,66,10,43,89,59,21,54,28,73,84,51,88,24,59
498,436,197,100,280,103,491,149,161,209,418,603,925,324,271,289,392,953,460,71,273,522,274,211,328,134,371,225,277,644,727,1455,266,518,122,573,496,75,265,542,347,106,378,208,411,464,292,527,194,355
123,101,38,19,103,12,100,35,36,38,88,139,189,71,63,56,67,180,119,17,67,122,82,46,86,37,83,57,63,144,165,270,62,99,38,119,97,19,69,116,79,24,68,44,92,101,77,112,39,79
517,420,168,79,491,100,238,170,162,196,414,554,819,291,270,287,346,816,514,65,235,500,328,209,303,131,363,230,243,610,757,1318,289,472,113,562,473,80,274,506,315,103,377,190,396,463,292,498,183,339
187,137,54,26,149,35,170,30,43,71,149,188,274,111,88,99,116,252,137,21,75,160,84,67,89,50,111,67,68,204,199,411,80,149,34,164,143,28,78,145,97,30,124,46,124,151,101,169,58,113
162,136,64,31,161,36,162,43,20,74,134,182,265,111,96,97,126,281,158,25,85,183,112,75,107,43,124,61,70,231,221,475,81,153,50,166,154,22,79,158,99,34,131,67,142,175,95,168,69,122
230,167,73,32,209,38,196,71,74,36,154,230,382,144,110,114,149,374,233,21,121,211,112,83,142,49,137,108,96,281,305,571,113,193,28,200,191,28,105,215,141,38,146,74,183,192,126,215,63,139
437,369,161,70,418,88,414,149,134,154,176,475,801,296,240,255,306,757,417,51,243,451,272,171,277,93,283,210,227,570,619,1166,236,396,99,431,416,82,222,390,272,76,334,160,356,403,289,411,159,304
510,479,225,93,603,139,554,188,182,230,475,296,965,343,306,317,419,995,584,72,319,592,306,221,375,137,371,247,280,721,886,1581,319,552,115,635,532,96,278,592,376,126,449,184,428,527,348,600,196,359
794,783,375,122,925,189,819,274,265,382,801,965,839,572,506,538,658,1491,912,120,518,939,561,368,609,246,606,429,465,1169,1402,2485,495,813,202,989,841,156,470,983,590,158,740,322,730,848,570,926,339,613
368,263,121,52,324,71,291,111,111,144,296,343,572,103,180,167,252,597,335,46,163,325,171,118,240,71,200,149,172,400,516,967,196,308,72,330,281,55,159,348,224,65,250,115,264,314,211,343,112,221
332,209,104,30,271,63,270,88,96,110,240,306,506,180,71,132,208,491,267,29,145,308,171,110,164,73,193,123,119,351,435,743,150,229,60,284,268,42,131,283,179,41,202,106,215,272,145,295,96,178
331,205,108,37,289,56,287,99,97,114,255,317,538,167,132,78,190,559,276,28,157,309,177,95,172,82,195,149,135,402,466,751,156,243,73,295,269,43,157,306,188,58,238,108,211,271,161,346,102,196
361,322,123,48,392,67,346,116,126,149,306,419,658,252,208,190,132,679,375,42,188,399,221,152,225,84,239,161,168,441,564,1029,167,336,87,368,316,65,185,413,233,89,283,141,275,318,214,384,136,238
773,777,363,131,953,180,816,252,281,374,757,995,1491,597,491,559,679,803,898,104,539,949,528,367,551,245,599,396,456,1193,1377,2406,476,817,209,972,876,172,433,989,592,172,720,348,715,813,590,928,303,612
519,423,205,83,460,119,514,137,158,233,417,584,912,335,267,276,375,898,255,64,273,477,293,198,337,122,338,240,254,630,812,1424,265,459,135,571,464,85,224,528,328,123,401,203,400,520,298,520,184,375
65,53,22,11,71,17,65,21,25,21,51,72,120,46,29,28,42,104,64,6,38,75,39,27,28,12,37,18,36,72,57,164,30,49,13,69,70,11,27,58,34,12,49,29,51,56,41,64,27,39
334,205,110,55,273,67,235,75,85,121,243,319,518,163,145,157,188,539,273,38,72,297,165,119,175,67,179,124,153,343,443,816,155,254,48,296,276,53,129,288,182,66,239,98,204,241,179,314,111,199
529,444,199,84,522,122,500,160,183,211,451,592,939,325,308,309,399,949,477,75,297,246,286,207,362,114,328,229,268,643,728,1410,281,446,132,558,464,84,268,548,329,99,387,208,421,484,321,504,191,337
357,227,107,54,274,82,328,84,112,112,272,306,561,171,171,177,221,528,293,39,165,286,84,107,203,70,204,143,144,343,434,870,172,275,63,328,278,45,162,310,195,60,230,111,229,297,158,304,111,190
201,155,80,34,211,46,209,67,75,83,171,221,368,118,110,95,152,367,198,27,119,207,107,52,152,48,123,107,99,247,308,557,109,209,34,236,188,36,107,197,133,36,147,81,180,189,141,206,66,136
425,271,116,62,328,86,303,89,107,142,277,375,609,240,164,172,225,551,337,28,175,362,203,152,103,77,215,158,159,413,481,946,185,304,79,364,308,60,173,327,208,67,276,135,227,335,210,329,126,236
151,98,46,21,134,37,131,50,43,49,93,137,246,71,73,82,84,245,122,12,67,114,70,48,77,12,70,57,60,148,189,358,69,120,24,138,125,19,75,135,83,34,108,54,96,103,71,132,48,90
412,245,131,67,371,83,363,111,124,137,283,371,606,200,193,195,239,599,338,37,179,328,204,123,215,70,102,160,165,408,470,963,199,297,75,373,298,56,172,333,244,84,267,143,251,326,192,329,129,237
291,196,90,44,225,57,230,67,61,108,210,247,429,149,123,149,161,396,240,18,124,229,143,107,158,57,160,54,120,292,331,623,127,214,49,235,236,31,124,250,138,36,163,93,194,217,152,253,91,168
321,203,103,51,277,63,243,68,70,96,227,280,465,172,119,135,168,456,254,36,153,268,144,99,159,60,165,120,62,316,394,674,130,243,55,266,254,44,125,262,184,58,187,97,196,239,160,263,95,156
606,519,267,120,644,144,610,204,231,281,570,721,1169,400,351,402,441,1193,630,72,343,643,343,247,413,148,408,292,316,398,989,1774,360,559,136,636,619,121,316,647,407,130,511,236,517,589,437,700,231,430
706,679,284,121,727,165,757,199,221,305,619,886,1402,516,435,466,564,1377,812,57,443,728,434,308,481,189,470,331,394,989,612,2098,412,675,179,806,707,126,341,819,481,148,627,296,621,673,462,794,266,533
1245,1188,610,201,1455,270,1318,411,475,571,1166,1581,2485,967,743,751,1029,2406,1424,164,816,1410,870,557,946,358,963,623,674,1774,2098,1906,717,1299,340,1579,1299,262,642,1485,921,301,1037,540,1129,1284,877,1439,473,968
239,264,107,32,266,62,289,80,81,113,236,319,495,196,150,156,167,476,265,30,155,281,172,109,185,69,199,127,130,360,412,717,60,259,70,265,265,40,124,298,176,47,213,104,235,241,172,299,93,188
443,391,171,78,518,99,472,149,153,193,396,552,813,308,229,243,336,817,459,49,254,446,275,209,304,120,297,214,243,559,675,1299,259,200,121,515,432,83,248,458,324,83,357,177,369,468,281,477,166,308
105,87,47,23,122,38,113,34,50,28,99,115,202,72,60,73,87,209,135,13,48,132,63,34,79,24,75,49,55,136,179,340,70,121,10,134,112,24,52,128,68,20,79,44,84,126,79,130,47,74
527,477,196,85,573,119,562,164,166,200,431,635,989,330,284,295,368,972,571,69,296,558,328,236,364,138,373,235,266,636,806,1579,265,515,134,282,481,82,246,614,357,133,424,198,432,476,328,580,219,359
486,403,193,66,496,97,473,143,154,191,416,532,841,281,268,269,316,876,464,70,276,464,278,188,308,125,298,236,254,619,707,1299,265,432,112,481,205,76,235,515,320,107,350,162,358,432,292,512,163,307
80,71,43,10,75,19,80,28,22,28,82,96,156,55,42,43,65,172,85,11,53,84,45,36,60,19,56,31,44,121,126,262,40,83,24,82,76,8,45,97,53,11,57,37,56,82,57,94,37,56
207,233,97,43,265,69,274,78,79,105,222,278,470,159,131,157,185,433,224,27,129,268,162,107,173,75,172,124,125,316,341,642,124,248,52,246,235,45,59,248,163,42,199,97,191,230,156,274,77,163
471,449,212,89,542,116,506,145,158,215,390,592,983,348,283,306,413,989,528,58,288,548,310,197,327,135,333,250,262,647,819,1485,298,458,128,614,515,97,248,243,328,90,405,214,441,481,338,538,201,371
321,293,130,59,347,79,315,97,99,141,272,376,590,224,179,188,233,592,328,34,182,329,195,133,208,83,244,138,184,407,481,921,176,324,68,357,320,53,163,328,103,59,273,135,270,332,213,331,102,248
132,80,34,21,106,24,103,30,34,38,76,126,158,65,41,58,89,172,123,12,66,99,60,36,67,34,84,36,58,130,148,301,47,83,20,133,107,11,42,90,59,12,89,33,69,91,53,96,28,85
387,324,173,54,378,68,377,124,131,146,334,449,740,250,202,238,283,720,401,49,239,387,230,147,276,108,267,163,187,511,627,1037,213,357,79,424,350,57,199,405,273,89,167,133,303,342,249,432,136,251
183,163,85,28,208,44,190,46,67,74,160,184,322,115,106,108,141,348,203,29,98,208,111,81,135,54,143,93,97,236,296,540,104,177,44,198,162,37,97,214,135,33,133,42,161,165,134,185,67,119
483,322,155,73,411,92,396,124,142,183,356,428,730,264,215,211,275,715,400,51,204,421,229,180,227,96,251,194,196,517,621,1129,235,369,84,432,358,56,191,441,270,69,303,161,171,406,249,417,146,255
432,402,190,84,464,101,463,151,175,192,403,527,848,314,272,271,318,813,520,56,241,484,297,189,335,103,326,217,239,589,673,1284,241,468,126,476,432,82,230,481,332,91,342,165,406,217,326,484,167,306
314,265,124,51,292,77,292,101,95,126,289,348,570,211,145,161,214,590,298,41,179,321,158,141,210,71,192,152,160,437,462,877,172,281,79,328,292,57,156,338,213,53,249,134,249,326,98,324,103,211
496,446,210,88,527,112,498,169,168,215,411,600,926,343,295,346,384,928,520,64,314,504,304,206,329,132,329,253,263,700,794,1439,299,477,130,580,512,94,274,538,331,96,432,185,417,484,324,263,188,352
179,145,71,24,194,39,183,58,69,63,159,196,339,112,96,102,136,303,184,27,111,191,111,66,126,48,129,91,95,231,266,473,93,166,47,219,163,37,77,201,102,28,136,67,146,167,103,188,30,125
376,315,137,59,355,79,339,113,122,139,304,359,613,221,178,196,238,612,375,39,199,337,190,136,236,90,237,168,156,430,533,968,188,308,74,359,307,56,163,371,248,85,251,119,255,306,211,352,125,111
