269,487,206,89,510,95,483,191,172,248,456,509,871,388,321,353,414,865,575,80,333,555,344,181,368,138,362,312,300,669,735,1237,237,492,98,547,439,91,266,496,356,109,341,176,413,424,369,500,161,388
487,173,165,86,450,105,461,123,151,167,357,489,818,267,216,255,299,809,431,55,218,425,248,177,289,126,298,195,218,559,658,1239,245,410,94,424,400,70,216,463,263,101,372,158,366,446,263,488,150,286
206,165,32,25,198,40,197,54,73,77,165,231,364,113,91,120,129,390,197,17,106,201,117,80,118,52,140,78,105,216,298,602,121,186,45,188,189,21,108,224,121,53,157,58,140,195,89,190,73,139
89,86,25,2,76,12,71,27,36,35,67,86,139,54,38,48,73,138,77,10,57,93,58,36,60,29,66,51,35,111,124,189,42,70,20,95,86,21,62,98,57,14,61,24,69,80,60,78,28,61
510,450,198,76,262,98,499,178,159,184,392,569,980,307,269,298,401,964,552,75,291,512,296,185,339,142,375,231,251,633,793,1492,274,485,120,575,451,81,265,560,320,116,366,199,401,471,332,539,186,361
95,105,40,12,98,13,91,42,47,50,93,118,205,72,57,65,87,214,111,14,69,114,64,39,76,24,72,58,46,147,176,286,65,99,29,114,110,16,62,119,71,21,97,34,92,122,69,112,46,77
483,461,197,71,499,91,221,153,156,199,411,516,851,309,265,279,347,908,476,54,263,471,315,193,354,140,333,243,249,659,709,1305,295,458,104,508,417,84,252,492,331,105,408,162,362,480,340,494,175,348
191,123,54,27,178,42,153,21,55,56,130,158,284,86,74,78,111,288,144,22,81,148,83,59,86,29,89,75,67,195,241,418,72,146,28,172,146,23,71,164,120,33,96,62,115,140,86,159,54,104
172,151,73,36,159,47,156,55,21,70,134,172,329,113,84,92,124,318,166,18,91,157,80,61,105,39,104,66,81,234,245,526,95,158,45,167,161,25,92,178,109,39,125,58,114,145,97,174,55,123
248,167,77,35,184,50,199,56,70,58,174,214,380,140,132,122,139,404,217,29,114,215,125,73,148,59,157,98,108,259,287,533,128,206,40,224,213,37,89,195,131,38,154,60,171,208,128,189,84,155
456,357,165,67,392,93,411,130,134,174,175,453,806,263,226,232,320,782,406,64,248,410,265,154,271,123,308,229,241,571,615,1140,241,394,90,464,421,66,198,421,291,84,338,137,345,414,252,404,134,277
509,489,231,86,569,118,516,158,172,214,453,332,1028,333,302,296,417,1050,586,64,333,561,343,235,360,127,377,237,277,696,877,1667,354,523,142,586,520,95,279,654,371,118,388,227,411,601,321,601,235,389
871,818,364,139,980,205,851,284,329,380,806,1028,807,600,486,504,710,1448,935,120,508,915,518,356,629,226,641,436,484,1135,1360,2511,506,838,188,990,802,169,475,1015,623,197,682,359,727,830,559,952,315,619
388,267,113,54,307,72,309,86,113,140,263,333,600,109,179,187,247,635,322,41,169,334,204,124,223,103,250,152,155,428,507,916,177,278,87,360,335,57,167,354,192,81,284,108,268,326,227,350,120,246
321,216,91,38,269,57,265,74,84,132,226,302,486,179,76,145,185,470,263,19,134,264,155,111,163,57,152,107,118,309,383,704,145,278,58,272,239,46,120,283,177,58,203,110,200,258,180,280,106,201
353,255,120,48,298,65,279,78,92,122,232,296,504,187,145,86,210,512,305,35,153,289,163,124,186,70,182,139,138,325,427,776,164,270,68,295,243,49,130,333,194,70,233,114,215,277,197,296,116,201
414,299,129,73,401,87,347,111,124,139,320,417,710,247,185,210,136,689,371,48,200,386,223,132,226,86,252,181,168,427,533,1010,161,369,89,398,321,61,180,412,256,82,280,134,274,327,241,412,150,260
865,809,390,138,964,214,908,288,318,404,782,1050,1448,635,470,512,689,770,916,115,469,963,532,368,595,237,658,417,477,1154,1394,2467,522,852,185,988,820,163,486,1019,632,184,688,362,720,843,600,902,297,589
575,431,197,77,552,111,476,144,166,217,406,586,935,322,263,305,371,916,252,77,259,479,307,193,322,132,352,224,258,652,783,1387,275,442,103,568,475,92,243,549,350,108,404,191,387,472,323,531,174,343
80,55,17,10,75,14,54,22,18,29,64,64,120,41,19,35,48,115,77,4,32,83,41,18,34,15,34,27,24,69,106,174,35,59,15,77,54,18,36,72,45,13,43,20,46,73,37,57,20,58
333,218,106,57,291,69,263,81,91,114,248,333,508,169,134,153,200,469,259,32,77,293,156,95,161,61,171,138,147,313,400,748,155,252,63,282,258,41,142,267,192,40,208,96,214,241,166,276,96,194
555,425,201,93,512,114,471,148,157,215,410,561,915,334,264,289,386,963,479,83,293,286,313,209,387,150,356,227,241,668,790,1426,275,511,125,535,456,89,242,581,359,118,409,201,424,483,348,562,189,342
344,248,117,58,296,64,315,83,80,125,265,343,518,204,155,163,223,532,307,41,156,313,74,109,178,64,190,118,138,379,443,789,140,273,77,300,273,40,148,346,204,60,254,102,245,252,184,332,115,219
181,177,80,36,185,39,193,59,61,73,154,235,356,124,111,124,132,368,193,18,95,209,109,41,138,66,150,97,79,233,283,571,119,181,46,177,205,43,83,210,132,41,187,71,163,185,135,233,67,127
368,289,118,60,339,76,354,86,105,148,271,360,629,223,163,186,226,595,322,34,161,387,178,138,112,81,228,126,177,434,520,949,197,313,67,328,350,54,162,377,193,89,281,134,286,357,191,385,110,225
138,126,52,29,142,24,140,29,39,59,123,127,226,103,57,70,86,237,132,15,61,150,64,66,81,16,84,64,59,161,190,328,65,119,26,112,117,24,54,125,93,27,103,55,114,115,88,134,41,78
362,298,140,66,375,72,333,89,104,157,308,377,641,250,152,182,252,658,352,34,171,356,190,150,228,84,103,168,162,410,498,1015,205,299,84,338,301,66,152,362,232,68,274,130,274,344,226,345,134,229
312,195,78,51,231,58,243,75,66,98,229,237,436,152,107,139,181,417,224,27,138,227,118,97,126,64,168,61,92,309,368,696,143,229,52,250,232,29,118,241,167,45,204,87,190,208,127,259,93,154
300,218,105,35,251,46,249,67,81,108,241,277,484,155,118,138,168,477,258,24,147,241,138,79,177,59,162,92,60,323,369,690,154,207,52,251,224,36,132,285,157,51,206,85,192,243,156,252,102,187
669,559,216,111,633,147,659,195,234,259,571,696,1135,428,309,325,427,1154,652,69,313,668,379,233,434,161,410,309,323,376,1056,1811,363,640,157,673,609,99,318,726,429,119,501,244,509,574,428,639,257,422
735,658,298,124,793,176,709,241,245,287,615,877,1360,507,383,427,533,1394,783,106,400,790,443,283,520,190,498,368,369,1056,585,2066,416,752,174,826,705,127,394,853,542,180,568,285,602,728,469,807,273,497
1237,1239,602,189,1492,286,1305,418,526,533,1140,1667,2511,916,704,776,1010,2467,1387,174,748,1426,789,571,949,328,1015,696,690,1811,2066,2013,734,1314,281,1522,1260,250,698,1581,957,321,1072,507,1145,1363,909,1483,503,964
237,245,121,42,274,65,295,72,95,128,241,354,506,177,145,164,161,522,275,35,155,275,140,119,197,65,205,143,154,363,416,734,77,286,69,292,269,49,116,339,201,70,214,93,230,276,161,315,98,196
492,410,186,70,485,99,458,146,158,206,394,523,838,278,278,270,369,852,442,59,252,511,273,181,313,119,299,229,207,640,752,1314,286,214,113,538,425,88,242,527,342,94,369,152,383,430,302,483,184,345
98,94,45,20,120,29,104,28,45,40,90,142,188,87,58,68,89,185,103,15,63,125,77,46,67,26,84,52,52,157,174,281,69,113,10,114,91,12,50,127,92,17,84,35,90,106,65,108,28,66
547,424,188,95,575,114,508,172,167,224,464,586,990,360,272,295,398,988,568,77,282,535,300,177,328,112,338,250,251,673,826,1522,292,538,114,279,466,94,275,608,383,115,399,198,418,534,355,603,218,324
439,400,189,86,451,110,417,146,161,213,421,520,802,335,239,243,321,820,475,54,258,456,273,205,350,117,301,232,224,609,705,1260,269,425,91,466,224,88,196,497,328,76,382,154,366,425,286,490,170,293
91,70,21,21,81,16,84,23,25,37,66,95,169,57,46,49,61,163,92,18,41,89,40,43,54,24,66,29,36,99,127,250,49,88,12,94,88,7,40,90,67,17,62,41,72,87,60,100,24,63
266,216,108,62,265,62,252,71,92,89,198,279,475,167,120,130,180,486,243,36,142,242,148,83,162,54,152,118,132,318,394,698,116,242,50,275,196,40,61,270,174,61,180,106,203,231,171,241,89,172
496,463,224,98,560,119,492,164,178,195,421,654,1015,354,283,333,412,1019,549,72,267,581,346,210,377,125,362,241,285,726,853,1581,339,527,127,608,497,90,270,284,340,116,398,230,428,527,335,552,206,382
356,263,121,57,320,71,331,120,109,131,291,371,623,192,177,194,256,632,350,45,192,359,204,132,193,93,232,167,157,429,542,957,201,342,92,383,328,67,174,340,103,72,255,139,269,307,234,350,133,214
109,101,53,14,116,21,105,33,39,38,84,118,197,81,58,70,82,184,108,13,40,118,60,41,89,27,68,45,51,119,180,321,70,94,17,115,76,17,61,116,72,4,74,48,88,87,70,118,44,66
341,372,157,61,366,97,408,96,125,154,338,388,682,284,203,233,280,688,404,43,208,409,254,187,281,103,274,204,206,501,568,1072,214,369,84,399,382,62,180,398,255,74,134,145,333,330,238,411,124,287
176,158,58,24,199,34,162,62,58,60,137,227,359,108,110,114,134,362,191,20,96,201,102,71,134,55,130,87,85,244,285,507,93,152,35,198,154,41,106,230,139,48,145,40,169,185,120,207,63,112
413,366,140,69,401,92,362,115,114,171,345,411,727,268,200,215,274,720,387,46,214,424,245,163,286,114,274,190,192,509,602,1145,230,383,90,418,366,72,203,428,269,88,333,169,171,400,242,441,158,276
424,446,195,80,471,122,480,140,145,208,414,601,830,326,258,277,327,843,472,73,241,483,252,185,357,115,344,208,243,574,728,1363,276,430,106,534,425,87,231,527,307,87,330,185,400,251,288,494,183,323
369,263,89,60,332,69,340,86,97,128,252,321,559,227,180,197,241,600,323,37,166,348,184,135,191,88,226,127,156,428,469,909,161,302,65,355,286,60,171,335,234,70,238,120,242,288,103,325,112,221
500,488,190,78,539,112,494,159,174,189,404,601,952,350,280,296,412,902,531,57,276,562,332,233,385,134,345,259,252,639,807,1483,315,483,108,603,490,100,241,552,350,118,411,207,441,494,325,258,209,366
161,150,73,28,186,46,175,54,55,84,134,235,315,120,106,116,150,297,174,20,96,189,115,67,110,41,134,93,102,257,273,503,98,184,28,218,170,24,89,206,133,44,124,63,158,183,112,209,25,110
388,286,139,61,361,77,348,104,123,155,277,389,619,246,201,201,260,589,343,58,194,342,219,127,225,78,229,154,187,422,497,964,196,345,66,324,293,63,172,382,214,66,287,112,276,323,221,366,110,128
