269,482,213,83,501,107,508,170,183,261,459,526,797,341,320,355,374,796,506,58,333,489,356,215,380,175,400,298,302,640,681,1219,225,450,108,517,483,78,237,467,334,100,335,164,435,455,351,516,172,389
482,191,184,82,484,83,441,126,170,179,368,516,834,275,203,224,303,817,428,65,260,453,267,161,285,105,291,206,183,543,651,1211,269,453,122,394,413,72,212,443,293,87,315,170,325,425,281,426,191,309
213,184,43,33,208,38,213,59,64,79,150,202,392,126,101,99,144,362,193,25,90,207,113,85,129,48,145,89,90,235,297,572,104,171,60,200,176,31,105,237,132,49,170,64,173,179,125,214,85,149
83,82,33,4,87,12,88,24,25,45,72,89,144,62,52,60,51,132,94,12,54,93,56,31,56,19,69,43,41,107,129,202,39,80,18,94,90,16,35,90,58,17,61,37,64,63,59,84,27,54
501,484,208,87,273,107,496,151,179,206,448,569,918,372,304,280,367,898,532,72,331,545,334,182,356,151,373,264,263,656,813,1372,293,484,115,569,462,82,275,570,355,126,386,189,413,491,339,547,181,368
107,83,38,12,107,6,97,34,45,49,95,140,203,70,66,70,84,182,106,9,60,111,71,36,80,31,76,52,52,139,174,277,50,95,17,123,123,30,55,114,89,22,78,40,85,99,73,108,47,76
508,441,213,88,496,97,263,148,167,207,399,567,888,309,245,295,356,875,430,63,288,512,271,188,326,109,297,243,242,618,717,1368,287,447,116,513,447,88,209,535,341,104,345,177,399,484,314,475,161,321
170,126,59,24,151,34,148,23,48,73,131,190,314,99,93,94,121,289,157,15,69,144,84,60,97,37,100,75,67,174,230,422,89,150,33,149,157,24,77,148,108,33,108,73,121,140,91,158,60,107
183,170,64,25,179,45,167,48,33,62,128,191,321,93,92,96,133,283,153,19,91,173,94,57,131,35,111,95,100,213,260,489,96,137,39,192,171,32,73,180,109,28,106,60,142,166,108,183,61,111
261,179,79,45,206,49,207,73,62,48,170,214,369,137,123,120,148,357,229,25,133,248,133,94,136,57,144,110,132,242,294,550,103,203,41,228,202,41,94,216,122,37,157,67,186,185,118,218,72,146
459,368,150,72,448,95,399,131,128,170,175,468,747,274,228,248,313,711,419,48,278,401,255,180,276,98,274,212,215,483,585,1148,218,397,87,461,385,84,221,455,291,75,327,153,357,372,272,420,139,292
526,516,202,89,569,140,567,190,191,214,468,316,1033,373,289,320,429,1054,633,70,306,622,309,244,358,143,412,244,295,702,904,1644,293,528,112,606,542,110,316,620,355,112,433,181,460,523,361,576,193,373
797,834,392,144,918,203,888,314,321,369,747,1033,855,587,492,488,661,1469,895,131,514,897,542,361,631,228,628,387,467,1123,1380,2579,489,813,181,957,872,158,460,975,598,199,695,350,743,848,572,909,342,638
341,275,126,62,372,70,309,99,93,137,274,373,587,114,175,172,206,590,326,37,167,353,203,120,217,76,196,153,168,393,485,891,189,341,83,345,339,41,159,337,198,68,248,113,305,310,188,377,128,224
320,203,101,52,304,66,245,93,92,123,228,289,492,175,59,128,196,483,273,30,147,266,152,95,171,51,171,139,137,297,374,747,140,252,66,288,250,40,136,271,177,57,235,100,196,270,152,267,110,168
355,224,99,60,280,70,295,94,96,120,248,320,488,172,128,81,203,501,276,31,150,276,154,104,184,70,188,142,136,335,424,820,141,271,62,275,283,48,130,309,198,65,235,110,223,283,177,290,117,164
374,303,144,51,367,84,356,121,133,148,313,429,661,206,196,203,129,661,347,51,196,358,204,139,253,92,238,184,178,429,547,1031,203,302,87,369,365,54,176,369,242,72,237,128,295,386,221,397,142,262
796,817,362,132,898,182,875,289,283,357,711,1054,1469,590,483,501,661,852,933,134,505,971,536,382,639,236,642,404,494,1136,1345,2528,490,824,199,1002,864,166,461,963,587,191,663,364,748,858,570,870,350,624
506,428,193,94,532,106,430,157,153,229,419,633,895,326,273,276,347,933,260,66,283,505,300,179,313,126,339,242,260,634,797,1442,303,489,123,549,486,105,266,519,344,98,374,187,378,483,316,505,165,367
58,65,25,12,72,9,63,15,19,25,48,70,131,37,30,31,51,134,66,4,28,65,35,35,40,16,56,25,32,83,85,187,34,47,14,60,74,15,30,70,47,12,41,30,53,48,49,65,30,40
333,260,90,54,331,60,288,69,91,133,278,306,514,167,147,150,196,505,283,28,78,270,158,130,166,70,173,126,123,316,397,791,142,248,62,285,285,46,128,290,179,61,251,102,211,270,171,318,111,170
489,453,207,93,545,111,512,144,173,248,401,622,897,353,266,276,358,971,505,65,270,270,303,179,336,122,327,242,255,657,742,1459,287,467,121,526,486,76,241,549,331,98,386,202,410,470,308,531,188,368
356,267,113,56,334,71,271,84,94,133,255,309,542,203,152,154,204,536,300,35,158,303,88,125,199,79,194,137,143,357,415,852,175,263,76,299,292,42,132,281,186,60,243,112,248,265,185,294,103,191
215,161,85,31,182,36,188,60,57,94,180,244,361,120,95,104,139,382,179,35,130,179,125,46,144,58,138,98,102,256,297,546,116,181,49,217,189,28,94,175,126,41,139,59,164,187,127,204,69,137
380,285,129,56,356,80,326,97,131,136,276,358,631,217,171,184,253,639,313,40,166,336,199,144,122,85,231,143,160,380,485,1005,198,323,71,329,302,58,148,354,201,67,264,135,259,303,213,330,115,213
175,105,48,19,151,31,109,37,35,57,98,143,228,76,51,70,92,236,126,16,70,122,79,58,85,11,82,71,68,156,168,356,75,125,29,128,111,14,72,122,93,32,96,36,96,112,87,138,50,82
400,291,145,69,373,76,297,100,111,144,274,412,628,196,171,188,238,642,339,56,173,327,194,138,231,82,125,166,177,380,519,984,218,333,74,320,313,48,158,350,227,69,253,111,271,331,222,380,131,217
298,206,89,43,264,52,243,75,95,110,212,244,387,153,139,142,184,404,242,25,126,242,137,98,143,71,166,65,112,310,346,666,120,226,62,231,224,31,126,245,132,49,195,89,187,193,151,242,91,171
302,183,90,41,263,52,242,67,100,132,215,295,467,168,137,136,178,494,260,32,123,255,143,102,160,68,177,112,60,306,385,712,149,237,74,251,233,29,129,256,175,63,178,102,214,239,169,261,105,187
640,543,235,107,656,139,618,174,213,242,483,702,1123,393,297,335,429,1136,634,83,316,657,357,256,380,156,380,310,306,412,984,1835,349,590,163,658,580,121,313,708,404,121,506,251,494,582,364,642,253,402
681,651,297,129,813,174,717,230,260,294,585,904,1380,485,374,424,547,1345,797,85,397,742,415,297,485,168,519,346,385,984,560,2096,406,711,166,824,702,115,380,802,527,151,612,293,600,727,467,733,263,527
1219,1211,572,202,1372,277,1368,422,489,550,1148,1644,2579,891,747,820,1031,2528,1442,187,791,1459,852,546,1005,356,984,666,712,1835,2096,1928,760,1284,317,1534,1322,247,696,1463,951,298,1037,582,1170,1311,897,1399,529,951
225,269,104,39,293,50,287,89,96,103,218,293,489,189,140,141,203,490,303,34,142,287,175,116,198,75,218,120,149,349,406,760,82,237,66,313,257,61,144,297,180,65,205,100,236,243,169,304,101,183
450,453,171,80,484,95,447,150,137,203,397,528,813,341,252,271,302,824,489,47,248,467,263,181,323,125,333,226,237,590,711,1284,237,214,105,469,440,94,247,455,304,93,404,178,362,456,285,538,174,302
108,122,60,18,115,17,116,33,39,41,87,112,181,83,66,62,87,199,123,14,62,121,76,49,71,29,74,62,74,163,166,317,66,105,16,125,101,13,54,132,57,16,87,43,98,110,75,126,40,77
517,394,200,94,569,123,513,149,192,228,461,606,957,345,288,275,369,1002,549,60,285,526,299,217,329,128,320,231,251,658,824,1534,313,469,125,277,492,87,251,597,381,110,401,185,401,533,319,589,229,340
483,413,176,90,462,123,447,157,171,202,385,542,872,339,250,283,365,864,486,74,285,486,292,189,302,111,313,224,233,580,702,1322,257,440,101,492,216,67,222,506,305,93,365,171,362,424,293,485,183,313
78,72,31,16,82,30,88,24,32,41,84,110,158,41,40,48,54,166,105,15,46,76,42,28,58,14,48,31,29,121,115,247,61,94,13,87,67,6,41,105,48,17,70,34,68,83,45,85,32,60
237,212,105,35,275,55,209,77,73,94,221,316,460,159,136,130,176,461,266,30,128,241,132,94,148,72,158,126,129,313,380,696,144,247,54,251,222,41,64,259,177,45,169,96,197,226,164,269,76,153
467,443,237,90,570,114,535,148,180,216,455,620,975,337,271,309,369,963,519,70,290,549,281,175,354,122,350,245,256,708,802,1463,297,455,132,597,506,105,259,275,367,106,404,199,449,522,342,532,188,348
334,293,132,58,355,89,341,108,109,122,291,355,598,198,177,198,242,587,344,47,179,331,186,126,201,93,227,132,175,404,527,951,180,304,57,381,305,48,177,367,106,67,244,114,261,331,206,319,115,231
100,87,49,17,126,22,104,33,28,37,75,112,199,68,57,65,72,191,98,12,61,98,60,41,67,32,69,49,63,121,151,298,65,93,16,110,93,17,45,106,67,10,77,39,83,105,69,103,33,72
335,315,170,61,386,78,345,108,106,157,327,433,695,248,235,235,237,663,374,41,251,386,243,139,264,96,253,195,178,506,612,1037,205,404,87,401,365,70,169,404,244,77,142,154,294,369,247,390,140,259
164,170,64,37,189,40,177,73,60,67,153,181,350,113,100,110,128,364,187,30,102,202,112,59,135,36,111,89,102,251,293,582,100,178,43,185,171,34,96,199,114,39,154,26,140,169,104,187,81,98
435,325,173,64,413,85,399,121,142,186,357,460,743,305,196,223,295,748,378,53,211,410,248,164,259,96,271,187,214,494,600,1170,236,362,98,401,362,68,197,449,261,83,294,140,173,399,281,399,144,263
455,425,179,63,491,99,484,140,166,185,372,523,848,310,270,283,386,858,483,48,270,470,265,187,303,112,331,193,239,582,727,1311,243,456,110,533,424,83,226,522,331,105,369,169,399,211,282,477,181,313
351,281,125,59,339,73,314,91,108,118,272,361,572,188,152,177,221,570,316,49,171,308,185,127,213,87,222,151,169,364,467,897,169,285,75,319,293,45,164,342,206,69,247,104,281,282,105,335,102,192
516,426,214,84,547,108,475,158,183,218,420,576,909,377,267,290,397,870,505,65,318,531,294,204,330,138,380,242,261,642,733,1399,304,538,126,589,485,85,269,532,319,103,390,187,399,477,335,247,192,333
172,191,85,27,181,47,161,60,61,72,139,193,342,128,110,117,142,350,165,30,111,188,103,69,115,50,131,91,105,253,263,529,101,174,40,229,183,32,76,188,115,33,140,81,144,181,102,192,34,116
389,309,149,54,368,76,321,107,111,146,292,373,638,224,168,164,262,624,367,40,170,368,191,137,213,82,217,171,187,402,527,951,183,302,77,340,313,60,153,348,231,72,259,98,263,313,192,333,116,143
