249,397,202,99,501,112,469,185,176,244,451,506,817,385,330,330,340,801,486,69,356,500,347,215,395,151,377,305,280,589,696,1173,238,497,121,479,535,94,262,461,291,94,358,150,445,400,314,471,165,371
397,181,152,85,442,106,417,128,149,156,338,500,825,273,240,275,326,825,466,70,227,489,243,180,252,100,267,207,223,570,686,1179,227,413,103,425,443,59,214,479,275,84,335,154,343,381,298,462,170,299
202,152,42,31,193,44,197,48,66,75,164,213,354,123,109,127,138,352,176,27,118,203,118,73,121,45,126,94,102,236,309,575,112,185,39,208,200,21,87,219,151,35,145,67,163,186,105,217,71,128
99,85,31,9,94,20,78,21,18,29,73,90,148,55,54,63,72,162,102,10,50,100,54,26,66,26,57,43,39,126,117,230,30,96,21,99,84,17,41,88,63,9,69,19,63,58,62,79,36,78
501,442,193,94,281,128,502,166,172,222,446,522,865,312,289,307,391,936,525,66,300,533,270,236,332,143,371,227,277,666,749,1403,280,467,105,546,476,95,237,528,330,114,373,188,391,464,306,526,202,336
112,106,44,20,128,13,100,31,37,49,91,126,189,81,59,64,89,191,130,19,82,114,72,43,78,27,77,55,61,146,149,279,55,94,31,107,99,20,55,122,71,24,95,42,91,90,77,101,39,92
469,417,197,78,502,100,236,135,151,202,394,588,826,320,289,320,400,895,514,58,287,537,309,208,317,125,319,249,230,603,747,1292,260,426,121,536,431,83,237,506,339,80,366,161,390,414,335,484,165,342
185,128,48,21,166,31,135,21,46,76,145,161,298,93,74,80,121,288,156,27,79,174,97,61,108,43,92,69,66,187,247,417,72,122,34,146,145,31,81,155,94,34,123,47,127,154,105,163,57,104
176,149,66,18,172,37,151,46,26,64,145,191,310,108,102,97,114,330,130,15,86,157,105,76,119,41,115,61,87,185,217,456,89,151,42,188,151,27,81,172,112,25,122,70,146,122,123,182,60,119
244,156,75,29,222,49,202,76,64,39,153,216,324,140,124,131,154,341,234,19,129,232,122,94,143,36,122,100,104,243,291,555,111,207,45,219,192,33,113,211,150,42,154,73,162,179,133,236,62,138
451,338,164,73,446,91,394,145,145,153,176,441,735,288,245,263,325,761,470,46,256,443,248,162,288,107,266,208,229,517,623,1120,225,385,96,450,386,69,220,431,267,95,321,172,356,369,299,452,146,279
506,500,213,90,522,126,588,161,191,216,441,317,970,354,283,288,397,1013,595,67,299,590,326,225,367,133,393,242,278,655,823,1505,295,498,116,607,529,111,259,621,383,123,400,204,428,492,347,579,212,374
817,825,354,148,865,189,826,298,310,324,735,970,853,563,482,474,673,1411,933,121,540,927,503,345,564,224,604,416,462,1142,1372,2370,494,858,193,1009,826,170,442,951,579,200,680,349,713,864,561,900,312,600
385,273,123,55,312,81,320,93,108,140,288,354,563,111,188,164,238,620,319,32,197,332,211,130,219,74,219,155,187,396,503,932,180,294,53,372,306,48,181,350,213,76,267,137,279,289,201,374,115,209
330,240,109,54,289,59,289,74,102,124,245,283,482,188,59,127,192,480,270,36,171,283,155,107,166,70,183,122,132,348,412,718,126,236,52,272,239,45,146,284,181,62,220,86,208,243,141,296,95,189
330,275,127,63,307,64,320,80,97,131,263,288,474,164,127,67,207,521,284,26,171,277,150,109,173,75,198,119,153,360,440,801,163,294,56,295,270,41,142,299,190,62,233,92,228,273,152,337,92,203
340,326,138,72,391,89,400,121,114,154,325,397,673,238,192,207,116,651,369,63,213,384,190,144,242,82,254,211,183,463,568,1051,183,347,99,359,373,66,189,397,236,80,256,128,328,318,229,397,135,257
801,825,352,162,936,191,895,288,330,341,761,1013,1411,620,480,521,651,752,960,100,550,937,520,399,574,241,640,428,482,1122,1384,2331,488,872,197,956,822,165,453,953,619,201,647,360,735,850,545,896,305,622
486,466,176,102,525,130,514,156,130,234,470,595,933,319,270,284,369,960,259,68,281,504,302,232,320,132,360,206,233,681,810,1381,255,499,125,510,519,94,235,563,365,94,361,185,381,468,335,530,178,367
69,70,27,10,66,19,58,27,15,19,46,67,121,32,36,26,63,100,68,3,33,57,32,32,56,17,50,27,30,88,96,202,39,52,10,63,49,11,36,66,51,16,38,16,44,59,37,76,27,30
356,227,118,50,300,82,287,79,86,129,256,299,540,197,171,171,213,550,281,33,59,288,177,117,177,80,163,134,110,296,423,796,169,263,66,282,287,37,130,270,181,59,211,105,240,262,184,298,131,197
500,489,203,100,533,114,537,174,157,232,443,590,927,332,283,277,384,937,504,57,288,275,315,215,363,150,378,216,259,665,781,1417,292,472,136,577,515,82,258,541,351,115,377,189,421,454,362,530,187,350
347,243,118,54,270,72,309,97,105,122,248,326,503,211,155,150,190,520,302,32,177,315,102,118,188,91,213,122,155,359,457,821,165,267,58,328,284,51,132,336,189,65,249,107,260,277,191,318,102,201
215,180,73,26,236,43,208,61,76,94,162,225,345,130,107,109,144,399,232,32,117,215,118,37,133,50,130,111,108,277,296,548,112,192,54,212,210,22,112,230,130,39,172,68,162,165,130,217,92,145
395,252,121,66,332,78,317,108,119,143,288,367,564,219,166,173,242,574,320,56,177,363,188,133,109,94,206,153,163,395,529,978,169,322,76,380,314,59,171,358,189,55,263,138,274,329,208,348,131,244
151,100,45,26,143,27,125,43,41,36,107,133,224,74,70,75,82,241,132,17,80,150,91,50,94,13,83,65,80,155,183,363,69,135,26,141,118,23,70,147,76,19,93,38,126,131,87,135,55,92
377,267,126,57,371,77,319,92,115,122,266,393,604,219,183,198,254,640,360,50,163,378,213,130,206,83,123,172,151,405,488,943,184,325,73,371,317,55,177,357,222,64,256,115,280,301,235,389,131,220
305,207,94,43,227,55,249,69,61,100,208,242,416,155,122,119,211,428,206,27,134,216,122,111,153,65,172,55,136,277,331,693,133,197,58,268,254,24,116,274,168,53,201,94,198,213,123,238,87,175
280,223,102,39,277,61,230,66,87,104,229,278,462,187,132,153,183,482,233,30,110,259,155,108,163,80,151,136,72,323,410,749,144,266,49,290,255,39,139,269,159,36,200,78,202,244,156,264,100,182
589,570,236,126,666,146,603,187,185,243,517,655,1142,396,348,360,463,1122,681,88,296,665,359,277,395,155,405,277,323,391,925,1844,389,636,131,622,593,92,298,694,409,127,454,231,523,596,379,662,238,399
696,686,309,117,749,149,747,247,217,291,623,823,1372,503,412,440,568,1384,810,96,423,781,457,296,529,183,488,331,410,925,559,2066,419,717,182,841,729,131,394,809,502,156,566,284,638,738,556,781,275,511
1173,1179,575,230,1403,279,1292,417,456,555,1120,1505,2370,932,718,801,1051,2331,1381,202,796,1417,821,548,978,363,943,693,749,1844,2066,1900,778,1316,281,1552,1249,261,736,1479,957,310,1060,536,1179,1242,913,1431,444,952
238,227,112,30,280,55,260,72,89,111,225,295,494,180,126,163,183,488,255,39,169,292,165,112,169,69,184,133,144,389,419,778,88,252,63,287,245,47,131,294,169,65,212,117,231,258,186,294,81,173
497,413,185,96,467,94,426,122,151,207,385,498,858,294,236,294,347,872,499,52,263,472,267,192,322,135,325,197,266,636,717,1316,252,201,95,486,472,70,252,510,335,100,384,189,384,364,271,481,174,338
121,103,39,21,105,31,121,34,42,45,96,116,193,53,52,56,99,197,125,10,66,136,58,54,76,26,73,58,49,131,182,281,63,95,12,119,110,16,55,141,94,32,80,50,96,107,59,117,41,87
479,425,208,99,546,107,536,146,188,219,450,607,1009,372,272,295,359,956,510,63,282,577,328,212,380,141,371,268,290,622,841,1552,287,486,119,266,512,103,270,593,359,101,342,170,450,498,339,544,194,357
535,443,200,84,476,99,431,145,151,192,386,529,826,306,239,270,373,822,519,49,287,515,284,210,314,118,317,254,255,593,729,1249,245,472,110,512,215,82,246,509,308,98,344,163,375,416,283,465,157,322
94,59,21,17,95,20,83,31,27,33,69,111,170,48,45,41,66,165,94,11,37,82,51,22,59,23,55,24,39,92,131,261,47,70,16,103,82,6,48,91,66,16,69,46,68,73,49,118,34,65
262,214,87,41,237,55,237,81,81,113,220,259,442,181,146,142,189,453,235,36,130,258,132,112,171,70,177,116,139,298,394,736,131,252,55,270,246,48,63,250,150,51,203,90,197,221,166,270,78,173
461,479,219,88,528,122,506,155,172,211,431,621,951,350,284,299,397,953,563,66,270,541,336,230,358,147,357,274,269,694,809,1479,294,510,141,593,509,91,250,274,355,105,356,205,435,496,380,565,209,336
291,275,151,63,330,71,339,94,112,150,267,383,579,213,181,190,236,619,365,51,181,351,189,130,189,76,222,168,159,409,502,957,169,335,94,359,308,66,150,355,116,53,236,129,250,331,210,341,132,221
94,84,35,9,114,24,80,34,25,42,95,123,200,76,62,62,80,201,94,16,59,115,65,39,55,19,64,53,36,127,156,310,65,100,32,101,98,16,51,105,53,11,67,28,86,108,73,104,34,77
358,335,145,69,373,95,366,123,122,154,321,400,680,267,220,233,256,647,361,38,211,377,249,172,263,93,256,201,200,454,566,1060,212,384,80,342,344,69,203,356,236,67,148,122,274,367,219,406,131,253
150,154,67,19,188,42,161,47,70,73,172,204,349,137,86,92,128,360,185,16,105,189,107,68,138,38,115,94,78,231,284,536,117,189,50,170,163,46,90,205,129,28,122,42,167,168,118,189,65,104
445,343,163,63,391,91,390,127,146,162,356,428,713,279,208,228,328,735,381,44,240,421,260,162,274,126,280,198,202,523,638,1179,231,384,96,450,375,68,197,435,250,86,274,167,185,370,283,429,156,281
400,381,186,58,464,90,414,154,122,179,369,492,864,289,243,273,318,850,468,59,262,454,277,165,329,131,301,213,244,596,738,1242,258,364,107,498,416,73,221,496,331,108,367,168,370,213,312,484,154,318
314,298,105,62,306,77,335,105,123,133,299,347,561,201,141,152,229,545,335,37,184,362,191,130,208,87,235,123,156,379,556,913,186,271,59,339,283,49,166,380,210,73,219,118,283,312,85,353,116,210
471,462,217,79,526,101,484,163,182,236,452,579,900,374,296,337,397,896,530,76,298,530,318,217,348,135,389,238,264,662,781,1431,294,481,117,544,465,118,270,565,341,104,406,189,429,484,353,268,182,374
165,170,71,36,202,39,165,57,60,62,146,212,312,115,95,92,135,305,178,27,131,187,102,92,131,55,131,87,100,238,275,444,81,174,41,194,157,34,78,209,132,34,131,65,156,154,116,182,29,126
371,299,128,78,336,92,342,104,119,138,279,374,600,209,189,203,257,622,367,30,197,350,201,145,244,92,220,175,182,399,511,952,173,338,87,357,322,65,173,336,221,77,253,104,281,318,210,374,126,128
