257,469,207,82,519,109,493,189,163,269,456,529,874,377,287,357,365,848,504,69,325,513,359,220,368,145,364,285,299,631,709,1154,216,507,118,504,516,79,246,491,293,101,371,197,445,439,333,532,163,395
469,168,150,71,482,95,394,111,155,183,376,466,740,288,224,204,350,727,423,58,270,435,247,181,290,117,314,209,246,540,630,1253,241,372,109,464,394,75,244,470,300,92,330,152,335,386,273,454,164,281
207,150,38,28,209,48,190,67,68,87,205,251,368,120,107,119,150,377,196,22,108,186,116,90,138,44,140,102,98,223,292,569,117,166,45,203,198,36,113,232,134,45,165,73,172,192,126,213,86,161
82,71,28,7,101,17,76,30,38,42,78,85,150,69,41,59,59,138,85,7,57,73,37,28,66,23,60,48,46,94,146,204,40,70,21,82,83,14,41,70,47,17,55,30,79,69,54,90,27,72
519,482,209,101,234,132,492,152,172,218,447,600,927,334,255,288,361,893,516,56,299,567,297,207,324,123,352,252,235,633,812,1483,292,490,123,547,489,85,239,533,360,100,407,200,382,484,275,505,194,360
109,95,48,17,132,12,100,42,46,42,99,137,197,86,63,74,78,181,121,13,79,118,59,43,87,27,84,58,72,121,187,280,60,104,22,125,104,17,66,102,73,24,78,51,105,99,94,128,36,83
493,394,190,76,492,100,211,143,185,182,405,537,900,305,271,280,335,862,475,66,280,453,271,207,314,118,315,206,249,625,746,1329,250,434,95,503,414,73,246,519,309,91,358,185,395,459,334,483,175,326
189,111,67,30,152,42,143,28,55,61,134,179,274,94,77,74,99,257,153,20,81,165,96,63,109,41,104,71,67,172,264,414,81,136,36,177,154,21,78,171,112,26,109,45,127,146,103,134,66,102
163,155,68,38,172,46,185,55,36,85,153,199,331,121,86,85,124,309,180,19,94,179,114,80,124,39,122,78,78,189,236,454,93,169,42,164,161,26,76,178,120,30,121,72,137,150,124,162,83,121
269,183,87,42,218,42,182,61,85,28,176,239,363,150,120,140,162,378,212,22,127,210,134,77,137,43,142,117,91,280,276,525,113,191,50,232,222,31,112,212,123,43,184,70,175,181,138,225,84,145
456,376,205,78,447,99,405,134,153,176,186,486,739,301,252,263,281,787,448,63,262,458,267,163,294,124,310,200,217,523,647,1162,244,390,92,469,420,69,222,412,277,99,309,171,345,400,286,439,162,296
529,466,251,85,600,137,537,179,199,239,486,323,1035,365,297,312,400,998,593,63,293,573,318,230,363,148,400,271,276,711,835,1560,307,505,123,617,530,85,261,633,333,128,424,230,452,551,346,574,238,374
874,740,368,150,927,197,900,274,331,363,739,1035,772,593,445,513,656,1390,871,121,474,929,518,363,577,212,605,412,475,1139,1350,2447,447,831,199,1028,837,154,487,984,618,208,679,311,749,842,576,1006,318,649
377,288,120,69,334,86,305,94,121,150,301,365,593,109,174,183,212,591,337,36,164,330,193,142,220,69,205,152,158,420,508,906,191,300,66,324,312,41,160,339,200,56,272,109,239,298,193,341,116,224
287,224,107,41,255,63,271,77,86,120,252,297,445,174,73,140,187,467,283,48,144,282,144,126,181,80,195,122,147,338,378,762,140,247,51,269,257,30,161,296,164,49,202,83,222,249,162,283,112,180
357,204,119,59,288,74,280,74,85,140,263,312,513,183,140,68,197,499,292,34,150,313,155,121,199,79,189,139,149,353,438,812,154,286,58,296,258,43,159,322,189,47,203,83,214,270,195,317,115,203
365,350,150,59,361,78,335,99,124,162,281,400,656,212,187,197,109,653,384,44,208,391,227,161,254,99,232,172,157,415,515,990,202,347,99,337,349,72,166,426,265,66,277,140,297,330,232,349,155,232
848,727,377,138,893,181,862,257,309,378,787,998,1390,591,467,499,653,769,888,116,480,940,552,373,607,233,609,425,451,1152,1399,2428,444,842,211,1024,868,159,459,956,629,198,663,307,768,819,570,982,300,621
504,423,196,85,516,121,475,153,180,212,448,593,871,337,283,292,384,888,268,70,294,490,321,208,350,124,342,231,252,629,753,1436,271,494,120,550,460,93,278,507,328,113,411,195,418,440,319,542,197,338
69,58,22,7,56,13,66,20,19,22,63,63,121,36,48,34,44,116,70,3,40,68,34,22,49,17,52,29,30,75,98,202,42,51,16,71,54,13,32,71,32,8,42,22,51,64,38,73,21,39
325,270,108,57,299,79,280,81,94,127,262,293,474,164,144,150,208,480,294,40,59,302,184,138,178,54,204,95,152,352,448,751,157,273,64,300,268,33,133,303,184,43,243,112,238,295,177,310,106,208
513,435,186,73,567,118,453,165,179,210,458,573,929,330,282,313,391,940,490,68,302,268,310,205,352,121,328,240,251,657,753,1403,272,459,113,539,446,88,255,509,313,101,397,200,391,441,355,518,188,352
359,247,116,37,297,59,271,96,114,134,267,318,518,193,144,155,227,552,321,34,184,310,90,113,198,77,204,148,140,371,448,864,176,296,74,282,268,40,153,307,179,68,253,92,266,268,163,295,115,204
220,181,90,28,207,43,207,63,80,77,163,230,363,142,126,121,161,373,208,22,138,205,113,34,147,46,122,91,96,263,305,592,103,189,45,196,185,20,109,194,119,28,156,66,172,174,131,225,71,129
368,290,138,66,324,87,314,109,124,137,294,363,577,220,181,199,254,607,350,49,178,352,198,147,106,87,218,130,154,428,499,972,177,308,84,307,332,55,160,359,209,63,259,108,249,302,205,363,120,231
145,117,44,23,123,27,118,41,39,43,124,148,212,69,80,79,99,233,124,17,54,121,77,46,87,20,80,62,58,134,194,366,59,119,25,122,111,30,55,122,92,17,91,52,87,124,70,125,51,94
364,314,140,60,352,84,315,104,122,142,310,400,605,205,195,189,232,609,342,52,204,328,204,122,218,80,116,154,171,399,525,978,181,310,73,340,298,60,165,361,242,72,274,130,244,296,211,351,128,224
285,209,102,48,252,58,206,71,78,117,200,271,412,152,122,139,172,425,231,29,95,240,148,91,130,62,154,57,97,275,357,671,144,201,43,233,209,41,133,278,178,40,174,79,178,211,136,258,111,178
299,246,98,46,235,72,249,67,78,91,217,276,475,158,147,149,157,451,252,30,152,251,140,96,154,58,171,97,56,289,384,678,147,248,52,259,224,35,104,253,154,53,198,99,216,261,162,261,96,149
631,540,223,94,633,121,625,172,189,280,523,711,1139,420,338,353,415,1152,629,75,352,657,371,263,428,134,399,275,289,404,948,1841,336,593,139,661,571,92,325,699,465,128,517,239,493,577,395,722,227,453
709,630,292,146,812,187,746,264,236,276,647,835,1350,508,378,438,515,1399,753,98,448,753,448,305,499,194,525,357,384,948,592,2104,392,741,182,876,702,140,402,756,498,171,629,270,569,694,523,747,274,530
1154,1253,569,204,1483,280,1329,414,454,525,1162,1560,2447,906,762,812,990,2428,1436,202,751,1403,864,592,972,366,978,671,678,1841,2104,1971,755,1427,312,1536,1280,266,730,1527,959,330,1067,505,1176,1332,895,1381,509,903
216,241,117,40,292,60,250,81,93,113,244,307,447,191,140,154,202,444,271,42,157,272,176,103,177,59,181,144,147,336,392,755,67,265,63,272,256,48,159,285,184,68,215,96,221,259,180,265,102,213
507,372,166,70,490,104,434,136,169,191,390,505,831,300,247,286,347,842,494,51,273,459,296,189,308,119,310,201,248,593,741,1427,265,192,102,513,428,78,226,502,282,108,347,187,391,475,288,485,197,328
118,109,45,21,123,22,95,36,42,50,92,123,199,66,51,58,99,211,120,16,64,113,74,45,84,25,73,43,52,139,182,312,63,102,12,120,115,19,53,120,75,22,80,37,96,113,81,115,35,87
504,464,203,82,547,125,503,177,164,232,469,617,1028,324,269,296,337,1024,550,71,300,539,282,196,307,122,340,233,259,661,876,1536,272,513,120,270,481,75,255,632,356,98,393,199,427,549,306,560,200,321
516,394,198,83,489,104,414,154,161,222,420,530,837,312,257,258,349,868,460,54,268,446,268,185,332,111,298,209,224,571,702,1280,256,428,115,481,221,91,212,499,295,82,333,164,353,449,319,477,181,333
79,75,36,14,85,17,73,21,26,31,69,85,154,41,30,43,72,159,93,13,33,88,40,20,55,30,60,41,35,92,140,266,48,78,19,75,91,4,44,89,66,13,69,33,60,66,39,80,30,56
246,244,113,41,239,66,246,78,76,112,222,261,487,160,161,159,166,459,278,32,133,255,153,109,160,55,165,133,104,325,402,730,159,226,53,255,212,44,57,289,166,42,189,94,211,256,173,270,102,166
491,470,232,70,533,102,519,171,178,212,412,633,984,339,296,322,426,956,507,71,303,509,307,194,359,122,361,278,253,699,756,1527,285,502,120,632,499,89,289,290,346,111,403,209,418,526,368,578,197,354
293,300,134,47,360,73,309,112,120,123,277,333,618,200,164,189,265,629,328,32,184,313,179,119,209,92,242,178,154,465,498,959,184,282,75,356,295,66,166,346,102,73,268,138,264,324,204,347,139,201
101,92,45,17,100,24,91,26,30,43,99,128,208,56,49,47,66,198,113,8,43,101,68,28,63,17,72,40,53,128,171,330,68,108,22,98,82,13,42,111,73,10,96,28,87,123,63,106,37,75
371,330,165,55,407,78,358,109,121,184,309,424,679,272,202,203,277,663,411,42,243,397,253,156,259,91,274,174,198,517,629,1067,215,347,80,393,333,69,189,403,268,96,155,166,303,363,241,412,142,272
197,152,73,30,200,51,185,45,72,70,171,230,311,109,83,83,140,307,195,22,112,200,92,66,108,52,130,79,99,239,270,505,96,187,37,199,164,33,94,209,138,28,166,31,140,197,97,199,61,127
445,335,172,79,382,105,395,127,137,175,345,452,749,239,222,214,297,768,418,51,238,391,266,172,249,87,244,178,216,493,569,1176,221,391,96,427,353,60,211,418,264,87,303,140,170,346,246,394,146,288
439,386,192,69,484,99,459,146,150,181,400,551,842,298,249,270,330,819,440,64,295,441,268,174,302,124,296,211,261,577,694,1332,259,475,113,549,449,66,256,526,324,123,363,197,346,222,283,525,194,306
333,273,126,54,275,94,334,103,124,138,286,346,576,193,162,195,232,570,319,38,177,355,163,131,205,70,211,136,162,395,523,895,180,288,81,306,319,39,173,368,204,63,241,97,246,283,94,345,134,234
532,454,213,90,505,128,483,134,162,225,439,574,1006,341,283,317,349,982,542,73,310,518,295,225,363,125,351,258,261,722,747,1381,265,485,115,560,477,80,270,578,347,106,412,199,394,525,345,286,172,354
163,164,86,27,194,36,175,66,83,84,162,238,318,116,112,115,155,300,197,21,106,188,115,71,120,51,128,111,96,227,274,509,102,197,35,200,181,30,102,197,139,37,142,61,146,194,134,172,30,144
395,281,161,72,360,83,326,102,121,145,296,374,649,224,180,203,232,621,338,39,208,352,204,129,231,94,224,178,149,453,530,903,213,328,87,321,333,56,166,354,201,75,272,127,288,306,234,354,144,90
