268,479,208,105,498,126,474,161,175,256,458,512,843,376,309,359,387,861,490,70,288,496,370,196,380,159,394,280,317,641,733,1202,250,502,117,562,528,92,241,507,325,77,391,141,426,474,330,552,168,381
479,167,150,79,450,92,431,138,145,181,399,492,791,312,224,247,324,774,438,42,222,495,277,171,274,110,289,216,253,526,641,1259,271,446,114,432,415,82,239,422,309,102,323,169,346,405,272,462,169,309
208,150,32,35,200,43,189,51,63,66,161,239,369,113,117,103,118,369,200,19,86,185,119,64,140,48,130,103,91,231,290,582,108,169,42,200,191,32,103,220,112,45,139,85,172,179,135,214,72,128
105,79,35,2,104,13,73,28,25,36,70,85,130,44,44,58,73,149,78,4,55,84,55,29,57,16,46,60,35,129,134,202,46,69,10,92,63,15,42,89,52,19,52,33,59,60,58,90,21,54
498,450,200,104,257,126,498,160,147,204,443,578,929,351,262,250,356,951,531,59,289,517,304,203,339,133,328,216,277,648,784,1422,269,461,109,567,479,94,248,563,337,114,409,202,409,453,333,518,192,358
126,92,43,13,126,11,95,38,39,37,77,120,187,68,71,73,84,197,110,12,60,124,80,54,83,20,68,75,57,146,172,292,56,110,19,118,101,18,56,106,76,29,73,46,93,94,90,103,40,69
474,431,189,73,498,95,222,159,165,197,418,548,858,312,260,274,364,852,498,59,269,491,268,193,310,114,328,247,217,640,732,1341,274,425,101,511,435,74,250,528,350,117,342,204,364,426,306,480,176,319
161,138,51,28,160,38,159,16,47,62,133,156,267,123,69,74,116,244,161,18,87,160,78,54,100,45,110,74,94,174,228,410,77,132,27,171,140,22,70,170,106,32,119,54,94,134,103,169,45,96
175,145,63,25,147,39,165,47,17,65,145,184,303,101,85,80,116,313,175,19,94,185,94,62,126,45,128,81,71,192,251,470,87,145,32,186,135,28,75,169,100,38,113,59,123,149,90,184,60,108
256,181,66,36,204,37,197,62,65,44,159,211,355,128,118,130,142,330,231,25,126,229,128,86,130,56,150,95,110,273,327,505,88,183,39,230,204,32,102,202,149,45,150,83,166,174,109,222,67,137
458,399,161,70,443,77,418,133,145,159,175,436,760,275,257,295,296,763,421,53,240,421,264,167,274,117,299,203,225,579,643,1174,227,387,100,464,409,75,210,452,300,83,301,182,322,399,267,459,140,267
512,492,239,85,578,120,548,156,184,211,436,322,1102,337,288,322,430,1114,560,70,291,548,297,237,378,136,387,263,276,756,878,1759,347,510,131,581,568,84,299,628,390,122,409,226,454,556,348,596,203,348
843,791,369,130,929,187,858,267,303,355,760,1102,895,562,508,504,666,1522,911,116,496,884,512,353,636,221,595,417,441,1159,1372,2560,515,805,187,987,816,169,449,989,596,186,738,343,735,891,564,958,307,579
376,312,113,44,351,68,312,123,101,128,275,337,562,95,194,214,226,553,320,28,169,349,195,147,203,88,211,156,187,415,495,919,166,285,65,328,294,57,159,356,239,59,229,114,247,293,190,318,114,214
309,224,117,44,262,71,260,69,85,118,257,288,508,194,59,145,194,506,271,35,135,286,152,118,193,67,169,134,142,319,389,727,148,241,46,271,260,51,120,283,182,48,214,96,220,225,170,289,87,177
359,247,103,58,250,73,274,74,80,130,295,322,504,214,145,82,194,503,295,29,140,294,180,126,209,71,194,139,139,322,419,758,168,265,59,269,283,52,115,329,194,59,231,112,249,280,178,311,107,184
387,324,118,73,356,84,364,116,116,142,296,430,666,226,194,194,141,689,360,48,183,408,226,122,245,89,258,167,183,455,566,1025,210,360,80,425,345,67,172,345,241,86,299,126,266,323,233,376,144,253
861,774,369,149,951,197,852,244,313,330,763,1114,1522,553,506,503,689,831,891,124,497,875,554,344,630,226,631,434,438,1149,1361,2548,539,810,197,984,837,163,444,962,570,173,717,316,718,885,585,950,323,571
490,438,200,78,531,110,498,161,175,231,421,560,911,320,271,295,360,891,226,64,291,465,315,210,318,150,375,231,270,614,733,1452,268,481,102,536,477,91,277,569,336,124,397,213,425,454,316,553,197,357
70,42,19,4,59,12,59,18,19,25,53,70,116,28,35,29,48,124,64,2,42,59,29,28,42,10,42,31,33,68,106,185,35,43,19,61,52,9,23,56,32,10,48,22,49,61,39,69,22,40
288,222,86,55,289,60,269,87,94,126,240,291,496,169,135,140,183,497,291,42,61,273,183,103,200,72,187,148,133,333,428,816,172,249,55,271,248,42,138,307,163,52,247,93,227,256,158,293,109,189
496,495,185,84,517,124,491,160,185,229,421,548,884,349,286,294,408,875,465,59,273,275,321,239,360,146,379,238,279,650,766,1403,284,484,122,569,471,79,257,531,316,105,426,193,417,446,342,513,194,343
370,277,119,55,304,80,268,78,94,128,264,297,512,195,152,180,226,554,315,29,183,321,86,129,202,77,207,144,152,392,473,810,156,302,66,319,276,45,152,303,192,63,230,108,254,264,198,338,96,226
196,171,64,29,203,54,193,54,62,86,167,237,353,147,118,126,122,344,210,28,103,239,129,36,138,56,141,87,111,244,287,554,99,176,46,198,192,32,97,212,157,42,164,73,159,166,131,211,58,150
380,274,140,57,339,83,310,100,126,130,274,378,636,203,193,209,245,630,318,42,200,360,202,138,125,81,209,130,178,407,473,944,201,316,70,366,319,41,152,395,202,58,246,134,267,280,219,336,125,262
159,110,48,16,133,20,114,45,45,56,117,136,221,88,67,71,89,226,150,10,72,146,77,56,81,14,77,66,47,151,183,361,78,112,34,134,92,22,52,140,88,30,103,46,104,117,83,119,40,86
394,289,130,46,328,68,328,110,128,150,299,387,595,211,169,194,258,631,375,42,187,379,207,141,209,77,105,165,161,414,507,1009,204,305,87,360,279,59,169,395,246,73,272,120,257,322,210,364,123,225
280,216,103,60,216,75,247,74,81,95,203,263,417,156,134,139,167,434,231,31,148,238,144,87,130,66,165,52,127,270,364,697,150,235,54,235,242,32,120,234,134,45,162,81,219,199,138,236,105,150
317,253,91,35,277,57,217,94,71,110,225,276,441,187,142,139,183,438,270,33,133,279,152,111,178,47,161,127,57,319,367,699,132,262,60,244,241,33,124,301,154,58,181,114,204,252,151,254,80,179
641,526,231,129,648,146,640,174,192,273,579,756,1159,415,319,322,455,1149,614,68,333,650,392,244,407,151,414,270,319,437,996,1853,371,572,153,652,560,123,330,688,431,140,517,245,502,613,378,665,242,445
733,641,290,134,784,172,732,228,251,327,643,878,1372,495,389,419,566,1361,733,106,428,766,473,287,473,183,507,364,367,996,578,2195,425,732,176,813,730,136,404,783,491,147,540,261,576,684,468,778,312,510
1202,1259,582,202,1422,292,1341,410,470,505,1174,1759,2560,919,727,758,1025,2548,1452,185,816,1403,810,554,944,361,1009,697,699,1853,2195,2028,762,1317,314,1561,1353,259,697,1545,945,304,1077,529,1130,1337,895,1447,544,936
250,271,108,46,269,56,274,77,87,88,227,347,515,166,148,168,210,539,268,35,172,284,156,99,201,78,204,150,132,371,425,762,87,249,63,315,241,51,147,306,183,46,215,102,244,249,195,293,113,205
502,446,169,69,461,110,425,132,145,183,387,510,805,285,241,265,360,810,481,43,249,484,302,176,316,112,305,235,262,572,732,1317,249,228,98,527,450,80,225,513,276,119,345,189,383,433,305,473,190,320
117,114,42,10,109,19,101,27,32,39,100,131,187,65,46,59,80,197,102,19,55,122,66,46,70,34,87,54,60,153,176,314,63,98,8,101,123,18,64,124,71,30,80,39,100,105,57,110,35,71
562,432,200,92,567,118,511,171,186,230,464,581,987,328,271,269,425,984,536,61,271,569,319,198,366,134,360,235,244,652,813,1561,315,527,101,272,484,95,274,578,380,107,429,175,411,530,328,576,184,360
528,415,191,63,479,101,435,140,135,204,409,568,816,294,260,283,345,837,477,52,248,471,276,192,319,92,279,242,241,560,730,1353,241,450,123,484,222,78,230,518,324,110,358,168,392,423,304,461,168,303
92,82,32,15,94,18,74,22,28,32,75,84,169,57,51,52,67,163,91,9,42,79,45,32,41,22,59,32,33,123,136,259,51,80,18,95,78,1,39,89,47,17,78,31,63,65,48,89,28,45
241,239,103,42,248,56,250,70,75,102,210,299,449,159,120,115,172,444,277,23,138,257,152,97,152,52,169,120,124,330,404,697,147,225,64,274,230,39,58,314,191,52,204,107,179,212,156,281,97,168
507,422,220,89,563,106,528,170,169,202,452,628,989,356,283,329,345,962,569,56,307,531,303,212,395,140,395,234,301,688,783,1545,306,513,124,578,518,89,314,273,375,153,409,217,459,496,353,585,215,342
325,309,112,52,337,76,350,106,100,149,300,390,596,239,182,194,241,570,336,32,163,316,192,157,202,88,246,134,154,431,491,945,183,276,71,380,324,47,191,375,118,84,278,144,285,338,214,361,143,234
77,102,45,19,114,29,117,32,38,45,83,122,186,59,48,59,86,173,124,10,52,105,63,42,58,30,73,45,58,140,147,304,46,119,30,107,110,17,52,153,84,7,91,47,75,100,56,124,39,78
391,323,139,52,409,73,342,119,113,150,301,409,738,229,214,231,299,717,397,48,247,426,230,164,246,103,272,162,181,517,540,1077,215,345,80,429,358,78,204,409,278,91,140,145,321,328,243,393,127,228
141,169,85,33,202,46,204,54,59,83,182,226,343,114,96,112,126,316,213,22,93,193,108,73,134,46,120,81,114,245,261,529,102,189,39,175,168,31,107,217,144,47,145,40,155,174,117,202,70,142
426,346,172,59,409,93,364,94,123,166,322,454,735,247,220,249,266,718,425,49,227,417,254,159,267,104,257,219,204,502,576,1130,244,383,100,411,392,63,179,459,285,75,321,155,163,341,267,436,157,286
474,405,179,60,453,94,426,134,149,174,399,556,891,293,225,280,323,885,454,61,256,446,264,166,280,117,322,199,252,613,684,1337,249,433,105,530,423,65,212,496,338,100,328,174,341,191,273,499,178,308
330,272,135,58,333,90,306,103,90,109,267,348,564,190,170,178,233,585,316,39,158,342,198,131,219,83,210,138,151,378,468,895,195,305,57,328,304,48,156,353,214,56,243,117,267,273,103,344,128,221
552,462,214,90,518,103,480,169,184,222,459,596,958,318,289,311,376,950,553,69,293,513,338,211,336,119,364,236,254,665,778,1447,293,473,110,576,461,89,281,585,361,124,393,202,436,499,344,259,188,360
168,169,72,21,192,40,176,45,60,67,140,203,307,114,87,107,144,323,197,22,109,194,96,58,125,40,123,105,80,242,312,544,113,190,35,184,168,28,97,215,143,39,127,70,157,178,128,188,27,132
381,309,128,54,358,69,319,96,108,137,267,348,579,214,177,184,253,571,357,40,189,343,226,150,262,86,225,150,179,445,510,936,205,320,71,360,303,45,168,342,234,78,228,142,286,308,221,360,132,122
