269,425,201,92,524,105,480,186,178,247,489,548,801,362,299,322,369,833,522,72,340,531,351,186,361,147,388,298,300,601,715,1207,246,507,119,506,478,74,238,469,318,115,390,182,425,401,333,497,178,400
425,197,179,75,430,109,400,146,123,201,376,490,779,303,241,233,322,807,435,54,249,437,260,188,283,98,293,208,232,533,668,1238,258,411,104,401,423,85,223,497,288,91,338,154,368,395,270,460,167,288
201,179,40,41,221,51,188,50,66,80,152,191,402,148,96,100,135,348,201,20,93,186,105,83,129,40,128,94,102,227,308,583,122,203,51,201,196,29,106,228,115,39,150,81,163,191,119,208,83,146
92,75,41,7,82,19,89,33,31,24,66,90,160,67,48,63,74,148,77,12,47,94,61,42,82,28,68,35,56,93,123,212,46,88,18,92,84,12,41,89,55,11,53,33,88,79,56,95,31,68
524,430,221,82,250,109,491,147,161,217,441,553,941,334,295,304,373,962,554,70,261,557,281,215,326,123,346,237,245,626,817,1429,276,483,114,574,497,98,271,589,333,118,355,185,403,446,334,504,187,349
105,109,51,19,109,11,128,49,36,54,94,116,183,82,69,73,80,188,98,12,75,129,72,58,116,32,86,54,71,140,184,277,58,115,25,127,119,20,65,109,73,24,75,41,101,108,78,123,35,88
480,400,188,89,491,128,258,151,153,204,396,521,843,332,252,286,366,834,495,54,289,497,285,206,356,148,368,228,254,609,706,1277,255,462,102,525,476,80,266,465,313,100,359,174,421,442,302,504,155,345
186,146,50,33,147,49,151,27,44,51,124,155,279,101,88,103,99,250,142,17,81,172,87,60,108,37,109,71,61,175,235,399,85,159,29,171,171,32,68,166,100,28,116,75,136,152,93,172,74,108
178,123,66,31,161,36,153,44,33,74,131,189,314,127,79,95,134,294,189,22,83,185,106,75,107,39,97,83,87,205,281,416,99,149,37,176,171,24,70,174,108,41,129,55,153,145,101,187,85,122
247,201,80,24,217,54,204,51,74,51,189,212,360,157,120,132,121,321,209,25,110,212,114,89,151,67,151,111,112,243,276,537,102,209,49,225,181,27,101,206,131,59,180,77,199,197,117,210,81,153
489,376,152,66,441,94,396,124,131,189,198,468,747,329,250,262,306,750,444,54,245,469,286,188,318,112,299,237,231,564,587,1130,216,409,107,475,391,63,179,473,267,87,365,130,376,367,268,473,158,310
548,490,191,90,553,116,521,155,189,212,468,324,993,335,280,302,403,1015,577,64,327,591,305,208,337,118,375,233,281,655,873,1643,306,512,112,589,542,98,291,580,357,111,398,228,431,544,352,577,197,336
801,779,402,160,941,183,843,279,314,360,747,993,764,583,468,544,669,1409,953,109,523,940,503,336,593,214,592,420,453,1068,1387,2479,461,880,228,1030,861,153,457,958,614,170,687,343,731,841,560,979,338,614
362,303,148,67,334,82,332,101,127,157,329,335,583,105,185,182,230,598,359,47,211,340,215,150,217,88,234,156,180,397,478,922,176,285,80,327,321,67,162,349,219,62,234,136,262,288,195,333,134,233
299,241,96,48,295,69,252,88,79,120,250,280,468,185,63,127,206,448,270,35,132,281,170,122,187,73,197,127,137,326,401,735,138,282,71,255,270,41,144,310,159,49,200,91,208,259,175,271,105,201
322,233,100,63,304,73,286,103,95,132,262,302,544,182,127,75,227,530,293,38,145,296,166,123,200,73,186,122,124,352,440,808,167,286,69,288,274,50,153,328,184,64,216,87,236,270,162,294,116,215
369,322,135,74,373,80,366,99,134,121,306,403,669,230,206,227,125,654,358,42,190,414,219,135,232,93,233,192,178,446,563,984,195,367,90,361,344,58,178,396,248,79,294,141,313,326,236,381,157,246
833,807,348,148,962,188,834,250,294,321,750,1015,1409,598,448,530,654,771,932,115,529,959,522,368,618,239,615,433,452,1099,1398,2419,458,917,217,976,859,146,434,948,625,182,660,337,703,824,581,985,330,589
522,435,201,77,554,98,495,142,189,209,444,577,953,359,270,293,358,932,264,52,281,497,294,217,304,122,336,233,240,641,738,1430,260,505,114,492,517,82,257,539,340,110,414,183,411,496,350,562,208,371
72,54,20,12,70,12,54,17,22,25,54,64,109,47,35,38,42,115,52,5,37,74,54,27,34,18,56,33,41,79,79,188,35,62,10,60,62,12,39,72,32,10,46,21,58,53,36,76,33,32
340,249,93,47,261,75,289,81,83,110,245,327,523,211,132,145,190,529,281,37,67,303,169,105,176,62,180,136,128,340,426,782,138,244,61,319,258,36,124,255,185,52,223,92,221,273,184,283,98,191
531,437,186,94,557,129,497,172,185,212,469,591,940,340,281,296,414,959,497,74,303,269,312,230,337,138,375,258,246,645,765,1424,293,500,116,550,482,93,277,561,332,115,418,192,424,452,330,543,201,356
351,260,105,61,281,72,285,87,106,114,286,305,503,215,170,166,219,522,294,54,169,312,104,132,181,79,210,131,150,357,467,862,191,268,67,312,282,64,134,309,181,57,218,116,238,271,166,318,116,167
186,188,83,42,215,58,206,60,75,89,188,208,336,150,122,123,135,368,217,27,105,230,132,44,147,61,138,90,108,249,308,519,118,175,56,179,216,37,84,217,146,44,149,69,175,155,136,207,86,131
361,283,129,82,326,116,356,108,107,151,318,337,593,217,187,200,232,618,304,34,176,337,181,147,101,77,221,156,152,376,530,939,198,306,83,337,325,51,170,329,204,60,241,117,250,311,199,345,145,224
147,98,40,28,123,32,148,37,39,67,112,118,214,88,73,73,93,239,122,18,62,138,79,61,77,11,91,62,57,160,206,349,68,138,29,114,131,21,58,134,81,25,104,45,99,91,82,147,50,78
388,293,128,68,346,86,368,109,97,151,299,375,592,234,197,186,233,615,336,56,180,375,210,138,221,91,133,162,174,416,564,964,202,332,88,338,316,65,175,378,234,74,263,125,272,311,211,377,135,231
298,208,94,35,237,54,228,71,83,111,237,233,420,156,127,122,192,433,233,33,136,258,131,90,156,62,162,58,120,279,368,661,137,235,51,243,213,38,111,248,119,49,190,87,180,207,168,227,96,167
300,232,102,56,245,71,254,61,87,112,231,281,453,180,137,124,178,452,240,41,128,246,150,108,152,57,174,120,75,306,376,711,153,243,50,221,240,56,110,268,159,43,213,100,206,254,136,271,107,165
601,533,227,93,626,140,609,175,205,243,564,655,1068,397,326,352,446,1099,641,79,340,645,357,249,376,160,416,279,306,390,924,1778,353,664,150,605,569,117,290,699,371,124,477,228,443,606,390,652,222,427
715,668,308,123,817,184,706,235,281,276,587,873,1387,478,401,440,563,1398,738,79,426,765,467,308,530,206,564,368,376,924,575,2087,409,712,145,782,753,141,381,808,490,180,624,275,621,678,503,775,315,479
1207,1238,583,212,1429,277,1277,399,416,537,1130,1643,2479,922,735,808,984,2419,1430,188,782,1424,862,519,939,349,964,661,711,1778,2087,1948,737,1329,328,1586,1283,232,663,1471,959,294,1041,515,1122,1296,878,1436,522,915
246,258,122,46,276,58,255,85,99,102,216,306,461,176,138,167,195,458,260,35,138,293,191,118,198,68,202,137,153,353,409,737,82,285,72,333,275,52,128,300,181,61,208,97,237,277,163,289,107,191
507,411,203,88,483,115,462,159,149,209,409,512,880,285,282,286,367,917,505,62,244,500,268,175,306,138,332,235,243,664,712,1329,285,239,113,488,468,85,231,468,269,87,353,182,374,429,312,523,169,354
119,104,51,18,114,25,102,29,37,49,107,112,228,80,71,69,90,217,114,10,61,116,67,56,83,29,88,51,50,150,145,328,72,113,10,104,122,22,55,127,73,15,78,43,95,87,85,100,43,66
506,401,201,92,574,127,525,171,176,225,475,589,1030,327,255,288,361,976,492,60,319,550,312,179,337,114,338,243,221,605,782,1586,333,488,104,285,523,85,268,613,374,104,430,196,440,520,331,540,212,379
478,423,196,84,497,119,476,171,171,181,391,542,861,321,270,274,344,859,517,62,258,482,282,216,325,131,316,213,240,569,753,1283,275,468,122,523,216,82,234,503,304,101,329,178,389,429,303,508,186,287
74,85,29,12,98,20,80,32,24,27,63,98,153,67,41,50,58,146,82,12,36,93,64,37,51,21,65,38,56,117,141,232,52,85,22,85,82,9,42,98,61,20,73,20,68,73,56,88,28,54
238,223,106,41,271,65,266,68,70,101,179,291,457,162,144,153,178,434,257,39,124,277,134,84,170,58,175,111,110,290,381,663,128,231,55,268,234,42,61,277,172,56,189,98,198,210,147,262,106,174
469,497,228,89,589,109,465,166,174,206,473,580,958,349,310,328,396,948,539,72,255,561,309,217,329,134,378,248,268,699,808,1471,300,468,127,613,503,98,277,293,366,113,420,207,373,540,340,509,184,365
318,288,115,55,333,73,313,100,108,131,267,357,614,219,159,184,248,625,340,32,185,332,181,146,204,81,234,119,159,371,490,959,181,269,73,374,304,61,172,366,111,72,257,125,229,290,197,340,122,206
115,91,39,11,118,24,100,28,41,59,87,111,170,62,49,64,79,182,110,10,52,115,57,44,60,25,74,49,43,124,180,294,61,87,15,104,101,20,56,113,72,8,80,47,70,81,72,120,31,78
390,338,150,53,355,75,359,116,129,180,365,398,687,234,200,216,294,660,414,46,223,418,218,149,241,104,263,190,213,477,624,1041,208,353,78,430,329,73,189,420,257,80,123,174,314,371,239,399,141,309
182,154,81,33,185,41,174,75,55,77,130,228,343,136,91,87,141,337,183,21,92,192,116,69,117,45,125,87,100,228,275,515,97,182,43,196,178,20,98,207,125,47,174,38,166,185,111,209,76,129
425,368,163,88,403,101,421,136,153,199,376,431,731,262,208,236,313,703,411,58,221,424,238,175,250,99,272,180,206,443,621,1122,237,374,95,440,389,68,198,373,229,70,314,166,156,362,256,403,185,287
401,395,191,79,446,108,442,152,145,197,367,544,841,288,259,270,326,824,496,53,273,452,271,155,311,91,311,207,254,606,678,1296,277,429,87,520,429,73,210,540,290,81,371,185,362,226,278,508,164,330
333,270,119,56,334,78,302,93,101,117,268,352,560,195,175,162,236,581,350,36,184,330,166,136,199,82,211,168,136,390,503,878,163,312,85,331,303,56,147,340,197,72,239,111,256,278,102,318,112,209
497,460,208,95,504,123,504,172,187,210,473,577,979,333,271,294,381,985,562,76,283,543,318,207,345,147,377,227,271,652,775,1436,289,523,100,540,508,88,262,509,340,120,399,209,403,508,318,260,191,361
178,167,83,31,187,35,155,74,85,81,158,197,338,134,105,116,157,330,208,33,98,201,116,86,145,50,135,96,107,222,315,522,107,169,43,212,186,28,106,184,122,31,141,76,185,164,112,191,34,114
400,288,146,68,349,88,345,108,122,153,310,336,614,233,201,215,246,589,371,32,191,356,167,131,224,78,231,167,165,427,479,915,191,354,66,379,287,54,174,365,206,78,309,129,287,330,209,361,114,107
