258,452,193,90,528,105,510,179,166,237,432,506,805,413,337,354,341,767,476,87,333,521,374,207,393,155,378,313,320,605,698,1187,247,514,98,486,495,108,263,497,320,106,390,174,455,447,340,466,160,390
452,167,168,77,421,87,426,146,117,198,363,503,814,257,220,242,332,791,451,51,220,480,250,189,282,108,294,186,208,531,661,1199,230,397,101,429,443,85,212,440,280,86,368,126,362,447,263,437,153,320
193,168,39,40,199,38,175,67,67,85,152,239,406,112,105,111,124,390,212,24,112,217,130,85,135,50,133,91,87,268,296,592,125,185,34,191,190,28,80,207,131,43,161,78,170,175,123,241,81,140
90,77,40,11,72,18,78,33,22,28,60,83,155,55,51,45,59,163,92,15,49,82,41,28,47,28,57,39,45,117,123,241,45,83,17,86,79,8,46,86,40,14,65,30,62,84,50,75,24,71
528,421,199,72,256,91,448,184,174,180,384,581,903,330,285,306,402,928,525,74,295,542,311,194,336,134,344,257,251,622,800,1488,266,450,119,588,445,92,277,524,345,117,386,202,423,478,321,551,189,314
105,87,38,18,91,11,91,34,26,45,91,124,204,73,55,55,70,206,112,19,66,110,61,45,62,36,94,52,67,143,156,313,49,100,28,110,105,14,58,103,63,19,90,43,92,112,67,88,41,92
510,426,175,78,448,91,250,167,159,204,417,571,891,309,253,272,344,862,527,66,281,507,302,204,321,133,333,225,261,647,711,1313,245,448,127,514,473,86,237,523,303,110,401,179,364,450,312,482,176,349
179,146,67,33,184,34,167,27,47,62,139,186,274,109,86,77,116,268,133,26,76,152,84,57,94,39,92,70,67,185,255,417,83,141,36,164,149,26,69,178,109,38,110,58,128,128,104,147,57,97
166,117,67,22,174,26,159,47,28,81,161,169,301,96,85,107,111,301,167,25,91,154,109,59,111,34,122,82,76,229,255,468,109,139,34,148,158,22,90,171,109,29,137,64,130,164,116,162,69,107
237,198,85,28,180,45,204,62,81,40,172,202,361,145,126,129,151,363,187,19,128,214,147,82,143,55,129,101,103,258,309,534,101,159,48,216,189,28,104,220,127,47,158,69,193,191,151,203,85,140
432,363,152,60,384,91,417,139,161,172,173,473,761,306,214,240,307,711,459,50,269,460,279,146,282,105,288,209,190,557,652,1125,216,398,87,429,379,74,226,420,286,104,350,160,342,360,265,418,147,287
506,503,239,83,581,124,571,186,169,202,473,339,1020,337,309,326,401,1069,598,60,301,576,324,231,390,158,396,281,272,720,850,1654,347,489,142,591,512,91,262,598,388,112,416,206,454,564,357,602,241,337
805,814,406,155,903,204,891,274,301,361,761,1020,803,593,498,572,668,1480,975,98,482,926,508,352,605,232,623,440,485,1134,1431,2441,503,878,240,1012,836,152,439,955,587,184,726,361,704,845,560,942,334,600
413,257,112,55,330,73,309,109,96,145,306,337,593,99,158,168,266,584,355,36,194,357,172,117,204,86,213,158,152,396,508,901,158,306,65,367,322,53,159,346,207,58,269,111,255,311,192,362,116,270
337,220,105,51,285,55,253,86,85,126,214,309,498,158,80,131,200,513,291,26,125,276,154,103,173,71,188,130,131,333,410,747,156,242,53,279,259,53,131,310,180,58,181,75,231,236,160,272,107,169
354,242,111,45,306,55,272,77,107,129,240,326,572,168,131,71,242,559,319,35,133,296,187,104,217,78,194,142,143,345,451,854,174,260,52,273,285,50,134,323,194,55,233,110,260,242,185,309,121,216
341,332,124,59,402,70,344,116,111,151,307,401,668,266,200,242,154,636,370,46,206,378,228,159,238,93,259,190,182,477,586,1032,201,363,83,388,338,69,199,409,264,75,294,130,301,382,230,374,136,264
767,791,390,163,928,206,862,268,301,363,711,1069,1480,584,513,559,636,809,951,89,493,912,530,337,619,234,581,462,486,1104,1446,2435,522,867,226,991,837,155,428,969,605,187,726,361,719,831,564,923,337,573
476,451,212,92,525,112,527,133,167,187,459,598,975,355,291,319,370,951,265,64,283,531,318,207,341,130,377,226,269,622,733,1454,287,508,132,543,487,87,245,507,337,129,404,207,430,492,313,542,179,339
87,51,24,15,74,19,66,26,25,19,50,60,98,36,26,35,46,89,64,2,32,75,35,27,41,19,45,25,32,64,107,197,31,59,12,64,73,10,40,66,43,10,46,16,60,58,46,60,20,40
333,220,112,49,295,66,281,76,91,128,269,301,482,194,125,133,206,493,283,32,84,297,163,114,188,79,211,123,130,303,429,760,147,233,60,276,278,51,139,295,191,60,224,102,237,282,158,303,124,219
521,480,217,82,542,110,507,152,154,214,460,576,926,357,276,296,378,912,531,75,297,298,314,224,359,132,367,224,256,651,785,1422,278,485,120,546,515,82,257,530,342,119,425,185,445,491,333,565,180,357
374,250,130,41,311,61,302,84,109,147,279,324,508,172,154,187,228,530,318,35,163,314,97,124,201,86,214,126,169,395,456,825,168,258,69,307,280,61,149,318,186,60,245,106,239,244,196,329,106,222
207,189,85,28,194,45,204,57,59,82,146,231,352,117,103,104,159,337,207,27,114,224,124,37,150,48,113,92,109,257,293,541,100,188,44,229,181,35,111,206,150,44,161,62,147,163,122,239,79,158
393,282,135,47,336,62,321,94,111,143,282,390,605,204,173,217,238,619,341,41,188,359,201,150,102,77,217,161,170,406,503,925,190,302,72,345,298,47,146,351,232,69,275,133,262,320,190,346,117,253
155,108,50,28,134,36,133,39,34,55,105,158,232,86,71,78,93,234,130,19,79,132,86,48,77,15,84,60,67,138,190,375,74,141,28,148,132,18,70,141,91,23,95,45,97,104,75,145,49,101
378,294,133,57,344,94,333,92,122,129,288,396,623,213,188,194,259,581,377,45,211,367,214,113,217,84,113,151,171,417,563,965,203,334,72,338,313,50,167,361,224,77,259,118,238,324,205,380,128,259
313,186,91,39,257,52,225,70,82,101,209,281,440,158,130,142,190,462,226,25,123,224,126,92,161,60,151,39,102,280,347,675,142,203,48,264,202,29,119,254,132,52,210,81,207,230,144,288,98,157
320,208,87,45,251,67,261,67,76,103,190,272,485,152,131,143,182,486,269,32,130,256,169,109,170,67,171,102,65,312,377,697,137,250,48,275,243,42,113,236,174,50,188,87,195,236,153,258,99,183
605,531,268,117,622,143,647,185,229,258,557,720,1134,396,333,345,477,1104,622,64,303,651,395,257,406,138,417,280,312,356,965,1807,338,622,155,709,586,106,309,704,422,123,494,233,519,584,403,668,270,404
698,661,296,123,800,156,711,255,255,309,652,850,1431,508,410,451,586,1446,733,107,429,785,456,293,503,190,563,347,377,965,572,2091,425,733,180,798,726,112,368,777,468,178,582,283,611,711,460,805,279,492
1187,1199,592,241,1488,313,1313,417,468,534,1125,1654,2441,901,747,854,1032,2435,1454,197,760,1422,825,541,925,375,965,675,697,1807,2091,1950,764,1336,324,1544,1304,249,684,1486,958,289,1081,547,1110,1287,902,1421,520,893
247,230,125,45,266,49,245,83,109,101,216,347,503,158,156,174,201,522,287,31,147,278,168,100,190,74,203,142,137,338,425,764,78,247,70,275,258,45,142,313,189,65,210,99,220,234,164,303,95,166
514,397,185,83,450,100,448,141,139,159,398,489,878,306,242,260,363,867,508,59,233,485,258,188,302,141,334,203,250,622,733,1336,247,228,118,512,431,73,261,512,312,90,390,195,350,422,311,492,168,332
98,101,34,17,119,28,127,36,34,48,87,142,240,65,53,52,83,226,132,12,60,120,69,44,72,28,72,48,48,155,180,324,70,118,16,149,96,21,55,123,78,18,94,21,90,104,77,133,39,81
486,429,191,86,588,110,514,164,148,216,429,591,1012,367,279,273,388,991,543,64,276,546,307,229,345,148,338,264,275,709,798,1544,275,512,149,290,501,110,287,570,355,111,412,197,435,532,335,582,199,369
495,443,190,79,445,105,473,149,158,189,379,512,836,322,259,285,338,837,487,73,278,515,280,181,298,132,313,202,243,586,726,1304,258,431,96,501,246,76,230,500,308,94,350,172,378,434,318,542,172,330
108,85,28,8,92,14,86,26,22,28,74,91,152,53,53,50,69,155,87,10,51,82,61,35,47,18,50,29,42,106,112,249,45,73,21,110,76,7,46,85,53,17,63,37,59,64,52,89,35,64
263,212,80,46,277,58,237,69,90,104,226,262,439,159,131,134,199,428,245,40,139,257,149,111,146,70,167,119,113,309,368,684,142,261,55,287,230,46,62,292,192,57,180,98,185,232,148,250,98,160
497,440,207,86,524,103,523,178,171,220,420,598,955,346,310,323,409,969,507,66,295,530,318,206,351,141,361,254,236,704,777,1486,313,512,123,570,500,85,292,264,350,113,413,206,419,489,343,556,184,351
320,280,131,40,345,63,303,109,109,127,286,388,587,207,180,194,264,605,337,43,191,342,186,150,232,91,224,132,174,422,468,958,189,312,78,355,308,53,192,350,100,62,233,130,279,306,224,325,132,231
106,86,43,14,117,19,110,38,29,47,104,112,184,58,58,55,75,187,129,10,60,119,60,44,69,23,77,52,50,123,178,289,65,90,18,111,94,17,57,113,62,15,79,47,92,101,72,116,32,84
390,368,161,65,386,90,401,110,137,158,350,416,726,269,181,233,294,726,404,46,224,425,245,161,275,95,259,210,188,494,582,1081,210,390,94,412,350,63,180,413,233,79,159,137,334,361,201,405,129,277
174,126,78,30,202,43,179,58,64,69,160,206,361,111,75,110,130,361,207,16,102,185,106,62,133,45,118,81,87,233,283,547,99,195,21,197,172,37,98,206,130,47,137,30,130,184,113,197,59,118
455,362,170,62,423,92,364,128,130,193,342,454,704,255,231,260,301,719,430,60,237,445,239,147,262,97,238,207,195,519,611,1110,220,350,90,435,378,59,185,419,279,92,334,130,154,330,233,386,148,305
447,447,175,84,478,112,450,128,164,191,360,564,845,311,236,242,382,831,492,58,282,491,244,163,320,104,324,230,236,584,711,1287,234,422,104,532,434,64,232,489,306,101,361,184,330,226,311,464,159,294
340,263,123,50,321,67,312,104,116,151,265,357,560,192,160,185,230,564,313,46,158,333,196,122,190,75,205,144,153,403,460,902,164,311,77,335,318,52,148,343,224,72,201,113,233,311,87,349,126,208
466,437,241,75,551,88,482,147,162,203,418,602,942,362,272,309,374,923,542,60,303,565,329,239,346,145,380,288,258,668,805,1421,303,492,133,582,542,89,250,556,325,116,405,197,386,464,349,231,199,353
160,153,81,24,189,41,176,57,69,85,147,241,334,116,107,121,136,337,179,20,124,180,106,79,117,49,128,98,99,270,279,520,95,168,39,199,172,35,98,184,132,32,129,59,148,159,126,199,42,131
390,320,140,71,314,92,349,97,107,140,287,337,600,270,169,216,264,573,339,40,219,357,222,158,253,101,259,157,183,404,492,893,166,332,81,369,330,64,160,351,231,84,277,118,305,294,208,353,131,121
