273,455,219,92,525,111,487,186,176,269,451,541,844,361,330,314,391,827,538,73,325,449,330,191,361,158,391,317,306,626,706,1101,225,469,104,495,502,85,261,485,299,115,362,179,419,418,328,484,183,392
455,181,138,68,453,110,422,137,141,204,377,502,806,269,242,235,351,792,422,46,222,462,271,192,297,98,288,192,224,525,650,1233,235,421,95,433,429,67,228,442,282,95,335,159,349,413,294,476,166,298
219,138,42,33,208,46,175,59,63,91,183,215,368,97,130,127,134,359,195,25,100,195,127,82,122,61,109,97,95,242,328,602,118,160,44,194,167,32,98,203,129,41,142,58,157,173,129,205,84,127
92,68,33,6,80,15,77,35,42,50,80,87,145,58,55,53,62,142,81,9,43,85,47,35,56,20,58,42,49,102,114,207,50,70,29,91,87,9,44,83,54,15,68,40,67,75,53,90,42,56
525,453,208,80,232,114,503,171,151,190,426,618,913,314,273,313,413,890,543,54,295,540,293,216,359,131,364,231,240,640,774,1402,253,439,129,550,509,94,264,517,324,113,373,185,431,465,328,549,179,347
111,110,46,15,114,9,104,42,36,47,92,115,202,75,67,67,98,199,111,8,61,113,78,49,91,32,85,55,62,149,165,281,70,100,24,110,119,10,67,108,69,21,75,55,104,110,71,120,41,84
487,422,175,77,503,104,222,159,162,201,416,533,846,289,261,305,350,863,473,57,266,475,321,177,321,124,339,231,223,596,682,1289,284,444,109,521,458,73,230,488,316,79,386,176,373,428,303,511,173,334
186,137,59,35,171,42,159,27,48,73,145,180,265,83,83,83,129,287,161,29,88,145,90,58,102,32,109,78,62,180,222,441,80,134,27,160,161,25,71,169,118,36,112,51,125,123,82,170,57,118
176,141,63,42,151,36,162,48,25,72,141,190,276,104,74,84,103,297,165,22,93,165,87,66,106,46,107,72,76,222,238,438,74,143,38,165,151,29,75,181,102,31,126,60,137,148,102,176,61,134
269,204,91,50,190,47,201,73,72,43,152,233,344,124,105,109,165,348,206,35,109,221,125,76,151,60,157,108,114,262,304,560,108,209,53,254,199,37,101,210,141,58,156,84,166,177,134,234,88,144
451,377,183,80,426,92,416,145,141,152,178,469,721,297,252,230,323,708,458,50,233,457,253,174,293,129,313,193,223,549,648,1136,219,407,114,443,395,75,228,442,286,100,321,159,358,397,303,459,153,268
541,502,215,87,618,115,533,180,190,233,469,322,1037,365,291,315,413,1024,601,71,299,597,318,213,349,129,370,266,290,724,881,1591,301,494,106,589,471,73,300,622,388,114,448,205,433,510,342,562,197,379
844,806,368,145,913,202,846,265,276,344,721,1037,839,574,494,532,711,1443,917,112,516,875,570,358,585,253,621,393,417,1188,1366,2462,479,832,204,1010,855,122,473,959,597,190,669,342,712,821,555,932,339,585
361,269,97,58,314,75,289,83,104,124,297,365,574,98,183,176,229,573,308,29,177,333,230,127,249,108,244,131,173,387,487,909,180,322,89,314,285,52,150,334,195,65,253,119,258,296,221,350,134,226
330,242,130,55,273,67,261,83,74,105,252,291,494,183,67,132,193,451,273,28,133,258,147,112,140,72,173,109,127,322,375,747,134,248,64,260,264,42,138,286,181,65,215,94,209,266,153,289,89,167
314,235,127,53,313,67,305,83,84,109,230,315,532,176,132,89,204,487,297,36,141,300,180,113,167,75,191,117,152,369,432,849,140,269,61,285,296,48,147,336,202,72,254,83,243,264,173,312,107,174
391,351,134,62,413,98,350,129,103,165,323,413,711,229,193,204,129,680,378,54,175,350,232,154,287,100,274,174,194,447,554,987,190,388,77,360,380,62,182,407,220,67,244,124,315,346,244,341,147,272
827,792,359,142,890,199,863,287,297,348,708,1024,1443,573,451,487,680,751,929,111,562,907,516,353,604,239,600,419,469,1138,1382,2377,483,829,185,966,822,136,479,927,621,189,689,328,710,831,565,933,340,564
538,422,195,81,543,111,473,161,165,206,458,601,917,308,273,297,378,929,261,61,286,473,317,202,332,132,346,234,265,653,772,1429,287,464,112,548,460,99,270,544,311,103,380,179,393,482,310,544,169,330
73,46,25,9,54,8,57,29,22,35,50,71,112,29,28,36,54,111,61,1,49,55,42,19,43,17,43,25,26,89,97,170,35,50,23,62,59,10,38,66,42,18,43,31,48,72,34,70,25,38
325,222,100,43,295,61,266,88,93,109,233,299,516,177,133,141,175,562,286,49,69,312,160,124,169,62,192,121,155,348,428,815,162,263,62,271,264,42,131,291,184,53,223,107,234,249,161,291,99,175
449,462,195,85,540,113,475,145,165,221,457,597,875,333,258,300,350,907,473,55,312,231,337,181,339,137,364,241,251,652,753,1426,268,505,118,522,447,98,257,571,328,102,405,177,370,502,297,576,152,338
330,271,127,47,293,78,321,90,87,125,253,318,570,230,147,180,232,516,317,42,160,337,74,115,180,74,190,137,133,375,439,836,152,280,65,299,286,46,143,299,183,73,247,104,253,301,168,346,101,199
191,192,82,35,216,49,177,58,66,76,174,213,358,127,112,113,154,353,202,19,124,181,115,36,144,57,130,99,95,247,292,543,117,188,57,172,171,39,91,208,117,46,160,72,165,191,122,227,68,122
361,297,122,56,359,91,321,102,106,151,293,349,585,249,140,167,287,604,332,43,169,339,180,144,91,105,232,124,158,407,527,928,200,268,76,339,299,52,151,377,219,58,276,106,252,310,213,375,111,234
158,98,61,20,131,32,124,32,46,60,129,129,253,108,72,75,100,239,132,17,62,137,74,57,105,12,75,57,70,151,186,354,66,123,39,109,130,24,57,138,73,21,90,40,116,103,106,108,59,95
391,288,109,58,364,85,339,109,107,157,313,370,621,244,173,191,274,600,346,43,192,364,190,130,232,75,115,153,174,384,505,957,195,336,91,342,343,57,178,355,213,67,250,115,260,317,239,348,140,239
317,192,97,42,231,55,231,78,72,108,193,266,393,131,109,117,174,419,234,25,121,241,137,99,124,57,153,43,105,315,377,644,134,216,51,257,225,31,118,258,152,52,190,96,182,205,155,241,93,169
306,224,95,49,240,62,223,62,76,114,223,290,417,173,127,152,194,469,265,26,155,251,133,95,158,70,174,105,60,296,386,695,137,233,55,265,245,37,126,285,158,62,192,84,188,229,144,278,78,187
626,525,242,102,640,149,596,180,222,262,549,724,1188,387,322,369,447,1138,653,89,348,652,375,247,407,151,384,315,296,400,991,1813,363,601,142,653,593,109,330,662,436,142,450,214,484,580,405,614,227,411
706,650,328,114,774,165,682,222,238,304,648,881,1366,487,375,432,554,1382,772,97,428,753,439,292,527,186,505,377,386,991,607,2098,398,733,163,828,720,124,389,839,524,175,570,284,608,703,484,805,274,520
1101,1233,602,207,1402,281,1289,441,438,560,1136,1591,2462,909,747,849,987,2377,1429,170,815,1426,836,543,928,354,957,644,695,1813,2098,1900,723,1271,305,1492,1363,223,699,1461,931,288,1018,538,1159,1297,946,1391,515,897
225,235,118,50,253,70,284,80,74,108,219,301,479,180,134,140,190,483,287,35,162,268,152,117,200,66,195,134,137,363,398,723,73,247,64,315,255,33,127,303,198,68,205,92,238,244,164,275,88,169
469,421,160,70,439,100,444,134,143,209,407,494,832,322,248,269,388,829,464,50,263,505,280,188,268,123,336,216,233,601,733,1271,247,219,99,489,433,66,226,499,271,97,378,170,335,445,272,518,173,301
104,95,44,29,129,24,109,27,38,53,114,106,204,89,64,61,77,185,112,23,62,118,65,57,76,39,91,51,55,142,163,305,64,99,11,126,90,19,53,141,83,16,87,37,77,110,79,109,37,72
495,433,194,91,550,110,521,160,165,254,443,589,1010,314,260,285,360,966,548,62,271,522,299,172,339,109,342,257,265,653,828,1492,315,489,126,260,501,68,267,583,333,117,405,202,416,532,322,540,214,356
502,429,167,87,509,119,458,161,151,199,395,471,855,285,264,296,380,822,460,59,264,447,286,171,299,130,343,225,245,593,720,1363,255,433,90,501,233,73,254,524,313,100,386,161,358,438,292,501,171,305
85,67,32,9,94,10,73,25,29,37,75,73,122,52,42,48,62,136,99,10,42,98,46,39,52,24,57,31,37,109,124,223,33,66,19,68,73,9,37,84,59,19,72,28,66,78,48,88,21,56
261,228,98,44,264,67,230,71,75,101,228,300,473,150,138,147,182,479,270,38,131,257,143,91,151,57,178,118,126,330,389,699,127,226,53,267,254,37,56,280,176,52,166,84,205,229,146,284,94,202
485,442,203,83,517,108,488,169,181,210,442,622,959,334,286,336,407,927,544,66,291,571,299,208,377,138,355,258,285,662,839,1461,303,499,141,583,524,84,280,282,353,104,455,209,447,490,337,571,214,361
299,282,129,54,324,69,316,118,102,141,286,388,597,195,181,202,220,621,311,42,184,328,183,117,219,73,213,152,158,436,524,931,198,271,83,333,313,59,176,353,118,72,258,138,281,288,202,363,119,216
115,95,41,15,113,21,79,36,31,58,100,114,190,65,65,72,67,189,103,18,53,102,73,46,58,21,67,52,62,142,175,288,68,97,16,117,100,19,52,104,72,8,77,31,82,99,51,102,31,75
362,335,142,68,373,75,386,112,126,156,321,448,669,253,215,254,244,689,380,43,223,405,247,160,276,90,250,190,192,450,570,1018,205,378,87,405,386,72,166,455,258,77,132,135,328,341,273,423,145,252
179,159,58,40,185,55,176,51,60,84,159,205,342,119,94,83,124,328,179,31,107,177,104,72,106,40,115,96,84,214,284,538,92,170,37,202,161,28,84,209,138,31,135,34,150,174,129,177,86,135
419,349,157,67,431,104,373,125,137,166,358,433,712,258,209,243,315,710,393,48,234,370,253,165,252,116,260,182,188,484,608,1159,238,335,77,416,358,66,205,447,281,82,328,150,145,385,262,455,126,276
418,413,173,75,465,110,428,123,148,177,397,510,821,296,266,264,346,831,482,72,249,502,301,191,310,103,317,205,229,580,703,1297,244,445,110,532,438,78,229,490,288,99,341,174,385,222,274,535,193,294
328,294,129,53,328,71,303,82,102,134,303,342,555,221,153,173,244,565,310,34,161,297,168,122,213,106,239,155,144,405,484,946,164,272,79,322,292,48,146,337,202,51,273,129,262,274,95,353,102,223
484,476,205,90,549,120,511,170,176,234,459,562,932,350,289,312,341,933,544,70,291,576,346,227,375,108,348,241,278,614,805,1391,275,518,109,540,501,88,284,571,363,102,423,177,455,535,353,270,213,345
183,166,84,42,179,41,173,57,61,88,153,197,339,134,89,107,147,340,169,25,99,152,101,68,111,59,140,93,78,227,274,515,88,173,37,214,171,21,94,214,119,31,145,86,126,193,102,213,35,122
392,298,127,56,347,84,334,118,134,144,268,379,585,226,167,174,272,564,330,38,175,338,199,122,234,95,239,169,187,411,520,897,169,301,72,356,305,56,202,361,216,75,252,135,276,294,223,345,122,122
