256,462,225,96,481,118,482,179,169,261,427,458,835,391,330,352,368,839,540,65,331,531,358,228,370,142,369,300,291,617,700,1180,244,475,106,510,484,91,245,476,300,107,383,183,468,463,327,498,174,368
462,177,165,72,426,92,406,147,136,183,381,489,768,300,240,228,300,823,458,49,222,460,253,171,260,96,257,205,224,541,640,1241,237,389,116,448,404,67,235,459,293,76,354,152,329,418,281,468,178,279
225,165,38,39,185,53,216,52,65,78,177,240,343,128,83,105,135,351,202,27,105,190,116,96,120,56,141,85,103,257,317,583,105,190,45,204,199,26,111,233,123,33,165,80,154,199,116,224,83,142
96,72,39,10,84,21,91,20,23,32,70,83,131,62,45,45,68,140,79,7,51,74,56,32,63,17,48,47,45,111,127,211,40,73,17,90,75,17,41,91,45,22,66,27,72,71,43,90,36,66
481,426,185,84,264,108,499,165,163,228,419,559,917,309,277,265,362,933,498,70,304,508,322,192,338,124,349,237,292,684,739,1419,287,456,109,481,447,78,234,524,369,119,372,186,408,443,329,540,200,360
118,92,53,21,108,14,121,30,41,43,102,119,184,86,57,66,82,182,105,10,86,119,71,44,74,31,72,58,55,144,171,280,53,96,25,118,104,22,58,131,61,18,79,43,81,92,65,111,36,76
482,406,216,91,499,121,245,127,168,199,414,522,846,315,213,259,347,876,464,67,306,480,278,180,299,128,304,248,251,612,715,1331,255,464,109,525,470,95,240,501,286,89,350,197,378,456,298,476,185,328
179,147,52,20,165,30,127,17,62,69,154,177,285,111,86,95,104,286,172,20,78,181,95,56,102,42,98,74,79,187,229,412,68,136,30,138,145,29,68,169,102,22,116,47,119,130,102,140,56,102
169,136,65,23,163,41,168,62,29,65,144,178,295,108,84,91,119,247,178,19,88,187,93,73,101,47,116,59,80,184,254,427,88,144,31,201,146,34,92,188,117,38,104,62,131,147,86,149,60,112
261,183,78,32,228,43,199,69,65,45,181,238,351,129,120,135,138,359,200,31,143,210,126,75,124,50,139,125,112,276,323,553,117,181,42,226,198,30,93,216,137,35,191,75,170,195,124,222,79,169
427,381,177,70,419,102,414,154,144,181,184,465,768,275,248,261,297,754,413,60,261,473,262,166,298,114,289,237,219,552,640,1157,229,389,101,457,410,61,194,477,268,98,320,160,368,414,275,437,169,300
458,489,240,83,559,119,522,177,178,238,465,332,1017,332,300,321,386,1002,560,70,302,573,339,216,347,145,365,257,243,706,882,1563,343,515,123,580,529,96,270,597,351,109,449,208,429,539,358,610,184,378
835,768,343,131,917,184,846,285,295,351,768,1017,743,562,480,525,688,1425,902,120,492,921,550,372,617,229,614,419,453,1098,1298,2416,497,854,228,1018,824,134,450,907,580,158,666,336,718,848,605,879,324,588
391,300,128,62,309,86,315,111,108,129,275,332,562,103,157,178,247,541,310,39,201,334,201,130,222,90,200,137,178,396,539,904,180,289,67,333,296,62,166,351,223,80,216,121,300,297,199,336,113,226
330,240,83,45,277,57,213,86,84,120,248,300,480,157,73,153,171,489,253,33,128,281,161,127,182,74,188,117,117,335,426,756,144,247,51,230,259,35,146,269,180,43,223,107,181,234,154,271,92,199
352,228,105,45,265,66,259,95,91,135,261,321,525,178,153,84,198,532,281,44,174,291,158,112,183,63,185,143,130,358,474,868,153,264,61,282,278,39,165,288,200,44,240,110,202,246,169,313,117,236
368,300,135,68,362,82,347,104,119,138,297,386,688,247,171,198,132,659,398,49,221,384,226,154,250,79,232,178,161,455,553,1020,190,364,83,392,327,62,163,417,239,69,276,118,288,332,245,381,145,244
839,823,351,140,933,182,876,286,247,359,754,1002,1425,541,489,532,659,786,898,110,467,925,558,377,597,248,633,448,455,1081,1366,2388,501,854,219,957,858,142,451,946,568,183,640,332,722,813,591,935,306,614
540,458,202,79,498,105,464,172,178,200,413,560,902,310,253,281,398,898,262,62,282,493,293,186,358,135,336,239,246,623,773,1401,261,465,108,555,448,96,259,530,346,97,361,198,411,459,337,526,198,346
65,49,27,7,70,10,67,20,19,31,60,70,120,39,33,44,49,110,62,4,38,63,32,26,41,21,47,18,29,65,104,194,40,61,11,66,62,12,33,69,36,11,43,24,58,58,38,62,23,48
331,222,105,51,304,86,306,78,88,143,261,302,492,201,128,174,221,467,282,38,85,302,156,115,181,69,174,121,116,349,404,776,135,249,64,296,292,51,141,294,182,56,201,126,214,239,190,265,102,181
531,460,190,74,508,119,480,181,187,210,473,573,921,334,281,291,384,925,493,63,302,282,299,214,368,143,340,256,230,667,770,1429,299,491,111,582,465,95,255,533,334,122,384,175,435,487,350,514,194,339
358,253,116,56,322,71,278,95,93,126,262,339,550,201,161,158,226,558,293,32,156,299,82,124,180,74,169,158,162,385,446,848,166,268,63,290,276,48,191,324,216,58,247,115,222,273,183,321,115,209
228,171,96,32,192,44,180,56,73,75,166,216,372,130,127,112,154,377,186,26,115,214,124,41,129,50,131,97,109,231,300,570,109,177,42,211,171,33,113,212,120,44,137,67,177,175,128,233,76,147
370,260,120,63,338,74,299,102,101,124,298,347,617,222,182,183,250,597,358,41,181,368,180,129,102,74,162,152,153,423,528,912,167,307,63,336,304,63,174,342,235,76,238,123,229,316,168,335,122,217
142,96,56,17,124,31,128,42,47,50,114,145,229,90,74,63,79,248,135,21,69,143,74,50,74,18,76,69,74,136,193,386,80,122,37,123,143,24,76,124,82,25,107,54,103,124,96,119,50,101
369,257,141,48,349,72,304,98,116,139,289,365,614,200,188,185,232,633,336,47,174,340,169,131,162,76,103,161,163,423,518,1015,193,311,84,346,321,59,174,348,221,71,258,123,257,328,200,320,126,245
300,205,85,47,237,58,248,74,59,125,237,257,419,137,117,143,178,448,239,18,121,256,158,97,152,69,161,50,121,284,325,633,121,216,60,278,236,45,112,264,174,51,178,79,190,209,142,228,86,157
291,224,103,45,292,55,251,79,80,112,219,243,453,178,117,130,161,455,246,29,116,230,162,109,153,74,163,121,64,309,382,712,131,227,41,230,240,42,123,278,173,42,195,85,194,240,145,252,82,173
617,541,257,111,684,144,612,187,184,276,552,706,1098,396,335,358,455,1081,623,65,349,667,385,231,423,136,423,284,309,378,922,1696,366,586,137,638,580,106,293,686,418,144,444,204,513,590,378,672,217,418
700,640,317,127,739,171,715,229,254,323,640,882,1298,539,426,474,553,1366,773,104,404,770,446,300,528,193,518,325,382,922,572,2128,436,663,179,852,701,147,371,766,477,141,552,283,619,687,497,748,302,541
1180,1241,583,211,1419,280,1331,412,427,553,1157,1563,2416,904,756,868,1020,2388,1401,194,776,1429,848,570,912,386,1015,633,712,1696,2128,1889,705,1307,304,1544,1319,216,686,1450,910,292,1016,533,1105,1282,883,1378,454,969
244,237,105,40,287,53,255,68,88,117,229,343,497,180,144,153,190,501,261,40,135,299,166,109,167,80,193,121,131,366,436,705,65,274,58,274,273,44,128,288,178,48,218,100,186,254,161,285,82,181
475,389,190,73,456,96,464,136,144,181,389,515,854,289,247,264,364,854,465,61,249,491,268,177,307,122,311,216,227,586,663,1307,274,206,100,486,431,86,223,537,324,93,338,184,368,424,306,459,167,318
106,116,45,17,109,25,109,30,31,42,101,123,228,67,51,61,83,219,108,11,64,111,63,42,63,37,84,60,41,137,179,304,58,100,11,110,105,21,51,129,83,26,88,36,79,102,74,122,38,85
510,448,204,90,481,118,525,138,201,226,457,580,1018,333,230,282,392,957,555,66,296,582,290,211,336,123,346,278,230,638,852,1544,274,486,110,290,514,98,259,576,324,110,466,186,422,503,342,553,197,394
484,404,199,75,447,104,470,145,146,198,410,529,824,296,259,278,327,858,448,62,292,465,276,171,304,143,321,236,240,580,701,1319,273,431,105,514,202,90,228,476,279,105,364,176,375,421,312,507,176,333
91,67,26,17,78,22,95,29,34,30,61,96,134,62,35,39,62,142,96,12,51,95,48,33,63,24,59,45,42,106,147,216,44,86,21,98,90,10,53,90,63,26,78,30,87,66,54,97,34,51
245,235,111,41,234,58,240,68,92,93,194,270,450,166,146,165,163,451,259,33,141,255,191,113,174,76,174,112,123,293,371,686,128,223,51,259,228,53,53,268,170,44,182,76,194,200,153,248,88,181
476,459,233,91,524,131,501,169,188,216,477,597,907,351,269,288,417,946,530,69,294,533,324,212,342,124,348,264,278,686,766,1450,288,537,129,576,476,90,268,265,329,114,416,186,427,475,329,519,207,352
300,293,123,45,369,61,286,102,117,137,268,351,580,223,180,200,239,568,346,36,182,334,216,120,235,82,221,174,173,418,477,910,178,324,83,324,279,63,170,329,114,67,232,134,270,299,219,304,121,243
107,76,33,22,119,18,89,22,38,35,98,109,158,80,43,44,69,183,97,11,56,122,58,44,76,25,71,51,42,144,141,292,48,93,26,110,105,26,44,114,67,7,80,40,70,101,68,91,35,73
383,354,165,66,372,79,350,116,104,191,320,449,666,216,223,240,276,640,361,43,201,384,247,137,238,107,258,178,195,444,552,1016,218,338,88,466,364,78,182,416,232,80,127,150,291,331,257,380,110,254
183,152,80,27,186,43,197,47,62,75,160,208,336,121,107,110,118,332,198,24,126,175,115,67,123,54,123,79,85,204,283,533,100,184,36,186,176,30,76,186,134,40,150,34,141,164,99,195,79,117
468,329,154,72,408,81,378,119,131,170,368,429,718,300,181,202,288,722,411,58,214,435,222,177,229,103,257,190,194,513,619,1105,186,368,79,422,375,87,194,427,270,70,291,141,167,364,227,437,133,265
463,418,199,71,443,92,456,130,147,195,414,539,848,297,234,246,332,813,459,58,239,487,273,175,316,124,328,209,240,590,687,1282,254,424,102,503,421,66,200,475,299,101,331,164,364,198,281,492,163,297
327,281,116,43,329,65,298,102,86,124,275,358,605,199,154,169,245,591,337,38,190,350,183,128,168,96,200,142,145,378,497,883,161,306,74,342,312,54,153,329,219,68,257,99,227,281,85,329,116,215
498,468,224,90,540,111,476,140,149,222,437,610,879,336,271,313,381,935,526,62,265,514,321,233,335,119,320,228,252,672,748,1378,285,459,122,553,507,97,248,519,304,91,380,195,437,492,329,264,164,374
174,178,83,36,200,36,185,56,60,79,169,184,324,113,92,117,145,306,198,23,102,194,115,76,122,50,126,86,82,217,302,454,82,167,38,197,176,34,88,207,121,35,110,79,133,163,116,164,30,148
368,279,142,66,360,76,328,102,112,169,300,378,588,226,199,236,244,614,346,48,181,339,209,147,217,101,245,157,173,418,541,969,181,318,85,394,333,51,181,352,243,73,254,117,265,297,215,374,148,142
