258,455,214,109,487,111,475,193,165,221,431,493,854,390,336,370,365,844,504,67,310,506,352,199,358,146,351,289,301,652,725,1216,238,486,109,495,479,89,255,505,293,108,380,175,474,443,331,473,165,356
455,194,150,69,452,94,427,124,139,180,383,467,804,279,222,229,310,801,439,66,218,454,275,166,262,102,273,208,228,576,662,1202,237,429,103,487,412,78,194,457,298,91,348,138,343,400,262,472,179,278
214,150,35,31,208,34,221,67,67,69,148,215,342,121,117,126,171,320,199,17,110,208,119,66,125,46,132,97,89,230,285,541,109,202,47,210,199,33,93,206,120,40,150,64,153,193,121,188,81,120
109,69,31,7,82,17,68,20,21,35,72,85,171,55,47,55,56,161,93,11,57,103,57,33,48,25,57,47,55,113,136,221,55,75,16,95,68,16,36,80,53,18,67,26,73,85,51,90,16,64
487,452,208,82,214,116,496,148,163,196,414,559,916,337,258,307,388,950,531,57,282,512,318,187,311,118,303,240,251,679,769,1425,284,481,114,541,476,76,224,538,329,94,399,194,405,490,325,523,183,313
111,94,34,17,116,10,104,29,29,49,107,130,221,78,54,61,87,211,128,17,79,126,72,50,63,34,81,71,53,133,165,295,55,110,36,117,109,18,57,115,74,29,84,35,88,100,57,109,33,85
475,427,221,68,496,104,209,134,157,179,377,563,882,286,252,267,361,922,564,66,270,507,291,163,299,102,336,253,266,609,726,1289,273,453,93,548,444,78,236,553,354,112,370,191,358,457,292,509,170,312
193,124,67,20,148,29,134,22,53,72,137,174,264,101,66,87,103,289,139,18,79,147,84,58,104,39,103,66,70,194,250,429,88,124,37,172,136,19,64,168,114,25,115,63,124,145,104,145,54,104
165,139,67,21,163,29,157,53,23,70,152,178,297,101,80,94,117,272,176,15,83,170,90,67,104,33,105,76,79,203,262,481,87,145,39,171,153,25,76,183,108,36,135,56,123,177,96,156,52,103
221,180,69,35,196,49,179,72,70,40,168,220,331,115,93,91,151,329,197,19,125,206,145,85,108,50,127,95,122,232,284,530,84,198,56,216,185,44,102,190,125,31,149,76,153,196,115,189,78,159
431,383,148,72,414,107,377,137,152,168,168,493,734,267,230,233,319,750,461,53,241,459,282,183,297,108,299,228,234,538,616,1141,203,423,116,438,412,68,218,434,275,74,333,155,347,402,294,398,169,311
493,467,215,85,559,130,563,174,178,220,493,326,1010,376,303,344,370,1006,548,72,290,555,333,220,369,127,362,255,286,748,850,1535,298,497,136,583,527,89,268,600,397,112,385,196,442,494,356,578,200,381
854,804,342,171,916,221,882,264,297,331,734,1010,782,570,482,546,676,1439,943,129,474,961,514,363,612,241,638,443,487,1111,1349,2383,465,828,190,999,889,162,450,893,594,195,652,356,685,810,598,916,314,634
390,279,121,55,337,78,286,101,101,115,267,376,570,97,152,182,249,554,333,50,166,356,180,119,181,70,201,160,158,406,530,881,177,323,73,342,300,45,150,322,236,52,255,112,249,359,200,345,129,209
336,222,117,47,258,54,252,66,80,93,230,303,482,152,76,142,175,474,234,25,147,239,148,105,168,71,161,125,125,310,389,779,139,241,55,281,258,46,134,250,177,54,213,91,184,253,170,262,97,174
370,229,126,55,307,61,267,87,94,91,233,344,546,182,142,75,175,522,297,21,141,285,175,121,183,87,205,122,137,360,460,827,136,244,68,313,266,54,125,276,192,70,220,103,216,267,184,288,108,184
365,310,171,56,388,87,361,103,117,151,319,370,676,249,175,175,137,639,375,45,201,355,204,156,239,72,216,166,191,493,535,978,181,316,74,353,325,51,161,394,227,71,284,145,290,287,227,371,129,228
844,801,320,161,950,211,922,289,272,329,750,1006,1439,554,474,522,639,786,958,136,490,974,511,362,624,230,644,462,472,1114,1351,2371,431,833,185,1007,892,163,466,944,597,192,648,323,731,798,584,912,339,606
504,439,199,93,531,128,564,139,176,197,461,548,943,333,234,297,375,958,242,64,306,454,289,216,348,111,352,212,244,615,756,1444,279,489,119,552,509,72,244,570,320,111,387,179,416,480,318,539,193,329
67,66,17,11,57,17,66,18,15,19,53,72,129,50,25,21,45,136,64,3,34,61,26,36,40,15,56,31,38,71,110,194,41,56,14,73,68,10,18,66,40,17,54,24,48,60,42,62,21,32
310,218,110,57,282,79,270,79,83,125,241,290,474,166,147,141,201,490,306,34,78,294,185,102,166,70,176,119,141,326,448,840,150,274,68,284,253,42,144,276,198,68,221,98,211,251,156,306,122,177
506,454,208,103,512,126,507,147,170,206,459,555,961,356,239,285,355,974,454,61,294,212,287,204,358,106,343,259,269,655,758,1469,270,492,137,530,489,80,249,527,310,102,354,203,398,514,320,544,201,335
352,275,119,57,318,72,291,84,90,145,282,333,514,180,148,175,204,511,289,26,185,287,78,113,173,62,172,143,152,358,445,838,160,253,65,312,272,49,137,312,200,51,225,104,207,307,188,314,112,203
199,166,66,33,187,50,163,58,67,85,183,220,363,119,105,121,156,362,216,36,102,204,113,34,127,48,138,95,109,262,306,548,99,202,50,218,199,35,90,217,135,42,164,81,156,214,123,223,81,137
358,262,125,48,311,63,299,104,104,108,297,369,612,181,168,183,239,624,348,40,166,358,173,127,103,69,206,158,169,413,469,915,166,308,71,344,337,56,161,345,213,63,274,121,238,331,193,348,124,204
146,102,46,25,118,34,102,39,33,50,108,127,241,70,71,87,72,230,111,15,70,106,62,48,69,23,80,54,53,162,167,358,75,106,37,125,122,23,55,140,84,19,111,38,94,147,78,128,56,79
351,273,132,57,303,81,336,103,105,127,299,362,638,201,161,205,216,644,352,56,176,343,172,138,206,80,110,149,149,455,521,926,178,320,84,337,337,49,145,396,256,76,300,123,261,330,204,345,129,210
289,208,97,47,240,71,253,66,76,95,228,255,443,160,125,122,166,462,212,31,119,259,143,95,158,54,149,46,126,270,366,695,123,219,70,253,239,34,107,272,158,40,168,85,204,210,161,248,108,159
301,228,89,55,251,53,266,70,79,122,234,286,487,158,125,137,191,472,244,38,141,269,152,109,169,53,149,126,61,323,421,710,143,224,56,259,263,34,113,285,142,46,184,97,202,236,151,278,101,168
652,576,230,113,679,133,609,194,203,232,538,748,1111,406,310,360,493,1114,615,71,326,655,358,262,413,162,455,270,323,377,954,1740,374,593,152,686,596,97,317,681,393,129,441,230,511,565,353,730,233,412
725,662,285,136,769,165,726,250,262,284,616,850,1349,530,389,460,535,1351,756,110,448,758,445,306,469,167,521,366,421,954,541,2145,431,764,162,796,700,120,379,772,503,163,554,280,572,727,463,751,277,482
1216,1202,541,221,1425,295,1289,429,481,530,1141,1535,2383,881,779,827,978,2371,1444,194,840,1469,838,548,915,358,926,695,710,1740,2145,1848,721,1284,317,1560,1272,257,755,1496,928,304,1012,579,1129,1263,925,1389,486,948
238,237,109,55,284,55,273,88,87,84,203,298,465,177,139,136,181,431,279,41,150,270,160,99,166,75,178,123,143,374,431,721,64,246,56,302,247,44,132,259,176,61,206,97,184,231,172,296,88,170
486,429,202,75,481,110,453,124,145,198,423,497,828,323,241,244,316,833,489,56,274,492,253,202,308,106,320,219,224,593,764,1284,246,208,111,486,407,84,221,518,342,115,355,184,346,409,279,486,177,309
109,103,47,16,114,36,93,37,39,56,116,136,190,73,55,68,74,185,119,14,68,137,65,50,71,37,84,70,56,152,162,317,56,111,12,123,101,15,63,119,78,15,86,38,92,106,61,101,29,96
495,487,210,95,541,117,548,172,171,216,438,583,999,342,281,313,353,1007,552,73,284,530,312,218,344,125,337,253,259,686,796,1560,302,486,123,268,465,79,272,592,352,121,421,206,431,469,341,555,205,349
479,412,199,68,476,109,444,136,153,185,412,527,889,300,258,266,325,892,509,68,253,489,272,199,337,122,337,239,263,596,700,1272,247,407,101,465,205,92,248,532,317,121,354,179,406,451,324,490,170,323
89,78,33,16,76,18,78,19,25,44,68,89,162,45,46,54,51,163,72,10,42,80,49,35,56,23,49,34,34,97,120,257,44,84,15,79,92,3,43,91,58,17,64,35,59,73,41,96,26,67
255,194,93,36,224,57,236,64,76,102,218,268,450,150,134,125,161,466,244,18,144,249,137,90,161,55,145,107,113,317,379,755,132,221,63,272,248,43,55,264,165,48,207,104,201,255,159,248,91,170
505,457,206,80,538,115,553,168,183,190,434,600,893,322,250,276,394,944,570,66,276,527,312,217,345,140,396,272,285,681,772,1496,259,518,119,592,532,91,264,300,342,111,390,195,443,524,369,588,183,372
293,298,120,53,329,74,354,114,108,125,275,397,594,236,177,192,227,597,320,40,198,310,200,135,213,84,256,158,142,393,503,928,176,342,78,352,317,58,165,342,109,82,226,126,277,293,204,358,125,218
108,91,40,18,94,29,112,25,36,31,74,112,195,52,54,70,71,192,111,17,68,102,51,42,63,19,76,40,46,129,163,304,61,115,15,121,121,17,48,111,82,14,74,52,80,98,65,120,42,50
380,348,150,67,399,84,370,115,135,149,333,385,652,255,213,220,284,648,387,54,221,354,225,164,274,111,300,168,184,441,554,1012,206,355,86,421,354,64,207,390,226,74,119,164,349,343,256,409,128,267
175,138,64,26,194,35,191,63,56,76,155,196,356,112,91,103,145,323,179,24,98,203,104,81,121,38,123,85,97,230,280,579,97,184,38,206,179,35,104,195,126,52,164,30,171,201,121,199,81,114
474,343,153,73,405,88,358,124,123,153,347,442,685,249,184,216,290,731,416,48,211,398,207,156,238,94,261,204,202,511,572,1129,184,346,92,431,406,59,201,443,277,80,349,171,153,418,254,413,155,257
443,400,193,85,490,100,457,145,177,196,402,494,810,359,253,267,287,798,480,60,251,514,307,214,331,147,330,210,236,565,727,1263,231,409,106,469,451,73,255,524,293,98,343,201,418,217,328,470,157,311
331,262,121,51,325,57,292,104,96,115,294,356,598,200,170,184,227,584,318,42,156,320,188,123,193,78,204,161,151,353,463,925,172,279,61,341,324,41,159,369,204,65,256,121,254,328,91,310,118,208
473,472,188,90,523,109,509,145,156,189,398,578,916,345,262,288,371,912,539,62,306,544,314,223,348,128,345,248,278,730,751,1389,296,486,101,555,490,96,248,588,358,120,409,199,413,470,310,272,179,354
165,179,81,16,183,33,170,54,52,78,169,200,314,129,97,108,129,339,193,21,122,201,112,81,124,56,129,108,101,233,277,486,88,177,29,205,170,26,91,183,125,42,128,81,155,157,118,179,32,146
356,278,120,64,313,85,312,104,103,159,311,381,634,209,174,184,228,606,329,32,177,335,203,137,204,79,210,159,168,412,482,948,170,309,96,349,323,67,170,372,218,50,267,114,257,311,208,354,146,115
