254,482,215,81,533,105,463,172,157,262,455,488,792,362,305,327,392,770,471,55,309,491,319,216,347,138,363,252,313,626,740,1090,247,471,72,508,471,80,255,476,321,106,379,173,406,407,307,501,157,371
482,179,176,59,475,86,402,137,133,157,356,483,773,255,220,241,283,773,438,56,221,459,249,146,264,105,284,170,186,601,668,1161,245,407,105,454,388,66,238,468,288,105,311,164,338,377,288,462,174,282
215,176,47,41,190,58,203,61,65,80,171,234,379,141,111,107,130,358,203,26,114,218,128,85,139,46,119,86,106,232,300,572,127,192,51,173,198,41,96,217,115,43,168,73,162,208,139,215,84,133
81,59,41,5,95,17,103,29,33,33,82,101,154,53,49,49,51,140,91,17,43,104,66,38,61,26,59,51,57,106,125,196,45,81,24,86,72,9,40,90,62,15,61,33,75,70,71,95,26,51
533,475,190,95,243,123,495,164,183,211,428,569,955,332,258,295,359,884,529,52,278,544,324,204,356,141,375,216,255,642,772,1404,333,497,109,541,472,89,257,554,317,115,401,203,416,454,328,508,182,354
105,86,58,17,123,6,118,38,40,46,109,121,204,68,60,65,68,198,106,19,66,109,73,45,73,33,67,60,72,124,183,284,56,92,32,121,79,19,65,104,84,30,73,46,85,108,82,122,39,77
463,402,203,103,495,118,256,144,167,202,432,542,844,327,273,273,333,866,492,79,271,533,298,193,316,130,351,237,252,624,748,1248,274,467,106,521,474,92,240,517,295,88,385,167,359,441,343,460,192,337
172,137,61,29,164,38,144,24,55,52,143,172,275,88,74,70,107,296,151,21,85,147,89,73,104,34,116,69,82,190,258,438,79,145,38,154,148,27,79,155,92,35,121,57,122,144,83,161,65,106
157,133,65,33,183,40,167,55,26,64,137,165,300,122,94,110,108,279,163,15,90,166,85,76,102,52,115,64,82,208,229,441,81,145,39,157,164,31,88,164,120,34,133,62,138,147,104,182,78,107
262,157,80,33,211,46,202,52,64,44,148,203,362,129,109,117,155,372,199,19,115,216,127,80,138,60,128,117,104,251,306,534,115,191,43,208,185,26,91,214,123,37,156,81,170,190,135,218,56,148
455,356,171,82,428,109,432,143,137,148,174,470,761,256,235,264,318,725,419,40,246,424,257,181,287,129,290,228,224,529,654,1116,229,399,101,427,389,66,220,409,282,77,307,175,339,404,273,425,137,282
488,483,234,101,569,121,542,172,165,203,470,283,984,368,284,363,398,997,565,68,298,586,301,229,352,134,376,277,268,698,869,1634,311,529,126,586,550,88,304,570,353,96,393,201,451,491,372,555,192,359
792,773,379,154,955,204,844,275,300,362,761,984,763,590,517,531,605,1442,952,117,500,953,526,331,600,236,599,466,473,1148,1329,2343,469,877,211,960,796,157,445,947,592,178,662,352,735,777,591,897,311,631
362,255,141,53,332,68,327,88,122,129,256,368,590,109,183,185,237,576,257,38,149,325,206,129,211,88,218,146,157,407,496,887,165,316,83,342,300,56,156,309,172,49,249,136,244,286,230,354,124,215
305,220,111,49,258,60,273,74,94,109,235,284,517,183,73,138,192,483,275,31,168,283,154,87,179,51,179,126,130,331,418,793,155,245,62,302,241,42,128,294,160,57,221,107,210,224,162,258,98,184
327,241,107,49,295,65,273,70,110,117,264,363,531,185,138,76,221,524,302,33,154,311,167,91,176,59,182,142,151,376,467,829,170,291,61,312,274,57,140,335,184,61,226,105,224,277,182,293,108,182
392,283,130,51,359,68,333,107,108,155,318,398,605,237,192,221,126,595,352,32,196,338,188,151,233,91,249,157,171,470,547,993,187,295,68,376,308,56,162,381,218,59,275,125,296,301,212,363,109,221
770,773,358,140,884,198,866,296,279,372,725,997,1442,576,483,524,595,803,886,104,475,900,533,341,597,220,564,439,422,1136,1293,2382,499,859,204,914,806,155,409,957,574,179,651,349,708,810,556,890,322,626
471,438,203,91,529,106,492,151,163,199,419,565,952,257,275,302,352,886,242,62,287,462,297,206,350,131,361,232,255,650,746,1396,278,465,92,507,482,86,236,515,340,102,381,179,397,447,282,523,183,343
55,56,26,17,52,19,79,21,15,19,40,68,117,38,31,33,32,104,62,4,39,55,38,31,40,18,39,22,39,66,81,183,34,70,13,48,62,11,32,54,54,16,39,25,50,55,33,60,25,33
309,221,114,43,278,66,271,85,90,115,246,298,500,149,168,154,196,475,287,39,75,294,172,115,160,63,191,126,143,330,421,796,156,259,70,299,258,37,117,294,191,58,199,113,220,224,165,279,106,197
491,459,218,104,544,109,533,147,166,216,424,586,953,325,283,311,338,900,462,55,294,249,288,213,376,130,381,252,254,631,714,1383,259,494,111,565,489,101,237,497,349,88,380,174,396,437,319,533,192,344
319,249,128,66,324,73,298,89,85,127,257,301,526,206,154,167,188,533,297,38,172,288,93,119,201,67,211,137,155,380,458,797,152,287,68,286,279,49,128,295,185,72,223,110,239,234,166,334,97,196
216,146,85,38,204,45,193,73,76,80,181,229,331,129,87,91,151,341,206,31,115,213,119,44,129,59,118,94,111,269,305,507,91,184,44,229,172,33,104,187,113,35,151,70,153,176,120,188,68,125
347,264,139,61,356,73,316,104,102,138,287,352,600,211,179,176,233,597,350,40,160,376,201,129,115,83,214,139,155,438,508,945,194,347,75,309,290,50,175,331,198,81,255,116,242,322,213,379,118,222
138,105,46,26,141,33,130,34,52,60,129,134,236,88,51,59,91,220,131,18,63,130,67,59,83,20,91,58,62,157,204,356,79,138,27,136,135,21,51,130,89,24,110,49,106,126,77,143,39,75
363,284,119,59,375,67,351,116,115,128,290,376,599,218,179,182,249,564,361,39,191,381,211,118,214,91,114,147,173,419,530,922,197,342,74,340,325,52,164,380,239,67,253,132,277,320,231,347,129,220
252,170,86,51,216,60,237,69,64,117,228,277,466,146,126,142,157,439,232,22,126,252,137,94,139,58,147,60,143,321,350,685,131,235,57,212,242,26,98,259,157,44,209,84,209,210,152,274,92,152
313,186,106,57,255,72,252,82,82,104,224,268,473,157,130,151,171,422,255,39,143,254,155,111,155,62,173,143,64,338,371,685,123,257,51,258,244,44,126,256,155,51,202,89,182,224,142,280,90,162
626,601,232,106,642,124,624,190,208,251,529,698,1148,407,331,376,470,1136,650,66,330,631,380,269,438,157,419,321,338,392,930,1824,374,624,132,665,563,99,322,662,390,121,536,248,517,562,406,676,244,425
740,668,300,125,772,183,748,258,229,306,654,869,1329,496,418,467,547,1293,746,81,421,714,458,305,508,204,530,350,371,930,586,2064,389,707,168,804,749,123,396,759,497,154,552,301,603,700,498,741,268,550
1090,1161,572,196,1404,284,1248,438,441,534,1116,1634,2343,887,793,829,993,2382,1396,183,796,1383,797,507,945,356,922,685,685,1824,2064,1803,676,1304,320,1536,1228,249,687,1437,905,268,973,533,1127,1231,884,1386,477,939
247,245,127,45,333,56,274,79,81,115,229,311,469,165,155,170,187,499,278,34,156,259,152,91,194,79,197,131,123,374,389,676,77,251,54,315,232,42,143,311,185,47,200,106,206,216,187,264,91,213
471,407,192,81,497,92,467,145,145,191,399,529,877,316,245,291,295,859,465,70,259,494,287,184,347,138,342,235,257,624,707,1304,251,240,124,483,434,79,232,495,334,94,360,190,390,413,326,494,154,292
72,105,51,24,109,32,106,38,39,43,101,126,211,83,62,61,68,204,92,13,70,111,68,44,75,27,74,57,51,132,168,320,54,124,12,113,95,16,48,141,81,16,84,45,84,120,63,109,37,81
508,454,173,86,541,121,521,154,157,208,427,586,960,342,302,312,376,914,507,48,299,565,286,229,309,136,340,212,258,665,804,1536,315,483,113,299,508,99,258,587,333,91,384,201,419,507,327,500,184,368
471,388,198,72,472,79,474,148,164,185,389,550,796,300,241,274,308,806,482,62,258,489,279,172,290,135,325,242,244,563,749,1228,232,434,95,508,215,73,217,506,317,94,323,160,370,409,292,488,170,295
80,66,41,9,89,19,92,27,31,26,66,88,157,56,42,57,56,155,86,11,37,101,49,33,50,21,52,26,44,99,123,249,42,79,16,99,73,4,50,81,57,14,61,28,62,82,51,76,39,52
255,238,96,40,257,65,240,79,88,91,220,304,445,156,128,140,162,409,236,32,117,237,128,104,175,51,164,98,126,322,396,687,143,232,48,258,217,50,66,256,149,45,186,92,188,245,137,266,82,170
476,468,217,90,554,104,517,155,164,214,409,570,947,309,294,335,381,957,515,54,294,497,295,187,331,130,380,259,256,662,759,1437,311,495,141,587,506,81,256,281,315,116,401,206,433,499,355,574,195,313
321,288,115,62,317,84,295,92,120,123,282,353,592,172,160,184,218,574,340,54,191,349,185,113,198,89,239,157,155,390,497,905,185,334,81,333,317,57,149,315,115,77,243,101,262,307,204,339,112,212
106,105,43,15,115,30,88,35,34,37,77,96,178,49,57,61,59,179,102,16,58,88,72,35,81,24,67,44,51,121,154,268,47,94,16,91,94,14,45,116,77,8,76,41,82,74,74,92,38,69
379,311,168,61,401,73,385,121,133,156,307,393,662,249,221,226,275,651,381,39,199,380,223,151,255,110,253,209,202,536,552,973,200,360,84,384,323,61,186,401,243,76,126,142,300,348,242,378,148,231
173,164,73,33,203,46,167,57,62,81,175,201,352,136,107,105,125,349,179,25,113,174,110,70,116,49,132,84,89,248,301,533,106,190,45,201,160,28,92,206,101,41,142,35,145,160,107,176,77,123
406,338,162,75,416,85,359,122,138,170,339,451,735,244,210,224,296,708,397,50,220,396,239,153,242,106,277,209,182,517,603,1127,206,390,84,419,370,62,188,433,262,82,300,145,161,348,248,403,153,276
407,377,208,70,454,108,441,144,147,190,404,491,777,286,224,277,301,810,447,55,224,437,234,176,322,126,320,210,224,562,700,1231,216,413,120,507,409,82,245,499,307,74,348,160,348,183,276,461,144,316
307,288,139,71,328,82,343,83,104,135,273,372,591,230,162,182,212,556,282,33,165,319,166,120,213,77,231,152,142,406,498,884,187,326,63,327,292,51,137,355,204,74,242,107,248,276,104,337,124,221
501,462,215,95,508,122,460,161,182,218,425,555,897,354,258,293,363,890,523,60,279,533,334,188,379,143,347,274,280,676,741,1386,264,494,109,500,488,76,266,574,339,92,378,176,403,461,337,261,161,353
157,174,84,26,182,39,192,65,78,56,137,192,311,124,98,108,109,322,183,25,106,192,97,68,118,39,129,92,90,244,268,477,91,154,37,184,170,39,82,195,112,38,148,77,153,144,124,161,37,119
371,282,133,51,354,77,337,106,107,148,282,359,631,215,184,182,221,626,343,33,197,344,196,125,222,75,220,152,162,425,550,939,213,292,81,368,295,52,170,313,212,69,231,123,276,316,221,353,119,114
