277,505,218,94,563,120,454,192,173,234,422,516,804,365,295,315,374,818,513,70,340,493,321,190,375,143,347,283,254,620,664,1214,253,433,118,494,439,84,223,480,313,122,388,183,425,408,314,463,185,367
505,211,159,70,453,105,432,121,138,168,341,467,809,257,209,239,301,785,424,65,229,479,250,201,276,124,321,199,218,550,619,1248,248,434,98,459,399,76,194,466,263,101,332,163,353,404,277,463,179,290
218,159,31,36,208,53,218,56,71,93,179,207,373,129,98,111,140,367,202,28,95,225,123,86,142,52,128,77,98,250,304,582,99,185,44,216,178,29,108,234,150,25,154,82,165,190,133,197,79,136
94,70,36,7,94,22,80,23,36,23,63,82,117,66,39,52,77,139,87,17,39,90,48,39,63,23,57,47,49,108,118,205,44,82,18,96,74,14,47,91,58,14,60,48,78,63,56,77,30,47
563,453,208,94,276,122,492,158,150,220,441,550,959,351,243,267,409,935,528,61,270,528,286,208,316,137,350,280,234,673,807,1403,273,449,120,561,474,77,261,548,323,84,370,195,411,452,306,493,162,333
120,105,53,22,122,12,111,41,56,38,85,137,179,85,59,73,92,188,115,13,65,115,76,57,85,34,75,68,71,141,174,298,49,100,26,117,96,13,61,110,70,30,78,54,104,89,74,114,50,78
454,432,218,80,492,111,221,174,175,203,411,543,886,306,252,272,343,865,501,65,263,499,293,207,326,132,340,235,234,624,731,1331,270,461,106,505,424,78,239,515,332,102,364,195,384,461,295,502,198,322
192,121,56,23,158,41,174,24,51,56,119,154,270,84,97,100,111,285,134,22,85,154,98,69,103,40,98,72,68,209,238,465,84,156,43,196,154,25,79,153,100,32,115,61,134,120,106,159,58,106
173,138,71,36,150,56,175,51,23,83,123,175,311,106,75,89,124,298,159,22,86,191,101,64,101,33,91,75,90,218,260,455,92,142,29,182,146,23,80,167,107,33,120,65,129,144,86,150,49,120
234,168,93,23,220,38,203,56,83,60,201,219,367,154,119,114,133,369,200,29,125,212,129,90,141,45,125,124,103,265,317,592,120,214,54,212,197,42,111,221,154,34,154,88,169,221,128,213,83,149
422,341,179,63,441,85,411,119,123,201,191,440,725,310,237,247,284,705,445,57,260,450,272,157,277,99,254,207,257,554,635,1162,219,414,89,441,401,88,195,430,283,89,300,167,350,395,248,431,146,316
516,467,207,82,550,137,543,154,175,219,440,303,977,345,306,323,400,966,557,82,328,582,304,213,348,129,352,268,280,676,809,1490,300,490,123,584,478,109,280,595,362,96,442,181,414,531,328,566,204,360
804,809,373,117,959,179,886,270,311,367,725,977,819,634,436,499,687,1462,921,144,506,923,531,356,578,214,609,397,474,1103,1319,2396,488,825,185,993,800,146,447,943,565,181,678,365,711,828,564,938,317,626
365,257,129,66,351,85,306,84,106,154,310,345,634,119,162,184,227,595,311,51,178,317,161,137,196,82,217,133,158,402,497,904,175,306,80,333,310,61,150,356,227,69,260,140,258,298,201,321,120,228
295,209,98,39,243,59,252,97,75,119,237,306,436,162,69,140,174,469,273,30,142,303,143,104,174,63,173,131,142,328,391,755,163,251,65,261,246,35,153,259,190,57,206,91,213,217,172,263,122,195
315,239,111,52,267,73,272,100,89,114,247,323,499,184,140,78,200,474,291,37,139,308,182,113,181,58,162,136,137,362,465,795,167,268,61,264,281,46,150,297,200,65,240,118,230,246,161,309,120,188
374,301,140,77,409,92,343,111,124,133,284,400,687,227,174,200,136,695,370,47,208,392,221,142,234,87,220,172,165,467,537,1058,206,324,77,382,362,72,163,379,240,81,297,149,275,335,229,329,165,250
818,785,367,139,935,188,865,285,298,369,705,966,1462,595,469,474,695,817,896,135,501,902,530,340,608,230,638,415,472,1076,1324,2417,484,831,185,1005,820,153,434,942,583,192,641,320,711,831,547,915,303,638
513,424,202,87,528,115,501,134,159,200,445,557,921,311,273,291,370,896,257,71,276,473,322,198,352,133,327,222,275,670,743,1440,301,474,93,540,479,81,232,586,351,107,404,206,414,448,292,518,196,361
70,65,28,17,61,13,65,22,22,29,57,82,144,51,30,37,47,135,71,3,31,67,38,33,37,10,30,30,36,75,105,190,45,57,11,55,63,15,36,83,36,15,43,26,50,56,34,56,21,42
340,229,95,39,270,65,263,85,86,125,260,328,506,178,142,139,208,501,276,31,75,287,164,116,187,67,194,129,133,357,422,775,161,284,67,296,232,47,136,276,188,51,212,128,234,268,160,296,116,200
493,479,225,90,528,115,499,154,191,212,450,582,923,317,303,308,392,902,473,67,287,255,318,208,368,131,357,246,273,656,758,1476,289,482,108,542,454,89,238,556,373,102,399,201,423,456,335,516,200,396
321,250,123,48,286,76,293,98,101,129,272,304,531,161,143,182,221,530,322,38,164,318,76,115,220,90,190,125,141,345,485,804,184,266,70,317,309,56,172,311,206,50,233,116,216,283,211,312,118,223
190,201,86,39,208,57,207,69,64,90,157,213,356,137,104,113,142,340,198,33,116,208,115,42,143,49,153,91,104,254,302,550,104,195,43,216,191,35,100,209,134,39,138,71,153,169,140,208,72,139
375,276,142,63,316,85,326,103,101,141,277,348,578,196,174,181,234,608,352,37,187,368,220,143,107,76,214,165,156,425,471,920,195,303,79,358,339,51,166,350,240,73,262,111,263,299,216,336,120,224
143,124,52,23,137,34,132,40,33,45,99,129,214,82,63,58,87,230,133,10,67,131,90,49,76,18,85,53,69,161,178,354,59,117,28,129,134,14,60,143,83,23,104,48,87,109,87,118,51,92
347,321,128,57,350,75,340,98,91,125,254,352,609,217,173,162,220,638,327,30,194,357,190,153,214,85,114,158,167,423,512,937,198,319,87,368,320,50,143,368,213,76,243,130,258,319,213,346,128,216
283,199,77,47,280,68,235,72,75,124,207,268,397,133,131,136,172,415,222,30,129,246,125,91,165,53,158,57,138,313,373,680,122,221,47,249,219,37,119,240,162,50,207,106,185,217,139,282,84,151
254,218,98,49,234,71,234,68,90,103,257,280,474,158,142,137,165,472,275,36,133,273,141,104,156,69,167,138,62,295,385,714,148,249,68,249,251,56,108,276,169,53,211,107,199,232,157,271,101,188
620,550,250,108,673,141,624,209,218,265,554,676,1103,402,328,362,467,1076,670,75,357,656,345,254,425,161,423,313,295,384,976,1755,341,596,124,680,610,119,350,663,429,126,489,239,512,586,373,615,239,441
664,619,304,118,807,174,731,238,260,317,635,809,1319,497,391,465,537,1324,743,105,422,758,485,302,471,178,512,373,385,976,571,2115,416,724,180,786,707,137,396,817,551,157,558,309,616,734,444,784,264,552
1214,1248,582,205,1403,298,1331,465,455,592,1162,1490,2396,904,755,795,1058,2417,1440,190,775,1476,804,550,920,354,937,680,714,1755,2115,1833,705,1271,326,1528,1298,231,720,1479,933,284,1005,519,1123,1263,890,1392,466,972
253,248,99,44,273,49,270,84,92,120,219,300,488,175,163,167,206,484,301,45,161,289,184,104,195,59,198,122,148,341,416,705,81,271,64,298,284,37,139,284,175,51,196,97,235,234,192,274,113,207
433,434,185,82,449,100,461,156,142,214,414,490,825,306,251,268,324,831,474,57,284,482,266,195,303,117,319,221,249,596,724,1271,271,223,122,464,434,80,225,510,281,102,365,179,392,399,303,432,188,322
118,98,44,18,120,26,106,43,29,54,89,123,185,80,65,61,77,185,93,11,67,108,70,43,79,28,87,47,68,124,180,326,64,122,10,111,93,20,51,124,62,20,74,38,85,102,73,93,39,72
494,459,216,96,561,117,505,196,182,212,441,584,993,333,261,264,382,1005,540,55,296,542,317,216,358,129,368,249,249,680,786,1528,298,464,111,258,499,89,261,587,387,111,422,204,437,523,338,509,213,368
439,399,178,74,474,96,424,154,146,197,401,478,800,310,246,281,362,820,479,63,232,454,309,191,339,134,320,219,251,610,707,1298,284,434,93,499,220,74,241,494,311,102,373,173,364,446,322,476,189,304
84,76,29,14,77,13,78,25,23,42,88,109,146,61,35,46,72,153,81,15,47,89,56,35,51,14,50,37,56,119,137,231,37,80,20,89,74,10,46,88,67,14,64,30,83,77,55,79,35,73
223,194,108,47,261,61,239,79,80,111,195,280,447,150,153,150,163,434,232,36,136,238,172,100,166,60,143,119,108,350,396,720,139,225,51,261,241,46,55,266,161,53,185,106,172,197,165,244,97,177
480,466,234,91,548,110,515,153,167,221,430,595,943,356,259,297,379,942,586,83,276,556,311,209,350,143,368,240,276,663,817,1479,284,510,124,587,494,88,266,290,359,121,407,196,404,489,343,561,183,365
313,263,150,58,323,70,332,100,107,154,283,362,565,227,190,200,240,583,351,36,188,373,206,134,240,83,213,162,169,429,551,933,175,281,62,387,311,67,161,359,106,76,265,113,274,333,228,383,134,227
122,101,25,14,84,30,102,32,33,34,89,96,181,69,57,65,81,192,107,15,51,102,50,39,73,23,76,50,53,126,157,284,51,102,20,111,102,14,53,121,76,12,83,46,70,105,57,114,32,64
388,332,154,60,370,78,364,115,120,154,300,442,678,260,206,240,297,641,404,43,212,399,233,138,262,104,243,207,211,489,558,1005,196,365,74,422,373,64,185,407,265,83,166,153,324,333,208,426,145,259
183,163,82,48,195,54,195,61,65,88,167,181,365,140,91,118,149,320,206,26,128,201,116,71,111,48,130,106,107,239,309,519,97,179,38,204,173,30,106,196,113,46,153,36,132,172,115,192,60,121
425,353,165,78,411,104,384,134,129,169,350,414,711,258,213,230,275,711,414,50,234,423,216,153,263,87,258,185,199,512,616,1123,235,392,85,437,364,83,172,404,274,70,324,132,158,374,262,414,143,272
408,404,190,63,452,89,461,120,144,221,395,531,828,298,217,246,335,831,448,56,268,456,283,169,299,109,319,217,232,586,734,1263,234,399,102,523,446,77,197,489,333,105,333,172,374,216,297,482,155,360
314,277,133,56,306,74,295,106,86,128,248,328,564,201,172,161,229,547,292,34,160,335,211,140,216,87,213,139,157,373,444,890,192,303,73,338,322,55,165,343,228,57,208,115,262,297,99,318,109,218
463,463,197,77,493,114,502,159,150,213,431,566,938,321,263,309,329,915,518,56,296,516,312,208,336,118,346,282,271,615,784,1392,274,432,93,509,476,79,244,561,383,114,426,192,414,482,318,271,177,354
185,179,79,30,162,50,198,58,49,83,146,204,317,120,122,120,165,303,196,21,116,200,118,72,120,51,128,84,101,239,264,466,113,188,39,213,189,35,97,183,134,32,145,60,143,155,109,177,27,136
367,290,136,47,333,78,322,106,120,149,316,360,626,228,195,188,250,638,361,42,200,396,223,139,224,92,216,151,188,441,552,972,207,322,72,368,304,73,177,365,227,64,259,121,272,360,218,354,136,117
