270,446,219,94,532,105,433,195,178,236,485,539,785,369,318,342,374,796,533,79,350,541,379,209,343,137,378,303,317,592,723,1157,255,500,103,536,487,68,268,469,321,113,382,186,410,398,321,472,164,376
446,160,160,61,478,100,403,113,153,174,363,500,794,256,224,245,303,783,457,41,201,430,236,172,275,103,277,206,194,571,676,1208,232,371,99,454,407,78,199,456,294,68,356,190,330,397,256,434,148,267
219,160,37,28,217,29,198,68,67,95,163,241,384,138,109,116,121,386,200,16,110,197,117,86,130,56,128,84,102,263,311,567,110,151,36,201,186,30,88,223,119,37,156,62,177,202,127,201,63,126
94,61,28,4,67,18,83,31,33,41,68,104,155,55,44,48,60,133,87,4,53,89,59,41,51,25,51,34,52,123,119,203,43,75,14,96,94,13,48,86,53,19,62,26,78,65,64,76,35,54
532,478,217,67,269,104,469,172,150,219,408,599,897,324,256,282,370,928,538,62,262,527,286,191,366,126,330,237,246,643,819,1399,245,441,99,590,440,71,266,569,350,102,397,187,410,480,315,518,186,379
105,100,29,18,104,14,106,39,45,48,101,123,175,75,61,80,89,159,115,14,65,128,73,49,74,31,77,51,62,142,154,282,52,112,16,117,98,19,52,115,71,22,80,32,94,112,76,106,39,79
433,403,198,83,469,106,202,155,156,221,395,565,852,312,253,285,355,848,477,59,268,514,286,190,288,122,332,218,258,616,772,1326,253,419,103,523,410,87,245,506,275,92,317,173,371,429,300,494,167,338
195,113,68,31,172,39,155,32,48,70,134,178,290,113,87,94,118,275,136,22,71,163,89,56,89,34,85,64,82,190,239,443,81,147,37,149,151,19,83,151,84,27,104,57,132,166,89,156,63,108
178,153,67,33,150,45,156,48,27,65,135,212,284,94,81,79,136,310,163,15,76,173,107,79,117,42,112,72,90,196,242,451,85,155,36,170,156,22,86,169,101,29,135,57,136,157,88,156,66,134
236,174,95,41,219,48,221,70,65,50,158,214,365,126,109,133,166,382,238,20,132,226,120,98,144,57,140,107,109,246,322,541,114,191,52,224,211,27,94,205,133,47,135,77,166,203,134,225,85,148
485,363,163,68,408,101,395,134,135,158,182,471,788,278,217,250,330,787,457,40,214,428,263,183,290,104,264,236,203,524,642,1119,217,402,110,474,391,65,193,434,300,91,327,151,324,403,267,406,150,300
539,500,241,104,599,123,565,178,212,214,471,278,1009,369,288,316,370,1022,541,82,307,527,296,217,382,131,368,246,270,716,872,1565,289,546,120,613,520,94,272,596,409,109,404,215,444,532,330,567,212,362
785,794,384,155,897,175,852,290,284,365,788,1009,781,574,469,538,688,1450,920,132,512,922,518,354,621,242,639,421,439,1182,1302,2373,472,845,208,996,833,155,456,1007,599,178,664,348,733,820,550,860,322,605
369,256,138,55,324,75,312,113,94,126,278,369,574,102,160,180,232,586,313,32,195,344,178,141,201,86,236,151,174,390,502,913,199,317,72,348,295,58,177,360,204,71,274,103,242,306,215,348,122,221
318,224,109,44,256,61,253,87,81,109,217,288,469,160,61,134,197,478,265,43,154,275,145,94,176,80,156,111,132,363,415,742,156,253,56,260,250,38,155,263,168,42,215,88,218,235,163,275,93,177
342,245,116,48,282,80,285,94,79,133,250,316,538,180,134,84,220,536,303,35,144,308,173,112,173,73,180,125,132,354,463,821,173,263,66,292,290,44,145,317,189,62,237,111,244,278,189,323,110,196
374,303,121,60,370,89,355,118,136,166,330,370,688,232,197,220,123,665,358,44,207,359,225,157,226,92,268,180,179,458,530,978,212,342,71,389,371,53,190,414,244,88,298,141,291,348,231,362,136,259
796,783,386,133,928,159,848,275,310,382,787,1022,1450,586,478,536,665,799,911,137,506,882,534,388,650,234,688,406,449,1145,1377,2444,485,801,202,938,838,142,437,956,577,203,672,336,773,810,577,894,316,607
533,457,200,87,538,115,477,136,163,238,457,541,920,313,265,303,358,911,273,62,296,475,302,197,356,126,348,235,273,682,753,1426,272,483,123,546,473,73,285,531,315,94,376,177,355,446,300,501,196,326
79,41,16,4,62,14,59,22,15,20,40,82,132,32,43,35,44,137,62,1,36,61,33,24,33,17,42,23,31,68,112,192,32,54,9,65,60,10,41,66,41,10,52,17,44,61,37,76,18,47
350,201,110,53,262,65,268,71,76,132,214,307,512,195,154,144,207,506,296,36,83,297,147,117,177,64,183,131,138,346,399,769,138,265,60,321,228,43,131,318,166,60,225,101,214,251,164,296,99,183
541,430,197,89,527,128,514,163,173,226,428,527,922,344,275,308,359,882,475,61,297,282,314,206,343,121,361,248,244,669,717,1408,296,467,113,535,491,75,296,578,341,107,373,179,396,470,328,559,192,369
379,236,117,59,286,73,286,89,107,120,263,296,518,178,145,173,225,534,302,33,147,314,93,131,189,76,197,130,149,353,459,833,166,256,62,311,283,44,153,322,182,58,234,113,225,304,147,312,92,197
209,172,86,41,191,49,190,56,79,98,183,217,354,141,94,112,157,388,197,24,117,206,131,38,126,41,125,108,90,265,291,509,107,187,45,230,186,30,77,170,121,39,153,67,156,187,122,196,69,147
343,275,130,51,366,74,288,89,117,144,290,382,621,201,176,173,226,650,356,33,177,343,189,126,109,88,207,146,157,430,487,939,188,308,70,335,294,55,149,334,239,54,247,111,252,317,212,321,119,221
137,103,56,25,126,31,122,34,42,57,104,131,242,86,80,73,92,234,126,17,64,121,76,41,88,16,78,54,56,158,181,368,81,115,41,127,126,9,56,150,94,20,106,52,87,136,64,134,60,77
378,277,128,51,330,77,332,85,112,140,264,368,639,236,156,180,268,688,348,42,183,361,197,125,207,78,111,153,154,432,511,982,197,305,89,344,326,40,164,370,233,59,273,130,235,333,210,345,145,241
303,206,84,34,237,51,218,64,72,107,236,246,421,151,111,125,180,406,235,23,131,248,130,108,146,54,153,55,113,276,359,665,119,209,55,268,220,46,117,224,162,40,187,74,168,213,140,234,86,171
317,194,102,52,246,62,258,82,90,109,203,270,439,174,132,132,179,449,273,31,138,244,149,90,157,56,154,113,47,296,370,726,124,252,61,283,244,35,120,237,139,49,219,85,187,248,141,264,105,156
592,571,263,123,643,142,616,190,196,246,524,716,1182,390,363,354,458,1145,682,68,346,669,353,265,430,158,432,276,296,375,964,1765,333,631,157,654,626,94,316,731,446,135,501,231,500,577,391,661,237,415
723,676,311,119,819,154,772,239,242,322,642,872,1302,502,415,463,530,1377,753,112,399,717,459,291,487,181,511,359,370,964,573,2147,428,710,161,807,701,136,398,838,489,138,534,270,604,714,506,729,288,485
1157,1208,567,203,1399,282,1326,443,451,541,1119,1565,2373,913,742,821,978,2444,1426,192,769,1408,833,509,939,368,982,665,726,1765,2147,1891,759,1304,316,1534,1310,239,724,1512,928,279,1025,557,1147,1282,904,1341,503,921
255,232,110,43,245,52,253,81,85,114,217,289,472,199,156,173,212,485,272,32,138,296,166,107,188,81,197,119,124,333,428,759,60,243,59,289,259,48,145,271,165,47,200,93,243,237,192,246,106,170
500,371,151,75,441,112,419,147,155,191,402,546,845,317,253,263,342,801,483,54,265,467,256,187,308,115,305,209,252,631,710,1304,243,214,110,518,431,84,241,539,322,106,354,159,376,420,319,503,169,315
103,99,36,14,99,16,103,37,36,52,110,120,208,72,56,66,71,202,123,9,60,113,62,45,70,41,89,55,61,157,161,316,59,110,8,100,102,26,61,115,55,27,98,42,85,121,73,132,36,78
536,454,201,96,590,117,523,149,170,224,474,613,996,348,260,292,389,938,546,65,321,535,311,230,335,127,344,268,283,654,807,1534,289,518,100,285,475,81,285,583,333,115,398,204,413,490,327,562,181,369
487,407,186,94,440,98,410,151,156,211,391,520,833,295,250,290,371,838,473,60,228,491,283,186,294,126,326,220,244,626,701,1310,259,431,102,475,216,79,229,500,298,88,371,168,392,439,335,516,172,330
68,78,30,13,71,19,87,19,22,27,65,94,155,58,38,44,53,142,73,10,43,75,44,30,55,9,40,46,35,94,136,239,48,84,26,81,79,4,40,100,60,12,72,33,62,82,50,95,40,49
268,199,88,48,266,52,245,83,86,94,193,272,456,177,155,145,190,437,285,41,131,296,153,77,149,56,164,117,120,316,398,724,145,241,61,285,229,40,69,279,159,45,173,93,222,238,166,242,97,174
469,456,223,86,569,115,506,151,169,205,434,596,1007,360,263,317,414,956,531,66,318,578,322,170,334,150,370,224,237,731,838,1512,271,539,115,583,500,100,279,291,359,126,401,210,431,486,339,548,187,356
321,294,119,53,350,71,275,84,101,133,300,409,599,204,168,189,244,577,315,41,166,341,182,121,239,94,233,162,139,446,489,928,165,322,55,333,298,60,159,359,104,66,236,114,247,310,206,314,115,226
113,68,37,19,102,22,92,27,29,47,91,109,178,71,42,62,88,203,94,10,60,107,58,39,54,20,59,40,49,135,138,279,47,106,27,115,88,12,45,126,66,4,75,38,74,102,56,104,36,74
382,356,156,62,397,80,317,104,135,135,327,404,664,274,215,237,298,672,376,52,225,373,234,153,247,106,273,187,219,501,534,1025,200,354,98,398,371,72,173,401,236,75,140,151,304,367,256,382,136,263
186,190,62,26,187,32,173,57,57,77,151,215,348,103,88,111,141,336,177,17,101,179,113,67,111,52,130,74,85,231,270,557,93,159,42,204,168,33,93,210,114,38,151,32,138,187,95,205,57,140
410,330,177,78,410,94,371,132,136,166,324,444,733,242,218,244,291,773,355,44,214,396,225,156,252,87,235,168,187,500,604,1147,243,376,85,413,392,62,222,431,247,74,304,138,177,398,241,437,150,268
398,397,202,65,480,112,429,166,157,203,403,532,820,306,235,278,348,810,446,61,251,470,304,187,317,136,333,213,248,577,714,1282,237,420,121,490,439,82,238,486,310,102,367,187,398,218,323,468,174,335
321,256,127,64,315,76,300,89,88,134,267,330,550,215,163,189,231,577,300,37,164,328,147,122,212,64,210,140,141,391,506,904,192,319,73,327,335,50,166,339,206,56,256,95,241,323,95,321,114,211
472,434,201,76,518,106,494,156,156,225,406,567,860,348,275,323,362,894,501,76,296,559,312,196,321,134,345,234,264,661,729,1341,246,503,132,562,516,95,242,548,314,104,382,205,437,468,321,251,178,353
164,148,63,35,186,39,167,63,66,85,150,212,322,122,93,110,136,316,196,18,99,192,92,69,119,60,145,86,105,237,288,503,106,169,36,181,172,40,97,187,115,36,136,57,150,174,114,178,28,123
376,267,126,54,379,79,338,108,134,148,300,362,605,221,177,196,259,607,326,47,183,369,197,147,221,77,241,171,156,415,485,921,170,315,78,369,330,49,174,356,226,74,263,140,268,335,211,353,123,125
