257,429,213,95,522,116,478,205,172,237,409,501,784,366,306,309,377,774,529,71,329,481,322,201,380,167,403,288,297,588,663,1147,231,465,77,500,457,90,253,466,315,117,357,169,432,412,298,455,157,347
429,212,170,69,434,103,461,121,136,177,387,483,799,289,228,253,299,814,432,63,249,444,249,174,315,115,290,197,228,536,629,1249,241,393,97,440,372,69,201,458,287,104,324,179,351,408,255,406,175,294
213,170,44,34,215,46,187,56,62,67,148,229,352,121,102,125,156,344,189,20,107,203,134,71,125,46,118,98,96,236,289,528,94,191,41,212,200,37,115,200,128,40,170,84,155,189,133,196,86,143
95,69,34,10,83,28,84,33,35,29,53,91,133,66,46,54,57,128,86,15,60,110,50,27,55,26,56,52,56,96,132,214,36,71,26,86,80,18,48,94,56,21,52,36,78,77,49,89,32,56
522,434,215,83,227,113,537,153,172,187,416,562,894,307,272,296,339,869,496,43,253,514,305,202,336,128,327,254,249,635,761,1388,282,419,120,554,518,85,258,524,326,108,389,197,422,481,294,499,202,347
116,103,46,28,113,12,108,33,50,42,84,137,202,80,56,73,75,189,118,17,69,126,70,39,81,31,74,55,66,138,176,285,56,91,23,122,113,21,59,115,66,22,83,50,108,95,69,115,49,80
478,461,187,84,537,108,215,143,180,181,394,534,867,314,241,278,365,838,523,66,250,482,286,171,342,126,310,236,241,599,723,1345,259,459,108,515,410,83,261,529,331,91,351,189,409,449,317,487,190,339
205,121,56,33,153,33,143,20,52,76,121,168,255,108,75,78,109,260,155,14,82,144,85,64,109,46,102,75,68,197,222,409,75,151,29,162,150,21,71,158,114,29,107,56,118,144,102,140,53,110
172,136,62,35,172,50,180,52,31,68,132,161,271,104,84,98,128,290,150,15,87,169,85,64,111,45,115,69,81,206,247,463,88,170,43,156,147,21,87,167,112,34,119,64,144,150,104,164,56,100
237,177,67,29,187,42,181,76,68,46,176,227,335,126,106,114,134,379,196,19,117,203,133,77,159,62,165,119,109,271,294,544,107,191,45,217,200,30,99,221,144,40,158,84,171,203,121,208,83,136
409,387,148,53,416,84,394,121,132,176,195,445,745,274,219,225,284,763,393,46,239,400,281,171,309,126,321,237,210,512,640,1209,254,388,85,426,377,69,199,456,308,83,304,163,367,407,246,438,162,286
501,483,229,91,562,137,534,168,161,227,445,284,956,354,280,311,387,1010,580,72,330,601,338,221,372,144,364,255,291,738,817,1479,318,493,141,587,444,90,272,542,338,108,434,198,424,509,376,595,217,401
784,799,352,133,894,202,867,255,271,335,745,956,782,597,461,543,635,1453,970,112,503,936,515,358,608,237,629,427,477,1142,1303,2381,475,830,220,918,826,153,423,903,602,171,670,298,733,801,573,938,330,619
366,289,121,66,307,80,314,108,104,126,274,354,597,94,167,179,233,576,328,38,178,362,188,129,227,87,223,160,186,401,472,919,188,312,64,344,323,56,162,346,225,62,253,119,268,266,217,353,141,225
306,228,102,46,272,56,241,75,84,106,219,280,461,167,75,139,196,478,278,29,155,301,156,104,183,59,146,117,127,322,434,740,142,243,58,282,253,46,131,279,169,59,206,95,204,231,151,292,94,205
309,253,125,54,296,73,278,78,98,114,225,311,543,179,139,74,184,526,287,37,147,331,191,114,221,78,191,130,130,359,468,824,163,258,49,303,272,49,147,309,169,54,235,108,213,281,178,305,115,216
377,299,156,57,339,75,365,109,128,134,284,387,635,233,196,184,122,647,389,46,215,356,217,143,233,93,265,198,200,460,543,990,198,349,70,370,350,54,174,374,222,72,236,150,287,330,210,374,136,239
774,814,344,128,869,189,838,260,290,379,763,1010,1453,576,478,526,647,743,906,110,513,932,501,345,596,211,604,426,456,1088,1265,2389,467,828,214,937,826,158,427,910,593,190,670,326,739,802,559,940,315,618
529,432,189,86,496,118,523,155,150,196,393,580,970,328,278,287,389,906,263,67,275,456,313,193,337,143,346,279,251,616,743,1438,286,495,124,554,474,82,247,575,367,118,376,189,404,463,320,497,185,340
71,63,20,15,43,17,66,14,15,19,46,72,112,38,29,37,46,110,67,6,32,56,38,21,47,15,53,31,30,85,97,174,39,50,14,74,81,9,29,55,42,16,51,24,58,54,31,70,26,53
329,249,107,60,253,69,250,82,87,117,239,330,503,178,155,147,215,513,275,32,81,274,180,109,168,69,175,129,142,372,427,818,157,273,68,290,248,45,144,303,195,57,229,124,247,253,160,304,119,209
481,444,203,110,514,126,482,144,169,203,400,601,936,362,301,331,356,932,456,56,274,257,334,202,375,124,341,271,250,650,759,1447,283,497,103,549,499,85,241,566,329,111,398,205,423,467,345,470,190,335
322,249,134,50,305,70,286,85,85,133,281,338,515,188,156,191,217,501,313,38,180,334,83,130,185,72,190,139,148,352,460,852,173,258,76,280,310,49,134,338,183,52,232,118,258,296,191,324,113,217
201,174,71,27,202,39,171,64,64,77,171,221,358,129,104,114,143,345,193,21,109,202,130,34,135,53,134,91,101,219,275,581,109,203,36,226,163,33,102,185,147,40,157,54,168,185,111,205,73,141
380,315,125,55,336,81,342,109,111,159,309,372,608,227,183,221,233,596,337,47,168,375,185,135,110,79,207,157,156,400,489,921,197,325,85,343,339,54,152,350,213,63,238,123,265,313,204,359,127,248
167,115,46,26,128,31,126,46,45,62,126,144,237,87,59,78,93,211,143,15,69,124,72,53,79,7,69,52,61,152,167,353,70,122,36,132,121,16,65,152,79,30,100,48,90,120,79,116,43,78
403,290,118,56,327,74,310,102,115,165,321,364,629,223,146,191,265,604,346,53,175,341,190,134,207,69,96,149,165,430,493,987,167,302,91,366,311,48,167,362,230,76,254,112,253,290,189,344,115,240
288,197,98,52,254,55,236,75,69,119,237,255,427,160,117,130,198,426,279,31,129,271,139,91,157,52,149,63,120,283,367,670,134,273,65,242,253,31,118,230,160,47,167,108,197,220,138,258,88,167
297,228,96,56,249,66,241,68,81,109,210,291,477,186,127,130,200,456,251,30,142,250,148,101,156,61,165,120,61,311,353,705,133,248,56,266,250,50,132,243,169,63,192,101,204,250,170,254,92,189
588,536,236,96,635,138,599,197,206,271,512,738,1142,401,322,359,460,1088,616,85,372,650,352,219,400,152,430,283,311,348,916,1787,336,611,145,695,600,85,320,635,410,128,464,248,489,580,397,668,222,454
663,629,289,132,761,176,723,222,247,294,640,817,1303,472,434,468,543,1265,743,97,427,759,460,275,489,167,493,367,353,916,581,2086,412,700,191,799,687,132,367,804,502,151,566,265,621,687,513,771,271,514
1147,1249,528,214,1388,285,1345,409,463,544,1209,1479,2381,919,740,824,990,2389,1438,174,818,1447,852,581,921,353,987,670,705,1787,2086,1852,694,1277,315,1500,1232,259,691,1482,912,293,1007,498,1140,1224,849,1415,480,968
231,241,94,36,282,56,259,75,88,107,254,318,475,188,142,163,198,467,286,39,157,283,173,109,197,70,167,134,133,336,412,694,70,226,57,300,263,54,121,281,191,64,212,115,236,257,158,286,99,192
465,393,191,71,419,91,459,151,170,191,388,493,830,312,243,258,349,828,495,50,273,497,258,203,325,122,302,273,248,611,700,1277,226,223,115,486,430,85,253,495,296,88,340,172,391,420,292,474,170,313
77,97,41,26,120,23,108,29,43,45,85,141,220,64,58,49,70,214,124,14,68,103,76,36,85,36,91,65,56,145,191,315,57,115,13,131,115,17,55,145,87,23,74,51,90,108,65,126,44,65
500,440,212,86,554,122,515,162,156,217,426,587,918,344,282,303,370,937,554,74,290,549,280,226,343,132,366,242,266,695,799,1500,300,486,131,282,492,81,275,591,351,114,367,205,439,510,318,532,188,342
457,372,200,80,518,113,410,150,147,200,377,444,826,323,253,272,350,826,474,81,248,499,310,163,339,121,311,253,250,600,687,1232,263,430,115,492,203,83,267,499,311,90,346,160,389,393,315,491,185,361
90,69,37,18,85,21,83,21,21,30,69,90,153,56,46,49,54,158,82,9,45,85,49,33,54,16,48,31,50,85,132,259,54,85,17,81,83,5,38,95,64,21,65,36,72,74,46,86,31,65
253,201,115,48,258,59,261,71,87,99,199,272,423,162,131,147,174,427,247,29,144,241,134,102,152,65,167,118,132,320,367,691,121,253,55,275,267,38,63,271,167,43,181,95,192,227,162,253,96,190
466,458,200,94,524,115,529,158,167,221,456,542,903,346,279,309,374,910,575,55,303,566,338,185,350,152,362,230,243,635,804,1482,281,495,145,591,499,95,271,250,350,110,380,196,418,506,345,516,194,360
315,287,128,56,326,66,331,114,112,144,308,338,602,225,169,169,222,593,367,42,195,329,183,147,213,79,230,160,169,410,502,912,191,296,87,351,311,64,167,350,115,70,242,137,267,283,234,327,118,213
117,104,40,21,108,22,91,29,34,40,83,108,171,62,59,54,72,190,118,16,57,111,52,40,63,30,76,47,63,128,151,293,64,88,23,114,90,21,43,110,70,12,78,35,83,97,69,108,52,69
357,324,170,52,389,83,351,107,119,158,304,434,670,253,206,235,236,670,376,51,229,398,232,157,238,100,254,167,192,464,566,1007,212,340,74,367,346,65,181,380,242,78,152,142,302,345,236,380,126,237
169,179,84,36,197,50,189,56,64,84,163,198,298,119,95,108,150,326,189,24,124,205,118,54,123,48,112,108,101,248,265,498,115,172,51,205,160,36,95,196,137,35,142,35,145,200,138,195,68,133
432,351,155,78,422,108,409,118,144,171,367,424,733,268,204,213,287,739,404,58,247,423,258,168,265,90,253,197,204,489,621,1140,236,391,90,439,389,72,192,418,267,83,302,145,182,371,245,437,159,278
412,408,189,77,481,95,449,144,150,203,407,509,801,266,231,281,330,802,463,54,253,467,296,185,313,120,290,220,250,580,687,1224,257,420,108,510,393,74,227,506,283,97,345,200,371,201,296,446,167,300
298,255,133,49,294,69,317,102,104,121,246,376,573,217,151,178,210,559,320,31,160,345,191,111,204,79,189,138,170,397,513,849,158,292,65,318,315,46,162,345,234,69,236,138,245,296,91,334,123,207
455,406,196,89,499,115,487,140,164,208,438,595,938,353,292,305,374,940,497,70,304,470,324,205,359,116,344,258,254,668,771,1415,286,474,126,532,491,86,253,516,327,108,380,195,437,446,334,256,188,359
157,175,86,32,202,49,190,53,56,83,162,217,330,141,94,115,136,315,185,26,119,190,113,73,127,43,115,88,92,222,271,480,99,170,44,188,185,31,96,194,118,52,126,68,159,167,123,188,33,132
347,294,143,56,347,80,339,110,100,136,286,401,619,225,205,216,239,618,340,53,209,335,217,141,248,78,240,167,189,454,514,968,192,313,65,342,361,65,190,360,213,69,237,133,278,300,207,359,132,129
