277,425,228,99,465,116,517,169,149,224,455,538,802,387,309,317,352,838,511,76,313,533,328,192,366,153,391,261,308,655,686,1188,223,486,100,528,478,60,248,491,317,114,403,160,435,419,314,492,159,361
425,170,168,70,430,88,397,130,137,182,370,480,785,271,219,244,292,783,421,57,219,431,253,162,269,114,281,180,223,528,700,1205,228,429,104,450,436,64,211,464,313,80,345,163,333,407,288,431,160,246
228,168,33,41,194,40,198,45,59,78,166,251,357,127,94,102,156,369,209,20,107,226,122,85,123,49,133,77,92,242,321,561,94,168,41,181,180,33,97,237,133,33,158,66,160,192,119,212,67,120
99,70,41,11,86,23,77,22,33,44,72,102,148,64,45,52,70,147,76,11,56,84,56,42,61,23,62,46,41,115,120,260,62,78,20,88,77,20,38,85,53,21,62,28,80,86,55,77,34,61
465,430,194,86,238,106,455,164,148,182,429,592,920,322,232,282,372,951,537,64,281,509,309,194,315,131,315,269,242,631,734,1449,260,471,123,519,523,85,228,544,357,95,399,195,425,488,312,519,197,344
116,88,40,23,106,14,119,30,45,45,93,138,191,81,64,78,96,216,122,13,62,126,64,43,80,35,88,60,58,152,164,313,56,111,40,120,101,22,54,130,92,26,78,45,109,101,84,102,55,77
517,397,198,77,455,119,245,154,194,221,410,548,887,324,257,285,354,899,481,65,290,509,318,216,333,140,346,214,232,626,738,1365,298,455,127,522,474,76,236,491,337,121,374,172,384,456,337,495,199,327
169,130,45,22,164,30,154,25,50,72,143,182,265,113,76,84,118,256,155,20,91,175,87,64,87,41,106,71,79,192,229,413,88,139,40,169,160,25,71,157,93,40,117,58,122,140,88,161,54,90
149,137,59,33,148,45,194,50,21,75,124,196,279,112,83,110,125,306,172,22,94,172,87,61,93,38,100,67,71,217,210,457,76,159,47,166,186,28,87,172,110,38,123,62,111,135,106,166,51,120
224,182,78,44,182,45,221,72,75,45,147,222,408,154,115,122,160,396,219,33,103,210,135,88,140,43,140,89,105,264,308,583,115,189,44,245,205,38,97,217,145,47,165,70,195,189,134,215,85,160
455,370,166,72,429,93,410,143,124,147,159,474,721,308,197,234,337,718,462,52,237,434,256,182,267,113,295,189,227,536,631,1151,205,400,97,489,401,75,193,451,295,92,332,164,342,410,257,434,134,298
538,480,251,102,592,138,548,182,196,222,474,331,1007,329,281,275,412,1033,564,83,295,543,333,230,380,155,370,260,305,749,876,1639,299,529,125,609,498,96,278,580,346,115,449,227,469,547,344,586,211,379
802,785,357,148,920,191,887,265,279,408,721,1007,805,597,494,576,691,1503,902,117,508,949,541,355,610,255,636,442,440,1180,1354,2467,493,866,212,1000,814,142,446,910,589,187,680,328,722,835,581,953,315,625
387,271,127,64,322,81,324,113,112,154,308,329,597,111,170,178,233,614,311,42,192,332,214,148,207,78,223,165,186,386,512,926,189,310,75,359,342,44,158,354,226,78,256,115,281,301,214,346,117,254
309,219,94,45,232,64,257,76,83,115,197,281,494,170,65,114,177,477,274,27,155,293,174,117,181,60,172,119,132,333,408,677,151,249,65,274,258,38,125,280,169,54,220,79,222,228,180,279,124,163
317,244,102,52,282,78,285,84,110,122,234,275,576,178,114,58,184,525,281,32,157,307,171,116,187,65,192,124,139,327,455,796,166,255,53,278,273,53,135,320,186,68,233,102,219,295,171,309,111,177
352,292,156,70,372,96,354,118,125,160,337,412,691,233,177,184,123,656,355,47,215,347,237,134,238,94,244,156,198,432,556,1022,193,346,90,385,324,57,209,375,237,84,240,136,282,320,230,357,144,247
838,783,369,147,951,216,899,256,306,396,718,1033,1503,614,477,525,656,840,921,114,485,925,507,346,616,230,623,451,474,1118,1399,2462,491,856,207,995,804,145,432,936,605,188,662,336,732,850,560,974,326,626
511,421,209,76,537,122,481,155,172,219,462,564,902,311,274,281,355,921,283,61,320,490,282,195,341,140,381,216,245,590,797,1394,263,459,105,537,439,87,258,540,324,112,393,203,419,495,305,531,181,346
76,57,20,11,64,13,65,20,22,33,52,83,117,42,27,32,47,114,61,4,30,68,30,27,32,15,33,24,41,69,109,185,43,56,6,62,65,13,28,63,39,11,40,17,47,48,40,62,25,35
313,219,107,56,281,62,290,91,94,103,237,295,508,192,155,157,215,485,320,30,65,317,171,111,176,80,195,134,125,354,431,817,137,242,47,280,280,43,141,303,180,46,208,96,230,239,156,290,110,199
533,431,226,84,509,126,509,175,172,210,434,543,949,332,293,307,347,925,490,68,317,274,325,200,367,143,363,261,278,639,780,1483,296,483,121,550,465,75,269,534,345,127,404,192,420,479,337,531,195,343
328,253,122,56,309,64,318,87,87,135,256,333,541,214,174,171,237,507,282,30,171,325,85,139,191,74,196,134,141,387,478,844,167,283,67,312,318,48,142,332,177,56,225,93,233,278,207,316,134,214
192,162,85,42,194,43,216,64,61,88,182,230,355,148,117,116,134,346,195,27,111,200,139,41,132,44,138,105,105,269,300,540,116,190,38,237,195,26,98,206,148,55,156,76,154,172,153,194,58,149
366,269,123,61,315,80,333,87,93,140,267,380,610,207,181,187,238,616,341,32,176,367,191,132,110,74,226,162,163,416,508,916,180,317,86,341,304,47,157,357,224,65,241,112,240,320,258,319,141,202
153,114,49,23,131,35,140,41,38,43,113,155,255,78,60,65,94,230,140,15,80,143,74,44,74,17,74,46,50,147,201,352,73,128,21,132,138,13,64,141,86,27,99,44,86,112,73,137,43,86
391,281,133,62,315,88,346,106,100,140,295,370,636,223,172,192,244,623,381,33,195,363,196,138,226,74,114,145,158,403,520,960,182,337,86,341,325,43,169,359,244,65,265,112,242,300,223,360,133,222
261,180,77,46,269,60,214,71,67,89,189,260,442,165,119,124,156,451,216,24,134,261,134,105,162,46,145,46,120,265,346,638,141,225,45,247,256,46,120,233,149,48,182,95,212,224,149,226,101,154
308,223,92,41,242,58,232,79,71,105,227,305,440,186,132,139,198,474,245,41,125,278,141,105,163,50,158,120,50,300,380,727,154,234,59,271,236,38,119,252,167,51,185,100,201,223,160,254,101,164
655,528,242,115,631,152,626,192,217,264,536,749,1180,386,333,327,432,1118,590,69,354,639,387,269,416,147,403,265,300,386,982,1816,378,584,150,659,601,81,331,685,424,144,459,237,504,601,409,700,256,439
686,700,321,120,734,164,738,229,210,308,631,876,1354,512,408,455,556,1399,797,109,431,780,478,300,508,201,520,346,380,982,557,2129,412,703,183,812,698,122,412,814,525,152,551,273,616,696,479,790,274,466
1188,1205,561,260,1449,313,1365,413,457,583,1151,1639,2467,926,677,796,1022,2462,1394,185,817,1483,844,540,916,352,960,638,727,1816,2129,1930,728,1358,335,1576,1306,247,720,1495,918,305,1072,530,1074,1327,925,1406,502,985
223,228,94,62,260,56,298,88,76,115,205,299,493,189,151,166,193,491,263,43,137,296,167,116,180,73,182,141,154,378,412,728,68,243,78,301,252,50,146,292,198,58,195,91,228,249,191,297,106,185
486,429,168,78,471,111,455,139,159,189,400,529,866,310,249,255,346,856,459,56,242,483,283,190,317,128,337,225,234,584,703,1358,243,247,113,453,446,84,227,478,347,88,328,169,386,467,327,497,200,293
100,104,41,20,123,40,127,40,47,44,97,125,212,75,65,53,90,207,105,6,47,121,67,38,86,21,86,45,59,150,183,335,78,113,12,116,104,14,50,120,92,19,88,35,98,116,72,120,43,77
528,450,181,88,519,120,522,169,166,245,489,609,1000,359,274,278,385,995,537,62,280,550,312,237,341,132,341,247,271,659,812,1576,301,453,116,286,506,67,271,567,344,105,424,193,442,472,320,536,206,367
478,436,180,77,523,101,474,160,186,205,401,498,814,342,258,273,324,804,439,65,280,465,318,195,304,138,325,256,236,601,698,1306,252,446,104,506,225,79,264,498,312,119,352,171,368,436,291,490,183,327
60,64,33,20,85,22,76,25,28,38,75,96,142,44,38,53,57,145,87,13,43,75,48,26,47,13,43,46,38,81,122,247,50,84,14,67,79,5,34,92,59,19,89,28,53,94,57,85,30,58
248,211,97,38,228,54,236,71,87,97,193,278,446,158,125,135,209,432,258,28,141,269,142,98,157,64,169,120,119,331,412,720,146,227,50,271,264,34,70,263,150,63,190,82,188,253,164,262,82,187
491,464,237,85,544,130,491,157,172,217,451,580,910,354,280,320,375,936,540,63,303,534,332,206,357,141,359,233,252,685,814,1495,292,478,120,567,498,92,263,300,386,119,393,188,404,483,358,529,182,306
317,313,133,53,357,92,337,93,110,145,295,346,589,226,169,186,237,605,324,39,180,345,177,148,224,86,244,149,167,424,525,918,198,347,92,344,312,59,150,386,117,63,255,128,280,339,202,347,135,213
114,80,33,21,95,26,121,40,38,47,92,115,187,78,54,68,84,188,112,11,46,127,56,55,65,27,65,48,51,144,152,305,58,88,19,105,119,19,63,119,63,15,80,38,85,94,58,102,39,63
403,345,158,62,399,78,374,117,123,165,332,449,680,256,220,233,240,662,393,40,208,404,225,156,241,99,265,182,185,459,551,1072,195,328,88,424,352,89,190,393,255,80,134,155,311,367,236,400,139,247
160,163,66,28,195,45,172,58,62,70,164,227,328,115,79,102,136,336,203,17,96,192,93,76,112,44,112,95,100,237,273,530,91,169,35,193,171,28,82,188,128,38,155,40,134,186,104,201,56,128
435,333,160,80,425,109,384,122,111,195,342,469,722,281,222,219,282,732,419,47,230,420,233,154,240,86,242,212,201,504,616,1074,228,386,98,442,368,53,188,404,280,85,311,134,155,365,287,396,164,279
419,407,192,86,488,101,456,140,135,189,410,547,835,301,228,295,320,850,495,48,239,479,278,172,320,112,300,224,223,601,696,1327,249,467,116,472,436,94,253,483,339,94,367,186,365,225,316,495,144,317
314,288,119,55,312,84,337,88,106,134,257,344,581,214,180,171,230,560,305,40,156,337,207,153,258,73,223,149,160,409,479,925,191,327,72,320,291,57,164,358,202,58,236,104,287,316,106,351,123,219
492,431,212,77,519,102,495,161,166,215,434,586,953,346,279,309,357,974,531,62,290,531,316,194,319,137,360,226,254,700,790,1406,297,497,120,536,490,85,262,529,347,102,400,201,396,495,351,267,183,338
159,160,67,34,197,55,199,54,51,85,134,211,315,117,124,111,144,326,181,25,110,195,134,58,141,43,133,101,101,256,274,502,106,200,43,206,183,30,82,182,135,39,139,56,164,144,123,183,34,142
361,246,120,61,344,77,327,90,120,160,298,379,625,254,163,177,247,626,346,35,199,343,214,149,202,86,222,154,164,439,466,985,185,293,77,367,327,58,187,306,213,63,247,128,279,317,219,338,142,113
