263,426,214,84,482,123,461,174,165,244,434,535,815,339,330,373,347,845,529,82,319,551,371,207,360,130,367,260,320,610,690,1230,255,458,111,535,500,76,264,505,316,122,378,181,454,437,322,501,171,389
426,168,166,65,414,104,442,149,147,164,369,464,749,283,237,219,341,820,438,44,235,431,241,181,266,114,296,208,184,532,657,1239,235,394,88,464,392,69,228,470,285,82,361,193,363,396,298,441,148,317
214,166,24,51,219,60,195,63,62,98,189,258,379,128,105,103,146,406,201,25,111,190,120,102,126,44,127,71,99,249,294,584,105,180,49,226,194,38,102,194,112,47,154,71,145,196,131,220,84,146
84,65,51,5,79,15,76,26,24,35,73,86,140,67,41,53,54,143,88,7,61,84,45,37,54,32,60,46,49,93,126,204,44,71,15,76,71,18,42,87,55,24,67,32,65,73,54,77,21,59
482,414,219,79,278,114,463,155,184,222,399,582,943,320,243,309,387,899,501,68,282,484,301,214,337,131,319,238,245,659,729,1401,267,507,114,568,488,79,225,528,308,112,402,194,390,431,286,511,171,350
123,104,60,15,114,11,101,41,39,53,106,120,191,83,56,60,78,201,123,8,79,121,72,45,73,31,81,56,60,139,173,299,68,104,28,113,102,24,51,106,70,25,82,45,83,94,75,102,33,89
461,442,195,76,463,101,220,149,155,197,423,536,906,338,244,267,333,914,484,42,296,464,290,188,321,132,345,227,242,573,714,1358,235,443,106,490,413,66,224,492,287,101,397,194,340,460,318,484,190,324
174,149,63,26,155,41,149,21,46,70,137,174,278,100,87,87,111,276,149,19,102,160,96,63,106,47,106,76,76,182,260,438,75,136,32,161,143,26,70,151,79,30,99,60,120,162,90,155,56,105
165,147,62,24,184,39,155,46,33,65,134,182,281,114,77,90,127,306,167,15,71,140,90,75,103,36,116,76,71,209,249,454,79,153,41,178,157,25,87,180,98,33,130,60,131,147,114,171,53,128
244,164,98,35,222,53,197,70,65,36,163,205,364,142,136,106,147,384,224,30,114,242,122,88,138,63,151,96,101,282,287,534,96,212,45,227,170,33,121,194,126,55,145,75,165,165,134,217,82,144
434,369,189,73,399,106,423,137,134,163,160,452,739,300,240,229,310,747,430,53,224,415,256,160,265,106,280,198,224,558,631,1142,222,411,97,470,383,68,215,426,280,93,325,152,344,394,272,432,160,283
535,464,258,86,582,120,536,174,182,205,452,297,1017,387,304,298,427,965,540,82,310,583,359,247,367,139,395,225,305,683,871,1670,317,570,104,622,557,85,284,556,327,119,420,216,444,532,372,598,213,408
815,749,379,140,943,191,906,278,281,364,739,1017,801,599,427,491,666,1428,894,125,516,924,605,377,609,266,640,416,445,1173,1320,2414,497,837,217,970,852,160,450,945,595,192,683,351,741,885,569,936,305,634
339,283,128,67,320,83,338,100,114,142,300,387,599,122,179,166,261,587,334,27,194,342,202,143,226,82,216,138,153,424,464,908,180,317,57,308,329,47,145,328,187,68,245,132,246,291,198,342,134,230
330,237,105,41,243,56,244,87,77,136,240,304,427,179,81,141,175,458,268,28,142,258,160,108,168,60,159,131,126,303,409,752,134,239,61,258,231,41,119,297,160,58,211,80,193,255,169,283,87,163
373,219,103,53,309,60,267,87,90,106,229,298,491,166,141,71,224,518,303,23,162,301,182,99,178,63,164,130,131,335,477,823,163,262,69,313,258,45,144,298,172,59,188,102,220,277,184,311,120,179
347,341,146,54,387,78,333,111,127,147,310,427,666,261,175,224,141,671,397,33,200,368,204,157,252,88,258,179,196,451,543,1065,210,313,86,375,341,64,190,401,249,80,281,153,292,335,236,393,136,248
845,820,406,143,899,201,914,276,306,384,747,965,1428,587,458,518,671,800,933,130,492,959,623,394,638,256,651,445,465,1084,1352,2388,502,872,206,981,846,154,463,949,603,211,684,353,770,849,554,932,325,609
529,438,201,88,501,123,484,149,167,224,430,540,894,334,268,303,397,933,290,65,289,484,305,206,319,111,345,229,242,676,732,1421,280,490,117,547,480,82,242,573,347,114,395,182,430,486,313,560,172,351
82,44,25,7,68,8,42,19,15,30,53,82,125,27,28,23,33,130,65,3,30,61,29,33,35,21,44,23,27,71,99,190,38,43,14,65,43,5,25,57,41,9,53,20,40,48,30,62,19,44
319,235,111,61,282,79,296,102,71,114,224,310,516,194,142,162,200,492,289,30,72,277,163,114,194,59,182,114,145,338,430,809,152,249,58,287,252,34,130,289,181,57,224,93,214,270,167,298,102,195
551,431,190,84,484,121,464,160,140,242,415,583,924,342,258,301,368,959,484,61,277,236,300,193,334,129,338,237,246,648,723,1474,286,464,100,562,458,81,250,567,346,113,401,199,394,493,319,557,175,348
371,241,120,45,301,72,290,96,90,122,256,359,605,202,160,182,204,623,305,29,163,300,67,126,181,69,197,159,155,376,457,875,167,270,74,331,267,53,143,292,187,57,256,103,233,291,181,303,118,195
207,181,102,37,214,45,188,63,75,88,160,247,377,143,108,99,157,394,206,33,114,193,126,33,141,41,128,95,89,253,297,565,103,183,30,204,174,29,98,203,118,45,174,84,135,191,137,225,80,143
360,266,126,54,337,73,321,106,103,138,265,367,609,226,168,178,252,638,319,35,194,334,181,141,106,94,239,148,157,400,481,910,169,345,88,329,276,60,157,320,188,65,279,124,245,330,209,364,128,236
130,114,44,32,131,31,132,47,36,63,106,139,266,82,60,63,88,256,111,21,59,129,69,41,94,12,74,54,77,167,169,352,67,123,21,111,113,26,63,131,80,19,104,48,120,124,68,139,45,94
367,296,127,60,319,81,345,106,116,151,280,395,640,216,159,164,258,651,345,44,182,338,197,128,239,74,96,161,160,409,505,1013,179,310,65,346,317,59,155,349,212,74,271,123,285,331,213,384,124,238
260,208,71,46,238,56,227,76,76,96,198,225,416,138,131,130,179,445,229,23,114,237,159,95,148,54,161,63,97,268,376,688,124,218,58,227,236,34,123,259,144,61,185,81,210,226,167,242,105,165
320,184,99,49,245,60,242,76,71,101,224,305,445,153,126,131,196,465,242,27,145,246,155,89,157,77,160,97,61,314,371,701,143,240,39,267,222,41,123,258,163,43,199,91,199,232,160,221,81,175
610,532,249,93,659,139,573,182,209,282,558,683,1173,424,303,335,451,1084,676,71,338,648,376,253,400,167,409,268,314,363,937,1803,329,569,140,637,568,106,304,683,429,117,499,260,456,603,375,628,243,408
690,657,294,126,729,173,714,260,249,287,631,871,1320,464,409,477,543,1352,732,99,430,723,457,297,481,169,505,376,371,937,616,2046,390,677,151,824,719,119,359,840,516,171,579,281,590,684,479,765,245,542
1230,1239,584,204,1401,299,1358,438,454,534,1142,1670,2414,908,752,823,1065,2388,1421,190,809,1474,875,565,910,352,1013,688,701,1803,2046,1822,739,1270,338,1556,1365,230,657,1519,943,295,1092,519,1168,1298,922,1409,503,933
255,235,105,44,267,68,235,75,79,96,222,317,497,180,134,163,210,502,280,38,152,286,167,103,169,67,179,124,143,329,390,739,68,238,75,292,259,48,125,255,176,52,223,109,209,262,169,267,104,185
458,394,180,71,507,104,443,136,153,212,411,570,837,317,239,262,313,872,490,43,249,464,270,183,345,123,310,218,240,569,677,1270,238,207,120,501,434,83,206,495,302,107,368,153,367,415,261,488,148,319
111,88,49,15,114,28,106,32,41,45,97,104,217,57,61,69,86,206,117,14,58,100,74,30,88,21,65,58,39,140,151,338,75,120,16,114,95,19,60,130,96,18,80,50,77,93,72,121,51,73
535,464,226,76,568,113,490,161,178,227,470,622,970,308,258,313,375,981,547,65,287,562,331,204,329,111,346,227,267,637,824,1556,292,501,114,291,484,90,273,589,379,93,436,206,373,488,311,542,186,416
500,392,194,71,488,102,413,143,157,170,383,557,852,329,231,258,341,846,480,43,252,458,267,174,276,113,317,236,222,568,719,1365,259,434,95,484,227,80,218,506,327,112,369,170,345,450,271,470,159,314
76,69,38,18,79,24,66,26,25,33,68,85,160,47,41,45,64,154,82,5,34,81,53,29,60,26,59,34,41,106,119,230,48,83,19,90,80,7,45,106,59,15,63,36,59,83,60,77,36,54
264,228,102,42,225,51,224,70,87,121,215,284,450,145,119,144,190,463,242,25,130,250,143,98,157,63,155,123,123,304,359,657,125,206,60,273,218,45,64,274,160,41,191,94,182,233,155,237,86,171
505,470,194,87,528,106,492,151,180,194,426,556,945,328,297,298,401,949,573,57,289,567,292,203,320,131,349,259,258,683,840,1519,255,495,130,589,506,106,274,306,372,122,409,221,401,505,341,550,172,375
316,285,112,55,308,70,287,79,98,126,280,327,595,187,160,172,249,603,347,41,181,346,187,118,188,80,212,144,163,429,516,943,176,302,96,379,327,59,160,372,115,61,244,120,239,335,213,357,129,238
122,82,47,24,112,25,101,30,33,55,93,119,192,68,58,59,80,211,114,9,57,113,57,45,65,19,74,61,43,117,171,295,52,107,18,93,112,15,41,122,61,10,83,49,84,93,74,120,29,87
378,361,154,67,402,82,397,99,130,145,325,420,683,245,211,188,281,684,395,53,224,401,256,174,279,104,271,185,199,499,579,1092,223,368,80,436,369,63,191,409,244,83,164,160,337,376,252,397,130,250
181,193,71,32,194,45,194,60,60,75,152,216,351,132,80,102,153,353,182,20,93,199,103,84,124,48,123,81,91,260,281,519,109,153,50,206,170,36,94,221,120,49,160,41,148,155,119,207,78,113
454,363,145,65,390,83,340,120,131,165,344,444,741,246,193,220,292,770,430,40,214,394,233,135,245,120,285,210,199,456,590,1168,209,367,77,373,345,59,182,401,239,84,337,148,133,375,238,415,137,276
437,396,196,73,431,94,460,162,147,165,394,532,885,291,255,277,335,849,486,48,270,493,291,191,330,124,331,226,232,603,684,1298,262,415,93,488,450,83,233,505,335,93,376,155,375,216,308,512,168,307
322,298,131,54,286,75,318,90,114,134,272,372,569,198,169,184,236,554,313,30,167,319,181,137,209,68,213,167,160,375,479,922,169,261,72,311,271,60,155,341,213,74,252,119,238,308,85,360,128,206
501,441,220,77,511,102,484,155,171,217,432,598,936,342,283,311,393,932,560,62,298,557,303,225,364,139,384,242,221,628,765,1409,267,488,121,542,470,77,237,550,357,120,397,207,415,512,360,245,180,339
171,148,84,21,171,33,190,56,53,82,160,213,305,134,87,120,136,325,172,19,102,175,118,80,128,45,124,105,81,243,245,503,104,148,51,186,159,36,86,172,129,29,130,78,137,168,128,180,35,140
389,317,146,59,350,89,324,105,128,144,283,408,634,230,163,179,248,609,351,44,195,348,195,143,236,94,238,165,175,408,542,933,185,319,73,416,314,54,171,375,238,87,250,113,276,307,206,339,140,115
