281,477,230,93,492,97,463,186,153,244,444,507,810,394,316,322,358,834,512,78,340,544,332,216,362,141,371,291,312,608,715,1182,237,459,119,466,489,96,259,481,345,119,384,154,452,426,320,470,180,386
477,175,178,77,454,108,402,140,129,176,370,465,802,284,230,253,308,807,423,49,238,423,252,160,267,92,260,219,243,543,662,1241,260,421,98,453,405,73,207,433,271,80,340,164,324,431,294,456,165,307
230,178,39,42,204,50,214,51,77,100,189,216,409,143,114,109,145,378,205,36,111,231,105,82,125,52,112,104,91,246,307,608,144,205,48,209,198,27,89,204,118,46,169,77,160,176,145,246,92,137
93,77,42,5,75,19,92,26,25,41,62,87,169,47,51,48,56,148,83,13,60,70,58,27,59,32,69,39,35,94,132,225,60,69,20,88,73,18,39,75,52,24,59,29,79,74,35,86,33,54
492,454,204,75,248,98,474,136,162,192,433,588,949,359,280,282,363,873,501,73,281,517,333,203,359,114,344,230,257,655,813,1402,279,482,97,579,474,87,230,580,338,100,418,203,411,460,313,538,206,349
97,108,50,19,98,11,111,35,35,50,93,122,203,65,66,53,74,181,108,14,69,115,70,40,71,42,86,55,66,138,181,302,70,99,23,123,108,25,62,111,74,24,75,33,98,91,60,104,42,79
463,402,214,92,474,111,253,165,162,213,429,505,882,328,247,237,343,886,482,65,307,456,298,193,328,124,338,226,256,581,725,1358,271,471,99,537,469,91,255,510,329,105,398,197,406,434,317,500,206,351
186,140,51,26,136,35,165,20,43,63,133,162,254,108,70,75,114,265,152,13,88,145,81,55,100,42,94,84,76,171,220,453,94,141,27,163,138,24,68,177,98,27,120,53,116,158,88,172,56,108
153,129,77,25,162,35,162,43,25,79,150,197,297,114,93,84,118,290,161,25,82,167,97,66,116,40,106,78,73,213,265,455,84,147,32,157,163,24,74,177,109,32,132,61,140,129,114,198,65,118
244,176,100,41,192,50,213,63,79,39,167,224,360,132,115,116,156,392,211,26,120,216,136,93,144,39,139,111,114,287,337,528,115,181,36,228,174,45,112,220,147,45,177,87,186,183,151,216,65,153
444,370,189,62,433,93,429,133,150,167,179,470,744,280,210,229,331,736,432,50,249,444,248,199,290,105,297,214,196,547,641,1096,220,390,102,422,388,79,215,488,307,90,354,176,344,371,251,412,134,296
507,465,216,87,588,122,505,162,197,224,470,314,1049,344,281,317,384,1011,535,80,323,535,324,208,374,146,374,238,258,714,862,1621,281,515,108,609,472,103,264,613,392,119,426,219,427,514,329,584,187,364
810,802,409,169,949,203,882,254,297,360,744,1049,808,611,501,529,638,1451,893,118,516,927,557,406,620,222,596,434,459,1117,1347,2481,462,861,204,951,882,167,448,961,586,178,703,325,791,871,620,904,337,617
394,284,143,47,359,65,328,108,114,132,280,344,611,94,174,181,234,559,333,33,166,314,190,136,206,76,222,175,158,396,526,909,193,314,73,370,276,64,179,380,230,73,245,133,252,297,215,315,118,231
316,230,114,51,280,66,247,70,93,115,210,281,501,174,69,131,193,494,269,33,146,249,148,103,182,65,181,129,117,323,400,725,158,239,60,280,230,34,119,284,170,60,211,112,219,241,161,280,108,172
322,253,109,48,282,53,237,75,84,116,229,317,529,181,131,63,194,537,278,35,151,289,172,122,201,62,184,142,140,346,475,828,174,275,67,301,253,38,142,289,208,48,220,111,239,269,176,275,128,182
358,308,145,56,363,74,343,114,118,156,331,384,638,234,193,194,128,660,381,55,222,371,212,150,261,91,242,186,178,474,561,974,194,319,73,384,332,60,198,389,240,73,297,139,301,338,250,376,146,243
834,807,378,148,873,181,886,265,290,392,736,1011,1451,559,494,537,660,824,880,110,548,919,552,392,658,233,626,429,468,1088,1322,2465,506,832,222,989,801,153,448,922,609,206,703,325,773,847,597,906,338,580
512,423,205,83,501,108,482,152,161,211,432,535,893,333,269,278,381,880,239,66,295,474,315,190,365,125,319,216,251,703,759,1436,278,487,127,571,468,79,273,539,329,82,373,201,456,477,344,529,190,347
78,49,36,13,73,14,65,13,25,26,50,80,118,33,33,35,55,110,66,3,33,62,48,18,40,10,32,26,25,85,99,176,32,71,10,64,60,4,16,67,41,13,57,19,52,44,33,61,25,49
340,238,111,60,281,69,307,88,82,120,249,323,516,166,146,151,222,548,295,33,74,319,159,102,179,73,188,116,151,339,414,793,152,252,70,293,282,44,140,330,206,52,231,110,243,257,170,301,93,205
544,423,231,70,517,115,456,145,167,216,444,535,927,314,249,289,371,919,474,62,319,256,308,189,361,119,317,213,260,650,801,1432,281,447,111,550,453,90,252,550,338,103,386,184,440,473,326,535,198,370
332,252,105,58,333,70,298,81,97,136,248,324,557,190,148,172,212,552,315,48,159,308,86,116,174,76,197,160,149,378,450,835,171,313,55,316,272,46,136,311,189,59,225,95,245,281,184,307,106,210
216,160,82,27,203,40,193,55,66,93,199,208,406,136,103,122,150,392,190,18,102,189,116,39,117,46,123,107,105,228,286,557,121,205,40,218,191,28,92,216,127,47,166,70,154,176,133,189,76,142
362,267,125,59,359,71,328,100,116,144,290,374,620,206,182,201,261,658,365,40,179,361,174,117,123,82,206,174,175,428,494,944,185,321,61,322,320,60,198,351,236,76,273,106,260,326,222,332,139,227
141,92,52,32,114,42,124,42,40,39,105,146,222,76,65,62,91,233,125,10,73,119,76,46,82,13,60,59,72,127,180,333,73,146,22,135,126,18,66,123,81,32,94,48,101,120,85,110,40,90
371,260,112,69,344,86,338,94,106,139,297,374,596,222,181,184,242,626,319,32,188,317,197,123,206,60,106,150,180,428,515,927,197,321,72,365,346,53,184,352,192,76,280,118,271,316,220,335,131,252
291,219,104,39,230,55,226,84,78,111,214,238,434,175,129,142,186,429,216,26,116,213,160,107,174,59,150,46,121,257,353,675,143,215,56,222,231,47,109,268,160,38,174,95,187,216,152,255,95,175
312,243,91,35,257,66,256,76,73,114,196,258,459,158,117,140,178,468,251,25,151,260,149,105,175,72,180,121,66,300,381,712,159,238,47,240,253,37,125,250,170,65,216,80,205,231,161,287,106,171
608,543,246,94,655,138,581,171,213,287,547,714,1117,396,323,346,474,1088,703,85,339,650,378,228,428,127,428,257,300,386,951,1827,342,585,152,641,551,113,307,679,426,137,500,232,493,594,427,657,238,384
715,662,307,132,813,181,725,220,265,337,641,862,1347,526,400,475,561,1322,759,99,414,801,450,286,494,180,515,353,381,951,549,2119,385,737,166,810,719,129,382,805,479,161,577,269,614,689,496,816,286,547
1182,1241,608,225,1402,302,1358,453,455,528,1096,1621,2481,909,725,828,974,2465,1436,176,793,1432,835,557,944,333,927,675,712,1827,2119,1952,740,1305,343,1566,1315,273,730,1506,929,318,992,556,1167,1271,915,1389,526,929
237,260,144,60,279,70,271,94,84,115,220,281,462,193,158,174,194,506,278,32,152,281,171,121,185,73,197,143,159,342,385,740,78,269,72,294,259,55,118,295,167,47,210,114,235,251,188,266,95,182
459,421,205,69,482,99,471,141,147,181,390,515,861,314,239,275,319,832,487,71,252,447,313,205,321,146,321,215,238,585,737,1305,269,189,100,485,447,68,225,546,336,121,348,209,401,442,290,524,178,330
119,98,48,20,97,23,99,27,32,36,102,108,204,73,60,67,73,222,127,10,70,111,55,40,61,22,72,56,47,152,166,343,72,100,12,125,103,23,47,116,82,28,91,39,71,102,70,116,37,69
466,453,209,88,579,123,537,163,157,228,422,609,951,370,280,301,384,989,571,64,293,550,316,218,322,135,365,222,240,641,810,1566,294,485,125,276,513,94,274,554,372,106,405,179,416,505,306,578,202,385
489,405,198,73,474,108,469,138,163,174,388,472,882,276,230,253,332,801,468,60,282,453,272,191,320,126,346,231,253,551,719,1315,259,447,103,513,205,78,217,475,314,105,329,179,391,423,286,503,180,313
96,73,27,18,87,25,91,24,24,45,79,103,167,64,34,38,60,153,79,4,44,90,46,28,60,18,53,47,37,113,129,273,55,68,23,94,78,6,42,110,70,20,82,36,62,81,65,89,46,64
259,207,89,39,230,62,255,68,74,112,215,264,448,179,119,142,198,448,273,16,140,252,136,92,198,66,184,109,125,307,382,730,118,225,47,274,217,42,64,297,192,44,208,104,199,217,156,300,100,181
481,433,204,75,580,111,510,177,177,220,488,613,961,380,284,289,389,922,539,67,330,550,311,216,351,123,352,268,250,679,805,1506,295,546,116,554,475,110,297,274,334,124,403,211,450,518,360,565,188,388
345,271,118,52,338,74,329,98,109,147,307,392,586,230,170,208,240,609,329,41,206,338,189,127,236,81,192,160,170,426,479,929,167,336,82,372,314,70,192,334,94,57,254,126,288,314,213,353,131,238
119,80,46,24,100,24,105,27,32,45,90,119,178,73,60,48,73,206,82,13,52,103,59,47,76,32,76,38,65,137,161,318,47,121,28,106,105,20,44,124,57,8,82,37,85,111,66,123,48,74
384,340,169,59,418,75,398,120,132,177,354,426,703,245,211,220,297,703,373,57,231,386,225,166,273,94,280,174,216,500,577,992,210,348,91,405,329,82,208,403,254,82,147,134,338,344,271,440,144,260
154,164,77,29,203,33,197,53,61,87,176,219,325,133,112,111,139,325,201,19,110,184,95,70,106,48,118,95,80,232,269,556,114,209,39,179,179,36,104,211,126,37,134,33,155,173,138,189,75,143
452,324,160,79,411,98,406,116,140,186,344,427,791,252,219,239,301,773,456,52,243,440,245,154,260,101,271,187,205,493,614,1167,235,401,71,416,391,62,199,450,288,85,338,155,171,346,273,414,158,275
426,431,176,74,460,91,434,158,129,183,371,514,871,297,241,269,338,847,477,44,257,473,281,176,326,120,316,216,231,594,689,1271,251,442,102,505,423,81,217,518,314,111,344,173,346,199,295,444,161,324
320,294,145,35,313,60,317,88,114,151,251,329,620,215,161,176,250,597,344,33,170,326,184,133,222,85,220,152,161,427,496,915,188,290,70,306,286,65,156,360,213,66,271,138,273,295,103,341,119,213
470,456,246,86,538,104,500,172,198,216,412,584,904,315,280,275,376,906,529,61,301,535,307,189,332,110,335,255,287,657,816,1389,266,524,116,578,503,89,300,565,353,123,440,189,414,444,341,270,216,354
180,165,92,33,206,42,206,56,65,65,134,187,337,118,108,128,146,338,190,25,93,198,106,76,139,40,131,95,106,238,286,526,95,178,37,202,180,46,100,188,131,48,144,75,158,161,119,216,26,111
386,307,137,54,349,79,351,108,118,153,296,364,617,231,172,182,243,580,347,49,205,370,210,142,227,90,252,175,171,384,547,929,182,330,69,385,313,64,181,388,238,74,260,143,275,324,213,354,111,99
