274,454,216,79,495,118,474,184,175,217,455,521,835,397,308,304,387,820,555,62,340,518,333,201,382,126,355,300,291,583,702,1194,262,494,115,544,476,85,266,463,307,124,369,183,465,439,324,460,165,384
454,195,168,71,427,114,403,127,142,165,348,460,780,251,222,256,291,783,433,59,257,440,258,158,270,95,286,203,235,552,667,1270,239,391,89,381,378,74,228,487,278,102,358,169,363,406,263,507,174,260
216,168,35,34,206,39,200,61,55,92,186,239,364,139,111,99,136,350,238,25,104,223,116,84,136,54,140,89,96,242,297,596,99,184,49,196,177,24,108,237,137,38,176,81,167,204,137,216,91,125
79,71,34,4,92,19,79,19,17,30,58,89,138,58,40,61,51,143,87,10,43,89,52,41,48,27,70,34,69,107,127,214,46,75,21,95,72,12,36,90,56,15,67,43,76,83,51,83,25,63
495,427,206,92,260,120,491,144,178,221,435,546,954,319,297,282,389,916,569,67,295,536,290,184,327,123,332,235,276,673,777,1390,295,520,116,523,446,85,232,532,329,108,428,178,409,433,327,516,189,354
118,114,39,19,120,12,101,32,29,37,90,123,175,74,57,79,60,181,110,12,59,115,59,48,73,34,85,44,71,133,173,287,50,99,21,115,108,22,59,122,78,16,84,51,108,108,71,119,38,89
474,403,200,79,491,101,226,147,152,174,358,500,872,319,238,279,345,876,479,59,272,507,298,203,297,119,321,212,287,620,720,1298,246,461,109,532,426,88,229,507,311,93,396,194,404,460,298,482,197,327
184,127,61,19,144,32,147,23,55,55,146,167,288,85,96,75,110,297,167,21,80,156,93,56,116,40,106,64,67,207,246,434,88,152,40,150,136,20,60,167,114,36,120,72,114,126,97,156,56,123
175,142,55,17,178,29,152,55,22,78,145,210,294,93,87,102,100,267,165,27,82,168,99,64,113,42,110,77,90,215,238,443,80,174,37,185,147,29,91,184,105,40,134,51,125,175,92,173,55,113
217,165,92,30,221,37,174,55,78,36,168,230,363,143,101,115,147,365,205,25,120,241,129,76,126,58,150,95,126,254,301,559,118,189,53,227,176,35,90,208,129,45,171,56,167,185,124,214,71,140
455,348,186,58,435,90,358,146,145,168,187,468,795,287,234,257,335,764,437,61,231,474,274,164,270,105,298,208,222,515,628,1149,227,420,109,460,373,77,201,426,272,80,302,136,356,381,256,447,151,298
521,460,239,89,546,123,500,167,210,230,468,314,986,348,253,321,421,1012,608,71,331,594,328,230,339,158,391,247,253,764,804,1536,295,506,117,566,532,91,309,599,398,124,417,233,421,493,311,554,195,343
835,780,364,138,954,175,872,288,294,363,795,986,806,569,491,545,662,1444,926,108,533,934,571,354,568,230,622,441,453,1168,1289,2399,473,814,224,943,808,159,499,964,618,194,713,319,728,828,564,905,327,579
397,251,139,58,319,74,319,85,93,143,287,348,569,124,174,195,211,570,303,41,176,333,199,126,200,73,198,146,174,392,448,906,177,288,80,336,325,55,149,315,204,68,285,119,272,296,204,339,145,226
308,222,111,40,297,57,238,96,87,101,234,253,491,174,73,156,186,497,260,30,159,279,175,120,173,76,184,156,140,323,429,727,167,247,62,232,247,43,135,277,152,42,229,105,216,254,160,249,87,193
304,256,99,61,282,79,279,75,102,115,257,321,545,195,156,76,202,542,297,29,156,323,161,118,184,78,210,141,170,359,437,819,172,277,73,257,279,33,145,302,192,54,245,98,250,274,159,296,111,186
387,291,136,51,389,60,345,110,100,147,335,421,662,211,186,202,125,632,412,41,193,420,212,150,249,93,234,186,184,451,538,1034,211,346,73,345,339,56,178,391,249,71,290,134,287,352,238,368,127,218
820,783,350,143,916,181,876,297,267,365,764,1012,1444,570,497,542,632,794,906,106,504,963,552,341,610,227,623,410,485,1123,1400,2401,485,851,229,938,866,153,503,931,647,206,679,346,727,822,579,896,316,589
555,433,238,87,569,110,479,167,165,205,437,608,926,303,260,297,412,906,260,67,270,515,325,186,331,135,323,258,260,639,781,1374,270,460,101,564,475,73,247,519,373,114,387,192,392,448,310,518,187,360
62,59,25,10,67,12,59,21,27,25,61,71,108,41,30,29,41,106,67,8,32,59,31,28,46,11,41,36,42,86,83,167,36,57,17,69,60,11,27,57,32,13,50,21,53,52,49,77,27,34
340,257,104,43,295,59,272,80,82,120,231,331,533,176,159,156,193,504,270,32,86,309,162,116,170,51,146,155,121,338,414,801,150,261,57,313,248,47,147,294,184,61,227,92,223,273,154,283,115,206
518,440,223,89,536,115,507,156,168,241,474,594,934,333,279,323,420,963,515,59,309,293,320,200,324,136,344,243,269,673,769,1443,295,500,122,554,469,87,268,520,351,116,427,213,432,460,349,510,199,383
333,258,116,52,290,59,298,93,99,129,274,328,571,199,175,161,212,552,325,31,162,320,85,134,219,93,199,156,170,414,464,868,172,263,58,260,272,44,152,335,175,55,242,106,248,249,168,351,114,197
201,158,84,41,184,48,203,56,64,76,164,230,354,126,120,118,150,341,186,28,116,200,134,40,126,48,136,97,103,222,294,536,111,176,39,223,185,35,120,203,135,44,149,71,155,194,130,221,85,124
382,270,136,48,327,73,297,116,113,126,270,339,568,200,173,184,249,610,331,46,170,324,219,126,117,81,210,162,179,401,502,955,180,300,70,318,291,63,180,348,221,65,246,117,265,297,190,366,130,226
126,95,54,27,123,34,119,40,42,58,105,158,230,73,76,78,93,227,135,11,51,136,93,48,81,18,70,56,57,153,191,347,71,136,23,129,123,17,75,133,84,28,93,45,96,123,81,146,39,98
355,286,140,70,332,85,321,106,110,150,298,391,622,198,184,210,234,623,323,41,146,344,199,136,210,70,106,164,159,390,494,947,191,327,63,338,329,49,167,346,248,65,255,110,241,304,204,373,130,221
300,203,89,34,235,44,212,64,77,95,208,247,441,146,156,141,186,410,258,36,155,243,156,97,162,56,164,57,126,282,359,638,138,228,71,227,185,35,111,257,156,47,179,92,187,208,158,247,104,171
291,235,96,69,276,71,287,67,90,126,222,253,453,174,140,170,184,485,260,42,121,269,170,103,179,57,159,126,64,299,366,702,124,251,40,249,260,45,123,264,161,49,187,93,191,255,179,282,103,179
583,552,242,107,673,133,620,207,215,254,515,764,1168,392,323,359,451,1123,639,86,338,673,414,222,401,153,390,282,299,396,971,1781,349,585,154,648,601,93,336,649,409,156,471,247,506,597,406,681,248,413
702,667,297,127,777,173,720,246,238,301,628,804,1289,448,429,437,538,1400,781,83,414,769,464,294,502,191,494,359,366,971,537,2104,414,759,206,790,646,145,403,790,523,171,598,309,555,754,475,743,283,501
1194,1270,596,214,1390,287,1298,434,443,559,1149,1536,2399,906,727,819,1034,2401,1374,167,801,1443,868,536,955,347,947,638,702,1781,2104,1915,794,1272,320,1536,1245,265,740,1455,908,283,1023,546,1151,1352,913,1374,474,952
262,239,99,46,295,50,246,88,80,118,227,295,473,177,167,172,211,485,270,36,150,295,172,111,180,71,191,138,124,349,414,794,77,262,61,293,240,56,151,290,159,52,228,118,240,272,190,285,98,183
494,391,184,75,520,99,461,152,174,189,420,506,814,288,247,277,346,851,460,57,261,500,263,176,300,136,327,228,251,585,759,1272,262,220,119,486,435,82,225,496,307,97,360,177,366,439,324,472,191,315
115,89,49,21,116,21,109,40,37,53,109,117,224,80,62,73,73,229,101,17,57,122,58,39,70,23,63,71,40,154,206,320,61,119,12,125,119,25,57,134,71,25,91,44,82,105,67,120,42,78
544,381,196,95,523,115,532,150,185,227,460,566,943,336,232,257,345,938,564,69,313,554,260,223,318,129,338,227,249,648,790,1536,293,486,125,279,499,80,276,608,339,118,412,221,440,540,322,606,193,357
476,378,177,72,446,108,426,136,147,176,373,532,808,325,247,279,339,866,475,60,248,469,272,185,291,123,329,185,260,601,646,1245,240,435,119,499,204,78,246,499,297,116,373,179,380,414,289,500,177,329
85,74,24,12,85,22,88,20,29,35,77,91,159,55,43,33,56,153,73,11,47,87,44,35,63,17,49,35,45,93,145,265,56,82,25,80,78,6,40,91,67,15,71,25,67,79,54,91,39,56
266,228,108,36,232,59,229,60,91,90,201,309,499,149,135,145,178,503,247,27,147,268,152,120,180,75,167,111,123,336,403,740,151,225,57,276,246,40,61,260,171,45,201,80,210,229,164,259,90,177
463,487,237,90,532,122,507,167,184,208,426,599,964,315,277,302,391,931,519,57,294,520,335,203,348,133,346,257,264,649,790,1455,290,496,134,608,499,91,260,268,341,119,410,210,422,495,334,561,202,371
307,278,137,56,329,78,311,114,105,129,272,398,618,204,152,192,249,647,373,32,184,351,175,135,221,84,248,156,161,409,523,908,159,307,71,339,297,67,171,341,101,83,258,110,276,332,213,324,126,215
124,102,38,15,108,16,93,36,40,45,80,124,194,68,42,54,71,206,114,13,61,116,55,44,65,28,65,47,49,156,171,283,52,97,25,118,116,15,45,119,83,6,93,32,83,96,74,99,36,67
369,358,176,67,428,84,396,120,134,171,302,417,713,285,229,245,290,679,387,50,227,427,242,149,246,93,255,179,187,471,598,1023,228,360,91,412,373,71,201,410,258,93,131,128,338,351,249,409,135,263
183,169,81,43,178,51,194,72,51,56,136,233,319,119,105,98,134,346,192,21,92,213,106,71,117,45,110,92,93,247,309,546,118,177,44,221,179,25,80,210,110,32,128,44,140,174,111,183,67,106
465,363,167,76,409,108,404,114,125,167,356,421,728,272,216,250,287,727,392,53,223,432,248,155,265,96,241,187,191,506,555,1151,240,366,82,440,380,67,210,422,276,83,338,140,163,377,270,422,152,276
439,406,204,83,433,108,460,126,175,185,381,493,828,296,254,274,352,822,448,52,273,460,249,194,297,123,304,208,255,597,754,1352,272,439,105,540,414,79,229,495,332,96,351,174,377,211,293,471,161,284
324,263,137,51,327,71,298,97,92,124,256,311,564,204,160,159,238,579,310,49,154,349,168,130,190,81,204,158,179,406,475,913,190,324,67,322,289,54,164,334,213,74,249,111,270,293,72,318,106,201
460,507,216,83,516,119,482,156,173,214,447,554,905,339,249,296,368,896,518,77,283,510,351,221,366,146,373,247,282,681,743,1374,285,472,120,606,500,91,259,561,324,99,409,183,422,471,318,266,194,342
165,174,91,25,189,38,197,56,55,71,151,195,327,145,87,111,127,316,187,27,115,199,114,85,130,39,130,104,103,248,283,474,98,191,42,193,177,39,90,202,126,36,135,67,152,161,106,194,34,124
384,260,125,63,354,89,327,123,113,140,298,343,579,226,193,186,218,589,360,34,206,383,197,124,226,98,221,171,179,413,501,952,183,315,78,357,329,56,177,371,215,67,263,106,276,284,201,342,124,117
