266,455,224,88,457,116,487,176,159,235,434,509,855,383,342,343,396,856,553,70,351,527,345,212,369,148,365,303,280,625,709,1166,233,471,102,514,447,106,232,471,322,131,374,169,407,460,338,476,160,382
455,190,177,82,417,115,448,144,147,193,375,500,765,288,212,242,336,754,449,53,219,455,255,177,280,112,290,204,214,541,664,1252,227,429,110,456,402,81,203,469,309,98,316,173,352,391,269,444,196,301
224,177,33,33,202,48,194,61,60,77,181,240,385,139,92,107,155,368,225,28,112,205,118,76,128,51,132,83,98,240,325,580,119,168,41,213,177,28,91,218,142,36,152,90,157,186,121,236,82,137
88,82,33,6,73,15,81,38,22,37,63,98,145,44,45,54,54,140,83,10,48,80,55,34,53,26,58,52,54,110,115,224,43,73,20,92,75,9,36,79,58,16,62,29,63,88,69,92,21,60
457,417,202,73,273,107,477,157,150,204,443,591,875,323,264,296,352,889,524,73,265,538,310,186,328,128,342,246,251,666,785,1417,278,475,101,536,466,81,247,554,327,87,407,197,392,492,318,530,204,347
116,115,48,15,107,10,106,43,32,31,92,109,184,77,64,85,77,212,121,10,73,116,83,49,70,35,81,61,64,154,156,322,57,104,21,123,106,15,60,111,79,20,84,37,87,108,90,134,27,85
487,448,194,81,477,106,254,170,187,205,411,542,886,319,253,296,361,852,469,50,267,488,302,202,306,127,326,246,244,595,754,1359,257,442,92,531,460,91,267,510,296,98,391,179,366,460,312,496,179,346
176,144,61,38,157,43,170,17,49,66,136,164,299,106,82,80,109,316,169,17,90,153,98,61,110,35,114,88,62,207,226,510,87,165,30,151,169,24,69,160,108,30,94,60,125,157,91,166,46,97
159,147,60,22,150,32,187,49,33,70,134,172,301,110,103,100,139,299,149,14,87,159,92,64,108,41,129,88,71,215,238,477,85,136,27,170,155,27,74,169,100,31,133,53,122,166,90,178,69,125
235,193,77,37,204,31,205,66,70,55,160,219,344,127,113,119,156,347,208,20,106,212,123,87,121,42,128,105,93,258,297,519,105,182,43,226,191,41,99,208,151,46,163,66,154,182,124,216,69,143
434,375,181,63,443,92,411,136,134,160,184,511,706,280,236,270,299,719,458,51,251,453,241,151,264,105,302,203,215,513,635,1183,226,395,103,480,410,69,201,430,295,98,312,156,314,395,266,451,162,283
509,500,240,98,591,109,542,164,172,219,511,322,991,354,296,335,407,959,574,66,300,605,312,213,370,159,381,253,271,699,859,1518,286,534,128,616,520,89,298,630,387,110,404,230,459,550,351,591,188,343
855,765,385,145,875,184,886,299,301,344,706,991,790,548,464,513,689,1449,946,114,505,916,522,338,568,234,632,410,465,1100,1357,2428,443,803,187,1035,833,157,470,930,599,184,644,352,700,886,583,903,284,602
383,288,139,44,323,77,319,106,110,127,280,354,548,130,176,160,247,547,362,31,169,368,174,133,227,76,212,142,170,401,508,926,179,310,65,322,316,51,172,359,221,64,271,126,268,300,191,383,138,225
342,212,92,45,264,64,253,82,103,113,236,296,464,176,71,135,194,489,245,35,142,278,164,108,194,64,160,116,132,340,431,715,147,256,48,288,243,36,127,308,162,69,233,110,234,246,163,277,125,187
343,242,107,54,296,85,296,80,100,119,270,335,513,160,135,79,224,517,288,29,146,307,169,122,205,73,177,122,155,343,465,828,157,281,48,302,266,51,130,343,179,73,246,103,236,268,180,293,122,203
396,336,155,54,352,77,361,109,139,156,299,407,689,247,194,224,143,669,349,52,199,381,206,143,256,94,255,173,185,448,462,1011,187,372,99,394,371,62,170,379,275,66,268,119,307,350,216,390,133,259
856,754,368,140,889,212,852,316,299,347,719,959,1449,547,489,517,669,798,927,117,495,924,558,328,635,220,591,414,474,1102,1378,2428,512,843,192,1006,823,146,457,947,588,210,670,345,716,831,609,879,312,644
553,449,225,83,524,121,469,169,149,208,458,574,946,362,245,288,349,927,256,79,303,513,347,222,345,113,338,237,276,651,823,1442,309,486,99,534,499,92,263,562,303,107,375,172,413,496,323,518,195,386
70,53,28,10,73,10,50,17,14,20,51,66,114,31,35,29,52,117,79,4,29,77,33,29,38,16,43,24,29,84,94,192,38,56,13,72,53,8,37,66,27,12,47,19,45,46,32,60,23,54
351,219,112,48,265,73,267,90,87,106,251,300,505,169,142,146,199,495,303,29,67,254,155,122,187,92,179,124,124,323,385,757,150,263,73,302,286,51,143,289,187,69,223,120,214,263,160,322,117,194
527,455,205,80,538,116,488,153,159,212,453,605,916,368,278,307,381,924,513,77,254,270,321,213,374,129,345,242,264,628,790,1443,315,506,117,538,513,83,267,551,313,127,401,205,444,475,320,546,216,364
345,255,118,55,310,83,302,98,92,123,241,312,522,174,164,169,206,558,347,33,155,321,106,119,204,68,207,131,142,363,473,831,171,280,73,307,278,39,156,297,176,62,251,103,231,270,202,305,122,200
212,177,76,34,186,49,202,61,64,87,151,213,338,133,108,122,143,328,222,29,122,213,119,49,134,55,139,99,112,228,309,567,108,181,47,226,202,41,94,213,136,44,173,80,163,186,132,212,79,131
369,280,128,53,328,70,306,110,108,121,264,370,568,227,194,205,256,635,345,38,187,374,204,134,108,79,218,151,172,432,494,978,197,315,84,350,299,56,182,328,200,72,264,120,270,303,197,358,136,238
148,112,51,26,128,35,127,35,41,42,105,159,234,76,64,73,94,220,113,16,92,129,68,55,79,17,75,52,61,163,198,357,77,123,43,126,134,14,54,128,79,27,92,36,116,117,92,125,54,91
365,290,132,58,342,81,326,114,129,128,302,381,632,212,160,177,255,591,338,43,179,345,207,139,218,75,116,161,183,441,557,971,188,328,99,377,349,43,163,323,195,63,263,115,306,321,241,341,160,234
303,204,83,52,246,61,246,88,88,105,203,253,410,142,116,122,173,414,237,24,124,242,131,99,151,52,161,55,115,274,327,630,116,242,57,256,223,43,123,258,151,52,174,92,183,202,140,229,87,167
280,214,98,54,251,64,244,62,71,93,215,271,465,170,132,155,185,474,276,29,124,264,142,112,172,61,183,115,62,322,383,698,142,262,56,243,215,52,121,259,160,51,198,94,206,239,160,319,100,172
625,541,240,110,666,154,595,207,215,258,513,699,1100,401,340,343,448,1102,651,84,323,628,363,228,432,163,441,274,322,407,908,1787,329,585,146,660,600,106,340,703,412,140,496,244,511,566,400,621,221,434
709,664,325,115,785,156,754,226,238,297,635,859,1357,508,431,465,462,1378,823,94,385,790,473,309,494,198,557,327,383,908,570,2065,433,713,173,818,771,142,370,797,482,159,566,288,641,712,481,772,280,517
1166,1252,580,224,1417,322,1359,510,477,519,1183,1518,2428,926,715,828,1011,2428,1442,192,757,1443,831,567,978,357,971,630,698,1787,2065,1883,696,1343,306,1542,1309,252,761,1461,961,293,1010,487,1120,1269,872,1352,468,912
233,227,119,43,278,57,257,87,85,105,226,286,443,179,147,157,187,512,309,38,150,315,171,108,197,77,188,116,142,329,433,696,71,254,49,291,249,61,142,288,161,50,169,104,212,250,185,259,98,179
471,429,168,73,475,104,442,165,136,182,395,534,803,310,256,281,372,843,486,56,263,506,280,181,315,123,328,242,262,585,713,1343,254,220,91,505,435,84,239,497,295,95,364,169,376,418,314,511,159,322
102,110,41,20,101,21,92,30,27,43,103,128,187,65,48,48,99,192,99,13,73,117,73,47,84,43,99,57,56,146,173,306,49,91,9,135,90,18,56,104,74,32,89,24,102,119,60,120,37,82
514,456,213,92,536,123,531,151,170,226,480,616,1035,322,288,302,394,1006,534,72,302,538,307,226,350,126,377,256,243,660,818,1542,291,505,135,258,510,99,253,583,351,101,434,192,404,483,367,587,207,368
447,402,177,75,466,106,460,169,155,191,410,520,833,316,243,266,371,823,499,53,286,513,278,202,299,134,349,223,215,600,771,1309,249,435,90,510,216,82,242,490,314,106,348,172,387,457,307,484,163,357
106,81,28,9,81,15,91,24,27,41,69,89,157,51,36,51,62,146,92,8,51,83,39,41,56,14,43,43,52,106,142,252,61,84,18,99,82,10,45,99,54,21,70,41,73,86,51,99,39,75
232,203,91,36,247,60,267,69,74,99,201,298,470,172,127,130,170,457,263,37,143,267,156,94,182,54,163,123,121,340,370,761,142,239,56,253,242,45,66,285,181,46,194,103,202,232,177,250,85,159
471,469,218,79,554,111,510,160,169,208,430,630,930,359,308,343,379,947,562,66,289,551,297,213,328,128,323,258,259,703,797,1461,288,497,104,583,490,99,285,285,376,104,376,203,407,506,348,550,177,325
322,309,142,58,327,79,296,108,100,151,295,387,599,221,162,179,275,588,303,27,187,313,176,136,200,79,195,151,160,412,482,961,161,295,74,351,314,54,181,376,112,70,248,124,244,300,224,354,115,204
131,98,36,16,87,20,98,30,31,46,98,110,184,64,69,73,66,210,107,12,69,127,62,44,72,27,63,52,51,140,159,293,50,95,32,101,106,21,46,104,70,6,83,32,87,114,72,117,41,66
374,316,152,62,407,84,391,94,133,163,312,404,644,271,233,246,268,670,375,47,223,401,251,173,264,92,263,174,198,496,566,1010,169,364,89,434,348,70,194,376,248,83,134,152,337,351,243,344,124,256
169,173,90,29,197,37,179,60,53,66,156,230,352,126,110,103,119,345,172,19,120,205,103,80,120,36,115,92,94,244,288,487,104,169,24,192,172,41,103,203,124,32,152,33,148,180,137,189,62,136
407,352,157,63,392,87,366,125,122,154,314,459,700,268,234,236,307,716,413,45,214,444,231,163,270,116,306,183,206,511,641,1120,212,376,102,404,387,73,202,407,244,87,337,148,152,338,242,425,169,276
460,391,186,88,492,108,460,157,166,182,395,550,886,300,246,268,350,831,496,46,263,475,270,186,303,117,321,202,239,566,712,1269,250,418,119,483,457,86,232,506,300,114,351,180,338,205,299,476,156,320
338,269,121,69,318,90,312,91,90,124,266,351,583,191,163,180,216,609,323,32,160,320,202,132,197,92,241,140,160,400,481,872,185,314,60,367,307,51,177,348,224,72,243,137,242,299,107,330,125,199
476,444,236,92,530,134,496,166,178,216,451,591,903,383,277,293,390,879,518,60,322,546,305,212,358,125,341,229,319,621,772,1352,259,511,120,587,484,99,250,550,354,117,344,189,425,476,330,265,171,392
160,196,82,21,204,27,179,46,69,69,162,188,284,138,125,122,133,312,195,23,117,216,122,79,136,54,160,87,100,221,280,468,98,159,37,207,163,39,85,177,115,41,124,62,169,156,125,171,27,139
382,301,137,60,347,85,346,97,125,143,283,343,602,225,187,203,259,644,386,54,194,364,200,131,238,91,234,167,172,434,517,912,179,322,82,368,357,75,159,325,204,66,256,136,276,320,199,392,139,130
