253,450,203,89,494,102,483,174,183,249,470,530,810,366,308,336,345,805,522,64,305,532,379,218,347,143,371,285,307,585,694,1123,227,521,94,517,502,79,251,481,297,105,365,163,446,418,334,506,178,365
450,178,189,79,434,86,418,141,133,172,360,482,770,278,214,235,303,759,442,52,254,467,260,181,291,131,293,203,194,508,692,1273,270,420,66,411,417,72,217,470,280,80,335,171,354,420,297,443,154,288
203,189,42,27,216,51,211,72,64,99,189,236,384,127,115,120,142,375,211,28,109,224,122,91,131,62,146,99,90,261,314,582,134,178,56,175,199,28,123,241,136,44,135,71,149,172,130,190,69,137
89,79,27,8,83,22,80,26,25,43,81,88,156,55,47,49,67,138,76,11,52,70,45,33,58,24,62,47,53,119,124,219,47,82,24,86,83,9,48,90,48,12,58,35,69,79,53,90,36,57
494,434,216,83,269,116,484,167,165,213,416,554,887,328,284,282,395,933,566,59,275,545,310,190,349,135,380,242,274,674,778,1388,266,484,108,549,451,94,255,560,337,116,365,190,395,490,313,511,194,359
102,86,51,22,116,12,108,42,33,55,85,131,186,61,63,72,87,180,112,14,68,116,73,41,90,29,84,59,58,148,156,294,60,124,30,103,124,19,54,136,83,26,85,52,106,107,73,110,46,80
483,418,211,80,484,108,208,137,162,212,396,539,832,302,233,257,353,851,463,67,282,500,311,199,314,122,330,245,238,640,741,1293,253,418,108,519,429,75,238,495,328,90,365,174,365,458,284,462,200,339
174,141,72,26,167,42,137,20,50,71,146,148,270,88,85,97,102,300,158,25,83,179,87,72,95,46,96,67,79,186,224,422,83,157,33,151,150,20,82,189,91,29,141,62,127,136,97,167,57,93
183,133,64,25,165,33,162,50,22,69,160,170,297,109,94,103,116,293,174,21,91,168,89,65,128,44,108,78,78,194,245,459,102,184,42,180,139,23,70,191,118,33,123,67,139,160,104,187,65,111
249,172,99,43,213,55,212,71,69,46,172,215,361,125,120,108,152,384,205,23,146,210,147,77,147,60,148,123,110,285,321,582,107,204,47,221,199,37,107,224,149,38,167,64,175,168,116,227,86,148
470,360,189,81,416,85,396,146,160,172,165,446,745,276,235,222,315,755,409,44,284,427,252,174,275,109,297,240,240,583,629,1182,209,429,79,450,388,91,225,399,269,94,317,172,353,404,262,462,159,289
530,482,236,88,554,131,539,148,170,215,446,321,1087,352,298,294,388,1056,617,71,290,521,338,189,343,148,346,236,263,704,851,1648,314,489,161,591,485,76,273,580,379,123,411,216,448,510,351,614,203,348
810,770,384,156,887,186,832,270,297,361,745,1087,818,601,486,533,662,1449,902,106,502,894,541,372,607,240,629,453,444,1144,1382,2432,464,837,189,922,855,145,429,1008,644,178,636,335,731,793,572,893,313,632
366,278,127,55,328,61,302,88,109,125,276,352,601,107,183,177,215,600,301,42,200,331,188,134,251,70,225,159,163,396,513,911,172,318,64,324,297,61,158,344,209,69,253,123,275,332,209,345,148,216
308,214,115,47,284,63,233,85,94,120,235,298,486,183,79,126,197,483,254,30,139,291,180,123,184,82,187,119,140,316,400,703,152,263,61,264,250,41,121,281,175,53,204,92,225,228,177,286,108,199
336,235,120,49,282,72,257,97,103,108,222,294,533,177,126,70,211,498,275,31,163,311,165,121,170,80,187,127,147,345,435,829,172,281,58,288,259,42,140,304,173,52,242,101,234,269,164,321,116,193
345,303,142,67,395,87,353,102,116,152,315,388,662,215,197,211,115,650,359,42,188,368,218,144,244,97,235,160,204,448,545,974,186,378,92,378,364,71,164,405,229,66,289,148,284,334,237,343,147,262
805,759,375,138,933,180,851,300,293,384,755,1056,1449,600,483,498,650,775,916,122,510,930,534,361,655,229,620,460,441,1088,1356,2366,448,788,184,968,846,149,467,924,625,183,654,349,767,787,582,954,335,659
522,442,211,76,566,112,463,158,174,205,409,617,902,301,254,275,359,916,252,62,288,475,307,195,327,140,350,229,254,681,781,1416,251,466,129,545,446,72,241,532,344,105,355,191,385,448,340,528,179,327
64,52,28,11,59,14,67,25,21,23,44,71,106,42,30,31,42,122,62,6,35,65,36,28,32,8,34,24,37,82,100,174,31,63,7,58,51,9,37,61,45,15,34,23,50,61,43,60,21,34
305,254,109,52,275,68,282,83,91,146,284,290,502,200,139,163,188,510,288,35,86,294,166,122,175,71,195,128,129,350,446,834,148,252,72,287,258,44,135,313,196,70,218,100,219,282,166,341,99,191
532,467,224,70,545,116,500,179,168,210,427,521,894,331,291,311,368,930,475,65,294,276,334,205,311,127,353,236,273,671,805,1425,241,468,122,563,493,76,251,537,356,117,352,179,418,490,342,526,207,358
379,260,122,45,310,73,311,87,89,147,252,338,541,188,180,165,218,534,307,36,166,334,85,138,196,69,219,138,156,366,469,873,165,285,80,318,299,51,144,334,210,63,228,75,238,309,190,335,133,223
218,181,91,33,190,41,199,72,65,77,174,189,372,134,123,121,144,361,195,28,122,205,138,34,149,54,139,85,117,251,330,554,105,184,40,192,179,38,102,204,124,38,154,72,177,200,120,228,88,130
347,291,131,58,349,90,314,95,128,147,275,343,607,251,184,170,244,655,327,32,175,311,196,149,124,96,220,153,143,427,479,993,197,356,83,324,329,64,172,319,227,65,235,124,249,320,208,348,164,215
143,131,62,24,135,29,122,46,44,60,109,148,240,70,82,80,97,229,140,8,71,127,69,54,96,19,82,60,61,159,181,357,85,129,19,121,124,23,61,133,74,22,107,45,103,130,78,140,41,83
371,293,146,62,380,84,330,96,108,148,297,346,629,225,187,187,235,620,350,34,195,353,219,139,220,82,117,153,172,434,511,987,208,333,69,343,304,62,180,344,220,62,290,121,279,331,221,369,140,227
285,203,99,47,242,59,245,67,78,123,240,236,453,159,119,127,160,460,229,24,128,236,138,85,153,60,153,66,118,302,361,687,126,205,49,235,210,44,116,240,154,53,193,99,194,220,166,241,83,159
307,194,90,53,274,58,238,79,78,110,240,263,444,163,140,147,204,441,254,37,129,273,156,117,143,61,172,118,57,325,387,667,116,234,61,265,250,43,134,262,154,49,176,70,213,252,153,249,104,169
585,508,261,119,674,148,640,186,194,285,583,704,1144,396,316,345,448,1088,681,82,350,671,366,251,427,159,434,302,325,382,1001,1776,350,606,135,672,590,106,301,710,412,137,504,237,547,613,396,683,231,427
694,692,314,124,778,156,741,224,245,321,629,851,1382,513,400,435,545,1356,781,100,446,805,469,330,479,181,511,361,387,1001,579,2056,430,695,176,772,718,138,377,781,480,168,546,286,614,686,452,793,261,512
1123,1273,582,219,1388,294,1293,422,459,582,1182,1648,2432,911,703,829,974,2366,1416,174,834,1425,873,554,993,357,987,687,667,1776,2056,1818,733,1334,339,1483,1294,239,694,1398,979,308,1036,515,1126,1243,867,1446,488,965
227,270,134,47,266,60,253,83,102,107,209,314,464,172,152,172,186,448,251,31,148,241,165,105,197,85,208,126,116,350,430,733,75,244,64,294,247,43,125,282,194,49,198,113,202,243,168,277,98,197
521,420,178,82,484,124,418,157,184,204,429,489,837,318,263,281,378,788,466,63,252,468,285,184,356,129,333,205,234,606,695,1334,244,221,101,526,458,85,219,510,297,92,347,169,384,440,277,463,180,328
94,66,56,24,108,30,108,33,42,47,79,161,189,64,61,58,92,184,129,7,72,122,80,40,83,19,69,49,61,135,176,339,64,101,16,125,93,17,65,106,80,30,83,45,100,98,74,137,42,72
517,411,175,86,549,103,519,151,180,221,450,591,922,324,264,288,378,968,545,58,287,563,318,192,324,121,343,235,265,672,772,1483,294,526,125,270,499,102,273,586,348,118,397,208,441,487,344,556,198,353
502,417,199,83,451,124,429,150,139,199,388,485,855,297,250,259,364,846,446,51,258,493,299,179,329,124,304,210,250,590,718,1294,247,458,93,499,237,72,232,505,283,94,346,177,387,426,276,434,190,327
79,72,28,9,94,19,75,20,23,37,91,76,145,61,41,42,71,149,72,9,44,76,51,38,64,23,62,44,43,106,138,239,43,85,17,102,72,7,42,98,56,16,69,40,78,79,67,92,36,50
251,217,123,48,255,54,238,82,70,107,225,273,429,158,121,140,164,467,241,37,135,251,144,102,172,61,180,116,134,301,377,694,125,219,65,273,232,42,60,270,161,49,203,98,197,217,153,274,73,191
481,470,241,90,560,136,495,189,191,224,399,580,1008,344,281,304,405,924,532,61,313,537,334,204,319,133,344,240,262,710,781,1398,282,510,106,586,505,98,270,276,334,97,408,216,412,438,330,538,194,390
297,280,136,48,337,83,328,91,118,149,269,379,644,209,175,173,229,625,344,45,196,356,210,124,227,74,220,154,154,412,480,979,194,297,80,348,283,56,161,334,105,73,233,130,274,330,218,345,142,219
105,80,44,12,116,26,90,29,33,38,94,123,178,69,53,52,66,183,105,15,70,117,63,38,65,22,62,53,49,137,168,308,49,92,30,118,94,16,49,97,73,7,65,27,88,96,67,116,45,86
365,335,135,58,365,85,365,141,123,167,317,411,636,253,204,242,289,654,355,34,218,352,228,154,235,107,290,193,176,504,546,1036,198,347,83,397,346,69,203,408,233,65,127,159,296,340,223,423,116,269
163,171,71,35,190,52,174,62,67,64,172,216,335,123,92,101,148,349,191,23,100,179,75,72,124,45,121,99,70,237,286,515,113,169,45,208,177,40,98,216,130,27,159,47,139,198,123,186,73,119
446,354,149,69,395,106,365,127,139,175,353,448,731,275,225,234,284,767,385,50,219,418,238,177,249,103,279,194,213,547,614,1126,202,384,100,441,387,78,197,412,274,88,296,139,179,376,245,416,185,265
418,420,172,79,490,107,458,136,160,168,404,510,793,332,228,269,334,787,448,61,282,490,309,200,320,130,331,220,252,613,686,1243,243,440,98,487,426,79,217,438,330,96,340,198,376,221,291,466,162,308
334,297,130,53,313,73,284,97,104,116,262,351,572,209,177,164,237,582,340,43,166,342,190,120,208,78,221,166,153,396,452,867,168,277,74,344,276,67,153,330,218,67,223,123,245,291,99,346,142,217
506,443,190,90,511,110,462,167,187,227,462,614,893,345,286,321,343,954,528,60,341,526,335,228,348,140,369,241,249,683,793,1446,277,463,137,556,434,92,274,538,345,116,423,186,416,466,346,283,206,360
178,154,69,36,194,46,200,57,65,86,159,203,313,148,108,116,147,335,179,21,99,207,133,88,164,41,140,83,104,231,261,488,98,180,42,198,190,36,73,194,142,45,116,73,185,162,142,206,39,125
365,288,137,57,359,80,339,93,111,148,289,348,632,216,199,193,262,659,327,34,191,358,223,130,215,83,227,159,169,427,512,965,197,328,72,353,327,50,191,390,219,86,269,119,265,308,217,360,125,126
