269,477,226,106,509,107,507,181,179,261,473,538,789,359,335,356,381,811,482,73,351,485,359,205,391,156,368,276,280,609,682,1136,269,486,103,490,497,81,239,452,320,119,380,195,458,437,357,481,193,347
477,178,162,58,419,85,453,141,128,149,355,476,784,256,207,229,312,765,447,53,231,444,240,173,262,82,276,190,193,538,646,1219,246,426,101,472,398,68,211,464,290,82,344,165,359,429,241,483,171,279
226,162,42,28,200,42,213,51,63,85,180,253,350,119,92,115,155,333,186,21,109,195,124,96,119,45,127,89,116,230,282,571,110,191,44,208,181,35,97,235,135,36,170,76,164,191,111,192,90,136
106,58,28,9,87,15,82,26,29,42,65,95,157,63,50,59,68,151,84,13,49,79,56,31,62,20,45,49,43,100,116,206,41,88,19,103,81,12,41,83,51,19,62,32,77,85,57,90,26,59
509,419,200,87,274,108,503,151,168,191,415,519,913,330,285,316,407,943,522,54,277,523,274,207,339,118,355,260,264,670,742,1464,291,435,119,554,459,108,250,544,336,94,388,200,398,461,320,519,187,342
107,85,42,15,108,8,96,28,40,42,82,131,197,75,56,67,83,204,125,20,82,106,49,43,77,31,73,57,67,139,173,282,64,99,27,126,95,17,60,102,82,26,78,39,82,111,67,104,34,80
507,453,213,82,503,96,240,130,174,199,388,549,874,312,255,300,360,878,510,62,271,487,273,189,303,121,318,235,275,620,728,1362,270,453,114,536,419,77,269,522,330,110,366,186,387,458,331,513,189,323
181,141,51,26,151,28,130,24,52,51,129,146,263,105,95,95,121,284,133,11,78,159,102,67,98,49,102,77,85,177,233,398,84,140,31,177,141,13,66,149,77,32,130,66,139,151,110,174,53,131
179,128,63,29,168,40,174,52,30,59,136,184,287,117,97,101,124,286,175,18,99,193,101,74,111,40,109,75,89,194,240,437,81,171,42,169,173,17,80,178,106,33,129,55,151,143,99,191,66,115
261,149,85,42,191,42,199,51,59,48,154,215,326,125,126,115,152,343,188,20,126,208,126,71,139,54,136,115,124,263,307,537,90,184,44,200,191,40,89,191,139,48,155,76,164,180,138,233,78,133
473,355,180,65,415,82,388,129,136,154,153,446,708,268,244,241,322,690,417,50,245,437,271,171,288,116,294,206,206,541,636,1116,222,393,101,418,396,81,211,454,286,98,311,165,358,400,243,475,141,280
538,476,253,95,519,131,549,146,184,215,446,317,1009,347,293,338,410,1027,589,68,296,577,359,230,368,135,370,282,277,685,869,1601,327,504,123,581,529,110,272,610,386,115,430,239,424,515,390,605,195,407
789,784,350,157,913,197,874,263,287,326,708,1009,814,567,461,483,663,1461,925,93,525,964,517,349,636,243,619,414,478,1161,1376,2437,514,836,216,955,849,155,452,984,604,183,643,323,716,852,582,907,359,583
359,256,119,63,330,75,312,105,117,125,268,347,567,114,178,200,251,575,344,39,159,333,193,114,218,76,208,145,159,395,473,920,197,327,78,337,304,51,181,347,230,52,259,109,266,325,212,326,119,223
335,207,92,50,285,56,255,95,97,126,244,293,461,178,69,130,229,467,239,28,134,271,156,114,176,61,155,120,138,297,386,724,157,254,55,300,263,47,134,295,169,54,204,104,212,246,182,293,104,173
356,229,115,59,316,67,300,95,101,115,241,338,483,200,130,78,220,482,264,36,146,274,173,103,203,63,174,139,123,319,408,787,168,269,61,281,296,57,135,311,210,52,233,111,265,246,203,316,125,195
381,312,155,68,407,83,360,121,124,152,322,410,663,251,229,220,130,656,387,46,203,388,227,143,253,93,228,162,189,481,558,984,233,358,80,367,337,61,172,368,261,83,282,144,326,354,250,389,128,256
811,765,333,151,943,204,878,284,286,343,690,1027,1461,575,467,482,656,813,954,113,507,941,534,324,600,237,594,462,437,1126,1396,2523,491,867,204,980,831,151,460,989,622,170,662,293,714,818,582,965,367,602
482,447,186,84,522,125,510,133,175,188,417,589,925,344,239,264,387,954,286,59,257,507,286,195,315,120,309,225,253,615,770,1397,286,485,121,546,514,79,230,604,338,102,379,203,412,466,287,531,195,316
73,53,21,13,54,20,62,11,18,20,50,68,93,39,28,36,46,113,59,7,28,68,30,26,35,13,43,33,25,79,90,187,36,64,18,66,50,17,28,59,38,7,47,22,45,56,32,68,23,31
351,231,109,49,277,82,271,78,99,126,245,296,525,159,134,146,203,507,257,28,76,272,144,113,148,55,179,120,128,365,429,750,151,239,61,276,269,51,143,277,159,53,249,97,205,299,172,259,101,206
485,444,195,79,523,106,487,159,193,208,437,577,964,333,271,274,388,941,507,68,272,255,301,200,345,125,332,235,267,636,739,1460,278,461,121,548,480,75,277,558,359,102,402,202,369,494,322,513,185,342
359,240,124,56,274,49,273,102,101,126,271,359,517,193,156,173,227,534,286,30,144,301,89,112,173,67,183,146,152,365,447,834,152,291,62,300,262,57,175,301,198,59,195,122,214,289,187,289,110,195
205,173,96,31,207,43,189,67,74,71,171,230,349,114,114,103,143,324,195,26,113,200,112,38,134,48,153,89,98,234,297,541,122,194,49,206,202,36,98,227,139,38,159,63,163,204,114,212,63,144
391,262,119,62,339,77,303,98,111,139,288,368,636,218,176,203,253,600,315,35,148,345,173,134,119,70,207,158,155,381,451,916,188,288,62,341,311,51,171,380,235,47,269,124,248,310,198,382,121,197
156,82,45,20,118,31,121,49,40,54,116,135,243,76,61,63,93,237,120,13,55,125,67,48,70,21,68,54,59,155,202,374,78,112,32,134,102,21,78,150,96,27,85,39,98,128,70,110,47,80
368,276,127,45,355,73,318,102,109,136,294,370,619,208,155,174,228,594,309,43,179,332,183,153,207,68,126,153,161,398,514,963,201,298,67,325,291,75,183,359,224,72,259,130,275,336,193,349,127,211
276,190,89,49,260,57,235,77,75,115,206,282,414,145,120,139,162,462,225,33,120,235,146,89,158,54,153,54,127,300,375,626,112,216,49,228,249,34,125,254,150,49,168,108,194,207,166,258,79,166
280,193,116,43,264,67,275,85,89,124,206,277,478,159,138,123,189,437,253,25,128,267,152,98,155,59,161,127,61,300,364,714,145,227,42,249,228,43,133,281,178,41,165,92,207,250,141,282,99,182
609,538,230,100,670,139,620,177,194,263,541,685,1161,395,297,319,481,1126,615,79,365,636,365,234,381,155,398,300,300,377,977,1847,364,611,152,612,620,109,314,674,410,114,487,256,501,585,396,700,259,417
682,646,282,116,742,173,728,233,240,307,636,869,1376,473,386,408,558,1396,770,90,429,739,447,297,451,202,514,375,364,977,576,2132,424,709,175,828,713,133,372,794,511,156,577,272,551,711,504,788,270,504
1136,1219,571,206,1464,282,1362,398,437,537,1116,1601,2437,920,724,787,984,2523,1397,187,750,1460,834,541,916,374,963,626,714,1847,2132,1947,784,1301,323,1479,1358,238,711,1501,940,287,1028,530,1133,1313,912,1378,503,933
269,246,110,41,291,64,270,84,81,90,222,327,514,197,157,168,233,491,286,36,151,278,152,122,188,78,201,112,145,364,424,784,69,268,68,302,273,39,138,277,175,56,199,100,225,235,171,243,115,190
486,426,191,88,435,99,453,140,171,184,393,504,836,327,254,269,358,867,485,64,239,461,291,194,288,112,298,216,227,611,709,1301,268,235,112,538,480,88,234,476,296,89,379,169,358,427,303,500,170,330
103,101,44,19,119,27,114,31,42,44,101,123,216,78,55,61,80,204,121,18,61,121,62,49,62,32,67,49,42,152,175,323,68,112,12,119,111,16,54,143,78,21,78,34,77,116,61,112,47,76
490,472,208,103,554,126,536,177,169,200,418,581,955,337,300,281,367,980,546,66,276,548,300,206,341,134,325,228,249,612,828,1479,302,538,119,245,508,76,259,585,382,128,444,186,434,520,325,529,225,331
497,398,181,81,459,95,419,141,173,191,396,529,849,304,263,296,337,831,514,50,269,480,262,202,311,102,291,249,228,620,713,1358,273,480,111,508,223,83,235,494,319,97,341,181,369,426,306,510,169,307
81,68,35,12,108,17,77,13,17,40,81,110,155,51,47,57,61,151,79,17,51,75,57,36,51,21,75,34,43,109,133,238,39,88,16,76,83,6,46,78,71,22,59,20,72,73,38,102,33,59
239,211,97,41,250,60,269,66,80,89,211,272,452,181,134,135,172,460,230,28,143,277,175,98,171,78,183,125,133,314,372,711,138,234,54,259,235,46,62,266,189,57,189,87,224,219,172,273,98,189
452,464,235,83,544,102,522,149,178,191,454,610,984,347,295,311,368,989,604,59,277,558,301,227,380,150,359,254,281,674,794,1501,277,476,143,585,494,78,266,296,347,115,388,204,425,525,323,552,202,347
320,290,135,51,336,82,330,77,106,139,286,386,604,230,169,210,261,622,338,38,159,359,198,139,235,96,224,150,178,410,511,940,175,296,78,382,319,71,189,347,98,80,272,131,287,308,214,390,120,218
119,82,36,19,94,26,110,32,33,48,98,115,183,52,54,52,83,170,102,7,53,102,59,38,47,27,72,49,41,114,156,287,56,89,21,128,97,22,57,115,80,11,79,41,63,93,60,110,30,70
380,344,170,62,388,78,366,130,129,155,311,430,643,259,204,233,282,662,379,47,249,402,195,159,269,85,259,168,165,487,577,1028,199,379,78,444,341,59,189,388,272,79,135,142,328,355,225,431,136,256
195,165,76,32,200,39,186,66,55,76,165,239,323,109,104,111,144,293,203,22,97,202,122,63,124,39,130,108,92,256,272,530,100,169,34,186,181,20,87,204,131,41,142,36,160,184,125,219,75,138
458,359,164,77,398,82,387,139,151,164,358,424,716,266,212,265,326,714,412,45,205,369,214,163,248,98,275,194,207,501,551,1133,225,358,77,434,369,72,224,425,287,63,328,160,164,390,236,437,124,272
437,429,191,85,461,111,458,151,143,180,400,515,852,325,246,246,354,818,466,56,299,494,289,204,310,128,336,207,250,585,711,1313,235,427,116,520,426,73,219,525,308,93,355,184,390,201,302,447,142,332
357,241,111,57,320,67,331,110,99,138,243,390,582,212,182,203,250,582,287,32,172,322,187,114,198,70,193,166,141,396,504,912,171,303,61,325,306,38,172,323,214,60,225,125,236,302,110,360,134,210
481,483,192,90,519,104,513,174,191,233,475,605,907,326,293,316,389,965,531,68,259,513,289,212,382,110,349,258,282,700,788,1378,243,500,112,529,510,102,273,552,390,110,431,219,437,447,360,257,174,407
193,171,90,26,187,34,189,53,66,78,141,195,359,119,104,125,128,367,195,23,101,185,110,63,121,47,127,79,99,259,270,503,115,170,47,225,169,33,98,202,120,30,136,75,124,142,134,174,42,129
347,279,136,59,342,80,323,131,115,133,280,407,583,223,173,195,256,602,316,31,206,342,195,144,197,80,211,166,182,417,504,933,190,330,76,331,307,59,189,347,218,70,256,138,272,332,210,407,129,125
