264,457,226,103,504,118,474,201,179,280,479,518,813,372,314,330,387,837,484,65,344,477,359,215,385,140,356,283,309,586,741,1145,244,470,109,506,523,74,263,491,271,106,380,182,448,406,325,491,162,381
457,181,196,81,424,121,398,141,152,181,372,471,763,293,209,249,334,726,428,64,214,466,254,160,280,119,277,180,237,516,683,1175,215,392,89,476,423,73,219,450,296,79,333,169,335,389,266,418,163,277
226,196,37,45,193,57,232,54,66,83,180,210,386,134,109,98,152,376,224,18,111,231,109,78,127,48,130,81,79,261,332,602,117,201,52,231,214,31,105,237,126,26,159,62,154,185,111,252,95,127
103,81,45,11,81,18,93,16,30,31,65,89,129,59,44,48,57,139,88,11,74,85,54,31,48,30,69,41,47,105,124,221,51,72,13,86,79,16,29,76,58,22,70,39,71,59,56,89,24,62
504,424,193,81,250,98,510,157,188,225,418,598,910,316,267,280,360,916,496,61,299,541,284,203,342,135,361,237,288,639,833,1441,273,460,115,554,456,95,266,535,348,99,362,190,429,490,351,537,195,360
118,121,57,18,98,13,109,31,34,43,104,134,167,78,65,74,78,171,113,13,84,109,66,45,86,40,81,54,66,141,148,276,61,100,26,115,101,19,42,106,77,30,90,43,96,121,68,111,44,83
474,398,232,93,510,109,219,145,163,189,415,539,774,313,263,292,317,808,474,69,286,504,302,176,311,138,321,219,249,589,738,1301,254,428,110,490,445,78,222,468,302,96,355,184,372,461,298,513,178,361
201,141,54,16,157,31,145,21,55,71,129,167,275,106,65,99,110,239,154,18,74,168,78,60,94,35,83,78,65,199,244,424,77,124,25,151,158,25,78,182,93,31,111,72,116,152,94,158,50,107
179,152,66,30,188,34,163,55,27,67,136,188,319,105,88,80,116,312,163,13,90,149,81,66,101,39,113,72,91,218,245,422,84,172,37,190,148,24,66,166,122,34,166,52,122,125,93,179,52,111
280,181,83,31,225,43,189,71,67,58,176,226,371,146,102,126,159,357,201,29,116,221,132,86,142,59,141,105,106,269,327,516,93,216,48,232,198,28,109,193,117,44,169,72,162,165,139,182,79,148
479,372,180,65,418,104,415,129,136,176,193,500,732,273,203,223,298,735,435,48,250,427,240,148,300,121,313,213,218,532,648,1153,197,395,99,475,403,74,226,434,264,98,327,172,375,343,249,411,153,316
518,471,210,89,598,134,539,167,188,226,500,304,1014,355,284,305,380,1066,616,59,308,618,310,214,352,106,352,262,271,677,879,1560,325,558,126,565,504,100,283,653,396,121,417,234,461,536,363,593,205,352
813,763,386,129,910,167,774,275,319,371,732,1014,826,602,454,489,667,1520,921,120,536,934,514,336,581,234,578,403,461,1147,1403,2505,512,807,195,926,829,160,421,992,623,175,707,339,659,848,538,903,331,626
372,293,134,59,316,78,313,106,105,146,273,355,602,107,181,184,207,603,325,46,181,339,192,115,225,73,211,158,159,429,485,952,188,303,87,336,301,49,175,344,234,49,233,124,275,294,184,335,128,209
314,209,109,44,267,65,263,65,88,102,203,284,454,181,69,119,191,465,255,29,165,273,165,112,175,69,159,121,136,326,406,753,148,251,62,279,248,36,142,304,174,53,218,101,231,241,178,329,103,190
330,249,98,48,280,74,292,99,80,126,223,305,489,184,119,72,211,503,256,27,150,289,175,109,184,78,172,147,141,335,446,801,159,267,60,289,252,53,164,327,173,61,253,127,229,239,189,335,98,218
387,334,152,57,360,78,317,110,116,159,298,380,667,207,191,211,118,683,339,36,215,381,188,116,253,88,221,183,188,493,547,1008,213,319,96,400,347,59,183,400,233,69,287,125,304,358,264,394,141,239
837,726,376,139,916,171,808,239,312,357,735,1066,1520,603,465,503,683,824,921,117,530,931,504,352,589,223,587,405,470,1162,1377,2505,487,821,183,968,820,169,405,947,599,177,693,334,689,804,519,928,330,635
484,428,224,88,496,113,474,154,163,201,435,616,921,325,255,256,339,921,231,74,261,477,300,197,359,109,310,208,241,635,749,1471,282,445,122,509,469,78,250,534,324,91,385,187,429,479,331,497,198,340
65,64,18,11,61,13,69,18,13,29,48,59,120,46,29,27,36,117,74,4,36,65,37,24,40,13,34,29,27,85,109,191,43,53,11,48,54,6,37,70,48,19,43,27,63,55,52,66,23,46
344,214,111,74,299,84,286,74,90,116,250,308,536,181,165,150,215,530,261,36,74,286,169,123,207,72,187,135,152,336,457,773,158,275,53,281,283,52,149,301,164,55,225,100,234,251,192,313,116,200
477,466,231,85,541,109,504,168,149,221,427,618,934,339,273,289,381,931,477,65,286,247,281,202,339,127,327,228,257,670,740,1473,288,454,130,539,485,77,253,569,349,106,412,177,418,466,318,541,174,334
359,254,109,54,284,66,302,78,81,132,240,310,514,192,165,175,188,504,300,37,169,281,76,121,191,71,182,141,168,380,466,831,165,260,68,310,274,45,146,305,201,67,232,119,244,280,191,322,120,191
215,160,78,31,203,45,176,60,66,86,148,214,336,115,112,109,116,352,197,24,123,202,121,25,137,47,141,89,100,248,297,531,114,201,50,196,179,29,98,193,153,34,156,73,153,183,140,189,84,119
385,280,127,48,342,86,311,94,101,142,300,352,581,225,175,184,253,589,359,40,207,339,191,137,109,69,207,152,164,396,503,964,174,289,75,364,315,52,135,357,206,68,281,110,265,328,217,334,123,213
140,119,48,30,135,40,138,35,39,59,121,106,234,73,69,78,88,223,109,13,72,127,71,47,69,12,74,61,58,146,183,371,75,116,27,125,135,15,63,142,77,25,96,43,93,130,70,146,55,94
356,277,130,69,361,81,321,83,113,141,313,352,578,211,159,172,221,587,310,34,187,327,182,141,207,74,107,156,163,389,500,938,179,313,87,352,302,52,151,378,211,68,242,110,278,314,199,364,124,228
283,180,81,41,237,54,219,78,72,105,213,262,403,158,121,147,183,405,208,29,135,228,141,89,152,61,156,52,100,283,369,671,130,212,48,234,242,45,131,223,141,41,191,62,195,207,145,278,83,175
309,237,79,47,288,66,249,65,91,106,218,271,461,159,136,141,188,470,241,27,152,257,168,100,164,58,163,100,61,324,370,722,148,231,42,274,238,41,127,283,169,50,185,100,208,240,156,260,102,170
586,516,261,105,639,141,589,199,218,269,532,677,1147,429,326,335,493,1162,635,85,336,670,380,248,396,146,389,283,324,416,985,1851,369,584,121,653,559,102,302,679,427,129,449,252,493,605,436,665,238,456
741,683,332,124,833,148,738,244,245,327,648,879,1403,485,406,446,547,1377,749,109,457,740,466,297,503,183,500,369,370,985,554,2142,408,700,167,805,721,124,385,807,568,152,608,282,610,703,471,761,278,510
1145,1175,602,221,1441,276,1301,424,422,516,1153,1560,2505,952,753,801,1008,2505,1471,191,773,1473,831,531,964,371,938,671,722,1851,2142,1959,746,1345,322,1520,1286,235,660,1503,948,309,1044,522,1097,1249,907,1401,518,874
244,215,117,51,273,61,254,77,84,93,197,325,512,188,148,159,213,487,282,43,158,288,165,114,174,75,179,130,148,369,408,746,85,252,64,277,273,52,123,292,190,48,209,88,222,221,180,277,100,157
470,392,201,72,460,100,428,124,172,216,395,558,807,303,251,267,319,821,445,53,275,454,260,201,289,116,313,212,231,584,700,1345,252,209,103,488,457,85,212,492,283,89,367,168,396,385,292,513,184,333
109,89,52,13,115,26,110,25,37,48,99,126,195,87,62,60,96,183,122,11,53,130,68,50,75,27,87,48,42,121,167,322,64,103,12,140,99,22,55,122,93,26,74,34,99,106,67,113,47,83
506,476,231,86,554,115,490,151,190,232,475,565,926,336,279,289,400,968,509,48,281,539,310,196,364,125,352,234,274,653,805,1520,277,488,140,262,469,81,256,619,339,95,429,201,388,490,344,562,202,344
523,423,214,79,456,101,445,158,148,198,403,504,829,301,248,252,347,820,469,54,283,485,274,179,315,135,302,242,238,559,721,1286,273,457,99,469,207,87,199,518,290,91,332,189,354,419,301,491,166,328
74,73,31,16,95,19,78,25,24,28,74,100,160,49,36,53,59,169,78,6,52,77,45,29,52,15,52,45,41,102,124,235,52,85,22,81,87,10,41,92,60,23,61,31,62,76,53,77,39,53
263,219,105,29,266,42,222,78,66,109,226,283,421,175,142,164,183,405,250,37,149,253,146,98,135,63,151,131,127,302,385,660,123,212,55,256,199,41,68,275,164,48,198,100,203,236,169,257,91,167
491,450,237,76,535,106,468,182,166,193,434,653,992,344,304,327,400,947,534,70,301,569,305,193,357,142,378,223,283,679,807,1503,292,492,122,619,518,92,275,270,376,112,414,181,456,478,314,532,202,358
271,296,126,58,348,77,302,93,122,117,264,396,623,234,174,173,233,599,324,48,164,349,201,153,206,77,211,141,169,427,568,948,190,283,93,339,290,60,164,376,123,65,249,140,273,293,212,354,137,224
106,79,26,22,99,30,96,31,34,44,98,121,175,49,53,61,69,177,91,19,55,106,67,34,68,25,68,41,50,129,152,309,48,89,26,95,91,23,48,112,65,10,67,37,78,93,61,96,39,81
380,333,159,70,362,90,355,111,166,169,327,417,707,233,218,253,287,693,385,43,225,412,232,156,281,96,242,191,185,449,608,1044,209,367,74,429,332,61,198,414,249,67,155,132,316,342,252,351,144,254
182,169,62,39,190,43,184,72,52,72,172,234,339,124,101,127,125,334,187,27,100,177,119,73,110,43,110,62,100,252,282,522,88,168,34,201,189,31,100,181,140,37,132,37,156,173,112,196,72,129
448,335,154,71,429,96,372,116,122,162,375,461,659,275,231,229,304,689,429,63,234,418,244,153,265,93,278,195,208,493,610,1097,222,396,99,388,354,62,203,456,273,78,316,156,154,373,260,435,153,259
406,389,185,59,490,121,461,152,125,165,343,536,848,294,241,239,358,804,479,55,251,466,280,183,328,130,314,207,240,605,703,1249,221,385,106,490,419,76,236,478,293,93,342,173,373,186,281,509,160,331
325,266,111,56,351,68,298,94,93,139,249,363,538,184,178,189,264,519,331,52,192,318,191,140,217,70,199,145,156,436,471,907,180,292,67,344,301,53,169,314,212,61,252,112,260,281,102,342,104,222
491,418,252,89,537,111,513,158,179,182,411,593,903,335,329,335,394,928,497,66,313,541,322,189,334,146,364,278,260,665,761,1401,277,513,113,562,491,77,257,532,354,96,351,196,435,509,342,296,199,330
162,163,95,24,195,44,178,50,52,79,153,205,331,128,103,98,141,330,198,23,116,174,120,84,123,55,124,83,102,238,278,518,100,184,47,202,166,39,91,202,137,39,144,72,153,160,104,199,32,127
381,277,127,62,360,83,361,107,111,148,316,352,626,209,190,218,239,635,340,46,200,334,191,119,213,94,228,175,170,456,510,874,157,333,83,344,328,53,167,358,224,81,254,129,259,331,222,330,127,124
