281,449,201,97,525,104,498,177,189,258,464,510,834,364,341,354,379,844,525,70,330,522,356,197,371,148,367,291,296,645,709,1224,240,475,111,533,485,73,249,441,310,108,378,175,418,451,324,536,170,380
449,178,187,61,450,74,403,130,146,163,372,513,801,256,238,236,299,778,405,54,237,440,286,187,272,120,310,183,197,512,677,1239,244,393,108,430,422,67,212,457,255,81,340,157,359,431,276,495,166,298
201,187,41,30,207,46,216,60,73,86,179,235,368,139,108,107,147,388,199,20,122,201,124,77,136,55,130,83,116,238,315,584,117,157,47,191,174,32,98,224,124,35,159,82,162,173,125,208,80,135
97,61,30,3,91,11,73,28,33,33,69,86,145,60,37,45,57,149,86,7,51,82,48,32,48,26,60,37,45,103,143,220,41,64,16,86,73,13,44,94,48,17,74,33,61,78,50,89,31,61
525,450,207,91,269,119,467,146,179,195,420,596,982,330,295,306,367,932,487,49,278,506,308,194,306,115,323,237,241,619,759,1471,296,457,123,545,467,71,240,547,301,100,393,199,415,470,319,546,201,360
104,74,46,11,119,7,96,37,34,42,95,127,191,82,55,66,83,202,113,12,70,117,68,33,66,37,75,40,62,127,183,288,51,100,22,117,100,20,69,98,71,19,73,36,74,103,77,135,32,79
498,403,216,73,467,96,238,156,145,201,415,527,818,311,260,268,362,845,516,70,295,497,299,203,312,114,303,227,239,635,764,1286,249,435,110,504,442,78,259,498,328,89,373,171,374,478,318,517,184,346
177,130,60,28,146,37,156,28,43,62,124,178,272,106,89,94,107,282,150,16,89,169,100,72,92,38,91,76,80,181,240,404,73,126,38,151,156,28,82,160,99,28,119,52,124,137,90,165,58,129
189,146,73,33,179,34,145,43,25,72,123,168,280,104,72,98,135,265,150,28,89,155,79,62,99,40,94,79,75,215,269,478,91,143,33,186,150,29,70,175,119,27,133,68,119,148,84,184,64,120
258,163,86,33,195,42,201,62,72,36,149,216,374,149,119,124,162,360,218,28,124,208,121,84,135,52,129,106,107,255,285,560,114,172,37,222,221,27,117,218,131,36,154,75,172,174,116,198,80,146
464,372,179,69,420,95,415,124,123,149,177,479,789,295,237,252,298,771,399,56,231,420,270,180,251,107,277,199,228,536,582,1144,221,398,107,470,395,65,226,449,274,81,311,169,373,389,257,422,145,309
510,513,235,86,596,127,527,178,168,216,479,343,1031,361,282,315,397,991,563,61,293,578,303,229,361,136,423,250,223,693,873,1561,309,525,127,581,535,101,291,654,412,112,429,203,411,554,337,549,212,367
834,801,368,145,982,191,818,272,280,374,789,1031,845,553,480,547,635,1524,913,122,481,915,516,327,630,226,624,401,430,1168,1378,2472,491,876,191,955,844,179,479,946,625,163,697,335,688,870,608,943,312,617
364,256,139,60,330,82,311,106,104,149,295,361,553,117,179,174,226,574,345,44,190,309,210,128,202,72,203,146,169,389,500,891,168,281,78,339,304,50,149,361,210,71,261,133,276,278,201,377,132,238
341,238,108,37,295,55,260,89,72,119,237,282,480,179,63,138,177,447,284,31,146,255,141,95,150,65,157,130,143,294,370,757,144,245,60,291,262,45,138,272,183,65,217,92,200,211,156,300,96,175
354,236,107,45,306,66,268,94,98,124,252,315,547,174,138,68,214,512,285,34,149,305,168,121,187,69,167,133,147,316,446,807,179,263,64,297,288,45,142,304,175,55,233,92,234,242,170,301,117,170
379,299,147,57,367,83,362,107,135,162,298,397,635,226,177,214,129,668,336,50,188,364,209,140,218,78,239,158,177,459,548,999,187,334,90,379,337,64,167,388,257,82,268,138,278,340,212,393,145,249
844,778,388,149,932,202,845,282,265,360,771,991,1524,574,447,512,668,850,912,100,489,927,551,354,627,245,611,432,418,1160,1327,2489,518,868,196,1017,812,168,466,935,600,208,725,339,700,847,580,934,311,617
525,405,199,86,487,113,516,150,150,218,399,563,913,345,284,285,336,912,234,68,294,476,293,220,315,130,347,235,278,604,717,1434,280,472,114,532,481,84,229,524,294,95,393,184,419,496,301,527,180,391
70,54,20,7,49,12,70,16,28,28,56,61,122,44,31,34,50,100,68,0,32,87,34,24,32,11,39,26,39,83,113,189,32,45,9,71,66,8,34,67,40,11,54,20,41,65,35,78,26,41
330,237,122,51,278,70,295,89,89,124,231,293,481,190,146,149,188,489,294,32,73,290,164,115,178,72,184,136,133,324,461,787,145,265,67,273,264,45,145,296,192,52,207,106,217,273,166,284,107,192
522,440,201,82,506,117,497,169,155,208,420,578,915,309,255,305,364,927,476,87,290,255,303,216,329,108,315,245,263,639,748,1359,257,484,109,558,488,84,230,541,338,99,414,185,409,473,300,549,184,386
356,286,124,48,308,68,299,100,79,121,270,303,516,210,141,168,209,551,293,34,164,303,80,136,174,88,216,140,155,354,395,785,164,251,70,299,294,40,142,307,225,60,225,121,261,286,182,315,89,181
197,187,77,32,194,33,203,72,62,84,180,229,327,128,95,121,140,354,220,24,115,216,136,45,147,53,129,105,100,235,282,559,95,199,56,221,193,46,91,211,132,45,151,81,166,160,144,206,84,111
371,272,136,48,306,66,312,92,99,135,251,361,630,202,150,187,218,627,315,32,178,329,174,147,106,72,198,142,159,446,491,956,193,299,74,345,324,50,166,339,222,65,230,121,264,314,198,332,109,234
148,120,55,26,115,37,114,38,40,52,107,136,226,72,65,69,78,245,130,11,72,108,88,53,72,13,81,65,61,150,182,354,69,141,29,127,122,21,66,149,92,28,99,46,104,148,91,137,66,75
367,310,130,60,323,75,303,91,94,129,277,423,624,203,157,167,239,611,347,39,184,315,216,129,198,81,105,164,158,409,506,982,190,315,83,358,328,53,150,342,213,68,263,121,243,334,211,355,141,235
291,183,83,37,237,40,227,76,79,106,199,250,401,146,130,133,158,432,235,26,136,245,140,105,142,65,164,49,126,297,345,669,131,244,53,237,228,36,119,243,169,40,204,69,202,210,127,248,82,178
296,197,116,45,241,62,239,80,75,107,228,223,430,169,143,147,177,418,278,39,133,263,155,100,159,61,158,126,70,337,387,675,146,218,44,241,218,41,135,260,180,57,208,93,211,214,183,257,77,173
645,512,238,103,619,127,635,181,215,255,536,693,1168,389,294,316,459,1160,604,83,324,639,354,235,446,150,409,297,337,364,999,1880,322,568,134,698,567,103,327,662,381,138,476,241,540,582,425,695,210,435
709,677,315,143,759,183,764,240,269,285,582,873,1378,500,370,446,548,1327,717,113,461,748,395,282,491,182,506,345,387,999,536,2108,389,714,182,847,714,133,370,742,495,127,572,257,568,685,446,799,276,521
1224,1239,584,220,1471,288,1286,404,478,560,1144,1561,2472,891,757,807,999,2489,1434,189,787,1359,785,559,956,354,982,669,675,1880,2108,1941,737,1350,340,1526,1259,243,702,1425,1004,287,1062,534,1051,1308,889,1465,514,972
240,244,117,41,296,51,249,73,91,114,221,309,491,168,144,179,187,518,280,32,145,257,164,95,193,69,190,131,146,322,389,737,81,254,69,295,246,47,141,277,201,65,212,97,220,240,192,272,96,202
475,393,157,64,457,100,435,126,143,172,398,525,876,281,245,263,334,868,472,45,265,484,251,199,299,141,315,244,218,568,714,1350,254,213,103,507,420,74,228,489,322,93,384,180,371,432,292,501,163,325
111,108,47,16,123,22,110,38,33,37,107,127,191,78,60,64,90,196,114,9,67,109,70,56,74,29,83,53,44,134,182,340,69,103,13,119,102,19,54,141,85,28,95,49,97,111,75,128,51,87
533,430,191,86,545,117,504,151,186,222,470,581,955,339,291,297,379,1017,532,71,273,558,299,221,345,127,358,237,241,698,847,1526,295,507,119,284,462,76,260,573,370,102,389,190,426,483,314,577,193,371
485,422,174,73,467,100,442,156,150,221,395,535,844,304,262,288,337,812,481,66,264,488,294,193,324,122,328,228,218,567,714,1259,246,420,102,462,236,83,221,505,333,101,364,207,380,440,319,460,180,297
73,67,32,13,71,20,78,28,29,27,65,101,179,50,45,45,64,168,84,8,45,84,40,46,50,21,53,36,41,103,133,243,47,74,19,76,83,4,29,92,52,18,70,33,72,75,51,97,35,44
249,212,98,44,240,69,259,82,70,117,226,291,479,149,138,142,167,466,229,34,145,230,142,91,166,66,150,119,135,327,370,702,141,228,54,260,221,29,54,279,156,46,194,95,182,217,152,276,100,182
441,457,224,94,547,98,498,160,175,218,449,654,946,361,272,304,388,935,524,67,296,541,307,211,339,149,342,243,260,662,742,1425,277,489,141,573,505,92,279,279,343,92,414,207,410,453,340,577,197,336
310,255,124,48,301,71,328,99,119,131,274,412,625,210,183,175,257,600,294,40,192,338,225,132,222,92,213,169,180,381,495,1004,201,322,85,370,333,52,156,343,89,56,277,118,283,344,219,383,144,210
108,81,35,17,100,19,89,28,27,36,81,112,163,71,65,55,82,208,95,11,52,99,60,45,65,28,68,40,57,138,127,287,65,93,28,102,101,18,46,92,56,4,80,37,97,93,63,94,55,67
378,340,159,74,393,73,373,119,133,154,311,429,697,261,217,233,268,725,393,54,207,414,225,151,230,99,263,204,208,476,572,1062,212,384,95,389,364,70,194,414,277,80,152,163,348,334,236,376,135,254
175,157,82,33,199,36,171,52,68,75,169,203,335,133,92,92,138,339,184,20,106,185,121,81,121,46,121,69,93,241,257,534,97,180,49,190,207,33,95,207,118,37,163,39,151,169,112,194,78,132
418,359,162,61,415,74,374,124,119,172,373,411,688,276,200,234,278,700,419,41,217,409,261,166,264,104,243,202,211,540,568,1051,220,371,97,426,380,72,182,410,283,97,348,151,181,365,278,411,151,275
451,431,173,78,470,103,478,137,148,174,389,554,870,278,211,242,340,847,496,65,273,473,286,160,314,148,334,210,214,582,685,1308,240,432,111,483,440,75,217,453,344,93,334,169,365,224,274,490,165,326
324,276,125,50,319,77,318,90,84,116,257,337,608,201,156,170,212,580,301,35,166,300,182,144,198,91,211,127,183,425,446,889,192,292,75,314,319,51,152,340,219,63,236,112,278,274,93,346,126,201
536,495,208,89,546,135,517,165,184,198,422,549,943,377,300,301,393,934,527,78,284,549,315,206,332,137,355,248,257,695,799,1465,272,501,128,577,460,97,276,577,383,94,376,194,411,490,346,252,201,370
170,166,80,31,201,32,184,58,64,80,145,212,312,132,96,117,145,311,180,26,107,184,89,84,109,66,141,82,77,210,276,514,96,163,51,193,180,35,100,197,144,55,135,78,151,165,126,201,40,135
380,298,135,61,360,79,346,129,120,146,309,367,617,238,175,170,249,617,391,41,192,386,181,111,234,75,235,178,173,435,521,972,202,325,87,371,297,44,182,336,210,67,254,132,275,326,201,370,135,113
