281,476,220,95,496,126,496,190,179,249,443,503,829,355,308,365,367,839,516,76,311,524,349,248,384,152,383,290,305,634,691,1147,233,449,97,535,498,93,271,466,319,100,378,186,457,424,346,467,162,405
476,167,163,75,453,99,415,141,140,203,384,466,814,299,219,212,303,841,413,63,239,463,265,184,270,117,289,181,207,554,678,1260,241,401,114,445,397,74,218,449,287,94,334,150,384,418,300,420,176,277
220,163,30,36,205,32,190,54,61,87,178,212,370,130,107,116,150,369,182,25,93,180,135,102,116,59,133,98,93,250,328,574,113,190,36,217,187,32,92,224,129,34,132,80,158,185,121,206,75,131
95,75,36,6,93,21,79,27,24,36,68,103,145,55,48,52,64,141,85,15,51,106,55,27,68,25,64,42,58,108,129,208,45,93,24,95,79,14,37,69,48,20,53,26,77,66,55,79,24,51
496,453,205,93,270,127,495,159,169,198,445,588,910,338,275,298,381,937,461,72,270,502,315,204,360,123,322,246,242,635,767,1432,287,488,127,576,479,96,255,551,350,99,410,195,395,479,322,507,209,333
126,99,32,21,127,12,102,35,39,52,117,134,187,86,59,69,78,199,110,15,54,107,68,40,92,34,74,61,70,141,155,292,64,117,31,112,90,26,50,112,60,26,80,43,96,105,93,92,34,68
496,415,190,79,495,102,204,157,157,211,421,542,852,329,237,256,368,836,500,63,225,479,293,193,317,119,310,203,254,597,712,1280,255,458,94,495,438,79,244,462,314,96,348,157,372,433,308,438,160,329
190,141,54,27,159,35,157,19,47,66,131,191,288,111,80,79,105,280,143,15,86,136,95,74,91,41,108,67,93,190,223,440,89,126,29,168,144,22,71,150,103,32,116,61,136,144,96,152,55,109
179,140,61,24,169,39,157,47,29,53,131,173,309,104,85,98,123,299,128,19,87,145,87,70,122,43,114,83,87,179,258,448,82,156,33,179,139,29,90,161,121,41,121,54,126,151,92,148,59,108
249,203,87,36,198,52,211,66,53,44,179,242,378,136,113,116,146,373,214,23,105,221,124,89,158,68,146,114,89,256,317,530,114,194,48,209,195,28,102,211,120,42,167,67,170,201,124,230,66,141
443,384,178,68,445,117,421,131,131,179,190,502,753,282,248,230,282,788,446,42,251,431,259,170,294,119,290,232,205,518,626,1153,233,383,89,451,392,73,231,439,277,92,329,166,340,370,258,439,144,258
503,466,212,103,588,134,542,191,173,242,502,298,1066,362,319,341,439,1099,636,77,273,570,317,244,349,146,375,252,265,741,869,1547,296,540,129,638,529,94,278,636,365,128,432,199,474,489,344,574,222,376
829,814,370,145,910,187,852,288,309,378,753,1066,811,579,470,544,658,1483,924,107,518,919,525,344,571,233,628,429,432,1178,1314,2426,497,820,217,975,831,157,444,942,593,190,712,363,707,840,570,917,329,598
355,299,130,55,338,86,329,111,104,136,282,362,579,111,189,182,219,566,322,38,162,343,204,148,221,70,224,162,145,402,493,893,171,325,65,330,301,51,177,357,241,61,243,120,272,312,193,352,112,206
308,219,107,48,275,59,237,80,85,113,248,319,470,189,64,131,175,436,252,40,161,278,151,116,172,65,172,116,147,324,367,730,135,246,53,259,259,38,142,291,167,73,206,96,231,256,169,281,105,160
365,212,116,52,298,69,256,79,98,116,230,341,544,182,131,66,205,496,289,37,163,313,165,105,179,61,174,127,114,349,409,793,152,245,59,297,246,55,138,281,162,70,209,90,221,262,163,307,117,182
367,303,150,64,381,78,368,105,123,146,282,439,658,219,175,205,129,632,338,38,193,359,221,126,230,88,257,196,184,429,552,1017,191,314,73,370,341,71,189,359,257,73,297,142,289,362,237,399,137,238
839,841,369,141,937,199,836,280,299,373,788,1099,1483,566,436,496,632,767,914,109,544,927,531,348,604,230,647,438,443,1083,1329,2351,532,858,213,972,836,149,436,923,582,196,682,341,720,814,534,854,337,605
516,413,182,85,461,110,500,143,128,214,446,636,924,322,252,289,338,914,233,52,259,452,308,203,354,125,366,214,265,578,748,1466,291,482,115,533,502,75,246,545,337,107,406,195,421,456,320,528,196,362
76,63,25,15,72,15,63,15,19,23,42,77,107,38,40,37,38,109,52,6,28,47,40,24,44,15,31,21,42,69,74,185,41,71,14,63,66,3,27,61,41,12,52,19,44,50,45,54,22,41
311,239,93,51,270,54,225,86,87,105,251,273,518,162,161,163,193,544,259,28,67,274,181,127,176,70,184,120,140,368,404,863,178,244,69,295,260,49,132,315,178,64,228,93,224,287,170,295,126,188
524,463,180,106,502,107,479,136,145,221,431,570,919,343,278,313,359,927,452,47,274,252,334,207,389,142,377,227,295,612,754,1458,282,467,108,552,516,84,249,536,334,100,436,209,419,465,355,531,194,383
349,265,135,55,315,68,293,95,87,124,259,317,525,204,151,165,221,531,308,40,181,334,91,127,188,70,196,147,170,345,463,811,151,259,67,302,277,49,158,338,200,87,223,114,265,276,184,320,112,226
248,184,102,27,204,40,193,74,70,89,170,244,344,148,116,105,126,348,203,24,127,207,127,40,124,54,144,96,84,251,291,556,97,184,49,196,190,34,110,188,114,49,146,87,169,189,117,204,66,130
384,270,116,68,360,92,317,91,122,158,294,349,571,221,172,179,230,604,354,44,176,389,188,124,94,90,210,146,163,412,487,915,163,307,75,347,328,50,190,389,220,86,250,128,259,289,207,328,121,215
152,117,59,25,123,34,119,41,43,68,119,146,233,70,65,61,88,230,125,15,70,142,70,54,90,12,81,63,56,159,199,362,67,118,28,117,119,11,81,144,91,38,115,44,113,111,63,140,44,88
383,289,133,64,322,74,310,108,114,146,290,375,628,224,172,174,257,647,366,31,184,377,196,144,210,81,128,142,156,451,524,961,178,299,86,344,308,47,200,359,216,86,287,113,279,301,173,345,115,234
290,181,98,42,246,61,203,67,83,114,232,252,429,162,116,127,196,438,214,21,120,227,147,96,146,63,142,44,99,291,359,639,130,225,44,260,213,39,112,240,134,40,193,80,190,225,133,250,72,154
305,207,93,58,242,70,254,93,87,89,205,265,432,145,147,114,184,443,265,42,140,295,170,84,163,56,156,99,67,309,397,678,151,255,47,262,243,42,122,269,170,70,189,90,195,221,153,266,90,186
634,554,250,108,635,141,597,190,179,256,518,741,1178,402,324,349,429,1083,578,69,368,612,345,251,412,159,451,291,309,365,972,1702,323,595,166,675,622,80,320,701,431,140,523,241,527,580,372,633,243,419
691,678,328,129,767,155,712,223,258,317,626,869,1314,493,367,409,552,1329,748,74,404,754,463,291,487,199,524,359,397,972,585,2119,417,701,157,788,716,118,391,808,510,162,604,311,602,686,487,830,266,517
1147,1260,574,208,1432,292,1280,440,448,530,1153,1547,2426,893,730,793,1017,2351,1466,185,863,1458,811,556,915,362,961,639,678,1702,2119,1889,716,1371,340,1497,1296,225,656,1480,958,295,1031,541,1077,1299,902,1384,488,934
233,241,113,45,287,64,255,89,82,114,233,296,497,171,135,152,191,532,291,41,178,282,151,97,163,67,178,130,151,323,417,716,74,255,59,298,261,42,147,279,180,49,201,115,194,253,158,272,103,163
449,401,190,93,488,117,458,126,156,194,383,540,820,325,246,245,314,858,482,71,244,467,259,184,307,118,299,225,255,595,701,1371,255,207,103,466,439,84,238,484,310,101,356,151,367,400,309,461,171,297
97,114,36,24,127,31,94,29,33,48,89,129,217,65,53,59,73,213,115,14,69,108,67,49,75,28,86,44,47,166,157,340,59,103,11,123,115,19,62,121,69,16,115,51,86,98,67,129,47,76
535,445,217,95,576,112,495,168,179,209,451,638,975,330,259,297,370,972,533,63,295,552,302,196,347,117,344,260,262,675,788,1497,298,466,123,279,482,103,304,565,357,110,422,192,438,532,338,588,197,357
498,397,187,79,479,90,438,144,139,195,392,529,831,301,259,246,341,836,502,66,260,516,277,190,328,119,308,213,243,622,716,1296,261,439,115,482,230,96,256,465,305,121,367,164,386,415,318,458,183,317
93,74,32,14,96,26,79,22,29,28,73,94,157,51,38,55,71,149,75,3,49,84,49,34,50,11,47,39,42,80,118,225,42,84,19,103,96,9,49,90,47,12,71,22,60,83,42,77,25,50
271,218,92,37,255,50,244,71,90,102,231,278,444,177,142,138,189,436,246,27,132,249,158,110,190,81,200,112,122,320,391,656,147,238,62,304,256,49,49,238,179,64,201,102,227,245,168,255,110,178
466,449,224,69,551,112,462,150,161,211,439,636,942,357,291,281,359,923,545,61,315,536,338,188,389,144,359,240,269,701,808,1480,279,484,121,565,465,90,238,260,327,107,398,194,432,494,325,540,185,343
319,287,129,48,350,60,314,103,121,120,277,365,593,241,167,162,257,582,337,41,178,334,200,114,220,91,216,134,170,431,510,958,180,310,69,357,305,47,179,327,110,69,249,141,257,328,200,302,118,211
100,94,34,20,99,26,96,32,41,42,92,128,190,61,73,70,73,196,107,12,64,100,87,49,86,38,86,40,70,140,162,295,49,101,16,110,121,12,64,107,69,9,100,39,114,100,79,118,45,88
378,334,132,53,410,80,348,116,121,167,329,432,712,243,206,209,297,682,406,52,228,436,223,146,250,115,287,193,189,523,604,1031,201,356,115,422,367,71,201,398,249,100,125,140,314,323,242,392,150,248
186,150,80,26,195,43,157,61,54,67,166,199,363,120,96,90,142,341,195,19,93,209,114,87,128,44,113,80,90,241,311,541,115,151,51,192,164,22,102,194,141,39,140,30,160,180,118,185,85,136
457,384,158,77,395,96,372,136,126,170,340,474,707,272,231,221,289,720,421,44,224,419,265,169,259,113,279,190,195,527,602,1077,194,367,86,438,386,60,227,432,257,114,314,160,166,342,268,401,136,268
424,418,185,66,479,105,433,144,151,201,370,489,840,312,256,262,362,814,456,50,287,465,276,189,289,111,301,225,221,580,686,1299,253,400,98,532,415,83,245,494,328,100,323,180,342,202,289,486,163,323
346,300,121,55,322,93,308,96,92,124,258,344,570,193,169,163,237,534,320,45,170,355,184,117,207,63,173,133,153,372,487,902,158,309,67,338,318,42,168,325,200,79,242,118,268,289,97,373,104,234
467,420,206,79,507,92,438,152,148,230,439,574,917,352,281,307,399,854,528,54,295,531,320,204,328,140,345,250,266,633,830,1384,272,461,129,588,458,77,255,540,302,118,392,185,401,486,373,282,177,347
162,176,75,24,209,34,160,55,59,66,144,222,329,112,105,117,137,337,196,22,126,194,112,66,121,44,115,72,90,243,266,488,103,171,47,197,183,25,110,185,118,45,150,85,136,163,104,177,38,119
405,277,131,51,333,68,329,109,108,141,258,376,598,206,160,182,238,605,362,41,188,383,226,130,215,88,234,154,186,419,517,934,163,297,76,357,317,50,178,343,211,88,248,136,268,323,234,347,119,121
