254,492,216,85,489,104,480,163,160,268,494,542,861,380,326,337,368,841,513,70,301,530,346,217,393,153,356,299,295,611,717,1193,241,475,112,495,510,80,251,522,336,109,390,176,439,416,343,496,162,369
492,181,186,81,455,100,435,131,140,165,404,457,768,283,235,252,321,800,440,53,223,457,259,161,317,96,279,195,212,548,644,1196,249,405,115,432,414,79,218,474,277,92,343,156,356,379,295,493,191,323
216,186,41,37,212,51,207,53,68,88,161,227,385,99,114,114,151,378,196,21,102,211,133,89,156,56,137,86,89,249,304,567,108,177,49,198,183,33,98,227,146,46,139,66,169,191,124,217,81,151
85,81,37,5,67,17,74,23,24,42,73,99,166,52,43,51,58,157,93,15,47,109,66,31,60,16,54,41,43,103,131,216,46,77,23,88,70,14,31,85,58,20,49,22,70,78,69,89,28,65
489,455,212,67,245,109,497,141,171,218,446,561,859,314,263,312,365,920,543,66,282,522,323,196,351,132,357,247,276,631,784,1403,269,474,134,560,473,90,271,553,336,96,391,213,429,486,290,490,196,349
104,100,51,17,109,7,105,35,36,55,99,135,209,71,52,63,82,201,124,18,74,132,68,50,73,36,77,47,63,133,190,296,53,109,27,122,103,7,44,114,84,27,75,45,87,100,77,121,38,71
480,435,207,74,497,105,220,166,176,206,426,537,890,320,245,256,346,906,503,63,249,512,286,186,351,150,351,228,230,577,746,1355,260,470,112,477,431,56,245,544,341,114,362,195,358,439,338,490,175,316
163,131,53,23,141,35,166,17,52,56,134,184,296,106,83,90,119,266,147,21,81,153,82,60,96,38,110,73,73,181,214,416,70,131,31,160,172,27,76,168,87,32,131,58,112,136,97,180,59,111
160,140,68,24,171,36,176,52,26,66,127,212,319,92,81,88,117,310,153,23,85,164,98,58,98,47,106,99,88,233,246,445,95,176,40,177,162,25,84,180,125,36,120,60,109,156,92,180,71,105
268,165,88,42,218,55,206,56,66,45,163,215,384,140,109,118,155,381,212,27,130,195,129,89,169,58,141,103,106,301,305,551,115,183,51,202,171,29,113,207,157,37,163,83,190,159,131,232,79,125
494,404,161,73,446,99,426,134,127,163,183,443,762,283,238,297,305,751,453,57,264,415,271,173,312,96,288,189,214,560,649,1190,234,442,107,488,387,70,215,465,300,88,346,171,358,380,266,437,165,285
542,457,227,99,561,135,537,184,212,215,443,311,1044,368,294,323,450,1020,547,95,286,565,360,201,352,143,352,262,262,729,852,1567,320,575,130,643,549,110,322,579,371,108,445,215,462,548,343,613,205,378
861,768,385,166,859,209,890,296,319,384,762,1044,868,570,519,526,706,1483,922,107,500,948,528,356,592,225,592,402,445,1192,1439,2526,469,876,202,993,879,135,466,984,574,196,670,400,736,883,599,926,337,638
380,283,99,52,314,71,320,106,92,140,283,368,570,95,176,197,239,604,325,42,169,335,211,129,240,81,223,151,155,387,512,870,169,302,85,356,288,55,164,344,225,68,261,118,257,298,206,368,104,235
326,235,114,43,263,52,245,83,81,109,238,294,519,176,75,133,192,488,269,27,144,283,159,104,169,67,167,117,128,346,421,749,143,252,67,267,265,49,138,279,165,65,216,88,219,237,176,305,97,194
337,252,114,51,312,63,256,90,88,118,297,323,526,197,133,66,219,569,298,52,143,308,198,107,229,72,207,126,133,353,444,854,169,278,76,282,257,53,156,304,183,59,243,95,251,261,207,349,127,216
368,321,151,58,365,82,346,119,117,155,305,450,706,239,192,219,129,682,353,41,197,356,227,178,246,94,237,164,195,481,513,1048,209,338,85,365,339,58,192,375,239,84,261,149,302,304,241,401,136,246
841,800,378,157,920,201,906,266,310,381,751,1020,1483,604,488,569,682,790,919,115,513,972,516,372,599,227,614,376,487,1179,1372,2427,477,884,196,943,889,151,443,1001,551,206,688,355,748,846,584,900,325,606
513,440,196,93,543,124,503,147,153,212,453,547,922,325,269,298,353,919,267,55,315,487,296,222,307,126,347,252,268,672,760,1376,248,451,107,514,475,87,256,556,339,99,388,211,420,464,322,538,179,354
70,53,21,15,66,18,63,21,23,27,57,95,107,42,27,52,41,115,55,4,30,61,36,31,30,21,41,37,31,81,87,158,32,55,21,75,60,12,25,62,39,11,54,25,46,59,33,82,18,50
301,223,102,47,282,74,249,81,85,130,264,286,500,169,144,143,197,513,315,30,69,304,161,96,171,67,176,115,137,315,424,831,130,279,71,259,271,44,131,303,176,48,225,113,200,272,167,276,109,214
530,457,211,109,522,132,512,153,164,195,415,565,948,335,283,308,356,972,487,61,304,269,309,204,332,146,356,269,278,616,785,1421,281,507,114,535,481,83,256,545,344,108,379,203,428,503,330,560,190,346
346,259,133,66,323,68,286,82,98,129,271,360,528,211,159,198,227,516,296,36,161,309,101,131,198,89,203,154,150,352,453,826,182,298,72,292,291,48,157,314,189,41,219,112,265,275,193,315,104,213
217,161,89,31,196,50,186,60,58,89,173,201,356,129,104,107,178,372,222,31,96,204,131,34,136,52,121,96,96,263,337,534,106,180,36,223,172,33,113,213,146,42,162,73,139,179,118,233,65,156
393,317,156,60,351,73,351,96,98,169,312,352,592,240,169,229,246,599,307,30,171,332,198,136,123,89,215,151,155,398,536,953,168,334,74,341,333,48,179,366,202,70,248,145,276,299,241,350,132,236
153,96,56,16,132,36,150,38,47,58,96,143,225,81,67,72,94,227,126,21,67,146,89,52,89,19,81,50,60,160,174,382,72,101,38,102,120,22,62,141,60,27,92,60,123,109,101,146,64,82
356,279,137,54,357,77,351,110,106,141,288,352,592,223,167,207,237,614,347,41,176,356,203,121,215,81,110,150,172,430,473,975,172,333,85,292,309,58,177,409,217,81,266,146,263,302,220,352,148,215
299,195,86,41,247,47,228,73,99,103,189,262,402,151,117,126,164,376,252,37,115,269,154,96,151,50,150,54,116,305,379,632,129,231,46,231,219,41,126,244,155,42,164,95,184,216,123,233,91,177
295,212,89,43,276,63,230,73,88,106,214,262,445,155,128,133,195,487,268,31,137,278,150,96,155,60,172,116,73,305,403,719,142,250,46,240,227,46,132,268,174,56,192,94,227,250,174,269,91,162
611,548,249,103,631,133,577,181,233,301,560,729,1192,387,346,353,481,1179,672,81,315,616,352,263,398,160,430,305,305,406,956,1831,379,569,159,684,577,110,316,705,398,122,509,247,489,603,386,695,248,445
717,644,304,131,784,190,746,214,246,305,649,852,1439,512,421,444,513,1372,760,87,424,785,453,337,536,174,473,379,403,956,541,2055,406,701,171,830,764,137,382,832,507,155,629,307,672,687,492,785,279,489
1193,1196,567,216,1403,296,1355,416,445,551,1190,1567,2526,870,749,854,1048,2427,1376,158,831,1421,826,534,953,382,975,632,719,1831,2055,1873,738,1325,326,1510,1311,266,723,1475,886,304,1064,582,1091,1323,935,1389,489,952
241,249,108,46,269,53,260,70,95,115,234,320,469,169,143,169,209,477,248,32,130,281,182,106,168,72,172,129,142,379,406,738,77,280,54,287,264,46,145,293,168,58,224,118,232,247,173,274,83,192
475,405,177,77,474,109,470,131,176,183,442,575,876,302,252,278,338,884,451,55,279,507,298,180,334,101,333,231,250,569,701,1325,280,221,116,500,462,80,223,455,309,89,336,184,403,447,304,478,186,317
112,115,49,23,134,27,112,31,40,51,107,130,202,85,67,76,85,196,107,21,71,114,72,36,74,38,85,46,46,159,171,326,54,116,8,127,107,28,51,109,79,34,82,41,67,109,74,115,47,73
495,432,198,88,560,122,477,160,177,202,488,643,993,356,267,282,365,943,514,75,259,535,292,223,341,102,292,231,240,684,830,1510,287,500,127,272,509,87,277,601,361,106,425,208,407,491,322,544,206,355
510,414,183,70,473,103,431,172,162,171,387,549,879,288,265,257,339,889,475,60,271,481,291,172,333,120,309,219,227,577,764,1311,264,462,107,509,188,59,207,521,304,94,357,170,350,449,311,505,179,340
80,79,33,14,90,7,56,27,25,29,70,110,135,55,49,53,58,151,87,12,44,83,48,33,48,22,58,41,46,110,137,266,46,80,28,87,59,4,45,98,62,18,59,37,59,87,51,72,28,49
251,218,98,31,271,44,245,76,84,113,215,322,466,164,138,156,192,443,256,25,131,256,157,113,179,62,177,126,132,316,382,723,145,223,51,277,207,45,63,274,159,50,210,96,205,231,166,264,107,176
522,474,227,85,553,114,544,168,180,207,465,579,984,344,279,304,375,1001,556,62,303,545,314,213,366,141,409,244,268,705,832,1475,293,455,109,601,521,98,274,295,330,117,404,198,456,532,338,576,193,411
336,277,146,58,336,84,341,87,125,157,300,371,574,225,165,183,239,551,339,39,176,344,189,146,202,60,217,155,174,398,507,886,168,309,79,361,304,62,159,330,112,72,241,120,280,282,192,356,129,241
109,92,46,20,96,27,114,32,36,37,88,108,196,68,65,59,84,206,99,11,48,108,41,42,70,27,81,42,56,122,155,304,58,89,34,106,94,18,50,117,72,12,86,47,99,102,68,113,43,55
390,343,139,49,391,75,362,131,120,163,346,445,670,261,216,243,261,688,388,54,225,379,219,162,248,92,266,164,192,509,629,1064,224,336,82,425,357,59,210,404,241,86,140,136,325,376,261,382,130,269
176,156,66,22,213,45,195,58,60,83,171,215,400,118,88,95,149,355,211,25,113,203,112,73,145,60,146,95,94,247,307,582,118,184,41,208,170,37,96,198,120,47,136,35,176,184,122,182,74,132
439,356,169,70,429,87,358,112,109,190,358,462,736,257,219,251,302,748,420,46,200,428,265,139,276,123,263,184,227,489,672,1091,232,403,67,407,350,59,205,456,280,99,325,176,176,379,281,409,151,284
416,379,191,78,486,100,439,136,156,159,380,548,883,298,237,261,304,846,464,59,272,503,275,179,299,109,302,216,250,603,687,1323,247,447,109,491,449,87,231,532,282,102,376,184,379,199,305,469,181,296
343,295,124,69,290,77,338,97,92,131,266,343,599,206,176,207,241,584,322,33,167,330,193,118,241,101,220,123,174,386,492,935,173,304,74,322,311,51,166,338,192,68,261,122,281,305,106,334,115,215
496,493,217,89,490,121,490,180,180,232,437,613,926,368,305,349,401,900,538,82,276,560,315,233,350,146,352,233,269,695,785,1389,274,478,115,544,505,72,264,576,356,113,382,182,409,469,334,284,171,362
162,191,81,28,196,38,175,59,71,79,165,205,337,104,97,127,136,325,179,18,109,190,104,65,132,64,148,91,91,248,279,489,83,186,47,206,179,28,107,193,129,43,130,74,151,181,115,171,30,134
369,323,151,65,349,71,316,111,105,125,285,378,638,235,194,216,246,606,354,50,214,346,213,156,236,82,215,177,162,445,489,952,192,317,73,355,340,49,176,411,241,55,269,132,284,296,215,362,134,114
