247,492,219,93,519,131,525,167,184,252,454,530,865,382,314,335,388,836,478,82,340,525,347,210,391,173,386,304,332,623,719,1166,256,492,100,524,492,72,237,503,303,101,375,206,462,419,353,567,179,355
492,160,142,78,450,95,418,156,128,174,366,489,750,268,236,250,311,766,461,62,234,466,237,174,266,81,277,210,214,544,702,1287,221,430,91,472,444,61,223,456,301,85,358,173,335,419,290,508,183,316
219,142,38,35,208,53,180,59,62,75,160,213,364,132,103,109,118,386,207,25,117,195,105,80,119,54,128,82,97,264,311,542,123,174,53,204,199,26,104,220,129,34,160,78,169,193,113,205,86,134
93,78,35,5,74,16,85,27,30,36,57,85,146,58,49,55,65,154,78,8,52,83,58,33,63,23,67,42,41,101,117,217,31,88,18,87,93,10,54,64,62,18,57,37,72,66,51,94,28,57
519,450,208,74,280,103,469,154,168,221,436,566,888,325,272,291,365,950,530,63,286,538,322,203,321,117,364,239,242,643,795,1477,292,463,101,570,460,88,253,539,336,113,397,192,387,463,307,537,173,387
131,95,53,16,103,14,91,45,28,39,81,121,197,73,74,85,95,197,111,20,74,103,73,36,85,18,64,54,64,164,173,286,47,110,18,138,128,21,74,100,79,25,74,56,88,98,81,125,37,66
525,418,180,85,469,91,193,164,140,176,378,514,885,293,256,266,364,843,432,60,272,467,277,189,336,124,300,224,272,613,710,1345,279,427,115,524,472,81,267,464,322,89,366,198,376,453,303,507,184,338
167,156,59,27,154,45,164,27,48,78,155,164,281,89,81,73,105,276,144,18,82,174,99,58,101,38,95,73,85,182,236,415,100,148,30,162,130,21,69,164,104,24,111,46,126,141,108,154,63,99
184,128,62,30,168,28,140,48,24,61,145,190,314,108,89,102,113,268,160,18,80,144,102,73,108,40,98,63,93,192,238,496,91,145,37,179,164,23,77,179,90,31,139,64,131,134,112,187,66,123
252,174,75,36,221,39,176,78,61,54,185,232,371,139,104,122,146,373,214,22,105,212,123,84,137,68,162,92,97,265,316,538,111,211,48,211,188,44,104,204,111,49,153,70,155,207,117,190,68,164
454,366,160,57,436,81,378,155,145,185,199,450,736,283,217,250,307,766,437,53,217,423,244,181,277,118,295,189,221,541,648,1148,233,409,84,445,413,75,203,431,244,87,324,148,345,410,279,436,153,325
530,489,213,85,566,121,514,164,190,232,450,351,1054,347,305,331,443,1002,567,78,304,591,317,220,369,151,403,252,290,692,872,1646,308,498,125,585,493,105,287,585,380,139,407,226,456,561,374,626,213,390
865,750,364,146,888,197,885,281,314,371,736,1054,853,553,483,548,690,1521,926,111,540,924,512,368,596,224,613,398,507,1181,1416,2548,484,840,204,985,826,169,467,940,630,191,650,338,754,879,566,964,332,577
382,268,132,58,325,73,293,89,108,139,283,347,553,98,161,176,241,532,312,43,182,312,186,126,197,81,206,161,173,363,504,856,185,305,67,320,278,52,152,348,222,78,260,113,251,290,199,324,113,215
314,236,103,49,272,74,256,81,89,104,217,305,483,161,71,131,209,479,236,29,149,259,154,96,173,62,148,110,140,307,390,696,136,256,55,286,268,49,138,266,166,50,199,90,211,251,146,273,88,192
335,250,109,55,291,85,266,73,102,122,250,331,548,176,131,84,197,549,292,32,170,284,158,98,172,73,170,128,147,326,462,782,162,289,66,279,290,59,132,301,190,56,243,85,228,283,182,311,117,187
388,311,118,65,365,95,364,105,113,146,307,443,690,241,209,197,143,664,344,39,198,382,206,153,251,81,226,174,181,463,549,1031,199,333,78,398,366,64,170,368,231,61,254,142,306,328,245,391,140,221
836,766,386,154,950,197,843,276,268,373,766,1002,1521,532,479,549,664,824,909,109,543,886,481,354,562,252,617,396,465,1155,1403,2536,502,838,194,960,854,163,467,1008,583,180,698,326,712,899,583,920,314,554
478,461,207,78,530,111,432,144,160,214,437,567,926,312,236,292,344,909,226,70,267,444,276,205,334,143,371,229,283,666,761,1403,279,436,112,518,467,80,247,553,323,98,427,194,380,471,302,560,180,342
82,62,25,8,63,20,60,18,18,22,53,78,111,43,29,32,39,109,70,7,32,62,35,22,41,15,37,33,28,80,87,175,38,60,12,74,65,11,32,70,36,14,52,18,53,59,30,76,25,44
340,234,117,52,286,74,272,82,80,105,217,304,540,182,149,170,198,543,267,32,82,279,160,111,170,77,185,136,150,351,429,782,151,234,65,264,260,44,131,310,176,61,208,106,246,259,190,275,104,181
525,466,195,83,538,103,467,174,144,212,423,591,924,312,259,284,382,886,444,62,279,242,265,207,357,147,360,248,260,636,754,1392,289,469,94,559,482,81,255,577,322,111,372,200,398,483,326,535,178,349
347,237,105,58,322,73,277,99,102,123,244,317,512,186,154,158,206,481,276,35,160,265,83,130,184,77,189,137,139,379,411,773,185,287,66,321,272,44,155,298,184,50,241,103,238,277,177,307,116,213
210,174,80,33,203,36,189,58,73,84,181,220,368,126,96,98,153,354,205,22,111,207,130,46,149,51,125,80,116,231,296,555,115,186,49,230,187,31,114,224,140,37,154,65,180,164,130,218,78,150
391,266,119,63,321,85,336,101,108,137,277,369,596,197,173,172,251,562,334,41,170,357,184,149,110,73,194,168,143,386,527,948,186,286,74,347,326,55,155,366,234,56,257,114,236,319,186,363,117,254
173,81,54,23,117,18,124,38,40,68,118,151,224,81,62,73,81,252,143,15,77,147,77,51,73,8,61,54,60,163,181,356,64,128,32,127,114,21,59,152,85,25,110,39,106,104,85,137,45,89
386,277,128,67,364,64,300,95,98,162,295,403,613,206,148,170,226,617,371,37,185,360,189,125,194,61,100,154,146,407,511,994,176,310,79,334,318,60,168,380,234,73,285,112,263,292,219,364,120,241
304,210,82,42,239,54,224,73,63,92,189,252,398,161,110,128,174,396,229,33,136,248,137,80,168,54,154,45,110,249,349,634,146,223,43,260,221,32,119,265,165,45,192,80,182,214,129,250,88,156
332,214,97,41,242,64,272,85,93,97,221,290,507,173,140,147,181,465,283,28,150,260,139,116,143,60,146,110,61,323,377,704,153,270,48,266,263,34,115,269,157,45,216,90,192,234,163,249,97,186
623,544,264,101,643,164,613,182,192,265,541,692,1181,363,307,326,463,1155,666,80,351,636,379,231,386,163,407,249,323,415,1021,1822,387,564,160,685,576,105,314,729,397,144,489,236,508,597,368,699,220,431
719,702,311,117,795,173,710,236,238,316,648,872,1416,504,390,462,549,1403,761,87,429,754,411,296,527,181,511,349,377,1021,576,2116,395,701,201,818,707,117,394,847,506,140,584,282,630,760,490,830,269,539
1166,1287,542,217,1477,286,1345,415,496,538,1148,1646,2548,856,696,782,1031,2536,1403,175,782,1392,773,555,948,356,994,634,704,1822,2116,2063,743,1321,332,1529,1284,239,691,1557,887,285,1028,528,1177,1394,899,1463,507,913
256,221,123,31,292,47,279,100,91,111,233,308,484,185,136,162,199,502,279,38,151,289,185,115,186,64,176,146,153,387,395,743,73,261,73,316,253,47,146,298,169,54,208,114,225,260,163,295,115,193
492,430,174,88,463,110,427,148,145,211,409,498,840,305,256,289,333,838,436,60,234,469,287,186,286,128,310,223,270,564,701,1321,261,209,95,517,463,82,242,510,336,79,365,180,402,421,276,513,159,308
100,91,53,18,101,18,115,30,37,48,84,125,204,67,55,66,78,194,112,12,65,94,66,49,74,32,79,43,48,160,201,332,73,95,8,118,101,18,61,126,88,31,100,50,90,108,73,124,37,70
524,472,204,87,570,138,524,162,179,211,445,585,985,320,286,279,398,960,518,74,264,559,321,230,347,127,334,260,266,685,818,1529,316,517,118,279,510,93,250,588,342,79,400,223,437,499,361,585,211,368
492,444,199,93,460,128,472,130,164,188,413,493,826,278,268,290,366,854,467,65,260,482,272,187,326,114,318,221,263,576,707,1284,253,463,101,510,197,86,260,501,346,98,336,171,375,437,279,528,155,324
72,61,26,10,88,21,81,21,23,44,75,105,169,52,49,59,64,163,80,11,44,81,44,31,55,21,60,32,34,105,117,239,47,82,18,93,86,6,40,95,51,16,68,31,67,85,51,96,30,55
237,223,104,54,253,74,267,69,77,104,203,287,467,152,138,132,170,467,247,32,131,255,155,114,155,59,168,119,115,314,394,691,146,242,61,250,260,40,58,270,161,48,200,93,211,218,170,268,82,156
503,456,220,64,539,100,464,164,179,204,431,585,940,348,266,301,368,1008,553,70,310,577,298,224,366,152,380,265,269,729,847,1557,298,510,126,588,501,95,270,305,373,108,407,198,436,552,346,592,213,359
303,301,129,62,336,79,322,104,90,111,244,380,630,222,166,190,231,583,323,36,176,322,184,140,234,85,234,165,157,397,506,887,169,336,88,342,346,51,161,373,98,76,239,112,292,308,183,362,125,216
101,85,34,18,113,25,89,24,31,49,87,139,191,78,50,56,61,180,98,14,61,111,50,37,56,25,73,45,45,144,140,285,54,79,31,79,98,16,48,108,76,11,87,50,79,79,78,133,39,68
375,358,160,57,397,74,366,111,139,153,324,407,650,260,199,243,254,698,427,52,208,372,241,154,257,110,285,192,216,489,584,1028,208,365,100,400,336,68,200,407,239,87,163,150,312,348,287,383,166,262
206,173,78,37,192,56,198,46,64,70,148,226,338,113,90,85,142,326,194,18,106,200,103,65,114,39,112,80,90,236,282,528,114,180,50,223,171,31,93,198,112,50,150,29,136,178,112,227,78,121
462,335,169,72,387,88,376,126,131,155,345,456,754,251,211,228,306,712,380,53,246,398,238,180,236,106,263,182,192,508,630,1177,225,402,90,437,375,67,211,436,292,79,312,136,149,335,228,403,140,306
419,419,193,66,463,98,453,141,134,207,410,561,879,290,251,283,328,899,471,59,259,483,277,164,319,104,292,214,234,597,760,1394,260,421,108,499,437,85,218,552,308,79,348,178,335,242,302,527,171,321
353,290,113,51,307,81,303,108,112,117,279,374,566,199,146,182,245,583,302,30,190,326,177,130,186,85,219,129,163,368,490,899,163,276,73,361,279,51,170,346,183,78,287,112,228,302,73,359,110,219
567,508,205,94,537,125,507,154,187,190,436,626,964,324,273,311,391,920,560,76,275,535,307,218,363,137,364,250,249,699,830,1463,295,513,124,585,528,96,268,592,362,133,383,227,403,527,359,278,197,363
179,183,86,28,173,37,184,63,66,68,153,213,332,113,88,117,140,314,180,25,104,178,116,78,117,45,120,88,97,220,269,507,115,159,37,211,155,30,82,213,125,39,166,78,140,171,110,197,29,126
355,316,134,57,387,66,338,99,123,164,325,390,577,215,192,187,221,554,342,44,181,349,213,150,254,89,241,156,186,431,539,913,193,308,70,368,324,55,156,359,216,68,262,121,306,321,219,363,126,116
