260,445,217,94,494,104,438,180,175,252,435,503,772,390,312,350,385,801,490,69,307,469,312,225,343,157,358,294,298,552,683,1193,210,456,102,507,479,71,257,470,342,114,358,196,387,397,346,465,169,384
445,196,156,89,489,102,422,146,131,183,372,508,770,265,214,255,326,793,420,51,242,451,246,162,272,113,297,193,244,578,669,1194,246,414,127,481,410,64,207,475,279,80,329,154,339,422,268,413,153,278
217,156,42,26,193,49,193,47,66,81,197,220,364,125,111,125,141,380,195,24,94,202,110,80,124,55,127,84,109,254,326,595,132,204,44,220,189,25,77,213,121,44,170,84,150,194,110,201,73,129
94,89,26,2,98,19,78,25,30,32,64,105,149,63,52,54,68,149,84,16,46,89,54,34,61,28,73,41,46,109,133,208,55,73,19,93,77,12,46,80,49,22,60,33,76,79,59,89,37,49
494,489,193,98,260,118,468,162,140,228,449,614,933,312,262,293,360,909,549,75,296,543,325,202,345,117,329,234,245,614,754,1363,287,514,121,536,475,89,247,577,338,107,387,190,389,448,301,536,202,367
104,102,49,19,118,17,113,32,38,40,69,138,194,79,63,68,98,188,124,14,69,111,73,47,79,31,78,52,63,136,175,285,70,106,24,140,114,19,59,106,63,31,75,32,91,100,67,111,37,71
438,422,193,78,468,113,238,153,160,184,424,510,881,297,270,301,348,900,491,62,273,492,300,198,330,143,336,222,248,595,732,1341,280,440,109,500,443,85,245,516,333,110,376,193,380,429,331,481,174,317
180,146,47,25,162,32,153,7,48,66,144,158,249,100,69,87,100,268,166,18,90,144,77,69,102,33,88,80,75,178,220,438,95,131,36,161,129,27,54,161,97,24,139,65,123,134,102,187,61,96
175,131,66,30,140,38,160,48,29,53,126,169,324,103,82,82,115,310,153,18,93,137,94,57,104,30,88,69,96,208,233,497,85,149,27,183,155,24,76,159,105,43,123,63,128,143,94,180,66,115
252,183,81,32,228,40,184,66,53,33,160,247,400,136,104,120,163,393,203,30,119,200,142,81,122,62,141,103,98,257,310,590,119,192,47,220,194,35,88,237,163,44,158,69,168,197,119,202,75,133
435,372,197,64,449,69,424,144,126,160,175,491,746,270,249,275,302,771,438,61,264,459,260,176,273,117,268,191,233,567,610,1124,193,403,91,438,406,72,211,465,294,88,311,156,345,387,249,436,158,273
503,508,220,105,614,138,510,158,169,247,491,308,1009,362,295,301,387,1002,552,75,293,577,355,215,376,122,360,234,285,703,841,1595,328,554,112,589,497,90,267,621,382,120,440,190,425,500,340,580,208,368
772,770,364,149,933,194,881,249,324,400,746,1009,815,567,495,504,646,1431,850,115,514,909,534,327,599,231,599,444,438,1110,1311,2352,487,847,212,939,823,149,436,963,620,194,625,341,707,770,569,877,365,602
390,265,125,63,312,79,297,100,103,136,270,362,567,103,189,178,254,590,347,43,163,327,212,116,208,61,210,162,163,404,479,874,176,329,70,340,302,56,160,354,229,69,237,118,246,270,214,335,133,220
312,214,111,52,262,63,270,69,82,104,249,295,495,189,86,137,190,516,277,20,121,277,189,95,180,57,154,107,146,314,380,722,161,244,51,292,271,37,122,297,163,49,204,106,225,242,175,277,107,176
350,255,125,54,293,68,301,87,82,120,275,301,504,178,137,76,195,532,279,29,159,305,181,114,173,59,160,115,140,342,426,868,158,263,69,301,278,38,128,305,184,68,217,102,232,299,181,272,121,195
385,326,141,68,360,98,348,100,115,163,302,387,646,254,190,195,115,621,369,52,193,373,192,132,222,87,243,182,205,433,556,1015,191,352,76,377,347,71,193,392,240,82,255,145,289,290,250,371,148,272
801,793,380,149,909,188,900,268,310,393,771,1002,1431,590,516,532,621,774,870,121,509,902,548,350,598,208,577,438,406,1090,1284,2286,465,822,199,971,799,149,456,954,565,175,649,335,725,771,552,935,328,607
490,420,195,84,549,124,491,166,153,203,438,552,850,347,277,279,369,870,255,68,306,454,304,214,342,140,357,261,257,646,763,1423,275,500,101,541,491,88,268,514,342,87,409,195,439,448,349,582,190,315
69,51,24,16,75,14,62,18,18,30,61,75,115,43,20,29,52,121,68,6,24,56,36,28,39,18,46,26,26,77,88,156,28,60,20,69,64,11,24,70,47,10,45,25,50,50,39,74,30,40
307,242,94,46,296,69,273,90,93,119,264,293,514,163,121,159,193,509,306,24,61,285,151,107,178,70,184,123,131,384,382,735,154,256,76,296,260,46,153,272,205,63,217,116,212,259,177,292,96,182
469,451,202,89,543,111,492,144,137,200,459,577,909,327,277,305,373,902,454,56,285,232,312,222,342,152,349,243,272,659,716,1421,272,478,112,581,484,94,245,545,334,85,392,203,426,492,339,537,187,345
312,246,110,54,325,73,300,77,94,142,260,355,534,212,189,181,192,548,304,36,151,312,79,113,199,55,170,128,132,332,467,871,167,271,76,332,292,44,142,334,219,65,211,108,251,281,194,304,114,205
225,162,80,34,202,47,198,69,57,81,176,215,327,116,95,114,132,350,214,28,107,222,113,32,117,50,136,110,112,261,315,553,102,178,42,234,200,34,108,205,133,48,168,69,158,174,117,228,65,148
343,272,124,61,345,79,330,102,104,122,273,376,599,208,180,173,222,598,342,39,178,342,199,117,109,101,213,156,162,386,499,894,186,316,80,354,302,48,160,347,245,63,250,114,223,301,224,346,135,235
157,113,55,28,117,31,143,33,30,62,117,122,231,61,57,59,87,208,140,18,70,152,55,50,101,24,75,68,63,145,202,347,73,140,23,128,128,20,51,132,85,24,96,55,112,116,72,142,50,75
358,297,127,73,329,78,336,88,88,141,268,360,599,210,154,160,243,577,357,46,184,349,170,136,213,75,110,152,172,408,527,909,179,321,96,367,318,55,146,388,218,72,252,135,280,324,212,356,132,211
294,193,84,41,234,52,222,80,69,103,191,234,444,162,107,115,182,438,261,26,123,243,128,110,156,68,152,47,121,293,353,672,138,206,40,229,201,28,121,238,133,47,192,91,196,216,156,244,80,178
298,244,109,46,245,63,248,75,96,98,233,285,438,163,146,140,205,406,257,26,131,272,132,112,162,63,172,121,77,289,384,694,140,238,58,286,257,61,115,269,136,59,187,84,221,262,133,257,102,160
552,578,254,109,614,136,595,178,208,257,567,703,1110,404,314,342,433,1090,646,77,384,659,332,261,386,145,408,293,289,396,923,1752,340,561,159,663,618,100,310,668,427,110,480,233,499,613,370,679,244,419
683,669,326,133,754,175,732,220,233,310,610,841,1311,479,380,426,556,1284,763,88,382,716,467,315,499,202,527,353,384,923,587,2069,400,710,168,801,730,127,386,825,518,152,598,307,656,727,474,774,260,506
1193,1194,595,208,1363,285,1341,438,497,590,1124,1595,2352,874,722,868,1015,2286,1423,156,735,1421,871,553,894,347,909,672,694,1752,2069,1877,679,1257,316,1444,1306,220,738,1479,932,281,1053,538,1097,1269,868,1417,477,969
210,246,132,55,287,70,280,95,85,119,193,328,487,176,161,158,191,465,275,28,154,272,167,102,186,73,179,138,140,340,400,679,62,263,65,271,262,43,133,310,175,46,214,107,211,234,181,295,96,204
456,414,204,73,514,106,440,131,149,192,403,554,847,329,244,263,352,822,500,60,256,478,271,178,316,140,321,206,238,561,710,1257,263,194,104,503,437,81,241,475,302,98,334,166,377,450,279,466,174,302
102,127,44,19,121,24,109,36,27,47,91,112,212,70,51,69,76,199,101,20,76,112,76,42,80,23,96,40,58,159,168,316,65,104,7,135,105,17,58,132,78,24,89,52,91,91,66,125,38,78
507,481,220,93,536,140,500,161,183,220,438,589,939,340,292,301,377,971,541,69,296,581,332,234,354,128,367,229,286,663,801,1444,271,503,135,267,516,108,285,563,370,92,425,201,436,498,363,540,188,347
479,410,189,77,475,114,443,129,155,194,406,497,823,302,271,278,347,799,491,64,260,484,292,200,302,128,318,201,257,618,730,1306,262,437,105,516,222,68,247,478,311,126,382,156,414,456,298,478,153,315
71,64,25,12,89,19,85,27,24,35,72,90,149,56,37,38,71,149,88,11,46,94,44,34,48,20,55,28,61,100,127,220,43,81,17,108,68,9,47,77,47,12,60,25,57,81,55,81,25,53
257,207,77,46,247,59,245,54,76,88,211,267,436,160,122,128,193,456,268,24,153,245,142,108,160,51,146,121,115,310,386,738,133,241,58,285,247,47,56,293,186,41,207,101,196,219,183,280,104,189
470,475,213,80,577,106,516,161,159,237,465,621,963,354,297,305,392,954,514,70,272,545,334,205,347,132,388,238,269,668,825,1479,310,475,132,563,478,77,293,279,346,111,412,205,460,464,347,571,188,377
342,279,121,49,338,63,333,97,105,163,294,382,620,229,163,184,240,565,342,47,205,334,219,133,245,85,218,133,136,427,518,932,175,302,78,370,311,47,186,346,93,63,287,117,280,273,222,372,129,217
114,80,44,22,107,31,110,24,43,44,88,120,194,69,49,68,82,175,87,10,63,85,65,48,63,24,72,47,59,110,152,281,46,98,24,92,126,12,41,111,63,7,75,32,97,97,67,95,39,62
358,329,170,60,387,75,376,139,123,158,311,440,625,237,204,217,255,649,409,45,217,392,211,168,250,96,252,192,187,480,598,1053,214,334,89,425,382,60,207,412,287,75,144,153,318,344,243,384,132,259
196,154,84,33,190,32,193,65,63,69,156,190,341,118,106,102,145,335,195,25,116,203,108,69,114,55,135,91,84,233,307,538,107,166,52,201,156,25,101,205,117,32,153,39,171,178,132,202,76,116
387,339,150,76,389,91,380,123,128,168,345,425,707,246,225,232,289,725,439,50,212,426,251,158,223,112,280,196,221,499,656,1097,211,377,91,436,414,57,196,460,280,97,318,171,158,353,233,395,145,295
397,422,194,79,448,100,429,134,143,197,387,500,770,270,242,299,290,771,448,50,259,492,281,174,301,116,324,216,262,613,727,1269,234,450,91,498,456,81,219,464,273,97,344,178,353,193,300,459,159,304
346,268,110,59,301,67,331,102,94,119,249,340,569,214,175,181,250,552,349,39,177,339,194,117,224,72,212,156,133,370,474,868,181,279,66,363,298,55,183,347,222,67,243,132,233,300,114,331,105,218
465,413,201,89,536,111,481,187,180,202,436,580,877,335,277,272,371,935,582,74,292,537,304,228,346,142,356,244,257,679,774,1417,295,466,125,540,478,81,280,571,372,95,384,202,395,459,331,247,202,386
169,153,73,37,202,37,174,61,66,75,158,208,365,133,107,121,148,328,190,30,96,187,114,65,135,50,132,80,102,244,260,477,96,174,38,188,153,25,104,188,129,39,132,76,145,159,105,202,33,128
384,278,129,49,367,71,317,96,115,133,273,368,602,220,176,195,272,607,315,40,182,345,205,148,235,75,211,178,160,419,506,969,204,302,78,347,315,53,189,377,217,62,259,116,295,304,218,386,128,119
