248,439,213,97,481,113,482,183,162,242,460,520,863,376,301,361,360,842,480,63,304,485,337,212,385,156,367,309,327,640,716,1180,268,503,117,487,527,82,261,484,313,115,360,175,434,443,343,545,204,394
439,185,182,52,439,98,394,120,146,174,376,507,789,266,226,215,314,789,412,51,248,404,264,143,275,118,295,185,211,542,637,1217,237,374,97,454,415,90,195,456,282,81,310,173,315,388,237,454,171,288
213,182,48,41,182,47,194,63,57,90,159,216,385,130,103,91,151,355,194,25,109,225,118,84,136,47,116,80,104,249,309,534,100,184,39,199,174,27,106,224,145,36,136,54,168,171,117,191,82,141
97,52,41,7,72,14,79,38,31,37,71,78,120,65,57,59,72,133,100,15,58,93,47,33,58,19,59,52,37,103,130,214,50,104,22,84,82,11,43,98,76,23,65,36,69,74,54,79,37,72
481,439,182,72,250,106,512,139,150,229,447,581,901,349,289,305,354,908,480,68,280,512,329,199,299,130,356,227,221,695,775,1369,286,462,114,544,448,82,244,527,336,132,388,190,393,472,276,558,183,343
113,98,47,14,106,7,97,44,39,54,101,126,194,75,64,73,88,186,111,18,71,115,74,41,76,30,89,79,55,141,155,257,58,110,25,122,117,22,60,129,88,28,76,59,101,104,81,101,33,90
482,394,194,79,512,97,251,151,155,208,423,527,820,316,255,281,369,837,497,51,274,473,296,210,341,125,367,237,251,611,732,1310,269,472,118,486,433,85,253,551,310,108,376,181,401,426,296,482,137,351
183,120,63,38,139,44,151,24,44,64,136,155,263,105,87,95,104,262,150,10,97,156,97,67,102,39,122,78,87,173,226,421,76,147,40,144,137,33,62,165,96,33,139,41,117,150,97,180,51,111
162,146,57,31,150,39,155,44,23,59,143,161,322,97,64,79,98,303,144,21,96,163,106,73,99,36,111,64,82,207,256,437,93,160,36,168,165,27,88,172,119,35,110,62,132,140,86,160,60,117
242,174,90,37,229,54,208,64,59,48,178,222,375,147,108,121,144,343,223,30,126,216,150,97,132,60,157,107,111,273,309,575,105,205,38,219,193,40,102,223,126,48,156,74,189,188,120,238,81,145
460,376,159,71,447,101,423,136,143,178,171,477,744,275,262,287,308,755,446,53,248,463,286,168,263,106,298,205,219,580,606,1143,207,402,105,457,394,77,229,465,275,77,321,158,336,345,242,505,156,306
520,507,216,78,581,126,527,155,161,222,477,292,1006,351,292,312,378,968,553,69,289,569,310,243,357,126,342,239,251,673,846,1607,287,519,121,562,509,89,278,599,384,106,438,191,426,531,350,584,210,369
863,789,385,120,901,194,820,263,322,375,744,1006,810,567,476,528,652,1394,930,120,481,912,543,362,559,231,607,419,436,1097,1309,2451,477,862,191,962,850,136,450,912,570,206,645,357,719,825,556,916,323,603
376,266,130,65,349,75,316,105,97,147,275,351,567,106,167,171,265,532,368,41,208,374,175,140,208,84,224,164,173,382,481,888,181,310,67,320,333,51,157,380,236,63,254,112,255,311,184,355,102,237
301,226,103,57,289,64,255,87,64,108,262,292,476,167,86,152,186,463,229,21,141,306,177,116,189,61,161,125,144,342,379,770,156,259,49,279,282,37,119,292,176,50,196,91,211,228,165,279,98,198
361,215,91,59,305,73,281,95,79,121,287,312,528,171,152,82,196,556,280,31,161,316,193,126,222,56,161,143,142,377,388,816,159,298,70,300,284,41,159,351,186,55,242,89,235,260,182,315,109,206
360,314,151,72,354,88,369,104,98,144,308,378,652,265,186,196,138,633,341,45,221,359,195,154,251,101,269,151,211,464,535,1039,199,340,82,387,321,54,179,358,258,83,246,123,306,324,212,367,133,221
842,789,355,133,908,186,837,262,303,343,755,968,1394,532,463,556,633,760,910,108,513,911,542,362,596,240,582,429,456,1090,1320,2330,461,829,192,936,819,149,438,934,625,181,647,337,735,805,591,897,337,571
480,412,194,100,480,111,497,150,144,223,446,553,930,368,229,280,341,910,244,50,286,498,312,211,342,122,337,246,257,621,761,1444,266,507,120,492,525,92,252,539,349,105,385,180,440,432,338,540,192,316
63,51,25,15,68,18,51,10,21,30,53,69,120,41,21,31,45,108,50,2,31,54,28,16,39,11,37,34,27,75,97,166,32,65,15,46,55,15,27,59,46,10,47,18,42,57,28,60,19,38
304,248,109,58,280,71,274,97,96,126,248,289,481,208,141,161,221,513,286,31,75,313,185,120,172,54,170,130,147,352,401,808,165,299,66,256,241,56,129,293,199,62,218,103,241,292,181,292,96,207
485,404,225,93,512,115,473,156,163,216,463,569,912,374,306,316,359,911,498,54,313,253,311,213,326,151,370,259,256,651,750,1399,284,469,116,550,457,102,270,565,347,117,380,164,409,469,316,557,157,354
337,264,118,47,329,74,296,97,106,150,286,310,543,175,177,193,195,542,312,28,185,311,90,137,187,72,208,123,183,367,435,817,165,269,67,292,284,44,153,351,222,66,231,113,256,262,181,295,104,203
212,143,84,33,199,41,210,67,73,97,168,243,362,140,116,126,154,362,211,16,120,213,137,37,148,46,135,94,108,271,305,549,114,191,39,220,192,36,132,220,143,47,158,76,165,178,127,220,65,146
385,275,136,58,299,76,341,102,99,132,263,357,559,208,189,222,251,596,342,39,172,326,187,148,113,71,245,162,186,421,488,930,173,302,68,368,324,54,168,332,204,71,246,136,309,292,192,379,101,231
156,118,47,19,130,30,125,39,36,60,106,126,231,84,61,56,101,240,122,11,54,151,72,46,71,20,81,52,69,160,221,370,66,108,29,145,106,19,71,142,76,27,104,55,91,117,65,134,40,102
367,295,116,59,356,89,367,122,111,157,298,342,607,224,161,161,269,582,337,37,170,370,208,135,245,81,115,156,170,422,508,969,192,299,77,362,291,64,172,354,240,71,245,131,272,314,217,348,124,235
309,185,80,52,227,79,237,78,64,107,205,239,419,164,125,143,151,429,246,34,130,259,123,94,162,52,156,55,106,303,379,642,137,238,56,238,217,38,134,214,143,67,188,91,193,227,154,260,95,173
327,211,104,37,221,55,251,87,82,111,219,251,436,173,144,142,211,456,257,27,147,256,183,108,186,69,170,106,69,299,391,703,145,235,55,285,230,42,128,273,160,64,194,77,220,224,160,291,88,186
640,542,249,103,695,141,611,173,207,273,580,673,1097,382,342,377,464,1090,621,75,352,651,367,271,421,160,422,303,299,408,917,1741,340,613,123,672,604,82,330,670,430,125,483,240,506,564,392,668,249,448
716,637,309,130,775,155,732,226,256,309,606,846,1309,481,379,388,535,1320,761,97,401,750,435,305,488,221,508,379,391,917,559,2036,394,704,180,756,694,155,392,802,517,170,542,281,602,703,501,780,265,495
1180,1217,534,214,1369,257,1310,421,437,575,1143,1607,2451,888,770,816,1039,2330,1444,166,808,1399,817,549,930,370,969,642,703,1741,2036,1885,735,1238,325,1473,1269,223,680,1465,898,273,1005,544,1127,1253,896,1436,499,926
268,237,100,50,286,58,269,76,93,105,207,287,477,181,156,159,199,461,266,32,165,284,165,114,173,66,192,137,145,340,394,735,63,272,64,294,270,55,148,283,175,66,194,110,225,252,162,285,89,180
503,374,184,104,462,110,472,147,160,205,402,519,862,310,259,298,340,829,507,65,299,469,269,191,302,108,299,238,235,613,704,1238,272,242,108,518,423,71,269,496,323,106,394,155,385,433,295,516,180,359
117,97,39,22,114,25,118,40,36,38,105,121,191,67,49,70,82,192,120,15,66,116,67,39,68,29,77,56,55,123,180,325,64,108,17,115,106,21,52,120,83,15,73,42,81,105,77,123,36,76
487,454,199,84,544,122,486,144,168,219,457,562,962,320,279,300,387,936,492,46,256,550,292,220,368,145,362,238,285,672,756,1473,294,518,115,263,506,98,261,626,375,110,390,194,411,510,348,556,210,345
527,415,174,82,448,117,433,137,165,193,394,509,850,333,282,284,321,819,525,55,241,457,284,192,324,106,291,217,230,604,694,1269,270,423,106,506,224,69,226,534,314,105,350,186,403,462,299,491,177,343
82,90,27,11,82,22,85,33,27,40,77,89,136,51,37,41,54,149,92,15,56,102,44,36,54,19,64,38,42,82,155,223,55,71,21,98,69,11,53,95,63,20,62,28,78,81,52,99,27,50
261,195,106,43,244,60,253,62,88,102,229,278,450,157,119,159,179,438,252,27,129,270,153,132,168,71,172,134,128,330,392,680,148,269,52,261,226,53,54,276,165,44,204,97,194,253,155,267,97,169
484,456,224,98,527,129,551,165,172,223,465,599,912,380,292,351,358,934,539,59,293,565,351,220,332,142,354,214,273,670,802,1465,283,496,120,626,534,95,276,267,344,108,407,209,407,483,317,539,175,371
313,282,145,76,336,88,310,96,119,126,275,384,570,236,176,186,258,625,349,46,199,347,222,143,204,76,240,143,160,430,517,898,175,323,83,375,314,63,165,344,109,62,260,131,236,323,193,333,108,237
115,81,36,23,132,28,108,33,35,48,77,106,206,63,50,55,83,181,105,10,62,117,66,47,71,27,71,67,64,125,170,273,66,106,15,110,105,20,44,108,62,11,82,43,92,106,77,114,37,77
360,310,136,65,388,76,376,139,110,156,321,438,645,254,196,242,246,647,385,47,218,380,231,158,246,104,245,188,194,483,542,1005,194,394,73,390,350,62,204,407,260,82,147,132,323,346,261,360,144,258
175,173,54,36,190,59,181,41,62,74,158,191,357,112,91,89,123,337,180,18,103,164,113,76,136,55,131,91,77,240,281,544,110,155,42,194,186,28,97,209,131,43,132,42,136,168,126,184,76,115
434,315,168,69,393,101,401,117,132,189,336,426,719,255,211,235,306,735,440,42,241,409,256,165,309,91,272,193,220,506,602,1127,225,385,81,411,403,78,194,407,236,92,323,136,165,358,239,424,143,301
443,388,171,74,472,104,426,150,140,188,345,531,825,311,228,260,324,805,432,57,292,469,262,178,292,117,314,227,224,564,703,1253,252,433,105,510,462,81,253,483,323,106,346,168,358,214,300,498,174,329
343,237,117,54,276,81,296,97,86,120,242,350,556,184,165,182,212,591,338,28,181,316,181,127,192,65,217,154,160,392,501,896,162,295,77,348,299,52,155,317,193,77,261,126,239,300,99,350,101,230
545,454,191,79,558,101,482,180,160,238,505,584,916,355,279,315,367,897,540,60,292,557,295,220,379,134,348,260,291,668,780,1436,285,516,123,556,491,99,267,539,333,114,360,184,424,498,350,259,175,346
204,171,82,37,183,33,137,51,60,81,156,210,323,102,98,109,133,337,192,19,96,157,104,65,101,40,124,95,88,249,265,499,89,180,36,210,177,27,97,175,108,37,144,76,143,174,101,175,25,133
394,288,141,72,343,90,351,111,117,145,306,369,603,237,198,206,221,571,316,38,207,354,203,146,231,102,235,173,186,448,495,926,180,359,76,345,343,50,169,371,237,77,258,115,301,329,230,346,133,112
