283,469,241,89,499,111,468,175,169,262,496,534,880,378,313,340,374,851,522,69,318,544,346,216,389,149,368,269,317,578,702,1112,246,493,113,519,495,75,249,497,332,95,385,177,429,430,333,502,173,400
469,166,154,78,456,109,448,117,123,181,346,493,769,306,233,228,345,759,434,48,250,440,260,168,308,117,293,204,218,552,671,1224,231,414,104,469,399,77,191,458,270,75,336,159,354,400,273,451,174,325
241,154,47,31,222,40,201,76,61,94,188,214,401,146,121,123,146,395,201,25,118,215,117,80,158,51,131,92,81,254,312,576,126,198,49,226,167,33,105,199,130,39,123,73,181,204,132,227,68,129
89,78,31,5,87,21,84,31,33,28,77,112,144,50,57,56,58,169,78,7,47,83,60,45,75,28,71,38,57,104,128,203,52,70,12,97,85,16,40,91,60,17,58,26,82,66,60,98,31,52
499,456,222,87,283,122,516,151,201,227,449,562,908,345,270,328,411,925,498,55,298,493,290,204,328,139,368,239,231,648,750,1455,268,449,133,500,492,91,288,552,319,111,412,176,392,463,305,550,206,356
111,109,40,21,122,16,119,29,35,49,105,141,186,89,78,89,84,188,103,8,59,94,86,56,86,34,89,58,70,136,170,272,58,94,27,143,97,24,47,97,85,21,86,45,88,80,75,121,32,85
468,448,201,84,516,119,223,144,170,194,393,592,911,330,275,286,310,880,479,58,266,459,317,230,351,134,357,232,271,654,710,1327,267,454,121,492,437,79,239,467,326,97,355,178,403,445,306,476,195,323
175,117,76,31,151,29,144,22,60,76,137,180,252,92,87,99,115,270,142,16,89,165,95,70,109,47,95,78,69,181,233,408,79,159,28,161,144,27,62,181,108,22,99,54,130,154,85,159,59,123
169,123,61,33,201,35,170,60,27,82,144,183,298,106,84,95,111,289,192,17,92,181,104,78,125,36,109,87,93,217,239,419,78,174,45,170,172,23,82,184,109,35,107,58,137,142,108,180,63,101
262,181,94,28,227,49,194,76,82,54,166,218,359,169,103,102,170,343,205,26,113,214,112,87,166,57,155,97,110,260,299,528,109,218,43,200,212,41,94,215,120,46,149,71,190,195,142,230,64,127
496,346,188,77,449,105,393,137,144,166,168,459,743,312,231,256,342,724,459,51,251,468,249,180,305,108,284,205,216,559,629,1129,226,409,93,461,418,73,213,425,286,103,300,149,358,391,291,431,151,270
534,493,214,112,562,141,592,180,183,218,459,337,1016,352,274,310,385,1042,584,74,262,588,320,235,375,157,380,230,285,719,865,1606,334,518,104,586,599,100,265,596,408,131,433,226,459,523,349,620,189,367
880,769,401,144,908,186,911,252,298,359,743,1016,856,598,481,531,658,1469,889,124,483,951,563,382,609,238,646,409,459,1138,1362,2503,535,841,210,985,838,163,437,974,628,206,692,339,749,886,610,950,326,629
378,306,146,50,345,89,330,92,106,169,312,352,598,108,154,155,239,561,308,49,177,330,169,148,227,89,209,158,162,393,502,917,180,292,57,312,306,60,167,366,211,65,262,134,275,287,193,344,110,239
313,233,121,57,270,78,275,87,84,103,231,274,481,154,66,140,179,464,285,27,132,270,170,107,186,68,172,95,130,320,406,782,137,261,68,260,244,34,149,299,168,67,201,106,198,237,163,278,93,189
340,228,123,56,328,89,286,99,95,102,256,310,531,155,140,77,193,506,286,35,126,308,155,110,187,70,169,115,126,337,432,841,150,289,61,271,268,38,163,307,185,58,227,107,224,287,181,314,116,186
374,345,146,58,411,84,310,115,111,170,342,385,658,239,179,193,111,662,370,44,238,378,215,144,242,92,246,170,153,431,539,1044,214,340,82,347,291,55,160,387,258,77,277,122,290,355,241,370,138,256
851,759,395,169,925,188,880,270,289,343,724,1042,1469,561,464,506,662,782,877,109,512,936,499,378,627,255,664,411,444,1150,1358,2515,524,833,212,983,844,145,435,995,636,212,641,326,747,857,592,911,333,620
522,434,201,78,498,103,479,142,192,205,459,584,889,308,285,286,370,877,255,68,290,482,303,202,351,154,337,225,220,623,739,1388,283,466,117,518,475,90,253,566,315,109,386,177,410,468,314,523,208,301
69,48,25,7,55,8,58,16,17,26,51,74,124,49,27,35,44,109,68,2,35,66,29,34,35,13,28,28,35,79,85,175,40,47,14,57,63,15,26,67,40,8,54,22,41,63,32,65,16,49
318,250,118,47,298,59,266,89,92,113,251,262,483,177,132,126,238,512,290,35,82,294,162,114,177,74,202,120,144,369,418,776,151,243,63,286,249,40,143,312,178,68,214,103,211,257,178,295,116,216
544,440,215,83,493,94,459,165,181,214,468,588,951,330,270,308,378,936,482,66,294,252,320,205,358,155,339,233,255,652,776,1414,273,476,126,570,474,63,255,566,317,109,410,190,400,483,305,510,213,372
346,260,117,60,290,86,317,95,104,112,249,320,563,169,170,155,215,499,303,29,162,320,99,136,204,89,213,134,135,313,451,813,181,276,58,291,294,45,159,333,197,55,237,123,264,269,184,315,110,216
216,168,80,45,204,56,230,70,78,87,180,235,382,148,107,110,144,378,202,34,114,205,136,45,155,58,145,109,96,276,325,591,101,197,53,196,192,27,100,228,137,48,163,77,182,191,124,203,77,132
389,308,158,75,328,86,351,109,125,166,305,375,609,227,186,187,242,627,351,35,177,358,204,155,114,95,225,136,155,382,493,934,179,339,99,337,339,50,146,365,212,59,268,137,268,319,212,357,149,234
149,117,51,28,139,34,134,47,36,57,108,157,238,89,68,70,92,255,154,13,74,155,89,58,95,10,73,60,81,165,180,364,71,141,39,112,134,16,65,140,98,28,95,42,109,103,91,153,48,75
368,293,131,71,368,89,357,95,109,155,284,380,646,209,172,169,246,664,337,28,202,339,213,145,225,73,106,149,177,448,500,983,179,336,85,352,315,50,195,365,221,64,294,136,270,307,217,367,134,230
269,204,92,38,239,58,232,78,87,97,205,230,409,158,95,115,170,411,225,28,120,233,134,109,136,60,149,56,131,302,347,675,123,219,43,217,221,40,121,266,172,48,166,99,191,212,138,232,85,153
317,218,81,57,231,70,271,69,93,110,216,285,459,162,130,126,153,444,220,35,144,255,135,96,155,81,177,131,54,330,359,697,126,245,57,263,242,41,124,270,154,47,201,75,194,236,153,258,99,184
578,552,254,104,648,136,654,181,217,260,559,719,1138,393,320,337,431,1150,623,79,369,652,313,276,382,165,448,302,330,387,1045,1868,338,603,159,653,614,116,323,706,417,140,495,244,537,618,401,687,217,424
702,671,312,128,750,170,710,233,239,299,629,865,1362,502,406,432,539,1358,739,85,418,776,451,325,493,180,500,347,359,1045,562,2140,421,729,166,837,697,123,377,792,493,153,596,296,605,684,493,788,274,531
1112,1224,576,203,1455,272,1327,408,419,528,1129,1606,2503,917,782,841,1044,2515,1388,175,776,1414,813,591,934,364,983,675,697,1868,2140,1875,727,1296,321,1535,1251,234,692,1512,993,331,1020,534,1124,1340,911,1425,497,984
246,231,126,52,268,58,267,79,78,109,226,334,535,180,137,150,214,524,283,40,151,273,181,101,179,71,179,123,126,338,421,727,91,234,54,311,240,46,133,278,175,54,192,108,225,269,182,275,87,175
493,414,198,70,449,94,454,159,174,218,409,518,841,292,261,289,340,833,466,47,243,476,276,197,339,141,336,219,245,603,729,1296,234,214,109,481,423,94,223,524,344,95,361,163,366,428,289,498,173,327
113,104,49,12,133,27,121,28,45,43,93,104,210,57,68,61,82,212,117,14,63,126,58,53,99,39,85,43,57,159,166,321,54,109,13,102,95,18,62,120,71,23,96,38,120,104,75,133,49,80
519,469,226,97,500,143,492,161,170,200,461,586,985,312,260,271,347,983,518,57,286,570,291,196,337,112,352,217,263,653,837,1535,311,481,102,260,482,79,276,554,346,93,410,199,418,511,296,580,191,353
495,399,167,85,492,97,437,144,172,212,418,599,838,306,244,268,291,844,475,63,249,474,294,192,339,134,315,221,242,614,697,1251,240,423,95,482,217,88,240,520,344,112,418,187,396,416,303,509,176,323
75,77,33,16,91,24,79,27,23,41,73,100,163,60,34,38,55,145,90,15,40,63,45,27,50,16,50,40,41,116,123,234,46,94,18,79,88,9,39,94,64,18,67,42,58,71,48,85,31,55
249,191,105,40,288,47,239,62,82,94,213,265,437,167,149,163,160,435,253,26,143,255,159,100,146,65,195,121,124,323,377,692,133,223,62,276,240,39,63,272,184,48,184,98,212,250,165,269,95,187
497,458,199,91,552,97,467,181,184,215,425,596,974,366,299,307,387,995,566,67,312,566,333,228,365,140,365,266,270,706,792,1512,278,524,120,554,520,94,272,287,316,115,393,222,448,521,396,523,213,355
332,270,130,60,319,85,326,108,109,120,286,408,628,211,168,185,258,636,315,40,178,317,197,137,212,98,221,172,154,417,493,993,175,344,71,346,344,64,184,316,90,50,239,129,271,329,210,342,132,193
95,75,39,17,111,21,97,22,35,46,103,131,206,65,67,58,77,212,109,8,68,109,55,48,59,28,64,48,47,140,153,331,54,95,23,93,112,18,48,115,50,11,90,35,89,110,69,114,42,71
385,336,123,58,412,86,355,99,107,149,300,433,692,262,201,227,277,641,386,54,214,410,237,163,268,95,294,166,201,495,596,1020,192,361,96,410,418,67,184,393,239,90,132,143,337,352,261,388,146,250
177,159,73,26,176,45,178,54,58,71,149,226,339,134,106,107,122,326,177,22,103,190,123,77,137,42,136,99,75,244,296,534,108,163,38,199,187,42,98,222,129,35,143,39,155,189,121,205,75,115
429,354,181,82,392,88,403,130,137,190,358,459,749,275,198,224,290,747,410,41,211,400,264,182,268,109,270,191,194,537,605,1124,225,366,120,418,396,58,212,448,271,89,337,155,167,384,257,415,179,287
430,400,204,66,463,80,445,154,142,195,391,523,886,287,237,287,355,857,468,63,257,483,269,191,319,103,307,212,236,618,684,1340,269,428,104,511,416,71,250,521,329,110,352,189,384,221,313,499,174,322
333,273,132,60,305,75,306,85,108,142,291,349,610,193,163,181,241,592,314,32,178,305,184,124,212,91,217,138,153,401,493,911,182,289,75,296,303,48,165,396,210,69,261,121,257,313,121,311,136,224
502,451,227,98,550,121,476,159,180,230,431,620,950,344,278,314,370,911,523,65,295,510,315,203,357,153,367,232,258,687,788,1425,275,498,133,580,509,85,269,523,342,114,388,205,415,499,311,262,211,381
173,174,68,31,206,32,195,59,63,64,151,189,326,110,93,116,138,333,208,16,116,213,110,77,149,48,134,85,99,217,274,497,87,173,49,191,176,31,95,213,132,42,146,75,179,174,136,211,29,131
400,325,129,52,356,85,323,123,101,127,270,367,629,239,189,186,256,620,301,49,216,372,216,132,234,75,230,153,184,424,531,984,175,327,80,353,323,55,187,355,193,71,250,115,287,322,224,381,131,113
