243,457,235,84,507,107,477,189,170,232,423,475,834,361,319,317,347,827,529,71,309,523,396,228,383,166,367,274,309,642,767,1195,266,482,93,510,502,96,246,443,315,122,402,191,417,418,372,494,180,389
457,193,179,69,447,108,414,128,126,168,378,480,804,273,254,228,323,803,405,53,236,457,245,181,276,104,282,191,215,544,627,1263,246,430,112,451,393,59,227,455,259,88,351,138,328,355,269,441,172,296
235,179,34,32,214,40,182,51,65,81,153,228,380,150,115,117,134,377,221,28,111,224,105,78,140,46,126,85,95,284,322,570,110,182,44,221,173,26,89,204,141,38,153,70,175,203,124,228,76,149
84,69,32,5,77,14,63,29,27,43,92,71,140,59,48,61,59,148,104,10,44,95,51,36,55,25,70,53,54,97,128,226,47,97,16,97,77,17,41,99,56,13,51,35,64,87,53,85,30,53
507,447,214,77,287,109,444,160,175,199,440,576,937,318,240,264,388,943,536,55,302,506,311,196,326,147,365,232,256,661,802,1491,288,461,122,557,441,73,252,561,356,123,400,198,387,476,318,517,180,372
107,108,40,14,109,8,98,37,29,52,102,108,196,74,65,70,83,213,114,16,62,117,79,45,69,24,84,55,88,144,167,307,67,112,31,132,95,18,63,103,70,22,85,44,78,98,67,113,37,72
477,414,182,63,444,98,201,144,160,206,414,563,892,327,255,310,339,900,512,63,263,489,298,195,322,128,350,219,278,624,681,1347,245,485,102,573,428,75,252,494,289,107,405,204,386,454,288,475,172,330
189,128,51,29,160,37,144,17,43,69,140,157,268,92,70,87,106,270,155,25,88,144,95,68,116,40,103,65,77,191,241,418,73,149,29,154,155,25,65,139,85,30,121,59,128,133,110,178,51,112
170,126,65,27,175,29,160,43,34,61,121,170,300,118,78,85,119,307,178,23,99,164,88,62,115,44,130,58,81,215,240,482,81,136,43,161,133,27,88,188,107,40,136,52,109,135,108,166,56,133
232,168,81,43,199,52,206,69,61,54,184,223,342,148,106,126,152,354,229,19,117,211,123,95,155,57,147,93,114,269,310,549,104,190,46,222,201,36,92,219,128,50,162,86,176,172,112,227,76,164
423,378,153,92,440,102,414,140,121,184,168,458,749,327,209,239,313,776,434,51,241,427,260,179,302,122,291,212,219,519,627,1138,229,404,92,456,405,63,208,422,244,83,338,159,360,382,279,440,143,283
475,480,228,71,576,108,563,157,170,223,458,343,1027,334,283,304,369,989,553,74,316,552,334,200,379,130,374,240,260,715,854,1576,305,500,122,594,521,88,270,601,346,113,456,237,431,535,329,570,192,362
834,804,380,140,937,196,892,268,300,342,749,1027,831,608,471,513,671,1494,933,121,493,953,535,395,582,234,610,409,433,1107,1381,2515,498,851,219,981,827,131,440,952,620,180,701,338,715,881,539,920,333,558
361,273,150,59,318,74,327,92,118,148,327,334,608,109,178,187,240,573,340,40,188,360,187,149,205,77,226,153,169,405,510,884,166,302,71,332,301,51,153,323,214,80,235,119,267,305,195,341,109,245
319,254,115,48,240,65,255,70,78,106,209,283,471,178,75,135,189,457,268,43,132,284,157,119,183,67,182,139,137,324,392,746,138,246,53,285,249,45,119,271,191,49,204,108,242,269,167,272,91,178
317,228,117,61,264,70,310,87,85,126,239,304,513,187,135,91,215,531,283,27,153,305,160,111,184,89,184,155,139,348,436,833,149,279,55,296,257,45,135,304,178,48,221,107,213,297,165,322,114,178
347,323,134,59,388,83,339,106,119,152,313,369,671,240,189,215,123,693,378,60,200,389,213,149,236,88,247,176,186,488,587,982,202,366,87,383,343,58,174,408,238,70,272,133,269,343,224,400,139,250
827,803,377,148,943,213,900,270,307,354,776,989,1494,573,457,531,693,791,933,107,476,958,492,386,588,230,600,414,434,1131,1389,2470,520,817,208,984,853,139,459,982,634,188,666,355,712,863,523,931,327,560
529,405,221,104,536,114,512,155,178,229,434,553,933,340,268,283,378,933,272,72,251,509,293,210,356,117,335,250,279,633,777,1418,268,493,127,524,486,87,282,525,363,99,347,183,404,457,339,519,191,352
71,53,28,10,55,16,63,25,23,19,51,74,121,40,43,27,60,107,72,2,31,70,46,22,49,13,40,29,35,68,85,180,42,52,15,57,65,6,43,66,53,13,41,24,50,56,36,61,27,42
309,236,111,44,302,62,263,88,99,117,241,316,493,188,132,153,200,476,251,31,76,266,162,122,165,59,182,157,150,359,431,808,146,274,50,262,286,37,139,274,190,59,215,95,202,275,172,290,86,169
523,457,224,95,506,117,489,144,164,211,427,552,953,360,284,305,389,958,509,70,266,252,292,211,355,129,378,257,267,677,796,1450,275,511,117,566,466,66,273,555,340,122,414,194,407,471,329,533,182,337
396,245,105,51,311,79,298,95,88,123,260,334,535,187,157,160,213,492,293,46,162,292,87,141,193,83,222,132,162,381,456,778,127,285,70,312,306,44,158,329,200,59,211,120,243,270,177,326,102,232
228,181,78,36,196,45,195,68,62,95,179,200,395,149,119,111,149,386,210,22,122,211,141,41,145,40,123,110,111,272,300,544,112,213,44,213,173,38,92,195,118,34,166,80,180,191,144,206,85,142
383,276,140,55,326,69,322,116,115,155,302,379,582,205,183,184,236,588,356,49,165,355,193,145,99,77,207,133,165,415,541,958,173,309,87,352,338,45,189,335,214,67,273,113,241,325,198,350,145,239
166,104,46,25,147,24,128,40,44,57,122,130,234,77,67,89,88,230,117,13,59,129,83,40,77,16,77,56,61,167,185,348,74,129,33,129,129,21,64,148,71,19,87,66,95,106,88,132,53,89
367,282,126,70,365,84,350,103,130,147,291,374,610,226,182,184,247,600,335,40,182,378,222,123,207,77,116,166,167,403,532,985,196,325,91,339,352,55,165,351,209,75,262,139,277,314,218,358,147,213
274,191,85,53,232,55,219,65,58,93,212,240,409,153,139,155,176,414,250,29,157,257,132,110,133,56,166,44,126,296,352,630,112,198,49,233,216,43,124,273,151,52,193,93,198,200,157,262,85,159
309,215,95,54,256,88,278,77,81,114,219,260,433,169,137,139,186,434,279,35,150,267,162,111,165,61,167,126,67,340,405,740,125,252,51,242,235,36,102,292,188,49,200,92,210,226,161,271,111,201
642,544,284,97,661,144,624,191,215,269,519,715,1107,405,324,348,488,1131,633,68,359,677,381,272,415,167,403,296,340,412,982,1874,379,594,150,657,593,92,325,678,452,139,516,233,513,613,411,693,256,396
767,627,322,128,802,167,681,241,240,310,627,854,1381,510,392,436,587,1389,777,85,431,796,456,300,541,185,532,352,405,982,591,2168,407,710,169,855,715,137,401,813,516,172,594,307,607,703,510,808,261,525
1195,1263,570,226,1491,307,1347,418,482,549,1138,1576,2515,884,746,833,982,2470,1418,180,808,1450,778,544,958,348,985,630,740,1874,2168,1907,724,1256,299,1558,1269,236,709,1491,932,284,1092,566,1131,1292,923,1436,493,887
266,246,110,47,288,67,245,73,81,104,229,305,498,166,138,149,202,520,268,42,146,275,127,112,173,74,196,112,125,379,407,724,74,246,64,324,258,51,138,275,184,55,198,115,219,254,170,262,103,200
482,430,182,97,461,112,485,149,136,190,404,500,851,302,246,279,366,817,493,52,274,511,285,213,309,129,325,198,252,594,710,1256,246,256,95,494,451,73,243,524,333,116,358,188,388,450,306,473,164,325
93,112,44,16,122,31,102,29,43,46,92,122,219,71,53,55,87,208,127,15,50,117,70,44,87,33,91,49,51,150,169,299,64,95,10,134,97,17,62,124,71,23,88,42,94,109,89,103,37,74
510,451,221,97,557,132,573,154,161,222,456,594,981,332,285,296,383,984,524,57,262,566,312,213,352,129,339,233,242,657,855,1558,324,494,134,282,525,83,272,601,357,102,419,226,411,492,326,593,216,380
502,393,173,77,441,95,428,155,133,201,405,521,827,301,249,257,343,853,486,65,286,466,306,173,338,129,352,216,235,593,715,1269,258,451,97,525,204,86,224,509,296,95,362,204,385,453,298,502,167,312
96,59,26,17,73,18,75,25,27,36,63,88,131,51,45,45,58,139,87,6,37,66,44,38,45,21,55,43,36,92,137,236,51,73,17,83,86,4,41,107,69,11,64,27,69,82,52,96,35,48
246,227,89,41,252,63,252,65,88,92,208,270,440,153,119,135,174,459,282,43,139,273,158,92,189,64,165,124,102,325,401,709,138,243,62,272,224,41,53,267,171,51,199,95,201,247,180,267,95,179
443,455,204,99,561,103,494,139,188,219,422,601,952,323,271,304,408,982,525,66,274,555,329,195,335,148,351,273,292,678,813,1491,275,524,124,601,509,107,267,325,352,104,428,235,432,512,351,589,177,372
315,259,141,56,356,70,289,85,107,128,244,346,620,214,191,178,238,634,363,53,190,340,200,118,214,71,209,151,188,452,516,932,184,333,71,357,296,69,171,352,115,76,258,128,260,327,184,319,114,240
122,88,38,13,123,22,107,30,40,50,83,113,180,80,49,48,70,188,99,13,59,122,59,34,67,19,75,52,49,139,172,284,55,116,23,102,95,11,51,104,76,16,80,40,91,100,49,108,37,75
402,351,153,51,400,85,405,121,136,162,338,456,701,235,204,221,272,666,347,41,215,414,211,166,273,87,262,193,200,516,594,1092,198,358,88,419,362,64,199,428,258,80,127,138,324,374,258,416,139,266
191,138,70,35,198,44,204,59,52,86,159,237,338,119,108,107,133,355,183,24,95,194,120,80,113,66,139,93,92,233,307,566,115,188,42,226,204,27,95,235,128,40,138,31,149,193,118,196,73,129
417,328,175,64,387,78,386,128,109,176,360,431,715,267,242,213,269,712,404,50,202,407,243,180,241,95,277,198,210,513,607,1131,219,388,94,411,385,69,201,432,260,91,324,149,163,387,228,443,139,300
418,355,203,87,476,98,454,133,135,172,382,535,881,305,269,297,343,863,457,56,275,471,270,191,325,106,314,200,226,613,703,1292,254,450,109,492,453,82,247,512,327,100,374,193,387,208,312,519,159,311
372,269,124,53,318,67,288,110,108,112,279,329,539,195,167,165,224,523,339,36,172,329,177,144,198,88,218,157,161,411,510,923,170,306,89,326,298,52,180,351,184,49,258,118,228,312,96,350,118,230
494,441,228,85,517,113,475,178,166,227,440,570,920,341,272,322,400,931,519,61,290,533,326,206,350,132,358,262,271,693,808,1436,262,473,103,593,502,96,267,589,319,108,416,196,443,519,350,261,189,376
180,172,76,30,180,37,172,51,56,76,143,192,333,109,91,114,139,327,191,27,86,182,102,85,145,53,147,85,111,256,261,493,103,164,37,216,167,35,95,177,114,37,139,73,139,159,118,189,30,136
389,296,149,53,372,72,330,112,133,164,283,362,558,245,178,178,250,560,352,42,169,337,232,142,239,89,213,159,201,396,525,887,200,325,74,380,312,48,179,372,240,75,266,129,300,311,230,376,136,106
