264,486,232,112,489,113,510,181,194,232,440,513,818,402,321,327,376,854,519,86,327,509,399,197,328,159,382,259,316,633,693,1215,253,483,110,568,468,85,278,450,312,115,358,186,438,451,336,523,170,401
486,195,158,88,473,107,433,112,158,196,374,512,779,281,230,232,339,766,438,58,238,461,253,172,273,126,300,199,226,542,656,1269,243,401,108,421,398,79,213,439,267,92,322,162,336,417,272,486,179,309
232,158,32,32,205,44,183,58,66,95,180,214,377,125,103,104,158,392,190,29,104,204,122,83,139,37,118,94,85,264,311,603,113,214,55,197,164,19,104,226,124,43,146,68,166,184,127,212,77,134
112,88,32,12,88,26,85,27,15,34,76,78,143,51,53,65,76,148,98,18,56,80,62,35,69,28,71,48,67,108,128,216,49,82,19,90,86,11,41,84,55,22,69,33,83,84,58,89,29,54
489,473,205,88,241,134,524,142,158,218,439,590,991,331,289,289,362,960,514,57,291,542,292,216,350,116,345,241,251,666,778,1449,292,508,123,544,535,93,270,569,328,119,404,212,422,469,334,505,197,347
113,107,44,26,134,11,103,32,25,48,97,120,180,73,69,85,77,188,120,20,70,114,70,44,74,36,74,55,72,162,156,288,56,103,24,111,119,19,55,117,80,25,103,50,113,111,76,111,36,78
510,433,183,85,524,103,223,135,146,199,427,549,844,328,274,283,375,866,522,69,277,537,293,182,310,123,322,202,234,617,710,1387,273,474,111,531,439,89,233,550,312,100,364,182,400,476,301,462,174,332
181,112,58,27,142,32,135,17,41,71,137,164,268,100,78,83,106,264,149,19,82,154,104,60,84,24,91,63,69,171,225,400,88,151,37,152,152,22,74,154,88,24,110,56,112,127,87,161,60,110
194,158,66,15,158,25,146,41,23,62,139,171,276,112,112,89,105,301,151,16,89,159,77,71,107,42,111,84,69,213,255,511,102,138,42,194,127,23,77,173,111,29,132,60,138,170,97,178,55,126
232,196,95,34,218,48,199,71,62,36,145,220,345,143,113,135,159,356,220,27,119,205,139,82,145,53,150,114,97,248,293,498,111,208,46,210,206,34,116,223,129,40,140,89,164,178,159,203,78,153
440,374,180,76,439,97,427,137,139,145,165,461,744,297,244,261,324,734,454,59,236,476,270,160,279,121,306,234,200,553,672,1113,214,431,86,475,420,74,234,441,269,93,298,170,351,387,306,433,155,294
513,512,214,78,590,120,549,164,171,220,461,314,1052,374,280,324,424,1030,602,79,300,594,320,230,365,135,373,259,270,697,850,1699,330,528,137,561,543,106,300,621,361,125,459,189,426,532,347,564,241,376
818,779,377,143,991,180,844,268,276,345,744,1052,872,600,483,532,650,1501,903,118,479,954,588,366,589,224,625,392,470,1242,1397,2582,533,865,204,933,865,171,454,988,567,206,692,345,741,847,597,965,346,607
402,281,125,51,331,73,328,100,112,143,297,374,600,132,156,151,278,571,363,45,175,383,215,126,228,81,215,151,188,371,496,932,178,302,81,385,295,49,157,333,206,67,250,144,272,311,237,347,123,216
321,230,103,53,289,69,274,78,112,113,244,280,483,156,63,129,208,483,262,33,132,251,160,106,157,56,163,112,135,310,385,779,138,274,53,304,279,40,137,253,149,58,204,108,220,254,187,290,98,181
327,232,104,65,289,85,283,83,89,135,261,324,532,151,129,62,202,519,291,37,143,299,165,97,163,63,181,121,135,332,429,848,169,274,64,318,268,52,136,292,207,56,209,90,211,279,168,312,112,192
376,339,158,76,362,77,375,106,105,159,324,424,650,278,208,202,122,661,380,46,211,404,219,139,233,85,235,168,188,462,583,1035,197,332,95,402,333,65,203,414,259,86,278,122,301,359,222,409,129,258
854,766,392,148,960,188,866,264,301,356,734,1030,1501,571,483,519,661,793,903,119,457,990,552,365,598,222,614,401,471,1169,1369,2544,516,885,182,997,860,185,463,952,607,198,677,318,714,861,532,930,326,627
519,438,190,98,514,120,522,149,151,220,454,602,903,363,262,291,380,903,278,70,276,496,294,198,314,130,338,240,235,692,781,1386,252,511,110,553,510,84,271,574,348,102,397,189,440,466,296,531,185,364
86,58,29,18,57,20,69,19,16,27,59,79,118,45,33,37,46,119,70,1,34,65,33,21,36,10,36,21,38,72,101,166,28,67,14,63,73,10,26,58,37,22,49,31,58,63,29,65,24,48
327,238,104,56,291,70,277,82,89,119,236,300,479,175,132,143,211,457,276,34,67,271,163,123,173,71,177,105,132,316,403,735,146,260,49,278,266,35,116,318,185,47,222,96,225,247,179,275,101,200
509,461,204,80,542,114,537,154,159,205,476,594,954,383,251,299,404,990,496,65,271,282,325,239,378,133,380,229,265,678,786,1416,275,501,126,565,504,88,268,552,328,100,408,196,456,509,341,548,197,373
399,253,122,62,292,70,293,104,77,139,270,320,588,215,160,165,219,552,294,33,163,325,106,106,190,90,219,135,156,325,441,857,164,294,76,340,307,39,147,283,188,70,239,122,235,279,196,297,100,206
197,172,83,35,216,44,182,60,71,82,160,230,366,126,106,97,139,365,198,21,123,239,106,37,151,45,134,95,91,234,315,580,114,177,50,222,175,21,97,224,155,42,143,74,173,184,132,216,70,125
328,273,139,69,350,74,310,84,107,145,279,365,589,228,157,163,233,598,314,36,173,378,190,151,91,78,212,161,191,387,516,897,171,336,80,360,289,45,183,358,213,74,280,122,254,310,202,354,110,234
159,126,37,28,116,36,123,24,42,53,121,135,224,81,56,63,85,222,130,10,71,133,90,45,78,16,79,59,69,166,227,338,72,117,31,150,98,16,63,144,84,26,84,38,93,123,79,123,46,87
382,300,118,71,345,74,322,91,111,150,306,373,625,215,163,181,235,614,338,36,177,380,219,134,212,79,114,149,193,419,545,973,200,315,74,369,287,53,189,330,205,72,276,135,284,341,205,350,120,219
259,199,94,48,241,55,202,63,84,114,234,259,392,151,112,121,168,401,240,21,105,229,135,95,161,59,149,61,118,286,339,688,121,225,59,233,224,39,119,234,137,60,174,102,188,210,144,258,91,166
316,226,85,67,251,72,234,69,69,97,200,270,470,188,135,135,188,471,235,38,132,265,156,91,191,69,193,118,77,316,395,740,127,262,39,255,224,31,106,268,146,55,212,104,213,230,156,252,92,178
633,542,264,108,666,162,617,171,213,248,553,697,1242,371,310,332,462,1169,692,72,316,678,325,234,387,166,419,286,316,404,974,1852,352,588,129,687,576,116,329,666,417,135,500,237,467,600,387,639,230,416
693,656,311,128,778,156,710,225,255,293,672,850,1397,496,385,429,583,1369,781,101,403,786,441,315,516,227,545,339,395,974,597,2096,395,721,181,840,675,140,379,816,527,161,595,290,630,743,485,802,288,518
1215,1269,603,216,1449,288,1387,400,511,498,1113,1699,2582,932,779,848,1035,2544,1386,166,735,1416,857,580,897,338,973,688,740,1852,2096,2025,746,1278,335,1543,1325,258,717,1489,970,293,1099,522,1146,1282,901,1430,506,898
253,243,113,49,292,56,273,88,102,111,214,330,533,178,138,169,197,516,252,28,146,275,164,114,171,72,200,121,127,352,395,746,68,264,59,287,277,49,155,289,172,53,221,117,212,252,175,290,110,176
483,401,214,82,508,103,474,151,138,208,431,528,865,302,274,274,332,885,511,67,260,501,294,177,336,117,315,225,262,588,721,1278,264,227,122,492,474,81,245,478,340,106,358,184,392,445,298,482,170,332
110,108,55,19,123,24,111,37,42,46,86,137,204,81,53,64,95,182,110,14,49,126,76,50,80,31,74,59,39,129,181,335,59,122,14,125,111,15,59,107,75,15,73,44,76,109,65,103,47,84
568,421,197,90,544,111,531,152,194,210,475,561,933,385,304,318,402,997,553,63,278,565,340,222,360,150,369,233,255,687,840,1543,287,492,125,312,507,95,273,615,345,110,464,208,469,516,325,586,198,395
468,398,164,86,535,119,439,152,127,206,420,543,865,295,279,268,333,860,510,73,266,504,307,175,289,98,287,224,224,576,675,1325,277,474,111,507,219,84,224,483,302,104,335,180,371,413,325,497,180,340
85,79,19,11,93,19,89,22,23,34,74,106,171,49,40,52,65,185,84,10,35,88,39,21,45,16,53,39,31,116,140,258,49,81,15,95,84,12,42,94,58,13,72,33,53,89,49,85,32,53
278,213,104,41,270,55,233,74,77,116,234,300,454,157,137,136,203,463,271,26,116,268,147,97,183,63,189,119,106,329,379,717,155,245,59,273,224,42,67,280,159,49,197,116,200,241,166,255,95,172
450,439,226,84,569,117,550,154,173,223,441,621,988,333,253,292,414,952,574,58,318,552,283,224,358,144,330,234,268,666,816,1489,289,478,107,615,483,94,280,299,337,118,403,208,447,474,331,557,196,371
312,267,124,55,328,80,312,88,111,129,269,361,567,206,149,207,259,607,348,37,185,328,188,155,213,84,205,137,146,417,527,970,172,340,75,345,302,58,159,337,96,65,246,142,262,298,214,312,133,221
115,92,43,22,119,25,100,24,29,40,93,125,206,67,58,56,86,198,102,22,47,100,70,42,74,26,72,60,55,135,161,293,53,106,15,110,104,13,49,118,65,7,98,29,96,105,73,116,40,74
358,322,146,69,404,103,364,110,132,140,298,459,692,250,204,209,278,677,397,49,222,408,239,143,280,84,276,174,212,500,595,1099,221,358,73,464,335,72,197,403,246,98,143,142,310,347,258,381,137,262
186,162,68,33,212,50,182,56,60,89,170,189,345,144,108,90,122,318,189,31,96,196,122,74,122,38,135,102,104,237,290,522,117,184,44,208,180,33,116,208,142,29,142,51,170,168,137,191,70,163
438,336,166,83,422,113,400,112,138,164,351,426,741,272,220,211,301,714,440,58,225,456,235,173,254,93,284,188,213,467,630,1146,212,392,76,469,371,53,200,447,262,96,310,170,163,338,279,425,150,281
451,417,184,84,469,111,476,127,170,178,387,532,847,311,254,279,359,861,466,63,247,509,279,184,310,123,341,210,230,600,743,1282,252,445,109,516,413,89,241,474,298,105,347,168,338,216,298,477,186,296
336,272,127,58,334,76,301,87,97,159,306,347,597,237,187,168,222,532,296,29,179,341,196,132,202,79,205,144,156,387,485,901,175,298,65,325,325,49,166,331,214,73,258,137,279,298,86,342,120,223
523,486,212,89,505,111,462,161,178,203,433,564,965,347,290,312,409,930,531,65,275,548,297,216,354,123,350,258,252,639,802,1430,290,482,103,586,497,85,255,557,312,116,381,191,425,477,342,249,203,340
170,179,77,29,197,36,174,60,55,78,155,241,346,123,98,112,129,326,185,24,101,197,100,70,110,46,120,91,92,230,288,506,110,170,47,198,180,32,95,196,133,40,137,70,150,186,120,203,28,129
401,309,134,54,347,78,332,110,126,153,294,376,607,216,181,192,258,627,364,48,200,373,206,125,234,87,219,166,178,416,518,898,176,332,84,395,340,53,172,371,221,74,262,163,281,296,223,340,129,123
