272,457,231,101,506,107,492,171,189,258,480,490,840,374,329,335,376,815,496,73,352,527,354,196,375,153,394,255,298,649,718,1230,250,538,108,515,479,90,244,492,335,101,380,173,437,418,341,486,177,399
457,187,165,74,437,106,431,134,147,196,409,467,769,269,224,213,323,748,432,50,216,451,271,177,286,123,301,218,201,533,719,1283,249,448,101,448,402,63,218,520,287,91,340,156,326,405,264,437,160,330
231,165,40,51,199,51,202,63,68,79,173,204,325,134,97,92,139,366,183,17,87,203,111,91,120,55,128,94,100,272,304,571,101,202,37,206,192,33,97,243,122,33,149,88,162,172,119,232,64,130
101,74,51,9,74,19,85,29,34,36,69,91,141,68,72,66,62,150,69,14,58,81,56,33,54,13,49,45,59,103,130,202,40,86,22,97,85,12,42,84,53,13,61,24,71,82,68,95,26,78
506,437,199,74,224,113,491,166,156,206,391,537,915,316,282,319,383,927,492,75,278,511,297,187,343,145,331,252,270,655,778,1425,292,463,115,575,451,90,257,524,315,106,399,192,389,483,346,544,192,330
107,106,51,19,113,11,100,48,44,43,101,129,199,78,70,69,80,202,109,12,68,113,85,53,70,33,75,58,69,153,175,288,66,105,28,108,95,17,59,116,78,12,81,42,90,111,92,107,45,79
492,431,202,85,491,100,214,153,165,203,403,555,823,322,289,296,368,867,450,79,250,511,300,195,329,126,328,226,251,626,759,1350,263,464,120,512,400,88,248,540,331,106,356,206,399,460,338,462,187,342
171,134,63,29,166,48,153,25,52,71,158,156,292,106,67,74,87,288,148,19,71,149,79,51,107,34,100,80,90,187,228,465,86,147,36,161,123,19,68,142,107,38,115,56,127,143,99,163,66,116
189,147,68,34,156,44,165,52,23,61,133,176,300,125,81,109,117,295,144,25,92,179,106,71,102,42,115,80,72,222,255,466,102,173,41,177,159,29,81,154,115,33,116,47,133,151,110,183,56,108
258,196,79,36,206,43,203,71,61,45,172,221,343,128,109,111,157,361,204,28,104,212,147,90,162,45,114,104,106,238,291,557,114,181,48,230,199,32,100,207,127,40,148,75,179,196,128,210,80,159
480,409,173,69,391,101,403,158,133,172,174,463,749,267,242,259,324,785,472,47,233,426,280,172,324,126,304,217,242,543,624,1158,238,351,85,463,396,57,239,436,272,92,325,160,358,390,273,409,165,310
490,467,204,91,537,129,555,156,176,221,463,310,1011,345,253,310,453,1020,557,60,319,567,328,242,354,138,390,255,255,686,798,1633,322,521,147,593,535,102,289,609,358,129,431,225,450,561,353,570,195,349
840,769,325,141,915,199,823,292,300,343,749,1011,826,555,406,480,695,1494,957,124,538,943,550,368,589,221,617,414,420,1197,1422,2542,503,891,209,937,824,153,448,959,590,204,690,340,664,844,547,908,337,624
374,269,134,68,316,78,322,106,125,128,267,345,555,112,198,203,249,588,316,48,154,343,203,120,230,85,203,157,181,381,486,887,165,323,74,304,312,60,158,326,196,51,242,120,282,296,200,348,126,235
329,224,97,72,282,70,289,67,81,109,242,253,406,198,68,135,192,464,264,33,135,291,168,121,168,66,177,106,139,309,402,744,127,296,75,291,258,36,125,274,168,49,203,102,225,250,160,301,93,169
335,213,92,66,319,69,296,74,109,111,259,310,480,203,135,73,204,488,306,31,154,324,185,132,177,73,186,128,125,337,433,811,139,279,69,314,267,44,139,333,194,62,224,117,227,247,178,328,106,195
376,323,139,62,383,80,368,87,117,157,324,453,695,249,192,204,107,670,351,52,203,398,228,151,247,83,223,170,186,499,562,1053,208,358,78,375,346,71,171,405,254,47,274,137,303,347,238,396,129,253
815,748,366,150,927,202,867,288,295,361,785,1020,1494,588,464,488,670,807,948,111,525,934,550,367,605,229,634,442,453,1187,1441,2476,498,816,221,951,830,148,462,951,599,195,672,344,741,873,596,901,327,643
496,432,183,69,492,109,450,148,144,204,472,557,957,316,264,306,351,948,266,59,268,455,286,187,330,136,382,243,249,638,805,1459,287,463,124,570,438,87,231,565,321,94,402,184,382,504,322,485,182,328
73,50,17,14,75,12,79,19,25,28,47,60,124,48,33,31,52,111,59,5,39,58,48,33,43,15,35,35,36,68,92,182,36,61,17,74,60,13,28,69,33,10,53,18,59,74,42,87,24,42
352,216,87,58,278,68,250,71,92,104,233,319,538,154,135,154,203,525,268,39,52,281,174,104,190,67,166,120,122,307,403,821,143,272,73,283,261,39,138,309,190,55,254,101,236,263,180,321,118,201
527,451,203,81,511,113,511,149,179,212,426,567,943,343,291,324,398,934,455,58,281,238,307,206,349,137,350,238,277,652,751,1423,264,487,113,550,475,77,234,555,337,97,385,185,413,490,338,554,193,342
354,271,111,56,297,85,300,79,106,147,280,328,550,203,168,185,228,550,286,48,174,307,98,112,211,72,190,131,155,402,482,837,148,270,78,315,266,38,169,290,206,55,193,115,229,267,179,341,119,215
196,177,91,33,187,53,195,51,71,90,172,242,368,120,121,132,151,367,187,33,104,206,112,37,123,59,128,91,111,273,322,553,110,156,35,211,186,31,95,224,142,38,134,96,157,173,126,204,81,139
375,286,120,54,343,70,329,107,102,162,324,354,589,230,168,177,247,605,330,43,190,349,211,123,111,86,217,145,168,422,537,924,169,294,89,324,300,49,174,380,244,56,238,133,248,336,207,358,125,232
153,123,55,13,145,33,126,34,42,45,126,138,221,85,66,73,83,229,136,15,67,137,72,59,86,9,63,60,80,166,208,394,69,116,13,115,118,15,64,145,84,23,107,58,97,125,84,133,43,68
394,301,128,49,331,75,328,100,115,114,304,390,617,203,177,186,223,634,382,35,166,350,190,128,217,63,98,170,165,438,548,1033,172,320,68,318,298,52,180,377,227,62,268,130,244,342,214,341,126,206
255,218,94,45,252,58,226,80,80,104,217,255,414,157,106,128,170,442,243,35,120,238,131,91,145,60,170,50,111,309,373,667,118,235,51,235,215,46,115,267,143,52,197,89,171,215,134,261,69,165
298,201,100,59,270,69,251,90,72,106,242,255,420,181,139,125,186,453,249,36,122,277,155,111,168,80,165,111,63,315,392,697,130,245,57,247,235,35,122,277,147,42,215,103,210,232,164,255,89,169
649,533,272,103,655,153,626,187,222,238,543,686,1197,381,309,337,499,1187,638,68,307,652,402,273,422,166,438,309,315,423,976,1746,349,596,144,677,604,122,331,685,405,146,541,223,498,623,391,656,239,435
718,719,304,130,778,175,759,228,255,291,624,798,1422,486,402,433,562,1441,805,92,403,751,482,322,537,208,548,373,392,976,598,2189,418,748,177,791,724,111,356,805,501,158,594,270,626,737,506,806,293,505
1230,1283,571,202,1425,288,1350,465,466,557,1158,1633,2542,887,744,811,1053,2476,1459,182,821,1423,837,553,924,394,1033,667,697,1746,2189,1985,755,1327,320,1551,1275,248,735,1457,935,305,992,549,1091,1311,880,1464,508,962
250,249,101,40,292,66,263,86,102,114,238,322,503,165,127,139,208,498,287,36,143,264,148,110,169,69,172,118,130,349,418,755,71,272,68,298,257,49,120,284,178,44,206,114,200,242,158,291,92,191
538,448,202,86,463,105,464,147,173,181,351,521,891,323,296,279,358,816,463,61,272,487,270,156,294,116,320,235,245,596,748,1327,272,220,117,533,436,82,248,498,320,83,352,182,381,441,313,491,184,329
108,101,37,22,115,28,120,36,41,48,85,147,209,74,75,69,78,221,124,17,73,113,78,35,89,13,68,51,57,144,177,320,68,117,15,131,109,17,73,120,89,28,102,43,90,109,82,140,51,77
515,448,206,97,575,108,512,161,177,230,463,593,937,304,291,314,375,951,570,74,283,550,315,211,324,115,318,235,247,677,791,1551,298,533,131,255,477,77,253,595,373,104,457,198,421,524,360,560,200,391
479,402,192,85,451,95,400,123,159,199,396,535,824,312,258,267,346,830,438,60,261,475,266,186,300,118,298,215,235,604,724,1275,257,436,109,477,220,72,237,516,335,95,339,179,352,455,322,515,159,332
90,63,33,12,90,17,88,19,29,32,57,102,153,60,36,44,71,148,87,13,39,77,38,31,49,15,52,46,35,122,111,248,49,82,17,77,72,7,48,86,48,22,53,34,64,93,45,91,26,41
244,218,97,42,257,59,248,68,81,100,239,289,448,158,125,139,171,462,231,28,138,234,169,95,174,64,180,115,122,331,356,735,120,248,73,253,237,48,58,256,165,51,192,111,186,233,163,246,96,189
492,520,243,84,524,116,540,142,154,207,436,609,959,326,274,333,405,951,565,69,309,555,290,224,380,145,377,267,277,685,805,1457,284,498,120,595,516,86,256,283,336,106,426,203,462,526,343,579,206,358
335,287,122,53,315,78,331,107,115,127,272,358,590,196,168,194,254,599,321,33,190,337,206,142,244,84,227,143,147,405,501,935,178,320,89,373,335,48,165,336,104,62,247,120,276,324,198,343,130,234
101,91,33,13,106,12,106,38,33,40,92,129,204,51,49,62,47,195,94,10,55,97,55,38,56,23,62,52,42,146,158,305,44,83,28,104,95,22,51,106,62,11,115,36,78,90,62,112,42,75
380,340,149,61,399,81,356,115,116,148,325,431,690,242,203,224,274,672,402,53,254,385,193,134,238,107,268,197,215,541,594,992,206,352,102,457,339,53,192,426,247,115,133,134,303,355,241,386,122,244
173,156,88,24,192,42,206,56,47,75,160,225,340,120,102,117,137,344,184,18,101,185,115,96,133,58,130,89,103,223,270,549,114,182,43,198,179,34,111,203,120,36,134,43,154,163,129,214,71,126
437,326,162,71,389,90,399,127,133,179,358,450,664,282,225,227,303,741,382,59,236,413,229,157,248,97,244,171,210,498,626,1091,200,381,90,421,352,64,186,462,276,78,303,154,155,372,250,430,135,277
418,405,172,82,483,111,460,143,151,196,390,561,844,296,250,247,347,873,504,74,263,490,267,173,336,125,342,215,232,623,737,1311,242,441,109,524,455,93,233,526,324,90,355,163,372,218,325,520,183,335
341,264,119,68,346,92,338,99,110,128,273,353,547,200,160,178,238,596,322,42,180,338,179,126,207,84,214,134,164,391,506,880,158,313,82,360,322,45,163,343,198,62,241,129,250,325,105,367,142,213
486,437,232,95,544,107,462,163,183,210,409,570,908,348,301,328,396,901,485,87,321,554,341,204,358,133,341,261,255,656,806,1464,291,491,140,560,515,91,246,579,343,112,386,214,430,520,367,271,196,337
177,160,64,26,192,45,187,66,56,80,165,195,337,126,93,106,129,327,182,24,118,193,119,81,125,43,126,69,89,239,293,508,92,184,51,200,159,26,96,206,130,42,122,71,135,183,142,196,28,144
399,330,130,78,330,79,342,116,108,159,310,349,624,235,169,195,253,643,328,42,201,342,215,139,232,68,206,165,169,435,505,962,191,329,77,391,332,41,189,358,234,75,244,126,277,335,213,337,144,115
