277,444,213,86,511,105,487,198,161,249,468,554,883,401,330,350,386,833,495,68,322,512,381,211,370,166,389,302,309,597,696,1213,281,506,108,591,481,71,259,455,333,114,362,180,443,427,331,491,203,429
444,186,178,73,457,97,437,115,134,195,372,515,811,315,237,250,292,803,461,55,227,450,264,194,292,91,277,203,216,578,662,1358,267,411,93,465,417,86,234,480,295,100,313,158,385,436,291,495,172,319
213,178,39,32,179,51,193,52,63,77,157,220,337,128,112,108,122,336,188,22,104,213,101,85,127,53,127,93,103,222,285,537,99,194,54,228,172,41,82,192,113,27,153,76,154,179,117,212,83,128
86,73,32,5,94,20,89,34,24,32,53,79,147,55,51,45,59,133,69,11,52,78,55,41,59,26,54,31,51,98,117,208,41,68,25,93,81,22,43,97,67,12,53,28,63,79,54,72,32,56
511,457,179,94,257,111,482,139,166,191,448,568,950,348,284,341,383,960,535,60,267,535,323,215,351,132,344,249,255,629,822,1434,303,469,134,572,475,76,260,564,335,102,432,201,421,490,318,543,194,353
105,97,51,20,111,7,121,34,32,65,81,129,213,88,63,56,78,189,114,21,63,104,78,45,80,20,73,49,66,142,175,309,59,106,23,128,111,24,54,122,89,29,69,48,99,91,79,112,41,81
487,437,193,89,482,121,237,141,150,204,421,545,923,322,262,279,361,864,475,62,283,492,298,219,299,120,355,221,229,628,737,1410,257,435,107,548,472,88,237,540,331,92,363,191,366,452,301,474,203,328
198,115,52,34,139,34,141,32,41,77,124,154,277,99,86,90,139,294,144,21,78,157,100,51,108,37,103,71,83,189,233,422,81,147,33,200,153,22,81,149,106,32,128,65,114,138,97,153,80,112
161,134,63,24,166,32,150,41,25,70,142,192,311,108,93,103,128,285,148,19,90,177,102,62,118,46,118,72,79,179,240,438,102,148,41,175,152,34,86,188,129,40,115,59,141,147,113,165,60,101
249,195,77,32,191,65,204,77,70,41,159,244,382,123,102,128,152,363,205,29,115,199,145,84,142,54,124,99,110,262,320,535,110,187,47,231,207,44,116,190,122,55,175,77,159,169,148,212,88,147
468,372,157,53,448,81,421,124,142,159,168,489,784,275,213,268,327,738,452,46,246,469,273,185,300,104,290,212,230,535,632,1122,222,396,90,488,394,80,229,403,265,105,332,162,348,362,253,418,175,309
554,515,220,79,568,129,545,154,192,244,489,310,1063,353,296,303,423,1012,589,62,281,566,339,218,368,130,385,251,285,691,881,1679,313,526,156,631,520,84,272,609,378,113,452,220,447,544,356,582,227,377
883,811,337,147,950,213,923,277,311,382,784,1063,826,571,478,526,663,1454,927,115,530,958,510,362,578,217,593,444,441,1165,1354,2533,482,852,220,992,837,160,429,968,619,181,675,369,712,897,577,971,356,581
401,315,128,55,348,88,322,99,108,123,275,353,571,94,168,195,248,557,330,29,186,323,171,131,223,84,210,141,144,374,506,910,173,296,83,352,325,52,169,332,211,56,219,131,273,325,228,344,126,236
330,237,112,51,284,63,262,86,93,102,213,296,478,168,62,123,199,469,259,30,121,256,162,101,155,70,175,111,157,337,380,746,121,225,51,296,261,41,128,264,175,37,186,94,218,219,147,291,80,188
350,250,108,45,341,56,279,90,103,128,268,303,526,195,123,75,223,512,286,39,132,302,166,106,183,67,196,124,162,388,417,810,137,270,64,295,269,35,145,306,220,50,222,98,239,242,177,321,111,204
386,292,122,59,383,78,361,139,128,152,327,423,663,248,199,223,129,663,371,43,185,364,219,148,249,120,251,171,195,482,548,1027,188,353,82,394,331,56,187,416,234,76,299,151,281,339,206,408,142,244
833,803,336,133,960,189,864,294,285,363,738,1012,1454,557,469,512,663,774,947,117,498,983,547,372,610,222,594,444,435,1188,1335,2567,467,814,190,982,829,166,428,967,613,166,661,378,714,858,544,943,331,593
495,461,188,69,535,114,475,144,148,205,452,589,927,330,259,286,371,947,240,64,262,493,316,202,339,115,332,214,263,653,682,1424,267,443,121,563,438,75,249,542,325,105,383,186,422,456,326,524,206,372
68,55,22,11,60,21,62,21,19,29,46,62,115,29,30,39,43,117,64,4,44,64,27,20,28,11,39,37,33,81,107,186,37,63,11,62,62,17,37,65,41,22,51,28,43,75,33,69,20,43
322,227,104,52,267,63,283,78,90,115,246,281,530,186,121,132,185,498,262,44,77,314,154,134,195,74,201,119,128,321,446,849,149,267,59,287,285,49,142,289,162,63,239,123,228,291,152,286,110,176
512,450,213,78,535,104,492,157,177,199,469,566,958,323,256,302,364,983,493,64,314,288,311,215,335,120,358,247,275,623,730,1522,300,456,112,573,448,90,284,570,363,117,400,201,451,477,331,561,190,349
381,264,101,55,323,78,298,100,102,145,273,339,510,171,162,166,219,547,316,27,154,311,84,125,195,62,185,148,132,384,440,835,149,258,68,324,274,61,172,307,195,59,205,125,228,265,174,315,105,197
211,194,85,41,215,45,219,51,62,84,185,218,362,131,101,106,148,372,202,20,134,215,125,45,144,58,141,110,97,271,299,570,128,195,52,211,189,38,103,218,129,39,149,69,154,199,143,223,84,139
370,292,127,59,351,80,299,108,118,142,300,368,578,223,155,183,249,610,339,28,195,335,195,144,113,86,238,146,182,446,484,937,180,310,74,368,309,61,144,352,201,57,270,114,263,289,178,364,131,238
166,91,53,26,132,20,120,37,46,54,104,130,217,84,70,67,120,222,115,11,74,120,62,58,86,8,63,69,68,148,191,345,80,132,27,132,127,17,80,116,70,21,107,49,96,100,81,134,40,94
389,277,127,54,344,73,355,103,118,124,290,385,593,210,175,196,251,594,332,39,201,358,185,141,238,63,109,177,168,433,548,968,204,339,84,360,335,56,182,347,211,55,259,142,287,331,223,418,137,244
302,203,93,31,249,49,221,71,72,99,212,251,444,141,111,124,171,444,214,37,119,247,148,110,146,69,177,58,132,290,371,654,116,219,54,224,215,30,121,252,170,44,171,72,195,239,138,248,83,167
309,216,103,51,255,66,229,83,79,110,230,285,441,144,157,162,195,435,263,33,128,275,132,97,182,68,168,132,72,302,389,717,140,268,59,279,239,42,121,270,139,58,183,96,218,228,156,268,96,187
597,578,222,98,629,142,628,189,179,262,535,691,1165,374,337,388,482,1188,653,81,321,623,384,271,446,148,433,290,302,429,955,1844,379,565,144,666,570,100,308,738,414,116,509,244,526,600,402,620,232,443
696,662,285,117,822,175,737,233,240,320,632,881,1354,506,380,417,548,1335,682,107,446,730,440,299,484,191,548,371,389,955,558,2151,433,753,151,801,704,130,407,812,519,143,580,308,572,705,472,798,269,529
1213,1358,537,208,1434,309,1410,422,438,535,1122,1679,2533,910,746,810,1027,2567,1424,186,849,1522,835,570,937,345,968,654,717,1844,2151,1936,739,1320,325,1523,1301,262,713,1583,948,304,1104,572,1133,1348,923,1458,504,935
281,267,99,41,303,59,257,81,102,110,222,313,482,173,121,137,188,467,267,37,149,300,149,128,180,80,204,116,140,379,433,739,56,269,61,309,266,56,143,296,171,41,198,116,208,235,182,289,101,213
506,411,194,68,469,106,435,147,148,187,396,526,852,296,225,270,353,814,443,63,267,456,258,195,310,132,339,219,268,565,753,1320,269,227,100,538,444,78,224,540,345,99,359,189,390,450,282,476,158,323
108,93,54,25,134,23,107,33,41,47,90,156,220,83,51,64,82,190,121,11,59,112,68,52,74,27,84,54,59,144,151,325,61,100,14,123,120,15,56,126,77,24,84,36,86,113,67,117,35,74
591,465,228,93,572,128,548,200,175,231,488,631,992,352,296,295,394,982,563,62,287,573,324,211,368,132,360,224,279,666,801,1523,309,538,123,252,501,90,286,616,344,92,426,185,441,510,317,582,195,355
481,417,172,81,475,111,472,153,152,207,394,520,837,325,261,269,331,829,438,62,285,448,274,189,309,127,335,215,239,570,704,1301,266,444,120,501,228,79,247,495,317,80,345,164,380,454,267,454,165,310
71,86,41,22,76,24,88,22,34,44,80,84,160,52,41,35,56,166,75,17,49,90,61,38,61,17,56,30,42,100,130,262,56,78,15,90,79,7,34,85,59,12,54,35,72,86,57,92,34,49
259,234,82,43,260,54,237,81,86,116,229,272,429,169,128,145,187,428,249,37,142,284,172,103,144,80,182,121,121,308,407,713,143,224,56,286,247,34,57,257,177,43,206,101,184,245,147,269,102,189
455,480,192,97,564,122,540,149,188,190,403,609,968,332,264,306,416,967,542,65,289,570,307,218,352,116,347,252,270,738,812,1583,296,540,126,616,495,85,257,295,363,105,403,187,421,515,309,573,186,361
333,295,113,67,335,89,331,106,129,122,265,378,619,211,175,220,234,613,325,41,162,363,195,129,201,70,211,170,139,414,519,948,171,345,77,344,317,59,177,363,113,82,244,138,259,317,198,390,122,218
114,100,27,12,102,29,92,32,40,55,105,113,181,56,37,50,76,166,105,22,63,117,59,39,57,21,55,44,58,116,143,304,41,99,24,92,80,12,43,105,82,7,78,35,82,94,61,106,44,67
362,313,153,53,432,69,363,128,115,175,332,452,675,219,186,222,299,661,383,51,239,400,205,149,270,107,259,171,183,509,580,1104,198,359,84,426,345,54,206,403,244,78,143,162,310,353,259,393,141,292
180,158,76,28,201,48,191,65,59,77,162,220,369,131,94,98,151,378,186,28,123,201,125,69,114,49,142,72,96,244,308,572,116,189,36,185,164,35,101,187,138,35,162,29,149,164,113,209,62,135
443,385,154,63,421,99,366,114,141,159,348,447,712,273,218,239,281,714,422,43,228,451,228,154,263,96,287,195,218,526,572,1133,208,390,86,441,380,72,184,421,259,82,310,149,175,352,249,407,161,270
427,436,179,79,490,91,452,138,147,169,362,544,897,325,219,242,339,858,456,75,291,477,265,199,289,100,331,239,228,600,705,1348,235,450,113,510,454,86,245,515,317,94,353,164,352,215,272,482,167,331
331,291,117,54,318,79,301,97,113,148,253,356,577,228,147,177,206,544,326,33,152,331,174,143,178,81,223,138,156,402,472,923,182,282,67,317,267,57,147,309,198,61,259,113,249,272,87,316,106,214
491,495,212,72,543,112,474,153,165,212,418,582,971,344,291,321,408,943,524,69,286,561,315,223,364,134,418,248,268,620,798,1458,289,476,117,582,454,92,269,573,390,106,393,209,407,482,316,267,185,358
203,172,83,32,194,41,203,80,60,88,175,227,356,126,80,111,142,331,206,20,110,190,105,84,131,40,137,83,96,232,269,504,101,158,35,195,165,34,102,186,122,44,141,62,161,167,106,185,26,125
429,319,128,56,353,81,328,112,101,147,309,377,581,236,188,204,244,593,372,43,176,349,197,139,238,94,244,167,187,443,529,935,213,323,74,355,310,49,189,361,218,67,292,135,270,331,214,358,125,126
