284,439,187,73,528,106,425,187,180,228,435,496,805,384,336,363,347,853,490,75,314,492,334,209,380,156,378,298,321,619,691,1118,248,487,121,509,477,86,253,467,321,107,409,169,457,418,346,496,170,390
439,180,182,76,413,95,386,110,137,162,349,466,786,253,229,235,320,792,464,54,229,475,264,161,279,93,254,207,205,526,663,1278,222,408,109,451,434,76,209,461,282,93,379,175,310,394,275,432,175,297
187,182,40,29,207,45,159,59,66,84,165,207,384,116,114,115,134,395,182,32,88,186,113,82,117,44,131,90,90,251,279,622,124,192,47,181,168,29,80,227,125,36,152,79,135,174,121,177,83,115
73,76,29,7,82,15,73,24,35,33,59,82,141,54,41,50,76,153,93,12,44,93,57,28,69,30,70,43,39,106,116,228,32,64,18,98,82,9,37,66,44,16,48,31,63,67,54,80,41,48
528,413,207,82,275,110,486,152,183,208,428,575,895,314,278,296,370,879,508,60,288,507,298,201,320,113,323,235,266,633,741,1394,265,457,115,524,488,81,259,523,336,119,387,189,391,486,323,533,189,356
106,95,45,15,110,11,99,33,45,45,81,105,193,83,66,72,92,190,124,14,69,122,74,41,88,35,80,50,51,140,158,316,43,94,26,110,106,15,57,102,75,20,92,38,91,97,85,116,47,55
425,386,159,73,486,99,209,135,157,192,398,516,886,277,266,287,353,871,473,57,268,487,304,189,323,123,311,228,269,641,726,1348,262,467,108,506,420,65,233,494,319,93,378,171,380,436,313,443,180,326
187,110,59,24,152,33,135,31,40,55,123,178,264,100,84,82,118,269,151,20,69,151,87,67,89,44,98,79,96,185,219,391,75,136,30,160,143,25,75,142,90,25,136,53,141,140,90,155,57,97
180,137,66,35,183,45,157,40,22,68,131,211,315,111,96,95,103,290,152,19,86,174,90,71,112,42,118,70,74,193,224,480,92,145,35,175,158,30,86,163,118,24,118,47,146,173,118,182,69,112
228,162,84,33,208,45,192,55,68,47,168,236,378,138,121,126,156,383,204,24,120,223,125,84,129,63,150,109,106,262,333,581,107,189,56,221,211,27,117,220,132,52,162,83,175,176,114,211,87,168
435,349,165,59,428,81,398,123,131,168,169,481,760,264,235,261,301,747,440,45,262,442,247,161,285,111,284,213,222,511,649,1167,218,416,107,427,425,65,196,438,274,81,333,165,344,373,242,410,172,298
496,466,207,82,575,105,516,178,211,236,481,296,970,364,297,345,375,1039,556,73,294,594,321,234,368,140,385,267,271,730,908,1547,298,540,133,549,498,106,274,606,385,121,432,192,439,512,336,563,205,392
805,786,384,141,895,193,886,264,315,378,760,970,792,579,506,545,652,1413,911,126,473,900,595,370,629,232,614,435,471,1103,1311,2369,455,834,210,983,800,150,429,946,608,179,643,354,757,803,600,869,322,567
384,253,116,54,314,83,277,100,111,138,264,364,579,93,172,178,255,599,334,42,172,336,192,123,214,87,194,161,168,395,512,876,170,323,77,312,321,60,179,361,213,75,260,129,234,321,191,313,135,221
336,229,114,41,278,66,266,84,96,121,235,297,506,172,66,124,219,490,293,25,138,282,147,107,155,72,176,144,146,338,402,753,138,257,59,294,260,40,133,278,179,53,218,101,232,266,153,255,119,173
363,235,115,50,296,72,287,82,95,126,261,345,545,178,124,82,217,543,277,32,161,272,153,128,186,78,186,144,155,344,454,818,145,280,84,289,290,46,146,328,214,53,223,85,245,271,149,289,123,189
347,320,134,76,370,92,353,118,103,156,301,375,652,255,219,217,118,652,388,40,178,377,216,155,248,89,253,186,186,463,531,977,182,369,92,359,354,64,191,405,248,57,319,129,313,343,244,374,140,246
853,792,395,153,879,190,871,269,290,383,747,1039,1413,599,490,543,652,783,934,128,510,919,562,363,587,254,653,413,501,1084,1372,2424,453,817,216,1001,852,143,443,983,603,176,643,332,726,787,599,907,297,574
490,464,182,93,508,124,473,151,152,204,440,556,911,334,293,277,388,934,259,73,275,503,321,211,347,125,365,233,253,669,729,1407,290,466,128,543,475,88,274,545,316,101,434,198,405,465,343,495,192,353
75,54,32,12,60,14,57,20,19,24,45,73,126,42,25,32,40,128,73,0,41,55,32,31,32,8,35,24,25,67,94,176,28,61,14,72,65,7,28,83,39,10,46,25,40,57,34,51,23,47
314,229,88,44,288,69,268,69,86,120,262,294,473,172,138,161,178,510,275,41,69,276,168,100,188,54,183,125,151,321,412,786,158,275,67,282,266,31,126,295,179,45,233,118,234,241,169,272,124,212
492,475,186,93,507,122,487,151,174,223,442,594,900,336,282,272,377,919,503,55,276,249,314,211,335,129,366,264,288,634,785,1353,280,496,117,557,484,106,288,504,306,97,411,190,370,471,333,483,181,356
334,264,113,57,298,74,304,87,90,125,247,321,595,192,147,153,216,562,321,32,168,314,90,129,179,69,186,156,157,383,478,836,162,273,72,329,299,63,142,309,191,63,226,122,237,282,186,332,123,198
209,161,82,28,201,41,189,67,71,84,161,234,370,123,107,128,155,363,211,31,100,211,129,36,129,48,131,89,99,230,318,558,111,195,50,232,201,34,106,221,138,43,168,82,186,185,129,198,86,138
380,279,117,69,320,88,323,89,112,129,285,368,629,214,155,186,248,587,347,32,188,335,179,129,89,68,185,160,174,388,508,914,195,321,84,358,334,56,163,362,221,68,253,133,248,313,214,337,134,230
156,93,44,30,113,35,123,44,42,63,111,140,232,87,72,78,89,254,125,8,54,129,69,48,68,11,64,63,62,153,202,331,75,128,37,142,126,19,56,129,80,24,118,49,115,105,72,127,56,79
378,254,131,70,323,80,311,98,118,150,284,385,614,194,176,186,253,653,365,35,183,366,186,131,185,64,105,141,161,426,520,922,175,328,91,365,328,64,154,349,204,59,294,141,284,304,214,368,150,209
298,207,90,43,235,50,228,79,70,109,213,267,435,161,144,144,186,413,233,24,125,264,156,89,160,63,141,74,116,304,359,662,141,202,53,241,226,33,105,241,154,40,195,81,192,209,163,253,88,148
321,205,90,39,266,51,269,96,74,106,222,271,471,168,146,155,186,501,253,25,151,288,157,99,174,62,161,116,62,289,384,716,149,233,62,276,238,49,154,305,168,53,204,92,211,228,156,287,105,179
619,526,251,106,633,140,641,185,193,262,511,730,1103,395,338,344,463,1084,669,67,321,634,383,230,388,153,426,304,289,367,939,1760,346,572,154,695,607,96,319,671,441,143,479,241,509,596,396,644,242,400
691,663,279,116,741,158,726,219,224,333,649,908,1311,512,402,454,531,1372,729,94,412,785,478,318,508,202,520,359,384,939,584,1986,387,716,175,833,719,134,372,784,479,131,571,276,606,655,536,770,288,517
1118,1278,622,228,1394,316,1348,391,480,581,1167,1547,2369,876,753,818,977,2424,1407,176,786,1353,836,558,914,331,922,662,716,1760,1986,1805,741,1317,307,1509,1210,214,660,1448,959,281,1028,495,1114,1253,914,1328,458,902
248,222,124,32,265,43,262,75,92,107,218,298,455,170,138,145,182,453,290,28,158,280,162,111,195,75,175,141,149,346,387,741,66,254,48,300,225,39,120,300,204,53,187,97,246,254,186,294,88,188
487,408,192,64,457,94,467,136,145,189,416,540,834,323,257,280,369,817,466,61,275,496,273,195,321,128,328,202,233,572,716,1317,254,215,96,496,446,86,245,499,281,83,360,185,380,416,285,489,174,314
121,109,47,18,115,26,108,30,35,56,107,133,210,77,59,84,92,216,128,14,67,117,72,50,84,37,91,53,62,154,175,307,48,96,8,116,99,21,62,134,73,23,84,38,79,97,83,117,36,85
509,451,181,98,524,110,506,160,175,221,427,549,983,312,294,289,359,1001,543,72,282,557,329,232,358,142,365,241,276,695,833,1509,300,496,116,296,469,91,261,562,333,98,432,179,443,492,326,578,208,386
477,434,168,82,488,106,420,143,158,211,425,498,800,321,260,290,354,852,475,65,266,484,299,201,334,126,328,226,238,607,719,1210,225,446,99,469,205,69,235,507,337,99,352,178,398,408,281,447,154,320
86,76,29,9,81,15,65,25,30,27,65,106,150,60,40,46,64,143,88,7,31,106,63,34,56,19,64,33,49,96,134,214,39,86,21,91,69,3,42,97,57,14,66,34,57,60,51,88,32,65
253,209,80,37,259,57,233,75,86,117,196,274,429,179,133,146,191,443,274,28,126,288,142,106,163,56,154,105,154,319,372,660,120,245,62,261,235,42,52,251,169,43,187,92,202,256,149,239,85,153
467,461,227,66,523,102,494,142,163,220,438,606,946,361,278,328,405,983,545,83,295,504,309,221,362,129,349,241,305,671,784,1448,300,499,134,562,507,97,251,280,315,118,402,215,445,477,327,531,178,355
321,282,125,44,336,75,319,90,118,132,274,385,608,213,179,214,248,603,316,39,179,306,191,138,221,80,204,154,168,441,479,959,204,281,73,333,337,57,169,315,114,70,264,120,264,313,201,345,128,210
107,93,36,16,119,20,93,25,24,52,81,121,179,75,53,53,57,176,101,10,45,97,63,43,68,24,59,40,53,143,131,281,53,83,23,98,99,14,43,118,70,7,86,39,74,106,74,86,42,59
409,379,152,48,387,92,378,136,118,162,333,432,643,260,218,223,319,643,434,46,233,411,226,168,253,118,294,195,204,479,571,1028,187,360,84,432,352,66,187,402,264,86,134,150,304,346,235,401,128,286
169,175,79,31,189,38,171,53,47,83,165,192,354,129,101,85,129,332,198,25,118,190,122,82,133,49,141,81,92,241,276,495,97,185,38,179,178,34,92,215,120,39,150,35,175,161,118,184,78,146
457,310,135,63,391,91,380,141,146,175,344,439,757,234,232,245,313,726,405,40,234,370,237,186,248,115,284,192,211,509,606,1114,246,380,79,443,398,57,202,445,264,74,304,175,153,384,260,365,153,265
418,394,174,67,486,97,436,140,173,176,373,512,803,321,266,271,343,787,465,57,241,471,282,185,313,105,304,209,228,596,655,1253,254,416,97,492,408,60,256,477,313,106,346,161,384,204,319,479,170,338
346,275,121,54,323,85,313,90,118,114,242,336,600,191,153,149,244,599,343,34,169,333,186,129,214,72,214,163,156,396,536,914,186,285,83,326,281,51,149,327,201,74,235,118,260,319,115,331,144,218
496,432,177,80,533,116,443,155,182,211,410,563,869,313,255,289,374,907,495,51,272,483,332,198,337,127,368,253,287,644,770,1328,294,489,117,578,447,88,239,531,345,86,401,184,365,479,331,248,183,362
170,175,83,41,189,47,180,57,69,87,172,205,322,135,119,123,140,297,192,23,124,181,123,86,134,56,150,88,105,242,288,458,88,174,36,208,154,32,85,178,128,42,128,78,153,170,144,183,28,128
390,297,115,48,356,55,326,97,112,168,298,392,567,221,173,189,246,574,353,47,212,356,198,138,230,79,209,148,179,400,517,902,188,314,85,386,320,65,153,355,210,59,286,146,265,338,218,362,128,120
