260,431,217,110,496,132,476,186,177,232,458,521,825,357,287,364,384,855,529,60,334,529,366,207,331,142,341,269,304,607,720,1188,250,504,107,546,509,96,277,461,312,114,347,172,445,444,324,542,175,386
431,178,166,76,435,93,404,116,147,188,362,504,780,247,234,238,333,821,436,61,239,461,259,167,299,112,252,209,209,547,664,1268,235,438,96,444,386,72,204,475,273,108,298,177,335,415,269,477,160,258
217,166,49,32,203,44,196,65,61,90,173,233,373,125,109,124,145,377,214,25,107,204,102,69,120,60,134,86,107,253,314,554,88,186,38,208,196,38,92,224,122,42,158,80,151,175,134,208,84,107
110,76,32,4,88,12,72,27,25,24,59,92,152,47,38,45,62,156,81,11,59,85,56,25,54,26,56,52,47,109,129,203,48,77,17,102,75,18,44,67,67,20,52,32,62,67,59,71,34,53
496,435,203,88,257,115,490,127,153,196,415,532,889,313,245,265,353,925,502,62,292,483,304,193,347,135,338,259,225,691,757,1376,272,453,127,531,487,89,227,570,323,99,364,216,397,453,331,509,182,362
132,93,44,12,115,8,109,35,44,39,93,135,194,77,55,64,89,184,116,19,70,119,68,36,69,25,69,55,61,144,165,282,59,83,17,142,112,17,67,94,90,25,80,59,87,82,79,110,40,71
476,404,196,72,490,109,250,145,163,192,390,558,917,314,249,280,333,841,482,59,299,516,278,214,312,134,343,229,257,588,708,1369,262,426,114,555,449,89,227,491,331,124,386,177,377,420,329,483,175,302
186,116,65,27,127,35,145,25,60,63,133,163,265,88,89,89,143,289,162,19,94,165,105,51,102,38,89,82,75,190,202,437,90,138,42,163,146,13,89,143,94,35,130,51,105,142,108,163,58,94
177,147,61,25,153,44,163,60,28,65,150,174,311,118,88,91,125,307,161,21,99,176,87,62,111,36,122,87,75,194,230,434,77,152,36,167,155,26,92,148,113,35,115,65,130,144,103,179,54,124
232,188,90,24,196,39,192,63,65,42,160,248,366,136,110,109,165,374,189,20,112,212,131,93,132,54,145,94,100,245,325,525,123,184,46,211,183,35,90,201,147,40,167,75,162,196,151,233,93,143
458,362,173,59,415,93,390,133,150,160,181,494,732,302,216,234,332,739,419,43,241,402,299,180,275,121,288,214,225,537,625,1148,222,411,91,459,411,63,203,414,271,89,343,153,328,383,318,456,175,303
521,504,233,92,532,135,558,163,174,248,494,322,1053,351,298,324,393,1073,559,81,271,545,331,206,377,145,367,244,268,702,934,1632,338,523,134,616,514,81,265,617,383,97,432,229,440,563,358,595,217,374
825,780,373,152,889,194,917,265,311,366,732,1053,838,582,480,527,644,1514,906,116,476,916,596,349,578,236,658,419,468,1123,1394,2432,470,845,214,951,871,142,451,959,631,191,731,407,729,863,564,924,343,619
357,247,125,47,313,77,314,88,118,136,302,351,582,128,156,182,249,606,305,32,164,331,212,135,205,83,206,109,171,386,494,895,182,289,74,342,285,61,170,326,198,61,262,131,243,279,232,345,125,217
287,234,109,38,245,55,249,89,88,110,216,298,480,156,73,150,185,470,280,27,123,288,150,109,176,60,170,116,135,282,377,750,124,237,57,264,274,30,139,280,174,54,221,98,211,238,148,286,96,185
364,238,124,45,265,64,280,89,91,109,234,324,527,182,150,73,185,523,295,30,162,299,153,107,175,76,184,131,147,345,421,831,162,266,61,327,311,45,149,303,179,52,227,101,238,279,172,326,100,195
384,333,145,62,353,89,333,143,125,165,332,393,644,249,185,185,125,642,377,48,201,380,189,151,242,98,261,180,173,462,579,967,196,349,82,358,343,63,187,397,253,77,272,125,284,347,219,356,133,255
855,821,377,156,925,184,841,289,307,374,739,1073,1514,606,470,523,642,821,893,113,481,920,612,362,595,231,643,443,493,1151,1334,2464,500,823,226,981,870,166,448,960,636,196,696,392,735,837,593,881,357,652
529,436,214,81,502,116,482,162,161,189,419,559,906,305,280,295,377,893,235,63,276,485,296,198,308,136,337,230,258,623,712,1433,283,471,100,515,485,100,259,508,319,115,389,198,385,478,327,572,183,340
60,61,25,11,62,19,59,19,21,20,43,81,116,32,27,30,48,113,63,2,32,58,38,20,44,17,45,17,36,59,93,201,32,58,10,61,57,13,31,64,42,12,31,22,47,55,47,64,26,31
334,239,107,59,292,70,299,94,99,112,241,271,476,164,123,162,201,481,276,32,69,302,177,124,170,62,175,125,153,364,419,813,149,275,62,246,269,42,157,285,174,63,232,88,217,256,184,320,113,185
529,461,204,85,483,119,516,165,176,212,402,545,916,331,288,299,380,920,485,58,302,266,308,200,337,132,319,253,279,624,762,1442,284,489,128,556,446,83,265,569,352,123,379,220,420,506,330,550,206,345
366,259,102,56,304,68,278,105,87,131,299,331,596,212,150,153,189,612,296,38,177,308,84,116,212,86,213,153,159,346,418,810,160,280,71,300,261,48,162,300,210,67,242,111,251,301,201,301,132,207
207,167,69,25,193,36,214,51,62,93,180,206,349,135,109,107,151,362,198,20,124,200,116,34,124,50,123,102,102,250,289,566,105,186,48,205,189,32,97,177,112,51,143,76,135,191,157,202,82,130
331,299,120,54,347,69,312,102,111,132,275,377,578,205,176,175,242,595,308,44,170,337,212,124,107,85,214,156,172,365,543,973,193,305,77,341,305,53,153,353,234,64,238,122,259,287,200,357,127,209
142,112,60,26,135,25,134,38,36,54,121,145,236,83,60,76,98,231,136,17,62,132,86,50,85,15,79,61,72,160,203,327,61,127,25,149,113,21,76,145,87,38,86,36,110,104,65,131,45,76
341,252,134,56,338,69,343,89,122,145,288,367,658,206,170,184,261,643,337,45,175,319,213,123,214,79,109,147,160,453,543,932,184,322,82,359,297,58,158,364,234,73,277,123,270,319,228,346,135,220
269,209,86,52,259,55,229,82,87,94,214,244,419,109,116,131,180,443,230,17,125,253,153,102,156,61,147,68,121,273,333,642,118,225,53,256,217,52,133,277,169,41,184,100,181,223,143,249,88,181
304,209,107,47,225,61,257,75,75,100,225,268,468,171,135,147,173,493,258,36,153,279,159,102,172,72,160,121,70,300,372,732,137,250,59,234,245,46,125,270,133,52,216,87,211,218,157,270,103,184
607,547,253,109,691,144,588,190,194,245,537,702,1123,386,282,345,462,1151,623,59,364,624,346,250,365,160,453,273,300,428,961,1771,321,582,136,667,574,117,303,672,428,147,499,249,491,591,347,669,222,405
720,664,314,129,757,165,708,202,230,325,625,934,1394,494,377,421,579,1334,712,93,419,762,418,289,543,203,543,333,372,961,597,2114,411,703,183,813,679,138,348,757,494,173,585,289,640,769,468,760,284,511
1188,1268,554,203,1376,282,1369,437,434,525,1148,1632,2432,895,750,831,967,2464,1433,201,813,1442,810,566,973,327,932,642,732,1771,2114,1939,688,1346,293,1524,1371,232,708,1518,936,259,1037,559,1175,1277,883,1406,498,926
250,235,88,48,272,59,262,90,77,123,222,338,470,182,124,162,196,500,283,32,149,284,160,105,193,61,184,118,137,321,411,688,56,263,58,306,289,37,137,274,214,61,212,102,232,248,188,263,113,193
504,438,186,77,453,83,426,138,152,184,411,523,845,289,237,266,349,823,471,58,275,489,280,186,305,127,322,225,250,582,703,1346,263,229,99,512,451,78,215,478,331,95,359,179,363,455,295,497,193,308
107,96,38,17,127,17,114,42,36,46,91,134,214,74,57,61,82,226,100,10,62,128,71,48,77,25,82,53,59,136,183,293,58,99,8,124,110,15,54,139,78,23,80,42,100,106,70,123,34,85
546,444,208,102,531,142,555,163,167,211,459,616,951,342,264,327,358,981,515,61,246,556,300,205,341,149,359,256,234,667,813,1524,306,512,124,274,518,98,266,543,346,96,393,198,440,517,344,566,210,375
509,386,196,75,487,112,449,146,155,183,411,514,871,285,274,311,343,870,485,57,269,446,261,189,305,113,297,217,245,574,679,1371,289,451,110,518,207,73,246,499,322,115,340,177,357,433,316,475,190,311
96,72,38,18,89,17,89,13,26,35,63,81,142,61,30,45,63,166,100,13,42,83,48,32,53,21,58,52,46,117,138,232,37,78,15,98,73,10,40,109,61,16,89,24,72,81,48,96,29,60
277,204,92,44,227,67,227,89,92,90,203,265,451,170,139,149,187,448,259,31,157,265,162,97,153,76,158,133,125,303,348,708,137,215,54,266,246,40,58,267,164,48,198,78,210,233,159,255,92,157
461,475,224,67,570,94,491,143,148,201,414,617,959,326,280,303,397,960,508,64,285,569,300,177,353,145,364,277,270,672,757,1518,274,478,139,543,499,109,267,296,369,101,423,193,458,547,353,546,203,330
312,273,122,67,323,90,331,94,113,147,271,383,631,198,174,179,253,636,319,42,174,352,210,112,234,87,234,169,133,428,494,936,214,331,78,346,322,61,164,369,116,69,239,138,269,296,230,355,126,170
114,108,42,20,99,25,124,35,35,40,89,97,191,61,54,52,77,196,115,12,63,123,67,51,64,38,73,41,52,147,173,259,61,95,23,96,115,16,48,101,69,7,88,46,90,113,61,112,40,70
347,298,158,52,364,80,386,130,115,167,343,432,731,262,221,227,272,696,389,31,232,379,242,143,238,86,277,184,216,499,585,1037,212,359,80,393,340,89,198,423,239,88,128,159,322,379,220,400,157,238
172,177,80,32,216,59,177,51,65,75,153,229,407,131,98,101,125,392,198,22,88,220,111,76,122,36,123,100,87,249,289,559,102,179,42,198,177,24,78,193,138,46,159,36,153,172,113,184,69,134
445,335,151,62,397,87,377,105,130,162,328,440,729,243,211,238,284,735,385,47,217,420,251,135,259,110,270,181,211,491,640,1175,232,363,100,440,357,72,210,458,269,90,322,153,156,344,244,423,153,262
444,415,175,67,453,82,420,142,144,196,383,563,863,279,238,279,347,837,478,55,256,506,301,191,287,104,319,223,218,591,769,1277,248,455,106,517,433,81,233,547,296,113,379,172,344,219,310,438,176,324
324,269,134,59,331,79,329,108,103,151,318,358,564,232,148,172,219,593,327,47,184,330,201,157,200,65,228,143,157,347,468,883,188,295,70,344,316,48,159,353,230,61,220,113,244,310,112,328,113,232
542,477,208,71,509,110,483,163,179,233,456,595,924,345,286,326,356,881,572,64,320,550,301,202,357,131,346,249,270,669,760,1406,263,497,123,566,475,96,255,546,355,112,400,184,423,438,328,267,177,332
175,160,84,34,182,40,175,58,54,93,175,217,343,125,96,100,133,357,183,26,113,206,132,82,127,45,135,88,103,222,284,498,113,193,34,210,190,29,92,203,126,40,157,69,153,176,113,177,30,138
386,258,107,53,362,71,302,94,124,143,303,374,619,217,185,195,255,652,340,31,185,345,207,130,209,76,220,181,184,405,511,926,193,308,85,375,311,60,157,330,170,70,238,134,262,324,232,332,138,115
