269,441,218,73,504,99,482,194,187,242,446,570,845,339,308,332,354,835,467,61,352,522,336,215,401,161,394,274,314,633,684,1167,238,498,105,542,524,93,244,489,333,113,349,201,463,439,328,502,199,389
441,197,165,71,398,111,431,131,121,174,398,535,844,273,208,232,329,747,460,55,236,472,240,181,271,109,281,210,208,546,712,1283,222,435,100,434,398,68,213,504,310,77,333,152,344,433,271,442,157,295
218,165,37,39,201,61,216,65,74,86,198,232,373,132,109,133,153,366,218,25,121,203,100,79,130,45,122,85,80,265,307,548,121,177,42,222,189,36,97,201,156,33,150,86,172,179,122,200,79,153
73,71,39,8,83,19,91,33,26,35,70,105,145,55,52,57,50,153,79,8,53,80,55,26,53,19,53,49,57,111,121,230,41,71,15,93,82,14,50,92,46,25,65,28,69,72,48,95,25,64
504,398,201,83,268,112,471,164,170,209,408,599,875,339,260,278,410,932,516,65,265,558,312,216,326,118,325,239,278,633,785,1419,265,468,118,516,479,77,277,542,363,119,371,189,405,459,316,505,186,379
99,111,61,19,112,12,105,41,37,38,92,142,195,67,72,83,77,199,123,17,77,103,69,49,78,30,80,65,72,134,180,314,59,96,26,115,103,17,59,141,66,32,94,28,90,114,64,113,28,73
482,431,216,91,471,105,239,151,162,182,390,526,877,321,281,286,362,881,488,75,290,478,289,168,341,117,334,245,229,633,736,1390,269,464,106,536,436,90,248,529,283,111,372,185,399,455,308,517,191,330
194,131,65,33,164,41,151,27,58,71,126,182,237,107,63,76,116,290,162,19,71,148,74,67,110,26,87,60,76,197,243,414,83,164,36,169,144,23,80,154,83,35,124,53,126,150,91,154,51,110
187,121,74,26,170,37,162,58,29,62,139,171,288,97,92,96,128,272,183,18,93,173,93,65,108,44,121,79,86,214,258,465,85,171,36,167,162,28,82,179,114,40,125,62,145,152,100,166,66,113
242,174,86,35,209,38,182,71,62,42,164,228,334,132,96,115,156,364,219,26,121,216,122,72,133,55,139,99,113,268,307,570,107,233,54,235,210,35,96,189,124,46,168,84,169,185,134,212,74,128
446,398,198,70,408,92,390,126,139,164,157,478,705,283,230,245,303,758,461,63,248,457,249,171,275,118,279,215,214,512,675,1182,245,430,87,437,391,79,197,441,290,88,309,176,334,367,275,415,141,316
570,535,232,105,599,142,526,182,171,228,478,325,1093,358,302,323,430,1068,612,71,313,575,325,208,406,128,381,256,284,704,873,1645,322,532,144,596,526,89,280,615,376,119,442,184,470,576,366,575,234,365
845,844,373,145,875,195,877,237,288,334,705,1093,818,597,488,502,651,1473,949,129,465,925,530,361,609,226,644,401,413,1116,1382,2469,467,819,205,1015,845,146,443,936,615,197,684,355,720,863,500,979,358,590
339,273,132,55,339,67,321,107,97,132,283,358,597,96,179,193,239,635,320,41,160,327,180,118,213,83,210,163,164,426,504,903,163,326,83,309,309,53,160,333,214,66,248,121,272,302,184,363,123,232
308,208,109,52,260,72,281,63,92,96,230,302,488,179,59,137,174,517,249,32,156,245,149,115,181,61,182,122,132,326,399,718,149,246,58,270,259,43,131,281,162,54,219,111,223,238,165,313,97,190
332,232,133,57,278,83,286,76,96,115,245,323,502,193,137,86,227,530,278,30,143,274,190,127,163,61,195,121,147,349,431,835,174,261,66,288,267,46,146,309,194,71,217,112,211,261,162,345,114,215
354,329,153,50,410,77,362,116,128,156,303,430,651,239,174,227,123,663,369,41,197,384,185,176,260,109,264,175,197,472,576,1032,165,382,100,382,343,64,182,417,252,77,276,144,297,354,241,370,148,248
835,747,366,153,932,199,881,290,272,364,758,1068,1473,635,517,530,663,844,932,119,489,949,547,360,619,224,643,411,438,1112,1398,2480,480,860,207,1040,847,151,462,958,602,210,706,344,755,857,576,968,325,605
467,460,218,79,516,123,488,162,183,219,461,612,949,320,249,278,369,932,266,73,253,497,296,207,339,138,349,245,252,664,782,1463,262,491,120,531,509,86,272,545,313,96,373,185,395,507,314,567,194,369
61,55,25,8,65,17,75,19,18,26,63,71,129,41,32,30,41,119,73,6,32,81,29,26,33,18,42,27,29,68,114,172,36,70,11,55,65,10,28,69,43,13,49,25,55,70,41,79,19,37
352,236,121,53,265,77,290,71,93,121,248,313,465,160,156,143,197,489,253,32,65,278,166,102,169,62,153,116,145,323,396,788,137,245,70,293,253,42,151,278,172,53,206,89,196,258,175,275,112,165
522,472,203,80,558,103,478,148,173,216,457,575,925,327,245,274,384,949,497,81,278,262,298,213,353,124,353,245,233,643,754,1438,269,541,118,556,546,103,233,513,347,112,344,195,413,488,344,509,200,366
336,240,100,55,312,69,289,74,93,122,249,325,530,180,149,190,185,547,296,29,166,298,79,114,169,80,186,122,134,381,440,825,135,263,58,308,281,48,120,318,183,56,245,109,235,306,165,350,126,186
215,181,79,26,216,49,168,67,65,72,171,208,361,118,115,127,176,360,207,26,102,213,114,39,144,56,142,112,106,242,337,566,113,202,51,213,182,35,111,216,120,39,147,78,161,205,131,211,80,140
401,271,130,53,326,78,341,110,108,133,275,406,609,213,181,163,260,619,339,33,169,353,169,144,122,75,234,151,174,407,547,975,173,314,75,344,321,52,171,386,224,72,261,114,279,284,213,338,120,216
161,109,45,19,118,30,117,26,44,55,118,128,226,83,61,61,109,224,138,18,62,124,80,56,75,22,74,67,67,141,195,345,65,117,25,133,114,18,70,159,74,23,88,47,94,119,91,139,49,82
394,281,122,53,325,80,334,87,121,139,279,381,644,210,182,195,264,643,349,42,153,353,186,142,234,74,109,155,179,416,514,983,200,307,65,326,322,58,164,394,217,71,255,115,252,354,224,357,133,207
274,210,85,49,239,65,245,60,79,99,215,256,401,163,122,121,175,411,245,27,116,245,122,112,151,67,155,56,129,263,370,681,154,211,46,236,202,26,111,258,163,36,188,85,180,213,155,247,82,142
314,208,80,57,278,72,229,76,86,113,214,284,413,164,132,147,197,438,252,29,145,233,134,106,174,67,179,129,56,315,385,667,134,269,53,262,256,50,139,242,166,52,212,78,209,249,157,262,92,166
633,546,265,111,633,134,633,197,214,268,512,704,1116,426,326,349,472,1112,664,68,323,643,381,242,407,141,416,263,315,382,975,1819,338,577,147,686,573,80,322,676,385,121,456,233,483,609,392,675,246,409
684,712,307,121,785,180,736,243,258,307,675,873,1382,504,399,431,576,1398,782,114,396,754,440,337,547,195,514,370,385,975,543,2155,416,744,162,831,732,135,390,802,544,169,582,280,641,710,449,812,278,495
1167,1283,548,230,1419,314,1390,414,465,570,1182,1645,2469,903,718,835,1032,2480,1463,172,788,1438,825,566,975,345,983,681,667,1819,2155,1938,725,1287,306,1622,1297,247,730,1548,956,310,1103,553,1158,1318,873,1548,482,942
238,222,121,41,265,59,269,83,85,107,245,322,467,163,149,174,165,480,262,36,137,269,135,113,173,65,200,154,134,338,416,725,78,265,57,288,260,50,137,277,184,58,210,96,232,259,155,307,96,172
498,435,177,71,468,96,464,164,171,233,430,532,819,326,246,261,382,860,491,70,245,541,263,202,314,117,307,211,269,577,744,1287,265,227,120,495,425,76,250,531,309,104,349,157,389,475,284,503,173,358
105,100,42,15,118,26,106,36,36,54,87,144,205,83,58,66,100,207,120,11,70,118,58,51,75,25,65,46,53,147,162,306,57,120,16,137,106,20,62,130,69,29,86,51,104,100,90,134,41,78
542,434,222,93,516,115,536,169,167,235,437,596,1015,309,270,288,382,1040,531,55,293,556,308,213,344,133,326,236,262,686,831,1622,288,495,137,267,505,88,291,598,340,113,413,202,432,529,327,578,225,392
524,398,189,82,479,103,436,144,162,210,391,526,845,309,259,267,343,847,509,65,253,546,281,182,321,114,322,202,256,573,732,1297,260,425,106,505,226,83,219,494,323,87,341,171,381,419,311,467,181,333
93,68,36,14,77,17,90,23,28,35,79,89,146,53,43,46,64,151,86,10,42,103,48,35,52,18,58,26,50,80,135,247,50,76,20,88,83,8,44,103,47,12,63,32,79,82,67,88,29,42
244,213,97,50,277,59,248,80,82,96,197,280,443,160,131,146,182,462,272,28,151,233,120,111,171,70,164,111,139,322,390,730,137,250,62,291,219,44,63,286,173,55,204,100,178,243,166,239,96,176
489,504,201,92,542,141,529,154,179,189,441,615,936,333,281,309,417,958,545,69,278,513,318,216,386,159,394,258,242,676,802,1548,277,531,130,598,494,103,286,281,357,103,386,187,465,526,376,564,189,397
333,310,156,46,363,66,283,83,114,124,290,376,615,214,162,194,252,602,313,43,172,347,183,120,224,74,217,163,166,385,544,956,184,309,69,340,323,47,173,357,105,57,233,124,280,340,195,360,137,228
113,77,33,25,119,32,111,35,40,46,88,119,197,66,54,71,77,210,96,13,53,112,56,39,72,23,71,36,52,121,169,310,58,104,29,113,87,12,55,103,57,11,68,41,86,125,64,112,57,70
349,333,150,65,371,94,372,124,125,168,309,442,684,248,219,217,276,706,373,49,206,344,245,147,261,88,255,188,212,456,582,1103,210,349,86,413,341,63,204,386,233,68,138,146,306,384,244,378,121,264
201,152,86,28,189,28,185,53,62,84,176,184,355,121,111,112,144,344,185,25,89,195,109,78,114,47,115,85,78,233,280,553,96,157,51,202,171,32,100,187,124,41,146,36,160,192,131,195,67,123
463,344,172,69,405,90,399,126,145,169,334,470,720,272,223,211,297,755,395,55,196,413,235,161,279,94,252,180,209,483,641,1158,232,389,104,432,381,79,178,465,280,86,306,160,186,401,283,446,169,282
439,433,179,72,459,114,455,150,152,185,367,576,863,302,238,261,354,857,507,70,258,488,306,205,284,119,354,213,249,609,710,1318,259,475,100,529,419,82,243,526,340,125,384,192,401,198,294,487,163,316
328,271,122,48,316,64,308,91,100,134,275,366,500,184,165,162,241,576,314,41,175,344,165,131,213,91,224,155,157,392,449,873,155,284,90,327,311,67,166,376,195,64,244,131,283,294,103,360,125,206
502,442,200,95,505,113,517,154,166,212,415,575,979,363,313,345,370,968,567,79,275,509,350,211,338,139,357,247,262,675,812,1548,307,503,134,578,467,88,239,564,360,112,378,195,446,487,360,280,199,362
199,157,79,25,186,28,191,51,66,74,141,234,358,123,97,114,148,325,194,19,112,200,126,80,120,49,133,82,92,246,278,482,96,173,41,225,181,29,96,189,137,57,121,67,169,163,125,199,33,130
389,295,153,64,379,73,330,110,113,128,316,365,590,232,190,215,248,605,369,37,165,366,186,140,216,82,207,142,166,409,495,942,172,358,78,392,333,42,176,397,228,70,264,123,282,316,206,362,130,121
