257,457,222,84,497,102,473,180,198,267,507,554,857,381,309,340,355,830,471,60,379,510,342,222,423,155,381,279,341,634,710,1219,243,494,120,520,484,85,267,464,348,90,362,170,417,417,281,513,165,396
457,180,190,70,432,105,383,119,146,170,369,475,783,268,248,241,293,765,439,49,250,455,253,154,271,98,295,182,198,552,701,1243,245,413,76,434,453,83,199,481,300,97,321,148,335,410,248,446,158,299
222,190,39,31,200,53,190,60,67,79,176,222,391,127,111,126,152,365,229,15,101,177,113,68,150,49,129,92,108,223,316,590,121,178,48,195,183,35,87,213,125,40,149,58,170,182,128,212,75,125
84,70,31,6,89,9,64,36,21,32,69,88,151,41,45,47,65,147,78,9,61,94,53,31,59,26,77,53,45,121,127,203,43,79,17,99,71,11,53,74,57,12,65,28,60,75,48,87,24,58
497,432,200,89,276,117,516,151,165,235,444,555,987,346,271,287,378,900,536,63,266,510,289,196,322,127,321,255,254,655,749,1430,282,513,132,536,474,87,238,535,349,89,389,182,367,471,309,514,195,331
102,105,53,9,117,5,79,34,37,34,87,131,195,71,68,73,79,189,129,16,81,132,71,41,69,24,85,66,62,149,167,274,59,102,24,123,93,18,58,115,89,23,93,46,88,98,85,113,36,90
473,383,190,64,516,79,212,149,156,188,418,536,876,280,263,324,355,857,493,71,276,487,300,185,322,115,316,234,274,612,728,1336,235,467,103,526,423,75,245,545,310,98,379,180,387,444,311,497,167,340
180,119,60,36,151,34,149,18,32,70,127,161,265,113,99,101,115,251,167,16,100,173,76,57,100,43,96,77,76,173,226,422,74,156,37,142,143,27,75,154,112,26,107,44,106,134,96,175,54,105
198,146,67,21,165,37,156,32,31,77,139,174,284,99,76,85,132,304,162,20,98,150,99,64,106,41,111,70,74,213,246,459,95,172,42,179,156,17,72,172,113,29,141,57,126,149,93,175,61,132
267,170,79,32,235,34,188,70,77,47,175,199,384,157,114,116,150,376,221,26,139,212,118,96,150,50,136,93,96,265,301,564,115,185,42,212,194,40,116,249,145,46,166,81,182,176,146,209,79,156
507,369,176,69,444,87,418,127,139,175,166,483,746,302,238,260,315,743,436,49,258,460,256,200,311,120,306,206,215,534,648,1228,228,409,97,458,421,84,211,465,277,91,335,156,359,364,282,420,150,318
554,475,222,88,555,131,536,161,174,199,483,294,1019,353,272,324,408,1032,561,81,316,549,325,207,377,124,349,251,288,715,863,1588,312,519,135,634,523,104,301,599,397,110,472,233,468,522,332,590,226,404
857,783,391,151,987,195,876,265,284,384,746,1019,828,610,486,526,676,1469,886,100,475,911,544,369,605,229,635,439,461,1166,1356,2470,464,852,228,1003,852,169,481,986,639,177,720,363,749,838,584,883,365,580
381,268,127,41,346,71,280,113,99,157,302,353,610,93,173,186,220,596,352,36,192,329,206,128,204,85,217,140,174,391,498,866,189,318,69,320,307,64,175,371,221,59,262,126,251,289,210,310,125,217
309,248,111,45,271,68,263,99,76,114,238,272,486,173,73,140,176,468,264,28,155,261,162,109,190,64,186,130,135,303,385,712,142,240,62,280,270,47,136,282,168,46,223,87,209,267,141,266,82,177
340,241,126,47,287,73,324,101,85,116,260,324,526,186,140,75,196,509,297,28,166,290,185,114,206,70,203,139,132,334,433,779,149,268,49,296,259,40,162,318,182,55,230,102,230,310,171,291,99,191
355,293,152,65,378,79,355,115,132,150,315,408,676,220,176,196,146,656,349,50,224,356,211,132,231,95,234,183,194,481,549,1042,201,341,87,346,308,55,170,400,256,65,278,139,286,328,223,392,129,251
830,765,365,147,900,189,857,251,304,376,743,1032,1469,596,468,509,656,807,889,107,510,953,542,369,646,252,632,441,456,1092,1297,2427,473,848,210,978,873,146,456,954,634,191,679,359,755,870,564,903,355,584
471,439,229,78,536,129,493,167,162,221,436,561,886,352,264,297,349,889,238,54,259,496,318,218,337,128,361,221,249,639,727,1432,287,526,113,493,447,76,257,535,336,90,382,199,414,456,329,515,188,360
60,49,15,9,63,16,71,16,20,26,49,81,100,36,28,28,50,107,54,4,31,68,29,24,36,16,32,31,20,67,88,177,52,59,24,67,57,7,29,68,42,14,48,27,47,64,41,65,24,34
379,250,101,61,266,81,276,100,98,139,258,316,475,192,155,166,224,510,259,31,78,276,166,119,183,71,175,134,131,323,401,768,169,282,61,295,265,46,148,319,186,43,231,90,223,250,164,299,100,203
510,455,177,94,510,132,487,173,150,212,460,549,911,329,261,290,356,953,496,68,276,260,297,212,364,129,362,226,275,659,772,1449,275,488,123,525,502,76,233,587,358,93,431,176,396,459,318,551,179,370
342,253,113,53,289,71,300,76,99,118,256,325,544,206,162,185,211,542,318,29,166,297,98,129,188,74,205,135,145,382,482,832,166,293,71,306,301,36,149,329,189,60,228,103,227,268,185,317,98,193
222,154,68,31,196,41,185,57,64,96,200,207,369,128,109,114,132,369,218,24,119,212,129,44,143,58,139,96,96,282,298,512,105,189,41,224,176,36,113,222,130,35,171,81,174,159,128,230,72,139
423,271,150,59,322,69,322,100,106,150,311,377,605,204,190,206,231,646,337,36,183,364,188,143,116,82,217,149,160,432,506,949,191,309,74,354,332,60,155,379,219,72,235,131,261,306,201,377,123,219
155,98,49,26,127,24,115,43,41,50,120,124,229,85,64,70,95,252,128,16,71,129,74,58,82,17,81,64,62,176,223,364,84,118,23,123,133,15,64,144,92,30,102,47,108,122,77,138,51,97
381,295,129,77,321,85,316,96,111,136,306,349,635,217,186,203,234,632,361,32,175,362,205,139,217,81,97,147,163,439,559,981,193,325,64,337,296,62,169,378,231,63,265,129,268,343,194,347,130,235
279,182,92,53,255,66,234,77,70,93,206,251,439,140,130,139,183,441,221,31,134,226,135,96,149,64,147,64,124,297,361,652,127,221,42,231,237,34,118,256,162,48,196,81,187,220,155,241,89,163
341,198,108,45,254,62,274,76,74,96,215,288,461,174,135,132,194,456,249,20,131,275,145,96,160,62,163,124,62,336,410,710,124,247,58,261,251,32,127,275,194,47,206,87,205,234,153,255,94,187
634,552,223,121,655,149,612,173,213,265,534,715,1166,391,303,334,481,1092,639,67,323,659,382,282,432,176,439,297,336,393,894,1806,330,582,150,696,614,118,324,652,425,142,483,253,511,623,407,600,242,371
710,701,316,127,749,167,728,226,246,301,648,863,1356,498,385,433,549,1297,727,88,401,772,482,298,506,223,559,361,410,894,572,2043,370,703,179,829,692,115,368,840,542,167,562,306,612,726,475,729,281,522
1219,1243,590,203,1430,274,1336,422,459,564,1228,1588,2470,866,712,779,1042,2427,1432,177,768,1449,832,512,949,364,981,652,710,1806,2043,1965,737,1320,327,1576,1263,237,693,1498,962,306,1021,550,1080,1312,895,1381,506,921
243,245,121,43,282,59,235,74,95,115,228,312,464,189,142,149,201,473,287,52,169,275,166,105,191,84,193,127,124,330,370,737,65,246,76,292,254,57,134,288,193,54,190,116,235,262,174,258,93,160
494,413,178,79,513,102,467,156,172,185,409,519,852,318,240,268,341,848,526,59,282,488,293,189,309,118,325,221,247,582,703,1320,246,220,125,505,417,58,246,538,336,103,400,171,396,451,310,525,196,330
120,76,48,17,132,24,103,37,42,42,97,135,228,69,62,49,87,210,113,24,61,123,71,41,74,23,64,42,58,150,179,327,76,125,9,122,114,17,50,132,64,26,81,43,85,116,64,117,48,68
520,434,195,99,536,123,526,142,179,212,458,634,1003,320,280,296,346,978,493,67,295,525,306,224,354,123,337,231,261,696,829,1576,292,505,122,285,503,95,259,554,392,89,430,216,436,536,343,581,203,361
484,453,183,71,474,93,423,143,156,194,421,523,852,307,270,259,308,873,447,57,265,502,301,176,332,133,296,237,251,614,692,1263,254,417,114,503,208,73,230,487,319,97,373,177,384,408,287,461,183,327
85,83,35,11,87,18,75,27,17,40,84,104,169,64,47,40,55,146,76,7,46,76,36,36,60,15,62,34,32,118,115,237,57,58,17,95,73,5,45,101,53,17,68,31,64,77,48,102,29,49
267,199,87,53,238,58,245,75,72,116,211,301,481,175,136,162,170,456,257,29,148,233,149,113,155,64,169,118,127,324,368,693,134,246,50,259,230,45,59,262,185,53,178,84,193,225,158,290,96,164
464,481,213,74,535,115,545,154,172,249,465,599,986,371,282,318,400,954,535,68,319,587,329,222,379,144,378,256,275,652,840,1498,288,538,132,554,487,101,262,292,366,109,415,202,459,507,343,537,198,344
348,300,125,57,349,89,310,112,113,145,277,397,639,221,168,182,256,634,336,42,186,358,189,130,219,92,231,162,194,425,542,962,193,336,64,392,319,53,185,366,106,75,264,101,276,314,200,322,129,235
90,97,40,12,89,23,98,26,29,46,91,110,177,59,46,55,65,191,90,14,43,93,60,35,72,30,63,48,47,142,167,306,54,103,26,89,97,17,53,109,75,10,101,49,81,81,63,105,44,88
362,321,149,65,389,93,379,107,141,166,335,472,720,262,223,230,278,679,382,48,231,431,228,171,235,102,265,196,206,483,562,1021,190,400,81,430,373,68,178,415,264,101,137,158,313,350,249,391,125,262
170,148,58,28,182,46,180,44,57,81,156,233,363,126,87,102,139,359,199,27,90,176,103,81,131,47,129,81,87,253,306,550,116,171,43,216,177,31,84,202,101,49,158,45,138,195,119,216,67,133
417,335,170,60,367,88,387,106,126,182,359,468,749,251,209,230,286,755,414,47,223,396,227,174,261,108,268,187,205,511,612,1080,235,396,85,436,384,64,193,459,276,81,313,138,168,358,236,418,159,285
417,410,182,75,471,98,444,134,149,176,364,522,838,289,267,310,328,870,456,64,250,459,268,159,306,122,343,220,234,623,726,1312,262,451,116,536,408,77,225,507,314,81,350,195,358,191,285,463,179,295
281,248,128,48,309,85,311,96,93,146,282,332,584,210,141,171,223,564,329,41,164,318,185,128,201,77,194,155,153,407,475,895,174,310,64,343,287,48,158,343,200,63,249,119,236,285,90,350,109,208
513,446,212,87,514,113,497,175,175,209,420,590,883,310,266,291,392,903,515,65,299,551,317,230,377,138,347,241,255,600,729,1381,258,525,117,581,461,102,290,537,322,105,391,216,418,463,350,265,175,363
165,158,75,24,195,36,167,54,61,79,150,226,365,125,82,99,129,355,188,24,100,179,98,72,123,51,130,89,94,242,281,506,93,196,48,203,183,29,96,198,129,44,125,67,159,179,109,175,30,131
396,299,125,58,331,90,340,105,132,156,318,404,580,217,177,191,251,584,360,34,203,370,193,139,219,97,235,163,187,371,522,921,160,330,68,361,327,49,164,344,235,88,262,133,285,295,208,363,131,111
