269,454,208,77,504,104,448,197,162,264,456,526,780,348,328,328,397,814,520,65,291,508,332,200,356,151,358,296,317,579,701,1157,235,505,110,507,485,86,291,465,306,97,377,190,421,398,342,481,185,372
454,179,169,59,418,105,433,127,147,158,395,480,833,271,213,227,287,774,451,53,224,449,280,173,279,107,267,199,224,531,648,1242,221,380,93,452,398,64,208,498,311,89,347,138,339,401,289,441,162,326
208,169,37,25,198,44,176,75,56,73,165,212,389,111,104,116,145,353,216,25,108,183,107,89,150,56,156,79,92,247,294,546,103,176,40,208,164,31,106,207,132,35,159,64,162,182,126,202,63,133
77,59,25,3,79,18,74,30,20,38,69,95,139,46,44,53,58,160,78,10,53,69,52,28,47,22,45,44,38,116,131,199,42,74,16,89,69,12,49,90,52,16,56,33,61,78,57,66,22,53
504,418,198,79,221,128,465,160,185,210,434,568,889,328,276,298,383,939,527,49,287,495,317,221,336,131,337,225,293,604,792,1382,277,501,111,589,466,78,285,520,333,104,394,188,394,460,312,488,183,356
104,105,44,18,128,11,99,36,28,57,116,123,171,64,63,80,81,179,107,25,76,111,70,48,64,26,72,64,67,158,160,252,47,92,17,112,92,22,47,121,74,21,80,38,85,106,74,94,29,87
448,433,176,74,465,99,204,159,168,197,397,545,812,300,256,276,352,857,465,72,271,461,299,190,315,142,326,219,239,572,670,1246,256,420,106,512,419,71,256,473,294,100,329,171,348,456,298,445,155,318
197,127,75,30,160,36,159,21,45,70,128,159,295,101,83,107,113,269,174,22,70,171,75,71,106,43,113,68,87,182,243,416,69,145,37,172,132,21,70,171,99,40,122,58,144,139,101,169,51,91
162,147,56,20,185,28,168,45,22,71,149,181,256,110,83,116,136,274,155,23,82,167,98,58,112,49,133,84,76,171,257,441,83,157,40,183,178,31,99,182,97,32,130,52,138,153,104,196,58,118
264,158,73,38,210,57,197,70,71,46,184,228,347,130,119,125,155,377,200,35,119,202,127,78,139,60,134,88,107,280,303,588,108,205,51,216,192,39,126,218,133,43,160,65,178,163,135,227,85,147
456,395,165,69,434,116,397,128,149,184,188,469,762,287,223,249,291,746,413,57,240,443,292,185,299,111,286,213,244,550,634,1155,222,392,106,432,413,74,218,456,264,83,314,158,364,352,286,442,159,280
526,480,212,95,568,123,545,159,181,228,469,312,997,362,300,297,413,989,576,74,286,583,354,224,367,135,392,242,280,719,835,1572,308,486,132,621,514,107,264,609,345,118,433,193,472,481,355,590,220,392
780,833,389,139,889,171,812,295,256,347,762,997,799,585,468,560,605,1423,879,118,501,937,557,355,597,236,654,411,480,1133,1314,2393,449,836,198,963,823,156,447,938,569,176,678,351,742,795,554,910,348,619
348,271,111,46,328,64,300,101,110,130,287,362,585,97,165,161,241,606,345,35,190,305,182,122,218,89,222,145,139,450,523,928,167,321,67,338,294,49,150,364,214,62,243,126,236,288,211,333,136,230
328,213,104,44,276,63,256,83,83,119,223,300,468,165,63,134,185,447,248,32,132,265,150,129,164,69,191,129,137,340,392,737,133,240,67,288,275,37,132,294,176,68,226,78,221,239,159,281,92,183
328,227,116,53,298,80,276,107,116,125,249,297,560,161,134,74,200,494,277,23,152,277,163,124,170,82,200,140,118,372,434,865,173,253,53,303,274,45,155,304,205,65,248,98,226,269,168,297,98,184
397,287,145,58,383,81,352,113,136,155,291,413,605,241,185,200,149,611,373,51,190,371,230,129,238,84,229,163,194,437,543,940,187,321,61,383,353,65,194,364,247,71,271,169,307,321,219,373,130,240
814,774,353,160,939,179,857,269,274,377,746,989,1423,606,447,494,611,768,868,122,520,890,528,335,601,233,639,416,472,1137,1357,2378,451,866,187,929,828,140,419,924,540,197,630,355,700,812,588,888,330,614
520,451,216,78,527,107,465,174,155,200,413,576,879,345,248,277,373,868,267,56,259,494,305,215,337,143,326,226,264,588,749,1361,250,450,111,529,492,86,275,510,323,119,367,207,401,483,316,503,181,355
65,53,25,10,49,25,72,22,23,35,57,74,118,35,32,23,51,122,56,1,35,54,51,20,42,19,41,25,38,74,96,186,42,53,10,71,60,15,42,58,46,15,43,16,55,54,35,62,21,44
291,224,108,53,287,76,271,70,82,119,240,286,501,190,132,152,190,520,259,35,73,246,153,101,159,68,183,126,118,344,414,773,148,281,70,276,268,37,141,289,181,56,226,113,225,257,170,336,97,191
508,449,183,69,495,111,461,171,167,202,443,583,937,305,265,277,371,890,494,54,246,254,304,226,356,138,314,210,271,633,727,1423,290,440,116,546,482,76,274,506,351,104,387,184,387,491,311,485,181,309
332,280,107,52,317,70,299,75,98,127,292,354,557,182,150,163,230,528,305,51,153,304,96,126,222,74,214,130,139,360,472,828,167,261,60,313,263,43,140,294,214,70,241,106,261,274,184,332,108,201
200,173,89,28,221,48,190,71,58,78,185,224,355,122,129,124,129,335,215,20,101,226,126,33,122,47,114,81,117,271,300,554,113,185,37,204,187,31,90,213,129,41,150,93,162,199,116,211,74,134
356,279,150,47,336,64,315,106,112,139,299,367,597,218,164,170,238,601,337,42,159,356,222,122,112,90,222,155,169,436,467,932,187,293,90,362,296,51,155,360,226,66,261,123,272,279,220,333,132,235
151,107,56,22,131,26,142,43,49,60,111,135,236,89,69,82,84,233,143,19,68,138,74,47,90,15,69,47,64,164,185,357,66,101,31,121,132,19,64,131,80,26,81,53,115,124,83,148,52,92
358,267,156,45,337,72,326,113,133,134,286,392,654,222,191,200,229,639,326,41,183,314,214,114,222,69,91,161,156,444,512,951,201,287,80,333,318,57,165,367,242,67,247,134,283,309,220,349,127,212
296,199,79,44,225,64,219,68,84,88,213,242,411,145,129,140,163,416,226,25,126,210,130,81,155,47,161,66,99,272,365,626,128,270,40,267,220,50,106,258,157,41,183,95,182,227,115,212,84,183
317,224,92,38,293,67,239,87,76,107,244,280,480,139,137,118,194,472,264,38,118,271,139,117,169,64,156,99,45,312,403,762,153,240,46,255,225,36,119,264,158,58,180,102,193,268,168,239,93,167
579,531,247,116,604,158,572,182,171,280,550,719,1133,450,340,372,437,1137,588,74,344,633,360,271,436,164,444,272,312,391,943,1783,364,576,140,660,568,102,296,646,390,133,464,226,498,591,379,618,220,429
701,648,294,131,792,160,670,243,257,303,634,835,1314,523,392,434,543,1357,749,96,414,727,472,300,467,185,512,365,403,943,532,2025,409,695,186,795,690,134,393,801,516,157,579,282,610,687,475,745,304,524
1157,1242,546,199,1382,252,1246,416,441,588,1155,1572,2393,928,737,865,940,2378,1361,186,773,1423,828,554,932,357,951,626,762,1783,2025,1857,724,1301,299,1482,1261,214,654,1490,908,302,1006,514,1114,1207,834,1376,495,949
235,221,103,42,277,47,256,69,83,108,222,308,449,167,133,173,187,451,250,42,148,290,167,113,187,66,201,128,153,364,409,724,63,252,61,286,245,46,120,331,168,53,204,92,237,213,172,293,86,196
505,380,176,74,501,92,420,145,157,205,392,486,836,321,240,253,321,866,450,53,281,440,261,185,293,101,287,270,240,576,695,1301,252,238,100,490,412,70,247,478,309,112,334,177,344,389,298,439,178,293
110,93,40,16,111,17,106,37,40,51,106,132,198,67,67,53,61,187,111,10,70,116,60,37,90,31,80,40,46,140,186,299,61,100,10,115,105,23,56,111,83,20,82,41,80,114,61,132,43,59
507,452,208,89,589,112,512,172,183,216,432,621,963,338,288,303,383,929,529,71,276,546,313,204,362,121,333,267,255,660,795,1482,286,490,115,260,502,115,289,550,356,109,416,231,447,505,357,545,220,355
485,398,164,69,466,92,419,132,178,192,413,514,823,294,275,274,353,828,492,60,268,482,263,187,296,132,318,220,225,568,690,1261,245,412,105,502,207,65,241,471,302,97,358,182,366,417,294,451,177,279
86,64,31,12,78,22,71,21,31,39,74,107,156,49,37,45,65,140,86,15,37,76,43,31,51,19,57,50,36,102,134,214,46,70,23,115,65,8,32,98,55,15,66,20,50,73,52,65,23,63
291,208,106,49,285,47,256,70,99,126,218,264,447,150,132,155,194,419,275,42,141,274,140,90,155,64,165,106,119,296,393,654,120,247,56,289,241,32,59,279,166,52,184,107,209,228,168,265,98,178
465,498,207,90,520,121,473,171,182,218,456,609,938,364,294,304,364,924,510,58,289,506,294,213,360,131,367,258,264,646,801,1490,331,478,111,550,471,98,279,284,334,93,362,222,389,444,346,519,189,379
306,311,132,52,333,74,294,99,97,133,264,345,569,214,176,205,247,540,323,46,181,351,214,129,226,80,242,157,158,390,516,908,168,309,83,356,302,55,166,334,97,71,244,117,261,313,223,353,124,232
97,89,35,16,104,21,100,40,32,43,83,118,176,62,68,65,71,197,119,15,56,104,70,41,66,26,67,41,58,133,157,302,53,112,20,109,97,15,52,93,71,13,83,42,78,105,57,106,36,62
377,347,159,56,394,80,329,122,130,160,314,433,678,243,226,248,271,630,367,43,226,387,241,150,261,81,247,183,180,464,579,1006,204,334,82,416,358,66,184,362,244,83,134,147,301,342,237,355,101,288
190,138,64,33,188,38,171,58,52,65,158,193,351,126,78,98,169,355,207,16,113,184,106,93,123,53,134,95,102,226,282,514,92,177,41,231,182,20,107,222,117,42,147,30,136,171,112,209,73,118
421,339,162,61,394,85,348,144,138,178,364,472,742,236,221,226,307,700,401,55,225,387,261,162,272,115,283,182,193,498,610,1114,237,344,80,447,366,50,209,389,261,78,301,136,159,375,259,410,147,291
398,401,182,78,460,106,456,139,153,163,352,481,795,288,239,269,321,812,483,54,257,491,274,199,279,124,309,227,268,591,687,1207,213,389,114,505,417,73,228,444,313,105,342,171,375,229,267,464,175,281
342,289,126,57,312,74,298,101,104,135,286,355,554,211,159,168,219,588,316,35,170,311,184,116,220,83,220,115,168,379,475,834,172,298,61,357,294,52,168,346,223,57,237,112,259,267,93,321,135,205
481,441,202,66,488,94,445,169,196,227,442,590,910,333,281,297,373,888,503,62,336,485,332,211,333,148,349,212,239,618,745,1376,293,439,132,545,451,65,265,519,353,106,355,209,410,464,321,249,168,357
185,162,63,22,183,29,155,51,58,85,159,220,348,136,92,98,130,330,181,21,97,181,108,74,132,52,127,84,93,220,304,495,86,178,43,220,177,23,98,189,124,36,101,73,147,175,135,168,33,128
372,326,133,53,356,87,318,91,118,147,280,392,619,230,183,184,240,614,355,44,191,309,201,134,235,92,212,183,167,429,524,949,196,293,59,355,279,63,178,379,232,62,288,118,291,281,205,357,128,120
