255,433,219,89,498,109,463,160,161,233,442,507,797,365,282,341,350,833,496,67,311,526,339,207,345,138,330,277,280,637,702,1151,237,448,108,496,470,73,249,464,311,95,395,178,432,421,328,494,147,390
433,183,204,76,429,100,428,114,146,195,383,475,751,277,226,224,311,806,428,67,234,447,265,172,258,100,266,201,209,534,670,1284,256,418,91,455,402,72,206,416,261,90,327,156,354,428,252,450,158,272
219,204,37,29,198,47,202,63,72,75,194,233,342,119,91,98,149,306,203,24,110,216,116,92,136,57,132,76,116,244,304,532,110,191,48,199,187,38,93,226,142,49,161,72,150,168,124,196,81,149
89,76,29,7,72,12,79,30,28,31,61,95,137,53,40,47,58,141,93,8,61,84,39,32,52,24,68,45,42,93,125,203,36,88,12,85,74,9,46,79,59,21,46,22,65,65,41,80,21,50
498,429,198,72,231,101,461,156,166,223,459,589,891,339,272,294,396,903,506,53,299,519,304,233,319,105,316,245,263,623,740,1391,256,517,121,520,461,92,268,502,319,101,370,185,415,439,287,553,186,352
109,100,47,12,101,5,106,34,46,54,86,129,174,81,54,65,85,197,125,14,71,129,77,52,75,29,91,50,63,127,166,284,62,124,24,114,104,15,58,113,62,28,75,33,97,110,68,99,42,87
463,428,202,79,461,106,231,144,170,211,397,561,822,307,248,257,357,847,476,59,274,469,280,199,328,127,366,210,255,580,721,1280,243,461,122,516,443,71,230,489,298,114,317,171,394,414,296,466,167,312
160,114,63,30,156,34,144,24,40,60,129,153,295,93,78,86,116,278,155,24,86,161,85,80,115,42,106,72,93,194,220,458,98,139,39,168,140,20,81,171,93,24,134,57,124,138,103,158,57,101
161,146,72,28,166,46,170,40,36,76,156,212,292,107,84,95,133,297,181,20,86,175,99,85,107,46,120,73,82,193,244,458,82,134,41,183,161,24,88,173,116,33,121,66,142,141,123,176,62,108
233,195,75,31,223,54,211,60,76,39,174,241,349,136,116,123,143,336,220,24,109,235,109,80,134,60,154,98,118,234,318,551,99,217,44,217,179,35,97,206,148,44,169,85,157,160,129,210,75,142
442,383,194,61,459,86,397,129,156,174,198,471,744,262,251,266,299,753,421,56,238,451,266,179,287,115,305,209,219,531,629,1198,218,420,100,459,409,63,204,436,296,87,322,177,364,359,271,452,167,296
507,475,233,95,589,129,561,153,212,241,471,310,1000,364,269,300,413,1042,569,65,336,518,338,239,392,137,388,268,248,682,834,1537,301,516,142,584,525,86,285,599,371,111,422,209,460,527,352,540,205,395
797,751,342,137,891,174,822,295,292,349,744,1000,758,577,460,495,649,1365,893,115,494,890,565,387,602,271,659,429,474,1063,1286,2336,449,838,209,928,826,156,468,949,604,211,648,334,753,822,545,927,319,655
365,277,119,53,339,81,307,93,107,136,262,364,577,95,161,167,212,623,326,40,169,320,212,129,236,73,211,148,177,408,437,892,189,286,75,366,310,54,160,306,205,73,252,108,260,288,175,340,128,195
282,226,91,40,272,54,248,78,84,116,251,269,460,161,69,165,197,466,287,25,158,258,136,83,170,70,177,119,142,337,422,702,132,254,53,272,248,38,118,282,174,56,210,90,191,269,176,289,85,184
341,224,98,47,294,65,257,86,95,123,266,300,495,167,165,79,199,514,311,28,130,288,170,96,175,77,174,124,118,341,473,823,159,252,48,314,265,42,136,301,193,65,202,110,195,300,183,328,102,194
350,311,149,58,396,85,357,116,133,143,299,413,649,212,197,199,109,672,346,42,195,373,216,153,242,100,237,164,172,463,556,974,216,336,93,338,358,65,174,391,234,64,269,132,306,356,249,366,176,244
833,806,306,141,903,197,847,278,297,336,753,1042,1365,623,466,514,672,773,872,136,482,888,532,348,591,256,643,408,482,1054,1292,2344,500,833,200,927,856,153,463,938,581,197,628,314,731,824,571,915,320,619
496,428,203,93,506,125,476,155,181,220,421,569,893,326,287,311,346,872,228,73,282,491,323,225,320,135,348,264,249,656,726,1386,258,528,118,507,504,86,266,530,318,110,365,181,398,458,326,513,201,349
67,67,24,8,53,14,59,24,20,24,56,65,115,40,25,28,42,136,73,2,30,72,27,26,28,15,40,24,36,80,89,178,29,60,11,66,39,10,33,82,40,16,47,33,45,67,41,65,21,38
311,234,110,61,299,71,274,86,86,109,238,336,494,169,158,130,195,482,282,30,67,290,172,120,193,65,192,115,157,319,444,770,151,276,72,303,270,48,140,299,163,55,212,92,246,251,164,281,115,223
526,447,216,84,519,129,469,161,175,235,451,518,890,320,258,288,373,888,491,72,290,256,348,212,354,145,390,265,284,615,750,1387,273,504,119,530,482,78,271,553,336,105,379,192,424,472,324,522,192,382
339,265,116,39,304,77,280,85,99,109,266,338,565,212,136,170,216,532,323,27,172,348,90,114,186,79,215,122,153,365,472,900,157,291,62,289,275,54,153,330,199,64,253,119,241,283,164,324,91,212
207,172,92,32,233,52,199,80,85,80,179,239,387,129,83,96,153,348,225,26,120,212,114,35,134,46,139,102,100,245,318,571,111,193,49,218,178,38,104,212,131,41,159,71,160,189,129,232,72,143
345,258,136,52,319,75,328,115,107,134,287,392,602,236,170,175,242,591,320,28,193,354,186,134,112,85,234,145,172,407,496,984,182,305,76,306,329,56,160,381,208,66,277,117,269,310,226,380,132,226
138,100,57,24,105,29,127,42,46,60,115,137,271,73,70,77,100,256,135,15,65,145,79,46,85,13,67,60,57,158,210,384,79,115,29,108,128,31,69,159,82,22,117,55,116,119,80,148,62,87
330,266,132,68,316,91,366,106,120,154,305,388,659,211,177,174,237,643,348,40,192,390,215,139,234,67,102,141,175,405,580,1030,202,329,78,323,326,58,168,396,209,65,305,108,286,336,209,376,137,221
277,201,76,45,245,50,210,72,73,98,209,268,429,148,119,124,164,408,264,24,115,265,122,102,145,60,141,49,110,294,375,704,129,225,46,252,214,42,117,259,162,54,181,88,186,234,135,269,90,153
280,209,116,42,263,63,255,93,82,118,219,248,474,177,142,118,172,482,249,36,157,284,153,100,172,57,175,110,76,333,430,729,141,247,48,243,216,44,103,240,159,56,216,88,226,253,166,298,101,170
637,534,244,93,623,127,580,194,193,234,531,682,1063,408,337,341,463,1054,656,80,319,615,365,245,407,158,405,294,333,375,907,1722,356,615,165,643,584,99,331,647,403,137,452,220,511,573,388,648,241,426
702,670,304,125,740,166,721,220,244,318,629,834,1286,437,422,473,556,1292,726,89,444,750,472,318,496,210,580,375,430,907,563,2021,387,730,181,775,724,124,395,793,469,179,534,292,615,640,470,795,259,514
1151,1284,532,203,1391,284,1280,458,458,551,1198,1537,2336,892,702,823,974,2344,1386,178,770,1387,900,571,984,384,1030,704,729,1722,2021,1835,677,1348,293,1418,1257,252,666,1514,934,313,1075,518,1112,1294,848,1414,465,951
237,256,110,36,256,62,243,98,82,99,218,301,449,189,132,159,216,500,258,29,151,273,157,111,182,79,202,129,141,356,387,677,68,256,55,290,272,43,126,288,179,43,226,100,216,240,164,264,84,205
448,418,191,88,517,124,461,139,134,217,420,516,838,286,254,252,336,833,528,60,276,504,291,193,305,115,329,225,247,615,730,1348,256,244,115,488,460,67,253,501,318,114,370,172,390,477,277,496,179,327
108,91,48,12,121,24,122,39,41,44,100,142,209,75,53,48,93,200,118,11,72,119,62,49,76,29,78,46,48,165,181,293,55,115,5,121,100,16,67,129,82,27,75,37,92,96,50,129,28,59
496,455,199,85,520,114,516,168,183,217,459,584,928,366,272,314,338,927,507,66,303,530,289,218,306,108,323,252,243,643,775,1418,290,488,121,266,455,90,276,610,341,122,427,199,390,479,338,542,194,354
470,402,187,74,461,104,443,140,161,179,409,525,826,310,248,265,358,856,504,39,270,482,275,178,329,128,326,214,216,584,724,1257,272,460,100,455,249,74,228,509,303,87,372,161,382,410,289,480,150,277
73,72,38,9,92,15,71,20,24,35,63,86,156,54,38,42,65,153,86,10,48,78,54,38,56,31,58,42,44,99,124,252,43,67,16,90,74,4,44,84,53,17,65,40,60,61,43,78,21,55
249,206,93,46,268,58,230,81,88,97,204,285,468,160,118,136,174,463,266,33,140,271,153,104,160,69,168,117,103,331,395,666,126,253,67,276,228,44,61,257,161,49,201,96,198,249,192,237,102,163
464,416,226,79,502,113,489,171,173,206,436,599,949,306,282,301,391,938,530,82,299,553,330,212,381,159,396,259,240,647,793,1514,288,501,129,610,509,84,257,283,329,101,393,192,400,508,310,567,176,341
311,261,142,59,319,62,298,93,116,148,296,371,604,205,174,193,234,581,318,40,163,336,199,131,208,82,209,162,159,403,469,934,179,318,82,341,303,53,161,329,92,73,246,137,250,318,198,357,123,222
95,90,49,21,101,28,114,24,33,44,87,111,211,73,56,65,64,197,110,16,55,105,64,41,66,22,65,54,56,137,179,313,43,114,27,122,87,17,49,101,73,9,90,33,81,100,68,106,31,74
395,327,161,46,370,75,317,134,121,169,322,422,648,252,210,202,269,628,365,47,212,379,253,159,277,117,305,181,216,452,534,1075,226,370,75,427,372,65,201,393,246,90,122,138,318,356,244,363,142,260
178,156,72,22,185,33,171,57,66,85,177,209,334,108,90,110,132,314,181,33,92,192,119,71,117,55,108,88,88,220,292,518,100,172,37,199,161,40,96,192,137,33,138,40,128,184,111,195,76,120
432,354,150,65,415,97,394,124,142,157,364,460,753,260,191,195,306,731,398,45,246,424,241,160,269,116,286,186,226,511,615,1112,216,390,92,390,382,60,198,400,250,81,318,128,152,373,255,446,146,264
421,428,168,65,439,110,414,138,141,160,359,527,822,288,269,300,356,824,458,67,251,472,283,189,310,119,336,234,253,573,640,1294,240,477,96,479,410,61,249,508,318,100,356,184,373,186,310,468,165,310
328,252,124,41,287,68,296,103,123,129,271,352,545,175,176,183,249,571,326,41,164,324,164,129,226,80,209,135,166,388,470,848,164,277,50,338,289,43,192,310,198,68,244,111,255,310,102,347,106,195
494,450,196,80,553,99,466,158,176,210,452,540,927,340,289,328,366,915,513,65,281,522,324,232,380,148,376,269,298,648,795,1414,264,496,129,542,480,78,237,567,357,106,363,195,446,468,347,267,204,351
147,158,81,21,186,42,167,57,62,75,167,205,319,128,85,102,176,320,201,21,115,192,91,72,132,62,137,90,101,241,259,465,84,179,28,194,150,21,102,176,123,31,142,76,146,165,106,204,23,127
390,272,149,50,352,87,312,101,108,142,296,395,655,195,184,194,244,619,349,38,223,382,212,143,226,87,221,153,170,426,514,951,205,327,59,354,277,55,163,341,222,74,260,120,264,310,195,351,127,114
