263,464,224,96,488,123,508,185,172,246,490,529,858,404,329,339,372,860,552,74,320,527,322,230,342,164,398,279,299,645,723,1226,234,496,99,532,501,84,267,493,315,117,366,168,445,459,308,507,143,408
464,183,168,81,451,105,424,120,156,166,378,476,835,259,245,254,324,801,431,48,205,431,233,174,285,107,263,191,196,535,701,1277,229,404,112,466,428,69,199,440,276,76,330,156,347,433,267,454,172,307
224,168,37,43,190,56,219,55,52,87,191,195,369,149,109,112,146,339,185,20,101,209,95,92,128,50,148,68,109,241,291,613,115,189,37,225,204,41,96,219,132,32,148,59,163,183,121,200,66,121
96,81,43,3,78,14,79,25,28,35,67,91,151,61,48,63,63,144,87,11,51,72,49,38,58,29,65,33,38,111,126,216,41,74,22,90,85,16,47,93,62,24,56,36,75,68,51,84,28,61
488,451,190,78,280,112,469,134,165,196,424,561,1015,326,256,279,382,986,510,50,272,470,294,208,311,131,351,242,275,674,749,1472,272,470,111,557,477,94,255,551,322,123,376,212,412,493,328,507,174,357
123,105,56,14,112,11,102,38,39,47,90,134,181,73,51,70,82,174,127,16,64,87,62,45,82,25,83,51,63,154,157,270,54,94,18,135,98,27,55,124,95,16,101,43,98,99,58,111,30,87
508,424,219,79,469,102,239,152,162,200,409,513,879,301,279,310,368,842,484,73,294,471,284,205,325,121,309,216,249,582,715,1366,287,454,102,544,459,83,245,505,335,100,406,198,395,461,313,531,184,360
185,120,55,25,134,38,152,22,52,67,141,166,239,98,76,85,103,261,158,20,72,145,81,57,102,43,92,71,80,182,232,441,84,135,36,177,149,28,81,178,96,34,136,53,109,131,97,176,52,107
172,156,52,28,165,39,162,52,30,67,140,172,294,115,109,97,119,288,152,19,94,162,106,58,97,48,103,83,79,222,224,494,90,160,28,200,145,32,102,152,91,25,126,79,120,147,96,177,65,111
246,166,87,35,196,47,200,67,67,48,175,225,366,123,109,122,154,350,208,24,114,215,129,99,145,58,133,90,114,255,304,529,117,178,50,224,194,32,112,239,147,46,175,83,173,193,123,202,73,157
490,378,191,67,424,90,409,141,140,175,186,429,729,284,231,261,318,731,437,60,244,447,255,171,278,106,301,205,222,560,645,1117,234,438,97,487,405,69,236,457,285,80,340,157,352,390,243,439,153,305
529,476,195,91,561,134,513,166,172,225,429,335,1050,333,294,350,405,1045,540,62,320,544,324,222,365,140,388,252,266,708,869,1625,304,548,142,585,548,104,264,599,367,120,428,210,428,539,373,593,212,383
858,835,369,151,1015,181,879,239,294,366,729,1050,787,572,501,497,658,1399,872,115,503,924,547,371,646,222,635,438,424,1135,1353,2453,441,909,219,971,848,155,428,976,650,188,646,348,721,859,587,975,340,620
404,259,149,61,326,73,301,98,115,123,284,333,572,114,176,184,240,588,328,45,176,352,209,128,218,82,206,161,182,398,492,873,190,322,55,369,305,63,157,368,237,58,245,120,266,309,200,339,130,222
329,245,109,48,256,51,279,76,109,109,231,294,501,176,63,123,223,523,284,32,155,276,161,105,169,68,184,117,134,338,407,727,114,264,69,304,244,40,153,305,191,47,220,103,198,229,152,285,86,166
339,254,112,63,279,70,310,85,97,122,261,350,497,184,123,70,238,520,294,29,159,307,154,117,162,64,170,127,141,334,404,837,128,268,69,298,266,45,164,288,181,47,232,108,220,238,162,287,95,200
372,324,146,63,382,82,368,103,119,154,318,405,658,240,223,238,146,627,373,41,181,373,226,141,253,94,241,170,164,467,564,988,183,364,97,402,322,50,174,367,201,71,281,136,291,355,216,398,128,237
860,801,339,144,986,174,842,261,288,350,731,1045,1399,588,523,520,627,779,949,111,530,936,558,359,600,226,604,405,433,1104,1399,2508,477,881,209,969,844,161,424,961,612,187,647,357,720,830,565,919,319,620
552,431,185,87,510,127,484,158,152,208,437,540,872,328,284,294,373,949,283,67,267,476,314,199,316,129,376,225,251,647,763,1438,266,478,88,539,481,100,248,531,330,105,365,186,428,514,311,501,175,368
74,48,20,11,50,16,73,20,19,24,60,62,115,45,32,29,41,111,67,1,23,70,35,29,45,16,33,27,33,76,107,202,34,57,17,54,65,26,28,73,37,8,51,21,54,55,45,72,29,44
320,205,101,51,272,64,294,72,94,114,244,320,503,176,155,159,181,530,267,23,73,272,159,113,177,69,182,119,130,333,435,849,155,285,68,256,263,39,112,310,196,65,213,85,241,260,165,333,100,165
527,431,209,72,470,87,471,145,162,215,447,544,924,352,276,307,373,936,476,70,272,252,330,212,330,134,329,212,261,658,724,1403,276,472,94,587,490,92,266,518,344,99,380,190,412,459,288,536,177,376
322,233,95,49,294,62,284,81,106,129,255,324,547,209,161,154,226,558,314,35,159,330,102,112,180,77,173,142,146,392,470,794,142,271,61,321,260,52,164,330,218,64,232,105,251,280,205,319,103,186
230,174,92,38,208,45,205,57,58,99,171,222,371,128,105,117,141,359,199,29,113,212,112,37,133,46,121,95,105,263,306,543,119,188,42,203,179,36,102,222,134,38,166,62,165,182,129,206,73,141
342,285,128,58,311,82,325,102,97,145,278,365,646,218,169,162,253,600,316,45,177,330,180,133,101,71,194,145,165,405,517,904,196,316,86,313,322,61,162,351,225,49,279,109,233,323,191,354,123,214
164,107,50,29,131,25,121,43,48,58,106,140,222,82,68,64,94,226,129,16,69,134,77,46,71,15,67,47,62,166,201,386,61,120,30,128,121,27,76,132,73,22,137,42,75,118,78,139,48,100
398,263,148,65,351,83,309,92,103,133,301,388,635,206,184,170,241,604,376,33,182,329,173,121,194,67,98,153,160,383,539,988,207,342,86,356,317,60,172,343,207,56,301,112,230,325,225,370,135,231
279,191,68,33,242,51,216,71,83,90,205,252,438,161,117,127,170,405,225,27,119,212,142,95,145,47,153,52,128,294,336,617,124,252,48,254,217,34,109,221,146,55,193,95,178,223,147,242,78,178
299,196,109,38,275,63,249,80,79,114,222,266,424,182,134,141,164,433,251,33,130,261,146,105,165,62,160,128,62,304,398,702,120,228,59,235,228,28,134,274,180,60,208,93,197,204,161,256,88,140
645,535,241,111,674,154,582,182,222,255,560,708,1135,398,338,334,467,1104,647,76,333,658,392,263,405,166,383,294,304,383,955,1835,360,616,117,674,593,99,339,712,421,124,459,247,474,586,422,659,242,444
723,701,291,126,749,157,715,232,224,304,645,869,1353,492,407,404,564,1399,763,107,435,724,470,306,517,201,539,336,398,955,581,2095,429,754,164,827,714,128,375,828,489,166,591,283,605,678,491,788,261,526
1226,1277,613,216,1472,270,1366,441,494,529,1117,1625,2453,873,727,837,988,2508,1438,202,849,1403,794,543,904,386,988,617,702,1835,2095,1954,744,1329,359,1536,1342,241,669,1522,966,290,1039,548,1129,1358,890,1482,533,958
234,229,115,41,272,54,287,84,90,117,234,304,441,190,114,128,183,477,266,34,155,276,142,119,196,61,207,124,120,360,429,744,54,266,79,298,246,56,133,303,185,65,224,113,198,275,178,295,88,160
496,404,189,74,470,94,454,135,160,178,438,548,909,322,264,268,364,881,478,57,285,472,271,188,316,120,342,252,228,616,754,1329,266,219,114,527,441,90,243,506,318,113,338,162,379,462,274,517,179,322
99,112,37,22,111,18,102,36,28,50,97,142,219,55,69,69,97,209,88,17,68,94,61,42,86,30,86,48,59,117,164,359,79,114,15,124,100,20,56,129,74,18,83,39,89,117,66,125,37,86
532,466,225,90,557,135,544,177,200,224,487,585,971,369,304,298,402,969,539,54,256,587,321,203,313,128,356,254,235,674,827,1536,298,527,124,289,519,93,291,533,330,90,420,191,421,526,337,555,201,356
501,428,204,85,477,98,459,149,145,194,405,548,848,305,244,266,322,844,481,65,263,490,260,179,322,121,317,217,228,593,714,1342,246,441,100,519,203,82,239,506,325,95,370,181,395,436,313,519,169,323
84,69,41,16,94,27,83,28,32,32,69,104,155,63,40,45,50,161,100,26,39,92,52,36,61,27,60,34,28,99,128,241,56,90,20,93,82,5,52,86,60,19,90,33,75,79,53,101,43,64
267,199,96,47,255,55,245,81,102,112,236,264,428,157,153,164,174,424,248,28,112,266,164,102,162,76,172,109,134,339,375,669,133,243,56,291,239,52,61,282,183,56,199,90,187,222,156,242,84,180
493,440,219,93,551,124,505,178,152,239,457,599,976,368,305,288,367,961,531,73,310,518,330,222,351,132,343,221,274,712,828,1522,303,506,129,533,506,86,282,280,315,106,394,191,418,492,328,519,177,384
315,276,132,62,322,95,335,96,91,147,285,367,650,237,191,181,201,612,330,37,196,344,218,134,225,73,207,146,180,421,489,966,185,318,74,330,325,60,183,315,114,64,246,131,264,304,227,320,128,206
117,76,32,24,123,16,100,34,25,46,80,120,188,58,47,47,71,187,105,8,65,99,64,38,49,22,56,55,60,124,166,290,65,113,18,90,95,19,56,106,64,8,75,38,69,95,74,102,41,80
366,330,148,56,376,101,406,136,126,175,340,428,646,245,220,232,281,647,365,51,213,380,232,166,279,137,301,193,208,459,591,1039,224,338,83,420,370,90,199,394,246,75,132,140,302,358,249,360,135,293
168,156,59,36,212,43,198,53,79,83,157,210,348,120,103,108,136,357,186,21,85,190,105,62,109,42,112,95,93,247,283,548,113,162,39,191,181,33,90,191,131,38,140,39,140,197,102,191,79,109
445,347,163,75,412,98,395,109,120,173,352,428,721,266,198,220,291,720,428,54,241,412,251,165,233,75,230,178,197,474,605,1129,198,379,89,421,395,75,187,418,264,69,302,140,136,370,241,419,136,281
459,433,183,68,493,99,461,131,147,193,390,539,859,309,229,238,355,830,514,55,260,459,280,182,323,118,325,223,204,586,678,1358,275,462,117,526,436,79,222,492,304,95,358,197,370,234,309,520,180,304
308,267,121,51,328,58,313,97,96,123,243,373,587,200,152,162,216,565,311,45,165,288,205,129,191,78,225,147,161,422,491,890,178,274,66,337,313,53,156,328,227,74,249,102,241,309,86,351,110,208
507,454,200,84,507,111,531,176,177,202,439,593,975,339,285,287,398,919,501,72,333,536,319,206,354,139,370,242,256,659,788,1482,295,517,125,555,519,101,242,519,320,102,360,191,419,520,351,269,202,379
143,172,66,28,174,30,184,52,65,73,153,212,340,130,86,95,128,319,175,29,100,177,103,73,123,48,135,78,88,242,261,533,88,179,37,201,169,43,84,177,128,41,135,79,136,180,110,202,35,116
408,307,121,61,357,87,360,107,111,157,305,383,620,222,166,200,237,620,368,44,165,376,186,141,214,100,231,178,140,444,526,958,160,322,86,356,323,64,180,384,206,80,293,109,281,304,208,379,116,134
