243,473,210,98,515,137,482,188,188,228,450,510,736,366,308,346,355,755,522,72,313,496,334,208,364,151,376,302,316,632,673,1117,262,497,103,503,522,87,275,448,308,102,373,149,420,417,336,481,181,355
473,174,176,74,466,78,381,144,128,182,352,467,772,275,237,238,309,782,409,60,238,450,250,172,276,98,257,215,246,540,673,1271,257,371,83,475,390,61,230,453,267,83,333,175,349,367,283,439,156,286
210,176,33,43,185,53,170,50,56,83,169,203,389,97,102,108,151,358,217,21,102,195,127,66,133,53,128,100,87,253,307,571,118,190,43,207,195,29,93,191,141,30,168,75,136,182,118,198,82,128
98,74,43,5,90,18,68,29,35,41,59,88,144,55,52,51,75,147,90,8,62,84,41,30,42,22,69,35,48,95,106,227,41,68,13,76,68,14,42,101,56,14,65,28,65,79,48,84,24,58
515,466,185,90,248,99,479,151,185,200,407,597,883,335,284,301,380,929,566,67,284,499,290,211,352,126,362,246,250,630,762,1369,273,496,121,524,459,79,264,559,327,105,396,210,410,446,326,524,172,381
137,78,53,18,99,8,87,43,42,39,86,106,194,73,50,54,91,178,121,5,82,102,63,41,63,32,83,59,54,130,143,280,46,88,19,115,94,18,68,108,69,28,68,40,79,98,56,96,31,88
482,381,170,68,479,87,226,146,155,203,389,534,810,302,264,297,347,794,497,48,265,499,285,202,292,126,337,222,234,572,710,1289,300,413,102,482,422,87,227,546,312,103,348,190,403,422,293,503,170,330
188,144,50,29,151,43,146,18,42,60,139,156,268,93,81,83,122,265,152,18,76,157,96,52,89,36,101,71,93,209,216,415,83,156,31,151,145,20,63,185,86,17,131,63,112,133,86,170,45,110
188,128,56,35,185,42,155,42,23,67,148,182,289,110,99,91,137,299,159,25,94,168,107,65,122,34,104,101,100,185,234,451,80,152,49,172,154,39,85,188,89,36,129,62,140,156,104,184,62,125
228,182,83,41,200,39,203,60,67,41,160,221,337,124,122,122,136,331,184,20,118,197,129,79,137,57,155,101,110,242,296,588,103,178,46,211,186,40,98,211,124,37,140,70,177,176,143,196,73,142
450,352,169,59,407,86,389,139,148,160,202,472,744,259,232,258,317,751,450,44,255,443,232,163,284,102,290,219,218,527,631,1139,219,375,76,451,372,65,216,452,267,87,311,159,323,368,264,410,131,289
510,467,203,88,597,106,534,156,182,221,472,301,1050,359,286,319,360,1015,571,64,269,535,310,213,362,149,382,259,254,712,805,1604,302,516,147,579,504,96,271,634,393,114,400,197,453,529,344,570,212,407
736,772,389,144,883,194,810,268,289,337,744,1050,819,547,451,494,572,1468,901,104,494,853,517,327,607,221,618,432,442,1127,1346,2379,497,791,207,904,814,152,434,979,661,197,672,355,697,828,530,903,291,591
366,275,97,55,335,73,302,93,110,124,259,359,547,113,161,178,261,559,309,44,134,326,186,147,219,84,230,141,153,399,488,871,174,319,70,326,300,53,160,381,219,59,260,125,276,307,204,358,112,210
308,237,102,52,284,50,264,81,99,122,232,286,451,161,69,129,180,446,277,38,145,295,159,120,198,73,180,143,142,322,408,756,143,244,67,271,286,41,126,323,184,56,213,128,213,232,168,288,115,188
346,238,108,51,301,54,297,83,91,122,258,319,494,178,129,63,181,528,286,41,151,311,175,125,228,83,210,120,125,377,456,826,162,266,80,254,276,46,138,339,177,53,245,110,256,266,169,338,124,182
355,309,151,75,380,91,347,122,137,136,317,360,572,261,180,181,125,616,374,58,205,383,250,135,254,91,251,176,206,484,556,1038,201,377,86,368,370,74,183,369,246,61,267,134,292,343,201,385,130,238
755,782,358,147,929,178,794,265,299,331,751,1015,1468,559,446,528,616,821,906,121,493,877,531,346,584,238,665,422,473,1126,1353,2407,489,840,207,960,783,155,453,954,585,191,675,326,640,801,531,887,303,615
522,409,217,90,566,121,497,152,159,184,450,571,901,309,277,286,374,906,269,71,288,493,302,188,323,134,332,275,248,614,835,1406,285,490,114,564,490,89,266,554,325,125,385,204,411,470,297,536,187,336
72,60,21,8,67,5,48,18,25,20,44,64,104,44,38,41,58,121,71,1,42,73,25,22,39,10,46,41,31,83,90,176,29,61,13,59,57,7,26,58,39,14,47,24,51,65,38,72,21,40
313,238,102,62,284,82,265,76,94,118,255,269,494,134,145,151,205,493,288,42,81,290,160,113,187,65,186,150,130,355,424,781,157,267,71,286,266,45,125,320,169,55,255,90,195,260,177,276,98,168
496,450,195,84,499,102,499,157,168,197,443,535,853,326,295,311,383,877,493,73,290,263,341,241,362,142,357,257,250,638,750,1368,291,474,111,528,463,84,256,544,355,109,389,199,442,491,301,535,203,333
334,250,127,41,290,63,285,96,107,129,232,310,517,186,159,175,250,531,302,25,160,341,87,108,182,86,208,134,137,346,471,826,167,276,76,310,305,57,141,338,198,46,234,127,235,279,173,321,125,200
208,172,66,30,211,41,202,52,65,79,163,213,327,147,120,125,135,346,188,22,113,241,108,50,127,46,137,114,109,239,289,557,104,184,36,210,178,49,104,223,146,37,155,68,161,195,133,207,57,117
364,276,133,42,352,63,292,89,122,137,284,362,607,219,198,228,254,584,323,39,187,362,182,127,100,76,203,154,175,422,470,913,194,289,75,315,280,55,149,365,227,60,251,141,249,298,208,347,140,224
151,98,53,22,126,32,126,36,34,57,102,149,221,84,73,83,91,238,134,10,65,142,86,46,76,12,87,55,55,136,185,377,81,120,35,130,105,20,60,137,83,33,106,45,107,128,78,131,43,84
376,257,128,69,362,83,337,101,104,155,290,382,618,230,180,210,251,665,332,46,186,357,208,137,203,87,120,155,162,408,528,986,188,347,75,360,301,44,163,380,218,66,246,137,267,318,206,341,114,213
302,215,100,35,246,59,222,71,101,101,219,259,432,141,143,120,176,422,275,41,150,257,134,114,154,55,155,54,103,273,353,649,126,226,54,250,237,32,114,262,152,41,192,90,197,210,132,242,97,166
316,246,87,48,250,54,234,93,100,110,218,254,442,153,142,125,206,473,248,31,130,250,137,109,175,55,162,103,71,299,386,660,152,231,53,263,224,37,129,266,168,44,188,85,195,223,152,297,91,164
632,540,253,95,630,130,572,209,185,242,527,712,1127,399,322,377,484,1126,614,83,355,638,346,239,422,136,408,273,299,388,956,1810,359,598,160,664,605,122,316,676,419,136,445,248,489,592,379,660,237,432
673,673,307,106,762,143,710,216,234,296,631,805,1346,488,408,456,556,1353,835,90,424,750,471,289,470,185,528,353,386,956,554,2011,437,720,186,792,664,123,381,815,524,157,573,311,621,718,484,776,286,462
1117,1271,571,227,1369,280,1289,415,451,588,1139,1604,2379,871,756,826,1038,2407,1406,176,781,1368,826,557,913,377,986,649,660,1810,2011,1850,689,1254,355,1532,1198,218,699,1494,936,308,995,562,1094,1258,865,1402,480,914
262,257,118,41,273,46,300,83,80,103,219,302,497,174,143,162,201,489,285,29,157,291,167,104,194,81,188,126,152,359,437,689,69,233,72,308,244,50,129,286,177,64,210,122,214,247,175,311,84,193
497,371,190,68,496,88,413,156,152,178,375,516,791,319,244,266,377,840,490,61,267,474,276,184,289,120,347,226,231,598,720,1254,233,202,91,519,441,79,236,492,296,89,352,174,374,430,293,460,155,319
103,83,43,13,121,19,102,31,49,46,76,147,207,70,67,80,86,207,114,13,71,111,76,36,75,35,75,54,53,160,186,355,72,91,13,136,87,25,47,114,70,16,96,47,100,93,78,136,43,87
503,475,207,76,524,115,482,151,172,211,451,579,904,326,271,254,368,960,564,59,286,528,310,210,315,130,360,250,263,664,792,1532,308,519,136,282,496,109,277,560,322,99,413,189,372,487,315,542,238,330
522,390,195,68,459,94,422,145,154,186,372,504,814,300,286,276,370,783,490,57,266,463,305,178,280,105,301,237,224,605,664,1198,244,441,87,496,197,80,233,497,330,87,366,165,352,439,268,486,165,326
87,61,29,14,79,18,87,20,39,40,65,96,152,53,41,46,74,155,89,7,45,84,57,49,55,20,44,32,37,122,123,218,50,79,25,109,80,5,39,81,49,18,76,32,59,79,57,92,46,58
275,230,93,42,264,68,227,63,85,98,216,271,434,160,126,138,183,453,266,26,125,256,141,104,149,60,163,114,129,316,381,699,129,236,47,277,233,39,57,254,159,41,195,106,188,234,145,243,99,189
448,453,191,101,559,108,546,185,188,211,452,634,979,381,323,339,369,954,554,58,320,544,338,223,365,137,380,262,266,676,815,1494,286,492,114,560,497,81,254,292,382,125,417,216,469,516,353,580,215,358
308,267,141,56,327,69,312,86,89,124,267,393,661,219,184,177,246,585,325,39,169,355,198,146,227,83,218,152,168,419,524,936,177,296,70,322,330,49,159,382,115,70,246,113,274,299,207,347,129,226
102,83,30,14,105,28,103,17,36,37,87,114,197,59,56,53,61,191,125,14,55,109,46,37,60,33,66,41,44,136,157,308,64,89,16,99,87,18,41,125,70,8,88,30,70,91,63,124,30,55
373,333,168,65,396,68,348,131,129,140,311,400,672,260,213,245,267,675,385,47,255,389,234,155,251,106,246,192,188,445,573,995,210,352,96,413,366,76,195,417,246,88,132,144,304,352,247,392,127,267
149,175,75,28,210,40,190,63,62,70,159,197,355,125,128,110,134,326,204,24,90,199,127,68,141,45,137,90,85,248,311,562,122,174,47,189,165,32,106,216,113,30,144,31,164,185,124,189,81,132
420,349,136,65,410,79,403,112,140,177,323,453,697,276,213,256,292,640,411,51,195,442,235,161,249,107,267,197,195,489,621,1094,214,374,100,372,352,59,188,469,274,70,304,164,160,366,272,432,160,273
417,367,182,79,446,98,422,133,156,176,368,529,828,307,232,266,343,801,470,65,260,491,279,195,298,128,318,210,223,592,718,1258,247,430,93,487,439,79,234,516,299,91,352,185,366,211,295,482,164,303
336,283,118,48,326,56,293,86,104,143,264,344,530,204,168,169,201,531,297,38,177,301,173,133,208,78,206,132,152,379,484,865,175,293,78,315,268,57,145,353,207,63,247,124,272,295,94,331,134,249
481,439,198,84,524,96,503,170,184,196,410,570,903,358,288,338,385,887,536,72,276,535,321,207,347,131,341,242,297,660,776,1402,311,460,136,542,486,92,243,580,347,124,392,189,432,482,331,265,228,317
181,156,82,24,172,31,170,45,62,73,131,212,291,112,115,124,130,303,187,21,98,203,125,57,140,43,114,97,91,237,286,480,84,155,43,238,165,46,99,215,129,30,127,81,160,164,134,228,37,141
355,286,128,58,381,88,330,110,125,142,289,407,591,210,188,182,238,615,336,40,168,333,200,117,224,84,213,166,164,432,462,914,193,319,87,330,326,58,189,358,226,55,267,132,273,303,249,317,141,114
