285,460,232,90,525,98,480,192,177,235,444,541,816,373,311,353,326,830,439,65,327,474,367,198,363,172,383,272,306,605,720,1258,229,509,108,572,501,96,274,455,339,105,386,175,438,427,350,501,175,400
460,170,171,73,486,88,452,117,142,183,353,514,793,278,227,236,327,784,441,64,217,459,238,164,271,115,303,193,189,556,680,1291,265,421,88,475,404,69,214,478,264,87,354,172,328,408,257,448,157,313
232,171,38,39,209,51,202,59,68,77,143,241,362,123,93,99,138,351,186,24,112,215,109,80,113,42,140,86,96,241,328,567,113,171,49,192,177,32,100,222,122,40,158,73,144,185,105,227,64,135
90,73,39,5,87,19,82,34,31,33,64,92,156,62,43,49,76,122,83,9,43,94,64,31,69,17,60,49,48,99,127,205,48,82,20,86,94,12,54,92,58,17,64,28,69,55,58,78,29,57
525,486,209,87,247,129,511,142,176,200,426,552,960,346,253,279,376,955,571,71,259,532,277,220,356,152,361,271,241,668,785,1498,314,486,126,596,477,100,241,566,330,106,359,187,403,506,324,524,189,343
98,88,51,19,129,12,108,49,38,41,89,133,208,87,55,63,72,182,103,9,69,119,61,48,73,29,101,51,67,144,172,255,63,106,27,120,117,23,61,115,65,24,85,41,97,89,66,97,33,83
480,452,202,82,511,108,224,169,149,196,420,529,915,291,253,285,328,875,503,57,281,485,304,208,313,130,330,244,271,601,737,1307,268,458,114,505,458,76,252,483,334,103,356,199,364,441,284,499,172,359
192,117,59,34,142,49,169,19,48,65,128,157,268,89,88,81,111,300,143,29,94,172,100,60,94,31,89,72,70,185,228,424,86,145,48,153,142,31,70,132,107,31,100,54,120,151,88,185,68,80
177,142,68,31,176,38,149,48,25,66,139,182,308,102,72,80,108,313,177,16,83,161,104,82,113,35,107,81,81,191,231,458,87,152,35,158,154,28,84,182,127,32,115,65,129,151,107,165,53,100
235,183,77,33,200,41,196,65,66,43,164,216,363,171,121,146,133,382,236,38,113,225,122,81,137,47,151,105,108,246,322,549,111,183,49,219,200,36,115,199,120,45,148,77,178,176,159,236,58,143
444,353,143,64,426,89,420,128,139,164,165,465,777,295,230,271,294,796,473,72,222,438,268,178,299,106,298,193,240,545,644,1113,189,391,96,476,395,79,199,466,273,99,292,156,376,395,282,444,169,301
541,514,241,92,552,133,529,157,182,216,465,311,996,378,295,334,414,990,570,65,301,598,318,210,346,143,370,267,270,740,867,1605,300,535,134,560,534,108,282,649,362,107,399,198,408,496,357,577,178,365
816,793,362,156,960,208,915,268,308,363,777,996,784,589,492,533,699,1388,969,100,505,945,543,358,650,213,612,389,499,1165,1361,2499,457,855,204,974,830,168,489,992,605,211,727,374,728,806,594,969,336,589
373,278,123,62,346,87,291,89,102,171,295,378,589,97,151,181,252,572,337,44,175,332,213,127,208,83,217,150,174,389,491,917,183,312,73,345,333,47,170,335,217,75,242,121,260,290,215,346,116,247
311,227,93,43,253,55,253,88,72,121,230,295,492,151,72,124,187,504,256,31,135,294,147,118,155,43,162,136,123,324,400,725,129,225,60,275,246,46,138,269,181,54,194,90,203,241,145,273,102,181
353,236,99,49,279,63,285,81,80,146,271,334,533,181,124,71,191,521,277,34,145,311,170,119,168,57,174,125,128,349,462,830,140,250,76,286,278,50,147,294,197,64,237,92,246,272,162,310,117,238
326,327,138,76,376,72,328,111,108,133,294,414,699,252,187,191,134,661,380,35,184,389,230,141,239,106,261,161,166,422,525,1024,189,344,90,411,335,71,189,395,288,73,278,125,313,363,223,402,134,232
830,784,351,122,955,182,875,300,313,382,796,990,1388,572,504,521,661,795,951,110,482,949,555,385,661,215,621,428,456,1119,1355,2471,498,840,199,1004,819,167,488,979,647,193,695,347,772,849,579,987,329,618
439,441,186,83,571,103,503,143,177,236,473,570,969,337,256,277,380,951,255,63,259,500,314,213,339,113,343,240,269,651,821,1434,253,478,117,573,458,90,252,549,323,85,402,191,413,472,342,571,210,328
65,64,24,9,71,9,57,29,16,38,72,65,100,44,31,34,35,110,63,7,32,65,34,30,33,13,38,27,31,78,98,191,32,57,16,57,61,10,29,82,54,12,56,19,48,61,30,72,19,46
327,217,112,43,259,69,281,94,83,113,222,301,505,175,135,145,184,482,259,32,74,281,160,111,157,73,186,119,119,375,375,765,141,273,64,280,269,41,136,304,195,55,220,84,183,241,163,284,110,197
474,459,215,94,532,119,485,172,161,225,438,598,945,332,294,311,389,949,500,65,281,260,315,215,325,133,353,239,273,641,786,1381,255,501,108,591,484,76,269,552,329,116,405,213,397,507,344,546,199,367
367,238,109,64,277,61,304,100,104,122,268,318,543,213,147,170,230,555,314,34,160,315,89,117,192,73,185,122,144,381,453,837,141,284,67,330,309,46,154,315,184,53,214,127,246,285,196,296,115,198
198,164,80,31,220,48,208,60,82,81,178,210,358,127,118,119,141,385,213,30,111,215,117,38,136,49,148,97,107,276,314,548,96,202,44,210,197,32,93,196,133,42,152,92,172,177,123,218,71,148
363,271,113,69,356,73,313,94,113,137,299,346,650,208,155,168,239,661,339,33,157,325,192,136,113,72,216,140,155,411,499,948,195,328,66,377,313,36,162,364,198,65,247,129,215,299,199,335,139,237
172,115,42,17,152,29,130,31,35,47,106,143,213,83,43,57,106,215,113,13,73,133,73,49,72,14,71,53,64,136,211,330,73,128,25,130,128,17,62,143,68,27,98,46,100,117,74,139,41,81
383,303,140,60,361,101,330,89,107,151,298,370,612,217,162,174,261,621,343,38,186,353,185,148,216,71,106,176,179,442,523,909,191,324,77,333,312,42,161,371,196,75,268,126,274,323,209,356,117,257
272,193,86,49,271,51,244,72,81,105,193,267,389,150,136,125,161,428,240,27,119,239,122,97,140,53,176,48,117,298,340,632,135,241,53,241,232,39,121,236,135,45,190,79,193,199,144,233,94,165
306,189,96,48,241,67,271,70,81,108,240,270,499,174,123,128,166,456,269,31,119,273,144,107,155,64,179,117,66,323,386,671,136,209,50,233,226,33,127,280,162,52,201,83,209,223,154,292,107,191
605,556,241,99,668,144,601,185,191,246,545,740,1165,389,324,349,422,1119,651,78,375,641,381,276,411,136,442,298,323,379,982,1850,360,583,106,618,603,94,303,713,445,142,504,229,508,601,345,669,227,438
720,680,328,127,785,172,737,228,231,322,644,867,1361,491,400,462,525,1355,821,98,375,786,453,314,499,211,523,340,386,982,607,2110,383,743,176,839,717,130,399,849,545,157,574,309,589,725,490,799,315,537
1258,1291,567,205,1498,255,1307,424,458,549,1113,1605,2499,917,725,830,1024,2471,1434,191,765,1381,837,548,948,330,909,632,671,1850,2110,1979,716,1337,316,1609,1312,223,726,1604,964,289,1110,565,1119,1319,893,1464,523,950
229,265,113,48,314,63,268,86,87,111,189,300,457,183,129,140,189,498,253,32,141,255,141,96,195,73,191,135,136,360,383,716,69,265,57,292,253,38,128,301,176,40,215,101,195,256,180,275,95,186
509,421,171,82,486,106,458,145,152,183,391,535,855,312,225,250,344,840,478,57,273,501,284,202,328,128,324,241,209,583,743,1337,265,226,114,494,466,66,252,487,301,108,367,144,375,448,283,524,161,340
108,88,49,20,126,27,114,48,35,49,96,134,204,73,60,76,90,199,117,16,64,108,67,44,66,25,77,53,50,106,176,316,57,114,12,130,103,15,67,145,90,23,92,34,80,104,60,124,38,71
572,475,192,86,596,120,505,153,158,219,476,560,974,345,275,286,411,1004,573,57,280,591,330,210,377,130,333,241,233,618,839,1609,292,494,130,291,499,91,267,636,376,92,422,206,407,512,359,562,212,346
501,404,177,94,477,117,458,142,154,200,395,534,830,333,246,278,335,819,458,61,269,484,309,197,313,128,312,232,226,603,717,1312,253,466,103,499,242,73,238,460,334,100,326,169,362,420,280,480,178,319
96,69,32,12,100,23,76,31,28,36,79,108,168,47,46,50,71,167,90,10,41,76,46,32,36,17,42,39,33,94,130,223,38,66,15,91,73,3,34,88,55,18,83,20,70,63,59,93,40,65
274,214,100,54,241,61,252,70,84,115,199,282,489,170,138,147,189,488,252,29,136,269,154,93,162,62,161,121,127,303,399,726,128,252,67,267,238,34,62,263,166,54,182,97,204,232,161,283,104,168
455,478,222,92,566,115,483,132,182,199,466,649,992,335,269,294,395,979,549,82,304,552,315,196,364,143,371,236,280,713,849,1604,301,487,145,636,460,88,263,309,364,109,388,207,405,551,303,563,202,335
339,264,122,58,330,65,334,107,127,120,273,362,605,217,181,197,288,647,323,54,195,329,184,133,198,68,196,135,162,445,545,964,176,301,90,376,334,55,166,364,103,42,248,149,262,302,208,359,135,220
105,87,40,17,106,24,103,31,32,45,99,107,211,75,54,64,73,193,85,12,55,116,53,42,65,27,75,45,52,142,157,289,40,108,23,92,100,18,54,109,42,8,79,49,83,101,63,121,43,78
386,354,158,64,359,85,356,100,115,148,292,399,727,242,194,237,278,695,402,56,220,405,214,152,247,98,268,190,201,504,574,1110,215,367,92,422,326,83,182,388,248,79,125,148,305,353,256,400,137,251
175,172,73,28,187,41,199,54,65,77,156,198,374,121,90,92,125,347,191,19,84,213,127,92,129,46,126,79,83,229,309,565,101,144,34,206,169,20,97,207,149,49,148,30,167,183,112,213,62,124
438,328,144,69,403,97,364,120,129,178,376,408,728,260,203,246,313,772,413,48,183,397,246,172,215,100,274,193,209,508,589,1119,195,375,80,407,362,70,204,405,262,83,305,167,157,363,229,402,134,300
427,408,185,55,506,89,441,151,151,176,395,496,806,290,241,272,363,849,472,61,241,507,285,177,299,117,323,199,223,601,725,1319,256,448,104,512,420,63,232,551,302,101,353,183,363,224,281,464,182,333
350,257,105,58,324,66,284,88,107,159,282,357,594,215,145,162,223,579,342,30,163,344,196,123,199,74,209,144,154,345,490,893,180,283,60,359,280,59,161,303,208,63,256,112,229,281,115,332,119,221
501,448,227,78,524,97,499,185,165,236,444,577,969,346,273,310,402,987,571,72,284,546,296,218,335,139,356,233,292,669,799,1464,275,524,124,562,480,93,283,563,359,121,400,213,402,464,332,272,188,409
175,157,64,29,189,33,172,68,53,58,169,178,336,116,102,117,134,329,210,19,110,199,115,71,139,41,117,94,107,227,315,523,95,161,38,212,178,40,104,202,135,43,137,62,134,182,119,188,32,123
400,313,135,57,343,83,359,80,100,143,301,365,589,247,181,238,232,618,328,46,197,367,198,148,237,81,257,165,191,438,537,950,186,340,71,346,319,65,168,335,220,78,251,124,300,333,221,409,123,119
