272,451,198,77,509,110,472,161,169,221,399,497,777,383,340,340,381,780,527,65,352,529,316,192,353,139,382,271,294,609,705,1133,248,480,111,524,436,104,253,447,307,94,384,169,438,443,313,488,147,363
451,192,183,62,451,104,420,115,135,166,355,472,778,264,231,240,294,801,443,50,250,472,276,175,276,107,279,200,221,520,654,1217,239,370,94,443,397,67,194,479,266,81,336,144,359,373,286,452,157,293
198,183,29,32,196,55,209,47,66,82,181,239,348,120,100,109,130,346,188,33,111,192,113,78,129,54,129,78,88,247,297,574,117,202,42,205,183,26,75,216,144,35,141,71,165,188,135,245,81,135
77,62,32,6,77,16,71,33,28,31,67,92,132,60,54,48,62,141,82,13,49,78,58,31,56,22,60,46,39,114,137,211,37,71,19,97,70,19,47,94,49,18,51,22,80,67,56,88,34,64
509,451,196,77,227,121,499,170,142,208,486,609,901,324,285,289,359,951,509,57,284,546,313,222,350,121,357,238,245,636,757,1434,270,463,106,525,471,93,252,556,332,110,392,185,412,466,314,563,174,348
110,104,55,16,121,6,80,41,39,48,93,115,186,77,74,72,71,190,110,19,61,108,74,43,68,30,92,67,60,134,173,269,55,109,29,123,88,23,49,133,68,20,79,36,102,83,74,114,40,83
472,420,209,71,499,80,231,155,180,195,365,524,830,326,275,301,358,814,453,72,268,457,294,187,322,106,329,236,269,616,716,1271,248,449,118,535,456,98,262,512,337,94,345,191,433,415,285,532,190,303
161,115,47,33,170,41,155,29,55,76,128,169,278,100,81,82,114,269,162,25,89,159,71,67,109,45,122,76,96,194,227,463,78,153,24,145,153,32,66,169,90,38,121,44,114,141,80,148,55,116
169,135,66,28,142,39,180,55,29,72,149,168,288,110,108,109,114,284,145,19,82,177,81,61,126,39,125,78,67,191,268,473,97,158,44,173,154,30,100,198,115,34,129,59,149,135,109,173,70,111
221,166,82,31,208,48,195,76,72,47,167,225,367,147,122,143,144,373,212,15,107,204,132,90,150,47,139,99,135,248,341,550,86,187,53,200,197,38,114,212,137,43,167,70,186,183,132,244,84,135
399,355,181,67,486,93,365,128,149,167,184,485,711,282,235,254,280,720,413,53,211,442,270,161,301,104,288,206,248,511,625,1103,230,416,103,394,375,68,173,433,322,86,317,156,358,389,268,414,162,296
497,472,239,92,609,115,524,169,168,225,485,308,955,348,259,324,420,960,581,70,308,569,313,205,366,136,382,236,292,707,855,1559,293,494,119,612,512,87,292,596,355,120,424,224,428,508,348,560,201,396
777,778,348,132,901,186,830,278,288,367,711,955,774,579,500,529,655,1403,949,101,493,916,507,352,578,228,608,406,448,1132,1321,2325,473,806,207,943,823,155,423,989,611,199,632,351,739,817,560,909,300,612
383,264,120,60,324,77,326,100,110,147,282,348,579,81,187,213,245,575,303,39,178,357,209,141,194,69,204,137,170,402,511,899,162,280,70,362,339,56,180,359,207,65,260,126,267,335,193,341,140,226
340,231,100,54,285,74,275,81,108,122,235,259,500,187,68,134,187,474,279,48,150,251,149,125,176,73,180,135,140,329,408,769,142,252,67,289,242,50,125,254,175,55,219,86,233,261,134,300,96,185
340,240,109,48,289,72,301,82,109,143,254,324,529,213,134,70,188,504,314,43,153,303,167,121,192,70,194,123,151,333,443,835,174,266,61,314,272,52,140,299,184,57,213,104,262,307,158,322,130,175
381,294,130,62,359,71,358,114,114,144,280,420,655,245,187,188,140,617,390,51,203,418,199,131,245,91,243,163,171,448,533,1014,196,347,84,401,329,68,193,424,269,84,280,108,307,348,240,377,138,259
780,801,346,141,951,190,814,269,284,373,720,960,1403,575,474,504,617,790,932,107,479,877,534,368,600,232,633,408,448,1132,1313,2355,474,812,219,952,824,149,401,968,612,173,679,389,734,782,542,884,307,624
527,443,188,82,509,110,453,162,145,212,413,581,949,303,279,314,390,932,261,68,282,470,275,184,309,115,323,247,259,617,763,1453,273,473,113,587,453,84,257,553,339,94,389,188,402,479,304,527,190,352
65,50,33,13,57,19,72,25,19,15,53,70,101,39,48,43,51,107,68,3,29,74,35,28,45,9,52,19,32,67,93,177,29,73,12,59,67,13,33,70,44,5,49,18,45,78,37,82,16,40
352,250,111,49,284,61,268,89,82,107,211,308,493,178,150,153,203,479,282,29,82,280,162,101,179,68,191,116,152,352,443,811,162,228,72,279,261,51,146,317,196,55,223,102,245,264,182,312,110,208
529,472,192,78,546,108,457,159,177,204,442,569,916,357,251,303,418,877,470,74,280,277,301,219,339,133,350,236,251,621,749,1351,270,465,122,607,456,98,284,526,322,90,411,205,447,476,340,522,185,344
316,276,113,58,313,74,294,71,81,132,270,313,507,209,149,167,199,534,275,35,162,301,82,128,189,72,193,130,160,369,462,816,165,293,73,283,250,55,132,336,200,42,221,99,234,268,154,321,100,218
192,175,78,31,222,43,187,67,61,90,161,205,352,141,125,121,131,368,184,28,101,219,128,32,123,37,131,98,113,252,299,555,123,191,53,197,194,27,91,202,143,38,147,77,178,180,118,204,85,99
353,276,129,56,350,68,322,109,126,150,301,366,578,194,176,192,245,600,309,45,179,339,189,123,122,76,217,153,174,401,461,861,180,327,81,333,269,55,169,373,237,80,252,125,259,297,211,352,125,250
139,107,54,22,121,30,106,45,39,47,104,136,228,69,73,70,91,232,115,9,68,133,72,37,76,16,67,51,65,146,202,375,86,107,27,118,112,22,60,135,96,27,93,47,92,123,92,133,36,80
382,279,129,60,357,92,329,122,125,139,288,382,608,204,180,194,243,633,323,52,191,350,193,131,217,67,117,163,174,416,515,969,178,331,91,364,330,59,188,387,227,65,254,114,276,322,211,355,122,240
271,200,78,46,238,67,236,76,78,99,206,236,406,137,135,123,163,408,247,19,116,236,130,98,153,51,163,45,121,315,350,647,132,247,48,228,236,38,112,247,141,41,177,75,202,224,152,254,91,134
294,221,88,39,245,60,269,96,67,135,248,292,448,170,140,151,171,448,259,32,152,251,160,113,174,65,174,121,64,292,390,675,136,238,65,236,224,37,129,284,196,59,187,97,201,219,176,259,89,163
609,520,247,114,636,134,616,194,191,248,511,707,1132,402,329,333,448,1132,617,67,352,621,369,252,401,146,416,315,292,377,955,1771,343,597,142,665,607,108,287,679,460,131,461,228,513,611,355,672,230,428
705,654,297,137,757,173,716,227,268,341,625,855,1321,511,408,443,533,1313,763,93,443,749,462,299,461,202,515,350,390,955,538,2061,394,717,183,821,697,128,357,761,478,154,607,263,605,652,476,771,268,501
1133,1217,574,211,1434,269,1271,463,473,550,1103,1559,2325,899,769,835,1014,2355,1453,177,811,1351,816,555,861,375,969,647,675,1771,2061,1808,714,1290,336,1483,1294,239,716,1427,924,274,1035,541,1112,1201,920,1390,515,979
248,239,117,37,270,55,248,78,97,86,230,293,473,162,142,174,196,474,273,29,162,270,165,123,180,86,178,132,136,343,394,714,75,248,77,289,255,48,117,297,199,47,202,104,245,248,167,265,103,215
480,370,202,71,463,109,449,153,158,187,416,494,806,280,252,266,347,812,473,73,228,465,293,191,327,107,331,247,238,597,717,1290,248,226,93,461,428,80,245,554,319,99,376,157,373,439,272,496,187,312
111,94,42,19,106,29,118,24,44,53,103,119,207,70,67,61,84,219,113,12,72,122,73,53,81,27,91,48,65,142,183,336,77,93,20,119,102,28,61,106,73,26,95,39,88,104,76,103,51,82
524,443,205,97,525,123,535,145,173,200,394,612,943,362,289,314,401,952,587,59,279,607,283,197,333,118,364,228,236,665,821,1483,289,461,119,279,480,97,273,568,359,110,457,203,435,490,329,558,191,362
436,397,183,70,471,88,456,153,154,197,375,512,823,339,242,272,329,824,453,67,261,456,250,194,269,112,330,236,224,607,697,1294,255,428,102,480,198,88,230,500,271,93,342,188,350,427,287,495,176,338
104,67,26,19,93,23,98,32,30,38,68,87,155,56,50,52,68,149,84,13,51,98,55,27,55,22,59,38,37,108,128,239,48,80,28,97,88,13,42,104,72,24,68,37,74,69,58,93,38,56
253,194,75,47,252,49,262,66,100,114,173,292,423,180,125,140,193,401,257,33,146,284,132,91,169,60,188,112,129,287,357,716,117,245,61,273,230,42,63,259,155,59,176,84,215,226,183,250,115,163
447,479,216,94,556,133,512,169,198,212,433,596,989,359,254,299,424,968,553,70,317,526,336,202,373,135,387,247,284,679,761,1427,297,554,106,568,500,104,259,279,335,98,406,212,420,488,337,517,206,354
307,266,144,49,332,68,337,90,115,137,322,355,611,207,175,184,269,612,339,44,196,322,200,143,237,96,227,141,196,460,478,924,199,319,73,359,271,72,155,335,98,59,266,122,280,330,205,375,120,226
94,81,35,18,110,20,94,38,34,43,86,120,199,65,55,57,84,173,94,5,55,90,42,38,80,27,65,41,59,131,154,274,47,99,26,110,93,24,59,98,59,6,75,34,77,96,49,110,38,80
384,336,141,51,392,79,345,121,129,167,317,424,632,260,219,213,280,679,389,49,223,411,221,147,252,93,254,177,187,461,607,1035,202,376,95,457,342,68,176,406,266,75,135,132,306,342,249,365,132,264
169,144,71,22,185,36,191,44,59,70,156,224,351,126,86,104,108,389,188,18,102,205,99,77,125,47,114,75,97,228,263,541,104,157,39,203,188,37,84,212,122,34,132,42,166,200,127,215,67,109
438,359,165,80,412,102,433,114,149,186,358,428,739,267,233,262,307,734,402,45,245,447,234,178,259,92,276,202,201,513,605,1112,245,373,88,435,350,74,215,420,280,77,306,166,167,358,259,441,147,286
443,373,188,67,466,83,415,141,135,183,389,508,817,335,261,307,348,782,479,78,264,476,268,180,297,123,322,224,219,611,652,1201,248,439,104,490,427,69,226,488,330,96,342,200,358,204,303,499,183,308
313,286,135,56,314,74,285,80,109,132,268,348,560,193,134,158,240,542,304,37,182,340,154,118,211,92,211,152,176,355,476,920,167,272,76,329,287,58,183,337,205,49,249,127,259,303,115,332,115,217
488,452,245,88,563,114,532,148,173,244,414,560,909,341,300,322,377,884,527,82,312,522,321,204,352,133,355,254,259,672,771,1390,265,496,103,558,495,93,250,517,375,110,365,215,441,499,332,277,204,381
147,157,81,34,174,40,190,55,70,84,162,201,300,140,96,130,138,307,190,16,110,185,100,85,125,36,122,91,89,230,268,515,103,187,51,191,176,38,115,206,120,38,132,67,147,183,115,204,35,125
363,293,135,64,348,83,303,116,111,135,296,396,612,226,185,175,259,624,352,40,208,344,218,99,250,80,240,134,163,428,501,979,215,312,82,362,338,56,163,354,226,80,264,109,286,308,217,381,125,103
