266,452,185,74,450,96,487,181,154,244,438,514,777,371,317,345,360,766,478,56,320,512,340,206,344,140,378,292,287,591,664,1144,241,456,88,507,481,93,265,463,314,109,386,151,420,405,314,478,154,362
452,187,179,75,467,101,438,113,138,167,345,473,797,287,213,242,334,821,474,69,232,454,242,196,275,125,318,202,210,530,615,1215,219,401,102,458,412,69,218,497,283,105,331,146,351,360,230,433,169,322
185,179,31,35,234,52,192,72,78,71,176,234,367,135,102,121,158,348,179,29,89,211,123,87,127,46,131,90,93,230,301,554,108,196,63,211,181,37,108,207,125,39,132,69,167,209,121,200,77,105
74,75,35,12,82,16,76,34,30,39,79,94,140,75,36,40,55,139,74,8,54,72,57,33,53,20,45,39,54,112,106,201,42,75,22,76,79,15,49,91,80,16,58,19,63,78,54,81,33,60
450,467,234,82,267,102,503,150,180,212,429,544,870,341,268,306,327,882,480,71,286,545,303,227,350,137,366,228,242,647,744,1418,253,448,110,536,433,77,258,530,319,98,363,195,441,471,321,517,192,321
96,101,52,16,102,9,94,37,36,57,113,120,191,82,52,59,82,180,100,16,55,99,80,43,79,27,66,58,63,130,177,280,56,95,17,102,98,22,55,115,98,23,85,36,73,95,74,105,37,77
487,438,192,76,503,94,235,185,152,191,405,498,854,325,249,270,344,878,491,44,269,504,285,210,324,130,323,235,269,630,737,1286,251,410,106,508,439,79,257,540,358,93,343,167,390,404,326,479,157,306
181,113,72,34,150,37,185,26,49,62,130,168,288,118,89,89,129,266,164,16,82,199,93,71,86,37,96,72,65,191,231,456,90,146,39,148,152,24,84,164,100,29,138,56,149,141,95,203,57,94
154,138,78,30,180,36,152,49,32,60,128,189,284,99,71,90,138,289,194,22,79,190,90,57,103,38,96,95,89,212,245,466,75,167,41,167,140,27,90,177,105,31,106,61,120,171,91,198,56,90
244,167,71,39,212,57,191,62,60,42,162,221,339,133,94,115,173,354,233,26,120,220,120,74,127,58,136,118,102,246,315,546,91,196,52,233,172,32,108,210,140,38,154,82,156,170,140,229,54,144
438,345,176,79,429,113,405,130,128,162,169,438,712,281,208,247,303,691,440,45,247,421,241,169,254,123,280,206,207,496,649,1119,219,408,85,432,401,77,198,425,287,97,306,155,337,396,256,425,127,291
514,473,234,94,544,120,498,168,189,221,438,316,1020,361,301,320,423,1000,590,83,319,597,334,210,371,126,355,255,282,706,821,1527,324,499,126,575,511,104,290,578,372,125,419,211,422,477,381,563,217,401
777,797,367,140,870,191,854,288,284,339,712,1020,801,594,517,550,628,1435,850,116,472,906,492,360,558,228,577,449,475,1069,1342,2373,454,815,217,917,824,142,452,885,572,182,666,324,741,809,573,896,309,609
371,287,135,75,341,82,325,118,99,133,281,361,594,109,163,166,215,574,332,36,173,336,190,147,221,91,232,144,162,447,475,915,177,301,95,339,339,43,172,346,215,66,233,124,288,305,208,323,126,243
317,213,102,36,268,52,249,89,71,94,208,301,517,163,75,130,212,486,253,24,165,269,160,96,168,56,161,133,121,351,409,725,142,234,55,252,243,52,134,255,174,60,224,110,241,250,173,294,91,175
345,242,121,40,306,59,270,89,90,115,247,320,550,166,130,71,219,549,303,35,166,324,168,103,187,56,184,136,134,402,448,817,152,279,66,312,256,61,148,331,200,61,230,112,236,301,191,327,107,196
360,334,158,55,327,82,344,129,138,173,303,423,628,215,212,219,138,645,358,29,210,335,215,133,250,93,241,171,191,450,538,1004,207,332,95,410,320,50,175,348,237,66,268,138,304,316,216,372,129,249
766,821,348,139,882,180,878,266,289,354,691,1000,1435,574,486,549,645,768,860,113,482,879,509,366,585,244,624,449,435,1040,1344,2372,451,793,231,937,817,146,436,958,611,196,660,335,730,772,549,928,320,568
478,474,179,74,480,100,491,164,194,233,440,590,850,332,253,303,358,860,230,67,286,480,283,212,325,156,381,262,240,608,785,1382,263,442,121,515,509,81,261,536,297,104,408,184,407,474,295,549,173,346
56,69,29,8,71,16,44,16,22,26,45,83,116,36,24,35,29,113,67,2,36,49,36,27,43,12,44,29,23,72,77,174,30,55,12,53,62,11,30,59,50,14,52,21,40,48,31,57,26,34
320,232,89,54,286,55,269,82,79,120,247,319,472,173,165,166,210,482,286,36,87,269,173,99,175,75,190,96,147,325,411,794,159,260,84,295,251,36,134,283,165,65,207,115,228,249,179,292,110,173
512,454,211,72,545,99,504,199,190,220,421,597,906,336,269,324,335,879,480,49,269,260,315,227,369,150,400,257,264,654,790,1424,288,456,139,537,522,85,274,554,329,114,437,192,440,494,317,511,199,354
340,242,123,57,303,80,285,93,90,120,241,334,492,190,160,168,215,509,283,36,173,315,95,110,205,89,219,138,149,331,488,832,150,283,64,320,284,40,131,327,181,80,237,121,254,266,200,319,128,209
206,196,87,33,227,43,210,71,57,74,169,210,360,147,96,103,133,366,212,27,99,227,110,48,134,53,140,100,110,247,298,552,92,167,48,216,203,32,103,225,149,45,148,88,169,173,136,197,84,128
344,275,127,53,350,79,324,86,103,127,254,371,558,221,168,187,250,585,325,43,175,369,205,134,111,81,218,157,168,386,488,916,171,291,78,325,302,60,148,373,223,88,279,131,269,301,221,332,124,224
140,125,46,20,137,27,130,37,38,58,123,126,228,91,56,56,93,244,156,12,75,150,89,53,81,13,85,51,63,150,212,336,65,145,32,131,117,21,62,165,97,39,94,44,102,119,82,133,48,99
378,318,131,45,366,66,323,96,96,136,280,355,577,232,161,184,241,624,381,44,190,400,219,140,218,85,107,157,169,429,547,937,194,304,91,347,299,51,166,393,243,82,293,131,259,304,225,356,131,235
292,202,90,39,228,58,235,72,95,118,206,255,449,144,133,136,171,449,262,29,96,257,138,100,157,51,157,49,106,295,359,663,118,234,54,236,234,39,118,260,148,51,187,78,195,198,151,231,87,150
287,210,93,54,242,63,269,65,89,102,207,282,475,162,121,134,191,435,240,23,147,264,149,110,168,63,169,106,65,334,390,737,143,248,67,274,264,41,110,268,169,52,181,102,208,237,156,281,110,186
591,530,230,112,647,130,630,191,212,246,496,706,1069,447,351,402,450,1040,608,72,325,654,331,247,386,150,429,295,334,377,995,1749,334,591,157,673,581,112,301,664,408,127,469,222,490,538,379,638,239,405
664,615,301,106,744,177,737,231,245,315,649,821,1342,475,409,448,538,1344,785,77,411,790,488,298,488,212,547,359,390,995,557,2006,421,720,171,747,716,104,344,786,441,155,563,280,629,702,467,831,246,532
1144,1215,554,201,1418,280,1286,456,466,546,1119,1527,2373,915,725,817,1004,2372,1382,174,794,1424,832,552,916,336,937,663,737,1749,2006,1821,695,1258,309,1425,1287,235,686,1432,928,300,1022,535,1102,1256,843,1344,474,956
241,219,108,42,253,56,251,90,75,91,219,324,454,177,142,152,207,451,263,30,159,288,150,92,171,65,194,118,143,334,421,695,58,252,66,296,283,50,131,277,167,62,211,110,218,263,188,267,97,164
456,401,196,75,448,95,410,146,167,196,408,499,815,301,234,279,332,793,442,55,260,456,283,167,291,145,304,234,248,591,720,1258,252,204,109,450,415,82,259,482,310,98,374,167,375,422,310,478,169,327
88,102,63,22,110,17,106,39,41,52,85,126,217,95,55,66,95,231,121,12,84,139,64,48,78,32,91,54,67,157,171,309,66,109,9,117,103,24,69,123,75,30,102,41,97,99,76,122,36,78
507,458,211,76,536,102,508,148,167,233,432,575,917,339,252,312,410,937,515,53,295,537,320,216,325,131,347,236,274,673,747,1425,296,450,117,275,492,91,267,565,325,115,397,187,424,464,322,549,187,340
481,412,181,79,433,98,439,152,140,172,401,511,824,339,243,256,320,817,509,62,251,522,284,203,302,117,299,234,264,581,716,1287,283,415,103,492,213,82,248,523,318,98,343,156,366,425,315,472,182,311
93,69,37,15,77,22,79,24,27,32,77,104,142,43,52,61,50,146,81,11,36,85,40,32,60,21,51,39,41,112,104,235,50,82,24,91,82,5,43,81,58,8,58,31,74,82,53,82,30,57
265,218,108,49,258,55,257,84,90,108,198,290,452,172,134,148,175,436,261,30,134,274,131,103,148,62,166,118,110,301,344,686,131,259,69,267,248,43,58,247,152,47,201,84,191,267,149,267,79,176
463,497,207,91,530,115,540,164,177,210,425,578,885,346,255,331,348,958,536,59,283,554,327,225,373,165,393,260,268,664,786,1432,277,482,123,565,523,81,247,266,354,109,391,176,463,458,332,545,169,360
314,283,125,80,319,98,358,100,105,140,287,372,572,215,174,200,237,611,297,50,165,329,181,149,223,97,243,148,169,408,441,928,167,310,75,325,318,58,152,354,107,59,263,128,288,292,196,344,123,219
109,105,39,16,98,23,93,29,31,38,97,125,182,66,60,61,66,196,104,14,65,114,80,45,88,39,82,51,52,127,155,300,62,98,30,115,98,8,47,109,59,13,101,40,70,88,60,125,34,61
386,331,132,58,363,85,343,138,106,154,306,419,666,233,224,230,268,660,408,52,207,437,237,148,279,94,293,187,181,469,563,1022,211,374,102,397,343,58,201,391,263,101,128,142,283,309,228,371,158,264
151,146,69,19,195,36,167,56,61,82,155,211,324,124,110,112,138,335,184,21,115,192,121,88,131,44,131,78,102,222,280,535,110,167,41,187,156,31,84,176,128,40,142,50,165,137,125,209,75,128
420,351,167,63,441,73,390,149,120,156,337,422,741,288,241,236,304,730,407,40,228,440,254,169,269,102,259,195,208,490,629,1102,218,375,97,424,366,74,191,463,288,70,283,165,189,333,280,417,173,280
405,360,209,78,471,95,404,141,171,170,396,477,809,305,250,301,316,772,474,48,249,494,266,173,301,119,304,198,237,538,702,1256,263,422,99,464,425,82,267,458,292,88,309,137,333,195,307,457,160,282
314,230,121,54,321,74,326,95,91,140,256,381,573,208,173,191,216,549,295,31,179,317,200,136,221,82,225,151,156,379,467,843,188,310,76,322,315,53,149,332,196,60,228,125,280,307,119,294,114,224
478,433,200,81,517,105,479,203,198,229,425,563,896,323,294,327,372,928,549,57,292,511,319,197,332,133,356,231,281,638,831,1344,267,478,122,549,472,82,267,545,344,125,371,209,417,457,294,270,184,372
154,169,77,33,192,37,157,57,56,54,127,217,309,126,91,107,129,320,173,26,110,199,128,84,124,48,131,87,110,239,246,474,97,169,36,187,182,30,79,169,123,34,158,75,173,160,114,184,27,126
362,322,105,60,321,77,306,94,90,144,291,401,609,243,175,196,249,568,346,34,173,354,209,128,224,99,235,150,186,405,532,956,164,327,78,340,311,57,176,360,219,61,264,128,280,282,224,372,126,124
