274,435,212,100,502,111,490,198,173,244,441,532,845,423,292,341,425,823,512,79,323,551,386,200,351,146,370,300,325,618,703,1209,232,538,123,573,478,87,255,475,342,123,362,170,439,434,347,488,174,414
435,160,171,81,490,102,426,138,134,169,355,509,802,285,220,247,341,754,446,52,250,455,249,178,278,105,293,198,210,542,692,1292,246,400,101,443,423,61,237,457,267,105,323,174,339,407,287,472,176,299
212,171,37,36,187,44,221,60,69,88,166,208,373,163,95,101,145,392,181,25,103,224,123,76,124,48,125,95,93,251,289,580,112,204,53,208,196,32,101,207,111,34,142,71,154,206,119,254,81,150
100,81,36,7,89,16,75,39,25,37,80,82,120,54,44,56,55,123,82,8,51,91,45,27,67,24,59,39,37,121,136,220,56,87,14,79,74,16,48,73,52,17,60,35,71,87,48,87,22,61
502,490,187,89,278,125,532,152,159,205,439,569,872,330,277,298,374,904,480,65,289,498,309,209,330,112,357,216,251,643,737,1459,268,500,134,527,514,82,251,540,353,108,378,201,419,473,321,544,213,341
111,102,44,16,125,9,120,37,41,50,98,135,200,84,46,66,90,199,115,12,74,115,72,41,89,35,81,47,56,155,163,300,60,107,23,108,95,20,67,124,88,26,83,41,95,114,72,124,43,97
490,426,221,75,532,120,250,165,164,199,446,531,850,331,255,284,346,873,507,69,284,537,291,173,341,121,322,232,260,615,751,1353,293,447,120,486,436,94,284,499,352,105,344,185,431,465,313,532,181,337
198,138,60,39,152,37,165,20,44,73,138,153,261,113,86,87,117,247,124,8,94,154,97,55,103,37,96,85,85,166,223,396,89,138,33,169,153,46,72,156,103,33,114,55,114,146,94,162,59,117
173,134,69,25,159,41,164,44,24,78,161,190,309,103,92,99,108,313,161,18,93,157,93,69,108,43,116,63,68,210,239,457,80,156,36,175,158,22,78,171,116,36,127,65,143,167,103,199,69,110
244,169,88,37,205,50,199,73,78,58,177,225,334,143,106,113,159,342,197,23,107,229,138,74,140,54,142,97,121,232,294,541,101,203,40,213,195,41,116,198,131,46,142,70,185,178,152,204,77,135
441,355,166,80,439,98,446,138,161,177,181,468,723,298,249,245,330,793,417,54,252,451,260,189,290,114,313,203,227,548,589,1144,228,410,101,451,428,86,228,426,291,84,287,168,370,385,278,418,170,290
532,509,208,82,569,135,531,153,190,225,468,317,1081,327,290,305,404,1048,580,61,262,548,314,193,396,127,346,260,250,664,868,1665,338,519,110,579,508,109,275,598,369,110,470,206,466,551,373,580,205,362
845,802,373,120,872,200,850,261,309,334,723,1081,800,530,448,510,682,1534,950,130,481,958,504,310,604,226,617,400,440,1184,1438,2557,489,843,218,1011,808,171,453,968,629,178,697,345,733,885,617,997,337,583
423,285,163,54,330,84,331,113,103,143,298,327,530,108,193,197,233,536,331,37,196,339,221,119,217,85,229,154,177,387,489,892,194,310,71,341,320,59,186,335,203,80,226,99,304,311,220,334,133,248
292,220,95,44,277,46,255,86,92,106,249,290,448,193,65,126,179,499,245,24,158,283,169,97,171,76,181,115,133,316,424,721,149,246,64,279,234,40,142,256,164,53,194,97,243,260,166,291,109,185
341,247,101,56,298,66,284,87,99,113,245,305,510,197,126,74,228,554,253,27,152,307,166,99,143,84,191,123,146,322,445,852,169,279,59,282,291,41,153,267,208,60,217,106,231,278,179,304,108,208
425,341,145,55,374,90,346,117,108,159,330,404,682,233,179,228,131,683,333,46,235,367,194,126,232,96,239,176,186,451,550,1034,193,319,97,395,330,65,187,384,260,82,253,129,281,309,217,361,136,269
823,754,392,123,904,199,873,247,313,342,793,1048,1534,536,499,554,683,874,909,112,481,948,522,373,612,229,623,414,471,1142,1421,2647,524,812,187,1006,843,177,464,912,610,182,711,330,760,877,586,992,366,570
512,446,181,82,480,115,507,124,161,197,417,580,950,331,245,253,333,909,243,57,266,478,295,202,330,137,331,254,254,631,761,1454,280,466,98,526,490,78,236,516,326,122,383,218,426,488,323,500,205,373
79,52,25,8,65,12,69,8,18,23,54,61,130,37,24,27,46,112,57,1,37,61,33,26,36,18,43,28,34,74,105,196,22,64,14,66,69,3,33,72,36,11,48,24,55,76,41,74,20,45
323,250,103,51,289,74,284,94,93,107,252,262,481,196,158,152,235,481,266,37,74,319,174,134,195,61,186,134,148,309,405,751,166,253,43,251,278,52,158,286,189,51,194,102,240,271,175,264,109,183
551,455,224,91,498,115,537,154,157,229,451,548,958,339,283,307,367,948,478,61,319,253,323,201,337,144,345,236,277,631,719,1445,287,501,126,556,500,74,258,551,336,121,396,211,403,453,337,527,201,391
386,249,123,45,309,72,291,97,93,138,260,314,504,221,169,166,194,522,295,33,174,323,71,127,189,68,174,136,137,381,434,774,155,307,76,317,306,52,157,307,184,59,254,114,240,281,213,304,117,203
200,178,76,27,209,41,173,55,69,74,189,193,310,119,97,99,126,373,202,26,134,201,127,41,133,60,154,89,134,251,308,571,104,175,42,201,164,32,104,220,142,37,155,80,140,186,140,206,80,141
351,278,124,67,330,89,341,103,108,140,290,396,604,217,171,143,232,612,330,36,195,337,189,133,118,91,216,151,176,373,527,962,207,329,85,305,307,55,189,351,205,73,232,111,244,331,195,370,122,211
146,105,48,24,112,35,121,37,43,54,114,127,226,85,76,84,96,229,137,18,61,144,68,60,91,20,82,46,82,152,189,344,64,121,24,119,131,22,63,135,65,27,100,43,127,127,72,147,45,82
370,293,125,59,357,81,322,96,116,142,313,346,617,229,181,191,239,623,331,43,186,345,174,154,216,82,112,133,178,419,535,974,196,312,74,325,331,49,203,358,209,60,278,127,280,307,213,371,117,246
300,198,95,39,216,47,232,85,63,97,203,260,400,154,115,123,176,414,254,28,134,236,136,89,151,46,133,52,98,281,338,654,123,218,50,261,218,35,130,259,160,46,182,80,174,188,134,261,100,149
325,210,93,37,251,56,260,85,68,121,227,250,440,177,133,146,186,471,254,34,148,277,137,134,176,82,178,98,65,293,375,701,133,226,57,262,227,41,143,257,137,52,207,88,222,238,140,267,83,177
618,542,251,121,643,155,615,166,210,232,548,664,1184,387,316,322,451,1142,631,74,309,631,381,251,373,152,419,281,293,417,984,1842,364,575,133,619,606,104,318,681,451,123,505,237,477,583,397,651,250,409
703,692,289,136,737,163,751,223,239,294,589,868,1438,489,424,445,550,1421,761,105,405,719,434,308,527,189,535,338,375,984,565,2156,452,725,170,807,725,137,357,819,535,146,557,306,642,785,518,785,298,499
1209,1292,580,220,1459,300,1353,396,457,541,1144,1665,2557,892,721,852,1034,2647,1454,196,751,1445,774,571,962,344,974,654,701,1842,2156,2049,752,1276,323,1562,1281,257,719,1540,988,265,1052,539,1116,1364,926,1456,515,890
232,246,112,56,268,60,293,89,80,101,228,338,489,194,149,169,193,524,280,22,166,287,155,104,207,64,196,123,133,364,452,752,78,272,76,277,280,62,162,304,186,52,188,106,230,296,190,291,140,165
538,400,204,87,500,107,447,138,156,203,410,519,843,310,246,279,319,812,466,64,253,501,307,175,329,121,312,218,226,575,725,1276,272,223,103,512,455,82,243,533,332,99,358,193,395,422,295,476,186,341
123,101,53,14,134,23,120,33,36,40,101,110,218,71,64,59,97,187,98,14,43,126,76,42,85,24,74,50,57,133,170,323,76,103,7,113,110,19,43,120,81,21,82,41,88,98,74,135,48,77
573,443,208,79,527,108,486,169,175,213,451,579,1011,341,279,282,395,1006,526,66,251,556,317,201,305,119,325,261,262,619,807,1562,277,512,113,314,483,98,270,578,347,109,420,200,406,516,338,513,192,358
478,423,196,74,514,95,436,153,158,195,428,508,808,320,234,291,330,843,490,69,278,500,306,164,307,131,331,218,227,606,725,1281,280,455,110,483,206,81,247,489,363,97,331,175,351,435,311,486,161,316
87,61,32,16,82,20,94,46,22,41,86,109,171,59,40,41,65,177,78,3,52,74,52,32,55,22,49,35,41,104,137,257,62,82,19,98,81,10,52,84,61,21,62,24,70,92,52,109,35,59
255,237,101,48,251,67,284,72,78,116,228,275,453,186,142,153,187,464,236,33,158,258,157,104,189,63,203,130,143,318,357,719,162,243,43,270,247,52,61,255,161,59,188,97,236,221,172,299,95,171
475,457,207,73,540,124,499,156,171,198,426,598,968,335,256,267,384,912,516,72,286,551,307,220,351,135,358,259,257,681,819,1540,304,533,120,578,489,84,255,285,371,104,383,187,398,560,331,544,196,346
342,267,111,52,353,88,352,103,116,131,291,369,629,203,164,208,260,610,326,36,189,336,184,142,205,65,209,160,137,451,535,988,186,332,81,347,363,61,161,371,117,63,284,140,254,351,212,360,116,206
123,105,34,17,108,26,105,33,36,46,84,110,178,80,53,60,82,182,122,11,51,121,59,37,73,27,60,46,52,123,146,265,52,99,21,109,97,21,59,104,63,9,78,40,81,99,69,97,41,96
362,323,142,60,378,83,344,114,127,142,287,470,697,226,194,217,253,711,383,48,194,396,254,155,232,100,278,182,207,505,557,1052,188,358,82,420,331,62,188,383,284,78,152,134,287,335,222,379,127,250
170,174,71,35,201,41,185,55,65,70,168,206,345,99,97,106,129,330,218,24,102,211,114,80,111,43,127,80,88,237,306,539,106,193,41,200,175,24,97,187,140,40,134,29,132,184,114,177,79,119
439,339,154,71,419,95,431,114,143,185,370,466,733,304,243,231,281,760,426,55,240,403,240,140,244,127,280,174,222,477,642,1116,230,395,88,406,351,70,236,398,254,81,287,132,183,404,267,432,151,276
434,407,206,87,473,114,465,146,167,178,385,551,885,311,260,278,309,877,488,76,271,453,281,186,331,127,307,188,238,583,785,1364,296,422,98,516,435,92,221,560,351,99,335,184,404,212,331,477,194,316
347,287,119,48,321,72,313,94,103,152,278,373,617,220,166,179,217,586,323,41,175,337,213,140,195,72,213,134,140,397,518,926,190,295,74,338,311,52,172,331,212,69,222,114,267,331,104,359,117,220
488,472,254,87,544,124,532,162,199,204,418,580,997,334,291,304,361,992,500,74,264,527,304,206,370,147,371,261,267,651,785,1456,291,476,135,513,486,109,299,544,360,97,379,177,432,477,359,276,216,358
174,176,81,22,213,43,181,59,69,77,170,205,337,133,109,108,136,366,205,20,109,201,117,80,122,45,117,100,83,250,298,515,140,186,48,192,161,35,95,196,116,41,127,79,151,194,117,216,37,118
414,299,150,61,341,97,337,117,110,135,290,362,583,248,185,208,269,570,373,45,183,391,203,141,211,82,246,149,177,409,499,890,165,341,77,358,316,59,171,346,206,96,250,119,276,316,220,358,118,120
