253,454,215,92,519,113,432,195,165,268,429,529,807,377,316,328,352,815,501,84,332,513,339,207,390,141,378,290,279,617,676,1178,274,472,117,488,469,73,259,441,276,99,383,149,401,385,314,452,167,346
454,181,182,67,490,89,424,135,145,155,345,479,802,269,240,240,285,787,431,36,233,422,244,166,261,120,282,206,220,539,652,1174,233,383,86,458,389,63,238,447,289,94,321,156,316,412,255,447,180,297
215,182,38,26,215,40,205,69,71,70,174,236,370,107,105,113,141,354,171,29,101,223,128,80,130,65,149,96,106,239,307,537,108,192,47,198,219,29,87,231,119,38,147,58,168,189,140,192,91,128
92,67,26,10,83,14,75,26,33,38,60,93,150,54,45,52,59,146,87,10,46,95,62,39,59,20,63,45,41,104,121,222,39,80,20,87,81,14,35,92,58,20,64,33,72,76,62,79,33,56
519,490,215,83,247,117,503,189,156,181,425,566,896,340,270,300,371,926,490,66,280,504,331,215,352,159,373,250,271,656,779,1456,268,472,118,505,446,100,253,565,319,117,418,221,418,491,337,524,189,354
113,89,40,14,117,4,91,47,44,45,83,112,189,73,64,69,80,190,130,18,68,121,77,45,75,24,66,65,54,149,165,282,63,100,28,126,97,16,57,103,62,27,81,41,92,89,90,115,38,77
432,424,205,75,503,91,234,156,148,197,403,546,890,298,291,297,348,873,535,66,245,485,317,209,318,123,315,228,260,612,700,1286,273,459,97,517,428,83,237,524,293,104,344,183,383,438,306,470,187,343
195,135,69,26,189,47,156,18,63,74,141,166,266,98,87,91,129,293,179,23,85,165,88,57,104,35,86,65,84,194,232,452,88,156,38,168,144,28,78,144,79,31,127,65,127,151,95,166,57,104
165,145,71,33,156,44,148,63,30,62,143,188,273,110,98,110,110,289,183,26,99,144,88,63,116,38,93,80,79,223,242,443,90,170,55,171,165,33,86,166,105,31,131,66,144,142,110,159,65,96
268,155,70,38,181,45,197,74,62,47,183,260,393,145,108,99,160,349,238,22,114,221,132,85,146,50,141,105,118,253,316,525,104,216,52,217,205,42,99,201,139,40,151,92,164,192,109,212,69,151
429,345,174,60,425,83,403,141,143,183,190,506,793,277,231,236,309,749,483,60,227,443,246,167,271,126,306,213,220,539,652,1145,224,367,109,448,387,91,197,450,305,98,331,185,325,377,275,418,155,285
529,479,236,93,566,112,546,166,188,260,506,327,941,361,295,336,380,966,563,70,298,548,309,239,357,130,391,243,278,669,871,1479,306,509,120,616,533,93,264,601,368,128,428,201,502,446,322,581,201,397
807,802,370,150,896,189,890,266,273,393,793,941,759,577,516,559,609,1440,899,122,483,926,538,391,626,252,616,403,479,1086,1338,2349,473,789,198,979,875,137,430,923,622,211,651,318,763,799,576,858,327,584
377,269,107,54,340,73,298,98,110,145,277,361,577,114,172,176,253,578,331,51,172,326,196,142,216,86,212,154,179,396,497,905,166,344,61,339,289,56,156,370,214,63,235,117,258,289,198,341,108,244
316,240,105,45,270,64,291,87,98,108,231,295,516,172,80,146,190,432,252,35,150,266,172,123,170,54,154,124,126,303,376,748,152,249,58,279,271,44,122,284,170,43,159,106,223,247,185,289,109,173
328,240,113,52,300,69,297,91,110,99,236,336,559,176,146,89,197,503,275,34,142,295,183,145,173,57,169,138,156,373,438,828,185,262,65,299,287,36,139,301,161,48,203,116,246,289,182,316,109,161
352,285,141,59,371,80,348,129,110,160,309,380,609,253,190,197,116,660,359,59,187,344,190,134,260,80,225,166,160,482,552,1048,195,326,79,375,330,61,183,402,256,70,274,139,275,323,233,354,126,234
815,787,354,146,926,190,873,293,289,349,749,966,1440,578,432,503,660,764,875,120,470,925,531,380,620,241,600,434,509,1110,1355,2318,456,825,200,946,856,146,433,915,632,215,630,326,722,792,561,886,300,589
501,431,171,87,490,130,535,179,183,238,483,563,899,331,252,275,359,875,261,74,297,531,311,197,355,124,352,235,236,651,729,1381,274,473,110,525,453,95,271,511,312,115,405,189,415,484,329,517,195,362
84,36,29,10,66,18,66,23,26,22,60,70,122,51,35,34,59,120,74,3,31,74,45,18,42,21,45,29,31,79,105,182,33,59,18,78,64,11,28,56,40,9,51,31,57,55,52,57,33,40
332,233,101,46,280,68,245,85,99,114,227,298,483,172,150,142,187,470,297,31,68,280,136,110,180,66,192,123,127,323,423,753,156,265,57,271,261,61,130,304,178,53,221,103,206,259,169,314,98,201
513,422,223,95,504,121,485,165,144,221,443,548,926,326,266,295,344,925,531,74,280,272,339,220,364,121,329,267,264,643,737,1443,296,487,111,533,478,79,284,522,318,98,419,201,407,488,358,531,189,372
339,244,128,62,331,77,317,88,88,132,246,309,538,196,172,183,190,531,311,45,136,339,98,121,164,74,178,143,133,373,440,822,161,293,61,307,264,49,158,333,212,67,241,125,239,264,193,292,111,203
207,166,80,39,215,45,209,57,63,85,167,239,391,142,123,145,134,380,197,18,110,220,121,39,138,66,153,95,114,246,283,569,100,183,47,202,177,30,102,210,127,39,150,86,170,178,146,185,72,134
390,261,130,59,352,75,318,104,116,146,271,357,626,216,170,173,260,620,355,42,180,364,164,138,102,82,198,157,179,423,513,927,176,255,57,374,308,59,181,367,229,87,281,113,242,309,196,353,106,234
141,120,65,20,159,24,123,35,38,50,126,130,252,86,54,57,80,241,124,21,66,121,74,66,82,22,81,53,70,166,191,389,78,124,27,131,132,23,60,139,87,20,100,53,106,112,86,143,43,86
378,282,149,63,373,66,315,86,93,141,306,391,616,212,154,169,225,600,352,45,192,329,178,153,198,81,114,150,182,430,504,1007,181,325,70,361,327,44,182,359,218,59,264,120,257,289,223,350,125,239
290,206,96,45,250,65,228,65,80,105,213,243,403,154,124,138,166,434,235,29,123,267,143,95,157,53,150,44,100,293,355,666,126,221,54,254,215,33,112,259,165,47,179,90,183,226,167,229,93,171
279,220,106,41,271,54,260,84,79,118,220,278,479,179,126,156,160,509,236,31,127,264,133,114,179,70,182,100,66,328,372,731,134,256,51,249,243,36,123,290,171,53,197,103,210,238,185,292,88,172
617,539,239,104,656,149,612,194,223,253,539,669,1086,396,303,373,482,1110,651,79,323,643,373,246,423,166,430,293,328,399,952,1762,309,572,161,632,604,99,312,663,410,135,517,247,519,570,358,631,213,406
676,652,307,121,779,165,700,232,242,316,652,871,1338,497,376,438,552,1355,729,105,423,737,440,283,513,191,504,355,372,952,572,1995,394,704,166,805,685,107,393,761,482,160,556,299,613,650,488,776,259,508
1178,1174,537,222,1456,282,1286,452,443,525,1145,1479,2349,905,748,828,1048,2318,1381,182,753,1443,822,569,927,389,1007,666,731,1762,1995,1831,663,1348,292,1492,1244,249,702,1462,891,287,983,510,1151,1217,911,1389,451,950
274,233,108,39,268,63,273,88,90,104,224,306,473,166,152,185,195,456,274,33,156,296,161,100,176,78,181,126,134,309,394,663,66,223,61,314,249,42,134,270,189,66,195,107,241,248,185,270,93,179
472,383,192,80,472,100,459,156,170,216,367,509,789,344,249,262,326,825,473,59,265,487,293,183,255,124,325,221,256,572,704,1348,223,205,101,460,454,82,252,481,299,112,362,191,356,433,300,454,169,299
117,86,47,20,118,28,97,38,55,52,109,120,198,61,58,65,79,200,110,18,57,111,61,47,57,27,70,54,51,161,166,292,61,101,9,110,113,17,50,120,85,23,77,43,76,96,67,101,49,87
488,458,198,87,505,126,517,168,171,217,448,616,979,339,279,299,375,946,525,78,271,533,307,202,374,131,361,254,249,632,805,1492,314,460,110,279,496,85,251,561,335,114,388,227,422,475,335,495,201,345
469,389,219,81,446,97,428,144,165,205,387,533,875,289,271,287,330,856,453,64,261,478,264,177,308,132,327,215,243,604,685,1244,249,454,113,496,228,69,196,462,290,106,353,159,370,384,267,457,170,322
73,63,29,14,100,16,83,28,33,42,91,93,137,56,44,36,61,146,95,11,61,79,49,30,59,23,44,33,36,99,107,249,42,82,17,85,69,10,42,86,44,15,70,24,48,81,57,100,27,59
259,238,87,35,253,57,237,78,86,99,197,264,430,156,122,139,183,433,271,28,130,284,158,102,181,60,182,112,123,312,393,702,134,252,50,251,196,42,61,235,143,40,182,113,196,238,157,264,85,173
441,447,231,92,565,103,524,144,166,201,450,601,923,370,284,301,402,915,511,56,304,522,333,210,367,139,359,259,290,663,761,1462,270,481,120,561,462,86,235,247,324,104,411,223,418,482,333,532,202,353
276,289,119,58,319,62,293,79,105,139,305,368,622,214,170,161,256,632,312,40,178,318,212,127,229,87,218,165,171,410,482,891,189,299,85,335,290,44,143,324,93,58,247,119,250,281,208,326,121,243
99,94,38,20,117,27,104,31,31,40,98,128,211,63,43,48,70,215,115,9,53,98,67,39,87,20,59,47,53,135,160,287,66,112,23,114,106,15,40,104,58,4,78,39,93,96,72,110,40,67
383,321,147,64,418,81,344,127,131,151,331,428,651,235,159,203,274,630,405,51,221,419,241,150,281,100,264,179,197,517,556,983,195,362,77,388,353,70,182,411,247,78,154,128,320,369,237,376,125,254
149,156,58,33,221,41,183,65,66,92,185,201,318,117,106,116,139,326,189,31,103,201,125,86,113,53,120,90,103,247,299,510,107,191,43,227,159,24,113,223,119,39,128,39,148,185,106,222,67,136
401,316,168,72,418,92,383,127,144,164,325,502,763,258,223,246,275,722,415,57,206,407,239,170,242,106,257,183,210,519,613,1151,241,356,76,422,370,48,196,418,250,93,320,148,154,359,238,411,163,277
385,412,189,76,491,89,438,151,142,192,377,446,799,289,247,289,323,792,484,55,259,488,264,178,309,112,289,226,238,570,650,1217,248,433,96,475,384,81,238,482,281,96,369,185,359,202,294,480,151,319
314,255,140,62,337,90,306,95,110,109,275,322,576,198,185,182,233,561,329,52,169,358,193,146,196,86,223,167,185,358,488,911,185,300,67,335,267,57,157,333,208,72,237,106,238,294,100,323,116,203
452,447,192,79,524,115,470,166,159,212,418,581,858,341,289,316,354,886,517,57,314,531,292,185,353,143,350,229,292,631,776,1389,270,454,101,495,457,100,264,532,326,110,376,222,411,480,323,275,183,375
167,180,91,33,189,38,187,57,65,69,155,201,327,108,109,109,126,300,195,33,98,189,111,72,106,43,125,93,88,213,259,451,93,169,49,201,170,27,85,202,121,40,125,67,163,151,116,183,41,107
346,297,128,56,354,77,343,104,96,151,285,397,584,244,173,161,234,589,362,40,201,372,203,134,234,86,239,171,172,406,508,950,179,299,87,345,322,59,173,353,243,67,254,136,277,319,203,375,107,116
