259,450,175,70,470,108,454,188,170,244,432,476,811,350,300,325,339,800,508,63,337,543,346,198,371,172,395,276,322,588,682,1124,255,458,103,529,466,97,247,461,287,102,360,152,395,433,301,510,166,390
450,192,161,74,443,101,424,137,154,171,343,505,833,280,217,232,297,792,464,40,257,417,244,186,293,108,292,204,217,535,688,1242,219,429,107,429,399,58,225,478,298,91,331,152,344,423,252,467,160,295
175,161,39,31,217,44,200,66,61,91,183,224,394,127,97,107,157,375,194,22,95,190,105,64,132,43,113,101,91,264,280,573,101,180,58,207,192,28,102,202,141,31,166,71,154,167,137,221,74,116
70,74,31,6,91,15,79,19,36,39,76,94,145,46,46,62,55,145,99,14,52,80,39,27,54,17,47,33,51,113,109,223,36,74,15,86,70,14,36,84,48,20,51,40,69,82,57,73,28,56
470,443,217,91,274,119,471,155,181,215,434,543,897,324,280,320,313,917,509,56,296,511,267,216,337,124,344,205,238,650,748,1392,251,434,115,496,443,80,254,529,354,93,369,211,405,514,321,551,203,342
108,101,44,15,119,9,114,35,41,45,91,120,192,69,58,62,79,181,112,14,77,104,50,43,67,27,64,55,68,144,149,304,50,105,29,122,112,20,60,128,70,23,68,39,82,95,76,103,33,85
454,424,200,79,471,114,236,155,164,197,407,550,888,299,276,290,348,859,463,59,251,495,279,206,329,131,320,243,241,618,730,1337,263,459,102,540,455,87,232,496,310,116,337,174,375,423,291,461,181,341
188,137,66,19,155,35,155,30,61,73,137,172,288,93,97,96,120,276,143,22,80,169,102,50,87,38,105,76,59,167,242,438,98,140,40,158,155,38,71,163,99,29,109,55,125,134,103,166,69,117
170,154,61,36,181,41,164,61,25,67,125,199,284,112,81,106,128,275,145,20,83,141,79,61,95,50,113,76,80,211,253,448,97,147,44,175,150,26,98,159,116,32,114,57,120,142,101,165,59,100
244,171,91,39,215,45,197,73,67,55,171,207,368,143,117,113,141,363,212,26,90,204,143,61,144,51,139,109,113,267,293,543,119,204,58,210,187,39,102,217,132,40,146,79,167,184,144,220,85,147
432,343,183,76,434,91,407,137,125,171,172,432,802,276,247,262,302,781,438,52,242,454,265,168,302,124,282,212,225,527,594,1155,237,391,105,401,396,78,212,439,291,84,312,141,375,393,285,418,154,302
476,505,224,94,543,120,550,172,199,207,432,319,943,326,307,339,405,1017,584,67,322,585,320,231,338,130,360,288,302,697,790,1577,290,522,123,621,519,90,288,584,393,126,391,222,417,507,348,564,207,378
811,833,394,145,897,192,888,288,284,368,802,943,803,631,457,534,621,1486,915,113,513,930,530,395,596,256,679,428,462,1158,1322,2423,490,832,177,968,855,154,436,938,595,192,686,347,754,841,566,943,304,611
350,280,127,46,324,69,299,93,112,143,276,326,631,108,200,219,211,643,320,34,191,335,197,128,195,79,205,171,164,402,480,903,188,324,88,341,297,49,148,347,217,65,259,145,249,310,215,310,148,250
300,217,97,46,280,58,276,97,81,117,247,307,457,200,76,132,174,512,244,32,142,273,154,122,183,55,156,121,148,321,362,767,135,240,61,286,263,44,140,257,186,59,202,104,238,231,173,297,103,189
325,232,107,62,320,62,290,96,106,113,262,339,534,219,132,66,202,534,282,34,148,285,171,111,197,63,168,133,128,351,431,863,155,275,55,302,270,45,141,311,211,50,228,116,237,264,193,347,124,234
339,297,157,55,313,79,348,120,128,141,302,405,621,211,174,202,132,625,374,53,194,365,182,127,211,91,221,180,183,462,525,984,186,353,98,386,324,71,179,386,237,58,269,150,269,351,229,372,137,253
800,792,375,145,917,181,859,276,275,363,781,1017,1486,643,512,534,625,788,914,108,528,945,558,375,639,259,667,430,467,1135,1308,2365,499,863,189,931,860,156,410,964,602,203,657,323,770,825,578,913,293,589
508,464,194,99,509,112,463,143,145,212,438,584,915,320,244,282,374,914,250,63,287,498,282,193,334,155,348,262,287,581,756,1395,279,475,114,535,464,77,233,533,301,118,395,199,431,458,320,525,198,357
63,40,22,14,56,14,59,22,20,26,52,67,113,34,32,34,53,108,63,1,17,61,38,28,34,19,43,27,24,74,75,157,37,52,17,55,67,11,31,61,30,8,60,22,44,56,43,70,27,53
337,257,95,52,296,77,251,80,83,90,242,322,513,191,142,148,194,528,287,17,62,290,137,106,208,72,168,141,114,347,426,846,170,283,65,319,285,46,100,333,165,52,214,114,246,293,171,293,117,191
543,417,190,80,511,104,495,169,141,204,454,585,930,335,273,285,365,945,498,61,290,263,279,197,340,137,345,266,261,671,742,1412,280,467,123,545,449,90,243,555,335,111,393,192,447,514,332,508,200,372
346,244,105,39,267,50,279,102,79,143,265,320,530,197,154,171,182,558,282,38,137,279,85,137,174,68,180,124,149,373,417,874,156,280,60,311,282,38,144,332,196,62,239,114,252,313,189,286,101,239
198,186,64,27,216,43,206,50,61,61,168,231,395,128,122,111,127,375,193,28,106,197,137,41,124,43,133,102,101,264,299,559,124,199,40,212,173,29,98,221,164,39,129,73,162,182,108,229,74,140
371,293,132,54,337,67,329,87,95,144,302,338,596,195,183,197,211,639,334,34,208,340,174,124,118,98,219,157,154,416,488,950,176,325,78,336,298,45,172,333,238,64,243,122,265,312,194,325,108,247
172,108,43,17,124,27,131,38,50,51,124,130,256,79,55,63,91,259,155,19,72,137,68,43,98,14,80,53,78,160,213,376,85,103,30,126,98,12,61,149,94,27,95,42,101,125,77,129,36,92
395,292,113,47,344,64,320,105,113,139,282,360,679,205,156,168,221,667,348,43,168,345,180,133,219,80,112,152,162,444,500,1021,186,291,82,339,264,51,176,351,245,60,260,113,244,317,206,339,110,242
276,204,101,33,205,55,243,76,76,109,212,288,428,171,121,133,180,430,262,27,141,266,124,102,157,53,152,39,105,289,389,669,139,205,53,269,257,39,148,240,135,60,179,91,196,234,147,260,98,167
322,217,91,51,238,68,241,59,80,113,225,302,462,164,148,128,183,467,287,24,114,261,149,101,154,78,162,105,49,297,399,677,139,234,53,243,250,33,116,277,187,61,200,96,173,225,152,261,95,191
588,535,264,113,650,144,618,167,211,267,527,697,1158,402,321,351,462,1135,581,74,347,671,373,264,416,160,444,289,297,370,980,1770,353,575,130,633,631,116,306,666,391,122,466,205,489,593,358,650,234,420
682,688,280,109,748,149,730,242,253,293,594,790,1322,480,362,431,525,1308,756,75,426,742,417,299,488,213,500,389,399,980,584,1985,390,717,191,762,654,128,362,813,539,135,595,291,621,688,480,762,283,530
1124,1242,573,223,1392,304,1337,438,448,543,1155,1577,2423,903,767,863,984,2365,1395,157,846,1412,874,559,950,376,1021,669,677,1770,1985,1837,704,1342,306,1502,1272,242,690,1472,906,322,981,519,1135,1271,857,1375,452,896
255,219,101,36,251,50,263,98,97,119,237,290,490,188,135,155,186,499,279,37,170,280,156,124,176,85,186,139,139,353,390,704,52,249,67,283,240,48,145,283,181,66,190,101,219,240,156,276,85,173
458,429,180,74,434,105,459,140,147,204,391,522,832,324,240,275,353,863,475,52,283,467,280,199,325,103,291,205,234,575,717,1342,249,207,115,489,458,80,236,505,302,92,365,180,379,423,303,502,176,329
103,107,58,15,115,29,102,40,44,58,105,123,177,88,61,55,98,189,114,17,65,123,60,40,78,30,82,53,53,130,191,306,67,115,15,128,112,20,55,133,85,24,94,25,105,112,64,106,38,79
529,429,207,86,496,122,540,158,175,210,401,621,968,341,286,302,386,931,535,55,319,545,311,212,336,126,339,269,243,633,762,1502,283,489,128,292,496,99,280,550,329,96,416,201,422,485,320,599,203,352
466,399,192,70,443,112,455,155,150,187,396,519,855,297,263,270,324,860,464,67,285,449,282,173,298,98,264,257,250,631,654,1272,240,458,112,496,210,72,245,480,322,94,342,159,336,417,283,479,159,325
97,58,28,14,80,20,87,38,26,39,78,90,154,49,44,45,71,156,77,11,46,90,38,29,45,12,51,39,33,116,128,242,48,80,20,99,72,14,58,83,45,19,62,30,61,70,41,99,35,55
247,225,102,36,254,60,232,71,98,102,212,288,436,148,140,141,179,410,233,31,100,243,144,98,172,61,176,148,116,306,362,690,145,236,55,280,245,58,57,284,167,50,192,85,201,228,143,242,94,175
461,478,202,84,529,128,496,163,159,217,439,584,938,347,257,311,386,964,533,61,333,555,332,221,333,149,351,240,277,666,813,1472,283,505,133,550,480,83,284,272,351,106,397,207,437,488,327,518,183,347
287,298,141,48,354,70,310,99,116,132,291,393,595,217,186,211,237,602,301,30,165,335,196,164,238,94,245,135,187,391,539,906,181,302,85,329,322,45,167,351,110,67,254,142,275,272,233,347,130,218
102,91,31,20,93,23,116,29,32,40,84,126,192,65,59,50,58,203,118,8,52,111,62,39,64,27,60,60,61,122,135,322,66,92,24,96,94,19,50,106,67,11,88,47,85,103,78,102,34,74
360,331,166,51,369,68,337,109,114,146,312,391,686,259,202,228,269,657,395,60,214,393,239,129,243,95,260,179,200,466,595,981,190,365,94,416,342,62,192,397,254,88,158,137,287,348,236,412,139,256
152,152,71,40,211,39,174,55,57,79,141,222,347,145,104,116,150,323,199,22,114,192,114,73,122,42,113,91,96,205,291,519,101,180,25,201,159,30,85,207,142,47,137,46,148,178,127,202,66,123
395,344,154,69,405,82,375,125,120,167,375,417,754,249,238,237,269,770,431,44,246,447,252,162,265,101,244,196,173,489,621,1135,219,379,105,422,336,61,201,437,275,85,287,148,159,388,240,397,139,317
433,423,167,82,514,95,423,134,142,184,393,507,841,310,231,264,351,825,458,56,293,514,313,182,312,125,317,234,225,593,688,1271,240,423,112,485,417,70,228,488,272,103,348,178,388,211,331,451,165,333
301,252,137,57,321,76,291,103,101,144,285,348,566,215,173,193,229,578,320,43,171,332,189,108,194,77,206,147,152,358,480,857,156,303,64,320,283,41,143,327,233,78,236,127,240,331,94,314,127,229
510,467,221,73,551,103,461,166,165,220,418,564,943,310,297,347,372,913,525,70,293,508,286,229,325,129,339,260,261,650,762,1375,276,502,106,599,479,99,242,518,347,102,412,202,397,451,314,247,159,348
166,160,74,28,203,33,181,69,59,85,154,207,304,148,103,124,137,293,198,27,117,200,101,74,108,36,110,98,95,234,283,452,85,176,38,203,159,35,94,183,130,34,139,66,139,165,127,159,19,124
390,295,116,56,342,85,341,117,100,147,302,378,611,250,189,234,253,589,357,53,191,372,239,140,247,92,242,167,191,420,530,896,173,329,79,352,325,55,175,347,218,74,256,123,317,333,229,348,124,128
