254,452,228,80,492,101,484,190,169,246,407,515,801,363,290,310,376,837,528,69,346,553,340,222,367,149,395,296,312,595,712,1172,226,444,95,517,482,87,262,485,332,102,345,182,422,409,344,507,183,357
452,192,172,77,475,113,422,126,140,191,377,437,774,303,200,241,313,776,433,57,217,433,251,191,265,122,276,214,225,527,634,1119,216,418,110,444,394,79,200,470,300,96,319,161,348,431,267,422,165,278
228,172,39,26,201,42,181,54,55,94,167,211,335,126,111,107,154,367,182,29,122,203,131,77,131,50,136,81,103,247,288,569,102,164,50,221,176,42,108,222,135,41,175,67,172,196,119,220,82,154
80,77,26,3,80,18,96,30,34,33,71,85,170,62,55,55,83,156,89,11,52,89,52,25,54,24,69,37,52,118,121,220,44,70,26,89,91,15,54,98,63,21,53,24,77,70,55,98,34,47
492,475,201,80,268,117,471,154,165,217,420,563,953,335,270,307,389,948,526,70,279,547,318,207,362,150,358,232,252,665,771,1424,285,468,106,520,491,94,263,535,328,100,352,181,454,447,308,537,198,384
101,113,42,18,117,12,109,37,40,55,101,124,200,69,57,76,78,191,121,16,73,114,65,40,73,37,94,64,60,155,176,285,53,111,29,124,121,20,60,126,69,25,87,31,90,89,70,107,36,69
484,422,181,96,471,109,244,137,162,198,403,498,876,308,267,305,369,908,511,57,275,517,301,205,326,109,303,245,252,597,716,1371,259,453,133,542,459,86,231,507,307,105,375,197,403,439,327,492,195,319
190,126,54,30,154,37,137,21,42,59,149,167,262,94,84,83,109,247,151,19,83,148,82,60,84,39,90,53,75,180,263,411,76,138,36,162,141,17,85,150,104,28,113,52,124,127,94,160,62,113
169,140,55,34,165,40,162,42,22,65,133,190,307,97,96,95,129,322,145,31,84,155,109,74,110,57,126,78,89,192,257,468,101,177,31,204,154,26,74,183,117,37,124,60,136,148,84,179,70,96
246,191,94,33,217,55,198,59,65,49,182,199,367,135,112,122,157,377,247,24,133,228,125,77,147,58,157,94,122,267,287,540,118,199,50,235,195,39,86,213,147,32,152,80,176,193,132,221,80,118
407,377,167,71,420,101,403,149,133,182,169,452,726,294,232,256,324,777,455,48,250,461,261,169,241,116,303,214,211,576,638,1182,221,383,94,454,406,67,220,431,291,71,297,164,335,406,278,445,158,285
515,437,211,85,563,124,498,167,190,199,452,328,1008,343,277,319,403,990,547,63,310,562,352,220,375,140,367,250,263,733,829,1547,308,520,158,627,510,92,287,585,354,100,469,209,419,539,359,561,225,389
801,774,335,170,953,200,876,262,307,367,726,1008,855,614,484,522,645,1456,882,121,506,907,536,380,577,241,610,436,461,1179,1363,2441,506,857,208,952,806,131,494,979,641,219,689,348,781,825,592,925,336,616
363,303,126,62,335,69,308,94,97,135,294,343,614,97,200,189,250,610,344,31,182,333,217,121,220,75,218,157,176,392,482,901,189,311,77,317,295,57,175,352,187,63,252,132,290,323,237,396,130,213
290,200,111,55,270,57,267,84,96,112,232,277,484,200,65,156,171,487,263,24,132,285,152,107,181,73,176,118,124,363,401,731,141,267,58,279,263,39,132,274,160,51,228,106,214,251,175,306,106,189
310,241,107,55,307,76,305,83,95,122,256,319,522,189,156,85,178,518,242,49,128,305,169,112,192,80,174,134,121,353,446,802,155,300,66,289,271,53,148,315,201,64,238,116,227,293,169,335,125,193
376,313,154,83,389,78,369,109,129,157,324,403,645,250,171,178,126,629,368,47,204,365,199,140,257,85,218,165,206,462,551,1038,188,323,79,374,320,69,185,393,205,77,259,127,300,364,214,366,153,255
837,776,367,156,948,191,908,247,322,377,777,990,1456,610,487,518,629,803,949,114,489,968,529,366,614,226,637,418,461,1190,1358,2452,479,869,206,992,831,165,463,938,630,196,705,371,759,809,600,936,347,588
528,433,182,89,526,121,511,151,145,247,455,547,882,344,263,242,368,949,251,64,277,498,293,192,345,131,320,243,249,626,753,1431,292,458,101,561,481,83,256,544,325,107,399,201,427,484,321,495,187,340
69,57,29,11,70,16,57,19,31,24,48,63,121,31,24,49,47,114,64,7,34,61,39,18,40,14,53,27,36,90,87,198,29,65,8,61,61,18,44,70,30,8,47,18,53,50,50,60,21,47
346,217,122,52,279,73,275,83,84,133,250,310,506,182,132,128,204,489,277,34,78,288,161,108,186,73,169,127,133,315,424,814,162,242,62,271,254,43,169,292,188,46,190,85,227,272,137,284,91,210
553,433,203,89,547,114,517,148,155,228,461,562,907,333,285,305,365,968,498,61,288,272,319,213,342,135,346,242,242,629,742,1463,294,512,109,587,472,97,261,521,302,95,368,184,440,480,359,510,191,341
340,251,131,52,318,65,301,82,109,125,261,352,536,217,152,169,199,529,293,39,161,319,85,126,215,92,222,129,157,338,440,828,149,287,56,322,294,51,162,327,182,64,205,115,274,256,178,296,106,202
222,191,77,25,207,40,205,60,74,77,169,220,380,121,107,112,140,366,192,18,108,213,126,31,150,50,117,91,114,235,255,527,127,180,38,214,179,38,112,185,124,38,156,87,184,183,144,213,71,129
367,265,131,54,362,73,326,84,110,147,241,375,577,220,181,192,257,614,345,40,186,342,215,150,102,83,213,153,182,411,480,921,179,272,69,347,286,44,154,358,227,66,282,128,276,304,229,338,122,227
149,122,50,24,150,37,109,39,57,58,116,140,241,75,73,80,85,226,131,14,73,135,92,50,83,19,77,55,57,157,212,360,77,145,24,109,125,16,63,135,89,22,106,48,121,131,85,125,47,106
395,276,136,69,358,94,303,90,126,157,303,367,610,218,176,174,218,637,320,53,169,346,222,117,213,77,104,156,173,414,572,993,198,325,77,335,308,62,163,354,218,69,268,141,301,313,215,353,129,244
296,214,81,37,232,64,245,53,78,94,214,250,436,157,118,134,165,418,243,27,127,242,129,91,153,55,156,65,121,279,359,674,127,204,48,245,237,41,99,246,140,48,187,90,184,240,141,269,88,183
312,225,103,52,252,60,252,75,89,122,211,263,461,176,124,121,206,461,249,36,133,242,157,114,182,57,173,121,68,314,366,728,154,223,44,271,252,38,122,272,166,43,196,82,218,236,151,260,92,190
595,527,247,118,665,155,597,180,192,267,576,733,1179,392,363,353,462,1190,626,90,315,629,338,235,411,157,414,279,314,412,949,1823,376,602,135,668,587,120,307,725,467,104,460,252,525,595,417,639,235,435
712,634,288,121,771,176,716,263,257,287,638,829,1363,482,401,446,551,1358,753,87,424,742,440,255,480,212,572,359,366,949,555,2101,400,680,160,817,676,118,395,814,521,151,589,299,620,712,492,765,259,485
1172,1119,569,220,1424,285,1371,411,468,540,1182,1547,2441,901,731,802,1038,2452,1431,198,814,1463,828,527,921,360,993,674,728,1823,2101,1926,729,1279,324,1571,1302,243,690,1488,922,299,1041,533,1141,1283,972,1436,495,934
226,216,102,44,285,53,259,76,101,118,221,308,506,189,141,155,188,479,292,29,162,294,149,127,179,77,198,127,154,376,400,729,67,241,62,284,256,41,120,287,185,56,196,98,234,247,190,255,104,188
444,418,164,70,468,111,453,138,177,199,383,520,857,311,267,300,323,869,458,65,242,512,287,180,272,145,325,204,223,602,680,1279,241,238,123,483,462,95,257,502,329,88,346,183,383,390,305,475,195,312
95,110,50,26,106,29,133,36,31,50,94,158,208,77,58,66,79,206,101,8,62,109,56,38,69,24,77,48,44,135,160,324,62,123,10,138,121,18,55,144,87,20,86,38,85,111,65,120,46,75
517,444,221,89,520,124,542,162,204,235,454,627,952,317,279,289,374,992,561,61,271,587,322,214,347,109,335,245,271,668,817,1571,284,483,138,276,473,102,260,612,362,116,428,207,427,521,342,566,219,362
482,394,176,91,491,121,459,141,154,195,406,510,806,295,263,271,320,831,481,61,254,472,294,179,286,125,308,237,252,587,676,1302,256,462,121,473,240,77,209,509,308,95,344,186,384,415,301,460,189,319
87,79,42,15,94,20,86,17,26,39,67,92,131,57,39,53,69,165,83,18,43,97,51,38,44,16,62,41,38,120,118,243,41,95,18,102,77,11,52,82,59,13,72,37,69,90,50,115,28,54
262,200,108,54,263,60,231,85,74,86,220,287,494,175,132,148,185,463,256,44,169,261,162,112,154,63,163,99,122,307,395,690,120,257,55,260,209,52,63,286,170,43,195,94,195,223,158,250,86,167
485,470,222,98,535,126,507,150,183,213,431,585,979,352,274,315,393,938,544,70,292,521,327,185,358,135,354,246,272,725,814,1488,287,502,144,612,509,82,286,281,359,132,403,211,400,507,334,543,211,358
332,300,135,63,328,69,307,104,117,147,291,354,641,187,160,201,205,630,325,30,188,302,182,124,227,89,218,140,166,467,521,922,185,329,87,362,308,59,170,359,114,66,278,105,255,299,201,358,134,224
102,96,41,21,100,25,105,28,37,32,71,100,219,63,51,64,77,196,107,8,46,95,64,38,66,22,69,48,43,104,151,299,56,88,20,116,95,13,43,132,66,7,87,42,81,105,59,102,36,68
345,319,175,53,352,87,375,113,124,152,297,469,689,252,228,238,259,705,399,47,190,368,205,156,282,106,268,187,196,460,589,1041,196,346,86,428,344,72,195,403,278,87,129,157,314,351,237,417,115,246
182,161,67,24,181,31,197,52,60,80,164,209,348,132,106,116,127,371,201,18,85,184,115,87,128,48,141,90,82,252,299,533,98,183,38,207,186,37,94,211,105,42,157,34,155,182,127,227,73,141
422,348,172,77,454,90,403,124,136,176,335,419,781,290,214,227,300,759,427,53,227,440,274,184,276,121,301,184,218,525,620,1141,234,383,85,427,384,69,195,400,255,81,314,155,175,360,281,457,160,270
409,431,196,70,447,89,439,127,148,193,406,539,825,323,251,293,364,809,484,50,272,480,256,183,304,131,313,240,236,595,712,1283,247,390,111,521,415,90,223,507,299,105,351,182,360,200,340,480,185,295
344,267,119,55,308,70,327,94,84,132,278,359,592,237,175,169,214,600,321,50,137,359,178,144,229,85,215,141,151,417,492,972,190,305,65,342,301,50,158,334,201,59,237,127,281,340,99,332,131,220
507,422,220,98,537,107,492,160,179,221,445,561,925,396,306,335,366,936,495,60,284,510,296,213,338,125,353,269,260,639,765,1436,255,475,120,566,460,115,250,543,358,102,417,227,457,480,332,271,180,383
183,165,82,34,198,36,195,62,70,80,158,225,336,130,106,125,153,347,187,21,91,191,106,71,122,47,129,88,92,235,259,495,104,195,46,219,189,28,86,211,134,36,115,73,160,185,131,180,28,142
357,278,154,47,384,69,319,113,96,118,285,389,616,213,189,193,255,588,340,47,210,341,202,129,227,106,244,183,190,435,485,934,188,312,75,362,319,54,167,358,224,68,246,141,270,295,220,383,142,109
