245,416,213,91,473,120,479,157,167,250,427,495,770,402,287,313,344,805,487,72,303,506,336,218,371,170,378,293,318,606,675,1154,255,472,105,483,475,73,243,441,315,92,376,175,429,414,344,472,162,365
416,191,159,89,450,108,446,143,115,178,392,473,799,283,215,254,295,800,451,63,255,442,234,184,274,114,281,218,225,541,670,1142,227,410,108,466,403,73,219,476,304,99,307,159,364,366,251,466,145,300
213,159,41,41,197,62,195,60,60,80,164,220,392,135,115,122,142,371,196,24,96,195,111,72,121,44,133,91,102,238,297,590,101,192,50,200,185,28,101,206,140,48,177,82,152,173,120,196,63,118
91,89,41,11,87,17,83,25,29,30,57,88,145,56,45,49,56,133,84,14,50,78,50,35,62,23,52,45,47,100,104,209,38,90,17,100,83,15,45,86,60,21,59,26,61,79,57,82,26,47
473,450,197,87,273,108,498,131,160,197,406,578,962,315,277,319,358,917,522,60,332,503,309,201,328,136,346,232,244,655,787,1395,251,468,133,543,482,77,251,520,333,105,383,191,408,501,318,530,189,327
120,108,62,17,108,9,100,39,32,45,101,130,189,82,59,68,74,200,113,15,71,104,68,44,84,29,82,55,66,141,152,305,55,112,17,132,112,19,53,112,79,34,70,39,84,82,76,107,38,76
479,446,195,83,498,100,248,156,151,190,394,541,880,329,254,279,342,864,486,55,262,499,288,184,340,137,308,226,252,612,722,1221,239,471,98,528,444,77,245,510,330,110,369,193,390,441,317,469,175,328
157,143,60,25,131,39,156,19,47,67,142,162,298,78,79,94,116,304,139,13,82,163,90,58,102,34,98,72,66,177,255,474,94,134,29,160,149,17,72,138,84,34,117,56,123,145,92,167,65,112
167,115,60,29,160,32,151,47,20,67,123,175,298,111,73,80,124,304,160,24,80,152,112,66,106,45,115,70,79,200,248,426,83,157,38,193,154,30,94,167,110,28,129,59,133,141,101,150,65,100
250,178,80,30,197,45,190,67,67,46,172,246,373,132,115,118,144,357,206,18,98,198,142,75,140,58,141,107,94,247,297,559,108,189,50,212,191,35,90,216,145,41,151,69,152,176,139,229,69,136
427,392,164,57,406,101,394,142,123,172,174,455,794,265,226,221,315,757,444,33,251,409,252,165,283,123,293,197,218,544,651,1150,227,405,97,443,386,75,199,429,268,96,303,157,326,348,270,453,143,294
495,473,220,88,578,130,541,162,175,246,455,307,996,375,311,336,373,1047,589,67,320,583,308,222,369,141,385,250,286,687,866,1540,314,560,117,586,522,98,281,591,379,112,409,193,440,540,324,565,190,392
770,799,392,145,962,189,880,298,298,373,794,996,799,664,503,562,656,1430,894,108,515,958,537,389,597,236,628,480,489,1083,1333,2310,457,819,210,954,857,167,460,967,596,168,667,317,744,815,555,905,316,646
402,283,135,56,315,82,329,78,111,132,265,375,664,99,166,175,226,620,313,37,159,330,228,144,228,75,220,154,158,429,497,909,146,317,65,337,323,56,163,327,197,79,273,106,266,322,201,324,109,239
287,215,115,45,277,59,254,79,73,115,226,311,503,166,72,137,201,501,286,27,143,285,137,107,162,67,170,123,134,308,411,714,144,251,58,266,256,40,162,287,176,55,227,95,231,243,174,304,115,206
313,254,122,49,319,68,279,94,80,118,221,336,562,175,137,80,209,540,302,39,139,286,142,111,161,70,170,125,135,337,438,809,165,271,69,300,278,41,172,317,200,58,235,96,240,256,193,314,119,214
344,295,142,56,358,74,342,116,124,144,315,373,656,226,201,209,127,650,333,53,158,395,223,158,263,100,252,181,177,464,531,1019,217,304,85,343,334,59,189,363,239,71,282,130,298,306,235,372,141,243
805,800,371,133,917,200,864,304,304,357,757,1047,1430,620,501,540,650,757,902,98,489,897,511,373,618,223,619,466,502,1089,1323,2311,458,834,196,974,830,153,459,956,599,193,636,306,742,795,529,916,338,591
487,451,196,84,522,113,486,139,160,206,444,589,894,313,286,302,333,902,258,65,272,489,313,224,326,120,308,224,242,625,742,1449,298,458,119,487,469,70,227,564,344,100,435,178,418,475,301,518,206,351
72,63,24,14,60,15,55,13,24,18,33,67,108,37,27,39,53,98,65,3,37,61,28,21,43,12,38,31,20,63,86,166,35,62,15,82,71,10,27,48,38,9,51,15,58,63,42,76,13,30
303,255,96,50,332,71,262,82,80,98,251,320,515,159,143,139,158,489,272,37,70,273,153,128,178,73,195,113,147,316,407,795,145,261,72,240,273,51,143,320,206,61,209,108,214,246,146,288,101,167
506,442,195,78,503,104,499,163,152,198,409,583,958,330,285,286,395,897,489,61,273,262,330,219,341,123,327,230,232,636,706,1445,290,470,129,518,456,68,285,527,361,102,364,170,440,436,295,515,202,339
336,234,111,50,309,68,288,90,112,142,252,308,537,228,137,142,223,511,313,28,153,330,76,100,198,81,191,140,152,334,452,832,153,290,75,283,311,45,155,303,203,70,238,117,246,300,188,325,122,210
218,184,72,35,201,44,184,58,66,75,165,222,389,144,107,111,158,373,224,21,128,219,100,35,150,55,117,95,103,294,309,557,103,191,45,204,175,35,93,180,132,58,160,72,153,196,118,223,65,152
371,274,121,62,328,84,340,102,106,140,283,369,597,228,162,161,263,618,326,43,178,341,198,150,106,78,200,158,171,390,487,933,162,303,75,324,302,44,179,332,221,72,260,119,249,303,186,357,121,230
170,114,44,23,136,29,137,34,45,58,123,141,236,75,67,70,100,223,120,12,73,123,81,55,78,23,77,59,72,160,184,357,78,127,34,126,138,19,57,148,103,31,98,54,101,125,76,136,53,105
378,281,133,52,346,82,308,98,115,141,293,385,628,220,170,170,252,619,308,38,195,327,191,117,200,77,106,145,181,423,505,948,174,316,80,344,317,43,142,345,226,70,264,154,279,321,222,356,142,255
293,218,91,45,232,55,226,72,70,107,197,250,480,154,123,125,181,466,224,31,113,230,140,95,158,59,145,50,104,314,371,676,142,209,58,240,226,42,122,219,141,58,190,76,185,226,138,230,105,163
318,225,102,47,244,66,252,66,79,94,218,286,489,158,134,135,177,502,242,20,147,232,152,103,171,72,181,104,61,308,403,760,141,216,67,267,241,35,102,266,157,52,198,91,202,254,148,272,106,132
606,541,238,100,655,141,612,177,200,247,544,687,1083,429,308,337,464,1089,625,63,316,636,334,294,390,160,423,314,308,372,903,1737,313,585,128,710,565,94,328,657,416,119,488,241,532,608,376,690,211,416
675,670,297,104,787,152,722,255,248,297,651,866,1333,497,411,438,531,1323,742,86,407,706,452,309,487,184,505,371,403,903,549,2067,431,675,180,817,656,99,385,863,509,135,545,313,613,694,478,791,282,506
1154,1142,590,209,1395,305,1221,474,426,559,1150,1540,2310,909,714,809,1019,2311,1449,166,795,1445,832,557,933,357,948,676,760,1737,2067,1850,738,1299,312,1544,1300,236,720,1498,878,273,1008,520,1138,1226,875,1360,492,996
255,227,101,38,251,55,239,94,83,108,227,314,457,146,144,165,217,458,298,35,145,290,153,103,162,78,174,142,141,313,431,738,72,252,73,306,281,55,149,251,165,50,198,89,221,253,164,267,94,197
472,410,192,90,468,112,471,134,157,189,405,560,819,317,251,271,304,834,458,62,261,470,290,191,303,127,316,209,216,585,675,1299,252,229,105,491,452,76,251,483,312,98,338,163,393,410,284,498,176,315
105,108,50,17,133,17,98,29,38,50,97,117,210,65,58,69,85,196,119,15,72,129,75,45,75,34,80,58,67,128,180,312,73,105,9,127,97,30,65,105,58,30,87,40,97,94,68,120,52,79
483,466,200,100,543,132,528,160,193,212,443,586,954,337,266,300,343,974,487,82,240,518,283,204,324,126,344,240,267,710,817,1544,306,491,127,251,489,95,236,559,337,109,412,223,395,497,317,554,215,323
475,403,185,83,482,112,444,149,154,191,386,522,857,323,256,278,334,830,469,71,273,456,311,175,302,138,317,226,241,565,656,1300,281,452,97,489,226,88,259,436,320,109,346,163,378,467,287,476,182,318
73,73,28,15,77,19,77,17,30,35,75,98,167,56,40,41,59,153,70,10,51,68,45,35,44,19,43,42,35,94,99,236,55,76,30,95,88,12,46,89,53,19,53,36,73,82,38,90,34,53
243,219,101,45,251,53,245,72,94,90,199,281,460,163,162,172,189,459,227,27,143,285,155,93,179,57,142,122,102,328,385,720,149,251,65,236,259,46,61,246,161,48,184,96,200,219,151,266,101,161
441,476,206,86,520,112,510,138,167,216,429,591,967,327,287,317,363,956,564,48,320,527,303,180,332,148,345,219,266,657,863,1498,251,483,105,559,436,89,246,287,328,111,383,202,412,474,342,530,169,353
315,304,140,60,333,79,330,84,110,145,268,379,596,197,176,200,239,599,344,38,206,361,203,132,221,103,226,141,157,416,509,878,165,312,58,337,320,53,161,328,92,78,272,142,261,294,216,345,107,207
92,99,48,21,105,34,110,34,28,41,96,112,168,79,55,58,71,193,100,9,61,102,70,58,72,31,70,58,52,119,135,273,50,98,30,109,109,19,48,111,78,10,91,57,98,102,60,90,41,76
376,307,177,59,383,70,369,117,129,151,303,409,667,273,227,235,282,636,435,51,209,364,238,160,260,98,264,190,198,488,545,1008,198,338,87,412,346,53,184,383,272,91,142,133,335,314,256,408,136,266
175,159,82,26,191,39,193,56,59,69,157,193,317,106,95,96,130,306,178,15,108,170,117,72,119,54,154,76,91,241,313,520,89,163,40,223,163,36,96,202,142,57,133,23,160,169,115,214,65,141
429,364,152,61,408,84,390,123,133,152,326,440,744,266,231,240,298,742,418,58,214,440,246,153,249,101,279,185,202,532,613,1138,221,393,97,395,378,73,200,412,261,98,335,160,160,373,246,412,167,275
414,366,173,79,501,82,441,145,141,176,348,540,815,322,243,256,306,795,475,63,246,436,300,196,303,125,321,226,254,608,694,1226,253,410,94,497,467,82,219,474,294,102,314,169,373,220,299,466,177,339
344,251,120,57,318,76,317,92,101,139,270,324,555,201,174,193,235,529,301,42,146,295,188,118,186,76,222,138,148,376,478,875,164,284,68,317,287,38,151,342,216,60,256,115,246,299,98,319,123,235
472,466,196,82,530,107,469,167,150,229,453,565,905,324,304,314,372,916,518,76,288,515,325,223,357,136,356,230,272,690,791,1360,267,498,120,554,476,90,266,530,345,90,408,214,412,466,319,263,196,387
162,145,63,26,189,38,175,65,65,69,143,190,316,109,115,119,141,338,206,13,101,202,122,65,121,53,142,105,106,211,282,492,94,176,52,215,182,34,101,169,107,41,136,65,167,177,123,196,47,122
365,300,118,47,327,76,328,112,100,136,294,392,646,239,206,214,243,591,351,30,167,339,210,152,230,105,255,163,132,416,506,996,197,315,79,323,318,53,161,353,207,76,266,141,275,339,235,387,122,99
