284,471,216,81,502,110,473,167,167,253,490,560,837,383,357,342,362,811,532,67,348,561,372,229,377,146,390,296,317,625,710,1191,280,499,114,557,460,75,222,493,309,138,373,189,483,429,346,481,178,389
471,190,169,67,453,90,427,130,143,162,368,463,796,280,247,243,313,794,432,47,207,449,264,195,284,111,289,179,213,565,649,1257,249,377,90,452,411,69,233,484,267,83,330,167,365,384,275,427,193,272
216,169,34,39,224,57,214,69,67,70,178,194,363,142,89,93,152,358,202,22,91,218,104,77,131,35,96,83,121,246,277,552,120,200,40,207,199,38,90,203,109,28,141,83,164,182,141,201,77,138
81,67,39,6,87,26,83,35,30,32,78,82,140,61,44,43,71,147,113,8,32,99,55,35,49,24,66,49,49,96,139,205,42,87,17,85,78,18,44,96,46,15,77,25,67,78,48,95,31,54
502,453,224,87,248,128,502,170,167,221,429,587,932,325,255,277,386,940,544,62,251,516,313,223,357,134,346,226,268,635,843,1451,297,463,120,504,449,90,257,573,339,90,399,197,429,493,286,508,215,321
110,90,57,26,128,11,104,31,35,36,80,127,201,76,59,62,92,187,116,12,53,107,55,35,71,28,89,59,62,128,165,274,56,105,26,122,95,24,49,108,83,21,92,34,89,96,54,121,35,82
473,427,214,83,502,104,231,152,158,181,426,509,848,332,263,287,365,878,486,65,244,494,276,185,322,135,349,223,273,599,721,1324,240,434,106,527,484,89,250,541,351,98,362,165,407,453,299,488,174,299
167,130,69,35,170,31,152,31,54,54,138,158,252,110,66,68,119,275,127,24,94,149,95,64,113,46,116,81,82,189,223,436,78,129,29,171,135,23,86,147,91,33,113,53,130,110,98,138,50,108
167,143,67,30,167,35,158,54,16,65,141,182,302,97,84,91,113,314,148,25,89,171,97,70,115,47,114,84,102,215,272,459,86,143,36,180,166,28,69,171,103,35,119,66,141,150,81,186,55,95
253,162,70,32,221,36,181,54,65,34,163,231,383,130,111,132,145,368,222,30,137,211,113,91,140,55,137,77,120,258,302,564,104,169,53,201,182,37,108,189,123,37,157,71,165,188,121,221,79,141
490,368,178,78,429,80,426,138,141,163,182,435,746,325,233,275,337,759,461,60,231,462,281,175,276,104,274,187,224,517,648,1220,221,421,123,425,396,64,223,426,285,84,333,152,330,409,249,437,157,285
560,463,194,82,587,127,509,158,182,231,435,324,1014,334,261,300,420,991,588,64,305,620,340,211,334,137,384,248,275,734,891,1592,302,512,124,635,528,111,288,648,392,112,446,205,429,514,342,588,202,377
837,796,363,140,932,201,848,252,302,383,746,1014,792,567,455,519,696,1513,924,118,520,948,499,343,605,216,620,428,440,1152,1422,2475,498,858,228,1005,869,183,466,1033,629,169,689,383,718,871,621,982,331,593
383,280,142,61,325,76,332,110,97,130,325,334,567,115,198,213,243,555,307,42,201,341,203,138,214,97,229,160,155,396,470,904,186,319,65,340,315,47,181,364,224,64,261,102,279,277,203,341,126,220
357,247,89,44,255,59,263,66,84,111,233,261,455,198,76,153,233,468,265,25,158,303,142,114,177,72,187,125,137,318,381,712,122,241,54,270,233,31,129,268,162,60,199,98,237,228,179,262,92,191
342,243,93,43,277,62,287,68,91,132,275,300,519,213,153,86,231,527,286,25,152,327,158,133,193,72,211,142,150,364,469,775,154,271,71,283,255,43,131,308,192,62,214,96,256,254,194,289,110,191
362,313,152,71,386,92,365,119,113,145,337,420,696,243,233,231,116,700,376,48,211,347,213,150,248,91,259,168,180,460,540,1022,202,356,94,365,369,68,163,409,254,74,294,124,295,355,208,393,149,236
811,794,358,147,940,187,878,275,314,368,759,991,1513,555,468,527,700,837,929,97,527,972,515,347,607,208,595,412,425,1129,1381,2549,502,856,212,1022,854,159,469,1016,594,184,658,390,713,888,632,970,344,603
532,432,202,113,544,116,486,127,148,222,461,588,924,307,265,286,376,929,254,75,295,466,304,208,318,131,333,229,255,595,782,1414,283,471,90,526,486,83,236,619,345,102,414,201,413,494,318,573,173,361
67,47,22,8,62,12,65,24,25,30,60,64,118,42,25,25,48,97,75,7,28,73,29,26,43,12,35,26,34,76,104,162,36,70,7,65,55,9,43,63,37,16,59,31,55,61,30,84,22,44
348,207,91,32,251,53,244,94,89,137,231,305,520,201,158,152,211,527,295,28,85,274,143,120,188,69,176,123,135,312,417,780,139,257,58,286,271,59,146,282,144,59,193,78,219,253,176,272,97,215
561,449,218,99,516,107,494,149,171,211,462,620,948,341,303,327,347,972,466,73,274,233,327,219,356,153,355,253,283,662,797,1426,309,507,121,536,486,77,253,601,334,124,430,196,427,483,320,553,193,336
372,264,104,55,313,55,276,95,97,113,281,340,499,203,142,158,213,515,304,29,143,327,102,129,198,78,205,136,149,332,445,828,154,288,64,309,286,56,166,327,186,49,217,121,251,266,189,298,104,206
229,195,77,35,223,35,185,64,70,91,175,211,343,138,114,133,150,347,208,26,120,219,129,34,121,60,134,86,99,277,298,557,112,182,45,210,164,27,121,244,135,46,147,82,163,178,137,203,76,118
377,284,131,49,357,71,322,113,115,140,276,334,605,214,177,193,248,607,318,43,188,356,198,121,91,68,180,134,148,405,514,935,171,323,53,333,290,54,171,330,224,49,261,139,236,278,200,336,122,218
146,111,35,24,134,28,135,46,47,55,104,137,216,97,72,72,91,208,131,12,69,153,78,60,68,23,80,48,68,134,200,334,57,91,24,116,127,33,73,131,78,31,91,46,110,110,88,120,46,100
390,289,96,66,346,89,349,116,114,137,274,384,620,229,187,211,259,595,333,35,176,355,205,134,180,80,111,151,143,437,513,898,183,305,69,351,340,72,199,370,253,66,270,143,258,289,232,372,125,236
296,179,83,49,226,59,223,81,84,77,187,248,428,160,125,142,168,412,229,26,123,253,136,86,134,48,151,51,131,268,374,659,124,225,57,254,220,44,113,233,148,48,198,68,174,183,132,251,91,154
317,213,121,49,268,62,273,82,102,120,224,275,440,155,137,150,180,425,255,34,135,283,149,99,148,68,143,131,65,293,368,645,133,239,61,240,250,29,130,286,161,47,218,96,200,217,162,266,100,202
625,565,246,96,635,128,599,189,215,258,517,734,1152,396,318,364,460,1129,595,76,312,662,332,277,405,134,437,268,293,377,951,1873,343,595,166,667,641,100,336,708,394,134,443,259,505,628,416,698,249,428
710,649,277,139,843,165,721,223,272,302,648,891,1422,470,381,469,540,1381,782,104,417,797,445,298,514,200,513,374,368,951,603,2181,433,710,151,779,728,129,383,843,510,149,562,310,627,713,487,785,292,485
1191,1257,552,205,1451,274,1324,436,459,564,1220,1592,2475,904,712,775,1022,2549,1414,162,780,1426,828,557,935,334,898,659,645,1873,2181,1944,734,1302,298,1493,1283,264,741,1574,991,282,1026,558,1133,1407,949,1435,513,923
280,249,120,42,297,56,240,78,86,104,221,302,498,186,122,154,202,502,283,36,139,309,154,112,171,57,183,124,133,343,433,734,70,275,70,287,258,44,135,282,201,45,187,107,206,269,191,310,107,176
499,377,200,87,463,105,434,129,143,169,421,512,858,319,241,271,356,856,471,70,257,507,288,182,323,91,305,225,239,595,710,1302,275,235,99,495,479,84,252,521,318,105,361,168,391,419,288,458,185,346
114,90,40,17,120,26,106,29,36,53,123,124,228,65,54,71,94,212,90,7,58,121,64,45,53,24,69,57,61,166,151,298,70,99,14,110,104,15,54,131,77,20,85,46,98,92,71,111,38,97
557,452,207,85,504,122,527,171,180,201,425,635,1005,340,270,283,365,1022,526,65,286,536,309,210,333,116,351,254,240,667,779,1493,287,495,110,288,484,84,262,579,353,110,398,184,415,485,314,549,183,385
460,411,199,78,449,95,484,135,166,182,396,528,869,315,233,255,369,854,486,55,271,486,286,164,290,127,340,220,250,641,728,1283,258,479,104,484,207,84,254,510,330,102,363,176,388,397,272,469,182,319
75,69,38,18,90,24,89,23,28,37,64,111,183,47,31,43,68,159,83,9,59,77,56,27,54,33,72,44,29,100,129,264,44,84,15,84,84,8,39,124,59,21,77,37,71,109,51,77,28,54
222,233,90,44,257,49,250,86,69,108,223,288,466,181,129,131,163,469,236,43,146,253,166,121,171,73,199,113,130,336,383,741,135,252,54,262,254,39,60,265,152,56,190,92,231,247,157,252,107,166
493,484,203,96,573,108,541,147,171,189,426,648,1033,364,268,308,409,1016,619,63,282,601,327,244,330,131,370,233,286,708,843,1574,282,521,131,579,510,124,265,275,368,111,394,208,432,493,333,565,208,341
309,267,109,46,339,83,351,91,103,123,285,392,629,224,162,192,254,594,345,37,144,334,186,135,224,78,253,148,161,394,510,991,201,318,77,353,330,59,152,368,127,60,275,149,253,347,218,355,137,229
138,83,28,15,90,21,98,33,35,37,84,112,169,64,60,62,74,184,102,16,59,124,49,46,49,31,66,48,47,134,149,282,45,105,20,110,102,21,56,111,60,11,66,25,66,88,55,99,25,74
373,330,141,77,399,92,362,113,119,157,333,446,689,261,199,214,294,658,414,59,193,430,217,147,261,91,270,198,218,443,562,1026,187,361,85,398,363,77,190,394,275,66,135,147,312,380,286,391,152,257
189,167,83,25,197,34,165,53,66,71,152,205,383,102,98,96,124,390,201,31,78,196,121,82,139,46,143,68,96,259,310,558,107,168,46,184,176,37,92,208,149,25,147,36,143,166,128,186,80,118
483,365,164,67,429,89,407,130,141,165,330,429,718,279,237,256,295,713,413,55,219,427,251,163,236,110,258,174,200,505,627,1133,206,391,98,415,388,71,231,432,253,66,312,143,188,340,270,426,180,242
429,384,182,78,493,96,453,110,150,188,409,514,871,277,228,254,355,888,494,61,253,483,266,178,278,110,289,183,217,628,713,1407,269,419,92,485,397,109,247,493,347,88,380,166,340,225,268,479,171,283
346,275,141,48,286,54,299,98,81,121,249,342,621,203,179,194,208,632,318,30,176,320,189,137,200,88,232,132,162,416,487,949,191,288,71,314,272,51,157,333,218,55,286,128,270,268,91,367,142,205
481,427,201,95,508,121,488,138,186,221,437,588,982,341,262,289,393,970,573,84,272,553,298,203,336,120,372,251,266,698,785,1435,310,458,111,549,469,77,252,565,355,99,391,186,426,479,367,265,183,313
178,193,77,31,215,35,174,50,55,79,157,202,331,126,92,110,149,344,173,22,97,193,104,76,122,46,125,91,100,249,292,513,107,185,38,183,182,28,107,208,137,25,152,80,180,171,142,183,33,137
389,272,138,54,321,82,299,108,95,141,285,377,593,220,191,191,236,603,361,44,215,336,206,118,218,100,236,154,202,428,485,923,176,346,97,385,319,54,166,341,229,74,257,118,242,283,205,313,137,113
