279,473,221,89,555,113,458,165,170,250,435,487,870,377,315,328,380,826,526,81,313,557,368,198,332,140,365,271,289,589,716,1199,257,484,108,530,502,88,265,459,343,104,367,170,448,440,306,520,166,380
473,172,163,84,421,105,433,130,144,154,345,474,785,314,228,233,326,779,432,33,224,461,223,170,253,106,280,204,222,505,659,1258,216,370,89,426,409,67,208,487,271,91,343,161,335,398,242,462,147,290
221,163,36,41,217,53,201,48,69,63,192,231,337,126,75,104,125,361,195,27,123,213,95,96,138,55,130,80,95,231,266,545,98,185,43,180,190,37,103,190,136,32,164,78,149,197,107,210,81,117
89,84,41,13,86,27,81,26,33,27,57,98,148,50,52,56,71,136,103,11,52,90,51,29,64,29,68,48,46,103,147,196,50,73,17,77,74,9,45,95,55,17,65,38,69,86,53,85,33,65
555,421,217,86,253,111,480,139,161,228,414,597,954,316,265,294,379,956,550,60,297,501,283,210,291,132,330,222,252,608,799,1442,299,443,117,541,454,92,248,524,314,88,419,172,413,490,290,507,184,364
113,105,53,27,111,13,113,33,39,31,80,122,183,72,67,78,80,182,123,16,55,118,49,44,80,36,81,60,57,146,167,271,51,111,26,135,104,12,54,137,62,38,75,49,95,104,83,113,38,72
458,433,201,81,480,113,212,142,159,184,392,533,865,302,263,281,376,868,521,59,256,472,294,196,320,135,353,230,244,608,731,1308,244,411,91,498,438,71,243,553,307,103,380,187,380,443,301,475,156,335
165,130,48,26,139,33,142,21,47,68,124,168,282,113,90,97,116,277,115,12,78,133,87,67,92,40,91,66,71,169,204,431,98,158,34,145,139,30,73,146,104,29,118,49,95,123,89,165,52,117
170,144,69,33,161,39,159,47,23,56,113,179,290,119,83,102,125,286,181,20,81,145,96,72,84,46,101,80,85,225,255,416,89,150,37,185,159,30,79,184,108,26,128,62,122,158,101,180,53,90
250,154,63,27,228,31,184,68,56,51,164,231,311,137,112,112,159,319,225,24,113,211,123,99,142,51,137,98,140,255,316,536,109,219,37,242,202,45,108,205,143,56,140,68,168,188,109,225,73,148
435,345,192,57,414,80,392,124,113,164,174,482,751,283,212,253,291,755,451,47,256,439,252,171,266,120,295,196,239,535,635,1156,221,408,97,431,384,69,206,425,283,102,290,149,354,369,248,470,142,289
487,474,231,98,597,122,533,168,179,231,482,314,951,354,316,308,414,968,585,72,301,599,315,229,378,131,384,281,287,698,794,1652,299,542,141,577,548,98,273,586,370,98,407,208,491,521,357,622,223,390
870,785,337,148,954,183,865,282,290,311,751,951,796,575,447,489,659,1456,936,111,511,960,535,339,623,220,620,417,450,1187,1395,2459,471,817,217,992,830,147,438,982,564,195,659,378,779,794,581,950,286,608
377,314,126,50,316,72,302,113,119,137,283,354,575,105,159,201,253,591,368,34,173,347,204,143,234,85,234,150,167,374,512,907,150,295,59,340,291,56,182,353,221,64,264,129,264,290,178,350,109,229
315,228,75,52,265,67,263,90,83,112,212,316,447,159,68,128,187,479,256,23,137,251,159,106,165,74,170,110,132,311,336,706,120,277,62,253,248,41,137,268,173,43,223,119,184,248,153,289,95,207
328,233,104,56,294,78,281,97,102,112,253,308,489,201,128,75,200,531,248,27,153,278,155,113,176,79,189,110,130,343,440,826,154,295,68,263,275,36,165,294,180,51,227,113,224,261,172,284,101,196
380,326,125,71,379,80,376,116,125,159,291,414,659,253,187,200,133,668,388,40,199,392,219,155,247,94,242,150,177,464,569,1049,207,364,82,388,341,61,200,408,254,82,278,129,310,309,217,375,129,238
826,779,361,136,956,182,868,277,286,319,755,968,1456,591,479,531,668,824,936,101,513,984,541,374,603,224,638,408,480,1193,1339,2460,492,806,217,949,801,146,462,943,560,194,706,340,756,796,590,947,311,595
526,432,195,103,550,123,521,115,181,225,451,585,936,368,256,248,388,936,252,58,278,486,285,211,322,132,331,226,255,618,751,1454,272,456,130,521,512,71,230,546,311,105,375,188,427,455,318,529,206,343
81,33,27,11,60,16,59,12,20,24,47,72,111,34,23,27,40,101,58,3,41,56,25,27,33,10,32,21,24,84,97,177,39,57,16,74,54,11,30,54,35,9,51,25,52,69,42,66,19,39
313,224,123,52,297,55,256,78,81,113,256,301,511,173,137,153,199,513,278,41,82,268,165,113,184,65,167,127,132,334,419,782,126,248,51,289,252,49,113,291,174,47,210,105,215,230,167,292,108,186
557,461,213,90,501,118,472,133,145,211,439,599,960,347,251,278,392,984,486,56,268,259,296,234,315,149,356,212,255,648,726,1487,288,462,116,549,518,83,258,555,350,100,391,171,413,459,301,527,196,347
368,223,95,51,283,49,294,87,96,123,252,315,535,204,159,155,219,541,285,25,165,296,75,99,190,57,178,144,154,374,421,813,160,253,61,309,276,61,138,322,193,66,246,119,230,275,194,290,107,210
198,170,96,29,210,44,196,67,72,99,171,229,339,143,106,113,155,374,211,27,113,234,99,41,136,57,142,99,94,238,307,536,89,173,32,199,194,31,99,205,137,43,158,74,163,164,121,216,57,128
332,253,138,64,291,80,320,92,84,142,266,378,623,234,165,176,247,603,322,33,184,315,190,136,100,88,219,176,171,405,506,994,178,298,82,343,311,55,154,346,221,86,277,138,245,282,187,356,125,252
140,106,55,29,132,36,135,40,46,51,120,131,220,85,74,79,94,224,132,10,65,149,57,57,88,16,78,59,59,145,183,352,61,120,35,115,125,13,79,124,96,28,85,38,99,107,80,113,38,74
365,280,130,68,330,81,353,91,101,137,295,384,620,234,170,189,242,638,331,32,167,356,178,142,219,78,113,153,170,416,495,1021,165,303,86,314,314,58,178,343,232,63,258,124,263,288,199,318,108,227
271,204,80,48,222,60,230,66,80,98,196,281,417,150,110,110,150,408,226,21,127,212,144,99,176,59,153,58,128,289,336,646,132,213,46,237,211,37,104,242,156,51,173,88,195,224,151,247,86,156
289,222,95,46,252,57,244,71,85,140,239,287,450,167,132,130,177,480,255,24,132,255,154,94,171,59,170,128,58,329,350,711,139,227,53,270,232,34,117,266,144,43,211,82,191,213,153,279,95,201
589,505,231,103,608,146,608,169,225,255,535,698,1187,374,311,343,464,1193,618,84,334,648,374,238,405,145,416,289,329,376,992,1812,373,614,156,679,565,113,303,634,368,126,528,219,493,572,385,644,259,415
716,659,266,147,799,167,731,204,255,316,635,794,1395,512,336,440,569,1339,751,97,419,726,421,307,506,183,495,336,350,992,590,2118,415,747,158,816,700,112,386,819,477,154,580,265,608,693,438,794,259,534
1199,1258,545,196,1442,271,1308,431,416,536,1156,1652,2459,907,706,826,1049,2460,1454,177,782,1487,813,536,994,352,1021,646,711,1812,2118,1844,703,1247,318,1533,1326,275,718,1565,943,300,1073,545,1231,1326,915,1433,473,969
257,216,98,50,299,51,244,98,89,109,221,299,471,150,120,154,207,492,272,39,126,288,160,89,178,61,165,132,139,373,415,703,72,254,60,325,241,52,141,287,183,48,200,114,237,274,189,270,108,187
484,370,185,73,443,111,411,158,150,219,408,542,817,295,277,295,364,806,456,57,248,462,253,173,298,120,303,213,227,614,747,1247,254,212,101,513,399,82,246,530,322,96,358,178,351,432,264,450,136,318
108,89,43,17,117,26,91,34,37,37,97,141,217,59,62,68,82,217,130,16,51,116,61,32,82,35,86,46,53,156,158,318,60,101,10,116,87,11,58,115,72,29,97,54,91,115,74,107,35,64
530,426,180,77,541,135,498,145,185,242,431,577,992,340,253,263,388,949,521,74,289,549,309,199,343,115,314,237,270,679,816,1533,325,513,116,280,482,86,271,571,359,105,422,188,407,480,315,572,199,342
502,409,190,74,454,104,438,139,159,202,384,548,830,291,248,275,341,801,512,54,252,518,276,194,311,125,314,211,232,565,700,1326,241,399,87,482,256,73,249,527,323,95,360,197,376,431,277,464,165,342
88,67,37,9,92,12,71,30,30,45,69,98,147,56,41,36,61,146,71,11,49,83,61,31,55,13,58,37,34,113,112,275,52,82,11,86,73,8,43,90,56,25,66,30,70,83,65,78,35,63
265,208,103,45,248,54,243,73,79,108,206,273,438,182,137,165,200,462,230,30,113,258,138,99,154,79,178,104,117,303,386,718,141,246,58,271,249,43,60,276,160,61,194,106,200,226,154,273,94,183
459,487,190,95,524,137,553,146,184,205,425,586,982,353,268,294,408,943,546,54,291,555,322,205,346,124,343,242,266,634,819,1565,287,530,115,571,527,90,276,291,335,132,403,195,397,485,337,531,201,366
343,271,136,55,314,62,307,104,108,143,283,370,564,221,173,180,254,560,311,35,174,350,193,137,221,96,232,156,144,368,477,943,183,322,72,359,323,56,160,335,96,74,245,121,244,326,209,337,125,236
104,91,32,17,88,38,103,29,26,56,102,98,195,64,43,51,82,194,105,9,47,100,66,43,86,28,63,51,43,126,154,300,48,96,29,105,95,25,61,132,74,8,79,36,73,104,64,112,32,82
367,343,164,65,419,75,380,118,128,140,290,407,659,264,223,227,278,706,375,51,210,391,246,158,277,85,258,173,211,528,580,1073,200,358,97,422,360,66,194,403,245,79,139,158,323,343,270,395,166,258
170,161,78,38,172,49,187,49,62,68,149,208,378,129,119,113,129,340,188,25,105,171,119,74,138,38,124,88,82,219,265,545,114,178,54,188,197,30,106,195,121,36,158,27,149,190,115,201,82,124
448,335,149,69,413,95,380,95,122,168,354,491,779,264,184,224,310,756,427,52,215,413,230,163,245,99,263,195,191,493,608,1231,237,351,91,407,376,70,200,397,244,73,323,149,150,381,238,416,158,300
440,398,197,86,490,104,443,123,158,188,369,521,794,290,248,261,309,796,455,69,230,459,275,164,282,107,288,224,213,572,693,1326,274,432,115,480,431,83,226,485,326,104,343,190,381,205,293,498,190,310
306,242,107,53,290,83,301,89,101,109,248,357,581,178,153,172,217,590,318,42,167,301,194,121,187,80,199,151,153,385,438,915,189,264,74,315,277,65,154,337,209,64,270,115,238,293,100,315,117,211
520,462,210,85,507,113,475,165,180,225,470,622,950,350,289,284,375,947,529,66,292,527,290,216,356,113,318,247,279,644,794,1433,270,450,107,572,464,78,273,531,337,112,395,201,416,498,315,267,164,346
166,147,81,33,184,38,156,52,53,73,142,223,286,109,95,101,129,311,206,19,108,196,107,57,125,38,108,86,95,259,259,473,108,136,35,199,165,35,94,201,125,32,166,82,158,190,117,164,24,131
380,290,117,65,364,72,335,117,90,148,289,390,608,229,207,196,238,595,343,39,186,347,210,128,252,74,227,156,201,415,534,969,187,318,64,342,342,63,183,366,236,82,258,124,300,310,211,346,131,107
