243,454,204,86,460,105,446,170,152,246,411,495,833,365,305,331,364,792,524,73,306,526,350,233,368,149,360,298,311,660,704,1238,249,461,97,521,512,101,257,440,264,99,382,174,417,425,320,484,164,361
454,154,178,66,428,85,431,126,143,157,351,494,800,290,228,212,297,831,429,47,239,433,252,178,268,99,265,209,223,537,674,1229,241,386,106,429,413,66,227,446,299,93,344,174,370,390,265,446,177,274
204,178,36,29,199,46,193,69,71,98,187,252,384,119,99,108,139,387,187,18,118,198,118,84,141,46,142,84,99,253,317,609,125,174,47,189,174,37,107,234,134,49,145,78,162,169,143,200,71,142
86,66,29,6,82,17,71,25,31,34,73,80,154,69,48,48,51,149,102,9,56,76,58,34,59,21,57,49,52,113,127,233,38,76,11,91,75,13,28,71,50,21,54,23,59,67,50,86,40,60
460,428,199,82,247,106,474,153,181,228,415,596,901,334,272,288,367,923,525,67,293,557,304,197,350,118,334,244,250,644,758,1422,283,463,113,536,446,78,270,549,326,119,367,185,435,497,325,547,174,339
105,85,46,17,106,10,122,35,47,40,84,102,178,79,61,76,71,189,109,14,71,100,59,48,73,38,82,55,64,151,164,275,48,101,18,118,104,23,49,99,75,24,68,33,90,93,62,100,35,75
446,431,193,71,474,122,224,138,148,201,395,514,885,301,245,293,350,874,517,47,266,529,283,199,327,126,327,258,247,602,737,1367,255,440,108,513,464,81,220,524,307,103,377,177,368,434,292,483,176,327
170,126,69,25,153,35,138,22,59,68,141,172,263,89,89,93,116,249,183,23,74,184,92,56,96,37,93,70,67,167,238,420,85,145,40,160,149,18,60,148,104,29,125,60,114,155,100,152,61,101
152,143,71,31,181,47,148,59,35,69,137,198,300,115,86,95,120,308,174,23,87,177,99,68,107,41,114,69,80,214,252,497,97,190,39,169,175,24,100,170,125,35,102,63,131,156,102,160,62,116
246,157,98,34,228,40,201,68,69,25,151,183,378,129,110,121,151,363,199,26,116,215,113,82,132,51,134,100,114,237,300,546,103,203,45,213,211,34,110,211,143,45,158,80,179,185,138,192,51,148
411,351,187,73,415,84,395,141,137,151,184,446,757,292,220,263,305,723,413,60,234,435,267,178,289,110,296,185,208,510,619,1164,216,411,82,429,443,74,221,430,293,108,304,158,363,385,269,421,143,312
495,494,252,80,596,102,514,172,198,183,446,321,1019,362,286,284,377,1006,584,72,285,626,330,230,366,132,378,221,300,659,867,1575,321,517,121,586,521,79,298,621,416,108,427,194,460,563,376,590,222,364
833,800,384,154,901,178,885,263,300,378,757,1019,798,632,487,505,642,1388,955,115,523,990,548,355,601,225,623,420,454,1135,1393,2465,516,857,206,1037,813,144,463,972,596,190,706,362,732,805,631,902,339,629
365,290,119,69,334,79,301,89,115,129,292,362,632,96,170,194,242,606,325,37,177,363,210,152,211,84,204,167,173,369,507,938,169,349,71,340,342,54,155,353,210,58,255,120,262,322,185,330,129,222
305,228,99,48,272,61,245,89,86,110,220,286,487,170,74,138,185,481,277,32,162,289,156,117,174,59,170,123,140,326,415,755,151,254,75,297,259,43,156,296,188,54,204,86,227,260,166,285,106,185
331,212,108,48,288,76,293,93,95,121,263,284,505,194,138,86,194,517,297,36,152,310,139,116,181,71,200,145,147,370,433,814,159,278,73,289,276,43,150,317,202,62,237,113,241,270,177,331,100,199
364,297,139,51,367,71,350,116,120,151,305,377,642,242,185,194,151,658,379,33,206,393,243,147,222,109,264,170,190,490,584,1019,199,343,79,384,325,58,173,424,230,77,284,134,303,355,228,369,136,257
792,831,387,149,923,189,874,249,308,363,723,1006,1388,606,481,517,658,802,920,113,475,939,540,351,604,218,633,446,446,1137,1357,2403,473,849,191,1043,828,148,454,944,611,176,659,339,694,777,564,899,316,610
524,429,187,102,525,109,517,183,174,199,413,584,955,325,277,297,379,920,259,64,249,503,286,198,329,120,366,228,261,668,748,1446,283,478,117,536,474,101,276,556,340,106,385,181,441,476,333,559,182,342
73,47,18,9,67,14,47,23,23,26,60,72,115,37,32,36,33,113,64,4,30,62,31,16,50,22,45,22,31,77,99,178,37,59,13,72,56,11,31,72,45,10,51,26,55,76,28,58,30,33
306,239,118,56,293,71,266,74,87,116,234,285,523,177,162,152,206,475,249,30,73,272,159,110,210,72,169,117,142,359,409,801,165,251,67,265,266,42,129,292,171,58,223,85,235,262,159,268,116,186
526,433,198,76,557,100,529,184,177,215,435,626,990,363,289,310,393,939,503,62,272,250,309,214,327,120,353,233,260,701,746,1459,289,482,114,557,512,83,294,574,334,104,418,179,432,469,324,558,184,347
350,252,118,58,304,59,283,92,99,113,267,330,548,210,156,139,243,540,286,31,159,309,102,113,190,59,193,128,144,348,466,811,149,294,75,310,315,54,150,326,207,58,206,96,233,306,173,294,94,214
233,178,84,34,197,48,199,56,68,82,178,230,355,152,117,116,147,351,198,16,110,214,113,38,132,58,141,94,106,251,289,527,92,193,40,224,218,31,88,228,119,44,155,99,162,197,125,220,69,146
368,268,141,59,350,73,327,96,107,132,289,366,601,211,174,181,222,604,329,50,210,327,190,132,105,72,194,150,151,401,496,957,176,322,60,360,331,66,157,366,227,69,257,130,244,314,206,333,111,238
149,99,46,21,118,38,126,37,41,51,110,132,225,84,59,71,109,218,120,22,72,120,59,58,72,19,85,60,68,149,188,356,76,118,34,129,114,25,70,153,92,22,95,47,92,124,71,132,41,86
360,265,142,57,334,82,327,93,114,134,296,378,623,204,170,200,264,633,366,45,169,353,193,141,194,85,116,149,180,411,524,961,203,294,75,340,310,60,169,383,222,84,261,128,259,326,210,341,120,219
298,209,84,49,244,55,258,70,69,100,185,221,420,167,123,145,170,446,228,22,117,233,128,94,150,60,149,57,120,298,351,698,134,234,63,231,234,41,125,264,145,36,181,85,186,236,145,253,102,168
311,223,99,52,250,64,247,67,80,114,208,300,454,173,140,147,190,446,261,31,142,260,144,106,151,68,180,120,53,301,390,736,132,235,49,289,280,45,112,245,163,54,205,85,205,237,161,273,73,180
660,537,253,113,644,151,602,167,214,237,510,659,1135,369,326,370,490,1137,668,77,359,701,348,251,401,149,411,298,301,395,946,1799,355,575,144,699,578,99,322,673,424,146,486,238,512,605,406,633,241,396
704,674,317,127,758,164,737,238,252,300,619,867,1393,507,415,433,584,1357,748,99,409,746,466,289,496,188,524,351,390,946,553,2095,403,709,162,860,722,125,406,815,499,151,543,254,599,670,479,805,265,538
1238,1229,609,233,1422,275,1367,420,497,546,1164,1575,2465,938,755,814,1019,2403,1446,178,801,1459,811,527,957,356,961,698,736,1799,2095,1902,744,1333,341,1568,1322,245,701,1453,959,282,1076,555,1147,1242,916,1391,508,949
249,241,125,38,283,48,255,85,97,103,216,321,516,169,151,159,199,473,283,37,165,289,149,92,176,76,203,134,132,355,403,744,75,229,61,310,265,56,145,299,183,44,218,99,219,256,185,292,93,169
461,386,174,76,463,101,440,145,190,203,411,517,857,349,254,278,343,849,478,59,251,482,294,193,322,118,294,234,235,575,709,1333,229,220,103,494,446,88,226,492,305,80,341,168,423,434,299,482,204,322
97,106,47,11,113,18,108,40,39,45,82,121,206,71,75,73,79,191,117,13,67,114,75,40,60,34,75,63,49,144,162,341,61,103,9,131,94,18,62,123,62,22,93,52,86,106,68,130,39,72
521,429,189,91,536,118,513,160,169,213,429,586,1037,340,297,289,384,1043,536,72,265,557,310,224,360,129,340,231,289,699,860,1568,310,494,131,267,487,95,262,599,318,97,415,190,413,522,355,537,198,338
512,413,174,75,446,104,464,149,175,211,443,521,813,342,259,276,325,828,474,56,266,512,315,218,331,114,310,234,280,578,722,1322,265,446,94,487,236,76,231,480,279,89,332,149,419,430,321,477,182,328
101,66,37,13,78,23,81,18,24,34,74,79,144,54,43,43,58,148,101,11,42,83,54,31,66,25,60,41,45,99,125,245,56,88,18,95,76,6,36,94,42,19,60,31,71,65,46,80,30,53
257,227,107,28,270,49,220,60,100,110,221,298,463,155,156,150,173,454,276,31,129,294,150,88,157,70,169,125,112,322,406,701,145,226,62,262,231,36,56,288,177,50,200,99,214,243,190,258,107,187
440,446,234,71,549,99,524,148,170,211,430,621,972,353,296,317,424,944,556,72,292,574,326,228,366,153,383,264,245,673,815,1453,299,492,123,599,480,94,288,298,349,108,414,202,422,475,342,523,175,360
264,299,134,50,326,75,307,104,125,143,293,416,596,210,188,202,230,611,340,45,171,334,207,119,227,92,222,145,163,424,499,959,183,305,62,318,279,42,177,349,120,67,228,109,263,317,244,356,124,204
99,93,49,21,119,24,103,29,35,45,108,108,190,58,54,62,77,176,106,10,58,104,58,44,69,22,84,36,54,146,151,282,44,80,22,97,89,19,50,108,67,9,86,31,78,96,70,98,32,61
382,344,145,54,367,68,377,125,102,158,304,427,706,255,204,237,284,659,385,51,223,418,206,155,257,95,261,181,205,486,543,1076,218,341,93,415,332,60,200,414,228,86,131,117,332,361,246,374,134,255
174,174,78,23,185,33,177,60,63,80,158,194,362,120,86,113,134,339,181,26,85,179,96,99,130,47,128,85,85,238,254,555,99,168,52,190,149,31,99,202,109,31,117,36,141,173,123,201,64,128
417,370,162,59,435,90,368,114,131,179,363,460,732,262,227,241,303,694,441,55,235,432,233,162,244,92,259,186,205,512,599,1147,219,423,86,413,419,71,214,422,263,78,332,141,156,398,226,455,132,281
425,390,169,67,497,93,434,155,156,185,385,563,805,322,260,270,355,777,476,76,262,469,306,197,314,124,326,236,237,605,670,1242,256,434,106,522,430,65,243,475,317,96,361,173,398,230,290,509,188,313
320,265,143,50,325,62,292,100,102,138,269,376,631,185,166,177,228,564,333,28,159,324,173,125,206,71,210,145,161,406,479,916,185,299,68,355,321,46,190,342,244,70,246,123,226,290,91,327,124,218
484,446,200,86,547,100,483,152,160,192,421,590,902,330,285,331,369,899,559,58,268,558,294,220,333,132,341,253,273,633,805,1391,292,482,130,537,477,80,258,523,356,98,374,201,455,509,327,261,219,361
164,177,71,40,174,35,176,61,62,51,143,222,339,129,106,100,136,316,182,30,116,184,94,69,111,41,120,102,73,241,265,508,93,204,39,198,182,30,107,175,124,32,134,64,132,188,124,219,34,109
361,274,142,60,339,75,327,101,116,148,312,364,629,222,185,199,257,610,342,33,186,347,214,146,238,86,219,168,180,396,538,949,169,322,72,338,328,53,187,360,204,61,255,128,281,313,218,361,109,120
