282,450,188,87,510,124,504,181,182,243,466,533,796,369,340,373,386,801,495,77,340,503,328,206,383,152,357,280,286,663,702,1222,247,496,109,545,509,77,278,467,292,104,362,183,462,442,335,499,192,393
450,188,149,76,454,104,402,129,134,189,357,468,789,286,208,239,342,783,469,53,237,438,268,157,261,125,282,170,228,512,670,1193,245,403,103,430,389,78,206,494,310,84,319,146,287,424,250,456,154,323
188,149,42,30,207,45,195,62,61,76,173,230,357,117,104,102,147,355,208,29,107,189,134,74,137,56,134,83,111,251,298,566,131,194,41,195,173,37,89,197,121,48,164,83,147,183,132,193,77,147
87,76,30,8,79,16,94,26,24,29,58,91,170,69,49,55,66,170,103,14,42,89,42,27,49,22,55,39,51,119,125,225,47,77,23,88,83,23,38,85,54,14,77,23,64,67,54,93,31,56
510,454,207,79,272,126,509,167,175,210,436,573,897,362,282,268,343,873,509,59,291,524,326,197,344,110,337,265,275,658,776,1384,281,495,120,517,446,84,257,539,377,109,395,182,425,438,298,506,194,382
124,104,45,16,126,5,121,37,33,46,92,106,181,91,72,71,86,197,140,21,69,122,62,35,72,30,84,47,59,128,177,280,53,98,26,124,113,23,54,123,80,31,85,36,88,93,71,121,45,86
504,402,195,94,509,121,224,158,152,198,417,507,856,314,256,283,374,857,496,56,254,497,284,177,322,142,322,235,274,603,718,1284,271,472,119,527,467,101,233,520,319,100,345,170,372,417,296,495,174,326
181,129,62,26,167,37,158,21,57,68,145,168,279,98,84,77,113,279,150,17,79,165,98,54,109,35,90,73,94,176,213,425,67,150,35,139,140,38,66,162,98,26,109,57,141,129,95,166,52,112
182,134,61,24,175,33,152,57,27,56,134,190,296,119,91,87,139,283,170,17,87,191,108,71,117,41,100,86,80,220,257,466,90,150,31,177,136,30,86,185,116,28,113,64,153,160,108,171,63,118
243,189,76,29,210,46,198,68,56,44,152,228,349,130,112,129,147,357,214,27,124,191,119,72,134,44,125,105,97,243,314,543,99,204,57,214,199,34,115,215,124,36,164,95,188,200,135,237,73,154
466,357,173,58,436,92,417,145,134,152,163,465,723,274,255,282,323,732,452,59,251,434,274,161,267,100,270,223,220,483,674,1108,220,419,97,448,409,65,220,461,278,99,307,190,370,360,287,476,160,297
533,468,230,91,573,106,507,168,190,228,465,316,1002,365,305,338,392,1001,575,65,291,590,306,220,325,125,360,236,273,654,865,1614,299,519,105,597,579,89,255,574,384,100,418,230,446,561,365,582,185,362
796,789,357,170,897,181,856,279,296,349,723,1002,848,588,474,504,686,1529,916,100,519,948,541,371,577,217,575,431,435,1174,1337,2514,478,843,194,974,843,146,451,936,559,172,695,343,704,807,604,905,328,608
369,286,117,69,362,91,314,98,119,130,274,365,588,109,148,164,206,590,347,44,163,304,181,116,196,79,196,176,166,399,467,948,195,314,68,309,330,57,160,374,201,64,267,128,260,287,178,348,125,217
340,208,104,49,282,72,256,84,91,112,255,305,474,148,65,108,217,471,283,39,142,268,160,100,152,67,171,129,111,343,402,721,137,261,62,294,254,43,148,310,170,47,223,114,187,237,165,294,83,177
373,239,102,55,268,71,283,77,87,129,282,338,504,164,108,78,213,487,299,37,132,299,162,107,190,65,186,114,129,365,416,787,146,286,64,315,288,34,139,310,173,45,228,93,209,264,180,286,83,200
386,342,147,66,343,86,374,113,139,147,323,392,686,206,217,213,145,623,342,42,198,365,238,148,268,111,266,181,182,445,544,988,189,352,90,365,353,62,178,409,251,65,249,133,323,334,238,403,126,266
801,783,355,170,873,197,857,279,283,357,732,1001,1529,590,471,487,623,829,896,112,526,948,529,359,585,202,592,453,450,1139,1361,2442,458,844,208,963,848,153,447,992,584,172,692,344,762,844,593,941,316,595
495,469,208,103,509,140,496,150,170,214,452,575,916,347,283,299,342,896,280,63,284,541,287,223,365,116,340,241,241,618,777,1421,288,488,123,521,533,77,242,568,350,104,373,177,404,465,306,548,196,314
77,53,29,14,59,21,56,17,17,27,59,65,100,44,39,37,42,112,63,3,35,59,44,29,45,14,44,45,32,77,83,176,40,66,19,58,85,9,24,69,38,12,52,20,68,62,43,62,34,40
340,237,107,42,291,69,254,79,87,124,251,291,519,163,142,132,198,526,284,35,88,294,169,116,189,66,185,120,132,334,452,832,153,254,81,279,279,37,138,289,150,58,190,91,230,308,173,315,118,189
503,438,189,89,524,122,497,165,191,191,434,590,948,304,268,299,365,948,541,59,294,259,281,192,340,117,342,268,259,666,781,1430,289,476,117,540,528,92,277,539,365,119,374,197,408,444,291,557,215,356
328,268,134,42,326,62,284,98,108,119,274,306,541,181,160,162,238,529,287,44,169,281,87,121,178,91,241,139,160,401,443,838,167,285,69,317,276,54,139,306,189,64,240,117,236,272,195,306,129,190
206,157,74,27,197,35,177,54,71,72,161,220,371,116,100,107,148,359,223,29,116,192,121,28,133,59,127,89,119,246,306,549,118,190,44,224,180,23,106,211,127,50,121,77,134,165,108,208,74,145
383,261,137,49,344,72,322,109,117,134,267,325,577,196,152,190,268,585,365,45,189,340,178,133,107,83,221,155,165,425,486,929,177,299,89,363,304,56,164,368,215,74,265,151,257,298,195,372,116,219
152,125,56,22,110,30,142,35,41,44,100,125,217,79,67,65,111,202,116,14,66,117,91,59,83,16,70,49,66,168,177,386,67,120,31,140,118,14,62,157,104,13,96,50,95,116,65,142,51,81
357,282,134,55,337,84,322,90,100,125,270,360,575,196,171,186,266,592,340,44,185,342,241,127,221,70,112,147,171,437,504,982,188,316,85,353,320,44,151,400,207,65,242,133,269,308,199,374,125,206
280,170,83,39,265,47,235,73,86,105,223,236,431,176,129,114,181,453,241,45,120,268,139,89,155,49,147,50,110,310,363,655,113,213,57,260,222,39,115,226,157,50,177,84,175,223,162,271,101,166
286,228,111,51,275,59,274,94,80,97,220,273,435,166,111,129,182,450,241,32,132,259,160,119,165,66,171,110,64,337,365,706,134,246,62,267,231,40,155,265,167,56,175,96,201,215,131,273,93,180
663,512,251,119,658,128,603,176,220,243,483,654,1174,399,343,365,445,1139,618,77,334,666,401,246,425,168,437,310,337,413,992,1785,345,564,144,691,603,100,311,681,429,128,516,249,525,579,401,659,227,420
702,670,298,125,776,177,718,213,257,314,674,865,1337,467,402,416,544,1361,777,83,452,781,443,306,486,177,504,363,365,992,588,2092,417,719,172,841,713,123,359,846,521,154,550,295,617,690,481,751,278,522
1222,1193,566,225,1384,280,1284,425,466,543,1108,1614,2514,948,721,787,988,2442,1421,176,832,1430,838,549,929,386,982,655,706,1785,2092,1958,743,1358,274,1478,1317,224,666,1458,894,265,1034,546,1100,1277,866,1428,517,982
247,245,131,47,281,53,271,67,90,99,220,299,478,195,137,146,189,458,288,40,153,289,167,118,177,67,188,113,134,345,417,743,56,242,58,285,250,50,126,309,171,59,202,119,218,245,191,310,96,168
496,403,194,77,495,98,472,150,150,204,419,519,843,314,261,286,352,844,488,66,254,476,285,190,299,120,316,213,246,564,719,1358,242,234,107,491,454,90,241,482,315,108,348,163,407,448,307,471,170,330
109,103,41,23,120,26,119,35,31,57,97,105,194,68,62,64,90,208,123,19,81,117,69,44,89,31,85,57,62,144,172,274,58,107,11,115,114,22,56,122,82,28,93,49,100,115,69,124,39,78
545,430,195,88,517,124,527,139,177,214,448,597,974,309,294,315,365,963,521,58,279,540,317,224,363,140,353,260,267,691,841,1478,285,491,115,284,515,92,235,567,356,108,355,207,458,535,340,546,202,386
509,389,173,83,446,113,467,140,136,199,409,579,843,330,254,288,353,848,533,85,279,528,276,180,304,118,320,222,231,603,713,1317,250,454,114,515,230,70,232,493,294,95,370,176,378,428,301,483,167,320
77,78,37,23,84,23,101,38,30,34,65,89,146,57,43,34,62,153,77,9,37,92,54,23,56,14,44,39,40,100,123,224,50,90,22,92,70,8,48,93,62,17,72,40,64,79,50,93,34,62
278,206,89,38,257,54,233,66,86,115,220,255,451,160,148,139,178,447,242,24,138,277,139,106,164,62,151,115,155,311,359,666,126,241,56,235,232,48,50,249,157,48,189,102,222,209,158,260,80,176
467,494,197,85,539,123,520,162,185,215,461,574,936,374,310,310,409,992,568,69,289,539,306,211,368,157,400,226,265,681,846,1458,309,482,122,567,493,93,249,295,358,106,393,197,394,494,352,531,197,366
292,310,121,54,377,80,319,98,116,124,278,384,559,201,170,173,251,584,350,38,150,365,189,127,215,104,207,157,167,429,521,894,171,315,82,356,294,62,157,358,122,64,273,122,234,308,202,304,127,236
104,84,48,14,109,31,100,26,28,36,99,100,172,64,47,45,65,172,104,12,58,119,64,50,74,13,65,50,56,128,154,265,59,108,28,108,95,17,48,106,64,11,79,37,89,91,67,106,35,58
362,319,164,77,395,85,345,109,113,164,307,418,695,267,223,228,249,692,373,52,190,374,240,121,265,96,242,177,175,516,550,1034,202,348,93,355,370,72,189,393,273,79,143,151,303,377,263,386,140,247
183,146,83,23,182,36,170,57,64,95,190,230,343,128,114,93,133,344,177,20,91,197,117,77,151,50,133,84,96,249,295,546,119,163,49,207,176,40,102,197,122,37,151,35,160,170,131,198,83,139
462,287,147,64,425,88,372,141,153,188,370,446,704,260,187,209,323,762,404,68,230,408,236,134,257,95,269,175,201,525,617,1100,218,407,100,458,378,64,222,394,234,89,303,160,161,363,245,427,161,260
442,424,183,67,438,93,417,129,160,200,360,561,807,287,237,264,334,844,465,62,308,444,272,165,298,116,308,223,215,579,690,1277,245,448,115,535,428,79,209,494,308,91,377,170,363,215,315,460,167,305
335,250,132,54,298,71,296,95,108,135,287,365,604,178,165,180,238,593,306,43,173,291,195,108,195,65,199,162,131,401,481,866,191,307,69,340,301,50,158,352,202,67,263,131,245,315,88,379,129,212
499,456,193,93,506,121,495,166,171,237,476,582,905,348,294,286,403,941,548,62,315,557,306,208,372,142,374,271,273,659,751,1428,310,471,124,546,483,93,260,531,304,106,386,198,427,460,379,278,204,350
192,154,77,31,194,45,174,52,63,73,160,185,328,125,83,83,126,316,196,34,118,215,129,74,116,51,125,101,93,227,278,517,96,170,39,202,167,34,80,197,127,35,140,83,161,167,129,204,25,104
393,323,147,56,382,86,326,112,118,154,297,362,608,217,177,200,266,595,314,40,189,356,190,145,219,81,206,166,180,420,522,982,168,330,78,386,320,62,176,366,236,58,247,139,260,305,212,350,104,115
