258,458,204,94,495,109,483,183,178,239,465,471,798,359,337,309,350,809,520,62,319,533,384,179,388,154,370,275,291,608,717,1201,225,449,99,493,459,91,253,437,297,106,335,184,441,410,341,486,188,360
458,179,174,74,469,108,444,122,137,180,381,503,816,306,246,259,304,802,440,54,226,449,266,196,274,105,281,205,220,552,658,1273,229,417,106,478,432,72,205,477,292,82,357,142,374,434,291,462,156,283
204,174,41,38,203,48,197,62,76,85,186,199,378,122,95,90,155,396,224,31,102,255,127,98,147,53,148,106,108,259,349,580,117,158,54,190,216,24,107,224,133,46,133,79,186,185,134,204,87,143
94,74,38,7,73,16,73,31,21,31,54,100,153,46,45,63,62,152,93,8,48,85,49,44,68,24,74,49,54,110,134,206,43,72,27,94,87,21,52,85,62,20,75,29,62,76,54,81,21,61
495,469,203,73,255,114,491,154,168,222,447,588,953,325,227,271,358,889,566,59,287,554,273,194,328,140,343,240,260,656,757,1439,262,475,128,520,481,70,239,539,354,113,385,192,412,461,296,519,157,344
109,108,48,16,114,6,83,43,32,45,80,127,201,56,67,77,95,213,134,13,63,102,78,37,88,29,77,54,60,139,179,280,75,101,25,114,117,26,61,121,72,25,91,37,87,109,69,112,40,78
483,444,197,73,491,83,242,143,154,194,399,508,887,294,275,287,350,919,534,57,261,505,294,189,341,124,332,231,226,616,736,1357,259,461,127,518,445,102,251,534,338,111,386,182,396,451,329,505,194,359
183,122,62,31,154,43,143,26,45,61,126,162,273,98,76,71,98,264,157,12,80,142,101,47,101,36,82,77,73,185,220,427,73,162,43,159,153,26,70,165,99,32,133,56,108,148,95,169,58,104
178,137,76,21,168,32,154,45,27,60,140,184,315,109,106,115,123,299,191,23,81,193,107,69,109,34,108,70,82,235,249,458,87,125,32,162,158,26,77,177,112,37,136,61,147,155,103,182,72,127
239,180,85,31,222,45,194,61,60,47,154,222,357,139,113,123,145,345,208,29,118,221,129,91,140,62,168,124,118,261,311,561,130,180,43,213,195,38,107,206,137,40,166,82,198,187,142,215,84,127
465,381,186,54,447,80,399,126,140,154,160,465,748,302,240,272,307,775,418,58,233,443,245,156,282,121,315,198,215,524,647,1207,248,402,102,434,385,77,217,439,273,83,317,158,371,416,284,419,147,278
471,503,199,100,588,127,508,162,184,222,465,343,972,360,283,288,392,1032,532,68,322,559,358,246,365,152,359,248,289,733,846,1530,253,499,126,607,508,85,269,637,383,98,414,198,424,531,371,563,172,349
798,816,378,153,953,201,887,273,315,357,748,972,814,587,466,499,674,1476,891,127,519,913,553,338,591,237,595,452,454,1137,1387,2396,466,879,207,1004,868,147,431,1014,627,165,659,343,729,833,569,920,303,584
359,306,122,46,325,56,294,98,109,139,302,360,587,103,180,191,246,582,329,35,164,341,191,144,236,83,241,151,180,396,474,952,181,295,83,365,335,57,159,384,206,67,259,127,246,286,213,331,124,234
337,246,95,45,227,67,275,76,106,113,240,283,466,180,78,141,216,480,291,27,134,285,154,114,175,72,147,125,138,332,379,747,136,270,43,261,274,56,137,307,154,41,217,106,214,229,157,281,123,170
309,259,90,63,271,77,287,71,115,123,272,288,499,191,141,75,206,547,288,35,149,302,181,123,186,73,177,146,148,356,392,780,151,285,55,287,285,52,119,323,176,51,227,114,225,239,182,291,124,174
350,304,155,62,358,95,350,98,123,145,307,392,674,246,216,206,113,649,349,46,200,358,223,152,278,119,266,193,192,441,547,1045,191,335,78,349,333,52,159,399,236,79,288,139,312,325,216,383,155,256
809,802,396,152,889,213,919,264,299,345,775,1032,1476,582,480,547,649,815,892,104,521,902,513,364,598,237,596,436,442,1077,1443,2444,496,874,208,1003,864,143,448,1023,650,174,689,364,721,863,606,933,325,600
520,440,224,93,566,134,534,157,191,208,418,532,891,329,291,288,349,892,246,73,299,489,314,216,368,160,373,216,266,645,751,1414,282,516,110,497,491,77,249,545,359,110,387,198,445,485,337,557,191,366
62,54,31,8,59,13,57,12,23,29,58,68,127,35,27,35,46,104,73,5,38,76,27,27,41,14,46,23,33,83,101,193,38,43,16,57,46,6,24,64,48,12,49,27,43,47,31,72,25,42
319,226,102,48,287,63,261,80,81,118,233,322,519,164,134,149,200,521,299,38,74,283,187,113,184,81,189,116,130,361,428,809,167,249,62,257,227,47,149,318,195,60,251,106,229,209,176,299,115,197
533,449,255,85,554,102,505,142,193,221,443,559,913,341,285,302,358,902,489,76,283,285,315,206,372,142,365,234,276,669,766,1399,269,504,124,529,466,93,222,574,352,111,404,203,435,512,316,556,195,360
384,266,127,49,273,78,294,101,107,129,245,358,553,191,154,181,223,513,314,27,187,315,90,120,205,68,188,130,155,361,467,827,161,296,56,297,279,41,145,314,194,64,234,106,242,250,173,296,119,204
179,196,98,44,194,37,189,47,69,91,156,246,338,144,114,123,152,364,216,27,113,206,120,38,149,60,142,92,92,261,313,585,120,192,45,220,193,35,96,231,120,53,155,88,150,191,126,212,73,138
388,274,147,68,328,88,341,101,109,140,282,365,591,236,175,186,278,598,368,41,184,372,205,149,99,68,195,146,163,407,541,957,209,333,72,356,322,45,178,374,220,61,268,140,261,315,204,358,122,221
154,105,53,24,140,29,124,36,34,62,121,152,237,83,72,73,119,237,160,14,81,142,68,60,68,15,79,56,61,167,207,357,83,124,32,133,118,18,67,123,88,28,96,49,99,111,81,131,56,87
370,281,148,74,343,77,332,82,108,168,315,359,595,241,147,177,266,596,373,46,189,365,188,142,195,79,119,133,160,453,535,1024,196,351,79,346,314,62,163,367,234,70,269,115,275,300,217,366,127,235
275,205,106,49,240,54,231,77,70,124,198,248,452,151,125,146,193,436,216,23,116,234,130,92,146,56,133,40,112,286,383,696,129,224,61,254,225,29,130,241,145,44,178,87,204,223,140,248,88,169
291,220,108,54,260,60,226,73,82,118,215,289,454,180,138,148,192,442,266,33,130,276,155,92,163,61,160,112,72,310,342,704,130,254,55,251,227,41,137,275,180,59,198,84,223,208,162,233,107,187
608,552,259,110,656,139,616,185,235,261,524,733,1137,396,332,356,441,1077,645,83,361,669,361,261,407,167,453,286,310,362,996,1835,337,609,156,683,619,111,309,713,442,139,511,236,535,587,400,701,253,405
717,658,349,134,757,179,736,220,249,311,647,846,1387,474,379,392,547,1443,751,101,428,766,467,313,541,207,535,383,342,996,570,2069,406,729,170,781,708,129,370,840,520,162,556,270,653,689,460,813,281,547
1201,1273,580,206,1439,280,1357,427,458,561,1207,1530,2396,952,747,780,1045,2444,1414,193,809,1399,827,585,957,357,1024,696,704,1835,2069,1864,754,1286,303,1556,1265,228,704,1531,942,288,1016,530,1161,1288,909,1433,512,905
225,229,117,43,262,75,259,73,87,130,248,253,466,181,136,151,191,496,282,38,167,269,161,120,209,83,196,129,130,337,406,754,84,273,63,272,244,61,140,294,187,57,208,99,232,244,179,282,97,172
449,417,158,72,475,101,461,162,125,180,402,499,879,295,270,285,335,874,516,43,249,504,296,192,333,124,351,224,254,609,729,1286,273,212,119,443,409,90,253,511,327,115,386,180,409,452,293,489,179,319
99,106,54,27,128,25,127,43,32,43,102,126,207,83,43,55,78,208,110,16,62,124,56,45,72,32,79,61,55,156,170,303,63,119,14,129,125,25,53,128,69,25,77,48,83,113,81,104,51,63
493,478,190,94,520,114,518,159,162,213,434,607,1004,365,261,287,349,1003,497,57,257,529,297,220,356,133,346,254,251,683,781,1556,272,443,129,255,484,82,255,582,347,106,422,205,402,462,343,584,213,332
459,432,216,87,481,117,445,153,158,195,385,508,868,335,274,285,333,864,491,46,227,466,279,193,322,118,314,225,227,619,708,1265,244,409,125,484,222,95,231,495,309,90,352,178,377,480,290,468,166,305
91,72,24,21,70,26,102,26,26,38,77,85,147,57,56,52,52,143,77,6,47,93,41,35,45,18,62,29,41,111,129,228,61,90,25,82,95,6,33,97,60,18,72,25,73,68,40,86,40,64
253,205,107,52,239,61,251,70,77,107,217,269,431,159,137,119,159,448,249,24,149,222,145,96,178,67,163,130,137,309,370,704,140,253,53,255,231,33,55,255,176,52,206,101,199,223,135,251,92,158
437,477,224,85,539,121,534,165,177,206,439,637,1014,384,307,323,399,1023,545,64,318,574,314,231,374,123,367,241,275,713,840,1531,294,511,128,582,495,97,255,284,368,109,392,198,479,516,348,604,203,373
297,292,133,62,354,72,338,99,112,137,273,383,627,206,154,176,236,650,359,48,195,352,194,120,220,88,234,145,180,442,520,942,187,327,69,347,309,60,176,368,108,78,255,132,282,323,227,386,116,220
106,82,46,20,113,25,111,32,37,40,83,98,165,67,41,51,79,174,110,12,60,111,64,53,61,28,70,44,59,139,162,288,57,115,25,106,90,18,52,109,78,10,81,36,82,109,59,112,36,77
335,357,133,75,385,91,386,133,136,166,317,414,659,259,217,227,288,689,387,49,251,404,234,155,268,96,269,178,198,511,556,1016,208,386,77,422,352,72,206,392,255,81,139,142,320,357,249,381,127,265
184,142,79,29,192,37,182,56,61,82,158,198,343,127,106,114,139,364,198,27,106,203,106,88,140,49,115,87,84,236,270,530,99,180,48,205,178,25,101,198,132,36,142,32,165,176,113,195,75,131
441,374,186,62,412,87,396,108,147,198,371,424,729,246,214,225,312,721,445,43,229,435,242,150,261,99,275,204,223,535,653,1161,232,409,83,402,377,73,199,479,282,82,320,165,184,350,241,430,141,301
410,434,185,76,461,109,451,148,155,187,416,531,833,286,229,239,325,863,485,47,209,512,250,191,315,111,300,223,208,587,689,1288,244,452,113,462,480,68,223,516,323,109,357,176,350,231,265,494,184,306
341,291,134,54,296,69,329,95,103,142,284,371,569,213,157,182,216,606,337,31,176,316,173,126,204,81,217,140,162,400,460,909,179,293,81,343,290,40,135,348,227,59,249,113,241,265,112,347,109,245
486,462,204,81,519,112,505,169,182,215,419,563,920,331,281,291,383,933,557,72,299,556,296,212,358,131,366,248,233,701,813,1433,282,489,104,584,468,86,251,604,386,112,381,195,430,494,347,258,193,334
188,156,87,21,157,40,194,58,72,84,147,172,303,124,123,124,155,325,191,25,115,195,119,73,122,56,127,88,107,253,281,512,97,179,51,213,166,40,92,203,116,36,127,75,141,184,109,193,35,126
360,283,143,61,344,78,359,104,127,127,278,349,584,234,170,174,256,600,366,42,197,360,204,138,221,87,235,169,187,405,547,905,172,319,63,332,305,64,158,373,220,77,265,131,301,306,245,334,126,100
