267,454,247,94,524,106,506,187,188,227,432,508,822,381,316,348,363,791,498,72,325,567,340,200,389,153,368,303,338,638,705,1162,243,541,119,567,524,85,249,469,358,117,380,184,458,439,333,529,175,377
454,204,163,75,450,104,410,117,170,171,379,524,780,240,252,257,301,778,420,33,254,423,256,175,286,116,280,181,198,537,707,1239,233,379,103,471,427,75,235,513,323,82,333,182,325,387,267,486,165,316
247,163,35,27,217,36,195,67,63,69,164,200,347,115,103,112,156,355,217,26,96,217,122,86,138,35,139,92,83,261,297,584,107,171,39,213,187,35,111,233,125,45,162,82,149,204,116,240,75,135
94,75,27,6,94,13,92,29,29,31,70,93,139,51,59,61,60,145,97,14,48,83,59,37,70,28,68,43,57,110,132,230,42,82,15,89,88,15,40,98,46,12,58,31,79,80,70,86,28,57
524,450,217,94,249,108,505,155,177,202,423,589,912,313,270,304,339,891,509,57,282,514,277,217,349,121,344,256,256,627,835,1459,279,438,118,571,512,84,265,567,368,126,396,185,410,464,343,546,183,326
106,104,36,13,108,8,103,46,32,40,84,120,211,65,63,77,73,198,110,17,61,101,76,52,84,27,91,55,61,149,147,297,57,93,23,111,112,18,48,142,65,19,84,43,85,101,71,110,39,72
506,410,195,92,505,103,228,163,164,171,419,535,871,321,261,291,377,826,505,70,262,503,302,187,356,112,313,240,252,626,733,1299,279,467,108,517,461,76,244,543,337,103,398,182,400,438,305,471,185,331
187,117,67,29,155,46,163,16,59,74,124,181,303,116,83,89,107,308,139,21,83,142,99,56,98,38,92,63,72,192,237,394,87,142,35,144,131,25,62,170,111,31,125,73,144,127,97,181,76,104
188,170,63,29,177,32,164,59,25,74,154,166,264,118,85,103,133,294,187,17,94,174,90,67,101,33,105,97,102,213,274,458,84,165,35,165,145,31,96,184,103,25,147,59,152,129,108,189,48,105
227,171,69,31,202,40,171,74,74,41,180,236,361,127,114,108,141,350,198,27,119,191,128,81,147,65,152,119,117,260,307,563,116,186,50,211,191,43,115,197,131,50,151,75,168,175,142,226,66,152
432,379,164,70,423,84,419,124,154,180,188,479,754,261,229,233,324,756,430,63,226,417,234,192,286,104,318,226,226,520,633,1152,226,367,98,479,382,63,227,467,315,83,309,171,345,364,265,429,144,279
508,524,200,93,589,120,535,181,166,236,479,309,1001,378,309,332,398,1059,585,65,291,559,308,237,360,137,360,239,248,720,840,1691,343,516,138,559,516,98,326,628,409,121,474,229,437,529,350,586,196,377
822,780,347,139,912,211,871,303,264,361,754,1001,755,589,464,516,665,1415,921,126,484,925,530,344,604,217,586,424,461,1176,1321,2546,522,884,196,1000,832,169,460,941,586,179,687,329,716,911,553,948,329,617
381,240,115,51,313,65,321,116,118,127,261,378,589,97,178,202,241,581,328,50,166,340,198,121,225,79,203,137,173,442,511,901,186,316,73,326,315,44,185,348,207,80,247,126,260,274,233,357,126,210
316,252,103,59,270,63,261,83,85,114,229,309,464,178,70,133,184,480,265,34,129,247,142,102,172,68,198,147,129,309,415,796,139,258,59,264,267,32,125,302,162,55,205,97,218,275,169,278,82,181
348,257,112,61,304,77,291,89,103,108,233,332,516,202,133,78,199,533,274,32,150,299,174,104,214,79,200,144,137,333,426,855,166,293,62,299,293,41,155,311,188,52,227,119,261,282,206,314,108,191
363,301,156,60,339,73,377,107,133,141,324,398,665,241,184,199,116,709,354,43,207,395,216,143,268,84,233,172,200,456,544,996,209,354,105,401,336,48,192,370,236,83,306,150,320,336,247,410,154,239
791,778,355,145,891,198,826,308,294,350,756,1059,1415,581,480,533,709,823,907,128,501,914,539,352,613,221,622,421,460,1151,1362,2584,535,857,197,970,815,150,511,955,586,181,708,335,714,826,571,937,338,595
498,420,217,97,509,110,505,139,187,198,430,585,921,328,265,274,354,907,230,52,292,464,298,212,373,132,351,205,244,658,748,1384,290,482,143,549,470,82,258,565,323,101,361,195,419,485,352,514,203,335
72,33,26,14,57,17,70,21,17,27,63,65,126,50,34,32,43,128,52,3,32,69,42,28,51,14,42,30,35,87,119,205,42,62,13,71,56,7,25,73,31,22,43,29,63,54,50,64,23,45
325,254,96,48,282,61,262,83,94,119,226,291,484,166,129,150,207,501,292,32,66,282,162,133,174,93,222,152,149,319,417,796,148,271,52,307,243,55,146,305,185,52,200,95,218,265,166,290,105,193
567,423,217,83,514,101,503,142,174,191,417,559,925,340,247,299,395,914,464,69,282,272,317,224,349,145,367,246,266,674,779,1372,282,502,131,568,489,80,263,577,365,108,375,207,445,465,335,548,207,352
340,256,122,59,277,76,302,99,90,128,234,308,530,198,142,174,216,539,298,42,162,317,93,126,195,91,213,134,146,356,455,839,155,298,71,341,279,53,149,332,193,51,218,134,261,275,185,311,108,211
200,175,86,37,217,52,187,56,67,81,192,237,344,121,102,104,143,352,212,28,133,224,126,36,125,48,129,106,100,274,330,556,118,211,54,237,186,32,104,243,151,36,152,101,144,163,137,212,73,133
389,286,138,70,349,84,356,98,101,147,286,360,604,225,172,214,268,613,373,51,174,349,195,125,107,92,228,178,156,391,505,937,195,315,71,375,329,62,169,337,236,63,274,123,270,297,210,360,128,228
153,116,35,28,121,27,112,38,33,65,104,137,217,79,68,79,84,221,132,14,93,145,91,48,92,16,76,60,64,136,198,369,77,113,26,141,131,16,72,144,90,27,88,46,120,133,89,140,45,79
368,280,139,68,344,91,313,92,105,152,318,360,586,203,198,200,233,622,351,42,222,367,213,129,228,76,108,144,162,402,545,983,195,321,68,377,341,48,167,389,233,74,252,150,267,298,209,386,135,246
303,181,92,43,256,55,240,63,97,119,226,239,424,137,147,144,172,421,205,30,152,246,134,106,178,60,144,58,128,256,362,682,144,225,47,238,208,50,115,253,154,44,185,83,214,251,181,261,103,180
338,198,83,57,256,61,252,72,102,117,226,248,461,173,129,137,200,460,244,35,149,266,146,100,156,64,162,128,66,348,349,715,126,279,58,243,246,53,130,287,158,57,197,104,183,223,150,261,103,186
638,537,261,110,627,149,626,192,213,260,520,720,1176,442,309,333,456,1151,658,87,319,674,356,274,391,136,402,256,348,412,964,1887,344,574,129,647,594,102,318,705,408,126,487,263,493,562,403,691,235,409
705,707,297,132,835,147,733,237,274,307,633,840,1321,511,415,426,544,1362,748,119,417,779,455,330,505,198,545,362,349,964,554,2114,439,756,178,783,716,131,406,821,512,166,591,270,610,729,484,832,319,497
1162,1239,584,230,1459,297,1299,394,458,563,1152,1691,2546,901,796,855,996,2584,1384,205,796,1372,839,556,937,369,983,682,715,1887,2114,2023,774,1294,346,1523,1338,269,717,1560,928,271,1098,559,1115,1354,955,1447,514,945
243,233,107,42,279,57,279,87,84,116,226,343,522,186,139,166,209,535,290,42,148,282,155,118,195,77,195,144,126,344,439,774,76,259,76,279,246,45,143,283,175,63,215,100,224,262,174,288,116,186
541,379,171,82,438,93,467,142,165,186,367,516,884,316,258,293,354,857,482,62,271,502,298,211,315,113,321,225,279,574,756,1294,259,222,111,466,456,79,247,530,305,106,373,168,413,439,304,513,164,344
119,103,39,15,118,23,108,35,35,50,98,138,196,73,59,62,105,197,143,13,52,131,71,54,71,26,68,47,58,129,178,346,76,111,11,115,105,16,73,129,80,15,86,36,86,128,81,131,39,60
567,471,213,89,571,111,517,144,165,211,479,559,1000,326,264,299,401,970,549,71,307,568,341,237,375,141,377,238,243,647,783,1523,279,466,115,294,502,109,286,608,354,107,431,197,464,512,331,580,198,333
524,427,187,88,512,112,461,131,145,191,382,516,832,315,267,293,336,815,470,56,243,489,279,186,329,131,341,208,246,594,716,1338,246,456,105,502,211,79,230,539,323,101,352,161,408,444,308,487,169,325
85,75,35,15,84,18,76,25,31,43,63,98,169,44,32,41,48,150,82,7,55,80,53,32,62,16,48,50,53,102,131,269,45,79,16,109,79,5,37,97,64,14,60,35,66,92,51,93,35,58
249,235,111,40,265,48,244,62,96,115,227,326,460,185,125,155,192,511,258,25,146,263,149,104,169,72,167,115,130,318,406,717,143,247,73,286,230,37,67,262,175,50,209,105,212,235,158,267,98,167
469,513,233,98,567,142,543,170,184,197,467,628,941,348,302,311,370,955,565,73,305,577,332,243,337,144,389,253,287,705,821,1560,283,530,129,608,539,97,262,304,387,118,396,217,422,475,330,543,231,354
358,323,125,46,368,65,337,111,103,131,315,409,586,207,162,188,236,586,323,31,185,365,193,151,236,90,233,154,158,408,512,928,175,305,80,354,323,64,175,387,117,72,262,131,264,334,211,340,128,234
117,82,45,12,126,19,103,31,25,50,83,121,179,80,55,52,83,181,101,22,52,108,51,36,63,27,74,44,57,126,166,271,63,106,15,107,101,14,50,118,72,5,74,39,77,115,67,113,33,68
380,333,162,58,396,84,398,125,147,151,309,474,687,247,205,227,306,708,361,43,200,375,218,152,274,88,252,185,197,487,591,1098,215,373,86,431,352,60,209,396,262,74,131,142,340,372,276,411,154,249
184,182,82,31,185,43,182,73,59,75,171,229,329,126,97,119,150,335,195,29,95,207,134,101,123,46,150,83,104,263,270,559,100,168,36,197,161,35,105,217,131,39,142,25,158,158,124,219,68,120
458,325,149,79,410,85,400,144,152,168,345,437,716,260,218,261,320,714,419,63,218,445,261,144,270,120,267,214,183,493,610,1115,224,413,86,464,408,66,212,422,264,77,340,158,164,369,278,423,168,292
439,387,204,80,464,101,438,127,129,175,364,529,911,274,275,282,336,826,485,54,265,465,275,163,297,133,298,251,223,562,729,1354,262,439,128,512,444,92,235,475,334,115,372,158,369,225,309,464,197,287
333,267,116,70,343,71,305,97,108,142,265,350,553,233,169,206,247,571,352,50,166,335,185,137,210,89,209,181,150,403,484,955,174,304,81,331,308,51,158,330,211,67,276,124,278,309,97,349,145,212
529,486,240,86,546,110,471,181,189,226,429,586,948,357,278,314,410,937,514,64,290,548,311,212,360,140,386,261,261,691,832,1447,288,513,131,580,487,93,267,543,340,113,411,219,423,464,349,249,183,366
175,165,75,28,183,39,185,76,48,66,144,196,329,126,82,108,154,338,203,23,105,207,108,73,128,45,135,103,103,235,319,514,116,164,39,198,169,35,98,231,128,33,154,68,168,197,145,183,26,112
377,316,135,57,326,72,331,104,105,152,279,377,617,210,181,191,239,595,335,45,193,352,211,133,228,79,246,180,186,409,497,945,186,344,60,333,325,58,167,354,234,68,249,120,292,287,212,366,112,103
