270,446,232,101,525,106,465,167,187,222,449,540,845,378,321,338,366,810,480,66,328,514,355,192,365,148,365,254,339,637,695,1206,269,499,116,525,501,95,245,525,339,107,371,171,443,415,349,444,188,391
446,194,192,86,427,112,410,138,135,184,355,504,788,282,222,234,314,776,423,60,229,458,251,182,279,97,296,217,191,536,632,1185,220,396,97,456,431,81,232,454,278,90,322,165,342,386,304,447,192,300
232,192,35,36,218,47,175,68,67,85,180,223,362,123,94,83,131,405,200,12,97,186,104,104,138,64,150,76,92,257,324,612,119,173,42,202,181,32,100,214,109,35,161,79,165,190,124,226,68,140
101,86,36,5,71,17,78,24,28,52,82,87,151,48,39,45,81,153,100,9,47,90,57,31,62,28,69,47,39,97,129,190,28,81,25,100,67,10,41,75,62,25,66,30,70,76,53,66,36,70
525,427,218,71,235,111,502,137,156,197,406,549,887,315,269,307,379,932,552,59,274,544,302,191,274,123,314,258,263,646,776,1464,240,459,127,570,469,90,250,513,315,95,386,199,359,466,306,558,182,385
106,112,47,17,111,12,113,30,35,47,91,132,176,68,56,74,90,181,119,19,66,119,77,44,91,33,82,64,47,134,158,311,56,113,34,133,95,23,52,108,70,22,68,39,98,87,79,115,46,83
465,410,175,78,502,113,248,144,173,218,426,537,884,319,246,284,346,894,516,66,270,500,279,196,349,137,316,259,247,647,761,1357,290,463,108,552,442,73,258,530,307,109,356,201,377,453,294,501,208,327
167,138,68,24,137,30,144,19,46,56,110,172,259,93,85,87,103,279,151,21,83,170,89,63,110,37,103,67,80,188,222,445,85,144,34,167,132,27,65,166,101,34,87,51,123,140,97,157,56,92
187,135,67,28,156,35,173,46,22,71,139,175,319,106,74,82,120,334,175,21,92,183,85,78,105,40,100,85,76,234,232,490,99,169,37,148,171,26,87,173,121,36,113,61,126,160,90,180,55,117
222,184,85,52,197,47,218,56,71,40,144,230,387,134,109,111,141,369,209,27,104,219,164,79,156,48,130,103,114,252,310,564,120,183,47,225,216,32,89,213,123,36,146,72,157,186,132,210,82,127
449,355,180,82,406,91,426,110,139,144,141,476,758,303,248,255,290,730,397,43,221,405,271,165,292,111,279,219,235,513,618,1206,238,399,107,470,406,70,202,422,278,92,298,171,348,371,297,423,165,276
540,504,223,87,549,132,537,172,175,230,476,344,1041,351,300,316,396,1053,548,65,280,577,316,206,345,138,363,230,254,706,815,1628,293,477,120,649,520,92,288,626,386,113,463,196,446,496,352,614,212,365
845,788,362,151,887,176,884,259,319,387,758,1041,807,585,495,552,652,1449,920,119,474,946,532,354,594,246,631,405,446,1120,1385,2470,466,838,227,1027,887,164,487,1031,623,178,691,359,724,829,592,933,362,617
378,282,123,48,315,68,319,93,106,134,303,351,585,97,167,172,252,586,311,42,165,342,209,134,226,90,228,154,153,401,545,936,203,303,85,328,304,53,167,338,192,61,236,121,270,309,205,349,137,225
321,222,94,39,269,56,246,85,74,109,248,300,495,167,73,150,200,492,259,27,128,276,120,86,178,70,170,116,134,319,386,766,140,262,63,306,262,49,119,277,158,56,199,80,213,273,156,300,106,177
338,234,83,45,307,74,284,87,82,111,255,316,552,172,150,90,202,545,274,31,141,300,154,113,201,76,186,118,134,338,426,850,173,293,71,288,274,53,138,286,154,55,240,98,231,247,177,335,120,191
366,314,131,81,379,90,346,103,120,141,290,396,652,252,200,202,129,648,365,48,212,385,236,149,241,81,261,171,172,456,530,1018,226,329,85,388,332,67,162,377,235,83,269,128,305,319,260,348,143,233
810,776,405,153,932,181,894,279,334,369,730,1053,1449,586,492,545,648,796,925,128,514,965,537,342,619,240,648,418,498,1125,1405,2490,473,846,227,947,852,181,488,1024,654,187,658,379,736,894,576,920,336,592
480,423,200,100,552,119,516,151,175,209,397,548,920,311,259,274,365,925,238,72,257,465,302,210,321,124,335,241,252,640,773,1421,291,491,120,548,492,100,264,559,324,104,379,190,402,515,333,547,198,346
66,60,12,9,59,19,66,21,21,27,43,65,119,42,27,31,48,128,72,1,38,68,34,26,38,9,35,31,33,88,97,199,38,60,24,68,61,11,31,70,43,15,38,21,48,47,38,53,30,50
328,229,97,47,274,66,270,83,92,104,221,280,474,165,128,141,212,514,257,38,67,312,139,125,173,59,175,124,140,327,426,802,136,262,66,285,253,46,161,292,176,45,210,81,232,251,173,315,104,192
514,458,186,90,544,119,500,170,183,219,405,577,946,342,276,300,385,965,465,68,312,269,308,191,302,129,354,260,262,665,793,1365,304,472,131,564,488,96,248,561,311,103,375,188,393,472,332,551,205,367
355,251,104,57,302,77,279,89,85,164,271,316,532,209,120,154,236,537,302,34,139,308,87,118,163,61,170,152,155,359,459,860,151,271,72,306,325,50,149,317,183,60,208,94,219,297,169,307,134,213
192,182,104,31,191,44,196,63,78,79,165,206,354,134,86,113,149,342,210,26,125,191,118,36,130,45,136,95,104,282,322,560,107,210,51,215,193,31,102,217,123,46,156,66,145,204,122,206,82,128
365,279,138,62,274,91,349,110,105,156,292,345,594,226,178,201,241,619,321,38,173,302,163,130,101,75,211,165,172,411,490,951,172,297,89,359,334,55,185,362,228,68,270,120,241,300,196,389,157,220
148,97,64,28,123,33,137,37,40,48,111,138,246,90,70,76,81,240,124,9,59,129,61,45,75,15,70,55,67,161,195,363,68,115,26,128,134,21,82,127,79,22,115,40,107,140,78,156,37,86
365,296,150,69,314,82,316,103,100,130,279,363,631,228,170,186,261,648,335,35,175,354,170,136,211,70,97,142,169,455,502,1001,190,311,78,369,330,71,189,358,215,59,297,111,262,348,209,355,133,226
254,217,76,47,258,64,259,67,85,103,219,230,405,154,116,118,171,418,241,31,124,260,152,95,165,55,142,45,122,281,337,672,135,218,60,221,223,46,110,257,156,49,165,98,204,238,144,286,96,194
339,191,92,39,263,47,247,80,76,114,235,254,446,153,134,134,172,498,252,33,140,262,155,104,172,67,169,122,59,302,377,693,125,269,66,290,223,30,118,265,141,51,202,95,202,252,143,249,105,177
637,536,257,97,646,134,647,188,234,252,513,706,1120,401,319,338,456,1125,640,88,327,665,359,282,411,161,455,281,302,387,993,1807,363,581,145,680,590,117,357,672,439,138,474,271,523,630,386,686,235,429
695,632,324,129,776,158,761,222,232,310,618,815,1385,545,386,426,530,1405,773,97,426,793,459,322,490,195,502,337,377,993,589,2154,448,708,168,817,702,148,388,843,497,144,577,292,629,707,495,791,244,510
1206,1185,612,190,1464,311,1357,445,490,564,1206,1628,2470,936,766,850,1018,2490,1421,199,802,1365,860,560,951,363,1001,672,693,1807,2154,1992,743,1317,324,1527,1257,222,741,1493,948,308,1024,557,1148,1309,911,1465,529,948
269,220,119,28,240,56,290,85,99,120,238,293,466,203,140,173,226,473,291,38,136,304,151,107,172,68,190,135,125,363,448,743,58,268,65,326,260,47,137,287,170,49,203,85,236,268,167,297,94,196
499,396,173,81,459,113,463,144,169,183,399,477,838,303,262,293,329,846,491,60,262,472,271,210,297,115,311,218,269,581,708,1317,268,201,112,515,417,82,212,533,305,104,390,200,396,392,306,483,167,341
116,97,42,25,127,34,108,34,37,47,107,120,227,85,63,71,85,227,120,24,66,131,72,51,89,26,78,60,66,145,168,324,65,112,20,125,109,22,60,119,79,28,86,52,113,104,85,113,43,73
525,456,202,100,570,133,552,167,148,225,470,649,1027,328,306,288,388,947,548,68,285,564,306,215,359,128,369,221,290,680,817,1527,326,515,125,280,521,74,279,590,333,109,422,195,464,492,350,566,235,363
501,431,181,67,469,95,442,132,171,216,406,520,887,304,262,274,332,852,492,61,253,488,325,193,334,134,330,223,223,590,702,1257,260,417,109,521,227,82,245,453,291,104,346,181,390,406,306,507,189,347
95,81,32,10,90,23,73,27,26,32,70,92,164,53,49,53,67,181,100,11,46,96,50,31,55,21,71,46,30,117,148,222,47,82,22,74,82,4,38,98,59,18,60,30,65,66,46,87,37,61
245,232,100,41,250,52,258,65,87,89,202,288,487,167,119,138,162,488,264,31,161,248,149,102,185,82,189,110,118,357,388,741,137,212,60,279,245,38,65,260,183,60,190,98,211,221,176,256,86,171
525,454,214,75,513,108,530,166,173,213,422,626,1031,338,277,286,377,1024,559,70,292,561,317,217,362,127,358,257,265,672,843,1493,287,533,119,590,453,98,260,289,377,113,416,222,434,506,355,596,181,353
339,278,109,62,315,70,307,101,121,123,278,386,623,192,158,154,235,654,324,43,176,311,183,123,228,79,215,156,141,439,497,948,170,305,79,333,291,59,183,377,111,85,253,139,259,313,190,341,117,214
107,90,35,25,95,22,109,34,36,36,92,113,178,61,56,55,83,187,104,15,45,103,60,46,68,22,59,49,51,138,144,308,49,104,28,109,104,18,60,113,85,8,96,45,77,108,64,115,33,60
371,322,161,66,386,68,356,87,113,146,298,463,691,236,199,240,269,658,379,38,210,375,208,156,270,115,297,165,202,474,577,1024,203,390,86,422,346,60,190,416,253,96,137,137,302,374,236,419,115,255
171,165,79,30,199,39,201,51,61,72,171,196,359,121,80,98,128,379,190,21,81,188,94,66,120,40,111,98,95,271,292,557,85,200,52,195,181,30,98,222,139,45,137,37,145,187,132,209,73,126
443,342,165,70,359,98,377,123,126,157,348,446,724,270,213,231,305,736,402,48,232,393,219,145,241,107,262,204,202,523,629,1148,236,396,113,464,390,65,211,434,259,77,302,145,148,379,246,435,176,275
415,386,190,76,466,87,453,140,160,186,371,496,829,309,273,247,319,894,515,47,251,472,297,204,300,140,348,238,252,630,707,1309,268,392,104,492,406,66,221,506,313,108,374,187,379,207,300,472,189,323
349,304,124,53,306,79,294,97,90,132,297,352,592,205,156,177,260,576,333,38,173,332,169,122,196,78,209,144,143,386,495,911,167,306,85,350,306,46,176,355,190,64,236,132,246,300,104,336,127,212
444,447,226,66,558,115,501,157,180,210,423,614,933,349,300,335,348,920,547,53,315,551,307,206,389,156,355,286,249,686,791,1465,297,483,113,566,507,87,256,596,341,115,419,209,435,472,336,261,182,343
188,192,68,36,182,46,208,56,55,82,165,212,362,137,106,120,143,336,198,30,104,205,134,82,157,37,133,96,105,235,244,529,94,167,43,235,189,37,86,181,117,33,115,73,176,189,127,182,42,129
391,300,140,70,385,83,327,92,117,127,276,365,617,225,177,191,233,592,346,50,192,367,213,128,220,86,226,194,177,429,510,948,196,341,73,363,347,61,171,353,214,60,255,126,275,323,212,343,129,141
