249,455,207,109,520,135,487,223,168,242,449,517,844,380,314,342,377,821,532,74,291,473,362,220,352,156,389,285,297,604,746,1198,243,484,96,493,489,79,270,472,324,106,394,186,433,394,364,505,174,374
455,195,174,63,427,100,396,137,127,156,353,467,804,269,227,251,332,848,441,61,208,415,252,172,292,130,304,199,206,563,617,1275,247,405,99,473,389,69,231,486,257,92,327,169,344,351,267,466,166,292
207,174,38,33,220,46,195,53,61,83,163,200,369,126,120,116,140,360,205,29,102,211,117,86,139,53,135,85,91,257,294,513,91,174,40,193,182,34,97,244,135,44,151,80,179,174,122,199,59,142
109,63,33,6,90,18,86,29,30,32,77,90,144,59,38,46,71,142,88,10,37,92,52,36,62,22,57,55,46,116,148,218,52,80,16,110,76,20,52,81,51,30,57,37,80,65,61,87,30,57
520,427,220,90,271,125,479,141,167,210,444,581,956,317,246,251,353,929,500,55,259,518,288,195,350,133,315,260,263,645,794,1390,279,479,122,524,451,90,253,561,332,92,381,209,435,487,345,488,196,334
135,100,46,18,125,8,108,43,46,47,95,138,194,79,60,73,95,174,108,12,64,121,62,47,79,31,82,55,66,160,175,279,62,111,21,140,90,23,64,114,65,22,91,58,92,92,81,112,39,76
487,396,195,86,479,108,207,163,167,199,401,517,872,305,256,271,366,863,482,52,283,483,291,191,308,128,323,239,248,612,782,1324,265,439,87,540,408,74,251,487,313,101,394,203,374,411,281,471,136,308
223,137,53,29,141,43,163,18,50,74,132,187,279,81,76,82,133,276,157,15,82,165,101,69,102,41,88,65,70,180,200,443,72,131,45,167,159,19,73,142,97,34,102,53,123,152,103,153,63,107
168,127,61,30,167,46,167,50,20,62,137,197,314,98,82,110,116,319,166,13,89,187,89,63,98,45,115,90,78,222,266,475,91,173,30,171,171,30,82,201,106,30,128,66,136,161,93,173,56,97
242,156,83,32,210,47,199,74,62,45,168,216,380,134,106,110,160,389,187,31,107,214,134,97,145,72,156,110,108,251,298,583,116,198,44,214,191,30,107,217,128,34,156,79,184,191,142,237,84,147
449,353,163,77,444,95,401,132,137,168,171,475,726,282,218,251,285,756,410,54,260,426,259,182,260,130,310,211,230,508,638,1164,235,397,89,462,405,82,221,441,262,78,311,141,348,380,277,453,148,281
517,467,200,90,581,138,517,187,197,216,475,315,1021,395,296,291,388,1010,564,63,329,584,325,225,383,146,383,262,267,696,811,1535,313,549,135,609,498,107,297,618,344,116,434,194,439,512,319,552,198,385
844,804,369,144,956,194,872,279,314,380,726,1021,761,596,475,512,635,1453,899,111,482,919,516,344,580,233,626,421,497,1100,1249,2355,444,885,219,951,817,147,454,973,568,182,638,351,722,794,571,926,309,633
380,269,126,59,317,79,305,81,98,134,282,395,596,105,169,206,226,582,297,32,160,305,201,143,233,79,215,156,170,419,485,889,169,308,81,314,296,57,148,355,217,62,264,131,263,277,202,356,113,215
314,227,120,38,246,60,256,76,82,106,218,296,475,169,80,144,174,489,280,26,164,275,147,112,180,62,180,108,152,330,412,731,140,259,56,287,257,43,120,305,185,48,212,109,219,252,153,283,109,192
342,251,116,46,251,73,271,82,110,110,251,291,512,206,144,72,213,522,283,34,161,337,165,117,188,70,192,126,151,355,434,825,143,277,60,319,281,45,125,310,172,61,236,107,249,279,170,331,97,207
377,332,140,71,353,95,366,133,116,160,285,388,635,226,174,213,121,627,375,39,199,381,232,141,235,81,235,176,188,435,562,950,179,361,83,359,357,66,187,359,251,85,288,126,276,318,220,396,111,236
821,848,360,142,929,174,863,276,319,389,756,1010,1453,582,489,522,627,766,875,123,458,869,528,367,579,234,640,410,474,1130,1326,2424,469,856,201,899,816,149,464,960,558,174,636,345,716,798,575,918,306,622
532,441,205,88,500,108,482,157,166,187,410,564,899,297,280,283,375,875,252,74,265,475,311,187,332,148,360,241,250,620,739,1438,253,487,123,549,497,89,260,538,321,98,390,215,419,468,321,537,181,343
74,61,29,10,55,12,52,15,13,31,54,63,111,32,26,34,39,123,74,6,30,69,30,19,38,15,33,37,25,67,106,174,28,62,21,49,53,8,32,68,37,14,44,19,49,58,34,66,21,47
291,208,102,37,259,64,283,82,89,107,260,329,482,160,164,161,199,458,265,30,77,301,152,117,183,69,185,123,122,311,426,812,169,255,59,292,270,38,137,316,184,65,205,108,223,274,184,321,100,188
473,415,211,92,518,121,483,165,187,214,426,584,919,305,275,337,381,869,475,69,301,266,279,202,341,134,349,233,258,633,766,1414,292,493,135,547,479,81,245,571,312,99,398,219,395,468,320,509,190,355
362,252,117,52,288,62,291,101,89,134,259,325,516,201,147,165,232,528,311,30,152,279,90,115,179,66,183,121,153,332,415,895,153,305,72,315,252,49,156,329,189,67,214,125,213,291,171,327,96,213
220,172,86,36,195,47,191,69,63,97,182,225,344,143,112,117,141,367,187,19,117,202,115,34,133,52,131,96,104,253,287,582,115,193,46,222,190,38,112,228,138,37,134,78,155,201,141,216,68,132
352,292,139,62,350,79,308,102,98,145,260,383,580,233,180,188,235,579,332,38,183,341,179,133,99,78,206,152,185,393,543,932,191,318,75,364,292,44,169,375,243,64,253,141,250,304,194,360,107,215
156,130,53,22,133,31,128,41,45,72,130,146,233,79,62,70,81,234,148,15,69,134,66,52,78,13,70,64,64,169,212,337,67,120,27,134,126,16,60,145,91,24,113,42,103,102,74,154,48,75
389,304,135,57,315,82,323,88,115,156,310,383,626,215,180,192,235,640,360,33,185,349,183,131,206,70,104,146,167,424,516,968,185,296,73,389,321,55,158,338,213,56,292,126,287,311,204,354,123,212
285,199,85,55,260,55,239,65,90,110,211,262,421,156,108,126,176,410,241,37,123,233,121,96,152,64,146,40,103,306,370,664,123,219,45,260,238,28,102,269,145,40,202,83,193,224,129,259,103,151
297,206,91,46,263,66,248,70,78,108,230,267,497,170,152,151,188,474,250,25,122,258,153,104,185,64,167,103,57,301,389,735,160,238,68,249,242,42,114,265,162,46,213,87,222,258,168,267,94,182
604,563,257,116,645,160,612,180,222,251,508,696,1100,419,330,355,435,1130,620,67,311,633,332,253,393,169,424,306,301,424,973,1785,331,573,154,656,605,104,315,698,423,152,439,254,523,584,365,644,227,401
746,617,294,148,794,175,782,200,266,298,638,811,1249,485,412,434,562,1326,739,106,426,766,415,287,543,212,516,370,389,973,565,2013,385,718,198,827,738,110,358,801,493,154,542,296,622,693,471,748,302,529
1198,1275,513,218,1390,279,1324,443,475,583,1164,1535,2355,889,731,825,950,2424,1438,174,812,1414,895,582,932,337,968,664,735,1785,2013,1836,720,1317,327,1499,1251,230,740,1477,871,290,1009,512,1127,1263,913,1437,537,917
243,247,91,52,279,62,265,72,91,116,235,313,444,169,140,143,179,469,253,28,169,292,153,115,191,67,185,123,160,331,385,720,67,276,62,312,251,44,120,301,175,54,182,113,219,250,174,246,122,171
484,405,174,80,479,111,439,131,173,198,397,549,885,308,259,277,361,856,487,62,255,493,305,193,318,120,296,219,238,573,718,1317,276,222,94,480,453,83,211,481,283,93,332,170,384,440,309,472,161,329
96,99,40,16,122,21,87,45,30,44,89,135,219,81,56,60,83,201,123,21,59,135,72,46,75,27,73,45,68,154,198,327,62,94,20,116,93,18,62,118,64,29,86,43,106,101,67,127,36,74
493,473,193,110,524,140,540,167,171,214,462,609,951,314,287,319,359,899,549,49,292,547,315,222,364,134,389,260,249,656,827,1499,312,480,116,252,486,95,250,570,358,119,407,212,437,497,337,567,188,356
489,389,182,76,451,90,408,159,171,191,405,498,817,296,257,281,357,816,497,53,270,479,252,190,292,126,321,238,242,605,738,1251,251,453,93,486,213,77,241,489,273,108,393,150,367,439,297,466,145,315
79,69,34,20,90,23,74,19,30,30,82,107,147,57,43,45,66,149,89,8,38,81,49,38,44,16,55,28,42,104,110,230,44,83,18,95,77,6,40,73,51,21,64,34,57,75,51,94,30,55
270,231,97,52,253,64,251,73,82,107,221,297,454,148,120,125,187,464,260,32,137,245,156,112,169,60,158,102,114,315,358,740,120,211,62,250,241,40,63,250,166,44,196,92,198,225,174,250,89,174
472,486,244,81,561,114,487,142,201,217,441,618,973,355,305,310,359,960,538,68,316,571,329,228,375,145,338,269,265,698,801,1477,301,481,118,570,489,73,250,295,356,118,422,231,434,533,350,535,192,379
324,257,135,51,332,65,313,97,106,128,262,344,568,217,185,172,251,558,321,37,184,312,189,138,243,91,213,145,162,423,493,871,175,283,64,358,273,51,166,356,103,63,260,141,247,302,219,341,115,219
106,92,44,30,92,22,101,34,30,34,78,116,182,62,48,61,85,174,98,14,65,99,67,37,64,24,56,40,46,152,154,290,54,93,29,119,108,21,44,118,63,5,88,44,89,109,76,105,31,81
394,327,151,57,381,91,394,102,128,156,311,434,638,264,212,236,288,636,390,44,205,398,214,134,253,113,292,202,213,439,542,1009,182,332,86,407,393,64,196,422,260,88,129,131,345,347,255,400,121,274
186,169,80,37,209,58,203,53,66,79,141,194,351,131,109,107,126,345,215,19,108,219,125,78,141,42,126,83,87,254,296,512,113,170,43,212,150,34,92,231,141,44,131,45,162,219,141,192,64,98
433,344,179,80,435,92,374,123,136,184,348,439,722,263,219,249,276,716,419,49,223,395,213,155,250,103,287,193,222,523,622,1127,219,384,106,437,367,57,198,434,247,89,345,162,166,365,241,421,153,254
394,351,174,65,487,92,411,152,161,191,380,512,794,277,252,279,318,798,468,58,274,468,291,201,304,102,311,224,258,584,693,1263,250,440,101,497,439,75,225,533,302,109,347,219,365,195,294,411,175,319
364,267,122,61,345,81,281,103,93,142,277,319,571,202,153,170,220,575,321,34,184,320,171,141,194,74,204,129,168,365,471,913,174,309,67,337,297,51,174,350,219,76,255,141,241,294,81,334,113,201
505,466,199,87,488,112,471,153,173,237,453,552,926,356,283,331,396,918,537,66,321,509,327,216,360,154,354,259,267,644,748,1437,246,472,127,567,466,94,250,535,341,105,400,192,421,411,334,250,175,390
174,166,59,30,196,39,136,63,56,84,148,198,309,113,109,97,111,306,181,21,100,190,96,68,107,48,123,103,94,227,302,537,122,161,36,188,145,30,89,192,115,31,121,64,153,175,113,175,32,123
374,292,142,57,334,76,308,107,97,147,281,385,633,215,192,207,236,622,343,47,188,355,213,132,215,75,212,151,182,401,529,917,171,329,74,356,315,55,174,379,219,81,274,98,254,319,201,390,123,96
