326,486,189,98,484,122,477,200,163,229,469,508,812,365,343,358,363,816,512,88,339,493,344,221,385,147,386,285,339,617,740,1188,241,467,114,569,472,80,255,473,294,105,392,171,445,445,351,493,154,386
486,184,154,78,437,105,427,137,118,160,375,482,828,305,235,251,348,803,427,47,206,446,249,158,278,111,274,183,185,506,623,1273,238,400,104,457,419,70,218,480,296,75,337,138,323,434,275,482,160,280
189,154,32,29,196,47,193,60,61,62,169,223,399,119,102,112,135,392,210,21,101,216,106,80,119,62,155,91,89,227,291,594,110,175,38,200,202,32,117,213,145,44,170,80,159,185,124,219,73,120
98,78,29,8,91,16,95,19,23,46,75,92,129,61,41,49,68,133,95,12,49,92,49,40,61,25,56,34,46,119,106,220,36,80,17,87,78,16,46,99,66,16,70,34,67,60,64,80,25,62
484,437,196,91,256,103,483,170,164,193,406,547,907,334,282,302,358,950,521,56,317,545,292,214,364,154,358,236,249,605,752,1425,270,460,125,541,485,97,256,594,342,100,393,189,415,493,323,496,190,356
122,105,47,16,103,8,113,33,39,50,109,110,178,98,52,70,79,187,117,14,76,116,64,61,77,33,85,56,61,152,153,322,44,111,23,121,109,20,63,126,74,23,91,60,93,108,88,110,44,77
477,427,193,95,483,113,234,133,149,203,407,562,853,347,263,286,364,864,507,69,297,491,286,202,309,112,332,240,236,610,738,1327,253,477,105,513,443,71,257,547,342,95,380,209,374,446,312,523,172,309
200,137,60,19,170,33,133,24,54,70,132,136,253,116,85,86,129,271,150,17,86,148,76,60,88,37,111,67,64,193,228,416,95,123,26,187,139,21,71,142,92,34,86,59,102,121,89,170,49,115
163,118,61,23,164,39,149,54,22,74,124,186,296,109,96,100,122,307,177,20,82,150,85,76,107,42,117,77,77,206,230,462,85,136,38,153,124,20,77,190,117,35,125,61,121,147,96,163,63,108
229,160,62,46,193,50,203,70,74,33,134,234,360,129,119,120,145,354,210,22,130,197,135,82,143,54,144,86,110,283,287,551,117,192,41,222,204,37,112,217,140,49,132,75,175,188,144,236,78,132
469,375,169,75,406,109,407,132,124,134,179,461,769,313,252,272,314,749,436,44,254,436,246,161,294,105,298,198,229,545,649,1151,242,424,90,451,426,98,213,463,268,80,307,164,353,419,294,457,151,268
508,482,223,92,547,110,562,136,186,234,461,307,1013,326,252,298,404,1014,580,70,281,567,313,221,362,149,381,237,268,688,876,1610,308,523,136,594,499,84,256,605,380,122,440,209,427,503,320,628,211,387
812,828,399,129,907,178,853,253,296,360,769,1013,810,573,451,492,642,1472,906,104,490,908,521,379,592,267,641,414,453,1181,1398,2452,485,834,223,939,876,182,409,1020,603,190,723,365,740,867,601,904,348,616
365,305,119,61,334,98,347,116,109,129,313,326,573,118,163,169,217,593,338,51,167,349,202,133,213,72,223,173,154,407,513,884,178,303,75,314,295,55,169,376,228,61,226,123,263,301,188,333,115,221
343,235,102,41,282,52,263,85,96,119,252,252,451,163,76,147,196,503,254,41,165,268,141,109,184,69,192,132,138,345,372,734,154,254,64,277,249,39,146,271,172,57,212,92,218,251,153,284,108,185
358,251,112,49,302,70,286,86,100,120,272,298,492,169,147,113,233,537,303,35,169,309,165,109,190,73,194,135,121,332,391,780,162,307,76,313,285,34,170,288,182,66,239,101,232,294,159,318,120,203
363,348,135,68,358,79,364,129,122,145,314,404,642,217,196,233,139,660,367,36,195,348,217,140,258,90,245,160,198,476,562,993,190,316,87,374,334,63,210,384,239,71,296,146,263,359,232,380,151,233
816,803,392,133,950,187,864,271,307,354,749,1014,1472,593,503,537,660,846,918,110,491,942,576,384,604,243,590,422,452,1165,1377,2533,486,868,197,967,851,173,413,1008,588,176,697,361,762,872,595,899,341,603
512,427,210,95,521,117,507,150,177,210,436,580,906,338,254,303,367,918,240,70,268,471,293,194,355,128,329,236,282,661,796,1405,254,484,119,563,489,82,263,532,336,96,388,207,419,476,313,572,203,354
88,47,21,12,56,14,69,17,20,22,44,70,104,51,41,35,36,110,70,5,39,79,43,25,34,24,46,30,36,64,91,170,29,64,23,58,61,10,29,65,37,11,51,18,64,51,41,79,28,59
339,206,101,49,317,76,297,86,82,130,254,281,490,167,165,169,195,491,268,39,78,283,179,103,179,66,157,143,132,345,407,787,160,270,45,291,298,40,129,322,176,57,207,110,241,256,174,295,101,210
493,446,216,92,545,116,491,148,150,197,436,567,908,349,268,309,348,942,471,79,283,260,300,208,336,130,340,262,259,640,778,1434,280,495,115,568,489,100,259,534,322,95,398,192,418,480,309,560,181,334
344,249,106,49,292,64,286,76,85,135,246,313,521,202,141,165,217,576,293,43,179,300,80,119,193,78,192,128,149,386,462,803,162,267,61,300,265,56,147,287,194,69,220,103,225,254,175,336,110,229
221,158,80,40,214,61,202,60,76,82,161,221,379,133,109,109,140,384,194,25,103,208,119,27,132,51,136,93,95,264,316,559,102,193,42,210,180,31,101,225,141,37,146,50,156,194,118,224,65,127
385,278,119,61,364,77,309,88,107,143,294,362,592,213,184,190,258,604,355,34,179,336,193,132,102,81,227,159,160,427,481,913,188,304,75,321,316,55,172,352,218,65,250,114,263,295,198,365,129,205
147,111,62,25,154,33,112,37,42,54,105,149,267,72,69,73,90,243,128,24,66,130,78,51,81,18,67,69,67,187,204,355,64,123,25,125,135,25,65,122,62,17,108,48,89,110,81,145,56,86
386,274,155,56,358,85,332,111,117,144,298,381,641,223,192,194,245,590,329,46,157,340,192,136,227,67,91,165,158,424,503,944,171,320,70,340,344,49,177,352,204,44,268,123,272,327,226,365,142,240
285,183,91,34,236,56,240,67,77,86,198,237,414,173,132,135,160,422,236,30,143,262,128,93,159,69,165,47,128,286,349,673,113,217,50,257,211,40,108,262,164,44,177,83,191,198,144,282,84,178
339,185,89,46,249,61,236,64,77,110,229,268,453,154,138,121,198,452,282,36,132,259,149,95,160,67,158,128,64,312,401,707,148,243,52,251,217,48,116,262,188,66,193,79,197,231,155,259,92,189
617,506,227,119,605,152,610,193,206,283,545,688,1181,407,345,332,476,1165,661,64,345,640,386,264,427,187,424,286,312,370,985,1853,362,581,156,651,618,99,322,687,437,110,505,251,496,591,407,624,262,419
740,623,291,106,752,153,738,228,230,287,649,876,1398,513,372,391,562,1377,796,91,407,778,462,316,481,204,503,349,401,985,560,2109,420,709,172,805,717,132,392,800,504,160,585,304,644,703,500,795,279,491
1188,1273,594,220,1425,322,1327,416,462,551,1151,1610,2452,884,734,780,993,2533,1405,170,787,1434,803,559,913,355,944,673,707,1853,2109,1948,780,1351,359,1542,1269,284,669,1452,966,317,1039,544,1092,1307,903,1468,555,889
241,238,110,36,270,44,253,95,85,117,242,308,485,178,154,162,190,486,254,29,160,280,162,102,188,64,171,113,148,362,420,780,82,264,65,300,232,46,138,267,174,63,199,112,221,270,197,298,120,191
467,400,175,80,460,111,477,123,136,192,424,523,834,303,254,307,316,868,484,64,270,495,267,193,304,123,320,217,243,581,709,1351,264,234,118,491,464,87,224,521,320,91,351,187,382,456,309,448,176,321
114,104,38,17,125,23,105,26,38,41,90,136,223,75,64,76,87,197,119,23,45,115,61,42,75,25,70,50,52,156,172,359,65,118,12,116,109,20,67,122,74,29,82,55,97,94,71,108,40,66
569,457,200,87,541,121,513,187,153,222,451,594,939,314,277,313,374,967,563,58,291,568,300,210,321,125,340,257,251,651,805,1542,300,491,116,285,515,92,288,615,349,118,446,204,406,512,342,537,191,345
472,419,202,78,485,109,443,139,124,204,426,499,876,295,249,285,334,851,489,61,298,489,265,180,316,135,344,211,217,618,717,1269,232,464,109,515,201,79,253,513,299,95,374,185,356,441,302,472,161,341
80,70,32,16,97,20,71,21,20,37,98,84,182,55,39,34,63,173,82,10,40,100,56,31,55,25,49,40,48,99,132,284,46,87,20,92,79,7,46,102,55,15,61,38,65,82,47,74,32,51
255,218,117,46,256,63,257,71,77,112,213,256,409,169,146,170,210,413,263,29,129,259,147,101,172,65,177,108,116,322,392,669,138,224,67,288,253,46,62,260,181,53,173,112,178,256,155,291,86,197
473,480,213,99,594,126,547,142,190,217,463,605,1020,376,271,288,384,1008,532,65,322,534,287,225,352,122,352,262,262,687,800,1452,267,521,122,615,513,102,260,276,360,125,380,220,431,509,325,588,182,347
294,296,145,66,342,74,342,92,117,140,268,380,603,228,172,182,239,588,336,37,176,322,194,141,218,62,204,164,188,437,504,966,174,320,74,349,299,55,181,360,115,78,247,142,275,279,213,360,110,243
105,75,44,16,100,23,95,34,35,49,80,122,190,61,57,66,71,176,96,11,57,95,69,37,65,17,44,44,66,110,160,317,63,91,29,118,95,15,53,125,78,8,72,43,80,95,66,116,45,90
392,337,170,70,393,91,380,86,125,132,307,440,723,226,212,239,296,697,388,51,207,398,220,146,250,108,268,177,193,505,585,1039,199,351,82,446,374,61,173,380,247,72,153,135,286,340,249,401,139,248
171,138,80,34,189,60,209,59,61,75,164,209,365,123,92,101,146,361,207,18,110,192,103,50,114,48,123,83,79,251,304,544,112,187,55,204,185,38,112,220,142,43,135,35,159,184,136,213,77,129
445,323,159,67,415,93,374,102,121,175,353,427,740,263,218,232,263,762,419,64,241,418,225,156,263,89,272,191,197,496,644,1092,221,382,97,406,356,65,178,431,275,80,286,159,155,366,247,406,149,249
445,434,185,60,493,108,446,121,147,188,419,503,867,301,251,294,359,872,476,51,256,480,254,194,295,110,327,198,231,591,703,1307,270,456,94,512,441,82,256,509,279,95,340,184,366,217,296,502,167,316
351,275,124,64,323,88,312,89,96,144,294,320,601,188,153,159,232,595,313,41,174,309,175,118,198,81,226,144,155,407,500,903,197,309,71,342,302,47,155,325,213,66,249,136,247,296,107,363,137,208
493,482,219,80,496,110,523,170,163,236,457,628,904,333,284,318,380,899,572,79,295,560,336,224,365,145,365,282,259,624,795,1468,298,448,108,537,472,74,291,588,360,116,401,213,406,502,363,246,182,340
154,160,73,25,190,44,172,49,63,78,151,211,348,115,108,120,151,341,203,28,101,181,110,65,129,56,142,84,92,262,279,555,120,176,40,191,161,32,86,182,110,45,139,77,149,167,137,182,39,115
386,280,120,62,356,77,309,115,108,132,268,387,616,221,185,203,233,603,354,59,210,334,229,127,205,86,240,178,189,419,491,889,191,321,66,345,341,51,197,347,243,90,248,129,249,316,208,340,115,122
