253,484,215,78,492,100,483,166,183,253,410,498,807,357,295,334,339,809,493,69,301,514,321,218,365,147,400,273,287,609,723,1148,224,451,105,500,503,85,264,478,321,99,363,180,416,412,299,472,185,375
484,181,169,70,415,92,392,161,158,185,382,471,831,279,217,246,305,788,428,43,264,444,260,164,287,100,260,212,219,530,658,1174,250,413,96,477,391,74,221,434,282,96,335,169,344,430,292,454,151,302
215,169,39,41,201,38,160,61,60,84,173,218,362,126,116,119,132,357,187,30,95,198,121,75,118,53,131,79,101,223,303,526,103,187,38,191,184,32,103,205,141,40,139,66,144,187,118,199,72,144
78,70,41,5,83,24,92,30,24,41,75,78,133,59,54,45,57,128,87,14,52,93,57,27,61,16,53,41,49,103,108,227,42,72,14,99,79,13,47,90,62,22,78,36,86,69,45,91,31,50
492,415,201,83,254,124,481,153,170,213,410,557,918,327,286,290,356,850,509,48,274,503,294,198,330,118,331,271,276,622,693,1341,262,477,130,528,477,78,269,493,347,103,373,193,414,425,342,506,201,356
100,92,38,24,124,12,110,44,41,63,103,111,172,98,66,72,85,169,126,16,57,130,63,42,80,30,65,61,58,129,142,302,68,101,25,123,113,14,50,115,76,29,71,45,96,85,89,116,37,78
483,392,160,92,481,110,251,158,180,213,396,498,862,328,265,321,318,902,489,38,268,482,286,178,358,121,339,219,248,616,717,1351,247,449,133,526,425,82,246,494,317,101,367,175,388,391,303,513,186,326
166,161,61,30,153,44,158,21,50,75,145,146,288,105,82,82,96,283,173,22,73,180,94,59,113,44,122,58,83,200,261,435,90,145,39,137,151,26,64,159,98,31,125,58,151,134,104,143,64,109
183,158,60,24,170,41,180,50,20,64,106,185,316,112,93,89,118,312,161,23,86,158,88,64,102,36,112,81,86,235,245,473,106,135,36,178,164,23,70,179,126,42,114,53,137,154,109,181,59,108
253,185,84,41,213,63,213,75,64,46,167,194,381,130,121,119,147,368,219,15,125,229,130,92,133,69,129,116,121,256,296,587,112,201,44,214,212,35,98,217,141,40,143,80,180,202,138,222,87,149
410,382,173,75,410,103,396,145,106,167,159,429,781,280,225,244,298,765,417,46,249,427,234,180,264,103,261,229,228,531,624,1123,218,392,89,446,427,73,190,439,298,74,328,162,352,394,253,445,161,276
498,471,218,78,557,111,498,146,185,194,429,317,1028,350,294,312,387,1001,561,78,331,574,325,200,383,165,380,238,263,683,820,1539,331,506,123,575,518,95,258,570,370,119,416,190,429,455,379,545,218,360
807,831,362,133,918,172,862,288,316,381,781,1028,800,553,466,513,615,1459,925,111,550,902,558,352,621,243,638,429,427,1142,1341,2406,512,857,213,959,779,156,476,897,587,190,647,357,728,798,599,933,312,628
357,279,126,59,327,98,328,105,112,130,280,350,553,123,176,197,222,603,333,33,190,322,189,140,231,91,216,156,159,374,441,916,153,303,77,315,333,48,162,366,223,67,246,129,264,287,197,354,132,233
295,217,116,54,286,66,265,82,93,121,225,294,466,176,64,149,171,469,246,29,128,286,146,116,176,66,177,114,118,300,408,778,153,261,60,267,273,49,158,307,180,59,201,105,242,205,173,270,107,212
334,246,119,45,290,72,321,82,89,119,244,312,513,197,149,100,190,518,266,22,142,328,163,120,177,65,203,140,129,329,422,855,164,265,62,302,297,50,138,319,194,73,250,103,255,241,180,306,124,208
339,305,132,57,356,85,318,96,118,147,298,387,615,222,171,190,116,637,333,42,208,362,215,137,252,96,252,165,180,448,550,999,192,361,81,404,326,61,161,378,247,67,253,142,290,355,210,355,128,217
809,788,357,128,850,169,902,283,312,368,765,1001,1459,603,469,518,637,784,888,115,497,899,576,362,597,232,602,420,452,1087,1339,2311,485,807,211,976,816,154,470,887,584,194,677,356,770,818,578,961,331,627
493,428,187,87,509,126,489,173,161,219,417,561,925,333,246,266,333,888,276,52,261,489,319,212,362,128,357,240,252,582,758,1394,291,505,120,519,465,86,243,508,351,100,372,176,422,474,326,493,172,369
69,43,30,14,48,16,38,22,23,15,46,78,111,33,29,22,42,115,52,3,28,65,32,24,37,16,39,22,38,75,81,171,30,54,9,66,59,9,29,53,32,12,49,25,44,51,43,56,21,41
301,264,95,52,274,57,268,73,86,125,249,331,550,190,128,142,208,497,261,28,69,264,143,121,178,75,191,128,134,292,462,815,150,242,52,308,288,45,131,310,162,50,243,130,219,278,187,280,107,190
514,444,198,93,503,130,482,180,158,229,427,574,902,322,286,328,362,899,489,65,264,259,299,204,361,126,348,266,288,633,773,1407,274,493,116,545,467,93,261,540,369,103,378,195,407,448,350,505,202,372
321,260,121,57,294,63,286,94,88,130,234,325,558,189,146,163,215,576,319,32,143,299,100,126,198,65,207,162,135,345,459,863,167,276,62,301,287,46,141,325,176,59,221,128,233,297,190,293,121,202
218,164,75,27,198,42,178,59,64,92,180,200,352,140,116,120,137,362,212,24,121,204,126,47,134,44,132,111,119,229,298,534,113,202,37,203,173,28,79,222,150,42,155,73,171,189,134,187,73,132
365,287,118,61,330,80,358,113,102,133,264,383,621,231,176,177,252,597,362,37,178,361,198,134,119,78,223,129,156,383,524,939,174,331,99,340,301,66,150,354,205,80,244,124,271,293,213,333,145,231
147,100,53,16,118,30,121,44,36,69,103,165,243,91,66,65,96,232,128,16,75,126,65,44,78,18,70,65,61,161,206,423,69,125,31,142,100,28,55,129,81,25,111,36,84,116,78,137,35,69
400,260,131,53,331,65,339,122,112,129,261,380,638,216,177,203,252,602,357,39,191,348,207,132,223,70,108,176,157,418,532,966,175,330,68,371,302,67,190,383,230,73,282,123,271,306,210,362,123,200
273,212,79,41,271,61,219,58,81,116,229,238,429,156,114,140,165,420,240,22,128,266,162,111,129,65,176,47,113,282,350,663,128,215,59,234,210,30,108,277,163,47,174,74,202,224,154,280,94,160
287,219,101,49,276,58,248,83,86,121,228,263,427,159,118,129,180,452,252,38,134,288,135,119,156,61,157,113,58,309,333,703,116,238,61,253,263,35,129,273,194,59,229,101,199,238,163,265,99,184
609,530,223,103,622,129,616,200,235,256,531,683,1142,374,300,329,448,1087,582,75,292,633,345,229,383,161,418,282,309,382,930,1738,315,588,156,682,577,101,315,669,377,139,463,252,498,612,385,639,242,447
723,658,303,108,693,142,717,261,245,296,624,820,1341,441,408,422,550,1339,758,81,462,773,459,298,524,206,532,350,333,930,565,2098,424,699,153,843,646,133,414,813,484,173,553,281,573,671,480,726,256,496
1148,1174,526,227,1341,302,1351,435,473,587,1123,1539,2406,916,778,855,999,2311,1394,171,815,1407,863,534,939,423,966,663,703,1738,2098,1867,751,1282,300,1516,1273,220,731,1389,916,289,1019,501,1111,1262,914,1458,503,922
224,250,103,42,262,68,247,90,106,112,218,331,512,153,153,164,192,485,291,30,150,274,167,113,174,69,175,128,116,315,424,751,71,253,66,299,260,47,139,292,166,63,201,92,211,249,190,261,109,203
451,413,187,72,477,101,449,145,135,201,392,506,857,303,261,265,361,807,505,54,242,493,276,202,331,125,330,215,238,588,699,1282,253,199,117,469,430,86,223,534,306,108,391,170,393,445,289,498,195,360
105,96,38,14,130,25,133,39,36,44,89,123,213,77,60,62,81,211,120,9,52,116,62,37,99,31,68,59,61,156,153,300,66,117,16,119,116,21,67,125,78,22,88,33,110,87,81,103,38,82
500,477,191,99,528,123,526,137,178,214,446,575,959,315,267,302,404,976,519,66,308,545,301,203,340,142,371,234,253,682,843,1516,299,469,119,283,510,84,250,582,309,107,406,181,408,485,309,573,204,355
503,391,184,79,477,113,425,151,164,212,427,518,779,333,273,297,326,816,465,59,288,467,287,173,301,100,302,210,263,577,646,1273,260,430,116,510,214,83,235,484,324,99,369,151,371,414,320,478,174,317
85,74,32,13,78,14,82,26,23,35,73,95,156,48,49,50,61,154,86,9,45,93,46,28,66,28,67,30,35,101,133,220,47,86,21,84,83,4,43,94,57,19,91,28,66,75,61,88,34,62
264,221,103,47,269,50,246,64,70,98,190,258,476,162,158,138,161,470,243,29,131,261,141,79,150,55,190,108,129,315,414,731,139,223,67,250,235,43,68,266,170,55,236,101,193,213,164,256,94,165
478,434,205,90,493,115,494,159,179,217,439,570,897,366,307,319,378,887,508,53,310,540,325,222,354,129,383,277,273,669,813,1389,292,534,125,582,484,94,266,273,343,103,397,203,443,487,351,520,195,356
321,282,141,62,347,76,317,98,126,141,298,370,587,223,180,194,247,584,351,32,162,369,176,150,205,81,230,163,194,377,484,916,166,306,78,309,324,57,170,343,100,72,261,111,249,299,226,360,133,205
99,96,40,22,103,29,101,31,42,40,74,119,190,67,59,73,67,194,100,12,50,103,59,42,80,25,73,47,59,139,173,289,63,108,22,107,99,19,55,103,72,10,82,30,94,96,78,101,40,68
363,335,139,78,373,71,367,125,114,143,328,416,647,246,201,250,253,677,372,49,243,378,221,155,244,111,282,174,229,463,553,1019,201,391,88,406,369,91,236,397,261,82,143,160,314,357,233,387,145,288
180,169,66,36,193,45,175,58,53,80,162,190,357,129,105,103,142,356,176,25,130,195,128,73,124,36,123,74,101,252,281,501,92,170,33,181,151,28,101,203,111,30,160,38,157,180,132,195,68,130
416,344,144,86,414,96,388,151,137,180,352,429,728,264,242,255,290,770,422,44,219,407,233,171,271,84,271,202,199,498,573,1111,211,393,110,408,371,66,193,443,249,94,314,157,161,367,278,398,174,273
412,430,187,69,425,85,391,134,154,202,394,455,798,287,205,241,355,818,474,51,278,448,297,189,293,116,306,224,238,612,671,1262,249,445,87,485,414,75,213,487,299,96,357,180,367,241,282,422,177,347
299,292,118,45,342,89,303,104,109,138,253,379,599,197,173,180,210,578,326,43,187,350,190,134,213,78,210,154,163,385,480,914,190,289,81,309,320,61,164,351,226,78,233,132,278,282,103,324,125,220
472,454,199,91,506,116,513,143,181,222,445,545,933,354,270,306,355,961,493,56,280,505,293,187,333,137,362,280,265,639,726,1458,261,498,103,573,478,88,256,520,360,101,387,195,398,422,324,252,172,320
185,151,72,31,201,37,186,64,59,87,161,218,312,132,107,124,128,331,172,21,107,202,121,73,145,35,123,94,99,242,256,503,109,195,38,204,174,34,94,195,133,40,145,68,174,177,125,172,34,134
375,302,144,50,356,78,326,109,108,149,276,360,628,233,212,208,217,627,369,41,190,372,202,132,231,69,200,160,184,447,496,922,203,360,82,355,317,62,165,356,205,68,288,130,273,347,220,320,134,112
