291,437,219,100,531,112,445,193,189,258,468,501,835,378,346,349,398,860,516,90,328,505,346,183,385,127,350,267,281,611,719,1188,249,461,119,544,484,82,273,512,304,113,324,181,439,426,341,514,177,395
437,209,166,95,423,116,439,118,154,189,361,518,782,284,215,225,312,765,440,52,242,459,258,196,296,114,305,202,216,459,623,1203,249,421,83,435,412,66,216,454,257,93,336,148,335,387,268,439,157,290
219,166,41,35,205,43,194,74,67,72,177,223,400,102,111,117,128,414,209,26,91,205,100,75,117,35,107,97,100,250,297,601,116,199,47,210,178,37,108,206,127,39,157,69,170,180,102,213,76,149
100,95,35,3,84,14,68,27,30,31,86,87,154,57,37,44,53,134,84,9,49,85,60,35,59,30,76,43,51,105,121,224,39,74,17,81,62,9,47,95,64,21,71,39,68,70,46,71,18,65
531,423,205,84,255,124,480,171,150,209,443,548,937,334,241,282,361,910,509,70,290,554,281,197,314,150,389,241,245,628,824,1441,279,482,126,547,444,86,273,536,341,124,390,200,396,482,301,520,167,358
112,116,43,14,124,13,110,33,38,40,92,122,207,80,54,68,77,176,108,16,76,121,78,46,75,38,94,60,68,128,136,261,60,110,29,125,106,16,54,109,72,30,92,48,98,89,67,96,36,78
445,439,194,68,480,110,239,163,164,200,408,527,886,299,232,255,345,834,490,68,287,539,293,199,324,142,365,242,250,596,728,1356,254,467,105,498,441,88,227,532,316,107,358,181,389,437,314,461,150,342
193,118,74,27,171,33,163,22,46,61,128,169,267,101,78,91,119,268,141,20,90,182,102,67,98,39,111,79,84,155,232,418,85,144,38,170,149,37,73,164,95,23,104,55,113,136,78,171,53,143
189,154,67,30,150,38,164,46,26,71,136,188,319,101,66,74,111,332,167,18,85,178,100,62,125,38,116,82,73,230,252,507,101,153,35,172,147,29,93,154,110,27,113,55,115,161,97,182,53,130
258,189,72,31,209,40,200,61,71,42,161,210,362,135,114,107,163,368,194,29,129,211,143,99,169,61,166,122,108,254,307,561,114,195,43,231,198,33,115,216,141,46,150,75,192,179,122,219,73,154
468,361,177,86,443,92,408,128,136,161,175,428,794,295,219,242,344,794,436,54,245,421,269,160,322,121,319,213,211,508,606,1188,220,413,86,461,394,67,222,466,287,86,340,152,343,384,273,439,148,297
501,518,223,87,548,122,527,169,188,210,428,304,952,358,309,332,377,987,579,61,290,607,317,236,409,142,402,243,293,669,863,1651,298,510,148,568,528,107,266,590,365,123,437,209,449,552,343,568,227,400
835,782,400,154,937,207,886,267,319,362,794,952,813,566,490,545,613,1470,925,121,525,958,530,351,599,256,604,423,463,1142,1353,2416,484,843,228,958,898,158,436,989,625,191,694,350,759,850,567,957,356,608
378,284,102,57,334,80,299,101,101,135,295,358,566,112,163,194,222,598,335,43,187,363,190,117,219,73,241,170,150,395,518,879,185,311,76,349,316,64,169,317,205,62,256,116,258,322,195,329,107,219
346,215,111,37,241,54,232,78,66,114,219,309,490,163,81,157,200,513,280,37,147,268,167,113,163,55,164,132,114,341,401,733,150,233,58,267,211,28,119,258,155,55,206,100,195,236,174,257,83,204
349,225,117,44,282,68,255,91,74,107,242,332,545,194,157,83,232,528,287,35,159,284,194,122,177,61,173,147,132,368,413,799,174,270,63,305,256,43,143,288,186,66,221,110,215,256,181,292,97,206
398,312,128,53,361,77,345,119,111,163,344,377,613,222,200,232,137,631,401,48,193,397,216,141,224,85,217,190,184,496,550,982,186,359,105,422,346,58,178,372,245,69,274,143,282,335,216,370,134,243
860,765,414,134,910,176,834,268,332,368,794,987,1470,598,513,528,631,868,917,98,510,910,546,346,579,250,597,436,464,1083,1407,2457,485,805,205,961,832,135,449,951,611,179,687,329,725,792,606,961,360,630
516,440,209,84,509,108,490,141,167,194,436,579,925,335,280,287,401,917,261,71,295,522,286,208,317,141,337,242,245,632,751,1386,282,515,129,557,469,80,242,537,337,96,385,191,395,482,310,522,213,368
90,52,26,9,70,16,68,20,18,29,54,61,121,43,37,35,48,98,71,3,22,72,33,24,42,14,53,25,26,79,107,188,32,61,10,66,50,11,37,70,47,17,39,21,62,42,45,70,14,53
328,242,91,49,290,76,287,90,85,129,245,290,525,187,147,159,193,510,295,22,87,310,152,93,170,78,178,113,136,332,442,799,146,246,64,261,273,43,114,305,180,56,265,105,220,254,171,318,97,186
505,459,205,85,554,121,539,182,178,211,421,607,958,363,268,284,397,910,522,72,310,292,315,209,355,146,383,240,261,664,760,1456,279,476,118,580,509,81,260,528,338,109,392,194,447,480,359,528,191,332
346,258,100,60,281,78,293,102,100,143,269,317,530,190,167,194,216,546,286,33,152,315,98,117,173,80,201,144,141,378,441,848,154,297,65,318,291,47,165,338,202,54,234,119,251,293,189,295,96,207
183,196,75,35,197,46,199,67,62,99,160,236,351,117,113,122,141,346,208,24,93,209,117,28,123,49,134,95,91,255,293,531,111,211,39,192,181,32,101,206,131,59,139,77,155,172,121,202,72,136
385,296,117,59,314,75,324,98,125,169,322,409,599,219,163,177,224,579,317,42,170,355,173,123,88,92,222,149,130,384,482,900,167,286,67,343,288,52,154,323,206,72,262,128,242,318,187,352,111,214
127,114,35,30,150,38,142,39,38,61,121,142,256,73,55,61,85,250,141,14,78,146,80,49,92,17,90,56,64,165,210,331,62,121,26,120,124,16,70,148,85,35,110,50,106,118,88,138,45,96
350,305,107,76,389,94,365,111,116,166,319,402,604,241,164,173,217,597,337,53,178,383,201,134,222,90,117,167,162,384,511,905,164,338,72,344,343,51,159,361,228,83,278,138,274,311,215,334,125,233
267,202,97,43,241,60,242,79,82,122,213,243,423,170,132,147,190,436,242,25,113,240,144,95,149,56,167,52,98,315,370,673,139,222,53,245,225,34,113,232,144,35,220,101,161,213,152,237,92,160
281,216,100,51,245,68,250,84,73,108,211,293,463,150,114,132,184,464,245,26,136,261,141,91,130,64,162,98,62,297,383,707,137,234,68,248,237,46,124,248,181,48,191,95,197,257,162,251,93,182
611,459,250,105,628,128,596,155,230,254,508,669,1142,395,341,368,496,1083,632,79,332,664,378,255,384,165,384,315,297,384,988,1779,316,569,137,688,578,118,321,681,437,124,514,223,475,601,389,651,218,407
719,623,297,121,824,136,728,232,252,307,606,863,1353,518,401,413,550,1407,751,107,442,760,441,293,482,210,511,370,383,988,566,1997,433,690,179,795,712,151,364,784,523,153,582,291,635,734,478,771,295,480
1188,1203,601,224,1441,261,1356,418,507,561,1188,1651,2416,879,733,799,982,2457,1386,188,799,1456,848,531,900,331,905,673,707,1779,1997,1873,708,1328,340,1461,1338,229,724,1458,899,316,1052,527,1116,1281,893,1387,530,914
249,249,116,39,279,60,254,85,101,114,220,298,484,185,150,174,186,485,282,32,146,279,154,111,167,62,164,139,137,316,433,708,61,256,58,283,256,42,132,291,161,61,196,100,212,255,157,268,98,196
461,421,199,74,482,110,467,144,153,195,413,510,843,311,233,270,359,805,515,61,246,476,297,211,286,121,338,222,234,569,690,1328,256,203,105,544,438,74,238,550,320,83,388,202,380,402,269,473,174,286
119,83,47,17,126,29,105,38,35,43,86,148,228,76,58,63,105,205,129,10,64,118,65,39,67,26,72,53,68,137,179,340,58,105,13,133,109,19,59,118,88,20,81,38,88,95,65,112,37,72
544,435,210,81,547,125,498,170,172,231,461,568,958,349,267,305,422,961,557,66,261,580,318,192,343,120,344,245,248,688,795,1461,283,544,133,281,500,74,268,560,342,95,396,197,392,499,318,554,194,352
484,412,178,62,444,106,441,149,147,198,394,528,898,316,211,256,346,832,469,50,273,509,291,181,288,124,343,225,237,578,712,1338,256,438,109,500,249,71,240,485,317,111,352,183,395,427,285,446,147,305
82,66,37,9,86,16,88,37,29,33,67,107,158,64,28,43,58,135,80,11,43,81,47,32,52,16,51,34,46,118,151,229,42,74,19,74,71,6,38,93,59,20,70,31,72,70,48,86,31,55
273,216,108,47,273,54,227,73,93,115,222,266,436,169,119,143,178,449,242,37,114,260,165,101,154,70,159,113,124,321,364,724,132,238,59,268,240,38,72,249,165,48,195,83,189,234,147,269,84,173
512,454,206,95,536,109,532,164,154,216,466,590,989,317,258,288,372,951,537,70,305,528,338,206,323,148,361,232,248,681,784,1458,291,550,118,560,485,93,249,290,368,112,379,216,438,431,309,548,195,360
304,257,127,64,341,72,316,95,110,141,287,365,625,205,155,186,245,611,337,47,180,338,202,131,206,85,228,144,181,437,523,899,161,320,88,342,317,59,165,368,109,66,260,127,250,324,213,327,153,236
113,93,39,21,124,30,107,23,27,46,86,123,191,62,55,66,69,179,96,17,56,109,54,59,72,35,83,35,48,124,153,316,61,83,20,95,111,20,48,112,66,10,81,36,85,97,57,119,39,78
324,336,157,71,390,92,358,104,113,150,340,437,694,256,206,221,274,687,385,39,265,392,234,139,262,110,278,220,191,514,582,1052,196,388,81,396,352,70,195,379,260,81,142,150,350,358,259,389,133,257
181,148,69,39,200,48,181,55,55,75,152,209,350,116,100,110,143,329,191,21,105,194,119,77,128,50,138,101,95,223,291,527,100,202,38,197,183,31,83,216,127,36,150,44,162,192,122,198,60,117
439,335,170,68,396,98,389,113,115,192,343,449,759,258,195,215,282,725,395,62,220,447,251,155,242,106,274,161,197,475,635,1116,212,380,88,392,395,72,189,438,250,85,350,162,160,373,244,444,141,272
426,387,180,70,482,89,437,136,161,179,384,552,850,322,236,256,335,792,482,42,254,480,293,172,318,118,311,213,257,601,734,1281,255,402,95,499,427,70,234,431,324,97,358,192,373,216,305,451,180,333
341,268,102,46,301,67,314,78,97,122,273,343,567,195,174,181,216,606,310,45,171,359,189,121,187,88,215,152,162,389,478,893,157,269,65,318,285,48,147,309,213,57,259,122,244,305,68,351,106,220
514,439,213,71,520,96,461,171,182,219,439,568,957,329,257,292,370,961,522,70,318,528,295,202,352,138,334,237,251,651,771,1387,268,473,112,554,446,86,269,548,327,119,389,198,444,451,351,245,181,358
177,157,76,18,167,36,150,53,53,73,148,227,356,107,83,97,134,360,213,14,97,191,96,72,111,45,125,92,93,218,295,530,98,174,37,194,147,31,84,195,153,39,133,60,141,180,106,181,31,139
395,290,149,65,358,78,342,143,130,154,297,400,608,219,204,206,243,630,368,53,186,332,207,136,214,96,233,160,182,407,480,914,196,286,72,352,305,55,173,360,236,78,257,117,272,333,220,358,139,126
