291,458,213,87,501,120,441,192,181,252,471,494,841,391,301,333,356,864,522,61,317,489,341,206,383,150,385,269,327,597,702,1233,248,487,93,527,467,89,248,490,315,115,388,185,445,425,322,465,172,398
458,203,181,68,443,115,427,151,140,171,358,472,775,285,233,253,312,758,443,41,253,456,262,167,257,95,287,198,204,515,650,1225,219,419,88,439,389,70,225,476,306,104,325,161,331,397,270,432,170,295
213,181,39,42,208,57,215,57,64,94,169,213,356,141,113,120,135,368,204,22,112,217,131,91,141,45,144,70,93,223,305,533,112,190,40,188,204,33,112,229,143,54,142,81,183,180,146,227,79,131
87,68,42,9,87,19,86,25,26,40,72,100,139,62,57,62,54,145,74,8,54,85,58,30,67,27,51,46,50,111,122,202,45,81,24,84,72,15,46,70,41,18,57,34,75,61,64,81,39,56
501,443,208,87,256,94,505,152,161,220,434,553,891,342,262,297,388,909,514,53,295,532,304,216,341,143,357,226,257,616,755,1439,269,479,117,581,479,79,260,542,359,101,397,197,405,477,314,532,190,343
120,115,57,19,94,9,105,38,38,53,90,120,196,81,70,71,71,185,97,14,82,103,80,47,89,28,72,51,54,126,155,283,54,97,22,121,106,19,65,116,78,26,84,40,101,97,80,105,44,85
441,427,215,86,505,105,256,144,143,205,440,529,899,317,257,280,353,918,483,54,275,471,316,212,314,147,330,216,268,602,706,1371,297,454,113,498,420,82,263,516,305,101,355,176,371,456,302,495,176,314
192,151,57,25,152,38,144,30,54,71,131,164,252,104,92,81,113,291,149,16,86,161,97,57,93,41,103,70,81,179,243,410,90,134,36,154,150,14,86,166,100,22,121,68,116,152,109,151,75,110
181,140,64,26,161,38,143,54,29,73,145,196,306,111,87,104,124,294,167,24,93,174,83,83,80,42,102,88,83,207,223,462,79,158,35,183,154,18,88,181,105,30,158,68,133,151,91,170,48,102
252,171,94,40,220,53,205,71,73,39,171,222,329,155,120,137,170,319,227,29,112,239,129,89,148,50,114,107,114,245,323,503,108,216,45,236,217,34,104,204,127,43,145,79,146,164,136,216,64,155
471,358,169,72,434,90,440,131,145,171,187,485,744,277,239,263,293,721,432,50,238,453,236,176,269,105,284,203,226,511,616,1137,224,432,108,474,427,68,222,451,298,94,324,165,333,379,293,420,156,309
494,472,213,100,553,120,529,164,196,222,485,311,1010,360,297,291,399,1065,543,72,281,568,305,200,379,137,363,277,297,682,820,1520,306,531,126,578,503,106,272,590,374,101,387,218,417,520,372,601,224,370
841,775,356,139,891,196,899,252,306,329,744,1010,815,562,470,509,651,1451,937,109,465,920,545,366,613,237,582,473,430,1126,1374,2477,472,852,183,1010,848,163,447,1034,617,163,667,337,715,800,599,947,306,639
391,285,141,62,342,81,317,104,111,155,277,360,562,115,181,194,238,548,326,50,176,358,214,140,212,97,228,137,183,413,438,880,177,319,79,330,334,52,162,342,205,71,269,130,248,317,199,349,138,253
301,233,113,57,262,70,257,92,87,120,239,297,470,181,62,118,182,453,253,37,147,252,143,122,173,57,175,117,132,327,387,742,146,266,59,297,258,37,144,263,157,42,181,103,199,237,158,283,88,194
333,253,120,62,297,71,280,81,104,137,263,291,509,194,118,66,195,514,279,38,164,293,166,122,172,61,176,133,141,377,489,837,169,279,73,300,251,47,138,297,179,57,212,96,222,267,179,328,90,227
356,312,135,54,388,71,353,113,124,170,293,399,651,238,182,195,115,683,374,57,200,365,195,147,206,85,222,170,170,473,567,980,193,357,90,382,343,69,168,383,242,70,287,159,253,333,205,366,134,265
864,758,368,145,909,185,918,291,294,319,721,1065,1451,548,453,514,683,798,950,87,500,944,531,327,580,226,584,462,418,1135,1330,2488,473,849,201,1012,859,144,448,992,599,174,671,319,691,817,580,928,309,614
522,443,204,74,514,97,483,149,167,227,432,543,937,326,253,279,374,950,293,58,301,491,300,203,309,117,309,241,254,622,763,1357,253,493,128,506,468,73,245,559,343,101,411,191,412,461,308,473,185,336
61,41,22,8,53,14,54,16,24,29,50,72,109,50,37,38,57,87,58,4,40,59,30,29,41,15,39,22,31,77,92,195,34,51,18,56,63,10,27,57,40,7,42,27,44,56,37,73,27,32
317,253,112,54,295,82,275,86,93,112,238,281,465,176,147,164,200,500,301,40,70,282,174,107,180,61,163,112,127,354,392,769,157,242,64,268,250,36,163,287,203,60,224,104,200,243,176,296,109,179
489,456,217,85,532,103,471,161,174,239,453,568,920,358,252,293,365,944,491,59,282,254,302,207,301,140,346,215,254,639,752,1468,263,507,133,494,469,80,238,557,338,103,368,188,407,492,305,520,194,353
341,262,131,58,304,80,316,97,83,129,236,305,545,214,143,166,195,531,300,30,174,302,79,115,188,71,204,140,138,376,416,800,153,291,71,325,287,42,155,305,187,68,240,122,221,277,206,291,87,206
206,167,91,30,216,47,212,57,83,89,176,200,366,140,122,122,147,327,203,29,107,207,115,35,136,53,147,89,104,234,303,540,103,192,48,190,186,26,94,181,133,43,141,68,166,196,129,191,73,157
383,257,141,67,341,89,314,93,80,148,269,379,613,212,173,172,206,580,309,41,180,301,188,136,88,84,209,158,160,400,471,886,190,338,76,344,336,56,156,347,215,61,273,117,244,280,195,343,111,242
150,95,45,27,143,28,147,41,42,50,105,137,237,97,57,61,85,226,117,15,61,140,71,53,84,10,79,48,63,171,202,363,79,125,32,147,131,19,70,130,81,27,89,46,103,104,86,122,45,76
385,287,144,51,357,72,330,103,102,114,284,363,582,228,175,176,222,584,309,39,163,346,204,147,209,79,98,136,143,436,510,925,190,318,72,340,307,68,164,362,222,61,264,113,255,294,217,344,124,199
269,198,70,46,226,51,216,70,88,107,203,277,473,137,117,133,170,462,241,22,112,215,140,89,158,48,136,57,119,293,388,707,156,223,52,252,245,30,115,213,179,49,200,88,218,224,139,238,84,190
327,204,93,50,257,54,268,81,83,114,226,297,430,183,132,141,170,418,254,31,127,254,138,104,160,63,143,119,70,336,383,685,123,252,55,264,250,47,125,255,165,55,202,86,204,230,149,262,93,170
597,515,223,111,616,126,602,179,207,245,511,682,1126,413,327,377,473,1135,622,77,354,639,376,234,400,171,436,293,336,400,943,1836,328,562,129,689,604,101,296,657,410,126,484,229,498,592,411,644,220,436
702,650,305,122,755,155,706,243,223,323,616,820,1374,438,387,489,567,1330,763,92,392,752,416,303,471,202,510,388,383,943,600,2145,392,701,146,830,692,125,389,831,477,164,592,266,562,668,477,742,275,509
1233,1225,533,202,1439,283,1371,410,462,503,1137,1520,2477,880,742,837,980,2488,1357,195,769,1468,800,540,886,363,925,707,685,1836,2145,1912,668,1274,311,1609,1327,246,678,1493,908,278,1005,496,1089,1268,882,1450,482,946
248,219,112,45,269,54,297,90,79,108,224,306,472,177,146,169,193,473,253,34,157,263,153,103,190,79,190,156,123,328,392,668,59,258,63,307,252,47,134,289,165,55,177,111,216,249,179,290,92,192
487,419,190,81,479,97,454,134,158,216,432,531,852,319,266,279,357,849,493,51,242,507,291,192,338,125,318,223,252,562,701,1274,258,229,106,499,476,73,254,520,315,78,343,169,384,426,322,479,190,309
93,88,40,24,117,22,113,36,35,45,108,126,183,79,59,73,90,201,128,18,64,133,71,48,76,32,72,52,55,129,146,311,63,106,14,126,105,17,53,126,72,29,86,52,94,116,73,116,37,77
527,439,188,84,581,121,498,154,183,236,474,578,1010,330,297,300,382,1012,506,56,268,494,325,190,344,147,340,252,264,689,830,1609,307,499,126,294,510,89,257,610,360,99,437,218,403,489,335,564,205,367
467,389,204,72,479,106,420,150,154,217,427,503,848,334,258,251,343,859,468,63,250,469,287,186,336,131,307,245,250,604,692,1327,252,476,105,510,218,91,245,494,295,96,349,186,381,440,306,514,175,352
89,70,33,15,79,19,82,14,18,34,68,106,163,52,37,47,69,144,73,10,36,80,42,26,56,19,68,30,47,101,125,246,47,73,17,89,91,10,34,92,53,14,69,27,69,83,60,85,28,68
248,225,112,46,260,65,263,86,88,104,222,272,447,162,144,138,168,448,245,27,163,238,155,94,156,70,164,115,125,296,389,678,134,254,53,257,245,34,65,260,156,51,196,88,165,205,153,256,95,175
490,476,229,70,542,116,516,166,181,204,451,590,1034,342,263,297,383,992,559,57,287,557,305,181,347,130,362,213,255,657,831,1493,289,520,126,610,494,92,260,279,354,102,405,187,375,533,330,511,197,343
315,306,143,41,359,78,305,100,105,127,298,374,617,205,157,179,242,599,343,40,203,338,187,133,215,81,222,179,165,410,477,908,165,315,72,360,295,53,156,354,111,62,254,121,269,313,189,308,117,218
115,104,54,18,101,26,101,22,30,43,94,101,163,71,42,57,70,174,101,7,60,103,68,43,61,27,61,49,55,126,164,278,55,78,29,99,96,14,51,102,62,12,58,45,85,99,67,102,39,63
388,325,142,57,397,84,355,121,158,145,324,387,667,269,181,212,287,671,411,42,224,368,240,141,273,89,264,200,202,484,592,1005,177,343,86,437,349,69,196,405,254,58,130,149,304,336,222,375,106,261
185,161,81,34,197,40,176,68,68,79,165,218,337,130,103,96,159,319,191,27,104,188,122,68,117,46,113,88,86,229,266,496,111,169,52,218,186,27,88,187,121,45,149,29,153,173,105,183,68,126
445,331,183,75,405,101,371,116,133,146,333,417,715,248,199,222,253,691,412,44,200,407,221,166,244,103,255,218,204,498,562,1089,216,384,94,403,381,69,165,375,269,85,304,153,178,390,214,448,132,288
425,397,180,61,477,97,456,152,151,164,379,520,800,317,237,267,333,817,461,56,243,492,277,196,280,104,294,224,230,592,668,1268,249,426,116,489,440,83,205,533,313,99,336,173,390,201,293,460,167,310
322,270,146,64,314,80,302,109,91,136,293,372,599,199,158,179,205,580,308,37,176,305,206,129,195,86,217,139,149,411,477,882,179,322,73,335,306,60,153,330,189,67,222,105,214,293,104,352,127,205
465,432,227,81,532,105,495,151,170,216,420,601,947,349,283,328,366,928,473,73,296,520,291,191,343,122,344,238,262,644,742,1450,290,479,116,564,514,85,256,511,308,102,375,183,448,460,352,242,192,348
172,170,79,39,190,44,176,75,48,64,156,224,306,138,88,90,134,309,185,27,109,194,87,73,111,45,124,84,93,220,275,482,92,190,37,205,175,28,95,197,117,39,106,68,132,167,127,192,21,128
398,295,131,56,343,85,314,110,102,155,309,370,639,253,194,227,265,614,336,32,179,353,206,157,242,76,199,190,170,436,509,946,192,309,77,367,352,68,175,343,218,63,261,126,288,310,205,348,128,128
