259,465,210,86,485,112,493,204,164,243,425,542,844,353,276,302,377,792,524,52,316,502,356,202,375,158,353,296,280,612,699,1177,225,502,121,534,482,85,292,440,315,116,350,195,459,417,327,504,174,374
465,179,148,74,481,107,420,125,160,175,417,468,829,272,196,221,327,799,473,60,236,456,267,176,251,96,260,184,210,577,656,1253,223,441,98,464,387,77,224,490,264,73,323,163,336,440,248,455,175,317
210,148,43,41,199,51,190,55,63,79,193,228,365,118,99,114,142,368,195,35,108,211,112,73,115,43,102,99,81,246,318,566,105,192,45,197,184,30,96,201,133,31,186,69,163,176,114,232,70,130
86,74,41,6,84,19,70,18,31,34,64,103,135,50,49,55,50,127,88,12,40,87,61,32,72,28,61,51,42,118,113,234,40,76,20,82,72,14,37,98,53,14,68,28,60,90,55,84,28,65
485,481,199,84,248,127,512,153,193,216,432,571,971,354,292,326,372,966,504,68,283,547,328,225,351,138,384,246,261,678,746,1534,271,459,124,532,458,85,247,551,352,104,392,207,436,465,320,588,198,338
112,107,51,19,127,7,100,30,34,49,95,139,193,63,61,66,85,187,112,14,68,124,74,47,94,35,75,60,57,151,172,295,60,98,30,123,97,20,55,151,73,24,87,44,92,109,81,99,46,76
493,420,190,70,512,100,214,128,167,183,443,557,875,281,266,289,382,874,517,68,261,524,260,184,315,140,325,239,233,667,725,1367,253,459,119,528,436,79,247,535,307,117,357,192,346,452,308,469,185,303
204,125,55,18,153,30,128,21,48,69,135,154,263,82,75,83,107,266,139,24,73,166,103,71,99,51,105,86,70,196,230,392,75,144,34,168,134,25,65,158,79,33,104,62,101,140,89,145,52,99
164,160,63,31,193,34,167,48,25,82,150,178,310,101,97,110,129,322,177,13,81,170,87,78,106,47,120,83,75,214,258,470,92,146,41,159,170,23,82,211,111,28,141,62,138,156,94,177,63,112
243,175,79,34,216,49,183,69,82,48,177,218,327,127,106,133,160,309,218,16,108,219,126,88,143,49,137,98,118,235,310,509,79,215,40,203,193,35,106,224,150,40,143,78,173,168,138,203,77,155
425,417,193,64,432,95,443,135,150,177,174,470,736,292,217,248,331,766,458,53,247,455,239,179,276,111,282,214,204,528,668,1184,239,412,95,477,437,83,197,452,301,77,306,175,350,425,265,428,166,292
542,468,228,103,571,139,557,154,178,218,470,342,1034,347,303,327,377,1012,592,59,341,577,362,226,394,144,376,240,287,671,936,1676,338,532,120,618,517,101,253,608,373,149,459,212,451,536,352,575,209,362
844,829,365,135,971,193,875,263,310,327,736,1034,845,515,471,521,665,1519,930,113,519,931,583,358,613,222,590,414,431,1218,1407,2467,527,833,201,1044,817,168,464,1000,610,166,707,343,710,850,587,984,321,565
353,272,118,50,354,63,281,82,101,127,292,347,515,122,185,183,222,552,325,41,164,348,160,138,196,82,221,142,191,401,471,873,158,319,62,344,323,48,161,334,197,68,251,127,243,314,200,320,118,214
276,196,99,49,292,61,266,75,97,106,217,303,471,185,83,121,173,484,253,25,153,251,159,115,157,72,192,119,136,330,396,762,123,258,66,289,268,44,118,305,168,51,206,90,217,265,157,296,99,178
302,221,114,55,326,66,289,83,110,133,248,327,521,183,121,69,207,532,292,40,144,283,162,121,163,66,190,128,139,351,425,841,144,297,64,293,287,30,138,308,161,46,231,77,219,279,175,322,112,199
377,327,142,50,372,85,382,107,129,160,331,377,665,222,173,207,148,679,411,42,190,391,218,173,272,91,252,187,174,460,550,994,172,320,84,399,359,55,195,408,243,77,275,136,304,339,226,407,134,251
792,799,368,127,966,187,874,266,322,309,766,1012,1519,552,484,532,679,853,977,90,509,936,534,398,622,247,600,416,462,1183,1443,2498,501,811,200,963,824,158,456,973,601,171,704,367,722,878,548,965,332,580
524,473,195,88,504,112,517,139,177,218,458,592,930,325,253,292,411,977,262,48,259,480,314,217,356,117,327,240,241,688,752,1401,302,485,125,594,496,81,278,543,331,96,386,199,410,461,317,569,211,387
52,60,35,12,68,14,68,24,13,16,53,59,113,41,25,40,42,90,48,7,38,70,34,26,32,12,39,31,28,80,89,170,29,58,11,55,56,13,29,58,34,11,50,24,49,58,26,73,23,43
316,236,108,40,283,68,261,73,81,108,247,341,519,164,153,144,190,509,259,38,64,286,173,121,187,72,194,131,144,338,434,808,158,240,66,294,273,50,120,284,190,65,201,102,245,271,167,300,113,172
502,456,211,87,547,124,524,166,170,219,455,577,931,348,251,283,391,936,480,70,286,263,301,206,361,116,341,239,257,658,739,1444,284,467,118,553,485,93,284,524,329,100,358,196,372,444,331,562,206,379
356,267,112,61,328,74,260,103,87,126,239,362,583,160,159,162,218,534,314,34,173,301,109,117,195,68,207,135,154,365,441,823,160,272,75,304,269,47,155,346,195,65,211,100,238,280,192,304,110,205
202,176,73,32,225,47,184,71,78,88,179,226,358,138,115,121,173,398,217,26,121,206,117,38,120,53,127,99,95,273,286,561,114,195,49,208,200,36,115,217,146,43,147,78,139,188,131,176,82,137
375,251,115,72,351,94,315,99,106,143,276,394,613,196,157,163,272,622,356,32,187,361,195,120,103,80,234,132,153,404,468,966,169,325,88,334,343,51,173,349,215,65,255,136,242,308,212,351,134,239
158,96,43,28,138,35,140,51,47,49,111,144,222,82,72,66,91,247,117,12,72,116,68,53,80,19,68,64,46,146,201,331,76,124,21,128,126,17,61,136,86,25,85,64,106,116,82,123,47,90
353,260,102,61,384,75,325,105,120,137,282,376,590,221,192,190,252,600,327,39,194,341,207,127,234,68,117,171,151,404,524,950,189,337,87,315,338,44,153,381,222,74,258,129,282,295,211,329,152,233
296,184,99,51,246,60,239,86,83,98,214,240,414,142,119,128,187,416,240,31,131,239,135,99,132,64,171,50,110,277,349,653,133,236,47,233,236,54,125,230,158,55,180,89,183,202,134,245,91,154
280,210,81,42,261,57,233,70,75,118,204,287,431,191,136,139,174,462,241,28,144,257,154,95,153,46,151,110,53,294,378,720,159,224,52,254,231,48,117,270,174,51,177,102,200,248,149,270,97,185
612,577,246,118,678,151,667,196,214,235,528,671,1218,401,330,351,460,1183,688,80,338,658,365,273,404,146,404,277,294,380,1017,1935,388,547,160,664,584,112,330,725,440,127,499,235,530,622,387,681,263,376
699,656,318,113,746,172,725,230,258,310,668,936,1407,471,396,425,550,1443,752,89,434,739,441,286,468,201,524,349,378,1017,581,2134,426,707,185,802,707,126,371,804,505,149,585,292,593,704,477,792,284,495
1177,1253,566,234,1534,295,1367,392,470,509,1184,1676,2467,873,762,841,994,2498,1401,170,808,1444,823,561,966,331,950,653,720,1935,2134,1932,746,1339,291,1463,1315,256,687,1569,968,305,1040,547,1123,1317,942,1413,518,912
225,223,105,40,271,60,253,75,92,79,239,338,527,158,123,144,172,501,302,29,158,284,160,114,169,76,189,133,159,388,426,746,68,263,59,279,247,49,121,302,176,62,230,114,215,255,169,292,96,145
502,441,192,76,459,98,459,144,146,215,412,532,833,319,258,297,320,811,485,58,240,467,272,195,325,124,337,236,224,547,707,1339,263,215,112,500,474,88,223,519,335,97,342,169,390,437,285,502,171,331
121,98,45,20,124,30,119,34,41,40,95,120,201,62,66,64,84,200,125,11,66,118,75,49,88,21,87,47,52,160,185,291,59,112,16,115,102,20,49,118,65,21,105,36,101,110,74,134,33,74
534,464,197,82,532,123,528,168,159,203,477,618,1044,344,289,293,399,963,594,55,294,553,304,208,334,128,315,233,254,664,802,1463,279,500,115,282,500,79,294,594,353,109,391,202,447,499,334,568,197,361
482,387,184,72,458,97,436,134,170,193,437,517,817,323,268,287,359,824,496,56,273,485,269,200,343,126,338,236,231,584,707,1315,247,474,102,500,213,78,228,522,323,105,334,194,378,396,280,472,161,330
85,77,30,14,85,20,79,25,23,35,83,101,168,48,44,30,55,158,81,13,50,93,47,36,51,17,44,54,48,112,126,256,49,88,20,79,78,6,44,92,60,22,68,37,67,80,50,89,30,47
292,224,96,37,247,55,247,65,82,106,197,253,464,161,118,138,195,456,278,29,120,284,155,115,173,61,153,125,117,330,371,687,121,223,49,294,228,44,64,243,172,51,183,108,197,234,168,259,84,164
440,490,201,98,551,151,535,158,211,224,452,608,1000,334,305,308,408,973,543,58,284,524,346,217,349,136,381,230,270,725,804,1569,302,519,118,594,522,92,243,302,351,91,397,208,432,544,335,548,212,351
315,264,133,53,352,73,307,79,111,150,301,373,610,197,168,161,243,601,331,34,190,329,195,146,215,86,222,158,174,440,505,968,176,335,65,353,323,60,172,351,122,76,226,128,242,317,229,346,126,241
116,73,31,14,104,24,117,33,28,40,77,149,166,68,51,46,77,171,96,11,65,100,65,43,65,25,74,55,51,127,149,305,62,97,21,109,105,22,51,91,76,11,76,41,82,88,59,119,37,72
350,323,186,68,392,87,357,104,141,143,306,459,707,251,206,231,275,704,386,50,201,358,211,147,255,85,258,180,177,499,585,1040,230,342,105,391,334,68,183,397,226,76,155,138,316,354,269,418,146,234
195,163,69,28,207,44,192,62,62,78,175,212,343,127,90,77,136,367,199,24,102,196,100,78,136,64,129,89,102,235,292,547,114,169,36,202,194,37,108,208,128,41,138,30,155,186,123,224,73,147
459,336,163,60,436,92,346,101,138,173,350,451,710,243,217,219,304,722,410,49,245,372,238,139,242,106,282,183,200,530,593,1123,215,390,101,447,378,67,197,432,242,82,316,155,151,358,230,422,143,271
417,440,176,90,465,109,452,140,156,168,425,536,850,314,265,279,339,878,461,58,271,444,280,188,308,116,295,202,248,622,704,1317,255,437,110,499,396,80,234,544,317,88,354,186,358,204,302,482,162,301
327,248,114,55,320,81,308,89,94,138,265,352,587,200,157,175,226,548,317,26,167,331,192,131,212,82,211,134,149,387,477,942,169,285,74,334,280,50,168,335,229,59,269,123,230,302,85,340,116,217
504,455,232,84,588,99,469,145,177,203,428,575,984,320,296,322,407,965,569,73,300,562,304,176,351,123,329,245,270,681,792,1413,292,502,134,568,472,89,259,548,346,119,418,224,422,482,340,251,202,371
174,175,70,28,198,46,185,52,63,77,166,209,321,118,99,112,134,332,211,23,113,206,110,82,134,47,152,91,97,263,284,518,96,171,33,197,161,30,84,212,126,37,146,73,143,162,116,202,27,123
374,317,130,65,338,76,303,99,112,155,292,362,565,214,178,199,251,580,387,43,172,379,205,137,239,90,233,154,185,376,495,912,145,331,74,361,330,47,164,351,241,72,234,147,271,301,217,371,123,100
