272,469,196,93,571,107,503,169,176,255,460,516,828,377,326,341,343,838,489,78,360,526,304,219,349,167,394,278,285,598,678,1164,249,500,115,508,492,88,252,483,303,124,389,180,433,450,353,519,172,374
469,191,163,74,469,117,436,139,145,173,373,499,740,294,218,261,317,745,425,50,238,456,278,152,262,113,293,194,231,484,661,1208,219,412,87,424,417,68,220,490,300,96,327,159,338,447,232,455,146,283
196,163,36,42,207,49,195,63,50,79,154,206,371,120,102,100,133,347,202,21,100,193,111,80,137,46,142,84,86,250,298,584,108,186,40,203,186,30,107,216,124,35,156,56,172,167,121,238,83,124
93,74,42,3,83,15,69,32,32,27,62,90,119,52,52,53,61,131,84,12,45,73,50,34,53,20,47,64,50,106,116,199,35,70,19,100,71,8,35,87,55,24,51,29,73,70,44,71,34,60
571,469,207,83,224,125,480,160,174,197,397,550,929,301,272,280,379,940,512,58,288,527,291,211,342,129,345,234,246,620,834,1439,277,457,126,527,461,91,250,588,363,122,400,202,417,479,312,559,186,379
107,117,49,15,125,8,106,37,41,46,88,126,190,79,65,68,82,195,119,18,55,117,67,45,78,27,71,67,57,139,167,307,66,98,26,137,108,11,52,108,81,28,61,50,95,93,70,119,53,82
503,436,195,69,480,106,210,136,168,174,418,603,906,294,260,282,357,883,499,55,258,490,292,217,333,119,316,222,259,598,717,1387,250,449,102,525,463,82,249,521,310,94,350,205,385,441,278,494,189,337
169,139,63,32,160,37,136,16,52,62,148,185,289,101,73,81,104,280,168,21,84,149,72,58,111,49,121,76,78,190,224,454,87,142,41,158,148,23,64,150,86,28,123,57,128,133,94,156,63,108
176,145,50,32,174,41,168,52,29,62,134,201,286,96,86,100,117,293,181,20,94,164,98,67,94,45,108,69,74,206,270,475,77,157,31,184,154,23,95,190,125,28,125,67,133,153,89,175,55,92
255,173,79,27,197,46,174,62,62,36,164,230,396,142,118,112,161,362,213,27,108,210,137,85,132,58,136,120,110,269,346,541,113,187,61,205,192,41,108,203,144,42,152,74,189,185,118,217,95,132
460,373,154,62,397,88,418,148,134,164,164,468,766,290,225,245,314,730,423,47,236,471,263,185,313,123,303,245,224,554,669,1164,231,398,106,455,411,79,223,449,283,97,328,157,370,373,264,443,148,292
516,499,206,90,550,126,603,185,201,230,468,315,1067,341,299,322,388,1035,584,64,306,582,339,227,376,136,347,234,282,706,861,1588,293,491,140,643,539,101,289,567,368,111,456,216,472,546,343,575,225,363
828,740,371,119,929,190,906,289,286,396,766,1067,848,588,459,499,662,1438,934,114,519,942,558,362,554,237,593,404,435,1130,1361,2491,464,852,231,1068,852,153,459,967,594,195,706,340,672,838,570,898,334,582
377,294,120,52,301,79,294,101,96,142,290,341,588,106,189,194,234,581,344,34,184,355,203,150,219,88,208,153,157,394,500,893,163,294,65,337,312,51,172,374,212,66,277,135,296,281,188,361,119,233
326,218,102,52,272,65,260,73,86,118,225,299,459,189,76,140,169,453,262,39,124,295,157,97,176,70,176,124,109,339,383,732,155,232,59,254,265,40,133,293,184,46,215,91,224,251,159,277,88,180
341,261,100,53,280,68,282,81,100,112,245,322,499,194,140,90,186,483,277,34,149,304,153,113,189,72,202,126,138,358,432,798,155,259,70,296,277,47,142,316,203,57,226,90,210,284,151,303,116,192
343,317,133,61,379,82,357,104,117,161,314,388,662,234,169,186,114,638,373,53,195,379,190,136,241,97,233,167,180,441,521,1038,194,317,77,369,351,61,200,389,234,70,287,149,291,325,220,381,135,234
838,745,347,131,940,195,883,280,293,362,730,1035,1438,581,453,483,638,800,880,124,527,927,580,376,567,225,575,406,443,1099,1296,2462,483,861,198,1034,825,163,453,940,595,183,703,349,703,832,567,919,331,583
489,425,202,84,512,119,499,168,181,213,423,584,934,344,262,277,373,880,249,71,276,516,295,204,345,135,371,248,253,632,784,1429,263,478,105,528,488,101,255,535,335,106,373,192,388,423,326,528,197,353
78,50,21,12,58,18,55,21,20,27,47,64,114,34,39,34,53,124,71,5,23,56,30,14,45,18,39,28,31,87,106,180,33,49,17,58,65,5,26,59,36,9,43,19,44,47,40,68,21,38
360,238,100,45,288,55,258,84,94,108,236,306,519,184,124,149,195,527,276,23,76,267,177,103,179,70,182,122,159,320,435,851,160,256,55,292,262,41,131,285,169,54,226,99,203,259,157,291,127,168
526,456,193,73,527,117,490,149,164,210,471,582,942,355,295,304,379,927,516,56,267,290,304,213,338,149,360,224,266,665,761,1523,275,500,127,549,473,97,255,535,349,106,397,203,419,463,314,551,213,349
304,278,111,50,291,67,292,72,98,137,263,339,558,203,157,153,190,580,295,30,177,304,96,132,181,78,206,142,147,419,440,827,185,281,77,266,258,51,132,330,197,61,239,104,246,290,192,298,113,204
219,152,80,34,211,45,217,58,67,85,185,227,362,150,97,113,136,376,204,14,103,213,132,42,147,57,136,103,87,229,303,531,116,200,45,220,195,36,88,225,138,41,158,88,173,190,112,212,84,127
349,262,137,53,342,78,333,111,94,132,313,376,554,219,176,189,241,567,345,45,179,338,181,147,109,83,217,158,157,422,488,903,170,315,73,319,313,62,193,366,206,63,243,119,277,321,189,370,108,218
167,113,46,20,129,27,119,49,45,58,123,136,237,88,70,72,97,225,135,18,70,149,78,57,83,12,83,42,74,161,188,372,86,116,29,120,115,18,71,124,87,20,99,42,115,107,85,136,42,100
394,293,142,47,345,71,316,121,108,136,303,347,593,208,176,202,233,575,371,39,182,360,206,136,217,83,120,138,174,415,531,962,182,327,78,329,327,50,160,383,243,66,232,114,259,285,229,342,129,239
278,194,84,64,234,67,222,76,69,120,245,234,404,153,124,126,167,406,248,28,122,224,142,103,158,42,138,62,114,288,337,627,118,212,53,233,236,32,110,242,149,47,195,76,189,206,158,259,77,151
285,231,86,50,246,57,259,78,74,110,224,282,435,157,109,138,180,443,253,31,159,266,147,87,157,74,174,114,50,310,389,711,149,244,70,257,225,41,143,282,193,44,192,94,195,259,169,293,103,145
598,484,250,106,620,139,598,190,206,269,554,706,1130,394,339,358,441,1099,632,87,320,665,419,229,422,161,415,288,310,394,935,1827,341,611,161,660,585,106,277,682,403,133,511,247,478,564,389,667,231,419
678,661,298,116,834,167,717,224,270,346,669,861,1361,500,383,432,521,1296,784,106,435,761,440,303,488,188,531,337,389,935,543,2125,396,755,168,813,693,115,356,806,497,153,559,289,596,709,458,791,283,492
1164,1208,584,199,1439,307,1387,454,475,541,1164,1588,2491,893,732,798,1038,2462,1429,180,851,1523,827,531,903,372,962,627,711,1827,2125,1899,731,1354,329,1603,1279,239,708,1479,947,307,1089,529,1062,1260,864,1452,494,961
249,219,108,35,277,66,250,87,77,113,231,293,464,163,155,155,194,483,263,33,160,275,185,116,170,86,182,118,149,341,396,731,75,238,65,310,279,40,136,282,204,53,216,94,221,244,169,271,90,186
500,412,186,70,457,98,449,142,157,187,398,491,852,294,232,259,317,861,478,49,256,500,281,200,315,116,327,212,244,611,755,1354,238,225,110,506,425,61,218,498,318,97,321,179,367,459,270,498,168,350
115,87,40,19,126,26,102,41,31,61,106,140,231,65,59,70,77,198,105,17,55,127,77,45,73,29,78,53,70,161,168,329,65,110,13,122,93,28,45,127,90,28,83,48,92,117,66,125,49,61
508,424,203,100,527,137,525,158,184,205,455,643,1068,337,254,296,369,1034,528,58,292,549,266,220,319,120,329,233,257,660,813,1603,310,506,122,281,537,76,264,594,357,97,428,189,434,503,318,584,204,331
492,417,186,71,461,108,463,148,154,192,411,539,852,312,265,277,351,825,488,65,262,473,258,195,313,115,327,236,225,585,693,1279,279,425,93,537,239,65,243,481,320,99,344,174,390,401,289,468,171,338
88,68,30,8,91,11,82,23,23,41,79,101,153,51,40,47,61,163,101,5,41,97,51,36,62,18,50,32,41,106,115,239,40,61,28,76,65,2,39,99,61,24,73,36,65,63,49,82,34,68
252,220,107,35,250,52,249,64,95,108,223,289,459,172,133,142,200,453,255,26,131,255,132,88,193,71,160,110,143,277,356,708,136,218,45,264,243,39,48,281,153,46,186,126,211,236,149,253,117,177
483,490,216,87,588,108,521,150,190,203,449,567,967,374,293,316,389,940,535,59,285,535,330,225,366,124,383,242,282,682,806,1479,282,498,127,594,481,99,281,298,361,108,367,190,434,505,318,592,181,375
303,300,124,55,363,81,310,86,125,144,283,368,594,212,184,203,234,595,335,36,169,349,197,138,206,87,243,149,193,403,497,947,204,318,90,357,320,61,153,361,105,62,245,127,268,325,199,349,128,237
124,96,35,24,122,28,94,28,28,42,97,111,195,66,46,57,70,183,106,9,54,106,61,41,63,20,66,47,44,133,153,307,53,97,28,97,99,24,46,108,62,8,77,38,75,96,59,107,41,64
389,327,156,51,400,61,350,123,125,152,328,456,706,277,215,226,287,703,373,43,226,397,239,158,243,99,232,195,192,511,559,1089,216,321,83,428,344,73,186,367,245,77,141,139,294,368,261,389,130,236
180,159,56,29,202,50,205,57,67,74,157,216,340,135,91,90,149,349,192,19,99,203,104,88,119,42,114,76,94,247,289,529,94,179,48,189,174,36,126,190,127,38,139,33,149,172,106,203,54,128
433,338,172,73,417,95,385,128,133,189,370,472,672,296,224,210,291,703,388,44,203,419,246,173,277,115,259,189,195,478,596,1062,221,367,92,434,390,65,211,434,268,75,294,149,182,384,265,432,161,281
450,447,167,70,479,93,441,133,153,185,373,546,838,281,251,284,325,832,423,47,259,463,290,190,321,107,285,206,259,564,709,1260,244,459,117,503,401,63,236,505,325,96,368,172,384,204,301,478,163,320
353,232,121,44,312,70,278,94,89,118,264,343,570,188,159,151,220,567,326,40,157,314,192,112,189,85,229,158,169,389,458,864,169,270,66,318,289,49,149,318,199,59,261,106,265,301,71,332,118,212
519,455,238,71,559,119,494,156,175,217,443,575,898,361,277,303,381,919,528,68,291,551,298,212,370,136,342,259,293,667,791,1452,271,498,125,584,468,82,253,592,349,107,389,203,432,478,332,271,177,346
172,146,83,34,186,53,189,63,55,95,148,225,334,119,88,116,135,331,197,21,127,213,113,84,108,42,129,77,103,231,283,494,90,168,49,204,171,34,117,181,128,41,130,54,161,163,118,177,35,127
374,283,124,60,379,82,337,108,92,132,292,363,582,233,180,192,234,583,353,38,168,349,204,127,218,100,239,151,145,419,492,961,186,350,61,331,338,68,177,375,237,64,236,128,281,320,212,346,127,121
