219,425,212,93,451,114,485,178,170,240,421,526,835,379,316,324,333,789,496,64,314,537,367,204,385,130,340,289,289,567,668,1203,249,469,107,474,448,83,236,459,323,107,355,172,456,400,327,482,158,370
425,190,150,71,418,100,414,138,136,185,359,456,807,255,213,218,353,777,446,46,220,417,256,162,265,118,304,200,209,497,637,1218,229,413,98,448,408,73,225,454,263,61,354,155,331,381,257,447,162,330
212,150,42,35,200,42,202,67,62,78,177,220,367,123,112,117,149,328,203,24,90,199,125,79,118,56,136,98,106,247,313,540,99,204,43,184,191,29,102,195,133,37,152,73,164,194,114,205,67,141
93,71,35,4,68,17,75,25,22,36,87,85,130,55,52,52,48,135,92,15,53,85,69,28,65,30,66,68,41,118,121,194,45,82,16,93,76,18,40,85,42,12,49,26,68,75,52,77,30,61
451,418,200,68,269,87,482,154,154,212,408,518,863,318,311,304,351,840,524,54,285,528,318,188,302,128,337,234,249,645,756,1417,253,445,113,544,507,86,236,525,319,91,371,183,377,451,309,517,190,309
114,100,42,17,87,10,110,28,36,44,91,115,178,68,59,52,81,203,104,14,64,120,71,35,76,32,86,74,52,144,173,306,51,103,32,132,118,23,50,123,62,21,64,47,98,97,80,103,40,86
485,414,202,75,482,110,203,131,166,197,422,504,862,325,252,270,363,854,475,80,257,508,294,169,329,128,351,260,265,631,717,1259,262,441,102,506,433,90,220,496,282,84,346,179,371,447,287,487,177,338
178,138,67,25,154,28,131,22,43,69,131,178,292,84,86,96,103,295,162,18,77,146,78,54,89,35,96,67,65,187,201,419,90,159,42,151,152,27,66,172,92,23,114,58,111,150,86,139,82,103
170,136,62,22,154,36,166,43,28,63,140,153,279,126,88,90,112,318,174,21,72,177,96,69,108,47,111,74,90,190,265,454,87,131,36,145,141,37,92,174,112,37,119,64,143,161,87,192,57,111
240,185,78,36,212,44,197,69,63,46,161,230,364,160,130,104,136,387,215,31,97,214,124,82,154,70,162,103,116,292,326,593,116,171,44,231,185,28,111,215,151,44,171,63,167,193,153,231,84,146
421,359,177,87,408,91,422,131,140,161,180,428,755,326,242,223,306,780,415,51,221,430,260,176,312,126,331,206,225,539,619,1167,226,398,93,492,390,63,193,451,270,79,349,154,378,343,298,457,176,301
526,456,220,85,518,115,504,178,153,230,428,310,952,344,275,314,375,935,513,63,320,559,339,214,332,127,356,259,257,657,834,1493,306,505,144,603,554,106,299,614,353,114,414,229,451,511,344,588,208,375
835,807,367,130,863,178,862,292,279,364,755,952,809,552,449,519,670,1379,905,113,519,870,527,357,589,210,602,459,470,1111,1402,2410,469,797,209,990,778,161,451,960,577,205,695,338,686,817,541,908,321,616
379,255,123,55,318,68,325,84,126,160,326,344,552,104,174,184,219,562,347,40,185,324,227,124,235,80,232,167,167,408,542,886,162,329,86,357,339,46,154,375,223,58,255,127,287,304,187,389,124,253
316,213,112,52,311,59,252,86,88,130,242,275,449,174,55,128,214,474,265,36,138,263,151,110,170,71,175,122,141,355,409,729,122,267,73,270,248,49,132,261,192,52,194,94,217,242,149,263,99,178
324,218,117,52,304,52,270,96,90,104,223,314,519,184,128,82,225,521,290,40,142,311,154,118,183,77,180,140,144,350,448,812,145,268,69,281,278,44,138,312,189,62,203,106,253,273,170,301,120,214
333,353,149,48,351,81,363,103,112,136,306,375,670,219,214,225,138,633,353,40,206,380,208,143,238,85,240,195,183,462,545,995,183,303,87,377,326,60,163,374,229,72,263,128,296,339,250,383,129,258
789,777,328,135,840,203,854,295,318,387,780,935,1379,562,474,521,633,803,889,116,491,893,569,371,566,224,596,483,456,1074,1320,2363,459,811,194,939,807,154,452,923,576,203,671,335,712,799,558,909,318,620
496,446,203,92,524,104,475,162,174,215,415,513,905,347,265,290,353,889,268,79,279,501,304,208,332,136,358,240,259,607,754,1396,274,502,118,533,474,77,242,565,322,106,376,191,406,462,344,508,184,341
64,46,24,15,54,14,80,18,21,31,51,63,113,40,36,40,40,116,79,3,36,81,46,24,32,11,49,29,30,78,93,169,40,60,18,55,83,13,30,62,37,14,51,23,46,56,47,73,19,46
314,220,90,53,285,64,257,77,72,97,221,320,519,185,138,142,206,491,279,36,67,256,152,105,159,75,184,133,150,355,445,811,170,263,52,321,274,46,143,308,213,53,258,104,196,265,196,301,103,197
537,417,199,85,528,120,508,146,177,214,430,559,870,324,263,311,380,893,501,81,256,257,297,189,381,131,362,232,302,652,770,1419,264,502,127,551,503,80,251,478,337,96,386,191,448,483,314,514,176,367
367,256,125,69,318,71,294,78,96,124,260,339,527,227,151,154,208,569,304,46,152,297,93,111,195,80,184,158,168,386,491,834,175,282,87,307,279,47,145,308,197,47,238,119,255,271,195,322,118,211
204,162,79,28,188,35,169,54,69,82,176,214,357,124,110,118,143,371,208,24,105,189,111,35,158,49,141,88,102,239,286,522,96,192,67,198,194,34,108,215,140,32,167,78,149,171,133,221,93,166
385,265,118,65,302,76,329,89,108,154,312,332,589,235,170,183,238,566,332,32,159,381,195,158,110,79,198,138,170,400,539,935,169,294,96,374,321,51,159,383,233,64,256,128,268,294,206,365,128,242
130,118,56,30,128,32,128,35,47,70,126,127,210,80,71,77,85,224,136,11,75,131,80,49,79,21,90,65,73,156,189,378,62,129,35,114,135,15,56,118,84,14,106,50,99,105,94,153,43,101
340,304,136,66,337,86,351,96,111,162,331,356,602,232,175,180,240,596,358,49,184,362,184,141,198,90,113,149,178,423,566,996,181,350,91,345,350,47,158,381,210,51,268,137,266,296,227,364,126,253
289,200,98,68,234,74,260,67,74,103,206,259,459,167,122,140,195,483,240,29,133,232,158,88,138,65,149,48,135,294,373,654,134,223,48,250,247,34,112,259,144,52,163,75,177,212,127,258,87,188
289,209,106,41,249,52,265,65,90,116,225,257,470,167,141,144,183,456,259,30,150,302,168,102,170,73,178,135,73,324,394,723,140,249,69,245,268,47,128,261,153,56,207,105,216,235,146,268,100,192
567,497,247,118,645,144,631,187,190,292,539,657,1111,408,355,350,462,1074,607,78,355,652,386,239,400,156,423,294,324,370,983,1779,339,605,131,626,611,88,335,721,403,135,452,233,512,594,405,667,224,468
668,637,313,121,756,173,717,201,265,326,619,834,1402,542,409,448,545,1320,754,93,445,770,491,286,539,189,566,373,394,983,573,2064,398,763,173,762,717,137,392,819,473,183,639,281,645,695,502,790,269,525
1203,1218,540,194,1417,306,1259,419,454,593,1167,1493,2410,886,729,812,995,2363,1396,169,811,1419,834,522,935,378,996,654,723,1779,2064,1921,717,1341,344,1469,1312,232,695,1466,895,307,1032,510,1151,1251,871,1373,501,945
249,229,99,45,253,51,262,90,87,116,226,306,469,162,122,145,183,459,274,40,170,264,175,96,169,62,181,134,140,339,398,717,65,239,78,289,250,52,135,278,193,52,193,96,213,250,193,276,111,204
469,413,204,82,445,103,441,159,131,171,398,505,797,329,267,268,303,811,502,60,263,502,282,192,294,129,350,223,249,605,763,1341,239,222,106,529,441,83,239,490,300,101,348,179,370,427,299,467,170,340
107,98,43,16,113,32,102,42,36,44,93,144,209,86,73,69,87,194,118,18,52,127,87,67,96,35,91,48,69,131,173,344,78,106,17,121,115,15,62,116,74,23,80,43,111,102,76,119,33,76
474,448,184,93,544,132,506,151,145,231,492,603,990,357,270,281,377,939,533,55,321,551,307,198,374,114,345,250,245,626,762,1469,289,529,121,252,491,77,242,557,327,113,379,193,435,464,329,570,204,343
448,408,191,76,507,118,433,152,141,185,390,554,778,339,248,278,326,807,474,83,274,503,279,194,321,135,350,247,268,611,717,1312,250,441,115,491,204,87,239,471,297,89,336,189,385,412,301,458,153,354
83,73,29,18,86,23,90,27,37,28,63,106,161,46,49,44,60,154,77,13,46,80,47,34,51,15,47,34,47,88,137,232,52,83,15,77,87,5,50,89,63,18,61,31,74,72,52,89,34,70
236,225,102,40,236,50,220,66,92,111,193,299,451,154,132,138,163,452,242,30,143,251,145,108,159,56,158,112,128,335,392,695,135,239,62,242,239,50,56,284,180,36,182,88,199,229,158,245,97,173
459,454,195,85,525,123,496,172,174,215,451,614,960,375,261,312,374,923,565,62,308,478,308,215,383,118,381,259,261,721,819,1466,278,490,116,557,471,89,284,268,344,103,398,186,447,495,336,573,188,355
323,263,133,42,319,62,282,92,112,151,270,353,577,223,192,189,229,576,322,37,213,337,197,140,233,84,210,144,153,403,473,895,193,300,74,327,297,63,180,344,99,76,221,122,267,299,207,325,144,217
107,61,37,12,91,21,84,23,37,44,79,114,205,58,52,62,72,203,106,14,53,96,47,32,64,14,51,52,56,135,183,307,52,101,23,113,89,18,36,103,76,12,69,38,63,99,60,104,46,71
355,354,152,49,371,64,346,114,119,171,349,414,695,255,194,203,263,671,376,51,258,386,238,167,256,106,268,163,207,452,639,1032,193,348,80,379,336,61,182,398,221,69,143,146,325,356,239,367,139,256
172,155,73,26,183,47,179,58,64,63,154,229,338,127,94,106,128,335,191,23,104,191,119,78,128,50,137,75,105,233,281,510,96,179,43,193,189,31,88,186,122,38,146,38,137,185,121,175,67,122
456,331,164,68,377,98,371,111,143,167,378,451,686,287,217,253,296,712,406,46,196,448,255,149,268,99,266,177,216,512,645,1151,213,370,111,435,385,74,199,447,267,63,325,137,160,349,237,408,159,314
400,381,194,75,451,97,447,150,161,193,343,511,817,304,242,273,339,799,462,56,265,483,271,171,294,105,296,212,235,594,695,1251,250,427,102,464,412,72,229,495,299,99,356,185,349,214,284,484,148,305
327,257,114,52,309,80,287,86,87,153,298,344,541,187,149,170,250,558,344,47,196,314,195,133,206,94,227,127,146,405,502,871,193,299,76,329,301,52,158,336,207,60,239,121,237,284,91,347,110,228
482,447,205,77,517,103,487,139,192,231,457,588,908,389,263,301,383,909,508,73,301,514,322,221,365,153,364,258,268,667,790,1373,276,467,119,570,458,89,245,573,325,104,367,175,408,484,347,274,193,363
158,162,67,30,190,40,177,82,57,84,176,208,321,124,99,120,129,318,184,19,103,176,118,93,128,43,126,87,100,224,269,501,111,170,33,204,153,34,97,188,144,46,139,67,159,148,110,193,34,119
370,330,141,61,309,86,338,103,111,146,301,375,616,253,178,214,258,620,341,46,197,367,211,166,242,101,253,188,192,468,525,945,204,340,76,343,354,70,173,355,217,71,256,122,314,305,228,363,119,115
