245,435,216,69,496,87,456,172,146,247,461,523,812,398,300,341,370,831,486,59,319,491,326,217,393,152,381,301,298,597,735,1204,235,478,100,504,458,77,272,473,297,109,370,195,450,428,317,501,178,370
435,177,194,78,405,100,418,132,157,204,389,484,781,289,237,229,316,793,438,53,257,479,244,178,276,111,272,201,228,547,663,1214,238,429,99,442,401,70,220,444,267,78,325,163,298,380,283,423,175,310
216,194,44,32,219,37,200,47,72,80,183,232,368,134,93,100,136,328,212,21,110,232,121,95,135,50,152,92,118,240,324,565,108,178,40,213,191,28,96,217,169,46,162,78,170,191,122,200,72,135
69,78,32,9,74,22,81,19,27,41,88,84,146,55,46,57,57,151,86,9,50,86,58,40,61,25,69,41,38,100,121,231,43,86,23,86,82,12,44,82,58,30,70,30,67,64,43,82,24,63
496,405,219,74,252,111,490,159,167,227,448,561,917,347,285,319,401,929,542,57,293,546,319,215,343,136,321,231,253,676,759,1424,272,477,117,548,487,86,255,490,306,106,419,200,402,458,329,503,190,389
87,100,37,22,111,16,107,35,38,56,99,116,198,67,65,73,100,198,128,15,63,111,81,41,76,38,100,53,66,138,173,307,64,98,19,115,110,19,66,106,76,25,86,51,100,116,66,91,32,80
456,418,200,81,490,107,227,133,162,211,422,546,898,325,255,300,353,821,516,54,254,483,290,196,327,132,350,220,235,624,724,1290,250,467,107,526,413,91,250,524,312,103,377,188,401,456,266,470,170,341
172,132,47,19,159,35,133,20,45,55,128,170,261,100,88,94,94,298,175,21,94,163,93,61,104,55,111,65,69,213,236,433,81,149,40,133,163,20,87,158,93,34,117,61,146,141,74,154,62,95
146,157,72,27,167,38,162,45,30,68,149,165,303,124,92,83,107,282,179,20,88,175,93,61,99,43,120,87,88,205,227,450,100,136,41,173,150,15,88,183,113,40,131,65,130,159,134,184,76,114
247,204,80,41,227,56,211,55,68,56,161,206,342,116,118,138,149,345,200,29,129,222,152,90,126,52,152,101,105,260,320,542,131,195,50,228,205,39,116,203,109,46,157,80,156,212,117,206,84,146
461,389,183,88,448,99,422,128,149,161,172,476,791,266,249,258,304,758,443,53,258,467,250,153,275,98,284,200,224,565,646,1157,248,405,92,466,403,62,229,425,252,96,297,157,345,401,280,419,176,301
523,484,232,84,561,116,546,170,165,206,476,293,960,363,328,314,428,986,568,68,282,631,346,201,341,159,398,239,265,744,824,1587,292,502,131,586,525,101,300,579,366,116,430,195,463,535,362,582,206,413
812,781,368,146,917,198,898,261,303,342,791,960,811,580,481,521,671,1466,922,105,485,963,527,347,594,217,610,456,442,1110,1402,2461,478,827,208,959,846,157,465,985,630,180,723,328,748,811,581,933,343,612
398,289,134,55,347,67,325,100,124,116,266,363,580,105,170,197,216,570,360,42,172,340,200,115,211,70,198,156,165,409,499,920,147,320,81,363,299,69,172,335,212,66,225,104,271,310,192,314,117,230
300,237,93,46,285,65,255,88,92,118,249,328,481,170,74,133,186,472,288,31,144,275,156,121,196,88,184,128,149,334,394,764,159,248,56,277,265,39,129,283,184,58,213,86,225,245,160,269,107,184
341,229,100,57,319,73,300,94,83,138,258,314,521,197,133,64,222,508,292,37,159,322,163,124,202,74,189,109,149,377,445,837,179,300,61,304,296,43,152,324,189,62,217,88,240,262,190,296,125,209
370,316,136,57,401,100,353,94,107,149,304,428,671,216,186,222,131,675,386,41,224,402,219,145,224,92,254,163,192,466,571,1000,179,358,87,372,358,60,182,385,231,68,291,132,277,348,219,417,151,242
831,793,328,151,929,198,821,298,282,345,758,986,1466,570,472,508,675,824,928,109,486,917,559,363,612,221,603,453,461,1081,1351,2511,494,804,205,977,859,156,462,956,643,184,655,336,739,791,571,896,335,602
486,438,212,86,542,128,516,175,179,200,443,568,922,360,288,292,386,928,253,69,308,526,292,213,325,125,314,247,305,673,796,1426,247,511,99,558,445,82,273,544,330,105,403,194,424,509,329,518,191,337
59,53,21,9,57,15,54,21,20,29,53,68,105,42,31,37,41,109,69,3,29,72,43,34,46,22,37,34,42,83,95,192,32,65,18,67,62,7,23,73,30,13,58,26,51,74,39,58,25,33
319,257,110,50,293,63,254,94,88,129,258,282,485,172,144,159,224,486,308,29,83,311,169,111,178,74,185,123,148,332,444,819,170,258,57,301,264,48,153,303,175,54,230,99,224,272,164,307,106,207
491,479,232,86,546,111,483,163,175,222,467,631,963,340,275,322,402,917,526,72,311,290,299,216,344,147,338,240,281,656,756,1507,284,501,121,533,490,81,275,522,333,94,409,187,422,498,347,494,191,346
326,244,121,58,319,81,290,93,93,152,250,346,527,200,156,163,219,559,292,43,169,299,110,129,198,82,189,150,163,388,453,878,170,294,78,292,275,42,153,317,196,64,212,101,232,271,215,338,113,203
217,178,95,40,215,41,196,61,61,90,153,201,347,115,121,124,145,363,213,34,111,216,129,35,128,51,137,81,108,261,303,484,103,185,49,200,185,40,129,209,128,55,144,66,152,176,150,187,82,139
393,276,135,61,343,76,327,104,99,126,275,341,594,211,196,202,224,612,325,46,178,344,198,128,109,71,220,180,172,433,478,901,198,336,63,325,323,55,164,358,218,74,271,121,240,309,193,342,124,213
152,111,50,25,136,38,132,55,43,52,98,159,217,70,88,74,92,221,125,22,74,147,82,51,71,11,73,69,53,152,205,361,66,139,35,134,123,24,62,124,74,28,92,56,88,115,73,136,55,97
381,272,152,69,321,100,350,111,120,152,284,398,610,198,184,189,254,603,314,37,185,338,189,137,220,73,110,161,168,433,507,924,180,313,87,374,300,54,170,379,198,65,291,140,245,311,232,348,135,257
301,201,92,41,231,53,220,65,87,101,200,239,456,156,128,109,163,453,247,34,123,240,150,81,180,69,161,42,112,286,373,671,104,222,57,256,231,39,106,246,158,55,177,95,198,236,166,228,102,166
298,228,118,38,253,66,235,69,88,105,224,265,442,165,149,149,192,461,305,42,148,281,163,108,172,53,168,112,64,296,373,705,150,252,62,247,222,35,124,253,158,60,218,93,202,247,156,240,108,171
597,547,240,100,676,138,624,213,205,260,565,744,1110,409,334,377,466,1081,673,83,332,656,388,261,433,152,433,286,296,386,963,1900,328,581,135,626,582,108,362,702,410,131,483,237,528,592,397,677,239,444
735,663,324,121,759,173,724,236,227,320,646,824,1402,499,394,445,571,1351,796,95,444,756,453,303,478,205,507,373,373,963,560,2087,413,692,175,805,732,135,408,786,495,164,601,259,607,688,474,771,300,526
1204,1214,565,231,1424,307,1290,433,450,542,1157,1587,2461,920,764,837,1000,2511,1426,192,819,1507,878,484,901,361,924,671,705,1900,2087,1981,743,1329,313,1481,1292,251,665,1497,976,279,1017,514,1117,1269,909,1437,495,925
235,238,108,43,272,64,250,81,100,131,248,292,478,147,159,179,179,494,247,32,170,284,170,103,198,66,180,104,150,328,413,743,79,238,66,262,233,41,132,283,172,59,193,94,223,247,187,288,94,162
478,429,178,86,477,98,467,149,136,195,405,502,827,320,248,300,358,804,511,65,258,501,294,185,336,139,313,222,252,581,692,1329,238,199,99,532,428,68,242,494,305,101,357,183,431,459,275,513,157,326
100,99,40,23,117,19,107,40,41,50,92,131,208,81,56,61,87,205,99,18,57,121,78,49,63,35,87,57,62,135,175,313,66,99,13,113,115,13,60,124,83,27,76,36,88,100,70,115,37,73
504,442,213,86,548,115,526,133,173,228,466,586,959,363,277,304,372,977,558,67,301,533,292,200,325,134,374,256,247,626,805,1481,262,532,113,244,496,86,269,554,350,124,403,214,418,485,327,562,185,363
458,401,191,82,487,110,413,163,150,205,403,525,846,299,265,296,358,859,445,62,264,490,275,185,323,123,300,231,222,582,732,1292,233,428,115,496,225,71,260,448,280,100,364,179,394,415,300,465,172,334
77,70,28,12,86,19,91,20,15,39,62,101,157,69,39,43,60,156,82,7,48,81,42,40,55,24,54,39,35,108,135,251,41,68,13,86,71,5,42,94,42,22,66,39,59,78,65,87,34,57
272,220,96,44,255,66,250,87,88,116,229,300,465,172,129,152,182,462,273,23,153,275,153,129,164,62,170,106,124,362,408,665,132,242,60,269,260,42,68,283,173,46,206,90,219,241,160,264,99,185
473,444,217,82,490,106,524,158,183,203,425,579,985,335,283,324,385,956,544,73,303,522,317,209,358,124,379,246,253,702,786,1497,283,494,124,554,448,94,283,291,336,98,386,171,434,514,361,517,182,358
297,267,169,58,306,76,312,93,113,109,252,366,630,212,184,189,231,643,330,30,175,333,196,128,218,74,198,158,158,410,495,976,172,305,83,350,280,42,173,336,98,53,256,119,226,331,230,349,112,225
109,78,46,30,106,25,103,34,40,46,96,116,180,66,58,62,68,184,105,13,54,94,64,55,74,28,65,55,60,131,164,279,59,101,27,124,100,22,46,98,53,9,73,44,92,84,71,111,43,72
370,325,162,70,419,86,377,117,131,157,297,430,723,225,213,217,291,655,403,58,230,409,212,144,271,92,291,177,218,483,601,1017,193,357,76,403,364,66,206,386,256,73,115,147,329,363,270,386,126,265
195,163,78,30,200,51,188,61,65,80,157,195,328,104,86,88,132,336,194,26,99,187,101,66,121,56,140,95,93,237,259,514,94,183,36,214,179,39,90,171,119,44,147,36,141,155,122,181,88,140
450,298,170,67,402,100,401,146,130,156,345,463,748,271,225,240,277,739,424,51,224,422,232,152,240,88,245,198,202,528,607,1117,223,431,88,418,394,59,219,434,226,92,329,141,162,384,225,404,150,266
428,380,191,64,458,116,456,141,159,212,401,535,811,310,245,262,348,791,509,74,272,498,271,176,309,115,311,236,247,592,688,1269,247,459,100,485,415,78,241,514,331,84,363,155,384,193,292,488,158,321
317,283,122,43,329,66,266,74,134,117,280,362,581,192,160,190,219,571,329,39,164,347,215,150,193,73,232,166,156,397,474,909,187,275,70,327,300,65,160,361,230,71,270,122,225,292,94,305,112,189
501,423,200,82,503,91,470,154,184,206,419,582,933,314,269,296,417,896,518,58,307,494,338,187,342,136,348,228,240,677,771,1437,288,513,115,562,465,87,264,517,349,111,386,181,404,488,305,263,198,373
178,175,72,24,190,32,170,62,76,84,176,206,343,117,107,125,151,335,191,25,106,191,113,82,124,55,135,102,108,239,300,495,94,157,37,185,172,34,99,182,112,43,126,88,150,158,112,198,40,113
370,310,135,63,389,80,341,95,114,146,301,413,612,230,184,209,242,602,337,33,207,346,203,139,213,97,257,166,171,444,526,925,162,326,73,363,334,57,185,358,225,72,265,140,266,321,189,373,113,107
