260,482,207,88,517,103,490,166,172,249,474,525,846,375,313,365,351,784,521,66,336,525,329,192,368,144,389,276,318,631,700,1151,234,483,100,484,449,87,248,489,281,102,383,155,393,427,309,486,154,366
482,205,179,76,433,97,449,121,153,176,362,518,812,284,225,241,337,829,428,33,209,453,257,183,298,98,263,187,230,517,675,1233,269,353,119,464,368,80,219,455,287,78,358,159,344,424,298,457,180,289
207,179,30,29,196,45,197,57,66,76,174,210,366,129,109,118,130,381,196,24,107,184,111,90,146,43,144,93,82,245,305,575,108,177,42,207,188,26,98,183,128,31,145,70,163,179,116,209,72,128
88,76,29,8,88,23,95,26,24,39,62,79,160,59,47,50,65,152,85,11,43,92,69,25,61,23,62,43,54,96,118,216,56,79,18,77,74,17,45,78,61,16,70,40,86,91,61,87,30,65
517,433,196,88,256,118,528,158,155,191,422,567,881,324,280,311,352,918,519,62,269,533,313,201,317,129,385,225,269,653,775,1423,273,462,102,560,454,94,229,577,320,111,429,222,428,491,325,559,181,372
103,97,45,23,118,9,107,29,30,52,86,112,221,88,61,72,87,196,106,23,58,116,89,45,90,31,88,44,73,132,159,312,62,98,25,119,106,22,57,119,70,21,84,51,117,108,78,98,37,82
490,449,197,95,528,107,235,160,152,216,389,537,862,331,250,291,369,863,486,89,272,465,321,191,352,134,339,226,292,599,690,1306,281,482,115,522,456,71,260,509,348,86,368,185,412,470,325,509,173,315
166,121,57,26,158,29,160,23,60,65,115,139,272,98,91,95,98,276,142,25,71,162,97,60,79,33,92,77,62,174,235,399,83,142,36,153,153,26,75,153,88,24,105,57,126,164,82,148,71,108
172,153,66,24,155,30,152,60,24,57,147,200,323,91,85,96,118,325,182,24,85,162,97,61,108,38,108,55,96,209,248,455,91,152,28,165,143,18,82,156,112,40,128,49,129,157,97,189,62,93
249,176,76,39,191,52,216,65,57,40,160,239,361,151,116,126,159,355,231,23,121,228,126,95,141,58,144,94,116,264,299,553,109,204,39,205,218,35,80,200,145,45,155,81,177,185,116,214,78,142
474,362,174,62,422,86,389,115,147,160,176,530,746,273,216,235,312,721,447,46,227,438,272,169,271,118,303,178,223,502,680,1199,233,403,93,426,397,64,197,441,292,91,304,153,327,377,268,439,163,314
525,518,210,79,567,112,537,139,200,239,530,323,999,369,272,308,385,1006,575,65,315,598,300,234,357,135,361,240,264,747,860,1601,293,510,142,588,510,81,285,636,336,112,439,203,444,484,364,613,219,359
846,812,366,160,881,221,862,272,323,361,746,999,798,587,472,547,673,1433,897,115,542,953,549,346,602,231,609,394,462,1116,1385,2403,480,803,198,990,879,154,453,997,554,180,723,315,742,851,570,953,343,601
375,284,129,59,324,88,331,98,91,151,273,369,587,89,164,185,224,604,329,42,201,341,211,122,235,83,214,156,158,390,515,934,193,310,70,339,320,54,154,352,246,73,261,130,273,336,219,337,123,203
313,225,109,47,280,61,250,91,85,116,216,272,472,164,70,133,195,464,255,31,162,241,161,106,173,62,180,130,126,304,390,725,145,248,59,256,230,46,142,281,168,54,207,99,221,258,162,300,92,206
365,241,118,50,311,72,291,95,96,126,235,308,547,185,133,72,196,496,247,28,149,283,180,119,206,62,190,118,145,342,430,809,155,288,66,276,279,48,144,311,192,54,229,102,245,262,173,294,97,203
351,337,130,65,352,87,369,98,118,159,312,385,673,224,195,196,124,648,375,39,216,395,212,150,235,94,249,154,196,458,566,1016,207,342,84,341,327,46,158,423,244,75,271,147,290,331,234,392,130,227
784,829,381,152,918,196,863,276,325,355,721,1006,1433,604,464,496,648,816,910,105,515,888,540,348,614,239,623,426,453,1137,1320,2456,494,832,214,939,832,160,466,978,598,195,660,344,757,817,593,941,354,613
521,428,196,85,519,106,486,142,182,231,447,575,897,329,255,247,375,910,239,65,273,499,299,188,353,115,329,231,240,642,733,1440,282,488,129,538,462,82,268,555,325,104,419,196,401,482,333,524,223,353
66,33,24,11,62,23,89,25,24,23,46,65,115,42,31,28,39,105,65,3,33,62,36,29,42,15,49,31,29,67,108,189,38,63,11,63,69,13,35,84,43,12,45,20,63,68,27,74,19,39
336,209,107,43,269,58,272,71,85,121,227,315,542,201,162,149,216,515,273,33,63,298,154,111,194,75,181,135,128,340,417,836,149,266,59,292,291,40,136,287,175,53,208,86,236,263,185,317,116,174
525,453,184,92,533,116,465,162,162,228,438,598,953,341,241,283,395,888,499,62,298,258,322,192,344,131,363,232,262,629,799,1404,260,512,105,562,479,93,249,565,350,106,420,199,398,523,293,507,198,325
329,257,111,69,313,89,321,97,97,126,272,300,549,211,161,180,212,540,299,36,154,322,85,127,209,65,191,142,159,325,481,821,163,291,54,279,295,56,144,350,206,51,243,109,259,296,181,338,101,220
192,183,90,25,201,45,191,60,61,95,169,234,346,122,106,119,150,348,188,29,111,192,127,42,131,48,132,95,110,223,305,549,110,201,51,200,181,40,86,208,138,39,162,89,158,190,125,214,66,150
368,298,146,61,317,90,352,79,108,141,271,357,602,235,173,206,235,614,353,42,194,344,209,131,107,80,209,139,176,396,494,948,187,303,75,323,297,50,150,364,215,69,276,125,257,268,185,358,112,229
144,98,43,23,129,31,134,33,38,58,118,135,231,83,62,62,94,239,115,15,75,131,65,48,80,19,93,56,53,152,188,373,65,113,25,109,121,18,52,128,103,26,90,51,87,112,83,139,45,80
389,263,144,62,385,88,339,92,108,144,303,361,609,214,180,190,249,623,329,49,181,363,191,132,209,93,130,127,178,426,505,954,204,328,82,305,330,53,166,365,235,60,267,119,269,337,197,349,104,222
276,187,93,43,225,44,226,77,55,94,178,240,394,156,130,118,154,426,231,31,135,232,142,95,139,56,127,44,122,293,354,658,124,206,60,240,213,43,106,273,156,48,198,77,199,227,143,244,83,163
318,230,82,54,269,73,292,62,96,116,223,264,462,158,126,145,196,453,240,29,128,262,159,110,176,53,178,122,63,310,383,713,126,242,62,251,245,47,112,272,176,53,212,78,230,251,124,292,89,186
631,517,245,96,653,132,599,174,209,264,502,747,1116,390,304,342,458,1137,642,67,340,629,325,223,396,152,426,293,310,400,971,1813,368,571,138,662,585,126,303,670,414,118,455,259,551,567,410,693,245,437
700,675,305,118,775,159,690,235,248,299,680,860,1385,515,390,430,566,1320,733,108,417,799,481,305,494,188,505,354,383,971,610,2047,393,728,182,811,698,131,388,834,477,145,594,297,640,692,500,754,308,493
1151,1233,575,216,1423,312,1306,399,455,553,1199,1601,2403,934,725,809,1016,2456,1440,189,836,1404,821,549,948,373,954,658,713,1813,2047,1851,712,1246,313,1527,1291,250,684,1439,928,316,1047,526,1097,1224,852,1408,491,915
234,269,108,56,273,62,281,83,91,109,233,293,480,193,145,155,207,494,282,38,149,260,163,110,187,65,204,124,126,368,393,712,59,235,51,280,262,45,149,292,172,60,216,103,237,234,157,299,88,185
483,353,177,79,462,98,482,142,152,204,403,510,803,310,248,288,342,832,488,63,266,512,291,201,303,113,328,206,242,571,728,1246,235,217,107,512,469,87,219,533,331,101,359,183,411,473,284,503,181,327
100,119,42,18,102,25,115,36,28,39,93,142,198,70,59,66,84,214,129,11,59,105,54,51,75,25,82,60,62,138,182,313,51,107,22,127,111,16,63,124,80,19,100,42,101,124,67,127,39,70
484,464,207,77,560,119,522,153,165,205,426,588,990,339,256,276,341,939,538,63,292,562,279,200,323,109,305,240,251,662,811,1527,280,512,127,262,488,91,242,570,357,109,427,208,395,515,328,590,213,315
449,368,188,74,454,106,456,153,143,218,397,510,879,320,230,279,327,832,462,69,291,479,295,181,297,121,330,213,245,585,698,1291,262,469,111,488,223,88,223,504,305,94,382,158,379,453,288,487,153,339
87,80,26,17,94,22,71,26,18,35,64,81,154,54,46,48,46,160,82,13,40,93,56,40,50,18,53,43,47,126,131,250,45,87,16,91,88,3,33,95,54,15,64,32,68,71,48,78,43,53
248,219,98,45,229,57,260,75,82,80,197,285,453,154,142,144,158,466,268,35,136,249,144,86,150,52,166,106,112,303,388,684,149,219,63,242,223,33,53,278,171,42,173,104,215,249,146,246,92,135
489,455,183,78,577,119,509,153,156,200,441,636,997,352,281,311,423,978,555,84,287,565,350,208,364,128,365,273,272,670,834,1439,292,533,124,570,504,95,278,288,335,123,429,202,422,522,312,561,178,405
281,287,128,61,320,70,348,88,112,145,292,336,554,246,168,192,244,598,325,43,175,350,206,138,215,103,235,156,176,414,477,928,172,331,80,357,305,54,171,335,100,65,253,132,270,291,201,337,119,245
102,78,31,16,111,21,86,24,40,45,91,112,180,73,54,54,75,195,104,12,53,106,51,39,69,26,60,48,53,118,145,316,60,101,19,109,94,15,42,123,65,11,87,39,89,95,68,119,40,81
383,358,145,70,429,84,368,105,128,155,304,439,723,261,207,229,271,660,419,45,208,420,243,162,276,90,267,198,212,455,594,1047,216,359,100,427,382,64,173,429,253,87,131,160,327,340,236,377,135,263
155,159,70,40,222,51,185,57,49,81,153,203,315,130,99,102,147,344,196,20,86,199,109,89,125,51,119,77,78,259,297,526,103,183,42,208,158,32,104,202,132,39,160,34,157,180,114,211,68,127
393,344,163,86,428,117,412,126,129,177,327,444,742,273,221,245,290,757,401,63,236,398,259,158,257,87,269,199,230,551,640,1097,237,411,101,395,379,68,215,422,270,89,327,157,165,355,244,419,153,269
427,424,179,91,491,108,470,164,157,185,377,484,851,336,258,262,331,817,482,68,263,523,296,190,268,112,337,227,251,567,692,1224,234,473,124,515,453,71,249,522,291,95,340,180,355,210,300,462,184,317
309,298,116,61,325,78,325,82,97,116,268,364,570,219,162,173,234,593,333,27,185,293,181,125,185,83,197,143,124,410,500,852,157,284,67,328,288,48,146,312,201,68,236,114,244,300,85,346,105,202
486,457,209,87,559,98,509,148,189,214,439,613,953,337,300,294,392,941,524,74,317,507,338,214,358,139,349,244,292,693,754,1408,299,503,127,590,487,78,246,561,337,119,377,211,419,462,346,280,208,366
154,180,72,30,181,37,173,71,62,78,163,219,343,123,92,97,130,354,223,19,116,198,101,66,112,45,104,83,89,245,308,491,88,181,39,213,153,43,92,178,119,40,135,68,153,184,105,208,31,137
366,289,128,65,372,82,315,108,93,142,314,359,601,203,206,203,227,613,353,39,174,325,220,150,229,80,222,163,186,437,493,915,185,327,70,315,339,53,135,405,245,81,263,127,269,317,202,366,137,118
