278,451,205,99,517,112,469,205,156,275,446,509,849,367,327,355,359,830,493,78,314,495,333,202,371,148,385,304,294,639,703,1164,255,483,90,535,492,81,268,453,280,113,350,173,410,431,292,498,149,379
451,184,179,76,439,108,432,117,151,183,361,484,795,297,207,224,322,765,485,46,212,466,237,180,259,102,251,189,215,556,653,1234,249,440,98,455,388,78,199,454,269,96,335,176,321,409,278,486,150,257
205,179,40,30,214,39,190,58,79,72,172,229,361,119,107,108,125,360,199,35,103,187,90,75,126,51,130,97,90,254,309,561,110,185,52,203,176,25,97,217,122,41,152,91,148,168,123,199,84,105
99,76,30,6,84,13,68,40,29,60,93,90,145,63,54,54,64,146,85,10,48,87,54,22,51,27,50,37,46,105,110,221,45,70,18,86,76,13,40,77,46,23,50,27,71,76,53,97,28,51
517,439,214,84,248,113,490,151,163,210,466,585,886,316,293,284,344,922,507,66,257,515,299,200,376,122,347,216,240,633,781,1434,280,447,113,554,466,76,263,561,360,114,384,184,415,488,317,541,197,357
112,108,39,13,113,9,104,45,35,66,101,99,214,77,56,63,77,196,129,16,64,113,74,44,82,35,68,60,62,129,162,305,60,93,25,112,103,17,51,104,72,25,87,37,81,104,73,117,28,79
469,432,190,68,490,104,209,168,143,205,428,519,862,319,246,252,363,854,512,67,287,483,281,192,299,134,336,218,224,641,736,1305,255,424,120,489,403,82,225,484,283,127,351,168,370,439,302,470,165,338
205,117,58,40,151,45,168,28,51,61,125,174,285,89,81,80,121,267,163,25,80,151,100,61,96,39,100,79,60,176,217,452,91,153,31,181,143,14,77,156,98,28,123,45,116,160,90,136,64,107
156,151,79,29,163,35,143,51,28,76,145,178,307,114,79,94,139,289,183,20,77,171,92,69,108,47,104,71,79,198,248,468,92,167,34,179,164,26,85,169,98,28,128,61,134,141,107,168,56,121
275,183,72,60,210,66,205,61,76,42,170,232,341,153,108,121,139,346,226,25,132,215,135,81,134,49,128,101,121,264,294,544,102,190,51,207,212,35,95,209,143,39,144,69,166,188,115,211,79,159
446,361,172,93,466,101,428,125,145,170,169,475,745,313,218,243,301,743,464,57,231,436,243,168,273,102,284,195,241,547,626,1105,230,397,94,433,418,84,220,429,288,89,320,159,330,399,274,416,168,306
509,484,229,90,585,99,519,174,178,232,475,303,1030,353,276,288,413,1055,573,71,318,590,347,235,386,145,375,254,282,695,880,1624,325,530,120,612,492,90,261,609,377,112,463,190,444,535,344,567,193,378
849,795,361,145,886,214,862,285,307,341,745,1030,766,579,488,492,705,1400,935,100,537,980,588,350,655,268,640,427,448,1112,1322,2387,483,864,203,936,839,159,424,901,585,188,647,355,711,799,581,913,342,598
367,297,119,63,316,77,319,89,114,153,313,353,579,102,175,189,229,607,344,32,215,335,197,139,247,77,221,149,179,419,509,908,197,307,68,354,309,67,149,340,224,89,251,123,283,278,189,360,130,213
327,207,107,54,293,56,246,81,79,108,218,276,488,175,55,117,200,472,283,34,128,264,135,107,153,76,173,120,121,344,395,701,119,270,51,281,251,41,112,256,165,49,217,103,209,248,156,267,102,156
355,224,108,54,284,63,252,80,94,121,243,288,492,189,117,74,222,502,278,42,158,303,147,116,177,79,192,134,142,378,451,740,139,297,69,302,265,56,127,279,176,53,204,122,220,263,159,299,108,157
359,322,125,64,344,77,363,121,139,139,301,413,705,229,200,222,122,688,352,42,204,375,197,141,235,82,236,165,172,446,565,1024,214,343,86,365,359,62,175,398,231,74,266,145,270,364,232,395,123,265
830,765,360,146,922,196,854,267,289,346,743,1055,1400,607,472,502,688,761,902,122,568,940,562,355,608,244,639,424,431,1098,1380,2386,453,858,229,973,799,162,460,908,576,184,667,346,730,800,584,944,312,602
493,485,199,85,507,129,512,163,183,226,464,573,935,344,283,278,352,902,244,45,308,495,292,213,356,121,343,217,234,640,724,1365,298,481,120,544,476,92,245,522,294,111,371,199,394,476,317,502,195,323
78,46,35,10,66,16,67,25,20,25,57,71,100,32,34,42,42,122,45,3,38,46,36,25,39,13,37,30,25,82,95,182,33,53,19,64,56,10,37,68,32,12,53,30,46,62,41,78,27,52
314,212,103,48,257,64,287,80,77,132,231,318,537,215,128,158,204,568,308,38,65,295,160,123,183,68,191,126,138,338,414,821,176,265,67,289,256,49,137,296,186,46,216,86,240,257,161,310,99,191
495,466,187,87,515,113,483,151,171,215,436,590,980,335,264,303,375,940,495,46,295,278,290,215,342,129,371,250,256,697,743,1409,283,511,138,543,483,92,232,524,337,135,367,210,427,492,328,548,200,382
333,237,90,54,299,74,281,100,92,135,243,347,588,197,135,147,197,562,292,36,160,290,71,121,163,84,196,112,154,398,431,835,153,286,71,282,296,54,151,314,184,58,226,118,233,290,204,341,116,220
202,180,75,22,200,44,192,61,69,81,168,235,350,139,107,116,141,355,213,25,123,215,121,46,122,49,130,88,112,251,302,487,103,181,40,217,187,46,111,215,152,45,162,87,177,177,132,239,71,143
371,259,126,51,376,82,299,96,108,134,273,386,655,247,153,177,235,608,356,39,183,342,163,122,91,79,191,143,163,402,521,970,183,319,75,369,348,43,167,379,226,69,273,127,246,317,201,357,117,224
148,102,51,27,122,35,134,39,47,49,102,145,268,77,76,79,82,244,121,13,68,129,84,49,79,14,74,55,50,148,210,377,68,114,34,135,133,23,52,160,76,28,103,49,101,101,75,137,60,85
385,251,130,50,347,68,336,100,104,128,284,375,640,221,173,192,236,639,343,37,191,371,196,130,191,74,106,146,167,407,540,961,180,319,83,339,356,62,166,368,214,80,256,130,245,304,185,354,127,217
304,189,97,37,216,60,218,79,71,101,195,254,427,149,120,134,165,424,217,30,126,250,112,88,143,55,146,41,113,294,349,688,116,217,45,233,227,28,132,234,134,48,177,96,188,214,153,223,87,153
294,215,90,46,240,62,224,60,79,121,241,282,448,179,121,142,172,431,234,25,138,256,154,112,163,50,167,113,76,324,404,723,147,237,55,271,236,32,130,278,159,64,211,83,206,223,156,284,79,174
639,556,254,105,633,129,641,176,198,264,547,695,1112,419,344,378,446,1098,640,82,338,697,398,251,402,148,407,294,324,390,951,1788,350,613,133,667,570,102,278,639,383,149,501,239,501,565,420,680,229,430
703,653,309,110,781,162,736,217,248,294,626,880,1322,509,395,451,565,1380,724,95,414,743,431,302,521,210,540,349,404,951,538,2048,435,704,179,813,691,132,361,796,490,137,565,300,666,722,498,777,277,528
1164,1234,561,221,1434,305,1305,452,468,544,1105,1624,2387,908,701,740,1024,2386,1365,182,821,1409,835,487,970,377,961,688,723,1788,2048,1836,717,1252,287,1470,1266,269,673,1412,927,282,1019,520,1142,1233,921,1427,486,930
255,249,110,45,280,60,255,91,92,102,230,325,483,197,119,139,214,453,298,33,176,283,153,103,183,68,180,116,147,350,435,717,64,263,57,288,263,55,114,264,170,63,206,98,216,269,186,297,90,192
483,440,185,70,447,93,424,153,167,190,397,530,864,307,270,297,343,858,481,53,265,511,286,181,319,114,319,217,237,613,704,1252,263,228,116,470,466,73,232,510,298,95,356,161,385,432,297,514,183,337
90,98,52,18,113,25,120,31,34,51,94,120,203,68,51,69,86,229,120,19,67,138,71,40,75,34,83,45,55,133,179,287,57,116,13,95,105,20,53,127,80,18,101,43,97,123,69,141,35,84
535,455,203,86,554,112,489,181,179,207,433,612,936,354,281,302,365,973,544,64,289,543,282,217,369,135,339,233,271,667,813,1470,288,470,95,270,511,90,262,556,323,108,385,205,417,500,342,556,173,342
492,388,176,76,466,103,403,143,164,212,418,492,839,309,251,265,359,799,476,56,256,483,296,187,348,133,356,227,236,570,691,1266,263,466,105,511,222,81,223,478,295,85,369,158,369,400,284,487,177,316
81,78,25,13,76,17,82,14,26,35,84,90,159,67,41,56,62,162,92,10,49,92,54,46,43,23,62,28,32,102,132,269,55,73,20,90,81,3,49,97,46,14,62,26,70,75,50,84,39,53
268,199,97,40,263,51,225,77,85,95,220,261,424,149,112,127,175,460,245,37,137,232,151,111,167,52,166,132,130,278,361,673,114,232,53,262,223,49,53,276,169,49,178,87,183,238,162,251,93,173
453,454,217,77,561,104,484,156,169,209,429,609,901,340,256,279,398,908,522,68,296,524,314,215,379,160,368,234,278,639,796,1412,264,510,127,556,478,97,276,274,349,114,408,206,446,506,344,550,193,367
280,269,122,46,360,72,283,98,98,143,288,377,585,224,165,176,231,576,294,32,186,337,184,152,226,76,214,134,159,383,490,927,170,298,80,323,295,46,169,349,91,65,237,137,248,312,195,320,119,243
113,96,41,23,114,25,127,28,28,39,89,112,188,89,49,53,74,184,111,12,46,135,58,45,69,28,80,48,64,149,137,282,63,95,18,108,85,14,49,114,65,6,73,38,82,99,71,113,30,76
350,335,152,50,384,87,351,123,128,144,320,463,647,251,217,204,266,667,371,53,216,367,226,162,273,103,256,177,211,501,565,1019,206,356,101,385,369,62,178,408,237,73,148,151,336,357,269,349,147,231
173,176,91,27,184,37,168,45,61,69,159,190,355,123,103,122,145,346,199,30,86,210,118,87,127,49,130,96,83,239,300,520,98,161,43,205,158,26,87,206,137,38,151,30,159,181,122,196,62,129
410,321,148,71,415,81,370,116,134,166,330,444,711,283,209,220,270,730,394,46,240,427,233,177,246,101,245,188,206,501,666,1142,216,385,97,417,369,70,183,446,248,82,336,159,174,363,254,433,157,283
431,409,168,76,488,104,439,160,141,188,399,535,799,278,248,263,364,800,476,62,257,492,290,177,317,101,304,214,223,565,722,1233,269,432,123,500,400,75,238,506,312,99,357,181,363,200,300,482,174,302
292,278,123,53,317,73,302,90,107,115,274,344,581,189,156,159,232,584,317,41,161,328,204,132,201,75,185,153,156,420,498,921,186,297,69,342,284,50,162,344,195,71,269,122,254,300,100,347,113,197
498,486,199,97,541,117,470,136,168,211,416,567,913,360,267,299,395,944,502,78,310,548,341,239,357,137,354,223,284,680,777,1427,297,514,141,556,487,84,251,550,320,113,349,196,433,482,347,273,189,343
149,150,84,28,197,28,165,64,56,79,168,193,342,130,102,108,123,312,195,27,99,200,116,71,117,60,127,87,79,229,277,486,90,183,35,173,177,39,93,193,119,30,147,62,157,174,113,189,37,138
379,257,105,51,357,79,338,107,121,159,306,378,598,213,156,157,265,602,323,52,191,382,220,143,224,85,217,153,174,430,528,930,192,337,84,342,316,53,173,367,243,76,231,129,283,302,197,343,138,116
