245,421,203,81,488,85,471,163,183,267,452,512,805,379,317,336,363,820,528,76,330,505,332,183,339,146,347,279,304,603,727,1149,269,547,116,527,457,95,252,451,313,115,346,185,412,422,329,499,181,358
421,197,185,87,441,116,449,110,127,189,370,451,775,270,219,224,309,761,458,46,246,419,274,159,271,108,268,197,201,539,679,1203,226,407,83,428,439,70,201,487,314,81,355,159,338,393,253,485,166,321
203,185,39,42,211,59,192,46,66,74,166,193,349,137,106,115,127,362,183,22,111,196,113,81,140,45,123,87,81,251,298,539,111,174,52,192,169,36,102,205,134,31,163,77,156,199,124,184,75,129
81,87,42,6,103,14,67,28,19,40,75,73,124,58,43,52,67,148,93,13,50,96,54,31,44,26,66,39,42,108,129,222,39,70,21,86,87,17,56,85,55,24,61,36,72,76,47,96,32,52
488,441,211,103,255,109,507,131,169,199,405,543,902,376,288,321,374,900,555,67,258,562,330,205,347,135,348,234,245,621,792,1413,276,452,111,567,523,77,247,538,319,97,393,189,408,460,307,532,188,340
85,116,59,14,109,8,94,33,31,50,95,115,180,66,64,65,92,199,110,13,68,118,73,31,76,37,88,61,58,144,170,297,55,98,27,116,92,20,60,129,83,24,81,44,97,116,63,132,46,73
471,449,192,67,507,94,235,155,151,204,423,515,829,334,258,283,326,871,517,50,280,510,282,192,324,148,360,220,248,628,672,1282,240,444,120,476,437,84,254,502,323,105,399,194,408,430,288,510,181,318
163,110,46,28,131,33,155,21,53,59,128,177,277,97,79,87,112,295,146,20,100,146,89,69,101,37,111,67,81,192,229,422,76,152,29,145,146,18,68,149,92,34,128,45,149,143,79,180,60,113
183,127,66,19,169,31,151,53,26,76,130,197,291,108,86,86,115,286,188,21,104,175,99,61,111,30,94,75,85,164,237,471,78,151,42,170,142,32,91,169,110,36,133,67,130,147,106,161,67,118
267,189,74,40,199,50,204,59,76,45,170,209,353,148,118,115,154,364,212,32,113,220,127,89,124,49,144,89,110,245,303,568,108,183,43,210,198,36,107,213,142,43,147,70,170,197,148,205,73,156
452,370,166,75,405,95,423,128,130,170,183,424,730,284,237,247,313,756,444,61,241,468,240,164,288,100,291,200,205,531,638,1142,220,402,100,434,375,76,194,462,286,93,321,150,355,386,282,433,160,270
512,451,193,73,543,115,515,177,197,209,424,311,979,360,269,276,385,946,579,94,315,541,346,235,386,161,392,246,274,684,838,1569,304,494,134,580,495,100,281,570,340,122,394,211,420,533,370,540,211,387
805,775,349,124,902,180,829,277,291,353,730,979,836,592,478,520,663,1387,920,110,507,904,504,372,580,238,611,393,454,1162,1320,2451,486,800,182,997,792,169,495,933,587,194,664,358,706,820,556,923,329,619
379,270,137,58,376,66,334,97,108,148,284,360,592,111,157,198,253,549,357,40,205,369,211,129,227,74,223,141,156,409,494,918,179,322,75,313,314,53,158,370,213,77,258,111,301,311,219,365,157,229
317,219,106,43,288,64,258,79,86,118,237,269,478,157,77,149,176,489,255,42,139,281,155,114,175,66,193,139,142,354,403,721,148,259,46,286,236,35,134,251,146,56,228,97,222,256,146,295,106,192
336,224,115,52,321,65,283,87,86,115,247,276,520,198,149,76,218,522,264,38,140,304,184,119,200,69,197,151,150,381,414,811,162,288,68,311,249,32,146,275,161,64,228,113,248,269,195,310,119,204
363,309,127,67,374,92,326,112,115,154,313,385,663,253,176,218,144,673,382,46,201,388,230,138,226,77,235,187,199,487,504,962,190,372,91,391,322,56,176,381,244,75,246,128,289,338,237,349,123,238
820,761,362,148,900,199,871,295,286,364,756,946,1387,549,489,522,673,751,925,111,531,890,508,352,599,206,605,439,456,1099,1245,2381,508,810,203,1011,788,154,485,884,584,182,698,359,682,824,566,897,322,645
528,458,183,93,555,110,517,146,188,212,444,579,920,357,255,264,382,925,260,68,269,510,304,207,326,126,343,239,229,646,789,1365,236,480,106,575,475,81,255,573,335,107,395,191,429,496,313,510,166,337
76,46,22,13,67,13,50,20,21,32,61,94,110,40,42,38,46,111,68,5,32,73,37,21,41,17,42,25,38,70,106,164,32,55,17,74,53,7,35,64,45,9,43,19,39,56,41,63,29,52
330,246,111,50,258,68,280,100,104,113,241,315,507,205,139,140,201,531,269,32,78,283,168,116,170,59,181,121,138,356,451,784,154,256,61,288,259,37,153,286,188,63,219,99,216,251,173,265,111,176
505,419,196,96,562,118,510,146,175,220,468,541,904,369,281,304,388,890,510,73,283,283,316,204,333,121,347,270,234,645,788,1358,258,470,114,565,495,83,276,587,362,119,390,193,393,483,328,526,171,340
332,274,113,54,330,73,282,89,99,127,240,346,504,211,155,184,230,508,304,37,168,316,90,133,191,76,209,144,149,365,461,841,172,275,65,301,314,41,165,300,202,51,230,114,271,275,185,315,107,212
183,159,81,31,205,31,192,69,61,89,164,235,372,129,114,119,138,352,207,21,116,204,133,37,129,46,130,94,106,278,315,572,90,189,48,215,180,47,105,227,137,54,153,70,154,179,129,221,70,141
339,271,140,44,347,76,324,101,111,124,288,386,580,227,175,200,226,599,326,41,170,333,191,129,121,98,249,163,167,439,521,912,194,309,76,377,334,51,162,350,218,63,276,117,255,296,186,354,112,241
146,108,45,26,135,37,148,37,30,49,100,161,238,74,66,69,77,206,126,17,59,121,76,46,98,15,78,58,69,175,195,342,62,121,24,118,130,16,65,126,79,23,101,48,97,130,82,154,45,81
347,268,123,66,348,88,360,111,94,144,291,392,611,223,193,197,235,605,343,42,181,347,209,130,249,78,115,143,159,442,521,914,172,332,71,332,331,53,163,354,223,69,281,124,273,309,201,373,122,243
279,197,87,39,234,61,220,67,75,89,200,246,393,141,139,151,187,439,239,25,121,270,144,94,163,58,143,77,108,292,323,649,127,211,58,225,212,40,100,255,158,40,171,82,173,209,137,260,95,164
304,201,81,42,245,58,248,81,85,110,205,274,454,156,142,150,199,456,229,38,138,234,149,106,167,69,159,108,52,353,409,716,129,249,60,245,254,39,125,280,181,52,200,84,185,246,140,280,97,184
603,539,251,108,621,144,628,192,164,245,531,684,1162,409,354,381,487,1099,646,70,356,645,365,278,439,175,442,292,353,390,976,1805,395,563,142,635,592,102,309,720,399,127,500,230,547,633,419,644,265,430
727,679,298,129,792,170,672,229,237,303,638,838,1320,494,403,414,504,1245,789,106,451,788,461,315,521,195,521,323,409,976,594,2011,400,674,164,824,702,128,361,852,508,173,536,275,622,727,488,766,269,496
1149,1203,539,222,1413,297,1282,422,471,568,1142,1569,2451,918,721,811,962,2381,1365,164,784,1358,841,572,912,342,914,649,716,1805,2011,1899,713,1277,315,1522,1262,291,697,1428,901,273,1036,549,1113,1234,872,1364,482,967
269,226,111,39,276,55,240,76,78,108,220,304,486,179,148,162,190,508,236,32,154,258,172,90,194,62,172,127,129,395,400,713,79,237,71,323,243,50,147,294,183,47,200,96,215,233,161,259,93,204
547,407,174,70,452,98,444,152,151,183,402,494,800,322,259,288,372,810,480,55,256,470,275,189,309,121,332,211,249,563,674,1277,237,232,94,480,441,88,258,553,308,98,335,198,397,430,283,505,189,290
116,83,52,21,111,27,120,29,42,43,100,134,182,75,46,68,91,203,106,17,61,114,65,48,76,24,71,58,60,142,164,315,71,94,15,126,96,18,57,105,81,26,86,43,81,106,68,129,50,74
527,428,192,86,567,116,476,145,170,210,434,580,997,313,286,311,391,1011,575,74,288,565,301,215,377,118,332,225,245,635,824,1522,323,480,126,279,501,95,248,576,353,98,405,189,423,528,342,558,217,336
457,439,169,87,523,92,437,146,142,198,375,495,792,314,236,249,322,788,475,53,259,495,314,180,334,130,331,212,254,592,702,1262,243,441,96,501,218,80,243,512,333,108,358,199,413,414,302,476,162,314
95,70,36,17,77,20,84,18,32,36,76,100,169,53,35,32,56,154,81,7,37,83,41,47,51,16,53,40,39,102,128,291,50,88,18,95,80,6,39,95,59,17,63,27,73,77,52,58,32,45
252,201,102,56,247,60,254,68,91,107,194,281,495,158,134,146,176,485,255,35,153,276,165,105,162,65,163,100,125,309,361,697,147,258,57,248,243,39,55,248,191,58,197,105,225,217,175,255,99,174
451,487,205,85,538,129,502,149,169,213,462,570,933,370,251,275,381,884,573,64,286,587,300,227,350,126,354,255,280,720,852,1428,294,553,105,576,512,95,248,307,361,132,412,232,423,529,343,547,185,368
313,314,134,55,319,83,323,92,110,142,286,340,587,213,146,161,244,584,335,45,188,362,202,137,218,79,223,158,181,399,508,901,183,308,81,353,333,59,191,361,89,65,268,132,290,339,187,336,110,211
115,81,31,24,97,24,105,34,36,43,93,122,194,77,56,64,75,182,107,9,63,119,51,54,63,23,69,40,52,127,173,273,47,98,26,98,108,17,58,132,65,7,94,36,68,91,75,113,37,76
346,355,163,61,393,81,399,128,133,147,321,394,664,258,228,228,246,698,395,43,219,390,230,153,276,101,281,171,200,500,536,1036,200,335,86,405,358,63,197,412,268,94,139,163,324,355,253,379,129,233
185,159,77,36,189,44,194,45,67,70,150,211,358,111,97,113,128,359,191,19,99,193,114,70,117,48,124,82,84,230,275,549,96,198,43,189,199,27,105,232,132,36,163,32,147,159,123,220,69,135
412,338,156,72,408,97,408,149,130,170,355,420,706,301,222,248,289,682,429,39,216,393,271,154,255,97,273,173,185,547,622,1113,215,397,81,423,413,73,225,423,290,68,324,147,164,375,249,455,144,288
422,393,199,76,460,116,430,143,147,197,386,533,820,311,256,269,338,824,496,56,251,483,275,179,296,130,309,209,246,633,727,1234,233,430,106,528,414,77,217,529,339,91,355,159,375,224,323,449,160,310
329,253,124,47,307,63,288,79,106,148,282,370,556,219,146,195,237,566,313,41,173,328,185,129,186,82,201,137,140,419,488,872,161,283,68,342,302,52,175,343,187,75,253,123,249,323,79,337,120,238
499,485,184,96,532,132,510,180,161,205,433,540,923,365,295,310,349,897,510,63,265,526,315,221,354,154,373,260,280,644,766,1364,259,505,129,558,476,58,255,547,336,113,379,220,455,449,337,278,210,343
181,166,75,32,188,46,181,60,67,73,160,211,329,157,106,119,123,322,166,29,111,171,107,70,112,45,122,95,97,265,269,482,93,189,50,217,162,32,99,185,110,37,129,69,144,160,120,210,38,135
358,321,129,52,340,73,318,113,118,156,270,387,619,229,192,204,238,645,337,52,176,340,212,141,241,81,243,164,184,430,496,967,204,290,74,336,314,45,174,368,211,76,233,135,288,310,238,343,135,104
