234,411,201,86,495,100,457,190,161,249,432,523,823,367,300,331,384,826,488,67,300,461,341,227,338,148,359,277,290,620,670,1205,234,485,105,500,475,78,249,459,291,117,382,184,418,432,296,511,158,360
411,182,158,91,449,118,414,125,157,194,386,459,814,286,207,225,276,832,439,52,232,467,244,171,285,107,302,191,204,500,642,1229,214,418,107,467,418,82,212,450,281,98,353,163,386,428,273,449,163,324
201,158,35,40,217,54,205,54,67,94,167,222,379,134,90,112,130,361,186,23,103,179,124,84,120,39,131,105,93,269,314,561,116,185,43,195,191,34,103,213,136,40,169,60,158,195,144,216,74,146
86,91,40,9,91,17,84,33,27,31,76,99,140,54,55,74,65,152,78,15,47,73,62,36,60,23,70,41,47,103,118,222,38,79,11,100,94,15,45,85,57,16,70,35,81,79,50,77,28,64
495,449,217,91,252,102,464,144,164,195,427,601,959,315,286,284,360,944,543,60,297,535,293,183,325,124,328,240,255,616,756,1448,248,456,112,553,473,82,232,506,330,103,373,208,416,447,301,517,181,328
100,118,54,17,102,9,106,34,46,40,93,129,189,71,69,75,78,189,90,20,64,103,77,37,79,23,67,56,61,128,150,283,51,99,24,152,115,30,56,113,67,22,75,43,97,99,63,106,44,80
457,414,205,84,464,106,239,136,172,203,398,601,860,306,262,286,340,880,462,76,257,511,315,196,337,119,308,249,253,606,664,1362,279,446,118,504,462,90,250,525,318,108,353,184,391,446,308,502,208,309
190,125,54,33,144,34,136,22,51,60,135,139,273,119,90,92,123,290,175,20,80,197,98,57,98,43,102,63,82,181,220,452,88,136,29,164,172,19,69,141,92,27,142,50,131,143,91,166,56,114
161,157,67,27,164,46,172,51,27,63,150,174,299,112,96,99,112,307,188,16,92,185,103,68,105,44,124,88,76,211,255,487,94,158,33,184,173,25,98,190,106,41,144,72,142,147,102,194,61,88
249,194,94,31,195,40,203,60,63,39,163,238,320,151,101,107,151,359,207,19,119,232,132,95,141,54,149,106,107,260,290,533,109,211,50,187,192,39,97,194,122,39,138,61,169,187,132,194,66,150
432,386,167,76,427,93,398,135,150,163,193,482,766,276,231,241,295,743,440,52,242,448,261,172,292,105,305,203,224,512,636,1150,218,405,103,427,404,73,198,458,268,87,316,171,344,402,269,430,157,307
523,459,222,99,601,129,601,139,174,238,482,322,991,350,253,306,378,989,587,66,365,590,319,235,357,131,381,253,268,750,864,1568,301,512,126,609,549,95,269,651,417,120,430,220,475,581,358,541,208,383
823,814,379,140,959,189,860,273,299,320,766,991,823,566,462,540,666,1501,933,131,502,941,544,376,633,245,642,426,438,1175,1396,2461,472,843,199,1001,817,164,459,973,635,194,646,360,690,834,572,929,325,589
367,286,134,54,315,71,306,119,112,151,276,350,566,106,197,182,239,557,298,42,193,343,180,130,202,89,227,150,169,391,474,862,156,300,65,355,281,67,161,352,215,74,240,121,230,338,194,319,115,221
300,207,90,55,286,69,262,90,96,101,231,253,462,197,81,146,177,494,238,38,133,274,162,123,162,68,203,121,144,360,408,734,137,263,48,236,272,37,146,256,165,53,229,89,216,243,162,260,109,159
331,225,112,74,284,75,286,92,99,107,241,306,540,182,146,81,173,511,255,28,144,307,161,122,169,67,203,130,137,368,437,823,155,294,55,240,277,47,151,283,185,57,229,102,240,256,173,313,108,199
384,276,130,65,360,78,340,123,112,151,295,378,666,239,177,173,121,660,362,52,180,354,216,126,260,93,247,175,175,460,509,1013,196,307,66,402,323,56,182,388,235,71,298,137,284,319,240,394,131,241
826,832,361,152,944,189,880,290,307,359,743,989,1501,557,494,511,660,822,948,132,501,919,514,351,619,243,655,428,451,1126,1379,2487,475,838,189,989,810,151,490,927,629,192,639,352,745,836,601,944,318,587
488,439,186,78,543,90,462,175,188,207,440,587,933,298,238,255,362,948,250,68,233,483,297,204,335,124,307,224,269,627,727,1414,267,504,142,532,470,71,265,540,314,110,399,196,420,435,344,545,217,365
67,52,23,15,60,20,76,20,16,19,52,66,131,42,38,28,52,132,68,3,31,64,43,24,34,15,46,24,28,78,83,179,36,64,12,51,77,11,32,74,40,12,47,27,54,49,33,54,31,43
300,232,103,47,297,64,257,80,92,119,242,365,502,193,133,144,180,501,233,31,66,247,173,118,176,63,166,121,151,352,444,810,149,235,51,311,254,32,118,322,180,41,214,95,262,259,172,324,116,186
461,467,179,73,535,103,511,197,185,232,448,590,941,343,274,307,354,919,483,64,247,257,300,234,365,146,362,238,251,656,746,1467,272,512,139,556,488,79,279,587,329,98,386,223,415,464,317,544,198,337
341,244,124,62,293,77,315,98,103,132,261,319,544,180,162,161,216,514,297,43,173,300,77,123,194,63,203,133,128,375,476,781,125,284,54,299,288,42,166,351,199,65,260,114,229,248,182,330,110,195
227,171,84,36,183,37,196,57,68,95,172,235,376,130,123,122,126,351,204,24,118,234,123,44,133,60,154,96,96,260,315,534,114,171,32,227,171,48,113,222,157,59,178,86,166,222,123,243,78,147
338,285,120,60,325,79,337,98,105,141,292,357,633,202,162,169,260,619,335,34,176,365,194,133,98,76,198,147,151,415,522,947,193,305,65,361,327,56,161,356,243,85,246,130,251,313,187,370,127,222
148,107,39,23,124,23,119,43,44,54,105,131,245,89,68,67,93,243,124,15,63,146,63,60,76,13,71,59,69,148,182,364,67,119,29,121,133,29,63,148,81,24,99,42,110,122,80,138,57,86
359,302,131,70,328,67,308,102,124,149,305,381,642,227,203,203,247,655,307,46,166,362,203,154,198,71,114,142,172,395,502,951,191,293,82,366,352,72,172,379,227,67,239,148,300,327,222,366,144,233
277,191,105,41,240,56,249,63,88,106,203,253,426,150,121,130,175,428,224,24,121,238,133,96,147,59,142,51,113,277,356,682,135,218,52,233,223,34,145,214,132,55,182,91,189,221,132,241,85,166
290,204,93,47,255,61,253,82,76,107,224,268,438,169,144,137,175,451,269,28,151,251,128,96,151,69,172,113,44,293,380,657,145,226,47,254,255,47,135,268,168,50,207,94,195,223,132,293,94,146
620,500,269,103,616,128,606,181,211,260,512,750,1175,391,360,368,460,1126,627,78,352,656,375,260,415,148,395,277,293,377,963,1856,340,578,157,631,620,107,347,699,416,146,506,266,533,600,411,711,244,421
670,642,314,118,756,150,664,220,255,290,636,864,1396,474,408,437,509,1379,727,83,444,746,476,315,522,182,502,356,380,963,552,2120,385,677,190,752,713,132,386,791,489,156,577,291,606,703,494,820,289,527
1205,1229,561,222,1448,283,1362,452,487,533,1150,1568,2461,862,734,823,1013,2487,1414,179,810,1467,781,534,947,364,951,682,657,1856,2120,1956,741,1301,316,1521,1354,219,691,1512,923,307,1008,571,1133,1198,954,1359,501,969
234,214,116,38,248,51,279,88,94,109,218,301,472,156,137,155,196,475,267,36,149,272,125,114,193,67,191,135,145,340,385,741,46,264,54,311,253,40,138,293,173,55,204,88,214,233,159,290,96,178
485,418,185,79,456,99,446,136,158,211,405,512,843,300,263,294,307,838,504,64,235,512,284,171,305,119,293,218,226,578,677,1301,264,217,111,550,430,84,221,487,330,82,351,191,394,433,286,499,182,313
105,107,43,11,112,24,118,29,33,50,103,126,199,65,48,55,66,189,142,12,51,139,54,32,65,29,82,52,47,157,190,316,54,111,14,143,103,16,51,121,74,13,84,44,90,116,71,120,42,65
500,467,195,100,553,152,504,164,184,187,427,609,1001,355,236,240,402,989,532,51,311,556,299,227,361,121,366,233,254,631,752,1521,311,550,143,260,487,72,277,597,330,100,431,181,404,484,323,563,225,351
475,418,191,94,473,115,462,172,173,192,404,549,817,281,272,277,323,810,470,77,254,488,288,171,327,133,352,223,255,620,713,1354,253,430,103,487,234,77,217,505,339,89,353,173,377,439,283,518,173,314
78,82,34,15,82,30,90,19,25,39,73,95,164,67,37,47,56,151,71,11,32,79,42,48,56,29,72,34,47,107,132,219,40,84,16,72,77,3,35,100,60,20,71,28,77,61,49,91,32,59
249,212,103,45,232,56,250,69,98,97,198,269,459,161,146,151,182,490,265,32,118,279,166,113,161,63,172,145,135,347,386,691,138,221,51,277,217,35,62,266,164,45,194,101,217,233,179,267,97,181
459,450,213,85,506,113,525,141,190,194,458,651,973,352,256,283,388,927,540,74,322,587,351,222,356,148,379,214,268,699,791,1512,293,487,121,597,505,100,266,289,360,119,419,200,445,521,324,596,207,365
291,281,136,57,330,67,318,92,106,122,268,417,635,215,165,185,235,629,314,40,180,329,199,157,243,81,227,132,168,416,489,923,173,330,74,330,339,60,164,360,111,87,240,118,312,293,227,355,118,227
117,98,40,16,103,22,108,27,41,39,87,120,194,74,53,57,71,192,110,12,41,98,65,59,85,24,67,55,50,146,156,307,55,82,13,100,89,20,45,119,87,11,75,39,97,84,77,120,44,66
382,353,169,70,373,75,353,142,144,138,316,430,646,240,229,229,298,639,399,47,214,386,260,178,246,99,239,182,207,506,577,1008,204,351,84,431,353,71,194,419,240,75,144,167,308,330,208,379,145,292
184,163,60,35,208,43,184,50,72,61,171,220,360,121,89,102,137,352,196,27,95,223,114,86,130,42,148,91,94,266,291,571,88,191,44,181,173,28,101,200,118,39,167,35,167,189,121,214,81,99
418,386,158,81,416,97,391,131,142,169,344,475,690,230,216,240,284,745,420,54,262,415,229,166,251,110,300,189,195,533,606,1133,214,394,90,404,377,77,217,445,312,97,308,167,160,398,279,438,150,268
432,428,195,79,447,99,446,143,147,187,402,581,834,338,243,256,319,836,435,49,259,464,248,222,313,122,327,221,223,600,703,1198,233,433,116,484,439,61,233,521,293,84,330,189,398,189,271,480,162,317
296,273,144,50,301,63,308,91,102,132,269,358,572,194,162,173,240,601,344,33,172,317,182,123,187,80,222,132,132,411,494,954,159,286,71,323,283,49,179,324,227,77,208,121,279,271,104,344,146,213
511,449,216,77,517,106,502,166,194,194,430,541,929,319,260,313,394,944,545,54,324,544,330,243,370,138,366,241,293,711,820,1359,290,499,120,563,518,91,267,596,355,120,379,214,438,480,344,252,177,362
158,163,74,28,181,44,208,56,61,66,157,208,325,115,109,108,131,318,217,31,116,198,110,78,127,57,144,85,94,244,289,501,96,182,42,225,173,32,97,207,118,44,145,81,150,162,146,177,36,117
360,324,146,64,328,80,309,114,88,150,307,383,589,221,159,199,241,587,365,43,186,337,195,147,222,86,233,166,146,421,527,969,178,313,65,351,314,59,181,365,227,66,292,99,268,317,213,362,117,124
