268,478,232,92,552,120,465,158,177,232,432,516,847,369,332,359,385,867,513,75,354,507,362,203,368,169,387,276,289,616,736,1212,272,490,108,544,481,86,243,499,331,100,409,190,412,415,361,510,174,372
478,191,179,72,450,113,395,119,158,177,370,473,785,289,242,240,319,820,440,36,215,447,239,191,288,100,275,198,223,534,673,1223,258,375,95,450,392,80,212,470,290,88,363,174,336,404,280,459,155,303
232,179,30,44,198,51,206,61,57,82,178,200,359,124,104,109,132,345,201,27,90,220,123,83,153,55,145,73,96,258,299,582,133,191,48,210,209,30,103,245,124,49,155,96,167,187,121,214,82,141
92,72,44,9,78,17,73,30,27,43,77,99,141,50,45,40,66,136,80,11,49,89,57,25,57,23,59,38,51,117,113,207,48,80,19,70,68,17,35,80,62,17,62,30,75,83,54,79,34,56
552,450,198,78,249,115,476,156,152,218,425,595,907,311,229,272,372,928,540,66,290,564,283,185,343,116,326,243,261,663,790,1466,282,491,112,539,474,103,240,564,338,123,415,186,432,503,328,502,189,352
120,113,51,17,115,14,96,40,37,50,109,125,191,76,65,68,99,181,121,18,62,121,81,46,77,27,85,48,75,135,164,286,62,110,23,110,101,24,57,109,78,21,75,40,92,102,80,124,31,71
465,395,206,73,476,96,206,146,146,211,436,531,907,287,266,285,368,918,516,65,279,520,292,182,311,121,316,228,254,590,728,1387,252,469,128,511,453,88,248,489,358,94,376,178,378,428,309,475,176,336
158,119,61,30,156,40,146,20,58,70,127,178,286,98,87,92,127,280,152,11,90,145,92,60,81,29,80,71,83,178,236,441,82,131,19,148,138,28,70,179,93,25,120,48,128,160,88,144,53,110
177,158,57,27,152,37,146,58,30,75,135,156,319,106,74,98,128,317,162,17,86,160,112,69,94,38,101,75,84,196,267,476,86,155,30,159,148,23,92,172,101,39,107,72,154,151,124,186,57,107
232,177,82,43,218,50,211,70,75,40,169,222,374,141,119,136,153,358,220,21,119,213,129,85,155,55,141,108,116,239,300,538,111,180,46,221,199,49,99,198,154,35,170,87,174,169,130,215,66,146
432,370,178,77,425,109,436,127,135,169,170,506,760,284,238,261,309,749,465,45,242,435,231,170,304,120,291,184,226,509,620,1151,231,378,100,486,420,80,260,426,303,87,331,175,344,397,280,439,141,292
516,473,200,99,595,125,531,178,156,222,506,318,1019,329,283,321,409,1020,591,67,320,577,309,210,375,122,346,224,265,702,900,1652,307,512,120,623,500,96,254,604,407,96,400,197,440,547,358,590,230,355
847,785,359,141,907,191,907,286,319,374,760,1019,830,597,468,519,705,1477,867,108,519,915,534,343,620,232,594,414,440,1193,1366,2608,504,874,216,999,853,147,470,1012,612,174,688,357,730,866,591,904,359,630
369,289,124,50,311,76,287,98,106,141,284,329,597,79,186,182,233,604,336,37,176,351,186,127,217,78,207,155,155,377,495,908,185,305,91,338,290,59,153,354,204,64,243,126,241,311,198,312,129,235
332,242,104,45,229,65,266,87,74,119,238,283,468,186,64,142,191,469,262,27,123,277,157,107,192,73,155,115,127,348,404,725,122,246,68,266,253,35,131,290,163,43,189,93,220,252,160,267,95,175
359,240,109,40,272,68,285,92,98,136,261,321,519,182,142,86,219,530,302,37,129,304,175,92,208,73,172,122,148,346,449,813,141,269,74,289,243,43,149,288,180,53,217,106,227,280,187,293,112,206
385,319,132,66,372,99,368,127,128,153,309,409,705,233,191,219,129,685,361,40,226,361,201,125,234,111,263,181,184,472,577,1073,227,339,107,406,323,61,176,403,245,85,305,140,294,347,255,377,133,268
867,820,345,136,928,181,918,280,317,358,749,1020,1477,604,469,530,685,859,890,112,515,899,562,364,633,237,618,431,465,1127,1374,2514,520,856,207,1013,811,157,481,1020,582,205,715,359,722,842,617,956,348,606
513,440,201,80,540,121,516,152,162,220,465,591,867,336,262,302,361,890,264,62,278,459,287,206,317,125,361,233,238,643,761,1439,270,504,110,575,512,87,252,583,344,95,407,188,406,457,327,524,178,375
75,36,27,11,66,18,65,11,17,21,45,67,108,37,27,37,40,112,62,3,40,53,28,31,36,16,35,20,33,71,93,198,32,59,11,57,59,11,25,83,27,7,58,22,42,55,24,75,22,52
354,215,90,49,290,62,279,90,86,119,242,320,519,176,123,129,226,515,278,40,70,279,175,131,173,70,174,113,129,330,403,834,172,276,56,286,228,42,149,279,181,57,213,97,228,289,178,303,116,185
507,447,220,89,564,121,520,145,160,213,435,577,915,351,277,304,361,899,459,53,279,269,301,203,333,130,343,240,249,669,762,1364,272,501,119,571,513,99,242,533,335,90,386,169,382,451,333,509,185,382
362,239,123,57,283,81,292,92,112,129,231,309,534,186,157,175,201,562,287,28,175,301,82,119,200,74,195,153,159,401,445,788,161,243,69,308,283,48,150,344,198,58,252,125,235,290,204,321,106,215
203,191,83,25,185,46,182,60,69,85,170,210,343,127,107,92,125,364,206,31,131,203,119,35,137,50,142,83,101,252,295,537,102,177,49,217,183,37,99,217,145,49,145,86,163,161,131,199,77,120
368,288,153,57,343,77,311,81,94,155,304,375,620,217,192,208,234,633,317,36,173,333,200,137,110,74,201,177,163,419,505,923,177,282,93,340,313,52,163,352,209,71,270,117,272,307,215,378,137,234
169,100,55,23,116,27,121,29,38,55,120,122,232,78,73,73,111,237,125,16,70,130,74,50,74,18,67,47,65,149,226,353,74,90,33,132,116,17,62,156,81,17,96,54,95,127,67,155,47,83
387,275,145,59,326,85,316,80,101,141,291,346,594,207,155,172,263,618,361,35,174,343,195,142,201,67,105,151,154,407,508,984,181,298,73,335,325,62,176,379,219,60,250,122,272,326,219,383,114,228
276,198,73,38,243,48,228,71,75,108,184,224,414,155,115,122,181,431,233,20,113,240,153,83,177,47,151,57,116,268,356,664,145,222,60,227,206,42,113,254,160,44,192,94,200,219,154,249,86,180
289,223,96,51,261,75,254,83,84,116,226,265,440,155,127,148,184,465,238,33,129,249,159,101,163,65,154,116,59,326,372,721,130,240,60,241,225,38,134,269,159,54,201,104,195,215,168,254,105,196
616,534,258,117,663,135,590,178,196,239,509,702,1193,377,348,346,472,1127,643,71,330,669,401,252,419,149,407,268,326,422,959,1883,354,620,155,651,577,115,316,701,423,131,486,270,489,599,405,670,260,420
736,673,299,113,790,164,728,236,267,300,620,900,1366,495,404,449,577,1374,761,93,403,762,445,295,505,226,508,356,372,959,590,2125,419,725,165,830,706,138,399,786,511,158,563,279,593,727,464,773,256,508
1212,1223,582,207,1466,286,1387,441,476,538,1151,1652,2608,908,725,813,1073,2514,1439,198,834,1364,788,537,923,353,984,664,721,1883,2125,1975,770,1312,295,1588,1257,239,724,1468,947,314,1076,542,1117,1321,871,1410,492,1009
272,258,133,48,282,62,252,82,86,111,231,307,504,185,122,141,227,520,270,32,172,272,161,102,177,74,181,145,130,354,419,770,76,268,71,319,245,42,130,291,169,64,211,103,187,243,168,290,112,191
490,375,191,80,491,110,469,131,155,180,378,512,874,305,246,269,339,856,504,59,276,501,243,177,282,90,298,222,240,620,725,1312,268,201,132,503,442,82,245,528,347,108,362,195,359,439,304,506,197,327
108,95,48,19,112,23,128,19,30,46,100,120,216,91,68,74,107,207,110,11,56,119,69,49,93,33,73,60,60,155,165,295,71,132,13,115,105,26,43,115,86,22,94,41,107,110,66,128,45,90
544,450,210,70,539,110,511,148,159,221,486,623,999,338,266,289,406,1013,575,57,286,571,308,217,340,132,335,227,241,651,830,1588,319,503,115,285,511,87,280,601,349,96,451,221,413,537,331,587,202,356
481,392,209,68,474,101,453,138,148,199,420,500,853,290,253,243,323,811,512,59,228,513,283,183,313,116,325,206,225,577,706,1257,245,442,105,511,199,88,241,478,315,84,357,168,367,448,299,496,181,300
86,80,30,17,103,24,88,28,23,49,80,96,147,59,35,43,61,157,87,11,42,99,48,37,52,17,62,42,38,115,138,239,42,82,26,87,88,5,47,103,51,14,62,26,68,75,47,104,28,53
243,212,103,35,240,57,248,70,92,99,260,254,470,153,131,149,176,481,252,25,149,242,150,99,163,62,176,113,134,316,399,724,130,245,43,280,241,47,57,278,169,55,193,98,205,241,160,260,99,175
499,470,245,80,564,109,489,179,172,198,426,604,1012,354,290,288,403,1020,583,83,279,533,344,217,352,156,379,254,269,701,786,1468,291,528,115,601,478,103,278,269,387,121,391,205,445,513,355,534,198,369
331,290,124,62,338,78,358,93,101,154,303,407,612,204,163,180,245,582,344,27,181,335,198,145,209,81,219,160,159,423,511,947,169,347,86,349,315,51,169,387,119,78,262,132,240,298,199,363,125,241
100,88,49,17,123,21,94,25,39,35,87,96,174,64,43,53,85,205,95,7,57,90,58,49,71,17,60,44,54,131,158,314,64,108,22,96,84,14,55,121,78,5,80,44,70,99,75,100,42,67
409,363,155,62,415,75,376,120,107,170,331,400,688,243,189,217,305,715,407,58,213,386,252,145,270,96,250,192,201,486,563,1076,211,362,94,451,357,62,193,391,262,80,149,149,300,352,247,374,139,266
190,174,96,30,186,40,178,48,72,87,175,197,357,126,93,106,140,359,188,22,97,169,125,86,117,54,122,94,104,270,279,542,103,195,41,221,168,26,98,205,132,44,149,44,146,191,125,206,73,116
412,336,167,75,432,92,378,128,154,174,344,440,730,241,220,227,294,722,406,42,228,382,235,163,272,95,272,200,195,489,593,1117,187,359,107,413,367,68,205,445,240,70,300,146,170,363,278,421,152,287
415,404,187,83,503,102,428,160,151,169,397,547,866,311,252,280,347,842,457,55,289,451,290,161,307,127,326,219,215,599,727,1321,243,439,110,537,448,75,241,513,298,99,352,191,363,213,274,459,167,278
361,280,121,54,328,80,309,88,124,130,280,358,591,198,160,187,255,617,327,24,178,333,204,131,215,67,219,154,168,405,464,871,168,304,66,331,299,47,160,355,199,75,247,125,278,274,111,345,124,204
510,459,214,79,502,124,475,144,186,215,439,590,904,312,267,293,377,956,524,75,303,509,321,199,378,155,383,249,254,670,773,1410,290,506,128,587,496,104,260,534,363,100,374,206,421,459,345,243,211,353
174,155,82,34,189,31,176,53,57,66,141,230,359,129,95,112,133,348,178,22,116,185,106,77,137,47,114,86,105,260,256,492,112,197,45,202,181,28,99,198,125,42,139,73,152,167,124,211,40,123
372,303,141,56,352,71,336,110,107,146,292,355,630,235,175,206,268,606,375,52,185,382,215,120,234,83,228,180,196,420,508,1009,191,327,90,356,300,53,175,369,241,67,266,116,287,278,204,353,123,125
