286,431,223,85,469,99,460,205,171,263,418,522,827,389,311,326,369,807,517,70,299,551,354,212,402,141,354,262,303,630,695,1166,253,501,105,544,465,87,275,477,336,122,391,199,465,442,340,494,150,367
431,176,163,76,460,105,430,127,149,182,369,501,845,267,246,253,350,845,442,54,227,456,265,185,300,95,292,194,223,556,652,1275,258,373,105,422,419,59,230,465,289,93,353,164,370,399,306,465,179,285
223,163,34,35,209,50,205,53,57,105,208,213,383,144,88,98,141,379,194,19,116,199,108,75,123,49,153,76,87,263,343,603,114,179,48,218,196,25,106,251,131,41,159,79,163,206,114,238,64,121
85,76,35,4,72,15,70,32,20,43,77,98,139,41,53,52,57,146,77,5,54,83,55,34,64,32,56,44,55,103,108,207,48,84,19,71,70,13,42,83,55,21,73,37,68,84,54,68,30,44
469,460,209,72,269,126,518,145,172,214,476,592,934,340,296,311,359,982,510,68,266,519,345,235,362,161,377,242,260,681,750,1461,270,466,124,506,473,94,253,561,346,106,406,184,397,460,317,516,220,331
99,105,50,15,126,12,108,43,32,50,109,111,208,65,58,61,80,186,115,13,73,105,64,52,84,37,84,48,61,157,156,292,57,113,20,122,113,19,52,98,76,23,70,46,90,82,87,110,34,64
460,430,205,70,518,108,224,142,134,198,412,590,911,269,213,264,341,907,521,50,269,480,265,178,329,154,373,244,255,594,729,1362,259,446,113,459,455,68,249,478,343,131,378,182,344,442,322,466,163,319
205,127,53,32,145,43,142,21,44,58,130,157,281,102,74,92,113,286,154,16,79,154,80,55,108,40,104,72,80,191,232,393,64,162,27,177,163,21,74,160,103,27,123,62,127,154,85,153,44,116
171,149,57,20,172,32,134,44,23,64,158,170,305,125,94,76,111,293,163,17,90,171,103,77,118,45,117,89,83,224,257,447,94,145,38,151,133,28,68,180,102,32,113,66,132,159,108,158,49,119
263,182,105,43,214,50,198,58,64,49,171,207,378,161,88,121,158,388,202,29,110,223,116,92,131,54,131,96,100,296,302,549,117,218,41,216,210,33,90,194,113,34,148,66,176,200,125,173,72,137
418,369,208,77,476,109,412,130,158,171,175,499,743,291,224,249,342,756,425,65,246,426,266,156,275,117,275,200,198,561,593,1126,227,387,99,445,404,71,193,406,275,73,325,150,337,407,276,436,150,292
522,501,213,98,592,111,590,157,170,207,499,327,1063,384,298,324,367,1041,565,74,313,606,331,221,335,127,386,257,308,740,846,1662,305,524,131,600,541,96,278,621,383,109,435,207,463,528,394,564,202,382
827,845,383,139,934,208,911,281,305,378,743,1063,837,615,478,555,653,1516,927,125,515,956,528,357,552,238,634,410,457,1218,1394,2515,510,832,215,993,829,163,462,999,606,180,639,343,743,820,567,930,308,607
389,267,144,41,340,65,269,102,125,161,291,384,615,116,187,190,223,640,341,36,178,338,212,123,215,78,221,151,166,399,514,920,193,275,86,307,316,36,174,346,191,82,282,131,251,291,214,322,146,238
311,246,88,53,296,58,213,74,94,88,224,298,478,187,79,143,176,499,261,26,163,266,135,92,153,59,180,119,151,338,393,745,158,242,71,237,261,34,109,281,168,49,209,106,181,236,156,260,104,165
326,253,98,52,311,61,264,92,76,121,249,324,555,190,143,88,186,502,301,30,154,284,153,113,189,59,168,119,147,348,452,805,148,267,50,267,265,40,133,304,183,58,246,102,205,258,165,309,104,191
369,350,141,57,359,80,341,113,111,158,342,367,653,223,176,186,150,614,371,50,195,383,203,151,260,116,263,187,170,461,543,977,186,369,71,396,348,57,187,390,257,57,279,132,289,336,230,390,123,240
807,845,379,146,982,186,907,286,293,388,756,1041,1516,640,499,502,614,823,894,134,497,952,528,371,606,243,648,456,448,1180,1388,2525,519,819,189,960,797,169,477,1023,593,170,697,400,771,822,555,944,328,610
517,442,194,77,510,115,521,154,163,202,425,565,927,341,261,301,371,894,249,79,302,467,304,194,320,128,334,261,260,652,796,1421,259,487,112,546,473,91,277,553,374,94,417,193,389,465,321,550,195,335
70,54,19,5,68,13,50,16,17,29,65,74,125,36,26,30,50,134,79,4,26,79,39,27,36,19,46,18,43,77,95,187,28,46,16,59,38,8,28,72,39,11,60,30,48,53,33,67,27,46
299,227,116,54,266,73,269,79,90,110,246,313,515,178,163,154,195,497,302,26,78,275,177,120,193,68,178,133,138,319,433,848,180,296,59,259,262,48,127,310,184,44,239,105,223,266,182,281,118,176
551,456,199,83,519,105,480,154,171,223,426,606,956,338,266,284,383,952,467,79,275,265,335,210,347,135,339,264,259,679,754,1463,297,494,120,561,495,76,278,538,358,109,428,176,389,490,349,560,168,384
354,265,108,55,345,64,265,80,103,116,266,331,528,212,135,153,203,528,304,39,177,335,78,111,171,55,193,139,148,344,475,842,177,298,87,299,294,54,142,335,201,52,238,119,230,276,196,296,124,215
212,185,75,34,235,52,178,55,77,92,156,221,357,123,92,113,151,371,194,27,120,210,111,39,116,51,119,94,95,282,290,529,122,181,63,206,211,43,108,224,131,39,151,77,153,175,143,198,79,134
402,300,123,64,362,84,329,108,118,131,275,335,552,215,153,189,260,606,320,36,193,347,171,116,99,90,236,127,178,408,482,925,188,316,79,326,296,64,174,362,214,84,237,136,238,291,232,362,120,243
141,95,49,32,161,37,154,40,45,54,117,127,238,78,59,59,116,243,128,19,68,135,55,51,90,12,85,67,59,156,193,390,73,119,33,106,122,21,64,164,84,31,92,48,120,94,87,144,48,104
354,292,153,56,377,84,373,104,117,131,275,386,634,221,180,168,263,648,334,46,178,339,193,119,236,85,116,165,159,431,523,983,191,322,79,321,316,57,167,397,237,75,257,138,281,289,231,369,129,225
262,194,76,44,242,48,244,72,89,96,200,257,410,151,119,119,187,456,261,18,133,264,139,94,127,67,165,51,131,295,350,680,102,214,69,251,234,34,130,273,151,49,161,81,192,231,157,251,88,157
303,223,87,55,260,61,255,80,83,100,198,308,457,166,151,147,170,448,260,43,138,259,148,95,178,59,159,131,76,302,355,708,159,234,46,267,258,38,116,272,157,60,220,104,236,219,171,301,100,173
630,556,263,103,681,157,594,191,224,296,561,740,1218,399,338,348,461,1180,652,77,319,679,344,282,408,156,431,295,302,406,994,1859,348,615,146,645,599,106,336,734,383,131,476,236,492,589,385,631,262,442
695,652,343,108,750,156,729,232,257,302,593,846,1394,514,393,452,543,1388,796,95,433,754,475,290,482,193,523,350,355,994,574,2098,441,734,162,854,714,125,385,812,529,173,585,283,616,726,493,757,244,496
1166,1275,603,207,1461,292,1362,393,447,549,1126,1662,2515,920,745,805,977,2525,1421,187,848,1463,842,529,925,390,983,680,708,1859,2098,1961,766,1277,299,1562,1321,275,705,1510,957,296,1079,503,1187,1261,909,1485,479,924
253,258,114,48,270,57,259,64,94,117,227,305,510,193,158,148,186,519,259,28,180,297,177,122,188,73,191,102,159,348,441,766,84,246,72,283,260,60,127,284,170,47,205,109,220,266,193,288,108,191
501,373,179,84,466,113,446,162,145,218,387,524,832,275,242,267,369,819,487,46,296,494,298,181,316,119,322,214,234,615,734,1277,246,226,108,466,440,75,236,482,293,90,357,186,368,469,310,462,152,324
105,105,48,19,124,20,113,27,38,41,99,131,215,86,71,50,71,189,112,16,59,120,87,63,79,33,79,69,46,146,162,299,72,108,13,130,104,30,60,118,80,20,94,51,99,89,84,107,47,84
544,422,218,71,506,122,459,177,151,216,445,600,993,307,237,267,396,960,546,59,259,561,299,206,326,106,321,251,267,645,854,1562,283,466,130,284,516,100,279,601,341,102,453,193,418,512,323,540,201,357
465,419,196,70,473,113,455,163,133,210,404,541,829,316,261,265,348,797,473,38,262,495,294,211,296,122,316,234,258,599,714,1321,260,440,104,516,204,77,248,472,313,98,358,171,370,438,317,491,152,312
87,59,25,13,94,19,68,21,28,33,71,96,163,36,34,40,57,169,91,8,48,76,54,43,64,21,57,34,38,106,125,275,60,75,30,100,77,5,41,85,49,12,65,23,60,60,61,82,31,58
275,230,106,42,253,52,249,74,68,90,193,278,462,174,109,133,187,477,277,28,127,278,142,108,174,64,167,130,116,336,385,705,127,236,60,279,248,41,66,275,176,52,171,90,214,246,150,279,74,182
477,465,251,83,561,98,478,160,180,194,406,621,999,346,281,304,390,1023,553,72,310,538,335,224,362,164,397,273,272,734,812,1510,284,482,118,601,472,85,275,289,351,117,411,212,454,503,342,526,180,335
336,289,131,55,346,76,343,103,102,113,275,383,606,191,168,183,257,593,374,39,184,358,201,131,214,84,237,151,157,383,529,957,170,293,80,341,313,49,176,351,118,75,265,135,291,329,214,357,128,231
122,93,41,21,106,23,131,27,32,34,73,109,180,82,49,58,57,170,94,11,44,109,52,39,84,31,75,49,60,131,173,296,47,90,20,102,98,12,52,117,75,16,76,35,92,87,68,119,24,57
391,353,159,73,406,70,378,123,113,148,325,435,639,282,209,246,279,697,417,60,239,428,238,151,237,92,257,161,220,476,585,1079,205,357,94,453,358,65,171,411,265,76,143,164,288,371,251,410,138,290
199,164,79,37,184,46,182,62,66,66,150,207,343,131,106,102,132,400,193,30,105,176,119,77,136,48,138,81,104,236,283,503,109,186,51,193,171,23,90,212,135,35,164,39,167,174,125,187,71,119
465,370,163,68,397,90,344,127,132,176,337,463,743,251,181,205,289,771,389,48,223,389,230,153,238,120,281,192,236,492,616,1187,220,368,99,418,370,60,214,454,291,92,288,167,158,355,256,396,139,267
442,399,206,84,460,82,442,154,159,200,407,528,820,291,236,258,336,822,465,53,266,490,276,175,291,94,289,231,219,589,726,1261,266,469,89,512,438,60,246,503,329,87,371,174,355,212,284,467,156,316
340,306,114,54,317,87,322,85,108,125,276,394,567,214,156,165,230,555,321,33,182,349,196,143,232,87,231,157,171,385,493,909,193,310,84,323,317,61,150,342,214,68,251,125,256,284,85,302,120,206
494,465,238,68,516,110,466,153,158,173,436,564,930,322,260,309,390,944,550,67,281,560,296,198,362,144,369,251,301,631,757,1485,288,462,107,540,491,82,279,526,357,119,410,187,396,467,302,270,178,348
150,179,64,30,220,34,163,44,49,72,150,202,308,146,104,104,123,328,195,27,118,168,124,79,120,48,129,88,100,262,244,479,108,152,47,201,152,31,74,180,128,24,138,71,139,156,120,178,33,133
367,285,121,44,331,64,319,116,119,137,292,382,607,238,165,191,240,610,335,46,176,384,215,134,243,104,225,157,173,442,496,924,191,324,84,357,312,58,182,335,231,57,290,119,267,316,206,348,133,135
