260,467,211,90,479,106,480,169,179,221,445,490,783,373,310,314,360,794,466,61,358,499,341,208,367,151,390,298,308,609,700,1122,239,452,107,477,465,65,277,473,310,101,339,173,442,438,333,495,184,368
467,181,178,84,451,106,394,123,136,191,372,515,786,253,220,225,331,794,433,64,238,452,261,177,289,111,301,192,220,505,657,1236,223,410,95,427,417,77,214,487,303,99,326,159,347,445,251,468,154,318
211,178,45,33,202,47,184,53,66,76,182,223,352,120,105,117,156,351,215,24,104,234,111,94,127,48,121,89,102,217,313,581,108,172,39,202,178,30,99,241,150,54,171,93,150,186,112,196,81,122
90,84,33,8,86,24,79,29,23,30,76,89,139,60,45,53,59,141,92,10,55,75,50,36,62,23,62,55,36,112,128,215,41,73,26,88,77,10,40,88,58,29,68,26,74,67,50,73,35,62
479,451,202,86,267,97,487,160,143,205,418,541,892,347,266,293,378,897,529,69,278,541,292,198,322,141,333,236,268,618,793,1377,267,476,107,540,479,93,263,548,346,110,381,216,428,480,320,529,194,358
106,106,47,24,97,13,100,42,32,51,93,124,184,79,54,66,75,176,104,16,83,102,78,47,92,38,88,70,47,144,152,304,64,95,25,112,104,16,52,120,71,31,81,46,104,104,82,100,47,96
480,394,184,79,487,100,218,147,161,201,412,531,832,304,240,289,397,805,491,63,293,482,275,176,320,137,327,201,248,592,749,1295,232,460,99,572,412,82,249,506,325,117,346,170,389,438,290,474,162,373
169,123,53,29,160,42,147,22,36,64,139,176,282,106,71,75,96,256,181,21,87,165,95,57,100,32,90,60,82,190,252,448,91,139,34,149,137,22,68,163,97,35,111,61,100,141,84,151,62,120
179,136,66,23,143,32,161,36,32,70,137,170,297,98,82,90,125,291,176,28,89,175,104,73,97,34,91,63,78,225,219,489,99,161,38,163,151,29,71,192,117,29,146,66,139,162,89,158,61,107
221,191,76,30,205,51,201,64,70,50,179,221,402,137,111,125,149,376,162,18,118,222,120,88,153,63,145,95,117,264,314,571,106,167,55,214,168,40,117,220,125,53,168,91,159,176,123,220,89,160
445,372,182,76,418,93,412,139,137,179,169,479,805,280,211,212,302,736,405,55,277,421,238,163,281,109,292,195,213,523,645,1176,229,409,101,452,375,71,213,450,271,94,308,175,332,403,261,422,169,285
490,515,223,89,541,124,531,176,170,221,479,309,997,374,331,358,365,1004,570,63,297,575,341,216,383,153,394,248,286,706,857,1548,301,516,116,581,545,92,292,583,382,110,437,210,497,512,346,575,199,367
783,786,352,139,892,184,832,282,297,402,805,997,769,606,454,515,611,1373,892,104,514,914,550,340,593,227,597,423,438,1082,1298,2344,491,807,175,899,777,130,423,976,602,183,681,338,683,854,530,880,300,609
373,253,120,60,347,79,304,106,98,137,280,374,606,109,182,196,251,608,331,32,195,333,165,137,209,85,213,147,166,412,490,894,161,322,81,317,288,60,175,353,222,70,250,143,246,300,195,323,132,246
310,220,105,45,266,54,240,71,82,111,211,331,454,182,77,135,194,440,245,33,133,283,142,122,181,65,168,103,128,338,371,760,153,238,64,281,252,43,136,285,178,57,204,103,206,247,169,258,98,199
314,225,117,53,293,66,289,75,90,125,212,358,515,196,135,83,207,496,279,34,139,285,160,110,206,78,198,128,121,375,445,836,169,236,65,312,286,36,149,324,204,59,228,109,269,251,179,297,112,199
360,331,156,59,378,75,397,96,125,149,302,365,611,251,194,207,134,595,372,53,232,389,206,157,254,87,259,180,169,446,559,995,180,343,83,361,339,59,177,382,229,81,266,135,317,341,228,375,142,282
794,794,351,141,897,176,805,256,291,376,736,1004,1373,608,440,496,595,738,884,104,503,905,513,357,593,241,621,427,456,1065,1308,2333,476,825,180,903,815,159,456,941,570,180,670,338,647,792,517,854,302,594
466,433,215,92,529,104,491,181,176,162,405,570,892,331,245,279,372,884,271,67,297,502,249,195,292,117,321,226,254,610,767,1369,263,455,142,525,481,78,278,544,310,111,419,210,388,479,282,586,197,333
61,64,24,10,69,16,63,21,28,18,55,63,104,32,33,34,53,104,67,4,31,68,33,24,42,17,52,27,28,70,105,190,31,54,13,75,53,14,26,64,34,10,50,13,44,54,36,58,25,45
358,238,104,55,278,83,293,87,89,118,277,297,514,195,133,139,232,503,297,31,64,323,175,138,216,68,176,107,148,334,428,804,165,257,62,304,248,45,139,299,205,64,199,99,242,276,174,291,109,214
499,452,234,75,541,102,482,165,175,222,421,575,914,333,283,285,389,905,502,68,323,257,301,215,317,131,350,238,274,626,759,1454,288,463,124,547,484,77,277,536,329,108,421,187,389,478,311,539,186,381
341,261,111,50,292,78,275,95,104,120,238,341,550,165,142,160,206,513,249,33,175,301,94,123,202,80,203,137,147,361,425,851,162,295,65,298,258,47,162,306,185,57,253,101,215,270,192,302,99,214
208,177,94,36,198,47,176,57,73,88,163,216,340,137,122,110,157,357,195,24,138,215,123,43,124,52,145,103,100,223,291,568,113,191,35,220,182,35,99,225,141,41,142,70,161,172,104,212,66,118
367,289,127,62,322,92,320,100,97,153,281,383,593,209,181,206,254,593,292,42,216,317,202,124,108,90,223,177,152,407,482,947,154,314,80,346,277,61,165,331,211,65,238,126,243,331,202,372,126,235
151,111,48,23,141,38,137,32,34,63,109,153,227,85,65,78,87,241,117,17,68,131,80,52,90,19,82,56,67,151,184,344,85,107,21,125,104,22,55,146,82,25,107,35,100,109,86,144,52,76
390,301,121,62,333,88,327,90,91,145,292,394,597,213,168,198,259,621,321,52,176,350,203,145,223,82,124,156,161,398,515,971,181,333,70,369,297,58,150,352,226,65,238,101,268,329,230,380,127,216
298,192,89,55,236,70,201,60,63,95,195,248,423,147,103,128,180,427,226,27,107,238,137,103,177,56,156,49,121,280,345,668,111,197,62,238,223,42,105,267,153,50,232,90,158,216,137,245,88,177
308,220,102,36,268,47,248,82,78,117,213,286,438,166,128,121,169,456,254,28,148,274,147,100,152,67,161,121,62,306,375,717,145,249,58,254,236,42,122,258,176,47,207,106,199,265,153,273,97,185
609,505,217,112,618,144,592,190,225,264,523,706,1082,412,338,375,446,1065,610,70,334,626,361,223,407,151,398,280,306,362,890,1661,313,583,139,679,541,116,316,629,372,144,498,265,497,572,407,656,231,447
700,657,313,128,793,152,749,252,219,314,645,857,1298,490,371,445,559,1308,767,105,428,759,425,291,482,184,515,345,375,890,568,2027,407,714,177,793,683,102,391,804,491,157,572,281,605,716,467,755,279,521
1122,1236,581,215,1377,304,1295,448,489,571,1176,1548,2344,894,760,836,995,2333,1369,190,804,1454,851,568,947,344,971,668,717,1661,2027,1820,744,1226,301,1489,1250,222,664,1484,900,270,1031,469,1071,1257,866,1371,471,915
239,223,108,41,267,64,232,91,99,106,229,301,491,161,153,169,180,476,263,31,165,288,162,113,154,85,181,111,145,313,407,744,69,239,55,288,241,44,124,265,188,55,195,92,184,256,163,244,93,184
452,410,172,73,476,95,460,139,161,167,409,516,807,322,238,236,343,825,455,54,257,463,295,191,314,107,333,197,249,583,714,1226,239,219,115,463,455,76,233,485,301,108,325,182,383,413,263,505,179,323
107,95,39,26,107,25,99,34,38,55,101,116,175,81,64,65,83,180,142,13,62,124,65,35,80,21,70,62,58,139,177,301,55,115,5,126,116,15,66,132,94,30,95,52,95,110,64,102,45,88
477,427,202,88,540,112,572,149,163,214,452,581,899,317,281,312,361,903,525,75,304,547,298,220,346,125,369,238,254,679,793,1489,288,463,126,268,514,78,299,570,368,109,399,207,445,514,338,570,211,354
465,417,178,77,479,104,412,137,151,168,375,545,777,288,252,286,339,815,481,53,248,484,258,182,277,104,297,223,236,541,683,1250,241,455,116,514,199,83,223,455,299,99,336,164,364,421,263,479,152,309
65,77,30,10,93,16,82,22,29,40,71,92,130,60,43,36,59,159,78,14,45,77,47,35,61,22,58,42,42,116,102,222,44,76,15,78,83,7,33,98,55,18,75,34,54,72,60,86,30,66
277,214,99,40,263,52,249,68,71,117,213,292,423,175,136,149,177,456,278,26,139,277,162,99,165,55,150,105,122,316,391,664,124,233,66,299,223,33,64,272,164,54,187,89,177,228,144,258,81,183
473,487,241,88,548,120,506,163,192,220,450,583,976,353,285,324,382,941,544,64,299,536,306,225,331,146,352,267,258,629,804,1484,265,485,132,570,455,98,272,280,329,109,410,215,415,474,344,537,176,335
310,303,150,58,346,71,325,97,117,125,271,382,602,222,178,204,229,570,310,34,205,329,185,141,211,82,226,153,176,372,491,900,188,301,94,368,299,55,164,329,102,68,233,125,256,312,208,329,115,227
101,99,54,29,110,31,117,35,29,53,94,110,183,70,57,59,81,180,111,10,64,108,57,41,65,25,65,50,47,144,157,270,55,108,30,109,99,18,54,109,68,11,81,45,64,93,70,124,45,75
339,326,171,68,381,81,346,111,146,168,308,437,681,250,204,228,266,670,419,50,199,421,253,142,238,107,238,232,207,498,572,1031,195,325,95,399,336,75,187,410,233,81,157,146,292,356,242,401,148,287
173,159,93,26,216,46,170,61,66,91,175,210,338,143,103,109,135,338,210,13,99,187,101,70,126,35,101,90,106,265,281,469,92,182,52,207,164,34,89,215,125,45,146,32,164,153,118,205,62,125
442,347,150,74,428,104,389,100,139,159,332,497,683,246,206,269,317,647,388,44,242,389,215,161,243,100,268,158,199,497,605,1071,184,383,95,445,364,54,177,415,256,64,292,164,158,370,230,422,113,258
438,445,186,67,480,104,438,141,162,176,403,512,854,300,247,251,341,792,479,54,276,478,270,172,331,109,329,216,265,572,716,1257,256,413,110,514,421,72,228,474,312,93,356,153,370,200,307,466,156,313
333,251,112,50,320,82,290,84,89,123,261,346,530,195,169,179,228,517,282,36,174,311,192,104,202,86,230,137,153,407,467,866,163,263,64,338,263,60,144,344,208,70,242,118,230,307,90,319,105,218
495,468,196,73,529,100,474,151,158,220,422,575,880,323,258,297,375,854,586,58,291,539,302,212,372,144,380,245,273,656,755,1371,244,505,102,570,479,86,258,537,329,124,401,205,422,466,319,258,169,379
184,154,81,35,194,47,162,62,61,89,169,199,300,132,98,112,142,302,197,25,109,186,99,66,126,52,127,88,97,231,279,471,93,179,45,211,152,30,81,176,115,45,148,62,113,156,105,169,33,139
368,318,122,62,358,96,373,120,107,160,285,367,609,246,199,199,282,594,333,45,214,381,214,118,235,76,216,177,185,447,521,915,184,323,88,354,309,66,183,335,227,75,287,125,258,313,218,379,139,128
