239,432,214,88,463,96,435,159,143,240,442,527,810,370,302,329,355,797,518,63,329,487,335,211,367,133,370,281,297,592,704,1173,234,451,112,519,486,75,242,447,308,107,362,171,421,416,331,494,145,378
432,184,176,65,441,104,426,128,120,168,394,435,770,244,209,245,319,768,440,53,213,423,239,161,282,109,299,206,188,569,658,1216,235,386,90,483,404,72,220,469,300,72,329,158,351,382,243,439,153,263
214,176,29,32,212,44,216,55,69,86,179,193,319,138,97,115,155,364,201,24,96,236,107,80,128,51,126,92,117,233,302,572,94,194,44,228,181,26,108,219,120,29,159,76,167,194,139,194,77,139
88,65,32,9,77,21,85,33,19,26,55,109,125,63,39,52,57,140,70,14,54,92,53,38,57,22,66,32,43,109,115,202,33,76,26,95,78,16,35,66,44,16,46,36,94,72,55,95,40,61
463,441,212,77,263,107,473,185,172,207,403,537,916,318,268,291,352,902,525,50,286,510,305,203,354,143,363,242,275,636,753,1407,269,459,94,517,439,97,284,545,332,102,379,195,411,465,341,510,197,329
96,104,44,21,107,13,107,42,40,42,92,139,192,83,61,67,82,203,102,17,67,121,76,40,83,26,76,56,65,154,156,298,51,111,21,124,95,18,54,105,60,22,72,47,100,104,85,121,38,100
435,426,216,85,473,107,231,158,147,214,445,540,861,314,245,301,365,823,499,68,277,485,265,206,320,140,340,205,264,617,753,1309,239,430,92,532,428,69,248,481,320,100,374,170,383,442,321,508,153,367
159,128,55,33,185,42,158,26,48,73,149,158,284,98,81,73,98,288,151,20,96,159,95,55,108,46,107,84,82,193,226,456,84,175,38,159,151,28,71,169,110,39,121,47,114,142,90,175,53,78
143,120,69,19,172,40,147,48,21,77,145,203,275,84,104,86,108,287,162,20,85,176,97,62,101,44,96,80,84,208,259,430,79,153,28,167,142,26,80,171,97,35,132,55,144,162,100,178,59,107
240,168,86,26,207,42,214,73,77,58,184,205,360,175,118,112,136,388,222,26,113,218,119,96,148,58,146,104,109,278,318,582,102,182,56,225,199,43,109,234,133,40,159,73,197,176,132,226,79,133
442,394,179,55,403,92,445,149,145,184,190,477,757,303,237,224,340,782,446,45,258,440,253,160,291,114,303,211,229,544,611,1162,204,406,79,463,418,73,247,438,267,79,333,165,368,408,264,440,159,303
527,435,193,109,537,139,540,158,203,205,477,303,1012,371,280,301,399,1020,599,74,313,513,334,211,367,139,372,249,295,685,873,1574,292,521,140,584,508,92,293,573,353,99,437,212,448,532,340,603,216,392
810,770,319,125,916,192,861,284,275,360,757,1012,772,573,491,547,662,1445,923,123,501,949,563,399,596,226,615,468,470,1134,1354,2383,473,865,205,966,849,130,467,961,613,189,620,338,738,838,581,901,328,601
370,244,138,63,318,83,314,98,84,175,303,371,573,105,163,179,218,535,327,43,186,327,188,114,208,90,230,137,163,399,466,880,164,304,56,307,310,51,160,366,214,71,245,108,265,312,189,353,114,221
302,209,97,39,268,61,245,81,104,118,237,280,491,163,58,124,199,473,266,29,149,275,146,104,185,73,184,146,143,333,393,744,135,279,62,282,271,37,127,303,180,56,232,96,211,249,158,271,108,174
329,245,115,52,291,67,301,73,86,112,224,301,547,179,124,80,231,574,291,32,166,288,158,129,193,94,229,131,132,344,452,835,164,293,69,290,292,36,135,328,191,64,229,110,234,290,171,324,111,192
355,319,155,57,352,82,365,98,108,136,340,399,662,218,199,231,131,657,380,39,202,387,206,138,242,91,249,167,178,466,550,1031,174,341,65,351,320,53,185,361,236,74,292,106,308,328,243,374,105,229
797,768,364,140,902,203,823,288,287,388,782,1020,1445,535,473,574,657,810,887,109,480,922,538,365,597,233,608,444,477,1141,1320,2337,459,848,207,961,819,145,449,941,592,194,703,333,691,807,566,882,331,598
518,440,201,70,525,102,499,151,162,222,446,599,923,327,266,291,380,887,266,74,282,509,316,219,360,147,330,239,254,654,757,1364,254,487,105,571,459,75,270,558,339,96,378,184,388,479,326,522,175,327
63,53,24,14,50,17,68,20,20,26,45,74,123,43,29,32,39,109,74,3,41,65,39,32,38,17,50,23,38,63,95,181,38,61,11,64,61,13,28,63,45,15,38,24,44,43,40,55,22,42
329,213,96,54,286,67,277,96,85,113,258,313,501,186,149,166,202,480,282,41,68,266,146,108,154,87,178,118,131,351,413,806,154,274,75,290,278,56,136,303,185,48,204,99,225,266,160,279,98,205
487,423,236,92,510,121,485,159,176,218,440,513,949,327,275,288,387,922,509,65,266,247,329,233,376,154,337,249,276,622,729,1416,293,488,115,558,436,75,236,572,347,106,355,191,405,504,354,483,203,324
335,239,107,53,305,76,265,95,97,119,253,334,563,188,146,158,206,538,316,39,146,329,82,116,189,75,195,152,165,376,468,821,148,296,69,302,296,45,141,325,194,67,251,104,231,249,174,292,104,211
211,161,80,38,203,40,206,55,62,96,160,211,399,114,104,129,138,365,219,32,108,233,116,36,131,52,134,88,106,273,289,531,92,177,48,214,193,33,111,200,132,36,158,68,146,188,132,215,69,139
367,282,128,57,354,83,320,108,101,148,291,367,596,208,185,193,242,597,360,38,154,376,189,131,101,96,220,159,174,407,487,900,156,311,64,355,320,49,162,343,197,57,272,131,256,294,200,341,120,235
133,109,51,22,143,26,140,46,44,58,114,139,226,90,73,94,91,233,147,17,87,154,75,52,96,15,83,56,55,160,200,356,75,118,35,127,142,15,71,148,94,25,99,44,117,126,72,144,59,82
370,299,126,66,363,76,340,107,96,146,303,372,615,230,184,229,249,608,330,50,178,337,195,134,220,83,107,160,144,434,484,934,197,328,74,328,346,52,175,369,229,65,255,126,289,328,180,349,138,223
281,206,92,32,242,56,205,84,80,104,211,249,468,137,146,131,167,444,239,23,118,249,152,88,159,56,160,59,120,300,345,627,119,226,53,263,211,31,121,255,147,48,204,80,189,234,167,250,89,160
297,188,117,43,275,65,264,82,84,109,229,295,470,163,143,132,178,477,254,38,131,276,165,106,174,55,144,120,58,332,388,760,146,240,59,264,237,30,139,274,161,45,179,95,197,241,172,295,98,154
592,569,233,109,636,154,617,193,208,278,544,685,1134,399,333,344,466,1141,654,63,351,622,376,273,407,160,434,300,332,403,974,1737,350,554,145,668,613,101,312,710,428,133,497,255,533,569,388,648,261,447
704,658,302,115,753,156,753,226,259,318,611,873,1354,466,393,452,550,1320,757,95,413,729,468,289,487,200,484,345,388,974,592,2074,415,712,189,821,667,144,367,825,517,157,550,292,597,717,477,760,290,507
1173,1216,572,202,1407,298,1309,456,430,582,1162,1574,2383,880,744,835,1031,2337,1364,181,806,1416,821,531,900,356,934,627,760,1737,2074,1820,688,1289,318,1528,1248,241,696,1487,948,289,964,496,1075,1260,837,1348,485,925
234,235,94,33,269,51,239,84,79,102,204,292,473,164,135,164,174,459,254,38,154,293,148,92,156,75,197,119,146,350,415,688,71,277,52,314,238,39,123,292,162,61,188,98,216,244,169,255,91,179
451,386,194,76,459,111,430,175,153,182,406,521,865,304,279,293,341,848,487,61,274,488,296,177,311,118,328,226,240,554,712,1289,277,226,100,483,429,73,226,496,304,106,334,156,387,468,302,491,154,310
112,90,44,26,94,21,92,38,28,56,79,140,205,56,62,69,65,207,105,11,75,115,69,48,64,35,74,53,59,145,189,318,52,100,11,111,105,22,57,108,64,29,74,50,85,102,63,112,50,70
519,483,228,95,517,124,532,159,167,225,463,584,966,307,282,290,351,961,571,64,290,558,302,214,355,127,328,263,264,668,821,1528,314,483,111,294,529,78,250,602,384,120,408,202,415,492,322,539,206,375
486,404,181,78,439,95,428,151,142,199,418,508,849,310,271,292,320,819,459,61,278,436,296,193,320,142,346,211,237,613,667,1248,238,429,105,529,196,79,241,455,296,101,347,195,364,415,335,510,184,318
75,72,26,16,97,18,69,28,26,43,73,92,130,51,37,36,53,145,75,13,56,75,45,33,49,15,52,31,30,101,144,241,39,73,22,78,79,7,48,83,64,15,57,39,51,96,63,86,35,59
242,220,108,35,284,54,248,71,80,109,247,293,467,160,127,135,185,449,270,28,136,236,141,111,162,71,175,121,139,312,367,696,123,226,57,250,241,48,67,251,151,59,182,102,214,226,163,261,99,158
447,469,219,66,545,105,481,169,171,234,438,573,961,366,303,328,361,941,558,63,303,572,325,200,343,148,369,255,274,710,825,1487,292,496,108,602,455,83,251,282,349,96,410,183,432,493,315,521,206,323
308,300,120,44,332,60,320,110,97,133,267,353,613,214,180,191,236,592,339,45,185,347,194,132,197,94,229,147,161,428,517,948,162,304,64,384,296,64,151,349,118,73,232,123,267,336,188,331,125,193
107,72,29,16,102,22,100,39,35,40,79,99,189,71,56,64,74,194,96,15,48,106,67,36,57,25,65,48,45,133,157,289,61,106,29,120,101,15,59,96,73,17,77,50,85,106,60,124,42,84
362,329,159,46,379,72,374,121,132,159,333,437,620,245,232,229,292,703,378,38,204,355,251,158,272,99,255,204,179,497,550,964,188,334,74,408,347,57,182,410,232,77,126,141,315,325,231,350,147,266
171,158,76,36,195,47,170,47,55,73,165,212,338,108,96,110,106,333,184,24,99,191,104,68,131,44,126,80,95,255,292,496,98,156,50,202,195,39,102,183,123,50,141,34,150,144,105,207,70,130
421,351,167,94,411,100,383,114,144,197,368,448,738,265,211,234,308,691,388,44,225,405,231,146,256,117,289,189,197,533,597,1075,216,387,85,415,364,51,214,432,267,85,315,150,170,369,266,416,172,273
416,382,194,72,465,104,442,142,162,176,408,532,838,312,249,290,328,807,479,43,266,504,249,188,294,126,328,234,241,569,717,1260,244,468,102,492,415,96,226,493,336,106,325,144,369,202,290,462,150,311
331,243,139,55,341,85,321,90,100,132,264,340,581,189,158,171,243,566,326,40,160,354,174,132,200,72,180,167,172,388,477,837,169,302,63,322,335,63,163,315,188,60,231,105,266,290,88,343,129,224
494,439,194,95,510,121,508,175,178,226,440,603,901,353,271,324,374,882,522,55,279,483,292,215,341,144,349,250,295,648,760,1348,255,491,112,539,510,86,261,521,331,124,350,207,416,462,343,262,169,384
145,153,77,40,197,38,153,53,59,79,159,216,328,114,108,111,105,331,175,22,98,203,104,69,120,59,138,89,98,261,290,485,91,154,50,206,184,35,99,206,125,42,147,70,172,150,129,169,38,119
378,263,139,61,329,100,367,78,107,133,303,392,601,221,174,192,229,598,327,42,205,324,211,139,235,82,223,160,154,447,507,925,179,310,70,375,318,59,158,323,193,84,266,130,273,311,224,384,119,121
