240,472,231,98,492,109,463,183,193,252,485,515,808,357,323,331,354,815,464,63,316,512,351,223,352,158,377,283,318,633,674,1161,264,447,112,485,466,95,232,476,294,118,350,177,433,441,345,505,182,360
472,171,184,69,414,103,429,145,125,168,353,457,766,300,251,275,319,742,449,53,235,429,256,155,268,106,271,203,211,535,677,1217,230,413,93,454,406,74,208,448,307,77,360,153,343,384,261,494,164,293
231,184,43,34,243,37,190,58,75,69,189,236,361,148,94,95,151,371,207,19,99,198,111,95,141,48,134,86,88,236,306,547,112,184,46,202,181,30,85,230,128,51,165,64,172,206,128,206,78,141
98,69,34,7,75,15,80,35,28,34,73,94,148,64,42,54,77,157,82,9,56,98,71,42,58,26,63,50,48,109,123,220,50,81,23,98,68,17,46,73,51,21,72,39,82,68,62,79,26,58
492,414,243,75,240,124,480,137,168,227,429,544,924,326,249,278,381,906,527,68,273,505,327,227,314,129,365,249,267,633,798,1485,333,478,116,529,477,86,230,506,312,103,381,170,414,527,319,503,171,329
109,103,37,15,124,7,82,36,38,46,103,140,199,75,65,82,84,207,124,14,68,124,75,46,64,37,72,50,69,141,184,306,50,104,25,125,93,17,62,113,60,22,86,45,104,105,71,107,32,77
463,429,190,80,480,82,234,154,171,202,420,576,912,303,252,287,333,896,502,55,281,475,298,214,303,122,337,231,239,617,734,1326,248,415,104,525,461,80,232,483,291,96,373,179,404,429,286,481,169,323
183,145,58,35,137,36,154,23,43,72,137,188,279,103,77,77,109,292,129,22,80,149,81,61,94,33,106,50,71,187,225,439,92,144,37,142,139,25,74,184,92,28,114,62,119,144,104,165,64,116
193,125,75,28,168,38,171,43,28,78,152,177,288,95,81,110,121,301,166,17,92,168,86,61,110,41,114,58,89,204,293,482,87,143,36,186,148,26,88,202,111,53,137,65,137,149,108,190,58,123
252,168,69,34,227,46,202,72,78,53,175,202,392,145,134,122,148,385,202,24,128,197,114,89,137,47,123,106,105,275,282,562,103,214,45,189,205,35,111,219,135,46,155,80,182,159,122,221,86,126
485,353,189,73,429,103,420,137,152,175,168,461,755,255,254,252,344,747,395,51,240,422,271,174,299,109,287,225,240,543,599,1130,230,417,103,442,391,65,213,446,298,91,330,158,373,363,272,450,161,317
515,457,236,94,544,140,576,188,177,202,461,296,994,354,302,326,414,1022,561,74,311,550,322,218,381,159,374,226,258,727,856,1531,301,541,107,607,492,94,273,577,376,112,424,206,416,502,361,573,186,323
808,766,361,148,924,199,912,279,288,392,755,994,848,585,457,532,668,1504,924,132,509,957,549,368,617,219,615,428,453,1153,1362,2454,493,876,242,989,839,154,424,951,578,192,686,356,743,800,591,915,330,587
357,300,148,64,326,75,303,103,95,145,255,354,585,109,188,163,243,565,356,42,181,340,214,111,211,75,214,171,167,414,464,964,177,330,62,305,312,58,176,330,204,69,257,101,262,298,225,365,123,212
323,251,94,42,249,65,252,77,81,134,254,302,457,188,64,120,186,478,277,25,126,300,166,111,185,59,171,109,151,353,408,780,152,246,66,260,234,38,136,304,178,57,214,103,224,240,170,312,81,209
331,275,95,54,278,82,287,77,110,122,252,326,532,163,120,57,191,543,292,34,155,284,171,112,199,64,200,136,154,370,459,820,159,265,75,258,279,39,117,291,185,61,223,95,224,264,166,332,112,223
354,319,151,77,381,84,333,109,121,148,344,414,668,243,186,191,133,644,400,57,173,396,220,146,227,92,244,180,191,447,609,1049,213,329,72,362,329,61,163,395,236,79,272,130,297,358,231,392,127,238
815,742,371,157,906,207,896,292,301,385,747,1022,1504,565,478,543,644,825,945,122,518,940,550,355,587,225,639,456,486,1139,1420,2452,497,873,226,985,855,166,467,926,578,191,714,359,718,873,559,893,324,618
464,449,207,82,527,124,502,129,166,202,395,561,924,356,277,292,400,945,262,66,270,513,328,211,337,124,364,212,260,632,750,1412,291,483,117,546,490,87,240,564,318,99,390,192,429,483,321,507,171,343
63,53,19,9,68,14,55,22,17,24,51,74,132,42,25,34,57,122,66,6,29,58,33,20,40,14,44,32,32,81,96,182,36,50,14,68,55,8,34,73,41,9,51,38,43,59,35,59,29,47
316,235,99,56,273,68,281,80,92,128,240,311,509,181,126,155,173,518,270,29,74,296,161,133,173,67,184,123,139,321,453,795,145,293,53,283,308,39,140,319,183,42,249,100,234,274,173,262,108,198
512,429,198,98,505,124,475,149,168,197,422,550,957,340,300,284,396,940,513,58,296,280,357,218,352,153,380,228,261,687,765,1416,306,471,121,550,509,87,265,541,375,114,361,198,441,463,323,542,202,353
351,256,111,71,327,75,298,81,86,114,271,322,549,214,166,171,220,550,328,33,161,357,98,130,170,71,193,124,170,356,472,854,158,311,76,311,270,49,142,359,196,58,258,125,253,280,178,335,121,218
223,155,95,42,227,46,214,61,61,89,174,218,368,111,111,112,146,355,211,20,133,218,130,35,116,47,142,103,105,259,275,555,104,205,44,213,185,39,86,208,144,39,163,83,151,176,126,229,64,158
352,268,141,58,314,64,303,94,110,137,299,381,617,211,185,199,227,587,337,40,173,352,170,116,91,77,180,139,180,427,508,941,173,326,58,339,285,53,167,363,210,68,260,132,254,323,210,345,117,222
158,106,48,26,129,37,122,33,41,47,109,159,219,75,59,64,92,225,124,14,67,153,71,47,77,18,76,69,67,166,191,369,64,120,36,129,131,28,59,139,74,27,104,48,105,119,81,128,52,106
377,271,134,63,365,72,337,106,114,123,287,374,615,214,171,200,244,639,364,44,184,380,193,142,180,76,113,148,156,457,542,991,189,321,95,373,324,62,164,374,217,68,243,145,265,332,215,350,129,226
283,203,86,50,249,50,231,50,58,106,225,226,428,171,109,136,180,456,212,32,123,228,124,103,139,69,148,52,129,280,358,671,126,202,47,239,213,34,113,250,133,49,188,87,188,221,162,257,83,163
318,211,88,48,267,69,239,71,89,105,240,258,453,167,151,154,191,486,260,32,139,261,170,105,180,67,156,129,65,325,373,673,137,209,69,268,237,33,126,296,177,57,209,78,195,228,179,258,91,178
633,535,236,109,633,141,617,187,204,275,543,727,1153,414,353,370,447,1139,632,81,321,687,356,259,427,166,457,280,325,396,963,1727,346,605,139,626,581,103,330,674,404,119,511,225,510,594,373,624,237,400
674,677,306,123,798,184,734,225,293,282,599,856,1362,464,408,459,609,1420,750,96,453,765,472,275,508,191,542,358,373,963,593,2063,413,744,175,772,711,136,385,778,507,160,592,272,607,738,503,743,288,506
1161,1217,547,220,1485,306,1326,439,482,562,1130,1531,2454,964,780,820,1049,2452,1412,182,795,1416,854,555,941,369,991,671,673,1727,2063,1963,734,1263,322,1543,1254,262,738,1461,922,285,1058,547,1156,1330,916,1395,520,967
264,230,112,50,333,50,248,92,87,103,230,301,493,177,152,159,213,497,291,36,145,306,158,104,173,64,189,126,137,346,413,734,75,270,68,309,248,52,144,305,191,54,209,115,222,268,191,280,107,184
447,413,184,81,478,104,415,144,143,214,417,541,876,330,246,265,329,873,483,50,293,471,311,205,326,120,321,202,209,605,744,1263,270,227,128,471,458,75,238,482,312,100,396,170,397,421,319,468,187,351
112,93,46,23,116,25,104,37,36,45,103,107,242,62,66,75,72,226,117,14,53,121,76,44,58,36,95,47,69,139,175,322,68,128,7,103,110,24,54,129,84,27,92,44,84,108,74,102,45,69
485,454,202,98,529,125,525,142,186,189,442,607,989,305,260,258,362,985,546,68,283,550,311,213,339,129,373,239,268,626,772,1543,309,471,103,258,488,85,282,587,359,107,392,188,420,533,326,546,184,329
466,406,181,68,477,93,461,139,148,205,391,492,839,312,234,279,329,855,490,55,308,509,270,185,285,131,324,213,237,581,711,1254,248,458,110,488,224,78,217,478,305,93,336,168,377,406,289,470,182,293
95,74,30,17,86,17,80,25,26,35,65,94,154,58,38,39,61,166,87,8,39,87,49,39,53,28,62,34,33,103,136,262,52,75,24,85,78,7,45,81,53,17,77,25,41,77,55,80,31,43
232,208,85,46,230,62,232,74,88,111,213,273,424,176,136,117,163,467,240,34,140,265,142,86,167,59,164,113,126,330,385,738,144,238,54,282,217,45,57,294,161,47,185,109,198,230,170,287,95,182
476,448,230,73,506,113,483,184,202,219,446,577,951,330,304,291,395,926,564,73,319,541,359,208,363,139,374,250,296,674,778,1461,305,482,129,587,478,81,294,269,377,109,402,194,423,484,337,567,216,349
294,307,128,51,312,60,291,92,111,135,298,376,578,204,178,185,236,578,318,41,183,375,196,144,210,74,217,133,177,404,507,922,191,312,84,359,305,53,161,377,112,55,245,137,267,309,200,329,127,227
118,77,51,21,103,22,96,28,53,46,91,112,192,69,57,61,79,191,99,9,42,114,58,39,68,27,68,49,57,119,160,285,54,100,27,107,93,17,47,109,55,8,93,45,81,107,64,89,41,74
350,360,165,72,381,86,373,114,137,155,330,424,686,257,214,223,272,714,390,51,249,361,258,163,260,104,243,188,209,511,592,1058,209,396,92,392,336,77,185,402,245,93,124,156,291,363,245,377,162,260
177,153,64,39,170,45,179,62,65,80,158,206,356,101,103,95,130,359,192,38,100,198,125,83,132,48,145,87,78,225,272,547,115,170,44,188,168,25,109,194,137,45,156,35,155,176,107,226,80,141
433,343,172,82,414,104,404,119,137,182,373,416,743,262,224,224,297,718,429,43,234,441,253,151,254,105,265,188,195,510,607,1156,222,397,84,420,377,41,198,423,267,81,291,155,165,366,264,446,154,288
441,384,206,68,527,105,429,144,149,159,363,502,800,298,240,264,358,873,483,59,274,463,280,176,323,119,332,221,228,594,738,1330,268,421,108,533,406,77,230,484,309,107,363,176,366,222,338,480,167,306
345,261,128,62,319,71,286,104,108,122,272,361,591,225,170,166,231,559,321,35,173,323,178,126,210,81,215,162,179,373,503,916,191,319,74,326,289,55,170,337,200,64,245,107,264,338,106,332,121,237
505,494,206,79,503,107,481,165,190,221,450,573,915,365,312,332,392,893,507,59,262,542,335,229,345,128,350,257,258,624,743,1395,280,468,102,546,470,80,287,567,329,89,377,226,446,480,332,272,178,336
182,164,78,26,171,32,169,64,58,86,161,186,330,123,81,112,127,324,171,29,108,202,121,64,117,52,129,83,91,237,288,520,107,187,45,184,182,31,95,216,127,41,162,80,154,167,121,178,31,133
360,293,141,58,329,77,323,116,123,126,317,323,587,212,209,223,238,618,343,47,198,353,218,158,222,106,226,163,178,400,506,967,184,351,69,329,293,43,182,349,227,74,260,141,288,306,237,336,133,126
