252,429,247,77,502,98,441,178,188,236,440,521,830,389,315,333,353,818,490,60,320,508,374,204,356,151,365,269,311,625,707,1144,229,503,110,495,460,74,252,470,340,130,339,155,442,437,301,459,184,351
429,180,169,64,435,102,412,135,137,174,359,480,774,294,240,249,309,797,408,53,232,451,230,175,274,112,275,196,220,556,650,1225,224,392,99,464,386,64,205,440,278,98,363,175,377,377,267,462,155,316
247,169,42,28,175,40,175,47,77,75,169,193,345,114,99,110,141,352,199,28,107,208,118,74,120,44,130,92,104,245,266,574,105,161,55,204,161,33,86,204,151,41,144,83,143,192,121,200,71,115
77,64,28,3,93,14,78,23,26,54,74,106,150,63,47,58,57,145,80,14,45,82,51,33,45,15,56,51,49,109,109,215,34,70,24,93,78,15,41,93,57,28,80,26,65,76,56,94,28,51
502,435,175,93,245,104,504,146,140,186,397,625,914,299,246,275,351,919,476,51,308,509,279,200,299,132,323,248,268,647,740,1274,269,493,119,538,484,76,262,526,305,104,405,202,367,483,294,515,179,324
98,102,40,14,104,17,111,41,41,58,87,130,194,74,64,76,87,185,110,13,65,122,73,40,67,36,75,64,74,162,167,272,52,92,19,122,108,22,65,124,75,35,94,37,81,122,78,114,31,70
441,412,175,78,504,111,235,177,177,221,406,522,802,325,266,282,311,859,463,60,257,481,280,185,327,124,338,248,231,596,667,1240,234,458,104,479,434,86,257,528,321,114,381,174,375,437,316,482,163,303
178,135,47,23,146,41,177,18,56,65,136,153,282,104,77,96,110,289,163,25,76,173,87,60,113,37,93,75,76,191,241,473,92,151,48,156,134,18,77,181,86,41,119,58,126,128,106,187,65,102
188,137,77,26,140,41,177,56,19,60,149,171,268,117,97,96,124,299,158,21,78,153,95,68,101,44,103,87,82,217,225,426,76,145,29,175,164,21,84,168,112,33,123,63,126,153,92,174,40,108
236,174,75,54,186,58,221,65,60,50,190,240,366,146,109,126,159,368,230,30,140,238,138,98,155,53,142,109,109,240,283,579,104,218,39,220,211,35,105,228,138,40,176,76,182,179,129,215,65,140
440,359,169,74,397,87,406,136,149,190,192,481,719,276,230,249,320,721,453,55,263,474,258,184,306,109,258,194,226,540,607,1151,197,409,84,434,396,72,209,462,275,88,366,155,311,411,279,450,160,296
521,480,193,106,625,130,522,153,171,240,481,286,1000,337,277,309,378,991,580,71,306,603,306,224,370,141,382,281,287,706,872,1609,327,536,122,621,543,95,276,577,362,112,431,190,437,491,362,580,196,397
830,774,345,150,914,194,802,282,268,366,719,1000,756,592,487,538,616,1367,879,98,520,897,508,349,545,215,612,443,425,1088,1306,2358,483,817,202,950,759,164,478,936,629,185,659,311,739,766,569,941,307,581
389,294,114,63,299,74,325,104,117,146,276,337,592,109,195,204,228,595,327,44,182,316,209,130,227,80,218,173,160,444,469,906,183,322,66,312,331,45,163,364,239,80,261,126,261,283,200,345,136,229
315,240,99,47,246,64,266,77,97,109,230,277,487,195,82,137,199,455,257,33,144,262,156,105,165,67,200,111,144,314,411,758,150,236,57,257,237,46,126,262,170,61,185,102,216,269,177,269,88,173
333,249,110,58,275,76,282,96,96,126,249,309,538,204,137,71,202,518,284,46,172,291,183,126,187,70,200,143,155,371,442,807,158,259,59,283,272,49,138,303,197,65,208,104,219,288,169,288,98,185
353,309,141,57,351,87,311,110,124,159,320,378,616,228,199,202,117,649,373,32,196,360,239,151,219,97,227,192,150,477,505,970,185,318,92,373,317,39,168,366,240,67,287,143,300,325,213,342,151,235
818,797,352,145,919,185,859,289,299,368,721,991,1367,595,455,518,649,777,907,112,534,923,524,362,582,229,629,436,457,1083,1350,2307,473,829,197,985,818,167,478,928,568,191,687,333,735,788,595,907,320,610
490,408,199,80,476,110,463,163,158,230,453,580,879,327,257,284,373,907,244,52,250,473,294,198,320,147,312,251,252,637,777,1391,245,488,110,543,476,100,237,524,347,93,398,175,396,455,303,526,182,338
60,53,28,14,51,13,60,25,21,30,55,71,98,44,33,46,32,112,52,1,35,60,27,28,38,13,37,35,24,75,88,160,29,49,17,60,59,9,31,68,44,10,44,26,56,62,28,69,17,31
320,232,107,45,308,65,257,76,78,140,263,306,520,182,144,172,196,534,250,35,58,257,166,104,192,86,182,107,136,339,397,813,142,238,69,271,260,46,144,308,191,61,219,101,226,249,186,279,110,169
508,451,208,82,509,122,481,173,153,238,474,603,897,316,262,291,360,923,473,60,257,248,295,224,341,133,347,240,275,690,698,1433,260,485,112,561,439,91,236,543,356,110,378,184,392,460,298,526,185,334
374,230,118,51,279,73,280,87,95,138,258,306,508,209,156,183,239,524,294,27,166,295,86,116,165,82,196,153,155,349,447,840,170,282,53,305,279,60,137,303,186,50,227,108,212,298,198,301,81,178
204,175,74,33,200,40,185,60,68,98,184,224,349,130,105,126,151,362,198,28,104,224,116,28,138,49,133,98,100,270,295,533,102,191,47,215,170,34,91,188,148,53,165,78,164,175,116,230,81,145
356,274,120,45,299,67,327,113,101,155,306,370,545,227,165,187,219,582,320,38,192,341,165,138,97,81,206,182,167,417,493,931,171,299,81,341,320,62,143,337,213,69,262,127,246,323,199,357,96,234
151,112,44,15,132,36,124,37,44,53,109,141,215,80,67,70,97,229,147,13,86,133,82,49,81,11,65,70,76,145,200,353,70,115,33,149,102,18,56,131,77,35,109,58,106,124,73,145,44,91
365,275,130,56,323,75,338,93,103,142,258,382,612,218,200,200,227,629,312,37,182,347,196,133,206,65,113,189,173,426,492,918,177,306,78,335,313,52,148,342,204,85,247,118,287,302,203,378,140,218
269,196,92,51,248,64,248,75,87,109,194,281,443,173,111,143,192,436,251,35,107,240,153,98,182,70,189,60,108,256,344,656,139,224,62,246,225,29,127,253,148,42,166,94,203,226,157,256,98,141
311,220,104,49,268,74,231,76,82,109,226,287,425,160,144,155,150,457,252,24,136,275,155,100,167,76,173,108,59,309,390,771,129,246,65,254,243,41,119,286,170,53,210,84,181,229,161,281,84,147
625,556,245,109,647,162,596,191,217,240,540,706,1088,444,314,371,477,1083,637,75,339,690,349,270,417,145,426,256,309,414,988,1699,335,588,147,693,613,101,344,717,439,118,484,245,535,588,373,640,238,439
707,650,266,109,740,167,667,241,225,283,607,872,1306,469,411,442,505,1350,777,88,397,698,447,295,493,200,492,344,390,988,527,2143,378,668,179,807,651,137,364,795,502,171,552,271,610,702,490,733,278,499
1144,1225,574,215,1274,272,1240,473,426,579,1151,1609,2358,906,758,807,970,2307,1391,160,813,1433,840,533,931,353,918,656,771,1699,2143,1853,717,1238,329,1496,1270,247,694,1410,916,283,1021,508,1133,1204,869,1339,470,926
229,224,105,34,269,52,234,92,76,104,197,327,483,183,150,158,185,473,245,29,142,260,170,102,171,70,177,139,129,335,378,717,72,230,53,274,250,47,131,228,182,59,208,109,233,255,172,265,70,163
503,392,161,70,493,92,458,151,145,218,409,536,817,322,236,259,318,829,488,49,238,485,282,191,299,115,306,224,246,588,668,1238,230,224,96,469,395,82,245,503,315,99,392,166,349,423,297,494,161,309
110,99,55,24,119,19,104,48,29,39,84,122,202,66,57,59,92,197,110,17,69,112,53,47,81,33,78,62,65,147,179,329,53,96,13,139,114,20,70,127,56,22,98,52,93,77,76,110,37,87
495,464,204,93,538,122,479,156,175,220,434,621,950,312,257,283,373,985,543,60,271,561,305,215,341,149,335,246,254,693,807,1496,274,469,139,265,481,82,245,599,354,117,416,219,422,495,319,503,202,317
460,386,161,78,484,108,434,134,164,211,396,543,759,331,237,272,317,818,476,59,260,439,279,170,320,102,313,225,243,613,651,1270,250,395,114,481,228,67,232,451,307,94,381,177,370,463,309,469,180,297
74,64,33,15,76,22,86,18,21,35,72,95,164,45,46,49,39,167,100,9,46,91,60,34,62,18,52,29,41,101,137,247,47,82,20,82,67,10,42,101,58,17,80,38,69,67,62,86,31,49
252,205,86,41,262,65,257,77,84,105,209,276,478,163,126,138,168,478,237,31,144,236,137,91,143,56,148,127,119,344,364,694,131,245,70,245,232,42,65,257,143,47,208,102,211,248,170,265,108,148
470,440,204,93,526,124,528,181,168,228,462,577,936,364,262,303,366,928,524,68,308,543,303,188,337,131,342,253,286,717,795,1410,228,503,127,599,451,101,257,267,321,116,387,198,426,455,338,539,195,378
340,278,151,57,305,75,321,86,112,138,275,362,629,239,170,197,240,568,347,44,191,356,186,148,213,77,204,148,170,439,502,916,182,315,56,354,307,58,143,321,94,72,256,116,274,297,200,305,117,204
130,98,41,28,104,35,114,41,33,40,88,112,185,80,61,65,67,191,93,10,61,110,50,53,69,35,85,42,53,118,171,283,59,99,22,117,94,17,47,116,72,11,87,35,88,84,61,97,39,66
339,363,144,80,405,94,381,119,123,176,366,431,659,261,185,208,287,687,398,44,219,378,227,165,262,109,247,166,210,484,552,1021,208,392,98,416,381,80,208,387,256,87,142,143,331,351,254,380,144,262
155,175,83,26,202,37,174,58,63,76,155,190,311,126,102,104,143,333,175,26,101,184,108,78,127,58,118,94,84,245,271,508,109,166,52,219,177,38,102,198,116,35,143,39,143,154,108,182,65,132
442,377,143,65,367,81,375,126,126,182,311,437,739,261,216,219,300,735,396,56,226,392,212,164,246,106,287,203,181,535,610,1133,233,349,93,422,370,69,211,426,274,88,331,143,170,382,256,413,131,294
437,377,192,76,483,122,437,128,153,179,411,491,766,283,269,288,325,788,455,62,249,460,298,175,323,124,302,226,229,588,702,1204,255,423,77,495,463,67,248,455,297,84,351,154,382,216,284,508,146,303
301,267,121,56,294,78,316,106,92,129,279,362,569,200,177,169,213,595,303,28,186,298,198,116,199,73,203,157,161,373,490,869,172,297,76,319,309,62,170,338,200,61,254,108,256,284,83,327,124,232
459,462,200,94,515,114,482,187,174,215,450,580,941,345,269,288,342,907,526,69,279,526,301,230,357,145,378,256,281,640,733,1339,265,494,110,503,469,86,265,539,305,97,380,182,413,508,327,271,179,332
184,155,71,28,179,31,163,65,40,65,160,196,307,136,88,98,151,320,182,17,110,185,81,81,96,44,140,98,84,238,278,470,70,161,37,202,180,31,108,195,117,39,144,65,131,146,124,179,22,125
351,316,115,51,324,70,303,102,108,140,296,397,581,229,173,185,235,610,338,31,169,334,178,145,234,91,218,141,147,439,499,926,163,309,87,317,297,49,148,378,204,66,262,132,294,303,232,332,125,128
