267,454,216,68,487,103,451,176,166,228,441,507,778,386,329,346,374,801,530,74,278,524,357,218,331,153,395,296,330,569,721,1221,283,481,111,538,460,91,260,463,314,114,392,183,414,435,344,473,179,364
454,165,179,86,453,106,425,145,148,184,374,479,797,273,224,208,272,806,449,51,242,448,236,150,266,106,272,218,226,562,657,1208,226,433,110,424,405,60,240,481,281,79,321,182,344,420,269,441,164,289
216,179,41,42,207,57,198,50,60,71,152,197,393,146,114,113,139,377,214,30,109,204,121,91,128,56,126,85,93,219,278,587,90,220,46,198,183,30,99,235,150,31,158,66,156,193,136,224,77,114
68,86,42,8,81,22,87,30,38,39,67,109,131,53,45,48,51,147,87,18,59,94,51,36,59,25,65,38,45,122,122,201,39,87,21,99,84,12,44,92,62,21,67,34,67,76,48,91,34,59
487,453,207,81,243,113,508,174,150,215,454,599,911,333,275,273,408,905,508,54,292,520,305,186,347,128,362,243,243,656,777,1371,303,456,116,572,462,78,268,555,325,89,384,180,398,478,316,545,196,346
103,106,57,22,113,14,107,34,36,52,99,130,183,72,67,70,85,206,119,19,74,109,93,44,77,28,78,54,70,149,156,284,50,107,30,138,102,13,60,104,85,22,73,44,94,87,70,110,34,86
451,425,198,87,508,107,240,165,154,206,408,587,853,281,267,281,340,881,533,67,258,465,316,214,304,120,366,222,249,602,694,1285,240,427,96,534,432,80,253,520,304,95,360,161,378,415,301,466,155,324
176,145,50,30,174,34,165,30,61,90,145,170,265,106,75,82,112,300,161,20,85,160,95,62,113,42,108,62,68,167,227,447,72,143,35,152,137,18,82,167,88,27,126,60,119,136,89,176,62,103
166,148,60,38,150,36,154,61,35,70,133,173,298,115,83,91,123,304,172,20,89,162,87,84,125,45,113,82,87,197,276,466,92,177,50,180,162,29,84,173,107,29,118,62,123,145,118,140,71,126
228,184,71,39,215,52,206,90,70,60,183,232,348,149,110,132,122,354,209,18,132,217,135,74,141,62,139,88,106,225,292,499,103,204,57,203,198,42,109,220,142,40,166,85,166,168,116,227,67,138
441,374,152,67,454,99,408,145,133,183,169,482,720,273,228,241,299,747,427,47,260,438,269,146,262,111,281,193,202,518,605,1150,242,434,105,436,364,84,203,466,282,93,315,158,339,390,248,426,144,284
507,479,197,109,599,130,587,170,173,232,482,334,1051,363,299,354,429,1046,536,66,298,571,323,215,368,126,365,259,286,751,873,1606,318,503,125,563,567,100,290,621,364,101,435,205,459,551,363,597,220,367
778,797,393,131,911,183,853,265,298,348,720,1051,814,605,482,498,649,1437,917,119,529,917,484,353,594,231,624,404,460,1146,1435,2506,491,890,211,969,859,156,448,954,620,163,679,370,727,888,579,918,311,621
386,273,146,53,333,72,281,106,115,149,273,363,605,111,181,200,233,618,326,36,165,303,196,135,192,71,176,158,154,400,489,906,170,290,87,325,304,58,162,345,201,51,250,124,262,276,172,330,118,218
329,224,114,45,275,67,267,75,83,110,228,299,482,181,79,145,201,480,294,39,141,292,163,116,179,62,179,112,149,338,411,754,132,264,51,244,264,48,138,273,177,48,240,101,234,223,173,282,101,176
346,208,113,48,273,70,281,82,91,132,241,354,498,200,145,79,199,515,305,35,156,314,194,133,185,69,187,120,147,321,444,804,165,285,64,308,269,47,155,272,193,53,250,112,220,263,187,320,107,187
374,272,139,51,408,85,340,112,123,122,299,429,649,233,201,199,126,696,372,50,201,340,231,156,257,86,219,155,168,414,538,1070,203,327,82,390,339,60,187,350,230,84,277,128,286,331,224,381,133,249
801,806,377,147,905,206,881,300,304,354,747,1046,1437,618,480,515,696,802,906,110,512,907,509,341,579,233,611,439,452,1109,1399,2438,501,840,191,970,868,154,453,914,554,172,663,345,698,842,574,930,317,614
530,449,214,87,508,119,533,161,172,209,427,536,917,326,294,305,372,906,262,67,248,489,343,220,345,127,338,230,262,671,765,1456,294,493,124,488,505,80,248,561,323,95,379,188,416,441,316,536,206,362
74,51,30,18,54,19,67,20,20,18,47,66,119,36,39,35,50,110,67,4,39,60,38,32,40,16,38,17,35,80,97,177,39,61,15,68,71,8,29,73,43,10,44,27,37,63,35,83,34,43
278,242,109,59,292,74,258,85,89,132,260,298,529,165,141,156,201,512,248,39,97,280,151,102,162,77,171,139,117,315,435,818,148,263,54,244,257,51,125,314,212,59,226,108,237,234,165,313,98,178
524,448,204,94,520,109,465,160,162,217,438,571,917,303,292,314,340,907,489,60,280,255,329,233,340,130,365,255,237,645,744,1443,307,493,127,499,518,74,235,562,331,91,388,189,412,463,309,536,200,369
357,236,121,51,305,93,316,95,87,135,269,323,484,196,163,194,231,509,343,38,151,329,101,114,184,68,192,147,146,364,452,810,161,286,69,289,333,55,165,306,183,68,218,96,227,282,169,306,111,223
218,150,91,36,186,44,214,62,84,74,146,215,353,135,116,133,156,341,220,32,102,233,114,34,106,52,120,89,93,236,296,544,101,199,48,218,202,31,107,209,130,45,159,81,162,168,117,213,78,113
331,266,128,59,347,77,304,113,125,141,262,368,594,192,179,185,257,579,345,40,162,340,184,106,107,78,204,150,164,346,505,931,184,332,65,341,306,60,175,353,211,86,248,129,258,297,211,354,126,224
153,106,56,25,128,28,120,42,45,62,111,126,231,71,62,69,86,233,127,16,77,130,68,52,78,21,74,64,54,164,190,354,68,114,23,113,116,22,81,147,89,29,103,45,92,114,69,114,39,101
395,272,126,65,362,78,366,108,113,139,281,365,624,176,179,187,219,611,338,38,171,365,192,120,204,74,105,171,147,424,541,968,201,316,66,357,324,52,190,347,214,78,260,130,254,306,197,359,119,229
296,218,85,38,243,54,222,62,82,88,193,259,404,158,112,120,155,439,230,17,139,255,147,89,150,64,171,50,116,237,360,628,137,198,57,233,193,38,111,278,145,49,180,82,196,220,139,234,88,162
330,226,93,45,243,70,249,68,87,106,202,286,460,154,149,147,168,452,262,35,117,237,146,93,164,54,147,116,65,308,362,698,145,213,56,231,248,48,120,256,159,53,193,80,199,218,155,283,104,160
569,562,219,122,656,149,602,167,197,225,518,751,1146,400,338,321,414,1109,671,80,315,645,364,236,346,164,424,237,308,371,1026,1824,355,585,140,625,614,92,285,685,409,123,422,220,491,627,378,630,237,406
721,657,278,122,777,156,694,227,276,292,605,873,1435,489,411,444,538,1399,765,97,435,744,452,296,505,190,541,360,362,1026,563,2085,393,730,168,791,691,121,357,787,515,148,569,289,592,703,494,782,302,567
1221,1208,587,201,1371,284,1285,447,466,499,1150,1606,2506,906,754,804,1070,2438,1456,177,818,1443,810,544,931,354,968,628,698,1824,2085,1904,763,1316,306,1511,1333,249,690,1490,929,279,1042,561,1120,1233,847,1454,474,956
283,226,90,39,303,50,240,72,92,103,242,318,491,170,132,165,203,501,294,39,148,307,161,101,184,68,201,137,145,355,393,763,64,274,56,299,251,43,129,301,180,62,206,111,221,253,180,262,95,198
481,433,220,87,456,107,427,143,177,204,434,503,890,290,264,285,327,840,493,61,263,493,286,199,332,114,316,198,213,585,730,1316,274,212,106,541,454,79,236,514,319,91,364,176,389,436,277,487,181,319
111,110,46,21,116,30,96,35,50,57,105,125,211,87,51,64,82,191,124,15,54,127,69,48,65,23,66,57,56,140,168,306,56,106,11,122,107,16,48,145,79,18,75,43,84,81,72,110,48,86
538,424,198,99,572,138,534,152,180,203,436,563,969,325,244,308,390,970,488,68,244,499,289,218,341,113,357,233,231,625,791,1511,299,541,122,295,496,74,279,602,351,102,446,196,410,470,341,584,190,369
460,405,183,84,462,102,432,137,162,198,364,567,859,304,264,269,339,868,505,71,257,518,333,202,306,116,324,193,248,614,691,1333,251,454,107,496,234,67,239,479,320,93,364,182,381,448,314,499,189,321
91,60,30,12,78,13,80,18,29,42,84,100,156,58,48,47,60,154,80,8,51,74,55,31,60,22,52,38,48,92,121,249,43,79,16,74,67,6,23,109,63,18,78,31,82,74,49,84,45,61
260,240,99,44,268,60,253,82,84,109,203,290,448,162,138,155,187,453,248,29,125,235,165,107,175,81,190,111,120,285,357,690,129,236,48,279,239,23,57,269,148,54,183,101,194,206,180,292,102,179
463,481,235,92,555,104,520,167,173,220,466,621,954,345,273,272,350,914,561,73,314,562,306,209,353,147,347,278,256,685,787,1490,301,514,145,602,479,109,269,296,368,118,389,211,409,516,323,549,213,396
314,281,150,62,325,85,304,88,107,142,282,364,620,201,177,193,230,554,323,43,212,331,183,130,211,89,214,145,159,409,515,929,180,319,79,351,320,63,148,368,94,72,243,117,269,330,211,324,119,231
114,79,31,21,89,22,95,27,29,40,93,101,163,51,48,53,84,172,95,10,59,91,68,45,86,29,78,49,53,123,148,279,62,91,18,102,93,18,54,118,72,13,79,39,80,84,64,99,36,78
392,321,158,67,384,73,360,126,118,166,315,435,679,250,240,250,277,663,379,44,226,388,218,159,248,103,260,180,193,422,569,1042,206,364,75,446,364,78,183,389,243,79,152,119,287,348,240,398,153,291
183,182,66,34,180,44,161,60,62,85,158,205,370,124,101,112,128,345,188,27,108,189,96,81,129,45,130,82,80,220,289,561,111,176,43,196,182,31,101,211,117,39,119,36,151,190,118,185,80,140
414,344,156,67,398,94,378,119,123,166,339,459,727,262,234,220,286,698,416,37,237,412,227,162,258,92,254,196,199,491,592,1120,221,389,84,410,381,82,194,409,269,80,287,151,172,371,265,435,140,262
435,420,193,76,478,87,415,136,145,168,390,551,888,276,223,263,331,842,441,63,234,463,282,168,297,114,306,220,218,627,703,1233,253,436,81,470,448,74,206,516,330,84,348,190,371,214,283,495,175,314
344,269,136,48,316,70,301,89,118,116,248,363,579,172,173,187,224,574,316,35,165,309,169,117,211,69,197,139,155,378,494,847,180,277,72,341,314,49,180,323,211,64,240,118,265,283,99,315,127,228
473,441,224,91,545,110,466,176,140,227,426,597,918,330,282,320,381,930,536,83,313,536,306,213,354,114,359,234,283,630,782,1454,262,487,110,584,499,84,292,549,324,99,398,185,435,495,315,274,192,382
179,164,77,34,196,34,155,62,71,67,144,220,311,118,101,107,133,317,206,34,98,200,111,78,126,39,119,88,104,237,302,474,95,181,48,190,189,45,102,213,119,36,153,80,140,175,127,192,27,137
364,289,114,59,346,86,324,103,126,138,284,367,621,218,176,187,249,614,362,43,178,369,223,113,224,101,229,162,160,406,567,956,198,319,86,369,321,61,179,396,231,78,291,140,262,314,228,382,137,103
