254,402,200,88,500,92,478,197,155,260,432,535,831,377,322,342,385,859,523,71,341,506,383,193,352,143,353,309,286,653,755,1180,263,492,110,538,511,106,263,494,326,125,367,186,429,435,325,516,169,398
402,199,186,65,424,97,429,127,137,159,360,494,807,271,220,230,305,836,475,40,253,469,221,162,293,95,290,214,215,558,684,1306,265,403,104,425,404,65,219,451,308,95,377,174,342,422,286,446,171,273
200,186,39,40,211,46,195,59,75,87,161,216,378,131,91,89,131,362,187,20,114,194,115,78,109,35,118,106,99,234,310,580,99,203,38,172,212,26,108,229,144,50,169,77,174,168,118,210,85,116
88,65,40,3,95,19,79,23,26,34,70,91,158,65,44,45,45,145,91,9,54,89,51,33,60,18,62,48,41,113,121,215,40,88,22,92,70,18,36,80,64,12,60,23,62,69,55,71,31,51
500,424,211,95,272,99,512,149,183,192,444,551,901,333,279,308,393,935,534,62,281,555,289,219,333,128,337,246,245,634,782,1421,261,491,131,528,481,98,285,561,347,102,384,206,416,494,315,538,193,368
92,97,46,19,99,11,111,31,29,38,86,132,210,76,58,69,71,215,124,12,66,127,70,48,77,30,79,70,67,152,172,279,60,101,27,118,116,19,55,122,87,22,87,44,96,101,74,117,38,67
478,429,195,79,512,111,240,147,158,188,407,533,893,296,257,269,359,838,513,63,301,476,286,182,322,112,316,228,274,605,707,1300,271,443,133,514,431,88,219,530,359,89,349,175,372,446,303,477,187,312
197,127,59,23,149,31,147,14,44,59,139,153,268,104,88,82,107,281,141,15,97,157,92,63,93,49,124,77,77,181,231,402,87,143,35,167,134,16,73,168,96,30,131,63,136,136,85,156,59,114
155,137,75,26,183,29,158,44,22,60,154,179,327,118,80,92,108,299,186,17,94,168,99,70,116,47,124,80,86,200,233,480,83,146,30,173,156,22,71,166,107,30,137,46,145,165,93,178,71,118
260,159,87,34,192,38,188,59,60,49,170,201,358,137,124,134,164,335,211,34,126,228,122,64,137,47,127,113,98,263,322,524,124,192,56,226,188,38,105,194,146,43,165,72,159,197,136,206,83,149
432,360,161,70,444,86,407,139,154,170,195,487,759,300,243,256,309,712,423,56,254,457,259,173,283,112,290,189,204,522,662,1144,232,380,110,432,413,72,232,434,291,92,339,150,366,410,270,427,163,295
535,494,216,91,551,132,533,153,179,201,487,333,1024,365,284,330,437,1038,578,61,314,568,314,225,374,112,342,252,298,708,889,1649,315,491,121,602,513,108,248,624,353,114,415,195,427,553,339,607,219,391
831,807,378,158,901,210,893,268,327,358,759,1024,823,614,474,530,676,1446,934,110,517,921,527,347,589,212,596,439,465,1239,1435,2553,503,823,209,1025,875,140,451,1047,613,205,691,364,695,884,561,948,330,617
377,271,131,65,333,76,296,104,118,137,300,365,614,104,181,182,257,619,353,49,186,359,180,114,213,74,218,140,157,405,485,921,182,324,66,316,311,54,144,352,204,62,258,111,226,313,191,329,125,208
322,220,91,44,279,58,257,88,80,124,243,284,474,181,60,119,211,473,277,40,142,266,156,93,152,75,175,109,140,336,412,708,115,239,52,267,270,35,168,270,159,51,206,88,216,243,137,263,92,197
342,230,89,45,308,69,269,82,92,134,256,330,530,182,119,63,214,530,283,33,173,298,142,106,159,76,178,121,134,343,448,780,152,250,59,267,271,43,171,314,181,60,219,120,195,258,157,299,109,189
385,305,131,45,393,71,359,107,108,164,309,437,676,257,211,214,127,656,382,43,202,381,217,144,211,103,257,157,177,459,538,997,195,353,90,379,344,60,201,381,224,76,290,144,278,346,234,375,146,256
859,836,362,145,935,215,838,281,299,335,712,1038,1446,619,473,530,656,822,912,110,511,903,521,377,621,220,637,418,440,1225,1405,2559,520,891,216,1007,852,133,434,966,636,203,665,378,740,880,591,962,364,597
523,475,187,91,534,124,513,141,186,211,423,578,934,353,277,283,382,912,260,62,301,464,313,233,329,127,355,234,227,635,771,1408,306,452,135,537,484,80,270,572,362,121,398,197,402,452,332,546,198,352
71,40,20,9,62,12,63,15,17,34,56,61,110,49,40,33,43,110,62,4,44,61,41,22,49,13,37,17,25,70,96,187,41,59,13,62,57,14,31,67,36,16,37,20,50,56,44,66,26,44
341,253,114,54,281,66,301,97,94,126,254,314,517,186,142,173,202,511,301,44,72,321,176,106,202,83,179,128,133,321,425,758,165,301,62,290,266,44,156,304,190,70,213,101,239,280,165,289,117,173
506,469,194,89,555,127,476,157,168,228,457,568,921,359,266,298,381,903,464,61,321,246,302,217,357,133,344,219,257,647,760,1430,297,506,119,545,460,91,275,570,335,123,410,201,410,468,348,545,197,364
383,221,115,51,289,70,286,92,99,122,259,314,527,180,156,142,217,521,313,41,176,302,84,125,193,72,186,150,149,365,438,780,160,286,73,305,260,45,144,307,225,62,216,85,249,274,195,293,106,216
193,162,78,33,219,48,182,63,70,64,173,225,347,114,93,106,144,377,233,22,106,217,125,40,132,48,134,94,106,259,329,574,107,198,48,189,167,32,90,215,149,47,152,76,131,174,133,200,63,138
352,293,109,60,333,77,322,93,116,137,283,374,589,213,152,159,211,621,329,49,202,357,193,132,118,80,226,136,186,412,525,939,179,321,87,336,337,56,171,342,198,63,262,124,243,315,221,347,134,225
143,95,35,18,128,30,112,49,47,47,112,112,212,74,75,76,103,220,127,13,83,133,72,48,80,17,80,58,69,153,197,346,71,114,31,139,123,18,63,127,66,24,112,53,97,111,77,142,57,96
353,290,118,62,337,79,316,124,124,127,290,342,596,218,175,178,257,637,355,37,179,344,186,134,226,80,125,178,172,433,547,952,179,317,68,329,333,52,183,360,207,77,286,131,266,329,225,352,130,231
309,214,106,48,246,70,228,77,80,113,189,252,439,140,109,121,157,418,234,17,128,219,150,94,136,58,178,46,115,287,360,643,136,200,52,239,232,35,129,231,129,60,183,69,173,223,142,241,92,166
286,215,99,41,245,67,274,77,86,98,204,298,465,157,140,134,177,440,227,25,133,257,149,106,186,69,172,115,71,291,369,688,135,232,57,254,242,36,124,255,176,51,168,80,213,237,162,285,99,162
653,558,234,113,634,152,605,181,200,263,522,708,1239,405,336,343,459,1225,635,70,321,647,365,259,412,153,433,287,291,393,991,1911,419,625,139,668,567,91,319,668,419,112,499,234,519,572,421,678,268,381
755,684,310,121,782,172,707,231,233,322,662,889,1435,485,412,448,538,1405,771,96,425,760,438,329,525,197,547,360,369,991,627,2131,435,704,184,851,711,147,405,879,518,195,605,306,630,699,493,817,286,527
1180,1306,580,215,1421,279,1300,402,480,524,1144,1649,2553,921,708,780,997,2559,1408,187,758,1430,780,574,939,346,952,643,688,1911,2131,2053,779,1337,330,1600,1269,263,705,1560,987,279,1106,551,1068,1368,949,1443,550,962
263,265,99,40,261,60,271,87,83,124,232,315,503,182,115,152,195,520,306,41,165,297,160,107,179,71,179,136,135,419,435,779,73,285,69,280,258,46,143,288,198,60,238,111,222,273,171,263,106,188
492,403,203,88,491,101,443,143,146,192,380,491,823,324,239,250,353,891,452,59,301,506,286,198,321,114,317,200,232,625,704,1337,285,214,112,505,446,84,236,518,326,92,361,169,393,452,308,477,172,327
110,104,38,22,131,27,133,35,30,56,110,121,209,66,52,59,90,216,135,13,62,119,73,48,87,31,68,52,57,139,184,330,69,112,19,120,103,17,62,128,85,25,87,42,94,111,80,117,44,80
538,425,172,92,528,118,514,167,173,226,432,602,1025,316,267,267,379,1007,537,62,290,545,305,189,336,139,329,239,254,668,851,1600,280,505,120,287,510,94,274,585,343,108,428,201,408,497,340,592,200,367
511,404,212,70,481,116,431,134,156,188,413,513,875,311,270,271,344,852,484,57,266,460,260,167,337,123,333,232,242,567,711,1269,258,446,103,510,193,89,250,523,303,116,350,165,360,435,284,444,154,315
106,65,26,18,98,19,88,16,22,38,72,108,140,54,35,43,60,133,80,14,44,91,45,32,56,18,52,35,36,91,147,263,46,84,17,94,89,7,42,85,50,17,63,22,66,77,48,92,28,56
263,219,108,36,285,55,219,73,71,105,232,248,451,144,168,171,201,434,270,31,156,275,144,90,171,63,183,129,124,319,405,705,143,236,62,274,250,42,61,297,180,41,190,98,194,230,174,262,87,172
494,451,229,80,561,122,530,168,166,194,434,624,1047,352,270,314,381,966,572,67,304,570,307,215,342,127,360,231,255,668,879,1560,288,518,128,585,523,85,297,299,387,109,457,228,459,527,309,571,216,351
326,308,144,64,347,87,359,96,107,146,291,353,613,204,159,181,224,636,362,36,190,335,225,149,198,66,207,129,176,419,518,987,198,326,85,343,303,50,180,387,106,78,256,140,269,332,224,332,128,230
125,95,50,12,102,22,89,30,30,43,92,114,205,62,51,60,76,203,121,16,70,123,62,47,63,24,77,60,51,112,195,279,60,92,25,108,116,17,41,109,78,11,70,45,91,90,63,95,34,71
367,377,169,60,384,87,349,131,137,165,339,415,691,258,206,219,290,665,398,37,213,410,216,152,262,112,286,183,168,499,605,1106,238,361,87,428,350,63,190,457,256,70,140,148,281,370,227,392,154,256
186,174,77,23,206,44,175,63,46,72,150,195,364,111,88,120,144,378,197,20,101,201,85,76,124,53,131,69,80,234,306,551,111,169,42,201,165,22,98,228,140,45,148,35,139,170,130,223,64,131
429,342,174,62,416,96,372,136,145,159,366,427,695,226,216,195,278,740,402,50,239,410,249,131,243,97,266,173,213,519,630,1068,222,393,94,408,360,66,194,459,269,91,281,139,153,377,250,408,164,270
435,422,168,69,494,101,446,136,165,197,410,553,884,313,243,258,346,880,452,56,280,468,274,174,315,111,329,223,237,572,699,1368,273,452,111,497,435,77,230,527,332,90,370,170,377,228,270,479,183,298
325,286,118,55,315,74,303,85,93,136,270,339,561,191,137,157,234,591,332,44,165,348,195,133,221,77,225,142,162,421,493,949,171,308,80,340,284,48,174,309,224,63,227,130,250,270,112,324,124,220
516,446,210,71,538,117,477,156,178,206,427,607,948,329,263,299,375,962,546,66,289,545,293,200,347,142,352,241,285,678,817,1443,263,477,117,592,444,92,262,571,332,95,392,223,408,479,324,282,188,355
169,171,85,31,193,38,187,59,71,83,163,219,330,125,92,109,146,364,198,26,117,197,106,63,134,57,130,92,99,268,286,550,106,172,44,200,154,28,87,216,128,34,154,64,164,183,124,188,33,150
398,273,116,51,368,67,312,114,118,149,295,391,617,208,197,189,256,597,352,44,173,364,216,138,225,96,231,166,162,381,527,962,188,327,80,367,315,56,172,351,230,71,256,131,270,298,220,355,150,129
