245,446,211,93,509,98,443,196,178,238,412,516,810,414,309,333,343,801,472,65,317,510,363,204,372,171,374,300,310,582,664,1241,255,503,105,472,425,89,278,435,283,112,346,174,433,406,340,484,171,372
446,177,159,88,449,104,426,101,151,192,384,478,774,273,233,248,305,823,430,60,241,429,237,211,282,116,289,186,217,548,638,1212,225,401,90,450,397,70,165,460,289,91,332,162,358,393,265,423,170,303
211,159,33,31,203,43,189,64,67,79,174,237,349,124,90,113,136,358,196,34,97,219,99,87,129,47,132,86,91,213,295,586,101,179,44,209,203,35,83,225,129,44,181,74,162,181,138,221,82,130
93,88,31,10,79,16,79,29,20,35,64,111,141,71,49,44,67,149,82,8,51,77,56,28,53,30,62,38,42,102,115,222,44,78,16,106,75,15,44,89,53,15,69,28,60,84,54,84,26,65
509,449,203,79,257,111,492,155,162,216,438,561,887,324,284,306,344,911,497,68,292,510,321,205,330,142,355,258,269,615,776,1398,285,481,100,535,460,102,249,510,326,102,380,200,428,484,283,548,181,333
98,104,43,16,111,12,103,30,35,47,88,154,216,82,67,66,76,190,119,8,65,92,82,45,68,32,77,48,63,138,166,269,57,98,21,115,106,18,45,129,66,20,95,46,101,96,77,114,40,83
443,426,189,79,492,103,220,146,160,213,429,557,842,337,253,289,354,854,508,45,274,510,285,178,318,127,317,243,216,630,708,1287,280,472,121,521,448,84,216,508,336,107,329,192,407,467,316,463,174,329
196,101,64,29,155,30,146,31,52,69,134,179,273,116,90,86,131,269,155,17,91,157,85,53,89,30,85,73,61,184,241,455,80,146,41,155,136,27,81,155,101,42,125,61,118,141,96,164,58,98
178,151,67,20,162,35,160,52,29,64,154,194,300,109,101,93,116,273,157,18,87,176,84,54,116,42,101,71,74,176,271,463,91,149,37,177,154,37,94,163,111,28,133,56,146,175,102,158,66,110
238,192,79,35,216,47,213,69,64,39,159,216,376,132,111,111,153,380,197,29,113,231,136,86,142,54,138,108,103,237,323,592,124,188,39,219,198,34,84,241,130,47,123,91,170,192,142,217,69,142
412,384,174,64,438,88,429,134,154,159,154,480,752,280,218,237,305,766,396,58,234,444,245,174,278,121,281,208,202,536,653,1111,243,387,88,461,399,85,206,463,277,79,285,177,339,384,285,453,150,289
516,478,237,111,561,154,557,179,194,216,480,319,996,356,329,289,399,973,599,64,291,629,369,217,353,129,335,220,296,627,871,1553,317,574,141,602,574,94,263,584,372,112,411,210,476,506,385,605,208,382
810,774,349,141,887,216,842,273,300,376,752,996,779,624,436,511,639,1432,911,116,511,926,533,341,556,193,575,426,469,1167,1312,2453,469,851,216,1003,846,157,415,971,570,178,612,350,705,758,561,885,305,631
414,273,124,71,324,82,337,116,109,132,280,356,624,106,195,190,247,588,320,37,160,347,215,127,230,78,221,145,144,402,501,978,190,332,76,344,338,55,192,380,213,64,237,111,296,307,212,326,129,222
309,233,90,49,284,67,253,90,101,111,218,329,436,195,75,116,203,461,280,37,152,299,152,105,179,64,175,126,128,300,404,731,158,273,67,281,257,53,123,272,173,56,196,107,209,274,168,297,107,180
333,248,113,44,306,66,289,86,93,111,237,289,511,190,116,52,212,540,308,39,163,325,164,123,187,72,199,127,148,342,464,786,155,264,77,311,254,47,142,310,196,56,226,112,229,287,168,298,115,201
343,305,136,67,344,76,354,131,116,153,305,399,639,247,203,212,129,625,392,43,206,385,200,156,242,100,281,172,167,442,558,997,194,380,81,361,341,51,167,395,228,78,263,133,299,339,242,377,144,230
801,823,358,149,911,190,854,269,273,380,766,973,1432,588,461,540,625,790,920,138,477,935,550,351,597,203,585,448,471,1166,1327,2406,498,852,203,1011,852,152,447,984,568,177,626,334,735,808,598,883,322,624
472,430,196,82,497,119,508,155,157,197,396,599,911,320,280,308,392,920,285,62,274,506,321,203,330,125,332,278,267,640,769,1404,284,466,126,528,485,93,254,547,316,124,388,196,439,462,340,517,197,371
65,60,34,8,68,8,45,17,18,29,58,64,116,37,37,39,43,138,62,4,28,53,33,26,38,21,45,33,27,77,89,197,40,53,11,75,54,14,33,65,40,15,50,18,50,74,28,79,21,42
317,241,97,51,292,65,274,91,87,113,234,291,511,160,152,163,206,477,274,28,72,270,151,91,192,77,181,139,125,354,430,787,158,253,60,268,265,34,136,291,186,56,228,94,240,256,180,303,83,185
510,429,219,77,510,92,510,157,176,231,444,629,926,347,299,325,385,935,506,53,270,282,304,211,390,134,346,257,283,629,741,1414,275,476,132,530,505,85,249,521,333,108,375,167,464,499,320,538,207,353
363,237,99,56,321,82,285,85,84,136,245,369,533,215,152,164,200,550,321,33,151,304,95,119,199,69,200,150,151,374,414,824,158,292,68,317,293,48,148,327,175,63,231,95,242,280,197,322,126,204
204,211,87,28,205,45,178,53,54,86,174,217,341,127,105,123,156,351,203,26,91,211,119,43,121,43,133,83,97,249,290,570,109,164,44,204,183,33,100,223,137,47,156,77,144,204,110,184,76,119
372,282,129,53,330,68,318,89,116,142,278,353,556,230,179,187,242,597,330,38,192,390,199,121,95,65,187,150,163,411,515,911,174,285,72,396,319,61,175,356,234,62,275,132,240,312,220,346,134,254
171,116,47,30,142,32,127,30,42,54,121,129,193,78,64,72,100,203,125,21,77,134,69,43,65,15,81,60,62,150,195,345,80,123,32,132,125,21,60,156,95,28,96,40,101,120,64,150,39,85
374,289,132,62,355,77,317,85,101,138,281,335,575,221,175,199,281,585,332,45,181,346,200,133,187,81,114,153,170,409,536,923,197,301,77,355,319,57,157,370,240,66,270,113,265,308,206,350,123,224
300,186,86,38,258,48,243,73,71,108,208,220,426,145,126,127,172,448,278,33,139,257,150,83,150,60,153,64,104,299,374,679,122,231,60,262,196,51,121,274,191,59,189,85,186,222,145,257,97,167
310,217,91,42,269,63,216,61,74,103,202,296,469,144,128,148,167,471,267,27,125,283,151,97,163,62,170,104,67,299,390,731,117,256,53,261,220,46,123,266,158,63,216,94,194,258,162,255,95,178
582,548,213,102,615,138,630,184,176,237,536,627,1167,402,300,342,442,1166,640,77,354,629,374,249,411,150,409,299,299,410,949,1811,356,592,140,715,609,125,294,699,404,139,462,248,537,595,393,652,213,379
664,638,295,115,776,166,708,241,271,323,653,871,1312,501,404,464,558,1327,769,89,430,741,414,290,515,195,536,374,390,949,585,2091,390,668,169,812,704,113,384,775,503,166,526,273,602,659,494,770,264,545
1241,1212,586,222,1398,269,1287,455,463,592,1111,1553,2453,978,731,786,997,2406,1404,197,787,1414,824,570,911,345,923,679,731,1811,2091,1932,745,1262,340,1561,1304,214,714,1465,872,317,975,560,1085,1200,916,1404,492,967
255,225,101,44,285,57,280,80,91,124,243,317,469,190,158,155,194,498,284,40,158,275,158,109,174,80,197,122,117,356,390,745,73,253,59,292,255,51,151,299,165,58,190,117,216,237,194,308,110,193
503,401,179,78,481,98,472,146,149,188,387,574,851,332,273,264,380,852,466,53,253,476,292,164,285,123,301,231,256,592,668,1262,253,230,98,518,423,88,241,468,292,97,349,176,404,460,276,505,179,320
105,90,44,16,100,21,121,41,37,39,88,141,216,76,67,77,81,203,126,11,60,132,68,44,72,32,77,60,53,140,169,340,59,98,12,106,116,24,61,119,94,30,85,43,100,102,76,116,48,74
472,450,209,106,535,115,521,155,177,219,461,602,1003,344,281,311,361,1011,528,75,268,530,317,204,396,132,355,262,261,715,812,1561,292,518,106,248,491,76,230,605,367,112,428,183,412,472,329,546,226,347
425,397,203,75,460,106,448,136,154,198,399,574,846,338,257,254,341,852,485,54,265,505,293,183,319,125,319,196,220,609,704,1304,255,423,116,491,228,89,238,462,293,83,351,182,398,448,314,456,177,343
89,70,35,15,102,18,84,27,37,34,85,94,157,55,53,47,51,152,93,14,34,85,48,33,61,21,57,51,46,125,113,214,51,88,24,76,89,5,27,85,67,20,64,26,66,75,54,87,43,50
278,165,83,44,249,45,216,81,94,84,206,263,415,192,123,142,167,447,254,33,136,249,148,100,175,60,157,121,123,294,384,714,151,241,61,230,238,27,57,272,153,51,182,88,207,197,167,240,102,141
435,460,225,89,510,129,508,155,163,241,463,584,971,380,272,310,395,984,547,65,291,521,327,223,356,156,370,274,266,699,775,1465,299,468,119,605,462,85,272,292,331,126,406,199,433,473,333,554,208,372
283,289,129,53,326,66,336,101,111,130,277,372,570,213,173,196,228,568,316,40,186,333,175,137,234,95,240,191,158,404,503,872,165,292,94,367,293,67,153,331,104,76,261,130,268,299,218,386,128,221
112,91,44,15,102,20,107,42,28,47,79,112,178,64,56,56,78,177,124,15,56,108,63,47,62,28,66,59,63,139,166,317,58,97,30,112,83,20,51,126,76,13,72,41,92,91,64,109,44,79
346,332,181,69,380,95,329,125,133,123,285,411,612,237,196,226,263,626,388,50,228,375,231,156,275,96,270,189,216,462,526,975,190,349,85,428,351,64,182,406,261,72,153,126,339,350,230,344,146,253
174,162,74,28,200,46,192,61,56,91,177,210,350,111,107,112,133,334,196,18,94,167,95,77,132,40,113,85,94,248,273,560,117,176,43,183,182,26,88,199,130,41,126,41,160,180,116,209,76,129
433,358,162,60,428,101,407,118,146,170,339,476,705,296,209,229,299,735,439,50,240,464,242,144,240,101,265,186,194,537,602,1085,216,404,100,412,398,66,207,433,268,92,339,160,161,353,254,413,158,271
406,393,181,84,484,96,467,141,175,192,384,506,758,307,274,287,339,808,462,74,256,499,280,204,312,120,308,222,258,595,659,1200,237,460,102,472,448,75,197,473,299,91,350,180,353,201,286,501,185,312
340,265,138,54,283,77,316,96,102,142,285,385,561,212,168,168,242,598,340,28,180,320,197,110,220,64,206,145,162,393,494,916,194,276,76,329,314,54,167,333,218,64,230,116,254,286,99,346,109,247
484,423,221,84,548,114,463,164,158,217,453,605,885,326,297,298,377,883,517,79,303,538,322,184,346,150,350,257,255,652,770,1404,308,505,116,546,456,87,240,554,386,109,344,209,413,501,346,246,195,359
171,170,82,26,181,40,174,58,66,69,150,208,305,129,107,115,144,322,197,21,83,207,126,76,134,39,123,97,95,213,264,492,110,179,48,226,177,43,102,208,128,44,146,76,158,185,109,195,32,147
372,303,130,65,333,83,329,98,110,142,289,382,631,222,180,201,230,624,371,42,185,353,204,119,254,85,224,167,178,379,545,967,193,320,74,347,343,50,141,372,221,79,253,129,271,312,247,359,147,113
