261,446,237,85,504,109,465,162,170,234,434,491,821,381,320,352,381,809,481,67,338,481,333,232,394,154,398,275,335,602,690,1172,269,437,109,519,458,79,247,510,325,101,353,202,433,430,330,482,186,393
446,184,189,80,468,95,410,116,133,171,364,466,787,291,210,241,304,790,437,51,248,423,226,186,275,123,325,196,204,534,665,1305,250,417,97,446,397,69,185,468,284,88,375,145,350,402,248,451,170,272
237,189,48,34,190,59,195,54,55,66,178,217,375,143,93,97,145,346,177,29,98,210,118,89,127,49,137,90,111,278,303,555,118,183,42,209,186,30,92,231,126,28,155,86,182,188,118,209,72,133
85,80,34,4,71,12,70,36,26,38,69,87,156,52,47,51,57,158,90,13,59,81,46,31,50,19,59,44,46,108,123,231,53,73,14,97,89,14,41,87,55,18,71,29,67,79,39,81,26,61
504,468,190,71,252,101,515,165,161,218,448,572,889,320,256,291,389,903,565,61,274,518,285,199,316,118,334,242,242,629,774,1382,262,423,98,583,474,90,264,535,335,98,395,177,383,479,306,535,187,370
109,95,59,12,101,9,114,49,35,49,98,122,192,73,63,66,72,200,118,12,66,113,69,36,70,31,78,62,56,145,176,333,70,106,20,125,110,18,55,119,91,28,92,35,89,104,66,107,39,79
465,410,195,70,515,114,228,176,149,201,370,561,907,305,266,293,321,919,474,73,270,466,291,169,313,113,334,236,261,606,678,1416,302,464,113,494,469,74,247,513,332,127,399,172,386,437,295,525,175,306
162,116,54,36,165,49,176,25,57,73,138,173,276,91,82,69,108,272,136,13,83,167,100,67,87,25,80,69,86,184,236,433,81,168,42,148,137,29,65,164,105,26,115,54,118,152,94,159,58,95
170,133,55,26,161,35,149,57,32,66,118,179,303,106,66,97,126,315,185,23,91,162,94,67,116,41,117,75,90,210,233,450,97,154,34,146,177,25,75,172,113,40,127,65,146,143,101,153,73,143
234,171,66,38,218,49,201,73,66,45,171,218,365,131,125,134,172,375,199,27,130,218,147,80,161,58,152,87,130,268,300,556,128,199,52,216,207,39,95,203,121,43,145,79,181,182,128,244,102,146
434,364,178,69,448,98,370,138,118,171,189,493,758,294,208,250,311,774,430,59,220,449,236,169,304,129,319,213,233,559,615,1170,233,390,99,440,427,80,204,440,268,81,319,176,374,412,264,422,159,283
491,466,217,87,572,122,561,173,179,218,493,311,1006,374,315,333,408,1042,545,71,284,580,353,232,346,142,385,252,283,722,889,1641,324,542,125,621,512,97,271,620,382,123,456,214,456,509,372,613,223,382
821,787,375,156,889,192,907,276,303,365,758,1006,814,599,471,469,666,1507,912,126,489,917,541,361,599,219,605,439,447,1149,1370,2482,489,810,222,957,824,168,483,1002,623,194,666,317,732,854,599,944,358,606
381,291,143,52,320,73,305,91,106,131,294,374,599,107,167,171,235,561,299,50,186,328,176,127,222,78,192,143,161,424,472,868,181,303,75,344,326,66,158,323,195,56,261,106,269,314,204,361,122,222
320,210,93,47,256,63,266,82,66,125,208,315,471,167,82,135,174,463,253,28,155,263,177,105,165,74,170,121,147,325,412,741,138,262,72,279,277,44,121,290,164,52,184,109,214,227,154,264,118,186
352,241,97,51,291,66,293,69,97,134,250,333,469,171,135,83,226,504,272,36,157,292,171,116,194,83,188,121,163,345,454,799,152,265,75,309,264,39,128,305,184,59,195,113,235,270,159,326,117,215
381,304,145,57,389,72,321,108,126,172,311,408,666,235,174,226,136,668,359,35,181,354,205,139,240,94,259,169,177,433,570,1038,197,339,97,365,330,56,190,390,248,83,252,125,263,333,235,395,128,270
809,790,346,158,903,200,919,272,315,375,774,1042,1507,561,463,504,668,813,896,114,503,908,487,364,610,221,609,429,451,1103,1380,2472,494,804,218,946,880,164,441,979,612,193,635,351,724,856,581,930,327,570
481,437,177,90,565,118,474,136,185,199,430,545,912,299,253,272,359,896,251,55,257,480,285,220,350,110,352,252,257,614,778,1419,273,485,129,515,473,96,277,539,332,99,371,186,398,474,298,515,191,327
67,51,29,13,61,12,73,13,23,27,59,71,126,50,28,36,35,114,55,6,38,73,41,33,40,21,37,29,36,77,124,197,43,69,10,58,61,10,31,63,22,13,54,26,64,78,40,68,26,45
338,248,98,59,274,66,270,83,91,130,220,284,489,186,155,157,181,503,257,38,92,299,174,101,204,72,178,130,138,349,415,779,141,285,63,289,240,54,129,282,168,57,200,91,242,295,186,287,104,182
481,423,210,81,518,113,466,167,162,218,449,580,917,328,263,292,354,908,480,73,299,275,284,214,372,111,350,263,249,595,783,1488,267,484,147,529,511,83,252,540,338,110,369,170,401,479,298,501,201,351
333,226,118,46,285,69,291,100,94,147,236,353,541,176,177,171,205,487,285,41,174,284,82,117,177,85,218,163,144,354,456,782,163,289,72,308,281,47,137,325,197,63,217,112,241,262,166,294,118,204
232,186,89,31,199,36,169,67,67,80,169,232,361,127,105,116,139,364,220,33,101,214,117,35,142,48,134,92,101,226,301,590,101,186,37,216,180,26,91,212,121,47,139,80,171,183,115,209,71,135
394,275,127,50,316,70,313,87,116,161,304,346,599,222,165,194,240,610,350,40,204,372,177,142,102,80,216,153,135,406,543,954,197,331,75,325,289,58,143,350,207,81,259,114,265,321,179,329,109,235
154,123,49,19,118,31,113,25,41,58,129,142,219,78,74,83,94,221,110,21,72,111,85,48,80,19,75,55,68,163,184,339,84,119,21,111,128,18,62,147,99,30,92,60,101,119,73,138,48,88
398,325,137,59,334,78,334,80,117,152,319,385,605,192,170,188,259,609,352,37,178,350,218,134,216,75,119,153,182,452,539,984,226,329,56,322,353,59,158,368,210,62,262,125,297,315,200,352,129,232
275,196,90,44,242,62,236,69,75,87,213,252,439,143,121,121,169,429,252,29,130,263,163,92,153,55,153,59,130,285,348,641,137,212,47,216,230,46,107,257,154,58,179,93,199,228,137,245,85,146
335,204,111,46,242,56,261,86,90,130,233,283,447,161,147,163,177,451,257,36,138,249,144,101,135,68,182,130,71,323,374,738,115,204,65,264,239,47,144,260,169,53,185,82,195,231,139,275,102,169
602,534,278,108,629,145,606,184,210,268,559,722,1149,424,325,345,433,1103,614,77,349,595,354,226,406,163,452,285,323,370,940,1794,325,535,147,629,559,108,314,666,406,111,503,233,465,569,423,636,234,399
690,665,303,123,774,176,678,236,233,300,615,889,1370,472,412,454,570,1380,778,124,415,783,456,301,543,184,539,348,374,940,547,2108,411,725,178,776,716,142,397,802,537,169,580,317,648,683,488,754,283,538
1172,1305,555,231,1382,333,1416,433,450,556,1170,1641,2482,868,741,799,1038,2472,1419,197,779,1488,782,590,954,339,984,641,738,1794,2108,1847,729,1303,325,1538,1308,256,734,1470,953,321,1056,569,1146,1326,958,1440,500,921
269,250,118,53,262,70,302,81,97,128,233,324,489,181,138,152,197,494,273,43,141,267,163,101,197,84,226,137,115,325,411,729,74,269,67,307,258,55,138,301,161,72,196,109,235,259,185,276,117,186
437,417,183,73,423,106,464,168,154,199,390,542,810,303,262,265,339,804,485,69,285,484,289,186,331,119,329,212,204,535,725,1303,269,218,109,527,456,86,248,492,315,98,350,164,376,479,299,488,179,300
109,97,42,14,98,20,113,42,34,52,99,125,222,75,72,75,97,218,129,10,63,147,72,37,75,21,56,47,65,147,178,325,67,109,8,128,106,17,54,113,80,18,98,48,98,98,78,112,40,83
519,446,209,97,583,125,494,148,146,216,440,621,957,344,279,309,365,946,515,58,289,529,308,216,325,111,322,216,264,629,776,1538,307,527,128,258,521,90,267,607,369,116,381,205,423,486,323,598,205,360
458,397,186,89,474,110,469,137,177,207,427,512,824,326,277,264,330,880,473,61,240,511,281,180,289,128,353,230,239,559,716,1308,258,456,106,521,249,95,226,521,287,99,367,167,383,438,287,476,190,347
79,69,30,14,90,18,74,29,25,39,80,97,168,66,44,39,56,164,96,10,54,83,47,26,58,18,59,46,47,108,142,256,55,86,17,90,95,5,40,100,61,16,47,25,60,80,62,94,34,55
247,185,92,41,264,55,247,65,75,95,204,271,483,158,121,128,190,441,277,31,129,252,137,91,143,62,158,107,144,314,397,734,138,248,54,267,226,40,54,265,177,51,186,95,209,254,169,257,96,152
510,468,231,87,535,119,513,164,172,203,440,620,1002,323,290,305,390,979,539,63,282,540,325,212,350,147,368,257,260,666,802,1470,301,492,113,607,521,100,265,294,366,119,428,208,437,489,341,567,185,358
325,284,126,55,335,91,332,105,113,121,268,382,623,195,164,184,248,612,332,22,168,338,197,121,207,99,210,154,169,406,537,953,161,315,80,369,287,61,177,366,110,64,282,119,282,300,187,371,106,221
101,88,28,18,98,28,127,26,40,43,81,123,194,56,52,59,83,193,99,13,57,110,63,47,81,30,62,58,53,111,169,321,72,98,18,116,99,16,51,119,64,9,72,34,92,92,64,104,43,79
353,375,155,71,395,92,399,115,127,145,319,456,666,261,184,195,252,635,371,54,200,369,217,139,259,92,262,179,185,503,580,1056,196,350,98,381,367,47,186,428,282,72,138,156,308,337,245,366,148,271
202,145,86,29,177,35,172,54,65,79,176,214,317,106,109,113,125,351,186,26,91,170,112,80,114,60,125,93,82,233,317,569,109,164,48,205,167,25,95,208,119,34,156,30,123,165,120,186,80,120
433,350,182,67,383,89,386,118,146,181,374,456,732,269,214,235,263,724,398,64,242,401,241,171,265,101,297,199,195,465,648,1146,235,376,98,423,383,60,209,437,282,92,308,123,157,353,226,418,146,258
430,402,188,79,479,104,437,152,143,182,412,509,854,314,227,270,333,856,474,78,295,479,262,183,321,119,315,228,231,569,683,1326,259,479,98,486,438,80,254,489,300,92,337,165,353,209,299,478,165,329
330,248,118,39,306,66,295,94,101,128,264,372,599,204,154,159,235,581,298,40,186,298,166,115,179,73,200,137,139,423,488,958,185,299,78,323,287,62,169,341,187,64,245,120,226,299,93,335,133,186
482,451,209,81,535,107,525,159,153,244,422,613,944,361,264,326,395,930,515,68,287,501,294,209,329,138,352,245,275,636,754,1440,276,488,112,598,476,94,257,567,371,104,366,186,418,478,335,279,178,347
186,170,72,26,187,39,175,58,73,102,159,223,358,122,118,117,128,327,191,26,104,201,118,71,109,48,129,85,102,234,283,500,117,179,40,205,190,34,96,185,106,43,148,80,146,165,133,178,41,143
393,272,133,61,370,79,306,95,143,146,283,382,606,222,186,215,270,570,327,45,182,351,204,135,235,88,232,146,169,399,538,921,186,300,83,360,347,55,152,358,221,79,271,120,258,329,186,347,143,126
