259,441,204,77,493,114,431,167,166,244,431,534,808,368,341,339,384,792,469,77,318,508,326,189,349,136,350,259,304,574,666,1201,226,477,114,468,482,86,223,441,299,115,351,176,445,402,334,479,172,371
441,207,185,60,447,90,434,147,129,189,390,513,798,285,236,243,328,769,443,57,240,468,235,183,295,125,310,203,227,540,672,1179,230,445,97,426,418,66,227,440,295,94,360,176,367,422,294,451,154,292
204,185,45,31,207,40,173,64,59,96,160,212,358,135,105,108,136,362,201,21,102,192,113,81,127,36,139,91,99,238,291,583,106,189,47,194,210,26,81,182,120,47,147,73,137,186,107,209,86,131
77,60,31,6,74,16,75,25,24,33,65,89,148,61,57,61,57,140,79,6,50,69,56,33,59,24,57,38,54,107,125,194,42,82,13,95,78,14,41,77,54,12,49,32,69,74,48,74,19,68
493,447,207,74,247,106,482,157,165,211,407,553,892,340,285,293,346,898,509,59,255,510,319,187,331,160,358,245,257,625,750,1425,260,486,115,520,464,70,266,513,342,100,385,184,402,452,317,508,190,339
114,90,40,16,106,10,101,36,32,55,96,138,182,76,70,68,77,182,110,14,68,97,73,42,88,26,66,53,68,130,180,274,51,102,28,127,116,19,50,115,73,21,62,43,95,87,66,111,34,80
431,434,173,75,482,101,224,126,144,201,407,568,834,343,257,301,355,844,495,48,260,478,306,183,305,125,321,206,261,604,727,1267,261,414,94,501,451,96,243,481,310,97,375,190,368,416,282,490,160,319
167,147,64,25,157,36,126,17,39,72,139,183,271,81,83,82,119,255,175,11,100,164,92,50,102,36,97,61,78,159,222,441,80,144,40,174,142,27,66,163,114,30,113,56,119,150,98,180,71,93
166,129,59,24,165,32,144,39,26,67,116,181,320,118,82,100,117,314,181,25,95,189,95,59,93,47,113,67,74,208,256,488,99,121,31,175,151,25,81,160,102,36,137,65,127,143,94,178,58,107
244,189,96,33,211,55,201,72,67,41,177,221,350,138,119,115,147,398,202,26,120,213,126,85,155,51,151,98,117,280,307,580,107,192,56,248,198,32,124,229,149,54,166,85,179,176,130,230,84,139
431,390,160,65,407,96,407,139,116,177,196,442,700,308,218,225,311,737,434,61,233,442,265,186,261,99,288,193,239,548,597,1165,220,398,92,464,414,54,202,430,271,92,324,157,316,381,246,450,153,296
534,513,212,89,553,138,568,183,181,221,442,298,1050,352,325,347,403,1046,574,75,327,578,360,221,366,141,383,248,282,706,873,1591,312,508,132,609,524,94,292,597,365,103,396,214,460,526,334,605,213,394
808,798,358,148,892,182,834,271,320,350,700,1050,769,579,500,559,663,1373,945,124,492,937,558,359,613,232,588,415,465,1080,1298,2363,433,823,216,936,805,133,441,973,628,187,672,324,750,856,543,878,316,607
368,285,135,61,340,76,343,81,118,138,308,352,579,107,163,170,222,607,348,41,179,342,184,142,224,71,234,146,157,426,532,910,161,338,91,364,297,57,166,371,237,80,263,123,257,329,190,348,133,229
341,236,105,57,285,70,257,83,82,119,218,325,500,163,66,153,182,459,262,33,129,273,143,107,166,51,137,153,138,353,396,702,136,283,61,258,241,45,156,273,185,61,175,101,207,248,176,254,109,178
339,243,108,61,293,68,301,82,100,115,225,347,559,170,153,80,194,521,292,39,137,289,178,113,197,62,176,145,137,365,456,814,170,292,53,280,251,48,152,304,213,66,178,105,234,282,194,297,119,199
384,328,136,57,346,77,355,119,117,147,311,403,663,222,182,194,108,669,349,52,181,369,233,151,250,93,248,178,208,469,592,999,172,321,87,378,342,63,170,401,238,66,253,143,316,315,235,405,135,255
792,769,362,140,898,182,844,255,314,398,737,1046,1373,607,459,521,669,765,927,117,516,935,551,372,601,243,611,395,469,1114,1316,2283,441,794,221,933,823,147,438,942,619,178,676,299,732,844,543,914,315,617
469,443,201,79,509,110,495,175,181,202,434,574,945,348,262,292,349,927,266,60,275,489,306,213,343,111,339,207,264,641,716,1410,269,441,110,531,465,82,266,509,334,108,409,186,412,453,320,508,176,309
77,57,21,6,59,14,48,11,25,26,61,75,124,41,33,39,52,117,60,4,33,55,36,25,42,19,47,33,26,79,94,190,41,47,21,74,60,12,32,70,35,17,52,23,57,62,33,67,32,36
318,240,102,50,255,68,260,100,95,120,233,327,492,179,129,137,181,516,275,33,76,297,143,120,174,64,185,112,138,326,422,767,160,272,58,273,270,47,134,294,193,61,225,90,212,236,171,270,113,197
508,468,192,69,510,97,478,164,189,213,442,578,937,342,273,289,369,935,489,55,297,276,310,223,340,120,355,213,266,645,794,1427,290,467,115,516,462,81,281,539,340,114,424,193,410,465,331,511,211,326
326,235,113,56,319,73,306,92,95,126,265,360,558,184,143,178,233,551,306,36,143,310,83,115,190,81,193,157,149,355,450,791,149,292,61,272,289,52,155,341,220,50,258,108,226,265,195,332,113,208
189,183,81,33,187,42,183,50,59,85,186,221,359,142,107,113,151,372,213,25,120,223,115,35,109,49,142,77,106,253,333,526,104,178,37,207,193,26,106,187,130,43,146,53,142,200,119,200,73,127
349,295,127,59,331,88,305,102,93,155,261,366,613,224,166,197,250,601,343,42,174,340,190,109,107,81,202,166,153,403,537,952,173,301,68,318,328,47,173,327,218,78,243,129,243,298,206,353,126,222
136,125,36,24,160,26,125,36,47,51,99,141,232,71,51,62,93,243,111,19,64,120,81,49,81,14,79,56,72,167,178,387,72,126,19,139,118,26,66,138,86,19,113,45,93,132,83,124,44,90
350,310,139,57,358,66,321,97,113,151,288,383,588,234,137,176,248,611,339,47,185,355,193,142,202,79,124,135,170,408,496,923,178,329,72,320,327,66,163,377,217,75,261,116,250,339,202,332,117,232
259,203,91,38,245,53,206,61,67,98,193,248,415,146,153,145,178,395,207,33,112,213,157,77,166,56,135,47,116,289,309,673,126,224,61,259,252,36,110,235,171,40,197,70,185,223,145,238,105,144
304,227,99,54,257,68,261,78,74,117,239,282,465,157,138,137,208,469,264,26,138,266,149,106,153,72,170,116,72,308,417,722,146,193,47,265,235,39,123,275,181,49,209,82,190,239,138,281,98,177
574,540,238,107,625,130,604,159,208,280,548,706,1080,426,353,365,469,1114,641,79,326,645,355,253,403,167,408,289,308,387,900,1780,321,564,136,600,576,98,323,668,426,128,447,238,533,604,435,647,234,410
666,672,291,125,750,180,727,222,256,307,597,873,1298,532,396,456,592,1316,716,94,422,794,450,333,537,178,496,309,417,900,554,2005,369,690,168,788,690,130,385,794,487,158,588,267,577,650,483,774,313,484
1201,1179,583,194,1425,274,1267,441,488,580,1165,1591,2363,910,702,814,999,2283,1410,190,767,1427,791,526,952,387,923,673,722,1780,2005,1776,686,1257,332,1444,1298,241,706,1445,916,277,1010,514,1146,1250,808,1388,481,942
226,230,106,42,260,51,261,80,99,107,220,312,433,161,136,170,172,441,269,41,160,290,149,104,173,72,178,126,146,321,369,686,58,245,61,255,235,44,147,285,180,53,199,100,223,219,167,282,99,169
477,445,189,82,486,102,414,144,121,192,398,508,823,338,283,292,321,794,441,47,272,467,292,178,301,126,329,224,193,564,690,1257,245,198,96,521,442,76,212,544,338,91,368,177,361,431,297,470,173,317
114,97,47,13,115,28,94,40,31,56,92,132,216,91,61,53,87,221,110,21,58,115,61,37,68,19,72,61,47,136,168,332,61,96,12,124,110,30,60,117,74,29,87,44,81,100,79,120,40,97
468,426,194,95,520,127,501,174,175,248,464,609,936,364,258,280,378,933,531,74,273,516,272,207,318,139,320,259,265,600,788,1444,255,521,124,272,492,89,244,573,328,113,365,198,392,477,315,529,188,363
482,418,210,78,464,116,451,142,151,198,414,524,805,297,241,251,342,823,465,60,270,462,289,193,328,118,327,252,235,576,690,1298,235,442,110,492,218,79,240,498,303,97,352,165,391,420,309,492,171,330
86,66,26,14,70,19,96,27,25,32,54,94,133,57,45,48,63,147,82,12,47,81,52,26,47,26,66,36,39,98,130,241,44,76,30,89,79,3,51,101,43,13,62,37,60,63,59,104,32,51
223,227,81,41,266,50,243,66,81,124,202,292,441,166,156,152,170,438,266,32,134,281,155,106,173,66,163,110,123,323,385,706,147,212,60,244,240,51,47,259,185,50,181,106,188,225,157,281,88,164
441,440,182,77,513,115,481,163,160,229,430,597,973,371,273,304,401,942,509,70,294,539,341,187,327,138,377,235,275,668,794,1445,285,544,117,573,498,101,259,263,351,112,398,201,383,495,319,503,209,358
299,295,120,54,342,73,310,114,102,149,271,365,628,237,185,213,238,619,334,35,193,340,220,130,218,86,217,171,181,426,487,916,180,338,74,328,303,43,185,351,102,69,243,108,241,319,228,339,111,215
115,94,47,12,100,21,97,30,36,54,92,103,187,80,61,66,66,178,108,17,61,114,50,43,78,19,75,40,49,128,158,277,53,91,29,113,97,13,50,112,69,12,86,37,83,87,77,122,37,58
351,360,147,49,385,62,375,113,137,166,324,396,672,263,175,178,253,676,409,52,225,424,258,146,243,113,261,197,209,447,588,1010,199,368,87,365,352,62,181,398,243,86,149,142,322,353,238,380,146,238
176,176,73,32,184,43,190,56,65,85,157,214,324,123,101,105,143,299,186,23,90,193,108,53,129,45,116,70,82,238,267,514,100,177,44,198,165,37,106,201,108,37,142,37,143,158,126,175,75,112
445,367,137,69,402,95,368,119,127,179,316,460,750,257,207,234,316,732,412,57,212,410,226,142,243,93,250,185,190,533,577,1146,223,361,81,392,391,60,188,383,241,83,322,143,155,366,242,423,156,278
402,422,186,74,452,87,416,150,143,176,381,526,856,329,248,282,315,844,453,62,236,465,265,200,298,132,339,223,239,604,650,1250,219,431,100,477,420,63,225,495,319,87,353,158,366,203,275,452,155,330
334,294,107,48,317,66,282,98,94,130,246,334,543,190,176,194,235,543,320,33,171,331,195,119,206,83,202,145,138,435,483,808,167,297,79,315,309,59,157,319,228,77,238,126,242,275,91,313,109,201
479,451,209,74,508,111,490,180,178,230,450,605,878,348,254,297,405,914,508,67,270,511,332,200,353,124,332,238,281,647,774,1388,282,470,120,529,492,104,281,503,339,122,380,175,423,452,313,252,187,383
172,154,86,19,190,34,160,71,58,84,153,213,316,133,109,119,135,315,176,32,113,211,113,73,126,44,117,105,98,234,313,481,99,173,40,188,171,32,88,209,111,37,146,75,156,155,109,187,33,131
371,292,131,68,339,80,319,93,107,139,296,394,607,229,178,199,255,617,309,36,197,326,208,127,222,90,232,144,177,410,484,942,169,317,97,363,330,51,164,358,215,58,238,112,278,330,201,383,131,127
