259,471,234,103,529,112,477,173,157,240,447,486,838,382,288,319,348,831,486,77,309,523,322,237,370,153,367,247,294,625,762,1217,238,466,103,559,473,75,232,469,310,110,380,189,400,460,346,532,149,402
471,195,191,67,421,91,439,135,146,181,393,450,845,286,235,241,308,804,471,41,253,477,243,181,288,105,277,205,242,516,676,1204,252,389,98,457,396,78,220,447,300,84,323,164,344,448,287,474,159,277
234,191,35,39,207,45,202,55,84,95,198,200,344,127,88,120,161,353,224,19,117,233,110,83,123,54,134,85,96,237,323,565,112,195,40,204,199,31,82,185,126,41,150,71,165,184,122,194,72,137
103,67,39,15,68,29,87,25,29,32,61,83,155,52,52,47,59,156,106,6,49,87,52,34,70,23,58,40,47,103,134,216,48,77,17,95,76,20,34,93,64,18,57,19,74,84,56,90,29,58
529,421,207,68,251,96,512,158,145,194,415,566,942,335,268,297,388,906,539,65,260,516,288,198,361,129,359,212,246,650,778,1434,297,500,122,578,473,83,276,561,324,106,394,176,419,500,306,547,183,346
112,91,45,29,96,13,103,34,45,45,88,134,205,78,71,68,79,206,115,16,66,106,70,43,83,29,76,59,61,172,193,282,60,102,24,128,104,28,51,101,93,21,74,37,99,122,73,118,31,75
477,439,202,87,512,103,259,131,195,187,395,571,868,297,269,290,337,871,509,72,268,477,298,169,359,132,331,212,247,659,739,1353,276,443,103,520,459,72,230,494,314,99,366,224,401,466,322,469,190,298
173,135,55,25,158,34,131,32,46,58,131,175,265,104,72,87,102,258,151,20,83,148,77,64,99,38,96,79,72,201,248,428,87,133,29,168,139,24,82,167,100,31,121,56,113,115,99,159,51,106
157,146,84,29,145,45,195,46,32,67,173,184,310,117,99,104,107,309,189,18,103,167,96,69,122,51,104,83,88,203,270,429,93,172,39,157,164,27,81,202,101,32,140,64,134,168,107,156,70,114
240,181,95,32,194,45,187,58,67,47,175,227,365,125,113,112,161,357,217,27,141,236,130,79,149,54,140,94,121,256,323,552,97,193,50,220,184,23,117,226,134,37,150,86,142,203,137,205,71,158
447,393,198,61,415,88,395,131,173,175,178,463,760,269,251,267,304,761,423,50,283,440,258,165,290,129,316,209,235,575,648,1155,236,396,86,452,368,69,221,438,283,84,327,166,327,372,292,437,141,324
486,450,200,83,566,134,571,175,184,227,463,320,1073,373,296,301,416,1040,568,68,250,567,332,226,392,136,383,256,253,699,858,1594,328,518,123,579,521,84,313,631,378,113,431,209,449,508,346,599,220,394
838,845,344,155,942,205,868,265,310,365,760,1073,868,599,468,492,637,1500,890,118,517,911,534,380,606,249,616,427,434,1169,1374,2517,546,820,194,955,840,142,481,981,650,192,681,388,727,851,533,966,329,566
382,286,127,52,335,78,297,104,117,125,269,373,599,95,179,166,224,605,318,40,173,330,224,97,248,84,206,153,166,395,501,925,194,295,75,338,320,55,164,343,218,72,250,135,288,332,203,369,133,219
288,235,88,52,268,71,269,72,99,113,251,296,468,179,74,139,170,444,291,31,156,282,171,115,190,74,183,118,153,328,383,739,122,252,63,266,275,49,128,287,191,46,204,88,231,240,170,261,105,184
319,241,120,47,297,68,290,87,104,112,267,301,492,166,139,66,189,493,309,35,151,299,174,122,194,83,199,110,148,368,423,838,153,300,71,288,287,46,136,307,212,48,215,91,252,240,184,311,116,202
348,308,161,59,388,79,337,102,107,161,304,416,637,224,170,189,125,628,348,45,200,370,192,134,234,83,219,170,168,423,620,994,206,350,79,343,341,75,169,404,247,73,278,139,314,343,236,363,122,259
831,804,353,156,906,206,871,258,309,357,761,1040,1500,605,444,493,628,813,916,127,505,923,535,374,604,233,600,459,411,1181,1349,2544,526,880,207,981,844,145,460,962,634,176,664,375,721,833,560,928,332,589
486,471,224,106,539,115,509,151,189,217,423,568,890,318,291,309,348,916,241,66,268,502,303,219,344,119,333,236,275,600,751,1428,306,465,121,518,477,102,246,569,356,99,390,178,442,504,360,530,184,314
77,41,19,6,65,16,72,20,18,27,50,68,118,40,31,35,45,127,66,1,34,63,28,26,35,11,37,20,27,75,87,203,35,53,15,60,65,16,34,67,33,10,46,23,51,54,35,68,22,39
309,253,117,49,260,66,268,83,103,141,283,250,517,173,156,151,200,505,268,34,77,287,167,126,175,62,165,131,128,377,452,766,147,254,67,283,244,37,125,318,174,65,215,104,219,262,163,303,95,193
523,477,233,87,516,106,477,148,167,236,440,567,911,330,282,299,370,923,502,63,287,260,298,205,350,132,345,223,295,656,762,1455,278,494,127,568,467,83,267,556,347,103,407,194,452,494,350,554,179,332
322,243,110,52,288,70,298,77,96,130,258,332,534,224,171,174,192,535,303,28,167,298,91,123,213,84,209,136,136,376,418,807,152,267,62,273,294,47,145,321,230,56,229,118,257,267,187,308,114,187
237,181,83,34,198,43,169,64,69,79,165,226,380,97,115,122,134,374,219,26,126,205,123,36,142,55,149,101,104,263,291,570,121,184,51,231,182,30,112,199,133,56,146,75,151,187,119,198,70,149
370,288,123,70,361,83,359,99,122,149,290,392,606,248,190,194,234,604,344,35,175,350,213,142,109,91,218,150,169,425,480,950,179,295,83,365,310,45,195,374,222,67,251,107,270,330,220,360,140,183
153,105,54,23,129,29,132,38,51,54,129,136,249,84,74,83,83,233,119,11,62,132,84,55,91,13,77,54,67,159,168,338,57,125,30,118,135,16,51,149,103,27,109,58,98,96,87,150,61,103
367,277,134,58,359,76,331,96,104,140,316,383,616,206,183,199,219,600,333,37,165,345,209,149,218,77,112,141,163,412,483,982,194,303,80,327,326,48,161,362,234,64,256,125,255,290,184,359,141,211
247,205,85,40,212,59,212,79,83,94,209,256,427,153,118,110,170,459,236,20,131,223,136,101,150,54,141,57,123,272,362,617,139,218,58,219,211,39,104,232,148,47,181,86,181,210,147,262,80,163
294,242,96,47,246,61,247,72,88,121,235,253,434,166,153,148,168,411,275,27,128,295,136,104,169,67,163,123,79,300,380,678,126,241,52,242,256,49,125,291,160,42,211,101,237,205,135,260,86,174
625,516,237,103,650,172,659,201,203,256,575,699,1169,395,328,368,423,1181,600,75,377,656,376,263,425,159,412,272,300,376,991,1847,364,584,148,635,598,122,320,692,414,127,513,268,527,617,412,669,243,413
762,676,323,134,778,193,739,248,270,323,648,858,1374,501,383,423,620,1349,751,87,452,762,418,291,480,168,483,362,380,991,586,2097,391,672,153,841,713,116,410,847,536,126,545,282,608,693,482,786,249,546
1217,1204,565,216,1434,282,1353,428,429,552,1155,1594,2517,925,739,838,994,2544,1428,203,766,1455,807,570,950,338,982,617,678,1847,2097,2047,731,1286,326,1528,1307,234,733,1536,1037,308,1031,556,1136,1384,917,1482,473,906
238,252,112,48,297,60,276,87,93,97,236,328,546,194,122,153,206,526,306,35,147,278,152,121,179,57,194,139,126,364,391,731,65,242,63,277,263,36,148,298,225,53,218,112,233,260,180,266,112,179
466,389,195,77,500,102,443,133,172,193,396,518,820,295,252,300,350,880,465,53,254,494,267,184,295,125,303,218,241,584,672,1286,242,197,109,502,417,73,235,480,292,107,358,170,371,443,303,474,182,328
103,98,40,17,122,24,103,29,39,50,86,123,194,75,63,71,79,207,121,15,67,127,62,51,83,30,80,58,52,148,153,326,63,109,15,127,108,21,41,144,74,23,113,48,99,111,70,109,46,74
559,457,204,95,578,128,520,168,157,220,452,579,955,338,266,288,343,981,518,60,283,568,273,231,365,118,327,219,242,635,841,1528,277,502,127,310,520,89,258,563,383,90,427,214,437,502,327,609,202,385
473,396,199,76,473,104,459,139,164,184,368,521,840,320,275,287,341,844,477,65,244,467,294,182,310,135,326,211,256,598,713,1307,263,417,108,520,234,66,230,472,300,99,380,184,405,406,296,476,156,308
75,78,31,20,83,28,72,24,27,23,69,84,142,55,49,46,75,145,102,16,37,83,47,30,45,16,48,39,49,122,116,234,36,73,21,89,66,10,34,82,42,19,76,38,62,96,53,96,34,53
232,220,82,34,276,51,230,82,81,117,221,313,481,164,128,136,169,460,246,34,125,267,145,112,195,51,161,104,125,320,410,733,148,235,41,258,230,34,64,280,185,53,208,89,208,238,180,277,106,157
469,447,185,93,561,101,494,167,202,226,438,631,981,343,287,307,404,962,569,67,318,556,321,199,374,149,362,232,291,692,847,1536,298,480,144,563,472,82,280,321,362,120,400,203,454,536,339,533,186,368
310,300,126,64,324,93,314,100,101,134,283,378,650,218,191,212,247,634,356,33,174,347,230,133,222,103,234,148,160,414,536,1037,225,292,74,383,300,42,185,362,89,85,280,117,282,331,219,369,135,215
110,84,41,18,106,21,99,31,32,37,84,113,192,72,46,48,73,176,99,10,65,103,56,56,67,27,64,47,42,127,126,308,53,107,23,90,99,19,53,120,85,5,81,41,74,100,66,111,40,63
380,323,150,57,394,74,366,121,140,150,327,431,681,250,204,215,278,664,390,46,215,407,229,146,251,109,256,181,211,513,545,1031,218,358,113,427,380,76,208,400,280,81,158,134,311,342,235,393,149,254
189,164,71,19,176,37,224,56,64,86,166,209,388,135,88,91,139,375,178,23,104,194,118,75,107,58,125,86,101,268,282,556,112,170,48,214,184,38,89,203,117,41,134,27,148,210,98,198,72,127
400,344,165,74,419,99,401,113,134,142,327,449,727,288,231,252,314,721,442,51,219,452,257,151,270,98,255,181,237,527,608,1136,233,371,99,437,405,62,208,454,282,74,311,148,178,363,229,420,150,247
460,448,184,84,500,122,466,115,168,203,372,508,851,332,240,240,343,833,504,54,262,494,267,187,330,96,290,210,205,617,693,1384,260,443,111,502,406,96,238,536,331,100,342,210,363,217,319,508,177,328
346,287,122,56,306,73,322,99,107,137,292,346,533,203,170,184,236,560,360,35,163,350,187,119,220,87,184,147,135,412,482,917,180,303,70,327,296,53,180,339,219,66,235,98,229,319,104,331,103,223
532,474,194,90,547,118,469,159,156,205,437,599,966,369,261,311,363,928,530,68,303,554,308,198,360,150,359,262,260,669,786,1482,266,474,109,609,476,96,277,533,369,111,393,198,420,508,331,265,186,326
149,159,72,29,183,31,190,51,70,71,141,220,329,133,105,116,122,332,184,22,95,179,114,70,140,61,141,80,86,243,249,473,112,182,46,202,156,34,106,186,135,40,149,72,150,177,103,186,30,130
402,277,137,58,346,75,298,106,114,158,324,394,566,219,184,202,259,589,314,39,193,332,187,149,183,103,211,163,174,413,546,906,179,328,74,385,308,53,157,368,215,63,254,127,247,328,223,326,130,122
