294,468,241,68,511,90,479,191,195,244,446,534,839,366,316,355,371,834,494,71,304,546,341,214,383,148,387,289,272,687,715,1236,258,493,122,529,487,85,267,506,347,131,359,191,442,442,353,524,174,379
468,173,139,65,407,84,415,148,143,187,389,455,824,272,218,208,319,811,410,46,221,464,261,175,273,118,256,216,213,535,680,1289,244,399,109,459,412,74,222,483,294,99,332,183,333,405,253,432,199,296
241,139,32,31,188,44,200,51,61,98,178,236,398,139,97,99,140,367,196,24,105,219,107,70,129,42,121,107,95,263,308,571,101,188,44,214,204,34,83,208,148,41,162,75,163,186,118,212,88,145
68,65,31,5,87,12,66,25,19,46,83,80,126,52,47,55,61,144,86,10,50,87,62,31,50,24,65,39,50,100,113,207,41,76,16,95,91,14,41,77,62,13,66,29,59,67,59,83,24,60
511,407,188,87,257,124,454,149,181,220,473,583,921,328,275,299,388,952,500,60,292,499,302,184,334,130,356,238,252,651,788,1417,273,457,118,529,477,84,259,525,315,123,364,196,412,508,325,513,203,337
90,84,44,12,124,9,113,33,41,51,102,112,184,61,63,78,97,187,124,13,62,117,72,41,83,35,89,55,67,136,156,300,56,99,29,126,110,18,51,116,72,19,91,42,83,96,77,103,49,81
479,415,200,66,454,113,235,148,166,200,410,530,871,314,253,308,386,885,482,66,270,519,324,174,303,148,348,236,251,596,743,1329,251,450,110,535,454,77,224,537,316,88,373,172,384,438,322,538,192,334
191,148,51,25,149,33,148,23,44,68,118,164,300,93,79,79,132,285,155,16,76,166,90,56,105,34,102,63,85,155,230,441,81,131,31,164,146,27,90,174,77,23,110,62,125,134,109,177,51,108
195,143,61,19,181,41,166,44,28,57,143,175,273,99,77,106,126,276,165,17,92,180,102,57,102,37,115,72,67,196,252,430,89,157,28,176,150,24,84,181,103,37,121,77,139,160,102,180,61,110
244,187,98,46,220,51,200,68,57,50,175,228,343,147,116,149,151,343,194,26,102,220,130,87,143,45,159,114,124,259,316,563,113,193,48,208,205,23,109,217,115,35,155,76,176,205,122,217,78,154
446,389,178,83,473,102,410,118,143,175,200,493,721,282,234,261,296,716,434,58,245,454,289,177,311,123,328,201,251,559,686,1130,208,427,105,442,419,77,208,444,257,88,326,158,376,387,268,428,169,314
534,455,236,80,583,112,530,164,175,228,493,326,1087,381,305,325,414,1064,583,65,294,539,319,228,345,135,353,262,270,759,875,1619,308,542,126,618,523,92,296,618,400,112,409,213,448,523,373,580,234,376
839,824,398,126,921,184,871,300,273,343,721,1087,837,591,508,556,584,1496,963,106,488,997,530,381,605,194,608,422,434,1174,1386,2548,489,899,209,916,859,170,479,975,657,206,686,340,739,881,576,937,350,590
366,272,139,52,328,61,314,93,99,147,282,381,591,86,147,182,251,573,328,38,180,320,204,127,215,93,226,151,177,386,482,908,174,278,91,303,294,68,164,363,196,42,251,121,246,324,196,325,123,242
316,218,97,47,275,63,253,79,77,116,234,305,508,147,63,137,214,476,266,29,143,300,163,106,167,59,185,125,136,302,413,752,150,276,73,258,261,43,132,278,172,53,190,100,195,263,157,270,105,200
355,208,99,55,299,78,308,79,106,149,261,325,556,182,137,60,217,547,306,31,158,328,183,119,168,59,171,129,139,334,426,850,174,286,71,289,293,43,133,324,190,53,225,89,223,302,200,308,123,239
371,319,140,61,388,97,386,132,126,151,296,414,584,251,214,217,143,667,364,60,195,389,196,141,223,83,243,164,167,463,518,1023,211,357,93,367,360,64,198,385,235,75,278,134,304,330,237,402,128,235
834,811,367,144,952,187,885,285,276,343,716,1064,1496,573,476,547,667,849,936,122,469,983,537,373,599,202,622,396,424,1166,1422,2597,509,865,224,957,844,168,496,951,585,222,686,325,731,887,616,994,335,622
494,410,196,86,500,124,482,155,165,194,434,583,963,328,266,306,364,936,241,61,266,494,317,194,335,128,354,236,253,620,768,1517,299,499,124,507,483,109,293,515,336,107,414,206,391,478,317,520,204,336
71,46,24,10,60,13,66,16,17,26,58,65,106,38,29,31,60,122,61,4,26,65,37,30,39,9,27,27,28,74,110,178,33,71,18,60,49,8,33,75,34,15,64,20,51,56,33,74,31,52
304,221,105,50,292,62,270,76,92,102,245,294,488,180,143,158,195,469,266,26,70,263,156,103,157,53,164,120,127,327,416,792,141,265,61,308,256,40,143,290,177,47,230,95,203,260,197,295,97,183
546,464,219,87,499,117,519,166,180,220,454,539,997,320,300,328,389,983,494,65,263,285,325,215,348,138,342,228,270,636,764,1438,292,481,117,560,515,92,282,534,343,114,457,219,424,477,329,582,208,392
341,261,107,62,302,72,324,90,102,130,289,319,530,204,163,183,196,537,317,37,156,325,86,102,192,85,196,138,140,360,456,774,151,302,59,276,303,41,159,318,162,56,224,113,248,259,203,332,123,216
214,175,70,31,184,41,174,56,57,87,177,228,381,127,106,119,141,373,194,30,103,215,102,47,126,45,120,103,115,254,311,573,110,184,52,229,191,33,92,196,112,29,151,73,144,212,127,196,89,156
383,273,129,50,334,83,303,105,102,143,311,345,605,215,167,168,223,599,335,39,157,348,192,126,101,79,213,160,154,421,477,930,182,306,75,353,317,42,160,354,207,62,280,122,228,308,203,328,123,221
148,118,42,24,130,35,148,34,37,45,123,135,194,93,59,59,83,202,128,9,53,138,85,45,79,28,96,51,65,141,172,347,69,125,37,126,128,14,57,126,73,26,113,50,92,111,72,123,52,87
387,256,121,65,356,89,348,102,115,159,328,353,608,226,185,171,243,622,354,27,164,342,196,120,213,96,113,149,172,407,513,986,208,309,90,364,306,38,175,353,212,54,283,125,261,308,227,355,147,228
289,216,107,39,238,55,236,63,72,114,201,262,422,151,125,129,164,396,236,27,120,228,138,103,160,51,149,45,118,274,317,639,131,213,48,251,211,41,120,246,148,65,171,70,199,217,134,250,78,175
272,213,95,50,252,67,251,85,67,124,251,270,434,177,136,139,167,424,253,28,127,270,140,115,154,65,172,118,69,284,363,727,145,245,54,261,224,32,132,282,152,62,194,107,205,220,158,260,90,172
687,535,263,100,651,136,596,155,196,259,559,759,1174,386,302,334,463,1166,620,74,327,636,360,254,421,141,407,274,284,381,974,1866,350,593,149,693,654,104,314,681,451,144,459,223,510,621,378,653,257,402
715,680,308,113,788,156,743,230,252,316,686,875,1386,482,413,426,518,1422,768,110,416,764,456,311,477,172,513,317,363,974,601,2128,437,712,175,821,691,126,381,822,496,150,621,307,636,704,505,809,291,512
1236,1289,571,207,1417,300,1329,441,430,563,1130,1619,2548,908,752,850,1023,2597,1517,178,792,1438,774,573,930,347,986,639,727,1866,2128,1956,711,1312,317,1564,1299,259,737,1478,967,310,1071,530,1056,1310,881,1439,505,890
258,244,101,41,273,56,251,81,89,113,208,308,489,174,150,174,211,509,299,33,141,292,151,110,182,69,208,131,145,350,437,711,72,268,62,302,252,51,123,278,186,66,223,117,208,280,175,253,102,185
493,399,188,76,457,99,450,131,157,193,427,542,899,278,276,286,357,865,499,71,265,481,302,184,306,125,309,213,245,593,712,1312,268,220,106,538,431,65,258,500,297,98,393,174,366,464,280,509,179,331
122,109,44,16,118,29,110,31,28,48,105,126,209,91,73,71,93,224,124,18,61,117,59,52,75,37,90,48,54,149,175,317,62,106,13,125,120,25,55,138,81,18,111,47,92,113,68,124,40,78
529,459,214,95,529,126,535,164,176,208,442,618,916,303,258,289,367,957,507,60,308,560,276,229,353,126,364,251,261,693,821,1564,302,538,125,266,505,93,280,617,347,112,433,180,427,508,317,578,204,340
487,412,204,91,477,110,454,146,150,205,419,523,859,294,261,293,360,844,483,49,256,515,303,191,317,128,306,211,224,654,691,1299,252,431,120,505,218,67,224,523,326,71,374,177,345,438,305,501,182,314
85,74,34,14,84,18,77,27,24,23,77,92,170,68,43,43,64,168,109,8,40,92,41,33,42,14,38,41,32,104,126,259,51,65,25,93,67,6,30,97,52,22,73,26,69,76,45,95,30,49
267,222,83,41,259,51,224,90,84,109,208,296,479,164,132,133,198,496,293,33,143,282,159,92,160,57,175,120,132,314,381,737,123,258,55,280,224,30,58,286,161,52,176,78,215,262,180,251,105,166
506,483,208,77,525,116,537,174,181,217,444,618,975,363,278,324,385,951,515,75,290,534,318,196,354,126,353,246,282,681,822,1478,278,500,138,617,523,97,286,317,406,116,399,185,411,532,365,611,203,356
347,294,148,62,315,72,316,77,103,115,257,400,657,196,172,190,235,585,336,34,177,343,162,112,207,73,212,148,152,451,496,967,186,297,81,347,326,52,161,406,106,72,267,130,262,318,209,359,131,232
131,99,41,13,123,19,88,23,37,35,88,112,206,42,53,53,75,222,107,15,47,114,56,29,62,26,54,65,62,144,150,310,66,98,18,112,71,22,52,116,72,8,92,34,76,118,75,101,30,69
359,332,162,66,364,91,373,110,121,155,326,409,686,251,190,225,278,686,414,64,230,457,224,151,280,113,283,171,194,459,621,1071,223,393,111,433,374,73,176,399,267,92,139,151,316,377,256,353,148,248
191,183,75,29,196,42,172,62,77,76,158,213,340,121,100,89,134,325,206,20,95,219,113,73,122,50,125,70,107,223,307,530,117,174,47,180,177,26,78,185,130,34,151,39,152,164,134,181,77,115
442,333,163,59,412,83,384,125,139,176,376,448,739,246,195,223,304,731,391,51,203,424,248,144,228,92,261,199,205,510,636,1056,208,366,92,427,345,69,215,411,262,76,316,152,157,372,247,436,150,303
442,405,186,67,508,96,438,134,160,205,387,523,881,324,263,302,330,887,478,56,260,477,259,212,308,111,308,217,220,621,704,1310,280,464,113,508,438,76,262,532,318,118,377,164,372,221,318,496,174,307
353,253,118,59,325,77,322,109,102,122,268,373,576,196,157,200,237,616,317,33,197,329,203,127,203,72,227,134,158,378,505,881,175,280,68,317,305,45,180,365,209,75,256,134,247,318,92,363,120,210
524,432,212,83,513,103,538,177,180,217,428,580,937,325,270,308,402,994,520,74,295,582,332,196,328,123,355,250,260,653,809,1439,253,509,124,578,501,95,251,611,359,101,353,181,436,496,363,274,183,379
174,199,88,24,203,49,192,51,61,78,169,234,350,123,105,123,128,335,204,31,97,208,123,89,123,52,147,78,90,257,291,505,102,179,40,204,182,30,105,203,131,30,148,77,150,174,120,183,33,117
379,296,145,60,337,81,334,108,110,154,314,376,590,242,200,239,235,622,336,52,183,392,216,156,221,87,228,175,172,402,512,890,185,331,78,340,314,49,166,356,232,69,248,115,303,307,210,379,117,117
