258,478,231,83,480,122,502,170,170,249,432,505,829,395,326,329,388,825,520,65,286,523,344,209,349,134,365,291,309,572,715,1169,243,491,113,503,466,78,213,471,328,107,346,212,435,417,344,496,187,397
478,204,161,74,479,103,404,141,136,162,370,483,770,270,242,254,333,746,436,41,247,436,270,177,286,107,265,208,195,520,635,1249,258,412,102,493,376,71,223,471,318,97,344,164,348,377,258,438,152,270
231,161,35,35,210,48,198,62,53,76,180,218,358,125,92,104,158,366,205,28,93,201,126,88,134,54,141,93,90,269,320,549,111,185,49,226,187,31,98,216,132,38,136,68,170,159,121,201,71,127
83,74,35,10,83,18,96,22,31,42,76,85,152,58,57,57,63,136,78,9,57,81,58,31,68,27,64,50,43,88,138,229,48,78,18,80,85,15,39,85,53,17,60,33,66,72,57,84,25,61
480,479,210,83,272,105,525,160,149,212,435,569,952,323,280,305,365,931,509,64,302,519,341,227,366,135,355,239,271,611,767,1365,305,469,134,527,490,74,240,521,371,105,378,161,412,513,319,528,185,352
122,103,48,18,105,10,108,34,36,27,88,138,183,71,71,64,83,190,117,18,74,126,72,50,92,30,87,53,49,137,180,299,58,100,20,123,103,24,61,109,67,31,101,39,90,89,77,116,32,70
502,404,198,96,525,108,234,150,165,165,380,536,854,307,266,287,371,847,483,65,273,452,292,170,329,120,302,239,241,566,713,1339,281,437,109,536,462,71,238,481,315,101,345,202,376,450,301,489,163,329
170,141,62,22,160,34,150,17,54,59,121,160,256,96,80,80,116,278,153,11,85,184,111,61,95,36,104,68,72,189,256,472,69,144,39,155,140,24,76,165,110,38,114,61,145,154,85,161,72,113
170,136,53,31,149,36,165,54,27,77,150,196,313,114,99,95,113,292,151,20,93,161,102,82,124,46,131,60,75,196,249,477,96,153,38,184,161,26,87,168,103,32,140,78,131,157,119,179,63,118
249,162,76,42,212,27,165,59,77,36,164,253,380,138,126,116,157,372,193,26,118,198,129,82,121,69,135,79,98,228,310,557,105,182,44,205,197,36,104,203,129,40,148,88,157,182,141,210,80,158
432,370,180,76,435,88,380,121,150,164,190,473,755,270,202,229,298,744,445,51,255,441,256,169,251,119,301,187,211,499,650,1192,225,388,106,476,398,93,216,440,268,93,338,153,332,384,261,435,152,289
505,483,218,85,569,138,536,160,196,253,473,328,1024,383,286,318,395,1029,580,58,317,575,318,221,371,156,380,238,303,674,913,1515,327,542,146,592,522,86,275,606,370,99,475,223,453,556,385,597,202,359
829,770,358,152,952,183,854,256,313,380,755,1024,839,548,452,507,615,1518,920,114,517,907,540,367,654,247,632,422,488,1171,1432,2439,472,836,201,983,828,148,439,944,592,184,674,342,718,876,595,882,318,610
395,270,125,58,323,71,307,96,114,138,270,383,548,105,195,224,255,552,346,36,186,327,201,129,215,77,216,149,151,376,515,911,175,286,75,325,285,52,163,348,210,74,235,151,261,306,189,375,112,246
326,242,92,57,280,71,266,80,99,126,202,286,452,195,74,125,210,477,270,38,143,261,172,104,147,69,158,119,133,310,405,749,130,270,65,267,255,38,120,315,180,59,225,90,195,243,184,260,102,175
329,254,104,57,305,64,287,80,95,116,229,318,507,224,125,70,213,528,279,42,152,289,166,116,161,59,190,144,130,368,441,804,146,261,68,269,271,50,144,344,205,60,226,92,241,275,165,286,101,197
388,333,158,63,365,83,371,116,113,157,298,395,615,255,210,213,124,648,372,45,200,381,220,165,247,91,254,165,182,423,540,1026,217,345,69,372,361,52,177,377,247,85,291,158,340,335,240,376,137,243
825,746,366,136,931,190,847,278,292,372,744,1029,1518,552,477,528,648,856,874,126,503,858,535,373,594,244,591,435,464,1171,1386,2380,479,807,214,957,806,158,445,981,642,197,652,311,696,845,595,822,320,598
520,436,205,78,509,117,483,153,151,193,445,580,920,346,270,279,372,874,266,52,288,528,330,206,332,115,316,219,263,614,788,1465,296,470,123,569,479,85,264,576,340,110,402,201,430,491,311,547,197,365
65,41,28,9,64,18,65,11,20,26,51,58,114,36,38,42,45,126,52,3,39,55,34,21,34,7,32,30,26,81,89,190,36,45,22,66,64,15,26,61,37,14,41,29,42,63,31,66,26,45
286,247,93,57,302,74,273,85,93,118,255,317,517,186,143,152,200,503,288,39,63,331,173,125,190,78,207,125,150,336,446,801,144,285,73,276,315,44,152,307,148,52,236,98,237,274,187,308,115,202
523,436,201,81,519,126,452,184,161,198,441,575,907,327,261,289,381,858,528,55,331,264,321,210,328,114,347,213,278,608,750,1419,270,472,127,563,452,91,259,561,337,112,437,243,425,509,298,528,178,367
344,270,126,58,341,72,292,111,102,129,256,318,540,201,172,166,220,535,330,34,173,321,84,132,185,79,197,163,139,367,449,812,145,292,70,306,282,40,153,328,206,55,215,102,245,256,201,292,112,207
209,177,88,31,227,50,170,61,82,82,169,221,367,129,104,116,165,373,206,21,125,210,132,38,117,53,128,109,91,252,315,592,86,186,43,244,197,31,109,209,128,44,149,75,163,193,121,194,74,138
349,286,134,68,366,92,329,95,124,121,251,371,654,215,147,161,247,594,332,34,190,328,185,117,113,77,189,150,171,387,529,992,193,318,79,347,323,53,150,340,199,78,303,123,250,292,220,356,123,210
134,107,54,27,135,30,120,36,46,69,119,156,247,77,69,59,91,244,115,7,78,114,79,53,77,9,63,73,55,153,196,400,74,131,30,132,122,22,60,152,88,28,102,48,97,115,97,140,64,94
365,265,141,64,355,87,302,104,131,135,301,380,632,216,158,190,254,591,316,32,207,347,197,128,189,63,94,156,159,403,528,985,165,339,77,383,315,59,178,376,226,70,285,119,256,296,216,377,116,255
291,208,93,50,239,53,239,68,60,79,187,238,422,149,119,144,165,435,219,30,125,213,163,109,150,73,156,46,119,303,375,657,114,227,48,248,257,43,118,234,152,46,177,88,185,242,135,234,94,150
309,195,90,43,271,49,241,72,75,98,211,303,488,151,133,130,182,464,263,26,150,278,139,91,171,55,159,119,56,290,379,710,145,214,58,278,245,46,119,268,171,67,206,91,199,238,168,260,100,155
572,520,269,88,611,137,566,189,196,228,499,674,1171,376,310,368,423,1171,614,81,336,608,367,252,387,153,403,303,290,396,946,1746,353,552,119,628,545,98,304,673,441,132,472,243,445,602,408,649,209,416
715,635,320,138,767,180,713,256,249,310,650,913,1432,515,405,441,540,1386,788,89,446,750,449,315,529,196,528,375,379,946,591,2160,430,685,146,805,722,137,377,798,501,153,563,276,588,731,496,810,276,495
1169,1249,549,229,1365,299,1339,472,477,557,1192,1515,2439,911,749,804,1026,2380,1465,190,801,1419,812,592,992,400,985,657,710,1746,2160,1892,690,1305,319,1537,1249,233,716,1524,928,306,1013,555,1155,1317,882,1425,494,927
243,258,111,48,305,58,281,69,96,105,225,327,472,175,130,146,217,479,296,36,144,270,145,86,193,74,165,114,145,353,430,690,67,237,75,298,232,36,124,319,187,48,192,102,196,262,190,298,95,183
491,412,185,78,469,100,437,144,153,182,388,542,836,286,270,261,345,807,470,45,285,472,292,186,318,131,339,227,214,552,685,1305,237,211,120,528,432,63,238,487,305,103,339,182,347,451,269,481,179,308
113,102,49,18,134,20,109,39,38,44,106,146,201,75,65,68,69,214,123,22,73,127,70,43,79,30,77,48,58,119,146,319,75,120,12,131,117,18,65,129,79,24,73,39,96,100,70,121,39,83
503,493,226,80,527,123,536,155,184,205,476,592,983,325,267,269,372,957,569,66,276,563,306,244,347,132,383,248,278,628,805,1537,298,528,131,298,472,71,258,551,380,125,411,197,445,523,314,585,219,361
466,376,187,85,490,103,462,140,161,197,398,522,828,285,255,271,361,806,479,64,315,452,282,197,323,122,315,257,245,545,722,1249,232,432,117,472,223,86,242,450,308,113,352,183,367,468,284,481,166,304
78,71,31,15,74,24,71,24,26,36,93,86,148,52,38,50,52,158,85,15,44,91,40,31,53,22,59,43,46,98,137,233,36,63,18,71,86,9,37,85,56,17,56,30,74,76,58,91,24,64
213,223,98,39,240,61,238,76,87,104,216,275,439,163,120,144,177,445,264,26,152,259,153,109,150,60,178,118,119,304,377,716,124,238,65,258,242,37,61,274,156,46,183,89,221,240,130,274,99,182
471,471,216,85,521,109,481,165,168,203,440,606,944,348,315,344,377,981,576,61,307,561,328,209,340,152,376,234,268,673,798,1524,319,487,129,551,450,85,274,275,394,103,408,155,448,489,357,548,200,352
328,318,132,53,371,67,315,110,103,129,268,370,592,210,180,205,247,642,340,37,148,337,206,128,199,88,226,152,171,441,501,928,187,305,79,380,308,56,156,394,109,55,251,124,257,304,178,339,128,234
107,97,38,17,105,31,101,38,32,40,93,99,184,74,59,60,85,197,110,14,52,112,55,44,78,28,70,46,67,132,153,306,48,103,24,125,113,17,46,103,55,6,83,33,89,107,74,126,47,84
346,344,136,60,378,101,345,114,140,148,338,475,674,235,225,226,291,652,402,41,236,437,215,149,303,102,285,177,206,472,563,1013,192,339,73,411,352,56,183,408,251,83,133,136,320,350,236,367,143,267
212,164,68,33,161,39,202,61,78,88,153,223,342,151,90,92,158,311,201,29,98,243,102,75,123,48,119,88,91,243,276,555,102,182,39,197,183,30,89,155,124,33,136,32,163,187,138,190,70,122
435,348,170,66,412,90,376,145,131,157,332,453,718,261,195,241,340,696,430,42,237,425,245,163,250,97,256,185,199,445,588,1155,196,347,96,445,367,74,221,448,257,89,320,163,179,379,254,393,134,289
417,377,159,72,513,89,450,154,157,182,384,556,876,306,243,275,335,845,491,63,274,509,256,193,292,115,296,242,238,602,731,1317,262,451,100,523,468,76,240,489,304,107,350,187,379,220,310,456,174,317
344,258,121,57,319,77,301,85,119,141,261,385,595,189,184,165,240,595,311,31,187,298,201,121,220,97,216,135,168,408,496,882,190,269,70,314,284,58,130,357,178,74,236,138,254,310,101,300,113,233
496,438,201,84,528,116,489,161,179,210,435,597,882,375,260,286,376,822,547,66,308,528,292,194,356,140,377,234,260,649,810,1425,298,481,121,585,481,91,274,548,339,126,367,190,393,456,300,277,165,350
187,152,71,25,185,32,163,72,63,80,152,202,318,112,102,101,137,320,197,26,115,178,112,74,123,64,116,94,100,209,276,494,95,179,39,219,166,24,99,200,128,47,143,70,134,174,113,165,24,137
397,270,127,61,352,70,329,113,118,158,289,359,610,246,175,197,243,598,365,45,202,367,207,138,210,94,255,150,155,416,495,927,183,308,83,361,304,64,182,352,234,84,267,122,289,317,233,350,137,131
