237,456,244,84,490,106,459,200,167,250,458,533,821,371,311,366,363,823,506,70,342,512,333,233,409,158,396,292,320,605,744,1171,229,472,130,520,479,96,256,469,320,100,363,173,485,432,331,478,180,411
456,182,179,66,428,95,434,137,144,159,348,466,801,269,227,233,328,812,467,41,216,448,242,175,266,120,314,206,219,564,664,1271,219,412,109,425,394,64,222,466,291,89,323,173,350,372,270,461,158,287
244,179,29,32,205,48,189,62,75,90,186,237,394,139,99,109,145,364,194,19,117,198,111,66,142,54,136,93,84,226,286,590,118,176,37,228,194,28,108,229,137,45,170,78,151,200,135,222,87,150
84,66,32,3,92,14,86,28,28,36,78,90,141,69,46,53,69,141,88,9,44,97,45,32,64,23,63,44,39,107,131,226,41,78,17,82,81,14,52,80,55,18,65,33,81,67,54,95,25,50
490,428,205,92,254,124,479,166,184,211,433,565,944,320,278,304,353,929,498,69,274,529,294,204,356,155,378,231,269,638,776,1463,280,463,122,530,502,91,259,522,331,104,388,177,399,481,314,521,161,344
106,95,48,14,124,13,112,36,42,38,84,124,198,72,63,67,83,197,113,14,59,131,60,43,89,27,81,63,49,147,170,288,55,118,24,125,117,17,57,111,78,27,77,40,86,91,69,93,35,60
459,434,189,86,479,112,241,167,157,224,432,578,846,337,257,262,370,865,507,55,280,493,318,193,314,130,350,248,257,607,708,1318,262,478,104,543,460,88,257,553,307,89,377,173,363,444,316,467,173,335
200,137,62,28,166,36,167,27,41,67,150,171,283,98,70,76,116,278,134,13,98,152,89,74,111,44,103,76,87,157,234,429,82,128,29,177,142,27,70,190,108,29,133,50,135,158,95,167,58,110
167,144,75,28,184,42,157,41,24,73,154,183,284,110,101,104,119,259,171,23,92,178,97,83,109,28,97,74,88,214,279,427,70,151,31,153,155,25,72,179,109,43,131,60,143,163,105,185,53,109
250,159,90,36,211,38,224,67,73,48,161,212,398,136,97,127,140,382,205,28,105,200,134,82,105,62,145,104,98,276,312,559,115,209,38,217,189,35,98,223,134,53,147,75,185,191,133,203,70,134
458,348,186,78,433,84,432,150,154,161,170,442,767,304,229,242,313,757,440,54,208,428,284,169,293,117,287,206,222,536,658,1144,237,391,95,452,379,73,246,435,260,96,311,161,380,393,278,437,147,269
533,466,237,90,565,124,578,171,183,212,442,311,1034,380,295,331,393,976,585,67,304,604,336,253,372,141,390,287,291,679,865,1574,317,505,140,585,550,99,275,574,389,150,441,205,474,550,356,597,211,392
821,801,394,141,944,198,846,283,284,398,767,1034,818,590,468,512,668,1493,909,114,500,949,503,331,637,216,621,413,445,1119,1440,2498,504,895,194,959,857,156,446,974,617,169,641,352,747,863,580,934,328,635
371,269,139,69,320,72,337,98,110,136,304,380,590,101,174,190,223,592,345,42,167,324,213,145,223,85,228,137,164,398,506,936,173,292,71,342,293,42,165,361,198,63,256,106,276,324,209,331,121,224
311,227,99,46,278,63,257,70,101,97,229,295,468,174,71,133,194,471,282,21,147,282,155,104,193,67,179,127,108,312,387,705,142,254,59,273,256,37,124,264,169,50,219,85,203,235,172,277,120,171
366,233,109,53,304,67,262,76,104,127,242,331,512,190,133,83,207,513,288,35,161,294,165,115,197,73,186,128,134,355,388,798,148,231,73,291,264,44,139,278,182,53,212,95,218,253,189,283,120,192
363,328,145,69,353,83,370,116,119,140,313,393,668,223,194,207,117,641,352,38,210,347,197,155,274,95,241,182,179,450,538,1031,192,337,88,357,347,72,189,363,240,69,270,125,278,348,228,359,133,235
823,812,364,141,929,197,865,278,259,382,757,976,1493,592,471,513,641,814,846,111,503,894,520,372,626,218,635,446,406,1146,1379,2464,506,848,204,963,835,145,453,1002,580,159,658,352,737,842,579,938,333,609
506,467,194,88,498,113,507,134,171,205,440,585,909,345,282,288,352,846,274,68,273,481,320,201,334,126,341,234,259,644,785,1425,301,463,101,550,452,92,249,531,325,125,378,173,405,467,309,549,204,334
70,41,19,9,69,14,55,13,23,28,54,67,114,42,21,35,38,111,68,5,30,73,32,17,35,8,35,21,26,79,90,187,30,62,11,64,59,11,35,60,42,7,63,11,36,55,44,73,16,38
342,216,117,44,274,59,280,98,92,105,208,304,500,167,147,161,210,503,273,30,71,275,171,122,156,66,177,110,123,332,425,834,162,245,63,278,238,34,128,294,217,66,213,113,213,283,179,283,105,189
512,448,198,97,529,131,493,152,178,200,428,604,949,324,282,294,347,894,481,73,275,244,333,198,362,130,361,244,281,634,731,1455,271,464,119,541,461,89,263,546,327,110,391,177,413,505,290,553,213,336
333,242,111,45,294,60,318,89,97,134,284,336,503,213,155,165,197,520,320,32,171,333,87,136,190,74,220,159,154,354,431,809,154,269,91,294,285,49,137,312,187,66,243,100,239,280,187,327,128,189
233,175,66,32,204,43,193,74,83,82,169,253,331,145,104,115,155,372,201,17,122,198,136,45,130,53,159,96,103,253,289,551,89,185,54,236,177,35,113,213,133,53,162,73,171,197,132,212,81,137
409,266,142,64,356,89,314,111,109,105,293,372,637,223,193,197,274,626,334,35,156,362,190,130,114,78,243,160,171,397,540,965,179,304,77,341,327,43,185,355,238,51,278,127,248,297,212,367,126,217
158,120,54,23,155,27,130,44,28,62,117,141,216,85,67,73,95,218,126,8,66,130,74,53,78,21,70,52,69,122,188,392,69,125,29,133,132,17,70,131,82,26,101,42,91,111,78,128,42,89
396,314,136,63,378,81,350,103,97,145,287,390,621,228,179,186,241,635,341,35,177,361,220,159,243,70,123,157,176,402,494,1043,213,329,82,324,330,47,167,389,236,75,273,115,279,296,225,369,126,211
292,206,93,44,231,63,248,76,74,104,206,287,413,137,127,128,182,446,234,21,110,244,159,96,160,52,157,64,134,292,361,664,125,250,45,246,237,47,117,241,172,60,206,103,178,236,134,273,93,175
320,219,84,39,269,49,257,87,88,98,222,291,445,164,108,134,179,406,259,26,123,281,154,103,171,69,176,134,61,316,369,741,141,225,68,266,251,40,149,267,180,54,223,102,208,250,172,264,115,176
605,564,226,107,638,147,607,157,214,276,536,679,1119,398,312,355,450,1146,644,79,332,634,354,253,397,122,402,292,316,391,994,1805,338,561,129,663,590,119,315,681,412,114,461,227,505,591,403,650,239,402
744,664,286,131,776,170,708,234,279,312,658,865,1440,506,387,388,538,1379,785,90,425,731,431,289,540,188,494,361,369,994,598,2091,393,693,183,802,639,129,390,764,501,146,559,276,637,727,515,780,283,474
1171,1271,590,226,1463,288,1318,429,427,559,1144,1574,2498,936,705,798,1031,2464,1425,187,834,1455,809,551,965,392,1043,664,741,1805,2091,1944,733,1272,321,1511,1286,269,690,1418,932,302,1050,568,1148,1298,904,1390,495,943
229,219,118,41,280,55,262,82,70,115,237,317,504,173,142,148,192,506,301,30,162,271,154,89,179,69,213,125,141,338,393,733,71,249,60,281,258,56,145,262,167,51,195,93,228,223,183,289,105,191
472,412,176,78,463,118,478,128,151,209,391,505,895,292,254,231,337,848,463,62,245,464,269,185,304,125,329,250,225,561,693,1272,249,208,105,522,423,92,236,497,309,100,365,186,336,438,318,493,170,329
130,109,37,17,122,24,104,29,31,38,95,140,194,71,59,73,88,204,101,11,63,119,91,54,77,29,82,45,68,129,183,321,60,105,16,144,115,16,56,119,71,19,84,47,97,91,75,111,47,69
520,425,228,82,530,125,543,177,153,217,452,585,959,342,273,291,357,963,550,64,278,541,294,236,341,133,324,246,266,663,802,1511,281,522,144,281,533,92,263,572,352,110,421,211,447,479,303,535,203,354
479,394,194,81,502,117,460,142,155,189,379,550,857,293,256,264,347,835,452,59,238,461,285,177,327,132,330,237,251,590,639,1286,258,423,115,533,214,93,252,467,345,100,366,186,354,416,310,468,186,295
96,64,28,14,91,17,88,27,25,35,73,99,156,42,37,44,72,145,92,11,34,89,49,35,43,17,47,47,40,119,129,269,56,92,16,92,93,5,50,93,50,17,68,34,58,103,48,79,33,58
256,222,108,52,259,57,257,70,72,98,246,275,446,165,124,139,189,453,249,35,128,263,137,113,185,70,167,117,149,315,390,690,145,236,56,263,252,50,60,279,164,37,172,106,214,237,168,243,105,169
469,466,229,80,522,111,553,190,179,223,435,574,974,361,264,278,363,1002,531,60,294,546,312,213,355,131,389,241,267,681,764,1418,262,497,119,572,467,93,279,297,339,117,357,218,474,523,357,548,214,373
320,291,137,55,331,78,307,108,109,134,260,389,617,198,169,182,240,580,325,42,217,327,187,133,238,82,236,172,180,412,501,932,167,309,71,352,345,50,164,339,101,62,261,119,275,310,215,327,127,218
100,89,45,18,104,27,89,29,43,53,96,150,169,63,50,53,69,159,125,7,66,110,66,53,51,26,75,60,54,114,146,302,51,100,19,110,100,17,37,117,62,11,72,37,69,111,61,89,47,69
363,323,170,65,388,77,377,133,131,147,311,441,641,256,219,212,270,658,378,63,213,391,243,162,278,101,273,206,223,461,559,1050,195,365,84,421,366,68,172,357,261,72,155,140,364,346,253,385,139,272
173,173,78,33,177,40,173,50,60,75,161,205,352,106,85,95,125,352,173,11,113,177,100,73,127,42,115,103,102,227,276,568,93,186,47,211,186,34,106,218,119,37,140,35,149,168,111,192,71,134
485,350,151,81,399,86,363,135,143,185,380,474,747,276,203,218,278,737,405,36,213,413,239,171,248,91,279,178,208,505,637,1148,228,336,97,447,354,58,214,474,275,69,364,149,165,370,265,444,176,262
432,372,200,67,481,91,444,158,163,191,393,550,863,324,235,253,348,842,467,55,283,505,280,197,297,111,296,236,250,591,727,1298,223,438,91,479,416,103,237,523,310,111,346,168,370,224,287,505,182,293
331,270,135,54,314,69,316,95,105,133,278,356,580,209,172,189,228,579,309,44,179,290,187,132,212,78,225,134,172,403,515,904,183,318,75,303,310,48,168,357,215,61,253,111,265,287,105,323,123,201
478,461,222,95,521,93,467,167,185,203,437,597,934,331,277,283,359,938,549,73,283,553,327,212,367,128,369,273,264,650,780,1390,289,493,111,535,468,79,243,548,327,89,385,192,444,505,323,255,208,352
180,158,87,25,161,35,173,58,53,70,147,211,328,121,120,120,133,333,204,16,105,213,128,81,126,42,126,93,115,239,283,495,105,170,47,203,186,33,105,214,127,47,139,71,176,182,123,208,35,114
411,287,150,50,344,60,335,110,109,134,269,392,635,224,171,192,235,609,334,38,189,336,189,137,217,89,211,175,176,402,474,943,191,329,69,354,295,58,169,373,218,69,272,134,262,293,201,352,114,101
