256,462,200,85,536,118,442,188,180,272,482,480,790,361,307,355,371,793,526,70,339,521,368,214,380,144,382,268,298,641,736,1215,228,482,103,498,456,80,249,481,311,94,358,177,444,404,353,488,146,393
462,184,182,66,460,90,451,131,134,182,365,473,773,271,220,241,312,768,440,59,249,460,222,170,305,115,301,186,216,516,624,1209,225,412,87,446,418,72,241,494,293,70,343,156,364,436,296,468,179,292
200,182,41,39,206,52,190,51,66,80,177,242,367,110,118,110,154,400,197,27,126,188,93,88,130,49,143,100,95,256,295,571,113,190,33,200,210,29,101,230,131,50,153,78,160,197,119,214,66,133
85,66,39,3,76,16,77,24,27,38,60,94,132,60,51,49,63,148,85,11,46,82,57,30,51,17,48,45,50,105,115,218,48,86,17,92,74,14,53,86,60,18,68,41,67,75,55,78,29,55
536,460,206,76,251,115,499,135,178,212,443,585,868,341,271,319,374,889,511,72,282,526,314,209,302,132,348,253,267,620,801,1373,283,440,118,557,443,77,236,549,305,95,375,195,417,493,301,542,208,391
118,90,52,16,115,15,106,37,28,53,95,115,210,90,79,71,86,201,121,16,66,124,79,50,77,24,76,63,58,146,161,289,66,111,26,130,105,24,55,113,87,16,86,48,96,92,86,105,35,79
442,451,190,77,499,106,241,135,148,191,396,542,888,320,263,288,364,817,494,66,292,496,292,184,339,128,346,200,243,617,719,1319,275,461,103,514,439,91,241,522,325,92,392,161,405,463,332,494,173,317
188,131,51,24,135,37,135,22,39,66,153,158,258,99,65,88,111,276,152,26,79,188,82,65,86,34,94,74,64,190,205,447,79,143,38,151,147,18,75,159,91,36,124,49,119,144,88,162,56,96
180,134,66,27,178,28,148,39,33,71,136,189,298,91,92,85,105,291,135,24,86,143,98,66,123,40,114,78,90,210,255,447,82,158,40,181,145,27,73,159,105,37,136,70,135,147,101,183,70,127
272,182,80,38,212,53,191,66,71,47,164,215,346,146,122,133,158,376,203,29,119,181,126,83,136,57,153,97,111,268,319,533,100,210,46,215,176,33,127,243,145,42,191,85,171,180,129,225,77,142
482,365,177,60,443,95,396,153,136,164,188,465,718,277,235,274,324,724,428,51,261,421,252,151,276,120,307,193,230,570,612,1210,208,389,99,448,412,66,240,473,278,93,354,158,347,364,285,423,156,290
480,473,242,94,585,115,542,158,189,215,465,315,1048,389,307,309,414,1058,550,68,268,573,321,231,371,131,375,254,270,716,837,1568,327,522,123,616,520,94,280,640,382,116,424,223,445,536,336,583,208,363
790,773,367,132,868,210,888,258,298,346,718,1048,820,570,534,537,669,1424,922,108,497,935,590,370,629,222,663,393,444,1155,1372,2451,495,829,208,963,796,140,431,953,627,186,671,364,770,901,602,969,337,629
361,271,110,60,341,90,320,99,91,146,277,389,570,102,183,199,217,615,283,41,208,291,184,124,201,93,240,137,172,391,474,909,167,329,79,335,286,56,151,338,206,56,281,116,255,311,195,322,128,215
307,220,118,51,271,79,263,65,92,122,235,307,534,183,57,119,183,528,267,40,151,286,156,117,168,60,171,124,128,366,427,800,128,226,60,276,264,43,128,298,156,41,203,109,203,243,178,289,100,169
355,241,110,49,319,71,288,88,85,133,274,309,537,199,119,69,207,536,279,31,164,326,167,123,184,74,206,119,151,317,418,849,154,263,62,300,279,52,145,313,186,51,222,98,208,267,203,286,108,196
371,312,154,63,374,86,364,111,105,158,324,414,669,217,183,207,134,672,356,46,201,363,252,150,230,85,251,181,183,481,531,989,186,340,90,412,326,67,192,402,253,81,275,129,301,351,249,389,142,260
793,768,400,148,889,201,817,276,291,376,724,1058,1424,615,528,536,672,742,956,107,497,930,546,379,612,231,630,448,432,1171,1326,2391,466,794,214,931,814,136,426,947,622,170,661,361,717,880,598,937,331,642
526,440,197,85,511,121,494,152,135,203,428,550,922,283,267,279,356,956,236,68,297,472,318,204,315,120,345,246,244,626,776,1431,289,462,121,584,438,71,273,539,316,109,398,184,348,473,323,524,182,338
70,59,27,11,72,16,66,26,24,29,51,68,108,41,40,31,46,107,68,0,30,52,35,21,47,11,42,32,26,87,89,182,39,58,12,63,50,8,33,72,53,18,49,19,49,66,39,81,25,42
339,249,126,46,282,66,292,79,86,119,261,268,497,208,151,164,201,497,297,30,82,286,163,108,161,59,183,144,156,354,445,781,155,248,70,270,268,54,141,312,170,45,204,102,241,278,161,287,114,199
521,460,188,82,526,124,496,188,143,181,421,573,935,291,286,326,363,930,472,52,286,233,300,190,326,111,336,243,223,619,798,1484,300,457,125,589,466,76,283,566,337,110,395,177,410,476,361,541,172,350
368,222,93,57,314,79,292,82,98,126,252,321,590,184,156,167,252,546,318,35,163,300,96,114,197,63,161,115,139,409,462,882,185,258,62,334,282,52,146,306,195,61,232,108,238,273,189,299,116,198
214,170,88,30,209,50,184,65,66,83,151,231,370,124,117,123,150,379,204,21,108,190,114,41,130,50,133,88,93,279,295,554,110,176,38,190,170,34,122,216,145,34,171,80,161,182,133,193,66,129
380,305,130,51,302,77,339,86,123,136,276,371,629,201,168,184,230,612,315,47,161,326,197,130,103,65,187,151,148,451,499,913,178,307,68,346,301,61,132,342,249,67,287,136,245,329,181,326,150,218
144,115,49,17,132,24,128,34,40,57,120,131,222,93,60,74,85,231,120,11,59,111,63,50,65,12,66,53,65,138,187,365,78,111,38,122,129,23,56,143,100,22,131,53,86,134,69,142,48,77
382,301,143,48,348,76,346,94,114,153,307,375,663,240,171,206,251,630,345,42,183,336,161,133,187,66,103,158,153,396,508,974,180,319,74,381,335,60,158,351,263,81,309,128,255,334,211,332,124,233
268,186,100,45,253,63,200,74,78,97,193,254,393,137,124,119,181,448,246,32,144,243,115,88,151,53,158,49,131,277,351,639,126,228,40,245,203,34,123,278,167,51,184,95,175,193,121,241,73,176
298,216,95,50,267,58,243,64,90,111,230,270,444,172,128,151,183,432,244,26,156,223,139,93,148,65,153,131,59,303,363,700,132,227,62,274,207,40,106,253,178,55,203,111,185,258,153,257,97,184
641,516,256,105,620,146,617,190,210,268,570,716,1155,391,366,317,481,1171,626,87,354,619,409,279,451,138,396,277,303,383,941,1779,328,581,170,671,523,107,276,733,423,131,475,234,526,568,406,677,273,429
736,624,295,115,801,161,719,205,255,319,612,837,1372,474,427,418,531,1326,776,89,445,798,462,295,499,187,508,351,363,941,611,2055,367,727,213,822,719,117,364,808,477,167,532,292,614,688,515,774,301,548
1215,1209,571,218,1373,289,1319,447,447,533,1210,1568,2451,909,800,849,989,2391,1431,182,781,1484,882,554,913,365,974,639,700,1779,2055,1904,726,1302,321,1540,1247,231,704,1498,940,277,1028,501,1153,1301,950,1413,488,955
228,225,113,48,283,66,275,79,82,100,208,327,495,167,128,154,186,466,289,39,155,300,185,110,178,78,180,126,132,328,367,726,75,265,56,277,244,42,120,279,174,67,204,119,222,272,184,288,89,171
482,412,190,86,440,111,461,143,158,210,389,522,829,329,226,263,340,794,462,58,248,457,258,176,307,111,319,228,227,581,727,1302,265,214,109,540,427,77,228,486,273,81,365,175,368,428,277,508,162,360
103,87,33,17,118,26,103,38,40,46,99,123,208,79,60,62,90,214,121,12,70,125,62,38,68,38,74,40,62,170,213,321,56,109,9,144,115,27,46,119,74,35,89,36,96,107,78,122,32,57
498,446,200,92,557,130,514,151,181,215,448,616,963,335,276,300,412,931,584,63,270,589,334,190,346,122,381,245,274,671,822,1540,277,540,144,280,500,80,245,578,348,105,406,190,407,495,337,554,207,337
456,418,210,74,443,105,439,147,145,176,412,520,796,286,264,279,326,814,438,50,268,466,282,170,301,129,335,203,207,523,719,1247,244,427,115,500,211,86,243,506,313,80,339,165,376,436,316,479,168,324
80,72,29,14,77,24,91,18,27,33,66,94,140,56,43,52,67,136,71,8,54,76,52,34,61,23,60,34,40,107,117,231,42,77,27,80,86,5,44,88,58,28,54,32,68,58,49,88,35,52
249,241,101,53,236,55,241,75,73,127,240,280,431,151,128,145,192,426,273,33,141,283,146,122,132,56,158,123,106,276,364,704,120,228,46,245,243,44,58,277,159,54,172,84,207,244,146,266,78,187
481,494,230,86,549,113,522,159,159,243,473,640,953,338,298,313,402,947,539,72,312,566,306,216,342,143,351,278,253,733,808,1498,279,486,119,578,506,88,277,288,349,129,384,199,439,495,345,507,193,376
311,293,131,60,305,87,325,91,105,145,278,382,627,206,156,186,253,622,316,53,170,337,195,145,249,100,263,167,178,423,477,940,174,273,74,348,313,58,159,349,102,77,243,142,292,296,206,365,118,202
94,70,50,18,95,16,92,36,37,42,93,116,186,56,41,51,81,170,109,18,45,110,61,34,67,22,81,51,55,131,167,277,67,81,35,105,80,28,54,129,77,11,79,38,81,100,67,118,28,69
358,343,153,68,375,86,392,124,136,191,354,424,671,281,203,222,275,661,398,49,204,395,232,171,287,131,309,184,203,475,532,1028,204,365,89,406,339,54,172,384,243,79,147,141,320,334,261,381,138,275
177,156,78,41,195,48,161,49,70,85,158,223,364,116,109,98,129,361,184,19,102,177,108,80,136,53,128,95,111,234,292,501,119,175,36,190,165,32,84,199,142,38,141,37,131,165,110,189,73,105
444,364,160,67,417,96,405,119,135,171,347,445,770,255,203,208,301,717,348,49,241,410,238,161,245,86,255,175,185,526,614,1153,222,368,96,407,376,68,207,439,292,81,320,131,160,404,256,423,160,261
404,436,197,75,493,92,463,144,147,180,364,536,901,311,243,267,351,880,473,66,278,476,273,182,329,134,334,193,258,568,688,1301,272,428,107,495,436,58,244,495,296,100,334,165,404,211,311,491,178,309
353,296,119,55,301,86,332,88,101,129,285,336,602,195,178,203,249,598,323,39,161,361,189,133,181,69,211,121,153,406,515,950,184,277,78,337,316,49,146,345,206,67,261,110,256,311,82,333,119,215
488,468,214,78,542,105,494,162,183,225,423,583,969,322,289,286,389,937,524,81,287,541,299,193,326,142,332,241,257,677,774,1413,288,508,122,554,479,88,266,507,365,118,381,189,423,491,333,253,205,356
146,179,66,29,208,35,173,56,70,77,156,208,337,128,100,108,142,331,182,25,114,172,116,66,150,48,124,73,97,273,301,488,89,162,32,207,168,35,78,193,118,28,138,73,160,178,119,205,31,118
393,292,133,55,391,79,317,96,127,142,290,363,629,215,169,196,260,642,338,42,199,350,198,129,218,77,233,176,184,429,548,955,171,360,57,337,324,52,187,376,202,69,275,105,261,309,215,356,118,109
