266,420,204,89,504,103,476,195,158,233,423,516,839,367,288,299,334,812,514,74,350,504,340,204,377,143,357,287,283,609,746,1156,222,460,109,487,505,67,273,481,308,117,352,175,432,444,319,518,164,373
420,205,172,86,453,103,452,121,157,185,395,501,791,326,233,243,334,790,447,54,210,487,266,169,290,90,252,203,227,545,644,1217,227,432,106,445,413,73,206,488,282,87,352,172,352,419,300,450,159,312
204,172,43,40,202,51,206,51,51,91,184,199,356,110,110,135,151,367,198,26,132,225,115,94,139,53,151,90,99,253,306,533,116,201,44,215,195,31,101,212,140,38,144,70,189,178,125,220,69,154
89,86,40,10,81,19,78,34,31,39,70,87,152,50,44,54,61,154,100,8,51,90,53,34,62,25,72,56,43,99,108,226,45,96,24,91,87,9,37,89,53,15,55,36,60,75,43,87,30,56
504,453,202,81,260,114,481,176,155,193,428,565,896,326,259,293,379,914,530,62,275,536,303,199,322,130,359,233,251,630,746,1392,270,452,117,575,461,89,259,517,342,98,423,198,399,459,298,498,194,343
103,103,51,19,114,8,96,47,36,51,88,108,182,79,55,75,71,198,105,9,55,121,62,32,93,31,78,65,64,137,156,274,69,105,30,131,97,12,49,102,65,22,84,42,85,110,59,100,36,63
476,452,206,78,481,96,219,156,166,211,445,502,877,320,249,286,379,901,513,61,275,525,286,194,324,126,342,215,233,614,750,1318,285,431,125,550,435,70,216,503,275,90,365,193,377,469,295,503,163,297
195,121,51,34,176,47,156,19,53,81,151,179,264,113,67,86,114,255,150,16,87,152,88,63,95,39,97,63,78,162,216,409,71,151,38,143,169,24,63,166,98,34,115,52,113,130,105,165,51,115
158,157,51,31,155,36,166,53,18,66,139,160,311,107,71,79,119,318,186,27,83,187,84,74,108,38,103,64,89,215,244,486,100,149,43,183,158,19,79,170,110,21,122,55,133,157,99,175,76,118
233,185,91,39,193,51,211,81,66,49,174,243,374,139,143,126,164,370,216,22,122,228,116,82,158,55,146,92,120,259,331,560,116,190,45,224,197,40,108,251,149,29,163,102,167,181,123,233,76,148
423,395,184,70,428,88,445,151,139,174,199,438,785,282,247,268,340,758,461,58,249,443,259,166,312,115,293,205,240,544,650,1154,241,389,86,457,398,81,219,473,294,74,359,172,362,369,272,450,167,294
516,501,199,87,565,108,502,179,160,243,438,303,987,340,266,285,411,1026,530,92,301,575,354,228,348,130,366,263,293,700,823,1653,320,498,127,605,497,97,315,612,361,112,423,195,414,548,338,585,188,364
839,791,356,152,896,182,877,264,311,374,785,987,850,580,482,532,656,1505,897,134,534,911,596,379,610,234,590,447,438,1138,1280,2500,503,870,209,923,835,152,459,932,585,174,643,350,689,828,591,925,346,649
367,326,110,50,326,79,320,113,107,139,282,340,580,118,197,220,211,593,330,43,188,352,192,139,216,82,250,139,172,423,510,918,195,338,77,352,310,52,151,387,206,73,274,154,265,326,197,363,138,216
288,233,110,44,259,55,249,67,71,143,247,266,482,197,65,130,189,482,279,38,157,291,153,107,180,68,194,129,139,340,429,791,159,247,58,275,254,48,128,289,174,53,214,94,223,280,169,288,89,184
299,243,135,54,293,75,286,86,79,126,268,285,532,220,130,68,206,524,319,35,164,335,172,130,217,69,195,131,149,354,477,810,160,270,70,293,281,51,144,333,180,61,233,113,229,279,200,308,112,201
334,334,151,61,379,71,379,114,119,164,340,411,656,211,189,206,123,653,387,46,192,396,220,152,262,99,242,152,195,448,549,1029,185,329,92,356,341,63,165,404,241,66,271,142,296,343,238,402,151,245
812,790,367,154,914,198,901,255,318,370,758,1026,1505,593,482,524,653,811,913,103,528,915,587,371,586,244,586,429,474,1098,1334,2402,482,839,213,958,833,154,423,948,616,165,662,323,713,840,579,930,352,625
514,447,198,100,530,105,513,150,186,216,461,530,897,330,279,319,387,913,271,73,257,507,310,223,350,130,363,222,245,637,761,1392,288,500,122,558,486,79,260,518,308,103,380,169,412,468,317,568,223,361
74,54,26,8,62,9,61,16,27,22,58,92,134,43,38,35,46,103,73,4,39,73,41,32,41,15,41,16,35,71,105,163,32,72,14,64,60,15,26,62,39,7,60,25,46,46,35,59,19,39
350,210,132,51,275,55,275,87,83,122,249,301,534,188,157,164,192,528,257,39,90,269,185,108,181,65,147,139,127,349,446,819,163,225,57,307,259,41,141,280,184,51,233,102,231,265,183,298,98,195
504,487,225,90,536,121,525,152,187,228,443,575,911,352,291,335,396,915,507,73,269,262,301,205,350,132,357,242,281,626,791,1434,293,519,106,560,501,89,274,529,297,113,413,197,434,495,308,558,197,361
340,266,115,53,303,62,286,88,84,116,259,354,596,192,153,172,220,587,310,41,185,301,78,106,191,74,191,131,138,412,506,895,165,284,77,293,257,49,160,311,204,73,252,101,236,269,168,329,115,235
204,169,94,34,199,32,194,63,74,82,166,228,379,139,107,130,152,371,223,32,108,205,106,48,144,46,125,90,116,244,320,535,109,178,38,193,169,30,106,228,141,34,162,87,174,190,129,207,78,142
377,290,139,62,322,93,324,95,108,158,312,348,610,216,180,217,262,586,350,41,181,350,191,144,108,86,218,149,172,433,522,888,178,314,72,345,307,44,165,334,220,74,262,118,235,297,195,316,118,231
143,90,53,25,130,31,126,39,38,55,115,130,234,82,68,69,99,244,130,15,65,132,74,46,86,20,87,47,67,160,209,370,56,122,35,122,113,29,67,132,92,14,112,32,109,134,81,137,32,101
357,252,151,72,359,78,342,97,103,146,293,366,590,250,194,195,242,586,363,41,147,357,191,125,218,87,116,155,186,419,503,957,179,333,83,344,359,69,178,346,223,65,281,116,288,364,224,330,129,259
287,203,90,56,233,65,215,63,64,92,205,263,447,139,129,131,152,429,222,16,139,242,131,90,149,47,155,57,113,292,370,666,126,214,52,256,221,35,114,242,151,51,197,72,184,184,151,242,84,165
283,227,99,43,251,64,233,78,89,120,240,293,438,172,139,149,195,474,245,35,127,281,138,116,172,67,186,113,71,315,380,702,141,252,70,246,263,39,117,289,164,46,199,107,204,240,164,249,110,195
609,545,253,99,630,137,614,162,215,259,544,700,1138,423,340,354,448,1098,637,71,349,626,412,244,433,160,419,292,315,382,999,1733,362,586,139,658,611,104,301,647,423,117,500,232,521,616,378,679,245,407
746,644,306,108,746,156,750,216,244,331,650,823,1280,510,429,477,549,1334,761,105,446,791,506,320,522,209,503,370,380,999,579,2013,392,670,162,831,693,128,362,782,526,146,586,269,643,671,467,795,278,517
1156,1217,533,226,1392,274,1318,409,486,560,1154,1653,2500,918,791,810,1029,2402,1392,163,819,1434,895,535,888,370,957,666,702,1733,2013,1831,757,1304,335,1413,1272,234,698,1458,938,302,1050,535,1110,1261,873,1446,483,910
222,227,116,45,270,69,285,71,100,116,241,320,503,195,159,160,185,482,288,32,163,293,165,109,178,56,179,126,141,362,392,757,62,263,66,284,280,40,129,297,185,47,198,106,229,245,170,277,90,214
460,432,201,96,452,105,431,151,149,190,389,498,870,338,247,270,329,839,500,72,225,519,284,178,314,122,333,214,252,586,670,1304,263,235,117,513,455,83,218,469,282,85,395,184,360,425,296,448,174,309
109,106,44,24,117,30,125,38,43,45,86,127,209,77,58,70,92,213,122,14,57,106,77,38,72,35,83,52,70,139,162,335,66,117,11,125,101,21,51,111,88,26,93,36,100,123,68,131,39,74
487,445,215,91,575,131,550,143,183,224,457,605,923,352,275,293,356,958,558,64,307,560,293,193,345,122,344,256,246,658,831,1413,284,513,125,271,516,83,258,603,345,106,411,191,405,510,330,582,213,351
505,413,195,87,461,97,435,169,158,197,398,497,835,310,254,281,341,833,486,60,259,501,257,169,307,113,359,221,263,611,693,1272,280,455,101,516,205,82,220,479,308,109,360,180,364,442,301,449,177,294
67,73,31,9,89,12,70,24,19,40,81,97,152,52,48,51,63,154,79,15,41,89,49,30,44,29,69,35,39,104,128,234,40,83,21,83,82,7,29,75,53,14,55,21,59,65,56,94,22,57
273,206,101,37,259,49,216,63,79,108,219,315,459,151,128,144,165,423,260,26,141,274,160,106,165,67,178,114,117,301,362,698,129,218,51,258,220,29,56,281,162,48,189,87,189,231,158,265,85,161
481,488,212,89,517,102,503,166,170,251,473,612,932,387,289,333,404,948,518,62,280,529,311,228,334,132,346,242,289,647,782,1458,297,469,111,603,479,75,281,268,346,106,390,200,459,447,333,519,176,374
308,282,140,53,342,65,275,98,110,149,294,361,585,206,174,180,241,616,308,39,184,297,204,141,220,92,223,151,164,423,526,938,185,282,88,345,308,53,162,346,103,63,220,119,232,283,223,337,119,236
117,87,38,15,98,22,90,34,21,29,74,112,174,73,53,61,66,165,103,7,51,113,73,34,74,14,65,51,46,117,146,302,47,85,26,106,109,14,48,106,63,10,80,39,91,93,73,114,39,78
352,352,144,55,423,84,365,115,122,163,359,423,643,274,214,233,271,662,380,60,233,413,252,162,262,112,281,197,199,500,586,1050,198,395,93,411,360,55,189,390,220,80,134,141,319,357,245,363,135,276
175,172,70,36,198,42,193,52,55,102,172,195,350,154,94,113,142,323,169,25,102,197,101,87,118,32,116,72,107,232,269,535,106,184,36,191,180,21,87,200,119,39,141,31,163,178,124,208,71,130
432,352,189,60,399,85,377,113,133,167,362,414,689,265,223,229,296,713,412,46,231,434,236,174,235,109,288,184,204,521,643,1110,229,360,100,405,364,59,189,459,232,91,319,163,157,385,265,397,166,272
444,419,178,75,459,110,469,130,157,181,369,548,828,326,280,279,343,840,468,46,265,495,269,190,297,134,364,184,240,616,671,1261,245,425,123,510,442,65,231,447,283,93,357,178,385,189,302,466,167,322
319,300,125,43,298,59,295,105,99,123,272,338,591,197,169,200,238,579,317,35,183,308,168,129,195,81,224,151,164,378,467,873,170,296,68,330,301,56,158,333,223,73,245,124,265,302,102,348,112,211
518,450,220,87,498,100,503,165,175,233,450,585,925,363,288,308,402,930,568,59,298,558,329,207,316,137,330,242,249,679,795,1446,277,448,131,582,449,94,265,519,337,114,363,208,397,466,348,246,190,344
164,159,69,30,194,36,163,51,76,76,167,188,346,138,89,112,151,352,223,19,98,197,115,78,118,32,129,84,110,245,278,483,90,174,39,213,177,22,85,176,119,39,135,71,166,167,112,190,32,127
373,312,154,56,343,63,297,115,118,148,294,364,649,216,184,201,245,625,361,39,195,361,235,142,231,101,259,165,195,407,517,910,214,309,74,351,294,57,161,374,236,78,276,130,272,322,211,344,127,101
