241,421,228,86,533,105,436,199,158,233,451,474,792,378,316,330,371,789,486,55,337,488,354,201,393,153,360,272,293,608,656,1138,242,454,130,465,492,84,270,425,291,99,365,165,427,410,291,484,176,344
421,172,166,71,412,95,413,131,136,183,387,516,779,278,229,267,312,751,437,51,226,433,240,161,283,93,258,182,215,558,649,1233,237,386,99,453,424,76,230,452,277,90,329,180,336,405,264,455,153,309
228,166,48,29,188,42,194,55,53,81,171,228,383,113,108,118,153,387,204,30,109,194,121,74,118,60,136,87,92,235,294,553,118,178,59,209,207,34,111,192,136,39,126,58,133,183,108,218,92,143
86,71,29,12,76,16,80,31,26,36,66,81,143,54,55,52,55,137,77,11,61,81,58,29,63,30,75,41,58,107,136,209,50,70,14,88,61,15,38,84,69,20,52,33,69,77,48,81,35,60
533,412,188,76,252,113,435,149,166,207,455,559,916,360,296,315,351,902,547,57,286,509,271,188,335,148,331,259,248,585,775,1433,289,423,128,525,481,96,211,574,366,104,370,182,394,472,342,528,191,350
105,95,42,16,113,6,120,43,32,54,90,116,192,73,64,68,85,186,111,14,73,109,72,38,71,33,81,40,74,132,170,291,51,84,28,133,97,22,66,99,64,19,81,46,100,102,71,117,40,86
436,413,194,80,435,120,238,165,155,189,399,550,880,301,278,292,387,847,429,66,259,463,325,186,325,127,319,221,247,626,697,1280,272,418,123,520,459,98,253,457,288,94,359,201,400,444,321,500,191,331
199,131,55,31,149,43,165,25,46,62,135,180,271,108,69,87,109,297,152,22,82,177,89,73,92,41,104,71,78,193,233,434,71,147,35,151,158,20,70,168,115,28,139,53,133,136,104,165,69,92
158,136,53,26,166,32,155,46,31,59,148,187,301,104,92,86,121,291,163,19,87,162,89,72,112,46,105,74,78,216,252,475,86,141,44,169,160,29,74,202,102,23,112,63,118,133,106,177,63,107
233,183,81,36,207,54,189,62,59,48,183,221,352,143,114,126,131,365,194,25,119,190,115,99,154,61,148,101,121,247,307,556,115,174,60,213,203,30,103,208,136,41,165,85,198,194,116,241,70,151
451,387,171,66,455,90,399,135,148,183,168,457,702,301,242,250,296,713,433,49,259,412,291,174,293,120,282,224,245,504,608,1149,240,412,101,456,432,62,229,419,258,92,322,167,330,368,261,417,157,310
474,516,228,81,559,116,550,180,187,221,457,313,970,350,305,338,381,1008,554,60,289,584,351,228,350,146,375,268,321,695,852,1497,277,523,122,563,520,77,265,631,380,120,436,221,474,485,348,571,196,374
792,779,383,143,916,192,880,271,301,352,702,970,774,586,498,535,687,1406,942,111,484,969,535,358,614,229,584,448,486,1138,1331,2404,449,835,209,943,882,160,466,1003,591,173,693,363,757,798,585,919,340,588
378,278,113,54,360,73,301,108,104,143,301,350,586,80,159,168,235,589,301,35,176,309,181,124,198,87,221,146,185,394,462,856,177,298,79,356,308,72,173,327,219,69,256,117,241,304,177,322,113,237
316,229,108,55,296,64,278,69,92,114,242,305,498,159,64,130,185,489,241,33,141,290,141,111,168,53,157,136,140,316,428,760,143,238,69,267,273,61,134,334,192,53,217,99,221,249,160,291,113,179
330,267,118,52,315,68,292,87,86,126,250,338,535,168,130,76,202,531,285,42,137,314,146,113,163,65,179,128,143,337,475,848,162,247,82,282,282,56,163,332,204,57,243,109,216,258,193,282,115,204
371,312,153,55,351,85,387,109,121,131,296,381,687,235,185,202,134,601,370,35,223,394,222,138,246,96,248,174,209,459,571,993,193,340,82,368,335,66,201,376,234,71,312,145,329,345,228,390,134,234
789,751,387,137,902,186,847,297,291,365,713,1008,1406,589,489,531,601,784,894,113,508,892,533,372,604,222,627,415,485,1077,1313,2343,454,827,211,927,851,163,453,1016,599,180,680,356,758,787,576,897,333,610
486,437,204,77,547,111,429,152,163,194,433,554,942,301,241,285,370,894,272,57,303,479,300,197,315,136,325,245,259,641,747,1398,278,440,109,502,476,78,259,500,334,113,393,213,391,503,326,494,187,333
55,51,30,11,57,14,66,22,19,25,49,60,111,35,33,42,35,113,57,5,41,54,38,25,38,19,46,32,31,92,103,174,33,57,11,62,59,6,32,69,43,13,47,16,56,47,39,65,29,37
337,226,109,61,286,73,259,82,87,119,259,289,484,176,141,137,223,508,303,41,77,280,155,108,158,63,163,117,128,347,422,847,145,277,63,286,275,49,141,327,183,60,227,100,217,278,162,304,100,203
488,433,194,81,509,109,463,177,162,190,412,584,969,309,290,314,394,892,479,54,280,236,306,202,341,139,340,253,270,657,773,1394,296,437,117,533,461,83,282,512,340,103,387,204,403,466,323,511,187,338
354,240,121,58,271,72,325,89,89,115,291,351,535,181,141,146,222,533,300,38,155,306,103,125,200,72,188,138,155,351,468,810,176,268,65,313,284,52,157,323,215,65,248,117,249,287,210,327,107,226
201,161,74,29,188,38,186,73,72,99,174,228,358,124,111,113,138,372,197,25,108,202,125,46,118,47,139,102,102,248,291,554,116,195,48,202,194,31,114,205,130,43,153,59,157,186,121,212,89,160
393,283,118,63,335,71,325,92,112,154,293,350,614,198,168,163,246,604,315,38,158,341,200,118,108,70,194,159,173,420,526,981,192,293,76,372,325,61,163,337,209,62,280,119,257,308,207,326,130,224
153,93,60,30,148,33,127,41,46,61,120,146,229,87,53,65,96,222,136,19,63,139,72,47,70,16,66,78,68,172,195,364,70,129,26,151,125,18,78,123,78,25,102,43,102,121,94,134,48,87
360,258,136,75,331,81,319,104,105,148,282,375,584,221,157,179,248,627,325,46,163,340,188,139,194,66,99,164,161,432,543,997,195,325,65,384,308,51,179,354,210,72,240,133,267,327,226,354,109,243
272,182,87,41,259,40,221,71,74,101,224,268,448,146,136,128,174,415,245,32,117,253,138,102,159,78,164,51,108,286,349,678,123,208,62,224,218,55,128,259,170,53,192,83,191,229,159,223,100,166
293,215,92,58,248,74,247,78,78,121,245,321,486,185,140,143,209,485,259,31,128,270,155,102,173,68,161,108,77,292,396,769,154,246,43,242,259,41,144,287,175,56,198,81,209,233,161,286,95,159
608,558,235,107,585,132,626,193,216,247,504,695,1138,394,316,337,459,1077,641,92,347,657,351,248,420,172,432,286,292,391,911,1749,315,548,139,634,602,113,333,667,396,124,501,257,502,579,360,654,234,406
656,649,294,136,775,170,697,233,252,307,608,852,1331,462,428,475,571,1313,747,103,422,773,468,291,526,195,543,349,396,911,531,2059,438,678,190,748,691,130,388,771,484,148,552,289,594,691,480,765,298,538
1138,1233,553,209,1433,291,1280,434,475,556,1149,1497,2404,856,760,848,993,2343,1398,174,847,1394,810,554,981,364,997,678,769,1749,2059,1774,700,1310,300,1459,1280,251,664,1427,917,294,997,537,1110,1265,850,1379,477,918
242,237,118,50,289,51,272,71,86,115,240,277,449,177,143,162,193,454,278,33,145,296,176,116,192,70,195,123,154,315,438,700,68,240,53,306,250,52,124,283,191,48,196,116,226,282,176,261,90,177
454,386,178,70,423,84,418,147,141,174,412,523,835,298,238,247,340,827,440,57,277,437,268,195,293,129,325,208,246,548,678,1310,240,206,108,499,429,77,243,466,311,91,352,177,375,442,271,476,175,325
130,99,59,14,128,28,123,35,44,60,101,122,209,79,69,82,82,211,109,11,63,117,65,48,76,26,65,62,43,139,190,300,53,108,10,131,105,22,55,142,83,28,86,54,89,105,82,116,38,88
465,453,209,88,525,133,520,151,169,213,456,563,943,356,267,282,368,927,502,62,286,533,313,202,372,151,384,224,242,634,748,1459,306,499,131,271,524,102,259,539,332,92,376,194,439,475,325,554,201,347
492,424,207,61,481,97,459,158,160,203,432,520,882,308,273,282,335,851,476,59,275,461,284,194,325,125,308,218,259,602,691,1280,250,429,105,524,173,78,233,500,311,95,369,175,366,377,317,465,195,322
84,76,34,15,96,22,98,20,29,30,62,77,160,72,61,56,66,163,78,6,49,83,52,31,61,18,51,55,41,113,130,251,52,77,22,102,78,11,36,94,61,19,59,43,82,74,44,97,41,55
270,230,111,38,211,66,253,70,74,103,229,265,466,173,134,163,201,453,259,32,141,282,157,114,163,78,179,128,144,333,388,664,124,243,55,259,233,36,54,265,166,45,221,74,215,219,159,289,101,158
425,452,192,84,574,99,457,168,202,208,419,631,1003,327,334,332,376,1016,500,69,327,512,323,205,337,123,354,259,287,667,771,1427,283,466,142,539,500,94,265,260,341,109,383,190,434,503,341,502,205,398
291,277,136,69,366,64,288,115,102,136,258,380,591,219,192,204,234,599,334,43,183,340,215,130,209,78,210,170,175,396,484,917,191,311,83,332,311,61,166,341,103,69,247,121,262,333,229,345,125,218
99,90,39,20,104,19,94,28,23,41,92,120,173,69,53,57,71,180,113,13,60,103,65,43,62,25,72,53,56,124,148,294,48,91,28,92,95,19,45,109,69,12,95,44,71,120,62,102,42,79
365,329,126,52,370,81,359,139,112,165,322,436,693,256,217,243,312,680,393,47,227,387,248,153,280,102,240,192,198,501,552,997,196,352,86,376,369,59,221,383,247,95,119,176,296,331,239,377,136,269
165,180,58,33,182,46,201,53,63,85,167,221,363,117,99,109,145,356,213,16,100,204,117,59,119,43,133,83,81,257,289,537,116,177,54,194,175,43,74,190,121,44,176,33,150,197,134,185,74,112
427,336,133,69,394,100,400,133,118,198,330,474,757,241,221,216,329,758,391,56,217,403,249,157,257,102,267,191,209,502,594,1110,226,375,89,439,366,82,215,434,262,71,296,150,157,377,263,416,154,296
410,405,183,77,472,102,444,136,133,194,368,485,798,304,249,258,345,787,503,47,278,466,287,186,308,121,327,229,233,579,691,1265,282,442,105,475,377,74,219,503,333,120,331,197,377,209,314,437,177,305
291,264,108,48,342,71,321,104,106,116,261,348,585,177,160,193,228,576,326,39,162,323,210,121,207,94,226,159,161,360,480,850,176,271,82,325,317,44,159,341,229,62,239,134,263,314,126,323,116,210
484,455,218,81,528,117,500,165,177,241,417,571,919,322,291,282,390,897,494,65,304,511,327,212,326,134,354,223,286,654,765,1379,261,476,116,554,465,97,289,502,345,102,377,185,416,437,323,255,186,353
176,153,92,35,191,40,191,69,63,70,157,196,340,113,113,115,134,333,187,29,100,187,107,89,130,48,109,100,95,234,298,477,90,175,38,201,195,41,101,205,125,42,136,74,154,177,116,186,33,103
344,309,143,60,350,86,331,92,107,151,310,374,588,237,179,204,234,610,333,37,203,338,226,160,224,87,243,166,159,406,538,918,177,325,88,347,322,55,158,398,218,79,269,112,296,305,210,353,103,122
