268,449,210,89,471,110,498,178,171,230,423,513,857,380,313,311,356,864,541,78,334,531,316,209,345,148,366,287,302,660,711,1250,249,477,113,508,457,71,247,450,324,105,377,180,405,425,344,507,166,350
449,194,175,69,450,106,437,129,135,181,377,477,807,282,245,224,312,802,401,48,241,447,251,173,266,112,310,216,200,551,655,1264,256,419,101,440,427,77,208,473,286,71,327,164,350,393,264,485,172,291
210,175,41,29,199,44,196,71,67,100,181,182,340,120,100,107,129,377,201,25,99,193,107,81,137,51,140,83,111,245,305,563,100,166,54,200,152,32,100,192,118,37,154,75,170,206,124,231,82,148
89,69,29,4,73,13,76,29,29,38,67,84,136,61,37,48,61,149,75,13,59,77,50,36,54,22,71,41,39,119,113,200,43,80,21,102,76,17,35,73,47,19,49,38,57,79,43,75,28,62
471,450,199,73,265,97,525,160,146,200,434,556,923,330,287,312,360,918,530,55,271,548,302,226,348,137,350,231,255,682,773,1417,293,487,117,531,470,86,241,531,360,119,388,208,427,491,306,542,189,359
110,106,44,13,97,13,113,43,37,51,98,122,184,90,59,54,90,184,108,13,71,119,85,54,77,36,79,56,50,137,142,301,52,105,23,133,100,30,61,134,79,22,74,51,92,98,53,113,34,85
498,437,196,76,525,113,230,147,168,205,401,542,857,327,256,269,344,830,456,56,276,497,330,205,327,110,348,239,269,660,744,1373,269,445,116,533,413,90,224,519,327,101,367,186,417,460,297,486,180,329
178,129,71,29,160,43,147,25,56,68,118,169,311,90,70,96,105,284,140,24,91,154,98,46,98,37,95,58,86,190,258,422,75,146,31,154,156,25,75,173,81,32,117,63,112,119,104,177,55,97
171,135,67,29,146,37,168,56,23,67,147,165,301,97,91,99,111,283,156,22,90,163,96,68,116,43,103,73,99,243,248,468,76,154,34,154,145,24,95,156,103,43,139,64,128,144,96,165,62,110
230,181,100,38,200,51,205,68,67,48,183,215,358,138,130,137,124,326,188,32,96,201,120,98,160,55,138,105,121,268,286,517,128,205,41,223,221,35,96,221,131,48,157,74,172,168,121,202,79,139
423,377,181,67,434,98,401,118,147,183,196,475,755,299,232,246,286,718,428,63,242,428,248,172,300,104,282,202,213,552,616,1131,235,414,96,468,404,81,192,449,288,98,328,144,344,373,264,427,149,287
513,477,182,84,556,122,542,169,165,215,475,319,1008,376,273,310,415,1028,603,65,283,582,325,216,352,149,371,230,238,705,833,1610,297,507,119,615,552,102,294,600,375,120,475,212,431,547,372,596,226,349
857,807,340,136,923,184,857,311,301,358,755,1008,852,563,461,483,689,1540,891,109,493,956,559,369,590,236,599,424,427,1162,1365,2525,527,855,220,984,800,175,442,1006,610,192,702,354,750,840,588,959,358,643
380,282,120,61,330,90,327,90,97,138,299,376,563,109,195,186,221,575,287,43,176,338,216,138,223,63,214,136,191,390,465,903,178,308,90,343,325,52,158,333,215,73,243,104,283,314,206,304,141,226
313,245,100,37,287,59,256,70,91,130,232,273,461,195,61,120,191,452,263,35,144,282,160,94,182,61,182,127,151,333,374,730,139,250,62,250,255,37,135,274,165,56,192,98,205,230,157,272,100,164
311,224,107,48,312,54,269,96,99,137,246,310,483,186,120,74,183,505,291,43,133,299,161,130,186,57,192,132,159,359,442,783,152,251,74,293,275,33,152,294,210,63,200,92,227,262,175,308,108,192
356,312,129,61,360,90,344,105,111,124,286,415,689,221,191,183,124,650,345,46,188,383,218,133,227,87,256,174,194,482,562,1055,235,339,81,393,324,53,171,364,222,78,276,134,290,360,222,396,129,238
864,802,377,149,918,184,830,284,283,326,718,1028,1540,575,452,505,650,847,905,108,462,930,535,332,608,243,599,445,439,1148,1416,2510,554,864,202,1010,795,163,446,977,601,176,723,360,681,857,588,948,363,619
541,401,201,75,530,108,456,140,156,188,428,603,891,287,263,291,345,905,236,60,260,505,288,174,334,112,324,218,237,594,758,1458,275,467,137,559,459,91,256,582,324,114,393,196,379,489,333,542,178,341
78,48,25,13,55,13,56,24,22,32,63,65,109,43,35,43,46,108,60,3,42,59,41,29,44,19,45,17,21,72,91,179,41,53,9,77,61,4,39,72,40,13,51,37,54,75,39,72,23,42
334,241,99,59,271,71,276,91,90,96,242,283,493,176,144,133,188,462,260,42,79,299,155,102,166,74,154,124,144,323,417,767,151,254,69,280,256,50,149,293,184,50,191,107,210,265,161,286,124,168
531,447,193,77,548,119,497,154,163,201,428,582,956,338,282,299,383,930,505,59,299,285,328,205,344,122,347,247,274,639,757,1423,292,458,124,601,492,85,232,554,317,125,344,184,413,509,314,523,174,356
316,251,107,50,302,85,330,98,96,120,248,325,559,216,160,161,218,535,288,41,155,328,86,145,187,63,202,144,146,387,419,825,150,271,66,305,287,63,153,308,173,55,223,104,244,273,190,306,105,205
209,173,81,36,226,54,205,46,68,98,172,216,369,138,94,130,133,332,174,29,102,205,145,40,124,51,127,94,92,276,299,569,108,202,50,221,182,35,82,211,141,46,146,70,145,189,125,198,75,117
345,266,137,54,348,77,327,98,116,160,300,352,590,223,182,186,227,608,334,44,166,344,187,124,107,77,207,150,145,391,499,926,183,305,73,343,288,51,165,343,207,56,263,124,263,273,229,381,127,224
148,112,51,22,137,36,110,37,43,55,104,149,236,63,61,57,87,243,112,19,74,122,63,51,77,17,82,58,64,137,181,332,71,116,32,123,116,22,62,150,98,26,87,60,83,119,87,143,65,82
366,310,140,71,350,79,348,95,103,138,282,371,599,214,182,192,256,599,324,45,154,347,202,127,207,82,113,154,190,405,500,930,185,327,80,348,320,55,150,360,231,75,234,146,274,317,215,394,146,222
287,216,83,41,231,56,239,58,73,105,202,230,424,136,127,132,174,445,218,17,124,247,144,94,150,58,154,43,116,323,360,685,131,226,53,246,210,34,122,256,151,52,165,86,170,221,129,256,90,156
302,200,111,39,255,50,269,86,99,121,213,238,427,191,151,159,194,439,237,21,144,274,146,92,145,64,190,116,71,304,370,645,109,237,45,254,238,35,128,268,175,51,183,96,210,218,154,276,95,155
660,551,245,119,682,137,660,190,243,268,552,705,1162,390,333,359,482,1148,594,72,323,639,387,276,391,137,405,323,304,417,957,1866,344,604,134,651,586,99,346,693,443,117,535,234,516,579,383,682,266,475
711,655,305,113,773,142,744,258,248,286,616,833,1365,465,374,442,562,1416,758,91,417,757,419,299,499,181,500,360,370,957,598,2151,424,707,202,828,658,130,393,785,494,150,590,298,578,720,498,785,262,517
1250,1264,563,200,1417,301,1373,422,468,517,1131,1610,2525,903,730,783,1055,2510,1458,179,767,1423,825,569,926,332,930,685,645,1866,2151,2027,762,1322,310,1581,1303,271,661,1583,1002,305,1100,573,1102,1275,941,1540,514,894
249,256,100,43,293,52,269,75,76,128,235,297,527,178,139,152,235,554,275,41,151,292,150,108,183,71,185,131,109,344,424,762,71,245,59,309,222,51,136,278,199,63,232,108,223,264,198,287,91,170
477,419,166,80,487,105,445,146,154,205,414,507,855,308,250,251,339,864,467,53,254,458,271,202,305,116,327,226,237,604,707,1322,245,234,103,488,410,75,247,493,302,108,367,180,357,421,272,497,171,346
113,101,54,21,117,23,116,31,34,41,96,119,220,90,62,74,81,202,137,9,69,124,66,50,73,32,80,53,45,134,202,310,59,103,10,114,114,20,59,130,68,26,90,45,79,118,74,117,43,73
508,440,200,102,531,133,533,154,154,223,468,615,984,343,250,293,393,1010,559,77,280,601,305,221,343,123,348,246,254,651,828,1581,309,488,114,248,513,84,269,567,366,118,383,189,440,511,311,573,186,328
457,427,152,76,470,100,413,156,145,221,404,552,800,325,255,275,324,795,459,61,256,492,287,182,288,116,320,210,238,586,658,1303,222,410,114,513,214,75,237,468,322,104,338,178,362,452,282,486,172,320
71,77,32,17,86,30,90,25,24,35,81,102,175,52,37,33,53,163,91,4,50,85,63,35,51,22,55,34,35,99,130,271,51,75,20,84,75,4,35,90,68,23,57,35,77,81,45,96,35,55
247,208,100,35,241,61,224,75,95,96,192,294,442,158,135,152,171,446,256,39,149,232,153,82,165,62,150,122,128,346,393,661,136,247,59,269,237,35,55,262,154,56,198,103,193,222,158,271,85,164
450,473,192,73,531,134,519,173,156,221,449,600,1006,333,274,294,364,977,582,72,293,554,308,211,343,150,360,256,268,693,785,1583,278,493,130,567,468,90,262,288,345,91,437,195,410,525,347,575,196,336
324,286,118,47,360,79,327,81,103,131,288,375,610,215,165,210,222,601,324,40,184,317,173,141,207,98,231,151,175,443,494,1002,199,302,68,366,322,68,154,345,112,52,282,111,263,298,195,351,117,204
105,71,37,19,119,22,101,32,43,48,98,120,192,73,56,63,78,176,114,13,50,125,55,46,56,26,75,52,51,117,150,305,63,108,26,118,104,23,56,91,52,6,73,38,79,99,71,103,35,63
377,327,154,49,388,74,367,117,139,157,328,475,702,243,192,200,276,723,393,51,191,344,223,146,263,87,234,165,183,535,590,1100,232,367,90,383,338,57,198,437,282,73,148,144,293,356,254,365,155,248
180,164,75,38,208,51,186,63,64,74,144,212,354,104,98,92,134,360,196,37,107,184,104,70,124,60,146,86,96,234,298,573,108,180,45,189,178,35,103,195,111,38,144,30,156,194,128,191,79,114
405,350,170,57,427,92,417,112,128,172,344,431,750,283,205,227,290,681,379,54,210,413,244,145,263,83,274,170,210,516,578,1102,223,357,79,440,362,77,193,410,263,79,293,156,170,368,254,450,153,266
425,393,206,79,491,98,460,119,144,168,373,547,840,314,230,262,360,857,489,75,265,509,273,189,273,119,317,221,218,579,720,1275,264,421,118,511,452,81,222,525,298,99,356,194,368,243,288,506,174,331
344,264,124,43,306,53,297,104,96,121,264,372,588,206,157,175,222,588,333,39,161,314,190,125,229,87,215,129,154,383,498,941,198,272,74,311,282,45,158,347,195,71,254,128,254,288,105,329,157,201
507,485,231,75,542,113,486,177,165,202,427,596,959,304,272,308,396,948,542,72,286,523,306,198,381,143,394,256,276,682,785,1540,287,497,117,573,486,96,271,575,351,103,365,191,450,506,329,258,187,338
166,172,82,28,189,34,180,55,62,79,149,226,358,141,100,108,129,363,178,23,124,174,105,75,127,65,146,90,95,266,262,514,91,171,43,186,172,35,85,196,117,35,155,79,153,174,157,187,34,130
350,291,148,62,359,85,329,97,110,139,287,349,643,226,164,192,238,619,341,42,168,356,205,117,224,82,222,156,155,475,517,894,170,346,73,328,320,55,164,336,204,63,248,114,266,331,201,338,130,93
