270,454,235,103,494,113,507,180,190,232,398,546,863,414,333,341,364,800,546,69,314,566,374,226,391,163,397,253,316,638,708,1184,229,542,98,520,563,87,240,490,329,108,379,183,474,446,327,486,193,369
454,218,185,79,461,97,389,128,155,164,396,485,733,272,216,222,315,759,419,57,255,455,254,193,270,121,296,195,226,501,617,1243,211,421,86,468,387,68,230,529,288,101,353,156,340,428,237,453,168,287
235,185,40,37,197,47,192,57,54,72,167,230,335,138,111,103,154,352,187,20,90,203,122,84,121,47,111,92,80,242,286,564,98,206,51,198,185,45,88,209,130,31,144,73,147,193,133,234,79,148
103,79,37,6,76,12,62,27,32,43,79,93,141,55,37,52,72,142,86,9,38,82,50,34,56,33,67,42,38,92,114,206,46,83,28,92,64,16,42,71,56,16,63,27,65,70,48,87,31,74
494,461,197,76,255,122,510,152,170,182,416,597,956,307,257,289,375,927,517,59,268,488,316,209,342,116,367,236,270,671,747,1478,259,498,126,569,448,71,263,522,341,124,369,214,417,505,303,528,175,324
113,97,47,12,122,8,79,40,40,45,104,119,181,74,62,58,101,182,115,13,75,116,57,39,72,30,85,46,62,128,179,293,55,100,28,130,90,18,57,120,80,27,85,44,76,98,64,95,36,93
507,389,192,62,510,79,202,151,169,197,391,536,851,306,227,276,386,872,503,68,282,501,258,178,306,123,324,203,259,620,723,1319,249,449,117,543,433,81,234,502,330,108,381,203,340,404,328,471,177,371
180,128,57,27,152,40,151,23,60,77,136,172,253,94,84,96,116,269,163,17,83,163,91,51,115,32,92,81,75,180,231,388,61,157,33,151,133,27,48,149,90,38,116,61,129,131,80,149,59,87
190,155,54,32,170,40,169,60,21,66,143,181,299,106,87,100,121,286,166,19,70,164,118,61,118,48,118,84,87,214,240,490,92,145,34,159,159,35,85,174,97,28,142,55,149,154,118,164,50,139
232,164,72,43,182,45,197,77,66,56,176,213,369,129,124,137,161,349,216,25,120,220,146,94,134,43,132,105,104,259,305,538,109,200,54,211,194,41,112,223,132,38,130,76,169,166,129,213,77,177
398,396,167,79,416,104,391,136,143,176,182,457,754,291,243,261,339,705,434,47,243,447,258,192,295,109,294,218,214,528,629,1184,236,412,91,441,417,79,222,437,299,82,317,177,372,414,271,464,173,314
546,485,230,93,597,119,536,172,181,213,457,318,1094,326,283,275,443,1109,556,68,290,569,308,236,354,125,364,256,256,709,893,1662,338,481,124,595,470,94,271,654,380,121,419,238,441,540,353,565,214,335
863,733,335,141,956,181,851,253,299,369,754,1094,854,596,462,492,654,1501,940,110,476,961,525,368,593,224,631,412,428,1139,1450,2575,517,830,180,976,860,166,435,1020,670,188,676,361,721,897,530,1025,337,574
414,272,138,55,307,74,306,94,106,129,291,326,596,104,173,177,232,624,360,41,170,322,212,132,197,88,235,151,138,426,505,880,185,296,77,350,318,60,164,342,232,72,261,136,261,283,203,348,140,234
333,216,111,37,257,62,227,84,87,124,243,283,462,173,62,123,187,452,276,30,140,283,155,116,190,68,170,121,154,312,395,718,130,233,55,269,268,45,127,290,170,38,209,111,232,243,170,279,97,183
341,222,103,52,289,58,276,96,100,137,261,275,492,177,123,71,219,504,299,35,155,308,198,124,184,80,171,140,158,356,407,770,136,273,70,277,284,55,139,315,179,58,240,108,235,254,189,328,126,218
364,315,154,72,375,101,386,116,121,161,339,443,654,232,187,219,126,619,372,49,181,392,216,158,249,94,259,169,178,451,556,1019,172,326,84,363,390,66,166,392,261,83,292,125,287,322,244,379,141,251
800,759,352,142,927,182,872,269,286,349,705,1109,1501,624,452,504,619,837,910,110,493,966,540,371,576,213,602,398,469,1143,1415,2514,481,874,195,941,910,161,456,1051,652,179,700,340,724,857,531,1009,329,566
546,419,187,86,517,115,503,163,166,216,434,556,940,360,276,299,372,910,269,64,266,528,296,191,309,148,344,226,257,665,743,1350,252,451,101,518,483,90,257,538,391,100,403,210,402,494,319,501,170,342
69,57,20,9,59,13,68,17,19,25,47,68,110,41,30,35,49,110,64,2,36,66,40,26,33,13,45,30,27,78,91,166,43,60,8,64,68,11,25,55,39,12,54,26,62,68,42,70,21,52
314,255,90,38,268,75,282,83,70,120,243,290,476,170,140,155,181,493,266,36,74,273,158,112,189,59,182,135,146,296,388,757,143,247,66,277,263,49,141,298,173,68,200,86,217,255,177,327,96,207
566,455,203,82,488,116,501,163,164,220,447,569,961,322,283,308,392,966,528,66,273,271,317,202,353,146,344,258,247,653,729,1390,273,481,94,531,498,89,259,488,376,101,399,226,403,481,323,519,176,372
374,254,122,50,316,57,258,91,118,146,258,308,525,212,155,198,216,540,296,40,158,317,99,127,184,71,198,146,134,389,462,842,172,266,67,323,297,58,154,327,205,39,231,137,217,260,180,280,104,203
226,193,84,34,209,39,178,51,61,94,192,236,368,132,116,124,158,371,191,26,112,202,127,43,118,57,129,83,101,244,320,534,127,182,40,197,172,40,90,219,133,33,164,74,149,187,130,197,76,163
391,270,121,56,342,72,306,115,118,134,295,354,593,197,190,184,249,576,309,33,189,353,184,118,107,84,208,147,158,368,493,991,186,329,70,367,327,50,172,367,224,60,240,134,241,302,211,336,136,237
163,121,47,33,116,30,123,32,48,43,109,125,224,88,68,80,94,213,148,13,59,146,71,57,84,14,81,80,63,136,201,398,67,108,34,144,124,25,54,134,82,29,101,49,104,103,75,130,47,91
397,296,111,67,367,85,324,92,118,132,294,364,631,235,170,171,259,602,344,45,182,344,198,129,208,81,111,185,163,413,483,983,188,301,60,371,322,75,165,359,221,58,280,134,265,308,204,350,147,234
253,195,92,42,236,46,203,81,84,105,218,256,412,151,121,140,169,398,226,30,135,258,146,83,147,80,185,51,121,265,338,688,134,221,49,224,248,34,117,221,119,36,176,84,197,221,145,260,90,184
316,226,80,38,270,62,259,75,87,104,214,256,428,138,154,158,178,469,257,27,146,247,134,101,158,63,163,121,62,317,358,693,124,236,53,255,229,45,108,249,175,64,190,90,192,203,147,237,81,177
638,501,242,92,671,128,620,180,214,259,528,709,1139,426,312,356,451,1143,665,78,296,653,389,244,368,136,413,265,317,393,1008,1866,348,616,149,636,566,100,319,736,458,136,489,250,483,617,383,730,242,384
708,617,286,114,747,179,723,231,240,305,629,893,1450,505,395,407,556,1415,743,91,388,729,462,320,493,201,483,338,358,1008,587,2158,402,713,158,757,717,147,391,786,543,172,591,280,611,732,482,770,268,485
1184,1243,564,206,1478,293,1319,388,490,538,1184,1662,2575,880,718,770,1019,2514,1350,166,757,1390,842,534,991,398,983,688,693,1866,2158,2005,798,1308,309,1507,1298,242,680,1545,978,262,1105,520,1109,1340,890,1465,525,911
229,211,98,46,259,55,249,61,92,109,236,338,517,185,130,136,172,481,252,43,143,273,172,127,186,67,188,134,124,348,402,798,66,264,72,258,275,52,133,289,194,51,220,99,210,252,188,292,105,190
542,421,206,83,498,100,449,157,145,200,412,481,830,296,233,273,326,874,451,60,247,481,266,182,329,108,301,221,236,616,713,1308,264,236,133,512,424,76,235,498,315,75,380,187,389,435,292,483,176,328
98,86,51,28,126,28,117,33,34,54,91,124,180,77,55,70,84,195,101,8,66,94,67,40,70,34,60,49,53,149,158,309,72,133,8,118,94,20,57,120,81,20,92,52,79,124,68,113,38,61
520,468,198,92,569,130,543,151,159,211,441,595,976,350,269,277,363,941,518,64,277,531,323,197,367,144,371,224,255,636,757,1507,258,512,118,248,577,85,236,592,345,111,417,202,443,466,362,557,215,357
563,387,185,64,448,90,433,133,159,194,417,470,860,318,268,284,390,910,483,68,263,498,297,172,327,124,322,248,229,566,717,1298,275,424,94,577,204,77,207,459,336,85,368,164,359,398,355,486,169,338
87,68,45,16,71,18,81,27,35,41,79,94,166,60,45,55,66,161,90,11,49,89,58,40,50,25,75,34,45,100,147,242,52,76,20,85,77,9,51,91,56,11,62,30,70,85,56,92,40,68
240,230,88,42,263,57,234,48,85,112,222,271,435,164,127,139,166,456,257,25,141,259,154,90,172,54,165,117,108,319,391,680,133,235,57,236,207,51,52,289,150,57,191,92,188,255,158,248,96,177
490,529,209,71,522,120,502,149,174,223,437,654,1020,342,290,315,392,1051,538,55,298,488,327,219,367,134,359,221,249,736,786,1545,289,498,120,592,459,91,289,282,359,104,410,226,432,480,366,515,208,342
329,288,130,56,341,80,330,90,97,132,299,380,670,232,170,179,261,652,391,39,173,376,205,133,224,82,221,119,175,458,543,978,194,315,81,345,336,56,150,359,119,73,271,111,267,330,201,347,134,233
108,101,31,16,124,27,108,38,28,38,82,121,188,72,38,58,83,179,100,12,68,101,39,33,60,29,58,36,64,136,172,262,51,75,20,111,85,11,57,104,73,17,69,41,72,90,58,111,26,57
379,353,144,63,369,85,381,116,142,130,317,419,676,261,209,240,292,700,403,54,200,399,231,164,240,101,280,176,190,489,591,1105,220,380,92,417,368,62,191,410,271,69,173,144,315,340,246,406,153,232
183,156,73,27,214,44,203,61,55,76,177,238,361,136,111,108,125,340,210,26,86,226,137,74,134,49,134,84,90,250,280,520,99,187,52,202,164,30,92,226,111,41,144,31,172,164,123,219,69,127
474,340,147,65,417,76,340,129,149,169,372,441,721,261,232,235,287,724,402,62,217,403,217,149,241,104,265,197,192,483,611,1109,210,389,79,443,359,70,188,432,267,72,315,172,143,341,277,367,144,273
446,428,193,70,505,98,404,131,154,166,414,540,897,283,243,254,322,857,494,68,255,481,260,187,302,103,308,221,203,617,732,1340,252,435,124,466,398,85,255,480,330,90,340,164,341,223,317,510,164,282
327,237,133,48,303,64,328,80,118,129,271,353,530,203,170,189,244,531,319,42,177,323,180,130,211,75,204,145,147,383,482,890,188,292,68,362,355,56,158,366,201,58,246,123,277,317,105,330,112,225
486,453,234,87,528,95,471,149,164,213,464,565,1025,348,279,328,379,1009,501,70,327,519,280,197,336,130,350,260,237,730,770,1465,292,483,113,557,486,92,248,515,347,111,406,219,367,510,330,257,195,357
193,168,79,31,175,36,177,59,50,77,173,214,337,140,97,126,141,329,170,21,96,176,104,76,136,47,147,90,81,242,268,525,105,176,38,215,169,40,96,208,134,26,153,69,144,164,112,195,30,110
369,287,148,74,324,93,371,87,139,177,314,335,574,234,183,218,251,566,342,52,207,372,203,163,237,91,234,184,177,384,485,911,190,328,61,357,338,68,177,342,233,57,232,127,273,282,225,357,110,128
