265,494,216,91,514,109,479,175,170,259,459,516,811,329,292,332,325,813,486,62,306,514,337,178,342,134,352,258,291,600,697,1180,246,468,114,469,487,103,244,511,345,120,339,163,397,435,319,490,178,380
494,178,163,77,465,107,424,142,134,149,365,482,751,280,219,226,312,797,423,55,255,456,234,165,265,114,264,209,232,548,691,1213,230,413,88,449,437,87,227,433,279,83,318,148,330,385,278,471,153,301
216,163,35,36,207,50,168,63,51,75,169,225,370,128,95,108,157,376,191,27,104,212,115,91,129,37,125,86,101,236,276,543,97,193,49,226,185,36,109,197,125,44,163,67,171,184,116,185,76,147
91,77,36,7,83,21,61,30,21,28,54,91,149,55,44,40,68,141,86,14,44,93,49,28,43,22,52,48,45,96,123,229,54,84,23,104,85,15,41,74,62,14,77,25,65,79,45,84,21,57
514,465,207,83,262,128,502,146,166,202,451,586,933,309,278,314,378,892,463,62,304,507,322,188,330,128,326,268,248,631,773,1411,267,533,111,545,516,78,285,544,334,93,402,185,385,484,318,507,179,375
109,107,50,21,128,11,91,32,43,39,75,118,175,71,50,52,87,183,111,15,59,114,78,46,66,32,69,65,59,142,170,292,66,111,31,129,111,15,58,111,72,22,76,37,85,111,77,108,37,79
479,424,168,61,502,91,234,155,165,192,401,560,907,320,256,269,377,894,511,71,250,524,287,192,303,112,326,228,228,624,736,1364,252,455,121,540,450,85,248,492,293,98,337,160,370,466,302,494,171,328
175,142,63,30,146,32,155,21,46,54,138,169,319,75,87,85,103,313,171,25,72,174,72,47,108,48,91,76,78,199,228,454,98,146,38,146,155,25,78,165,85,23,123,59,104,131,102,170,57,111
170,134,51,21,166,43,165,46,27,64,161,216,283,117,75,96,94,314,143,20,91,163,88,68,119,42,116,73,78,203,210,449,93,154,40,160,171,27,77,176,112,33,130,56,125,144,103,172,60,105
259,149,75,28,202,39,192,54,64,37,141,228,372,121,125,132,138,360,209,24,122,199,146,78,152,46,125,94,103,284,329,561,123,196,43,230,167,22,97,208,131,43,155,60,173,183,134,232,71,147
459,365,169,54,451,75,401,138,161,141,178,473,779,273,233,252,283,761,467,61,246,456,266,145,300,112,296,224,218,554,647,1143,235,408,93,484,384,79,230,416,275,81,344,135,329,375,268,461,138,275
516,482,225,91,586,118,560,169,216,228,473,333,986,355,296,323,394,1006,572,72,304,557,350,208,366,109,366,230,276,700,811,1546,333,479,133,569,474,86,273,602,363,99,410,223,442,543,331,549,223,394
811,751,370,149,933,175,907,319,283,372,779,986,778,587,475,539,662,1447,914,109,496,942,563,359,599,212,589,420,452,1144,1317,2373,478,859,204,968,821,151,490,885,584,170,680,334,737,833,572,930,305,583
329,280,128,55,309,71,320,75,117,121,273,355,587,106,171,173,219,573,315,41,174,333,189,123,212,72,209,141,147,402,509,943,180,301,68,351,270,49,136,345,195,67,246,95,249,338,193,341,115,201
292,219,95,44,278,50,256,87,75,125,233,296,475,171,64,128,174,438,252,29,140,274,169,114,182,72,185,117,138,306,397,755,158,234,57,262,257,47,147,274,167,60,219,82,238,257,159,285,87,186
332,226,108,40,314,52,269,85,96,132,252,323,539,173,128,88,218,525,283,33,149,294,166,119,182,68,172,140,142,339,422,828,174,270,74,314,287,48,159,314,206,66,226,115,240,260,162,287,123,202
325,312,157,68,378,87,377,103,94,138,283,394,662,219,174,218,117,647,368,44,192,340,221,146,229,104,259,189,199,459,497,1038,199,324,91,348,335,48,186,368,243,87,281,134,320,336,248,369,140,216
813,797,376,141,892,183,894,313,314,360,761,1006,1447,573,438,525,647,765,913,111,476,894,534,328,595,228,602,408,452,1109,1377,2389,447,819,191,1003,796,151,459,935,625,182,679,303,709,819,552,932,303,576
486,423,191,86,463,111,511,171,143,209,467,572,914,315,252,283,368,913,274,68,298,498,328,208,313,122,325,276,255,593,769,1477,280,488,108,516,481,79,265,559,373,126,411,173,410,500,311,550,177,355
62,55,27,14,62,15,71,25,20,24,61,72,109,41,29,33,44,111,68,1,40,68,33,36,43,19,43,26,31,84,84,181,29,63,18,68,80,10,36,62,39,13,54,16,56,53,44,65,26,49
306,255,104,44,304,59,250,72,91,122,246,304,496,174,140,149,192,476,298,40,81,309,161,115,160,74,183,117,145,344,465,792,162,255,62,266,265,59,132,315,173,43,202,86,208,280,155,281,99,193
514,456,212,93,507,114,524,174,163,199,456,557,942,333,274,294,340,894,498,68,309,242,298,208,338,141,348,252,253,673,728,1441,287,480,118,523,465,78,272,541,342,118,395,176,406,489,322,528,192,343
337,234,115,49,322,78,287,72,88,146,266,350,563,189,169,166,221,534,328,33,161,298,83,116,204,74,200,150,148,369,430,863,169,284,67,310,269,41,161,328,202,67,260,93,250,275,190,291,105,215
178,165,91,28,188,46,192,47,68,78,145,208,359,123,114,119,146,328,208,36,115,208,116,47,133,51,141,97,92,253,308,547,109,161,42,226,211,31,92,194,115,36,137,72,146,170,134,181,63,137
342,265,129,43,330,66,303,108,119,152,300,366,599,212,182,182,229,595,313,43,160,338,204,133,118,91,222,164,181,393,507,942,196,308,78,352,334,61,178,326,196,74,256,95,256,296,191,372,129,204
134,114,37,22,128,32,112,48,42,46,112,109,212,72,72,68,104,228,122,19,74,141,74,51,91,15,75,73,64,140,198,357,63,134,29,139,128,21,68,131,78,25,106,44,98,114,84,134,37,92
352,264,125,52,326,69,326,91,116,125,296,366,589,209,185,172,259,602,325,43,183,348,200,141,222,75,123,178,146,441,542,1003,198,327,73,381,328,52,166,367,233,69,263,129,262,298,188,345,109,214
258,209,86,48,268,65,228,76,73,94,224,230,420,141,117,140,189,408,276,26,117,252,150,97,164,73,178,55,121,278,351,631,131,241,55,247,242,40,121,261,152,54,178,91,180,238,134,263,88,170
291,232,101,45,248,59,228,78,78,103,218,276,452,147,138,142,199,452,255,31,145,253,148,92,181,64,146,121,74,301,369,738,135,226,65,231,232,41,121,259,142,52,205,108,206,222,161,273,92,167
600,548,236,96,631,142,624,199,203,284,554,700,1144,402,306,339,459,1109,593,84,344,673,369,253,393,140,441,278,301,397,951,1778,314,599,155,677,590,98,353,633,435,118,463,240,530,594,374,694,235,416
697,691,276,123,773,170,736,228,210,329,647,811,1317,509,397,422,497,1377,769,84,465,728,430,308,507,198,542,351,369,951,567,2097,416,709,178,764,696,154,418,802,483,169,579,288,621,749,472,802,289,547
1180,1213,543,229,1411,292,1364,454,449,561,1143,1546,2373,943,755,828,1038,2389,1477,181,792,1441,863,547,942,357,1003,631,738,1778,2097,1841,704,1355,292,1576,1318,255,720,1470,914,277,1061,542,1096,1260,885,1462,528,950
246,230,97,54,267,66,252,98,93,123,235,333,478,180,158,174,199,447,280,29,162,287,169,109,196,63,198,131,135,314,416,704,73,263,50,288,270,53,134,254,187,68,229,88,209,238,162,269,93,193
468,413,193,84,533,111,455,146,154,196,408,479,859,301,234,270,324,819,488,63,255,480,284,161,308,134,327,241,226,599,709,1355,263,232,109,473,470,65,247,516,299,97,390,167,343,387,290,454,173,324
114,88,49,23,111,31,121,38,40,43,93,133,204,68,57,74,91,191,108,18,62,118,67,42,78,29,73,55,65,155,178,292,50,109,14,115,95,19,60,116,81,26,93,46,92,93,78,116,42,80
469,449,226,104,545,129,540,146,160,230,484,569,968,351,262,314,348,1003,516,68,266,523,310,226,352,139,381,247,231,677,764,1576,288,473,115,249,502,95,263,564,374,96,375,203,408,500,339,550,198,359
487,437,185,85,516,111,450,155,171,167,384,474,821,270,257,287,335,796,481,80,265,465,269,211,334,128,328,242,232,590,696,1318,270,470,95,502,218,68,233,526,313,96,347,177,368,384,308,486,156,302
103,87,36,15,78,15,85,25,27,22,79,86,151,49,47,48,48,151,79,10,59,78,41,31,61,21,52,40,41,98,154,255,53,65,19,95,68,9,33,110,52,18,62,37,71,85,50,90,25,50
244,227,109,41,285,58,248,78,77,97,230,273,490,136,147,159,186,459,265,36,132,272,161,92,178,68,166,121,121,353,418,720,134,247,60,263,233,33,68,277,147,52,174,97,202,254,176,252,98,181
511,433,197,74,544,111,492,165,176,208,416,602,885,345,274,314,368,935,559,62,315,541,328,194,326,131,367,261,259,633,802,1470,254,516,116,564,526,110,277,262,340,136,408,216,421,514,349,528,181,354
345,279,125,62,334,72,293,85,112,131,275,363,584,195,167,206,243,625,373,39,173,342,202,115,196,78,233,152,142,435,483,914,187,299,81,374,313,52,147,340,119,73,252,122,247,363,195,333,119,233
120,83,44,14,93,22,98,23,33,43,81,99,170,67,60,66,87,182,126,13,43,118,67,36,74,25,69,54,52,118,169,277,68,97,26,96,96,18,52,136,73,10,90,37,84,98,65,98,27,59
339,318,163,77,402,76,337,123,130,155,344,410,680,246,219,226,281,679,411,54,202,395,260,137,256,106,263,178,205,463,579,1061,229,390,93,375,347,62,174,408,252,90,128,135,303,362,221,396,140,237
163,148,67,25,185,37,160,59,56,60,135,223,334,95,82,115,134,303,173,16,86,176,93,72,95,44,129,91,108,240,288,542,88,167,46,203,177,37,97,216,122,37,135,28,114,169,101,193,64,131
397,330,171,65,385,85,370,104,125,173,329,442,737,249,238,240,320,709,410,56,208,406,250,146,256,98,262,180,206,530,621,1096,209,343,92,408,368,71,202,421,247,84,303,114,165,361,240,452,143,264
435,385,184,79,484,111,466,131,144,183,375,543,833,338,257,260,336,819,500,53,280,489,275,170,296,114,298,238,222,594,749,1260,238,387,93,500,384,85,254,514,363,98,362,169,361,208,317,493,163,329
319,278,116,45,318,77,302,102,103,134,268,331,572,193,159,162,248,552,311,44,155,322,190,134,191,84,188,134,161,374,472,885,162,290,78,339,308,50,176,349,195,65,221,101,240,317,97,323,105,200
490,471,185,84,507,108,494,170,172,232,461,549,930,341,285,287,369,932,550,65,281,528,291,181,372,134,345,263,273,694,802,1462,269,454,116,550,486,90,252,528,333,98,396,193,452,493,323,240,212,367
178,153,76,21,179,37,171,57,60,71,138,223,305,115,87,123,140,303,177,26,99,192,105,63,129,37,109,88,92,235,289,528,93,173,42,198,156,25,98,181,119,27,140,64,143,163,105,212,32,119
380,301,147,57,375,79,328,111,105,147,275,394,583,201,186,202,216,576,355,49,193,343,215,137,204,92,214,170,167,416,547,950,193,324,80,359,302,50,181,354,233,59,237,131,264,329,200,367,119,115
