263,413,221,84,476,103,469,166,184,262,472,514,794,361,305,343,360,738,469,76,327,511,355,205,360,147,369,281,303,574,716,1153,236,489,105,441,491,86,250,443,304,91,368,152,426,404,347,547,161,406
413,182,170,68,438,84,400,120,134,182,346,420,756,276,235,238,299,760,414,57,243,407,228,183,284,108,294,189,223,534,631,1163,237,357,95,439,395,76,232,458,291,89,333,160,371,393,273,505,173,300
221,170,32,39,199,49,228,67,53,88,171,239,347,138,111,106,142,353,212,27,99,213,127,74,139,56,138,107,102,221,279,531,107,204,56,200,200,30,95,217,137,47,150,85,174,153,132,209,92,146
84,68,39,4,79,18,78,34,26,37,79,85,147,69,43,48,66,145,93,12,66,86,61,36,56,20,68,45,54,106,140,220,50,79,25,84,79,12,46,84,53,18,56,26,73,86,61,83,28,70
476,438,199,79,251,109,477,170,180,221,436,559,858,321,259,305,382,899,480,52,285,554,311,184,371,146,337,217,258,665,766,1335,247,481,118,545,498,78,284,531,335,109,378,206,427,440,309,516,191,355
103,84,49,18,109,11,96,46,37,48,99,120,191,89,57,70,82,186,118,19,81,126,82,50,71,21,83,58,74,137,174,273,59,103,23,107,102,15,58,92,73,25,98,45,92,106,74,122,27,98
469,400,228,78,477,96,242,133,161,182,391,560,878,331,259,290,343,852,471,59,300,491,279,174,323,135,329,232,245,577,750,1315,252,441,110,502,422,82,253,455,335,94,327,176,386,480,309,496,181,351
166,120,67,34,170,46,133,26,47,57,130,179,259,93,83,83,124,277,150,19,95,142,99,56,117,32,98,77,73,180,199,420,80,141,34,151,151,25,79,145,89,30,125,40,114,144,116,147,66,115
184,134,53,26,180,37,161,47,29,77,153,155,289,113,82,86,123,289,166,18,96,160,108,65,113,34,111,72,80,212,266,431,94,178,42,176,155,30,79,156,109,36,106,76,130,147,101,162,67,124
262,182,88,37,221,48,182,57,77,43,146,221,370,135,100,110,166,381,205,23,112,207,136,75,148,53,138,119,119,266,323,509,94,212,49,225,191,47,81,226,143,46,160,75,169,203,129,229,72,145
472,346,171,79,436,99,391,130,153,146,162,488,759,288,225,239,304,748,437,46,209,439,249,160,324,90,275,250,232,537,607,1126,232,398,107,462,399,77,207,398,290,94,318,150,375,363,267,453,161,298
514,420,239,85,559,120,560,179,155,221,488,315,1009,337,303,327,420,973,587,63,310,566,302,210,365,143,356,266,268,689,881,1551,281,521,138,567,511,106,289,588,410,129,444,192,446,523,342,620,210,363
794,756,347,147,858,191,878,259,289,370,759,1009,779,557,492,517,646,1421,912,95,500,847,530,345,572,227,592,408,449,1091,1331,2399,448,817,199,951,833,153,449,922,610,193,668,313,716,797,510,973,316,585
361,276,138,69,321,89,331,93,113,135,288,337,557,101,157,176,222,578,314,40,197,318,199,113,207,73,214,149,153,410,502,882,181,311,86,340,285,57,164,343,216,69,244,110,240,355,200,364,137,216
305,235,111,43,259,57,259,83,82,100,225,303,492,157,81,133,188,463,278,36,159,250,129,94,150,66,178,121,126,313,401,732,163,224,47,274,248,46,133,271,180,66,209,101,211,246,146,269,112,171
343,238,106,48,305,70,290,83,86,110,239,327,517,176,133,82,207,537,290,31,154,288,146,108,179,69,179,144,149,340,455,811,167,255,62,308,303,50,140,295,185,63,236,103,231,265,166,300,110,184
360,299,142,66,382,82,343,124,123,166,304,420,646,222,188,207,122,645,329,61,221,350,211,133,226,95,258,195,186,447,542,1016,193,346,86,371,345,53,185,388,250,76,305,154,277,344,224,418,139,259
738,760,353,145,899,186,852,277,289,381,748,973,1421,578,463,537,645,772,937,103,519,927,510,368,600,236,607,427,455,1074,1344,2399,435,820,197,929,797,152,460,955,592,192,675,335,733,868,545,959,316,603
469,414,212,93,480,118,471,150,166,205,437,587,912,314,278,290,329,937,230,72,304,474,301,190,308,119,322,248,279,611,753,1376,299,462,114,503,494,87,238,539,337,103,415,181,416,468,318,505,203,350
76,57,27,12,52,19,59,19,18,23,46,63,95,40,36,31,61,103,72,4,27,79,33,27,48,18,41,20,24,86,89,186,31,60,9,62,70,13,31,69,39,16,45,31,63,58,48,60,18,44
327,243,99,66,285,81,300,95,96,112,209,310,500,197,159,154,221,519,304,27,83,332,173,120,155,79,195,124,141,335,437,750,156,272,66,282,287,55,151,304,175,63,233,97,234,258,169,311,111,171
511,407,213,86,554,126,491,142,160,207,439,566,847,318,250,288,350,927,474,79,332,273,305,192,325,133,362,241,286,647,733,1357,295,478,115,516,486,97,247,540,350,102,394,191,448,479,316,490,213,349
355,228,127,61,311,82,279,99,108,136,249,302,530,199,129,146,211,510,301,33,173,305,82,109,172,89,196,129,159,342,477,811,155,269,77,302,291,58,147,314,198,63,215,119,248,260,160,298,104,200
205,183,74,36,184,50,174,56,65,75,160,210,345,113,94,108,133,368,190,27,120,192,109,37,125,60,123,93,92,249,305,611,110,181,59,221,175,36,99,200,142,40,154,66,159,204,109,207,101,141
360,284,139,56,371,71,323,117,113,148,324,365,572,207,150,179,226,600,308,48,155,325,172,125,114,102,242,149,159,411,524,928,176,328,85,326,289,64,185,386,233,73,230,144,253,313,198,355,138,220
147,108,56,20,146,21,135,32,34,53,90,143,227,73,66,69,95,236,119,18,79,133,89,60,102,15,74,57,62,172,196,394,63,104,26,111,109,27,69,153,84,29,94,50,118,113,98,144,48,88
369,294,138,68,337,83,329,98,111,138,275,356,592,214,178,179,258,607,322,41,195,362,196,123,242,74,101,148,170,410,508,946,179,315,75,332,314,62,182,350,213,71,246,108,292,320,225,377,133,243
281,189,107,45,217,58,232,77,72,119,250,266,408,149,121,144,195,427,248,20,124,241,129,93,149,57,148,55,109,257,390,675,129,236,57,279,265,24,120,262,152,48,187,74,210,222,131,264,99,193
303,223,102,54,258,74,245,73,80,119,232,268,449,153,126,149,186,455,279,24,141,286,159,92,159,62,170,109,61,301,413,696,139,251,57,228,241,46,116,296,150,51,206,91,198,247,147,287,103,168
574,534,221,106,665,137,577,180,212,266,537,689,1091,410,313,340,447,1074,611,86,335,647,342,249,411,172,410,257,301,385,936,1785,349,579,147,650,571,107,322,715,425,118,465,234,518,603,390,663,229,404
716,631,279,140,766,174,750,199,266,323,607,881,1331,502,401,455,542,1344,753,89,437,733,477,305,524,196,508,390,413,936,550,2084,410,707,185,771,716,106,339,784,503,148,567,306,623,715,499,776,293,506
1153,1163,531,220,1335,273,1315,420,431,509,1126,1551,2399,882,732,811,1016,2399,1376,186,750,1357,811,611,928,394,946,675,696,1785,2084,1911,719,1299,324,1566,1338,208,658,1502,940,317,1019,553,1120,1289,842,1393,470,957
236,237,107,50,247,59,252,80,94,94,232,281,448,181,163,167,193,435,299,31,156,295,155,110,176,63,179,129,139,349,410,719,71,238,65,281,234,39,136,292,201,59,190,117,231,250,163,262,89,200
489,357,204,79,481,103,441,141,178,212,398,521,817,311,224,255,346,820,462,60,272,478,269,181,328,104,315,236,251,579,707,1299,238,229,100,492,444,64,239,466,308,82,357,176,397,428,297,489,165,327
105,95,56,25,118,23,110,34,42,49,107,138,199,86,47,62,86,197,114,9,66,115,77,59,85,26,75,57,57,147,185,324,65,100,14,119,124,21,63,129,78,20,108,55,103,106,73,138,35,84
441,439,200,84,545,107,502,151,176,225,462,567,951,340,274,308,371,929,503,62,282,516,302,221,326,111,332,279,228,650,771,1566,281,492,119,254,508,76,272,565,338,113,438,186,405,489,347,595,189,355
491,395,200,79,498,102,422,151,155,191,399,511,833,285,248,303,345,797,494,70,287,486,291,175,289,109,314,265,241,571,716,1338,234,444,124,508,216,71,269,477,308,91,373,169,360,462,291,505,175,320
86,76,30,12,78,15,82,25,30,47,77,106,153,57,46,50,53,152,87,13,55,97,58,36,64,27,62,24,46,107,106,208,39,64,21,76,71,5,37,95,52,16,66,40,62,80,55,87,43,65
250,232,95,46,284,58,253,79,79,81,207,289,449,164,133,140,185,460,238,31,151,247,147,99,185,69,182,120,116,322,339,658,136,239,63,272,269,37,63,266,141,49,165,91,222,239,162,269,101,160
443,458,217,84,531,92,455,145,156,226,398,588,922,343,271,295,388,955,539,69,304,540,314,200,386,153,350,262,296,715,784,1502,292,466,129,565,477,95,266,304,357,118,434,212,422,504,328,543,198,370
304,291,137,53,335,73,335,89,109,143,290,410,610,216,180,185,250,592,337,39,175,350,198,142,233,84,213,152,150,425,503,940,201,308,78,338,308,52,141,357,107,70,240,120,266,291,206,343,127,236
91,89,47,18,109,25,94,30,36,46,94,129,193,69,66,63,76,192,103,16,63,102,63,40,73,29,71,48,51,118,148,317,59,82,20,113,91,16,49,118,70,8,76,38,89,86,67,108,36,68
368,333,150,56,378,98,327,125,106,160,318,444,668,244,209,236,305,675,415,45,233,394,215,154,230,94,246,187,206,465,567,1019,190,357,108,438,373,66,165,434,240,76,159,144,280,333,235,368,139,292
152,160,85,26,206,45,176,40,76,75,150,192,313,110,101,103,154,335,181,31,97,191,119,66,144,50,108,74,91,234,306,553,117,176,55,186,169,40,91,212,120,38,144,30,155,183,107,199,89,113
426,371,174,73,427,92,386,114,130,169,375,446,716,240,211,231,277,733,416,63,234,448,248,159,253,118,292,210,198,518,623,1120,231,397,103,405,360,62,222,422,266,89,280,155,163,404,243,384,185,272
404,393,153,86,440,106,480,144,147,203,363,523,797,355,246,265,344,868,468,58,258,479,260,204,313,113,320,222,247,603,715,1289,250,428,106,489,462,80,239,504,291,86,333,183,404,203,301,479,163,307
347,273,132,61,309,74,309,116,101,129,267,342,510,200,146,166,224,545,318,48,169,316,160,109,198,98,225,131,147,390,499,842,163,297,73,347,291,55,162,328,206,67,235,107,243,301,96,326,115,199
547,505,209,83,516,122,496,147,162,229,453,620,973,364,269,300,418,959,505,60,311,490,298,207,355,144,377,264,287,663,776,1393,262,489,138,595,505,87,269,543,343,108,368,199,384,479,326,269,191,385
161,173,92,28,191,27,181,66,67,72,161,210,316,137,112,110,139,316,203,18,111,213,104,101,138,48,133,99,103,229,293,470,89,165,35,189,175,43,101,198,127,36,139,89,185,163,115,191,33,144
406,300,146,70,355,98,351,115,124,145,298,363,585,216,171,184,259,603,350,44,171,349,200,141,220,88,243,193,168,404,506,957,200,327,84,355,320,65,160,370,236,68,292,113,272,307,199,385,144,114
