251,477,222,88,468,108,520,168,155,221,458,509,852,379,334,338,380,862,531,66,319,503,392,233,379,167,374,293,349,629,715,1159,252,467,120,517,508,84,252,525,327,106,385,172,461,400,338,471,192,366
477,172,159,71,444,93,407,134,133,187,387,475,837,261,207,224,318,790,421,48,229,457,249,175,262,101,272,181,228,552,660,1247,224,404,91,444,395,71,218,460,284,92,308,174,379,408,288,454,167,309
222,159,40,39,211,41,191,63,66,90,189,230,379,136,107,112,146,382,194,21,107,196,146,64,122,44,131,94,104,268,323,593,132,194,45,213,182,36,114,210,124,35,151,79,158,193,135,217,80,150
88,71,39,8,95,20,68,26,31,36,70,91,140,67,54,43,63,161,79,14,50,80,60,41,54,24,48,51,47,102,124,210,46,81,13,82,76,12,44,88,54,20,64,24,62,61,70,81,35,62
468,444,211,95,265,115,513,162,164,193,467,553,969,345,264,293,380,938,515,55,245,544,305,229,336,139,359,238,268,647,807,1434,283,487,122,526,464,83,266,549,367,104,391,189,418,494,278,532,178,336
108,93,41,20,115,13,84,33,34,41,74,134,204,81,72,65,74,200,118,20,62,105,72,55,76,29,68,58,59,145,171,300,70,117,25,117,110,20,53,122,76,24,84,34,85,93,86,110,44,74
520,407,191,68,513,84,203,144,163,190,402,576,867,291,252,237,350,876,486,64,297,504,309,195,313,126,346,242,248,594,757,1337,241,455,117,553,429,88,240,531,326,108,355,151,374,460,305,456,168,363
168,134,63,26,162,33,144,28,39,61,150,155,283,92,89,82,94,300,151,18,86,169,84,72,97,39,92,77,88,171,201,418,93,150,36,147,130,27,81,159,91,29,127,61,130,128,89,132,55,102
155,133,66,31,164,34,163,39,27,70,157,187,323,115,92,99,122,316,164,13,85,170,97,71,105,43,108,89,77,220,287,481,91,184,42,173,162,27,74,167,92,31,130,50,115,142,111,163,60,123
221,187,90,36,193,41,190,61,70,53,190,232,377,128,118,95,142,395,207,33,114,210,131,92,145,57,148,102,109,275,295,556,109,187,42,178,189,33,88,222,145,35,165,78,176,170,119,188,82,149
458,387,189,70,467,74,402,150,157,190,192,459,750,298,241,215,333,787,448,65,226,430,273,188,289,119,314,217,216,570,611,1200,226,408,103,432,399,60,222,450,281,89,347,165,359,402,282,419,171,319
509,475,230,91,553,134,576,155,187,232,459,293,1032,368,290,311,397,1044,580,75,331,565,311,212,379,119,369,247,287,676,860,1634,312,497,129,591,499,92,287,650,426,125,409,230,418,521,347,600,233,350
852,837,379,140,969,204,867,283,323,377,750,1032,823,622,494,514,660,1469,940,119,479,964,524,380,647,240,617,413,411,1151,1376,2601,494,847,211,947,842,158,462,1001,641,186,701,355,749,875,586,953,346,596
379,261,136,67,345,81,291,92,115,128,298,368,622,93,154,154,212,604,360,45,162,346,190,129,192,93,211,145,146,434,513,930,166,307,64,324,295,52,161,374,216,64,240,115,255,307,174,332,129,231
334,207,107,54,264,72,252,89,92,118,241,290,494,154,60,129,195,471,260,38,146,267,162,119,148,74,167,125,132,315,408,721,144,245,64,280,238,40,144,260,176,60,182,91,195,237,159,279,86,167
338,224,112,43,293,65,237,82,99,95,215,311,514,154,129,78,205,510,296,37,149,280,176,113,183,87,202,118,159,363,429,818,156,270,73,292,233,41,143,284,187,68,210,105,235,245,183,321,127,185
380,318,146,63,380,74,350,94,122,142,333,397,660,212,195,205,134,688,332,50,210,353,225,149,219,88,245,131,175,461,532,1025,217,325,78,377,315,49,159,422,266,78,291,128,300,332,236,347,128,247
862,790,382,161,938,200,876,300,316,395,787,1044,1469,604,471,510,688,824,903,111,457,944,523,377,623,227,618,449,450,1071,1375,2458,496,897,202,936,868,156,451,942,606,193,681,353,728,853,619,926,304,594
531,421,194,79,515,118,486,151,164,207,448,580,940,360,260,296,332,903,262,60,274,472,293,204,342,128,342,234,238,590,759,1438,272,501,122,575,479,85,231,540,350,89,371,169,432,499,333,521,183,358
66,48,21,14,55,20,64,18,13,33,65,75,119,45,38,37,50,111,60,2,31,55,41,23,41,14,33,28,33,80,89,173,41,49,15,53,57,3,28,68,36,14,62,28,46,53,44,66,20,54
319,229,107,50,245,62,297,86,85,114,226,331,479,162,146,149,210,457,274,31,68,278,148,100,184,59,174,137,135,309,429,814,156,274,64,281,269,36,144,310,175,57,216,109,197,277,147,329,106,184
503,457,196,80,544,105,504,169,170,210,430,565,964,346,267,280,353,944,472,55,278,236,291,196,335,130,343,245,253,662,766,1494,275,481,123,598,494,81,241,550,365,98,392,170,404,486,310,543,196,368
392,249,146,60,305,72,309,84,97,131,273,311,524,190,162,176,225,523,293,41,148,291,79,125,189,67,154,141,138,371,436,801,148,270,67,313,283,41,168,336,235,49,205,107,240,268,188,301,106,205
233,175,64,41,229,55,195,72,71,92,188,212,380,129,119,113,149,377,204,23,100,196,125,35,129,57,149,104,98,255,280,544,110,175,42,199,200,30,100,210,143,43,147,84,173,178,124,197,79,150
379,262,122,54,336,76,313,97,105,145,289,379,647,192,148,183,219,623,342,41,184,335,189,129,85,78,201,136,166,405,514,983,177,320,80,349,301,46,166,367,216,87,274,105,232,323,202,355,134,224
167,101,44,24,139,29,126,39,43,57,119,119,240,93,74,87,88,227,128,14,59,130,67,57,78,18,81,64,53,160,196,367,71,125,27,126,126,23,73,140,80,31,104,62,97,100,89,134,48,97
374,272,131,48,359,68,346,92,108,148,314,369,617,211,167,202,245,618,342,33,174,343,154,149,201,81,122,163,155,466,530,978,180,304,80,349,305,55,182,383,245,83,295,139,269,313,203,368,120,246
293,181,94,51,238,58,242,77,89,102,217,247,413,145,125,118,131,449,234,28,137,245,141,104,136,64,163,45,108,276,365,650,126,216,49,243,235,38,117,251,158,50,166,92,198,198,155,267,96,173
349,228,104,47,268,59,248,88,77,109,216,287,411,146,132,159,175,450,238,33,135,253,138,98,166,53,155,108,65,308,344,699,137,223,76,284,259,40,128,304,170,64,223,98,177,243,134,292,94,187
629,552,268,102,647,145,594,171,220,275,570,676,1151,434,315,363,461,1071,590,80,309,662,371,255,405,160,466,276,308,389,986,1820,319,591,141,655,619,117,303,687,391,125,461,239,520,626,414,618,232,452
715,660,323,124,807,171,757,201,287,295,611,860,1376,513,408,429,532,1375,759,89,429,766,436,280,514,196,530,365,344,986,592,2180,426,757,182,806,732,130,359,769,546,146,583,283,615,730,473,776,292,511
1159,1247,593,210,1434,300,1337,418,481,556,1200,1634,2601,930,721,818,1025,2458,1438,173,814,1494,801,544,983,367,978,650,699,1820,2180,1993,759,1279,328,1500,1298,269,719,1532,950,296,1049,532,1118,1412,892,1475,509,917
252,224,132,46,283,70,241,93,91,109,226,312,494,166,144,156,217,496,272,41,156,275,148,110,177,71,180,126,137,319,426,759,73,247,65,312,260,44,147,302,194,51,189,95,227,271,175,285,90,180
467,404,194,81,487,117,455,150,184,187,408,497,847,307,245,270,325,897,501,49,274,481,270,175,320,125,304,216,223,591,757,1279,247,219,101,459,446,77,247,488,290,102,385,167,387,416,298,493,166,323
120,91,45,13,122,25,117,36,42,42,103,129,211,64,64,73,78,202,122,15,64,123,67,42,80,27,80,49,76,141,182,328,65,101,15,139,86,13,54,123,77,23,87,53,91,118,72,107,50,68
517,444,213,82,526,117,553,147,173,178,432,591,947,324,280,292,377,936,575,53,281,598,313,199,349,126,349,243,284,655,806,1500,312,459,139,270,490,80,278,648,344,131,442,206,458,494,359,532,221,330
508,395,182,76,464,110,429,130,162,189,399,499,842,295,238,233,315,868,479,57,269,494,283,200,301,126,305,235,259,619,732,1298,260,446,86,490,234,75,230,490,319,98,337,176,381,400,304,500,182,332
84,71,36,12,83,20,88,27,27,33,60,92,158,52,40,41,49,156,85,3,36,81,41,30,46,23,55,38,40,117,130,269,44,77,13,80,75,9,50,101,62,15,77,36,62,101,52,104,38,46
252,218,114,44,266,53,240,81,74,88,222,287,462,161,144,143,159,451,231,28,144,241,168,100,166,73,182,117,128,303,359,719,147,247,54,278,230,50,60,274,171,49,198,93,203,239,167,256,95,169
525,460,210,88,549,122,531,159,167,222,450,650,1001,374,260,284,422,942,540,68,310,550,336,210,367,140,383,251,304,687,769,1532,302,488,123,648,490,101,274,294,364,131,452,177,466,525,313,571,199,341
327,284,124,54,367,76,326,91,92,145,281,426,641,216,176,187,266,606,350,36,175,365,235,143,216,80,245,158,170,391,546,950,194,290,77,344,319,62,171,364,117,65,248,126,274,282,218,391,133,222
106,92,35,20,104,24,108,29,31,35,89,125,186,64,60,68,78,193,89,14,57,98,49,43,87,31,83,50,64,125,146,296,51,102,23,131,98,15,49,131,65,11,92,37,105,104,65,111,41,71
385,308,151,64,391,84,355,127,130,165,347,409,701,240,182,210,291,681,371,62,216,392,205,147,274,104,295,166,223,461,583,1049,189,385,87,442,337,77,198,452,248,92,141,140,319,378,254,405,136,291
172,174,79,24,189,34,151,61,50,78,165,230,355,115,91,105,128,353,169,28,109,170,107,84,105,62,139,92,98,239,283,532,95,167,53,206,176,36,93,177,126,37,140,35,151,152,111,174,68,141
461,379,158,62,418,85,374,130,115,176,359,418,749,255,195,235,300,728,432,46,197,404,240,173,232,97,269,198,177,520,615,1118,227,387,91,458,381,62,203,466,274,105,319,151,164,384,221,417,147,292
400,408,193,61,494,93,460,128,142,170,402,521,875,307,237,245,332,853,499,53,277,486,268,178,323,100,313,198,243,626,730,1412,271,416,118,494,400,101,239,525,282,104,378,152,384,252,273,470,167,281
338,288,135,70,278,86,305,89,111,119,282,347,586,174,159,183,236,619,333,44,147,310,188,124,202,89,203,155,134,414,473,892,175,298,72,359,304,52,167,313,218,65,254,111,221,273,90,329,132,200
471,454,217,81,532,110,456,132,163,188,419,600,953,332,279,321,347,926,521,66,329,543,301,197,355,134,368,267,292,618,776,1475,285,493,107,532,500,104,256,571,391,111,405,174,417,470,329,258,183,345
192,167,80,35,178,44,168,55,60,82,171,233,346,129,86,127,128,304,183,20,106,196,106,79,134,48,120,96,94,232,292,509,90,166,50,221,182,38,95,199,133,41,136,68,147,167,132,183,32,120
366,309,150,62,336,74,363,102,123,149,319,350,596,231,167,185,247,594,358,54,184,368,205,150,224,97,246,173,187,452,511,917,180,323,68,330,332,46,169,341,222,71,291,141,292,281,200,345,120,120
