259,469,203,86,483,102,487,171,172,232,445,522,892,401,296,359,368,817,515,67,325,547,363,208,377,162,384,261,334,632,671,1173,266,521,90,538,493,74,235,485,305,117,378,190,454,415,332,510,158,361
469,193,142,53,445,116,397,115,166,169,387,440,791,256,225,258,311,779,426,52,223,460,250,172,266,106,275,174,228,506,669,1239,231,399,107,428,379,71,208,474,286,77,347,179,346,409,268,469,168,281
203,142,31,31,172,42,194,61,62,71,181,210,368,114,102,109,138,373,205,19,102,207,120,77,112,29,111,84,69,225,288,576,101,161,47,185,195,24,103,237,111,41,186,75,156,182,116,189,79,130
86,53,31,6,83,10,81,24,25,34,80,98,148,57,43,55,54,135,79,17,58,102,60,39,52,25,54,48,53,111,122,218,39,74,21,81,88,9,45,72,61,14,55,26,72,70,50,97,33,81
483,445,172,83,288,123,481,145,166,187,439,549,961,332,280,295,367,950,494,65,315,509,312,219,349,123,341,208,261,667,779,1416,294,490,125,546,472,85,274,546,347,88,417,188,388,494,314,536,201,343
102,116,42,10,123,9,113,34,34,49,87,133,198,77,64,75,78,178,109,21,76,141,84,60,68,34,84,50,77,140,160,285,58,108,23,110,122,19,54,118,73,25,99,39,104,104,75,126,47,91
487,397,194,81,481,113,232,142,163,187,444,535,859,322,270,290,347,852,482,76,278,486,313,184,316,108,336,229,260,634,743,1368,279,465,99,539,438,74,262,493,338,94,349,201,395,433,317,512,170,323
171,115,61,24,145,34,142,23,52,58,130,190,267,93,85,74,111,240,132,28,97,137,89,55,106,36,111,55,82,190,242,435,94,137,35,146,126,27,68,156,95,34,119,57,132,164,97,163,55,115
172,166,62,25,166,34,163,52,35,69,135,198,314,91,88,94,127,310,159,21,83,176,97,72,116,56,125,71,71,203,271,454,108,150,35,182,179,33,82,191,124,44,120,73,124,165,112,180,72,101
232,169,71,34,187,49,187,58,69,41,171,237,352,119,103,128,163,359,195,29,104,196,128,86,133,63,138,106,98,269,311,554,96,195,50,218,193,33,112,216,124,35,166,70,163,170,120,220,72,144
445,387,181,80,439,87,444,130,135,171,184,465,793,259,214,239,302,780,434,59,235,439,261,171,277,123,293,205,211,576,673,1160,237,400,101,452,436,85,212,469,255,94,328,173,328,414,255,440,150,344
522,440,210,98,549,133,535,190,198,237,465,309,1044,332,272,302,399,1090,538,67,333,588,328,214,347,136,351,262,258,707,914,1679,338,518,120,579,508,99,324,600,368,137,432,221,411,553,392,610,195,374
892,791,368,148,961,198,859,267,314,352,793,1044,833,603,470,512,677,1503,927,115,471,948,543,348,538,228,619,464,487,1132,1360,2431,496,869,202,1027,839,174,457,986,600,192,692,322,702,829,600,939,320,605
401,256,114,57,332,77,322,93,91,119,259,332,603,107,157,181,235,568,317,34,181,324,219,124,217,80,185,165,169,386,493,867,189,314,90,314,300,61,176,354,240,51,247,120,262,306,216,355,133,231
296,225,102,43,280,64,270,85,88,103,214,272,470,157,57,127,184,476,275,23,133,278,144,105,166,62,199,114,129,334,398,724,136,243,65,264,241,41,142,294,170,70,228,113,224,247,163,257,82,176
359,258,109,55,295,75,290,74,94,128,239,302,512,181,127,77,232,567,318,34,159,339,143,120,176,48,175,126,142,358,448,798,145,264,78,282,271,54,132,355,201,67,230,112,224,273,177,318,108,202
368,311,138,54,367,78,347,111,127,163,302,399,677,235,184,232,136,676,370,44,187,356,225,151,245,83,223,167,191,446,535,1001,185,326,95,372,314,65,177,377,242,64,293,142,252,323,231,383,129,244
817,779,373,135,950,178,852,240,310,359,780,1090,1503,568,476,567,676,819,947,101,466,912,481,371,569,230,623,440,458,1127,1361,2476,499,817,247,967,836,166,459,986,616,186,716,353,704,855,604,942,343,590
515,426,205,79,494,109,482,132,159,195,434,538,927,317,275,318,370,947,255,65,261,502,318,212,335,117,318,232,249,614,774,1452,304,474,132,535,495,90,253,583,329,84,389,203,388,465,326,509,172,351
67,52,19,17,65,21,76,28,21,29,59,67,115,34,23,34,44,101,65,4,28,78,30,30,40,20,43,23,41,75,93,169,20,57,21,64,77,9,34,65,29,15,47,14,49,63,38,78,25,41
325,223,102,58,315,76,278,97,83,104,235,333,471,181,133,159,187,466,261,28,91,279,193,97,179,50,160,143,139,346,404,746,147,275,81,277,287,48,149,291,185,46,223,110,208,244,161,306,105,175
547,460,207,102,509,141,486,137,176,196,439,588,948,324,278,339,356,912,502,78,279,250,310,234,339,97,310,254,228,647,758,1488,310,463,122,562,508,76,253,587,324,94,397,191,426,472,308,536,181,340
363,250,120,60,312,84,313,89,97,128,261,328,543,219,144,143,225,481,318,30,193,310,84,119,195,73,212,155,146,360,445,848,146,278,75,309,270,41,150,326,201,63,242,91,239,241,186,322,108,226
208,172,77,39,219,60,184,55,72,86,171,214,348,124,105,120,151,371,212,30,97,234,119,37,130,38,119,87,117,216,316,552,121,195,48,219,197,33,113,216,104,35,162,79,177,186,147,211,76,128
377,266,112,52,349,68,316,106,116,133,277,347,538,217,166,176,245,569,335,40,179,339,195,130,99,84,221,156,158,433,543,951,190,297,90,355,333,47,186,343,190,61,257,129,241,324,215,366,139,193
162,106,29,25,123,34,108,36,56,63,123,136,228,80,62,48,83,230,117,20,50,97,73,38,84,13,65,56,61,149,180,338,75,123,30,137,114,21,59,112,69,23,100,50,95,112,80,143,50,64
384,275,111,54,341,84,336,111,125,138,293,351,619,185,199,175,223,623,318,43,160,310,212,119,221,65,100,139,167,405,533,970,212,295,77,349,320,60,174,349,214,65,251,161,267,297,237,367,128,203
261,174,84,48,208,50,229,55,71,106,205,262,464,165,114,126,167,440,232,23,143,254,155,87,156,56,139,59,133,267,339,665,131,207,45,226,214,46,112,274,142,51,166,94,212,220,147,251,93,176
334,228,69,53,261,77,260,82,71,98,211,258,487,169,129,142,191,458,249,41,139,228,146,117,158,61,167,133,60,321,359,711,146,255,55,283,258,41,109,239,177,51,212,93,203,233,170,271,105,167
632,506,225,111,667,140,634,190,203,269,576,707,1132,386,334,358,446,1127,614,75,346,647,360,216,433,149,405,267,321,406,951,1782,353,615,172,650,581,107,300,698,413,130,500,252,501,631,446,702,250,397
671,669,288,122,779,160,743,242,271,311,673,914,1360,493,398,448,535,1361,774,93,404,758,445,316,543,180,533,339,359,951,590,2111,397,674,172,809,695,139,393,810,508,168,581,288,623,670,510,747,273,485
1173,1239,576,218,1416,285,1368,435,454,554,1160,1679,2431,867,724,798,1001,2476,1452,169,746,1488,848,552,951,338,970,665,711,1782,2111,2018,733,1300,313,1599,1238,249,691,1566,989,300,1065,534,1073,1321,921,1445,488,908
266,231,101,39,294,58,279,94,108,96,237,338,496,189,136,145,185,499,304,20,147,310,146,121,190,75,212,131,146,353,397,733,72,270,51,297,225,46,147,285,183,68,204,109,231,262,194,265,101,152
521,399,161,74,490,108,465,137,150,195,400,518,869,314,243,264,326,817,474,57,275,463,278,195,297,123,295,207,255,615,674,1300,270,222,114,485,436,61,238,491,315,92,365,167,373,444,291,502,154,336
90,107,47,21,125,23,99,35,35,50,101,120,202,90,65,78,95,247,132,21,81,122,75,48,90,30,77,45,55,172,172,313,51,114,10,128,108,14,55,128,100,25,99,41,86,121,85,117,52,72
538,428,185,81,546,110,539,146,182,218,452,579,1027,314,264,282,372,967,535,64,277,562,309,219,355,137,349,226,283,650,809,1599,297,485,128,266,509,81,259,598,326,109,456,208,451,524,324,563,209,377
493,379,195,88,472,122,438,126,179,193,436,508,839,300,241,271,314,836,495,77,287,508,270,197,333,114,320,214,258,581,695,1238,225,436,108,509,213,84,223,512,293,101,328,175,350,410,294,494,156,329
74,71,24,9,85,19,74,27,33,33,85,99,174,61,41,54,65,166,90,9,48,76,41,33,47,21,60,46,41,107,139,249,46,61,14,81,84,8,58,100,59,12,67,26,65,79,52,90,25,53
235,208,103,45,274,54,262,68,82,112,212,324,457,176,142,132,177,459,253,34,149,253,150,113,186,59,174,112,109,300,393,691,147,238,55,259,223,58,63,271,165,39,191,99,239,243,184,278,85,172
485,474,237,72,546,118,493,156,191,216,469,600,986,354,294,355,377,986,583,65,291,587,326,216,343,112,349,274,239,698,810,1566,285,491,128,598,512,100,271,278,350,95,414,225,462,489,357,564,200,347
305,286,111,61,347,73,338,95,124,124,255,368,600,240,170,201,242,616,329,29,185,324,201,104,190,69,214,142,177,413,508,989,183,315,100,326,293,59,165,350,97,74,270,126,275,299,203,374,132,204
117,77,41,14,88,25,94,34,44,35,94,137,192,51,70,67,64,186,84,15,46,94,63,35,61,23,65,51,51,130,168,300,68,92,25,109,101,12,39,95,74,13,72,48,80,91,75,107,40,70
378,347,186,55,417,99,349,119,120,166,328,432,692,247,228,230,293,716,389,47,223,397,242,162,257,100,251,166,212,500,581,1065,204,365,99,456,328,67,191,414,270,72,161,149,303,339,255,402,141,265
190,179,75,26,188,39,201,57,73,70,173,221,322,120,113,112,142,353,203,14,110,191,91,79,129,50,161,94,93,252,288,534,109,167,41,208,175,26,99,225,126,48,149,37,157,195,111,220,69,136
454,346,156,72,388,104,395,132,124,163,328,411,702,262,224,224,252,704,388,49,208,426,239,177,241,95,267,212,203,501,623,1073,231,373,86,451,350,65,239,462,275,80,303,157,178,384,254,432,154,240
415,409,182,70,494,104,433,164,165,170,414,553,829,306,247,273,323,855,465,63,244,472,241,186,324,112,297,220,233,631,670,1321,262,444,121,524,410,79,243,489,299,91,339,195,384,223,324,450,178,276
332,268,116,50,314,75,317,97,112,120,255,392,600,216,163,177,231,604,326,38,161,308,186,147,215,80,237,147,170,446,510,921,194,291,85,324,294,52,184,357,203,75,255,111,254,324,107,373,132,210
510,469,189,97,536,126,512,163,180,220,440,610,939,355,257,318,383,942,509,78,306,536,322,211,366,143,367,251,271,702,747,1445,265,502,117,563,494,90,278,564,374,107,402,220,432,450,373,261,175,354
158,168,79,33,201,47,170,55,72,72,150,195,320,133,82,108,129,343,172,25,105,181,108,76,139,50,128,93,105,250,273,488,101,154,52,209,156,25,85,200,132,40,141,69,154,178,132,175,33,103
361,281,130,81,343,91,323,115,101,144,344,374,605,231,176,202,244,590,351,41,175,340,226,128,193,64,203,176,167,397,485,908,152,336,72,377,329,53,172,347,204,70,265,136,240,276,210,354,103,96
