251,443,200,98,500,106,475,164,220,254,450,532,808,385,316,336,360,821,517,63,343,485,348,194,362,159,382,261,316,602,690,1233,253,499,99,499,454,95,216,462,297,99,377,183,435,436,354,477,175,381
443,179,165,70,392,90,425,148,139,180,374,451,732,295,232,245,296,742,438,47,242,426,253,177,263,102,274,172,193,530,660,1213,244,389,107,440,385,75,225,476,280,96,337,150,336,404,290,468,143,277
200,165,42,45,182,41,227,66,63,85,166,223,370,135,110,108,144,354,169,36,106,210,118,83,116,52,135,81,88,277,315,553,118,204,56,223,205,25,83,230,127,33,154,71,149,173,110,199,71,133
98,70,45,8,86,21,85,20,22,47,80,75,132,70,60,63,58,149,77,9,48,79,40,32,67,23,65,49,43,116,113,230,44,75,21,90,79,15,36,82,48,15,64,29,75,73,66,88,36,60
500,392,182,86,276,100,485,140,163,217,444,566,888,338,272,306,351,922,500,78,282,529,255,191,324,126,353,221,235,630,711,1386,280,503,134,518,452,81,237,556,322,96,397,199,395,504,339,479,201,330
106,90,41,21,100,11,101,39,34,55,95,124,172,82,67,72,77,201,120,13,65,110,59,37,80,22,67,65,65,149,152,310,53,104,22,118,105,17,55,100,87,21,75,27,92,118,76,124,34,83
475,425,227,85,485,101,244,132,147,203,406,547,910,320,262,278,352,854,513,65,280,482,308,196,318,108,312,247,249,635,718,1364,273,457,119,493,474,73,223,534,344,121,361,190,371,427,294,461,186,355
164,148,66,20,140,39,132,24,48,64,128,149,298,91,85,92,112,293,150,21,72,146,105,72,89,48,87,68,90,196,226,441,73,121,33,143,158,27,65,182,105,34,141,54,117,129,93,166,48,121
220,139,63,22,163,34,147,48,22,56,133,203,334,114,91,81,111,306,144,21,99,155,106,60,107,46,103,71,84,207,257,446,105,154,41,171,139,18,80,177,102,37,123,59,127,143,101,186,71,113
254,180,85,47,217,55,203,64,56,41,153,212,336,149,100,120,141,360,227,21,127,209,126,84,117,69,143,98,108,277,295,574,101,186,50,222,198,33,104,233,137,43,181,87,135,178,134,242,68,138
450,374,166,80,444,95,406,128,133,153,169,488,739,300,239,256,270,756,430,63,252,411,262,176,284,131,304,214,221,537,604,1177,242,391,98,438,376,60,207,453,288,79,329,150,314,393,273,437,160,291
532,451,223,75,566,124,547,149,203,212,488,293,992,356,307,318,417,1013,574,66,310,563,341,216,372,139,363,273,291,686,843,1495,296,527,111,598,509,104,275,611,386,110,432,210,445,528,343,596,212,392
808,732,370,132,888,172,910,298,334,336,739,992,793,604,491,547,646,1427,907,111,508,912,534,365,578,228,620,436,445,1132,1310,2336,449,816,188,920,850,150,450,911,619,169,650,326,765,825,528,935,302,655
385,295,135,70,338,82,320,91,114,149,300,356,604,121,186,212,213,617,289,34,185,326,197,146,214,76,219,153,186,420,493,923,192,318,75,343,292,62,161,347,228,59,254,129,252,305,225,377,116,224
316,232,110,60,272,67,262,85,91,100,239,307,491,186,61,146,203,486,251,24,147,241,170,128,183,80,196,117,145,365,431,735,144,227,60,283,286,37,128,290,190,42,211,92,220,247,146,258,99,184
336,245,108,63,306,72,278,92,81,120,256,318,547,212,146,85,226,548,315,33,147,307,164,127,180,79,225,141,144,360,450,823,162,264,67,280,294,42,159,323,212,52,207,90,255,297,187,292,111,208
360,296,144,58,351,77,352,112,111,141,270,417,646,213,203,226,125,665,362,43,210,353,226,149,256,92,264,175,207,430,538,1012,226,340,72,374,351,70,187,404,260,79,314,137,295,338,225,363,142,244
821,742,354,149,922,201,854,293,306,360,756,1013,1427,617,486,548,665,789,875,99,525,933,524,370,581,233,635,425,440,1119,1284,2341,463,816,191,949,859,155,468,894,613,177,689,343,737,825,540,936,288,640
517,438,169,77,500,120,513,150,144,227,430,574,907,289,251,315,362,875,221,59,279,458,290,216,334,127,339,246,250,641,733,1412,274,462,127,527,478,80,286,544,331,97,387,190,388,448,333,533,184,371
63,47,36,9,78,13,65,21,21,21,63,66,111,34,24,33,43,99,59,1,30,59,36,14,42,20,48,25,35,72,101,172,43,52,12,58,50,8,31,82,38,21,52,22,47,54,41,69,24,43
343,242,106,48,282,65,280,72,99,127,252,310,508,185,147,147,210,525,279,30,58,330,153,107,167,76,168,131,131,318,420,784,141,263,81,291,271,44,120,312,193,47,195,100,206,241,178,290,108,186
485,426,210,79,529,110,482,146,155,209,411,563,912,326,241,307,353,933,458,59,330,240,292,210,331,116,320,249,278,696,767,1473,251,437,128,539,478,89,227,566,333,100,397,181,376,485,314,538,189,337
348,253,118,40,255,59,308,105,106,126,262,341,534,197,170,164,226,524,290,36,153,292,84,124,207,75,185,147,144,383,428,855,171,241,66,287,254,52,148,328,202,51,254,104,255,273,177,308,120,219
194,177,83,32,191,37,196,72,60,84,176,216,365,146,128,127,149,370,216,14,107,210,124,45,148,56,125,91,89,244,307,568,124,186,57,229,200,38,91,229,137,59,156,76,152,173,149,195,88,132
362,263,116,67,324,80,318,89,107,117,284,372,578,214,183,180,256,581,334,42,167,331,207,148,107,100,216,144,167,379,517,944,191,323,69,339,304,51,161,363,227,61,255,130,273,307,204,360,127,224
159,102,52,23,126,22,108,48,46,69,131,139,228,76,80,79,92,233,127,20,76,116,75,56,100,11,68,53,65,150,184,372,70,125,27,130,130,26,75,138,78,29,113,43,102,107,76,147,47,105
382,274,135,65,353,67,312,87,103,143,304,363,620,219,196,225,264,635,339,48,168,320,185,125,216,68,102,132,149,394,484,980,174,307,85,344,301,51,177,349,222,74,275,130,258,293,218,346,140,235
261,172,81,49,221,65,247,68,71,98,214,273,436,153,117,141,175,425,246,25,131,249,147,91,144,53,132,62,99,267,365,645,120,256,48,217,249,32,110,246,147,40,202,90,176,207,152,266,99,167
316,193,88,43,235,65,249,90,84,108,221,291,445,186,145,144,207,440,250,35,131,278,144,89,167,65,149,99,69,331,368,725,151,238,66,274,220,38,112,267,172,42,189,98,175,228,161,259,100,174
602,530,277,116,630,149,635,196,207,277,537,686,1132,420,365,360,430,1119,641,72,318,696,383,244,379,150,394,267,331,358,947,1753,364,573,159,656,562,93,308,614,423,111,441,221,509,631,428,617,225,414
690,660,315,113,711,152,718,226,257,295,604,843,1310,493,431,450,538,1284,733,101,420,767,428,307,517,184,484,365,368,947,509,2027,424,699,174,790,683,127,361,792,514,149,559,276,603,688,495,774,265,521
1233,1213,553,230,1386,310,1364,441,446,574,1177,1495,2336,923,735,823,1012,2341,1412,172,784,1473,855,568,944,372,980,645,725,1753,2027,1813,709,1351,296,1509,1314,248,710,1421,958,292,970,518,1186,1201,851,1451,478,959
253,244,118,44,280,53,273,73,105,101,242,296,449,192,144,162,226,463,274,43,141,251,171,124,191,70,174,120,151,364,424,709,70,221,53,298,242,48,130,277,185,43,197,94,244,247,173,272,96,186
499,389,204,75,503,104,457,121,154,186,391,527,816,318,227,264,340,816,462,52,263,437,241,186,323,125,307,256,238,573,699,1351,221,213,115,518,429,73,225,487,306,88,357,198,359,448,284,478,168,339
99,107,56,21,134,22,119,33,41,50,98,111,188,75,60,67,72,191,127,12,81,128,66,57,69,27,85,48,66,159,174,296,53,115,22,101,102,21,51,127,73,22,89,43,108,93,72,114,53,75
499,440,223,90,518,118,493,143,171,222,438,598,920,343,283,280,374,949,527,58,291,539,287,229,339,130,344,217,274,656,790,1509,298,518,101,266,486,99,267,584,346,117,416,183,422,481,326,544,207,379
454,385,205,79,452,105,474,158,139,198,376,509,850,292,286,294,351,859,478,50,271,478,254,200,304,130,301,249,220,562,683,1314,242,429,102,486,216,77,266,485,312,86,365,167,376,430,302,471,146,339
95,75,25,15,81,17,73,27,18,33,60,104,150,62,37,42,70,155,80,8,44,89,52,38,51,26,51,32,38,93,127,248,48,73,21,99,77,14,46,95,54,17,61,37,66,71,63,96,38,48
216,225,83,36,237,55,223,65,80,104,207,275,450,161,128,159,187,468,286,31,120,227,148,91,161,75,177,110,112,308,361,710,130,225,51,267,266,46,45,292,185,57,216,92,191,217,153,250,98,161
462,476,230,82,556,100,534,182,177,233,453,611,911,347,290,323,404,894,544,82,312,566,328,229,363,138,349,246,267,614,792,1421,277,487,127,584,485,95,292,291,359,108,394,193,409,460,327,546,191,346
297,280,127,48,322,87,344,105,102,137,288,386,619,228,190,212,260,613,331,38,193,333,202,137,227,78,222,147,172,423,514,958,185,306,73,346,312,54,185,359,97,80,263,134,278,317,212,354,121,228
99,96,33,15,96,21,121,34,37,43,79,110,169,59,42,52,79,177,97,21,47,100,51,59,61,29,74,40,42,111,149,292,43,88,22,117,86,17,57,108,80,11,73,34,70,66,70,113,28,74
377,337,154,64,397,75,361,141,123,181,329,432,650,254,211,207,314,689,387,52,195,397,254,156,255,113,275,202,189,441,559,970,197,357,89,416,365,61,216,394,263,73,148,146,323,349,237,383,132,279
183,150,71,29,199,27,190,54,59,87,150,210,326,129,92,90,137,343,190,22,100,181,104,76,130,43,130,90,98,221,276,518,94,198,43,183,167,37,92,193,134,34,146,36,159,155,118,224,73,123
435,336,149,75,395,92,371,117,127,135,314,445,765,252,220,255,295,737,388,47,206,376,255,152,273,102,258,176,175,509,603,1186,244,359,108,422,376,66,191,409,278,70,323,159,144,375,247,420,152,297
436,404,173,73,504,118,427,129,143,178,393,528,825,305,247,297,338,825,448,54,241,485,273,173,307,107,293,207,228,631,688,1201,247,448,93,481,430,71,217,460,317,66,349,155,375,208,281,454,170,306
354,290,110,66,339,76,294,93,101,134,273,343,528,225,146,187,225,540,333,41,178,314,177,149,204,76,218,152,161,428,495,851,173,284,72,326,302,63,153,327,212,70,237,118,247,281,91,367,106,190
477,468,199,88,479,124,461,166,186,242,437,596,935,377,258,292,363,936,533,69,290,538,308,195,360,147,346,266,259,617,774,1451,272,478,114,544,471,96,250,546,354,113,383,224,420,454,367,258,205,385
175,143,71,36,201,34,186,48,71,68,160,212,302,116,99,111,142,288,184,24,108,189,120,88,127,47,140,99,100,225,265,478,96,168,53,207,146,38,98,191,121,28,132,73,152,170,106,205,33,130
381,277,133,60,330,83,355,121,113,138,291,392,655,224,184,208,244,640,371,43,186,337,219,132,224,105,235,167,174,414,521,959,186,339,75,379,339,48,161,346,228,74,279,123,297,306,190,385,130,106
