279,458,213,82,522,98,482,178,154,249,435,516,804,379,315,377,386,818,517,85,296,545,350,203,363,153,405,278,282,589,703,1157,253,491,94,492,483,78,261,467,299,85,374,158,435,432,340,466,149,394
458,173,171,84,422,103,421,127,141,166,354,450,825,279,250,267,310,792,452,54,214,453,257,176,288,102,243,193,207,545,664,1178,228,441,108,432,408,80,196,463,279,90,304,151,368,407,267,450,181,294
213,171,34,36,235,49,194,63,71,60,165,218,384,153,94,111,144,366,222,26,87,208,115,81,115,49,139,89,101,245,320,557,108,218,37,208,186,24,99,229,136,33,166,79,162,167,131,203,76,115
82,84,36,9,81,20,79,25,26,33,85,93,136,51,47,51,61,142,89,10,50,93,51,28,58,32,78,32,43,122,131,216,46,73,14,89,87,11,33,68,55,15,64,29,67,74,47,82,30,71
522,422,235,81,247,115,501,159,154,205,416,575,968,348,260,315,378,943,501,76,287,501,294,214,310,123,350,235,271,674,737,1428,284,492,123,548,481,82,225,538,279,109,399,192,401,498,323,555,201,361
98,103,49,20,115,14,94,32,40,52,119,124,187,78,70,69,78,201,104,11,63,103,76,49,90,33,85,59,60,139,175,311,69,116,23,118,122,25,53,101,73,11,80,47,98,110,67,117,37,81
482,421,194,79,501,94,229,151,173,197,422,525,835,328,256,266,338,868,506,53,270,486,297,203,344,110,347,209,258,617,743,1334,270,458,103,494,434,102,237,505,316,97,390,188,392,482,340,495,192,356
178,127,63,25,159,32,151,16,47,65,124,158,313,103,81,84,104,311,158,19,71,158,96,65,80,40,99,77,85,197,235,421,86,131,30,149,123,29,64,153,111,31,123,51,121,132,91,147,63,101
154,141,71,26,154,40,173,47,22,59,131,173,273,109,92,99,121,285,156,19,98,161,101,67,105,37,116,63,98,203,291,443,78,166,34,166,166,28,64,191,113,36,103,61,135,148,109,198,67,116
249,166,60,33,205,52,197,65,59,53,175,247,379,141,114,119,141,356,201,25,125,207,123,93,141,58,142,115,113,253,311,534,117,189,57,205,197,36,113,200,132,39,173,84,172,200,121,219,88,158
435,354,165,85,416,119,422,124,131,175,185,464,730,277,273,279,281,761,460,59,261,431,250,173,307,124,299,219,216,504,662,1098,208,422,97,443,420,92,224,452,293,66,360,159,357,375,294,455,142,307
516,450,218,93,575,124,525,158,173,247,464,316,995,372,293,324,411,1007,587,71,306,575,311,194,361,131,371,250,293,703,859,1624,327,525,141,563,522,86,300,637,357,115,398,191,427,521,354,548,187,359
804,825,384,136,968,187,835,313,273,379,730,995,793,581,474,538,647,1453,930,104,497,938,505,355,603,228,589,423,436,1134,1346,2409,492,856,197,986,788,151,505,942,596,188,638,311,730,859,584,905,298,604
379,279,153,51,348,78,328,103,109,141,277,372,581,129,193,179,229,606,358,31,200,354,191,137,225,71,210,159,173,420,519,914,190,329,67,344,299,56,180,316,195,66,263,119,283,290,201,341,125,247
315,250,94,47,260,70,256,81,92,114,273,293,474,193,62,135,182,460,229,30,151,278,156,110,192,67,189,115,121,315,386,747,138,244,59,285,237,45,117,293,181,50,214,105,214,227,173,293,112,172
377,267,111,51,315,69,266,84,99,119,279,324,538,179,135,79,217,518,268,30,160,302,162,108,205,80,184,129,123,330,433,849,163,258,63,320,259,41,135,309,194,54,210,111,211,257,173,301,125,189
386,310,144,61,378,78,338,104,121,141,281,411,647,229,182,217,140,634,349,51,207,361,221,146,226,103,239,183,195,441,549,986,214,347,83,383,333,46,178,387,234,69,298,126,291,314,216,375,128,230
818,792,366,142,943,201,868,311,285,356,761,1007,1453,606,460,518,634,815,901,80,489,879,530,343,608,238,620,429,430,1112,1282,2340,465,875,201,1004,809,135,473,919,611,179,655,349,743,826,579,960,300,600
517,452,222,89,501,104,506,158,156,201,460,587,930,358,229,268,349,901,269,58,308,494,295,227,325,128,336,236,254,610,792,1419,288,466,117,532,484,79,245,550,316,76,415,196,393,493,304,522,204,368
85,54,26,10,76,11,53,19,19,25,59,71,104,31,30,30,51,80,58,1,35,63,29,15,45,10,37,30,34,71,91,192,24,60,16,73,55,10,33,73,34,9,58,27,46,53,36,66,22,49
296,214,87,50,287,63,270,71,98,125,261,306,497,200,151,160,207,489,308,35,75,326,166,137,189,72,165,143,151,306,452,790,148,254,58,305,279,47,131,290,191,62,217,105,231,259,149,295,113,213
545,453,208,93,501,103,486,158,161,207,431,575,938,354,278,302,361,879,494,63,326,271,295,223,330,135,345,247,244,618,769,1435,306,485,120,536,493,91,238,554,321,96,404,207,418,467,330,561,220,396
350,257,115,51,294,76,297,96,101,123,250,311,505,191,156,162,221,530,295,29,166,295,83,112,191,75,204,109,136,376,454,819,160,264,76,335,260,58,170,299,177,66,226,101,248,295,186,350,114,203
203,176,81,28,214,49,203,65,67,93,173,194,355,137,110,108,146,343,227,15,137,223,112,30,168,41,112,86,101,263,319,544,115,197,37,207,157,34,103,212,147,47,149,66,167,185,120,226,76,157
363,288,115,58,310,90,344,80,105,141,307,361,603,225,192,205,226,608,325,45,189,330,191,168,112,88,212,144,155,419,508,966,178,305,77,369,331,62,182,373,192,73,267,122,269,319,201,358,127,243
153,102,49,32,123,33,110,40,37,58,124,131,228,71,67,80,103,238,128,10,72,135,75,41,88,18,70,55,66,141,193,356,70,120,31,123,119,24,74,163,95,29,95,50,82,127,83,146,61,95
405,243,139,78,350,85,347,99,116,142,299,371,589,210,189,184,239,620,336,37,165,345,204,112,212,70,99,154,169,395,509,933,178,314,85,322,315,67,172,404,241,65,249,143,271,329,208,374,155,245
278,193,89,32,235,59,209,77,63,115,219,250,423,159,115,129,183,429,236,30,143,247,109,86,144,55,154,56,110,285,353,657,125,218,45,240,220,38,125,266,153,42,208,91,178,237,140,257,79,146
282,207,101,43,271,60,258,85,98,113,216,293,436,173,121,123,195,430,254,34,151,244,136,101,155,66,169,110,65,284,378,709,138,236,59,257,219,49,141,248,166,45,200,94,201,221,152,307,97,192
589,545,245,122,674,139,617,197,203,253,504,703,1134,420,315,330,441,1112,610,71,306,618,376,263,419,141,395,285,284,379,965,1820,351,616,145,650,629,98,306,689,442,129,452,242,515,571,411,653,233,427
703,664,320,131,737,175,743,235,291,311,662,859,1346,519,386,433,549,1282,792,91,452,769,454,319,508,193,509,353,378,965,587,2069,409,705,168,807,690,117,361,857,488,133,569,277,609,661,489,775,267,503
1157,1178,557,216,1428,311,1334,421,443,534,1098,1624,2409,914,747,849,986,2340,1419,192,790,1435,819,544,966,356,933,657,709,1820,2069,1884,732,1334,337,1470,1261,257,691,1507,918,282,1024,520,1127,1257,904,1378,487,898
253,228,108,46,284,69,270,86,78,117,208,327,492,190,138,163,214,465,288,24,148,306,160,115,178,70,178,125,138,351,409,732,76,286,67,299,245,47,128,294,162,62,194,86,214,226,156,286,112,177
491,441,218,73,492,116,458,131,166,189,422,525,856,329,244,258,347,875,466,60,254,485,264,197,305,120,314,218,236,616,705,1334,286,229,119,499,472,78,235,524,288,97,345,188,368,432,286,498,167,333
94,108,37,14,123,23,103,30,34,57,97,141,197,67,59,63,83,201,117,16,58,120,76,37,77,31,85,45,59,145,168,337,67,119,13,114,110,24,67,125,81,32,87,50,95,118,68,129,49,74
492,432,208,89,548,118,494,149,166,205,443,563,986,344,285,320,383,1004,532,73,305,536,335,207,369,123,322,240,257,650,807,1470,299,499,114,244,446,94,271,573,352,101,426,195,414,495,336,539,183,375
483,408,186,87,481,122,434,123,166,197,420,522,788,299,237,259,333,809,484,55,279,493,260,157,331,119,315,220,219,629,690,1261,245,472,110,446,245,81,213,472,299,80,341,172,370,445,287,536,174,345
78,80,24,11,82,25,102,29,28,36,92,86,151,56,45,41,46,135,79,10,47,91,58,34,62,24,67,38,49,98,117,257,47,78,24,94,81,11,51,91,76,24,65,27,76,84,55,99,41,57
261,196,99,33,225,53,237,64,64,113,224,300,505,180,117,135,178,473,245,33,131,238,170,103,182,74,172,125,141,306,361,691,128,235,67,271,213,51,54,247,164,50,193,84,205,203,167,228,95,177
467,463,229,68,538,101,505,153,191,200,452,637,942,316,293,309,387,919,550,73,290,554,299,212,373,163,404,266,248,689,857,1507,294,524,125,573,472,91,247,300,358,106,385,211,432,511,352,569,188,365
299,279,136,55,279,73,316,111,113,132,293,357,596,195,181,194,234,611,316,34,191,321,177,147,192,95,241,153,166,442,488,918,162,288,81,352,299,76,164,358,107,70,273,121,268,340,185,345,127,210
85,90,33,15,109,11,97,31,36,39,66,115,188,66,50,54,69,179,76,9,62,96,66,47,73,29,65,42,45,129,133,282,62,97,32,101,80,24,50,106,70,10,69,43,79,100,77,104,47,79
374,304,166,64,399,80,390,123,103,173,360,398,638,263,214,210,298,655,415,58,217,404,226,149,267,95,249,208,200,452,569,1024,194,345,87,426,341,65,193,385,273,69,137,133,318,361,222,423,144,288
158,151,79,29,192,47,188,51,61,84,159,191,311,119,105,111,126,349,196,27,105,207,101,66,122,50,143,91,94,242,277,520,86,188,50,195,172,27,84,211,121,43,133,39,154,169,130,195,73,135
435,368,162,67,401,98,392,121,135,172,357,427,730,283,214,211,291,743,393,46,231,418,248,167,269,82,271,178,201,515,609,1127,214,368,95,414,370,76,205,432,268,79,318,154,185,387,250,430,181,297
432,407,167,74,498,110,482,132,148,200,375,521,859,290,227,257,314,826,493,53,259,467,295,185,319,127,329,237,221,571,661,1257,226,432,118,495,445,84,203,511,340,100,361,169,387,212,277,475,165,336
340,267,131,47,323,67,340,91,109,121,294,354,584,201,173,173,216,579,304,36,149,330,186,120,201,83,208,140,152,411,489,904,156,286,68,336,287,55,167,352,185,77,222,130,250,277,102,340,119,225
466,450,203,82,555,117,495,147,198,219,455,548,905,341,293,301,375,960,522,66,295,561,350,226,358,146,374,257,307,653,775,1378,286,498,129,539,536,99,228,569,345,104,423,195,430,475,340,245,207,359
149,181,76,30,201,37,192,63,67,88,142,187,298,125,112,125,128,300,204,22,113,220,114,76,127,61,155,79,97,233,267,487,112,167,49,183,174,41,95,188,127,47,144,73,181,165,119,207,36,127
394,294,115,71,361,81,356,101,116,158,307,359,604,247,172,189,230,600,368,49,213,396,203,157,243,95,245,146,192,427,503,898,177,333,74,375,345,57,177,365,210,79,288,135,297,336,225,359,127,131
