265,466,194,97,494,107,483,171,167,251,443,526,805,382,331,342,338,838,498,67,320,475,333,206,373,162,400,270,289,617,672,1157,219,482,123,499,466,79,238,464,309,104,366,175,437,393,336,463,177,374
466,189,165,79,413,113,428,139,157,159,387,493,784,283,202,244,347,766,472,50,253,471,234,186,265,102,298,202,222,552,706,1217,232,382,84,481,438,80,226,461,261,92,328,163,357,447,229,432,168,298
194,165,41,31,194,45,169,51,74,74,151,207,354,114,101,97,147,347,179,22,104,198,115,73,109,47,134,85,84,203,292,551,107,157,51,217,189,36,89,235,127,37,149,67,142,212,135,200,73,137
97,79,31,8,85,14,85,25,29,40,66,89,146,58,45,63,57,143,89,17,45,100,60,29,54,17,53,48,48,94,110,221,40,78,22,98,75,13,49,85,55,21,68,31,72,67,73,88,40,71
494,413,194,85,241,117,510,161,168,227,410,554,928,376,256,281,382,941,499,70,268,530,311,201,355,125,334,235,268,633,725,1437,288,517,93,590,457,89,280,523,336,114,387,182,418,477,358,556,205,367
107,113,45,14,117,15,120,39,36,49,98,129,188,93,53,69,93,192,100,16,55,118,70,41,62,28,80,60,55,127,162,272,56,105,30,110,97,25,63,115,73,21,76,40,91,95,79,125,41,74
483,428,169,85,510,120,235,154,171,181,428,525,813,320,275,298,384,847,483,61,266,494,290,218,318,134,365,227,274,549,692,1300,254,483,91,565,407,69,243,509,301,85,350,181,380,415,302,524,175,331
171,139,51,25,161,39,154,20,55,62,126,176,289,101,81,99,114,274,166,19,82,171,88,69,102,36,103,69,79,192,221,419,76,126,35,165,153,21,74,172,105,35,107,49,110,124,95,165,49,122
167,157,74,29,168,36,171,55,34,81,140,156,279,117,89,87,129,295,130,25,102,165,80,72,105,28,92,70,81,183,252,456,79,167,36,163,150,29,90,191,110,38,128,59,135,158,112,180,56,125
251,159,74,40,227,49,181,62,81,54,172,221,378,144,114,140,140,362,208,30,111,216,130,80,127,45,120,91,126,274,254,548,96,199,51,236,196,38,102,203,124,38,145,80,143,184,123,206,80,129
443,387,151,66,410,98,428,126,140,172,191,437,772,295,255,266,313,737,415,57,267,436,265,189,278,130,295,213,217,547,580,1166,230,382,86,461,383,84,211,441,284,81,318,160,329,394,254,432,149,277
526,493,207,89,554,129,525,176,156,221,437,298,1015,331,260,318,393,1002,550,73,297,556,329,211,386,143,392,268,308,709,852,1535,316,479,134,582,540,82,286,603,376,118,436,227,454,530,350,555,201,388
805,784,354,146,928,188,813,289,279,378,772,1015,789,554,500,537,670,1423,922,100,521,905,564,330,613,229,598,431,466,1130,1320,2396,491,839,213,984,824,144,421,980,554,188,687,348,689,824,581,921,314,631
382,283,114,58,376,93,320,101,117,144,295,331,554,106,166,170,228,548,349,49,183,375,193,120,201,91,223,163,176,389,499,888,193,310,53,350,288,53,171,362,206,54,257,125,252,281,194,346,141,234
331,202,101,45,256,53,275,81,89,114,255,260,500,166,65,133,203,486,282,20,159,271,159,123,163,67,156,153,135,326,391,786,153,238,71,265,237,43,147,284,171,56,203,102,196,258,171,296,93,185
342,244,97,63,281,69,298,99,87,140,266,318,537,170,133,86,220,507,310,35,146,315,173,117,192,70,208,140,143,354,433,879,170,291,71,285,289,55,161,328,207,55,215,108,236,274,179,317,133,215
338,347,147,57,382,93,384,114,129,140,313,393,670,228,203,220,136,669,356,45,179,362,196,144,211,77,213,149,160,470,523,975,184,331,87,376,307,57,177,383,216,69,285,133,311,356,218,401,144,250
838,766,347,143,941,192,847,274,295,362,737,1002,1423,548,486,507,669,780,914,118,520,920,519,357,596,228,611,426,445,1196,1351,2405,476,858,205,974,833,130,420,971,570,186,664,321,715,809,559,901,325,613
498,472,179,89,499,100,483,166,130,208,415,550,922,349,282,310,356,914,298,75,265,534,314,206,340,141,359,235,241,670,767,1362,265,486,121,551,459,92,265,550,337,99,412,178,398,480,321,556,182,332
67,50,22,17,70,16,61,19,25,30,57,73,100,49,20,35,45,118,75,5,24,83,44,17,41,13,40,24,21,75,110,192,32,69,14,74,63,9,31,69,38,14,42,20,43,62,37,81,26,48
320,253,104,45,268,55,266,82,102,111,267,297,521,183,159,146,179,520,265,24,60,295,164,97,163,84,194,123,142,329,413,807,168,208,74,282,258,38,134,287,172,44,230,105,234,290,157,321,91,188
475,471,198,100,530,118,494,171,165,216,436,556,905,375,271,315,362,920,534,83,295,272,327,230,329,140,372,233,266,696,736,1403,282,525,121,510,466,86,261,585,348,97,400,198,389,481,335,529,184,372
333,234,115,60,311,70,290,88,80,130,265,329,564,193,159,173,196,519,314,44,164,327,106,123,194,63,170,131,141,349,455,843,141,307,74,267,279,56,160,310,201,58,222,109,236,304,180,322,124,193
206,186,73,29,201,41,218,69,72,80,189,211,330,120,123,117,144,357,206,17,97,230,123,43,141,47,131,96,115,256,336,551,109,196,31,184,186,36,98,229,138,48,157,68,179,173,125,222,68,151
373,265,109,54,355,62,318,102,105,127,278,386,613,201,163,192,211,596,340,41,163,329,194,141,104,73,198,142,157,418,502,934,179,318,69,352,312,48,157,370,215,57,267,131,236,319,189,333,131,203
162,102,47,17,125,28,134,36,28,45,130,143,229,91,67,70,77,228,141,13,84,140,63,47,73,20,69,43,66,166,210,356,68,125,30,115,117,16,64,136,98,26,96,40,109,125,80,127,43,81
400,298,134,53,334,80,365,103,92,120,295,392,598,223,156,208,213,611,359,40,194,372,170,131,198,69,114,141,174,444,531,967,173,322,68,330,346,57,161,381,260,66,289,115,279,354,191,364,124,234
270,202,85,48,235,60,227,69,70,91,213,268,431,163,153,140,149,426,235,24,123,233,131,96,142,43,141,69,112,264,343,655,132,217,49,229,230,42,97,254,177,42,177,77,195,211,138,241,90,154
289,222,84,48,268,55,274,79,81,126,217,308,466,176,135,143,160,445,241,21,142,266,141,115,157,66,174,112,60,307,406,714,133,246,56,260,222,43,115,311,177,41,204,94,188,218,156,327,83,168
617,552,203,94,633,127,549,192,183,274,547,709,1130,389,326,354,470,1196,670,75,329,696,349,256,418,166,444,264,307,406,935,1770,336,599,134,664,598,101,330,664,374,143,503,225,508,597,391,641,226,448
672,706,292,110,725,162,692,221,252,254,580,852,1320,499,391,433,523,1351,767,110,413,736,455,336,502,210,531,343,406,935,534,2070,431,730,174,805,699,106,346,808,488,168,595,288,596,663,457,791,295,471
1157,1217,551,221,1437,272,1300,419,456,548,1166,1535,2396,888,786,879,975,2405,1362,192,807,1403,843,551,934,356,967,655,714,1770,2070,1914,717,1366,339,1567,1295,247,660,1466,871,301,1098,554,1127,1277,892,1378,507,935
219,232,107,40,288,56,254,76,79,96,230,316,491,193,153,170,184,476,265,32,168,282,141,109,179,68,173,132,133,336,431,717,69,271,69,286,259,44,143,274,173,51,198,92,222,280,177,266,100,189
482,382,157,78,517,105,483,126,167,199,382,479,839,310,238,291,331,858,486,69,208,525,307,196,318,125,322,217,246,599,730,1366,271,221,103,510,424,92,235,475,301,97,351,165,392,444,299,505,192,321
123,84,51,22,93,30,91,35,36,51,86,134,213,53,71,71,87,205,121,14,74,121,74,31,69,30,68,49,56,134,174,339,69,103,14,127,102,15,59,123,77,19,90,34,87,106,69,123,44,88
499,481,217,98,590,110,565,165,163,236,461,582,984,350,265,285,376,974,551,74,282,510,267,184,352,115,330,229,260,664,805,1567,286,510,127,278,509,82,286,585,346,119,425,200,429,512,343,567,184,380
466,438,189,75,457,97,407,153,150,196,383,540,824,288,237,289,307,833,459,63,258,466,279,186,312,117,346,230,222,598,699,1295,259,424,102,509,201,73,229,525,311,91,360,181,370,411,294,499,175,350
79,80,36,13,89,25,69,21,29,38,84,82,144,53,43,55,57,130,92,9,38,86,56,36,48,16,57,42,43,101,106,247,44,92,15,82,73,12,38,82,50,22,63,37,66,88,41,94,27,49
238,226,89,49,280,63,243,74,90,102,211,286,421,171,147,161,177,420,265,31,134,261,160,98,157,64,161,97,115,330,346,660,143,235,59,286,229,38,74,251,154,54,190,82,192,227,159,256,96,170
464,461,235,85,523,115,509,172,191,203,441,603,980,362,284,328,383,971,550,69,287,585,310,229,370,136,381,254,311,664,808,1466,274,475,123,585,525,82,251,263,345,116,380,212,459,538,316,576,224,378
309,261,127,55,336,73,301,105,110,124,284,376,554,206,171,207,216,570,337,38,172,348,201,138,215,98,260,177,177,374,488,871,173,301,77,346,311,50,154,345,120,67,228,143,278,289,212,340,124,204
104,92,37,21,114,21,85,35,38,38,81,118,188,54,56,55,69,186,99,14,44,97,58,48,57,26,66,42,41,143,168,301,51,97,19,119,91,22,54,116,67,12,88,28,75,102,56,103,40,62
366,328,149,68,387,76,350,107,128,145,318,436,687,257,203,215,285,664,412,42,230,400,222,157,267,96,289,177,204,503,595,1098,198,351,90,425,360,63,190,380,228,88,158,131,305,347,236,396,129,258
175,163,67,31,182,40,181,49,59,80,160,227,348,125,102,108,133,321,178,20,105,198,109,68,131,40,115,77,94,225,288,554,92,165,34,200,181,37,82,212,143,28,131,33,156,171,110,206,61,127
437,357,142,72,418,91,380,110,135,143,329,454,689,252,196,236,311,715,398,43,234,389,236,179,236,109,279,195,188,508,596,1127,222,392,87,429,370,66,192,459,278,75,305,156,161,359,239,434,145,289
393,447,212,67,477,95,415,124,158,184,394,530,824,281,258,274,356,809,480,62,290,481,304,173,319,125,354,211,218,597,663,1277,280,444,106,512,411,88,227,538,289,102,347,171,359,219,273,460,192,326
336,229,135,73,358,79,302,95,112,123,254,350,581,194,171,179,218,559,321,37,157,335,180,125,189,80,191,138,156,391,457,892,177,299,69,343,294,41,159,316,212,56,236,110,239,273,103,329,113,202
463,432,200,88,556,125,524,165,180,206,432,555,921,346,296,317,401,901,556,81,321,529,322,222,333,127,364,241,327,641,791,1378,266,505,123,567,499,94,256,576,340,103,396,206,434,460,329,275,181,327
177,168,73,40,205,41,175,49,56,80,149,201,314,141,93,133,144,325,182,26,91,184,124,68,131,43,124,90,83,226,295,507,100,192,44,184,175,27,96,224,124,40,129,61,145,192,113,181,23,130
374,298,137,71,367,74,331,122,125,129,277,388,631,234,185,215,250,613,332,48,188,372,193,151,203,81,234,154,168,448,471,935,189,321,88,380,350,49,170,378,204,62,258,127,289,326,202,327,130,134
