291,447,222,83,489,85,455,174,189,239,436,579,805,368,325,340,385,830,510,82,319,522,350,210,348,153,381,282,313,616,696,1276,249,502,103,578,468,67,240,480,298,109,352,183,433,424,346,458,164,444
447,192,165,68,433,83,417,126,142,177,384,486,803,282,225,238,281,821,455,42,249,442,267,175,297,123,314,202,219,515,653,1295,251,370,105,472,401,76,227,463,296,78,322,175,363,408,299,445,174,288
222,165,39,45,207,54,217,56,66,107,182,204,336,126,93,118,115,341,195,19,115,208,136,72,122,51,131,90,113,239,319,595,117,201,36,176,205,33,94,208,133,44,176,77,166,170,136,230,87,138
83,68,45,13,95,25,78,31,30,26,53,79,135,72,50,53,62,132,88,8,55,89,54,38,65,16,44,42,43,99,127,225,44,91,12,94,90,23,58,86,49,23,61,35,73,84,57,86,21,56
489,433,207,95,260,140,508,154,171,209,463,573,1009,349,289,298,336,975,472,67,305,506,290,189,334,128,358,269,242,648,755,1429,267,503,117,508,499,84,250,510,319,88,416,212,411,461,329,522,189,319
85,83,54,25,140,6,105,37,40,44,88,129,192,91,69,77,85,198,114,10,69,102,62,43,78,26,67,63,67,149,169,321,60,110,23,137,113,21,66,106,69,19,76,56,91,111,81,100,52,70
455,417,217,78,508,105,227,140,170,214,382,531,845,327,262,282,358,847,493,53,260,516,293,181,326,138,327,230,253,606,715,1397,275,413,103,509,459,84,272,505,328,103,376,188,391,452,317,508,189,288
174,126,56,31,154,37,140,23,45,55,116,164,287,96,76,99,107,288,168,24,85,144,91,67,100,42,126,78,82,184,230,437,90,133,44,154,146,39,68,151,95,28,117,49,128,141,80,163,54,99
189,142,66,30,171,40,170,45,20,76,115,193,316,93,77,98,110,326,168,14,100,168,102,70,120,44,112,91,81,187,242,477,97,151,49,154,148,32,81,178,114,28,130,62,129,144,130,187,75,119
239,177,107,26,209,44,214,55,76,47,149,197,388,142,123,127,163,382,199,25,127,192,134,71,136,63,143,82,94,257,308,546,111,210,40,208,203,31,101,224,144,40,150,60,188,196,136,227,69,121
436,384,182,53,463,88,382,116,115,149,182,482,783,251,244,258,320,767,426,47,264,389,265,168,292,129,305,208,198,554,644,1168,232,392,105,432,409,80,209,436,273,85,357,143,353,408,287,452,184,290
579,486,204,79,573,129,531,164,193,197,482,317,1027,378,268,318,389,1054,557,80,306,569,294,216,350,147,380,245,275,724,839,1589,300,525,123,655,508,96,258,598,378,116,410,214,421,552,339,598,202,362
805,803,336,135,1009,192,845,287,316,388,783,1027,836,556,469,546,635,1520,926,106,499,977,529,362,560,208,613,409,461,1145,1348,2621,518,892,208,981,839,148,481,1002,642,191,653,341,706,822,593,1001,346,589
368,282,126,72,349,91,327,96,93,142,251,378,556,106,176,182,250,540,321,51,170,330,214,127,208,85,223,147,166,408,470,859,172,301,62,361,356,47,173,319,235,68,241,129,256,291,193,336,119,222
325,225,93,50,289,69,262,76,77,123,244,268,469,176,57,125,191,445,258,37,156,267,153,104,149,74,172,111,132,323,395,744,138,266,61,273,246,46,143,308,174,66,245,108,226,246,165,294,79,176
340,238,118,53,298,77,282,99,98,127,258,318,546,182,125,76,227,524,278,39,154,282,169,124,183,79,173,119,130,343,441,854,159,304,66,288,301,37,163,324,183,60,252,122,244,291,166,304,99,208
385,281,115,62,336,85,358,107,110,163,320,389,635,250,191,227,132,677,365,48,203,397,237,152,244,96,253,186,197,458,524,1055,196,363,73,382,332,56,166,353,252,76,303,123,329,350,262,369,139,259
830,821,341,132,975,198,847,288,326,382,767,1054,1520,540,445,524,677,835,977,117,465,977,531,375,583,222,624,433,482,1184,1410,2515,500,882,188,998,858,155,467,997,632,179,675,357,729,864,578,992,325,610
510,455,195,88,472,114,493,168,168,199,426,557,926,321,258,278,365,977,277,66,270,499,284,196,347,134,335,242,241,647,775,1456,276,504,103,557,491,77,265,540,349,124,396,195,407,506,297,540,188,340
82,42,19,8,67,10,53,24,14,25,47,80,106,51,37,39,48,117,66,2,35,58,35,19,39,17,31,28,33,78,99,207,34,53,13,77,53,9,37,72,42,11,52,29,42,70,44,73,24,40
319,249,115,55,305,69,260,85,100,127,264,306,499,170,156,154,203,465,270,35,64,283,161,112,200,67,209,143,134,300,372,801,151,246,61,286,280,49,157,268,182,52,203,96,234,253,174,297,116,196
522,442,208,89,506,102,516,144,168,192,389,569,977,330,267,282,397,977,499,58,283,276,345,196,365,140,367,239,259,643,731,1521,274,486,123,549,511,84,267,533,357,98,421,220,424,487,335,491,201,333
350,267,136,54,290,62,293,91,102,134,265,294,529,214,153,169,237,531,284,35,161,345,84,133,172,81,178,149,145,370,440,849,149,290,56,318,294,47,148,286,195,62,246,99,232,258,190,313,97,183
210,175,72,38,189,43,181,67,70,71,168,216,362,127,104,124,152,375,196,19,112,196,133,34,108,61,148,101,100,248,317,551,113,190,50,199,189,35,102,180,115,47,147,90,140,200,129,210,74,125
348,297,122,65,334,78,326,100,120,136,292,350,560,208,149,183,244,583,347,39,200,365,172,108,95,92,214,148,156,382,521,957,163,320,83,329,330,40,168,352,219,59,255,137,244,313,230,350,116,209
153,123,51,16,128,26,138,42,44,63,129,147,208,85,74,79,96,222,134,17,67,140,81,61,92,13,77,50,54,144,186,362,75,115,28,131,132,17,64,143,91,29,111,40,109,101,89,150,63,81
381,314,131,44,358,67,327,126,112,143,305,380,613,223,172,173,253,624,335,31,209,367,178,148,214,77,109,150,163,411,510,974,180,320,79,307,303,55,197,367,236,73,251,141,271,295,206,381,130,212
282,202,90,42,269,63,230,78,91,82,208,245,409,147,111,119,186,433,242,28,143,239,149,101,148,50,150,62,108,280,336,646,117,229,68,246,208,41,133,233,160,49,195,74,175,221,149,247,85,150
313,219,113,43,242,67,253,82,81,94,198,275,461,166,132,130,197,482,241,33,134,259,145,100,156,54,163,108,60,283,405,733,151,242,59,252,239,30,145,289,170,66,214,87,186,232,162,283,93,164
616,515,239,99,648,149,606,184,187,257,554,724,1145,408,323,343,458,1184,647,78,300,643,370,248,382,144,411,280,283,396,953,1790,322,599,124,646,555,83,317,702,408,120,512,270,483,605,389,686,241,402
696,653,319,127,755,169,715,230,242,308,644,839,1348,470,395,441,524,1410,775,99,372,731,440,317,521,186,510,336,405,953,559,2142,410,727,195,832,693,124,373,788,500,144,576,292,605,730,496,761,274,498
1276,1295,595,225,1429,321,1397,437,477,546,1168,1589,2621,859,744,854,1055,2515,1456,207,801,1521,849,551,957,362,974,646,733,1790,2142,2012,771,1335,324,1597,1295,236,741,1562,1020,305,995,541,1150,1303,959,1441,515,962
249,251,117,44,267,60,275,90,97,111,232,300,518,172,138,159,196,500,276,34,151,274,149,113,163,75,180,117,151,322,410,771,73,281,73,294,253,46,146,263,189,60,193,110,205,248,178,258,109,199
502,370,201,91,503,110,413,133,151,210,392,525,892,301,266,304,363,882,504,53,246,486,290,190,320,115,320,229,242,599,727,1335,281,235,94,505,479,75,234,489,312,90,379,158,380,427,317,495,166,304
103,105,36,12,117,23,103,44,49,40,105,123,208,62,61,66,73,188,103,13,61,123,56,50,83,28,79,68,59,124,195,324,73,94,10,115,113,28,51,139,83,24,70,62,95,101,67,115,47,75
578,472,176,94,508,137,509,154,154,208,432,655,981,361,273,288,382,998,557,77,286,549,318,199,329,131,307,246,252,646,832,1597,294,505,115,283,494,83,246,562,353,100,422,165,414,517,313,563,212,370
468,401,205,90,499,113,459,146,148,203,409,508,839,356,246,301,332,858,491,53,280,511,294,189,330,132,303,208,239,555,693,1295,253,479,113,494,228,78,228,495,307,95,358,164,360,443,311,482,176,338
67,76,33,23,84,21,84,39,32,31,80,96,148,47,46,37,56,155,77,9,49,84,47,35,40,17,55,41,30,83,124,236,46,75,28,83,78,8,41,98,64,13,67,39,53,71,55,99,31,63
240,227,94,58,250,66,272,68,81,101,209,258,481,173,143,163,166,467,265,37,157,267,148,102,168,64,197,133,145,317,373,741,146,234,51,246,228,41,49,256,176,46,190,108,228,218,142,244,89,157
480,463,208,86,510,106,505,151,178,224,436,598,1002,319,308,324,353,997,540,72,268,533,286,180,352,143,367,233,289,702,788,1562,263,489,139,562,495,98,256,302,340,115,394,219,390,504,360,547,232,313
298,296,133,49,319,69,328,95,114,144,273,378,642,235,174,183,252,632,349,42,182,357,195,115,219,91,236,160,170,408,500,1020,189,312,83,353,307,64,176,340,117,79,264,125,247,326,180,387,148,212
109,78,44,23,88,19,103,28,28,40,85,116,191,68,66,60,76,179,124,11,52,98,62,47,59,29,73,49,66,120,144,305,60,90,24,100,95,13,46,115,79,10,86,36,93,112,69,96,41,66
352,322,176,61,416,76,376,117,130,150,357,410,653,241,245,252,303,675,396,52,203,421,246,147,255,111,251,195,214,512,576,995,193,379,70,422,358,67,190,394,264,86,152,161,329,386,249,422,124,267
183,175,77,35,212,56,188,49,62,60,143,214,341,129,108,122,123,357,195,29,96,220,99,90,137,40,141,74,87,270,292,541,110,158,62,165,164,39,108,219,125,36,161,28,145,191,126,196,71,122
433,363,166,73,411,91,391,128,129,188,353,421,706,256,226,244,329,729,407,42,234,424,232,140,244,109,271,175,186,483,605,1150,205,380,95,414,360,53,228,390,247,93,329,145,171,380,275,423,126,274
424,408,170,84,461,111,452,141,144,196,408,552,822,291,246,291,350,864,506,70,253,487,258,200,313,101,295,221,232,605,730,1303,248,427,101,517,443,71,218,504,326,112,386,191,380,207,300,507,162,309
346,299,136,57,329,81,317,80,130,136,287,339,593,193,165,166,262,578,297,44,174,335,190,129,230,89,206,149,162,389,496,959,178,317,67,313,311,55,142,360,180,69,249,126,275,300,106,341,122,231
458,445,230,86,522,100,508,163,187,227,452,598,1001,336,294,304,369,992,540,73,297,491,313,210,350,150,381,247,283,686,761,1441,258,495,115,563,482,99,244,547,387,96,422,196,423,507,341,252,187,338
164,174,87,21,189,52,189,54,75,69,184,202,346,119,79,99,139,325,188,24,116,201,97,74,116,63,130,85,93,241,274,515,109,166,47,212,176,31,89,232,148,41,124,71,126,162,122,187,39,118
444,288,138,56,319,70,288,99,119,121,290,362,589,222,176,208,259,610,340,40,196,333,183,125,209,81,212,150,164,402,498,962,199,304,75,370,338,63,157,313,212,66,267,122,274,309,231,338,118,105
