256,446,214,89,495,109,462,187,153,271,434,492,801,402,337,351,356,782,488,58,316,485,321,214,385,158,376,284,319,593,672,1129,259,456,106,493,474,74,228,495,319,102,395,179,433,401,349,511,169,385
446,177,164,75,450,91,411,135,142,173,398,492,807,287,214,247,306,813,486,62,250,459,260,158,267,104,272,193,213,541,669,1217,216,408,103,460,391,62,205,489,317,97,348,164,354,414,311,462,167,309
214,164,36,34,173,40,176,68,65,77,160,206,360,116,102,114,146,355,188,24,119,194,118,76,133,42,116,94,93,252,311,528,118,175,47,206,163,35,93,208,135,32,146,61,166,185,119,201,73,118
89,75,34,3,87,18,94,30,24,34,59,84,153,61,42,73,58,166,78,12,52,69,53,37,68,19,55,47,45,111,112,211,47,80,9,80,69,15,47,94,67,9,72,35,77,70,61,97,30,46
495,450,173,87,276,106,501,158,163,210,448,537,919,312,276,307,365,888,543,87,277,537,301,223,327,140,335,247,258,638,768,1394,255,474,111,542,481,89,262,559,338,116,368,184,396,457,350,530,189,346
109,91,40,18,106,13,112,28,38,52,112,111,197,80,55,72,78,191,115,13,63,112,63,45,79,34,82,46,56,150,165,248,56,104,17,122,88,12,48,112,85,23,86,48,88,105,77,119,32,77
462,411,176,94,501,112,247,140,158,211,389,467,873,297,263,313,310,911,448,52,253,431,289,167,313,120,337,218,235,671,711,1321,257,417,113,537,412,83,239,512,318,87,379,163,366,452,320,510,183,310
187,135,68,30,158,28,140,18,49,71,128,191,288,100,82,88,121,275,179,19,84,171,109,88,102,48,114,77,82,197,258,435,82,124,38,152,170,36,70,166,101,38,123,51,136,153,95,159,51,122
153,142,65,24,163,38,158,49,25,61,125,173,302,102,97,107,117,298,160,19,90,169,102,69,109,42,100,71,81,224,234,445,76,152,42,178,160,30,90,170,113,29,126,55,138,166,106,175,52,105
271,173,77,34,210,52,211,71,61,43,167,225,364,143,106,113,126,395,201,21,105,192,129,79,136,49,130,111,113,225,332,553,100,195,49,193,185,33,102,213,129,40,173,93,179,156,135,210,75,154
434,398,160,59,448,112,389,128,125,167,172,464,699,252,218,255,277,733,389,47,247,404,258,163,273,122,283,221,226,506,627,1124,231,404,111,429,371,76,226,444,268,86,276,165,317,371,237,422,144,294
492,492,206,84,537,111,467,191,173,225,464,315,995,343,304,301,413,1003,572,83,295,555,351,202,347,139,384,241,261,714,853,1552,310,503,125,567,518,108,293,557,367,130,424,187,406,528,345,567,197,359
801,807,360,153,919,197,873,288,302,364,699,995,787,579,471,512,649,1410,912,108,521,915,527,374,587,218,632,393,469,1152,1359,2425,459,842,196,1012,848,164,432,980,577,164,671,354,709,827,596,938,312,626
402,287,116,61,312,80,297,100,102,143,252,343,579,110,208,199,233,622,313,32,170,331,211,136,194,92,224,159,181,343,489,888,186,320,74,368,315,49,158,311,194,74,297,118,262,293,213,365,126,220
337,214,102,42,276,55,263,82,97,106,218,304,471,208,69,134,208,450,275,28,147,310,167,120,175,60,174,126,147,297,416,750,142,232,75,278,260,48,155,259,158,47,207,86,226,226,172,277,101,166
351,247,114,73,307,72,313,88,107,113,255,301,512,199,134,78,227,516,317,34,170,304,154,113,185,65,209,137,154,360,442,806,143,304,71,312,297,41,168,307,172,52,244,108,218,275,201,309,110,183
356,306,146,58,365,78,310,121,117,126,277,413,649,233,208,227,123,633,359,42,202,376,197,121,231,93,246,177,184,440,572,1044,188,322,64,390,327,64,180,417,217,81,306,158,287,319,223,377,128,224
782,813,355,166,888,191,911,275,298,395,733,1003,1410,622,450,516,633,802,923,122,515,934,513,362,598,205,606,426,438,1117,1368,2425,455,820,207,964,839,142,465,968,569,175,649,319,703,808,565,889,325,611
488,486,188,78,543,115,448,179,160,201,389,572,912,313,275,317,359,923,271,50,296,490,271,203,357,132,345,259,277,647,774,1398,253,451,90,531,460,89,265,558,331,104,401,212,386,434,311,532,153,309
58,62,24,12,87,13,52,19,19,21,47,83,108,32,28,34,42,122,50,5,29,59,26,20,27,12,40,30,22,72,102,166,33,48,14,56,62,10,41,76,51,12,46,28,48,67,37,67,25,36
316,250,119,52,277,63,253,84,90,105,247,295,521,170,147,170,202,515,296,29,79,254,145,116,166,66,178,128,129,322,439,790,160,248,58,280,240,36,113,273,191,50,224,114,220,252,166,336,90,204
485,459,194,69,537,112,431,171,169,192,404,555,915,331,310,304,376,934,490,59,254,269,313,210,338,136,353,221,278,625,786,1430,301,441,117,539,438,82,248,570,355,117,385,190,417,440,352,518,189,330
321,260,118,53,301,63,289,109,102,129,258,351,527,211,167,154,197,513,271,26,145,313,108,146,208,62,202,139,140,379,481,867,185,285,68,286,275,52,163,313,192,55,215,113,254,281,192,307,120,218
214,158,76,37,223,45,167,88,69,79,163,202,374,136,120,113,121,362,203,20,116,210,146,41,153,65,143,79,107,269,306,548,101,187,50,210,174,22,94,219,122,47,162,73,177,169,148,184,76,150
385,267,133,68,327,79,313,102,109,136,273,347,587,194,175,185,231,598,357,27,166,338,208,153,95,73,182,115,159,417,486,899,171,315,88,340,307,59,160,335,217,65,257,126,257,343,203,341,139,235
158,104,42,19,140,34,120,48,42,49,122,139,218,92,60,65,93,205,132,12,66,136,62,65,73,17,58,53,56,166,184,336,69,110,25,128,119,23,73,147,81,25,117,62,107,117,81,125,45,86
376,272,116,55,335,82,337,114,100,130,283,384,632,224,174,209,246,606,345,40,178,353,202,143,182,58,76,130,148,461,528,944,198,300,69,356,309,49,187,385,224,65,281,138,262,332,215,349,119,248
284,193,94,47,247,46,218,77,71,111,221,241,393,159,126,137,177,426,259,30,128,221,139,79,115,53,130,65,105,276,355,666,139,211,58,261,213,44,128,248,161,40,184,83,170,232,148,254,92,184
319,213,93,45,258,56,235,82,81,113,226,261,469,181,147,154,184,438,277,22,129,278,140,107,159,56,148,105,57,304,392,711,136,238,63,254,247,45,131,259,134,46,194,88,201,241,145,254,92,178
593,541,252,111,638,150,671,197,224,225,506,714,1152,343,297,360,440,1117,647,72,322,625,379,269,417,166,461,276,304,405,976,1792,301,562,149,687,623,100,328,729,428,135,482,257,495,578,391,695,262,412
672,669,311,112,768,165,711,258,234,332,627,853,1359,489,416,442,572,1368,774,102,439,786,481,306,486,184,528,355,392,976,563,2048,410,693,171,826,657,124,396,840,459,150,579,275,645,721,482,827,263,467
1129,1217,528,211,1394,248,1321,435,445,553,1124,1552,2425,888,750,806,1044,2425,1398,166,790,1430,867,548,899,336,944,666,711,1792,2048,1890,734,1245,312,1536,1260,239,656,1442,889,286,1049,534,1137,1270,887,1387,516,912
259,216,118,47,255,56,257,82,76,100,231,310,459,186,142,143,188,455,253,33,160,301,185,101,171,69,198,139,136,301,410,734,75,262,79,322,258,39,128,283,166,60,188,92,245,248,165,280,103,184
456,408,175,80,474,104,417,124,152,195,404,503,842,320,232,304,322,820,451,48,248,441,285,187,315,110,300,211,238,562,693,1245,262,220,94,507,429,88,221,484,318,85,354,175,360,452,289,480,162,314
106,103,47,9,111,17,113,38,42,49,111,125,196,74,75,71,64,207,90,14,58,117,68,50,88,25,69,58,63,149,171,312,79,94,15,112,119,19,60,136,83,31,82,41,109,114,76,114,41,91
493,460,206,80,542,122,537,152,178,193,429,567,1012,368,278,312,390,964,531,56,280,539,286,210,340,128,356,261,254,687,826,1536,322,507,112,281,554,91,247,586,342,102,397,204,424,466,308,559,202,322
474,391,163,69,481,88,412,170,160,185,371,518,848,315,260,297,327,839,460,62,240,438,275,174,307,119,309,213,247,623,657,1260,258,429,119,554,204,88,256,483,300,108,346,175,386,429,298,500,172,307
74,62,35,15,89,12,83,36,30,33,76,108,164,49,48,41,64,142,89,10,36,82,52,22,59,23,49,44,45,100,124,239,39,88,19,91,88,8,39,95,60,15,61,34,62,85,48,72,34,65
228,205,93,47,262,48,239,70,90,102,226,293,432,158,155,168,180,465,265,41,113,248,163,94,160,73,187,128,131,328,396,656,128,221,60,247,256,39,53,264,161,54,201,90,198,229,146,279,90,175
495,489,208,94,559,112,512,166,170,213,444,557,980,311,259,307,417,968,558,76,273,570,313,219,335,147,385,248,259,729,840,1442,283,484,136,586,483,95,264,298,369,116,399,193,416,498,337,516,165,371
319,317,135,67,338,85,318,101,113,129,268,367,577,194,158,172,217,569,331,51,191,355,192,122,217,81,224,161,134,428,459,889,166,318,83,342,300,60,161,369,99,69,233,121,258,308,219,324,127,225
102,97,32,9,116,23,87,38,29,40,86,130,164,74,47,52,81,175,104,12,50,117,55,47,65,25,65,40,46,135,150,286,60,85,31,102,108,15,54,116,69,8,98,40,69,76,63,113,39,63
395,348,146,72,368,86,379,123,126,173,276,424,671,297,207,244,306,649,401,46,224,385,215,162,257,117,281,184,194,482,579,1049,188,354,82,397,346,61,201,399,233,98,139,161,293,348,227,396,130,245
179,164,61,35,184,48,163,51,55,93,165,187,354,118,86,108,158,319,212,28,114,190,113,73,126,62,138,83,88,257,275,534,92,175,41,204,175,34,90,193,121,40,161,38,140,183,109,195,66,115
433,354,166,77,396,88,366,136,138,179,317,406,709,262,226,218,287,703,386,48,220,417,254,177,257,107,262,170,201,495,645,1137,245,360,109,424,386,62,198,416,258,69,293,140,168,391,266,412,151,305
401,414,185,70,457,105,452,153,166,156,371,528,827,293,226,275,319,808,434,67,252,440,281,169,343,117,332,232,241,578,721,1270,248,452,114,466,429,85,229,498,308,76,348,183,391,186,311,485,184,313
349,311,119,61,350,77,320,95,106,135,237,345,596,213,172,201,223,565,311,37,166,352,192,148,203,81,215,148,145,391,482,887,165,289,76,308,298,48,146,337,219,63,227,109,266,311,115,349,121,219
511,462,201,97,530,119,510,159,175,210,422,567,938,365,277,309,377,889,532,67,336,518,307,184,341,125,349,254,254,695,827,1387,280,480,114,559,500,72,279,516,324,113,396,195,412,485,349,300,174,359
169,167,73,30,189,32,183,51,52,75,144,197,312,126,101,110,128,325,153,25,90,189,120,76,139,45,119,92,92,262,263,516,103,162,41,202,172,34,90,165,127,39,130,66,151,184,121,174,37,115
385,309,118,46,346,77,310,122,105,154,294,359,626,220,166,183,224,611,309,36,204,330,218,150,235,86,248,184,178,412,467,912,184,314,91,322,307,65,175,371,225,63,245,115,305,313,219,359,115,110
