255,452,212,83,473,113,457,164,158,248,474,518,755,351,317,351,357,813,503,83,321,543,323,196,375,150,367,302,311,603,719,1217,225,494,105,528,425,86,243,456,315,98,352,166,444,415,302,477,165,351
452,184,153,73,456,99,428,124,136,177,368,474,784,280,212,246,329,771,419,43,231,450,254,175,275,110,323,196,223,574,645,1171,217,407,101,458,417,67,222,484,282,90,340,145,339,421,268,451,164,270
212,153,38,39,202,47,186,59,59,92,164,216,365,132,88,100,143,380,203,22,113,211,117,82,138,39,114,99,113,251,254,557,101,191,56,205,187,26,107,210,136,40,141,73,148,178,139,189,89,148
83,73,39,1,81,17,69,27,27,37,74,89,139,62,46,57,66,131,73,11,45,82,55,28,59,33,63,49,47,82,111,171,42,73,14,102,70,17,44,74,38,15,53,32,61,59,52,70,33,66
473,456,202,81,246,116,479,131,160,201,434,577,941,307,299,317,366,936,500,60,307,516,322,187,357,152,353,240,276,615,765,1433,296,464,126,528,498,75,248,588,337,87,405,181,402,481,328,496,202,366
113,99,47,17,116,14,112,30,42,50,110,114,163,82,62,72,84,178,107,13,66,98,53,44,71,37,79,67,55,140,164,264,51,112,19,139,86,20,56,110,50,18,71,34,89,101,77,106,28,78
457,428,186,69,479,112,215,136,180,194,390,525,817,299,233,284,340,795,490,78,281,485,266,193,299,141,376,239,234,592,691,1274,257,475,112,562,427,84,230,471,321,106,360,182,366,427,310,463,152,314
164,124,59,27,131,30,136,20,67,72,141,156,276,100,87,79,110,282,160,24,95,171,76,53,104,44,113,64,85,198,228,442,85,164,33,147,140,23,71,169,93,32,128,70,131,150,81,162,72,106
158,136,59,27,160,42,180,67,29,65,153,184,294,108,89,102,117,280,147,18,91,147,93,66,115,44,120,77,103,186,225,440,89,149,33,154,164,25,96,185,114,33,107,78,149,146,102,164,70,106
248,177,92,37,201,50,194,72,65,45,163,215,380,136,104,121,156,368,226,25,109,227,120,78,125,46,124,87,109,249,312,554,110,194,44,236,193,33,117,224,131,36,162,72,169,192,139,190,89,148
474,368,164,74,434,110,390,141,153,163,177,433,773,283,210,219,308,748,436,48,256,456,264,165,288,102,291,218,227,567,640,1181,233,399,104,443,402,67,227,386,251,89,316,143,328,392,289,432,164,290
518,474,216,89,577,114,525,156,184,215,433,262,960,389,301,328,400,977,579,73,295,566,305,220,349,140,364,288,272,646,814,1555,309,475,125,606,501,87,281,593,378,90,447,211,441,507,379,578,207,405
755,784,365,139,941,163,817,276,294,380,773,960,732,630,490,553,658,1356,848,122,507,876,572,373,576,254,631,419,406,1106,1278,2301,450,859,202,947,853,150,463,914,565,173,690,350,718,799,606,935,304,598
351,280,132,62,307,82,299,100,108,136,283,389,630,94,185,177,236,566,337,44,187,327,191,131,223,84,215,147,156,385,475,944,180,330,77,330,319,58,170,322,226,69,257,108,242,300,209,335,131,228
317,212,88,46,299,62,233,87,89,104,210,301,490,185,66,136,230,461,279,32,140,269,150,111,175,76,190,115,141,338,382,702,143,276,54,288,243,40,152,248,165,50,189,96,199,240,179,261,96,185
351,246,100,57,317,72,284,79,102,121,219,328,553,177,136,73,204,525,285,27,149,309,161,121,185,67,176,133,133,375,433,782,153,293,74,304,274,46,162,306,189,54,218,99,243,284,204,300,124,205
357,329,143,66,366,84,340,110,117,156,308,400,658,236,230,204,120,657,396,51,210,407,227,140,255,91,244,166,207,466,550,970,214,331,91,373,359,72,198,373,235,60,274,141,299,319,221,346,162,252
813,771,380,131,936,178,795,282,280,368,748,977,1356,566,461,525,657,782,924,133,511,910,543,345,623,247,632,444,421,1106,1308,2303,456,852,198,987,855,150,444,915,576,192,647,321,690,823,592,887,316,607
503,419,203,73,500,107,490,160,147,226,436,579,848,337,279,285,396,924,259,68,294,479,276,204,346,139,353,241,255,635,765,1369,277,442,140,560,497,79,242,533,361,90,375,165,410,450,304,550,171,355
83,43,22,11,60,13,78,24,18,25,48,73,122,44,32,27,51,133,68,3,29,70,38,23,35,15,42,29,37,79,91,198,28,60,18,73,70,10,30,71,41,13,38,16,49,54,38,72,34,42
321,231,113,45,307,66,281,95,91,109,256,295,507,187,140,149,210,511,294,29,65,297,149,109,180,79,209,144,152,350,446,780,145,250,74,293,254,57,147,332,207,57,220,113,244,267,175,310,107,179
543,450,211,82,516,98,485,171,147,227,456,566,876,327,269,309,407,910,479,70,297,279,285,199,338,140,365,255,288,638,779,1395,272,470,116,545,478,89,257,535,329,107,414,207,406,487,331,513,188,373
323,254,117,55,322,53,266,76,93,120,264,305,572,191,150,161,227,543,276,38,149,285,98,97,186,76,182,134,178,368,440,793,170,281,76,329,263,50,145,306,193,48,235,113,212,318,194,312,117,219
196,175,82,28,187,44,193,53,66,78,165,220,373,131,111,121,140,345,204,23,109,199,97,44,122,45,138,94,109,239,268,564,103,193,53,224,189,31,93,207,137,48,150,84,142,183,119,203,71,133
375,275,138,59,357,71,299,104,115,125,288,349,576,223,175,185,255,623,346,35,180,338,186,122,106,81,214,145,175,410,531,982,188,286,62,353,277,52,170,358,213,70,248,109,254,318,187,317,127,214
150,110,39,33,152,37,141,44,44,46,102,140,254,84,76,67,91,247,139,15,79,140,76,45,81,17,73,52,68,156,216,346,57,126,35,137,129,12,81,111,83,30,79,47,93,114,90,124,47,86
367,323,114,63,353,79,376,113,120,124,291,364,631,215,190,176,244,632,353,42,209,365,182,138,214,73,109,151,155,458,524,985,172,334,83,355,352,55,187,375,212,79,251,120,245,337,223,375,137,214
302,196,99,49,240,67,239,64,77,87,218,288,419,147,115,133,166,444,241,29,144,255,134,94,145,52,151,56,106,266,362,656,135,202,61,260,221,47,105,265,152,50,173,102,189,228,153,254,83,161
311,223,113,47,276,55,234,85,103,109,227,272,406,156,141,133,207,421,255,37,152,288,178,109,175,68,155,106,78,323,382,708,121,232,56,237,224,38,126,297,199,38,172,96,220,211,144,262,103,169
603,574,251,82,615,140,592,198,186,249,567,646,1106,385,338,375,466,1106,635,79,350,638,368,239,410,156,458,266,323,392,890,1806,349,567,135,675,598,105,309,700,411,138,482,227,497,612,397,636,232,375
719,645,254,111,765,164,691,228,225,312,640,814,1278,475,382,433,550,1308,765,91,446,779,440,268,531,216,524,362,382,890,558,1988,398,691,180,814,695,119,362,754,492,141,576,269,616,669,485,760,295,524
1217,1171,557,171,1433,264,1274,442,440,554,1181,1555,2301,944,702,782,970,2303,1369,198,780,1395,793,564,982,346,985,656,708,1806,1988,1827,682,1238,308,1485,1292,231,723,1434,949,281,999,541,1151,1239,879,1379,478,949
225,217,101,42,296,51,257,85,89,110,233,309,450,180,143,153,214,456,277,28,145,272,170,103,188,57,172,135,121,349,398,682,76,239,47,288,253,51,154,280,172,57,209,109,199,257,183,256,100,177
494,407,191,73,464,112,475,164,149,194,399,475,859,330,276,293,331,852,442,60,250,470,281,193,286,126,334,202,232,567,691,1238,239,209,92,500,426,86,253,505,308,92,327,167,390,409,330,445,167,342
105,101,56,14,126,19,112,33,33,44,104,125,202,77,54,74,91,198,140,18,74,116,76,53,62,35,83,61,56,135,180,308,47,92,12,111,107,19,62,118,85,21,103,39,81,100,70,116,49,75
528,458,205,102,528,139,562,147,154,236,443,606,947,330,288,304,373,987,560,73,293,545,329,224,353,137,355,260,237,675,814,1485,288,500,111,307,485,94,277,598,370,107,397,207,415,456,328,558,209,363
425,417,187,70,498,86,427,140,164,193,402,501,853,319,243,274,359,855,497,70,254,478,263,189,277,129,352,221,224,598,695,1292,253,426,107,485,233,70,263,485,292,102,362,172,371,421,307,470,190,318
86,67,26,17,75,20,84,23,25,33,67,87,150,58,40,46,72,150,79,10,57,89,50,31,52,12,55,47,38,105,119,231,51,86,19,94,70,6,46,101,44,9,61,31,64,90,50,86,29,57
243,222,107,44,248,56,230,71,96,117,227,281,463,170,152,162,198,444,242,30,147,257,145,93,170,81,187,105,126,309,362,723,154,253,62,277,263,46,66,260,144,48,196,105,218,238,144,287,100,183
456,484,210,74,588,110,471,169,185,224,386,593,914,322,248,306,373,915,533,71,332,535,306,207,358,111,375,265,297,700,754,1434,280,505,118,598,485,101,260,275,324,105,404,189,445,488,357,511,178,334
315,282,136,38,337,50,321,93,114,131,251,378,565,226,165,189,235,576,361,41,207,329,193,137,213,83,212,152,199,411,492,949,172,308,85,370,292,44,144,324,103,72,239,126,270,295,223,335,110,216
98,90,40,15,87,18,106,32,33,36,89,90,173,69,50,54,60,192,90,13,57,107,48,48,70,30,79,50,38,138,141,281,57,92,21,107,102,9,48,105,72,11,79,43,82,92,52,131,28,60
352,340,141,53,405,71,360,128,107,162,316,447,690,257,189,218,274,647,375,38,220,414,235,150,248,79,251,173,172,482,576,999,209,327,103,397,362,61,196,404,239,79,134,140,328,356,251,408,137,259
166,145,73,32,181,34,182,70,78,72,143,211,350,108,96,99,141,321,165,16,113,207,113,84,109,47,120,102,96,227,269,541,109,167,39,207,172,31,105,189,126,43,140,37,156,179,102,190,82,123
444,339,148,61,402,89,366,131,149,169,328,441,718,242,199,243,299,690,410,49,244,406,212,142,254,93,245,189,220,497,616,1151,199,390,81,415,371,64,218,445,270,82,328,156,141,367,241,395,129,273
415,421,178,59,481,101,427,150,146,192,392,507,799,300,240,284,319,823,450,54,267,487,318,183,318,114,337,228,211,612,669,1239,257,409,100,456,421,90,238,488,295,92,356,179,367,194,286,479,162,318
302,268,139,52,328,77,310,81,102,139,289,379,606,209,179,204,221,592,304,38,175,331,194,119,187,90,223,153,144,397,485,879,183,330,70,328,307,50,144,357,223,52,251,102,241,286,91,301,143,203
477,451,189,70,496,106,463,162,164,190,432,578,935,335,261,300,346,887,550,72,310,513,312,203,317,124,375,254,262,636,760,1379,256,445,116,558,470,86,287,511,335,131,408,190,395,479,301,267,161,369
165,164,89,33,202,28,152,72,70,89,164,207,304,131,96,124,162,316,171,34,107,188,117,71,127,47,137,83,103,232,295,478,100,167,49,209,190,29,100,178,110,28,137,82,129,162,143,161,33,121
351,270,148,66,366,78,314,106,106,148,290,405,598,228,185,205,252,607,355,42,179,373,219,133,214,86,214,161,169,375,524,949,177,342,75,363,318,57,183,334,216,60,259,123,273,318,203,369,121,107
