258,438,236,99,555,104,483,188,175,251,457,513,851,371,308,352,359,823,542,80,350,515,351,181,375,147,363,298,325,609,703,1209,260,500,94,542,501,74,248,419,312,99,362,197,472,399,353,508,180,375
438,177,169,79,458,111,417,118,128,175,370,448,761,272,245,242,325,784,467,49,219,487,241,181,270,94,285,197,224,581,636,1149,214,433,106,429,391,74,181,471,285,83,358,163,308,388,247,454,152,298
236,169,43,29,203,45,177,55,69,76,169,216,380,140,106,118,166,397,187,23,110,212,126,94,136,44,130,85,89,236,305,561,112,181,36,199,190,32,93,222,120,33,155,74,164,190,99,200,71,137
99,79,29,5,89,13,72,31,33,36,73,98,142,52,45,55,58,139,92,12,43,84,53,36,62,37,73,27,57,124,139,200,47,78,16,74,84,14,45,93,58,17,69,36,71,66,44,84,29,67
555,458,203,89,258,128,518,164,154,205,411,581,979,301,280,289,365,902,557,59,297,533,290,205,351,127,355,224,256,664,760,1383,272,453,110,547,473,89,265,540,347,115,419,184,401,455,299,535,183,377
104,111,45,13,128,10,100,36,44,44,96,126,202,60,66,77,72,205,104,16,68,116,57,42,88,33,98,43,57,146,179,298,58,114,26,118,96,19,54,118,82,24,84,43,91,103,75,117,31,86
483,417,177,72,518,100,236,163,163,219,427,563,903,284,252,270,343,850,547,62,269,514,276,211,330,131,371,218,259,642,795,1333,219,476,98,500,423,75,242,562,330,104,380,190,379,413,305,513,157,361
188,118,55,31,164,36,163,27,57,61,133,169,242,95,61,79,121,286,158,26,85,159,99,60,97,45,111,77,64,181,219,416,78,132,35,155,116,21,70,157,81,27,133,55,118,127,89,154,58,125
175,128,69,33,154,44,163,57,29,77,151,199,316,100,77,87,118,297,162,22,91,152,95,55,91,34,105,70,93,191,240,469,92,149,36,177,160,32,100,162,97,43,143,58,120,156,97,182,56,109
251,175,76,36,205,44,219,61,77,46,173,215,352,132,112,123,162,364,209,26,123,208,137,86,138,45,139,98,123,271,333,571,105,181,39,203,198,29,98,217,137,31,145,69,152,187,137,225,77,132
457,370,169,73,411,96,427,133,151,173,171,459,762,252,227,251,329,747,429,65,230,411,244,170,311,112,290,210,206,543,669,1169,227,428,105,482,378,68,233,431,270,84,315,139,320,404,262,448,154,283
513,448,216,98,581,126,563,169,199,215,459,301,1041,376,302,331,390,1068,556,73,303,577,318,224,338,141,335,265,278,733,901,1593,307,510,132,580,532,101,278,613,366,103,443,221,443,534,364,571,221,374
851,761,380,142,979,202,903,242,316,352,762,1041,845,589,474,529,670,1490,921,107,480,895,502,343,540,222,577,423,442,1150,1374,2400,481,887,213,990,803,157,487,961,626,188,716,345,701,861,568,907,325,643
371,272,140,52,301,60,284,95,100,132,252,376,589,108,179,199,229,571,311,33,174,296,186,129,200,79,214,137,174,405,503,902,161,304,72,311,317,45,154,352,184,65,265,153,275,306,172,333,123,217
308,245,106,45,280,66,252,61,77,112,227,302,474,179,55,118,213,463,273,30,117,282,162,105,181,57,174,122,150,303,389,769,138,255,57,288,261,45,133,267,162,46,201,94,215,268,152,273,99,179
352,242,118,55,289,77,270,79,87,123,251,331,529,199,118,72,230,534,283,33,143,309,172,118,181,64,176,138,157,385,452,849,146,296,60,305,283,48,124,310,185,37,229,97,218,284,173,300,103,200
359,325,166,58,365,72,343,121,118,162,329,390,670,229,213,230,134,691,370,49,199,391,212,118,246,91,240,178,179,481,531,971,206,351,79,373,347,48,195,362,228,68,274,135,293,342,235,358,134,241
823,784,397,139,902,205,850,286,297,364,747,1068,1490,571,463,534,691,793,935,105,503,894,491,381,559,205,593,413,445,1115,1386,2396,482,875,208,1044,813,144,496,943,587,192,695,352,697,821,551,953,312,595
542,467,187,92,557,104,547,158,162,209,429,556,921,311,273,283,370,935,259,67,259,503,305,192,331,129,352,248,279,665,759,1392,287,489,109,549,453,65,269,531,366,114,415,198,433,487,353,572,203,334
80,49,23,12,59,16,62,26,22,26,65,73,107,33,30,33,49,105,67,2,29,53,20,21,32,14,32,30,32,74,90,181,34,48,15,77,71,11,49,74,43,15,58,31,50,74,40,67,30,37
350,219,110,43,297,68,269,85,91,123,230,303,480,174,117,143,199,503,259,29,75,265,139,90,195,70,175,110,125,338,448,786,128,272,67,276,239,39,142,290,188,49,227,86,200,265,168,256,106,186
515,487,212,84,533,116,514,159,152,208,411,577,895,296,282,309,391,894,503,53,265,297,314,220,330,143,346,242,274,677,781,1402,292,481,116,557,478,78,267,549,341,101,418,197,431,490,305,529,191,323
351,241,126,53,290,57,276,99,95,137,244,318,502,186,162,172,212,491,305,20,139,314,88,111,202,73,192,118,140,342,430,784,145,275,72,283,293,49,153,320,209,69,218,111,224,245,189,326,109,192
181,181,94,36,205,42,211,60,55,86,170,224,343,129,105,118,118,381,192,21,90,220,111,47,131,55,125,103,120,267,295,524,95,212,49,190,189,46,86,237,162,50,172,90,181,186,122,228,72,136
375,270,136,62,351,88,330,97,91,138,311,338,540,200,181,181,246,559,331,32,195,330,202,131,96,90,208,178,173,381,509,952,176,292,65,363,338,49,159,359,206,75,272,126,260,308,205,353,108,216
147,94,44,37,127,33,131,45,34,45,112,141,222,79,57,64,91,205,129,14,70,143,73,55,90,21,70,65,59,153,183,354,62,129,29,133,130,24,59,115,78,25,92,48,100,122,72,123,53,81
363,285,130,73,355,98,371,111,105,139,290,335,577,214,174,176,240,593,352,32,175,346,192,125,208,70,101,183,169,427,484,975,176,337,74,343,305,60,166,352,211,69,269,129,249,307,184,360,135,213
298,197,85,27,224,43,218,77,70,98,210,265,423,137,122,138,178,413,248,30,110,242,118,103,178,65,183,64,107,278,358,662,117,209,60,247,208,39,131,252,162,65,187,72,205,207,161,260,104,179
325,224,89,57,256,57,259,64,93,123,206,278,442,174,150,157,179,445,279,32,125,274,140,120,173,59,169,107,54,285,379,727,123,255,57,276,240,45,117,287,146,46,212,83,203,252,155,287,98,200
609,581,236,124,664,146,642,181,191,271,543,733,1150,405,303,385,481,1115,665,74,338,677,342,267,381,153,427,278,285,398,970,1860,330,621,134,689,567,87,346,720,421,132,498,248,481,587,399,633,250,422
703,636,305,139,760,179,795,219,240,333,669,901,1374,503,389,452,531,1386,759,90,448,781,430,295,509,183,484,358,379,970,549,2092,396,696,192,802,696,124,405,783,535,159,551,247,618,768,500,788,269,474
1209,1149,561,200,1383,298,1333,416,469,571,1169,1593,2400,902,769,849,971,2396,1392,181,786,1402,784,524,952,354,975,662,727,1860,2092,1930,742,1300,323,1575,1308,252,692,1514,954,303,1027,544,1085,1288,872,1473,503,929
260,214,112,47,272,58,219,78,92,105,227,307,481,161,138,146,206,482,287,34,128,292,145,95,176,62,176,117,123,330,396,742,70,263,62,307,272,48,134,269,179,52,203,104,207,258,167,252,111,190
500,433,181,78,453,114,476,132,149,181,428,510,887,304,255,296,351,875,489,48,272,481,275,212,292,129,337,209,255,621,696,1300,263,223,98,495,432,87,237,534,313,108,369,181,391,436,280,482,187,307
94,106,36,16,110,26,98,35,36,39,105,132,213,72,57,60,79,208,109,15,67,116,72,49,65,29,74,60,57,134,192,323,62,98,8,117,114,17,52,118,73,18,83,42,82,106,66,107,41,77
542,429,199,74,547,118,500,155,177,203,482,580,990,311,288,305,373,1044,549,77,276,557,283,190,363,133,343,247,276,689,802,1575,307,495,117,275,502,99,277,579,349,107,419,205,454,505,329,616,203,350
501,391,190,84,473,96,423,116,160,198,378,532,803,317,261,283,347,813,453,71,239,478,293,189,338,130,305,208,240,567,696,1308,272,432,114,502,232,92,242,505,325,89,338,182,387,413,294,501,179,321
74,74,32,14,89,19,75,21,32,29,68,101,157,45,45,48,48,144,65,11,39,78,49,46,49,24,60,39,45,87,124,252,48,87,17,99,92,6,35,79,51,15,66,37,74,80,62,97,36,43
248,181,93,45,265,54,242,70,100,98,233,278,487,154,133,124,195,496,269,49,142,267,153,86,159,59,166,131,117,346,405,692,134,237,52,277,242,35,69,258,148,47,188,106,202,241,147,268,108,164
419,471,222,93,540,118,562,157,162,217,431,613,961,352,267,310,362,943,531,74,290,549,320,237,359,115,352,252,287,720,783,1514,269,534,118,579,505,79,258,295,390,118,408,227,458,502,300,546,168,364
312,285,120,58,347,82,330,81,97,137,270,366,626,184,162,185,228,587,366,43,188,341,209,162,206,78,211,162,146,421,535,954,179,313,73,349,325,51,148,390,112,53,270,118,267,309,191,342,129,222
99,83,33,17,115,24,104,27,43,31,84,103,188,65,46,37,68,192,114,15,49,101,69,50,75,25,69,65,46,132,159,303,52,108,18,107,89,15,47,118,53,7,69,35,85,92,52,114,41,66
362,358,155,69,419,84,380,133,143,145,315,443,716,265,201,229,274,695,415,58,227,418,218,172,272,92,269,187,212,498,551,1027,203,369,83,419,338,66,188,408,270,69,146,156,313,352,254,389,153,264
197,163,74,36,184,43,190,55,58,69,139,221,345,153,94,97,135,352,198,31,86,197,111,90,126,48,129,72,83,248,247,544,104,181,42,205,182,37,106,227,118,35,156,33,164,172,127,191,74,136
472,308,164,71,401,91,379,118,120,152,320,443,701,275,215,218,293,697,433,50,200,431,224,181,260,100,249,205,203,481,618,1085,207,391,82,454,387,74,202,458,267,85,313,164,161,356,222,431,137,274
399,388,190,66,455,103,413,127,156,187,404,534,861,306,268,284,342,821,487,74,265,490,245,186,308,122,307,207,252,587,768,1288,258,436,106,505,413,80,241,502,309,92,352,172,356,214,280,459,158,333
353,247,99,44,299,75,305,89,97,137,262,364,568,172,152,173,235,551,353,40,168,305,189,122,205,72,184,161,155,399,500,872,167,280,66,329,294,62,147,300,191,52,254,127,222,280,93,311,118,205
508,454,200,84,535,117,513,154,182,225,448,571,907,333,273,300,358,953,572,67,256,529,326,228,353,123,360,260,287,633,788,1473,252,482,107,616,501,97,268,546,342,114,389,191,431,459,311,274,178,346
180,152,71,29,183,31,157,58,56,77,154,221,325,123,99,103,134,312,203,30,106,191,109,72,108,53,135,104,98,250,269,503,111,187,41,203,179,36,108,168,129,41,153,74,137,158,118,178,29,120
375,298,137,67,377,86,361,125,109,132,283,374,643,217,179,200,241,595,334,37,186,323,192,136,216,81,213,179,200,422,474,929,190,307,77,350,321,43,164,364,222,66,264,136,274,333,205,346,120,101
