257,449,218,84,531,119,485,158,176,254,458,517,818,388,315,330,375,820,507,93,331,519,338,194,380,142,378,277,291,633,680,1184,234,499,119,513,485,97,229,483,315,129,355,180,420,417,332,538,171,376
449,198,185,83,449,113,432,145,149,191,384,509,788,267,223,236,288,760,442,67,236,425,259,177,318,102,322,203,244,534,688,1300,247,414,109,427,407,65,217,496,297,74,315,168,364,406,297,460,185,317
218,185,44,43,200,43,194,51,66,91,159,213,378,128,102,98,136,380,230,34,132,215,129,73,131,53,141,98,89,242,328,564,124,213,49,199,187,37,94,230,144,45,159,77,148,201,114,211,76,124
84,83,43,7,92,17,75,28,30,36,68,105,156,64,55,54,67,121,81,10,58,77,53,32,46,18,61,47,44,121,130,221,37,90,21,90,93,15,40,87,55,20,64,33,66,79,52,85,28,63
531,449,200,92,240,124,460,123,138,187,426,565,928,342,272,286,354,927,520,49,270,525,294,215,324,148,323,249,253,635,745,1400,297,486,111,552,487,67,247,527,340,90,406,191,432,468,310,533,201,364
119,113,43,17,124,9,110,34,42,58,97,124,193,80,62,66,80,191,109,14,79,108,66,52,57,32,85,51,58,156,154,283,62,106,26,135,109,16,44,118,66,28,77,39,88,112,71,105,33,76
485,432,194,75,460,110,249,153,152,185,422,536,812,300,248,283,313,852,462,67,298,460,294,210,334,136,360,221,262,627,740,1357,279,425,126,517,450,85,228,551,308,89,341,172,392,448,317,486,181,312
158,145,51,28,123,34,153,21,39,68,148,167,278,121,77,78,116,280,159,13,79,160,82,60,106,50,106,86,78,184,220,414,71,131,33,160,130,27,70,175,99,28,114,57,123,135,90,160,62,109
176,149,66,30,138,42,152,39,27,70,155,180,296,98,81,86,115,294,160,19,102,154,88,73,93,40,106,82,68,211,268,463,81,157,38,185,154,29,77,183,101,34,139,50,138,173,107,201,58,109
254,191,91,36,187,58,185,68,70,40,179,211,397,135,111,112,161,388,189,21,113,213,129,79,146,49,131,101,117,258,310,547,104,198,60,217,203,42,113,207,118,37,159,81,170,190,150,204,96,163
458,384,159,68,426,97,422,148,155,179,175,473,752,306,231,253,356,763,423,55,215,453,275,174,281,118,285,203,243,560,662,1135,232,418,95,466,404,71,210,430,260,90,340,169,355,384,283,430,177,286
517,509,213,105,565,124,536,167,180,211,473,322,1052,348,277,296,387,1021,559,69,333,569,330,226,376,144,410,260,281,714,858,1564,323,517,123,575,491,88,274,635,405,135,444,235,429,543,340,524,228,373
818,788,378,156,928,193,812,278,296,397,752,1052,823,545,489,510,611,1465,882,108,497,915,528,336,604,232,611,414,486,1136,1391,2552,483,867,184,936,806,164,461,1003,630,206,716,370,722,894,620,928,309,609
388,267,128,64,342,80,300,121,98,135,306,348,545,96,175,184,238,537,313,47,196,327,185,138,213,85,210,164,163,388,473,878,169,332,86,356,340,64,174,320,189,56,259,112,266,317,203,334,132,216
315,223,102,55,272,62,248,77,81,111,231,277,489,175,70,126,202,513,273,41,155,300,154,108,174,70,166,116,125,338,364,731,128,258,67,276,260,41,147,285,160,67,192,100,215,238,170,275,107,168
330,236,98,54,286,66,283,78,86,112,253,296,510,184,126,73,226,534,319,40,141,320,160,104,191,70,183,126,135,366,398,816,151,281,77,295,281,42,137,343,176,77,224,97,210,282,181,313,102,191
375,288,136,67,354,80,313,116,115,161,356,387,611,238,202,226,128,634,381,50,212,384,221,148,251,85,238,154,173,440,558,1026,191,336,70,411,335,64,158,400,220,75,275,124,292,356,214,392,114,230
820,760,380,121,927,191,852,280,294,388,763,1021,1465,537,513,534,634,785,879,104,486,912,522,367,611,242,631,392,472,1158,1393,2557,462,848,212,966,836,149,462,976,614,193,661,362,727,837,593,939,335,601
507,442,230,81,520,109,462,159,160,189,423,559,882,313,273,319,381,879,267,61,284,509,285,187,315,119,350,232,258,630,776,1434,277,486,110,574,496,78,277,571,328,96,376,204,409,498,291,548,174,336
93,67,34,10,49,14,67,13,19,21,55,69,108,47,41,40,50,104,61,2,42,59,38,27,31,15,44,25,36,70,97,182,35,62,21,67,64,10,33,76,41,18,40,26,44,65,31,60,23,54
331,236,132,58,270,79,298,79,102,113,215,333,497,196,155,141,212,486,284,42,77,291,149,104,190,69,170,125,126,328,402,776,164,285,56,281,271,45,115,261,166,46,208,100,226,253,178,330,120,182
519,425,215,77,525,108,460,160,154,213,453,569,915,327,300,320,384,912,509,59,291,269,299,190,327,132,353,233,250,643,738,1427,280,513,111,558,472,76,246,569,331,104,406,191,404,526,318,551,165,339
338,259,129,53,294,66,294,82,88,129,275,330,528,185,154,160,221,522,285,38,149,299,74,115,195,78,187,116,158,344,439,809,155,256,67,301,299,42,147,320,204,61,245,111,217,297,190,303,111,202
194,177,73,32,215,52,210,60,73,79,174,226,336,138,108,104,148,367,187,27,104,190,115,41,150,59,140,106,99,279,290,601,116,201,43,219,191,36,87,201,130,27,151,74,154,187,136,224,78,130
380,318,131,46,324,57,334,106,93,146,281,376,604,213,174,191,251,611,315,31,190,327,195,150,122,82,205,153,159,419,489,983,197,310,70,343,316,60,179,356,207,66,266,142,277,317,219,358,135,225
142,102,53,18,148,32,136,50,40,49,118,144,232,85,70,70,85,242,119,15,69,132,78,59,82,12,70,51,62,159,208,367,84,129,38,120,121,12,61,130,82,18,116,45,103,112,82,138,55,89
378,322,141,61,323,85,360,106,106,131,285,410,611,210,166,183,238,631,350,44,170,353,187,140,205,70,112,154,177,435,525,1026,196,320,97,346,350,50,154,357,209,59,282,116,272,302,204,367,147,218
277,203,98,47,249,51,221,86,82,101,203,260,414,164,116,126,154,392,232,25,125,233,116,106,153,51,154,42,125,282,338,666,134,220,39,241,240,33,108,255,158,46,163,101,181,204,165,258,104,152
291,244,89,44,253,58,262,78,68,117,243,281,486,163,125,135,173,472,258,36,126,250,158,99,159,62,177,125,57,320,382,700,139,267,60,250,251,46,119,272,169,55,205,107,202,219,149,248,92,175
633,534,242,121,635,156,627,184,211,258,560,714,1136,388,338,366,440,1158,630,70,328,643,344,279,419,159,435,282,320,394,1018,1816,361,594,137,671,625,106,298,698,422,150,489,232,496,566,381,713,220,420
680,688,328,130,745,154,740,220,268,310,662,858,1391,473,364,398,558,1393,776,97,402,738,439,290,489,208,525,338,382,1018,557,2106,389,705,185,796,691,131,368,825,487,159,562,288,551,711,455,756,268,498
1184,1300,564,221,1400,283,1357,414,463,547,1135,1564,2552,878,731,816,1026,2557,1434,182,776,1427,809,601,983,367,1026,666,700,1816,2106,2038,726,1265,337,1601,1304,286,699,1482,950,284,1069,507,1153,1322,890,1393,489,903
234,247,124,37,297,62,279,71,81,104,232,323,483,169,128,151,191,462,277,35,164,280,155,116,197,84,196,134,139,361,389,726,58,244,63,293,252,62,147,298,197,63,209,102,205,233,171,265,104,178
499,414,213,90,486,106,425,131,157,198,418,517,867,332,258,281,336,848,486,62,285,513,256,201,310,129,320,220,267,594,705,1265,244,203,104,500,483,70,233,498,318,101,361,173,402,440,300,476,177,339
119,109,49,21,111,26,126,33,38,60,95,123,184,86,67,77,70,212,110,21,56,111,67,43,70,38,97,39,60,137,185,337,63,104,12,123,104,17,43,117,82,15,74,46,91,124,61,108,41,79
513,427,199,90,552,135,517,160,185,217,466,575,936,356,276,295,411,966,574,67,281,558,301,219,343,120,346,241,250,671,796,1601,293,500,123,316,523,90,272,568,325,105,389,185,449,528,329,560,207,367
485,407,187,93,487,109,450,130,154,203,404,491,806,340,260,281,335,836,496,64,271,472,299,191,316,121,350,240,251,625,691,1304,252,483,104,523,234,74,222,500,293,100,361,166,375,442,316,472,175,314
97,65,37,15,67,16,85,27,29,42,71,88,164,64,41,42,64,149,78,10,45,76,42,36,60,12,50,33,46,106,131,286,62,70,17,90,74,5,44,87,60,11,66,38,63,84,56,87,30,68
229,217,94,40,247,44,228,70,77,113,210,274,461,174,147,137,158,462,277,33,115,246,147,87,179,61,154,108,119,298,368,699,147,233,43,272,222,44,60,274,187,47,191,99,187,215,172,237,99,167
483,496,230,87,527,118,551,175,183,207,430,635,1003,320,285,343,400,976,571,76,261,569,320,201,356,130,357,255,272,698,825,1482,298,498,117,568,500,87,274,274,341,115,399,219,442,518,346,572,197,384
315,297,144,55,340,66,308,99,101,118,260,405,630,189,160,176,220,614,328,41,166,331,204,130,207,82,209,158,169,422,487,950,197,318,82,325,293,60,187,341,101,62,278,132,264,294,187,354,129,224
129,74,45,20,90,28,89,28,34,37,90,135,206,56,67,77,75,193,96,18,46,104,61,27,66,18,59,46,55,150,159,284,63,101,15,105,100,11,47,115,62,12,77,36,81,99,74,100,38,74
355,315,159,64,406,77,341,114,139,159,340,444,716,259,192,224,275,661,376,40,208,406,245,151,266,116,282,163,205,489,562,1069,209,361,74,389,361,66,191,399,278,77,145,140,291,349,241,364,126,254
180,168,77,33,191,39,172,57,50,81,169,235,370,112,100,97,124,362,204,26,100,191,111,74,142,45,116,101,107,232,288,507,102,173,46,185,166,38,99,219,132,36,140,31,149,182,125,198,75,129
420,364,148,66,432,88,392,123,138,170,355,429,722,266,215,210,292,727,409,44,226,404,217,154,277,103,272,181,202,496,551,1153,205,402,91,449,375,63,187,442,264,81,291,149,169,381,237,427,157,251
417,406,201,79,468,112,448,135,173,190,384,543,894,317,238,282,356,837,498,65,253,526,297,187,317,112,302,204,219,566,711,1322,233,440,124,528,442,84,215,518,294,99,349,182,381,197,299,466,161,290
332,297,114,52,310,71,317,90,107,150,283,340,620,203,170,181,214,593,291,31,178,318,190,136,219,82,204,165,149,381,455,890,171,300,61,329,316,56,172,346,187,74,241,125,237,299,96,299,125,218
538,460,211,85,533,105,486,160,201,204,430,524,928,334,275,313,392,939,548,60,330,551,303,224,358,138,367,258,248,713,756,1393,265,476,108,560,472,87,237,572,354,100,364,198,427,466,299,249,171,352
171,185,76,28,201,33,181,62,58,96,177,228,309,132,107,102,114,335,174,23,120,165,111,78,135,55,147,104,92,220,268,489,104,177,41,207,175,30,99,197,129,38,126,75,157,161,125,171,29,103
376,317,124,63,364,76,312,109,109,163,286,373,609,216,168,191,230,601,336,54,182,339,202,130,225,89,218,152,175,420,498,903,178,339,79,367,314,68,167,384,224,74,254,129,251,290,218,352,103,103
