258,449,205,96,462,110,483,167,174,227,436,469,812,376,325,335,360,782,505,69,310,483,323,197,364,175,361,293,287,571,721,1147,214,448,100,479,449,78,249,443,313,105,353,171,410,422,347,473,147,364
449,171,158,77,451,101,413,111,135,182,369,480,754,290,230,234,299,765,411,60,204,435,280,184,263,91,277,200,203,539,587,1146,231,445,97,454,391,86,218,435,287,101,334,160,331,431,267,413,155,298
205,158,32,37,212,45,194,66,71,92,180,194,332,136,108,103,142,357,215,33,106,205,113,76,120,42,127,97,106,238,300,573,116,183,36,200,172,41,94,223,149,43,149,72,157,216,123,217,78,157
96,77,37,10,76,20,84,20,37,41,77,90,145,69,35,45,68,129,90,15,63,81,60,34,42,34,68,35,52,117,110,233,47,84,18,89,80,9,31,79,60,29,59,36,63,80,57,75,31,53
462,451,212,76,267,108,518,171,166,232,436,548,852,344,275,296,389,898,535,71,284,531,305,203,307,131,334,247,253,643,744,1332,272,477,117,557,450,85,271,554,344,113,361,192,411,451,316,533,196,374
110,101,45,20,108,13,88,28,41,49,97,118,186,74,56,64,79,179,109,17,74,102,74,48,61,36,81,61,84,153,146,296,62,120,19,110,97,21,43,109,81,27,84,39,92,110,62,93,31,84
483,413,194,84,518,88,231,174,163,209,426,513,873,336,258,291,389,809,517,57,299,516,296,186,319,121,330,211,270,596,707,1274,227,436,98,530,422,87,253,498,305,116,370,173,438,432,290,497,175,348
167,111,66,20,171,28,174,19,49,71,146,165,267,99,84,82,106,274,187,17,80,157,93,65,99,34,86,76,74,187,230,462,69,137,31,180,130,25,70,172,99,31,117,54,136,131,99,153,61,111
174,135,71,37,166,41,163,49,22,69,139,199,312,138,79,86,120,300,171,23,94,186,94,68,111,41,107,81,86,187,254,469,80,156,48,164,143,31,87,187,114,29,121,54,135,164,104,193,67,108
227,182,92,41,232,49,209,71,69,58,189,202,412,138,109,113,155,395,234,25,115,263,127,80,130,55,138,110,90,248,325,586,139,205,50,230,191,39,110,226,129,47,160,83,174,195,131,214,81,158
436,369,180,77,436,97,426,146,139,189,178,475,772,293,228,274,303,782,415,45,228,439,286,162,278,110,296,235,209,517,629,1158,233,395,97,464,407,58,242,458,271,91,312,159,344,362,262,444,150,305
469,480,194,90,548,118,513,165,199,202,475,302,981,360,290,331,405,956,547,63,286,557,331,212,372,137,367,239,276,703,844,1486,288,527,120,589,514,77,279,583,354,117,425,217,415,481,332,570,193,371
812,754,332,145,852,186,873,267,312,412,772,981,776,592,476,552,662,1405,912,103,565,921,535,352,592,227,602,427,438,1092,1353,2360,480,842,195,982,824,143,433,957,569,180,668,364,715,763,582,883,324,606
376,290,136,69,344,74,336,99,138,138,293,360,592,117,197,207,269,553,335,34,168,321,173,141,202,74,200,148,160,378,469,924,179,297,76,363,292,45,175,352,227,72,256,121,269,308,200,347,129,233
325,230,108,35,275,56,258,84,79,109,228,290,476,197,62,132,183,446,260,42,139,285,160,124,159,70,176,133,136,323,420,780,133,239,57,268,232,45,138,290,190,57,226,99,223,270,170,271,100,162
335,234,103,45,296,64,291,82,86,113,274,331,552,207,132,85,171,531,281,39,148,318,174,119,181,67,192,147,140,374,446,899,170,290,62,267,266,58,152,345,198,67,243,123,243,286,192,308,113,179
360,299,142,68,389,79,389,106,120,155,303,405,662,269,183,171,116,631,364,50,203,403,224,137,250,85,240,157,189,460,570,930,191,315,83,341,346,80,164,398,209,77,282,133,299,340,246,376,137,267
782,765,357,129,898,179,809,274,300,395,782,956,1405,553,446,531,631,738,900,101,524,901,542,334,577,248,640,487,468,1067,1290,2354,478,853,201,979,816,154,416,965,586,192,661,340,723,842,564,873,308,564
505,411,215,90,535,109,517,187,171,234,415,547,912,335,260,281,364,900,257,72,285,498,320,207,310,117,325,231,255,624,791,1409,302,445,118,515,458,91,282,544,291,122,361,222,391,476,329,524,191,336
69,60,33,15,71,17,57,17,23,25,45,63,103,34,42,39,50,101,72,3,35,65,36,25,28,16,36,24,36,71,87,155,28,70,13,56,58,16,18,61,46,16,55,25,47,50,37,55,19,50
310,204,106,63,284,74,299,80,94,115,228,286,565,168,139,148,203,524,285,35,81,275,149,116,175,63,177,129,151,319,405,772,159,269,60,283,276,34,137,298,162,53,215,91,223,260,170,281,112,173
483,435,205,81,531,102,516,157,186,263,439,557,921,321,285,318,403,901,498,65,275,273,313,199,321,134,349,234,249,642,782,1441,275,473,124,524,486,97,252,563,335,106,407,197,414,466,349,515,175,395
323,280,113,60,305,74,296,93,94,127,286,331,535,173,160,174,224,542,320,36,149,313,87,124,177,82,186,142,148,365,475,865,160,261,60,296,277,49,140,321,206,64,247,121,239,296,201,297,126,219
197,184,76,34,203,48,186,65,68,80,162,212,352,141,124,119,137,334,207,25,116,199,124,36,140,46,120,81,100,262,281,540,114,185,43,209,178,33,102,198,155,44,144,70,166,168,128,217,78,150
364,263,120,42,307,61,319,99,111,130,278,372,592,202,159,181,250,577,310,28,175,321,177,140,97,91,220,142,143,429,478,914,177,282,88,359,300,49,178,323,211,62,249,123,270,291,205,355,126,211
175,91,42,34,131,36,121,34,41,55,110,137,227,74,70,67,85,248,117,16,63,134,82,46,91,21,80,62,57,159,173,350,68,115,29,138,125,26,69,134,92,22,109,49,115,109,91,134,65,86
361,277,127,68,334,81,330,86,107,138,296,367,602,200,176,192,240,640,325,36,177,349,186,120,220,80,101,162,146,434,481,928,170,313,70,328,308,61,182,347,225,54,277,114,262,311,214,350,141,225
293,200,97,35,247,61,211,76,81,110,235,239,427,148,133,147,157,487,231,24,129,234,142,81,142,62,162,51,118,271,345,688,137,193,61,244,224,35,134,255,155,57,183,84,186,217,145,237,74,170
287,203,106,52,253,84,270,74,86,90,209,276,438,160,136,140,189,468,255,36,151,249,148,100,143,57,146,118,40,303,362,722,130,249,52,277,269,46,124,282,180,50,208,101,199,242,137,282,94,175
571,539,238,117,643,153,596,187,187,248,517,703,1092,378,323,374,460,1067,624,71,319,642,365,262,429,159,434,271,303,400,971,1779,346,591,137,653,598,104,303,678,436,133,492,247,490,563,362,595,239,394
721,587,300,110,744,146,707,230,254,325,629,844,1353,469,420,446,570,1290,791,87,405,782,475,281,478,173,481,345,362,971,542,1974,397,701,170,776,680,112,387,801,507,170,610,298,576,639,494,807,291,514
1147,1146,573,233,1332,296,1274,462,469,586,1158,1486,2360,924,780,899,930,2354,1409,155,772,1441,865,540,914,350,928,688,722,1779,1974,1825,742,1323,296,1495,1285,226,706,1420,916,280,1073,533,1080,1211,883,1389,486,929
214,231,116,47,272,62,227,69,80,139,233,288,480,179,133,170,191,478,302,28,159,275,160,114,177,68,170,137,130,346,397,742,64,260,56,310,257,39,125,264,179,53,238,87,223,236,164,272,98,182
448,445,183,84,477,120,436,137,156,205,395,527,842,297,239,290,315,853,445,70,269,473,261,185,282,115,313,193,249,591,701,1323,260,212,111,437,427,88,224,507,327,98,351,153,358,428,289,497,162,328
100,97,36,18,117,19,98,31,48,50,97,120,195,76,57,62,83,201,118,13,60,124,60,43,88,29,70,61,52,137,170,296,56,111,12,120,112,22,67,120,70,18,92,43,80,106,70,131,34,68
479,454,200,89,557,110,530,180,164,230,464,589,982,363,268,267,341,979,515,56,283,524,296,209,359,138,328,244,277,653,776,1495,310,437,120,288,496,90,279,548,342,102,397,200,381,489,351,507,186,346
449,391,172,80,450,97,422,130,143,191,407,514,824,292,232,266,346,816,458,58,276,486,277,178,300,125,308,224,269,598,680,1285,257,427,112,496,214,92,216,501,310,92,332,185,372,396,299,524,168,331
78,86,41,9,85,21,87,25,31,39,58,77,143,45,45,58,80,154,91,16,34,97,49,33,49,26,61,35,46,104,112,226,39,88,22,90,92,13,49,105,58,9,58,32,63,73,49,91,40,61
249,218,94,31,271,43,253,70,87,110,242,279,433,175,138,152,164,416,282,18,137,252,140,102,178,69,182,134,124,303,387,706,125,224,67,279,216,49,64,293,158,50,187,95,213,250,131,262,98,171
443,435,223,79,554,109,498,172,187,226,458,583,957,352,290,345,398,965,544,61,298,563,321,198,323,134,347,255,282,678,801,1420,264,507,120,548,501,105,293,295,323,105,392,211,415,481,327,557,203,365
313,287,149,60,344,81,305,99,114,129,271,354,569,227,190,198,209,586,291,46,162,335,206,155,211,92,225,155,180,436,507,916,179,327,70,342,310,58,158,323,93,93,252,119,283,290,196,334,115,229
105,101,43,29,113,27,116,31,29,47,91,117,180,72,57,67,77,192,122,16,53,106,64,44,62,22,54,57,50,133,170,280,53,98,18,102,92,9,50,105,93,4,59,33,70,94,52,97,29,69
353,334,149,59,361,84,370,117,121,160,312,425,668,256,226,243,282,661,361,55,215,407,247,144,249,109,277,183,208,492,610,1073,238,351,92,397,332,58,187,392,252,59,146,139,308,370,244,403,155,243
171,160,72,36,192,39,173,54,54,83,159,217,364,121,99,123,133,340,222,25,91,197,121,70,123,49,114,84,101,247,298,533,87,153,43,200,185,32,95,211,119,33,139,40,143,153,102,191,78,132
410,331,157,63,411,92,438,136,135,174,344,415,715,269,223,243,299,723,391,47,223,414,239,166,270,115,262,186,199,490,576,1080,223,358,80,381,372,63,213,415,283,70,308,143,172,358,275,451,155,255
422,431,216,80,451,110,432,131,164,195,362,481,763,308,270,286,340,842,476,50,260,466,296,168,291,109,311,217,242,563,639,1211,236,428,106,489,396,73,250,481,290,94,370,153,358,211,271,525,163,324
347,267,123,57,316,62,290,99,104,131,262,332,582,200,170,192,246,564,329,37,170,349,201,128,205,91,214,145,137,362,494,883,164,289,70,351,299,49,131,327,196,52,244,102,275,271,111,292,116,219
473,413,217,75,533,93,497,153,193,214,444,570,883,347,271,308,376,873,524,55,281,515,297,217,355,134,350,237,282,595,807,1389,272,497,131,507,524,91,262,557,334,97,403,191,451,525,292,307,206,344
147,155,78,31,196,31,175,61,67,81,150,193,324,129,100,113,137,308,191,19,112,175,126,78,126,65,141,74,94,239,291,486,98,162,34,186,168,40,98,203,115,29,155,78,155,163,116,206,38,114
364,298,157,53,374,84,348,111,108,158,305,371,606,233,162,179,267,564,336,50,173,395,219,150,211,86,225,170,175,394,514,929,182,328,68,346,331,61,171,365,229,69,243,132,255,324,219,344,114,113
