256,467,201,79,486,110,456,184,170,261,454,487,803,368,310,323,347,823,488,66,291,521,320,206,366,159,379,282,304,585,643,1201,247,486,100,493,469,83,279,482,284,107,368,172,463,402,332,477,160,379
467,164,161,86,411,101,434,139,139,193,381,467,756,304,223,232,307,779,448,64,224,455,250,181,271,91,279,223,203,525,636,1256,256,429,103,466,413,65,217,450,261,92,340,144,343,386,264,437,173,299
201,161,45,43,199,50,200,48,60,107,188,236,372,119,121,122,151,354,198,26,99,207,119,62,137,47,133,92,98,267,303,552,116,192,55,189,187,40,91,209,148,42,151,64,155,164,130,223,74,147
79,86,43,6,77,21,76,28,34,30,66,94,171,53,51,61,71,160,67,12,56,86,52,28,54,22,54,30,46,100,116,229,53,75,20,100,87,15,43,87,51,16,63,32,73,66,61,84,36,61
486,411,199,77,237,117,501,145,169,223,411,524,874,312,254,288,358,913,515,79,300,518,287,236,333,145,399,231,288,643,793,1436,260,480,116,540,461,69,234,495,321,100,373,192,434,480,301,519,202,378
110,101,50,21,117,13,93,31,36,42,100,130,219,73,72,75,77,205,106,21,66,122,73,47,73,30,102,46,44,122,168,288,63,97,24,124,100,18,52,98,69,27,68,45,92,81,75,101,43,75
456,434,200,76,501,93,217,152,143,207,427,500,870,347,266,273,349,812,496,71,266,513,287,201,319,114,345,220,239,598,719,1320,266,431,106,519,448,79,217,515,309,112,352,172,391,479,310,480,173,328
184,139,48,28,145,31,152,17,55,76,132,170,281,108,71,74,97,287,147,27,73,164,90,61,104,43,114,69,61,206,212,446,79,162,39,156,135,15,71,162,94,31,118,58,111,142,90,145,69,116
170,139,60,34,169,36,143,55,16,61,133,152,279,110,86,80,121,323,159,24,87,153,107,77,125,40,107,66,75,213,238,474,81,162,47,176,162,30,84,169,108,28,140,51,134,149,103,162,68,104
261,193,107,30,223,42,207,76,61,45,158,239,384,158,115,132,173,391,207,27,128,216,139,85,134,51,134,109,106,258,311,609,112,187,44,234,197,38,124,213,127,42,162,83,169,179,148,207,86,173
454,381,188,66,411,100,427,132,133,158,175,497,782,266,228,265,353,755,465,58,252,446,265,164,272,104,282,208,213,507,658,1182,218,385,84,440,394,67,228,424,276,97,298,163,343,415,280,435,164,307
487,467,236,94,524,130,500,170,152,239,497,281,968,371,322,333,402,956,546,53,310,512,352,220,394,169,410,257,264,723,834,1555,305,539,113,550,523,95,254,555,333,104,398,208,453,519,359,526,202,414
803,756,372,171,874,219,870,281,279,384,782,968,858,579,482,508,635,1499,871,116,501,897,567,367,574,236,603,423,459,1174,1296,2387,473,847,205,941,871,164,416,940,562,209,668,349,749,824,562,967,345,538
368,304,119,53,312,73,347,108,110,158,266,371,579,103,180,188,240,553,329,59,182,345,213,151,214,92,241,153,165,350,483,957,182,295,82,320,302,60,168,356,202,82,270,129,266,280,192,349,127,238
310,223,121,51,254,72,266,71,86,115,228,322,482,180,73,151,196,501,273,32,138,269,135,96,168,72,180,148,132,330,412,742,131,249,61,286,285,37,120,293,163,57,227,100,213,228,170,291,114,177
323,232,122,61,288,75,273,74,80,132,265,333,508,188,151,79,203,516,311,36,161,305,177,118,194,66,195,148,127,322,448,853,152,250,67,298,302,39,122,288,179,56,241,108,240,249,199,305,117,184
347,307,151,71,358,77,349,97,121,173,353,402,635,240,196,203,123,650,370,38,202,393,210,170,249,95,254,166,187,466,550,1021,192,364,82,395,331,62,193,392,247,73,260,134,289,345,229,374,134,219
823,779,354,160,913,205,812,287,323,391,755,956,1499,553,501,516,650,793,889,108,486,919,571,350,605,209,599,428,457,1094,1327,2391,473,875,188,951,831,175,467,974,580,195,663,333,707,835,569,895,342,605
488,448,198,67,515,106,496,147,159,207,465,546,871,329,273,311,370,889,281,59,292,515,282,237,339,137,344,246,264,667,767,1383,281,454,119,541,487,74,252,535,333,94,380,187,417,466,309,515,182,333
66,64,26,12,79,21,71,27,24,27,58,53,116,59,32,36,38,108,59,4,37,52,37,30,41,24,52,29,36,65,100,164,48,42,17,64,74,7,37,68,50,11,53,18,51,44,38,55,26,51
291,224,99,56,300,66,266,73,87,128,252,310,501,182,138,161,202,486,292,37,70,283,164,120,178,54,167,102,145,338,415,744,134,272,65,263,258,64,135,272,172,57,217,95,214,251,165,293,119,203
521,455,207,86,518,122,513,164,153,216,446,512,897,345,269,305,393,919,515,52,283,272,328,218,346,152,346,236,280,641,734,1461,271,497,122,526,499,85,254,539,339,98,371,180,439,490,307,508,169,375
320,250,119,52,287,73,287,90,107,139,265,352,567,213,135,177,210,571,282,37,164,328,77,118,199,88,208,143,147,363,443,827,160,286,76,300,307,47,144,320,198,68,256,125,245,248,177,326,114,196
206,181,62,28,236,47,201,61,77,85,164,220,367,151,96,118,170,350,237,30,120,218,118,34,116,50,135,93,102,250,276,531,98,197,46,216,172,29,98,219,122,48,176,87,131,198,117,226,78,141
366,271,137,54,333,73,319,104,125,134,272,394,574,214,168,194,249,605,339,41,178,346,199,116,111,75,199,135,148,407,493,899,172,332,69,336,296,56,160,345,219,71,276,134,254,342,218,368,134,197
159,91,47,22,145,30,114,43,40,51,104,169,236,92,72,66,95,209,137,24,54,152,88,50,75,13,77,62,52,176,194,346,79,130,31,139,122,19,60,143,85,30,102,40,88,124,71,139,57,87
379,279,133,54,399,102,345,114,107,134,282,410,603,241,180,195,254,599,344,52,167,346,208,135,199,77,108,179,158,459,499,955,183,337,76,343,325,47,176,371,216,79,263,127,247,333,200,390,129,218
282,223,92,30,231,46,220,69,66,109,208,257,423,153,148,148,166,428,246,29,102,236,143,93,135,62,179,51,102,286,355,704,132,216,43,255,247,33,108,229,166,54,177,94,188,224,142,251,92,181
304,203,98,46,288,44,239,61,75,106,213,264,459,165,132,127,187,457,264,36,145,280,147,102,148,52,158,102,75,306,383,797,150,266,63,253,223,48,132,288,189,45,191,74,215,239,152,258,92,149
585,525,267,100,643,122,598,206,213,258,507,723,1174,350,330,322,466,1094,667,65,338,641,363,250,407,176,459,286,306,378,930,1766,332,558,131,636,558,106,324,670,409,139,459,251,479,549,394,625,235,444
643,636,303,116,793,168,719,212,238,311,658,834,1296,483,412,448,550,1327,767,100,415,734,443,276,493,194,499,355,383,930,545,2055,396,720,162,807,681,135,367,831,496,149,550,267,596,695,499,764,284,480
1201,1256,552,229,1436,288,1320,446,474,609,1182,1555,2387,957,742,853,1021,2391,1383,164,744,1461,827,531,899,346,955,704,797,1766,2055,1860,745,1363,316,1456,1332,243,718,1463,929,299,1025,541,1164,1269,914,1454,492,918
247,256,116,53,260,63,266,79,81,112,218,305,473,182,131,152,192,473,281,48,134,271,160,98,172,79,183,132,150,332,396,745,64,264,56,306,294,44,139,285,180,60,205,107,217,245,178,303,109,187
486,429,192,75,480,97,431,162,162,187,385,539,847,295,249,250,364,875,454,42,272,497,286,197,332,130,337,216,266,558,720,1363,264,201,99,527,452,72,235,472,296,102,355,197,415,410,283,446,180,348
100,103,55,20,116,24,106,39,47,44,84,113,205,82,61,67,82,188,119,17,65,122,76,46,69,31,76,43,63,131,162,316,56,99,14,130,115,13,59,120,58,20,80,53,107,109,64,129,53,81
493,466,189,100,540,124,519,156,176,234,440,550,941,320,286,298,395,951,541,64,263,526,300,216,336,139,343,255,253,636,807,1456,306,527,130,304,467,89,293,561,326,108,392,193,407,502,340,570,180,335
469,413,187,87,461,100,448,135,162,197,394,523,871,302,285,302,331,831,487,74,258,499,307,172,296,122,325,247,223,558,681,1332,294,452,115,467,222,73,227,466,309,106,334,183,375,431,300,452,186,322
83,65,40,15,69,18,79,15,30,38,67,95,164,60,37,39,62,175,74,7,64,85,47,29,56,19,47,33,48,106,135,243,44,72,13,89,73,7,33,89,45,15,66,34,67,84,42,86,29,56
279,217,91,43,234,52,217,71,84,124,228,254,416,168,120,122,193,467,252,37,135,254,144,98,160,60,176,108,132,324,367,718,139,235,59,293,227,33,59,251,139,49,181,95,192,221,146,255,97,170
482,450,209,87,495,98,515,162,169,213,424,555,940,356,293,288,392,974,535,68,272,539,320,219,345,143,371,229,288,670,831,1463,285,472,120,561,466,89,251,295,357,113,373,187,405,468,349,548,197,345
284,261,148,51,321,69,309,94,108,127,276,333,562,202,163,179,247,580,333,50,172,339,198,122,219,85,216,166,189,409,496,929,180,296,58,326,309,45,139,357,105,59,252,116,274,294,202,314,113,218
107,92,42,16,100,27,112,31,28,42,97,104,209,82,57,56,73,195,94,11,57,98,68,48,71,30,79,54,45,139,149,299,60,102,20,108,106,15,49,113,59,11,90,28,83,119,63,101,48,64
368,340,151,63,373,68,352,118,140,162,298,398,668,270,227,241,260,663,380,53,217,371,256,176,276,102,263,177,191,459,550,1025,205,355,80,392,334,66,181,373,252,90,141,145,314,315,264,366,146,259
172,144,64,32,192,45,172,58,51,83,163,208,349,129,100,108,134,333,187,18,95,180,125,87,134,40,127,94,74,251,267,541,107,197,53,193,183,34,95,187,116,28,145,30,143,145,111,189,77,133
463,343,155,73,434,92,391,111,134,169,343,453,749,266,213,240,289,707,417,51,214,439,245,131,254,88,247,188,215,479,596,1164,217,415,107,407,375,67,192,405,274,83,314,143,177,393,244,407,163,255
402,386,164,66,480,81,479,142,149,179,415,519,824,280,228,249,345,835,466,44,251,490,248,198,342,124,333,224,239,549,695,1269,245,410,109,502,431,84,221,468,294,119,315,145,393,195,302,486,171,289
332,264,130,61,301,75,310,90,103,148,280,359,562,192,170,199,229,569,309,38,165,307,177,117,218,71,200,142,152,394,499,914,178,283,64,340,300,42,146,349,202,63,264,111,244,302,95,337,112,231
477,437,223,84,519,101,480,145,162,207,435,526,967,349,291,305,374,895,515,55,293,508,326,226,368,139,390,251,258,625,764,1454,303,446,129,570,452,86,255,548,314,101,366,189,407,486,337,268,191,346
160,173,74,36,202,43,173,69,68,86,164,202,345,127,114,117,134,342,182,26,119,169,114,78,134,57,129,92,92,235,284,492,109,180,53,180,186,29,97,197,113,48,146,77,163,171,112,191,32,126
379,299,147,61,378,75,328,116,104,173,307,414,538,238,177,184,219,605,333,51,203,375,196,141,197,87,218,181,149,444,480,918,187,348,81,335,322,56,170,345,218,64,259,133,255,289,231,346,126,140
