269,458,219,89,476,103,465,195,176,229,433,570,847,372,335,323,388,856,519,78,339,517,351,199,349,148,380,265,290,630,736,1245,288,494,115,562,438,87,268,463,308,123,376,181,433,412,329,506,197,351
458,176,215,70,498,92,401,140,138,177,366,475,773,304,231,260,333,766,451,56,236,479,259,167,289,104,286,191,207,527,645,1273,240,415,97,455,402,76,209,427,279,100,357,159,348,435,313,446,156,289
219,215,35,44,193,48,205,63,64,73,138,240,352,109,111,97,147,358,200,25,98,202,131,77,135,68,154,89,94,246,345,576,129,181,44,170,209,27,95,212,126,44,158,74,176,180,102,212,75,135
89,70,44,2,87,16,67,22,24,43,78,88,135,54,49,62,69,151,81,14,66,89,44,30,63,24,59,35,47,118,117,225,34,74,19,91,71,17,43,89,54,11,72,34,73,66,59,76,29,61
476,498,193,87,302,124,460,154,159,213,452,585,938,324,266,304,380,953,507,68,277,501,295,216,330,134,333,244,250,658,785,1438,286,489,106,521,486,87,268,569,341,114,385,201,418,468,307,527,191,349
103,92,48,16,124,11,107,25,37,53,90,131,196,84,63,79,77,210,120,22,67,138,57,43,93,34,83,50,56,165,191,303,50,106,24,126,112,21,58,131,70,15,85,49,113,87,70,100,38,72
465,401,205,67,460,107,233,166,176,195,407,574,924,296,280,301,358,836,470,70,272,514,297,198,355,123,321,228,221,600,752,1362,265,456,108,526,461,102,271,508,304,85,388,174,394,447,304,486,174,334
195,140,63,22,154,25,166,20,47,77,137,164,268,97,74,86,98,257,137,13,92,147,90,66,96,41,95,73,70,192,208,392,82,131,33,157,126,25,74,145,112,38,101,68,121,143,112,154,60,104
176,138,64,24,159,37,176,47,26,69,142,174,281,95,85,82,133,286,182,16,87,170,114,69,123,59,120,77,74,191,266,492,105,172,42,185,157,30,93,181,107,28,131,58,141,150,102,156,79,97
229,177,73,43,213,53,195,77,69,28,154,244,351,142,110,109,137,345,195,26,129,202,121,56,125,55,134,84,104,272,323,546,105,171,51,219,190,34,96,198,131,47,134,81,175,190,131,207,80,139
433,366,138,78,452,90,407,137,142,154,179,486,797,312,219,244,298,774,419,68,278,452,285,178,301,109,303,206,226,599,655,1154,237,393,97,435,397,71,213,436,272,101,314,164,361,373,269,459,173,288
570,475,240,88,585,131,574,164,174,244,486,299,988,387,283,273,424,1001,559,67,344,598,327,220,357,137,388,250,276,736,875,1608,270,494,132,633,500,99,307,598,403,124,398,194,422,528,325,578,224,417
847,773,352,135,938,196,924,268,281,351,797,988,812,625,498,523,645,1462,888,121,494,960,507,341,585,226,594,420,456,1187,1443,2568,453,854,209,1001,819,156,447,977,619,159,698,335,722,836,549,901,344,658
372,304,109,54,324,84,296,97,95,142,312,387,625,123,179,195,255,590,347,30,166,358,213,139,204,74,236,149,153,345,485,909,194,326,76,341,322,67,182,356,188,88,242,110,278,296,195,336,130,226
335,231,111,49,266,63,280,74,85,110,219,283,498,179,77,137,192,488,279,35,157,298,169,100,164,62,183,139,161,303,391,725,145,271,59,277,265,32,145,277,166,70,223,94,227,229,175,259,90,184
323,260,97,62,304,79,301,86,82,109,244,273,523,195,137,78,198,536,294,39,158,306,180,115,164,66,181,145,141,313,444,848,161,306,76,291,259,45,132,288,183,73,227,95,235,239,199,280,121,177
388,333,147,69,380,77,358,98,133,137,298,424,645,255,192,198,136,689,381,43,195,379,218,147,239,92,251,168,168,454,585,1057,215,356,100,398,326,58,180,394,260,80,263,148,315,341,224,421,151,241
856,766,358,151,953,210,836,257,286,345,774,1001,1462,590,488,536,689,865,945,126,521,946,523,342,624,194,589,392,495,1169,1454,2545,514,851,202,1013,857,160,446,1015,597,184,698,327,719,861,598,950,346,625
519,451,200,81,507,120,470,137,182,195,419,559,888,347,279,294,381,945,261,61,313,471,307,207,331,145,343,233,248,613,751,1406,269,472,113,570,464,79,229,533,337,105,411,194,431,484,321,590,195,290
78,56,25,14,68,22,70,13,16,26,68,67,121,30,35,39,43,126,61,3,32,68,31,24,35,14,35,33,35,85,106,181,43,54,14,82,53,10,29,68,39,16,52,21,49,72,33,70,19,44
339,236,98,66,277,67,272,92,87,129,278,344,494,166,157,158,195,521,313,32,67,282,176,106,190,75,197,109,122,301,429,772,150,231,59,274,261,37,160,294,193,71,226,104,209,276,170,302,128,192
517,479,202,89,501,138,514,147,170,202,452,598,960,358,298,306,379,946,471,68,282,250,309,216,348,154,360,262,263,627,749,1401,289,470,105,538,481,97,257,546,345,112,401,217,424,506,338,552,183,341
351,259,131,44,295,57,297,90,114,121,285,327,507,213,169,180,218,523,307,31,176,309,87,121,175,56,199,146,140,345,431,855,183,276,59,319,291,49,149,335,184,68,244,114,221,273,164,307,110,206
199,167,77,30,216,43,198,66,69,56,178,220,341,139,100,115,147,342,207,24,106,216,121,26,137,53,134,102,108,259,299,603,121,181,44,208,181,42,97,201,119,45,161,76,153,200,133,226,78,129
349,289,135,63,330,93,355,96,123,125,301,357,585,204,164,164,239,624,331,35,190,348,175,137,116,82,219,159,173,400,492,955,170,332,60,321,327,59,187,383,205,52,298,142,268,309,210,365,128,204
148,104,68,24,134,34,123,41,59,55,109,137,226,74,62,66,92,194,145,14,75,154,56,53,82,16,71,65,59,133,191,327,64,112,32,122,120,16,58,137,77,19,101,57,94,111,85,138,36,78
380,286,154,59,333,83,321,95,120,134,303,388,594,236,183,181,251,589,343,35,197,360,199,134,219,71,110,148,157,390,538,921,196,313,80,338,332,58,177,358,209,72,277,128,278,329,204,363,128,226
265,191,89,35,244,50,228,73,77,84,206,250,420,149,139,145,168,392,233,33,109,262,146,102,159,65,148,61,138,270,379,664,125,224,52,241,234,44,104,263,132,39,177,80,210,199,144,221,91,154
290,207,94,47,250,56,221,70,74,104,226,276,456,153,161,141,168,495,248,35,122,263,140,108,173,59,157,138,57,295,391,738,157,240,52,257,222,38,110,279,142,40,195,100,205,245,165,286,86,172
630,527,246,118,658,165,600,192,191,272,599,736,1187,345,303,313,454,1169,613,85,301,627,345,259,400,133,390,270,295,379,994,1902,339,586,149,679,595,116,306,699,394,122,496,245,489,608,386,623,265,447
736,645,345,117,785,191,752,208,266,323,655,875,1443,485,391,444,585,1454,751,106,429,749,431,299,492,191,538,379,391,994,605,2188,427,711,175,857,754,126,379,853,515,152,583,319,610,711,485,785,297,539
1245,1273,576,225,1438,303,1362,392,492,546,1154,1608,2568,909,725,848,1057,2545,1406,181,772,1401,855,603,955,327,921,664,738,1902,2188,1983,765,1304,343,1503,1340,234,699,1616,987,276,1101,543,1093,1291,898,1396,532,956
288,240,129,34,286,50,265,82,105,105,237,270,453,194,145,161,215,514,269,43,150,289,183,121,170,64,196,125,157,339,427,765,63,243,71,302,252,32,144,308,180,53,229,113,227,287,173,291,96,203
494,415,181,74,489,106,456,131,172,171,393,494,854,326,271,306,356,851,472,54,231,470,276,181,332,112,313,224,240,586,711,1304,243,200,117,484,430,79,220,505,308,92,333,199,414,447,325,461,177,312
115,97,44,19,106,24,108,33,42,51,97,132,209,76,59,76,100,202,113,14,59,105,59,44,60,32,80,52,52,149,175,343,71,117,13,118,103,16,63,131,88,24,82,49,86,110,65,123,34,87
562,455,170,91,521,126,526,157,185,219,435,633,1001,341,277,291,398,1013,570,82,274,538,319,208,321,122,338,241,257,679,857,1503,302,484,118,283,472,77,259,554,322,114,404,194,414,501,328,602,206,368
438,402,209,71,486,112,461,126,157,190,397,500,819,322,265,259,326,857,464,53,261,481,291,181,327,120,332,234,222,595,754,1340,252,430,103,472,228,88,235,517,319,104,345,196,396,397,317,477,185,340
87,76,27,17,87,21,102,25,30,34,71,99,156,67,32,45,58,160,79,10,37,97,49,42,59,16,58,44,38,116,126,234,32,79,16,77,88,5,33,81,59,18,63,42,70,85,64,97,24,57
268,209,95,43,268,58,271,74,93,96,213,307,447,182,145,132,180,446,229,29,160,257,149,97,187,58,177,104,110,306,379,699,144,220,63,259,235,33,69,264,186,58,182,106,228,220,160,255,108,150
463,427,212,89,569,131,508,145,181,198,436,598,977,356,277,288,394,1015,533,68,294,546,335,201,383,137,358,263,279,699,853,1616,308,505,131,554,517,81,264,276,343,109,424,208,455,504,372,568,211,347
308,279,126,54,341,70,304,112,107,131,272,403,619,188,166,183,260,597,337,39,193,345,184,119,205,77,209,132,142,394,515,987,180,308,88,322,319,59,186,343,98,72,259,136,271,296,220,354,126,205
123,100,44,11,114,15,85,38,28,47,101,124,159,88,70,73,80,184,105,16,71,112,68,45,52,19,72,39,40,122,152,276,53,92,24,114,104,18,58,109,72,8,84,30,72,83,77,116,29,74
376,357,158,72,385,85,388,101,131,134,314,398,698,242,223,227,263,698,411,52,226,401,244,161,298,101,277,177,195,496,583,1101,229,333,82,404,345,63,182,424,259,84,141,143,325,332,233,405,138,236
181,159,74,34,201,49,174,68,58,81,164,194,335,110,94,95,148,327,194,21,104,217,114,76,142,57,128,80,100,245,319,543,113,199,49,194,196,42,106,208,136,30,143,30,153,192,121,200,82,128
433,348,176,73,418,113,394,121,141,175,361,422,722,278,227,235,315,719,431,49,209,424,221,153,268,94,278,210,205,489,610,1093,227,414,86,414,396,70,228,455,271,72,325,153,140,359,265,434,142,262
412,435,180,66,468,87,447,143,150,190,373,528,836,296,229,239,341,861,484,72,276,506,273,200,309,111,329,199,245,608,711,1291,287,447,110,501,397,85,220,504,296,83,332,192,359,249,287,434,185,294
329,313,102,59,307,70,304,112,102,131,269,325,549,195,175,199,224,598,321,33,170,338,164,133,210,85,204,144,165,386,485,898,173,325,65,328,317,64,160,372,220,77,233,121,265,287,99,343,113,195
506,446,212,76,527,100,486,154,156,207,459,578,901,336,259,280,421,950,590,70,302,552,307,226,365,138,363,221,286,623,785,1396,291,461,123,602,477,97,255,568,354,116,405,200,434,434,343,271,179,340
197,156,75,29,191,38,174,60,79,80,173,224,344,130,90,121,151,346,195,19,128,183,110,78,128,36,128,91,86,265,297,532,96,177,34,206,185,24,108,211,126,29,138,82,142,185,113,179,34,163
351,289,135,61,349,72,334,104,97,139,288,417,658,226,184,177,241,625,290,44,192,341,206,129,204,78,226,154,172,447,539,956,203,312,87,368,340,57,150,347,205,74,236,128,262,294,195,340,163,108
