237,475,188,81,513,107,443,187,155,227,452,519,825,365,307,356,375,820,486,68,291,524,345,200,377,154,373,288,299,589,665,1174,248,448,111,496,456,87,250,493,308,110,361,201,444,435,322,484,171,356
475,159,158,66,444,93,397,137,140,190,400,491,768,287,236,258,311,789,453,51,259,441,243,157,275,101,277,187,206,578,681,1207,226,408,103,485,398,78,222,447,258,86,336,167,333,409,291,456,162,307
188,158,38,30,205,52,193,57,72,84,187,205,332,139,91,118,121,337,202,31,118,197,100,71,131,55,141,99,97,287,316,554,96,189,45,212,180,41,84,196,125,33,146,65,148,178,107,214,74,134
81,66,30,14,88,19,88,33,29,32,68,101,137,76,43,54,61,124,81,7,53,88,39,34,49,30,67,36,41,104,124,218,49,91,18,86,94,19,44,87,58,17,71,38,68,72,71,64,30,59
513,444,205,88,263,116,499,140,168,209,424,525,890,359,256,314,370,904,548,58,282,546,298,223,349,119,312,238,264,621,752,1352,246,479,108,546,480,83,248,551,331,102,392,201,443,415,314,495,187,324
107,93,52,19,116,15,91,41,37,35,76,129,198,78,63,73,81,189,114,14,62,114,55,45,69,31,81,56,67,146,165,277,64,100,28,122,107,26,57,109,62,30,92,45,82,84,76,98,32,69
443,397,193,88,499,91,224,156,174,192,401,558,855,343,286,323,340,831,496,53,279,511,304,191,350,130,327,222,275,610,745,1360,297,442,100,494,436,79,234,476,323,96,368,182,408,432,324,492,169,331
187,137,57,33,140,41,156,24,53,44,111,191,284,95,73,91,123,279,159,15,89,154,83,67,80,39,104,56,76,193,253,419,71,138,33,175,141,20,76,168,117,34,131,61,126,136,80,184,67,102
155,140,72,29,168,37,174,53,27,78,142,195,312,125,90,91,111,335,183,15,92,186,108,75,103,48,113,85,80,212,236,484,88,143,38,180,167,35,78,175,124,32,115,60,140,167,99,152,69,121
227,190,84,32,209,35,192,44,78,48,170,243,348,142,123,119,133,326,216,20,133,225,122,90,151,47,139,94,123,242,263,544,103,191,47,193,182,36,103,212,154,46,173,86,161,176,131,217,68,139
452,400,187,68,424,76,401,111,142,170,181,470,754,281,246,267,280,728,430,40,278,447,215,196,299,129,335,227,229,511,620,1153,244,380,105,441,383,76,190,454,303,86,310,148,332,366,248,427,157,271
519,491,205,101,525,129,558,191,195,243,470,306,969,369,298,330,426,955,552,66,331,566,354,223,363,137,372,254,263,686,825,1558,302,497,119,605,508,107,284,564,349,102,434,196,428,521,337,530,215,362
825,768,332,137,890,198,855,284,312,348,754,969,799,566,484,482,665,1445,902,139,506,910,530,338,580,224,555,417,416,1118,1336,2356,480,832,197,984,807,176,431,909,611,174,663,357,688,799,615,920,345,594
365,287,139,76,359,78,343,95,125,142,281,369,566,117,174,212,237,569,304,44,177,302,211,138,221,70,241,159,173,390,496,893,173,305,86,304,313,47,165,352,222,72,235,138,256,294,206,342,124,225
307,236,91,43,256,63,286,73,90,123,246,298,484,174,62,150,192,491,286,28,149,292,162,112,173,79,192,121,133,307,418,699,152,266,59,295,272,43,118,293,176,52,217,96,212,225,150,288,109,197
356,258,118,54,314,73,323,91,91,119,267,330,482,212,150,86,196,502,279,30,165,300,171,117,203,66,175,147,148,342,465,774,177,301,57,303,267,42,158,332,211,52,226,102,252,291,168,338,104,211
375,311,121,61,370,81,340,123,111,133,280,426,665,237,192,196,106,642,354,38,168,367,234,153,258,103,261,170,207,446,528,984,202,305,74,362,346,51,164,382,269,90,284,118,318,309,231,362,148,241
820,789,337,124,904,189,831,279,335,326,728,955,1445,569,491,502,642,800,939,117,510,901,551,362,601,212,574,437,446,1137,1296,2334,489,849,206,986,819,168,422,920,624,180,662,361,721,837,572,883,322,570
486,453,202,81,548,114,496,159,183,216,430,552,902,304,286,279,354,939,249,68,266,434,289,231,348,129,329,226,265,611,751,1380,293,419,133,536,440,78,245,545,345,101,381,212,415,460,314,539,206,329
68,51,31,7,58,14,53,15,15,20,40,66,139,44,28,30,38,117,68,1,34,67,33,27,43,16,39,26,26,78,98,172,36,55,17,62,50,11,26,78,41,12,54,28,44,61,40,67,34,37
291,259,118,53,282,62,279,89,92,133,278,331,506,177,149,165,168,510,266,34,84,304,158,119,172,67,166,149,140,340,423,796,171,244,69,275,259,50,140,316,166,57,233,113,213,234,182,316,107,198
524,441,197,88,546,114,511,154,186,225,447,566,910,302,292,300,367,901,434,67,304,248,301,211,366,148,337,229,261,631,733,1408,260,471,127,552,460,75,248,521,343,99,386,202,421,455,316,575,211,330
345,243,100,39,298,55,304,83,108,122,215,354,530,211,162,171,234,551,289,33,158,301,69,120,181,82,168,144,130,336,456,866,165,248,65,318,280,48,133,294,201,53,224,121,223,287,188,309,106,188
200,157,71,34,223,45,191,67,75,90,196,223,338,138,112,117,153,362,231,27,119,211,120,44,131,52,133,75,104,232,284,548,112,199,52,213,174,28,113,197,146,36,152,73,146,186,126,220,72,139
377,275,131,49,349,69,350,80,103,151,299,363,580,221,173,203,258,601,348,43,172,366,181,131,108,108,236,158,151,404,513,919,182,288,79,373,305,64,154,380,206,69,286,130,271,323,222,360,120,233
154,101,55,30,119,31,130,39,48,47,129,137,224,70,79,66,103,212,129,16,67,148,82,52,108,14,69,56,64,155,199,358,74,127,28,119,136,20,62,139,94,31,102,54,119,125,86,141,55,94
373,277,141,67,312,81,327,104,113,139,335,372,555,241,192,175,261,574,329,39,166,337,168,133,236,69,104,157,166,398,494,951,189,305,60,343,291,54,175,345,217,63,264,120,262,335,226,364,125,222
288,187,99,36,238,56,222,56,85,94,227,254,417,159,121,147,170,437,226,26,149,229,144,75,158,56,157,41,123,334,349,639,127,217,51,224,205,46,117,226,149,46,192,81,185,247,139,257,80,155
299,206,97,41,264,67,275,76,80,123,229,263,416,173,133,148,207,446,265,26,140,261,130,104,151,64,166,123,54,300,380,694,131,258,69,249,243,40,96,287,170,57,213,84,198,254,159,249,106,186
589,578,287,104,621,146,610,193,212,242,511,686,1118,390,307,342,446,1137,611,78,340,631,336,232,404,155,398,334,300,388,988,1730,309,606,160,644,613,115,303,694,401,109,468,234,485,576,352,666,229,434
665,681,316,124,752,165,745,253,236,263,620,825,1336,496,418,465,528,1296,751,98,423,733,456,284,513,199,494,349,380,988,548,2002,396,744,187,785,658,131,381,768,477,155,575,311,621,655,480,811,272,458
1174,1207,554,218,1352,277,1360,419,484,544,1153,1558,2356,893,699,774,984,2334,1380,172,796,1408,866,548,919,358,951,639,694,1730,2002,1858,737,1233,315,1463,1235,241,725,1438,919,304,1033,553,1134,1209,901,1401,484,882
248,226,96,49,246,64,297,71,88,103,244,302,480,173,152,177,202,489,293,36,171,260,165,112,182,74,189,127,131,309,396,737,89,218,61,288,264,56,123,278,171,54,205,85,223,252,148,293,96,183
448,408,189,91,479,100,442,138,143,191,380,497,832,305,266,301,305,849,419,55,244,471,248,199,288,127,305,217,258,606,744,1233,218,232,109,493,429,80,242,509,300,95,372,164,349,439,308,467,160,300
111,103,45,18,108,28,100,33,38,47,105,119,197,86,59,57,74,206,133,17,69,127,65,52,79,28,60,51,69,160,187,315,61,109,7,120,93,25,56,146,68,23,97,40,77,109,52,130,40,71
496,485,212,86,546,122,494,175,180,193,441,605,984,304,295,303,362,986,536,62,275,552,318,213,373,119,343,224,249,644,785,1463,288,493,120,256,489,105,241,570,366,107,410,205,407,497,319,539,198,341
456,398,180,94,480,107,436,141,167,182,383,508,807,313,272,267,346,819,440,50,259,460,280,174,305,136,291,205,243,613,658,1235,264,429,93,489,198,74,232,468,312,78,361,184,355,431,324,495,174,289
87,78,41,19,83,26,79,20,35,36,76,107,176,47,43,42,51,168,78,11,50,75,48,28,64,20,54,46,40,115,131,241,56,80,25,105,74,8,37,83,54,13,63,30,50,85,55,84,35,49
250,222,84,44,248,57,234,76,78,103,190,284,431,165,118,158,164,422,245,26,140,248,133,113,154,62,175,117,96,303,381,725,123,242,56,241,232,37,60,281,180,54,195,100,178,216,160,235,90,148
493,447,196,87,551,109,476,168,175,212,454,564,909,352,293,332,382,920,545,78,316,521,294,197,380,139,345,226,287,694,768,1438,278,509,146,570,468,83,281,255,345,105,406,217,422,487,343,562,210,349
308,258,125,58,331,62,323,117,124,154,303,349,611,222,176,211,269,624,345,41,166,343,201,146,206,94,217,149,170,401,477,919,171,300,68,366,312,54,180,345,96,74,255,123,268,273,222,371,119,228
110,86,33,17,102,30,96,34,32,46,86,102,174,72,52,52,90,180,101,12,57,99,53,36,69,31,63,46,57,109,155,304,54,95,23,107,78,13,54,105,74,9,71,42,73,85,63,108,33,73
361,336,146,71,392,92,368,131,115,173,310,434,663,235,217,226,284,662,381,54,233,386,224,152,286,102,264,192,213,468,575,1033,205,372,97,410,361,63,195,406,255,71,131,145,312,360,259,427,145,261
201,167,65,38,201,45,182,61,60,86,148,196,357,138,96,102,118,361,212,28,113,202,121,73,130,54,120,81,84,234,311,553,85,164,40,205,184,30,100,217,123,42,145,30,154,201,128,184,67,132
444,333,148,68,443,82,408,126,140,161,332,428,688,256,212,252,318,721,415,44,213,421,223,146,271,119,262,185,198,485,621,1134,223,349,77,407,355,50,178,422,268,73,312,154,168,373,257,436,139,266
435,409,178,72,415,84,432,136,167,176,366,521,799,294,225,291,309,837,460,61,234,455,287,186,323,125,335,247,254,576,655,1209,252,439,109,497,431,85,216,487,273,85,360,201,373,203,289,432,175,281
322,291,107,71,314,76,324,80,99,131,248,337,615,206,150,168,231,572,314,40,182,316,188,126,222,86,226,139,159,352,480,901,148,308,52,319,324,55,160,343,222,63,259,128,257,289,96,338,117,211
484,456,214,64,495,98,492,184,152,217,427,530,920,342,288,338,362,883,539,67,316,575,309,220,360,141,364,257,249,666,811,1401,293,467,130,539,495,84,235,562,371,108,427,184,436,432,338,267,176,366
171,162,74,30,187,32,169,67,69,68,157,215,345,124,109,104,148,322,206,34,107,211,106,72,120,55,125,80,106,229,272,484,96,160,40,198,174,35,90,210,119,33,145,67,139,175,117,176,36,129
356,307,134,59,324,69,331,102,121,139,271,362,594,225,197,211,241,570,329,37,198,330,188,139,233,94,222,155,186,434,458,882,183,300,71,341,289,49,148,349,228,73,261,132,266,281,211,366,129,99
