275,445,216,85,523,113,470,204,171,258,447,547,856,390,314,332,372,845,498,79,345,509,367,216,369,153,360,255,298,611,679,1158,245,503,121,517,503,92,268,449,325,102,380,181,426,409,326,479,173,373
445,198,158,64,405,103,448,111,149,193,373,493,818,281,229,255,334,813,425,46,243,452,256,170,299,112,294,188,226,531,652,1232,222,379,91,463,401,75,209,458,308,90,373,165,378,379,269,467,175,264
216,158,37,37,160,53,189,56,63,73,141,229,339,134,106,124,141,355,203,24,114,201,117,80,129,50,132,86,95,246,302,545,108,183,55,213,206,24,105,218,122,46,191,62,173,198,117,212,71,145
85,64,37,8,68,16,81,23,31,31,75,91,136,64,53,55,67,130,78,6,69,92,56,32,41,21,68,45,43,94,120,207,48,65,17,84,68,12,35,80,51,10,59,41,78,79,49,78,21,62
523,405,160,68,241,107,479,156,159,183,429,544,926,309,270,300,368,889,496,58,292,491,315,181,355,145,345,233,238,605,747,1390,284,471,119,579,458,90,246,519,329,118,363,173,382,492,339,544,210,336
113,103,53,16,107,10,108,38,43,51,100,126,186,85,83,70,78,190,124,9,78,129,72,42,73,28,69,54,52,133,177,287,65,100,20,111,98,21,49,104,76,16,79,43,91,113,75,91,33,82
470,448,189,81,479,108,228,173,154,187,405,556,839,328,281,291,357,853,522,53,288,515,302,190,313,134,355,226,267,569,698,1330,269,456,105,560,475,79,243,482,322,94,382,171,404,459,292,460,180,304
204,111,56,23,156,38,173,16,56,83,146,141,263,95,80,89,105,278,147,19,91,170,90,70,77,37,96,63,82,209,228,480,83,131,33,161,147,18,67,171,89,39,140,53,107,155,89,170,52,104
171,149,63,31,159,43,154,56,27,61,149,191,298,108,92,99,137,292,171,16,85,171,91,56,101,43,119,85,78,188,220,466,91,151,41,174,155,25,73,174,106,33,117,65,118,155,94,141,60,118
258,193,73,31,183,51,187,83,61,39,152,222,371,125,114,122,139,364,222,23,130,213,123,70,137,64,147,109,106,254,285,564,124,215,37,213,226,43,97,190,120,47,169,58,159,175,120,234,88,154
447,373,141,75,429,100,405,146,149,152,175,464,734,239,229,258,296,698,419,45,240,440,261,152,281,123,302,203,227,499,597,1141,226,384,90,444,419,74,223,423,259,90,323,164,334,384,266,461,158,256
547,493,229,91,544,126,556,141,191,222,464,284,1060,369,319,310,382,1022,579,66,307,595,350,249,383,139,391,272,284,692,863,1655,308,461,130,591,521,90,273,571,377,113,407,198,492,511,370,616,217,347
856,818,339,136,926,186,839,263,298,371,734,1060,793,599,438,520,630,1456,954,124,488,928,588,398,592,229,638,406,450,1144,1330,2352,443,811,214,995,807,169,463,969,599,174,688,322,750,825,583,969,320,631
390,281,134,64,309,85,328,95,108,125,239,369,599,110,161,173,244,583,311,32,179,309,192,144,215,71,214,150,155,391,470,936,172,283,98,329,316,51,178,334,194,58,249,132,251,290,184,368,134,229
314,229,106,53,270,83,281,80,92,114,229,319,438,161,70,132,182,482,255,26,140,291,159,114,178,75,189,106,135,325,390,739,142,268,65,284,267,34,141,287,164,49,201,116,196,237,172,273,98,191
332,255,124,55,300,70,291,89,99,122,258,310,520,173,132,61,184,520,295,35,161,323,158,113,172,69,196,131,134,359,442,820,145,279,73,302,290,37,148,317,194,71,247,100,213,251,174,318,102,222
372,334,141,67,368,78,357,105,137,139,296,382,630,244,182,184,125,661,320,45,207,345,215,139,256,104,258,166,197,470,555,1029,199,345,95,378,336,61,179,390,243,68,246,144,294,352,242,388,135,241
845,813,355,130,889,190,853,278,292,364,698,1022,1456,583,482,520,661,811,915,119,509,914,560,411,584,231,634,401,467,1156,1338,2360,463,815,209,1002,820,160,491,942,588,192,680,316,738,819,600,972,308,639
498,425,203,78,496,124,522,147,171,222,419,579,954,311,255,295,320,915,263,71,284,481,287,218,324,134,326,213,277,611,787,1492,265,488,127,488,464,98,245,555,324,91,370,179,399,467,272,530,172,289
79,46,24,6,58,9,53,19,16,23,45,66,124,32,26,35,45,119,71,4,43,53,40,15,47,23,54,22,30,87,87,175,28,49,11,79,54,16,28,65,38,19,43,26,47,54,34,67,22,51
345,243,114,69,292,78,288,91,85,130,240,307,488,179,140,161,207,509,284,43,57,290,166,136,179,69,186,128,120,329,441,814,154,281,68,285,290,57,135,343,191,43,202,108,221,248,159,282,111,197
509,452,201,92,491,129,515,170,171,213,440,595,928,309,291,323,345,914,481,53,290,260,279,191,358,152,347,244,253,622,785,1468,265,470,135,534,494,95,299,559,342,107,368,190,421,479,282,555,195,326
367,256,117,56,315,72,302,90,91,123,261,350,588,192,159,158,215,560,287,40,166,279,97,117,183,79,215,122,160,404,428,843,160,295,62,321,292,49,159,319,206,66,219,102,252,265,187,327,114,200
216,170,80,32,181,42,190,70,56,70,152,249,398,144,114,113,139,411,218,15,136,191,117,32,132,49,152,102,111,259,318,582,106,174,49,229,172,37,116,199,121,55,144,69,174,169,130,193,79,113
369,299,129,41,355,73,313,77,101,137,281,383,592,215,178,172,256,584,324,47,179,358,183,132,100,75,212,117,163,432,501,970,195,292,64,347,302,58,166,341,223,77,233,118,248,337,204,348,116,190
153,112,50,21,145,28,134,37,43,64,123,139,229,71,75,69,104,231,134,23,69,152,79,49,75,19,80,60,72,153,188,348,48,117,30,128,118,20,69,150,85,25,91,36,95,122,78,115,41,98
360,294,132,68,345,69,355,96,119,147,302,391,638,214,189,196,258,634,326,54,186,347,215,152,212,80,114,140,174,399,513,998,166,326,77,333,335,48,186,343,207,77,245,130,294,322,211,373,140,228
255,188,86,45,233,54,226,63,85,109,203,272,406,150,106,131,166,401,213,22,128,244,122,102,117,60,140,68,112,300,386,635,108,210,57,229,215,37,109,243,152,54,195,84,161,208,139,260,92,179
298,226,95,43,238,52,267,82,78,106,227,284,450,155,135,134,197,467,277,30,120,253,160,111,163,72,174,112,59,308,398,719,123,232,51,249,241,36,134,286,170,42,196,103,220,242,164,284,110,169
611,531,246,94,605,133,569,209,188,254,499,692,1144,391,325,359,470,1156,611,87,329,622,404,259,432,153,399,300,308,400,1016,1789,355,552,143,693,542,120,353,653,398,129,490,226,532,564,427,679,244,432
679,652,302,120,747,177,698,228,220,285,597,863,1330,470,390,442,555,1338,787,87,441,785,428,318,501,188,513,386,398,1016,578,2069,363,727,175,795,749,128,380,783,513,148,581,280,628,699,453,782,267,503
1158,1232,545,207,1390,287,1330,480,466,564,1141,1655,2352,936,739,820,1029,2360,1492,175,814,1468,843,582,970,348,998,635,719,1789,2069,1820,695,1289,314,1510,1341,259,758,1457,931,298,1111,512,1146,1289,937,1442,473,992
245,222,108,48,284,65,269,83,91,124,226,308,443,172,142,145,199,463,265,28,154,265,160,106,195,48,166,108,123,355,363,695,67,234,63,318,246,51,159,292,172,48,221,106,226,254,178,270,94,189
503,379,183,65,471,100,456,131,151,215,384,461,811,283,268,279,345,815,488,49,281,470,295,174,292,117,326,210,232,552,727,1289,234,216,112,503,470,71,226,508,296,84,350,202,367,425,303,472,184,343
121,91,55,17,119,20,105,33,41,37,90,130,214,98,65,73,95,209,127,11,68,135,62,49,64,30,77,57,51,143,175,314,63,112,16,123,101,19,62,102,63,29,90,45,80,122,69,124,37,100
517,463,213,84,579,111,560,161,174,213,444,591,995,329,284,302,378,1002,488,79,285,534,321,229,347,128,333,229,249,693,795,1510,318,503,123,280,480,89,260,589,334,112,372,183,436,494,314,579,206,329
503,401,206,68,458,98,475,147,155,226,419,521,807,316,267,290,336,820,464,54,290,494,292,172,302,118,335,215,241,542,749,1341,246,470,101,480,212,71,220,483,324,79,339,174,405,447,286,480,159,336
92,75,24,12,90,21,79,18,25,43,74,90,169,51,34,37,61,160,98,16,57,95,49,37,58,20,48,37,36,120,128,259,51,71,19,89,71,8,37,90,54,18,67,41,78,79,56,100,31,67
268,209,105,35,246,49,243,67,73,97,223,273,463,178,141,148,179,491,245,28,135,299,159,116,166,69,186,109,134,353,380,758,159,226,62,260,220,37,57,256,155,63,198,107,190,239,160,256,98,170
449,458,218,80,519,104,482,171,174,190,423,571,969,334,287,317,390,942,555,65,343,559,319,199,341,150,343,243,286,653,783,1457,292,508,102,589,483,90,256,281,325,104,380,203,399,478,363,512,183,378
325,308,122,51,329,76,322,89,106,120,259,377,599,194,164,194,243,588,324,38,191,342,206,121,223,85,207,152,170,398,513,931,172,296,63,334,324,54,155,325,119,65,255,111,266,306,230,327,113,231
102,90,46,10,118,16,94,39,33,47,90,113,174,58,49,71,68,192,91,19,43,107,66,55,77,25,77,54,42,129,148,298,48,84,29,112,79,18,63,104,65,15,88,37,82,87,66,108,37,70
380,373,191,59,363,79,382,140,117,169,323,407,688,249,201,247,246,680,370,43,202,368,219,144,233,91,245,195,196,490,581,1111,221,350,90,372,339,67,198,380,255,88,139,128,305,350,248,380,143,256
181,165,62,41,173,43,171,53,65,58,164,198,322,132,116,100,144,316,179,26,108,190,102,69,118,36,130,84,103,226,280,512,106,202,45,183,174,41,107,203,111,37,128,36,154,166,110,196,82,127
426,378,173,78,382,91,404,107,118,159,334,492,750,251,196,213,294,738,399,47,221,421,252,174,248,95,294,161,220,532,628,1146,226,367,80,436,405,78,190,399,266,82,305,154,177,364,224,422,147,253
409,379,198,79,492,113,459,155,155,175,384,511,825,290,237,251,352,819,467,54,248,479,265,169,337,122,322,208,242,564,699,1289,254,425,122,494,447,79,239,478,306,87,350,166,364,234,279,463,177,318
326,269,117,49,339,75,292,89,94,120,266,370,583,184,172,174,242,600,272,34,159,282,187,130,204,78,211,139,164,427,453,937,178,303,69,314,286,56,160,363,230,66,248,110,224,279,80,354,111,220
479,467,212,78,544,91,460,170,141,234,461,616,969,368,273,318,388,972,530,67,282,555,327,193,348,115,373,260,284,679,782,1442,270,472,124,579,480,100,256,512,327,108,380,196,422,463,354,248,195,373
173,175,71,21,210,33,180,52,60,88,158,217,320,134,98,102,135,308,172,22,111,195,114,79,116,41,140,92,110,244,267,473,94,184,37,206,159,31,98,183,113,37,143,82,147,177,111,195,25,143
373,264,145,62,336,82,304,104,118,154,256,347,631,229,191,222,241,639,289,51,197,326,200,113,190,98,228,179,169,432,503,992,189,343,100,329,336,67,170,378,231,70,256,127,253,318,220,373,143,121
