251,422,262,102,533,115,482,172,159,230,433,512,801,355,294,355,357,820,512,81,333,505,302,204,385,166,392,290,316,666,708,1202,251,511,118,525,499,81,266,468,309,111,389,167,428,444,322,492,159,353
422,178,157,65,468,95,424,118,147,169,366,491,780,289,228,247,346,800,469,54,213,449,235,173,275,115,270,221,215,553,673,1225,205,443,109,395,391,79,183,480,289,93,359,192,316,415,259,449,183,277
262,157,41,28,200,40,204,51,69,89,172,217,358,139,96,112,165,352,199,21,109,190,116,87,137,45,137,90,99,243,300,580,119,168,38,210,185,32,78,221,154,33,149,91,165,175,116,213,79,131
102,65,28,3,85,14,77,32,24,29,71,90,131,53,47,38,69,138,86,9,64,79,67,33,52,27,68,41,51,88,102,199,38,75,21,110,89,12,43,86,50,21,63,23,55,66,43,84,27,71
533,468,200,85,249,117,482,163,146,199,409,599,962,337,280,305,374,955,522,60,318,508,303,180,325,142,381,236,250,629,790,1482,287,433,116,566,489,90,249,540,361,119,398,230,418,468,335,551,204,346
115,95,40,14,117,11,102,34,32,51,87,126,210,64,63,67,84,199,101,17,77,114,87,40,81,33,79,38,66,147,171,275,67,92,27,144,115,14,52,116,82,29,94,38,89,105,74,106,49,79
482,424,204,77,482,102,236,145,160,198,390,564,813,307,270,273,368,842,480,63,276,484,287,195,336,116,312,217,263,595,716,1309,264,420,123,546,468,82,226,542,327,106,372,172,376,471,271,490,167,301
172,118,51,32,163,34,145,23,59,79,148,173,273,99,90,90,105,299,159,27,81,161,99,61,98,40,114,64,81,186,213,442,85,120,30,168,135,22,72,147,107,29,109,63,130,168,109,169,64,105
159,147,69,24,146,32,160,59,20,71,140,171,295,101,109,109,109,296,159,25,91,161,98,77,117,40,113,78,87,199,250,466,92,145,51,172,169,28,86,178,118,42,123,68,156,161,110,193,79,119
230,169,89,29,199,51,198,79,71,42,179,236,351,148,110,128,153,377,235,24,122,228,137,86,145,46,129,104,127,264,323,539,117,199,57,195,191,25,129,231,130,48,180,75,168,203,143,218,78,172
433,366,172,71,409,87,390,148,140,179,185,492,753,308,215,235,320,773,415,46,228,426,267,181,286,107,292,207,254,518,644,1143,222,357,113,461,388,60,222,462,268,79,325,184,351,415,295,434,165,315
512,491,217,90,599,126,564,173,171,236,492,329,982,352,303,322,387,1023,535,81,310,567,310,227,395,136,393,239,274,724,830,1584,316,550,117,610,531,115,308,604,378,129,452,244,485,539,370,557,220,426
801,780,358,131,962,210,813,273,295,351,753,982,844,601,454,538,660,1502,939,131,492,910,490,373,549,235,632,427,415,1136,1349,2507,480,820,214,990,843,173,443,966,600,183,696,327,719,831,567,926,346,614
355,289,139,53,337,64,307,99,101,148,308,352,601,127,198,202,260,597,339,36,211,344,204,146,195,83,224,154,170,426,482,913,184,310,75,337,304,58,158,329,208,54,266,123,251,304,211,326,118,243
294,228,96,47,280,63,270,90,109,110,215,303,454,198,57,117,177,465,271,34,142,275,152,114,164,58,174,122,138,307,357,720,129,221,51,273,260,35,120,289,192,60,190,91,213,235,162,282,92,190
355,247,112,38,305,67,273,90,109,128,235,322,538,202,117,72,216,534,294,35,139,312,158,121,178,62,164,126,154,370,414,808,161,267,58,307,278,36,142,310,188,62,227,100,244,267,161,311,100,192
357,346,165,69,374,84,368,105,109,153,320,387,660,260,177,216,130,660,355,45,211,369,200,162,289,99,282,189,176,471,573,1039,200,338,79,377,333,62,189,386,237,87,308,134,304,327,245,398,123,244
820,800,352,138,955,199,842,299,296,377,773,1023,1502,597,465,534,660,837,932,121,501,941,486,384,593,256,618,449,445,1131,1393,2516,498,840,218,1001,846,158,472,988,608,211,667,335,740,812,575,925,346,617
512,469,199,86,522,101,480,159,159,235,415,535,939,339,271,294,355,932,272,64,285,483,286,208,336,129,368,249,226,678,820,1441,291,445,118,527,457,95,262,519,332,118,418,194,427,497,328,525,202,337
81,54,21,9,60,17,63,27,25,24,46,81,131,36,34,35,45,121,64,8,30,64,42,26,44,22,57,22,32,70,81,194,24,52,14,59,57,7,29,69,42,13,49,27,49,55,43,81,23,34
333,213,109,64,318,77,276,81,91,122,228,310,492,211,142,139,211,501,285,30,70,301,176,106,170,61,175,115,144,333,389,748,146,282,57,262,286,43,126,301,193,56,192,109,226,304,180,294,117,200
505,449,190,79,508,114,484,161,161,228,426,567,910,344,275,312,369,941,483,64,301,275,303,211,350,132,371,239,269,665,750,1469,255,465,122,545,443,99,255,498,338,128,387,184,419,512,309,539,195,330
302,235,116,67,303,87,287,99,98,137,267,310,490,204,152,158,200,486,286,42,176,303,76,121,179,89,212,140,135,333,459,806,166,312,64,293,290,45,162,327,173,78,234,97,253,245,159,303,95,211
204,173,87,33,180,40,195,61,77,86,181,227,373,146,114,121,162,384,208,26,106,211,121,33,145,51,133,81,120,228,321,566,117,200,54,179,193,35,105,194,130,43,152,73,181,187,126,220,76,164
385,275,137,52,325,81,336,98,117,145,286,395,549,195,164,178,289,593,336,44,170,350,179,145,114,82,227,150,161,376,519,927,201,284,75,362,334,51,160,363,228,69,261,119,251,276,180,367,132,235
166,115,45,27,142,33,116,40,40,46,107,136,235,83,58,62,99,256,129,22,61,132,89,51,82,13,75,55,52,185,201,359,74,131,33,136,122,15,73,132,57,27,108,39,83,110,67,140,53,89
392,270,137,68,381,79,312,114,113,129,292,393,632,224,174,164,282,618,368,57,175,371,212,133,227,75,110,166,161,424,542,1003,199,334,82,362,336,55,196,344,201,79,288,116,249,296,189,374,146,234
290,221,90,41,236,38,217,64,78,104,207,239,427,154,122,126,189,449,249,22,115,239,140,81,150,55,166,56,119,267,347,644,114,199,42,237,196,30,122,231,138,46,225,87,207,213,142,242,87,153
316,215,99,51,250,66,263,81,87,127,254,274,415,170,138,154,176,445,226,32,144,269,135,120,161,52,161,119,56,301,377,632,140,219,58,247,252,33,152,259,156,53,206,102,207,223,145,267,88,205
666,553,243,88,629,147,595,186,199,264,518,724,1136,426,307,370,471,1131,678,70,333,665,333,228,376,185,424,267,301,391,986,1783,310,560,134,669,595,116,319,690,428,133,507,235,466,562,370,649,229,480
708,673,300,102,790,171,716,213,250,323,644,830,1349,482,357,414,573,1393,820,81,389,750,459,321,519,201,542,347,377,986,554,2147,408,684,156,837,651,138,368,809,472,164,611,298,630,757,468,762,286,506
1202,1225,580,199,1482,275,1309,442,466,539,1143,1584,2507,913,720,808,1039,2516,1441,194,748,1469,806,566,927,359,1003,644,632,1783,2147,1905,756,1274,343,1549,1316,245,715,1505,982,309,1005,536,1142,1308,940,1460,499,949
251,205,119,38,287,67,264,85,92,117,222,316,480,184,129,161,200,498,291,24,146,255,166,117,201,74,199,114,140,310,408,756,87,242,41,296,247,54,132,304,169,55,170,103,225,259,167,307,92,197
511,443,168,75,433,92,420,120,145,199,357,550,820,310,221,267,338,840,445,52,282,465,312,200,284,131,334,199,219,560,684,1274,242,194,106,492,452,62,221,482,314,108,403,175,377,445,269,445,159,327
118,109,38,21,116,27,123,30,51,57,113,117,214,75,51,58,79,218,118,14,57,122,64,54,75,33,82,42,58,134,156,343,41,106,7,134,120,26,52,136,75,19,93,49,90,93,68,120,36,88
525,395,210,110,566,144,546,168,172,195,461,610,990,337,273,307,377,1001,527,59,262,545,293,179,362,136,362,237,247,669,837,1549,296,492,134,298,512,87,275,554,344,94,412,174,427,498,388,568,184,325
499,391,185,89,489,115,468,135,169,191,388,531,843,304,260,278,333,846,457,57,286,443,290,193,334,122,336,196,252,595,651,1316,247,452,120,512,236,76,211,474,315,109,353,154,391,460,281,501,183,317
81,79,32,12,90,14,82,22,28,25,60,115,173,58,35,36,62,158,95,7,43,99,45,35,51,15,55,30,33,116,138,245,54,62,26,87,76,8,37,90,56,20,56,28,63,86,44,96,33,47
266,183,78,43,249,52,226,72,86,129,222,308,443,158,120,142,189,472,262,29,126,255,162,105,160,73,196,122,152,319,368,715,132,221,52,275,211,37,51,255,170,66,190,90,204,232,167,253,85,161
468,480,221,86,540,116,542,147,178,231,462,604,966,329,289,310,386,988,519,69,301,498,327,194,363,132,344,231,259,690,809,1505,304,482,136,554,474,90,255,290,346,121,392,204,410,483,346,576,205,347
309,289,154,50,361,82,327,107,118,130,268,378,600,208,192,188,237,608,332,42,193,338,173,130,228,57,201,138,156,428,472,982,169,314,75,344,315,56,170,346,121,60,254,126,291,302,220,356,127,178
111,93,33,21,119,29,106,29,42,48,79,129,183,54,60,62,87,211,118,13,56,128,78,43,69,27,79,46,53,133,164,309,55,108,19,94,109,20,66,121,60,12,82,39,87,107,61,108,38,61
389,359,149,63,398,94,372,109,123,180,325,452,696,266,190,227,308,667,418,49,192,387,234,152,261,108,288,225,206,507,611,1005,170,403,93,412,353,56,190,392,254,82,171,144,323,361,242,387,121,299
167,192,91,23,230,38,172,63,68,75,184,244,327,123,91,100,134,335,194,27,109,184,97,73,119,39,116,87,102,235,298,536,103,175,49,174,154,28,90,204,126,39,144,41,146,172,96,187,69,127
428,316,165,55,418,89,376,130,156,168,351,485,719,251,213,244,304,740,427,49,226,419,253,181,251,83,249,207,207,466,630,1142,225,377,90,427,391,63,204,410,291,87,323,146,160,352,233,434,153,276
444,415,175,66,468,105,471,168,161,203,415,539,831,304,235,267,327,812,497,55,304,512,245,187,276,110,296,213,223,562,757,1308,259,445,93,498,460,86,232,483,302,107,361,172,352,232,277,461,175,336
322,259,116,43,335,74,271,109,110,143,295,370,567,211,162,161,245,575,328,43,180,309,159,126,180,67,189,142,145,370,468,940,167,269,68,388,281,44,167,346,220,61,242,96,233,277,95,343,104,207
492,449,213,84,551,106,490,169,193,218,434,557,926,326,282,311,398,925,525,81,294,539,303,220,367,140,374,242,267,649,762,1460,307,445,120,568,501,96,253,576,356,108,387,187,434,461,343,245,195,349
159,183,79,27,204,49,167,64,79,78,165,220,346,118,92,100,123,346,202,23,117,195,95,76,132,53,146,87,88,229,286,499,92,159,36,184,183,33,85,205,127,38,121,69,153,175,104,195,26,128
353,277,131,71,346,79,301,105,119,172,315,426,614,243,190,192,244,617,337,34,200,330,211,164,235,89,234,153,205,480,506,949,197,327,88,325,317,47,161,347,178,61,299,127,276,336,207,349,128,130
