269,477,203,88,502,95,487,194,175,277,466,484,796,391,322,335,374,755,536,73,348,513,319,229,395,151,382,288,322,575,706,1161,232,455,96,510,447,83,270,486,320,96,338,195,455,402,365,496,156,423
477,182,178,75,434,98,410,137,134,173,365,460,808,255,222,243,305,819,448,35,244,414,225,178,253,115,271,210,224,522,643,1246,224,450,101,491,402,73,230,455,309,107,330,170,331,398,241,441,163,303
203,178,34,32,208,33,193,64,60,78,166,211,365,123,102,123,167,368,193,21,110,187,110,78,129,51,131,89,91,239,330,557,99,167,40,212,180,34,97,206,138,39,139,65,157,192,107,197,78,129
88,75,32,6,81,12,79,25,28,31,58,89,144,59,52,54,52,134,94,13,49,85,50,35,51,22,54,34,48,100,137,214,43,75,20,75,75,12,43,89,57,16,56,36,66,62,61,76,30,54
502,434,208,81,255,113,432,132,167,201,411,593,848,341,262,285,342,824,501,71,288,515,304,220,353,134,371,234,264,604,730,1387,264,471,106,525,482,79,224,531,345,109,399,216,406,465,324,513,178,358
95,98,33,12,113,10,88,36,34,39,82,123,183,86,63,67,72,187,113,11,60,115,79,49,76,33,79,59,68,146,152,259,48,103,30,99,96,18,50,102,74,26,78,43,98,79,74,113,43,80
487,410,193,79,432,88,196,162,156,179,395,501,845,302,271,278,346,834,493,52,252,465,289,171,318,127,311,240,256,589,746,1290,253,454,102,508,426,84,239,500,309,85,353,190,375,414,315,440,162,318
194,137,64,25,132,36,162,19,48,76,140,155,275,101,87,97,119,293,161,17,88,151,91,63,98,32,100,78,78,199,226,404,96,125,26,177,125,20,77,165,103,28,126,60,133,143,85,141,48,94
175,134,60,28,167,34,156,48,26,67,138,171,291,105,76,99,122,293,175,24,79,173,94,67,96,40,98,73,83,205,231,443,85,131,30,158,138,28,78,179,113,36,132,71,119,156,120,150,46,114
277,173,78,31,201,39,179,76,67,48,187,231,353,154,107,121,159,378,199,29,115,196,137,68,137,53,128,111,100,250,297,550,97,202,56,220,172,45,88,224,123,40,162,78,165,196,134,222,82,155
466,365,166,58,411,82,395,140,138,187,189,489,773,283,220,254,310,762,424,56,233,421,240,154,289,100,276,210,215,481,637,1193,228,425,101,459,385,73,209,433,257,86,314,168,359,390,273,450,156,293
484,460,211,89,593,123,501,155,171,231,489,291,1001,363,297,315,417,983,586,70,302,558,338,244,368,155,417,287,258,710,848,1515,286,557,130,598,519,105,243,556,362,116,428,190,432,496,337,566,197,353
796,808,365,144,848,183,845,275,291,353,773,1001,753,577,440,466,637,1374,917,96,508,922,554,365,601,238,647,450,479,1095,1315,2298,440,868,200,951,841,150,439,960,622,205,634,334,753,858,523,940,294,643
391,255,123,59,341,86,302,101,105,154,283,363,577,104,185,192,246,596,321,38,171,323,200,118,202,69,196,146,157,445,479,940,203,324,65,320,290,51,151,341,208,62,256,148,254,313,208,355,125,252
322,222,102,52,262,63,271,87,76,107,220,297,440,185,70,142,199,460,236,34,127,250,155,123,178,64,193,106,136,314,391,738,148,233,47,302,275,44,138,310,171,53,225,95,231,253,155,286,76,177
335,243,123,54,285,67,278,97,99,121,254,315,466,192,142,74,218,502,233,31,149,260,156,123,186,77,195,129,146,337,443,820,150,268,56,320,291,52,158,331,186,42,225,101,239,278,178,304,89,188
374,305,167,52,342,72,346,119,122,159,310,417,637,246,199,218,146,632,384,50,218,384,221,154,248,94,260,159,194,452,549,1023,174,318,65,357,321,56,169,373,203,73,277,130,292,326,231,359,107,271
755,819,368,134,824,187,834,293,293,378,762,983,1374,596,460,502,632,780,892,117,481,926,565,377,618,229,608,442,492,1093,1353,2331,472,824,219,964,858,145,428,929,593,186,663,346,708,796,528,912,327,604
536,448,193,94,501,113,493,161,175,199,424,586,917,321,236,233,384,892,243,58,289,488,316,216,333,142,341,240,257,611,768,1360,235,463,106,521,449,83,274,540,326,97,413,192,419,463,313,533,198,376
73,35,21,13,71,11,52,17,24,29,56,70,96,38,34,31,50,117,58,5,33,57,41,27,35,10,34,34,31,77,83,156,30,61,19,69,52,6,32,59,46,16,53,17,51,44,42,65,30,52
348,244,110,49,288,60,252,88,79,115,233,302,508,171,127,149,218,481,289,33,66,271,156,106,173,78,188,105,141,338,432,770,140,245,55,311,238,43,127,297,167,44,212,113,224,273,178,294,101,197
513,414,187,85,515,115,465,151,173,196,421,558,922,323,250,260,384,926,488,57,271,251,312,220,330,136,362,266,270,675,769,1392,271,476,114,561,465,80,253,526,322,97,411,186,393,481,295,524,212,349
319,225,110,50,304,79,289,91,94,137,240,338,554,200,155,156,221,565,316,41,156,312,91,111,183,81,210,137,155,403,446,855,153,287,51,299,269,46,125,324,173,62,250,128,239,317,168,314,110,196
229,178,78,35,220,49,171,63,67,68,154,244,365,118,123,123,154,377,216,27,106,220,111,35,124,48,129,114,109,259,320,591,105,198,41,209,182,22,107,215,129,43,154,83,145,183,132,195,77,150
395,253,129,51,353,76,318,98,96,137,289,368,601,202,178,186,248,618,333,35,173,330,183,124,97,78,196,162,169,408,535,967,179,319,73,352,297,52,167,329,217,64,251,140,253,298,189,327,123,202
151,115,51,22,134,33,127,32,40,53,100,155,238,69,64,77,94,229,142,10,78,136,81,48,78,19,81,69,59,143,206,388,64,105,31,131,126,27,63,151,78,27,126,48,107,126,90,141,60,96
382,271,131,54,371,79,311,100,98,128,276,417,647,196,193,195,260,608,341,34,188,362,210,129,196,81,114,154,150,398,530,991,178,322,72,358,345,59,165,365,214,67,262,139,276,309,225,352,137,223
288,210,89,34,234,59,240,78,73,111,210,287,450,146,106,129,159,442,240,34,105,266,137,114,162,69,154,39,138,288,347,630,120,233,49,233,201,44,106,273,123,49,181,91,186,222,156,240,105,179
322,224,91,48,264,68,256,78,83,100,215,258,479,157,136,146,194,492,257,31,141,270,155,109,169,59,150,138,66,336,412,755,128,276,47,271,253,49,117,291,155,45,199,106,193,250,172,261,105,173
575,522,239,100,604,146,589,199,205,250,481,710,1095,445,314,337,452,1093,611,77,338,675,403,259,408,143,398,288,336,383,907,1665,337,623,168,636,607,104,308,666,409,111,470,268,502,546,402,630,224,456
706,643,330,137,730,152,746,226,231,297,637,848,1315,479,391,443,549,1353,768,83,432,769,446,320,535,206,530,347,412,907,564,2051,396,701,157,846,677,130,358,788,523,156,550,281,650,668,499,773,269,487
1161,1246,557,214,1387,259,1290,404,443,550,1193,1515,2298,940,738,820,1023,2331,1360,156,770,1392,855,591,967,388,991,630,755,1665,2051,1904,703,1291,310,1504,1276,253,682,1405,891,312,996,542,1159,1223,883,1423,479,952
232,224,99,43,264,48,253,96,85,97,228,286,440,203,148,150,174,472,235,30,140,271,153,105,179,64,178,120,128,337,396,703,76,244,57,292,256,45,120,288,189,54,168,102,209,235,176,257,89,183
455,450,167,75,471,103,454,125,131,202,425,557,868,324,233,268,318,824,463,61,245,476,287,198,319,105,322,233,276,623,701,1291,244,230,95,480,447,72,201,507,333,104,372,178,366,406,281,493,165,325
96,101,40,20,106,30,102,26,30,56,101,130,200,65,47,56,65,219,106,19,55,114,51,41,73,31,72,49,47,168,157,310,57,95,14,112,90,18,44,113,71,25,72,40,94,109,70,127,43,73
510,491,212,75,525,99,508,177,158,220,459,598,951,320,302,320,357,964,521,69,311,561,299,209,352,131,358,233,271,636,846,1504,292,480,112,255,468,88,278,611,341,121,385,209,430,505,327,546,203,361
447,402,180,75,482,96,426,125,138,172,385,519,841,290,275,291,321,858,449,52,238,465,269,182,297,126,345,201,253,607,677,1276,256,447,90,468,226,83,227,477,293,79,346,176,372,405,297,463,166,345
83,73,34,12,79,18,84,20,28,45,73,105,150,51,44,52,56,145,83,6,43,80,46,22,52,27,59,44,49,104,130,253,45,72,18,88,83,6,39,87,52,12,65,41,69,78,55,96,33,54
270,230,97,43,224,50,239,77,78,88,209,243,439,151,138,158,169,428,274,32,127,253,125,107,167,63,165,106,117,308,358,682,120,201,44,278,227,39,61,277,176,52,194,108,199,243,144,241,74,155
486,455,206,89,531,102,500,165,179,224,433,556,960,341,310,331,373,929,540,59,297,526,324,215,329,151,365,273,291,666,788,1405,288,507,113,611,477,87,277,286,332,109,382,203,424,453,335,500,182,358
320,309,138,57,345,74,309,103,113,123,257,362,622,208,171,186,203,593,326,46,167,322,173,129,217,78,214,123,155,409,523,891,189,333,71,341,293,52,176,332,102,69,245,147,255,298,203,345,125,238
96,107,39,16,109,26,85,28,36,40,86,116,205,62,53,42,73,186,97,16,44,97,62,43,64,27,67,49,45,111,156,312,54,104,25,121,79,12,52,109,69,11,70,41,78,100,63,110,61,54
338,330,139,56,399,78,353,126,132,162,314,428,634,256,225,225,277,663,413,53,212,411,250,154,251,126,262,181,199,470,550,996,168,372,72,385,346,65,194,382,245,70,114,125,326,343,229,364,122,267
195,170,65,36,216,43,190,60,71,78,168,190,334,148,95,101,130,346,192,17,113,186,128,83,140,48,139,91,106,268,281,542,102,178,40,209,176,41,108,203,147,41,125,31,164,167,125,199,67,136
455,331,157,66,406,98,375,133,119,165,359,432,753,254,231,239,292,708,419,51,224,393,239,145,253,107,276,186,193,502,650,1159,209,366,94,430,372,69,199,424,255,78,326,164,157,348,235,401,156,274
402,398,192,62,465,79,414,143,156,196,390,496,858,313,253,278,326,796,463,44,273,481,317,183,298,126,309,222,250,546,668,1223,235,406,109,505,405,78,243,453,298,100,343,167,348,214,257,440,180,336
365,241,107,61,324,74,315,85,120,134,273,337,523,208,155,178,231,528,313,42,178,295,168,132,189,90,225,156,172,402,499,883,176,281,70,327,297,55,144,335,203,63,229,125,235,257,83,307,112,204
496,441,197,76,513,113,440,141,150,222,450,566,940,355,286,304,359,912,533,65,294,524,314,195,327,141,352,240,261,630,773,1423,257,493,127,546,463,96,241,500,345,110,364,199,401,440,307,262,175,345
156,163,78,30,178,43,162,48,46,82,156,197,294,125,76,89,107,327,198,30,101,212,110,77,123,60,137,105,105,224,269,479,89,165,43,203,166,33,74,182,125,61,122,67,156,180,112,175,29,107
423,303,129,54,358,80,318,94,114,155,293,353,643,252,177,188,271,604,376,52,197,349,196,150,202,96,223,179,173,456,487,952,183,325,73,361,345,54,155,358,238,54,267,136,274,336,204,345,107,111
