243,458,198,76,502,107,464,181,153,236,441,534,817,384,315,342,348,845,455,66,334,538,314,191,351,157,383,255,283,600,718,1151,255,464,111,475,501,81,244,480,284,116,367,181,451,413,328,484,170,390
458,199,189,61,475,84,394,122,129,167,344,492,755,289,228,251,301,784,424,57,214,446,266,169,275,120,287,204,213,519,650,1232,222,377,109,422,445,74,195,453,308,69,332,180,336,389,286,440,154,267
198,189,43,32,197,51,171,67,64,79,179,216,361,137,106,102,142,359,186,29,95,226,145,89,118,57,140,102,91,281,321,602,131,189,44,192,175,32,106,209,118,46,153,72,169,203,122,211,74,138
76,61,32,12,100,21,81,24,33,37,75,88,149,64,46,41,50,143,87,6,47,89,62,32,69,31,59,44,39,98,124,219,34,87,25,84,88,15,39,98,50,14,52,34,67,79,60,73,28,49
502,475,197,100,260,119,463,142,182,226,473,548,883,314,261,316,350,878,521,51,257,519,308,175,346,117,344,231,248,628,768,1414,274,500,127,554,456,76,247,517,318,113,403,203,396,450,311,516,182,345
107,84,51,21,119,8,90,39,34,53,91,121,182,88,59,65,74,180,118,11,51,127,78,43,79,33,69,60,63,118,170,296,49,97,27,137,105,22,60,123,74,18,79,39,87,105,81,110,39,80
464,394,171,81,463,90,227,160,154,209,351,539,876,317,236,275,351,847,495,49,292,493,312,177,314,126,291,238,263,599,753,1358,253,463,108,512,468,83,225,533,292,99,343,195,356,443,290,476,177,307
181,122,67,24,142,39,160,22,48,85,144,173,259,95,85,81,115,261,161,21,77,170,71,59,89,42,105,69,66,176,220,440,80,130,39,163,123,33,65,165,89,28,112,51,126,135,92,164,57,117
153,129,64,33,182,34,154,48,35,71,128,181,277,114,84,84,99,285,144,17,89,157,84,62,114,42,106,71,83,212,233,418,85,151,35,152,156,31,76,165,118,39,124,64,109,124,105,165,61,90
236,167,79,37,226,53,209,85,71,58,169,220,362,140,118,121,156,357,202,21,132,221,122,77,156,57,140,102,124,257,318,584,115,189,54,208,182,29,104,202,125,39,156,82,162,185,135,217,73,161
441,344,179,75,473,91,351,144,128,169,174,444,707,255,223,270,300,686,410,53,260,437,247,162,271,114,304,207,234,551,606,1104,218,388,92,482,415,73,216,418,246,90,338,157,310,392,261,423,155,295
534,492,216,88,548,121,539,173,181,220,444,312,988,363,292,321,418,1014,544,84,322,592,344,225,377,143,370,265,281,724,814,1568,305,544,120,625,530,95,262,587,347,124,418,227,443,484,364,568,214,366
817,755,361,149,883,182,876,259,277,362,707,988,788,590,472,537,658,1422,916,126,482,916,509,353,583,221,560,421,473,1066,1350,2434,450,813,212,991,837,140,455,931,582,183,662,336,727,837,527,938,314,636
384,289,137,64,314,88,317,95,114,140,255,363,590,104,182,211,246,594,307,37,204,333,187,107,237,82,209,143,147,397,469,944,185,306,79,344,300,54,177,361,227,64,242,129,256,302,195,353,113,212
315,228,106,46,261,59,236,85,84,118,223,292,472,182,90,160,200,491,251,33,151,290,171,106,195,60,155,119,134,333,405,771,148,239,58,291,245,46,110,305,168,53,187,90,223,249,184,279,98,184
342,251,102,41,316,65,275,81,84,121,270,321,537,211,160,85,211,537,287,33,160,333,177,119,175,73,170,119,131,366,439,856,163,265,48,275,287,49,124,333,196,58,227,101,246,261,180,322,117,189
348,301,142,50,350,74,351,115,99,156,300,418,658,246,200,211,145,627,366,49,207,357,198,136,234,90,258,161,179,426,554,923,180,346,90,358,331,56,198,376,240,77,279,135,282,305,224,391,132,258
845,784,359,143,878,180,847,261,285,357,686,1014,1422,594,491,537,627,787,899,113,488,895,495,374,573,233,567,409,474,1101,1375,2421,457,820,218,1005,865,140,443,973,582,194,676,335,728,848,553,931,328,609
455,424,186,87,521,118,495,161,144,202,410,544,916,307,251,287,366,899,264,63,272,461,291,185,292,114,341,218,247,591,745,1436,268,457,101,530,461,87,268,517,307,123,408,195,386,453,301,543,171,323
66,57,29,6,51,11,49,21,17,21,53,84,126,37,33,33,49,113,63,7,30,72,42,19,39,17,53,29,26,87,86,183,40,55,18,61,60,8,31,57,42,21,46,25,52,50,35,64,26,47
334,214,95,47,257,51,292,77,89,132,260,322,482,204,151,160,207,488,272,30,66,271,171,129,185,76,184,142,106,354,402,775,151,267,64,303,280,44,141,257,144,62,213,103,232,236,185,315,127,191
538,446,226,89,519,127,493,170,157,221,437,592,916,333,290,333,357,895,461,72,271,260,318,193,355,122,354,218,257,656,746,1382,265,468,125,555,477,79,275,527,318,118,376,192,393,452,316,551,163,357
314,266,145,62,308,78,312,71,84,122,247,344,509,187,171,177,198,495,291,42,171,318,83,107,214,83,190,140,146,399,439,813,175,281,71,318,273,47,116,331,200,48,228,101,253,292,204,326,110,200
191,169,89,32,175,43,177,59,62,77,162,225,353,107,106,119,136,374,185,19,129,193,107,36,132,55,129,91,106,232,284,564,122,178,66,199,200,29,82,204,154,37,139,68,147,192,131,185,64,142
351,275,118,69,346,79,314,89,114,156,271,377,583,237,195,175,234,573,292,39,185,355,214,132,91,71,183,151,174,421,524,962,174,335,62,366,338,67,132,356,227,60,254,133,261,301,216,347,100,228
157,120,57,31,117,33,126,42,42,57,114,143,221,82,60,73,90,233,114,17,76,122,83,55,71,14,67,73,64,137,200,403,84,115,26,135,139,19,62,152,96,22,93,58,100,120,83,118,45,82
383,287,140,59,344,69,291,105,106,140,304,370,560,209,155,170,258,567,341,53,184,354,190,129,183,67,97,158,152,401,517,945,190,323,67,364,329,54,183,386,228,69,247,118,233,307,205,337,117,227
255,204,102,44,231,60,238,69,71,102,207,265,421,143,119,119,161,409,218,29,142,218,140,91,151,73,158,54,104,287,350,665,132,231,44,233,208,37,104,245,149,55,173,91,209,233,137,263,96,153
283,213,91,39,248,63,263,66,83,124,234,281,473,147,134,131,179,474,247,26,106,257,146,106,174,64,152,104,64,302,372,742,129,198,60,264,219,40,120,295,194,42,186,115,222,240,155,301,95,195
600,519,281,98,628,118,599,176,212,257,551,724,1066,397,333,366,426,1101,591,87,354,656,399,232,421,137,401,287,302,381,940,1751,340,608,143,640,615,105,302,711,439,108,487,264,525,590,398,666,219,415
718,650,321,124,768,170,753,220,233,318,606,814,1350,469,405,439,554,1375,745,86,402,746,439,284,524,200,517,350,372,940,587,2056,416,671,166,831,693,111,397,792,498,145,581,291,623,676,486,776,269,522
1151,1232,602,219,1414,296,1358,440,418,584,1104,1568,2434,944,771,856,923,2421,1436,183,775,1382,813,564,962,403,945,665,742,1751,2056,1903,745,1270,332,1494,1272,206,695,1416,905,288,1012,531,1155,1279,904,1372,478,868
255,222,131,34,274,49,253,80,85,115,218,305,450,185,148,163,180,457,268,40,151,265,175,122,174,84,190,132,129,340,416,745,70,252,69,316,245,46,145,273,209,65,201,90,237,254,191,260,85,189
464,377,189,87,500,97,463,130,151,189,388,544,813,306,239,265,346,820,457,55,267,468,281,178,335,115,323,231,198,608,671,1270,252,221,105,514,418,91,234,464,313,108,364,159,392,459,311,491,184,291
111,109,44,25,127,27,108,39,35,54,92,120,212,79,58,48,90,218,101,18,64,125,71,66,62,26,67,44,60,143,166,332,69,105,6,129,115,15,63,123,61,20,75,49,88,89,82,117,35,81
475,422,192,84,554,137,512,163,152,208,482,625,991,344,291,275,358,1005,530,61,303,555,318,199,366,135,364,233,264,640,831,1494,316,514,129,271,499,83,286,583,346,118,405,217,439,499,357,578,204,358
501,445,175,88,456,105,468,123,156,182,415,530,837,300,245,287,331,865,461,60,280,477,273,200,338,139,329,208,219,615,693,1272,245,418,115,499,234,87,199,473,278,89,355,184,398,430,321,483,171,303
81,74,32,15,76,22,83,33,31,29,73,95,140,54,46,49,56,140,87,8,44,79,47,29,67,19,54,37,40,105,111,206,46,91,15,83,87,6,49,87,56,20,63,29,66,79,54,86,28,63
244,195,106,39,247,60,225,65,76,104,216,262,455,177,110,124,198,443,268,31,141,275,116,82,132,62,183,104,120,302,397,695,145,234,63,286,199,49,49,238,136,55,171,80,171,252,135,229,98,163
480,453,209,98,517,123,533,165,165,202,418,587,931,361,305,333,376,973,517,57,257,527,331,204,356,152,386,245,295,711,792,1416,273,464,123,583,473,87,238,272,347,118,428,195,424,497,373,537,196,346
284,308,118,50,318,74,292,89,118,125,246,347,582,227,168,196,240,582,307,42,144,318,200,154,227,96,228,149,194,439,498,905,209,313,61,346,278,56,136,347,99,67,251,135,278,306,217,341,105,209
116,69,46,14,113,18,99,28,39,39,90,124,183,64,53,58,77,194,123,21,62,118,48,37,60,22,69,55,42,108,145,288,65,108,20,118,89,20,55,118,67,10,80,40,78,111,54,108,40,66
367,332,153,52,403,79,343,112,124,156,338,418,662,242,187,227,279,676,408,46,213,376,228,139,254,93,247,173,186,487,581,1012,201,364,75,405,355,63,171,428,251,80,153,156,305,340,249,390,126,253
181,180,72,34,203,39,195,51,64,82,157,227,336,129,90,101,135,335,195,25,103,192,101,68,133,58,118,91,115,264,291,531,90,159,49,217,184,29,80,195,135,40,156,30,163,165,134,197,78,133
451,336,169,67,396,87,356,126,109,162,310,443,727,256,223,246,282,728,386,52,232,393,253,147,261,100,233,209,222,525,623,1155,237,392,88,439,398,66,171,424,278,78,305,163,161,375,254,391,129,274
413,389,203,79,450,105,443,135,124,185,392,484,837,302,249,261,305,848,453,50,236,452,292,192,301,120,307,233,240,590,676,1279,254,459,89,499,430,79,252,497,306,111,340,165,375,227,278,453,167,333
328,286,122,60,311,81,290,92,105,135,261,364,527,195,184,180,224,553,301,35,185,316,204,131,216,83,205,137,155,398,486,904,191,311,82,357,321,54,135,373,217,54,249,134,254,278,106,307,117,230
484,440,211,73,516,110,476,164,165,217,423,568,938,353,279,322,391,931,543,64,315,551,326,185,347,118,337,263,301,666,776,1372,260,491,117,578,483,86,229,537,341,108,390,197,391,453,307,254,177,335
170,154,74,28,182,39,177,57,61,73,155,214,314,113,98,117,132,328,171,26,127,163,110,64,100,45,117,96,95,219,269,478,85,184,35,204,171,28,98,196,105,40,126,78,129,167,117,177,29,135
390,267,138,49,345,80,307,117,90,161,295,366,636,212,184,189,258,609,323,47,191,357,200,142,228,82,227,153,195,415,522,868,189,291,81,358,303,63,163,346,209,66,253,133,274,333,230,335,135,121
