257,445,204,98,509,114,450,210,176,256,469,485,813,379,328,349,369,816,525,78,352,534,340,206,348,160,370,283,302,587,670,1187,250,525,110,491,482,103,293,481,328,119,366,179,432,454,319,469,171,360
445,189,185,76,436,106,443,128,130,201,368,477,762,294,192,228,320,816,437,49,228,437,270,178,281,94,280,188,214,589,672,1252,241,392,113,461,431,69,202,467,293,90,360,155,344,403,270,434,166,288
204,185,58,34,231,41,183,65,79,95,193,227,344,132,109,109,141,379,203,29,121,199,105,91,129,46,121,84,102,262,309,572,113,207,39,190,198,35,111,223,143,39,158,68,152,181,130,188,77,136
98,76,34,6,76,17,69,26,30,19,54,91,153,72,45,47,75,155,76,3,57,89,56,41,61,22,54,54,45,97,118,214,40,77,17,103,74,19,40,80,50,13,59,27,72,75,60,77,20,64
509,436,231,76,274,103,506,163,157,195,433,577,905,317,284,300,355,892,519,67,271,488,290,208,354,137,358,234,240,626,779,1461,278,434,125,511,472,92,261,583,321,100,386,203,421,475,331,497,196,357
114,106,41,17,103,10,104,32,37,44,82,125,214,72,57,62,75,191,110,9,67,116,82,51,76,30,78,56,49,133,160,281,51,104,25,112,122,23,50,123,83,15,77,41,93,101,70,101,40,77
450,443,183,69,506,104,229,152,180,212,408,540,898,316,260,262,333,890,465,56,267,505,292,197,338,121,310,246,235,609,745,1315,242,453,108,477,483,88,235,520,328,77,381,182,366,464,326,457,168,329
210,128,65,26,163,32,152,31,42,78,139,176,255,96,89,81,141,261,178,24,88,175,84,72,114,51,109,83,81,199,223,400,74,158,28,178,157,24,71,165,124,22,98,55,125,146,90,153,57,110
176,130,79,30,157,37,180,42,29,74,152,153,272,120,101,102,111,287,182,25,91,179,96,74,112,40,98,83,78,196,266,453,102,174,31,163,173,28,93,196,127,37,120,66,128,141,102,153,63,112
256,201,95,19,195,44,212,78,74,45,177,238,340,152,125,131,152,307,196,21,114,214,113,91,149,59,144,84,129,245,282,546,110,190,57,226,185,25,105,182,140,40,155,74,177,184,125,225,76,164
469,368,193,54,433,82,408,139,152,177,183,475,742,280,247,262,306,719,442,60,253,427,276,158,298,107,294,181,203,544,600,1176,246,428,110,450,399,65,226,444,278,95,339,184,355,406,249,418,172,318
485,477,227,91,577,125,540,176,153,238,475,336,1060,349,289,296,422,1005,574,68,300,584,323,234,336,134,345,265,298,696,880,1624,308,489,132,578,501,104,273,623,348,115,406,205,458,547,387,625,211,378
813,762,344,153,905,214,898,255,272,340,742,1060,866,576,452,503,605,1543,921,122,500,909,521,366,595,242,609,418,438,1224,1369,2430,532,860,184,1015,853,163,452,958,607,174,699,369,707,826,616,910,334,607
379,294,132,72,317,72,316,96,120,152,280,349,576,101,182,189,234,567,317,39,184,334,204,137,239,82,207,149,173,403,451,909,164,309,72,328,294,62,144,354,209,70,264,130,274,283,223,310,142,201
328,192,109,45,284,57,260,89,101,125,247,289,452,182,62,136,210,482,280,36,159,285,158,114,176,83,186,131,126,325,413,729,119,284,55,282,265,47,137,295,170,51,210,91,210,239,154,260,80,193
349,228,109,47,300,62,262,81,102,131,262,296,503,189,136,75,218,546,279,31,131,294,169,120,184,84,201,131,121,371,435,840,137,288,66,276,272,42,144,317,167,46,244,99,217,266,147,276,94,219
369,320,141,75,355,75,333,141,111,152,306,422,605,234,210,218,149,674,397,50,201,386,212,145,239,99,229,165,185,498,551,1030,203,342,93,372,360,60,171,408,287,73,291,142,321,371,221,370,150,228
816,816,379,155,892,191,890,261,287,307,719,1005,1543,567,482,546,674,847,877,112,509,893,572,371,578,236,629,408,459,1165,1375,2393,530,847,184,1028,894,158,448,955,625,182,740,368,709,799,576,938,318,572
525,437,203,76,519,110,465,178,182,196,442,574,921,317,280,279,397,877,259,65,264,470,333,196,360,131,338,257,240,654,770,1415,274,481,121,533,465,99,269,536,359,107,368,185,387,481,337,490,199,309
78,49,29,3,67,9,56,24,25,21,60,68,122,39,36,31,50,112,65,5,42,55,37,26,38,19,37,24,30,70,89,193,36,42,14,78,52,7,43,65,46,14,48,20,43,65,37,53,14,38
352,228,121,57,271,67,267,88,91,114,253,300,500,184,159,131,201,509,264,42,88,275,181,118,199,73,200,120,127,337,458,781,146,266,69,289,256,40,133,319,202,64,234,103,221,252,186,297,126,197
534,437,199,89,488,116,505,175,179,214,427,584,909,334,285,294,386,893,470,55,275,263,320,183,396,128,339,261,240,688,786,1469,256,477,126,586,466,88,278,561,348,100,368,210,401,486,357,500,186,348
340,270,105,56,290,82,292,84,96,113,276,323,521,204,158,169,212,572,333,37,181,320,94,128,190,66,202,140,140,386,474,862,159,305,61,307,274,30,126,332,199,69,215,106,214,259,179,305,85,192
206,178,91,41,208,51,197,72,74,91,158,234,366,137,114,120,145,371,196,26,118,183,128,35,147,53,133,102,115,259,301,557,114,196,47,221,195,32,115,204,123,38,160,64,170,198,135,191,69,133
348,281,129,61,354,76,338,114,112,149,298,336,595,239,176,184,239,578,360,38,199,396,190,147,121,67,199,150,161,402,538,930,164,345,76,323,366,48,174,378,233,73,246,144,259,289,209,377,126,235
160,94,46,22,137,30,121,51,40,59,107,134,242,82,83,84,99,236,131,19,73,128,66,53,67,14,74,54,61,153,202,351,81,132,38,115,118,17,73,137,81,27,111,38,101,113,74,134,61,100
370,280,121,54,358,78,310,109,98,144,294,345,609,207,186,201,229,629,338,37,200,339,202,133,199,74,108,147,159,382,497,972,193,315,87,322,324,66,178,377,219,66,293,120,248,322,203,352,147,234
283,188,84,54,234,56,246,83,83,84,181,265,418,149,131,131,165,408,257,24,120,261,140,102,150,54,147,42,119,261,370,679,140,238,62,223,241,37,127,231,147,56,180,83,197,190,155,234,91,152
302,214,102,45,240,49,235,81,78,129,203,298,438,173,126,121,185,459,240,30,127,240,140,115,161,61,159,119,48,316,366,726,132,244,49,273,211,35,128,269,162,47,194,84,193,228,162,265,100,194
587,589,262,97,626,133,609,199,196,245,544,696,1224,403,325,371,498,1165,654,70,337,688,386,259,402,153,382,261,316,402,961,1854,372,546,151,690,592,103,325,673,421,126,506,221,508,582,372,650,234,417
670,672,309,118,779,160,745,223,266,282,600,880,1369,451,413,435,551,1375,770,89,458,786,474,301,538,202,497,370,366,961,573,2014,366,720,163,793,698,133,386,812,550,165,567,291,602,693,501,771,274,520
1187,1252,572,214,1461,281,1315,400,453,546,1176,1624,2430,909,729,840,1030,2393,1415,193,781,1469,862,557,930,351,972,679,726,1854,2014,1901,782,1323,326,1565,1326,254,662,1497,959,270,1071,544,1101,1265,919,1422,514,962
250,241,113,40,278,51,242,74,102,110,246,308,532,164,119,137,203,530,274,36,146,256,159,114,164,81,193,140,132,372,366,782,72,265,61,290,256,41,128,293,169,51,209,114,199,243,154,257,97,187
525,392,207,77,434,104,453,158,174,190,428,489,860,309,284,288,342,847,481,42,266,477,305,196,345,132,315,238,244,546,720,1323,265,208,98,526,438,78,228,459,295,78,372,181,401,431,309,492,189,302
110,113,39,17,125,25,108,28,31,57,110,132,184,72,55,66,93,184,121,14,69,126,61,47,76,38,87,62,49,151,163,326,61,98,13,121,107,30,61,127,73,22,86,45,77,101,69,112,41,71
491,461,190,103,511,112,477,178,163,226,450,578,1015,328,282,276,372,1028,533,78,289,586,307,221,323,115,322,223,273,690,793,1565,290,526,121,264,502,95,299,593,362,122,410,191,419,496,321,586,191,358
482,431,198,74,472,122,483,157,173,185,399,501,853,294,265,272,360,894,465,52,256,466,274,195,366,118,324,241,211,592,698,1326,256,438,107,502,225,84,249,483,308,92,326,181,410,452,308,471,165,324
103,69,35,19,92,23,88,24,28,25,65,104,163,62,47,42,60,158,99,7,40,88,30,32,48,17,66,37,35,103,133,254,41,78,30,95,84,8,44,95,47,21,66,34,60,81,53,103,34,59
293,202,111,40,261,50,235,71,93,105,226,273,452,144,137,144,171,448,269,43,133,278,126,115,174,73,178,127,128,325,386,662,128,228,61,299,249,44,64,271,188,42,176,102,205,212,154,287,91,156
481,467,223,80,583,123,520,165,196,182,444,623,958,354,295,317,408,955,536,65,319,561,332,204,378,137,377,231,269,673,812,1497,293,459,127,593,483,95,271,292,364,112,392,200,475,527,371,568,198,364
328,293,143,50,321,83,328,124,127,140,278,348,607,209,170,167,287,625,359,46,202,348,199,123,233,81,219,147,162,421,550,959,169,295,73,362,308,47,188,364,99,79,260,136,275,301,190,383,129,236
119,90,39,13,100,15,77,22,37,40,95,115,174,70,51,46,73,182,107,14,64,100,69,38,73,27,66,56,47,126,165,270,51,78,22,122,92,21,42,112,79,10,70,39,83,106,78,100,35,64
366,360,158,59,386,77,381,98,120,155,339,406,699,264,210,244,291,740,368,48,234,368,215,160,246,111,293,180,194,506,567,1071,209,372,86,410,326,66,176,392,260,70,136,120,307,373,245,382,140,271
179,155,68,27,203,41,182,55,66,74,184,205,369,130,91,99,142,368,185,20,103,210,106,64,144,38,120,83,84,221,291,544,114,181,45,191,181,34,102,200,136,39,120,35,156,210,127,187,70,115
432,344,152,72,421,93,366,125,128,177,355,458,707,274,210,217,321,709,387,43,221,401,214,170,259,101,248,197,193,508,602,1101,199,401,77,419,410,60,205,475,275,83,307,156,154,364,247,392,138,259
454,403,181,75,475,101,464,146,141,184,406,547,826,283,239,266,371,799,481,65,252,486,259,198,289,113,322,190,228,582,693,1265,243,431,101,496,452,81,212,527,301,106,373,210,364,218,276,488,178,327
319,270,130,60,331,70,326,90,102,125,249,387,616,223,154,147,221,576,337,37,186,357,179,135,209,74,203,155,162,372,501,919,154,309,69,321,308,53,154,371,190,78,245,127,247,276,99,321,110,197
469,434,188,77,497,101,457,153,153,225,418,625,910,310,260,276,370,938,490,53,297,500,305,191,377,134,352,234,265,650,771,1422,257,492,112,586,471,103,287,568,383,100,382,187,392,488,321,257,196,354
171,166,77,20,196,40,168,57,63,76,172,211,334,142,80,94,150,318,199,14,126,186,85,69,126,61,147,91,100,234,274,514,97,189,41,191,165,34,91,198,129,35,140,70,138,178,110,196,28,106
360,288,136,64,357,77,329,110,112,164,318,378,607,201,193,219,228,572,309,38,197,348,192,133,235,100,234,152,194,417,520,962,187,302,71,358,324,59,156,364,236,64,271,115,259,327,197,354,106,117
