263,459,204,110,470,103,483,175,174,243,439,521,848,364,328,350,349,829,524,74,328,566,325,201,351,161,381,263,294,648,691,1200,229,534,116,528,502,75,254,403,300,102,371,173,437,418,355,504,173,395
459,199,184,58,406,87,427,118,147,190,368,509,809,292,231,244,283,802,454,60,248,423,266,165,302,115,317,197,234,521,631,1305,261,372,104,393,396,73,213,460,292,100,310,143,366,394,249,470,171,272
204,184,45,33,182,39,194,72,51,82,164,198,364,101,95,99,137,343,210,21,106,207,119,78,144,52,139,95,117,262,281,590,100,189,43,198,171,28,114,213,137,40,157,63,156,183,128,202,67,134
110,58,33,5,79,20,94,34,24,37,74,92,124,59,50,47,62,146,89,17,58,79,74,43,46,18,50,38,56,94,127,190,46,88,22,96,98,14,46,84,51,22,37,30,87,77,50,89,28,68
470,406,182,79,249,105,479,158,164,235,433,542,919,320,273,273,319,951,514,55,293,489,308,180,320,130,329,216,277,628,734,1465,293,455,137,542,472,82,240,558,337,96,406,194,419,492,327,523,177,341
103,87,39,20,105,16,101,36,35,41,88,119,187,73,81,72,79,188,116,19,76,113,92,59,88,30,80,46,76,132,171,294,69,125,35,119,132,20,55,111,76,24,57,45,115,106,78,118,44,72
483,427,194,94,479,101,250,150,150,202,400,559,834,335,280,309,363,834,518,80,288,487,324,203,331,121,359,213,242,651,706,1253,259,463,117,531,465,76,263,541,325,92,354,181,420,446,321,484,185,329
175,118,72,34,158,36,150,23,49,59,123,171,275,101,71,83,119,256,150,23,81,160,93,56,95,38,107,71,74,188,253,446,85,173,33,171,158,15,65,142,101,25,103,48,118,142,88,140,58,99
174,147,51,24,164,35,150,49,23,66,140,170,331,93,87,97,121,296,155,19,95,157,105,70,99,45,121,76,81,207,268,476,88,161,47,192,153,26,88,181,109,42,128,64,119,152,101,162,65,100
243,190,82,37,235,41,202,59,66,52,144,222,380,143,107,111,138,379,187,42,108,236,142,90,153,51,141,97,111,250,299,570,107,211,45,196,201,27,95,224,129,44,159,72,166,178,136,207,76,150
439,368,164,74,433,88,400,123,140,144,179,439,751,275,252,275,307,754,414,63,227,430,286,157,288,119,315,196,236,504,645,1159,207,387,96,431,394,70,228,442,263,81,280,156,334,346,282,439,145,301
521,509,198,92,542,119,559,171,170,222,439,318,1039,357,322,318,424,1021,592,70,297,576,333,237,378,128,378,255,268,711,881,1589,332,509,117,616,486,99,307,620,352,129,458,232,423,513,360,588,217,380
848,809,364,124,919,187,834,275,331,380,751,1039,783,610,478,464,671,1415,920,106,501,959,549,366,626,227,627,394,471,1091,1336,2392,468,817,199,1014,797,129,469,1002,559,203,708,339,718,834,580,927,337,626
364,292,101,59,320,73,335,101,93,143,275,357,610,104,190,188,219,628,316,41,178,324,206,127,228,80,203,145,167,389,479,938,186,322,82,306,311,49,154,350,214,69,249,122,268,323,215,340,127,213
328,231,95,50,273,81,280,71,87,107,252,322,478,190,60,135,188,471,249,36,153,271,145,116,165,67,180,146,120,330,412,776,132,253,56,267,236,42,130,284,173,43,199,99,203,242,158,281,91,170
350,244,99,47,273,72,309,83,97,111,275,318,464,188,135,74,233,489,295,36,158,293,173,99,181,86,198,143,134,303,425,768,138,241,73,273,253,46,136,304,179,41,198,113,200,232,176,293,108,195
349,283,137,62,319,79,363,119,121,138,307,424,671,219,188,233,146,677,348,42,199,368,192,150,239,105,247,173,167,484,588,1079,196,355,85,380,344,72,189,352,236,65,259,122,297,307,232,381,131,237
829,802,343,146,951,188,834,256,296,379,754,1021,1415,628,471,489,677,799,914,124,521,928,543,376,564,206,605,405,477,1148,1347,2378,476,871,209,975,835,150,445,976,578,203,699,339,739,813,589,903,317,646
524,454,210,89,514,116,518,150,155,187,414,592,920,316,249,295,348,914,239,54,303,491,280,199,346,115,353,267,259,643,754,1451,292,475,112,512,475,80,255,513,323,105,367,191,406,454,329,567,177,351
74,60,21,17,55,19,80,23,19,42,63,70,106,41,36,36,42,124,54,1,32,59,35,28,51,22,46,26,39,69,81,178,29,58,18,64,60,11,29,51,43,11,49,22,46,50,47,69,22,46
328,248,106,58,293,76,288,81,95,108,227,297,501,178,153,158,199,521,303,32,79,272,181,105,184,75,171,112,111,353,410,818,155,265,51,267,301,51,154,309,191,54,245,131,225,253,169,325,117,186
566,423,207,79,489,113,487,160,157,236,430,576,959,324,271,293,368,928,491,59,272,280,311,204,356,123,350,227,255,665,757,1413,273,476,123,539,465,91,265,550,342,115,401,177,388,455,374,527,196,364
325,266,119,74,308,92,324,93,105,142,286,333,549,206,145,173,192,543,280,35,181,311,83,116,201,77,206,134,142,363,454,845,154,290,61,288,295,67,164,308,208,57,243,110,247,290,183,329,104,226
201,165,78,43,180,59,203,56,70,90,157,237,366,127,116,99,150,376,199,28,105,204,116,40,136,47,149,81,118,252,296,573,112,195,52,219,184,37,102,217,137,40,144,77,169,207,128,209,81,136
351,302,144,46,320,88,331,95,99,153,288,378,626,228,165,181,239,564,346,51,184,356,201,136,110,75,211,140,171,405,516,936,185,297,88,337,324,61,144,350,203,77,226,120,286,294,206,347,121,230
161,115,52,18,130,30,121,38,45,51,119,128,227,80,67,86,105,206,115,22,75,123,77,47,75,16,84,57,78,172,201,374,55,102,25,115,129,21,63,131,103,28,84,50,98,128,73,125,42,90
381,317,139,50,329,80,359,107,121,141,315,378,627,203,180,198,247,605,353,46,171,350,206,149,211,84,102,145,177,441,536,998,182,290,82,351,322,54,168,371,236,65,253,123,260,329,196,349,134,235
263,197,95,38,216,46,213,71,76,97,196,255,394,145,146,143,173,405,267,26,112,227,134,81,140,57,145,50,125,290,354,652,99,208,49,263,226,44,126,239,160,45,194,89,186,214,133,273,103,162
294,234,117,56,277,76,242,74,81,111,236,268,471,167,120,134,167,477,259,39,111,255,142,118,171,78,177,125,63,321,365,716,141,205,60,254,242,45,142,258,171,46,205,94,200,246,153,248,89,150
648,521,262,94,628,132,651,188,207,250,504,711,1091,389,330,303,484,1148,643,69,353,665,363,252,405,172,441,290,321,418,928,1798,355,576,151,705,590,114,312,694,414,120,471,223,505,601,381,669,240,396
691,631,281,127,734,171,706,253,268,299,645,881,1336,479,412,425,588,1347,754,81,410,757,454,296,516,201,536,354,365,928,563,2070,404,736,181,848,682,124,413,768,508,151,577,281,622,673,503,774,263,540
1200,1305,590,190,1465,294,1253,446,476,570,1159,1589,2392,938,776,768,1079,2378,1451,178,818,1413,845,573,936,374,998,652,716,1798,2070,1878,732,1310,317,1557,1257,222,736,1526,919,286,1050,531,1117,1213,952,1359,474,937
229,261,100,46,293,69,259,85,88,107,207,332,468,186,132,138,196,476,292,29,155,273,154,112,185,55,182,99,141,355,404,732,76,253,57,264,230,52,126,305,185,46,205,107,219,242,175,262,104,194
534,372,189,88,455,125,463,173,161,211,387,509,817,322,253,241,355,871,475,58,265,476,290,195,297,102,290,208,205,576,736,1310,253,241,110,520,476,83,241,506,305,107,363,200,372,434,327,496,149,327
116,104,43,22,137,35,117,33,47,45,96,117,199,82,56,73,85,209,112,18,51,123,61,52,88,25,82,49,60,151,181,317,57,110,15,125,95,14,62,120,79,23,79,35,90,93,90,123,35,79
528,393,198,96,542,119,531,171,192,196,431,616,1014,306,267,273,380,975,512,64,267,539,288,219,337,115,351,263,254,705,848,1557,264,520,125,278,521,89,266,573,346,106,414,193,420,530,351,537,216,354
502,396,171,98,472,132,465,158,153,201,394,486,797,311,236,253,344,835,475,60,301,465,295,184,324,129,322,226,242,590,682,1257,230,476,95,521,233,84,241,514,316,106,321,191,377,442,335,470,161,322
75,73,28,14,82,20,76,15,26,27,70,99,129,49,42,46,72,150,80,11,51,91,67,37,61,21,54,44,45,114,124,222,52,83,14,89,84,10,40,93,62,14,56,42,63,75,56,93,35,48
254,213,114,46,240,55,263,65,88,95,228,307,469,154,130,136,189,445,255,29,154,265,164,102,144,63,168,126,142,312,413,736,126,241,62,266,241,40,60,254,155,44,177,97,205,230,146,254,89,175
403,460,213,84,558,111,541,142,181,224,442,620,1002,350,284,304,352,976,513,51,309,550,308,217,350,131,371,239,258,694,768,1526,305,506,120,573,514,93,254,281,348,109,402,188,435,485,346,539,186,361
300,292,137,51,337,76,325,101,109,129,263,352,559,214,173,179,236,578,323,43,191,342,208,137,203,103,236,160,171,414,508,919,185,305,79,346,316,62,155,348,112,70,248,133,271,300,209,339,116,212
102,100,40,22,96,24,92,25,42,44,81,129,203,69,43,41,65,203,105,11,54,115,57,40,77,28,65,45,46,120,151,286,46,107,23,106,106,14,44,109,70,13,75,35,91,103,62,93,42,56
371,310,157,37,406,57,354,103,128,159,280,458,708,249,199,198,259,699,367,49,245,401,243,144,226,84,253,194,205,471,577,1050,205,363,79,414,321,56,177,402,248,75,122,147,321,330,252,361,126,271
173,143,63,30,194,45,181,48,64,72,156,232,339,122,99,113,122,339,191,22,131,177,110,77,120,50,123,89,94,223,281,531,107,200,35,193,191,42,97,188,133,35,147,27,148,163,107,183,76,125
437,366,156,87,419,115,420,118,119,166,334,423,718,268,203,200,297,739,406,46,225,388,247,169,286,98,260,186,200,505,622,1117,219,372,90,420,377,63,205,435,271,91,321,148,168,366,272,394,136,266
418,394,183,77,492,106,446,142,152,178,346,513,834,323,242,232,307,813,454,50,253,455,290,207,294,128,329,214,246,601,673,1213,242,434,93,530,442,75,230,485,300,103,330,163,366,203,316,448,159,319
355,249,128,50,327,78,321,88,101,136,282,360,580,215,158,176,232,589,329,47,169,374,183,128,206,73,196,133,153,381,503,952,175,327,90,351,335,56,146,346,209,62,252,107,272,316,95,313,143,227
504,470,202,89,523,118,484,140,162,207,439,588,927,340,281,293,381,903,567,69,325,527,329,209,347,125,349,273,248,669,774,1359,262,496,123,537,470,93,254,539,339,93,361,183,394,448,313,253,194,359
173,171,67,28,177,44,185,58,65,76,145,217,337,127,91,108,131,317,177,22,117,196,104,81,121,42,134,103,89,240,263,474,104,149,35,216,161,35,89,186,116,42,126,76,136,159,143,194,32,118
395,272,134,68,341,72,329,99,100,150,301,380,626,213,170,195,237,646,351,46,186,364,226,136,230,90,235,162,150,396,540,937,194,327,79,354,322,48,175,361,212,56,271,125,266,319,227,359,118,111
