266,452,215,83,516,103,479,167,174,235,461,534,810,378,298,337,323,835,539,64,335,534,368,210,379,175,397,260,307,588,684,1192,246,469,121,514,481,91,252,469,320,105,376,184,454,432,347,453,190,370
452,169,171,66,441,96,407,127,137,172,352,473,817,286,240,241,311,827,486,46,234,471,239,164,263,97,287,189,215,547,670,1318,259,387,102,434,391,79,227,449,284,99,334,168,343,415,260,479,154,250
215,171,44,34,211,48,180,62,85,88,184,230,343,106,90,100,150,359,192,23,116,199,117,82,127,55,141,86,100,231,302,551,109,177,44,183,189,47,96,236,131,30,143,84,152,191,129,207,91,155
83,66,34,9,86,22,88,20,22,31,55,69,124,57,43,50,64,155,89,12,44,92,58,32,52,24,59,47,38,98,138,212,41,75,15,84,70,16,33,105,66,17,62,36,66,78,62,85,35,56
516,441,211,86,247,106,479,168,138,213,408,561,884,343,256,292,352,948,540,65,252,524,300,203,315,132,363,232,270,662,790,1479,276,465,133,550,507,86,259,579,362,114,381,170,445,469,313,542,184,334
103,96,48,22,106,12,103,37,37,46,95,112,174,80,79,68,75,208,112,16,59,112,79,43,71,28,87,63,60,134,180,269,54,106,24,122,105,21,51,137,70,28,78,45,91,98,71,111,39,79
479,407,180,88,479,103,222,129,153,203,424,513,874,307,265,270,375,862,508,55,260,507,288,194,310,128,312,228,250,587,722,1373,271,465,101,525,437,79,221,485,310,89,342,205,401,439,287,480,181,306
167,127,62,20,168,37,129,19,49,56,141,157,265,111,88,87,94,281,166,18,82,173,82,62,97,52,117,82,74,180,229,423,80,138,34,155,137,27,59,137,90,35,115,54,121,142,85,155,55,103
174,137,85,22,138,37,153,49,25,79,135,167,288,108,95,88,137,275,170,11,80,174,112,70,106,40,117,74,77,171,258,467,91,144,42,196,143,33,88,180,117,44,119,62,135,153,97,197,64,116
235,172,88,31,213,46,203,56,79,40,175,226,365,132,116,126,139,399,197,28,106,212,153,98,142,58,143,92,114,274,296,569,113,192,50,223,195,39,92,216,122,47,155,81,180,176,150,225,82,134
461,352,184,55,408,95,424,141,135,175,185,474,752,282,239,248,318,761,437,47,230,454,260,180,287,130,287,212,222,536,629,1154,240,417,91,451,431,73,200,452,282,97,306,143,348,370,272,429,153,267
534,473,230,69,561,112,513,157,167,226,474,302,1021,363,301,321,408,958,569,66,291,587,352,238,375,132,394,222,274,734,882,1610,307,531,110,594,553,95,273,626,362,119,459,217,464,543,346,557,190,380
810,817,343,124,884,174,874,265,288,365,752,1021,811,590,489,502,618,1441,951,105,531,886,551,332,620,225,597,409,428,1130,1412,2472,460,833,209,949,814,154,436,995,606,190,664,393,708,838,573,945,325,616
378,286,106,57,343,80,307,111,108,132,282,363,590,102,176,193,242,588,360,39,179,343,201,143,195,67,201,188,177,368,495,931,147,307,56,332,293,69,171,346,227,71,275,125,259,306,188,337,109,228
298,240,90,43,256,79,265,88,95,116,239,301,489,176,80,129,193,478,262,38,151,280,173,107,155,59,164,129,137,318,385,738,132,241,58,272,273,38,125,277,173,55,214,104,199,208,173,288,106,191
337,241,100,50,292,68,270,87,88,126,248,321,502,193,129,82,189,489,284,33,154,288,174,104,172,61,181,145,139,322,425,831,135,273,67,291,290,57,140,292,186,58,218,108,219,238,172,276,103,202
323,311,150,64,352,75,375,94,137,139,318,408,618,242,193,189,133,680,386,55,192,393,190,153,231,120,262,173,186,460,548,1024,186,339,84,350,350,63,174,406,248,64,267,141,335,352,223,377,126,248
835,827,359,155,948,208,862,281,275,399,761,958,1441,588,478,489,680,804,937,111,524,893,533,340,636,213,605,417,455,1122,1334,2449,487,855,196,998,839,154,453,941,600,198,691,398,715,846,616,955,319,587
539,486,192,89,540,112,508,166,170,197,437,569,951,360,262,284,386,937,255,61,297,492,294,208,302,131,337,236,256,650,800,1472,289,486,116,540,506,81,273,553,352,111,390,173,385,504,288,524,177,337
64,46,23,12,65,16,55,18,11,28,47,66,105,39,38,33,55,111,61,2,35,68,49,22,48,13,36,24,29,68,86,187,48,53,12,65,63,10,40,61,50,15,44,8,60,61,48,58,26,40
335,234,116,44,252,59,260,82,80,106,230,291,531,179,151,154,192,524,297,35,74,310,143,105,168,75,169,119,158,345,434,810,181,267,75,283,278,42,134,312,201,62,192,108,222,252,201,278,113,193
534,471,199,92,524,112,507,173,174,212,454,587,886,343,280,288,393,893,492,68,310,274,309,217,307,144,346,246,272,640,794,1434,272,500,110,582,528,100,254,564,364,119,377,215,402,490,320,541,199,346
368,239,117,58,300,79,288,82,112,153,260,352,551,201,173,174,190,533,294,49,143,309,95,129,189,81,198,130,134,372,480,795,156,286,66,310,279,45,165,329,229,69,250,112,246,272,176,318,111,203
210,164,82,32,203,43,194,62,70,98,180,238,332,143,107,104,153,340,208,22,105,217,129,42,132,36,113,89,97,254,306,533,107,189,43,215,194,38,105,205,145,31,144,77,169,194,122,212,65,123
379,263,127,52,315,71,310,97,106,142,287,375,620,195,155,172,231,636,302,48,168,307,189,132,103,86,223,157,160,404,479,947,178,317,83,328,273,58,156,383,233,73,265,128,242,302,200,343,136,206
175,97,55,24,132,28,128,52,40,58,130,132,225,67,59,61,120,213,131,13,75,144,81,36,86,19,71,59,50,147,204,351,68,125,28,148,103,24,74,139,90,38,105,36,100,123,78,136,42,91
397,287,141,59,363,87,312,117,117,143,287,394,597,201,164,181,262,605,337,36,169,346,198,113,223,71,95,151,169,431,547,961,179,316,73,361,299,67,170,355,249,82,262,112,265,323,212,353,119,213
260,189,86,47,232,63,228,82,74,92,212,222,409,188,129,145,173,417,236,24,119,246,130,89,157,59,151,49,131,294,362,660,136,245,48,209,231,49,125,223,139,48,174,85,203,228,153,263,89,185
307,215,100,38,270,60,250,74,77,114,222,274,428,177,137,139,186,455,256,29,158,272,134,97,160,50,169,131,76,317,397,708,152,231,53,245,242,41,110,283,183,53,185,77,196,212,162,263,85,166
588,547,231,98,662,134,587,180,171,274,536,734,1130,368,318,322,460,1122,650,68,345,640,372,254,404,147,431,294,317,391,956,1840,336,576,146,661,591,107,332,667,377,127,509,240,489,599,379,663,230,429
684,670,302,138,790,180,722,229,258,296,629,882,1412,495,385,425,548,1334,800,86,434,794,480,306,479,204,547,362,397,956,546,2086,383,737,179,811,755,140,384,786,522,163,563,293,586,707,474,768,281,475
1192,1318,551,212,1479,269,1373,423,467,569,1154,1610,2472,931,738,831,1024,2449,1472,187,810,1434,795,533,947,351,961,660,708,1840,2086,1916,718,1254,309,1565,1326,237,679,1513,978,330,1052,582,1101,1277,893,1483,496,917
246,259,109,41,276,54,271,80,91,113,240,307,460,147,132,135,186,487,289,48,181,272,156,107,178,68,179,136,152,336,383,718,71,228,56,294,253,48,154,299,205,57,196,107,234,220,173,297,86,176
469,387,177,75,465,106,465,138,144,192,417,531,833,307,241,273,339,855,486,53,267,500,286,189,317,125,316,245,231,576,737,1254,228,211,112,509,439,86,226,499,343,93,339,160,385,421,305,470,197,308
121,102,44,15,133,24,101,34,42,50,91,110,209,56,58,67,84,196,116,12,75,110,66,43,83,28,73,48,53,146,179,309,56,112,9,125,108,20,56,132,79,25,103,49,90,110,80,109,46,83
514,434,183,84,550,122,525,155,196,223,451,594,949,332,272,291,350,998,540,65,283,582,310,215,328,148,361,209,245,661,811,1565,294,509,125,275,506,97,279,610,366,120,393,198,450,532,309,550,210,348
481,391,189,70,507,105,437,137,143,195,431,553,814,293,273,290,350,839,506,63,278,528,279,194,273,103,299,231,242,591,755,1326,253,439,108,506,219,85,222,501,280,107,381,179,356,442,285,475,171,327
91,79,47,16,86,21,79,27,33,39,73,95,154,69,38,57,63,154,81,10,42,100,45,38,58,24,67,49,41,107,140,237,48,86,20,97,85,7,40,89,50,12,70,29,75,87,54,93,27,46
252,227,96,33,259,51,221,59,88,92,200,273,436,171,125,140,174,453,273,40,134,254,165,105,156,74,170,125,110,332,384,679,154,226,56,279,222,40,47,255,157,53,186,93,199,228,154,236,89,175
469,449,236,105,579,137,485,137,180,216,452,626,995,346,277,292,406,941,553,61,312,564,329,205,383,139,355,223,283,667,786,1513,299,499,132,610,501,89,255,251,309,108,399,219,438,515,345,563,183,355
320,284,131,66,362,70,310,90,117,122,282,362,606,227,173,186,248,600,352,50,201,364,229,145,233,90,249,139,183,377,522,978,205,343,79,366,280,50,157,309,91,58,257,138,272,321,215,352,137,218
105,99,30,17,114,28,89,35,44,47,97,119,190,71,55,58,64,198,111,15,62,119,69,31,73,38,82,48,53,127,163,330,57,93,25,120,107,12,53,108,58,9,85,28,78,97,58,97,47,53
376,334,143,62,381,78,342,115,119,155,306,459,664,275,214,218,267,691,390,44,192,377,250,144,265,105,262,174,185,509,563,1052,196,339,103,393,381,70,186,399,257,85,135,158,298,362,225,411,152,232
184,168,84,36,170,45,205,54,62,81,143,217,393,125,104,108,141,398,173,8,108,215,112,77,128,36,112,85,77,240,293,582,107,160,49,198,179,29,93,219,138,28,158,38,152,167,117,204,70,129
454,343,152,66,445,91,401,121,135,180,348,464,708,259,199,219,335,715,385,60,222,402,246,169,242,100,265,203,196,489,586,1101,234,385,90,450,356,75,199,438,272,78,298,152,164,360,258,405,157,260
432,415,191,78,469,98,439,142,153,176,370,543,838,306,208,238,352,846,504,61,252,490,272,194,302,123,323,228,212,599,707,1277,220,421,110,532,442,87,228,515,321,97,362,167,360,189,299,457,151,324
347,260,129,62,313,71,287,85,97,150,272,346,573,188,173,172,223,616,288,48,201,320,176,122,200,78,212,153,162,379,474,893,173,305,80,309,285,54,154,345,215,58,225,117,258,299,102,325,126,202
453,479,207,85,542,111,480,155,197,225,429,557,945,337,288,276,377,955,524,58,278,541,318,212,343,136,353,263,263,663,768,1483,297,470,109,550,475,93,236,563,352,97,411,204,405,457,325,272,182,313
190,154,91,35,184,39,181,55,64,82,153,190,325,109,106,103,126,319,177,26,113,199,111,65,136,42,119,89,85,230,281,496,86,197,46,210,171,27,89,183,137,47,152,70,157,151,126,182,40,120
370,250,155,56,334,79,306,103,116,134,267,380,616,228,191,202,248,587,337,40,193,346,203,123,206,91,213,185,166,429,475,917,176,308,83,348,327,46,175,355,218,53,232,129,260,324,202,313,120,87
