268,465,232,85,473,114,521,178,157,228,418,505,833,370,322,333,372,843,491,65,336,516,367,208,364,159,354,288,295,620,715,1226,253,508,106,539,475,69,241,515,308,92,372,177,466,456,339,537,184,377
465,167,147,87,449,100,422,140,150,178,393,485,796,264,222,233,296,767,473,62,229,435,281,177,266,93,293,194,214,534,690,1262,252,425,101,445,425,71,209,513,296,105,369,179,331,420,300,490,171,290
232,147,41,33,198,45,198,64,64,82,175,231,389,125,110,119,141,366,199,15,94,192,112,72,122,58,127,79,101,237,304,550,133,171,41,212,172,36,86,239,125,41,173,82,159,206,139,215,91,140
85,87,33,5,81,11,64,26,23,30,88,87,148,54,61,66,55,169,78,12,38,89,54,32,61,15,47,36,48,107,135,228,51,76,22,92,77,8,44,93,69,17,61,30,83,65,67,94,36,44
473,449,198,81,246,115,493,166,159,200,425,557,942,356,260,292,367,924,521,58,291,530,310,199,345,125,362,233,225,637,798,1413,290,494,120,542,495,90,251,536,336,104,397,186,412,455,302,547,172,328
114,100,45,11,115,9,88,34,33,45,95,140,182,76,63,70,87,189,116,11,51,113,73,41,80,29,85,43,53,134,181,310,65,101,35,127,97,16,56,125,76,29,73,51,96,98,75,123,44,69
521,422,198,64,493,88,212,128,153,182,443,591,852,333,277,295,355,866,500,68,245,521,299,177,326,137,343,248,243,603,758,1314,255,471,115,491,445,82,212,496,326,130,358,205,427,449,311,517,180,326
178,140,64,26,166,34,128,28,35,65,134,171,272,93,77,76,107,288,168,22,87,164,101,59,106,41,97,83,84,198,235,416,81,142,36,163,134,23,65,159,104,35,108,46,121,121,83,154,67,111
157,150,64,23,159,33,153,35,27,60,135,199,324,120,80,88,118,314,147,20,87,162,78,65,97,32,95,82,88,217,273,453,74,177,40,164,149,35,77,193,103,35,127,66,108,168,96,165,64,104
228,178,82,30,200,45,182,65,60,42,169,220,373,124,121,110,153,363,200,29,127,195,135,90,132,63,149,105,120,279,332,542,112,197,46,189,194,31,103,211,118,51,151,86,178,172,124,207,80,164
418,393,175,88,425,95,443,134,135,169,167,514,788,283,240,251,294,779,447,50,233,436,263,175,269,122,302,218,217,537,667,1103,227,399,103,406,435,71,210,471,288,95,321,167,352,382,264,443,168,299
505,485,231,87,557,140,591,171,199,220,514,346,1054,379,268,302,442,1064,581,70,311,613,302,236,384,130,354,241,286,729,871,1686,303,512,148,641,508,99,299,644,383,131,454,216,482,540,345,617,200,386
833,796,389,148,942,182,852,272,324,373,788,1054,856,596,460,481,649,1473,954,128,504,959,557,327,614,247,626,416,482,1199,1345,2508,511,837,226,987,829,164,452,999,624,178,685,368,730,847,583,990,362,618
370,264,125,54,356,76,333,93,120,124,283,379,596,108,207,193,245,599,346,38,181,349,208,124,221,87,243,156,134,392,502,931,207,304,86,345,314,53,176,320,240,78,244,132,284,282,232,348,144,246
322,222,110,61,260,63,277,77,80,121,240,268,460,207,67,126,222,498,288,35,142,289,182,113,181,71,199,132,149,335,410,728,150,230,67,284,246,52,139,260,179,60,192,96,246,241,164,284,99,195
333,233,119,66,292,70,295,76,88,110,251,302,481,193,126,70,220,536,320,30,144,308,199,113,199,81,218,130,145,330,461,801,167,273,74,269,275,56,135,282,170,64,228,106,252,263,174,323,116,182
372,296,141,55,367,87,355,107,118,153,294,442,649,245,222,220,128,646,355,51,223,415,255,167,258,91,244,179,171,481,586,1057,203,352,83,388,330,51,178,415,245,73,257,123,295,347,215,400,135,244
843,767,366,169,924,189,866,288,314,363,779,1064,1473,599,498,536,646,796,921,126,479,921,534,338,644,216,611,436,473,1175,1390,2479,531,824,208,986,841,172,416,986,613,171,682,356,717,828,588,976,354,611
491,473,199,78,521,116,500,168,147,200,447,581,954,346,288,320,355,921,232,66,278,489,326,231,359,142,352,244,239,666,767,1467,297,476,123,515,458,79,280,556,338,110,390,179,404,452,328,546,180,354
65,62,15,12,58,11,68,22,20,29,50,70,128,38,35,30,51,126,66,3,32,59,46,23,40,23,47,28,40,77,99,202,40,58,11,60,58,9,34,73,38,13,49,25,54,66,36,75,35,39
336,229,94,38,291,51,245,87,87,127,233,311,504,181,142,144,223,479,278,32,70,287,163,103,170,56,161,112,147,344,401,798,159,265,70,291,257,46,132,277,161,48,214,92,222,264,177,300,104,185
516,435,192,89,530,113,521,164,162,195,436,613,959,349,289,308,415,921,489,59,287,278,350,232,339,154,370,271,239,641,760,1432,258,493,108,502,489,84,279,537,347,124,381,193,411,446,315,548,203,340
367,281,112,54,310,73,299,101,78,135,263,302,557,208,182,199,255,534,326,46,163,350,100,139,195,80,219,169,164,352,458,795,171,306,56,329,298,43,157,331,233,68,209,119,263,264,185,341,110,207
208,177,72,32,199,41,177,59,65,90,175,236,327,124,113,113,167,338,231,23,103,232,139,44,140,47,141,92,92,239,290,551,118,201,42,193,175,33,112,201,136,41,164,75,146,201,115,203,72,127
364,266,122,61,345,80,326,106,97,132,269,384,614,221,181,199,258,644,359,40,170,339,195,140,104,75,226,159,159,442,492,899,176,326,77,328,330,51,185,375,218,72,265,130,251,297,207,360,114,219
159,93,58,15,125,29,137,41,32,63,122,130,247,87,71,81,91,216,142,23,56,154,80,47,75,10,69,55,50,158,183,364,70,122,24,126,129,20,69,147,75,29,75,41,118,120,80,145,56,95
354,293,127,47,362,85,343,97,95,149,302,354,626,243,199,218,244,611,352,47,161,370,219,141,226,69,108,150,149,416,501,941,190,309,79,338,334,59,179,376,226,52,269,123,298,318,230,368,132,212
288,194,79,36,233,43,248,83,82,105,218,241,416,156,132,130,179,436,244,28,112,271,169,92,159,55,150,47,112,291,360,637,119,245,59,245,207,40,129,242,143,49,160,89,195,215,144,249,86,183
295,214,101,48,225,53,243,84,88,120,217,286,482,134,149,145,171,473,239,40,147,239,164,92,159,50,149,112,55,310,316,707,140,248,56,255,231,42,134,277,176,46,194,103,194,225,152,258,111,175
620,534,237,107,637,134,603,198,217,279,537,729,1199,392,335,330,481,1175,666,77,344,641,352,239,442,158,416,291,310,404,1034,1877,380,578,145,638,599,116,321,704,445,136,493,226,521,599,411,704,261,391
715,690,304,135,798,181,758,235,273,332,667,871,1345,502,410,461,586,1390,767,99,401,760,458,290,492,183,501,360,316,1034,575,2176,417,709,196,834,709,121,388,833,476,144,570,278,569,745,501,772,286,533
1226,1262,550,228,1413,310,1314,416,453,542,1103,1686,2508,931,728,801,1057,2479,1467,202,798,1432,795,551,899,364,941,637,707,1877,2176,1955,745,1331,314,1590,1271,255,719,1518,933,312,1086,545,1077,1298,928,1490,500,929
253,252,133,51,290,65,255,81,74,112,227,303,511,207,150,167,203,531,297,40,159,258,171,118,176,70,190,119,140,380,417,745,83,242,57,308,248,46,146,289,182,53,191,120,216,243,183,292,109,191
508,425,171,76,494,101,471,142,177,197,399,512,837,304,230,273,352,824,476,58,265,493,306,201,326,122,309,245,248,578,709,1331,242,207,108,482,447,74,220,511,329,104,351,183,409,401,292,537,175,359
106,101,41,22,120,35,115,36,40,46,103,148,226,86,67,74,83,208,123,11,70,108,56,42,77,24,79,59,56,145,196,314,57,108,13,131,116,26,55,117,80,28,91,41,84,113,73,129,44,72
539,445,212,92,542,127,491,163,164,189,406,641,987,345,284,269,388,986,515,60,291,502,329,193,328,126,338,245,255,638,834,1590,308,482,131,276,465,83,275,578,344,99,396,190,388,518,333,565,192,380
475,425,172,77,495,97,445,134,149,194,435,508,829,314,246,275,330,841,458,58,257,489,298,175,330,129,334,207,231,599,709,1271,248,447,116,465,214,74,219,487,318,89,343,178,394,445,323,514,181,302
69,71,36,8,90,16,82,23,35,31,71,99,164,53,52,56,51,172,79,9,46,84,43,33,51,20,59,40,42,116,121,255,46,74,26,83,74,9,43,100,49,23,77,37,53,96,45,94,45,59
241,209,86,44,251,56,212,65,77,103,210,299,452,176,139,135,178,416,280,34,132,279,157,112,185,69,179,129,134,321,388,719,146,220,55,275,219,43,55,259,168,65,194,79,219,227,157,265,97,168
515,513,239,93,536,125,496,159,193,211,471,644,999,320,260,282,415,986,556,73,277,537,331,201,375,147,376,242,277,704,833,1518,289,511,117,578,487,100,259,286,351,113,402,216,403,517,359,558,204,368
308,296,125,69,336,76,326,104,103,118,288,383,624,240,179,170,245,613,338,38,161,347,233,136,218,75,226,143,176,445,476,933,182,329,80,344,318,49,168,351,99,79,260,118,272,291,219,361,114,214
92,105,41,17,104,29,130,35,35,51,95,131,178,78,60,64,73,171,110,13,48,124,68,41,72,29,52,49,46,136,144,312,53,104,28,99,89,23,65,113,79,11,73,36,90,105,60,122,42,62
372,369,173,61,397,73,358,108,127,151,321,454,685,244,192,228,257,682,390,49,214,381,209,164,265,75,269,160,194,493,570,1086,191,351,91,396,343,77,194,402,260,73,127,138,319,346,253,388,119,259
177,179,82,30,186,51,205,46,66,86,167,216,368,132,96,106,123,356,179,25,92,193,119,75,130,41,123,89,103,226,278,545,120,183,41,190,178,37,79,216,118,36,138,43,162,188,118,206,80,138
466,331,159,83,412,96,427,121,108,178,352,482,730,284,246,252,295,717,404,54,222,411,263,146,251,118,298,195,194,521,569,1077,216,409,84,388,394,53,219,403,272,90,319,162,181,356,247,428,147,296
456,420,206,65,455,98,449,121,168,172,382,540,847,282,241,263,347,828,452,66,264,446,264,201,297,120,318,215,225,599,745,1298,243,401,113,518,445,96,227,517,291,105,346,188,356,225,287,463,188,345
339,300,139,67,302,75,311,83,96,124,264,345,583,232,164,174,215,588,328,36,177,315,185,115,207,80,230,144,152,411,501,928,183,292,73,333,323,45,157,359,219,60,253,118,247,287,91,345,124,212
537,490,215,94,547,123,517,154,165,207,443,617,990,348,284,323,400,976,546,75,300,548,341,203,360,145,368,249,258,704,772,1490,292,537,129,565,514,94,265,558,361,122,388,206,428,463,345,264,201,396
184,171,91,36,172,44,180,67,64,80,168,200,362,144,99,116,135,354,180,35,104,203,110,72,114,56,132,86,111,261,286,500,109,175,44,192,181,45,97,204,114,42,119,80,147,188,124,201,32,122
377,290,140,44,328,69,326,111,104,164,299,386,618,246,195,182,244,611,354,39,185,340,207,127,219,95,212,183,175,391,533,929,191,359,72,380,302,59,168,368,214,62,259,138,296,345,212,396,122,117
