274,463,233,100,501,107,501,180,167,240,424,517,859,411,310,362,371,874,521,65,336,489,350,214,373,139,361,284,289,590,652,1227,227,555,97,516,510,99,258,464,355,115,365,178,469,419,320,489,181,365
463,195,158,71,452,92,378,135,148,185,369,506,797,299,227,245,305,782,446,57,210,444,250,152,290,107,266,199,247,569,627,1231,229,388,109,477,398,80,202,415,238,89,310,176,359,423,309,433,174,282
233,158,31,41,215,53,192,61,71,89,178,220,359,131,91,103,154,333,199,19,93,194,106,75,118,45,115,88,96,227,303,579,102,197,45,190,187,31,100,220,109,28,168,52,151,179,107,206,70,133
100,71,41,5,70,20,82,30,31,45,79,89,148,47,37,49,60,143,84,13,62,88,51,36,53,20,73,48,55,102,138,182,36,72,18,81,78,19,42,90,58,19,54,41,69,73,52,79,24,76
501,452,215,70,244,123,505,166,181,229,418,545,901,347,276,314,391,870,509,58,293,554,331,192,312,129,340,244,256,633,768,1393,271,462,109,510,498,100,273,512,336,120,361,220,399,489,342,508,193,356
107,92,53,20,123,14,106,30,32,47,84,117,218,74,66,66,86,200,119,17,68,125,64,42,75,27,79,62,73,141,163,285,50,126,24,131,123,23,47,115,66,18,86,41,94,87,75,103,39,83
501,378,192,82,505,106,249,160,167,223,371,537,802,296,255,278,384,825,522,58,268,533,288,178,312,111,314,240,289,615,733,1360,240,445,112,494,462,84,252,494,305,106,338,177,358,453,304,511,177,359
180,135,61,30,166,30,160,21,47,65,113,169,284,127,83,91,108,264,158,22,77,186,80,69,89,29,90,68,73,174,240,471,92,132,26,159,155,22,74,139,94,28,121,48,136,137,115,175,62,105
167,148,71,31,181,32,167,47,26,65,128,182,282,105,87,98,124,283,184,16,97,194,127,84,118,48,108,73,89,192,241,456,96,141,37,152,177,28,86,145,110,38,117,52,133,145,104,165,44,115
240,185,89,45,229,47,223,65,65,40,162,232,329,133,143,143,153,330,213,26,128,232,135,98,146,47,131,93,117,248,293,599,122,206,38,192,221,38,108,232,141,50,154,74,178,184,130,230,66,131
424,369,178,79,418,84,371,113,128,162,171,435,741,271,255,271,303,717,437,55,239,428,254,180,305,100,295,187,226,548,619,1193,235,420,86,428,437,68,228,463,269,84,343,148,338,405,298,454,147,286
517,506,220,89,545,117,537,169,182,232,435,316,994,357,292,287,422,1012,580,64,306,569,309,215,367,134,367,262,245,687,887,1654,312,509,116,633,493,109,272,616,360,103,426,219,431,482,321,580,202,385
859,797,359,148,901,218,802,284,282,329,741,994,800,585,490,504,652,1502,896,97,509,919,510,346,558,228,623,425,448,1217,1360,2384,460,874,206,966,876,143,463,990,603,180,707,372,727,841,539,955,342,624
411,299,131,47,347,74,296,127,105,133,271,357,585,103,193,184,249,579,341,27,162,329,217,134,224,80,240,143,173,380,491,905,172,313,84,327,303,54,160,367,202,69,243,130,261,316,216,344,116,240
310,227,91,37,276,66,255,83,87,143,255,292,490,193,70,144,193,525,269,34,140,258,175,110,152,75,184,140,134,313,386,720,129,242,58,262,273,50,134,285,186,50,249,107,204,246,148,306,116,176
362,245,103,49,314,66,278,91,98,143,271,287,504,184,144,86,231,525,304,34,152,291,173,110,176,74,189,138,141,351,424,814,154,275,61,314,275,50,156,299,210,53,238,104,219,253,164,293,117,206
371,305,154,60,391,86,384,108,124,153,303,422,652,249,193,231,126,655,367,41,218,367,223,145,263,103,264,164,193,459,541,1020,180,355,82,361,357,63,189,403,238,84,280,131,328,335,252,388,125,228
874,782,333,143,870,200,825,264,283,330,717,1012,1502,579,525,525,655,865,937,106,496,915,568,344,614,234,629,434,447,1217,1374,2432,513,855,192,1004,857,139,452,983,571,182,712,366,756,838,576,919,333,611
521,446,199,84,509,119,522,158,184,213,437,580,896,341,269,304,367,937,252,64,273,501,314,218,334,146,385,228,263,631,756,1420,286,492,130,529,531,82,270,526,337,91,393,200,432,448,342,530,205,351
65,57,19,13,58,17,58,22,16,26,55,64,97,27,34,34,41,106,64,0,33,74,33,22,47,16,38,22,37,75,109,199,31,52,12,56,64,14,33,72,49,11,55,24,47,62,42,73,30,52
336,210,93,62,293,68,268,77,97,128,239,306,509,162,140,152,218,496,273,33,89,289,149,99,155,65,177,114,151,330,393,817,134,284,62,288,259,41,125,305,180,73,206,123,226,239,173,331,112,162
489,444,194,88,554,125,533,186,194,232,428,569,919,329,258,291,367,915,501,74,289,280,308,222,352,167,402,262,273,644,754,1435,243,506,121,526,529,94,291,505,324,101,376,198,421,462,341,529,202,359
350,250,106,51,331,64,288,80,127,135,254,309,510,217,175,173,223,568,314,33,149,308,92,109,201,69,187,136,158,380,452,859,166,289,70,314,274,50,156,329,221,56,215,94,237,265,191,294,115,197
214,152,75,36,192,42,178,69,84,98,180,215,346,134,110,110,145,344,218,22,99,222,109,44,141,62,134,83,134,283,314,571,81,187,47,202,192,41,98,203,117,41,134,76,154,178,129,224,87,145
373,290,118,53,312,75,312,89,118,146,305,367,558,224,152,176,263,614,334,47,155,352,201,141,107,74,206,164,164,437,471,922,170,318,78,332,322,58,182,341,214,66,223,114,240,305,172,324,118,235
139,107,45,20,129,27,111,29,48,47,100,134,228,80,75,74,103,234,146,16,65,167,69,62,74,18,71,66,67,156,208,399,73,131,28,139,117,21,68,137,93,29,90,46,103,131,79,133,55,72
361,266,115,73,340,79,314,90,108,131,295,367,623,240,184,189,264,629,385,38,177,402,187,134,206,71,102,155,175,449,522,1019,164,328,74,363,328,58,175,325,217,66,266,105,241,327,209,353,138,229
284,199,88,48,244,62,240,68,73,93,187,262,425,143,140,138,164,434,228,22,114,262,136,83,164,66,155,56,119,274,357,628,132,204,49,244,230,38,124,240,152,40,166,94,170,195,163,245,83,172
289,247,96,55,256,73,289,73,89,117,226,245,448,173,134,141,193,447,263,37,151,273,158,134,164,67,175,119,51,307,388,727,134,257,54,258,263,37,137,272,165,52,199,98,187,236,144,271,101,164
590,569,227,102,633,141,615,174,192,248,548,687,1217,380,313,351,459,1217,631,75,330,644,380,283,437,156,449,274,307,429,924,1796,349,568,149,679,602,100,282,723,427,131,501,268,530,574,391,651,226,424
652,627,303,138,768,163,733,240,241,293,619,887,1360,491,386,424,541,1374,756,109,393,754,452,314,471,208,522,357,388,924,564,2060,406,721,177,769,736,127,399,788,509,147,558,301,605,727,484,767,295,507
1227,1231,579,182,1393,285,1360,471,456,599,1193,1654,2384,905,720,814,1020,2432,1420,199,817,1435,859,571,922,399,1019,628,727,1796,2060,1839,756,1343,342,1552,1328,247,718,1476,924,319,1023,552,1139,1285,885,1422,517,968
227,229,102,36,271,50,240,92,96,122,235,312,460,172,129,154,180,513,286,31,134,243,166,81,170,73,164,132,134,349,406,756,69,250,61,286,255,38,145,281,184,52,188,118,199,261,172,278,113,183
555,388,197,72,462,126,445,132,141,206,420,509,874,313,242,275,355,855,492,52,284,506,289,187,318,131,328,204,257,568,721,1343,250,220,93,515,454,80,212,514,286,97,346,177,351,421,298,490,172,301
97,109,45,18,109,24,112,26,37,38,86,116,206,84,58,61,82,192,130,12,62,121,70,47,78,28,74,49,54,149,177,342,61,93,13,128,106,19,53,119,68,26,98,40,97,100,65,128,41,82
516,477,190,81,510,131,494,159,152,192,428,633,966,327,262,314,361,1004,529,56,288,526,314,202,332,139,363,244,258,679,769,1552,286,515,128,269,531,88,286,599,366,111,401,206,407,493,333,538,221,369
510,398,187,78,498,123,462,155,177,221,437,493,876,303,273,275,357,857,531,64,259,529,274,192,322,117,328,230,263,602,736,1328,255,454,106,531,210,79,209,492,320,116,313,195,362,416,325,507,173,344
99,80,31,19,100,23,84,22,28,38,68,109,143,54,50,50,63,139,82,14,41,94,50,41,58,21,58,38,37,100,127,247,38,80,19,88,79,9,46,96,57,17,63,32,70,70,58,97,30,65
258,202,100,42,273,47,252,74,86,108,228,272,463,160,134,156,189,452,270,33,125,291,156,98,182,68,175,124,137,282,399,718,145,212,53,286,209,46,60,243,180,55,191,100,216,245,189,297,99,172
464,415,220,90,512,115,494,139,145,232,463,616,990,367,285,299,403,983,526,72,305,505,329,203,341,137,325,240,272,723,788,1476,281,514,119,599,492,96,243,281,367,110,387,218,426,506,367,549,204,394
355,238,109,58,336,66,305,94,110,141,269,360,603,202,186,210,238,571,337,49,180,324,221,117,214,93,217,152,165,427,509,924,184,286,68,366,320,57,180,367,121,75,265,134,274,296,236,332,140,211
115,89,28,19,120,18,106,28,38,50,84,103,180,69,50,53,84,182,91,11,73,101,56,41,66,29,66,40,52,131,147,319,52,97,26,111,116,17,55,110,75,10,70,40,78,95,65,110,40,68
365,310,168,54,361,86,338,121,117,154,343,426,707,243,249,238,280,712,393,55,206,376,215,134,223,90,266,166,199,501,558,1023,188,346,98,401,313,63,191,387,265,70,159,154,295,363,254,392,137,244
178,176,52,41,220,41,177,48,52,74,148,219,372,130,107,104,131,366,200,24,123,198,94,76,114,46,105,94,98,268,301,552,118,177,40,206,195,32,100,218,134,40,154,42,129,178,122,158,58,145
469,359,151,69,399,94,358,136,133,178,338,431,727,261,204,219,328,756,432,47,226,421,237,154,240,103,241,170,187,530,605,1139,199,351,97,407,362,70,216,426,274,78,295,129,142,383,229,404,156,275
419,423,179,73,489,87,453,137,145,184,405,482,841,316,246,253,335,838,448,62,239,462,265,178,305,131,327,195,236,574,727,1285,261,421,100,493,416,70,245,506,296,95,363,178,383,220,292,471,164,317
320,309,107,52,342,75,304,115,104,130,298,321,539,216,148,164,252,576,342,42,173,341,191,129,172,79,209,163,144,391,484,885,172,298,65,333,325,58,189,367,236,65,254,122,229,292,88,340,124,229
489,433,206,79,508,103,511,175,165,230,454,580,955,344,306,293,388,919,530,73,331,529,294,224,324,133,353,245,271,651,767,1422,278,490,128,538,507,97,297,549,332,110,392,158,404,471,340,250,196,381
181,174,70,24,193,39,177,62,44,66,147,202,342,116,116,117,125,333,205,30,112,202,115,87,118,55,138,83,101,226,295,517,113,172,41,221,173,30,99,204,140,40,137,58,156,164,124,196,30,118
365,282,133,76,356,83,359,105,115,131,286,385,624,240,176,206,228,611,351,52,162,359,197,145,235,72,229,172,164,424,507,968,183,301,82,369,344,65,172,394,211,68,244,145,275,317,229,381,118,131
