279,433,214,77,499,105,506,196,188,251,421,524,881,358,318,358,398,841,519,70,332,535,361,184,362,159,377,291,297,623,748,1231,258,486,96,555,494,95,264,475,324,113,358,196,401,425,326,518,176,374
433,167,158,80,454,101,444,140,141,165,344,526,820,262,204,233,304,832,428,64,230,443,245,149,283,124,301,217,228,513,659,1263,251,413,93,439,422,74,236,449,281,90,311,169,340,392,271,488,166,270
214,158,31,31,204,55,189,47,53,93,182,212,381,111,101,114,165,370,208,24,103,202,129,76,122,48,118,72,105,277,303,554,102,192,48,209,183,34,95,211,113,45,158,59,174,193,117,221,82,115
77,80,31,5,88,23,81,26,27,35,72,97,152,60,50,54,57,152,73,11,50,77,61,36,61,29,65,46,55,104,101,220,41,85,11,105,83,18,47,100,56,19,61,29,72,77,63,82,21,48
499,454,204,88,244,126,482,168,159,224,452,544,937,315,259,302,384,934,553,64,269,543,311,208,349,158,328,245,297,660,803,1418,271,490,115,563,471,71,256,561,336,98,418,186,433,493,316,545,189,359
105,101,55,23,126,10,104,29,40,38,88,121,207,83,57,63,85,207,116,15,72,117,70,45,61,32,85,47,65,158,151,271,52,108,25,134,117,14,66,120,78,26,84,38,95,108,77,109,37,79
506,444,189,81,482,104,220,134,176,187,394,562,878,329,258,285,335,906,467,65,269,482,307,213,310,148,374,228,271,616,713,1394,287,452,125,567,451,60,241,535,313,101,356,182,388,473,289,483,206,326
196,140,47,26,168,29,134,20,45,67,132,160,297,101,73,81,109,283,169,19,80,160,88,65,90,44,98,72,94,201,231,390,75,146,22,145,137,29,59,151,86,31,123,49,112,140,94,132,44,117
188,141,53,27,159,40,176,45,26,68,145,177,304,113,87,99,119,333,159,22,85,183,94,76,117,41,104,70,90,226,261,480,91,160,36,167,145,23,68,176,107,30,136,60,142,158,105,174,58,88
251,165,93,35,224,38,187,67,68,39,160,219,381,147,128,125,145,399,237,43,106,229,123,68,148,67,144,110,102,255,344,570,115,198,58,230,190,37,98,212,152,37,154,80,178,202,136,190,89,133
421,344,182,72,452,88,394,132,145,160,174,490,757,287,251,264,288,751,472,67,237,466,251,161,280,111,285,212,215,563,673,1200,230,406,97,430,419,82,212,436,288,100,310,171,350,392,256,404,161,302
524,526,212,97,544,121,562,160,177,219,490,300,1030,343,311,321,403,1081,547,74,296,613,352,240,352,141,395,251,279,721,900,1597,281,519,126,607,499,96,271,652,358,104,408,204,491,546,330,605,200,351
881,820,381,152,937,207,878,297,304,381,757,1030,824,559,475,542,685,1451,923,116,495,934,501,324,610,227,602,427,453,1154,1344,2567,497,886,200,1045,845,149,448,939,599,197,678,379,765,799,565,927,318,628
358,262,111,60,315,83,329,101,113,147,287,343,559,116,194,200,238,554,299,34,177,343,215,128,205,81,210,161,168,389,487,909,157,322,72,346,323,56,156,362,210,61,246,123,238,282,193,340,126,226
318,204,101,50,259,57,258,73,87,128,251,311,475,194,71,148,202,464,264,42,139,243,169,99,164,62,164,110,136,361,399,705,136,265,67,248,271,49,139,294,164,46,213,119,203,242,159,292,93,195
358,233,114,54,302,63,285,81,99,125,264,321,542,200,148,74,219,532,306,33,148,265,197,110,183,70,172,134,166,378,417,798,161,271,58,303,310,51,163,317,192,64,245,108,227,284,173,292,110,189
398,304,165,57,384,85,335,109,119,145,288,403,685,238,202,219,122,680,356,39,213,357,209,138,220,103,261,195,192,422,585,1035,221,328,92,371,313,61,181,354,257,74,276,139,269,337,223,367,143,260
841,832,370,152,934,207,906,283,333,399,751,1081,1451,554,464,532,680,799,933,105,510,940,500,336,586,232,618,404,479,1169,1374,2499,532,853,205,1028,826,145,460,952,601,197,716,366,744,824,552,934,305,600
519,428,208,73,553,116,467,169,159,237,472,547,923,299,264,306,356,933,269,65,299,476,284,169,308,134,343,240,252,630,841,1424,254,478,116,543,433,87,266,579,346,97,409,208,368,489,319,564,177,348
70,64,24,11,64,15,65,19,22,43,67,74,116,34,42,33,39,105,65,8,33,67,35,25,43,16,35,23,24,83,103,199,36,68,9,56,50,11,33,79,38,9,47,20,48,57,43,71,23,54
332,230,103,50,269,72,269,80,85,106,237,296,495,177,139,148,213,510,299,33,67,306,146,100,162,65,179,105,118,344,453,761,137,253,74,291,260,54,143,300,193,56,214,106,212,286,171,311,110,190
535,443,202,77,543,117,482,160,183,229,466,613,934,343,243,265,357,940,476,67,306,256,309,190,350,131,355,240,277,677,820,1424,271,490,111,550,448,99,246,521,338,97,398,202,394,515,329,564,204,350
361,245,129,61,311,70,307,88,94,123,251,352,501,215,169,197,209,500,284,35,146,309,88,120,172,77,225,158,149,361,414,763,155,290,63,282,309,61,151,306,186,49,240,123,257,252,204,299,100,224
184,149,76,36,208,45,213,65,76,68,161,240,324,128,99,110,138,336,169,25,100,190,120,35,124,56,136,91,109,232,298,531,94,222,47,205,193,32,84,199,133,49,147,77,142,176,126,206,89,142
362,283,122,61,349,61,310,90,117,148,280,352,610,205,164,183,220,586,308,43,162,350,172,124,101,66,176,168,146,389,513,954,176,317,61,331,350,62,166,358,229,70,254,118,228,297,191,371,125,241
159,124,48,29,158,32,148,44,41,67,111,141,227,81,62,70,103,232,134,16,65,131,77,56,66,16,82,63,58,155,204,338,83,120,31,141,117,21,67,160,92,35,109,50,112,127,76,146,49,95
377,301,118,65,328,85,374,98,104,144,285,395,602,210,164,172,261,618,343,35,179,355,225,136,176,82,107,154,155,431,538,934,182,340,81,365,344,58,172,390,240,80,259,111,240,300,189,371,139,253
291,217,72,46,245,47,228,72,70,110,212,251,427,161,110,134,195,404,240,23,105,240,158,91,168,63,154,61,129,275,343,625,134,221,45,214,223,43,122,254,173,51,198,86,219,224,144,262,93,162
297,228,105,55,297,65,271,94,90,102,215,279,453,168,136,166,192,479,252,24,118,277,149,109,146,58,155,129,67,338,368,722,128,271,59,258,244,49,141,271,139,56,193,87,173,247,167,284,112,171
623,513,277,104,660,158,616,201,226,255,563,721,1154,389,361,378,422,1169,630,83,344,677,361,232,389,155,431,275,338,425,1062,1847,378,603,163,671,593,98,330,730,448,122,498,256,500,619,408,696,259,407
748,659,303,101,803,151,713,231,261,344,673,900,1344,487,399,417,585,1374,841,103,453,820,414,298,513,204,538,343,368,1062,604,2070,418,724,198,804,693,162,370,808,524,163,603,287,619,734,524,786,300,505
1231,1263,554,220,1418,271,1394,390,480,570,1200,1597,2567,909,705,798,1035,2499,1424,199,761,1424,763,531,954,338,934,625,722,1847,2070,1964,776,1336,332,1579,1272,256,690,1495,947,299,1053,580,1109,1319,914,1436,505,881
258,251,102,41,271,52,287,75,91,115,230,281,497,157,136,161,221,532,254,36,137,271,155,94,176,83,182,134,128,378,418,776,75,261,68,294,257,50,143,269,191,61,221,119,219,261,175,283,98,170
486,413,192,85,490,108,452,146,160,198,406,519,886,322,265,271,328,853,478,68,253,490,290,222,317,120,340,221,271,603,724,1336,261,219,100,472,464,69,228,527,321,101,391,182,417,446,310,522,179,313
96,93,48,11,115,25,125,22,36,58,97,126,200,72,67,58,92,205,116,9,74,111,63,47,61,31,81,45,59,163,198,332,68,100,17,147,89,15,71,131,65,27,103,50,86,131,76,129,39,64
555,439,209,105,563,134,567,145,167,230,430,607,1045,346,248,303,371,1028,543,56,291,550,282,205,331,141,365,214,258,671,804,1579,294,472,147,267,527,82,250,569,353,116,406,197,403,509,333,552,202,349
494,422,183,83,471,117,451,137,145,190,419,499,845,323,271,310,313,826,433,50,260,448,309,193,350,117,344,223,244,593,693,1272,257,464,89,527,226,82,230,490,289,87,357,165,404,462,301,511,149,320
95,74,34,18,71,14,60,29,23,37,82,96,149,56,49,51,61,145,87,11,54,99,61,32,62,21,58,43,49,98,162,256,50,69,15,82,82,9,44,88,50,24,53,34,70,90,39,86,38,67
264,236,95,47,256,66,241,59,68,98,212,271,448,156,139,163,181,460,266,33,143,246,151,84,166,67,172,122,141,330,370,690,143,228,71,250,230,44,67,260,159,48,198,80,206,215,143,249,108,164
475,449,211,100,561,120,535,151,176,212,436,652,939,362,294,317,354,952,579,79,300,521,306,199,358,160,390,254,271,730,808,1495,269,527,131,569,490,88,260,318,364,99,407,221,447,508,332,600,225,348
324,281,113,56,336,78,313,86,107,152,288,358,599,210,164,192,257,601,346,38,193,338,186,133,229,92,240,173,139,448,524,947,191,321,65,353,289,50,159,364,101,78,255,140,276,300,229,367,134,239
113,90,45,19,98,26,101,31,30,37,100,104,197,61,46,64,74,197,97,9,56,97,49,49,70,35,80,51,56,122,163,299,61,101,27,116,87,24,48,99,78,10,88,38,80,94,60,108,42,73
358,311,158,61,418,84,356,123,136,154,310,408,678,246,213,245,276,716,409,47,214,398,240,147,254,109,259,198,193,498,603,1053,221,391,103,406,357,53,198,407,255,88,148,158,293,345,236,398,166,273
196,169,59,29,186,38,182,49,60,80,171,204,379,123,119,108,139,366,208,20,106,202,123,77,118,50,111,86,87,256,287,580,119,182,50,197,165,34,80,221,140,38,158,34,155,192,142,210,85,147
401,340,174,72,433,95,388,112,142,178,350,491,765,238,203,227,269,744,368,48,212,394,257,142,228,112,240,219,173,500,619,1109,219,417,86,403,404,70,206,447,276,80,293,155,147,370,266,434,140,292
425,392,193,77,493,108,473,140,158,202,392,546,799,282,242,284,337,824,489,57,286,515,252,176,297,127,300,224,247,619,734,1319,261,446,131,509,462,90,215,508,300,94,345,192,370,202,296,504,185,270
326,271,117,63,316,77,289,94,105,136,256,330,565,193,159,173,223,552,319,43,171,329,204,126,191,76,189,144,167,408,524,914,175,310,76,333,301,39,143,332,229,60,236,142,266,296,113,331,133,234
518,488,221,82,545,109,483,132,174,190,404,605,927,340,292,292,367,934,564,71,311,564,299,206,371,146,371,262,284,696,786,1436,283,522,129,552,511,86,249,600,367,108,398,210,434,504,331,269,203,366
176,166,82,21,189,37,206,44,58,89,161,200,318,126,93,110,143,305,177,23,110,204,100,89,125,49,139,93,112,259,300,505,98,179,39,202,149,38,108,225,134,42,166,85,140,185,133,203,25,123
374,270,115,48,359,79,326,117,88,133,302,351,628,226,195,189,260,600,348,54,190,350,224,142,241,95,253,162,171,407,505,881,170,313,64,349,320,67,164,348,239,73,273,147,292,270,234,366,123,128
