262,410,192,81,532,106,485,206,180,233,390,486,844,383,343,365,356,822,490,76,346,500,382,211,376,151,379,282,305,652,706,1178,262,474,117,545,496,84,286,520,344,104,365,196,471,423,358,507,180,385
410,192,160,86,436,99,443,128,130,192,399,519,759,284,239,233,277,787,459,60,241,501,281,171,287,119,321,185,213,553,668,1188,218,403,96,422,424,62,212,460,238,99,344,136,369,427,251,453,161,286
192,160,34,34,194,49,183,52,60,99,202,227,386,127,105,107,148,356,207,19,119,218,118,100,132,51,134,86,101,262,323,571,94,170,55,227,194,37,92,218,113,45,171,65,142,185,119,215,79,123
81,86,34,9,101,20,72,28,37,39,67,88,148,58,46,60,59,132,92,9,52,80,54,38,59,21,68,49,61,110,120,208,40,76,14,96,78,10,39,88,54,22,56,26,78,81,53,80,32,41
532,436,194,101,268,105,491,148,154,219,412,561,883,363,284,290,375,899,517,60,274,560,327,207,301,129,350,232,250,613,769,1380,282,523,135,546,488,99,251,515,376,97,368,192,404,462,314,530,204,330
106,99,49,20,105,13,86,43,39,49,93,129,191,69,72,72,100,182,105,8,61,84,77,41,70,32,79,62,69,133,151,249,63,103,24,142,116,12,50,110,67,16,87,40,92,86,68,109,42,78
485,443,183,72,491,86,238,158,159,211,412,532,868,328,267,279,357,867,490,56,264,483,300,197,294,112,330,228,263,643,747,1314,251,425,94,547,436,67,246,550,307,88,365,191,371,443,271,521,175,302
206,128,52,28,148,43,158,20,48,77,128,160,292,116,89,83,115,273,153,21,71,168,87,59,97,49,109,67,66,199,237,445,77,152,31,177,165,31,64,156,108,28,139,48,120,139,96,162,58,96
180,130,60,37,154,39,159,48,27,75,143,184,279,117,69,89,143,284,151,16,86,165,112,69,91,48,106,78,86,201,261,423,88,158,36,181,168,25,83,179,92,25,133,54,125,131,85,169,60,91
233,192,99,39,219,49,211,77,75,42,159,235,375,135,109,116,154,397,219,31,111,197,136,83,151,48,133,112,116,265,305,572,106,226,50,228,215,38,116,227,144,57,182,87,177,162,141,218,95,156
390,399,202,67,412,93,412,128,143,159,162,506,775,265,226,236,323,802,435,52,212,409,267,168,287,103,275,214,214,535,646,1154,250,423,84,452,410,59,194,450,287,95,362,159,326,352,259,448,163,310
486,519,227,88,561,129,532,160,184,235,506,301,985,342,273,320,387,1048,590,78,330,578,330,227,419,123,379,253,289,725,858,1488,275,563,113,578,482,94,289,612,373,121,423,187,461,513,359,544,199,392
844,759,386,148,883,191,868,292,279,375,775,985,779,590,489,535,668,1425,960,125,487,953,542,357,592,212,605,454,480,1155,1387,2356,453,856,192,983,809,167,486,905,621,206,677,351,690,859,570,918,285,640
383,284,127,58,363,69,328,116,117,135,265,342,590,113,181,180,242,577,351,42,184,323,200,128,216,76,207,158,166,425,502,919,167,325,59,339,334,50,171,335,216,78,258,121,260,301,205,341,133,217
343,239,105,46,284,72,267,89,69,109,226,273,489,181,65,135,216,476,280,31,133,298,163,123,155,64,171,116,132,326,400,753,137,239,65,276,269,46,134,264,181,48,195,90,209,257,159,285,102,190
365,233,107,60,290,72,279,83,89,116,236,320,535,180,135,69,214,516,289,31,156,301,158,125,166,74,190,124,151,366,419,822,139,259,64,295,298,43,133,284,188,54,243,108,222,268,172,321,114,185
356,277,148,59,375,100,357,115,143,154,323,387,668,242,216,214,129,696,380,58,199,358,216,133,238,106,242,187,190,468,533,1045,190,338,79,376,345,57,197,376,235,94,256,155,318,318,217,424,128,232
822,787,356,132,899,182,867,273,284,397,802,1048,1425,577,476,516,696,761,927,112,482,950,546,405,613,231,623,435,476,1124,1330,2299,427,829,196,964,793,178,440,974,645,201,662,345,721,872,552,941,276,670
490,459,207,92,517,105,490,153,151,219,435,590,960,351,280,289,380,927,268,72,275,503,316,217,337,118,314,247,270,655,775,1362,291,468,106,530,485,85,280,593,341,99,381,200,401,523,305,543,181,356
76,60,19,9,60,8,56,21,16,31,52,78,125,42,31,31,58,112,72,5,43,64,33,31,37,17,44,20,25,87,87,180,32,52,11,72,61,10,39,58,36,16,47,26,50,56,32,71,25,48
346,241,119,52,274,61,264,71,86,111,212,330,487,184,133,156,199,482,275,43,70,274,159,112,196,64,188,159,124,352,401,784,146,250,65,282,246,42,132,284,171,62,262,95,210,230,168,283,106,194
500,501,218,80,560,84,483,168,165,197,409,578,953,323,298,301,358,950,503,64,274,279,304,219,354,136,363,261,283,673,767,1424,264,445,118,533,460,82,279,553,363,107,381,194,407,475,289,538,188,305
382,281,118,54,327,77,300,87,112,136,267,330,542,200,163,158,216,546,316,33,159,304,85,119,193,74,206,144,127,355,482,833,150,317,69,291,284,50,143,321,203,68,242,123,230,259,183,326,106,215
211,171,100,38,207,41,197,59,69,83,168,227,357,128,123,125,133,405,217,31,112,219,119,32,119,45,117,77,103,243,295,616,107,205,38,193,200,31,87,244,113,38,171,76,158,208,132,194,73,124
376,287,132,59,301,70,294,97,91,151,287,419,592,216,155,166,238,613,337,37,196,354,193,119,100,91,219,145,166,389,518,950,188,293,89,318,310,58,143,348,221,70,267,135,245,324,194,340,116,212
151,119,51,21,129,32,112,49,48,48,103,123,212,76,64,74,106,231,118,17,64,136,74,45,91,16,86,54,69,143,190,331,62,119,26,124,128,22,62,148,85,20,108,45,109,128,74,110,43,100
379,321,134,68,350,79,330,109,106,133,275,379,605,207,171,190,242,623,314,44,188,363,206,117,219,86,111,142,157,393,486,960,143,336,73,336,336,55,181,392,235,68,288,118,262,314,203,342,133,228
282,185,86,49,232,62,228,67,78,112,214,253,454,158,116,124,187,435,247,20,159,261,144,77,145,54,142,55,113,271,371,671,124,225,58,251,226,44,103,242,140,43,208,77,180,234,173,250,71,149
305,213,101,61,250,69,263,66,86,116,214,289,480,166,132,151,190,476,270,25,124,283,127,103,166,69,157,113,60,308,387,671,133,267,58,273,245,52,117,258,156,46,200,88,213,247,148,254,99,171
652,553,262,110,613,133,643,199,201,265,535,725,1155,425,326,366,468,1124,655,87,352,673,355,243,389,143,393,271,308,375,985,1772,354,588,143,674,611,125,309,722,422,128,463,249,524,603,391,648,239,409
706,668,323,120,769,151,747,237,261,305,646,858,1387,502,400,419,533,1330,775,87,401,767,482,295,518,190,486,371,387,985,553,2007,409,732,162,814,663,131,408,791,532,172,571,302,594,675,464,778,280,494
1178,1188,571,208,1380,249,1314,445,423,572,1154,1488,2356,919,753,822,1045,2299,1362,180,784,1424,833,616,950,331,960,671,671,1772,2007,1863,700,1274,287,1464,1248,236,708,1460,878,294,1012,536,1105,1264,876,1448,456,994
262,218,94,40,282,63,251,77,88,106,250,275,453,167,137,139,190,427,291,32,146,264,150,107,188,62,143,124,133,354,409,700,71,260,63,292,246,41,109,285,215,54,188,108,204,259,173,246,89,185
474,403,170,76,523,103,425,152,158,226,423,563,856,325,239,259,338,829,468,52,250,445,317,205,293,119,336,225,267,588,732,1274,260,210,98,521,439,79,227,496,310,108,345,196,390,396,281,486,174,338
117,96,55,14,135,24,94,31,36,50,84,113,192,59,65,64,79,196,106,11,65,118,69,38,89,26,73,58,58,143,162,287,63,98,7,122,113,16,41,130,60,18,90,40,93,95,74,113,34,90
545,422,227,96,546,142,547,177,181,228,452,578,983,339,276,295,376,964,530,72,282,533,291,193,318,124,336,251,273,674,814,1464,292,521,122,292,488,78,290,601,365,110,406,208,395,485,331,556,195,373
496,424,194,78,488,116,436,165,168,215,410,482,809,334,269,298,345,793,485,61,246,460,284,200,310,128,336,226,245,611,663,1248,246,439,113,488,209,77,239,496,309,97,366,170,363,404,280,471,171,315
84,62,37,10,99,12,67,31,25,38,59,94,167,50,46,43,57,178,85,10,42,82,50,31,58,22,55,44,52,125,131,236,41,79,16,78,77,4,45,80,64,10,63,28,69,68,58,91,34,57
286,212,92,39,251,50,246,64,83,116,194,289,486,171,134,133,197,440,280,39,132,279,143,87,143,62,181,103,117,309,408,708,109,227,41,290,239,45,63,300,181,47,202,89,190,228,161,240,81,182
520,460,218,88,515,110,550,156,179,227,450,612,905,335,264,284,376,974,593,58,284,553,321,244,348,148,392,242,258,722,791,1460,285,496,130,601,496,80,300,299,351,122,422,204,405,470,336,541,190,360
344,238,113,54,376,67,307,108,92,144,287,373,621,216,181,188,235,645,341,36,171,363,203,113,221,85,235,140,156,422,532,878,215,310,60,365,309,64,181,351,107,70,253,133,244,309,218,357,115,216
104,99,45,22,97,16,88,28,25,57,95,121,206,78,48,54,94,201,99,16,62,107,68,38,70,20,68,43,46,128,172,294,54,108,18,110,97,10,47,122,70,8,78,30,73,102,58,95,38,97
365,344,171,56,368,87,365,139,133,182,362,423,677,258,195,243,256,662,381,47,262,381,242,171,267,108,288,208,200,463,571,1012,188,345,90,406,366,63,202,422,253,78,142,143,296,312,240,370,124,255
196,136,65,26,192,40,191,48,54,87,159,187,351,121,90,108,155,345,200,26,95,194,123,76,135,45,118,77,88,249,302,536,108,196,40,208,170,28,89,204,133,30,143,37,141,171,125,188,67,140
471,369,142,78,404,92,371,120,125,177,326,461,690,260,209,222,318,721,401,50,210,407,230,158,245,109,262,180,213,524,594,1105,204,390,93,395,363,69,190,405,244,73,296,141,151,362,251,406,133,261
423,427,185,81,462,86,443,139,131,162,352,513,859,301,257,268,318,872,523,56,230,475,259,208,324,128,314,234,247,603,675,1264,259,396,95,485,404,68,228,470,309,102,312,171,362,198,300,497,178,325
358,251,119,53,314,68,271,96,85,141,259,359,570,205,159,172,217,552,305,32,168,289,183,132,194,74,203,173,148,391,464,876,173,281,74,331,280,58,161,336,218,58,240,125,251,300,110,336,126,212
507,453,215,80,530,109,521,162,169,218,448,544,918,341,285,321,424,941,543,71,283,538,326,194,340,110,342,250,254,648,778,1448,246,486,113,556,471,91,240,541,357,95,370,188,406,497,336,290,179,353
180,161,79,32,204,42,175,58,60,95,163,199,285,133,102,114,128,276,181,25,106,188,106,73,116,43,133,71,99,239,280,456,89,174,34,195,171,34,81,190,115,38,124,67,133,178,126,179,28,130
385,286,123,41,330,78,302,96,91,156,310,392,640,217,190,185,232,670,356,48,194,305,215,124,212,100,228,149,171,409,494,994,185,338,90,373,315,57,182,360,216,97,255,140,261,325,212,353,130,123
