257,459,237,82,487,104,474,171,168,229,472,519,821,396,313,341,366,816,526,71,353,556,384,198,377,164,393,290,297,601,713,1122,247,486,108,510,488,76,245,488,299,112,378,190,460,448,381,468,182,402
459,156,189,74,415,104,411,108,163,188,366,489,815,263,231,259,329,821,454,49,246,431,269,153,282,95,264,187,239,541,646,1283,247,411,98,463,397,85,208,480,265,91,338,161,362,418,275,449,173,291
237,189,38,36,208,45,202,54,72,89,174,196,349,134,118,115,146,351,201,27,90,193,115,76,130,60,129,100,92,242,278,562,110,195,33,222,187,32,93,232,139,45,155,74,166,188,133,210,75,140
82,74,36,8,70,21,88,26,31,33,63,105,150,58,42,55,56,172,82,8,52,87,57,37,59,19,68,36,44,99,112,222,38,92,22,98,72,7,41,82,49,19,63,33,76,77,50,93,36,65
487,415,208,70,280,103,496,171,168,202,432,571,954,350,260,290,391,934,515,83,304,557,318,206,324,112,338,259,273,645,768,1471,273,473,112,551,466,86,290,531,343,114,373,196,406,473,335,530,194,383
104,104,45,21,103,14,112,32,40,42,97,124,180,66,68,72,80,206,129,14,76,122,84,41,74,29,86,48,54,139,157,300,52,119,24,135,112,12,49,122,84,22,85,48,100,114,70,132,48,79
474,411,202,88,496,112,226,136,164,195,403,576,922,323,268,283,346,902,507,69,268,524,326,202,326,113,294,213,249,617,739,1385,272,456,125,521,443,79,236,493,316,114,390,198,394,442,314,491,203,338
171,108,54,26,171,32,136,19,52,66,137,181,254,111,64,80,96,293,166,17,81,168,75,60,95,26,93,60,82,207,206,434,73,154,34,148,156,20,63,160,83,34,115,60,101,122,96,143,47,105
168,163,72,31,168,40,164,52,27,79,153,194,334,126,87,83,110,315,174,18,91,179,106,76,106,37,109,92,66,204,265,481,112,151,38,171,166,21,78,174,104,37,125,56,140,153,114,173,69,114
229,188,89,33,202,42,195,66,79,41,180,180,353,144,105,128,152,379,204,30,127,208,136,85,143,53,148,110,116,239,300,512,118,198,54,216,196,28,105,193,132,51,153,75,183,174,140,219,79,154
472,366,174,63,432,97,403,137,153,180,194,461,783,285,228,241,307,778,427,54,243,427,252,163,283,109,271,215,241,521,630,1148,232,412,101,468,385,72,222,457,283,95,311,149,346,358,280,429,145,318
519,489,196,105,571,124,576,181,194,180,461,304,1038,350,294,307,407,1068,620,65,317,585,303,204,375,147,388,280,297,719,882,1608,307,528,134,609,544,112,296,622,374,141,415,226,428,547,328,593,210,391
821,815,349,150,954,180,922,254,334,353,783,1038,778,625,483,537,700,1496,926,126,518,935,560,375,640,243,662,458,491,1138,1355,2424,498,829,201,1014,848,159,474,968,593,197,700,356,724,802,591,951,360,626
396,263,134,58,350,66,323,111,126,144,285,350,625,96,166,198,256,605,378,47,166,366,216,143,232,85,224,154,195,410,458,874,193,322,77,332,331,50,167,315,224,63,269,106,260,305,196,338,134,247
313,231,118,42,260,68,268,64,87,105,228,294,483,166,72,131,191,498,281,34,129,265,157,115,190,71,185,128,131,338,391,708,159,254,55,267,275,40,110,279,178,42,225,97,204,232,143,271,106,176
341,259,115,55,290,72,283,80,83,128,241,307,537,198,131,72,203,534,280,38,141,305,176,117,169,55,179,140,143,341,430,780,172,270,56,252,272,36,120,296,207,56,242,108,209,240,156,310,118,214
366,329,146,56,391,80,346,96,110,152,307,407,700,256,191,203,125,658,359,48,198,390,218,152,234,82,235,170,210,465,531,1038,206,335,80,353,361,61,173,353,221,79,274,136,333,340,233,374,121,240
816,821,351,172,934,206,902,293,315,379,778,1068,1496,605,498,534,658,808,880,115,487,883,542,388,646,230,643,419,456,1146,1354,2477,476,822,198,965,866,152,481,984,614,182,673,371,739,834,584,940,350,628
526,454,201,82,515,129,507,166,174,204,427,620,926,378,281,280,359,880,259,69,291,511,307,236,349,119,332,230,265,649,712,1406,299,497,114,543,521,92,257,542,342,87,398,191,449,470,369,508,205,314
71,49,27,8,83,14,69,17,18,30,54,65,126,47,34,38,48,115,69,4,34,82,27,25,33,14,42,21,32,67,105,176,47,51,15,61,54,5,29,68,38,19,32,23,48,54,43,59,22,43
353,246,90,52,304,76,268,81,91,127,243,317,518,166,129,141,198,487,291,34,72,302,166,122,178,67,181,99,148,339,456,748,144,264,58,267,264,54,132,279,169,60,231,103,246,243,177,288,106,187
556,431,193,87,557,122,524,168,179,208,427,585,935,366,265,305,390,883,511,82,302,271,305,198,339,120,343,212,277,643,764,1445,285,501,126,527,500,87,257,522,331,106,411,187,408,484,341,543,185,382
384,269,115,57,318,84,326,75,106,136,252,303,560,216,157,176,218,542,307,27,166,305,100,128,200,77,194,131,157,374,452,860,197,286,61,324,321,48,126,317,201,52,229,106,256,256,190,306,108,222
198,153,76,37,206,41,202,60,76,85,163,204,375,143,115,117,152,388,236,25,122,198,128,42,140,52,124,103,91,227,298,565,98,182,52,216,217,27,94,227,148,44,161,101,173,180,134,229,82,144
377,282,130,59,324,74,326,95,106,143,283,375,640,232,190,169,234,646,349,33,178,339,200,140,116,82,197,164,158,408,522,980,175,286,71,313,280,63,166,383,242,68,232,143,280,329,214,335,149,217
164,95,60,19,112,29,113,26,37,53,109,147,243,85,71,55,82,230,119,14,67,120,77,52,82,11,68,71,65,148,202,383,75,109,20,143,110,24,60,138,87,28,83,58,115,123,63,140,37,85
393,264,129,68,338,86,294,93,109,148,271,388,662,224,185,179,235,643,332,42,181,343,194,124,197,68,94,169,166,421,515,1020,195,316,85,361,294,62,174,360,211,66,256,133,257,354,196,349,137,224
290,187,100,36,259,48,213,60,92,110,215,280,458,154,128,140,170,419,230,21,99,212,131,103,164,71,169,50,102,293,346,639,122,196,52,259,211,28,126,238,141,41,204,83,194,210,157,274,84,150
297,239,92,44,273,54,249,82,66,116,241,297,491,195,131,143,210,456,265,32,148,277,157,91,158,65,166,102,66,309,405,692,130,218,57,256,244,43,144,262,160,64,196,97,208,207,152,275,111,185
601,541,242,99,645,139,617,207,204,239,521,719,1138,410,338,341,465,1146,649,67,339,643,374,227,408,148,421,293,309,349,954,1849,383,552,150,658,580,100,331,739,406,150,509,244,523,597,421,673,252,422
713,646,278,112,768,157,739,206,265,300,630,882,1355,458,391,430,531,1354,712,105,456,764,452,298,522,202,515,346,405,954,598,2080,407,746,174,771,723,137,352,834,495,161,575,299,629,677,510,786,300,511
1122,1283,562,222,1471,300,1385,434,481,512,1148,1608,2424,874,708,780,1038,2477,1406,176,748,1445,860,565,980,383,1020,639,692,1849,2080,1970,790,1274,318,1497,1231,276,720,1510,867,291,998,563,1116,1351,861,1463,496,869
247,247,110,38,273,52,272,73,112,118,232,307,498,193,159,172,206,476,299,47,144,285,197,98,175,75,195,122,130,383,407,790,83,253,57,305,239,44,120,287,164,47,193,119,219,262,157,265,101,187
486,411,195,92,473,119,456,154,151,198,412,528,829,322,254,270,335,822,497,51,264,501,286,182,286,109,316,196,218,552,746,1274,253,222,95,509,451,75,243,482,316,100,384,175,361,416,298,505,169,341
108,98,33,22,112,24,125,34,38,54,101,134,201,77,55,56,80,198,114,15,58,126,61,52,71,20,85,52,57,150,174,318,57,95,10,123,115,15,45,121,71,15,91,48,79,111,64,100,30,69
510,463,222,98,551,135,521,148,171,216,468,609,1014,332,267,252,353,965,543,61,267,527,324,216,313,143,361,259,256,658,771,1497,305,509,123,273,485,84,251,590,320,120,401,228,418,476,328,568,228,366
488,397,187,72,466,112,443,156,166,196,385,544,848,331,275,272,361,866,521,54,264,500,321,217,280,110,294,211,244,580,723,1231,239,451,115,485,221,68,235,477,297,97,364,181,361,425,285,489,194,321
76,85,32,7,86,12,79,20,21,28,72,112,159,50,40,36,61,152,92,5,54,87,48,27,63,24,62,28,43,100,137,276,44,75,15,84,68,7,34,95,59,21,74,32,74,85,53,91,36,46
245,208,93,41,290,49,236,63,78,105,222,296,474,167,110,120,173,481,257,29,132,257,126,94,166,60,174,126,144,331,352,720,120,243,45,251,235,34,57,245,133,61,189,109,202,242,174,252,79,151
488,480,232,82,531,122,493,160,174,193,457,622,968,315,279,296,353,984,542,68,279,522,317,227,383,138,360,238,262,739,834,1510,287,482,121,590,477,95,245,300,366,114,425,206,437,520,340,519,191,370
299,265,139,49,343,84,316,83,104,132,283,374,593,224,178,207,221,614,342,38,169,331,201,148,242,87,211,141,160,406,495,867,164,316,71,320,297,59,133,366,134,68,251,106,278,312,215,357,125,205
112,91,45,19,114,22,114,34,37,51,95,141,197,63,42,56,79,182,87,19,60,106,52,44,68,28,66,41,64,150,161,291,47,100,15,120,97,21,61,114,68,15,78,37,70,89,61,105,32,75
378,338,155,63,373,85,390,115,125,153,311,415,700,269,225,242,274,673,398,32,231,411,229,161,232,83,256,204,196,509,575,998,193,384,91,401,364,74,189,425,251,78,145,142,315,335,243,396,133,247
190,161,74,33,196,48,198,60,56,75,149,226,356,106,97,108,136,371,191,23,103,187,106,101,143,58,133,83,97,244,299,563,119,175,48,228,181,32,109,206,106,37,142,43,167,178,114,209,70,128
460,362,166,76,406,100,394,101,140,183,346,428,724,260,204,209,333,739,449,48,246,408,256,173,280,115,257,194,208,523,629,1116,219,361,79,418,361,74,202,437,278,70,315,167,176,367,240,414,153,301
448,418,188,77,473,114,442,122,153,174,358,547,802,305,232,240,340,834,470,54,243,484,256,180,329,123,354,210,207,597,677,1351,262,416,111,476,425,85,242,520,312,89,335,178,367,183,271,480,161,302
381,275,133,50,335,70,314,96,114,140,280,328,591,196,143,156,233,584,369,43,177,341,190,134,214,63,196,157,152,421,510,861,157,298,64,328,285,53,174,340,215,61,243,114,240,271,101,346,117,217
468,449,210,93,530,132,491,143,173,219,429,593,951,338,271,310,374,940,508,59,288,543,306,229,335,140,349,274,275,673,786,1463,265,505,100,568,489,91,252,519,357,105,396,209,414,480,346,265,183,376
182,173,75,36,194,48,203,47,69,79,145,210,360,134,106,118,121,350,205,22,106,185,108,82,149,37,137,84,111,252,300,496,101,169,30,228,194,36,79,191,125,32,133,70,153,161,117,183,21,106
402,291,140,65,383,79,338,105,114,154,318,391,626,247,176,214,240,628,314,43,187,382,222,144,217,85,224,150,185,422,511,869,187,341,69,366,321,46,151,370,205,75,247,128,301,302,217,376,106,126
