242,456,221,94,514,122,500,200,188,234,452,497,764,411,320,323,374,819,504,77,333,514,355,243,376,149,360,320,285,576,735,1179,229,462,101,486,505,89,263,450,294,111,371,192,447,456,330,482,152,366
456,184,154,79,425,104,401,122,143,181,381,460,773,269,258,275,325,796,418,42,214,413,252,159,298,106,270,226,229,527,638,1254,230,394,106,437,381,74,211,457,271,100,321,153,361,433,265,442,170,286
221,154,51,36,230,38,182,63,65,73,168,240,359,139,110,109,156,372,188,28,111,211,118,81,124,32,125,87,93,254,294,558,111,208,51,202,180,27,101,215,118,44,160,85,164,207,107,226,90,112
94,79,36,7,73,20,93,40,27,34,74,71,145,66,56,57,50,150,79,13,42,80,62,37,66,29,68,35,52,111,136,220,46,69,23,81,84,17,44,89,57,19,64,44,85,78,68,88,34,63
514,425,230,73,253,104,509,165,168,188,406,574,911,360,260,273,349,962,494,71,277,505,327,208,340,130,331,251,267,669,707,1428,271,459,128,562,453,75,253,509,344,117,373,206,438,464,347,542,196,358
122,104,38,20,104,11,110,47,41,46,109,113,185,99,76,65,67,189,122,14,52,113,74,50,89,37,90,49,59,144,176,299,62,100,37,120,99,19,49,109,65,27,86,47,97,109,80,116,38,86
500,401,182,93,509,110,234,167,158,208,417,521,832,330,258,284,362,845,505,75,274,511,302,176,313,138,329,222,264,579,722,1270,233,461,119,522,445,96,230,529,318,103,382,182,350,476,322,500,165,322
200,122,63,40,165,47,167,23,60,53,118,156,279,111,88,84,103,280,155,15,97,164,100,59,88,37,101,74,67,170,232,407,87,158,34,175,153,30,67,155,98,36,119,50,125,140,115,169,67,113
188,143,65,27,168,41,158,60,23,63,130,186,315,126,93,101,127,315,201,26,99,181,103,51,116,40,116,70,88,219,240,440,91,170,30,174,143,22,80,176,120,40,128,55,131,160,99,188,48,113
234,181,73,34,188,46,208,53,63,48,175,229,379,138,114,122,171,407,238,16,95,219,126,76,129,62,151,82,110,240,316,568,115,190,52,228,195,22,123,218,120,36,163,82,165,206,130,217,83,141
452,381,168,74,406,109,417,118,130,175,196,468,752,282,206,246,329,757,462,45,229,444,259,176,267,116,300,203,230,491,614,1176,223,384,92,460,395,70,203,435,284,86,343,146,322,390,280,439,149,320
497,460,240,71,574,113,521,156,186,229,468,315,1000,355,282,293,430,992,608,84,275,614,334,218,375,142,368,237,274,704,864,1574,319,550,133,610,482,109,267,634,354,102,438,201,449,562,349,615,185,374
764,773,359,145,911,185,832,279,315,379,752,1000,781,575,461,492,653,1401,949,116,507,979,523,332,550,213,595,429,420,1118,1362,2365,462,840,204,939,820,164,423,989,640,173,682,340,700,852,579,910,333,603
411,269,139,66,360,99,330,111,126,138,282,355,575,86,185,183,244,571,303,45,175,306,199,136,220,88,215,141,172,439,492,859,193,310,55,362,317,54,174,382,204,64,275,117,252,335,220,362,121,214
320,258,110,56,260,76,258,88,93,114,206,282,461,185,57,143,187,443,258,40,139,271,168,89,169,68,194,103,141,330,404,760,148,220,56,291,255,26,132,259,175,67,223,101,223,262,169,277,109,174
323,275,109,57,273,65,284,84,101,122,246,293,492,183,143,87,214,496,275,33,149,290,170,106,176,76,184,121,135,331,440,858,158,265,59,317,267,43,141,313,182,70,233,122,219,268,175,315,110,182
374,325,156,50,349,67,362,103,127,171,329,430,653,244,187,214,138,675,368,45,194,355,196,150,228,87,254,181,187,469,552,967,199,351,87,361,330,58,171,382,230,72,249,142,317,344,230,379,136,237
819,796,372,150,962,189,845,280,315,407,757,992,1401,571,443,496,675,774,942,136,512,933,505,357,556,230,636,414,445,1144,1339,2405,447,840,198,1043,783,153,455,1003,599,179,692,319,669,797,565,898,312,623
504,418,188,79,494,122,505,155,201,238,462,608,949,303,258,275,368,942,269,71,269,508,290,189,317,134,337,221,255,641,824,1434,291,461,104,581,444,90,260,558,354,108,372,195,403,486,308,553,189,326
77,42,28,13,71,14,75,15,26,16,45,84,116,45,40,33,45,136,71,6,31,72,43,29,36,16,37,28,33,81,85,178,37,62,25,66,53,6,24,63,44,12,60,16,52,53,34,72,27,35
333,214,111,42,277,52,274,97,99,95,229,275,507,175,139,149,194,512,269,31,90,281,159,118,168,68,176,128,148,352,410,788,151,256,52,284,231,50,148,322,163,67,234,79,218,259,153,305,88,181
514,413,211,80,505,113,511,164,181,219,444,614,979,306,271,290,355,933,508,72,281,270,296,191,315,144,362,232,264,619,779,1437,298,490,103,542,475,80,229,557,358,120,420,183,395,534,313,556,179,325
355,252,118,62,327,74,302,100,103,126,259,334,523,199,168,170,196,505,290,43,159,296,99,120,196,92,207,121,170,347,439,841,159,273,63,317,256,34,157,322,182,58,249,116,262,292,188,337,119,179
243,159,81,37,208,50,176,59,51,76,176,218,332,136,89,106,150,357,189,29,118,191,120,47,129,65,144,101,104,248,277,534,91,208,46,220,189,28,85,200,127,45,151,61,153,175,123,207,75,136
376,298,124,66,340,89,313,88,116,129,267,375,550,220,169,176,228,556,317,36,168,315,196,129,106,70,201,155,163,382,484,957,178,293,74,370,295,43,153,370,235,77,251,105,245,311,189,357,132,247
149,106,32,29,130,37,138,37,40,62,116,142,213,88,68,76,87,230,134,16,68,144,92,65,70,11,68,44,56,188,194,367,70,114,30,135,141,27,56,138,88,25,105,54,93,124,87,141,48,95
360,270,125,68,331,90,329,101,116,151,300,368,595,215,194,184,254,636,337,37,176,362,207,144,201,68,101,148,164,442,535,991,198,324,71,371,329,56,161,358,201,77,252,141,253,317,206,371,136,234
320,226,87,35,251,49,222,74,70,82,203,237,429,141,103,121,181,414,221,28,128,232,121,101,155,44,148,52,105,299,348,661,124,206,53,248,232,39,113,247,147,54,189,81,184,202,132,276,76,154
285,229,93,52,267,59,264,67,88,110,230,274,420,172,141,135,187,445,255,33,148,264,170,104,163,56,164,105,61,334,402,708,135,250,58,270,226,53,126,282,165,47,212,92,200,222,139,292,87,172
576,527,254,111,669,144,579,170,219,240,491,704,1118,439,330,331,469,1144,641,81,352,619,347,248,382,188,442,299,334,412,911,1763,326,615,145,661,560,111,301,675,410,114,511,251,502,540,380,629,226,409
735,638,294,136,707,176,722,232,240,316,614,864,1362,492,404,440,552,1339,824,85,410,779,439,277,484,194,535,348,402,911,592,2084,390,710,157,836,715,118,373,784,503,157,564,277,593,706,441,745,267,488
1179,1254,558,220,1428,299,1270,407,440,568,1176,1574,2365,859,760,858,967,2405,1434,178,788,1437,841,534,957,367,991,661,708,1763,2084,1865,705,1277,306,1471,1238,211,669,1515,942,272,987,553,1081,1289,905,1353,503,957
229,230,111,46,271,62,233,87,91,115,223,319,462,193,148,158,199,447,291,37,151,298,159,91,178,70,198,124,135,326,390,705,73,248,62,311,217,46,125,283,177,52,194,100,229,244,170,260,106,191
462,394,208,69,459,100,461,158,170,190,384,550,840,310,220,265,351,840,461,62,256,490,273,208,293,114,324,206,250,615,710,1277,248,209,103,540,427,63,245,480,322,87,381,165,373,424,265,535,152,310
101,106,51,23,128,37,119,34,30,52,92,133,204,55,56,59,87,198,104,25,52,103,63,46,74,30,71,53,58,145,157,306,62,103,11,148,103,19,63,134,75,18,76,38,90,99,69,125,35,78
486,437,202,81,562,120,522,175,174,228,460,610,939,362,291,317,361,1043,581,66,284,542,317,220,370,135,371,248,270,661,836,1471,311,540,148,282,496,94,261,589,371,121,398,197,419,508,343,560,195,348
505,381,180,84,453,99,445,153,143,195,395,482,820,317,255,267,330,783,444,53,231,475,256,189,295,141,329,232,226,560,715,1238,217,427,103,496,232,77,235,497,328,95,357,192,378,472,298,523,156,305
89,74,27,17,75,19,96,30,22,22,70,109,164,54,26,43,58,153,90,6,50,80,34,28,43,27,56,39,53,111,118,211,46,63,19,94,77,9,42,79,56,23,69,37,68,64,49,97,25,45
263,211,101,44,253,49,230,67,80,123,203,267,423,174,132,141,171,455,260,24,148,229,157,85,153,56,161,113,126,301,373,669,125,245,63,261,235,42,52,243,177,62,177,101,201,231,165,266,96,182
450,457,215,89,509,109,529,155,176,218,435,634,989,382,259,313,382,1003,558,63,322,557,322,200,370,138,358,247,282,675,784,1515,283,480,134,589,497,79,243,276,334,122,396,198,414,478,330,556,216,353
294,271,118,57,344,65,318,98,120,120,284,354,640,204,175,182,230,599,354,44,163,358,182,127,235,88,201,147,165,410,503,942,177,322,75,371,328,56,177,334,124,74,256,128,275,291,220,368,135,210
111,100,44,19,117,27,103,36,40,36,86,102,173,64,67,70,72,179,108,12,67,120,58,45,77,25,77,54,47,114,157,272,52,87,18,121,95,23,62,122,74,13,75,40,88,100,51,124,33,61
371,321,160,64,373,86,382,119,128,163,343,438,682,275,223,233,249,692,372,60,234,420,249,151,251,105,252,189,212,511,564,987,194,381,76,398,357,69,177,396,256,75,136,132,335,343,234,378,137,234
192,153,85,44,206,47,182,50,55,82,146,201,340,117,101,122,142,319,195,16,79,183,116,61,105,54,141,81,92,251,277,553,100,165,38,197,192,37,101,198,128,40,132,34,160,167,121,207,63,124
447,361,164,85,438,97,350,125,131,165,322,449,700,252,223,219,317,669,403,52,218,395,262,153,245,93,253,184,200,502,593,1081,229,373,90,419,378,68,201,414,275,88,335,160,144,350,245,412,157,285
456,433,207,78,464,109,476,140,160,206,390,562,852,335,262,268,344,797,486,53,259,534,292,175,311,124,317,202,222,540,706,1289,244,424,99,508,472,64,231,478,291,100,343,167,350,197,287,481,170,340
330,265,107,68,347,80,322,115,99,130,280,349,579,220,169,175,230,565,308,34,153,313,188,123,189,87,206,132,139,380,441,905,170,265,69,343,298,49,165,330,220,51,234,121,245,287,95,345,118,229
482,442,226,88,542,116,500,169,188,217,439,615,910,362,277,315,379,898,553,72,305,556,337,207,357,141,371,276,292,629,745,1353,260,535,125,560,523,97,266,556,368,124,378,207,412,481,345,267,198,344
152,170,90,34,196,38,165,67,48,83,149,185,333,121,109,110,136,312,189,27,88,179,119,75,132,48,136,76,87,226,267,503,106,152,35,195,156,25,96,216,135,33,137,63,157,170,118,198,40,139
366,286,112,63,358,86,322,113,113,141,320,374,603,214,174,182,237,623,326,35,181,325,179,136,247,95,234,154,172,409,488,957,191,310,78,348,305,45,182,353,210,61,234,124,285,340,229,344,139,120
