249,451,218,84,476,117,477,163,173,232,429,519,814,332,308,324,320,784,502,61,324,468,298,190,320,132,340,279,296,587,662,1137,220,474,111,466,511,92,220,465,316,97,389,149,396,419,297,433,176,364
451,202,146,74,465,91,407,139,140,179,369,489,772,279,229,241,313,785,439,51,259,470,243,166,290,96,258,199,214,541,684,1215,229,407,93,466,384,72,209,430,276,86,338,156,339,390,248,399,160,274
218,146,41,29,216,37,195,58,74,92,189,215,362,127,102,98,135,372,192,25,104,187,119,67,127,46,132,97,96,261,287,550,106,189,52,203,150,30,85,211,112,39,159,80,157,174,117,216,72,136
84,74,29,6,83,20,70,35,28,37,76,101,134,58,60,70,58,145,87,9,54,81,52,32,62,20,47,42,52,102,114,214,43,84,19,67,75,7,39,74,51,20,60,30,65,66,62,75,30,73
476,465,216,83,250,108,487,154,165,183,438,576,942,296,260,307,392,932,536,58,291,534,326,182,346,137,325,253,271,652,794,1383,280,474,109,542,442,73,224,547,324,101,416,189,375,432,288,506,166,340
117,91,37,20,108,12,95,33,42,52,98,136,205,68,74,82,87,215,113,11,60,105,68,46,96,28,69,67,58,154,166,281,61,118,33,109,103,14,62,104,90,29,73,49,85,90,66,108,40,76
477,407,195,70,487,95,204,162,178,201,384,550,842,286,299,352,349,815,467,64,267,468,309,207,290,116,300,227,260,578,756,1340,235,462,107,496,479,77,240,491,342,98,352,200,384,438,312,450,183,326
163,139,58,35,154,33,162,18,45,69,141,151,264,107,73,62,127,249,158,24,92,177,104,49,100,37,112,71,71,179,225,413,84,151,31,122,156,25,76,174,94,37,115,64,125,129,109,171,53,100
173,140,74,28,165,42,178,45,34,56,131,190,287,114,88,89,128,285,181,20,87,168,94,57,113,43,99,57,80,204,258,444,93,148,41,170,142,27,79,185,108,35,114,78,145,156,125,170,66,113
232,179,92,37,183,52,201,69,56,48,171,234,365,138,105,130,158,371,233,21,119,234,118,92,132,53,142,96,110,251,328,613,109,176,33,225,215,32,109,231,136,59,170,91,171,194,122,206,66,146
429,369,189,76,438,98,384,141,131,171,195,479,700,269,210,251,311,724,456,51,224,444,268,162,293,109,293,199,211,504,625,1079,215,396,82,469,397,73,212,424,279,99,311,171,318,367,255,441,150,281
519,489,215,101,576,136,550,151,190,234,479,337,996,365,338,328,391,975,576,67,313,534,339,236,355,136,383,261,301,675,880,1533,301,526,130,613,525,83,279,597,364,126,450,205,448,494,382,585,212,352
814,772,362,134,942,205,842,264,287,365,700,996,775,588,446,515,643,1404,928,106,492,952,572,367,617,240,631,440,478,1110,1337,2386,473,862,210,975,824,158,448,943,612,190,676,337,771,801,574,930,309,608
332,279,127,58,296,68,286,107,114,138,269,365,588,99,178,199,240,617,328,40,196,339,217,129,205,77,224,133,160,422,478,888,140,310,81,314,313,57,161,348,197,63,291,121,245,287,215,320,103,211
308,229,102,60,260,74,299,73,88,105,210,338,446,178,68,127,211,442,267,29,140,270,159,120,178,60,172,133,131,311,404,723,122,270,64,311,271,39,125,263,179,67,203,103,223,258,162,276,101,195
324,241,98,70,307,82,352,62,89,130,251,328,515,199,127,67,219,523,296,30,161,269,165,148,185,61,188,120,145,367,402,828,153,288,63,322,295,45,147,307,196,64,220,107,264,288,171,306,107,189
320,313,135,58,392,87,349,127,128,158,311,391,643,240,211,219,118,608,328,50,197,358,215,157,239,87,239,147,204,426,517,963,196,350,95,333,346,64,173,402,234,67,281,128,302,340,223,378,143,235
784,785,372,145,932,215,815,249,285,371,724,975,1404,617,442,523,608,765,882,103,520,953,545,370,624,226,631,432,466,1167,1321,2378,475,846,192,957,802,153,462,950,627,187,678,312,755,808,561,899,289,587
502,439,192,87,536,113,467,158,181,233,456,576,928,328,267,296,328,882,239,59,255,503,286,192,339,126,351,244,232,587,735,1439,284,461,114,573,507,74,257,523,336,94,368,191,404,487,342,535,187,341
61,51,25,9,58,11,64,24,20,21,51,67,106,40,29,30,50,103,59,2,28,77,35,22,37,11,48,35,27,55,82,157,30,59,11,65,44,11,25,53,42,15,41,24,49,48,42,58,17,57
324,259,104,54,291,60,267,92,87,119,224,313,492,196,140,161,197,520,255,28,61,300,177,109,174,83,192,123,122,341,419,809,155,263,60,322,250,45,143,310,174,57,214,94,242,267,173,296,96,180
468,470,187,81,534,105,468,177,168,234,444,534,952,339,270,269,358,953,503,77,300,280,317,205,334,133,353,231,264,636,776,1423,271,498,117,549,476,86,250,521,318,115,369,203,434,484,324,531,208,365
298,243,119,52,326,68,309,104,94,118,268,339,572,217,159,165,215,545,286,35,177,317,82,118,184,74,183,142,146,361,447,858,155,279,57,298,285,50,165,300,180,77,254,98,248,283,177,301,115,214
190,166,67,32,182,46,207,49,57,92,162,236,367,129,120,148,157,370,192,22,109,205,118,45,117,40,127,85,102,286,312,521,88,183,52,203,208,18,83,192,120,34,150,68,145,159,129,180,68,148
320,290,127,62,346,96,290,100,113,132,293,355,617,205,178,185,239,624,339,37,174,334,184,117,112,87,214,164,150,414,505,899,161,307,76,332,301,49,157,347,206,68,268,130,217,314,192,333,106,221
132,96,46,20,137,28,116,37,43,53,109,136,240,77,60,61,87,226,126,11,83,133,74,40,87,16,70,63,46,164,185,373,66,120,19,126,110,17,66,122,94,27,111,45,97,115,79,122,41,95
340,258,132,47,325,69,300,112,99,142,293,383,631,224,172,188,239,631,351,48,192,353,183,127,214,70,113,152,153,415,497,978,179,306,67,350,302,48,181,319,208,62,260,118,277,330,215,316,113,256
279,199,97,42,253,67,227,71,57,96,199,261,440,133,133,120,147,432,244,35,123,231,142,85,164,63,152,55,113,298,348,641,118,233,51,226,220,35,112,266,182,52,176,71,203,204,124,244,73,148
296,214,96,52,271,58,260,71,80,110,211,301,478,160,131,145,204,466,232,27,122,264,146,102,150,46,153,113,56,297,369,737,125,217,51,275,233,36,135,255,169,57,182,83,203,241,141,277,63,196
587,541,261,102,652,154,578,179,204,251,504,675,1110,422,311,367,426,1167,587,55,341,636,361,286,414,164,415,298,297,400,954,1741,324,580,130,659,580,106,290,705,427,115,488,208,486,587,381,650,199,430
662,684,287,114,794,166,756,225,258,328,625,880,1337,478,404,402,517,1321,735,82,419,776,447,312,505,185,497,348,369,954,540,2004,395,681,165,806,699,129,380,768,477,144,541,296,577,657,454,755,290,524
1137,1215,550,214,1383,281,1340,413,444,613,1079,1533,2386,888,723,828,963,2378,1439,157,809,1423,858,521,899,373,978,641,737,1741,2004,1811,720,1243,293,1493,1285,242,665,1434,907,265,1049,509,1060,1312,853,1404,463,949
220,229,106,43,280,61,235,84,93,109,215,301,473,140,122,153,196,475,284,30,155,271,155,88,161,66,179,118,125,324,395,720,69,221,50,300,238,51,124,282,182,53,211,73,193,256,125,275,86,189
474,407,189,84,474,118,462,151,148,176,396,526,862,310,270,288,350,846,461,59,263,498,279,183,307,120,306,233,217,580,681,1243,221,246,118,479,448,71,213,501,337,104,343,155,373,409,297,471,185,315
111,93,52,19,109,33,107,31,41,33,82,130,210,81,64,63,95,192,114,11,60,117,57,52,76,19,67,51,51,130,165,293,50,118,8,128,115,13,37,112,74,16,91,48,92,109,76,116,39,65
466,466,203,67,542,109,496,122,170,225,469,613,975,314,311,322,333,957,573,65,322,549,298,203,332,126,350,226,275,659,806,1493,300,479,128,255,479,103,251,614,348,95,425,180,424,505,319,532,222,350
511,384,150,75,442,103,479,156,142,215,397,525,824,313,271,295,346,802,507,44,250,476,285,208,301,110,302,220,233,580,699,1285,238,448,115,479,240,69,226,473,308,107,370,170,375,392,291,453,177,329
92,72,30,7,73,14,77,25,27,32,73,83,158,57,39,45,64,153,74,11,45,86,50,18,49,17,48,35,36,106,129,242,51,71,13,103,69,5,49,96,49,12,63,47,71,83,54,114,33,46
220,209,85,39,224,62,240,76,79,109,212,279,448,161,125,147,173,462,257,25,143,250,165,83,157,66,181,112,135,290,380,665,124,213,37,251,226,49,56,264,157,56,185,96,182,233,179,255,80,158
465,430,211,74,547,104,491,174,185,231,424,597,943,348,263,307,402,950,523,53,310,521,300,192,347,122,319,266,255,705,768,1434,282,501,112,614,473,96,264,282,362,118,382,202,397,473,326,532,193,336
316,276,112,51,324,90,342,94,108,136,279,364,612,197,179,196,234,627,336,42,174,318,180,120,206,94,208,182,169,427,477,907,182,337,74,348,308,49,157,362,97,59,242,110,268,312,186,352,110,228
97,86,39,20,101,29,98,37,35,59,99,126,190,63,67,64,67,187,94,15,57,115,77,34,68,27,62,52,57,115,144,265,53,104,16,95,107,12,56,118,59,5,89,37,79,92,86,113,45,68
389,338,159,60,416,73,352,115,114,170,311,450,676,291,203,220,281,678,368,41,214,369,254,150,268,111,260,176,182,488,541,1049,211,343,91,425,370,63,185,382,242,89,137,142,302,359,245,388,138,286
149,156,80,30,189,49,200,64,78,91,171,205,337,121,103,107,128,312,191,24,94,203,98,68,130,45,118,71,83,208,296,509,73,155,48,180,170,47,96,202,110,37,142,32,142,182,114,197,63,124
396,339,157,65,375,85,384,125,145,171,318,448,771,245,223,264,302,755,404,49,242,434,248,145,217,97,277,203,203,486,577,1060,193,373,92,424,375,71,182,397,268,79,302,142,147,350,221,378,139,266
419,390,174,66,432,90,438,129,156,194,367,494,801,287,258,288,340,808,487,48,267,484,283,159,314,115,330,204,241,587,657,1312,256,409,109,505,392,83,233,473,312,92,359,182,350,207,283,488,156,300
297,248,117,62,288,66,312,109,125,122,255,382,574,215,162,171,223,561,342,42,173,324,177,129,192,79,215,124,141,381,454,853,125,297,76,319,291,54,179,326,186,86,245,114,221,283,89,362,105,202
433,399,216,75,506,108,450,171,170,206,441,585,930,320,276,306,378,899,535,58,296,531,301,180,333,122,316,244,277,650,755,1404,275,471,116,532,453,114,255,532,352,113,388,197,378,488,362,270,172,331
176,160,72,30,166,40,183,53,66,66,150,212,309,103,101,107,143,289,187,17,96,208,115,68,106,41,113,73,63,199,290,463,86,185,39,222,177,33,80,193,110,45,138,63,139,156,105,172,25,116
364,274,136,73,340,76,326,100,113,146,281,352,608,211,195,189,235,587,341,57,180,365,214,148,221,95,256,148,196,430,524,949,189,315,65,350,329,46,158,336,228,68,286,124,266,300,202,331,116,104
