246,427,185,87,514,114,473,155,162,247,462,486,805,369,307,312,349,821,503,67,311,493,349,186,344,168,361,258,308,592,673,1121,268,472,107,475,463,75,237,472,310,107,335,162,434,423,330,506,184,350
427,176,170,80,427,101,428,130,138,187,363,515,807,256,250,269,297,760,445,45,240,416,236,175,273,101,281,214,192,557,633,1205,221,383,97,448,403,70,210,446,304,104,351,174,311,399,252,407,170,298
185,170,37,32,206,43,179,71,61,89,182,202,348,135,119,110,130,353,220,13,111,214,111,66,145,55,128,96,94,249,291,545,133,180,45,187,173,45,107,202,120,31,154,65,159,194,139,201,65,140
87,80,32,10,93,26,63,32,21,48,66,101,147,62,61,73,61,153,82,7,49,75,34,37,54,25,64,36,33,119,105,220,43,84,20,84,80,11,49,77,60,12,65,27,60,68,48,89,27,68
514,427,206,93,247,101,505,162,169,233,442,559,950,370,268,263,347,946,511,66,295,507,306,223,347,137,358,282,263,653,779,1416,280,463,111,496,454,99,267,529,341,107,384,212,449,461,318,565,178,367
114,101,43,26,101,10,99,38,41,52,99,116,177,71,69,85,82,187,108,4,74,90,63,46,79,36,77,54,61,166,167,289,60,110,28,122,85,14,47,104,80,11,87,42,90,89,70,102,42,89
473,428,179,63,505,99,233,156,166,226,427,513,865,334,280,286,349,871,490,54,288,491,285,190,338,131,324,205,242,618,697,1306,246,444,108,507,417,63,258,507,349,104,344,170,379,429,284,522,179,344
155,130,71,32,162,38,156,15,44,53,123,131,249,98,75,93,116,285,164,28,65,164,87,63,110,37,97,67,80,178,231,442,79,128,30,160,144,22,61,168,99,24,137,59,137,137,92,168,55,112
162,138,61,21,169,41,166,44,28,81,165,181,324,114,84,89,118,302,177,19,87,196,100,61,109,38,105,90,80,203,285,435,91,176,25,171,137,22,97,199,109,33,127,56,135,171,117,175,60,102
247,187,89,48,233,52,226,53,81,61,171,212,342,133,102,110,133,340,229,20,103,207,112,81,116,49,131,103,101,271,342,569,99,213,54,214,207,32,100,188,132,44,133,79,176,196,134,215,76,147
462,363,182,66,442,99,427,123,165,171,183,449,769,286,211,248,284,725,442,46,230,421,254,163,283,117,330,215,211,528,640,1139,235,422,96,453,409,61,217,427,277,90,352,174,370,373,271,446,142,305
486,515,202,101,559,116,513,131,181,212,449,302,987,364,286,325,353,973,567,71,340,580,304,220,390,127,389,247,293,712,876,1588,298,487,123,595,538,90,260,590,364,106,435,199,437,541,333,550,201,354
805,807,348,147,950,177,865,249,324,342,769,987,786,595,489,498,650,1421,926,117,528,932,520,371,584,243,630,427,457,1166,1421,2425,457,843,215,961,790,168,496,950,597,186,698,348,720,868,582,877,307,619
369,256,135,62,370,71,334,98,114,133,286,364,595,108,179,191,252,559,349,30,161,337,161,127,215,107,220,171,157,382,528,901,199,362,82,359,316,60,172,350,223,62,257,124,258,291,179,345,116,212
307,250,119,61,268,69,280,75,84,102,211,286,489,179,71,122,182,496,264,26,133,275,190,113,204,68,189,102,145,345,396,722,128,265,64,261,265,42,121,290,173,50,220,98,250,253,174,325,99,169
312,269,110,73,263,85,286,93,89,110,248,325,498,191,122,61,210,507,289,31,146,297,194,112,201,80,195,110,162,364,448,804,147,262,62,291,286,36,152,297,185,51,226,97,236,277,180,329,100,191
349,297,130,61,347,82,349,116,118,133,284,353,650,252,182,210,151,647,353,46,199,374,229,148,238,99,239,183,188,440,565,974,185,351,83,394,337,75,183,403,234,62,265,129,300,338,234,363,135,250
821,760,353,153,946,187,871,285,302,340,725,973,1421,559,496,507,647,824,899,111,508,950,523,345,582,249,615,444,457,1095,1384,2433,476,821,202,913,796,160,489,943,540,193,693,335,737,855,599,903,313,607
503,445,220,82,511,108,490,164,177,229,442,567,926,349,264,289,353,899,281,62,267,501,302,192,328,115,298,230,249,627,778,1442,278,461,109,512,464,81,255,558,325,110,372,178,411,475,329,530,189,345
67,45,13,7,66,4,54,28,19,20,46,71,117,30,26,31,46,111,62,4,36,57,33,31,44,21,44,24,28,69,96,187,26,54,11,75,62,13,42,64,43,9,47,26,54,57,42,63,27,34
311,240,111,49,295,74,288,65,87,103,230,340,528,161,133,146,199,508,267,36,80,276,145,112,183,63,180,101,133,350,430,805,166,241,73,287,252,41,135,264,188,54,240,103,213,260,167,298,103,161
493,416,214,75,507,90,491,164,196,207,421,580,932,337,275,297,374,950,501,57,276,256,320,194,377,137,359,248,263,618,764,1499,288,462,113,562,473,79,245,518,329,106,368,200,414,470,329,564,211,332
349,236,111,34,306,63,285,87,100,112,254,304,520,161,190,194,229,523,302,33,145,320,90,100,184,84,208,125,151,370,453,831,152,298,74,295,255,59,141,310,179,62,223,100,250,300,176,336,107,179
186,175,66,37,223,46,190,63,61,81,163,220,371,127,113,112,148,345,192,31,112,194,100,42,134,67,151,97,114,256,290,552,112,200,40,226,188,29,94,224,134,44,152,85,153,181,111,203,81,117
344,273,145,54,347,79,338,110,109,116,283,390,584,215,204,201,238,582,328,44,183,377,184,134,122,77,201,145,180,429,496,941,172,326,95,352,316,55,162,373,226,58,252,106,272,277,195,357,129,227
168,101,55,25,137,36,131,37,38,49,117,127,243,107,68,80,99,249,115,21,63,137,84,67,77,12,70,53,59,167,195,370,72,122,33,133,120,17,69,146,86,37,97,47,121,126,79,135,49,91
361,281,128,64,358,77,324,97,105,131,330,389,630,220,189,195,239,615,298,44,180,359,208,151,201,70,99,145,150,431,510,980,178,313,84,326,315,53,172,375,226,79,290,125,253,327,197,345,146,224
258,214,96,36,282,54,205,67,90,103,215,247,427,171,102,110,183,444,230,24,101,248,125,97,145,53,145,69,98,296,360,708,124,232,60,257,233,36,130,258,166,42,170,68,172,222,150,267,85,177
308,192,94,33,263,61,242,80,80,101,211,293,457,157,145,162,188,457,249,28,133,263,151,114,180,59,150,98,66,320,367,710,136,243,66,279,246,42,120,260,149,49,191,89,205,216,148,251,96,176
592,557,249,119,653,166,618,178,203,271,528,712,1166,382,345,364,440,1095,627,69,350,618,370,256,429,167,431,296,320,397,932,1736,333,597,117,626,589,122,332,657,424,136,487,257,500,581,398,654,225,449
673,633,291,105,779,167,697,231,285,342,640,876,1421,528,396,448,565,1384,778,96,430,764,453,290,496,195,510,360,367,932,550,2121,408,720,180,800,674,128,373,764,469,158,540,288,603,676,483,802,291,488
1121,1205,545,220,1416,289,1306,442,435,569,1139,1588,2425,901,722,804,974,2433,1442,187,805,1499,831,552,941,370,980,708,710,1736,2121,1888,719,1344,328,1447,1283,254,686,1438,877,278,1013,506,1133,1259,914,1373,487,910
268,221,133,43,280,60,246,79,91,99,235,298,457,199,128,147,185,476,278,26,166,288,152,112,172,72,178,124,136,333,408,719,86,244,71,273,261,61,135,288,159,52,177,103,225,272,174,263,95,172
472,383,180,84,463,110,444,128,176,213,422,487,843,362,265,262,351,821,461,54,241,462,298,200,326,122,313,232,243,597,720,1344,244,192,92,480,422,92,230,448,312,85,356,180,402,441,302,508,192,333
107,97,45,20,111,28,108,30,25,54,96,123,215,82,64,62,83,202,109,11,73,113,74,40,95,33,84,60,66,117,180,328,71,92,8,118,102,17,66,115,74,26,94,45,104,90,88,140,43,81
475,448,187,84,496,122,507,160,171,214,453,595,961,359,261,291,394,913,512,75,287,562,295,226,352,133,326,257,279,626,800,1447,273,480,118,273,500,87,245,558,351,92,389,204,457,483,320,568,211,368
463,403,173,80,454,85,417,144,137,207,409,538,790,316,265,286,337,796,464,62,252,473,255,188,316,120,315,233,246,589,674,1283,261,422,102,500,221,71,233,469,299,92,362,162,371,437,301,501,183,335
75,70,45,11,99,14,63,22,22,32,61,90,168,60,42,36,75,160,81,13,41,79,59,29,55,17,53,36,42,122,128,254,61,92,17,87,71,13,41,86,51,9,66,25,60,87,59,77,36,59
237,210,107,49,267,47,258,61,97,100,217,260,496,172,121,152,183,489,255,42,135,245,141,94,162,69,172,130,120,332,373,686,135,230,66,245,233,41,58,278,180,52,202,90,213,210,135,291,96,166
472,446,202,77,529,104,507,168,199,188,427,590,950,350,290,297,403,943,558,64,264,518,310,224,373,146,375,258,260,657,764,1438,288,448,115,558,469,86,278,262,339,117,404,210,460,515,379,538,211,358
310,304,120,60,341,80,349,99,109,132,277,364,597,223,173,185,234,540,325,43,188,329,179,134,226,86,226,166,149,424,469,877,159,312,74,351,299,51,180,339,113,76,247,140,277,313,206,337,127,232
107,104,31,12,107,11,104,24,33,44,90,106,186,62,50,51,62,193,110,9,54,106,62,44,58,37,79,42,49,136,158,278,52,85,26,92,92,9,52,117,76,16,76,38,85,96,57,102,46,70
335,351,154,65,384,87,344,137,127,133,352,435,698,257,220,226,265,693,372,47,240,368,223,152,252,97,290,170,191,487,540,1013,177,356,94,389,362,66,202,404,247,76,122,141,301,358,254,345,133,259
162,174,65,27,212,42,170,59,56,79,174,199,348,124,98,97,129,335,178,26,103,200,100,85,106,47,125,68,89,257,288,506,103,180,45,204,162,25,90,210,140,38,141,40,144,178,123,179,66,113
434,311,159,60,449,90,379,137,135,176,370,437,720,258,250,236,300,737,411,54,213,414,250,153,272,121,253,172,205,500,603,1133,225,402,104,457,371,60,213,460,277,85,301,144,163,361,260,430,154,271
423,399,194,68,461,89,429,137,171,196,373,541,868,291,253,277,338,855,475,57,260,470,300,181,277,126,327,222,216,581,676,1259,272,441,90,483,437,87,210,515,313,96,358,178,361,216,297,467,169,322
330,252,139,48,318,70,284,92,117,134,271,333,582,179,174,180,234,599,329,42,167,329,176,111,195,79,197,150,148,398,483,914,174,302,88,320,301,59,135,379,206,57,254,123,260,297,93,318,104,211
506,407,201,89,565,102,522,168,175,215,446,550,877,345,325,329,363,903,530,63,298,564,336,203,357,135,345,267,251,654,802,1373,263,508,140,568,501,77,291,538,337,102,345,179,430,467,318,240,196,338
184,170,65,27,178,42,179,55,60,76,142,201,307,116,99,100,135,313,189,27,103,211,107,81,129,49,146,85,96,225,291,487,95,192,43,211,183,36,96,211,127,46,133,66,154,169,104,196,36,127
350,298,140,68,367,89,344,112,102,147,305,354,619,212,169,191,250,607,345,34,161,332,179,117,227,91,224,177,176,449,488,910,172,333,81,368,335,59,166,358,232,70,259,113,271,322,211,338,127,130
