271,454,207,84,519,95,470,187,187,250,456,516,833,382,310,358,365,793,531,80,315,511,361,201,344,143,325,286,280,638,722,1196,245,474,106,519,493,76,255,501,317,117,386,214,433,444,324,497,160,396
454,182,147,76,450,110,452,136,119,178,359,461,778,268,215,231,326,768,437,57,224,432,274,173,273,102,305,192,198,545,683,1269,235,406,93,476,413,74,231,422,255,102,313,165,342,429,255,458,144,303
207,147,52,36,190,54,212,66,60,76,158,202,335,113,108,113,156,367,183,20,106,191,111,75,112,58,127,86,117,221,307,581,114,190,46,179,185,40,104,210,118,32,158,75,150,209,94,250,63,136
84,76,36,7,80,13,100,23,30,34,76,105,150,60,50,54,41,152,88,10,50,91,65,35,63,24,75,41,42,101,136,221,57,68,23,84,86,11,37,90,61,22,54,37,81,68,49,110,39,49
519,450,190,80,277,128,519,155,157,199,418,576,993,325,254,285,348,927,542,57,290,548,296,212,307,137,364,260,263,654,792,1466,279,496,113,517,471,88,249,558,357,97,402,184,403,461,329,511,187,336
95,110,54,13,128,6,103,32,29,52,94,131,193,62,63,67,70,209,128,20,60,107,84,42,75,32,83,51,70,150,185,319,61,98,22,122,103,16,48,130,69,27,93,56,87,96,70,112,39,75
470,452,212,100,519,103,240,144,158,202,415,560,853,310,252,276,358,835,493,61,249,465,300,197,339,126,341,226,239,587,706,1370,266,449,98,565,433,71,223,525,333,122,366,192,373,438,314,511,167,332
187,136,66,23,155,32,144,25,56,67,132,153,282,103,78,89,114,280,153,16,81,169,93,63,95,42,125,77,79,179,246,422,92,120,24,167,145,33,60,165,91,35,112,60,149,138,91,163,66,103
187,119,60,30,157,29,158,56,25,72,115,170,329,91,78,99,120,324,155,23,84,150,91,58,111,51,127,76,76,192,285,489,87,155,31,182,148,31,83,180,94,33,129,71,124,159,103,177,67,110
250,178,76,34,199,52,202,67,72,53,165,222,348,136,101,130,150,359,190,36,131,193,141,91,151,53,142,109,109,257,329,560,113,217,41,210,192,38,114,198,130,44,143,62,174,187,123,211,88,148
456,359,158,76,418,94,415,132,115,165,190,467,727,283,237,242,322,773,426,63,244,409,248,157,291,102,278,188,223,532,640,1167,229,421,100,479,416,61,224,453,289,82,309,144,342,423,278,398,169,282
516,461,202,105,576,131,560,153,170,222,467,332,1014,362,284,319,385,1075,555,66,283,607,346,221,337,134,356,271,258,746,876,1660,313,554,129,532,579,105,267,617,356,122,476,217,442,570,344,629,224,379
833,778,335,150,993,193,853,282,329,348,727,1014,782,565,431,477,645,1520,950,119,511,938,526,351,587,228,616,388,452,1188,1426,2580,498,852,233,951,808,184,480,977,587,179,670,340,735,848,546,954,331,604
382,268,113,60,325,62,310,103,91,136,283,362,565,94,165,173,237,556,325,39,166,331,202,141,216,82,206,155,154,383,487,864,180,312,73,374,296,61,182,338,214,66,248,113,257,307,188,346,119,239
310,215,108,50,254,63,252,78,78,101,237,284,431,165,58,126,207,459,255,39,141,271,144,98,183,68,173,124,134,314,372,776,127,248,58,264,242,49,129,269,156,59,192,88,215,274,174,266,88,187
358,231,113,54,285,67,276,89,99,130,242,319,477,173,126,81,216,508,289,34,145,279,164,112,184,67,174,120,161,315,401,815,134,276,68,310,267,53,139,286,171,73,204,113,253,305,176,315,108,208
365,326,156,41,348,70,358,114,120,150,322,385,645,237,207,216,140,629,353,49,167,372,216,141,231,73,238,183,180,451,546,1033,194,328,91,361,325,58,187,391,237,80,267,154,285,339,204,359,143,236
793,768,367,152,927,209,835,280,324,359,773,1075,1520,556,459,508,629,842,930,101,497,894,524,354,618,214,595,402,466,1137,1423,2528,511,876,201,980,814,170,473,973,608,165,674,321,720,869,536,941,338,610
531,437,183,88,542,128,493,153,155,190,426,555,950,325,255,289,353,930,244,64,289,492,302,216,334,132,322,266,254,631,749,1471,281,454,130,531,444,83,228,523,349,86,388,197,426,448,319,500,188,306
80,57,20,10,57,20,61,16,23,36,63,66,119,39,39,34,49,101,64,3,38,74,39,20,37,18,32,32,24,75,99,170,35,55,18,64,60,10,24,69,38,11,55,22,42,51,36,63,31,38
315,224,106,50,290,60,249,81,84,131,244,283,511,166,141,145,167,497,289,38,79,285,171,108,154,54,159,103,153,362,404,775,145,234,59,244,250,51,128,276,165,52,240,102,194,234,181,285,97,190
511,432,191,91,548,107,465,169,150,193,409,607,938,331,271,279,372,894,492,74,285,263,303,197,304,137,340,237,270,642,731,1435,276,448,129,588,470,88,240,535,342,111,371,186,412,476,320,543,186,331
361,274,111,65,296,84,300,93,91,141,248,346,526,202,144,164,216,524,302,39,171,303,80,114,183,86,196,142,128,364,425,822,171,282,64,301,294,45,141,335,179,55,201,113,225,270,177,294,106,200
201,173,75,35,212,42,197,63,58,91,157,221,351,141,98,112,141,354,216,20,108,197,114,35,113,54,130,100,109,262,302,556,109,201,45,204,161,29,107,213,149,49,145,79,131,178,124,202,62,143
344,273,112,63,307,75,339,95,111,151,291,337,587,216,183,184,231,618,334,37,154,304,183,113,101,72,203,138,149,408,486,949,198,309,62,326,306,55,164,361,193,71,299,113,248,316,221,354,125,205
143,102,58,24,137,32,126,42,51,53,102,134,228,82,68,67,73,214,132,18,54,137,86,54,72,16,66,62,73,149,224,384,74,118,32,135,124,19,62,142,93,30,79,48,113,123,77,133,53,80
325,305,127,75,364,83,341,125,127,142,278,356,616,206,173,174,238,595,322,32,159,340,196,130,203,66,104,158,179,423,547,1013,201,334,74,339,317,53,191,339,217,76,263,122,250,304,188,355,132,220
286,192,86,41,260,51,226,77,76,109,188,271,388,155,124,120,183,402,266,32,103,237,142,100,138,62,158,52,120,306,369,640,142,228,46,270,218,36,116,255,165,50,189,83,202,225,145,234,93,181
280,198,117,42,263,70,239,79,76,109,223,258,452,154,134,161,180,466,254,24,153,270,128,109,149,73,179,120,72,309,352,657,151,222,61,248,240,62,125,275,149,39,182,90,190,228,160,245,100,165
638,545,221,101,654,150,587,179,192,257,532,746,1188,383,314,315,451,1137,631,75,362,642,364,262,408,149,423,306,309,375,1000,1825,372,598,142,657,594,117,319,736,427,116,499,241,476,614,389,688,245,398
722,683,307,136,792,185,706,246,285,329,640,876,1426,487,372,401,546,1423,749,99,404,731,425,302,486,224,547,369,352,1000,592,2185,432,714,196,864,708,157,389,781,509,134,571,276,585,755,502,771,286,534
1196,1269,581,221,1466,319,1370,422,489,560,1167,1660,2580,864,776,815,1033,2528,1471,170,775,1435,822,556,949,384,1013,640,657,1825,2185,2023,757,1313,323,1518,1316,270,702,1565,935,315,1064,523,1117,1321,936,1438,522,952
245,235,114,57,279,61,266,92,87,113,229,313,498,180,127,134,194,511,281,35,145,276,171,109,198,74,201,142,151,372,432,757,74,304,55,286,271,71,124,287,180,58,213,120,226,250,183,281,101,183
474,406,190,68,496,98,449,120,155,217,421,554,852,312,248,276,328,876,454,55,234,448,282,201,309,118,334,228,222,598,714,1313,304,209,114,478,429,63,221,504,282,103,371,180,397,450,299,473,174,320
106,93,46,23,113,22,98,24,31,41,100,129,233,73,58,68,91,201,130,18,59,129,64,45,62,32,74,46,61,142,196,323,55,114,15,136,117,22,52,119,67,25,78,56,78,112,67,123,42,70
519,476,179,84,517,122,565,167,182,210,479,532,951,374,264,310,361,980,531,64,244,588,301,204,326,135,339,270,248,657,864,1518,286,478,136,275,510,81,263,621,388,109,424,200,414,534,341,587,200,336
493,413,185,86,471,103,433,145,148,192,416,579,808,296,242,267,325,814,444,60,250,470,294,161,306,124,317,218,240,594,708,1316,271,429,117,510,226,80,221,500,337,109,380,192,374,450,280,506,177,317
76,74,40,11,88,16,71,33,31,38,61,105,184,61,49,53,58,170,83,10,51,88,45,29,55,19,53,36,62,117,157,270,71,63,22,81,80,6,49,87,54,24,60,42,79,61,61,81,34,47
255,231,104,37,249,48,223,60,83,114,224,267,480,182,129,139,187,473,228,24,128,240,141,107,164,62,191,116,125,319,389,702,124,221,52,263,221,49,54,275,151,45,177,111,216,231,159,261,98,175
501,422,210,90,558,130,525,165,180,198,453,617,977,338,269,286,391,973,523,69,276,535,335,213,361,142,339,255,275,736,781,1565,287,504,119,621,500,87,275,278,348,99,408,186,430,495,332,561,216,357
317,255,118,61,357,69,333,91,94,130,289,356,587,214,156,171,237,608,349,38,165,342,179,149,193,93,217,165,149,427,509,935,180,282,67,388,337,54,151,348,118,63,250,111,243,327,216,325,107,211
117,102,32,22,97,27,122,35,33,44,82,122,179,66,59,73,80,165,86,11,52,111,55,49,71,30,76,50,39,116,134,315,58,103,25,109,109,24,45,99,63,10,73,43,90,91,71,97,39,63
386,313,158,54,402,93,366,112,129,143,309,476,670,248,192,204,267,674,388,55,240,371,201,145,299,79,263,189,182,499,571,1064,213,371,78,424,380,60,177,408,250,73,162,149,323,338,213,399,170,256
214,165,75,37,184,56,192,60,71,62,144,217,340,113,88,113,154,321,197,22,102,186,113,79,113,48,122,83,90,241,276,523,120,180,56,200,192,42,111,186,111,43,149,32,157,158,127,205,84,129
433,342,150,81,403,87,373,149,124,174,342,442,735,257,215,253,285,720,426,42,194,412,225,131,248,113,250,202,190,476,585,1117,226,397,78,414,374,79,216,430,243,90,323,157,138,361,279,433,150,260
444,429,209,68,461,96,438,138,159,187,423,570,848,307,274,305,339,869,448,51,234,476,270,178,316,123,304,225,228,614,755,1321,250,450,112,534,450,61,231,495,327,91,338,158,361,224,295,481,165,311
324,255,94,49,329,70,314,91,103,123,278,344,546,188,174,176,204,536,319,36,181,320,177,124,221,77,188,145,160,389,502,936,183,299,67,341,280,61,159,332,216,71,213,127,279,295,102,358,121,168
497,458,250,110,511,112,511,163,177,211,398,629,954,346,266,315,359,941,500,63,285,543,294,202,354,133,355,234,245,688,771,1438,281,473,123,587,506,81,261,561,325,97,399,205,433,481,358,253,189,341
160,144,63,39,187,39,167,66,67,88,169,224,331,119,88,108,143,338,188,31,97,186,106,62,125,53,132,93,100,245,286,522,101,174,42,200,177,34,98,216,107,39,170,84,150,165,121,189,35,118
396,303,136,49,336,75,332,103,110,148,282,379,604,239,187,208,236,610,306,38,190,331,200,143,205,80,220,181,165,398,534,952,183,320,70,336,317,47,175,357,211,63,256,129,260,311,168,341,118,118
