277,495,223,100,481,120,489,168,178,228,448,522,807,370,298,331,358,865,493,64,327,490,344,213,384,178,407,287,309,614,733,1198,239,519,119,498,475,84,252,471,321,104,384,205,438,425,346,525,169,440
495,168,156,70,401,94,428,135,144,174,375,442,812,271,232,230,333,807,426,44,225,455,252,159,287,109,297,200,246,523,672,1269,253,408,112,475,397,75,225,444,302,94,321,173,337,377,262,488,175,301
223,156,32,42,197,46,212,76,71,99,181,216,364,139,89,95,120,363,209,18,98,193,119,96,127,52,153,92,99,219,289,602,117,175,33,208,208,25,105,208,117,39,161,75,154,190,135,212,65,147
100,70,42,4,70,18,70,24,36,44,66,95,140,61,57,64,66,138,76,15,43,78,44,37,57,31,66,34,42,111,119,212,40,70,25,96,72,13,46,78,56,20,63,33,59,70,57,75,27,57
481,401,197,70,254,87,474,125,157,183,373,581,922,309,282,300,360,939,528,71,274,532,298,210,337,155,350,238,264,620,823,1498,295,470,121,574,483,93,267,516,354,102,385,198,409,492,329,547,211,348
120,94,46,18,87,16,118,35,43,54,89,144,198,83,62,71,92,195,109,16,60,105,61,41,90,33,73,55,63,159,173,310,73,110,32,143,117,25,66,116,81,21,87,35,83,102,78,111,41,92
489,428,212,70,474,118,230,159,173,204,429,588,796,290,248,266,364,822,476,57,296,496,297,187,341,139,333,222,266,622,742,1292,253,468,124,568,462,94,242,521,313,103,378,188,391,433,314,504,174,319
168,135,76,24,125,35,159,22,52,62,149,183,285,104,87,96,109,270,142,15,83,151,101,63,112,39,95,85,69,207,222,402,84,111,31,156,152,29,75,135,90,44,127,65,130,135,105,174,58,112
178,144,71,36,157,43,173,52,19,71,136,198,280,110,72,83,116,282,142,18,96,152,95,61,113,43,106,81,94,218,232,449,88,149,39,183,170,23,82,190,121,41,139,59,130,143,104,172,49,120
228,174,99,44,183,54,204,62,71,41,161,201,371,130,129,144,170,359,202,33,123,240,126,88,149,59,139,100,120,270,326,539,101,196,47,220,211,43,92,244,121,39,164,89,197,187,137,208,84,139
448,375,181,66,373,89,429,149,136,161,170,474,736,270,249,282,316,741,436,44,257,457,272,199,302,118,306,205,231,562,627,1205,241,407,81,457,425,75,221,453,283,89,318,178,379,352,264,424,156,293
522,442,216,95,581,144,588,183,198,201,474,355,1059,321,266,295,421,1016,571,57,319,551,327,227,346,131,380,276,263,714,830,1628,300,544,138,643,550,88,282,638,390,131,438,208,466,493,365,578,213,362
807,812,364,140,922,198,796,285,280,371,736,1059,817,597,426,490,646,1444,920,115,524,934,537,362,578,224,588,433,448,1186,1370,2498,476,851,180,969,895,181,462,954,625,172,700,359,718,839,564,953,307,621
370,271,139,61,309,83,290,104,110,130,270,321,597,87,176,181,221,570,293,37,180,305,202,131,228,94,211,154,198,392,498,912,167,332,54,344,308,59,152,335,228,80,281,135,268,294,209,345,122,234
298,232,89,57,282,62,248,87,72,129,249,266,426,176,65,132,162,415,253,39,138,254,176,111,177,60,190,127,138,303,392,707,137,242,51,246,275,33,114,293,178,55,210,94,213,254,146,264,104,182
331,230,95,64,300,71,266,96,83,144,282,295,490,181,132,74,178,492,272,35,156,286,175,118,204,66,174,132,146,347,406,793,156,309,67,275,306,44,130,288,179,41,219,101,235,248,176,283,124,204
358,333,120,66,360,92,364,109,116,170,316,421,646,221,162,178,124,651,342,32,192,341,212,139,249,94,241,165,173,438,539,1065,208,355,88,391,330,56,174,373,261,75,294,141,277,347,217,419,152,236
865,807,363,138,939,195,822,270,282,359,741,1016,1444,570,415,492,651,785,892,105,545,896,533,344,599,244,624,386,476,1175,1358,2523,503,864,185,959,832,172,442,973,630,192,667,358,694,878,546,944,312,595
493,426,209,76,528,109,476,142,142,202,436,571,920,293,253,272,342,892,225,52,287,475,323,187,331,143,345,231,253,649,763,1521,282,483,116,540,483,90,259,520,355,97,406,220,410,507,313,526,200,339
64,44,18,15,71,16,57,15,18,33,44,57,115,37,39,35,32,105,52,2,32,66,28,20,29,18,39,35,30,62,115,190,37,67,12,65,59,8,21,61,49,11,47,31,44,60,36,69,17,51
327,225,98,43,274,60,296,83,96,123,257,319,524,180,138,156,192,545,287,32,57,287,154,123,177,65,177,141,127,313,448,751,140,262,63,270,267,37,142,284,160,50,196,114,229,279,180,294,100,167
490,455,193,78,532,105,496,151,152,240,457,551,934,305,254,286,341,896,475,66,287,248,309,190,348,136,343,234,261,631,764,1433,297,470,107,545,456,106,245,568,372,107,399,209,415,510,331,523,175,361
344,252,119,44,298,61,297,101,95,126,272,327,537,202,176,175,212,533,323,28,154,309,81,126,189,78,201,131,157,368,456,825,146,313,85,300,266,46,143,306,203,62,214,109,251,284,197,308,118,193
213,159,96,37,210,41,187,63,61,88,199,227,362,131,111,118,139,344,187,20,123,190,126,37,136,52,121,106,110,233,296,594,103,180,46,211,204,24,103,219,140,41,153,60,173,176,127,194,78,125
384,287,127,57,337,90,341,112,113,149,302,346,578,228,177,204,249,599,331,29,177,348,189,136,84,72,206,153,171,457,497,957,150,332,87,331,334,48,172,346,236,80,284,130,250,317,197,343,135,219
178,109,52,31,155,33,139,39,43,59,118,131,224,94,60,66,94,244,143,18,65,136,78,52,72,17,75,55,55,151,210,386,68,122,34,146,122,23,64,143,81,26,89,50,94,112,86,134,48,80
407,297,153,66,350,73,333,95,106,139,306,380,588,211,190,174,241,624,345,39,177,343,201,121,206,75,106,147,158,397,512,973,197,304,78,365,316,58,176,384,217,62,270,140,257,304,225,337,139,240
287,200,92,34,238,55,222,85,81,100,205,276,433,154,127,132,165,386,231,35,141,234,131,106,153,55,147,56,119,270,378,648,129,222,45,236,213,42,134,255,145,52,182,85,175,224,125,262,80,145
309,246,99,42,264,63,266,69,94,120,231,263,448,198,138,146,173,476,253,30,127,261,157,110,171,55,158,119,60,279,376,730,132,238,66,244,239,43,126,265,155,43,210,96,216,226,177,249,109,172
614,523,219,111,620,159,622,207,218,270,562,714,1186,392,303,347,438,1175,649,62,313,631,368,233,457,151,397,270,279,431,957,1870,341,656,144,633,606,107,336,703,415,149,519,246,502,590,395,670,223,402
733,672,289,119,823,173,742,222,232,326,627,830,1370,498,392,406,539,1358,763,115,448,764,456,296,497,210,512,378,376,957,552,2136,395,713,172,819,675,119,377,781,509,169,598,279,622,725,495,799,256,551
1198,1269,602,212,1498,310,1292,402,449,539,1205,1628,2498,912,707,793,1065,2523,1521,190,751,1433,825,594,957,386,973,648,730,1870,2136,1923,724,1308,299,1550,1293,278,690,1520,954,305,1055,539,1079,1361,872,1443,500,928
239,253,117,40,295,73,253,84,88,101,241,300,476,167,137,156,208,503,282,37,140,297,146,103,150,68,197,129,132,341,395,724,68,278,71,295,260,58,130,292,186,57,193,99,185,265,167,296,87,175
519,408,175,70,470,110,468,111,149,196,407,544,851,332,242,309,355,864,483,67,262,470,313,180,332,122,304,222,238,656,713,1308,278,205,111,510,416,94,229,510,328,100,348,170,373,418,297,506,180,317
119,112,33,25,121,32,124,31,39,47,81,138,180,54,51,67,88,185,116,12,63,107,85,46,87,34,78,45,66,144,172,299,71,111,15,137,116,23,57,135,76,24,99,51,91,121,64,131,39,77
498,475,208,96,574,143,568,156,183,220,457,643,969,344,246,275,391,959,540,65,270,545,300,211,331,146,365,236,244,633,819,1550,295,510,137,260,559,95,253,570,361,108,407,206,414,490,309,570,224,361
475,397,208,72,483,117,462,152,170,211,425,550,895,308,275,306,330,832,483,59,267,456,266,204,334,122,316,213,239,606,675,1293,260,416,116,559,231,82,220,487,331,98,363,160,376,434,316,486,168,304
84,75,25,13,93,25,94,29,23,43,75,88,181,59,33,44,56,172,90,8,37,106,46,24,48,23,58,42,43,107,119,278,58,94,23,95,82,5,47,93,60,19,84,35,64,90,50,94,32,60
252,225,105,46,267,66,242,75,82,92,221,282,462,152,114,130,174,442,259,21,142,245,143,103,172,64,176,134,126,336,377,690,130,229,57,253,220,47,68,254,162,52,200,95,196,222,159,252,98,159
471,444,208,78,516,116,521,135,190,244,453,638,954,335,293,288,373,973,520,61,284,568,306,219,346,143,384,255,265,703,781,1520,292,510,135,570,487,93,254,284,369,106,364,222,447,475,346,547,198,369
321,302,117,56,354,81,313,90,121,121,283,390,625,228,178,179,261,630,355,49,160,372,203,140,236,81,217,145,155,415,509,954,186,328,76,361,331,60,162,369,114,56,294,135,266,292,231,328,129,204
104,94,39,20,102,21,103,44,41,39,89,131,172,80,55,41,75,192,97,11,50,107,62,41,80,26,62,52,43,149,169,305,57,100,24,108,98,19,52,106,56,15,77,40,98,103,70,123,39,69
384,321,161,63,385,87,378,127,139,164,318,438,700,281,210,219,294,667,406,47,196,399,214,153,284,89,270,182,210,519,598,1055,193,348,99,407,363,84,200,364,294,77,176,143,297,348,295,438,129,244
205,173,75,33,198,35,188,65,59,89,178,208,359,135,94,101,141,358,220,31,114,209,109,60,130,50,140,85,96,246,279,539,99,170,51,206,160,35,95,222,135,40,143,36,171,163,113,227,80,128
438,337,154,59,409,83,391,130,130,197,379,466,718,268,213,235,277,694,410,44,229,415,251,173,250,94,257,175,216,502,622,1079,185,373,91,414,376,64,196,447,266,98,297,171,177,382,273,413,154,265
425,377,190,70,492,102,433,135,143,187,352,493,839,294,254,248,347,878,507,60,279,510,284,176,317,112,304,224,226,590,725,1361,265,418,121,490,434,90,222,475,292,103,348,163,382,223,296,499,184,295
346,262,135,57,329,78,314,105,104,137,264,365,564,209,146,176,217,546,313,36,180,331,197,127,197,86,225,125,177,395,495,872,167,297,64,309,316,50,159,346,231,70,295,113,273,296,99,346,113,213
525,488,212,75,547,111,504,174,172,208,424,578,953,345,264,283,419,944,526,69,294,523,308,194,343,134,337,262,249,670,799,1443,296,506,131,570,486,94,252,547,328,123,438,227,413,499,346,278,199,368
169,175,65,27,211,41,174,58,49,84,156,213,307,122,104,124,152,312,200,17,100,175,118,78,135,48,139,80,109,223,256,500,87,180,39,224,168,32,98,198,129,39,129,80,154,184,113,199,31,129
440,301,147,57,348,92,319,112,120,139,293,362,621,234,182,204,236,595,339,51,167,361,193,125,219,80,240,145,172,402,551,928,175,317,77,361,304,60,159,369,204,69,244,128,265,295,213,368,129,117
