292,456,225,91,485,95,482,190,181,272,423,513,799,394,292,320,372,823,500,74,360,500,333,203,336,157,387,267,313,637,717,1220,259,502,102,533,469,85,259,445,339,117,349,195,436,440,322,512,166,386
456,185,165,74,447,107,390,129,142,176,385,446,790,278,225,261,317,773,431,53,248,473,221,178,294,112,316,197,231,527,678,1222,241,409,107,453,412,61,188,421,297,81,336,147,333,399,288,472,164,316
225,165,39,33,190,43,200,65,63,73,182,215,363,123,112,110,152,341,183,21,103,218,101,88,127,64,137,85,100,254,297,573,108,181,53,192,198,35,93,201,136,40,143,84,159,185,116,202,89,138
91,74,33,6,88,15,98,35,28,44,76,92,131,73,56,66,73,139,108,9,60,88,61,33,71,23,48,39,38,101,112,209,31,91,20,96,77,17,42,74,51,23,56,38,79,63,67,65,34,52
485,447,190,88,266,119,487,147,173,212,454,623,927,350,291,299,368,884,548,63,285,535,308,217,349,144,350,262,268,635,790,1439,248,480,117,570,505,83,266,568,349,110,378,211,419,477,360,529,206,361
95,107,43,15,119,7,137,41,44,53,103,135,183,75,63,79,83,181,116,15,68,111,85,52,92,31,84,53,60,144,157,292,54,122,31,110,109,19,64,110,79,27,68,48,103,98,88,105,38,75
482,390,200,98,487,137,237,139,163,194,417,554,843,321,272,292,341,849,503,53,273,480,298,191,349,126,315,223,252,603,702,1337,251,466,115,505,444,80,213,475,339,97,363,205,398,458,278,451,188,357
190,129,65,35,147,41,139,19,39,57,120,170,271,113,78,82,98,281,154,29,96,156,98,66,106,45,103,68,97,174,217,410,83,142,39,137,164,25,76,151,98,30,119,57,132,126,87,149,63,110
181,142,63,28,173,44,163,39,32,62,135,214,328,122,95,100,121,299,161,15,95,165,101,82,101,43,102,97,84,190,270,462,78,166,37,178,167,25,86,173,101,37,119,67,123,152,95,189,71,116
272,176,73,44,212,53,194,57,62,59,161,237,364,116,115,108,149,354,217,35,141,212,146,83,132,63,145,88,120,252,297,572,121,226,48,208,223,41,103,219,133,42,159,92,157,161,140,194,77,151
423,385,182,76,454,103,417,120,135,161,181,532,741,265,255,278,296,755,401,60,254,443,293,201,288,117,301,214,251,495,637,1205,259,399,106,460,452,95,223,454,269,82,321,197,381,379,300,461,175,276
513,446,215,92,623,135,554,170,214,237,532,321,1066,333,305,310,405,1064,570,63,320,561,326,201,369,149,380,292,275,774,880,1692,315,545,119,607,528,88,327,623,391,125,432,231,465,565,380,598,236,398
799,790,363,131,927,183,843,271,328,364,741,1066,838,546,480,548,627,1485,952,105,503,893,482,353,591,203,565,399,477,1165,1360,2541,490,827,208,1000,798,160,475,1035,663,197,722,347,725,908,594,911,349,594
394,278,123,73,350,75,321,113,122,116,265,333,546,100,168,170,231,567,338,41,199,341,225,141,249,89,231,173,181,404,489,923,183,325,80,335,319,63,165,347,221,71,268,125,258,303,224,355,136,252
292,225,112,56,291,63,272,78,95,115,255,305,480,168,80,135,187,490,265,36,145,280,156,100,183,79,186,128,144,324,459,792,160,232,62,253,265,46,118,291,173,51,225,101,238,235,185,292,110,196
320,261,110,66,299,79,292,82,100,108,278,310,548,170,135,78,192,542,293,35,146,313,154,115,177,69,169,119,143,323,478,848,177,251,73,265,289,46,151,330,172,57,233,115,218,252,167,294,134,212
372,317,152,73,368,83,341,98,121,149,296,405,627,231,187,192,124,632,354,44,204,365,234,140,237,91,251,164,172,492,544,1018,204,365,85,379,356,54,161,371,247,83,270,137,276,339,220,390,134,241
823,773,341,139,884,181,849,281,299,354,755,1064,1485,567,490,542,632,815,953,114,512,898,489,313,587,221,607,415,469,1139,1371,2482,492,809,193,1004,806,146,454,954,587,182,731,354,710,873,579,912,340,589
500,431,183,108,548,116,503,154,161,217,401,570,952,338,265,293,354,953,255,55,283,478,313,196,341,135,364,259,274,653,750,1487,265,456,106,533,475,83,242,528,325,108,390,177,419,471,322,528,198,356
74,53,21,9,63,15,53,29,15,35,60,63,105,41,36,35,44,114,55,3,30,64,32,19,31,12,34,30,29,81,87,176,33,57,12,68,65,8,35,71,52,14,57,23,38,50,42,70,26,40
360,248,103,60,285,68,273,96,95,141,254,320,503,199,145,146,204,512,283,30,91,311,161,108,178,67,175,129,136,329,411,769,149,263,83,266,281,56,139,303,179,53,211,102,221,252,167,323,110,207
500,473,218,88,535,111,480,156,165,212,443,561,893,341,280,313,365,898,478,64,311,248,300,195,337,141,389,260,282,659,789,1434,262,454,119,571,509,70,251,544,342,102,412,165,388,479,321,541,179,381
333,221,101,61,308,85,298,98,101,146,293,326,482,225,156,154,234,489,313,32,161,300,95,122,211,78,200,139,151,353,468,810,161,270,72,313,291,51,139,321,212,63,222,96,224,277,192,319,126,210
203,178,88,33,217,52,191,66,82,83,201,201,353,141,100,115,140,313,196,19,108,195,122,42,154,53,130,84,97,229,304,538,107,176,50,209,182,40,110,201,143,48,158,65,165,180,119,199,69,155
336,294,127,71,349,92,349,106,101,132,288,369,591,249,183,177,237,587,341,31,178,337,211,154,111,100,226,150,165,424,486,968,192,296,79,349,324,58,162,336,238,71,267,135,274,315,195,373,112,219
157,112,64,23,144,31,126,45,43,63,117,149,203,89,79,69,91,221,135,12,67,141,78,53,100,14,75,59,58,156,199,341,76,114,33,119,109,24,54,144,78,27,97,57,116,114,86,134,48,86
387,316,137,48,350,84,315,103,102,145,301,380,565,231,186,169,251,607,364,34,175,389,200,130,226,75,130,145,165,429,543,955,197,300,93,328,305,63,163,409,253,67,287,138,277,302,195,364,129,219
267,197,85,39,262,53,223,68,97,88,214,292,399,173,128,119,164,415,259,30,129,260,139,84,150,59,145,63,119,275,334,628,119,230,44,226,206,42,115,221,153,49,161,63,180,234,141,228,85,167
313,231,100,38,268,60,252,97,84,120,251,275,477,181,144,143,172,469,274,29,136,282,151,97,165,58,165,119,61,317,408,669,125,251,63,263,234,42,132,302,187,45,212,93,189,233,147,258,80,190
637,527,254,101,635,144,603,174,190,252,495,774,1165,404,324,323,492,1139,653,81,329,659,353,229,424,156,429,275,317,421,974,1748,369,552,139,712,565,103,310,689,438,150,498,221,513,597,418,675,249,429
717,678,297,112,790,157,702,217,270,297,637,880,1360,489,459,478,544,1371,750,87,411,789,468,304,486,199,543,334,408,974,610,2085,418,710,175,862,715,142,365,827,499,152,599,297,623,711,456,784,261,520
1220,1222,573,209,1439,292,1337,410,462,572,1205,1692,2541,923,792,848,1018,2482,1487,176,769,1434,810,538,968,341,955,628,669,1748,2085,1954,751,1355,285,1589,1256,232,678,1478,876,301,1077,535,1129,1262,876,1437,519,952
259,241,108,31,248,54,251,83,78,121,259,315,490,183,160,177,204,492,265,33,149,262,161,107,192,76,197,119,125,369,418,751,82,207,55,327,232,48,127,279,204,58,240,98,224,242,172,277,98,182
502,409,181,91,480,122,466,142,166,226,399,545,827,325,232,251,365,809,456,57,263,454,270,176,296,114,300,230,251,552,710,1355,207,227,119,500,470,80,240,518,329,104,343,182,343,437,297,507,160,331
102,107,53,20,117,31,115,39,37,48,106,119,208,80,62,73,85,193,106,12,83,119,72,50,79,33,93,44,63,139,175,285,55,119,10,127,104,31,65,102,78,26,89,44,100,116,84,128,56,82
533,453,192,96,570,110,505,137,178,208,460,607,1000,335,253,265,379,1004,533,68,266,571,313,209,349,119,328,226,263,712,862,1589,327,500,127,284,495,84,268,552,335,104,412,203,455,477,342,564,207,379
469,412,198,77,505,109,444,164,167,223,452,528,798,319,265,289,356,806,475,65,281,509,291,182,324,109,305,206,234,565,715,1256,232,470,104,495,217,92,275,501,295,112,318,186,352,431,297,488,188,335
85,61,35,17,83,19,80,25,25,41,95,88,160,63,46,46,54,146,83,8,56,70,51,40,58,24,63,42,42,103,142,232,48,80,31,84,92,8,50,98,49,21,76,27,66,79,43,94,35,51
259,188,93,42,266,64,213,76,86,103,223,327,475,165,118,151,161,454,242,35,139,251,139,110,162,54,163,115,132,310,365,678,127,240,65,268,275,50,53,264,168,49,218,111,182,234,147,248,103,178
445,421,201,74,568,110,475,151,173,219,454,623,1035,347,291,330,371,954,528,71,303,544,321,201,336,144,409,221,302,689,827,1478,279,518,102,552,501,98,264,273,309,113,424,194,402,493,320,583,168,372
339,297,136,51,349,79,339,98,101,133,269,391,663,221,173,172,247,587,325,52,179,342,212,143,238,78,253,153,187,438,499,876,204,329,78,335,295,49,168,309,115,73,225,122,279,349,209,339,140,210
117,81,40,23,110,27,97,30,37,42,82,125,197,71,51,57,83,182,108,14,53,102,63,48,71,27,67,49,45,150,152,301,58,104,26,104,112,21,49,113,73,7,85,38,75,92,63,109,38,76
349,336,143,56,378,68,363,119,119,159,321,432,722,268,225,233,270,731,390,57,211,412,222,158,267,97,287,161,212,498,599,1077,240,343,89,412,318,76,218,424,225,85,140,150,306,363,258,409,128,244
195,147,84,38,211,48,205,57,67,92,197,231,347,125,101,115,137,354,177,23,102,165,96,65,135,57,138,63,93,221,297,535,98,182,44,203,186,27,111,194,122,38,150,44,160,158,112,199,85,132
436,333,159,79,419,103,398,132,123,157,381,465,725,258,238,218,276,710,419,38,221,388,224,165,274,116,277,180,189,513,623,1129,224,343,100,455,352,66,182,402,279,75,306,160,167,367,238,425,146,299
440,399,185,63,477,98,458,126,152,161,379,565,908,303,235,252,339,873,471,50,252,479,277,180,315,114,302,234,233,597,711,1262,242,437,116,477,431,79,234,493,349,92,363,158,367,209,289,469,182,310
322,288,116,67,360,88,278,87,95,140,300,380,594,224,185,167,220,579,322,42,167,321,192,119,195,86,195,141,147,418,456,876,172,297,84,342,297,43,147,320,209,63,258,112,238,289,95,309,131,218
512,472,202,65,529,105,451,149,189,194,461,598,911,355,292,294,390,912,528,70,323,541,319,199,373,134,364,228,258,675,784,1437,277,507,128,564,488,94,248,583,339,109,409,199,425,469,309,258,212,356
166,164,89,34,206,38,188,63,71,77,175,236,349,136,110,134,134,340,198,26,110,179,126,69,112,48,129,85,80,249,261,519,98,160,56,207,188,35,103,168,140,38,128,85,146,182,131,212,32,151
386,316,138,52,361,75,357,110,116,151,276,398,594,252,196,212,241,589,356,40,207,381,210,155,219,86,219,167,190,429,520,952,182,331,82,379,335,51,178,372,210,76,244,132,299,310,218,356,151,126
