273,454,207,89,513,113,484,196,172,241,457,507,765,348,341,369,409,840,552,63,331,506,357,219,366,140,369,272,291,606,698,1224,261,499,103,537,449,91,258,464,329,106,351,174,451,386,307,494,172,380
454,156,159,66,432,90,437,132,159,177,388,480,769,286,249,230,323,810,422,53,243,458,280,173,268,115,289,196,202,539,710,1208,232,375,106,424,421,68,240,475,280,101,325,165,373,396,323,464,175,295
207,159,38,35,210,45,183,47,54,80,164,214,377,132,98,102,164,369,200,19,95,215,121,84,138,42,129,101,94,227,311,593,120,156,45,220,191,43,105,219,141,39,150,74,164,173,119,188,67,126
89,66,35,6,85,20,92,31,27,35,68,95,162,53,59,61,79,164,89,14,52,85,54,32,72,21,66,44,56,89,131,233,50,72,21,100,67,19,58,91,54,17,75,44,79,81,62,82,32,63
513,432,210,85,258,111,485,145,166,195,453,579,875,305,262,268,368,888,553,72,270,573,289,200,346,159,381,206,260,619,813,1438,253,480,123,539,477,86,274,558,359,114,399,207,386,479,317,569,194,324
113,90,45,20,111,16,118,36,37,50,90,125,193,65,68,80,87,212,130,14,70,116,71,46,77,35,91,65,63,151,177,302,64,109,30,118,98,24,61,114,80,21,96,39,92,103,65,106,30,100
484,437,183,92,485,118,265,162,166,205,415,538,896,322,258,277,401,887,500,59,284,511,274,203,314,131,375,230,248,651,735,1380,262,456,109,521,460,74,268,519,331,100,373,162,376,461,342,503,189,321
196,132,47,31,145,36,162,24,53,58,139,149,251,98,70,81,135,252,165,13,86,151,83,67,98,31,109,68,82,187,242,402,76,141,40,161,138,21,71,162,86,31,134,56,120,136,80,182,57,96
172,159,54,27,166,37,166,53,25,68,134,180,311,115,73,80,125,293,196,17,93,178,103,77,107,44,118,84,72,236,244,465,71,160,38,156,148,31,89,198,110,30,109,60,128,154,101,188,66,120
241,177,80,35,195,50,205,58,68,44,167,228,376,136,119,123,159,405,211,33,122,220,124,93,144,54,136,114,104,262,304,520,101,195,49,201,201,23,103,204,123,47,155,103,167,189,118,201,77,138
457,388,164,68,453,90,415,139,134,167,190,482,775,300,209,230,303,811,449,76,259,474,253,199,273,104,289,213,226,560,639,1084,218,407,89,455,404,62,216,438,286,88,311,164,333,411,254,422,166,303
507,480,214,95,579,125,538,149,180,228,482,331,1046,377,283,299,405,1055,556,66,295,570,340,229,359,146,376,254,283,731,864,1628,307,553,138,574,549,96,277,655,373,105,432,220,451,591,364,620,220,388
765,769,377,162,875,193,896,251,311,376,775,1046,812,564,460,542,670,1517,936,105,528,899,511,370,630,241,652,436,447,1128,1430,2529,487,881,213,1012,875,178,443,1012,599,203,700,361,716,894,564,963,335,599
348,286,132,53,305,65,322,98,115,136,300,377,564,100,180,172,246,565,341,52,190,371,193,113,203,77,219,159,180,421,480,939,166,317,69,337,299,62,156,362,224,63,244,130,254,312,197,340,119,231
341,249,98,59,262,68,258,70,73,119,209,283,460,180,76,151,199,495,258,27,132,281,152,106,162,56,179,114,121,299,390,758,159,268,63,273,259,52,141,290,168,55,202,87,224,245,166,313,96,172
369,230,102,61,268,80,277,81,80,123,230,299,542,172,151,74,220,528,286,37,152,317,168,90,194,59,176,122,139,336,442,804,164,266,78,285,266,47,144,325,187,57,224,95,228,241,196,341,114,181
409,323,164,79,368,87,401,135,125,159,303,405,670,246,199,220,127,698,388,50,219,380,215,163,239,106,265,161,189,464,614,1058,205,365,92,385,332,62,202,416,263,70,272,129,301,323,222,400,142,237
840,810,369,164,888,212,887,252,293,405,811,1055,1517,565,495,528,698,839,959,112,558,926,547,372,650,256,665,387,436,1131,1433,2527,515,896,209,1004,888,152,443,1015,617,188,708,357,729,876,601,945,361,668
552,422,200,89,553,130,500,165,196,211,449,556,936,341,258,286,388,959,258,46,303,476,281,203,330,128,350,238,290,631,788,1410,282,452,132,543,463,88,262,560,328,104,432,165,431,489,337,508,194,338
63,53,19,14,72,14,59,13,17,33,76,66,105,52,27,37,50,112,46,4,31,62,35,25,46,14,43,29,28,76,97,181,38,49,15,69,60,9,22,62,40,12,45,29,47,68,29,57,16,55
331,243,95,52,270,70,284,86,93,122,259,295,528,190,132,152,219,558,303,31,73,313,172,102,179,66,189,107,145,343,403,772,130,259,55,294,277,48,144,286,165,60,224,100,218,251,166,290,117,216
506,458,215,85,573,116,511,151,178,220,474,570,899,371,281,317,380,926,476,62,313,255,330,209,352,138,408,247,260,685,759,1397,280,446,119,549,480,88,242,567,364,105,402,170,426,493,330,557,176,371
357,280,121,54,289,71,274,83,103,124,253,340,511,193,152,168,215,547,281,35,172,330,100,125,184,64,203,127,134,337,467,802,170,272,70,306,294,48,153,312,181,63,216,90,243,280,196,319,118,208
219,173,84,32,200,46,203,67,77,93,199,229,370,113,106,90,163,372,203,25,102,209,125,28,134,59,142,87,111,248,309,592,94,196,37,223,181,30,105,204,120,48,153,74,176,198,128,217,71,152
366,268,138,72,346,77,314,98,107,144,273,359,630,203,162,194,239,650,330,46,179,352,184,134,110,83,224,131,179,409,498,963,177,339,83,305,309,67,184,348,200,73,272,121,260,314,199,365,117,221
140,115,42,21,159,35,131,31,44,54,104,146,241,77,56,59,106,256,128,14,66,138,64,59,83,13,75,51,68,160,177,379,70,128,28,134,121,20,78,128,85,33,93,45,112,124,84,128,57,82
369,289,129,66,381,91,375,109,118,136,289,376,652,219,179,176,265,665,350,43,189,408,203,142,224,75,126,141,181,434,558,1011,205,326,72,338,344,70,178,367,207,79,257,138,290,310,225,367,144,250
272,196,101,44,206,65,230,68,84,114,213,254,436,159,114,122,161,387,238,29,107,247,127,87,131,51,141,60,121,264,355,633,132,228,55,229,218,29,128,266,181,50,163,74,181,220,121,255,88,157
291,202,94,56,260,63,248,82,72,104,226,283,447,180,121,139,189,436,290,28,145,260,134,111,179,68,181,121,43,302,395,711,127,235,53,261,258,35,123,277,164,67,186,83,196,237,156,261,90,153
606,539,227,89,619,151,651,187,236,262,560,731,1128,421,299,336,464,1131,631,76,343,685,337,248,409,160,434,264,302,389,1007,1910,329,628,139,657,618,103,313,693,416,145,502,249,497,603,362,695,235,424
698,710,311,131,813,177,735,242,244,304,639,864,1430,480,390,442,614,1433,788,97,403,759,467,309,498,177,558,355,395,1007,583,2110,436,742,195,867,699,126,392,814,525,163,590,305,596,723,466,772,285,511
1224,1208,593,233,1438,302,1380,402,465,520,1084,1628,2529,939,758,804,1058,2527,1410,181,772,1397,802,592,963,379,1011,633,711,1910,2110,2039,759,1320,338,1564,1313,257,690,1527,1024,300,1091,569,1151,1404,929,1447,535,935
261,232,120,50,253,64,262,76,71,101,218,307,487,166,159,164,205,515,282,38,130,280,170,94,177,70,205,132,127,329,436,759,66,249,57,316,267,50,139,303,215,61,219,115,217,277,157,284,100,182
499,375,156,72,480,109,456,141,160,195,407,553,881,317,268,266,365,896,452,49,259,446,272,196,339,128,326,228,235,628,742,1320,249,222,106,504,414,84,250,504,308,114,375,182,359,452,297,501,189,365
103,106,45,21,123,30,109,40,38,49,89,138,213,69,63,78,92,209,132,15,55,119,70,37,83,28,72,55,53,139,195,338,57,106,11,131,106,22,54,140,80,22,82,44,90,115,75,139,37,86
537,424,220,100,539,118,521,161,156,201,455,574,1012,337,273,285,385,1004,543,69,294,549,306,223,305,134,338,229,261,657,867,1564,316,504,131,241,496,90,295,558,344,120,408,202,410,490,320,546,200,373
449,421,191,67,477,98,460,138,148,201,404,549,875,299,259,266,332,888,463,60,277,480,294,181,309,121,344,218,258,618,699,1313,267,414,106,496,207,87,232,496,295,87,318,172,373,413,307,464,148,333
91,68,43,19,86,24,74,21,31,23,62,96,178,62,52,47,62,152,88,9,48,88,48,30,67,20,70,29,35,103,126,257,50,84,22,90,87,7,42,67,46,12,61,29,80,86,53,74,40,55
258,240,105,58,274,61,268,71,89,103,216,277,443,156,141,144,202,443,262,22,144,242,153,105,184,78,178,128,123,313,392,690,139,250,54,295,232,42,76,297,188,59,224,88,181,243,155,287,90,173
464,475,219,91,558,114,519,162,198,204,438,655,1012,362,290,325,416,1015,560,62,286,567,312,204,348,128,367,266,277,693,814,1527,303,504,140,558,496,67,297,289,319,118,434,223,439,468,333,593,218,321
329,280,141,54,359,80,331,86,110,123,286,373,599,224,168,187,263,617,328,40,165,364,181,120,200,85,207,181,164,416,525,1024,215,308,80,344,295,46,188,319,97,59,253,124,262,283,208,368,125,210
106,101,39,17,114,21,100,31,30,47,88,105,203,63,55,57,70,188,104,12,60,105,63,48,73,33,79,50,67,145,163,300,61,114,22,120,87,12,59,118,59,11,73,44,70,101,65,113,42,71
351,325,150,75,399,96,373,134,109,155,311,432,700,244,202,224,272,708,432,45,224,402,216,153,272,93,257,163,186,502,590,1091,219,375,82,408,318,61,224,434,253,73,150,128,304,366,263,408,109,251
174,165,74,44,207,39,162,56,60,103,164,220,361,130,87,95,129,357,165,29,100,170,90,74,121,45,138,74,83,249,305,569,115,182,44,202,172,29,88,223,124,44,128,43,131,153,131,197,76,125
451,373,164,79,386,92,376,120,128,167,333,451,716,254,224,228,301,729,431,47,218,426,243,176,260,112,290,181,196,497,596,1151,217,359,90,410,373,80,181,439,262,70,304,131,162,409,253,430,155,270
386,396,173,81,479,103,461,136,154,189,411,591,894,312,245,241,323,876,489,68,251,493,280,198,314,124,310,220,237,603,723,1404,277,452,115,490,413,86,243,468,283,101,366,153,409,232,300,472,187,325
307,323,119,62,317,65,342,80,101,118,254,364,564,197,166,196,222,601,337,29,166,330,196,128,199,84,225,121,156,362,466,929,157,297,75,320,307,53,155,333,208,65,263,131,253,300,108,361,122,173
494,464,188,82,569,106,503,182,188,201,422,620,963,340,313,341,400,945,508,57,290,557,319,217,365,128,367,255,261,695,772,1447,284,501,139,546,464,74,287,593,368,113,408,197,430,472,361,287,207,339
172,175,67,32,194,30,189,57,66,77,166,220,335,119,96,114,142,361,194,16,117,176,118,71,117,57,144,88,90,235,285,535,100,189,37,200,148,40,90,218,125,42,109,76,155,187,122,207,29,136
380,295,126,63,324,100,321,96,120,138,303,388,599,231,172,181,237,668,338,55,216,371,208,152,221,82,250,157,153,424,511,935,182,365,86,373,333,55,173,321,210,71,251,125,270,325,173,339,136,116
