268,440,202,76,490,105,449,194,172,215,439,531,795,369,312,328,375,820,504,62,322,528,344,203,388,151,379,281,294,570,718,1145,211,497,107,493,469,79,263,451,297,91,361,171,449,454,297,483,185,373
440,194,162,75,427,95,415,149,143,187,396,454,796,284,244,259,270,802,430,53,227,419,247,179,279,115,316,189,198,531,649,1246,228,415,93,456,403,70,245,465,293,84,338,161,309,397,278,458,156,290
202,162,47,42,203,57,203,56,80,78,164,218,386,146,95,105,149,351,203,26,106,206,118,86,130,49,139,79,101,233,313,569,110,222,54,221,200,29,92,217,147,36,145,69,164,193,117,216,79,149
76,75,42,3,79,15,79,25,22,24,66,85,151,48,44,46,59,142,63,17,46,87,44,29,61,28,66,31,55,115,108,208,43,68,21,85,76,10,42,85,60,9,73,26,83,79,53,80,32,46
490,427,203,79,248,102,484,166,149,205,426,519,910,310,281,318,356,910,496,71,269,487,315,203,332,120,361,240,254,611,698,1434,299,500,127,531,457,64,266,525,338,99,378,179,434,426,330,527,189,335
105,95,57,15,102,9,99,40,34,39,92,126,193,73,65,67,77,185,106,14,65,105,63,45,62,32,89,52,80,134,172,273,49,108,23,113,103,22,57,97,62,21,98,40,86,98,63,101,37,69
449,415,203,79,484,99,228,143,154,194,428,545,830,320,250,266,332,833,477,57,246,486,266,193,332,142,336,222,244,580,745,1301,252,474,123,523,441,95,238,517,331,96,349,181,354,434,280,501,193,305
194,149,56,25,166,40,143,32,31,64,126,171,262,119,76,79,94,252,169,19,85,162,95,60,105,39,98,60,73,195,243,425,80,140,32,154,132,17,98,166,107,33,117,55,121,141,96,157,57,108
172,143,80,22,149,34,154,31,17,61,135,182,314,106,95,95,102,300,155,21,91,160,109,73,113,50,125,91,97,213,241,487,106,149,48,177,153,25,68,184,107,24,121,65,121,159,108,152,56,108
215,187,78,24,205,39,194,64,61,37,172,223,381,154,127,118,168,385,226,23,126,234,132,94,137,53,141,95,102,234,316,556,120,192,44,214,197,32,112,215,138,48,143,83,166,206,139,214,71,120
439,396,164,66,426,92,428,126,135,172,160,478,823,323,255,249,316,739,439,52,244,461,270,183,296,96,321,219,216,499,619,1142,247,397,90,448,385,73,216,426,282,90,310,181,360,361,288,460,161,276
531,454,218,85,519,126,545,171,182,223,478,301,982,369,281,287,421,998,599,73,295,614,308,220,340,138,343,268,265,698,881,1486,282,546,132,607,500,88,260,610,352,124,402,210,452,530,357,581,185,354
795,796,386,151,910,193,830,262,314,381,823,982,751,646,511,553,633,1434,879,129,514,924,558,371,602,239,635,449,492,1089,1301,2314,465,887,212,958,817,166,474,924,579,192,675,331,773,835,601,909,345,573
369,284,146,48,310,73,320,119,106,154,323,369,646,120,176,215,252,630,337,38,177,343,182,134,239,83,243,161,155,410,468,926,188,276,72,325,324,61,176,364,225,64,260,118,282,279,212,348,119,232
312,244,95,44,281,65,250,76,95,127,255,281,511,176,80,153,192,485,258,27,139,261,158,105,191,63,160,138,128,340,421,763,161,259,74,275,227,44,129,268,172,48,206,95,225,247,167,266,98,195
328,259,105,46,318,67,266,79,95,118,249,287,553,215,153,79,208,529,292,36,152,337,182,118,197,58,167,145,135,347,467,796,166,273,67,291,242,47,149,326,200,54,228,108,250,264,165,306,103,191
375,270,149,59,356,77,332,94,102,168,316,421,633,252,192,208,140,659,361,47,188,369,227,130,240,94,232,190,155,470,530,939,198,371,86,366,338,56,166,388,237,56,274,122,264,353,227,375,127,250
820,802,351,142,910,185,833,252,300,385,739,998,1434,630,485,529,659,808,913,119,536,921,562,332,603,216,628,426,482,1132,1350,2380,450,834,199,975,878,160,474,933,590,182,684,330,726,881,573,912,310,604
504,430,203,63,496,106,477,169,155,226,439,599,879,337,258,292,361,913,271,58,262,483,270,187,335,145,334,232,240,644,762,1438,262,493,104,532,443,87,274,532,355,98,406,196,377,455,328,536,181,343
62,53,26,17,71,14,57,19,21,23,52,73,129,38,27,36,47,119,58,4,32,60,24,33,39,13,47,26,36,73,104,166,51,55,15,60,57,7,35,73,42,13,48,22,49,62,38,80,20,41
322,227,106,46,269,65,246,85,91,126,244,295,514,177,139,152,188,536,262,32,68,278,156,103,185,61,165,134,149,341,431,821,171,255,63,291,248,45,116,280,193,39,233,113,224,260,173,304,114,183
528,419,206,87,487,105,486,162,160,234,461,614,924,343,261,337,369,921,483,60,278,250,284,224,381,141,380,271,278,638,760,1406,273,461,112,531,472,95,257,571,371,128,425,203,423,452,322,561,196,359
344,247,118,44,315,63,266,95,109,132,270,308,558,182,158,182,227,562,270,24,156,284,94,118,166,58,181,133,144,367,484,846,175,273,87,314,260,45,153,314,180,65,252,113,211,268,199,316,123,200
203,179,86,29,203,45,193,60,73,94,183,220,371,134,105,118,130,332,187,33,103,224,118,36,135,48,151,105,107,230,271,496,108,200,34,215,212,47,78,183,119,32,147,80,142,187,132,191,66,135
388,279,130,61,332,62,332,105,113,137,296,340,602,239,191,197,240,603,335,39,185,381,166,135,112,70,220,134,146,393,552,964,182,338,89,326,303,55,153,335,200,68,256,119,251,315,200,360,125,227
151,115,49,28,120,32,142,39,50,53,96,138,239,83,63,58,94,216,145,13,61,141,58,48,70,16,71,48,72,145,189,366,69,127,33,139,122,17,67,121,71,29,93,43,98,114,70,144,45,69
379,316,139,66,361,89,336,98,125,141,321,343,635,243,160,167,232,628,334,47,165,380,181,151,220,71,124,151,167,382,513,976,178,357,79,360,295,52,152,329,196,63,234,144,264,316,205,353,139,235
281,189,79,31,240,52,222,60,91,95,219,268,449,161,138,145,190,426,232,26,134,271,133,105,134,48,151,55,120,301,360,632,127,189,58,258,229,39,114,256,179,61,193,84,184,242,135,232,77,142
294,198,101,55,254,80,244,73,97,102,216,265,492,155,128,135,155,482,240,36,149,278,144,107,146,72,167,120,63,302,408,714,159,251,48,251,237,44,108,255,130,45,214,80,196,217,144,245,98,206
570,531,233,115,611,134,580,195,213,234,499,698,1089,410,340,347,470,1132,644,73,341,638,367,230,393,145,382,301,302,390,914,1787,329,577,130,667,586,103,322,673,425,121,470,219,497,612,404,643,241,409
718,649,313,108,698,172,745,243,241,316,619,881,1301,468,421,467,530,1350,762,104,431,760,484,271,552,189,513,360,408,914,563,2088,386,686,172,798,655,126,395,774,524,170,594,287,624,697,485,819,283,497
1145,1246,569,208,1434,273,1301,425,487,556,1142,1486,2314,926,763,796,939,2380,1438,166,821,1406,846,496,964,366,976,632,714,1787,2088,1914,717,1314,324,1524,1271,242,711,1433,915,306,983,527,1125,1273,893,1424,500,915
211,228,110,43,299,49,252,80,106,120,247,282,465,188,161,166,198,450,262,51,171,273,175,108,182,69,178,127,159,329,386,717,68,250,69,296,229,44,145,279,178,58,190,96,206,256,179,271,115,201
497,415,222,68,500,108,474,140,149,192,397,546,887,276,259,273,371,834,493,55,255,461,273,200,338,127,357,189,251,577,686,1314,250,222,112,510,444,66,250,492,320,98,359,154,410,471,300,490,177,326
107,93,54,21,127,23,123,32,48,44,90,132,212,72,74,67,86,199,104,15,63,112,87,34,89,33,79,58,48,130,172,324,69,112,8,131,114,14,56,105,58,28,80,35,95,120,71,132,41,74
493,456,221,85,531,113,523,154,177,214,448,607,958,325,275,291,366,975,532,60,291,531,314,215,326,139,360,258,251,667,798,1524,296,510,131,269,478,86,255,622,358,109,408,192,435,522,308,550,221,345
469,403,200,76,457,103,441,132,153,197,385,500,817,324,227,242,338,878,443,57,248,472,260,212,303,122,295,229,237,586,655,1271,229,444,114,478,237,77,211,505,305,97,360,164,363,421,296,487,190,305
79,70,29,10,64,22,95,17,25,32,73,88,166,61,44,47,56,160,87,7,45,95,45,47,55,17,52,39,44,103,126,242,44,66,14,86,77,9,37,77,49,15,73,34,71,70,69,89,30,59
263,245,92,42,266,57,238,98,68,112,216,260,474,176,129,149,166,474,274,35,116,257,153,78,153,67,152,114,108,322,395,711,145,250,56,255,211,37,67,303,177,49,202,104,171,240,174,251,102,184
451,465,217,85,525,97,517,166,184,215,426,610,924,364,268,326,388,933,532,73,280,571,314,183,335,121,329,256,255,673,774,1433,279,492,105,622,505,77,303,250,340,112,401,175,412,442,336,547,220,344
297,293,147,60,338,62,331,107,107,138,282,352,579,225,172,200,237,590,355,42,193,371,180,119,200,71,196,179,130,425,524,915,178,320,58,358,305,49,177,340,120,74,255,128,230,282,228,336,118,227
91,84,36,9,99,21,96,33,24,48,90,124,192,64,48,54,56,182,98,13,39,128,65,32,68,29,63,61,45,121,170,306,58,98,28,109,97,15,49,112,74,5,72,40,84,109,61,103,42,63
361,338,145,73,378,98,349,117,121,143,310,402,675,260,206,228,274,684,406,48,233,425,252,147,256,93,234,193,214,470,594,983,190,359,80,408,360,73,202,401,255,72,134,141,311,353,221,384,144,248
171,161,69,26,179,40,181,55,65,83,181,210,331,118,95,108,122,330,196,22,113,203,113,80,119,43,144,84,80,219,287,527,96,154,35,192,164,34,104,175,128,40,141,49,120,192,120,171,66,119
449,309,164,83,434,86,354,121,121,166,360,452,773,282,225,250,264,726,377,49,224,423,211,142,251,98,264,184,196,497,624,1125,206,410,95,435,363,71,171,412,230,84,311,120,160,369,250,403,140,256
454,397,193,79,426,98,434,141,159,206,361,530,835,279,247,264,353,881,455,62,260,452,268,187,315,114,316,242,217,612,697,1273,256,471,120,522,421,70,240,442,282,109,353,192,369,227,287,481,180,349
297,278,117,53,330,63,280,96,108,139,288,357,601,212,167,165,227,573,328,38,173,322,199,132,200,70,205,135,144,404,485,893,179,300,71,308,296,69,174,336,228,61,221,120,250,287,125,308,129,209
483,458,216,80,527,101,501,157,152,214,460,581,909,348,266,306,375,912,536,80,304,561,316,191,360,144,353,232,245,643,819,1424,271,490,132,550,487,89,251,547,336,103,384,171,403,481,308,244,185,341
185,156,79,32,189,37,193,57,56,71,161,185,345,119,98,103,127,310,181,20,114,196,123,66,125,45,139,77,98,241,283,500,115,177,41,221,190,30,102,220,118,42,144,66,140,180,129,185,28,120
373,290,149,46,335,69,305,108,108,120,276,354,573,232,195,191,250,604,343,41,183,359,200,135,227,69,235,142,206,409,497,915,201,326,74,345,305,59,184,344,227,63,248,119,256,349,209,341,120,106
