236,459,202,74,501,99,487,177,170,249,458,520,840,379,294,319,368,855,504,74,319,546,345,219,375,145,368,273,287,610,694,1221,279,469,103,492,502,79,262,483,299,113,360,189,425,406,310,501,184,390
459,184,173,73,432,100,425,125,158,163,367,464,838,262,213,211,314,817,431,48,236,413,264,176,270,106,277,203,191,586,647,1272,227,401,100,419,399,81,229,434,285,78,365,171,346,385,283,479,171,265
202,173,35,28,202,36,176,39,57,84,181,231,411,127,102,97,128,373,202,32,98,216,111,81,127,53,130,91,103,263,342,618,105,187,45,196,169,33,98,207,129,39,143,65,149,200,119,210,77,125
74,73,28,8,79,18,71,26,33,39,68,103,153,58,45,37,60,126,77,5,57,75,48,29,48,22,50,36,46,109,116,191,35,85,13,96,74,11,40,83,55,22,64,33,61,75,70,71,29,65
501,432,202,79,264,111,488,129,156,226,395,600,972,304,262,279,354,921,508,71,281,525,321,220,332,132,355,241,249,661,722,1427,248,464,104,525,471,93,262,542,352,120,414,242,425,468,331,529,175,355
99,100,36,18,111,11,95,32,44,59,107,147,199,80,56,60,83,188,123,11,71,115,68,51,84,28,80,54,77,157,175,274,51,115,20,137,100,21,68,120,80,26,92,43,89,103,81,101,39,83
487,425,176,71,488,95,241,155,175,180,416,574,906,335,263,280,402,886,489,50,268,491,285,195,337,136,347,232,251,647,747,1364,256,432,114,540,437,82,264,509,333,100,351,170,384,473,320,494,189,347
177,125,39,26,129,32,155,26,47,57,129,141,288,104,78,81,114,270,146,16,87,155,85,59,94,43,91,66,79,206,205,422,77,147,29,148,142,16,71,134,96,29,127,67,122,129,100,162,59,99
170,158,57,33,156,44,175,47,28,65,136,195,298,120,89,96,125,308,175,17,97,177,92,50,119,39,112,81,86,207,268,464,90,182,33,165,164,28,82,182,134,32,121,63,144,149,103,183,60,103
249,163,84,39,226,59,180,57,65,41,145,241,389,129,116,108,160,396,202,32,135,212,157,59,130,62,129,84,103,299,307,533,124,195,40,193,196,31,123,181,149,38,134,81,163,215,156,210,78,146
458,367,181,68,395,107,416,129,136,145,179,508,798,304,232,245,328,764,439,64,248,453,277,154,274,106,281,196,207,575,620,1129,224,395,92,452,411,68,222,430,282,83,327,164,347,415,280,443,137,264
520,464,231,103,600,147,574,141,195,241,508,311,1034,374,276,334,386,1093,605,62,323,579,347,222,382,141,379,237,270,737,897,1648,290,523,142,592,523,98,278,626,389,127,429,221,457,540,349,617,205,387
840,838,411,153,972,199,906,288,298,389,798,1034,866,592,478,532,638,1546,911,115,480,935,553,377,632,217,610,424,417,1195,1459,2620,482,864,219,961,891,157,494,1041,611,194,655,348,727,867,584,979,347,621
379,262,127,58,304,80,335,104,120,129,304,374,592,89,199,193,235,583,305,32,167,348,205,130,211,92,223,149,150,402,486,897,182,321,73,328,304,63,173,352,218,69,239,114,276,280,209,332,117,236
294,213,102,45,262,56,263,78,89,116,232,276,478,199,65,135,196,439,267,33,126,261,166,114,175,66,181,104,136,306,395,712,138,271,57,294,273,44,134,262,170,46,183,94,222,260,166,272,95,179
319,211,97,37,279,60,280,81,96,108,245,334,532,193,135,76,202,481,298,42,155,298,178,120,194,68,194,109,150,341,428,796,158,297,76,306,294,46,154,286,196,64,205,105,232,281,179,304,120,181
368,314,128,60,354,83,402,114,125,160,328,386,638,235,196,202,135,656,374,51,207,386,193,175,238,91,264,172,164,471,563,1029,214,341,87,396,349,66,171,396,227,74,262,145,305,340,210,401,140,249
855,817,373,126,921,188,886,270,308,396,764,1093,1546,583,439,481,656,842,925,105,456,901,535,335,591,224,613,399,437,1126,1457,2640,477,847,201,957,849,143,461,969,634,190,659,319,690,873,533,931,345,609
504,431,202,77,508,123,489,146,175,202,439,605,911,305,267,298,374,925,258,54,306,465,294,191,359,135,360,234,227,665,801,1480,262,447,123,519,466,78,268,554,318,104,406,192,382,456,338,521,180,326
74,48,32,5,71,11,50,16,17,32,64,62,115,32,33,42,51,105,54,5,41,64,28,28,35,10,21,26,29,76,101,187,27,46,12,61,63,6,32,73,47,13,59,27,46,51,33,60,17,50
319,236,98,57,281,71,268,87,97,135,248,323,480,167,126,155,207,456,306,41,78,286,160,105,172,62,177,128,141,301,426,779,143,251,60,293,292,32,129,287,194,61,218,96,220,259,161,284,101,191
546,413,216,75,525,115,491,155,177,212,453,579,935,348,261,298,386,901,465,64,286,255,287,190,363,120,340,251,250,679,732,1428,259,465,111,522,498,97,256,529,301,104,403,192,415,492,340,507,174,319
345,264,111,48,321,68,285,85,92,157,277,347,553,205,166,178,193,535,294,28,160,287,92,126,193,88,180,128,144,391,424,838,166,259,60,294,291,48,143,314,213,69,230,105,240,242,182,313,116,196
219,176,81,29,220,51,195,59,50,59,154,222,377,130,114,120,175,335,191,28,105,190,126,33,132,53,132,110,99,259,297,607,108,201,52,217,199,40,102,194,112,34,148,89,184,209,135,198,81,124
375,270,127,48,332,84,337,94,119,130,274,382,632,211,175,194,238,591,359,35,172,363,193,132,95,90,237,152,162,386,532,931,174,324,77,338,334,49,181,360,217,68,251,106,240,328,180,376,121,226
145,106,53,22,132,28,136,43,39,62,106,141,217,92,66,68,91,224,135,10,62,120,88,53,90,16,77,56,81,155,182,341,70,128,27,146,109,15,60,134,81,30,90,52,108,114,81,133,53,86
368,277,130,50,355,80,347,91,112,129,281,379,610,223,181,194,264,613,360,21,177,340,180,132,237,77,111,168,161,384,489,973,188,327,78,368,317,63,166,365,210,75,279,145,279,331,216,338,142,205
273,203,91,36,241,54,232,66,81,84,196,237,424,149,104,109,172,399,234,26,128,251,128,110,152,56,168,54,127,290,375,681,118,226,40,225,203,31,101,234,138,36,162,84,175,193,112,250,75,150
287,191,103,46,249,77,251,79,86,103,207,270,417,150,136,150,164,437,227,29,141,250,144,99,162,81,161,127,60,316,381,681,132,228,54,261,228,34,117,234,165,51,191,103,191,222,161,248,93,164
610,586,263,109,661,157,647,206,207,299,575,737,1195,402,306,341,471,1126,665,76,301,679,391,259,386,155,384,290,316,360,1021,1942,353,608,155,667,616,94,334,663,439,120,514,224,499,638,342,696,227,447
694,647,342,116,722,175,747,205,268,307,620,897,1459,486,395,428,563,1457,801,101,426,732,424,297,532,182,489,375,381,1021,579,2226,436,699,184,817,723,126,388,806,501,151,644,283,608,736,488,804,273,464
1221,1272,618,191,1427,274,1364,422,464,533,1129,1648,2620,897,712,796,1029,2640,1480,187,779,1428,838,607,931,341,973,681,681,1942,2226,2014,756,1307,320,1564,1300,247,704,1602,966,313,1095,538,1146,1352,886,1470,525,944
279,227,105,35,248,51,256,77,90,124,224,290,482,182,138,158,214,477,262,27,143,259,166,108,174,70,188,118,132,353,436,756,73,250,54,323,245,52,132,279,185,60,202,106,231,256,170,277,96,178
469,401,187,85,464,115,432,147,182,195,395,523,864,321,271,297,341,847,447,46,251,465,259,201,324,128,327,226,228,608,699,1307,250,214,89,513,446,76,225,483,314,97,383,174,405,466,311,451,162,313
103,100,45,13,104,20,114,29,33,40,92,142,219,73,57,76,87,201,123,12,60,111,60,52,77,27,78,40,54,155,184,320,54,89,14,109,94,22,45,109,74,18,86,54,86,101,65,122,44,75
492,419,196,96,525,137,540,148,165,193,452,592,961,328,294,306,396,957,519,61,293,522,294,217,338,146,368,225,261,667,817,1564,323,513,109,258,493,86,255,593,342,110,398,197,439,468,291,605,215,352
502,399,169,74,471,100,437,142,164,196,411,523,891,304,273,294,349,849,466,63,292,498,291,199,334,109,317,203,228,616,723,1300,245,446,94,493,248,77,261,513,287,103,401,197,405,457,306,489,180,319
79,81,33,11,93,21,82,16,28,31,68,98,157,63,44,46,66,143,78,6,32,97,48,40,49,15,63,31,34,94,126,247,52,76,22,86,77,9,35,95,47,16,60,30,62,86,47,93,36,51
262,229,98,40,262,68,264,71,82,123,222,278,494,173,134,154,171,461,268,32,129,256,143,102,181,60,166,101,117,334,388,704,132,225,45,255,261,35,53,281,181,46,199,103,213,223,209,280,94,189
483,434,207,83,542,120,509,134,182,181,430,626,1041,352,262,286,396,969,554,73,287,529,314,194,360,134,365,234,234,663,806,1602,279,483,109,593,513,95,281,280,357,112,401,224,400,534,370,554,201,358
299,285,129,55,352,80,333,96,134,149,282,389,611,218,170,196,227,634,318,47,194,301,213,112,217,81,210,138,165,439,501,966,185,314,74,342,287,47,181,357,114,66,256,148,252,317,199,336,128,232
113,78,39,22,120,26,100,29,32,38,83,127,194,69,46,64,74,190,104,13,61,104,69,34,68,30,75,36,51,120,151,313,60,97,18,110,103,16,46,112,66,11,71,34,87,103,75,104,31,61
360,365,143,64,414,92,351,127,121,134,327,429,655,239,183,205,262,659,406,59,218,403,230,148,251,90,279,162,191,514,644,1095,202,383,86,398,401,60,199,401,256,71,129,162,305,399,284,398,133,269
189,171,65,33,242,43,170,67,63,81,164,221,348,114,94,105,145,319,192,27,96,192,105,89,106,52,145,84,103,224,283,538,106,174,54,197,197,30,103,224,148,34,162,29,154,183,135,205,68,141
425,346,149,61,425,89,384,122,144,163,347,457,727,276,222,232,305,690,382,46,220,415,240,184,240,108,279,175,191,499,608,1146,231,405,86,439,405,62,213,400,252,87,305,154,170,381,237,459,144,283
406,385,200,75,468,103,473,129,149,215,415,540,867,280,260,281,340,873,456,51,259,492,242,209,328,114,331,193,222,638,736,1352,256,466,101,468,457,86,223,534,317,103,399,183,381,208,279,470,171,336
310,283,119,70,331,81,320,100,103,156,280,349,584,209,166,179,210,533,338,33,161,340,182,135,180,81,216,112,161,342,488,886,170,311,65,291,306,47,209,370,199,75,284,135,237,279,110,348,121,206
501,479,210,71,529,101,494,162,183,210,443,617,979,332,272,304,401,931,521,60,284,507,313,198,376,133,338,250,248,696,804,1470,277,451,122,605,489,93,280,554,336,104,398,205,459,470,348,297,193,345
184,171,77,29,175,39,189,59,60,78,137,205,347,117,95,120,140,345,180,17,101,174,116,81,121,53,142,75,93,227,273,525,96,162,44,215,180,36,94,201,128,31,133,68,144,171,121,193,39,128
390,265,125,65,355,83,347,99,103,146,264,387,621,236,179,181,249,609,326,50,191,319,196,124,226,86,205,150,164,447,464,944,178,313,75,352,319,51,189,358,232,61,269,141,283,336,206,345,128,121
