264,388,208,80,515,110,483,192,162,267,443,547,779,393,327,345,351,815,507,67,308,550,346,226,347,152,360,283,298,649,746,1169,216,475,103,511,475,95,249,478,321,103,387,186,444,406,307,512,158,364
388,165,163,69,459,91,442,123,138,195,374,488,734,269,226,246,302,728,419,60,236,444,257,180,285,105,286,189,205,510,624,1186,210,415,100,419,437,66,200,445,295,88,363,176,351,389,282,451,157,279
208,163,33,33,185,55,197,63,53,79,148,202,367,132,113,115,151,385,212,20,92,214,117,87,141,40,129,95,85,283,288,560,114,189,41,235,193,41,100,194,119,46,150,88,164,164,130,213,63,145
80,69,33,5,76,14,88,26,25,43,71,96,145,61,53,43,44,137,97,12,51,87,51,31,75,24,60,35,55,100,131,185,41,87,16,74,77,10,40,79,58,21,61,34,74,68,45,77,27,76
515,459,185,76,237,98,519,150,160,212,421,595,848,339,275,316,391,858,523,55,261,483,331,195,329,121,326,232,257,633,726,1384,279,438,128,527,482,85,251,544,324,120,398,180,405,481,314,516,204,341
110,91,55,14,98,8,98,41,35,46,90,121,174,80,55,64,70,170,132,16,66,123,60,45,80,32,75,43,58,148,164,290,64,119,21,116,107,19,62,102,73,23,97,38,103,113,63,100,35,84
483,442,197,88,519,98,232,136,169,201,420,489,860,327,229,257,339,815,514,57,267,465,274,183,319,123,336,236,250,656,732,1291,242,448,103,537,423,76,216,511,326,100,376,196,373,446,290,440,169,346
192,123,63,26,150,41,136,27,45,83,149,162,267,106,80,81,93,285,144,21,83,172,102,48,104,34,104,68,68,190,219,433,90,153,38,142,136,26,65,143,100,30,123,61,133,125,93,154,62,110
162,138,53,25,160,35,169,45,19,62,126,208,297,117,94,97,138,269,148,11,90,149,108,71,107,35,100,72,91,203,237,440,85,140,41,162,174,16,95,167,93,46,117,54,134,133,107,162,57,104
267,195,79,43,212,46,201,83,62,39,169,238,359,156,104,100,152,350,228,26,133,224,137,95,144,57,143,101,95,265,317,547,119,209,44,227,204,26,111,231,125,47,172,98,176,219,118,215,67,175
443,374,148,71,421,90,420,149,126,169,192,507,789,274,251,278,328,764,433,47,251,454,285,156,273,97,291,215,217,568,640,1117,225,438,84,460,418,79,229,425,244,81,301,171,329,419,270,460,147,314
547,488,202,96,595,121,489,162,208,238,507,302,996,344,274,338,419,1044,558,72,308,596,351,218,335,154,377,279,289,711,830,1512,275,508,120,598,512,84,255,593,353,124,448,193,409,508,335,562,192,361
779,734,367,145,848,174,860,267,297,359,789,996,788,599,483,555,689,1392,975,114,482,972,541,363,567,231,585,423,458,1101,1297,2343,465,784,201,947,828,160,434,916,555,169,651,328,681,802,530,918,324,620
393,269,132,61,339,80,327,106,117,156,274,344,599,115,166,160,265,594,312,39,181,352,196,122,198,82,217,152,151,414,499,933,195,311,71,358,302,47,151,312,238,56,229,130,258,286,225,334,118,237
327,226,113,53,275,55,229,80,94,104,251,274,483,166,72,143,179,519,253,35,136,247,132,105,157,60,179,128,115,364,383,720,163,258,56,275,237,45,132,301,177,48,206,101,211,227,153,285,93,183
345,246,115,43,316,64,257,81,97,100,278,338,555,160,143,70,218,527,277,31,146,301,159,124,187,84,209,132,121,382,440,813,165,263,61,301,264,38,143,307,210,51,222,113,237,270,161,319,107,190
351,302,151,44,391,70,339,93,138,152,328,419,689,265,179,218,126,651,384,35,209,382,225,140,218,80,226,175,163,459,558,989,195,332,89,371,333,61,168,358,228,72,313,144,281,306,216,405,132,227
815,728,385,137,858,170,815,285,269,350,764,1044,1392,594,519,527,651,689,909,123,499,905,544,380,578,248,556,389,436,1084,1323,2342,493,796,184,965,811,161,438,874,592,172,679,340,667,786,521,865,328,566
507,419,212,97,523,132,514,144,148,228,433,558,975,312,253,277,384,909,248,62,270,458,284,199,353,115,366,228,224,667,713,1336,276,489,122,520,494,73,258,471,300,92,365,169,406,477,332,524,169,348
67,60,20,12,55,16,57,21,11,26,47,72,114,39,35,31,35,123,62,3,31,60,37,14,34,14,45,31,25,77,99,176,31,57,9,66,55,16,37,70,51,11,42,23,44,56,34,68,25,45
308,236,92,51,261,66,267,83,90,133,251,308,482,181,136,146,209,499,270,31,62,294,171,121,174,78,188,115,129,348,429,759,155,273,57,250,270,35,148,319,149,52,229,96,231,259,168,296,104,179
550,444,214,87,483,123,465,172,149,224,454,596,972,352,247,301,382,905,458,60,294,275,313,224,346,133,367,223,264,656,750,1351,275,480,117,568,514,72,264,504,335,96,390,184,396,417,333,537,174,397
346,257,117,51,331,60,274,102,108,137,285,351,541,196,132,159,225,544,284,37,171,313,82,110,194,79,207,142,154,370,437,815,146,269,54,313,282,48,166,339,205,68,208,110,242,265,177,307,86,239
226,180,87,31,195,45,183,48,71,95,156,218,363,122,105,124,140,380,199,14,121,224,110,34,147,55,144,87,97,256,331,550,110,163,48,198,198,31,94,210,148,30,131,89,164,203,126,204,72,149
347,285,141,75,329,80,319,104,107,144,273,335,567,198,157,187,218,578,353,34,174,346,194,147,110,78,217,163,162,442,449,897,151,314,72,322,328,57,150,368,239,59,224,121,258,296,174,315,122,239
152,105,40,24,121,32,123,34,35,57,97,154,231,82,60,84,80,248,115,14,78,133,79,55,78,7,76,44,68,137,199,393,61,139,26,127,140,30,65,132,78,33,117,48,94,117,66,144,51,76
360,286,129,60,326,75,336,104,100,143,291,377,585,217,179,209,226,556,366,45,188,367,207,144,217,76,123,129,166,394,502,960,163,337,68,321,362,58,166,361,204,72,285,152,275,315,208,361,143,205
283,189,95,35,232,43,236,68,72,101,215,279,423,152,128,132,175,389,228,31,115,223,142,87,163,44,129,48,120,283,343,708,140,203,55,250,213,33,143,226,144,46,145,84,187,231,145,230,92,161
298,205,85,55,257,58,250,68,91,95,217,289,458,151,115,121,163,436,224,25,129,264,154,97,162,68,166,120,62,339,405,674,132,237,63,231,256,47,129,268,167,48,202,105,199,244,148,269,95,195
649,510,283,100,633,148,656,190,203,265,568,711,1101,414,364,382,459,1084,667,77,348,656,370,256,442,137,394,283,339,420,969,1643,355,588,146,656,575,105,307,689,407,138,455,247,512,604,395,691,230,428
746,624,288,131,726,164,732,219,237,317,640,830,1297,499,383,440,558,1323,713,99,429,750,437,331,449,199,502,343,405,969,574,2036,414,731,179,789,737,116,379,749,466,162,536,285,591,706,473,749,281,570
1169,1186,560,185,1384,290,1291,433,440,547,1117,1512,2343,933,720,813,989,2342,1336,176,759,1351,815,550,897,393,960,708,674,1643,2036,1889,691,1277,305,1557,1261,260,701,1392,898,281,996,500,1074,1228,883,1388,496,946
216,210,114,41,279,64,242,90,85,119,225,275,465,195,163,165,195,493,276,31,155,275,146,110,151,61,163,140,132,355,414,691,74,263,54,300,244,53,128,283,183,53,207,98,204,287,169,261,96,195
475,415,189,87,438,119,448,153,140,209,438,508,784,311,258,263,332,796,489,57,273,480,269,163,314,139,337,203,237,588,731,1277,263,222,91,504,400,62,236,499,318,100,369,148,352,433,299,502,158,345
103,100,41,16,128,21,103,38,41,44,84,120,201,71,56,61,89,184,122,9,57,117,54,48,72,26,68,55,63,146,179,305,54,91,16,136,99,18,56,140,78,18,105,42,74,96,87,105,49,71
511,419,235,74,527,116,537,142,162,227,460,598,947,358,275,301,371,965,520,66,250,568,313,198,322,127,321,250,231,656,789,1557,300,504,136,270,514,88,271,547,354,114,404,188,429,514,308,599,203,338
475,437,193,77,482,107,423,136,174,204,418,512,828,302,237,264,333,811,494,55,270,514,282,198,328,140,362,213,256,575,737,1261,244,400,99,514,214,70,218,524,335,92,364,170,395,454,292,463,149,329
95,66,41,10,85,19,76,26,16,26,79,84,160,47,45,38,61,161,73,16,35,72,48,31,57,30,58,33,47,105,116,260,53,62,18,88,70,5,60,90,48,13,62,29,65,73,46,92,30,65
249,200,100,40,251,62,216,65,95,111,229,255,434,151,132,143,168,438,258,37,148,264,166,94,150,65,166,143,129,307,379,701,128,236,56,271,218,60,53,276,150,45,205,82,194,221,136,237,89,171
478,445,194,79,544,102,511,143,167,231,425,593,916,312,301,307,358,874,471,70,319,504,339,210,368,132,361,226,268,689,749,1392,283,499,140,547,524,90,276,267,336,113,396,186,418,507,331,550,175,339
321,295,119,58,324,73,326,100,93,125,244,353,555,238,177,210,228,592,300,51,149,335,205,148,239,78,204,144,167,407,466,898,183,318,78,354,335,48,150,336,111,50,246,122,276,292,223,315,118,206
103,88,46,21,120,23,100,30,46,47,81,124,169,56,48,51,72,172,92,11,52,96,68,30,59,33,72,46,48,138,162,281,53,100,18,114,92,13,45,113,50,7,91,38,84,88,74,100,23,69
387,363,150,61,398,97,376,123,117,172,301,448,651,229,206,222,313,679,365,42,229,390,208,131,224,117,285,145,202,455,536,996,207,369,105,404,364,62,205,396,246,91,140,126,293,362,241,378,139,282
186,176,88,34,180,38,196,61,54,98,171,193,328,130,101,113,144,340,169,23,96,184,110,89,121,48,152,84,105,247,285,500,98,148,42,188,170,29,82,186,122,38,126,40,154,166,124,197,49,133
444,351,164,74,405,103,373,133,134,176,329,409,681,258,211,237,281,667,406,44,231,396,242,164,258,94,275,187,199,512,591,1074,204,352,74,429,395,65,194,418,276,84,293,154,172,362,256,378,147,325
406,389,164,68,481,113,446,125,133,219,419,508,802,286,227,270,306,786,477,56,259,417,265,203,296,117,315,231,244,604,706,1228,287,433,96,514,454,73,221,507,292,88,362,166,362,207,271,468,158,324
307,282,130,45,314,63,290,93,107,118,270,335,530,225,153,161,216,521,332,34,168,333,177,126,174,66,208,145,148,395,473,883,169,299,87,308,292,46,136,331,223,74,241,124,256,271,106,305,118,225
512,451,213,77,516,100,440,154,162,215,460,562,918,334,285,319,405,865,524,68,296,537,307,204,315,144,361,230,269,691,749,1388,261,502,105,599,463,92,237,550,315,100,378,197,378,468,305,259,191,361
158,157,63,27,204,35,169,62,57,67,147,192,324,118,93,107,132,328,169,25,104,174,86,72,122,51,143,92,95,230,281,496,96,158,49,203,149,30,89,175,118,23,139,49,147,158,118,191,32,139
364,279,145,76,341,84,346,110,104,175,314,361,620,237,183,190,227,566,348,45,179,397,239,149,239,76,205,161,195,428,570,946,195,345,71,338,329,65,171,339,206,69,282,133,325,324,225,361,139,109
