299,478,231,113,505,108,485,170,175,239,450,491,805,388,292,332,368,816,510,68,319,567,340,227,381,142,367,283,318,643,659,1199,254,481,97,532,493,77,251,463,352,120,401,183,443,455,361,530,173,391
478,158,174,67,411,98,389,135,160,162,349,481,807,259,236,222,306,835,409,59,239,434,257,154,274,106,244,184,226,572,703,1302,253,413,99,466,420,70,192,447,269,78,338,152,341,400,272,453,159,294
231,174,30,38,203,55,200,59,59,93,180,250,360,122,115,114,155,378,221,19,96,228,120,73,122,48,114,81,97,215,305,555,106,189,38,200,193,32,99,218,146,43,177,80,153,185,142,194,73,142
113,67,38,8,66,19,73,25,29,39,67,93,133,53,51,51,58,150,85,9,66,83,59,25,51,27,56,35,38,102,127,198,43,76,22,79,81,18,44,72,49,20,61,32,69,71,58,74,27,57
505,411,203,66,238,105,465,128,164,205,433,561,927,316,264,273,358,905,532,68,301,492,292,191,343,140,317,242,243,636,799,1461,294,443,124,543,434,98,213,539,343,115,388,199,379,498,307,521,206,349
108,98,55,19,105,9,105,40,41,50,97,114,202,78,63,64,72,216,115,13,77,117,65,35,90,39,85,50,56,163,185,286,65,118,32,100,97,23,47,121,84,26,78,53,86,103,77,96,50,67
485,389,200,73,465,105,239,150,177,184,390,577,884,314,274,265,362,855,488,51,269,513,251,179,336,118,338,217,241,656,729,1369,261,459,113,512,419,100,246,525,338,97,356,199,395,435,303,461,158,297
170,135,59,25,128,40,150,22,51,66,149,166,256,102,71,85,110,264,123,15,74,131,83,64,98,46,100,61,72,192,218,434,84,135,32,173,135,25,72,146,94,23,121,53,118,154,83,167,39,108
175,160,59,29,164,41,177,51,24,75,147,197,291,108,83,73,111,306,185,19,84,176,103,71,117,34,88,72,75,209,249,443,92,164,46,158,168,29,69,181,122,35,126,77,129,170,107,149,60,108
239,162,93,39,205,50,184,66,75,44,142,250,386,129,123,130,153,361,218,31,126,194,120,77,147,50,126,102,99,276,324,552,116,184,46,222,201,29,116,215,164,30,183,78,173,191,149,206,77,131
450,349,180,67,433,97,390,149,147,142,171,481,809,275,254,273,300,759,435,47,263,450,267,168,308,117,304,213,205,570,677,1165,218,409,102,449,371,73,220,438,310,96,340,161,319,407,270,462,154,291
491,481,250,93,561,114,577,166,197,250,481,337,1066,329,305,314,426,1087,603,82,289,564,339,212,385,143,396,238,269,736,878,1675,356,534,142,589,504,79,306,583,374,107,429,228,441,534,364,624,227,391
805,807,360,133,927,202,884,256,291,386,809,1066,819,569,454,490,638,1502,986,107,465,1014,573,370,604,220,639,430,500,1166,1391,2488,486,882,207,964,804,157,445,989,616,207,728,359,727,817,643,920,321,634
388,259,122,53,316,78,314,102,108,129,275,329,569,106,194,196,247,570,343,27,183,337,189,140,208,87,230,158,179,416,512,924,172,281,77,343,329,60,175,359,217,69,246,119,266,293,198,354,129,217
292,236,115,51,264,63,274,71,83,123,254,305,454,194,76,139,193,472,277,32,116,275,149,82,167,67,167,117,145,318,394,728,155,243,61,270,260,41,131,281,170,52,208,107,206,225,163,293,110,173
332,222,114,51,273,64,265,85,73,130,273,314,490,196,139,93,204,474,286,31,149,289,162,111,175,78,192,127,150,311,406,804,164,246,63,288,276,49,150,319,202,63,269,97,213,273,185,314,117,199
368,306,155,58,358,72,362,110,111,153,300,426,638,247,193,204,118,633,356,39,189,359,219,140,261,104,249,164,183,449,555,1033,194,338,82,357,341,63,191,415,265,76,276,166,288,352,234,391,123,262
816,835,378,150,905,216,855,264,306,361,759,1087,1502,570,472,474,633,839,953,102,476,951,518,363,617,223,647,399,494,1147,1413,2517,480,904,200,962,854,169,451,982,623,193,760,357,751,849,551,1001,324,645
510,409,221,85,532,115,488,123,185,218,435,603,986,343,277,286,356,953,268,56,289,497,321,220,386,137,329,239,272,682,739,1419,299,478,114,530,470,86,235,491,334,100,384,195,422,526,306,541,186,347
68,59,19,9,68,13,51,15,19,31,47,82,107,27,32,31,39,102,56,6,28,54,32,21,37,17,45,32,27,65,98,174,35,62,7,57,60,11,32,83,40,15,55,37,46,52,26,67,21,49
319,239,96,66,301,77,269,74,84,126,263,289,465,183,116,149,189,476,289,28,64,287,172,122,172,58,158,127,128,346,433,776,149,268,50,306,265,44,142,303,200,45,232,93,208,251,164,292,92,212
567,434,228,83,492,117,513,131,176,194,450,564,1014,337,275,289,359,951,497,54,287,248,298,210,377,134,354,236,243,671,768,1458,307,462,117,570,522,86,272,537,355,112,387,238,427,511,328,530,205,331
340,257,120,59,292,65,251,83,103,120,267,339,573,189,149,162,219,518,321,32,172,298,82,104,184,66,176,113,151,355,481,814,176,266,67,308,297,50,139,340,200,55,259,112,224,248,174,303,109,201
227,154,73,25,191,35,179,64,71,77,168,212,370,140,82,111,140,363,220,21,122,210,104,38,122,56,147,104,127,264,314,592,96,178,34,198,182,36,116,205,130,37,170,69,165,191,108,223,62,134
381,274,122,51,343,90,336,98,117,147,308,385,604,208,167,175,261,617,386,37,172,377,184,122,112,88,202,168,173,419,512,921,147,342,89,360,333,51,175,372,235,68,251,138,236,289,193,370,135,207
142,106,48,27,140,39,118,46,34,50,117,143,220,87,67,78,104,223,137,17,58,134,66,56,88,15,71,65,74,170,176,350,54,118,35,132,124,18,68,124,75,21,90,41,99,103,79,120,46,95
367,244,114,56,317,85,338,100,88,126,304,396,639,230,167,192,249,647,329,45,158,354,176,147,202,71,116,168,182,456,504,998,180,321,95,330,323,48,156,360,200,64,241,125,283,312,194,338,138,227
283,184,81,35,242,50,217,61,72,102,213,238,430,158,117,127,164,399,239,32,127,236,113,104,168,65,168,51,112,285,342,662,136,209,50,227,207,36,124,234,144,40,190,87,178,225,151,257,91,155
318,226,97,38,243,56,241,72,75,99,205,269,500,179,145,150,183,494,272,27,128,243,151,127,173,74,182,112,61,303,397,725,144,243,74,270,245,31,132,236,153,37,202,83,192,231,135,286,108,159
643,572,215,102,636,163,656,192,209,276,570,736,1166,416,318,311,449,1147,682,65,346,671,355,264,419,170,456,285,303,382,1004,1905,361,612,135,653,579,105,307,706,454,129,475,250,535,588,357,665,228,438
659,703,305,127,799,185,729,218,249,324,677,878,1391,512,394,406,555,1413,739,98,433,768,481,314,512,176,504,342,397,1004,536,2113,414,790,178,809,701,122,368,777,465,155,559,290,577,707,443,743,281,538
1199,1302,555,198,1461,286,1369,434,443,552,1165,1675,2488,924,728,804,1033,2517,1419,174,776,1458,814,592,921,350,998,662,725,1905,2113,1981,743,1392,310,1533,1288,240,725,1524,964,331,1091,554,1139,1268,934,1472,507,937
254,253,106,43,294,65,261,84,92,116,218,356,486,172,155,164,194,480,299,35,149,307,176,96,147,54,180,136,144,361,414,743,77,278,62,314,243,40,119,308,190,61,231,99,223,245,161,276,86,167
481,413,189,76,443,118,459,135,164,184,409,534,882,281,243,246,338,904,478,62,268,462,266,178,342,118,321,209,243,612,790,1392,278,222,118,507,422,81,233,491,303,106,352,188,382,454,302,506,185,300
97,99,38,22,124,32,113,32,46,46,102,142,207,77,61,63,82,200,114,7,50,117,67,34,89,35,95,50,74,135,178,310,62,118,9,118,121,19,58,119,67,18,95,37,111,116,88,128,53,76
532,466,200,79,543,100,512,173,158,222,449,589,964,343,270,288,357,962,530,57,306,570,308,198,360,132,330,227,270,653,809,1533,314,507,118,271,488,78,255,610,380,106,448,221,404,495,319,603,205,353
493,420,193,81,434,97,419,135,168,201,371,504,804,329,260,276,341,854,470,60,265,522,297,182,333,124,323,207,245,579,701,1288,243,422,121,488,231,87,244,489,346,100,357,188,393,431,318,455,184,290
77,70,32,18,98,23,100,25,29,29,73,79,157,60,41,49,63,169,86,11,44,86,50,36,51,18,48,36,31,105,122,240,40,81,19,78,87,5,44,103,64,25,70,34,71,76,45,96,34,57
251,192,99,44,213,47,246,72,69,116,220,306,445,175,131,150,191,451,235,32,142,272,139,116,175,68,156,124,132,307,368,725,119,233,58,255,244,44,68,278,176,43,190,93,219,233,143,279,89,165
463,447,218,72,539,121,525,146,181,215,438,583,989,359,281,319,415,982,491,83,303,537,340,205,372,124,360,234,236,706,777,1524,308,491,119,610,489,103,278,258,355,118,408,211,436,481,339,558,196,350
352,269,146,49,343,84,338,94,122,164,310,374,616,217,170,202,265,623,334,40,200,355,200,130,235,75,200,144,153,454,465,964,190,303,67,380,346,64,176,355,98,71,252,123,281,297,196,361,117,217
120,78,43,20,115,26,97,23,35,30,96,107,207,69,52,63,76,193,100,15,45,112,55,37,68,21,64,40,37,129,155,331,61,106,18,106,100,25,43,118,71,9,78,35,90,107,67,104,32,77
401,338,177,61,388,78,356,121,126,183,340,429,728,246,208,269,276,760,384,55,232,387,259,170,251,90,241,190,202,475,559,1091,231,352,95,448,357,70,190,408,252,78,153,135,324,361,261,403,137,268
183,152,80,32,199,53,199,53,77,78,161,228,359,119,107,97,166,357,195,37,93,238,112,69,138,41,125,87,83,250,290,554,99,188,37,221,188,34,93,211,123,35,135,33,153,165,101,205,70,124
443,341,153,69,379,86,395,118,129,173,319,441,727,266,206,213,288,751,422,46,208,427,224,165,236,99,283,178,192,535,577,1139,223,382,111,404,393,71,219,436,281,90,324,153,156,367,227,431,139,257
455,400,185,71,498,103,435,154,170,191,407,534,817,293,225,273,352,849,526,52,251,511,248,191,289,103,312,225,231,588,707,1268,245,454,116,495,431,76,233,481,297,107,361,165,367,202,295,449,151,312
361,272,142,58,307,77,303,83,107,149,270,364,643,198,163,185,234,551,306,26,164,328,174,108,193,79,194,151,135,357,443,934,161,302,88,319,318,45,143,339,196,67,261,101,227,295,79,341,121,192
530,453,194,74,521,96,461,167,149,206,462,624,920,354,293,314,391,1001,541,67,292,530,303,223,370,120,338,257,286,665,743,1472,276,506,128,603,455,96,279,558,361,104,403,205,431,449,341,245,197,336
173,159,73,27,206,50,158,39,60,77,154,227,321,129,110,117,123,324,186,21,92,205,109,62,135,46,138,91,108,228,281,507,86,185,53,205,184,34,89,196,117,32,137,70,139,151,121,197,43,120
391,294,142,57,349,67,297,108,108,131,291,391,634,217,173,199,262,645,347,49,212,331,201,134,207,95,227,155,159,438,538,937,167,300,76,353,290,57,165,350,217,77,268,124,257,312,192,336,120,125
