264,495,225,86,538,109,480,163,172,243,452,507,905,369,326,383,371,854,553,90,352,543,343,222,356,154,374,271,290,643,733,1241,241,507,110,543,518,102,245,498,323,116,394,184,440,389,356,507,167,375
495,180,161,76,410,98,409,123,141,182,353,509,835,255,214,230,327,804,459,50,238,467,253,179,260,93,269,171,224,525,660,1235,254,398,96,460,411,78,217,478,294,86,349,181,346,422,269,494,157,268
225,161,35,29,193,44,196,52,69,87,180,216,381,118,82,90,145,365,205,23,117,225,104,88,132,41,126,98,108,235,332,609,103,196,47,188,193,37,113,205,117,42,165,61,171,159,135,226,85,141
86,76,29,10,70,14,90,26,22,42,66,90,140,58,49,49,77,155,107,9,53,90,36,40,53,31,73,34,44,115,115,196,37,83,19,98,80,19,39,105,59,19,59,27,57,70,63,84,35,43
538,410,193,70,255,85,477,151,153,227,440,553,901,324,267,279,382,929,523,71,312,536,279,217,354,126,339,221,249,634,798,1450,254,454,112,560,460,82,241,551,339,108,366,204,400,478,314,542,200,334
109,98,44,14,85,14,108,38,30,54,98,125,200,63,68,84,89,205,116,11,65,115,65,44,74,33,90,45,56,120,165,301,51,112,26,118,115,23,59,119,75,21,84,36,92,101,78,129,43,72
480,409,196,90,477,108,217,166,165,186,401,508,821,272,255,302,349,853,490,72,262,502,285,188,330,132,340,211,273,621,724,1346,268,470,98,532,443,90,254,490,297,94,387,174,359,445,314,518,181,291
163,123,52,26,151,38,166,28,50,51,137,150,239,109,74,80,110,248,152,18,84,174,99,72,93,40,102,72,90,182,210,403,65,138,38,166,157,28,73,154,84,35,121,61,123,127,68,193,50,119
172,141,69,22,153,30,165,50,22,66,136,175,287,112,72,102,133,288,157,25,99,175,90,67,93,34,118,62,87,206,243,495,77,169,35,174,162,34,79,172,91,38,105,58,117,181,89,160,62,109
243,182,87,42,227,54,186,51,66,47,173,225,338,130,101,127,150,349,229,26,103,200,131,104,144,57,136,114,93,246,288,533,102,190,46,205,211,42,96,217,118,46,149,71,157,198,117,219,63,130
452,353,180,66,440,98,401,137,136,173,170,473,744,248,221,253,293,785,433,56,212,439,253,201,262,110,271,225,203,501,624,1184,224,394,92,473,387,76,207,445,268,75,332,156,327,412,259,458,148,278
507,509,216,90,553,125,508,150,175,225,473,324,1019,321,301,311,388,1017,557,72,308,587,344,233,370,148,367,252,263,731,840,1655,317,556,139,594,515,83,249,585,383,124,428,200,439,539,364,620,237,385
905,835,381,140,901,200,821,239,287,338,744,1019,779,566,464,513,688,1469,920,119,475,932,527,332,597,242,592,416,448,1147,1354,2428,442,821,218,1028,849,150,470,965,645,189,698,326,707,897,536,959,352,586
369,255,118,58,324,63,272,109,112,130,248,321,566,100,167,197,240,633,329,48,168,314,199,106,214,90,198,155,161,423,534,933,189,296,68,334,299,52,165,336,174,54,247,112,251,311,206,351,125,221
326,214,82,49,267,68,255,74,72,101,221,301,464,167,58,131,176,461,267,31,130,247,144,81,178,70,182,111,131,315,384,717,158,242,61,300,294,27,122,269,191,58,204,84,223,245,165,278,95,169
383,230,90,49,279,84,302,80,102,127,253,311,513,197,131,79,210,509,311,24,155,297,143,109,173,67,191,122,147,340,406,811,168,234,78,319,301,43,135,284,188,68,243,88,246,288,186,294,106,187
371,327,145,77,382,89,349,110,133,150,293,388,688,240,176,210,126,662,378,40,205,382,193,156,225,99,233,163,179,471,583,1100,214,324,82,427,367,50,198,382,225,77,310,122,282,280,226,373,131,235
854,804,365,155,929,205,853,248,288,349,785,1017,1469,633,461,509,662,831,951,114,494,936,527,340,604,212,583,392,417,1149,1394,2461,475,845,225,1020,862,154,478,994,626,184,675,349,715,873,558,952,343,555
553,459,205,107,523,116,490,152,157,229,433,557,920,329,267,311,378,951,274,55,286,473,307,204,330,148,353,217,265,630,793,1449,273,502,109,585,452,93,280,584,337,101,400,167,409,472,314,549,174,313
90,50,23,9,71,11,72,18,25,26,56,72,119,48,31,24,40,114,55,6,40,69,39,35,33,13,44,30,33,80,114,171,38,51,17,64,52,10,34,70,50,17,51,17,61,58,33,78,23,41
352,238,117,53,312,65,262,84,99,103,212,308,475,168,130,155,205,494,286,40,78,296,179,117,164,68,160,123,140,322,428,839,144,252,55,308,284,52,137,312,177,67,224,89,190,264,148,289,105,182
543,467,225,90,536,115,502,174,175,200,439,587,932,314,247,297,382,936,473,69,296,263,321,205,376,149,338,251,258,670,749,1413,300,498,119,577,507,116,279,560,317,113,401,168,431,515,326,530,188,322
343,253,104,36,279,65,285,99,90,131,253,344,527,199,144,143,193,527,307,39,179,321,71,115,210,89,223,131,153,377,462,814,136,278,72,290,324,37,151,305,196,59,247,89,258,263,203,334,114,209
222,179,88,40,217,44,188,72,67,104,201,233,332,106,81,109,156,340,204,35,117,205,115,38,140,51,135,101,106,223,293,589,102,201,39,210,199,36,104,203,146,34,159,75,162,190,125,210,71,143
356,260,132,53,354,74,330,93,93,144,262,370,597,214,178,173,225,604,330,33,164,376,210,140,109,66,211,153,162,401,538,950,189,331,74,357,325,63,182,398,233,60,269,133,255,319,193,380,125,233
154,93,41,31,126,33,132,40,34,57,110,148,242,90,70,67,99,212,148,13,68,149,89,51,66,16,82,69,62,148,179,349,61,135,20,131,130,21,66,123,74,27,111,60,71,102,75,135,42,83
374,269,126,73,339,90,340,102,118,136,271,367,592,198,182,191,233,583,353,44,160,338,223,135,211,82,106,163,168,429,525,970,190,323,71,354,336,65,151,367,222,59,276,150,208,313,209,364,129,220
271,171,98,34,221,45,211,72,62,114,225,252,416,155,111,122,163,392,217,30,123,251,131,101,153,69,163,62,112,305,313,665,131,202,65,239,220,48,111,241,136,41,167,73,178,209,160,241,93,180
290,224,108,44,249,56,273,90,87,93,203,263,448,161,131,147,179,417,265,33,140,258,153,106,162,62,168,112,55,310,392,691,152,260,63,263,244,46,136,271,185,38,175,99,175,231,147,280,108,180
643,525,235,115,634,120,621,182,206,246,501,731,1147,423,315,340,471,1149,630,80,322,670,377,223,401,148,429,305,310,394,978,1807,361,608,139,709,572,114,309,709,409,116,498,258,492,580,410,678,222,417
733,660,332,115,798,165,724,210,243,288,624,840,1354,534,384,406,583,1394,793,114,428,749,462,293,538,179,525,313,392,978,555,2156,388,717,184,835,698,151,390,817,497,143,569,310,632,704,482,802,260,489
1241,1235,609,196,1450,301,1346,403,495,533,1184,1655,2428,933,717,811,1100,2461,1449,171,839,1413,814,589,950,349,970,665,691,1807,2156,2025,768,1328,316,1543,1252,239,732,1549,1022,314,1037,596,1168,1327,928,1469,486,911
241,254,103,37,254,51,268,65,77,102,224,317,442,189,158,168,214,475,273,38,144,300,136,102,189,61,190,131,152,361,388,768,82,246,58,292,273,49,115,330,206,55,182,106,237,231,162,301,112,184
507,398,196,83,454,112,470,138,169,190,394,556,821,296,242,234,324,845,502,51,252,498,278,201,331,135,323,202,260,608,717,1328,246,241,119,464,440,91,234,513,308,99,365,164,389,433,305,463,190,316
110,96,47,19,112,26,98,38,35,46,92,139,218,68,61,78,82,225,109,17,55,119,72,39,74,20,71,65,63,139,184,316,58,119,9,125,99,13,60,118,75,30,105,41,98,107,78,114,40,73
543,460,188,98,560,118,532,166,174,205,473,594,1028,334,300,319,427,1020,585,64,308,577,290,210,357,131,354,239,263,709,835,1543,292,464,125,295,495,88,288,586,336,111,456,209,446,469,332,610,209,325
518,411,193,80,460,115,443,157,162,211,387,515,849,299,294,301,367,862,452,52,284,507,324,199,325,130,336,220,244,572,698,1252,273,440,99,495,246,84,236,495,294,95,343,165,360,449,331,465,197,305
102,78,37,19,82,23,90,28,34,42,76,83,150,52,27,43,50,154,93,10,52,116,37,36,63,21,65,48,46,114,151,239,49,91,13,88,84,8,48,110,63,20,62,25,60,73,53,104,30,68
245,217,113,39,241,59,254,73,79,96,207,249,470,165,122,135,198,478,280,34,137,279,151,104,182,66,151,111,136,309,390,732,115,234,60,288,236,48,64,264,167,52,192,98,200,216,150,285,87,166
498,478,205,105,551,119,490,154,172,217,445,585,965,336,269,284,382,994,584,70,312,560,305,203,398,123,367,241,271,709,817,1549,330,513,118,586,495,110,264,290,366,116,415,243,436,521,357,586,201,303
323,294,117,59,339,75,297,84,91,118,268,383,645,174,191,188,225,626,337,50,177,317,196,146,233,74,222,136,185,409,497,1022,206,308,75,336,294,63,167,366,140,60,247,124,255,313,183,341,135,207
116,86,42,19,108,21,94,35,38,46,75,124,189,54,58,68,77,184,101,17,67,113,59,34,60,27,59,41,38,116,143,314,55,99,30,111,95,20,52,116,60,12,69,36,67,109,56,94,31,55
394,349,165,59,366,84,387,121,105,149,332,428,698,247,204,243,310,675,400,51,224,401,247,159,269,111,276,167,175,498,569,1037,182,365,105,456,343,62,192,415,247,69,140,146,322,371,234,412,142,251
184,181,61,27,204,36,174,61,58,71,156,200,326,112,84,88,122,349,167,17,89,168,89,75,133,60,150,73,99,258,310,596,106,164,41,209,165,25,98,243,124,36,146,32,158,187,118,219,62,124
440,346,171,57,400,92,359,123,117,157,327,439,707,251,223,246,282,715,409,61,190,431,258,162,255,71,208,178,175,492,632,1168,237,389,98,446,360,60,200,436,255,67,322,158,162,372,240,436,173,296
389,422,159,70,478,101,445,127,181,198,412,539,897,311,245,288,280,873,472,58,264,515,263,190,319,102,313,209,231,580,704,1327,231,433,107,469,449,73,216,521,313,109,371,187,372,186,273,461,167,298
356,269,135,63,314,78,314,68,89,117,259,364,536,206,165,186,226,558,314,33,148,326,203,125,193,75,209,160,147,410,482,928,162,305,78,332,331,53,150,357,183,56,234,118,240,273,79,385,121,225
507,494,226,84,542,129,518,193,160,219,458,620,959,351,278,294,373,952,549,78,289,530,334,210,380,135,364,241,280,678,802,1469,301,463,114,610,465,104,285,586,341,94,412,219,436,461,385,275,176,361
167,157,85,35,200,43,181,50,62,63,148,237,352,125,95,106,131,343,174,23,105,188,114,71,125,42,129,93,108,222,260,486,112,190,40,209,197,30,87,201,135,31,142,62,173,167,121,176,34,121
375,268,141,43,334,72,291,119,109,130,278,385,586,221,169,187,235,555,313,41,182,322,209,143,233,83,220,180,180,417,489,911,184,316,73,325,305,68,166,303,207,55,251,124,296,298,225,361,121,121
