219,432,212,79,528,112,472,183,163,239,418,505,818,380,327,333,337,841,499,74,327,471,345,198,338,138,368,267,314,647,663,1154,216,445,98,427,463,80,244,477,296,111,367,159,438,417,321,462,169,342
432,173,151,83,433,104,428,113,136,182,366,514,824,272,240,261,302,807,451,43,228,464,248,180,264,98,274,195,223,523,632,1260,246,389,102,456,421,63,195,445,270,90,339,141,354,391,250,473,166,304
212,151,40,34,196,49,188,48,57,76,163,183,361,151,111,101,137,370,204,24,110,211,106,83,110,47,117,94,77,253,304,588,121,174,53,203,171,30,95,206,124,33,177,74,166,177,144,213,82,101
79,83,34,4,88,14,80,29,27,45,76,82,141,61,48,62,65,150,87,16,48,88,63,46,56,34,70,58,52,105,121,205,43,76,10,89,70,10,53,86,49,15,65,29,74,93,57,87,20,68
528,433,196,88,254,103,478,137,155,202,403,590,939,317,261,285,358,915,527,64,264,490,312,223,334,139,351,235,279,627,807,1425,277,467,116,541,460,73,256,528,340,99,421,184,407,434,308,540,178,350
112,104,49,14,103,7,94,29,31,54,99,115,206,75,69,87,83,209,123,23,63,111,79,46,85,40,82,53,73,147,170,293,63,100,21,123,107,13,68,125,61,26,86,38,104,83,78,120,46,75
472,428,188,80,478,94,216,145,137,192,394,511,876,301,273,309,337,866,502,57,260,494,296,198,334,160,325,236,237,604,727,1328,242,427,105,499,435,71,260,496,305,98,375,177,357,420,298,512,193,306
183,113,48,29,137,29,145,24,55,72,122,184,266,99,93,90,114,285,171,14,90,168,69,59,88,48,112,72,63,195,268,418,92,144,38,156,153,29,67,169,95,39,121,57,116,158,93,169,55,99
163,136,57,27,155,31,137,55,20,64,134,195,331,93,84,99,123,319,158,24,83,136,112,70,106,43,110,76,70,214,234,447,85,161,43,170,154,25,84,208,112,43,121,62,136,137,95,171,64,109
239,182,76,45,202,54,192,72,64,45,163,246,352,131,124,122,150,360,204,22,135,211,125,94,131,53,149,109,117,265,322,567,100,188,37,204,207,30,114,207,155,48,165,74,166,199,127,212,75,144
418,366,163,76,403,99,394,122,134,163,184,500,772,272,217,233,316,712,454,49,247,417,265,157,265,96,294,226,252,526,635,1129,220,401,83,450,383,63,222,449,307,89,321,131,352,398,251,430,146,303
505,514,183,82,590,115,511,184,195,246,500,333,1022,372,299,334,433,999,549,80,293,584,334,217,378,143,370,249,252,722,832,1556,291,516,147,591,499,95,263,597,326,100,415,207,457,475,313,583,207,403
818,824,361,141,939,206,876,266,331,352,772,1022,834,573,506,538,692,1472,973,123,487,924,563,351,629,223,640,455,453,1073,1356,2422,513,817,226,1000,851,144,450,915,595,178,630,301,716,861,573,912,368,594
380,272,151,61,317,75,301,99,93,131,272,372,573,120,174,188,207,609,367,33,158,356,192,142,225,67,194,174,173,414,510,856,167,325,82,318,329,49,152,386,228,66,282,121,288,323,220,338,131,210
327,240,111,48,261,69,273,93,84,124,217,299,506,174,66,132,186,491,266,38,160,275,138,124,153,76,190,133,142,348,414,735,148,226,68,307,270,35,138,305,182,56,238,100,220,254,168,273,104,170
333,261,101,62,285,87,309,90,99,122,233,334,538,188,132,82,212,506,285,31,163,315,140,132,181,66,177,132,135,351,439,855,159,277,73,298,283,36,149,342,189,62,233,118,225,246,190,324,119,185
337,302,137,65,358,83,337,114,123,150,316,433,692,207,186,212,135,658,372,61,210,345,205,164,243,98,260,168,193,438,505,1007,187,334,87,336,344,53,197,375,242,85,248,132,286,333,209,383,134,259
841,807,370,150,915,209,866,285,319,360,712,999,1472,609,491,506,658,833,931,115,503,938,542,333,617,243,615,426,465,1103,1383,2496,490,818,233,1006,830,155,463,895,595,184,671,319,724,836,580,898,347,641
499,451,204,87,527,123,502,171,158,204,454,549,973,367,266,285,372,931,254,59,263,452,268,217,360,135,354,272,223,626,755,1493,264,516,101,521,456,78,269,529,353,109,383,214,424,485,305,534,175,333
74,43,24,16,64,23,57,14,24,22,49,80,123,33,38,31,61,115,59,2,29,69,43,16,39,20,39,25,24,64,116,174,36,51,14,71,64,13,27,61,40,12,50,18,70,57,37,67,26,42
327,228,110,48,264,63,260,90,83,135,247,293,487,158,160,163,210,503,263,29,76,264,181,110,172,74,190,135,146,335,409,819,150,249,61,309,258,48,130,313,174,53,232,115,232,247,163,304,102,178
471,464,211,88,490,111,494,168,136,211,417,584,924,356,275,315,345,938,452,69,264,240,285,209,361,139,359,255,271,615,702,1460,257,466,95,528,476,75,273,556,348,112,416,191,398,447,317,559,178,337
345,248,106,63,312,79,296,69,112,125,265,334,563,192,138,140,205,542,268,43,181,285,78,119,196,96,258,132,168,352,444,791,152,270,56,311,315,60,124,289,186,67,245,97,220,276,180,306,123,208
198,180,83,46,223,46,198,59,70,94,157,217,351,142,124,132,164,333,217,16,110,209,119,39,139,56,126,93,118,277,302,563,77,204,31,228,195,35,108,215,161,46,156,56,147,181,132,185,72,142
338,264,110,56,334,85,334,88,106,131,265,378,629,225,153,181,243,617,360,39,172,361,196,139,110,90,216,134,181,398,491,961,175,293,69,358,327,57,160,321,223,66,255,119,257,300,196,380,132,203
138,98,47,34,139,40,160,48,43,53,96,143,223,67,76,66,98,243,135,20,74,139,96,56,90,13,74,64,74,166,172,374,72,140,21,140,132,23,66,133,94,25,89,46,111,107,83,142,61,96
368,274,117,70,351,82,325,112,110,149,294,370,640,194,190,177,260,615,354,39,190,359,258,126,216,74,108,165,172,394,478,988,197,321,57,373,305,53,156,339,228,76,263,132,257,317,207,382,146,234
267,195,94,58,235,53,236,72,76,109,226,249,455,174,133,132,168,426,272,25,135,255,132,93,134,64,165,60,111,302,378,679,130,219,60,243,219,35,111,240,131,44,209,83,211,248,150,255,91,155
314,223,77,52,279,73,237,63,70,117,252,252,453,173,142,135,193,465,223,24,146,271,168,118,181,74,172,111,67,296,379,725,133,243,51,272,254,35,117,262,160,49,191,99,204,231,156,260,105,168
647,523,253,105,627,147,604,195,214,265,526,722,1073,414,348,351,438,1103,626,64,335,615,352,277,398,166,394,302,296,393,973,1804,334,531,150,708,591,84,307,633,436,119,472,225,519,559,378,651,236,436
663,632,304,121,807,170,727,268,234,322,635,832,1356,510,414,439,505,1383,755,116,409,702,444,302,491,172,478,378,379,973,553,2027,399,739,155,791,700,138,394,783,493,166,521,259,583,731,478,763,280,508
1154,1260,588,205,1425,293,1328,418,447,567,1129,1556,2422,856,735,855,1007,2496,1493,174,819,1460,791,563,961,374,988,679,725,1804,2027,1861,685,1303,349,1507,1285,252,732,1463,949,300,1039,472,1113,1244,863,1366,481,931
216,246,121,43,277,63,242,92,85,100,220,291,513,167,148,159,187,490,264,36,150,257,152,77,175,72,197,130,133,334,399,685,72,256,60,285,274,60,161,278,194,55,213,93,189,230,163,263,91,180
445,389,174,76,467,100,427,144,161,188,401,516,817,325,226,277,334,818,516,51,249,466,270,204,293,140,321,219,243,531,739,1303,256,175,98,477,417,72,247,474,295,109,369,183,342,433,282,493,166,311
98,102,53,10,116,21,105,38,43,37,83,147,226,82,68,73,87,233,101,14,61,95,56,31,69,21,57,60,51,150,155,349,60,98,5,123,98,16,55,125,68,22,86,43,82,92,67,129,32,73
427,456,203,89,541,123,499,156,170,204,450,591,1000,318,307,298,336,1006,521,71,309,528,311,228,358,140,373,243,272,708,791,1507,285,477,123,281,487,90,253,579,335,98,405,184,426,517,322,545,203,362
463,421,171,70,460,107,435,153,154,207,383,499,851,329,270,283,344,830,456,64,258,476,315,195,327,132,305,219,254,591,700,1285,274,417,98,487,202,86,230,524,304,82,346,169,366,452,314,486,182,339
80,63,30,10,73,13,71,29,25,30,63,95,144,49,35,36,53,155,78,13,48,75,60,35,57,23,53,35,35,84,138,252,60,72,16,90,86,5,43,76,58,19,68,26,60,72,54,78,33,50
244,195,95,53,256,68,260,67,84,114,222,263,450,152,138,149,197,463,269,27,130,273,124,108,160,66,156,111,117,307,394,732,161,247,55,253,230,43,62,295,174,54,182,76,186,222,160,260,87,159
477,445,206,86,528,125,496,169,208,207,449,597,915,386,305,342,375,895,529,61,313,556,289,215,321,133,339,240,262,633,783,1463,278,474,125,579,524,76,295,288,375,129,417,200,412,495,317,532,168,319
296,270,124,49,340,61,305,95,112,155,307,326,595,228,182,189,242,595,353,40,174,348,186,161,223,94,228,131,160,436,493,949,194,295,68,335,304,58,174,375,112,70,273,144,258,300,209,362,104,211
111,90,33,15,99,26,98,39,43,48,89,100,178,66,56,62,85,184,109,12,53,112,67,46,66,25,76,44,49,119,166,300,55,109,22,98,82,19,54,129,70,9,85,36,74,96,51,109,34,76
367,339,177,65,421,86,375,121,121,165,321,415,630,282,238,233,248,671,383,50,232,416,245,156,255,89,263,209,191,472,521,1039,213,369,86,405,346,68,182,417,273,85,126,162,305,367,251,403,132,251
159,141,74,29,184,38,177,57,62,74,131,207,301,121,100,118,132,319,214,18,115,191,97,56,119,46,132,83,99,225,259,472,93,183,43,184,169,26,76,200,144,36,162,36,163,148,104,206,59,130
438,354,166,74,407,104,357,116,136,166,352,457,716,288,220,225,286,724,424,70,232,398,220,147,257,111,257,211,204,519,583,1113,189,342,82,426,366,60,186,412,258,74,305,163,172,350,271,412,159,262
417,391,177,93,434,83,420,158,137,199,398,475,861,323,254,246,333,836,485,57,247,447,276,181,300,107,317,248,231,559,731,1244,230,433,92,517,452,72,222,495,300,96,367,148,350,204,309,423,167,279
321,250,144,57,308,78,298,93,95,127,251,313,573,220,168,190,209,580,305,37,163,317,180,132,196,83,207,150,156,378,478,863,163,282,67,322,314,54,160,317,209,51,251,104,271,309,101,332,121,216
462,473,213,87,540,120,512,169,171,212,430,583,912,338,273,324,383,898,534,67,304,559,306,185,380,142,382,255,260,651,763,1366,263,493,129,545,486,78,260,532,362,109,403,206,412,423,332,270,195,339
169,166,82,20,178,46,193,55,64,75,146,207,368,131,104,119,134,347,175,26,102,178,123,72,132,61,146,91,105,236,280,481,91,166,32,203,182,33,87,168,104,34,132,59,159,167,121,195,25,115
342,304,101,68,350,75,306,99,109,144,303,403,594,210,170,185,259,641,333,42,178,337,208,142,203,96,234,155,168,436,508,931,180,311,73,362,339,50,159,319,211,76,251,130,262,279,216,339,115,117
