276,424,214,112,510,118,474,176,194,250,451,502,795,401,314,373,325,778,489,75,328,488,334,218,363,150,370,279,341,593,719,1179,206,488,112,471,510,98,218,486,325,97,370,170,453,439,316,519,169,368
424,194,169,63,441,109,387,132,136,178,364,504,754,295,224,232,279,788,427,43,248,444,240,177,261,106,270,209,204,553,676,1214,236,385,97,434,396,79,213,435,285,98,310,169,330,418,263,452,160,257
214,169,38,33,169,61,192,65,69,74,169,234,373,115,100,99,129,361,195,15,83,188,114,82,128,73,130,84,101,237,313,548,118,180,40,194,209,30,106,196,116,33,158,59,136,191,121,210,64,124
112,63,33,5,76,13,72,30,26,36,64,86,122,62,40,42,60,130,100,6,53,107,52,36,57,25,49,50,44,104,139,221,45,75,19,102,66,15,37,88,58,22,59,30,69,71,57,83,26,60
510,441,169,76,246,115,532,153,161,207,386,616,925,337,250,292,366,923,504,58,301,514,272,185,343,108,306,244,247,680,751,1454,266,467,111,563,478,80,253,542,306,86,410,226,374,474,325,521,204,330
118,109,61,13,115,6,108,42,35,47,94,127,197,72,50,51,77,178,122,13,77,112,82,51,88,31,93,55,61,130,193,301,56,96,24,129,101,15,70,119,80,25,75,38,100,93,72,119,47,80
474,387,192,72,532,108,247,160,164,187,405,547,879,318,265,271,356,870,511,55,287,500,309,192,310,115,313,223,237,609,738,1341,253,437,110,521,468,80,259,527,321,108,382,174,387,451,298,505,180,304
176,132,65,30,153,42,160,25,45,58,147,173,271,85,75,73,102,241,166,25,98,144,86,66,113,30,98,57,80,182,267,438,86,149,35,159,140,22,62,166,96,32,114,57,126,147,99,161,60,119
194,136,69,26,161,35,164,45,29,71,112,170,322,115,90,94,134,305,148,16,98,164,121,68,123,32,96,85,97,215,251,492,105,180,41,180,159,24,76,157,108,38,130,59,154,137,104,167,60,94
250,178,74,36,207,47,187,58,71,36,147,220,350,139,85,115,157,370,184,37,115,214,132,88,137,50,160,110,110,246,291,532,121,180,48,213,214,25,93,214,144,40,151,82,181,195,120,217,77,126
451,364,169,64,386,94,405,147,112,147,175,467,744,278,211,243,293,766,406,53,254,436,269,177,267,110,292,217,221,523,686,1134,242,384,97,454,401,69,207,470,310,89,352,153,332,378,263,439,144,265
502,504,234,86,616,127,547,173,170,220,467,346,1015,379,313,314,417,982,563,68,305,559,332,221,326,141,368,242,275,733,845,1603,327,494,116,579,529,95,271,592,361,98,408,251,450,550,387,635,201,376
795,754,373,122,925,197,879,271,322,350,744,1015,814,600,503,547,656,1457,904,107,531,977,584,325,577,233,592,435,442,1128,1404,2479,476,856,229,1019,839,183,447,939,587,164,669,304,727,816,572,915,340,661
401,295,115,62,337,72,318,85,115,139,278,379,600,114,169,190,236,599,302,46,189,348,176,128,202,87,212,159,165,401,484,895,177,284,69,347,315,55,149,354,190,53,257,124,255,330,198,340,101,211
314,224,100,40,250,50,265,75,90,85,211,313,503,169,64,105,194,458,255,25,142,270,152,97,157,58,166,125,130,313,425,710,142,232,67,242,247,37,114,275,159,46,213,86,204,241,134,299,94,171
373,232,99,42,292,51,271,73,94,115,243,314,547,190,105,64,221,512,279,39,146,287,149,118,167,74,164,147,140,318,462,779,165,255,67,295,251,50,145,281,179,53,226,114,208,261,151,309,102,185
325,279,129,60,366,77,356,102,134,157,293,417,656,236,194,221,123,642,366,52,219,368,201,147,217,95,224,154,195,454,552,990,179,316,80,345,336,62,161,401,262,87,280,143,281,352,229,386,139,249
778,788,361,130,923,178,870,241,305,370,766,982,1457,599,458,512,642,796,936,134,516,946,517,347,605,218,618,409,449,1155,1341,2448,487,824,190,990,815,157,434,937,621,158,709,304,679,819,551,932,311,635
489,427,195,100,504,122,511,166,148,184,406,563,904,302,255,279,366,936,278,61,300,498,288,183,328,117,315,216,261,645,783,1473,285,472,120,533,474,91,242,532,305,119,404,203,378,474,315,540,192,320
75,43,15,6,58,13,55,25,16,37,53,68,107,46,25,39,52,134,61,8,36,71,33,24,44,11,28,22,24,105,101,199,36,48,22,84,53,7,34,60,43,13,45,25,42,58,41,55,25,54
328,248,83,53,301,77,287,98,98,115,254,305,531,189,142,146,219,516,300,36,73,284,187,123,199,62,177,142,141,343,419,764,150,261,62,298,265,39,161,309,180,60,219,108,231,273,201,281,115,183
488,444,188,107,514,112,500,144,164,214,436,559,977,348,270,287,368,946,498,71,284,278,312,201,322,116,329,228,266,661,773,1470,303,439,139,568,483,90,243,543,328,112,396,207,380,464,333,528,189,344
334,240,114,52,272,82,309,86,121,132,269,332,584,176,152,149,201,517,288,33,187,312,78,103,197,60,186,148,141,385,442,783,168,257,75,292,296,48,135,290,197,51,262,123,225,270,189,309,114,213
218,177,82,36,185,51,192,66,68,88,177,221,325,128,97,118,147,347,183,24,123,201,103,46,130,52,137,83,104,259,286,492,101,196,42,223,183,39,104,210,131,36,157,81,155,180,140,193,62,122
363,261,128,57,343,88,310,113,123,137,267,326,577,202,157,167,217,605,328,44,199,322,197,130,108,86,237,159,163,419,479,887,182,311,82,324,312,58,158,367,210,71,260,127,231,308,203,324,129,208
150,106,73,25,108,31,115,30,32,50,110,141,233,87,58,74,95,218,117,11,62,116,60,52,86,11,70,66,58,148,169,353,61,104,33,148,129,22,65,131,74,28,108,54,102,109,83,116,43,82
370,270,130,49,306,93,313,98,96,160,292,368,592,212,166,164,224,618,315,28,177,329,186,137,237,70,105,161,166,409,480,950,180,292,74,340,308,46,178,364,209,78,282,136,273,296,193,333,114,215
279,209,84,50,244,55,223,57,85,110,217,242,435,159,125,147,154,409,216,22,142,228,148,83,159,66,161,67,109,283,374,653,131,245,50,245,232,40,110,232,156,35,173,90,172,247,157,254,101,170
341,204,101,44,247,61,237,80,97,110,221,275,442,165,130,140,195,449,261,24,141,266,141,104,163,58,166,109,63,318,375,674,153,223,52,269,226,45,131,247,160,52,201,101,200,219,146,272,76,187
593,553,237,104,680,130,609,182,215,246,523,733,1128,401,313,318,454,1155,645,105,343,661,385,259,419,148,409,283,318,446,970,1834,355,558,169,703,583,111,305,719,435,122,502,223,508,581,397,652,280,432
719,676,313,139,751,193,738,267,251,291,686,845,1404,484,425,462,552,1341,783,101,419,773,442,286,479,169,480,374,375,970,595,2064,396,726,172,848,732,131,388,804,496,157,590,276,595,690,501,736,279,503
1179,1214,548,221,1454,301,1341,438,492,532,1134,1603,2479,895,710,779,990,2448,1473,199,764,1470,783,492,887,353,950,653,674,1834,2064,1920,753,1350,336,1547,1264,235,708,1503,958,301,1040,493,1109,1379,874,1436,459,949
206,236,118,45,266,56,253,86,105,121,242,327,476,177,142,165,179,487,285,36,150,303,168,101,182,61,180,131,153,355,396,753,72,260,70,272,232,38,133,298,183,40,233,104,202,255,178,262,109,201
488,385,180,75,467,96,437,149,180,180,384,494,856,284,232,255,316,824,472,48,261,439,257,196,311,104,292,245,223,558,726,1350,260,218,100,500,446,71,234,496,313,92,363,204,375,447,303,482,171,321
112,97,40,19,111,24,110,35,41,48,97,116,229,69,67,67,80,190,120,22,62,139,75,42,82,33,74,50,52,169,172,336,70,100,14,118,112,18,65,128,68,17,103,32,81,113,75,114,42,96
471,434,194,102,563,129,521,159,180,213,454,579,1019,347,242,295,345,990,533,84,298,568,292,223,324,148,340,245,269,703,848,1547,272,500,118,235,497,100,259,613,377,113,426,200,424,521,312,573,191,343
510,396,209,66,478,101,468,140,159,214,401,529,839,315,247,251,336,815,474,53,265,483,296,183,312,129,308,232,226,583,732,1264,232,446,112,497,179,97,250,494,301,107,350,211,358,424,306,528,154,308
98,79,30,15,80,15,80,22,24,25,69,95,183,55,37,50,62,157,91,7,39,90,48,39,58,22,46,40,45,111,131,235,38,71,18,100,97,14,51,108,58,18,61,36,69,88,48,85,25,56
218,213,106,37,253,70,259,62,76,93,207,271,447,149,114,145,161,434,242,34,161,243,135,104,158,65,178,110,131,305,388,708,133,234,65,259,250,51,56,269,169,43,197,87,217,233,163,253,108,180
486,435,196,88,542,119,527,166,157,214,470,592,939,354,275,281,401,937,532,60,309,543,290,210,367,131,364,232,247,719,804,1503,298,496,128,613,494,108,269,266,354,111,417,219,422,475,360,565,182,370
325,285,116,58,306,80,321,96,108,144,310,361,587,190,159,179,262,621,305,43,180,328,197,131,210,74,209,156,160,435,496,958,183,313,68,377,301,58,169,354,108,73,254,110,243,299,199,334,119,227
97,98,33,22,86,25,108,32,38,40,89,98,164,53,46,53,87,158,119,13,60,112,51,36,71,28,78,35,52,122,157,301,40,92,17,113,107,18,43,111,73,11,88,39,72,84,38,97,36,70
370,310,158,59,410,75,382,114,130,151,352,408,669,257,213,226,280,709,404,45,219,396,262,157,260,108,282,173,201,502,590,1040,233,363,103,426,350,61,197,417,254,88,138,151,294,363,261,371,135,296
170,169,59,30,226,38,174,57,59,82,153,251,304,124,86,114,143,304,203,25,108,207,123,81,127,54,136,90,101,223,276,493,104,204,32,200,211,36,87,219,110,39,151,42,162,161,125,192,61,121
453,330,136,69,374,100,387,126,154,181,332,450,727,255,204,208,281,679,378,42,231,380,225,155,231,102,273,172,200,508,595,1109,202,375,81,424,358,69,217,422,243,72,294,162,152,395,225,413,131,256
439,418,191,71,474,93,451,147,137,195,378,550,816,330,241,261,352,819,474,58,273,464,270,180,308,109,296,247,219,581,690,1379,255,447,113,521,424,88,233,475,299,84,363,161,395,214,272,484,177,328
316,263,121,57,325,72,298,99,104,120,263,387,572,198,134,151,229,551,315,41,201,333,189,140,203,83,193,157,146,397,501,874,178,303,75,312,306,48,163,360,199,38,261,125,225,272,99,315,115,211
519,452,210,83,521,119,505,161,167,217,439,635,915,340,299,309,386,932,540,55,281,528,309,193,324,116,333,254,272,652,736,1436,262,482,114,573,528,85,253,565,334,97,371,192,413,484,315,251,183,329
169,160,64,26,204,47,180,60,60,77,144,201,340,101,94,102,139,311,192,25,115,189,114,62,129,43,114,101,76,280,279,459,109,171,42,191,154,25,108,182,119,36,135,61,131,177,115,183,37,153
368,257,124,60,330,80,304,119,94,126,265,376,661,211,171,185,249,635,320,54,183,344,213,122,208,82,215,170,187,432,503,949,201,321,96,343,308,56,180,370,227,70,296,121,256,328,211,329,153,116
