249,433,197,77,507,94,451,175,186,238,431,491,811,382,291,297,363,797,502,78,305,496,325,192,365,155,355,300,292,601,699,1225,238,496,112,480,488,71,260,443,327,96,402,159,405,437,297,482,187,316
433,197,177,92,468,112,401,120,156,184,361,492,740,266,217,239,304,771,425,53,231,407,285,174,305,125,286,194,233,546,660,1249,262,415,89,456,420,69,222,450,263,83,347,139,331,390,258,450,155,295
197,177,32,37,201,48,195,70,67,76,178,211,375,113,105,109,160,390,203,17,112,199,108,88,113,62,153,90,102,260,291,558,104,208,40,209,201,35,106,219,121,40,149,67,135,199,110,226,68,135
77,92,37,4,83,10,74,27,24,38,85,78,144,60,51,45,61,118,87,11,48,89,58,30,56,20,59,36,37,120,116,242,46,79,20,85,77,10,35,83,63,20,56,31,53,86,49,83,28,56
507,468,201,83,235,113,522,166,161,205,398,586,916,314,260,292,345,951,534,61,307,528,305,203,336,121,346,242,259,620,719,1413,265,457,134,549,465,90,245,530,333,107,404,194,381,441,297,541,196,334
94,112,48,10,113,9,102,34,30,56,100,119,211,89,79,71,72,185,106,14,71,110,84,41,85,33,80,56,57,152,155,296,65,109,25,110,96,13,59,105,70,21,76,43,88,106,75,114,49,75
451,401,195,74,522,102,210,166,142,194,399,567,832,315,279,249,342,803,493,64,256,475,317,189,311,130,347,230,261,642,707,1298,275,450,109,487,438,69,225,478,310,107,340,172,370,444,304,475,176,344
175,120,70,27,166,34,166,19,47,70,127,140,292,85,70,76,105,272,138,17,88,158,95,55,97,43,98,78,67,191,249,455,81,159,34,156,139,26,66,145,107,33,115,53,112,140,104,176,61,111
186,156,67,24,161,30,142,47,13,63,122,183,294,90,78,85,106,278,153,25,99,175,83,73,98,38,97,81,84,212,241,456,83,144,34,177,135,22,81,176,105,37,134,59,133,169,90,166,52,124
238,184,76,38,205,56,194,70,63,44,159,236,345,158,115,130,131,348,213,25,132,203,105,81,139,44,150,83,103,227,310,555,113,195,38,215,186,29,94,220,124,33,150,88,155,193,141,207,80,124
431,361,178,85,398,100,399,127,122,159,177,459,678,284,225,253,299,695,397,59,261,414,251,162,290,112,282,195,233,507,667,1100,233,377,93,441,359,57,208,448,264,81,311,167,316,355,265,448,171,301
491,492,211,78,586,119,567,140,183,236,459,333,1016,363,279,308,420,963,567,59,282,541,300,218,346,137,397,264,274,694,815,1582,282,486,115,598,503,88,276,602,388,109,407,196,451,508,324,611,197,368
811,740,375,144,916,211,832,292,294,345,678,1016,833,556,476,540,639,1416,867,104,479,915,543,361,550,213,623,449,429,1165,1327,2370,487,790,207,946,806,149,451,928,580,177,684,302,713,781,556,937,343,619
382,266,113,60,314,89,315,85,90,158,284,363,556,112,177,189,260,570,305,35,171,331,208,121,215,71,233,150,171,404,491,913,182,295,67,342,308,48,175,360,211,68,245,114,241,315,209,329,125,255
291,217,105,51,260,79,279,70,78,115,225,279,476,177,65,128,196,477,272,31,164,253,147,99,160,77,172,121,137,368,389,720,145,251,47,276,248,40,147,261,160,63,206,76,215,246,150,270,101,162
297,239,109,45,292,71,249,76,85,130,253,308,540,189,128,68,194,541,289,30,153,281,155,93,179,67,184,122,134,364,433,822,139,276,49,272,258,41,139,298,175,71,224,97,226,269,175,301,125,180
363,304,160,61,345,72,342,105,106,131,299,420,639,260,196,194,122,632,346,38,202,367,218,148,231,87,234,180,189,406,527,1011,198,328,82,385,369,50,163,386,240,61,278,137,295,343,220,390,144,221
797,771,390,118,951,185,803,272,278,348,695,963,1416,570,477,541,632,790,863,118,520,896,563,355,603,210,584,421,458,1140,1280,2351,484,822,190,935,810,147,425,904,561,168,618,325,714,762,528,924,329,648
502,425,203,87,534,106,493,138,153,213,397,567,867,305,272,289,346,863,261,45,296,483,299,198,343,125,328,235,274,649,724,1376,285,470,117,529,473,84,232,546,307,104,393,185,400,442,303,497,188,330
78,53,17,11,61,14,64,17,25,25,59,59,104,35,31,30,38,118,45,4,25,65,37,27,41,16,27,31,25,87,98,174,40,70,17,74,60,6,31,68,47,6,45,25,48,49,36,59,22,42
305,231,112,48,307,71,256,88,99,132,261,282,479,171,164,153,202,520,296,25,89,285,175,96,181,68,190,126,154,358,423,803,158,248,56,283,253,41,141,278,202,66,217,105,221,265,162,298,119,183
496,407,199,89,528,110,475,158,175,203,414,541,915,331,253,281,367,896,483,65,285,268,282,188,324,131,299,222,259,654,768,1396,263,477,107,537,501,87,248,546,318,115,414,178,392,444,306,516,177,365
325,285,108,58,305,84,317,95,83,105,251,300,543,208,147,155,218,563,299,37,175,282,95,118,186,83,177,131,155,373,461,819,166,291,68,309,278,45,160,329,194,53,248,110,208,286,167,305,108,179
192,174,88,30,203,41,189,55,73,81,162,218,361,121,99,93,148,355,198,27,96,188,118,37,123,44,125,85,115,271,307,554,117,165,40,216,205,34,102,207,141,44,156,70,140,154,113,214,60,141
365,305,113,56,336,85,311,97,98,139,290,346,550,215,160,179,231,603,343,41,181,324,186,123,114,72,207,165,176,424,517,921,182,287,64,348,287,46,170,345,212,75,257,118,228,303,179,342,110,224
155,125,62,20,121,33,130,43,38,44,112,137,213,71,77,67,87,210,125,16,68,131,83,44,72,14,96,55,79,148,173,343,62,139,29,134,107,22,66,134,79,33,104,53,91,135,82,130,52,84
355,286,153,59,346,80,347,98,97,150,282,397,623,233,172,184,234,584,328,27,190,299,177,125,207,96,102,168,169,380,476,969,184,323,72,352,313,59,166,359,205,61,248,113,248,335,197,347,130,226
300,194,90,36,242,56,230,78,81,83,195,264,449,150,121,122,180,421,235,31,126,222,131,85,165,55,168,47,126,305,358,694,151,218,47,253,222,43,122,237,150,47,168,82,173,217,139,259,92,141
292,233,102,37,259,57,261,67,84,103,233,274,429,171,137,134,189,458,274,25,154,259,155,115,176,79,169,126,67,321,398,716,152,238,61,268,235,44,128,283,166,47,212,91,209,246,166,289,92,176
601,546,260,120,620,152,642,191,212,227,507,694,1165,404,368,364,406,1140,649,87,358,654,373,271,424,148,380,305,321,429,966,1697,345,613,150,631,599,112,327,650,433,129,490,236,510,584,351,678,240,408
699,660,291,116,719,155,707,249,241,310,667,815,1327,491,389,433,527,1280,724,98,423,768,461,307,517,173,476,358,398,966,580,2005,401,693,171,795,717,120,390,791,464,169,526,263,640,694,465,758,257,539
1225,1249,558,242,1413,296,1298,455,456,555,1100,1582,2370,913,720,822,1011,2351,1376,174,803,1396,819,554,921,343,969,694,716,1697,2005,1785,702,1273,304,1518,1237,217,667,1427,881,271,1008,508,1123,1222,913,1419,461,948
238,262,104,46,265,65,275,81,83,113,233,282,487,182,145,139,198,484,285,40,158,263,166,117,182,62,184,151,152,345,401,702,73,266,55,283,282,38,124,269,163,47,197,91,222,250,164,240,95,177
496,415,208,79,457,109,450,159,144,195,377,486,790,295,251,276,328,822,470,70,248,477,291,165,287,139,323,218,238,613,693,1273,266,228,117,484,434,77,246,491,320,78,358,176,359,415,283,446,170,310
112,89,40,20,134,25,109,34,34,38,93,115,207,67,47,49,82,190,117,17,56,107,68,40,64,29,72,47,61,150,171,304,55,117,8,115,98,25,61,120,72,20,79,42,73,117,72,110,35,88
480,456,209,85,549,110,487,156,177,215,441,598,946,342,276,272,385,935,529,74,283,537,309,216,348,134,352,253,268,631,795,1518,283,484,115,289,463,83,266,557,353,94,384,217,438,500,334,551,199,365
488,420,201,77,465,96,438,139,135,186,359,503,806,308,248,258,369,810,473,60,253,501,278,205,287,107,313,222,235,599,717,1237,282,434,98,463,211,63,249,491,327,95,348,181,357,442,314,480,152,315
71,69,35,10,90,13,69,26,22,29,57,88,149,48,40,41,50,147,84,6,41,87,45,34,46,22,59,43,44,112,120,217,38,77,25,83,63,4,38,81,61,21,57,38,55,67,54,72,35,41
260,222,106,35,245,59,225,66,81,94,208,276,451,175,147,139,163,425,232,31,141,248,160,102,170,66,166,122,128,327,390,667,124,246,61,266,249,38,57,249,161,48,182,102,207,242,151,260,96,174
443,450,219,83,530,105,478,145,176,220,448,602,928,360,261,298,386,904,546,68,278,546,329,207,345,134,359,237,283,650,791,1427,269,491,120,557,491,81,249,271,315,108,395,207,396,451,350,520,178,383
327,263,121,63,333,70,310,107,105,124,264,388,580,211,160,175,240,561,307,47,202,318,194,141,212,79,205,150,166,433,464,881,163,320,72,353,327,61,161,315,87,68,252,119,249,291,195,325,101,238
96,83,40,20,107,21,107,33,37,33,81,109,177,68,63,71,61,168,104,6,66,115,53,44,75,33,61,47,47,129,169,271,47,78,20,94,95,21,48,108,68,13,75,44,91,98,67,126,42,66
402,347,149,56,404,76,340,115,134,150,311,407,684,245,206,224,278,618,393,45,217,414,248,156,257,104,248,168,212,490,526,1008,197,358,79,384,348,57,182,395,252,75,164,142,294,338,230,392,132,260
159,139,67,31,194,43,172,53,59,88,167,196,302,114,76,97,137,325,185,25,105,178,110,70,118,53,113,82,91,236,263,508,91,176,42,217,181,38,102,207,119,44,142,33,154,158,105,197,72,121
405,331,135,53,381,88,370,112,133,155,316,451,713,241,215,226,295,714,400,48,221,392,208,140,228,91,248,173,209,510,640,1123,222,359,73,438,357,55,207,396,249,91,294,154,152,352,206,393,131,264
437,390,199,86,441,106,444,140,169,193,355,508,781,315,246,269,343,762,442,49,265,444,286,154,303,135,335,217,246,584,694,1222,250,415,117,500,442,67,242,451,291,98,338,158,352,208,284,461,177,308
297,258,110,49,297,75,304,104,90,141,265,324,556,209,150,175,220,528,303,36,162,306,167,113,179,82,197,139,166,351,465,913,164,283,72,334,314,54,151,350,195,67,230,105,206,284,91,328,118,227
482,450,226,83,541,114,475,176,166,207,448,611,937,329,270,301,390,924,497,59,298,516,305,214,342,130,347,259,289,678,758,1419,240,446,110,551,480,72,260,520,325,126,392,197,393,461,328,260,174,371
187,155,68,28,196,49,176,61,52,80,171,197,343,125,101,125,144,329,188,22,119,177,108,60,110,52,130,92,92,240,257,461,95,170,35,199,152,35,96,178,101,42,132,72,131,177,118,174,30,116
316,295,135,56,334,75,344,111,124,124,301,368,619,255,162,180,221,648,330,42,183,365,179,141,224,84,226,141,176,408,539,948,177,310,88,365,315,41,174,383,238,66,260,121,264,308,227,371,116,115
