300,468,227,101,473,122,458,180,174,267,491,555,843,393,335,337,397,796,518,101,322,540,351,220,357,148,385,280,293,596,713,1184,254,532,134,545,512,90,257,465,322,108,393,146,408,415,316,495,177,382
468,153,158,59,454,85,432,125,142,176,375,534,781,252,212,231,304,735,436,67,239,428,235,175,266,99,285,198,192,557,641,1206,247,395,122,448,405,67,215,465,286,92,334,185,335,416,289,479,172,282
227,158,35,39,224,44,193,60,80,91,193,221,359,125,97,105,129,362,202,28,104,215,91,89,105,47,137,108,95,227,282,566,114,182,38,202,200,35,93,223,118,47,166,78,128,189,118,210,65,143
101,59,39,7,95,17,64,36,29,48,79,96,139,47,41,46,73,135,89,7,58,83,63,33,62,22,65,58,53,107,118,197,53,79,12,125,64,11,47,76,50,17,62,39,72,82,67,72,29,71
473,454,224,95,249,112,524,144,169,195,420,557,924,330,245,280,357,893,490,53,298,530,302,213,311,134,334,232,249,633,795,1508,286,445,104,553,484,79,261,560,330,107,374,197,405,501,295,523,171,338
122,85,44,17,112,8,100,40,32,44,92,153,195,68,67,76,96,200,118,10,68,116,69,47,75,34,81,67,61,133,156,292,65,116,29,133,110,16,62,104,59,21,73,41,101,116,84,117,40,83
458,432,193,64,524,100,222,140,168,224,434,577,850,317,240,281,338,843,494,50,268,516,296,220,312,142,337,232,256,629,686,1319,237,497,106,548,443,96,236,522,324,104,371,177,385,434,304,474,178,347
180,125,60,36,144,40,140,21,57,86,131,184,267,107,73,68,117,246,165,16,89,161,110,62,92,28,96,75,68,199,207,440,81,162,38,174,149,25,56,148,109,34,116,51,113,155,103,159,60,93
174,142,80,29,169,32,168,57,28,71,137,187,324,115,85,78,120,300,156,23,72,180,78,63,125,44,121,76,80,185,247,503,98,166,31,179,153,37,83,177,98,30,127,58,127,179,108,182,65,112
267,176,91,48,195,44,224,86,71,50,175,225,350,152,119,126,144,370,201,25,119,220,137,79,148,57,132,98,110,269,314,527,112,212,43,215,201,30,130,205,123,40,163,78,189,187,150,235,80,152
491,375,193,79,420,92,434,131,137,175,170,469,757,286,207,232,309,759,453,52,253,434,259,157,280,123,268,197,244,528,631,1145,206,397,98,474,389,64,232,449,279,90,305,182,360,401,279,461,159,294
555,534,221,96,557,153,577,184,187,225,469,328,1021,369,296,325,434,1068,590,73,261,591,305,245,388,151,384,268,272,709,868,1593,314,538,130,599,536,99,307,614,389,123,435,222,463,551,330,608,219,394
843,781,359,139,924,195,850,267,324,350,757,1021,879,595,432,492,677,1562,964,113,470,977,537,358,606,223,598,408,446,1155,1431,2522,491,861,210,1015,802,147,469,990,640,211,709,351,738,863,580,975,330,576
393,252,125,47,330,68,317,107,115,152,286,369,595,89,154,167,221,588,340,44,221,340,202,116,227,69,212,159,163,407,515,879,179,317,78,348,315,53,155,353,219,72,254,138,252,313,185,343,119,234
335,212,97,41,245,67,240,73,85,119,207,296,432,154,79,135,184,476,269,28,131,290,130,80,163,55,166,107,102,334,406,749,142,252,56,286,257,43,126,288,168,53,209,108,192,233,165,309,98,181
337,231,105,46,280,76,281,68,78,126,232,325,492,167,135,67,198,544,271,30,142,287,171,107,195,69,179,126,121,356,432,798,171,270,57,293,267,42,137,342,181,69,222,115,214,258,177,325,111,198
397,304,129,73,357,96,338,117,120,144,309,434,677,221,184,198,130,659,385,48,202,413,202,147,225,80,247,169,166,477,601,1053,202,380,91,400,380,67,180,409,236,83,290,122,279,345,229,406,148,266
796,735,362,135,893,200,843,246,300,370,759,1068,1562,588,476,544,659,868,893,111,481,955,544,352,604,216,600,399,472,1201,1397,2587,528,830,210,992,851,136,434,978,653,194,703,378,727,835,557,961,359,562
518,436,202,89,490,118,494,165,156,201,453,590,964,340,269,271,385,893,236,63,276,493,291,233,324,137,335,232,262,643,768,1465,273,494,114,575,498,95,269,516,346,106,397,200,428,511,319,503,183,355
101,67,28,7,53,10,50,16,23,25,52,73,113,44,28,30,48,111,63,6,34,62,37,29,36,20,54,23,31,87,100,187,35,60,14,73,56,12,29,71,42,12,52,23,47,62,32,72,16,32
322,239,104,58,298,68,268,89,72,119,253,261,470,221,131,142,202,481,276,34,79,245,144,112,175,71,175,131,150,339,402,750,134,247,62,296,242,44,146,300,209,56,238,101,226,271,154,295,94,170
540,428,215,83,530,116,516,161,180,220,434,591,977,340,290,287,413,955,493,62,245,261,321,218,336,139,356,247,253,645,767,1440,307,472,121,583,503,87,277,549,384,114,397,212,412,482,346,547,203,351
351,235,91,63,302,69,296,110,78,137,259,305,537,202,130,171,202,544,291,37,144,321,68,102,172,74,200,134,155,409,496,840,171,299,68,315,284,45,163,343,181,61,233,117,218,255,177,315,100,201
220,175,89,33,213,47,220,62,63,79,157,245,358,116,80,107,147,352,233,29,112,218,102,42,124,59,132,102,114,258,288,562,105,207,44,240,166,42,106,234,135,46,148,73,166,197,124,216,56,120
357,266,105,62,311,75,312,92,125,148,280,388,606,227,163,195,225,604,324,36,175,336,172,124,102,90,221,164,145,429,501,930,185,309,69,354,308,64,149,343,215,79,280,128,255,323,185,356,131,234
148,99,47,22,134,34,142,28,44,57,123,151,223,69,55,69,80,216,137,20,71,139,74,59,90,16,85,56,68,149,207,379,66,114,34,126,116,24,69,129,67,18,84,44,108,119,74,132,45,74
385,285,137,65,334,81,337,96,121,132,268,384,598,212,166,179,247,600,335,54,175,356,200,132,221,85,112,173,174,429,497,1003,182,316,67,370,317,60,164,360,228,70,239,127,259,329,208,342,114,214
280,198,108,58,232,67,232,75,76,98,197,268,408,159,107,126,169,399,232,23,131,247,134,102,164,56,173,71,112,278,378,656,112,253,53,242,232,43,132,284,152,59,190,100,190,212,145,246,88,173
293,192,95,53,249,61,256,68,80,110,244,272,446,163,102,121,166,472,262,31,150,253,155,114,145,68,174,112,68,333,375,691,142,225,59,255,216,34,122,280,175,64,211,84,222,249,150,258,90,166
596,557,227,107,633,133,629,199,185,269,528,709,1155,407,334,356,477,1201,643,87,339,645,409,258,429,149,429,278,333,373,967,1848,380,573,150,658,623,94,320,689,405,137,497,268,513,618,399,682,287,413
713,641,282,118,795,156,686,207,247,314,631,868,1431,515,406,432,601,1397,768,100,402,767,496,288,501,207,497,378,375,967,562,2121,447,674,175,859,678,135,395,782,527,175,576,265,598,747,486,758,313,485
1184,1206,566,197,1508,292,1319,440,503,527,1145,1593,2522,879,749,798,1053,2587,1465,187,750,1440,840,562,930,379,1003,656,691,1848,2121,1950,709,1287,287,1558,1265,259,736,1509,990,309,1041,574,1122,1312,933,1451,532,964
254,247,114,53,286,65,237,81,98,112,206,314,491,179,142,171,202,528,273,35,134,307,171,105,185,66,182,112,142,380,447,709,73,269,66,293,255,46,142,294,181,49,207,111,200,255,161,270,114,172
532,395,182,79,445,116,497,162,166,212,397,538,861,317,252,270,380,830,494,60,247,472,299,207,309,114,316,253,225,573,674,1287,269,220,110,535,457,68,253,463,323,105,321,186,415,443,302,455,181,343
134,122,38,12,104,29,106,38,31,43,98,130,210,78,56,57,91,210,114,14,62,121,68,44,69,34,67,53,59,150,175,287,66,110,11,131,88,25,56,124,66,17,83,46,91,115,60,107,46,76
545,448,202,125,553,133,548,174,179,215,474,599,1015,348,286,293,400,992,575,73,296,583,315,240,354,126,370,242,255,658,859,1558,293,535,131,285,569,90,282,606,345,104,420,177,414,505,317,586,215,329
512,405,200,64,484,110,443,149,153,201,389,536,802,315,257,267,380,851,498,56,242,503,284,166,308,116,317,232,216,623,678,1265,255,457,88,569,183,67,254,493,312,117,340,187,359,427,290,463,143,309
90,67,35,11,79,16,96,25,37,30,64,99,147,53,43,42,67,136,95,12,44,87,45,42,64,24,60,43,34,94,135,259,46,68,25,90,67,6,58,106,52,18,68,34,78,77,46,92,35,59
257,215,93,47,261,62,236,56,83,130,232,307,469,155,126,137,180,434,269,29,146,277,163,106,149,69,164,132,122,320,395,736,142,253,56,282,254,58,66,302,191,60,212,84,192,257,150,292,90,170
465,465,223,76,560,104,522,148,177,205,449,614,990,353,288,342,409,978,516,71,300,549,343,234,343,129,360,284,280,689,782,1509,294,463,124,606,493,106,302,286,343,101,378,210,415,508,344,562,217,365
322,286,118,50,330,59,324,109,98,123,279,389,640,219,168,181,236,653,346,42,209,384,181,135,215,67,228,152,175,405,527,990,181,323,66,345,312,52,191,343,113,75,255,147,267,320,217,337,130,215
108,92,47,17,107,21,104,34,30,40,90,123,211,72,53,69,83,194,106,12,56,114,61,46,79,18,70,59,64,137,175,309,49,105,17,104,117,18,60,101,75,15,88,40,94,88,64,98,40,75
393,334,166,62,374,73,371,116,127,163,305,435,709,254,209,222,290,703,397,52,238,397,233,148,280,84,239,190,211,497,576,1041,207,321,83,420,340,68,212,378,255,88,129,142,321,346,231,417,134,278
146,185,78,39,197,41,177,51,58,78,182,222,351,138,108,115,122,378,200,23,101,212,117,73,128,44,127,100,84,268,265,574,111,186,46,177,187,34,84,210,147,40,142,30,146,173,120,201,76,115
408,335,128,72,405,101,385,113,127,189,360,463,738,252,192,214,279,727,428,47,226,412,218,166,255,108,259,190,222,513,598,1122,200,415,91,414,359,78,192,415,267,94,321,146,164,354,233,441,148,284
415,416,189,82,501,116,434,155,179,187,401,551,863,313,233,258,345,835,511,62,271,482,255,197,323,119,329,212,249,618,747,1312,255,443,115,505,427,77,257,508,320,88,346,173,354,211,297,495,182,314
316,289,118,67,295,84,304,103,108,150,279,330,580,185,165,177,229,557,319,32,154,346,177,124,185,74,208,145,150,399,486,933,161,302,60,317,290,46,150,344,217,64,231,120,233,297,78,348,95,215
495,479,210,72,523,117,474,159,182,235,461,608,975,343,309,325,406,961,503,72,295,547,315,216,356,132,342,246,258,682,758,1451,270,455,107,586,463,92,292,562,337,98,417,201,441,495,348,293,187,355
177,172,65,29,171,40,178,60,65,80,159,219,330,119,98,111,148,359,183,16,94,203,100,56,131,45,114,88,90,287,313,532,114,181,46,215,143,35,90,217,130,40,134,76,148,182,95,187,36,132
382,282,143,71,338,83,347,93,112,152,294,394,576,234,181,198,266,562,355,32,170,351,201,120,234,74,214,173,166,413,485,964,172,343,76,329,309,59,170,365,215,75,278,115,284,314,215,355,132,139
