289,462,215,76,530,107,481,201,171,242,427,505,805,400,326,367,375,778,532,52,314,489,326,208,354,151,379,271,312,583,678,1176,219,485,105,508,473,63,258,494,282,112,356,175,394,417,291,496,166,414
462,188,177,73,476,76,417,126,158,180,371,520,774,298,253,241,315,777,433,51,259,457,287,198,289,104,299,176,219,532,658,1249,248,421,88,459,421,67,204,453,286,96,326,179,376,405,283,460,182,268
215,177,35,44,206,48,200,49,72,83,158,203,368,122,97,90,136,398,204,26,116,207,113,85,131,50,141,108,81,227,297,578,91,181,41,221,208,26,92,236,128,39,139,87,179,197,126,190,75,111
76,73,44,7,78,25,89,31,30,31,82,81,130,62,53,52,63,111,90,8,55,86,53,31,57,18,49,52,42,96,131,221,38,75,14,99,79,16,40,86,56,14,60,37,70,74,53,97,27,54
530,476,206,78,249,106,473,134,154,227,428,579,926,339,266,308,391,931,503,51,282,501,340,191,304,127,342,219,279,630,784,1408,237,486,99,576,477,77,241,537,317,108,405,205,423,446,292,566,190,369
107,76,48,25,106,14,102,34,37,44,109,126,195,78,59,67,82,174,105,10,65,108,67,33,77,27,69,53,59,131,165,282,54,108,20,128,112,26,55,88,58,24,85,36,96,102,75,117,43,65
481,417,200,89,473,102,229,151,161,204,416,511,860,334,249,274,368,846,437,59,288,492,270,185,348,144,324,225,247,615,733,1304,232,467,101,514,432,85,238,480,299,107,346,166,369,429,306,496,166,338
201,126,49,31,134,34,151,21,49,71,139,176,287,83,78,86,108,261,152,16,96,147,97,61,95,40,95,76,73,183,193,429,85,157,41,146,151,31,67,157,83,31,121,47,125,144,100,156,63,113
171,158,72,30,154,37,161,49,23,69,148,184,285,99,91,110,109,299,173,27,94,182,78,67,110,39,96,88,67,207,233,447,85,155,34,172,160,21,77,185,109,40,123,66,146,128,100,166,70,111
242,180,83,31,227,44,204,71,69,48,174,233,382,124,113,131,154,380,208,26,123,200,146,94,141,45,137,104,108,270,310,550,117,223,44,191,169,32,117,206,134,52,156,77,166,169,123,254,78,163
427,371,158,82,428,109,416,139,148,174,175,459,749,271,228,275,285,745,391,50,232,405,298,180,293,93,279,187,240,531,620,1137,213,448,102,416,406,78,219,451,262,88,313,174,350,376,276,457,166,300
505,520,203,81,579,126,511,176,184,233,459,303,973,361,313,324,398,985,556,80,334,558,331,234,381,131,355,256,254,662,867,1548,272,526,140,625,513,104,273,609,345,100,413,213,450,489,363,551,213,385
805,774,368,130,926,195,860,287,285,382,749,973,809,595,511,531,675,1464,903,135,496,887,523,359,612,232,618,436,419,1146,1412,2406,492,843,210,972,853,168,485,944,621,178,644,341,757,798,602,925,283,605
400,298,122,62,339,78,334,83,99,124,271,361,595,82,180,210,220,591,311,38,182,326,194,135,218,80,231,139,175,392,496,888,173,330,65,359,324,53,171,322,195,68,236,144,268,326,195,338,115,246
326,253,97,53,266,59,249,78,91,113,228,313,511,180,74,142,225,492,288,32,152,283,151,91,174,56,165,129,125,358,390,692,140,257,65,276,225,42,137,289,168,45,214,102,232,253,164,275,100,172
367,241,90,52,308,67,274,86,110,131,275,324,531,210,142,77,221,550,337,36,174,311,154,102,186,52,180,135,127,358,456,798,160,276,71,303,242,48,157,324,201,61,244,119,231,279,188,306,107,201
375,315,136,63,391,82,368,108,109,154,285,398,675,220,225,221,138,686,367,50,198,347,220,157,263,78,226,163,166,481,538,1032,217,353,93,362,345,56,166,386,202,77,267,158,295,313,257,387,147,281
778,777,398,111,931,174,846,261,299,380,745,985,1464,591,492,550,686,776,849,137,495,872,554,344,593,256,629,457,432,1102,1330,2309,491,826,188,968,826,167,468,935,604,159,688,337,732,783,608,877,294,608
532,433,204,90,503,105,437,152,173,208,391,556,903,311,288,337,367,849,244,68,278,458,289,205,353,109,333,246,261,613,730,1404,256,464,110,544,443,88,230,568,316,95,386,199,414,448,299,531,179,307
52,51,26,8,51,10,59,16,27,26,50,80,135,38,32,36,50,137,68,2,33,65,39,23,44,25,51,42,37,80,99,186,38,50,14,86,49,11,45,73,57,14,60,15,40,61,29,63,17,41
314,259,116,55,282,65,288,96,94,123,232,334,496,182,152,174,198,495,278,33,73,300,161,112,175,89,217,137,142,347,474,813,148,256,59,276,277,48,148,308,181,77,218,102,236,273,165,298,104,192
489,457,207,86,501,108,492,147,182,200,405,558,887,326,283,311,347,872,458,65,300,257,324,223,361,143,359,271,287,659,704,1401,278,485,107,528,485,94,257,569,337,104,395,195,424,480,304,534,203,372
326,287,113,53,340,67,270,97,78,146,298,331,523,194,151,154,220,554,289,39,161,324,91,148,211,64,209,147,155,353,419,818,145,278,65,293,264,40,165,330,172,71,231,120,228,261,190,281,106,220
208,198,85,31,191,33,185,61,67,94,180,234,359,135,91,102,157,344,205,23,112,223,148,54,156,58,146,96,117,206,331,559,101,201,42,212,197,28,105,218,107,40,127,90,171,165,126,191,72,155
354,289,131,57,304,77,348,95,110,141,293,381,612,218,174,186,263,593,353,44,175,361,211,156,126,81,218,149,163,367,475,934,171,304,74,333,333,52,152,374,207,51,258,127,274,301,216,329,148,219
151,104,50,18,127,27,144,40,39,45,93,131,232,80,56,52,78,256,109,25,89,143,64,58,81,17,87,43,59,171,207,379,72,129,26,133,119,14,63,161,80,24,98,60,113,128,75,143,49,82
379,299,141,49,342,69,324,95,96,137,279,355,618,231,165,180,226,629,333,51,217,359,209,146,218,87,105,155,174,461,536,1016,173,354,65,360,346,31,172,377,212,80,274,125,273,319,219,359,132,241
271,176,108,52,219,53,225,76,88,104,187,256,436,139,129,135,163,457,246,42,137,271,147,96,149,43,155,58,119,270,387,685,138,214,55,248,239,39,114,231,161,50,184,98,173,227,153,242,106,155
312,219,81,42,279,59,247,73,67,108,240,254,419,175,125,127,166,432,261,37,142,287,155,117,163,59,174,119,51,300,407,724,138,246,55,257,248,41,126,262,153,59,197,97,211,227,151,273,93,166
583,532,227,96,630,131,615,183,207,270,531,662,1146,392,358,358,481,1102,613,80,347,659,353,206,367,171,461,270,300,406,909,1785,348,588,134,669,566,125,309,652,403,134,471,228,480,608,401,657,219,429
678,658,297,131,784,165,733,193,233,310,620,867,1412,496,390,456,538,1330,730,99,474,704,419,331,475,207,536,387,407,909,580,2006,386,726,174,814,717,115,359,822,513,151,559,306,612,686,434,801,282,532
1176,1249,578,221,1408,282,1304,429,447,550,1137,1548,2406,888,692,798,1032,2309,1404,186,813,1401,818,559,934,379,1016,685,724,1785,2006,1805,714,1305,304,1478,1226,230,730,1408,934,294,1011,499,1101,1240,846,1353,458,912
219,248,91,38,237,54,232,85,85,117,213,272,492,173,140,160,217,491,256,38,148,278,145,101,171,72,173,138,138,348,386,714,71,227,54,281,242,40,166,290,175,67,199,103,204,241,173,266,86,190
485,421,181,75,486,108,467,157,155,223,448,526,843,330,257,276,353,826,464,50,256,485,278,201,304,129,354,214,246,588,726,1305,227,243,120,519,463,81,224,510,303,100,341,180,359,408,291,456,194,333
105,88,41,14,99,20,101,41,34,44,102,140,210,65,65,71,93,188,110,14,59,107,65,42,74,26,65,55,55,134,174,304,54,120,7,126,107,27,57,129,61,28,100,41,76,112,66,102,39,78
508,459,221,99,576,128,514,146,172,191,416,625,972,359,276,303,362,968,544,86,276,528,293,212,333,133,360,248,257,669,814,1478,281,519,126,275,444,88,261,564,320,109,386,213,386,466,314,525,201,364
473,421,208,79,477,112,432,151,160,169,406,513,853,324,225,242,345,826,443,49,277,485,264,197,333,119,346,239,248,566,717,1226,242,463,107,444,205,80,244,522,327,107,344,177,394,443,282,463,164,345
63,67,26,16,77,26,85,31,21,32,78,104,168,53,42,48,56,167,88,11,48,94,40,28,52,14,31,39,41,125,115,230,40,81,27,88,80,6,46,95,53,13,62,31,49,82,55,81,31,53
258,204,92,40,241,55,238,67,77,117,219,273,485,171,137,157,166,468,230,45,148,257,165,105,152,63,172,114,126,309,359,730,166,224,57,261,244,46,57,269,149,52,189,85,203,228,166,261,93,167
494,453,236,86,537,88,480,157,185,206,451,609,944,322,289,324,386,935,568,73,308,569,330,218,374,161,377,231,262,652,822,1408,290,510,129,564,522,95,269,274,360,116,422,205,439,486,346,595,217,361
282,286,128,56,317,58,299,83,109,134,262,345,621,195,168,201,202,604,316,57,181,337,172,107,207,80,212,161,153,403,513,934,175,303,61,320,327,53,149,360,109,62,243,126,237,297,195,361,109,213
112,96,39,14,108,24,107,31,40,52,88,100,178,68,45,61,77,159,95,14,77,104,71,40,51,24,80,50,59,134,151,294,67,100,28,109,107,13,52,116,62,12,70,31,77,95,63,101,40,92
356,326,139,60,405,85,346,121,123,156,313,413,644,236,214,244,267,688,386,60,218,395,231,127,258,98,274,184,197,471,559,1011,199,341,100,386,344,62,189,422,243,70,133,148,310,347,258,394,120,248
175,179,87,37,205,36,166,47,66,77,174,213,341,144,102,119,158,337,199,15,102,195,120,90,127,60,125,98,97,228,306,499,103,180,41,213,177,31,85,205,126,31,148,29,161,148,114,189,66,127
394,376,179,70,423,96,369,125,146,166,350,450,757,268,232,231,295,732,414,40,236,424,228,171,274,113,273,173,211,480,612,1101,204,359,76,386,394,49,203,439,237,77,310,161,173,398,239,357,158,283
417,405,197,74,446,102,429,144,128,169,376,489,798,326,253,279,313,783,448,61,273,480,261,165,301,128,319,227,227,608,686,1240,241,408,112,466,443,82,228,486,297,95,347,148,398,209,293,478,163,328
291,283,126,53,292,75,306,100,100,123,276,363,602,195,164,188,257,608,299,29,165,304,190,126,216,75,219,153,151,401,434,846,173,291,66,314,282,55,166,346,195,63,258,114,239,293,95,327,134,210
496,460,190,97,566,117,496,156,166,254,457,551,925,338,275,306,387,877,531,63,298,534,281,191,329,143,359,242,273,657,801,1353,266,456,102,525,463,81,261,595,361,101,394,189,357,478,327,271,183,352
166,182,75,27,190,43,166,63,70,78,166,213,283,115,100,107,147,294,179,17,104,203,106,72,148,49,132,106,93,219,282,458,86,194,39,201,164,31,93,217,109,40,120,66,158,163,134,183,31,131
414,268,111,54,369,65,338,113,111,163,300,385,605,246,172,201,281,608,307,41,192,372,220,155,219,82,241,155,166,429,532,912,190,333,78,364,345,53,167,361,213,92,248,127,283,328,210,352,131,124
