259,460,242,99,498,99,468,174,177,238,463,542,859,394,294,350,354,892,487,73,344,489,357,206,391,158,423,258,271,694,705,1193,237,522,113,540,460,81,277,488,314,101,387,172,442,437,371,524,158,386
460,191,190,88,475,105,437,105,138,176,376,493,823,277,217,250,309,813,465,44,245,485,241,162,276,99,293,194,222,534,694,1291,237,406,92,455,403,84,224,453,253,99,345,175,325,401,285,473,145,274
242,190,39,30,194,46,164,63,78,92,185,247,372,117,109,116,152,360,193,22,105,192,127,86,137,47,139,95,102,265,284,551,115,198,44,185,187,38,107,206,132,43,156,77,153,189,111,185,76,146
99,88,30,7,83,23,83,23,34,33,61,100,144,56,43,65,82,148,83,11,49,78,43,38,51,25,66,33,45,112,141,201,38,76,20,105,82,16,50,79,47,16,67,35,53,66,39,75,25,52
498,475,194,83,279,106,492,176,167,205,446,556,974,358,299,282,399,942,547,65,256,567,312,206,355,134,350,242,284,671,776,1444,280,472,106,553,460,89,274,575,363,116,399,209,421,485,320,549,181,363
99,105,46,23,106,15,107,25,36,46,99,147,203,81,65,68,103,210,120,17,64,102,71,40,76,35,83,56,60,153,186,305,64,109,22,113,95,19,55,119,81,21,95,39,74,103,64,118,43,72
468,437,164,83,492,107,206,134,160,200,393,566,925,306,274,291,359,959,506,63,248,468,298,170,320,126,328,218,237,656,766,1389,294,441,127,509,403,67,246,493,306,104,395,201,357,482,301,512,173,318
174,105,63,23,176,25,134,27,43,65,135,184,294,105,75,78,124,298,161,19,95,171,96,60,92,47,97,78,88,181,241,417,90,161,37,179,137,17,53,156,89,34,110,66,103,135,89,157,60,103
177,138,78,34,167,36,160,43,29,60,147,176,298,112,85,90,137,306,184,21,87,189,97,52,94,35,101,81,89,211,247,462,85,154,36,181,159,28,65,179,118,35,134,70,129,152,101,166,66,101
238,176,92,33,205,46,200,65,60,42,168,256,386,140,125,135,166,357,234,28,132,201,143,81,144,52,149,120,105,262,306,581,121,199,45,222,225,34,96,221,115,40,143,80,175,196,149,221,68,157
463,376,185,61,446,99,393,135,147,168,186,494,771,288,242,247,314,737,445,61,263,421,258,175,279,107,307,222,243,530,619,1153,229,392,102,470,391,60,205,439,272,90,331,165,345,405,260,414,148,286
542,493,247,100,556,147,566,184,176,256,494,333,1067,365,295,302,406,1043,581,67,307,546,312,239,340,136,347,259,292,726,891,1599,292,541,131,635,511,100,276,658,384,114,464,216,464,485,367,620,193,366
859,823,372,144,974,203,925,294,298,386,771,1067,834,599,508,530,643,1451,930,116,464,935,531,369,608,223,653,414,454,1211,1351,2477,491,906,215,970,871,157,474,999,609,179,697,346,740,854,598,980,326,618
394,277,117,56,358,81,306,105,112,140,288,365,599,116,184,186,239,611,337,33,174,326,203,107,240,79,213,152,182,396,471,917,184,313,83,334,277,47,154,324,216,60,260,125,250,301,199,346,127,261
294,217,109,43,299,65,274,75,85,125,242,295,508,184,66,132,172,482,265,34,170,287,166,101,173,67,184,111,126,329,399,703,127,260,52,226,247,51,132,260,176,38,213,89,222,258,165,290,90,180
350,250,116,65,282,68,291,78,90,135,247,302,530,186,132,86,194,473,275,35,163,282,188,113,169,77,187,134,151,320,380,786,151,284,60,236,272,55,138,302,188,56,216,111,228,290,176,284,109,198
354,309,152,82,399,103,359,124,137,166,314,406,643,239,172,194,127,647,341,46,192,387,227,146,242,93,256,160,168,428,559,993,177,336,82,384,368,53,185,384,231,72,275,139,279,363,223,373,140,250
892,813,360,148,942,210,959,298,306,357,737,1043,1451,611,482,473,647,817,913,101,514,939,537,367,576,221,637,404,439,1174,1297,2505,502,870,223,946,895,148,488,1027,607,188,646,314,733,891,562,982,320,604
487,465,193,83,547,120,506,161,184,234,445,581,930,337,265,275,341,913,267,56,280,504,309,188,354,127,320,199,251,674,775,1414,268,481,123,520,491,75,265,519,323,103,407,189,421,479,362,520,204,336
73,44,22,11,65,17,63,19,21,28,61,67,116,33,34,35,46,101,56,3,33,60,46,25,39,21,35,30,21,77,86,171,33,61,15,60,69,12,43,76,41,11,45,16,55,61,36,61,21,40
344,245,105,49,256,64,248,95,87,132,263,307,464,174,170,163,192,514,280,33,59,253,163,114,185,71,173,123,143,324,385,814,142,248,49,267,248,42,143,302,179,51,233,109,203,245,181,259,106,185
489,485,192,78,567,102,468,171,189,201,421,546,935,326,287,282,387,939,504,60,253,249,320,192,359,128,333,235,268,675,710,1391,265,469,120,568,449,70,255,535,343,105,428,177,418,469,348,512,203,354
357,241,127,43,312,71,298,96,97,143,258,312,531,203,166,188,227,537,309,46,163,320,88,147,196,62,200,126,156,374,449,769,150,258,53,304,262,48,148,327,223,44,240,94,245,276,199,334,94,228
206,162,86,38,206,40,170,60,52,81,175,239,369,107,101,113,146,367,188,25,114,192,147,38,145,68,151,83,101,267,293,565,108,170,48,232,178,24,106,195,137,40,169,82,147,176,130,211,74,148
391,276,137,51,355,76,320,92,94,144,279,340,608,240,173,169,242,576,354,39,185,359,196,145,96,97,230,153,151,394,496,933,182,291,58,349,314,51,165,334,232,55,261,129,260,310,199,315,111,230
158,99,47,25,134,35,126,47,35,52,107,136,223,79,67,77,93,221,127,21,71,128,62,68,97,15,70,70,65,153,181,365,77,104,21,145,129,17,64,128,82,30,93,46,106,106,87,120,56,85
423,293,139,66,350,83,328,97,101,149,307,347,653,213,184,187,256,637,320,35,173,333,200,151,230,70,106,146,169,396,529,964,206,303,69,367,337,51,168,335,197,66,272,133,280,298,222,345,126,221
258,194,95,33,242,56,218,78,81,120,222,259,414,152,111,134,160,404,199,30,123,235,126,83,153,70,146,47,104,256,341,636,133,219,45,248,202,36,115,261,145,47,178,91,166,212,135,233,81,169
271,222,102,45,284,60,237,88,89,105,243,292,454,182,126,151,168,439,251,21,143,268,156,101,151,65,169,104,66,308,363,672,157,217,53,264,238,35,121,244,153,56,199,106,205,212,155,268,95,168
694,534,265,112,671,153,656,181,211,262,530,726,1211,396,329,320,428,1174,674,77,324,675,374,267,394,153,396,256,308,421,1004,1854,387,635,149,641,618,123,312,742,397,131,471,266,514,636,399,672,240,435
705,694,284,141,776,186,766,241,247,306,619,891,1351,471,399,380,559,1297,775,86,385,710,449,293,496,181,529,341,363,1004,576,2153,380,720,163,853,707,108,403,821,526,162,557,300,618,709,495,768,278,538
1193,1291,551,201,1444,305,1389,417,462,581,1153,1599,2477,917,703,786,993,2505,1414,171,814,1391,769,565,933,365,964,636,672,1854,2153,1995,768,1284,340,1539,1316,253,704,1530,982,260,1075,517,1133,1292,890,1482,527,921
237,237,115,38,280,64,294,90,85,121,229,292,491,184,127,151,177,502,268,33,142,265,150,108,182,77,206,133,157,387,380,768,58,269,50,274,259,51,133,296,187,53,223,108,221,250,174,299,104,189
522,406,198,76,472,109,441,161,154,199,392,541,906,313,260,284,336,870,481,61,248,469,258,170,291,104,303,219,217,635,720,1284,269,217,93,508,427,79,229,515,333,115,361,174,364,393,289,468,166,306
113,92,44,20,106,22,127,37,36,45,102,131,215,83,52,60,82,223,123,15,49,120,53,48,58,21,69,45,53,149,163,340,50,93,13,121,123,22,59,143,99,21,90,36,94,117,59,125,31,83
540,455,185,105,553,113,509,179,181,222,470,635,970,334,226,236,384,946,520,60,267,568,304,232,349,145,367,248,264,641,853,1539,274,508,121,274,513,91,279,583,362,101,428,182,425,509,341,554,216,350
460,403,187,82,460,95,403,137,159,225,391,511,871,277,247,272,368,895,491,69,248,449,262,178,314,129,337,202,238,618,707,1316,259,427,123,513,214,79,226,470,317,91,378,194,343,452,288,460,185,327
81,84,38,16,89,19,67,17,28,34,60,100,157,47,51,55,53,148,75,12,42,70,48,24,51,17,51,36,35,123,108,253,51,79,22,91,79,7,43,93,52,13,76,30,55,85,47,85,36,52
277,224,107,50,274,55,246,53,65,96,205,276,474,154,132,138,185,488,265,43,143,255,148,106,165,64,168,115,121,312,403,704,133,229,59,279,226,43,57,291,162,47,199,82,180,233,166,266,90,159
488,453,206,79,575,119,493,156,179,221,439,658,999,324,260,302,384,1027,519,76,302,535,327,195,334,128,335,261,244,742,821,1530,296,515,143,583,470,93,291,274,343,110,392,205,410,526,347,574,204,373
314,253,132,47,363,81,306,89,118,115,272,384,609,216,176,188,231,607,323,41,179,343,223,137,232,82,197,145,153,397,526,982,187,333,99,362,317,52,162,343,105,59,244,133,282,318,223,359,142,216
101,99,43,16,116,21,104,34,35,40,90,114,179,60,38,56,72,188,103,11,51,105,44,40,55,30,66,47,56,131,162,260,53,115,21,101,91,13,47,110,59,11,82,35,64,103,60,102,39,62
387,345,156,67,399,95,395,110,134,143,331,464,697,260,213,216,275,646,407,45,233,428,240,169,261,93,272,178,199,471,557,1075,223,361,90,428,378,76,199,392,244,82,115,158,302,390,259,400,135,269
172,175,77,35,209,39,201,66,70,80,165,216,346,125,89,111,139,314,189,16,109,177,94,82,129,46,133,91,106,266,300,517,108,174,36,182,194,30,82,205,133,35,158,31,157,169,123,218,52,129
442,325,153,53,421,74,357,103,129,175,345,464,740,250,222,228,279,733,421,55,203,418,245,147,260,106,280,166,205,514,618,1133,221,364,94,425,343,55,180,410,282,64,302,157,154,377,253,406,152,295
437,401,189,66,485,103,482,135,152,196,405,485,854,301,258,290,363,891,479,61,245,469,276,176,310,106,298,212,212,636,709,1292,250,393,117,509,452,85,233,526,318,103,390,169,377,223,283,432,192,318
371,285,111,39,320,64,301,89,101,149,260,367,598,199,165,176,223,562,362,36,181,348,199,130,199,87,222,135,155,399,495,890,174,289,59,341,288,47,166,347,223,60,259,123,253,283,93,350,121,208
524,473,185,75,549,118,512,157,166,221,414,620,980,346,290,284,373,982,520,61,259,512,334,211,315,120,345,233,268,672,768,1482,299,468,125,554,460,85,266,574,359,102,400,218,406,432,350,265,207,369
158,145,76,25,181,43,173,60,66,68,148,193,326,127,90,109,140,320,204,21,106,203,94,74,111,56,126,81,95,240,278,527,104,166,31,216,185,36,90,204,142,39,135,52,152,192,121,207,34,127
386,274,146,52,363,72,318,103,101,157,286,366,618,261,180,198,250,604,336,40,185,354,228,148,230,85,221,169,168,435,538,921,189,306,83,350,327,52,159,373,216,62,269,129,295,318,208,369,127,110
