261,507,223,87,550,103,480,183,171,238,450,513,825,394,297,344,361,841,540,73,345,556,373,226,362,159,390,284,281,625,730,1212,261,511,113,494,452,84,262,481,318,116,355,187,443,426,335,479,176,377
507,185,135,68,433,106,422,140,135,172,391,472,779,273,250,268,337,809,486,54,238,484,237,177,295,103,296,197,197,554,687,1279,243,452,97,469,384,73,250,462,322,89,345,148,327,471,236,479,149,282
223,135,35,35,196,42,220,52,75,76,169,220,363,130,95,103,140,347,195,31,115,191,122,77,122,45,124,106,78,244,294,567,101,187,47,206,182,24,85,199,130,35,152,70,153,194,117,215,79,142
87,68,35,3,86,11,66,32,33,43,77,84,137,63,54,56,65,137,94,9,53,81,48,33,67,33,62,46,44,121,131,220,52,83,25,90,76,14,46,94,47,16,68,33,72,81,59,84,38,55
550,433,196,86,257,94,490,163,173,237,446,578,935,344,271,295,377,970,529,69,295,545,269,205,360,156,371,216,247,696,784,1447,289,453,131,536,493,87,269,526,331,88,436,194,437,489,328,499,201,374
103,106,42,11,94,13,94,35,43,52,95,120,203,83,60,68,89,205,114,9,67,110,66,51,84,46,92,56,55,165,172,309,65,112,29,149,87,18,56,118,69,25,82,42,96,118,76,116,41,75
480,422,220,66,490,94,211,148,173,188,421,537,876,318,260,283,320,831,495,59,307,467,269,166,292,134,335,242,218,614,682,1381,275,421,120,504,440,90,234,492,359,113,374,187,344,430,321,453,178,307
183,140,52,32,163,35,148,29,43,61,120,174,262,103,97,100,106,267,160,17,80,162,96,59,91,35,101,80,74,196,221,405,82,162,33,167,159,26,80,178,88,26,123,56,130,133,103,165,53,104
171,135,75,33,173,43,173,43,29,70,132,182,297,124,85,87,137,299,175,28,104,183,74,61,95,44,101,79,68,204,241,466,86,176,42,172,176,22,69,181,99,31,124,59,125,151,116,178,65,93
238,172,76,43,237,52,188,61,70,50,174,207,350,152,116,136,140,369,203,27,127,211,131,95,139,62,157,97,105,271,276,535,106,211,54,232,216,34,87,198,130,37,133,94,181,198,133,195,83,154
450,391,169,77,446,95,421,120,132,174,171,457,723,300,264,270,312,757,417,63,250,435,266,184,289,108,314,208,229,611,602,1090,228,424,103,452,423,85,190,441,289,76,319,189,341,392,296,433,154,282
513,472,220,84,578,120,537,174,182,207,457,347,1067,361,284,318,405,1058,552,78,329,618,352,227,358,145,396,230,292,719,896,1694,322,550,118,633,553,94,305,596,353,117,446,205,445,533,351,603,224,376
825,779,363,137,935,203,876,262,297,350,723,1067,850,597,483,508,671,1530,910,119,506,953,557,360,564,223,596,433,466,1152,1366,2548,532,835,215,967,829,168,506,972,647,182,674,347,711,859,566,963,345,612
394,273,130,63,344,83,318,103,124,152,300,361,597,109,172,189,229,585,344,42,195,348,186,117,190,86,212,169,158,400,473,845,175,326,76,323,313,52,169,330,224,66,252,133,248,307,203,337,133,243
297,250,95,54,271,60,260,97,85,116,264,284,483,172,69,130,189,454,271,42,141,291,171,119,191,64,181,138,135,347,364,754,149,231,53,277,250,44,144,261,172,48,213,90,217,203,161,280,102,180
344,268,103,56,295,68,283,100,87,136,270,318,508,189,130,70,222,485,294,38,155,305,171,115,194,61,181,158,135,347,401,838,184,262,59,299,273,62,138,269,194,50,248,84,232,226,167,308,115,223
361,337,140,65,377,89,320,106,137,140,312,405,671,229,189,222,136,642,353,34,198,369,226,134,244,107,244,172,200,458,604,1066,220,356,84,380,354,59,176,369,254,83,276,143,284,345,242,385,146,254
841,809,347,137,970,205,831,267,299,369,757,1058,1530,585,454,485,642,842,931,113,506,915,554,348,583,225,625,414,445,1183,1450,2537,503,807,223,983,821,152,466,1018,601,208,706,354,744,829,556,947,365,575
540,486,195,94,529,114,495,160,175,203,417,552,910,344,271,294,353,931,268,69,311,492,284,197,356,139,363,256,236,646,753,1470,278,480,130,515,460,90,243,568,354,111,391,187,440,491,323,545,195,312
73,54,31,9,69,9,59,17,28,27,63,78,119,42,42,38,34,113,69,2,31,77,29,40,49,18,42,30,34,70,99,173,30,65,14,66,59,4,30,71,37,9,58,20,50,62,35,62,34,41
345,238,115,53,295,67,307,80,104,127,250,329,506,195,141,155,198,506,311,31,88,316,174,111,186,65,175,111,138,339,458,798,126,263,66,286,276,42,137,307,188,59,219,106,229,254,171,289,119,201
556,484,191,81,545,110,467,162,183,211,435,618,953,348,291,305,369,915,492,77,316,263,314,202,337,141,356,247,246,657,759,1455,270,488,121,504,479,86,249,567,363,93,384,196,443,459,322,537,195,358
373,237,122,48,269,66,269,96,74,131,266,352,557,186,171,171,226,554,284,29,174,314,93,120,188,76,202,123,139,357,449,825,167,270,64,294,288,47,153,294,188,60,214,115,226,272,193,316,117,181
226,177,77,33,205,51,166,59,61,95,184,227,360,117,119,115,134,348,197,40,111,202,120,21,122,39,125,96,95,250,302,550,109,180,49,226,189,46,102,208,146,39,167,80,148,202,125,206,81,134
362,295,122,67,360,84,292,91,95,139,289,358,564,190,191,194,244,583,356,49,186,337,188,122,112,80,234,147,161,416,512,935,195,324,78,300,308,49,164,365,237,77,251,126,238,330,203,350,116,229
159,103,45,33,156,46,134,35,44,62,108,145,223,86,64,61,107,225,139,18,65,141,76,39,80,10,72,63,55,160,195,373,88,141,38,138,120,21,65,146,94,33,103,47,93,136,75,129,58,93
390,296,124,62,371,92,335,101,101,157,314,396,596,212,181,181,244,625,363,42,175,356,202,125,234,72,113,169,153,432,492,990,206,306,94,345,291,63,166,341,227,68,265,128,250,364,201,349,130,226
284,197,106,46,216,56,242,80,79,97,208,230,433,169,138,158,172,414,256,30,111,247,123,96,147,63,169,58,117,269,377,645,127,217,57,236,215,32,96,239,133,43,180,87,186,216,137,224,99,182
281,197,78,44,247,55,218,74,68,105,229,292,466,158,135,135,200,445,236,34,138,246,139,95,161,55,153,117,70,290,366,722,139,223,56,261,252,48,118,241,167,59,206,92,192,235,149,254,89,175
625,554,244,121,696,165,614,196,204,271,611,719,1152,400,347,347,458,1183,646,70,339,657,357,250,416,160,432,269,290,386,998,1825,374,577,165,676,610,109,308,714,401,109,523,220,520,565,388,666,263,414
730,687,294,131,784,172,682,221,241,276,602,896,1366,473,364,401,604,1450,753,99,458,759,449,302,512,195,492,377,366,998,584,2176,447,745,177,834,674,118,398,832,522,156,535,273,575,725,480,752,297,497
1212,1279,567,220,1447,309,1381,405,466,535,1090,1694,2548,845,754,838,1066,2537,1470,173,798,1455,825,550,935,373,990,645,722,1825,2176,1998,784,1294,309,1502,1295,259,724,1542,957,299,1077,577,1142,1386,945,1522,519,908
261,243,101,52,289,65,275,82,86,106,228,322,532,175,149,184,220,503,278,30,126,270,167,109,195,88,206,127,139,374,447,784,73,262,67,294,243,42,134,288,180,57,202,112,222,256,190,279,105,180
511,452,187,83,453,112,421,162,176,211,424,550,835,326,231,262,356,807,480,65,263,488,270,180,324,141,306,217,223,577,745,1294,262,224,111,517,465,67,228,516,306,95,378,182,398,422,278,471,180,317
113,97,47,25,131,29,120,33,42,54,103,118,215,76,53,59,84,223,130,14,66,121,64,49,78,38,94,57,56,165,177,309,67,111,11,122,119,19,66,147,66,26,100,34,105,108,71,131,35,75
494,469,206,90,536,149,504,167,172,232,452,633,967,323,277,299,380,983,515,66,286,504,294,226,300,138,345,236,261,676,834,1502,294,517,122,268,507,82,252,568,337,106,392,208,393,517,311,550,194,365
452,384,182,76,493,87,440,159,176,216,423,553,829,313,250,273,354,821,460,59,276,479,288,189,308,120,291,215,252,610,674,1295,243,465,119,507,229,95,249,471,310,100,376,183,391,428,297,507,187,338
84,73,24,14,87,18,90,26,22,34,85,94,168,52,44,62,59,152,90,4,42,86,47,46,49,21,63,32,48,109,118,259,42,67,19,82,95,3,40,105,60,19,64,31,66,91,46,96,31,52
262,250,85,46,269,56,234,80,69,87,190,305,506,169,144,138,176,466,243,30,137,249,153,102,164,65,166,96,118,308,398,724,134,228,66,252,249,40,72,272,154,47,198,81,202,219,166,281,101,166
481,462,199,94,526,118,492,178,181,198,441,596,972,330,261,269,369,1018,568,71,307,567,294,208,365,146,341,239,241,714,832,1542,288,516,147,568,471,105,272,308,373,104,407,215,432,507,379,533,223,346
318,322,130,47,331,69,359,88,99,130,289,353,647,224,172,194,254,601,354,37,188,363,188,146,237,94,227,133,167,401,522,957,180,306,66,337,310,60,154,373,115,55,267,144,289,319,217,348,122,227
116,89,35,16,88,25,113,26,31,37,76,117,182,66,48,50,83,208,111,9,59,93,60,39,77,33,68,43,59,109,156,299,57,95,26,106,100,19,47,104,55,7,76,41,96,95,63,115,32,76
355,345,152,68,436,82,374,123,124,133,319,446,674,252,213,248,276,706,391,58,219,384,214,167,251,103,265,180,206,523,535,1077,202,378,100,392,376,64,198,407,267,76,148,132,315,346,222,413,134,282
187,148,70,33,194,42,187,56,59,94,189,205,347,133,90,84,143,354,187,20,106,196,115,80,126,47,128,87,92,220,273,577,112,182,34,208,183,31,81,215,144,41,132,34,153,174,111,208,76,135
443,327,153,72,437,96,344,130,125,181,341,445,711,248,217,232,284,744,440,50,229,443,226,148,238,93,250,186,192,520,575,1142,222,398,105,393,391,66,202,432,289,96,315,153,162,379,249,406,137,273
426,471,194,81,489,118,430,133,151,198,392,533,859,307,203,226,345,829,491,62,254,459,272,202,330,136,364,216,235,565,725,1386,256,422,108,517,428,91,219,507,319,95,346,174,379,217,273,498,179,325
335,236,117,59,328,76,321,103,116,133,296,351,566,203,161,167,242,556,323,35,171,322,193,125,203,75,201,137,149,388,480,945,190,278,71,311,297,46,166,379,217,63,222,111,249,273,100,326,118,227
479,479,215,84,499,116,453,165,178,195,433,603,963,337,280,308,385,947,545,62,289,537,316,206,350,129,349,224,254,666,752,1522,279,471,131,550,507,96,281,533,348,115,413,208,406,498,326,261,196,336
176,149,79,38,201,41,178,53,65,83,154,224,345,133,102,115,146,365,195,34,119,195,117,81,116,58,130,99,89,263,297,519,105,180,35,194,187,31,101,223,122,32,134,76,137,179,118,196,34,129
377,282,142,55,374,75,307,104,93,154,282,376,612,243,180,223,254,575,312,41,201,358,181,134,229,93,226,182,175,414,497,908,180,317,75,365,338,52,166,346,227,76,282,135,273,325,227,336,129,96
