271,433,231,81,493,107,469,188,184,222,435,498,822,365,323,330,391,816,522,71,326,521,353,194,366,154,375,268,281,607,686,1133,248,481,108,521,478,73,273,478,318,95,382,177,417,435,334,521,159,362
433,189,183,91,417,106,441,114,159,184,381,477,760,278,276,275,346,801,460,58,216,478,262,194,302,127,321,173,238,529,666,1254,249,392,101,413,399,63,200,470,273,93,370,186,348,388,272,490,178,299
231,183,45,27,235,44,181,49,67,87,160,217,368,125,101,112,157,369,211,29,113,208,121,74,130,43,123,90,98,252,314,596,109,210,49,201,178,36,110,216,142,42,143,71,160,187,110,199,89,115
81,91,27,5,62,19,73,26,23,33,57,89,150,49,58,66,51,144,104,8,63,90,47,30,51,21,60,49,42,114,129,216,41,77,15,84,76,9,45,73,51,23,67,32,63,72,56,91,13,52
493,417,235,62,251,106,439,163,165,214,426,570,952,336,292,291,383,962,517,52,274,510,299,208,334,120,360,247,253,645,789,1476,301,436,107,506,440,83,284,559,349,99,370,201,402,465,306,553,177,346
107,106,44,19,106,12,107,34,43,47,86,122,195,80,86,85,82,167,127,16,78,112,73,38,80,29,87,49,49,133,152,294,62,121,22,116,105,13,58,100,59,25,68,39,87,93,75,120,37,75
469,441,181,73,439,107,260,133,158,206,413,574,877,320,275,279,338,859,533,54,313,531,325,190,333,126,323,222,236,561,742,1331,253,437,115,525,446,94,241,512,324,114,383,174,359,431,298,489,173,320
188,114,49,26,163,34,133,18,42,79,115,156,257,86,92,90,117,274,161,22,70,159,85,57,96,39,92,75,71,187,237,424,84,135,39,169,147,20,73,160,95,24,104,59,102,135,101,171,62,134
184,159,67,23,165,43,158,42,30,76,134,222,314,102,95,115,137,305,189,21,85,162,106,51,116,32,110,67,75,206,235,465,97,150,42,178,145,28,92,204,121,31,153,67,109,138,94,173,62,99
222,184,87,33,214,47,206,79,76,43,180,194,364,143,95,112,143,396,234,22,115,220,118,83,152,45,136,102,111,243,308,528,104,208,50,220,221,32,97,251,131,39,163,77,179,179,137,189,72,146
435,381,160,57,426,86,413,115,134,180,186,473,780,278,207,234,298,809,443,44,252,429,259,194,309,122,314,208,234,536,628,1147,218,392,98,450,400,76,201,442,279,88,322,175,342,396,247,415,168,299
498,477,217,89,570,122,574,156,222,194,473,313,1061,329,290,285,419,1030,602,70,287,608,311,226,374,140,361,261,275,708,878,1564,315,532,132,635,504,85,278,636,347,127,442,209,449,553,339,586,221,362
822,760,368,150,952,195,877,257,314,364,780,1061,829,601,448,492,712,1428,885,121,510,937,542,380,599,231,590,411,449,1112,1395,2458,490,871,198,997,852,167,457,954,602,188,662,347,756,814,541,917,353,615
365,278,125,49,336,80,320,86,102,143,278,329,601,93,174,161,227,591,343,52,196,334,188,127,258,82,231,172,146,420,496,939,195,308,72,333,315,47,152,367,195,71,253,113,280,291,208,356,129,212
323,276,101,58,292,86,275,92,95,95,207,290,448,174,75,140,195,476,284,44,142,275,161,97,168,72,197,122,155,338,410,746,147,274,58,276,258,44,135,296,164,63,213,108,199,220,167,277,96,193
330,275,112,66,291,85,279,90,115,112,234,285,492,161,140,78,205,540,283,45,140,284,168,100,180,68,193,139,147,327,441,810,170,268,64,297,266,44,136,322,171,66,239,124,203,243,179,336,120,193
391,346,157,51,383,82,338,117,137,143,298,419,712,227,195,205,139,693,398,39,212,391,217,134,236,76,215,169,168,489,564,1016,215,326,92,355,325,45,184,435,236,61,285,132,268,304,244,365,136,242
816,801,369,144,962,167,859,274,305,396,809,1030,1428,591,476,540,693,795,915,117,516,932,530,338,601,219,589,416,443,1120,1398,2384,510,834,185,977,864,162,465,937,609,176,633,359,752,828,616,984,338,619
522,460,211,104,517,127,533,161,189,234,443,602,885,343,284,283,398,915,261,53,312,490,302,209,303,127,310,275,265,634,751,1384,262,470,117,557,510,89,253,532,311,106,381,188,412,467,321,523,184,351
71,58,29,8,52,16,54,22,21,22,44,70,121,52,44,45,39,117,53,3,38,55,46,33,46,16,44,22,27,93,85,194,39,50,10,58,62,8,31,66,52,12,61,20,50,71,46,67,21,34
326,216,113,63,274,78,313,70,85,115,252,287,510,196,142,140,212,516,312,38,66,301,171,98,181,79,187,128,139,362,431,820,134,261,69,273,281,44,133,265,188,56,200,116,225,282,170,296,94,176
521,478,208,90,510,112,531,159,162,220,429,608,937,334,275,284,391,932,490,55,301,278,297,228,341,128,320,283,283,660,759,1426,261,481,115,571,517,70,271,529,341,114,391,211,410,464,331,514,178,340
353,262,121,47,299,73,325,85,106,118,259,311,542,188,161,168,217,530,302,46,171,297,91,107,187,78,203,134,153,357,458,816,164,271,82,304,276,41,138,310,195,66,257,111,252,293,186,328,128,219
194,194,74,30,208,38,190,57,51,83,194,226,380,127,97,100,134,338,209,33,98,228,107,44,150,51,149,100,96,275,298,548,104,168,41,219,192,30,105,201,124,37,155,76,153,179,117,186,74,121
366,302,130,51,334,80,333,96,116,152,309,374,599,258,168,180,236,601,303,46,181,341,187,150,108,70,213,149,166,411,511,906,167,321,71,367,334,61,169,331,209,66,250,116,264,290,193,348,117,223
154,127,43,21,120,29,126,39,32,45,122,140,231,82,72,68,76,219,127,16,79,128,78,51,70,12,87,48,58,155,196,372,71,107,20,138,116,21,64,157,85,30,81,54,105,131,79,114,34,81
375,321,123,60,360,87,323,92,110,136,314,361,590,231,197,193,215,589,310,44,187,320,203,149,213,87,108,156,161,414,514,976,200,307,79,324,315,45,164,385,248,78,257,140,295,342,203,351,120,194
268,173,90,49,247,49,222,75,67,102,208,261,411,172,122,139,169,416,275,22,128,283,134,100,149,48,156,49,139,293,348,631,131,261,51,232,234,37,128,249,145,54,182,88,173,217,150,248,81,153
281,238,98,42,253,49,236,71,75,111,234,275,449,146,155,147,168,443,265,27,139,283,153,96,166,58,161,139,67,282,390,683,136,246,56,257,223,29,122,278,168,46,213,103,218,238,163,252,94,176
607,529,252,114,645,133,561,187,206,243,536,708,1112,420,338,327,489,1120,634,93,362,660,357,275,411,155,414,293,282,374,984,1844,380,574,133,669,609,108,298,708,442,125,455,236,497,615,419,661,230,456
686,666,314,129,789,152,742,237,235,308,628,878,1395,496,410,441,564,1398,751,85,431,759,458,298,511,196,514,348,390,984,559,2016,388,742,176,781,680,147,382,795,510,141,589,311,596,691,511,751,262,515
1133,1254,596,216,1476,294,1331,424,465,528,1147,1564,2458,939,746,810,1016,2384,1384,194,820,1426,816,548,906,372,976,631,683,1844,2016,1925,742,1347,332,1557,1325,240,702,1473,901,284,1051,529,1119,1269,860,1473,492,928
248,249,109,41,301,62,253,84,97,104,218,315,490,195,147,170,215,510,262,39,134,261,164,104,167,71,200,131,136,380,388,742,78,269,56,304,259,50,148,283,180,52,206,104,220,269,175,276,90,183
481,392,210,77,436,121,437,135,150,208,392,532,871,308,274,268,326,834,470,50,261,481,271,168,321,107,307,261,246,574,742,1347,269,234,99,476,429,69,205,495,309,100,352,174,352,433,293,494,168,332
108,101,49,15,107,22,115,39,42,50,98,132,198,72,58,64,92,185,117,10,69,115,82,41,71,20,79,51,56,133,176,332,56,99,13,108,107,19,59,132,73,26,90,51,94,94,61,126,38,86
521,413,201,84,506,116,525,169,178,220,450,635,997,333,276,297,355,977,557,58,273,571,304,219,367,138,324,232,257,669,781,1557,304,476,108,282,489,89,260,583,378,99,447,210,405,504,359,606,210,331
478,399,178,76,440,105,446,147,145,221,400,504,852,315,258,266,325,864,510,62,281,517,276,192,334,116,315,234,223,609,680,1325,259,429,107,489,229,74,253,485,303,104,377,188,384,452,311,501,188,301
73,63,36,9,83,13,94,20,28,32,76,85,167,47,44,44,45,162,89,8,44,70,41,30,61,21,45,37,29,108,147,240,50,69,19,89,74,7,40,91,38,15,70,38,62,100,64,93,33,41
273,200,110,45,284,58,241,73,92,97,201,278,457,152,135,136,184,465,253,31,133,271,138,105,169,64,164,128,122,298,382,702,148,205,59,260,253,40,61,274,166,48,200,89,208,209,166,275,87,155
478,470,216,73,559,100,512,160,204,251,442,636,954,367,296,322,435,937,532,66,265,529,310,201,331,157,385,249,278,708,795,1473,283,495,132,583,485,91,274,300,365,109,405,209,403,444,343,517,222,369
318,273,142,51,349,59,324,95,121,131,279,347,602,195,164,171,236,609,311,52,188,341,195,124,209,85,248,145,168,442,510,901,180,309,73,378,303,38,166,365,114,77,277,126,271,294,212,336,117,227
95,93,42,23,99,25,114,24,31,39,88,127,188,71,63,66,61,176,106,12,56,114,66,37,66,30,78,54,46,125,141,284,52,100,26,99,104,15,48,109,77,9,85,30,78,97,78,118,40,59
382,370,143,67,370,68,383,104,153,163,322,442,662,253,213,239,285,633,381,61,200,391,257,155,250,81,257,182,213,455,589,1051,206,352,90,447,377,70,200,405,277,85,136,156,327,381,257,411,155,283
177,186,71,32,201,39,174,59,67,77,175,209,347,113,108,124,132,359,188,20,116,211,111,76,116,54,140,88,103,236,311,529,104,174,51,210,188,38,89,209,126,30,156,33,151,193,122,196,68,136
417,348,160,63,402,87,359,102,109,179,342,449,756,280,199,203,268,752,412,50,225,410,252,153,264,105,295,173,218,497,596,1119,220,352,94,405,384,62,208,403,271,78,327,151,159,334,269,400,157,270
435,388,187,72,465,93,431,135,138,179,396,553,814,291,220,243,304,828,467,71,282,464,293,179,290,131,342,217,238,615,691,1269,269,433,94,504,452,100,209,444,294,97,381,193,334,214,283,472,188,327
334,272,110,56,306,75,298,101,94,137,247,339,541,208,167,179,244,616,321,46,170,331,186,117,193,79,203,150,163,419,511,860,175,293,61,359,311,64,166,343,212,78,257,122,269,283,123,325,106,202
521,490,199,91,553,120,489,171,173,189,415,586,917,356,277,336,365,984,523,67,296,514,328,186,348,114,351,248,252,661,751,1473,276,494,126,606,501,93,275,517,336,118,411,196,400,472,325,263,175,370
159,178,89,13,177,37,173,62,62,72,168,221,353,129,96,120,136,338,184,21,94,178,128,74,117,34,120,81,94,230,262,492,90,168,38,210,188,33,87,222,117,40,155,68,157,188,106,175,39,130
362,299,115,52,346,75,320,134,99,146,299,362,615,212,193,193,242,619,351,34,176,340,219,121,223,81,194,153,176,456,515,928,183,332,86,331,301,41,155,369,227,59,283,136,270,327,202,370,130,115
