258,446,242,84,497,115,473,217,177,249,450,489,853,379,305,323,382,827,508,75,327,515,359,196,397,144,363,310,336,596,723,1205,246,436,97,516,455,87,261,460,315,108,360,167,429,408,335,480,169,366
446,190,155,81,429,98,413,112,141,188,385,457,811,274,237,228,325,844,467,53,221,428,237,167,267,107,264,232,205,514,632,1232,235,405,96,497,386,78,215,461,306,84,364,160,298,424,245,450,167,285
242,155,34,29,202,40,187,49,72,75,159,221,367,128,105,94,163,331,230,30,100,227,106,81,119,50,148,93,93,249,320,568,101,184,41,252,163,31,94,202,122,43,172,70,139,194,112,204,80,140
84,81,29,10,77,22,84,28,34,38,66,81,135,70,36,61,75,139,94,10,47,88,61,38,69,20,57,43,48,108,123,200,44,75,17,91,73,15,53,73,60,15,69,25,68,74,49,88,23,55
497,429,202,77,276,116,503,170,170,194,416,556,909,317,285,307,407,923,539,60,271,510,332,195,317,126,352,235,239,660,725,1426,265,493,116,553,440,90,279,528,349,130,414,193,420,457,337,553,199,351
115,98,40,22,116,12,103,38,46,49,85,113,181,78,61,71,92,177,110,17,66,111,90,42,85,33,75,64,63,144,152,274,55,105,18,120,90,16,55,99,69,17,83,43,80,98,74,100,24,74
473,413,187,84,503,103,201,138,165,173,390,548,877,279,269,289,350,837,472,57,263,462,295,171,307,137,318,230,228,587,700,1348,267,444,92,511,412,94,243,506,298,104,387,183,350,449,301,480,171,325
217,112,49,28,170,38,138,25,47,65,130,171,270,75,88,89,118,266,148,24,70,163,98,54,102,29,85,68,74,183,240,436,84,131,46,160,147,26,64,176,84,36,131,57,131,137,87,165,55,123
177,141,72,34,170,46,165,47,25,66,151,200,304,117,86,91,140,302,193,22,85,197,90,65,105,51,129,94,76,202,245,428,78,184,40,178,183,21,79,150,118,33,134,49,129,172,122,151,76,113
249,188,75,38,194,49,173,65,66,47,167,246,342,142,139,127,148,334,226,25,126,212,130,89,156,61,140,103,99,245,326,588,126,191,38,214,186,36,92,195,116,43,164,74,162,206,139,226,72,121
450,385,159,66,416,85,390,130,151,167,192,495,740,274,223,229,303,706,466,56,258,464,266,180,299,120,296,196,185,515,618,1158,232,383,88,490,392,71,180,428,260,79,334,155,329,405,286,451,144,283
489,457,221,81,556,113,548,171,200,246,495,303,1017,370,289,309,411,1042,558,69,281,571,328,224,377,166,395,277,255,665,850,1598,305,525,134,600,522,97,279,584,401,116,443,210,444,506,368,535,194,353
853,811,367,135,909,181,877,270,304,342,740,1017,799,609,483,485,676,1444,926,100,507,946,530,366,631,244,620,420,434,1116,1303,2424,459,799,195,997,810,177,463,940,563,180,662,371,735,826,603,872,298,611
379,274,128,70,317,78,279,75,117,142,274,370,609,91,190,189,243,610,330,41,216,316,204,129,222,91,197,143,169,422,473,909,194,303,67,333,286,45,159,342,207,65,255,117,256,275,223,342,129,207
305,237,105,36,285,61,269,88,86,139,223,289,483,190,68,132,192,489,252,32,138,281,147,127,171,61,179,120,131,300,407,737,119,257,54,254,257,45,136,327,163,55,185,96,220,273,165,251,99,198
323,228,94,61,307,71,289,89,91,127,229,309,485,189,132,85,224,513,268,23,151,302,155,121,186,58,173,147,146,335,436,812,134,302,66,296,282,50,152,322,194,59,226,107,220,276,182,280,110,193
382,325,163,75,407,92,350,118,140,148,303,411,676,243,192,224,149,653,366,43,199,375,246,153,252,96,251,182,205,473,534,997,193,365,88,353,338,62,170,381,228,82,279,129,287,328,242,381,135,263
827,844,331,139,923,177,837,266,302,334,706,1042,1444,610,489,513,653,778,930,107,499,959,559,384,636,217,612,407,459,1071,1304,2358,469,801,194,995,825,158,455,988,579,194,635,369,745,814,598,894,312,582
508,467,230,94,539,110,472,148,193,226,466,558,926,330,252,268,366,930,237,62,276,462,322,209,332,138,334,219,281,650,755,1476,280,464,125,556,459,88,235,539,328,92,398,202,423,446,317,533,203,358
75,53,30,10,60,17,57,24,22,25,56,69,100,41,32,23,43,107,62,4,34,59,32,20,46,9,29,26,25,79,127,167,21,53,11,56,61,13,24,64,41,14,52,28,58,73,44,62,24,33
327,221,100,47,271,66,263,70,85,126,258,281,507,216,138,151,199,499,276,34,85,298,153,125,159,52,178,138,121,348,399,788,130,244,57,306,255,48,149,271,174,55,195,99,213,265,177,285,107,173
515,428,227,88,510,111,462,163,197,212,464,571,946,316,281,302,375,959,462,59,298,235,321,196,329,118,301,239,252,682,787,1500,293,516,118,571,466,88,275,540,365,97,398,177,400,481,327,552,190,342
359,237,106,61,332,90,295,98,90,130,266,328,530,204,147,155,246,559,322,32,153,321,102,138,176,72,189,129,151,387,429,828,156,322,66,323,292,40,179,327,201,63,236,103,253,287,195,304,101,215
196,167,81,38,195,42,171,54,65,89,180,224,366,129,127,121,153,384,209,20,125,196,138,37,122,55,136,90,107,261,306,542,114,171,63,222,175,35,105,204,134,30,148,78,169,182,141,209,72,146
397,267,119,69,317,85,307,102,105,156,299,377,631,222,171,186,252,636,332,46,159,329,176,122,92,89,207,164,132,400,474,898,177,306,89,382,297,54,154,331,222,59,264,115,246,322,210,321,130,209
144,107,50,20,126,33,137,29,51,61,120,166,244,91,61,58,96,217,138,9,52,118,72,55,89,15,85,79,55,150,179,319,56,130,37,134,131,24,65,133,87,26,82,46,95,109,74,137,46,94
363,264,148,57,352,75,318,85,129,140,296,395,620,197,179,173,251,612,334,29,178,301,189,136,207,85,109,157,141,385,478,898,165,312,96,355,322,51,153,335,248,71,270,134,245,326,212,351,135,228
310,232,93,43,235,64,230,68,94,103,196,277,420,143,120,147,182,407,219,26,138,239,129,90,164,79,157,54,117,307,338,674,139,250,52,256,216,36,136,224,157,46,170,91,188,207,145,210,81,171
336,205,93,48,239,63,228,74,76,99,185,255,434,169,131,146,205,459,281,25,121,252,151,107,132,55,141,117,46,319,380,714,142,246,74,290,237,37,113,259,188,51,205,79,198,239,142,239,91,161
596,514,249,108,660,144,587,183,202,245,515,665,1116,422,300,335,473,1071,650,79,348,682,387,261,400,150,385,307,319,391,964,1760,349,591,160,706,582,105,310,699,403,134,487,256,507,595,407,666,247,455
723,632,320,123,725,152,700,240,245,326,618,850,1303,473,407,436,534,1304,755,127,399,787,429,306,474,179,478,338,380,964,571,2043,402,716,169,796,665,146,380,764,474,135,599,269,601,695,463,777,281,503
1205,1232,568,200,1426,274,1348,436,428,588,1158,1598,2424,909,737,812,997,2358,1476,167,788,1500,828,542,898,319,898,674,714,1760,2043,1841,690,1246,317,1476,1265,250,693,1474,891,262,988,500,1102,1263,869,1414,477,984
246,235,101,44,265,55,267,84,78,126,232,305,459,194,119,134,193,469,280,21,130,293,156,114,177,56,165,139,142,349,402,690,58,233,71,313,259,39,117,287,192,55,216,97,204,244,156,286,93,193
436,405,184,75,493,105,444,131,184,191,383,525,799,303,257,302,365,801,464,53,244,516,322,171,306,130,312,250,246,591,716,1246,233,235,97,470,431,82,227,522,310,112,359,203,361,396,288,489,173,331
97,96,41,17,116,18,92,46,40,38,88,134,195,67,54,66,88,194,125,11,57,118,66,63,89,37,96,52,74,160,169,317,71,97,9,113,108,23,59,120,72,31,77,34,95,96,66,121,39,81
516,497,252,91,553,120,511,160,178,214,490,600,997,333,254,296,353,995,556,56,306,571,323,222,382,134,355,256,290,706,796,1476,313,470,113,281,486,101,246,565,349,115,423,177,445,521,329,541,193,357
455,386,163,73,440,90,412,147,183,186,392,522,810,286,257,282,338,825,459,61,255,466,292,175,297,131,322,216,237,582,665,1265,259,431,108,486,183,78,245,494,331,93,377,179,358,437,286,452,186,304
87,78,31,15,90,16,94,26,21,36,71,97,177,45,45,50,62,158,88,13,48,88,40,35,54,24,51,36,37,105,146,250,39,82,23,101,78,7,43,83,69,17,69,26,68,94,44,92,30,69
261,215,94,53,279,55,243,64,79,92,180,279,463,159,136,152,170,455,235,24,149,275,179,105,154,65,153,136,113,310,380,693,117,227,59,246,245,43,56,302,156,65,193,89,202,230,130,258,85,165
460,461,202,73,528,99,506,176,150,195,428,584,940,342,327,322,381,988,539,64,271,540,327,204,331,133,335,224,259,699,764,1474,287,522,120,565,494,83,302,269,343,102,379,191,409,508,332,546,179,369
315,306,122,60,349,69,298,84,118,116,260,401,563,207,163,194,228,579,328,41,174,365,201,134,222,87,248,157,188,403,474,891,192,310,72,349,331,69,156,343,106,70,269,123,253,287,198,368,111,220
108,84,43,15,130,17,104,36,33,43,79,116,180,65,55,59,82,194,92,14,55,97,63,30,59,26,71,46,51,134,135,262,55,112,31,115,93,17,65,102,70,13,82,43,82,91,69,109,53,56
360,364,172,69,414,83,387,131,134,164,334,443,662,255,185,226,279,635,398,52,195,398,236,148,264,82,270,170,205,487,599,988,216,359,77,423,377,69,193,379,269,82,146,138,343,338,243,374,135,263
167,160,70,25,193,43,183,57,49,74,155,210,371,117,96,107,129,369,202,28,99,177,103,78,115,46,134,91,79,256,269,500,97,203,34,177,179,26,89,191,123,43,138,33,162,167,117,190,64,130
429,298,139,68,420,80,350,131,129,162,329,444,735,256,220,220,287,745,423,58,213,400,253,169,246,95,245,188,198,507,601,1102,204,361,95,445,358,68,202,409,253,82,343,162,174,368,266,376,153,261
408,424,194,74,457,98,449,137,172,206,405,506,826,275,273,276,328,814,446,73,265,481,287,182,322,109,326,207,239,595,695,1263,244,396,96,521,437,94,230,508,287,91,338,167,368,207,299,525,188,314
335,245,112,49,337,74,301,87,122,139,286,368,603,223,165,182,242,598,317,44,177,327,195,141,210,74,212,145,142,407,463,869,156,288,66,329,286,44,130,332,198,69,243,117,266,299,95,317,120,208
480,450,204,88,553,100,480,165,151,226,451,535,872,342,251,280,381,894,533,62,285,552,304,209,321,137,351,210,239,666,777,1414,286,489,121,541,452,92,258,546,368,109,374,190,376,525,317,253,183,320
169,167,80,23,199,24,171,55,76,72,144,194,298,129,99,110,135,312,203,24,107,190,101,72,130,46,135,81,91,247,281,477,93,173,39,193,186,30,85,179,111,53,135,64,153,188,120,183,40,112
366,285,140,55,351,74,325,123,113,121,283,353,611,207,198,193,263,582,358,33,173,342,215,146,209,94,228,171,161,455,503,984,193,331,81,357,304,69,165,369,220,56,263,130,261,314,208,320,112,114
