266,478,228,93,503,119,480,197,176,262,471,532,842,358,311,337,349,818,524,73,353,526,361,213,369,169,394,287,295,595,696,1196,238,497,124,533,495,87,250,491,318,110,372,205,452,428,338,499,153,418
478,199,181,81,447,112,451,124,134,169,397,518,825,280,220,213,294,804,438,49,221,463,261,173,290,110,309,200,187,526,660,1258,236,420,101,471,454,64,230,474,273,72,343,144,369,396,279,505,177,278
228,181,33,35,185,50,200,62,62,69,166,204,347,138,108,100,173,352,228,24,93,224,127,72,129,49,134,79,96,243,314,585,124,188,43,229,195,31,89,229,130,35,164,79,160,178,120,197,84,130
93,81,35,4,79,22,80,26,30,33,76,100,156,54,58,57,59,142,87,11,39,88,49,26,58,31,66,56,55,104,128,191,46,82,26,87,86,16,45,95,46,21,67,34,73,80,55,79,34,58
503,447,185,79,269,103,479,150,158,183,396,582,951,309,256,272,382,916,520,50,290,509,300,186,345,129,358,231,228,631,825,1469,290,484,121,552,507,80,253,558,337,97,367,185,397,445,304,539,189,352
119,112,50,22,103,19,102,36,41,51,108,134,213,74,71,88,81,200,101,15,58,106,58,45,69,29,79,64,65,119,171,277,60,108,33,127,125,19,56,128,73,24,85,34,81,119,77,111,44,95
480,451,200,80,479,102,226,150,145,219,442,581,910,300,293,291,354,850,482,70,230,452,307,179,323,124,294,257,235,616,726,1402,294,445,98,553,480,73,246,544,332,100,352,176,365,467,311,473,190,354
197,124,62,26,150,36,150,17,45,64,126,172,271,125,76,82,128,294,177,24,83,175,73,61,98,28,91,60,76,179,225,395,80,145,36,152,144,20,61,162,97,17,126,48,97,121,80,151,46,107
176,134,62,30,158,41,145,45,29,72,154,180,290,111,87,92,133,283,185,21,90,164,108,52,113,43,117,66,80,184,229,456,83,157,39,186,160,24,82,162,99,34,123,59,108,138,104,159,53,121
262,169,69,33,183,51,219,64,72,45,150,229,360,127,127,125,149,344,214,17,104,222,145,82,149,60,143,109,113,258,304,520,118,186,41,215,192,35,87,186,142,45,154,85,178,192,128,229,83,156
471,397,166,76,396,108,442,126,154,150,172,463,737,282,240,245,313,749,462,48,247,473,261,193,264,121,290,227,208,517,661,1125,235,392,109,470,428,67,196,444,285,92,345,165,344,376,267,454,156,322
532,518,204,100,582,134,581,172,180,229,463,325,1029,363,255,294,406,1070,575,70,285,598,316,219,412,149,396,250,304,744,933,1695,315,550,123,549,506,100,312,645,378,108,430,230,465,536,366,575,207,362
842,825,347,156,951,213,910,271,290,360,737,1029,793,576,479,532,686,1476,975,119,472,934,523,344,546,205,585,427,482,1169,1456,2532,476,870,183,986,810,154,475,964,606,203,660,338,696,883,576,869,334,628
358,280,138,54,309,74,300,125,111,127,282,363,576,119,179,176,223,598,303,41,176,334,191,142,211,88,235,159,182,389,466,868,189,271,79,363,326,46,149,346,203,57,259,115,273,304,213,321,124,214
311,220,108,58,256,71,293,76,87,127,240,255,479,179,73,143,190,509,252,26,173,274,142,101,157,63,159,132,124,310,392,692,129,231,75,287,261,51,123,256,164,47,214,97,201,226,151,283,110,169
337,213,100,57,272,88,291,82,92,125,245,294,532,176,143,77,191,565,294,31,161,297,162,96,165,63,160,130,133,328,427,829,160,274,68,289,279,44,127,279,191,46,229,98,228,271,155,301,127,177
349,294,173,59,382,81,354,128,133,149,313,406,686,223,190,191,131,665,346,43,204,372,203,146,241,109,258,191,158,442,519,1043,195,349,88,389,346,63,181,413,227,74,272,147,307,345,232,381,138,230
818,804,352,142,916,200,850,294,283,344,749,1070,1476,598,509,565,665,837,944,108,513,915,522,364,579,203,559,400,469,1134,1388,2468,487,884,196,975,826,160,501,948,597,203,673,352,688,889,598,893,360,619
524,438,228,87,520,101,482,177,185,214,462,575,975,303,252,294,346,944,268,68,326,482,277,197,346,140,356,234,261,641,767,1470,278,481,121,498,474,101,262,595,330,81,398,186,432,498,352,530,208,346
73,49,24,11,50,15,70,24,21,17,48,70,119,41,26,31,43,108,68,0,28,64,25,22,31,19,39,26,32,90,102,191,41,56,19,65,53,5,32,80,35,14,55,23,41,60,34,73,25,42
353,221,93,39,290,58,230,83,90,104,247,285,472,176,173,161,204,513,326,28,70,308,167,116,165,58,180,129,136,348,438,772,166,268,63,298,239,54,137,307,182,70,230,121,233,246,182,297,105,180
526,463,224,88,509,106,452,175,164,222,473,598,934,334,274,297,372,915,482,64,308,280,295,191,353,136,356,248,259,651,788,1461,323,519,113,575,485,74,261,579,325,93,397,184,433,473,326,542,193,364
361,261,127,49,300,58,307,73,108,145,261,316,523,191,142,162,203,522,277,25,167,295,75,105,181,74,182,169,142,371,435,791,182,278,66,322,267,48,127,302,186,51,220,120,214,286,172,334,101,211
213,173,72,26,186,45,179,61,52,82,193,219,344,142,101,96,146,364,197,22,116,191,105,33,130,57,129,87,104,268,304,576,105,169,56,233,177,28,86,229,116,33,161,83,155,185,111,205,70,130
369,290,129,58,345,69,323,98,113,149,264,412,546,211,157,165,241,579,346,31,165,353,181,130,103,68,220,147,159,394,495,933,162,299,75,343,316,62,178,345,215,64,239,124,257,330,177,341,121,209
169,110,49,31,129,29,124,28,43,60,121,149,205,88,63,63,109,203,140,19,58,136,74,57,68,17,74,64,66,171,212,328,66,123,31,134,138,18,64,139,77,30,94,47,90,108,80,135,33,107
394,309,134,66,358,79,294,91,117,143,290,396,585,235,159,160,258,559,356,39,180,356,182,129,220,74,124,155,165,449,536,926,206,306,79,343,331,46,155,367,225,75,271,129,273,319,205,343,125,257
287,200,79,56,231,64,257,60,66,109,227,250,427,159,132,130,191,400,234,26,129,248,169,87,147,64,155,47,122,291,345,639,133,250,47,244,237,39,134,255,147,55,177,79,202,218,145,237,82,143
295,187,96,55,228,65,235,76,80,113,208,304,482,182,124,133,158,469,261,32,136,259,142,104,159,66,165,122,60,310,392,684,150,230,56,254,254,42,109,246,161,52,199,89,193,223,148,279,100,154
595,526,243,104,631,119,616,179,184,258,517,744,1169,389,310,328,442,1134,641,90,348,651,371,268,394,171,449,291,310,395,984,1805,386,645,148,706,596,104,311,674,429,134,463,214,530,592,392,662,262,457
696,660,314,128,825,171,726,225,229,304,661,933,1456,466,392,427,519,1388,767,102,438,788,435,304,495,212,536,345,392,984,587,2163,425,689,169,806,719,140,367,819,523,148,593,268,624,734,489,811,293,516
1196,1258,585,191,1469,277,1402,395,456,520,1125,1695,2532,868,692,829,1043,2468,1470,191,772,1461,791,576,933,328,926,639,684,1805,2163,1995,756,1266,271,1584,1288,241,717,1517,975,315,1052,550,1142,1310,920,1410,479,939
238,236,124,46,290,60,294,80,83,118,235,315,476,189,129,160,195,487,278,41,166,323,182,105,162,66,206,133,150,386,425,756,68,250,54,308,262,52,130,298,179,49,205,107,241,268,148,283,80,180
497,420,188,82,484,108,445,145,157,186,392,550,870,271,231,274,349,884,481,56,268,519,278,169,299,123,306,250,230,645,689,1266,250,225,120,513,438,74,230,525,309,93,378,157,385,429,289,472,176,313
124,101,43,26,121,33,98,36,39,41,109,123,183,79,75,68,88,196,121,19,63,113,66,56,75,31,79,47,56,148,169,271,54,120,13,112,109,18,53,109,91,32,88,41,98,97,73,92,52,65
533,471,229,87,552,127,553,152,186,215,470,549,986,363,287,289,389,975,498,65,298,575,322,233,343,134,343,244,254,706,806,1584,308,513,112,290,507,88,251,604,354,105,385,243,440,529,366,579,203,370
495,454,195,86,507,125,480,144,160,192,428,506,810,326,261,279,346,826,474,53,239,485,267,177,316,138,331,237,254,596,719,1288,262,438,109,507,220,64,258,514,294,86,348,170,384,436,294,477,160,336
87,64,31,16,80,19,73,20,24,35,67,100,154,46,51,44,63,160,101,5,54,74,48,28,62,18,46,39,42,104,140,241,52,74,18,88,64,7,34,104,53,19,64,35,54,76,57,91,25,64
250,230,89,45,253,56,246,61,82,87,196,312,475,149,123,127,181,501,262,32,137,261,127,86,178,64,155,134,109,311,367,717,130,230,53,251,258,34,56,284,182,42,208,94,186,244,160,288,85,167
491,474,229,95,558,128,544,162,162,186,444,645,964,346,256,279,413,948,595,80,307,579,302,229,345,139,367,255,246,674,819,1517,298,525,109,604,514,104,284,297,334,135,410,200,413,509,341,565,198,389
318,273,130,46,337,73,332,97,99,142,285,378,606,203,164,191,227,597,330,35,182,325,186,116,215,77,225,147,161,429,523,975,179,309,91,354,294,53,182,334,119,67,261,118,244,333,203,361,128,254
110,72,35,21,97,24,100,17,34,45,92,108,203,57,47,46,74,203,81,14,70,93,51,33,64,30,75,55,52,134,148,315,49,93,32,105,86,19,42,135,67,13,81,35,79,93,61,110,51,84
372,343,164,67,367,85,352,126,123,154,345,430,660,259,214,229,272,673,398,55,230,397,220,161,239,94,271,177,199,463,593,1052,205,378,88,385,348,64,208,410,261,81,113,144,311,353,257,371,142,256
205,144,79,34,185,34,176,48,59,85,165,230,338,115,97,98,147,352,186,23,121,184,120,83,124,47,129,79,89,214,268,550,107,157,41,243,170,35,94,200,118,35,144,38,146,173,134,209,71,151
452,369,160,73,397,81,365,97,108,178,344,465,696,273,201,228,307,688,432,41,233,433,214,155,257,90,273,202,193,530,624,1142,241,385,98,440,384,54,186,413,244,79,311,146,166,380,231,390,148,276
428,396,178,80,445,119,467,121,138,192,376,536,883,304,226,271,345,889,498,60,246,473,286,185,330,108,319,218,223,592,734,1310,268,429,97,529,436,76,244,509,333,93,353,173,380,216,295,479,162,308
338,279,120,55,304,77,311,80,104,128,267,366,576,213,151,155,232,598,352,34,182,326,172,111,177,80,205,145,148,392,489,920,148,289,73,366,294,57,160,341,203,61,257,134,231,295,100,309,127,225
499,505,197,79,539,111,473,151,159,229,454,575,869,321,283,301,381,893,530,73,297,542,334,205,341,135,343,237,279,662,811,1410,283,472,92,579,477,91,288,565,361,110,371,209,390,479,309,265,178,371
153,177,84,34,189,44,190,46,53,83,156,207,334,124,110,127,138,360,208,25,105,193,101,70,121,33,125,82,100,262,293,479,80,176,52,203,160,25,85,198,128,51,142,71,148,162,127,178,33,124
418,278,130,58,352,95,354,107,121,156,322,362,628,214,169,177,230,619,346,42,180,364,211,130,209,107,257,143,154,457,516,939,180,313,65,370,336,64,167,389,254,84,256,151,276,308,225,371,124,105
