248,430,205,92,494,119,461,184,141,253,413,475,772,364,295,317,341,768,507,83,314,503,327,197,333,154,382,284,311,618,693,1077,228,499,91,511,483,89,271,451,324,112,361,172,421,385,310,478,144,382
430,191,156,68,427,90,422,119,162,196,371,470,804,267,227,263,301,796,426,58,237,435,275,154,274,116,269,207,203,526,702,1219,206,402,102,447,410,62,221,492,328,94,331,170,365,430,267,495,173,298
205,156,35,33,213,45,181,48,67,91,179,242,339,102,109,125,135,349,212,28,111,225,111,77,120,45,126,84,86,246,327,580,117,195,51,221,185,38,108,208,131,52,143,80,151,190,110,216,77,130
92,68,33,7,83,21,81,31,28,42,80,81,130,65,47,55,56,145,90,9,49,86,60,32,48,22,67,46,46,116,120,215,42,83,17,96,73,13,56,77,50,20,57,38,72,71,57,88,29,59
494,427,213,83,262,110,489,153,179,216,434,578,886,288,257,295,396,860,507,46,285,505,310,192,304,123,334,230,281,649,747,1342,255,492,108,550,514,85,265,524,348,96,339,171,401,501,303,516,182,367
119,90,45,21,110,15,106,35,38,61,102,108,192,85,56,68,69,196,110,17,66,112,76,39,68,29,79,62,69,148,161,299,49,114,16,130,97,23,56,106,77,25,72,40,93,102,76,108,34,85
461,422,181,81,489,106,240,142,144,207,375,536,848,302,244,298,332,844,510,50,256,492,328,206,327,133,344,211,258,626,696,1291,239,426,111,495,435,81,239,496,328,102,374,195,370,431,319,507,176,329
184,119,48,31,153,35,142,24,48,79,144,158,285,91,88,79,115,286,147,20,86,152,96,59,97,37,84,58,72,202,197,427,77,141,32,167,156,28,81,140,87,29,109,50,112,142,109,188,62,100
141,162,67,28,179,38,144,48,27,72,151,172,291,109,85,77,106,278,168,16,66,184,120,70,116,47,111,80,84,195,240,419,83,164,31,160,168,34,85,184,133,31,108,46,126,155,99,167,61,99
253,196,91,42,216,61,207,79,72,45,167,213,353,129,110,145,157,364,229,23,119,217,125,84,148,63,137,92,94,261,328,528,122,208,45,216,216,31,108,228,151,47,144,101,156,170,131,233,80,143
413,371,179,80,434,102,375,144,151,167,165,507,736,286,234,275,304,758,451,54,227,457,261,183,300,118,288,203,216,547,633,1152,253,422,96,460,455,68,211,410,287,76,345,177,333,413,288,440,145,280
475,470,242,81,578,108,536,158,172,213,507,297,975,364,313,309,408,938,576,78,325,597,319,207,357,151,382,227,281,655,796,1555,296,484,146,592,493,109,282,545,357,113,444,226,450,515,343,575,226,398
772,804,339,130,886,192,848,285,291,353,736,975,798,577,499,477,622,1393,906,100,490,891,581,382,590,252,626,446,468,1129,1359,2395,471,820,196,960,801,159,440,916,579,197,694,307,714,808,576,931,336,662
364,267,102,65,288,85,302,91,109,129,286,364,577,97,151,181,249,575,344,40,183,332,193,117,195,84,220,121,160,403,544,910,163,298,74,324,337,54,169,361,230,61,248,132,236,309,182,348,132,242
295,227,109,47,257,56,244,88,85,110,234,313,499,151,73,127,197,490,257,28,137,231,147,92,182,61,157,123,124,351,408,807,159,235,55,268,259,40,125,272,187,46,195,92,214,254,177,296,113,168
317,263,125,55,295,68,298,79,77,145,275,309,477,181,127,85,189,497,288,30,154,286,171,117,193,73,194,140,140,381,439,827,183,265,55,272,269,50,130,297,196,60,224,115,234,280,178,291,119,193
341,301,135,56,396,69,332,115,106,157,304,408,622,249,197,189,119,598,341,56,226,390,242,159,243,87,246,155,190,471,504,1033,202,352,68,348,346,65,185,411,225,91,245,151,334,324,262,351,146,237
768,796,349,145,860,196,844,286,278,364,758,938,1393,575,490,497,598,769,910,118,507,921,558,374,562,232,616,432,438,1085,1359,2408,471,856,198,943,786,156,436,908,571,181,670,314,698,802,558,839,321,616
507,426,212,90,507,110,510,147,168,229,451,576,906,344,257,288,341,910,245,57,292,483,319,208,310,119,362,245,241,649,753,1411,276,499,124,517,495,76,256,512,357,113,335,170,396,445,325,567,208,346
83,58,28,9,46,17,50,20,16,23,54,78,100,40,28,30,56,118,57,4,32,56,37,25,47,10,34,22,27,88,111,172,38,50,15,58,57,14,33,63,38,14,48,25,47,53,43,76,24,44
314,237,111,49,285,66,256,86,66,119,227,325,490,183,137,154,226,507,292,32,85,293,152,124,181,71,204,129,138,317,446,726,144,259,63,320,281,48,130,338,185,53,227,103,221,242,176,299,102,164
503,435,225,86,505,112,492,152,184,217,457,597,891,332,231,286,390,921,483,56,293,249,305,213,324,119,364,249,276,632,766,1392,271,525,125,517,476,80,269,566,335,111,333,192,381,450,356,568,195,352
327,275,111,60,310,76,328,96,120,125,261,319,581,193,147,171,242,558,319,37,152,305,77,114,185,71,164,121,157,378,466,854,151,280,83,294,285,47,169,317,212,55,217,111,237,286,175,306,121,205
197,154,77,32,192,39,206,59,70,84,183,207,382,117,92,117,159,374,208,25,124,213,114,35,126,44,129,84,125,250,326,558,115,191,54,222,187,34,108,222,130,57,157,92,163,196,135,225,71,144
333,274,120,48,304,68,327,97,116,148,300,357,590,195,182,193,243,562,310,47,181,324,185,126,110,74,212,146,170,415,498,925,194,304,79,347,307,67,172,352,199,67,261,120,260,315,196,370,118,247
154,116,45,22,123,29,133,37,47,63,118,151,252,84,61,73,87,232,119,10,71,119,71,44,74,6,79,64,74,162,228,378,73,123,23,115,122,23,58,154,93,23,106,43,92,105,85,139,44,91
382,269,126,67,334,79,344,84,111,137,288,382,626,220,157,194,246,616,362,34,204,364,164,129,212,79,119,142,174,429,578,964,179,317,71,357,320,55,174,378,246,72,284,120,275,303,214,388,129,245
284,207,84,46,230,62,211,58,80,92,203,227,446,121,123,140,155,432,245,22,129,249,121,84,146,64,142,63,96,332,375,666,132,215,38,209,215,38,91,258,155,51,188,86,168,232,126,245,70,163
311,203,86,46,281,69,258,72,84,94,216,281,468,160,124,140,190,438,241,27,138,276,157,125,170,74,174,96,69,294,405,684,140,259,64,264,277,45,132,306,179,63,201,93,238,238,152,291,104,161
618,526,246,116,649,148,626,202,195,261,547,655,1129,403,351,381,471,1085,649,88,317,632,378,250,415,162,429,332,294,365,996,1677,350,585,134,676,558,112,346,711,417,141,471,201,534,624,386,668,223,465
693,702,327,120,747,161,696,197,240,328,633,796,1359,544,408,439,504,1359,753,111,446,766,466,326,498,228,578,375,405,996,585,2033,377,711,193,779,701,111,377,781,519,162,591,262,602,669,475,772,278,489
1077,1219,580,215,1342,299,1291,427,419,528,1152,1555,2395,910,807,827,1033,2408,1411,172,726,1392,854,558,925,378,964,666,684,1677,2033,1922,737,1247,321,1471,1222,242,691,1351,880,294,994,505,1046,1177,889,1423,508,914
228,206,117,42,255,49,239,77,83,122,253,296,471,163,159,183,202,471,276,38,144,271,151,115,194,73,179,132,140,350,377,737,74,255,60,298,242,56,134,273,159,53,216,102,215,263,177,259,101,176
499,402,195,83,492,114,426,141,164,208,422,484,820,298,235,265,352,856,499,50,259,525,280,191,304,123,317,215,259,585,711,1247,255,229,115,519,459,85,237,500,291,90,349,189,425,412,281,483,169,337
91,102,51,17,108,16,111,32,31,45,96,146,196,74,55,55,68,198,124,15,63,125,83,54,79,23,71,38,64,134,193,321,60,115,11,127,92,24,43,113,65,21,70,47,92,107,65,112,42,77
511,447,221,96,550,130,495,167,160,216,460,592,960,324,268,272,348,943,517,58,320,517,294,222,347,115,357,209,264,676,779,1471,298,519,127,274,487,102,277,609,362,110,424,188,394,481,309,539,188,368
483,410,185,73,514,97,435,156,168,216,455,493,801,337,259,269,346,786,495,57,281,476,285,187,307,122,320,215,277,558,701,1222,242,459,92,487,209,71,241,502,290,98,346,190,388,413,321,494,191,303
89,62,38,13,85,23,81,28,34,31,68,109,159,54,40,50,65,156,76,14,48,80,47,34,67,23,55,38,45,112,111,242,56,85,24,102,71,3,43,94,49,17,61,40,70,75,53,96,33,61
271,221,108,56,265,56,239,81,85,108,211,282,440,169,125,130,185,436,256,33,130,269,169,108,172,58,174,91,132,346,377,691,134,237,43,277,241,43,73,236,153,46,184,101,224,217,183,257,100,174
451,492,208,77,524,106,496,140,184,228,410,545,916,361,272,297,411,908,512,63,338,566,317,222,352,154,378,258,306,711,781,1351,273,500,113,609,502,94,236,262,362,111,385,203,428,488,374,531,187,348
324,328,131,50,348,77,328,87,133,151,287,357,579,230,187,196,225,571,357,38,185,335,212,130,199,93,246,155,179,417,519,880,159,291,65,362,290,49,153,362,119,78,227,112,264,331,238,312,127,235
112,94,52,20,96,25,102,29,31,47,76,113,197,61,46,60,91,181,113,14,53,111,55,57,67,23,72,51,63,141,162,294,53,90,21,110,98,17,46,111,78,11,82,34,75,82,56,124,30,63
361,331,143,57,339,72,374,109,108,144,345,444,694,248,195,224,245,670,335,48,227,333,217,157,261,106,284,188,201,471,591,994,216,349,70,424,346,61,184,385,227,82,136,149,317,346,231,407,140,243
172,170,80,38,171,40,195,50,46,101,177,226,307,132,92,115,151,314,170,25,103,192,111,92,120,43,120,86,93,201,262,505,102,189,47,188,190,40,101,203,112,34,149,33,148,182,110,195,72,128
421,365,151,72,401,93,370,112,126,156,333,450,714,236,214,234,334,698,396,47,221,381,237,163,260,92,275,168,238,534,602,1046,215,425,92,394,388,70,224,428,264,75,317,148,166,366,259,428,159,270
385,430,190,71,501,102,431,142,155,170,413,515,808,309,254,280,324,802,445,53,242,450,286,196,315,105,303,232,238,624,669,1177,263,412,107,481,413,75,217,488,331,82,346,182,366,204,263,450,160,319
310,267,110,57,303,76,319,109,99,131,288,343,576,182,177,178,262,558,325,43,176,356,175,135,196,85,214,126,152,386,475,889,177,281,65,309,321,53,183,374,238,56,231,110,259,263,94,319,122,248
478,495,216,88,516,108,507,188,167,233,440,575,931,348,296,291,351,839,567,76,299,568,306,225,370,139,388,245,291,668,772,1423,259,483,112,539,494,96,257,531,312,124,407,195,428,450,319,231,199,368
144,173,77,29,182,34,176,62,61,80,145,226,336,132,113,119,146,321,208,24,102,195,121,71,118,44,129,70,104,223,278,508,101,169,42,188,191,33,100,187,127,30,140,72,159,160,122,199,31,132
382,298,130,59,367,85,329,100,99,143,280,398,662,242,168,193,237,616,346,44,164,352,205,144,247,91,245,163,161,465,489,914,176,337,77,368,303,61,174,348,235,63,243,128,270,319,248,368,132,126
