236,419,193,99,505,105,452,185,177,230,448,567,808,356,303,342,345,769,462,71,313,494,355,224,363,151,382,282,299,595,682,1142,227,484,99,467,514,86,258,486,312,103,383,167,440,387,325,496,168,379
419,170,161,79,404,103,424,131,155,184,387,470,793,280,225,262,336,752,424,48,236,422,262,164,313,107,275,197,199,499,630,1187,244,424,109,424,392,76,225,476,284,75,334,182,335,397,254,485,181,306
193,161,46,42,198,50,218,65,57,72,163,224,340,125,98,111,129,325,198,35,109,214,113,87,122,60,156,98,82,239,309,553,113,176,47,188,203,28,97,205,120,42,147,83,178,173,118,236,76,129
99,79,42,4,75,14,78,32,23,47,70,95,178,45,58,60,53,148,77,14,43,81,62,33,60,24,55,50,50,99,115,218,36,74,14,85,73,13,52,96,66,23,52,35,84,71,60,91,24,61
505,404,198,75,260,95,503,157,169,223,437,569,864,355,259,301,403,914,497,61,291,525,299,217,349,133,340,216,277,608,784,1387,268,459,121,566,471,103,282,537,320,92,358,184,422,454,317,541,199,342
105,103,50,14,95,11,120,38,39,55,90,129,197,66,56,75,82,182,125,17,65,117,67,50,77,38,73,57,63,115,151,305,59,103,23,109,109,22,51,112,71,27,80,45,100,108,64,117,29,80
452,424,218,78,503,120,249,143,156,211,412,542,826,302,249,295,313,830,437,61,281,479,266,197,327,137,339,216,245,587,710,1253,256,474,107,496,427,65,231,550,364,124,352,214,383,421,312,483,163,320
185,131,65,32,157,38,143,34,44,65,108,169,242,107,86,89,99,253,143,23,85,152,86,65,87,28,102,63,82,194,217,432,68,142,39,146,151,20,82,183,116,30,131,49,130,148,98,162,64,109
177,155,57,23,169,39,156,44,26,77,138,194,307,108,80,90,113,298,165,21,84,172,96,64,100,35,101,64,86,205,270,467,85,174,43,162,158,35,81,204,121,39,124,55,128,147,87,172,48,117
230,184,72,47,223,55,211,65,77,51,178,228,384,137,104,121,145,387,199,27,113,222,124,79,150,57,154,96,105,256,313,584,122,236,51,204,193,28,126,221,141,47,166,78,181,209,117,211,90,139
448,387,163,70,437,90,412,108,138,178,186,501,779,295,239,240,316,771,431,51,244,428,265,173,279,136,329,177,221,508,596,1153,217,403,101,455,378,79,213,451,252,100,334,147,334,402,246,422,156,248
567,470,224,95,569,129,542,169,194,228,501,296,990,358,284,312,443,991,569,63,299,560,338,239,370,149,367,239,291,674,832,1575,337,553,131,579,502,109,298,573,351,123,420,205,478,526,348,593,218,402
808,793,340,178,864,197,826,242,307,384,779,990,789,600,445,518,671,1430,899,120,509,897,561,344,609,224,612,434,422,1129,1360,2432,451,835,188,979,834,167,451,916,600,201,662,322,744,793,590,933,307,598
356,280,125,45,355,66,302,107,108,137,295,358,600,97,169,186,250,599,324,35,164,340,207,142,239,89,232,135,174,399,474,892,183,311,76,329,284,50,170,375,194,76,245,135,262,317,214,336,142,201
303,225,98,58,259,56,249,86,80,104,239,284,445,169,61,125,172,482,286,47,160,292,162,103,166,74,167,125,145,311,393,778,133,247,49,288,271,47,110,268,179,46,182,104,196,256,144,271,101,166
342,262,111,60,301,75,295,89,90,121,240,312,518,186,125,75,225,517,290,32,171,285,177,114,178,77,199,118,143,346,437,823,163,280,51,307,306,61,122,298,209,56,212,123,220,274,147,299,110,204
345,336,129,53,403,82,313,99,113,145,316,443,671,250,172,225,120,638,324,44,198,350,216,143,227,91,242,182,176,478,534,1016,186,332,80,351,359,66,167,357,232,68,295,158,298,315,205,355,129,263
769,752,325,148,914,182,830,253,298,387,771,991,1430,599,482,517,638,778,910,114,506,899,545,335,603,232,630,458,439,1133,1422,2382,428,807,183,962,824,171,433,951,587,201,719,309,712,808,570,927,316,579
462,424,198,77,497,125,437,143,165,199,431,569,899,324,286,290,324,910,230,63,304,465,295,196,336,116,331,231,274,629,804,1416,297,438,113,541,448,82,254,516,338,87,398,195,399,456,327,526,220,318
71,48,35,14,61,17,61,23,21,27,51,63,120,35,47,32,44,114,63,4,30,68,34,20,37,19,39,20,44,87,105,183,38,66,16,62,58,7,27,66,40,15,57,30,51,57,47,74,28,47
313,236,109,43,291,65,281,85,84,113,244,299,509,164,160,171,198,506,304,30,82,297,168,103,172,66,185,141,145,357,434,843,164,258,62,278,268,46,142,336,219,58,238,94,232,273,167,292,101,197
494,422,214,81,525,117,479,152,172,222,428,560,897,340,292,285,350,899,465,68,297,258,313,206,352,139,331,233,264,629,759,1401,297,461,110,535,474,82,233,578,353,95,394,201,432,478,336,541,206,324
355,262,113,62,299,67,266,86,96,124,265,338,561,207,162,177,216,545,295,34,168,313,96,125,190,66,183,144,154,327,458,820,156,278,67,279,270,47,139,329,208,62,230,129,225,275,185,319,106,211
224,164,87,33,217,50,197,65,64,79,173,239,344,142,103,114,143,335,196,20,103,206,125,45,146,60,132,96,104,229,290,555,111,170,41,216,187,28,106,215,135,46,163,89,169,193,134,195,93,147
363,313,122,60,349,77,327,87,100,150,279,370,609,239,166,178,227,603,336,37,172,352,190,146,110,81,230,147,167,393,471,896,156,304,68,334,306,50,169,362,187,71,271,111,250,296,221,340,126,224
151,107,60,24,133,38,137,28,35,57,136,149,224,89,74,77,91,232,116,19,66,139,66,60,81,17,75,51,61,152,173,379,80,120,24,120,138,20,66,136,87,26,111,48,122,116,88,148,44,85
382,275,156,55,340,73,339,102,101,154,329,367,612,232,167,199,242,630,331,39,185,331,183,132,230,75,112,138,169,432,526,963,178,309,82,345,320,58,179,375,221,78,277,134,284,303,222,347,120,226
282,197,98,50,216,57,216,63,64,96,177,239,434,135,125,118,182,458,231,20,141,233,144,96,147,51,138,49,91,273,340,694,127,212,49,219,198,37,106,248,151,38,166,90,173,221,136,224,95,166
299,199,82,50,277,63,245,82,86,105,221,291,422,174,145,143,176,439,274,44,145,264,154,104,167,61,169,91,67,307,364,696,126,215,52,258,253,35,133,288,169,45,199,100,220,227,172,241,90,175
595,499,239,99,608,115,587,194,205,256,508,674,1129,399,311,346,478,1133,629,87,357,629,327,229,393,152,432,273,307,397,966,1747,329,591,143,736,578,93,309,682,418,131,484,225,490,563,404,645,229,423
682,630,309,115,784,151,710,217,270,313,596,832,1360,474,393,437,534,1422,804,105,434,759,458,290,471,173,526,340,364,966,569,2032,384,706,169,797,694,109,382,818,516,173,569,303,605,713,468,764,264,521
1142,1187,553,218,1387,305,1253,432,467,584,1153,1575,2432,892,778,823,1016,2382,1416,183,843,1401,820,555,896,379,963,694,696,1747,2032,1888,687,1284,317,1526,1291,243,725,1462,962,253,1056,539,1082,1292,874,1395,519,932
227,244,113,36,268,59,256,68,85,122,217,337,451,183,133,163,186,428,297,38,164,297,156,111,156,80,178,127,126,329,384,687,56,252,61,299,240,40,132,264,204,39,205,111,215,253,194,256,98,175
484,424,176,74,459,103,474,142,174,236,403,553,835,311,247,280,332,807,438,66,258,461,278,170,304,120,309,212,215,591,706,1284,252,210,98,508,395,70,230,503,314,92,357,174,353,431,304,532,158,332
99,109,47,14,121,23,107,39,43,51,101,131,188,76,49,51,80,183,113,16,62,110,67,41,68,24,82,49,52,143,169,317,61,98,7,121,103,18,50,118,72,19,92,38,86,105,78,110,39,83
467,424,188,85,566,109,496,146,162,204,455,579,979,329,288,307,351,962,541,62,278,535,279,216,334,120,345,219,258,736,797,1526,299,508,121,240,495,83,261,577,364,103,418,199,435,432,346,536,212,331
514,392,203,73,471,109,427,151,158,193,378,502,834,284,271,306,359,824,448,58,268,474,270,187,306,138,320,198,253,578,694,1291,240,395,103,495,205,67,250,480,314,102,352,180,376,446,322,465,171,310
86,76,28,13,103,22,65,20,35,28,79,109,167,50,47,61,66,171,82,7,46,82,47,28,50,20,58,37,35,93,109,243,40,70,18,83,67,5,49,78,56,24,73,21,61,90,37,85,27,56
258,225,97,52,282,51,231,82,81,126,213,298,451,170,110,122,167,433,254,27,142,233,139,106,169,66,179,106,133,309,382,725,132,230,50,261,250,49,61,276,166,49,196,94,190,237,161,254,93,186
486,476,205,96,537,112,550,183,204,221,451,573,916,375,268,298,357,951,516,66,336,578,329,215,362,136,375,248,288,682,818,1462,264,503,118,577,480,78,276,264,338,104,367,218,436,476,363,565,194,367
312,284,120,66,320,71,364,116,121,141,252,351,600,194,179,209,232,587,338,40,219,353,208,135,187,87,221,151,169,418,516,962,204,314,72,364,314,56,166,338,95,60,251,137,268,298,225,343,119,247
103,75,42,23,92,27,124,30,39,47,100,123,201,76,46,56,68,201,87,15,58,95,62,46,71,26,78,38,45,131,173,253,39,92,19,103,102,24,49,104,60,11,77,49,102,100,62,113,33,71
383,334,147,52,358,80,352,131,124,166,334,420,662,245,182,212,295,719,398,57,238,394,230,163,271,111,277,166,199,484,569,1056,205,357,92,418,352,73,196,367,251,77,134,128,341,348,237,366,148,271
167,182,83,35,184,45,214,49,55,78,147,205,322,135,104,123,158,309,195,30,94,201,129,89,111,48,134,90,100,225,303,539,111,174,38,199,180,21,94,218,137,49,128,40,140,171,114,187,70,130
440,335,178,84,422,100,383,130,128,181,334,478,744,262,196,220,298,712,399,51,232,432,225,169,250,122,284,173,220,490,605,1082,215,353,86,435,376,61,190,436,268,102,341,140,166,368,275,386,136,268
387,397,173,71,454,108,421,148,147,209,402,526,793,317,256,274,315,808,456,57,273,478,275,193,296,116,303,221,227,563,713,1292,253,431,105,432,446,90,237,476,298,100,348,171,368,214,304,452,155,307
325,254,118,60,317,64,312,98,87,117,246,348,590,214,144,147,205,570,327,47,167,336,185,134,221,88,222,136,172,404,468,874,194,304,78,346,322,37,161,363,225,62,237,114,275,304,98,344,132,198
496,485,236,91,541,117,483,162,172,211,422,593,933,336,271,299,355,927,526,74,292,541,319,195,340,148,347,224,241,645,764,1395,256,532,110,536,465,85,254,565,343,113,366,187,386,452,344,225,193,368
168,181,76,24,199,29,163,64,48,90,156,218,307,142,101,110,129,316,220,28,101,206,106,93,126,44,120,95,90,229,264,519,98,158,39,212,171,27,93,194,119,33,148,70,136,155,132,193,28,135
379,306,129,61,342,80,320,109,117,139,248,402,598,201,166,204,263,579,318,47,197,324,211,147,224,85,226,166,175,423,521,932,175,332,83,331,310,56,186,367,247,71,271,130,268,307,198,368,135,106
