278,440,231,89,499,118,481,175,163,252,431,551,820,391,305,339,344,788,485,71,347,536,332,213,363,146,361,267,317,621,711,1176,248,507,103,521,533,76,235,454,304,112,354,193,486,462,341,469,163,385
440,196,157,72,422,105,416,133,138,171,359,470,781,297,216,242,335,797,441,54,241,424,271,166,252,104,285,200,204,554,623,1269,234,407,126,433,395,68,222,441,292,82,325,170,336,402,241,450,157,279
231,157,46,39,225,58,203,61,62,82,176,229,363,147,106,109,153,355,224,21,97,217,132,81,142,45,119,86,88,253,306,553,120,173,44,218,182,28,110,239,129,56,151,80,158,174,147,243,76,148
89,72,39,11,76,11,85,30,32,32,53,93,147,56,47,57,71,145,81,10,58,90,46,34,52,18,63,43,36,100,128,206,41,86,15,102,75,25,32,103,55,16,71,42,79,71,61,92,29,54
499,422,225,76,245,117,534,151,178,247,452,605,956,336,266,308,407,940,519,66,287,553,313,215,325,145,318,248,248,628,779,1417,275,463,107,536,472,88,256,543,342,97,375,193,423,451,328,570,206,353
118,105,58,11,117,8,97,38,29,42,89,121,187,87,52,71,92,197,97,13,69,115,69,41,71,29,85,59,43,132,146,295,48,110,22,117,89,23,55,111,80,22,72,43,101,106,66,99,33,66
481,416,203,85,534,97,234,141,170,199,417,508,900,301,269,286,331,878,488,53,241,498,284,208,312,121,324,246,248,598,729,1388,267,476,108,521,437,100,223,523,327,89,392,200,391,454,281,490,191,291
175,133,61,30,151,38,141,29,47,60,130,166,281,121,83,94,127,278,173,8,85,190,109,65,100,29,98,76,78,180,224,445,95,134,34,154,135,19,73,159,106,30,124,64,140,156,103,165,60,121
163,138,62,32,178,29,170,47,30,75,155,167,289,96,83,102,116,272,165,22,79,154,76,58,98,34,112,87,73,224,245,450,90,153,35,185,153,26,99,173,105,30,123,71,125,147,87,163,68,113
252,171,82,32,247,42,199,60,75,44,178,198,327,157,114,122,176,357,208,25,113,230,135,83,142,56,151,107,100,275,318,513,106,181,47,210,192,38,91,230,155,45,179,79,162,196,138,211,69,154
431,359,176,53,452,89,417,130,155,178,199,454,721,290,233,277,324,754,424,55,260,460,275,165,298,112,283,222,213,537,647,1140,213,379,103,462,419,59,209,470,272,70,364,154,346,393,278,434,155,271
551,470,229,93,605,121,508,166,167,198,454,316,927,334,262,324,395,986,559,51,298,568,313,223,368,149,368,234,276,681,860,1573,327,500,129,617,472,100,308,591,393,100,432,207,422,533,382,582,196,367
820,781,363,147,956,187,900,281,289,327,721,927,757,624,472,527,657,1514,937,118,502,956,494,365,606,232,590,446,441,1172,1351,2505,462,864,218,1000,818,173,472,1018,635,192,660,336,717,895,566,941,339,614
391,297,147,56,336,87,301,121,96,157,290,334,624,91,165,195,271,641,334,43,192,343,212,125,229,82,245,150,157,389,508,936,189,309,66,343,312,51,159,379,208,76,261,124,260,300,204,332,117,233
305,216,106,47,266,52,269,83,83,114,233,262,472,165,74,138,196,494,265,31,155,278,165,111,166,68,184,129,127,360,413,766,142,236,58,266,225,47,133,310,180,63,190,97,215,249,158,273,123,189
339,242,109,57,308,71,286,94,102,122,277,324,527,195,138,79,198,529,309,35,167,308,202,135,182,64,192,133,143,372,445,842,153,276,73,298,278,46,129,343,188,62,228,111,244,251,176,322,141,199
344,335,153,71,407,92,331,127,116,176,324,395,657,271,196,198,151,634,370,46,201,388,227,164,269,87,246,184,193,453,527,1015,202,348,75,368,349,57,179,377,201,74,272,148,307,358,235,328,126,257
788,797,355,145,940,197,878,278,272,357,754,986,1514,641,494,529,634,775,947,113,487,938,488,315,623,221,581,420,467,1179,1344,2474,468,896,198,992,868,177,474,989,599,187,689,302,735,869,552,937,330,625
485,441,224,81,519,97,488,173,165,208,424,559,937,334,265,309,370,947,269,66,267,498,297,207,347,142,322,260,258,617,787,1446,277,453,135,561,484,77,247,552,323,97,420,202,418,496,338,560,177,326
71,54,21,10,66,13,53,8,22,25,55,51,118,43,31,35,46,113,66,2,38,80,43,30,33,11,36,30,32,89,100,165,38,51,18,66,58,13,22,77,47,11,60,30,52,68,46,65,21,38
347,241,97,58,287,69,241,85,79,113,260,298,502,192,155,167,201,487,267,38,70,279,177,108,184,73,175,123,133,344,424,757,158,267,66,292,263,52,119,289,200,64,208,92,219,248,184,268,105,197
536,424,217,90,553,115,498,190,154,230,460,568,956,343,278,308,388,938,498,80,279,277,302,211,326,128,369,262,258,654,745,1445,280,449,145,552,486,90,292,576,341,119,417,201,400,487,331,576,193,358
332,271,132,46,313,69,284,109,76,135,275,313,494,212,165,202,227,488,297,43,177,302,100,126,187,89,214,126,155,387,443,844,182,281,66,292,272,49,147,322,179,61,233,118,238,272,201,311,124,219
213,166,81,34,215,41,208,65,58,83,165,223,365,125,111,135,164,315,207,30,108,211,126,41,137,53,140,87,86,261,284,570,108,185,53,206,205,40,108,202,112,36,136,71,161,203,118,213,55,133
363,252,142,52,325,71,312,100,98,142,298,368,606,229,166,182,269,623,347,33,184,326,187,137,107,81,196,151,165,426,502,989,193,298,76,346,310,54,163,370,235,75,256,130,275,327,202,347,101,249
146,104,45,18,145,29,121,29,34,56,112,149,232,82,68,64,87,221,142,11,73,128,89,53,81,13,68,58,55,154,225,360,72,113,27,148,113,22,61,136,93,23,94,48,90,137,85,145,53,104
361,285,119,63,318,85,324,98,112,151,283,368,590,245,184,192,246,581,322,36,175,369,214,140,196,68,104,171,166,409,539,944,190,309,76,339,350,65,163,353,231,72,249,129,262,319,204,381,131,250
267,200,86,43,248,59,246,76,87,107,222,234,446,150,129,133,184,420,260,30,123,262,126,87,151,58,171,53,105,275,347,662,124,202,56,227,247,46,120,254,152,51,185,88,181,225,146,247,104,157
317,204,88,36,248,43,248,78,73,100,213,276,441,157,127,143,193,467,258,32,133,258,155,86,165,55,166,105,57,277,402,682,146,216,49,276,215,40,140,246,148,65,187,85,202,257,153,298,94,168
621,554,253,100,628,132,598,180,224,275,537,681,1172,389,360,372,453,1179,617,89,344,654,387,261,426,154,409,275,277,428,1038,1840,382,620,149,690,585,116,306,702,431,132,480,247,510,625,421,640,262,395
711,623,306,128,779,146,729,224,245,318,647,860,1351,508,413,445,527,1344,787,100,424,745,443,284,502,225,539,347,402,1038,556,2131,394,734,157,793,691,119,377,789,485,156,572,292,607,726,516,805,277,538
1176,1269,553,206,1417,295,1388,445,450,513,1140,1573,2505,936,766,842,1015,2474,1446,165,757,1445,844,570,989,360,944,662,682,1840,2131,1938,723,1330,321,1556,1364,242,723,1584,949,286,1044,536,1135,1340,883,1451,504,977
248,234,120,41,275,48,267,95,90,106,213,327,462,189,142,153,202,468,277,38,158,280,182,108,193,72,190,124,146,382,394,723,57,257,63,305,257,58,138,306,206,61,177,107,234,240,177,266,103,174
507,407,173,86,463,110,476,134,153,181,379,500,864,309,236,276,348,896,453,51,267,449,281,185,298,113,309,202,216,620,734,1330,257,214,109,542,404,76,226,488,307,97,349,200,371,475,294,509,180,296
103,126,44,15,107,22,108,34,35,47,103,129,218,66,58,73,75,198,135,18,66,145,66,53,76,27,76,56,49,149,157,321,63,109,10,116,101,17,55,121,75,17,105,39,98,103,64,132,41,76
521,433,218,102,536,117,521,154,185,210,462,617,1000,343,266,298,368,992,561,66,292,552,292,206,346,148,339,227,276,690,793,1556,305,542,116,271,517,70,260,604,316,102,443,219,459,501,307,568,198,381
533,395,182,75,472,89,437,135,153,192,419,472,818,312,225,278,349,868,484,58,263,486,272,205,310,113,350,247,215,585,691,1364,257,404,101,517,222,100,236,507,291,87,358,186,379,438,297,501,154,327
76,68,28,25,88,23,100,19,26,38,59,100,173,51,47,46,57,177,77,13,52,90,49,40,54,22,65,46,40,116,119,242,58,76,17,70,100,7,47,83,79,19,75,40,81,88,55,92,46,58
235,222,110,32,256,55,223,73,99,91,209,308,472,159,133,129,179,474,247,22,119,292,147,108,163,61,163,120,140,306,377,723,138,226,55,260,236,47,51,247,159,41,206,93,219,263,161,264,94,168
454,441,239,103,543,111,523,159,173,230,470,591,1018,379,310,343,377,989,552,77,289,576,322,202,370,136,353,254,246,702,789,1584,306,488,121,604,507,83,247,273,347,114,446,221,455,530,350,531,212,340
304,292,129,55,342,80,327,106,105,155,272,393,635,208,180,188,201,599,323,47,200,341,179,112,235,93,231,152,148,431,485,949,206,307,75,316,291,79,159,347,103,73,260,128,263,335,204,339,136,215
112,82,56,16,97,22,89,30,30,45,70,100,192,76,63,62,74,187,97,11,64,119,61,36,75,23,72,51,65,132,156,286,61,97,17,102,87,19,41,114,73,5,86,35,85,77,78,100,40,72
354,325,151,71,375,72,392,124,123,179,364,432,660,261,190,228,272,689,420,60,208,417,233,136,256,94,249,185,187,480,572,1044,177,349,105,443,358,75,206,446,260,86,123,142,297,382,219,387,145,245
193,170,80,42,193,43,200,64,71,79,154,207,336,124,97,111,148,302,202,30,92,201,118,71,130,48,129,88,85,247,292,536,107,200,39,219,186,40,93,221,128,35,142,43,146,184,125,205,82,125
486,336,158,79,423,101,391,140,125,162,346,422,717,260,215,244,307,735,418,52,219,400,238,161,275,90,262,181,202,510,607,1135,234,371,98,459,379,81,219,455,263,85,297,146,170,375,264,431,136,295
462,402,174,71,451,106,454,156,147,196,393,533,895,300,249,251,358,869,496,68,248,487,272,203,327,137,319,225,257,625,726,1340,240,475,103,501,438,88,263,530,335,77,382,184,375,213,297,468,167,322
341,241,147,61,328,66,281,103,87,138,278,382,566,204,158,176,235,552,338,46,184,331,201,118,202,85,204,146,153,421,516,883,177,294,64,307,297,55,161,350,204,78,219,125,264,297,92,324,114,238
469,450,243,92,570,99,490,165,163,211,434,582,941,332,273,322,328,937,560,65,268,576,311,213,347,145,381,247,298,640,805,1451,266,509,132,568,501,92,264,531,339,100,387,205,431,468,324,262,200,327
163,157,76,29,206,33,191,60,68,69,155,196,339,117,123,141,126,330,177,21,105,193,124,55,101,53,131,104,94,262,277,504,103,180,41,198,154,46,94,212,136,40,145,82,136,167,114,200,32,140
385,279,148,54,353,66,291,121,113,154,271,367,614,233,189,199,257,625,326,38,197,358,219,133,249,104,250,157,168,395,538,977,174,296,76,381,327,58,168,340,215,72,245,125,295,322,238,327,140,121
