245,432,228,80,483,101,464,177,177,270,452,471,828,389,330,365,367,811,473,80,351,518,330,224,373,148,369,301,288,570,700,1177,246,469,99,468,470,98,266,478,287,107,359,182,472,439,349,508,186,365
432,179,158,62,429,100,421,113,133,181,377,497,814,284,230,268,287,746,449,46,222,420,255,170,247,106,271,186,207,524,654,1184,210,393,89,406,398,58,206,473,278,85,360,167,280,421,250,429,178,310
228,158,36,34,213,45,203,70,76,91,180,214,327,133,99,113,152,336,223,26,123,204,99,67,134,46,130,87,102,270,326,556,116,200,42,196,176,19,104,215,142,41,154,74,152,182,118,205,75,143
80,62,34,8,104,15,80,31,31,30,71,95,126,64,49,64,56,150,78,12,38,91,45,31,44,24,57,40,58,132,123,209,31,81,16,79,88,15,40,79,49,19,64,31,71,74,49,74,30,55
483,429,213,104,251,113,535,151,192,221,428,565,920,329,279,292,369,934,537,64,297,528,320,220,335,139,360,238,259,642,792,1398,324,505,127,522,463,93,257,498,316,98,377,192,416,476,323,529,184,369
101,100,45,15,113,10,106,38,37,55,103,142,172,86,73,74,71,189,114,13,61,119,73,55,65,27,80,49,64,145,169,264,40,92,21,104,131,19,58,119,74,23,95,42,99,91,59,124,47,87
464,421,203,80,535,106,235,133,156,200,428,554,841,301,235,276,365,799,490,64,285,483,289,209,318,136,343,230,242,607,711,1272,247,472,119,532,460,76,246,522,321,116,339,162,358,444,275,497,161,328
177,113,70,31,151,38,133,22,53,62,131,162,266,88,67,79,111,292,161,28,88,159,90,57,92,41,86,63,90,177,208,411,82,138,28,154,163,20,70,162,92,31,111,58,117,170,78,152,56,104
177,133,76,31,192,37,156,53,36,63,143,164,300,107,74,86,133,298,184,21,94,164,98,56,111,32,105,69,75,213,258,472,86,160,46,183,149,24,90,172,118,47,118,66,130,142,101,180,62,121
270,181,91,30,221,55,200,62,63,44,185,212,347,136,105,131,155,324,189,30,144,204,135,84,133,45,134,92,97,225,278,550,107,190,44,198,180,43,105,219,117,38,145,66,155,197,141,211,64,147
452,377,180,71,428,103,428,131,143,185,196,475,707,285,224,253,316,738,440,56,274,428,260,186,291,114,284,201,240,496,673,1144,217,419,93,418,396,75,199,438,264,79,292,149,336,375,298,449,143,306
471,497,214,95,565,142,554,162,164,212,475,299,977,365,306,327,372,1010,542,63,321,556,352,252,408,140,386,266,290,700,842,1593,319,530,108,552,545,92,263,627,361,118,424,220,472,504,348,604,199,404
828,814,327,126,920,172,841,266,300,347,707,977,773,591,483,525,619,1358,857,95,480,881,573,358,590,220,610,423,501,1112,1326,2330,470,805,214,970,834,164,439,892,625,200,646,342,729,813,593,903,328,599
389,284,133,64,329,86,301,88,107,136,285,365,591,121,161,182,247,578,340,35,167,314,183,144,208,70,212,143,151,354,457,862,173,307,75,341,327,55,171,356,240,67,285,109,249,289,177,336,103,221
330,230,99,49,279,73,235,67,74,105,224,306,483,161,58,125,188,510,252,31,131,249,156,103,165,62,182,124,139,325,451,724,154,259,56,262,274,41,130,280,178,53,203,83,180,248,146,278,101,199
365,268,113,64,292,74,276,79,86,131,253,327,525,182,125,70,202,524,257,30,155,280,173,110,194,63,195,134,161,331,444,796,160,286,69,306,301,49,141,301,188,49,228,86,215,244,168,300,108,214
367,287,152,56,369,71,365,111,133,155,316,372,619,247,188,202,134,642,333,59,220,352,199,154,235,86,254,169,162,438,573,973,206,319,67,380,331,72,184,396,187,68,291,136,300,360,239,383,120,239
811,746,336,150,934,189,799,292,298,324,738,1010,1358,578,510,524,642,769,914,115,547,895,548,374,568,204,621,444,504,1058,1323,2359,477,841,217,969,849,160,435,937,614,190,676,349,735,814,603,897,335,584
473,449,223,78,537,114,490,161,184,189,440,542,857,340,252,257,333,914,252,67,311,483,283,213,316,140,335,236,248,665,760,1399,267,477,109,491,455,92,227,533,331,100,369,202,408,481,318,519,200,351
80,46,26,12,64,13,64,28,21,30,56,63,95,35,31,30,59,115,67,3,29,60,33,20,42,14,45,25,24,95,93,193,44,62,13,68,53,15,37,64,36,12,44,30,49,57,37,68,22,52
351,222,123,38,297,61,285,88,94,144,274,321,480,167,131,155,220,547,311,29,80,279,139,108,162,55,157,114,117,355,454,759,153,235,72,283,284,43,170,300,210,71,192,99,218,274,168,298,98,196
518,420,204,91,528,119,483,159,164,204,428,556,881,314,249,280,352,895,483,60,279,237,305,191,309,115,352,248,286,646,732,1421,262,483,124,545,478,83,255,519,327,121,415,198,405,475,271,522,192,341
330,255,99,45,320,73,289,90,98,135,260,352,573,183,156,173,199,548,283,33,139,305,94,121,191,70,209,126,155,405,466,878,182,259,63,300,278,49,155,323,218,58,216,127,224,233,176,327,111,228
224,170,67,31,220,55,209,57,56,84,186,252,358,144,103,110,154,374,213,20,108,191,121,37,135,59,145,86,87,234,293,507,105,185,51,250,186,36,93,211,130,39,155,76,157,191,127,211,64,134
373,247,134,44,335,65,318,92,111,133,291,408,590,208,165,194,235,568,316,42,162,309,191,135,100,66,180,171,179,394,510,923,208,288,88,340,288,55,190,366,247,69,246,113,253,325,198,342,149,244
148,106,46,24,139,27,136,41,32,45,114,140,220,70,62,63,86,204,140,14,55,115,70,59,66,12,75,63,48,156,183,347,62,132,36,142,123,14,58,138,92,37,116,50,89,119,56,125,49,78
369,271,130,57,360,80,343,86,105,134,284,386,610,212,182,195,254,621,335,45,157,352,209,145,180,75,97,160,137,420,515,949,185,329,80,377,324,59,162,353,235,78,267,133,254,327,188,361,134,220
301,186,87,40,238,49,230,63,69,92,201,266,423,143,124,134,169,444,236,25,114,248,126,86,171,63,160,52,109,283,337,679,135,217,57,238,227,27,113,246,146,52,193,93,207,217,143,260,91,167
288,207,102,58,259,64,242,90,75,97,240,290,501,151,139,161,162,504,248,24,117,286,155,87,179,48,137,109,62,307,390,713,151,241,49,245,250,49,129,262,178,54,213,87,208,227,163,278,111,160
570,524,270,132,642,145,607,177,213,225,496,700,1112,354,325,331,438,1058,665,95,355,646,405,234,394,156,420,283,307,394,973,1794,377,583,147,651,567,110,307,647,428,133,482,233,488,596,385,635,239,392
700,654,326,123,792,169,711,208,258,278,673,842,1326,457,451,444,573,1323,760,93,454,732,466,293,510,183,515,337,390,973,557,2032,408,727,163,763,695,107,367,761,482,178,570,282,630,685,454,775,264,520
1177,1184,556,209,1398,264,1272,411,472,550,1144,1593,2330,862,724,796,973,2359,1399,193,759,1421,878,507,923,347,949,679,713,1794,2032,1843,646,1314,337,1507,1256,265,694,1432,919,287,1020,534,1111,1301,901,1406,495,979
246,210,116,31,324,40,247,82,86,107,217,319,470,173,154,160,206,477,267,44,153,262,182,105,208,62,185,135,151,377,408,646,70,248,58,267,239,44,146,266,191,64,171,88,208,246,171,276,89,205
469,393,200,81,505,92,472,138,160,190,419,530,805,307,259,286,319,841,477,62,235,483,259,185,288,132,329,217,241,583,727,1314,248,234,94,470,431,72,244,501,294,95,362,187,396,448,277,538,170,308
99,89,42,16,127,21,119,28,46,44,93,108,214,75,56,69,67,217,109,13,72,124,63,51,88,36,80,57,49,147,163,337,58,94,13,100,121,11,55,119,78,26,90,38,99,112,69,110,28,77
468,406,196,79,522,104,532,154,183,198,418,552,970,341,262,306,380,969,491,68,283,545,300,250,340,142,377,238,245,651,763,1507,267,470,100,288,521,96,289,586,311,112,386,185,449,487,315,541,205,357
470,398,176,88,463,131,460,163,149,180,396,545,834,327,274,301,331,849,455,53,284,478,278,186,288,123,324,227,250,567,695,1256,239,431,121,521,241,72,247,486,327,100,344,164,388,422,268,472,163,334
98,58,19,15,93,19,76,20,24,43,75,92,164,55,41,49,72,160,92,15,43,83,49,36,55,14,59,27,49,110,107,265,44,72,11,96,72,4,40,87,61,18,64,28,63,74,42,82,23,53
266,206,104,40,257,58,246,70,90,105,199,263,439,171,130,141,184,435,227,37,170,255,155,93,190,58,162,113,129,307,367,694,146,244,55,289,247,40,69,249,145,56,179,110,208,272,163,237,97,165
478,473,215,79,498,119,522,162,172,219,438,627,892,356,280,301,396,937,533,64,300,519,323,211,366,138,353,246,262,647,761,1432,266,501,119,586,486,87,249,286,337,108,394,193,414,464,344,561,193,350
287,278,142,49,316,74,321,92,118,117,264,361,625,240,178,188,187,614,331,36,210,327,218,130,247,92,235,146,178,428,482,919,191,294,78,311,327,61,145,337,102,76,250,136,273,278,235,293,126,219
107,85,41,19,98,23,116,31,47,38,79,118,200,67,53,49,68,190,100,12,71,121,58,39,69,37,78,52,54,133,178,287,64,95,26,112,100,18,56,108,76,11,77,41,87,94,54,128,42,82
359,360,154,64,377,95,339,111,118,145,292,424,646,285,203,228,291,676,369,44,192,415,216,155,246,116,267,193,213,482,570,1020,171,362,90,386,344,64,179,394,250,77,157,135,310,314,252,405,139,248
182,167,74,31,192,42,162,58,66,66,149,220,342,109,83,86,136,349,202,30,99,198,127,76,113,50,133,93,87,233,282,534,88,187,38,185,164,28,110,193,136,41,135,32,140,156,128,214,81,136
472,280,152,71,416,99,358,117,130,155,336,472,729,249,180,215,300,735,408,49,218,405,224,157,253,89,254,207,208,488,630,1111,208,396,99,449,388,63,208,414,273,87,310,140,172,367,262,416,140,286
439,421,182,74,476,91,444,170,142,197,375,504,813,289,248,244,360,814,481,57,274,475,233,191,325,119,327,217,227,596,685,1301,246,448,112,487,422,74,272,464,278,94,314,156,367,202,302,456,166,339
349,250,118,49,323,59,275,78,101,141,298,348,593,177,146,168,239,603,318,37,168,271,176,127,198,56,188,143,163,385,454,901,171,277,69,315,268,42,163,344,235,54,252,128,262,302,102,336,117,232
508,429,205,74,529,124,497,152,180,211,449,604,903,336,278,300,383,897,519,68,298,522,327,211,342,125,361,260,278,635,775,1406,276,538,110,541,472,82,237,561,293,128,405,214,416,456,336,286,179,347
186,178,75,30,184,47,161,56,62,64,143,199,328,103,101,108,120,335,200,22,98,192,111,64,149,49,134,91,111,239,264,495,89,170,28,205,163,23,97,193,126,42,139,81,140,166,117,179,23,142
365,310,143,55,369,87,328,104,121,147,306,404,599,221,199,214,239,584,351,52,196,341,228,134,244,78,220,167,160,392,520,979,205,308,77,357,334,53,165,350,219,82,248,136,286,339,232,347,142,111
