252,470,193,84,499,115,453,180,173,214,431,507,839,344,318,335,350,749,487,70,333,498,315,210,354,144,369,301,276,591,715,1195,239,480,99,436,457,88,244,442,302,93,357,171,414,422,332,475,169,361
470,188,160,84,412,99,443,132,132,197,389,479,794,286,229,265,288,793,475,61,231,452,250,175,268,106,283,216,210,506,684,1225,228,427,109,458,390,77,236,463,272,94,341,162,332,402,274,454,155,311
193,160,36,37,211,47,196,62,57,82,177,244,368,115,99,107,159,359,179,21,93,205,103,81,139,51,136,81,94,229,324,567,105,190,39,201,185,30,97,220,121,36,152,76,169,167,105,218,70,157
84,84,37,9,77,16,85,33,21,37,71,74,135,60,53,53,70,144,88,9,60,84,58,37,51,19,49,44,44,94,132,222,45,89,15,97,86,15,43,92,58,14,66,35,65,79,49,80,23,60
499,412,211,77,252,107,509,158,157,222,457,534,879,344,277,279,358,881,533,50,296,536,322,210,336,125,345,236,220,597,797,1447,264,483,117,538,489,81,254,557,339,100,405,199,444,455,340,543,185,323
115,99,47,16,107,13,107,44,35,42,93,117,186,83,60,63,95,195,118,8,77,119,81,40,72,26,84,61,64,113,177,279,58,115,19,142,113,28,43,111,76,25,68,44,104,107,71,114,27,73
453,443,196,85,509,107,242,139,198,184,409,521,851,314,246,259,362,869,531,65,308,520,291,193,298,125,328,236,253,546,703,1239,256,473,109,476,491,85,206,509,292,102,376,175,365,440,307,459,164,326
180,132,62,33,158,44,139,21,48,63,132,177,281,93,68,77,111,302,169,21,73,166,83,62,94,34,107,77,75,200,238,445,78,146,36,158,158,24,56,175,110,42,131,49,123,127,103,152,51,104
173,132,57,21,157,35,198,48,24,68,140,190,288,89,68,73,123,293,156,26,82,158,98,67,115,40,118,82,87,179,235,458,79,150,38,185,150,27,81,169,109,31,132,69,139,144,104,192,56,107
214,197,82,37,222,42,184,63,68,39,150,243,384,136,95,129,157,357,200,25,132,209,107,77,131,50,143,119,111,232,317,546,116,190,52,212,187,36,100,213,129,46,150,83,142,180,130,215,71,136
431,389,177,71,457,93,409,132,140,150,154,434,740,299,218,247,320,738,422,54,252,430,244,169,263,95,287,224,234,502,639,1177,219,413,100,454,409,79,209,462,261,79,294,170,347,365,266,405,139,271
507,479,244,74,534,117,521,177,190,243,434,304,974,335,305,321,407,1008,544,66,288,577,302,223,363,142,383,263,278,743,838,1517,316,539,123,619,505,79,294,633,414,114,437,186,426,500,337,558,188,388
839,794,368,135,879,186,851,281,288,384,740,974,779,604,452,517,661,1371,888,118,508,933,495,353,578,252,586,438,440,1137,1369,2347,474,800,181,1018,799,142,440,924,612,189,644,347,723,849,556,881,311,604
344,286,115,60,344,83,314,93,89,136,299,335,604,104,205,198,232,579,325,45,192,315,199,124,241,84,229,144,162,399,475,998,193,312,65,345,322,60,166,357,223,67,263,115,253,316,208,365,129,206
318,229,99,53,277,60,246,68,68,95,218,305,452,205,64,124,193,512,259,35,141,287,156,110,170,78,190,128,135,301,392,730,141,258,57,276,249,44,123,275,165,61,204,92,191,235,157,256,89,189
335,265,107,53,279,63,259,77,73,129,247,321,517,198,124,81,221,552,290,36,178,314,149,126,193,59,169,120,141,356,430,805,150,280,67,304,269,40,124,314,186,54,241,93,213,248,170,299,85,212
350,288,159,70,358,95,362,111,123,157,320,407,661,232,193,221,120,653,354,42,200,353,209,152,228,96,245,166,190,423,578,986,208,357,81,392,362,67,174,368,239,79,272,133,290,338,230,374,128,282
749,793,359,144,881,195,869,302,293,357,738,1008,1371,579,512,552,653,773,885,113,532,883,514,364,630,257,600,421,479,1123,1374,2456,455,840,182,935,830,145,474,942,605,195,673,370,757,824,575,943,309,568
487,475,179,88,533,118,531,169,156,200,422,544,888,325,259,290,354,885,276,64,290,454,284,207,328,113,337,231,265,640,742,1398,300,484,125,535,479,81,259,551,364,103,415,210,406,477,322,540,197,331
70,61,21,9,50,8,65,21,26,25,54,66,118,45,35,36,42,113,64,1,22,62,34,27,52,13,46,25,26,78,96,172,29,55,14,50,63,9,37,69,31,12,56,32,48,62,40,57,24,49
333,231,93,60,296,77,308,73,82,132,252,288,508,192,141,178,200,532,290,22,69,294,183,129,174,62,180,138,136,360,430,793,142,238,65,276,282,46,131,318,205,58,240,104,233,276,176,278,97,184
498,452,205,84,536,119,520,166,158,209,430,577,933,315,287,314,353,883,454,62,294,215,293,191,366,129,356,257,277,618,752,1415,281,512,129,516,474,77,269,557,366,116,394,189,430,507,348,532,218,366
315,250,103,58,322,81,291,83,98,107,244,302,495,199,156,149,209,514,284,34,183,293,70,126,187,80,208,144,154,366,439,757,143,264,60,343,277,48,143,331,197,60,255,121,256,282,188,316,99,199
210,175,81,37,210,40,193,62,67,77,169,223,353,124,110,126,152,364,207,27,129,191,126,37,146,46,129,74,96,232,314,565,117,189,45,202,190,33,92,222,134,47,151,70,165,193,139,203,79,133
354,268,139,51,336,72,298,94,115,131,263,363,578,241,170,193,228,630,328,52,174,366,187,146,109,84,217,150,166,380,468,917,196,318,83,379,345,56,167,345,206,68,251,119,253,313,186,360,131,226
144,106,51,19,125,26,125,34,40,50,95,142,252,84,78,59,96,257,113,13,62,129,80,46,84,17,86,50,50,167,199,372,82,112,25,131,114,20,64,133,84,32,100,37,98,127,88,144,56,79
369,283,136,49,345,84,328,107,118,143,287,383,586,229,190,169,245,600,337,46,180,356,208,129,217,86,127,170,152,400,531,987,178,307,79,373,313,56,160,372,227,76,263,120,263,308,217,402,127,205
301,216,81,44,236,61,236,77,82,119,224,263,438,144,128,120,166,421,231,25,138,257,144,74,150,50,170,46,115,289,378,649,113,252,56,252,247,38,112,256,145,52,187,84,189,252,156,248,97,190
276,210,94,44,220,64,253,75,87,111,234,278,440,162,135,141,190,479,265,26,136,277,154,96,166,50,152,115,58,310,392,671,128,235,59,262,231,47,137,288,167,37,195,100,196,227,148,273,81,173
591,506,229,94,597,113,546,200,179,232,502,743,1137,399,301,356,423,1123,640,78,360,618,366,232,380,167,400,289,310,403,958,1810,315,567,146,646,597,101,333,688,428,130,446,242,482,579,422,611,252,405
715,684,324,132,797,177,703,238,235,317,639,838,1369,475,392,430,578,1374,742,96,430,752,439,314,468,199,531,378,392,958,563,2075,399,715,181,813,679,128,385,801,528,157,560,259,600,667,479,761,273,531
1195,1225,567,222,1447,279,1239,445,458,546,1177,1517,2347,998,730,805,986,2456,1398,172,793,1415,757,565,917,372,987,649,671,1810,2075,1884,705,1278,325,1551,1237,251,696,1414,914,291,1017,539,1114,1286,898,1405,471,945
239,228,105,45,264,58,256,78,79,116,219,316,474,193,141,150,208,455,300,29,142,281,143,117,196,82,178,113,128,315,399,705,62,246,59,312,249,43,134,276,168,56,218,112,223,239,173,276,92,186
480,427,190,89,483,115,473,146,150,190,413,539,800,312,258,280,357,840,484,55,238,512,264,189,318,112,307,252,235,567,715,1278,246,219,114,503,468,87,241,515,317,107,386,207,388,452,328,532,186,299
99,109,39,15,117,19,109,36,38,52,100,123,181,65,57,67,81,182,125,14,65,129,60,45,83,25,79,56,59,146,181,325,59,114,15,111,107,10,59,138,86,26,89,29,95,116,66,119,41,76
436,458,201,97,538,142,476,158,185,212,454,619,1018,345,276,304,392,935,535,50,276,516,343,202,379,131,373,252,262,646,813,1551,312,503,111,277,516,99,264,567,347,116,409,198,417,504,357,534,217,377
457,390,185,86,489,113,491,158,150,187,409,505,799,322,249,269,362,830,479,63,282,474,277,190,345,114,313,247,231,597,679,1237,249,468,107,516,223,75,240,525,312,103,357,189,394,434,289,512,162,333
88,77,30,15,81,28,85,24,27,36,79,79,142,60,44,40,67,145,81,9,46,77,48,33,56,20,56,38,47,101,128,251,43,87,10,99,75,8,42,87,53,16,64,35,66,73,54,102,31,55
244,236,97,43,254,43,206,56,81,100,209,294,440,166,123,124,174,474,259,37,131,269,143,92,167,64,160,112,137,333,385,696,134,241,59,264,240,42,55,246,162,53,210,77,197,245,149,245,79,172
442,463,220,92,557,111,509,175,169,213,462,633,924,357,275,314,368,942,551,69,318,557,331,222,345,133,372,256,288,688,801,1414,276,515,138,567,525,87,246,288,369,110,417,196,422,480,375,558,178,343
302,272,121,58,339,76,292,110,109,129,261,414,612,223,165,186,239,605,364,31,205,366,197,134,206,84,227,145,167,428,528,914,168,317,86,347,312,53,162,369,105,66,245,117,248,305,203,325,131,218
93,94,36,14,100,25,102,42,31,46,79,114,189,67,61,54,79,195,103,12,58,116,60,47,68,32,76,52,37,130,157,291,56,107,26,116,103,16,53,110,66,11,90,44,79,85,79,130,34,73
357,341,152,66,405,68,376,131,132,150,294,437,644,263,204,241,272,673,415,56,240,394,255,151,251,100,263,187,195,446,560,1017,218,386,89,409,357,64,210,417,245,90,138,153,330,352,230,388,146,268
171,162,76,35,199,44,175,49,69,83,170,186,347,115,92,93,133,370,210,32,104,189,121,70,119,37,120,84,100,242,259,539,112,207,29,198,189,35,77,196,117,44,153,32,154,165,119,178,70,129
414,332,169,65,444,104,365,123,139,142,347,426,723,253,191,213,290,757,406,48,233,430,256,165,253,98,263,189,196,482,600,1114,223,388,95,417,394,66,197,422,248,79,330,154,153,377,256,409,145,277
422,402,167,79,455,107,440,127,144,180,365,500,849,316,235,248,338,824,477,62,276,507,282,193,313,127,308,252,227,579,667,1286,239,452,116,504,434,73,245,480,305,85,352,165,377,202,309,524,174,326
332,274,105,49,340,71,307,103,104,130,266,337,556,208,157,170,230,575,322,40,176,348,188,139,186,88,217,156,148,422,479,898,173,328,66,357,289,54,149,375,203,79,230,119,256,309,81,330,116,236
475,454,218,80,543,114,459,152,192,215,405,558,881,365,256,299,374,943,540,57,278,532,316,203,360,144,402,248,273,611,761,1405,276,532,119,534,512,102,245,558,325,130,388,178,409,524,330,258,178,330
169,155,70,23,185,27,164,51,56,71,139,188,311,129,89,85,128,309,197,24,97,218,99,79,131,56,127,97,81,252,273,471,92,186,41,217,162,31,79,178,131,34,146,70,145,174,116,178,26,127
361,311,157,60,323,73,326,104,107,136,271,388,604,206,189,212,282,568,331,49,184,366,199,133,226,79,205,190,173,405,531,945,186,299,76,377,333,55,172,343,218,73,268,129,277,326,236,330,127,108
