253,429,231,94,468,111,435,181,162,253,426,576,819,375,321,317,358,840,503,81,332,557,354,191,349,147,376,278,287,587,732,1142,237,480,113,482,471,87,252,440,281,97,371,186,416,429,313,476,167,366
429,203,159,72,439,110,445,116,118,173,365,457,768,298,217,247,298,756,431,45,232,453,257,187,282,120,291,203,200,520,651,1164,213,393,101,427,409,61,211,462,285,87,323,166,381,374,261,454,172,295
231,159,33,34,214,37,185,73,62,83,173,232,368,142,98,99,138,353,177,17,107,183,123,81,112,53,124,92,91,251,321,590,131,183,42,205,180,34,101,204,136,31,157,69,155,180,125,201,76,154
94,72,34,7,67,17,76,29,26,36,70,104,151,58,50,50,45,152,84,8,50,70,51,37,59,30,59,41,51,97,116,217,40,73,22,76,88,12,50,74,53,19,66,35,83,79,54,87,40,57
468,439,214,67,277,103,488,155,165,207,451,588,889,310,259,298,349,876,510,57,282,515,289,205,338,145,350,258,273,572,781,1390,258,486,109,527,489,91,282,546,321,115,390,189,426,469,294,524,163,367
111,110,37,17,103,9,91,38,35,48,88,144,197,74,61,65,76,182,111,19,59,107,85,51,73,28,77,52,77,130,161,289,52,95,29,103,92,23,55,108,71,22,83,39,90,84,69,96,43,72
435,445,185,76,488,91,216,144,150,205,380,556,873,296,244,258,327,844,487,67,258,491,286,200,304,119,329,257,268,569,691,1311,258,475,122,483,455,80,219,507,334,126,376,190,376,416,287,444,179,362
181,116,73,29,155,38,144,20,46,69,117,181,308,98,95,88,107,279,148,28,93,154,91,52,109,41,91,65,74,180,230,454,94,134,48,147,142,24,74,160,97,22,127,50,119,147,108,178,63,102
162,118,62,26,165,35,150,46,20,62,131,194,308,87,90,79,123,286,167,20,93,165,79,71,116,47,113,75,82,191,239,452,89,145,33,173,154,41,84,174,106,39,113,62,140,158,104,166,55,105
253,173,83,36,207,48,205,69,62,52,167,222,371,145,109,133,137,386,204,33,111,214,140,85,141,51,149,115,107,264,291,552,114,196,44,208,196,32,109,195,154,52,170,76,164,196,142,225,81,139
426,365,173,70,451,88,380,117,131,167,153,497,763,302,250,269,288,757,423,62,237,446,283,168,311,113,302,209,251,535,631,1147,240,403,93,441,374,80,227,427,289,105,320,163,378,392,283,458,166,267
576,457,232,104,588,144,556,181,194,222,497,312,995,371,286,306,414,1009,583,63,329,571,346,231,359,143,372,269,270,727,857,1539,288,563,152,586,528,88,281,601,394,132,396,229,472,533,383,551,213,417
819,768,368,151,889,197,873,308,308,371,763,995,750,589,457,515,636,1447,948,124,529,889,556,347,662,260,626,430,435,1167,1358,2400,435,828,212,966,764,147,437,958,569,190,665,380,749,813,568,945,301,639
375,298,142,58,310,74,296,98,87,145,302,371,589,107,182,199,224,580,320,34,191,291,197,140,211,83,225,140,154,392,494,928,158,277,83,328,295,54,175,346,214,67,270,154,256,294,241,298,109,217
321,217,98,50,259,61,244,95,90,109,250,286,457,182,70,153,217,446,259,31,154,296,175,105,169,68,150,123,133,311,412,752,168,272,56,258,246,38,141,266,173,49,208,94,217,239,156,257,100,188
317,247,99,50,298,65,258,88,79,133,269,306,515,199,153,84,208,528,307,39,157,312,177,125,201,68,180,120,125,319,447,857,166,272,65,295,280,42,140,326,175,61,200,100,236,275,194,309,113,194
358,298,138,45,349,76,327,107,123,137,288,414,636,224,217,208,132,638,373,38,192,380,238,145,246,87,249,157,169,439,556,1026,201,338,73,371,306,44,165,342,238,67,258,128,297,338,245,363,138,228
840,756,353,152,876,182,844,279,286,386,757,1009,1447,580,446,528,638,808,877,139,518,880,520,338,634,254,614,417,429,1165,1317,2351,445,806,196,968,804,146,441,925,625,208,664,358,754,820,599,894,321,606
503,431,177,84,510,111,487,148,167,204,423,583,948,320,259,307,373,877,231,77,264,471,287,215,335,111,338,228,257,649,750,1420,276,473,96,537,503,75,245,558,313,103,407,181,419,448,304,552,186,311
81,45,17,8,57,19,67,28,20,33,62,63,124,34,31,39,38,139,77,4,33,69,32,19,48,17,35,24,26,89,93,186,32,71,18,68,59,12,34,69,49,10,62,23,59,56,35,71,31,55
332,232,107,50,282,59,258,93,93,111,237,329,529,191,154,157,192,518,264,33,55,282,191,107,189,84,201,139,131,356,433,769,168,250,71,269,251,43,143,311,163,60,206,101,242,263,179,283,119,184
557,453,183,70,515,107,491,154,165,214,446,571,889,291,296,312,380,880,471,69,282,278,288,209,351,119,330,250,291,658,752,1397,250,489,109,554,469,84,280,563,304,99,426,185,424,480,341,544,194,362
354,257,123,51,289,85,286,91,79,140,283,346,556,197,175,177,238,520,287,32,191,288,109,138,207,73,192,144,147,389,429,807,161,282,74,311,295,51,154,325,203,51,243,108,239,239,206,291,111,228
191,187,81,37,205,51,200,52,71,85,168,231,347,140,105,125,145,338,215,19,107,209,138,39,124,43,120,94,113,218,300,509,84,195,45,213,198,19,92,203,135,41,161,78,160,195,142,214,69,146
349,282,112,59,338,73,304,109,116,141,311,359,662,211,169,201,246,634,335,48,189,351,207,124,96,69,198,157,165,447,494,949,195,321,76,352,320,52,176,332,231,73,269,115,269,289,202,336,132,254
147,120,53,30,145,28,119,41,47,51,113,143,260,83,68,68,87,254,111,17,84,119,73,43,69,19,81,73,69,177,186,387,77,126,28,135,110,26,64,143,83,30,108,52,92,121,77,132,48,75
376,291,124,59,350,77,329,91,113,149,302,372,626,225,150,180,249,614,338,35,201,330,192,120,198,81,116,161,182,398,507,905,176,324,83,353,294,51,170,379,241,79,280,128,267,309,201,380,123,229
278,203,92,41,258,52,257,65,75,115,209,269,430,140,123,120,157,417,228,24,139,250,144,94,157,73,161,51,131,276,357,660,137,217,41,237,209,35,107,228,132,50,177,92,199,223,125,264,110,156
287,200,91,51,273,77,268,74,82,107,251,270,435,154,133,125,169,429,257,26,131,291,147,113,165,69,182,131,65,276,409,700,141,228,61,253,231,44,105,277,176,53,212,104,203,226,158,272,104,182
587,520,251,97,572,130,569,180,191,264,535,727,1167,392,311,319,439,1165,649,89,356,658,389,218,447,177,398,276,276,374,918,1810,343,584,134,690,579,121,309,681,421,127,476,222,500,595,383,663,234,405
732,651,321,116,781,161,691,230,239,291,631,857,1358,494,412,447,556,1317,750,93,433,752,429,300,494,186,507,357,409,918,579,2107,409,720,169,795,686,118,386,835,503,186,538,288,619,683,442,769,267,530
1142,1164,590,217,1390,289,1311,454,452,552,1147,1539,2400,928,752,857,1026,2351,1420,186,769,1397,807,509,949,387,905,660,700,1810,2107,1808,713,1330,308,1476,1321,243,675,1435,949,284,981,539,1131,1236,891,1417,484,961
237,213,131,40,258,52,258,94,89,114,240,288,435,158,168,166,201,445,276,32,168,250,161,84,195,77,176,137,141,343,409,713,77,240,56,281,230,31,125,283,188,58,179,102,237,253,172,294,85,224
480,393,183,73,486,95,475,134,145,196,403,563,828,277,272,272,338,806,473,71,250,489,282,195,321,126,324,217,228,584,720,1330,240,234,99,478,421,89,230,495,295,97,383,167,413,443,295,474,192,348
113,101,42,22,109,29,122,48,33,44,93,152,212,83,56,65,73,196,96,18,71,109,74,45,76,28,83,41,61,134,169,308,56,99,11,107,116,14,74,110,89,25,84,39,99,98,65,126,40,84
482,427,205,76,527,103,483,147,173,208,441,586,966,328,258,295,371,968,537,68,269,554,311,213,352,135,353,237,253,690,795,1476,281,478,107,252,471,68,269,528,370,96,390,179,398,505,319,533,201,352
471,409,180,88,489,92,455,142,154,196,374,528,764,295,246,280,306,804,503,59,251,469,295,198,320,110,294,209,231,579,686,1321,230,421,116,471,224,66,232,488,328,97,362,164,382,419,286,534,160,343
87,61,34,12,91,23,80,24,41,32,80,88,147,54,38,42,44,146,75,12,43,84,51,19,52,26,51,35,44,121,118,243,31,89,14,68,66,7,47,86,45,13,69,22,66,62,40,83,31,61
252,211,101,50,282,55,219,74,84,109,227,281,437,175,141,140,165,441,245,34,143,280,154,92,176,64,170,107,105,309,386,675,125,230,74,269,232,47,64,273,164,34,192,96,205,237,170,260,104,165
440,462,204,74,546,108,507,160,174,195,427,601,958,346,266,326,342,925,558,69,311,563,325,203,332,143,379,228,277,681,835,1435,283,495,110,528,488,86,273,285,350,128,411,189,456,504,306,590,177,378
281,285,136,53,321,71,334,97,106,154,289,394,569,214,173,175,238,625,313,49,163,304,203,135,231,83,241,132,176,421,503,949,188,295,89,370,328,45,164,350,91,71,255,133,265,303,196,338,146,228
97,87,31,19,115,22,126,22,39,52,105,132,190,67,49,61,67,208,103,10,60,99,51,41,73,30,79,50,53,127,186,284,58,97,25,96,97,13,34,128,71,10,78,46,77,97,61,129,44,81
371,323,157,66,390,83,376,127,113,170,320,396,665,270,208,200,258,664,407,62,206,426,243,161,269,108,280,177,212,476,538,981,179,383,84,390,362,69,192,411,255,78,162,135,335,327,248,376,151,288
186,166,69,35,189,39,190,50,62,76,163,229,380,154,94,100,128,358,181,23,101,185,108,78,115,52,128,92,104,222,288,539,102,167,39,179,164,22,96,189,133,46,135,32,155,206,121,201,65,136
416,381,155,83,426,90,376,119,140,164,378,472,749,256,217,236,297,754,419,59,242,424,239,160,269,92,267,199,203,500,619,1131,237,413,99,398,382,66,205,456,265,77,335,155,172,368,271,428,155,277
429,374,180,79,469,84,416,147,158,196,392,533,813,294,239,275,338,820,448,56,263,480,239,195,289,121,309,223,226,595,683,1236,253,443,98,505,419,62,237,504,303,97,327,206,368,181,257,490,151,312
313,261,125,54,294,69,287,108,104,142,283,383,568,241,156,194,245,599,304,35,179,341,206,142,202,77,201,125,158,383,442,891,172,295,65,319,286,40,170,306,196,61,248,121,271,257,92,321,125,226
476,454,201,87,524,96,444,178,166,225,458,551,945,298,257,309,363,894,552,71,283,544,291,214,336,132,380,264,272,663,769,1417,294,474,126,533,534,83,260,590,338,129,376,201,428,490,321,266,183,362
167,172,76,40,163,43,179,63,55,81,166,213,301,109,100,113,138,321,186,31,119,194,111,69,132,48,123,110,104,234,267,484,85,192,40,201,160,31,104,177,146,44,151,65,155,151,125,183,24,142
366,295,154,57,367,72,362,102,105,139,267,417,639,217,188,194,228,606,311,55,184,362,228,146,254,75,229,156,182,405,530,961,224,348,84,352,343,61,165,378,228,81,288,136,277,312,226,362,142,101
