262,435,204,91,482,114,444,147,160,243,437,516,758,368,299,340,325,738,439,69,318,463,365,181,365,158,385,283,316,572,728,1139,237,472,100,488,473,93,217,434,307,108,375,186,433,387,325,448,178,355
435,168,176,79,422,104,437,139,133,197,376,495,747,289,238,253,338,764,438,48,221,448,281,155,246,98,247,202,228,534,643,1221,232,375,110,443,414,97,211,445,287,82,342,163,351,398,257,458,153,278
204,176,34,35,199,51,191,63,56,88,168,223,346,120,98,105,132,342,187,27,103,190,117,89,134,48,138,95,84,285,319,567,123,204,46,211,181,33,99,204,129,42,172,64,154,193,124,200,80,133
91,79,35,10,98,14,87,23,30,38,73,102,159,64,55,55,71,163,89,14,56,91,69,40,78,23,63,46,52,119,136,217,56,70,20,80,90,8,37,75,48,21,55,23,68,59,57,98,26,56
482,422,199,98,250,122,486,151,171,220,445,562,896,316,265,306,382,875,535,60,312,533,282,201,316,119,335,247,260,623,749,1442,291,487,115,538,488,84,292,538,338,106,380,182,414,443,305,506,186,359
114,104,51,14,122,8,107,35,31,50,94,121,206,69,61,72,82,226,115,21,67,107,79,36,94,32,96,68,53,144,165,295,56,86,31,119,101,16,42,100,79,28,90,39,93,92,77,127,39,69
444,437,191,87,486,107,247,165,148,215,400,524,858,297,248,282,338,880,517,60,286,479,296,191,327,125,367,240,250,600,732,1301,241,441,115,501,468,74,250,493,336,115,386,166,394,433,306,508,168,324
147,139,63,23,151,35,165,17,46,83,137,175,293,91,72,97,118,270,141,20,67,169,81,68,94,39,89,78,66,175,245,408,70,151,34,154,162,23,59,170,99,26,123,59,130,138,101,169,54,102
160,133,56,30,171,31,148,46,31,72,138,176,271,103,101,95,125,267,181,26,99,184,90,66,106,37,106,67,91,205,241,479,88,149,39,185,163,25,70,154,99,40,110,57,140,175,109,161,64,100
243,197,88,38,220,50,215,83,72,38,177,214,376,130,135,144,152,388,225,22,117,228,156,88,141,48,145,112,114,261,302,539,112,199,54,211,205,34,128,188,140,47,155,81,184,177,153,223,74,149
437,376,168,73,445,94,400,137,138,177,174,446,714,282,247,274,316,701,425,50,266,448,261,167,276,100,298,217,235,542,640,1082,215,386,101,464,381,87,226,434,315,77,318,175,363,377,290,458,150,316
516,495,223,102,562,121,524,175,176,214,446,294,994,370,319,324,380,1000,551,64,320,578,318,229,355,124,369,236,284,691,829,1511,310,516,140,551,516,96,295,603,345,100,425,197,423,518,340,538,208,349
758,747,346,159,896,206,858,293,271,376,714,994,824,587,467,492,645,1419,909,122,519,893,557,352,552,234,588,432,459,1125,1312,2389,496,795,196,929,854,144,437,891,583,159,649,370,679,818,553,867,332,582
368,289,120,64,316,69,297,91,103,130,282,370,587,110,164,196,242,614,328,32,170,330,199,136,209,84,228,141,187,400,481,911,175,300,68,327,320,57,151,323,250,65,260,124,236,286,210,331,108,233
299,238,98,55,265,61,248,72,101,135,247,319,467,164,67,136,193,498,268,32,175,258,167,112,184,71,178,122,128,327,373,767,147,240,64,267,255,45,123,308,173,57,198,90,193,229,165,306,94,185
340,253,105,55,306,72,282,97,95,144,274,324,492,196,136,74,224,516,306,44,163,312,177,120,200,84,194,124,151,355,455,859,171,269,70,303,282,56,130,314,197,63,236,104,202,266,186,311,113,213
325,338,132,71,382,82,338,118,125,152,316,380,645,242,193,224,122,642,344,43,211,344,235,139,235,94,273,174,182,459,537,1000,198,367,100,362,359,62,176,379,236,69,292,137,310,339,258,375,157,232
738,764,342,163,875,226,880,270,267,388,701,1000,1419,614,498,516,642,764,906,122,511,927,576,379,595,234,606,413,459,1111,1289,2367,481,820,215,954,833,158,427,885,562,183,646,343,717,773,600,897,346,580
439,438,187,89,535,115,517,141,181,225,425,551,909,328,268,306,344,906,257,57,277,449,291,227,342,125,335,233,258,655,743,1357,262,496,121,544,468,80,242,516,328,116,364,221,416,435,317,494,199,293
69,48,27,14,60,21,60,20,26,22,50,64,122,32,32,44,43,122,57,3,31,55,27,19,45,12,27,39,22,78,97,177,38,71,15,69,57,10,27,81,57,11,45,20,54,44,33,68,20,35
318,221,103,56,312,67,286,67,99,117,266,320,519,170,175,163,211,511,277,31,63,308,183,124,195,81,190,134,136,339,424,757,159,274,68,298,251,44,160,306,205,55,211,114,232,258,153,286,109,190
463,448,190,91,533,107,479,169,184,228,448,578,893,330,258,312,344,927,449,55,308,246,292,215,353,124,331,258,292,642,753,1420,256,482,121,532,477,93,253,544,361,106,390,193,418,448,331,468,210,311
365,281,117,69,282,79,296,81,90,156,261,318,557,199,167,177,235,576,291,27,183,292,108,126,188,79,198,136,143,383,421,808,161,284,72,316,286,52,156,329,213,56,227,109,238,287,177,335,111,195
181,155,89,40,201,36,191,68,66,88,167,229,352,136,112,120,139,379,227,19,124,215,126,37,122,49,112,83,119,240,308,568,105,176,55,191,193,39,104,219,150,37,145,68,152,203,137,240,72,143
365,246,134,78,316,94,327,94,106,141,276,355,552,209,184,200,235,595,342,45,195,353,188,122,100,76,197,149,163,387,503,906,158,318,81,333,323,52,166,366,203,56,256,122,230,321,209,373,111,239
158,98,48,23,119,32,125,39,37,48,100,124,234,84,71,84,94,234,125,12,81,124,79,49,76,17,74,54,84,140,198,336,78,99,34,136,122,25,61,105,90,27,94,39,123,131,73,128,36,86
385,247,138,63,335,96,367,89,106,145,298,369,588,228,178,194,273,606,335,27,190,331,198,112,197,74,107,165,197,417,493,958,176,318,78,365,321,69,169,340,263,77,259,122,295,322,209,354,102,220
283,202,95,46,247,68,240,78,67,112,217,236,432,141,122,124,174,413,233,39,134,258,136,83,149,54,165,54,115,278,385,675,137,222,54,248,226,44,132,243,156,33,167,75,208,214,149,231,95,157
316,228,84,52,260,53,250,66,91,114,235,284,459,187,128,151,182,459,258,22,136,292,143,119,163,84,197,115,65,316,391,696,133,245,48,257,250,38,117,272,165,55,201,93,207,219,155,264,95,166
572,534,285,119,623,144,600,175,205,261,542,691,1125,400,327,355,459,1111,655,78,339,642,383,240,387,140,417,278,316,355,938,1803,344,589,149,691,576,109,285,636,415,119,431,248,505,581,403,624,220,409
728,643,319,136,749,165,732,245,241,302,640,829,1312,481,373,455,537,1289,743,97,424,753,421,308,503,198,493,385,391,938,597,2000,408,692,151,848,712,116,406,761,513,148,619,311,596,673,467,769,281,508
1139,1221,567,217,1442,295,1301,408,479,539,1082,1511,2389,911,767,859,1000,2367,1357,177,757,1420,808,568,906,336,958,675,696,1803,2000,1877,760,1299,292,1455,1268,242,684,1354,913,301,1017,528,1082,1179,862,1349,495,938
237,232,123,56,291,56,241,70,88,112,215,310,496,175,147,171,198,481,262,38,159,256,161,105,158,78,176,137,133,344,408,760,75,249,58,283,243,48,144,282,170,53,200,101,214,230,146,268,100,191
472,375,204,70,487,86,441,151,149,199,386,516,795,300,240,269,367,820,496,71,274,482,284,176,318,99,318,222,245,589,692,1299,249,236,112,490,445,70,254,476,311,105,347,148,358,416,303,475,178,310
100,110,46,20,115,31,115,34,39,54,101,140,196,68,64,70,100,215,121,15,68,121,72,55,81,34,78,54,48,149,151,292,58,112,9,139,103,21,62,117,74,16,83,43,90,101,68,109,51,83
488,443,211,80,538,119,501,154,185,211,464,551,929,327,267,303,362,954,544,69,298,532,316,191,333,136,365,248,257,691,848,1455,283,490,139,260,490,87,281,539,370,123,427,203,432,506,317,542,225,351
473,414,181,90,488,101,468,162,163,205,381,516,854,320,255,282,359,833,468,57,251,477,286,193,323,122,321,226,250,576,712,1268,243,445,103,490,249,80,225,491,306,104,352,165,340,433,304,465,184,319
93,97,33,8,84,16,74,23,25,34,87,96,144,57,45,56,62,158,80,10,44,93,52,39,52,25,69,44,38,109,116,242,48,70,21,87,80,3,43,96,51,21,55,39,77,80,58,87,22,69
217,211,99,37,292,42,250,59,70,128,226,295,437,151,123,130,176,427,242,27,160,253,156,104,166,61,169,132,117,285,406,684,144,254,62,281,225,43,57,264,169,61,189,104,187,211,161,239,103,155
434,445,204,75,538,100,493,170,154,188,434,603,891,323,308,314,379,885,516,81,306,544,329,219,366,105,340,243,272,636,761,1354,282,476,117,539,491,96,264,306,350,94,401,224,476,506,308,555,195,379
307,287,129,48,338,79,336,99,99,140,315,345,583,250,173,197,236,562,328,57,205,361,213,150,203,90,263,156,165,415,513,913,170,311,74,370,306,51,169,350,92,60,239,123,292,283,191,367,139,223
108,82,42,21,106,28,115,26,40,47,77,100,159,65,57,63,69,183,116,11,55,106,56,37,56,27,77,33,55,119,148,301,53,105,16,123,104,21,61,94,60,13,70,38,82,78,60,89,37,53
375,342,172,55,380,90,386,123,110,155,318,425,649,260,198,236,292,646,364,45,211,390,227,145,256,94,259,167,201,431,619,1017,200,347,83,427,352,55,189,401,239,70,150,138,301,336,230,416,128,261
186,163,64,23,182,39,166,59,57,81,175,197,370,124,90,104,137,343,221,20,114,193,109,68,122,39,122,75,93,248,311,528,101,148,43,203,165,39,104,224,123,38,138,36,141,179,129,183,64,109
433,351,154,68,414,93,394,130,140,184,363,423,679,236,193,202,310,717,416,54,232,418,238,152,230,123,295,208,207,505,596,1082,214,358,90,432,340,77,187,476,292,82,301,141,129,400,236,407,129,276
387,398,193,59,443,92,433,138,175,177,377,518,818,286,229,266,339,773,435,44,258,448,287,203,321,131,322,214,219,581,673,1179,230,416,101,506,433,80,211,506,283,78,336,179,400,213,257,465,176,315
325,257,124,57,305,77,306,101,109,153,290,340,553,210,165,186,258,600,317,33,153,331,177,137,209,73,209,149,155,403,467,862,146,303,68,317,304,58,161,308,191,60,230,129,236,257,99,343,109,245
448,458,200,98,506,127,508,169,161,223,458,538,867,331,306,311,375,897,494,68,286,468,335,240,373,128,354,231,264,624,769,1349,268,475,109,542,465,87,239,555,367,89,416,183,407,465,343,249,187,333
178,153,80,26,186,39,168,54,64,74,150,208,332,108,94,113,157,346,199,20,109,210,111,72,111,36,102,95,95,220,281,495,100,178,51,225,184,22,103,195,139,37,128,64,129,176,109,187,40,129
355,278,133,56,359,69,324,102,100,149,316,349,582,233,185,213,232,580,293,35,190,311,195,143,239,86,220,157,166,409,508,938,191,310,83,351,319,69,155,379,223,53,261,109,276,315,245,333,129,126
