258,487,225,86,534,101,496,178,163,257,457,532,871,390,324,328,350,887,526,55,299,520,347,246,407,162,396,273,322,666,748,1203,261,492,97,519,471,85,248,495,294,89,372,181,449,413,320,503,173,369
487,187,168,68,423,94,433,135,142,185,397,500,807,301,245,265,317,780,427,64,220,431,262,173,293,97,292,200,198,560,641,1230,246,385,97,456,406,89,229,473,283,95,335,175,345,425,272,463,160,314
225,168,36,30,215,37,179,54,64,83,161,234,342,122,99,101,137,331,174,23,107,204,105,72,121,43,128,85,104,239,299,572,107,184,44,212,199,30,108,240,132,38,160,81,146,186,132,208,85,136
86,68,30,5,80,16,97,29,36,33,60,107,154,49,44,47,65,149,90,10,51,94,48,30,48,19,43,32,35,110,114,206,41,84,18,101,84,15,47,77,67,21,70,39,56,79,57,87,33,58
534,423,215,80,248,105,506,151,168,210,407,569,966,335,268,287,375,890,516,60,262,542,284,206,346,141,343,226,248,653,768,1410,262,442,113,553,494,89,245,547,350,116,357,185,414,456,342,535,193,310
101,94,37,16,105,12,114,42,42,41,86,146,189,77,53,70,81,183,123,19,71,123,58,43,65,26,67,52,54,139,168,290,49,115,26,119,111,17,54,107,81,25,91,43,76,99,77,116,38,79
496,433,179,97,506,114,257,151,188,207,444,577,910,325,269,276,400,892,481,63,259,494,314,194,341,119,347,208,234,599,713,1313,270,459,108,533,485,93,257,541,325,108,363,216,420,455,307,500,199,336
178,135,54,29,151,42,151,14,34,77,147,176,253,120,73,82,110,248,152,13,77,163,76,72,93,46,115,76,83,166,217,409,83,116,30,160,147,30,71,168,81,24,103,62,123,152,89,138,54,101
163,142,64,36,168,42,188,34,22,60,132,169,288,106,89,99,143,289,145,17,79,154,114,70,119,46,109,62,78,192,224,455,86,156,37,167,171,26,83,176,119,32,105,68,140,145,84,157,63,111
257,185,83,33,210,41,207,77,60,56,156,250,353,137,103,113,144,365,212,22,132,183,133,94,168,57,163,91,92,231,275,578,133,197,39,228,176,44,113,215,146,59,156,73,168,172,140,188,71,165
457,397,161,60,407,86,444,147,132,156,181,477,772,260,222,240,281,752,409,50,234,412,254,165,299,117,320,199,215,502,619,1185,230,374,94,439,423,95,232,446,270,107,319,168,332,358,265,412,150,307
532,500,234,107,569,146,577,176,169,250,477,318,1039,385,266,284,421,1062,604,71,296,569,295,229,386,132,319,259,290,718,883,1665,318,515,130,598,561,102,271,599,389,108,432,211,461,523,364,599,214,400
871,807,342,154,966,189,910,253,288,353,772,1039,850,584,480,516,685,1562,914,110,505,948,534,350,596,238,614,403,480,1243,1404,2611,500,907,244,978,812,141,475,1005,589,197,686,342,768,883,628,922,321,561
390,301,122,49,335,77,325,120,106,137,260,385,584,103,190,179,252,565,347,40,185,329,216,136,221,79,213,146,140,397,511,914,175,315,66,373,311,66,184,368,231,83,244,126,268,280,211,342,148,241
324,245,99,44,268,53,269,73,89,103,222,266,480,190,68,130,176,499,286,29,148,277,155,112,167,61,184,110,132,331,373,733,155,232,53,275,261,34,143,298,167,55,193,112,210,253,177,269,101,195
328,265,101,47,287,70,276,82,99,113,240,284,516,179,130,85,192,539,294,32,167,288,166,129,180,59,201,132,132,358,406,857,163,264,66,285,266,42,147,314,187,69,232,98,231,268,182,302,119,216
350,317,137,65,375,81,400,110,143,144,281,421,685,252,176,192,140,659,404,41,208,365,211,134,251,94,230,174,193,465,561,1026,192,348,80,347,336,52,193,362,238,85,264,144,302,314,237,374,133,228
887,780,331,149,890,183,892,248,289,365,752,1062,1562,565,499,539,659,896,916,106,521,918,549,364,572,235,612,415,451,1171,1450,2606,513,864,219,1029,835,161,465,1002,598,203,682,308,744,859,562,919,347,611
526,427,174,90,516,123,481,152,145,212,409,604,914,347,286,294,404,916,268,66,292,488,277,209,324,108,291,239,242,626,779,1473,270,467,136,557,470,96,255,579,323,100,386,178,390,484,321,503,197,344
55,64,23,10,60,19,63,13,17,22,50,71,110,40,29,32,41,106,66,0,32,71,36,29,33,16,45,26,40,75,86,181,34,65,13,58,65,13,25,76,42,19,49,19,52,51,44,60,25,25
299,220,107,51,262,71,259,77,79,132,234,296,505,185,148,167,208,521,292,32,71,295,149,138,189,72,170,135,144,319,397,759,156,238,57,308,267,30,130,311,193,50,228,104,202,296,171,281,107,200
520,431,204,94,542,123,494,163,154,183,412,569,948,329,277,288,365,918,488,71,295,244,298,203,358,136,351,249,251,646,734,1476,271,506,119,568,482,111,261,557,325,125,393,179,425,501,342,528,173,339
347,262,105,48,284,58,314,76,114,133,254,295,534,216,155,166,211,549,277,36,149,298,97,131,204,74,175,143,150,370,487,830,166,267,61,309,294,38,154,346,184,51,222,119,248,275,184,336,104,217
246,173,72,30,206,43,194,72,70,94,165,229,350,136,112,129,134,364,209,29,138,203,131,45,120,54,119,95,89,255,315,538,104,186,43,243,175,34,112,216,128,41,167,57,165,162,132,251,68,136
407,293,121,48,346,65,341,93,119,168,299,386,596,221,167,180,251,572,324,33,189,358,204,120,103,94,224,147,179,397,517,908,177,312,75,371,331,58,169,371,202,80,257,143,259,310,217,365,123,244
162,97,43,19,141,26,119,46,46,57,117,132,238,79,61,59,94,235,108,16,72,136,74,54,94,18,75,53,68,168,189,344,63,124,36,118,121,16,75,139,88,20,109,48,108,116,69,144,52,80
396,292,128,43,343,67,347,115,109,163,320,319,614,213,184,201,230,612,291,45,170,351,175,119,224,75,122,148,161,444,508,975,180,324,80,351,321,70,187,367,240,80,252,131,282,315,206,406,142,216
273,200,85,32,226,52,208,76,62,91,199,259,403,146,110,132,174,415,239,26,135,249,143,95,147,53,148,63,109,243,363,662,130,216,60,238,228,38,104,242,159,42,182,68,183,219,151,223,92,149
322,198,104,35,248,54,234,83,78,92,215,290,480,140,132,132,193,451,242,40,144,251,150,89,179,68,161,109,55,299,384,694,137,237,50,265,211,44,142,273,181,51,187,75,184,243,149,243,84,160
666,560,239,110,653,139,599,166,192,231,502,718,1243,397,331,358,465,1171,626,75,319,646,370,255,397,168,444,243,299,377,1010,1863,368,570,134,659,615,109,314,691,393,128,491,225,520,620,392,672,260,433
748,641,299,114,768,168,713,217,224,275,619,883,1404,511,373,406,561,1450,779,86,397,734,487,315,517,189,508,363,384,1010,587,2193,418,761,190,800,689,135,383,845,504,178,616,272,627,720,471,772,260,510
1203,1230,572,206,1410,290,1313,409,455,578,1185,1665,2611,914,733,857,1026,2606,1473,181,759,1476,830,538,908,344,975,662,694,1863,2193,2029,748,1347,342,1552,1273,251,703,1581,972,311,1106,522,1164,1324,896,1451,515,922
261,246,107,41,262,49,270,83,86,133,230,318,500,175,155,163,192,513,270,34,156,271,166,104,177,63,180,130,137,368,418,748,84,254,60,300,245,46,148,310,187,60,198,116,233,261,194,268,103,188
492,385,184,84,442,115,459,116,156,197,374,515,907,315,232,264,348,864,467,65,238,506,267,186,312,124,324,216,237,570,761,1347,254,226,119,522,497,82,245,518,299,103,365,179,393,475,330,497,198,339
97,97,44,18,113,26,108,30,37,39,94,130,244,66,53,66,80,219,136,13,57,119,61,43,75,36,80,60,50,134,190,342,60,119,10,123,101,20,58,118,83,32,68,38,100,85,54,129,39,61
519,456,212,101,553,119,533,160,167,228,439,598,978,373,275,285,347,1029,557,58,308,568,309,243,371,118,351,238,265,659,800,1552,300,522,123,255,481,79,282,570,360,94,454,195,448,464,312,596,209,360
471,406,199,84,494,111,485,147,171,176,423,561,812,311,261,266,336,835,470,65,267,482,294,175,331,121,321,228,211,615,689,1273,245,497,101,481,218,85,251,527,334,99,365,200,386,402,311,526,161,313
85,89,30,15,89,17,93,30,26,44,95,102,141,66,34,42,52,161,96,13,30,111,38,34,58,16,70,38,44,109,135,251,46,82,20,79,85,7,41,95,63,23,68,36,73,84,49,90,33,66
248,229,108,47,245,54,257,71,83,113,232,271,475,184,143,147,193,465,255,25,130,261,154,112,169,75,187,104,142,314,383,703,148,245,58,282,251,41,62,271,157,50,162,98,216,246,145,248,103,161
495,473,240,77,547,107,541,168,176,215,446,599,1005,368,298,314,362,1002,579,76,311,557,346,216,371,139,367,242,273,691,845,1581,310,518,118,570,527,95,271,316,359,118,412,205,463,481,360,583,202,362
294,283,132,67,350,81,325,81,119,146,270,389,589,231,167,187,238,598,323,42,193,325,184,128,202,88,240,159,181,393,504,972,187,299,83,360,334,63,157,359,108,67,268,134,273,308,196,342,122,214
89,95,38,21,116,25,108,24,32,59,107,108,197,83,55,69,85,203,100,19,50,125,51,41,80,20,80,42,51,128,178,311,60,103,32,94,99,23,50,118,67,10,79,39,89,101,84,113,42,62
372,335,160,70,357,91,363,103,105,156,319,432,686,244,193,232,264,682,386,49,228,393,222,167,257,109,252,182,187,491,616,1106,198,365,68,454,365,68,162,412,268,79,142,120,304,366,230,420,111,276
181,175,81,39,185,43,216,62,68,73,168,211,342,126,112,98,144,308,178,19,104,179,119,57,143,48,131,68,75,225,272,522,116,179,38,195,200,36,98,205,134,39,120,29,137,190,112,194,85,119
449,345,146,56,414,76,420,123,140,168,332,461,768,268,210,231,302,744,390,52,202,425,248,165,259,108,282,183,184,520,627,1164,233,393,100,448,386,73,216,463,273,89,304,137,169,383,268,429,162,255
413,425,186,79,456,99,455,152,145,172,358,523,883,280,253,268,314,859,484,51,296,501,275,162,310,116,315,219,243,620,720,1324,261,475,85,464,402,84,246,481,308,101,366,190,383,241,316,490,192,310
320,272,132,57,342,77,307,89,84,140,265,364,628,211,177,182,237,562,321,44,171,342,184,132,217,69,206,151,149,392,471,896,194,330,54,312,311,49,145,360,196,84,230,112,268,316,105,321,110,231
503,463,208,87,535,116,500,138,157,188,412,599,922,342,269,302,374,919,503,60,281,528,336,251,365,144,406,223,243,672,772,1451,268,497,129,596,526,90,248,583,342,113,420,194,429,490,321,246,197,355
173,160,85,33,193,38,199,54,63,71,150,214,321,148,101,119,133,347,197,25,107,173,104,68,123,52,142,92,84,260,260,515,103,198,39,209,161,33,103,202,122,42,111,85,162,192,110,197,27,119
369,314,136,58,310,79,336,101,111,165,307,400,561,241,195,216,228,611,344,25,200,339,217,136,244,80,216,149,160,433,510,922,188,339,61,360,313,66,161,362,214,62,276,119,255,310,231,355,119,104
