253,457,223,89,496,119,520,167,167,280,458,505,843,363,335,362,379,824,506,71,317,553,354,200,369,167,369,281,296,637,684,1207,251,483,116,529,528,97,252,521,345,96,389,190,448,437,306,521,178,386
457,186,192,67,436,90,397,109,149,171,371,514,806,271,227,229,360,790,447,52,243,449,242,151,259,127,295,205,216,553,666,1196,261,430,91,493,406,66,205,455,288,106,351,138,320,416,245,469,157,282
223,192,28,40,213,51,218,49,53,90,178,238,349,126,115,146,150,357,197,26,117,214,117,87,139,43,130,91,116,252,289,540,110,188,47,198,199,33,90,242,146,40,165,73,156,170,136,200,76,157
89,67,40,7,83,14,71,33,35,32,64,104,135,51,48,60,71,156,93,16,57,90,49,33,56,21,61,66,52,100,116,182,34,85,16,101,77,10,37,77,56,17,70,28,53,78,43,87,22,65
496,436,213,83,243,107,483,139,199,222,430,590,916,343,284,269,404,859,516,64,261,525,293,212,337,130,369,243,240,628,769,1457,293,441,112,548,454,75,247,569,334,111,401,203,421,497,346,540,195,349
119,90,51,14,107,7,98,34,40,30,70,144,203,65,66,63,87,212,107,23,66,110,75,35,71,30,82,59,64,125,156,278,61,100,21,134,103,18,55,114,74,29,86,32,73,93,61,101,35,70
520,397,218,71,483,98,228,160,151,183,399,542,897,318,274,285,397,891,479,66,254,491,304,195,328,136,335,224,253,605,722,1366,281,435,114,541,441,80,242,533,313,96,411,171,389,447,317,490,175,318
167,109,49,33,139,34,160,20,48,68,129,179,279,100,77,82,109,291,160,18,79,166,97,63,92,37,87,80,74,181,227,446,77,138,31,158,174,25,79,155,105,34,114,53,135,134,97,179,53,105
167,149,53,35,199,40,151,48,30,60,152,193,317,91,91,89,118,285,155,26,90,205,104,63,123,37,111,76,65,201,271,492,103,164,31,165,144,24,95,177,119,31,105,62,151,168,118,165,63,130
280,171,90,32,222,30,183,68,60,38,157,233,341,123,124,134,157,355,190,29,119,215,138,86,146,61,148,104,117,263,301,507,100,193,45,230,165,29,117,204,130,43,139,75,181,160,143,234,76,143
458,371,178,64,430,70,399,129,152,157,158,499,722,268,245,254,357,735,415,49,229,419,257,183,262,100,297,199,212,562,636,1139,242,394,99,497,361,68,246,426,260,100,323,155,325,401,256,432,138,305
505,514,238,104,590,144,542,179,193,233,499,306,1025,369,337,338,431,1027,561,69,289,616,324,226,353,140,348,266,295,687,892,1612,339,537,130,578,537,102,296,597,357,110,425,194,443,525,347,603,197,371
843,806,349,135,916,203,897,279,317,341,722,1025,841,598,508,528,684,1507,943,121,507,948,555,405,623,204,600,402,462,1154,1418,2497,508,891,214,971,835,175,457,1001,686,204,685,342,738,877,605,972,336,605
363,271,126,51,343,65,318,100,91,123,268,369,598,108,202,217,247,561,350,38,159,361,179,141,202,78,240,152,151,386,495,891,169,298,69,336,309,47,162,382,220,59,273,120,258,301,182,332,126,220
335,227,115,48,284,66,274,77,91,124,245,337,508,202,69,119,207,500,276,31,129,283,161,110,187,59,183,128,133,335,425,756,140,273,55,271,274,29,125,288,181,52,223,82,252,270,183,279,116,207
362,229,146,60,269,63,285,82,89,134,254,338,528,217,119,65,213,522,298,34,152,309,159,100,195,74,165,137,135,365,472,834,139,284,73,307,270,43,133,285,207,54,220,106,242,290,208,312,104,196
379,360,150,71,404,87,397,109,118,157,357,431,684,247,207,213,137,691,394,54,192,412,236,143,249,97,254,160,197,448,574,1053,193,340,90,370,353,67,169,426,243,87,279,157,316,378,220,425,146,274
824,790,357,156,859,212,891,291,285,355,735,1027,1507,561,500,522,691,784,946,120,514,932,521,370,625,216,616,435,475,1134,1431,2442,477,897,224,987,880,181,459,991,666,193,679,297,719,841,560,922,328,599
506,447,197,93,516,107,479,160,155,190,415,561,943,350,276,298,394,946,249,65,281,481,277,209,368,127,368,254,238,690,725,1423,296,490,118,584,471,93,250,533,338,103,387,184,415,454,337,574,183,351
71,52,26,16,64,23,66,18,26,29,49,69,121,38,31,34,54,120,65,1,31,66,36,22,28,18,40,35,36,72,92,179,34,64,9,54,59,7,36,71,41,13,59,28,34,58,40,72,26,43
317,243,117,57,261,66,254,79,90,119,229,289,507,159,129,152,192,514,281,31,79,254,203,107,180,74,184,133,130,357,419,810,152,260,74,278,287,53,142,284,179,56,231,101,216,258,155,294,116,196
553,449,214,90,525,110,491,166,205,215,419,616,948,361,283,309,412,932,481,66,254,257,319,215,353,142,351,257,251,662,776,1408,277,487,120,619,488,92,277,540,346,109,405,212,448,464,364,579,171,379
354,242,117,49,293,75,304,97,104,138,257,324,555,179,161,159,236,521,277,36,203,319,81,120,180,67,205,151,160,331,431,793,154,302,64,344,285,49,151,327,185,58,226,114,229,289,176,321,114,217
200,151,87,33,212,35,195,63,63,86,183,226,405,141,110,100,143,370,209,22,107,215,120,38,129,47,139,92,85,278,326,546,107,223,46,243,206,27,95,208,129,46,158,75,146,193,107,207,69,148
369,259,139,56,337,71,328,92,123,146,262,353,623,202,187,195,249,625,368,28,180,353,180,129,90,74,219,140,164,420,523,980,190,331,78,361,314,44,171,336,184,68,283,111,241,310,184,337,124,231
167,127,43,21,130,30,136,37,37,61,100,140,204,78,59,74,97,216,127,18,74,142,67,47,74,12,77,54,61,167,192,346,63,129,29,122,132,28,63,153,88,17,94,53,102,114,72,148,37,85
369,295,130,61,369,82,335,87,111,148,297,348,600,240,183,165,254,616,368,40,184,351,205,139,219,77,115,150,169,455,527,978,195,341,83,357,319,62,154,375,202,67,266,137,273,312,208,362,132,228
281,205,91,66,243,59,224,80,76,104,199,266,402,152,128,137,160,435,254,35,133,257,151,92,140,54,150,44,129,299,336,653,122,258,56,250,245,38,124,262,143,63,165,69,178,216,144,252,84,155
296,216,116,52,240,64,253,74,65,117,212,295,462,151,133,135,197,475,238,36,130,251,160,85,164,61,169,129,61,294,382,729,149,247,56,284,247,44,111,241,160,40,173,94,164,211,156,269,92,170
637,553,252,100,628,125,605,181,201,263,562,687,1154,386,335,365,448,1134,690,72,357,662,331,278,420,167,455,299,294,373,1019,1875,379,574,149,632,596,105,288,743,430,146,482,225,518,617,405,675,225,389
684,666,289,116,769,156,722,227,271,301,636,892,1418,495,425,472,574,1431,725,92,419,776,431,326,523,192,527,336,382,1019,569,2083,448,759,167,849,690,140,343,791,495,145,553,296,629,707,498,779,277,527
1207,1196,540,182,1457,278,1366,446,492,507,1139,1612,2497,891,756,834,1053,2442,1423,179,810,1408,793,546,980,346,978,653,729,1875,2083,1906,753,1353,315,1509,1294,237,720,1495,1012,302,1107,547,1137,1324,915,1476,530,914
251,261,110,34,293,61,281,77,103,100,242,339,508,169,140,139,193,477,296,34,152,277,154,107,190,63,195,122,149,379,448,753,70,264,70,302,248,38,128,300,207,47,204,116,223,280,148,295,109,182
483,430,188,85,441,100,435,138,164,193,394,537,891,298,273,284,340,897,490,64,260,487,302,223,331,129,341,258,247,574,759,1353,264,221,99,491,449,81,250,541,320,117,350,148,396,473,306,516,172,341
116,91,47,16,112,21,114,31,31,45,99,130,214,69,55,73,90,224,118,9,74,120,64,46,78,29,83,56,56,149,167,315,70,99,10,130,109,19,65,128,67,32,98,43,87,102,67,128,36,80
529,493,198,101,548,134,541,158,165,230,497,578,971,336,271,307,370,987,584,54,278,619,344,243,361,122,357,250,284,632,849,1509,302,491,130,284,521,92,252,600,394,108,442,211,433,554,306,557,209,376
528,406,199,77,454,103,441,174,144,165,361,537,835,309,274,270,353,880,471,59,287,488,285,206,314,132,319,245,247,596,690,1294,248,449,109,521,212,80,227,501,323,100,343,163,364,434,316,467,158,315
97,66,33,10,75,18,80,25,24,29,68,102,175,47,29,43,67,181,93,7,53,92,49,27,44,28,62,38,44,105,140,237,38,81,19,92,80,5,45,94,53,29,69,36,70,82,67,101,30,70
252,205,90,37,247,55,242,79,95,117,246,296,457,162,125,133,169,459,250,36,142,277,151,95,171,63,154,124,111,288,343,720,128,250,65,252,227,45,60,252,165,54,173,77,215,235,170,289,97,179
521,455,242,77,569,114,533,155,177,204,426,597,1001,382,288,285,426,991,533,71,284,540,327,208,336,153,375,262,241,743,791,1495,300,541,128,600,501,94,252,286,321,108,421,210,461,506,334,568,186,345
345,288,146,56,334,74,313,105,119,130,260,357,686,220,181,207,243,666,338,41,179,346,185,129,184,88,202,143,160,430,495,1012,207,320,67,394,323,53,165,321,113,75,261,117,253,328,198,361,114,255
96,106,40,17,111,29,96,34,31,43,100,110,204,59,52,54,87,193,103,13,56,109,58,46,68,17,67,63,40,146,145,302,47,117,32,108,100,29,54,108,75,13,74,24,75,94,59,102,34,67
389,351,165,70,401,86,411,114,105,139,323,425,685,273,223,220,279,679,387,59,231,405,226,158,283,94,266,165,173,482,553,1107,204,350,98,442,343,69,173,421,261,74,141,162,325,366,272,394,137,240
190,138,73,28,203,32,171,53,62,75,155,194,342,120,82,106,157,297,184,28,101,212,114,75,111,53,137,69,94,225,296,547,116,148,43,211,163,36,77,210,117,24,162,35,165,167,127,195,70,130
448,320,156,53,421,73,389,135,151,181,325,443,738,258,252,242,316,719,415,34,216,448,229,146,241,102,273,178,164,518,629,1137,223,396,87,433,364,70,215,461,253,75,325,165,142,376,259,433,150,267
437,416,170,78,497,93,447,134,168,160,401,525,877,301,270,290,378,841,454,58,258,464,289,193,310,114,312,216,211,617,707,1324,280,473,102,554,434,82,235,506,328,94,366,167,376,227,290,517,180,295
306,245,136,43,346,61,317,97,118,143,256,347,605,182,183,208,220,560,337,40,155,364,176,107,184,72,208,144,156,405,498,915,148,306,67,306,316,67,170,334,198,59,272,127,259,290,97,361,112,205
521,469,200,87,540,101,490,179,165,234,432,603,972,332,279,312,425,922,574,72,294,579,321,207,337,148,362,252,269,675,779,1476,295,516,128,557,467,101,289,568,361,102,394,195,433,517,361,253,205,371
178,157,76,22,195,35,175,53,63,76,138,197,336,126,116,104,146,328,183,26,116,171,114,69,124,37,132,84,92,225,277,530,109,172,36,209,158,30,97,186,114,34,137,70,150,180,112,205,41,129
386,282,157,65,349,70,318,105,130,143,305,371,605,220,207,196,274,599,351,43,196,379,217,148,231,85,228,155,170,389,527,914,182,341,80,376,315,70,179,345,255,67,240,130,267,295,205,371,129,138
