241,442,200,90,500,116,463,169,175,250,425,525,847,386,289,338,337,847,491,66,323,482,352,215,353,156,352,289,289,591,732,1149,243,453,105,475,476,91,232,464,331,108,379,171,434,417,314,432,166,354
442,187,165,84,471,99,405,124,146,166,362,444,829,312,255,232,326,808,433,59,220,467,277,191,286,100,286,224,190,550,657,1196,247,419,97,472,409,73,210,440,271,85,333,146,359,405,294,496,186,284
200,165,40,35,204,48,194,52,73,78,173,226,365,115,79,98,134,366,209,32,106,205,110,80,123,40,117,100,103,247,310,566,96,188,35,204,180,26,98,213,132,49,148,73,159,168,99,213,76,145
90,84,35,7,107,19,81,27,30,49,72,80,145,71,50,56,66,130,84,11,43,74,57,36,65,27,78,37,57,110,110,215,45,85,13,92,60,14,47,102,61,16,75,35,80,77,65,92,23,67
500,471,204,107,254,135,523,137,162,216,448,569,878,343,284,339,425,903,528,66,267,496,282,199,348,107,355,225,238,636,787,1375,275,503,97,535,466,72,269,570,322,107,403,187,408,485,306,559,189,359
116,99,48,19,135,13,103,37,38,46,87,131,189,101,61,61,85,175,118,18,75,116,65,49,76,35,93,52,73,144,159,270,46,121,22,112,102,20,69,120,82,24,66,37,93,101,78,108,41,81
463,405,194,81,523,103,243,161,157,184,381,533,879,300,248,309,343,824,499,59,271,463,285,190,315,140,371,201,245,612,731,1298,253,464,103,500,442,72,248,509,300,101,386,175,374,447,323,489,155,353
169,124,52,27,137,37,161,24,65,56,116,174,310,105,77,81,114,273,150,24,92,153,89,63,103,25,86,63,94,209,224,447,85,115,45,146,152,27,75,157,119,35,132,55,127,148,101,182,59,129
175,146,73,30,162,38,157,65,25,66,133,194,276,111,86,103,104,277,171,24,95,174,91,72,94,42,118,74,83,199,234,439,86,144,34,155,162,24,87,178,115,40,148,49,137,149,111,166,58,120
250,166,78,49,216,46,184,56,66,51,170,199,359,148,119,118,158,364,214,21,125,230,143,77,137,56,147,108,94,261,336,599,117,190,39,213,207,40,91,199,119,45,163,83,177,201,150,200,73,145
425,362,173,72,448,87,381,116,133,170,171,458,728,297,223,243,281,728,399,51,255,459,270,158,280,105,281,225,224,548,634,1182,239,396,87,421,395,84,200,419,263,79,325,159,335,385,259,425,156,281
525,444,226,80,569,131,533,174,194,199,458,307,998,347,295,324,387,984,581,68,339,540,309,215,338,151,371,262,267,726,859,1547,304,525,135,621,526,81,283,599,363,129,436,216,450,482,365,588,198,369
847,829,365,145,878,189,879,310,276,359,728,998,780,557,493,543,666,1451,975,115,514,974,533,362,641,215,601,406,501,1147,1337,2340,490,817,197,942,842,147,460,969,593,196,678,337,771,811,598,951,342,648
386,312,115,71,343,101,300,105,111,148,297,347,557,98,187,196,229,589,333,42,176,359,194,153,205,91,256,157,152,418,488,901,184,315,75,317,319,56,178,346,224,81,259,118,265,308,201,341,126,232
289,255,79,50,284,61,248,77,86,119,223,295,493,187,68,151,181,502,284,38,132,284,166,118,174,69,182,128,140,310,374,753,138,257,62,234,235,38,140,270,168,54,197,103,220,247,162,286,91,185
338,232,98,56,339,61,309,81,103,118,243,324,543,196,151,82,190,554,274,47,145,300,168,116,171,65,181,132,123,374,411,816,147,294,70,265,268,50,150,317,178,57,211,110,215,254,147,304,108,168
337,326,134,66,425,85,343,114,104,158,281,387,666,229,181,190,122,639,377,59,198,357,214,144,237,99,254,191,197,471,549,997,211,334,71,354,305,72,172,375,227,81,283,125,279,344,232,350,128,245
847,808,366,130,903,175,824,273,277,364,728,984,1451,589,502,554,639,775,937,98,506,964,515,350,608,216,633,356,492,1105,1339,2356,475,840,201,964,840,138,440,951,615,182,679,299,702,830,556,944,314,624
491,433,209,84,528,118,499,150,171,214,399,581,975,333,284,274,377,937,259,60,316,473,310,196,348,125,344,219,239,659,768,1432,300,451,97,551,459,79,236,524,356,103,413,170,412,433,312,530,189,353
66,59,32,11,66,18,59,24,24,21,51,68,115,42,38,47,59,98,60,4,38,74,28,26,40,9,26,37,37,86,106,176,38,67,15,58,64,19,27,55,40,14,57,19,57,59,42,74,20,44
323,220,106,43,267,75,271,92,95,125,255,339,514,176,132,145,198,506,316,38,72,288,144,119,179,74,172,118,124,349,450,819,159,278,69,278,261,37,150,304,168,62,237,102,250,250,147,261,101,211
482,467,205,74,496,116,463,153,174,230,459,540,974,359,284,300,357,964,473,74,288,261,330,216,344,140,385,230,242,661,719,1430,285,500,96,531,474,104,246,569,351,110,387,184,413,457,335,514,197,365
352,277,110,57,282,65,285,89,91,143,270,309,533,194,166,168,214,515,310,28,144,330,85,117,201,79,204,165,130,366,422,843,156,289,76,301,289,51,148,339,201,59,242,103,235,281,194,314,112,219
215,191,80,36,199,49,190,63,72,77,158,215,362,153,118,116,144,350,196,26,119,216,117,34,145,62,146,110,100,254,305,560,112,204,31,194,186,50,92,204,112,33,165,68,168,210,142,214,76,152
353,286,123,65,348,76,315,103,94,137,280,338,641,205,174,171,237,608,348,40,179,344,201,145,100,84,223,162,170,403,496,972,184,318,72,350,310,57,163,365,242,73,259,116,255,337,216,353,136,241
156,100,40,27,107,35,140,25,42,56,105,151,215,91,69,65,99,216,125,9,74,140,79,62,84,16,71,62,69,156,175,364,76,120,25,128,124,18,65,130,74,25,82,49,124,126,86,121,53,98
352,286,117,78,355,93,371,86,118,147,281,371,601,256,182,181,254,633,344,26,172,385,204,146,223,71,105,162,136,445,498,1015,208,332,81,344,311,55,165,356,194,57,269,122,297,329,247,355,130,237
289,224,100,37,225,52,201,63,74,108,225,262,406,157,128,132,191,356,219,37,118,230,165,110,162,62,162,51,119,276,334,661,129,199,44,255,201,37,110,237,165,40,164,84,167,207,149,231,81,176
289,190,103,57,238,73,245,94,83,94,224,267,501,152,140,123,197,492,239,37,124,242,130,100,170,69,136,119,61,321,359,756,154,235,49,267,255,38,118,303,152,41,221,80,195,226,142,250,97,182
591,550,247,110,636,144,612,209,199,261,548,726,1147,418,310,374,471,1105,659,86,349,661,366,254,403,156,445,276,321,403,948,1685,333,616,142,678,565,88,320,627,416,136,492,218,488,579,382,650,219,461
732,657,310,110,787,159,731,224,234,336,634,859,1337,488,374,411,549,1339,768,106,450,719,422,305,496,175,498,334,359,948,555,2050,417,708,157,804,697,116,374,815,521,162,553,270,587,652,478,784,262,532
1149,1196,566,215,1375,270,1298,447,439,599,1182,1547,2340,901,753,816,997,2356,1432,176,819,1430,843,560,972,364,1015,661,756,1685,2050,1836,692,1275,278,1440,1294,228,707,1465,927,289,1021,489,1109,1284,902,1393,461,965
243,247,96,45,275,46,253,85,86,117,239,304,490,184,138,147,211,475,300,38,159,285,156,112,184,76,208,129,154,333,417,692,75,256,54,303,250,50,125,270,176,51,206,102,207,253,155,286,84,179
453,419,188,85,503,121,464,115,144,190,396,525,817,315,257,294,334,840,451,67,278,500,289,204,318,120,332,199,235,616,708,1275,256,239,132,469,451,77,230,497,296,105,349,171,382,432,307,492,185,330
105,97,35,13,97,22,103,45,34,39,87,135,197,75,62,70,71,201,97,15,69,96,76,31,72,25,81,44,49,142,157,278,54,132,9,119,114,20,68,109,77,20,105,32,87,107,66,124,43,62
475,472,204,92,535,112,500,146,155,213,421,621,942,317,234,265,354,964,551,58,278,531,301,194,350,128,344,255,267,678,804,1440,303,469,119,271,454,78,240,576,360,95,405,195,427,500,329,524,189,324
476,409,180,60,466,102,442,152,162,207,395,526,842,319,235,268,305,840,459,64,261,474,289,186,310,124,311,201,255,565,697,1294,250,451,114,454,216,82,241,503,294,96,358,172,365,453,308,476,184,314
91,73,26,14,72,20,72,27,24,40,84,81,147,56,38,50,72,138,79,19,37,104,51,50,57,18,55,37,38,88,116,228,50,77,20,78,82,8,31,80,49,13,64,21,67,91,49,81,25,61
232,210,98,47,269,69,248,75,87,91,200,283,460,178,140,150,172,440,236,27,150,246,148,92,163,65,165,110,118,320,374,707,125,230,68,240,241,31,68,263,170,61,198,92,227,231,167,270,94,178
464,440,213,102,570,120,509,157,178,199,419,599,969,346,270,317,375,951,524,55,304,569,339,204,365,130,356,237,303,627,815,1465,270,497,109,576,503,80,263,290,356,123,384,183,440,453,327,570,176,377
331,271,132,61,322,82,300,119,115,119,263,363,593,224,168,178,227,615,356,40,168,351,201,112,242,74,194,165,152,416,521,927,176,296,77,360,294,49,170,356,114,69,257,123,274,288,202,338,129,208
108,85,49,16,107,24,101,35,40,45,79,129,196,81,54,57,81,182,103,14,62,110,59,33,73,25,57,40,41,136,162,289,51,105,20,95,96,13,61,123,69,13,95,41,83,104,75,122,43,67
379,333,148,75,403,66,386,132,148,163,325,436,678,259,197,211,283,679,413,57,237,387,242,165,259,82,269,164,221,492,553,1021,206,349,105,405,358,64,198,384,257,95,138,137,325,360,208,375,155,253
171,146,73,35,187,37,175,55,49,83,159,216,337,118,103,110,125,299,170,19,102,184,103,68,116,49,122,84,80,218,270,489,102,171,32,195,172,21,92,183,123,41,137,44,157,158,116,192,54,128
434,359,159,80,408,93,374,127,137,177,335,450,771,265,220,215,279,702,412,57,250,413,235,168,255,124,297,167,195,488,587,1109,207,382,87,427,365,67,227,440,274,83,325,157,155,400,253,437,157,297
417,405,168,77,485,101,447,148,149,201,385,482,811,308,247,254,344,830,433,59,250,457,281,210,337,126,329,207,226,579,652,1284,253,432,107,500,453,91,231,453,288,104,360,158,400,193,305,496,178,285
314,294,99,65,306,78,323,101,111,150,259,365,598,201,162,147,232,556,312,42,147,335,194,142,216,86,247,149,142,382,478,902,155,307,66,329,308,49,167,327,202,75,208,116,253,305,100,358,107,229
432,496,213,92,559,108,489,182,166,200,425,588,951,341,286,304,350,944,530,74,261,514,314,214,353,121,355,231,250,650,784,1393,286,492,124,524,476,81,270,570,338,122,375,192,437,496,358,248,196,361
166,186,76,23,189,41,155,59,58,73,156,198,342,126,91,108,128,314,189,20,101,197,112,76,136,53,130,81,97,219,262,461,84,185,43,189,184,25,94,176,129,43,155,54,157,178,107,196,23,135
354,284,145,67,359,81,353,129,120,145,281,369,648,232,185,168,245,624,353,44,211,365,219,152,241,98,237,176,182,461,532,965,179,330,62,324,314,61,178,377,208,67,253,128,297,285,229,361,135,125
