252,510,223,93,497,96,467,190,193,234,433,497,840,404,307,336,390,869,508,72,299,510,340,192,353,182,402,262,312,634,687,1199,242,486,125,532,476,75,264,476,308,109,392,175,442,426,347,494,171,408
510,185,189,68,423,91,421,128,139,165,376,487,805,267,222,238,323,793,446,49,247,428,247,169,256,111,276,195,223,535,647,1228,248,400,104,474,391,70,199,463,295,87,347,155,346,403,263,478,145,305
223,189,37,41,193,42,184,53,81,86,172,242,371,125,94,94,153,369,204,17,94,233,100,95,140,51,146,87,86,257,304,572,117,182,54,205,190,29,105,230,133,33,160,72,166,215,113,225,79,130
93,68,41,4,90,9,76,29,27,39,72,98,157,63,53,58,57,158,88,9,49,82,74,37,65,25,60,43,49,103,117,225,43,70,22,91,78,13,34,76,54,24,65,34,82,80,56,81,36,72
497,423,193,90,264,119,492,148,172,215,437,551,925,330,266,302,354,926,501,58,263,504,255,197,330,125,344,236,255,635,800,1444,281,482,121,537,451,68,255,554,317,105,363,176,393,484,312,489,186,336
96,91,42,9,119,10,98,40,28,51,111,107,191,82,72,70,75,211,127,12,68,104,71,46,79,31,93,56,55,158,155,286,50,94,28,115,112,17,56,104,77,26,85,42,93,103,71,110,32,82
467,421,184,76,492,98,226,125,146,205,418,570,893,308,244,276,355,902,513,55,246,494,289,197,322,131,334,233,251,598,717,1358,257,430,112,507,404,99,239,507,348,91,383,154,367,469,297,532,178,320
190,128,53,29,148,40,125,24,51,64,120,174,278,91,92,83,103,266,163,12,74,149,88,67,96,39,87,60,86,180,224,421,112,137,29,170,139,16,59,156,99,30,114,53,113,150,97,165,59,96
193,139,81,27,172,28,146,51,23,77,138,178,296,109,88,105,127,293,156,16,81,181,88,79,110,49,120,83,90,192,262,443,98,152,34,170,149,28,89,183,123,33,127,72,153,167,104,197,59,108
234,165,86,39,215,51,205,64,77,39,168,256,378,132,112,111,140,366,211,21,128,214,133,76,135,51,132,112,119,223,312,548,109,212,43,209,194,37,92,206,119,43,166,84,160,188,144,224,87,132
433,376,172,72,437,111,418,120,138,168,171,501,758,266,229,271,306,755,429,51,268,451,245,152,280,89,273,212,226,514,644,1142,223,427,100,425,397,77,217,455,283,87,334,154,330,413,258,425,141,281
497,487,242,98,551,107,570,174,178,256,501,312,981,347,300,307,408,1004,571,72,291,595,337,227,344,153,369,248,265,755,879,1545,316,529,128,569,505,101,316,650,371,131,420,218,449,553,344,600,205,356
840,805,371,157,925,191,893,278,296,378,758,981,778,590,460,499,684,1469,964,132,461,935,514,393,584,252,609,407,461,1125,1389,2429,463,816,239,1017,855,164,436,1000,590,192,693,310,726,832,600,927,316,606
404,267,125,63,330,82,308,91,109,132,266,347,590,102,183,163,265,574,337,42,161,340,187,115,197,74,203,155,183,397,486,912,192,294,68,346,293,52,154,327,201,59,261,114,237,323,217,369,130,250
307,222,94,53,266,72,244,92,88,112,229,300,460,183,66,141,194,458,274,34,148,266,147,105,154,66,207,118,144,276,378,695,140,258,45,303,269,42,128,270,179,42,208,107,199,238,154,305,91,167
336,238,94,58,302,70,276,83,105,111,271,307,499,163,141,69,224,521,308,28,162,319,162,127,162,74,181,144,138,322,445,801,161,240,48,326,277,42,143,296,187,44,229,95,221,265,164,316,91,177
390,323,153,57,354,75,355,103,127,140,306,408,684,265,194,224,130,656,376,50,170,357,197,146,228,112,242,153,188,471,584,1045,192,334,85,374,359,60,167,396,243,70,265,151,306,342,223,371,139,235
869,793,369,158,926,211,902,266,293,366,755,1004,1469,574,458,521,656,825,979,117,467,946,530,375,624,254,611,426,456,1155,1416,2508,456,828,235,997,870,155,479,995,603,198,692,322,731,828,593,920,299,629
508,446,204,88,501,127,513,163,156,211,429,571,964,337,274,308,376,979,251,68,257,476,279,184,339,152,316,217,251,677,744,1468,277,449,113,588,506,83,254,573,332,107,384,204,395,495,344,495,189,356
72,49,17,9,58,12,55,12,16,21,51,72,132,42,34,28,50,117,68,1,32,68,40,22,45,18,41,23,27,66,90,197,43,49,21,54,65,10,20,73,36,16,43,26,56,57,44,56,36,44
299,247,94,49,263,68,246,74,81,128,268,291,461,161,148,162,170,467,257,32,76,277,163,95,196,52,152,106,142,347,406,788,145,252,63,291,287,56,125,322,184,40,216,103,207,259,166,298,94,181
510,428,233,82,504,104,494,149,181,214,451,595,935,340,266,319,357,946,476,68,277,259,316,170,313,138,335,229,258,656,741,1447,264,487,113,549,494,95,251,555,331,102,370,202,395,489,338,543,168,363
340,247,100,74,255,71,289,88,88,133,245,337,514,187,147,162,197,530,279,40,163,316,94,117,189,71,185,132,147,377,455,822,150,310,62,311,293,56,156,286,180,61,250,104,221,286,190,327,113,189
192,169,95,37,197,46,197,67,79,76,152,227,393,115,105,127,146,375,184,22,95,170,117,30,114,58,130,102,106,249,296,560,122,191,44,203,193,35,93,204,108,35,141,80,156,193,120,218,80,142
353,256,140,65,330,79,322,96,110,135,280,344,584,197,154,162,228,624,339,45,196,313,189,114,111,67,200,147,178,409,497,989,193,331,76,354,279,61,154,365,227,64,257,110,246,331,198,396,131,213
182,111,51,25,125,31,131,39,49,51,89,153,252,74,66,74,112,254,152,18,52,138,71,58,67,19,70,52,63,167,187,361,71,116,24,123,112,23,61,143,86,26,107,54,109,125,86,137,51,95
402,276,146,60,344,93,334,87,120,132,273,369,609,203,207,181,242,611,316,41,152,335,185,130,200,70,94,155,166,402,493,978,190,321,67,351,322,63,150,357,231,60,240,125,300,327,219,380,117,225
262,195,87,43,236,56,233,60,83,112,212,248,407,155,118,144,153,426,217,23,106,229,132,102,147,52,155,64,112,279,386,639,110,224,52,232,218,47,122,251,155,35,171,91,183,221,147,253,93,130
312,223,86,49,255,55,251,86,90,119,226,265,461,183,144,138,188,456,251,27,142,258,147,106,178,63,166,112,58,331,377,737,140,229,58,269,257,42,128,266,177,34,179,84,203,226,169,269,98,168
634,535,257,103,635,158,598,180,192,223,514,755,1125,397,276,322,471,1155,677,66,347,656,377,249,409,167,402,279,331,377,982,1763,314,605,148,656,617,102,341,711,408,149,509,243,510,569,383,682,220,433
687,647,304,117,800,155,717,224,262,312,644,879,1389,486,378,445,584,1416,744,90,406,741,455,296,497,187,493,386,377,982,585,2066,420,741,187,833,718,162,387,846,492,146,630,299,614,682,500,797,289,486
1199,1228,572,225,1444,286,1358,421,443,548,1142,1545,2429,912,695,801,1045,2508,1468,197,788,1447,822,560,989,361,978,639,737,1763,2066,1894,727,1290,343,1548,1280,250,695,1504,965,286,1018,535,1106,1251,925,1413,476,965
242,248,117,43,281,50,257,112,98,109,223,316,463,192,140,161,192,456,277,43,145,264,150,122,193,71,190,110,140,314,420,727,71,244,58,300,235,52,139,264,192,52,228,99,214,251,172,275,89,200
486,400,182,70,482,94,430,137,152,212,427,529,816,294,258,240,334,828,449,49,252,487,310,191,331,116,321,224,229,605,741,1290,244,214,102,527,420,77,214,519,289,90,365,168,399,440,317,494,191,333
125,104,54,22,121,28,112,29,34,43,100,128,239,68,45,48,85,235,113,21,63,113,62,44,76,24,67,52,58,148,187,343,58,102,8,129,113,18,49,110,77,26,93,35,90,121,82,127,37,80
532,474,205,91,537,115,507,170,170,209,425,569,1017,346,303,326,374,997,588,54,291,549,311,203,354,123,351,232,269,656,833,1548,300,527,129,252,478,88,276,612,375,117,418,217,436,498,331,545,186,375
476,391,190,78,451,112,404,139,149,194,397,505,855,293,269,277,359,870,506,65,287,494,293,193,279,112,322,218,257,617,718,1280,235,420,113,478,213,81,245,444,280,113,361,182,366,450,274,487,158,310
75,70,29,13,68,17,99,16,28,37,77,101,164,52,42,42,60,155,83,10,56,95,56,35,61,23,63,47,42,102,162,250,52,77,18,88,81,8,34,80,63,12,53,36,65,59,57,108,37,56
264,199,105,34,255,56,239,59,89,92,217,316,436,154,128,143,167,479,254,20,125,251,156,93,154,61,150,122,128,341,387,695,139,214,49,276,245,34,61,285,179,52,193,83,186,255,133,273,84,186
476,463,230,76,554,104,507,156,183,206,455,650,1000,327,270,296,396,995,573,73,322,555,286,204,365,143,357,251,266,711,846,1504,264,519,110,612,444,80,285,267,346,114,403,214,441,517,335,554,196,351
308,295,133,54,317,77,348,99,123,119,283,371,590,201,179,187,243,603,332,36,184,331,180,108,227,86,231,155,177,408,492,965,192,289,77,375,280,63,179,346,110,87,270,142,241,318,223,351,135,225
109,87,33,24,105,26,91,30,33,43,87,131,192,59,42,44,70,198,107,16,40,102,61,35,64,26,60,35,34,149,146,286,52,90,26,117,113,12,52,114,87,5,69,40,86,102,61,122,37,71
392,347,160,65,363,85,383,114,127,166,334,420,693,261,208,229,265,692,384,43,216,370,250,141,257,107,240,171,179,509,630,1018,228,365,93,418,361,53,193,403,270,69,134,152,298,331,263,397,138,255
175,155,72,34,176,42,154,53,72,84,154,218,310,114,107,95,151,322,204,26,103,202,104,80,110,54,125,91,84,243,299,535,99,168,35,217,182,36,83,214,142,40,152,36,153,199,126,211,72,101
442,346,166,82,393,93,367,113,153,160,330,449,726,237,199,221,306,731,395,56,207,395,221,156,246,109,300,183,203,510,614,1106,214,399,90,436,366,65,186,441,241,86,298,153,162,387,242,423,130,258
426,403,215,80,484,103,469,150,167,188,413,553,832,323,238,265,342,828,495,57,259,489,286,193,331,125,327,221,226,569,682,1251,251,440,121,498,450,59,255,517,318,102,331,199,387,179,310,490,196,299
347,263,113,56,312,71,297,97,104,144,258,344,600,217,154,164,223,593,344,44,166,338,190,120,198,86,219,147,169,383,500,925,172,317,82,331,274,57,133,335,223,61,263,126,242,310,102,363,114,213
494,478,225,81,489,110,532,165,197,224,425,600,927,369,305,316,371,920,495,56,298,543,327,218,396,137,380,253,269,682,797,1413,275,494,127,545,487,108,273,554,351,122,397,211,423,490,363,253,201,349
171,145,79,36,186,32,178,59,59,87,141,205,316,130,91,91,139,299,189,36,94,168,113,80,131,51,117,93,98,220,289,476,89,191,37,186,158,37,84,196,135,37,138,72,130,196,114,201,34,119
408,305,130,72,336,82,320,96,108,132,281,356,606,250,167,177,235,629,356,44,181,363,189,142,213,95,225,130,168,433,486,965,200,333,80,375,310,56,186,351,225,71,255,101,258,299,213,349,119,106
