270,462,215,85,500,117,494,163,173,230,485,533,819,339,295,321,353,828,553,69,327,525,367,226,393,167,387,284,301,626,724,1205,245,483,106,537,494,79,250,518,314,112,364,181,446,436,331,519,167,391
462,183,173,80,449,105,433,142,142,185,392,475,812,281,237,274,302,747,453,48,237,439,255,180,290,124,305,185,207,544,665,1212,249,381,79,428,403,76,236,437,289,93,343,152,345,424,276,469,168,286
215,173,38,34,222,61,196,59,66,73,179,220,343,117,118,115,140,347,223,15,117,213,126,85,128,51,127,100,99,236,294,574,112,205,56,212,212,26,103,208,128,46,173,79,166,187,133,194,86,121
85,80,34,11,90,18,85,24,38,32,66,99,149,60,44,59,50,147,85,17,51,100,61,33,61,23,62,40,38,101,122,233,47,78,18,82,86,14,34,85,43,17,61,30,77,74,70,87,36,59
500,449,222,90,233,108,470,135,184,211,426,574,960,322,279,278,370,925,514,66,283,510,317,190,352,148,350,263,244,652,774,1488,306,457,118,570,477,89,245,557,335,113,361,186,387,462,320,531,204,373
117,105,61,18,108,14,115,36,42,43,91,137,216,90,56,80,84,186,111,12,70,122,66,44,79,34,77,55,52,141,167,305,55,97,17,114,114,16,50,112,56,16,94,34,105,116,85,124,38,78
494,433,196,85,470,115,239,169,173,208,417,525,916,331,243,267,347,882,494,65,280,518,290,189,323,122,318,222,245,604,729,1391,283,456,107,507,413,74,232,520,269,97,352,188,376,457,323,485,168,350
163,142,59,24,135,36,169,26,55,67,128,172,272,101,86,91,110,279,148,19,73,159,107,64,115,34,94,70,77,163,203,424,83,144,36,148,137,23,79,165,94,37,108,49,134,124,103,171,59,100
173,142,66,38,184,42,173,55,24,70,156,207,308,105,102,86,111,297,173,17,82,160,112,60,105,39,113,73,67,213,239,499,95,161,45,194,155,23,91,164,99,43,127,67,138,161,119,168,67,118
230,185,73,32,211,43,208,67,70,38,178,222,406,129,131,119,149,359,229,33,113,233,133,81,142,68,160,82,107,276,314,581,115,213,45,216,188,38,114,208,134,51,147,80,160,185,137,192,94,136
485,392,179,66,426,91,417,128,156,178,213,460,785,288,234,257,305,778,457,52,239,435,238,169,295,136,314,207,211,546,691,1156,227,416,89,458,397,72,211,491,296,81,319,173,325,401,265,463,170,289
533,475,220,99,574,137,525,172,207,222,460,337,1075,353,280,315,427,1019,579,68,287,613,332,236,367,132,337,230,255,677,906,1701,328,539,147,604,513,99,293,626,359,134,449,208,388,533,361,595,201,386
819,812,343,149,960,216,916,272,308,406,785,1075,878,563,453,529,681,1544,967,109,529,909,553,363,578,223,649,427,437,1201,1430,2599,528,854,221,985,836,178,471,966,575,194,725,342,679,837,549,931,347,614
339,281,117,60,322,90,331,101,105,129,288,353,563,88,161,174,230,548,314,45,170,332,197,115,192,106,229,146,150,373,476,819,184,308,66,344,288,56,163,318,203,74,237,113,244,293,189,338,122,219
295,237,118,44,279,56,243,86,102,131,234,280,453,161,60,130,206,464,298,43,155,283,154,108,162,70,194,127,162,335,393,772,144,226,63,314,259,30,138,275,144,57,229,84,219,251,174,267,102,191
321,274,115,59,278,80,267,91,86,119,257,315,529,174,130,66,205,485,314,38,154,308,156,130,199,73,214,133,163,334,425,819,166,266,63,310,284,34,137,305,185,68,238,98,248,251,183,297,106,186
353,302,140,50,370,84,347,110,111,149,305,427,681,230,206,205,129,681,364,42,230,339,219,134,237,87,239,170,163,469,550,1000,193,346,88,376,321,61,196,394,221,75,284,127,317,362,220,402,132,220
828,747,347,147,925,186,882,279,297,359,778,1019,1544,548,464,485,681,844,970,108,529,891,536,340,584,233,633,414,456,1110,1476,2508,523,877,234,1010,784,157,453,981,580,189,736,352,714,820,562,944,317,600
553,453,223,85,514,111,494,148,173,229,457,579,967,314,298,314,364,970,225,59,282,450,298,227,331,143,358,211,246,626,740,1482,281,500,108,553,491,84,245,559,330,82,387,211,425,484,312,531,206,328
69,48,15,17,66,12,65,19,17,33,52,68,109,45,43,38,42,108,59,2,44,52,36,28,36,15,40,24,34,78,87,188,39,62,15,63,67,12,30,70,38,14,48,17,49,61,36,73,29,42
327,237,117,51,283,70,280,73,82,113,239,287,529,170,155,154,230,529,282,44,76,287,187,108,178,78,186,134,141,335,405,821,147,250,58,281,266,45,143,342,193,53,250,109,240,273,164,298,107,187
525,439,213,100,510,122,518,159,160,233,435,613,909,332,283,308,339,891,450,52,287,266,312,208,333,125,370,219,279,629,727,1428,279,476,122,576,481,92,249,521,328,124,372,220,426,477,319,557,202,333
367,255,126,61,317,66,290,107,112,133,238,332,553,197,154,156,219,536,298,36,187,312,76,103,186,80,200,142,145,375,434,833,142,260,62,286,274,43,158,314,189,58,244,103,254,251,172,302,127,201
226,180,85,33,190,44,189,64,60,81,169,236,363,115,108,130,134,340,227,28,108,208,103,38,126,60,145,100,96,251,316,563,125,187,49,220,185,37,99,198,131,43,159,77,162,191,114,202,76,134
393,290,128,61,352,79,323,115,105,142,295,367,578,192,162,199,237,584,331,36,178,333,186,126,85,93,212,146,153,420,487,919,190,331,75,351,338,51,177,351,206,72,279,128,219,285,203,368,140,244
167,124,51,23,148,34,122,34,39,68,136,132,223,106,70,73,87,233,143,15,78,125,80,60,93,18,73,57,71,153,186,342,77,126,40,139,126,21,55,136,92,30,104,37,92,134,71,132,59,101
387,305,127,62,350,77,318,94,113,160,314,337,649,229,194,214,239,633,358,40,186,370,200,145,212,73,98,166,140,451,515,955,192,336,71,367,335,65,172,344,205,74,266,125,251,346,209,373,130,255
284,185,100,40,263,55,222,70,73,82,207,230,427,146,127,133,170,414,211,24,134,219,142,100,146,57,166,47,117,227,347,688,147,214,57,241,229,35,139,258,184,32,178,87,183,207,131,257,99,163
301,207,99,38,244,52,245,77,67,107,211,255,437,150,162,163,163,456,246,34,141,279,145,96,153,71,140,117,70,280,362,693,141,244,52,244,238,34,110,262,164,55,214,102,192,229,156,257,106,180
626,544,236,101,652,141,604,163,213,276,546,677,1201,373,335,334,469,1110,626,78,335,629,375,251,420,153,451,227,280,405,1011,1814,384,579,145,666,576,107,302,711,440,132,470,250,493,593,410,670,227,417
724,665,294,122,774,167,729,203,239,314,691,906,1430,476,393,425,550,1476,740,87,405,727,434,316,487,186,515,347,362,1011,578,2170,423,720,203,851,712,134,346,781,486,144,571,287,585,699,489,786,282,500
1205,1212,574,233,1488,305,1391,424,499,581,1156,1701,2599,819,772,819,1000,2508,1482,188,821,1428,833,563,919,342,955,688,693,1814,2170,1967,712,1364,337,1551,1260,257,718,1521,947,313,1035,550,1099,1304,904,1404,528,922
245,249,112,47,306,55,283,83,95,115,227,328,528,184,144,166,193,523,281,39,147,279,142,125,190,77,192,147,141,384,423,712,78,284,67,309,229,50,144,275,161,58,199,81,240,260,158,261,112,172
483,381,205,78,457,97,456,144,161,213,416,539,854,308,226,266,346,877,500,62,250,476,260,187,331,126,336,214,244,579,720,1364,284,208,98,491,412,75,229,482,305,105,354,158,393,435,309,489,164,328
106,79,56,18,118,17,107,36,45,45,89,147,221,66,63,63,88,234,108,15,58,122,62,49,75,40,71,57,52,145,203,337,67,98,12,130,95,18,70,125,88,20,71,55,92,102,68,114,36,80
537,428,212,82,570,114,507,148,194,216,458,604,985,344,314,310,376,1010,553,63,281,576,286,220,351,139,367,241,244,666,851,1551,309,491,130,295,518,97,266,599,361,116,409,225,452,493,322,596,231,345
494,403,212,86,477,114,413,137,155,188,397,513,836,288,259,284,321,784,491,67,266,481,274,185,338,126,335,229,238,576,712,1260,229,412,95,518,194,70,226,508,294,117,399,188,357,449,312,454,148,342
79,76,26,14,89,16,74,23,23,38,72,99,178,56,30,34,61,157,84,12,45,92,43,37,51,21,65,35,34,107,134,257,50,75,18,97,70,4,53,90,60,24,71,25,55,87,49,93,24,44
250,236,103,34,245,50,232,79,91,114,211,293,471,163,138,137,196,453,245,30,143,249,158,99,177,55,172,139,110,302,346,718,144,229,70,266,226,53,56,284,170,47,176,99,190,230,184,228,101,173
518,437,208,85,557,112,520,165,164,208,491,626,966,318,275,305,394,981,559,70,342,521,314,198,351,136,344,258,262,711,781,1521,275,482,125,599,508,90,284,284,372,127,409,232,431,495,347,565,194,352
314,289,128,43,335,56,269,94,99,134,296,359,575,203,144,185,221,580,330,38,193,328,189,131,206,92,205,184,164,440,486,947,161,305,88,361,294,60,170,372,117,66,254,136,244,324,207,336,117,200
112,93,46,17,113,16,97,37,43,51,81,134,194,74,57,68,75,189,82,14,53,124,58,43,72,30,74,32,55,132,144,313,58,105,20,116,117,24,47,127,66,12,80,47,80,95,66,113,47,87
364,343,173,61,361,94,352,108,127,147,319,449,725,237,229,238,284,736,387,48,250,372,244,159,279,104,266,178,214,470,571,1035,199,354,71,409,399,71,176,409,254,80,147,155,315,353,238,386,144,259
181,152,79,30,186,34,188,49,67,80,173,208,342,113,84,98,127,352,211,17,109,220,103,77,128,37,125,87,102,250,287,550,81,158,55,225,188,25,99,232,136,47,155,40,159,162,124,216,80,133
446,345,166,77,387,105,376,134,138,160,325,388,679,244,219,248,317,714,425,49,240,426,254,162,219,92,251,183,192,493,585,1099,240,393,92,452,357,55,190,431,244,80,315,159,136,344,220,397,164,292
436,424,187,74,462,116,457,124,161,185,401,533,837,293,251,251,362,820,484,61,273,477,251,191,285,134,346,207,229,593,699,1304,260,435,102,493,449,87,230,495,324,95,353,162,344,233,273,495,161,300
331,276,133,70,320,85,323,103,119,137,265,361,549,189,174,183,220,562,312,36,164,319,172,114,203,71,209,131,156,410,489,904,158,309,68,322,312,49,184,347,207,66,238,124,220,273,90,377,120,236
519,469,194,87,531,124,485,171,168,192,463,595,931,338,267,297,402,944,531,73,298,557,302,202,368,132,373,257,257,670,786,1404,261,489,114,596,454,93,228,565,336,113,386,216,397,495,377,261,182,373
167,168,86,36,204,38,168,59,67,94,170,201,347,122,102,106,132,317,206,29,107,202,127,76,140,59,130,99,106,227,282,528,112,164,36,231,148,24,101,194,117,47,144,80,164,161,120,182,34,120
391,286,121,59,373,78,350,100,118,136,289,386,614,219,191,186,220,600,328,42,187,333,201,134,244,101,255,163,180,417,500,922,172,328,80,345,342,44,173,352,200,87,259,133,292,300,236,373,120,102
