245,439,228,78,505,111,482,175,151,245,433,490,873,399,322,337,350,855,512,64,329,545,351,202,381,168,384,294,299,661,720,1169,239,515,100,541,461,103,239,477,312,102,371,173,430,431,351,505,157,375
439,191,171,76,424,102,405,137,151,169,353,490,801,288,218,210,332,797,432,49,272,445,253,170,255,118,270,204,209,570,665,1271,241,393,91,474,414,58,203,460,286,86,341,142,336,431,284,457,155,287
228,171,36,33,220,42,209,58,58,79,162,227,382,117,128,131,142,394,204,23,111,215,127,82,120,56,127,98,87,238,300,575,104,182,50,210,188,32,92,214,124,34,134,70,170,207,139,230,88,138
78,76,33,5,87,16,78,25,39,33,65,95,148,59,40,47,50,145,77,11,56,77,61,35,57,24,59,36,48,93,124,222,39,81,15,81,84,20,39,75,54,12,53,24,76,81,57,83,37,47
505,424,220,87,245,112,486,149,164,198,405,570,956,280,282,298,319,941,510,74,291,547,318,195,361,154,365,243,276,613,763,1502,314,511,115,553,510,85,257,557,372,107,397,175,444,502,334,537,182,363
111,102,42,16,112,10,98,31,43,58,79,129,213,68,60,59,81,224,118,14,77,110,73,46,75,30,74,62,54,144,172,303,49,111,22,112,109,22,53,111,74,22,94,39,98,92,81,115,44,66
482,405,209,78,486,98,200,149,146,197,407,549,919,305,241,255,367,916,476,60,297,493,317,181,332,126,313,244,254,613,731,1325,253,462,111,550,447,96,248,520,312,83,373,158,372,415,311,481,187,323
175,137,58,25,149,31,149,17,56,66,128,169,283,94,100,93,103,250,155,16,107,151,96,63,106,38,109,58,64,184,230,403,89,149,45,153,155,34,78,153,88,32,126,57,127,127,91,171,58,109
151,151,58,39,164,43,146,56,20,63,124,181,305,96,90,103,122,308,170,22,99,164,106,79,112,44,111,81,91,223,232,477,82,164,38,141,169,29,79,190,131,38,139,63,123,156,115,173,60,107
245,169,79,33,198,58,197,66,63,39,155,227,376,130,134,123,171,380,212,23,122,234,159,89,150,58,140,105,123,256,309,558,109,201,39,240,208,35,119,208,128,35,152,80,180,147,131,205,84,146
433,353,162,65,405,79,407,128,124,155,164,450,763,271,255,279,337,778,429,45,270,432,262,180,261,110,302,219,224,576,603,1159,203,396,99,469,395,69,231,430,285,86,333,163,351,372,262,457,146,275
490,490,227,95,570,129,549,169,181,227,450,334,1020,359,310,319,399,1081,554,60,284,575,336,241,375,158,383,279,252,738,877,1637,305,538,149,606,513,98,289,608,385,121,437,201,445,567,377,581,218,380
873,801,382,148,956,213,919,283,305,376,763,1020,834,580,494,514,658,1497,888,107,523,886,564,361,617,214,591,399,454,1193,1390,2527,488,835,232,989,846,153,490,975,587,185,640,341,717,807,586,943,377,643
399,288,117,59,280,68,305,94,96,130,271,359,580,102,171,190,222,630,313,41,188,296,179,143,230,79,219,137,158,405,442,870,174,285,65,346,318,49,165,366,206,65,275,107,245,285,198,321,118,219
322,218,128,40,282,60,241,100,90,134,255,310,494,171,71,133,203,466,251,36,143,244,154,95,184,71,178,127,125,337,403,719,152,248,57,258,222,31,134,259,140,57,204,98,201,290,183,274,98,189
337,210,131,47,298,59,255,93,103,123,279,319,514,190,133,78,219,515,272,33,146,268,165,105,174,81,188,133,150,326,433,811,173,266,78,309,258,34,139,282,159,55,229,91,221,287,174,278,117,195
350,332,142,50,319,81,367,103,122,171,337,399,658,222,203,219,124,635,356,31,198,377,231,140,254,94,248,164,188,424,562,1026,230,348,81,385,349,70,184,410,254,71,264,143,300,323,256,342,137,247
855,797,394,145,941,224,916,250,308,380,778,1081,1497,630,466,515,635,767,944,128,500,920,517,343,584,221,614,389,473,1114,1338,2557,481,849,231,945,823,163,466,935,592,202,678,342,716,860,580,931,359,598
512,432,204,77,510,118,476,155,170,212,429,554,888,313,251,272,356,944,261,46,293,491,314,194,302,117,325,250,253,616,746,1432,294,464,113,546,455,100,262,566,349,107,370,190,401,479,305,551,175,336
64,49,23,11,74,14,60,16,22,23,45,60,107,41,36,33,31,128,46,2,26,65,42,30,41,20,48,26,39,71,80,165,38,68,19,76,64,9,32,64,50,12,36,17,49,60,43,57,29,36
329,272,111,56,291,77,297,107,99,122,270,284,523,188,143,146,198,500,293,26,82,323,148,130,171,68,183,134,136,343,417,797,151,286,55,299,265,34,140,280,194,57,227,108,237,261,171,290,101,187
545,445,215,77,547,110,493,151,164,234,432,575,886,296,244,268,377,920,491,65,323,262,272,202,354,145,348,251,264,636,773,1438,287,463,123,577,472,98,292,577,361,104,380,195,393,460,312,579,180,377
351,253,127,61,318,73,317,96,106,159,262,336,564,179,154,165,231,517,314,42,148,272,83,119,167,73,193,151,152,381,473,794,133,272,72,320,292,37,145,308,201,68,232,120,230,267,174,335,115,205
202,170,82,35,195,46,181,63,79,89,180,241,361,143,95,105,140,343,194,30,130,202,119,41,130,42,129,94,102,259,290,577,102,182,36,203,190,30,104,209,123,43,151,64,153,190,116,221,61,132
381,255,120,57,361,75,332,106,112,150,261,375,617,230,184,174,254,584,302,41,171,354,167,130,108,82,201,158,162,429,480,979,182,314,65,349,345,54,176,347,226,62,232,123,259,296,207,345,122,231
168,118,56,24,154,30,126,38,44,58,110,158,214,79,71,81,94,221,117,20,68,145,73,42,82,14,88,59,76,170,190,335,51,123,30,124,135,11,59,129,74,29,77,52,108,120,83,135,46,93
384,270,127,59,365,74,313,109,111,140,302,383,591,219,178,188,248,614,325,48,183,348,193,129,201,88,106,156,185,438,506,935,157,302,60,345,325,48,168,355,227,65,232,119,265,318,185,361,108,248
294,204,98,36,243,62,244,58,81,105,219,279,399,137,127,133,164,389,250,26,134,251,151,94,158,59,156,65,122,261,334,651,139,219,47,235,243,29,107,235,159,43,187,82,225,216,158,244,98,153
299,209,87,48,276,54,254,64,91,123,224,252,454,158,125,150,188,473,253,39,136,264,152,102,162,76,185,122,63,320,369,705,121,221,60,279,230,43,106,259,150,41,171,89,198,252,147,255,87,189
661,570,238,93,613,144,613,184,223,256,576,738,1193,405,337,326,424,1114,616,71,343,636,381,259,429,170,438,261,320,366,981,1931,353,587,171,645,603,88,322,732,449,134,470,242,511,616,399,690,261,434
720,665,300,124,763,172,731,230,232,309,603,877,1390,442,403,433,562,1338,746,80,417,773,473,290,480,190,506,334,369,981,580,2076,408,709,197,794,681,152,400,818,530,185,556,304,589,727,472,822,277,510
1169,1271,575,222,1502,303,1325,403,477,558,1159,1637,2527,870,719,811,1026,2557,1432,165,797,1438,794,577,979,335,935,651,705,1931,2076,1987,752,1346,313,1493,1264,236,739,1517,964,319,1065,579,1102,1320,906,1475,525,924
239,241,104,39,314,49,253,89,82,109,203,305,488,174,152,173,230,481,294,38,151,287,133,102,182,51,157,139,121,353,408,752,77,274,68,290,235,38,165,295,155,61,202,117,236,248,195,295,97,208
515,393,182,81,511,111,462,149,164,201,396,538,835,285,248,266,348,849,464,68,286,463,272,182,314,123,302,219,221,587,709,1346,274,223,115,470,407,73,244,480,307,105,355,163,404,456,315,498,182,279
100,91,50,15,115,22,111,45,38,39,99,149,232,65,57,78,81,231,113,19,55,123,72,36,65,30,60,47,60,171,197,313,68,115,13,119,109,14,58,122,79,23,91,44,100,123,60,127,43,77
541,474,210,81,553,112,550,153,141,240,469,606,989,346,258,309,385,945,546,76,299,577,320,203,349,124,345,235,279,645,794,1493,290,470,119,299,487,103,262,623,353,90,425,209,439,507,340,550,202,388
461,414,188,84,510,109,447,155,169,208,395,513,846,318,222,258,349,823,455,64,265,472,292,190,345,135,325,243,230,603,681,1264,235,407,109,487,220,77,261,517,307,105,371,177,378,433,329,480,165,325
103,58,32,20,85,22,96,34,29,35,69,98,153,49,31,34,70,163,100,9,34,98,37,30,54,11,48,29,43,88,152,236,38,73,14,103,77,8,57,83,56,21,73,27,68,83,60,97,32,67
239,203,92,39,257,53,248,78,79,119,231,289,490,165,134,139,184,466,262,32,140,292,145,104,176,59,168,107,106,322,400,739,165,244,58,262,261,57,71,260,185,56,200,105,209,225,176,271,90,171
477,460,214,75,557,111,520,153,190,208,430,608,975,366,259,282,410,935,566,64,280,577,308,209,347,129,355,235,259,732,818,1517,295,480,122,623,517,83,260,288,348,109,428,209,423,507,337,563,193,344
312,286,124,54,372,74,312,88,131,128,285,385,587,206,140,159,254,592,349,50,194,361,201,123,226,74,227,159,150,449,530,964,155,307,79,353,307,56,185,348,106,67,237,125,265,284,208,333,120,233
102,86,34,12,107,22,83,32,38,35,86,121,185,65,57,55,71,202,107,12,57,104,68,43,62,29,65,43,41,134,185,319,61,105,23,90,105,21,56,109,67,9,77,34,80,100,66,113,44,53
371,341,134,53,397,94,373,126,139,152,333,437,640,275,204,229,264,678,370,36,227,380,232,151,232,77,232,187,171,470,556,1065,202,355,91,425,371,73,200,428,237,77,130,132,282,359,239,392,122,237
173,142,70,24,175,39,158,57,63,80,163,201,341,107,98,91,143,342,190,17,108,195,120,64,123,52,119,82,89,242,304,579,117,163,44,209,177,27,105,209,125,34,132,25,152,196,129,196,60,116
430,336,170,76,444,98,372,127,123,180,351,445,717,245,201,221,300,716,401,49,237,393,230,153,259,108,265,225,198,511,589,1102,236,404,100,439,378,68,209,423,265,80,282,152,142,382,235,419,160,266
431,431,207,81,502,92,415,127,156,147,372,567,807,285,290,287,323,860,479,60,261,460,267,190,296,120,318,216,252,616,727,1320,248,456,123,507,433,83,225,507,284,100,359,196,382,221,304,472,205,317
351,284,139,57,334,81,311,91,115,131,262,377,586,198,183,174,256,580,305,43,171,312,174,116,207,83,185,158,147,399,472,906,195,315,60,340,329,60,176,337,208,66,239,129,235,304,99,312,98,212
505,457,230,83,537,115,481,171,173,205,457,581,943,321,274,278,342,931,551,57,290,579,335,221,345,135,361,244,255,690,822,1475,295,498,127,550,480,97,271,563,333,113,392,196,419,472,312,278,169,349
157,155,88,37,182,44,187,58,60,84,146,218,377,118,98,117,137,359,175,29,101,180,115,61,122,46,108,98,87,261,277,525,97,182,43,202,165,32,90,193,120,44,122,60,160,205,98,169,32,102
375,287,138,47,363,66,323,109,107,146,275,380,643,219,189,195,247,598,336,36,187,377,205,132,231,93,248,153,189,434,510,924,208,279,77,388,325,67,171,344,233,53,237,116,266,317,212,349,102,125
