260,458,207,104,522,122,497,185,167,260,483,528,814,364,326,350,330,832,519,88,339,533,372,221,377,166,383,281,285,558,709,1154,230,477,109,499,508,100,236,466,317,107,361,168,436,426,315,473,182,373
458,187,197,79,470,93,421,136,142,162,383,504,769,272,227,255,312,721,406,40,244,451,242,164,295,117,298,190,198,516,659,1211,246,396,106,447,417,77,209,457,290,100,327,139,367,444,260,465,173,298
207,197,44,33,211,44,211,54,64,85,190,231,336,142,101,106,134,340,204,23,101,212,122,91,155,52,143,99,101,226,308,540,101,191,39,211,192,35,91,235,154,39,151,86,162,160,127,200,75,131
104,79,33,7,81,14,79,27,31,34,69,97,130,58,46,59,64,130,79,13,60,87,54,42,67,28,60,39,48,102,109,193,33,75,22,86,92,12,40,85,55,15,66,36,83,82,55,66,29,66
522,470,211,81,269,102,502,148,174,211,396,553,921,355,254,275,356,960,532,55,249,546,287,222,356,143,368,255,250,672,776,1458,256,480,114,524,460,73,270,527,343,78,398,194,469,474,338,509,182,377
122,93,44,14,102,9,122,33,39,52,99,121,189,77,60,61,82,199,117,12,68,131,72,53,76,34,71,57,53,125,163,287,51,119,29,109,119,14,46,106,65,20,76,49,104,105,71,110,46,86
497,421,211,79,502,122,238,144,155,211,427,537,857,298,245,274,331,821,487,58,242,493,300,174,351,133,329,252,237,560,740,1309,252,451,109,507,469,76,229,527,285,102,365,177,408,449,309,459,192,318
185,136,54,27,148,33,144,23,39,74,134,162,249,82,72,78,125,266,174,19,93,162,84,55,109,42,110,80,72,192,241,420,80,149,36,195,123,19,61,172,97,26,115,62,118,143,97,178,63,111
167,142,64,31,174,39,155,39,18,68,129,165,270,102,87,99,109,318,167,23,96,157,95,69,105,43,107,82,96,229,245,443,80,148,41,157,142,20,83,199,103,30,151,59,127,163,100,176,62,115
260,162,85,34,211,52,211,74,68,50,178,229,369,151,106,119,153,365,218,34,107,224,126,89,153,56,137,117,127,278,318,547,87,208,54,225,211,35,114,210,132,50,154,77,179,209,123,181,83,163
483,383,190,69,396,99,427,134,129,178,177,435,728,296,227,254,293,745,465,52,214,441,247,165,289,120,304,217,232,525,638,1111,198,393,91,479,386,76,209,438,264,101,334,162,346,380,259,411,145,306
528,504,231,97,553,121,537,162,165,229,435,318,989,378,299,331,409,1025,565,54,297,542,343,244,370,158,385,263,320,686,841,1570,291,513,113,579,572,80,291,592,367,117,409,196,452,512,336,533,187,387
814,769,336,130,921,189,857,249,270,369,728,989,755,587,491,538,667,1384,923,100,455,888,553,387,630,256,663,471,477,1052,1360,2359,460,866,213,998,880,155,447,930,624,180,654,320,776,804,555,984,300,607
364,272,142,58,355,77,298,82,102,151,296,378,587,116,173,189,231,592,341,34,176,324,190,134,228,76,224,147,187,418,488,927,170,304,66,320,329,64,148,358,205,71,291,116,282,321,206,328,116,211
326,227,101,46,254,60,245,72,87,106,227,299,491,173,61,142,198,515,234,33,138,249,177,108,172,66,177,136,139,312,391,791,147,236,84,253,238,51,121,297,176,43,223,103,208,259,173,281,108,202
350,255,106,59,275,61,274,78,99,119,254,331,538,189,142,85,212,533,255,32,157,308,182,113,187,79,179,115,153,357,467,864,167,272,78,275,281,42,132,305,176,57,206,113,221,275,182,293,126,217
330,312,134,64,356,82,331,125,109,153,293,409,667,231,198,212,119,661,375,51,225,352,197,154,247,107,244,169,201,458,517,984,180,329,70,366,349,56,187,398,238,79,276,141,302,334,230,369,126,224
832,721,340,130,960,199,821,266,318,365,745,1025,1384,592,515,533,661,772,953,115,466,908,553,334,640,236,591,464,468,1078,1374,2497,499,854,209,979,808,168,457,935,600,170,652,324,711,810,588,897,319,603
519,406,204,79,532,117,487,174,167,218,465,565,923,341,234,255,375,953,271,60,280,506,292,225,339,110,330,256,256,681,749,1467,271,471,105,551,471,96,237,538,310,104,349,175,396,484,303,516,203,324
88,40,23,13,55,12,58,19,23,34,52,54,100,34,33,32,51,115,60,3,33,62,43,23,47,12,42,21,28,73,104,194,45,51,18,56,52,4,28,63,48,8,47,20,52,52,46,62,25,33
339,244,101,60,249,68,242,93,96,107,214,297,455,176,138,157,225,466,280,33,68,290,148,106,183,64,161,143,139,308,439,741,145,259,56,299,262,48,139,324,179,45,214,113,197,261,168,287,96,182
533,451,212,87,546,131,493,162,157,224,441,542,888,324,249,308,352,908,506,62,290,247,282,219,364,123,355,261,233,655,709,1435,265,486,110,571,449,81,237,555,353,92,385,173,401,450,330,496,166,311
372,242,122,54,287,72,300,84,95,126,247,343,553,190,177,182,197,553,292,43,148,282,77,99,205,64,217,136,157,342,437,837,155,297,72,295,270,39,137,316,210,51,231,121,239,253,197,298,119,196
221,164,91,42,222,53,174,55,69,89,165,244,387,134,108,113,154,334,225,23,106,219,99,37,145,59,142,114,108,222,299,549,92,202,44,249,177,36,115,213,149,45,171,82,153,175,145,218,70,131
377,295,155,67,356,76,351,109,105,153,289,370,630,228,172,187,247,640,339,47,183,364,205,145,119,90,241,154,193,399,493,949,173,334,83,343,342,61,181,364,212,72,272,112,291,298,202,336,122,224
166,117,52,28,143,34,133,42,43,56,120,158,256,76,66,79,107,236,110,12,64,123,64,59,90,26,98,55,78,160,189,389,67,119,34,138,130,19,68,126,79,26,88,50,99,116,83,135,43,101
383,298,143,60,368,71,329,110,107,137,304,385,663,224,177,179,244,591,330,42,161,355,217,142,241,98,137,155,165,409,514,979,185,328,80,355,315,59,175,364,206,59,256,103,289,304,217,332,132,218
281,190,99,39,255,57,252,80,82,117,217,263,471,147,136,115,169,464,256,21,143,261,136,114,154,55,155,47,113,292,359,706,142,228,55,248,238,39,127,260,152,52,181,78,197,204,152,242,91,179
285,198,101,48,250,53,237,72,96,127,232,320,477,187,139,153,201,468,256,28,139,233,157,108,193,78,165,113,67,330,351,738,148,227,52,276,209,33,127,261,186,50,209,90,218,230,174,257,108,160
558,516,226,102,672,125,560,192,229,278,525,686,1052,418,312,357,458,1078,681,73,308,655,342,222,399,160,409,292,330,406,961,1792,353,557,142,661,613,107,306,695,443,127,481,222,466,590,407,610,244,411
709,659,308,109,776,163,740,241,245,318,638,841,1360,488,391,467,517,1374,749,104,439,709,437,299,493,189,514,359,351,961,577,2123,405,696,164,843,700,129,368,805,495,189,585,291,580,688,466,777,257,503
1154,1211,540,193,1458,287,1309,420,443,547,1111,1570,2359,927,791,864,984,2497,1467,194,741,1435,837,549,949,389,979,706,738,1792,2123,1765,719,1320,325,1498,1267,256,662,1468,956,275,1022,548,1129,1267,939,1409,473,969
230,246,101,33,256,51,252,80,80,87,198,291,460,170,147,167,180,499,271,45,145,265,155,92,173,67,185,142,148,353,405,719,70,261,71,278,245,44,122,273,183,56,219,121,210,249,183,277,93,182
477,396,191,75,480,119,451,149,148,208,393,513,866,304,236,272,329,854,471,51,259,486,297,202,334,119,328,228,227,557,696,1320,261,213,114,536,437,64,236,519,304,89,371,185,405,389,308,517,191,335
109,106,39,22,114,29,109,36,41,54,91,113,213,66,84,78,70,209,105,18,56,110,72,44,83,34,80,55,52,142,164,325,71,114,14,122,99,24,56,121,75,16,89,36,99,109,85,131,55,75
499,447,211,86,524,109,507,195,157,225,479,579,998,320,253,275,366,979,551,56,299,571,295,249,343,138,355,248,276,661,843,1498,278,536,122,268,480,87,279,600,369,107,373,192,423,498,338,514,198,335
508,417,192,92,460,119,469,123,142,211,386,572,880,329,238,281,349,808,471,52,262,449,270,177,342,130,315,238,209,613,700,1267,245,437,99,480,226,80,226,481,289,96,370,190,382,411,300,487,163,356
100,77,35,12,73,14,76,19,20,35,76,80,155,64,51,42,56,168,96,4,48,81,39,36,61,19,59,39,33,107,129,256,44,64,24,87,80,7,41,84,60,20,74,34,76,90,56,91,26,69
236,209,91,40,270,46,229,61,83,114,209,291,447,148,121,132,187,457,237,28,139,237,137,115,181,68,175,127,127,306,368,662,122,236,56,279,226,41,61,261,147,44,179,74,210,211,163,260,99,186
466,457,235,85,527,106,527,172,199,210,438,592,930,358,297,305,398,935,538,63,324,555,316,213,364,126,364,260,261,695,805,1468,273,519,121,600,481,84,261,284,365,125,392,208,448,444,319,555,195,364
317,290,154,55,343,65,285,97,103,132,264,367,624,205,176,176,238,600,310,48,179,353,210,149,212,79,206,152,186,443,495,956,183,304,75,369,289,60,147,365,104,61,234,124,288,282,211,339,114,220
107,100,39,15,78,20,102,26,30,50,101,117,180,71,43,57,79,170,104,8,45,92,51,45,72,26,59,52,50,127,189,275,56,89,16,107,96,20,44,125,61,11,72,31,85,91,54,108,30,58
361,327,151,66,398,76,365,115,151,154,334,409,654,291,223,206,276,652,349,47,214,385,231,171,272,88,256,181,209,481,585,1022,219,371,89,373,370,74,179,392,234,72,138,140,318,359,245,352,149,249
168,139,86,36,194,49,177,62,59,77,162,196,320,116,103,113,141,324,175,20,113,173,121,82,112,50,103,78,90,222,291,548,121,185,36,192,190,34,74,208,124,31,140,33,150,169,106,194,63,123
436,367,162,83,469,104,408,118,127,179,346,452,776,282,208,221,302,711,396,52,197,401,239,153,291,99,289,197,218,466,580,1129,210,405,99,423,382,76,210,448,288,85,318,150,188,381,250,424,144,278
426,444,160,82,474,105,449,143,163,209,380,512,804,321,259,275,334,810,484,52,261,450,253,175,298,116,304,204,230,590,688,1267,249,389,109,498,411,90,211,444,282,91,359,169,381,228,330,484,165,319
315,260,127,55,338,71,309,97,100,123,259,336,555,206,173,182,230,588,303,46,168,330,197,145,202,83,217,152,174,407,466,939,183,308,85,338,300,56,163,319,211,54,245,106,250,330,87,367,114,219
473,465,200,66,509,110,459,178,176,181,411,533,984,328,281,293,369,897,516,62,287,496,298,218,336,135,332,242,257,610,777,1409,277,517,131,514,487,91,260,555,339,108,352,194,424,484,367,250,186,356
182,173,75,29,182,46,192,63,62,83,145,187,300,116,108,126,126,319,203,25,96,166,119,70,122,43,132,91,108,244,257,473,93,191,55,198,163,26,99,195,114,30,149,63,144,165,114,186,37,140
373,298,131,66,377,86,318,111,115,163,306,387,607,211,202,217,224,603,324,33,182,311,196,131,224,101,218,179,160,411,503,969,182,335,75,335,356,69,186,364,220,58,249,123,278,319,219,356,140,109
