249,467,219,86,510,106,441,197,186,256,452,486,806,363,320,323,313,807,465,59,293,482,366,217,351,142,355,293,315,560,707,1200,231,490,99,484,463,99,237,497,296,97,362,161,476,392,356,451,178,332
467,202,173,80,430,96,400,142,158,165,349,469,744,274,227,229,325,757,417,59,241,422,264,187,282,109,263,197,202,540,675,1250,242,405,96,487,371,72,217,468,272,87,361,158,334,395,273,393,158,310
219,173,46,33,176,46,168,58,69,81,183,213,384,128,128,117,141,367,223,19,105,211,111,66,124,53,148,92,102,247,293,558,120,176,33,208,184,30,97,209,127,38,153,70,174,182,110,200,84,132
86,80,33,3,85,17,83,22,33,38,71,94,133,51,40,45,65,144,87,14,40,70,43,28,52,24,64,38,36,100,108,185,30,88,24,88,79,7,36,70,56,13,48,33,64,68,53,83,32,63
510,430,176,85,269,96,494,129,170,207,470,585,877,344,299,288,346,922,498,64,288,531,300,192,334,138,317,224,238,667,705,1318,293,499,104,515,479,95,260,539,337,106,395,187,390,449,304,538,174,359
106,96,46,17,96,10,92,33,38,42,81,142,176,78,67,67,96,171,110,22,62,102,57,56,68,38,84,68,48,135,157,283,54,118,30,138,112,14,55,101,81,20,79,47,100,96,65,108,43,79
441,400,168,83,494,92,221,136,149,187,397,558,836,303,260,308,337,821,470,80,285,483,263,187,296,120,308,240,245,594,712,1328,240,449,100,500,421,90,230,484,302,92,354,171,376,444,297,466,169,304
197,142,58,22,129,33,136,26,42,78,151,176,281,98,62,71,121,262,153,16,86,151,92,61,82,32,103,68,72,201,230,424,82,130,36,156,131,26,77,178,90,36,116,57,120,142,93,152,61,101
186,158,69,33,170,38,149,42,23,63,150,183,307,114,86,80,114,281,163,18,78,169,100,72,97,38,109,74,94,208,266,477,98,153,34,191,159,34,69,166,110,27,91,54,119,149,110,150,64,105
256,165,81,38,207,42,187,78,63,49,170,204,370,133,107,129,153,345,208,17,130,223,126,84,140,52,129,90,103,255,298,553,105,186,41,219,192,37,109,210,114,46,149,80,188,195,124,226,65,143
452,349,183,71,470,81,397,151,150,170,182,463,766,274,212,258,350,722,439,48,259,455,268,176,279,104,292,199,234,545,630,1125,205,391,101,445,393,78,220,449,245,97,325,156,364,390,247,436,138,309
486,469,213,94,585,142,558,176,183,204,463,314,966,366,274,297,409,1019,596,74,320,627,341,223,337,156,390,268,259,744,838,1565,337,566,130,548,559,92,300,544,358,124,421,214,447,491,385,592,206,375
806,744,384,133,877,176,836,281,307,370,766,966,793,596,506,547,677,1462,930,114,492,931,504,369,568,221,592,438,464,1193,1327,2367,474,780,198,930,819,142,433,967,591,203,684,318,734,805,582,931,333,617
363,274,128,51,344,78,303,98,114,133,274,366,596,100,160,197,227,575,336,34,188,341,174,113,192,77,201,159,147,434,476,927,168,299,67,315,311,65,164,309,192,65,258,118,245,286,208,346,108,229
320,227,128,40,299,67,260,62,86,107,212,274,506,160,65,144,189,500,257,43,139,258,186,100,168,58,184,126,129,335,423,772,135,246,60,271,234,51,142,275,168,51,199,114,205,214,179,276,95,175
323,229,117,45,288,67,308,71,80,129,258,297,547,197,144,79,196,565,293,37,141,319,169,133,178,67,192,145,126,377,445,838,182,244,60,297,296,52,130,325,186,59,221,123,233,246,184,279,110,175
313,325,141,65,346,96,337,121,114,153,350,409,677,227,189,196,123,644,372,40,198,377,217,163,247,83,251,178,187,430,555,1008,196,342,77,361,353,71,197,407,226,83,284,144,281,326,222,342,132,238
807,757,367,144,922,171,821,262,281,345,722,1019,1462,575,500,565,644,809,937,132,524,895,516,380,618,227,590,443,488,1166,1314,2402,466,756,212,965,832,145,409,953,607,208,672,324,711,787,566,892,344,590
465,417,223,87,498,110,470,153,163,208,439,596,930,336,257,293,372,937,275,63,286,510,307,219,302,130,312,228,258,627,797,1430,250,466,107,489,479,78,266,546,326,114,374,197,406,490,311,543,188,351
59,59,19,14,64,22,80,16,18,17,48,74,114,34,43,37,40,132,63,4,30,78,38,33,57,19,54,25,29,66,85,183,38,82,13,68,81,11,23,66,39,10,44,33,58,55,38,70,27,40
293,241,105,40,288,62,285,86,78,130,259,320,492,188,139,141,198,524,286,30,78,288,168,122,172,66,183,139,131,328,413,787,148,259,64,249,239,57,145,286,163,59,220,99,237,247,172,326,114,192
482,422,211,70,531,102,483,151,169,223,455,627,931,341,258,319,377,895,510,78,288,277,292,226,325,151,364,215,268,664,806,1414,252,483,124,501,481,86,266,527,310,101,383,195,399,467,328,558,174,375
366,264,111,43,300,57,263,92,100,126,268,341,504,174,186,169,217,516,307,38,168,292,77,118,199,83,173,119,144,360,465,798,145,277,54,312,257,41,148,311,197,50,229,104,218,278,177,332,104,221
217,187,66,28,192,56,187,61,72,84,176,223,369,113,100,133,163,380,219,33,122,226,118,27,116,49,129,95,93,260,308,588,108,200,45,210,162,34,103,218,124,42,175,66,151,187,98,206,67,143
351,282,124,52,334,68,296,82,97,140,279,337,568,192,168,178,247,618,302,57,172,325,199,116,118,75,188,140,166,408,500,904,190,302,67,357,281,39,149,349,212,57,281,119,281,303,177,352,110,219
142,109,53,24,138,38,120,32,38,52,104,156,221,77,58,67,83,227,130,19,66,151,83,49,75,18,63,62,65,147,208,346,81,119,26,132,139,17,57,132,92,26,117,38,99,136,73,139,43,91
355,263,148,64,317,84,308,103,109,129,292,390,592,201,184,192,251,590,312,54,183,364,173,129,188,63,96,148,168,425,514,929,199,324,60,355,316,49,160,350,199,53,292,118,266,311,207,347,121,223
293,197,92,38,224,68,240,68,74,90,199,268,438,159,126,145,178,443,228,25,139,215,119,95,140,62,148,46,137,279,318,721,142,212,49,261,264,36,122,255,147,38,179,87,208,214,130,251,81,169
315,202,102,36,238,48,245,72,94,103,234,259,464,147,129,126,187,488,258,29,131,268,144,93,166,65,168,137,57,332,400,666,139,254,70,285,201,38,131,272,191,50,203,88,205,239,147,275,102,182
560,540,247,100,667,135,594,201,208,255,545,744,1193,434,335,377,430,1166,627,66,328,664,360,260,408,147,425,279,332,399,969,1770,340,577,135,645,583,102,303,675,430,143,465,236,471,544,399,638,233,451
707,675,293,108,705,157,712,230,266,298,630,838,1327,476,423,445,555,1314,797,85,413,806,465,308,500,208,514,318,400,969,599,2036,393,665,145,817,682,129,368,816,488,162,581,276,598,675,449,753,273,528
1200,1250,558,185,1318,283,1328,424,477,553,1125,1565,2367,927,772,838,1008,2402,1430,183,787,1414,798,588,904,346,929,721,666,1770,2036,1916,696,1172,312,1487,1266,249,673,1534,897,280,1019,538,1071,1235,890,1409,483,935
231,242,120,30,293,54,240,82,98,105,205,337,474,168,135,182,196,466,250,38,148,252,145,108,190,81,199,142,139,340,393,696,72,240,70,274,246,45,116,286,178,45,212,105,224,236,192,263,98,181
490,405,176,88,499,118,449,130,153,186,391,566,780,299,246,244,342,756,466,82,259,483,277,200,302,119,324,212,254,577,665,1172,240,233,117,468,448,76,212,494,296,94,325,199,379,411,281,489,164,335
99,96,33,24,104,30,100,36,34,41,101,130,198,67,60,60,77,212,107,13,64,124,54,45,67,26,60,49,70,135,145,312,70,117,13,142,118,19,53,101,61,28,75,48,82,88,69,112,50,76
484,487,208,88,515,138,500,156,191,219,445,548,930,315,271,297,361,965,489,68,249,501,312,210,357,132,355,261,285,645,817,1487,274,468,142,285,469,94,273,588,328,99,405,213,423,468,346,546,206,346
463,371,184,79,479,112,421,131,159,192,393,559,819,311,234,296,353,832,479,81,239,481,257,162,281,139,316,264,201,583,682,1266,246,448,118,469,211,82,215,482,312,92,368,157,371,440,292,498,159,317
99,72,30,7,95,14,90,26,34,37,78,92,142,65,51,52,71,145,78,11,57,86,41,34,39,17,49,36,38,102,129,249,45,76,19,94,82,6,48,83,60,13,74,45,58,62,47,91,32,54
237,217,97,36,260,55,230,77,69,109,220,300,433,164,142,130,197,409,266,23,145,266,148,103,149,57,160,122,131,303,368,673,116,212,53,273,215,48,70,292,167,61,187,102,193,243,186,224,95,174
497,468,209,70,539,101,484,178,166,210,449,544,967,309,275,325,407,953,546,66,286,527,311,218,349,132,350,255,272,675,816,1534,286,494,101,588,482,83,292,296,335,97,400,190,404,506,331,515,181,369
296,272,127,56,337,81,302,90,110,114,245,358,591,192,168,186,226,607,326,39,163,310,197,124,212,92,199,147,191,430,488,897,178,296,61,328,312,60,167,335,108,71,241,130,265,321,186,323,121,222
97,87,38,13,106,20,92,36,27,46,97,124,203,65,51,59,83,208,114,10,59,101,50,42,57,26,53,38,50,143,162,280,45,94,28,99,92,13,61,97,71,16,81,28,66,88,54,106,38,74
362,361,153,48,395,79,354,116,91,149,325,421,684,258,199,221,284,672,374,44,220,383,229,175,281,117,292,179,203,465,581,1019,212,325,75,405,368,74,187,400,241,81,106,138,319,299,244,361,126,274
161,158,70,33,187,47,171,57,54,80,156,214,318,118,114,123,144,324,197,33,99,195,104,66,119,38,118,87,88,236,276,538,105,199,48,213,157,45,102,190,130,28,138,29,127,180,128,201,60,131
476,334,174,64,390,100,376,120,119,188,364,447,734,245,205,233,281,711,406,58,237,399,218,151,281,99,266,208,205,471,598,1071,224,379,82,423,371,58,193,404,265,66,319,127,175,355,257,409,137,266
392,395,182,68,449,96,444,142,149,195,390,491,805,286,214,246,326,787,490,55,247,467,278,187,303,136,311,214,239,544,675,1235,236,411,88,468,440,62,243,506,321,88,299,180,355,232,294,466,170,322
356,273,110,53,304,65,297,93,110,124,247,385,582,208,179,184,222,566,311,38,172,328,177,98,177,73,207,130,147,399,449,890,192,281,69,346,292,47,186,331,186,54,244,128,257,294,108,343,116,228
451,393,200,83,538,108,466,152,150,226,436,592,931,346,276,279,342,892,543,70,326,558,332,206,352,139,347,251,275,638,753,1409,263,489,112,546,498,91,224,515,323,106,361,201,409,466,343,233,196,357
178,158,84,32,174,43,169,61,64,65,138,206,333,108,95,110,132,344,188,27,114,174,104,67,110,43,121,81,102,233,273,483,98,164,50,206,159,32,95,181,121,38,126,60,137,170,116,196,24,135
332,310,132,63,359,79,304,101,105,143,309,375,617,229,175,175,238,590,351,40,192,375,221,143,219,91,223,169,182,451,528,935,181,335,76,346,317,54,174,369,222,74,274,131,266,322,228,357,135,118
