265,472,217,107,488,113,472,186,169,229,447,499,819,363,336,336,362,800,509,81,343,515,364,231,399,149,367,271,315,588,696,1209,247,498,122,503,488,85,243,451,318,117,388,164,444,436,340,494,172,357
472,191,157,73,421,78,408,121,115,197,373,484,775,307,233,244,289,785,431,50,258,446,271,187,276,105,300,188,206,549,690,1178,233,383,98,450,377,77,212,473,281,81,311,158,360,383,259,414,161,276
217,157,39,32,217,37,187,52,62,80,175,215,380,128,101,92,137,370,171,18,101,200,120,60,121,48,130,95,83,228,293,559,122,197,44,212,161,30,87,235,134,38,151,58,146,193,136,221,75,128
107,73,32,5,79,10,81,25,23,41,76,88,135,65,43,50,62,144,103,7,58,86,63,34,58,24,62,34,45,108,129,218,43,68,22,94,74,14,41,81,55,23,66,41,55,87,58,93,25,68
488,421,217,79,264,114,449,141,164,230,432,548,929,321,273,308,365,923,503,64,287,494,339,200,335,136,362,246,279,621,786,1479,303,473,111,536,464,82,256,565,328,123,371,215,426,464,324,533,178,363
113,78,37,10,114,8,108,40,31,49,106,114,178,82,66,68,74,189,133,17,77,122,83,32,80,28,77,51,56,165,172,285,45,103,19,121,84,19,60,115,67,34,78,36,89,102,82,108,29,69
472,408,187,81,449,108,241,166,173,210,421,550,829,320,256,293,321,837,489,59,279,489,285,168,326,121,319,253,242,587,724,1277,239,455,108,504,418,84,258,505,307,108,355,186,387,484,298,491,155,333
186,121,52,25,141,40,166,21,46,70,136,174,273,109,77,86,124,256,153,16,75,156,94,57,86,43,91,56,76,196,203,412,93,139,29,147,153,29,78,143,101,38,122,61,115,147,98,187,49,89
169,115,62,23,164,31,173,46,29,71,148,174,285,106,85,82,117,297,147,18,92,174,104,70,136,36,109,74,89,199,261,474,99,157,29,172,146,31,80,186,118,28,107,52,163,154,102,188,60,122
229,197,80,41,230,49,210,70,71,37,174,193,369,141,120,106,136,359,224,21,134,210,117,89,147,56,149,113,109,255,293,574,118,185,54,208,201,23,116,240,127,45,163,80,160,185,133,197,79,129
447,373,175,76,432,106,421,136,148,174,182,461,749,264,229,232,310,754,407,60,273,433,268,162,263,128,312,212,215,528,630,1184,232,378,109,468,402,70,213,503,276,87,293,155,343,403,262,412,162,291
499,484,215,88,548,114,550,174,174,193,461,321,1007,367,284,292,377,1008,595,62,306,574,323,239,337,140,379,262,282,688,811,1549,302,529,116,578,534,81,258,631,396,113,434,208,467,538,359,579,199,368
819,775,380,135,929,178,829,273,285,369,749,1007,813,573,522,541,643,1435,918,104,505,945,555,375,614,217,623,400,487,1140,1327,2449,490,850,189,968,836,138,426,924,595,188,691,331,766,827,577,960,336,647
363,307,128,65,321,82,320,109,106,141,264,367,573,103,181,198,231,588,344,33,178,341,187,147,205,83,197,172,162,367,465,870,176,311,97,332,349,58,179,360,226,71,268,115,265,282,189,343,140,213
336,233,101,43,273,66,256,77,85,120,229,284,522,181,71,127,220,491,263,24,146,291,146,98,180,67,169,136,132,316,403,764,145,249,58,243,235,55,123,296,174,53,199,89,191,252,153,281,93,183
336,244,92,50,308,68,293,86,82,106,232,292,541,198,127,77,222,524,282,24,152,320,158,130,199,69,184,135,145,345,468,819,159,260,61,268,245,50,143,315,200,57,216,104,247,261,177,295,112,203
362,289,137,62,365,74,321,124,117,136,310,377,643,231,220,222,139,626,353,47,215,363,227,151,261,90,226,160,197,448,548,1026,217,332,89,377,321,58,183,375,266,76,268,130,315,335,213,369,141,249
800,785,370,144,923,189,837,256,297,359,754,1008,1435,588,491,524,626,812,894,111,530,915,548,369,597,251,638,406,479,1109,1321,2383,501,835,214,958,837,157,440,963,615,173,698,334,726,812,572,904,320,620
509,431,171,103,503,133,489,153,147,224,407,595,918,344,263,282,353,894,247,53,274,489,286,187,327,116,298,217,261,594,761,1454,289,463,135,529,487,80,243,558,347,92,407,184,426,490,315,525,196,358
81,50,18,7,64,17,59,16,18,21,60,62,104,33,24,24,47,111,53,6,24,62,33,20,34,16,49,27,30,76,88,164,25,54,12,71,52,9,22,64,37,14,47,23,53,66,39,64,22,43
343,258,101,58,287,77,279,75,92,134,273,306,505,178,146,152,215,530,274,24,70,295,166,111,185,66,169,126,129,338,445,812,152,278,75,275,272,44,133,308,198,50,213,101,205,258,154,278,111,215
515,446,200,86,494,122,489,156,174,210,433,574,945,341,291,320,363,915,489,62,295,270,299,199,352,129,360,251,259,596,765,1397,256,454,124,526,465,85,266,572,347,107,400,190,439,496,324,530,190,364
364,271,120,63,339,83,285,94,104,117,268,323,555,187,146,158,227,548,286,33,166,299,87,114,209,69,204,141,150,397,426,851,170,300,69,288,280,50,157,312,194,66,207,119,214,265,167,323,115,201
231,187,60,34,200,32,168,57,70,89,162,239,375,147,98,130,151,369,187,20,111,199,114,33,107,54,132,92,87,243,294,573,102,184,52,210,208,40,107,189,127,37,146,71,152,192,126,211,76,146
399,276,121,58,335,80,326,86,136,147,263,337,614,205,180,199,261,597,327,34,185,352,209,107,109,78,213,149,145,430,514,957,174,302,83,375,320,68,156,339,232,73,240,125,237,351,175,332,156,208
149,105,48,24,136,28,121,43,36,56,128,140,217,83,67,69,90,251,116,16,66,129,69,54,78,10,77,64,52,177,196,349,65,115,30,112,124,22,55,123,88,26,103,39,88,121,70,126,42,81
367,300,130,62,362,77,319,91,109,149,312,379,623,197,169,184,226,638,298,49,169,360,204,132,213,77,113,162,155,461,535,950,188,306,77,360,323,70,139,335,216,63,265,101,266,326,186,334,124,225
271,188,95,34,246,51,253,56,74,113,212,262,400,172,136,135,160,406,217,27,126,251,141,92,149,64,162,58,130,279,348,658,145,229,56,241,221,43,119,267,157,53,202,91,191,221,171,244,109,163
315,206,83,45,279,56,242,76,89,109,215,282,487,162,132,145,197,479,261,30,129,259,150,87,145,52,155,130,59,296,378,725,148,241,48,283,261,39,135,268,169,66,183,90,200,236,163,254,89,194
588,549,228,108,621,165,587,196,199,255,528,688,1140,367,316,345,448,1109,594,76,338,596,397,243,430,177,461,279,296,386,951,1760,324,589,146,656,551,109,322,671,415,111,452,239,491,579,402,647,243,429
696,690,293,129,786,172,724,203,261,293,630,811,1327,465,403,468,548,1321,761,88,445,765,426,294,514,196,535,348,378,951,587,2114,433,687,167,792,710,141,351,831,529,139,611,269,627,710,462,783,257,536
1209,1178,559,218,1479,285,1277,412,474,574,1184,1549,2449,870,764,819,1026,2383,1454,164,812,1397,851,573,957,349,950,658,725,1760,2114,1856,711,1252,318,1549,1239,234,636,1482,873,297,1044,519,1133,1260,896,1407,502,971
247,233,122,43,303,45,239,93,99,118,232,302,490,176,145,159,217,501,289,25,152,256,170,102,174,65,188,145,148,324,433,711,76,249,63,316,248,62,139,290,190,60,195,108,221,279,155,290,104,194
498,383,197,68,473,103,455,139,157,185,378,529,850,311,249,260,332,835,463,54,278,454,300,184,302,115,306,229,241,589,687,1252,249,218,105,559,435,67,231,495,298,107,340,190,396,447,323,455,185,304
122,98,44,22,111,19,108,29,29,54,109,116,189,97,58,61,89,214,135,12,75,124,69,52,83,30,77,56,48,146,167,318,63,105,16,122,101,24,62,134,74,29,79,56,83,88,70,108,53,79
503,450,212,94,536,121,504,147,172,208,468,578,968,332,243,268,377,958,529,71,275,526,288,210,375,112,360,241,283,656,792,1549,316,559,122,260,484,86,257,579,384,108,391,152,414,488,316,556,184,350
488,377,161,74,464,84,418,153,146,201,402,534,836,349,235,245,321,837,487,52,272,465,280,208,320,124,323,221,261,551,710,1239,248,435,101,484,192,58,238,501,283,102,354,187,378,429,322,463,161,297
85,77,30,14,82,19,84,29,31,23,70,81,138,58,55,50,58,157,80,9,44,85,50,40,68,22,70,43,39,109,141,234,62,67,24,86,58,7,38,93,57,25,62,35,76,75,63,99,35,59
243,212,87,41,256,60,258,78,80,116,213,258,426,179,123,143,183,440,243,22,133,266,157,107,156,55,139,119,135,322,351,636,139,231,62,257,238,38,67,258,164,53,191,87,214,221,175,274,85,160
451,473,235,81,565,115,505,143,186,240,503,631,924,360,296,315,375,963,558,64,308,572,312,189,339,123,335,267,268,671,831,1482,290,495,134,579,501,93,258,281,344,99,415,196,443,480,348,550,191,346
318,281,134,55,328,67,307,101,118,127,276,396,595,226,174,200,266,615,347,37,198,347,194,127,232,88,216,157,169,415,529,873,190,298,74,384,283,57,164,344,103,64,269,143,275,276,225,330,119,212
117,81,38,23,123,34,108,38,28,45,87,113,188,71,53,57,76,173,92,14,50,107,66,37,73,26,63,53,66,111,139,297,60,107,29,108,102,25,53,99,64,10,98,44,101,102,65,108,40,78
388,311,151,66,371,78,355,122,107,163,293,434,691,268,199,216,268,698,407,47,213,400,207,146,240,103,265,202,183,452,611,1044,195,340,79,391,354,62,191,415,269,98,143,154,303,344,242,422,108,248
164,158,58,41,215,36,186,61,52,80,155,208,331,115,89,104,130,334,184,23,101,190,119,71,125,39,101,91,90,239,269,519,108,190,56,152,187,35,87,196,143,44,154,37,152,173,129,205,82,140
444,360,146,55,426,89,387,115,163,160,343,467,766,265,191,247,315,726,426,53,205,439,214,152,237,88,266,191,200,491,627,1133,221,396,83,414,378,76,214,443,275,101,303,152,134,395,250,422,150,284
436,383,193,87,464,102,484,147,154,185,403,538,827,282,252,261,335,812,490,66,258,496,265,192,351,121,326,221,236,579,710,1260,279,447,88,488,429,75,221,480,276,102,344,173,395,196,321,447,154,331
340,259,136,58,324,82,298,98,102,133,262,359,577,189,153,177,213,572,315,39,154,324,167,126,175,70,186,171,163,402,462,896,155,323,70,316,322,63,175,348,225,65,242,129,250,321,86,322,121,201
494,414,221,93,533,108,491,187,188,197,412,579,960,343,281,295,369,904,525,64,278,530,323,211,332,126,334,244,254,647,783,1407,290,455,108,556,463,99,274,550,330,108,422,205,422,447,322,269,185,339
172,161,75,25,178,29,155,49,60,79,162,199,336,140,93,112,141,320,196,22,111,190,115,76,156,42,124,109,89,243,257,502,104,185,53,184,161,35,85,191,119,40,108,82,150,154,121,185,35,133
357,276,128,68,363,69,333,89,122,129,291,368,647,213,183,203,249,620,358,43,215,364,201,146,208,81,225,163,194,429,536,971,194,304,79,350,297,59,160,346,212,78,248,140,284,331,201,339,133,122
