250,447,210,90,519,110,473,169,170,239,445,492,797,381,333,368,370,812,517,57,336,523,343,220,379,159,400,268,298,598,693,1152,233,490,107,508,461,80,218,443,314,113,363,165,411,401,337,491,170,374
447,190,170,77,431,95,407,112,114,170,374,480,817,264,219,252,306,809,438,46,230,445,242,178,296,109,286,190,245,528,678,1241,233,409,93,462,391,70,186,460,314,70,322,163,344,409,261,442,148,279
210,170,35,36,188,48,211,54,51,87,174,208,392,165,100,118,130,387,188,24,114,204,112,92,130,51,120,91,89,228,323,608,112,189,54,209,198,29,90,218,148,41,146,55,140,178,123,181,81,149
90,77,36,6,73,21,78,21,24,42,65,95,158,50,51,63,58,145,97,13,55,88,53,35,53,27,63,47,52,93,115,222,35,77,11,90,69,15,38,82,57,24,55,36,60,80,56,87,27,62
519,431,188,73,264,106,481,168,176,223,453,575,945,316,270,276,389,903,519,69,293,551,289,204,331,135,315,224,224,627,756,1363,243,468,100,503,468,88,239,563,357,98,372,242,384,453,343,528,185,349
110,95,48,21,106,16,108,24,37,57,101,114,186,69,62,73,72,180,112,20,71,116,68,46,80,35,91,65,65,140,162,274,48,109,24,116,102,16,57,102,81,27,65,47,86,107,71,119,31,85
473,407,211,78,481,108,204,159,152,204,436,512,855,316,258,288,357,834,500,57,265,520,280,184,334,130,330,249,252,561,693,1270,245,450,103,534,414,71,238,465,312,110,356,222,356,414,330,486,176,319
169,112,54,21,168,24,159,23,49,67,143,158,279,110,90,87,110,295,148,18,81,154,81,66,108,33,89,79,79,203,234,417,75,154,41,152,147,18,90,159,103,26,126,63,123,128,86,184,69,132
170,114,51,24,176,37,152,49,28,68,143,192,302,102,91,105,122,298,157,17,78,188,97,68,123,34,103,75,80,228,243,441,92,160,40,169,151,25,84,190,105,38,125,73,136,162,96,171,67,105
239,170,87,42,223,57,204,67,68,36,166,232,385,137,129,115,159,376,198,26,133,181,133,79,160,63,146,95,101,262,289,577,122,190,49,223,204,29,103,210,127,37,161,96,172,190,136,240,83,129
445,374,174,65,453,101,436,143,143,166,198,485,765,301,260,246,322,751,424,57,252,394,247,163,313,135,298,230,215,520,594,1093,245,389,95,462,397,61,207,447,296,76,327,168,333,374,261,458,142,286
492,480,208,95,575,114,512,158,192,232,485,336,986,360,271,300,402,941,575,64,298,573,369,229,358,157,405,256,275,712,808,1565,284,480,138,568,504,89,288,600,339,116,410,202,442,507,328,535,195,354
797,817,392,158,945,186,855,279,302,385,765,986,759,593,496,544,641,1447,897,119,472,916,573,361,638,206,578,413,454,1084,1276,2368,456,795,231,927,807,160,465,935,622,187,643,325,770,774,586,895,331,610
381,264,165,50,316,69,316,110,102,137,301,360,593,94,154,170,248,560,326,36,176,308,186,125,213,80,216,170,163,379,481,880,162,309,67,370,316,49,160,337,216,60,265,114,258,314,181,329,117,217
333,219,100,51,270,62,258,90,91,129,260,271,496,154,63,137,178,486,254,34,151,260,172,100,185,60,168,112,131,334,390,738,148,230,55,273,258,36,144,264,186,49,224,71,214,263,146,290,107,185
368,252,118,63,276,73,288,87,105,115,246,300,544,170,137,79,218,525,274,38,168,276,182,102,195,77,200,116,136,370,429,805,171,270,63,303,266,50,145,279,183,59,216,96,230,274,174,292,113,203
370,306,130,58,389,72,357,110,122,159,322,402,641,248,178,218,115,668,371,47,202,363,226,166,257,81,237,164,171,450,526,985,161,334,82,375,335,60,202,363,225,66,268,138,314,330,231,406,134,237
812,809,387,145,903,180,834,295,298,376,751,941,1447,560,486,525,668,791,905,113,492,898,590,359,634,208,608,405,473,1095,1325,2413,504,797,209,969,793,153,450,948,587,188,623,332,764,825,579,896,312,609
517,438,188,97,519,112,500,148,157,198,424,575,897,326,254,274,371,905,271,62,263,500,315,213,344,132,331,230,274,632,766,1377,253,462,105,522,482,79,239,534,350,95,399,187,396,473,307,522,167,343
57,46,24,13,69,20,57,18,17,26,57,64,119,36,34,38,47,113,62,7,34,62,36,21,39,14,39,27,30,71,107,186,38,56,9,69,59,13,28,70,35,12,49,25,42,57,42,81,17,44
336,230,114,55,293,71,265,81,78,133,252,298,472,176,151,168,202,492,263,34,60,277,163,113,182,74,211,138,131,327,422,826,148,273,77,277,276,39,148,291,187,58,232,100,195,267,174,282,102,198
523,445,204,88,551,116,520,154,188,181,394,573,916,308,260,276,363,898,500,62,277,258,315,197,357,139,342,255,273,633,803,1442,265,456,116,545,467,90,245,492,337,111,403,195,422,515,296,516,163,340
343,242,112,53,289,68,280,81,97,133,247,369,573,186,172,182,226,590,315,36,163,315,87,123,190,65,190,131,147,377,447,837,171,271,67,339,288,58,136,285,163,55,225,112,227,273,188,300,121,195
220,178,92,35,204,46,184,66,68,79,163,229,361,125,100,102,166,359,213,21,113,197,123,39,134,57,135,102,122,248,299,569,112,190,55,217,191,42,106,191,131,35,141,59,158,161,139,195,80,132
379,296,130,53,331,80,334,108,123,160,313,358,638,213,185,195,257,634,344,39,182,357,190,134,131,85,198,172,159,434,513,955,187,300,77,338,321,61,169,338,204,66,231,100,248,288,190,339,118,221
159,109,51,27,135,35,130,33,34,63,135,157,206,80,60,77,81,208,132,14,74,139,65,57,85,17,84,74,71,151,169,334,69,119,32,138,120,25,65,141,84,28,124,50,115,98,75,129,41,87
400,286,120,63,315,91,330,89,103,146,298,405,578,216,168,200,237,608,331,39,211,342,190,135,198,84,108,173,167,408,500,931,178,312,79,348,338,66,176,330,227,71,269,150,256,296,204,342,124,229
268,190,91,47,224,65,249,79,75,95,230,256,413,170,112,116,164,405,230,27,138,255,131,102,172,74,173,73,140,271,410,661,106,236,48,251,254,43,107,270,158,49,180,91,210,220,120,245,87,150
298,245,89,52,224,65,252,79,80,101,215,275,454,163,131,136,171,473,274,30,131,273,147,122,159,71,167,140,64,297,345,699,142,242,58,270,260,44,122,271,184,55,199,79,196,225,152,255,96,151
598,528,228,93,627,140,561,203,228,262,520,712,1084,379,334,370,450,1095,632,71,327,633,377,248,434,151,408,271,297,364,953,1771,360,566,125,649,554,108,293,665,424,122,469,249,526,589,383,644,226,423
693,678,323,115,756,162,693,234,243,289,594,808,1276,481,390,429,526,1325,766,107,422,803,447,299,513,169,500,410,345,953,545,2033,386,711,190,793,725,124,371,798,525,157,579,279,605,683,472,768,268,495
1152,1241,608,222,1363,274,1270,417,441,577,1093,1565,2368,880,738,805,985,2413,1377,186,826,1442,837,569,955,334,931,661,699,1771,2033,1805,678,1318,329,1487,1276,222,682,1470,865,304,982,523,1139,1249,905,1385,491,883
233,233,112,35,243,48,245,75,92,122,245,284,456,162,148,171,161,504,253,38,148,265,171,112,187,69,178,106,142,360,386,678,59,218,64,293,248,27,116,268,186,48,196,104,220,240,160,278,96,177
490,409,189,77,468,109,450,154,160,190,389,480,795,309,230,270,334,797,462,56,273,456,271,190,300,119,312,236,242,566,711,1318,218,200,99,475,433,76,279,481,299,110,352,195,365,406,290,500,169,315
107,93,54,11,100,24,103,41,40,49,95,138,231,67,55,63,82,209,105,9,77,116,67,55,77,32,79,48,58,125,190,329,64,99,12,115,107,12,62,145,79,22,92,49,85,114,66,118,41,83
508,462,209,90,503,116,534,152,169,223,462,568,927,370,273,303,375,969,522,69,277,545,339,217,338,138,348,251,270,649,793,1487,293,475,115,260,465,93,261,576,334,110,394,195,421,501,325,585,209,386
461,391,198,69,468,102,414,147,151,204,397,504,807,316,258,266,335,793,482,59,276,467,288,191,321,120,338,254,260,554,725,1276,248,433,107,465,211,87,240,456,304,102,337,177,395,399,309,507,176,328
80,70,29,15,88,16,71,18,25,29,61,89,160,49,36,50,60,153,79,13,39,90,58,42,61,25,66,43,44,108,124,222,27,76,12,93,87,5,33,99,53,18,63,35,68,71,42,84,26,61
218,186,90,38,239,57,238,90,84,103,207,288,465,160,144,145,202,450,239,28,148,245,136,106,169,65,176,107,122,293,371,682,116,279,62,261,240,33,64,232,156,40,178,85,199,243,150,257,92,172
443,460,218,82,563,102,465,159,190,210,447,600,935,337,264,279,363,948,534,70,291,492,285,191,338,141,330,270,271,665,798,1470,268,481,145,576,456,99,232,288,381,96,390,208,379,453,351,522,194,355
314,314,148,57,357,81,312,103,105,127,296,339,622,216,186,183,225,587,350,35,187,337,163,131,204,84,227,158,184,424,525,865,186,299,79,334,304,53,156,381,105,71,274,123,240,287,198,347,94,234
113,70,41,24,98,27,110,26,38,37,76,116,187,60,49,59,66,188,95,12,58,111,55,35,66,28,71,49,55,122,157,304,48,110,22,110,102,18,40,96,71,9,71,27,68,97,53,97,39,54
363,322,146,55,372,65,356,126,125,161,327,410,643,265,224,216,268,623,399,49,232,403,225,141,231,124,269,180,199,469,579,982,196,352,92,394,337,63,178,390,274,71,117,155,296,318,266,397,144,250
165,163,55,36,242,47,222,63,73,96,168,202,325,114,71,96,138,332,187,25,100,195,112,59,100,50,150,91,79,249,279,523,104,195,49,195,177,35,85,208,123,27,155,36,154,186,116,199,70,141
411,344,140,60,384,86,356,123,136,172,333,442,770,258,214,230,314,764,396,42,195,422,227,158,248,115,256,210,196,526,605,1139,220,365,85,421,395,68,199,379,240,68,296,154,158,331,254,406,140,282
401,409,178,80,453,107,414,128,162,190,374,507,774,314,263,274,330,825,473,57,267,515,273,161,288,98,296,220,225,589,683,1249,240,406,114,501,399,71,243,453,287,97,318,186,331,204,323,470,158,301
337,261,123,56,343,71,330,86,96,136,261,328,586,181,146,174,231,579,307,42,174,296,188,139,190,75,204,120,152,383,472,905,160,290,66,325,309,42,150,351,198,53,266,116,254,323,91,329,120,229
491,442,181,87,528,119,486,184,171,240,458,535,895,329,290,292,406,896,522,81,282,516,300,195,339,129,342,245,255,644,768,1385,278,500,118,585,507,84,257,522,347,97,397,199,406,470,329,250,186,336
170,148,81,27,185,31,176,69,67,83,142,195,331,117,107,113,134,312,167,17,102,163,121,80,118,41,124,87,96,226,268,491,96,169,41,209,176,26,92,194,94,39,144,70,140,158,120,186,33,119
374,279,149,62,349,85,319,132,105,129,286,354,610,217,185,203,237,609,343,44,198,340,195,132,221,87,229,150,151,423,495,883,177,315,83,386,328,61,172,355,234,54,250,141,282,301,229,336,119,108
