254,394,205,101,527,107,450,170,173,229,418,500,789,375,288,319,352,780,545,85,303,528,310,199,358,149,363,295,283,628,680,1213,238,522,119,475,496,87,250,478,322,107,393,158,413,388,308,472,178,342
394,200,164,71,439,115,407,110,127,169,369,477,807,270,227,245,320,829,414,49,247,430,275,184,285,114,269,193,223,556,625,1238,237,380,89,406,408,57,221,457,287,83,348,143,355,416,277,464,163,283
205,164,38,43,200,53,189,58,60,76,162,211,368,110,96,112,143,358,196,20,98,206,125,78,125,47,127,102,95,259,267,569,96,202,43,186,201,34,88,202,136,40,139,71,156,180,133,214,72,135
101,71,43,5,67,14,74,24,24,35,66,87,157,49,46,67,52,147,74,6,70,72,45,38,57,19,54,50,42,106,119,207,42,79,21,91,75,10,44,72,49,22,58,35,85,75,54,74,30,63
527,439,200,67,275,102,458,154,186,205,431,550,903,336,285,305,401,893,509,66,274,508,293,197,355,138,354,208,266,657,796,1393,266,485,118,565,462,92,260,523,327,101,374,197,430,519,292,536,186,326
107,115,53,14,102,10,108,41,33,48,85,108,195,70,67,84,80,198,107,15,75,125,81,53,92,32,83,58,64,140,159,280,55,112,25,116,104,15,74,110,74,30,82,50,114,96,76,109,37,74
450,407,189,74,458,108,240,159,159,224,399,510,864,308,236,281,358,890,483,53,278,498,268,193,311,113,332,228,240,622,741,1402,263,452,117,495,412,88,258,476,322,112,391,179,359,437,302,499,191,331
170,110,58,24,154,41,159,27,52,69,129,139,273,107,81,88,100,282,144,22,75,156,89,58,83,32,97,61,80,198,250,433,96,143,42,150,158,28,70,175,118,37,136,56,112,127,94,163,54,96
173,127,60,24,186,33,159,52,22,78,139,164,298,111,99,102,125,323,190,14,90,166,92,70,114,41,127,60,76,222,251,477,97,157,40,159,131,29,76,163,94,40,144,77,137,149,123,167,55,114
229,169,76,35,205,48,224,69,78,47,168,208,347,146,144,125,155,364,200,22,133,213,146,92,143,41,140,117,115,234,314,566,113,194,48,202,225,32,101,201,128,39,176,77,186,174,140,244,98,127
418,369,162,66,431,85,399,129,139,168,181,477,743,277,254,286,306,760,424,62,288,442,260,199,279,114,297,197,212,530,649,1142,232,388,92,433,386,72,222,451,276,82,343,151,357,374,273,462,151,264
500,477,211,87,550,108,510,139,164,208,477,337,1052,344,300,327,395,1014,550,64,303,535,332,229,357,150,374,267,288,673,860,1592,289,533,141,613,545,92,287,576,395,111,438,205,444,511,346,582,207,360
789,807,368,157,903,195,864,273,298,347,743,1052,853,595,521,524,648,1502,895,110,480,912,569,398,629,237,623,390,463,1180,1328,2465,489,823,217,920,814,157,491,978,618,179,668,363,724,836,608,885,327,622
375,270,110,49,336,70,308,107,111,146,277,344,595,97,167,205,235,566,372,27,183,323,205,119,207,84,242,159,142,421,461,932,180,287,67,322,300,41,186,360,214,75,252,119,238,293,202,356,123,243
288,227,96,46,285,67,236,81,99,144,254,300,521,167,56,125,202,507,286,37,164,296,159,134,202,75,204,139,159,292,416,735,145,263,54,270,256,66,126,272,162,42,193,104,223,265,161,292,102,179
319,245,112,67,305,84,281,88,102,125,286,327,524,205,125,73,215,533,308,41,178,326,159,123,193,60,200,155,145,323,460,820,151,292,55,295,283,61,139,310,194,58,215,105,238,286,155,320,109,189
352,320,143,52,401,80,358,100,125,155,306,395,648,235,202,215,129,640,382,43,195,393,225,146,256,90,260,170,198,416,556,1087,216,346,79,367,357,61,191,353,230,78,298,128,291,339,233,405,117,268
780,829,358,147,893,198,890,282,323,364,760,1014,1502,566,507,533,640,842,902,108,464,885,504,402,613,249,671,407,472,1152,1335,2400,481,817,207,930,824,138,471,996,562,172,686,345,705,821,569,908,330,590
545,414,196,74,509,107,483,144,190,200,424,550,895,372,286,308,382,902,273,68,273,510,298,187,317,120,349,259,236,595,759,1487,286,491,117,563,468,92,250,572,341,104,366,180,421,457,326,538,191,341
85,49,20,6,66,15,53,22,14,22,62,64,110,27,37,41,43,108,68,4,33,72,29,21,43,18,43,29,23,71,94,169,21,57,11,66,62,12,27,70,45,13,45,15,43,53,44,72,23,44
303,247,98,70,274,75,278,75,90,133,288,303,480,183,164,178,195,464,273,33,78,283,164,118,190,68,183,121,141,310,396,775,156,256,65,287,263,45,137,294,187,48,215,98,231,256,168,290,111,193
528,430,206,72,508,125,498,156,166,213,442,535,912,323,296,326,393,885,510,72,283,267,307,208,352,132,371,263,268,657,744,1433,269,491,121,532,478,90,253,543,344,99,380,182,407,464,340,509,208,368
310,275,125,45,293,81,268,89,92,146,260,332,569,205,159,159,225,504,298,29,164,307,98,122,201,83,208,140,162,356,441,877,164,260,64,309,270,43,156,326,208,60,221,104,253,279,196,291,122,200
199,184,78,38,197,53,193,58,70,92,199,229,398,119,134,123,146,402,187,21,118,208,122,33,132,56,135,88,97,249,315,608,115,183,41,202,175,31,109,209,148,37,151,66,155,202,134,202,86,147
358,285,125,57,355,92,311,83,114,143,279,357,629,207,202,193,256,613,317,43,190,352,201,132,120,88,222,154,148,421,491,929,199,292,79,303,296,49,143,351,213,63,277,125,240,300,236,358,138,206
149,114,47,19,138,32,113,32,41,41,114,150,237,84,75,60,90,249,120,18,68,132,83,56,88,18,85,55,58,169,190,382,77,122,23,140,133,18,58,161,98,24,96,52,109,119,86,146,55,114
363,269,127,54,354,83,332,97,127,140,297,374,623,242,204,200,260,671,349,43,183,371,208,135,222,85,110,142,166,450,513,945,196,317,66,368,306,57,159,365,242,62,288,123,259,325,230,382,147,253
295,193,102,50,208,58,228,61,60,117,197,267,390,159,139,155,170,407,259,29,121,263,140,88,154,55,142,48,118,287,349,648,156,239,50,259,233,39,120,265,159,52,178,89,181,226,125,251,106,159
283,223,95,42,266,64,240,80,76,115,212,288,463,142,159,145,198,472,236,23,141,268,162,97,148,58,166,118,63,331,375,689,141,243,61,246,241,39,126,269,172,47,170,84,179,205,152,251,104,190
628,556,259,106,657,140,622,198,222,234,530,673,1180,421,292,323,416,1152,595,71,310,657,356,249,421,169,450,287,331,377,991,1769,347,590,132,638,599,103,311,691,412,110,493,237,495,633,374,664,238,426
680,625,267,119,796,159,741,250,251,314,649,860,1328,461,416,460,556,1335,759,94,396,744,441,315,491,190,513,349,375,991,542,2106,375,746,196,799,694,129,368,821,508,158,568,286,591,692,483,767,263,508
1213,1238,569,207,1393,280,1402,433,477,566,1142,1592,2465,932,735,820,1087,2400,1487,169,775,1433,877,608,929,382,945,648,689,1769,2106,1818,727,1261,334,1550,1285,263,705,1484,868,314,1058,545,1092,1238,919,1390,493,966
238,237,96,42,266,55,263,96,97,113,232,289,489,180,145,151,216,481,286,21,156,269,164,115,199,77,196,156,141,347,375,727,78,257,64,281,242,44,135,285,178,52,204,107,204,265,190,264,108,184
522,380,202,79,485,112,452,143,157,194,388,533,823,287,263,292,346,817,491,57,256,491,260,183,292,122,317,239,243,590,746,1261,257,241,110,533,437,84,231,461,318,109,326,170,391,418,286,445,179,317
119,89,43,21,118,25,117,42,40,48,92,141,217,67,54,55,79,207,117,11,65,121,64,41,79,23,66,50,61,132,196,334,64,110,13,117,102,14,63,123,72,22,73,43,80,91,69,106,45,76
475,406,186,91,565,116,495,150,159,202,433,613,920,322,270,295,367,930,563,66,287,532,309,202,303,140,368,259,246,638,799,1550,281,533,117,282,494,87,242,586,353,105,444,191,422,520,325,558,179,338
496,408,201,75,462,104,412,158,131,225,386,545,814,300,256,283,357,824,468,62,263,478,270,175,296,133,306,233,241,599,694,1285,242,437,102,494,209,82,233,504,337,104,374,192,372,436,285,445,172,347
87,57,34,10,92,15,88,28,29,32,72,92,157,41,66,61,61,138,92,12,45,90,43,31,49,18,57,39,39,103,129,263,44,84,14,87,82,7,55,99,61,15,63,32,58,93,39,94,31,67
250,221,88,44,260,74,258,70,76,101,222,287,491,186,126,139,191,471,250,27,137,253,156,109,143,58,159,120,126,311,368,705,135,231,63,242,233,55,56,251,152,50,219,100,196,234,177,260,87,157
478,457,202,72,523,110,476,175,163,201,451,576,978,360,272,310,353,996,572,70,294,543,326,209,351,161,365,265,269,691,821,1484,285,461,123,586,504,99,251,262,347,93,398,193,447,491,338,527,189,389
322,287,136,49,327,74,322,118,94,128,276,395,618,214,162,194,230,562,341,45,187,344,208,148,213,98,242,159,172,412,508,868,178,318,72,353,337,61,152,347,108,63,238,128,288,311,206,363,108,249
107,83,40,22,101,30,112,37,40,39,82,111,179,75,42,58,78,172,104,13,48,99,60,37,63,24,62,52,47,110,158,314,52,109,22,105,104,15,50,93,63,11,80,38,88,85,66,118,32,69
393,348,139,58,374,82,391,136,144,176,343,438,668,252,193,215,298,686,366,45,215,380,221,151,277,96,288,178,170,493,568,1058,204,326,73,444,374,63,219,398,238,80,165,128,303,327,240,406,156,282
158,143,71,35,197,50,179,56,77,77,151,205,363,119,104,105,128,345,180,15,98,182,104,66,125,52,123,89,84,237,286,545,107,170,43,191,192,32,100,193,128,38,128,24,150,174,109,209,81,110
413,355,156,85,430,114,359,112,137,186,357,444,724,238,223,238,291,705,421,43,231,407,253,155,240,109,259,181,179,495,591,1092,204,391,80,422,372,58,196,447,288,88,303,150,155,353,267,380,157,289
388,416,180,75,519,96,437,127,149,174,374,511,836,293,265,286,339,821,457,53,256,464,279,202,300,119,325,226,205,633,692,1238,265,418,91,520,436,93,234,491,311,85,327,174,353,214,309,433,177,285
308,277,133,54,292,76,302,94,123,140,273,346,608,202,161,155,233,569,326,44,168,340,196,134,236,86,230,125,152,374,483,919,190,286,69,325,285,39,177,338,206,66,240,109,267,309,103,347,127,196
472,464,214,74,536,109,499,163,167,244,462,582,885,356,292,320,405,908,538,72,290,509,291,202,358,146,382,251,251,664,767,1390,264,445,106,558,445,94,260,527,363,118,406,209,380,433,347,246,191,366
178,163,72,30,186,37,191,54,55,98,151,207,327,123,102,109,117,330,191,23,111,208,122,86,138,55,147,106,104,238,263,493,108,179,45,179,172,31,87,189,108,32,156,81,157,177,127,191,27,126
342,283,135,63,326,74,331,96,114,127,264,360,622,243,179,189,268,590,341,44,193,368,200,147,206,114,253,159,190,426,508,966,184,317,76,338,347,67,157,389,249,69,282,110,289,285,196,366,126,116
