270,414,218,93,487,109,500,201,166,227,447,557,865,381,319,345,358,819,533,55,353,527,337,206,366,144,394,254,296,630,743,1212,271,504,129,489,509,88,283,509,290,116,368,170,454,461,354,502,164,385
414,216,149,82,469,103,414,103,128,194,367,472,784,281,215,217,314,805,414,52,205,428,264,172,306,109,302,199,214,533,640,1254,247,395,120,440,419,68,197,449,267,80,321,164,350,404,297,455,182,289
218,149,40,36,202,41,191,63,72,62,147,215,359,111,103,112,140,363,200,16,105,201,111,86,140,54,127,83,103,251,309,611,116,201,39,202,184,28,108,213,115,41,166,73,171,197,114,237,81,125
93,82,36,3,88,18,89,21,31,26,62,101,160,53,56,63,61,164,76,13,57,85,59,27,51,19,68,40,44,110,121,203,39,72,19,95,87,12,36,88,54,12,65,41,64,81,56,86,30,53
487,469,202,88,232,120,498,149,170,187,384,592,938,337,284,302,396,896,509,67,257,519,302,198,368,132,347,231,226,647,770,1401,278,488,94,507,445,83,278,555,352,110,418,215,426,467,324,569,175,329
109,103,41,18,120,14,118,26,41,46,98,130,180,72,61,72,83,208,97,13,72,114,71,38,82,37,88,59,62,146,150,279,57,94,26,124,101,20,60,114,59,17,95,55,81,102,84,109,40,65
500,414,191,89,498,118,232,129,171,197,399,578,877,303,253,303,331,914,506,66,264,501,296,165,330,132,322,223,260,617,786,1336,274,450,104,520,444,82,232,510,321,97,397,185,387,461,302,497,185,303
201,103,63,21,149,26,129,19,48,63,135,172,261,111,75,86,103,249,148,25,77,174,93,65,95,52,100,72,93,179,217,437,82,135,30,184,143,29,73,161,95,25,126,48,124,127,83,148,55,85
166,128,72,31,170,41,171,48,18,71,150,201,294,100,92,80,119,280,170,21,86,172,121,75,124,43,113,68,75,205,253,488,93,150,31,162,154,27,72,185,124,42,140,62,128,148,96,169,57,88
227,194,62,26,187,46,197,63,71,54,193,242,392,140,109,108,136,355,195,24,120,220,136,78,128,57,144,94,96,256,306,542,125,176,50,200,217,40,95,221,130,45,154,83,162,168,108,219,62,142
447,367,147,62,384,98,399,135,150,193,190,527,768,262,243,261,306,778,408,52,236,437,267,148,247,122,302,182,202,569,647,1205,236,366,108,447,414,70,230,469,292,84,338,155,345,389,253,438,143,263
557,472,215,101,592,130,578,172,201,242,527,332,1031,371,324,325,459,1009,557,63,321,571,335,242,347,107,367,269,266,722,905,1655,324,544,127,627,539,88,300,593,362,128,409,240,464,565,358,591,219,394
865,784,359,160,938,180,877,261,294,392,768,1031,842,606,482,519,622,1482,973,123,488,961,528,369,579,231,594,453,450,1182,1466,2423,493,867,213,989,896,142,440,963,618,201,690,351,771,860,604,938,307,604
381,281,111,53,337,72,303,111,100,140,262,371,606,106,176,187,239,590,325,42,167,316,191,118,216,82,198,154,153,413,476,870,173,311,70,337,320,46,162,357,205,59,287,124,260,327,203,380,108,219
319,215,103,56,284,61,253,75,92,109,243,324,482,176,60,114,197,450,254,42,143,282,150,107,177,57,151,125,134,347,438,737,140,249,56,274,251,45,141,288,159,47,202,116,197,231,169,286,96,196
345,217,112,63,302,72,303,86,80,108,261,325,519,187,114,73,201,483,302,40,179,304,156,106,165,71,186,127,144,374,444,830,152,264,55,267,265,43,147,294,179,68,222,106,221,276,165,301,103,173
358,314,140,61,396,83,331,103,119,136,306,459,622,239,197,201,121,597,370,36,168,387,214,146,252,98,261,175,173,473,547,1002,197,362,88,400,363,60,165,407,242,71,292,134,295,333,229,375,123,214
819,805,363,164,896,208,914,249,280,355,778,1009,1482,590,450,483,597,849,893,110,504,928,559,374,610,245,636,461,453,1152,1471,2446,514,811,213,961,901,143,444,1003,654,195,645,353,754,870,594,939,324,612
533,414,200,76,509,97,506,148,170,195,408,557,973,325,254,302,370,893,262,68,261,485,285,196,337,121,353,243,254,632,815,1436,282,456,105,525,504,90,247,554,337,101,384,186,417,472,326,546,167,336
55,52,16,13,67,13,66,25,21,24,52,63,123,42,42,40,36,110,68,6,41,73,48,21,45,13,37,25,35,72,96,181,29,67,15,54,65,9,34,68,39,13,47,19,55,48,43,62,25,43
353,205,105,57,257,72,264,77,86,120,236,321,488,167,143,179,168,504,261,41,84,288,160,111,156,58,160,112,137,323,436,786,181,264,50,297,260,44,136,292,162,53,188,97,226,282,162,312,99,189
527,428,201,85,519,114,501,174,172,220,437,571,961,316,282,304,387,928,485,73,288,247,315,200,323,123,353,247,255,674,757,1382,271,490,108,524,532,75,283,570,350,113,398,186,419,485,337,567,192,346
337,264,111,59,302,71,296,93,121,136,267,335,528,191,150,156,214,559,285,48,160,315,85,108,198,87,208,134,143,395,460,826,142,281,60,292,323,40,169,306,193,57,216,110,235,287,202,307,109,221
206,172,86,27,198,38,165,65,75,78,148,242,369,118,107,106,146,374,196,21,111,200,108,26,125,57,117,83,94,232,309,540,114,176,41,198,176,46,101,223,123,43,153,69,138,200,117,210,85,138
366,306,140,51,368,82,330,95,124,128,247,347,579,216,177,165,252,610,337,45,156,323,198,125,109,88,210,166,187,358,518,928,183,301,87,355,321,42,159,356,203,60,264,117,259,295,214,342,140,232
144,109,54,19,132,37,132,52,43,57,122,107,231,82,57,71,98,245,121,13,58,123,87,57,88,15,76,66,54,155,191,358,65,126,27,133,124,19,73,135,79,27,81,43,105,127,88,131,50,102
394,302,127,68,347,88,322,100,113,144,302,367,594,198,151,186,261,636,353,37,160,353,208,117,210,76,105,139,145,411,533,971,189,322,89,360,340,53,179,380,213,72,270,135,273,318,200,351,142,240
254,199,83,40,231,59,223,72,68,94,182,269,453,154,125,127,175,461,243,25,112,247,134,83,166,66,139,47,139,282,366,682,118,217,50,225,200,38,121,248,132,40,186,95,205,238,159,251,83,141
296,214,103,44,226,62,260,93,75,96,202,266,450,153,134,144,173,453,254,35,137,255,143,94,187,54,145,139,65,313,353,691,149,222,58,248,243,39,125,263,146,56,180,106,231,245,171,282,106,163
630,533,251,110,647,146,617,179,205,256,569,722,1182,413,347,374,473,1152,632,72,323,674,395,232,358,155,411,282,313,404,992,1834,344,587,127,671,613,108,334,711,408,127,507,243,501,591,392,697,234,456
743,640,309,121,770,150,786,217,253,306,647,905,1466,476,438,444,547,1471,815,96,436,757,460,309,518,191,533,366,353,992,587,2139,449,706,155,817,733,138,394,804,508,174,575,293,643,696,519,795,281,506
1212,1254,611,203,1401,279,1336,437,488,542,1205,1655,2423,870,737,830,1002,2446,1436,181,786,1382,826,540,928,358,971,682,691,1834,2139,1983,768,1298,334,1557,1279,271,681,1535,1000,278,1042,533,1101,1345,979,1424,498,919
271,247,116,39,278,57,274,82,93,125,236,324,493,173,140,152,197,514,282,29,181,271,142,114,183,65,189,118,149,344,449,768,60,271,63,288,263,38,135,286,208,64,217,113,242,238,175,294,96,201
504,395,201,72,488,94,450,135,150,176,366,544,867,311,249,264,362,811,456,67,264,490,281,176,301,126,322,217,222,587,706,1298,271,208,103,505,405,81,227,523,314,115,338,197,394,436,331,450,160,301
129,120,39,19,94,26,104,30,31,50,108,127,213,70,56,55,88,213,105,15,50,108,60,41,87,27,89,50,58,127,155,334,63,103,8,112,107,15,60,107,67,25,89,43,86,124,66,113,47,71
489,440,202,95,507,124,520,184,162,200,447,627,989,337,274,267,400,961,525,54,297,524,292,198,355,133,360,225,248,671,817,1557,288,505,112,263,525,90,291,597,330,101,404,202,422,463,348,550,212,373
509,419,184,87,445,101,444,143,154,217,414,539,896,320,251,265,363,901,504,65,260,532,323,176,321,124,340,200,243,613,733,1279,263,405,107,525,204,89,241,481,290,90,368,191,363,472,326,487,183,305
88,68,28,12,83,20,82,29,27,40,70,88,142,46,45,43,60,143,90,9,44,75,40,46,42,19,53,38,39,108,138,271,38,81,15,90,89,4,42,89,53,16,74,25,54,73,41,86,34,67
283,197,108,36,278,60,232,73,72,95,230,300,440,162,141,147,165,444,247,34,136,283,169,101,159,73,179,121,125,334,394,681,135,227,60,291,241,42,72,287,165,50,196,84,205,228,155,241,92,160
509,449,213,88,555,114,510,161,185,221,469,593,963,357,288,294,407,1003,554,68,292,570,306,223,356,135,380,248,263,711,804,1535,286,523,107,597,481,89,287,297,367,124,420,206,426,508,336,578,168,347
290,267,115,54,352,59,321,95,124,130,292,362,618,205,159,179,242,654,337,39,162,350,193,123,203,79,213,132,146,408,508,1000,208,314,67,330,290,53,165,367,96,64,256,132,242,332,215,338,122,204
116,80,41,12,110,17,97,25,42,45,84,128,201,59,47,68,71,195,101,13,53,113,57,43,60,27,72,40,56,127,174,278,64,115,25,101,90,16,50,124,64,10,77,41,72,92,59,110,47,70
368,321,166,65,418,95,397,126,140,154,338,409,690,287,202,222,292,645,384,47,188,398,216,153,264,81,270,186,180,507,575,1042,217,338,89,404,368,74,196,420,256,77,143,146,306,358,234,423,129,280
170,164,73,41,215,55,185,48,62,83,155,240,351,124,116,106,134,353,186,19,97,186,110,69,117,43,135,95,106,243,293,533,113,197,43,202,191,25,84,206,132,41,146,30,141,164,119,212,72,128
454,350,171,64,426,81,387,124,128,162,345,464,771,260,197,221,295,754,417,55,226,419,235,138,259,105,273,205,231,501,643,1101,242,394,86,422,363,54,205,426,242,72,306,141,151,378,254,425,154,285
461,404,197,81,467,102,461,127,148,168,389,565,860,327,231,276,333,870,472,48,282,485,287,200,295,127,318,238,245,591,696,1345,238,436,124,463,472,73,228,508,332,92,358,164,378,199,272,510,147,299
354,297,114,56,324,84,302,83,96,108,253,358,604,203,169,165,229,594,326,43,162,337,202,117,214,88,200,159,171,392,519,979,175,331,66,348,326,41,155,336,215,59,234,119,254,272,103,333,128,209
502,455,237,86,569,109,497,148,169,219,438,591,938,380,286,301,375,939,546,62,312,567,307,210,342,131,351,251,282,697,795,1424,294,450,113,550,487,86,241,578,338,110,423,212,425,510,333,257,179,382
164,182,81,30,175,40,185,55,57,62,143,219,307,108,96,103,123,324,167,25,99,192,109,85,140,50,142,83,106,234,281,498,96,160,47,212,183,34,92,168,122,47,129,72,154,147,128,179,29,133
385,289,125,53,329,65,303,85,88,142,263,394,604,219,196,173,214,612,336,43,189,346,221,138,232,102,240,141,163,456,506,919,201,301,71,373,305,67,160,347,204,70,280,128,285,299,209,382,133,102
