289,418,217,96,516,119,455,186,158,254,449,500,831,360,292,335,330,795,532,69,311,534,348,230,362,154,358,278,287,586,697,1236,225,491,99,467,498,90,259,424,316,107,360,174,424,440,311,511,156,407
418,165,142,77,436,92,399,115,122,177,346,464,774,269,250,265,313,803,450,44,215,420,271,135,288,107,265,210,210,567,668,1224,229,401,99,445,385,78,197,436,317,83,348,169,362,429,288,460,166,278
217,142,27,33,227,46,172,60,60,97,188,210,338,123,79,112,139,335,201,26,108,200,110,63,113,41,130,95,100,216,304,547,114,174,32,197,204,38,92,220,135,44,150,71,149,167,115,198,77,128
96,77,33,4,75,14,69,37,27,39,66,100,125,65,48,42,65,138,74,7,44,86,72,37,69,20,55,51,47,91,112,197,34,88,17,96,69,16,42,78,58,16,59,32,80,71,57,83,35,65
516,436,227,75,284,112,496,156,180,207,404,572,917,327,251,266,375,907,494,56,266,502,270,217,362,129,334,231,260,624,754,1407,272,450,115,508,459,79,260,522,308,109,380,190,400,455,329,532,202,349
119,92,46,14,112,9,101,41,38,44,94,117,167,68,61,68,80,159,117,9,54,110,71,41,78,29,75,54,58,138,167,292,57,112,26,144,97,21,52,120,77,18,85,38,85,106,67,122,44,79
455,399,172,69,496,101,209,164,162,203,435,580,822,318,237,274,314,854,463,57,267,487,304,204,345,117,316,258,269,606,721,1293,282,440,115,537,459,76,248,503,293,122,366,177,375,451,317,458,170,316
186,115,60,37,156,41,164,15,52,59,131,173,288,103,98,88,113,293,147,14,84,151,87,61,88,37,108,70,78,173,232,428,87,131,33,150,156,22,72,171,93,32,107,50,125,144,95,155,49,99
158,122,60,27,180,38,162,52,38,62,143,192,308,124,71,84,131,282,161,18,85,180,85,73,94,39,109,88,76,197,266,452,88,179,32,164,182,27,94,183,108,37,124,70,144,163,92,172,50,106
254,177,97,39,207,44,203,59,62,55,181,197,366,126,112,137,145,380,228,23,134,215,135,83,119,50,142,104,107,261,328,530,119,201,30,208,198,42,98,221,137,35,165,73,159,195,118,208,58,147
449,346,188,66,404,94,435,131,143,181,177,428,759,286,239,264,335,801,462,48,278,463,251,158,260,111,293,183,231,535,672,1102,225,431,101,463,380,68,225,437,274,76,326,160,333,392,273,453,144,300
500,464,210,100,572,117,580,173,192,197,428,326,1011,356,279,344,397,1035,595,75,284,581,288,245,378,131,359,280,276,765,834,1538,271,519,129,613,546,86,279,583,373,108,455,245,458,544,349,564,199,368
831,774,338,125,917,167,822,288,308,366,759,1011,852,595,473,529,647,1533,914,124,528,910,499,331,609,224,568,435,442,1192,1345,2535,499,862,198,988,793,155,463,986,588,180,700,334,761,816,568,958,334,618
360,269,123,65,327,68,318,103,124,126,286,356,595,126,172,171,218,591,322,36,161,343,175,137,188,81,208,150,168,374,499,941,187,329,64,324,338,47,160,331,208,70,256,106,249,304,212,325,133,214
292,250,79,48,251,61,237,98,71,112,239,279,473,172,69,136,171,485,268,21,146,274,151,103,161,61,166,126,135,301,438,752,139,274,65,293,270,44,139,298,177,53,168,98,197,232,166,281,108,191
335,265,112,42,266,68,274,88,84,137,264,344,529,171,136,74,196,530,285,19,147,293,175,117,200,64,183,138,149,300,453,800,170,275,69,278,287,36,156,317,184,56,226,118,224,279,181,318,118,201
330,313,139,65,375,80,314,113,131,145,335,397,647,218,171,196,135,649,360,44,220,375,235,137,228,84,233,183,187,468,553,1044,195,343,67,361,325,70,189,393,227,90,276,134,302,321,218,372,146,246
795,803,335,138,907,159,854,293,282,380,801,1035,1533,591,485,530,649,859,884,121,499,876,515,346,613,255,624,458,463,1108,1341,2491,469,859,197,966,801,163,455,940,576,191,665,334,749,818,588,890,324,657
532,450,201,74,494,117,463,147,161,228,462,595,914,322,268,285,360,884,241,69,278,487,296,211,340,133,333,248,252,636,743,1391,277,512,112,526,435,75,275,546,342,99,415,212,410,456,302,538,195,378
69,44,26,7,56,9,57,14,18,23,48,75,124,36,21,19,44,121,69,3,35,68,30,31,38,13,25,30,34,72,80,185,32,51,15,71,57,12,33,69,44,14,50,31,51,50,41,78,31,52
311,215,108,44,266,54,267,84,85,134,278,284,528,161,146,147,220,499,278,35,74,274,158,108,175,76,177,108,133,314,391,817,141,252,56,278,239,39,144,277,151,59,210,99,208,243,150,287,102,199
534,420,200,86,502,110,487,151,180,215,463,581,910,343,274,293,375,876,487,68,274,284,292,225,334,121,308,282,250,660,767,1429,269,504,115,562,488,78,277,533,350,94,407,190,416,479,333,555,190,350
348,271,110,72,270,71,304,87,85,135,251,288,499,175,151,175,235,515,296,30,158,292,92,130,195,81,201,135,164,330,471,818,166,265,70,306,279,44,162,330,173,60,222,110,246,281,177,300,119,200
230,135,63,37,217,41,204,61,73,83,158,245,331,137,103,117,137,346,211,31,108,225,130,42,132,51,136,91,94,228,286,531,96,175,47,198,198,37,85,220,146,39,162,92,171,179,141,209,79,138
362,288,113,69,362,78,345,88,94,119,260,378,609,188,161,200,228,613,340,38,175,334,195,132,104,83,203,151,182,405,505,949,203,310,68,312,341,62,156,357,234,64,276,136,253,333,206,376,130,233
154,107,41,20,129,29,117,37,39,50,111,131,224,81,61,64,84,255,133,13,76,121,81,51,83,14,67,61,72,144,181,371,69,108,35,133,116,17,56,142,83,27,112,54,106,134,89,143,54,85
358,265,130,55,334,75,316,108,109,142,293,359,568,208,166,183,233,624,333,25,177,308,201,136,203,67,91,161,173,400,498,985,200,307,65,332,338,46,166,373,227,63,267,126,262,332,214,357,122,227
278,210,95,51,231,54,258,70,88,104,183,280,435,150,126,138,183,458,248,30,108,282,135,91,151,61,161,34,112,284,386,708,134,217,50,269,231,32,110,269,154,46,170,70,184,192,145,231,90,183
287,210,100,47,260,58,269,78,76,107,231,276,442,168,135,149,187,463,252,34,133,250,164,94,182,72,173,112,56,296,406,710,147,242,48,250,236,34,117,311,183,53,192,89,205,261,148,234,103,181
586,567,216,91,624,138,606,173,197,261,535,765,1192,374,301,300,468,1108,636,72,314,660,330,228,405,144,400,284,296,383,983,1862,354,603,149,673,554,103,295,706,406,136,470,255,482,590,380,701,240,461
697,668,304,112,754,167,721,232,266,328,672,834,1345,499,438,453,553,1341,743,80,391,767,471,286,505,181,498,386,406,983,559,2120,432,717,187,824,727,125,383,806,511,132,574,295,597,701,476,782,293,518
1236,1224,547,197,1407,292,1293,428,452,530,1102,1538,2535,941,752,800,1044,2491,1391,185,817,1429,818,531,949,371,985,708,710,1862,2120,1837,711,1282,308,1572,1196,241,682,1524,978,280,1080,502,1130,1257,911,1356,500,910
225,229,114,34,272,57,282,87,88,119,225,271,499,187,139,170,195,469,277,32,141,269,166,96,203,69,200,134,147,354,432,711,70,247,62,310,231,52,135,295,190,61,194,105,225,267,169,313,107,187
491,401,174,88,450,112,440,131,179,201,431,519,862,329,274,275,343,859,512,51,252,504,265,175,310,108,307,217,242,603,717,1282,247,200,110,514,438,71,215,512,294,85,338,188,390,433,294,516,189,346
99,99,32,17,115,26,115,33,32,30,101,129,198,64,65,69,67,197,112,15,56,115,70,47,68,35,65,50,48,149,187,308,62,110,10,110,117,16,44,126,76,28,91,39,80,128,58,113,38,53
467,445,197,96,508,144,537,150,164,208,463,613,988,324,293,278,361,966,526,71,278,562,306,198,312,133,332,269,250,673,824,1572,310,514,110,255,540,93,264,604,363,106,416,203,427,500,323,562,208,343
498,385,204,69,459,97,459,156,182,198,380,546,793,338,270,287,325,801,435,57,239,488,279,198,341,116,338,231,236,554,727,1196,231,438,117,540,220,73,238,505,294,89,350,193,413,418,305,510,172,311
90,78,38,16,79,21,76,22,27,42,68,86,155,47,44,36,70,163,75,12,39,78,44,37,62,17,46,32,34,103,125,241,52,71,16,93,73,1,50,93,57,17,69,43,62,74,57,131,30,53
259,197,92,42,260,52,248,72,94,98,225,279,463,160,139,156,189,455,275,33,144,277,162,85,156,56,166,110,117,295,383,682,135,215,44,264,238,50,67,304,158,57,185,94,202,228,174,272,100,155
424,436,220,78,522,120,503,171,183,221,437,583,986,331,298,317,393,940,546,69,277,533,330,220,357,142,373,269,311,706,806,1524,295,512,126,604,505,93,304,237,362,105,376,197,477,470,342,548,185,373
316,317,135,58,308,77,293,93,108,137,274,373,588,208,177,184,227,576,342,44,151,350,173,146,234,83,227,154,183,406,511,978,190,294,76,363,294,57,158,362,99,51,239,138,280,297,228,315,115,217
107,83,44,16,109,18,122,32,37,35,76,108,180,70,53,56,90,191,99,14,59,94,60,39,64,27,63,46,53,136,132,280,61,85,28,106,89,17,57,105,51,6,77,43,81,101,60,113,33,63
360,348,150,59,380,85,366,107,124,165,326,455,700,256,168,226,276,665,415,50,210,407,222,162,276,112,267,170,192,470,574,1080,194,338,91,416,350,69,185,376,239,77,154,153,299,338,235,402,136,274
174,169,71,32,190,38,177,50,70,73,160,245,334,106,98,118,134,334,212,31,99,190,110,92,136,54,126,70,89,255,295,502,105,188,39,203,193,43,94,197,138,43,153,33,161,191,118,178,64,112
424,362,149,80,400,85,375,125,144,159,333,458,761,249,197,224,302,749,410,51,208,416,246,171,253,106,262,184,205,482,597,1130,225,390,80,427,413,62,202,477,280,81,299,161,161,378,268,405,164,284
440,429,167,71,455,106,451,144,163,195,392,544,816,304,232,279,321,818,456,50,243,479,281,179,333,134,332,192,261,590,701,1257,267,433,128,500,418,74,228,470,297,101,338,191,378,220,297,493,172,324
311,288,115,57,329,67,317,95,92,118,273,349,568,212,166,181,218,588,302,41,150,333,177,141,206,89,214,145,148,380,476,911,169,294,58,323,305,57,174,342,228,60,235,118,268,297,89,327,98,213
511,460,198,83,532,122,458,155,172,208,453,564,958,325,281,318,372,890,538,78,287,555,300,209,376,143,357,231,234,701,782,1356,313,516,113,562,510,131,272,548,315,113,402,178,405,493,327,271,202,393
156,166,77,35,202,44,170,49,50,58,144,199,334,133,108,118,146,324,195,31,102,190,119,79,130,54,122,90,103,240,293,500,107,189,38,208,172,30,100,185,115,33,136,64,164,172,98,202,27,118
407,278,128,65,349,79,316,99,106,147,300,368,618,214,191,201,246,657,378,52,199,350,200,138,233,85,227,183,181,461,518,910,187,346,53,343,311,53,155,373,217,63,274,112,284,324,213,393,118,127
