251,456,217,98,493,108,490,172,166,246,447,495,776,370,341,367,364,800,495,74,320,485,379,199,370,141,335,263,337,582,724,1157,259,489,108,504,460,81,248,421,306,103,351,169,442,423,359,515,167,411
456,185,167,69,435,93,448,128,158,153,365,488,797,270,225,224,312,766,427,51,243,408,234,170,271,101,284,200,210,506,659,1219,225,386,92,450,398,79,224,453,307,88,378,155,346,401,258,470,165,282
217,167,38,32,216,48,193,73,58,79,191,227,375,134,121,129,131,347,193,21,109,213,116,78,125,58,147,93,79,270,314,572,113,176,46,200,199,27,106,167,138,45,158,65,152,190,119,194,84,131
98,69,32,8,82,19,74,23,34,43,73,89,134,47,48,48,80,149,84,8,53,84,57,37,59,24,52,45,50,104,123,220,40,81,14,110,84,12,37,83,54,20,59,35,74,73,52,73,30,63
493,435,216,82,268,121,486,174,178,211,442,574,908,334,289,296,354,904,516,61,294,506,306,206,351,124,366,244,263,672,801,1425,281,508,105,544,477,97,264,568,352,108,355,187,413,489,321,500,202,315
108,93,48,19,121,12,89,37,46,51,89,118,188,72,58,60,97,195,121,11,82,131,91,50,76,32,79,76,65,146,170,278,52,106,22,119,114,20,65,102,75,25,88,37,80,112,77,98,34,77
490,448,193,74,486,89,246,143,154,201,397,512,847,314,257,264,369,825,467,51,289,482,296,194,332,143,336,220,245,606,758,1287,261,444,89,547,431,78,246,506,333,114,371,175,373,438,300,526,157,352
172,128,73,23,174,37,143,28,65,64,125,157,267,95,85,93,127,293,170,15,92,161,91,69,97,35,100,80,87,191,245,433,81,150,39,159,139,23,74,167,86,33,129,52,125,135,95,159,63,114
166,158,58,34,178,46,154,65,28,70,138,181,308,103,73,85,107,300,173,17,95,177,102,67,112,42,106,86,82,210,231,471,77,129,37,191,147,33,94,158,117,32,120,52,132,153,106,166,60,123
246,153,79,43,211,51,201,64,70,42,177,224,335,123,121,130,163,365,220,26,118,210,131,83,154,50,112,86,122,242,294,581,131,193,50,221,200,34,107,197,138,41,167,77,158,176,144,246,70,148
447,365,191,73,442,89,397,125,138,177,206,452,756,291,238,286,293,709,450,56,236,453,251,175,275,122,292,211,224,528,634,1141,231,402,104,448,384,57,200,453,294,79,320,159,341,369,266,449,141,268
495,488,227,89,574,118,512,157,181,224,452,314,1037,363,292,298,360,1052,542,60,318,550,346,208,360,141,390,275,309,726,832,1570,329,519,141,590,467,101,251,569,345,110,448,206,437,542,338,556,194,348
776,797,375,134,908,188,847,267,308,335,756,1037,827,577,423,493,625,1454,894,120,523,920,508,369,603,234,639,417,481,1123,1320,2385,453,855,211,1001,827,153,467,978,618,185,613,328,702,818,549,850,361,583
370,270,134,47,334,72,314,95,103,123,291,363,577,106,187,199,230,558,312,37,159,343,210,123,209,77,202,129,162,412,508,937,207,282,81,327,302,64,163,354,182,66,272,103,244,307,180,350,118,213
341,225,121,48,289,58,257,85,73,121,238,292,423,187,71,121,198,466,261,35,130,280,137,117,165,69,184,134,126,318,410,776,128,224,64,279,219,59,132,289,177,54,189,92,202,258,158,281,102,174
367,224,129,48,296,60,264,93,85,130,286,298,493,199,121,68,211,514,289,27,150,301,165,124,179,81,198,135,149,333,465,838,154,243,70,314,256,48,137,332,201,51,212,109,230,301,172,293,109,180
364,312,131,80,354,97,369,127,107,163,293,360,625,230,198,211,124,629,346,43,179,340,229,166,249,91,261,198,194,480,536,1005,220,337,73,384,381,59,181,383,247,82,276,125,312,335,225,382,140,256
800,766,347,149,904,195,825,293,300,365,709,1052,1454,558,466,514,629,781,888,115,534,874,524,382,574,256,628,421,467,1066,1300,2343,475,861,202,937,825,175,483,946,575,175,627,349,672,791,537,837,319,612
495,427,193,84,516,121,467,170,173,220,450,542,894,312,261,289,346,888,288,66,285,494,260,216,308,124,338,267,265,633,744,1383,239,487,115,556,478,94,241,529,337,107,407,177,407,492,319,494,191,353
74,51,21,8,61,11,51,15,17,26,56,60,120,37,35,27,43,115,66,3,32,66,30,31,33,18,46,28,31,77,96,182,25,67,20,67,65,13,27,61,36,19,50,18,45,52,42,65,31,48
320,243,109,53,294,82,289,92,95,118,236,318,523,159,130,150,179,534,285,32,70,259,169,106,190,71,192,123,130,327,415,773,140,249,61,284,267,43,141,322,180,63,215,93,222,256,184,358,102,194
485,408,213,84,506,131,482,161,177,210,453,550,920,343,280,301,340,874,494,66,259,266,295,216,319,120,349,242,270,632,776,1446,241,470,86,543,504,81,240,539,334,105,405,184,411,479,300,555,196,326
379,234,116,57,306,91,296,91,102,131,251,346,508,210,137,165,229,524,260,30,169,295,81,125,191,80,183,120,153,363,470,820,146,274,72,302,297,56,163,331,195,60,222,109,240,241,174,337,84,206
199,170,78,37,206,50,194,69,67,83,175,208,369,123,117,124,166,382,216,31,106,216,125,34,134,46,128,103,94,260,326,531,127,180,45,197,200,32,99,210,139,39,145,76,153,176,121,202,86,139
370,271,125,59,351,76,332,97,112,154,275,360,603,209,165,179,249,574,308,33,190,319,191,134,119,91,234,151,175,382,542,920,208,298,63,356,300,74,172,370,248,68,247,139,255,318,197,363,121,220
141,101,58,24,124,32,143,35,42,50,122,141,234,77,69,81,91,256,124,18,71,120,80,46,91,6,73,49,46,179,188,365,73,92,28,135,129,27,52,149,86,19,103,52,112,130,83,140,51,101
335,284,147,52,366,79,336,100,106,112,292,390,639,202,184,198,261,628,338,46,192,349,183,128,234,73,109,139,165,430,519,970,191,283,84,321,316,57,178,392,235,66,263,118,266,309,217,379,133,219
263,200,93,45,244,76,220,80,86,86,211,275,417,129,134,135,198,421,267,28,123,242,120,103,151,49,139,53,123,254,385,663,125,230,60,226,245,38,135,268,176,58,174,91,172,221,142,244,82,182
337,210,79,50,263,65,245,87,82,122,224,309,481,162,126,149,194,467,265,31,130,270,153,94,175,46,165,123,59,340,411,655,138,255,50,257,262,46,128,279,171,59,193,95,193,250,163,258,88,189
582,506,270,104,672,146,606,191,210,242,528,726,1123,412,318,333,480,1066,633,77,327,632,363,260,382,179,430,254,340,375,951,1758,344,573,137,705,568,108,308,707,396,141,474,251,491,614,373,648,247,420
724,659,314,123,801,170,758,245,231,294,634,832,1320,508,410,465,536,1300,744,96,415,776,470,326,542,188,519,385,411,951,540,2096,405,753,162,816,718,117,386,800,484,146,532,289,625,702,477,786,273,492
1157,1219,572,220,1425,278,1287,433,471,581,1141,1570,2385,937,776,838,1005,2343,1383,182,773,1446,820,531,920,365,970,663,655,1758,2096,1846,733,1311,329,1455,1259,263,677,1471,884,279,993,550,1087,1302,866,1330,489,941
259,225,113,40,281,52,261,81,77,131,231,329,453,207,128,154,220,475,239,25,140,241,146,127,208,73,191,125,138,344,405,733,66,281,65,301,251,46,129,295,181,54,192,103,219,227,176,284,97,204
489,386,176,81,508,106,444,150,129,193,402,519,855,282,224,243,337,861,487,67,249,470,274,180,298,92,283,230,255,573,753,1311,281,221,118,498,424,100,226,499,343,99,379,171,351,445,288,511,164,327
108,92,46,14,105,22,89,39,37,50,104,141,211,81,64,70,73,202,115,20,61,86,72,45,63,28,84,60,50,137,162,329,65,118,14,110,99,19,67,122,76,22,81,39,75,95,66,106,44,74
504,450,200,110,544,119,547,159,191,221,448,590,1001,327,279,314,384,937,556,67,284,543,302,197,356,135,321,226,257,705,816,1455,301,498,110,274,512,84,252,584,329,108,407,197,407,507,328,580,195,328
460,398,199,84,477,114,431,139,147,200,384,467,827,302,219,256,381,825,478,65,267,504,297,200,300,129,316,245,262,568,718,1259,251,424,99,512,237,89,223,508,313,80,373,178,356,405,281,479,147,315
81,79,27,12,97,20,78,23,33,34,57,101,153,64,59,48,59,175,94,13,43,81,56,32,74,27,57,38,46,108,117,263,46,100,19,84,89,3,35,92,51,20,63,36,86,94,66,84,48,47
248,224,106,37,264,65,246,74,94,107,200,251,467,163,132,137,181,483,241,27,141,240,163,99,172,52,178,135,128,308,386,677,129,226,67,252,223,35,53,285,178,56,176,103,221,232,160,233,100,192
421,453,167,83,568,102,506,167,158,197,453,569,978,354,289,332,383,946,529,61,322,539,331,210,370,149,392,268,279,707,800,1471,295,499,122,584,508,92,285,293,364,120,380,191,411,491,333,575,207,321
306,307,138,54,352,75,333,86,117,138,294,345,618,182,177,201,247,575,337,36,180,334,195,139,248,86,235,176,171,396,484,884,181,343,76,329,313,51,178,364,106,58,257,125,281,278,212,360,128,222
103,88,45,20,108,25,114,33,32,41,79,110,185,66,54,51,82,175,107,19,63,105,60,39,68,19,66,58,59,141,146,279,54,99,22,108,80,20,56,120,58,5,74,27,82,91,57,108,36,69
351,378,158,59,355,88,371,129,120,167,320,448,613,272,189,212,276,627,407,50,215,405,222,145,247,103,263,174,193,474,532,993,192,379,81,407,373,63,176,380,257,74,145,158,325,340,265,386,143,251
169,155,65,35,187,37,175,52,52,77,159,206,328,103,92,109,125,349,177,18,93,184,109,76,139,52,118,91,95,251,289,550,103,171,39,197,178,36,103,191,125,27,158,31,145,192,108,186,65,132
442,346,152,74,413,80,373,125,132,158,341,437,702,244,202,230,312,672,407,45,222,411,240,153,255,112,266,172,193,491,625,1087,219,351,75,407,356,86,221,411,281,82,325,145,155,336,246,398,125,280
423,401,190,73,489,112,438,135,153,176,369,542,818,307,258,301,335,791,492,52,256,479,241,176,318,130,309,221,250,614,702,1302,227,445,95,507,405,94,232,491,278,91,340,192,336,210,315,462,185,317
359,258,119,52,321,77,300,95,106,144,266,338,549,180,158,172,225,537,319,42,184,300,174,121,197,83,217,142,163,373,477,866,176,288,66,328,281,66,160,333,212,57,265,108,246,315,106,318,108,209
515,470,194,73,500,98,526,159,166,246,449,556,850,350,281,293,382,837,494,65,358,555,337,202,363,140,379,244,258,648,786,1330,284,511,106,580,479,84,233,575,360,108,386,186,398,462,318,278,191,331
167,165,84,30,202,34,157,63,60,70,141,194,361,118,102,109,140,319,191,31,102,196,84,86,121,51,133,82,88,247,273,489,97,164,44,195,147,48,100,207,128,36,143,65,125,185,108,191,31,132
411,282,131,63,315,77,352,114,123,148,268,348,583,213,174,180,256,612,353,48,194,326,206,139,220,101,219,182,189,420,492,941,204,327,74,328,315,47,192,321,222,69,251,132,280,317,209,331,132,124
