265,472,213,79,480,109,471,166,167,241,440,527,836,352,348,348,359,804,497,60,324,511,344,210,406,148,397,276,270,577,694,1261,245,481,108,510,487,85,263,499,289,113,377,184,430,388,330,481,150,365
472,174,165,88,460,105,436,138,141,221,387,462,753,321,239,238,322,786,444,53,230,448,261,206,290,111,275,184,228,525,707,1199,249,394,96,505,398,63,192,495,253,83,361,172,372,406,278,446,177,300
213,165,38,38,180,45,189,51,71,79,163,220,358,136,94,95,137,345,208,22,115,184,119,66,122,57,140,87,84,236,336,528,107,186,46,209,196,42,95,211,124,35,163,66,143,171,136,213,62,142
79,88,38,5,102,19,69,27,28,35,88,89,152,60,46,50,54,145,87,9,39,80,49,40,55,21,54,39,39,112,105,213,39,90,18,88,81,17,35,72,49,18,51,30,69,85,54,77,30,56
480,460,180,102,244,118,475,146,154,219,429,550,845,301,251,304,349,843,529,67,293,508,282,204,334,142,360,232,252,566,748,1354,285,414,98,537,479,100,219,528,348,90,378,203,403,499,312,465,182,343
109,105,45,19,118,14,88,37,39,49,111,127,184,68,65,64,83,187,109,13,58,109,80,60,75,27,61,66,61,118,168,282,60,102,23,130,101,17,52,112,78,20,90,45,94,89,70,104,47,68
471,436,189,69,475,88,204,158,151,195,424,523,867,307,285,291,325,883,490,81,240,484,319,197,321,120,327,199,241,593,693,1319,260,455,106,492,413,85,235,533,308,99,365,163,392,449,320,456,181,316
166,138,51,27,146,37,158,19,53,80,159,169,258,122,85,70,81,267,150,23,79,152,92,44,90,41,127,79,59,175,237,415,78,134,29,162,137,28,79,168,96,35,141,61,112,131,88,158,65,101
167,141,71,28,154,39,151,53,23,66,143,211,299,110,112,114,119,309,167,20,82,169,106,65,87,47,110,80,71,174,237,437,95,148,38,165,167,35,83,154,99,26,122,56,133,148,111,166,69,100
241,221,79,35,219,49,195,80,66,44,174,233,350,143,126,126,163,370,217,30,121,222,135,93,146,52,144,115,116,258,301,581,109,206,53,216,188,44,124,243,137,45,174,78,165,221,143,237,83,133
440,387,163,88,429,111,424,159,143,174,190,454,747,278,270,252,317,761,430,55,239,432,265,180,289,116,289,224,215,516,636,1130,226,413,106,421,423,85,221,446,267,89,347,181,351,401,277,459,161,277
527,462,220,89,550,127,523,169,211,233,454,293,957,334,287,365,439,1050,549,61,322,548,297,191,337,123,336,259,280,717,847,1527,278,492,117,580,490,102,307,571,379,110,476,207,407,518,363,588,197,386
836,753,358,152,845,184,867,258,299,350,747,957,775,574,488,517,672,1438,919,111,512,913,570,338,584,237,631,441,453,1085,1393,2365,488,818,195,970,812,151,465,950,618,179,710,341,728,840,597,883,326,649
352,321,136,60,301,68,307,122,110,143,278,334,574,106,179,181,245,537,333,40,167,337,193,142,224,75,201,150,184,401,490,882,182,309,93,355,293,60,159,367,224,66,270,127,249,304,204,306,125,215
348,239,94,46,251,65,285,85,112,126,270,287,488,179,74,132,189,500,286,24,134,271,194,100,185,64,173,119,133,316,380,732,120,277,57,285,271,45,130,267,157,59,207,111,206,251,158,278,120,178
348,238,95,50,304,64,291,70,114,126,252,365,517,181,132,70,210,535,297,31,130,290,194,120,178,80,200,136,140,338,416,820,151,297,61,314,283,43,138,320,171,57,240,111,202,272,179,301,134,195
359,322,137,54,349,83,325,81,119,163,317,439,672,245,189,210,133,622,368,42,201,368,226,127,249,102,266,167,178,482,553,1004,189,341,69,415,327,56,187,384,224,80,292,140,277,338,209,365,123,242
804,786,345,145,843,187,883,267,309,370,761,1050,1438,537,500,535,622,773,904,116,502,917,530,353,600,244,653,449,459,1063,1323,2295,466,839,196,948,853,166,475,967,583,196,686,368,720,803,580,862,334,637
497,444,208,87,529,109,490,150,167,217,430,549,919,333,286,297,368,904,262,64,293,471,309,206,325,135,349,226,246,645,750,1372,255,463,118,559,470,80,254,583,318,112,400,201,382,456,334,498,199,341
60,53,22,9,67,13,81,23,20,30,55,61,111,40,24,31,42,116,64,3,37,54,36,18,54,19,40,30,26,76,98,193,38,47,16,64,49,9,38,67,50,11,43,22,46,56,36,73,24,49
324,230,115,39,293,58,240,79,82,121,239,322,512,167,134,130,201,502,293,37,62,277,161,85,167,66,173,124,146,336,449,840,150,249,68,270,244,37,120,300,180,59,223,98,203,256,161,293,108,194
511,448,184,80,508,109,484,152,169,222,432,548,913,337,271,290,368,917,471,54,277,239,315,243,351,145,351,256,248,651,744,1348,271,460,108,565,452,78,260,598,321,93,389,206,387,483,302,529,192,343
344,261,119,49,282,80,319,92,106,135,265,297,570,193,194,194,226,530,309,36,161,315,94,131,211,78,205,140,140,407,509,843,169,291,61,312,281,42,146,354,192,61,226,125,253,276,166,359,126,192
210,206,66,40,204,60,197,44,65,93,180,191,338,142,100,120,127,353,206,18,85,243,131,47,144,48,137,86,102,269,291,536,93,197,54,185,191,26,93,217,127,36,156,69,180,199,131,207,68,134
406,290,122,55,334,75,321,90,87,146,289,337,584,224,185,178,249,600,325,54,167,351,211,144,98,108,225,127,141,392,475,932,182,321,89,325,311,54,163,355,201,72,243,134,244,278,212,369,143,214
148,111,57,21,142,27,120,41,47,52,116,123,237,75,64,80,102,244,135,19,66,145,78,48,108,20,78,58,68,151,210,379,83,133,24,116,136,25,79,136,79,26,107,47,106,134,86,158,47,92
397,275,140,54,360,61,327,127,110,144,289,336,631,201,173,200,266,653,349,40,173,351,205,137,225,78,112,134,164,391,515,955,180,337,74,357,337,63,162,385,207,61,260,133,288,323,204,393,124,223
276,184,87,39,232,66,199,79,80,115,224,259,441,150,119,136,167,449,226,30,124,256,140,86,127,58,134,48,130,282,344,645,121,239,54,242,220,29,127,245,143,48,196,87,172,198,127,248,83,161
270,228,84,39,252,61,241,59,71,116,215,280,453,184,133,140,178,459,246,26,146,248,140,102,141,68,164,130,49,314,391,745,141,227,50,260,256,36,102,296,175,41,197,100,172,230,145,255,86,174
577,525,236,112,566,118,593,175,174,258,516,717,1085,401,316,338,482,1063,645,76,336,651,407,269,392,151,391,282,314,361,900,1747,349,568,111,652,577,103,326,616,412,127,468,234,473,617,408,627,224,447
694,707,336,105,748,168,693,237,237,301,636,847,1393,490,380,416,553,1323,750,98,449,744,509,291,475,210,515,344,391,900,599,2020,409,676,174,817,712,132,383,831,471,135,571,294,601,722,456,763,285,512
1261,1199,528,213,1354,282,1319,415,437,581,1130,1527,2365,882,732,820,1004,2295,1372,193,840,1348,843,536,932,379,955,645,745,1747,2020,1824,676,1295,290,1543,1212,241,691,1451,918,277,1039,526,1142,1269,904,1351,462,933
245,249,107,39,285,60,260,78,95,109,226,278,488,182,120,151,189,466,255,38,150,271,169,93,182,83,180,121,141,349,409,676,65,259,74,288,251,42,120,281,195,43,209,88,227,233,175,294,100,171
481,394,186,90,414,102,455,134,148,206,413,492,818,309,277,297,341,839,463,47,249,460,291,197,321,133,337,239,227,568,676,1295,259,209,82,481,440,64,218,481,291,82,334,179,407,387,281,477,177,324
108,96,46,18,98,23,106,29,38,53,106,117,195,93,57,61,69,196,118,16,68,108,61,54,89,24,74,54,50,111,174,290,74,82,13,114,95,19,57,126,69,23,92,38,95,115,78,106,39,71
510,505,209,88,537,130,492,162,165,216,421,580,970,355,285,314,415,948,559,64,270,565,312,185,325,116,357,242,260,652,817,1543,288,481,114,282,480,76,298,569,318,116,423,211,420,492,322,549,187,366
487,398,196,81,479,101,413,137,167,188,423,490,812,293,271,283,327,853,470,49,244,452,281,191,311,136,337,220,256,577,712,1212,251,440,95,480,192,89,218,468,299,93,357,162,375,400,319,462,169,302
85,63,42,17,100,17,85,28,35,44,85,102,151,60,45,43,56,166,80,9,37,78,42,26,54,25,63,29,36,103,132,241,42,64,19,76,89,6,46,96,55,16,57,35,62,72,70,90,29,56
263,192,95,35,219,52,235,79,83,124,221,307,465,159,130,138,187,475,254,38,120,260,146,93,163,79,162,127,102,326,383,691,120,218,57,298,218,46,68,248,172,48,217,80,187,212,133,231,97,185
499,495,211,72,528,112,533,168,154,243,446,571,950,367,267,320,384,967,583,67,300,598,354,217,355,136,385,245,296,616,831,1451,281,481,126,569,468,96,248,288,334,101,429,185,434,501,320,522,193,368
289,253,124,49,348,78,308,96,99,137,267,379,618,224,157,171,224,583,318,50,180,321,192,127,201,79,207,143,175,412,471,918,195,291,69,318,299,55,172,334,108,69,246,115,249,325,196,332,120,244
113,83,35,18,90,20,99,35,26,45,89,110,179,66,59,57,80,196,112,11,59,93,61,36,72,26,61,48,41,127,135,277,43,82,23,116,93,16,48,101,69,8,88,38,64,100,55,110,40,73
377,361,163,51,378,90,365,141,122,174,347,476,710,270,207,240,292,686,400,43,223,389,226,156,243,107,260,196,197,468,571,1039,209,334,92,423,357,57,217,429,246,88,136,131,267,362,231,378,148,267
184,172,66,30,203,45,163,61,56,78,181,207,341,127,111,111,140,368,201,22,98,206,125,69,134,47,133,87,100,234,294,526,88,179,38,211,162,35,80,185,115,38,131,41,146,156,109,214,62,125
430,372,143,69,403,94,392,112,133,165,351,407,728,249,206,202,277,720,382,46,203,387,253,180,244,106,288,172,172,473,601,1142,227,407,95,420,375,62,187,434,249,64,267,146,150,342,244,394,153,278
388,406,171,85,499,89,449,131,148,221,401,518,840,304,251,272,338,803,456,56,256,483,276,199,278,134,323,198,230,617,722,1269,233,387,115,492,400,72,212,501,325,100,362,156,342,205,314,450,187,314
330,278,136,54,312,70,320,88,111,143,277,363,597,204,158,179,209,580,334,36,161,302,166,131,212,86,204,127,145,408,456,904,175,281,78,322,319,70,133,320,196,55,231,109,244,314,79,311,114,208
481,446,213,77,465,104,456,158,166,237,459,588,883,306,278,301,365,862,498,73,293,529,359,207,369,158,393,248,255,627,763,1351,294,477,106,549,462,90,231,522,332,110,378,214,394,450,311,250,201,377
150,177,62,30,182,47,181,65,69,83,161,197,326,125,120,134,123,334,199,24,108,192,126,68,143,47,124,83,86,224,285,462,100,177,39,187,169,29,97,193,120,40,148,62,153,187,114,201,32,117
365,300,142,56,343,68,316,101,100,133,277,386,649,215,178,195,242,637,341,49,194,343,192,134,214,92,223,161,174,447,512,933,171,324,71,366,302,56,185,368,244,73,267,125,278,314,208,377,117,103
