278,488,227,93,524,95,503,182,175,223,444,487,815,387,304,357,368,807,496,77,306,495,335,234,379,163,372,286,305,586,701,1189,249,501,98,512,490,81,248,444,324,115,369,181,430,424,343,506,170,366
488,165,158,79,472,93,406,136,128,175,346,496,783,265,213,231,303,791,421,49,239,431,226,138,261,104,283,210,205,544,652,1281,226,445,96,461,416,61,226,465,302,82,309,159,332,430,235,459,166,315
227,158,30,37,196,51,188,52,57,91,193,241,347,129,102,115,166,355,178,33,102,208,125,83,133,56,156,96,106,222,279,580,99,186,36,204,198,34,95,219,124,39,167,79,155,178,120,218,81,115
93,79,37,5,89,12,87,34,26,31,59,86,135,57,58,67,60,142,89,14,53,96,54,34,62,17,58,47,40,95,111,221,41,81,19,97,89,15,51,74,53,13,57,38,72,71,55,85,27,59
524,472,196,89,244,131,496,147,176,184,434,560,964,323,291,299,404,896,488,59,281,520,314,178,339,160,356,232,250,617,817,1445,294,475,112,575,500,100,249,541,359,109,407,196,418,498,312,562,193,341
95,93,51,12,131,10,101,53,40,43,80,128,180,68,64,70,95,174,116,20,72,124,72,42,73,27,86,58,57,144,139,281,54,112,21,125,121,27,68,91,73,21,66,44,82,93,80,106,36,73
503,406,188,87,496,101,214,150,175,202,404,570,837,318,275,297,352,844,483,59,281,486,284,221,323,136,346,226,224,575,703,1355,278,457,101,550,460,76,262,484,302,85,348,197,392,467,292,513,176,319
182,136,52,34,147,53,150,37,50,72,152,156,268,93,78,80,107,255,156,26,101,156,82,62,102,30,89,59,72,189,232,445,88,156,27,157,145,23,79,162,104,33,122,62,105,147,97,159,55,112
175,128,57,26,176,40,175,50,24,72,147,174,286,101,88,85,114,271,145,20,86,182,99,65,101,46,116,88,86,203,244,456,86,166,34,171,172,27,89,181,100,32,137,60,143,155,103,178,55,121
223,175,91,31,184,43,202,72,72,49,172,237,347,137,117,113,150,346,224,27,123,191,119,65,121,45,124,115,104,260,327,544,103,202,47,199,176,29,102,208,149,49,153,66,180,194,123,206,68,132
444,346,193,59,434,80,404,152,147,172,191,493,779,278,236,262,320,761,486,56,256,435,278,146,279,115,299,242,226,565,709,1169,220,411,95,442,392,64,206,418,276,91,330,170,370,394,258,474,156,260
487,496,241,86,560,128,570,156,174,237,493,321,1053,356,315,319,414,1042,570,66,320,601,331,221,404,157,420,246,284,684,882,1580,311,545,124,623,538,84,269,617,361,118,439,225,496,544,351,587,186,376
815,783,347,135,964,180,837,268,286,347,779,1053,812,598,477,489,699,1507,895,112,508,937,595,339,602,243,612,401,469,1107,1363,2529,499,813,211,1007,825,156,458,994,606,182,705,341,678,858,576,892,365,587
387,265,129,57,323,68,318,93,101,137,278,356,598,103,179,189,231,590,357,33,174,326,186,107,192,81,203,132,168,403,523,935,177,308,65,329,323,43,156,355,234,69,239,138,253,294,203,327,130,216
304,213,102,58,291,64,275,78,88,117,236,315,477,179,65,137,183,448,275,31,143,262,136,117,182,68,182,136,149,359,401,752,133,253,62,265,258,40,140,299,195,58,223,97,212,236,160,302,94,207
357,231,115,67,299,70,297,80,85,113,262,319,489,189,137,96,190,498,301,37,156,302,133,119,184,67,189,140,164,395,425,797,153,293,67,282,259,46,148,293,179,51,230,109,232,256,184,354,96,211
368,303,166,60,404,95,352,107,114,150,320,414,699,231,183,190,121,647,361,50,220,366,197,144,212,78,216,177,191,438,597,971,176,345,81,362,335,58,172,393,240,94,286,138,297,326,232,367,134,254
807,791,355,142,896,174,844,255,271,346,761,1042,1507,590,448,498,647,848,892,107,519,972,558,335,563,232,615,390,475,1131,1394,2548,470,816,200,977,840,180,466,1015,595,196,722,374,696,874,571,945,362,600
496,421,178,89,488,116,483,156,145,224,486,570,895,357,275,301,361,892,265,55,264,512,287,218,338,108,319,262,251,602,741,1385,249,456,140,505,494,99,252,526,324,96,409,184,433,471,341,510,183,326
77,49,33,14,59,20,59,26,20,27,56,66,112,33,31,37,50,107,55,2,35,64,37,19,47,11,36,22,36,74,97,162,36,50,14,54,60,16,37,68,45,9,45,29,63,59,42,72,30,45
306,239,102,53,281,72,281,101,86,123,256,320,508,174,143,156,220,519,264,35,72,283,160,104,173,76,193,148,120,346,458,782,159,272,49,271,247,52,145,322,195,46,225,111,213,264,183,303,99,209
495,431,208,96,520,124,486,156,182,191,435,601,937,326,262,302,366,972,512,64,283,275,287,208,329,113,306,225,255,680,762,1454,270,456,125,524,509,91,238,544,300,100,418,206,400,490,328,546,189,339
335,226,125,54,314,72,284,82,99,119,278,331,595,186,136,133,197,558,287,37,160,287,83,122,219,65,201,147,152,369,487,893,180,266,65,315,261,41,121,309,208,63,226,106,222,268,178,316,129,196
234,138,83,34,178,42,221,62,65,65,146,221,339,107,117,119,144,335,218,19,104,208,122,40,115,35,118,95,92,224,306,598,122,187,29,214,200,35,112,215,132,49,138,78,162,193,127,231,60,142
379,261,133,62,339,73,323,102,101,121,279,404,602,192,182,184,212,563,338,47,173,329,219,115,90,89,204,156,171,400,481,908,174,303,65,351,335,49,178,332,236,72,263,131,249,335,200,369,130,219
163,104,56,17,160,27,136,30,46,45,115,157,243,81,68,67,78,232,108,11,76,113,65,35,89,10,77,71,64,155,169,375,79,121,27,141,124,16,72,118,86,32,87,32,96,125,87,159,61,78
372,283,156,58,356,86,346,89,116,124,299,420,612,203,182,189,216,615,319,36,193,306,201,118,204,77,120,170,153,382,460,993,199,326,65,337,335,57,167,322,220,71,243,134,270,322,211,386,133,212
286,210,96,47,232,58,226,59,88,115,242,246,401,132,136,140,177,390,262,22,148,225,147,95,156,71,170,45,142,287,357,671,128,217,44,244,214,32,112,263,183,57,182,98,197,246,151,288,91,182
305,205,106,40,250,57,224,72,86,104,226,284,469,168,149,164,191,475,251,36,120,255,152,92,171,64,153,142,73,312,352,725,145,218,56,257,242,39,110,269,168,49,206,84,191,206,158,248,100,201
586,544,222,95,617,144,575,189,203,260,565,684,1107,403,359,395,438,1131,602,74,346,680,369,224,400,155,382,287,312,388,961,1761,339,553,160,660,574,116,320,685,439,122,493,228,517,573,386,686,246,414
701,652,279,111,817,139,703,232,244,327,709,882,1363,523,401,425,597,1394,741,97,458,762,487,306,481,169,460,357,352,961,582,2095,404,666,169,810,708,119,379,818,520,142,587,310,607,718,504,805,313,513
1189,1281,580,221,1445,281,1355,445,456,544,1169,1580,2529,935,752,797,971,2548,1385,162,782,1454,893,598,908,375,993,671,725,1761,2095,1994,772,1349,322,1457,1284,218,709,1533,851,281,1115,556,1128,1331,895,1408,540,925
249,226,99,41,294,54,278,88,86,103,220,311,499,177,133,153,176,470,249,36,159,270,180,122,174,79,199,128,145,339,404,772,64,234,53,284,239,38,136,291,173,54,205,89,214,256,174,301,112,192
501,445,186,81,475,112,457,156,166,202,411,545,813,308,253,293,345,816,456,50,272,456,266,187,303,121,326,217,218,553,666,1349,234,225,107,515,464,75,251,477,289,83,348,178,382,424,291,493,173,336
98,96,36,19,112,21,101,27,34,47,95,124,211,65,62,67,81,200,140,14,49,125,65,29,65,27,65,44,56,160,169,322,53,107,8,120,107,18,54,123,73,28,85,41,95,99,65,127,33,74
512,461,204,97,575,125,550,157,171,199,442,623,1007,329,265,282,362,977,505,54,271,524,315,214,351,141,337,244,257,660,810,1457,284,515,120,272,487,79,259,587,343,117,429,213,470,502,374,555,189,329
490,416,198,89,500,121,460,145,172,176,392,538,825,323,258,259,335,840,494,60,247,509,261,200,335,124,335,214,242,574,708,1284,239,464,107,487,230,74,229,476,319,99,317,166,393,407,311,504,164,289
81,61,34,15,100,27,76,23,27,29,64,84,156,43,40,46,58,180,99,16,52,91,41,35,49,16,57,32,39,116,119,218,38,75,18,79,74,7,36,102,66,24,76,27,53,61,44,100,34,50
248,226,95,51,249,68,262,79,89,102,206,269,458,156,140,148,172,466,252,37,145,238,121,112,178,72,167,112,110,320,379,709,136,251,54,259,229,36,67,286,155,55,210,102,217,220,174,279,93,188
444,465,219,74,541,91,484,162,181,208,418,617,994,355,299,293,393,1015,526,68,322,544,309,215,332,118,322,263,269,685,818,1533,291,477,123,587,476,102,286,305,361,98,401,202,417,494,352,554,193,341
324,302,124,53,359,73,302,104,100,149,276,361,606,234,195,179,240,595,324,45,195,300,208,132,236,86,220,183,168,439,520,851,173,289,73,343,319,66,155,361,106,66,253,133,295,303,221,367,130,216
115,82,39,13,109,21,85,33,32,49,91,118,182,69,58,51,94,196,96,9,46,100,63,49,72,32,71,57,49,122,142,281,54,83,28,117,99,24,55,98,66,4,87,34,85,109,69,99,45,66
369,309,167,57,407,66,348,122,137,153,330,439,705,239,223,230,286,722,409,45,225,418,226,138,263,87,243,182,206,493,587,1115,205,348,85,429,317,76,210,401,253,87,142,136,294,367,241,383,162,268
181,159,79,38,196,44,197,62,60,66,170,225,341,138,97,109,138,374,184,29,111,206,106,78,131,32,134,98,84,228,310,556,89,178,41,213,166,27,102,202,133,34,136,33,147,192,119,220,57,125
430,332,155,72,418,82,392,105,143,180,370,496,678,253,212,232,297,696,433,63,213,400,222,162,249,96,270,197,191,517,607,1128,214,382,95,470,393,53,217,417,295,85,294,147,169,378,248,445,166,287
424,430,178,71,498,93,467,147,155,194,394,544,858,294,236,256,326,874,471,59,264,490,268,193,335,125,322,246,206,573,718,1331,256,424,99,502,407,61,220,494,303,109,367,192,378,200,351,486,178,337
343,235,120,55,312,80,292,97,103,123,258,351,576,203,160,184,232,571,341,42,183,328,178,127,200,87,211,151,158,386,504,895,174,291,65,374,311,44,174,352,221,69,241,119,248,351,95,318,127,198
506,459,218,85,562,106,513,159,178,206,474,587,892,327,302,354,367,945,510,72,303,546,316,231,369,159,386,288,248,686,805,1408,301,493,127,555,504,100,279,554,367,99,383,220,445,486,318,277,177,350
170,166,81,27,193,36,176,55,55,68,156,186,365,130,94,96,134,362,183,30,99,189,129,60,130,61,133,91,100,246,313,540,112,173,33,189,164,34,93,193,130,45,162,57,166,178,127,177,31,122
366,315,115,59,341,73,319,112,121,132,260,376,587,216,207,211,254,600,326,45,209,339,196,142,219,78,212,182,201,414,513,925,192,336,74,329,289,50,188,341,216,66,268,125,287,337,198,350,122,113
