255,446,217,93,530,110,485,187,167,250,451,476,806,357,322,352,363,834,474,58,294,474,324,220,377,154,386,225,310,602,698,1099,245,478,98,493,472,83,267,438,298,120,347,149,431,433,330,448,158,377
446,179,161,77,468,88,430,136,155,178,388,479,766,290,268,256,313,791,455,61,237,434,283,190,296,116,295,205,221,491,660,1236,271,402,97,457,394,67,214,444,280,97,319,176,393,425,262,469,198,301
217,161,33,22,207,45,189,57,64,71,172,225,376,144,101,102,152,377,211,24,115,216,123,67,117,49,128,96,100,265,304,551,111,196,46,209,174,36,82,220,135,41,148,75,138,179,126,200,72,137
93,77,22,4,93,18,81,28,30,33,62,101,154,59,59,58,54,150,86,11,56,86,53,31,53,20,54,45,43,107,112,228,53,83,18,83,77,11,49,83,66,15,75,35,68,64,58,101,38,60
530,468,207,93,248,120,477,140,147,193,431,542,926,323,265,293,360,906,514,65,299,486,289,205,323,135,332,253,256,616,718,1376,289,501,113,546,455,86,232,489,333,102,379,175,399,470,304,508,180,338
110,88,45,18,120,12,100,35,39,52,80,131,203,81,64,82,67,211,110,13,70,137,71,46,63,29,81,55,62,129,159,261,61,117,26,115,98,17,46,107,83,25,96,48,87,99,68,112,34,73
485,430,189,81,477,100,214,151,148,217,412,502,818,315,290,318,331,880,513,67,283,508,293,191,312,138,328,222,254,583,684,1249,258,442,101,502,432,77,245,483,321,109,354,191,386,436,335,458,174,339
187,136,57,28,140,35,151,22,53,68,137,177,299,124,86,83,123,284,142,22,78,166,93,78,113,43,117,69,74,199,249,456,91,123,35,166,150,25,90,137,96,36,123,51,127,149,93,153,58,113
167,155,64,30,147,39,148,53,20,68,126,206,290,97,83,104,139,303,145,17,98,169,110,61,124,39,105,90,96,202,234,483,84,168,39,178,164,23,86,169,109,28,124,62,143,161,119,160,66,93
250,178,71,33,193,52,217,68,68,39,162,229,367,129,123,121,148,370,215,29,140,229,119,88,139,61,155,79,102,263,300,547,123,166,49,205,187,30,116,206,142,48,180,75,166,209,137,219,67,136
451,388,172,62,431,80,412,137,126,162,170,448,741,256,237,256,317,734,453,48,244,449,245,171,261,102,266,202,232,534,606,1180,251,366,100,448,391,64,201,427,265,86,329,160,317,360,267,443,153,263
476,479,225,101,542,131,502,177,206,229,448,311,967,319,282,302,369,991,511,73,314,525,313,208,341,138,351,253,275,701,825,1533,312,466,127,602,501,85,279,592,343,106,430,215,453,550,332,556,227,359
806,766,376,154,926,203,818,299,290,367,741,967,808,587,484,543,696,1405,915,102,535,964,624,378,607,223,620,392,480,1116,1354,2431,475,863,205,979,809,133,463,970,555,169,649,329,712,840,577,956,312,632
357,290,144,59,323,81,315,124,97,129,256,319,587,107,173,203,259,603,326,30,179,328,198,121,242,90,221,141,162,426,492,928,173,306,72,348,306,64,189,325,218,55,268,120,281,302,223,366,115,224
322,268,101,59,265,64,290,86,83,123,237,282,484,173,58,128,219,472,297,32,155,277,156,123,175,66,180,112,162,317,373,742,133,245,58,276,248,49,155,283,193,55,221,87,206,247,173,300,108,172
352,256,102,58,293,82,318,83,104,121,256,302,543,203,128,75,190,517,316,38,146,302,161,116,193,63,201,105,146,376,432,805,144,290,59,300,270,52,160,313,206,53,207,107,231,305,181,330,107,195
363,313,152,54,360,67,331,123,139,148,317,369,696,259,219,190,141,679,349,42,187,354,223,147,245,88,244,175,178,463,554,1003,215,324,78,373,328,65,199,356,258,76,295,112,304,377,234,345,151,219
834,791,377,150,906,211,880,284,303,370,734,991,1405,603,472,517,679,743,972,107,493,946,557,350,571,223,626,375,470,1124,1342,2327,479,813,179,948,832,133,455,954,603,169,655,337,710,803,529,921,260,615
474,455,211,86,514,110,513,142,145,215,453,511,915,326,297,316,349,972,239,56,262,471,301,237,357,134,360,248,265,669,768,1398,274,420,112,536,456,79,235,522,302,96,400,187,425,498,340,538,183,350
58,61,24,11,65,13,67,22,17,29,48,73,102,30,32,38,42,107,56,4,36,58,40,25,36,14,34,30,25,70,91,167,35,47,17,58,58,11,24,75,46,12,48,23,51,52,52,62,28,41
294,237,115,56,299,70,283,78,98,140,244,314,535,179,155,146,187,493,262,36,65,267,179,117,184,67,188,115,132,326,443,772,170,253,63,261,277,43,148,291,165,57,241,114,212,253,184,305,104,182
474,434,216,86,486,137,508,166,169,229,449,525,964,328,277,302,354,946,471,58,267,261,283,206,326,147,357,245,269,650,769,1383,276,468,117,533,463,89,276,549,330,106,413,179,413,473,311,508,178,345
324,283,123,53,289,71,293,93,110,119,245,313,624,198,156,161,223,557,301,40,179,283,89,120,168,66,187,132,152,363,443,874,165,252,69,302,284,48,163,307,222,65,248,117,236,270,159,312,103,195
220,190,67,31,205,46,191,78,61,88,171,208,378,121,123,116,147,350,237,25,117,206,120,39,141,58,149,94,101,259,311,592,120,199,36,217,178,27,98,200,127,54,143,79,152,179,129,238,73,138
377,296,117,53,323,63,312,113,124,139,261,341,607,242,175,193,245,571,357,36,184,326,168,141,97,91,214,173,170,427,519,878,179,267,72,338,285,45,166,349,205,82,262,137,228,290,199,356,122,222
154,116,49,20,135,29,138,43,39,61,102,138,223,90,66,63,88,223,134,14,67,147,66,58,91,17,69,56,73,151,199,339,78,121,24,109,112,18,53,120,89,30,91,60,109,121,76,149,45,82
386,295,128,54,332,81,328,117,105,155,266,351,620,221,180,201,244,626,360,34,188,357,187,149,214,69,117,148,158,423,515,941,187,305,70,344,292,53,178,343,219,75,241,160,279,320,218,377,121,237
225,205,96,45,253,55,222,69,90,79,202,253,392,141,112,105,175,375,248,30,115,245,132,94,173,56,148,52,101,292,350,665,126,226,59,226,209,43,128,250,169,57,194,83,196,201,132,270,82,162
310,221,100,43,256,62,254,74,96,102,232,275,480,162,162,146,178,470,265,25,132,269,152,101,170,73,158,101,64,315,415,723,143,241,68,250,236,42,123,259,152,52,221,98,213,219,164,280,104,194
602,491,265,107,616,129,583,199,202,263,534,701,1116,426,317,376,463,1124,669,70,326,650,363,259,427,151,423,292,315,380,966,1697,333,556,138,613,609,101,340,658,408,137,482,233,537,549,388,617,223,417
698,660,304,112,718,159,684,249,234,300,606,825,1354,492,373,432,554,1342,768,91,443,769,443,311,519,199,515,350,415,966,551,2008,395,693,168,805,657,126,395,785,508,154,568,276,608,663,470,701,273,516
1099,1236,551,228,1376,261,1249,456,483,547,1180,1533,2431,928,742,805,1003,2327,1398,167,772,1383,874,592,878,339,941,665,723,1697,2008,1882,758,1323,286,1494,1288,239,686,1447,906,262,1026,537,1043,1280,835,1375,462,986
245,271,111,53,289,61,258,91,84,123,251,312,475,173,133,144,215,479,274,35,170,276,165,120,179,78,187,126,143,333,395,758,70,238,55,297,266,42,117,282,173,53,196,99,197,239,174,259,99,187
478,402,196,83,501,117,442,123,168,166,366,466,863,306,245,290,324,813,420,47,253,468,252,199,267,121,305,226,241,556,693,1323,238,231,109,516,450,85,225,524,322,87,356,175,381,465,303,509,166,298
98,97,46,18,113,26,101,35,39,49,100,127,205,72,58,59,78,179,112,17,63,117,69,36,72,24,70,59,68,138,168,286,55,109,16,114,134,23,49,112,74,23,86,45,82,87,78,112,40,69
493,457,209,83,546,115,502,166,178,205,448,602,979,348,276,300,373,948,536,58,261,533,302,217,338,109,344,226,250,613,805,1494,297,516,114,252,490,95,260,567,322,116,438,176,417,515,317,536,201,357
472,394,174,77,455,98,432,150,164,187,391,501,809,306,248,270,328,832,456,58,277,463,284,178,285,112,292,209,236,609,657,1288,266,450,134,490,197,98,217,484,310,101,366,178,355,450,296,488,176,310
83,67,36,11,86,17,77,25,23,30,64,85,133,64,49,52,65,133,79,11,43,89,48,27,45,18,53,43,42,101,126,239,42,85,23,95,98,4,42,92,58,16,75,40,67,73,50,82,34,51
267,214,82,49,232,46,245,90,86,116,201,279,463,189,155,160,199,455,235,24,148,276,163,98,166,53,178,128,123,340,395,686,117,225,49,260,217,42,54,246,159,48,202,99,191,248,137,271,96,177
438,444,220,83,489,107,483,137,169,206,427,592,970,325,283,313,356,954,522,75,291,549,307,200,349,120,343,250,259,658,785,1447,282,524,112,567,484,92,246,242,318,127,378,194,420,477,312,576,190,326
298,280,135,66,333,83,321,96,109,142,265,343,555,218,193,206,258,603,302,46,165,330,222,127,205,89,219,169,152,408,508,906,173,322,74,322,310,58,159,318,114,63,226,108,249,300,213,326,126,217
120,97,41,15,102,25,109,36,28,48,86,106,169,55,55,53,76,169,96,12,57,106,65,54,82,30,75,57,52,137,154,262,53,87,23,116,101,16,48,127,63,13,78,42,101,106,56,116,37,81
347,319,148,75,379,96,354,123,124,180,329,430,649,268,221,207,295,655,400,48,241,413,248,143,262,91,241,194,221,482,568,1026,196,356,86,438,366,75,202,378,226,78,126,126,329,341,252,364,140,258
149,176,75,35,175,48,191,51,62,75,160,215,329,120,87,107,112,337,187,23,114,179,117,79,137,60,160,83,98,233,276,537,99,175,45,176,178,40,99,194,108,42,126,28,168,189,124,195,75,108
431,393,138,68,399,87,386,127,143,166,317,453,712,281,206,231,304,710,425,51,212,413,236,152,228,109,279,196,213,537,608,1043,197,381,82,417,355,67,191,420,249,101,329,168,161,345,226,401,142,290
433,425,179,64,470,99,436,149,161,209,360,550,840,302,247,305,377,803,498,52,253,473,270,179,290,121,320,201,219,549,663,1280,239,465,87,515,450,73,248,477,300,106,341,189,345,191,276,454,148,300
330,262,126,58,304,68,335,93,119,137,267,332,577,223,173,181,234,529,340,52,184,311,159,129,199,76,218,132,164,388,470,835,174,303,78,317,296,50,137,312,213,56,252,124,226,276,91,322,118,192
448,469,200,101,508,112,458,153,160,219,443,556,956,366,300,330,345,921,538,62,305,508,312,238,356,149,377,270,280,617,701,1375,259,509,112,536,488,82,271,576,326,116,364,195,401,454,322,259,185,355
158,198,72,38,180,34,174,58,66,67,153,227,312,115,108,107,151,260,183,28,104,178,103,73,122,45,121,82,104,223,273,462,99,166,40,201,176,34,96,190,126,37,140,75,142,148,118,185,31,118
377,301,137,60,338,73,339,113,93,136,263,359,632,224,172,195,219,615,350,41,182,345,195,138,222,82,237,162,194,417,516,986,187,298,69,357,310,51,177,326,217,81,258,108,290,300,192,355,118,116
