297,439,216,97,491,115,504,191,179,233,466,552,817,379,322,340,348,798,526,77,317,543,362,226,372,154,395,280,308,589,731,1209,225,485,131,522,491,85,250,489,311,96,373,177,439,477,363,515,174,377
439,166,171,66,434,101,448,113,142,169,377,468,735,292,246,263,282,774,431,58,239,459,272,166,285,102,282,202,201,508,699,1253,239,404,95,449,404,74,226,432,304,81,313,166,352,404,306,489,180,320
216,171,34,34,194,54,190,64,66,75,164,194,351,120,99,105,125,341,198,20,99,207,97,72,118,46,133,94,92,242,306,568,95,202,57,200,193,41,98,207,138,41,150,75,139,213,124,211,71,126
97,66,34,6,84,11,65,18,31,36,62,106,149,46,43,53,70,148,82,14,54,91,50,29,62,35,69,44,51,111,134,218,45,77,17,103,72,10,40,82,53,15,62,29,60,83,52,95,27,63
491,434,194,84,237,104,460,161,170,215,446,562,888,338,269,279,393,927,524,64,281,519,291,201,345,132,327,239,234,617,738,1396,285,437,119,544,463,77,261,510,374,101,394,197,388,464,340,518,184,341
115,101,54,11,104,8,86,38,37,49,82,139,192,60,55,66,75,196,114,14,71,135,71,49,84,35,97,52,61,130,176,292,57,91,25,124,89,20,49,112,75,22,74,39,85,96,73,116,37,84
504,448,190,65,460,86,220,155,156,191,370,586,872,272,246,258,357,867,494,53,291,515,288,179,345,149,365,252,263,618,752,1366,279,461,121,552,449,77,233,520,298,98,343,184,382,463,294,490,187,334
191,113,64,18,161,38,155,21,55,70,133,170,291,98,82,84,95,275,147,20,89,141,103,75,99,35,95,76,76,177,217,425,97,130,41,142,128,22,79,166,98,37,133,53,131,136,90,169,57,113
179,142,66,31,170,37,156,55,29,78,159,189,303,94,91,93,120,272,160,18,89,159,105,65,115,38,106,83,82,210,236,459,82,169,42,191,179,36,82,168,110,36,118,60,134,158,100,163,77,127
233,169,75,36,215,49,191,70,78,48,178,219,356,138,106,125,186,361,218,23,138,237,140,78,136,51,156,92,114,255,326,576,93,197,46,209,185,38,94,213,138,50,160,79,183,179,125,218,73,144
466,377,164,62,446,82,370,133,159,178,197,494,773,287,219,266,333,749,441,50,263,473,266,161,276,106,296,183,215,513,635,1142,220,373,100,462,377,74,193,407,309,88,322,165,336,367,292,428,168,299
552,468,194,106,562,139,586,170,189,219,494,307,1016,352,301,317,417,1087,566,66,270,556,327,218,355,149,383,266,258,714,848,1550,328,536,141,570,533,91,288,638,396,132,442,226,448,556,330,620,204,379
817,735,351,149,888,192,872,291,303,356,773,1016,821,534,512,531,667,1525,916,113,473,953,539,374,577,240,640,450,456,1204,1344,2507,533,831,198,1019,840,169,478,1017,590,187,702,328,728,850,560,902,322,588
379,292,120,46,338,60,272,98,94,138,287,352,534,117,162,169,270,561,320,38,219,332,203,129,208,95,229,164,157,370,480,932,195,304,83,364,313,52,138,302,215,56,265,131,259,300,177,309,129,240
322,246,99,43,269,55,246,82,91,106,219,301,512,162,77,143,185,505,276,34,136,298,164,103,190,70,162,132,138,321,398,714,122,247,63,241,221,50,127,262,185,42,216,105,211,254,181,274,103,174
340,263,105,53,279,66,258,84,93,125,266,317,531,169,143,79,199,529,283,32,142,295,153,107,193,76,171,135,146,343,434,792,150,247,54,295,240,61,141,278,190,42,238,98,225,276,210,300,124,192
348,282,125,70,393,75,357,95,120,186,333,417,667,270,185,199,141,679,394,56,188,396,218,155,245,95,258,147,177,455,569,1013,196,341,76,430,346,64,179,404,225,73,257,127,282,354,229,380,140,250
798,774,341,148,927,196,867,275,272,361,749,1087,1525,561,505,529,679,815,956,128,486,982,566,389,620,228,644,423,440,1159,1408,2599,525,875,203,997,817,155,471,991,584,183,708,345,736,834,571,921,344,599
526,431,198,82,524,114,494,147,160,218,441,566,916,320,276,283,394,956,275,70,265,477,332,189,292,139,360,229,291,638,764,1436,279,484,111,552,414,96,258,528,348,99,370,179,395,488,319,532,180,381
77,58,20,14,64,14,53,20,18,23,50,66,113,38,34,32,56,128,70,6,24,66,34,24,42,16,41,30,27,81,115,166,28,55,13,72,53,9,29,70,40,5,58,21,44,62,49,67,25,44
317,239,99,54,281,71,291,89,89,138,263,270,473,219,136,142,188,486,265,24,72,313,179,122,181,60,165,145,136,357,403,782,161,289,67,255,270,53,120,290,163,51,199,123,243,260,181,289,111,219
543,459,207,91,519,135,515,141,159,237,473,556,953,332,298,295,396,982,477,66,313,277,313,197,345,161,358,259,271,650,774,1401,297,473,129,538,483,98,238,537,367,96,415,170,453,518,319,534,193,361
362,272,97,50,291,71,288,103,105,140,266,327,539,203,164,153,218,566,332,34,179,313,80,117,191,75,204,136,149,342,466,815,151,274,54,333,285,46,140,324,195,63,224,115,248,268,189,339,111,222
226,166,72,29,201,49,179,75,65,78,161,218,374,129,103,107,155,389,189,24,122,197,117,31,136,67,143,98,100,257,326,562,121,169,50,212,204,28,105,194,146,44,158,80,152,183,125,201,80,130
372,285,118,62,345,84,345,99,115,136,276,355,577,208,190,193,245,620,292,42,181,345,191,136,116,90,219,137,162,404,496,965,168,328,81,337,332,45,157,329,237,58,268,120,242,289,219,371,146,224
154,102,46,35,132,35,149,35,38,51,106,149,240,95,70,76,95,228,139,16,60,161,75,67,90,14,88,56,62,150,205,361,74,131,27,123,141,23,51,167,82,22,102,48,114,104,72,133,60,89
395,282,133,69,327,97,365,95,106,156,296,383,640,229,162,171,258,644,360,41,165,358,204,143,219,88,126,163,162,442,525,1020,199,317,87,311,341,60,162,386,222,67,272,124,272,295,209,337,145,259
280,202,94,44,239,52,252,76,83,92,183,266,450,164,132,135,147,423,229,30,145,259,136,98,137,56,163,52,107,288,351,695,118,273,54,248,226,43,107,250,158,47,180,86,182,233,148,244,90,160
308,201,92,51,234,61,263,76,82,114,215,258,456,157,138,146,177,440,291,27,136,271,149,100,162,62,162,107,64,312,357,687,148,234,69,244,239,52,102,274,190,52,204,101,184,226,139,264,99,185
589,508,242,111,617,130,618,177,210,255,513,714,1204,370,321,343,455,1159,638,81,357,650,342,257,404,150,442,288,312,387,990,1827,360,616,130,662,607,106,298,682,394,135,480,253,494,569,365,674,266,389
731,699,306,134,738,176,752,217,236,326,635,848,1344,480,398,434,569,1408,764,115,403,774,466,326,496,205,525,351,357,990,585,2081,428,714,184,792,711,141,388,843,496,141,576,277,614,734,497,754,289,502
1209,1253,568,218,1396,292,1366,425,459,576,1142,1550,2507,932,714,792,1013,2599,1436,166,782,1401,815,562,965,361,1020,695,687,1827,2081,1898,722,1284,314,1576,1270,243,721,1509,952,283,1051,546,1117,1347,878,1455,499,917
225,239,95,45,285,57,279,97,82,93,220,328,533,195,122,150,196,525,279,28,161,297,151,121,168,74,199,118,148,360,428,722,68,258,52,288,247,57,147,303,202,59,211,101,218,273,185,308,91,168
485,404,202,77,437,91,461,130,169,197,373,536,831,304,247,247,341,875,484,55,289,473,274,169,328,131,317,273,234,616,714,1284,258,230,99,494,404,72,224,498,351,84,362,173,406,471,262,510,183,322
131,95,57,17,119,25,121,41,42,46,100,141,198,83,63,54,76,203,111,13,67,129,54,50,81,27,87,54,69,130,184,314,52,99,15,113,94,19,70,113,76,24,86,41,110,105,69,119,46,85
522,449,200,103,544,124,552,142,191,209,462,570,1019,364,241,295,430,997,552,72,255,538,333,212,337,123,311,248,244,662,792,1576,288,494,113,265,482,91,270,582,311,120,405,205,393,509,323,569,230,361
491,404,193,72,463,89,449,128,179,185,377,533,840,313,221,240,346,817,414,53,270,483,285,204,332,141,341,226,239,607,711,1270,247,404,94,482,230,82,221,492,318,92,347,166,395,414,276,495,185,302
85,74,41,10,77,20,77,22,36,38,74,91,169,52,50,61,64,155,96,9,53,98,46,28,45,23,60,43,52,106,141,243,57,72,19,91,82,7,47,88,75,18,58,32,59,89,39,74,30,55
250,226,98,40,261,49,233,79,82,94,193,288,478,138,127,141,179,471,258,29,120,238,140,105,157,51,162,107,102,298,388,721,147,224,70,270,221,47,52,280,169,45,190,103,200,257,148,270,107,176
489,432,207,82,510,112,520,166,168,213,407,638,1017,302,262,278,404,991,528,70,290,537,324,194,329,167,386,250,274,682,843,1509,303,498,113,582,492,88,280,285,363,126,387,211,445,523,355,557,200,366
311,304,138,53,374,75,298,98,110,138,309,396,590,215,185,190,225,584,348,40,163,367,195,146,237,82,222,158,190,394,496,952,202,351,76,311,318,75,169,363,111,70,257,126,276,310,192,351,129,215
96,81,41,15,101,22,98,37,36,50,88,132,187,56,42,42,73,183,99,5,51,96,63,44,58,22,67,47,52,135,141,283,59,84,24,120,92,18,45,126,70,7,88,42,81,93,64,106,42,72
373,313,150,62,394,74,343,133,118,160,322,442,702,265,216,238,257,708,370,58,199,415,224,158,268,102,272,180,204,480,576,1051,211,362,86,405,347,58,190,387,257,88,143,144,301,333,257,352,135,261
177,166,75,29,197,39,184,53,60,79,165,226,328,131,105,98,127,345,179,21,123,170,115,80,120,48,124,86,101,253,277,546,101,173,41,205,166,32,103,211,126,42,144,42,155,170,125,180,68,128
439,352,139,60,388,85,382,131,134,183,336,448,728,259,211,225,282,736,395,44,243,453,248,152,242,114,272,182,184,494,614,1117,218,406,110,393,395,59,200,445,276,81,301,155,158,358,233,420,167,271
477,404,213,83,464,96,463,136,158,179,367,556,850,300,254,276,354,834,488,62,260,518,268,183,289,104,295,233,226,569,734,1347,273,471,105,509,414,89,257,523,310,93,333,170,358,221,300,506,157,333
363,306,124,52,340,73,294,90,100,125,292,330,560,177,181,210,229,571,319,49,181,319,189,125,219,72,209,148,139,365,497,878,185,262,69,323,276,39,148,355,192,64,257,125,233,300,87,333,105,211
515,489,211,95,518,116,490,169,163,218,428,620,902,309,274,300,380,921,532,67,289,534,339,201,371,133,337,244,264,674,754,1455,308,510,119,569,495,74,270,557,351,106,352,180,420,506,333,258,177,380
174,180,71,27,184,37,187,57,77,73,168,204,322,129,103,124,140,344,180,25,111,193,111,80,146,60,145,90,99,266,289,499,91,183,46,230,185,30,107,200,129,42,135,68,167,157,105,177,33,142
377,320,126,63,341,84,334,113,127,144,299,379,588,240,174,192,250,599,381,44,219,361,222,130,224,89,259,160,185,389,502,917,168,322,85,361,302,55,176,366,215,72,261,128,271,333,211,380,142,114
