264,464,197,93,531,104,468,179,173,251,439,471,821,402,306,328,366,889,491,72,317,507,356,218,348,152,368,298,297,667,679,1183,248,535,114,506,494,71,255,462,316,109,391,206,456,418,344,501,173,377
464,176,183,81,432,105,454,133,141,174,358,473,783,270,234,263,336,778,451,58,227,453,253,178,267,122,294,190,206,571,660,1225,229,413,100,438,381,72,226,472,290,92,313,166,375,410,266,419,165,284
197,183,37,29,170,37,178,56,54,71,169,212,365,131,105,114,149,384,203,22,89,233,123,79,134,56,135,102,104,237,303,572,114,177,54,210,176,29,101,196,131,43,164,76,165,207,125,209,87,120
93,81,29,8,81,18,89,24,32,32,69,94,154,54,55,52,49,165,88,11,51,92,51,24,64,27,66,40,36,105,124,210,50,81,18,90,86,9,40,95,56,22,86,34,71,77,74,88,29,66
531,432,170,81,267,122,521,141,154,194,410,567,949,324,263,291,380,1002,533,60,298,538,301,218,352,130,359,245,277,653,777,1438,289,468,107,543,492,77,259,575,331,120,410,189,408,455,350,520,194,367
104,105,37,18,122,9,104,37,52,47,94,126,192,79,67,73,65,203,122,15,62,112,69,43,85,33,87,60,55,123,157,276,54,106,22,117,111,10,66,111,76,26,88,45,100,104,76,119,43,77
468,454,178,89,521,104,217,153,160,190,395,541,808,352,258,262,344,816,478,58,279,460,297,192,344,134,325,242,245,601,679,1263,250,463,114,511,447,71,239,523,353,96,371,195,388,423,309,473,167,353
179,133,56,24,141,37,153,22,59,78,136,178,280,105,87,89,138,287,162,17,81,168,99,57,88,32,88,70,75,187,234,440,82,137,38,129,127,29,66,169,118,31,128,53,129,151,108,168,57,91
173,141,54,32,154,52,160,59,17,52,136,178,306,109,88,90,130,321,157,18,99,178,98,60,124,58,137,88,85,206,274,483,84,166,42,168,152,24,75,186,110,35,115,57,131,155,103,173,62,118
251,174,71,32,194,47,190,78,52,35,149,226,374,128,110,117,158,363,203,25,122,216,125,71,137,53,124,107,83,266,316,589,114,195,42,203,187,37,109,206,123,47,147,65,165,219,145,208,76,158
439,358,169,69,410,94,395,136,136,149,193,487,773,291,226,248,321,746,415,44,254,424,248,154,286,110,278,210,218,505,682,1162,207,357,99,445,383,88,203,437,273,98,310,148,336,369,293,420,163,304
471,473,212,94,567,126,541,178,178,226,487,321,982,360,293,315,389,994,548,67,286,563,313,220,332,144,377,266,292,705,839,1563,276,521,122,565,545,113,290,628,392,114,431,209,416,527,380,594,210,366
821,783,365,154,949,192,808,280,306,374,773,982,801,569,523,538,654,1441,925,102,506,925,541,341,598,235,645,407,444,1083,1365,2390,453,857,206,945,795,151,418,940,647,185,658,333,741,830,567,901,323,593
402,270,131,54,324,79,352,105,109,128,291,360,569,119,182,185,233,605,331,40,180,314,205,136,237,100,217,179,157,400,484,944,186,312,73,339,284,52,154,351,248,83,252,127,287,307,198,364,124,220
306,234,105,55,263,67,258,87,88,110,226,293,523,182,75,147,191,484,253,32,145,259,157,96,187,80,178,121,118,312,407,755,148,262,58,263,226,45,142,302,171,58,217,101,209,247,176,271,105,163
328,263,114,52,291,73,262,89,90,117,248,315,538,185,147,80,207,546,291,32,155,291,160,102,193,72,177,136,124,362,416,847,153,256,71,280,252,39,149,314,177,71,225,93,220,266,189,282,118,180
366,336,149,49,380,65,344,138,130,158,321,389,654,233,191,207,124,669,363,40,206,370,233,146,255,93,250,184,170,464,527,1044,183,344,93,378,313,58,205,394,261,88,280,150,303,308,264,371,140,250
889,778,384,165,1002,203,816,287,321,363,746,994,1441,605,484,546,669,781,919,127,500,932,499,349,576,216,623,404,455,1126,1379,2358,446,901,206,978,845,152,449,948,586,176,678,319,758,797,598,907,327,613
491,451,203,88,533,122,478,162,157,203,415,548,925,331,253,291,363,919,262,66,260,475,307,188,314,138,331,215,252,677,801,1429,267,496,111,546,468,78,255,550,341,103,384,198,372,424,310,528,177,331
72,58,22,11,60,15,58,17,18,25,44,67,102,40,32,32,40,127,66,5,42,77,35,18,42,12,30,23,22,86,97,165,35,49,15,65,53,11,30,60,49,7,57,13,56,58,38,74,21,47
317,227,89,51,298,62,279,81,99,122,254,286,506,180,145,155,206,500,260,42,78,273,181,109,180,57,164,133,123,354,435,815,161,278,66,283,267,38,124,289,179,45,223,103,220,260,151,284,110,208
507,453,233,92,538,112,460,168,178,216,424,563,925,314,259,291,370,932,475,77,273,246,302,199,329,135,343,259,270,656,755,1414,280,487,116,564,458,94,259,558,348,109,382,183,419,481,333,562,196,349
356,253,123,51,301,69,297,99,98,125,248,313,541,205,157,160,233,499,307,35,181,302,87,117,226,81,212,130,166,348,439,801,162,290,67,313,311,56,151,296,188,62,223,99,252,288,173,304,114,200
218,178,79,24,218,43,192,57,60,71,154,220,341,136,96,102,146,349,188,18,109,199,117,43,132,54,137,95,110,252,295,552,116,181,32,189,173,38,90,199,122,49,148,72,159,190,135,193,73,133
348,267,134,64,352,85,344,88,124,137,286,332,598,237,187,193,255,576,314,42,180,329,226,132,114,85,211,148,186,413,531,910,188,336,65,340,329,62,163,351,235,61,251,119,268,326,216,358,137,215
152,122,56,27,130,33,134,32,58,53,110,144,235,100,80,72,93,216,138,12,57,135,81,54,85,21,87,45,79,151,209,357,60,108,30,119,147,22,59,126,76,23,86,52,108,112,86,133,57,104
368,294,135,66,359,87,325,88,137,124,278,377,645,217,178,177,250,623,331,30,164,343,212,137,211,87,124,132,178,442,546,925,190,304,82,324,338,49,164,358,217,58,257,123,265,342,213,320,126,223
298,190,102,40,245,60,242,70,88,107,210,266,407,179,121,136,184,404,215,23,133,259,130,95,148,45,132,59,128,272,325,678,131,212,45,249,244,44,107,221,138,65,183,100,201,232,153,253,88,170
297,206,104,36,277,55,245,75,85,83,218,292,444,157,118,124,170,455,252,22,123,270,166,110,186,79,178,128,58,312,365,680,141,236,38,254,232,39,130,261,173,60,198,80,204,226,174,275,94,160
667,571,237,105,653,123,601,187,206,266,505,705,1083,400,312,362,464,1126,677,86,354,656,348,252,413,151,442,272,312,409,968,1754,343,593,130,683,592,113,328,671,454,131,498,243,514,619,376,641,224,425
679,660,303,124,777,157,679,234,274,316,682,839,1365,484,407,416,527,1379,801,97,435,755,439,295,531,209,546,325,365,968,564,2004,415,715,172,775,686,141,358,793,495,167,568,297,576,706,460,741,281,521
1183,1225,572,210,1438,276,1263,440,483,589,1162,1563,2390,944,755,847,1044,2358,1429,165,815,1414,801,552,910,357,925,678,680,1754,2004,1833,693,1299,323,1572,1260,251,684,1478,930,291,1000,516,1099,1240,867,1364,501,927
248,229,114,50,289,54,250,82,84,114,207,276,453,186,148,153,183,446,267,35,161,280,162,116,188,60,190,131,141,343,415,693,66,245,65,299,236,49,127,300,183,42,188,93,231,250,193,272,96,198
535,413,177,81,468,106,463,137,166,195,357,521,857,312,262,256,344,901,496,49,278,487,290,181,336,108,304,212,236,593,715,1299,245,207,101,509,442,81,250,489,326,111,369,170,414,415,314,459,177,313
114,100,54,18,107,22,114,38,42,42,99,122,206,73,58,71,93,206,111,15,66,116,67,32,65,30,82,45,38,130,172,323,65,101,13,126,112,18,65,135,79,23,95,46,96,106,63,120,47,76
506,438,210,90,543,117,511,129,168,203,445,565,945,339,263,280,378,978,546,65,283,564,313,189,340,119,324,249,254,683,775,1572,299,509,126,290,468,91,236,569,319,109,439,211,434,497,344,589,196,328
494,381,176,86,492,111,447,127,152,187,383,545,795,284,226,252,313,845,468,53,267,458,311,173,329,147,338,244,232,592,686,1260,236,442,112,468,247,87,216,492,335,110,380,176,373,412,270,458,177,346
71,72,29,9,77,10,71,29,24,37,88,113,151,52,45,39,58,152,78,11,38,94,56,38,62,22,49,44,39,113,141,251,49,81,18,91,87,10,45,98,51,20,68,30,70,86,67,92,24,75
255,226,101,40,259,66,239,66,75,109,203,290,418,154,142,149,205,449,255,30,124,259,151,90,163,59,164,107,130,328,358,684,127,250,65,236,216,45,58,285,173,49,193,89,196,237,167,276,96,173
462,472,196,95,575,111,523,169,186,206,437,628,940,351,302,314,394,948,550,60,289,558,296,199,351,126,358,221,261,671,793,1478,300,489,135,569,492,98,285,298,325,104,410,189,410,480,343,541,206,348
316,290,131,56,331,76,353,118,110,123,273,392,647,248,171,177,261,586,341,49,179,348,188,122,235,76,217,138,173,454,495,930,183,326,79,319,335,51,173,325,112,70,250,137,271,310,189,345,126,232
109,92,43,22,120,26,96,31,35,47,98,114,185,83,58,71,88,176,103,7,45,109,62,49,61,23,58,65,60,131,167,291,42,111,23,109,110,20,49,104,70,9,101,40,73,97,80,110,31,77
391,313,164,86,410,88,371,128,115,147,310,431,658,252,217,225,280,678,384,57,223,382,223,148,251,86,257,183,198,498,568,1000,188,369,95,439,380,68,193,410,250,101,135,131,323,332,236,381,132,262
206,166,76,34,189,45,195,53,57,65,148,209,333,127,101,93,150,319,198,13,103,183,99,72,119,52,123,100,80,243,297,516,93,170,46,211,176,30,89,189,137,40,131,37,147,179,130,183,74,128
456,375,165,71,408,100,388,129,131,165,336,416,741,287,209,220,303,758,372,56,220,419,252,159,268,108,265,201,204,514,576,1099,231,414,96,434,373,70,196,410,271,73,323,147,164,373,254,416,152,274
418,410,207,77,455,104,423,151,155,219,369,527,830,307,247,266,308,797,424,58,260,481,288,190,326,112,342,232,226,619,706,1240,250,415,106,497,412,86,237,480,310,97,332,179,373,206,313,479,157,330
344,266,125,74,350,76,309,108,103,145,293,380,567,198,176,189,264,598,310,38,151,333,173,135,216,86,213,153,174,376,460,867,193,314,63,344,270,67,167,343,189,80,236,130,254,313,94,356,113,230
501,419,209,88,520,119,473,168,173,208,420,594,901,364,271,282,371,907,528,74,284,562,304,193,358,133,320,253,275,641,741,1364,272,459,120,589,458,92,276,541,345,110,381,183,416,479,356,285,197,364
173,165,87,29,194,43,167,57,62,76,163,210,323,124,105,118,140,327,177,21,110,196,114,73,137,57,126,88,94,224,281,501,96,177,47,196,177,24,96,206,126,31,132,74,152,157,113,197,38,127
377,284,120,66,367,77,353,91,118,158,304,366,593,220,163,180,250,613,331,47,208,349,200,133,215,104,223,170,160,425,521,927,198,313,76,328,346,75,173,348,232,77,262,128,274,330,230,364,127,127
