265,462,212,89,542,132,497,176,171,260,479,546,868,382,326,350,341,813,549,84,326,552,342,203,362,152,357,279,303,632,731,1184,252,468,105,506,523,86,261,503,311,112,377,179,451,406,357,499,181,377
462,198,164,75,424,98,393,113,139,170,361,479,827,276,226,235,325,831,439,42,219,452,255,167,264,133,304,193,214,526,698,1290,273,395,96,454,378,68,212,415,308,101,333,147,337,427,274,469,173,300
212,164,29,45,173,54,197,57,71,86,180,195,380,118,98,132,136,378,191,37,111,207,114,86,136,50,142,91,115,261,319,608,124,211,53,215,214,25,92,216,126,50,172,64,167,185,124,208,77,127
89,75,45,8,76,23,84,37,28,39,76,92,132,57,44,56,70,143,82,13,49,78,58,33,73,21,59,50,55,83,128,201,33,91,14,97,70,14,45,87,50,21,54,33,80,76,57,97,31,53
542,424,173,76,273,103,532,165,159,195,415,584,924,339,250,316,385,908,547,76,306,564,300,218,326,129,349,221,288,681,779,1454,269,497,125,536,476,97,273,556,329,94,403,168,432,449,333,561,186,366
132,98,54,23,103,14,98,53,34,50,101,134,190,68,58,74,81,192,118,15,73,118,71,40,89,26,88,55,56,122,176,295,69,114,29,128,108,18,58,110,73,28,82,43,100,103,74,109,43,91
497,393,197,84,532,98,226,144,168,181,412,553,911,342,269,286,381,910,468,68,287,491,278,205,323,142,369,221,259,615,777,1371,273,470,115,533,418,82,227,527,326,128,373,180,399,444,317,507,199,333
176,113,57,37,165,53,144,25,46,64,110,175,320,84,89,83,104,280,153,21,87,154,87,55,100,36,89,82,94,152,238,422,88,157,41,155,169,24,70,165,100,35,103,61,130,147,88,160,65,97
171,139,71,28,159,34,168,46,22,68,148,171,296,123,80,103,125,272,171,19,87,180,92,83,108,46,124,62,87,212,263,497,98,151,32,154,149,35,85,200,101,38,128,66,129,166,109,169,52,102
260,170,86,39,195,50,181,64,68,49,167,230,340,135,113,137,155,333,192,27,120,205,129,67,132,57,156,92,118,222,259,501,85,174,52,225,194,34,108,192,127,42,163,74,173,180,132,212,73,142
479,361,180,76,415,101,412,110,148,167,179,491,748,284,241,237,315,768,422,48,247,441,274,150,327,125,309,197,235,532,606,1135,241,374,121,445,413,77,200,417,257,93,327,144,373,408,286,431,184,268
546,479,195,92,584,134,553,175,171,230,491,321,1012,344,268,311,412,1003,583,61,276,584,345,216,370,130,378,282,284,677,795,1543,308,533,114,610,515,97,285,627,405,111,430,225,444,512,357,616,210,369
868,827,380,132,924,190,911,320,296,340,748,1012,831,559,472,545,666,1536,919,96,486,940,517,372,602,229,601,398,445,1166,1347,2478,473,857,218,1000,810,154,481,971,628,205,709,381,739,808,585,985,318,609
382,276,118,57,339,68,342,84,123,135,284,344,559,113,165,198,255,596,330,43,197,375,180,152,234,94,225,138,149,387,470,890,181,299,74,320,279,68,162,341,180,71,257,109,257,298,208,346,130,216
326,226,98,44,250,58,269,89,80,113,241,268,472,165,71,132,202,468,241,35,147,256,162,95,161,72,172,134,141,322,369,737,121,285,63,286,272,49,134,285,173,55,214,98,214,253,143,272,80,194
350,235,132,56,316,74,286,83,103,137,237,311,545,198,132,75,211,486,257,37,163,305,177,125,169,63,201,117,162,351,421,831,160,280,70,282,271,50,140,309,193,65,235,111,221,289,163,327,98,201
341,325,136,70,385,81,381,104,125,155,315,412,666,255,202,211,125,653,370,51,202,387,236,166,250,75,240,173,204,420,510,1027,203,341,84,364,349,66,205,424,239,77,294,158,298,335,234,380,154,221
813,831,378,143,908,192,910,280,272,333,768,1003,1536,596,468,486,653,824,898,111,487,934,546,361,630,229,617,409,458,1150,1354,2529,482,869,228,977,843,145,450,941,610,188,636,375,722,841,565,964,345,581
549,439,191,82,547,118,468,153,171,192,422,583,919,330,241,257,370,898,246,58,262,509,317,215,332,131,349,215,255,620,736,1420,253,481,120,543,494,95,258,544,312,95,396,181,418,433,326,474,195,335
84,42,37,13,76,15,68,21,19,27,48,61,96,43,35,37,51,111,58,4,29,56,42,15,40,21,28,29,34,71,103,171,28,75,18,69,65,11,31,61,47,10,48,27,44,63,44,73,28,51
326,219,111,49,306,73,287,87,87,120,247,276,486,197,147,163,202,487,262,29,70,297,191,111,165,58,180,139,143,318,451,787,144,264,66,279,290,50,122,297,191,60,253,108,227,266,175,284,119,172
552,452,207,78,564,118,491,154,180,205,441,584,940,375,256,305,387,934,509,56,297,297,338,208,314,134,356,232,280,667,800,1442,282,465,100,545,506,87,273,545,343,94,400,189,399,482,338,559,187,360
342,255,114,58,300,71,278,87,92,129,274,345,517,180,162,177,236,546,317,42,191,338,79,113,189,68,188,139,147,351,470,827,160,307,67,309,283,60,135,299,187,61,230,91,233,284,186,321,110,192
203,167,86,33,218,40,205,55,83,67,150,216,372,152,95,125,166,361,215,15,111,208,113,36,121,63,137,99,97,242,321,595,99,185,38,222,179,39,106,211,143,51,146,68,167,205,130,213,79,133
362,264,136,73,326,89,323,100,108,132,327,370,602,234,161,169,250,630,332,40,165,314,189,121,108,102,250,139,150,411,534,977,204,321,70,334,315,55,158,335,215,70,244,123,250,300,191,349,130,206
152,133,50,21,129,26,142,36,46,57,125,130,229,94,72,63,75,229,131,21,58,134,68,63,102,15,107,65,65,137,197,370,69,121,28,119,130,16,52,139,71,30,88,47,105,126,80,144,39,64
357,304,142,59,349,88,369,89,124,156,309,378,601,225,172,201,240,617,349,28,180,356,188,137,250,107,132,166,167,406,534,946,191,328,80,339,317,54,150,341,219,73,246,132,285,343,214,387,116,224
279,193,91,50,221,55,221,82,62,92,197,282,398,138,134,117,173,409,215,29,139,232,139,99,139,65,166,58,107,296,352,642,149,231,45,248,226,49,118,247,159,46,186,95,204,227,151,266,88,169
303,214,115,55,288,56,259,94,87,118,235,284,445,149,141,162,204,458,255,34,143,280,147,97,150,65,167,107,61,321,387,716,130,219,54,268,219,41,151,274,172,63,188,81,189,259,159,282,110,189
632,526,261,83,681,122,615,152,212,222,532,677,1166,387,322,351,420,1150,620,71,318,667,351,242,411,137,406,296,321,419,980,1872,349,597,168,702,579,105,293,727,414,143,495,235,523,572,418,643,266,401
731,698,319,128,779,176,777,238,263,259,606,795,1347,470,369,421,510,1354,736,103,451,800,470,321,534,197,534,352,387,980,567,2057,388,693,181,799,725,145,384,770,487,156,574,300,646,737,528,805,301,478
1184,1290,608,201,1454,295,1371,422,497,501,1135,1543,2478,890,737,831,1027,2529,1420,171,787,1442,827,595,977,370,946,642,716,1872,2057,1883,720,1279,346,1514,1277,223,725,1475,928,290,1088,568,1173,1275,884,1466,526,959
252,273,124,33,269,69,273,88,98,85,241,308,473,181,121,160,203,482,253,28,144,282,160,99,204,69,191,149,130,349,388,720,76,281,72,298,257,52,116,276,178,63,196,95,233,272,169,296,101,178
468,395,211,91,497,114,470,157,151,174,374,533,857,299,285,280,341,869,481,75,264,465,307,185,321,121,328,231,219,597,693,1279,281,243,103,497,443,68,237,504,322,95,331,176,433,416,305,482,199,281
105,96,53,14,125,29,115,41,32,52,121,114,218,74,63,70,84,228,120,18,66,100,67,38,70,28,80,45,54,168,181,346,72,103,10,139,103,16,68,115,81,24,89,44,88,118,68,139,47,83
506,454,215,97,536,128,533,155,154,225,445,610,1000,320,286,282,364,977,543,69,279,545,309,222,334,119,339,248,268,702,799,1514,298,497,139,264,522,89,273,593,332,119,426,198,424,454,325,555,229,339
523,378,214,70,476,108,418,169,149,194,413,515,810,279,272,271,349,843,494,65,290,506,283,179,315,130,317,226,219,579,725,1277,257,443,103,522,195,89,225,503,314,111,321,196,389,424,321,466,186,319
86,68,25,14,97,18,82,24,35,34,77,97,154,68,49,50,66,145,95,11,50,87,60,39,55,16,54,49,41,105,145,223,52,68,16,89,89,8,43,97,46,17,62,50,67,77,65,94,33,55
261,212,92,45,273,58,227,70,85,108,200,285,481,162,134,140,205,450,258,31,122,273,135,106,158,52,150,118,151,293,384,725,116,237,68,273,225,43,54,278,170,53,191,90,218,226,140,277,86,164
503,415,216,87,556,110,527,165,200,192,417,627,971,341,285,309,424,941,544,61,297,545,299,211,335,139,341,247,274,727,770,1475,276,504,115,593,503,97,278,283,385,116,420,211,417,524,356,535,203,370
311,308,126,50,329,73,326,100,101,127,257,405,628,180,173,193,239,610,312,47,191,343,187,143,215,71,219,159,172,414,487,928,178,322,81,332,314,46,170,385,109,67,286,123,254,321,203,339,126,197
112,101,50,21,94,28,128,35,38,42,93,111,205,71,55,65,77,188,95,10,60,94,61,51,70,30,73,46,63,143,156,290,63,95,24,119,111,17,53,116,67,14,70,30,87,100,56,114,38,71
377,333,172,54,403,82,373,103,128,163,327,430,709,257,214,235,294,636,396,48,253,400,230,146,244,88,246,186,188,495,574,1088,196,331,89,426,321,62,191,420,286,70,154,162,315,338,253,388,143,287
179,147,64,33,168,43,180,61,66,74,144,225,381,109,98,111,158,375,181,27,108,189,91,68,123,47,132,95,81,235,300,568,95,176,44,198,196,50,90,211,123,30,162,33,155,194,127,214,72,122
451,337,167,80,432,100,399,130,129,173,373,444,739,257,214,221,298,722,418,44,227,399,233,167,250,105,285,204,189,523,646,1173,233,433,88,424,389,67,218,417,254,87,315,155,176,385,237,421,151,288
406,427,185,76,449,103,444,147,166,180,408,512,808,298,253,289,335,841,433,63,266,482,284,205,300,126,343,227,259,572,737,1275,272,416,118,454,424,77,226,524,321,100,338,194,385,215,291,477,180,330
357,274,124,57,333,74,317,88,109,132,286,357,585,208,143,163,234,565,326,44,175,338,186,130,191,80,214,151,159,418,528,884,169,305,68,325,321,65,140,356,203,56,253,127,237,291,97,319,116,224
499,469,208,97,561,109,507,160,169,212,431,616,985,346,272,327,380,964,474,73,284,559,321,213,349,144,387,266,282,643,805,1466,296,482,139,555,466,94,277,535,339,114,388,214,421,477,319,283,202,379
181,173,77,31,186,43,199,65,52,73,184,210,318,130,80,98,154,345,195,28,119,187,110,79,130,39,116,88,110,266,301,526,101,199,47,229,186,33,86,203,126,38,143,72,151,180,116,202,28,127
377,300,127,53,366,91,333,97,102,142,268,369,609,216,194,201,221,581,335,51,172,360,192,133,206,64,224,169,189,401,478,959,178,281,83,339,319,55,164,370,197,71,287,122,288,330,224,379,127,103
