251,454,193,95,501,106,476,168,183,248,461,521,786,392,290,297,370,782,533,68,328,526,362,209,377,149,382,284,327,638,704,1141,236,461,97,530,482,84,241,446,333,129,368,181,439,412,347,492,171,362
454,170,174,72,454,110,405,112,152,175,368,477,777,283,216,235,311,796,418,67,217,471,271,161,273,105,292,176,223,541,677,1247,241,463,91,464,426,74,208,472,297,85,303,159,382,403,279,501,146,266
193,174,48,45,215,47,217,66,68,81,154,220,373,140,119,106,137,348,191,20,117,213,130,85,142,46,123,87,107,244,296,550,124,186,34,190,206,36,107,217,123,36,145,93,172,184,120,202,64,142
95,72,45,4,73,11,80,30,31,31,79,77,141,70,49,58,57,129,85,11,63,86,49,36,55,25,66,34,53,108,132,208,48,71,20,98,75,18,44,94,52,26,61,34,70,86,62,73,27,67
501,454,215,73,227,89,481,164,161,188,459,575,910,327,279,288,390,862,535,52,284,558,302,215,344,127,348,231,238,592,790,1470,290,449,111,552,493,94,264,590,334,107,364,198,424,520,307,553,176,347
106,110,47,11,89,9,112,45,35,43,87,110,168,81,76,70,84,173,114,12,64,109,71,54,81,33,82,51,84,140,161,276,55,102,28,126,78,24,64,121,76,25,71,50,93,98,78,112,33,78
476,405,217,80,481,112,216,127,163,189,399,572,916,343,258,268,336,892,497,53,281,477,317,190,301,123,310,215,226,622,723,1361,273,456,106,505,448,98,222,501,335,94,352,210,339,451,303,477,185,313
168,112,66,30,164,45,127,18,61,80,132,187,275,100,77,95,108,275,164,16,77,157,104,54,93,29,93,75,69,167,241,414,84,143,35,155,144,29,66,175,86,43,132,60,117,156,106,137,70,110
183,152,68,31,161,35,163,61,21,64,147,191,304,125,90,85,126,294,172,16,91,173,108,71,112,42,113,72,87,225,225,467,82,154,38,181,169,28,94,163,105,34,118,53,133,153,92,170,55,119
248,175,81,31,188,43,189,80,64,41,169,212,354,148,122,123,172,387,208,24,122,220,133,74,141,46,130,87,104,252,286,559,114,211,56,230,198,40,108,192,153,45,157,72,177,166,131,238,85,148
461,368,154,79,459,87,399,132,147,169,184,457,775,271,240,263,313,753,428,41,254,437,275,156,300,127,314,211,245,523,632,1161,229,411,101,467,407,77,206,462,292,77,310,166,340,362,285,462,157,285
521,477,220,77,575,110,572,187,191,212,457,322,1040,337,305,329,409,1034,542,51,280,583,313,203,379,115,358,272,306,700,834,1577,329,502,119,568,477,125,302,596,390,130,457,192,428,494,333,577,194,373
786,777,373,141,910,168,916,275,304,354,775,1040,786,613,482,555,654,1433,891,98,523,936,540,347,575,262,655,439,473,1154,1334,2320,524,865,202,958,818,158,444,901,658,177,693,358,724,873,588,869,325,582
392,283,140,70,327,81,343,100,125,148,271,337,613,121,171,175,257,649,315,38,209,326,221,138,192,87,225,156,172,386,485,962,161,330,78,331,324,60,163,341,193,62,252,127,262,321,204,369,142,240
290,216,119,49,279,76,258,77,90,122,240,305,482,171,56,117,182,467,225,33,158,269,155,97,157,76,199,131,129,291,397,697,129,261,71,250,252,39,124,268,174,48,213,105,213,238,159,257,96,204
297,235,106,58,288,70,268,95,85,123,263,329,555,175,117,59,196,508,259,29,176,278,194,104,171,77,191,147,142,319,409,800,172,283,69,271,278,54,132,284,186,46,224,111,235,282,174,283,128,190
370,311,137,57,390,84,336,108,126,172,313,409,654,257,182,196,127,661,346,44,194,376,200,146,233,88,221,152,191,466,550,1025,186,325,84,393,333,68,173,400,241,77,263,146,266,333,280,363,126,256
782,796,348,129,862,173,892,275,294,387,753,1034,1433,649,467,508,661,752,895,114,517,908,559,354,551,249,625,446,447,1115,1344,2427,495,837,210,954,840,152,432,913,648,196,707,345,694,853,589,929,326,605
533,418,191,85,535,114,497,164,172,208,428,542,891,315,225,259,346,895,225,58,295,481,305,206,318,133,342,261,231,614,764,1464,256,470,113,567,491,79,251,544,351,105,373,185,398,482,323,536,177,372
68,67,20,11,52,12,53,16,16,24,41,51,98,38,33,29,44,114,58,3,36,58,26,20,30,15,31,28,31,89,110,182,37,55,15,59,51,10,33,75,35,14,56,20,41,69,42,63,27,22
328,217,117,63,284,64,281,77,91,122,254,280,523,209,158,176,194,517,295,36,72,304,160,123,180,66,155,134,127,369,423,781,151,260,60,274,288,53,137,304,185,52,228,77,240,270,190,287,104,200
526,471,213,86,558,109,477,157,173,220,437,583,936,326,269,278,376,908,481,58,304,272,324,203,342,148,337,271,249,631,770,1487,302,473,126,578,503,97,243,517,340,108,374,185,412,502,340,530,196,347
362,271,130,49,302,71,317,104,108,133,275,313,540,221,155,194,200,559,305,26,160,324,78,131,177,73,197,136,151,369,445,838,145,281,70,302,299,42,174,326,181,58,273,111,253,266,206,310,104,211
209,161,85,36,215,54,190,54,71,74,156,203,347,138,97,104,146,354,206,20,123,203,131,40,129,56,145,91,115,218,297,556,113,179,42,208,191,34,103,220,133,47,147,62,166,169,121,224,57,121
377,273,142,55,344,81,301,93,112,141,300,379,575,192,157,171,233,551,318,30,180,342,177,129,98,87,207,154,191,401,503,895,180,292,71,353,293,54,149,370,223,73,263,119,246,295,167,343,105,222
149,105,46,25,127,33,123,29,42,46,127,115,262,87,76,77,88,249,133,15,66,148,73,56,87,19,83,48,80,163,198,378,77,125,25,122,119,18,51,144,68,18,112,47,114,115,75,151,50,78
382,292,123,66,348,82,310,93,113,130,314,358,655,225,199,191,221,625,342,31,155,337,197,145,207,83,114,130,176,427,541,993,206,307,77,336,321,61,158,378,212,60,269,110,265,307,206,362,131,202
284,176,87,34,231,51,215,75,72,87,211,272,439,156,131,147,152,446,261,28,134,271,136,91,154,48,130,45,109,300,386,666,128,217,65,248,225,48,121,272,176,52,189,90,172,218,135,279,105,156
327,223,107,53,238,84,226,69,87,104,245,306,473,172,129,142,191,447,231,31,127,249,151,115,191,80,176,109,68,289,407,702,160,224,52,251,263,54,142,276,153,46,196,102,223,241,138,274,98,187
638,541,244,108,592,140,622,167,225,252,523,700,1154,386,291,319,466,1115,614,89,369,631,369,218,401,163,427,300,289,407,933,1812,335,572,162,679,570,105,322,637,408,126,513,253,484,624,380,685,253,425
704,677,296,132,790,161,723,241,225,286,632,834,1334,485,397,409,550,1344,764,110,423,770,445,297,503,198,541,386,407,933,559,2077,387,708,194,821,733,124,372,776,498,140,571,261,607,774,478,801,271,498
1141,1247,550,208,1470,276,1361,414,467,559,1161,1577,2320,962,697,800,1025,2427,1464,182,781,1487,838,556,895,378,993,666,702,1812,2077,1862,713,1373,336,1500,1288,242,626,1503,981,323,1055,551,1086,1316,877,1430,509,939
236,241,124,48,290,55,273,84,82,114,229,329,524,161,129,172,186,495,256,37,151,302,145,113,180,77,206,128,160,335,387,713,64,289,76,274,252,54,136,306,210,57,199,124,225,267,179,253,89,187
461,463,186,71,449,102,456,143,154,211,411,502,865,330,261,283,325,837,470,55,260,473,281,179,292,125,307,217,224,572,708,1373,289,211,117,466,456,83,212,514,289,95,352,194,376,449,297,463,166,330
97,91,34,20,111,28,106,35,38,56,101,119,202,78,71,69,84,210,113,15,60,126,70,42,71,25,77,65,52,162,194,336,76,117,12,126,105,24,53,139,71,22,91,47,91,111,91,118,38,79
530,464,190,98,552,126,505,155,181,230,467,568,958,331,250,271,393,954,567,59,274,578,302,208,353,122,336,248,251,679,821,1500,274,466,126,272,481,90,256,601,382,110,407,220,407,484,374,531,213,376
482,426,206,75,493,78,448,144,169,198,407,477,818,324,252,278,333,840,491,51,288,503,299,191,293,119,321,225,263,570,733,1288,252,456,105,481,212,84,207,524,288,93,354,161,355,429,282,466,145,323
84,74,36,18,94,24,98,29,28,40,77,125,158,60,39,54,68,152,79,10,53,97,42,34,54,18,61,48,54,105,124,242,54,83,24,90,84,9,44,90,57,15,56,38,74,91,55,84,39,64
241,208,107,44,264,64,222,66,94,108,206,302,444,163,124,132,173,432,251,33,137,243,174,103,149,51,158,121,142,322,372,626,136,212,53,256,207,44,54,283,150,60,212,107,196,265,153,236,109,168
446,472,217,94,590,121,501,175,163,192,462,596,901,341,268,284,400,913,544,75,304,517,326,220,370,144,378,272,276,637,776,1503,306,514,139,601,524,90,283,296,377,106,355,190,444,513,336,556,196,327
333,297,123,52,334,76,335,86,105,153,292,390,658,193,174,186,241,648,351,35,185,340,181,133,223,68,212,176,153,408,498,981,210,289,71,382,288,57,150,377,117,55,236,136,270,323,203,348,119,205
129,85,36,26,107,25,94,43,34,45,77,130,177,62,48,46,77,196,105,14,52,108,58,47,73,18,60,52,46,126,140,323,57,95,22,110,93,15,60,106,55,14,88,41,88,100,60,115,28,63
368,303,145,61,364,71,352,132,118,157,310,457,693,252,213,224,263,707,373,56,228,374,273,147,263,112,269,189,196,513,571,1055,199,352,91,407,354,56,212,355,236,88,146,135,317,379,248,361,134,280
181,159,93,34,198,50,210,60,53,72,166,192,358,127,105,111,146,345,185,20,77,185,111,62,119,47,110,90,102,253,261,551,124,194,47,220,161,38,107,190,136,41,135,31,144,171,129,208,80,121
439,382,172,70,424,93,339,117,133,177,340,428,724,262,213,235,266,694,398,41,240,412,253,166,246,114,265,172,223,484,607,1086,225,376,91,407,355,74,196,444,270,88,317,144,165,362,246,416,137,287
412,403,184,86,520,98,451,156,153,166,362,494,873,321,238,282,333,853,482,69,270,502,266,169,295,115,307,218,241,624,774,1316,267,449,111,484,429,91,265,513,323,100,379,171,362,202,295,481,182,306
347,279,120,62,307,78,303,106,92,131,285,333,588,204,159,174,280,589,323,42,190,340,206,121,167,75,206,135,138,380,478,877,179,297,91,374,282,55,153,336,203,60,248,129,246,295,84,330,121,237
492,501,202,73,553,112,477,137,170,238,462,577,869,369,257,283,363,929,536,63,287,530,310,224,343,151,362,279,274,685,801,1430,253,463,118,531,466,84,236,556,348,115,361,208,416,481,330,253,174,315
171,146,64,27,176,33,185,70,55,85,157,194,325,142,96,128,126,326,177,27,104,196,104,57,105,50,131,105,98,253,271,509,89,166,38,213,145,39,109,196,119,28,134,80,137,182,121,174,27,141
362,266,142,67,347,78,313,110,119,148,285,373,582,240,204,190,256,605,372,22,200,347,211,121,222,78,202,156,187,425,498,939,187,330,79,376,323,64,168,327,205,63,280,121,287,306,237,315,141,113
