274,461,209,93,526,117,455,183,179,250,470,528,790,372,326,341,376,786,508,71,327,502,358,207,334,143,353,282,287,557,678,1167,242,499,94,518,458,76,246,509,346,102,368,164,439,383,314,472,175,375
461,182,166,67,417,100,421,132,128,153,348,521,820,253,236,254,314,804,423,49,236,424,246,162,298,111,272,172,205,504,695,1238,262,405,98,452,401,67,216,452,282,93,331,165,349,410,245,457,158,280
209,166,32,33,214,46,156,67,68,79,159,193,364,132,102,97,154,333,211,24,105,191,129,83,134,46,131,91,91,222,319,575,118,181,36,204,194,32,105,213,117,51,166,79,139,195,120,198,79,161
93,67,33,4,65,20,79,26,24,43,88,94,149,71,53,47,57,156,94,12,50,102,56,47,75,30,71,47,47,91,122,226,51,73,20,102,70,14,44,101,51,12,53,33,90,67,65,76,33,70
526,417,214,65,276,113,475,142,158,204,414,594,909,314,299,308,365,934,548,72,263,514,302,189,313,135,341,230,258,655,787,1338,254,465,103,518,457,94,245,547,340,110,401,205,408,489,313,528,179,323
117,100,46,20,113,17,104,27,33,50,89,123,174,94,58,72,80,212,114,13,77,117,77,57,95,30,82,60,60,147,152,278,59,115,30,127,80,13,55,125,76,17,74,45,100,81,73,107,38,79
455,421,156,79,475,104,208,154,155,212,436,521,849,314,246,256,348,896,470,51,301,454,281,197,327,141,344,225,224,607,695,1302,234,483,118,529,446,73,259,503,324,87,332,160,394,451,306,467,179,323
183,132,67,26,142,27,154,31,45,61,147,170,266,85,88,78,118,302,152,13,88,152,88,58,108,28,84,64,75,184,241,463,93,131,40,161,141,17,84,143,110,31,115,49,114,148,90,169,68,115
179,128,68,24,158,33,155,45,27,68,126,191,293,117,79,80,127,296,156,22,104,172,90,68,91,49,114,64,81,188,280,438,81,139,33,188,134,31,92,179,115,33,133,74,129,145,90,176,62,114
250,153,79,43,204,50,212,61,68,36,159,232,378,128,96,130,187,343,192,27,97,203,111,91,140,66,136,95,107,253,298,600,108,206,42,220,192,37,95,188,130,30,168,90,182,181,145,221,90,139
470,348,159,88,414,89,436,147,126,159,184,478,738,264,243,281,315,734,422,52,242,416,228,156,281,111,288,211,219,516,638,1141,226,417,89,481,393,66,218,416,274,73,335,177,351,389,278,438,180,274
528,521,193,94,594,123,521,170,191,232,478,319,999,342,277,338,388,995,586,69,320,586,303,225,362,145,367,267,287,660,847,1497,284,516,112,554,546,104,280,572,345,125,441,184,436,454,362,582,206,370
790,820,364,149,909,174,849,266,293,378,738,999,809,554,502,550,650,1507,935,117,480,921,546,358,621,228,607,422,421,1140,1370,2319,459,819,173,939,801,159,418,961,579,187,663,334,694,791,567,871,298,595
372,253,132,71,314,94,314,85,117,128,264,342,554,122,183,188,231,550,329,43,200,330,190,116,187,67,187,149,167,414,527,900,170,330,86,333,311,50,171,344,217,63,240,119,250,306,197,334,123,226
326,236,102,53,299,58,246,88,79,96,243,277,502,183,77,138,187,493,261,38,147,262,169,109,171,51,180,143,143,310,414,774,149,241,54,248,236,39,155,266,182,65,204,104,224,251,163,304,96,191
341,254,97,47,308,72,256,78,80,130,281,338,550,188,138,81,218,505,276,37,159,289,173,104,179,63,193,133,148,363,452,906,175,262,49,286,261,39,152,294,185,69,217,101,223,260,170,344,116,197
376,314,154,57,365,80,348,118,127,187,315,388,650,231,187,218,124,658,363,43,176,393,231,140,257,96,265,185,211,442,559,1022,198,326,90,360,311,64,177,387,262,82,268,150,317,326,248,368,139,261
786,804,333,156,934,212,896,302,296,343,734,995,1507,550,493,505,658,859,936,114,476,912,584,384,636,225,601,421,457,1158,1326,2406,487,831,185,979,786,146,463,897,590,192,651,328,710,767,584,923,309,603
508,423,211,94,548,114,470,152,156,192,422,586,935,329,261,276,363,936,250,47,279,477,278,187,314,124,315,271,233,633,781,1431,277,447,134,529,515,92,239,559,349,96,349,184,376,459,291,489,200,329
71,49,24,12,72,13,51,13,22,27,52,69,117,43,38,37,43,114,47,2,29,61,36,17,42,8,35,21,38,66,87,165,39,59,10,60,55,19,29,74,46,8,51,16,47,58,41,58,26,35
327,236,105,50,263,77,301,88,104,97,242,320,480,200,147,159,176,476,279,29,67,302,147,123,188,69,188,117,149,318,404,760,145,260,67,274,293,48,134,277,160,58,220,105,231,265,171,297,112,169
502,424,191,102,514,117,454,152,172,203,416,586,921,330,262,289,393,912,477,61,302,259,300,205,331,130,343,245,252,657,792,1399,280,507,127,568,506,105,233,520,344,114,392,177,377,464,294,526,188,354
358,246,129,56,302,77,281,88,90,111,228,303,546,190,169,173,231,584,278,36,147,300,75,125,187,60,191,150,168,395,451,904,168,268,73,323,276,50,149,329,196,71,238,97,247,270,199,334,107,201
207,162,83,47,189,57,197,58,68,91,156,225,358,116,109,104,140,384,187,17,123,205,125,30,138,57,134,81,95,224,313,580,129,199,50,193,188,29,105,200,134,35,155,54,149,198,143,225,79,137
334,298,134,75,313,95,327,108,91,140,281,362,621,187,171,179,257,636,314,42,188,331,187,138,108,87,216,145,184,392,516,933,190,307,65,319,319,41,155,344,226,62,242,101,247,317,212,370,135,207
143,111,46,30,135,30,141,28,49,66,111,145,228,67,51,63,96,225,124,8,69,130,60,57,87,16,73,68,60,138,219,339,60,111,34,130,120,21,62,135,91,28,81,46,94,114,73,154,41,84
353,272,131,71,341,82,344,84,114,136,288,367,607,187,180,193,265,601,315,35,188,343,191,134,216,73,102,169,149,383,527,940,196,327,74,336,356,51,162,362,219,68,249,117,238,312,204,351,129,238
282,172,91,47,230,60,225,64,64,95,211,267,422,149,143,133,185,421,271,21,117,245,150,81,145,68,169,57,109,309,368,658,118,231,44,236,219,39,119,234,142,55,177,98,176,232,144,230,88,169
287,205,91,47,258,60,224,75,81,107,219,287,421,167,143,148,211,457,233,38,149,252,168,95,184,60,149,109,58,313,374,670,134,240,58,277,234,37,132,263,154,53,187,104,190,228,167,269,97,194
557,504,222,91,655,147,607,184,188,253,516,660,1140,414,310,363,442,1158,633,66,318,657,395,224,392,138,383,309,313,386,940,1697,336,556,135,624,555,114,278,680,412,118,494,234,463,597,359,671,211,464
678,695,319,122,787,152,695,241,280,298,638,847,1370,527,414,452,559,1326,781,87,404,792,451,313,516,219,527,368,374,940,561,2039,412,714,166,777,716,150,380,774,494,165,545,280,576,681,497,799,267,522
1167,1238,575,226,1338,278,1302,463,438,600,1141,1497,2319,900,774,906,1022,2406,1431,165,760,1399,904,580,933,339,940,658,670,1697,2039,1861,738,1272,311,1487,1260,255,676,1450,889,278,971,541,1138,1217,918,1419,489,932
242,262,118,51,254,59,234,93,81,108,226,284,459,170,149,175,198,487,277,39,145,280,168,129,190,60,196,118,134,336,412,738,68,230,60,286,244,39,143,259,195,59,214,96,228,249,163,252,88,183
499,405,181,73,465,115,483,131,139,206,417,516,819,330,241,262,326,831,447,59,260,507,268,199,307,111,327,231,240,556,714,1272,230,205,110,493,417,72,222,533,296,83,366,178,410,437,300,480,148,321
94,98,36,20,103,30,118,40,33,42,89,112,173,86,54,49,90,185,134,10,67,127,73,50,65,34,74,44,58,135,166,311,60,110,8,102,100,16,60,115,77,35,67,52,87,104,68,128,37,70
518,452,204,102,518,127,529,161,188,220,481,554,939,333,248,286,360,979,529,60,274,568,323,193,319,130,336,236,277,624,777,1487,286,493,102,283,495,90,269,561,339,109,404,188,420,460,325,585,199,353
458,401,194,70,457,80,446,141,134,192,393,546,801,311,236,261,311,786,515,55,293,506,276,188,319,120,356,219,234,555,716,1260,244,417,100,495,221,76,235,490,324,101,363,143,378,413,300,470,150,310
76,67,32,14,94,13,73,17,31,37,66,104,159,50,39,39,64,146,92,19,48,105,50,29,41,21,51,39,37,114,150,255,39,72,16,90,76,4,38,78,52,16,59,21,52,80,56,93,35,54
246,216,105,44,245,55,259,84,92,95,218,280,418,171,155,152,177,463,239,29,134,233,149,105,155,62,162,119,132,278,380,676,143,222,60,269,235,38,52,247,190,49,177,87,214,223,152,249,97,177
509,452,213,101,547,125,503,143,179,188,416,572,961,344,266,294,387,897,559,74,277,520,329,200,344,135,362,234,263,680,774,1450,259,533,115,561,490,78,247,286,335,109,384,183,415,500,368,551,178,332
346,282,117,51,340,76,324,110,115,130,274,345,579,217,182,185,262,590,349,46,160,344,196,134,226,91,219,142,154,412,494,889,195,296,77,339,324,52,190,335,107,69,244,107,291,308,231,333,116,238
102,93,51,12,110,17,87,31,33,30,73,125,187,63,65,69,82,192,96,8,58,114,71,35,62,28,68,55,53,118,165,278,59,83,35,109,101,16,49,109,69,9,70,31,80,107,56,110,34,69
368,331,166,53,401,74,332,115,133,168,335,441,663,240,204,217,268,651,349,51,220,392,238,155,242,81,249,177,187,494,545,971,214,366,67,404,363,59,177,384,244,70,148,154,290,354,233,377,127,264
164,165,79,33,205,45,160,49,74,90,177,184,334,119,104,101,150,328,184,16,105,177,97,54,101,46,117,98,104,234,280,541,96,178,52,188,143,21,87,183,107,31,154,44,120,172,120,209,59,111
439,349,139,90,408,100,394,114,129,182,351,436,694,250,224,223,317,710,376,47,231,377,247,149,247,94,238,176,190,463,576,1138,228,410,87,420,378,52,214,415,291,80,290,120,144,362,226,422,136,258
383,410,195,67,489,81,451,148,145,181,389,454,791,306,251,260,326,767,459,58,265,464,270,198,317,114,312,232,228,597,681,1217,249,437,104,460,413,80,223,500,308,107,354,172,362,171,266,477,172,332
314,245,120,65,313,73,306,90,90,145,278,362,567,197,163,170,248,584,291,41,171,294,199,143,212,73,204,144,167,359,497,918,163,300,68,325,300,56,152,368,231,56,233,120,226,266,92,365,125,213
472,457,198,76,528,107,467,169,176,221,438,582,871,334,304,344,368,923,489,58,297,526,334,225,370,154,351,230,269,671,799,1419,252,480,128,585,470,93,249,551,333,110,377,209,422,477,365,259,204,351
175,158,79,33,179,38,179,68,62,90,180,206,298,123,96,116,139,309,200,26,112,188,107,79,135,41,129,88,97,211,267,489,88,148,37,199,150,35,97,178,116,34,127,59,136,172,125,204,31,139
375,280,161,70,323,79,323,115,114,139,274,370,595,226,191,197,261,603,329,35,169,354,201,137,207,84,238,169,194,464,522,932,183,321,70,353,310,54,177,332,238,69,264,111,258,332,213,351,139,109
