245,516,222,103,534,123,474,182,165,234,464,480,807,406,325,345,340,872,501,71,340,519,358,219,386,131,379,293,284,641,678,1198,270,492,124,520,492,87,232,485,290,103,383,176,465,443,356,524,182,350
516,177,154,81,435,97,418,120,144,200,396,503,789,281,241,248,309,778,425,43,265,429,284,189,287,115,268,194,205,547,630,1195,242,430,87,491,396,64,216,458,303,85,324,157,328,423,264,479,162,299
222,154,40,27,199,36,189,49,63,76,155,234,359,134,114,106,154,407,205,22,127,187,106,87,122,47,123,101,105,259,293,583,99,185,38,211,194,33,99,219,132,37,144,79,151,190,130,219,82,145
103,81,27,6,76,19,83,33,35,44,66,87,142,60,47,58,61,144,101,10,55,90,52,36,56,32,66,29,54,96,119,208,44,72,19,101,80,16,44,78,66,20,70,26,70,70,57,94,38,57
534,435,199,76,259,123,521,144,182,188,398,577,922,351,274,272,407,943,530,58,275,515,310,210,332,113,320,232,237,604,732,1467,302,505,112,553,464,72,254,502,318,98,387,201,423,482,327,522,186,357
123,97,36,19,123,13,99,32,52,46,89,116,197,72,67,70,90,191,112,10,69,113,72,47,78,33,78,54,73,143,159,302,61,100,29,138,111,19,60,99,76,23,75,44,86,98,77,111,41,75
474,418,189,83,521,99,227,181,170,212,393,526,865,332,247,268,328,897,490,55,274,492,305,195,310,110,301,206,264,620,770,1326,229,459,115,537,467,81,240,517,309,98,346,204,385,462,323,506,176,330
182,120,49,33,144,32,181,30,57,56,122,172,267,101,82,86,106,311,139,27,90,159,98,61,106,46,114,77,81,208,255,449,107,140,35,158,153,27,67,153,83,24,129,54,124,149,88,155,63,96
165,144,63,35,182,52,170,57,31,82,138,197,302,110,95,98,118,310,170,25,86,175,102,73,115,39,104,74,92,209,249,439,87,179,45,171,174,22,81,174,92,38,121,63,143,146,117,179,78,110
234,200,76,44,188,46,212,56,82,43,175,230,328,131,129,121,147,353,227,24,132,198,112,89,162,62,133,103,91,248,302,539,100,200,41,218,206,38,109,226,134,44,166,60,189,209,145,235,70,144
464,396,155,66,398,89,393,122,138,175,187,503,740,284,282,271,324,744,435,55,238,431,256,162,301,112,291,200,213,540,642,1152,223,418,95,447,390,65,221,471,292,85,327,156,326,432,297,444,152,317
480,503,234,87,577,116,526,172,197,230,503,305,1041,344,295,333,407,1041,554,60,283,571,338,206,380,144,364,238,269,731,884,1606,319,547,137,580,566,83,290,612,380,115,422,199,454,531,389,568,206,390
807,789,359,142,922,197,865,267,302,328,740,1041,810,588,445,479,666,1422,915,113,511,950,525,354,596,232,646,413,463,1147,1352,2369,453,862,208,952,830,180,423,959,618,187,692,325,706,832,571,934,335,579
406,281,134,60,351,72,332,101,110,131,284,344,588,108,196,199,256,614,342,49,169,318,201,137,237,86,226,145,152,411,511,915,199,330,77,371,325,53,179,334,209,71,235,110,271,300,214,345,118,222
325,241,114,47,274,67,247,82,95,129,282,295,445,196,78,124,203,461,273,38,136,292,160,120,192,81,201,133,135,333,409,709,131,263,80,263,263,49,117,274,174,41,196,89,205,238,179,309,111,166
345,248,106,58,272,70,268,86,98,121,271,333,479,199,124,76,199,503,260,28,149,301,160,126,196,78,206,113,145,354,436,790,146,275,74,277,295,53,139,274,199,43,202,114,236,247,175,328,130,196
340,309,154,61,407,90,328,106,118,147,324,407,666,256,203,199,142,675,359,46,212,361,221,134,257,75,237,179,167,479,522,975,203,351,82,363,318,62,163,402,236,67,285,144,294,344,227,354,125,233
872,778,407,144,943,191,897,311,310,353,744,1041,1422,614,461,503,675,790,908,117,510,967,540,354,619,212,603,419,462,1111,1329,2347,460,860,203,992,841,161,478,976,592,175,724,343,727,802,600,956,324,588
501,425,205,101,530,112,490,139,170,227,435,554,915,342,273,260,359,908,260,58,281,462,304,190,323,140,346,242,261,606,778,1399,292,511,128,535,457,84,249,521,355,81,422,172,415,495,319,521,194,322
71,43,22,10,58,10,55,27,25,24,55,60,113,49,38,28,46,117,58,2,33,69,35,32,43,14,42,30,32,72,84,202,41,54,12,58,57,14,30,70,31,12,51,25,51,55,47,63,26,37
340,265,127,55,275,69,274,90,86,132,238,283,511,169,136,149,212,510,281,33,80,284,137,106,178,65,159,124,138,366,439,844,152,264,63,280,246,51,156,296,204,62,208,107,219,268,170,290,108,192
519,429,187,90,515,113,492,159,175,198,431,571,950,318,292,301,361,967,462,69,284,241,303,198,338,128,359,227,251,643,785,1420,271,502,121,541,485,95,251,523,336,91,364,169,401,485,312,540,187,364
358,284,106,52,310,72,305,98,102,112,256,338,525,201,160,160,221,540,304,35,137,303,84,114,182,84,201,145,132,379,457,858,170,305,68,314,318,54,153,322,198,60,225,113,218,267,183,308,109,190
219,189,87,36,210,47,195,61,73,89,162,206,354,137,120,126,134,354,190,32,106,198,114,38,130,46,126,97,105,265,296,551,112,198,48,218,210,31,92,227,141,35,150,79,154,217,113,210,84,143
386,287,122,56,332,78,310,106,115,162,301,380,596,237,192,196,257,619,323,43,178,338,182,130,116,84,194,138,172,397,506,938,175,314,83,339,317,50,152,341,235,53,266,127,228,356,209,339,123,216
131,115,47,32,113,33,110,46,39,62,112,144,232,86,81,78,75,212,140,14,65,128,84,46,84,13,76,60,63,145,195,358,74,135,23,102,115,20,56,147,80,26,95,58,110,123,84,129,46,90
379,268,123,66,320,78,301,114,104,133,291,364,646,226,201,206,237,603,346,42,159,359,201,126,194,76,115,167,180,433,520,980,172,352,73,355,316,52,165,330,192,72,263,151,274,328,209,358,141,250
293,194,101,29,232,54,206,77,74,103,200,238,413,145,133,113,179,419,242,30,124,227,145,97,138,60,167,52,130,264,370,635,136,201,41,232,228,47,139,232,159,75,207,90,177,222,130,235,80,167
284,205,105,54,237,73,264,81,92,91,213,269,463,152,135,145,167,462,261,32,138,251,132,105,172,63,180,130,78,327,397,694,134,248,51,249,281,43,119,266,158,57,200,95,228,233,150,301,97,158
641,547,259,96,604,143,620,208,209,248,540,731,1147,411,333,354,479,1111,606,72,366,643,379,265,397,145,433,264,327,388,931,1809,350,532,153,650,568,124,340,680,424,121,508,240,500,573,410,668,246,440
678,630,293,119,732,159,770,255,249,302,642,884,1352,511,409,436,522,1329,778,84,439,785,457,296,506,195,520,370,397,931,562,2116,413,696,180,751,735,155,341,801,488,168,580,289,667,699,511,770,322,477
1198,1195,583,208,1467,302,1326,449,439,539,1152,1606,2369,915,709,790,975,2347,1399,202,844,1420,858,551,938,358,980,635,694,1809,2116,1937,735,1322,303,1534,1328,245,701,1490,890,286,1050,501,1134,1294,868,1481,501,905
270,242,99,44,302,61,229,107,87,100,223,319,453,199,131,146,203,460,292,41,152,271,170,112,175,74,172,136,134,350,413,735,76,278,56,281,279,38,130,286,176,53,218,96,207,247,172,256,97,202
492,430,185,72,505,100,459,140,179,200,418,547,862,330,263,275,351,860,511,54,264,502,305,198,314,135,352,201,248,532,696,1322,278,239,119,456,451,92,241,539,330,92,347,198,374,486,319,489,208,335
124,87,38,19,112,29,115,35,45,41,95,137,208,77,80,74,82,203,128,12,63,121,68,48,83,23,73,41,51,153,180,303,56,119,11,126,135,19,65,130,80,21,90,49,98,91,79,121,38,78
520,491,211,101,553,138,537,158,171,218,447,580,952,371,263,277,363,992,535,58,280,541,314,218,339,102,355,232,249,650,751,1534,281,456,126,256,476,96,256,609,324,107,398,194,424,479,306,563,174,324
492,396,194,80,464,111,467,153,174,206,390,566,830,325,263,295,318,841,457,57,246,485,318,210,317,115,316,228,281,568,735,1328,279,451,135,476,243,81,215,485,300,111,329,164,387,441,286,496,181,320
87,64,33,16,72,19,81,27,22,38,65,83,180,53,49,53,62,161,84,14,51,95,54,31,50,20,52,47,43,124,155,245,38,92,19,96,81,8,48,101,56,11,59,29,77,73,64,83,34,67
232,216,99,44,254,60,240,67,81,109,221,290,423,179,117,139,163,478,249,30,156,251,153,92,152,56,165,139,119,340,341,701,130,241,65,256,215,48,53,227,140,50,194,90,177,241,148,253,95,174
485,458,219,78,502,99,517,153,174,226,471,612,959,334,274,274,402,976,521,70,296,523,322,227,341,147,330,232,266,680,801,1490,286,539,130,609,485,101,227,295,363,103,413,195,417,540,304,562,200,333
290,303,132,66,318,76,309,83,92,134,292,380,618,209,174,199,236,592,355,31,204,336,198,141,235,80,192,159,158,424,488,890,176,330,80,324,300,56,140,363,106,63,240,133,269,357,197,351,127,195
103,85,37,20,98,23,98,24,38,44,85,115,187,71,41,43,67,175,81,12,62,91,60,35,53,26,72,75,57,121,168,286,53,92,21,107,111,11,50,103,63,9,86,41,83,92,65,126,38,81
383,324,144,70,387,75,346,129,121,166,327,422,692,235,196,202,285,724,422,51,208,364,225,150,266,95,263,207,200,508,580,1050,218,347,90,398,329,59,194,413,240,86,136,135,304,374,229,383,155,265
176,157,79,26,201,44,204,54,63,60,156,199,325,110,89,114,144,343,172,25,107,169,113,79,127,58,151,90,95,240,289,501,96,198,49,194,164,29,90,195,133,41,135,37,142,184,113,199,73,121
465,328,151,70,423,86,385,124,143,189,326,454,706,271,205,236,294,727,415,51,219,401,218,154,228,110,274,177,228,500,667,1134,207,374,98,424,387,77,177,417,269,83,304,142,154,371,257,396,154,264
443,423,190,70,482,98,462,149,146,209,432,531,832,300,238,247,344,802,495,55,268,485,267,217,356,123,328,222,233,573,699,1294,247,486,91,479,441,73,241,540,357,92,374,184,371,200,294,458,178,315
356,264,130,57,327,77,323,88,117,145,297,389,571,214,179,175,227,600,319,47,170,312,183,113,209,84,209,130,150,410,511,868,172,319,79,306,286,64,148,304,197,65,229,113,257,294,101,354,130,215
524,479,219,94,522,111,506,155,179,235,444,568,934,345,309,328,354,956,521,63,290,540,308,210,339,129,358,235,301,668,770,1481,256,489,121,563,496,83,253,562,351,126,383,199,396,458,354,273,189,347
182,162,82,38,186,41,176,63,78,70,152,206,335,118,111,130,125,324,194,26,108,187,109,84,123,46,141,80,97,246,322,501,97,208,38,174,181,34,95,200,127,38,155,73,154,178,130,189,32,120
350,299,145,57,357,75,330,96,110,144,317,390,579,222,166,196,233,588,322,37,192,364,190,143,216,90,250,167,158,440,477,905,202,335,78,324,320,67,174,333,195,81,265,121,264,315,215,347,120,118
