280,457,225,98,516,119,502,200,180,246,468,561,867,406,315,314,352,802,493,71,295,541,352,239,381,146,377,295,317,635,721,1249,230,473,122,534,477,107,274,500,308,111,379,183,451,432,350,513,171,378
457,186,138,65,455,100,437,102,121,179,392,503,814,305,204,236,322,841,455,54,242,455,248,176,310,105,274,207,205,552,646,1256,250,367,94,438,404,68,213,472,302,89,360,155,353,406,290,500,151,290
225,138,32,27,214,35,164,51,70,95,182,211,358,128,95,107,129,357,215,24,120,222,128,72,110,43,136,101,96,224,326,557,116,176,41,185,181,36,101,230,135,43,150,72,154,182,137,214,70,151
98,65,27,11,94,24,78,18,26,32,70,102,137,63,41,52,54,142,87,6,43,83,59,38,60,25,63,37,47,111,121,188,28,85,21,98,88,12,39,75,45,15,83,31,73,74,53,89,28,60
516,455,214,94,263,116,516,151,170,213,429,563,947,352,270,307,381,924,541,56,281,520,287,220,362,115,333,244,255,623,741,1469,263,442,133,545,457,98,280,515,316,112,393,190,405,523,319,535,179,339
119,100,35,24,116,16,102,29,33,37,102,146,179,83,54,68,71,187,108,9,63,114,79,49,83,27,82,56,63,133,159,281,48,97,24,118,114,16,49,125,60,17,74,48,90,92,74,114,43,77
502,437,164,78,516,102,248,145,150,197,423,583,854,321,265,286,332,876,520,50,271,508,280,199,334,127,350,227,236,605,751,1310,238,427,118,535,462,72,248,522,327,86,363,170,396,444,324,523,175,340
200,102,51,18,151,29,145,24,49,61,144,159,277,113,96,101,119,256,157,18,82,180,90,52,93,34,94,64,74,167,237,426,81,150,38,152,158,23,81,160,103,31,131,51,136,145,94,160,63,115
180,121,70,26,170,33,150,49,30,67,143,183,320,104,80,96,125,311,174,22,87,170,90,67,132,43,125,82,89,216,234,497,90,119,34,164,147,33,85,160,114,29,111,47,142,139,112,167,54,105
246,179,95,32,213,37,197,61,67,44,160,227,374,133,140,143,150,358,221,27,126,239,131,93,144,48,137,106,103,264,315,527,117,184,43,209,206,32,110,216,121,42,159,66,191,184,145,218,92,159
468,392,182,70,429,102,423,144,143,160,175,521,794,278,235,253,330,761,461,43,259,462,276,168,284,95,292,211,206,561,663,1163,229,416,90,471,417,70,226,454,256,119,328,141,366,389,280,466,171,305
561,503,211,102,563,146,583,159,183,227,521,339,1031,327,280,325,451,1062,564,75,288,551,354,213,354,122,348,257,298,732,869,1655,308,527,128,641,501,106,288,603,381,115,410,217,422,495,364,574,220,383
867,814,358,137,947,179,854,277,320,374,794,1031,833,552,469,558,692,1518,907,119,516,880,527,372,599,246,629,403,457,1229,1329,2546,525,807,219,976,843,173,492,976,624,191,691,357,738,870,575,950,372,604
406,305,128,63,352,83,321,113,104,133,278,327,552,94,199,191,248,569,332,37,162,341,207,133,218,80,226,166,153,380,472,870,172,316,79,337,317,55,174,352,219,62,246,110,256,314,220,360,134,235
315,204,95,41,270,54,265,96,80,140,235,280,469,199,83,159,187,473,259,28,171,276,165,116,181,68,178,124,139,316,355,732,155,243,56,284,262,34,145,290,183,53,187,116,230,222,176,302,90,194
314,236,107,52,307,68,286,101,96,143,253,325,558,191,159,86,198,526,302,28,180,302,190,109,206,61,205,137,159,373,414,831,190,273,62,283,280,36,159,302,188,62,197,115,241,282,198,331,115,193
352,322,129,54,381,71,332,119,125,150,330,451,692,248,187,198,134,667,357,43,191,356,210,139,242,94,243,159,192,485,541,1015,185,312,91,376,309,59,207,403,219,81,285,115,273,357,238,420,134,246
802,841,357,142,924,187,876,256,311,358,761,1062,1518,569,473,526,667,861,929,118,569,905,509,364,622,228,638,417,489,1174,1378,2571,530,850,208,938,855,174,447,984,616,185,680,346,746,864,539,960,334,609
493,455,215,87,541,108,520,157,174,221,461,564,907,332,259,302,357,929,251,62,278,507,269,174,338,127,344,243,251,673,799,1452,279,461,120,561,490,98,254,551,364,113,388,189,416,462,312,554,183,371
71,54,24,6,56,9,50,18,22,27,43,75,119,37,28,28,43,118,62,5,36,63,32,17,46,6,38,26,31,74,91,183,41,54,14,46,52,11,34,66,41,9,46,20,45,73,45,64,35,41
295,242,120,43,281,63,271,82,87,126,259,288,516,162,171,180,191,569,278,36,69,256,158,94,208,67,178,130,134,360,399,794,186,211,62,233,258,38,126,285,186,60,227,86,241,254,180,264,106,191
541,455,222,83,520,114,508,180,170,239,462,551,880,341,276,302,356,905,507,63,256,271,297,205,361,152,371,249,256,661,768,1426,261,493,133,548,474,92,280,555,364,114,381,186,438,468,346,538,182,366
352,248,128,59,287,79,280,90,90,131,276,354,527,207,165,190,210,509,269,32,158,297,81,119,190,78,198,153,142,321,433,786,151,278,77,280,293,55,150,307,213,69,235,105,251,258,190,309,113,210
239,176,72,38,220,49,199,52,67,93,168,213,372,133,116,109,139,364,174,17,94,205,119,41,141,53,143,99,91,274,324,562,107,189,40,227,191,32,102,203,141,35,139,79,163,188,124,239,88,119
381,310,110,60,362,83,334,93,132,144,284,354,599,218,181,206,242,622,338,46,208,361,190,141,106,94,202,151,166,403,515,972,183,338,78,350,299,62,160,364,223,70,234,128,248,294,185,353,148,195
146,105,43,25,115,27,127,34,43,48,95,122,246,80,68,61,94,228,127,6,67,152,78,53,94,17,79,65,62,160,186,395,76,123,19,134,125,21,65,119,84,26,105,44,108,120,82,143,50,78
377,274,136,63,333,82,350,94,125,137,292,348,629,226,178,205,243,638,344,38,178,371,198,143,202,79,100,167,170,458,555,1036,235,325,63,352,322,50,177,352,226,58,251,121,262,308,213,378,124,204
295,207,101,37,244,56,227,64,82,106,211,257,403,166,124,137,159,417,243,26,130,249,153,99,151,65,167,55,105,283,359,692,120,206,47,232,236,35,106,232,140,42,179,89,177,230,156,223,103,170
317,205,96,47,255,63,236,74,89,103,206,298,457,153,139,159,192,489,251,31,134,256,142,91,166,62,170,105,54,277,362,732,123,234,59,286,215,40,149,249,162,61,193,98,173,227,156,260,112,154
635,552,224,111,623,133,605,167,216,264,561,732,1229,380,316,373,485,1174,673,74,360,661,321,274,403,160,458,283,277,406,959,1812,341,556,136,650,609,102,338,706,456,114,479,231,463,571,381,664,258,404
721,646,326,121,741,159,751,237,234,315,663,869,1329,472,355,414,541,1378,799,91,399,768,433,324,515,186,555,359,362,959,597,2114,409,666,173,846,721,124,394,827,506,158,587,282,628,685,474,810,274,559
1249,1256,557,188,1469,281,1310,426,497,527,1163,1655,2546,870,732,831,1015,2571,1452,183,794,1426,786,562,972,395,1036,692,732,1812,2114,2029,807,1248,332,1560,1262,245,697,1562,968,295,1111,570,1151,1320,961,1400,525,981
230,250,116,28,263,48,238,81,90,117,229,308,525,172,155,190,185,530,279,41,186,261,151,107,183,76,235,120,123,341,409,807,89,234,66,257,232,54,142,289,171,59,209,113,212,249,178,281,109,179
473,367,176,85,442,97,427,150,119,184,416,527,807,316,243,273,312,850,461,54,211,493,278,189,338,123,325,206,234,556,666,1248,234,189,104,469,439,78,231,541,334,88,360,170,385,469,308,509,158,356
122,94,41,21,133,24,118,38,34,43,90,128,219,79,56,62,91,208,120,14,62,133,77,40,78,19,63,47,59,136,173,332,66,104,8,121,102,22,65,128,85,23,68,35,96,106,81,103,46,85
534,438,185,98,545,118,535,152,164,209,471,641,976,337,284,283,376,938,561,46,233,548,280,227,350,134,352,232,286,650,846,1560,257,469,121,279,485,99,279,612,347,90,443,203,438,514,297,566,182,344
477,404,181,88,457,114,462,158,147,206,417,501,843,317,262,280,309,855,490,52,258,474,293,191,299,125,322,236,215,609,721,1262,232,439,102,485,216,76,236,476,297,109,350,189,369,431,283,461,162,341
107,68,36,12,98,16,72,23,33,32,70,106,173,55,34,36,59,174,98,11,38,92,55,32,62,21,50,35,40,102,124,245,54,78,22,99,76,10,46,103,67,16,78,27,77,72,67,89,39,57
274,213,101,39,280,49,248,81,85,110,226,288,492,174,145,159,207,447,254,34,126,280,150,102,160,65,177,106,149,338,394,697,142,231,65,279,236,46,70,274,154,59,200,88,225,207,159,259,97,191
500,472,230,75,515,125,522,160,160,216,454,603,976,352,290,302,403,984,551,66,285,555,307,203,364,119,352,232,249,706,827,1562,289,541,128,612,476,103,274,298,353,113,428,221,426,512,330,591,218,352
308,302,135,45,316,60,327,103,114,121,256,381,624,219,183,188,219,616,364,41,186,364,213,141,223,84,226,140,162,456,506,968,171,334,85,347,297,67,154,353,120,77,280,113,262,313,214,348,124,230
111,89,43,15,112,17,86,31,29,42,119,115,191,62,53,62,81,185,113,9,60,114,69,35,70,26,58,42,61,114,158,295,59,88,23,90,109,16,59,113,77,6,86,39,81,78,47,117,33,57
379,360,150,83,393,74,363,131,111,159,328,410,691,246,187,197,285,680,388,46,227,381,235,139,234,105,251,179,193,479,587,1111,209,360,68,443,350,78,200,428,280,86,158,137,305,373,244,387,141,258
183,155,72,31,190,48,170,51,47,66,141,217,357,110,116,115,115,346,189,20,86,186,105,79,128,44,121,89,98,231,282,570,113,170,35,203,189,27,88,221,113,39,137,34,175,169,122,192,67,136
451,353,154,73,405,90,396,136,142,191,366,422,738,256,230,241,273,746,416,45,241,438,251,163,248,108,262,177,173,463,628,1151,212,385,96,438,369,77,225,426,262,81,305,175,157,387,268,419,169,279
432,406,182,74,523,92,444,145,139,184,389,495,870,314,222,282,357,864,462,73,254,468,258,188,294,120,308,230,227,571,685,1320,249,469,106,514,431,72,207,512,313,78,373,169,387,211,311,504,181,317
350,290,137,53,319,74,324,94,112,145,280,364,575,220,176,198,238,539,312,45,180,346,190,124,185,82,213,156,156,381,474,961,178,308,81,297,283,67,159,330,214,47,244,122,268,311,110,366,137,220
513,500,214,89,535,114,523,160,167,218,466,574,950,360,302,331,420,960,554,64,264,538,309,239,353,143,378,223,260,664,810,1400,281,509,103,566,461,89,259,591,348,117,387,192,419,504,366,282,184,359
171,151,70,28,179,43,175,63,54,92,171,220,372,134,90,115,134,334,183,35,106,182,113,88,148,50,124,103,112,258,274,525,109,158,46,182,162,39,97,218,124,33,141,67,169,181,137,184,33,150
378,290,151,60,339,77,340,115,105,159,305,383,604,235,194,193,246,609,371,41,191,366,210,119,195,78,204,170,154,404,559,981,179,356,85,344,341,57,191,352,230,57,258,136,279,317,220,359,150,119
