262,436,237,101,506,120,465,183,177,250,465,495,844,373,294,321,376,803,508,61,290,548,369,227,374,147,383,311,318,611,668,1175,232,506,105,508,490,87,270,466,303,113,360,169,482,428,314,458,164,383
436,163,130,78,433,89,410,134,157,193,370,488,711,267,236,256,288,708,414,42,235,417,240,168,273,130,333,197,222,538,660,1153,218,384,94,447,390,77,199,469,252,101,334,165,338,413,272,494,142,283
237,130,43,43,230,43,188,56,55,78,160,201,359,141,103,117,159,370,171,20,100,182,124,71,121,62,147,93,110,240,295,567,111,195,55,222,186,38,81,204,135,35,171,66,154,178,115,206,77,152
101,78,43,4,91,17,74,27,26,32,71,89,133,57,51,46,62,130,80,14,37,93,55,35,48,24,64,32,51,117,121,210,48,80,24,88,69,11,47,76,36,16,65,29,61,76,52,92,19,51
506,433,230,91,253,112,486,150,161,214,417,559,1001,314,274,299,397,960,469,66,298,504,303,193,363,122,346,222,239,638,765,1414,241,501,118,573,499,79,250,521,348,107,378,192,418,460,323,470,177,341
120,89,43,17,112,15,111,30,32,50,98,122,186,69,68,80,81,191,101,21,60,116,72,38,77,30,92,54,67,153,163,295,52,96,24,114,111,16,54,105,65,22,91,36,95,95,71,133,25,76
465,410,188,74,486,111,224,161,155,190,431,556,848,325,267,266,345,841,484,61,223,473,286,183,336,118,367,223,277,647,735,1290,267,461,114,536,458,69,255,503,305,107,353,163,389,458,302,525,178,326
183,134,56,27,150,30,161,22,46,63,123,186,299,95,81,87,102,289,150,19,82,148,79,59,89,37,88,67,82,209,207,429,87,141,37,174,139,32,70,167,103,28,128,51,111,155,100,182,56,97
177,157,55,26,161,32,155,46,15,62,115,174,332,111,85,106,119,290,176,16,83,169,103,74,106,37,101,66,96,202,247,472,94,177,31,180,158,25,70,188,125,35,136,70,144,166,106,156,59,99
250,193,78,32,214,50,190,63,62,42,159,214,367,134,84,103,161,365,241,22,110,221,115,94,141,67,126,91,118,270,319,625,120,182,44,210,215,32,106,221,130,53,150,71,182,184,126,194,79,146
465,370,160,71,417,98,431,123,115,159,194,443,788,269,213,228,292,744,446,54,258,427,268,151,305,133,310,198,207,526,639,1201,252,377,100,447,412,61,219,419,285,110,307,160,370,399,278,416,156,312
495,488,201,89,559,122,556,186,174,214,443,328,1029,346,265,311,393,1035,590,59,321,585,341,224,371,144,375,257,295,708,877,1567,323,528,130,554,505,96,296,573,371,121,412,215,456,523,339,599,202,355
844,711,359,133,1001,186,848,299,332,367,788,1029,745,620,465,517,665,1399,945,97,507,916,506,344,542,211,586,430,445,1112,1361,2420,477,860,225,1005,817,175,492,956,616,209,646,334,716,787,533,896,302,648
373,267,141,57,314,69,325,95,111,134,269,346,620,116,176,186,254,572,324,32,185,334,176,152,239,79,237,151,160,423,544,874,190,297,71,346,315,55,155,354,194,58,216,110,246,300,203,368,112,239
294,236,103,51,274,68,267,81,85,84,213,265,465,176,67,144,198,466,270,34,161,291,155,133,180,71,179,118,156,318,404,777,125,229,51,273,272,48,137,287,156,72,212,99,221,239,165,274,85,181
321,256,117,46,299,80,266,87,106,103,228,311,517,186,144,83,208,522,308,50,175,318,163,141,188,69,177,137,149,322,419,805,154,283,63,305,282,47,148,308,170,77,240,130,232,275,180,283,122,181
376,288,159,62,397,81,345,102,119,161,292,393,665,254,198,208,124,647,355,41,204,377,209,148,241,85,218,169,191,474,581,987,190,396,92,354,341,64,174,384,221,64,251,140,295,330,251,384,121,227
803,708,370,130,960,191,841,289,290,365,744,1035,1399,572,466,522,647,787,865,94,515,902,524,331,539,222,581,432,472,1063,1393,2458,461,840,188,940,823,150,489,965,590,206,693,340,696,787,539,905,308,616
508,414,171,80,469,101,484,150,176,241,446,590,945,324,270,308,355,865,253,65,273,519,325,198,325,118,338,237,251,648,763,1419,284,470,113,526,472,89,250,543,340,95,430,207,425,473,332,577,172,347
61,42,20,14,66,21,61,19,16,22,54,59,97,32,34,50,41,94,65,2,34,68,37,21,39,15,36,30,36,81,98,174,37,65,18,58,65,8,39,69,44,9,43,18,43,64,35,71,24,39
290,235,100,37,298,60,223,82,83,110,258,321,507,185,161,175,204,515,273,34,63,295,150,120,191,71,175,116,131,349,409,816,148,285,60,268,275,46,126,284,170,45,254,104,240,265,173,301,108,171
548,417,182,93,504,116,473,148,169,221,427,585,916,334,291,318,377,902,519,68,295,255,322,201,347,113,337,253,260,625,771,1441,285,496,134,558,468,73,251,518,317,97,395,188,423,491,355,562,207,386
369,240,124,55,303,72,286,79,103,115,268,341,506,176,155,163,209,524,325,37,150,322,86,124,182,77,196,136,144,402,468,811,155,290,59,299,297,48,163,327,197,54,205,115,243,281,182,338,97,209
227,168,71,35,193,38,183,59,74,94,151,224,344,152,133,141,148,331,198,21,120,201,124,39,134,54,133,96,97,255,299,519,111,180,50,213,191,26,102,214,133,45,135,76,143,186,132,224,74,152
374,273,121,48,363,77,336,89,106,141,305,371,542,239,180,188,241,539,325,39,191,347,182,134,123,80,215,126,180,408,526,917,179,339,83,336,294,44,193,380,219,58,254,124,290,326,220,362,134,244
147,130,62,24,122,30,118,37,37,67,133,144,211,79,71,69,85,222,118,15,71,113,77,54,80,16,78,52,69,139,179,359,77,117,28,139,140,21,63,149,95,29,100,46,119,113,88,134,43,80
383,333,147,64,346,92,367,88,101,126,310,375,586,237,179,177,218,581,338,36,175,337,196,133,215,78,112,135,191,386,544,967,190,327,73,341,355,56,166,389,241,70,250,114,286,312,212,380,140,246
311,197,93,32,222,54,223,67,66,91,198,257,430,151,118,137,169,432,237,30,116,253,136,96,126,52,135,61,125,287,354,663,127,214,56,240,224,53,116,231,155,44,189,81,175,230,134,230,79,150
318,222,110,51,239,67,277,82,96,118,207,295,445,160,156,149,191,472,251,36,131,260,144,97,180,69,191,125,54,291,396,723,146,264,71,288,278,41,123,265,154,52,218,101,218,243,154,291,100,195
611,538,240,117,638,153,647,209,202,270,526,708,1112,423,318,322,474,1063,648,81,349,625,402,255,408,139,386,287,291,359,962,1756,305,619,169,672,619,104,358,682,405,143,484,234,486,577,406,660,250,425
668,660,295,121,765,163,735,207,247,319,639,877,1361,544,404,419,581,1393,763,98,409,771,468,299,526,179,544,354,396,962,580,2058,400,730,205,825,695,111,390,800,511,146,562,293,659,717,499,772,292,515
1175,1153,567,210,1414,295,1290,429,472,625,1201,1567,2420,874,777,805,987,2458,1419,174,816,1441,811,519,917,359,967,663,723,1756,2058,1867,670,1242,323,1528,1273,236,674,1472,916,302,1006,528,1097,1278,889,1375,501,951
232,218,111,48,241,52,267,87,94,120,252,323,477,190,125,154,190,461,284,37,148,285,155,111,179,77,190,127,146,305,400,670,70,251,63,296,254,48,145,259,166,64,180,107,219,255,167,273,101,171
506,384,195,80,501,96,461,141,177,182,377,528,860,297,229,283,396,840,470,65,285,496,290,180,339,117,327,214,264,619,730,1242,251,234,115,482,426,88,230,502,301,79,354,183,372,421,281,535,148,333
105,94,55,24,118,24,114,37,31,44,100,130,225,71,51,63,92,188,113,18,60,134,59,50,83,28,73,56,71,169,205,323,63,115,14,120,115,15,63,121,67,20,91,34,105,102,65,148,38,79
508,447,222,88,573,114,536,174,180,210,447,554,1005,346,273,305,354,940,526,58,268,558,299,213,336,139,341,240,288,672,825,1528,296,482,120,289,486,89,279,587,324,127,389,225,426,502,366,564,200,316
490,390,186,69,499,111,458,139,158,215,412,505,817,315,272,282,341,823,472,65,275,468,297,191,294,140,355,224,278,619,695,1273,254,426,115,486,208,76,242,494,281,102,360,182,361,440,291,488,176,324
87,77,38,11,79,16,69,32,25,32,61,96,175,55,48,47,64,150,89,8,46,73,48,26,44,21,56,53,41,104,111,236,48,88,15,89,76,5,38,84,65,15,64,22,55,88,37,85,39,53
270,199,81,47,250,54,255,70,70,106,219,296,492,155,137,148,174,489,250,39,126,251,163,102,193,63,166,116,123,358,390,674,145,230,63,279,242,38,61,276,184,54,217,95,216,250,174,278,89,183
466,469,204,76,521,105,503,167,188,221,419,573,956,354,287,308,384,965,543,69,284,518,327,214,380,149,389,231,265,682,800,1472,259,502,121,587,494,84,276,283,342,114,417,214,447,478,333,548,186,374
303,252,135,36,348,65,305,103,125,130,285,371,616,194,156,170,221,590,340,44,170,317,197,133,219,95,241,155,154,405,511,916,166,301,67,324,281,65,184,342,107,70,264,122,257,305,178,320,119,208
113,101,35,16,107,22,107,28,35,53,110,121,209,58,72,77,64,206,95,9,45,97,54,45,58,29,70,44,52,143,146,302,64,79,20,127,102,15,54,114,70,6,63,44,80,100,60,126,46,77
360,334,171,65,378,91,353,128,136,150,307,412,646,216,212,240,251,693,430,43,254,395,205,135,254,100,250,189,218,484,562,1006,180,354,91,389,360,64,217,417,264,63,165,163,296,363,257,398,136,227
169,165,66,29,192,36,163,51,70,71,160,215,334,110,99,130,140,340,207,18,104,188,115,76,124,46,114,81,101,234,293,528,107,183,34,225,182,22,95,214,122,44,163,29,162,180,110,213,67,121
482,338,154,61,418,95,389,111,144,182,370,456,716,246,221,232,295,696,425,43,240,423,243,143,290,119,286,175,218,486,659,1097,219,372,105,426,361,55,216,447,257,80,296,162,181,401,256,441,147,315
428,413,178,76,460,95,458,155,166,184,399,523,787,300,239,275,330,787,473,64,265,491,281,186,326,113,312,230,243,577,717,1278,255,421,102,502,440,88,250,478,305,100,363,180,401,212,289,442,200,283
314,272,115,52,323,71,302,100,106,126,278,339,533,203,165,180,251,539,332,35,173,355,182,132,220,88,212,134,154,406,499,889,167,281,65,366,291,37,174,333,178,60,257,110,256,289,103,343,99,216
458,494,206,92,470,133,525,182,156,194,416,599,896,368,274,283,384,905,577,71,301,562,338,224,362,134,380,230,291,660,772,1375,273,535,148,564,488,85,278,548,320,126,398,213,441,442,343,262,210,373
164,142,77,19,177,25,178,56,59,79,156,202,302,112,85,122,121,308,172,24,108,207,97,74,134,43,140,79,100,250,292,501,101,148,38,200,176,39,89,186,119,46,136,67,147,200,99,210,28,117
383,283,152,51,341,76,326,97,99,146,312,355,648,239,181,181,227,616,347,39,171,386,209,152,244,80,246,150,195,425,515,951,171,333,79,316,324,53,183,374,208,77,227,121,315,283,216,373,117,138
