267,446,194,86,480,94,466,170,175,231,458,515,816,388,342,357,351,813,502,74,324,499,351,222,363,160,352,293,284,612,704,1185,254,496,115,517,494,99,262,474,296,87,366,144,437,397,338,495,184,366
446,193,156,72,468,86,389,133,157,182,361,484,812,268,219,263,300,790,412,56,234,451,263,170,278,98,262,205,215,522,666,1240,241,378,98,439,385,79,196,492,293,86,336,193,325,405,293,439,179,275
194,156,44,40,203,45,198,77,92,78,162,232,381,125,87,115,151,389,188,19,99,204,133,85,135,48,140,99,98,274,314,546,126,177,45,188,209,27,106,214,134,35,163,90,157,171,125,211,78,142
86,72,40,6,93,14,83,31,36,32,51,96,132,46,47,52,55,159,94,9,45,88,52,32,57,29,64,40,40,95,121,238,49,85,13,82,91,13,46,99,56,21,64,26,73,62,44,73,26,46
480,468,203,93,259,129,504,134,166,194,414,594,896,315,288,292,380,885,527,63,285,513,313,223,365,125,372,240,255,561,737,1430,297,452,103,532,465,76,228,556,383,113,385,188,428,501,325,494,188,347
94,86,45,14,129,12,93,33,48,47,83,122,195,58,64,66,61,203,117,14,58,111,66,44,67,28,69,64,50,126,153,284,60,100,16,104,118,25,58,123,85,24,98,45,85,102,68,102,44,66
466,389,198,83,504,93,224,143,166,193,402,546,922,317,237,254,347,883,501,61,282,502,281,183,313,136,332,240,236,595,712,1336,255,492,99,520,452,79,261,482,325,108,374,180,381,438,293,480,175,314
170,133,77,31,134,33,143,22,44,60,122,160,271,95,78,88,107,262,147,20,86,161,74,55,93,36,89,72,73,207,231,428,76,149,32,158,139,21,69,175,110,36,97,52,133,161,96,159,46,91
175,157,92,36,166,48,166,44,25,75,164,191,286,116,106,100,108,264,164,19,100,139,98,75,122,35,113,89,74,221,237,493,98,124,38,164,148,27,83,172,88,39,133,61,136,158,89,170,62,107
231,182,78,32,194,47,193,60,75,42,195,210,357,129,114,123,156,376,225,17,110,206,125,97,161,53,129,89,119,262,319,543,108,197,55,195,226,35,107,196,121,42,173,75,182,185,138,204,77,151
458,361,162,51,414,83,402,122,164,195,199,439,723,281,255,253,313,755,445,46,255,455,253,173,318,107,296,221,228,528,677,1125,241,386,96,479,392,74,211,427,294,88,349,161,371,401,270,437,152,290
515,484,232,96,594,122,546,160,191,210,439,299,968,357,312,313,384,985,564,73,311,586,340,208,343,143,383,283,286,718,858,1641,301,518,126,619,504,106,248,645,385,105,448,228,446,533,349,556,195,382
816,812,381,132,896,195,922,271,286,357,723,968,794,605,513,525,667,1422,923,100,517,931,539,370,607,238,620,455,462,1135,1298,2454,494,799,203,989,829,166,436,951,626,190,669,328,754,840,568,897,305,620
388,268,125,46,315,58,317,95,116,129,281,357,605,78,169,205,254,589,360,41,194,320,182,135,204,94,204,160,189,403,498,923,201,285,73,348,293,54,172,335,193,58,264,133,263,295,212,360,113,216
342,219,87,47,288,64,237,78,106,114,255,312,513,169,76,140,195,502,266,33,160,269,158,118,160,60,180,123,151,322,434,758,156,230,51,293,256,44,137,310,171,63,190,76,201,248,145,277,104,191
357,263,115,52,292,66,254,88,100,123,253,313,525,205,140,71,222,530,284,26,169,280,172,133,179,70,182,125,150,330,481,856,189,249,69,317,279,47,160,326,175,63,218,103,227,282,172,307,119,190
351,300,151,55,380,61,347,107,108,156,313,384,667,254,195,222,127,665,329,36,179,343,222,135,229,96,232,156,175,489,568,993,191,335,77,364,335,69,175,371,236,68,260,118,281,314,221,370,127,235
813,790,389,159,885,203,883,262,264,376,755,985,1422,589,502,530,665,815,969,110,524,929,524,358,629,224,607,425,478,1164,1347,2369,488,774,193,989,797,161,453,959,613,188,679,329,731,785,609,924,287,601
502,412,188,94,527,117,501,147,164,225,445,564,923,360,266,284,329,969,224,66,323,474,309,189,332,129,358,198,265,635,761,1360,292,481,109,557,455,85,235,536,330,107,375,183,430,496,322,530,196,344
74,56,19,9,63,14,61,20,19,17,46,73,100,41,33,26,36,110,66,4,27,66,41,26,37,19,46,36,36,85,92,179,40,60,17,57,51,9,31,73,37,15,67,28,44,47,36,67,23,42
324,234,99,45,285,58,282,86,100,110,255,311,517,194,160,169,179,524,323,27,80,315,159,115,176,64,190,126,138,339,427,772,172,270,57,286,260,40,136,295,191,65,212,84,251,279,176,320,114,186
499,451,204,88,513,111,502,161,139,206,455,586,931,320,269,280,343,929,474,66,315,280,291,200,328,150,344,230,282,638,751,1356,271,450,118,560,455,83,246,553,343,104,389,177,389,426,319,524,186,324
351,263,133,52,313,66,281,74,98,125,253,340,539,182,158,172,222,524,309,41,159,291,72,119,164,66,184,158,168,353,445,833,157,270,62,341,279,54,136,313,189,70,242,99,220,260,182,328,99,211
222,170,85,32,223,44,183,55,75,97,173,208,370,135,118,133,135,358,189,26,115,200,119,46,125,61,143,127,104,243,301,561,91,192,41,218,166,33,108,200,130,39,137,76,155,169,144,197,59,150
363,278,135,57,365,67,313,93,122,161,318,343,607,204,160,179,229,629,332,37,176,328,164,125,107,73,210,148,167,392,489,945,162,307,81,346,318,43,170,362,225,69,256,119,241,309,215,350,114,224
160,98,48,29,125,28,136,36,35,53,107,143,238,94,60,70,96,224,129,19,64,150,66,61,73,14,80,59,60,162,185,372,65,119,27,141,128,27,66,130,82,22,102,45,106,129,63,150,47,86
352,262,140,64,372,69,332,89,113,129,296,383,620,204,180,182,232,607,358,46,190,344,184,143,210,80,119,160,156,413,529,1009,168,326,88,345,318,52,145,376,232,60,274,127,293,324,209,364,125,253
293,205,99,40,240,64,240,72,89,89,221,283,455,160,123,125,156,425,198,36,126,230,158,127,148,59,160,44,124,276,343,682,125,213,43,231,242,35,118,265,155,62,185,89,210,193,136,256,93,150
284,215,98,40,255,50,236,73,74,119,228,286,462,189,151,150,175,478,265,36,138,282,168,104,167,60,156,124,65,306,377,704,131,221,53,247,235,36,123,293,190,43,187,88,206,242,197,273,94,170
612,522,274,95,561,126,595,207,221,262,528,718,1135,403,322,330,489,1164,635,85,339,638,353,243,392,162,413,276,306,391,995,1797,346,563,147,711,582,108,334,614,427,123,504,195,496,609,395,670,219,459
704,666,314,121,737,153,712,231,237,319,677,858,1298,498,434,481,568,1347,761,92,427,751,445,301,489,185,529,343,377,995,570,2022,386,697,179,816,659,131,402,803,505,138,572,286,572,674,494,758,255,511
1185,1240,546,238,1430,284,1336,428,493,543,1125,1641,2454,923,758,856,993,2369,1360,179,772,1356,833,561,945,372,1009,682,704,1797,2022,1921,692,1325,326,1550,1302,241,714,1467,942,294,974,531,1079,1328,926,1381,488,910
254,241,126,49,297,60,255,76,98,108,241,301,494,201,156,189,191,488,292,40,172,271,157,91,162,65,168,125,131,346,386,692,62,237,60,307,255,53,133,285,193,57,196,94,210,241,177,281,80,183
496,378,177,85,452,100,492,149,124,197,386,518,799,285,230,249,335,774,481,60,270,450,270,192,307,119,326,213,221,563,697,1325,237,217,96,507,408,69,247,551,320,102,336,169,360,401,282,492,164,277
115,98,45,13,103,16,99,32,38,55,96,126,203,73,51,69,77,193,109,17,57,118,62,41,81,27,88,43,53,147,179,326,60,96,12,121,83,17,53,133,76,24,81,50,94,104,76,108,40,74
517,439,188,82,532,104,520,158,164,195,479,619,989,348,293,317,364,989,557,57,286,560,341,218,346,141,345,231,247,711,816,1550,307,507,121,272,493,91,251,569,349,96,433,191,414,467,359,555,214,349
494,385,209,91,465,118,452,139,148,226,392,504,829,293,256,279,335,797,455,51,260,455,279,166,318,128,318,242,235,582,659,1302,255,408,83,493,192,78,245,475,297,92,345,169,355,412,277,477,155,312
99,79,27,13,76,25,79,21,27,35,74,106,166,54,44,47,69,161,85,9,40,83,54,33,43,27,52,35,36,108,131,241,53,69,17,91,78,7,40,80,51,13,66,35,73,76,48,88,41,70
262,196,106,46,228,58,261,69,83,107,211,248,436,172,137,160,175,453,235,31,136,246,136,108,170,66,145,118,123,334,402,714,133,247,53,251,245,40,62,291,169,46,179,92,205,262,151,269,78,180
474,492,214,99,556,123,482,175,172,196,427,645,951,335,310,326,371,959,536,73,295,553,313,200,362,130,376,265,293,614,803,1467,285,551,133,569,475,80,291,260,362,117,393,205,419,487,371,523,175,355
296,293,134,56,383,85,325,110,88,121,294,385,626,193,171,175,236,613,330,37,191,343,189,130,225,82,232,155,190,427,505,942,193,320,76,349,297,51,169,362,117,78,230,138,280,322,221,324,102,230
87,86,35,21,113,24,108,36,39,42,88,105,190,58,63,63,68,188,107,15,65,104,70,39,69,22,60,62,43,123,138,294,57,102,24,96,92,13,46,117,78,8,79,34,93,108,75,105,33,69
366,336,163,64,385,98,374,97,133,173,349,448,669,264,190,218,260,679,375,67,212,389,242,137,256,102,274,185,187,504,572,974,196,336,81,433,345,66,179,393,230,79,126,132,286,350,229,411,133,248
144,193,90,26,188,45,180,52,61,75,161,228,328,133,76,103,118,329,183,28,84,177,99,76,119,45,127,89,88,195,286,531,94,169,50,191,169,35,92,205,138,34,132,40,144,168,118,186,66,119
437,325,157,73,428,85,381,133,136,182,371,446,754,263,201,227,281,731,430,44,251,389,220,155,241,106,293,210,206,496,572,1079,210,360,94,414,355,73,205,419,280,93,286,144,159,337,280,385,143,263
397,405,171,62,501,102,438,161,158,185,401,533,840,295,248,282,314,785,496,47,279,426,260,169,309,129,324,193,242,609,674,1328,241,401,104,467,412,76,262,487,322,108,350,168,337,218,286,476,171,315
338,293,125,44,325,68,293,96,89,138,270,349,568,212,145,172,221,609,322,36,176,319,182,144,215,63,209,136,197,395,494,926,177,282,76,359,277,48,151,371,221,75,229,118,280,286,107,311,126,189
495,439,211,73,494,102,480,159,170,204,437,556,897,360,277,307,370,924,530,67,320,524,328,197,350,150,364,256,273,670,758,1381,281,492,108,555,477,88,269,523,324,105,411,186,385,476,311,273,187,366
184,179,78,26,188,44,175,46,62,77,152,195,305,113,104,119,127,287,196,23,114,186,99,59,114,47,125,93,94,219,255,488,80,164,40,214,155,41,78,175,102,33,133,66,143,171,126,187,16,108
366,275,142,46,347,66,314,91,107,151,290,382,620,216,191,190,235,601,344,42,186,324,211,150,224,86,253,150,170,459,511,910,183,277,74,349,312,70,180,355,230,69,248,119,263,315,189,366,108,120
