274,450,214,89,494,120,491,171,174,250,427,528,831,373,317,335,383,832,477,72,338,505,312,212,366,139,351,290,270,585,666,1201,253,500,120,529,488,78,259,490,302,109,378,191,443,419,331,512,157,379
450,184,147,63,444,113,425,135,138,176,372,481,786,250,229,261,342,772,450,54,219,450,247,172,283,116,314,179,210,514,666,1195,236,395,90,467,384,69,202,450,268,82,327,164,371,417,272,474,155,275
214,147,47,27,189,41,194,72,68,92,207,211,362,132,94,111,129,354,201,26,86,204,135,80,119,51,144,73,111,230,297,559,108,163,38,183,165,30,114,213,121,54,156,74,178,214,119,237,65,127
89,63,27,5,83,18,76,28,34,31,65,93,129,61,43,46,54,142,90,18,50,95,49,31,60,21,53,41,34,95,134,205,44,83,21,83,79,18,37,95,56,12,63,40,66,76,69,70,30,53
494,444,189,83,241,116,509,151,152,210,455,605,944,334,258,297,383,911,543,57,302,511,334,211,349,130,356,241,242,680,778,1458,280,477,110,559,453,87,272,567,329,107,398,206,395,489,351,556,185,358
120,113,41,18,116,10,105,35,43,38,78,134,207,74,67,69,92,197,110,14,59,114,76,41,80,32,81,58,67,146,172,296,65,91,34,139,102,28,57,120,91,19,86,46,100,90,86,109,51,79
491,425,194,76,509,105,239,142,153,196,417,555,862,306,265,259,334,847,510,78,261,511,283,197,331,123,343,225,237,626,746,1302,274,453,104,512,469,95,248,553,310,91,377,203,413,452,320,480,200,315
171,135,72,28,151,35,142,24,46,58,125,151,284,78,82,91,109,293,134,18,84,151,98,59,97,57,103,74,83,176,226,415,105,141,31,156,159,21,75,172,105,27,136,51,122,135,102,143,65,109
174,138,68,34,152,43,153,46,29,71,159,196,325,120,77,89,118,328,164,12,82,181,113,67,118,33,94,73,74,212,236,456,95,147,34,144,163,32,69,169,98,19,132,62,146,123,101,174,64,119
250,176,92,31,210,38,196,58,71,45,165,254,364,131,95,119,157,368,204,30,109,190,128,76,148,54,133,95,115,275,271,524,98,196,44,232,201,27,102,228,130,38,163,82,159,184,138,199,78,150
427,372,207,65,455,78,417,125,159,165,191,500,772,282,209,264,322,775,454,52,219,436,265,167,292,102,267,211,213,577,632,1161,225,383,92,472,364,69,202,435,252,85,327,169,336,383,277,478,159,289
528,481,211,93,605,134,555,151,196,254,500,310,933,350,290,301,409,1038,599,70,305,563,311,223,386,138,387,255,263,687,844,1648,283,522,138,609,529,102,286,625,366,119,408,217,462,496,342,592,223,357
831,786,362,129,944,207,862,284,325,364,772,933,843,550,464,532,684,1483,901,108,471,960,587,365,631,233,626,430,441,1196,1377,2450,516,848,213,1015,840,157,459,1001,651,198,709,326,732,829,604,983,356,577
373,250,132,61,334,74,306,78,120,131,282,350,550,90,165,176,258,573,322,46,187,347,196,122,200,66,228,138,176,381,469,859,156,326,62,327,283,61,148,313,213,81,211,121,254,296,191,328,109,209
317,229,94,43,258,67,265,82,77,95,209,290,464,165,72,145,173,450,268,35,158,293,154,126,150,72,163,130,146,361,399,725,147,236,73,252,262,36,140,283,189,58,216,87,201,244,158,265,94,176
335,261,111,46,297,69,259,91,89,119,264,301,532,176,145,74,212,552,293,31,165,300,171,129,192,71,176,135,147,387,458,823,169,278,67,272,291,43,135,323,202,66,238,89,240,263,172,279,106,208
383,342,129,54,383,92,334,109,118,157,322,409,684,258,173,212,134,633,371,56,195,393,222,146,255,94,264,179,179,436,522,1014,206,361,87,369,331,68,195,369,240,72,277,119,296,348,239,395,136,254
832,772,354,142,911,197,847,293,328,368,775,1038,1483,573,450,552,633,845,923,117,477,939,559,384,561,216,611,423,443,1182,1384,2480,509,871,208,1000,815,145,485,1010,667,183,706,339,695,846,573,973,344,573
477,450,201,90,543,110,510,134,164,204,454,599,901,322,268,293,371,923,265,71,287,464,295,205,334,122,343,227,265,644,750,1466,296,482,114,540,469,67,247,567,311,104,364,190,403,471,337,546,192,336
72,54,26,18,57,14,78,18,12,30,52,70,108,46,35,31,56,117,71,0,39,58,36,26,40,14,40,18,39,76,91,189,40,59,19,63,69,7,37,68,36,7,49,19,48,69,40,66,37,45
338,219,86,50,302,59,261,84,82,109,219,305,471,187,158,165,195,477,287,39,69,298,160,122,181,66,157,120,154,353,406,788,147,257,65,272,253,37,131,300,170,44,215,122,204,243,168,286,109,215
505,450,204,95,511,114,511,151,181,190,436,563,960,347,293,300,393,939,464,58,298,260,281,211,340,129,351,236,260,624,761,1493,294,470,116,533,473,78,243,587,339,110,421,168,427,532,341,557,207,349
312,247,135,49,334,76,283,98,113,128,265,311,587,196,154,171,222,559,295,36,160,281,95,152,173,71,183,144,161,393,470,836,167,273,55,306,269,40,135,311,196,53,240,103,253,280,182,308,114,221
212,172,80,31,211,41,197,59,67,76,167,223,365,122,126,129,146,384,205,26,122,211,152,47,147,44,126,105,102,269,291,567,118,187,41,202,182,33,94,207,140,36,161,87,175,189,120,214,95,127
366,283,119,60,349,80,331,97,118,148,292,386,631,200,150,192,255,561,334,40,181,340,173,147,101,90,207,170,159,421,504,956,175,335,82,362,313,47,146,354,212,59,279,140,259,307,216,384,126,246
139,116,51,21,130,32,123,57,33,54,102,138,233,66,72,71,94,216,122,14,66,129,71,44,90,7,71,55,50,156,196,368,63,119,26,105,115,25,71,124,82,17,94,44,101,118,78,137,56,79
351,314,144,53,356,81,343,103,94,133,267,387,626,228,163,176,264,611,343,40,157,351,183,126,207,71,99,133,153,408,503,974,182,337,81,340,294,61,162,351,211,55,273,121,260,318,214,358,138,222
290,179,73,41,241,58,225,74,73,95,211,255,430,138,130,135,179,423,227,18,120,236,144,105,170,55,133,64,108,266,369,630,124,205,40,205,256,40,117,248,148,38,188,74,205,206,155,258,83,167
270,210,111,34,242,67,237,83,74,115,213,263,441,176,146,147,179,443,265,39,154,260,161,102,159,50,153,108,56,309,363,721,157,250,57,228,266,35,114,274,155,44,212,88,204,213,141,271,116,170
585,514,230,95,680,146,626,176,212,275,577,687,1196,381,361,387,436,1182,644,76,353,624,393,269,421,156,408,266,309,395,978,1846,360,610,149,652,605,113,318,715,420,116,490,260,500,556,418,721,286,420
666,666,297,134,778,172,746,226,236,271,632,844,1377,469,399,458,522,1384,750,91,406,761,470,291,504,196,503,369,363,978,587,2131,404,690,179,759,688,116,380,821,522,157,557,295,595,714,464,833,285,511
1201,1195,559,205,1458,296,1302,415,456,524,1161,1648,2450,859,725,823,1014,2480,1466,189,788,1493,836,567,956,368,974,630,721,1846,2131,1939,781,1329,317,1555,1273,225,707,1519,1016,315,1080,567,1109,1323,935,1466,518,944
253,236,108,44,280,65,274,105,95,98,225,283,516,156,147,169,206,509,296,40,147,294,167,118,175,63,182,124,157,360,404,781,74,261,72,332,240,41,144,280,181,75,189,92,209,293,180,272,90,196
500,395,163,83,477,91,453,141,147,196,383,522,848,326,236,278,361,871,482,59,257,470,273,187,335,119,337,205,250,610,690,1329,261,219,100,539,458,90,232,501,308,87,382,167,379,463,309,464,177,307
120,90,38,21,110,34,104,31,34,44,92,138,213,62,73,67,87,208,114,19,65,116,55,41,82,26,81,40,57,149,179,317,72,100,9,137,108,19,48,120,77,18,98,41,85,122,68,121,37,69
529,467,183,83,559,139,512,156,144,232,472,609,1015,327,252,272,369,1000,540,63,272,533,306,202,362,105,340,205,228,652,759,1555,332,539,137,283,501,84,278,567,361,102,444,186,413,504,312,547,203,367
488,384,165,79,453,102,469,159,163,201,364,529,840,283,262,291,331,815,469,69,253,473,269,182,313,115,294,256,266,605,688,1273,240,458,108,501,211,81,236,498,351,95,390,184,370,446,324,481,164,295
78,69,30,18,87,28,95,21,32,27,69,102,157,61,36,43,68,145,67,7,37,78,40,33,47,25,61,40,35,113,116,225,41,90,19,84,81,10,34,83,58,15,65,36,70,66,51,91,38,58
259,202,114,37,272,57,248,75,69,102,202,286,459,148,140,135,195,485,247,37,131,243,135,94,146,71,162,117,114,318,380,707,144,232,48,278,236,34,52,284,186,39,213,99,187,229,150,262,90,170
490,450,213,95,567,120,553,172,169,228,435,625,1001,313,283,323,369,1010,567,68,300,587,311,207,354,124,351,248,274,715,821,1519,280,501,120,567,498,83,284,299,377,118,426,214,426,472,314,577,182,342
302,268,121,56,329,91,310,105,98,130,252,366,651,213,189,202,240,667,311,36,170,339,196,140,212,82,211,148,155,420,522,1016,181,308,77,361,351,58,186,377,109,69,265,111,272,318,207,348,110,214
109,82,54,12,107,19,91,27,19,38,85,119,198,81,58,66,72,183,104,7,44,110,53,36,59,17,55,38,44,116,157,315,75,87,18,102,95,15,39,118,69,7,80,41,77,97,58,84,40,70
378,327,156,63,398,86,377,136,132,163,327,408,709,211,216,238,277,706,364,49,215,421,240,161,279,94,273,188,212,490,557,1080,189,382,98,444,390,65,213,426,265,80,148,135,334,366,248,363,141,249
191,164,74,40,206,46,203,51,62,82,169,217,326,121,87,89,119,339,190,19,122,168,103,87,140,44,121,74,88,260,295,567,92,167,41,186,184,36,99,214,111,41,135,37,164,173,119,195,67,120
443,371,178,66,395,100,413,122,146,159,336,462,732,254,201,240,296,695,403,48,204,427,253,175,259,101,260,205,204,500,595,1109,209,379,85,413,370,70,187,426,272,77,334,164,168,385,261,398,155,289
419,417,214,76,489,90,452,135,123,184,383,496,829,296,244,263,348,846,471,69,243,532,280,189,307,118,318,206,213,556,714,1323,293,463,122,504,446,66,229,472,318,97,366,173,385,235,312,471,191,287
331,272,119,69,351,86,320,102,101,138,277,342,604,191,158,172,239,573,337,40,168,341,182,120,216,78,214,155,141,418,464,935,180,309,68,312,324,51,150,314,207,58,248,119,261,312,91,335,129,225
512,474,237,70,556,109,480,143,174,199,478,592,983,328,265,279,395,973,546,66,286,557,308,214,384,137,358,258,271,721,833,1466,272,464,121,547,481,91,262,577,348,84,363,195,398,471,335,245,201,349
157,155,65,30,185,51,200,65,64,78,159,223,356,109,94,106,136,344,192,37,109,207,114,95,126,56,138,83,116,286,285,518,90,177,37,203,164,38,90,182,110,40,141,67,155,191,129,201,36,138
379,275,127,53,358,79,315,109,119,150,289,357,577,209,176,208,254,573,336,45,215,349,221,127,246,79,222,167,170,420,511,944,196,307,69,367,295,58,170,342,214,70,249,120,289,287,225,349,138,126
