244,423,232,88,500,99,496,195,158,255,451,527,816,389,286,321,373,850,488,63,305,525,333,219,351,158,378,284,333,613,674,1178,247,482,105,528,477,95,267,475,297,107,389,193,454,439,327,531,169,388
423,170,198,57,414,86,396,120,129,204,378,497,797,294,228,246,311,830,448,52,215,427,251,181,279,93,245,199,225,563,658,1253,223,402,89,408,404,65,181,467,271,89,333,167,347,415,274,447,142,306
232,198,23,38,199,52,188,54,54,64,180,199,346,141,89,91,141,339,188,21,114,212,118,93,131,40,127,82,105,232,305,591,105,191,44,205,196,39,107,226,134,44,159,88,149,212,133,206,79,137
88,57,38,6,71,21,77,29,35,46,73,97,129,51,54,65,54,145,70,9,54,76,50,27,51,23,61,47,40,121,117,205,45,95,26,88,78,10,34,82,61,19,57,35,71,60,44,76,29,54
500,414,199,71,262,110,492,144,163,217,456,588,893,329,278,313,378,884,502,61,278,523,287,193,315,108,325,236,265,636,800,1461,318,471,127,521,470,98,264,515,332,112,391,197,401,475,308,541,189,349
99,86,52,21,110,11,106,37,43,52,92,131,203,75,63,77,89,195,118,20,74,114,78,48,86,32,82,62,61,144,168,318,53,112,27,122,124,22,60,124,81,24,77,41,102,103,69,102,46,90
496,396,188,77,492,106,270,156,182,225,401,573,910,347,287,280,395,882,489,62,265,483,308,181,333,119,348,257,207,628,772,1407,270,451,108,519,443,91,269,538,360,110,366,184,384,432,321,463,190,355
195,120,54,29,144,37,156,24,46,84,141,159,295,98,81,93,124,296,171,14,90,174,91,66,87,35,102,78,73,170,240,438,78,154,34,169,154,22,76,177,96,38,101,72,117,133,84,157,57,119
158,129,54,35,163,43,182,46,26,60,128,183,307,107,85,102,134,316,152,20,93,177,93,59,106,38,103,81,76,196,267,521,88,169,42,201,177,34,80,172,102,35,122,63,118,151,106,181,71,130
255,204,64,46,217,52,225,84,60,32,150,205,317,112,113,133,152,327,212,25,115,223,126,97,138,58,130,112,102,228,305,566,95,219,45,218,223,32,111,220,156,45,154,82,163,183,114,210,73,150
451,378,180,73,456,92,401,141,128,150,185,469,706,258,243,257,317,727,436,57,204,453,266,190,324,127,329,207,224,489,679,1235,248,394,95,442,418,63,206,468,283,70,324,159,362,421,269,442,146,313
527,497,199,97,588,131,573,159,183,205,469,350,995,339,287,309,390,1036,592,71,310,584,343,223,419,125,373,224,269,699,827,1630,328,539,126,562,533,87,271,610,411,112,454,212,456,528,334,595,240,362
816,797,346,129,893,203,910,295,307,317,706,995,836,579,497,546,675,1494,978,107,516,956,552,339,603,212,600,414,437,1213,1372,2455,478,922,209,986,827,151,441,998,624,189,695,376,746,885,589,985,355,622
389,294,141,51,329,75,347,98,107,112,258,339,579,95,193,198,232,587,333,39,164,333,178,130,229,89,238,161,144,386,515,884,178,294,69,335,307,62,158,376,207,72,248,152,280,270,191,369,128,251
286,228,89,54,278,63,287,81,85,113,243,287,497,193,64,136,182,490,309,37,148,314,160,121,156,68,184,129,128,327,415,775,139,242,61,294,273,46,134,288,173,66,203,91,220,245,144,301,103,178
321,246,91,65,313,77,280,93,102,133,257,309,546,198,136,89,225,558,303,35,172,337,173,108,168,71,191,130,132,367,462,817,163,278,72,297,277,56,142,319,180,67,249,101,210,266,173,310,101,234
373,311,141,54,378,89,395,124,134,152,317,390,675,232,182,225,126,686,353,47,207,387,239,158,232,86,265,164,191,464,555,1032,196,340,88,386,337,71,191,361,251,69,289,152,311,337,226,386,137,270
850,830,339,145,884,195,882,296,316,327,727,1036,1494,587,490,558,686,828,964,109,491,943,557,369,613,207,591,401,445,1160,1381,2510,512,852,228,991,816,151,437,1009,610,212,644,357,701,868,547,976,340,611
488,448,188,70,502,118,489,171,152,212,436,592,978,333,309,303,353,964,272,49,265,485,321,203,354,102,331,231,260,652,773,1428,303,470,121,510,465,66,284,558,384,99,402,201,423,503,312,528,222,369
63,52,21,9,61,20,62,14,20,25,57,71,107,39,37,35,47,109,49,3,27,67,29,25,37,14,35,27,33,77,97,191,36,52,19,57,67,7,34,59,31,10,55,24,46,58,34,72,28,50
305,215,114,54,278,74,265,90,93,115,204,310,516,164,148,172,207,491,265,27,65,254,153,99,178,60,163,102,142,333,402,765,145,244,59,280,243,33,150,280,185,55,206,92,219,243,171,300,111,203
525,427,212,76,523,114,483,174,177,223,453,584,956,333,314,337,387,943,485,67,254,259,313,203,328,136,368,246,246,612,766,1429,301,457,114,595,500,70,276,530,362,101,432,228,434,492,356,519,217,369
333,251,118,50,287,78,308,91,93,126,266,343,552,178,160,173,239,557,321,29,153,313,93,124,172,82,193,147,137,354,447,879,169,272,76,333,266,46,149,319,208,48,226,120,261,281,160,319,114,211
219,181,93,27,193,48,181,66,59,97,190,223,339,130,121,108,158,369,203,25,99,203,124,38,133,57,138,104,99,234,311,573,117,198,39,214,171,28,104,227,124,44,157,88,162,189,138,228,76,146
351,279,131,51,315,86,333,87,106,138,324,419,603,229,156,168,232,613,354,37,178,328,172,133,129,75,207,158,183,394,514,946,189,307,71,329,308,61,154,375,211,60,258,144,260,324,188,375,108,238
158,93,40,23,108,32,119,35,38,58,127,125,212,89,68,71,86,207,102,14,60,136,82,57,75,29,89,55,62,156,218,349,90,129,30,125,113,20,69,121,99,14,91,44,121,114,68,150,46,92
378,245,127,61,325,82,348,102,103,130,329,373,600,238,184,191,265,591,331,35,163,368,193,138,207,89,113,151,167,406,547,952,195,330,93,356,308,55,165,336,245,66,245,133,271,311,200,363,127,256
284,199,82,47,236,62,257,78,81,112,207,224,414,161,129,130,164,401,231,27,102,246,147,104,158,55,151,49,123,269,342,617,102,242,46,217,223,35,103,255,159,57,187,90,205,217,160,237,89,176
333,225,105,40,265,61,207,73,76,102,224,269,437,144,128,132,191,445,260,33,142,246,137,99,183,62,167,123,75,315,413,685,146,235,53,279,231,43,128,274,172,50,185,79,184,244,147,281,100,169
613,563,232,121,636,144,628,170,196,228,489,699,1213,386,327,367,464,1160,652,77,333,612,354,234,394,156,406,269,315,363,954,1806,366,590,162,650,593,106,331,732,422,123,533,241,467,628,371,708,245,450
674,658,305,117,800,168,772,240,267,305,679,827,1372,515,415,462,555,1381,773,97,402,766,447,311,514,218,547,342,413,954,571,2175,441,741,190,843,726,127,388,825,549,138,607,285,667,757,486,754,330,479
1178,1253,591,205,1461,318,1407,438,521,566,1235,1630,2455,884,775,817,1032,2510,1428,191,765,1429,879,573,946,349,952,617,685,1806,2175,1942,754,1336,328,1530,1308,248,693,1561,1025,286,1071,510,1167,1321,956,1394,544,922
247,223,105,45,318,53,270,78,88,95,248,328,478,178,139,163,196,512,303,36,145,301,169,117,189,90,195,102,146,366,441,754,69,284,65,297,272,43,126,297,196,66,201,88,248,271,176,272,96,186
482,402,191,95,471,112,451,154,169,219,394,539,922,294,242,278,340,852,470,52,244,457,272,198,307,129,330,242,235,590,741,1336,284,238,104,425,475,78,248,452,314,98,372,184,359,435,311,463,180,339
105,89,44,26,127,27,108,34,42,45,95,126,209,69,61,72,88,228,121,19,59,114,76,39,71,30,93,46,53,162,190,328,65,104,13,119,119,26,63,115,68,29,96,43,92,110,77,129,42,89
528,408,205,88,521,122,519,169,201,218,442,562,986,335,294,297,386,991,510,57,280,595,333,214,329,125,356,217,279,650,843,1530,297,425,119,255,481,86,272,559,359,104,457,181,417,508,341,602,211,347
477,404,196,78,470,124,443,154,177,223,418,533,827,307,273,277,337,816,465,67,243,500,266,171,308,113,308,223,231,593,726,1308,272,475,119,481,235,76,241,482,317,94,327,202,415,440,286,495,199,341
95,65,39,10,98,22,91,22,34,32,63,87,151,62,46,56,71,151,66,7,33,70,46,28,61,20,55,35,43,106,127,248,43,78,26,86,76,6,40,82,52,16,64,31,62,74,58,95,31,54
267,181,107,34,264,60,269,76,80,111,206,271,441,158,134,142,191,437,284,34,150,276,149,104,154,69,165,103,128,331,388,693,126,248,63,272,241,40,63,296,177,55,188,104,204,225,155,282,111,169
475,467,226,82,515,124,538,177,172,220,468,610,998,376,288,319,361,1009,558,59,280,530,319,227,375,121,336,255,274,732,825,1561,297,452,115,559,482,82,296,296,356,121,421,211,445,521,372,579,177,339
297,271,134,61,332,81,360,96,102,156,283,411,624,207,173,180,251,610,384,31,185,362,208,124,211,99,245,159,172,422,549,1025,196,314,68,359,317,52,177,356,111,79,256,139,247,331,189,337,117,225
107,89,44,19,112,24,110,38,35,45,70,112,189,72,66,67,69,212,99,10,55,101,48,44,60,14,66,57,50,123,138,286,66,98,29,104,94,16,55,121,79,14,76,41,73,81,67,132,43,75
389,333,159,57,391,77,366,101,122,154,324,454,695,248,203,249,289,644,402,55,206,432,226,157,258,91,245,187,185,533,607,1071,201,372,96,457,327,64,188,421,256,76,138,135,330,353,236,416,127,253
193,167,88,35,197,41,184,72,63,82,159,212,376,152,91,101,152,357,201,24,92,228,120,88,144,44,133,90,79,241,285,510,88,184,43,181,202,31,104,211,139,41,135,26,165,167,138,203,63,130
454,347,149,71,401,102,384,117,118,163,362,456,746,280,220,210,311,701,423,46,219,434,261,162,260,121,271,205,184,467,667,1167,248,359,92,417,415,62,204,445,247,73,330,165,179,364,244,437,162,278
439,415,212,60,475,103,432,133,151,183,421,528,885,270,245,266,337,868,503,58,243,492,281,189,324,114,311,217,244,628,757,1321,271,435,110,508,440,74,225,521,331,81,353,167,364,237,280,495,197,308
327,274,133,44,308,69,321,84,106,114,269,334,589,191,144,173,226,547,312,34,171,356,160,138,188,68,200,160,147,371,486,956,176,311,77,341,286,58,155,372,189,67,236,138,244,280,85,347,113,217
531,447,206,76,541,102,463,157,181,210,442,595,985,369,301,310,386,976,528,72,300,519,319,228,375,150,363,237,281,708,754,1394,272,463,129,602,495,95,282,579,337,132,416,203,437,495,347,244,195,377
169,142,79,29,189,46,190,57,71,73,146,240,355,128,103,101,137,340,222,28,111,217,114,76,108,46,127,89,100,245,330,544,96,180,42,211,199,31,111,177,117,43,127,63,162,197,113,195,35,130
388,306,137,54,349,90,355,119,130,150,313,362,622,251,178,234,270,611,369,50,203,369,211,146,238,92,256,176,169,450,479,922,186,339,89,347,341,54,169,339,225,75,253,130,278,308,217,377,130,131
