271,438,223,91,515,124,451,204,171,212,415,533,804,362,317,338,357,869,524,72,335,515,350,195,354,149,396,295,257,623,725,1160,224,491,116,528,498,74,254,469,316,96,367,188,394,417,355,442,148,387
438,178,181,83,473,108,438,134,146,191,358,476,849,273,222,255,319,839,441,49,226,453,246,170,292,102,280,192,200,531,656,1202,244,409,105,419,425,70,223,453,322,90,364,143,354,402,261,444,153,274
223,181,41,35,211,57,204,62,69,99,190,228,357,129,100,121,140,368,185,24,94,174,122,90,134,46,132,78,113,224,287,573,120,178,46,226,184,25,109,200,139,43,164,53,171,186,125,181,75,128
91,83,35,9,84,19,93,34,27,36,78,88,159,51,55,60,53,130,87,5,41,94,61,30,62,29,77,39,44,98,130,210,36,87,20,93,81,12,42,87,55,21,55,24,63,73,54,101,39,60
515,473,211,84,254,121,532,162,167,219,435,567,956,336,273,287,362,908,489,58,275,530,274,190,307,131,332,255,259,652,787,1411,279,443,125,541,507,101,262,532,341,120,408,186,429,465,297,528,176,365
124,108,57,19,121,14,105,29,48,46,94,121,219,83,65,71,69,188,125,8,63,142,87,47,96,36,96,53,68,122,170,283,55,112,29,119,110,21,46,108,74,25,80,38,115,101,84,110,54,79
451,438,204,93,532,105,219,142,151,192,413,524,854,326,254,279,349,833,483,46,264,514,296,187,338,137,361,223,251,611,742,1346,249,468,124,545,434,85,235,517,327,113,381,173,397,421,319,461,183,324
204,134,62,34,162,29,142,18,35,64,137,151,280,107,76,91,127,329,178,17,85,176,101,73,106,35,118,72,66,193,245,450,86,148,41,155,149,25,64,147,108,30,110,71,145,144,100,154,60,109
171,146,69,27,167,48,151,35,28,55,135,186,311,102,84,93,113,324,177,19,71,150,99,63,96,43,94,84,67,225,236,447,90,163,40,179,167,33,74,154,105,32,130,69,124,145,97,158,57,110
212,191,99,36,219,46,192,64,55,49,179,222,366,121,99,122,133,379,188,21,109,212,130,73,128,62,117,109,114,262,284,543,112,188,50,208,191,43,117,208,152,50,161,82,157,181,129,215,65,159
415,358,190,78,435,94,413,137,135,179,187,462,785,256,219,245,307,763,435,53,243,443,281,166,286,133,291,204,218,531,621,1148,222,402,97,430,393,92,210,429,309,98,316,147,361,366,280,450,143,311
533,476,228,88,567,121,524,151,186,222,462,298,1002,385,267,308,434,990,548,71,299,584,339,206,382,139,351,291,294,711,848,1619,283,514,118,593,523,78,287,587,361,110,431,206,467,493,354,579,208,403
804,849,357,159,956,219,854,280,311,366,785,1002,814,583,452,502,662,1427,923,108,467,935,517,355,637,207,605,451,474,1152,1354,2433,477,839,201,956,839,150,449,939,612,194,709,360,762,836,572,953,356,587
362,273,129,51,336,83,326,107,102,121,256,385,583,90,170,202,232,552,303,41,191,340,173,125,200,85,223,172,182,425,502,908,163,323,92,337,340,71,190,338,231,78,242,127,243,325,202,353,120,205
317,222,100,55,273,65,254,76,84,99,219,267,452,170,64,133,191,493,269,31,149,283,140,105,150,68,173,127,135,314,414,732,135,281,65,254,266,43,127,291,178,57,209,97,200,224,158,263,89,177
338,255,121,60,287,71,279,91,93,122,245,308,502,202,133,94,213,503,291,28,135,323,168,118,193,78,203,137,159,331,443,824,159,278,80,290,260,36,134,304,180,53,237,118,245,268,181,314,109,196
357,319,140,53,362,69,349,127,113,133,307,434,662,232,191,213,116,686,368,48,215,370,212,131,228,94,230,161,184,484,549,1010,200,346,81,359,329,65,170,354,249,77,261,139,286,338,222,362,134,237
869,839,368,130,908,188,833,329,324,379,763,990,1427,552,493,503,686,765,936,130,493,894,542,368,578,226,643,410,446,1113,1360,2463,491,833,200,1059,816,150,468,967,608,204,668,346,728,846,575,933,311,625
524,441,185,87,489,125,483,178,177,188,435,548,923,303,269,291,368,936,254,60,272,480,291,215,359,129,357,228,247,685,750,1450,282,476,116,547,487,84,272,526,313,93,373,185,437,484,328,489,178,333
72,49,24,5,58,8,46,17,19,21,53,71,108,41,31,28,48,130,60,3,44,66,31,20,43,18,38,30,27,81,86,184,46,49,15,65,45,7,33,56,51,18,49,25,50,70,44,60,22,42
335,226,94,41,275,63,264,85,71,109,243,299,467,191,149,135,215,493,272,44,73,310,176,123,185,83,182,123,122,353,396,789,157,269,59,312,296,38,136,304,168,56,215,90,231,247,177,290,100,199
515,453,174,94,530,142,514,176,150,212,443,584,935,340,283,323,370,894,480,66,310,272,294,210,372,136,370,257,258,653,704,1419,284,505,123,587,530,90,260,542,347,116,359,182,418,499,354,505,192,340
350,246,122,61,274,87,296,101,99,130,281,339,517,173,140,168,212,542,291,31,176,294,90,122,183,72,210,123,151,340,441,813,151,289,64,294,279,46,157,299,188,68,207,103,226,330,199,323,100,209
195,170,90,30,190,47,187,73,63,73,166,206,355,125,105,118,131,368,215,20,123,210,122,29,149,51,152,100,93,260,276,553,96,183,55,208,199,33,89,177,147,45,154,74,176,182,128,237,79,134
354,292,134,62,307,96,338,106,96,128,286,382,637,200,150,193,228,578,359,43,185,372,183,149,121,85,239,140,172,383,517,946,171,327,63,319,329,51,161,360,230,74,240,118,268,325,240,371,117,214
149,102,46,29,131,36,137,35,43,62,133,139,207,85,68,78,94,226,129,18,83,136,72,51,85,12,79,53,75,156,215,335,64,119,38,137,129,14,56,155,76,23,102,57,110,117,84,143,49,91
396,280,132,77,332,96,361,118,94,117,291,351,605,223,173,203,230,643,357,38,182,370,210,152,239,79,116,182,184,385,499,927,172,332,78,352,340,54,171,369,223,65,276,118,295,304,213,373,135,237
295,192,78,39,255,53,223,72,84,109,204,291,451,172,127,137,161,410,228,30,123,257,123,100,140,53,182,53,139,307,379,700,129,213,51,260,230,31,120,248,148,62,197,78,193,209,138,268,84,190
257,200,113,44,259,68,251,66,67,114,218,294,474,182,135,159,184,446,247,27,122,258,151,93,172,75,184,139,64,299,364,695,129,245,49,248,266,49,131,249,177,49,196,84,186,227,169,278,97,171
623,531,224,98,652,122,611,193,225,262,531,711,1152,425,314,331,484,1113,685,81,353,653,340,260,383,156,385,307,299,369,980,1826,377,600,139,639,587,103,308,697,445,156,485,242,497,596,372,672,230,428
725,656,287,130,787,170,742,245,236,284,621,848,1354,502,414,443,549,1360,750,86,396,704,441,276,517,215,499,379,364,980,555,2104,414,703,165,801,760,129,388,808,491,153,590,290,607,677,487,783,252,475
1160,1202,573,210,1411,283,1346,450,447,543,1148,1619,2433,908,732,824,1010,2463,1450,184,789,1419,813,553,946,335,927,700,695,1826,2104,1938,737,1365,299,1546,1336,252,720,1449,958,312,1075,513,1142,1277,913,1418,458,921
224,244,120,36,279,55,249,86,90,112,222,283,477,163,135,159,200,491,282,46,157,284,151,96,171,64,172,129,129,377,414,737,69,283,52,310,246,51,125,253,181,56,198,110,225,237,165,271,99,183
491,409,178,87,443,112,468,148,163,188,402,514,839,323,281,278,346,833,476,49,269,505,289,183,327,119,332,213,245,600,703,1365,283,245,113,499,431,68,262,501,301,113,370,174,402,438,291,466,196,305
116,105,46,20,125,29,124,41,40,50,97,118,201,92,65,80,81,200,116,15,59,123,64,55,63,38,78,51,49,139,165,299,52,113,15,125,98,28,50,124,88,21,85,39,94,108,79,121,54,73
528,419,226,93,541,119,545,155,179,208,430,593,956,337,254,290,359,1059,547,65,312,587,294,208,319,137,352,260,248,639,801,1546,310,499,125,250,471,81,271,581,341,111,414,209,393,507,319,560,184,360
498,425,184,81,507,110,434,149,167,191,393,523,839,340,266,260,329,816,487,45,296,530,279,199,329,129,340,230,266,587,760,1336,246,431,98,471,245,74,243,480,320,107,356,176,434,426,308,494,179,344
74,70,25,12,101,21,85,25,33,43,92,78,150,71,43,36,65,150,84,7,38,90,46,33,51,14,54,31,49,103,129,252,51,68,28,81,74,3,38,104,59,21,56,29,70,86,57,97,34,43
254,223,109,42,262,46,235,64,74,117,210,287,449,190,127,134,170,468,272,33,136,260,157,89,161,56,171,120,131,308,388,720,125,262,50,271,243,38,60,246,179,55,165,89,212,226,161,251,94,165
469,453,200,87,532,108,517,147,154,208,429,587,939,338,291,304,354,967,526,56,304,542,299,177,360,155,369,248,249,697,808,1449,253,501,124,581,480,104,246,272,342,115,393,207,399,492,319,524,181,369
316,322,139,55,341,74,327,108,105,152,309,361,612,231,178,180,249,608,313,51,168,347,188,147,230,76,223,148,177,445,491,958,181,301,88,341,320,59,179,342,98,80,250,126,251,317,210,315,128,213
96,90,43,21,120,25,113,30,32,50,98,110,194,78,57,53,77,204,93,18,56,116,68,45,74,23,65,62,49,156,153,312,56,113,21,111,107,21,55,115,80,9,61,49,85,84,65,107,48,75
367,364,164,55,408,80,381,110,130,161,316,431,709,242,209,237,261,668,373,49,215,359,207,154,240,102,276,197,196,485,590,1075,198,370,85,414,356,56,165,393,250,61,146,151,296,355,253,381,113,248
188,143,53,24,186,38,173,71,69,82,147,206,360,127,97,118,139,346,185,25,90,182,103,74,118,57,118,78,84,242,290,513,110,174,39,209,176,29,89,207,126,49,151,42,152,171,124,191,62,130
394,354,171,63,429,115,397,145,124,157,361,467,762,243,200,245,286,728,437,50,231,418,226,176,268,110,295,193,186,497,607,1142,225,402,94,393,434,70,212,399,251,85,296,152,191,386,292,436,156,273
417,402,186,73,465,101,421,144,145,181,366,493,836,325,224,268,338,846,484,70,247,499,330,182,325,117,304,209,227,596,677,1277,237,438,108,507,426,86,226,492,317,84,355,171,386,228,315,435,180,302
355,261,125,54,297,84,319,100,97,129,280,354,572,202,158,181,222,575,328,44,177,354,199,128,240,84,213,138,169,372,487,913,165,291,79,319,308,57,161,319,210,65,253,124,292,315,106,354,123,203
442,444,181,101,528,110,461,154,158,215,450,579,953,353,263,314,362,933,489,60,290,505,323,237,371,143,373,268,278,672,783,1418,271,466,121,560,494,97,251,524,315,107,381,191,436,435,354,278,161,361
148,153,75,39,176,54,183,60,57,65,143,208,356,120,89,109,134,311,178,22,100,192,100,79,117,49,135,84,97,230,252,458,99,196,54,184,179,34,94,181,128,48,113,62,156,180,123,161,35,139
387,274,128,60,365,79,324,109,110,159,311,403,587,205,177,196,237,625,333,42,199,340,209,134,214,91,237,190,171,428,475,921,183,305,73,360,344,43,165,369,213,75,248,130,273,302,203,361,139,121
