278,456,221,81,522,92,497,179,178,251,433,551,779,383,307,364,379,796,510,84,320,517,356,209,351,147,348,264,303,638,680,1093,257,494,116,543,503,92,259,477,348,119,363,198,461,415,333,462,171,378
456,193,176,71,444,98,407,133,146,168,374,480,795,283,242,224,347,755,434,61,231,451,262,157,278,94,274,213,241,491,630,1211,242,419,104,454,401,83,206,469,276,81,332,156,376,452,271,491,175,311
221,176,42,39,203,53,184,45,56,86,179,223,351,125,96,109,145,338,178,33,104,211,124,100,128,45,141,89,108,234,308,580,105,179,56,202,190,28,96,233,131,35,144,77,161,196,120,225,82,144
81,71,39,8,94,18,86,26,34,26,58,95,137,55,43,63,65,146,75,14,53,87,51,34,60,23,68,44,49,116,123,206,32,86,18,90,85,9,43,80,59,22,59,29,73,71,57,86,29,65
522,444,203,94,266,113,478,155,176,214,441,604,864,299,282,290,368,938,530,69,287,531,304,200,356,130,372,271,260,660,786,1435,277,484,114,542,492,78,253,560,352,95,348,199,400,484,331,529,220,344
92,98,53,18,113,7,109,32,34,36,102,129,189,71,66,78,84,214,96,14,79,116,69,45,86,24,90,60,62,151,176,314,54,101,32,125,103,25,66,119,71,31,80,39,101,105,73,113,34,94
497,407,184,86,478,109,232,132,149,178,431,543,826,312,269,298,334,889,449,69,247,490,282,194,322,127,335,235,223,599,742,1358,273,459,114,500,453,89,222,496,331,102,362,189,385,433,291,461,164,355
179,133,45,26,155,32,132,21,38,66,124,164,237,87,81,92,96,269,121,17,90,130,104,44,95,37,84,84,78,171,218,417,76,135,39,160,141,24,68,132,94,27,119,62,127,137,96,133,68,110
178,146,56,34,176,34,149,38,19,70,132,190,290,111,83,97,111,306,172,23,94,160,101,68,93,48,123,80,76,215,257,474,97,162,49,161,168,28,76,166,125,28,141,51,127,165,95,193,61,109
251,168,86,26,214,36,178,66,70,57,167,209,322,140,123,142,166,334,203,35,108,222,126,86,140,68,146,125,115,246,315,543,107,176,41,234,208,26,99,207,117,44,159,81,161,181,143,214,67,132
433,374,179,58,441,102,431,124,132,167,177,458,711,274,217,254,299,743,436,65,234,430,265,169,274,121,294,227,229,527,649,1166,219,425,113,463,408,74,203,436,292,93,300,170,328,386,274,427,150,298
551,480,223,95,604,129,543,164,190,209,458,312,1062,353,312,339,412,1013,600,61,292,577,312,229,365,125,344,240,268,739,878,1603,326,526,130,614,542,108,276,610,363,109,452,213,446,589,346,589,210,339
779,795,351,137,864,189,826,237,290,322,711,1062,834,584,493,532,678,1509,978,100,513,923,539,373,660,250,677,425,474,1180,1447,2451,495,824,211,973,860,151,426,999,565,188,667,389,752,851,559,970,291,602
383,283,125,55,299,71,312,87,111,140,274,353,584,100,170,194,210,601,299,43,197,322,184,136,191,97,226,153,188,370,491,896,173,300,79,325,347,56,136,385,210,55,235,115,278,312,192,340,123,232
307,242,96,43,282,66,269,81,83,123,217,312,493,170,74,140,174,487,283,25,155,270,160,110,176,66,166,123,141,321,371,697,128,239,51,276,229,47,123,294,184,59,206,113,211,241,158,296,110,188
364,224,109,63,290,78,298,92,97,142,254,339,532,194,140,71,200,522,298,30,171,293,174,118,190,65,186,111,141,328,423,816,154,267,70,315,256,60,140,312,186,70,219,119,246,257,182,324,126,203
379,347,145,65,368,84,334,96,111,166,299,412,678,210,174,200,142,673,356,52,180,359,221,139,226,94,234,185,180,440,566,1063,223,346,81,383,354,57,175,389,216,60,272,144,278,331,246,370,153,237
796,755,338,146,938,214,889,269,306,334,743,1013,1509,601,487,522,673,800,956,114,569,980,532,373,647,238,635,421,447,1157,1450,2428,521,841,208,982,881,159,438,989,588,187,663,358,770,854,568,949,303,614
510,434,178,75,530,96,449,121,172,203,436,600,978,299,283,298,356,956,240,66,268,485,294,194,392,127,318,212,289,684,748,1460,300,445,109,551,468,89,237,537,314,102,396,213,460,477,361,535,201,402
84,61,33,14,69,14,69,17,23,35,65,61,100,43,25,30,52,114,66,5,38,76,36,28,32,18,46,24,30,71,96,194,29,64,15,62,69,9,38,89,40,8,43,25,48,66,41,85,26,51
320,231,104,53,287,79,247,90,94,108,234,292,513,197,155,171,180,569,268,38,66,280,154,138,188,73,189,129,139,307,421,792,158,250,62,243,282,43,146,288,192,41,203,87,249,247,163,295,117,203
517,451,211,87,531,116,490,130,160,222,430,577,923,322,270,293,359,980,485,76,280,278,294,220,387,132,352,233,284,670,787,1409,281,501,127,541,468,102,265,543,338,105,390,209,401,506,322,556,214,403
356,262,124,51,304,69,282,104,101,126,265,312,539,184,160,174,221,532,294,36,154,294,83,123,194,72,176,136,157,371,416,854,145,249,71,332,281,46,177,314,179,63,227,92,223,269,195,317,129,179
209,157,100,34,200,45,194,44,68,86,169,229,373,136,110,118,139,373,194,28,138,220,123,32,122,52,121,102,101,259,308,552,102,203,50,223,197,36,94,216,134,36,149,77,147,190,122,206,77,148
351,278,128,60,356,86,322,95,93,140,274,365,660,191,176,190,226,647,392,32,188,387,194,122,111,86,225,162,180,415,526,993,190,315,73,322,337,54,171,387,221,80,279,131,260,335,217,367,129,215
147,94,45,23,130,24,127,37,48,68,121,125,250,97,66,65,94,238,127,18,73,132,72,52,86,7,65,66,69,166,169,353,68,133,30,130,141,22,50,122,89,28,93,71,114,103,76,118,52,95
348,274,141,68,372,90,335,84,123,146,294,344,677,226,166,186,234,635,318,46,189,352,176,121,225,65,101,174,182,436,514,1000,210,323,90,311,341,66,168,387,253,67,241,140,275,326,220,380,149,241
264,213,89,44,271,60,235,84,80,125,227,240,425,153,123,111,185,421,212,24,129,233,136,102,162,66,174,58,102,257,350,661,119,232,68,242,235,29,139,263,169,54,187,84,210,186,171,211,104,156
303,241,108,49,260,62,223,78,76,115,229,268,474,188,141,141,180,447,289,30,139,284,157,101,180,69,182,102,68,331,353,731,120,248,48,246,238,38,114,263,163,47,196,110,204,243,166,265,94,174
638,491,234,116,660,151,599,171,215,246,527,739,1180,370,321,328,440,1157,684,71,307,670,371,259,415,166,436,257,331,384,992,1834,384,534,128,639,618,111,314,699,439,123,479,251,520,596,404,658,246,425
680,630,308,123,786,176,742,218,257,315,649,878,1447,491,371,423,566,1450,748,96,421,787,416,308,526,169,514,350,353,992,578,2152,427,735,181,844,739,135,372,768,497,147,583,275,615,743,449,750,273,515
1093,1211,580,206,1435,314,1358,417,474,543,1166,1603,2451,896,697,816,1063,2428,1460,194,792,1409,854,552,993,353,1000,661,731,1834,2152,2018,752,1326,336,1568,1348,215,733,1556,963,276,1028,544,1117,1339,901,1433,516,946
257,242,105,32,277,54,273,76,97,107,219,326,495,173,128,154,223,521,300,29,158,281,145,102,190,68,210,119,120,384,427,752,83,252,65,315,234,55,149,285,195,67,203,115,199,234,176,297,81,178
494,419,179,86,484,101,459,135,162,176,425,526,824,300,239,267,346,841,445,64,250,501,249,203,315,133,323,232,248,534,735,1326,252,226,119,491,446,78,240,502,299,114,340,167,382,435,297,508,169,332
116,104,56,18,114,32,114,39,49,41,113,130,211,79,51,70,81,208,109,15,62,127,71,50,73,30,90,68,48,128,181,336,65,119,19,127,105,21,60,124,73,19,82,42,92,106,59,120,55,84
543,454,202,90,542,125,500,160,161,234,463,614,973,325,276,315,383,982,551,62,243,541,332,223,322,130,311,242,246,639,844,1568,315,491,127,259,486,81,283,632,378,119,400,193,446,499,334,565,203,354
503,401,190,85,492,103,453,141,168,208,408,542,860,347,229,256,354,881,468,69,282,468,281,197,337,141,341,235,238,618,739,1348,234,446,105,486,249,92,230,485,292,108,325,159,401,433,294,474,171,333
92,83,28,9,78,25,89,24,28,26,74,108,151,56,47,60,57,159,89,9,43,102,46,36,54,22,66,29,38,111,135,215,55,78,21,81,92,3,41,95,58,13,68,39,75,63,50,82,39,62
259,206,96,43,253,66,222,68,76,99,203,276,426,136,123,140,175,438,237,38,146,265,177,94,171,50,168,139,114,314,372,733,149,240,60,283,230,41,63,235,167,52,180,86,197,226,151,242,89,165
477,469,233,80,560,119,496,132,166,207,436,610,999,385,294,312,389,989,537,89,288,543,314,216,387,122,387,263,263,699,768,1556,285,502,124,632,485,95,235,261,361,108,427,200,437,490,325,561,228,374
348,276,131,59,352,71,331,94,125,117,292,363,565,210,184,186,216,588,314,40,192,338,179,134,221,89,253,169,163,439,497,963,195,299,73,378,292,58,167,361,129,66,282,140,266,309,231,351,144,239
119,81,35,22,95,31,102,27,28,44,93,109,188,55,59,70,60,187,102,8,41,105,63,36,80,28,67,54,47,123,147,276,67,114,19,119,108,13,52,108,66,10,63,34,84,103,59,96,34,79
363,332,144,59,348,80,362,119,141,159,300,452,667,235,206,219,272,663,396,43,203,390,227,149,279,93,241,187,196,479,583,1028,203,340,82,400,325,68,180,427,282,63,120,150,311,369,241,397,127,299
198,156,77,29,199,39,189,62,51,81,170,213,389,115,113,119,144,358,213,25,87,209,92,77,131,71,140,84,110,251,275,544,115,167,42,193,159,39,86,200,140,34,150,39,168,199,116,191,82,111
461,376,161,73,400,101,385,127,127,161,328,446,752,278,211,246,278,770,460,48,249,401,223,147,260,114,275,210,204,520,615,1117,199,382,92,446,401,75,197,437,266,84,311,168,150,389,246,406,149,298
415,452,196,71,484,105,433,137,165,181,386,589,851,312,241,257,331,854,477,66,247,506,269,190,335,103,326,186,243,596,743,1339,234,435,106,499,433,63,226,490,309,103,369,199,389,213,295,525,182,312
333,271,120,57,331,73,291,96,95,143,274,346,559,192,158,182,246,568,361,41,163,322,195,122,217,76,220,171,166,404,449,901,176,297,59,334,294,50,151,325,231,59,241,116,246,295,95,303,111,223
462,491,225,86,529,113,461,133,193,214,427,589,970,340,296,324,370,949,535,85,295,556,317,206,367,118,380,211,265,658,750,1433,297,508,120,565,474,82,242,561,351,96,397,191,406,525,303,252,193,353
171,175,82,29,220,34,164,68,61,67,150,210,291,123,110,126,153,303,201,26,117,214,129,77,129,52,149,104,94,246,273,516,81,169,55,203,171,39,89,228,144,34,127,82,149,182,111,193,25,113
378,311,144,65,344,94,355,110,109,132,298,339,602,232,188,203,237,614,402,51,203,403,179,148,215,95,241,156,174,425,515,946,178,332,84,354,333,62,165,374,239,79,299,111,298,312,223,353,113,122
