270,433,227,95,478,116,497,187,179,241,452,521,867,416,341,337,365,843,537,72,324,528,350,212,358,146,380,277,306,656,737,1233,260,516,124,521,472,85,246,492,303,113,403,197,438,454,352,502,177,394
433,192,178,86,450,113,442,138,154,172,376,502,821,271,233,245,326,828,421,50,238,457,276,176,301,121,302,185,237,516,663,1235,212,425,110,463,416,77,232,470,286,71,334,157,355,409,275,453,170,293
227,178,37,44,203,42,192,48,54,85,143,202,350,134,109,114,170,375,212,17,92,209,104,77,111,50,134,103,91,240,292,585,97,188,36,206,167,41,88,230,152,37,157,64,145,193,115,208,62,124
95,86,44,11,74,22,91,20,31,29,60,103,155,57,62,58,59,141,86,11,54,85,60,34,57,28,59,42,47,112,115,225,47,83,25,92,92,18,38,81,50,15,65,34,71,69,47,89,26,63
478,450,203,74,255,113,531,163,163,207,432,611,940,318,280,277,341,901,524,73,284,533,319,241,359,139,360,235,286,666,787,1462,286,499,116,561,471,95,253,519,342,98,369,221,431,507,350,544,209,335
116,113,42,22,113,12,108,31,45,44,85,130,189,77,86,84,105,178,122,13,70,116,69,50,67,43,91,47,59,142,160,308,59,103,34,134,120,18,62,115,72,30,100,40,89,108,66,138,40,73
497,442,192,91,531,108,228,147,177,179,453,524,908,326,252,283,367,915,499,57,297,530,280,197,335,119,347,219,254,617,720,1353,264,466,108,523,460,89,273,526,286,104,393,179,376,461,313,492,175,330
187,138,48,20,163,31,147,25,44,73,139,181,271,132,85,96,100,273,143,19,92,167,78,70,97,37,99,67,61,184,225,413,80,129,31,146,138,29,62,152,105,30,120,58,108,126,98,148,54,94
179,154,54,31,163,45,177,44,37,73,147,203,317,110,73,96,133,304,163,19,95,172,94,91,113,45,115,88,79,192,256,478,94,163,43,182,155,32,94,181,103,34,149,63,127,139,98,184,60,104
241,172,85,29,207,44,179,73,73,45,159,227,363,149,94,104,146,364,191,33,134,213,129,75,130,53,124,111,106,260,305,532,117,180,55,238,189,45,93,200,126,32,180,81,169,175,133,203,70,145
452,376,143,60,432,85,453,139,147,159,166,469,735,276,226,239,320,745,372,58,254,406,284,173,291,108,266,223,216,534,620,1138,206,397,104,485,388,62,215,412,289,74,350,181,352,412,289,468,158,321
521,502,202,103,611,130,524,181,203,227,469,330,1047,379,265,318,420,1023,544,65,293,571,294,237,337,131,331,255,270,726,899,1618,293,539,125,619,520,99,283,645,338,99,418,235,418,555,344,566,212,351
867,821,350,155,940,189,908,271,317,363,735,1047,807,564,468,533,649,1421,866,106,459,912,507,363,578,233,650,423,427,1183,1346,2493,491,851,209,993,849,149,447,996,623,194,659,371,748,874,561,950,300,593
416,271,134,57,318,77,326,132,110,149,276,379,564,110,156,212,214,578,286,40,210,324,180,128,229,77,226,142,180,394,491,865,164,304,93,343,322,46,177,317,204,56,233,137,259,284,196,321,141,240
341,233,109,62,280,86,252,85,73,94,226,265,468,156,66,136,176,487,280,34,144,290,138,98,188,66,172,123,133,324,376,724,134,277,61,279,255,49,137,276,173,40,223,84,189,257,159,275,108,186
337,245,114,58,277,84,283,96,96,104,239,318,533,212,136,78,189,515,281,32,158,299,172,104,179,58,171,116,135,358,424,785,156,272,60,280,302,51,139,286,182,46,228,84,236,275,154,312,119,190
365,326,170,59,341,105,367,100,133,146,320,420,649,214,176,189,146,637,368,42,211,344,215,147,225,102,231,180,185,483,580,1014,181,354,96,365,364,50,185,371,273,62,267,143,255,347,227,368,169,249
843,828,375,141,901,178,915,273,304,364,745,1023,1421,578,487,515,637,751,906,109,483,937,507,382,572,229,621,457,413,1110,1349,2476,494,832,205,999,839,154,458,944,600,200,654,336,741,860,538,980,299,647
537,421,212,86,524,122,499,143,163,191,372,544,866,286,280,281,368,906,249,68,278,473,314,191,288,135,345,244,253,651,770,1441,281,439,114,560,481,90,229,499,330,115,409,197,403,466,315,538,176,352
72,50,17,11,73,13,57,19,19,33,58,65,106,40,34,32,42,109,68,5,31,62,38,28,29,18,37,19,31,69,90,163,30,43,13,64,45,13,34,53,43,13,48,30,47,61,30,69,18,43
324,238,92,54,284,70,297,92,95,134,254,293,459,210,144,158,211,483,278,31,64,285,157,116,159,77,174,139,137,369,427,781,147,271,74,276,298,46,139,296,170,56,209,102,229,270,166,301,93,185
528,457,209,85,533,116,530,167,172,213,406,571,912,324,290,299,344,937,473,62,285,240,316,201,344,125,351,238,265,666,769,1434,275,453,116,574,495,87,273,510,344,116,399,182,412,482,320,518,198,384
350,276,104,60,319,69,280,78,94,129,284,294,507,180,138,172,215,507,314,38,157,316,71,123,208,79,204,145,161,350,415,821,149,279,77,322,287,50,145,317,197,48,231,102,245,279,187,286,108,186
212,176,77,34,241,50,197,70,91,75,173,237,363,128,98,104,147,382,191,28,116,201,123,40,134,49,145,91,112,249,306,555,89,187,37,217,192,27,112,222,145,36,134,84,163,180,134,194,78,150
358,301,111,57,359,67,335,97,113,130,291,337,578,229,188,179,225,572,288,29,159,344,208,134,113,90,195,143,165,384,521,902,151,287,63,333,322,59,176,358,223,59,292,130,268,316,228,367,106,219
146,121,50,28,139,43,119,37,45,53,108,131,233,77,66,58,102,229,135,18,77,125,79,49,90,22,80,50,68,149,198,352,76,137,26,134,102,19,53,144,84,19,108,45,95,130,81,149,54,91
380,302,134,59,360,91,347,99,115,124,266,331,650,226,172,171,231,621,345,37,174,351,204,145,195,80,96,136,185,408,511,949,179,309,60,331,315,55,171,393,242,53,267,140,272,342,199,361,130,222
277,185,103,42,235,47,219,67,88,111,223,255,423,142,123,116,180,457,244,19,139,238,145,91,143,50,136,60,119,282,367,665,138,210,49,220,256,41,108,220,140,40,200,86,185,217,153,253,100,174
306,237,91,47,286,59,254,61,79,106,216,270,427,180,133,135,185,413,253,31,137,265,161,112,165,68,185,119,69,268,348,621,115,245,54,279,263,37,117,258,149,37,202,101,217,251,160,239,82,165
656,516,240,112,666,142,617,184,192,260,534,726,1183,394,324,358,483,1110,651,69,369,666,350,249,384,149,408,282,268,371,994,1888,351,601,147,669,628,126,334,709,421,142,465,252,498,596,370,702,233,477
737,663,292,115,787,160,720,225,256,305,620,899,1346,491,376,424,580,1349,770,90,427,769,415,306,521,198,511,367,348,994,559,2158,422,685,181,788,710,136,420,825,502,169,593,289,584,685,495,821,274,532
1233,1235,585,225,1462,308,1353,413,478,532,1138,1618,2493,865,724,785,1014,2476,1441,163,781,1434,821,555,902,352,949,665,621,1888,2158,2038,768,1390,315,1546,1364,274,711,1543,960,301,1065,555,1083,1382,917,1446,512,972
260,212,97,47,286,59,264,80,94,117,206,293,491,164,134,156,181,494,281,30,147,275,149,89,151,76,179,138,115,351,422,768,71,267,60,309,256,47,148,312,177,55,232,109,185,255,159,280,78,171
516,425,188,83,499,103,466,129,163,180,397,539,851,304,277,272,354,832,439,43,271,453,279,187,287,137,309,210,245,601,685,1390,267,216,102,492,442,102,229,475,313,82,367,191,406,418,329,525,175,324
124,110,36,25,116,34,108,31,43,55,104,125,209,93,61,60,96,205,114,13,74,116,77,37,63,26,60,49,54,147,181,315,60,102,10,159,109,19,57,119,79,22,73,40,89,119,89,120,43,70
521,463,206,92,561,134,523,146,182,238,485,619,993,343,279,280,365,999,560,64,276,574,322,217,333,134,331,220,279,669,788,1546,309,492,159,240,472,68,266,562,357,109,398,198,415,540,312,501,224,381
472,416,167,92,471,120,460,138,155,189,388,520,849,322,255,302,364,839,481,45,298,495,287,192,322,102,315,256,263,628,710,1364,256,442,109,472,214,81,226,528,287,100,355,164,390,440,292,484,167,338
85,77,41,18,95,18,89,29,32,45,62,99,149,46,49,51,50,154,90,13,46,87,50,27,59,19,55,41,37,126,136,274,47,102,19,68,81,7,41,86,47,16,74,29,81,66,51,100,41,51
246,232,88,38,253,62,273,62,94,93,215,283,447,177,137,139,185,458,229,34,139,273,145,112,176,53,171,108,117,334,420,711,148,229,57,266,226,41,61,292,165,42,182,108,203,256,157,254,90,178
492,470,230,81,519,115,526,152,181,200,412,645,996,317,276,286,371,944,499,53,296,510,317,222,358,144,393,220,258,709,825,1543,312,475,119,562,528,86,292,264,371,95,434,181,432,493,344,565,195,368
303,286,152,50,342,72,286,105,103,126,289,338,623,204,173,182,273,600,330,43,170,344,197,145,223,84,242,140,149,421,502,960,177,313,79,357,287,47,165,371,121,65,251,121,267,319,255,361,116,196
113,71,37,15,98,30,104,30,34,32,74,99,194,56,40,46,62,200,115,13,56,116,48,36,59,19,53,40,37,142,169,301,55,82,22,109,100,16,42,95,65,11,89,45,70,103,69,117,40,66
403,334,157,65,369,100,393,120,149,180,350,418,659,233,223,228,267,654,409,48,209,399,231,134,292,108,267,200,202,465,593,1065,232,367,73,398,355,74,182,434,251,89,136,153,329,369,229,416,146,252
197,157,64,34,221,40,179,58,63,81,181,235,371,137,84,84,143,336,197,30,102,182,102,84,130,45,140,86,101,252,289,555,109,191,40,198,164,29,108,181,121,45,153,33,139,174,106,204,67,116
438,355,145,71,431,89,376,108,127,169,352,418,748,259,189,236,255,741,403,47,229,412,245,163,268,95,272,185,217,498,584,1083,185,406,89,415,390,81,203,432,267,70,329,139,158,383,252,401,139,266
454,409,193,69,507,108,461,126,139,175,412,555,874,284,257,275,347,860,466,61,270,482,279,180,316,130,342,217,251,596,685,1382,255,418,119,540,440,66,256,493,319,103,369,174,383,205,273,504,148,298
352,275,115,47,350,66,313,98,98,133,289,344,561,196,159,154,227,538,315,30,166,320,187,134,228,81,199,153,160,370,495,917,159,329,89,312,292,51,157,344,255,69,229,106,252,273,93,329,107,237
502,453,208,89,544,138,492,148,184,203,468,566,950,321,275,312,368,980,538,69,301,518,286,194,367,149,361,253,239,702,821,1446,280,525,120,501,484,100,254,565,361,117,416,204,401,504,329,271,184,365
177,170,62,26,209,40,175,54,60,70,158,212,300,141,108,119,169,299,176,18,93,198,108,78,106,54,130,100,82,233,274,512,78,175,43,224,167,41,90,195,116,40,146,67,139,148,107,184,26,111
394,293,124,63,335,73,330,94,104,145,321,351,593,240,186,190,249,647,352,43,185,384,186,150,219,91,222,174,165,477,532,972,171,324,70,381,338,51,178,368,196,66,252,116,266,298,237,365,111,112
