271,450,206,86,485,102,478,198,191,242,465,514,849,371,298,310,354,838,525,73,335,523,332,214,368,165,412,273,272,608,731,1211,224,515,102,529,507,92,255,488,294,107,352,172,453,432,332,513,159,376
450,195,180,82,458,115,405,139,123,178,355,475,792,288,223,239,302,806,448,56,227,488,266,178,293,104,274,209,217,521,691,1272,269,413,94,439,383,71,217,502,281,98,324,154,316,391,281,483,159,284
206,180,26,31,186,45,217,61,54,86,164,225,348,147,100,115,135,354,182,20,105,206,101,88,103,46,132,77,88,252,298,572,98,171,57,187,223,39,108,226,129,42,169,73,148,187,116,227,75,123
86,82,31,4,98,18,75,29,26,34,78,95,145,49,49,59,58,142,84,10,53,82,48,34,65,23,59,51,54,101,110,223,40,89,15,99,71,14,42,76,52,11,53,37,74,68,53,76,30,53
485,458,186,98,276,121,480,148,146,227,459,583,935,317,281,322,373,925,520,59,266,483,302,217,304,130,343,252,254,642,749,1347,286,488,110,538,472,98,263,592,337,95,381,203,405,462,320,528,168,327
102,115,45,18,121,13,112,41,41,43,87,121,180,77,54,72,73,202,104,17,71,107,68,53,72,26,78,63,69,146,145,311,55,120,22,114,96,17,56,105,69,19,75,44,88,80,65,107,38,87
478,405,217,75,480,112,208,143,163,182,379,534,854,289,248,259,365,844,493,62,277,489,305,196,322,119,313,248,260,633,699,1327,287,461,108,506,438,90,242,494,318,87,347,177,360,418,282,504,168,322
198,139,61,29,148,41,143,28,43,71,133,171,299,122,82,81,115,264,141,20,69,159,90,69,103,41,106,48,62,187,256,448,73,146,30,143,147,12,74,194,99,33,116,56,127,137,96,178,57,93
191,123,54,26,146,41,163,43,17,71,148,173,325,103,97,92,127,296,185,20,111,178,109,71,117,39,109,73,79,225,246,485,94,146,37,168,162,34,78,157,110,30,143,57,131,143,119,160,66,99
242,178,86,34,227,43,182,71,71,44,157,236,357,129,117,118,152,334,197,24,128,222,140,79,143,51,145,108,104,241,325,574,117,181,54,201,192,36,105,200,137,51,173,71,163,161,133,215,78,137
465,355,164,78,459,87,379,133,148,157,159,486,759,279,240,263,306,742,414,55,261,436,257,162,261,99,295,233,194,538,615,1211,246,413,104,439,391,80,217,443,269,105,343,146,339,356,274,423,167,275
514,475,225,95,583,121,534,171,173,236,486,338,974,380,321,333,379,995,532,70,305,553,287,252,334,143,362,255,256,731,845,1560,272,531,130,574,515,106,308,603,351,120,451,197,462,520,367,562,191,403
849,792,348,145,935,180,854,299,325,357,759,974,802,584,503,566,702,1482,930,106,517,927,521,352,587,236,641,401,438,1152,1388,2470,501,829,187,1013,843,136,489,962,623,192,708,348,706,819,583,946,309,650
371,288,147,49,317,77,289,122,103,129,279,380,584,107,185,196,239,584,328,36,188,362,223,130,209,74,217,139,182,433,490,866,180,292,57,314,307,68,173,340,227,74,236,119,258,303,225,322,102,218
298,223,100,49,281,54,248,82,97,117,240,321,503,185,59,117,181,490,261,34,129,249,166,99,174,58,194,138,142,331,416,755,157,258,58,230,257,49,139,280,173,44,213,105,211,248,152,277,93,194
310,239,115,59,322,72,259,81,92,118,263,333,566,196,117,63,219,546,291,36,151,297,171,123,177,69,198,137,137,376,459,829,158,278,77,260,289,42,144,333,195,45,251,101,216,276,175,301,111,201
354,302,135,58,373,73,365,115,127,152,306,379,702,239,181,219,138,695,357,42,192,379,206,160,246,99,273,188,166,461,585,1037,190,347,82,366,383,53,208,377,242,68,288,148,316,329,219,372,140,247
838,806,354,142,925,202,844,264,296,334,742,995,1482,584,490,546,695,810,968,134,497,939,513,321,617,233,574,414,439,1139,1408,2457,487,855,207,1019,836,140,453,944,586,162,712,369,697,837,546,934,299,626
525,448,182,84,520,104,493,141,185,197,414,532,930,328,261,291,357,968,234,62,250,491,279,213,333,117,348,249,266,654,793,1419,265,446,107,564,509,93,254,571,326,108,378,205,412,493,291,515,192,352
73,56,20,10,59,17,62,20,20,24,55,70,106,36,34,36,42,134,62,0,29,63,32,20,37,11,31,23,29,80,108,181,33,50,23,58,61,12,31,62,35,5,42,26,62,67,36,88,25,37
335,227,105,53,266,71,277,69,111,128,261,305,517,188,129,151,192,497,250,29,66,284,161,133,164,68,186,135,125,320,441,851,156,258,57,314,278,37,141,318,158,57,235,103,229,274,171,298,98,189
523,488,206,82,483,107,489,159,178,222,436,553,927,362,249,297,379,939,491,63,284,271,311,218,339,119,336,235,255,639,763,1421,278,471,120,547,522,97,264,519,335,103,424,202,426,478,313,551,175,337
332,266,101,48,302,68,305,90,109,140,257,287,521,223,166,171,206,513,279,32,161,311,83,125,190,62,196,140,167,337,434,885,187,256,64,306,284,49,164,303,222,54,242,119,258,276,195,302,133,221
214,178,88,34,217,53,196,69,71,79,162,252,352,130,99,123,160,321,213,20,133,218,125,43,121,36,135,90,88,269,284,553,111,193,42,215,195,38,112,199,143,41,138,64,137,166,127,196,75,108
368,293,103,65,304,72,322,103,117,143,261,334,587,209,174,177,246,617,333,37,164,339,190,121,94,67,204,150,156,363,451,963,203,298,67,330,313,63,149,342,219,68,247,125,208,305,212,318,134,214
165,104,46,23,130,26,119,41,39,51,99,143,236,74,58,69,99,233,117,11,68,119,62,36,67,14,71,68,63,163,170,352,71,131,26,138,135,21,85,139,96,24,91,40,103,124,77,137,47,74
412,274,132,59,343,78,313,106,109,145,295,362,641,217,194,198,273,574,348,31,186,336,196,135,204,71,118,166,179,393,448,959,195,321,76,370,331,58,206,339,243,60,243,122,271,312,209,344,132,229
273,209,77,51,252,63,248,48,73,108,233,255,401,139,138,137,188,414,249,23,135,235,140,90,150,68,166,56,126,299,371,625,130,233,48,256,206,42,108,278,165,54,204,83,184,247,151,252,95,185
272,217,88,54,254,69,260,62,79,104,194,256,438,182,142,137,166,439,266,29,125,255,167,88,156,63,179,126,64,322,367,651,156,230,61,238,244,38,126,272,169,52,201,97,184,243,155,254,94,172
608,521,252,101,642,146,633,187,225,241,538,731,1152,433,331,376,461,1139,654,80,320,639,337,269,363,163,393,299,322,405,977,1806,344,602,140,642,556,97,326,698,419,133,468,230,482,604,372,685,228,450
731,691,298,110,749,145,699,256,246,325,615,845,1388,490,416,459,585,1408,793,108,441,763,434,284,451,170,448,371,367,977,567,2070,433,755,163,823,675,129,391,769,508,151,589,304,560,704,451,776,277,521
1211,1272,572,223,1347,311,1327,448,485,574,1211,1560,2470,866,755,829,1037,2457,1419,181,851,1421,885,553,963,352,959,625,651,1806,2070,1967,779,1308,303,1602,1294,215,698,1491,941,270,1067,557,1111,1327,901,1412,509,961
224,269,98,40,286,55,287,73,94,117,246,272,501,180,157,158,190,487,265,33,156,278,187,111,203,71,195,130,156,344,433,779,86,239,60,286,236,46,136,308,189,49,214,115,209,245,198,281,105,214
515,413,171,89,488,120,461,146,146,181,413,531,829,292,258,278,347,855,446,50,258,471,256,193,298,131,321,233,230,602,755,1308,239,217,100,498,434,74,223,492,296,92,355,175,396,434,299,486,175,304
102,94,57,15,110,22,108,30,37,54,104,130,187,57,58,77,82,207,107,23,57,120,64,42,67,26,76,48,61,140,163,303,60,100,11,139,109,18,47,124,77,20,101,51,86,109,62,103,34,71
529,439,187,99,538,114,506,143,168,201,439,574,1013,314,230,260,366,1019,564,58,314,547,306,215,330,138,370,256,238,642,823,1602,286,498,139,276,526,87,274,567,345,107,424,201,425,498,301,578,204,368
507,383,223,71,472,96,438,147,162,192,391,515,843,307,257,289,383,836,509,61,278,522,284,195,313,135,331,206,244,556,675,1294,236,434,109,526,219,84,252,497,313,84,341,170,362,422,305,489,155,329
92,71,39,14,98,17,90,12,34,36,80,106,136,68,49,42,53,140,93,12,37,97,49,38,63,21,58,42,38,97,129,215,46,74,18,87,84,6,43,89,63,16,63,26,78,69,57,101,36,50
255,217,108,42,263,56,242,74,78,105,217,308,489,173,139,144,208,453,254,31,141,264,164,112,149,85,206,108,126,326,391,698,136,223,47,274,252,43,55,296,149,44,207,110,213,215,176,270,110,156
488,502,226,76,592,105,494,194,157,200,443,603,962,340,280,333,377,944,571,62,318,519,303,199,342,139,339,278,272,698,769,1491,308,492,124,567,497,89,296,282,369,113,387,223,400,505,335,557,186,361
294,281,129,52,337,69,318,99,110,137,269,351,623,227,173,195,242,586,326,35,158,335,222,143,219,96,243,165,169,419,508,941,189,296,77,345,313,63,149,369,108,57,230,122,275,304,210,358,122,226
107,98,42,11,95,19,87,33,30,51,105,120,192,74,44,45,68,162,108,5,57,103,54,41,68,24,60,54,52,133,151,270,49,92,20,107,84,16,44,113,57,9,87,39,89,109,68,100,29,64
352,324,169,53,381,75,347,116,143,173,343,451,708,236,213,251,288,712,378,42,235,424,242,138,247,91,243,204,201,468,589,1067,214,355,101,424,341,63,207,387,230,87,133,142,304,353,228,405,138,269
172,154,73,37,203,44,177,56,57,71,146,197,348,119,105,101,148,369,205,26,103,202,119,64,125,40,122,83,97,230,304,557,115,175,51,201,170,26,110,223,122,39,142,31,154,174,126,206,72,127
453,316,148,74,405,88,360,127,131,163,339,462,706,258,211,216,316,697,412,62,229,426,258,137,208,103,271,184,184,482,560,1111,209,396,86,425,362,78,213,400,275,89,304,154,118,366,240,393,142,275
432,391,187,68,462,80,418,137,143,161,356,520,819,303,248,276,329,837,493,67,274,478,276,166,305,124,312,247,243,604,704,1327,245,434,109,498,422,69,215,505,304,109,353,174,366,223,266,513,174,307
332,281,116,53,320,65,282,96,119,133,274,367,583,225,152,175,219,546,291,36,171,313,195,127,212,77,209,151,155,372,451,901,198,299,62,301,305,57,176,335,210,68,228,126,240,266,111,323,123,208
513,483,227,76,528,107,504,178,160,215,423,562,946,322,277,301,372,934,515,88,298,551,302,196,318,137,344,252,254,685,776,1412,281,486,103,578,489,101,270,557,358,100,405,206,393,513,323,250,211,381
159,159,75,30,168,38,168,57,66,78,167,191,309,102,93,111,140,299,192,25,98,175,133,75,134,47,132,95,94,228,277,509,105,175,34,204,155,36,110,186,122,29,138,72,142,174,123,211,18,134
376,284,123,53,327,87,322,93,99,137,275,403,650,218,194,201,247,626,352,37,189,337,221,108,214,74,229,185,172,450,521,961,214,304,71,368,329,50,156,361,226,64,269,127,275,307,208,381,134,106
