280,497,205,91,537,102,471,191,180,235,436,515,803,391,315,344,385,833,513,63,319,511,354,220,362,168,408,286,320,648,707,1146,243,488,99,553,487,82,269,471,342,123,378,168,434,470,355,511,160,402
497,167,156,85,461,112,442,124,135,149,368,497,783,293,211,244,314,815,433,46,228,442,242,181,261,112,295,210,200,542,680,1262,210,404,94,448,414,59,231,493,279,95,344,159,337,409,261,462,178,320
205,156,33,49,192,55,201,67,50,87,175,239,383,142,102,96,144,392,206,23,99,200,110,74,121,60,146,83,96,214,316,554,124,186,44,189,176,29,124,217,129,46,166,78,137,181,117,218,68,147
91,85,49,7,91,12,87,31,23,37,76,85,153,60,38,55,65,131,103,13,49,107,54,46,71,19,46,30,51,101,118,209,37,67,21,97,80,11,40,99,52,30,54,30,76,84,55,80,33,70
537,461,192,91,248,124,515,145,170,216,447,564,953,321,253,303,378,960,509,57,277,522,282,201,349,132,337,256,255,656,787,1442,270,481,118,533,501,75,289,558,337,108,414,187,419,472,295,549,195,384
102,112,55,12,124,13,134,29,32,48,95,126,223,81,52,64,79,200,119,13,66,129,72,68,98,28,79,55,65,136,155,299,58,114,28,144,111,16,56,128,77,28,90,43,106,112,78,117,45,90
471,442,201,87,515,134,247,145,144,181,398,521,909,313,264,282,344,915,503,53,242,496,277,201,324,135,335,220,240,634,719,1347,258,448,107,547,425,92,236,514,315,121,373,176,365,493,311,504,178,343
191,124,67,31,145,29,145,14,46,69,131,174,268,102,79,81,100,248,159,11,86,154,94,54,98,43,88,74,92,183,222,411,82,134,33,171,149,33,66,152,76,34,129,45,103,143,87,152,46,119
180,135,50,23,170,32,144,46,14,62,138,178,308,104,86,93,129,304,169,18,98,173,88,60,102,34,93,63,67,203,244,460,90,177,30,178,135,38,99,164,126,26,118,61,109,179,121,158,51,111
235,149,87,37,216,48,181,69,62,48,169,212,378,137,111,123,150,361,226,23,113,221,149,73,166,54,152,97,118,248,314,536,108,202,50,216,178,32,101,188,132,50,143,83,186,193,132,217,73,154
436,368,175,76,447,95,398,131,138,169,166,442,718,261,239,244,291,788,454,61,243,422,256,178,275,119,297,206,251,557,619,1104,233,383,109,444,377,79,206,414,300,75,327,165,347,377,267,430,163,293
515,497,239,85,564,126,521,174,178,212,442,340,1006,355,278,334,413,1068,578,74,327,574,287,207,348,140,386,263,280,714,884,1597,327,537,144,590,517,93,323,601,381,129,432,210,420,503,348,559,219,380
803,783,383,153,953,223,909,268,308,378,718,1006,845,592,463,515,684,1479,928,107,516,900,530,389,593,223,632,427,438,1120,1386,2547,489,888,226,1000,832,160,474,1042,638,184,701,344,697,878,576,921,329,605
391,293,142,60,321,81,313,102,104,137,261,355,592,112,166,194,239,557,339,39,155,336,186,135,235,89,224,149,150,363,481,931,179,309,76,362,291,47,167,346,192,62,241,121,239,296,193,325,124,240
315,211,102,38,253,52,264,79,86,111,239,278,463,166,65,121,193,454,292,25,151,290,142,98,150,66,193,106,141,311,407,695,132,246,43,270,254,45,114,273,171,75,199,102,205,262,165,274,85,197
344,244,96,55,303,64,282,81,93,123,244,334,515,194,121,71,210,545,303,29,159,291,141,116,167,75,190,130,153,357,410,767,144,283,56,276,273,35,147,286,186,71,243,92,231,259,180,313,101,201
385,314,144,65,378,79,344,100,129,150,291,413,684,239,193,210,143,680,358,40,198,348,201,139,256,120,272,154,158,481,551,1027,202,323,75,374,347,66,205,412,261,82,296,119,267,340,224,410,141,232
833,815,392,131,960,200,915,248,304,361,788,1068,1479,557,454,545,680,809,948,119,476,966,547,370,594,237,622,432,453,1129,1419,2447,476,829,231,988,852,145,466,1001,628,203,719,337,736,844,560,966,320,610
513,433,206,103,509,119,503,159,169,226,454,578,928,339,292,303,358,948,224,68,286,460,299,202,347,153,333,247,246,655,757,1454,289,473,111,546,493,91,245,532,343,100,396,189,430,475,313,557,190,338
63,46,23,13,57,13,53,11,18,23,61,74,107,39,25,29,40,119,68,2,34,74,34,26,40,15,32,41,39,77,94,172,27,56,10,61,54,9,32,65,39,15,51,15,42,56,37,74,24,41
319,228,99,49,277,66,242,86,98,113,243,327,516,155,151,159,198,476,286,34,83,273,155,116,165,62,163,123,135,341,433,806,162,232,45,306,262,46,124,277,165,65,201,103,209,271,180,298,97,178
511,442,200,107,522,129,496,154,173,221,422,574,900,336,290,291,348,966,460,74,273,251,298,186,321,130,348,264,253,634,753,1440,282,471,104,561,460,84,239,556,345,105,362,171,396,499,315,569,196,338
354,242,110,54,282,72,277,94,88,149,256,287,530,186,142,141,201,547,299,34,155,298,93,109,178,70,180,133,165,356,471,834,176,269,65,335,272,45,136,306,190,71,233,105,244,272,194,295,118,191
220,181,74,46,201,68,201,54,60,73,178,207,389,135,98,116,139,370,202,26,116,186,109,52,129,51,129,92,102,268,303,567,107,180,44,198,190,37,89,229,135,44,170,76,134,183,126,194,75,109
362,261,121,71,349,98,324,98,102,166,275,348,593,235,150,167,256,594,347,40,165,321,178,129,97,77,218,147,181,402,468,886,168,317,74,331,312,57,142,355,214,67,263,125,247,305,170,341,134,228
168,112,60,19,132,28,135,43,34,54,119,140,223,89,66,75,120,237,153,15,62,130,70,51,77,16,67,44,64,147,198,352,59,104,31,134,122,25,73,115,65,27,101,53,116,93,78,143,60,101
408,295,146,46,337,79,335,88,93,152,297,386,632,224,193,190,272,622,333,32,163,348,180,129,218,67,113,157,162,414,545,950,185,315,77,342,334,55,141,368,205,82,274,134,289,315,207,342,141,253
286,210,83,30,256,55,220,74,63,97,206,263,427,149,106,130,154,432,247,41,123,264,133,92,147,44,157,59,104,279,380,646,118,212,49,232,234,42,112,233,157,54,185,78,191,216,128,287,76,144
320,200,96,51,255,65,240,92,67,118,251,280,438,150,141,153,158,453,246,39,135,253,165,102,181,64,162,104,66,310,353,720,145,248,64,250,221,35,136,277,143,54,223,100,204,235,166,280,98,175
648,542,214,101,656,136,634,183,203,248,557,714,1120,363,311,357,481,1129,655,77,341,634,356,268,402,147,414,279,310,424,1005,1840,357,635,136,673,600,93,325,726,441,134,537,216,480,560,401,699,233,422
707,680,316,118,787,155,719,222,244,314,619,884,1386,481,407,410,551,1419,757,94,433,753,471,303,468,198,545,380,353,1005,589,2153,413,707,190,845,657,145,387,802,510,166,532,285,578,760,507,787,301,480
1146,1262,554,209,1442,299,1347,411,460,536,1104,1597,2547,931,695,767,1027,2447,1454,172,806,1440,834,567,886,352,950,646,720,1840,2153,2012,687,1268,324,1524,1236,263,730,1518,976,282,1084,552,1080,1312,932,1380,492,952
243,210,124,37,270,58,258,82,90,108,233,327,489,179,132,144,202,476,289,27,162,282,176,107,168,59,185,118,145,357,413,687,66,273,66,309,234,54,134,296,202,54,197,112,209,267,182,251,90,187
488,404,186,67,481,114,448,134,177,202,383,537,888,309,246,283,323,829,473,56,232,471,269,180,317,104,315,212,248,635,707,1268,273,213,90,503,431,63,222,539,293,110,346,154,396,466,281,479,176,337
99,94,44,21,118,28,107,33,30,50,109,144,226,76,43,56,75,231,111,10,45,104,65,44,74,31,77,49,64,136,190,324,66,90,15,124,96,21,54,121,73,22,74,44,98,125,76,111,47,74
553,448,189,97,533,144,547,171,178,216,444,590,1000,362,270,276,374,988,546,61,306,561,335,198,331,134,342,232,250,673,845,1524,309,503,124,273,484,85,267,584,377,109,443,230,402,521,349,585,218,362
487,414,176,80,501,111,425,149,135,178,377,517,832,291,254,273,347,852,493,54,262,460,272,190,312,122,334,234,221,600,657,1236,234,431,96,484,217,74,230,527,332,91,321,181,378,447,299,429,169,321
82,59,29,11,75,16,92,33,38,32,79,93,160,47,45,35,66,145,91,9,46,84,45,37,57,25,55,42,35,93,145,263,54,63,21,85,74,10,56,103,55,12,79,31,68,89,58,96,38,59
269,231,124,40,289,56,236,66,99,101,206,323,474,167,114,147,205,466,245,32,124,239,136,89,142,73,141,112,136,325,387,730,134,222,54,267,230,56,58,277,179,53,214,92,193,248,156,255,71,177
471,493,217,99,558,128,514,152,164,188,414,601,1042,346,273,286,412,1001,532,65,277,556,306,229,355,115,368,233,277,726,802,1518,296,539,121,584,527,103,277,288,337,115,430,200,464,505,341,544,215,378
342,279,129,52,337,77,315,76,126,132,300,381,638,192,171,186,261,628,343,39,165,345,190,135,214,65,205,157,143,441,510,976,202,293,73,377,332,55,179,337,108,82,243,114,249,324,203,360,130,214
123,95,46,30,108,28,121,34,26,50,75,129,184,62,75,71,82,203,100,15,65,105,71,44,67,27,82,54,54,134,166,282,54,110,22,109,91,12,53,115,82,8,87,46,88,93,67,104,36,76
378,344,166,54,414,90,373,129,118,143,327,432,701,241,199,243,296,719,396,51,201,362,233,170,263,101,274,185,223,537,532,1084,197,346,74,443,321,79,214,430,243,87,157,135,319,356,236,428,126,268
168,159,78,30,187,43,176,45,61,83,165,210,344,121,102,92,119,337,189,15,103,171,105,76,125,53,134,78,100,216,285,552,112,154,44,230,181,31,92,200,114,46,135,33,140,194,126,193,63,134
434,337,137,76,419,106,365,103,109,186,347,420,697,239,205,231,267,736,430,42,209,396,244,134,247,116,289,191,204,480,578,1080,209,396,98,402,378,68,193,464,249,88,319,140,150,365,249,390,148,294
470,409,181,84,472,112,493,143,179,193,377,503,878,296,262,259,340,844,475,56,271,499,272,183,305,93,315,216,235,560,760,1312,267,466,125,521,447,89,248,505,324,93,356,194,365,215,299,530,197,285
355,261,117,55,295,78,311,87,121,132,267,348,576,193,165,180,224,560,313,37,180,315,194,126,170,78,207,128,166,401,507,932,182,281,76,349,299,58,156,341,203,67,236,126,249,299,93,350,99,222
511,462,218,80,549,117,504,152,158,217,430,559,921,325,274,313,410,966,557,74,298,569,295,194,341,143,342,287,280,699,787,1380,251,479,111,585,429,96,255,544,360,104,428,193,390,530,350,257,186,363
160,178,68,33,195,45,178,46,51,73,163,219,329,124,85,101,141,320,190,24,97,196,118,75,134,60,141,76,98,233,301,492,90,176,47,218,169,38,71,215,130,36,126,63,148,197,99,186,38,143
402,320,147,70,384,90,343,119,111,154,293,380,605,240,197,201,232,610,338,41,178,338,191,109,228,101,253,144,175,422,480,952,187,337,74,362,321,59,177,378,214,76,268,134,294,285,222,363,143,112
