284,436,200,110,477,107,498,194,187,255,451,524,774,379,290,334,350,792,483,68,321,471,362,210,381,159,380,307,309,603,672,1229,222,448,94,500,491,86,258,447,291,121,373,204,449,404,313,497,193,348
436,177,172,83,456,103,393,125,132,185,377,467,822,279,222,226,319,793,461,48,229,462,238,175,270,117,305,212,212,556,643,1219,230,397,85,449,405,76,218,476,258,92,331,160,340,402,279,457,161,293
200,172,37,30,193,33,157,46,54,79,180,230,345,132,114,107,122,351,216,20,96,224,116,62,145,44,117,85,92,233,299,559,107,163,53,180,188,31,81,216,125,40,149,68,166,178,116,201,72,123
110,83,30,6,76,18,94,22,33,34,48,88,149,55,44,47,70,134,85,10,58,85,65,31,59,19,54,44,50,123,100,208,36,82,15,93,79,16,46,74,39,21,58,34,75,74,52,81,28,76
477,456,193,76,277,116,473,175,166,221,428,606,979,318,273,311,373,876,530,57,307,513,311,203,366,145,369,237,234,628,747,1436,295,475,119,547,467,84,241,545,319,98,395,205,381,438,328,517,191,354
107,103,33,18,116,8,100,24,45,50,69,127,183,86,54,61,73,184,120,15,65,105,87,47,95,43,86,57,61,148,171,253,59,120,25,114,109,19,64,114,59,21,91,53,93,108,77,115,48,81
498,393,157,94,473,100,252,124,149,209,389,536,834,304,250,275,345,848,503,67,285,476,309,197,306,141,333,215,269,604,745,1318,249,450,120,546,453,75,247,498,281,101,351,199,384,434,310,464,179,327
194,125,46,22,175,24,124,19,63,62,145,170,286,101,77,91,113,273,150,18,57,155,83,68,102,38,100,73,68,211,220,413,92,124,32,162,143,17,78,152,102,33,136,56,122,151,97,140,55,105
187,132,54,33,166,45,149,63,31,70,147,184,306,86,99,119,108,286,156,18,97,172,93,62,119,45,108,86,79,218,266,487,87,168,35,182,162,26,100,182,84,32,126,63,126,158,117,172,57,106
255,185,79,34,221,50,209,62,70,39,140,246,371,144,99,111,159,380,211,22,130,226,146,74,117,67,142,105,104,278,310,601,114,220,46,214,195,32,94,201,141,38,155,83,171,202,118,205,74,144
451,377,180,48,428,69,389,145,147,140,165,462,739,266,227,231,300,758,415,43,264,425,262,151,250,126,284,205,216,550,642,1205,251,358,79,442,368,70,203,428,265,83,308,174,338,389,260,426,140,296
524,467,230,88,606,127,536,170,184,246,462,321,1024,351,265,318,403,996,564,62,317,543,315,209,367,132,385,278,289,723,844,1554,329,521,146,604,494,89,286,610,393,132,447,216,450,529,354,605,191,369
774,822,345,149,979,183,834,286,306,371,739,1024,797,585,479,533,640,1396,876,110,475,918,539,343,613,231,621,416,460,1149,1340,2353,475,853,226,1011,855,153,456,971,613,171,676,367,756,819,582,946,338,626
379,279,132,55,318,86,304,101,86,144,266,351,585,93,168,179,232,566,330,43,171,331,191,124,194,83,231,125,178,426,492,950,189,311,69,346,322,54,170,346,217,74,221,136,274,303,187,314,117,208
290,222,114,44,273,54,250,77,99,99,227,265,479,168,72,146,195,465,282,37,145,279,156,85,182,83,199,135,116,337,409,751,160,247,65,272,257,41,148,281,173,58,202,103,233,282,178,288,106,172
334,226,107,47,311,61,275,91,119,111,231,318,533,179,146,82,214,510,302,37,160,301,173,109,196,73,200,138,120,372,450,860,175,279,68,302,262,38,148,279,165,56,218,108,249,302,176,311,117,182
350,319,122,70,373,73,345,113,108,159,300,403,640,232,195,214,128,651,377,53,196,350,227,145,236,82,220,160,180,439,567,1026,207,318,89,377,348,56,197,396,220,75,309,133,286,339,231,381,151,231
792,793,351,134,876,184,848,273,286,380,758,996,1396,566,465,510,651,739,869,116,522,919,529,377,572,213,586,403,448,1144,1354,2452,487,801,186,979,809,144,450,978,619,169,682,347,757,835,563,934,320,607
483,461,216,85,530,120,503,150,156,211,415,564,876,330,282,302,377,869,250,59,277,474,316,208,321,124,348,221,251,631,766,1474,268,511,118,540,511,77,242,607,366,111,370,191,415,462,319,525,180,371
68,48,20,10,57,15,67,18,18,22,43,62,110,43,37,37,53,116,59,3,30,62,28,16,30,13,31,21,28,79,87,209,34,48,18,76,55,9,35,59,45,12,49,21,37,63,32,70,23,45
321,229,96,58,307,65,285,57,97,130,264,317,475,171,145,160,196,522,277,30,77,272,147,115,171,55,175,127,138,321,422,813,142,267,63,289,253,52,139,302,198,51,230,110,200,253,171,311,96,191
471,462,224,85,513,105,476,155,172,226,425,543,918,331,279,301,350,919,474,62,272,241,324,206,329,129,354,221,263,671,714,1483,289,482,130,534,497,79,242,564,362,122,378,213,445,475,333,546,175,375
362,238,116,65,311,87,309,83,93,146,262,315,539,191,156,173,227,529,316,28,147,324,83,116,176,75,193,146,116,382,444,892,158,295,66,317,293,51,167,337,213,69,216,124,236,239,183,294,109,204
210,175,62,31,203,47,197,68,62,74,151,209,343,124,85,109,145,377,208,16,115,206,116,38,131,49,121,84,116,256,318,548,96,198,45,218,175,42,87,218,125,43,154,71,156,167,112,195,68,132
381,270,145,59,366,95,306,102,119,117,250,367,613,194,182,196,236,572,321,30,171,329,176,131,114,81,221,155,168,445,499,964,187,304,72,366,316,55,181,357,197,73,258,127,255,298,209,355,125,218
159,117,44,19,145,43,141,38,45,67,126,132,231,83,83,73,82,213,124,13,55,129,75,49,81,14,64,74,71,169,167,360,80,119,28,135,129,20,72,140,83,23,99,45,119,137,73,112,57,86
380,305,117,54,369,86,333,100,108,142,284,385,621,231,199,200,220,586,348,31,175,354,193,121,221,64,93,140,173,469,495,931,199,329,82,356,322,50,173,361,215,62,269,113,266,343,232,342,142,227
307,212,85,44,237,57,215,73,86,105,205,278,416,125,135,138,160,403,221,21,127,221,146,84,155,74,140,45,91,299,359,657,130,215,49,236,216,40,136,228,149,39,201,69,168,208,150,240,76,158
309,212,92,50,234,61,269,68,79,104,216,289,460,178,116,120,180,448,251,28,138,263,116,116,168,71,173,91,55,333,403,715,136,218,51,252,240,31,111,284,157,56,209,100,224,229,154,271,80,173
603,556,233,123,628,148,604,211,218,278,550,723,1149,426,337,372,439,1144,631,79,321,671,382,256,445,169,469,299,333,387,947,1823,370,594,134,658,624,98,300,703,442,128,455,248,531,594,421,640,260,413
672,643,299,100,747,171,745,220,266,310,642,844,1340,492,409,450,567,1354,766,87,422,714,444,318,499,167,495,359,403,947,547,2092,397,725,179,820,726,121,382,780,527,152,544,286,572,723,470,756,278,501
1229,1219,559,208,1436,253,1318,413,487,601,1205,1554,2353,950,751,860,1026,2452,1474,209,813,1483,892,548,964,360,931,657,715,1823,2092,1865,702,1255,320,1493,1236,261,695,1531,946,264,1057,577,1125,1267,959,1426,529,957
222,230,107,36,295,59,249,92,87,114,251,329,475,189,160,175,207,487,268,34,142,289,158,96,187,80,199,130,136,370,397,702,60,259,80,295,261,45,164,311,206,40,218,114,227,227,169,281,110,184
448,397,163,82,475,120,450,124,168,220,358,521,853,311,247,279,318,801,511,48,267,482,295,198,304,119,329,215,218,594,725,1255,259,230,112,483,455,70,238,486,297,92,361,174,395,445,296,477,162,325
94,85,53,15,119,25,120,32,35,46,79,146,226,69,65,68,89,186,118,18,63,130,66,45,72,28,82,49,51,134,179,320,80,112,9,125,119,16,51,125,69,22,102,42,105,102,70,125,43,70
500,449,180,93,547,114,546,162,182,214,442,604,1011,346,272,302,377,979,540,76,289,534,317,218,366,135,356,236,252,658,820,1493,295,483,125,275,482,59,280,573,366,96,438,208,414,477,332,596,233,368
491,405,188,79,467,109,453,143,162,195,368,494,855,322,257,262,348,809,511,55,253,497,293,175,316,129,322,216,240,624,726,1236,261,455,119,482,221,68,228,468,301,109,344,167,377,450,289,500,180,348
86,76,31,16,84,19,75,17,26,32,70,89,153,54,41,38,56,144,77,9,52,79,51,42,55,20,50,40,31,98,121,261,45,70,16,59,68,12,34,95,52,15,55,27,74,80,53,83,28,71
258,218,81,46,241,64,247,78,100,94,203,286,456,170,148,148,197,450,242,35,139,242,167,87,181,72,173,136,111,300,382,695,164,238,51,280,228,34,72,238,153,53,226,96,219,214,171,279,109,168
447,476,216,74,545,114,498,152,182,201,428,610,971,346,281,279,396,978,607,59,302,564,337,218,357,140,361,228,284,703,780,1531,311,486,125,573,468,95,238,276,374,101,399,168,421,486,317,523,194,345
291,258,125,39,319,59,281,102,84,141,265,393,613,217,173,165,220,619,366,45,198,362,213,125,197,83,215,149,157,442,527,946,206,297,69,366,301,52,153,374,117,74,246,146,257,317,187,303,125,245
121,92,40,21,98,21,101,33,32,38,83,132,171,74,58,56,75,169,111,12,51,122,69,43,73,23,62,39,56,128,152,264,40,92,22,96,109,15,53,101,74,11,78,44,75,96,64,93,38,69
373,331,149,58,395,91,351,136,126,155,308,447,676,221,202,218,309,682,370,49,230,378,216,154,258,99,269,201,209,455,544,1057,218,361,102,438,344,55,226,399,246,78,124,125,325,341,224,392,140,261
204,160,68,34,205,53,199,56,63,83,174,216,367,136,103,108,133,347,191,21,110,213,124,71,127,45,113,69,100,248,286,577,114,174,42,208,167,27,96,168,146,44,125,32,171,178,126,201,72,121
449,340,166,75,381,93,384,122,126,171,338,450,756,274,233,249,286,757,415,37,200,445,236,156,255,119,266,168,224,531,572,1125,227,395,105,414,377,74,219,421,257,75,325,171,183,331,248,408,139,242
404,402,178,74,438,108,434,151,158,202,389,529,819,303,282,302,339,835,462,63,253,475,239,167,298,137,343,208,229,594,723,1267,227,445,102,477,450,80,214,486,317,96,341,178,331,201,284,492,173,319
313,279,116,52,328,77,310,97,117,118,260,354,582,187,178,176,231,563,319,32,171,333,183,112,209,73,232,150,154,421,470,959,169,296,70,332,289,53,171,317,187,64,224,126,248,284,112,340,105,216
497,457,201,81,517,115,464,140,172,205,426,605,946,314,288,311,381,934,525,70,311,546,294,195,355,112,342,240,271,640,756,1426,281,477,125,596,500,83,279,523,303,93,392,201,408,492,340,258,198,349
193,161,72,28,191,48,179,55,57,74,140,191,338,117,106,117,151,320,180,23,96,175,109,68,125,57,142,76,80,260,278,529,110,162,43,233,180,28,109,194,125,38,140,72,139,173,105,198,30,138
348,293,123,76,354,81,327,105,106,144,296,369,626,208,172,182,231,607,371,45,191,375,204,132,218,86,227,158,173,413,501,957,184,325,70,368,348,71,168,345,245,69,261,121,242,319,216,349,138,106
