261,435,205,88,507,110,474,171,174,235,430,516,814,329,341,313,346,796,488,80,308,515,356,214,345,140,385,280,309,558,667,1122,244,448,102,511,487,86,234,482,294,104,377,172,428,415,331,457,154,407
435,197,172,74,448,114,411,144,167,197,368,484,742,330,202,237,307,754,433,49,215,410,228,165,246,109,308,199,196,533,603,1194,240,396,97,475,409,70,232,447,279,85,328,148,357,367,248,485,154,267
205,172,28,44,212,48,191,64,54,93,163,239,384,143,106,111,153,377,210,34,116,226,109,72,118,43,133,83,86,258,301,539,96,214,44,200,179,45,110,197,121,45,184,78,147,189,131,220,64,127
88,74,44,6,85,23,92,28,25,36,75,101,133,67,50,62,55,134,92,7,56,93,45,38,63,25,69,46,39,104,114,205,33,74,24,95,77,18,46,95,69,19,68,34,59,68,54,85,29,57
507,448,212,85,247,112,478,169,168,169,401,551,892,343,278,300,405,913,536,53,276,537,308,196,335,145,317,238,267,619,783,1346,261,491,111,570,476,79,258,527,346,111,387,199,409,477,308,527,199,361
110,114,48,23,112,12,104,39,35,53,89,120,202,89,69,68,89,198,112,13,77,128,67,47,80,31,88,51,59,132,150,289,43,109,28,136,105,21,54,115,74,20,89,48,97,88,77,107,46,79
474,411,191,92,478,104,241,134,161,210,393,521,812,338,267,279,345,823,516,59,250,505,284,190,329,143,382,256,256,581,697,1261,229,447,125,543,465,66,218,481,317,101,407,180,424,419,317,486,176,323
171,144,64,28,169,39,134,17,47,67,131,152,271,96,80,89,102,291,151,24,92,161,104,53,96,40,108,75,84,166,211,451,92,132,39,145,154,22,65,134,80,36,133,69,111,145,103,169,52,108
174,167,54,25,168,35,161,47,29,71,138,191,280,98,79,78,113,286,175,14,103,181,110,67,114,45,89,57,88,224,251,496,92,143,44,174,155,30,73,196,128,37,122,63,134,168,100,162,55,106
235,197,93,36,169,53,210,67,71,33,184,227,336,140,98,113,146,358,201,22,106,209,143,103,149,65,162,113,107,250,282,571,97,204,44,206,180,24,102,225,144,44,162,55,174,197,119,224,62,144
430,368,163,75,401,89,393,131,138,184,177,480,743,297,219,247,321,730,406,61,265,394,281,171,293,123,289,215,230,517,602,1108,212,433,109,417,393,72,204,406,286,87,317,130,342,392,271,448,136,306
516,484,239,101,551,120,521,152,191,227,480,320,988,332,311,327,362,973,543,58,283,567,334,238,380,166,393,262,276,679,800,1524,292,536,130,579,513,112,265,587,346,114,412,208,465,543,342,532,230,366
814,742,384,133,892,202,812,271,280,336,743,988,744,572,481,536,629,1388,916,110,490,922,609,362,607,236,640,431,472,1084,1308,2325,412,856,212,923,818,157,414,954,567,168,670,353,683,827,580,938,343,616
329,330,143,67,343,89,338,96,98,140,297,332,572,102,162,187,219,601,326,46,174,326,190,129,242,89,234,149,171,419,490,894,181,314,86,310,312,52,162,323,208,72,263,118,275,295,230,354,124,223
341,202,106,50,278,69,267,80,79,98,219,311,481,162,78,157,186,486,257,36,160,276,154,79,178,55,178,129,128,359,407,729,160,258,61,312,255,47,136,293,175,53,220,92,220,270,191,291,89,167
313,237,111,62,300,68,279,89,78,113,247,327,536,187,157,85,228,506,300,33,167,298,172,112,181,69,190,138,142,355,445,806,160,270,61,287,283,42,141,327,195,47,229,103,246,270,185,293,102,200
346,307,153,55,405,89,345,102,113,146,321,362,629,219,186,228,125,651,355,51,214,354,232,125,219,95,213,159,211,438,550,990,181,344,76,346,302,63,173,367,241,74,298,131,285,340,221,383,119,241
796,754,377,134,913,198,823,291,286,358,730,973,1388,601,486,506,651,757,935,100,494,940,551,360,577,232,610,446,458,1115,1359,2407,454,851,188,942,831,141,475,952,593,181,651,314,641,817,574,913,315,601
488,433,210,92,536,112,516,151,175,201,406,543,916,326,257,300,355,935,222,79,276,442,266,183,355,117,324,265,260,632,704,1382,257,494,117,541,512,64,245,484,311,97,409,193,405,455,306,502,184,353
80,49,34,7,53,13,59,24,14,22,61,58,110,46,36,33,51,100,79,5,38,70,38,31,39,17,45,20,24,75,91,173,37,55,20,72,55,10,37,58,35,18,64,19,50,61,40,71,22,37
308,215,116,56,276,77,250,92,103,106,265,283,490,174,160,167,214,494,276,38,67,308,168,109,191,67,174,108,125,343,407,811,154,270,51,266,259,45,128,316,181,60,245,114,237,251,159,314,93,210
515,410,226,93,537,128,505,161,181,209,394,567,922,326,276,298,354,940,442,70,308,237,328,195,355,153,357,242,272,643,707,1326,259,482,135,535,458,79,274,523,351,107,389,191,411,437,328,506,210,337
356,228,109,45,308,67,284,104,110,143,281,334,609,190,154,172,232,551,266,38,168,328,86,101,175,81,197,148,148,357,457,844,161,257,74,342,283,48,152,292,199,61,253,130,211,278,199,316,126,204
214,165,72,38,196,47,190,53,67,103,171,238,362,129,79,112,125,360,183,31,109,195,101,35,127,56,140,91,97,256,314,538,101,171,43,230,184,36,99,173,123,50,147,72,160,173,112,216,79,155
345,246,118,63,335,80,329,96,114,149,293,380,607,242,178,181,219,577,355,39,191,355,175,127,96,84,221,161,168,390,486,879,176,339,82,318,338,63,150,331,240,68,277,104,275,303,211,357,121,202
140,109,43,25,145,31,143,40,45,65,123,166,236,89,55,69,95,232,117,17,67,153,81,56,84,13,83,55,72,167,183,356,78,126,27,138,148,28,57,129,93,25,113,46,125,108,81,146,44,92
385,308,133,69,317,88,382,108,89,162,289,393,640,234,178,190,213,610,324,45,174,357,197,140,221,83,130,159,161,415,495,923,194,319,78,342,357,62,164,341,229,73,282,127,317,317,212,385,141,245
280,199,83,46,238,51,256,75,57,113,215,262,431,149,129,138,159,446,265,20,108,242,148,91,161,55,159,54,120,293,375,714,135,240,48,246,209,48,118,277,168,55,182,75,185,236,128,251,86,175
309,196,86,39,267,59,256,84,88,107,230,276,472,171,128,142,211,458,260,24,125,272,148,97,168,72,161,120,63,325,365,687,121,231,46,291,258,54,129,238,163,49,201,91,207,237,153,265,102,182
558,533,258,104,619,132,581,166,224,250,517,679,1084,419,359,355,438,1115,632,75,343,643,357,256,390,167,415,293,325,378,990,1773,344,592,128,694,592,96,302,640,402,127,469,237,465,574,380,623,240,379
667,603,301,114,783,150,697,211,251,282,602,800,1308,490,407,445,550,1359,704,91,407,707,457,314,486,183,495,375,365,990,518,2028,383,694,167,764,711,123,371,813,507,149,580,262,585,706,453,741,272,547
1122,1194,539,205,1346,289,1261,451,496,571,1108,1524,2325,894,729,806,990,2407,1382,173,811,1326,844,538,879,356,923,714,687,1773,2028,1844,688,1263,277,1439,1287,240,685,1452,895,268,1023,509,1056,1291,922,1378,503,928
244,240,96,33,261,43,229,92,92,97,212,292,412,181,160,160,181,454,257,37,154,259,161,101,176,78,194,135,121,344,383,688,74,244,48,292,251,55,112,268,181,53,203,97,204,243,192,266,80,192
448,396,214,74,491,109,447,132,143,204,433,536,856,314,258,270,344,851,494,55,270,482,257,171,339,126,319,240,231,592,694,1263,244,232,103,511,438,62,212,497,309,99,370,182,383,465,296,487,165,298
102,97,44,24,111,28,125,39,44,44,109,130,212,86,61,61,76,188,117,20,51,135,74,43,82,27,78,48,46,128,167,277,48,103,8,121,116,22,65,124,80,30,84,48,100,103,80,119,42,80
511,475,200,95,570,136,543,145,174,206,417,579,923,310,312,287,346,942,541,72,266,535,342,230,318,138,342,246,291,694,764,1439,292,511,121,303,501,105,230,555,354,95,399,190,431,473,328,528,196,387
487,409,179,77,476,105,465,154,155,180,393,513,818,312,255,283,302,831,512,55,259,458,283,184,338,148,357,209,258,592,711,1287,251,438,116,501,216,64,253,479,305,110,408,175,387,417,303,471,163,295
86,70,45,18,79,21,66,22,30,24,72,112,157,52,47,42,63,141,64,10,45,79,48,36,63,28,62,48,54,96,123,240,55,62,22,105,64,5,36,85,60,15,60,43,63,84,50,80,44,49
234,232,110,46,258,54,218,65,73,102,204,265,414,162,136,141,173,475,245,37,128,274,152,99,150,57,164,118,129,302,371,685,112,212,65,230,253,36,40,259,173,43,208,94,196,234,167,250,86,166
482,447,197,95,527,115,481,134,196,225,406,587,954,323,293,327,367,952,484,58,316,523,292,173,331,129,341,277,238,640,813,1452,268,497,124,555,479,85,259,265,340,91,408,194,399,506,294,527,202,357
294,279,121,69,346,74,317,80,128,144,286,346,567,208,175,195,241,593,311,35,181,351,199,123,240,93,229,168,163,402,507,895,181,309,80,354,305,60,173,340,98,70,239,123,280,285,185,341,127,225
104,85,45,19,111,20,101,36,37,44,87,114,168,72,53,47,74,181,97,18,60,107,61,50,68,25,73,55,49,127,149,268,53,99,30,95,110,15,43,91,70,8,80,35,91,90,66,99,38,75
377,328,184,68,387,89,407,133,122,162,317,412,670,263,220,229,298,651,409,64,245,389,253,147,277,113,282,182,201,469,580,1023,203,370,84,399,408,60,208,408,239,80,130,148,304,364,231,416,145,241
172,148,78,34,199,48,180,69,63,55,130,208,353,118,92,103,131,314,193,19,114,191,130,72,104,46,127,75,91,237,262,509,97,182,48,190,175,43,94,194,123,35,148,26,136,162,111,191,72,115
428,357,147,59,409,97,424,111,134,174,342,465,683,275,220,246,285,641,405,50,237,411,211,160,275,125,317,185,207,465,585,1056,204,383,100,431,387,63,196,399,280,91,304,136,164,363,261,423,146,262
415,367,189,68,477,88,419,145,168,197,392,543,827,295,270,270,340,817,455,61,251,437,278,173,303,108,317,236,237,574,706,1291,243,465,103,473,417,84,234,506,285,90,364,162,363,203,299,475,163,326
331,248,131,54,308,77,317,103,100,119,271,342,580,230,191,185,221,574,306,40,159,328,199,112,211,81,212,128,153,380,453,922,192,296,80,328,303,50,167,294,185,66,231,111,261,299,93,360,118,215
457,485,220,85,527,107,486,169,162,224,448,532,938,354,291,293,383,913,502,71,314,506,316,216,357,146,385,251,265,623,741,1378,266,487,119,528,471,80,250,527,341,99,416,191,423,475,360,245,188,333
154,154,64,29,199,46,176,52,55,62,136,230,343,124,89,102,119,315,184,22,93,210,126,79,121,44,141,86,102,240,272,503,80,165,42,196,163,44,86,202,127,38,145,72,146,163,118,188,33,113
407,267,127,57,361,79,323,108,106,144,306,366,616,223,167,200,241,601,353,37,210,337,204,155,202,92,245,175,182,379,547,928,192,298,80,387,295,49,166,357,225,75,241,115,262,326,215,333,113,134
