269,448,215,82,505,95,474,193,183,251,443,491,793,388,303,346,394,834,513,75,324,536,335,211,366,146,370,268,297,637,696,1171,241,477,103,513,479,96,255,460,293,124,380,199,441,407,333,513,183,374
448,158,159,77,468,101,447,136,131,184,381,449,767,279,248,245,330,745,458,59,216,461,253,159,280,101,272,220,228,528,648,1224,214,421,94,441,393,68,233,463,275,100,329,167,357,417,269,461,152,294
215,159,37,32,195,50,186,53,56,81,164,212,369,127,114,128,144,345,204,20,98,202,128,81,132,40,114,108,95,259,307,555,119,170,47,218,172,30,93,225,137,42,167,68,130,199,107,223,65,127
82,77,32,6,82,16,92,20,30,33,68,80,145,59,45,51,49,134,79,10,57,80,49,34,62,27,69,36,38,124,120,201,38,82,19,90,69,18,38,84,57,12,55,36,78,64,60,72,34,58
505,468,195,82,228,107,473,163,147,214,424,607,943,320,270,286,349,938,562,67,292,552,307,197,337,135,340,231,237,630,774,1423,274,459,129,527,513,86,253,532,346,105,396,196,398,507,323,507,178,319
95,101,50,16,107,9,114,38,44,44,97,112,182,68,69,71,63,200,106,16,73,111,75,51,71,36,95,56,55,141,156,278,49,99,26,132,85,23,46,113,87,17,73,52,100,100,75,108,37,75
474,447,186,92,473,114,241,165,141,199,414,526,849,313,254,290,344,877,528,59,299,454,294,210,293,112,334,233,250,602,724,1340,272,432,95,521,447,80,237,509,298,99,364,181,396,440,344,493,172,315
193,136,53,20,163,38,165,19,42,67,154,198,287,100,76,74,115,282,162,19,95,140,87,65,87,31,99,66,76,182,226,441,70,134,37,169,149,32,66,191,95,37,116,75,112,147,100,165,54,104
183,131,56,30,147,44,141,42,22,64,145,204,325,110,81,89,114,317,144,24,92,167,119,73,104,34,95,82,78,248,239,502,86,159,38,165,152,21,69,162,90,38,119,75,127,154,110,157,67,108
251,184,81,33,214,44,199,67,64,42,174,220,386,156,93,113,171,361,214,26,111,212,132,82,130,58,143,103,118,277,332,558,105,193,48,235,194,33,111,205,137,41,157,63,170,197,129,219,78,144
443,381,164,68,424,97,414,154,145,174,181,455,805,326,239,253,310,742,429,50,248,406,268,182,261,91,279,207,225,568,649,1161,238,409,93,489,390,75,230,451,289,84,316,155,335,400,287,437,149,305
491,449,212,80,607,112,526,198,204,220,455,312,999,365,297,308,449,1029,573,59,311,562,312,202,392,150,386,275,290,746,887,1570,320,539,128,590,494,95,288,587,363,118,461,222,428,560,382,523,203,360
793,767,369,145,943,182,849,287,325,386,805,999,798,569,455,513,675,1483,936,102,476,927,514,359,586,244,654,443,460,1159,1348,2409,487,861,223,1014,756,156,411,963,591,185,680,336,708,844,584,907,323,671
388,279,127,59,320,68,313,100,110,156,326,365,569,99,165,172,241,587,333,34,184,313,163,128,222,88,236,153,168,394,517,899,191,308,82,336,314,62,165,378,222,75,244,116,246,296,199,339,137,231
303,248,114,45,270,69,254,76,81,93,239,297,455,165,58,136,182,435,301,29,165,235,150,128,161,53,160,125,128,309,380,729,144,240,73,281,244,49,111,313,174,54,198,97,204,243,161,267,78,166
346,245,128,51,286,71,290,74,89,113,253,308,513,172,136,66,232,521,333,26,170,282,171,120,188,50,172,133,144,339,446,826,172,283,68,302,243,50,131,310,195,57,222,101,227,295,174,297,118,200
394,330,144,49,349,63,344,115,114,171,310,449,675,241,182,232,153,679,418,42,223,403,220,132,207,89,231,179,155,455,536,979,171,341,81,347,351,67,179,386,248,84,275,163,290,343,223,379,133,257
834,745,345,134,938,200,877,282,317,361,742,1029,1483,587,435,521,679,799,925,95,494,940,546,345,600,226,639,407,475,1092,1336,2454,501,850,213,1018,819,157,422,977,614,193,664,350,714,811,617,925,327,645
513,458,204,79,562,106,528,162,144,214,429,573,936,333,301,333,418,925,264,50,294,471,328,200,344,138,323,249,228,650,777,1413,274,468,139,585,468,75,275,514,320,98,400,185,439,508,325,559,193,350
75,59,20,10,67,16,59,19,24,26,50,59,102,34,29,26,42,95,50,4,37,67,37,28,38,15,35,28,34,66,77,177,33,51,16,69,54,7,35,70,39,16,47,23,49,55,40,66,22,38
324,216,98,57,292,73,299,95,92,111,248,311,476,184,165,170,223,494,294,37,67,295,163,96,188,73,185,129,134,354,415,741,122,280,57,283,275,50,134,331,193,62,229,113,226,222,181,311,101,184
536,461,202,80,552,111,454,140,167,212,406,562,927,313,235,282,403,940,471,67,295,248,294,203,326,134,355,251,276,638,728,1429,257,468,133,564,476,89,261,530,305,109,383,204,400,479,339,522,187,378
335,253,128,49,307,75,294,87,119,132,268,312,514,163,150,171,220,546,328,37,163,294,93,110,189,65,197,143,129,383,438,776,167,270,78,301,240,55,159,310,192,63,225,131,231,261,204,323,112,190
211,159,81,34,197,51,210,65,73,82,182,202,359,128,128,120,132,345,200,28,96,203,110,32,142,38,120,98,106,249,297,546,101,195,40,196,182,25,104,211,130,37,132,70,163,177,129,192,65,140
366,280,132,62,337,71,293,87,104,130,261,392,586,222,161,188,207,600,344,38,188,326,189,142,120,75,211,154,168,430,464,917,177,280,67,363,307,50,172,363,220,60,283,143,249,318,220,361,108,215
146,101,40,27,135,36,112,31,34,58,91,150,244,88,53,50,89,226,138,15,73,134,65,38,75,11,70,54,65,161,186,368,67,116,36,137,115,24,53,137,82,22,106,44,91,125,78,134,50,70
370,272,114,69,340,95,334,99,95,143,279,386,654,236,160,172,231,639,323,35,185,355,197,120,211,70,104,156,166,438,529,959,174,326,60,353,322,52,174,348,207,63,283,128,283,321,225,374,120,203
268,220,108,36,231,56,233,66,82,103,207,275,443,153,125,133,179,407,249,28,129,251,143,98,154,54,156,57,104,268,347,652,124,217,53,228,241,31,120,261,180,51,188,88,183,213,135,248,94,158
297,228,95,38,237,55,250,76,78,118,225,290,460,168,128,144,155,475,228,34,134,276,129,106,168,65,166,104,73,312,383,743,136,222,66,254,229,38,139,287,180,51,181,87,217,252,171,281,108,171
637,528,259,124,630,141,602,182,248,277,568,746,1159,394,309,339,455,1092,650,66,354,638,383,249,430,161,438,268,312,345,979,1763,352,586,142,662,573,93,310,734,426,113,498,233,502,590,383,693,241,445
696,648,307,120,774,156,724,226,239,332,649,887,1348,517,380,446,536,1336,777,77,415,728,438,297,464,186,529,347,383,979,587,2058,396,672,170,874,669,136,387,777,470,146,571,269,583,698,494,792,257,505
1171,1224,555,201,1423,278,1340,441,502,558,1161,1570,2409,899,729,826,979,2454,1413,177,741,1429,776,546,917,368,959,652,743,1763,2058,1886,745,1310,316,1501,1325,266,695,1499,924,283,1042,496,1101,1277,859,1397,461,936
241,214,119,38,274,49,272,70,86,105,238,320,487,191,144,172,171,501,274,33,122,257,167,101,177,67,174,124,136,352,396,745,78,216,73,304,221,38,118,285,175,60,175,94,218,258,171,282,92,176
477,421,170,82,459,99,432,134,159,193,409,539,861,308,240,283,341,850,468,51,280,468,270,195,280,116,326,217,222,586,672,1310,216,221,132,512,421,79,235,467,307,113,390,201,374,429,288,505,158,298
103,94,47,19,129,26,95,37,38,48,93,128,223,82,73,68,81,213,139,16,57,133,78,40,67,36,60,53,66,142,170,316,73,132,10,122,118,15,60,112,79,31,92,44,88,101,81,118,45,64
513,441,218,90,527,132,521,169,165,235,489,590,1014,336,281,302,347,1018,585,69,283,564,301,196,363,137,353,228,254,662,874,1501,304,512,122,281,481,88,263,647,349,136,416,233,424,467,347,551,200,358
479,393,172,69,513,85,447,149,152,194,390,494,756,314,244,243,351,819,468,54,275,476,240,182,307,115,322,241,229,573,669,1325,221,421,118,481,203,90,226,509,289,105,337,161,387,418,294,495,177,308
96,68,30,18,86,23,80,32,21,33,75,95,156,62,49,50,67,157,75,7,50,89,55,25,50,24,52,31,38,93,136,266,38,79,15,88,90,9,38,78,44,16,68,24,67,77,58,99,26,57
255,233,93,38,253,46,237,66,69,111,230,288,411,165,111,131,179,422,275,35,134,261,159,104,172,53,174,120,139,310,387,695,118,235,60,263,226,38,46,268,159,57,188,109,194,225,140,234,88,169
460,463,225,84,532,113,509,191,162,205,451,587,963,378,313,310,386,977,514,70,331,530,310,211,363,137,348,261,287,734,777,1499,285,467,112,647,509,78,268,277,329,92,404,206,431,545,351,543,180,357
293,275,137,57,346,87,298,95,90,137,289,363,591,222,174,195,248,614,320,39,193,305,192,130,220,82,207,180,180,426,470,924,175,307,79,349,289,44,159,329,113,70,287,119,251,324,191,364,116,219
124,100,42,12,105,17,99,37,38,41,84,118,185,75,54,57,84,193,98,16,62,109,63,37,60,22,63,51,51,113,146,283,60,113,31,136,105,16,57,92,70,14,82,37,92,110,76,111,36,67
380,329,167,55,396,73,364,116,119,157,316,461,680,244,198,222,275,664,400,47,229,383,225,132,283,106,283,188,181,498,571,1042,175,390,92,416,337,68,188,404,287,82,129,140,302,361,234,397,141,276
199,167,68,36,196,52,181,75,75,63,155,222,336,116,97,101,163,350,185,23,113,204,131,70,143,44,128,88,87,233,269,496,94,201,44,233,161,24,109,206,119,37,140,40,147,180,122,176,86,129
441,357,130,78,398,100,396,112,127,170,335,428,708,246,204,227,290,714,439,49,226,400,231,163,249,91,283,183,217,502,583,1101,218,374,88,424,387,67,194,431,251,92,302,147,166,387,244,424,149,271
407,417,199,64,507,100,440,147,154,197,400,560,844,296,243,295,343,811,508,55,222,479,261,177,318,125,321,213,252,590,698,1277,258,429,101,467,418,77,225,545,324,110,361,180,387,212,291,484,161,322
333,269,107,60,323,75,344,100,110,129,287,382,584,199,161,174,223,617,325,40,181,339,204,129,220,78,225,135,171,383,494,859,171,288,81,347,294,58,140,351,191,76,234,122,244,291,89,345,123,230
513,461,223,72,507,108,493,165,157,219,437,523,907,339,267,297,379,925,559,66,311,522,323,192,361,134,374,248,281,693,792,1397,282,505,118,551,495,99,234,543,364,111,397,176,424,484,345,294,188,362
183,152,65,34,178,37,172,54,67,78,149,203,323,137,78,118,133,327,193,22,101,187,112,65,108,50,120,94,108,241,257,461,92,158,45,200,177,26,88,180,116,36,141,86,149,161,123,188,21,125
374,294,127,58,319,75,315,104,108,144,305,360,671,231,166,200,257,645,350,38,184,378,190,140,215,70,203,158,171,445,505,936,176,298,64,358,308,57,169,357,219,67,276,129,271,322,230,362,125,105
