243,431,200,93,506,109,508,187,148,244,420,532,784,391,282,333,336,796,486,75,285,513,328,214,341,151,380,271,306,619,702,1187,225,466,116,487,473,87,249,453,298,105,369,169,429,429,300,480,173,379
431,171,141,75,420,96,420,133,137,183,380,502,785,273,223,249,311,755,426,53,276,442,272,175,262,107,283,213,227,557,648,1194,221,413,100,448,386,75,211,432,298,88,319,167,344,423,280,409,163,335
200,141,38,24,198,32,180,77,54,78,174,214,379,129,102,96,127,349,193,32,100,183,119,89,127,45,136,85,98,248,290,560,116,174,49,198,190,34,104,214,123,45,149,81,154,185,120,194,79,128
93,75,24,5,105,13,80,26,30,49,75,86,149,59,44,44,62,127,86,13,55,98,51,26,60,21,67,50,44,102,122,214,49,74,10,94,72,20,45,93,48,15,73,36,69,73,59,92,30,70
506,420,198,105,270,119,493,136,181,196,450,551,925,340,268,294,348,962,555,68,314,504,302,202,347,119,338,227,244,657,774,1411,284,492,121,558,492,75,257,549,329,100,404,196,419,452,310,550,212,348
109,96,32,13,119,10,97,44,36,59,91,111,201,82,54,71,67,175,123,10,67,125,66,42,71,36,83,53,74,132,147,301,63,109,21,107,104,28,56,120,61,18,81,42,87,109,90,106,38,76
508,420,180,80,493,97,228,144,153,223,428,547,823,342,268,265,353,836,514,69,247,554,331,196,333,121,342,231,256,597,725,1303,260,462,107,553,444,75,234,477,313,96,379,191,404,475,320,504,174,318
187,133,77,26,136,44,144,17,45,42,102,167,284,104,86,70,113,281,160,17,88,159,89,72,92,39,101,73,80,171,215,438,79,128,39,159,146,27,69,162,91,34,114,61,135,174,108,166,62,95
148,137,54,30,181,36,153,45,27,71,141,195,305,115,97,98,106,296,164,13,84,176,103,65,114,52,112,80,77,218,244,459,103,166,41,188,170,30,83,165,99,30,118,73,141,168,91,173,63,118
244,183,78,49,196,59,223,42,71,42,158,209,359,143,97,114,137,389,213,34,105,220,112,89,143,46,130,79,99,245,320,561,107,220,38,207,227,26,113,204,144,41,146,75,174,169,137,217,78,133
420,380,174,75,450,91,428,102,141,158,155,484,795,321,236,265,325,786,432,61,256,432,265,169,273,108,303,192,218,546,650,1148,230,417,93,440,424,58,217,454,279,86,308,155,359,352,289,433,161,299
532,502,214,86,551,111,547,167,195,209,484,317,1042,380,280,309,388,1002,571,61,285,560,324,215,364,144,388,254,282,701,873,1623,346,529,124,587,497,96,302,628,382,115,380,204,442,564,381,563,184,355
784,785,379,149,925,201,823,284,305,359,795,1042,799,616,457,527,632,1429,925,120,502,903,557,336,592,225,645,424,476,1112,1377,2389,473,865,216,944,836,152,431,950,603,184,653,321,711,794,586,870,332,595
391,273,129,59,340,82,342,104,115,143,321,380,616,122,173,176,254,606,316,44,180,358,198,150,240,76,229,152,153,385,530,896,166,302,70,334,348,48,160,368,201,68,280,139,294,302,222,325,127,229
282,223,102,44,268,54,268,86,97,97,236,280,457,173,82,147,181,480,249,32,154,275,147,131,167,67,203,136,127,362,383,686,150,251,69,243,277,58,151,288,181,48,213,91,228,216,169,296,95,203
333,249,96,44,294,71,265,70,98,114,265,309,527,176,147,96,202,545,301,32,159,288,149,145,170,69,195,135,124,390,442,764,152,245,55,260,263,58,136,298,178,52,228,86,239,264,157,309,103,219
336,311,127,62,348,67,353,113,106,137,325,388,632,254,181,202,128,617,386,45,182,390,218,157,241,90,253,179,195,463,553,1009,199,375,79,406,332,65,172,362,229,87,265,145,274,344,245,378,141,252
796,755,349,127,962,175,836,281,296,389,786,1002,1429,606,480,545,617,783,904,97,518,909,538,371,592,236,665,417,505,1166,1370,2345,481,876,213,934,854,145,434,1006,613,149,703,300,734,794,547,924,321,609
486,426,193,86,555,123,514,160,164,213,432,571,925,316,249,301,386,904,241,44,259,494,323,219,341,137,351,248,265,646,790,1398,260,468,109,553,496,83,278,535,327,121,406,191,417,471,306,494,172,350
75,53,32,13,68,10,69,17,13,34,61,61,120,44,32,32,45,97,44,4,26,54,36,28,48,10,37,24,32,78,103,189,42,61,20,80,67,9,33,77,35,11,56,25,51,56,45,63,25,51
285,276,100,55,314,67,247,88,84,105,256,285,502,180,154,159,182,518,259,26,80,277,164,109,194,68,205,131,136,342,408,793,188,258,73,264,257,52,126,273,166,54,233,113,210,273,182,300,112,204
513,442,183,98,504,125,554,159,176,220,432,560,903,358,275,288,390,909,494,54,277,263,330,211,365,129,339,258,267,637,733,1366,252,474,123,552,484,80,257,526,358,118,386,197,447,456,297,553,184,368
328,272,119,51,302,66,331,89,103,112,265,324,557,198,147,149,218,538,323,36,164,330,90,113,204,71,200,141,133,395,460,786,157,257,75,305,299,56,151,331,212,68,216,125,225,240,207,334,111,215
214,175,89,26,202,42,196,72,65,89,169,215,336,150,131,145,157,371,219,28,109,211,113,34,136,51,120,99,106,276,323,574,114,179,57,219,186,31,99,228,137,39,150,92,177,181,120,221,62,139
341,262,127,60,347,71,333,92,114,143,273,364,592,240,167,170,241,592,341,48,194,365,204,136,93,79,221,148,158,454,522,903,164,336,90,340,308,48,141,349,221,63,245,132,243,316,200,345,137,221
151,107,45,21,119,36,121,39,52,46,108,144,225,76,67,69,90,236,137,10,68,129,71,51,79,14,69,63,53,171,209,368,68,118,27,131,133,26,62,145,94,25,74,55,91,113,65,117,53,77
380,283,136,67,338,83,342,101,112,130,303,388,645,229,203,195,253,665,351,37,205,339,200,120,221,69,94,151,139,457,560,977,181,326,76,361,317,60,162,349,208,63,238,150,236,318,199,357,134,214
271,213,85,50,227,53,231,73,80,79,192,254,424,152,136,135,179,417,248,24,131,258,141,99,148,63,151,69,111,287,378,674,132,213,50,231,222,37,100,269,145,45,181,70,169,220,132,228,78,180
306,227,98,44,244,74,256,80,77,99,218,282,476,153,127,124,195,505,265,32,136,267,133,106,158,53,139,111,52,317,387,700,156,250,62,256,234,36,129,288,166,62,194,113,187,219,145,287,94,167
619,557,248,102,657,132,597,171,218,245,546,701,1112,385,362,390,463,1166,646,78,342,637,395,276,454,171,457,287,317,403,939,1794,345,633,185,655,586,105,294,676,451,115,486,244,498,547,414,674,229,405
702,648,290,122,774,147,725,215,244,320,650,873,1377,530,383,442,553,1370,790,103,408,733,460,323,522,209,560,378,387,939,559,2076,415,693,170,862,699,137,381,760,512,161,567,278,576,696,440,763,268,523
1187,1194,560,214,1411,301,1303,438,459,561,1148,1623,2389,896,686,764,1009,2345,1398,189,793,1366,786,574,903,368,977,674,700,1794,2076,1871,717,1318,299,1544,1270,244,676,1444,917,294,984,498,1111,1291,863,1378,474,962
225,221,116,49,284,63,260,79,103,107,230,346,473,166,150,152,199,481,260,42,188,252,157,114,164,68,181,132,156,345,415,717,78,243,70,285,253,44,148,294,189,57,197,104,214,250,180,251,103,183
466,413,174,74,492,109,462,128,166,220,417,529,865,302,251,245,375,876,468,61,258,474,257,179,336,118,326,213,250,633,693,1318,243,234,111,514,430,70,243,492,323,76,383,209,380,434,293,512,158,313
116,100,49,10,121,21,107,39,41,38,93,124,216,70,69,55,79,213,109,20,73,123,75,57,90,27,76,50,62,185,170,299,70,111,15,120,109,16,55,129,77,19,93,40,99,102,78,98,44,77
487,448,198,94,558,107,553,159,188,207,440,587,944,334,243,260,406,934,553,80,264,552,305,219,340,131,361,231,256,655,862,1544,285,514,120,299,464,83,268,587,347,116,375,214,404,483,338,551,212,360
473,386,190,72,492,104,444,146,170,227,424,497,836,348,277,263,332,854,496,67,257,484,299,186,308,133,317,222,234,586,699,1270,253,430,109,464,209,84,243,500,340,95,381,183,375,433,315,459,163,345
87,75,34,20,75,28,75,27,30,26,58,96,152,48,58,58,65,145,83,9,52,80,56,31,48,26,60,37,36,105,137,244,44,70,16,83,84,6,45,77,61,21,63,27,65,73,42,102,36,55
249,211,104,45,257,56,234,69,83,113,217,302,431,160,151,136,172,434,278,33,126,257,151,99,141,62,162,100,129,294,381,676,148,243,55,268,243,45,71,279,140,47,184,84,204,269,153,246,98,173
453,432,214,93,549,120,477,162,165,204,454,628,950,368,288,298,362,1006,535,77,273,526,331,228,349,145,349,269,288,676,760,1444,294,492,129,587,500,77,279,273,342,104,409,203,464,481,342,535,192,348
298,298,123,48,329,61,313,91,99,144,279,382,603,201,181,178,229,613,327,35,166,358,212,137,221,94,208,145,166,451,512,917,189,323,77,347,340,61,140,342,88,60,253,115,283,310,209,350,121,210
105,88,45,15,100,18,96,34,30,41,86,115,184,68,48,52,87,149,121,11,54,118,68,39,63,25,63,45,62,115,161,294,57,76,19,116,95,21,47,104,60,10,61,36,70,107,56,111,36,71
369,319,149,73,404,81,379,114,118,146,308,380,653,280,213,228,265,703,406,56,233,386,216,150,245,74,238,181,194,486,567,984,197,383,93,375,381,63,184,409,253,61,132,134,328,328,238,398,139,261
169,167,81,36,196,42,191,61,73,75,155,204,321,139,91,86,145,300,191,25,113,197,125,92,132,55,150,70,113,244,278,498,104,209,40,214,183,27,84,203,115,36,134,35,175,178,124,205,71,119
429,344,154,69,419,87,404,135,141,174,359,442,711,294,228,239,274,734,417,51,210,447,225,177,243,91,236,169,187,498,576,1111,214,380,99,404,375,65,204,464,283,70,328,175,155,376,215,431,150,265
429,423,185,73,452,109,475,174,168,169,352,564,794,302,216,264,344,794,471,56,273,456,240,181,316,113,318,220,219,547,696,1291,250,434,102,483,433,73,269,481,310,107,328,178,376,210,287,485,169,319
300,280,120,59,310,90,320,108,91,137,289,381,586,222,169,157,245,547,306,45,182,297,207,120,200,65,199,132,145,414,440,863,180,293,78,338,315,42,153,342,209,56,238,124,215,287,96,338,107,226
480,409,194,92,550,106,504,166,173,217,433,563,870,325,296,309,378,924,494,63,300,553,334,221,345,117,357,228,287,674,763,1378,251,512,98,551,459,102,246,535,350,111,398,205,431,485,338,281,200,316
173,163,79,30,212,38,174,62,63,78,161,184,332,127,95,103,141,321,172,25,112,184,111,62,137,53,134,78,94,229,268,474,103,158,44,212,163,36,98,192,121,36,139,71,150,169,107,200,32,124
379,335,128,70,348,76,318,95,118,133,299,355,595,229,203,219,252,609,350,51,204,368,215,139,221,77,214,180,167,405,523,962,183,313,77,360,345,55,173,348,210,71,261,119,265,319,226,316,124,116
