278,480,211,88,514,107,472,179,156,230,432,542,788,378,318,362,359,803,485,63,313,549,328,188,381,161,385,286,309,623,725,1222,255,467,115,548,475,101,246,460,330,118,386,165,453,435,326,531,178,389
480,177,157,79,451,107,394,122,152,164,356,488,830,291,204,226,350,832,425,47,237,481,255,159,287,91,277,176,180,554,703,1312,232,435,102,467,363,78,201,515,264,89,332,146,350,395,289,473,181,289
211,157,38,31,189,47,210,67,67,88,184,226,369,121,103,115,155,366,213,24,96,190,129,70,141,57,147,96,94,228,291,615,106,187,48,205,194,33,135,220,137,38,152,63,155,173,122,223,82,140
88,79,31,4,81,23,75,21,32,43,73,72,128,62,41,43,78,153,85,13,48,74,57,36,61,20,66,44,47,109,136,203,41,74,15,89,84,11,41,96,58,16,54,40,67,80,47,88,29,73
514,451,189,81,243,123,509,185,196,227,454,577,900,343,265,272,364,875,507,55,290,533,281,215,334,133,348,227,254,655,745,1367,291,481,116,533,465,73,271,518,399,104,382,196,439,441,290,516,190,340
107,107,47,23,123,15,93,30,45,48,86,114,208,67,59,72,81,193,89,17,72,90,69,54,88,32,87,63,67,145,177,272,71,114,23,127,104,16,53,129,64,18,73,43,100,94,64,108,36,92
472,394,210,75,509,93,219,133,163,202,403,562,901,310,247,305,347,917,480,52,260,483,291,181,315,133,340,219,254,638,742,1284,277,443,113,542,412,73,240,500,298,79,347,177,368,464,304,481,159,312
179,122,67,21,185,30,133,19,47,61,130,159,262,94,79,79,121,283,128,22,87,163,104,71,105,46,108,78,89,185,224,423,86,146,27,148,127,25,75,147,93,29,126,57,150,146,99,162,62,106
156,152,67,32,196,45,163,47,20,81,152,197,326,129,76,89,123,300,166,24,76,166,90,68,96,45,118,81,74,199,256,465,85,163,37,167,177,27,80,167,107,27,124,61,121,149,89,168,61,112
230,164,88,43,227,48,202,61,81,46,172,215,326,148,116,139,144,361,210,27,106,206,128,87,138,50,122,96,129,262,319,529,96,188,42,221,166,35,104,199,121,35,168,78,163,204,134,234,68,116
432,356,184,73,454,86,403,130,152,172,172,462,699,280,226,252,300,726,437,54,224,406,271,181,274,119,265,210,246,521,649,1128,233,383,94,461,387,72,219,448,283,74,326,158,340,417,264,461,150,272
542,488,226,72,577,114,562,159,197,215,462,338,1098,358,264,329,413,1043,602,73,288,570,344,220,400,137,386,246,275,732,846,1645,292,516,141,628,535,119,291,612,385,124,477,217,466,508,365,610,213,396
788,830,369,128,900,208,901,262,326,326,699,1098,822,567,483,499,713,1538,896,99,484,892,500,366,618,240,620,434,423,1191,1333,2533,498,807,214,974,837,198,456,1002,621,193,704,363,689,799,579,953,330,630
378,291,121,62,343,67,310,94,129,148,280,358,567,90,179,185,218,653,313,49,170,338,196,127,201,89,210,128,158,429,483,881,184,320,82,314,296,42,157,357,216,73,242,135,273,304,199,313,132,241
318,204,103,41,265,59,247,79,76,116,226,264,483,179,66,127,210,473,280,25,134,277,157,105,143,83,159,114,126,303,397,751,142,239,56,264,239,42,140,264,164,55,217,93,205,227,176,299,88,187
362,226,115,43,272,72,305,79,89,139,252,329,499,185,127,86,240,496,256,23,163,292,152,107,160,72,176,127,140,329,420,828,153,267,50,311,266,40,156,319,177,62,219,100,233,251,162,318,96,218
359,350,155,78,364,81,347,121,123,144,300,413,713,218,210,240,118,721,362,36,210,365,215,132,237,108,237,182,168,444,556,1107,206,347,92,360,341,51,190,392,256,81,310,123,263,344,252,375,131,204
803,832,366,153,875,193,917,283,300,361,726,1043,1538,653,473,496,721,860,887,93,515,912,537,387,615,239,643,429,425,1140,1318,2539,535,869,211,984,824,173,471,1005,626,204,685,350,720,817,596,907,332,616
485,425,213,85,507,89,480,128,166,210,437,602,896,313,280,256,362,887,263,62,267,459,303,210,332,148,354,219,229,641,775,1510,321,455,99,551,464,101,220,499,336,104,431,195,393,470,344,533,193,356
63,47,24,13,55,17,52,22,24,27,54,73,99,49,25,23,36,93,62,6,31,68,41,31,42,14,45,25,29,65,87,189,34,55,20,55,60,8,25,57,52,12,41,27,47,58,48,70,24,44
313,237,96,48,290,72,260,87,76,106,224,288,484,170,134,163,210,515,267,31,86,288,168,96,161,54,168,137,127,352,404,803,148,264,58,258,240,48,128,262,174,64,246,92,225,251,187,300,98,192
549,481,190,74,533,90,483,163,166,206,406,570,892,338,277,292,365,912,459,68,288,238,305,198,329,142,369,242,243,667,747,1387,289,433,105,554,436,92,252,515,327,118,400,197,403,484,385,496,174,334
328,255,129,57,281,69,291,104,90,128,271,344,500,196,157,152,215,537,303,41,168,305,91,116,182,84,215,145,178,352,437,817,162,289,69,323,279,47,171,299,196,74,227,114,234,253,208,299,111,202
188,159,70,36,215,54,181,71,68,87,181,220,366,127,105,107,132,387,210,31,96,198,116,42,124,66,156,95,120,252,321,558,115,187,51,181,188,36,101,212,118,51,159,70,147,200,122,201,82,145
381,287,141,61,334,88,315,105,96,138,274,400,618,201,143,160,237,615,332,42,161,329,182,124,107,81,230,141,190,391,519,910,204,295,74,346,281,58,162,352,222,57,253,130,260,307,219,360,119,231
161,91,57,20,133,32,133,46,45,50,119,137,240,89,83,72,108,239,148,14,54,142,84,66,81,23,80,67,77,132,200,359,73,115,26,132,112,20,60,143,77,24,102,59,127,116,87,147,55,90
385,277,147,66,348,87,340,108,118,122,265,386,620,210,159,176,237,643,354,45,168,369,215,156,230,80,124,146,184,415,547,998,187,316,77,326,306,67,165,385,239,80,286,133,280,329,225,378,133,249
286,176,96,44,227,63,219,78,81,96,210,246,434,128,114,127,182,429,219,25,137,242,145,95,141,67,146,56,118,275,337,662,121,243,51,241,238,32,111,253,156,46,178,83,171,213,149,258,90,163
309,180,94,47,254,67,254,89,74,129,246,275,423,158,126,140,168,425,229,29,127,243,178,120,190,77,184,118,71,294,381,697,134,241,51,248,251,32,118,257,145,56,213,97,220,213,152,292,96,171
623,554,228,109,655,145,638,185,199,262,521,732,1191,429,303,329,444,1140,641,65,352,667,352,252,391,132,415,275,294,397,930,1876,351,587,139,689,605,93,293,717,468,119,466,237,487,594,372,672,234,418
725,703,291,136,745,177,742,224,256,319,649,846,1333,483,397,420,556,1318,775,87,404,747,437,321,519,200,547,337,381,930,555,2086,416,687,167,833,728,137,380,789,441,160,554,304,611,718,505,791,268,512
1222,1312,615,203,1367,272,1284,423,465,529,1128,1645,2533,881,751,828,1107,2539,1510,189,803,1387,817,558,910,359,998,662,697,1876,2086,1926,771,1340,308,1538,1277,239,729,1550,958,301,1036,536,1104,1273,939,1382,486,958
255,232,106,41,291,71,277,86,85,96,233,292,498,184,142,153,206,535,321,34,148,289,162,115,204,73,187,121,134,351,416,771,83,238,64,285,242,49,152,286,183,54,183,97,243,265,208,285,99,182
467,435,187,74,481,114,443,146,163,188,383,516,807,320,239,267,347,869,455,55,264,433,289,187,295,115,316,243,241,587,687,1340,238,214,114,444,452,77,231,472,338,91,352,179,387,438,302,483,194,306
115,102,48,15,116,23,113,27,37,42,94,141,214,82,56,50,92,211,99,20,58,105,69,51,74,26,77,51,51,139,167,308,64,114,14,141,95,19,46,128,85,20,85,39,92,104,70,120,34,72
548,467,205,89,533,127,542,148,167,221,461,628,974,314,264,311,360,984,551,55,258,554,323,181,346,132,326,241,248,689,833,1538,285,444,141,285,485,69,267,589,365,107,431,182,401,505,290,566,200,343
475,363,194,84,465,104,412,127,177,166,387,535,837,296,239,266,341,824,464,60,240,436,279,188,281,112,306,238,251,605,728,1277,242,452,95,485,211,90,219,491,295,95,342,166,366,445,277,466,158,313
101,78,33,11,73,16,73,25,27,35,72,119,198,42,42,40,51,173,101,8,48,92,47,36,58,20,67,32,32,93,137,239,49,77,19,69,90,5,40,87,46,11,70,31,75,88,61,76,31,61
246,201,135,41,271,53,240,75,80,104,219,291,456,157,140,156,190,471,220,25,128,252,171,101,162,60,165,111,118,293,380,729,152,231,46,267,219,40,76,254,181,61,197,96,205,236,179,267,105,179
460,515,220,96,518,129,500,147,167,199,448,612,1002,357,264,319,392,1005,499,57,262,515,299,212,352,143,385,253,257,717,789,1550,286,472,128,589,491,87,254,296,348,110,423,187,425,506,337,551,210,337
330,264,137,58,399,64,298,93,107,121,283,385,621,216,164,177,256,626,336,52,174,327,196,118,222,77,239,156,145,468,441,958,183,338,85,365,295,46,181,348,88,73,261,129,246,301,228,350,144,232
118,89,38,16,104,18,79,29,27,35,74,124,193,73,55,62,81,204,104,12,64,118,74,51,57,24,80,46,56,119,160,301,54,91,20,107,95,11,61,110,73,11,83,45,80,91,75,106,39,78
386,332,152,54,382,73,347,126,124,168,326,477,704,242,217,219,310,685,431,41,246,400,227,159,253,102,286,178,213,466,554,1036,183,352,85,431,342,70,197,423,261,83,132,157,299,378,256,414,132,277
165,146,63,40,196,43,177,57,61,78,158,217,363,135,93,100,123,350,195,27,92,197,114,70,130,59,133,83,97,237,304,536,97,179,39,182,166,31,96,187,129,45,157,25,155,164,128,200,76,108
453,350,155,67,439,100,368,150,121,163,340,466,689,273,205,233,263,720,393,47,225,403,234,147,260,127,280,171,220,487,611,1104,243,387,92,401,366,75,205,425,246,80,299,155,168,373,285,411,145,279
435,395,173,80,441,94,464,146,149,204,417,508,799,304,227,251,344,817,470,58,251,484,253,200,307,116,329,213,213,594,718,1273,265,438,104,505,445,88,236,506,301,91,378,164,373,221,267,464,166,320
326,289,122,47,290,64,304,99,89,134,264,365,579,199,176,162,252,596,344,48,187,385,208,122,219,87,225,149,152,372,505,939,208,302,70,290,277,61,179,337,228,75,256,128,285,267,92,349,132,224
531,473,223,88,516,108,481,162,168,234,461,610,953,313,299,318,375,907,533,70,300,496,299,201,360,147,378,258,292,672,791,1382,285,483,120,566,466,76,267,551,350,106,414,200,411,464,349,249,179,356
178,181,82,29,190,36,159,62,61,68,150,213,330,132,88,96,131,332,193,24,98,174,111,82,119,55,133,90,96,234,268,486,99,194,34,200,158,31,105,210,144,39,132,76,145,166,132,179,27,128
389,289,140,73,340,92,312,106,112,116,272,396,630,241,187,218,204,616,356,44,192,334,202,145,231,90,249,163,171,418,512,958,182,306,72,343,313,61,179,337,232,78,277,108,279,320,224,356,128,122
