254,469,188,85,456,90,502,178,188,266,466,504,767,397,329,342,364,786,505,72,317,540,371,230,375,151,376,267,296,616,746,1173,236,507,90,525,492,70,252,495,313,118,384,185,438,425,353,469,188,346
469,186,165,77,471,105,432,150,146,190,359,475,757,249,233,234,318,833,462,53,241,447,248,153,276,111,322,180,221,575,645,1261,215,389,96,423,399,59,217,462,300,104,338,166,303,433,271,455,147,284
188,165,38,37,224,48,189,57,69,72,182,236,374,124,88,124,131,361,223,19,103,225,106,92,113,68,152,90,95,257,298,554,101,195,44,171,204,29,86,202,125,42,158,61,148,193,114,206,67,123
85,77,37,9,78,18,78,30,25,39,72,109,155,49,49,42,65,154,89,15,56,85,57,28,70,20,65,48,44,109,129,218,45,67,19,73,74,11,44,83,56,20,58,30,79,74,52,93,32,68
456,471,224,78,264,111,472,141,154,194,423,577,961,321,296,254,347,944,467,63,276,516,319,214,333,127,352,237,249,600,747,1416,264,471,119,527,476,82,236,553,329,110,369,218,424,476,324,523,191,368
90,105,48,18,111,12,95,41,32,49,89,132,192,70,52,65,88,189,120,12,70,110,63,33,91,32,90,50,52,149,151,301,56,88,25,109,90,20,59,124,74,25,68,43,95,97,69,106,44,73
502,432,189,78,472,95,220,145,163,192,413,559,899,318,233,272,361,863,472,60,249,488,265,187,347,112,292,236,241,620,743,1361,250,446,106,467,429,76,259,488,289,95,353,198,385,469,327,482,179,323
178,150,57,30,141,41,145,23,49,73,139,152,261,100,84,80,115,276,139,10,100,147,106,56,86,40,112,75,75,183,252,424,75,140,45,173,139,25,75,175,103,36,138,49,122,156,81,170,57,101
188,146,69,25,154,32,163,49,27,56,139,204,300,115,82,82,134,293,182,20,96,170,97,58,94,32,94,71,91,210,264,471,80,150,40,181,168,10,73,154,96,36,129,58,132,138,106,194,70,116
266,190,72,39,194,49,192,73,56,41,168,209,336,129,113,111,143,358,200,22,115,212,128,81,137,60,123,113,112,235,313,552,120,205,36,204,211,30,89,195,150,45,174,73,179,183,123,232,72,140
466,359,182,72,423,89,413,139,139,168,183,441,771,262,242,230,307,766,447,50,240,440,267,165,289,118,296,218,238,530,639,1154,254,448,90,461,422,55,211,437,273,94,320,161,351,379,272,465,157,283
504,475,236,109,577,132,559,152,204,209,441,324,1071,385,285,310,414,1081,598,53,287,552,350,232,415,137,364,234,264,693,827,1622,312,523,136,574,523,63,280,597,385,132,426,230,487,525,354,602,216,350
767,757,374,155,961,192,899,261,300,336,771,1071,830,586,484,528,641,1456,959,115,543,941,524,376,611,245,611,426,480,1156,1380,2469,500,868,214,956,886,152,444,964,607,171,680,336,730,803,553,895,331,583
397,249,124,49,321,70,318,100,115,129,262,385,586,99,165,196,246,594,310,32,175,325,192,137,204,83,209,154,176,438,474,870,189,305,87,331,288,55,166,316,209,62,268,116,264,298,178,362,128,220
329,233,88,49,296,52,233,84,82,113,242,285,484,165,63,128,216,466,287,28,172,315,161,95,165,65,157,123,155,343,415,720,143,256,53,275,212,34,127,280,173,45,205,88,174,267,161,277,95,190
342,234,124,42,254,65,272,80,82,111,230,310,528,196,128,73,228,505,319,28,165,360,171,105,157,79,178,132,130,343,452,800,158,280,56,265,250,32,137,246,178,55,224,90,213,284,167,306,101,179
364,318,131,65,347,88,361,115,134,143,307,414,641,246,216,228,133,660,363,42,222,379,253,135,258,99,226,188,169,479,565,981,196,353,82,383,320,55,180,373,241,71,293,146,300,307,231,393,129,218
786,833,361,154,944,189,863,276,293,358,766,1081,1456,594,466,505,660,776,959,129,525,893,518,377,608,232,607,457,473,1122,1379,2480,486,827,226,946,871,164,467,967,614,162,696,350,722,822,566,891,355,596
505,462,223,89,467,120,472,139,182,200,447,598,959,310,287,319,363,959,262,59,275,503,324,210,358,141,364,253,269,651,806,1401,296,477,113,554,480,80,267,541,343,96,390,204,410,490,309,550,181,354
72,53,19,15,63,12,60,10,20,22,50,53,115,32,28,28,42,129,59,6,30,77,44,30,38,22,45,30,31,70,88,202,29,57,14,58,57,12,24,62,46,11,38,25,57,63,39,63,25,43
317,241,103,56,276,70,249,100,96,115,240,287,543,175,172,165,222,525,275,30,83,277,158,117,175,71,186,115,116,371,388,734,150,271,68,281,290,41,142,310,233,59,215,94,220,269,157,293,112,188
540,447,225,85,516,110,488,147,170,212,440,552,941,325,315,360,379,893,503,77,277,299,345,205,344,150,371,269,235,675,755,1377,287,497,127,524,462,83,270,554,353,107,400,194,430,473,298,550,188,354
371,248,106,57,319,63,265,106,97,128,267,350,524,192,161,171,253,518,324,44,158,345,83,118,202,72,189,163,138,363,433,820,145,270,72,330,308,50,170,347,201,47,223,130,239,279,180,306,106,206
230,153,92,28,214,33,187,56,58,81,165,232,376,137,95,105,135,377,210,30,117,205,118,47,153,58,148,88,112,258,305,595,117,196,40,210,188,31,106,236,125,49,157,73,153,206,127,212,69,144
375,276,113,70,333,91,347,86,94,137,289,415,611,204,165,157,258,608,358,38,175,344,202,153,110,81,218,176,183,403,504,976,185,307,76,319,306,45,159,362,227,79,256,115,254,300,217,340,113,229
151,111,68,20,127,32,112,40,32,60,118,137,245,83,65,79,99,232,141,22,71,150,72,58,81,12,75,67,65,134,195,416,73,107,25,130,128,13,59,143,78,35,108,44,93,120,83,135,43,105
376,322,152,65,352,90,292,112,94,123,296,364,611,209,157,178,226,607,364,45,186,371,189,148,218,75,116,177,167,400,489,1017,189,301,61,329,318,55,174,356,219,86,281,128,234,331,211,338,111,240
267,180,90,48,237,50,236,75,71,113,218,234,426,154,123,132,188,457,253,30,115,269,163,88,176,67,177,55,135,289,371,653,111,245,61,248,221,36,121,243,158,41,184,76,188,224,160,272,102,159
296,221,95,44,249,52,241,75,91,112,238,264,480,176,155,130,169,473,269,31,116,235,138,112,183,65,167,135,66,306,353,712,135,231,55,255,244,34,109,283,185,46,209,97,201,247,170,252,103,207
616,575,257,109,600,149,620,183,210,235,530,693,1156,438,343,343,479,1122,651,70,371,675,363,258,403,134,400,289,306,384,982,1755,361,580,128,674,614,93,307,666,417,132,495,241,507,601,385,677,235,425
746,645,298,129,747,151,743,252,264,313,639,827,1380,474,415,452,565,1379,806,88,388,755,433,305,504,195,489,371,353,982,571,1993,445,728,177,861,698,122,385,782,513,154,581,285,614,742,503,751,303,504
1173,1261,554,218,1416,301,1361,424,471,552,1154,1622,2469,870,720,800,981,2480,1401,202,734,1377,820,595,976,416,1017,653,712,1755,1993,1907,738,1293,325,1582,1352,252,696,1447,936,280,1038,514,1156,1335,882,1382,479,946
236,215,101,45,264,56,250,75,80,120,254,312,500,189,143,158,196,486,296,29,150,287,145,117,185,73,189,111,135,361,445,738,82,231,61,336,234,49,131,296,198,52,207,113,213,241,151,305,88,194
507,389,195,67,471,88,446,140,150,205,448,523,868,305,256,280,353,827,477,57,271,497,270,196,307,107,301,245,231,580,728,1293,231,229,112,475,428,78,257,540,289,99,340,183,399,420,283,488,182,334
90,96,44,19,119,25,106,45,40,36,90,136,214,87,53,56,82,226,113,14,68,127,72,40,76,25,61,61,55,128,177,325,61,112,15,98,133,27,69,115,73,15,78,42,93,113,77,113,48,96
525,423,171,73,527,109,467,173,181,204,461,574,956,331,275,265,383,946,554,58,281,524,330,210,319,130,329,248,255,674,861,1582,336,475,98,267,465,69,272,596,344,113,431,213,411,485,351,547,207,345
492,399,204,74,476,90,429,139,168,211,422,523,886,288,212,250,320,871,480,57,290,462,308,188,306,128,318,221,244,614,698,1352,234,428,133,465,195,86,235,488,293,106,329,151,369,444,255,460,183,326
70,59,29,11,82,20,76,25,10,30,55,63,152,55,34,32,55,164,80,12,41,83,50,31,45,13,55,36,34,93,122,252,49,78,27,69,86,7,34,81,58,16,59,31,56,94,46,95,36,54
252,217,86,44,236,59,259,75,73,89,211,280,444,166,127,137,180,467,267,24,142,270,170,106,159,59,174,121,109,307,385,696,131,257,69,272,235,34,61,248,152,50,204,114,227,266,176,270,110,174
495,462,202,83,553,124,488,175,154,195,437,597,964,316,280,246,373,967,541,62,310,554,347,236,362,143,356,243,283,666,782,1447,296,540,115,596,488,81,248,275,349,123,409,208,407,520,339,543,202,345
313,300,125,56,329,74,289,103,96,150,273,385,607,209,173,178,241,614,343,46,233,353,201,125,227,78,219,158,185,417,513,936,198,289,73,344,293,58,152,349,103,78,251,124,291,324,220,355,133,214
118,104,42,20,110,25,95,36,36,45,94,132,171,62,45,55,71,162,96,11,59,107,47,49,79,35,86,41,46,132,154,280,52,99,15,113,106,16,50,123,78,11,78,40,93,98,66,102,37,83
384,338,158,58,369,68,353,138,129,174,320,426,680,268,205,224,293,696,390,38,215,400,223,157,256,108,281,184,209,495,581,1038,207,340,78,431,329,59,204,409,251,78,146,161,266,349,236,383,109,255
185,166,61,30,218,43,198,49,58,73,161,230,336,116,88,90,146,350,204,25,94,194,130,73,115,44,128,76,97,241,285,514,113,183,42,213,151,31,114,208,124,40,161,28,144,162,105,208,67,135
438,303,148,79,424,95,385,122,132,179,351,487,730,264,174,213,300,722,410,57,220,430,239,153,254,93,234,188,201,507,614,1156,213,399,93,411,369,56,227,407,291,93,266,144,172,349,258,423,141,270
425,433,193,74,476,97,469,156,138,183,379,525,803,298,267,284,307,822,490,63,269,473,279,206,300,120,331,224,247,601,742,1335,241,420,113,485,444,94,266,520,324,98,349,162,349,220,265,486,158,326
353,271,114,52,324,69,327,81,106,123,272,354,553,178,161,167,231,566,309,39,157,298,180,127,217,83,211,160,170,385,503,882,151,283,77,351,255,46,176,339,220,66,236,105,258,265,97,349,129,222
469,455,206,93,523,106,482,170,194,232,465,602,895,362,277,306,393,891,550,63,293,550,306,212,340,135,338,272,252,677,751,1382,305,488,113,547,460,95,270,543,355,102,383,208,423,486,349,277,196,364
188,147,67,32,191,44,179,57,70,72,157,216,331,128,95,101,129,355,181,25,112,188,106,69,113,43,111,102,103,235,303,479,88,182,48,207,183,36,110,202,133,37,109,67,141,158,129,196,33,139
346,284,123,68,368,73,323,101,116,140,283,350,583,220,190,179,218,596,354,43,188,354,206,144,229,105,240,159,207,425,504,946,194,334,96,345,326,54,174,345,214,83,255,135,270,326,222,364,139,101
