257,453,220,100,497,138,517,184,170,248,441,539,836,371,291,331,359,860,534,68,338,531,349,219,377,160,376,308,303,640,741,1193,248,540,105,573,491,87,256,483,324,117,367,179,436,427,347,487,170,349
453,172,161,82,439,110,455,118,148,166,354,486,772,254,220,262,308,792,436,56,230,441,268,168,304,101,282,194,206,532,735,1249,221,444,104,452,417,66,211,487,268,73,348,155,343,417,261,452,189,306
220,161,33,38,192,51,186,47,59,81,169,219,404,120,106,99,139,365,202,24,107,210,111,71,123,47,110,74,94,254,312,596,119,176,44,198,176,30,90,196,140,42,141,52,139,203,115,192,78,125
100,82,38,6,84,17,88,32,27,35,76,98,122,59,48,61,64,149,82,9,54,73,57,44,63,25,71,40,44,111,127,209,36,69,17,92,85,18,54,83,62,24,68,34,79,76,58,93,31,64
497,439,192,84,288,122,536,157,179,216,441,556,984,340,289,312,352,988,502,56,293,551,308,216,343,140,351,236,257,686,800,1406,288,501,117,523,511,85,256,548,299,93,417,212,430,493,327,563,188,341
138,110,51,17,122,17,125,35,34,53,108,119,183,83,69,83,80,221,116,17,72,119,81,48,81,33,83,55,59,162,155,290,59,112,27,124,103,26,51,118,71,21,102,43,109,109,70,128,42,93
517,455,186,88,536,125,259,143,150,214,436,533,840,330,272,312,330,863,459,84,294,531,290,192,340,137,350,239,241,619,728,1334,258,483,107,492,469,77,253,509,327,92,370,191,398,462,341,512,181,342
184,118,47,32,157,35,143,26,53,64,142,166,265,111,92,93,122,288,163,20,79,164,97,66,97,43,103,62,80,187,203,400,80,155,45,151,153,22,64,135,86,30,117,49,115,128,104,148,52,99
170,148,59,27,179,34,150,53,27,69,131,207,320,103,87,98,126,305,164,18,85,168,103,61,104,46,96,82,73,212,262,451,93,156,41,167,167,27,85,169,111,25,126,66,136,145,107,159,64,108
248,166,81,35,216,53,214,64,69,31,171,215,367,120,127,126,147,362,237,29,133,224,130,79,158,55,144,106,117,292,319,551,101,218,44,227,195,30,119,219,130,49,159,71,155,185,123,200,69,154
441,354,169,76,441,108,436,142,131,171,190,472,728,294,239,248,313,758,449,56,259,445,262,173,305,118,277,207,207,556,614,1077,205,441,95,501,413,70,217,451,309,89,323,160,334,366,280,434,136,300
539,486,219,98,556,119,533,166,207,215,472,305,1049,350,270,322,396,1033,585,62,285,586,302,255,379,128,365,273,290,769,849,1679,321,524,117,616,552,91,284,573,378,132,449,206,439,540,345,562,200,395
836,772,404,122,984,183,840,265,320,367,728,1049,804,587,472,524,673,1423,933,115,460,928,511,364,587,213,643,428,464,1200,1407,2489,485,841,200,996,829,136,466,980,608,194,685,348,687,857,583,943,358,613
371,254,120,59,340,83,330,111,103,120,294,350,587,100,177,195,234,599,315,49,207,355,177,146,192,82,190,170,165,418,482,908,160,307,55,315,319,48,146,357,225,60,268,101,253,272,196,336,123,228
291,220,106,48,289,69,272,92,87,127,239,270,472,177,67,137,205,446,266,36,130,265,164,109,174,75,203,134,143,334,379,702,127,245,50,268,270,42,141,284,177,54,198,88,225,222,151,286,92,215
331,262,99,61,312,83,312,93,98,126,248,322,524,195,137,88,202,525,315,34,151,293,156,125,188,75,210,129,142,379,419,773,150,300,59,288,276,43,145,320,193,57,220,105,255,263,182,310,102,187
359,308,139,64,352,80,330,122,126,147,313,396,673,234,205,202,135,674,382,55,188,375,232,149,239,107,250,172,173,452,559,1035,188,352,58,386,352,72,208,377,242,65,291,127,308,337,222,370,126,249
860,792,365,149,988,221,863,288,305,362,758,1033,1423,599,446,525,674,810,941,131,474,935,538,362,585,235,627,411,451,1174,1376,2418,479,847,196,937,858,139,471,1032,603,182,712,368,712,827,582,955,345,585
534,436,202,82,502,116,459,163,164,237,449,585,933,315,266,315,382,941,267,63,270,477,321,200,350,131,343,245,227,677,746,1415,286,482,97,523,476,73,258,545,307,117,402,194,406,484,327,523,165,358
68,56,24,9,56,17,84,20,18,29,56,62,115,49,36,34,55,131,63,3,45,58,37,23,31,19,46,19,39,83,96,183,46,68,16,65,61,8,37,70,27,15,54,34,50,61,43,78,23,36
338,230,107,54,293,72,294,79,85,133,259,285,460,207,130,151,188,474,270,45,69,302,162,119,148,66,190,112,125,352,422,766,147,293,77,291,275,58,139,315,206,57,227,99,209,258,161,295,108,186
531,441,210,73,551,119,531,164,168,224,445,586,928,355,265,293,375,935,477,58,302,246,299,216,341,133,375,268,259,647,735,1438,285,518,111,569,534,81,260,572,337,116,397,222,415,461,329,529,168,359
349,268,111,57,308,81,290,97,103,130,262,302,511,177,164,156,232,538,321,37,162,299,96,135,208,82,202,138,140,370,466,818,171,298,62,300,301,60,134,330,204,54,232,118,252,272,180,299,120,201
219,168,71,44,216,48,192,66,61,79,173,255,364,146,109,125,149,362,200,23,119,216,135,52,128,52,127,97,96,262,283,556,106,187,42,205,230,22,104,218,139,35,159,84,157,172,128,215,71,142
377,304,123,63,343,81,340,97,104,158,305,379,587,192,174,188,239,585,350,31,148,341,208,128,109,77,194,179,150,428,504,916,181,349,59,356,315,58,179,368,227,61,278,121,254,305,198,374,120,255
160,101,47,25,140,33,137,43,46,55,118,128,213,82,75,75,107,235,131,19,66,133,82,52,77,22,67,56,51,140,186,353,65,127,31,116,114,24,70,145,80,21,97,40,114,124,99,138,56,84
376,282,110,71,351,83,350,103,96,144,277,365,643,190,203,210,250,627,343,46,190,375,202,127,194,67,94,147,142,411,513,979,175,338,70,331,324,70,171,349,215,66,274,123,248,309,215,377,127,235
308,194,74,40,236,55,239,62,82,106,207,273,428,170,134,129,172,411,245,19,112,268,138,97,179,56,147,59,136,268,341,636,144,200,49,211,235,38,118,256,167,33,147,73,212,219,132,231,93,156
303,206,94,44,257,59,241,80,73,117,207,290,464,165,143,142,173,451,227,39,125,259,140,96,150,51,142,136,58,294,376,687,147,221,63,300,202,40,103,263,162,44,216,79,187,260,169,283,96,181
640,532,254,111,686,162,619,187,212,292,556,769,1200,418,334,379,452,1174,677,83,352,647,370,262,428,140,411,268,294,414,974,1870,384,624,148,685,589,102,327,703,428,125,487,249,506,662,413,705,258,425
741,735,312,127,800,155,728,203,262,319,614,849,1407,482,379,419,559,1376,746,96,422,735,466,283,504,186,513,341,376,974,586,2100,438,678,167,852,704,140,354,803,482,166,550,326,619,722,509,800,288,484
1193,1249,596,209,1406,290,1334,400,451,551,1077,1679,2489,908,702,773,1035,2418,1415,183,766,1438,818,556,916,353,979,636,687,1870,2100,1967,709,1304,299,1536,1290,229,692,1492,936,292,1036,535,1110,1319,864,1446,489,944
248,221,119,36,288,59,258,80,93,101,205,321,485,160,127,150,188,479,286,46,147,285,171,106,181,65,175,144,147,384,438,709,75,248,62,297,252,45,127,301,196,53,190,118,220,255,178,269,113,182
540,444,176,69,501,112,483,155,156,218,441,524,841,307,245,300,352,847,482,68,293,518,298,187,349,127,338,200,221,624,678,1304,248,232,109,487,460,73,244,532,293,88,414,182,382,431,316,511,168,320
105,104,44,17,117,27,107,45,41,44,95,117,200,55,50,59,58,196,97,16,77,111,62,42,59,31,70,49,63,148,167,299,62,109,5,99,99,26,51,130,78,25,79,39,76,104,60,101,33,77
573,452,198,92,523,124,492,151,167,227,501,616,996,315,268,288,386,937,523,65,291,569,300,205,356,116,331,211,300,685,852,1536,297,487,99,305,523,85,259,586,359,101,410,216,429,484,326,582,176,359
491,417,176,85,511,103,469,153,167,195,413,552,829,319,270,276,352,858,476,61,275,534,301,230,315,114,324,235,202,589,704,1290,252,460,99,523,231,80,231,504,341,108,347,166,377,426,292,490,164,323
87,66,30,18,85,26,77,22,27,30,70,91,136,48,42,43,72,139,73,8,58,81,60,22,58,24,70,38,40,102,140,229,45,73,26,85,80,9,54,110,59,15,65,33,60,83,50,93,32,66
256,211,90,54,256,51,253,64,85,119,217,284,466,146,141,145,208,471,258,37,139,260,134,104,179,70,171,118,103,327,354,692,127,244,51,259,231,54,60,245,167,46,188,107,193,228,146,266,82,178
483,487,196,83,548,118,509,135,169,219,451,573,980,357,284,320,377,1032,545,70,315,572,330,218,368,145,349,256,263,703,803,1492,301,532,130,586,504,110,245,273,306,108,421,210,417,525,333,579,183,355
324,268,140,62,299,71,327,86,111,130,309,378,608,225,177,193,242,603,307,27,206,337,204,139,227,80,215,167,162,428,482,936,196,293,78,359,341,59,167,306,91,70,248,116,263,310,213,348,119,235
117,73,42,24,93,21,92,30,25,49,89,132,194,60,54,57,65,182,117,15,57,116,54,35,61,21,66,33,44,125,166,292,53,88,25,101,108,15,46,108,70,12,84,47,81,106,65,112,31,72
367,348,141,68,417,102,370,117,126,159,323,449,685,268,198,220,291,712,402,54,227,397,232,159,278,97,274,147,216,487,550,1036,190,414,79,410,347,65,188,421,248,84,150,134,310,354,223,392,128,269
179,155,52,34,212,43,191,49,66,71,160,206,348,101,88,105,127,368,194,34,99,222,118,84,121,40,123,73,79,249,326,535,118,182,39,216,166,33,107,210,116,47,134,33,146,185,121,205,78,108
436,343,139,79,430,109,398,115,136,155,334,439,687,253,225,255,308,712,406,50,209,415,252,157,254,114,248,212,187,506,619,1110,220,382,76,429,377,60,193,417,263,81,310,146,159,358,266,432,149,283
427,417,203,76,493,109,462,128,145,185,366,540,857,272,222,263,337,827,484,61,258,461,272,172,305,124,309,219,260,662,722,1319,255,431,104,484,426,83,228,525,310,106,354,185,358,192,310,484,168,301
347,261,115,58,327,70,341,104,107,123,280,345,583,196,151,182,222,582,327,43,161,329,180,128,198,99,215,132,169,413,509,864,178,316,60,326,292,50,146,333,213,65,223,121,266,310,88,364,109,196
487,452,192,93,563,128,512,148,159,200,434,562,943,336,286,310,370,955,523,78,295,529,299,215,374,138,377,231,283,705,800,1446,269,511,101,582,490,93,266,579,348,112,392,205,432,484,364,273,189,363
170,189,78,31,188,42,181,52,64,69,136,200,358,123,92,102,126,345,165,23,108,168,120,71,120,56,127,93,96,258,288,489,113,168,33,176,164,32,82,183,119,31,128,78,149,168,109,189,32,124
349,306,125,64,341,93,342,99,108,154,300,395,613,228,215,187,249,585,358,36,186,359,201,142,255,84,235,156,181,425,484,944,182,320,77,359,323,66,178,355,235,72,269,108,283,301,196,363,124,138
