285,469,216,105,504,112,466,178,165,274,494,525,831,389,323,361,362,798,516,67,323,540,371,213,392,147,378,281,325,597,701,1212,248,504,86,503,477,81,257,464,291,107,367,196,432,437,343,479,171,382
469,198,156,71,444,92,438,113,123,179,368,479,797,250,225,245,330,761,433,54,247,461,270,170,287,100,302,207,227,538,630,1250,233,406,92,476,424,74,228,443,315,91,321,156,332,406,296,446,174,300
216,156,43,28,198,35,183,59,54,86,160,210,380,119,104,122,122,378,217,18,107,182,112,80,131,58,142,78,88,231,301,565,95,182,38,224,195,25,108,214,141,45,138,82,148,168,103,217,73,135
105,71,28,7,84,18,80,21,31,24,71,96,153,61,53,61,60,148,92,5,50,80,69,35,59,20,60,34,44,96,95,211,44,77,17,99,75,20,40,72,56,20,67,30,64,68,57,73,23,63
504,444,198,84,261,112,467,159,163,195,416,571,947,338,252,275,365,910,551,58,291,518,286,185,338,127,324,228,246,625,798,1390,255,433,112,480,453,92,272,500,327,109,386,174,417,480,318,531,177,359
112,92,35,18,112,4,104,30,30,54,95,104,220,86,65,70,77,233,130,12,65,124,86,51,77,35,88,63,64,139,141,302,61,99,28,120,96,26,58,110,69,18,73,37,92,107,77,115,43,95
466,438,183,80,467,104,260,131,155,189,388,534,847,357,259,273,330,831,484,45,307,480,282,199,324,124,346,251,239,608,672,1317,240,479,115,545,453,83,224,544,306,108,361,181,411,414,318,526,184,352
178,113,59,21,159,30,131,20,48,57,117,149,268,104,90,90,110,287,170,17,73,152,80,68,101,30,83,65,77,190,232,452,90,154,37,165,154,16,65,157,100,42,107,54,124,140,89,144,54,123
165,123,54,31,163,30,155,48,29,60,120,159,293,130,80,78,120,285,150,14,95,166,85,78,79,38,111,61,96,191,257,466,101,148,41,169,177,30,85,162,96,33,117,57,139,143,123,189,67,115
274,179,86,24,195,54,189,57,60,41,172,235,365,142,115,129,128,366,191,27,111,213,133,99,132,57,151,94,110,229,276,531,99,180,55,219,182,42,106,200,137,31,157,72,183,211,139,235,86,145
494,368,160,71,416,95,388,117,120,172,174,463,790,278,245,259,297,741,408,56,268,424,298,181,267,106,328,186,247,524,610,1183,232,422,107,481,398,78,207,392,273,72,289,145,379,400,287,418,167,276
525,479,210,96,571,104,534,149,159,235,463,298,993,362,276,287,369,1019,525,62,284,576,350,232,384,134,388,235,275,686,870,1619,303,504,120,606,490,91,258,564,390,111,399,217,442,501,362,615,200,347
831,797,380,153,947,220,847,268,293,365,790,993,741,619,485,512,670,1380,972,128,463,944,532,340,641,225,600,438,473,1103,1337,2321,469,844,196,994,845,156,455,927,582,186,683,344,729,818,563,992,310,617
389,250,119,61,338,86,357,104,130,142,278,362,619,97,164,194,228,552,296,43,189,303,198,143,208,83,207,149,164,395,500,850,167,306,67,373,321,54,176,335,223,73,247,133,237,314,233,354,126,262
323,225,104,53,252,65,259,90,80,115,245,276,485,164,66,136,188,475,285,29,144,285,142,104,199,63,164,141,109,320,420,781,153,256,59,276,254,43,134,279,185,67,215,93,214,239,180,276,97,187
361,245,122,61,275,70,273,90,78,129,259,287,512,194,136,80,213,513,298,37,162,305,168,113,206,76,188,130,128,338,448,798,187,268,71,294,296,52,129,308,193,67,240,106,239,251,173,319,104,196
362,330,122,60,365,77,330,110,120,128,297,369,670,228,188,213,127,625,381,45,181,369,167,172,254,88,263,163,176,430,546,1033,196,348,80,358,337,66,166,380,233,65,279,129,301,319,220,349,124,245
798,761,378,148,910,233,831,287,285,366,741,1019,1380,552,475,513,625,782,889,131,476,886,504,343,624,227,594,446,442,1078,1294,2441,470,824,184,927,850,146,467,963,582,204,734,339,721,815,570,949,318,620
516,433,217,92,551,130,484,170,150,191,408,525,972,296,285,298,381,889,251,61,260,492,311,202,338,124,349,261,253,655,786,1400,274,502,114,549,496,84,277,526,347,108,370,181,388,473,301,554,186,358
67,54,18,5,58,12,45,17,14,27,56,62,128,43,29,37,45,131,61,2,36,70,35,20,40,15,36,28,31,81,88,193,35,49,13,56,62,15,34,56,50,12,41,16,49,52,42,62,26,46
323,247,107,50,291,65,307,73,95,111,268,284,463,189,144,162,181,476,260,36,76,284,165,125,185,64,190,128,154,371,437,808,137,253,68,280,307,46,131,283,203,50,227,120,246,243,175,299,130,200
540,461,182,80,518,124,480,152,166,213,424,576,944,303,285,305,369,886,492,70,284,265,316,211,344,144,358,262,267,650,750,1403,290,494,104,583,499,91,244,505,332,101,405,165,385,472,351,528,191,397
371,270,112,69,286,86,282,80,85,133,298,350,532,198,142,168,167,504,311,35,165,316,83,118,186,85,209,161,158,369,477,829,155,274,58,324,282,43,138,303,176,67,245,87,230,264,172,304,91,206
213,170,80,35,185,51,199,68,78,99,181,232,340,143,104,113,172,343,202,20,125,211,118,44,148,57,146,109,101,254,308,509,94,194,49,229,181,33,113,207,129,36,139,78,173,210,126,193,71,141
392,287,131,59,338,77,324,101,79,132,267,384,641,208,199,206,254,624,338,40,185,344,186,148,115,80,213,165,171,406,523,958,179,329,79,357,307,45,177,349,218,68,273,121,266,306,209,344,125,179
147,100,58,20,127,35,124,30,38,57,106,134,225,83,63,76,88,227,124,15,64,144,85,57,80,17,88,51,69,150,180,362,83,115,33,133,121,23,67,127,74,21,79,41,104,127,76,144,54,96
378,302,142,60,324,88,346,83,111,151,328,388,600,207,164,188,263,594,349,36,190,358,209,146,213,88,134,148,176,400,547,958,183,319,73,388,329,66,165,367,209,62,273,127,274,344,193,397,120,241
281,207,78,34,228,63,251,65,61,94,186,235,438,149,141,130,163,446,261,28,128,262,161,109,165,51,148,50,116,296,364,654,125,219,63,219,221,29,116,226,145,49,176,72,171,199,149,233,105,172
325,227,88,44,246,64,239,77,96,110,247,275,473,164,109,128,176,442,253,31,154,267,158,101,171,69,176,116,58,298,398,680,145,227,51,263,232,37,132,250,173,60,203,89,189,204,142,268,87,178
597,538,231,96,625,139,608,190,191,229,524,686,1103,395,320,338,430,1078,655,81,371,650,369,254,406,150,400,296,298,372,962,1827,361,580,137,657,598,112,316,684,444,143,464,222,521,606,399,660,238,469
701,630,301,95,798,141,672,232,257,276,610,870,1337,500,420,448,546,1294,786,88,437,750,477,308,523,180,547,364,398,962,556,2062,390,680,186,801,698,146,348,747,468,168,586,292,616,643,487,786,294,532
1212,1250,565,211,1390,302,1317,452,466,531,1183,1619,2321,850,781,798,1033,2441,1400,193,808,1403,829,509,958,362,958,654,680,1827,2062,1857,694,1287,347,1563,1312,242,686,1455,926,260,1086,501,1102,1272,917,1422,472,945
248,233,95,44,255,61,240,90,101,99,232,303,469,167,153,187,196,470,274,35,137,290,155,94,179,83,183,125,145,361,390,694,68,267,72,291,252,43,124,296,179,58,200,93,204,230,178,278,100,182
504,406,182,77,433,99,479,154,148,180,422,504,844,306,256,268,348,824,502,49,253,494,274,194,329,115,319,219,227,580,680,1287,267,222,114,509,420,78,248,458,266,95,340,151,395,410,310,487,173,323
86,92,38,17,112,28,115,37,41,55,107,120,196,67,59,71,80,184,114,13,68,104,58,49,79,33,73,63,51,137,186,347,72,114,13,131,101,27,51,113,59,31,89,40,83,109,60,124,37,67
503,476,224,99,480,120,545,165,169,219,481,606,994,373,276,294,358,927,549,56,280,583,324,229,357,133,388,219,263,657,801,1563,291,509,131,257,501,89,260,619,347,117,400,191,425,500,305,578,191,382
477,424,195,75,453,96,453,154,177,182,398,490,845,321,254,296,337,850,496,62,307,499,282,181,307,121,329,221,232,598,698,1312,252,420,101,501,205,63,252,485,328,93,351,168,392,406,299,518,160,338
81,74,25,20,92,26,83,16,30,42,78,91,156,54,43,52,66,146,84,15,46,91,43,33,45,23,66,29,37,112,146,242,43,78,27,89,63,6,36,72,50,16,75,30,67,71,55,89,40,56
257,228,108,40,272,58,224,65,85,106,207,258,455,176,134,129,166,467,277,34,131,244,138,113,177,67,165,116,132,316,348,686,124,248,51,260,252,36,60,262,151,58,201,94,203,235,149,260,104,180
464,443,214,72,500,110,544,157,162,200,392,564,927,335,279,308,380,963,526,56,283,505,303,207,349,127,367,226,250,684,747,1455,296,458,113,619,485,72,262,272,335,114,405,198,395,495,338,559,172,366
291,315,141,56,327,69,306,100,96,137,273,390,582,223,185,193,233,582,347,50,203,332,176,129,218,74,209,145,173,444,468,926,179,266,59,347,328,50,151,335,120,54,254,112,264,333,186,347,115,217
107,91,45,20,109,18,108,42,33,31,72,111,186,73,67,67,65,204,108,12,50,101,67,36,68,21,62,49,60,143,168,260,58,95,31,117,93,16,58,114,54,10,73,38,77,89,77,114,47,82
367,321,138,67,386,73,361,107,117,157,289,399,683,247,215,240,279,734,370,41,227,405,245,139,273,79,273,176,203,464,586,1086,200,340,89,400,351,75,201,405,254,73,145,139,327,328,253,412,144,264
196,156,82,30,174,37,181,54,57,72,145,217,344,133,93,106,129,339,181,16,120,165,87,78,121,41,127,72,89,222,292,501,93,151,40,191,168,30,94,198,112,38,139,33,154,172,120,198,83,131
432,332,148,64,417,92,411,124,139,183,379,442,729,237,214,239,301,721,388,49,246,385,230,173,266,104,274,171,189,521,616,1102,204,395,83,425,392,67,203,395,264,77,327,154,167,389,247,425,152,285
437,406,168,68,480,107,414,140,143,211,400,501,818,314,239,251,319,815,473,52,243,472,264,210,306,127,344,199,204,606,643,1272,230,410,109,500,406,71,235,495,333,89,328,172,389,230,303,485,179,279
343,296,103,57,318,77,318,89,123,139,287,362,563,233,180,173,220,570,301,42,175,351,172,126,209,76,193,149,142,399,487,917,178,310,60,305,299,55,149,338,186,77,253,120,247,303,102,343,120,247
479,446,217,73,531,115,526,144,189,235,418,615,992,354,276,319,349,949,554,62,299,528,304,193,344,144,397,233,268,660,786,1422,278,487,124,578,518,89,260,559,347,114,412,198,425,485,343,274,193,347
171,174,73,23,177,43,184,54,67,86,167,200,310,126,97,104,124,318,186,26,130,191,91,71,125,54,120,105,87,238,294,472,100,173,37,191,160,40,104,172,115,47,144,83,152,179,120,193,29,132
382,300,135,63,359,95,352,123,115,145,276,347,617,262,187,196,245,620,358,46,200,397,206,141,179,96,241,172,178,469,532,945,182,323,67,382,338,56,180,366,217,82,264,131,285,279,247,347,132,117
