296,449,187,68,510,100,476,198,172,246,445,509,831,369,325,330,369,807,470,73,313,525,349,203,380,148,397,313,301,621,715,1159,251,500,120,515,524,83,275,438,302,89,345,176,464,389,333,525,180,393
449,172,155,67,452,100,410,134,140,171,351,512,772,259,211,234,291,780,437,53,244,437,238,160,253,104,286,180,205,519,615,1203,229,387,87,466,393,72,205,459,272,93,330,161,335,419,272,457,189,299
187,155,50,35,191,40,199,52,59,79,176,231,346,121,98,104,137,357,216,28,114,212,138,80,136,52,122,79,111,242,331,559,114,194,46,214,185,28,96,222,142,47,161,84,166,194,141,208,78,136
68,67,35,4,93,20,86,23,19,30,60,104,157,54,46,49,59,144,93,18,53,78,62,34,54,27,58,29,48,103,136,216,41,87,18,77,75,13,43,110,43,19,59,30,76,70,52,90,34,54
510,452,191,93,249,100,480,143,177,232,468,561,927,348,289,312,346,889,473,52,288,515,327,230,341,137,354,222,257,635,787,1392,256,484,111,560,484,78,238,530,315,101,402,204,426,489,334,503,199,350
100,100,40,20,100,16,111,32,28,38,90,127,207,65,73,71,76,204,110,13,68,100,80,43,63,35,69,37,71,129,147,272,60,93,26,110,95,19,51,131,73,24,76,43,97,112,77,100,41,76
476,410,199,86,480,111,250,144,174,164,395,543,877,343,280,262,365,799,485,54,285,475,279,188,331,120,313,198,238,614,733,1282,247,448,99,543,476,89,261,530,332,97,354,178,386,478,318,479,167,332
198,134,52,23,143,32,144,19,45,71,135,174,275,106,78,82,111,281,137,17,75,162,76,51,102,46,116,70,56,181,246,451,83,145,34,156,161,36,71,146,97,17,125,51,120,143,95,180,51,113
172,140,59,19,177,28,174,45,31,76,148,171,324,121,82,88,138,287,181,19,90,188,93,74,128,47,134,79,80,191,264,462,93,170,40,170,181,32,80,203,110,29,125,57,150,166,102,162,69,114
246,171,79,30,232,38,164,71,76,46,202,212,368,136,126,107,153,349,199,26,111,211,137,88,147,55,134,81,102,258,299,581,131,180,41,203,192,43,112,211,152,39,159,69,187,183,123,221,78,151
445,351,176,60,468,90,395,135,148,202,192,498,728,273,234,243,273,682,445,61,208,420,260,164,286,115,289,205,205,531,628,1120,236,391,77,450,415,68,201,407,280,95,307,156,351,380,254,417,148,279
509,512,231,104,561,127,543,174,171,212,498,327,957,387,275,319,406,972,539,63,297,541,307,225,355,143,371,256,263,745,862,1535,289,522,106,637,535,84,271,622,396,129,427,200,442,556,358,584,180,369
831,772,346,157,927,207,877,275,324,368,728,957,771,609,473,530,638,1411,938,112,514,947,516,355,557,254,596,438,471,1152,1395,2378,483,840,191,1005,851,164,432,966,604,178,677,345,698,778,554,896,312,618
369,259,121,54,348,65,343,106,121,136,273,387,609,106,174,181,256,622,357,37,184,347,188,124,201,73,212,145,162,422,518,893,188,308,66,355,337,55,184,359,211,68,244,137,290,310,201,354,132,221
325,211,98,46,289,73,280,78,82,126,234,275,473,174,71,140,177,466,248,33,173,276,171,118,192,71,182,131,121,333,406,756,155,248,54,260,265,30,123,286,171,47,228,90,221,252,174,268,90,188
330,234,104,49,312,71,262,82,88,107,243,319,530,181,140,72,195,494,290,43,178,298,180,122,175,78,184,133,152,355,446,784,161,260,69,301,279,45,139,308,202,55,232,85,235,260,178,297,113,194
369,291,137,59,346,76,365,111,138,153,273,406,638,256,177,195,138,674,342,43,213,362,199,134,226,93,263,162,186,450,541,1030,198,351,104,361,359,71,187,374,224,72,294,149,288,325,231,405,151,238
807,780,357,144,889,204,799,281,287,349,682,972,1411,622,466,494,674,810,935,117,562,924,533,348,623,240,628,437,458,1145,1361,2441,483,848,196,1041,827,147,454,945,626,168,669,348,691,782,554,894,317,560
470,437,216,93,473,110,485,137,181,199,445,539,938,357,248,290,342,935,270,50,311,493,290,201,356,139,373,230,255,628,791,1393,285,511,108,501,482,78,259,515,321,112,398,218,408,484,291,541,181,358
73,53,28,18,52,13,54,17,19,26,61,63,112,37,33,43,43,117,50,4,26,59,36,34,39,15,43,29,33,80,101,185,39,58,10,62,61,10,28,72,44,10,50,28,46,56,41,70,23,38
313,244,114,53,288,68,285,75,90,111,208,297,514,184,173,178,213,562,311,26,70,288,161,117,177,68,165,117,152,352,436,826,158,261,73,289,265,43,135,292,188,57,223,92,215,268,189,308,119,204
525,437,212,78,515,100,475,162,188,211,420,541,947,347,276,298,362,924,493,59,288,272,328,183,354,140,356,247,264,602,746,1434,258,493,114,525,462,68,267,522,334,113,378,192,388,462,287,556,181,351
349,238,138,62,327,80,279,76,93,137,260,307,516,188,171,180,199,533,290,36,161,328,81,122,208,74,218,133,137,359,457,838,167,265,66,298,275,35,131,304,210,71,224,91,212,295,182,295,107,192
203,160,80,34,230,43,188,51,74,88,164,225,355,124,118,122,134,348,201,34,117,183,122,36,130,47,119,94,100,243,316,537,110,194,44,185,182,34,95,198,132,35,145,75,159,165,137,214,80,160
380,253,136,54,341,63,331,102,128,147,286,355,557,201,192,175,226,623,356,39,177,354,208,130,115,92,234,154,172,390,486,948,176,299,82,342,290,52,164,319,197,82,276,131,257,321,209,340,133,228
148,104,52,27,137,35,120,46,47,55,115,143,254,73,71,78,93,240,139,15,68,140,74,47,92,13,81,58,75,164,211,346,70,114,22,127,111,25,75,116,81,27,97,49,104,149,82,134,54,84
397,286,122,58,354,69,313,116,134,134,289,371,596,212,182,184,263,628,373,43,165,356,218,119,234,81,112,144,175,409,506,912,164,328,73,386,310,63,180,317,217,65,250,115,284,341,198,345,149,252
313,180,79,29,222,37,198,70,79,81,205,256,438,145,131,133,162,437,230,29,117,247,133,94,154,58,144,57,124,295,348,673,142,198,71,250,214,28,124,251,149,50,179,87,196,226,150,217,114,164
301,205,111,48,257,71,238,56,80,102,205,263,471,162,121,152,186,458,255,33,152,264,137,100,172,75,175,124,60,310,407,698,161,242,58,255,230,41,116,263,172,52,230,94,188,228,153,268,92,204
621,519,242,103,635,129,614,181,191,258,531,745,1152,422,333,355,450,1145,628,80,352,602,359,243,390,164,409,295,310,377,918,1799,334,581,144,654,576,94,358,661,398,119,474,205,508,584,396,727,248,449
715,615,331,136,787,147,733,246,264,299,628,862,1395,518,406,446,541,1361,791,101,436,746,457,316,486,211,506,348,407,918,554,2087,394,734,188,780,700,106,383,795,548,169,585,288,645,696,472,781,285,514
1159,1203,559,216,1392,272,1282,451,462,581,1120,1535,2378,893,756,784,1030,2441,1393,185,826,1434,838,537,948,346,912,673,698,1799,2087,1855,715,1327,308,1537,1292,241,732,1521,921,285,1049,522,1098,1238,895,1394,504,994
251,229,114,41,256,60,247,83,93,131,236,289,483,188,155,161,198,483,285,39,158,258,167,110,176,70,164,142,161,334,394,715,67,258,65,316,257,41,118,295,187,66,193,103,213,230,168,236,106,187
500,387,194,87,484,93,448,145,170,180,391,522,840,308,248,260,351,848,511,58,261,493,265,194,299,114,328,198,242,581,734,1327,258,224,99,526,474,77,240,486,303,103,364,177,399,445,277,488,175,319
120,87,46,18,111,26,99,34,40,41,77,106,191,66,54,69,104,196,108,10,73,114,66,44,82,22,73,71,58,144,188,308,65,99,6,128,84,28,50,115,88,20,90,39,84,105,69,113,30,67
515,466,214,77,560,110,543,156,170,203,450,637,1005,355,260,301,361,1041,501,62,289,525,298,185,342,127,386,250,255,654,780,1537,316,526,128,256,527,98,280,582,337,106,395,190,413,501,325,597,182,336
524,393,185,75,484,95,476,161,181,192,415,535,851,337,265,279,359,827,482,61,265,462,275,182,290,111,310,214,230,576,700,1292,257,474,84,527,239,60,243,500,310,107,369,168,401,405,267,511,151,298
83,72,28,13,78,19,89,36,32,43,68,84,164,55,30,45,71,147,78,10,43,68,35,34,52,25,63,28,41,94,106,241,41,77,28,98,60,8,44,97,47,15,57,24,59,81,49,80,32,55
275,205,96,43,238,51,261,71,80,112,201,271,432,184,123,139,187,454,259,28,135,267,131,95,164,75,180,124,116,358,383,732,118,240,50,280,243,44,57,259,192,49,176,101,211,210,154,281,85,165
438,459,222,110,530,131,530,146,203,211,407,622,966,359,286,308,374,945,515,72,292,522,304,198,319,116,317,251,263,661,795,1521,295,486,115,582,500,97,259,262,339,107,384,210,407,451,359,561,196,342
302,272,142,43,315,73,332,97,110,152,280,396,604,211,171,202,224,626,321,44,188,334,210,132,197,81,217,149,172,398,548,921,187,303,88,337,310,47,192,339,115,61,245,119,257,301,188,358,128,212
89,93,47,19,101,24,97,17,29,39,95,129,178,68,47,55,72,168,112,10,57,113,71,35,82,27,65,50,52,119,169,285,66,103,20,106,107,15,49,107,61,7,94,42,84,94,51,108,33,80
345,330,161,59,402,76,354,125,125,159,307,427,677,244,228,232,294,669,398,50,223,378,224,145,276,97,250,179,230,474,585,1049,193,364,90,395,369,57,176,384,245,94,143,148,324,338,242,365,150,256
176,161,84,30,204,43,178,51,57,69,156,200,345,137,90,85,149,348,218,28,92,192,91,75,131,49,115,87,94,205,288,522,103,177,39,190,168,24,101,210,119,42,148,34,126,169,109,178,69,125
464,335,166,76,426,97,386,120,150,187,351,442,698,290,221,235,288,691,408,46,215,388,212,159,257,104,284,196,188,508,645,1098,213,399,84,413,401,59,211,407,257,84,324,126,156,376,255,435,126,288
389,419,194,70,489,112,478,143,166,183,380,556,778,310,252,260,325,782,484,56,268,462,295,165,321,149,341,226,228,584,696,1238,230,445,105,501,405,81,210,451,301,94,338,169,376,208,282,453,187,294
333,272,141,52,334,77,318,95,102,123,254,358,554,201,174,178,231,554,291,41,189,287,182,137,209,82,198,150,153,396,472,895,168,277,69,325,267,49,154,359,188,51,242,109,255,282,91,343,109,182
525,457,208,90,503,100,479,180,162,221,417,584,896,354,268,297,405,894,541,70,308,556,295,214,340,134,345,217,268,727,781,1394,236,488,113,597,511,80,281,561,358,108,365,178,435,453,343,248,172,374
180,189,78,34,199,41,167,51,69,78,148,180,312,132,90,113,151,317,181,23,119,181,107,80,133,54,149,114,92,248,285,504,106,175,30,182,151,32,85,196,128,33,150,69,126,187,109,172,32,115
393,299,136,54,350,76,332,113,114,151,279,369,618,221,188,194,238,560,358,38,204,351,192,160,228,84,252,164,204,449,514,994,187,319,67,336,298,55,165,342,212,80,256,125,288,294,182,374,115,109
