271,454,215,85,522,95,486,204,189,269,463,503,869,366,299,329,390,885,504,69,302,498,352,217,356,141,373,263,310,661,674,1199,263,510,110,562,463,96,248,483,328,102,364,179,447,442,342,528,172,404
454,188,162,68,459,88,433,141,142,196,375,492,748,265,260,258,301,811,470,35,220,453,244,191,289,95,269,203,197,569,670,1239,270,389,89,455,428,80,198,478,288,96,342,170,351,403,276,463,161,308
215,162,38,47,216,63,197,61,70,81,173,230,323,124,106,110,171,328,196,16,111,194,134,73,114,58,169,78,111,227,306,592,111,188,43,217,188,39,112,209,124,38,128,82,142,190,133,220,71,141
85,68,47,2,85,13,61,32,37,44,76,98,151,52,56,67,56,185,81,13,36,80,43,33,57,27,54,49,39,129,130,230,44,72,19,95,74,19,38,90,40,15,59,25,59,75,59,75,32,66
522,459,216,85,273,104,458,164,155,187,405,532,949,344,253,289,360,954,482,69,264,488,271,192,322,142,370,238,278,676,798,1469,286,466,108,522,467,101,257,522,326,112,420,208,385,446,294,569,167,345
95,88,63,13,104,11,85,30,41,50,90,144,213,73,62,78,70,231,106,14,60,106,57,46,67,37,79,62,50,175,159,297,60,104,27,138,108,18,52,87,58,16,89,43,76,112,74,108,44,84
486,433,197,61,458,85,244,147,168,201,401,569,928,306,264,311,315,957,475,61,280,473,263,192,303,149,329,238,242,677,735,1348,238,410,110,548,448,74,227,486,294,104,382,200,360,459,308,449,154,326
204,141,61,32,164,30,147,27,59,54,123,179,270,97,83,79,122,264,178,13,96,169,124,56,100,40,99,61,82,185,256,387,92,143,31,163,134,19,90,159,92,40,114,59,126,153,118,154,57,93
189,142,70,37,155,41,168,59,39,67,148,155,284,99,74,76,117,295,164,17,90,174,82,70,99,39,105,78,76,214,240,453,83,157,34,156,147,31,86,194,96,32,123,63,149,149,98,167,57,114
269,196,81,44,187,50,201,54,67,51,165,221,360,132,101,133,135,383,182,34,132,196,127,83,156,67,146,112,122,255,311,609,109,204,41,230,197,31,114,227,127,43,160,82,179,205,134,216,89,141
463,375,173,76,405,90,401,123,148,165,177,436,728,267,217,255,303,769,427,53,259,455,257,178,287,125,292,210,239,561,667,1173,208,400,106,438,396,63,215,484,289,98,319,168,364,389,265,439,147,283
503,492,230,98,532,144,569,179,155,221,436,339,1063,348,284,312,380,1042,564,71,251,548,310,222,369,131,355,235,277,698,832,1656,294,526,126,589,516,90,308,664,416,114,473,243,467,569,348,618,190,336
869,748,323,151,949,213,928,270,284,360,728,1063,834,584,463,503,663,1504,957,113,475,965,502,356,560,200,584,411,429,1155,1409,2530,459,824,217,1001,894,144,471,1026,655,197,726,371,716,860,560,972,343,597
366,265,124,52,344,73,306,97,99,132,267,348,584,111,165,207,219,565,328,38,194,336,183,130,207,112,249,172,179,414,488,881,161,323,67,345,316,56,139,354,222,69,269,132,244,316,198,314,107,195
299,260,106,56,253,62,264,83,74,101,217,284,463,165,65,122,213,474,282,36,131,260,169,112,178,67,178,130,136,299,399,713,150,218,64,300,252,38,139,278,180,61,195,91,196,241,175,268,107,185
329,258,110,67,289,78,311,79,76,133,255,312,503,207,122,71,210,544,274,40,148,277,186,123,210,80,205,131,149,329,421,818,151,259,71,297,265,44,141,294,172,48,246,105,229,270,198,293,105,234
390,301,171,56,360,70,315,122,117,135,303,380,663,219,213,210,125,689,343,38,229,371,209,146,233,93,253,153,185,470,555,1025,193,322,87,388,315,48,168,394,224,77,294,132,301,348,245,369,140,265
885,811,328,185,954,231,957,264,295,383,769,1042,1504,565,474,544,689,835,953,137,476,945,492,370,603,228,617,423,458,1206,1425,2539,475,885,226,1013,864,155,447,1041,626,201,752,384,712,879,560,972,362,614
504,470,196,81,482,106,475,178,164,182,427,564,957,328,282,274,343,953,262,59,289,511,294,217,332,131,358,244,240,654,801,1490,262,447,112,509,475,85,264,549,359,91,378,180,408,453,321,546,172,362
69,35,16,13,69,14,61,13,17,34,53,71,113,38,36,40,38,137,59,3,35,67,35,25,34,13,31,27,18,82,86,189,41,71,22,57,61,7,30,60,42,10,38,21,46,41,35,60,25,37
302,220,111,36,264,60,280,96,90,132,259,251,475,194,131,148,229,476,289,35,67,311,167,116,178,65,198,141,154,314,388,762,151,251,66,277,262,48,152,248,177,55,218,97,251,254,135,291,106,186
498,453,194,80,488,106,473,169,174,196,455,548,965,336,260,277,371,945,511,67,311,259,329,215,326,142,348,234,235,651,812,1491,296,456,111,545,456,80,262,537,333,105,384,199,393,472,328,516,170,362
352,244,134,43,271,57,263,124,82,127,257,310,502,183,169,186,209,492,294,35,167,329,82,121,195,78,212,163,134,326,457,821,166,278,82,276,281,41,164,300,187,61,206,106,261,280,185,282,123,225
217,191,73,33,192,46,192,56,70,83,178,222,356,130,112,123,146,370,217,25,116,215,121,42,118,57,138,97,94,251,319,555,110,202,44,211,190,29,109,223,124,37,135,69,154,192,125,198,69,131
356,289,114,57,322,67,303,100,99,156,287,369,560,207,178,210,233,603,332,34,178,326,195,118,108,81,203,153,134,405,472,958,182,293,79,338,298,53,170,318,219,73,242,130,221,309,192,322,139,231
141,95,58,27,142,37,149,40,39,67,125,131,200,112,67,80,93,228,131,13,65,142,78,57,81,12,67,63,78,163,170,347,48,120,23,112,120,22,57,151,78,33,86,53,119,103,78,142,45,98
373,269,169,54,370,79,329,99,105,146,292,355,584,249,178,205,253,617,358,31,198,348,212,138,203,67,105,142,167,416,491,982,178,321,88,331,311,70,160,369,219,78,250,132,266,312,198,350,134,260
263,203,78,49,238,62,238,61,78,112,210,235,411,172,130,131,153,423,244,27,141,234,163,97,153,63,142,45,127,308,362,651,131,195,51,225,215,37,128,254,143,44,164,95,191,203,153,247,89,167
310,197,111,39,278,50,242,82,76,122,239,277,429,179,136,149,185,458,240,18,154,235,134,94,134,78,167,127,69,319,398,712,122,214,57,256,197,42,157,262,152,61,188,99,181,229,159,264,84,181
661,569,227,129,676,175,677,185,214,255,561,698,1155,414,299,329,470,1206,654,82,314,651,326,251,405,163,416,308,319,418,1009,1824,356,631,152,624,634,107,282,720,436,136,511,262,499,602,410,693,238,437
674,670,306,130,798,159,735,256,240,311,667,832,1409,488,399,421,555,1425,801,86,388,812,457,319,472,170,491,362,398,1009,598,2187,424,692,181,813,703,135,397,815,509,151,629,279,578,717,492,777,263,525
1199,1239,592,230,1469,297,1348,387,453,609,1173,1656,2530,881,713,818,1025,2539,1490,189,762,1491,821,555,958,347,982,651,712,1824,2187,2002,734,1313,312,1595,1360,255,703,1471,983,305,1117,562,1130,1369,902,1560,531,901
263,270,111,44,286,60,238,92,83,109,208,294,459,161,150,151,193,475,262,41,151,296,166,110,182,48,178,131,122,356,424,734,66,237,40,338,256,66,134,267,179,68,219,95,217,264,156,295,81,179
510,389,188,72,466,104,410,143,157,204,400,526,824,323,218,259,322,885,447,71,251,456,278,202,293,120,321,195,214,631,692,1313,237,203,113,527,420,76,212,473,298,94,355,171,357,433,301,446,186,324
110,89,43,19,108,27,110,31,34,41,106,126,217,67,64,71,87,226,112,22,66,111,82,44,79,23,88,51,57,152,181,312,40,113,13,134,105,19,60,117,64,23,89,52,86,107,84,123,48,67
562,455,217,95,522,138,548,163,156,230,438,589,1001,345,300,297,388,1013,509,57,277,545,276,211,338,112,331,225,256,624,813,1595,338,527,134,299,499,90,245,551,328,96,418,202,433,520,345,599,219,333
463,428,188,74,467,108,448,134,147,197,396,516,894,316,252,265,315,864,475,61,262,456,281,190,298,120,311,215,197,634,703,1360,256,420,105,499,211,71,232,476,286,102,347,179,358,425,328,474,153,298
96,80,39,19,101,18,74,19,31,31,63,90,144,56,38,44,48,155,85,7,48,80,41,29,53,22,70,37,42,107,135,255,66,76,19,90,71,3,42,115,57,14,67,25,59,79,39,101,33,56
248,198,112,38,257,52,227,90,86,114,215,308,471,139,139,141,168,447,264,30,152,262,164,109,170,57,160,128,157,282,397,703,134,212,60,245,232,42,61,285,162,47,184,94,227,257,181,287,92,170
483,478,209,90,522,87,486,159,194,227,484,664,1026,354,278,294,394,1041,549,60,248,537,300,223,318,151,369,254,262,720,815,1471,267,473,117,551,476,115,285,300,355,120,441,210,420,520,336,523,179,351
328,288,124,40,326,58,294,92,96,127,289,416,655,222,180,172,224,626,359,42,177,333,187,124,219,78,219,143,152,436,509,983,179,298,64,328,286,57,162,355,98,57,250,120,270,305,204,354,115,227
102,96,38,15,112,16,104,40,32,43,98,114,197,69,61,48,77,201,91,10,55,105,61,37,73,33,78,44,61,136,151,305,68,94,23,96,102,14,47,120,57,5,66,37,90,107,66,121,37,73
364,342,128,59,420,89,382,114,123,160,319,473,726,269,195,246,294,752,378,38,218,384,206,135,242,86,250,164,188,511,629,1117,219,355,89,418,347,67,184,441,250,66,147,158,298,383,241,401,140,234
179,170,82,25,208,43,200,59,63,82,168,243,371,132,91,105,132,384,180,21,97,199,106,69,130,53,132,95,99,262,279,562,95,171,52,202,179,25,94,210,120,37,158,37,149,185,133,211,70,108
447,351,142,59,385,76,360,126,149,179,364,467,716,244,196,229,301,712,408,46,251,393,261,154,221,119,266,191,181,499,578,1130,217,357,86,433,358,59,227,420,270,90,298,149,149,367,253,400,159,276
442,403,190,75,446,112,459,153,149,205,389,569,860,316,241,270,348,879,453,41,254,472,280,192,309,103,312,203,229,602,717,1369,264,433,107,520,425,79,257,520,305,107,383,185,367,217,302,479,164,307
342,276,133,59,294,74,308,118,98,134,265,348,560,198,175,198,245,560,321,35,135,328,185,125,192,78,198,153,159,410,492,902,156,301,84,345,328,39,181,336,204,66,241,133,253,302,110,335,128,222
528,463,220,75,569,108,449,154,167,216,439,618,972,314,268,293,369,972,546,60,291,516,282,198,322,142,350,247,264,693,777,1560,295,446,123,599,474,101,287,523,354,121,401,211,400,479,335,261,191,356
172,161,71,32,167,44,154,57,57,89,147,190,343,107,107,105,140,362,172,25,106,170,123,69,139,45,134,89,84,238,263,531,81,186,48,219,153,33,92,179,115,37,140,70,159,164,128,191,42,119
404,308,141,66,345,84,326,93,114,141,283,336,597,195,185,234,265,614,362,37,186,362,225,131,231,98,260,167,181,437,525,901,179,324,67,333,298,56,170,351,227,73,234,108,276,307,222,356,119,122
