264,475,197,82,498,111,468,162,177,246,423,496,836,380,309,368,361,822,494,69,321,518,351,218,358,165,388,297,298,649,723,1183,209,441,105,525,485,75,262,467,304,105,376,165,408,401,317,486,164,393
475,191,154,86,480,116,431,132,154,193,380,461,788,299,225,238,317,842,416,58,239,461,264,180,279,105,276,217,215,545,663,1286,262,409,78,482,417,74,210,440,291,86,347,187,384,388,282,509,176,281
197,154,36,39,183,48,191,67,62,75,166,230,341,115,107,104,157,344,200,19,106,204,99,87,112,54,130,92,90,241,304,566,99,191,65,227,189,27,117,210,132,29,137,81,166,198,112,198,76,135
82,86,39,9,85,16,89,31,23,42,80,103,156,57,53,53,57,128,91,12,53,81,47,46,70,30,68,43,44,94,117,199,46,74,20,94,91,12,38,85,61,23,65,29,75,75,60,79,30,62
498,480,183,85,255,104,554,172,175,199,409,542,960,337,276,291,361,973,535,66,284,548,301,226,328,131,376,235,246,720,766,1469,256,484,134,540,481,94,243,578,349,120,399,195,433,473,332,557,196,372
111,116,48,16,104,5,102,37,38,49,82,159,191,82,59,77,86,202,124,21,77,115,61,60,75,24,79,61,57,135,167,329,74,92,34,133,106,15,60,111,75,32,82,47,93,94,80,100,42,79
468,431,191,89,554,102,239,161,160,226,449,580,832,307,260,278,347,834,507,73,293,489,290,219,308,142,342,241,293,608,730,1284,274,469,99,541,459,74,246,539,337,101,358,170,361,428,319,461,164,312
162,132,67,31,172,37,161,22,47,74,156,164,290,108,71,89,111,271,152,20,95,162,81,57,86,38,100,62,78,181,215,410,69,151,34,139,154,28,67,146,100,38,113,50,115,125,88,174,58,116
177,154,62,23,175,38,160,47,24,60,156,182,296,105,85,89,96,297,150,22,97,173,83,81,112,46,129,75,66,215,237,438,81,148,42,184,139,31,75,182,106,30,133,62,142,174,101,169,69,124
246,193,75,42,199,49,226,74,60,44,166,224,327,161,127,118,127,359,198,21,133,208,140,86,145,52,139,104,110,247,270,564,127,193,47,228,206,39,107,200,126,51,155,82,183,188,144,221,87,131
423,380,166,80,409,82,449,156,156,166,176,484,728,304,243,254,316,748,418,51,260,450,274,171,281,94,266,215,223,557,615,1204,229,387,104,481,425,73,217,411,259,87,308,158,358,418,277,448,177,290
496,461,230,103,542,159,580,164,182,224,484,309,1066,349,289,302,409,1085,570,66,278,590,344,216,367,123,360,270,255,728,857,1615,313,557,131,574,522,90,267,617,390,99,406,201,449,582,355,625,232,349
836,788,341,156,960,191,832,290,296,327,728,1066,843,576,460,527,724,1519,931,131,468,904,524,360,600,218,626,435,425,1154,1437,2556,504,830,219,1031,837,158,506,960,616,193,666,342,708,870,610,954,338,583
380,299,115,57,337,82,307,108,105,161,304,349,576,116,180,208,242,599,335,38,183,313,219,137,205,80,208,161,194,418,476,890,177,299,62,328,322,55,155,314,193,63,271,117,271,290,218,348,122,242
309,225,107,53,276,59,260,71,85,127,243,289,460,180,72,140,186,445,306,32,140,282,172,104,177,70,175,120,154,347,424,751,147,227,61,284,231,36,111,255,170,63,207,92,219,234,140,284,103,186
368,238,104,53,291,77,278,89,89,118,254,302,527,208,140,74,217,522,352,38,129,300,170,125,202,65,169,114,147,382,416,829,180,263,60,294,257,43,152,297,171,71,224,101,228,254,167,321,140,202
361,317,157,57,361,86,347,111,96,127,316,409,724,242,186,217,122,703,359,52,211,382,216,127,213,88,233,188,175,474,552,1056,187,335,88,382,319,65,209,369,232,71,284,129,272,355,244,397,136,244
822,842,344,128,973,202,834,271,297,359,748,1085,1519,599,445,522,703,794,982,120,455,948,536,364,575,217,598,418,455,1117,1412,2534,474,822,217,1005,821,148,499,968,595,192,662,343,662,880,583,898,332,594
494,416,200,91,535,124,507,152,150,198,418,570,931,335,306,352,359,982,254,71,286,489,320,205,355,132,329,233,277,693,757,1446,253,497,126,522,492,80,222,529,331,94,385,179,417,461,339,559,173,340
69,58,19,12,66,21,73,20,22,21,51,66,131,38,32,38,52,120,71,4,33,76,35,29,39,12,44,23,37,87,97,174,38,64,10,58,56,11,21,60,36,16,45,14,55,62,41,56,19,42
321,239,106,53,284,77,293,95,97,133,260,278,468,183,140,129,211,455,286,33,71,275,155,108,149,65,167,108,130,354,398,759,152,266,59,284,267,34,142,276,185,51,192,103,198,277,175,322,97,176
518,461,204,81,548,115,489,162,173,208,450,590,904,313,282,300,382,948,489,76,275,233,311,192,339,147,355,246,284,664,761,1467,280,481,100,557,460,79,274,538,367,98,402,205,380,466,313,537,180,369
351,264,99,47,301,61,290,81,83,140,274,344,524,219,172,170,216,536,320,35,155,311,96,127,217,85,205,140,173,375,463,864,173,258,60,347,246,46,137,286,197,64,218,101,242,300,184,288,129,214
218,180,87,46,226,60,219,57,81,86,171,216,360,137,104,125,127,364,205,29,108,192,127,36,121,57,125,94,104,250,299,549,105,193,36,227,211,39,100,214,117,38,145,77,168,183,137,214,81,137
358,279,112,70,328,75,308,86,112,145,281,367,600,205,177,202,213,575,355,39,149,339,217,121,110,72,220,178,184,382,519,947,192,292,88,326,315,42,152,373,229,68,248,128,226,329,199,375,130,214
165,105,54,30,131,24,142,38,46,52,94,123,218,80,70,65,88,217,132,12,65,147,85,57,72,15,63,63,62,172,216,346,61,136,22,152,129,24,62,140,93,23,103,46,98,118,79,134,49,99
388,276,130,68,376,79,342,100,129,139,266,360,626,208,175,169,233,598,329,44,167,355,205,125,220,63,88,166,162,474,495,923,179,350,75,352,332,57,169,392,240,45,241,123,246,308,229,370,129,212
297,217,92,43,235,61,241,62,75,104,215,270,435,161,120,114,188,418,233,23,108,246,140,94,178,63,166,53,113,285,348,637,127,208,52,235,219,39,115,274,140,50,175,88,181,205,165,231,91,163
298,215,90,44,246,57,293,78,66,110,223,255,425,194,154,147,175,455,277,37,130,284,173,104,184,62,162,113,65,309,371,692,154,258,58,275,249,35,128,280,163,57,178,84,231,235,165,268,97,172
649,545,241,94,720,135,608,181,215,247,557,728,1154,418,347,382,474,1117,693,87,354,664,375,250,382,172,474,285,309,404,1004,1876,352,552,136,689,571,110,320,680,426,160,493,246,493,635,410,643,247,433
723,663,304,117,766,167,730,215,237,270,615,857,1437,476,424,416,552,1412,757,97,398,761,463,299,519,216,495,348,371,1004,579,2062,427,704,178,841,673,122,400,854,536,147,576,279,615,673,471,808,275,496
1183,1286,566,199,1469,329,1284,410,438,564,1204,1615,2556,890,751,829,1056,2534,1446,174,759,1467,864,549,947,346,923,637,692,1876,2062,1961,756,1296,326,1564,1237,275,744,1513,1004,291,1060,508,1121,1266,930,1439,517,917
209,262,99,46,256,74,274,69,81,127,229,313,504,177,147,180,187,474,253,38,152,280,173,105,192,61,179,127,154,352,427,756,70,255,56,301,252,51,136,275,201,53,205,102,249,244,161,273,91,173
441,409,191,74,484,92,469,151,148,193,387,557,830,299,227,263,335,822,497,64,266,481,258,193,292,136,350,208,258,552,704,1296,255,245,99,520,438,93,232,511,287,110,342,173,383,420,312,482,163,331
105,78,65,20,134,34,99,34,42,47,104,131,219,62,61,60,88,217,126,10,59,100,60,36,88,22,75,52,58,136,178,326,56,99,11,118,112,22,65,113,82,20,78,46,91,102,93,108,35,68
525,482,227,94,540,133,541,139,184,228,481,574,1031,328,284,294,382,1005,522,58,284,557,347,227,326,152,352,235,275,689,841,1564,301,520,118,258,512,79,290,639,374,101,424,186,417,485,315,569,222,384
485,417,189,91,481,106,459,154,139,206,425,522,837,322,231,257,319,821,492,56,267,460,246,211,315,129,332,219,249,571,673,1237,252,438,112,512,229,83,238,508,292,96,367,172,380,443,309,491,168,298
75,74,27,12,94,15,74,28,31,39,73,90,158,55,36,43,65,148,80,11,34,79,46,39,42,24,57,39,35,110,122,275,51,93,22,79,83,9,48,109,56,13,64,30,59,78,48,85,38,43
262,210,117,38,243,60,246,67,75,107,217,267,506,155,111,152,209,499,222,21,142,274,137,100,152,62,169,115,128,320,400,744,136,232,65,290,238,48,70,249,164,53,193,81,198,230,146,268,83,182
467,440,210,85,578,111,539,146,182,200,411,617,960,314,255,297,369,968,529,60,276,538,286,214,373,140,392,274,280,680,854,1513,275,511,113,639,508,109,249,282,352,95,395,196,440,508,360,554,198,331
304,291,132,61,349,75,337,100,106,126,259,390,616,193,170,171,232,595,331,36,185,367,197,117,229,93,240,140,163,426,536,1004,201,287,82,374,292,56,164,352,107,64,265,127,271,315,209,366,129,225
105,86,29,23,120,32,101,38,30,51,87,99,193,63,63,71,71,192,94,16,51,98,64,38,68,23,45,50,57,160,147,291,53,110,20,101,96,13,53,95,64,10,70,29,83,90,71,127,34,70
376,347,137,65,399,82,358,113,133,155,308,406,666,271,207,224,284,662,385,45,192,402,218,145,248,103,241,175,178,493,576,1060,205,342,78,424,367,64,193,395,265,70,143,140,288,364,241,373,120,250
165,187,81,29,195,47,170,50,62,82,158,201,342,117,92,101,129,343,179,14,103,205,101,77,128,46,123,88,84,246,279,508,102,173,46,186,172,30,81,196,127,29,140,44,154,163,134,203,67,134
408,384,166,75,433,93,361,115,142,183,358,449,708,271,219,228,272,662,417,55,198,380,242,168,226,98,246,181,231,493,615,1121,249,383,91,417,380,59,198,440,271,83,288,154,169,380,249,398,146,263
401,388,198,75,473,94,428,125,174,188,418,582,870,290,234,254,355,880,461,62,277,466,300,183,329,118,308,205,235,635,673,1266,244,420,102,485,443,78,230,508,315,90,364,163,380,207,332,487,203,291
317,282,112,60,332,80,319,88,101,144,277,355,610,218,140,167,244,583,339,41,175,313,184,137,199,79,229,165,165,410,471,930,161,312,93,315,309,48,146,360,209,71,241,134,249,332,101,348,120,207
486,509,198,79,557,100,461,174,169,221,448,625,954,348,284,321,397,898,559,56,322,537,288,214,375,134,370,231,268,643,808,1439,273,482,108,569,491,85,268,554,366,127,373,203,398,487,348,259,178,338
164,176,76,30,196,42,164,58,69,87,177,232,338,122,103,140,136,332,173,19,97,180,129,81,130,49,129,91,97,247,275,517,91,163,35,222,168,38,83,198,129,34,120,67,146,203,120,178,27,121
393,281,135,62,372,79,312,116,124,131,290,349,583,242,186,202,244,594,340,42,176,369,214,137,214,99,212,163,172,433,496,917,173,331,68,384,298,43,182,331,225,70,250,134,263,291,207,338,121,114
