277,443,225,86,496,101,481,162,178,246,455,536,884,388,317,345,400,837,546,89,352,602,352,212,359,136,363,285,309,615,744,1239,264,515,106,538,483,98,237,464,339,120,361,168,464,418,357,518,164,407
443,175,192,61,456,92,382,129,131,165,350,516,766,260,214,229,314,789,420,52,229,428,254,163,274,105,282,199,227,549,657,1194,250,408,105,444,394,64,201,470,296,77,349,172,331,410,242,453,167,305
225,192,32,42,181,45,191,53,63,76,138,242,376,134,100,115,144,380,184,27,110,212,119,94,128,55,159,98,95,238,314,576,119,184,40,209,212,25,101,190,143,35,143,78,161,163,121,199,77,129
86,61,42,5,92,16,70,14,19,39,65,108,145,57,52,61,63,152,78,13,50,78,55,31,62,26,61,43,42,98,120,216,47,74,27,89,70,12,33,88,43,18,60,41,85,83,57,78,38,55
496,456,181,92,250,117,492,147,160,180,429,579,922,340,263,281,374,961,497,58,239,501,294,228,355,120,361,236,246,635,731,1510,284,476,123,548,528,88,243,544,337,105,378,191,417,474,306,518,205,312
101,92,45,16,117,10,93,37,29,50,95,138,194,75,72,94,95,185,115,15,58,122,92,54,101,34,93,44,57,140,162,264,65,106,26,124,103,14,61,112,74,27,73,53,114,111,80,102,36,78
481,382,191,70,492,93,199,151,114,202,411,578,892,282,254,286,350,882,486,59,285,473,297,202,313,115,346,221,248,591,724,1349,292,434,116,541,436,78,261,502,300,118,362,178,374,431,309,478,188,348
162,129,53,14,147,37,151,17,59,63,125,156,252,94,71,91,112,275,168,12,82,185,97,64,95,38,105,79,85,179,239,412,78,126,42,151,140,20,61,170,105,23,114,46,129,164,89,166,67,100
178,131,63,19,160,29,114,59,20,65,135,184,284,92,90,86,122,288,163,13,87,173,93,74,108,41,103,79,93,192,241,467,88,161,37,178,148,23,100,160,112,34,120,61,122,152,108,166,57,108
246,165,76,39,180,50,202,63,65,41,168,199,310,140,134,139,148,363,223,27,109,204,144,86,119,53,138,106,111,251,316,558,120,196,43,219,202,31,108,200,120,51,162,83,150,186,130,222,73,141
455,350,138,65,429,95,411,125,135,168,193,495,740,276,259,267,321,754,438,57,215,418,269,162,292,100,283,212,211,519,625,1173,240,410,101,463,384,68,230,432,267,94,341,157,354,413,271,409,179,296
536,516,242,108,579,138,578,156,184,199,495,329,1020,363,277,319,394,1103,558,91,325,557,332,229,384,135,357,260,275,707,821,1616,316,532,137,606,540,90,291,639,444,123,443,245,451,488,369,576,204,371
884,766,376,145,922,194,892,252,284,310,740,1020,818,615,468,505,656,1521,931,139,494,963,568,336,621,213,600,443,448,1154,1349,2474,511,867,225,986,865,163,463,954,645,193,711,370,742,880,603,1008,339,626
388,260,134,57,340,75,282,94,92,140,276,363,615,107,168,167,222,605,331,41,187,321,193,117,208,72,234,146,130,383,462,948,185,316,85,330,318,55,152,343,205,74,238,106,268,317,214,323,124,244
317,214,100,52,263,72,254,71,90,134,259,277,468,168,79,138,172,446,274,34,137,258,169,108,168,63,173,130,130,283,425,710,145,233,51,261,259,45,119,271,169,53,204,93,179,234,164,268,116,203
345,229,115,61,281,94,286,91,86,139,267,319,505,167,138,86,199,500,301,37,135,301,168,110,166,76,193,127,146,331,445,779,165,270,56,289,273,37,138,279,199,61,219,104,213,265,171,294,124,199
400,314,144,63,374,95,350,112,122,148,321,394,656,222,172,199,125,627,387,35,196,388,206,153,233,94,246,182,196,450,536,989,192,331,96,381,362,63,169,372,225,73,277,132,284,342,217,401,145,274
837,789,380,152,961,185,882,275,288,363,754,1103,1521,605,446,500,627,800,886,137,503,896,525,318,624,204,608,432,480,1124,1351,2518,528,816,200,1002,833,167,472,949,589,201,668,372,727,834,606,961,325,630
546,420,184,78,497,115,486,168,163,223,438,558,931,331,274,301,387,886,271,69,269,532,324,192,355,120,346,224,272,646,776,1431,284,486,119,543,485,80,271,530,314,108,414,195,414,441,306,548,178,375
89,52,27,13,58,15,59,12,13,27,57,91,139,41,34,37,35,137,69,4,27,73,46,28,45,18,38,24,29,81,98,200,41,71,16,73,64,15,31,73,40,15,54,19,56,54,37,70,33,37
352,229,110,50,239,58,285,82,87,109,215,325,494,187,137,135,196,503,269,27,87,262,173,112,191,65,167,151,123,269,410,778,167,257,65,326,265,50,127,287,164,49,213,111,242,261,173,310,114,188
602,428,212,78,501,122,473,185,173,204,418,557,963,321,258,301,388,896,532,73,262,266,300,180,353,123,337,233,243,673,744,1422,295,479,106,560,531,102,272,531,349,131,424,195,389,454,316,538,185,389
352,254,119,55,294,92,297,97,93,144,269,332,568,193,169,168,206,525,324,46,173,300,79,129,230,70,188,159,158,346,436,825,185,296,66,282,314,46,137,275,198,64,234,113,219,278,187,291,106,206
212,163,94,31,228,54,202,64,74,86,162,229,336,117,108,110,153,318,192,28,112,180,129,36,138,34,134,109,103,253,312,543,108,185,49,232,202,39,94,190,131,46,143,87,149,194,127,212,83,135
359,274,128,62,355,101,313,95,108,119,292,384,621,208,168,166,233,624,355,45,191,353,230,138,114,89,220,154,142,383,520,920,195,319,67,317,347,59,162,364,200,78,277,137,238,301,203,317,137,235
136,105,55,26,120,34,115,38,41,53,100,135,213,72,63,76,94,204,120,18,65,123,70,34,89,12,72,67,63,149,202,397,83,120,23,127,122,27,59,116,68,29,99,48,96,113,60,129,60,97
363,282,159,61,361,93,346,105,103,138,283,357,600,234,173,193,246,608,346,38,167,337,188,134,220,72,99,155,164,395,525,983,212,338,85,349,335,52,166,371,213,65,280,149,279,284,180,340,144,228
285,199,98,43,236,44,221,79,79,106,212,260,443,146,130,127,182,432,224,24,151,233,159,109,154,67,155,40,121,306,372,654,119,191,60,245,199,54,115,242,122,44,178,78,174,205,152,256,91,156
309,227,95,42,246,57,248,85,93,111,211,275,448,130,130,146,196,480,272,29,123,243,158,103,142,63,164,121,50,333,390,686,142,255,65,266,231,35,119,267,158,54,201,101,190,253,147,287,105,159
615,549,238,98,635,140,591,179,192,251,519,707,1154,383,283,331,450,1124,646,81,269,673,346,253,383,149,395,306,333,409,993,1841,357,583,136,692,589,103,341,677,375,129,489,246,510,588,364,669,239,386
744,657,314,120,731,162,724,239,241,316,625,821,1349,462,425,445,536,1351,776,98,410,744,436,312,520,202,525,372,390,993,580,2078,415,744,195,835,717,139,397,836,522,160,611,299,588,708,471,786,296,495
1239,1194,576,216,1510,264,1349,412,467,558,1173,1616,2474,948,710,779,989,2518,1431,200,778,1422,825,543,920,397,983,654,686,1841,2078,1984,699,1331,330,1579,1267,265,689,1479,969,275,1068,569,1067,1288,947,1426,495,971
264,250,119,47,284,65,292,78,88,120,240,316,511,185,145,165,192,528,284,41,167,295,185,108,195,83,212,119,142,357,415,699,73,284,54,331,257,48,143,278,174,60,211,102,232,282,192,263,103,201
515,408,184,74,476,106,434,126,161,196,410,532,867,316,233,270,331,816,486,71,257,479,296,185,319,120,338,191,255,583,744,1331,284,230,118,510,479,87,213,475,323,115,367,175,371,441,292,471,206,293
106,105,40,27,123,26,116,42,37,43,101,137,225,85,51,56,96,200,119,16,65,106,66,49,67,23,85,60,65,136,195,330,54,118,14,127,111,20,60,127,77,24,83,45,101,114,78,104,53,89
538,444,209,89,548,124,541,151,178,219,463,606,986,330,261,289,381,1002,543,73,326,560,282,232,317,127,349,245,266,692,835,1579,331,510,127,290,475,83,252,614,381,120,376,197,412,490,317,570,214,401
483,394,212,70,528,103,436,140,148,202,384,540,865,318,259,273,362,833,485,64,265,531,314,202,347,122,335,199,231,589,717,1267,257,479,111,475,199,85,227,478,316,124,363,181,386,447,303,510,178,322
98,64,25,12,88,14,78,20,23,31,68,90,163,55,45,37,63,167,80,15,50,102,46,39,59,27,52,54,35,103,139,265,48,87,20,83,85,10,40,94,57,21,67,39,65,81,52,76,35,54
237,201,101,33,243,61,261,61,100,108,230,291,463,152,119,138,169,472,271,31,127,272,137,94,162,59,166,115,119,341,397,689,143,213,60,252,227,40,61,278,156,43,191,100,187,227,157,258,109,173
464,470,190,88,544,112,502,170,160,200,432,639,954,343,271,279,372,949,530,73,287,531,275,190,364,116,371,242,267,677,836,1479,278,475,127,614,478,94,278,265,345,124,420,234,412,524,331,581,227,358
339,296,143,43,337,74,300,105,112,120,267,444,645,205,169,199,225,589,314,40,164,349,198,131,200,68,213,122,158,375,522,969,174,323,77,381,316,57,156,345,99,68,282,112,252,299,194,336,132,202
120,77,35,18,105,27,118,23,34,51,94,123,193,74,53,61,73,201,108,15,49,131,64,46,78,29,65,44,54,129,160,275,60,115,24,120,124,21,43,124,68,5,83,39,90,85,55,120,42,75
361,349,143,60,378,73,362,114,120,162,341,443,711,238,204,219,277,668,414,54,213,424,234,143,277,99,280,178,201,489,611,1068,211,367,83,376,363,67,191,420,282,83,145,124,313,379,243,384,136,250
168,172,78,41,191,53,178,46,61,83,157,245,370,106,93,104,132,372,195,19,111,195,113,87,137,48,149,78,101,246,299,569,102,175,45,197,181,39,100,234,112,39,124,46,156,185,128,193,70,133
464,331,161,85,417,114,374,129,122,150,354,451,742,268,179,213,284,727,414,56,242,389,219,149,238,96,279,174,190,510,588,1067,232,371,101,412,386,65,187,412,252,90,313,156,146,383,274,388,173,284
418,410,163,83,474,111,431,164,152,186,413,488,880,317,234,265,342,834,441,54,261,454,278,194,301,113,284,205,253,588,708,1288,282,441,114,490,447,81,227,524,299,85,379,185,383,229,316,434,183,314
357,242,121,57,306,80,309,89,108,130,271,369,603,214,164,171,217,606,306,37,173,316,187,127,203,60,180,152,147,364,471,947,192,292,78,317,303,52,157,331,194,55,243,128,274,316,109,346,116,242
518,453,199,78,518,102,478,166,166,222,409,576,1008,323,268,294,401,961,548,70,310,538,291,212,317,129,340,256,287,669,786,1426,263,471,104,570,510,76,258,581,336,120,384,193,388,434,346,269,199,402
164,167,77,38,205,36,188,67,57,73,179,204,339,124,116,124,145,325,178,33,114,185,106,83,137,60,144,91,105,239,296,495,103,206,53,214,178,35,109,227,132,42,136,70,173,183,116,199,35,139
407,305,129,55,312,78,348,100,108,141,296,371,626,244,203,199,274,630,375,37,188,389,206,135,235,97,228,156,159,386,495,971,201,293,89,401,322,54,173,358,202,75,250,133,284,314,242,402,139,137
