263,441,232,84,515,106,478,196,172,253,466,514,805,399,293,337,356,801,517,96,338,535,343,201,358,152,369,292,286,634,717,1146,235,438,104,512,470,96,238,472,323,120,356,175,446,417,333,462,184,398
441,193,166,76,447,92,393,119,152,184,371,478,811,275,211,250,314,788,409,50,232,444,258,181,258,120,293,191,198,532,626,1239,231,383,98,450,418,66,208,456,293,68,346,178,329,414,286,448,164,286
232,166,34,28,184,51,206,61,69,79,174,247,393,125,80,103,158,364,228,26,109,226,119,79,126,39,115,87,103,239,329,592,131,198,49,209,180,36,94,228,133,36,166,74,140,172,126,189,90,135
84,76,28,15,89,21,82,36,22,29,71,91,136,67,57,50,63,149,72,11,55,64,55,47,56,36,82,41,46,109,115,215,44,84,14,88,104,16,41,90,55,11,64,29,74,67,63,78,27,55
515,447,184,89,267,106,459,158,161,205,404,591,917,335,307,311,392,929,538,67,299,553,292,192,360,128,356,254,275,638,748,1372,272,483,130,510,465,99,243,514,310,107,350,183,445,495,344,509,184,348
106,92,51,21,106,11,106,54,40,43,107,143,199,83,75,73,80,199,111,18,68,120,73,50,83,42,98,51,57,143,175,271,53,107,22,118,123,12,62,113,95,21,78,45,105,97,82,109,42,71
478,393,206,82,459,106,245,169,153,214,416,529,869,325,280,306,385,857,482,60,289,482,291,191,357,135,327,223,254,621,699,1264,239,426,103,555,447,88,246,525,316,100,390,204,394,433,330,505,176,325
196,119,61,36,158,54,169,21,57,69,150,166,259,97,80,88,122,246,149,24,69,144,96,69,111,39,98,59,70,206,235,420,82,169,39,147,149,21,70,163,104,29,137,57,127,110,95,157,59,116
172,152,69,22,161,40,153,57,27,72,153,171,301,115,89,120,117,293,184,20,93,165,87,74,108,42,107,78,81,203,265,458,80,162,26,172,184,32,91,178,125,36,132,66,160,137,98,177,50,119
253,184,79,29,205,43,214,69,72,54,158,207,304,148,126,146,146,328,213,31,131,211,140,104,142,42,140,98,117,263,275,470,99,189,39,212,203,32,102,231,123,53,179,80,176,174,142,221,75,135
466,371,174,71,404,107,416,150,153,158,159,489,756,265,251,247,296,736,439,49,256,414,278,193,263,96,280,200,220,525,614,1097,218,407,103,445,376,56,201,449,277,101,334,143,346,393,264,446,159,282
514,478,247,91,591,143,529,166,171,207,489,307,1045,342,286,326,417,1026,596,64,279,540,339,212,359,136,362,262,267,728,823,1647,321,494,130,610,495,100,278,609,354,123,411,211,436,506,352,593,201,379
805,811,393,136,917,199,869,259,301,304,756,1045,882,584,458,512,637,1560,906,116,490,956,552,355,630,226,583,414,454,1148,1352,2462,504,851,211,983,834,166,468,971,615,186,678,353,712,878,590,919,328,575
399,275,125,67,335,83,325,97,115,148,265,342,584,99,185,194,247,604,307,31,179,338,199,127,223,91,218,167,169,397,504,858,182,334,65,336,326,54,149,344,194,62,222,112,277,310,205,305,132,227
293,211,80,57,307,75,280,80,89,126,251,286,458,185,73,124,209,465,267,30,165,279,157,121,172,87,179,112,148,320,390,715,140,256,56,270,260,46,136,263,163,51,198,107,204,252,159,256,119,198
337,250,103,50,311,73,306,88,120,146,247,326,512,194,124,52,236,521,298,40,154,291,185,126,173,76,163,123,144,349,447,795,151,261,55,262,265,45,137,291,174,63,223,117,220,259,182,288,111,203
356,314,158,63,392,80,385,122,117,146,296,417,637,247,209,236,122,664,385,51,178,387,207,147,242,84,254,182,189,457,529,1022,182,356,83,389,310,51,193,379,255,72,250,118,296,315,206,398,137,232
801,788,364,149,929,199,857,246,293,328,736,1026,1560,604,465,521,664,822,903,111,514,902,513,351,606,232,606,439,433,1151,1358,2457,487,874,203,993,859,164,437,1008,601,191,713,385,688,865,576,891,342,560
517,409,228,72,538,111,482,149,184,213,439,596,906,307,267,298,385,903,249,70,263,478,297,182,321,125,344,264,269,654,758,1413,246,462,123,551,479,73,258,534,324,115,423,183,424,454,317,493,199,328
96,50,26,11,67,18,60,24,20,31,49,64,116,31,30,40,51,111,70,3,37,70,40,20,38,17,52,32,34,77,109,160,32,67,18,52,54,9,35,71,38,13,41,17,44,54,37,62,29,53
338,232,109,55,299,68,289,69,93,131,256,279,490,179,165,154,178,514,263,37,78,285,170,123,182,76,170,121,121,339,412,776,159,265,59,303,259,44,148,274,147,74,219,110,209,246,167,289,99,194
535,444,226,64,553,120,482,144,165,211,414,540,956,338,279,291,387,902,478,70,285,294,324,218,344,138,370,243,257,619,789,1412,282,466,123,517,510,78,242,559,343,106,408,204,449,470,314,503,200,350
343,258,119,55,292,73,291,96,87,140,278,339,552,199,157,185,207,513,297,40,170,324,85,124,178,67,179,135,149,334,461,819,146,289,66,317,312,59,138,336,195,48,236,114,218,247,180,297,119,224
201,181,79,47,192,50,191,69,74,104,193,212,355,127,121,126,147,351,182,20,123,218,124,46,145,57,125,101,95,235,318,561,122,185,47,225,179,34,92,215,128,31,159,75,177,174,133,200,92,146
358,258,126,56,360,83,357,111,108,142,263,359,630,223,172,173,242,606,321,38,182,344,178,145,104,83,217,140,149,422,503,894,177,348,91,367,316,44,163,355,230,75,284,121,261,286,221,354,127,214
152,120,39,36,128,42,135,39,42,42,96,136,226,91,87,76,84,232,125,17,76,138,67,57,83,18,85,62,55,146,187,369,82,138,25,122,134,16,70,138,84,28,115,47,111,119,79,147,58,93
369,293,115,82,356,98,327,98,107,140,280,362,583,218,179,163,254,606,344,52,170,370,179,125,217,85,108,157,153,411,532,933,187,332,83,369,318,46,179,347,210,72,281,118,257,319,216,370,141,249
292,191,87,41,254,51,223,59,78,98,200,262,414,167,112,123,182,439,264,32,121,243,135,101,140,62,157,47,111,294,363,669,135,211,64,237,206,50,101,263,176,45,180,88,184,208,158,262,86,139
286,198,103,46,275,57,254,70,81,117,220,267,454,169,148,144,189,433,269,34,121,257,149,95,149,55,153,111,53,316,400,675,150,249,61,267,236,38,117,256,158,57,224,86,222,216,143,274,100,181
634,532,239,109,638,143,621,206,203,263,525,728,1148,397,320,349,457,1151,654,77,339,619,334,235,422,146,411,294,316,408,961,1785,319,564,132,641,584,97,333,676,407,140,513,241,513,570,376,691,224,443
717,626,329,115,748,175,699,235,265,275,614,823,1352,504,390,447,529,1358,758,109,412,789,461,318,503,187,532,363,400,961,584,2163,425,702,176,816,684,136,379,781,508,161,603,285,602,684,467,769,263,478
1146,1239,592,215,1372,271,1264,420,458,470,1097,1647,2462,858,715,795,1022,2457,1413,160,776,1412,819,561,894,369,933,669,675,1785,2163,1951,740,1335,351,1500,1269,248,732,1489,964,276,1081,510,1052,1279,858,1435,510,932
235,231,131,44,272,53,239,82,80,99,218,321,504,182,140,151,182,487,246,32,159,282,146,122,177,82,187,135,150,319,425,740,78,261,70,288,236,38,125,289,189,58,218,98,212,241,175,279,104,162
438,383,198,84,483,107,426,169,162,189,407,494,851,334,256,261,356,874,462,67,265,466,289,185,348,138,332,211,249,564,702,1335,261,229,111,472,455,87,261,539,292,92,370,186,421,434,313,538,169,318
104,98,49,14,130,22,103,39,26,39,103,130,211,65,56,55,83,203,123,18,59,123,66,47,91,25,83,64,61,132,176,351,70,111,12,136,123,23,49,134,77,29,103,47,84,109,79,129,38,80
512,450,209,88,510,118,555,147,172,212,445,610,983,336,270,262,389,993,551,52,303,517,317,225,367,122,369,237,267,641,816,1500,288,472,136,275,491,80,259,600,370,124,401,211,444,490,330,562,202,371
470,418,180,104,465,123,447,149,184,203,376,495,834,326,260,265,310,859,479,54,259,510,312,179,316,134,318,206,236,584,684,1269,236,455,123,491,247,80,227,502,334,71,329,183,376,422,324,455,184,311
96,66,36,16,99,12,88,21,32,32,56,100,166,54,46,45,51,164,73,9,44,78,59,34,44,16,46,50,38,97,136,248,38,87,23,80,80,2,44,77,62,16,72,37,68,72,55,105,37,58
238,208,94,41,243,62,246,70,91,102,201,278,468,149,136,137,193,437,258,35,148,242,138,92,163,70,179,101,117,333,379,732,125,261,49,259,227,44,72,268,158,59,173,89,190,227,156,260,97,192
472,456,228,90,514,113,525,163,178,231,449,609,971,344,263,291,379,1008,534,71,274,559,336,215,355,138,347,263,256,676,781,1489,289,539,134,600,502,77,268,269,360,107,415,206,424,506,330,543,202,349
323,293,133,55,310,95,316,104,125,123,277,354,615,194,163,174,255,601,324,38,147,343,195,128,230,84,210,176,158,407,508,964,189,292,77,370,334,62,158,360,116,61,269,128,237,344,204,351,155,202
120,68,36,11,107,21,100,29,36,53,101,123,186,62,51,63,72,191,115,13,74,106,48,31,75,28,72,45,57,140,161,276,58,92,29,124,71,16,59,107,61,14,97,41,87,90,57,114,36,66
356,346,166,64,350,78,390,137,132,179,334,411,678,222,198,223,250,713,423,41,219,408,236,159,284,115,281,180,224,513,603,1081,218,370,103,401,329,72,173,415,269,97,135,174,336,318,244,387,131,260
175,178,74,29,183,45,204,57,66,80,143,211,353,112,107,117,118,385,183,17,110,204,114,75,121,47,118,88,86,241,285,510,98,186,47,211,183,37,89,206,128,41,174,42,142,162,125,185,68,112
446,329,140,74,445,105,394,127,160,176,346,436,712,277,204,220,296,688,424,44,209,449,218,177,261,111,257,184,222,513,602,1052,212,421,84,444,376,68,190,424,237,87,336,142,159,344,243,419,162,269
417,414,172,67,495,97,433,110,137,174,393,506,878,310,252,259,315,865,454,54,246,470,247,174,286,119,319,208,216,570,684,1279,241,434,109,490,422,72,227,506,344,90,318,162,344,218,298,458,168,291
333,286,126,63,344,82,330,95,98,142,264,352,590,205,159,182,206,576,317,37,167,314,180,133,221,79,216,158,143,376,467,858,175,313,79,330,324,55,156,330,204,57,244,125,243,298,105,327,130,205
462,448,189,78,509,109,505,157,177,221,446,593,919,305,256,288,398,891,493,62,289,503,297,200,354,147,370,262,274,691,769,1435,279,538,129,562,455,105,260,543,351,114,387,185,419,458,327,265,174,350
184,164,90,27,184,42,176,59,50,75,159,201,328,132,119,111,137,342,199,29,99,200,119,92,127,58,141,86,100,224,263,510,104,169,38,202,184,37,97,202,155,36,131,68,162,168,130,174,33,123
398,286,135,55,348,71,325,116,119,135,282,379,575,227,198,203,232,560,328,53,194,350,224,146,214,93,249,139,181,443,478,932,162,318,80,371,311,58,192,349,202,66,260,112,269,291,205,350,123,118
