253,421,186,82,507,117,448,186,154,212,408,526,762,374,306,339,355,784,522,66,318,507,351,214,362,147,383,284,292,597,682,1159,239,466,99,518,471,69,251,436,345,111,382,186,416,417,322,515,158,371
421,168,162,82,422,108,438,145,147,176,376,480,766,300,223,241,299,781,450,48,215,403,263,164,300,116,312,198,233,501,671,1235,250,413,91,475,377,69,219,470,295,96,326,175,367,393,288,444,162,271
186,162,48,36,198,48,204,66,55,68,182,204,353,120,101,102,163,375,191,34,106,206,118,88,124,60,149,82,110,271,295,565,99,191,39,232,188,28,125,197,103,41,159,68,165,204,120,222,70,135
82,82,36,10,87,17,90,42,23,28,61,86,135,54,41,45,63,130,105,12,38,79,59,32,56,34,69,33,54,106,118,219,46,91,26,92,78,8,49,80,53,16,52,23,66,70,53,80,34,55
507,422,198,87,252,121,528,150,170,213,395,551,913,337,289,299,365,898,495,74,288,491,312,231,338,142,376,251,239,659,712,1370,280,466,111,534,492,95,254,552,342,97,390,176,441,472,340,533,188,363
117,108,48,17,121,6,114,44,31,42,82,116,180,57,55,73,85,183,137,15,51,119,71,35,82,36,92,47,65,130,165,310,58,113,29,122,102,20,56,122,70,24,86,34,94,90,72,107,33,78
448,438,204,90,528,114,246,154,156,191,400,529,809,309,224,259,364,808,482,65,260,504,315,198,342,127,351,223,271,621,692,1294,260,509,115,535,458,76,250,522,337,111,338,157,391,413,317,497,188,310
186,145,66,42,150,44,154,20,51,68,142,190,280,113,86,92,119,261,147,20,80,167,98,52,104,36,95,60,77,192,208,406,73,155,38,145,142,23,67,158,91,28,118,63,124,152,105,163,62,105
154,147,55,23,170,31,156,51,20,60,126,180,297,100,90,81,119,291,171,24,108,187,88,62,97,42,98,80,79,219,244,446,87,158,42,178,164,27,85,176,126,29,130,65,134,160,98,171,64,101
212,176,68,28,213,42,191,68,60,46,172,231,348,121,121,138,167,368,204,22,105,224,134,91,155,56,144,125,116,270,293,553,118,205,44,224,198,40,101,232,142,51,169,68,178,174,140,214,73,162
408,376,182,61,395,82,400,142,126,172,191,445,715,271,243,267,331,752,433,53,249,429,280,183,274,108,310,228,225,514,615,1184,238,395,112,478,378,74,206,476,302,90,303,150,337,401,274,425,153,306
526,480,204,86,551,116,529,190,180,231,445,343,943,390,265,307,393,949,580,79,284,579,329,223,349,140,368,272,284,690,828,1489,332,468,123,573,529,97,295,563,375,114,415,197,425,502,334,588,192,382
762,766,353,135,913,180,809,280,297,348,715,943,814,608,488,525,613,1471,877,104,475,971,498,360,571,225,581,423,480,1162,1350,2339,482,806,199,944,812,160,438,976,586,190,649,347,722,839,571,922,335,587
374,300,120,54,337,57,309,113,100,121,271,390,608,99,172,176,273,590,334,49,173,343,211,129,222,104,237,142,159,414,496,944,172,343,85,337,328,61,178,358,202,76,247,111,240,325,196,353,121,228
306,223,101,41,289,55,224,86,90,121,243,265,488,172,74,120,176,494,242,35,155,251,153,100,178,72,162,133,145,326,396,717,143,241,71,281,240,44,137,269,159,51,241,92,189,250,161,295,100,177
339,241,102,45,299,73,259,92,81,138,267,307,525,176,120,71,195,516,242,32,162,277,143,105,151,71,169,145,134,329,472,830,173,222,69,325,243,44,159,301,179,57,231,102,199,261,171,330,105,169
355,299,163,63,365,85,364,119,119,167,331,393,613,273,176,195,158,596,378,39,202,404,212,138,239,110,275,197,185,450,557,998,195,336,80,387,320,54,192,362,237,61,267,119,268,338,227,373,122,265
784,781,375,130,898,183,808,261,291,368,752,949,1471,590,494,516,596,828,910,114,530,876,504,349,592,228,568,432,435,1128,1357,2472,521,836,195,949,835,133,427,963,579,164,630,322,681,806,552,897,353,586
522,450,191,105,495,137,482,147,171,204,433,580,877,334,242,242,378,910,226,53,290,461,314,182,309,137,332,206,249,654,745,1421,273,451,101,532,487,67,253,513,325,104,393,177,413,444,309,528,165,338
66,48,34,12,74,15,65,20,24,22,53,79,104,49,35,32,39,114,53,7,38,59,36,28,32,12,37,27,32,73,95,184,36,59,12,59,62,6,24,71,27,9,54,26,45,61,37,71,18,32
318,215,106,38,288,51,260,80,108,105,249,284,475,173,155,162,202,530,290,38,59,309,181,108,187,68,170,122,146,329,431,834,141,241,61,262,251,43,137,297,189,53,212,82,228,257,152,295,105,180
507,403,206,79,491,119,504,167,187,224,429,579,971,343,251,277,404,876,461,59,309,263,313,190,336,125,339,247,249,648,782,1415,262,469,124,573,482,81,287,558,336,110,396,173,420,455,321,514,168,354
351,263,118,59,312,71,315,98,88,134,280,329,498,211,153,143,212,504,314,36,181,313,96,133,191,72,187,126,160,349,490,808,153,305,65,319,279,43,139,326,180,54,223,106,226,287,192,338,124,218
214,164,88,32,231,35,198,52,62,91,183,223,360,129,100,105,138,349,182,28,108,190,133,40,153,47,141,92,85,256,309,554,105,196,56,242,189,25,104,229,126,34,142,79,157,183,122,201,67,151
362,300,124,56,338,82,342,104,97,155,274,349,571,222,178,151,239,592,309,32,187,336,191,153,95,91,219,164,193,407,481,867,181,329,83,350,323,51,181,355,188,70,222,122,246,309,195,340,133,202
147,116,60,34,142,36,127,36,42,56,108,140,225,104,72,71,110,228,137,12,68,125,72,47,91,15,74,56,69,156,188,346,64,111,30,126,122,18,69,135,91,28,83,50,93,119,67,135,50,94
383,312,149,69,376,92,351,95,98,144,310,368,581,237,162,169,275,568,332,37,170,339,187,141,219,74,114,160,189,410,482,909,177,321,76,388,326,45,164,372,220,65,229,122,278,316,177,329,120,227
284,198,82,33,251,47,223,60,80,125,228,272,423,142,133,145,197,432,206,27,122,247,126,92,164,56,160,46,126,278,344,655,130,210,58,245,225,25,115,277,151,50,175,86,198,222,148,236,107,174
292,233,110,54,239,65,271,77,79,116,225,284,480,159,145,134,185,435,249,32,146,249,160,85,193,69,189,126,62,303,352,736,148,231,58,242,251,39,143,265,174,54,174,80,205,242,162,274,114,176
597,501,271,106,659,130,621,192,219,270,514,690,1162,414,326,329,450,1128,654,73,329,648,349,256,407,156,410,278,303,416,970,1830,350,610,146,653,547,96,318,676,409,136,484,222,502,611,419,677,233,424
682,671,295,118,712,165,692,208,244,293,615,828,1350,496,396,472,557,1357,745,95,431,782,490,309,481,188,482,344,352,970,578,1993,391,707,159,823,679,120,388,807,528,154,586,290,606,685,452,826,273,516
1159,1235,565,219,1370,310,1294,406,446,553,1184,1489,2339,944,717,830,998,2472,1421,184,834,1415,808,554,867,346,909,655,736,1830,1993,1850,683,1364,307,1531,1320,263,693,1476,935,299,1008,536,1104,1297,867,1425,468,917
239,250,99,46,280,58,260,73,87,118,238,332,482,172,143,173,195,521,273,36,141,262,153,105,181,64,177,130,148,350,391,683,76,279,55,294,250,44,133,314,183,47,199,106,209,258,162,276,97,198
466,413,191,91,466,113,509,155,158,205,395,468,806,343,241,222,336,836,451,59,241,469,305,196,329,111,321,210,231,610,707,1364,279,228,120,465,446,66,234,503,315,105,353,160,397,435,333,492,173,339
99,91,39,26,111,29,115,38,42,44,112,123,199,85,71,69,80,195,101,12,61,124,65,56,83,30,76,58,58,146,159,307,55,120,17,114,104,23,62,106,70,24,85,20,105,103,77,107,40,78
518,475,232,92,534,122,535,145,178,224,478,573,944,337,281,325,387,949,532,59,262,573,319,242,350,126,388,245,242,653,823,1531,294,465,114,283,506,97,272,570,335,102,419,219,474,509,337,587,187,330
471,377,188,78,492,102,458,142,164,198,378,529,812,328,240,243,320,835,487,62,251,482,279,189,323,122,326,225,251,547,679,1320,250,446,104,506,205,78,236,487,288,108,350,182,372,406,272,503,172,314
69,69,28,8,95,20,76,23,27,40,74,97,160,61,44,44,54,133,67,6,43,81,43,25,51,18,45,25,39,96,120,263,44,66,23,97,78,5,42,80,44,21,71,34,67,86,49,75,32,48
251,219,125,49,254,56,250,67,85,101,206,295,438,178,137,159,192,427,253,24,137,287,139,104,181,69,164,115,143,318,388,693,133,234,62,272,236,42,64,243,151,47,174,88,223,224,159,275,91,163
436,470,197,80,552,122,522,158,176,232,476,563,976,358,269,301,362,963,513,71,297,558,326,229,355,135,372,277,265,676,807,1476,314,503,106,570,487,80,243,300,349,108,356,236,444,515,338,559,205,331
345,295,103,53,342,70,337,91,126,142,302,375,586,202,159,179,237,579,325,27,189,336,180,126,188,91,220,151,174,409,528,935,183,315,70,335,288,44,151,349,109,61,230,136,254,297,199,344,116,207
111,96,41,16,97,24,111,28,29,51,90,114,190,76,51,57,61,164,104,9,53,110,54,34,70,28,65,50,54,136,154,299,47,105,24,102,108,21,47,108,61,11,74,40,90,110,55,100,37,60
382,326,159,52,390,86,338,118,130,169,303,415,649,247,241,231,267,630,393,54,212,396,223,142,222,83,229,175,174,484,586,1008,199,353,85,419,350,71,174,356,230,74,127,145,279,341,250,381,137,244
186,175,68,23,176,34,157,63,65,68,150,197,347,111,92,102,119,322,177,26,82,173,106,79,122,50,122,86,80,222,290,536,106,160,20,219,182,34,88,236,136,40,145,40,124,188,129,178,72,115
416,367,165,66,441,94,391,124,134,178,337,425,722,240,189,199,268,681,413,45,228,420,226,157,246,93,278,198,205,502,606,1104,209,397,105,474,372,67,223,444,254,90,279,124,159,386,223,395,135,282
417,393,204,70,472,90,413,152,160,174,401,502,839,325,250,261,338,806,444,61,257,455,287,183,309,119,316,222,242,611,685,1297,258,435,103,509,406,86,224,515,297,110,341,188,386,226,279,482,165,322
322,288,120,53,340,72,317,105,98,140,274,334,571,196,161,171,227,552,309,37,152,321,192,122,195,67,177,148,162,419,452,867,162,333,77,337,272,49,159,338,199,55,250,129,223,279,91,318,131,211
515,444,222,80,533,107,497,163,171,214,425,588,922,353,295,330,373,897,528,71,295,514,338,201,340,135,329,236,274,677,826,1425,276,492,107,587,503,75,275,559,344,100,381,178,395,482,318,261,171,351
158,162,70,34,188,33,188,62,64,73,153,192,335,121,100,105,122,353,165,18,105,168,124,67,133,50,120,107,114,233,273,468,97,173,40,187,172,32,91,205,116,37,137,72,135,165,131,171,28,137
371,271,135,55,363,78,310,105,101,162,306,382,587,228,177,169,265,586,338,32,180,354,218,151,202,94,227,174,176,424,516,917,198,339,78,330,314,48,163,331,207,60,244,115,282,322,211,351,137,118
