262,438,217,83,548,112,437,171,190,261,455,493,796,367,329,331,344,803,530,68,277,505,333,217,371,163,354,283,300,593,689,1145,255,463,105,501,471,90,234,489,326,111,374,178,440,406,331,448,174,394
438,166,168,61,415,81,444,114,156,196,345,486,818,276,231,251,317,774,416,65,234,409,245,194,256,88,254,193,206,517,627,1181,240,383,97,477,428,61,239,453,285,88,339,168,361,404,285,465,167,306
217,168,36,37,227,53,178,48,52,102,192,234,345,136,96,126,150,355,211,34,108,221,95,72,117,45,125,88,97,271,290,594,98,181,47,216,194,44,101,214,128,36,176,63,158,188,108,220,72,128
83,61,37,6,77,16,63,29,31,45,83,93,140,52,66,81,68,137,72,14,50,88,64,35,56,20,57,39,47,108,130,236,47,73,16,74,83,15,33,69,51,10,63,32,71,64,56,88,41,66
548,415,227,77,248,104,481,180,160,199,436,537,870,318,263,312,383,879,521,69,291,522,289,197,328,119,347,252,247,636,753,1312,309,465,96,584,462,71,256,540,306,110,411,195,432,450,322,541,175,326
112,81,53,16,104,11,92,40,38,38,103,116,200,96,86,95,98,191,119,21,75,117,71,50,69,23,72,58,62,150,165,303,66,107,21,126,113,15,60,106,75,21,89,44,111,94,62,101,41,72
437,444,178,63,481,92,234,136,170,194,414,503,819,336,274,276,363,819,492,71,251,502,309,198,331,117,317,245,220,604,724,1304,247,430,123,495,437,77,217,478,311,90,359,187,374,405,298,510,184,343
171,114,48,29,180,40,136,19,47,70,141,178,260,109,64,71,102,255,167,13,84,151,82,66,87,36,104,76,80,185,238,424,96,150,32,170,136,24,67,146,94,25,120,62,113,136,75,148,42,108
190,156,52,31,160,38,170,47,35,78,147,183,273,117,90,90,145,299,172,26,83,179,111,64,111,41,104,78,67,218,247,448,80,158,38,202,161,16,64,162,94,25,124,59,140,162,93,168,60,101
261,196,102,45,199,38,194,70,78,36,177,220,363,139,119,108,152,369,222,37,107,223,121,82,152,56,136,108,102,242,314,527,115,188,56,220,190,32,100,223,137,42,149,83,151,183,140,223,94,151
455,345,192,83,436,103,414,141,147,177,213,449,724,285,215,263,306,711,425,60,212,440,248,169,296,107,274,233,212,546,632,1113,230,396,90,444,388,68,206,443,282,81,324,154,339,392,291,450,139,280
493,486,234,93,537,116,503,178,183,220,449,341,1034,362,301,318,399,988,579,55,321,559,330,204,357,118,358,269,272,641,856,1603,306,479,139,584,509,91,278,585,386,104,411,210,422,558,377,588,225,354
796,818,345,140,870,200,819,260,273,363,724,1034,789,539,425,515,670,1425,951,110,514,934,578,347,587,207,597,462,453,1128,1353,2417,445,799,213,972,793,144,449,929,571,175,704,345,690,804,543,956,308,651
367,276,136,52,318,96,336,109,117,139,285,362,539,102,190,219,253,535,339,40,195,337,197,123,222,85,244,156,149,404,500,863,180,298,78,337,311,57,152,338,214,62,266,126,253,279,223,353,132,221
329,231,96,66,263,86,274,64,90,119,215,301,425,190,65,118,209,451,277,36,150,257,150,118,155,62,194,136,118,292,431,752,138,266,67,302,254,44,128,250,184,60,197,87,211,267,159,332,110,170
331,251,126,81,312,95,276,71,90,108,263,318,515,219,118,56,204,498,316,32,155,279,165,122,177,68,222,126,126,317,443,852,150,300,67,304,303,48,144,316,218,63,216,97,215,304,168,316,121,195
344,317,150,68,383,98,363,102,145,152,306,399,670,253,209,204,125,670,388,66,206,398,260,143,234,86,238,176,188,463,542,1027,165,348,92,369,342,53,174,378,240,91,277,136,312,326,235,365,138,251
803,774,355,137,879,191,819,255,299,369,711,988,1425,535,451,498,670,803,892,106,513,910,545,322,596,213,616,442,460,1116,1425,2440,474,831,205,936,827,164,409,933,589,172,727,343,682,829,574,977,317,629
530,416,211,72,521,119,492,167,172,222,425,579,951,339,277,316,388,892,260,74,280,517,285,197,327,104,310,241,268,665,757,1434,289,483,116,548,483,97,275,551,354,92,376,199,387,449,325,514,176,351
68,65,34,14,69,21,71,13,26,37,60,55,110,40,36,32,66,106,74,5,34,72,37,24,55,13,32,25,27,57,87,182,39,64,11,63,59,8,25,66,31,8,49,31,53,46,41,64,23,35
277,234,108,50,291,75,251,84,83,107,212,321,514,195,150,155,206,513,280,34,61,278,156,122,168,66,164,108,137,339,408,845,154,281,75,286,242,46,141,298,154,47,194,90,229,265,173,274,121,194
505,409,221,88,522,117,502,151,179,223,440,559,934,337,257,279,398,910,517,72,278,278,294,195,344,129,360,245,269,657,830,1409,272,453,125,561,481,82,268,519,305,100,392,173,412,480,331,515,179,330
333,245,95,64,289,71,309,82,111,121,248,330,578,197,150,165,260,545,285,37,156,294,105,126,200,88,211,148,139,356,509,884,167,270,60,349,260,35,152,331,182,65,224,109,231,275,181,356,109,208
217,194,72,35,197,50,198,66,64,82,169,204,347,123,118,122,143,322,197,24,122,195,126,40,143,50,131,97,103,232,292,517,114,204,43,197,175,24,107,201,128,49,154,96,146,173,139,199,70,132
371,256,117,56,328,69,331,87,111,152,296,357,587,222,155,177,234,596,327,55,168,344,200,143,102,67,206,152,158,382,513,901,166,288,82,334,317,51,170,361,222,61,285,144,264,308,200,348,127,224
163,88,45,20,119,23,117,36,41,56,107,118,207,85,62,68,86,213,104,13,66,129,88,50,67,17,76,65,63,151,169,324,55,124,27,124,113,15,62,127,81,17,107,60,115,111,89,140,64,91
354,254,125,57,347,72,317,104,104,136,274,358,597,244,194,222,238,616,310,32,164,360,211,131,206,76,98,162,166,417,497,900,181,316,86,338,324,45,182,354,218,62,265,143,281,293,222,379,140,232
283,193,88,39,252,58,245,76,78,108,233,269,462,156,136,126,176,442,241,25,108,245,148,97,152,65,162,55,122,314,350,663,137,218,54,221,228,41,124,276,166,48,213,93,187,234,151,276,88,155
300,206,97,47,247,62,220,80,67,102,212,272,453,149,118,126,188,460,268,27,137,269,139,103,158,63,166,122,69,328,426,695,132,229,64,263,203,34,131,288,153,54,211,87,167,259,143,298,97,170
593,517,271,108,636,150,604,185,218,242,546,641,1128,404,292,317,463,1116,665,57,339,657,356,232,382,151,417,314,328,363,975,1787,327,613,161,646,609,91,303,684,401,127,485,250,500,576,382,652,223,420
689,627,290,130,753,165,724,238,247,314,632,856,1353,500,431,443,542,1425,757,87,408,830,509,292,513,169,497,350,426,975,569,2037,422,750,145,803,711,128,370,781,500,157,573,304,657,709,485,813,274,518
1145,1181,594,236,1312,303,1304,424,448,527,1113,1603,2417,863,752,852,1027,2440,1434,182,845,1409,884,517,901,324,900,663,695,1787,2037,1879,730,1304,320,1498,1269,246,743,1414,867,278,1087,502,1085,1312,860,1477,499,906
255,240,98,47,309,66,247,96,80,115,230,306,445,180,138,150,165,474,289,39,154,272,167,114,166,55,181,137,132,327,422,730,69,260,64,305,242,51,148,270,176,60,206,97,215,226,180,287,86,173
463,383,181,73,465,107,430,150,158,188,396,479,799,298,266,300,348,831,483,64,281,453,270,204,288,124,316,218,229,613,750,1304,260,214,106,519,416,82,242,504,271,72,376,171,378,409,290,498,166,336
105,97,47,16,96,21,123,32,38,56,90,139,213,78,67,67,92,205,116,11,75,125,60,43,82,27,86,54,64,161,145,320,64,106,12,122,110,26,55,128,79,19,91,34,93,115,86,126,40,78
501,477,216,74,584,126,495,170,202,220,444,584,972,337,302,304,369,936,548,63,286,561,349,197,334,124,338,221,263,646,803,1498,305,519,122,271,472,86,275,545,366,114,381,186,436,490,337,522,205,327
471,428,194,83,462,113,437,136,161,190,388,509,793,311,254,303,342,827,483,59,242,481,260,175,317,113,324,228,203,609,711,1269,242,416,110,472,225,80,266,465,300,83,385,200,347,421,292,538,186,334
90,61,44,15,71,15,77,24,16,32,68,91,144,57,44,48,53,164,97,8,46,82,35,24,51,15,45,41,34,91,128,246,51,82,26,86,80,3,33,83,62,22,63,34,58,97,38,89,27,67
234,239,101,33,256,60,217,67,64,100,206,278,449,152,128,144,174,409,275,25,141,268,152,107,170,62,182,124,131,303,370,743,148,242,55,275,266,33,53,257,168,48,193,88,206,231,129,239,71,163
489,453,214,69,540,106,478,146,162,223,443,585,929,338,250,316,378,933,551,66,298,519,331,201,361,127,354,276,288,684,781,1414,270,504,128,545,465,83,257,253,361,119,403,221,412,482,339,549,181,374
326,285,128,51,306,75,311,94,94,137,282,386,571,214,184,218,240,589,354,31,154,305,182,128,222,81,218,166,153,401,500,867,176,271,79,366,300,62,168,361,116,62,259,131,267,302,195,385,126,222
111,88,36,10,110,21,90,25,25,42,81,104,175,62,60,63,91,172,92,8,47,100,65,49,61,17,62,48,54,127,157,278,60,72,19,114,83,22,48,119,62,7,63,45,75,84,54,117,44,62
374,339,176,63,411,89,359,120,124,149,324,411,704,266,197,216,277,727,376,49,194,392,224,154,285,107,265,213,211,485,573,1087,206,376,91,381,385,63,193,403,259,63,162,139,329,343,260,358,129,256
178,168,63,32,195,44,187,62,59,83,154,210,345,126,87,97,136,343,199,31,90,173,109,96,144,60,143,93,87,250,304,502,97,171,34,186,200,34,88,221,131,45,139,40,174,171,109,212,81,129
440,361,158,71,432,111,374,113,140,151,339,422,690,253,211,215,312,682,387,53,229,412,231,146,264,115,281,187,167,500,657,1085,215,378,93,436,347,58,206,412,267,75,329,174,162,354,248,432,165,265
406,404,188,64,450,94,405,136,162,183,392,558,804,279,267,304,326,829,449,46,265,480,275,173,308,111,293,234,259,576,709,1312,226,409,115,490,421,97,231,482,302,84,343,171,354,209,298,464,149,352
331,285,108,56,322,62,298,75,93,140,291,377,543,223,159,168,235,574,325,41,173,331,181,139,200,89,222,151,143,382,485,860,180,290,86,337,292,38,129,339,195,54,260,109,248,298,92,348,115,206
448,465,220,88,541,101,510,148,168,223,450,588,956,353,332,316,365,977,514,64,274,515,356,199,348,140,379,276,298,652,813,1477,287,498,126,522,538,89,239,549,385,117,358,212,432,464,348,277,199,354
174,167,72,41,175,41,184,42,60,94,139,225,308,132,110,121,138,317,176,23,121,179,109,70,127,64,140,88,97,223,274,499,86,166,40,205,186,27,71,181,126,44,129,81,165,149,115,199,28,134
394,306,128,66,326,72,343,108,101,151,280,354,651,221,170,195,251,629,351,35,194,330,208,132,224,91,232,155,170,420,518,906,173,336,78,327,334,67,163,374,222,62,256,129,265,352,206,354,134,143
