256,430,215,84,509,108,438,185,181,236,475,518,802,375,311,344,366,872,504,71,347,500,346,202,351,135,344,273,279,618,709,1209,248,509,107,502,487,83,267,481,301,104,366,179,445,412,347,488,156,351
430,185,189,73,425,84,411,118,134,169,395,481,812,280,230,234,314,741,440,54,229,416,256,164,269,116,273,206,221,537,642,1254,254,389,99,438,384,66,233,471,322,91,344,160,362,374,287,465,160,305
215,189,38,35,222,51,194,59,61,84,186,230,343,120,99,125,145,351,191,23,108,214,119,107,135,54,136,89,103,267,313,552,114,183,43,215,187,29,97,212,159,31,185,72,175,168,128,205,73,154
84,73,35,6,97,13,71,26,23,27,62,105,149,64,39,43,71,139,77,8,49,71,41,31,59,18,45,45,34,109,120,231,30,81,24,98,80,12,38,92,44,10,59,31,67,89,55,82,32,56
509,425,222,97,271,123,535,173,171,182,432,544,968,340,279,326,377,995,494,65,284,518,308,208,354,127,309,228,278,664,781,1493,291,492,115,555,503,85,249,499,323,101,382,185,420,461,342,551,187,312
108,84,51,13,123,11,109,30,36,37,81,109,196,81,61,59,93,194,119,13,81,105,59,48,82,24,79,61,58,146,185,274,52,104,15,134,95,14,51,105,63,25,77,44,100,109,75,112,40,72
438,411,194,71,535,109,227,159,142,201,417,564,924,342,244,267,352,854,524,67,258,500,281,183,331,112,332,241,242,612,760,1292,242,491,117,489,433,83,235,517,325,111,364,169,382,449,301,510,170,318
185,118,59,26,173,30,159,25,58,58,122,167,286,110,72,76,109,282,146,18,86,156,89,50,111,33,106,57,73,180,237,415,71,154,40,181,147,20,75,161,112,27,123,52,121,146,108,161,59,119
181,134,61,23,171,36,142,58,28,58,111,174,287,111,90,98,137,294,165,20,70,165,108,67,108,40,107,77,82,203,245,474,80,158,28,154,154,30,84,166,98,39,111,58,141,144,102,179,53,108
236,169,84,27,182,37,201,58,58,45,176,237,353,156,118,136,163,355,209,31,124,216,130,82,141,57,138,102,102,248,326,557,123,215,54,211,183,25,96,220,127,39,143,81,162,205,126,217,64,146
475,395,186,62,432,81,417,122,111,176,186,506,783,284,249,293,330,792,446,54,226,419,275,169,275,113,287,212,204,503,664,1190,236,402,97,474,368,62,219,447,282,88,312,172,349,378,299,490,139,292
518,481,230,105,544,109,564,167,174,237,506,337,1003,367,312,308,371,1069,605,77,280,626,318,234,372,141,379,244,242,692,847,1641,322,541,118,563,547,93,280,623,369,105,428,208,476,536,378,622,217,362
802,812,343,149,968,196,924,286,287,353,783,1003,801,609,478,538,659,1487,929,122,493,975,562,368,591,234,664,402,466,1133,1362,2407,501,853,218,934,821,161,501,943,631,202,691,337,733,851,596,949,334,628
375,280,120,64,340,81,342,110,111,156,284,367,609,104,204,206,240,571,314,42,164,286,192,118,210,91,204,162,183,406,439,892,170,322,85,335,319,43,175,354,210,67,263,127,281,306,206,334,132,220
311,230,99,39,279,61,244,72,90,118,249,312,478,204,70,147,179,498,281,31,156,276,153,99,184,75,187,119,135,303,412,743,132,232,68,266,242,32,125,290,178,41,228,105,217,220,167,291,116,193
344,234,125,43,326,59,267,76,98,136,293,308,538,206,147,89,209,570,308,32,156,311,156,112,191,69,200,112,155,334,470,825,156,277,63,290,242,43,137,303,189,43,240,118,243,227,195,331,116,202
366,314,145,71,377,93,352,109,137,163,330,371,659,240,179,209,147,687,365,46,198,381,234,152,243,106,249,161,168,492,574,1031,167,377,78,381,345,54,171,393,233,77,309,125,296,326,195,373,133,235
872,741,351,139,995,194,854,282,294,355,792,1069,1487,571,498,570,687,843,930,117,479,916,552,339,559,212,595,416,458,1118,1403,2415,490,825,230,982,805,160,470,970,605,171,673,343,707,815,589,899,329,642
504,440,191,77,494,119,524,146,165,209,446,605,929,314,281,308,365,930,253,75,279,481,331,200,328,130,316,232,230,620,762,1494,293,475,118,557,466,82,231,551,326,99,402,188,429,450,323,547,184,347
71,54,23,8,65,13,67,18,20,31,54,77,122,42,31,32,46,117,75,2,36,75,45,37,38,18,47,26,22,83,92,177,33,57,17,66,55,7,33,76,37,13,53,30,56,62,44,64,27,46
347,229,108,49,284,81,258,86,70,124,226,280,493,164,156,156,198,479,279,36,63,266,169,123,187,65,178,126,125,327,408,770,163,269,59,254,250,51,150,314,180,55,212,83,223,263,176,319,102,191
500,416,214,71,518,105,500,156,165,216,419,626,975,286,276,311,381,916,481,75,266,262,329,196,345,133,340,273,259,649,762,1457,281,465,107,568,474,80,253,556,334,99,401,186,412,468,305,529,193,370
346,256,119,41,308,59,281,89,108,130,275,318,562,192,153,156,234,552,331,45,169,329,93,134,201,77,198,155,150,343,460,792,156,286,66,301,284,52,174,332,189,67,231,103,252,279,190,334,127,227
202,164,107,31,208,48,183,50,67,82,169,234,368,118,99,112,152,339,200,37,123,196,134,29,124,53,128,88,91,220,300,528,122,197,55,197,168,39,86,184,121,39,146,79,161,167,121,182,83,144
351,269,135,59,354,82,331,111,108,141,275,372,591,210,184,191,243,559,328,38,187,345,201,124,109,79,213,163,158,375,515,885,183,301,71,339,306,54,157,363,234,69,259,117,272,273,185,371,125,227
135,116,54,18,127,24,112,33,40,57,113,141,234,91,75,69,106,212,130,18,65,133,77,53,79,17,73,60,65,154,208,340,68,130,27,147,117,23,63,154,95,27,105,39,104,117,73,154,48,103
344,273,136,45,309,79,332,106,107,138,287,379,664,204,187,200,249,595,316,47,178,340,198,128,213,73,102,151,161,379,519,974,196,319,82,379,314,65,155,358,224,82,264,124,255,317,206,378,139,244
273,206,89,45,228,61,241,57,77,102,212,244,402,162,119,112,161,416,232,26,126,273,155,88,163,60,151,55,117,293,341,657,119,224,53,247,219,46,109,257,148,48,181,80,205,220,148,252,99,148
279,221,103,34,278,58,242,73,82,102,204,242,466,183,135,155,168,458,230,22,125,259,150,91,158,65,161,117,52,304,367,712,133,251,55,274,222,44,126,283,154,61,198,97,201,232,152,286,94,171
618,537,267,109,664,146,612,180,203,248,503,692,1133,406,303,334,492,1118,620,83,327,649,343,220,375,154,379,293,304,431,962,1834,349,550,153,679,564,110,333,696,459,119,481,223,464,585,394,664,218,427
709,642,313,120,781,185,760,237,245,326,664,847,1362,439,412,470,574,1403,762,92,408,762,460,300,515,208,519,341,367,962,579,2070,445,706,159,818,722,133,368,779,526,150,601,252,636,712,489,781,261,557
1209,1254,552,231,1493,274,1292,415,474,557,1190,1641,2407,892,743,825,1031,2415,1494,177,770,1457,792,528,885,340,974,657,712,1834,2070,1921,734,1309,331,1557,1324,213,714,1512,892,305,1055,527,1107,1311,876,1378,479,1010
248,254,114,30,291,52,242,71,80,123,236,322,501,170,132,156,167,490,293,33,163,281,156,122,183,68,196,119,133,349,445,734,76,221,72,292,239,42,126,315,179,71,212,94,229,263,164,277,86,181
509,389,183,81,492,104,491,154,158,215,402,541,853,322,232,277,377,825,475,57,269,465,286,197,301,130,319,224,251,550,706,1309,221,225,100,503,446,73,230,480,317,99,353,173,395,420,298,474,163,313
107,99,43,24,115,15,117,40,28,54,97,118,218,85,68,63,78,230,118,17,59,107,66,55,71,27,82,53,55,153,159,331,72,100,14,123,106,18,70,127,98,30,75,43,91,100,83,106,47,73
502,438,215,98,555,134,489,181,154,211,474,563,934,335,266,290,381,982,557,66,254,568,301,197,339,147,379,247,274,679,818,1557,292,503,123,258,505,104,267,602,357,113,434,189,410,520,327,548,190,325
487,384,187,80,503,95,433,147,154,183,368,547,821,319,242,242,345,805,466,55,250,474,284,168,306,117,314,219,222,564,722,1324,239,446,106,505,229,89,231,490,317,77,365,161,395,436,294,466,180,303
83,66,29,12,85,14,83,20,30,25,62,93,161,43,32,43,54,160,82,7,51,80,52,39,54,23,65,46,44,110,133,213,42,73,18,104,89,7,40,92,73,18,65,30,65,73,54,85,31,60
267,233,97,38,249,51,235,75,84,96,219,280,501,175,125,137,171,470,231,33,150,253,174,86,157,63,155,109,126,333,368,714,126,230,70,267,231,40,61,274,149,45,204,95,186,267,179,277,95,174
481,471,212,92,499,105,517,161,166,220,447,623,943,354,290,303,393,970,551,76,314,556,332,184,363,154,358,257,283,696,779,1512,315,480,127,602,490,92,274,279,355,105,409,208,450,502,328,556,206,378
301,322,159,44,323,63,325,112,98,127,282,369,631,210,178,189,233,605,326,37,180,334,189,121,234,95,224,148,154,459,526,892,179,317,98,357,317,73,149,355,103,53,246,111,280,313,222,356,113,214
104,91,31,10,101,25,111,27,39,39,88,105,202,67,41,43,77,171,99,13,55,99,67,39,69,27,82,48,61,119,150,305,71,99,30,113,77,18,45,105,53,10,87,43,87,117,58,114,47,86
366,344,185,59,382,77,364,123,111,143,312,428,691,263,228,240,309,673,402,53,212,401,231,146,259,105,264,181,198,481,601,1055,212,353,75,434,365,65,204,409,246,87,144,146,304,344,239,409,148,273
179,160,72,31,185,44,169,52,58,81,172,208,337,127,105,118,125,343,188,30,83,186,103,79,117,39,124,80,97,223,252,527,94,173,43,189,161,30,95,208,111,43,146,29,132,192,117,181,66,121
445,362,175,67,420,100,382,121,141,162,349,476,733,281,217,243,296,707,429,56,223,412,252,161,272,104,255,205,201,464,636,1107,229,395,91,410,395,65,186,450,280,87,304,132,186,352,249,413,174,285
412,374,168,89,461,109,449,146,144,205,378,536,851,306,220,227,326,815,450,62,263,468,279,167,273,117,317,220,232,585,712,1311,263,420,100,520,436,73,267,502,313,117,344,192,352,211,312,501,167,330
347,287,128,55,342,75,301,108,102,126,299,378,596,206,167,195,195,589,323,44,176,305,190,121,185,73,206,148,152,394,489,876,164,298,83,327,294,54,179,328,222,58,239,117,249,312,92,329,128,217
488,465,205,82,551,112,510,161,179,217,490,622,949,334,291,331,373,899,547,64,319,529,334,182,371,154,378,252,286,664,781,1378,277,474,106,548,466,85,277,556,356,114,409,181,413,501,329,274,184,352
156,160,73,32,187,40,170,59,53,64,139,217,334,132,116,116,133,329,184,27,102,193,127,83,125,48,139,99,94,218,261,479,86,163,47,190,180,31,95,206,113,47,148,66,174,167,128,184,36,129
351,305,154,56,312,72,318,119,108,146,292,362,628,220,193,202,235,642,347,46,191,370,227,144,227,103,244,148,171,427,557,1010,181,313,73,325,303,60,174,378,214,86,273,121,285,330,217,352,129,108
