264,442,211,82,492,87,421,175,161,241,454,535,798,387,289,318,355,823,497,69,321,502,368,210,352,156,368,289,302,589,708,1145,226,451,107,498,462,85,242,465,303,107,365,163,418,382,319,507,165,359
442,179,206,65,457,87,391,140,152,158,344,522,742,308,212,228,301,725,459,47,252,470,260,168,258,101,278,230,220,518,678,1204,208,400,99,424,431,78,197,470,310,97,327,141,335,406,277,463,172,261
211,206,38,37,192,47,181,58,59,83,166,230,363,112,115,116,153,376,192,35,105,195,125,91,138,45,142,95,92,256,303,577,113,198,53,211,185,30,93,216,130,47,139,71,162,179,115,221,62,134
82,65,37,5,81,18,84,26,26,38,66,81,128,41,47,42,58,149,73,10,41,85,47,29,57,20,62,42,39,107,130,205,36,81,23,103,61,16,46,91,55,21,51,36,66,71,56,72,25,57
492,457,192,81,264,121,471,150,161,206,412,578,938,318,266,295,371,960,538,54,253,530,290,217,343,121,348,275,280,617,769,1389,262,481,118,525,458,79,244,548,335,125,383,177,398,485,301,526,187,338
87,87,47,18,121,8,104,35,36,46,80,119,187,76,69,72,87,198,100,14,63,109,60,38,74,28,75,52,57,173,180,291,59,93,25,131,97,21,57,125,68,25,79,41,92,98,64,110,36,81
421,391,181,84,471,104,236,147,145,197,413,525,847,312,260,278,315,881,479,56,290,462,288,172,315,131,320,236,238,616,692,1312,240,436,127,510,445,89,257,472,301,102,361,173,374,471,293,483,176,337
175,140,58,26,150,35,147,23,48,52,134,161,282,101,80,91,98,311,160,17,93,149,108,64,86,32,99,70,74,186,221,449,81,143,34,152,148,19,86,184,116,30,113,48,122,136,91,169,65,113
161,152,59,26,161,36,145,48,18,67,125,167,286,76,97,123,116,305,170,11,93,153,78,58,93,39,113,77,73,189,251,476,81,139,42,154,154,21,67,175,106,36,126,63,118,165,101,159,60,121
241,158,83,38,206,46,197,52,67,43,143,231,374,137,126,140,143,385,218,27,121,201,130,82,130,45,134,90,95,270,296,549,99,187,46,221,213,31,108,214,147,39,171,76,146,172,130,219,71,142
454,344,166,66,412,80,413,134,125,143,134,491,732,282,229,227,315,729,461,61,228,449,248,158,262,101,300,200,213,535,672,1171,252,409,93,459,419,75,237,432,305,91,315,154,329,364,268,464,151,288
535,522,230,81,578,119,525,161,167,231,491,297,968,368,286,294,408,978,538,61,280,543,339,237,397,147,407,239,289,700,857,1518,296,523,118,602,483,102,311,604,372,131,396,192,477,490,354,604,217,387
798,742,363,128,938,187,847,282,286,374,732,968,773,604,462,525,672,1425,899,110,546,904,552,363,596,252,600,428,455,1090,1311,2227,453,808,200,990,835,168,431,905,576,196,698,337,741,838,579,914,340,605
387,308,112,41,318,76,312,101,76,137,282,368,604,116,189,207,238,584,329,29,176,312,225,131,252,95,220,148,173,429,495,882,183,301,59,372,302,48,162,346,197,83,263,117,279,292,198,365,105,232
289,212,115,47,266,69,260,80,97,126,229,286,462,189,61,119,172,462,266,25,166,272,161,98,191,64,164,107,133,328,390,718,132,248,66,265,234,44,125,275,181,54,209,109,211,250,153,294,81,188
318,228,116,42,295,72,278,91,123,140,227,294,525,207,119,65,212,516,286,26,165,297,185,121,199,51,184,136,151,350,436,813,139,272,57,298,257,43,131,319,209,53,219,109,220,260,148,317,97,197
355,301,153,58,371,87,315,98,116,143,315,408,672,238,172,212,147,684,389,37,207,361,236,113,237,88,218,189,181,445,557,1024,192,329,69,386,312,54,183,386,237,67,284,136,281,330,233,366,115,244
823,725,376,149,960,198,881,311,305,385,729,978,1425,584,462,516,684,745,904,119,523,967,539,372,604,255,645,453,459,1087,1285,2315,463,797,207,976,855,153,429,884,583,200,675,330,720,824,545,902,340,619
497,459,192,73,538,100,479,160,170,218,461,538,899,329,266,286,389,904,266,79,280,511,288,203,326,139,370,212,266,623,794,1399,270,452,117,536,452,88,257,559,334,106,401,178,403,464,324,526,203,350
69,47,35,10,54,14,56,17,11,27,61,61,110,29,25,26,37,119,79,5,33,60,44,30,40,16,57,32,27,77,93,173,32,54,19,60,60,17,26,79,38,14,55,25,51,51,42,62,18,45
321,252,105,41,253,63,290,93,93,121,228,280,546,176,166,165,207,523,280,33,72,277,160,117,168,50,175,138,127,349,413,771,164,259,68,275,255,37,142,309,183,54,194,103,246,267,164,316,106,203
502,470,195,85,530,109,462,149,153,201,449,543,904,312,272,297,361,967,511,60,277,268,317,206,340,155,371,247,244,663,726,1422,286,493,116,555,472,78,236,536,334,112,409,193,425,452,334,517,182,336
368,260,125,47,290,60,288,108,78,130,248,339,552,225,161,185,236,539,288,44,160,317,95,128,185,78,210,135,167,340,460,858,159,263,61,327,289,52,167,311,182,61,225,130,244,271,185,311,92,188
210,168,91,29,217,38,172,64,58,82,158,237,363,131,98,121,113,372,203,30,117,206,128,36,146,50,138,85,106,274,293,560,94,193,43,202,190,26,102,211,149,47,158,76,167,148,126,226,71,136
352,258,138,57,343,74,315,86,93,130,262,397,596,252,191,199,237,604,326,40,168,340,185,146,101,78,206,147,157,413,518,934,186,293,79,352,317,61,160,352,226,54,252,137,263,302,191,332,149,224
156,101,45,20,121,28,131,32,39,45,101,147,252,95,64,51,88,255,139,16,50,155,78,50,78,13,69,49,65,151,203,370,75,111,24,120,118,20,68,139,73,26,89,54,110,100,87,127,54,72
368,278,142,62,348,75,320,99,113,134,300,407,600,220,164,184,218,645,370,57,175,371,210,138,206,69,97,149,166,411,507,984,193,343,94,328,335,62,162,369,186,69,245,139,254,296,186,321,132,226
289,230,95,42,275,52,236,70,77,90,200,239,428,148,107,136,189,453,212,32,138,247,135,85,147,49,149,41,114,326,329,653,124,239,50,228,226,31,118,267,138,56,185,91,188,214,146,243,77,160
302,220,92,39,280,57,238,74,73,95,213,289,455,173,133,151,181,459,266,27,127,244,167,106,157,65,166,114,59,311,394,738,139,254,51,254,256,57,124,233,169,52,196,100,193,220,162,273,108,182
589,518,256,107,617,173,616,186,189,270,535,700,1090,429,328,350,445,1087,623,77,349,663,340,274,413,151,411,326,311,443,935,1679,324,592,147,647,614,115,286,650,391,118,454,248,504,594,390,628,200,442
708,678,303,130,769,180,692,221,251,296,672,857,1311,495,390,436,557,1285,794,93,413,726,460,293,518,203,507,329,394,935,533,1949,360,686,159,818,662,117,364,760,472,182,575,264,594,631,504,742,266,501
1145,1204,577,205,1389,291,1312,449,476,549,1171,1518,2227,882,718,813,1024,2315,1399,173,771,1422,858,560,934,370,984,653,738,1679,1949,1749,743,1288,313,1459,1283,232,708,1410,865,312,1028,491,1145,1188,934,1363,526,920
226,208,113,36,262,59,240,81,81,99,252,296,453,183,132,139,192,463,270,32,164,286,159,94,186,75,193,124,139,324,360,743,73,234,68,278,218,47,131,274,164,69,182,115,205,257,164,264,92,188
451,400,198,81,481,93,436,143,139,187,409,523,808,301,248,272,329,797,452,54,259,493,263,193,293,111,343,239,254,592,686,1288,234,228,89,493,421,71,263,481,291,82,348,178,368,409,276,474,135,329
107,99,53,23,118,25,127,34,42,46,93,118,200,59,66,57,69,207,117,19,68,116,61,43,79,24,94,50,51,147,159,313,68,89,15,116,92,21,60,125,76,22,97,43,95,94,73,119,39,70
498,424,211,103,525,131,510,152,154,221,459,602,990,372,265,298,386,976,536,60,275,555,327,202,352,120,328,228,254,647,818,1459,278,493,116,273,536,88,276,547,352,106,412,174,432,489,326,554,224,353
462,431,185,61,458,97,445,148,154,213,419,483,835,302,234,257,312,855,452,60,255,472,289,190,317,118,335,226,256,614,662,1283,218,421,92,536,224,86,238,520,303,103,361,191,396,409,288,478,144,330
85,78,30,16,79,21,89,19,21,31,75,102,168,48,44,43,54,153,88,17,37,78,52,26,61,20,62,31,57,115,117,232,47,71,21,88,86,12,40,98,72,20,62,29,72,88,56,82,38,47
242,197,93,46,244,57,257,86,67,108,237,311,431,162,125,131,183,429,257,26,142,236,167,102,160,68,162,118,124,286,364,708,131,263,60,276,238,40,67,263,149,35,172,91,183,228,156,260,91,166
465,470,216,91,548,125,472,184,175,214,432,604,905,346,275,319,386,884,559,79,309,536,311,211,352,139,369,267,233,650,760,1410,274,481,125,547,520,98,263,247,369,127,375,184,420,466,343,527,198,351
303,310,130,55,335,68,301,116,106,147,305,372,576,197,181,209,237,583,334,38,183,334,182,149,226,73,186,138,169,391,472,865,164,291,76,352,303,72,149,369,107,65,250,129,256,312,195,351,123,224
107,97,47,21,125,25,102,30,36,39,91,131,196,83,54,53,67,200,106,14,54,112,61,47,54,26,69,56,52,118,182,312,69,82,22,106,103,20,35,127,65,8,79,37,89,105,72,102,39,75
365,327,139,51,383,79,361,113,126,171,315,396,698,263,209,219,284,675,401,55,194,409,225,158,252,89,245,185,196,454,575,1028,182,348,97,412,361,62,172,375,250,79,149,151,279,317,237,360,143,270
163,141,71,36,177,41,173,48,63,76,154,192,337,117,109,109,136,330,178,25,103,193,130,76,137,54,139,91,100,248,264,491,115,178,43,174,191,29,91,184,129,37,151,21,157,164,118,193,77,140
418,335,162,66,398,92,374,122,118,146,329,477,741,279,211,220,281,720,403,51,246,425,244,167,263,110,254,188,193,504,594,1145,205,368,95,432,396,72,183,420,256,89,279,157,176,369,234,432,155,261
382,406,179,71,485,98,471,136,165,172,364,490,838,292,250,260,330,824,464,51,267,452,271,148,302,100,296,214,220,594,631,1188,257,409,94,489,409,88,228,466,312,105,317,164,369,207,284,478,159,326
319,277,115,56,301,64,293,91,101,130,268,354,579,198,153,148,233,545,324,42,164,334,185,126,191,87,186,146,162,390,504,934,164,276,73,326,288,56,156,343,195,72,237,118,234,284,85,338,125,214
507,463,221,72,526,110,483,169,159,219,464,604,914,365,294,317,366,902,526,62,316,517,311,226,332,127,321,243,273,628,742,1363,264,474,119,554,478,82,260,527,351,102,360,193,432,478,338,252,175,330
165,172,62,25,187,36,176,65,60,71,151,217,340,105,81,97,115,340,203,18,106,182,92,71,149,54,132,77,108,200,266,526,92,135,39,224,144,38,91,198,123,39,143,77,155,159,125,175,21,116
359,261,134,57,338,81,337,113,121,142,288,387,605,232,188,197,244,619,350,45,203,336,188,136,224,72,226,160,182,442,501,920,188,329,70,353,330,47,166,351,224,75,270,140,261,326,214,330,116,105
