248,415,231,93,528,98,449,183,177,239,403,497,805,393,317,344,379,829,500,69,302,543,331,207,335,160,365,264,320,617,670,1216,268,505,103,500,492,99,242,447,290,92,340,155,446,430,312,485,172,374
415,167,180,76,469,104,438,126,157,183,360,462,753,282,238,269,333,787,414,50,237,442,232,196,287,113,309,215,186,491,678,1258,217,399,92,417,417,69,201,474,284,90,335,161,347,395,277,468,165,294
231,180,39,33,220,47,196,56,51,67,161,198,345,120,122,118,130,372,214,15,114,221,96,91,147,44,134,91,93,268,266,576,119,178,39,201,221,33,100,207,134,38,180,93,168,184,131,227,68,129
93,76,33,9,80,15,75,35,28,45,81,97,123,58,40,47,59,118,102,12,57,85,61,32,71,22,64,44,51,106,113,213,41,93,23,81,92,11,30,87,55,22,80,29,60,70,52,83,27,58
528,469,220,80,232,114,491,176,156,218,455,591,898,313,278,300,369,886,516,55,301,535,286,226,348,117,365,224,250,611,789,1444,250,485,121,546,477,87,285,517,319,106,378,198,424,490,317,546,194,392
98,104,47,15,114,8,96,33,31,52,101,122,189,77,52,58,78,183,123,15,64,109,78,47,79,23,72,64,61,145,142,304,53,109,31,118,114,16,40,120,78,23,90,35,86,102,85,98,42,82
449,438,196,75,491,96,221,148,166,207,372,516,861,307,242,268,354,886,458,46,270,481,305,193,338,113,344,217,263,626,703,1348,264,425,136,517,454,76,244,526,327,101,368,168,378,433,314,467,177,301
183,126,56,35,176,33,148,24,45,79,131,139,284,105,80,83,108,286,154,20,78,171,94,60,98,37,91,73,89,178,220,438,79,156,40,145,144,21,89,154,87,30,104,54,128,123,104,164,59,105
177,157,51,28,156,31,166,45,31,66,141,201,272,103,96,100,109,289,170,23,108,184,85,74,119,33,108,78,68,213,265,411,79,153,36,152,148,29,67,160,113,32,133,73,148,148,103,167,53,119
239,183,67,45,218,52,207,79,66,28,160,230,353,151,104,116,151,374,232,27,134,218,126,86,157,65,139,111,102,245,317,566,105,196,56,220,226,35,104,221,125,45,169,74,196,192,141,218,85,142
403,360,161,81,455,101,372,131,141,160,180,490,713,282,213,241,325,749,456,60,249,433,236,166,273,108,285,219,214,517,648,1196,206,384,104,463,414,80,202,457,252,89,320,156,349,390,297,436,126,305
497,462,198,97,591,122,516,139,201,230,490,299,1019,374,306,317,421,1001,585,78,326,559,328,209,382,131,367,268,264,694,861,1539,346,518,121,605,490,99,290,629,353,114,416,227,441,492,386,584,214,362
805,753,345,123,898,189,861,284,272,353,713,1019,774,588,509,537,676,1429,946,101,532,927,519,344,587,215,604,461,441,1113,1347,2423,488,810,189,979,790,170,505,990,634,190,661,346,751,824,580,907,326,565
393,282,120,58,313,77,307,105,103,151,282,374,588,90,178,169,203,587,339,36,189,338,204,142,231,86,224,152,164,395,475,943,194,296,94,351,299,41,170,367,220,69,242,107,258,303,218,360,125,211
317,238,122,40,278,52,242,80,96,104,213,306,509,178,68,122,193,485,271,30,146,268,171,99,192,63,168,131,128,314,390,692,152,254,63,265,235,45,125,278,190,51,197,90,225,231,165,268,104,161
344,269,118,47,300,58,268,83,100,116,241,317,537,169,122,87,213,521,296,37,152,295,177,120,180,62,168,135,139,358,437,795,153,293,60,280,273,45,152,300,192,56,230,96,213,244,160,297,98,193
379,333,130,59,369,78,354,108,109,151,325,421,676,203,193,213,129,623,381,38,220,366,180,128,221,78,237,161,168,473,546,978,196,317,88,397,324,64,195,404,274,92,292,114,250,328,207,396,104,237
829,787,372,118,886,183,886,286,289,374,749,1001,1429,587,485,521,623,788,911,104,551,922,537,380,602,207,575,439,445,1114,1330,2475,487,845,198,994,773,159,469,940,606,170,651,354,771,822,547,913,335,596
500,414,214,102,516,123,458,154,170,232,456,585,946,339,271,296,381,911,231,56,283,475,311,207,317,126,319,240,238,635,725,1435,300,493,118,530,453,71,258,528,350,112,377,176,390,465,309,537,179,354
69,50,15,12,55,15,46,20,23,27,60,78,101,36,30,37,38,104,56,4,37,56,31,19,43,11,32,24,24,76,98,190,39,60,10,52,46,18,37,60,39,15,42,31,47,59,45,74,17,45
302,237,114,57,301,64,270,78,108,134,249,326,532,189,146,152,220,551,283,37,70,300,169,103,179,74,187,114,131,318,442,801,161,242,65,269,264,49,128,295,185,52,237,125,212,292,217,303,127,189
543,442,221,85,535,109,481,171,184,218,433,559,927,338,268,295,366,922,475,56,300,279,290,204,323,147,352,272,271,648,741,1388,249,447,126,557,450,97,275,536,337,107,387,192,382,461,358,504,197,320
331,232,96,61,286,78,305,94,85,126,236,328,519,204,171,177,180,537,311,31,169,290,83,117,209,78,188,139,142,367,444,811,132,291,57,317,294,46,151,314,201,64,215,107,245,256,197,341,112,166
207,196,91,32,226,47,193,60,74,86,166,209,344,142,99,120,128,380,207,19,103,204,117,45,131,49,126,107,105,235,296,589,110,182,52,217,209,40,114,237,131,41,150,65,140,167,134,193,69,145
335,287,147,71,348,79,338,98,119,157,273,382,587,231,192,180,221,602,317,43,179,323,209,131,109,64,207,155,173,393,497,910,175,321,97,331,333,52,156,354,211,67,234,126,256,304,213,356,124,219
160,113,44,22,117,23,113,37,33,65,108,131,215,86,63,62,78,207,126,11,74,147,78,49,64,17,59,62,55,153,182,371,58,124,28,119,117,23,72,154,75,23,103,43,102,126,87,126,37,91
365,309,134,64,365,72,344,91,108,139,285,367,604,224,168,168,237,575,319,32,187,352,188,126,207,59,113,164,167,385,518,961,158,332,74,339,330,46,185,394,218,77,269,115,263,350,218,355,102,237
264,215,91,44,224,64,217,73,78,111,219,268,461,152,131,135,161,439,240,24,114,272,139,107,155,62,164,53,121,288,392,702,134,231,54,221,219,33,124,244,144,47,186,75,215,228,147,249,89,167
320,186,93,51,250,61,263,89,68,102,214,264,441,164,128,139,168,445,238,24,131,271,142,105,173,55,167,121,63,322,370,698,141,230,59,275,242,46,138,285,151,48,201,94,198,234,155,252,85,168
617,491,268,106,611,145,626,178,213,245,517,694,1113,395,314,358,473,1114,635,76,318,648,367,235,393,153,385,288,322,402,1007,1876,341,608,148,715,581,126,324,696,422,110,474,263,520,558,393,636,246,407
670,678,266,113,789,142,703,220,265,317,648,861,1347,475,390,437,546,1330,725,98,442,741,444,296,497,182,518,392,370,1007,570,2120,402,729,146,747,704,137,381,811,529,139,553,281,631,731,445,751,259,506
1216,1258,576,213,1444,304,1348,438,411,566,1196,1539,2423,943,692,795,978,2475,1435,190,801,1388,811,589,910,371,961,702,698,1876,2120,1921,740,1310,308,1572,1252,232,716,1521,1017,286,1008,532,1096,1297,842,1439,466,967
268,217,119,41,250,53,264,79,79,105,206,346,488,194,152,153,196,487,300,39,161,249,132,110,175,58,158,134,141,341,402,740,61,232,53,313,232,37,119,308,195,54,184,97,224,229,184,277,97,195
505,399,178,93,485,109,425,156,153,196,384,518,810,296,254,293,317,845,493,60,242,447,291,182,321,124,332,231,230,608,729,1310,232,225,126,487,465,76,242,518,304,104,370,182,389,434,308,483,177,339
103,92,39,23,121,31,136,40,36,56,104,121,189,94,63,60,88,198,118,10,65,126,57,52,97,28,74,54,59,148,146,308,53,126,15,116,120,21,61,138,77,17,94,40,102,100,60,123,41,74
500,417,201,81,546,118,517,145,152,220,463,605,979,351,265,280,397,994,530,52,269,557,317,217,331,119,339,221,275,715,747,1572,313,487,116,264,487,91,255,563,335,114,426,191,423,502,306,567,204,344
492,417,221,92,477,114,454,144,148,226,414,490,790,299,235,273,324,773,453,46,264,450,294,209,333,117,330,219,242,581,704,1252,232,465,120,487,243,89,237,550,304,89,351,182,378,374,331,483,158,311
99,69,33,11,87,16,76,21,29,35,80,99,170,41,45,45,64,159,71,18,49,97,46,40,52,23,46,33,46,126,137,232,37,76,21,91,89,8,37,86,64,16,63,31,68,74,52,86,33,59
242,201,100,30,285,40,244,89,67,104,202,290,505,170,125,152,195,469,258,37,128,275,151,114,156,72,185,124,138,324,381,716,119,242,61,255,237,37,60,268,168,39,195,92,210,221,155,257,96,175
447,474,207,87,517,120,526,154,160,221,457,629,990,367,278,300,404,940,528,60,295,536,314,237,354,154,394,244,285,696,811,1521,308,518,138,563,550,86,268,283,336,120,403,190,436,531,347,561,208,383
290,284,134,55,319,78,327,87,113,125,252,353,634,220,190,192,274,606,350,39,185,337,201,131,211,75,218,144,151,422,529,1017,195,304,77,335,304,64,168,336,110,65,242,129,260,312,212,365,121,202
92,90,38,22,106,23,101,30,32,45,89,114,190,69,51,56,92,170,112,15,52,107,64,41,67,23,77,47,48,110,139,286,54,104,17,114,89,16,39,120,65,13,83,38,82,108,70,117,31,68
340,335,180,80,378,90,368,104,133,169,320,416,661,242,197,230,292,651,377,42,237,387,215,150,234,103,269,186,201,474,553,1008,184,370,94,426,351,63,195,403,242,83,135,141,317,342,236,389,113,254
155,161,93,29,198,35,168,54,73,74,156,227,346,107,90,96,114,354,176,31,125,192,107,65,126,43,115,75,94,263,281,532,97,182,40,191,182,31,92,190,129,38,141,23,155,168,124,183,68,138
446,347,168,60,424,86,378,128,148,196,349,441,751,258,225,213,250,771,390,47,212,382,245,140,256,102,263,215,198,520,631,1096,224,389,102,423,378,68,210,436,260,82,317,155,144,396,283,409,159,268
430,395,184,70,490,102,433,123,148,192,390,492,824,303,231,244,328,822,465,59,292,461,256,167,304,126,350,228,234,558,731,1297,229,434,100,502,374,74,221,531,312,108,342,168,396,204,281,446,155,305
312,277,131,52,317,85,314,104,103,141,297,386,580,218,165,160,207,547,309,45,217,358,197,134,213,87,218,147,155,393,445,842,184,308,60,306,331,52,155,347,212,70,236,124,283,281,96,324,113,191
485,468,227,83,546,98,467,164,167,218,436,584,907,360,268,297,396,913,537,74,303,504,341,193,356,126,355,249,252,636,751,1439,277,483,123,567,483,86,257,561,365,117,389,183,409,446,324,256,184,337
172,165,68,27,194,42,177,59,53,85,126,214,326,125,104,98,104,335,179,17,127,197,112,69,124,37,102,89,85,246,259,466,97,177,41,204,158,33,96,208,121,31,113,68,159,155,113,184,27,110
374,294,129,58,392,82,301,105,119,142,305,362,565,211,161,193,237,596,354,45,189,320,166,145,219,91,237,167,168,407,506,967,195,339,74,344,311,59,175,383,202,68,254,138,268,305,191,337,110,119
