246,447,218,98,483,115,479,178,179,233,411,518,812,376,303,331,345,807,481,67,314,504,358,218,389,133,358,296,336,605,687,1215,251,517,115,533,481,85,242,469,328,120,395,182,442,425,317,468,179,381
447,172,171,79,438,113,411,149,140,177,356,456,765,261,219,236,350,743,430,52,230,422,267,169,271,105,279,209,219,504,654,1219,220,408,106,467,405,57,243,451,300,82,338,170,346,413,267,453,155,294
218,171,31,38,196,44,203,72,79,76,148,230,323,127,107,101,146,372,171,29,123,190,127,81,145,58,129,93,86,250,296,552,103,194,53,205,176,33,91,229,131,24,160,71,168,179,124,197,78,138
98,79,38,6,95,13,87,28,29,39,68,97,157,66,47,52,74,138,74,15,44,94,44,40,57,14,52,51,38,104,130,220,45,73,31,106,73,16,44,98,60,16,60,27,79,69,56,74,28,48
483,438,196,95,236,119,518,161,164,218,429,577,934,335,246,285,358,936,542,66,261,482,305,190,318,129,322,228,267,634,780,1337,264,479,116,521,466,85,276,535,331,127,386,184,403,452,333,519,176,344
115,113,44,13,119,5,103,32,42,55,83,119,190,86,56,68,80,189,102,13,57,102,56,45,67,27,71,69,65,139,168,300,46,96,29,124,79,19,52,137,74,33,79,39,91,83,63,111,49,70
479,411,203,87,518,103,239,159,152,189,370,522,826,302,269,290,349,857,476,68,261,489,280,178,314,119,311,233,253,604,705,1233,205,471,120,517,441,86,235,513,338,104,370,182,408,406,351,488,174,308
178,149,72,28,161,32,159,15,51,54,122,175,285,99,84,97,110,287,176,18,89,158,80,73,95,50,104,82,76,177,214,439,84,129,23,148,140,24,66,159,118,31,118,70,120,136,89,172,56,96
179,140,79,29,164,42,152,51,19,66,144,179,312,97,86,94,114,277,157,20,83,145,99,59,122,40,99,80,78,193,230,468,94,142,44,184,162,29,77,178,118,34,109,59,133,160,122,158,61,111
233,177,76,39,218,55,189,54,66,55,178,235,375,136,101,107,129,394,203,21,113,203,134,101,153,46,124,99,109,246,311,515,95,194,48,216,204,42,96,216,126,31,150,78,166,187,146,192,67,130
411,356,148,68,429,83,370,122,144,178,178,488,773,277,239,255,268,753,417,50,226,394,256,157,315,107,283,212,219,556,595,1165,226,398,106,437,392,88,191,442,244,92,332,151,345,384,278,430,157,286
518,456,230,97,577,119,522,175,179,235,488,284,979,372,297,321,374,995,586,67,313,600,328,232,390,142,381,262,280,675,855,1505,284,535,139,588,547,103,304,610,360,101,427,204,494,526,374,579,204,351
812,765,323,157,934,190,826,285,312,375,773,979,764,616,477,505,704,1430,947,105,483,926,515,393,598,230,609,437,458,1136,1376,2371,461,873,194,991,808,157,456,989,627,194,665,339,686,827,565,960,308,570
376,261,127,66,335,86,302,99,97,136,277,372,616,110,179,183,236,583,353,40,161,347,185,133,228,97,206,140,178,427,535,916,176,301,81,361,287,55,173,382,225,79,270,118,265,310,212,317,117,189
303,219,107,47,246,56,269,84,86,101,239,297,477,179,64,115,184,477,277,32,126,286,162,114,173,70,177,141,136,322,402,773,146,246,72,291,273,47,128,309,165,38,209,82,202,280,185,316,112,189
331,236,101,52,285,68,290,97,94,107,255,321,505,183,115,63,207,535,300,39,121,298,160,117,178,71,174,124,148,382,470,811,171,282,69,323,265,48,124,296,177,51,234,96,230,283,168,316,113,185
345,350,146,74,358,80,349,110,114,129,268,374,704,236,184,207,127,647,351,45,195,337,238,162,256,89,229,179,176,474,578,1031,215,335,84,363,332,66,175,386,255,73,240,153,287,337,238,332,123,257
807,743,372,138,936,189,857,287,277,394,753,995,1430,583,477,535,647,804,903,112,495,895,532,379,592,215,604,424,452,1131,1392,2404,482,823,191,1016,831,160,460,977,636,177,670,328,703,854,543,992,305,608
481,430,171,74,542,102,476,176,157,203,417,586,947,353,277,300,351,903,266,67,287,511,302,182,335,137,352,201,257,674,785,1380,271,474,112,536,455,71,280,544,312,102,404,208,401,494,333,533,187,329
67,52,29,15,66,13,68,18,20,21,50,67,105,40,32,39,45,112,67,3,24,67,35,27,45,16,36,20,39,70,100,178,38,53,11,55,58,12,31,66,40,11,52,21,56,72,31,71,28,43
314,230,123,44,261,57,261,89,83,113,226,313,483,161,126,121,195,495,287,24,68,298,156,113,157,72,181,152,143,341,439,774,155,242,61,273,255,45,126,297,203,59,210,93,222,267,169,285,101,176
504,422,190,94,482,102,489,158,145,203,394,600,926,347,286,298,337,895,511,67,298,255,310,234,312,142,356,207,277,658,774,1424,283,462,115,533,491,81,267,562,338,110,380,210,421,502,332,479,201,342
358,267,127,44,305,56,280,80,99,134,256,328,515,185,162,160,238,532,302,35,156,310,96,121,194,72,187,127,135,348,475,832,158,278,67,321,259,43,149,334,189,55,230,104,224,281,186,302,108,210
218,169,81,40,190,45,178,73,59,101,157,232,393,133,114,117,162,379,182,27,113,234,121,40,121,46,120,90,106,245,330,568,100,189,32,211,186,36,81,217,138,34,151,77,155,163,144,199,67,146
389,271,145,57,318,67,314,95,122,153,315,390,598,228,173,178,256,592,335,45,157,312,194,121,106,82,231,143,182,399,526,927,185,294,74,328,317,49,154,398,208,63,283,141,248,306,220,337,135,232
133,105,58,14,129,27,119,50,40,46,107,142,230,97,70,71,89,215,137,16,72,142,72,46,82,12,78,46,61,171,208,366,70,130,30,129,124,27,55,140,83,23,99,49,104,110,79,127,55,89
358,279,129,52,322,71,311,104,99,124,283,381,609,206,177,174,229,604,352,36,181,356,187,120,231,78,116,137,169,407,529,940,193,331,72,354,327,60,160,373,207,70,266,131,286,311,205,351,126,221
296,209,93,51,228,69,233,82,80,99,212,262,437,140,141,124,179,424,201,20,152,207,127,90,143,46,137,44,126,313,330,604,125,210,47,247,220,33,111,251,140,55,194,78,164,196,132,241,93,167
336,219,86,38,267,65,253,76,78,109,219,280,458,178,136,148,176,452,257,39,143,277,135,106,182,61,169,126,51,314,407,692,118,242,68,270,249,38,126,265,164,58,217,95,197,214,151,250,102,171
605,504,250,104,634,139,604,177,193,246,556,675,1136,427,322,382,474,1131,674,70,341,658,348,245,399,171,407,313,314,359,964,1759,351,597,138,665,625,109,311,711,394,127,484,238,500,605,395,671,228,404
687,654,296,130,780,168,705,214,230,311,595,855,1376,535,402,470,578,1392,785,100,439,774,475,330,526,208,529,330,407,964,571,2118,440,737,184,806,716,117,360,781,506,181,575,287,623,711,505,764,303,486
1215,1219,552,220,1337,300,1233,439,468,515,1165,1505,2371,916,773,811,1031,2404,1380,178,774,1424,832,568,927,366,940,604,692,1759,2118,1822,749,1276,317,1565,1299,245,704,1491,931,269,1039,514,1072,1273,869,1418,482,928
251,220,103,45,264,46,205,84,94,95,226,284,461,176,146,171,215,482,271,38,155,283,158,100,185,70,193,125,118,351,440,749,80,254,75,316,252,44,155,285,173,45,178,98,204,262,176,276,106,183
517,408,194,73,479,96,471,129,142,194,398,535,873,301,246,282,335,823,474,53,242,462,278,189,294,130,331,210,242,597,737,1276,254,203,113,498,419,80,227,538,346,117,367,179,353,439,275,483,159,305
115,106,53,31,116,29,120,23,44,48,106,139,194,81,72,69,84,191,112,11,61,115,67,32,74,30,72,47,68,138,184,317,75,113,8,124,96,23,51,115,94,18,83,32,104,104,82,119,39,78
533,467,205,106,521,124,517,148,184,216,437,588,991,361,291,323,363,1016,536,55,273,533,321,211,328,129,354,247,270,665,806,1565,316,498,124,278,508,89,276,557,376,124,414,217,384,513,313,568,197,372
481,405,176,73,466,79,441,140,162,204,392,547,808,287,273,265,332,831,455,58,255,491,259,186,317,124,327,220,249,625,716,1299,252,419,96,508,225,94,239,507,308,91,356,173,381,415,282,461,189,302
85,57,33,16,85,19,86,24,29,42,88,103,157,55,47,48,66,160,71,12,45,81,43,36,49,27,60,33,38,109,117,245,44,80,23,89,94,2,36,92,60,18,80,33,65,72,53,97,34,55
242,243,91,44,276,52,235,66,77,96,191,304,456,173,128,124,175,460,280,31,126,267,149,81,154,55,160,111,126,311,360,704,155,227,51,276,239,36,59,278,177,58,200,99,176,234,158,262,88,170
469,451,229,98,535,137,513,159,178,216,442,610,989,382,309,296,386,977,544,66,297,562,334,217,398,140,373,251,265,711,781,1491,285,538,115,557,507,92,278,288,332,114,407,197,429,481,337,531,187,350
328,300,131,60,331,74,338,118,118,126,244,360,627,225,165,177,255,636,312,40,203,338,189,138,208,83,207,140,164,394,506,931,173,346,94,376,308,60,177,332,114,68,269,121,266,278,225,345,126,196
120,82,24,16,127,33,104,31,34,31,92,101,194,79,38,51,73,177,102,11,59,110,55,34,63,23,70,55,58,127,181,269,45,117,18,124,91,18,58,114,68,12,74,39,92,108,60,112,33,63
395,338,160,60,386,79,370,118,109,150,332,427,665,270,209,234,240,670,404,52,210,380,230,151,283,99,266,194,217,484,575,1039,178,367,83,414,356,80,200,407,269,74,155,154,289,345,254,409,127,263
182,170,71,27,184,39,182,70,59,78,151,204,339,118,82,96,153,328,208,21,93,210,104,77,141,49,131,78,95,238,287,514,98,179,32,217,173,33,99,197,121,39,154,37,146,164,134,199,62,151
442,346,168,79,403,91,408,120,133,166,345,494,686,265,202,230,287,703,401,56,222,421,224,155,248,104,286,164,197,500,623,1072,204,353,104,384,381,65,176,429,266,92,289,146,168,357,280,435,151,290
425,413,179,69,452,83,406,136,160,187,384,526,827,310,280,283,337,854,494,72,267,502,281,163,306,110,311,196,214,605,711,1273,262,439,104,513,415,72,234,481,278,108,345,164,357,205,295,455,177,279
317,267,124,56,333,63,351,89,122,146,278,374,565,212,185,168,238,543,333,31,169,332,186,144,220,79,205,132,151,395,505,869,176,275,82,313,282,53,158,337,225,60,254,134,280,295,122,340,126,210
468,453,197,74,519,111,488,172,158,192,430,579,960,317,316,316,332,992,533,71,285,479,302,199,337,127,351,241,250,671,764,1418,276,483,119,568,461,97,262,531,345,112,409,199,435,455,340,260,191,358
179,155,78,28,176,49,174,56,61,67,157,204,308,117,112,113,123,305,187,28,101,201,108,67,135,55,126,93,102,228,303,482,106,159,39,197,189,34,88,187,126,33,127,62,151,177,126,191,31,138
381,294,138,48,344,70,308,96,111,130,286,351,570,189,189,185,257,608,329,43,176,342,210,146,232,89,221,167,171,404,486,928,183,305,78,372,302,55,170,350,196,63,263,151,290,279,210,358,138,107
