243,427,205,91,458,105,450,160,170,228,419,475,780,392,284,318,328,821,474,67,324,472,360,203,359,181,374,264,306,583,734,1204,248,466,112,461,492,89,239,456,281,100,372,186,445,388,328,469,173,369
427,204,181,82,476,88,445,137,130,171,379,453,745,296,249,252,312,739,441,43,249,436,249,171,270,92,278,199,220,582,659,1210,230,404,106,427,416,72,218,495,281,109,314,180,367,395,258,480,175,282
205,181,39,38,175,48,189,65,67,71,183,237,355,123,102,94,133,345,198,21,106,205,123,82,164,47,130,62,100,219,300,554,94,157,37,216,187,36,82,220,119,46,150,75,153,170,116,201,66,121
91,82,38,4,81,18,76,19,35,38,86,90,154,50,53,53,67,133,87,11,34,79,55,29,66,17,56,51,42,119,115,213,44,60,15,80,79,10,43,90,58,14,65,33,70,78,53,87,19,55
458,476,175,81,264,105,485,170,174,212,431,572,931,345,261,305,398,893,543,70,273,512,294,198,323,135,338,228,254,671,822,1409,250,453,119,553,500,90,284,515,324,102,410,183,402,480,318,498,174,335
105,88,48,18,105,10,102,28,26,47,100,114,205,69,69,60,85,180,119,17,52,107,75,44,88,23,72,62,55,157,170,298,64,89,20,113,104,19,43,116,75,19,75,38,107,108,67,124,35,86
450,445,189,76,485,102,218,154,146,222,418,529,831,290,268,271,358,826,516,62,267,483,280,182,345,98,321,237,240,578,737,1222,244,411,96,489,414,85,253,546,333,109,359,175,396,448,289,507,159,318
160,137,65,19,170,28,154,29,58,69,123,195,289,106,84,78,119,267,147,17,100,150,103,60,91,41,99,73,83,194,281,429,92,136,33,136,154,14,73,194,105,36,118,49,132,135,109,167,74,102
170,130,67,35,174,26,146,58,26,72,145,173,316,111,94,94,120,304,167,14,73,177,90,62,113,44,107,66,82,200,254,459,89,142,37,149,167,34,81,160,100,34,115,63,138,164,116,177,60,110
228,171,71,38,212,47,222,69,72,46,181,217,371,137,127,127,135,368,216,20,124,233,116,98,147,67,144,97,106,273,324,564,112,207,56,199,208,34,104,246,144,46,152,77,192,225,154,218,77,135
419,379,183,86,431,100,418,123,145,181,186,475,775,279,242,255,272,762,445,58,235,461,268,174,276,127,288,226,212,530,603,1098,226,384,94,420,444,72,214,442,280,100,330,164,356,403,294,442,158,288
475,453,237,90,572,114,529,195,173,217,475,301,1007,334,282,305,413,994,560,59,304,552,305,233,323,144,354,271,279,685,883,1523,279,548,128,604,494,106,279,577,366,118,425,217,438,485,320,554,200,348
780,745,355,154,931,205,831,289,316,371,775,1007,822,568,514,520,674,1388,915,107,526,893,528,337,578,244,603,455,436,1084,1341,2383,494,848,194,939,823,157,481,965,564,207,635,315,715,785,573,935,346,638
392,296,123,50,345,69,290,106,111,137,279,334,568,98,197,185,233,556,346,31,164,317,193,127,199,78,229,150,142,428,484,891,184,273,70,328,272,58,175,380,221,61,254,134,243,308,213,353,116,189
284,249,102,53,261,69,268,84,94,127,242,282,514,197,69,144,183,498,246,36,144,246,172,122,188,70,183,127,147,368,409,749,160,271,56,278,268,37,129,316,189,58,210,104,227,229,160,250,113,190
318,252,94,53,305,60,271,78,94,127,255,305,520,185,144,87,207,524,278,30,147,279,165,120,196,60,187,138,135,372,439,796,159,281,59,299,270,42,135,330,178,58,250,126,232,252,181,293,113,173
328,312,133,67,398,85,358,119,120,135,272,413,674,233,183,207,111,655,328,35,199,307,223,147,235,108,240,177,169,450,557,953,174,374,84,349,353,66,153,414,236,74,272,145,301,335,230,385,142,239
821,739,345,133,893,180,826,267,304,368,762,994,1388,556,498,524,655,756,883,106,496,847,506,321,574,220,584,440,415,1053,1336,2409,485,784,204,967,760,136,468,965,599,195,641,332,699,796,568,918,332,607
474,441,198,87,543,119,516,147,167,216,445,560,915,346,246,278,328,883,281,53,278,514,305,216,352,126,363,232,250,624,804,1415,275,451,127,512,440,86,253,559,320,107,396,202,386,472,382,487,199,353
67,43,21,11,70,17,62,17,14,20,58,59,107,31,36,30,35,106,53,2,41,67,38,20,49,16,37,22,35,74,109,174,41,51,11,67,51,14,35,64,40,16,51,15,48,67,43,73,21,42
324,249,106,34,273,52,267,100,73,124,235,304,526,164,144,147,199,496,278,41,67,269,154,112,179,79,205,132,135,322,413,771,143,246,46,281,262,66,155,314,166,59,226,98,210,265,142,303,117,174
472,436,205,79,512,107,483,150,177,233,461,552,893,317,246,279,307,847,514,67,269,272,315,207,338,117,346,243,237,656,759,1423,271,471,113,547,445,98,251,568,338,103,384,196,392,527,341,545,194,326
360,249,123,55,294,75,280,103,90,116,268,305,528,193,172,165,223,506,305,38,154,315,84,118,205,73,198,126,160,376,442,851,155,306,68,328,287,55,154,344,213,61,220,110,227,282,190,285,107,193
203,171,82,29,198,44,182,60,62,98,174,233,337,127,122,120,147,321,216,20,112,207,118,32,137,45,118,91,105,239,323,582,113,183,51,206,184,45,103,225,136,32,146,74,147,212,119,207,72,149
359,270,164,66,323,88,345,91,113,147,276,323,578,199,188,196,235,574,352,49,179,338,205,137,118,74,217,145,179,419,524,886,190,322,70,341,320,45,171,366,231,92,259,129,257,334,176,377,120,217
181,92,47,17,135,23,98,41,44,67,127,144,244,78,70,60,108,220,126,16,79,117,73,45,74,19,71,61,69,150,203,343,69,104,24,127,126,20,60,140,95,28,87,36,94,123,90,132,42,94
374,278,130,56,338,72,321,99,107,144,288,354,603,229,183,187,240,584,363,37,205,346,198,118,217,71,115,146,185,416,487,952,169,289,58,358,316,55,169,339,215,63,277,107,258,314,202,350,109,227
264,199,62,51,228,62,237,73,66,97,226,271,455,150,127,138,177,440,232,22,132,243,126,91,145,61,146,56,126,266,386,692,142,233,54,235,246,32,128,261,166,53,203,83,184,229,143,257,88,168
306,220,100,42,254,55,240,83,82,106,212,279,436,142,147,135,169,415,250,35,135,237,160,105,179,69,185,126,70,294,382,742,154,225,46,268,248,37,134,280,191,50,190,92,182,215,158,284,84,162
583,582,219,119,671,157,578,194,200,273,530,685,1084,428,368,372,450,1053,624,74,322,656,376,239,419,150,416,266,294,411,956,1691,373,528,142,669,582,116,335,694,395,138,474,235,521,572,394,632,240,413
734,659,300,115,822,170,737,281,254,324,603,883,1341,484,409,439,557,1336,804,109,413,759,442,323,524,203,487,386,382,956,567,1977,379,726,177,813,707,121,401,801,497,138,562,282,613,657,514,766,291,482
1204,1210,554,213,1409,298,1222,429,459,564,1098,1523,2383,891,749,796,953,2409,1415,174,771,1423,851,582,886,343,952,692,742,1691,1977,1848,695,1282,316,1399,1170,225,706,1460,937,293,1065,498,1116,1249,888,1373,461,863
248,230,94,44,250,64,244,92,89,112,226,279,494,184,160,159,174,485,275,41,143,271,155,113,190,69,169,142,154,373,379,695,63,268,63,290,241,41,128,297,186,51,203,88,239,248,154,265,98,165
466,404,157,60,453,89,411,136,142,207,384,548,848,273,271,281,374,784,451,51,246,471,306,183,322,104,289,233,225,528,726,1282,268,206,105,511,415,72,222,513,311,103,374,165,411,455,296,476,154,346
112,106,37,15,119,20,96,33,37,56,94,128,194,70,56,59,84,204,127,11,46,113,68,51,70,24,58,54,46,142,177,316,63,105,13,121,105,17,49,143,86,19,96,45,96,93,70,112,50,59
461,427,216,80,553,113,489,136,149,199,420,604,939,328,278,299,349,967,512,67,281,547,328,206,341,127,358,235,268,669,813,1399,290,511,121,282,459,91,233,582,337,101,408,194,405,475,365,543,183,344
492,416,187,79,500,104,414,154,167,208,444,494,823,272,268,270,353,760,440,51,262,445,287,184,320,126,316,246,248,582,707,1170,241,415,105,459,188,86,213,496,320,76,339,187,380,416,292,489,142,308
89,72,36,10,90,19,85,14,34,34,72,106,157,58,37,42,66,136,86,14,66,98,55,45,45,20,55,32,37,116,121,225,41,72,17,91,86,4,43,80,45,18,70,33,74,68,48,96,30,47
239,218,82,43,284,43,253,73,81,104,214,279,481,175,129,135,153,468,253,35,155,251,154,103,171,60,169,128,134,335,401,706,128,222,49,233,213,43,65,256,158,63,194,113,210,233,164,243,110,135
456,495,220,90,515,116,546,194,160,246,442,577,965,380,316,330,414,965,559,64,314,568,344,225,366,140,339,261,280,694,801,1460,297,513,143,582,496,80,256,308,363,93,402,214,450,522,331,576,207,386
281,281,119,58,324,75,333,105,100,144,280,366,564,221,189,178,236,599,320,40,166,338,213,136,231,95,215,166,191,395,497,937,186,311,86,337,320,45,158,363,108,68,237,122,253,294,192,316,132,238
100,109,46,14,102,19,109,36,34,46,100,118,207,61,58,58,74,195,107,16,59,103,61,32,92,28,63,53,50,138,138,293,51,103,19,101,76,18,63,93,68,14,96,38,88,82,82,85,40,72
372,314,150,65,410,75,359,118,115,152,330,425,635,254,210,250,272,641,396,51,226,384,220,146,259,87,277,203,190,474,562,1065,203,374,96,408,339,70,194,402,237,96,120,149,301,337,245,404,123,271
186,180,75,33,183,38,175,49,63,77,164,217,315,134,104,126,145,332,202,15,98,196,110,74,129,36,107,83,92,235,282,498,88,165,45,194,187,33,113,214,122,38,149,38,164,160,89,204,61,116
445,367,153,70,402,107,396,132,138,192,356,438,715,243,227,232,301,699,386,48,210,392,227,147,257,94,258,184,182,521,613,1116,239,411,96,405,380,74,210,450,253,88,301,164,145,395,247,439,140,273
388,395,170,78,480,108,448,135,164,225,403,485,785,308,229,252,335,796,472,67,265,527,282,212,334,123,314,229,215,572,657,1249,248,455,93,475,416,68,233,522,294,82,337,160,395,194,306,486,167,353
328,258,116,53,318,67,289,109,116,154,294,320,573,213,160,181,230,568,382,43,142,341,190,119,176,90,202,143,158,394,514,888,154,296,70,365,292,48,164,331,192,82,245,89,247,306,92,316,101,204
469,480,201,87,498,124,507,167,177,218,442,554,935,353,250,293,385,918,487,73,303,545,285,207,377,132,350,257,284,632,766,1373,265,476,112,543,489,96,243,576,316,85,404,204,439,486,316,264,198,341
173,175,66,19,174,35,159,74,60,77,158,200,346,116,113,113,142,332,199,21,117,194,107,72,120,42,109,88,84,240,291,461,98,154,50,183,142,30,110,207,132,40,123,61,140,167,101,198,34,109
369,282,121,55,335,86,318,102,110,135,288,348,638,189,190,173,239,607,353,42,174,326,193,149,217,94,227,168,162,413,482,863,165,346,59,344,308,47,135,386,238,72,271,116,273,353,204,341,109,97
