269,427,203,91,499,114,485,183,185,250,431,546,829,359,321,360,371,834,468,69,358,535,338,237,365,146,364,298,279,598,714,1224,263,504,118,511,528,89,251,449,296,112,369,171,433,438,326,472,160,394
427,191,157,63,451,86,410,142,158,157,381,466,785,293,237,251,323,825,444,48,224,461,248,174,271,94,274,186,212,513,690,1228,225,380,110,421,413,62,219,455,298,87,332,166,347,399,264,457,156,300
203,157,40,31,170,45,180,55,64,81,164,210,384,121,99,115,146,371,220,18,105,214,112,79,100,51,121,90,87,256,370,637,116,183,53,207,190,23,88,212,146,32,173,84,136,215,104,212,84,131
91,63,31,7,68,18,83,29,29,42,76,78,138,59,52,59,64,161,92,9,52,73,57,32,56,27,58,41,47,111,128,208,54,77,15,74,90,10,41,92,49,16,55,27,65,63,56,78,27,69
499,451,170,68,271,92,500,160,159,216,428,574,926,317,287,295,378,908,538,65,275,532,300,206,346,132,352,239,269,630,793,1467,262,452,108,558,467,96,271,563,354,99,383,200,414,448,319,569,189,335
114,86,45,18,92,10,110,38,33,49,97,118,197,71,58,63,95,202,113,19,79,105,69,45,72,35,70,47,59,131,174,306,66,103,24,118,116,19,59,133,67,25,76,50,93,85,72,104,36,79
485,410,180,83,500,110,238,156,160,194,425,537,893,348,266,297,377,910,508,60,283,524,287,187,308,125,315,194,240,595,733,1334,282,463,111,493,455,78,263,498,314,107,396,204,392,434,336,479,172,321
183,142,55,29,160,38,156,18,43,70,133,169,261,103,80,98,116,269,140,25,98,150,114,64,103,43,121,67,88,186,224,422,77,129,38,160,152,31,66,164,110,43,109,48,121,145,85,166,54,109
185,158,64,29,159,33,160,43,24,65,114,192,315,103,81,96,116,306,166,19,81,193,94,61,101,52,110,75,77,217,258,493,78,144,35,189,143,25,69,185,99,31,138,57,124,146,109,162,70,101
250,157,81,42,216,49,194,70,65,43,156,261,357,152,118,141,137,380,207,24,125,201,121,74,141,55,144,106,104,260,275,573,115,224,43,210,189,40,110,175,139,44,159,90,173,181,125,212,70,120
431,381,164,76,428,97,425,133,114,156,167,513,825,275,234,269,298,785,412,65,246,426,229,157,269,107,280,197,207,582,638,1193,228,425,112,445,437,69,208,420,278,80,333,153,341,394,286,431,175,274
546,466,210,78,574,118,537,169,192,261,513,321,1048,369,277,313,449,1044,529,67,302,542,323,238,361,143,372,279,259,711,850,1625,319,559,126,610,501,108,296,609,356,120,434,204,450,530,343,585,217,377
829,785,384,138,926,197,893,261,315,357,825,1048,807,602,461,476,704,1425,969,115,533,971,519,369,563,243,650,407,446,1159,1394,2466,482,884,184,1002,843,156,473,974,606,215,664,355,726,839,566,993,307,612
359,293,121,59,317,71,348,103,103,152,275,369,602,113,200,202,240,604,340,29,166,333,204,132,212,66,205,153,162,429,462,921,203,300,78,350,289,57,189,329,208,82,267,118,263,286,213,365,118,213
321,237,99,52,287,58,266,80,81,118,234,277,461,200,67,142,194,429,286,44,149,283,144,99,172,78,204,128,116,356,408,728,138,285,59,257,239,37,125,269,157,40,212,78,211,216,150,272,102,181
360,251,115,59,295,63,297,98,96,141,269,313,476,202,142,85,174,486,294,34,146,309,153,106,174,78,207,122,126,347,439,829,144,298,65,274,273,54,146,311,185,59,246,95,232,273,170,315,103,214
371,323,146,64,378,95,377,116,116,137,298,449,704,240,194,174,134,651,349,52,194,394,240,172,244,100,276,147,189,471,547,1014,190,353,79,369,363,59,198,389,242,82,265,139,300,345,236,389,142,240
834,825,371,161,908,202,910,269,306,380,785,1044,1425,604,429,486,651,778,954,132,510,934,492,358,545,269,656,405,431,1135,1409,2525,455,856,173,1033,818,133,423,981,573,190,684,344,678,838,526,966,317,631
468,444,220,92,538,113,508,140,166,207,412,529,969,340,286,294,349,954,234,63,258,462,294,213,324,127,327,263,227,630,768,1416,297,496,111,474,498,95,254,563,357,87,392,219,414,422,321,543,203,342
69,48,18,9,65,19,60,25,19,24,65,67,115,29,44,34,52,132,63,3,19,68,42,27,55,16,44,24,31,79,95,204,35,52,18,64,57,10,41,74,39,8,51,23,64,54,38,53,39,50
358,224,105,52,275,79,283,98,81,125,246,302,533,166,149,146,194,510,258,19,76,266,135,99,174,63,175,117,128,332,396,812,171,280,56,306,258,34,136,296,180,55,234,78,217,248,160,337,103,211
535,461,214,73,532,105,524,150,193,201,426,542,971,333,283,309,394,934,462,68,266,253,313,216,332,116,346,244,257,651,763,1397,278,507,110,516,475,86,271,575,332,92,408,216,417,425,340,554,196,366
338,248,112,57,300,69,287,114,94,121,229,323,519,204,144,153,240,492,294,42,135,313,107,130,196,89,220,134,150,382,470,813,173,290,67,329,273,43,175,312,177,49,196,124,239,260,190,295,128,196
237,174,79,32,206,45,187,64,61,74,157,238,369,132,99,106,172,358,213,27,99,216,130,34,119,41,136,88,90,247,296,528,107,183,50,214,182,27,120,213,149,52,153,86,164,193,114,211,83,152
365,271,100,56,346,72,308,103,101,141,269,361,563,212,172,174,244,545,324,55,174,332,196,119,96,78,204,167,177,431,494,901,199,328,64,334,299,50,169,345,230,55,227,116,239,334,212,341,119,216
146,94,51,27,132,35,125,43,52,55,107,143,243,66,78,78,100,269,127,16,63,116,89,41,78,15,80,53,65,162,208,374,57,112,28,133,108,24,70,138,80,29,103,45,106,107,78,142,51,89
364,274,121,58,352,70,315,121,110,144,280,372,650,205,204,207,276,656,327,44,175,346,220,136,204,80,125,155,178,442,500,977,185,285,78,346,319,64,193,410,240,66,256,134,282,310,205,354,124,224
298,186,90,41,239,47,194,67,75,106,197,279,407,153,128,122,147,405,263,24,117,244,134,88,167,53,155,55,123,302,397,699,147,211,60,246,220,45,125,256,175,57,179,103,190,215,140,242,88,163
279,212,87,47,269,59,240,88,77,104,207,259,446,162,116,126,189,431,227,31,128,257,150,90,177,65,178,123,63,329,403,694,140,234,56,263,229,48,131,247,151,63,180,86,211,243,165,271,80,166
598,513,256,111,630,131,595,186,217,260,582,711,1159,429,356,347,471,1135,630,79,332,651,382,247,431,162,442,302,329,404,935,1838,345,589,136,624,606,115,300,653,427,139,477,232,522,631,398,678,269,441
714,690,370,128,793,174,733,224,258,275,638,850,1394,462,408,439,547,1409,768,95,396,763,470,296,494,208,500,397,403,935,572,2114,400,739,178,831,727,126,382,889,509,159,619,305,600,665,446,782,299,508
1224,1228,637,208,1467,306,1334,422,493,573,1193,1625,2466,921,728,829,1014,2525,1416,204,812,1397,813,528,901,374,977,699,694,1838,2114,1983,697,1335,322,1510,1303,238,749,1485,959,290,1091,564,1109,1332,906,1452,506,908
263,225,116,54,262,66,282,77,78,115,228,319,482,203,138,144,190,455,297,35,171,278,173,107,199,57,185,147,140,345,400,697,57,265,61,348,287,40,136,273,176,59,187,95,218,252,176,277,91,196
504,380,183,77,452,103,463,129,144,224,425,559,884,300,285,298,353,856,496,52,280,507,290,183,328,112,285,211,234,589,739,1335,265,225,106,522,443,79,258,539,340,93,338,195,420,426,285,492,200,361
118,110,53,15,108,24,111,38,35,43,112,126,184,78,59,65,79,173,111,18,56,110,67,50,64,28,78,60,56,136,178,322,61,106,10,147,125,18,58,96,76,23,85,41,91,112,81,116,34,75
511,421,207,74,558,118,493,160,189,210,445,610,1002,350,257,274,369,1033,474,64,306,516,329,214,334,133,346,246,263,624,831,1510,348,522,147,273,497,84,281,571,351,98,380,200,425,540,308,534,202,359
528,413,190,90,467,116,455,152,143,189,437,501,843,289,239,273,363,818,498,57,258,475,273,182,299,108,319,220,229,606,727,1303,287,443,125,497,219,86,259,493,291,118,361,192,386,402,282,473,179,313
89,62,23,10,96,19,78,31,25,40,69,108,156,57,37,54,59,133,95,10,34,86,43,27,50,24,64,45,48,115,126,238,40,79,18,84,86,3,53,82,48,16,82,34,58,79,42,72,26,55
251,219,88,41,271,59,263,66,69,110,208,296,473,189,125,146,198,423,254,41,136,271,175,120,169,70,193,125,131,300,382,749,136,258,58,281,259,53,55,282,164,48,185,98,206,218,150,239,105,187
449,455,212,92,563,133,498,164,185,175,420,609,974,329,269,311,389,981,563,74,296,575,312,213,345,138,410,256,247,653,889,1485,273,539,96,571,493,82,282,313,327,116,413,210,412,504,342,532,196,372
296,298,146,49,354,67,314,110,99,139,278,356,606,208,157,185,242,573,357,39,180,332,177,149,230,80,240,175,151,427,509,959,176,340,76,351,291,48,164,327,107,73,253,135,256,318,207,362,135,212
112,87,32,16,99,25,107,43,31,44,80,120,215,82,40,59,82,190,87,8,55,92,49,52,55,29,66,57,63,139,159,290,59,93,23,98,118,16,48,116,73,9,76,50,85,84,59,115,36,87
369,332,173,55,383,76,396,109,138,159,333,434,664,267,212,246,265,684,392,51,234,408,196,153,227,103,256,179,180,477,619,1091,187,338,85,380,361,82,185,413,253,76,147,146,279,379,252,377,133,250
171,166,84,27,200,50,204,48,57,90,153,204,355,118,78,95,139,344,219,23,78,216,124,86,116,45,134,103,86,232,305,564,95,195,41,200,192,34,98,210,135,50,146,40,145,176,122,188,78,145
433,347,136,65,414,93,392,121,124,173,341,450,726,263,211,232,300,678,414,64,217,417,239,164,239,106,282,190,211,522,600,1109,218,420,91,425,386,58,206,412,256,85,279,145,167,363,264,399,156,300
438,399,215,63,448,85,434,145,146,181,394,530,839,286,216,273,345,838,422,54,248,425,260,193,334,107,310,215,243,631,665,1332,252,426,112,540,402,79,218,504,318,84,379,176,363,185,305,482,173,337
326,264,104,56,319,72,336,85,109,125,286,343,566,213,150,170,236,526,321,38,160,340,190,114,212,78,205,140,165,398,446,906,176,285,81,308,282,42,150,342,207,59,252,122,264,305,91,352,125,219
472,457,212,78,569,104,479,166,162,212,431,585,993,365,272,315,389,966,543,53,337,554,295,211,341,142,354,242,271,678,782,1452,277,492,116,534,473,72,239,532,362,115,377,188,399,482,352,266,170,363
160,156,84,27,189,36,172,54,70,70,175,217,307,118,102,103,142,317,203,39,103,196,128,83,119,51,124,88,80,269,299,506,91,200,34,202,179,26,105,196,135,36,133,78,156,173,125,170,26,120
394,300,131,69,335,79,321,109,101,120,274,377,612,213,181,214,240,631,342,50,211,366,196,152,216,89,224,163,166,441,508,908,196,361,75,359,313,55,187,372,212,87,250,145,300,337,219,363,120,109
