253,469,209,106,495,136,459,181,152,243,460,488,838,357,318,340,362,811,465,63,329,451,338,214,374,162,372,242,291,550,677,1180,224,518,104,458,481,97,273,464,299,124,364,182,441,424,340,497,157,365
469,192,178,71,446,108,413,134,146,195,390,486,757,266,218,232,302,780,444,49,230,434,250,175,269,106,287,192,205,545,687,1208,242,403,89,447,398,67,219,476,281,91,321,176,338,408,233,434,161,310
209,178,48,32,192,48,191,59,56,73,165,237,340,134,101,132,133,342,190,23,103,201,122,84,120,40,128,86,97,233,295,541,107,182,40,189,190,41,87,202,129,41,130,84,175,172,115,205,77,137
106,71,32,3,77,17,80,31,20,36,75,90,147,74,40,48,60,159,98,9,56,100,50,34,66,16,45,41,42,119,129,208,35,80,15,93,72,10,55,83,51,18,78,27,76,58,58,84,25,54
495,446,192,77,265,106,467,158,162,226,446,539,888,326,264,276,382,895,492,58,297,506,280,184,330,140,337,260,248,636,753,1385,280,466,101,524,479,80,243,531,319,104,353,172,403,471,315,541,181,320
136,108,48,17,106,11,86,33,27,50,90,113,186,76,52,74,84,196,114,9,62,114,66,44,73,17,70,60,57,146,177,289,66,116,17,122,106,15,58,123,66,23,91,57,90,95,76,97,35,80
459,413,191,80,467,86,213,154,156,222,426,540,864,316,237,317,360,824,504,46,281,495,268,191,290,115,285,238,244,571,733,1348,263,450,105,489,466,86,269,539,319,95,362,203,373,426,305,475,166,353
181,134,59,31,158,33,154,25,50,74,147,179,326,101,85,97,111,294,153,17,95,158,107,69,101,36,107,60,80,186,232,458,84,138,38,173,147,28,83,145,95,29,143,53,145,141,87,156,65,94
152,146,56,20,162,27,156,50,22,74,156,188,318,86,87,89,126,300,161,21,85,175,97,75,116,51,103,88,77,221,254,451,97,155,41,157,160,39,86,180,114,38,118,59,152,154,100,147,69,102
243,195,73,36,226,50,222,74,74,51,170,246,374,147,115,132,161,401,202,22,122,233,147,87,145,68,174,85,99,282,318,588,114,216,57,235,179,32,124,205,150,51,161,73,163,182,144,233,72,166
460,390,165,75,446,90,426,147,156,170,173,447,764,282,229,280,334,766,410,55,232,468,270,153,281,118,300,207,224,549,639,1168,217,435,99,480,405,69,222,446,282,95,320,149,322,385,262,445,137,301
488,486,237,90,539,113,540,179,188,246,447,313,1003,351,308,346,424,1057,560,66,299,565,356,241,379,142,370,260,297,676,790,1526,314,506,149,612,546,108,311,606,337,110,393,201,456,503,359,566,210,394
838,757,340,147,888,186,864,326,318,374,764,1003,791,606,457,542,656,1431,900,90,458,933,534,390,588,227,599,427,479,1167,1316,2361,456,852,214,976,858,159,501,956,558,187,643,350,726,809,552,936,330,648
357,266,134,74,326,76,316,101,86,147,282,351,606,93,168,194,272,607,357,40,188,337,165,118,199,84,216,146,165,396,453,950,163,316,74,365,311,41,161,364,235,58,274,121,235,287,200,377,116,232
318,218,101,40,264,52,237,85,87,115,229,308,457,168,66,150,211,474,266,26,142,281,151,104,181,58,184,132,143,304,403,741,158,231,55,277,254,45,140,263,186,67,210,109,206,240,160,282,81,197
340,232,132,48,276,74,317,97,89,132,280,346,542,194,150,86,195,542,286,26,159,307,168,117,197,59,184,135,139,329,459,859,167,266,69,291,294,44,145,349,191,62,246,115,235,258,187,337,111,201
362,302,133,60,382,84,360,111,126,161,334,424,656,272,211,195,121,657,395,45,221,382,207,146,259,87,250,160,186,460,515,952,179,368,77,358,361,68,185,393,248,97,306,128,299,342,243,382,134,247
811,780,342,159,895,196,824,294,300,401,766,1057,1431,607,474,542,657,785,899,91,499,976,555,375,613,250,612,449,496,1075,1341,2398,481,858,193,956,860,153,434,966,569,196,670,344,718,828,575,909,316,613
465,444,190,98,492,114,504,153,161,202,410,560,900,357,266,286,395,899,243,74,274,465,306,218,335,134,369,215,264,610,734,1424,281,487,112,554,489,80,250,541,328,96,388,174,407,423,340,530,176,345
63,49,23,9,58,9,46,17,21,22,55,66,90,40,26,26,45,91,74,3,31,63,43,28,39,18,46,24,37,74,88,183,31,49,14,69,57,8,21,60,33,14,49,21,46,37,32,77,23,37
329,230,103,56,297,62,281,95,85,122,232,299,458,188,142,159,221,499,274,31,63,281,140,115,167,72,171,120,142,353,416,762,140,262,67,293,236,33,152,278,172,70,216,97,212,238,172,278,93,185
451,434,201,100,506,114,495,158,175,233,468,565,933,337,281,307,382,976,465,63,281,239,306,209,340,138,348,241,267,605,720,1448,284,458,109,526,487,64,249,552,328,100,397,177,388,407,352,536,185,375
338,250,122,50,280,66,268,107,97,147,270,356,534,165,151,168,207,555,306,43,140,306,89,107,182,68,190,148,139,352,402,841,147,267,71,298,277,48,158,333,227,52,242,97,199,277,174,280,103,193
214,175,84,34,184,44,191,69,75,87,153,241,390,118,104,117,146,375,218,28,115,209,107,33,123,46,122,105,97,255,313,563,98,193,43,222,192,37,102,221,141,44,155,92,147,181,128,213,70,148
374,269,120,66,330,73,290,101,116,145,281,379,588,199,181,197,259,613,335,39,167,340,182,123,111,57,175,166,163,443,460,915,214,287,70,355,289,50,163,332,218,59,263,128,255,335,198,311,126,238
162,106,40,16,140,17,115,36,51,68,118,142,227,84,58,59,87,250,134,18,72,138,68,46,57,11,64,50,68,153,190,380,68,108,29,131,108,31,64,152,96,26,115,47,94,124,69,133,49,97
372,287,128,45,337,70,285,107,103,174,300,370,599,216,184,184,250,612,369,46,171,348,190,122,175,64,105,163,170,399,517,982,175,324,66,342,293,50,184,395,232,77,268,127,248,325,193,345,106,255
242,192,86,41,260,60,238,60,88,85,207,260,427,146,132,135,160,449,215,24,120,241,148,105,166,50,163,68,112,284,333,676,119,226,58,224,254,44,104,246,145,50,175,85,194,237,142,256,89,150
291,205,97,42,248,57,244,80,77,99,224,297,479,165,143,139,186,496,264,37,142,267,139,97,163,68,170,112,46,317,386,699,135,238,57,242,255,36,120,302,168,61,212,95,185,243,149,285,101,163
550,545,233,119,636,146,571,186,221,282,549,676,1167,396,304,329,460,1075,610,74,353,605,352,255,443,153,399,284,317,394,924,1824,347,582,138,649,573,108,285,692,396,136,493,217,479,571,366,654,236,421
677,687,295,129,753,177,733,232,254,318,639,790,1316,453,403,459,515,1341,734,88,416,720,402,313,460,190,517,333,386,924,564,2033,365,665,173,782,704,116,402,823,498,175,560,283,629,654,484,771,271,506
1180,1208,541,208,1385,289,1348,458,451,588,1168,1526,2361,950,741,859,952,2398,1424,183,762,1448,841,563,915,380,982,676,699,1824,2033,1856,703,1336,299,1541,1332,268,713,1419,909,296,1022,521,1128,1320,896,1387,486,944
224,242,107,35,280,66,263,84,97,114,217,314,456,163,158,167,179,481,281,31,140,284,147,98,214,68,175,119,135,347,365,703,69,251,57,284,222,47,149,259,170,77,195,96,233,270,164,296,96,160
518,403,182,80,466,116,450,138,155,216,435,506,852,316,231,266,368,858,487,49,262,458,267,193,287,108,324,226,238,582,665,1336,251,238,104,529,434,78,241,516,296,100,360,168,333,430,290,503,157,321
104,89,40,15,101,17,105,38,41,57,99,149,214,74,55,69,77,193,112,14,67,109,71,43,70,29,66,58,57,138,173,299,57,104,13,110,106,16,63,126,67,26,91,52,96,102,87,128,46,70
458,447,189,93,524,122,489,173,157,235,480,612,976,365,277,291,358,956,554,69,293,526,298,222,355,131,342,224,242,649,782,1541,284,529,110,261,481,93,299,558,361,113,409,201,438,516,350,568,215,367
481,398,190,72,479,106,466,147,160,179,405,546,858,311,254,294,361,860,489,57,236,487,277,192,289,108,293,254,255,573,704,1332,222,434,106,481,188,84,265,484,301,97,364,169,404,408,311,512,183,342
97,67,41,10,80,15,86,28,39,32,69,108,159,41,45,44,68,153,80,8,33,64,48,37,50,31,50,44,36,108,116,268,47,78,16,93,84,7,40,99,52,21,73,22,67,75,50,66,37,60
273,219,87,55,243,58,269,83,86,124,222,311,501,161,140,145,185,434,250,21,152,249,158,102,163,64,184,104,120,285,402,713,149,241,63,299,265,40,58,264,163,62,229,114,216,227,164,261,104,153
464,476,202,83,531,123,539,145,180,205,446,606,956,364,263,349,393,966,541,60,278,552,333,221,332,152,395,246,302,692,823,1419,259,516,126,558,484,99,264,272,348,93,425,197,434,441,311,577,189,391
299,281,129,51,319,66,319,95,114,150,282,337,558,235,186,191,248,569,328,33,172,328,227,141,218,96,232,145,168,396,498,909,170,296,67,361,301,52,163,348,104,62,258,138,293,290,197,319,124,238
124,91,41,18,104,23,95,29,38,51,95,110,187,58,67,62,97,196,96,14,70,100,52,44,59,26,77,50,61,136,175,296,77,100,26,113,97,21,62,93,62,11,80,39,88,91,69,109,40,68
364,321,130,78,353,91,362,143,118,161,320,393,643,274,210,246,306,670,388,49,216,397,242,155,263,115,268,175,212,493,560,1022,195,360,91,409,364,73,229,425,258,80,144,126,310,354,233,382,136,271
182,176,84,27,172,57,203,53,59,73,149,201,350,121,109,115,128,344,174,21,97,177,97,92,128,47,127,85,95,217,283,521,96,168,52,201,169,22,114,197,138,39,126,46,157,172,115,205,67,117
441,338,175,76,403,90,373,145,152,163,322,456,726,235,206,235,299,718,407,46,212,388,199,147,255,94,248,194,185,479,629,1128,233,333,96,438,404,67,216,434,293,88,310,157,153,411,250,426,131,251
424,408,172,58,471,95,426,141,154,182,385,503,809,287,240,258,342,828,423,37,238,407,277,181,335,124,325,237,243,571,654,1320,270,430,102,516,408,75,227,441,290,91,354,172,411,208,288,471,169,303
340,233,115,58,315,76,305,87,100,144,262,359,552,200,160,187,243,575,340,32,172,352,174,128,198,69,193,142,149,366,484,896,164,290,87,350,311,50,164,311,197,69,233,115,250,288,96,335,119,212
497,434,205,84,541,97,475,156,147,233,445,566,936,377,282,337,382,909,530,77,278,536,280,213,311,133,345,256,285,654,771,1387,296,503,128,568,512,66,261,577,319,109,382,205,426,471,335,246,176,359
157,161,77,25,181,35,166,65,69,72,137,210,330,116,81,111,134,316,176,23,93,185,103,70,126,49,106,89,101,236,271,486,96,157,46,215,183,37,104,189,124,40,136,67,131,169,119,176,34,137
365,310,137,54,320,80,353,94,102,166,301,394,648,232,197,201,247,613,345,37,185,375,193,148,238,97,255,150,163,421,506,944,160,321,70,367,342,60,153,391,238,68,271,117,251,303,212,359,137,131
