257,466,215,86,475,124,486,180,209,243,465,482,761,382,335,349,390,746,522,70,333,529,385,226,406,161,372,279,325,613,706,1179,248,489,102,523,502,84,244,471,298,104,375,187,435,452,347,488,177,372
466,184,167,73,431,96,434,128,156,158,376,498,826,275,222,249,303,826,412,50,215,438,246,198,278,103,282,193,220,517,679,1241,227,399,109,439,405,70,212,481,308,80,340,162,339,385,282,450,194,265
215,167,34,42,213,45,204,58,71,93,157,200,384,123,121,112,127,387,215,19,99,189,116,77,140,47,121,85,92,262,297,590,128,195,33,223,197,31,102,236,137,43,159,68,174,185,116,210,74,131
86,73,42,7,104,16,89,30,33,35,71,91,128,62,50,55,56,139,85,13,50,84,47,38,69,26,63,44,52,113,116,230,44,85,23,77,68,14,56,78,47,16,75,30,74,76,68,88,28,57
475,431,213,104,264,124,478,148,157,207,418,571,893,324,266,282,354,912,503,63,303,486,299,179,361,155,388,225,249,631,734,1443,285,485,121,535,506,93,279,553,321,87,405,186,380,488,324,534,181,360
124,96,45,16,124,6,102,36,36,54,100,131,180,92,58,70,75,184,125,15,77,121,83,51,94,33,79,50,60,159,158,279,56,103,22,95,102,19,68,100,72,24,84,46,97,107,81,106,37,81
486,434,204,89,478,102,238,138,164,185,412,580,873,306,234,255,339,876,463,61,264,490,290,202,363,125,355,230,251,598,759,1327,248,453,113,491,440,90,261,515,347,88,351,195,395,491,338,506,186,332
180,128,58,30,148,36,138,21,38,71,135,165,264,100,72,90,129,264,163,27,80,147,93,60,95,40,92,72,77,178,221,411,78,135,28,146,151,23,77,180,109,25,115,60,117,134,106,151,68,114
209,156,71,33,157,36,164,38,29,50,125,155,268,122,76,95,136,271,177,22,88,164,104,72,95,33,108,75,78,203,264,457,98,134,37,190,163,34,84,173,89,32,120,48,116,153,108,162,48,112
243,158,93,35,207,54,185,71,50,43,170,215,364,139,117,140,139,375,211,35,131,214,120,72,137,39,126,106,92,281,279,555,119,198,62,225,180,29,104,192,109,36,149,79,170,167,144,211,80,149
465,376,157,71,418,100,412,135,125,170,168,478,751,283,246,276,327,726,436,55,234,432,248,164,268,101,270,200,196,569,613,1124,201,406,104,477,385,65,244,426,274,75,325,160,315,372,272,448,155,288
482,498,200,91,571,131,580,165,155,215,478,322,980,344,292,323,348,1009,575,71,316,533,369,213,373,133,391,261,287,690,803,1594,331,508,113,583,539,75,252,643,373,111,453,230,461,550,361,588,222,345
761,826,384,128,893,180,873,264,268,364,751,980,749,558,432,509,595,1427,902,122,476,914,538,375,575,229,622,423,467,1098,1392,2364,456,826,191,922,830,152,438,980,577,200,712,360,691,823,581,891,312,585
382,275,123,62,324,92,306,100,122,139,283,344,558,99,175,198,217,572,308,39,186,358,177,118,201,82,213,135,163,367,488,857,179,310,74,321,289,59,172,323,219,58,251,100,257,305,208,344,108,218
335,222,121,50,266,58,234,72,76,117,246,292,432,175,59,122,179,442,269,37,146,287,127,125,168,59,178,129,145,345,404,712,134,236,54,266,257,34,114,316,180,49,228,84,231,267,159,271,82,162
349,249,112,55,282,70,255,90,95,140,276,323,509,198,122,74,194,522,287,39,147,297,150,126,171,76,201,129,149,363,436,817,146,260,70,283,259,52,135,331,176,64,240,91,228,280,181,295,115,186
390,303,127,56,354,75,339,129,136,139,327,348,595,217,179,194,128,633,376,44,216,369,217,153,240,96,237,158,160,447,579,1047,195,344,77,407,334,70,198,387,227,71,277,143,278,362,219,352,130,211
746,826,387,139,912,184,876,264,271,375,726,1009,1427,572,442,522,633,737,905,105,487,967,537,387,582,219,602,417,464,1103,1313,2441,481,811,197,994,846,163,412,958,624,192,661,365,739,838,583,870,350,598
522,412,215,85,503,125,463,163,177,211,436,575,902,308,269,287,376,905,294,67,269,524,279,215,318,121,330,210,272,651,743,1393,250,465,104,544,464,87,268,533,352,116,402,190,382,460,305,538,179,357
70,50,19,13,63,15,61,27,22,35,55,71,122,39,37,39,44,105,67,3,36,71,32,29,37,14,43,23,42,75,109,181,27,62,17,67,63,11,39,83,39,11,51,18,39,55,40,76,12,38
333,215,99,50,303,77,264,80,88,131,234,316,476,186,146,147,216,487,269,36,80,238,154,88,169,54,171,111,150,378,432,757,173,271,65,295,262,41,141,291,177,55,219,117,204,254,197,288,99,183
529,438,189,84,486,121,490,147,164,214,432,533,914,358,287,297,369,967,524,71,238,286,277,214,331,133,355,240,254,641,782,1506,263,482,116,578,479,93,276,544,356,88,403,203,417,512,313,554,180,369
385,246,116,47,299,83,290,93,104,120,248,369,538,177,127,150,217,537,279,32,154,277,87,120,166,75,199,130,134,380,436,822,157,280,62,326,248,32,153,332,192,44,240,113,218,288,174,292,107,195
226,198,77,38,179,51,202,60,72,72,164,213,375,118,125,126,153,387,215,29,88,214,120,60,141,49,140,96,87,232,302,536,117,184,48,218,181,34,106,209,141,30,152,75,153,174,129,201,82,137
406,278,140,69,361,94,363,95,95,137,268,373,575,201,168,171,240,582,318,37,169,331,166,141,110,73,189,135,153,400,474,884,165,308,66,353,310,58,179,361,228,50,269,140,250,295,207,341,126,231
161,103,47,26,155,33,125,40,33,39,101,133,229,82,59,76,96,219,121,14,54,133,75,49,73,11,66,52,64,161,206,342,62,131,38,146,133,11,57,112,80,21,98,40,103,106,72,124,59,93
372,282,121,63,388,79,355,92,108,126,270,391,622,213,178,201,237,602,330,43,171,355,199,140,189,66,104,156,167,418,528,897,175,348,70,329,341,54,151,345,223,67,284,143,259,308,203,349,147,242
279,193,85,44,225,50,230,72,75,106,200,261,423,135,129,129,158,417,210,23,111,240,130,96,135,52,156,52,117,282,353,669,134,223,53,233,231,42,116,248,148,51,182,92,161,198,134,245,89,176
325,220,92,52,249,60,251,77,78,92,196,287,467,163,145,149,160,464,272,42,150,254,134,87,153,64,167,117,61,344,368,737,141,252,52,256,256,41,149,263,156,61,164,102,215,228,151,262,104,158
613,517,262,113,631,159,598,178,203,281,569,690,1098,367,345,363,447,1103,651,75,378,641,380,232,400,161,418,282,344,416,968,1803,346,563,135,710,586,101,304,640,420,152,505,235,465,550,383,683,247,430
706,679,297,116,734,158,759,221,264,279,613,803,1392,488,404,436,579,1313,743,109,432,782,436,302,474,206,528,353,368,968,570,2113,399,740,172,875,737,137,364,810,502,160,571,306,587,662,463,775,302,496
1179,1241,590,230,1443,279,1327,411,457,555,1124,1594,2364,857,712,817,1047,2441,1393,181,757,1506,822,536,884,342,897,669,737,1803,2113,1824,719,1314,298,1584,1320,250,720,1475,982,286,1029,536,1110,1277,919,1391,469,953
248,227,128,44,285,56,248,78,98,119,201,331,456,179,134,146,195,481,250,27,173,263,157,117,165,62,175,134,141,346,399,719,70,260,67,293,236,58,117,292,176,62,202,118,210,257,185,269,99,196
489,399,195,85,485,103,453,135,134,198,406,508,826,310,236,260,344,811,465,62,271,482,280,184,308,131,348,223,252,563,740,1314,260,207,108,483,441,82,249,461,289,79,374,161,360,452,307,495,155,331
102,109,33,23,121,22,113,28,37,62,104,113,191,74,54,70,77,197,104,17,65,116,62,48,66,38,70,53,52,135,172,298,67,108,12,116,99,19,50,140,87,14,94,42,89,99,71,106,42,82
523,439,223,77,535,95,491,146,190,225,477,583,922,321,266,283,407,994,544,67,295,578,326,218,353,146,329,233,256,710,875,1584,293,483,116,283,473,81,236,503,356,100,427,194,406,508,326,571,225,361
502,405,197,68,506,102,440,151,163,180,385,539,830,289,257,259,334,846,464,63,262,479,248,181,310,133,341,231,256,586,737,1320,236,441,99,473,201,71,222,468,321,97,381,174,363,421,332,486,161,318
84,70,31,14,93,19,90,23,34,29,65,75,152,59,34,52,70,163,87,11,41,93,32,34,58,11,54,42,41,101,137,250,58,82,19,81,71,11,50,90,50,19,66,30,60,83,49,81,26,64
244,212,102,56,279,68,261,77,84,104,244,252,438,172,114,135,198,412,268,39,141,276,153,106,179,57,151,116,149,304,364,720,117,249,50,236,222,50,63,312,163,56,196,103,208,242,159,278,97,148
471,481,236,78,553,100,515,180,173,192,426,643,980,323,316,331,387,958,533,83,291,544,332,209,361,112,345,248,263,640,810,1475,292,461,140,503,468,90,312,293,356,115,398,196,431,479,353,568,195,354
298,308,137,47,321,72,347,109,89,109,274,373,577,219,180,176,227,624,352,39,177,356,192,141,228,80,223,148,156,420,502,982,176,289,87,356,321,50,163,356,119,64,239,130,289,328,185,329,134,202
104,80,43,16,87,24,88,25,32,36,75,111,200,58,49,64,71,192,116,11,55,88,44,30,50,21,67,51,61,152,160,286,62,79,14,100,97,19,56,115,64,9,75,46,80,98,64,111,28,71
375,340,159,75,405,84,351,115,120,149,325,453,712,251,228,240,277,661,402,51,219,403,240,152,269,98,284,182,164,505,571,1029,202,374,94,427,381,66,196,398,239,75,179,137,333,363,256,389,145,246
187,162,68,30,186,46,195,60,48,79,160,230,360,100,84,91,143,365,190,18,117,203,113,75,140,40,143,92,102,235,306,536,118,161,42,194,174,30,103,196,130,46,137,26,150,170,136,208,70,127
435,339,174,74,380,97,395,117,116,170,315,461,691,257,231,228,278,739,382,39,204,417,218,153,250,103,259,161,215,465,587,1110,210,360,89,406,363,60,208,431,289,80,333,150,167,384,275,407,170,276
452,385,185,76,488,107,491,134,153,167,372,550,823,305,267,280,362,838,460,55,254,512,288,174,295,106,308,198,228,550,662,1277,257,452,99,508,421,83,242,479,328,98,363,170,384,191,316,523,171,326
347,282,116,68,324,81,338,106,108,144,272,361,581,208,159,181,219,583,305,40,197,313,174,129,207,72,203,134,151,383,463,919,185,307,71,326,332,49,159,353,185,64,256,136,275,316,106,335,130,223
488,450,210,88,534,106,506,151,162,211,448,588,891,344,271,295,352,870,538,76,288,554,292,201,341,124,349,245,262,683,775,1391,269,495,106,571,486,81,278,568,329,111,389,208,407,523,335,278,176,348
177,194,74,28,181,37,186,68,48,80,155,222,312,108,82,115,130,350,179,12,99,180,107,82,126,59,147,89,104,247,302,469,99,155,42,225,161,26,97,195,134,28,145,70,170,171,130,176,32,131
372,265,131,57,360,81,332,114,112,149,288,345,585,218,162,186,211,598,357,38,183,369,195,137,231,93,242,176,158,430,496,953,196,331,82,361,318,64,148,354,202,71,246,127,276,326,223,348,131,120
