262,466,223,105,506,107,463,197,168,227,450,469,778,338,306,337,352,811,484,79,333,484,354,204,345,137,372,298,291,637,712,1190,266,501,117,499,481,84,246,494,311,108,358,185,416,468,314,486,178,366
466,184,169,71,444,106,444,149,151,175,368,490,789,273,225,262,318,845,422,52,239,414,282,199,281,109,292,181,204,542,631,1213,247,374,79,468,409,73,213,477,283,110,312,165,340,421,248,450,168,300
223,169,36,38,181,43,211,57,68,86,172,208,362,148,106,103,136,379,194,27,112,204,133,78,122,48,125,86,123,262,303,571,114,186,66,204,198,37,89,210,116,38,176,81,151,196,142,194,100,151
105,71,38,6,97,21,78,27,28,39,70,87,146,59,51,53,48,128,75,7,35,82,53,35,54,17,72,46,59,100,125,204,42,90,18,88,82,20,48,75,51,25,64,27,69,83,50,81,28,60
506,444,181,97,253,112,500,165,195,209,430,543,897,336,278,314,376,872,514,65,274,546,319,196,345,118,343,253,258,625,792,1404,264,491,126,554,450,94,275,560,348,112,420,172,377,480,329,521,185,342
107,106,43,21,112,14,116,42,35,49,86,124,192,76,71,73,81,194,106,17,49,110,67,44,82,33,94,47,66,137,165,272,61,114,25,129,120,19,58,122,71,25,83,43,85,97,76,105,44,73
463,444,211,78,500,116,216,152,160,200,419,542,910,293,280,306,332,827,483,64,267,483,316,205,342,158,373,209,269,606,711,1293,293,455,82,537,459,79,230,512,349,102,359,192,396,484,292,492,182,326
197,149,57,27,165,42,152,21,57,70,150,176,281,98,98,95,124,261,139,27,107,157,96,76,87,41,98,76,79,188,240,430,83,122,31,178,154,27,70,176,107,31,124,62,130,172,89,161,55,89
168,151,68,28,195,35,160,57,19,78,168,186,303,111,93,88,107,324,171,19,95,179,94,80,111,44,120,78,91,226,262,466,105,151,46,185,147,15,90,190,112,39,129,50,149,161,125,168,66,114
227,175,86,39,209,49,200,70,78,53,156,215,382,159,129,118,138,380,185,30,126,204,127,83,151,43,118,105,95,248,302,580,121,208,45,221,202,27,116,200,114,39,157,75,181,182,123,227,78,149
450,368,172,70,430,86,419,150,168,156,184,507,775,313,223,241,326,765,427,57,229,466,251,179,294,105,276,212,206,522,650,1240,221,390,104,441,375,74,214,438,242,78,320,147,357,381,260,452,172,295
469,490,208,87,543,124,542,176,186,215,507,313,999,379,317,296,405,1024,582,57,315,559,334,218,378,139,376,246,269,674,779,1578,323,490,123,585,514,87,269,605,336,119,396,211,418,511,364,574,220,389
778,789,362,146,897,192,910,281,303,382,775,999,799,641,490,525,657,1425,908,101,507,870,524,327,630,233,620,439,459,1129,1285,2347,494,859,225,964,873,157,445,986,596,190,668,320,748,837,592,896,356,606
338,273,148,59,336,76,293,98,111,159,313,379,641,118,192,181,242,600,334,50,163,348,208,121,222,83,202,161,181,407,563,908,200,315,55,345,323,63,175,347,224,68,270,113,261,332,199,363,125,220
306,225,106,51,278,71,280,98,93,129,223,317,490,192,63,134,217,488,289,40,132,288,136,109,168,66,167,116,146,319,433,726,163,269,46,273,255,48,131,294,181,58,213,101,225,270,164,299,96,199
337,262,103,53,314,73,306,95,88,118,241,296,525,181,134,72,217,523,312,48,124,323,162,115,173,71,184,109,146,339,458,838,178,275,47,292,259,38,136,323,194,65,245,106,238,296,167,338,106,209
352,318,136,48,376,81,332,124,107,138,326,405,657,242,217,217,130,627,355,43,202,354,235,146,248,91,269,172,188,446,564,977,221,321,75,365,359,54,191,397,262,83,269,133,292,331,221,390,144,231
811,845,379,128,872,194,827,261,324,380,765,1024,1425,600,488,523,627,807,923,105,500,909,531,362,606,222,623,439,460,1099,1339,2361,496,845,208,964,837,155,431,976,632,178,681,329,775,832,545,894,349,586
484,422,194,75,514,106,483,139,171,185,427,582,908,334,289,312,355,923,250,64,291,463,298,208,317,139,334,219,258,612,721,1424,288,465,110,522,502,96,244,532,325,104,382,214,409,440,307,544,190,354
79,52,27,7,65,17,64,27,19,30,57,57,101,50,40,48,43,105,64,4,43,57,39,25,44,14,52,30,34,91,87,171,41,55,15,69,48,16,30,66,42,11,54,30,50,57,39,64,29,48
333,239,112,35,274,49,267,107,95,126,229,315,507,163,132,124,202,500,291,43,81,286,148,121,201,95,181,110,130,350,427,738,155,218,62,269,237,53,152,307,177,56,221,109,224,256,154,292,80,209
484,414,204,82,546,110,483,157,179,204,466,559,870,348,288,323,354,909,463,57,286,255,313,187,357,134,357,252,283,637,743,1446,315,468,122,515,492,99,255,535,332,89,369,206,424,495,322,540,185,372
354,282,133,53,319,67,316,96,94,127,251,334,524,208,136,162,235,531,298,39,148,313,87,118,179,68,185,127,157,365,453,887,180,268,68,307,283,57,139,312,198,59,237,114,234,258,175,359,106,206
204,199,78,35,196,44,205,76,80,83,179,218,327,121,109,115,146,362,208,25,121,187,118,44,134,57,137,106,99,240,283,573,107,193,39,243,169,35,101,219,128,35,126,68,159,195,106,223,69,138
345,281,122,54,345,82,342,87,111,151,294,378,630,222,168,173,248,606,317,44,201,357,179,134,97,86,219,151,164,409,520,944,183,289,65,337,327,63,152,359,229,75,257,120,245,337,187,358,112,221
137,109,48,17,118,33,158,41,44,43,105,139,233,83,66,71,91,222,139,14,95,134,68,57,86,20,87,64,55,169,194,357,69,115,20,135,109,25,72,126,82,29,96,44,118,123,79,154,58,93
372,292,125,72,343,94,373,98,120,118,276,376,620,202,167,184,269,623,334,52,181,357,185,137,219,87,124,167,172,429,514,917,200,303,64,387,336,61,165,344,222,56,269,102,284,326,191,379,131,241
298,181,86,46,253,47,209,76,78,105,212,246,439,161,116,109,172,439,219,30,110,252,127,106,151,64,167,46,123,257,358,683,124,225,66,240,233,35,114,258,146,60,178,86,208,242,148,231,92,161
291,204,123,59,258,66,269,79,91,95,206,269,459,181,146,146,188,460,258,34,130,283,157,99,164,55,172,123,57,325,365,685,149,253,50,245,270,48,136,235,174,40,174,88,214,215,153,282,104,176
637,542,262,100,625,137,606,188,226,248,522,674,1129,407,319,339,446,1099,612,91,350,637,365,240,409,169,429,257,325,385,977,1731,362,552,136,658,578,95,311,651,430,122,451,238,515,585,373,667,246,403
712,631,303,125,792,165,711,240,262,302,650,779,1285,563,433,458,564,1339,721,87,427,743,453,283,520,194,514,358,365,977,574,1982,406,728,180,782,730,117,374,778,504,137,558,272,638,726,461,753,270,510
1190,1213,571,204,1404,272,1293,430,466,580,1240,1578,2347,908,726,838,977,2361,1424,171,738,1446,887,573,944,357,917,683,685,1731,1982,1827,701,1302,322,1454,1278,242,676,1485,894,283,993,541,1149,1279,918,1388,481,936
266,247,114,42,264,61,293,83,105,121,221,323,494,200,163,178,221,496,288,41,155,315,180,107,183,69,200,124,149,362,406,701,70,251,60,296,286,51,138,303,194,69,201,109,255,239,203,332,101,189
501,374,186,90,491,114,455,122,151,208,390,490,859,315,269,275,321,845,465,55,218,468,268,193,289,115,303,225,253,552,728,1302,251,215,119,509,444,85,216,490,301,94,385,178,362,418,296,465,157,316
117,79,66,18,126,25,82,31,46,45,104,123,225,55,46,47,75,208,110,15,62,122,68,39,65,20,64,66,50,136,180,322,60,119,14,116,94,21,47,126,75,21,89,36,76,101,76,111,39,80
499,468,204,88,554,129,537,178,185,221,441,585,964,345,273,292,365,964,522,69,269,515,307,243,337,135,387,240,245,658,782,1454,296,509,116,270,519,81,277,591,354,113,427,224,411,512,340,556,195,351
481,409,198,82,450,120,459,154,147,202,375,514,873,323,255,259,359,837,502,48,237,492,283,169,327,109,336,233,270,578,730,1278,286,444,94,519,222,76,235,517,336,108,363,171,366,441,260,520,171,330
84,73,37,20,94,19,79,27,15,27,74,87,157,63,48,38,54,155,96,16,53,99,57,35,63,25,61,35,48,95,117,242,51,85,21,81,76,9,42,85,49,13,65,23,59,89,57,88,33,59
246,213,89,48,275,58,230,70,90,116,214,269,445,175,131,136,191,431,244,30,152,255,139,101,152,72,165,114,136,311,374,676,138,216,47,277,235,42,59,279,169,59,210,104,208,234,158,274,78,172
494,477,210,75,560,122,512,176,190,200,438,605,986,347,294,323,397,976,532,66,307,535,312,219,359,126,344,258,235,651,778,1485,303,490,126,591,517,85,279,314,382,107,380,190,446,467,318,544,219,356
311,283,116,51,348,71,349,107,112,114,242,336,596,224,181,194,262,632,325,42,177,332,198,128,229,82,222,146,174,430,504,894,194,301,75,354,336,49,169,382,100,73,240,128,292,279,225,323,123,225
108,110,38,25,112,25,102,31,39,39,78,119,190,68,58,65,83,178,104,11,56,89,59,35,75,29,56,60,40,122,137,283,69,94,21,113,108,13,59,107,73,9,83,45,72,93,69,113,38,68
358,312,176,64,420,83,359,124,129,157,320,396,668,270,213,245,269,681,382,54,221,369,237,126,257,96,269,178,174,451,558,993,201,385,89,427,363,65,210,380,240,83,147,146,319,323,245,373,145,265
185,165,81,27,172,43,192,62,50,75,147,211,320,113,101,106,133,329,214,30,109,206,114,68,120,44,102,86,88,238,272,541,109,178,36,224,171,23,104,190,128,45,146,28,142,171,111,230,58,126
416,340,151,69,377,85,396,130,149,181,357,418,748,261,225,238,292,775,409,50,224,424,234,159,245,118,284,208,214,515,638,1149,255,362,76,411,366,59,208,446,292,72,319,142,164,390,252,434,157,282
468,421,196,83,480,97,484,172,161,182,381,511,837,332,270,296,331,832,440,57,256,495,258,195,337,123,326,242,215,585,726,1279,239,418,101,512,441,89,234,467,279,93,323,171,390,210,312,467,170,332
314,248,142,50,329,76,292,89,125,123,260,364,592,199,164,167,221,545,307,39,154,322,175,106,187,79,191,148,153,373,461,918,203,296,76,340,260,57,158,318,225,69,245,111,252,312,81,307,106,192
486,450,194,81,521,105,492,161,168,227,452,574,896,363,299,338,390,894,544,64,292,540,359,223,358,154,379,231,282,667,753,1388,332,465,111,556,520,88,274,544,323,113,373,230,434,467,307,242,202,336
178,168,100,28,185,44,182,55,66,78,172,220,356,125,96,106,144,349,190,29,80,185,106,69,112,58,131,92,104,246,270,481,101,157,39,195,171,33,78,219,123,38,145,58,157,170,106,202,32,112
366,300,151,60,342,73,326,89,114,149,295,389,606,220,199,209,231,586,354,48,209,372,206,138,221,93,241,161,176,403,510,936,189,316,80,351,330,59,172,356,225,68,265,126,282,332,192,336,112,116
