273,494,238,103,507,117,500,191,176,254,443,537,859,346,327,353,367,816,534,61,329,553,357,191,362,151,386,299,315,615,660,1128,244,476,96,524,494,91,261,473,308,113,379,190,436,391,325,507,163,380
494,189,151,93,444,119,457,143,155,191,387,438,774,275,205,230,340,786,447,40,215,450,233,187,300,105,282,202,206,540,679,1239,239,430,92,503,453,80,244,445,266,90,317,147,368,415,276,468,171,298
238,151,34,30,190,42,195,63,53,84,165,211,384,130,95,106,125,383,193,31,105,217,121,104,133,42,140,86,106,270,327,602,118,163,35,174,192,27,102,212,128,50,152,62,173,186,119,210,80,134
103,93,30,5,86,13,67,26,22,46,90,89,135,60,43,58,72,156,88,11,43,76,54,38,62,23,63,46,45,104,118,217,44,72,18,101,74,8,37,79,48,14,66,28,81,91,58,89,35,59
507,444,190,86,236,120,530,166,172,208,444,570,919,351,245,260,395,910,541,77,264,519,297,202,325,116,339,248,254,653,812,1440,282,446,127,556,511,95,260,554,351,110,420,185,412,452,297,584,193,339
117,119,42,13,120,11,106,31,39,47,106,119,196,77,57,73,85,186,111,12,64,107,77,53,87,34,93,58,63,152,190,290,53,116,13,115,108,15,51,131,65,23,80,39,89,100,70,108,38,73
500,457,195,67,530,106,249,146,174,189,414,575,844,323,232,287,365,868,500,59,289,496,292,202,318,132,328,220,234,670,738,1232,255,469,96,504,422,78,232,517,339,99,374,177,376,425,312,485,182,350
191,143,63,26,166,31,146,19,57,65,127,157,248,114,84,96,121,253,146,18,86,152,89,63,84,44,98,68,83,195,220,418,90,135,36,162,167,21,74,158,96,43,129,63,126,144,105,159,59,105
176,155,53,22,172,39,174,57,22,83,144,188,296,111,83,90,104,291,176,19,88,180,98,55,122,43,121,86,77,215,263,462,80,162,45,162,151,37,91,175,96,29,127,68,124,161,104,172,60,125
254,191,84,46,208,47,189,65,83,50,174,230,324,124,120,123,153,335,213,17,110,199,126,73,137,53,145,100,100,242,300,492,101,205,37,207,191,29,120,250,129,34,164,78,149,189,136,230,78,141
443,387,165,90,444,106,414,127,144,174,184,458,727,289,233,264,310,767,440,54,228,429,261,186,289,94,280,207,222,539,617,1079,214,418,94,441,430,64,226,492,282,86,321,143,383,381,302,461,142,322
537,438,211,89,570,119,575,157,188,230,458,307,1040,363,291,329,426,1062,569,45,319,555,345,228,372,139,345,260,255,729,893,1646,320,552,118,654,512,104,280,569,404,115,400,218,449,572,332,585,182,365
859,774,384,135,919,196,844,248,296,324,727,1040,850,608,481,526,664,1521,901,101,463,941,569,348,597,210,578,425,424,1160,1432,2617,508,835,191,1075,792,140,458,964,605,183,692,378,730,872,571,928,360,620
346,275,130,60,351,77,323,114,111,124,289,363,608,103,174,198,209,616,333,45,170,333,176,123,201,71,215,139,176,440,471,868,201,298,76,325,323,45,160,352,225,71,256,133,243,331,218,297,123,195
327,205,95,43,245,57,232,84,83,120,233,291,481,174,69,144,194,490,264,33,142,265,130,119,160,69,186,120,129,336,402,718,143,218,57,273,261,33,132,282,181,63,223,111,219,264,154,285,113,189
353,230,106,58,260,73,287,96,90,123,264,329,526,198,144,78,201,532,292,31,164,292,159,117,175,79,205,122,134,369,486,835,168,258,62,299,283,43,142,290,184,69,240,120,232,282,170,332,106,192
367,340,125,72,395,85,365,121,104,153,310,426,664,209,194,201,126,630,399,46,212,376,205,150,253,110,257,190,189,465,538,1015,182,336,71,383,359,53,178,397,234,82,297,158,279,339,222,358,144,251
816,786,383,156,910,186,868,253,291,335,767,1062,1521,616,490,532,630,871,940,109,479,953,546,338,601,253,632,409,447,1143,1445,2602,513,839,203,982,835,138,457,944,623,185,714,345,748,875,539,960,341,619
534,447,193,88,541,111,500,146,176,213,440,569,901,333,264,292,399,940,258,62,266,504,280,191,323,136,340,221,260,657,769,1393,267,458,104,596,502,76,262,536,338,93,395,226,404,459,329,505,179,344
61,40,31,11,77,12,59,18,19,17,54,45,101,45,33,31,46,109,62,3,33,71,42,31,41,14,38,36,29,70,107,172,41,62,20,68,59,8,33,54,49,10,51,22,52,70,44,79,22,35
329,215,105,43,264,64,289,86,88,110,228,319,463,170,142,164,212,479,266,33,67,282,166,120,190,82,197,128,133,323,432,785,155,245,68,282,242,46,168,288,186,58,206,105,230,260,191,269,108,176
553,450,217,76,519,107,496,152,180,199,429,555,941,333,265,292,376,953,504,71,282,255,291,205,357,153,390,244,262,708,759,1354,272,438,120,551,514,93,255,532,328,104,424,198,449,461,308,531,188,335
357,233,121,54,297,77,292,89,98,126,261,345,569,176,130,159,205,546,280,42,166,291,81,111,176,77,191,141,153,367,446,845,149,299,65,297,274,51,135,266,188,63,240,115,231,293,195,289,115,196
191,187,104,38,202,53,202,63,55,73,186,228,348,123,119,117,150,338,191,31,120,205,111,41,135,45,132,94,113,262,295,529,101,226,36,210,212,27,93,211,136,46,147,72,149,208,131,208,68,142
362,300,133,62,325,87,318,84,122,137,289,372,597,201,160,175,253,601,323,41,190,357,176,135,96,81,210,137,175,429,542,912,162,337,66,374,309,67,155,354,207,68,276,100,220,312,193,372,122,237
151,105,42,23,116,34,132,44,43,53,94,139,210,71,69,79,110,253,136,14,82,153,77,45,81,16,81,56,82,150,195,359,79,138,29,118,125,20,65,135,86,32,103,44,92,126,83,124,41,100
386,282,140,63,339,93,328,98,121,145,280,345,578,215,186,205,257,632,340,38,197,390,191,132,210,81,109,142,171,434,535,916,184,358,76,343,350,58,160,418,216,57,283,109,263,329,214,328,103,244
299,202,86,46,248,58,220,68,86,100,207,260,425,139,120,122,190,409,221,36,128,244,141,94,137,56,142,51,112,244,352,677,140,236,55,241,235,43,106,257,145,47,170,94,186,230,137,264,106,157
315,206,106,45,254,63,234,83,77,100,222,255,424,176,129,134,189,447,260,29,133,262,153,113,175,82,171,112,70,302,386,730,136,225,45,277,224,31,131,276,161,62,196,95,215,250,153,263,93,183
615,540,270,104,653,152,670,195,215,242,539,729,1160,440,336,369,465,1143,657,70,323,708,367,262,429,150,434,244,302,414,1022,1854,372,587,150,661,612,94,350,712,432,134,500,240,534,556,403,723,250,413
660,679,327,118,812,190,738,220,263,300,617,893,1432,471,402,486,538,1445,769,107,432,759,446,295,542,195,535,352,386,1022,580,2068,384,704,166,825,730,133,375,810,498,153,633,321,630,662,477,740,280,502
1128,1239,602,217,1440,290,1232,418,462,492,1079,1646,2617,868,718,835,1015,2602,1393,172,785,1354,845,529,912,359,916,677,730,1854,2068,1946,797,1287,350,1509,1218,260,688,1457,965,298,1056,529,1064,1315,877,1400,554,946
244,239,118,44,282,53,255,90,80,101,214,320,508,201,143,168,182,513,267,41,155,272,149,101,162,79,184,140,136,372,384,797,71,271,49,310,261,47,146,292,189,57,227,100,213,252,157,263,98,175
476,430,163,72,446,116,469,135,162,205,418,552,835,298,218,258,336,839,458,62,245,438,299,226,337,138,358,236,225,587,704,1287,271,211,113,470,450,76,233,527,297,98,353,175,400,438,292,476,206,326
96,92,35,18,127,13,96,36,45,37,94,118,191,76,57,62,71,203,104,20,68,120,65,36,66,29,76,55,45,150,166,350,49,113,17,122,107,14,55,123,76,18,81,30,75,111,74,118,45,68
524,503,174,101,556,115,504,162,162,207,441,654,1075,325,273,299,383,982,596,68,282,551,297,210,374,118,343,241,277,661,825,1509,310,470,122,296,530,90,268,627,330,111,418,202,427,496,330,522,220,354
494,453,192,74,511,108,422,167,151,191,430,512,792,323,261,283,359,835,502,59,242,514,274,212,309,125,350,235,224,612,730,1218,261,450,107,530,230,76,201,494,297,99,327,194,350,447,264,461,155,343
91,80,27,8,95,15,78,21,37,29,64,104,140,45,33,43,53,138,76,8,46,93,51,27,67,20,58,43,31,94,133,260,47,76,14,90,76,5,45,81,50,13,67,28,70,78,41,116,22,50
261,244,102,37,260,51,232,74,91,120,226,280,458,160,132,142,178,457,262,33,168,255,135,93,155,65,160,106,131,350,375,688,146,233,55,268,201,45,65,289,179,71,194,92,192,211,149,259,101,162
473,445,212,79,554,131,517,158,175,250,492,569,964,352,282,290,397,944,536,54,288,532,266,211,354,135,418,257,276,712,810,1457,292,527,123,627,494,81,289,290,329,110,405,216,398,516,350,557,198,373
308,266,128,48,351,65,339,96,96,129,282,404,605,225,181,184,234,623,338,49,186,328,188,136,207,86,216,145,161,432,498,965,189,297,76,330,297,50,179,329,103,61,245,141,246,342,211,350,120,227
113,90,50,14,110,23,99,43,29,34,86,115,183,71,63,69,82,185,93,10,58,104,63,46,68,32,57,47,62,134,153,298,57,98,18,111,99,13,71,110,61,15,76,42,91,80,60,114,41,55
379,317,152,66,420,80,374,129,127,164,321,400,692,256,223,240,297,714,395,51,206,424,240,147,276,103,283,170,196,500,633,1056,227,353,81,418,327,67,194,405,245,76,159,145,301,367,258,398,131,288
190,147,62,28,185,39,177,63,68,78,143,218,378,133,111,120,158,345,226,22,105,198,115,72,100,44,109,94,95,240,321,529,100,175,30,202,194,28,92,216,141,42,145,37,144,198,116,181,71,116
436,368,173,81,412,89,376,126,124,149,383,449,730,243,219,232,279,748,404,52,230,449,231,149,220,92,263,186,215,534,630,1064,213,400,75,427,350,70,192,398,246,91,301,144,167,402,228,421,147,281
391,415,186,91,452,100,425,144,161,189,381,572,872,331,264,282,339,875,459,70,260,461,293,208,312,126,329,230,250,556,662,1315,252,438,111,496,447,78,211,516,342,80,367,198,402,190,303,460,172,329
325,276,119,58,297,70,312,105,104,136,302,332,571,218,154,170,222,539,329,44,191,308,195,131,193,83,214,137,153,403,477,877,157,292,74,330,264,41,149,350,211,60,258,116,228,303,93,325,121,205
507,468,210,89,584,108,485,159,172,230,461,585,928,297,285,332,358,960,505,79,269,531,289,208,372,124,328,264,263,723,740,1400,263,476,118,522,461,116,259,557,350,114,398,181,421,460,325,278,196,330
163,171,80,35,193,38,182,59,60,78,142,182,360,123,113,106,144,341,179,22,108,188,115,68,122,41,103,106,93,250,280,554,98,206,45,220,155,22,101,198,120,41,131,71,147,172,121,196,37,126
380,298,134,59,339,73,350,105,125,141,322,365,620,195,189,192,251,619,344,35,176,335,196,142,237,100,244,157,183,413,502,946,175,326,68,354,343,50,162,373,227,55,288,116,281,329,205,330,126,96
