251,435,197,84,526,112,491,196,170,251,471,512,787,382,295,323,352,792,496,82,311,525,351,220,356,148,369,282,291,646,670,1183,206,471,103,464,501,85,257,500,329,114,380,165,407,369,337,474,168,406
435,186,166,62,399,88,413,113,130,193,359,459,748,283,227,245,293,786,438,47,233,408,259,147,286,91,274,202,229,535,667,1236,250,397,87,442,398,62,214,473,312,87,318,149,367,405,272,425,168,321
197,166,38,43,196,51,196,56,69,80,178,207,356,144,90,104,154,365,226,24,108,204,127,83,117,47,121,77,87,216,282,511,118,187,47,223,193,26,83,230,140,40,136,78,154,180,114,192,75,148
84,62,43,9,87,17,86,28,31,36,76,81,135,62,51,54,67,134,101,14,42,83,47,34,58,28,62,40,48,104,134,174,40,86,18,100,70,15,39,83,64,14,64,28,60,79,49,88,29,76
526,399,196,87,288,100,499,155,187,221,434,598,913,343,298,319,408,952,506,73,284,542,350,216,342,136,363,208,271,638,768,1377,258,511,132,534,472,82,252,511,329,108,335,221,409,452,333,543,191,365
112,88,51,17,100,10,93,28,42,50,77,116,172,85,68,76,71,191,123,17,63,133,63,46,86,37,81,50,61,150,171,291,50,99,25,127,86,25,46,107,73,18,83,29,90,106,71,96,37,91
491,413,196,86,499,93,214,152,157,200,378,518,802,314,273,293,351,845,472,60,260,470,315,179,334,131,342,231,259,594,740,1250,254,432,100,536,428,84,259,509,328,94,363,168,377,461,341,464,173,360
196,113,56,28,155,28,152,28,52,79,149,160,276,98,79,89,126,288,161,25,94,174,92,58,104,31,95,64,76,214,251,424,69,133,25,159,169,18,81,187,95,34,138,61,117,142,94,178,61,120
170,130,69,31,187,42,157,52,27,67,158,187,302,104,79,88,121,333,174,27,85,146,110,63,107,42,129,81,88,216,248,484,82,141,33,181,148,32,85,154,105,42,134,61,107,140,91,182,72,117
251,193,80,36,221,50,200,79,67,43,163,239,352,157,109,109,165,361,208,30,131,230,139,75,148,54,140,93,123,261,343,587,106,192,56,230,199,26,115,228,137,36,154,71,167,170,133,190,86,167
471,359,178,76,434,77,378,149,158,163,159,474,733,297,215,212,331,725,430,48,253,419,271,150,303,114,293,215,228,516,651,1145,213,407,92,478,377,69,225,440,286,89,317,132,342,382,276,404,156,293
512,459,207,81,598,116,518,160,187,239,474,282,989,367,283,326,404,969,577,88,291,605,311,197,381,150,378,247,260,669,849,1561,282,561,124,608,528,101,278,563,368,112,384,205,464,514,344,591,195,361
787,748,356,135,913,172,802,276,302,352,733,989,802,571,454,500,643,1416,955,126,489,940,509,362,609,196,613,414,478,1078,1344,2406,441,885,207,990,826,161,451,932,554,182,690,329,703,838,601,945,318,596
382,283,144,62,343,85,314,98,104,157,297,367,571,104,172,192,208,552,324,44,181,348,183,111,222,76,229,168,162,410,509,889,177,306,65,322,330,60,154,371,229,59,251,117,247,284,213,366,106,239
295,227,90,51,298,68,273,79,79,109,215,283,454,172,57,140,206,448,284,29,152,271,158,105,158,60,163,138,130,342,386,737,140,259,56,262,251,40,128,279,170,60,203,78,201,245,164,276,88,171
323,245,104,54,319,76,293,89,88,109,212,326,500,192,140,80,211,495,299,32,152,307,184,103,180,69,187,126,132,360,434,843,171,278,63,301,271,53,140,280,174,54,220,93,220,265,189,313,102,195
352,293,154,67,408,71,351,126,121,165,331,404,643,208,206,211,125,671,361,45,223,372,216,154,268,95,252,175,183,443,566,1039,174,343,82,389,358,58,172,391,258,80,266,140,310,314,247,361,140,274
792,786,365,134,952,191,845,288,333,361,725,969,1416,552,448,495,671,781,912,113,514,937,525,367,605,236,634,413,450,1098,1291,2316,454,885,192,1019,816,150,439,950,581,169,672,338,690,877,564,915,322,603
496,438,226,101,506,123,472,161,174,208,430,577,955,324,284,299,361,912,234,66,283,462,316,213,311,95,321,227,276,618,722,1431,280,509,112,508,479,96,273,552,335,109,396,183,383,419,349,513,186,337
82,47,24,14,73,17,60,25,27,30,48,88,126,44,29,32,45,113,66,6,37,64,42,26,42,12,39,23,36,68,99,173,29,78,11,63,66,10,26,69,27,11,48,30,58,55,43,64,20,40
311,233,108,42,284,63,260,94,85,131,253,291,489,181,152,152,223,514,283,37,86,259,175,106,172,66,171,127,115,337,414,746,153,259,68,294,254,42,147,326,180,57,208,113,199,251,160,283,86,185
525,408,204,83,542,133,470,174,146,230,419,605,940,348,271,307,372,937,462,64,259,254,308,222,334,123,363,257,285,660,719,1414,270,465,105,520,481,95,293,556,324,106,382,177,381,474,323,534,176,354
351,259,127,47,350,63,315,92,110,139,271,311,509,183,158,184,216,525,316,42,175,308,70,131,189,83,220,165,156,364,466,820,159,265,79,307,283,43,161,336,194,81,226,109,243,264,184,334,122,210
220,147,83,34,216,46,179,58,63,75,150,197,362,111,105,103,154,367,213,26,106,222,131,30,139,43,114,107,107,283,329,570,119,187,46,215,188,37,101,215,146,50,156,61,188,208,137,219,91,158
356,286,117,58,342,86,334,104,107,148,303,381,609,222,158,180,268,605,311,42,172,334,189,139,110,74,227,170,157,396,475,905,188,321,62,340,350,61,147,380,224,72,278,121,242,339,180,330,113,231
148,91,47,28,136,37,131,31,42,54,114,150,196,76,60,69,95,236,95,12,66,123,83,43,74,18,82,69,58,158,196,356,78,133,31,139,127,24,62,132,89,28,103,51,94,139,72,130,58,95
369,274,121,62,363,81,342,95,129,140,293,378,613,229,163,187,252,634,321,39,171,363,220,114,227,82,122,171,162,400,543,936,197,333,68,369,313,57,162,386,229,68,289,138,250,349,216,343,128,231
282,202,77,40,208,50,231,64,81,93,215,247,414,168,138,126,175,413,227,23,127,257,165,107,170,69,171,52,111,284,355,663,127,228,46,223,230,37,114,236,158,53,167,95,201,217,168,267,83,185
291,229,87,48,271,61,259,76,88,123,228,260,478,162,130,132,183,450,276,36,115,285,156,107,157,58,162,111,56,308,378,648,123,256,62,285,243,48,127,277,170,53,199,90,209,240,139,272,76,201
646,535,216,104,638,150,594,214,216,261,516,669,1078,410,342,360,443,1098,618,68,337,660,364,283,396,158,400,284,308,394,936,1682,324,638,153,623,613,100,319,668,417,131,477,226,504,582,371,577,231,458
670,667,282,134,768,171,740,251,248,343,651,849,1344,509,386,434,566,1291,722,99,414,719,466,329,475,196,543,355,378,936,544,2033,392,722,155,760,675,124,375,856,493,160,595,261,588,742,483,729,274,504
1183,1236,511,174,1377,291,1250,424,484,587,1145,1561,2406,889,737,843,1039,2316,1431,173,746,1414,820,570,905,356,936,663,648,1682,2033,1903,706,1248,320,1560,1208,238,689,1405,898,286,1033,520,1112,1254,910,1477,510,950
206,250,118,40,258,50,254,69,82,106,213,282,441,177,140,171,174,454,280,29,153,270,159,119,188,78,197,127,123,324,392,706,81,242,53,296,237,54,121,302,179,60,208,95,219,243,185,278,77,185
471,397,187,86,511,99,432,133,141,192,407,561,885,306,259,278,343,885,509,78,259,465,265,187,321,133,333,228,256,638,722,1248,242,236,94,502,407,83,238,489,317,97,363,169,359,431,299,489,174,315
103,87,47,18,132,25,100,25,33,56,92,124,207,65,56,63,82,192,112,11,68,105,79,46,62,31,68,46,62,153,155,320,53,94,13,116,88,22,43,127,78,27,96,37,78,109,58,122,37,80
464,442,223,100,534,127,536,159,181,230,478,608,990,322,262,301,389,1019,508,63,294,520,307,215,340,139,369,223,285,623,760,1560,296,502,116,260,511,75,267,570,348,95,410,191,409,500,343,523,206,334
501,398,193,70,472,86,428,169,148,199,377,528,826,330,251,271,358,816,479,66,254,481,283,188,350,127,313,230,243,613,675,1208,237,407,88,511,220,73,236,473,306,78,353,175,373,408,293,480,179,328
85,62,26,15,82,25,84,18,32,26,69,101,161,60,40,53,58,150,96,10,42,95,43,37,61,24,57,37,48,100,124,238,54,83,22,75,73,8,45,79,46,14,61,22,60,84,47,84,25,54
257,214,83,39,252,46,259,81,85,115,225,278,451,154,128,140,172,439,273,26,147,293,161,101,147,62,162,114,127,319,375,689,121,238,43,267,236,45,69,256,154,53,187,102,201,227,145,270,87,178
500,473,230,83,511,107,509,187,154,228,440,563,932,371,279,280,391,950,552,69,326,556,336,215,380,132,386,236,277,668,856,1405,302,489,127,570,473,79,256,277,340,113,409,193,421,476,333,522,185,355
329,312,140,64,329,73,328,95,105,137,286,368,554,229,170,174,258,581,335,27,180,324,194,146,224,89,229,158,170,417,493,898,179,317,78,348,306,46,154,340,89,48,247,134,267,309,234,349,108,214
114,87,40,14,108,18,94,34,42,36,89,112,182,59,60,54,80,169,109,11,57,106,81,50,72,28,68,53,53,131,160,286,60,97,27,95,78,14,53,113,48,11,78,46,79,92,73,94,38,74
380,318,136,64,335,83,363,138,134,154,317,384,690,251,203,220,266,672,396,48,208,382,226,156,278,103,289,167,199,477,595,1033,208,363,96,410,353,61,187,409,247,78,153,149,309,330,262,375,153,275
165,149,78,28,221,29,168,61,61,71,132,205,329,117,78,93,140,338,183,30,113,177,109,61,121,51,138,95,90,226,261,520,95,169,37,191,175,22,102,193,134,46,149,32,151,165,125,204,67,125
407,367,154,60,409,90,377,117,107,167,342,464,703,247,201,220,310,690,383,58,199,381,243,188,242,94,250,201,209,504,588,1112,219,359,78,409,373,60,201,421,267,79,309,151,153,401,229,395,134,288
369,405,180,79,452,106,461,142,140,170,382,514,838,284,245,265,314,877,419,55,251,474,264,208,339,139,349,217,240,582,742,1254,243,431,109,500,408,84,227,476,309,92,330,165,401,212,319,454,166,290
337,272,114,49,333,71,341,94,91,133,276,344,601,213,164,189,247,564,349,43,160,323,184,137,180,72,216,168,139,371,483,910,185,299,58,343,293,47,145,333,234,73,262,125,229,319,79,345,102,208
474,425,192,88,543,96,464,178,182,190,404,591,945,366,276,313,361,915,513,64,283,534,334,219,330,130,343,267,272,577,729,1477,278,489,122,523,480,84,270,522,349,94,375,204,395,454,345,241,185,353
168,168,75,29,191,37,173,61,72,86,156,195,318,106,88,102,140,322,186,20,86,176,122,91,113,58,128,83,76,231,274,510,77,174,37,206,179,25,87,185,108,38,153,67,134,166,102,185,31,134
406,321,148,76,365,91,360,120,117,167,293,361,596,239,171,195,274,603,337,40,185,354,210,158,231,95,231,185,201,458,504,950,185,315,80,334,328,54,178,355,214,74,275,125,288,290,208,353,134,124
