283,452,193,88,505,110,500,190,175,254,448,511,780,343,315,355,351,857,529,61,306,494,356,198,378,146,375,282,312,629,705,1194,274,550,109,529,496,77,233,444,295,104,355,184,410,418,345,471,161,406
452,175,184,74,479,100,447,137,149,164,372,477,787,273,238,205,349,802,455,50,236,442,248,160,322,121,293,216,211,533,651,1215,244,423,93,490,398,68,225,464,297,89,318,175,378,405,291,447,175,269
193,184,34,41,232,56,179,65,70,83,160,217,347,109,88,111,159,366,191,25,93,191,97,75,113,62,130,110,86,261,285,573,107,202,60,185,195,35,103,223,141,33,167,85,138,170,114,205,85,123
88,74,41,4,94,16,80,19,30,37,58,98,138,47,49,46,59,146,100,8,51,101,50,30,57,18,63,48,46,111,144,214,38,73,16,79,79,13,44,81,55,22,64,31,67,87,64,91,17,54
505,479,232,94,245,132,493,155,154,199,432,565,911,308,279,295,377,900,531,60,323,524,316,202,346,133,351,256,264,633,789,1415,281,471,109,564,467,90,272,556,328,105,390,210,411,479,353,510,192,364
110,100,56,16,132,12,98,31,40,52,94,122,199,66,58,74,78,189,126,15,68,128,59,41,79,30,71,60,66,139,156,286,64,98,18,122,102,22,59,99,80,28,87,46,85,115,88,102,29,79
500,447,179,80,493,98,234,137,169,197,399,529,857,271,244,270,344,798,483,63,276,507,243,173,346,142,372,230,275,582,716,1320,214,425,110,524,440,88,255,465,314,105,391,162,386,451,321,474,174,323
190,137,65,19,155,31,137,21,55,78,138,177,309,108,77,81,135,286,158,19,93,164,101,62,97,44,100,52,75,190,233,426,101,150,28,160,153,25,67,162,96,28,120,74,131,148,94,151,59,122
175,149,70,30,154,40,169,55,32,64,119,192,298,100,90,114,102,285,156,13,94,167,102,71,118,52,111,70,87,197,260,455,84,136,33,169,166,27,90,186,104,36,137,63,139,138,101,172,62,120
254,164,83,37,199,52,197,78,64,46,149,207,342,145,128,129,155,343,239,25,136,224,129,69,138,59,141,99,123,253,299,509,89,204,46,215,199,29,100,194,133,51,155,70,171,169,129,212,73,143
448,372,160,58,432,94,399,138,119,149,150,484,785,287,213,257,294,773,455,46,243,453,257,172,271,119,288,197,211,496,649,1173,208,383,100,445,426,63,237,429,271,79,298,134,348,384,251,443,127,278
511,477,217,98,565,122,529,177,192,207,484,335,971,362,305,309,406,1020,598,71,322,608,320,221,388,152,381,262,278,734,868,1539,287,534,142,566,478,106,275,635,395,123,438,208,443,491,331,552,219,373
780,787,347,138,911,199,857,309,298,342,785,971,822,603,469,513,685,1475,976,132,517,989,551,351,635,248,653,457,438,1177,1345,2426,483,843,195,964,818,173,455,956,656,173,683,335,748,809,604,936,319,620
343,273,109,47,308,66,271,108,100,145,287,362,603,101,185,174,217,584,298,28,177,302,180,137,226,80,223,149,189,399,475,939,177,312,77,333,289,63,163,334,200,51,254,109,258,284,220,330,135,202
315,238,88,49,279,58,244,77,90,128,213,305,469,185,62,137,216,468,278,32,160,286,136,114,166,73,173,112,134,320,394,700,139,251,51,278,272,51,112,260,169,56,221,99,208,260,170,256,105,187
355,205,111,46,295,74,270,81,114,129,257,309,513,174,137,85,228,522,297,32,148,310,168,118,190,68,174,108,152,358,456,824,167,258,60,290,302,43,126,304,167,55,249,120,228,259,196,295,123,203
351,349,159,59,377,78,344,135,102,155,294,406,685,217,216,228,121,688,362,40,190,368,235,153,241,84,246,160,183,482,556,1017,213,326,86,374,351,63,169,400,234,57,270,158,271,313,239,380,135,266
857,802,366,146,900,189,798,286,285,343,773,1020,1475,584,468,522,688,838,939,129,474,913,560,332,642,238,666,418,442,1172,1326,2466,479,832,201,967,828,166,429,928,639,168,667,343,726,817,595,874,314,623
529,455,191,100,531,126,483,158,156,239,455,598,976,298,278,297,362,939,238,79,270,460,291,208,341,129,327,224,253,637,749,1423,288,508,127,540,497,77,244,543,326,83,377,211,372,520,306,505,189,368
61,50,25,8,60,15,63,19,13,25,46,71,132,28,32,32,40,129,79,3,31,77,40,20,31,14,40,37,28,87,122,174,37,66,18,51,63,13,26,82,44,14,47,24,33,60,35,65,23,32
306,236,93,51,323,68,276,93,94,136,243,322,517,177,160,148,190,474,270,31,75,278,161,108,170,84,180,128,137,334,415,768,162,265,54,305,273,46,129,283,166,56,187,100,217,260,184,286,103,212
494,442,191,101,524,128,507,164,167,224,453,608,989,302,286,310,368,913,460,77,278,262,318,212,374,129,362,265,254,645,764,1441,294,516,127,548,492,76,257,526,305,84,387,150,417,495,308,530,207,324
356,248,97,50,316,59,243,101,102,129,257,320,551,180,136,168,235,560,291,40,161,318,89,131,197,89,198,144,153,380,464,799,161,272,69,317,280,46,158,323,192,64,242,103,227,280,181,313,115,224
198,160,75,30,202,41,173,62,71,69,172,221,351,137,114,118,153,332,208,20,108,212,131,38,132,63,137,89,103,238,310,533,102,179,29,212,192,33,106,193,124,42,140,71,178,166,123,221,79,128
378,322,113,57,346,79,346,97,118,138,271,388,635,226,166,190,241,642,341,31,170,374,197,132,114,97,204,148,172,441,477,900,169,292,73,325,322,64,166,364,241,50,252,116,258,299,189,367,134,210
146,121,62,18,133,30,142,44,52,59,119,152,248,80,73,68,84,238,129,14,84,129,89,63,97,19,71,45,63,154,202,371,68,111,29,124,129,23,62,143,97,20,96,53,116,133,80,154,71,86
375,293,130,63,351,71,372,100,111,141,288,381,653,223,173,174,246,666,327,40,180,362,198,137,204,71,109,146,153,416,567,1020,202,313,84,363,311,52,170,328,221,62,267,130,275,322,195,386,162,223
282,216,110,48,256,60,230,52,70,99,197,262,457,149,112,108,160,418,224,37,128,265,144,89,148,45,146,56,111,311,346,635,134,212,48,256,230,59,93,231,160,56,178,75,189,224,135,246,81,161
312,211,86,46,264,66,275,75,87,123,211,278,438,189,134,152,183,442,253,28,137,254,153,103,172,63,153,111,71,292,391,726,137,242,60,264,256,44,122,268,189,48,215,101,223,230,149,275,107,176
629,533,261,111,633,139,582,190,197,253,496,734,1177,399,320,358,482,1172,637,87,334,645,380,238,441,154,416,311,292,401,914,1854,352,578,170,644,605,110,306,665,427,103,480,228,488,606,405,651,245,433
705,651,285,144,789,156,716,233,260,299,649,868,1345,475,394,456,556,1326,749,122,415,764,464,310,477,202,567,346,391,914,537,2003,395,713,180,799,744,126,394,789,517,150,534,282,600,708,489,746,284,515
1194,1215,573,214,1415,286,1320,426,455,509,1173,1539,2426,939,700,824,1017,2466,1423,174,768,1441,799,533,900,371,1020,635,726,1854,2003,1946,729,1302,320,1568,1292,259,688,1483,957,322,1023,507,1079,1313,869,1417,486,942
274,244,107,38,281,64,214,101,84,89,208,287,483,177,139,167,213,479,288,37,162,294,161,102,169,68,202,134,137,352,395,729,68,268,59,307,260,47,150,292,168,48,189,96,187,244,167,257,82,182
550,423,202,73,471,98,425,150,136,204,383,534,843,312,251,258,326,832,508,66,265,516,272,179,292,111,313,212,242,578,713,1302,268,191,116,486,432,90,265,519,299,113,356,174,359,448,281,446,165,328
109,93,60,16,109,18,110,28,33,46,100,142,195,77,51,60,86,201,127,18,54,127,69,29,73,29,84,48,60,170,180,320,59,116,20,114,102,21,51,106,69,25,86,33,96,104,69,123,43,76
529,490,185,79,564,122,524,160,169,215,445,566,964,333,278,290,374,967,540,51,305,548,317,212,325,124,363,256,264,644,799,1568,307,486,114,290,468,98,266,550,343,105,376,219,391,483,313,569,200,378
496,398,195,79,467,102,440,153,166,199,426,478,818,289,272,302,351,828,497,63,273,492,280,192,322,129,311,230,256,605,744,1292,260,432,102,468,209,82,254,501,285,97,321,155,374,423,303,501,162,314
77,68,35,13,90,22,88,25,27,29,63,106,173,63,51,43,63,166,77,13,46,76,46,33,64,23,52,59,44,110,126,259,47,90,21,98,82,6,37,94,57,27,53,31,72,90,47,90,38,42
233,225,103,44,272,59,255,67,90,100,237,275,455,163,112,126,169,429,244,26,129,257,158,106,166,62,170,93,122,306,394,688,150,265,51,266,254,37,54,294,168,45,203,113,191,232,161,232,86,175
444,464,223,81,556,99,465,162,186,194,429,635,956,334,260,304,400,928,543,82,283,526,323,193,364,143,328,231,268,665,789,1483,292,519,106,550,501,94,294,240,343,107,393,185,399,470,338,515,203,351
295,297,141,55,328,80,314,96,104,133,271,395,656,200,169,167,234,639,326,44,166,305,192,124,241,97,221,160,189,427,517,957,168,299,69,343,285,57,168,343,113,72,256,116,279,334,193,332,115,217
104,89,33,22,105,28,105,28,36,51,79,123,173,51,56,55,57,168,83,14,56,84,64,42,50,20,62,56,48,103,150,322,48,113,25,105,97,27,45,107,72,13,83,46,82,95,52,99,40,92
355,318,167,64,390,87,391,120,137,155,298,438,683,254,221,249,270,667,377,47,187,387,242,140,252,96,267,178,215,480,534,1023,189,356,86,376,321,53,203,393,256,83,155,138,296,332,252,412,124,264
184,175,85,31,210,46,162,74,63,70,134,208,335,109,99,120,158,343,211,24,100,150,103,71,116,53,130,75,101,228,282,507,96,174,33,219,155,31,113,185,116,46,138,44,137,156,116,183,66,128
410,378,138,67,411,85,386,131,139,171,348,443,748,258,208,228,271,726,372,33,217,417,227,178,258,116,275,189,223,488,600,1079,187,359,96,391,374,72,191,399,279,82,296,137,159,362,268,431,166,269
418,405,170,87,479,115,451,148,138,169,384,491,809,284,260,259,313,817,520,60,260,495,280,166,299,133,322,224,230,606,708,1313,244,448,104,483,423,90,232,470,334,95,332,156,362,216,297,454,172,319
345,291,114,64,353,88,321,94,101,129,251,331,604,220,170,196,239,595,306,35,184,308,181,123,189,80,195,135,149,405,489,869,167,281,69,313,303,47,161,338,193,52,252,116,268,297,108,327,110,194
471,447,205,91,510,102,474,151,172,212,443,552,936,330,256,295,380,874,505,65,286,530,313,221,367,154,386,246,275,651,746,1417,257,446,123,569,501,90,232,515,332,99,412,183,431,454,327,262,187,350
161,175,85,17,192,29,174,59,62,73,127,219,319,135,105,123,135,314,189,23,103,207,115,79,134,71,162,81,107,245,284,486,82,165,43,200,162,38,86,203,115,40,124,66,166,172,110,187,37,137
406,269,123,54,364,79,323,122,120,143,278,373,620,202,187,203,266,623,368,32,212,324,224,128,210,86,223,161,176,433,515,942,182,328,76,378,314,42,175,351,217,92,264,128,269,319,194,350,137,122
