248,419,213,86,464,96,450,180,175,228,492,508,756,380,331,332,349,772,505,61,307,535,349,200,341,155,362,276,299,558,708,1207,222,436,101,500,483,92,224,452,265,102,355,193,409,427,321,468,172,374
419,197,155,79,473,100,437,137,140,164,357,506,771,274,206,218,307,814,457,67,214,443,256,197,291,111,279,202,223,571,648,1257,229,442,101,481,401,83,223,455,286,84,317,150,375,370,268,433,156,277
213,155,33,36,199,36,177,67,75,84,179,208,357,146,119,103,134,343,182,29,89,192,104,81,120,50,129,85,94,289,291,550,111,196,42,221,199,34,107,199,130,41,171,86,143,177,136,220,65,120
86,79,36,7,92,16,69,32,20,25,68,98,155,69,54,53,67,154,75,15,51,80,52,31,64,21,63,44,42,108,132,245,41,75,10,87,75,14,45,82,49,25,48,34,65,69,60,81,22,65
464,473,199,92,271,122,529,150,184,215,447,546,923,325,265,296,347,869,551,56,302,569,289,224,334,123,354,232,287,617,790,1389,243,474,102,535,526,76,276,557,343,100,400,176,421,478,325,527,165,373
96,100,36,16,122,13,98,38,35,34,100,154,193,81,58,63,88,196,99,16,64,120,68,44,87,30,80,51,57,147,169,283,51,105,24,110,85,21,64,99,67,28,64,33,81,97,82,121,36,70
450,437,177,69,529,98,241,151,164,193,428,539,853,336,275,280,353,864,482,74,267,520,310,207,344,128,368,225,250,585,695,1350,252,466,105,522,447,69,243,477,297,114,355,177,434,427,316,474,174,335
180,137,67,32,150,38,151,22,47,63,141,180,274,103,73,85,106,267,151,19,94,167,87,69,106,30,90,68,79,196,242,409,81,142,25,152,149,21,73,169,105,23,116,53,133,141,93,165,47,106
175,140,75,20,184,35,164,47,21,66,144,181,311,101,121,125,119,324,189,25,96,182,110,78,124,35,120,78,88,229,244,454,100,156,30,173,172,27,85,196,99,31,147,45,138,165,115,188,62,112
228,164,84,25,215,34,193,63,66,37,180,223,394,143,116,117,150,375,207,27,117,227,153,79,127,44,139,107,115,273,312,567,119,193,42,210,184,41,79,222,142,38,148,76,180,203,130,219,70,145
492,357,179,68,447,100,428,141,144,180,192,489,766,291,242,263,306,749,445,70,263,468,286,185,284,109,277,196,221,578,673,1090,227,428,95,452,379,74,203,429,281,74,298,162,353,380,266,470,147,280
508,506,208,98,546,154,539,180,181,223,489,309,944,349,305,314,395,984,547,65,298,542,307,232,362,152,386,244,281,682,803,1494,274,550,136,570,506,77,264,626,381,112,412,205,434,526,356,534,222,378
756,771,357,155,923,193,853,274,311,394,766,944,798,564,505,551,624,1434,870,97,493,872,536,333,565,214,583,468,428,1165,1252,2347,445,833,213,951,824,147,447,980,595,187,668,344,682,793,585,912,317,585
380,274,146,69,325,81,336,103,101,143,291,349,564,98,177,199,225,601,337,52,198,342,205,127,244,85,223,150,164,430,495,884,176,299,69,344,328,53,171,367,225,67,244,112,266,279,231,330,100,257
331,206,119,54,265,58,275,73,121,116,242,305,505,177,75,153,176,501,258,22,132,252,137,110,168,52,173,118,136,366,420,756,139,240,55,278,243,51,128,287,168,76,239,101,229,261,187,278,87,181
332,218,103,53,296,63,280,85,125,117,263,314,551,199,153,80,181,540,320,34,146,290,163,128,198,54,176,125,150,378,454,837,155,248,64,275,282,48,136,327,185,70,241,116,252,273,213,329,109,186
349,307,134,67,347,88,353,106,119,150,306,395,624,225,176,181,114,669,382,44,191,396,211,134,249,94,255,168,166,464,546,1052,203,345,85,373,351,75,168,395,242,78,262,120,293,319,208,347,136,253
772,814,343,154,869,196,864,267,324,375,749,984,1434,601,501,540,669,772,877,115,477,879,544,347,621,214,613,457,431,1078,1277,2350,434,854,201,947,817,155,434,947,552,166,669,325,695,798,579,933,308,595
505,457,182,75,551,99,482,151,189,207,445,547,870,337,258,320,382,877,257,63,301,461,274,197,331,116,336,232,264,635,748,1359,243,453,113,522,462,92,269,560,313,111,374,197,404,460,296,533,183,340
61,67,29,15,56,16,74,19,25,27,70,65,97,52,22,34,44,115,63,4,28,71,33,40,47,23,46,26,29,79,104,168,40,50,20,53,72,10,38,69,30,6,42,29,56,57,38,69,21,34
307,214,89,51,302,64,267,94,96,117,263,298,493,198,132,146,191,477,301,28,92,308,148,107,178,52,163,126,148,366,424,773,169,244,64,290,277,47,137,271,182,51,213,105,225,276,175,287,115,185
535,443,192,80,569,120,520,167,182,227,468,542,872,342,252,290,396,879,461,71,308,243,294,208,355,123,364,232,282,685,746,1368,271,498,111,524,487,90,281,550,299,108,396,192,449,457,321,555,176,360
349,256,104,52,289,68,310,87,110,153,286,307,536,205,137,163,211,544,274,33,148,294,88,120,193,85,194,159,122,363,458,855,177,292,76,271,244,57,139,323,199,60,224,105,256,288,187,273,112,198
200,197,81,31,224,44,207,69,78,79,185,232,333,127,110,128,134,347,197,40,107,208,120,41,144,46,146,96,111,255,286,561,110,227,52,212,177,27,96,215,114,44,139,84,155,181,119,204,79,132
341,291,120,64,334,87,344,106,124,127,284,362,565,244,168,198,249,621,331,47,178,355,193,144,119,76,194,167,172,420,509,944,163,342,69,323,322,55,175,343,224,64,258,126,289,326,239,377,120,214
155,111,50,21,123,30,128,30,35,44,109,152,214,85,52,54,94,214,116,23,52,123,85,46,76,13,77,54,67,137,190,375,74,127,29,153,129,25,74,129,95,25,91,47,123,130,85,168,43,92
362,279,129,63,354,80,368,90,120,139,277,386,583,223,173,176,255,613,336,46,163,364,194,146,194,77,108,178,180,432,517,972,192,379,74,364,328,59,185,363,243,68,249,122,313,316,203,395,113,221
276,202,85,44,232,51,225,68,78,107,196,244,468,150,118,125,168,457,232,26,126,232,159,96,167,54,178,50,125,282,379,693,120,247,61,268,234,29,121,248,153,39,185,91,198,212,168,256,88,175
299,223,94,42,287,57,250,79,88,115,221,281,428,164,136,150,166,431,264,29,148,282,122,111,172,67,180,125,77,316,391,687,152,246,50,267,260,51,133,304,156,64,212,92,224,222,157,255,100,187
558,571,289,108,617,147,585,196,229,273,578,682,1165,430,366,378,464,1078,635,79,366,685,363,255,420,137,432,282,316,356,960,1774,326,572,154,631,585,107,317,702,408,112,456,246,498,581,390,670,247,428
708,648,291,132,790,169,695,242,244,312,673,803,1252,495,420,454,546,1277,748,104,424,746,458,286,509,190,517,379,391,960,569,2036,410,684,164,826,688,139,386,803,483,172,549,299,614,688,487,799,266,530
1207,1257,550,245,1389,283,1350,409,454,567,1090,1494,2347,884,756,837,1052,2350,1359,168,773,1368,855,561,944,375,972,693,687,1774,2036,1843,711,1284,320,1472,1236,238,687,1408,898,266,1044,537,1113,1257,872,1439,484,947
222,229,111,41,243,51,252,81,100,119,227,274,445,176,139,155,203,434,243,40,169,271,177,110,163,74,192,120,152,326,410,711,58,249,67,261,254,40,129,273,174,58,217,88,216,249,181,251,88,186
436,442,196,75,474,105,466,142,156,193,428,550,833,299,240,248,345,854,453,50,244,498,292,227,342,127,379,247,246,572,684,1284,249,228,115,486,446,75,250,510,292,99,381,185,393,418,314,477,172,305
101,101,42,10,102,24,105,25,30,42,95,136,213,69,55,64,85,201,113,20,64,111,76,52,69,29,74,61,50,154,164,320,67,115,10,117,91,23,66,124,77,23,81,42,92,103,59,124,34,63
500,481,221,87,535,110,522,152,173,210,452,570,951,344,278,275,373,947,522,53,290,524,271,212,323,153,364,268,267,631,826,1472,261,486,117,291,495,93,266,562,351,122,413,198,431,494,290,563,195,349
483,401,199,75,526,85,447,149,172,184,379,506,824,328,243,282,351,817,462,72,277,487,244,177,322,129,328,234,260,585,688,1236,254,446,91,495,213,74,231,489,310,106,356,187,388,437,308,497,181,301
92,83,34,14,76,21,69,21,27,41,74,77,147,53,51,48,75,155,92,10,47,90,57,27,55,25,59,29,51,107,139,238,40,75,23,93,74,6,36,99,52,17,64,32,68,81,55,75,34,62
224,223,107,45,276,64,243,73,85,79,203,264,447,171,128,136,168,434,269,38,137,281,139,96,175,74,185,121,133,317,386,687,129,250,66,266,231,36,51,270,176,51,187,111,211,210,140,263,102,170
452,455,199,82,557,99,477,169,196,222,429,626,980,367,287,327,395,947,560,69,271,550,323,215,343,129,363,248,304,702,803,1408,273,510,124,562,489,99,270,251,337,135,390,195,482,461,353,548,213,357
265,286,130,49,343,67,297,105,99,142,281,381,595,225,168,185,242,552,313,30,182,299,199,114,224,95,243,153,156,408,483,898,174,292,77,351,310,52,176,337,113,74,250,132,269,271,215,354,118,220
102,84,41,25,100,28,114,23,31,38,74,112,187,67,76,70,78,166,111,6,51,108,60,44,64,25,68,39,64,112,172,266,58,99,23,122,106,17,51,135,74,15,95,36,108,87,64,113,29,69
355,317,171,48,400,64,355,116,147,148,298,412,668,244,239,241,262,669,374,42,213,396,224,139,258,91,249,185,212,456,549,1044,217,381,81,413,356,64,187,390,250,95,131,119,309,389,253,391,147,257
193,150,86,34,176,33,177,53,45,76,162,205,344,112,101,116,120,325,197,29,105,192,105,84,126,47,122,91,92,246,299,537,88,185,42,198,187,32,111,195,132,36,119,36,163,187,123,202,77,138
409,375,143,65,421,81,434,133,138,180,353,434,682,266,229,252,293,695,404,56,225,449,256,155,289,123,313,198,224,498,614,1113,216,393,92,431,388,68,211,482,269,108,309,163,185,382,266,439,165,276
427,370,177,69,478,97,427,141,165,203,380,526,793,279,261,273,319,798,460,57,276,457,288,181,326,130,316,212,222,581,688,1257,249,418,103,494,437,81,210,461,271,87,389,187,382,193,306,485,163,295
321,268,136,60,325,82,316,93,115,130,266,356,585,231,187,213,208,579,296,38,175,321,187,119,239,85,203,168,157,390,487,872,181,314,59,290,308,55,140,353,215,64,253,123,266,306,105,351,105,200
468,433,220,81,527,121,474,165,188,219,470,534,912,330,278,329,347,933,533,69,287,555,273,204,377,168,395,256,255,670,799,1439,251,477,124,563,497,75,263,548,354,113,391,202,439,485,351,263,193,345
172,156,65,22,165,36,174,47,62,70,147,222,317,100,87,109,136,308,183,21,115,176,112,79,120,43,113,88,100,247,266,484,88,172,34,195,181,34,102,213,118,29,147,77,165,163,105,193,29,133
374,277,120,65,373,70,335,106,112,145,280,378,585,257,181,186,253,595,340,34,185,360,198,132,214,92,221,175,187,428,530,947,186,305,63,349,301,62,170,357,220,69,257,138,276,295,200,345,133,115
