282,472,215,88,490,110,483,212,178,249,447,528,848,366,321,341,352,827,470,63,346,506,363,210,365,135,396,272,309,621,673,1204,264,505,92,517,469,92,261,452,269,110,373,200,422,447,318,521,178,403
472,184,179,77,434,86,426,130,151,203,371,469,761,263,250,271,311,809,439,37,217,431,231,175,291,102,284,200,216,558,628,1229,218,411,103,418,400,70,190,459,292,85,321,176,345,379,302,432,185,284
215,179,50,32,237,41,195,48,84,94,200,208,403,131,108,104,142,373,198,31,111,213,113,83,123,52,142,102,85,230,318,555,120,185,50,210,188,18,104,238,126,36,162,71,163,191,119,225,79,141
88,77,32,8,85,18,87,25,25,34,70,94,137,64,44,65,51,151,75,11,54,82,46,34,59,19,53,47,54,95,115,196,32,69,19,95,66,7,33,90,67,15,67,29,75,75,59,61,22,49
490,434,237,85,251,124,465,153,174,220,446,590,946,323,254,291,373,906,479,59,272,509,306,237,338,135,357,258,246,644,765,1389,276,479,111,570,492,93,251,547,297,99,362,213,419,490,316,538,200,339
110,86,41,18,124,15,120,34,40,48,103,126,204,82,70,86,87,204,109,17,72,107,75,37,82,30,76,55,73,141,157,268,56,105,28,122,113,18,63,100,83,23,87,44,92,92,69,89,35,60
483,426,195,87,465,120,240,150,159,183,412,547,871,294,261,291,371,885,520,57,293,483,283,190,341,110,331,225,265,618,763,1299,259,435,108,538,462,69,239,528,322,104,390,208,398,447,310,485,173,334
212,130,48,25,153,34,150,24,50,64,131,151,260,104,86,91,107,258,143,18,79,129,96,55,72,45,95,69,74,199,221,462,75,136,38,173,142,21,74,158,86,21,109,57,135,164,84,148,72,110
178,151,84,25,174,40,159,50,34,81,133,175,318,104,89,95,128,319,179,26,110,158,86,70,97,41,106,100,66,196,275,475,94,160,28,185,163,31,74,181,108,43,135,69,129,152,115,164,58,121
249,203,94,34,220,48,183,64,81,45,162,251,354,132,120,121,133,364,210,21,117,204,123,93,160,54,149,100,127,237,310,556,98,182,38,222,206,35,92,215,155,40,157,68,181,179,136,216,84,134
447,371,200,70,446,103,412,131,133,162,186,484,766,290,237,243,312,736,441,53,246,446,243,189,283,98,298,203,223,556,626,1143,199,412,83,472,407,66,197,448,297,71,342,157,348,378,271,424,148,287
528,469,208,94,590,126,547,151,175,251,484,324,1017,366,294,353,432,1054,524,62,333,561,321,213,360,121,373,269,279,734,833,1558,306,523,131,610,528,106,268,621,351,115,438,210,427,481,350,635,233,394
848,761,403,137,946,204,871,260,318,354,766,1017,812,598,464,521,671,1463,901,110,525,927,517,379,597,242,632,430,439,1143,1330,2448,518,886,218,961,876,154,449,961,589,191,670,368,749,853,538,910,335,584
366,263,131,64,323,82,294,104,104,132,290,366,598,93,172,198,241,578,310,33,194,308,191,117,230,74,227,169,181,374,477,909,167,306,71,327,312,51,167,347,219,72,245,127,265,294,212,341,142,226
321,250,108,44,254,70,261,86,89,120,237,294,464,172,75,137,203,470,282,30,163,281,178,115,177,55,176,137,123,313,372,726,135,252,54,269,292,43,151,273,179,57,212,94,222,274,155,291,96,183
341,271,104,65,291,86,291,91,95,121,243,353,521,198,137,76,195,521,310,26,150,308,167,114,167,54,171,133,117,353,440,775,150,276,76,290,295,45,162,296,196,64,231,103,221,271,164,310,109,203
352,311,142,51,373,87,371,107,128,133,312,432,671,241,203,195,108,623,347,31,204,383,222,161,263,93,273,190,191,462,543,1008,195,322,78,369,341,71,172,364,252,73,277,127,303,363,256,379,155,240
827,809,373,151,906,204,885,258,319,364,736,1054,1463,578,470,521,623,782,896,109,527,916,524,384,602,214,611,420,457,1154,1412,2495,479,867,217,950,887,158,437,972,601,202,652,352,710,863,537,896,324,590
470,439,198,75,479,109,520,143,179,210,441,524,901,310,282,310,347,896,257,66,307,495,307,203,359,120,354,240,268,662,751,1419,272,455,107,535,466,93,251,521,310,101,408,223,399,488,325,542,186,351
63,37,31,11,59,17,57,18,26,21,53,62,110,33,30,26,31,109,66,2,38,73,42,31,30,17,49,20,36,79,97,180,30,57,25,64,64,11,29,69,37,14,45,16,60,72,38,69,22,47
346,217,111,54,272,72,293,79,110,117,246,333,525,194,163,150,204,527,307,38,69,299,181,112,189,59,173,125,140,325,413,840,150,260,65,299,257,45,119,286,169,58,232,105,236,262,169,316,133,211
506,431,213,82,509,107,483,129,158,204,446,561,927,308,281,308,383,916,495,73,299,267,305,193,364,118,377,242,270,671,749,1411,265,448,129,552,470,78,264,543,342,120,398,182,412,488,315,545,178,361
363,231,113,46,306,75,283,96,86,123,243,321,517,191,178,167,222,524,307,42,181,305,99,116,184,67,182,168,145,378,452,820,148,301,73,305,291,51,142,305,177,67,231,106,248,274,189,370,131,163
210,175,83,34,237,37,190,55,70,93,189,213,379,117,115,114,161,384,203,31,112,193,116,31,132,51,128,116,98,254,304,568,102,206,47,194,174,37,105,200,138,38,143,78,167,167,139,199,76,159
365,291,123,59,338,82,341,72,97,160,283,360,597,230,177,167,263,602,359,30,189,364,184,132,102,80,210,160,154,403,521,904,163,307,72,351,329,55,159,363,227,61,270,124,253,293,192,362,129,222
135,102,52,19,135,30,110,45,41,54,98,121,242,74,55,54,93,214,120,17,59,118,67,51,80,18,79,79,66,161,175,370,67,106,25,124,101,21,64,120,85,23,97,43,102,113,68,142,50,87
396,284,142,53,357,76,331,95,106,149,298,373,632,227,176,171,273,611,354,49,173,377,182,128,210,79,112,147,157,425,512,977,172,316,70,344,309,61,162,344,242,61,249,125,275,325,232,373,132,223
272,200,102,47,258,55,225,69,100,100,203,269,430,169,137,133,190,420,240,20,125,242,168,116,160,79,147,63,119,269,347,681,130,224,37,227,250,32,125,245,160,48,179,101,186,205,158,246,100,178
309,216,85,54,246,73,265,74,66,127,223,279,439,181,123,117,191,457,268,36,140,270,145,98,154,66,157,119,67,313,414,771,122,242,64,273,246,44,125,269,163,46,177,93,215,239,150,261,106,172
621,558,230,95,644,141,618,199,196,237,556,734,1143,374,313,353,462,1154,662,79,325,671,378,254,403,161,425,269,313,403,1002,1800,336,630,163,672,614,103,320,717,409,145,458,250,501,574,395,681,254,441
673,628,318,115,765,157,763,221,275,310,626,833,1330,477,372,440,543,1412,751,97,413,749,452,304,521,175,512,347,414,1002,566,2070,433,694,165,829,689,153,399,793,498,133,600,288,617,751,458,812,278,515
1204,1229,555,196,1389,268,1299,462,475,556,1143,1558,2448,909,726,775,1008,2495,1419,180,840,1411,820,568,904,370,977,681,771,1800,2070,1910,751,1276,319,1514,1271,233,681,1559,948,303,1048,525,1147,1313,907,1457,523,911
264,218,120,32,276,56,259,75,94,98,199,306,518,167,135,150,195,479,272,30,150,265,148,102,163,67,172,130,122,336,433,751,71,262,66,312,253,53,140,271,157,66,198,105,221,267,162,289,106,177
505,411,185,69,479,105,435,136,160,182,412,523,886,306,252,276,322,867,455,57,260,448,301,206,307,106,316,224,242,630,694,1276,262,245,108,504,433,64,204,493,329,83,386,170,394,441,288,449,160,311
92,103,50,19,111,28,108,38,28,38,83,131,218,71,54,76,78,217,107,25,65,129,73,47,72,25,70,37,64,163,165,319,66,108,6,108,127,21,60,134,65,24,85,55,106,102,77,121,41,78
517,418,210,95,570,122,538,173,185,222,472,610,961,327,269,290,369,950,535,64,299,552,305,194,351,124,344,227,273,672,829,1514,312,504,108,290,475,101,270,559,359,122,425,222,399,497,325,589,200,392
469,400,188,66,492,113,462,142,163,206,407,528,876,312,292,295,341,887,466,64,257,470,291,174,329,101,309,250,246,614,689,1271,253,433,127,475,216,80,229,504,310,95,368,201,411,437,296,471,197,323
92,70,18,7,93,18,69,21,31,35,66,106,154,51,43,45,71,158,93,11,45,78,51,37,55,21,61,32,44,103,153,233,53,64,21,101,80,7,53,92,57,19,58,27,84,84,46,108,36,48
261,190,104,33,251,63,239,74,74,92,197,268,449,167,151,162,172,437,251,29,119,264,142,105,159,64,162,125,125,320,399,681,140,204,60,270,229,53,66,254,166,45,180,93,226,229,150,248,99,148
452,459,238,90,547,100,528,158,181,215,448,621,961,347,273,296,364,972,521,69,286,543,305,200,363,120,344,245,269,717,793,1559,271,493,134,559,504,92,254,282,341,115,396,213,429,506,355,534,192,321
269,292,126,67,297,83,322,86,108,155,297,351,589,219,179,196,252,601,310,37,169,342,177,138,227,85,242,160,163,409,498,948,157,329,65,359,310,57,166,341,117,69,245,140,269,318,201,330,125,206
110,85,36,15,99,23,104,21,43,40,71,115,191,72,57,64,73,202,101,14,58,120,67,38,61,23,61,48,46,145,133,303,66,83,24,122,95,19,45,115,69,8,82,45,79,106,70,108,46,69
373,321,162,67,362,87,390,109,135,157,342,438,670,245,212,231,277,652,408,45,232,398,231,143,270,97,249,179,177,458,600,1048,198,386,85,425,368,58,180,396,245,82,139,167,323,359,224,384,143,267
200,176,71,29,213,44,208,57,69,68,157,210,368,127,94,103,127,352,223,16,105,182,106,78,124,43,125,101,93,250,288,525,105,170,55,222,201,27,93,213,140,45,167,26,147,171,120,193,66,117
422,345,163,75,419,92,398,135,129,181,348,427,749,265,222,221,303,710,399,60,236,412,248,167,253,102,275,186,215,501,617,1147,221,394,106,399,411,84,226,429,269,79,323,147,171,383,242,403,159,270
447,379,191,75,490,92,447,164,152,179,378,481,853,294,274,271,363,863,488,72,262,488,274,167,293,113,325,205,239,574,751,1313,267,441,102,497,437,84,229,506,318,106,359,171,383,201,302,483,180,315
318,302,119,59,316,69,310,84,115,136,271,350,538,212,155,164,256,537,325,38,169,315,189,139,192,68,232,158,150,395,458,907,162,288,77,325,296,46,150,355,201,70,224,120,242,302,83,349,111,185
521,432,225,61,538,89,485,148,164,216,424,635,910,341,291,310,379,896,542,69,316,545,370,199,362,142,373,246,261,681,812,1457,289,449,121,589,471,108,248,534,330,108,384,193,403,483,349,250,207,374
178,185,79,22,200,35,173,72,58,84,148,233,335,142,96,109,155,324,186,22,133,178,131,76,129,50,132,100,106,254,278,523,106,160,41,200,197,36,99,192,125,46,143,66,159,180,111,207,30,116
403,284,141,49,339,60,334,110,121,134,287,394,584,226,183,203,240,590,351,47,211,361,163,159,222,87,223,178,172,441,515,911,177,311,78,392,323,48,148,321,206,69,267,117,270,315,185,374,116,104
