278,466,203,98,480,121,509,195,178,256,479,522,864,374,307,341,397,865,525,74,316,560,318,216,399,141,385,253,290,600,708,1206,245,483,107,553,501,98,281,477,331,115,372,172,449,426,365,502,170,411
466,184,159,78,434,101,429,113,139,170,364,483,789,261,225,221,327,815,422,50,247,449,259,172,274,98,274,186,187,513,684,1269,239,424,101,459,403,81,186,510,284,74,348,171,340,405,266,468,161,275
203,159,34,28,194,39,197,54,67,83,172,211,349,126,110,116,143,321,205,23,120,202,119,85,119,39,107,95,82,235,288,572,115,189,41,197,193,34,104,233,133,40,165,95,163,173,121,219,96,121
98,78,28,9,82,13,99,23,40,43,88,97,158,66,44,64,58,154,90,8,60,88,38,45,63,31,62,43,48,105,137,230,52,76,19,91,69,9,40,103,58,13,65,28,77,83,67,78,25,61
480,434,194,82,273,110,514,167,165,187,407,551,955,343,243,300,387,924,514,54,254,539,296,212,334,143,359,254,245,663,773,1467,254,459,108,531,478,92,268,554,340,89,385,193,395,495,310,498,155,338
121,101,39,13,110,5,94,40,41,46,105,133,202,79,55,72,74,202,112,9,62,107,53,52,72,38,86,51,64,158,155,314,73,98,25,141,87,15,53,116,79,20,85,42,95,104,86,99,33,79
509,429,197,99,514,94,222,145,166,198,398,520,868,333,265,275,319,866,505,64,280,494,309,181,362,134,341,233,264,642,759,1424,278,459,113,543,458,78,257,526,338,113,346,186,398,447,330,452,193,332
195,113,54,23,167,40,145,18,37,61,138,153,268,91,85,80,111,261,158,16,94,156,75,54,79,34,92,80,70,182,236,410,85,142,37,172,135,28,90,177,104,37,119,53,106,141,86,164,58,88
178,139,67,40,165,41,166,37,24,73,172,175,312,113,90,97,116,312,174,18,81,166,109,78,109,51,112,75,94,239,249,479,78,159,26,186,144,37,94,171,100,42,123,51,117,138,102,166,57,126
256,170,83,43,187,46,198,61,73,38,171,204,345,144,121,118,136,323,210,25,121,206,162,72,135,65,150,112,115,258,301,543,124,219,48,217,198,37,96,219,117,44,143,81,166,173,131,204,86,153
479,364,172,88,407,105,398,138,172,171,163,453,766,277,243,254,325,725,427,50,219,452,293,179,282,105,284,220,238,526,654,1137,209,421,95,473,415,87,227,450,271,99,297,173,334,390,258,443,164,292
522,483,211,97,551,133,520,153,175,204,453,334,1027,324,259,313,417,1062,596,66,310,584,311,232,344,140,368,251,264,725,907,1672,299,543,115,582,536,99,270,629,405,116,463,208,420,546,331,614,224,393
864,789,349,158,955,202,868,268,312,345,766,1027,808,599,474,512,676,1447,909,121,487,948,577,375,620,231,615,433,429,1130,1375,2544,515,846,213,995,820,150,479,998,630,195,685,378,715,836,583,943,341,625
374,261,126,66,343,79,333,91,113,144,277,324,599,99,179,183,226,564,334,49,191,338,199,112,218,75,217,161,165,411,510,937,191,320,74,356,283,49,165,341,219,71,250,129,260,296,194,330,134,228
307,225,110,44,243,55,265,85,90,121,243,259,474,179,73,149,194,450,258,31,172,259,156,97,183,70,181,125,138,309,385,769,152,272,47,292,251,31,143,283,172,61,196,97,228,217,159,298,103,192
341,221,116,64,300,72,275,80,97,118,254,313,512,183,149,90,194,498,264,37,150,272,168,94,197,91,209,141,130,333,393,856,160,296,69,326,261,39,154,308,185,58,211,97,238,247,175,297,110,206
397,327,143,58,387,74,319,111,116,136,325,417,676,226,194,194,143,705,349,32,196,374,214,166,255,97,263,187,201,438,532,1028,191,349,96,382,325,66,176,394,247,79,295,153,291,332,250,402,141,261
865,815,321,154,924,202,866,261,312,323,725,1062,1447,564,450,498,705,752,976,126,496,948,512,365,596,240,638,398,473,1102,1383,2517,487,829,215,962,810,159,493,1008,627,207,667,346,698,826,546,939,305,586
525,422,205,90,514,112,505,158,174,210,427,596,909,334,258,264,349,976,224,63,297,490,319,202,348,123,322,231,241,661,777,1414,258,526,114,522,485,98,256,523,334,121,394,200,394,445,308,544,190,338
74,50,23,8,54,9,64,16,18,25,50,66,121,49,31,37,32,126,63,1,28,68,41,22,41,17,43,24,35,81,94,174,30,58,12,61,50,7,31,51,40,12,50,20,51,68,29,67,30,36
316,247,120,60,254,62,280,94,81,121,219,310,487,191,172,150,196,496,297,28,70,275,173,110,185,82,194,119,135,323,439,769,146,243,74,296,260,52,160,316,187,71,214,108,223,262,160,286,102,209
560,449,202,88,539,107,494,156,166,206,452,584,948,338,259,272,374,948,490,68,275,273,349,200,341,131,354,259,240,657,766,1450,273,515,105,565,489,75,250,535,348,106,357,174,386,491,315,543,181,365
318,259,119,38,296,53,309,75,109,162,293,311,577,199,156,168,214,512,319,41,173,349,88,113,198,70,225,135,156,361,466,846,171,263,58,297,272,52,157,324,185,63,253,115,245,280,173,358,118,203
216,172,85,45,212,52,181,54,78,72,179,232,375,112,97,94,166,365,202,22,110,200,113,37,121,67,142,96,96,247,332,565,112,203,43,239,177,37,104,220,136,32,133,87,152,216,119,214,82,118
399,274,119,63,334,72,362,79,109,135,282,344,620,218,183,197,255,596,348,41,185,341,198,121,108,74,216,158,172,417,515,959,186,321,65,352,322,59,157,381,206,77,258,139,272,322,199,379,134,224
141,98,39,31,143,38,134,34,51,65,105,140,231,75,70,91,97,240,123,17,82,131,70,67,74,15,63,60,64,168,208,346,56,120,28,124,132,19,64,128,83,31,87,55,114,101,94,129,51,78
385,274,107,62,359,86,341,92,112,150,284,368,615,217,181,209,263,638,322,43,194,354,225,142,216,63,102,164,176,422,557,941,192,311,71,353,335,55,165,393,232,72,254,134,281,331,236,356,130,213
253,186,95,43,254,51,233,80,75,112,220,251,433,161,125,141,187,398,231,24,119,259,135,96,158,60,164,57,103,292,354,670,129,213,51,230,239,27,117,248,158,37,180,94,194,215,143,252,96,176
290,187,82,48,245,64,264,70,94,115,238,264,429,165,138,130,201,473,241,35,135,240,156,96,172,64,176,103,61,329,381,710,129,243,46,262,231,31,125,262,166,53,198,81,181,223,142,256,107,202
600,513,235,105,663,158,642,182,239,258,526,725,1130,411,309,333,438,1102,661,81,323,657,361,247,417,168,422,292,329,366,1015,1825,339,604,129,694,610,109,337,695,458,127,478,232,509,607,396,678,222,444
708,684,288,137,773,155,759,236,249,301,654,907,1375,510,385,393,532,1383,777,94,439,766,466,332,515,208,557,354,381,1015,592,2220,393,756,169,772,759,145,338,788,519,175,579,304,633,714,504,803,308,519
1206,1269,572,230,1467,314,1424,410,479,543,1137,1672,2544,937,769,856,1028,2517,1414,174,769,1450,846,565,959,346,941,670,710,1825,2220,2006,757,1349,352,1488,1268,248,738,1552,978,329,1063,542,1181,1336,928,1502,544,889
245,239,115,52,254,73,278,85,78,124,209,299,515,191,152,160,191,487,258,30,146,273,171,112,186,56,192,129,129,339,393,757,75,264,63,310,260,53,140,318,175,72,216,110,252,250,174,300,99,170
483,424,189,76,459,98,459,142,159,219,421,543,846,320,272,296,349,829,526,58,243,515,263,203,321,120,311,213,243,604,756,1349,264,227,104,490,449,86,235,518,327,108,347,163,410,427,308,448,163,335
107,101,41,19,108,25,113,37,26,48,95,115,213,74,47,69,96,215,114,12,74,105,58,43,65,28,71,51,46,129,169,352,63,104,16,121,107,18,61,114,66,24,86,46,93,128,65,113,25,80
553,459,197,91,531,141,543,172,186,217,473,582,995,356,292,326,382,962,522,61,296,565,297,239,352,124,353,230,262,694,772,1488,310,490,121,271,495,102,275,561,359,114,435,197,435,501,351,551,229,359
501,403,193,69,478,87,458,135,144,198,415,536,820,283,251,261,325,810,485,50,260,489,272,177,322,132,335,239,231,610,759,1268,260,449,107,495,215,69,239,502,330,106,344,188,408,418,284,492,170,329
98,81,34,9,92,15,78,28,37,37,87,99,150,49,31,39,66,159,98,7,52,75,52,37,59,19,55,27,31,109,145,248,53,86,18,102,69,7,51,99,54,13,67,29,54,98,49,86,27,63
281,186,104,40,268,53,257,90,94,96,227,270,479,165,143,154,176,493,256,31,160,250,157,104,157,64,165,117,125,337,338,738,140,235,61,275,239,51,84,303,170,60,201,93,193,233,177,270,99,170
477,510,233,103,554,116,526,177,171,219,450,629,998,341,283,308,394,1008,523,51,316,535,324,220,381,128,393,248,262,695,788,1552,318,518,114,561,502,99,303,261,329,146,403,189,445,502,374,551,194,336
331,284,133,58,340,79,338,104,100,117,271,405,630,219,172,185,247,627,334,40,187,348,185,136,206,83,232,158,166,458,519,978,175,327,66,359,330,54,170,329,104,69,266,141,265,299,192,339,119,218
115,74,40,13,89,20,113,37,42,44,99,116,195,71,61,58,79,207,121,12,71,106,63,32,77,31,72,37,53,127,175,329,72,108,24,114,106,13,60,146,69,12,85,39,89,101,66,137,42,87
372,348,165,65,385,85,346,119,123,143,297,463,685,250,196,211,295,667,394,50,214,357,253,133,258,87,254,180,198,478,579,1063,216,347,86,435,344,67,201,403,266,85,172,150,285,375,247,416,141,263
172,171,95,28,193,42,186,53,51,81,173,208,378,129,97,97,153,346,200,20,108,174,115,87,139,55,134,94,81,232,304,542,110,163,46,197,188,29,93,189,141,39,150,30,174,179,139,195,71,122
449,340,163,77,395,95,398,106,117,166,334,420,715,260,228,238,291,698,394,51,223,386,245,152,272,114,281,194,181,509,633,1181,252,410,93,435,408,54,193,445,265,89,285,174,170,365,262,444,163,289
426,405,173,83,495,104,447,141,138,173,390,546,836,296,217,247,332,826,445,68,262,491,280,216,322,101,331,215,223,607,714,1336,250,427,128,501,418,98,233,502,299,101,375,179,365,200,301,461,157,320
365,266,121,67,310,86,330,86,102,131,258,331,583,194,159,175,250,546,308,29,160,315,173,119,199,94,236,143,142,396,504,928,174,308,65,351,284,49,177,374,192,66,247,139,262,301,105,330,111,213
502,468,219,78,498,99,452,164,166,204,443,614,943,330,298,297,402,939,544,67,286,543,358,214,379,129,356,252,256,678,803,1502,300,448,113,551,492,86,270,551,339,137,416,195,444,461,330,243,198,401
170,161,96,25,155,33,193,58,57,86,164,224,341,134,103,110,141,305,190,30,102,181,118,82,134,51,130,96,107,222,308,544,99,163,25,229,170,27,99,194,119,42,141,71,163,157,111,198,33,132
411,275,121,61,338,79,332,88,126,153,292,393,625,228,192,206,261,586,338,36,209,365,203,118,224,78,213,176,202,444,519,889,170,335,80,359,329,63,170,336,218,87,263,122,289,320,213,401,132,115
