283,488,213,82,501,127,535,194,176,260,467,542,834,387,322,361,381,834,556,66,344,571,320,240,371,129,339,286,298,637,709,1182,262,488,133,502,499,94,276,477,336,122,383,187,451,431,339,486,176,398
488,181,166,77,466,105,448,126,129,186,363,502,776,285,208,236,324,769,426,65,232,457,245,201,273,102,297,195,188,534,683,1218,235,430,92,478,455,79,220,468,307,84,351,148,343,424,248,455,152,290
213,166,42,33,220,52,201,68,73,74,165,219,385,139,96,99,139,350,193,29,113,205,120,72,106,50,118,82,97,263,321,594,108,208,44,192,188,42,101,200,169,43,165,74,156,191,124,223,86,109
82,77,33,8,82,17,91,36,31,43,67,94,146,58,55,60,70,141,85,10,44,97,72,34,47,23,61,50,52,114,113,189,38,78,24,88,78,20,45,87,56,25,70,41,74,74,54,80,32,69
501,466,220,82,254,103,480,163,155,215,468,619,998,334,268,283,376,926,513,59,267,485,271,228,321,132,359,234,222,611,786,1459,275,490,118,575,517,81,269,577,338,101,392,199,404,502,313,514,195,366
127,105,52,17,103,10,107,36,42,50,88,136,204,77,71,62,88,196,118,17,60,106,84,37,69,25,81,62,53,153,173,270,54,118,23,128,103,31,64,119,85,26,88,51,93,99,66,121,42,84
535,448,201,91,480,107,239,157,148,208,417,527,868,291,286,273,347,915,513,48,263,498,295,201,317,125,324,231,232,613,732,1302,270,476,118,508,477,93,265,540,332,78,371,186,358,461,315,502,182,344
194,126,68,36,163,36,157,23,59,78,129,144,253,115,81,90,106,291,144,25,64,150,96,69,108,45,107,62,74,189,209,419,67,156,33,157,155,26,73,162,98,27,117,50,132,144,120,145,52,106
176,129,73,31,155,42,148,59,27,79,148,181,295,99,86,102,124,296,160,15,78,160,100,70,96,41,110,63,81,184,249,499,94,157,44,161,164,21,96,175,116,32,117,53,133,162,93,166,62,124
260,186,74,43,215,50,208,78,79,48,169,215,327,150,114,114,167,337,211,21,117,194,120,92,133,43,150,115,99,244,295,536,89,194,50,217,192,39,119,216,123,40,143,62,173,174,113,196,72,148
467,363,165,67,468,88,417,129,148,169,176,511,755,274,225,243,330,766,437,53,231,411,244,172,291,100,311,213,205,523,644,1204,229,406,99,499,409,80,227,451,256,85,298,153,355,418,251,430,168,291
542,502,219,94,619,136,527,144,181,215,511,336,1064,368,288,303,423,1076,629,68,265,588,308,217,375,137,391,273,232,678,903,1644,322,528,139,601,513,88,270,642,392,115,420,211,438,546,363,594,207,374
834,776,385,146,998,204,868,253,295,327,755,1064,841,604,486,510,648,1498,979,132,510,946,510,387,604,221,618,404,472,1150,1440,2503,529,849,209,1016,787,147,478,1026,615,193,697,381,716,829,591,931,332,592
387,285,139,58,334,77,291,115,99,150,274,368,604,107,169,173,237,578,343,25,189,298,173,133,201,86,209,166,131,355,470,854,170,309,77,341,301,62,185,346,220,68,237,136,238,283,208,355,115,221
322,208,96,55,268,71,286,81,86,114,225,288,486,169,67,126,205,479,283,31,165,265,132,101,182,58,175,130,110,296,402,735,144,276,56,254,271,42,146,288,160,48,222,99,204,230,164,286,104,180
361,236,99,60,283,62,273,90,102,114,243,303,510,173,126,70,209,551,305,40,156,294,147,106,171,75,194,123,120,328,437,796,143,290,62,300,288,48,148,328,164,58,249,97,209,265,180,308,110,178
381,324,139,70,376,88,347,106,124,167,330,423,648,237,205,209,118,670,364,56,204,378,192,147,284,98,255,174,187,429,531,1012,196,340,84,361,337,53,172,378,232,88,280,134,311,333,231,382,134,251
834,769,350,141,926,196,915,291,296,337,766,1076,1498,578,479,551,670,849,948,124,506,949,516,378,614,216,620,411,463,1160,1384,2515,513,821,217,1026,766,150,468,968,585,200,672,383,742,827,610,914,333,598
556,426,193,85,513,118,513,144,160,211,437,629,979,343,283,305,364,948,267,58,277,495,284,194,306,123,335,214,259,644,782,1485,290,494,125,526,478,83,269,566,327,107,395,183,394,485,331,520,211,352
66,65,29,10,59,17,48,25,15,21,53,68,132,25,31,40,56,124,58,2,35,60,38,24,49,17,41,32,25,67,104,196,47,60,9,61,51,10,31,73,49,16,47,22,55,53,35,51,23,46
344,232,113,44,267,60,263,64,78,117,231,265,510,189,165,156,204,506,277,35,74,283,179,112,184,82,201,105,127,360,412,768,166,255,69,298,238,50,136,302,205,43,205,100,233,236,173,302,118,161
571,457,205,97,485,106,498,150,160,194,411,588,946,298,265,294,378,949,495,60,283,260,298,206,339,137,367,245,249,636,813,1463,278,464,124,514,432,86,249,523,328,99,381,204,392,464,317,545,210,367
320,245,120,72,271,84,295,96,100,120,244,308,510,173,132,147,192,516,284,38,179,298,89,124,190,77,216,151,139,371,453,786,163,296,57,277,269,60,132,331,207,64,236,97,241,257,181,304,96,200
240,201,72,34,228,37,201,69,70,92,172,217,387,133,101,106,147,378,194,24,112,206,124,39,131,60,136,91,97,248,298,578,113,177,56,209,189,32,114,238,130,42,156,82,164,197,132,218,77,125
371,273,106,47,321,69,317,108,96,133,291,375,604,201,182,171,284,614,306,49,184,339,190,131,104,86,217,152,175,422,502,1000,174,306,79,365,308,58,184,370,225,58,234,115,244,327,192,366,135,223
129,102,50,23,132,25,125,45,41,43,100,137,221,86,58,75,98,216,123,17,82,137,77,60,86,15,68,80,79,175,171,353,51,104,35,128,131,25,57,141,97,32,99,37,105,123,82,130,41,96
339,297,118,61,359,81,324,107,110,150,311,391,618,209,175,194,255,620,335,41,201,367,216,136,217,68,105,171,170,438,510,980,171,324,75,317,319,50,180,377,247,70,242,118,278,330,211,393,122,219
286,195,82,50,234,62,231,62,63,115,213,273,404,166,130,123,174,411,214,32,105,245,151,91,152,80,171,58,125,288,378,627,132,221,51,238,217,26,95,258,149,41,189,88,208,208,146,263,96,159
298,188,97,52,222,53,232,74,81,99,205,232,472,131,110,120,187,463,259,25,127,249,139,97,175,79,170,125,59,299,391,706,140,221,60,251,241,46,92,246,161,32,205,93,197,256,156,237,93,177
637,534,263,114,611,153,613,189,184,244,523,678,1150,355,296,328,429,1160,644,67,360,636,371,248,422,175,438,288,299,371,989,1827,368,598,148,687,600,119,333,702,411,133,469,267,497,625,406,670,233,448
709,683,321,113,786,173,732,209,249,295,644,903,1440,470,402,437,531,1384,782,104,412,813,453,298,502,171,510,378,391,989,610,2228,435,714,172,832,689,129,375,814,499,154,585,311,609,694,496,829,294,517
1182,1218,594,189,1459,270,1302,419,499,536,1204,1644,2503,854,735,796,1012,2515,1485,196,768,1463,786,578,1000,353,980,627,706,1827,2228,2002,746,1341,317,1496,1260,265,750,1554,965,304,1037,541,1110,1330,888,1422,499,936
262,235,108,38,275,54,270,67,94,89,229,322,529,170,144,143,196,513,290,47,166,278,163,113,174,51,171,132,140,368,435,746,73,246,65,315,230,57,138,289,179,56,222,105,217,236,177,298,114,169
488,430,208,78,490,118,476,156,157,194,406,528,849,309,276,290,340,821,494,60,255,464,296,177,306,104,324,221,221,598,714,1341,246,213,116,508,425,84,245,514,319,99,359,196,386,429,320,507,191,328
133,92,44,24,118,23,118,33,44,50,99,139,209,77,56,62,84,217,125,9,69,124,57,56,79,35,75,51,60,148,172,317,65,116,11,135,105,24,56,121,74,29,75,41,103,91,78,115,37,79
502,478,192,88,575,128,508,157,161,217,499,601,1016,341,254,300,361,1026,526,61,298,514,277,209,365,128,317,238,251,687,832,1496,315,508,135,291,527,95,274,604,375,105,422,195,426,479,331,567,194,364
499,455,188,78,517,103,477,155,164,192,409,513,787,301,271,288,337,766,478,51,238,432,269,189,308,131,319,217,241,600,689,1260,230,425,105,527,215,85,249,518,290,85,372,181,392,444,298,518,178,317
94,79,42,20,81,31,93,26,21,39,80,88,147,62,42,48,53,150,83,10,50,86,60,32,58,25,50,26,46,119,129,265,57,84,24,95,85,7,33,85,49,17,57,34,70,88,35,94,44,53
276,220,101,45,269,64,265,73,96,119,227,270,478,185,146,148,172,468,269,31,136,249,132,114,184,57,180,95,92,333,375,750,138,245,56,274,249,33,55,274,173,42,183,90,202,258,180,258,110,171
477,468,200,87,577,119,540,162,175,216,451,642,1026,346,288,328,378,968,566,73,302,523,331,238,370,141,377,258,246,702,814,1554,289,514,121,604,518,85,274,284,362,122,433,203,477,534,338,573,207,359
336,307,169,56,338,85,332,98,116,123,256,392,615,220,160,164,232,585,327,49,205,328,207,130,225,97,247,149,161,411,499,965,179,319,74,375,290,49,173,362,101,78,284,139,272,359,212,361,134,228
122,84,43,25,101,26,78,27,32,40,85,115,193,68,48,58,88,200,107,16,43,99,64,42,58,32,70,41,32,133,154,304,56,99,29,105,85,17,42,122,78,13,80,34,63,98,58,117,34,65
383,351,165,70,392,88,371,117,117,143,298,420,697,237,222,249,280,672,395,47,205,381,236,156,234,99,242,189,205,469,585,1037,222,359,75,422,372,57,183,433,284,80,147,170,309,336,282,398,147,238
187,148,74,41,199,51,186,50,53,62,153,211,381,136,99,97,134,383,183,22,100,204,97,82,115,37,118,88,93,267,311,541,105,196,41,195,181,34,90,203,139,34,170,34,154,157,110,194,57,123
451,343,156,74,404,93,358,132,133,173,355,438,716,238,204,209,311,742,394,55,233,392,241,164,244,105,278,208,197,497,609,1110,217,386,103,426,392,70,202,477,272,63,309,154,158,397,254,444,167,299
431,424,191,74,502,99,461,144,162,174,418,546,829,283,230,265,333,827,485,53,236,464,257,197,327,123,330,208,256,625,694,1330,236,429,91,479,444,88,258,534,359,98,336,157,397,219,294,504,170,299
339,248,124,54,313,66,315,120,93,113,251,363,591,208,164,180,231,610,331,35,173,317,181,132,192,82,211,146,156,406,496,888,177,320,78,331,298,35,180,338,212,58,282,110,254,294,91,349,127,234
486,455,223,80,514,121,502,145,166,196,430,594,931,355,286,308,382,914,520,51,302,545,304,218,366,130,393,263,237,670,829,1422,298,507,115,567,518,94,258,573,361,117,398,194,444,504,349,270,194,359
176,152,86,32,195,42,182,52,62,72,168,207,332,115,104,110,134,333,211,23,118,210,96,77,135,41,122,96,93,233,294,499,114,191,37,194,178,44,110,207,134,34,147,57,167,170,127,194,37,122
398,290,109,69,366,84,344,106,124,148,291,374,592,221,180,178,251,598,352,46,161,367,200,125,223,96,219,159,177,448,517,936,169,328,79,364,317,53,171,359,228,65,238,123,299,299,234,359,122,112
