266,477,230,96,510,140,488,210,172,230,494,482,762,390,313,374,356,784,493,88,351,537,363,219,400,152,399,287,291,648,741,1176,228,486,104,554,455,90,273,444,314,106,392,185,414,454,368,521,166,379
477,200,160,74,446,97,414,143,134,166,332,494,780,264,222,232,305,774,432,36,235,442,227,154,265,109,276,201,208,540,612,1242,232,386,97,451,379,93,225,444,296,97,295,159,336,391,275,454,155,301
230,160,32,35,189,53,187,51,68,81,164,242,378,131,112,106,161,369,208,16,97,216,114,82,98,43,114,93,90,272,316,577,121,201,39,217,185,28,95,241,121,45,148,92,168,201,125,210,74,129
96,74,35,7,84,20,75,32,31,40,86,96,136,51,44,41,56,143,98,11,47,92,66,39,71,16,54,45,59,112,119,245,46,82,23,95,82,14,43,81,50,19,51,28,78,82,60,90,31,66
510,446,189,84,275,119,504,163,169,208,457,596,896,343,268,283,420,915,535,64,293,511,315,191,344,129,346,233,251,655,764,1410,267,463,112,555,478,75,268,507,347,110,394,194,399,463,309,520,197,356
140,97,53,20,119,10,107,37,35,52,97,124,192,70,55,67,79,207,128,16,62,122,67,52,82,23,79,48,61,142,162,320,52,96,30,132,112,14,63,109,85,33,86,36,97,98,78,115,33,85
488,414,187,75,504,107,220,152,158,193,410,543,896,284,250,292,315,895,507,65,286,492,291,192,304,117,332,218,234,611,693,1371,253,438,113,500,420,71,257,505,343,126,348,200,360,497,319,450,161,304
210,143,51,32,163,37,152,23,42,64,126,160,266,105,75,79,119,253,149,22,97,146,90,62,96,38,122,69,76,171,237,419,79,157,31,159,141,24,69,135,84,34,120,56,124,135,92,176,54,107
172,134,68,31,169,35,158,42,24,69,164,209,310,120,80,95,105,294,173,17,87,175,87,60,94,48,124,79,86,219,251,449,97,154,32,160,151,31,88,187,126,37,149,80,136,164,103,175,55,109
230,166,81,40,208,52,193,64,69,44,139,229,355,133,122,131,145,371,230,28,125,200,131,84,141,57,135,118,103,240,298,510,126,191,51,219,177,33,95,199,124,47,174,61,172,181,156,206,72,134
494,332,164,86,457,97,410,126,164,139,181,499,740,278,251,280,321,775,455,51,260,467,274,175,290,116,303,203,245,525,657,1097,226,411,108,459,421,85,219,455,277,83,350,139,370,423,292,446,170,281
482,494,242,96,596,124,543,160,209,229,499,348,1032,361,292,308,384,992,563,76,304,556,317,235,373,147,348,238,270,694,848,1663,335,505,130,588,507,92,294,624,367,108,417,198,438,530,346,645,210,381
762,780,378,136,896,192,896,266,310,355,740,1032,852,619,514,491,619,1439,945,112,503,951,520,390,603,235,564,403,455,1150,1385,2500,487,858,198,983,836,168,446,1023,638,175,663,384,779,869,576,973,357,583
390,264,131,51,343,70,284,105,120,133,278,361,619,102,188,182,229,595,322,44,183,317,203,125,211,86,212,156,157,385,472,944,169,288,73,326,331,50,168,349,217,61,260,122,246,312,206,337,134,217
313,222,112,44,268,55,250,75,80,122,251,292,514,188,79,131,184,502,284,24,137,282,155,117,170,65,180,139,151,335,408,739,142,262,63,251,252,38,133,276,169,67,196,94,232,249,161,266,98,169
374,232,106,41,283,67,292,79,95,131,280,308,491,182,131,67,216,504,322,31,170,324,167,133,188,71,205,131,148,348,424,767,150,248,80,313,254,41,143,319,199,80,233,102,242,253,187,283,98,175
356,305,161,56,420,79,315,119,105,145,321,384,619,229,184,216,129,648,350,55,218,394,195,132,249,82,218,181,197,468,541,989,176,389,83,395,333,62,187,402,244,76,294,137,301,323,220,362,133,264
784,774,369,143,915,207,895,253,294,371,775,992,1439,595,502,504,648,801,927,120,529,934,543,359,609,227,565,423,447,1158,1406,2516,484,873,197,992,842,166,415,999,631,167,660,366,752,853,556,919,344,618
493,432,208,98,535,128,507,149,173,230,455,563,945,322,284,322,350,927,236,56,281,469,323,218,338,125,340,242,264,654,743,1402,286,480,122,525,499,85,248,530,329,91,393,204,415,438,332,548,202,337
88,36,16,11,64,16,65,22,17,28,51,76,112,44,24,31,55,120,56,2,30,63,33,21,32,12,39,20,29,74,88,178,39,56,14,60,55,5,42,54,39,13,51,24,51,50,48,57,29,33
351,235,97,47,293,62,286,97,87,125,260,304,503,183,137,170,218,529,281,30,77,293,164,137,185,70,192,126,134,346,411,761,150,250,63,288,258,50,147,303,186,56,220,107,224,282,191,307,101,202
537,442,216,92,511,122,492,146,175,200,467,556,951,317,282,324,394,934,469,63,293,287,325,237,362,118,379,233,261,639,750,1447,281,481,131,563,512,88,276,551,358,99,380,190,399,473,345,563,204,355
363,227,114,66,315,67,291,90,87,131,274,317,520,203,155,167,195,543,323,33,164,325,85,120,199,90,223,143,144,366,443,848,157,303,65,299,303,34,151,291,194,65,248,108,239,275,171,304,130,216
219,154,82,39,191,52,192,62,60,84,175,235,390,125,117,133,132,359,218,21,137,237,120,32,126,54,139,84,106,198,285,553,109,200,64,192,191,32,108,199,139,41,145,78,145,172,123,230,87,142
400,265,98,71,344,82,304,96,94,141,290,373,603,211,170,188,249,609,338,32,185,362,199,126,94,86,205,154,166,387,489,942,195,312,86,338,331,57,161,375,228,69,267,121,256,301,197,352,118,231
152,109,43,16,129,23,117,38,48,57,116,147,235,86,65,71,82,227,125,12,70,118,90,54,86,13,72,51,64,160,152,344,72,102,28,123,115,17,59,151,77,24,119,48,119,106,76,125,56,100
399,276,114,54,346,79,332,122,124,135,303,348,564,212,180,205,218,565,340,39,192,379,223,139,205,72,112,164,159,397,489,929,174,295,81,341,308,53,187,387,230,69,272,109,293,296,209,371,131,247
287,201,93,45,233,48,218,69,79,118,203,238,403,156,139,131,181,423,242,20,126,233,143,84,154,51,164,55,119,286,313,618,119,209,55,220,194,37,128,243,155,52,165,91,176,219,133,232,66,172
291,208,90,59,251,61,234,76,86,103,245,270,455,157,151,148,197,447,264,29,134,261,144,106,166,64,159,119,52,309,371,643,134,218,52,269,268,35,131,269,182,64,210,77,196,244,149,253,69,184
648,540,272,112,655,142,611,171,219,240,525,694,1150,385,335,348,468,1158,654,74,346,639,366,198,387,160,397,286,309,423,998,1838,335,588,141,710,560,118,303,681,430,126,497,253,477,615,384,633,247,401
741,612,316,119,764,162,693,237,251,298,657,848,1385,472,408,424,541,1406,743,88,411,750,443,285,489,152,489,313,371,998,595,2202,440,700,194,875,680,122,390,807,507,157,529,321,588,761,479,789,291,517
1176,1242,577,245,1410,320,1371,419,449,510,1097,1663,2500,944,739,767,989,2516,1402,178,761,1447,848,553,942,344,929,618,643,1838,2202,2021,743,1321,319,1528,1360,238,685,1593,941,276,1054,550,1167,1376,867,1501,521,925
228,232,121,46,267,52,253,79,97,126,226,335,487,169,142,150,176,484,286,39,150,281,157,109,195,72,174,119,134,335,440,743,71,291,65,288,284,43,135,292,193,62,225,119,239,241,168,263,120,157
486,386,201,82,463,96,438,157,154,191,411,505,858,288,262,248,389,873,480,56,250,481,303,200,312,102,295,209,218,588,700,1321,291,227,126,477,438,80,232,458,307,108,338,161,387,448,295,486,167,337
104,97,39,23,112,30,113,31,32,51,108,130,198,73,63,80,83,197,122,14,63,131,65,64,86,28,81,55,52,141,194,319,65,126,17,115,110,20,55,149,75,19,98,44,109,119,77,143,42,75
554,451,217,95,555,132,500,159,160,219,459,588,983,326,251,313,395,992,525,60,288,563,299,192,338,123,341,220,269,710,875,1528,288,477,115,301,470,75,288,586,317,116,424,185,413,521,312,561,178,365
455,379,185,82,478,112,420,141,151,177,421,507,836,331,252,254,333,842,499,55,258,512,303,191,331,115,308,194,268,560,680,1360,284,438,110,470,206,77,241,446,267,93,335,172,399,422,297,506,170,310
90,93,28,14,75,14,71,24,31,33,85,92,168,50,38,41,62,166,85,5,50,88,34,32,57,17,53,37,35,118,122,238,43,80,20,75,77,12,42,94,53,11,65,23,54,85,52,98,31,57
273,225,95,43,268,63,257,69,88,95,219,294,446,168,133,143,187,415,248,42,147,276,151,108,161,59,187,128,131,303,390,685,135,232,55,288,241,42,50,237,143,49,178,92,217,228,153,294,93,191
444,444,241,81,507,109,505,135,187,199,455,624,1023,349,276,319,402,999,530,54,303,551,291,199,375,151,387,243,269,681,807,1593,292,458,149,586,446,94,237,287,352,107,382,220,428,545,325,602,203,374
314,296,121,50,347,85,343,84,126,124,277,367,638,217,169,199,244,631,329,39,186,358,194,139,228,77,230,155,182,430,507,941,193,307,75,317,267,53,143,352,109,72,273,134,258,348,218,377,126,218
106,97,45,19,110,33,126,34,37,47,83,108,175,61,67,80,76,167,91,13,56,99,65,41,69,24,69,52,64,126,157,276,62,108,19,116,93,11,49,107,72,8,78,34,85,110,53,115,35,71
392,295,148,51,394,86,348,120,149,174,350,417,663,260,196,233,294,660,393,51,220,380,248,145,267,119,272,165,210,497,529,1054,225,338,98,424,335,65,178,382,273,78,133,131,319,324,247,374,130,267
185,159,92,28,194,36,200,56,80,61,139,198,384,122,94,102,137,366,204,24,107,190,108,78,121,48,109,91,77,253,321,550,119,161,44,185,172,23,92,220,134,34,131,40,148,189,110,199,72,122
414,336,168,78,399,97,360,124,136,172,370,438,779,246,232,242,301,752,415,51,224,399,239,145,256,119,293,176,196,477,588,1167,239,387,109,413,399,54,217,428,258,85,319,148,167,393,255,410,167,268
454,391,201,82,463,98,497,135,164,181,423,530,869,312,249,253,323,853,438,50,282,473,275,172,301,106,296,219,244,615,761,1376,241,448,119,521,422,85,228,545,348,110,324,189,393,203,301,497,166,286
368,275,125,60,309,78,319,92,103,156,292,346,576,206,161,187,220,556,332,48,191,345,171,123,197,76,209,133,149,384,479,867,168,295,77,312,297,52,153,325,218,53,247,110,255,301,104,320,135,219
521,454,210,90,520,115,450,176,175,206,446,645,973,337,266,283,362,919,548,57,307,563,304,230,352,125,371,232,253,633,789,1501,263,486,143,561,506,98,294,602,377,115,374,199,410,497,320,245,191,353
166,155,74,31,197,33,161,54,55,72,170,210,357,134,98,98,133,344,202,29,101,204,130,87,118,56,131,66,69,247,291,521,120,167,42,178,170,31,93,203,126,35,130,72,167,166,135,191,35,123
379,301,129,66,356,85,304,107,109,134,281,381,583,217,169,175,264,618,337,33,202,355,216,142,231,100,247,172,184,401,517,925,157,337,75,365,310,57,191,374,218,71,267,122,268,286,219,353,123,122
