263,456,233,91,508,93,490,173,176,227,413,516,832,360,342,332,370,825,516,78,330,545,361,194,360,168,387,267,280,647,758,1249,285,546,106,559,539,72,269,487,321,111,358,197,470,491,358,488,195,362
456,157,157,91,434,116,439,135,139,193,381,437,720,270,223,239,290,769,440,49,258,434,222,173,276,97,284,193,201,536,651,1260,248,404,93,455,429,79,222,469,307,105,366,134,330,387,268,455,132,280
233,157,42,31,212,42,186,60,62,77,177,203,360,116,116,108,135,353,201,23,118,213,103,71,128,48,127,89,89,244,318,559,93,194,35,199,193,32,118,220,122,33,179,81,160,189,124,204,66,128
91,91,31,7,83,19,80,26,24,40,83,91,136,64,34,52,60,130,64,4,58,83,48,38,58,21,63,46,47,88,110,211,48,79,14,97,87,16,49,70,52,21,77,22,64,62,45,82,24,62
508,434,212,83,287,113,533,179,182,231,436,570,927,341,282,324,380,957,477,80,302,526,344,208,365,125,360,233,265,649,771,1484,315,494,125,566,485,86,287,556,347,100,386,186,425,484,353,557,189,343
93,116,42,19,113,8,111,38,27,48,97,123,198,84,46,65,65,187,109,12,85,119,67,57,73,33,86,47,53,136,186,291,61,97,15,135,102,24,65,115,75,30,86,46,94,99,65,127,24,77
490,439,186,80,533,111,230,141,166,182,416,572,918,344,229,273,362,862,486,56,278,491,259,205,310,125,323,222,224,580,755,1371,260,455,93,542,438,75,227,484,304,102,372,197,359,449,298,493,183,364
173,135,60,26,179,38,141,27,49,83,123,154,287,100,90,84,89,277,165,29,97,144,95,63,105,41,97,68,85,188,240,429,79,150,30,152,154,27,64,141,98,32,121,62,116,155,94,143,63,106
176,139,62,24,182,27,166,49,34,84,142,172,300,107,90,100,111,323,156,25,98,161,96,66,122,53,123,69,83,208,250,479,99,162,27,158,150,26,81,184,100,30,119,67,151,148,105,171,60,133
227,193,77,40,231,48,182,83,84,43,186,194,317,138,96,123,148,355,215,27,117,227,125,86,127,60,153,104,122,228,274,532,101,216,48,214,214,30,106,233,137,53,139,62,178,194,131,199,58,142
413,381,177,83,436,97,416,123,142,186,168,462,758,308,231,279,320,803,438,57,232,434,253,200,271,117,319,222,239,517,628,1163,222,442,90,456,416,66,205,470,276,98,286,151,369,396,271,413,129,279
516,437,203,91,570,123,572,154,172,194,462,314,1036,346,277,309,432,1084,571,54,288,589,337,233,400,137,363,237,287,742,894,1650,320,524,135,603,527,89,301,640,378,116,458,231,489,519,385,570,229,348
832,720,360,136,927,198,918,287,300,317,758,1036,827,570,471,518,699,1559,950,108,504,978,528,384,627,214,621,373,463,1147,1458,2483,493,813,205,975,853,154,466,1032,624,215,686,374,746,818,572,946,331,580
360,270,116,64,341,84,344,100,107,138,308,346,570,113,176,187,216,580,302,30,180,303,201,151,206,77,217,153,170,404,458,882,187,316,73,341,330,46,160,330,214,77,266,131,274,290,198,343,131,207
342,223,116,34,282,46,229,90,90,96,231,277,471,176,68,142,210,424,264,34,141,270,148,90,154,65,176,109,135,346,410,718,134,257,47,269,237,44,139,287,160,56,201,110,208,242,163,244,90,189
332,239,108,52,324,65,273,84,100,123,279,309,518,187,142,87,210,499,274,33,145,286,155,124,175,66,179,122,130,368,424,783,170,293,53,274,261,41,139,311,193,41,209,97,211,276,171,269,100,212
370,290,135,60,380,65,362,89,111,148,320,432,699,216,210,210,110,669,380,41,217,402,183,131,225,87,230,154,175,476,556,1071,191,327,80,336,364,59,174,390,217,73,265,128,293,341,240,367,131,207
825,769,353,130,957,187,862,277,323,355,803,1084,1559,580,424,499,669,829,931,132,478,940,536,365,583,227,618,405,478,1136,1429,2426,500,807,187,953,846,155,453,1028,622,177,697,369,711,876,576,928,313,602
516,440,201,64,477,109,486,165,156,215,438,571,950,302,264,274,380,931,235,61,296,463,295,209,305,119,316,209,223,688,778,1434,281,439,109,538,475,88,256,504,331,103,400,195,378,462,319,544,199,322
78,49,23,4,80,12,56,29,25,27,57,54,108,30,34,33,41,132,61,6,39,72,44,33,47,17,41,29,33,80,93,187,35,52,12,57,65,9,38,64,40,12,61,20,56,55,54,62,31,43
330,258,118,58,302,85,278,97,98,117,232,288,504,180,141,145,217,478,296,39,69,294,150,113,145,72,183,116,136,307,417,748,156,287,54,299,269,43,139,287,192,46,201,81,240,266,154,282,112,195
545,434,213,83,526,119,491,144,161,227,434,589,978,303,270,286,402,940,463,72,294,265,300,181,342,122,336,234,256,708,756,1424,278,509,112,562,489,90,256,512,336,111,381,204,401,463,325,525,210,369
361,222,103,48,344,67,259,95,96,125,253,337,528,201,148,155,183,536,295,44,150,300,72,109,181,52,184,139,133,358,422,827,147,271,62,287,283,54,134,326,177,61,236,108,227,252,196,315,110,246
194,173,71,38,208,57,205,63,66,86,200,233,384,151,90,124,131,365,209,33,113,181,109,48,130,57,146,111,91,244,307,562,98,195,53,208,220,34,92,218,111,44,155,74,173,180,131,193,63,153
360,276,128,58,365,73,310,105,122,127,271,400,627,206,154,175,225,583,305,47,145,342,181,130,89,72,211,152,129,395,488,952,171,332,76,325,321,55,159,374,200,58,267,115,245,292,174,333,111,212
168,97,48,21,125,33,125,41,53,60,117,137,214,77,65,66,87,227,119,17,72,122,52,57,72,14,77,70,57,151,179,349,58,109,30,129,107,22,51,163,91,19,97,54,96,118,92,128,50,70
387,284,127,63,360,86,323,97,123,153,319,363,621,217,176,179,230,618,316,41,183,336,184,146,211,77,100,147,164,432,515,993,180,297,68,347,310,62,155,396,234,66,281,136,247,294,213,335,126,200
267,193,89,46,233,47,222,68,69,104,222,237,373,153,109,122,154,405,209,29,116,234,139,111,152,70,147,35,111,271,401,678,144,204,48,218,225,39,116,249,149,43,192,79,179,218,145,230,88,178
280,201,89,47,265,53,224,85,83,122,239,287,463,170,135,130,175,478,223,33,136,256,133,91,129,57,164,111,62,308,355,721,128,238,64,242,250,39,118,251,138,48,192,95,166,238,141,246,93,176
647,536,244,88,649,136,580,188,208,228,517,742,1147,404,346,368,476,1136,688,80,307,708,358,244,395,151,432,271,308,458,1028,1796,366,596,146,694,600,124,324,727,445,119,489,233,503,628,398,712,232,410
758,651,318,110,771,186,755,240,250,274,628,894,1458,458,410,424,556,1429,778,93,417,756,422,307,488,179,515,401,355,1028,581,2057,380,719,160,823,798,129,389,820,509,159,571,299,605,700,501,810,292,513
1249,1260,559,211,1484,291,1371,429,479,532,1163,1650,2483,882,718,783,1071,2426,1434,187,748,1424,827,562,952,349,993,678,721,1796,2057,2001,716,1288,314,1538,1281,269,706,1507,985,302,1112,606,1110,1287,905,1439,535,953
285,248,93,48,315,61,260,79,99,101,222,320,493,187,134,170,191,500,281,35,156,278,147,98,171,58,180,144,128,366,380,716,67,239,64,294,256,61,143,298,190,56,237,116,199,259,159,281,97,201
546,404,194,79,494,97,455,150,162,216,442,524,813,316,257,293,327,807,439,52,287,509,271,195,332,109,297,204,238,596,719,1288,239,232,112,521,465,77,232,505,308,83,354,188,407,429,302,476,180,322
106,93,35,14,125,15,93,30,27,48,90,135,205,73,47,53,80,187,109,12,54,112,62,53,76,30,68,48,64,146,160,314,64,112,14,128,97,18,58,127,73,16,94,52,89,115,77,117,47,88
559,455,199,97,566,135,542,152,158,214,456,603,975,341,269,274,336,953,538,57,299,562,287,208,325,129,347,218,242,694,823,1538,294,521,128,268,488,92,266,541,369,108,409,210,420,540,320,561,230,359
539,429,193,87,485,102,438,154,150,214,416,527,853,330,237,261,364,846,475,65,269,489,283,220,321,107,310,225,250,600,798,1281,256,465,97,488,238,70,260,536,290,106,359,180,405,415,270,520,149,358
72,79,32,16,86,24,75,27,26,30,66,89,154,46,44,41,59,155,88,9,43,90,54,34,55,22,62,39,39,124,129,269,61,77,18,92,70,10,51,94,61,26,62,33,74,90,66,94,30,47
269,222,118,49,287,65,227,64,81,106,205,301,466,160,139,139,174,453,256,38,139,256,134,92,159,51,155,116,118,324,389,706,143,232,58,266,260,51,56,245,159,53,197,110,190,247,170,255,90,154
487,469,220,70,556,115,484,141,184,233,470,640,1032,330,287,311,390,1028,504,64,287,512,326,218,374,163,396,249,251,727,820,1507,298,505,127,541,536,94,245,290,352,104,422,205,425,511,330,556,175,376
321,307,122,52,347,75,304,98,100,137,276,378,624,214,160,193,217,622,331,40,192,336,177,111,200,91,234,149,138,445,509,985,190,308,73,369,290,61,159,352,112,70,260,136,231,317,227,345,114,218
111,105,33,21,100,30,102,32,30,53,98,116,215,77,56,41,73,177,103,12,46,111,61,44,58,19,66,43,48,119,159,302,56,83,16,108,106,26,53,104,70,7,81,32,73,119,60,126,41,70
358,366,179,77,386,86,372,121,119,139,286,458,686,266,201,209,265,697,400,61,201,381,236,155,267,97,281,192,192,489,571,1112,237,354,94,409,359,62,197,422,260,81,137,170,353,373,245,393,137,254
197,134,81,22,186,46,197,62,67,62,151,231,374,131,110,97,128,369,195,20,81,204,108,74,115,54,136,79,95,233,299,606,116,188,52,210,180,33,110,205,136,32,170,40,152,190,131,224,80,125
470,330,160,64,425,94,359,116,151,178,369,489,746,274,208,211,293,711,378,56,240,401,227,173,245,96,247,179,166,503,605,1110,199,407,89,420,405,74,190,425,231,73,353,152,166,362,244,425,153,315
491,387,189,62,484,99,449,155,148,194,396,519,818,290,242,276,341,876,462,55,266,463,252,180,292,118,294,218,238,628,700,1287,259,429,115,540,415,90,247,511,317,119,373,190,362,234,293,454,172,343
358,268,124,45,353,65,298,94,105,131,271,385,572,198,163,171,240,576,319,54,154,325,196,131,174,92,213,145,141,398,501,905,159,302,77,320,270,66,170,330,227,60,245,131,244,293,95,330,112,237
488,455,204,82,557,127,493,143,171,199,413,570,946,343,244,269,367,928,544,62,282,525,315,193,333,128,335,230,246,712,810,1439,281,476,117,561,520,94,255,556,345,126,393,224,425,454,330,277,194,368
195,132,66,24,189,24,183,63,60,58,129,229,331,131,90,100,131,313,199,31,112,210,110,63,111,50,126,88,93,232,292,535,97,180,47,230,149,30,90,175,114,41,137,80,153,172,112,194,33,139
362,280,128,62,343,77,364,106,133,142,279,348,580,207,189,212,207,602,322,43,195,369,246,153,212,70,200,178,176,410,513,953,201,322,88,359,358,47,154,376,218,70,254,125,315,343,237,368,139,126
