271,488,217,86,502,104,477,200,188,263,463,534,847,344,315,332,355,835,505,71,303,505,355,248,377,157,371,283,297,618,690,1177,252,474,106,522,464,98,255,487,314,108,344,159,474,387,346,505,179,390
488,182,136,71,440,98,418,135,137,172,364,514,813,282,225,221,335,795,462,52,240,402,237,170,316,123,285,211,211,548,650,1254,243,399,90,482,413,73,224,466,298,96,323,146,350,415,259,454,166,292
217,136,48,37,205,48,204,72,64,67,173,202,357,124,110,117,136,365,207,25,96,195,106,67,127,40,122,94,101,241,284,595,110,189,40,213,177,21,102,216,140,39,160,88,144,172,124,219,82,121
86,71,37,6,83,17,69,25,30,42,84,107,138,66,43,49,54,137,88,13,51,81,63,27,61,20,56,35,48,126,113,231,55,78,20,79,70,13,41,82,53,15,63,26,72,78,56,75,38,54
502,440,205,83,226,111,481,155,166,214,422,586,918,324,255,275,352,906,572,49,285,521,310,217,331,119,361,217,250,624,781,1439,290,433,104,561,445,96,271,533,353,122,372,183,416,510,301,528,197,346
104,98,48,17,111,15,106,33,37,43,94,143,196,100,70,77,67,192,121,20,64,116,85,43,99,33,91,52,67,158,146,269,57,114,26,95,109,20,54,116,71,18,80,38,103,100,77,97,44,64
477,418,204,69,481,106,225,156,126,178,422,553,825,301,243,308,358,822,458,67,284,484,302,188,320,119,336,199,237,636,685,1328,265,475,104,516,443,79,239,513,293,96,366,178,397,455,283,500,185,311
200,135,72,25,155,33,156,24,46,62,125,158,280,104,85,92,120,300,143,17,84,147,76,69,81,57,104,90,70,199,237,458,114,135,42,154,144,23,77,163,103,35,102,52,126,165,87,168,63,116
188,137,64,30,166,37,126,46,24,56,123,184,286,96,76,94,118,316,175,17,83,161,96,61,105,38,132,66,75,203,253,465,77,157,42,185,173,35,88,190,102,35,127,59,127,148,89,150,60,103
263,172,67,42,214,43,178,62,56,46,164,201,363,140,109,128,132,354,175,32,112,194,132,99,140,53,142,99,116,262,277,552,101,180,43,229,182,49,118,200,143,37,161,67,165,203,134,209,64,157
463,364,173,84,422,94,422,125,123,164,168,468,814,289,247,272,309,785,423,59,242,420,294,188,282,105,283,186,209,552,641,1209,241,384,91,454,381,83,215,422,285,72,340,141,370,402,267,428,161,302
534,514,202,107,586,143,553,158,184,201,468,344,1034,342,288,288,404,1001,567,66,272,564,280,256,357,132,372,248,266,740,844,1551,293,522,139,572,550,89,262,604,390,130,440,211,438,518,316,609,218,372
847,813,357,138,918,196,825,280,286,363,814,1034,787,595,508,538,596,1404,954,112,541,944,512,373,587,230,625,438,456,1180,1341,2368,480,845,200,968,815,146,454,988,574,186,712,339,723,863,536,969,357,656
344,282,124,66,324,100,301,104,96,140,289,342,595,106,164,171,222,614,320,39,190,310,177,114,212,78,226,147,165,391,491,956,182,326,75,357,316,61,152,338,205,68,258,136,243,328,204,316,125,213
315,225,110,43,255,70,243,85,76,109,247,288,508,164,82,170,189,503,274,32,148,285,171,133,176,70,183,126,142,310,380,728,141,232,62,304,262,41,128,294,161,44,219,86,222,240,159,262,114,168
332,221,117,49,275,77,308,92,94,128,272,288,538,171,170,102,194,517,300,34,139,311,184,139,181,77,193,128,161,322,471,807,166,256,60,283,283,53,143,319,185,53,215,113,242,261,182,327,102,200
355,335,136,54,352,67,358,120,118,132,309,404,596,222,189,194,138,612,388,44,213,389,201,153,223,95,270,169,189,473,511,1013,177,315,83,368,342,64,185,382,254,89,294,139,298,297,221,400,124,238
835,795,365,137,906,192,822,300,316,354,785,1001,1404,614,503,517,612,799,920,131,505,950,522,350,634,211,602,482,470,1158,1340,2421,495,864,203,969,835,172,472,959,613,197,670,379,731,791,582,934,353,662
505,462,207,88,572,121,458,143,175,175,423,567,954,320,274,300,388,920,253,64,286,464,314,227,338,135,365,260,278,634,776,1420,273,466,123,569,469,88,263,519,288,118,414,205,428,447,305,552,203,335
71,52,25,13,49,20,67,17,17,32,59,66,112,39,32,34,44,131,64,1,41,62,40,23,42,20,50,25,28,82,122,205,39,57,17,58,58,11,36,78,35,17,51,14,54,52,42,72,19,35
303,240,96,51,285,64,284,84,83,112,242,272,541,190,148,139,213,505,286,41,69,276,142,118,178,71,166,133,151,353,447,796,167,242,55,316,252,51,144,318,205,66,218,90,206,247,169,312,96,194
505,402,195,81,521,116,484,147,161,194,420,564,944,310,285,311,389,950,464,62,276,271,344,207,335,148,365,257,282,674,799,1450,294,502,124,572,484,103,270,526,296,110,403,185,422,476,320,532,179,335
355,237,106,63,310,85,302,76,96,132,294,280,512,177,171,184,201,522,314,40,142,344,85,120,197,72,187,145,148,378,467,870,182,298,61,324,289,54,144,317,195,49,228,92,238,300,161,354,128,213
248,170,67,27,217,43,188,69,61,99,188,256,373,114,133,139,153,350,227,23,118,207,120,26,145,42,134,90,107,246,321,569,100,200,48,241,200,44,109,216,133,52,138,68,166,197,118,225,94,154
377,316,127,61,331,99,320,81,105,140,282,357,587,212,176,181,223,634,338,42,178,335,197,145,128,96,239,162,161,435,534,954,189,311,72,370,322,67,143,380,236,73,262,101,257,348,181,337,136,221
157,123,40,20,119,33,119,57,38,53,105,132,230,78,70,77,95,211,135,20,71,148,72,42,96,11,70,48,56,136,204,359,72,138,22,122,116,19,74,127,81,35,92,47,96,107,71,146,36,90
371,285,122,56,361,91,336,104,132,142,283,372,625,226,183,193,270,602,365,50,166,365,187,134,239,70,114,151,154,425,530,1002,183,357,72,329,325,58,192,387,217,90,264,113,269,307,201,385,128,223
283,211,94,35,217,52,199,90,66,99,186,248,438,147,126,128,169,482,260,25,133,257,145,90,162,48,151,66,104,309,369,685,136,223,51,252,198,32,121,272,192,50,174,84,181,226,145,243,89,136
297,211,101,48,250,67,237,70,75,116,209,266,456,165,142,161,189,470,278,28,151,282,148,107,161,56,154,104,64,330,380,690,133,252,52,245,233,49,136,259,162,51,190,82,212,248,148,253,94,184
618,548,241,126,624,158,636,199,203,262,552,740,1180,391,310,322,473,1158,634,82,353,674,378,246,435,136,425,309,330,404,949,1834,363,584,150,661,610,114,317,701,446,155,506,235,508,560,410,678,253,426
690,650,284,113,781,146,685,237,253,277,641,844,1341,491,380,471,511,1340,776,122,447,799,467,321,534,204,530,369,380,949,549,1984,375,703,178,782,709,132,370,821,491,172,633,277,625,682,508,827,275,481
1177,1254,595,231,1439,269,1328,458,465,552,1209,1551,2368,956,728,807,1013,2421,1420,205,796,1450,870,569,954,359,1002,685,690,1834,1984,1852,710,1282,317,1497,1290,222,682,1487,970,289,1048,539,1141,1290,919,1444,512,950
252,243,110,55,290,57,265,114,77,101,241,293,480,182,141,166,177,495,273,39,167,294,182,100,189,72,183,136,133,363,375,710,72,278,70,293,283,56,158,275,182,65,203,89,220,253,169,245,115,178
474,399,189,78,433,114,475,135,157,180,384,522,845,326,232,256,315,864,466,57,242,502,298,200,311,138,357,223,252,584,703,1282,278,211,106,514,455,73,222,476,303,100,355,185,404,433,288,463,190,300
106,90,40,20,104,26,104,42,42,43,91,139,200,75,62,60,83,203,123,17,55,124,61,48,72,22,72,51,52,150,178,317,70,106,12,127,127,23,59,113,82,19,79,40,85,95,92,122,43,84
522,482,213,79,561,95,516,154,185,229,454,572,968,357,304,283,368,969,569,58,316,572,324,241,370,122,329,252,245,661,782,1497,293,514,127,257,504,97,252,609,342,128,399,200,447,473,357,596,228,374
464,413,177,70,445,109,443,144,173,182,381,550,815,316,262,283,342,835,469,58,252,484,289,200,322,116,325,198,233,610,709,1290,283,455,127,504,218,74,242,480,309,104,356,163,401,449,293,490,194,328
98,73,21,13,96,20,79,23,35,49,83,89,146,61,41,53,64,172,88,11,51,103,54,44,67,19,58,32,49,114,132,222,56,73,23,97,74,9,40,103,65,20,63,39,77,70,53,85,30,64
255,224,102,41,271,54,239,77,88,118,215,262,454,152,128,143,185,472,263,36,144,270,144,109,143,74,192,121,136,317,370,682,158,222,59,252,242,40,63,286,173,58,181,88,209,241,152,279,90,186
487,466,216,82,533,116,513,163,190,200,422,604,988,338,294,319,382,959,519,78,318,526,317,216,380,127,387,272,259,701,821,1487,275,476,113,609,480,103,286,269,361,122,414,189,450,526,346,535,186,358
314,298,140,53,353,71,293,103,102,143,285,390,574,205,161,185,254,613,288,35,205,296,195,133,236,81,217,192,162,446,491,970,182,303,82,342,309,65,173,361,113,75,276,124,251,300,225,339,128,218
108,96,39,15,122,18,96,35,35,37,72,130,186,68,44,53,89,197,118,17,66,110,49,52,73,35,90,50,51,155,172,289,65,100,19,128,104,20,58,122,75,13,83,36,76,107,54,119,37,77
344,323,160,63,372,80,366,102,127,161,340,440,712,258,219,215,294,670,414,51,218,403,228,138,262,92,264,174,190,506,633,1048,203,355,79,399,356,63,181,414,276,83,143,133,294,344,253,431,142,259
159,146,88,26,183,38,178,52,59,67,141,211,339,136,86,113,139,379,205,14,90,185,92,68,101,47,113,84,82,235,277,539,89,185,40,200,163,39,88,189,124,36,133,28,142,176,109,190,75,112
474,350,144,72,416,103,397,126,127,165,370,438,723,243,222,242,298,731,428,54,206,422,238,166,257,96,269,181,212,508,625,1141,220,404,85,447,401,77,209,450,251,76,294,142,155,360,223,455,166,288
387,415,172,78,510,100,455,165,148,203,402,518,863,328,240,261,297,791,447,52,247,476,300,197,348,107,307,226,248,560,682,1290,253,433,95,473,449,70,241,526,300,107,344,176,360,216,324,469,171,318
346,259,124,56,301,77,283,87,89,134,267,316,536,204,159,182,221,582,305,42,169,320,161,118,181,71,201,145,148,410,508,919,169,288,92,357,293,53,152,346,225,54,253,109,223,324,85,305,111,240
505,454,219,75,528,97,500,168,150,209,428,609,969,316,262,327,400,934,552,72,312,532,354,225,337,146,385,243,253,678,827,1444,245,463,122,596,490,85,279,535,339,119,431,190,455,469,305,295,202,385
179,166,82,38,197,44,185,63,60,64,161,218,357,125,114,102,124,353,203,19,96,179,128,94,136,36,128,89,94,253,275,512,115,190,43,228,194,30,90,186,128,37,142,75,166,171,111,202,35,124
390,292,121,54,346,64,311,116,103,157,302,372,656,213,168,200,238,662,335,35,194,335,213,154,221,90,223,136,184,426,481,950,178,300,84,374,328,64,186,358,218,77,259,112,288,318,240,385,124,104
