233,414,191,76,491,110,465,183,197,249,461,506,820,357,308,319,362,793,491,66,320,534,331,214,379,141,342,266,332,642,710,1166,222,462,93,523,478,87,235,479,309,107,343,191,440,414,326,501,160,357
414,169,165,82,442,102,433,147,161,194,354,477,783,306,205,221,329,764,426,49,213,430,226,175,280,103,243,196,213,570,670,1243,218,414,111,443,410,81,230,450,284,78,346,179,348,369,272,454,163,294
191,165,32,26,191,38,208,57,60,96,174,237,348,121,111,110,153,367,207,24,107,207,135,78,129,54,122,83,108,244,267,571,122,189,48,195,173,29,88,195,138,43,165,75,174,204,129,215,87,149
76,82,26,8,80,22,82,27,17,31,67,105,153,55,47,56,58,138,84,13,49,94,60,35,54,28,58,44,38,108,119,210,39,78,13,78,71,12,43,78,47,18,66,34,67,73,60,75,32,50
491,442,191,80,262,136,453,183,171,188,419,585,901,313,256,300,352,908,497,56,308,524,319,197,320,130,306,229,264,602,771,1440,274,458,101,557,461,81,273,510,345,93,386,195,407,446,313,498,187,335
110,102,38,22,136,11,100,31,28,46,95,133,190,76,51,61,72,186,109,9,79,102,64,40,56,34,78,63,59,142,160,272,58,104,25,115,90,23,53,110,56,21,80,44,79,89,86,108,36,75
465,433,208,82,453,100,219,140,144,185,386,544,862,291,233,282,344,831,487,57,269,465,285,171,311,133,346,207,238,619,704,1329,251,455,99,493,461,77,239,475,328,105,371,175,358,454,309,466,172,314
183,147,57,27,183,31,140,23,47,84,158,168,257,92,72,71,125,279,145,17,77,159,79,51,92,33,95,67,63,204,228,422,90,137,27,161,130,25,84,165,118,22,104,67,111,132,94,144,51,110
197,161,60,17,171,28,144,47,18,66,141,219,311,112,83,97,112,294,168,20,82,174,109,66,120,42,111,80,63,194,247,486,90,150,28,174,143,31,93,180,98,33,128,70,133,164,98,172,69,114
249,194,96,31,188,46,185,84,66,44,161,204,386,142,115,119,145,349,215,27,107,215,141,77,126,68,138,96,106,269,309,591,117,227,50,220,209,38,103,211,119,35,165,76,163,199,120,205,68,149
461,354,174,67,419,95,386,158,141,161,165,435,752,269,215,228,330,721,423,49,217,458,286,163,269,121,282,202,224,562,614,1203,201,412,90,443,399,73,245,433,289,94,338,157,351,388,233,438,137,302
506,477,237,105,585,133,544,168,219,204,435,266,954,350,275,322,397,975,563,84,299,564,309,213,343,142,332,268,274,719,854,1559,265,505,115,593,519,83,295,649,409,110,407,219,441,484,322,570,207,347
820,783,348,153,901,190,862,257,311,386,752,954,805,612,467,518,657,1398,904,118,509,900,544,360,582,261,625,425,486,1125,1380,2369,478,841,196,1043,862,139,461,952,596,202,684,314,723,808,571,956,299,621
357,306,121,55,313,76,291,92,112,142,269,350,612,117,177,171,243,605,365,42,151,366,209,144,217,102,234,149,172,402,529,895,190,348,55,314,325,50,153,348,207,65,274,133,286,318,217,364,128,234
308,205,111,47,256,51,233,72,83,115,215,275,467,177,65,127,201,499,246,29,139,251,174,92,163,60,165,114,127,318,383,736,141,257,44,273,239,51,119,279,172,51,220,92,202,249,165,288,104,169
319,221,110,56,300,61,282,71,97,119,228,322,518,171,127,79,196,552,266,36,147,285,195,122,173,62,168,136,147,343,418,806,159,294,59,278,275,51,126,342,192,50,235,111,217,276,179,288,124,164
362,329,153,58,352,72,344,125,112,145,330,397,657,243,201,196,121,666,356,51,204,378,208,139,254,83,235,166,187,478,580,1008,205,323,76,397,307,56,197,394,219,79,238,139,296,366,218,403,136,230
793,764,367,138,908,186,831,279,294,349,721,975,1398,605,499,552,666,765,856,121,472,897,535,369,574,242,622,441,461,1103,1347,2400,466,817,178,1004,823,142,437,918,608,188,664,304,708,831,563,879,306,594
491,426,207,84,497,109,487,145,168,215,423,563,904,365,246,266,356,856,290,64,283,511,294,215,309,126,331,194,272,617,818,1457,261,468,117,523,474,82,260,535,300,100,382,188,395,475,304,544,168,334
66,49,24,13,56,9,57,17,20,27,49,84,118,42,29,36,51,121,64,4,34,66,37,29,37,14,43,27,25,89,86,189,32,47,12,66,73,9,34,66,47,12,48,24,54,53,34,62,32,44
320,213,107,49,308,79,269,77,82,107,217,299,509,151,139,147,204,472,283,34,71,288,171,108,184,60,172,153,137,344,428,781,147,256,64,256,252,45,144,308,194,55,213,106,208,264,159,292,122,185
534,430,207,94,524,102,465,159,174,215,458,564,900,366,251,285,378,897,511,66,288,246,304,225,310,133,381,256,265,633,788,1387,255,471,108,533,478,80,250,509,322,103,388,182,403,435,324,561,169,374
331,226,135,60,319,64,285,79,109,141,286,309,544,209,174,195,208,535,294,37,171,304,87,117,186,64,182,139,136,363,461,828,147,272,66,298,268,49,140,306,201,48,246,109,240,275,182,347,108,211
214,175,78,35,197,40,171,51,66,77,163,213,360,144,92,122,139,369,215,29,108,225,117,46,119,53,134,92,117,286,293,545,109,206,57,201,212,27,92,192,132,33,161,85,163,204,123,203,62,123
379,280,129,54,320,56,311,92,120,126,269,343,582,217,163,173,254,574,309,37,184,310,186,119,108,71,200,142,167,436,453,947,164,304,74,351,318,58,185,350,242,67,281,125,252,324,204,353,116,218
141,103,54,28,130,34,133,33,42,68,121,142,261,102,60,62,83,242,126,14,60,133,64,53,71,18,70,58,61,168,214,390,61,110,18,121,114,18,73,130,94,30,93,53,101,127,91,157,52,94
342,243,122,58,306,78,346,95,111,138,282,332,625,234,165,168,235,622,331,43,172,381,182,134,200,70,100,154,170,421,537,1001,177,314,74,323,335,57,179,346,243,74,259,121,293,327,199,393,127,220
266,196,83,44,229,63,207,67,80,96,202,268,425,149,114,136,166,441,194,27,153,256,139,92,142,58,154,48,107,299,356,664,131,213,50,220,231,49,116,242,143,41,197,82,173,197,156,252,83,145
332,213,108,38,264,59,238,63,63,106,224,274,486,172,127,147,187,461,272,25,137,265,136,117,167,61,170,107,65,306,351,718,121,230,58,264,246,29,129,285,180,34,201,94,203,239,151,286,79,160
642,570,244,108,602,142,619,204,194,269,562,719,1125,402,318,343,478,1103,617,89,344,633,363,286,436,168,421,299,306,390,905,1803,348,629,133,667,626,104,332,627,413,130,477,245,503,578,372,658,254,448
710,670,267,119,771,160,704,228,247,309,614,854,1380,529,383,418,580,1347,818,86,428,788,461,293,453,214,537,356,351,905,576,2089,395,730,184,803,721,126,398,801,502,172,554,290,591,708,469,793,284,545
1166,1243,571,210,1440,272,1329,422,486,591,1203,1559,2369,895,736,806,1008,2400,1457,189,781,1387,828,545,947,390,1001,664,718,1803,2089,1845,744,1278,330,1477,1224,248,682,1526,935,294,1031,501,1111,1262,910,1370,471,984
222,218,122,39,274,58,251,90,90,117,201,265,478,190,141,159,205,466,261,32,147,255,147,109,164,61,177,131,121,348,395,744,61,242,56,297,234,48,148,279,184,69,210,107,188,259,181,256,95,168
462,414,189,78,458,104,455,137,150,227,412,505,841,348,257,294,323,817,468,47,256,471,272,206,304,110,314,213,230,629,730,1278,242,231,94,499,420,74,240,465,299,99,383,170,386,409,305,490,166,303
93,111,48,13,101,25,99,27,28,50,90,115,196,55,44,59,76,178,117,12,64,108,66,57,74,18,74,50,58,133,184,330,56,94,14,109,95,17,45,115,86,22,99,41,89,99,77,117,44,55
523,443,195,78,557,115,493,161,174,220,443,593,1043,314,273,278,397,1004,523,66,256,533,298,201,351,121,323,220,264,667,803,1477,297,499,109,282,473,69,301,549,325,114,405,190,397,502,337,562,222,364
478,410,173,71,461,90,461,130,143,209,399,519,862,325,239,275,307,823,474,73,252,478,268,212,318,114,335,231,246,626,721,1224,234,420,95,473,225,83,245,502,325,105,383,184,366,387,306,500,155,311
87,81,29,12,81,23,77,25,31,38,73,83,139,50,51,51,56,142,82,9,45,80,49,27,58,18,57,49,29,104,126,248,48,74,17,69,83,11,50,89,67,18,65,37,57,84,51,88,32,51
235,230,88,43,273,53,239,84,93,103,245,295,461,153,119,126,197,437,260,34,144,250,140,92,185,73,179,116,129,332,398,682,148,240,45,301,245,50,68,260,153,49,166,102,213,266,138,254,69,165
479,450,195,78,510,110,475,165,180,211,433,649,952,348,279,342,394,918,535,66,308,509,306,192,350,130,346,242,285,627,801,1526,279,465,115,549,502,89,260,255,362,95,401,189,415,514,336,565,185,367
309,284,138,47,345,56,328,118,98,119,289,409,596,207,172,192,219,608,300,47,194,322,201,132,242,94,243,143,180,413,502,935,184,299,86,325,325,67,153,362,93,67,225,138,289,313,229,346,136,215
107,78,43,18,93,21,105,22,33,35,94,110,202,65,51,50,79,188,100,12,55,103,48,33,67,30,74,41,34,130,172,294,69,99,22,114,105,18,49,95,67,10,86,37,83,104,65,106,45,63
343,346,165,66,386,80,371,104,128,165,338,407,684,274,220,235,238,664,382,48,213,388,246,161,281,93,259,197,201,477,554,1031,210,383,99,405,383,65,166,401,225,86,131,141,339,375,261,416,143,263
191,179,75,34,195,44,175,67,70,76,157,219,314,133,92,111,139,304,188,24,106,182,109,85,125,53,121,82,94,245,290,501,107,170,41,190,184,37,102,189,138,37,141,22,127,183,115,206,57,131
440,348,174,67,407,79,358,111,133,163,351,441,723,286,202,217,296,708,395,54,208,403,240,163,252,101,293,173,203,503,591,1111,188,386,89,397,366,57,213,415,289,83,339,127,169,358,235,434,137,278
414,369,204,73,446,89,454,132,164,199,388,484,808,318,249,276,366,831,475,53,264,435,275,204,324,127,327,197,239,578,708,1262,259,409,99,502,387,84,266,514,313,104,375,183,358,196,252,493,156,330
326,272,129,60,313,86,309,94,98,120,233,322,571,217,165,179,218,563,304,34,159,324,182,123,204,91,199,156,151,372,469,910,181,305,77,337,306,51,138,336,229,65,261,115,235,252,109,311,120,173
501,454,215,75,498,108,466,144,172,205,438,570,956,364,288,288,403,879,544,62,292,561,347,203,353,157,393,252,286,658,793,1370,256,490,117,562,500,88,254,565,346,106,416,206,434,493,311,241,195,355
160,163,87,32,187,36,172,51,69,68,137,207,299,128,104,124,136,306,168,32,122,169,108,62,116,52,127,83,79,254,284,471,95,166,44,222,155,32,69,185,136,45,143,57,137,156,120,195,36,120
357,294,149,50,335,75,314,110,114,149,302,347,621,234,169,164,230,594,334,44,185,374,211,123,218,94,220,145,160,448,545,984,168,303,55,364,311,51,165,367,215,63,263,131,278,330,173,355,120,110
