256,467,228,86,502,107,475,173,175,239,427,506,861,397,298,354,370,822,481,79,335,529,335,199,362,142,358,296,301,661,731,1169,256,508,113,506,475,68,240,466,318,125,394,192,442,393,371,471,159,356
467,175,154,82,459,102,417,135,133,177,364,488,767,254,211,221,315,796,446,63,229,447,262,211,299,102,283,179,240,554,680,1216,218,412,94,465,413,79,219,507,275,81,364,147,382,416,259,477,157,309
228,154,25,19,211,43,197,46,55,69,162,222,396,117,108,91,138,413,203,22,101,207,116,83,151,45,146,70,96,265,289,566,113,156,43,198,180,38,93,215,126,48,168,70,183,181,152,208,86,147
86,82,19,4,70,14,76,34,18,32,76,92,126,60,49,49,63,132,83,13,53,80,67,40,57,26,59,33,46,107,123,229,49,73,19,87,70,19,41,83,52,13,51,22,61,84,43,77,25,55
502,459,211,70,253,90,468,150,163,212,444,569,951,302,256,298,397,924,503,57,287,483,338,215,361,147,356,254,283,653,783,1400,275,448,117,533,467,73,257,510,339,104,390,196,419,518,326,552,187,358
107,102,43,14,90,9,119,43,25,48,87,130,179,77,64,72,74,189,138,13,71,113,86,50,83,33,80,51,68,141,172,277,57,93,29,114,90,25,53,114,68,19,67,40,91,99,67,129,34,70
475,417,197,76,468,119,224,162,152,204,400,553,862,297,253,269,330,846,496,44,289,495,291,192,325,119,311,214,248,596,753,1407,250,460,110,544,441,88,253,514,308,107,390,186,365,472,304,469,173,306
173,135,46,34,150,43,162,28,48,49,115,163,300,92,84,81,102,287,154,22,84,161,97,69,89,35,101,72,82,187,219,452,99,152,32,166,140,33,76,162,94,27,113,62,124,142,93,139,67,102
175,133,55,18,163,25,152,48,31,61,133,187,283,92,79,79,120,286,135,20,114,152,88,70,95,52,104,82,76,201,236,464,85,129,50,168,147,32,80,183,104,42,142,63,118,146,92,161,72,126
239,177,69,32,212,48,204,49,61,48,185,229,378,141,113,116,159,370,203,28,142,228,150,89,143,60,132,118,122,246,254,587,111,207,53,210,185,43,88,198,135,43,164,73,186,184,130,226,75,143
427,364,162,76,444,87,400,115,133,185,182,488,760,273,254,283,311,790,415,58,242,446,270,169,282,107,260,233,230,533,594,1183,201,421,103,431,414,62,214,450,289,83,333,167,357,401,289,478,149,287
506,488,222,92,569,130,553,163,187,229,488,318,1040,352,285,296,419,1034,560,65,287,554,313,259,395,152,379,213,285,694,855,1561,312,529,135,653,526,91,293,597,422,101,406,222,473,542,354,567,234,380
861,767,396,126,951,179,862,300,283,378,760,1040,886,582,512,553,697,1496,901,112,495,898,543,361,614,198,592,415,492,1142,1346,2462,515,852,210,1067,816,139,447,986,626,215,712,353,714,835,608,975,333,614
397,254,117,60,302,77,297,92,92,141,273,352,582,86,178,172,233,578,312,41,189,302,193,115,179,84,227,137,159,367,468,937,163,320,83,359,295,63,155,288,188,71,277,125,235,328,179,340,117,227
298,211,108,49,256,64,253,84,79,113,254,285,512,178,62,124,185,486,265,28,157,278,148,110,168,71,184,138,120,352,393,706,137,236,59,260,242,39,129,278,176,51,190,91,233,256,152,284,90,186
354,221,91,49,298,72,269,81,79,116,283,296,553,172,124,77,187,526,275,34,164,317,162,111,206,76,210,148,140,345,439,799,149,238,71,266,258,34,146,298,201,58,221,109,259,288,189,311,106,209
370,315,138,63,397,74,330,102,120,159,311,419,697,233,185,187,121,654,356,43,200,389,220,141,251,86,236,171,166,451,564,1062,190,332,87,406,346,61,138,364,241,80,284,141,282,350,233,372,136,254
822,796,413,132,924,189,846,287,286,370,790,1034,1496,578,486,526,654,862,891,121,501,894,544,355,603,230,613,418,476,1175,1335,2434,490,860,245,996,763,137,439,969,597,195,695,367,716,838,571,910,323,588
481,446,203,83,503,138,496,154,135,203,415,560,901,312,265,275,356,891,239,68,285,494,320,177,359,135,331,209,273,652,726,1441,279,497,127,537,483,82,273,575,351,100,392,191,410,463,340,542,182,323
79,63,22,13,57,13,44,22,20,28,58,65,112,41,28,34,43,121,68,6,27,80,35,30,49,20,46,26,26,73,106,170,36,47,7,56,66,10,28,68,59,9,53,21,49,53,44,64,20,42
335,229,101,53,287,71,289,84,114,142,242,287,495,189,157,164,200,501,285,27,73,308,148,110,164,84,165,122,139,321,422,777,148,248,71,269,258,43,134,286,172,59,208,97,214,245,174,295,107,183
529,447,207,80,483,113,495,161,152,228,446,554,898,302,278,317,389,894,494,80,308,270,303,178,360,128,346,215,264,653,753,1424,265,473,122,544,461,80,292,544,366,95,394,192,431,497,345,542,177,341
335,262,116,67,338,86,291,97,88,150,270,313,543,193,148,162,220,544,320,35,148,303,86,138,188,77,195,128,130,385,415,853,166,260,71,308,289,45,130,330,199,49,220,121,204,304,179,310,106,221
199,211,83,40,215,50,192,69,70,89,169,259,361,115,110,111,141,355,177,30,110,178,138,43,129,61,148,91,99,269,318,585,122,202,50,225,182,37,100,215,139,38,156,79,160,211,107,219,70,160
362,299,151,57,361,83,325,89,95,143,282,395,614,179,168,206,251,603,359,49,164,360,188,129,104,67,206,154,183,445,522,939,173,328,75,343,283,57,169,385,232,65,234,116,228,294,196,357,115,237
142,102,45,26,147,33,119,35,52,60,107,152,198,84,71,76,86,230,135,20,84,128,77,61,67,18,76,68,50,158,206,371,68,134,22,141,116,25,77,146,84,24,95,50,90,119,62,153,49,99
358,283,146,59,356,80,311,101,104,132,260,379,592,227,184,210,236,613,331,46,165,346,195,148,206,76,114,160,161,405,542,977,200,333,58,377,323,54,181,365,203,66,268,112,259,346,173,390,108,238
296,179,70,33,254,51,214,72,82,118,233,213,415,137,138,148,171,418,209,26,122,215,128,91,154,68,160,61,120,306,364,611,116,205,47,229,201,38,125,262,167,44,198,87,184,204,154,262,84,181
301,240,96,46,283,68,248,82,76,122,230,285,492,159,120,140,166,476,273,26,139,264,130,99,183,50,161,120,63,294,388,730,136,236,52,238,226,37,122,293,173,56,199,84,200,258,154,264,99,173
661,554,265,107,653,141,596,187,201,246,533,694,1142,367,352,345,451,1175,652,73,321,653,385,269,445,158,405,306,294,392,1012,1787,344,569,158,679,505,110,304,767,450,129,501,233,475,636,416,685,238,429
731,680,289,123,783,172,753,219,236,254,594,855,1346,468,393,439,564,1335,726,106,422,753,415,318,522,206,542,364,388,1012,550,2118,389,725,178,814,674,121,387,818,523,171,598,313,622,699,490,815,302,487
1169,1216,566,229,1400,277,1407,452,464,587,1183,1561,2462,937,706,799,1062,2434,1441,170,777,1424,853,585,939,371,977,611,730,1787,2118,1935,746,1326,347,1598,1243,223,669,1512,951,281,1032,525,1097,1314,908,1456,504,944
256,218,113,49,275,57,250,99,85,111,201,312,515,163,137,149,190,490,279,36,148,265,166,122,173,68,200,116,136,344,389,746,72,259,72,324,258,47,131,286,179,65,200,105,201,256,185,290,103,187
508,412,156,73,448,93,460,152,129,207,421,529,852,320,236,238,332,860,497,47,248,473,260,202,328,134,333,205,236,569,725,1326,259,197,118,512,396,88,245,522,304,95,379,151,402,445,294,494,169,327
113,94,43,19,117,29,110,32,50,53,103,135,210,83,59,71,87,245,127,7,71,122,71,50,75,22,58,47,52,158,178,347,72,118,15,131,110,21,56,118,89,19,97,48,93,100,70,111,39,78
506,465,198,87,533,114,544,166,168,210,431,653,1067,359,260,266,406,996,537,56,269,544,308,225,343,141,377,229,238,679,814,1598,324,512,131,247,533,75,282,626,336,114,418,227,437,463,337,542,242,362
475,413,180,70,467,90,441,140,147,185,414,526,816,295,242,258,346,763,483,66,258,461,289,182,283,116,323,201,226,505,674,1243,258,396,110,533,205,78,249,469,325,92,342,184,369,455,284,466,162,329
68,79,38,19,73,25,88,33,32,43,62,91,139,63,39,34,61,137,82,10,43,80,45,37,57,25,54,38,37,110,121,223,47,88,21,75,78,3,31,93,68,15,70,32,69,57,49,93,32,57
240,219,93,41,257,53,253,76,80,88,214,293,447,155,129,146,138,439,273,28,134,292,130,100,169,77,181,125,122,304,387,669,131,245,56,282,249,31,70,309,173,62,219,95,219,245,183,271,98,167
466,507,215,83,510,114,514,162,183,198,450,597,986,288,278,298,364,969,575,68,286,544,330,215,385,146,365,262,293,767,818,1512,286,522,118,626,469,93,309,271,347,115,436,210,438,523,339,594,181,356
318,275,126,52,339,68,308,94,104,135,289,422,626,188,176,201,241,597,351,59,172,366,199,139,232,84,203,167,173,450,523,951,179,304,89,336,325,68,173,347,114,61,251,138,281,306,219,368,116,230
125,81,48,13,104,19,107,27,42,43,83,101,215,71,51,58,80,195,100,9,59,95,49,38,65,24,66,44,56,129,171,281,65,95,19,114,92,15,62,115,61,13,85,38,94,102,59,122,32,78
394,364,168,51,390,67,390,113,142,164,333,406,712,277,190,221,284,695,392,53,208,394,220,156,234,95,268,198,199,501,598,1032,200,379,97,418,342,70,219,436,251,85,137,184,336,353,226,429,159,273
192,147,70,22,196,40,186,62,63,73,167,222,353,125,91,109,141,367,191,21,97,192,121,79,116,50,112,87,84,233,313,525,105,151,48,227,184,32,95,210,138,38,184,35,159,139,136,201,87,133
442,382,183,61,419,91,365,124,118,186,357,473,714,235,233,259,282,716,410,49,214,431,204,160,228,90,259,184,200,475,622,1097,201,402,93,437,369,69,219,438,281,94,336,159,157,413,250,427,145,267
393,416,181,84,518,99,472,142,146,184,401,542,835,328,256,288,350,838,463,53,245,497,304,211,294,119,346,204,258,636,699,1314,256,445,100,463,455,57,245,523,306,102,353,139,413,222,322,474,167,311
371,259,152,43,326,67,304,93,92,130,289,354,608,179,152,189,233,571,340,44,174,345,179,107,196,62,173,154,154,416,490,908,185,294,70,337,284,49,183,339,219,59,226,136,250,322,101,349,115,200
471,477,208,77,552,129,469,139,161,226,478,567,975,340,284,311,372,910,542,64,295,542,310,219,357,153,390,262,264,685,815,1456,290,494,111,542,466,93,271,594,368,122,429,201,427,474,349,249,180,335
159,157,86,25,187,34,173,67,72,75,149,234,333,117,90,106,136,323,182,20,107,177,106,70,115,49,108,84,99,238,302,504,103,169,39,242,162,32,98,181,116,32,159,87,145,167,115,180,23,121
356,309,147,55,358,70,306,102,126,143,287,380,614,227,186,209,254,588,323,42,183,341,221,160,237,99,238,181,173,429,487,944,187,327,78,362,329,57,167,356,230,78,273,133,267,311,200,335,121,104
