267,474,237,105,493,120,480,176,177,236,433,527,763,346,362,355,379,782,461,76,324,490,367,210,352,158,363,296,324,595,676,1200,255,475,102,506,500,78,268,448,308,106,362,185,410,410,324,503,166,393
474,193,172,65,423,87,376,127,123,182,346,473,772,255,224,264,306,763,418,49,243,452,241,156,259,106,265,185,227,519,666,1202,232,440,93,466,371,67,214,462,277,99,347,144,321,405,252,444,143,274
237,172,41,36,163,55,209,61,63,91,199,217,357,120,109,104,153,331,210,25,121,206,129,77,135,48,150,91,94,244,302,541,124,190,39,215,204,42,98,215,118,57,154,74,176,186,147,201,79,145
105,65,36,7,93,14,72,28,24,29,66,101,164,58,49,50,80,158,84,20,66,84,66,37,51,27,63,51,47,109,117,223,45,89,21,84,77,14,36,87,62,14,79,22,79,78,42,92,22,72
493,423,163,93,262,112,523,150,164,219,404,595,933,326,273,290,356,942,514,65,297,506,283,229,322,135,336,231,262,646,746,1483,284,482,150,521,477,81,249,515,354,104,343,213,422,514,325,514,198,321
120,87,55,14,112,6,94,33,38,42,108,139,198,70,70,63,88,183,108,17,73,109,75,49,79,36,96,65,68,147,146,284,49,104,27,123,102,23,51,98,72,22,95,29,101,84,81,108,35,79
480,376,209,72,523,94,223,157,167,205,396,538,883,291,265,291,312,853,455,56,263,454,310,194,328,147,346,263,250,608,729,1360,260,462,85,507,443,93,260,462,316,110,405,193,391,442,285,514,154,335
176,127,61,28,150,33,157,20,45,70,144,137,280,88,84,75,118,290,165,20,82,155,86,78,111,40,98,63,86,192,245,467,92,123,29,152,129,29,65,161,93,31,111,66,131,165,87,183,58,119
177,123,63,24,164,38,167,45,27,61,140,196,308,91,63,91,111,298,165,29,76,174,109,67,104,46,110,92,87,210,233,470,90,161,38,145,174,30,92,181,116,49,127,69,102,154,89,189,66,114
236,182,91,29,219,42,205,70,61,48,167,231,377,117,125,135,152,379,195,24,117,211,131,78,122,52,145,102,107,262,299,580,98,203,47,227,185,32,108,217,137,42,157,73,163,209,119,221,73,135
433,346,199,66,404,108,396,144,140,167,177,485,798,266,240,243,313,762,430,47,229,427,249,173,294,114,297,202,216,516,631,1149,237,419,114,444,394,68,227,444,278,90,299,164,360,396,280,447,149,278
527,473,217,101,595,139,538,137,196,231,485,311,1048,395,297,324,416,1030,586,73,306,610,343,229,368,130,339,258,277,735,852,1562,289,531,136,617,513,87,272,621,379,88,421,215,431,533,387,601,206,382
763,772,357,164,933,198,883,280,308,377,798,1048,784,604,499,523,635,1417,946,108,529,916,531,372,583,213,607,427,460,1118,1302,2448,478,809,206,1004,848,143,445,957,605,179,702,313,736,821,572,929,308,586
346,255,120,58,326,70,291,88,91,117,266,395,604,101,181,183,223,623,335,31,168,301,205,144,217,95,213,151,179,396,464,961,190,298,73,301,288,62,159,351,202,59,307,118,274,296,191,359,114,204
362,224,109,49,273,70,265,84,63,125,240,297,499,181,65,132,194,481,270,41,150,274,180,130,162,69,197,105,149,361,412,780,129,241,54,299,261,36,128,318,164,56,199,93,226,253,135,262,99,167
355,264,104,50,290,63,291,75,91,135,243,324,523,183,132,74,218,535,283,36,145,291,176,124,196,80,198,131,158,350,433,840,170,245,61,294,273,46,119,347,182,56,207,95,231,274,160,296,106,199
379,306,153,80,356,88,312,118,111,152,313,416,635,223,194,218,135,627,373,49,198,350,219,158,248,76,244,168,210,446,521,1049,199,355,76,365,370,69,185,365,220,72,308,130,287,332,215,368,139,256
782,763,331,158,942,183,853,290,298,379,762,1030,1417,623,481,535,627,787,912,112,534,915,517,356,579,239,608,453,427,1107,1336,2455,492,829,192,966,820,154,452,955,596,173,712,341,746,823,571,960,309,602
461,418,210,84,514,108,455,165,165,195,430,586,946,335,270,283,373,912,260,72,280,492,328,210,323,131,360,222,240,624,755,1513,298,446,119,507,470,95,268,520,303,105,370,167,391,483,311,519,178,375
76,49,25,20,65,17,56,20,29,24,47,73,108,31,41,36,49,112,72,3,33,57,43,25,41,17,44,31,31,56,97,185,32,62,11,63,52,12,30,53,47,16,49,23,60,54,38,55,31,45
324,243,121,66,297,73,263,82,76,117,229,306,529,168,150,145,198,534,280,33,82,289,145,97,201,73,185,121,143,350,445,800,166,273,49,308,265,49,140,325,183,57,207,89,223,295,181,252,101,186
490,452,206,84,506,109,454,155,174,211,427,610,916,301,274,291,350,915,492,57,289,269,311,192,320,155,375,235,283,639,740,1459,284,465,128,551,464,84,260,537,346,95,377,178,382,467,322,532,196,345
367,241,129,66,283,75,310,86,109,131,249,343,531,205,180,176,219,517,328,43,145,311,100,119,190,75,192,130,166,376,474,807,179,284,68,332,309,57,143,323,179,59,266,102,225,269,174,332,134,215
210,156,77,37,229,49,194,78,67,78,173,229,372,144,130,124,158,356,210,25,97,192,119,38,119,51,112,85,110,271,300,542,114,182,50,207,185,43,108,221,129,48,165,81,153,199,126,203,69,136
352,259,135,51,322,79,328,111,104,122,294,368,583,217,162,196,248,579,323,41,201,320,190,119,103,84,220,149,187,397,517,948,182,317,58,351,340,50,192,379,231,59,267,137,284,297,179,343,120,205
158,106,48,27,135,36,147,40,46,52,114,130,213,95,69,80,76,239,131,17,73,155,75,51,84,15,69,47,56,154,202,374,91,108,27,122,113,26,77,144,80,26,106,58,112,115,93,150,56,95
363,265,150,63,336,96,346,98,110,145,297,339,607,213,197,198,244,608,360,44,185,375,192,112,220,69,90,139,163,420,520,983,206,325,64,354,328,73,176,368,250,67,270,136,265,326,211,355,153,231
296,185,91,51,231,65,263,63,92,102,202,258,427,151,105,131,168,453,222,31,121,235,130,85,149,47,139,50,109,290,396,690,116,234,58,225,228,44,123,269,136,47,154,100,181,245,141,247,92,180
324,227,94,47,262,68,250,86,87,107,216,277,460,179,149,158,210,427,240,31,143,283,166,110,187,56,163,109,61,297,379,739,163,241,45,271,245,44,118,304,170,51,215,104,224,249,154,273,94,170
595,519,244,109,646,147,608,192,210,262,516,735,1118,396,361,350,446,1107,624,56,350,639,376,271,397,154,420,290,297,386,955,1779,340,617,131,647,603,106,331,690,443,132,501,256,542,604,412,664,262,454
676,666,302,117,746,146,729,245,233,299,631,852,1302,464,412,433,521,1336,755,97,445,740,474,300,517,202,520,396,379,955,561,2030,418,692,182,766,744,122,370,811,505,161,584,280,603,649,496,759,287,512
1200,1202,541,223,1483,284,1360,467,470,580,1149,1562,2448,961,780,840,1049,2455,1513,185,800,1459,807,542,948,374,983,690,739,1779,2030,1903,723,1296,322,1539,1268,207,699,1439,908,286,1060,523,1172,1238,900,1428,525,921
255,232,124,45,284,49,260,92,90,98,237,289,478,190,129,170,199,492,298,32,166,284,179,114,182,91,206,116,163,340,418,723,55,269,70,308,266,48,148,276,182,54,200,93,241,258,176,273,103,167
475,440,190,89,482,104,462,123,161,203,419,531,809,298,241,245,355,829,446,62,273,465,284,182,317,108,325,234,241,617,692,1296,269,219,97,492,433,73,246,496,297,88,347,181,355,396,279,482,185,348
102,93,39,21,150,27,85,29,38,47,114,136,206,73,54,61,76,192,119,11,49,128,68,50,58,27,64,58,45,131,182,322,70,97,14,129,108,24,57,125,85,23,97,48,89,111,82,108,38,78
506,466,215,84,521,123,507,152,145,227,444,617,1004,301,299,294,365,966,507,63,308,551,332,207,351,122,354,225,271,647,766,1539,308,492,129,247,530,104,269,562,329,121,398,202,422,512,300,564,225,361
500,371,204,77,477,102,443,129,174,185,394,513,848,288,261,273,370,820,470,52,265,464,309,185,340,113,328,228,245,603,744,1268,266,433,108,530,190,64,235,471,300,87,385,162,405,461,287,506,156,338
78,67,42,14,81,23,93,29,30,32,68,87,143,62,36,46,69,154,95,12,49,84,57,43,50,26,73,44,44,106,122,207,48,73,24,104,64,8,43,71,67,19,54,25,65,74,47,105,27,59
268,214,98,36,249,51,260,65,92,108,227,272,445,159,128,119,185,452,268,30,140,260,143,108,192,77,176,123,118,331,370,699,148,246,57,269,235,43,54,267,170,51,178,88,223,222,163,253,105,185
448,462,215,87,515,98,462,161,181,217,444,621,957,351,318,347,365,955,520,53,325,537,323,221,379,144,368,269,304,690,811,1439,276,496,125,562,471,71,267,291,341,119,376,193,418,468,350,532,196,339
308,277,118,62,354,72,316,93,116,137,278,379,605,202,164,182,220,596,303,47,183,346,179,129,231,80,250,136,170,443,505,908,182,297,85,329,300,67,170,341,94,78,251,148,261,292,232,354,128,211
106,99,57,14,104,22,110,31,49,42,90,88,179,59,56,56,72,173,105,16,57,95,59,48,59,26,67,47,51,132,161,286,54,88,23,121,87,19,51,119,78,6,67,36,79,103,74,107,50,75
362,347,154,79,343,95,405,111,127,157,299,421,702,307,199,207,308,712,370,49,207,377,266,165,267,106,270,154,215,501,584,1060,200,347,97,398,385,54,178,376,251,67,135,131,335,328,240,399,132,271
185,144,74,22,213,29,193,66,69,73,164,215,313,118,93,95,130,341,167,23,89,178,102,81,137,58,136,100,104,256,280,523,93,181,48,202,162,25,88,193,148,36,131,42,149,185,114,173,84,109
410,321,176,79,422,101,391,131,102,163,360,431,736,274,226,231,287,746,391,60,223,382,225,153,284,112,265,181,224,542,603,1172,241,355,89,422,405,65,223,418,261,79,335,149,162,407,219,437,151,260
410,405,186,78,514,84,442,165,154,209,396,533,821,296,253,274,332,823,483,54,295,467,269,199,297,115,326,245,249,604,649,1238,258,396,111,512,461,74,222,468,292,103,328,185,407,206,303,468,189,310
324,252,147,42,325,81,285,87,89,119,280,387,572,191,135,160,215,571,311,38,181,322,174,126,179,93,211,141,154,412,496,900,176,279,82,300,287,47,163,350,232,74,240,114,219,303,87,327,88,193
503,444,201,92,514,108,514,183,189,221,447,601,929,359,262,296,368,960,519,55,252,532,332,203,343,150,355,247,273,664,759,1428,273,482,108,564,506,105,253,532,354,107,399,173,437,468,327,277,181,371
166,143,79,22,198,35,154,58,66,73,149,206,308,114,99,106,139,309,178,31,101,196,134,69,120,56,153,92,94,262,287,525,103,185,38,225,156,27,105,196,128,50,132,84,151,189,88,181,32,132
393,274,145,72,321,79,335,119,114,135,278,382,586,204,167,199,256,602,375,45,186,345,215,136,205,95,231,180,170,454,512,921,167,348,78,361,338,59,185,339,211,75,271,109,260,310,193,371,132,118
