281,454,220,112,482,115,446,170,180,233,433,529,818,368,303,329,341,836,550,88,329,532,347,189,348,158,373,270,298,632,703,1171,247,505,106,509,479,85,245,477,342,120,378,189,429,428,339,457,172,388
454,181,185,75,455,105,433,130,143,167,368,472,772,264,206,219,327,782,425,51,218,438,266,183,271,117,315,196,221,573,633,1228,225,423,104,436,403,71,219,467,284,89,342,168,345,403,277,486,142,318
220,185,32,31,204,40,186,62,58,67,166,223,370,133,89,98,154,383,208,14,88,227,111,87,139,64,145,70,94,253,303,570,103,192,55,217,182,41,115,235,136,48,148,66,159,188,134,213,89,140
112,75,31,6,79,12,79,23,30,44,84,93,148,51,47,57,66,143,73,20,50,99,58,32,61,23,54,32,43,113,125,235,51,76,20,99,77,15,37,83,66,17,61,25,70,61,49,78,26,63
482,455,204,79,265,108,468,134,156,209,428,567,911,303,280,304,363,887,498,57,275,487,288,200,346,141,337,244,239,648,756,1447,284,491,95,527,476,93,268,528,325,106,417,189,390,460,318,545,185,350
115,105,40,12,108,8,88,35,38,45,92,131,195,67,57,79,76,193,114,28,67,112,70,39,85,33,78,49,62,179,169,298,57,94,25,128,86,17,44,108,81,16,98,37,86,90,57,119,35,68
446,433,186,79,468,88,224,160,142,216,394,533,889,317,231,272,307,860,483,63,251,523,279,194,317,127,320,208,241,655,704,1319,242,449,124,504,440,72,239,473,314,96,400,183,356,433,290,499,168,305
170,130,62,23,134,35,160,19,47,62,133,168,268,106,73,72,105,268,156,17,81,147,75,50,99,35,86,68,77,171,239,429,78,139,44,156,143,30,59,157,98,31,129,58,96,125,86,172,63,124
180,143,58,30,156,38,142,47,30,78,138,187,297,92,74,88,106,272,185,16,87,162,90,57,114,43,101,64,73,196,266,453,93,163,44,193,164,31,83,175,106,39,124,53,115,150,94,146,60,105
233,167,67,44,209,45,216,62,78,46,171,223,359,136,118,120,161,358,215,31,126,211,137,82,155,61,148,88,109,275,293,562,113,186,47,226,214,29,98,200,122,37,160,76,166,195,148,214,78,151
433,368,166,84,428,92,394,133,138,171,190,490,759,275,234,259,326,770,462,60,256,429,267,162,307,115,321,181,227,563,612,1141,234,404,107,450,385,68,198,442,275,76,325,157,347,399,296,449,147,306
529,472,223,93,567,131,533,168,187,223,490,315,1005,349,273,308,406,1027,557,64,299,611,298,224,342,138,355,269,286,739,882,1555,317,540,133,588,523,91,255,643,346,104,434,219,437,515,360,614,193,420
818,772,370,148,911,195,889,268,297,359,759,1005,851,564,480,529,618,1534,970,100,455,976,521,356,603,227,640,420,431,1150,1410,2550,510,896,223,1003,828,145,464,1017,594,208,751,365,701,849,596,940,344,589
368,264,133,51,303,67,317,106,92,136,275,349,564,93,193,201,253,593,331,38,181,336,222,133,260,98,233,135,164,411,499,939,192,294,74,325,281,53,137,350,183,74,270,122,275,289,195,346,134,220
303,206,89,47,280,57,231,73,74,118,234,273,480,193,71,140,183,476,264,30,141,290,159,91,177,69,190,115,127,335,420,732,153,252,52,260,247,48,132,290,186,55,202,102,200,235,164,269,115,184
329,219,98,57,304,79,272,72,88,120,259,308,529,201,140,71,196,495,270,30,128,308,181,115,198,78,195,124,134,352,432,832,163,280,62,269,266,54,147,300,187,55,238,84,224,231,163,311,124,187
341,327,154,66,363,76,307,105,106,161,326,406,618,253,183,196,118,664,399,57,198,377,185,129,222,103,224,186,156,455,558,1018,199,336,78,369,341,65,151,385,252,75,275,125,265,367,208,385,129,235
836,782,383,143,887,193,860,268,272,358,770,1027,1534,593,476,495,664,782,946,103,466,990,505,357,595,213,606,413,461,1100,1383,2522,490,868,217,1017,837,143,476,987,592,197,694,329,720,823,578,947,313,632
550,425,208,73,498,114,483,156,185,215,462,557,970,331,264,270,399,946,264,72,288,489,290,187,345,129,344,225,242,637,724,1485,290,475,96,557,455,106,255,522,339,111,369,203,417,518,317,582,194,382
88,51,14,20,57,28,63,17,16,31,60,64,100,38,30,30,57,103,72,3,22,68,30,19,32,13,32,22,27,69,96,194,32,82,10,61,62,13,34,70,32,11,46,21,47,59,38,65,13,48
329,218,88,50,275,67,251,81,87,126,256,299,455,181,141,128,198,466,288,22,76,284,172,95,178,77,183,109,161,315,430,771,156,239,65,278,252,38,130,317,189,53,199,100,216,248,149,298,98,189
532,438,227,99,487,112,523,147,162,211,429,611,976,336,290,308,377,990,489,68,284,288,339,192,356,129,332,210,248,659,770,1509,307,484,122,533,469,96,255,524,348,119,395,195,419,486,341,531,220,352
347,266,111,58,288,70,279,75,90,137,267,298,521,222,159,181,185,505,290,30,172,339,86,116,183,80,176,139,169,366,446,816,149,284,64,283,263,58,141,318,197,59,254,130,234,279,173,325,104,191
189,183,87,32,200,39,194,50,57,82,162,224,356,133,91,115,129,357,187,19,95,192,116,44,134,57,146,95,110,253,284,541,114,195,49,187,158,31,93,200,140,43,153,86,168,192,117,207,66,129
348,271,139,61,346,85,317,99,114,155,307,342,603,260,177,198,222,595,345,32,178,356,183,134,110,85,201,143,163,393,517,913,169,330,71,329,305,39,173,380,235,70,244,153,245,309,213,355,125,225
158,117,64,23,141,33,127,35,43,61,115,138,227,98,69,78,103,213,129,13,77,129,80,57,85,15,82,52,71,138,197,344,67,122,34,136,126,21,58,139,85,26,105,52,107,105,84,133,49,90
373,315,145,54,337,78,320,86,101,148,321,355,640,233,190,195,224,606,344,32,183,332,176,146,201,82,117,144,158,440,501,947,182,341,79,316,323,54,166,380,205,64,280,140,266,314,219,332,135,245
270,196,70,32,244,49,208,68,64,88,181,269,420,135,115,124,186,413,225,22,109,210,139,95,143,52,144,48,88,270,318,635,103,204,43,246,205,40,121,223,151,49,168,89,183,218,144,237,76,173
298,221,94,43,239,62,241,77,73,109,227,286,431,164,127,134,156,461,242,27,161,248,169,110,163,71,158,88,72,290,370,712,118,229,68,239,215,39,136,299,147,49,200,83,196,233,162,288,96,172
632,573,253,113,648,179,655,171,196,275,563,739,1150,411,335,352,455,1100,637,69,315,659,366,253,393,138,440,270,290,397,973,1827,326,634,142,648,602,83,330,656,409,130,470,245,491,620,403,676,212,410
703,633,303,125,756,169,704,239,266,293,612,882,1410,499,420,432,558,1383,724,96,430,770,446,284,517,197,501,318,370,973,592,2125,426,706,197,797,632,130,390,803,512,152,584,292,605,696,459,802,284,479
1171,1228,570,235,1447,298,1319,429,453,562,1141,1555,2550,939,732,832,1018,2522,1485,194,771,1509,816,541,913,344,947,635,712,1827,2125,1932,741,1353,313,1520,1250,250,751,1527,933,300,1061,541,1121,1308,923,1418,506,964
247,225,103,51,284,57,242,78,93,113,234,317,510,192,153,163,199,490,290,32,156,307,149,114,169,67,182,103,118,326,426,741,72,278,69,295,254,40,152,263,171,64,205,111,205,273,174,279,94,201
505,423,192,76,491,94,449,139,163,186,404,540,896,294,252,280,336,868,475,82,239,484,284,195,330,122,341,204,229,634,706,1353,278,212,87,527,413,84,253,490,311,99,393,181,362,409,301,524,179,305
106,104,55,20,95,25,124,44,44,47,107,133,223,74,52,62,78,217,96,10,65,122,64,49,71,34,79,43,68,142,197,313,69,87,16,131,103,18,59,147,80,28,94,53,97,106,76,113,47,78
509,436,217,99,527,128,504,156,193,226,450,588,1003,325,260,269,369,1017,557,61,278,533,283,187,329,136,316,246,239,648,797,1520,295,527,131,256,513,88,255,557,376,102,385,202,383,494,328,569,209,373
479,403,182,77,476,86,440,143,164,214,385,523,828,281,247,266,341,837,455,62,252,469,263,158,305,126,323,205,215,602,632,1250,254,413,103,513,218,84,215,485,315,96,384,173,373,387,304,478,168,312
85,71,41,15,93,17,72,30,31,29,68,91,145,53,48,54,65,143,106,13,38,96,58,31,39,21,54,40,39,83,130,250,40,84,18,88,84,9,46,81,54,18,64,45,68,80,56,75,32,68
245,219,115,37,268,44,239,59,83,98,198,255,464,137,132,147,151,476,255,34,130,255,141,93,173,58,166,121,136,330,390,751,152,253,59,255,215,46,48,293,188,50,196,93,187,239,151,263,94,168
477,467,235,83,528,108,473,157,175,200,442,643,1017,350,290,300,385,987,522,70,317,524,318,200,380,139,380,223,299,656,803,1527,263,490,147,557,485,81,293,270,369,113,396,199,438,506,329,524,214,379
342,284,136,66,325,81,314,98,106,122,275,346,594,183,186,187,252,592,339,32,189,348,197,140,235,85,205,151,147,409,512,933,171,311,80,376,315,54,188,369,102,77,273,135,262,258,196,380,128,247
120,89,48,17,106,16,96,31,39,37,76,104,208,74,55,55,75,197,111,11,53,119,59,43,70,26,64,49,49,130,152,300,64,99,28,102,96,18,50,113,77,8,75,41,84,91,63,114,43,59
378,342,148,61,417,98,400,129,124,160,325,434,751,270,202,238,275,694,369,46,199,395,254,153,244,105,280,168,200,470,584,1061,205,393,94,385,384,64,196,396,273,75,133,128,301,377,234,405,152,266
189,168,66,25,189,37,183,58,53,76,157,219,365,122,102,84,125,329,203,21,100,195,130,86,153,52,140,89,83,245,292,541,111,181,53,202,173,45,93,199,135,41,128,35,162,199,129,179,90,127
429,345,159,70,390,86,356,96,115,166,347,437,701,275,200,224,265,720,417,47,216,419,234,168,245,107,266,183,196,491,605,1121,205,362,97,383,373,68,187,438,262,84,301,162,147,398,230,421,145,257
428,403,188,61,460,90,433,125,150,195,399,515,849,289,235,231,367,823,518,59,248,486,279,192,309,105,314,218,233,620,696,1308,273,409,106,494,387,80,239,506,258,91,377,199,398,221,291,441,168,318
339,277,134,49,318,57,290,86,94,148,296,360,596,195,164,163,208,578,317,38,149,341,173,117,213,84,219,144,162,403,459,923,174,301,76,328,304,56,151,329,196,63,234,129,230,291,128,290,120,227
457,486,213,78,545,119,499,172,146,214,449,614,940,346,269,311,385,947,582,65,298,531,325,207,355,133,332,237,288,676,802,1418,279,524,113,569,478,75,263,524,380,114,405,179,421,441,290,255,171,359
172,142,89,26,185,35,168,63,60,78,147,193,344,134,115,124,129,313,194,13,98,220,104,66,125,49,135,76,96,212,284,506,94,179,47,209,168,32,94,214,128,43,152,90,145,168,120,171,30,123
388,318,140,63,350,68,305,124,105,151,306,420,589,220,184,187,235,632,382,48,189,352,191,129,225,90,245,173,172,410,479,964,201,305,78,373,312,68,168,379,247,59,266,127,257,318,227,359,123,121
