260,454,213,59,457,106,479,164,148,226,465,529,841,395,314,362,360,812,526,59,282,495,351,226,348,158,361,267,304,610,684,1211,245,441,80,502,489,71,256,460,312,107,321,175,435,406,350,471,131,373
454,166,187,70,442,95,448,132,167,168,360,478,762,264,233,211,315,787,427,66,241,456,246,145,273,111,296,197,233,550,666,1257,238,438,90,427,387,86,215,468,305,84,348,173,347,391,260,462,167,282
213,187,33,34,186,47,210,60,63,75,167,220,397,126,109,133,155,373,201,22,104,209,98,83,126,51,154,94,101,237,325,556,106,197,48,206,216,35,110,230,135,47,168,84,184,199,113,216,71,139
59,70,34,5,82,13,74,25,22,40,56,82,156,59,43,49,46,152,85,16,54,95,39,40,51,26,74,39,53,123,144,223,49,73,17,99,85,14,35,90,51,19,53,39,72,82,42,77,27,55
457,442,186,82,255,102,526,138,165,206,422,565,928,356,273,287,364,862,520,57,301,564,314,191,358,128,356,218,245,628,784,1414,269,486,112,518,464,101,260,547,361,116,359,210,428,498,317,563,191,299
106,95,47,13,102,8,91,39,39,59,93,130,192,79,60,70,72,194,115,19,68,132,65,48,73,33,84,61,48,138,188,273,65,102,20,118,104,22,51,110,75,22,82,48,85,105,83,90,46,77
479,448,210,74,526,91,215,135,149,213,385,579,864,323,245,276,365,872,490,52,284,473,267,167,333,162,364,214,259,623,687,1315,253,416,100,516,394,80,218,525,327,83,375,182,344,429,298,463,168,325
164,132,60,25,138,39,135,21,45,71,140,169,290,99,67,72,98,262,145,17,85,166,99,62,109,41,93,62,73,190,230,404,109,157,29,151,147,21,67,162,92,32,113,65,113,140,99,158,63,97
148,167,63,22,165,39,149,45,22,66,142,220,312,109,83,95,114,283,157,16,90,159,76,67,96,42,98,86,89,204,264,436,89,166,35,184,155,33,88,201,121,46,114,58,123,155,104,148,50,106
226,168,75,40,206,59,213,71,66,59,191,209,360,177,122,131,167,389,205,21,103,223,136,90,133,61,150,83,102,265,326,571,109,187,64,217,205,31,100,217,133,43,159,70,195,179,139,214,84,162
465,360,167,56,422,93,385,140,142,191,202,439,783,289,234,252,327,770,461,57,225,474,253,154,271,130,314,202,226,533,669,1157,237,376,91,503,380,84,202,435,286,85,311,164,351,413,256,406,153,291
529,478,220,82,565,130,579,169,220,209,439,302,966,369,288,293,433,990,580,70,330,606,342,176,361,112,350,269,278,683,876,1573,295,566,137,629,494,115,280,586,370,122,419,218,436,519,344,609,213,348
841,762,397,156,928,192,864,290,312,360,783,966,836,577,478,530,645,1472,927,129,507,905,533,342,609,222,619,443,431,1145,1335,2397,499,889,249,1029,875,156,474,936,636,191,659,328,767,818,610,978,341,582
395,264,126,59,356,79,323,99,109,177,289,369,577,114,183,218,249,599,322,24,170,326,177,118,209,88,216,142,170,367,487,892,155,323,74,357,279,59,176,358,202,74,271,121,237,290,207,344,117,236
314,233,109,43,273,60,245,67,83,122,234,288,478,183,57,114,186,471,239,21,146,220,135,100,178,69,175,119,131,308,386,730,155,241,60,259,231,41,137,270,179,53,184,92,187,239,144,262,91,184
362,211,133,49,287,70,276,72,95,131,252,293,530,218,114,70,189,514,282,29,160,282,123,113,182,74,183,133,145,322,410,786,156,247,63,290,258,46,127,299,205,59,218,90,212,261,158,308,116,186
360,315,155,46,364,72,365,98,114,167,327,433,645,249,186,189,111,631,363,37,177,350,197,152,265,91,246,183,195,431,524,948,179,322,75,381,327,62,187,378,264,67,256,167,308,327,229,382,125,240
812,787,373,152,862,194,872,262,283,389,770,990,1472,599,471,514,631,809,882,119,527,856,523,357,627,257,618,430,454,1141,1283,2430,478,843,219,982,846,163,465,927,632,170,665,330,782,782,549,973,328,622
526,427,201,85,520,115,490,145,157,205,461,580,927,322,239,282,363,882,246,60,274,476,320,195,334,159,355,230,262,613,760,1473,263,457,109,557,453,78,265,561,342,96,391,180,358,525,314,530,171,360
59,66,22,16,57,19,52,17,16,21,57,70,129,24,21,29,37,119,60,7,40,61,32,28,42,12,34,29,39,92,107,187,35,57,15,52,66,12,25,74,32,10,42,37,52,61,39,65,16,48
282,241,104,54,301,68,284,85,90,103,225,330,507,170,146,160,177,527,274,40,53,301,174,119,196,75,186,117,142,350,443,776,148,260,62,275,284,45,136,300,179,49,207,106,236,248,165,296,89,178
495,456,209,95,564,132,473,166,159,223,474,606,905,326,220,282,350,856,476,61,301,268,309,183,349,140,336,234,281,666,732,1398,258,487,105,538,472,92,278,547,334,105,386,204,378,482,296,539,170,340
351,246,98,39,314,65,267,99,76,136,253,342,533,177,135,123,197,523,320,32,174,309,85,119,166,77,190,152,154,360,418,856,160,305,75,295,289,55,160,310,191,67,230,99,211,276,168,315,104,208
226,145,83,40,191,48,167,62,67,90,154,176,342,118,100,113,152,357,195,28,119,183,119,42,128,65,132,75,126,245,272,546,94,198,42,230,177,32,88,200,117,37,150,68,146,187,120,184,76,144
348,273,126,51,358,73,333,109,96,133,271,361,609,209,178,182,265,627,334,42,196,349,166,128,108,79,203,142,162,420,490,918,189,331,58,368,314,50,161,339,201,67,241,119,232,322,197,349,112,210
158,111,51,26,128,33,162,41,42,61,130,112,222,88,69,74,91,257,159,12,75,140,77,65,79,13,73,71,57,150,180,356,81,140,24,119,121,22,58,151,97,29,92,59,102,87,78,148,41,93
361,296,154,74,356,84,364,93,98,150,314,350,619,216,175,183,246,618,355,34,186,336,190,132,203,73,101,160,165,416,505,976,190,330,61,355,330,54,156,363,212,61,262,119,262,301,214,365,112,235
267,197,94,39,218,61,214,62,86,83,202,269,443,142,119,133,183,430,230,29,117,234,152,75,142,71,160,52,129,279,369,702,152,202,56,245,201,38,104,238,129,62,187,75,203,236,147,249,100,149
304,233,101,53,245,48,259,73,89,102,226,278,431,170,131,145,195,454,262,39,142,281,154,126,162,57,165,129,69,320,410,679,132,245,51,261,244,45,134,269,158,53,205,82,215,248,136,267,114,186
610,550,237,123,628,138,623,190,204,265,533,683,1145,367,308,322,431,1141,613,92,350,666,360,245,420,150,416,279,320,368,945,1779,342,571,177,632,591,110,315,711,450,131,489,248,529,602,393,672,254,411
684,666,325,144,784,188,687,230,264,326,669,876,1335,487,386,410,524,1283,760,107,443,732,418,272,490,180,505,369,410,945,563,2080,400,716,129,830,692,131,358,764,515,136,562,288,558,718,459,780,263,480
1211,1257,556,223,1414,273,1315,404,436,571,1157,1573,2397,892,730,786,948,2430,1473,187,776,1398,856,546,918,356,976,702,679,1779,2080,1997,748,1284,332,1559,1273,239,674,1449,923,290,1078,517,1089,1330,974,1500,486,959
245,238,106,49,269,65,253,109,89,109,237,295,499,155,155,156,179,478,263,35,148,258,160,94,189,81,190,152,132,342,400,748,61,256,74,300,250,66,149,267,159,45,211,88,215,268,188,283,105,197
441,438,197,73,486,102,416,157,166,187,376,566,889,323,241,247,322,843,457,57,260,487,305,198,331,140,330,202,245,571,716,1284,256,213,101,473,445,87,232,527,295,89,348,189,385,424,301,493,154,302
80,90,48,17,112,20,100,29,35,64,91,137,249,74,60,63,75,219,109,15,62,105,75,42,58,24,61,56,51,177,129,332,74,101,15,115,111,15,49,106,71,30,84,37,74,73,72,124,49,81
502,427,206,99,518,118,516,151,184,217,503,629,1029,357,259,290,381,982,557,52,275,538,295,230,368,119,355,245,261,632,830,1559,300,473,115,266,520,93,256,541,340,105,411,220,414,481,344,563,193,347
489,387,216,85,464,104,394,147,155,205,380,494,875,279,231,258,327,846,453,66,284,472,289,177,314,121,330,201,244,591,692,1273,250,445,111,520,209,89,238,501,311,78,355,181,369,408,305,469,179,288
71,86,35,14,101,22,80,21,33,31,84,115,156,59,41,46,62,163,78,12,45,92,55,32,50,22,54,38,45,110,131,239,66,87,15,93,89,4,46,93,45,14,64,36,70,86,49,95,29,51
256,215,110,35,260,51,218,67,88,100,202,280,474,176,137,127,187,465,265,25,136,278,160,88,161,58,156,104,134,315,358,674,149,232,49,256,238,46,63,241,181,57,198,100,214,260,170,261,122,166
460,468,230,90,547,110,525,162,201,217,435,586,936,358,270,299,378,927,561,74,300,547,310,200,339,151,363,238,269,711,764,1449,267,527,106,541,501,93,241,269,379,114,424,185,414,463,300,553,196,386
312,305,135,51,361,75,327,92,121,133,286,370,636,202,179,205,264,632,342,32,179,334,191,117,201,97,212,129,158,450,515,923,159,295,71,340,311,45,181,379,114,65,275,118,277,328,220,356,130,222
107,84,47,19,116,22,83,32,46,43,85,122,191,74,53,59,67,170,96,10,49,105,67,37,67,29,61,62,53,131,136,290,45,89,30,105,78,14,57,114,65,13,77,50,82,106,75,111,40,73
321,348,168,53,359,82,375,113,114,159,311,419,659,271,184,218,256,665,391,42,207,386,230,150,241,92,262,187,205,489,562,1078,211,348,84,411,355,64,198,424,275,77,146,152,316,360,241,409,142,219
175,173,84,39,210,48,182,65,58,70,164,218,328,121,92,90,167,330,180,37,106,204,99,68,119,59,119,75,82,248,288,517,88,189,37,220,181,36,100,185,118,50,152,26,154,168,100,206,66,119
435,347,184,72,428,85,344,113,123,195,351,436,767,237,187,212,308,782,358,52,236,378,211,146,232,102,262,203,215,529,558,1089,215,385,74,414,369,70,214,414,277,82,316,154,169,371,240,398,134,285
406,391,199,82,498,105,429,140,155,179,413,519,818,290,239,261,327,782,525,61,248,482,276,187,322,87,301,236,248,602,718,1330,268,424,73,481,408,86,260,463,328,106,360,168,371,246,270,479,162,320
350,260,113,42,317,83,298,99,104,139,256,344,610,207,144,158,229,549,314,39,165,296,168,120,197,78,214,147,136,393,459,974,188,301,72,344,305,49,170,300,220,75,241,100,240,270,87,313,121,214
471,462,216,77,563,90,463,158,148,214,406,609,978,344,262,308,382,973,530,65,296,539,315,184,349,148,365,249,267,672,780,1500,283,493,124,563,469,95,261,553,356,111,409,206,398,479,313,273,202,324
131,167,71,27,191,46,168,63,50,84,153,213,341,117,91,116,125,328,171,16,89,170,104,76,112,41,112,100,114,254,263,486,105,154,49,193,179,29,122,196,130,40,142,66,134,162,121,202,28,142
373,282,139,55,299,77,325,97,106,162,291,348,582,236,184,186,240,622,360,48,178,340,208,144,210,93,235,149,186,411,480,959,197,302,81,347,288,51,166,386,222,73,219,119,285,320,214,324,142,106
