272,435,203,81,498,120,490,192,178,221,451,507,833,364,315,329,361,832,517,64,310,533,357,212,389,166,387,301,276,620,684,1225,233,473,107,505,498,92,242,477,325,121,385,191,429,433,315,492,186,343
435,177,158,79,454,103,427,135,158,199,386,478,787,276,238,231,328,782,433,43,233,464,223,159,283,101,295,200,207,530,689,1237,245,394,95,436,389,65,229,474,287,102,363,164,338,373,258,450,180,294
203,158,38,33,206,34,178,58,58,74,156,211,370,137,96,113,147,352,208,26,114,216,88,69,117,55,127,103,99,253,293,582,96,177,40,218,176,34,95,247,135,40,169,76,144,200,135,224,56,128
81,79,33,4,85,19,75,22,25,37,77,109,154,50,45,58,51,141,87,15,53,87,49,32,46,21,47,47,40,109,130,213,48,86,13,80,79,19,38,92,58,16,67,31,55,82,40,84,29,58
498,454,206,85,265,101,522,161,148,165,388,580,920,331,273,309,352,874,503,68,272,498,308,216,308,132,391,225,274,599,788,1405,263,468,120,504,528,96,278,562,317,99,411,178,437,476,346,544,182,337
120,103,34,19,101,12,106,33,43,58,97,136,173,76,58,69,70,183,109,15,62,124,59,53,75,30,86,51,48,152,176,273,59,110,31,102,112,31,67,118,71,32,76,36,89,97,61,96,40,72
490,427,178,75,522,106,221,135,184,199,397,575,847,318,241,277,351,861,481,60,276,507,309,203,312,133,336,234,244,641,746,1343,264,478,118,517,426,90,250,546,303,120,381,195,382,440,295,477,183,332
192,135,58,22,161,33,135,26,57,80,146,176,299,97,80,81,120,269,147,15,88,150,79,57,100,41,108,70,73,178,250,423,91,127,43,138,127,30,70,156,102,30,121,63,101,158,80,149,57,118
178,158,58,25,148,43,184,57,26,70,133,185,276,113,75,86,115,264,170,18,85,203,122,76,135,39,109,87,83,175,279,441,86,152,34,176,163,27,93,189,114,31,138,69,149,157,103,178,67,126
221,199,74,37,165,58,199,80,70,38,161,221,351,154,103,110,151,395,197,27,113,206,123,85,161,61,153,109,105,276,301,591,119,169,65,231,208,44,92,204,125,40,155,70,175,173,142,188,80,159
451,386,156,77,388,97,397,146,133,161,172,433,743,277,194,212,317,765,414,55,237,411,250,170,292,105,302,203,200,557,633,1189,223,389,88,463,417,88,223,472,258,97,316,135,344,362,284,416,150,325
507,478,211,109,580,136,575,176,185,221,433,321,1030,349,300,329,411,1050,566,70,338,581,316,227,351,145,363,257,288,732,858,1622,325,542,144,605,526,94,279,631,384,122,444,232,451,538,345,604,213,360
833,787,370,154,920,173,847,299,276,351,743,1030,859,582,474,531,661,1484,948,113,483,893,483,361,611,242,596,444,476,1137,1362,2444,463,820,223,967,786,166,472,970,583,177,685,357,714,888,545,976,314,603
364,276,137,50,331,76,318,97,113,154,277,349,582,109,163,190,246,592,329,49,158,335,216,133,221,80,226,154,151,386,511,916,187,329,69,339,298,55,133,350,204,59,273,117,263,311,196,370,131,226
315,238,96,45,273,58,241,80,75,103,194,300,474,163,65,135,189,485,259,40,160,267,153,94,153,75,175,124,120,296,395,735,138,250,47,265,241,36,112,283,161,51,216,103,198,253,163,289,97,172
329,231,113,58,309,69,277,81,86,110,212,329,531,190,135,83,199,530,268,34,167,296,168,107,174,59,182,126,140,329,444,794,160,262,48,260,276,44,133,319,206,55,229,103,208,280,181,325,115,208
361,328,147,51,352,70,351,120,115,151,317,411,661,246,189,199,122,664,365,43,208,397,238,153,257,112,273,187,179,457,546,991,198,336,91,347,344,58,193,375,253,78,269,125,305,303,242,377,138,238
832,782,352,141,874,183,861,269,264,395,765,1050,1484,592,485,530,664,802,990,110,458,950,532,379,628,258,634,449,465,1072,1321,2383,489,835,212,952,802,161,433,962,578,192,681,348,741,805,577,916,330,623
517,433,208,87,503,109,481,147,170,197,414,566,948,329,259,268,365,990,243,71,286,455,306,216,337,138,365,234,251,628,766,1447,281,447,108,527,449,90,277,570,305,88,395,207,400,477,330,527,179,360
64,43,26,15,68,15,60,15,18,27,55,70,113,49,40,34,43,110,71,2,36,67,30,26,30,18,42,33,25,81,104,180,32,57,10,68,63,7,31,71,40,12,52,20,52,57,37,65,24,35
310,233,114,53,272,62,276,88,85,113,237,338,483,158,160,167,208,458,286,36,78,281,154,108,193,78,180,136,155,317,397,746,148,245,58,289,289,42,148,301,170,52,235,87,213,266,155,320,107,186
533,464,216,87,498,124,507,150,203,206,411,581,893,335,267,296,397,950,455,67,281,274,313,221,335,137,369,243,284,626,790,1469,285,481,118,567,484,89,273,568,313,92,403,199,410,459,355,510,188,404
357,223,88,49,308,59,309,79,122,123,250,316,483,216,153,168,238,532,306,30,154,313,83,125,169,68,191,157,144,312,467,852,134,271,75,290,292,45,130,337,185,50,218,120,226,265,206,318,109,207
212,159,69,32,216,53,203,57,76,85,170,227,361,133,94,107,153,379,216,26,108,221,125,37,150,52,140,98,111,254,312,538,104,194,39,225,184,35,85,209,108,45,138,81,172,175,146,209,80,146
389,283,117,46,308,75,312,100,135,161,292,351,611,221,153,174,257,628,337,30,193,335,169,150,111,78,207,164,174,405,524,938,165,281,71,340,297,44,170,372,190,67,274,145,225,301,188,338,118,220
166,101,55,21,132,30,133,41,39,61,105,145,242,80,75,59,112,258,138,18,78,137,68,52,78,17,71,51,68,152,194,380,78,110,27,144,116,18,77,159,85,21,99,41,97,114,89,146,51,77
387,295,127,47,391,86,336,108,109,153,302,363,596,226,175,182,273,634,365,42,180,369,191,140,207,71,113,162,160,403,515,955,199,309,86,349,311,46,180,410,231,71,286,116,254,301,220,369,137,196
301,200,103,47,225,51,234,70,87,109,203,257,444,154,124,126,187,449,234,33,136,243,157,98,164,51,162,51,121,290,372,641,130,204,55,258,235,37,123,267,164,57,192,91,200,208,159,247,91,162
276,207,99,40,274,48,244,73,83,105,200,288,476,151,120,140,179,465,251,25,155,284,144,111,174,68,160,121,62,322,391,723,138,215,54,249,241,39,148,290,152,49,201,96,234,242,149,255,103,158
620,530,253,109,599,152,641,178,175,276,557,732,1137,386,296,329,457,1072,628,81,317,626,312,254,405,152,403,290,322,422,920,1795,340,584,150,658,608,107,321,657,392,110,493,248,508,603,407,661,204,431
684,689,293,130,788,176,746,250,279,301,633,858,1362,511,395,444,546,1321,766,104,397,790,467,312,524,194,515,372,391,920,582,2099,418,753,165,803,694,132,427,785,455,156,543,319,609,678,474,797,292,529
1225,1237,582,213,1405,273,1343,423,441,591,1189,1622,2444,916,735,794,991,2383,1447,180,746,1469,852,538,938,380,955,641,723,1795,2099,1891,731,1282,315,1462,1297,239,703,1506,906,305,1034,559,1093,1299,899,1450,495,983
233,245,96,48,263,59,264,91,86,119,223,325,463,187,138,160,198,489,281,32,148,285,134,104,165,78,199,130,138,340,418,731,62,239,69,275,242,45,142,324,192,46,190,116,197,266,141,276,81,170
473,394,177,86,468,110,478,127,152,169,389,542,820,329,250,262,336,835,447,57,245,481,271,194,281,110,309,204,215,584,753,1282,239,228,98,503,456,80,225,508,297,90,363,183,374,411,283,477,163,316
107,95,40,13,120,31,118,43,34,65,88,144,223,69,47,48,91,212,108,10,58,118,75,39,71,27,86,55,54,150,165,315,69,98,17,122,82,20,56,130,80,22,84,47,82,108,83,115,49,78
505,436,218,80,504,102,517,138,176,231,463,605,967,339,265,260,347,952,527,68,289,567,290,225,340,144,349,258,249,658,803,1462,275,503,122,258,498,93,276,593,400,99,411,208,437,495,324,556,215,360
498,389,176,79,528,112,426,127,163,208,417,526,786,298,241,276,344,802,449,63,289,484,292,184,297,116,311,235,241,608,694,1297,242,456,82,498,201,75,228,472,312,89,346,189,351,421,305,481,167,359
92,65,34,19,96,31,90,30,27,44,88,94,166,55,36,44,58,161,90,7,42,89,45,35,44,18,46,37,39,107,132,239,45,80,20,93,75,6,40,105,53,10,63,34,62,76,64,58,31,49
242,229,95,38,278,67,250,70,93,92,223,279,472,133,112,133,193,433,277,31,148,273,130,85,170,77,180,123,148,321,427,703,142,225,56,276,228,40,60,280,170,40,199,86,202,243,134,258,89,193
477,474,247,92,562,118,546,156,189,204,472,631,970,350,283,319,375,962,570,71,301,568,337,209,372,159,410,267,290,657,785,1506,324,508,130,593,472,105,280,286,368,125,391,220,463,493,363,582,209,367
325,287,135,58,317,71,303,102,114,125,258,384,583,204,161,206,253,578,305,40,170,313,185,108,190,85,231,164,152,392,455,906,192,297,80,400,312,53,170,368,111,64,256,107,254,300,206,378,121,223
121,102,40,16,99,32,120,30,31,40,97,122,177,59,51,55,78,192,88,12,52,92,50,45,67,21,71,57,49,110,156,305,46,90,22,99,89,10,40,125,64,11,77,47,72,91,74,105,40,68
385,363,169,67,411,76,381,121,138,155,316,444,685,273,216,229,269,681,395,52,235,403,218,138,274,99,286,192,201,493,543,1034,190,363,84,411,346,63,199,391,256,77,135,142,300,349,263,383,146,269
191,164,76,31,178,36,195,63,69,70,135,232,357,117,103,103,125,348,207,20,87,199,120,81,145,41,116,91,96,248,319,559,116,183,47,208,189,34,86,220,107,47,142,40,144,158,117,196,76,134
429,338,144,55,437,89,382,101,149,175,344,451,714,263,198,208,305,741,400,52,213,410,226,172,225,97,254,200,234,508,609,1093,197,374,82,437,351,62,202,463,254,72,300,144,138,367,242,391,151,289
433,373,200,82,476,97,440,158,157,173,362,538,888,311,253,280,303,805,477,57,266,459,265,175,301,114,301,208,242,603,678,1299,266,411,108,495,421,76,243,493,300,91,349,158,367,190,303,490,185,302
315,258,135,40,346,61,295,80,103,142,284,345,545,196,163,181,242,577,330,37,155,355,206,146,188,89,220,159,149,407,474,899,141,283,83,324,305,64,134,363,206,74,263,117,242,303,100,323,124,218
492,450,224,84,544,96,477,149,178,188,416,604,976,370,289,325,377,916,527,65,320,510,318,209,338,146,369,247,255,661,797,1450,276,477,115,556,481,58,258,582,378,105,383,196,391,490,323,252,172,367
186,180,56,29,182,40,183,57,67,80,150,213,314,131,97,115,138,330,179,24,107,188,109,80,118,51,137,91,103,204,292,495,81,163,49,215,167,31,89,209,121,40,146,76,151,185,124,172,34,138
343,294,128,58,337,72,332,118,126,159,325,360,603,226,172,208,238,623,360,35,186,404,207,146,220,77,196,162,158,431,529,983,170,316,78,360,359,49,193,367,223,68,269,134,289,302,218,367,138,120
