277,480,210,84,524,120,487,165,155,254,441,542,879,376,322,309,347,810,480,58,327,538,360,209,359,137,375,302,290,557,689,1219,259,494,113,496,463,71,239,444,316,115,368,167,445,400,328,475,171,376
480,166,170,77,470,94,427,127,135,177,330,481,748,250,215,249,308,757,436,51,232,421,259,156,275,125,274,212,207,527,639,1246,235,438,100,479,427,66,197,481,319,86,338,147,341,386,284,422,164,304
210,170,39,34,210,40,189,68,51,87,175,213,339,126,82,106,150,334,189,28,96,201,112,86,112,53,144,90,91,219,275,543,102,198,41,196,193,32,108,190,130,42,145,89,167,167,118,209,69,130
84,77,34,6,81,16,75,23,24,37,83,99,149,59,47,57,62,132,85,9,50,97,62,40,69,26,65,36,44,84,130,239,47,75,24,104,76,14,37,80,52,25,71,32,65,85,66,87,39,59
524,470,210,81,263,104,463,171,165,221,439,562,906,321,252,311,370,940,550,53,291,516,314,213,351,120,342,225,265,618,756,1417,258,489,105,503,441,87,250,532,349,105,381,197,416,475,319,538,166,351
120,94,40,16,104,9,98,28,25,39,96,120,212,75,61,73,71,187,106,16,65,121,78,44,85,38,85,47,59,134,166,309,52,115,27,128,104,10,54,110,81,25,77,35,95,91,90,108,37,79
487,427,189,75,463,98,231,141,152,206,395,536,854,340,284,289,319,844,455,55,312,503,294,197,318,135,342,218,259,597,719,1328,257,460,98,521,435,68,223,502,345,98,365,186,389,426,305,467,181,328
165,127,68,23,171,28,141,23,48,60,142,180,262,97,81,96,113,271,161,18,67,170,88,61,111,33,94,56,79,181,263,442,88,149,30,154,135,21,72,170,90,24,109,53,137,149,99,135,70,94
155,135,51,24,165,25,152,48,23,68,152,192,299,107,90,91,123,305,169,18,77,153,108,67,110,39,105,72,101,212,238,501,77,139,42,204,157,29,87,182,104,29,130,56,124,149,112,178,56,97
254,177,87,37,221,39,206,60,68,44,166,244,368,140,114,112,142,369,230,31,127,215,133,66,111,53,134,89,98,261,320,534,100,195,35,210,196,35,92,205,147,48,167,72,183,198,139,207,76,159
441,330,175,83,439,96,395,142,152,166,179,468,736,290,234,243,317,743,405,57,242,414,256,155,267,116,293,187,206,503,638,1102,200,407,85,456,395,80,217,458,295,98,326,155,347,366,266,389,139,297
542,481,213,99,562,120,536,180,192,244,468,315,1004,363,267,322,412,1008,535,63,312,537,329,228,395,136,382,265,270,741,840,1528,325,515,131,612,531,95,296,590,384,117,395,171,448,538,334,530,201,437
879,748,339,149,906,212,854,262,299,368,736,1004,777,549,469,543,653,1401,873,100,530,935,509,346,584,247,617,456,450,1142,1350,2370,447,830,194,920,818,160,424,967,596,184,694,342,724,801,553,924,289,621
376,250,126,59,321,75,340,97,107,140,290,363,549,113,191,217,232,560,318,29,183,355,180,128,211,77,226,182,161,413,480,861,163,300,74,335,351,59,168,340,223,81,243,130,287,302,199,366,116,235
322,215,82,47,252,61,284,81,90,114,234,267,469,191,72,145,193,458,234,24,144,277,163,117,177,65,180,139,138,333,390,715,125,263,57,258,261,38,139,301,178,54,216,118,222,235,193,300,95,185
309,249,106,57,311,73,289,96,91,112,243,322,543,217,145,70,209,491,283,42,161,315,193,135,200,68,210,125,131,360,465,863,181,251,50,268,293,37,140,317,200,63,236,116,259,257,226,303,116,179
347,308,150,62,370,71,319,113,123,142,317,412,653,232,193,209,129,633,352,41,180,389,203,155,237,78,249,173,184,432,562,974,204,336,75,359,342,49,182,393,235,69,281,157,293,323,232,372,127,259
810,757,334,132,940,187,844,271,305,369,743,1008,1401,560,458,491,633,753,901,117,513,909,546,363,623,268,631,459,472,1065,1330,2344,485,800,203,925,832,163,480,925,588,190,663,312,717,792,588,884,313,574
480,436,189,85,550,106,455,161,169,230,405,535,873,318,234,283,352,901,268,67,255,476,270,206,330,128,341,243,273,629,783,1341,232,471,105,511,467,70,253,561,353,104,380,184,390,469,313,529,158,348
58,51,28,9,53,16,55,18,18,31,57,63,100,29,24,42,41,117,67,3,30,67,29,22,43,13,40,34,37,72,114,177,35,67,11,51,60,9,27,64,56,13,60,35,57,62,39,62,24,30
327,232,96,50,291,65,312,67,77,127,242,312,530,183,144,161,180,513,255,30,67,290,152,115,157,70,180,126,133,341,399,819,140,255,64,263,264,47,126,272,183,57,223,100,203,254,184,269,104,169
538,421,201,97,516,121,503,170,153,215,414,537,935,355,277,315,389,909,476,67,290,267,319,197,338,128,336,262,301,635,812,1384,262,496,121,572,520,81,254,541,352,91,380,192,392,446,316,529,205,342
360,259,112,62,314,78,294,88,108,133,256,329,509,180,163,193,203,546,270,29,152,319,96,120,197,70,188,141,153,372,411,795,163,303,60,307,307,48,147,328,207,61,229,117,237,286,197,307,115,197
209,156,86,40,213,44,197,61,67,66,155,228,346,128,117,135,155,363,206,22,115,197,120,37,121,50,121,87,110,253,295,554,110,198,42,225,205,38,109,225,125,42,148,75,147,191,117,207,74,140
359,275,112,69,351,85,318,111,110,111,267,395,584,211,177,200,237,623,330,43,157,338,197,121,96,86,217,168,160,384,502,940,207,334,74,348,328,55,158,377,198,62,250,127,223,309,184,336,115,238
137,125,53,26,120,38,135,33,39,53,116,136,247,77,65,68,78,268,128,13,70,128,70,50,86,17,78,64,60,157,203,402,68,132,36,111,122,19,57,153,94,27,108,45,112,129,79,133,56,87
375,274,144,65,342,85,342,94,105,134,293,382,617,226,180,210,249,631,341,40,180,336,188,121,217,78,112,156,159,430,517,1002,185,322,92,354,331,49,164,355,223,61,282,120,257,318,206,344,149,240
302,212,90,36,225,47,218,56,72,89,187,265,456,182,139,125,173,459,243,34,126,262,141,87,168,64,156,40,100,298,365,733,135,227,47,232,199,36,111,251,166,39,161,90,208,208,153,244,78,160
290,207,91,44,265,59,259,79,101,98,206,270,450,161,138,131,184,472,273,37,133,301,153,110,160,60,159,100,56,304,399,698,139,244,58,270,250,37,115,267,160,45,222,81,197,228,162,268,88,171
557,527,219,84,618,134,597,181,212,261,503,741,1142,413,333,360,432,1065,629,72,341,635,372,253,384,157,430,298,304,361,944,1805,329,552,147,657,607,109,334,670,419,135,493,211,493,562,406,663,218,402
689,639,275,130,756,166,719,263,238,320,638,840,1350,480,390,465,562,1330,783,114,399,812,411,295,502,203,517,365,399,944,564,2046,381,720,170,822,686,130,376,797,478,140,579,274,590,650,456,767,263,504
1219,1246,543,239,1417,309,1328,442,501,534,1102,1528,2370,861,715,863,974,2344,1341,177,819,1384,795,554,940,402,1002,733,698,1805,2046,1820,694,1273,307,1472,1256,216,670,1412,909,260,990,485,1051,1199,846,1374,479,902
259,235,102,47,258,52,257,88,77,100,200,325,447,163,125,181,204,485,232,35,140,262,163,110,207,68,185,135,139,329,381,694,61,250,56,299,235,45,145,267,173,52,199,108,224,232,158,286,91,165
494,438,198,75,489,115,460,149,139,195,407,515,830,300,263,251,336,800,471,67,255,496,303,198,334,132,322,227,244,552,720,1273,250,224,99,508,445,74,238,509,336,102,370,152,394,451,321,502,171,306
113,100,41,24,105,27,98,30,42,35,85,131,194,74,57,50,75,203,105,11,64,121,60,42,74,36,92,47,58,147,170,307,56,99,10,105,110,24,55,109,84,16,74,37,101,119,70,111,36,64
496,479,196,104,503,128,521,154,204,210,456,612,920,335,258,268,359,925,511,51,263,572,307,225,348,111,354,232,270,657,822,1472,299,508,105,291,498,84,255,600,359,106,385,205,423,503,342,538,193,336
463,427,193,76,441,104,435,135,157,196,395,531,818,351,261,293,342,832,467,60,264,520,307,205,328,122,331,199,250,607,686,1256,235,445,110,498,230,62,201,506,328,88,380,157,381,429,316,491,188,334
71,66,32,14,87,10,68,21,29,35,80,95,160,59,38,37,49,163,70,9,47,81,48,38,55,19,49,36,37,109,130,216,45,74,24,84,62,7,37,82,57,17,61,34,64,64,51,77,32,47
239,197,108,37,250,54,223,72,87,92,217,296,424,168,139,140,182,480,253,27,126,254,147,109,158,57,164,111,115,334,376,670,145,238,55,255,201,37,62,270,159,38,184,80,200,237,174,237,110,179
444,481,190,80,532,110,502,170,182,205,458,590,967,340,301,317,393,925,561,64,272,541,328,225,377,153,355,251,267,670,797,1412,267,509,109,600,506,82,270,279,362,127,396,182,419,482,343,520,191,333
316,319,130,52,349,81,345,90,104,147,295,384,596,223,178,200,235,588,353,56,183,352,207,125,198,94,223,166,160,419,478,909,173,336,84,359,328,57,159,362,124,66,255,110,250,298,179,339,115,208
115,86,42,25,105,25,98,24,29,48,98,117,184,81,54,63,69,190,104,13,57,91,61,42,62,27,61,39,45,135,140,260,52,102,16,106,88,17,38,127,66,6,83,28,74,100,71,99,41,70
368,338,145,71,381,77,365,109,130,167,326,395,694,243,216,236,281,663,380,60,223,380,229,148,250,108,282,161,222,493,579,990,199,370,74,385,380,61,184,396,255,83,125,160,301,338,240,393,129,249
167,147,89,32,197,35,186,53,56,72,155,171,342,130,118,116,157,312,184,35,100,192,117,75,127,45,120,90,81,211,274,485,108,152,37,205,157,34,80,182,110,28,160,29,147,174,123,191,67,116
445,341,167,65,416,95,389,137,124,183,347,448,724,287,222,259,293,717,390,57,203,392,237,147,223,112,257,208,197,493,590,1051,224,394,101,423,381,64,200,419,250,74,301,147,150,357,233,438,123,275
400,386,167,85,475,91,426,149,149,198,366,538,801,302,235,257,323,792,469,62,254,446,286,191,309,129,318,208,228,562,650,1199,232,451,119,503,429,64,237,482,298,100,338,174,357,181,291,466,165,310
328,284,118,66,319,90,305,99,112,139,266,334,553,199,193,226,232,588,313,39,184,316,197,117,184,79,206,153,162,406,456,846,158,321,70,342,316,51,174,343,179,71,240,123,233,291,92,306,111,197
475,422,209,87,538,108,467,135,178,207,389,530,924,366,300,303,372,884,529,62,269,529,307,207,336,133,344,244,268,663,767,1374,286,502,111,538,491,77,237,520,339,99,393,191,438,466,306,250,211,356
171,164,69,39,166,37,181,70,56,76,139,201,289,116,95,116,127,313,158,24,104,205,115,74,115,56,149,78,88,218,263,479,91,171,36,193,188,32,110,191,115,41,129,67,123,165,111,211,36,123
376,304,130,59,351,79,328,94,97,159,297,437,621,235,185,179,259,574,348,30,169,342,197,140,238,87,240,160,171,402,504,902,165,306,64,336,334,47,179,333,208,70,249,116,275,310,197,356,123,109
