282,464,214,83,521,104,497,181,180,267,431,543,855,362,347,391,360,834,526,92,326,527,379,221,339,132,383,286,295,620,703,1192,249,502,101,531,501,85,242,488,322,133,375,191,426,396,345,513,161,406
464,193,137,75,433,98,397,125,128,169,359,481,771,275,217,241,331,794,433,39,233,425,246,160,278,95,258,195,202,539,684,1294,223,385,100,475,422,75,225,469,308,88,358,160,327,406,263,463,163,303
214,137,31,35,191,43,193,64,62,72,155,222,375,113,107,119,147,378,223,20,97,194,116,72,113,54,117,98,105,264,323,597,108,181,39,188,179,35,122,183,141,39,168,69,151,192,122,219,75,138
83,75,35,5,84,17,61,32,35,42,79,80,131,51,53,54,57,153,93,9,51,86,55,35,60,20,56,36,37,110,123,240,40,81,29,84,90,12,40,79,49,17,65,32,63,68,55,78,41,67
521,433,191,84,257,101,502,180,181,195,415,558,958,339,271,277,415,934,516,71,280,513,314,207,326,127,362,213,271,649,747,1441,275,455,129,560,529,86,288,516,359,116,380,188,417,450,327,537,216,370
104,98,43,17,101,9,82,34,44,53,96,121,173,77,62,71,78,209,115,16,70,113,73,49,82,31,90,56,45,156,178,318,62,112,30,142,112,17,45,99,68,22,89,48,86,84,71,106,42,85
497,397,193,61,502,82,214,155,158,215,446,552,852,312,291,276,337,876,470,60,272,466,276,167,335,134,341,235,221,609,717,1342,243,462,120,504,470,80,244,477,300,91,382,192,393,444,292,496,195,341
181,125,64,32,180,34,155,20,60,73,133,154,249,98,73,83,116,261,147,25,80,160,75,68,98,41,100,73,68,178,230,416,92,155,38,139,170,27,79,156,98,36,107,59,120,141,92,165,59,101
180,128,62,35,181,44,158,60,34,86,136,170,288,118,88,82,129,298,173,25,98,183,97,74,118,38,113,81,82,208,238,480,85,171,40,179,160,30,83,156,112,33,126,63,141,137,117,183,59,103
267,169,72,42,195,53,215,73,86,55,188,228,375,138,100,112,152,365,211,22,122,180,119,81,160,57,160,119,114,270,298,572,100,215,41,217,226,23,108,203,117,43,169,75,156,167,144,191,55,161
431,359,155,79,415,96,446,133,136,188,212,470,774,281,234,270,327,765,419,55,262,406,242,166,314,115,298,216,228,540,611,1144,220,409,99,452,438,65,203,447,264,83,323,153,355,381,266,422,146,323
543,481,222,80,558,121,552,154,170,228,470,317,1035,371,260,303,399,1007,593,89,340,599,296,234,343,137,377,237,297,700,839,1557,282,542,120,550,495,95,283,617,377,151,438,207,443,570,317,543,197,425
855,771,375,131,958,173,852,249,288,375,774,1035,849,590,473,501,654,1502,900,134,513,930,535,382,583,260,658,418,432,1181,1339,2471,487,831,202,980,793,144,436,940,543,186,661,358,732,858,521,890,348,596
362,275,113,51,339,77,312,98,118,138,281,371,590,102,171,175,241,581,297,40,196,312,176,101,198,87,224,173,146,413,501,980,180,299,89,332,319,47,163,360,198,52,267,122,248,296,190,339,131,212
347,217,107,53,271,62,291,73,88,100,234,260,473,171,61,140,219,441,270,22,159,288,151,117,177,53,168,112,155,331,396,728,150,233,55,273,258,56,128,244,177,51,202,97,223,250,150,284,85,171
391,241,119,54,277,71,276,83,82,112,270,303,501,175,140,76,244,498,291,26,146,311,160,134,197,68,178,120,154,344,445,831,162,233,62,305,286,54,134,303,192,50,215,101,240,284,168,304,106,184
360,331,147,57,415,78,337,116,129,152,327,399,654,241,219,244,144,643,346,49,203,373,207,143,251,89,233,156,171,437,497,1019,201,354,73,395,366,59,186,372,234,83,278,131,274,334,244,382,121,250
834,794,378,153,934,209,876,261,298,365,765,1007,1502,581,441,498,643,826,908,120,513,928,521,360,595,240,648,418,441,1191,1325,2474,498,813,226,956,814,154,427,945,607,169,665,333,708,828,556,933,335,626
526,433,223,93,516,115,470,147,173,211,419,593,900,297,270,291,346,908,256,77,286,521,296,192,328,142,354,241,244,634,766,1395,260,500,118,553,502,92,253,513,353,125,402,185,433,451,318,522,198,334
92,39,20,9,71,16,60,25,25,22,55,89,134,40,22,26,49,120,77,4,27,54,42,23,51,17,36,24,26,78,100,172,28,66,8,63,54,8,41,49,50,11,46,16,54,50,38,58,23,46
326,233,97,51,280,70,272,80,98,122,262,340,513,196,159,146,203,513,286,27,72,315,165,89,177,55,165,155,118,318,427,771,166,262,63,289,260,42,127,308,163,57,240,121,242,265,173,312,129,200
527,425,194,86,513,113,466,160,183,180,406,599,930,312,288,311,373,928,521,54,315,254,312,192,342,138,350,217,225,655,799,1453,277,511,121,589,465,95,255,532,335,121,400,176,406,491,307,525,195,337
379,246,116,55,314,73,276,75,97,119,242,296,535,176,151,160,207,521,296,42,165,312,101,101,198,66,197,132,147,363,421,867,162,276,64,312,277,47,156,305,169,75,242,122,229,271,201,314,108,221
221,160,72,35,207,49,167,68,74,81,166,234,382,101,117,134,143,360,192,23,89,192,101,32,121,55,121,88,102,260,306,580,96,186,51,215,200,38,108,220,130,50,164,81,140,213,111,225,70,148
339,278,113,60,326,82,335,98,118,160,314,343,583,198,177,197,251,595,328,51,177,342,198,121,111,74,193,149,166,443,502,907,167,310,71,342,329,60,168,320,201,56,276,126,236,297,206,334,133,227
132,95,54,20,127,31,134,41,38,57,115,137,260,87,53,68,89,240,142,17,55,138,66,55,74,20,75,38,59,172,188,368,76,123,31,127,134,20,71,127,82,23,108,45,102,108,69,143,57,95
383,258,117,56,362,90,341,100,113,160,298,377,658,224,168,178,233,648,354,36,165,350,197,121,193,75,102,109,166,430,540,1018,182,347,77,348,338,40,172,350,204,64,280,118,252,288,209,360,146,242
286,195,98,36,213,56,235,73,81,119,216,237,418,173,112,120,156,418,241,24,155,217,132,88,149,38,109,54,104,293,367,671,119,218,50,232,225,30,102,243,147,34,176,109,193,198,170,247,102,132
295,202,105,37,271,45,221,68,82,114,228,297,432,146,155,154,171,441,244,26,118,225,147,102,166,59,166,104,58,301,397,757,145,210,59,279,237,41,123,264,146,46,193,97,196,225,139,267,93,168
620,539,264,110,649,156,609,178,208,270,540,700,1181,413,331,344,437,1191,634,78,318,655,363,260,443,172,430,293,301,410,937,1796,331,579,141,655,621,113,306,661,452,143,500,243,530,593,428,695,273,430
703,684,323,123,747,178,717,230,238,298,611,839,1339,501,396,445,497,1325,766,100,427,799,421,306,502,188,540,367,397,937,571,2082,377,747,163,792,675,135,367,847,524,165,537,290,627,717,513,783,283,497
1192,1294,597,240,1441,318,1342,416,480,572,1144,1557,2471,980,728,831,1019,2474,1395,172,771,1453,867,580,907,368,1018,671,757,1796,2082,1946,742,1343,303,1496,1307,239,672,1543,969,308,1062,579,1147,1268,859,1416,523,964
249,223,108,40,275,62,243,92,85,100,220,282,487,180,150,162,201,498,260,28,166,277,162,96,167,76,182,119,145,331,377,742,75,238,55,295,262,47,135,272,204,60,213,119,228,258,183,280,97,167
502,385,181,81,455,112,462,155,171,215,409,542,831,299,233,233,354,813,500,66,262,511,276,186,310,123,347,218,210,579,747,1343,238,250,106,521,465,77,252,496,301,100,364,167,389,396,308,496,167,343
101,100,39,29,129,30,120,38,40,41,99,120,202,89,55,62,73,226,118,8,63,121,64,51,71,31,77,50,59,141,163,303,55,106,15,112,105,22,60,120,88,26,93,42,90,114,67,129,42,89
531,475,188,84,560,142,504,139,179,217,452,550,980,332,273,305,395,956,553,63,289,589,312,215,342,127,348,232,279,655,792,1496,295,521,112,276,541,77,250,651,367,124,415,218,421,483,322,540,189,351
501,422,179,90,529,112,470,170,160,226,438,495,793,319,258,286,366,814,502,54,260,465,277,200,329,134,338,225,237,621,675,1307,262,465,105,541,234,83,251,518,308,88,358,175,368,446,303,525,184,346
85,75,35,12,86,17,80,27,30,23,65,95,144,47,56,54,59,154,92,8,42,95,47,38,60,20,40,30,41,113,135,239,47,77,22,77,83,7,44,103,60,12,66,33,69,67,46,93,38,53
242,225,122,40,288,45,244,79,83,108,203,283,436,163,128,134,186,427,253,41,127,255,156,108,168,71,172,102,123,306,367,672,135,252,60,250,251,44,69,261,155,52,163,87,195,231,145,259,87,174
488,469,183,79,516,99,477,156,156,203,447,617,940,360,244,303,372,945,513,49,308,532,305,220,320,127,350,243,264,661,847,1543,272,496,120,651,518,103,261,291,336,124,403,211,392,521,331,564,182,359
322,308,141,49,359,68,300,98,112,117,264,377,543,198,177,192,234,607,353,50,163,335,169,130,201,82,204,147,146,452,524,969,204,301,88,367,308,60,155,336,101,82,240,122,249,321,206,383,125,227
133,88,39,17,116,22,91,36,33,43,83,151,186,52,51,50,83,169,125,11,57,121,75,50,56,23,64,34,46,143,165,308,60,100,26,124,88,12,52,124,82,14,89,27,69,87,57,106,43,77
375,358,168,65,380,89,382,107,126,169,323,438,661,267,202,215,278,665,402,46,240,400,242,164,276,108,280,176,193,500,537,1062,213,364,93,415,358,66,163,403,240,89,135,141,330,338,256,396,134,284
191,160,69,32,188,48,192,59,63,75,153,207,358,122,97,101,131,333,185,16,121,176,122,81,126,45,118,109,97,243,290,579,119,167,42,218,175,33,87,211,122,27,141,28,123,199,122,191,79,112
426,327,151,63,417,86,393,120,141,156,355,443,732,248,223,240,274,708,433,54,242,406,229,140,236,102,252,193,196,530,627,1147,228,389,90,421,368,69,195,392,249,69,330,123,143,397,229,432,157,262
396,406,192,68,450,84,444,141,137,167,381,570,858,296,250,284,334,828,451,50,265,491,271,213,297,108,288,198,225,593,717,1268,258,396,114,483,446,67,231,521,321,87,338,199,397,220,303,464,172,292
345,263,122,55,327,71,292,92,117,144,266,317,521,190,150,168,244,556,318,38,173,307,201,111,206,69,209,170,139,428,513,859,183,308,67,322,303,46,145,331,206,57,256,122,229,303,110,318,125,216
513,463,219,78,537,106,496,165,183,191,422,543,890,339,284,304,382,933,522,58,312,525,314,225,334,143,360,247,267,695,783,1416,280,496,129,540,525,93,259,564,383,106,396,191,432,464,318,275,213,358
161,163,75,41,216,42,195,59,59,55,146,197,348,131,85,106,121,335,198,23,129,195,108,70,133,57,146,102,93,273,283,523,97,167,42,189,184,38,87,182,125,43,134,79,157,172,125,213,36,117
406,303,138,67,370,85,341,101,103,161,323,425,596,212,171,184,250,626,334,46,200,337,221,148,227,95,242,132,168,430,497,964,167,343,89,351,346,53,174,359,227,77,284,112,262,292,216,358,117,132
