254,494,223,94,500,104,501,190,164,245,447,508,838,386,337,348,383,835,510,76,317,551,316,182,378,172,375,294,307,627,730,1233,252,479,121,488,515,93,243,466,304,111,358,171,466,467,361,471,157,378
494,184,180,74,415,99,426,149,151,172,351,469,806,281,223,243,331,839,443,54,250,478,257,174,268,106,265,171,217,552,646,1244,227,409,106,476,431,63,245,480,306,70,342,170,361,410,279,501,187,275
223,180,49,44,204,51,204,49,77,78,182,235,357,136,108,117,134,343,180,22,107,186,111,64,134,51,136,98,80,238,287,536,113,196,48,174,195,45,86,186,137,33,141,72,144,184,114,236,83,126
94,74,44,3,86,15,78,25,23,26,61,90,138,64,47,50,54,140,71,7,45,78,60,44,58,19,59,38,54,103,119,215,43,76,12,85,84,15,38,87,57,20,59,39,66,76,48,92,22,64
500,415,204,86,268,128,475,139,159,204,411,567,978,336,281,291,375,934,543,77,241,535,316,196,330,119,307,204,270,617,774,1409,291,462,118,542,470,84,242,565,338,89,395,205,412,482,334,556,175,343
104,99,51,15,128,11,103,33,32,35,99,123,192,72,63,69,67,170,106,10,73,106,72,46,70,30,86,49,73,126,158,301,47,94,18,122,107,21,61,133,81,25,81,56,78,98,63,115,29,79
501,426,204,78,475,103,246,144,149,185,400,544,858,325,268,307,356,892,471,59,259,469,294,226,307,122,333,202,265,651,701,1332,247,429,110,532,453,85,258,554,351,110,387,208,379,461,305,526,178,334
190,149,49,25,139,33,144,18,45,69,128,155,242,96,65,64,98,277,143,23,85,164,98,73,113,37,113,89,74,203,220,414,90,120,32,146,168,24,63,166,107,27,130,56,135,124,86,159,53,98
164,151,77,23,159,32,149,45,29,76,151,165,319,109,112,102,122,313,172,20,87,171,116,82,107,41,119,80,84,227,271,479,103,153,25,153,137,28,79,197,98,37,149,73,143,136,88,199,63,119
245,172,78,26,204,35,185,69,76,45,160,239,379,122,127,147,168,369,207,32,112,212,141,89,142,62,156,107,98,278,309,539,96,192,59,219,207,36,103,218,146,43,158,65,158,185,112,197,73,152
447,351,182,61,411,99,400,128,151,160,169,488,789,280,231,260,325,780,406,56,226,417,247,159,271,112,295,212,216,513,630,1176,205,378,106,477,398,68,216,417,280,96,334,158,325,359,241,464,156,281
508,469,235,90,567,123,544,155,165,239,488,345,1016,362,296,333,397,1069,571,81,317,584,312,201,335,146,341,252,268,722,887,1556,285,541,156,603,526,87,288,592,380,123,431,213,470,519,325,607,215,362
838,806,357,138,978,192,858,242,319,379,789,1016,788,580,473,503,655,1502,929,122,482,933,520,356,604,245,638,395,414,1125,1410,2437,518,812,213,1070,825,154,470,938,632,177,666,361,684,863,597,939,331,568
386,281,136,64,336,72,325,96,109,122,280,362,580,122,186,187,235,616,314,38,154,326,198,136,224,92,236,154,178,432,489,885,173,332,78,335,313,50,152,343,212,62,268,130,264,268,217,365,123,220
337,223,108,47,281,63,268,65,112,127,231,296,473,186,73,134,181,510,254,33,125,273,145,102,180,74,183,141,115,320,399,724,131,257,70,242,268,39,124,283,184,52,211,79,215,235,144,280,105,173
348,243,117,50,291,69,307,64,102,147,260,333,503,187,134,74,201,502,293,26,142,287,157,127,194,75,193,155,134,325,445,838,157,294,74,264,268,44,125,327,201,68,227,95,219,244,184,296,120,192
383,331,134,54,375,67,356,98,122,168,325,397,655,235,181,201,150,695,364,44,221,368,221,126,251,87,261,166,218,504,566,1016,231,326,80,349,324,71,167,396,261,71,290,134,279,317,223,364,136,243
835,839,343,140,934,170,892,277,313,369,780,1069,1502,616,510,502,695,784,933,119,508,957,554,378,598,237,654,403,440,1121,1396,2547,487,817,216,1056,846,161,469,928,593,193,678,355,716,833,547,976,312,587
510,443,180,71,543,106,471,143,172,207,406,571,929,314,254,293,364,933,290,69,258,481,285,195,333,121,337,227,234,635,776,1395,304,479,124,506,452,68,236,528,330,101,380,196,401,480,313,529,187,335
76,54,22,7,77,10,59,23,20,32,56,81,122,38,33,26,44,119,69,2,32,69,35,29,47,18,53,31,37,64,108,182,48,59,15,56,66,12,33,85,46,16,41,30,62,58,44,66,28,37
317,250,107,45,241,73,259,85,87,112,226,317,482,154,125,142,221,508,258,32,81,280,151,119,167,66,196,131,147,342,414,762,140,258,66,266,271,52,128,308,176,70,223,106,230,261,137,287,107,171
551,478,186,78,535,106,469,164,171,212,417,584,933,326,273,287,368,957,481,69,280,257,282,193,320,133,386,247,248,622,765,1437,292,503,118,583,462,57,271,541,330,104,389,184,394,453,330,518,176,355
316,257,111,60,316,72,294,98,116,141,247,312,520,198,145,157,221,554,285,35,151,282,88,131,183,86,215,164,141,351,452,799,165,287,65,276,290,43,156,357,185,66,236,116,245,289,187,323,103,194
182,174,64,44,196,46,226,73,82,89,159,201,356,136,102,127,126,378,195,29,119,193,131,43,119,56,128,96,115,278,296,520,103,195,40,210,181,36,118,214,127,36,176,88,138,189,116,233,79,131
378,268,134,58,330,70,307,113,107,142,271,335,604,224,180,194,251,598,333,47,167,320,183,119,95,73,198,157,148,430,500,930,180,326,74,335,317,45,198,358,211,79,267,141,235,297,203,344,133,227
172,106,51,19,119,30,122,37,41,62,112,146,245,92,74,75,87,237,121,18,66,133,86,56,73,13,81,62,72,161,190,419,66,115,34,141,126,18,63,132,86,27,111,51,120,118,81,133,62,75
375,265,136,59,307,86,333,113,119,156,295,341,638,236,183,193,261,654,337,53,196,386,215,128,198,81,114,127,158,420,541,1004,196,300,77,361,331,60,179,354,223,61,294,141,266,341,222,378,148,229
294,171,98,38,204,49,202,89,80,107,212,252,395,154,141,155,166,403,227,31,131,247,164,96,157,62,127,53,124,278,330,633,126,208,55,223,237,34,113,247,146,32,182,88,193,199,171,255,88,163
307,217,80,54,270,73,265,74,84,98,216,268,414,178,115,134,218,440,234,37,147,248,141,115,148,72,158,124,53,292,367,689,117,261,52,261,212,48,131,283,151,48,194,85,198,228,146,284,78,168
627,552,238,103,617,126,651,203,227,278,513,722,1125,432,320,325,504,1121,635,64,342,622,351,278,430,161,420,278,292,372,972,1813,346,583,148,729,580,101,332,693,426,126,436,242,496,634,395,677,232,470
730,646,287,119,774,158,701,220,271,309,630,887,1410,489,399,445,566,1396,776,108,414,765,452,296,500,190,541,330,367,972,572,2079,419,719,166,825,651,128,363,788,484,168,545,270,610,703,510,797,267,503
1233,1244,536,215,1409,301,1332,414,479,539,1176,1556,2437,885,724,838,1016,2547,1395,182,762,1437,799,520,930,419,1004,633,689,1813,2079,1946,696,1292,337,1595,1283,240,671,1502,967,298,1047,527,1104,1276,938,1442,500,913
252,227,113,43,291,47,247,90,103,96,205,285,518,173,131,157,231,487,304,48,140,292,165,103,180,66,196,126,117,346,419,696,72,263,66,325,237,59,159,251,203,68,207,91,232,237,171,268,101,190
479,409,196,76,462,94,429,120,153,192,378,541,812,332,257,294,326,817,479,59,258,503,287,195,326,115,300,208,261,583,719,1292,263,213,93,510,447,79,223,507,314,99,368,200,382,428,297,480,162,327
121,106,48,12,118,18,110,32,25,59,106,156,213,78,70,74,80,216,124,15,66,118,65,40,74,34,77,55,52,148,166,337,66,93,12,117,108,17,53,128,78,26,99,43,74,109,67,130,30,78
488,476,174,85,542,122,532,146,153,219,477,603,1070,335,242,264,349,1056,506,56,266,583,276,210,335,141,361,223,261,729,825,1595,325,510,117,272,493,100,264,582,345,95,391,189,424,484,332,528,190,359
515,431,195,84,470,107,453,168,137,207,398,526,825,313,268,268,324,846,452,66,271,462,290,181,317,126,331,237,212,580,651,1283,237,447,108,493,216,92,242,503,318,87,355,178,383,427,314,510,182,314
93,63,45,15,84,21,85,24,28,36,68,87,154,50,39,44,71,161,68,12,52,57,43,36,45,18,60,34,48,101,128,240,59,79,17,100,92,5,48,94,74,18,66,27,61,95,51,90,39,57
243,245,86,38,242,61,258,63,79,103,216,288,470,152,124,125,167,469,236,33,128,271,156,118,198,63,179,113,131,332,363,671,159,223,53,264,242,48,56,289,174,35,210,112,229,227,165,260,98,161
466,480,186,87,565,133,554,166,197,218,417,592,938,343,283,327,396,928,528,85,308,541,357,214,358,132,354,247,283,693,788,1502,251,507,128,582,503,94,289,274,360,96,397,203,471,511,337,568,206,344
304,306,137,57,338,81,351,107,98,146,280,380,632,212,184,201,261,593,330,46,176,330,185,127,211,86,223,146,151,426,484,967,203,314,78,345,318,74,174,360,113,62,248,115,263,312,228,331,142,216
111,70,33,20,89,25,110,27,37,43,96,123,177,62,52,68,71,193,101,16,70,104,66,36,79,27,61,32,48,126,168,298,68,99,26,95,87,18,35,96,62,9,70,45,87,105,66,97,58,67
358,342,141,59,395,81,387,130,149,158,334,431,666,268,211,227,290,678,380,41,223,389,236,176,267,111,294,182,194,436,545,1047,207,368,99,391,355,66,210,397,248,70,142,149,326,336,261,419,137,277
171,170,72,39,205,56,208,56,73,65,158,213,361,130,79,95,134,355,196,30,106,184,116,88,141,51,141,88,85,242,270,527,91,200,43,189,178,27,112,203,115,45,149,38,165,161,126,226,70,109
466,361,144,66,412,78,379,135,143,158,325,470,684,264,215,219,279,716,401,62,230,394,245,138,235,120,266,193,198,496,610,1104,232,382,74,424,383,61,229,471,263,87,326,165,162,368,265,438,134,292
467,410,184,76,482,98,461,124,136,185,359,519,863,268,235,244,317,833,480,58,261,453,289,189,297,118,341,199,228,634,703,1276,237,428,109,484,427,95,227,511,312,105,336,161,368,203,290,489,151,302
361,279,114,48,334,63,305,86,88,112,241,325,597,217,144,184,223,547,313,44,137,330,187,116,203,81,222,171,146,395,510,938,171,297,67,332,314,51,165,337,228,66,261,126,265,290,100,295,124,224
471,501,236,92,556,115,526,159,199,197,464,607,939,365,280,296,364,976,529,66,287,518,323,233,344,133,378,255,284,677,797,1442,268,480,130,528,510,90,260,568,331,97,419,226,438,489,295,254,204,334
157,187,83,22,175,29,178,53,63,73,156,215,331,123,105,120,136,312,187,28,107,176,103,79,133,62,148,88,78,232,267,500,101,162,30,190,182,39,98,206,142,58,137,70,134,151,124,204,31,116
378,275,126,64,343,79,334,98,119,152,281,362,568,220,173,192,243,587,335,37,171,355,194,131,227,75,229,163,168,470,503,913,190,327,78,359,314,57,161,344,216,67,277,109,292,302,224,334,116,117
