250,419,207,85,491,106,457,177,171,216,430,506,821,343,298,310,362,805,469,68,316,505,339,210,347,150,376,301,306,583,664,1249,253,475,126,517,492,93,258,454,270,114,395,185,433,413,302,472,154,350
419,185,184,82,443,105,432,149,120,165,377,497,778,274,233,258,317,776,452,63,235,461,254,176,277,120,306,209,237,525,673,1247,230,422,84,441,420,69,216,464,289,82,352,154,344,406,309,458,157,275
207,184,39,38,227,45,188,60,63,72,158,217,391,118,82,94,161,369,202,28,103,207,90,72,134,49,115,101,90,223,290,574,103,187,50,217,185,29,101,221,137,29,173,70,154,180,126,212,66,136
85,82,38,2,81,11,74,19,42,31,79,73,123,41,40,51,59,143,81,8,43,90,54,32,55,24,62,42,53,125,135,215,38,68,9,89,76,14,40,92,54,11,63,22,60,68,36,70,17,47
491,443,227,81,256,104,473,166,152,210,406,550,898,346,285,288,378,901,530,64,289,541,295,196,374,120,341,260,306,672,760,1370,274,445,104,557,444,91,272,538,326,120,397,200,417,486,363,537,202,337
106,105,45,11,104,9,111,34,41,47,92,120,178,80,61,69,81,177,96,7,63,112,69,56,79,31,82,59,77,148,175,273,45,84,20,117,94,12,64,113,84,17,73,40,95,108,65,116,25,67
457,432,188,74,473,111,219,170,162,192,402,539,871,297,259,287,352,878,532,54,267,512,310,210,329,128,308,238,255,620,732,1330,233,472,95,511,435,69,252,487,330,91,351,151,385,445,285,473,146,299
177,149,60,19,166,34,170,18,34,61,138,171,315,111,80,92,118,303,140,19,80,167,99,73,111,37,104,64,94,208,270,444,80,148,42,167,147,30,70,169,92,27,125,67,158,146,115,183,68,113
171,120,63,42,152,41,162,34,23,68,144,183,296,94,78,89,113,282,158,19,87,180,91,62,103,43,111,83,76,198,237,432,95,149,35,188,139,25,74,166,97,27,113,69,136,146,108,180,57,128
216,165,72,31,210,47,192,61,68,45,148,237,402,141,122,114,136,394,198,21,115,201,125,86,142,41,129,106,105,269,283,596,125,181,43,200,211,23,120,211,129,39,183,89,186,194,143,215,72,120
430,377,158,79,406,92,402,138,144,148,174,492,768,273,219,221,305,768,453,45,227,448,272,157,287,92,260,210,219,534,635,1187,249,397,101,434,420,56,219,464,278,81,339,172,357,395,305,459,161,271
506,497,217,73,550,120,539,171,183,237,492,302,938,391,286,300,389,983,577,76,294,595,306,218,358,135,363,278,283,683,833,1558,310,491,134,588,529,91,292,557,363,113,405,196,448,556,335,585,213,399
821,778,391,123,898,178,871,315,296,402,768,938,740,637,475,530,685,1381,879,125,544,928,531,363,592,252,643,407,450,1082,1339,2379,495,775,220,1054,837,129,486,939,565,182,667,314,732,823,561,917,303,602
343,274,118,41,346,80,297,111,94,141,273,391,637,89,180,197,225,615,321,41,181,332,196,116,205,72,208,152,172,446,506,913,194,342,57,337,297,56,183,360,220,79,250,139,243,301,195,332,111,243
298,233,82,40,285,61,259,80,78,122,219,286,475,180,66,141,209,487,274,40,162,292,143,115,166,64,177,119,123,337,379,719,146,243,74,283,284,42,138,305,181,64,231,99,222,255,171,281,121,188
310,258,94,51,288,69,287,92,89,114,221,300,530,197,141,91,223,517,283,33,176,302,172,126,201,70,181,125,140,365,445,778,148,261,72,321,257,51,134,327,171,56,216,102,227,267,187,302,111,196
362,317,161,59,378,81,352,118,113,136,305,389,685,225,209,223,127,662,353,52,208,384,221,127,233,100,252,160,182,446,564,970,204,347,91,362,331,81,181,390,229,84,269,142,276,333,277,401,139,243
805,776,369,143,901,177,878,303,282,394,768,983,1381,615,487,517,662,746,881,127,518,938,553,364,602,236,602,449,453,1113,1312,2316,461,823,210,988,849,146,494,927,559,191,686,334,723,811,540,915,314,611
469,452,202,81,530,96,532,140,158,198,453,577,879,321,274,283,353,881,253,73,257,480,312,210,353,144,359,240,247,610,749,1373,276,499,115,540,480,86,251,523,340,119,362,208,444,491,327,566,203,343
68,63,28,8,64,7,54,19,19,21,45,76,125,41,40,33,52,127,73,2,26,76,46,24,41,16,42,27,36,87,101,162,44,53,14,59,52,10,34,82,57,8,41,20,51,57,35,59,30,47
316,235,103,43,289,63,267,80,87,115,227,294,544,181,162,176,208,518,257,26,62,273,179,107,190,71,184,138,150,340,422,821,178,256,55,285,274,46,117,306,179,50,241,110,250,255,171,291,108,168
505,461,207,90,541,112,512,167,180,201,448,595,928,332,292,302,384,938,480,76,273,266,328,214,347,135,360,243,267,645,752,1371,289,510,118,561,463,93,255,538,362,91,370,179,415,458,325,546,203,363
339,254,90,54,295,69,310,99,91,125,272,306,531,196,143,172,221,553,312,46,179,328,79,125,172,87,222,154,155,366,456,856,143,302,80,320,305,57,173,308,181,68,219,103,216,275,170,311,102,218
210,176,72,32,196,56,210,73,62,86,157,218,363,116,115,126,127,364,210,24,107,214,125,34,112,54,118,98,86,265,302,542,117,190,35,202,179,41,99,181,139,42,160,62,127,211,136,227,72,142
347,277,134,55,374,79,329,111,103,142,287,358,592,205,166,201,233,602,353,41,190,347,172,112,105,95,215,139,138,379,519,993,200,322,86,349,339,56,187,363,209,67,274,117,260,346,213,327,138,227
150,120,49,24,120,31,128,37,43,41,92,135,252,72,64,70,100,236,144,16,71,135,87,54,95,18,79,58,82,162,211,386,81,118,25,128,115,16,63,130,89,28,95,47,108,131,83,158,58,84
376,306,115,62,341,82,308,104,111,129,260,363,643,208,177,181,252,602,359,42,184,360,222,118,215,79,119,161,184,437,542,985,201,360,65,344,326,54,178,353,229,85,262,116,257,295,219,376,130,241
301,209,101,42,260,59,238,64,83,106,210,278,407,152,119,125,160,449,240,27,138,243,154,98,139,58,161,54,112,303,370,661,141,224,55,251,221,43,97,256,173,39,167,77,182,218,148,239,79,173
306,237,90,53,306,77,255,94,76,105,219,283,450,172,123,140,182,453,247,36,150,267,155,86,138,82,184,112,52,307,389,703,133,265,63,243,247,38,124,282,168,59,206,89,188,216,147,262,111,179
583,525,223,125,672,148,620,208,198,269,534,683,1082,446,337,365,446,1113,610,87,340,645,366,265,379,162,437,303,307,392,901,1786,339,600,146,649,602,105,341,668,423,124,480,217,515,571,400,627,243,433
664,673,290,135,760,175,732,270,237,283,635,833,1339,506,379,445,564,1312,749,101,422,752,456,302,519,211,542,370,389,901,537,2045,407,748,174,836,711,129,449,754,504,158,572,288,628,681,450,783,287,499
1249,1247,574,215,1370,273,1330,444,432,596,1187,1558,2379,913,719,778,970,2316,1373,162,821,1371,856,542,993,386,985,661,703,1786,2045,1804,713,1240,288,1471,1241,245,707,1429,931,306,1045,544,1118,1258,891,1353,491,946
253,230,103,38,274,45,233,80,95,125,249,310,495,194,146,148,204,461,276,44,178,289,143,117,200,81,201,141,133,339,407,713,51,242,78,296,257,50,135,283,184,59,227,98,223,242,168,266,96,176
475,422,187,68,445,84,472,148,149,181,397,491,775,342,243,261,347,823,499,53,256,510,302,190,322,118,360,224,265,600,748,1240,242,228,122,516,402,82,256,517,300,86,372,183,398,471,305,495,165,308
126,84,50,9,104,20,95,42,35,43,101,134,220,57,74,72,91,210,115,14,55,118,80,35,86,25,65,55,63,146,174,288,78,122,8,133,92,24,70,130,57,24,95,40,90,108,78,122,38,83
517,441,217,89,557,117,511,167,188,200,434,588,1054,337,283,321,362,988,540,59,285,561,320,202,349,128,344,251,243,649,836,1471,296,516,133,278,506,114,268,556,355,133,420,193,427,506,355,572,198,333
492,420,185,76,444,94,435,147,139,211,420,529,837,297,284,257,331,849,480,52,274,463,305,179,339,115,326,221,247,602,711,1241,257,402,92,506,210,83,241,510,320,87,378,163,376,416,298,519,166,308
93,69,29,14,91,12,69,30,25,23,56,91,129,56,42,51,81,146,86,10,46,93,57,41,56,16,54,43,38,105,129,245,50,82,24,114,83,7,46,84,54,11,61,35,70,76,60,81,30,53
258,216,101,40,272,64,252,70,74,120,219,292,486,183,138,134,181,494,251,34,117,255,173,99,187,63,178,97,124,341,449,707,135,256,70,268,241,46,57,281,174,56,203,95,231,240,174,264,113,169
454,464,221,92,538,113,487,169,166,211,464,557,939,360,305,327,390,927,523,82,306,538,308,181,363,130,353,256,282,668,754,1429,283,517,130,556,510,84,281,262,340,79,366,199,422,484,358,558,201,337
270,289,137,54,326,84,330,92,97,129,278,363,565,220,181,171,229,559,340,57,179,362,181,139,209,89,229,173,168,423,504,931,184,300,57,355,320,54,174,340,93,75,237,118,260,302,187,330,118,216
114,82,29,11,120,17,91,27,27,39,81,113,182,79,64,56,84,191,119,8,50,91,68,42,67,28,85,39,59,124,158,306,59,86,24,133,87,11,56,79,75,13,67,36,89,101,62,108,36,85
395,352,173,63,397,73,351,125,113,183,339,405,667,250,231,216,269,686,362,41,241,370,219,160,274,95,262,167,206,480,572,1045,227,372,95,420,378,61,203,366,237,67,146,147,336,359,238,399,140,258
185,154,70,22,200,40,151,67,69,89,172,196,314,139,99,102,142,334,208,20,110,179,103,62,117,47,116,77,89,217,288,544,98,183,40,193,163,35,95,199,118,36,147,38,159,176,117,202,72,112
433,344,154,60,417,95,385,158,136,186,357,448,732,243,222,227,276,723,444,51,250,415,216,127,260,108,257,182,188,515,628,1118,223,398,90,427,376,70,231,422,260,89,336,159,149,358,233,433,167,282
413,406,180,68,486,108,445,146,146,194,395,556,823,301,255,267,333,811,491,57,255,458,275,211,346,131,295,218,216,571,681,1258,242,471,108,506,416,76,240,484,302,101,359,176,358,201,300,499,144,307
302,309,126,36,363,65,285,115,108,143,305,335,561,195,171,187,277,540,327,35,171,325,170,136,213,83,219,148,147,400,450,891,168,305,78,355,298,60,174,358,187,62,238,117,233,300,94,295,120,217
472,458,212,70,537,116,473,183,180,215,459,585,917,332,281,302,401,915,566,59,291,546,311,227,327,158,376,239,262,627,783,1353,266,495,122,572,519,81,264,558,330,108,399,202,433,499,295,268,192,366
154,157,66,17,202,25,146,68,57,72,161,213,303,111,121,111,139,314,203,30,108,203,102,72,138,58,130,79,111,243,287,491,96,165,38,198,166,30,113,201,118,36,140,72,167,144,120,192,37,129
350,275,136,47,337,67,299,113,128,120,271,399,602,243,188,196,243,611,343,47,168,363,218,142,227,84,241,173,179,433,499,946,176,308,83,333,308,53,169,337,216,85,258,112,282,307,217,366,129,106
