270,452,224,87,507,110,496,194,162,241,432,502,855,375,329,356,397,800,504,83,338,555,349,204,363,134,363,275,323,642,744,1120,255,470,106,525,479,77,254,516,357,114,372,197,449,390,327,522,170,374
452,186,162,72,446,101,415,124,133,166,359,543,809,253,219,241,321,778,451,45,252,439,247,164,266,96,291,203,196,520,679,1271,231,391,106,458,386,68,199,466,281,92,343,162,322,364,259,462,167,275
224,162,32,41,201,57,203,54,74,93,148,220,355,129,71,125,135,374,200,29,102,205,113,78,120,50,133,78,98,267,286,556,98,192,47,223,212,38,97,209,139,45,162,64,170,172,108,218,55,148
87,72,41,3,82,13,74,26,23,35,78,93,158,42,67,69,70,149,72,13,45,87,53,31,71,24,59,39,43,113,111,212,49,80,15,79,76,20,50,96,57,17,60,31,78,80,47,76,29,55
507,446,201,82,263,117,491,159,172,178,423,581,870,364,287,314,350,862,502,66,280,510,339,211,354,126,341,225,280,655,717,1476,273,443,107,538,484,88,269,536,327,104,378,184,412,458,346,544,193,317
110,101,57,13,117,9,94,28,38,45,103,120,204,70,82,80,85,187,108,14,65,120,72,54,84,31,89,60,70,136,154,304,68,91,20,112,95,25,58,141,70,23,77,40,100,98,64,107,44,64
496,415,203,74,491,94,208,133,138,197,405,592,897,300,262,299,343,890,480,55,274,510,295,195,323,126,318,220,252,598,725,1346,268,481,101,495,433,85,257,512,305,105,338,164,379,437,280,507,161,303
194,124,54,26,159,28,133,26,55,59,152,158,283,97,67,63,120,290,188,21,79,181,80,67,90,41,98,71,78,208,241,450,72,137,30,165,125,21,81,170,115,31,109,55,116,148,97,155,62,109
162,133,74,23,172,38,138,55,21,58,121,188,311,108,78,86,114,302,187,17,100,176,119,50,107,49,90,95,81,206,246,486,88,170,33,175,156,39,83,154,108,28,133,62,113,137,105,149,53,100
241,166,93,35,178,45,197,59,58,51,169,226,372,155,114,144,130,362,214,33,127,212,144,86,153,43,132,92,119,243,306,567,114,192,43,230,194,28,111,203,110,61,162,74,192,196,136,230,78,156
432,359,148,78,423,103,405,152,121,169,167,475,780,303,242,253,285,752,429,59,250,443,303,189,280,98,282,174,229,528,629,1171,224,395,92,464,414,78,227,433,282,88,323,154,346,398,280,442,166,292
502,543,220,93,581,120,592,158,188,226,475,314,1005,356,295,329,427,1031,561,79,305,583,344,223,360,160,416,254,265,723,859,1572,318,525,142,585,517,90,307,637,343,123,447,209,438,544,354,608,202,367
855,809,355,158,870,204,897,283,311,372,780,1005,803,616,462,552,631,1447,914,108,544,932,522,385,616,266,659,422,472,1104,1336,2405,513,818,215,922,868,163,487,966,594,179,656,334,720,819,569,926,336,644
375,253,129,42,364,70,300,97,108,155,303,356,616,112,171,187,228,604,314,50,195,347,178,129,223,89,228,167,155,423,500,938,174,334,78,318,329,57,172,327,189,72,262,125,264,306,217,332,155,236
329,219,71,67,287,82,262,67,78,114,242,295,462,171,68,140,179,490,300,37,145,270,162,98,168,67,155,118,127,327,377,699,147,263,58,263,269,32,125,294,177,58,224,108,196,262,170,290,101,187
356,241,125,69,314,80,299,63,86,144,253,329,552,187,140,81,192,571,303,47,157,294,174,108,204,62,189,128,107,351,422,816,163,280,62,311,288,44,135,299,182,75,246,109,225,296,183,323,105,211
397,321,135,70,350,85,343,120,114,130,285,427,631,228,179,192,124,624,366,50,207,374,220,144,258,105,243,178,189,435,542,975,171,351,74,369,334,59,205,386,276,72,288,134,276,331,220,386,128,229
800,778,374,149,862,187,890,290,302,362,752,1031,1447,604,490,571,624,784,896,107,540,919,548,343,604,241,675,425,487,1175,1343,2325,459,822,213,896,882,152,479,940,580,198,712,345,693,821,551,926,346,575
504,451,200,72,502,108,480,188,187,214,429,561,914,314,300,303,366,896,246,62,279,479,285,185,331,116,312,238,247,609,761,1457,271,464,105,543,465,92,244,542,351,85,337,206,395,462,334,530,184,341
83,45,29,13,66,14,55,21,17,33,59,79,108,50,37,47,50,107,62,4,37,58,33,21,35,16,41,25,31,72,72,167,32,59,16,67,63,10,26,50,40,15,38,24,47,69,41,57,30,43
338,252,102,45,280,65,274,79,100,127,250,305,544,195,145,157,207,540,279,37,60,291,173,109,189,72,169,112,127,342,410,793,155,239,65,308,241,41,125,335,189,50,236,120,227,219,192,299,111,213
555,439,205,87,510,120,510,181,176,212,443,583,932,347,270,294,374,919,479,58,291,258,277,212,375,116,365,244,256,639,796,1464,267,497,118,541,463,90,264,529,325,95,393,186,394,473,321,521,187,380
349,247,113,53,339,72,295,80,119,144,303,344,522,178,162,174,220,548,285,33,173,277,90,131,179,71,174,169,158,403,445,812,151,269,81,295,251,50,144,339,198,45,235,121,221,293,196,299,121,217
204,164,78,31,211,54,195,67,50,86,189,223,385,129,98,108,144,343,185,21,109,212,131,38,132,52,140,102,102,225,279,529,119,187,46,216,173,42,102,193,119,43,145,70,148,171,135,194,83,161
363,266,120,71,354,84,323,90,107,153,280,360,616,223,168,204,258,604,331,35,189,375,179,132,84,82,183,139,162,411,511,915,178,295,78,329,294,60,170,366,200,70,284,124,224,275,210,337,120,195
134,96,50,24,126,31,126,41,49,43,98,160,266,89,67,62,105,241,116,16,72,116,71,52,82,24,84,64,67,174,166,320,70,126,33,138,112,21,58,118,81,20,111,41,95,103,82,130,53,78
363,291,133,59,341,89,318,98,90,132,282,416,659,228,155,189,243,675,312,41,169,365,174,140,183,84,113,171,166,408,474,940,185,319,78,349,316,60,165,341,223,65,271,106,236,318,216,332,117,217
275,203,78,39,225,60,220,71,95,92,174,254,422,167,118,128,178,425,238,25,112,244,169,102,139,64,171,72,93,313,376,677,133,211,59,231,211,40,141,238,165,46,183,88,180,241,144,250,88,162
323,196,98,43,280,70,252,78,81,119,229,265,472,155,127,107,189,487,247,31,127,256,158,102,162,67,166,93,55,298,380,686,148,221,74,271,237,53,124,272,137,47,196,87,211,214,169,254,101,207
642,520,267,113,655,136,598,208,206,243,528,723,1104,423,327,351,435,1175,609,72,342,639,403,225,411,174,408,313,298,408,941,1738,337,589,127,665,579,105,300,623,412,139,482,239,504,591,419,656,243,407
744,679,286,111,717,154,725,241,246,306,629,859,1336,500,377,422,542,1343,761,72,410,796,445,279,511,166,474,376,380,941,554,2025,411,757,169,796,704,140,368,732,490,160,591,295,568,660,451,749,232,523
1120,1271,556,212,1476,304,1346,450,486,567,1171,1572,2405,938,699,816,975,2325,1457,167,793,1464,812,529,915,320,940,677,686,1738,2025,1962,732,1358,309,1480,1319,221,698,1475,934,308,1058,530,1087,1283,906,1397,468,931
255,231,98,49,273,68,268,72,88,114,224,318,513,174,147,163,171,459,271,32,155,267,151,119,178,70,185,133,148,337,411,732,79,262,52,314,270,59,138,292,173,63,217,112,213,258,181,259,98,178
470,391,192,80,443,91,481,137,170,192,395,525,818,334,263,280,351,822,464,59,239,497,269,187,295,126,319,211,221,589,757,1358,262,205,103,500,450,71,233,486,300,83,301,193,403,484,277,502,181,319
106,106,47,15,107,20,101,30,33,43,92,142,215,78,58,62,74,213,105,16,65,118,81,46,78,33,78,59,74,127,169,309,52,103,12,113,102,19,47,121,77,17,97,61,99,111,71,121,41,85
525,458,223,79,538,112,495,165,175,230,464,585,922,318,263,311,369,896,543,67,308,541,295,216,329,138,349,231,271,665,796,1480,314,500,113,285,488,82,269,593,383,90,415,205,421,491,325,548,199,340
479,386,212,76,484,95,433,125,156,194,414,517,868,329,269,288,334,882,465,63,241,463,251,173,294,112,316,211,237,579,704,1319,270,450,102,488,228,93,235,491,318,99,384,163,361,449,270,470,176,315
77,68,38,20,88,25,85,21,39,28,78,90,163,57,32,44,59,152,92,10,41,90,50,42,60,21,60,40,53,105,140,221,59,71,19,82,93,9,44,105,52,16,63,33,71,86,47,91,42,51
254,199,97,50,269,58,257,81,83,111,227,307,487,172,125,135,205,479,244,26,125,264,144,102,170,58,165,141,124,300,368,698,138,233,47,269,235,44,77,268,173,55,203,93,213,247,146,285,96,169
516,466,209,96,536,141,512,170,154,203,433,637,966,327,294,299,386,940,542,50,335,529,339,193,366,118,341,238,272,623,732,1475,292,486,121,593,491,105,268,272,323,119,404,180,417,461,371,552,186,364
357,281,139,57,327,70,305,115,108,110,282,343,594,189,177,182,276,580,351,40,189,325,198,119,200,81,223,165,137,412,490,934,173,300,77,383,318,52,173,323,89,78,242,127,261,295,188,352,131,219
114,92,45,17,104,23,105,31,28,61,88,123,179,72,58,75,72,198,85,15,50,95,45,43,70,20,65,46,47,139,160,308,63,83,17,90,99,16,55,119,78,10,75,47,77,107,76,120,38,83
372,343,162,60,378,77,338,109,133,162,323,447,656,262,224,246,288,712,337,38,236,393,235,145,284,111,271,183,196,482,591,1058,217,301,97,415,384,63,203,404,242,75,152,130,338,344,238,415,136,253
197,162,64,31,184,40,164,55,62,74,154,209,334,125,108,109,134,345,206,24,120,186,121,70,124,41,106,88,87,239,295,530,112,193,61,205,163,33,93,180,127,47,130,33,144,192,121,191,92,114
449,322,170,78,412,100,379,116,113,192,346,438,720,264,196,225,276,693,395,47,227,394,221,148,224,95,236,180,211,504,568,1087,213,403,99,421,361,71,213,417,261,77,338,144,149,374,248,417,151,297
390,364,172,80,458,98,437,148,137,196,398,544,819,306,262,296,331,821,462,69,219,473,293,171,275,103,318,241,214,591,660,1283,258,484,111,491,449,86,247,461,295,107,344,192,374,239,284,502,181,319
327,259,108,47,346,64,280,97,105,136,280,354,569,217,170,183,220,551,334,41,192,321,196,135,210,82,216,144,169,419,451,906,181,277,71,325,270,47,146,371,188,76,238,121,248,284,105,331,125,217
522,462,218,76,544,107,507,155,149,230,442,608,926,332,290,323,386,926,530,57,299,521,299,194,337,130,332,250,254,656,749,1397,259,502,121,548,470,91,285,552,352,120,415,191,417,502,331,270,176,355
170,167,55,29,193,44,161,62,53,78,166,202,336,155,101,105,128,346,184,30,111,187,121,83,120,53,117,88,101,243,232,468,98,181,41,199,176,42,96,186,131,38,136,92,151,181,125,176,34,134
374,275,148,55,317,64,303,109,100,156,292,367,644,236,187,211,229,575,341,43,213,380,217,161,195,78,217,162,207,407,523,931,178,319,85,340,315,51,169,364,219,83,253,114,297,319,217,355,134,112
