249,456,196,85,466,103,472,180,179,238,441,499,821,404,334,370,349,828,508,70,329,541,355,238,336,160,363,282,287,625,731,1206,250,460,103,497,457,88,248,465,322,99,369,175,451,431,324,546,159,350
456,183,164,74,385,101,415,127,130,183,374,477,769,266,210,238,347,792,448,47,235,444,221,190,262,112,299,182,200,517,658,1153,203,404,110,483,413,75,208,464,290,101,337,151,333,414,261,418,154,306
196,164,26,41,195,46,199,51,60,91,166,219,345,119,102,104,132,333,192,27,110,232,103,80,127,45,133,102,101,247,311,577,106,188,49,215,196,37,108,214,122,27,170,66,149,185,111,203,82,139
85,74,41,7,80,23,79,33,38,36,79,81,133,64,43,46,48,154,87,9,59,80,53,36,65,19,62,54,49,102,115,218,38,64,21,80,67,22,34,85,61,25,68,27,69,71,60,75,34,54
466,385,195,80,251,115,475,170,155,212,414,599,880,349,264,298,364,900,503,58,295,530,323,190,278,117,294,239,270,656,786,1439,287,452,126,542,475,87,245,526,335,111,402,197,419,455,305,508,181,360
103,101,46,23,115,12,106,39,37,46,94,123,180,76,65,60,78,181,121,18,73,116,64,51,79,30,82,66,51,132,149,274,39,105,22,100,95,23,52,120,72,25,77,39,98,104,72,112,41,79
472,415,199,79,475,106,257,141,148,188,410,525,830,300,274,272,339,832,487,61,277,468,272,199,318,113,345,264,270,607,725,1279,245,434,103,506,419,72,223,506,340,105,372,188,373,399,318,486,155,331
180,127,51,33,170,39,141,19,52,68,127,178,303,103,76,78,102,299,155,18,75,170,94,57,117,46,97,67,75,180,226,434,82,147,23,151,159,26,63,164,96,33,123,62,121,132,92,158,75,103
179,130,60,38,155,37,148,52,23,67,120,197,316,113,96,90,131,303,202,18,73,180,130,59,120,48,111,75,88,221,253,466,84,172,41,182,152,29,70,166,93,29,129,52,125,164,112,159,72,117
238,183,91,36,212,46,188,68,67,46,148,231,394,144,119,119,144,366,215,28,119,220,138,90,130,62,161,108,130,242,350,601,114,209,66,239,210,36,108,224,132,41,157,72,172,180,127,204,69,149
441,374,166,79,414,94,410,127,120,148,157,477,744,283,223,240,309,724,433,68,239,451,258,165,274,107,286,203,217,506,649,1183,217,412,130,448,391,62,217,473,249,96,304,161,339,382,264,416,162,288
499,477,219,81,599,123,525,178,197,231,477,315,1029,360,290,324,417,1019,574,80,330,590,317,250,388,134,363,248,249,692,864,1564,316,512,129,603,514,89,296,612,372,119,404,216,429,519,347,552,221,380
821,769,345,133,880,180,830,303,316,394,744,1029,759,568,464,521,689,1427,933,125,513,898,513,352,599,237,643,420,408,1063,1350,2354,440,800,199,964,840,137,469,931,585,190,663,352,707,802,539,924,339,597
404,266,119,64,349,76,300,103,113,144,283,360,568,105,175,187,228,604,329,37,188,334,194,140,220,90,216,163,178,418,470,881,173,307,94,352,303,53,155,357,222,69,235,114,258,280,217,307,125,214
334,210,102,43,264,65,274,76,96,119,223,290,464,175,77,141,205,453,277,34,145,270,163,119,177,78,174,113,135,302,385,761,134,235,68,298,261,45,154,299,175,56,195,94,216,253,140,274,102,166
370,238,104,46,298,60,272,78,90,119,240,324,521,187,141,67,231,504,297,36,154,290,182,117,193,73,192,109,150,336,422,843,155,237,59,322,265,58,147,324,173,50,208,86,247,258,175,302,104,185
349,347,132,48,364,78,339,102,131,144,309,417,689,228,205,231,124,668,349,48,207,345,211,156,259,97,262,154,168,463,556,1021,196,325,82,352,347,64,160,381,224,74,285,137,283,327,210,363,151,259
828,792,333,154,900,181,832,299,303,366,724,1019,1427,604,453,504,668,807,941,122,503,877,538,392,588,223,602,437,424,1095,1362,2388,458,802,208,959,869,149,461,913,601,188,679,340,725,846,551,913,309,599
508,448,192,87,503,121,487,155,202,215,433,574,933,329,277,297,349,941,247,64,276,461,299,204,316,135,340,225,258,631,757,1476,281,460,132,537,486,73,250,513,335,108,390,187,413,472,301,522,210,339
70,47,27,9,58,18,61,18,18,28,68,80,125,37,34,36,48,122,64,3,37,61,37,21,52,16,47,37,38,76,89,189,31,56,16,76,69,9,38,53,39,16,44,22,48,45,53,59,22,41
329,235,110,59,295,73,277,75,73,119,239,330,513,188,145,154,207,503,276,37,76,266,163,112,189,67,183,104,138,329,397,806,145,257,77,281,285,36,136,305,188,56,228,107,221,236,186,314,125,192
541,444,232,80,530,116,468,170,180,220,451,590,898,334,270,290,345,877,461,61,266,243,307,223,321,147,364,235,265,640,751,1383,260,432,123,562,490,70,272,525,363,120,371,182,403,485,318,518,188,358
355,221,103,53,323,64,272,94,130,138,258,317,513,194,163,182,211,538,299,37,163,307,91,109,184,64,166,147,153,344,446,807,165,283,77,334,280,42,152,302,234,53,217,115,232,296,189,310,124,192
238,190,80,36,190,51,199,57,59,90,165,250,352,140,119,117,156,392,204,21,112,223,109,46,133,54,143,106,93,235,287,570,110,179,57,207,180,28,80,216,147,46,154,64,164,173,134,218,75,145
336,262,127,65,278,79,318,117,120,130,274,388,599,220,177,193,259,588,316,52,189,321,184,133,82,92,218,144,134,393,495,966,187,323,84,326,355,49,167,338,227,66,260,114,247,293,210,325,144,243
160,112,45,19,117,30,113,46,48,62,107,134,237,90,78,73,97,223,135,16,67,147,64,54,92,21,94,62,73,153,205,381,68,131,33,128,126,28,61,134,94,32,95,44,116,116,91,128,46,85
363,299,133,62,294,82,345,97,111,161,286,363,643,216,174,192,262,602,340,47,183,364,166,143,218,94,131,143,175,391,514,992,187,324,90,349,348,58,165,342,229,74,265,122,280,308,206,355,141,248
282,182,102,54,239,66,264,67,75,108,203,248,420,163,113,109,154,437,225,37,104,235,147,106,144,62,143,43,123,289,355,683,120,226,48,243,213,41,117,231,150,57,176,85,192,217,142,260,76,149
287,200,101,49,270,51,270,75,88,130,217,249,408,178,135,150,168,424,258,38,138,265,153,93,134,73,175,123,50,266,381,696,122,226,65,239,236,39,111,297,177,50,192,89,201,268,150,299,108,175
625,517,247,102,656,132,607,180,221,242,506,692,1063,418,302,336,463,1095,631,76,329,640,344,235,393,153,391,289,266,382,959,1746,321,575,156,677,596,101,313,653,415,116,500,219,506,590,415,598,246,405
731,658,311,115,786,149,725,226,253,350,649,864,1350,470,385,422,556,1362,757,89,397,751,446,287,495,205,514,355,381,959,544,2099,399,693,174,792,650,134,391,773,495,165,547,265,625,674,526,720,271,538
1206,1153,577,218,1439,274,1279,434,466,601,1183,1564,2354,881,761,843,1021,2388,1476,189,806,1383,807,570,966,381,992,683,696,1746,2099,1820,694,1325,317,1485,1202,225,697,1439,928,288,1049,561,1176,1255,892,1399,483,990
250,203,106,38,287,39,245,82,84,114,217,316,440,173,134,155,196,458,281,31,145,260,165,110,187,68,187,120,122,321,399,694,68,254,66,293,260,39,139,288,193,63,197,92,223,250,172,299,87,183
460,404,188,64,452,105,434,147,172,209,412,512,800,307,235,237,325,802,460,56,257,432,283,179,323,131,324,226,226,575,693,1325,254,193,110,470,421,95,233,487,308,85,353,177,375,452,314,490,176,330
103,110,49,21,126,22,103,23,41,66,130,129,199,94,68,59,82,208,132,16,77,123,77,57,84,33,90,48,65,156,174,317,66,110,13,122,116,16,44,129,81,23,71,47,103,117,74,126,45,90
497,483,215,80,542,100,506,151,182,239,448,603,964,352,298,322,352,959,537,76,281,562,334,207,326,128,349,243,239,677,792,1485,293,470,122,254,475,74,269,573,357,98,409,183,437,459,328,544,195,365
457,413,196,67,475,95,419,159,152,210,391,514,840,303,261,265,347,869,486,69,285,490,280,180,355,126,348,213,236,596,650,1202,260,421,116,475,164,89,222,457,314,101,340,166,370,416,317,488,181,342
88,75,37,22,87,23,72,26,29,36,62,89,137,53,45,58,64,149,73,9,36,70,42,28,49,28,58,41,39,101,134,225,39,95,16,74,89,6,49,97,53,13,64,35,61,89,51,97,30,57
248,208,108,34,245,52,223,63,70,108,217,296,469,155,154,147,160,461,250,38,136,272,152,80,167,61,165,117,111,313,391,697,139,233,44,269,222,49,56,264,170,54,197,97,191,235,141,284,90,180
465,464,214,85,526,120,506,164,166,224,473,612,931,357,299,324,381,913,513,53,305,525,302,216,338,134,342,231,297,653,773,1439,288,487,129,573,457,97,264,308,370,106,414,181,435,496,314,565,188,382
322,290,122,61,335,72,340,96,93,132,249,372,585,222,175,173,224,601,335,39,188,363,234,147,227,94,229,150,177,415,495,928,193,308,81,357,314,53,170,370,100,79,260,113,312,302,200,347,133,199
99,101,27,25,111,25,105,33,29,41,96,119,190,69,56,50,74,188,108,16,56,120,53,46,66,32,74,57,50,116,165,288,63,85,23,98,101,13,54,106,79,11,61,40,83,97,85,112,46,55
369,337,170,68,402,77,372,123,129,157,304,404,663,235,195,208,285,679,390,44,228,371,217,154,260,95,265,176,192,500,547,1049,197,353,71,409,340,64,197,414,260,61,136,141,305,341,263,376,137,263
175,151,66,27,197,39,188,62,52,72,161,216,352,114,94,86,137,340,187,22,107,182,115,64,114,44,122,85,89,219,265,561,92,177,47,183,166,35,97,181,113,40,141,25,152,177,98,192,69,125
451,333,149,69,419,98,373,121,125,172,339,429,707,258,216,247,283,725,413,48,221,403,232,164,247,116,280,192,201,506,625,1176,223,375,103,437,370,61,191,435,312,83,305,152,163,356,256,409,162,300
431,414,185,71,455,104,399,132,164,180,382,519,802,280,253,258,327,846,472,45,236,485,296,173,293,116,308,217,268,590,674,1255,250,452,117,459,416,89,235,496,302,97,341,177,356,190,299,447,181,306
324,261,111,60,305,72,318,92,112,127,264,347,539,217,140,175,210,551,301,53,186,318,189,134,210,91,206,142,150,415,526,892,172,314,74,328,317,51,141,314,200,85,263,98,256,299,85,307,115,196
546,418,203,75,508,112,486,158,159,204,416,552,924,307,274,302,363,913,522,59,314,518,310,218,325,128,355,260,299,598,720,1399,299,490,126,544,488,97,284,565,347,112,376,192,409,447,307,248,178,342
159,154,82,34,181,41,155,75,72,69,162,221,339,125,102,104,151,309,210,22,125,188,124,75,144,46,141,76,108,246,271,483,87,176,45,195,181,30,90,188,133,46,137,69,162,181,115,178,41,130
350,306,139,54,360,79,331,103,117,149,288,380,597,214,166,185,259,599,339,41,192,358,192,145,243,85,248,149,175,405,538,990,183,330,90,365,342,57,180,382,199,55,263,125,300,306,196,342,130,113
