257,425,202,86,478,100,482,212,165,251,428,518,791,346,332,355,340,826,476,81,323,516,352,186,362,154,360,297,300,592,694,1210,264,484,100,492,473,94,244,468,310,110,361,144,416,397,328,478,182,375
425,187,161,79,464,99,421,103,145,197,371,507,831,301,220,199,308,785,464,66,239,463,248,184,278,94,254,196,224,567,642,1274,230,384,83,439,407,74,196,444,301,86,330,155,329,399,259,440,161,283
202,161,42,35,196,49,192,61,64,84,155,197,340,123,104,121,147,351,199,21,115,201,113,82,122,51,130,97,100,245,318,583,105,169,43,190,173,33,97,226,146,32,137,82,142,168,122,212,74,146
86,79,35,7,92,14,75,26,35,29,71,84,124,57,42,50,56,138,84,14,57,93,46,28,55,23,59,44,48,112,126,216,31,84,23,82,68,17,43,86,54,18,71,28,64,62,61,81,28,51
478,464,196,92,283,124,516,143,150,206,442,593,952,326,272,301,364,882,567,69,262,546,312,200,365,126,352,254,267,643,775,1417,264,499,113,551,519,76,235,559,338,111,403,182,432,471,368,534,193,333
100,99,49,14,124,11,95,31,50,47,100,124,219,81,61,58,78,203,118,16,67,128,69,32,66,28,77,48,59,141,155,301,68,101,19,115,91,21,46,110,67,26,85,38,87,82,72,112,33,74
482,421,192,75,516,95,245,154,161,189,427,574,854,308,249,264,355,839,486,64,271,494,300,186,307,114,314,203,237,658,719,1353,259,454,107,517,403,85,239,526,306,98,348,183,400,385,306,492,169,344
212,103,61,26,143,31,154,27,40,78,145,145,287,111,83,91,121,278,160,14,90,182,89,63,97,37,89,72,96,193,244,411,85,133,43,152,134,22,71,153,100,33,128,62,128,135,106,153,56,102
165,145,64,35,150,50,161,40,30,70,151,162,317,90,94,93,106,313,164,25,98,167,106,56,114,49,113,73,93,227,250,476,80,171,34,152,159,26,85,181,111,35,110,55,130,130,108,162,54,117
251,197,84,29,206,47,189,78,70,31,149,207,382,127,111,111,131,378,203,27,108,220,120,92,138,53,148,113,113,263,315,585,119,201,46,199,189,45,111,228,141,43,178,78,165,180,125,207,56,135
428,371,155,71,442,100,427,145,151,149,162,478,762,268,233,257,300,755,440,56,245,449,265,170,272,116,294,207,227,535,624,1170,238,390,84,420,399,79,241,437,285,83,328,161,351,375,267,474,160,298
518,507,197,84,593,124,574,145,162,207,478,321,983,375,274,311,396,968,561,59,307,568,338,250,381,156,391,239,280,713,829,1535,297,490,142,576,502,92,259,653,381,117,409,229,442,505,348,586,200,422
791,831,340,124,952,219,854,287,317,382,762,983,811,570,492,527,677,1451,906,107,515,899,541,367,620,251,657,421,449,1143,1326,2340,488,790,215,930,796,164,467,988,595,191,650,336,743,819,540,932,331,616
346,301,123,57,326,81,308,111,90,127,268,375,570,118,177,200,232,571,326,30,183,338,192,132,203,80,212,147,168,394,483,900,157,297,71,337,323,54,170,366,210,73,255,117,260,260,183,318,119,204
332,220,104,42,272,61,249,83,94,111,233,274,492,177,70,122,204,512,251,22,143,276,158,106,164,66,173,119,136,345,425,758,150,266,64,260,257,49,142,265,167,48,199,85,191,251,154,283,108,190
355,199,121,50,301,58,264,91,93,111,257,311,527,200,122,67,233,528,287,30,133,307,156,122,180,83,201,112,137,363,447,833,154,276,77,284,279,56,147,261,172,57,216,102,223,278,173,287,112,205
340,308,147,56,364,78,355,121,106,131,300,396,677,232,204,233,134,693,358,49,208,366,214,153,259,99,267,155,200,489,529,1024,186,380,82,331,365,56,188,410,257,79,290,151,286,326,253,386,151,254
826,785,351,138,882,203,839,278,313,378,755,968,1451,571,512,528,693,792,908,101,492,875,541,375,597,222,630,430,485,1053,1361,2345,474,782,215,1009,815,154,437,967,586,175,670,328,769,790,563,930,327,592
476,464,199,84,567,118,486,160,164,203,440,561,906,326,251,287,358,908,264,72,267,510,276,206,326,124,332,231,250,683,761,1401,246,478,121,512,460,75,272,543,363,101,398,177,403,441,321,540,194,338
81,66,21,14,69,16,64,14,25,27,56,59,107,30,22,30,49,101,72,8,31,65,39,29,46,22,51,28,43,65,86,188,19,64,15,67,60,6,30,75,42,14,51,25,63,52,45,63,24,44
323,239,115,57,262,67,271,90,98,108,245,307,515,183,143,133,208,492,267,31,71,301,171,121,194,67,183,149,127,331,402,795,154,247,72,325,255,44,127,268,162,50,211,106,237,252,183,285,114,188
516,463,201,93,546,128,494,182,167,220,449,568,899,338,276,307,366,875,510,65,301,260,303,211,364,118,360,235,279,689,775,1421,273,491,133,544,481,76,265,579,337,105,392,177,404,463,350,501,193,345
352,248,113,46,312,69,300,89,106,120,265,338,541,192,158,156,214,541,276,39,171,303,82,114,185,72,192,139,142,368,471,838,158,283,76,285,295,44,127,313,181,61,249,117,216,247,196,322,125,210
186,184,82,28,200,32,186,63,56,92,170,250,367,132,106,122,153,375,206,29,121,211,114,38,129,52,151,103,107,258,311,562,100,174,45,205,182,33,94,200,134,47,184,73,155,196,126,212,70,128
362,278,122,55,365,66,307,97,114,138,272,381,620,203,164,180,259,597,326,46,194,364,185,129,112,80,210,158,150,377,514,923,195,292,94,363,311,56,158,384,211,64,234,112,253,297,208,340,124,231
154,94,51,23,126,28,114,37,49,53,116,156,251,80,66,83,99,222,124,22,67,118,72,52,80,16,69,64,73,163,201,419,71,113,27,122,134,21,69,135,87,30,116,51,86,99,89,125,51,89
360,254,130,59,352,77,314,89,113,148,294,391,657,212,173,201,267,630,332,51,183,360,192,151,210,69,103,170,169,390,500,1059,193,311,70,359,310,58,163,384,234,67,273,128,231,296,203,362,131,228
297,196,97,44,254,48,203,72,73,113,207,239,421,147,119,112,155,430,231,28,149,235,139,103,158,64,170,59,90,293,385,666,139,215,52,235,224,46,110,258,144,48,169,86,200,237,155,253,79,153
300,224,100,48,267,59,237,96,93,113,227,280,449,168,136,137,200,485,250,43,127,279,142,107,150,73,169,90,73,303,360,689,122,250,71,267,244,50,128,256,150,58,193,96,199,229,155,275,101,180
592,567,245,112,643,141,658,193,227,263,535,713,1143,394,345,363,489,1053,683,65,331,689,368,258,377,163,390,293,303,416,973,1742,312,575,132,700,623,100,311,716,420,121,495,230,502,594,378,676,238,425
694,642,318,126,775,155,719,244,250,315,624,829,1326,483,425,447,529,1361,761,86,402,775,471,311,514,201,500,385,360,973,565,2113,413,728,189,810,703,138,385,800,524,148,550,259,600,725,505,765,284,519
1210,1274,583,216,1417,301,1353,411,476,585,1170,1535,2340,900,758,833,1024,2345,1401,188,795,1421,838,562,923,419,1059,666,689,1742,2113,1883,685,1297,297,1541,1275,230,657,1477,935,278,1055,513,1109,1267,904,1415,508,946
264,230,105,31,264,68,259,85,80,119,238,297,488,157,150,154,186,474,246,19,154,273,158,100,195,71,193,139,122,312,413,685,61,222,77,294,232,43,138,296,174,52,224,113,206,252,194,296,111,200
484,384,169,84,499,101,454,133,171,201,390,490,790,297,266,276,380,782,478,64,247,491,283,174,292,113,311,215,250,575,728,1297,222,208,100,524,418,88,233,494,295,118,368,189,383,423,306,471,169,286
100,83,43,23,113,19,107,43,34,46,84,142,215,71,64,77,82,215,121,15,72,133,76,45,94,27,70,52,71,132,189,297,77,100,11,114,122,22,52,129,73,19,90,45,118,120,74,121,43,73
492,439,190,82,551,115,517,152,152,199,420,576,930,337,260,284,331,1009,512,67,325,544,285,205,363,122,359,235,267,700,810,1541,294,524,114,249,516,76,251,577,347,119,410,203,417,537,318,594,198,348
473,407,173,68,519,91,403,134,159,189,399,502,796,323,257,279,365,815,460,60,255,481,295,182,311,134,310,224,244,623,703,1275,232,418,122,516,207,92,241,510,323,94,364,187,380,430,330,448,167,322
94,74,33,17,76,21,85,22,26,45,79,92,164,54,49,56,56,154,75,6,44,76,44,33,56,21,58,46,50,100,138,230,43,88,22,76,92,6,41,95,51,15,73,35,65,93,60,94,31,53
244,196,97,43,235,46,239,71,85,111,241,259,467,170,142,147,188,437,272,30,127,265,127,94,158,69,163,110,128,311,385,657,138,233,52,251,241,41,64,251,166,50,184,116,196,206,163,245,87,193
468,444,226,86,559,110,526,153,181,228,437,653,988,366,265,261,410,967,543,75,268,579,313,200,384,135,384,258,256,716,800,1477,296,494,129,577,510,95,251,277,340,82,427,204,422,504,354,553,182,324
310,301,146,54,338,67,306,100,111,141,285,381,595,210,167,172,257,586,363,42,162,337,181,134,211,87,234,144,150,420,524,935,174,295,73,347,323,51,166,340,86,73,261,132,255,267,212,351,109,211
110,86,32,18,111,26,98,33,35,43,83,117,191,73,48,57,79,175,101,14,50,105,61,47,64,30,67,48,58,121,148,278,52,118,19,119,94,15,50,82,73,9,78,42,80,99,64,88,42,69
361,330,137,71,403,85,348,128,110,178,328,409,650,255,199,216,290,670,398,51,211,392,249,184,234,116,273,169,193,495,550,1055,224,368,90,410,364,73,184,427,261,78,141,146,317,339,231,370,135,266
144,155,82,28,182,38,183,62,55,78,161,229,336,117,85,102,151,328,177,25,106,177,117,73,112,51,128,86,96,230,259,513,113,189,45,203,187,35,116,204,132,42,146,39,140,181,104,196,66,127
416,329,142,64,432,87,400,128,130,165,351,442,743,260,191,223,286,769,403,63,237,404,216,155,253,86,231,200,199,502,600,1109,206,383,118,417,380,65,196,422,255,80,317,140,164,337,263,423,170,260
397,399,168,62,471,82,385,135,130,180,375,505,819,260,251,278,326,790,441,52,252,463,247,196,297,99,296,237,229,594,725,1267,252,423,120,537,430,93,206,504,267,99,339,181,337,179,256,446,174,323
328,259,122,61,368,72,306,106,108,125,267,348,540,183,154,173,253,563,321,45,183,350,196,126,208,89,203,155,155,378,505,904,194,306,74,318,330,60,163,354,212,64,231,104,263,256,90,327,109,206
478,440,212,81,534,112,492,153,162,207,474,586,932,318,283,287,386,930,540,63,285,501,322,212,340,125,362,253,275,676,765,1415,296,471,121,594,448,94,245,553,351,88,370,196,423,446,327,259,198,356
182,161,74,28,193,33,169,56,54,56,160,200,331,119,108,112,151,327,194,24,114,193,125,70,124,51,131,79,101,238,284,508,111,169,43,198,167,31,87,182,109,42,135,66,170,174,109,198,38,115
375,283,146,51,333,74,344,102,117,135,298,422,616,204,190,205,254,592,338,44,188,345,210,128,231,89,228,153,180,425,519,946,200,286,73,348,322,53,193,324,211,69,266,127,260,323,206,356,115,123
