264,453,209,83,501,93,477,183,167,257,430,515,846,382,323,362,413,801,533,68,326,523,361,206,367,135,360,298,299,669,709,1202,262,468,99,530,486,95,237,486,342,113,386,197,456,453,329,494,164,380
453,155,162,83,467,96,422,138,150,192,399,504,801,264,241,246,321,826,416,49,233,452,235,165,256,104,273,194,229,557,686,1229,252,396,94,448,393,79,227,492,264,71,327,154,367,444,278,460,166,315
209,162,42,39,192,47,214,68,52,90,198,233,360,135,85,101,131,342,215,28,109,227,115,68,138,45,130,91,99,221,309,571,114,194,46,191,186,25,105,212,121,43,172,61,165,199,127,223,68,133
83,83,39,8,78,17,72,24,40,47,71,83,141,61,47,67,64,155,75,8,44,87,53,26,46,26,62,47,36,122,136,206,49,85,23,98,88,19,39,66,50,20,62,37,64,77,51,76,36,57
501,467,192,78,266,101,498,124,184,195,428,614,942,319,290,302,370,970,510,55,276,550,314,219,360,144,348,258,221,641,796,1425,261,495,120,572,466,95,232,536,321,108,374,188,415,499,315,538,201,312
93,96,47,17,101,9,90,33,35,48,95,110,209,69,60,62,80,205,117,14,65,108,72,36,63,42,81,58,55,163,155,307,68,104,27,110,102,24,60,99,84,26,78,40,87,101,75,119,36,74
477,422,214,72,498,90,219,134,171,201,423,554,916,339,256,309,390,913,492,50,244,515,284,188,299,140,329,243,242,614,749,1361,282,446,117,504,456,97,252,519,322,83,382,178,391,430,317,462,183,325
183,138,68,24,124,33,134,32,45,62,132,166,285,90,76,94,120,293,133,19,92,143,92,49,91,42,106,71,83,182,241,382,76,152,30,157,158,27,71,141,100,39,121,64,117,140,101,152,58,104
167,150,52,40,184,35,171,45,31,53,130,201,288,105,89,87,125,292,165,21,90,173,100,71,121,30,118,69,81,182,230,472,95,147,38,169,158,25,80,175,112,26,124,81,132,159,101,161,67,101
257,192,90,47,195,48,201,62,53,50,139,225,342,133,122,112,129,336,204,23,119,226,127,100,145,63,144,116,106,227,302,560,115,188,42,197,201,34,108,200,148,40,157,81,158,172,147,194,73,142
430,399,198,71,428,95,423,132,130,139,173,507,768,272,224,266,295,788,451,50,261,443,251,194,301,114,296,218,220,526,628,1199,222,401,92,443,423,65,221,456,281,85,328,160,356,397,285,424,146,289
515,504,233,83,614,110,554,166,201,225,507,339,1012,330,304,289,400,1046,546,52,282,574,315,211,361,131,365,242,263,790,920,1668,314,503,134,626,486,94,259,654,379,111,420,232,423,594,329,597,230,349
846,801,360,141,942,209,916,285,288,342,768,1012,802,605,480,542,670,1444,913,107,479,934,525,385,619,219,567,418,476,1194,1352,2484,503,862,190,968,844,181,468,1007,659,193,700,338,755,857,559,976,307,590
382,264,135,61,319,69,339,90,105,133,272,330,605,88,184,208,240,578,318,42,185,294,179,128,215,68,208,158,157,390,479,887,167,296,66,354,317,58,161,326,206,52,248,120,261,261,212,309,118,216
323,241,85,47,290,60,256,76,89,122,224,304,480,184,73,141,187,492,270,33,138,271,159,100,167,60,168,130,121,309,349,737,154,284,58,294,257,45,120,240,173,45,204,98,194,240,152,265,94,183
362,246,101,67,302,62,309,94,87,112,266,289,542,208,141,73,195,522,297,32,145,328,170,133,182,72,199,150,131,346,408,803,164,299,59,298,281,52,130,288,183,54,228,105,231,269,178,300,110,203
413,321,131,64,370,80,390,120,125,129,295,400,670,240,187,195,136,635,361,43,193,374,212,157,243,85,238,165,175,448,530,1015,197,373,99,371,356,54,171,397,222,69,263,153,302,353,234,401,146,256
801,826,342,155,970,205,913,293,292,336,788,1046,1444,578,492,522,635,823,911,113,517,929,523,351,626,210,587,407,459,1172,1323,2557,507,892,186,972,862,166,441,984,610,189,711,370,726,849,595,909,360,610
533,416,215,75,510,117,492,133,165,204,451,546,913,318,270,297,361,911,265,58,273,477,288,210,315,114,330,231,278,679,747,1441,277,489,104,535,476,92,260,529,342,99,389,199,418,456,313,537,177,347
68,49,28,8,55,14,50,19,21,23,50,52,107,42,33,32,43,113,58,3,39,66,33,19,33,15,41,31,28,70,100,169,30,50,9,63,54,14,30,58,47,20,54,24,44,53,47,82,22,38
326,233,109,44,276,65,244,92,90,119,261,282,479,185,138,145,193,517,273,39,62,310,166,110,175,65,174,122,120,332,420,825,144,245,75,282,268,49,151,319,170,52,227,96,218,287,187,323,123,173
523,452,227,87,550,108,515,143,173,226,443,574,934,294,271,328,374,929,477,66,310,267,308,206,351,117,356,230,270,665,720,1409,251,525,108,585,486,106,269,542,359,105,399,201,409,470,322,552,194,337
361,235,115,53,314,72,284,92,100,127,251,315,525,179,159,170,212,523,288,33,166,308,88,107,178,70,191,132,134,357,452,809,163,312,79,307,286,50,142,311,198,67,230,107,227,260,182,341,106,233
206,165,68,26,219,36,188,49,71,100,194,211,385,128,100,133,157,351,210,19,110,206,107,37,123,48,135,97,103,226,317,589,99,193,48,227,184,44,99,215,113,35,139,67,139,172,128,191,75,125
367,256,138,46,360,63,299,91,121,145,301,361,619,215,167,182,243,626,315,33,175,351,178,123,101,88,209,145,163,413,495,904,178,311,78,355,321,53,165,354,199,56,246,111,254,310,199,314,112,213
135,104,45,26,144,42,140,42,30,63,114,131,219,68,60,72,85,210,114,15,65,117,70,48,88,18,77,59,65,142,175,339,73,122,24,127,107,8,62,122,84,22,95,33,105,132,77,139,36,75
360,273,130,62,348,81,329,106,118,144,296,365,567,208,168,199,238,587,330,41,174,356,191,135,209,77,111,172,168,401,519,953,176,333,71,343,291,58,164,380,211,63,262,110,304,307,214,345,110,232
298,194,91,47,258,58,243,71,69,116,218,242,418,158,130,150,165,407,231,31,122,230,132,97,145,59,172,43,114,297,354,669,118,222,53,232,258,34,130,255,139,47,197,92,184,192,135,249,89,171
299,229,99,36,221,55,242,83,81,106,220,263,476,157,121,131,175,459,278,28,120,270,134,103,163,65,168,114,59,302,395,695,126,227,63,276,220,35,158,255,153,48,198,101,198,250,153,254,103,190
669,557,221,122,641,163,614,182,182,227,526,790,1194,390,309,346,448,1172,679,70,332,665,357,226,413,142,401,297,302,416,984,1869,345,627,147,671,586,122,300,657,417,137,529,249,487,616,420,687,243,440
709,686,309,136,796,155,749,241,230,302,628,920,1352,479,349,408,530,1323,747,100,420,720,452,317,495,175,519,354,395,984,587,2125,412,718,169,807,702,129,422,797,523,161,593,304,630,730,502,807,279,472
1202,1229,571,206,1425,307,1361,382,472,560,1199,1668,2484,887,737,803,1015,2557,1441,169,825,1409,809,589,904,339,953,669,695,1869,2125,1998,793,1323,318,1585,1257,242,693,1510,971,303,1024,564,1125,1344,869,1441,527,919
262,252,114,49,261,68,282,76,95,115,222,314,503,167,154,164,197,507,277,30,144,251,163,99,178,73,176,118,126,345,412,793,79,252,68,313,257,48,135,300,184,63,196,92,222,258,174,285,114,193
468,396,194,85,495,104,446,152,147,188,401,503,862,296,284,299,373,892,489,50,245,525,312,193,311,122,333,222,227,627,718,1323,252,244,119,482,473,81,247,504,327,104,381,178,390,439,313,502,180,320
99,94,46,23,120,27,117,30,38,42,92,134,190,66,58,59,99,186,104,9,75,108,79,48,78,24,71,53,63,147,169,318,68,119,9,115,111,22,58,122,74,22,78,46,96,84,88,119,34,75
530,448,191,98,572,110,504,157,169,197,443,626,968,354,294,298,371,972,535,63,282,585,307,227,355,127,343,232,276,671,807,1585,313,482,115,268,519,75,263,592,367,132,421,197,434,527,345,618,202,370
486,393,186,88,466,102,456,158,158,201,423,486,844,317,257,281,356,862,476,54,268,486,286,184,321,107,291,258,220,586,702,1257,257,473,111,519,220,96,251,475,344,79,379,151,362,442,295,464,191,308
95,79,25,19,95,24,97,27,25,34,65,94,181,58,45,52,54,166,92,14,49,106,50,44,53,8,58,34,35,122,129,242,48,81,22,75,96,6,57,101,82,18,60,40,69,77,40,89,44,66
237,227,105,39,232,60,252,71,80,108,221,259,468,161,120,130,171,441,260,30,151,269,142,99,165,62,164,130,158,300,422,693,135,247,58,263,251,57,51,267,167,64,176,96,198,238,160,275,104,168
486,492,212,66,536,99,519,141,175,200,456,654,1007,326,240,288,397,984,529,58,319,542,311,215,354,122,380,255,255,657,797,1510,300,504,122,592,475,101,267,311,358,105,407,202,409,537,322,544,205,343
342,264,121,50,321,84,322,100,112,148,281,379,659,206,173,183,222,610,342,47,170,359,198,113,199,84,211,139,153,417,523,971,184,327,74,367,344,82,167,358,97,67,247,143,255,323,202,341,137,232
113,71,43,20,108,26,83,39,26,40,85,111,193,52,45,54,69,189,99,20,52,105,67,35,56,22,63,47,48,137,161,303,63,104,22,132,79,18,64,105,67,8,71,35,77,99,63,111,34,75
386,327,172,62,374,78,382,121,124,157,328,420,700,248,204,228,263,711,389,54,227,399,230,139,246,95,262,197,198,529,593,1024,196,381,78,421,379,60,176,407,247,71,139,156,317,334,253,371,133,256
197,154,61,37,188,40,178,64,81,81,160,232,338,120,98,105,153,370,199,24,96,201,107,67,111,33,110,92,101,249,304,564,92,178,46,197,151,40,96,202,143,35,156,39,146,176,122,230,78,124
456,367,165,64,415,87,391,117,132,158,356,423,755,261,194,231,302,726,418,44,218,409,227,139,254,105,304,184,198,487,630,1125,222,390,96,434,362,69,198,409,255,77,317,146,169,378,238,401,156,300
453,444,199,77,499,101,430,140,159,172,397,594,857,261,240,269,353,849,456,53,287,470,260,172,310,132,307,192,250,616,730,1344,258,439,84,527,442,77,238,537,323,99,334,176,378,219,277,483,183,291
329,278,127,51,315,75,317,101,101,147,285,329,559,212,152,178,234,595,313,47,187,322,182,128,199,77,214,135,153,420,502,869,174,313,88,345,295,40,160,322,202,63,253,122,238,277,99,303,107,216
494,460,223,76,538,119,462,152,161,194,424,597,976,309,265,300,401,909,537,82,323,552,341,191,314,139,345,249,254,687,807,1441,285,502,119,618,464,89,275,544,341,111,371,230,401,483,303,275,173,366
164,166,68,36,201,36,183,58,67,73,146,230,307,118,94,110,146,360,177,22,123,194,106,75,112,36,110,89,103,243,279,527,114,180,34,202,191,44,104,205,137,34,133,78,156,183,107,173,36,118
380,315,133,57,312,74,325,104,101,142,289,349,590,216,183,203,256,610,347,38,173,337,233,125,213,75,232,171,190,440,472,919,193,320,75,370,308,66,168,343,232,75,256,124,300,291,216,366,118,117
