248,479,231,82,483,109,426,175,163,245,439,501,777,353,301,321,363,779,505,71,287,503,351,203,354,146,374,297,299,582,724,1176,241,462,99,468,475,100,233,453,314,95,385,163,425,400,349,504,170,358
479,183,178,54,417,86,428,141,138,172,361,450,721,291,233,266,319,786,402,53,196,438,261,189,296,113,280,215,229,547,649,1211,243,387,109,471,375,89,238,484,301,75,362,156,326,387,287,470,180,329
231,178,33,34,215,51,193,57,68,87,161,236,341,128,103,113,141,345,218,29,101,222,130,77,129,54,149,88,97,258,320,559,92,188,43,220,195,34,80,217,138,40,166,76,151,175,117,202,74,136
82,54,34,3,74,16,77,26,28,30,78,88,150,60,47,53,59,153,80,9,46,73,47,23,49,29,64,49,31,107,116,236,43,84,15,91,74,17,48,86,51,11,61,29,56,88,54,74,26,52
483,417,215,74,248,103,507,169,177,202,449,535,888,352,275,304,367,852,525,63,287,507,297,206,367,137,343,226,263,653,772,1345,240,460,109,550,457,87,248,581,353,106,387,197,434,464,302,574,191,345
109,86,51,16,103,11,103,50,37,43,90,126,193,68,59,67,75,166,104,13,71,104,72,42,78,35,94,53,59,124,167,308,61,104,23,132,95,27,61,113,74,28,85,32,81,126,72,108,43,76
426,428,193,77,507,103,233,143,165,191,398,531,862,322,236,293,346,831,453,66,260,479,285,190,328,118,317,228,252,601,722,1361,256,447,98,486,434,99,235,521,320,93,384,178,361,439,280,468,153,341
175,141,57,26,169,50,143,28,48,58,123,157,289,81,85,81,101,295,158,20,84,147,91,62,110,35,105,69,83,172,224,461,97,137,41,161,123,24,80,172,96,30,108,54,119,148,104,157,61,89
163,138,68,28,177,37,165,48,25,70,140,186,293,109,90,103,117,296,178,21,94,166,95,66,117,44,119,75,73,197,270,458,88,147,38,166,162,22,94,178,104,43,116,59,142,179,104,173,60,116
245,172,87,30,202,43,191,58,70,44,176,224,385,140,107,128,153,404,193,25,137,201,122,73,152,67,166,119,99,261,311,556,111,216,48,192,202,37,108,217,124,43,167,71,183,199,132,210,68,152
439,361,161,78,449,90,398,123,140,176,167,430,776,282,231,253,298,772,403,49,246,402,259,168,289,113,290,234,213,598,644,1145,225,434,110,427,370,74,219,466,260,77,327,145,362,388,289,402,158,300
501,450,236,88,535,126,531,157,186,224,430,327,990,354,265,313,432,1010,550,66,330,540,331,211,349,132,340,270,254,733,890,1528,297,494,132,581,512,107,288,578,355,117,424,218,420,549,355,592,194,361
777,721,341,150,888,193,862,289,293,385,776,990,789,613,488,548,657,1480,846,119,511,890,545,356,557,219,578,429,453,1122,1316,2305,482,812,215,949,819,147,440,953,614,211,677,339,712,752,548,855,321,606
353,291,128,60,352,68,322,81,109,140,282,354,613,115,174,195,236,567,312,44,174,344,173,119,211,81,218,149,174,398,467,928,192,325,72,306,318,50,150,378,243,66,258,98,231,299,190,350,122,220
301,233,103,47,275,59,236,85,90,107,231,265,488,174,76,145,217,466,276,35,159,253,151,115,170,61,182,131,116,320,382,746,148,254,59,260,232,31,130,303,188,55,195,101,201,270,156,255,100,172
321,266,113,53,304,67,293,81,103,128,253,313,548,195,145,76,221,502,313,36,153,305,170,120,199,84,215,129,135,348,450,844,166,297,68,293,264,39,133,363,180,54,218,112,256,280,170,287,115,215
363,319,141,59,367,75,346,101,117,153,298,432,657,236,217,221,140,631,380,46,203,387,226,153,252,83,242,202,194,447,549,1015,194,336,75,374,340,54,158,372,244,73,261,137,282,331,227,365,153,237
779,786,345,153,852,166,831,295,296,404,772,1010,1480,567,466,502,631,797,880,107,538,906,515,322,568,232,597,423,460,1094,1321,2349,512,837,207,969,819,149,444,955,569,207,662,330,692,795,554,848,314,578
505,402,218,80,525,104,453,158,178,193,403,550,846,312,276,313,380,880,270,63,276,481,303,194,312,102,310,248,262,602,738,1393,271,467,119,551,444,72,263,521,337,114,390,178,379,463,304,531,209,315
71,53,29,9,63,13,66,20,21,25,49,66,119,44,35,36,46,107,63,1,30,73,38,32,48,11,46,28,32,79,117,193,46,61,12,74,61,14,36,61,34,9,48,22,49,62,33,69,31,37
287,196,101,46,287,71,260,84,94,137,246,330,511,174,159,153,203,538,276,30,59,303,166,100,184,70,159,126,131,325,414,791,150,274,66,290,277,32,137,281,192,52,213,112,224,261,188,316,109,185
503,438,222,73,507,104,479,147,166,201,402,540,890,344,253,305,387,906,481,73,303,253,288,204,343,114,329,243,277,612,731,1354,259,484,119,554,488,96,238,521,348,91,397,181,370,458,325,559,195,333
351,261,130,47,297,72,285,91,95,122,259,331,545,173,151,170,226,515,303,38,166,288,91,126,199,87,214,144,164,386,441,834,163,269,65,302,304,36,145,287,190,80,212,112,249,247,184,296,118,201
203,189,77,23,206,42,190,62,66,73,168,211,356,119,115,120,153,322,194,32,100,204,126,35,133,47,123,102,100,226,315,574,114,197,51,212,183,35,100,217,131,37,152,77,149,172,140,193,88,151
354,296,129,49,367,78,328,110,117,152,289,349,557,211,170,199,252,568,312,48,184,343,199,133,113,89,245,146,172,393,514,930,190,331,69,338,294,53,156,376,212,75,244,135,252,293,225,345,126,237
146,113,54,29,137,35,118,35,44,67,113,132,219,81,61,84,83,232,102,11,70,114,87,47,89,19,91,61,71,157,212,372,82,123,28,148,133,30,49,126,59,17,98,40,108,132,78,134,56,78
374,280,149,64,343,94,317,105,119,166,290,340,578,218,182,215,242,597,310,46,159,329,214,123,245,91,115,149,184,443,556,996,198,343,71,349,335,61,182,362,194,57,275,117,284,311,201,343,132,238
297,215,88,49,226,53,228,69,75,119,234,270,429,149,131,129,202,423,248,28,126,243,144,102,146,61,149,56,131,279,359,693,122,232,51,252,235,35,117,267,153,53,187,91,193,221,145,222,94,158
299,229,97,31,263,59,252,83,73,99,213,254,453,174,116,135,194,460,262,32,131,277,164,100,172,71,184,131,65,284,356,725,141,240,43,256,249,44,123,291,181,48,198,81,217,253,145,268,86,195
582,547,258,107,653,124,601,172,197,261,598,733,1122,398,320,348,447,1094,602,79,325,612,386,226,393,157,443,279,284,413,988,1736,357,611,136,687,576,102,341,641,429,130,490,258,476,581,393,681,244,422
724,649,320,116,772,167,722,224,270,311,644,890,1316,467,382,450,549,1321,738,117,414,731,441,315,514,212,556,359,356,988,591,1926,380,654,179,812,742,123,367,760,496,148,536,296,638,634,472,814,290,485
1176,1211,559,236,1345,308,1361,461,458,556,1145,1528,2305,928,746,844,1015,2349,1393,193,791,1354,834,574,930,372,996,693,725,1736,1926,1756,717,1248,298,1436,1319,217,696,1408,886,310,1051,526,1157,1225,870,1410,467,878
241,243,92,43,240,61,256,97,88,111,225,297,482,192,148,166,194,512,271,46,150,259,163,114,190,82,198,122,141,357,380,717,67,242,55,282,263,33,135,278,197,57,199,109,218,241,174,258,108,179
462,387,188,84,460,104,447,137,147,216,434,494,812,325,254,297,336,837,467,61,274,484,269,197,331,123,343,232,240,611,654,1248,242,246,106,495,465,78,230,508,294,97,353,165,356,444,300,479,175,341
99,109,43,15,109,23,98,41,38,48,110,132,215,72,59,68,75,207,119,12,66,119,65,51,69,28,71,51,43,136,179,298,55,106,14,115,105,14,53,133,76,24,81,46,91,100,81,107,42,77
468,471,220,91,550,132,486,161,166,192,427,581,949,306,260,293,374,969,551,74,290,554,302,212,338,148,349,252,256,687,812,1436,282,495,115,272,494,104,276,561,343,105,402,189,427,498,324,528,195,362
475,375,195,74,457,95,434,123,162,202,370,512,819,318,232,264,340,819,444,61,277,488,304,183,294,133,335,235,249,576,742,1319,263,465,105,494,212,73,221,507,306,106,362,156,348,433,274,473,166,336
100,89,34,17,87,27,99,24,22,37,74,107,147,50,31,39,54,149,72,14,32,96,36,35,53,30,61,35,44,102,123,217,33,78,14,104,73,8,43,93,58,15,54,34,71,85,55,90,25,57
233,238,80,48,248,61,235,80,94,108,219,288,440,150,130,133,158,444,263,36,137,238,145,100,156,49,182,117,123,341,367,696,135,230,53,276,221,43,60,287,177,51,207,94,190,275,134,265,91,152
453,484,217,86,581,113,521,172,178,217,466,578,953,378,303,363,372,955,521,61,281,521,287,217,376,126,362,267,291,641,760,1408,278,508,133,561,507,93,287,273,313,106,388,201,425,489,348,537,206,352
314,301,138,51,353,74,320,96,104,124,260,355,614,243,188,180,244,569,337,34,192,348,190,131,212,59,194,153,181,429,496,886,197,294,76,343,306,58,177,313,109,65,261,97,262,290,208,346,136,208
95,75,40,11,106,28,93,30,43,43,77,117,211,66,55,54,73,207,114,9,52,91,80,37,75,17,57,53,48,130,148,310,57,97,24,105,106,15,51,106,65,4,85,32,94,116,71,127,41,65
385,362,166,61,387,85,384,108,116,167,327,424,677,258,195,218,261,662,390,48,213,397,212,152,244,98,275,187,198,490,536,1051,199,353,81,402,362,54,207,388,261,85,139,140,314,330,231,398,138,259
163,156,76,29,197,32,178,54,59,71,145,218,339,98,101,112,137,330,178,22,112,181,112,77,135,40,117,91,81,258,296,526,109,165,46,189,156,34,94,201,97,32,140,27,165,171,127,193,73,136
425,326,151,56,434,81,361,119,142,183,362,420,712,231,201,256,282,692,379,49,224,370,249,149,252,108,284,193,217,476,638,1157,218,356,91,427,348,71,190,425,262,94,314,165,158,408,250,418,140,295
400,387,175,88,464,126,439,148,179,199,388,549,752,299,270,280,331,795,463,62,261,458,247,172,293,132,311,221,253,581,634,1225,241,444,100,498,433,85,275,489,290,116,330,171,408,227,276,440,169,309
349,287,117,54,302,72,280,104,104,132,289,355,548,190,156,170,227,554,304,33,188,325,184,140,225,78,201,145,145,393,472,870,174,300,81,324,274,55,134,348,208,71,231,127,250,276,94,326,130,223
504,470,202,74,574,108,468,157,173,210,402,592,855,350,255,287,365,848,531,69,316,559,296,193,345,134,343,222,268,681,814,1410,258,479,107,528,473,90,265,537,346,127,398,193,418,440,326,263,206,346
170,180,74,26,191,43,153,61,60,68,158,194,321,122,100,115,153,314,209,31,109,195,118,88,126,56,132,94,86,244,290,467,108,175,42,195,166,25,91,206,136,41,138,73,140,169,130,206,29,130
358,329,136,52,345,76,341,89,116,152,300,361,606,220,172,215,237,578,315,37,185,333,201,151,237,78,238,158,195,422,485,878,179,341,77,362,336,57,152,352,208,65,259,136,295,309,223,346,130,112
