267,422,210,103,510,107,478,197,146,260,446,491,800,376,306,315,407,792,533,74,316,496,362,212,360,146,340,282,314,621,687,1198,252,470,100,528,491,67,261,473,314,116,401,158,413,389,325,512,156,413
422,190,164,80,440,110,428,143,122,189,351,479,776,275,238,239,314,828,428,49,204,452,278,154,271,98,288,180,228,554,646,1237,254,411,106,437,370,80,194,482,269,79,342,161,335,402,293,492,173,281
210,164,47,37,228,44,191,70,71,92,167,231,356,138,119,121,147,342,186,28,100,204,112,80,139,47,130,89,95,235,277,564,122,183,45,200,186,36,105,188,130,43,149,73,164,177,140,207,81,124
103,80,37,7,82,23,84,24,30,41,74,90,161,52,57,57,65,153,99,15,52,88,63,36,64,20,55,40,44,111,124,200,46,76,24,92,66,6,43,84,65,16,72,28,66,91,67,98,25,61
510,440,228,82,261,118,453,163,169,197,417,551,923,337,284,305,357,916,527,61,256,526,296,214,360,144,358,238,242,673,757,1421,281,501,120,507,464,76,275,543,350,111,391,213,394,507,334,496,202,324
107,110,44,23,118,16,94,32,34,63,90,114,192,66,56,72,83,203,116,17,63,114,70,46,72,37,96,48,65,135,175,293,58,114,26,102,112,20,45,108,80,27,92,49,83,101,73,112,32,67
478,428,191,84,453,94,213,142,148,195,385,557,866,301,292,299,335,864,527,63,261,505,310,195,318,112,331,230,263,649,720,1350,269,432,108,465,452,84,211,480,318,89,356,192,384,421,318,460,169,336
197,143,70,24,163,32,142,19,60,57,144,172,281,97,70,70,111,274,145,17,87,163,102,54,99,37,114,66,76,181,229,425,75,147,36,171,150,30,71,146,104,31,115,58,126,141,103,144,50,98
146,122,71,30,169,34,148,60,38,78,153,171,312,103,115,110,110,286,155,20,86,178,104,73,119,49,109,73,81,214,267,476,83,127,35,173,141,22,68,172,113,35,117,73,135,176,102,177,57,125
260,189,92,41,197,63,195,57,78,56,178,206,363,122,120,146,150,358,211,24,121,209,131,82,144,46,137,101,117,251,323,541,101,186,37,212,171,30,87,211,132,42,169,70,172,183,156,203,75,136
446,351,167,74,417,90,385,144,153,178,174,478,753,218,227,249,296,714,428,44,243,414,243,160,305,104,282,211,220,527,672,1150,240,415,81,433,395,78,202,419,277,100,308,160,324,389,274,416,169,290
491,479,231,90,551,114,557,172,171,206,478,296,979,361,268,300,451,989,595,73,313,615,316,224,338,147,397,233,282,756,900,1575,297,512,145,637,524,105,259,587,371,118,436,224,438,548,335,591,196,363
800,776,356,161,923,192,866,281,312,363,753,979,790,592,464,509,679,1472,961,117,492,959,557,334,618,231,611,423,470,1173,1313,2466,475,874,210,1000,823,150,475,929,622,184,667,361,726,814,576,908,338,608
376,275,138,52,337,66,301,97,103,122,218,361,592,96,184,203,245,618,337,37,175,326,202,130,199,79,211,157,183,396,478,906,193,303,71,303,321,42,157,352,211,67,271,126,272,295,206,331,135,202
306,238,119,57,284,56,292,70,115,120,227,268,464,184,72,141,205,495,254,33,156,286,166,118,155,70,165,125,136,330,376,712,129,250,57,241,275,37,98,268,161,45,223,117,210,217,150,261,122,195
315,239,121,57,305,72,299,70,110,146,249,300,509,203,141,90,219,538,299,37,155,322,182,108,158,67,178,124,136,369,450,788,139,290,59,281,285,40,140,278,180,58,260,103,213,253,140,300,121,220
407,314,147,65,357,83,335,111,110,150,296,451,679,245,205,219,117,633,390,36,215,367,216,144,250,96,253,167,186,462,533,1023,200,339,78,369,344,47,185,388,247,74,280,136,293,309,227,368,140,238
792,828,342,153,916,203,864,274,286,358,714,989,1472,618,495,538,633,855,925,106,492,943,561,354,620,231,624,437,472,1149,1339,2447,484,842,201,976,835,163,478,952,601,174,675,352,725,810,594,925,336,624
533,428,186,99,527,116,527,145,155,211,428,595,961,337,254,299,390,925,291,69,292,515,283,233,305,144,327,245,244,676,718,1348,268,516,129,528,507,71,267,558,332,120,431,200,429,509,345,520,190,347
74,49,28,15,61,17,63,17,20,24,44,73,117,37,33,37,36,106,69,0,45,65,32,24,32,10,38,28,28,65,96,160,35,58,12,56,60,5,32,58,40,15,51,22,49,56,38,59,22,36
316,204,100,52,256,63,261,87,86,121,243,313,492,175,156,155,215,492,292,45,67,303,153,117,191,66,167,114,121,345,432,794,160,257,63,289,274,42,136,277,169,46,185,101,239,272,171,300,124,200
496,452,204,88,526,114,505,163,178,209,414,615,959,326,286,322,367,943,515,65,303,253,291,218,315,131,345,250,257,667,779,1438,281,498,116,537,482,76,268,581,344,113,405,207,413,472,323,509,177,344
362,278,112,63,296,70,310,102,104,131,243,316,557,202,166,182,216,561,283,32,153,291,102,135,218,76,187,135,161,407,449,842,164,275,59,306,307,46,156,306,184,52,240,123,256,238,189,312,132,201
212,154,80,36,214,46,195,54,73,82,160,224,334,130,118,108,144,354,233,24,117,218,135,42,141,55,131,103,102,269,306,554,109,185,45,195,189,44,89,201,128,44,153,85,176,171,143,213,82,124
360,271,139,64,360,72,318,99,119,144,305,338,618,199,155,158,250,620,305,32,191,315,218,141,119,81,203,144,164,402,486,985,195,312,75,320,313,64,161,332,206,77,240,117,291,283,206,340,118,220
146,98,47,20,144,37,112,37,49,46,104,147,231,79,70,67,96,231,144,10,66,131,76,55,81,10,65,55,63,154,187,380,77,107,32,132,97,18,55,148,93,35,97,42,100,118,77,142,46,78
340,288,130,55,358,96,331,114,109,137,282,397,611,211,165,178,253,624,327,38,167,345,187,131,203,65,89,174,160,441,513,996,202,314,73,308,275,56,176,367,250,81,236,129,277,314,194,356,117,228
282,180,89,40,238,48,230,66,73,101,211,233,423,157,125,124,167,437,245,28,114,250,135,103,144,55,174,52,112,293,345,696,125,219,54,205,232,36,108,237,148,42,209,100,190,205,138,260,80,144
314,228,95,44,242,65,263,76,81,117,220,282,470,183,136,136,186,472,244,28,121,257,161,102,164,63,160,112,71,300,398,724,147,231,53,251,249,33,147,261,141,56,184,90,207,228,160,278,92,167
621,554,235,111,673,135,649,181,214,251,527,756,1173,396,330,369,462,1149,676,65,345,667,407,269,402,154,441,293,300,387,890,1796,344,637,147,645,617,84,335,679,422,132,525,216,525,611,374,656,231,463
687,646,277,124,757,175,720,229,267,323,672,900,1313,478,376,450,533,1339,718,96,432,779,449,306,486,187,513,345,398,890,585,2124,400,710,166,846,715,114,402,787,521,156,559,304,637,711,464,761,269,563
1198,1237,564,200,1421,293,1350,425,476,541,1150,1575,2466,906,712,788,1023,2447,1348,160,794,1438,842,554,985,380,996,696,724,1796,2124,1867,692,1322,311,1606,1251,235,699,1450,971,299,1000,562,1181,1277,905,1451,519,925
252,254,122,46,281,58,269,75,83,101,240,297,475,193,129,139,200,484,268,35,160,281,164,109,195,77,202,125,147,344,400,692,75,259,73,277,254,47,126,289,189,65,192,99,231,238,188,273,100,186
470,411,183,76,501,114,432,147,127,186,415,512,874,303,250,290,339,842,516,58,257,498,275,185,312,107,314,219,231,637,710,1322,259,214,91,453,424,67,238,483,327,95,346,175,371,503,304,508,153,309
100,106,45,24,120,26,108,36,35,37,81,145,210,71,57,59,78,201,129,12,63,116,59,45,75,32,73,54,53,147,166,311,73,91,14,114,94,23,52,131,83,19,71,47,90,116,65,147,42,62
528,437,200,92,507,102,465,171,173,212,433,637,1000,303,241,281,369,976,528,56,289,537,306,195,320,132,308,205,251,645,846,1606,277,453,114,275,496,88,259,602,334,103,441,194,367,504,315,569,201,370
491,370,186,66,464,112,452,150,141,171,395,524,823,321,275,285,344,835,507,60,274,482,307,189,313,97,275,232,249,617,715,1251,254,424,94,496,224,67,240,496,351,89,339,194,376,436,276,509,173,307
67,80,36,6,76,20,84,30,22,30,78,105,150,42,37,40,47,163,71,5,42,76,46,44,64,18,56,36,33,84,114,235,47,67,23,88,67,4,42,96,53,20,58,33,69,83,55,100,32,45
261,194,105,43,275,45,211,71,68,87,202,259,475,157,98,140,185,478,267,32,136,268,156,89,161,55,176,108,147,335,402,699,126,238,52,259,240,42,70,243,151,58,212,85,197,219,160,246,88,170
473,482,188,84,543,108,480,146,172,211,419,587,929,352,268,278,388,952,558,58,277,581,306,201,332,148,367,237,261,679,787,1450,289,483,131,602,496,96,243,292,351,98,385,212,433,459,352,517,204,334
314,269,130,65,350,80,318,104,113,132,277,371,622,211,161,180,247,601,332,40,169,344,184,128,206,93,250,148,141,422,521,971,189,327,83,334,351,53,151,351,95,68,255,125,286,329,219,334,129,195
116,79,43,16,111,27,89,31,35,42,100,118,184,67,45,58,74,174,120,15,46,113,52,44,77,35,81,42,56,132,156,299,65,95,19,103,89,20,58,98,68,10,58,34,98,116,59,112,38,93
401,342,149,72,391,92,356,115,117,169,308,436,667,271,223,260,280,675,431,51,185,405,240,153,240,97,236,209,184,525,559,1000,192,346,71,441,339,58,212,385,255,58,165,137,295,356,242,398,128,268
158,161,73,28,213,49,192,58,73,70,160,224,361,126,117,103,136,352,200,22,101,207,123,85,117,42,129,100,90,216,304,562,99,175,47,194,194,33,85,212,125,34,137,30,169,172,138,180,74,138
413,335,164,66,394,83,384,126,135,172,324,438,726,272,210,213,293,725,429,49,239,413,256,176,291,100,277,190,207,525,637,1181,231,371,90,367,376,69,197,433,286,98,295,169,183,368,270,442,138,278
389,402,177,91,507,101,421,141,176,183,389,548,814,295,217,253,309,810,509,56,272,472,238,171,283,118,314,205,228,611,711,1277,238,503,116,504,436,83,219,459,329,116,356,172,368,216,308,493,172,305
325,293,140,67,334,73,318,103,102,156,274,335,576,206,150,140,227,594,345,38,171,323,189,143,206,77,194,138,160,374,464,905,188,304,65,315,276,55,160,352,219,59,242,138,270,308,108,327,128,231
512,492,207,98,496,112,460,144,177,203,416,591,908,331,261,300,368,925,520,59,300,509,312,213,340,142,356,260,278,656,761,1451,273,508,147,569,509,100,246,517,334,112,398,180,442,493,327,242,197,343
156,173,81,25,202,32,169,50,57,75,169,196,338,135,122,121,140,336,190,22,124,177,132,82,118,46,117,80,92,231,269,519,100,153,42,201,173,32,88,204,129,38,128,74,138,172,128,197,32,124
413,281,124,61,324,67,336,98,125,136,290,363,608,202,195,220,238,624,347,36,200,344,201,124,220,78,228,144,167,463,563,925,186,309,62,370,307,45,170,334,195,93,268,138,278,305,231,343,124,112
