252,476,202,91,531,131,440,192,176,233,417,485,836,387,302,326,364,797,509,55,311,531,339,219,363,128,327,268,305,588,659,1245,247,460,83,509,462,94,251,461,319,89,379,184,453,439,331,491,165,344
476,196,167,66,439,90,412,119,138,167,374,470,758,285,193,234,332,819,448,48,243,431,255,185,288,96,308,188,219,537,646,1219,234,400,97,491,427,79,208,466,291,89,326,171,374,431,263,451,164,295
202,167,30,29,208,38,194,63,65,76,159,217,360,140,108,120,130,371,215,25,104,207,125,90,131,45,135,84,93,251,307,581,119,166,54,189,197,39,98,201,118,33,159,81,159,190,122,194,83,122
91,66,29,4,86,15,75,25,20,34,65,96,142,46,49,48,71,142,88,14,48,92,61,35,56,23,54,41,51,87,116,205,36,80,16,95,68,25,37,76,55,18,64,27,81,74,44,78,28,71
531,439,208,86,267,96,482,167,167,195,423,564,885,351,259,304,376,883,525,62,264,537,334,199,323,121,345,238,286,647,743,1346,245,468,117,523,483,86,255,511,336,107,405,190,418,464,338,505,189,333
131,90,38,15,96,9,99,41,32,49,80,120,180,75,65,79,102,180,123,14,67,122,70,39,71,26,81,53,57,124,153,266,59,113,17,122,101,26,60,102,68,22,88,32,103,104,63,103,35,83
440,412,194,75,482,99,213,134,158,191,392,564,856,302,243,274,353,842,483,65,258,466,295,190,334,120,319,229,238,550,689,1281,256,422,105,498,445,86,240,479,301,78,340,169,392,452,304,481,171,339
192,119,63,25,167,41,134,27,65,64,147,196,275,93,86,76,110,277,132,15,81,156,88,64,105,47,116,84,74,212,235,426,98,155,29,133,148,22,60,162,94,30,120,50,121,142,102,153,75,103
176,138,65,20,167,32,158,65,23,69,137,182,314,119,92,87,144,298,171,13,93,168,105,52,93,46,105,70,89,207,244,456,97,150,37,170,138,32,86,158,118,30,128,69,132,129,109,194,50,115
233,167,76,34,195,49,191,64,69,45,161,238,397,116,107,113,173,373,198,15,111,201,127,80,148,59,138,84,121,259,319,595,81,200,43,225,199,26,110,222,140,45,154,84,167,183,116,193,82,152
417,374,159,65,423,80,392,147,137,161,183,474,760,281,217,233,322,745,415,51,235,415,259,180,309,120,323,195,253,515,650,1237,219,404,91,435,414,54,192,411,274,95,312,169,363,404,247,438,159,289
485,470,217,96,564,120,564,196,182,238,474,320,1053,372,300,299,448,1043,605,57,313,577,323,226,352,137,375,243,271,738,841,1572,305,488,125,628,535,93,325,591,397,107,459,221,425,490,370,598,226,366
836,758,360,142,885,180,856,275,314,397,760,1053,833,617,509,517,673,1434,976,109,516,1004,532,379,583,207,554,403,459,1086,1337,2368,499,842,218,1019,850,151,431,931,589,196,635,352,718,819,580,920,322,616
387,285,140,46,351,75,302,93,119,116,281,372,617,86,166,163,212,585,338,28,189,324,184,118,211,98,245,156,163,391,533,899,172,306,61,335,295,51,154,366,234,59,256,147,251,300,210,334,131,215
302,193,108,49,259,65,243,86,92,107,217,300,509,166,81,139,208,484,270,31,154,284,151,102,153,61,168,119,122,316,404,759,163,260,56,266,276,36,147,277,166,57,213,93,233,265,182,259,88,170
326,234,120,48,304,79,274,76,87,113,233,299,517,163,139,75,233,537,285,24,132,301,169,103,179,65,182,114,121,360,468,803,193,275,57,295,276,28,139,315,197,60,232,87,236,283,173,287,103,197
364,332,130,71,376,102,353,110,144,173,322,448,673,212,208,233,121,659,347,35,200,351,226,130,265,101,272,167,193,447,527,1069,204,338,69,362,353,66,161,393,241,63,265,126,294,330,226,384,138,222
797,819,371,142,883,180,842,277,298,373,745,1043,1434,585,484,537,659,790,917,120,537,972,547,345,569,202,581,402,451,1087,1366,2385,488,844,202,979,826,145,463,940,567,202,675,365,690,821,553,930,309,616
509,448,215,88,525,123,483,132,171,198,415,605,976,338,270,285,347,917,258,55,268,478,319,183,309,117,346,214,234,688,765,1453,308,469,134,536,474,90,247,565,364,99,363,192,414,484,314,542,191,337
55,48,25,14,62,14,65,15,13,15,51,57,109,28,31,24,35,120,55,5,34,57,32,24,39,11,45,26,32,82,94,194,38,58,17,43,44,11,28,56,30,13,45,23,48,57,35,80,26,40
311,243,104,48,264,67,258,81,93,111,235,313,516,189,154,132,200,537,268,34,68,282,180,124,198,69,183,122,148,351,414,794,167,277,64,282,275,52,135,295,187,54,225,124,226,261,178,308,105,180
531,431,207,92,537,122,466,156,168,201,415,577,1004,324,284,301,351,972,478,57,282,257,335,196,337,125,360,228,245,662,772,1453,300,449,123,568,528,86,248,508,317,97,404,195,420,495,354,522,200,335
339,255,125,61,334,70,295,88,105,127,259,323,532,184,151,169,226,547,319,32,180,335,93,120,185,78,214,132,161,357,468,836,171,275,77,325,286,48,168,318,178,58,246,105,238,261,188,312,117,202
219,185,90,35,199,39,190,64,52,80,180,226,379,118,102,103,130,345,183,24,124,196,120,45,129,52,131,89,112,244,302,555,126,159,51,195,177,50,107,190,139,41,152,65,163,199,144,214,89,119
363,288,131,56,323,71,334,105,93,148,309,352,583,211,153,179,265,569,309,39,198,337,185,129,112,66,212,162,176,405,493,940,198,313,80,346,320,49,176,326,199,54,258,119,247,322,199,362,139,232
128,96,45,23,121,26,120,47,46,59,120,137,207,98,61,65,101,202,117,11,69,125,78,52,66,19,68,64,60,148,202,368,57,122,27,123,116,25,76,127,94,26,85,50,85,115,69,150,50,87
327,308,135,54,345,81,319,116,105,138,323,375,554,245,168,182,272,581,346,45,183,360,214,131,212,68,113,158,153,432,505,962,184,328,73,358,331,52,190,346,235,59,239,121,250,294,195,345,136,231
268,188,84,41,238,53,229,84,70,84,195,243,403,156,119,114,167,402,214,26,122,228,132,89,162,64,158,53,130,282,360,680,109,211,61,244,193,48,132,254,153,46,217,77,164,217,137,261,86,163
305,219,93,51,286,57,238,74,89,121,253,271,459,163,122,121,193,451,234,32,148,245,161,112,176,60,153,130,58,280,366,701,134,265,58,259,228,39,129,253,186,47,217,86,217,200,153,273,107,155
588,537,251,87,647,124,550,212,207,259,515,738,1086,391,316,360,447,1087,688,82,351,662,357,244,405,148,432,282,280,382,968,1745,349,578,149,620,568,121,301,692,447,158,477,223,475,618,409,646,224,402
659,646,307,116,743,153,689,235,244,319,650,841,1337,533,404,468,527,1366,765,94,414,772,468,302,493,202,505,360,366,968,583,2111,433,718,175,813,688,101,369,772,464,151,574,269,626,722,476,770,266,500
1245,1219,581,205,1346,266,1281,426,456,595,1237,1572,2368,899,759,803,1069,2385,1453,194,794,1453,836,555,940,368,962,680,701,1745,2111,1863,701,1299,329,1593,1256,232,670,1508,890,309,1022,510,1121,1318,836,1433,443,904
247,234,119,36,245,59,256,98,97,81,219,305,499,172,163,193,204,488,308,38,167,300,171,126,198,57,184,109,134,349,433,701,74,229,81,315,274,45,156,301,177,62,205,92,235,282,180,293,110,175
460,400,166,80,468,113,422,155,150,200,404,488,842,306,260,275,338,844,469,58,277,449,275,159,313,122,328,211,265,578,718,1299,229,234,117,491,427,71,246,491,277,114,355,177,371,429,290,485,178,346
83,97,54,16,117,17,105,29,37,43,91,125,218,61,56,57,69,202,134,17,64,123,77,51,80,27,73,61,58,149,175,329,81,117,10,122,99,17,56,126,58,25,97,53,85,117,67,108,38,75
509,491,189,95,523,122,498,133,170,225,435,628,1019,335,266,295,362,979,536,43,282,568,325,195,346,123,358,244,259,620,813,1593,315,491,122,292,509,85,252,598,369,92,396,173,441,496,326,533,203,343
462,427,197,68,483,101,445,148,138,199,414,535,850,295,276,276,353,826,474,44,275,528,286,177,320,116,331,193,228,568,688,1256,274,427,99,509,225,99,214,454,322,87,370,190,349,420,297,484,197,344
94,79,39,25,86,26,86,22,32,26,54,93,151,51,36,28,66,145,90,11,52,86,48,50,49,25,52,48,39,121,101,232,45,71,17,85,99,3,50,99,55,17,71,37,64,68,46,84,36,48
251,208,98,37,255,60,240,60,86,110,192,325,431,154,147,139,161,463,247,28,135,248,168,107,176,76,190,132,129,301,369,670,156,246,56,252,214,50,53,252,178,43,202,81,200,213,166,246,99,168
461,466,201,76,511,102,479,162,158,222,411,591,931,366,277,315,393,940,565,56,295,508,318,190,326,127,346,254,253,692,772,1508,301,491,126,598,454,99,252,264,329,122,403,196,421,524,358,544,187,380
319,291,118,55,336,68,301,94,118,140,274,397,589,234,166,197,241,567,364,30,187,317,178,139,199,94,235,153,186,447,464,890,177,277,58,369,322,55,178,329,107,84,251,115,258,304,230,340,118,257
89,89,33,18,107,22,78,30,30,45,95,107,196,59,57,60,63,202,99,13,54,97,58,41,54,26,59,46,47,158,151,309,62,114,25,92,87,17,43,122,84,6,83,36,67,97,63,108,34,59
379,326,159,64,405,88,340,120,128,154,312,459,635,256,213,232,265,675,363,45,225,404,246,152,258,85,239,217,217,477,574,1022,205,355,97,396,370,71,202,403,251,83,143,147,324,362,249,386,135,261
184,171,81,27,190,32,169,50,69,84,169,221,352,147,93,87,126,365,192,23,124,195,105,65,119,50,121,77,86,223,269,510,92,177,53,173,190,37,81,196,115,36,147,36,162,162,124,191,80,122
453,374,159,81,418,103,392,121,132,167,363,425,718,251,233,236,294,690,414,48,226,420,238,163,247,85,250,164,217,475,626,1121,235,371,85,441,349,64,200,421,258,67,324,162,166,346,233,423,165,283
439,431,190,74,464,104,452,142,129,183,404,490,819,300,265,283,330,821,484,57,261,495,261,199,322,115,294,217,200,618,722,1318,282,429,117,496,420,68,213,524,304,97,362,162,346,212,305,459,186,295
331,263,122,44,338,63,304,102,109,116,247,370,580,210,182,173,226,553,314,35,178,354,188,144,199,69,195,137,153,409,476,836,180,290,67,326,297,46,166,358,230,63,249,124,233,305,91,326,122,201
491,451,194,78,505,103,481,153,194,193,438,598,920,334,259,287,384,930,542,80,308,522,312,214,362,150,345,261,273,646,770,1433,293,485,108,533,484,84,246,544,340,108,386,191,423,459,326,265,188,382
165,164,83,28,189,35,171,75,50,82,159,226,322,131,88,103,138,309,191,26,105,200,117,89,139,50,136,86,107,224,266,443,110,178,38,203,197,36,99,187,118,34,135,80,165,186,122,188,29,127
344,295,122,71,333,83,339,103,115,152,289,366,616,215,170,197,222,616,337,40,180,335,202,119,232,87,231,163,155,402,500,904,175,346,75,343,344,48,168,380,257,59,261,122,283,295,201,382,127,110
