262,464,221,88,486,115,516,174,168,275,464,552,823,388,327,353,350,777,509,72,322,518,353,208,371,172,385,290,349,648,687,1169,236,468,102,528,465,73,251,463,336,99,364,172,462,427,343,485,167,408
464,173,160,77,459,110,423,129,134,179,367,488,815,262,266,266,325,791,432,53,255,417,251,160,277,87,254,223,198,562,637,1231,254,425,108,461,424,70,211,439,272,88,339,151,347,387,270,449,191,286
221,160,34,44,198,55,211,52,64,85,180,214,364,132,96,98,141,346,216,28,109,211,128,100,130,53,121,94,108,240,313,540,106,189,46,184,205,34,110,195,140,47,159,68,171,158,117,203,77,145
88,77,44,7,75,15,96,33,24,39,64,93,148,58,54,59,66,145,80,13,50,73,58,36,69,32,74,37,35,111,120,219,51,89,16,104,89,14,59,81,47,25,53,25,83,72,65,82,33,74
486,459,198,75,274,86,474,160,167,213,426,595,955,315,298,307,370,931,484,60,274,502,304,225,338,156,356,241,265,652,789,1440,258,478,118,567,487,81,263,552,335,92,391,213,421,471,335,562,206,312
115,110,55,15,86,15,123,32,37,50,93,126,192,67,68,95,86,204,118,13,62,112,67,45,75,34,91,54,56,167,165,283,55,112,20,139,115,17,62,115,64,27,95,38,106,101,76,110,31,80
516,423,211,96,474,123,250,154,154,223,408,583,884,343,279,294,345,866,517,62,297,521,313,188,323,121,308,226,257,649,733,1313,245,509,105,531,473,52,229,517,292,93,368,184,410,448,318,513,161,335
174,129,52,33,160,32,154,26,56,72,128,157,279,90,88,98,101,272,147,16,87,150,93,51,88,44,105,76,67,183,216,433,96,143,25,158,144,27,69,143,88,27,127,56,107,142,108,160,49,94
168,134,64,24,167,37,154,56,26,63,136,183,277,101,87,116,117,266,141,17,71,156,93,65,90,44,109,73,86,201,254,444,82,155,38,185,166,29,93,171,114,30,136,65,133,149,94,168,69,117
275,179,85,39,213,50,223,72,63,51,167,195,363,160,118,134,167,354,185,28,115,192,137,68,142,51,143,106,106,267,272,556,105,195,50,224,213,23,94,195,127,49,165,60,181,176,143,223,63,155
464,367,180,64,426,93,408,128,136,167,176,467,775,296,210,244,306,770,429,47,253,452,293,167,313,132,303,212,234,530,648,1170,231,404,99,474,438,67,177,455,287,93,339,148,345,366,290,447,132,290
552,488,214,93,595,126,583,157,183,195,467,300,1033,366,238,320,379,1045,542,66,278,574,326,198,335,150,373,258,293,737,820,1594,313,535,116,616,511,82,282,583,354,112,417,225,457,529,353,581,197,372
823,815,364,148,955,192,884,279,277,363,775,1033,859,594,468,489,651,1523,934,107,544,946,563,394,603,248,647,413,433,1162,1408,2399,485,783,222,989,855,159,472,942,594,189,660,343,750,890,594,1002,315,571
388,262,132,58,315,67,343,90,101,160,296,366,594,121,176,170,239,573,329,40,183,328,187,133,208,78,212,166,168,406,480,932,141,311,73,329,330,44,134,356,230,58,272,117,276,292,208,329,115,255
327,266,96,54,298,68,279,88,87,118,210,238,468,176,77,151,202,471,272,35,164,289,148,114,165,67,172,118,161,314,408,725,138,265,55,270,274,37,140,305,173,55,223,100,240,240,171,251,98,200
353,266,98,59,307,95,294,98,116,134,244,320,489,170,151,83,215,514,288,30,163,286,181,121,166,73,166,127,147,342,439,786,163,279,72,318,276,32,144,333,200,53,233,111,206,261,174,289,122,196
350,325,141,66,370,86,345,101,117,167,306,379,651,239,202,215,116,681,351,51,199,368,204,164,227,89,245,196,190,455,560,979,169,355,97,390,339,56,181,375,255,68,309,141,302,342,247,387,164,263
777,791,346,145,931,204,866,272,266,354,770,1045,1523,573,471,514,681,816,918,93,490,936,534,347,619,249,649,417,437,1081,1350,2461,524,799,223,989,842,156,490,925,592,198,657,343,728,844,564,936,325,582
509,432,216,80,484,118,517,147,141,185,429,542,934,329,272,288,351,918,254,69,275,512,318,215,358,143,364,225,270,621,771,1462,284,468,122,534,476,70,228,535,320,106,403,165,403,475,321,535,173,340
72,53,28,13,60,13,62,16,17,28,47,66,107,40,35,30,51,93,69,8,36,62,39,20,41,10,40,29,27,77,88,165,38,55,17,61,57,11,31,70,43,16,48,24,47,57,42,63,24,40
322,255,109,50,274,62,297,87,71,115,253,278,544,183,164,163,199,490,275,36,77,283,166,118,196,60,177,124,152,345,428,804,166,256,59,263,275,38,140,294,176,47,197,99,232,253,165,269,124,193
518,417,211,73,502,112,521,150,156,192,452,574,946,328,289,286,368,936,512,62,283,284,332,197,350,133,330,219,304,660,734,1478,271,476,118,517,479,77,261,546,333,102,381,188,412,512,318,547,185,368
353,251,128,58,304,67,313,93,93,137,293,326,563,187,148,181,204,534,318,39,166,332,89,103,211,77,191,137,168,362,471,856,160,245,75,336,296,38,145,328,195,55,242,86,257,246,191,319,127,195
208,160,100,36,225,45,188,51,65,68,167,198,394,133,114,121,164,347,215,20,118,197,103,45,117,49,123,96,112,253,312,566,95,209,44,223,195,30,94,204,148,37,171,68,144,175,124,196,75,133
371,277,130,69,338,75,323,88,90,142,313,335,603,208,165,166,227,619,358,41,196,350,211,117,119,95,214,139,167,415,549,968,190,292,92,353,339,53,167,350,223,64,306,115,247,275,220,359,122,242
172,87,53,32,156,34,121,44,44,51,132,150,248,78,67,73,89,249,143,10,60,133,77,49,95,13,69,54,45,147,208,349,77,127,32,117,113,23,78,140,89,23,125,38,99,127,90,150,40,92
385,254,121,74,356,91,308,105,109,143,303,373,647,212,172,166,245,649,364,40,177,330,191,123,214,69,109,156,157,424,531,994,208,325,94,365,312,58,159,383,231,68,296,129,273,323,228,376,120,196
290,223,94,37,241,54,226,76,73,106,212,258,413,166,118,127,196,417,225,29,124,219,137,96,139,54,156,43,110,271,326,669,124,214,46,240,222,23,106,247,151,53,190,84,180,219,130,259,82,139
349,198,108,35,265,56,257,67,86,106,234,293,433,168,161,147,190,437,270,27,152,304,168,112,167,45,157,110,64,320,418,732,138,224,49,261,244,37,126,309,190,50,219,105,199,230,137,269,100,189
648,562,240,111,652,167,649,183,201,267,530,737,1162,406,314,342,455,1081,621,77,345,660,362,253,415,147,424,271,320,384,1003,1823,390,597,150,716,627,82,318,656,446,120,481,214,519,584,420,722,245,426
687,637,313,120,789,165,733,216,254,272,648,820,1408,480,408,439,560,1350,771,88,428,734,471,312,549,208,531,326,418,1003,532,2170,408,726,172,838,669,134,368,799,512,183,597,276,599,704,474,816,271,504
1169,1231,540,219,1440,283,1313,433,444,556,1170,1594,2399,932,725,786,979,2461,1462,165,804,1478,856,566,968,349,994,669,732,1823,2170,1878,715,1298,330,1458,1259,277,680,1463,916,307,1035,526,1148,1269,955,1473,514,955
236,254,106,51,258,55,245,96,82,105,231,313,485,141,138,163,169,524,284,38,166,271,160,95,190,77,208,124,138,390,408,715,80,237,58,286,255,53,130,288,177,63,227,105,231,245,188,295,95,188
468,425,189,89,478,112,509,143,155,195,404,535,783,311,265,279,355,799,468,55,256,476,245,209,292,127,325,214,224,597,726,1298,237,213,109,532,464,80,231,517,289,84,336,189,395,417,307,517,181,326
102,108,46,16,118,20,105,25,38,50,99,116,222,73,55,72,97,223,122,17,59,118,75,44,92,32,94,46,49,150,172,330,58,109,15,125,97,13,56,115,65,36,76,50,96,108,60,124,46,79
528,461,184,104,567,139,531,158,185,224,474,616,989,329,270,318,390,989,534,61,263,517,336,223,353,117,365,240,261,716,838,1458,286,532,125,281,531,86,262,602,385,109,417,218,461,507,339,593,210,386
465,424,205,89,487,115,473,144,166,213,438,511,855,330,274,276,339,842,476,57,275,479,296,195,339,113,312,222,244,627,669,1259,255,464,97,531,227,80,234,506,317,92,362,162,416,425,356,486,188,331
73,70,34,14,81,17,52,27,29,23,67,82,159,44,37,32,56,156,70,11,38,77,38,30,53,23,58,23,37,82,134,277,53,80,13,86,80,8,42,97,45,16,64,29,49,92,33,81,31,48
251,211,110,59,263,62,229,69,93,94,177,282,472,134,140,144,181,490,228,31,140,261,145,94,167,78,159,106,126,318,368,680,130,231,56,262,234,42,55,281,155,38,185,103,219,224,172,280,101,154
463,439,195,81,552,115,517,143,171,195,455,583,942,356,305,333,375,925,535,70,294,546,328,204,350,140,383,247,309,656,799,1463,288,517,115,602,506,97,281,268,340,112,378,218,422,539,340,547,185,367
336,272,140,47,335,64,292,88,114,127,287,354,594,230,173,200,255,592,320,43,176,333,195,148,223,89,231,151,190,446,512,916,177,289,65,385,317,45,155,340,96,60,242,117,258,333,211,364,112,227
99,88,47,25,92,27,93,27,30,49,93,112,189,58,55,53,68,198,106,16,47,102,55,37,64,23,68,53,50,120,183,307,63,84,36,109,92,16,38,112,60,8,85,34,79,103,77,124,48,65
364,339,159,53,391,95,368,127,136,165,339,417,660,272,223,233,309,657,403,48,197,381,242,171,306,125,296,190,219,481,597,1035,227,336,76,417,362,64,185,378,242,85,135,152,348,357,269,429,137,230
172,151,68,25,213,38,184,56,65,60,148,225,343,117,100,111,141,343,165,24,99,188,86,68,115,38,129,84,105,214,276,526,105,189,50,218,162,29,103,218,117,34,152,29,155,188,134,228,76,116
462,347,171,83,421,106,410,107,133,181,345,457,750,276,240,206,302,728,403,47,232,412,257,144,247,99,273,180,199,519,599,1148,231,395,96,461,416,49,219,422,258,79,348,155,159,344,263,444,157,299
427,387,158,72,471,101,448,142,149,176,366,529,890,292,240,261,342,844,475,57,253,512,246,175,275,127,323,219,230,584,704,1269,245,417,108,507,425,92,224,539,333,103,357,188,344,215,286,491,178,323
343,270,117,65,335,76,318,108,94,143,290,353,594,208,171,174,247,564,321,42,165,318,191,124,220,90,228,130,137,420,474,955,188,307,60,339,356,33,172,340,211,77,269,134,263,286,103,380,115,234
485,449,203,82,562,110,513,160,168,223,447,581,1002,329,251,289,387,936,535,63,269,547,319,196,359,150,376,259,269,722,816,1473,295,517,124,593,486,81,280,547,364,124,429,228,444,491,380,260,181,356
167,191,77,33,206,31,161,49,69,63,132,197,315,115,98,122,164,325,173,24,124,185,127,75,122,40,120,82,100,245,271,514,95,181,46,210,188,31,101,185,112,48,137,76,157,178,115,181,30,127
408,286,145,74,312,80,335,94,117,155,290,372,571,255,200,196,263,582,340,40,193,368,195,133,242,92,196,139,189,426,504,955,188,326,79,386,331,48,154,367,227,65,230,116,299,323,234,356,127,110
