267,428,215,83,509,106,450,173,161,256,449,496,790,355,316,334,356,849,497,81,327,489,332,187,329,147,362,281,290,598,691,1122,228,457,116,523,512,82,262,422,314,113,355,174,398,396,338,461,162,392
428,193,169,69,415,105,426,140,149,188,352,465,803,258,222,240,306,795,480,50,248,456,254,179,280,111,274,192,241,571,635,1157,246,403,89,436,394,67,222,468,302,92,362,154,335,433,269,435,140,310
215,169,34,34,190,52,202,72,63,78,172,246,351,122,83,95,130,373,227,25,103,199,116,93,130,47,133,93,83,259,317,571,102,176,41,198,197,30,95,191,143,46,158,83,149,194,114,235,88,142
83,69,34,8,88,17,63,28,18,40,68,92,157,61,46,52,65,152,78,12,67,87,54,40,66,29,74,56,45,107,130,220,41,82,16,85,86,21,47,78,49,10,60,32,74,87,44,89,27,75
509,415,190,88,259,114,479,134,177,181,418,572,911,305,254,285,391,943,506,47,284,491,306,203,324,145,355,236,256,629,733,1414,284,459,116,539,462,75,238,526,335,105,403,176,418,450,284,526,195,347
106,105,52,17,114,4,91,39,38,50,98,118,217,78,65,87,91,215,118,13,91,112,84,47,88,31,85,60,78,151,151,295,58,104,28,100,93,27,61,101,63,25,94,36,106,114,75,118,47,108
450,426,202,63,479,91,210,144,167,201,392,487,849,318,273,291,342,856,476,53,272,493,294,185,323,118,350,243,224,562,721,1257,263,448,102,476,447,86,239,500,303,103,378,179,402,439,327,504,176,373
173,140,72,28,134,39,144,26,56,79,143,156,263,110,99,91,109,242,163,16,90,170,74,65,108,41,104,68,91,187,235,424,87,159,40,141,151,22,84,170,89,40,110,58,106,133,96,174,55,126
161,149,63,18,177,38,167,56,19,74,132,191,320,103,76,88,122,293,158,18,83,183,94,55,118,44,115,85,80,184,256,436,90,137,33,174,132,27,94,194,117,27,115,72,135,161,114,181,58,125
256,188,78,40,181,50,201,79,74,45,161,220,345,128,112,104,168,369,205,24,98,218,140,66,140,61,147,99,116,276,322,562,129,214,53,227,201,30,105,206,131,53,142,85,162,186,120,208,82,135
449,352,172,68,418,98,392,143,132,161,172,454,735,276,232,243,335,719,427,47,237,430,272,155,269,119,295,176,225,514,595,1147,243,408,114,450,411,69,206,426,275,110,358,152,331,371,259,418,160,264
496,465,246,92,572,118,487,156,191,220,454,320,996,380,276,313,381,986,567,61,285,560,311,208,346,133,369,260,293,735,860,1511,313,475,128,558,462,87,259,620,335,114,429,216,421,504,324,537,200,369
790,803,351,157,911,217,849,263,320,345,735,996,792,596,455,539,651,1431,943,125,532,923,531,343,574,249,626,409,445,1165,1325,2453,490,883,230,1000,803,158,427,955,578,180,617,357,732,824,550,911,350,625
355,258,122,61,305,78,318,110,103,128,276,380,596,100,188,195,238,578,325,42,182,355,193,116,224,92,226,147,162,401,503,899,150,312,61,335,322,53,146,332,206,68,263,116,279,315,207,373,113,239
316,222,83,46,254,65,273,99,76,112,232,276,455,188,63,137,201,491,271,40,130,302,147,113,179,58,191,119,139,335,394,749,134,251,63,253,244,42,148,270,167,59,197,96,220,270,174,285,96,196
334,240,95,52,285,87,291,91,88,104,243,313,539,195,137,61,199,529,269,37,141,291,169,98,167,66,171,131,147,365,414,807,152,284,69,267,285,47,129,319,173,53,194,96,224,268,174,323,101,184
356,306,130,65,391,91,342,109,122,168,335,381,651,238,201,199,123,626,382,34,192,377,205,151,213,81,221,177,183,463,538,987,207,338,81,361,350,58,193,353,236,88,265,137,277,319,237,377,125,251
849,795,373,152,943,215,856,242,293,369,719,986,1431,578,491,529,626,788,899,134,514,884,527,353,605,219,594,411,441,1169,1376,2392,483,886,208,1001,842,147,430,964,593,179,609,347,732,808,557,926,348,597
497,480,227,78,506,118,476,163,158,205,427,567,943,325,271,269,382,899,290,56,303,493,278,178,298,123,324,227,247,620,741,1413,264,491,132,528,509,91,240,546,351,108,384,205,394,453,308,528,175,345
81,50,25,12,47,13,53,16,18,24,47,61,125,42,40,37,34,134,56,4,44,61,36,17,46,15,44,26,34,66,103,187,40,62,19,63,63,9,29,57,42,11,54,23,49,61,40,59,26,46
327,248,103,67,284,91,272,90,83,98,237,285,532,182,130,141,192,514,303,44,74,305,160,103,164,56,171,143,133,356,447,783,155,277,56,282,287,43,152,322,187,59,233,96,236,242,162,304,113,195
489,456,199,87,491,112,493,170,183,218,430,560,923,355,302,291,377,884,493,61,305,256,308,217,344,137,370,247,265,596,765,1382,271,496,122,535,510,93,232,524,326,96,386,218,430,461,336,520,190,364
332,254,116,54,306,84,294,74,94,140,272,311,531,193,147,169,205,527,278,36,160,308,84,123,199,78,206,148,146,339,444,823,155,278,66,303,297,38,143,308,196,57,255,115,238,288,199,292,113,226
187,179,93,40,203,47,185,65,55,66,155,208,343,116,113,98,151,353,178,17,103,217,123,44,140,48,147,102,87,237,293,537,98,181,48,199,194,37,94,220,123,43,159,64,161,195,132,208,89,140
329,280,130,66,324,88,323,108,118,140,269,346,574,224,179,167,213,605,298,46,164,344,199,140,105,90,240,164,181,414,462,929,164,315,72,310,317,66,160,361,211,72,268,118,257,270,202,331,127,241
147,111,47,29,145,31,118,41,44,61,119,133,249,92,58,66,81,219,123,15,56,137,78,48,90,17,84,61,85,158,183,367,64,117,31,133,122,17,62,141,86,25,99,48,94,120,71,124,55,81
362,274,133,74,355,85,350,104,115,147,295,369,626,226,191,171,221,594,324,44,171,370,206,147,240,84,117,169,180,431,466,980,180,293,87,354,314,51,165,383,234,76,261,122,270,298,203,341,151,231
281,192,93,56,236,60,243,68,85,99,176,260,409,147,119,131,177,411,227,26,143,247,148,102,164,61,169,44,122,270,372,629,126,223,51,226,234,38,128,238,125,43,174,81,200,209,144,248,93,153
290,241,83,45,256,78,224,91,80,116,225,293,445,162,139,147,183,441,247,34,133,265,146,87,181,85,180,122,71,307,390,719,134,225,59,261,256,40,134,269,177,33,213,98,196,235,149,278,110,180
598,571,259,107,629,151,562,187,184,276,514,735,1165,401,335,365,463,1169,620,66,356,596,339,237,414,158,431,270,307,390,992,1850,330,628,146,684,600,96,337,672,397,131,494,211,522,608,382,698,251,439
691,635,317,130,733,151,721,235,256,322,595,860,1325,503,394,414,538,1376,741,103,447,765,444,293,462,183,466,372,390,992,558,2072,393,721,193,842,731,133,371,773,502,156,543,302,606,659,491,775,274,538
1122,1157,571,220,1414,295,1257,424,436,562,1147,1511,2453,899,749,807,987,2392,1413,187,783,1382,823,537,929,367,980,629,719,1850,2072,1861,734,1316,310,1516,1241,237,670,1507,915,311,974,524,1126,1277,911,1430,495,915
228,246,102,41,284,58,263,87,90,129,243,313,490,150,134,152,207,483,264,40,155,271,155,98,164,64,180,126,134,330,393,734,74,277,69,309,235,50,144,312,167,59,188,104,196,252,167,262,83,176
457,403,176,82,459,104,448,159,137,214,408,475,883,312,251,284,338,886,491,62,277,496,278,181,315,117,293,223,225,628,721,1316,277,230,120,519,435,61,262,473,289,94,374,174,397,441,312,478,177,336
116,89,41,16,116,28,102,40,33,53,114,128,230,61,63,69,81,208,132,19,56,122,66,48,72,31,87,51,59,146,193,310,69,120,8,111,108,15,45,110,66,20,97,48,82,112,74,122,38,70
523,436,198,85,539,100,476,141,174,227,450,558,1000,335,253,267,361,1001,528,63,282,535,303,199,310,133,354,226,261,684,842,1516,309,519,111,272,501,97,271,550,335,107,409,200,423,508,330,524,209,371
512,394,197,86,462,93,447,151,132,201,411,462,803,322,244,285,350,842,509,63,287,510,297,194,317,122,314,234,256,600,731,1241,235,435,108,501,212,78,236,497,283,85,368,167,405,467,297,498,163,360
82,67,30,21,75,27,86,22,27,30,69,87,158,53,42,47,58,147,91,9,43,93,38,37,66,17,51,38,40,96,133,237,50,61,15,97,78,5,38,91,44,10,60,31,67,71,47,113,27,56
262,222,95,47,238,61,239,84,94,105,206,259,427,146,148,129,193,430,240,29,152,232,143,94,160,62,165,128,134,337,371,670,144,262,45,271,236,38,58,231,164,59,176,88,194,242,167,286,103,178
422,468,191,78,526,101,500,170,194,206,426,620,955,332,270,319,353,964,546,57,322,524,308,220,361,141,383,238,269,672,773,1507,312,473,110,550,497,91,231,278,340,106,404,178,439,471,343,520,210,361
314,302,143,49,335,63,303,89,117,131,275,335,578,206,167,173,236,593,351,42,187,326,196,123,211,86,234,125,177,397,502,915,167,289,66,335,283,44,164,340,119,63,256,128,254,322,201,359,114,233
113,92,46,10,105,25,103,40,27,53,110,114,180,68,59,53,88,179,108,11,59,96,57,43,72,25,76,43,33,131,156,311,59,94,20,107,85,10,59,106,63,10,72,42,83,101,51,109,35,89
355,362,158,60,403,94,378,110,115,142,358,429,617,263,197,194,265,609,384,54,233,386,255,159,268,99,261,174,213,494,543,974,188,374,97,409,368,60,176,404,256,72,147,156,323,361,266,390,146,243
174,154,83,32,176,36,179,58,72,85,152,216,357,116,96,96,137,347,205,23,96,218,115,64,118,48,122,81,98,211,302,524,104,174,48,200,167,31,88,178,128,42,156,32,151,186,129,185,73,139
398,335,149,74,418,106,402,106,135,162,331,421,732,279,220,224,277,732,394,49,236,430,238,161,257,94,270,200,196,522,606,1126,196,397,82,423,405,67,194,439,254,83,323,151,178,344,261,439,143,294
396,433,194,87,450,114,439,133,161,186,371,504,824,315,270,268,319,808,453,61,242,461,288,195,270,120,298,209,235,608,659,1277,252,441,112,508,467,71,242,471,322,101,361,186,344,210,288,468,159,328
338,269,114,44,284,75,327,96,114,120,259,324,550,207,174,174,237,557,308,40,162,336,199,132,202,71,203,144,149,382,491,911,167,312,74,330,297,47,167,343,201,51,266,129,261,288,113,307,110,219
461,435,235,89,526,118,504,174,181,208,418,537,911,373,285,323,377,926,528,59,304,520,292,208,331,124,341,248,278,698,775,1430,262,478,122,524,498,113,286,520,359,109,390,185,439,468,307,248,182,372
162,140,88,27,195,47,176,55,58,82,160,200,350,113,96,101,125,348,175,26,113,190,113,89,127,55,151,93,110,251,274,495,83,177,38,209,163,27,103,210,114,35,146,73,143,159,110,182,30,115
392,310,142,75,347,108,373,126,125,135,264,369,625,239,196,184,251,597,345,46,195,364,226,140,241,81,231,153,180,439,538,915,176,336,70,371,360,56,178,361,233,89,243,139,294,328,219,372,115,135
