287,456,208,100,515,117,489,210,169,246,462,532,797,371,282,341,419,805,514,71,326,516,343,189,345,154,342,272,314,616,730,1210,249,511,103,550,515,103,264,463,326,107,354,181,450,431,324,462,154,371
456,185,172,74,441,92,417,123,146,187,395,496,812,282,242,253,325,776,422,51,224,448,243,184,279,111,247,195,204,535,689,1278,243,419,93,436,448,79,218,425,275,72,340,140,363,375,268,429,180,287
208,172,25,41,206,43,189,66,72,69,166,204,375,126,98,107,139,343,178,24,86,193,106,72,128,39,145,86,120,224,282,568,134,205,44,214,179,16,115,193,125,40,179,66,160,159,117,185,88,125
100,74,41,10,94,21,89,28,31,33,59,95,154,61,42,53,64,142,95,14,39,91,48,30,54,24,62,44,43,99,132,227,40,80,16,104,85,14,50,71,58,18,63,40,71,68,44,80,30,60
515,441,206,94,260,122,515,148,162,203,460,605,950,343,284,295,385,962,528,65,292,532,291,202,343,131,336,231,268,622,764,1511,264,473,138,567,471,91,247,535,342,89,384,187,445,474,323,523,184,355
117,92,43,21,122,11,99,38,30,33,86,141,199,78,59,70,67,191,115,17,56,112,73,42,68,28,91,59,69,133,153,307,60,105,21,121,98,25,65,88,76,27,79,47,85,97,72,112,35,72
489,417,189,89,515,99,220,172,170,175,398,542,819,292,222,263,362,899,495,64,277,496,301,179,337,115,318,218,242,607,738,1240,245,418,84,509,443,81,251,491,324,102,375,184,365,449,307,474,163,319
210,123,66,28,148,38,172,27,59,57,135,179,258,93,89,103,103,273,151,14,68,165,74,67,101,32,92,60,88,200,257,402,80,147,28,160,161,25,88,174,126,21,129,52,161,125,86,145,53,109
169,146,72,31,162,30,170,59,21,70,135,184,298,98,79,77,104,300,163,26,104,149,89,62,94,44,99,78,82,223,228,478,94,160,40,154,176,23,79,163,111,35,106,61,114,139,93,162,63,105
246,187,69,33,203,33,175,57,70,59,191,240,368,139,110,134,160,361,222,29,115,222,131,86,130,50,141,89,98,244,294,531,115,195,48,192,205,26,95,215,121,40,159,76,149,189,124,204,76,143
462,395,166,59,460,86,398,135,135,191,187,480,791,312,234,259,332,758,443,50,231,445,281,195,261,116,291,167,239,537,645,1139,237,405,103,454,376,59,205,448,275,88,321,163,349,385,265,431,159,320
532,496,204,95,605,141,542,179,184,240,480,341,1074,350,258,315,415,1049,606,65,297,600,306,199,333,126,370,260,278,722,876,1593,307,528,127,587,566,89,293,622,387,101,428,212,392,516,338,609,202,363
797,812,375,154,950,199,819,258,298,368,791,1074,878,606,471,527,627,1567,886,116,497,887,528,353,582,236,632,416,446,1132,1367,2507,475,820,210,918,836,154,464,1036,605,169,712,363,682,888,556,967,346,622
371,282,126,61,343,78,292,93,98,139,312,350,606,119,163,177,237,586,313,45,171,326,194,160,231,98,246,137,181,383,498,919,193,307,73,328,341,46,152,364,202,69,251,129,289,294,207,341,133,214
282,242,98,42,284,59,222,89,79,110,234,258,471,163,71,156,228,481,241,29,133,234,154,112,158,73,183,122,121,335,400,721,164,247,56,299,256,39,136,267,174,46,197,91,194,257,173,245,96,195
341,253,107,53,295,70,263,103,77,134,259,315,527,177,156,99,220,537,280,32,148,290,152,120,189,67,195,147,128,389,456,822,157,264,59,326,267,44,150,307,190,59,202,115,221,256,184,265,106,198
419,325,139,64,385,67,362,103,104,160,332,415,627,237,228,220,140,638,371,50,213,407,228,144,253,99,244,171,186,508,579,969,203,364,92,379,356,69,177,371,255,84,275,141,330,341,272,379,143,261
805,776,343,142,962,191,899,273,300,361,758,1049,1567,586,481,537,638,823,933,106,509,914,535,370,586,227,624,420,470,1154,1394,2455,495,841,209,966,842,161,450,988,616,173,708,363,713,853,593,967,338,582
514,422,178,95,528,115,495,151,163,222,443,606,886,313,241,280,371,933,240,65,277,461,329,224,333,123,327,217,256,658,765,1419,269,485,124,542,476,85,288,558,348,97,425,189,414,481,300,532,216,364
71,51,24,14,65,17,64,14,26,29,50,65,116,45,29,32,50,106,65,3,30,70,37,26,49,18,41,28,38,87,109,179,27,67,21,71,61,11,26,76,46,15,45,24,51,54,35,73,26,48
326,224,86,39,292,56,277,68,104,115,231,297,497,171,133,148,213,509,277,30,70,292,164,115,161,62,183,140,143,330,456,790,165,238,49,287,244,41,141,323,197,62,209,111,230,232,172,310,99,173
516,448,193,91,532,112,496,165,149,222,445,600,887,326,234,290,407,914,461,70,292,262,332,212,347,136,358,243,285,686,749,1392,271,504,132,589,498,98,258,544,333,103,447,191,422,436,315,544,206,357
343,243,106,48,291,73,301,74,89,131,281,306,528,194,154,152,228,535,329,37,164,332,81,131,212,78,195,143,152,366,460,824,168,268,63,333,273,50,134,331,200,48,241,119,236,272,194,348,120,229
189,184,72,30,202,42,179,67,62,86,195,199,353,160,112,120,144,370,224,26,115,212,131,39,142,53,128,82,99,262,311,570,107,196,48,202,204,27,97,186,141,42,135,71,174,162,137,187,78,122
345,279,128,54,343,68,337,101,94,130,261,333,582,231,158,189,253,586,333,49,161,347,212,142,114,91,227,149,165,385,520,946,177,307,76,340,317,67,163,364,201,69,252,144,250,317,194,347,108,231
154,111,39,24,131,28,115,32,44,50,116,126,236,98,73,67,99,227,123,18,62,136,78,53,91,18,68,56,66,156,181,379,59,139,32,130,150,26,54,129,77,23,106,44,118,133,70,130,50,100
342,247,145,62,336,91,318,92,99,141,291,370,632,246,183,195,244,624,327,41,183,358,195,128,227,68,101,150,162,408,498,976,175,327,81,342,370,62,154,336,201,61,274,127,301,335,223,354,129,223
272,195,86,44,231,59,218,60,78,89,167,260,416,137,122,147,171,420,217,28,140,243,143,82,149,56,150,45,126,254,330,637,136,228,46,229,212,35,98,252,141,46,175,81,180,193,123,232,102,169
314,204,120,43,268,69,242,88,82,98,239,278,446,181,121,128,186,470,256,38,143,285,152,99,165,66,162,126,67,317,403,669,132,244,58,276,231,40,128,284,177,59,185,78,190,218,159,262,98,144
616,535,224,99,622,133,607,200,223,244,537,722,1132,383,335,389,508,1154,658,87,330,686,366,262,385,156,408,254,317,359,987,1874,339,548,140,688,579,109,328,723,438,128,456,253,498,629,375,645,241,410
730,689,282,132,764,153,738,257,228,294,645,876,1367,498,400,456,579,1394,765,109,456,749,460,311,520,181,498,330,403,987,588,2109,427,751,179,848,700,119,395,844,506,177,618,310,635,689,440,823,275,503
1210,1278,568,227,1511,307,1240,402,478,531,1139,1593,2507,919,721,822,969,2455,1419,179,790,1392,824,570,946,379,976,637,669,1874,2109,1918,780,1312,344,1493,1294,233,720,1535,935,283,1073,559,1089,1302,903,1425,505,924
249,243,134,40,264,60,245,80,94,115,237,307,475,193,164,157,203,495,269,27,165,271,168,107,177,59,175,136,132,339,427,780,85,258,63,280,226,49,131,286,182,45,197,98,207,235,168,286,81,191
511,419,205,80,473,105,418,147,160,195,405,528,820,307,247,264,364,841,485,67,238,504,268,196,307,139,327,228,244,548,751,1312,258,223,107,511,435,87,247,477,304,112,376,208,368,439,294,476,196,317
103,93,44,16,138,21,84,28,40,48,103,127,210,73,56,59,92,209,124,21,49,132,63,48,76,32,81,46,58,140,179,344,63,107,11,121,88,17,53,112,70,19,83,55,76,106,67,104,37,74
550,436,214,104,567,121,509,160,154,192,454,587,918,328,299,326,379,966,542,71,287,589,333,202,340,130,342,229,276,688,848,1493,280,511,121,283,530,106,235,592,368,104,414,209,443,498,362,598,206,378
515,448,179,85,471,98,443,161,176,205,376,566,836,341,256,267,356,842,476,61,244,498,273,204,317,150,370,212,231,579,700,1294,226,435,88,530,212,78,249,451,310,99,366,176,372,439,272,481,159,312
103,79,16,14,91,25,81,25,23,26,59,89,154,46,39,44,69,161,85,11,41,98,50,27,67,26,62,35,40,109,119,233,49,87,17,106,78,5,46,97,57,14,69,31,68,78,52,95,32,47
264,218,115,50,247,65,251,88,79,95,205,293,464,152,136,150,177,450,288,26,141,258,134,97,163,54,154,98,128,328,395,720,131,247,53,235,249,46,54,270,196,47,187,98,210,223,152,245,77,159
463,425,193,71,535,88,491,174,163,215,448,622,1036,364,267,307,371,988,558,76,323,544,331,186,364,129,336,252,284,723,844,1535,286,477,112,592,451,97,270,291,367,117,401,201,403,524,357,515,175,342
326,275,125,58,342,76,324,126,111,121,275,387,605,202,174,190,255,616,348,46,197,333,200,141,201,77,201,141,177,438,506,935,182,304,70,368,310,57,196,367,112,67,250,125,261,319,217,360,135,236
107,72,40,18,89,27,102,21,35,40,88,101,169,69,46,59,84,173,97,15,62,103,48,42,69,23,61,46,59,128,177,283,45,112,19,104,99,14,47,117,67,6,78,48,96,86,64,105,31,75
354,340,179,63,384,79,375,129,106,159,321,428,712,251,197,202,275,708,425,45,209,447,241,135,252,106,274,175,185,456,618,1073,197,376,83,414,366,69,187,401,250,78,147,139,272,374,239,392,137,255
181,140,66,40,187,47,184,52,61,76,163,212,363,129,91,115,141,363,189,24,111,191,119,71,144,44,127,81,78,253,310,559,98,208,55,209,176,31,98,201,125,48,139,25,147,198,125,195,77,124
450,363,160,71,445,85,365,161,114,149,349,392,682,289,194,221,330,713,414,51,230,422,236,174,250,118,301,180,190,498,635,1089,207,368,76,443,372,68,210,403,261,96,272,147,165,387,241,392,142,287
431,375,159,68,474,97,449,125,139,189,385,516,888,294,257,256,341,853,481,54,232,436,272,162,317,133,335,193,218,629,689,1302,235,439,106,498,439,78,223,524,319,86,374,198,387,212,296,493,186,307
324,268,117,44,323,72,307,86,93,124,265,338,556,207,173,184,272,593,300,35,172,315,194,137,194,70,223,123,159,375,440,903,168,294,67,362,272,52,152,357,217,64,239,125,241,296,90,331,109,211
462,429,185,80,523,112,474,145,162,204,431,609,967,341,245,265,379,967,532,73,310,544,348,187,347,130,354,232,262,645,823,1425,286,476,104,598,481,95,245,515,360,105,392,195,392,493,331,240,175,378
154,180,88,30,184,35,163,53,63,76,159,202,346,133,96,106,143,338,216,26,99,206,120,78,108,50,129,102,98,241,275,505,81,196,37,206,159,32,77,175,135,31,137,77,142,186,109,175,26,133
371,287,125,60,355,72,319,109,105,143,320,363,622,214,195,198,261,582,364,48,173,357,229,122,231,100,223,169,144,410,503,924,191,317,74,378,312,47,159,342,236,75,255,124,287,307,211,378,133,100
