228,481,246,102,482,118,490,182,161,255,463,478,794,369,302,348,324,818,494,68,328,518,351,217,393,155,385,277,307,623,697,1127,259,431,97,482,502,91,231,456,317,100,348,162,437,454,330,485,160,365
481,184,152,77,454,94,407,139,126,183,349,498,832,275,208,212,324,826,438,53,217,440,263,149,259,99,267,199,187,574,724,1249,266,401,90,445,428,78,225,504,282,89,346,145,341,450,271,452,163,323
246,152,35,29,202,45,185,50,88,80,169,231,382,125,104,107,148,366,198,14,82,215,145,73,123,41,118,90,101,238,305,583,118,192,34,215,183,31,89,210,139,40,154,72,157,200,124,229,70,136
102,77,29,5,87,15,69,29,20,30,66,107,160,60,49,47,66,140,84,9,51,88,51,24,65,25,72,40,58,117,122,230,47,100,16,95,71,8,50,81,55,17,56,34,66,70,47,77,22,53
482,454,202,87,302,109,453,154,161,213,436,562,963,304,264,306,389,971,545,53,301,516,315,212,356,149,376,237,284,646,767,1393,286,450,113,529,471,95,250,578,329,93,412,203,429,478,349,482,188,357
118,94,45,15,109,8,101,32,31,40,81,139,210,82,58,70,91,205,110,12,79,113,59,46,68,35,99,60,82,158,159,303,49,119,19,123,118,18,67,110,65,26,75,43,92,84,69,102,32,68
490,407,185,69,453,101,239,144,173,178,411,563,893,324,252,274,367,927,467,54,289,489,312,179,295,115,305,210,270,649,725,1311,239,447,103,494,443,82,230,467,285,102,343,217,387,437,300,511,181,356
182,139,50,29,154,32,144,21,41,65,153,151,270,101,73,92,97,271,163,23,83,162,100,69,89,27,90,67,64,167,204,421,80,147,29,143,162,28,61,182,100,28,111,64,131,151,93,161,46,88
161,126,88,20,161,31,173,41,33,70,137,187,293,97,96,95,123,320,185,21,94,165,107,70,115,46,132,67,91,203,252,491,78,153,34,178,175,19,79,156,105,26,144,60,141,144,105,162,58,101
255,183,80,30,213,40,178,65,70,52,194,228,379,141,125,131,150,340,194,24,109,207,131,74,127,62,146,103,104,252,358,560,116,167,46,234,173,38,114,211,130,46,163,81,171,215,136,219,76,151
463,349,169,66,436,81,411,153,137,194,194,447,787,263,230,260,340,755,432,58,262,446,273,158,289,128,324,207,222,535,692,1215,242,377,91,469,376,77,219,444,273,95,305,136,362,422,273,442,147,320
478,498,231,107,562,139,563,151,187,228,447,310,1087,385,311,335,423,1034,555,75,290,576,330,230,400,144,390,282,260,683,852,1610,304,538,126,600,545,82,276,600,383,112,414,201,466,499,379,579,202,362
794,832,382,160,963,210,893,270,293,379,787,1087,814,596,490,538,683,1482,916,124,508,932,585,343,609,239,647,436,455,1129,1339,2413,472,855,221,983,852,140,476,992,625,214,679,333,692,793,547,937,329,646
369,275,125,60,304,82,324,101,97,141,263,385,596,120,183,195,236,599,339,38,177,344,199,141,235,78,210,156,177,399,500,910,199,312,62,338,285,50,156,372,217,76,250,107,272,307,184,347,123,240
302,208,104,49,264,58,252,73,96,125,230,311,490,183,59,130,218,487,257,30,142,286,169,101,169,67,156,128,131,313,391,781,139,273,73,280,259,53,132,280,192,43,218,92,234,213,165,301,103,196
348,212,107,47,306,70,274,92,95,131,260,335,538,195,130,65,222,533,284,25,153,301,189,132,201,70,202,144,132,356,444,811,162,295,67,290,306,64,139,307,191,42,243,111,258,285,188,314,115,237
324,324,148,66,389,91,367,97,123,150,340,423,683,236,218,222,124,640,388,45,191,399,231,139,250,108,266,170,173,450,546,1013,198,333,73,352,350,61,197,355,233,67,284,135,302,341,232,395,143,256
818,826,366,140,971,205,927,271,320,340,755,1034,1482,599,487,533,640,820,907,114,463,901,511,355,599,250,674,431,455,1129,1316,2421,493,843,213,975,843,157,507,973,604,207,708,343,715,847,554,927,319,603
494,438,198,84,545,110,467,163,185,194,432,555,916,339,257,284,388,907,225,66,290,459,293,171,307,125,331,251,234,668,703,1434,289,473,114,519,454,81,274,504,305,102,387,159,376,429,291,509,176,350
68,53,14,9,53,12,54,23,21,24,58,75,124,38,30,25,45,114,66,4,38,62,27,26,34,18,39,23,29,75,92,182,39,51,12,58,56,15,36,66,37,10,53,25,37,61,36,68,27,35
328,217,82,51,301,79,289,83,94,109,262,290,508,177,142,153,191,463,290,38,79,299,170,108,183,63,160,140,156,336,449,793,154,269,55,306,295,49,134,291,176,60,249,105,217,263,179,304,109,191
518,440,215,88,516,113,489,162,165,207,446,576,932,344,286,301,399,901,459,62,299,262,318,202,335,142,359,240,272,671,748,1412,284,496,114,543,457,111,265,545,347,107,361,222,411,484,331,516,194,355
351,263,145,51,315,59,312,100,107,131,273,330,585,199,169,189,231,511,293,27,170,318,98,99,194,79,182,128,169,355,454,884,159,298,63,316,280,58,138,269,198,55,204,122,236,261,190,333,127,261
217,149,73,24,212,46,179,69,70,74,158,230,343,141,101,132,139,355,171,26,108,202,99,32,130,47,121,87,102,252,279,527,95,200,45,213,168,34,95,203,135,44,132,81,148,205,115,223,65,141
393,259,123,65,356,68,295,89,115,127,289,400,609,235,169,201,250,599,307,34,183,335,194,130,96,82,210,131,164,395,515,927,186,336,76,385,342,65,171,331,190,64,218,108,254,319,180,360,134,212
155,99,41,25,149,35,115,27,46,62,128,144,239,78,67,70,108,250,125,18,63,142,79,47,82,15,63,54,65,150,177,337,75,129,21,150,120,20,64,130,84,28,98,47,86,110,68,131,45,78
385,267,118,72,376,99,305,90,132,146,324,390,647,210,156,202,266,674,331,39,160,359,182,121,210,63,94,155,142,419,525,994,189,342,78,361,327,58,169,374,218,62,260,106,241,313,188,342,134,232
277,199,90,40,237,60,210,67,67,103,207,282,436,156,128,144,170,431,251,23,140,240,128,87,131,54,155,60,111,283,338,658,101,197,47,232,235,35,124,272,147,53,199,78,169,224,151,243,90,121
307,187,101,58,284,82,270,64,91,104,222,260,455,177,131,132,173,455,234,29,156,272,169,102,164,65,142,111,66,303,370,712,134,236,69,286,239,40,100,266,152,51,187,89,205,231,152,261,110,165
623,574,238,117,646,158,649,167,203,252,535,683,1129,399,313,356,450,1129,668,75,336,671,355,252,395,150,419,283,303,397,930,1788,365,563,116,651,602,101,345,699,400,128,471,233,487,584,383,641,213,421
697,724,305,122,767,159,725,204,252,358,692,852,1339,500,391,444,546,1316,703,92,449,748,454,279,515,177,525,338,370,930,557,2029,411,719,174,778,675,143,345,784,527,157,539,291,595,717,497,736,300,492
1127,1249,583,230,1393,303,1311,421,491,560,1215,1610,2413,910,781,811,1013,2421,1434,182,793,1412,884,527,927,337,994,658,712,1788,2029,1879,719,1315,331,1543,1298,212,720,1463,932,304,1038,490,1071,1225,895,1390,504,971
259,266,118,47,286,49,239,80,78,116,242,304,472,199,139,162,198,493,289,39,154,284,159,95,186,75,189,101,134,365,411,719,72,271,71,306,281,52,113,274,197,55,202,85,222,236,164,291,95,202
431,401,192,100,450,119,447,147,153,167,377,538,855,312,273,295,333,843,473,51,269,496,298,200,336,129,342,197,236,563,719,1315,271,246,99,472,425,63,230,489,314,96,369,203,381,393,283,529,186,310
97,90,34,16,113,19,103,29,34,46,91,126,221,62,73,67,73,213,114,12,55,114,63,45,76,21,78,47,69,116,174,331,71,99,10,114,111,23,51,108,89,19,81,41,109,109,73,85,43,86
482,445,215,95,529,123,494,143,178,234,469,600,983,338,280,290,352,975,519,58,306,543,316,213,385,150,361,232,286,651,778,1543,306,472,114,250,487,79,247,560,330,98,414,188,438,511,354,570,214,337
502,428,183,71,471,118,443,162,175,173,376,545,852,285,259,306,350,843,454,56,295,457,280,168,342,120,327,235,239,602,675,1298,281,425,111,487,210,85,244,505,304,103,351,190,372,413,288,504,166,320
91,78,31,8,95,18,82,28,19,38,77,82,140,50,53,64,61,157,81,15,49,111,58,34,65,20,58,35,40,101,143,212,52,63,23,79,85,6,46,100,66,24,71,43,76,68,71,101,28,55
231,225,89,50,250,67,230,61,79,114,219,276,476,156,132,139,197,507,274,36,134,265,138,95,171,64,169,124,100,345,345,720,113,230,51,247,244,46,64,272,165,42,189,90,196,237,153,227,74,171
456,504,210,81,578,110,467,182,156,211,444,600,992,372,280,307,355,973,504,66,291,545,269,203,331,130,374,272,266,699,784,1463,274,489,108,560,505,100,272,266,347,121,370,204,462,482,352,534,189,369
317,282,139,55,329,65,285,100,105,130,273,383,625,217,192,191,233,604,305,37,176,347,198,135,190,84,218,147,152,400,527,932,197,314,89,330,304,66,165,347,100,59,253,118,244,276,200,357,136,193
100,89,40,17,93,26,102,28,26,46,95,112,214,76,43,42,67,207,102,10,60,107,55,44,64,28,62,53,51,128,157,304,55,96,19,98,103,24,42,121,59,13,80,37,82,108,63,99,39,68
348,346,154,56,412,75,343,111,144,163,305,414,679,250,218,243,284,708,387,53,249,361,204,132,218,98,260,199,187,471,539,1038,202,369,81,414,351,71,189,370,253,80,131,150,291,333,251,373,147,233
162,145,72,34,203,43,217,64,60,81,136,201,333,107,92,111,135,343,159,25,105,222,122,81,108,47,106,78,89,233,291,490,85,203,41,188,190,43,90,204,118,37,150,41,162,162,131,195,62,132
437,341,157,66,429,92,387,131,141,171,362,466,692,272,234,258,302,715,376,37,217,411,236,148,254,86,241,169,205,487,595,1071,222,381,109,438,372,76,196,462,244,82,291,162,166,381,245,424,150,301
454,450,200,70,478,84,437,151,144,215,422,499,793,307,213,285,341,847,429,61,263,484,261,205,319,110,313,224,231,584,717,1225,236,393,109,511,413,68,237,482,276,108,333,162,381,219,296,499,163,335
330,271,124,47,349,69,300,93,105,136,273,379,547,184,165,188,232,554,291,36,179,331,190,115,180,68,188,151,152,383,497,895,164,283,73,354,288,71,153,352,200,63,251,131,245,296,91,349,109,215
485,452,229,77,482,102,511,161,162,219,442,579,937,347,301,314,395,927,509,68,304,516,333,223,360,131,342,243,261,641,736,1390,291,529,85,570,504,101,227,534,357,99,373,195,424,499,349,290,171,372
160,163,70,22,188,32,181,46,58,76,147,202,329,123,103,115,143,319,176,27,109,194,127,65,134,45,134,90,110,213,300,504,95,186,43,214,166,28,74,189,136,39,147,62,150,163,109,171,27,144
365,323,136,53,357,68,356,88,101,151,320,362,646,240,196,237,256,603,350,35,191,355,261,141,212,78,232,121,165,421,492,971,202,310,86,337,320,55,171,369,193,68,233,132,301,335,215,372,144,116
