286,461,213,88,498,112,492,164,189,252,472,553,844,397,315,361,395,825,525,71,323,504,308,199,368,144,348,308,305,621,690,1143,250,500,103,524,529,97,270,508,294,122,367,197,449,395,345,504,171,379
461,162,180,85,455,110,421,136,128,156,364,453,767,269,222,246,312,804,429,55,236,449,251,168,277,113,299,190,209,550,687,1229,237,433,118,433,414,66,219,482,310,86,346,150,347,415,265,439,179,307
213,180,50,42,189,47,194,56,52,79,165,213,360,123,88,109,137,364,221,17,105,185,120,76,131,53,125,88,112,246,316,576,117,208,58,185,171,32,99,237,144,33,163,82,151,163,126,183,82,127
88,85,42,9,78,14,93,33,23,31,69,101,136,66,57,58,58,140,91,11,67,83,52,44,65,20,60,42,52,104,118,228,48,88,20,109,83,18,55,94,63,19,59,36,78,78,73,97,28,56
498,455,189,78,250,89,509,144,171,205,421,529,935,351,288,318,333,917,531,59,298,510,335,215,350,124,351,246,283,642,726,1393,262,484,116,554,467,88,264,574,332,113,388,199,452,446,333,522,193,348
112,110,47,14,89,6,96,46,28,32,75,133,191,66,66,60,77,183,112,13,67,98,68,52,80,34,85,57,64,165,157,306,60,107,23,134,103,19,76,116,83,14,79,51,89,106,74,113,37,71
492,421,194,93,509,96,212,149,167,188,398,534,894,318,292,287,372,884,519,63,276,500,315,199,324,124,331,237,249,649,745,1311,287,455,105,573,432,91,254,558,351,84,375,177,357,475,298,528,192,332
164,136,56,33,144,46,149,37,43,72,147,156,258,99,71,65,101,276,129,22,78,147,88,53,115,40,96,69,70,202,234,414,83,149,29,181,150,23,74,173,96,27,113,64,132,143,90,175,59,99
189,128,52,23,171,28,167,43,19,61,137,192,306,104,87,95,134,279,176,23,88,161,108,61,107,35,98,60,71,222,242,490,101,163,31,177,157,22,101,176,116,37,123,64,133,156,99,192,52,123
252,156,79,31,205,32,188,72,61,41,162,220,344,166,123,116,167,359,221,38,131,234,138,98,126,61,148,92,108,242,317,539,98,196,49,252,200,39,104,194,113,43,153,70,170,194,142,217,70,141
472,364,165,69,421,75,398,147,137,162,169,491,757,285,220,240,332,781,425,65,234,464,252,179,249,115,277,199,201,558,635,1121,235,413,91,455,426,73,234,432,302,72,305,164,348,404,257,421,166,277
553,453,213,101,529,133,534,156,192,220,491,316,1005,381,278,284,421,1048,560,69,309,558,323,243,345,155,379,268,259,736,827,1624,309,547,145,632,541,102,295,609,356,128,441,186,435,531,328,587,200,346
844,767,360,136,935,191,894,258,306,344,757,1005,779,608,478,506,658,1458,918,118,496,933,570,362,613,233,637,416,438,1162,1401,2445,481,827,203,1005,781,156,479,1019,623,200,652,361,745,887,601,943,312,609
397,269,123,66,351,66,318,99,104,166,285,381,608,115,180,189,257,551,332,49,180,348,216,121,202,74,206,155,163,393,504,885,202,319,69,332,328,44,173,345,213,55,267,94,238,318,199,360,134,230
315,222,88,57,288,66,292,71,87,123,220,278,478,180,60,118,192,465,279,31,147,274,145,107,168,87,192,112,151,337,439,719,132,268,54,276,244,39,105,284,179,67,196,96,203,268,148,288,90,182
361,246,109,58,318,60,287,65,95,116,240,284,506,189,118,73,227,509,297,42,138,275,173,129,159,87,217,150,156,382,435,811,168,301,59,324,259,52,111,298,174,56,227,90,219,293,143,299,110,206
395,312,137,58,333,77,372,101,134,167,332,421,658,257,192,227,135,631,354,47,208,352,209,137,218,101,240,182,209,443,558,1044,228,350,92,395,362,71,176,412,214,85,311,127,284,358,232,390,141,251
825,804,364,140,917,183,884,276,279,359,781,1048,1458,551,465,509,631,798,915,117,509,920,523,367,624,226,616,411,459,1102,1403,2475,502,846,209,1024,844,138,479,1040,644,216,668,352,719,858,539,963,318,627
525,429,221,91,531,112,519,129,176,221,425,560,918,332,279,297,354,915,259,70,256,514,330,194,351,122,328,228,254,624,759,1426,292,458,111,540,508,105,227,559,316,106,394,201,412,481,306,568,199,367
71,55,17,11,59,13,63,22,23,38,65,69,118,49,31,42,47,117,70,2,35,63,40,29,46,15,36,25,42,73,92,180,27,56,9,56,74,6,29,79,45,14,52,19,50,59,48,64,29,36
323,236,105,67,298,67,276,78,88,131,234,309,496,180,147,138,208,509,256,35,80,297,189,115,186,62,163,144,159,336,422,790,160,282,62,277,261,52,141,287,183,58,214,93,227,243,169,309,104,178
504,449,185,83,510,98,500,147,161,234,464,558,933,348,274,275,352,920,514,63,297,293,353,202,355,153,364,237,253,656,778,1439,290,477,127,520,521,82,243,554,331,112,383,189,409,468,313,517,213,359
308,251,120,52,335,68,315,88,108,138,252,323,570,216,145,173,209,523,330,40,189,353,94,111,196,91,195,168,169,375,456,846,152,308,67,283,291,49,138,300,220,69,220,92,233,265,181,320,106,219
199,168,76,44,215,52,199,53,61,98,179,243,362,121,107,129,137,367,194,29,115,202,111,44,138,40,121,84,87,278,328,567,99,206,46,210,215,41,100,194,127,38,168,79,141,188,119,208,84,144
368,277,131,65,350,80,324,115,107,126,249,345,613,202,168,159,218,624,351,46,186,355,196,138,118,88,227,170,159,437,550,941,180,360,80,318,328,55,165,365,238,76,228,135,242,306,214,354,131,215
144,113,53,20,124,34,124,40,35,61,115,155,233,74,87,87,101,226,122,15,62,153,91,40,88,15,73,48,74,139,195,367,74,124,38,127,124,23,51,139,87,32,92,44,104,113,84,136,46,105
348,299,125,60,351,85,331,96,98,148,277,379,637,206,192,217,240,616,328,36,163,364,195,121,227,73,120,154,158,417,537,954,196,339,81,360,339,65,156,362,236,62,270,114,264,299,207,343,133,251
308,190,88,42,246,57,237,69,60,92,199,268,416,155,112,150,182,411,228,25,144,237,168,84,170,48,154,53,128,272,347,671,130,232,62,257,226,38,109,199,146,63,170,76,188,216,161,239,88,150
305,209,112,52,283,64,249,70,71,108,201,259,438,163,151,156,209,459,254,42,159,253,169,87,159,74,158,128,69,331,394,686,139,241,66,254,234,53,138,247,172,40,211,101,184,206,154,261,102,193
621,550,246,104,642,165,649,202,222,242,558,736,1162,393,337,382,443,1102,624,73,336,656,375,278,437,139,417,272,331,406,1008,1844,357,599,148,648,634,110,323,741,414,117,503,244,522,578,397,632,242,404
690,687,316,118,726,157,745,234,242,317,635,827,1401,504,439,435,558,1403,759,92,422,778,456,328,550,195,537,347,394,1008,525,2128,411,705,180,808,713,127,377,828,541,166,564,291,642,679,497,766,275,483
1143,1229,576,228,1393,306,1311,414,490,539,1121,1624,2445,885,719,811,1044,2475,1426,180,790,1439,846,567,941,367,954,671,686,1844,2128,1960,774,1252,316,1585,1243,234,711,1486,917,284,1039,553,1133,1376,905,1436,501,936
250,237,117,48,262,60,287,83,101,98,235,309,481,202,132,168,228,502,292,27,160,290,152,99,180,74,196,130,139,357,411,774,71,258,58,304,251,51,148,294,207,52,196,104,226,271,158,286,93,169
500,433,208,88,484,107,455,149,163,196,413,547,827,319,268,301,350,846,458,56,282,477,308,206,360,124,339,232,241,599,705,1252,258,245,113,537,436,87,278,481,338,92,354,200,401,415,329,520,180,324
103,118,58,20,116,23,105,29,31,49,91,145,203,69,54,59,92,209,111,9,62,127,67,46,80,38,81,62,66,148,180,316,58,113,12,139,122,25,62,135,80,20,87,37,101,111,71,116,31,84
524,433,185,109,554,134,573,181,177,252,455,632,1005,332,276,324,395,1024,540,56,277,520,283,210,318,127,360,257,254,648,808,1585,304,537,139,286,524,90,283,615,323,119,400,216,403,489,355,542,229,350
529,414,171,83,467,103,432,150,157,200,426,541,781,328,244,259,362,844,508,74,261,521,291,215,328,124,339,226,234,634,713,1243,251,436,122,524,232,86,249,510,317,100,372,163,391,428,299,525,173,321
97,66,32,18,88,19,91,23,22,39,73,102,156,44,39,52,71,138,105,6,52,82,49,41,55,23,65,38,53,110,127,234,51,87,25,90,86,6,48,110,48,24,55,31,73,67,43,81,25,56
270,219,99,55,264,76,254,74,101,104,234,295,479,173,105,111,176,479,227,29,141,243,138,100,165,51,156,109,138,323,377,711,148,278,62,283,249,48,74,283,150,46,206,77,209,242,159,295,88,177
508,482,237,94,574,116,558,173,176,194,432,609,1019,345,284,298,412,1040,559,79,287,554,300,194,365,139,362,199,247,741,828,1486,294,481,135,615,510,110,283,322,356,111,397,209,444,513,341,575,210,339
294,310,144,63,332,83,351,96,116,113,302,356,623,213,179,174,214,644,316,45,183,331,220,127,238,87,236,146,172,414,541,917,207,338,80,323,317,48,150,356,126,69,224,124,270,300,220,351,133,215
122,86,33,19,113,14,84,27,37,43,72,128,200,55,67,56,85,216,106,14,58,112,69,38,76,32,62,63,40,117,166,284,52,92,20,119,100,24,46,111,69,8,82,39,87,111,73,115,44,72
367,346,163,59,388,79,375,113,123,153,305,441,652,267,196,227,311,668,394,52,214,383,220,168,228,92,270,170,211,503,564,1039,196,354,87,400,372,55,206,397,224,82,151,144,302,331,250,394,125,281
197,150,82,36,199,51,177,64,64,70,164,186,361,94,96,90,127,352,201,19,93,189,92,79,135,44,114,76,101,244,291,553,104,200,37,216,163,31,77,209,124,39,144,34,153,193,117,223,75,127
449,347,151,78,452,89,357,132,133,170,348,435,745,238,203,219,284,719,412,50,227,409,233,141,242,104,264,188,184,522,642,1133,226,401,101,403,391,73,209,444,270,87,302,153,146,358,252,419,151,270
395,415,163,78,446,106,475,143,156,194,404,531,887,318,268,293,358,858,481,59,243,468,265,188,306,113,299,216,206,578,679,1376,271,415,111,489,428,67,242,513,300,111,331,193,358,209,280,522,157,310
345,265,126,73,333,74,298,90,99,142,257,328,601,199,148,143,232,539,306,48,169,313,181,119,214,84,207,161,154,397,497,905,158,329,71,355,299,43,159,341,220,73,250,117,252,280,94,335,120,224
504,439,183,97,522,113,528,175,192,217,421,587,943,360,288,299,390,963,568,64,309,517,320,208,354,136,343,239,261,632,766,1436,286,520,116,542,525,81,295,575,351,115,394,223,419,522,335,267,202,376
171,179,82,28,193,37,192,59,52,70,166,200,312,134,90,110,141,318,199,29,104,213,106,84,131,46,133,88,102,242,275,501,93,180,31,229,173,25,88,210,133,44,125,75,151,157,120,202,30,114
379,307,127,56,348,71,332,99,123,141,277,346,609,230,182,206,251,627,367,36,178,359,219,144,215,105,251,150,193,404,483,936,169,324,84,350,321,56,177,339,215,72,281,127,270,310,224,376,114,112
