268,418,199,106,487,112,468,192,178,239,427,531,845,390,303,324,371,827,512,74,293,498,344,208,349,157,375,261,268,624,710,1224,255,517,133,528,487,82,255,464,352,111,357,172,425,444,328,502,175,360
418,203,176,78,423,93,412,124,147,189,369,497,778,286,254,274,304,744,446,46,243,456,278,180,283,108,290,187,219,568,666,1246,226,397,99,433,419,73,219,516,288,83,342,164,370,436,262,479,159,281
199,176,38,38,185,45,212,70,59,81,187,228,357,142,91,97,121,331,209,16,113,207,112,98,141,51,142,81,129,222,294,594,122,196,40,196,217,33,118,214,125,42,165,74,180,181,140,217,83,141
106,78,38,7,88,13,71,21,31,37,74,95,152,47,48,51,74,137,93,11,57,88,52,41,62,29,69,39,53,108,130,221,40,74,14,101,83,16,47,103,58,17,77,29,76,77,42,95,24,69
487,423,185,88,267,101,535,152,159,207,398,552,932,337,254,298,403,925,495,73,291,507,289,229,381,132,328,239,241,652,775,1428,282,461,120,518,483,77,248,582,325,99,418,193,431,461,335,536,210,330
112,93,45,13,101,9,88,41,40,51,110,134,207,59,72,68,99,186,125,15,68,106,72,51,73,36,95,49,70,164,157,290,64,103,22,133,119,21,51,118,73,25,85,37,92,100,59,129,39,91
468,412,212,71,535,88,222,157,153,199,430,515,874,292,260,272,359,819,527,73,272,513,284,185,321,128,349,204,286,626,739,1365,273,464,95,507,469,79,242,522,310,111,382,195,391,455,307,521,174,352
192,124,70,21,152,41,157,32,61,70,146,173,291,100,98,94,128,293,168,18,75,154,99,60,108,38,108,95,100,187,234,418,82,145,37,155,162,31,70,126,103,31,129,57,126,133,105,174,65,130
178,147,59,31,159,40,153,61,19,66,150,184,292,114,83,100,113,317,156,17,87,154,112,83,110,33,112,66,97,210,248,492,98,145,37,163,160,21,93,185,104,41,120,67,151,140,113,165,63,108
239,189,81,37,207,51,199,70,66,51,175,221,377,136,123,130,152,374,235,14,132,215,152,76,137,47,139,105,103,217,344,575,114,174,49,211,194,32,94,210,139,36,152,76,176,189,123,232,71,132
427,369,187,74,398,110,430,146,150,175,184,438,750,290,244,253,326,780,447,43,248,445,283,176,265,116,278,222,214,521,685,1172,232,376,104,421,407,85,198,439,257,89,328,167,351,410,234,447,178,292
531,497,228,95,552,134,515,173,184,221,438,327,1051,341,265,334,409,1071,573,88,316,566,326,216,370,143,379,244,289,735,861,1567,295,512,134,553,512,87,305,617,375,110,473,196,421,548,367,590,211,366
845,778,357,152,932,207,874,291,292,377,750,1051,866,586,428,503,670,1509,933,111,532,951,563,352,628,240,592,436,511,1182,1377,2523,525,850,214,952,830,144,473,984,619,195,733,354,746,860,586,944,348,656
390,286,142,47,337,59,292,100,114,136,290,341,586,94,184,209,242,550,316,41,176,302,169,127,199,88,195,140,151,403,502,942,192,304,71,321,318,45,169,329,203,58,249,138,253,314,189,321,119,232
303,254,91,48,254,72,260,98,83,123,244,265,428,184,65,140,186,473,296,32,125,281,162,119,167,68,174,114,146,315,428,742,131,281,53,271,274,45,147,292,177,44,203,109,203,237,169,280,108,190
324,274,97,51,298,68,272,94,100,130,253,334,503,209,140,76,191,492,271,41,159,279,186,124,199,85,165,142,144,333,450,816,163,283,52,276,293,48,141,295,196,44,235,128,228,272,198,305,117,184
371,304,121,74,403,99,359,128,113,152,326,409,670,242,186,191,142,662,374,45,205,412,239,151,238,75,208,147,187,476,514,1014,203,352,75,390,351,67,172,371,258,73,280,136,289,351,222,365,137,233
827,744,331,137,925,186,819,293,317,374,780,1071,1509,550,473,492,662,826,921,109,527,914,524,348,623,232,608,418,481,1104,1414,2565,512,834,221,1010,770,166,440,966,629,197,681,326,707,844,565,903,359,634
512,446,209,93,495,125,527,168,156,235,447,573,933,316,296,271,374,921,224,66,297,474,315,213,350,148,342,227,251,644,714,1411,276,462,127,559,474,78,252,548,321,93,399,199,418,450,355,564,196,341
74,46,16,11,73,15,73,18,17,14,43,88,111,41,32,41,45,109,66,3,32,66,28,24,32,15,34,23,18,88,88,191,25,61,16,66,69,9,37,60,54,12,59,20,34,47,32,69,20,36
293,243,113,57,291,68,272,75,87,132,248,316,532,176,125,159,205,527,297,32,68,297,180,102,171,83,196,125,145,351,424,867,154,258,67,272,269,60,142,266,192,49,213,103,219,252,169,297,102,190
498,456,207,88,507,106,513,154,154,215,445,566,951,302,281,279,412,914,474,66,297,247,301,192,305,140,332,242,255,658,714,1399,272,475,114,572,478,90,255,576,327,109,406,206,352,454,318,541,176,328
344,278,112,52,289,72,284,99,112,152,283,326,563,169,162,186,239,524,315,28,180,301,89,119,175,74,181,135,146,352,441,871,147,305,66,311,287,60,167,321,204,64,239,118,230,286,182,312,121,227
208,180,98,41,229,51,185,60,83,76,176,216,352,127,119,124,151,348,213,24,102,192,119,36,130,52,129,95,107,258,290,552,118,201,49,201,182,39,102,221,131,36,151,86,143,187,119,208,73,145
349,283,141,62,381,73,321,108,110,137,265,370,628,199,167,199,238,623,350,32,171,305,175,130,120,96,228,150,176,440,498,1006,189,303,65,341,319,59,173,375,215,69,252,127,258,313,204,331,126,216
157,108,51,29,132,36,128,38,33,47,116,143,240,88,68,85,75,232,148,15,83,140,74,52,96,17,68,43,83,166,195,380,64,101,26,131,123,24,62,148,75,27,95,42,122,119,80,150,58,89
375,290,142,69,328,95,349,108,112,139,278,379,592,195,174,165,208,608,342,34,196,332,181,129,228,68,106,131,192,416,520,979,195,300,74,322,330,55,173,382,227,66,264,129,292,305,212,386,140,221
261,187,81,39,239,49,204,95,66,105,222,244,436,140,114,142,147,418,227,23,125,242,135,95,150,43,131,41,120,307,378,650,136,222,49,231,218,37,118,225,139,47,180,73,170,202,145,246,87,161
268,219,129,53,241,70,286,100,97,103,214,289,511,151,146,144,187,481,251,18,145,255,146,107,176,83,192,120,67,301,386,757,168,277,58,264,275,40,127,283,147,63,189,97,220,235,174,272,107,164
624,568,222,108,652,164,626,187,210,217,521,735,1182,403,315,333,476,1104,644,88,351,658,352,258,440,166,416,307,301,384,992,1805,358,617,155,638,577,115,325,674,413,125,509,218,504,578,421,635,247,438
710,666,294,130,775,157,739,234,248,344,685,861,1377,502,428,450,514,1414,714,88,424,714,441,290,498,195,520,378,386,992,565,2161,436,767,166,812,682,141,363,839,501,166,556,313,607,703,497,738,301,494
1224,1246,594,221,1428,290,1365,418,492,575,1172,1567,2523,942,742,816,1014,2565,1411,191,867,1399,871,552,1006,380,979,650,757,1805,2161,2007,769,1289,320,1557,1231,244,715,1555,938,305,1071,518,1102,1296,861,1420,499,940
255,226,122,40,282,64,273,82,98,114,232,295,525,192,131,163,203,512,276,25,154,272,147,118,189,64,195,136,168,358,436,769,86,251,63,300,254,43,141,278,193,55,197,103,229,249,167,267,102,190
517,397,196,74,461,103,464,145,145,174,376,512,850,304,281,283,352,834,462,61,258,475,305,201,303,101,300,222,277,617,767,1289,251,200,100,510,460,91,225,524,313,92,345,169,385,403,296,504,163,303
133,99,40,14,120,22,95,37,37,49,104,134,214,71,53,52,75,221,127,16,67,114,66,49,65,26,74,49,58,155,166,320,63,100,10,129,103,22,51,124,77,23,104,37,100,96,72,145,38,68
528,433,196,101,518,133,507,155,163,211,421,553,952,321,271,276,390,1010,559,66,272,572,311,201,341,131,322,231,264,638,812,1557,300,510,129,304,530,86,241,610,369,96,430,203,417,561,329,578,203,348
487,419,217,83,483,119,469,162,160,194,407,512,830,318,274,293,351,770,474,69,269,478,287,182,319,123,330,218,275,577,682,1231,254,460,103,530,236,69,244,499,312,98,365,171,403,427,311,510,171,319
82,73,33,16,77,21,79,31,21,32,85,87,144,45,45,48,67,166,78,9,60,90,60,39,59,24,55,37,40,115,141,244,43,91,22,86,69,7,54,92,51,15,64,31,69,71,59,82,28,70
255,219,118,47,248,51,242,70,93,94,198,305,473,169,147,141,172,440,252,37,142,255,167,102,173,62,173,118,127,325,363,715,141,225,51,241,244,54,51,243,133,50,179,86,195,222,164,279,94,153
464,516,214,103,582,118,522,126,185,210,439,617,984,329,292,295,371,966,548,60,266,576,321,221,375,148,382,225,283,674,839,1555,278,524,124,610,499,92,243,293,353,100,404,198,461,492,348,534,214,362
352,288,125,58,325,73,310,103,104,139,257,375,619,203,177,196,258,629,321,54,192,327,204,131,215,75,227,139,147,413,501,938,193,313,77,369,312,51,133,353,106,70,265,126,252,292,208,335,142,224
111,83,42,17,99,25,111,31,41,36,89,110,195,58,44,44,73,197,93,12,49,109,64,36,69,27,66,47,63,125,166,305,55,92,23,96,98,15,50,100,70,10,69,44,82,94,67,115,47,71
357,342,165,77,418,85,382,129,120,152,328,473,733,249,203,235,280,681,399,59,213,406,239,151,252,95,264,180,189,509,556,1071,197,345,104,430,365,64,179,404,265,69,150,152,302,355,276,390,150,270
172,164,74,29,193,37,195,57,67,76,167,196,354,138,109,128,136,326,199,20,103,206,118,86,127,42,129,73,97,218,313,518,103,169,37,203,171,31,86,198,126,44,152,40,166,176,128,218,73,133
425,370,180,76,431,92,391,126,151,176,351,421,746,253,203,228,289,707,418,34,219,352,230,143,258,122,292,170,220,504,607,1102,229,385,100,417,403,69,195,461,252,82,302,166,163,347,251,416,152,296
444,436,181,77,461,100,455,133,140,189,410,548,860,314,237,272,351,844,450,47,252,454,286,187,313,119,305,202,235,578,703,1296,249,403,96,561,427,71,222,492,292,94,355,176,347,194,284,480,152,303
328,262,140,42,335,59,307,105,113,123,234,367,586,189,169,198,222,565,355,32,169,318,182,119,204,80,212,145,174,421,497,861,167,296,72,329,311,59,164,348,208,67,276,128,251,284,100,326,113,206
502,479,217,95,536,129,521,174,165,232,447,590,944,321,280,305,365,903,564,69,297,541,312,208,331,150,386,246,272,635,738,1420,267,504,145,578,510,82,279,534,335,115,390,218,416,480,326,270,203,400
175,159,83,24,210,39,174,65,63,71,178,211,348,119,108,117,137,359,196,20,102,176,121,73,126,58,140,87,107,247,301,499,102,163,38,203,171,28,94,214,142,47,150,73,152,152,113,203,37,133
360,281,141,69,330,91,352,130,108,132,292,366,656,232,190,184,233,634,341,36,190,328,227,145,216,89,221,161,164,438,494,940,190,303,68,348,319,70,153,362,224,71,270,133,296,303,206,400,133,101
