229,502,203,96,484,112,485,183,166,256,432,552,779,355,306,350,348,806,531,84,316,558,347,191,384,164,385,293,287,625,715,1205,252,474,110,543,488,74,273,479,350,116,390,194,436,429,349,491,170,345
502,177,171,80,466,113,410,129,131,195,374,513,792,307,234,239,339,792,462,76,262,478,230,159,270,121,276,201,209,535,667,1179,235,419,101,461,414,91,221,447,304,78,370,155,362,430,267,446,172,302
203,171,35,22,189,39,189,73,53,85,177,216,376,113,117,103,144,373,193,29,131,199,115,81,137,44,119,97,94,260,304,606,118,177,51,221,177,29,109,198,112,44,173,77,153,214,113,229,92,136
96,80,22,7,98,15,84,34,23,49,82,88,148,64,44,55,65,133,78,10,70,77,51,35,49,22,55,41,48,110,107,222,41,72,16,96,82,24,43,81,67,19,76,36,92,72,56,77,29,64
484,466,189,98,239,136,508,155,176,214,434,574,940,357,268,295,357,946,506,74,289,552,318,224,358,118,347,231,260,624,792,1471,311,469,115,512,519,97,248,557,355,105,370,194,434,478,352,532,220,380
112,113,39,15,136,10,102,39,29,56,89,128,196,79,63,78,75,216,109,21,79,119,66,49,80,26,88,61,61,146,164,303,53,101,15,121,99,30,59,111,66,32,93,46,113,116,66,109,39,95
485,410,189,84,508,102,234,143,155,211,429,576,900,331,260,311,336,894,486,71,295,482,313,204,303,138,349,267,253,601,719,1396,269,458,101,508,446,102,250,494,309,96,376,185,413,468,300,497,177,313
183,129,73,34,155,39,143,18,44,64,125,164,261,108,84,110,104,280,160,25,64,184,75,55,83,35,95,76,87,179,252,411,70,151,29,149,141,23,67,161,96,34,135,47,108,156,92,146,43,100
166,131,53,23,176,29,155,44,19,68,131,176,319,116,74,76,110,310,165,14,100,164,98,69,108,37,118,75,92,216,256,427,85,134,28,185,158,14,83,176,106,40,131,52,153,142,99,174,56,102
256,195,85,49,214,56,211,64,68,47,168,211,368,148,118,124,171,385,193,26,120,206,150,83,147,56,144,103,125,276,335,582,115,199,46,232,181,24,104,243,130,44,174,70,181,176,139,213,70,142
432,374,177,82,434,89,429,125,131,168,190,484,755,312,228,246,332,746,402,54,246,456,253,162,285,114,322,211,243,520,638,1130,236,429,102,470,394,70,211,469,273,99,312,152,376,381,290,434,169,313
552,513,216,88,574,128,576,164,176,211,484,321,1040,345,280,302,387,1024,594,63,323,597,343,229,422,142,418,256,276,693,912,1661,342,570,125,612,561,108,258,619,374,127,435,230,467,563,398,617,229,399
779,792,376,148,940,196,900,261,319,368,755,1040,798,624,473,484,655,1460,968,124,548,992,576,368,629,225,631,416,459,1144,1344,2359,490,931,237,930,874,183,430,978,620,188,695,332,721,870,630,909,349,574
355,307,113,64,357,79,331,108,116,148,312,345,624,109,165,200,229,598,334,44,198,348,185,135,222,73,229,124,161,393,546,954,193,312,77,316,328,51,157,397,187,62,270,125,280,292,220,364,128,233
306,234,117,44,268,63,260,84,74,118,228,280,473,165,74,123,190,490,249,30,140,283,171,118,184,59,167,118,116,355,426,763,144,263,60,278,247,57,119,293,167,52,242,105,198,255,179,292,97,180
350,239,103,55,295,78,311,110,76,124,246,302,484,200,123,70,208,497,288,47,133,320,178,111,179,56,169,135,124,370,444,795,153,289,73,296,268,46,150,319,179,61,228,108,216,269,177,322,112,199
348,339,144,65,357,75,336,104,110,171,332,387,655,229,190,208,143,620,390,49,193,414,247,143,254,104,270,177,203,499,558,1034,216,350,78,372,352,51,194,406,244,75,274,125,288,335,233,378,131,247
806,792,373,133,946,216,894,280,310,385,746,1024,1460,598,490,497,620,815,949,111,539,933,536,354,594,210,625,400,432,1135,1368,2472,474,902,222,941,845,175,450,988,623,188,675,338,674,881,603,935,355,561
531,462,193,78,506,109,486,160,165,193,402,594,968,334,249,288,390,949,250,75,296,470,298,212,376,136,345,241,251,641,786,1454,317,459,114,514,467,96,265,525,325,105,362,193,404,483,366,542,189,345
84,76,29,10,74,21,71,25,14,26,54,63,124,44,30,47,49,111,75,4,32,73,36,25,39,6,39,26,28,84,92,202,40,63,13,62,65,11,38,85,48,8,60,27,50,60,42,67,17,47
316,262,131,70,289,79,295,64,100,120,246,323,548,198,140,133,193,539,296,32,69,267,154,92,172,55,173,130,145,337,441,796,172,268,65,301,278,41,157,322,187,62,232,102,213,283,167,300,109,195
558,478,199,77,552,119,482,184,164,206,456,597,992,348,283,320,414,933,470,73,267,258,301,207,353,135,355,238,240,630,774,1440,295,446,117,562,474,78,270,559,360,112,404,192,405,488,327,568,190,357
347,230,115,51,318,66,313,75,98,150,253,343,576,185,171,178,247,536,298,36,154,301,82,123,209,83,184,129,144,390,454,845,166,280,49,334,282,50,137,305,188,55,249,121,247,252,197,313,102,209
191,159,81,35,224,49,204,55,69,83,162,229,368,135,118,111,143,354,212,25,92,207,123,44,129,69,138,86,100,277,310,600,103,191,39,201,173,37,100,207,167,40,138,83,164,186,125,212,78,122
384,270,137,49,358,80,303,83,108,147,285,422,629,222,184,179,254,594,376,39,172,353,209,129,103,89,211,150,159,407,558,965,167,326,82,331,309,70,189,366,219,68,246,120,241,309,199,334,136,228
164,121,44,22,118,26,138,35,37,56,114,142,225,73,59,56,104,210,136,6,55,135,83,69,89,22,83,57,52,150,180,354,55,113,32,134,112,21,64,155,84,29,92,46,92,97,83,138,45,91
385,276,119,55,347,88,349,95,118,144,322,418,631,229,167,169,270,625,345,39,173,355,184,138,211,83,115,128,160,383,495,985,170,310,78,337,306,49,186,378,230,71,223,128,261,297,197,331,120,239
293,201,97,41,231,61,267,76,75,103,211,256,416,124,118,135,177,400,241,26,130,238,129,86,150,57,128,53,123,312,370,624,132,220,41,240,222,34,114,255,168,37,178,110,181,226,130,255,92,168
287,209,94,48,260,61,253,87,92,125,243,276,459,161,116,124,203,432,251,28,145,240,144,100,159,52,160,123,70,301,366,672,112,253,62,253,232,36,138,256,161,50,203,102,195,229,138,277,102,195
625,535,260,110,624,146,601,179,216,276,520,693,1144,393,355,370,499,1135,641,84,337,630,390,277,407,150,383,312,301,415,953,1763,378,626,161,633,572,107,316,699,427,137,496,235,485,573,408,662,239,415
715,667,304,107,792,164,719,252,256,335,638,912,1344,546,426,444,558,1368,786,92,441,774,454,310,558,180,495,370,366,953,559,2103,424,724,198,796,661,141,373,833,516,164,599,287,617,745,489,797,279,481
1205,1179,606,222,1471,303,1396,411,427,582,1130,1661,2359,954,763,795,1034,2472,1454,202,796,1440,845,600,965,354,985,624,672,1763,2103,1969,733,1310,340,1569,1355,260,686,1531,965,280,1021,534,1192,1326,905,1405,530,932
252,235,118,41,311,53,269,70,85,115,236,342,490,193,144,153,216,474,317,40,172,295,166,103,167,55,170,132,112,378,424,733,62,271,54,306,248,47,112,284,199,66,198,101,203,276,171,291,98,187
474,419,177,72,469,101,458,151,134,199,429,570,931,312,263,289,350,902,459,63,268,446,280,191,326,113,310,220,253,626,724,1310,271,200,107,498,473,91,253,523,301,98,379,171,418,442,293,544,190,304
110,101,51,16,115,15,101,29,28,46,102,125,237,77,60,73,78,222,114,13,65,117,49,39,82,32,78,41,62,161,198,340,54,107,13,124,110,21,59,135,74,15,86,55,77,109,77,133,38,75
543,461,221,96,512,121,508,149,185,232,470,612,930,316,278,296,372,941,514,62,301,562,334,201,331,134,337,240,253,633,796,1569,306,498,124,279,502,98,285,601,354,115,417,213,408,506,309,547,205,368
488,414,177,82,519,99,446,141,158,181,394,561,874,328,247,268,352,845,467,65,278,474,282,173,309,112,306,222,232,572,661,1355,248,473,110,502,207,78,245,480,318,94,371,169,400,437,315,489,189,310
74,91,29,24,97,30,102,23,14,24,70,108,183,51,57,46,51,175,96,11,41,78,50,37,70,21,49,34,36,107,141,260,47,91,21,98,78,6,44,105,51,15,62,31,84,78,59,90,30,53
273,221,109,43,248,59,250,67,83,104,211,258,430,157,119,150,194,450,265,38,157,270,137,100,189,64,186,114,138,316,373,686,112,253,59,285,245,44,66,287,167,59,214,91,210,242,168,268,78,161
479,447,198,81,557,111,494,161,176,243,469,619,978,397,293,319,406,988,525,85,322,559,305,207,366,155,378,255,256,699,833,1531,284,523,135,601,480,105,287,284,352,141,383,190,427,528,363,587,200,374
350,304,112,67,355,66,309,96,106,130,273,374,620,187,167,179,244,623,325,48,187,360,188,167,219,84,230,168,161,427,516,965,199,301,74,354,318,51,167,352,103,76,276,142,268,339,241,353,144,226
116,78,44,19,105,32,96,34,40,44,99,127,188,62,52,61,75,188,105,8,62,112,55,40,68,29,71,37,50,137,164,280,66,98,15,115,94,15,59,141,76,12,74,35,91,103,64,102,33,67
390,370,173,76,370,93,376,135,131,174,312,435,695,270,242,228,274,675,362,60,232,404,249,138,246,92,223,178,203,496,599,1021,198,379,86,417,371,62,214,383,276,74,147,143,332,343,237,432,142,252
194,155,77,36,194,46,185,47,52,70,152,230,332,125,105,108,125,338,193,27,102,192,121,83,120,46,128,110,102,235,287,534,101,171,55,213,169,31,91,190,142,35,143,35,158,174,101,191,68,127
436,362,153,92,434,113,413,108,153,181,376,467,721,280,198,216,288,674,404,50,213,405,247,164,241,92,261,181,195,485,617,1192,203,418,77,408,400,84,210,427,268,91,332,158,166,371,245,463,161,299
429,430,214,72,478,116,468,156,142,176,381,563,870,292,255,269,335,881,483,60,283,488,252,186,309,97,297,226,229,573,745,1326,276,442,109,506,437,78,242,528,339,103,343,174,371,220,273,449,174,314
349,267,113,56,352,66,300,92,99,139,290,398,630,220,179,177,233,603,366,42,167,327,197,125,199,83,197,130,138,408,489,905,171,293,77,309,315,59,168,363,241,64,237,101,245,273,110,354,127,208
491,446,229,77,532,109,497,146,174,213,434,617,909,364,292,322,378,935,542,67,300,568,313,212,334,138,331,255,277,662,797,1405,291,544,133,547,489,90,268,587,353,102,432,191,463,449,354,286,206,345
170,172,92,29,220,39,177,43,56,70,169,229,349,128,97,112,131,355,189,17,109,190,102,78,136,45,120,92,102,239,279,530,98,190,38,205,189,30,78,200,144,33,142,68,161,174,127,206,27,105
345,302,136,64,380,95,313,100,102,142,313,399,574,233,180,199,247,561,345,47,195,357,209,122,228,91,239,168,195,415,481,932,187,304,75,368,310,53,161,374,226,67,252,127,299,314,208,345,105,101
