267,482,209,87,471,103,467,183,166,217,438,468,786,337,289,330,357,805,494,56,335,502,333,219,385,148,377,292,304,611,642,1234,227,444,108,477,440,85,222,478,293,111,369,169,432,392,324,562,150,379
482,176,184,60,449,90,402,128,128,167,359,489,753,259,231,232,329,781,466,44,240,478,262,185,247,93,289,204,227,505,700,1202,223,391,101,473,440,69,192,456,269,74,324,166,330,415,247,474,156,274
209,184,37,37,198,49,203,53,73,89,183,214,344,135,117,105,157,379,242,27,83,221,120,74,125,44,128,96,100,253,325,606,116,182,46,217,161,27,88,198,136,35,163,63,159,201,132,205,71,130
87,60,37,6,83,15,81,26,33,30,64,89,140,68,51,52,53,162,77,12,42,83,67,29,53,25,57,38,47,96,117,240,49,80,19,83,83,4,34,83,52,17,68,32,69,86,61,84,39,52
471,449,198,83,263,106,482,160,175,223,420,549,925,341,265,299,376,927,466,65,277,496,328,192,339,126,354,266,259,645,769,1384,278,517,102,521,494,82,271,564,353,109,383,189,361,479,348,511,191,382
103,90,49,15,106,11,90,36,35,59,101,120,199,77,58,64,72,206,106,14,66,104,87,40,74,34,73,60,70,136,167,309,67,103,17,108,94,14,59,121,81,26,96,44,86,108,58,111,32,65
467,402,203,81,482,90,229,155,162,214,394,535,810,333,281,275,358,857,494,69,257,502,293,184,320,112,322,222,250,565,734,1305,281,454,114,461,448,74,228,523,338,104,339,174,373,474,314,484,185,328
183,128,53,26,160,36,155,24,40,66,169,149,277,100,87,89,107,310,157,21,77,159,93,66,102,45,123,66,64,201,247,431,75,135,46,152,127,23,75,171,86,29,116,55,136,160,97,171,62,106
166,128,73,33,175,35,162,40,29,73,149,181,301,112,98,102,128,275,167,21,72,184,107,61,105,37,94,75,78,209,238,479,91,162,34,154,154,41,86,185,105,23,121,61,123,172,132,165,63,126
217,167,89,30,223,59,214,66,73,49,176,211,361,129,129,120,154,391,210,37,122,216,147,96,163,54,156,108,118,257,310,521,122,206,53,243,201,31,107,231,146,48,170,68,199,190,139,208,90,143
438,359,183,64,420,101,394,169,149,176,187,487,734,296,248,260,288,758,410,64,223,427,261,188,314,106,252,187,228,510,642,1108,225,386,88,493,393,72,208,470,246,90,308,151,358,416,251,432,150,277
468,489,214,89,549,120,535,149,181,211,487,273,967,352,279,312,370,953,570,74,336,550,327,212,350,142,373,269,293,655,869,1556,337,506,126,554,515,99,273,611,348,120,414,220,433,518,347,572,215,341
786,753,344,140,925,199,810,277,301,361,734,967,790,606,490,493,554,1405,862,126,530,874,550,341,587,246,620,394,468,1109,1347,2327,493,815,220,899,811,139,440,937,618,186,636,321,731,867,588,927,323,561
337,259,135,68,341,77,333,100,112,129,296,352,606,103,175,187,229,626,298,31,164,313,193,125,232,87,207,158,176,403,489,913,194,331,73,320,315,45,156,368,221,70,240,120,263,320,212,322,140,223
289,231,117,51,265,58,281,87,98,129,248,279,490,175,63,119,193,483,279,36,135,277,139,105,185,68,180,131,135,322,443,733,122,259,69,273,254,49,127,274,170,54,218,98,210,242,164,293,102,181
330,232,105,52,299,64,275,89,102,120,260,312,493,187,119,66,201,531,278,47,160,284,138,116,183,65,200,138,120,340,451,819,135,271,71,320,247,42,148,328,196,64,227,109,228,259,193,283,100,161
357,329,157,53,376,72,358,107,128,154,288,370,554,229,193,201,117,609,342,49,195,371,210,147,241,97,271,187,199,458,502,979,195,348,93,358,349,68,157,430,246,81,247,136,296,306,230,379,124,270
805,781,379,162,927,206,857,310,275,391,758,953,1405,626,483,531,609,770,913,128,565,918,527,334,593,228,611,384,493,1126,1326,2338,478,857,204,938,821,143,462,954,602,191,689,358,708,851,581,1004,316,577
494,466,242,77,466,106,494,157,167,210,410,570,862,298,279,278,342,913,250,69,289,477,271,205,349,103,356,214,254,609,733,1387,273,465,134,532,482,69,239,519,324,114,368,171,387,479,308,534,201,339
56,44,27,12,65,14,69,21,21,37,64,74,126,31,36,47,49,128,69,5,37,60,45,22,42,23,46,25,31,81,97,174,20,74,16,68,70,11,29,74,54,9,39,22,53,63,41,72,25,38
335,240,83,42,277,66,257,77,72,122,223,336,530,164,135,160,195,565,289,37,67,314,177,115,184,67,183,142,135,326,411,852,169,241,70,286,271,46,114,289,203,49,231,106,235,230,160,328,105,167
502,478,221,83,496,104,502,159,184,216,427,550,874,313,277,284,371,918,477,60,314,270,286,199,361,124,342,234,266,622,774,1419,295,497,144,551,491,88,252,559,379,95,408,192,412,500,327,485,215,346
333,262,120,67,328,87,293,93,107,147,261,327,550,193,139,138,210,527,271,45,177,286,83,121,205,87,205,146,138,344,454,794,147,306,62,304,301,44,151,315,204,49,258,103,245,295,186,319,106,233
219,185,74,29,192,40,184,66,61,96,188,212,341,125,105,116,147,334,205,22,115,199,121,37,140,59,131,89,103,231,292,574,123,198,48,219,193,29,89,201,131,32,143,85,162,196,99,199,76,143
385,247,125,53,339,74,320,102,105,163,314,350,587,232,185,183,241,593,349,42,184,361,205,140,117,90,216,157,152,416,507,923,183,315,75,327,322,63,168,343,226,63,247,92,252,326,199,343,133,215
148,93,44,25,126,34,112,45,37,54,106,142,246,87,68,65,97,228,103,23,67,124,87,59,90,17,74,67,73,141,166,344,72,135,26,116,135,21,81,112,82,27,87,32,106,118,65,119,40,78
377,289,128,57,354,73,322,123,94,156,252,373,620,207,180,200,271,611,356,46,183,342,205,131,216,74,115,158,172,411,509,945,187,307,64,340,322,53,183,350,255,76,239,104,264,327,206,351,126,223
292,204,96,38,266,60,222,66,75,108,187,269,394,158,131,138,187,384,214,25,142,234,146,89,157,67,158,52,126,288,332,641,112,221,56,255,228,38,123,257,149,54,174,85,192,201,151,260,89,155
304,227,100,47,259,70,250,64,78,118,228,293,468,176,135,120,199,493,254,31,135,266,138,103,152,73,172,126,63,295,382,718,127,253,48,270,264,40,109,289,160,44,206,98,193,255,166,296,103,156
611,505,253,96,645,136,565,201,209,257,510,655,1109,403,322,340,458,1126,609,81,326,622,344,231,416,141,411,288,295,373,927,1740,292,541,154,605,557,90,342,649,419,120,491,237,507,585,391,693,243,408
642,700,325,117,769,167,734,247,238,310,642,869,1347,489,443,451,502,1326,733,97,411,774,454,292,507,166,509,332,382,927,523,2056,397,707,166,770,698,144,384,768,516,161,534,258,634,684,476,775,276,498
1234,1202,606,240,1384,309,1305,431,479,521,1108,1556,2327,913,733,819,979,2338,1387,174,852,1419,794,574,923,344,945,641,718,1740,2056,1855,750,1280,300,1515,1311,214,689,1445,910,324,1015,536,1128,1284,870,1422,508,903
227,223,116,49,278,67,281,75,91,122,225,337,493,194,122,135,195,478,273,20,169,295,147,123,183,72,187,112,127,292,397,750,84,251,75,287,242,46,119,277,200,56,181,96,240,242,176,288,87,188
444,391,182,80,517,103,454,135,162,206,386,506,815,331,259,271,348,857,465,74,241,497,306,198,315,135,307,221,253,541,707,1280,251,224,105,492,416,74,240,503,302,89,351,158,422,434,301,462,195,311
108,101,46,19,102,17,114,46,34,53,88,126,220,73,69,71,93,204,134,16,70,144,62,48,75,26,64,56,48,154,166,300,75,105,17,117,103,14,66,113,81,27,103,40,72,91,67,123,44,75
477,473,217,83,521,108,461,152,154,243,493,554,899,320,273,320,358,938,532,68,286,551,304,219,327,116,340,255,270,605,770,1515,287,492,117,267,476,101,237,581,340,107,370,192,415,512,298,567,180,370
440,440,161,83,494,94,448,127,154,201,393,515,811,315,254,247,349,821,482,70,271,491,301,193,322,135,322,228,264,557,698,1311,242,416,103,476,225,75,218,456,323,78,327,174,389,422,282,468,177,302
85,69,27,4,82,14,74,23,41,31,72,99,139,45,49,42,68,143,69,11,46,88,44,29,63,21,53,38,40,90,144,214,46,74,14,101,75,7,48,94,53,17,69,26,68,80,51,93,29,54
222,192,88,34,271,59,228,75,86,107,208,273,440,156,127,148,157,462,239,29,114,252,151,89,168,81,183,123,109,342,384,689,119,240,66,237,218,48,52,251,142,51,189,84,201,233,158,250,96,157
478,456,198,83,564,121,523,171,185,231,470,611,937,368,274,328,430,954,519,74,289,559,315,201,343,112,350,257,289,649,768,1445,277,503,113,581,456,94,251,276,312,103,414,209,378,474,324,551,167,390
293,269,136,52,353,81,338,86,105,146,246,348,618,221,170,196,246,602,324,54,203,379,204,131,226,82,255,149,160,419,516,910,200,302,81,340,323,53,142,312,85,69,258,115,270,326,207,336,124,223
111,74,35,17,109,26,104,29,23,48,90,120,186,70,54,64,81,191,114,9,49,95,49,32,63,27,76,54,44,120,161,324,56,89,27,107,78,17,51,103,69,19,77,36,80,93,55,130,49,84
369,324,163,68,383,96,339,116,121,170,308,414,636,240,218,227,247,689,368,39,231,408,258,143,247,87,239,174,206,491,534,1015,181,351,103,370,327,69,189,414,258,77,172,127,312,357,245,397,119,259
169,166,63,32,189,44,174,55,61,68,151,220,321,120,98,109,136,358,171,22,106,192,103,85,92,32,104,85,98,237,258,536,96,158,40,192,174,26,84,209,115,36,127,38,147,178,104,181,60,134
432,330,159,69,361,86,373,136,123,199,358,433,731,263,210,228,296,708,387,53,235,412,245,162,252,106,264,192,193,507,634,1128,240,422,72,415,389,68,201,378,270,80,312,147,171,398,243,395,164,262
392,415,201,86,479,108,474,160,172,190,416,518,867,320,242,259,306,851,479,63,230,500,295,196,326,118,327,201,255,585,684,1284,242,434,91,512,422,80,233,474,326,93,357,178,398,207,295,464,176,272
324,247,132,61,348,58,314,97,132,139,251,347,588,212,164,193,230,581,308,41,160,327,186,99,199,65,206,151,166,391,476,870,176,301,67,298,282,51,158,324,207,55,245,104,243,295,88,309,112,203
562,474,205,84,511,111,484,171,165,208,432,572,927,322,293,283,379,1004,534,72,328,485,319,199,343,119,351,260,296,693,775,1422,288,462,123,567,468,93,250,551,336,130,397,181,395,464,309,277,176,386
150,156,71,39,191,32,185,62,63,90,150,215,323,140,102,100,124,316,201,25,105,215,106,76,133,40,126,89,103,243,276,508,87,195,44,180,177,29,96,167,124,49,119,60,164,176,112,176,26,119
379,274,130,52,382,65,328,106,126,143,277,341,561,223,181,161,270,577,339,38,167,346,233,143,215,78,223,155,156,408,498,903,188,311,75,370,302,54,157,390,223,84,259,134,262,272,203,386,119,126
