257,396,234,99,490,95,467,160,170,242,437,466,767,360,342,351,360,755,497,65,306,496,353,204,352,150,418,280,312,564,722,1148,247,485,91,465,493,92,266,464,300,102,376,166,447,395,351,501,160,376
396,165,165,83,469,85,417,148,123,183,368,453,854,290,240,261,325,806,421,49,270,428,267,160,260,94,293,202,201,542,687,1253,255,439,89,426,407,80,236,467,279,99,322,147,343,426,274,455,162,307
234,165,44,32,194,46,196,57,85,83,189,197,349,131,110,110,150,358,227,20,110,205,119,76,116,43,135,98,98,237,330,567,96,199,42,218,199,34,87,214,118,43,163,76,162,202,117,208,71,150
99,83,32,4,80,15,71,28,21,41,71,95,134,53,54,57,67,144,81,12,51,83,65,36,61,30,63,37,49,125,128,197,47,80,17,101,80,10,30,83,54,13,79,37,79,73,61,88,40,66
490,469,194,80,266,119,501,150,162,225,463,561,916,383,255,278,346,908,524,78,312,568,322,225,340,127,355,233,264,645,772,1436,277,457,115,500,461,83,246,566,340,109,363,199,418,476,348,545,194,367
95,85,46,15,119,6,96,32,34,50,100,119,189,76,71,83,82,188,98,12,68,101,82,56,82,39,79,56,54,146,152,274,71,105,25,125,110,20,41,125,75,24,96,38,111,92,77,119,53,78
467,417,196,71,501,96,224,139,161,207,401,540,828,306,278,296,354,808,520,56,296,507,291,199,298,131,314,242,225,630,715,1295,273,460,101,509,437,72,211,537,287,109,373,187,376,435,298,446,166,339
160,148,57,28,150,32,139,19,51,66,135,175,253,105,87,82,114,252,159,20,79,159,100,60,91,38,94,80,88,178,235,427,74,134,34,158,149,26,68,160,92,23,117,53,138,148,100,177,57,99
170,123,85,21,162,34,161,51,32,52,128,185,300,106,89,97,100,275,168,22,90,163,94,76,105,22,92,78,80,188,247,439,86,165,32,144,154,25,77,190,127,41,132,51,140,165,104,176,66,103
242,183,83,41,225,50,207,66,52,53,175,228,359,137,135,123,145,345,214,27,115,226,140,79,159,47,153,98,120,261,328,571,114,194,36,214,209,38,105,230,150,51,166,77,189,193,143,232,83,143
437,368,189,71,463,100,401,135,128,175,188,505,792,302,251,245,309,771,444,54,226,442,269,165,312,102,286,241,254,556,664,1185,247,403,88,421,392,73,207,485,263,91,347,164,407,383,299,458,165,299
466,453,197,95,561,119,540,175,185,228,505,300,941,360,292,310,372,945,579,68,320,568,349,229,363,161,403,259,300,702,870,1545,317,534,140,553,519,86,279,632,369,115,440,197,474,503,376,595,226,385
767,854,349,134,916,189,828,253,300,359,792,941,788,618,475,520,628,1365,954,109,518,900,513,362,582,228,641,462,422,1181,1317,2363,458,828,196,912,869,160,401,974,596,194,670,323,747,787,582,926,314,624
360,290,131,53,383,76,306,105,106,137,302,360,618,109,155,189,215,597,336,42,185,315,208,134,192,54,192,155,162,418,487,916,195,325,71,313,332,38,163,376,197,70,283,121,279,307,198,308,120,241
342,240,110,54,255,71,278,87,89,135,251,292,475,155,70,139,203,470,271,33,148,278,150,101,174,69,167,112,108,321,450,744,151,245,53,296,269,35,141,314,179,51,180,82,208,226,150,285,88,197
351,261,110,57,278,83,296,82,97,123,245,310,520,189,139,83,208,536,266,41,167,288,148,110,193,75,187,129,131,361,440,816,168,249,57,289,260,41,140,290,191,69,231,98,226,260,180,331,107,209
360,325,150,67,346,82,354,114,100,145,309,372,628,215,203,208,125,627,370,47,186,363,192,145,231,83,246,176,177,445,553,983,192,353,92,343,333,67,171,403,242,72,278,144,291,326,246,392,147,230
755,806,358,144,908,188,808,252,275,345,771,945,1365,597,470,536,627,767,955,93,500,911,529,350,572,237,619,422,454,1154,1240,2300,442,871,178,921,856,171,423,944,613,186,655,307,728,773,559,884,284,602
497,421,227,81,524,98,520,159,168,214,444,579,954,336,271,266,370,955,260,75,282,491,332,196,347,125,344,239,244,657,771,1501,296,478,133,506,477,79,264,521,325,108,385,175,395,501,326,562,203,350
65,49,20,12,78,12,56,20,22,27,54,68,109,42,33,41,47,93,75,4,38,73,38,36,37,10,35,38,33,73,113,157,35,46,14,59,47,9,24,71,41,14,41,35,52,65,41,61,24,47
306,270,110,51,312,68,296,79,90,115,226,320,518,185,148,167,186,500,282,38,58,319,167,119,191,75,205,141,131,347,388,797,168,264,61,244,291,44,127,310,183,54,221,109,262,254,192,295,120,183
496,428,205,83,568,101,507,159,163,226,442,568,900,315,278,288,363,911,491,73,319,240,321,217,309,140,353,235,265,635,770,1406,284,446,142,505,500,73,267,546,321,116,378,174,431,509,308,523,192,369
353,267,119,65,322,82,291,100,94,140,269,349,513,208,150,148,192,529,332,38,167,321,92,132,177,72,220,114,151,331,478,793,152,269,70,304,270,57,143,352,183,75,207,104,261,280,196,330,88,210
204,160,76,36,225,56,199,60,76,79,165,229,362,134,101,110,145,350,196,36,119,217,132,41,133,51,140,94,97,252,348,558,127,193,41,197,188,31,96,212,116,33,153,60,171,176,119,218,67,141
352,260,116,61,340,82,298,91,105,159,312,363,582,192,174,193,231,572,347,37,191,309,177,133,99,89,215,167,142,416,500,889,177,318,69,335,305,59,153,363,220,69,230,113,220,307,186,337,118,232
150,94,43,30,127,39,131,38,22,47,102,161,228,54,69,75,83,237,125,10,75,140,72,51,89,17,80,69,65,155,194,397,79,119,37,135,136,31,73,137,85,26,124,57,99,111,69,117,64,85
418,293,135,63,355,79,314,94,92,153,286,403,641,192,167,187,246,619,344,35,205,353,220,140,215,80,106,161,173,429,554,1024,197,321,77,366,311,62,161,371,219,69,261,137,241,332,209,350,143,234
280,202,98,37,233,56,242,80,78,98,241,259,462,155,112,129,176,422,239,38,141,235,114,94,167,69,161,62,120,298,388,711,129,217,54,237,227,42,113,252,136,49,195,105,203,220,144,271,87,175
312,201,98,49,264,54,225,88,80,120,254,300,422,162,108,131,177,454,244,33,131,265,151,97,142,65,173,120,61,269,427,698,117,259,55,266,245,43,127,277,149,56,200,93,207,252,149,267,89,195
564,542,237,125,645,146,630,178,188,261,556,702,1181,418,321,361,445,1154,657,73,347,635,331,252,416,155,429,298,269,416,922,1754,352,579,136,632,591,111,308,679,395,124,489,232,498,567,392,672,211,420
722,687,330,128,772,152,715,235,247,328,664,870,1317,487,450,440,553,1240,771,113,388,770,478,348,500,194,554,388,427,922,584,1999,385,710,161,814,696,138,373,784,502,160,584,258,648,660,452,784,287,525
1148,1253,567,197,1436,274,1295,427,439,571,1185,1545,2363,916,744,816,983,2300,1501,157,797,1406,793,558,889,397,1024,711,698,1754,1999,1886,715,1241,307,1479,1268,255,685,1449,905,305,970,526,1147,1241,873,1389,450,884
247,255,96,47,277,71,273,74,86,114,247,317,458,195,151,168,192,442,296,35,168,284,152,127,177,79,197,129,117,352,385,715,59,268,56,307,257,52,121,290,191,46,183,89,217,217,165,279,89,183
485,439,199,80,457,105,460,134,165,194,403,534,828,325,245,249,353,871,478,46,264,446,269,193,318,119,321,217,259,579,710,1241,268,196,103,501,433,74,203,496,307,97,340,192,419,417,325,459,178,324
91,89,42,17,115,25,101,34,32,36,88,140,196,71,53,57,92,178,133,14,61,142,70,41,69,37,77,54,55,136,161,307,56,103,10,123,97,21,57,142,80,28,81,35,70,98,78,122,32,80
465,426,218,101,500,125,509,158,144,214,421,553,912,313,296,289,343,921,506,59,244,505,304,197,335,135,366,237,266,632,814,1479,307,501,123,247,503,87,261,583,321,105,421,230,408,497,323,578,203,340
493,407,199,80,461,110,437,149,154,209,392,519,869,332,269,260,333,856,477,47,291,500,270,188,305,136,311,227,245,591,696,1268,257,433,97,503,220,73,236,489,304,101,358,182,397,426,315,449,179,314
92,80,34,10,83,20,72,26,25,38,73,86,160,38,35,41,67,171,79,9,44,73,57,31,59,31,62,42,43,111,138,255,52,74,21,87,73,4,49,93,55,17,61,28,55,73,51,90,33,48
266,236,87,30,246,41,211,68,77,105,207,279,401,163,141,140,171,423,264,24,127,267,143,96,153,73,161,113,127,308,373,685,121,203,57,261,236,49,53,287,169,46,173,79,191,236,164,237,90,164
464,467,214,83,566,125,537,160,190,230,485,632,974,376,314,290,403,944,521,71,310,546,352,212,363,137,371,252,277,679,784,1449,290,496,142,583,489,93,287,290,359,109,360,229,448,496,368,544,210,351
300,279,118,54,340,75,287,92,127,150,263,369,596,197,179,191,242,613,325,41,183,321,183,116,220,85,219,136,149,395,502,905,191,307,80,321,304,55,169,359,117,77,249,131,274,294,222,331,116,232
102,99,43,13,109,24,109,23,41,51,91,115,194,70,51,69,72,186,108,14,54,116,75,33,69,26,69,49,56,124,160,305,46,97,28,105,101,17,46,109,77,16,85,26,79,109,67,122,42,68
376,322,163,79,363,96,373,117,132,166,347,440,670,283,180,231,278,655,385,41,221,378,207,153,230,124,261,195,200,489,584,970,183,340,81,421,358,61,173,360,249,85,152,161,308,360,260,393,138,253
166,147,76,37,199,38,187,53,51,77,164,197,323,121,82,98,144,307,175,35,109,174,104,60,113,57,137,105,93,232,258,526,89,192,35,230,182,28,79,229,131,26,161,32,128,188,95,184,61,119
447,343,162,79,418,111,376,138,140,189,407,474,747,279,208,226,291,728,395,52,262,431,261,171,220,99,241,203,207,498,648,1147,217,419,70,408,397,55,191,448,274,79,308,128,154,353,222,409,128,297
395,426,202,73,476,92,435,148,165,193,383,503,787,307,226,260,326,773,501,65,254,509,280,176,307,111,332,220,252,567,660,1241,217,417,98,497,426,73,236,496,294,109,360,188,353,192,268,467,154,308
351,274,117,61,348,77,298,100,104,143,299,376,582,198,150,180,246,559,326,41,192,308,196,119,186,69,209,144,149,392,452,873,165,325,78,323,315,51,164,368,222,67,260,95,222,268,93,303,126,233
501,455,208,88,545,119,446,177,176,232,458,595,926,308,285,331,392,884,562,61,295,523,330,218,337,117,350,271,267,672,784,1389,279,459,122,578,449,90,237,544,331,122,393,184,409,467,303,262,205,360
160,162,71,40,194,53,166,57,66,83,165,226,314,120,88,107,147,284,203,24,120,192,88,67,118,64,143,87,89,211,287,450,89,178,32,203,179,33,90,210,116,42,138,61,128,154,126,205,28,122
376,307,150,66,367,78,339,99,103,143,299,385,624,241,197,209,230,602,350,47,183,369,210,141,232,85,234,175,195,420,525,884,183,324,80,340,314,48,164,351,232,68,253,119,297,308,233,360,122,113
