250,402,190,86,471,94,437,171,174,217,441,515,824,353,290,334,376,791,508,69,329,507,328,235,355,144,387,279,310,604,694,1132,232,455,91,522,465,91,225,475,326,101,396,163,428,414,300,519,157,370
402,177,176,74,421,87,420,140,125,174,362,502,723,262,248,261,305,776,425,51,231,433,259,159,286,114,297,217,231,513,621,1231,259,366,79,455,383,70,222,452,279,94,321,152,327,385,271,469,146,285
190,176,30,36,203,56,193,66,57,71,156,218,379,122,115,128,142,365,198,25,121,202,104,82,121,50,129,85,101,259,297,548,104,175,46,200,207,27,107,213,132,48,157,86,163,204,126,186,84,129
86,74,36,6,99,15,65,30,27,37,65,80,142,55,51,62,62,150,93,9,60,95,52,38,67,20,63,43,49,109,129,204,43,67,11,102,58,22,33,73,59,20,64,29,62,62,52,91,23,67
471,421,203,99,261,100,486,150,164,231,429,584,868,341,262,295,348,927,509,59,291,493,305,175,303,129,312,285,256,586,723,1403,239,472,131,554,491,84,279,499,314,87,386,200,389,460,294,546,209,351
94,87,56,15,100,6,86,34,34,55,81,118,181,69,74,88,83,170,116,15,64,116,68,30,86,31,80,54,68,140,154,267,54,99,20,120,94,22,44,99,77,23,71,44,87,85,76,121,39,85
437,420,193,65,486,86,220,131,156,216,379,512,841,293,254,288,318,824,495,55,249,506,278,187,306,98,344,243,245,621,727,1319,259,436,110,491,426,94,231,444,317,103,349,187,359,407,323,467,199,330
171,140,66,30,150,34,131,26,47,64,135,140,267,93,76,87,122,304,152,21,72,163,98,54,110,45,95,74,91,212,229,397,81,152,32,183,137,28,62,159,115,31,120,62,117,145,90,158,75,100
174,125,57,27,164,34,156,47,23,73,144,197,295,120,84,87,137,294,177,24,85,175,99,59,106,37,96,89,84,200,241,468,69,154,34,180,151,30,73,182,97,33,128,61,107,153,92,171,51,132
217,174,71,37,231,55,216,64,73,52,185,239,364,144,95,117,149,368,207,30,110,204,130,100,145,61,155,101,104,273,342,558,121,215,43,217,200,29,110,220,147,35,158,74,135,179,139,210,69,159
441,362,156,65,429,81,379,135,144,185,183,459,741,301,220,236,333,733,426,54,238,412,260,166,279,114,267,223,221,560,661,1139,224,410,105,450,403,81,222,426,280,85,311,145,322,369,281,454,152,289
515,502,218,80,584,118,512,140,197,239,459,338,998,388,337,333,412,982,581,77,308,574,354,252,405,148,408,266,299,641,822,1546,331,506,122,615,522,102,283,653,345,105,450,218,468,511,360,560,202,357
824,723,379,142,868,181,841,267,295,364,741,998,806,567,483,523,643,1475,904,115,480,912,503,356,602,226,614,451,417,1105,1329,2414,468,828,178,1022,850,183,443,937,607,176,703,340,722,829,579,933,326,604
353,262,122,55,341,69,293,93,120,144,301,388,567,117,167,170,240,547,327,42,170,351,195,131,230,76,227,152,163,420,553,910,179,327,79,341,310,53,172,305,220,64,243,119,244,271,192,319,134,219
290,248,115,51,262,74,254,76,84,95,220,337,483,167,73,145,191,487,274,38,149,267,163,104,172,77,191,125,129,338,386,717,139,209,61,258,249,49,140,281,191,56,223,101,216,240,154,267,94,169
334,261,128,62,295,88,288,87,87,117,236,333,523,170,145,65,190,529,304,43,164,303,171,117,178,68,196,117,117,366,444,816,165,253,62,278,291,47,138,343,193,58,214,125,244,231,174,294,123,176
376,305,142,62,348,83,318,122,137,149,333,412,643,240,191,190,155,618,392,38,213,341,214,140,251,88,240,180,204,442,563,1020,173,320,72,398,323,76,191,361,264,55,310,122,279,346,220,394,146,249
791,776,365,150,927,170,824,304,294,368,733,982,1475,547,487,529,618,823,873,116,489,905,503,365,599,223,637,439,445,1119,1335,2462,442,855,193,946,786,166,487,924,588,191,688,333,716,778,590,907,317,602
508,425,198,93,509,116,495,152,177,207,426,581,904,327,274,304,392,873,262,63,291,470,328,210,330,130,310,260,261,636,751,1430,248,458,117,497,502,85,228,551,371,103,396,198,400,432,332,522,205,369
69,51,25,9,59,15,55,21,24,30,54,77,115,42,38,43,38,116,63,3,32,59,30,28,48,14,40,31,26,79,86,168,36,58,8,62,57,13,41,68,58,12,42,27,42,53,41,68,20,43
329,231,121,60,291,64,249,72,85,110,238,308,480,170,149,164,213,489,291,32,71,290,161,117,172,55,174,115,129,335,421,754,160,251,69,292,282,37,145,312,190,49,214,106,208,251,168,311,104,198
507,433,202,95,493,116,506,163,175,204,412,574,912,351,267,303,341,905,470,59,290,258,322,210,327,118,318,258,261,650,746,1411,287,461,128,531,478,94,251,558,344,113,407,202,392,465,336,534,180,357
328,259,104,52,305,68,278,98,99,130,260,354,503,195,163,171,214,503,328,30,161,322,99,107,177,74,221,146,141,368,464,849,164,281,63,284,301,59,140,352,211,67,227,103,229,260,169,299,110,196
235,159,82,38,175,30,187,54,59,100,166,252,356,131,104,117,140,365,210,28,117,210,107,46,126,44,141,96,98,240,318,574,113,157,50,207,205,38,91,206,141,32,160,76,154,169,120,186,84,132
355,286,121,67,303,86,306,110,106,145,279,405,602,230,172,178,251,599,330,48,172,327,177,126,95,82,201,160,156,422,485,946,171,301,90,336,312,59,175,363,234,59,273,136,232,291,178,339,142,234
144,114,50,20,129,31,98,45,37,61,114,148,226,76,77,68,88,223,130,14,55,118,74,44,82,19,76,67,63,150,183,359,64,103,42,143,123,18,66,139,81,25,94,37,90,123,71,115,57,81
387,297,129,63,312,80,344,95,96,155,267,408,614,227,191,196,240,637,310,40,174,318,221,141,201,76,106,164,162,413,516,963,188,274,86,332,339,52,172,365,224,66,252,118,251,298,199,333,127,217
279,217,85,43,285,54,243,74,89,101,223,266,451,152,125,117,180,439,260,31,115,258,146,96,160,67,164,50,132,302,339,631,126,234,41,269,227,32,118,260,177,47,186,88,203,236,121,259,89,174
310,231,101,49,256,68,245,91,84,104,221,299,417,163,129,117,204,445,261,26,129,261,141,98,156,63,162,132,51,305,383,694,140,238,66,243,264,37,118,288,176,48,165,95,184,229,139,254,107,157
604,513,259,109,586,140,621,212,200,273,560,641,1105,420,338,366,442,1119,636,79,335,650,368,240,422,150,413,302,305,416,985,1806,362,548,147,644,558,103,340,629,427,117,470,235,508,579,410,678,227,415
694,621,297,129,723,154,727,229,241,342,661,822,1329,553,386,444,563,1335,751,86,421,746,464,318,485,183,516,339,383,985,558,2041,396,661,178,820,697,128,386,831,499,157,546,300,621,694,478,763,294,530
1132,1231,548,204,1403,267,1319,397,468,558,1139,1546,2414,910,717,816,1020,2462,1430,168,754,1411,849,574,946,359,963,631,694,1806,2041,1881,733,1258,333,1503,1250,258,669,1462,960,318,1028,506,1141,1194,834,1401,543,937
232,259,104,43,239,54,259,81,69,121,224,331,468,179,139,165,173,442,248,36,160,287,164,113,171,64,188,126,140,362,396,733,56,279,61,263,238,54,144,303,193,59,200,94,192,233,186,302,101,190
455,366,175,67,472,99,436,152,154,215,410,506,828,327,209,253,320,855,458,58,251,461,281,157,301,103,274,234,238,548,661,1258,279,197,103,488,404,82,238,471,307,103,332,176,388,402,276,471,154,345
91,79,46,11,131,20,110,32,34,43,105,122,178,79,61,62,72,193,117,8,69,128,63,50,90,42,86,41,66,147,178,333,61,103,13,113,96,18,51,138,59,23,89,42,88,100,75,120,46,74
522,455,200,102,554,120,491,183,180,217,450,615,1022,341,258,278,398,946,497,62,292,531,284,207,336,143,332,269,243,644,820,1503,263,488,113,271,498,98,290,581,374,112,415,181,408,471,305,547,213,367
465,383,207,58,491,94,426,137,151,200,403,522,850,310,249,291,323,786,502,57,282,478,301,205,312,123,339,227,264,558,697,1250,238,404,96,498,227,85,233,494,348,110,354,186,392,422,264,458,155,309
91,70,27,22,84,22,94,28,30,29,81,102,183,53,49,47,76,166,85,13,37,94,59,38,59,18,52,32,37,103,128,258,54,82,18,98,85,5,44,94,49,13,69,29,73,82,53,108,48,69
225,222,107,33,279,44,231,62,73,110,222,283,443,172,140,138,191,487,228,41,145,251,140,91,175,66,172,118,118,340,386,669,144,238,51,290,233,44,55,274,188,36,202,110,207,266,164,261,99,160
475,452,213,73,499,99,444,159,182,220,426,653,937,305,281,343,361,924,551,68,312,558,352,206,363,139,365,260,288,629,831,1462,303,471,138,581,494,94,274,291,337,92,402,209,425,468,380,504,206,339
326,279,132,59,314,77,317,115,97,147,280,345,607,220,191,193,264,588,371,58,190,344,211,141,234,81,224,177,176,427,499,960,193,307,59,374,348,49,188,337,119,70,252,105,283,302,220,323,137,218
101,94,48,20,87,23,103,31,33,35,85,105,176,64,56,58,55,191,103,12,49,113,67,32,59,25,66,47,48,117,157,318,59,103,23,112,110,13,36,92,70,11,74,33,92,100,63,97,41,72
396,321,157,64,386,71,349,120,128,158,311,450,703,243,223,214,310,688,396,42,214,407,227,160,273,94,252,186,165,470,546,1028,200,332,89,415,354,69,202,402,252,74,120,152,322,325,249,366,131,269
163,152,86,29,200,44,187,62,61,74,145,218,340,119,101,125,122,333,198,27,106,202,103,76,136,37,118,88,95,235,300,506,94,176,42,181,186,29,110,209,105,33,152,36,146,177,117,193,61,131
428,327,163,62,389,87,359,117,107,135,322,468,722,244,216,244,279,716,400,42,208,392,229,154,232,90,251,203,184,508,621,1141,192,388,88,408,392,73,207,425,283,92,322,146,139,357,239,416,149,267
414,385,204,62,460,85,407,145,153,179,369,511,829,271,240,231,346,778,432,53,251,465,260,169,291,123,298,236,229,579,694,1194,233,402,100,471,422,82,266,468,302,100,325,177,357,212,295,461,184,317
300,271,126,52,294,76,323,90,92,139,281,360,579,192,154,174,220,590,332,41,168,336,169,120,178,71,199,121,139,410,478,834,186,276,75,305,264,53,164,380,220,63,249,117,239,295,103,349,128,228
519,469,186,91,546,121,467,158,171,210,454,560,933,319,267,294,394,907,522,68,311,534,299,186,339,115,333,259,254,678,763,1401,302,471,120,547,458,108,261,504,323,97,366,193,416,461,349,244,189,326
157,146,84,23,209,39,199,75,51,69,152,202,326,134,94,123,146,317,205,20,104,180,110,84,142,57,127,89,107,227,294,543,101,154,46,213,155,48,99,206,137,41,131,61,149,184,128,189,29,120
370,285,129,67,351,85,330,100,132,159,289,357,604,219,169,176,249,602,369,43,198,357,196,132,234,81,217,174,157,415,530,937,190,345,74,367,309,69,160,339,218,72,269,131,267,317,228,326,120,111
