274,451,222,101,510,140,498,163,191,232,494,512,816,386,306,328,353,804,521,78,304,550,342,200,386,176,416,283,330,643,740,1153,242,459,112,550,516,93,262,482,328,102,374,188,484,423,345,497,165,390
451,187,175,72,429,98,397,116,121,166,360,525,821,267,221,241,329,854,425,48,234,452,264,168,288,101,283,215,197,502,646,1260,263,394,88,470,407,71,215,475,257,94,346,160,353,419,265,454,160,284
222,175,32,53,211,48,191,58,74,74,168,217,366,121,96,112,151,379,211,25,106,209,127,83,139,44,139,107,109,276,279,594,114,186,46,199,190,20,102,219,140,45,164,71,155,198,114,221,81,135
101,72,53,4,85,18,81,27,30,35,64,95,131,49,45,60,62,128,99,11,48,86,46,31,60,23,65,47,44,127,137,229,50,85,23,121,61,19,29,77,61,15,64,37,66,72,50,83,25,55
510,429,211,85,268,120,480,160,160,191,436,582,931,344,279,313,356,947,496,69,279,527,287,199,344,146,341,207,262,620,810,1424,289,460,122,559,454,74,273,510,313,102,416,177,419,512,313,528,196,329
140,98,48,18,120,11,100,42,47,50,83,129,177,70,63,81,93,197,122,15,60,117,53,47,74,33,90,70,64,150,160,280,66,111,24,145,96,24,55,105,83,28,83,59,86,114,75,114,39,66
498,397,191,81,480,100,244,140,153,189,400,533,816,299,271,294,351,861,483,76,269,504,290,198,323,111,321,236,281,602,725,1309,243,444,111,532,445,100,246,502,348,117,339,180,426,460,306,497,189,320
163,116,58,27,160,42,140,15,48,64,142,152,270,87,81,83,108,285,158,22,83,159,93,61,93,30,101,72,81,187,216,424,87,136,34,158,142,21,56,158,95,40,122,72,108,133,98,152,59,99
191,121,74,30,160,47,153,48,33,65,142,187,292,99,83,93,124,286,173,26,94,181,98,64,88,43,104,74,84,193,245,470,95,140,41,145,158,26,79,162,122,26,118,63,126,138,80,186,51,107
232,166,74,35,191,50,189,64,65,51,160,241,343,130,116,128,164,336,201,31,136,204,117,91,149,53,131,93,126,233,302,530,108,197,36,225,180,35,109,207,131,42,167,77,174,153,121,227,63,143
494,360,168,64,436,83,400,142,142,160,162,505,750,268,209,244,329,764,450,58,243,436,251,174,313,121,316,195,245,517,635,1149,225,401,99,453,371,82,210,443,274,99,315,138,353,386,278,448,157,264
512,525,217,95,582,129,533,152,187,241,505,331,1083,382,276,311,446,1021,570,63,281,579,323,246,382,152,385,256,292,711,846,1668,310,512,129,649,519,112,265,592,353,101,438,230,424,528,347,585,199,401
816,821,366,131,931,177,816,270,292,343,750,1083,833,590,492,548,691,1440,886,115,468,924,535,369,643,252,614,438,447,1172,1356,2442,493,845,212,1000,855,159,463,959,612,187,687,391,731,835,602,968,344,618
386,267,121,49,344,70,299,87,99,130,268,382,590,104,173,165,231,572,341,51,168,315,210,124,202,88,196,160,173,400,494,871,176,334,71,354,282,51,169,357,195,58,284,137,261,290,221,370,115,236
306,221,96,45,279,63,271,81,83,116,209,276,492,173,69,149,194,482,243,30,135,288,182,113,182,74,173,137,143,336,397,688,146,249,69,250,259,34,130,275,175,50,193,90,218,238,177,291,110,182
328,241,112,60,313,81,294,83,93,128,244,311,548,165,149,84,203,546,253,35,152,298,189,130,205,79,182,131,142,362,403,784,155,277,63,301,273,34,136,294,183,56,253,110,248,258,193,308,126,202
353,329,151,62,356,93,351,108,124,164,329,446,691,231,194,203,117,689,372,41,215,347,207,144,251,91,240,175,209,489,574,1017,206,339,105,387,359,60,170,420,254,74,278,144,301,332,242,389,162,249
804,854,379,128,947,197,861,285,286,336,764,1021,1440,572,482,546,689,798,907,107,512,911,524,351,658,255,685,429,465,1139,1358,2452,459,885,208,1007,835,160,443,988,613,182,669,365,734,872,551,953,313,616
521,425,211,99,496,122,483,158,173,201,450,570,886,341,243,253,372,907,280,70,303,550,305,224,335,137,377,192,264,579,841,1416,265,476,121,550,508,91,232,565,323,113,396,192,396,508,282,531,182,333
78,48,25,11,69,15,76,22,26,31,58,63,115,51,30,35,41,107,70,7,28,70,24,31,26,13,37,27,35,67,110,180,36,62,18,61,66,5,34,71,43,9,57,24,54,71,29,75,28,41
304,234,106,48,279,60,269,83,94,136,243,281,468,168,135,152,215,512,303,28,73,270,139,114,163,72,162,137,152,351,381,776,141,241,63,281,268,40,113,298,180,53,209,107,222,256,150,293,99,181
550,452,209,86,527,117,504,159,181,204,436,579,924,315,288,298,347,911,550,70,270,296,314,201,343,135,340,243,267,638,822,1353,272,483,116,531,530,89,235,561,331,119,382,186,429,512,309,555,172,329
342,264,127,46,287,53,290,93,98,117,251,323,535,210,182,189,207,524,305,24,139,314,77,117,184,77,168,145,134,395,462,843,167,287,75,299,254,50,149,327,208,60,243,109,226,314,189,307,102,179
200,168,83,31,199,47,198,61,64,91,174,246,369,124,113,130,144,351,224,31,114,201,117,39,134,48,130,96,104,247,321,543,97,203,46,214,165,34,102,212,138,37,164,63,157,188,138,219,71,127
386,288,139,60,344,74,323,93,88,149,313,382,643,202,182,205,251,658,335,26,163,343,184,134,114,82,210,163,154,398,528,991,187,315,56,349,297,51,179,372,214,77,250,118,293,311,223,359,114,221
176,101,44,23,146,33,111,30,43,53,121,152,252,88,74,79,91,255,137,13,72,135,77,48,82,12,71,67,56,167,212,350,78,130,27,126,109,26,54,147,75,24,96,43,106,120,92,152,58,73
416,283,139,65,341,90,321,101,104,131,316,385,614,196,173,182,240,685,377,37,162,340,168,130,210,71,96,167,138,375,508,953,185,321,62,324,310,52,151,382,208,68,254,115,254,298,225,342,128,190
283,215,107,47,207,70,236,72,74,93,195,256,438,160,137,131,175,429,192,27,137,243,145,96,163,67,167,58,143,294,367,675,123,229,49,192,211,39,115,221,137,40,178,91,200,205,142,254,79,161
330,197,109,44,262,64,281,81,84,126,245,292,447,173,143,142,209,465,264,35,152,267,134,104,154,56,138,143,61,315,384,676,144,270,61,248,260,46,133,304,186,52,180,100,192,230,157,277,106,192
643,502,276,127,620,150,602,187,193,233,517,711,1172,400,336,362,489,1139,579,67,351,638,395,247,398,167,375,294,315,421,1016,1826,355,615,146,680,614,101,338,688,399,138,492,239,507,615,384,661,240,403
740,646,279,137,810,160,725,216,245,302,635,846,1356,494,397,403,574,1358,841,110,381,822,462,321,528,212,508,367,384,1016,595,2098,424,720,177,830,733,146,373,819,512,158,592,295,621,672,448,795,278,511
1153,1260,594,229,1424,280,1309,424,470,530,1149,1668,2442,871,688,784,1017,2452,1416,180,776,1353,843,543,991,350,953,675,676,1826,2098,1943,729,1323,321,1509,1282,246,712,1453,941,306,1013,558,1120,1324,872,1404,485,913
242,263,114,50,289,66,243,87,95,108,225,310,493,176,146,155,206,459,265,36,141,272,167,97,187,78,185,123,144,355,424,729,75,254,76,311,237,39,135,259,181,51,187,91,192,264,171,264,107,173
459,394,186,85,460,111,444,136,140,197,401,512,845,334,249,277,339,885,476,62,241,483,287,203,315,130,321,229,270,615,720,1323,254,228,124,467,431,75,211,469,287,90,375,189,389,466,298,470,180,292
112,88,46,23,122,24,111,34,41,36,99,129,212,71,69,63,105,208,121,18,63,116,75,46,56,27,62,49,61,146,177,321,76,124,14,141,104,20,55,133,71,19,81,40,76,99,69,112,44,96
550,470,199,121,559,145,532,158,145,225,453,649,1000,354,250,301,387,1007,550,61,281,531,299,214,349,126,324,192,248,680,830,1509,311,467,141,314,494,83,272,603,352,107,414,202,422,479,328,576,215,364
516,407,190,61,454,96,445,142,158,180,371,519,855,282,259,273,359,835,508,66,268,530,254,165,297,109,310,211,260,614,733,1282,237,431,104,494,206,77,231,476,324,95,368,183,370,440,295,501,185,320
93,71,20,19,74,24,100,21,26,35,82,112,159,51,34,34,60,160,91,5,40,89,50,34,51,26,52,39,46,101,146,246,39,75,20,83,77,10,36,95,55,20,69,26,58,77,53,101,28,58
262,215,102,29,273,55,246,56,79,109,210,265,463,169,130,136,170,443,232,34,113,235,149,102,179,54,151,115,133,338,373,712,135,211,55,272,231,36,60,264,175,53,210,123,222,243,162,236,106,156
482,475,219,77,510,105,502,158,162,207,443,592,959,357,275,294,420,988,565,71,298,561,327,212,372,147,382,221,304,688,819,1453,259,469,133,603,476,95,264,294,349,135,427,201,424,524,308,564,202,360
328,257,140,61,313,83,348,95,122,131,274,353,612,195,175,183,254,613,323,43,180,331,208,138,214,75,208,137,186,399,512,941,181,287,71,352,324,55,175,349,123,79,256,144,285,325,211,348,124,201
102,94,45,15,102,28,117,40,26,42,99,101,187,58,50,56,74,182,113,9,53,119,60,37,77,24,68,40,52,138,158,306,51,90,19,107,95,20,53,135,79,10,88,43,85,91,69,87,40,74
374,346,164,64,416,83,339,122,118,167,315,438,687,284,193,253,278,669,396,57,209,382,243,164,250,96,254,178,180,492,592,1013,187,375,81,414,368,69,210,427,256,88,155,170,279,351,242,390,133,280
188,160,71,37,177,59,180,72,63,77,138,230,391,137,90,110,144,365,192,24,107,186,109,63,118,43,115,91,100,239,295,558,91,189,40,202,183,26,123,201,144,43,170,29,155,195,108,199,60,150
484,353,155,66,419,86,426,108,126,174,353,424,731,261,218,248,301,734,396,54,222,429,226,157,293,106,254,200,192,507,621,1120,192,389,76,422,370,58,222,424,285,85,279,155,178,369,259,432,135,260
423,419,198,72,512,114,460,133,138,153,386,528,835,290,238,258,332,872,508,71,256,512,314,188,311,120,298,205,230,615,672,1324,264,466,99,479,440,77,243,524,325,91,351,195,369,232,298,499,171,303
345,265,114,50,313,75,306,98,80,121,278,347,602,221,177,193,242,551,282,29,150,309,189,138,223,92,225,142,157,384,448,872,171,298,69,328,295,53,162,308,211,69,242,108,259,298,104,325,92,217
497,454,221,83,528,114,497,152,186,227,448,585,968,370,291,308,389,953,531,75,293,555,307,219,359,152,342,254,277,661,795,1404,264,470,112,576,501,101,236,564,348,87,390,199,432,499,325,264,195,339
165,160,81,25,196,39,189,59,51,63,157,199,344,115,110,126,162,313,182,28,99,172,102,71,114,58,128,79,106,240,278,485,107,180,44,215,185,28,106,202,124,40,133,60,135,171,92,195,31,143
390,284,135,55,329,66,320,99,107,143,264,401,618,236,182,202,249,616,333,41,181,329,179,127,221,73,190,161,192,403,511,913,173,292,96,364,320,58,156,360,201,74,280,150,260,303,217,339,143,102
