270,468,218,94,523,108,453,202,179,264,464,469,822,353,313,334,387,799,508,65,371,487,338,206,376,149,417,278,287,611,672,1218,240,490,91,537,471,82,265,495,312,108,368,193,426,400,374,487,165,389
468,180,182,77,454,102,446,141,143,182,381,476,786,281,255,263,349,810,463,56,230,474,255,155,284,96,267,209,223,528,669,1208,244,428,90,445,441,82,237,465,282,89,323,149,341,401,276,452,175,320
218,182,35,37,192,52,196,63,74,100,178,233,345,123,94,99,158,327,192,23,108,188,111,66,102,52,113,103,88,212,291,567,101,184,42,223,184,36,95,194,133,34,161,77,152,186,116,209,74,148
94,77,37,6,85,13,80,29,22,35,75,85,161,54,51,60,67,158,93,8,65,102,54,39,44,20,47,47,42,121,134,216,47,65,21,92,81,16,45,110,67,18,69,50,70,80,45,84,19,71
523,454,192,85,274,114,485,147,178,214,438,572,909,328,253,289,361,896,501,54,286,518,306,196,330,130,347,252,287,647,770,1411,242,473,128,526,498,94,276,548,308,118,427,181,414,467,322,543,167,358
108,102,52,13,114,11,99,33,29,50,94,115,212,79,72,84,82,199,129,14,87,122,64,55,74,28,62,63,59,143,190,280,69,108,27,121,100,25,55,118,88,32,72,42,93,101,73,116,33,93
453,446,196,80,485,99,233,145,157,199,397,527,904,319,246,279,354,867,520,49,299,469,273,196,329,125,315,240,249,565,708,1341,280,485,105,558,429,91,272,502,346,110,336,197,382,464,298,480,151,346
202,141,63,29,147,33,145,21,47,71,130,166,281,97,83,90,110,259,141,19,82,136,86,55,106,32,78,67,77,181,210,405,90,133,32,143,128,20,65,158,110,26,125,46,130,131,93,163,56,101
179,143,74,22,178,29,157,47,32,58,128,167,293,118,76,75,127,285,162,28,96,174,89,64,100,53,137,86,97,198,243,474,107,151,43,174,148,31,88,183,108,43,115,64,125,154,104,153,58,102
264,182,100,35,214,50,199,71,58,48,160,238,367,150,128,125,163,339,210,26,119,225,135,78,129,54,127,108,118,268,296,549,105,203,34,215,190,45,102,216,138,51,156,73,164,178,122,207,62,138
464,381,178,75,438,94,397,130,128,160,154,452,744,309,240,233,297,739,442,60,244,435,239,169,251,100,288,198,223,552,612,1168,227,414,92,468,398,83,202,444,286,109,295,149,328,427,264,416,135,278
469,476,233,85,572,115,527,166,167,238,452,334,1031,372,276,293,410,1003,570,81,302,585,316,241,343,133,355,235,272,705,904,1560,269,512,110,579,519,104,255,558,379,114,403,183,442,529,310,637,206,374
822,786,345,161,909,212,904,281,293,367,744,1031,878,561,442,485,656,1495,881,132,521,958,531,365,592,199,588,422,432,1132,1363,2434,460,901,194,977,847,156,456,943,603,213,662,351,746,878,595,937,313,587
353,281,123,54,328,79,319,97,118,150,309,372,561,84,167,197,228,576,302,42,182,316,193,112,220,84,210,153,150,399,482,894,166,307,73,306,298,51,173,348,208,65,249,134,264,284,201,346,117,241
313,255,94,51,253,72,246,83,76,128,240,276,442,167,73,134,196,420,264,31,161,241,141,116,171,70,169,125,115,335,376,714,146,256,49,277,257,37,143,254,167,45,202,120,206,244,169,278,96,175
334,263,99,60,289,84,279,90,75,125,233,293,485,197,134,82,198,461,303,29,164,286,164,124,183,68,158,139,124,361,405,784,148,291,50,294,277,44,149,297,185,52,228,110,194,247,186,284,93,185
387,349,158,67,361,82,354,110,127,163,297,410,656,228,196,198,129,641,346,32,204,359,212,148,262,98,247,183,198,454,560,1018,220,357,70,377,338,63,177,370,230,88,265,133,303,325,234,384,142,249
799,810,327,158,896,199,867,259,285,339,739,1003,1495,576,420,461,641,804,935,122,537,941,527,374,591,219,631,423,470,1099,1281,2436,431,836,179,970,820,162,434,936,619,211,658,348,716,838,580,893,300,611
508,463,192,93,501,129,520,141,162,210,442,570,881,302,264,303,346,935,263,59,302,492,323,213,339,126,354,231,275,588,767,1461,266,466,112,592,492,92,263,568,335,125,387,186,440,512,347,534,196,361
65,56,23,8,54,14,49,19,28,26,60,81,132,42,31,29,32,122,59,4,33,74,28,26,34,15,46,26,29,86,94,188,39,47,13,61,56,14,25,81,48,13,53,18,43,71,36,63,24,37
371,230,108,65,286,87,299,82,96,119,244,302,521,182,161,164,204,537,302,33,67,302,185,99,191,58,178,122,124,358,418,808,168,281,75,309,278,47,126,309,177,61,227,102,213,260,185,285,137,176
487,474,188,102,518,122,469,136,174,225,435,585,958,316,241,286,359,941,492,74,302,273,294,207,349,130,349,244,277,615,783,1482,258,487,126,573,503,79,242,560,318,108,381,178,377,510,318,518,185,341
338,255,111,54,306,64,273,86,89,135,239,316,531,193,141,164,212,527,323,28,185,294,65,125,176,66,201,136,162,390,435,853,164,267,63,311,289,44,156,317,214,61,230,111,189,279,162,294,102,209
206,155,66,39,196,55,196,55,64,78,169,241,365,112,116,124,148,374,213,26,99,207,125,44,140,51,127,107,109,267,297,568,103,192,40,220,201,40,111,187,129,46,151,77,176,196,122,209,73,141
376,284,102,44,330,74,329,106,100,129,251,343,592,220,171,183,262,591,339,34,191,349,176,140,92,70,193,166,154,383,496,952,183,296,60,362,297,60,177,356,221,68,268,132,243,333,194,328,118,227
149,96,52,20,130,28,125,32,53,54,100,133,199,84,70,68,98,219,126,15,58,130,66,51,70,8,63,60,59,146,200,367,78,140,34,124,118,22,66,144,70,33,106,49,90,115,83,135,41,85
417,267,113,47,347,62,315,78,137,127,288,355,588,210,169,158,247,631,354,46,178,349,201,127,193,63,103,151,172,389,527,969,191,318,86,386,283,62,159,329,191,91,266,116,265,328,204,354,134,245
278,209,103,47,252,63,240,67,86,108,198,235,422,153,125,139,183,423,231,26,122,244,136,107,166,60,151,60,113,270,356,658,124,209,48,241,228,35,112,256,153,36,174,95,197,200,153,259,92,187
287,223,88,42,287,59,249,77,97,118,223,272,432,150,115,124,198,470,275,29,124,277,162,109,154,59,172,113,75,286,364,695,146,231,71,262,244,40,145,264,195,53,180,105,181,222,127,278,106,193
611,528,212,121,647,143,565,181,198,268,552,705,1132,399,335,361,454,1099,588,86,358,615,390,267,383,146,389,270,286,383,954,1766,336,589,125,647,587,121,330,665,411,115,458,239,479,584,440,661,230,409
672,669,291,134,770,190,708,210,243,296,612,904,1363,482,376,405,560,1281,767,94,418,783,435,297,496,200,527,356,364,954,538,2176,405,688,166,821,696,142,372,832,478,169,574,280,607,695,483,780,265,480
1218,1208,567,216,1411,280,1341,405,474,549,1168,1560,2434,894,714,784,1018,2436,1461,188,808,1482,853,568,952,367,969,658,695,1766,2176,1992,734,1338,306,1534,1226,237,674,1478,922,291,1002,503,1130,1303,887,1376,515,964
240,244,101,47,242,69,280,90,107,105,227,269,460,166,146,148,220,431,266,39,168,258,164,103,183,78,191,124,146,336,405,734,81,236,45,276,253,38,156,291,179,52,181,109,227,250,193,277,86,196
490,428,184,65,473,108,485,133,151,203,414,512,901,307,256,291,357,836,466,47,281,487,267,192,296,140,318,209,231,589,688,1338,236,213,103,512,457,77,257,515,344,101,380,173,363,428,275,475,173,371
91,90,42,21,128,27,105,32,43,34,92,110,194,73,49,50,70,179,112,13,75,126,63,40,60,34,86,48,71,125,166,306,45,103,7,116,113,19,45,126,63,31,91,40,91,102,67,112,30,89
537,445,223,92,526,121,558,143,174,215,468,579,977,306,277,294,377,970,592,61,309,573,311,220,362,124,386,241,262,647,821,1534,276,512,116,289,507,84,279,583,354,110,389,198,449,492,336,560,210,374
471,441,184,81,498,100,429,128,148,190,398,519,847,298,257,277,338,820,492,56,278,503,289,201,297,118,283,228,244,587,696,1226,253,457,113,507,231,87,229,507,338,95,347,177,371,446,306,508,165,337
82,82,36,16,94,25,91,20,31,45,83,104,156,51,37,44,63,162,92,14,47,79,44,40,60,22,62,35,40,121,142,237,38,77,19,84,87,6,46,90,55,16,68,34,68,72,46,86,39,56
265,237,95,45,276,55,272,65,88,102,202,255,456,173,143,149,177,434,263,25,126,242,156,111,177,66,159,112,145,330,372,674,156,257,45,279,229,46,58,247,156,46,190,86,220,224,176,248,89,165
495,465,194,110,548,118,502,158,183,216,444,558,943,348,254,297,370,936,568,81,309,560,317,187,356,144,329,256,264,665,832,1478,291,515,126,583,507,90,247,302,354,107,364,205,399,495,350,567,190,377
312,282,133,67,308,88,346,110,108,138,286,379,603,208,167,185,230,619,335,48,177,318,214,129,221,70,191,153,195,411,478,922,179,344,63,354,338,55,156,354,111,63,256,125,269,342,222,334,117,217
108,89,34,18,118,32,110,26,43,51,109,114,213,65,45,52,88,211,125,13,61,108,61,46,68,33,91,36,53,115,169,291,52,101,31,110,95,16,46,107,63,17,77,38,97,94,71,122,36,65
368,323,161,69,427,72,336,125,115,156,295,403,662,249,202,228,265,658,387,53,227,381,230,151,268,106,266,174,180,458,574,1002,181,380,91,389,347,68,190,364,256,77,141,142,262,327,219,379,124,239
193,149,77,50,181,42,197,46,64,73,149,183,351,134,120,110,133,348,186,18,102,178,111,77,132,49,116,95,105,239,280,503,109,173,40,198,177,34,86,205,125,38,142,36,150,173,110,206,68,137
426,341,152,70,414,93,382,130,125,164,328,442,746,264,206,194,303,716,440,43,213,377,189,176,243,90,265,197,181,479,607,1130,227,363,91,449,371,68,220,399,269,97,262,150,156,362,231,408,147,273
400,401,186,80,467,101,464,131,154,178,427,529,878,284,244,247,325,838,512,71,260,510,279,196,333,115,328,200,222,584,695,1303,250,428,102,492,446,72,224,495,342,94,327,173,362,222,300,469,185,294
374,276,116,45,322,73,298,93,104,122,264,310,595,201,169,186,234,580,347,36,185,318,162,122,194,83,204,153,127,440,483,887,193,275,67,336,306,46,176,350,222,71,219,110,231,300,94,322,121,216
487,452,209,84,543,116,480,163,153,207,416,637,937,346,278,284,384,893,534,63,285,518,294,209,328,135,354,259,278,661,780,1376,277,475,112,560,508,86,248,567,334,122,379,206,408,469,322,265,212,351
165,175,74,19,167,33,151,56,58,62,135,206,313,117,96,93,142,300,196,24,137,185,102,73,118,41,134,92,106,230,265,515,86,173,30,210,165,39,89,190,117,36,124,68,147,185,121,212,23,123
389,320,148,71,358,93,346,101,102,138,278,374,587,241,175,185,249,611,361,37,176,341,209,141,227,85,245,187,193,409,480,964,196,371,89,374,337,56,165,377,217,65,239,137,273,294,216,351,123,105
