273,415,211,92,492,101,504,184,155,265,448,532,789,396,308,344,364,827,493,70,309,518,342,184,351,155,367,292,329,619,716,1170,249,510,123,533,491,93,264,442,335,111,358,187,435,450,347,485,175,344
415,183,159,80,409,102,409,131,146,171,378,503,786,317,241,268,294,780,434,58,221,418,218,172,256,100,265,205,200,530,655,1266,230,380,112,449,427,81,211,438,287,87,347,167,346,392,276,469,166,281
211,159,32,38,195,48,213,55,74,79,182,224,362,135,84,84,138,351,180,25,108,210,110,73,131,54,137,65,106,251,279,549,108,176,39,194,175,27,86,188,121,39,135,69,163,166,121,213,71,114
92,80,38,6,97,24,74,36,25,35,71,107,169,54,56,48,71,138,71,11,52,82,69,39,68,29,64,39,51,104,133,223,47,71,14,70,82,21,60,100,59,17,54,30,80,73,51,85,32,45
492,409,195,97,265,130,546,169,160,197,433,580,912,360,275,293,358,900,540,66,256,555,299,212,321,145,341,271,271,668,781,1449,282,504,116,532,491,94,240,544,336,122,411,214,398,475,325,484,176,332
101,102,48,24,130,9,101,46,40,38,98,132,202,70,72,59,86,195,95,16,73,102,81,44,99,40,90,56,57,139,176,306,72,97,20,97,104,20,60,115,75,29,78,35,96,103,88,110,41,75
504,409,213,74,546,101,223,169,178,204,437,535,861,326,274,265,371,803,467,71,299,501,277,212,326,141,351,234,269,572,735,1341,260,430,104,503,425,92,255,517,328,109,339,182,393,465,292,493,171,341
184,131,55,36,169,46,169,25,56,75,139,154,297,98,81,85,124,283,149,12,74,156,91,69,107,32,86,80,69,182,254,436,91,171,33,156,157,18,72,164,81,31,114,70,135,159,85,175,74,113
155,146,74,25,160,40,178,56,34,69,129,190,306,99,84,90,120,263,154,11,104,159,76,57,105,38,95,78,85,214,264,445,88,133,46,172,158,30,86,181,91,36,131,72,151,163,95,165,64,103
265,171,79,35,197,38,204,75,69,53,187,218,379,139,134,134,163,352,209,28,117,233,123,82,134,67,154,95,104,249,313,584,121,177,40,231,205,31,94,216,125,54,138,82,163,201,148,210,82,154
448,378,182,71,433,98,437,139,129,187,179,467,784,268,226,253,304,769,403,57,239,435,249,164,291,126,296,179,225,546,631,1193,268,385,94,469,394,78,207,460,247,103,334,159,348,367,283,415,134,296
532,503,224,107,580,132,535,154,190,218,467,323,1054,358,281,314,436,1076,574,68,302,586,358,229,373,125,393,240,267,749,884,1587,292,520,138,611,522,106,285,618,358,113,434,219,431,523,311,579,216,366
789,786,362,169,912,202,861,297,306,379,784,1054,806,615,472,513,683,1462,923,109,531,922,532,368,602,208,592,402,413,1173,1332,2513,497,884,212,1003,850,156,444,901,584,200,725,355,707,869,559,941,355,632
396,317,135,54,360,70,326,98,99,139,268,358,615,109,181,202,230,562,343,37,200,320,202,138,213,86,216,161,187,426,514,928,184,290,72,310,316,59,154,326,192,68,256,143,281,251,193,342,118,231
308,241,84,56,275,72,274,81,84,134,226,281,472,181,66,128,185,482,274,21,144,274,177,122,175,58,181,111,128,343,400,725,135,272,63,285,262,43,126,277,185,54,202,88,193,245,179,297,113,178
344,268,84,48,293,59,265,85,90,134,253,314,513,202,128,78,219,493,297,25,151,316,172,131,189,68,189,118,128,341,459,771,153,281,68,298,278,41,143,326,196,56,211,78,239,286,186,280,100,224
364,294,138,71,358,86,371,124,120,163,304,436,683,230,185,219,138,650,365,36,178,346,200,136,230,110,239,160,196,448,566,1004,192,348,91,395,367,67,192,366,254,76,282,123,302,348,229,393,126,263
827,780,351,138,900,195,803,283,263,352,769,1076,1462,562,482,493,650,792,909,127,524,904,529,357,606,203,570,427,409,1173,1381,2457,500,873,204,1029,794,157,444,902,602,187,694,346,678,836,608,955,353,583
493,434,180,71,540,95,467,149,154,209,403,574,923,343,274,297,365,909,246,69,285,496,300,183,338,131,325,214,246,672,722,1459,284,472,118,530,454,90,242,531,326,100,394,187,417,484,310,579,177,333
70,58,25,11,66,16,71,12,11,28,57,68,109,37,21,25,36,127,69,5,37,72,28,24,36,19,38,24,28,74,93,187,32,60,21,55,60,7,29,62,41,8,59,23,48,58,36,60,25,36
309,221,108,52,256,73,299,74,104,117,239,302,531,200,144,151,178,524,285,37,69,305,184,118,165,70,204,126,133,319,454,803,153,251,61,269,278,41,134,327,190,62,219,97,235,290,165,310,110,182
518,418,210,82,555,102,501,156,159,233,435,586,922,320,274,316,346,904,496,72,305,263,278,207,339,142,346,240,274,677,769,1432,285,505,101,558,493,88,241,522,349,115,392,185,404,486,302,516,174,332
342,218,110,69,299,81,277,91,76,123,249,358,532,202,177,172,200,529,300,28,184,278,76,96,190,72,198,131,139,370,444,830,137,320,55,299,312,64,145,294,186,64,235,119,217,237,174,306,102,212
184,172,73,39,212,44,212,69,57,82,164,229,368,138,122,131,136,357,183,24,118,207,96,38,116,74,152,102,127,276,293,564,120,183,57,216,199,38,103,226,116,47,150,78,159,158,133,210,71,138
351,256,131,68,321,99,326,107,105,134,291,373,602,213,175,189,230,606,338,36,165,339,190,116,125,92,224,183,159,436,520,950,190,318,79,323,321,55,162,351,207,72,242,128,263,304,210,380,118,240
155,100,54,29,145,40,141,32,38,67,126,125,208,86,58,68,110,203,131,19,70,142,72,74,92,13,81,61,56,150,185,349,74,119,25,136,134,24,62,160,88,29,114,49,125,112,71,126,43,109
367,265,137,64,341,90,351,86,95,154,296,393,592,216,181,189,239,570,325,38,204,346,198,152,224,81,108,146,155,395,492,969,180,299,57,343,358,69,157,399,226,73,279,128,314,322,194,345,106,247
292,205,65,39,271,56,234,80,78,95,179,240,402,161,111,118,160,427,214,24,126,240,131,102,183,61,146,61,109,310,365,662,129,254,53,221,217,38,118,260,160,47,165,69,199,219,133,256,86,141
329,200,106,51,271,57,269,69,85,104,225,267,413,187,128,128,196,409,246,28,133,274,139,127,159,56,155,109,56,290,409,662,138,240,53,284,229,48,131,263,151,66,191,91,204,237,142,291,89,165
619,530,251,104,668,139,572,182,214,249,546,749,1173,426,343,341,448,1173,672,74,319,677,370,276,436,150,395,310,290,375,1048,1860,373,585,145,623,613,101,308,714,403,126,488,216,526,610,434,655,261,408
716,655,279,133,781,176,735,254,264,313,631,884,1332,514,400,459,566,1381,722,93,454,769,444,293,520,185,492,365,409,1048,542,2028,413,717,185,820,695,133,383,794,521,162,591,260,594,685,476,801,267,545
1170,1266,549,223,1449,306,1341,436,445,584,1193,1587,2513,928,725,771,1004,2457,1459,187,803,1432,830,564,950,349,969,662,662,1860,2028,1885,732,1370,330,1520,1291,244,721,1441,967,289,1064,502,1138,1271,890,1374,517,952
249,230,108,47,282,72,260,91,88,121,268,292,497,184,135,153,192,500,284,32,153,285,137,120,190,74,180,129,138,373,413,732,56,261,66,322,255,45,126,308,168,46,229,110,224,235,193,277,87,184
510,380,176,71,504,97,430,171,133,177,385,520,884,290,272,281,348,873,472,60,251,505,320,183,318,119,299,254,240,585,717,1370,261,225,95,489,441,82,242,481,316,95,378,177,371,458,301,483,189,326
123,112,39,14,116,20,104,33,46,40,94,138,212,72,63,68,91,204,118,21,61,101,55,57,79,25,57,53,53,145,185,330,66,95,12,136,101,20,60,136,68,23,86,41,85,107,70,108,55,75
533,449,194,70,532,97,503,156,172,231,469,611,1003,310,285,298,395,1029,530,55,269,558,299,216,323,136,343,221,284,623,820,1520,322,489,136,270,494,81,282,580,412,121,381,215,442,489,333,560,223,328
491,427,175,82,491,104,425,157,158,205,394,522,850,316,262,278,367,794,454,60,278,493,312,199,321,134,358,217,229,613,695,1291,255,441,101,494,226,92,261,504,315,93,346,182,366,447,302,463,182,326
93,81,27,21,94,20,92,18,30,31,78,106,156,59,43,41,67,157,90,7,41,88,64,38,55,24,69,38,48,101,133,244,45,82,20,81,92,3,35,89,52,18,80,35,81,67,61,97,30,51
264,211,86,60,240,60,255,72,86,94,207,285,444,154,126,143,192,444,242,29,134,241,145,103,162,62,157,118,131,308,383,721,126,242,60,282,261,35,66,282,169,43,178,108,219,220,150,260,99,165
442,438,188,100,544,115,517,164,181,216,460,618,901,326,277,326,366,902,531,62,327,522,294,226,351,160,399,260,263,714,794,1441,308,481,136,580,504,89,282,268,331,103,419,206,435,501,321,562,206,346
335,287,121,59,336,75,328,81,91,125,247,358,584,192,185,196,254,602,326,41,190,349,186,116,207,88,226,160,151,403,521,967,168,316,68,412,315,52,169,331,104,77,253,123,274,288,186,359,120,207
111,87,39,17,122,29,109,31,36,54,103,113,200,68,54,56,76,187,100,8,62,115,64,47,72,29,73,47,66,126,162,289,46,95,23,121,93,18,43,103,77,7,67,36,89,107,64,116,41,82
358,347,135,54,411,78,339,114,131,138,334,434,725,256,202,211,282,694,394,59,219,392,235,150,242,114,279,165,191,488,591,1064,229,378,86,381,346,80,178,419,253,67,127,140,307,363,241,398,144,255
187,167,69,30,214,35,182,70,72,82,159,219,355,143,88,78,123,346,187,23,97,185,119,78,128,49,128,69,91,216,260,502,110,177,41,215,182,35,108,206,123,36,140,27,172,164,122,199,76,135
435,346,163,80,398,96,393,135,151,163,348,431,707,281,193,239,302,678,417,48,235,404,217,159,263,125,314,199,204,526,594,1138,224,371,85,442,366,81,219,435,274,89,307,172,162,360,255,407,146,275
450,392,166,73,475,103,465,159,163,201,367,523,869,251,245,286,348,836,484,58,290,486,237,158,304,112,322,219,237,610,685,1271,235,458,107,489,447,67,220,501,288,107,363,164,360,199,295,511,175,301
347,276,121,51,325,88,292,85,95,148,283,311,559,193,179,186,229,608,310,36,165,302,174,133,210,71,194,133,142,434,476,890,193,301,70,333,302,61,150,321,186,64,241,122,255,295,107,323,116,209
485,469,213,85,484,110,493,175,165,210,415,579,941,342,297,280,393,955,579,60,310,516,306,210,380,126,345,256,291,655,801,1374,277,483,108,560,463,97,260,562,359,116,398,199,407,511,323,264,170,394
175,166,71,32,176,41,171,74,64,82,134,216,355,118,113,100,126,353,177,25,110,174,102,71,118,43,106,86,89,261,267,517,87,189,55,223,182,30,99,206,120,41,144,76,146,175,116,170,44,108
344,281,114,45,332,75,341,113,103,154,296,366,632,231,178,224,263,583,333,36,182,332,212,138,240,109,247,141,165,408,545,952,184,326,75,328,326,51,165,346,207,82,255,135,275,301,209,394,108,127
