270,475,243,97,492,113,470,184,161,251,464,559,820,386,352,355,351,821,491,81,323,533,360,212,387,166,408,282,337,623,668,1238,235,480,105,495,517,82,229,512,325,117,377,190,448,449,373,509,186,381
475,185,183,75,424,100,439,117,151,189,360,482,800,256,217,232,304,787,467,51,233,468,262,168,280,123,281,182,197,541,722,1266,284,396,97,435,405,72,214,466,313,83,331,177,360,402,303,459,167,279
243,183,36,40,201,53,182,68,58,80,174,211,363,138,110,119,144,366,190,23,107,203,108,74,136,54,122,94,92,243,290,558,85,176,46,205,201,25,114,227,131,42,136,77,152,169,119,227,86,137
97,75,40,6,100,18,77,29,31,43,71,89,142,52,45,40,61,127,89,10,57,79,42,37,65,16,56,44,44,95,121,213,52,88,14,103,68,15,55,81,61,14,63,29,78,78,54,88,29,55
492,424,201,100,269,102,501,164,154,202,422,566,921,324,257,289,398,937,506,68,274,487,301,198,293,132,374,244,274,687,784,1437,280,473,126,553,512,87,291,552,316,109,380,190,413,470,328,532,186,342
113,100,53,18,102,9,97,36,40,42,91,140,187,77,65,74,78,186,115,19,69,114,72,36,86,32,82,45,61,144,175,283,66,106,26,117,108,24,56,107,70,23,79,46,91,96,86,107,48,83
470,439,182,77,501,97,236,147,170,202,395,567,865,315,227,261,329,858,485,57,290,483,255,208,340,117,350,219,263,599,699,1318,273,441,98,510,458,89,224,522,336,112,325,196,371,461,321,473,163,336
184,117,68,29,164,36,147,22,44,62,129,146,241,95,91,90,96,232,138,15,92,147,83,61,92,38,97,78,88,156,214,412,80,144,25,144,156,24,72,162,82,31,121,50,114,130,92,151,45,96
161,151,58,31,154,40,170,44,21,72,131,169,347,107,93,84,110,321,154,22,81,180,99,62,122,44,115,72,87,213,264,502,105,154,46,158,145,20,82,187,108,39,137,58,136,144,122,175,73,118
251,189,80,43,202,42,202,62,72,39,166,236,387,141,107,108,151,372,217,25,119,213,138,89,158,56,135,104,131,246,327,555,105,193,41,218,218,35,86,213,121,37,164,70,186,171,135,226,87,143
464,360,174,71,422,91,395,129,131,166,174,496,759,270,243,254,305,767,439,57,254,436,253,174,280,108,275,219,233,574,660,1181,228,390,85,461,427,81,225,458,254,84,323,164,338,410,271,421,149,293
559,482,211,89,566,140,567,146,169,236,496,333,1128,389,272,307,396,1067,575,73,304,626,326,219,379,131,383,258,266,712,926,1698,339,545,125,607,522,101,300,607,371,119,422,205,437,551,365,596,218,378
820,800,363,142,921,187,865,241,347,387,759,1128,818,604,464,521,666,1433,873,119,506,922,539,384,616,213,608,437,474,1181,1350,2438,509,825,212,996,848,159,432,1033,592,181,668,348,708,830,624,941,330,612
386,256,138,52,324,77,315,95,107,141,270,389,604,121,139,177,217,575,335,47,166,349,191,126,207,70,206,153,168,409,517,938,178,311,83,349,327,54,175,361,221,45,269,117,257,295,212,344,123,230
352,217,110,45,257,65,227,91,93,107,243,272,464,139,61,120,207,447,265,22,123,272,155,95,184,60,179,136,121,312,405,729,132,222,55,258,237,36,113,266,170,53,196,93,198,245,150,272,79,195
355,232,119,40,289,74,261,90,84,108,254,307,521,177,120,78,213,495,292,28,151,288,161,117,189,68,183,138,143,378,466,803,171,231,67,276,274,38,121,322,192,64,227,102,225,263,157,307,106,215
351,304,144,61,398,78,329,96,110,151,305,396,666,217,207,213,129,673,378,48,210,410,232,157,255,95,247,169,191,457,523,1009,200,350,93,383,361,66,171,375,244,79,276,138,311,339,252,367,148,240
821,787,366,127,937,186,858,232,321,372,767,1067,1433,575,447,495,673,799,901,118,508,897,509,362,590,228,606,407,420,1172,1401,2452,483,851,185,969,832,148,452,1007,619,191,691,348,754,858,597,928,320,635
491,467,190,89,506,115,485,138,154,217,439,575,873,335,265,292,378,901,228,62,267,509,305,197,324,129,341,240,251,673,733,1414,248,501,117,594,493,88,264,575,340,97,386,175,415,476,310,531,164,379
81,51,23,10,68,19,57,15,22,25,57,73,119,47,22,28,48,118,62,4,33,67,23,26,34,12,46,37,37,70,111,173,27,52,12,75,60,11,39,75,41,15,62,23,48,72,34,73,18,32
323,233,107,57,274,69,290,92,81,119,254,304,506,166,123,151,210,508,267,33,75,285,157,94,180,69,175,122,136,353,413,805,142,249,70,301,273,53,148,306,185,53,246,115,217,259,172,299,97,184
533,468,203,79,487,114,483,147,180,213,436,626,922,349,272,288,410,897,509,67,285,290,291,203,341,125,346,230,288,624,775,1353,282,457,124,591,499,100,264,562,354,110,387,180,453,482,337,552,174,393
360,262,108,42,301,72,255,83,99,138,253,326,539,191,155,161,232,509,305,23,157,291,99,119,194,72,195,132,153,351,442,799,155,273,66,299,277,44,151,318,195,59,239,120,229,292,189,308,123,219
212,168,74,37,198,36,208,61,62,89,174,219,384,126,95,117,157,362,197,26,94,203,119,41,126,44,116,104,85,236,311,582,105,187,35,196,197,30,110,205,145,37,155,76,151,202,140,238,68,139
387,280,136,65,293,86,340,92,122,158,280,379,616,207,184,189,255,590,324,34,180,341,194,126,90,74,203,138,160,392,506,932,189,293,79,354,318,56,159,348,223,63,287,129,263,291,212,375,115,235
166,123,54,16,132,32,117,38,44,56,108,131,213,70,60,68,95,228,129,12,69,125,72,44,74,19,77,43,62,155,188,377,65,110,31,145,94,12,66,136,69,29,96,44,104,118,82,145,41,93
408,281,122,56,374,82,350,97,115,135,275,383,608,206,179,183,247,606,341,46,175,346,195,116,203,77,97,149,158,411,515,947,202,312,74,382,327,52,176,392,231,65,252,128,269,313,204,349,122,229
282,182,94,44,244,45,219,78,72,104,219,258,437,153,136,138,169,407,240,37,122,230,132,104,138,43,149,59,120,279,343,637,137,207,51,236,230,36,116,250,158,49,188,84,181,217,141,234,80,148
337,197,92,44,274,61,263,88,87,131,233,266,474,168,121,143,191,420,251,37,136,288,153,85,160,62,158,120,60,308,377,687,133,230,52,242,259,28,132,258,172,47,183,88,204,216,151,247,99,181
623,541,243,95,687,144,599,156,213,246,574,712,1181,409,312,378,457,1172,673,70,353,624,351,236,392,155,411,279,308,355,983,1865,373,569,159,665,575,115,321,724,435,130,473,258,478,608,409,643,230,389
668,722,290,121,784,175,699,214,264,327,660,926,1350,517,405,466,523,1401,733,111,413,775,442,311,506,188,515,343,377,983,596,2085,410,701,197,794,713,147,364,853,530,157,572,280,650,723,509,765,278,542
1238,1266,558,213,1437,283,1318,412,502,555,1181,1698,2438,938,729,803,1009,2452,1414,173,805,1353,799,582,932,377,947,637,687,1865,2085,1971,782,1300,310,1534,1286,254,730,1547,925,300,1058,536,1056,1310,920,1438,511,908
235,284,85,52,280,66,273,80,105,105,228,339,509,178,132,171,200,483,248,27,142,282,155,105,189,65,202,137,133,373,410,782,69,257,70,315,274,55,133,294,175,52,206,93,212,255,174,302,107,163
480,396,176,88,473,106,441,144,154,193,390,545,825,311,222,231,350,851,501,52,249,457,273,187,293,110,312,207,230,569,701,1300,257,225,111,508,450,87,231,508,301,94,368,172,365,441,285,498,195,313
105,97,46,14,126,26,98,25,46,41,85,125,212,83,55,67,93,185,117,12,70,124,66,35,79,31,74,51,52,159,197,310,70,111,13,122,105,18,46,130,74,23,88,49,93,114,66,130,38,60
495,435,205,103,553,117,510,144,158,218,461,607,996,349,258,276,383,969,594,75,301,591,299,196,354,145,382,236,242,665,794,1534,315,508,122,274,505,91,300,543,361,117,416,193,432,536,370,588,215,369
517,405,201,68,512,108,458,156,145,218,427,522,848,327,237,274,361,832,493,60,273,499,277,197,318,94,327,230,259,575,713,1286,274,450,105,505,227,69,238,499,343,100,366,182,358,409,279,501,176,340
82,72,25,15,87,24,89,24,20,35,81,101,159,54,36,38,66,148,88,11,53,100,44,30,56,12,52,36,28,115,147,254,55,87,18,91,69,3,52,86,71,18,59,32,68,85,47,91,33,55
229,214,114,55,291,56,224,72,82,86,225,300,432,175,113,121,171,452,264,39,148,264,151,110,159,66,176,116,132,321,364,730,133,231,46,300,238,52,62,282,167,51,210,102,195,239,149,282,86,181
512,466,227,81,552,107,522,162,187,213,458,607,1033,361,266,322,375,1007,575,75,306,562,318,205,348,136,392,250,258,724,853,1547,294,508,130,543,499,86,282,276,365,99,436,202,456,509,341,565,197,371
325,313,131,61,316,70,336,82,108,121,254,371,592,221,170,192,244,619,340,41,185,354,195,145,223,69,231,158,172,435,530,925,175,301,74,361,343,71,167,365,92,64,283,132,276,321,222,340,103,230
117,83,42,14,109,23,112,31,39,37,84,119,181,45,53,64,79,191,97,15,53,110,59,37,63,29,65,49,47,130,157,300,52,94,23,117,100,18,51,99,64,7,80,34,98,121,62,100,39,76
377,331,136,63,380,79,325,121,137,164,323,422,668,269,196,227,276,691,386,62,246,387,239,155,287,96,252,188,183,473,572,1058,206,368,88,416,366,59,210,436,283,80,133,143,304,346,248,345,148,270
190,177,77,29,190,46,196,50,58,70,164,205,348,117,93,102,138,348,175,23,115,180,120,76,129,44,128,84,88,258,280,536,93,172,49,193,182,32,102,202,132,34,143,35,159,197,109,190,83,119
448,360,152,78,413,91,371,114,136,186,338,437,708,257,198,225,311,754,415,48,217,453,229,151,263,104,269,181,204,478,650,1056,212,365,93,432,358,68,195,456,276,98,304,159,166,379,265,412,138,269
449,402,169,78,470,96,461,130,144,171,410,551,830,295,245,263,339,858,476,72,259,482,292,202,291,118,313,217,216,608,723,1310,255,441,114,536,409,85,239,509,321,121,346,197,379,236,292,500,157,309
373,303,119,54,328,86,321,92,122,135,271,365,624,212,150,157,252,597,310,34,172,337,189,140,212,82,204,141,151,409,509,920,174,285,66,370,279,47,149,341,222,62,248,109,265,292,87,319,128,231
509,459,227,88,532,107,473,151,175,226,421,596,941,344,272,307,367,928,531,73,299,552,308,238,375,145,349,234,247,643,765,1438,302,498,130,588,501,91,282,565,340,100,345,190,412,500,319,250,198,337
186,167,86,29,186,48,163,45,73,87,149,218,330,123,79,106,148,320,164,18,97,174,123,68,115,41,122,80,99,230,278,511,107,195,38,215,176,33,86,197,103,39,148,83,138,157,128,198,24,122
381,279,137,55,342,83,336,96,118,143,293,378,612,230,195,215,240,635,379,32,184,393,219,139,235,93,229,148,181,389,542,908,163,313,60,369,340,55,181,371,230,76,270,119,269,309,231,337,122,114
