260,483,216,109,540,122,479,188,164,278,442,512,827,397,329,315,362,795,542,69,340,528,364,212,379,164,395,270,342,661,719,1170,252,495,108,520,470,84,279,485,350,119,339,185,450,430,379,475,163,395
483,154,146,60,438,87,417,125,158,182,378,485,774,276,232,231,326,792,450,48,213,452,253,193,287,115,284,209,203,539,663,1213,244,393,102,474,394,63,187,476,282,71,326,152,362,418,241,468,142,302
216,146,34,44,212,47,196,65,63,87,176,249,379,138,122,124,146,388,215,18,90,239,131,86,111,42,120,106,94,244,294,579,107,188,47,217,185,36,90,215,124,50,157,81,171,207,129,213,77,139
109,60,44,4,105,16,70,25,27,28,64,103,137,49,49,61,76,132,90,11,46,98,52,30,62,25,43,39,54,100,147,213,43,71,13,112,84,8,39,90,48,21,57,28,70,78,55,88,22,68
540,438,212,105,255,130,467,136,167,219,467,577,932,331,258,306,389,920,574,64,294,521,286,201,342,124,353,238,236,663,765,1472,312,470,122,577,475,79,267,513,366,104,407,175,411,485,335,532,183,369
122,87,47,16,130,15,102,37,37,38,99,136,166,79,64,67,97,164,109,17,68,123,72,37,78,33,71,48,67,136,171,259,47,112,19,147,115,20,57,117,71,20,77,48,94,114,64,127,25,87
479,417,196,70,467,102,243,159,139,193,406,560,877,325,258,254,334,846,462,61,272,486,286,193,334,145,337,224,242,604,696,1332,274,463,96,501,470,88,225,541,330,109,350,164,395,417,292,512,166,350
188,125,65,25,136,37,159,20,50,65,131,178,272,101,74,83,92,265,133,20,103,140,86,60,102,42,111,69,83,203,241,444,86,145,35,161,144,26,63,160,100,22,120,50,105,113,100,154,54,100
164,158,63,27,167,37,139,50,27,70,141,183,284,102,102,102,120,284,176,23,95,181,95,61,91,41,116,66,64,198,253,499,79,151,32,185,148,23,92,181,97,33,116,58,111,148,114,155,54,120
278,182,87,28,219,38,193,65,70,54,178,229,393,123,113,123,174,374,198,22,121,197,129,97,159,62,150,110,98,257,299,524,101,198,34,227,195,29,104,200,139,45,155,70,160,159,125,208,76,129
442,378,176,64,467,99,406,131,141,178,205,472,750,282,217,219,342,722,458,57,230,435,238,186,280,116,292,212,211,566,622,1106,204,402,79,467,392,76,206,460,272,79,325,182,324,347,239,462,134,294
512,485,249,103,577,136,560,178,183,229,472,319,1056,334,313,311,399,1037,538,85,335,564,333,225,408,136,391,270,250,710,872,1695,336,523,132,580,518,103,287,589,383,147,448,219,461,537,348,580,238,370
827,774,379,137,932,166,877,272,284,393,750,1056,803,602,479,547,718,1425,894,129,525,911,534,373,606,233,655,426,398,1161,1325,2456,473,857,201,1017,813,157,460,978,600,213,673,334,716,855,574,897,305,605
397,276,138,49,331,79,325,101,102,123,282,334,602,108,177,173,242,585,333,34,150,325,200,141,207,86,206,173,169,386,459,916,194,318,85,324,305,51,146,327,203,67,243,109,276,299,174,328,128,222
329,232,122,49,258,64,258,74,102,113,217,313,479,177,85,168,189,476,267,33,141,294,160,104,172,77,185,126,125,321,430,765,123,248,61,296,260,42,120,275,161,57,212,103,199,263,161,249,113,166
315,231,124,61,306,67,254,83,102,123,219,311,547,173,168,80,202,539,291,38,154,325,162,105,176,71,193,121,134,329,452,821,156,275,64,270,286,52,140,334,201,67,228,91,230,307,201,284,127,200
362,326,146,76,389,97,334,92,120,174,342,399,718,242,189,202,126,699,354,59,213,378,238,170,262,122,264,162,219,458,542,1053,191,334,84,376,327,55,162,402,233,75,260,145,299,307,239,379,128,255
795,792,388,132,920,164,846,265,284,374,722,1037,1425,585,476,539,699,823,928,115,505,934,543,354,581,229,623,415,453,1110,1357,2399,462,833,214,1037,796,153,450,975,608,213,670,327,702,825,583,889,322,566
542,450,215,90,574,109,462,133,176,198,458,538,894,333,267,291,354,928,248,72,241,455,306,208,326,127,324,250,259,653,721,1410,261,481,119,547,465,77,246,555,357,113,361,195,396,492,322,501,177,341
69,48,18,11,64,17,61,20,23,22,57,85,129,34,33,38,59,115,72,3,27,62,35,28,39,11,42,32,30,78,89,172,39,58,8,59,66,15,35,65,36,14,59,23,37,48,37,75,29,40
340,213,90,46,294,68,272,103,95,121,230,335,525,150,141,154,213,505,241,27,69,285,151,116,159,75,178,146,157,330,423,804,138,264,48,276,233,59,164,312,187,64,238,106,215,274,169,291,111,196
528,452,239,98,521,123,486,140,181,197,435,564,911,325,294,325,378,934,455,62,285,278,325,186,363,132,340,273,269,638,752,1379,292,483,108,548,474,85,243,563,352,104,368,159,419,502,325,531,175,360
364,253,131,52,286,72,286,86,95,129,238,333,534,200,160,162,238,543,306,35,151,325,105,119,216,76,199,142,159,370,439,847,176,299,72,293,244,44,155,309,168,57,232,108,227,266,176,314,109,202
212,193,86,30,201,37,193,60,61,97,186,225,373,141,104,105,170,354,208,28,116,186,119,43,136,68,132,102,111,236,286,568,111,209,43,222,167,34,103,241,138,37,155,78,191,198,104,222,77,135
379,287,111,62,342,78,334,102,91,159,280,408,606,207,172,176,262,581,326,39,159,363,216,136,119,84,220,172,166,402,536,979,171,338,61,330,297,64,161,348,204,66,265,147,279,300,200,364,111,213
164,115,42,25,124,33,145,42,41,62,116,136,233,86,77,71,122,229,127,11,75,132,76,68,84,15,74,65,63,160,190,369,74,129,24,135,106,18,68,156,75,28,101,53,103,93,72,144,44,86
395,284,120,43,353,71,337,111,116,150,292,391,655,206,185,193,264,623,324,42,178,340,199,132,220,74,105,155,163,425,515,988,193,323,54,338,296,65,178,379,210,61,270,120,282,306,210,358,122,213
270,209,106,39,238,48,224,69,66,110,212,270,426,173,126,121,162,415,250,32,146,273,142,102,172,65,155,52,113,303,378,664,144,224,48,233,230,35,118,261,163,53,169,71,198,222,149,254,85,158
342,203,94,54,236,67,242,83,64,98,211,250,398,169,125,134,219,453,259,30,157,269,159,111,166,63,163,113,58,294,362,686,121,233,54,269,211,32,131,258,169,62,180,73,214,231,144,296,79,196
661,539,244,100,663,136,604,203,198,257,566,710,1161,386,321,329,458,1110,653,78,330,638,370,236,402,160,425,303,294,369,998,1773,366,587,143,715,590,103,312,711,418,133,505,253,493,595,422,657,236,424
719,663,294,147,765,171,696,241,253,299,622,872,1325,459,430,452,542,1357,721,89,423,752,439,286,536,190,515,378,362,998,562,2199,429,694,164,829,744,141,412,786,496,147,567,301,610,733,448,813,308,467
1170,1213,579,213,1472,259,1332,444,499,524,1106,1695,2456,916,765,821,1053,2399,1410,172,804,1379,847,568,979,369,988,664,686,1773,2199,1963,737,1305,320,1566,1292,250,745,1483,940,300,1061,544,1111,1331,889,1425,476,933
252,244,107,43,312,47,274,86,79,101,204,336,473,194,123,156,191,462,261,39,138,292,176,111,171,74,193,144,121,366,429,737,67,277,67,306,287,47,159,278,200,66,217,105,210,256,175,248,92,150
495,393,188,71,470,112,463,145,151,198,402,523,857,318,248,275,334,833,481,58,264,483,299,209,338,129,323,224,233,587,694,1305,277,223,106,481,488,80,230,518,295,89,355,170,401,449,304,486,171,315
108,102,47,13,122,19,96,35,32,34,79,132,201,85,61,64,84,214,119,8,48,108,72,43,61,24,54,48,54,143,164,320,67,106,12,132,96,22,55,132,80,28,98,36,103,110,64,110,39,67
520,474,217,112,577,147,501,161,185,227,467,580,1017,324,296,270,376,1037,547,59,276,548,293,222,330,135,338,233,269,715,829,1566,306,481,132,268,508,81,277,581,347,115,433,190,419,497,329,577,199,349
470,394,185,84,475,115,470,144,148,195,392,518,813,305,260,286,327,796,465,66,233,474,244,167,297,106,296,230,211,590,744,1292,287,488,96,508,209,89,239,514,291,109,356,166,370,453,297,480,170,341
84,63,36,8,79,20,88,26,23,29,76,103,157,51,42,52,55,153,77,15,59,85,44,34,64,18,65,35,32,103,141,250,47,80,22,81,89,7,45,84,54,16,58,43,73,89,57,96,35,60
279,187,90,39,267,57,225,63,92,104,206,287,460,146,120,140,162,450,246,35,164,243,155,103,161,68,178,118,131,312,412,745,159,230,55,277,239,45,57,272,171,55,204,96,178,216,165,226,89,170
485,476,215,90,513,117,541,160,181,200,460,589,978,327,275,334,402,975,555,65,312,563,309,241,348,156,379,261,258,711,786,1483,278,518,132,581,514,84,272,271,350,126,415,193,435,488,309,574,211,386
350,282,124,48,366,71,330,100,97,139,272,383,600,203,161,201,233,608,357,36,187,352,168,138,204,75,210,163,169,418,496,940,200,295,80,347,291,54,171,350,113,66,225,132,233,318,214,313,131,256
119,71,50,21,104,20,109,22,33,45,79,147,213,67,57,67,75,213,113,14,64,104,57,37,66,28,61,53,62,133,147,300,66,89,28,115,109,16,55,126,66,13,92,41,89,89,66,107,35,83
339,326,157,57,407,77,350,120,116,155,325,448,673,243,212,228,260,670,361,59,238,368,232,155,265,101,270,169,180,505,567,1061,217,355,98,433,356,58,204,415,225,92,163,144,292,376,241,390,156,287
185,152,81,28,175,48,164,50,58,70,182,219,334,109,103,91,145,327,195,23,106,159,108,78,147,53,120,71,73,253,301,544,105,170,36,190,166,43,96,193,132,41,144,25,144,175,112,186,66,104
450,362,171,70,411,94,395,105,111,160,324,461,716,276,199,230,299,702,396,37,215,419,227,191,279,103,282,198,214,493,610,1111,210,401,103,419,370,73,178,435,233,89,292,144,175,348,235,417,135,259
430,418,207,78,485,114,417,113,148,159,347,537,855,299,263,307,307,825,492,48,274,502,266,198,300,93,306,222,231,595,733,1331,256,449,110,497,453,89,216,488,318,89,376,175,348,223,281,498,176,312
379,241,129,55,335,64,292,100,114,125,239,348,574,174,161,201,239,583,322,37,169,325,176,104,200,72,210,149,144,422,448,889,175,304,64,329,297,57,165,309,214,66,241,112,235,281,92,335,115,205
475,468,213,88,532,127,512,154,155,208,462,580,897,328,249,284,379,889,501,75,291,531,314,222,364,144,358,254,296,657,813,1425,248,486,110,577,480,96,226,574,313,107,390,186,417,498,335,250,200,355
163,142,77,22,183,25,166,54,54,76,134,238,305,128,113,127,128,322,177,29,111,175,109,77,111,44,122,85,79,236,308,476,92,171,39,199,170,35,89,211,131,35,156,66,135,176,115,200,28,113
395,302,139,68,369,87,350,100,120,129,294,370,605,222,166,200,255,566,341,40,196,360,202,135,213,86,213,158,196,424,467,933,150,315,67,349,341,60,170,386,256,83,287,104,259,312,205,355,113,102
