263,456,226,97,521,114,511,196,182,242,446,527,782,388,291,349,368,845,505,78,315,567,339,237,365,152,394,265,324,619,719,1212,251,506,105,540,508,85,264,487,324,113,379,179,443,447,357,527,153,391
456,175,158,72,452,92,413,143,140,195,368,486,765,279,222,249,327,809,457,56,221,461,270,185,272,109,284,183,226,571,631,1292,229,380,118,438,404,61,222,453,294,95,293,158,340,407,266,433,171,306
226,158,39,44,189,55,183,53,64,83,169,222,352,129,96,114,154,355,216,18,94,207,120,72,127,47,124,84,105,250,278,574,119,192,35,204,170,30,92,208,141,45,178,74,162,177,120,219,63,124
97,72,44,8,65,20,72,29,43,26,71,92,167,66,52,54,69,159,82,6,53,72,59,49,60,29,66,44,53,100,130,215,47,73,16,103,76,18,52,92,59,30,62,44,74,75,46,97,26,49
521,452,189,65,267,103,496,163,189,211,445,591,955,357,260,297,373,938,506,59,247,542,315,216,317,124,341,236,270,645,792,1414,290,455,117,567,508,98,269,547,343,110,386,200,403,483,325,510,177,345
114,92,55,20,103,10,106,39,50,39,92,128,176,82,59,70,105,191,120,20,75,119,84,55,77,36,106,53,66,150,160,293,64,83,27,127,89,19,62,126,74,24,68,46,113,99,69,120,39,89
511,413,183,72,496,106,219,142,172,199,377,513,844,277,273,286,388,886,479,52,269,455,282,193,308,134,323,219,247,624,751,1327,278,467,99,483,437,91,274,525,324,101,356,194,393,453,286,481,174,328
196,143,53,29,163,39,142,16,44,67,135,168,301,99,74,98,127,284,141,16,66,155,100,67,94,41,100,68,73,201,244,432,82,145,28,168,134,19,61,146,98,26,129,65,118,147,83,168,57,123
182,140,64,43,189,50,172,44,25,72,155,185,309,110,101,103,124,303,165,12,83,164,108,78,105,45,107,77,85,208,249,423,93,147,21,156,177,31,75,178,92,28,139,68,150,140,104,192,54,108
242,195,83,26,211,39,199,67,72,48,184,203,361,162,116,136,139,370,204,22,123,201,145,94,142,66,150,118,133,264,300,533,101,197,38,211,183,34,102,212,129,44,160,86,169,167,122,206,64,136
446,368,169,71,445,92,377,135,155,184,202,470,725,293,214,249,326,686,460,44,242,443,283,178,277,116,318,224,231,534,622,1137,213,425,81,442,398,71,206,446,265,90,349,143,350,399,281,428,135,296
527,486,222,92,591,128,513,168,185,203,470,309,1034,366,244,271,375,1052,590,74,288,630,304,231,345,128,367,257,282,731,903,1608,303,481,138,577,507,92,266,620,363,101,440,211,472,561,368,622,205,389
782,765,352,167,955,176,844,301,309,361,725,1034,871,587,449,521,641,1569,959,137,508,971,530,356,569,219,613,435,439,1246,1409,2456,489,874,203,922,868,170,505,991,614,195,670,348,732,875,635,952,322,619
388,279,129,66,357,82,277,99,110,162,293,366,587,110,171,191,224,583,280,37,177,308,207,127,208,78,192,171,171,438,498,900,184,321,62,329,321,64,161,345,204,61,243,127,262,297,180,291,126,223
291,222,96,52,260,59,273,74,101,116,214,244,449,171,85,144,197,455,285,35,137,289,140,109,173,88,196,128,130,320,389,700,136,260,64,303,257,48,127,304,167,59,180,96,244,238,160,290,101,193
349,249,114,54,297,70,286,98,103,136,249,271,521,191,144,80,224,535,300,35,147,308,154,93,191,75,191,142,137,368,449,823,153,272,83,332,278,45,159,304,192,66,202,101,234,260,166,316,124,189
368,327,154,69,373,105,388,127,124,139,326,375,641,224,197,224,144,674,357,48,215,368,239,149,255,99,248,160,177,446,552,944,181,346,78,389,336,60,191,375,239,75,295,139,301,376,236,383,123,253
845,809,355,159,938,191,886,284,303,370,686,1052,1569,583,455,535,674,826,915,135,482,938,528,360,588,222,628,418,413,1207,1360,2516,533,831,199,999,831,186,511,1032,637,195,686,338,734,849,609,954,355,577
505,457,216,82,506,120,479,141,165,204,460,590,959,280,285,300,357,915,255,52,283,472,298,175,343,136,345,237,259,606,732,1443,263,499,127,521,486,96,249,530,340,113,396,183,372,503,328,517,204,351
78,56,18,6,59,20,52,16,12,22,44,74,137,37,35,35,48,135,52,5,30,66,39,35,44,18,46,27,37,71,89,195,39,57,14,66,59,15,29,69,30,16,49,22,68,71,43,65,30,36
315,221,94,53,247,75,269,66,83,123,242,288,508,177,137,147,215,482,283,30,84,293,148,122,154,70,184,145,133,383,406,754,123,271,72,269,279,37,129,311,166,62,227,106,212,251,152,301,108,182
567,461,207,72,542,119,455,155,164,201,443,630,971,308,289,308,368,938,472,66,293,245,274,187,344,136,340,236,276,668,739,1446,274,490,122,545,514,105,289,544,327,128,387,201,382,482,351,520,196,317
339,270,120,59,315,84,282,100,108,145,283,304,530,207,140,154,239,528,298,39,148,274,68,136,209,73,188,144,153,345,406,773,151,271,55,334,290,55,158,346,177,62,226,116,246,270,199,303,102,192
237,185,72,49,216,55,193,67,78,94,178,231,356,127,109,93,149,360,175,35,122,187,136,39,140,39,137,87,101,240,289,542,102,202,54,224,186,30,91,233,125,32,163,89,160,191,131,195,77,131
365,272,127,60,317,77,308,94,105,142,277,345,569,208,173,191,255,588,343,44,154,344,209,140,102,100,223,129,149,412,510,962,165,323,82,335,281,54,170,360,196,71,244,112,225,286,197,346,115,210
152,109,47,29,124,36,134,41,45,66,116,128,219,78,88,75,99,222,136,18,70,136,73,39,100,17,62,69,51,147,192,366,80,137,30,143,116,29,62,125,103,24,95,42,98,125,79,143,64,89
394,284,124,66,341,106,323,100,107,150,318,367,613,192,196,191,248,628,345,46,184,340,188,137,223,62,110,167,173,413,501,998,207,334,81,355,310,67,184,388,245,69,263,118,267,351,216,369,148,220
265,183,84,44,236,53,219,68,77,118,224,257,435,171,128,142,160,418,237,27,145,236,144,87,129,69,167,53,112,289,364,670,132,227,51,246,230,42,124,239,158,41,174,92,197,209,176,255,111,165
324,226,105,53,270,66,247,73,85,133,231,282,439,171,130,137,177,413,259,37,133,276,153,101,149,51,173,112,54,288,399,692,139,244,59,252,235,42,126,248,158,51,178,100,206,245,127,263,106,174
619,571,250,100,645,150,624,201,208,264,534,731,1246,438,320,368,446,1207,606,71,383,668,345,240,412,147,413,289,288,434,1027,1787,355,600,151,668,587,100,336,696,437,122,517,237,505,595,453,651,243,406
719,631,278,130,792,160,751,244,249,300,622,903,1409,498,389,449,552,1360,732,89,406,739,406,289,510,192,501,364,399,1027,566,2196,421,744,189,846,750,135,420,805,500,165,558,298,593,727,491,773,267,490
1212,1292,574,215,1414,293,1327,432,423,533,1137,1608,2456,900,700,823,944,2516,1443,195,754,1446,773,542,962,366,998,670,692,1787,2196,2053,787,1293,281,1561,1313,284,702,1545,985,285,1020,561,1136,1330,932,1447,493,898
251,229,119,47,290,64,278,82,93,101,213,303,489,184,136,153,181,533,263,39,123,274,151,102,165,80,207,132,139,355,421,787,77,253,56,298,259,47,150,331,162,60,193,111,234,263,197,309,115,174
506,380,192,73,455,83,467,145,147,197,425,481,874,321,260,272,346,831,499,57,271,490,271,202,323,137,334,227,244,600,744,1293,253,214,90,499,413,84,233,537,308,129,386,160,377,437,296,506,173,322
105,118,35,16,117,27,99,28,21,38,81,138,203,62,64,83,78,199,127,14,72,122,55,54,82,30,81,51,59,151,189,281,56,90,12,134,100,19,52,129,82,23,69,33,78,93,58,130,36,73
540,438,204,103,567,127,483,168,156,211,442,577,922,329,303,332,389,999,521,66,269,545,334,224,335,143,355,246,252,668,846,1561,298,499,134,281,505,93,280,564,371,124,413,170,387,504,323,567,196,342
508,404,170,76,508,89,437,134,177,183,398,507,868,321,257,278,336,831,486,59,279,514,290,186,281,116,310,230,235,587,750,1313,259,413,100,505,186,76,237,491,296,112,349,176,382,440,317,474,172,322
85,61,30,18,98,19,91,19,31,34,71,92,170,64,48,45,60,186,96,15,37,105,55,30,54,29,67,42,42,100,135,284,47,84,19,93,76,4,46,93,62,23,77,23,74,76,55,113,34,54
264,222,92,52,269,62,274,61,75,102,206,266,505,161,127,159,191,511,249,29,129,289,158,91,170,62,184,124,126,336,420,702,150,233,52,280,237,46,72,271,180,60,188,98,226,229,158,261,86,191
487,453,208,92,547,126,525,146,178,212,446,620,991,345,304,304,375,1032,530,69,311,544,346,233,360,125,388,239,248,696,805,1545,331,537,129,564,491,93,271,288,350,126,416,216,455,511,341,533,184,349
324,294,141,59,343,74,324,98,92,129,265,363,614,204,167,192,239,637,340,30,166,327,177,125,196,103,245,158,158,437,500,985,162,308,82,371,296,62,180,350,123,65,268,123,243,315,202,348,103,212
113,95,45,30,110,24,101,26,28,44,90,101,195,61,59,66,75,195,113,16,62,128,62,32,71,24,69,41,51,122,165,285,60,129,23,124,112,23,60,126,65,11,94,35,78,123,63,115,43,73
379,293,178,62,386,68,356,129,139,160,349,440,670,243,180,202,295,686,396,49,227,387,226,163,244,95,263,174,178,517,558,1020,193,386,69,413,349,77,188,416,268,94,121,140,279,349,197,378,143,258
179,158,74,44,200,46,194,65,68,86,143,211,348,127,96,101,139,338,183,22,106,201,116,89,112,42,118,92,100,237,298,561,111,160,33,170,176,23,98,216,123,35,140,34,156,174,132,212,62,124
443,340,162,74,403,113,393,118,150,169,350,472,732,262,244,234,301,734,372,68,212,382,246,160,225,98,267,197,206,505,593,1136,234,377,78,387,382,74,226,455,243,78,279,156,174,374,264,425,159,261
447,407,177,75,483,99,453,147,140,167,399,561,875,297,238,260,376,849,503,71,251,482,270,191,286,125,351,209,245,595,727,1330,263,437,93,504,440,76,229,511,315,123,349,174,374,207,280,460,177,311
357,266,120,46,325,69,286,83,104,122,281,368,635,180,160,166,236,609,328,43,152,351,199,131,197,79,216,176,127,453,491,932,197,296,58,323,317,55,158,341,202,63,197,132,264,280,98,314,125,192
527,433,219,97,510,120,481,168,192,206,428,622,952,291,290,316,383,954,517,65,301,520,303,195,346,143,369,255,263,651,773,1447,309,506,130,567,474,113,261,533,348,115,378,212,425,460,314,266,194,364
153,171,63,26,177,39,174,57,54,64,135,205,322,126,101,124,123,355,204,30,108,196,102,77,115,64,148,111,106,243,267,493,115,173,36,196,172,34,86,184,103,43,143,62,159,177,125,194,44,122
391,306,124,49,345,89,328,123,108,136,296,389,619,223,193,189,253,577,351,36,182,317,192,131,210,89,220,165,174,406,490,898,174,322,73,342,322,54,191,349,212,73,258,124,261,311,192,364,122,111
