269,425,207,84,495,93,476,196,173,228,424,519,836,385,319,339,363,854,541,68,301,541,338,206,361,144,392,297,304,628,714,1198,248,516,95,555,494,100,244,479,358,124,383,169,429,458,320,496,153,358
425,167,177,81,467,108,398,117,164,177,357,484,780,264,221,221,343,808,436,65,227,475,225,156,277,124,269,217,205,536,652,1255,219,419,107,478,404,91,234,483,263,92,337,131,365,427,302,483,162,302
207,177,39,31,211,47,180,57,56,72,167,215,373,123,109,107,144,367,202,28,107,228,101,81,135,48,132,77,90,241,297,617,105,175,50,217,191,30,114,227,119,36,142,74,161,181,122,230,75,140
84,81,31,10,87,24,90,33,35,38,64,92,149,63,49,48,72,142,83,7,45,68,57,35,70,26,54,49,51,115,130,186,51,91,20,104,74,18,51,95,71,26,58,26,74,70,61,99,36,63
495,467,211,87,282,132,543,193,200,201,443,578,995,296,271,284,379,934,516,73,299,515,312,210,355,125,362,223,249,627,760,1494,293,490,120,575,493,80,282,566,320,111,370,184,426,450,317,564,199,367
93,108,47,24,132,16,107,44,38,52,103,114,189,79,69,69,83,185,111,11,67,97,61,45,80,33,91,60,60,138,184,287,59,111,31,119,76,20,61,111,73,30,77,37,74,99,85,125,38,83
476,398,180,90,543,107,220,155,165,199,432,556,877,296,262,273,368,863,507,57,271,477,275,184,309,119,312,234,224,612,735,1311,247,482,110,540,415,85,259,505,349,101,349,162,354,462,327,494,167,334
196,117,57,33,193,44,155,26,68,69,140,156,279,101,77,85,110,282,140,22,88,173,94,57,111,40,107,74,60,195,219,418,82,156,34,162,126,24,78,177,104,35,116,47,120,146,116,151,59,83
173,164,56,35,200,38,165,68,28,67,137,198,286,79,69,83,119,283,158,19,99,172,96,65,99,44,113,76,100,228,221,448,84,157,37,186,142,36,88,162,106,32,122,61,114,149,96,152,50,108
228,177,72,38,201,52,199,69,67,48,167,225,378,129,120,130,143,369,199,25,109,201,141,96,144,57,141,105,121,271,331,553,116,188,46,230,210,40,117,211,153,42,174,77,172,179,139,191,71,142
424,357,167,64,443,103,432,140,137,167,192,448,795,278,211,249,300,753,401,50,241,440,264,176,285,91,266,213,257,538,663,1165,226,416,99,480,381,83,217,449,276,87,323,158,351,385,273,397,146,268
519,484,215,92,578,114,556,156,198,225,448,352,1003,355,279,308,397,1034,595,68,300,573,351,220,369,143,355,250,278,709,908,1600,310,508,137,615,518,94,287,633,376,119,427,227,459,519,344,601,216,348
836,780,373,149,995,189,877,279,286,378,795,1003,805,577,453,531,663,1491,973,117,508,970,553,356,597,217,617,413,462,1211,1380,2481,499,893,219,1018,818,161,471,1002,611,216,691,332,709,916,573,977,318,627
385,264,123,63,296,79,296,101,79,129,278,355,577,112,173,169,209,580,323,33,176,317,188,126,210,83,203,145,171,411,475,862,181,305,78,343,308,64,155,336,211,70,290,107,256,290,209,328,109,236
319,221,109,49,271,69,262,77,69,120,211,279,453,173,60,137,205,464,253,34,136,256,169,103,161,69,184,144,146,325,413,781,124,257,45,293,248,36,129,285,167,61,193,92,203,245,157,276,112,196
339,221,107,48,284,69,273,85,83,130,249,308,531,169,137,65,214,509,284,39,128,295,179,116,186,68,193,137,161,359,454,825,147,269,54,304,257,40,126,310,197,56,222,101,220,281,161,277,123,209
363,343,144,72,379,83,368,110,119,143,300,397,663,209,205,214,110,644,365,46,221,347,195,164,233,93,269,136,206,439,499,1004,211,358,81,334,359,54,177,382,245,69,263,124,272,350,203,366,126,234
854,808,367,142,934,185,863,282,283,369,753,1034,1491,580,464,509,644,853,953,116,487,957,570,353,593,222,626,402,461,1188,1370,2456,494,881,208,1023,838,171,473,987,619,202,695,346,740,894,576,966,338,610
541,436,202,83,516,111,507,140,158,199,401,595,973,323,253,284,365,953,270,56,292,458,304,200,339,123,341,230,245,676,743,1372,294,485,119,557,440,98,266,564,343,111,371,172,382,483,290,543,170,351
68,65,28,7,73,11,57,22,19,25,50,68,117,33,34,39,46,116,56,3,30,52,33,17,36,15,39,39,32,81,83,172,32,53,12,62,51,9,31,78,38,16,49,24,44,44,34,67,26,41
301,227,107,45,299,67,271,88,99,109,241,300,508,176,136,128,221,487,292,30,64,276,144,97,184,71,185,137,129,325,438,807,164,255,54,265,261,54,141,298,209,64,228,118,202,288,186,310,104,165
541,475,228,68,515,97,477,173,172,201,440,573,970,317,256,295,347,957,458,52,276,262,298,162,338,118,329,262,233,685,784,1426,268,475,120,570,475,99,270,543,331,102,396,174,387,500,302,537,195,346
338,225,101,57,312,61,275,94,96,141,264,351,553,188,169,179,195,570,304,33,144,298,83,118,198,82,194,119,163,401,465,852,167,283,61,306,266,45,138,331,186,67,220,117,218,284,168,297,121,214
206,156,81,35,210,45,184,57,65,96,176,220,356,126,103,116,164,353,200,17,97,162,118,35,122,50,125,103,111,246,285,571,106,205,37,224,192,31,111,226,119,38,151,73,147,219,133,206,69,143
361,277,135,70,355,80,309,111,99,144,285,369,597,210,161,186,233,593,339,36,184,338,198,122,99,67,211,168,173,431,526,969,172,328,73,346,304,59,181,339,196,69,243,116,241,336,199,329,124,235
144,124,48,26,125,33,119,40,44,57,91,143,217,83,69,68,93,222,123,15,71,118,82,50,67,18,74,65,64,163,179,359,74,125,30,131,117,19,82,143,81,22,88,51,104,120,76,138,48,92
392,269,132,54,362,91,312,107,113,141,266,355,617,203,184,193,269,626,341,39,185,329,194,125,211,74,98,170,195,434,496,961,175,318,71,351,312,60,188,365,193,70,254,139,262,315,216,381,129,230
297,217,77,49,223,60,234,74,76,105,213,250,413,145,144,137,136,402,230,39,137,262,119,103,168,65,170,56,125,297,371,629,137,222,45,213,252,30,117,253,143,50,183,78,202,243,134,239,90,156
304,205,90,51,249,60,224,60,100,121,257,278,462,171,146,161,206,461,245,32,129,233,163,111,173,64,195,125,72,283,376,723,137,236,56,265,227,42,119,263,164,48,204,103,223,228,152,273,95,194
628,536,241,115,627,138,612,195,228,271,538,709,1211,411,325,359,439,1188,676,81,325,685,401,246,431,163,434,297,283,383,980,1873,357,607,150,660,593,105,302,672,417,149,492,231,467,639,395,677,244,413
714,652,297,130,760,184,735,219,221,331,663,908,1380,475,413,454,499,1370,743,83,438,784,465,285,526,179,496,371,376,980,557,2089,418,699,181,811,718,152,371,823,506,159,590,258,596,723,512,740,279,501
1198,1255,617,186,1494,287,1311,418,448,553,1165,1600,2481,862,781,825,1004,2456,1372,172,807,1426,852,571,969,359,961,629,723,1873,2089,1975,703,1279,325,1562,1278,251,704,1532,979,312,1049,559,1144,1359,896,1494,491,920
248,219,105,51,293,59,247,82,84,116,226,310,499,181,124,147,211,494,294,32,164,268,167,106,172,74,175,137,137,357,418,703,69,243,52,322,262,42,146,292,208,65,229,91,198,266,154,263,81,185
516,419,175,91,490,111,482,156,157,188,416,508,893,305,257,269,358,881,485,53,255,475,283,205,328,125,318,222,236,607,699,1279,243,255,96,502,441,78,247,498,298,99,394,173,393,451,297,492,186,311
95,107,50,20,120,31,110,34,37,46,99,137,219,78,45,54,81,208,119,12,54,120,61,37,73,30,71,45,56,150,181,325,52,96,9,114,110,19,52,117,70,19,93,50,95,115,73,143,49,64
555,478,217,104,575,119,540,162,186,230,480,615,1018,343,293,304,334,1023,557,62,265,570,306,224,346,131,351,213,265,660,811,1562,322,502,114,284,504,93,262,610,379,112,431,197,425,505,330,588,201,338
494,404,191,74,493,76,415,126,142,210,381,518,818,308,248,257,359,838,440,51,261,475,266,192,304,117,312,252,227,593,718,1278,262,441,110,504,225,77,225,497,320,93,357,165,376,448,321,439,192,332
100,91,30,18,80,20,85,24,36,40,83,94,161,64,36,40,54,171,98,9,54,99,45,31,59,19,60,30,42,105,152,251,42,78,19,93,77,7,41,103,64,12,73,37,72,81,46,95,33,73
244,234,114,51,282,61,259,78,88,117,217,287,471,155,129,126,177,473,266,31,141,270,138,111,181,82,188,117,119,302,371,704,146,247,52,262,225,41,64,306,152,50,205,92,218,237,181,269,87,140
479,483,227,95,566,111,505,177,162,211,449,633,1002,336,285,310,382,987,564,78,298,543,331,226,339,143,365,253,263,672,823,1532,292,498,117,610,497,103,306,278,350,134,390,193,455,570,348,538,158,334
358,263,119,71,320,73,349,104,106,153,276,376,611,211,167,197,245,619,343,38,209,331,186,119,196,81,193,143,164,417,506,979,208,298,70,379,320,64,152,350,112,78,272,116,259,332,217,355,115,213
124,92,36,26,111,30,101,35,32,42,87,119,216,70,61,56,69,202,111,16,64,102,67,38,69,22,70,50,48,149,159,312,65,99,19,112,93,12,50,134,78,8,80,38,80,104,68,122,38,61
383,337,142,58,370,77,349,116,122,174,323,427,691,290,193,222,263,695,371,49,228,396,220,151,243,88,254,183,204,492,590,1049,229,394,93,431,357,73,205,390,272,80,139,124,297,372,230,365,145,285
169,131,74,26,184,37,162,47,61,77,158,227,332,107,92,101,124,346,172,24,118,174,117,73,116,51,139,78,103,231,258,559,91,173,50,197,165,37,92,193,116,38,124,31,138,215,106,182,73,125
429,365,161,74,426,74,354,120,114,172,351,459,709,256,203,220,272,740,382,44,202,387,218,147,241,104,262,202,223,467,596,1144,198,393,95,425,376,72,218,455,259,80,297,138,156,401,244,406,143,248
458,427,181,70,450,99,462,146,149,179,385,519,916,290,245,281,350,894,483,44,288,500,284,219,336,120,315,243,228,639,723,1359,266,451,115,505,448,81,237,570,332,104,372,215,401,223,310,508,182,316
320,302,122,61,317,85,327,116,96,139,273,344,573,209,157,161,203,576,290,34,186,302,168,133,199,76,216,134,152,395,512,896,154,297,73,330,321,46,181,348,217,68,230,106,244,310,91,326,129,212
496,483,230,99,564,125,494,151,152,191,397,601,977,328,276,277,366,966,543,67,310,537,297,206,329,138,381,239,273,677,740,1494,263,492,143,588,439,95,269,538,355,122,365,182,406,508,326,261,193,327
153,162,75,36,199,38,167,59,50,71,146,216,318,109,112,123,126,338,170,26,104,195,121,69,124,48,129,90,95,244,279,491,81,186,49,201,192,33,87,158,115,38,145,73,143,182,129,193,38,124
358,302,140,63,367,83,334,83,108,142,268,348,627,236,196,209,234,610,351,41,165,346,214,143,235,92,230,156,194,413,501,920,185,311,64,338,332,73,140,334,213,61,285,125,248,316,212,327,124,103
