249,491,218,106,489,123,479,202,160,265,456,521,804,371,316,327,368,813,521,73,300,515,358,230,336,140,400,282,323,574,719,1229,278,486,112,491,481,96,269,457,289,120,372,191,424,412,304,508,168,379
491,190,170,76,429,107,409,109,136,163,353,476,769,293,226,234,320,754,416,52,217,460,257,165,288,119,303,194,189,537,637,1217,234,397,104,444,433,67,193,417,256,77,301,159,346,415,259,462,151,293
218,170,40,37,187,53,185,65,63,82,151,203,349,113,104,109,164,340,231,29,103,210,119,70,128,52,115,111,89,263,314,551,112,196,56,210,192,36,103,189,119,41,154,79,172,189,133,204,79,132
106,76,37,9,66,21,85,32,25,40,77,84,165,57,49,48,55,153,80,17,42,86,44,34,67,24,69,50,48,109,119,213,39,70,20,82,74,19,42,79,56,16,64,34,76,69,69,95,28,62
489,429,187,66,293,114,500,180,176,200,403,554,907,327,295,302,385,866,505,58,311,556,313,218,322,139,331,222,284,618,811,1413,291,455,115,520,478,96,263,530,336,128,385,203,428,466,299,500,170,347
123,107,53,21,114,11,107,40,41,51,84,116,188,88,63,68,74,187,103,15,58,132,82,51,79,41,94,63,54,133,171,270,63,89,30,127,93,23,60,111,74,33,86,57,99,96,86,123,41,79
479,409,185,85,500,107,251,150,154,213,405,549,856,336,269,284,344,862,468,60,279,480,300,203,336,143,360,267,227,613,723,1289,255,480,116,506,437,76,242,464,296,87,371,193,398,403,364,502,171,334
202,109,65,32,180,40,150,33,43,72,129,164,268,106,96,94,113,251,160,13,75,177,92,61,106,41,85,65,86,202,226,417,74,145,39,155,159,19,82,158,99,32,130,49,121,124,93,181,61,107
160,136,63,25,176,41,154,43,16,69,130,183,301,102,98,112,140,284,187,16,87,168,93,60,102,33,99,89,75,202,269,431,103,152,39,177,152,22,66,202,107,25,131,74,126,152,115,180,59,105
265,163,82,40,200,51,213,72,69,45,172,213,405,160,123,136,169,380,241,33,100,216,126,87,123,45,121,91,105,261,282,551,90,196,42,218,210,37,106,214,134,41,160,52,170,169,127,223,72,149
456,353,151,77,403,84,405,129,130,172,174,459,813,297,238,260,318,778,476,55,237,485,279,167,242,109,284,198,207,525,626,1144,226,409,87,451,430,84,208,426,274,77,319,146,343,385,267,433,132,294
521,476,203,84,554,116,549,164,183,213,459,324,1039,338,260,302,383,989,570,56,315,565,311,237,360,150,380,265,270,709,849,1572,329,506,136,586,545,90,255,610,350,111,414,195,447,549,348,568,211,355
804,769,349,165,907,188,856,268,301,405,813,1039,833,604,457,499,639,1484,911,103,488,951,522,380,605,250,640,467,447,1090,1352,2446,450,838,203,961,879,143,446,972,593,186,693,325,755,854,560,903,327,577
371,293,113,57,327,88,336,106,102,160,297,338,604,95,178,189,250,616,315,41,173,334,195,130,211,89,245,150,157,420,496,853,165,316,96,315,313,50,176,335,203,58,233,108,250,284,208,351,121,239
316,226,104,49,295,63,269,96,98,123,238,260,457,178,79,154,217,455,271,26,155,278,158,93,161,70,164,116,141,318,411,765,133,233,53,311,252,40,150,263,165,58,210,111,227,264,166,329,101,184
327,234,109,48,302,68,284,94,112,136,260,302,499,189,154,72,225,509,296,34,152,295,171,101,184,65,159,119,121,340,422,816,145,266,72,301,263,48,160,277,183,63,213,105,206,275,201,341,116,210
368,320,164,55,385,74,344,113,140,169,318,383,639,250,217,225,123,653,335,40,177,352,217,152,254,97,266,168,191,456,534,955,200,317,86,390,363,56,176,389,248,70,270,135,310,313,249,376,129,280
813,754,340,153,866,187,862,251,284,380,778,989,1484,616,455,509,653,806,957,104,531,950,510,382,606,234,626,423,430,1065,1354,2509,461,840,240,997,835,140,415,945,594,202,671,320,719,883,565,902,341,602
521,416,231,80,505,103,468,160,187,241,476,570,911,315,271,296,335,957,268,66,272,475,299,182,313,131,339,245,233,639,809,1475,300,461,126,533,462,84,244,515,345,100,384,190,394,459,334,526,197,334
73,52,29,17,58,15,60,13,16,33,55,56,103,41,26,34,40,104,66,5,34,55,42,30,42,20,39,22,37,87,93,182,31,56,12,55,58,15,20,64,30,11,40,18,51,45,25,73,21,40
300,217,103,42,311,58,279,75,87,100,237,315,488,173,155,152,177,531,272,34,75,302,156,106,201,57,190,139,141,343,422,774,167,288,52,272,253,32,119,301,202,45,253,107,215,257,168,293,117,203
515,460,210,86,556,132,480,177,168,216,485,565,951,334,278,295,352,950,475,55,302,260,316,186,337,142,370,236,247,658,744,1444,287,494,119,523,481,89,249,523,366,99,369,183,392,469,322,512,167,327
358,257,119,44,313,82,300,92,93,126,279,311,522,195,158,171,217,510,299,42,156,316,86,122,172,96,193,126,124,356,429,840,149,266,71,317,287,55,153,330,185,57,241,111,219,253,198,356,93,181
230,165,70,34,218,51,203,61,60,87,167,237,380,130,93,101,152,382,182,30,106,186,122,38,134,39,137,114,96,260,262,524,99,189,47,194,211,34,106,221,141,40,141,60,163,181,127,203,73,144
336,288,128,67,322,79,336,106,102,123,242,360,605,211,161,184,254,606,313,42,201,337,172,134,87,86,193,147,142,400,491,972,173,289,79,324,320,58,171,372,232,68,251,133,235,296,200,358,133,184
140,119,52,24,139,41,143,41,33,45,109,150,250,89,70,65,97,234,131,20,57,142,96,39,86,12,74,69,66,181,185,374,74,142,22,138,115,25,51,122,83,29,111,47,96,134,102,137,45,92
400,303,115,69,331,94,360,85,99,121,284,380,640,245,164,159,266,626,339,39,190,370,193,137,193,74,102,161,170,418,500,1029,189,337,63,348,339,57,136,359,211,63,248,123,250,308,218,359,124,228
282,194,111,50,222,63,267,65,89,91,198,265,467,150,116,119,168,423,245,22,139,236,126,114,147,69,161,49,133,302,393,687,117,224,46,258,232,40,117,260,159,42,194,91,191,230,135,247,97,166
323,189,89,48,284,54,227,86,75,105,207,270,447,157,141,121,191,430,233,37,141,247,124,96,142,66,170,133,64,318,368,740,134,242,59,294,259,47,136,264,170,51,181,77,184,208,157,259,92,178
574,537,263,109,618,133,613,202,202,261,525,709,1090,420,318,340,456,1065,639,87,343,658,356,260,400,181,418,302,318,373,945,1741,316,597,128,639,614,107,341,642,421,138,483,234,524,588,372,645,241,390
719,637,314,119,811,171,723,226,269,282,626,849,1352,496,411,422,534,1354,809,93,422,744,429,262,491,185,500,393,368,945,594,2025,420,708,169,841,674,138,383,811,462,133,617,306,607,708,493,749,268,504
1229,1217,551,213,1413,270,1289,417,431,551,1144,1572,2446,853,765,816,955,2509,1475,182,774,1444,840,524,972,374,1029,687,740,1741,2025,1879,708,1290,326,1549,1256,233,719,1479,902,287,1063,527,1108,1241,911,1442,508,935
278,234,112,39,291,63,255,74,103,90,226,329,450,165,133,145,200,461,300,31,167,287,149,99,173,74,189,117,134,316,420,708,53,234,69,306,254,58,132,299,177,64,201,96,209,256,161,270,101,163
486,397,196,70,455,89,480,145,152,196,409,506,838,316,233,266,317,840,461,56,288,494,266,189,289,142,337,224,242,597,708,1290,234,184,114,493,425,72,254,504,317,91,376,188,367,441,252,510,160,304
112,104,56,20,115,30,116,39,39,42,87,136,203,96,53,72,86,240,126,12,52,119,71,47,79,22,63,46,59,128,169,326,69,114,20,98,116,17,67,143,72,22,75,35,82,100,82,107,48,75
491,444,210,82,520,127,506,155,177,218,451,586,961,315,311,301,390,997,533,55,272,523,317,194,324,138,348,258,294,639,841,1549,306,493,98,286,480,82,270,568,322,107,401,209,437,477,309,545,195,344
481,433,192,74,478,93,437,159,152,210,430,545,879,313,252,263,363,835,462,58,253,481,287,211,320,115,339,232,259,614,674,1256,254,425,116,480,220,76,259,495,301,101,344,179,396,454,314,466,197,315
96,67,36,19,96,23,76,19,22,37,84,90,143,50,40,48,56,140,84,15,32,89,55,34,58,25,57,40,47,107,138,233,58,72,17,82,76,9,37,90,64,16,73,30,77,84,53,95,40,45
269,193,103,42,263,60,242,82,66,106,208,255,446,176,150,160,176,415,244,20,119,249,153,106,171,51,136,117,136,341,383,719,132,254,67,270,259,37,55,284,153,46,191,95,213,216,178,260,99,197
457,417,189,79,530,111,464,158,202,214,426,610,972,335,263,277,389,945,515,64,301,523,330,221,372,122,359,260,264,642,811,1479,299,504,143,568,495,90,284,268,316,107,417,202,426,515,337,511,205,397
289,256,119,56,336,74,296,99,107,134,274,350,593,203,165,183,248,594,345,30,202,366,185,141,232,83,211,159,170,421,462,902,177,317,72,322,301,64,153,316,112,61,231,126,273,284,202,335,121,222
120,77,41,16,128,33,87,32,25,41,77,111,186,58,58,63,70,202,100,11,45,99,57,40,68,29,63,42,51,138,133,287,64,91,22,107,101,16,46,107,61,9,83,54,75,101,58,100,44,65
372,301,154,64,385,86,371,130,131,160,319,414,693,233,210,213,270,671,384,40,253,369,241,141,251,111,248,194,181,483,617,1063,201,376,75,401,344,73,191,417,231,83,137,148,275,332,260,378,147,253
191,159,79,34,203,57,193,49,74,52,146,195,325,108,111,105,135,320,190,18,107,183,111,60,133,47,123,91,77,234,306,527,96,188,35,209,179,30,95,202,126,54,148,33,141,168,121,213,70,111
424,346,172,76,428,99,398,121,126,170,343,447,755,250,227,206,310,719,394,51,215,392,219,163,235,96,250,191,184,524,607,1108,209,367,82,437,396,77,213,426,273,75,275,141,151,375,260,435,142,267
412,415,189,69,466,96,403,124,152,169,385,549,854,284,264,275,313,883,459,45,257,469,253,181,296,134,308,230,208,588,708,1241,256,441,100,477,454,84,216,515,284,101,332,168,375,215,287,474,145,290
304,259,133,69,299,86,364,93,115,127,267,348,560,208,166,201,249,565,334,25,168,322,198,127,200,102,218,135,157,372,493,911,161,252,82,309,314,53,178,337,202,58,260,121,260,287,95,364,136,249
508,462,204,95,500,123,502,181,180,223,433,568,903,351,329,341,376,902,526,73,293,512,356,203,358,137,359,247,259,645,749,1442,270,510,107,545,466,95,260,511,335,100,378,213,435,474,364,263,183,367
168,151,79,28,170,41,171,61,59,72,132,211,327,121,101,116,129,341,197,21,117,167,93,73,133,45,124,97,92,241,268,508,101,160,48,195,197,40,99,205,121,44,147,70,142,145,136,183,31,107
379,293,132,62,347,79,334,107,105,149,294,355,577,239,184,210,280,602,334,40,203,327,181,144,184,92,228,166,178,390,504,935,163,304,75,344,315,45,197,397,222,65,253,111,267,290,249,367,107,116
