275,470,206,98,487,115,504,183,181,262,480,523,806,387,313,359,374,805,492,70,322,536,343,240,365,144,375,280,323,607,710,1182,245,545,107,540,498,76,236,509,307,107,363,194,444,436,304,490,148,391
470,190,191,67,457,94,444,121,142,165,353,481,747,275,241,255,310,770,440,59,239,417,241,159,286,96,257,180,222,526,633,1222,258,405,106,474,409,62,218,481,294,80,316,160,321,419,282,474,167,283
206,191,37,27,193,47,198,50,58,78,167,218,352,137,95,108,145,342,201,32,115,206,105,81,119,45,138,83,78,264,311,529,123,182,41,212,189,32,97,206,140,44,167,78,149,187,107,240,50,136
98,67,27,8,83,20,95,18,28,35,71,77,152,52,46,43,44,152,103,10,49,100,50,33,55,16,50,44,43,116,138,195,45,91,15,89,84,7,33,96,53,19,71,28,75,86,45,98,25,52
487,457,193,83,241,127,504,175,166,220,411,564,950,337,266,283,369,946,540,60,277,542,329,192,324,129,358,241,244,649,781,1375,305,463,105,562,502,80,259,578,325,90,392,216,409,488,342,513,179,343
115,94,47,20,127,12,123,27,40,47,102,109,186,80,60,62,73,205,130,10,68,131,71,37,76,28,63,55,55,154,158,270,58,106,24,119,112,15,44,111,61,27,80,33,85,105,66,130,28,74
504,444,198,95,504,123,242,148,156,208,416,511,884,307,262,288,343,858,495,53,271,502,280,200,339,118,321,232,231,598,729,1354,277,421,117,531,453,64,232,497,334,99,360,181,377,438,300,523,172,357
183,121,50,18,175,27,148,20,51,54,144,168,270,96,64,79,112,264,155,15,71,144,86,64,101,38,95,69,71,189,246,408,81,133,31,149,144,22,73,163,96,32,103,60,116,130,96,145,54,108
181,142,58,28,166,40,156,51,30,69,137,169,297,109,88,97,122,276,138,26,93,162,99,67,108,38,112,72,74,204,213,406,90,152,40,178,150,24,82,168,101,37,104,69,135,140,94,171,67,108
262,165,78,35,220,47,208,54,69,51,170,201,352,151,109,133,152,362,195,22,107,197,116,93,134,58,160,93,104,283,283,527,106,203,40,237,203,33,87,211,141,40,142,77,180,194,140,204,75,159
480,353,167,71,411,102,416,144,137,170,174,472,746,270,241,270,333,765,459,49,230,475,256,167,293,112,307,207,235,526,651,1074,224,409,103,455,400,68,210,470,300,89,323,157,337,385,269,438,168,323
523,481,218,77,564,109,511,168,169,201,472,326,1074,342,294,339,409,1036,605,63,283,573,322,204,380,135,377,265,256,734,886,1615,327,546,119,575,512,87,301,567,403,127,438,247,441,520,352,612,216,382
806,747,352,152,950,186,884,270,297,352,746,1074,838,604,479,534,636,1376,941,114,521,926,547,361,601,216,592,437,452,1157,1373,2452,488,866,184,970,827,175,424,906,567,194,664,335,730,833,578,933,342,609
387,275,137,52,337,80,307,96,109,151,270,342,604,119,166,192,250,604,313,46,163,354,177,124,202,78,214,131,147,431,498,901,184,311,77,342,329,56,156,355,229,64,288,124,261,306,203,344,106,256
313,241,95,46,266,60,262,64,88,109,241,294,479,166,58,130,199,461,261,40,146,257,158,109,177,75,208,106,133,342,413,728,151,220,68,244,273,34,139,292,168,58,213,117,222,262,165,305,106,198
359,255,108,43,283,62,288,79,97,133,270,339,534,192,130,88,188,510,278,41,149,287,157,121,188,71,216,129,142,354,454,793,150,253,70,296,287,38,133,338,186,64,213,109,220,281,165,327,113,197
374,310,145,44,369,73,343,112,122,152,333,409,636,250,199,188,134,629,372,44,212,367,193,144,233,87,237,177,173,433,542,989,186,321,82,380,340,62,185,398,253,60,268,121,290,332,216,388,129,273
805,770,342,152,946,205,858,264,276,362,765,1036,1376,604,461,510,629,758,932,115,531,961,558,359,638,230,632,403,466,1114,1379,2402,499,850,201,971,833,185,423,935,592,178,679,297,757,855,560,955,326,596
492,440,201,103,540,130,495,155,138,195,459,605,941,313,261,278,372,932,255,71,303,470,317,209,316,118,359,218,245,644,719,1375,273,509,124,528,503,99,237,540,326,98,439,187,411,451,293,554,227,367
70,59,32,10,60,10,53,15,26,22,49,63,114,46,40,41,44,115,71,2,27,66,27,28,42,14,36,26,37,71,90,182,47,57,14,62,68,8,33,74,40,21,71,32,64,55,35,72,24,38
322,239,115,49,277,68,271,71,93,107,230,283,521,163,146,149,212,531,303,27,70,311,153,101,177,80,167,132,150,341,431,814,170,265,53,297,276,50,130,324,151,40,210,105,226,262,178,263,103,176
536,417,206,100,542,131,502,144,162,197,475,573,926,354,257,287,367,961,470,66,311,257,328,209,355,123,328,226,272,638,744,1397,298,517,137,530,487,91,258,569,319,96,426,188,447,469,334,516,225,362
343,241,105,50,329,71,280,86,99,116,256,322,547,177,158,157,193,558,317,27,153,328,89,111,196,69,196,141,140,360,473,783,165,235,70,287,300,51,145,320,177,53,224,107,249,266,205,304,122,211
240,159,81,33,192,37,200,64,67,93,167,204,361,124,109,121,144,359,209,28,101,209,111,50,134,55,131,94,102,254,305,584,120,172,54,225,167,30,117,234,143,37,146,66,158,212,126,211,63,136
365,286,119,55,324,76,339,101,108,134,293,380,601,202,177,188,233,638,316,42,177,355,196,134,98,81,229,155,199,407,516,896,185,296,71,324,306,47,162,381,229,66,257,116,264,313,199,389,120,246
144,96,45,16,129,28,118,38,38,58,112,135,216,78,75,71,87,230,118,14,80,123,69,55,81,11,73,59,59,134,211,352,71,121,17,115,122,18,63,117,77,18,109,46,111,146,67,156,49,79
375,257,138,50,358,63,321,95,112,160,307,377,592,214,208,216,237,632,359,36,167,328,196,131,229,73,110,134,163,402,540,916,184,300,66,351,323,57,148,381,196,61,266,121,286,354,202,398,125,246
280,180,83,44,241,55,232,69,72,93,207,265,437,131,106,129,177,403,218,26,132,226,141,94,155,59,134,56,114,272,321,717,118,239,40,220,236,39,115,259,141,54,183,88,183,176,152,245,77,156
323,222,78,43,244,55,231,71,74,104,235,256,452,147,133,142,173,466,245,37,150,272,140,102,199,59,163,114,58,318,382,708,130,223,68,260,268,42,124,288,167,42,210,100,225,225,159,274,102,179
607,526,264,116,649,154,598,189,204,283,526,734,1157,431,342,354,433,1114,644,71,341,638,360,254,407,134,402,272,318,363,907,1748,343,587,151,690,602,115,288,663,430,119,481,266,528,595,395,674,229,408
710,633,311,138,781,158,729,246,213,283,651,886,1373,498,413,454,542,1379,719,90,431,744,473,305,516,211,540,321,382,907,564,2079,391,708,182,789,722,144,381,782,476,167,552,289,619,706,541,802,287,535
1182,1222,529,195,1375,270,1354,408,406,527,1074,1615,2452,901,728,793,989,2402,1375,182,814,1397,783,584,896,352,916,717,708,1748,2079,1906,721,1335,294,1564,1308,230,723,1465,931,296,1057,564,1103,1262,912,1397,513,952
245,258,123,45,305,58,277,81,90,106,224,327,488,184,151,150,186,499,273,47,170,298,165,120,185,71,184,118,130,343,391,721,79,257,56,289,280,37,131,273,206,64,210,97,219,241,179,284,114,178
545,405,182,91,463,106,421,133,152,203,409,546,866,311,220,253,321,850,509,57,265,517,235,172,296,121,300,239,223,587,708,1335,257,191,106,483,440,74,208,502,321,97,352,167,363,437,316,457,190,284
107,106,41,15,105,24,117,31,40,40,103,119,184,77,68,70,82,201,124,14,53,137,70,54,71,17,66,40,68,151,182,294,56,106,14,112,108,21,57,129,86,17,88,41,106,111,79,123,41,92
540,474,212,89,562,119,531,149,178,237,455,575,970,342,244,296,380,971,528,62,297,530,287,225,324,115,351,220,260,690,789,1564,289,483,112,298,506,80,287,607,344,96,402,208,431,517,298,574,201,350
498,409,189,84,502,112,453,144,150,203,400,512,827,329,273,287,340,833,503,68,276,487,300,167,306,122,323,236,268,602,722,1308,280,440,108,506,195,86,225,508,305,123,374,168,362,418,303,489,161,321
76,62,32,7,80,15,64,22,24,33,68,87,175,56,34,38,62,185,99,8,50,91,51,30,47,18,57,39,42,115,144,230,37,74,21,80,86,4,39,98,52,18,74,25,60,83,57,90,28,64
236,218,97,33,259,44,232,73,82,87,210,301,424,156,139,133,185,423,237,33,130,258,145,117,162,63,148,115,124,288,381,723,131,208,57,287,225,39,64,273,177,44,191,88,198,231,149,251,90,187
509,481,206,96,578,111,497,163,168,211,470,567,906,355,292,338,398,935,540,74,324,569,320,234,381,117,381,259,288,663,782,1465,273,502,129,607,508,98,273,312,335,101,410,206,419,492,343,553,202,388
307,294,140,53,325,61,334,96,101,141,300,403,567,229,168,186,253,592,326,40,151,319,177,143,229,77,196,141,167,430,476,931,206,321,86,344,305,52,177,335,99,62,258,126,262,306,195,341,118,199
107,80,44,19,90,27,99,32,37,40,89,127,194,64,58,64,60,178,98,21,40,96,53,37,66,18,61,54,42,119,167,296,64,97,17,96,123,18,44,101,62,6,96,40,85,99,63,116,31,67
363,316,167,71,392,80,360,103,104,142,323,438,664,288,213,213,268,679,439,71,210,426,224,146,257,109,266,183,210,481,552,1057,210,352,88,402,374,74,191,410,258,96,143,133,320,334,260,400,140,241
194,160,78,28,216,33,181,60,69,77,157,247,335,124,117,109,121,297,187,32,105,188,107,66,116,46,121,88,100,266,289,564,97,167,41,208,168,25,88,206,126,40,133,30,145,166,109,210,66,115
444,321,149,75,409,85,377,116,135,180,337,441,730,261,222,220,290,757,411,64,226,447,249,158,264,111,286,183,225,528,619,1103,219,363,106,431,362,60,198,419,262,85,320,145,163,386,257,414,172,263
436,419,187,86,488,105,438,130,140,194,385,520,833,306,262,281,332,855,451,55,262,469,266,212,313,146,354,176,225,595,706,1262,241,437,111,517,418,83,231,492,306,99,334,166,386,210,300,483,193,313
304,282,107,45,342,66,300,96,94,140,269,352,578,203,165,165,216,560,293,35,178,334,205,126,199,67,202,152,159,395,541,912,179,316,79,298,303,57,149,343,195,63,260,109,257,300,98,359,120,246
490,474,240,98,513,130,523,145,171,204,438,612,933,344,305,327,388,955,554,72,263,516,304,211,389,156,398,245,274,674,802,1397,284,457,123,574,489,90,251,553,341,116,400,210,414,483,359,243,198,382
148,167,50,25,179,28,172,54,67,75,168,216,342,106,106,113,129,326,227,24,103,225,122,63,120,49,125,77,102,229,287,513,114,190,41,201,161,28,90,202,118,31,140,66,172,193,120,198,32,136
391,283,136,52,343,74,357,108,108,159,323,382,609,256,198,197,273,596,367,38,176,362,211,136,246,79,246,156,179,408,535,952,178,284,92,350,321,64,187,388,199,67,241,115,263,313,246,382,136,120
