272,474,196,89,523,125,481,181,175,258,451,552,845,371,341,339,371,854,531,78,317,537,331,205,379,152,376,264,296,626,674,1179,220,531,118,530,502,85,252,452,306,110,365,186,438,444,358,491,179,379
474,185,169,77,425,109,443,136,164,188,364,502,824,276,224,226,309,827,406,50,248,429,235,214,277,112,265,204,200,534,683,1229,228,401,100,448,409,66,208,492,291,102,333,171,325,376,292,436,169,306
196,169,52,43,187,47,207,56,53,82,178,187,348,156,117,113,149,331,171,28,99,197,114,89,143,52,146,88,103,258,298,566,109,167,33,232,200,39,89,222,131,35,149,83,175,174,116,198,93,126
89,77,43,6,86,15,68,20,28,38,71,91,151,57,54,49,49,139,77,11,57,76,54,24,54,17,45,35,45,120,115,229,33,62,14,93,70,14,25,88,63,12,63,34,64,89,64,93,32,56
523,425,187,86,238,106,484,155,169,210,417,564,975,300,268,296,398,907,499,52,321,496,290,208,321,119,330,235,227,669,796,1457,282,454,138,575,510,85,252,554,329,121,397,201,383,485,327,522,207,373
125,109,47,15,106,12,99,25,34,47,100,108,217,77,60,61,80,198,105,10,78,110,77,47,71,26,77,63,55,149,161,310,54,105,31,127,96,15,41,126,90,23,83,39,85,117,79,123,40,86
481,443,207,68,484,99,241,147,166,226,460,506,862,292,273,308,344,877,499,64,289,504,321,190,339,139,339,211,235,649,760,1308,250,437,96,535,411,94,224,491,330,91,353,190,390,464,317,487,173,329
181,136,56,20,155,25,147,25,58,64,135,167,271,103,84,85,118,274,152,16,86,161,80,53,101,34,107,78,79,198,233,389,72,141,43,158,140,33,69,175,99,43,121,49,121,152,98,152,58,112
175,164,53,28,169,34,166,58,18,70,147,176,292,121,74,73,112,275,161,21,99,184,93,75,118,35,112,67,85,228,252,491,99,148,38,179,149,26,86,175,113,44,122,64,132,134,99,170,75,114
258,188,82,38,210,47,226,64,70,42,164,219,357,153,116,134,168,363,241,28,111,243,131,91,144,62,149,107,119,252,317,498,107,206,50,241,197,32,95,229,157,44,156,74,194,183,143,229,73,169
451,364,178,71,417,100,460,135,147,164,163,462,750,269,236,261,312,705,451,45,247,467,262,192,267,105,302,214,247,562,661,1124,213,431,101,477,407,69,222,467,291,88,300,175,356,360,286,453,137,294
552,502,187,91,564,108,506,167,176,219,462,329,1062,359,285,304,401,1037,567,67,307,585,323,206,338,143,411,266,267,723,896,1599,310,533,150,626,535,99,275,624,384,128,452,219,430,529,342,554,210,371
845,824,348,151,975,217,862,271,292,357,750,1062,839,595,472,484,639,1506,916,114,493,931,531,372,557,228,642,391,451,1149,1395,2508,495,824,219,977,869,162,450,960,601,188,690,349,713,857,610,946,336,643
371,276,156,57,300,77,292,103,121,153,269,359,595,111,188,189,240,590,330,39,174,337,190,129,212,65,195,135,157,381,523,924,161,325,89,350,297,53,170,332,196,55,249,124,245,304,222,328,128,245
341,224,117,54,268,60,273,84,74,116,236,285,472,188,60,120,206,494,281,37,134,307,153,93,160,68,169,111,144,314,404,742,147,258,67,292,243,63,153,247,177,51,196,102,195,236,158,286,106,194
339,226,113,49,296,61,308,85,73,134,261,304,484,189,120,70,200,481,281,36,155,319,174,129,188,82,192,103,144,355,442,781,148,263,74,290,246,49,153,292,191,55,226,116,238,290,185,328,107,216
371,309,149,49,398,80,344,118,112,168,312,401,639,240,206,200,127,643,399,52,195,365,215,135,225,93,244,179,179,458,583,970,193,347,81,391,333,57,168,394,264,82,266,146,307,372,224,396,132,238
854,827,331,139,907,198,877,274,275,363,705,1037,1506,590,494,481,643,819,905,111,516,924,535,363,561,225,612,417,436,1091,1376,2564,505,851,210,988,816,156,424,1001,635,205,695,340,739,847,567,940,338,599
531,406,171,77,499,105,499,152,161,241,451,567,916,330,281,281,399,905,266,65,292,519,294,217,350,135,326,230,240,622,774,1434,278,481,121,576,477,85,245,511,335,107,391,208,392,475,316,502,202,345
78,50,28,11,52,10,64,16,21,28,45,67,114,39,37,36,52,111,65,2,35,68,34,27,42,10,36,30,29,68,104,192,41,40,13,71,64,15,28,66,52,21,44,16,55,59,39,61,26,30
317,248,99,57,321,78,289,86,99,111,247,307,493,174,134,155,195,516,292,35,61,302,154,127,163,69,190,118,148,370,437,741,131,280,49,266,267,41,124,326,182,64,189,105,219,280,174,286,96,181
537,429,197,76,496,110,504,161,184,243,467,585,931,337,307,319,365,924,519,68,302,267,327,191,348,140,359,241,256,659,798,1442,264,469,124,553,462,85,254,543,347,127,409,211,378,484,301,537,208,356
331,235,114,54,290,77,321,80,93,131,262,323,531,190,153,174,215,535,294,34,154,327,77,102,179,91,217,141,139,379,456,796,171,276,58,314,277,54,142,323,183,52,239,131,225,299,164,332,108,206
205,214,89,24,208,47,190,53,75,91,192,206,372,129,93,129,135,363,217,27,127,191,102,39,130,51,122,107,107,252,310,532,107,191,50,204,168,40,95,245,129,42,134,79,154,182,121,200,66,150
379,277,143,54,321,71,339,101,118,144,267,338,557,212,160,188,225,561,350,42,163,348,179,130,109,85,225,158,169,418,491,901,171,336,76,343,320,48,161,367,213,71,267,132,238,308,221,339,129,216
152,112,52,17,119,26,139,34,35,62,105,143,228,65,68,82,93,225,135,10,69,140,91,51,85,22,70,54,64,162,213,368,68,128,29,120,115,27,66,140,76,20,96,48,96,110,88,140,54,84
376,265,146,45,330,77,339,107,112,149,302,411,642,195,169,192,244,612,326,36,190,359,217,122,225,70,98,136,168,388,531,969,188,342,78,362,318,64,172,381,217,77,261,140,270,312,232,364,138,243
264,204,88,35,235,63,211,78,67,107,214,266,391,135,111,103,179,417,230,30,118,241,141,107,158,54,136,51,118,279,363,688,120,217,64,240,214,37,120,264,168,41,181,96,191,201,147,249,80,175
296,200,103,45,227,55,235,79,85,119,247,267,451,157,144,144,179,436,240,29,148,256,139,107,169,64,168,118,60,302,393,662,139,222,55,255,220,50,113,276,143,55,187,93,204,222,164,285,96,188
626,534,258,120,669,149,649,198,228,252,562,723,1149,381,314,355,458,1091,622,68,370,659,379,252,418,162,388,279,302,411,1054,1812,345,606,145,725,615,102,322,709,435,123,507,231,510,626,394,657,254,421
674,683,298,115,796,161,760,233,252,317,661,896,1395,523,404,442,583,1376,774,104,437,798,456,310,491,213,531,363,393,1054,601,2095,417,737,175,815,710,129,389,839,479,155,592,310,646,770,501,793,308,531
1179,1229,566,229,1457,310,1308,389,491,498,1124,1599,2508,924,742,781,970,2564,1434,192,741,1442,796,532,901,368,969,688,662,1812,2095,1926,757,1281,343,1490,1299,259,696,1463,937,299,1085,573,1148,1390,907,1478,552,877
220,228,109,33,282,54,250,72,99,107,213,310,495,161,147,148,193,505,278,41,131,264,171,107,171,68,188,120,139,345,417,757,75,226,62,294,250,50,142,280,158,60,219,115,211,260,168,281,109,173
531,401,167,62,454,105,437,141,148,206,431,533,824,325,258,263,347,851,481,40,280,469,276,191,336,128,342,217,222,606,737,1281,226,195,105,549,415,78,230,493,304,105,367,174,374,445,290,502,181,320
118,100,33,14,138,31,96,43,38,50,101,150,219,89,67,74,81,210,121,13,49,124,58,50,76,29,78,64,55,145,175,343,62,105,16,115,86,26,60,114,75,26,92,44,88,114,69,117,52,75
530,448,232,93,575,127,535,158,179,241,477,626,977,350,292,290,391,988,576,71,266,553,314,204,343,120,362,240,255,725,815,1490,294,549,115,272,491,73,275,589,364,117,412,195,418,506,329,576,213,376
502,409,200,70,510,96,411,140,149,197,407,535,869,297,243,246,333,816,477,64,267,462,277,168,320,115,318,214,220,615,710,1299,250,415,86,491,214,79,221,496,322,94,362,188,346,419,314,506,170,319
85,66,39,14,85,15,94,33,26,32,69,99,162,53,63,49,57,156,85,15,41,85,54,40,48,27,64,37,50,102,129,259,50,78,26,73,79,7,43,82,57,19,60,39,76,86,57,93,31,41
252,208,89,25,252,41,224,69,86,95,222,275,450,170,153,153,168,424,245,28,124,254,142,95,161,66,172,120,113,322,389,696,142,230,60,275,221,43,57,252,166,48,190,82,189,241,172,234,102,165
452,492,222,88,554,126,491,175,175,229,467,624,960,332,247,292,394,1001,511,66,326,543,323,245,367,140,381,264,276,709,839,1463,280,493,114,589,496,82,252,288,356,102,403,213,424,523,375,561,188,406
306,291,131,63,329,90,330,99,113,157,291,384,601,196,177,191,264,635,335,52,182,347,183,129,213,76,217,168,143,435,479,937,158,304,75,364,322,57,166,356,110,82,271,117,248,304,204,368,142,225
110,102,35,12,121,23,91,43,44,44,88,128,188,55,51,55,82,205,107,21,64,127,52,42,71,20,77,41,55,123,155,299,60,105,26,117,94,19,48,102,82,7,84,39,77,96,59,112,43,81
365,333,149,63,397,83,353,121,122,156,300,452,690,249,196,226,266,695,391,44,189,409,239,134,267,96,261,181,187,507,592,1085,219,367,92,412,362,60,190,403,271,84,136,136,333,362,275,403,142,248
186,171,83,34,201,39,190,49,64,74,175,219,349,124,102,116,146,340,208,16,105,211,131,79,132,48,140,96,93,231,310,573,115,174,44,195,188,39,82,213,117,39,136,35,169,165,125,199,76,125
438,325,175,64,383,85,390,121,132,194,356,430,713,245,195,238,307,739,392,55,219,378,225,154,238,96,270,191,204,510,646,1148,211,374,88,418,346,76,189,424,248,77,333,169,170,398,249,440,148,248
444,376,174,89,485,117,464,152,134,183,360,529,857,304,236,290,372,847,475,59,280,484,299,182,308,110,312,201,222,626,770,1390,260,445,114,506,419,86,241,523,304,96,362,165,398,202,326,495,168,313
358,292,116,64,327,79,317,98,99,143,286,342,610,222,158,185,224,567,316,39,174,301,164,121,221,88,232,147,164,394,501,907,168,290,69,329,314,57,172,375,204,59,275,125,249,326,98,338,129,219
491,436,198,93,522,123,487,152,170,229,453,554,946,328,286,328,396,940,502,61,286,537,332,200,339,140,364,249,285,657,793,1478,281,502,117,576,506,93,234,561,368,112,403,199,440,495,338,273,195,356
179,169,93,32,207,40,173,58,75,73,137,210,336,128,106,107,132,338,202,26,96,208,108,66,129,54,138,80,96,254,308,552,109,181,52,213,170,31,102,188,142,43,142,76,148,168,129,195,34,109
379,306,126,56,373,86,329,112,114,169,294,371,643,245,194,216,238,599,345,30,181,356,206,150,216,84,243,175,188,421,531,877,173,320,75,376,319,41,165,406,225,81,248,125,248,313,219,356,109,109
