272,440,219,107,550,111,499,163,184,256,447,552,864,352,303,327,342,841,507,68,315,521,332,179,370,173,410,246,312,643,755,1208,247,495,123,533,516,80,239,498,339,123,387,182,460,444,350,485,189,394
440,196,169,70,432,86,423,116,133,199,373,464,848,260,197,238,315,856,429,51,218,421,264,168,267,102,268,202,214,530,639,1263,269,396,112,444,389,73,214,483,274,90,325,155,346,402,276,437,151,304
219,169,31,36,204,49,230,59,77,90,166,214,358,131,98,120,143,374,211,23,116,212,110,89,120,39,128,81,97,234,286,602,111,194,55,204,219,38,98,206,137,45,166,69,151,170,125,193,83,138
107,70,36,6,63,14,70,28,24,39,78,86,144,53,43,49,58,157,94,13,53,89,56,36,60,40,71,37,34,90,120,229,42,70,13,86,79,12,32,88,55,6,72,36,86,67,56,73,34,55
550,432,204,63,258,90,458,149,155,223,434,594,935,300,273,279,389,959,518,71,264,514,309,226,332,129,364,255,255,614,761,1412,282,450,122,550,457,97,275,557,353,101,393,206,424,486,334,513,190,347
111,86,49,14,90,9,109,32,39,49,112,123,194,79,55,63,72,186,115,18,70,108,75,55,74,39,84,56,59,146,174,289,55,85,27,112,98,14,51,117,56,13,92,46,105,102,76,108,45,73
499,423,230,70,458,109,253,141,181,206,445,567,876,334,280,312,348,858,531,57,303,521,283,187,319,145,343,206,251,575,744,1344,277,456,90,534,425,86,230,498,299,98,404,173,410,421,344,504,173,315
163,116,59,28,149,32,141,21,35,70,124,165,268,76,87,80,113,282,161,19,81,159,87,59,102,46,94,79,63,186,214,427,83,137,34,138,141,26,71,145,99,28,124,52,113,150,111,156,61,115
184,133,77,24,155,39,181,35,31,75,130,175,310,114,94,108,129,298,163,24,86,183,98,70,103,50,103,80,65,191,256,450,94,162,35,174,165,33,78,178,110,31,142,68,138,151,108,180,68,114
256,199,90,39,223,49,206,70,75,32,158,199,352,125,115,122,137,352,180,20,131,183,131,101,164,47,144,111,117,264,321,553,109,186,35,222,205,35,113,218,147,48,148,92,172,165,130,209,67,149
447,373,166,78,434,112,445,124,130,158,178,481,782,280,231,255,299,767,396,56,245,424,260,188,332,97,298,209,253,577,629,1162,234,411,93,458,424,77,208,412,285,98,336,161,370,392,290,427,160,291
552,464,214,86,594,123,567,165,175,199,481,351,1041,316,296,345,398,1039,587,63,304,578,378,232,365,152,362,241,265,733,944,1603,321,495,124,575,495,86,285,648,380,114,430,218,439,540,342,623,209,380
864,848,358,144,935,194,876,268,310,352,782,1041,825,555,448,541,646,1450,941,97,490,889,497,366,606,240,635,396,473,1199,1399,2464,455,843,205,999,852,146,497,999,570,212,663,353,750,796,542,983,316,635
352,260,131,53,300,79,334,76,114,125,280,316,555,101,183,187,227,592,330,36,185,338,182,131,230,86,201,144,172,402,467,897,204,308,68,341,317,66,146,341,214,64,230,126,275,295,218,354,125,220
303,197,98,43,273,55,280,87,94,115,231,296,448,183,76,132,197,472,267,39,140,257,150,97,187,60,168,136,112,325,381,737,154,237,64,277,225,46,157,274,160,55,211,90,201,229,160,309,96,213
327,238,120,49,279,63,312,80,108,122,255,345,541,187,132,68,218,530,292,34,133,282,156,116,196,54,170,130,131,361,389,812,155,276,63,282,259,45,150,276,166,60,243,95,215,247,167,326,114,203
342,315,143,58,389,72,348,113,129,137,299,398,646,227,197,218,122,637,336,41,195,336,198,121,250,83,222,181,168,452,553,1021,223,331,98,350,350,70,207,406,249,67,301,128,298,342,236,402,128,217
841,856,374,157,959,186,858,282,298,352,767,1039,1450,592,472,530,637,770,927,109,485,881,521,382,618,222,649,406,476,1144,1419,2446,469,869,195,992,904,142,445,936,598,222,688,354,769,824,572,998,296,620
507,429,211,94,518,115,531,161,163,180,396,587,941,330,267,292,336,927,255,68,244,482,281,201,327,116,326,231,232,608,713,1454,284,489,134,516,479,84,260,533,345,118,425,160,401,477,321,542,167,352
68,51,23,13,71,18,57,19,24,20,56,63,97,36,39,34,41,109,68,4,32,78,29,26,34,16,40,27,36,66,102,182,36,55,10,67,48,12,27,60,36,15,49,17,46,55,37,60,22,38
315,218,116,53,264,70,303,81,86,131,245,304,490,185,140,133,195,485,244,32,79,274,169,115,167,72,180,143,138,345,412,780,153,251,66,264,240,36,135,274,183,66,231,94,217,237,193,319,96,201
521,421,212,89,514,108,521,159,183,183,424,578,889,338,257,282,336,881,482,78,274,253,315,191,355,122,349,236,255,617,707,1406,258,470,112,551,462,86,251,551,341,114,431,198,392,472,343,559,169,366
332,264,110,56,309,75,283,87,98,131,260,378,497,182,150,156,198,521,281,29,169,315,83,123,187,67,164,142,153,341,425,791,148,281,62,287,246,54,145,298,197,70,227,137,212,281,166,308,103,196
179,168,89,36,226,55,187,59,70,101,188,232,366,131,97,116,121,382,201,26,115,191,123,37,156,53,136,101,97,255,277,570,104,197,49,196,196,33,105,212,136,35,141,80,172,151,140,185,79,159
370,267,120,60,332,74,319,102,103,164,332,365,606,230,187,196,250,618,327,34,167,355,187,156,123,73,200,161,161,409,505,962,175,294,82,327,319,64,154,367,200,72,256,111,253,303,186,362,121,274
173,102,39,40,129,39,145,46,50,47,97,152,240,86,60,54,83,222,116,16,72,122,67,53,73,17,76,54,60,149,191,364,75,141,34,149,138,16,70,130,78,23,80,52,103,117,74,125,53,76
410,268,128,71,364,84,343,94,103,144,298,362,635,201,168,170,222,649,326,40,180,349,164,136,200,76,108,159,168,400,494,954,179,333,73,363,325,62,175,360,219,62,257,119,259,296,212,325,117,214
246,202,81,37,255,56,206,79,80,111,209,241,396,144,136,130,181,406,231,27,143,236,142,101,161,54,159,58,133,276,391,672,135,252,53,207,211,51,123,251,148,50,186,113,199,211,147,219,93,189
312,214,97,34,255,59,251,63,65,117,253,265,473,172,112,131,168,476,232,36,138,255,153,97,161,60,168,133,66,331,359,691,119,234,58,245,232,49,124,279,178,41,210,89,182,233,146,282,92,197
643,530,234,90,614,146,575,186,191,264,577,733,1199,402,325,361,452,1144,608,66,345,617,341,255,409,149,400,276,331,376,1000,1910,368,592,136,679,609,111,315,672,428,118,517,213,540,581,395,669,221,399
755,639,286,120,761,174,744,214,256,321,629,944,1399,467,381,389,553,1419,713,102,412,707,425,277,505,191,494,391,359,1000,583,2136,383,698,178,816,681,124,368,803,495,170,583,261,612,682,464,789,281,523
1208,1263,602,229,1412,289,1344,427,450,553,1162,1603,2464,897,737,812,1021,2446,1454,182,780,1406,791,570,962,364,954,672,691,1910,2136,1965,705,1315,319,1512,1274,248,714,1547,966,300,1088,567,1116,1320,880,1551,490,934
247,269,111,42,282,55,277,83,94,109,234,321,455,204,154,155,223,469,284,36,153,258,148,104,175,75,179,135,119,368,383,705,75,237,58,304,248,55,149,296,179,69,211,108,194,226,181,270,95,199
495,396,194,70,450,85,456,137,162,186,411,495,843,308,237,276,331,869,489,55,251,470,281,197,294,141,333,252,234,592,698,1315,237,195,89,522,445,74,223,485,309,100,366,192,374,410,265,487,184,344
123,112,55,13,122,27,90,34,35,35,93,124,205,68,64,63,98,195,134,10,66,112,62,49,82,34,73,53,58,136,178,319,58,89,10,141,97,23,59,96,92,19,83,50,85,106,74,130,40,79
533,444,204,86,550,112,534,138,174,222,458,575,999,341,277,282,350,992,516,67,264,551,287,196,327,149,363,207,245,679,816,1512,304,522,141,288,489,79,271,558,348,107,415,223,403,498,329,565,202,342
516,389,219,79,457,98,425,141,165,205,424,495,852,317,225,259,350,904,479,48,240,462,246,196,319,138,325,211,232,609,681,1274,248,445,97,489,206,70,248,494,307,98,358,195,386,417,322,466,162,315
80,73,38,12,97,14,86,26,33,35,77,86,146,66,46,45,70,142,84,12,36,86,54,33,64,16,62,51,49,111,124,248,55,74,23,79,70,3,34,108,70,17,69,44,74,71,54,78,38,66
239,214,98,32,275,51,230,71,78,113,208,285,497,146,157,150,207,445,260,27,135,251,145,105,154,70,175,123,124,315,368,714,149,223,59,271,248,34,56,294,166,56,211,102,198,213,159,248,94,174
498,483,206,88,557,117,498,145,178,218,412,648,999,341,274,276,406,936,533,60,274,551,298,212,367,130,360,251,279,672,803,1547,296,485,96,558,494,108,294,285,352,131,396,206,433,509,356,555,192,366
339,274,137,55,353,56,299,99,110,147,285,380,570,214,160,166,249,598,345,36,183,341,197,136,200,78,219,148,178,428,495,966,179,309,92,348,307,70,166,352,95,76,266,126,272,314,204,342,136,232
123,90,45,6,101,13,98,28,31,48,98,114,212,64,55,60,67,222,118,15,66,114,70,35,72,23,62,50,41,118,170,300,69,100,19,107,98,17,56,131,76,11,88,48,76,95,73,128,41,75
387,325,166,72,393,92,404,124,142,148,336,430,663,230,211,243,301,688,425,49,231,431,227,141,256,80,257,186,210,517,583,1088,211,366,83,415,358,69,211,396,266,88,145,142,285,373,266,386,130,251
182,155,69,36,206,46,173,52,68,92,161,218,353,126,90,95,128,354,160,17,94,198,137,80,111,52,119,113,89,213,261,567,108,192,50,223,195,44,102,206,126,48,142,39,154,181,113,203,76,140
460,346,151,86,424,105,410,113,138,172,370,439,750,275,201,215,298,769,401,46,217,392,212,172,253,103,259,199,182,540,612,1116,194,374,85,403,386,74,198,433,272,76,285,154,162,342,247,419,148,296
444,402,170,67,486,102,421,150,151,165,392,540,796,295,229,247,342,824,477,55,237,472,281,151,303,117,296,211,233,581,682,1320,226,410,106,498,417,71,213,509,314,95,373,181,342,216,308,487,166,298
350,276,125,56,334,76,344,111,108,130,290,342,542,218,160,167,236,572,321,37,193,343,166,140,186,74,212,147,146,395,464,880,181,265,74,329,322,54,159,356,204,73,266,113,247,308,95,335,103,204
485,437,193,73,513,108,504,156,180,209,427,623,983,354,309,326,402,998,542,60,319,559,308,185,362,125,325,219,282,669,789,1551,270,487,130,565,466,78,248,555,342,128,386,203,419,487,335,288,196,342
189,151,83,34,190,45,173,61,68,67,160,209,316,125,96,114,128,296,167,22,96,169,103,79,121,53,117,93,92,221,281,490,95,184,40,202,162,38,94,192,136,41,130,76,148,166,103,196,32,125
394,304,138,55,347,73,315,115,114,149,291,380,635,220,213,203,217,620,352,38,201,366,196,159,274,76,214,189,197,399,523,934,199,344,79,342,315,66,174,366,232,75,251,140,296,298,204,342,125,117
