280,505,250,93,491,108,525,189,193,245,415,535,831,400,321,346,374,842,531,71,357,526,369,221,369,158,397,274,302,647,726,1246,275,507,111,518,487,86,254,495,337,124,379,204,461,439,340,512,183,385
505,173,174,74,402,104,445,108,146,184,377,498,786,266,240,232,306,763,442,50,233,400,256,191,281,113,302,186,212,536,674,1292,258,463,104,478,441,71,212,451,262,86,366,164,363,399,265,451,172,294
250,174,30,27,191,40,174,69,59,81,150,233,397,117,106,108,143,377,194,26,104,189,112,60,99,56,127,91,111,255,317,615,120,190,40,183,193,27,114,230,129,46,184,69,148,196,111,210,59,126
93,74,27,3,69,14,79,35,27,42,73,93,151,55,55,53,78,139,98,4,54,83,50,25,53,24,62,35,45,110,127,218,41,79,24,109,84,15,40,79,57,17,77,27,57,75,61,88,29,57
491,402,191,69,255,113,481,162,162,189,409,607,929,339,304,305,368,982,478,62,302,505,296,214,348,128,334,247,253,627,803,1472,308,471,105,502,463,85,250,564,380,108,427,186,422,462,336,520,174,343
108,104,40,14,113,10,115,33,38,63,99,116,196,68,81,86,82,187,124,11,77,111,75,39,67,30,66,54,64,160,163,291,64,101,28,129,110,21,54,120,60,17,92,42,78,96,71,114,49,86
525,445,174,79,481,115,260,156,176,188,419,511,861,307,287,305,361,816,474,57,274,522,273,202,318,113,296,216,243,602,780,1316,280,448,112,578,469,84,251,519,304,91,383,188,351,430,322,474,189,321
189,108,69,35,162,33,156,22,49,70,117,148,263,102,72,76,115,264,172,26,84,147,86,72,84,30,87,69,71,180,227,419,85,141,27,181,144,27,87,171,105,26,111,58,111,129,107,144,68,90
193,146,59,27,162,38,176,49,20,68,143,182,278,98,73,82,129,273,167,25,99,168,93,66,112,41,110,74,79,198,247,458,102,156,35,169,146,32,69,203,120,37,125,59,124,186,113,186,50,115
245,184,81,42,189,63,188,70,68,47,172,218,316,146,134,148,130,357,201,20,130,219,124,89,145,56,146,92,124,248,314,534,103,199,46,227,199,31,117,215,146,38,138,81,194,191,143,204,71,142
415,377,150,73,409,99,419,117,143,172,188,474,741,271,241,259,280,763,433,54,275,467,227,159,283,135,312,194,215,563,635,1138,244,414,97,471,401,67,211,462,273,92,304,170,371,375,279,424,179,298
535,498,233,93,607,116,511,148,182,218,474,343,1047,335,284,340,392,1079,583,83,300,588,327,218,373,130,383,256,279,720,923,1686,297,529,114,616,528,97,269,636,367,113,439,201,460,542,375,587,217,377
831,786,397,151,929,196,861,263,278,316,741,1047,869,581,480,514,678,1538,902,111,495,919,573,338,591,206,600,435,454,1178,1368,2575,518,846,199,1039,882,153,495,942,638,179,721,351,757,839,587,989,334,598
400,266,117,55,339,68,307,102,98,146,271,335,581,110,190,195,240,577,346,37,180,336,199,135,222,85,227,145,178,388,437,935,191,323,73,366,294,59,172,322,195,61,242,97,248,305,217,314,126,218
321,240,106,55,304,81,287,72,73,134,241,284,480,190,72,124,191,446,276,38,136,289,155,114,164,66,178,139,148,315,380,735,147,269,55,279,266,45,138,261,192,56,227,76,222,231,187,263,91,200
346,232,108,53,305,86,305,76,82,148,259,340,514,195,124,60,203,489,287,39,128,296,159,131,179,60,186,139,137,339,408,833,152,265,65,280,284,45,143,298,205,60,243,86,229,278,187,286,105,185
374,306,143,78,368,82,361,115,129,130,280,392,678,240,191,203,113,694,357,48,200,377,222,133,227,86,238,147,192,445,539,1038,215,333,77,382,310,61,162,407,244,74,264,133,271,327,232,369,144,249
842,763,377,139,982,187,816,264,273,357,763,1079,1538,577,446,489,694,814,931,111,493,954,519,330,583,228,613,420,431,1186,1369,2613,502,838,189,999,874,148,479,958,621,197,699,324,690,868,591,954,319,580
531,442,194,98,478,124,474,172,167,201,433,583,902,346,276,287,357,931,251,66,282,473,292,185,338,130,309,254,254,610,767,1415,284,473,113,529,507,88,256,546,361,94,385,194,396,487,325,524,196,327
71,50,26,4,62,11,57,26,25,20,54,83,111,37,38,39,48,111,66,2,35,71,39,23,45,15,39,36,25,86,108,165,33,60,11,60,46,17,29,65,38,16,59,21,47,57,42,82,19,36
357,233,104,54,302,77,274,84,99,130,275,300,495,180,136,128,200,493,282,35,68,298,156,113,158,74,192,125,127,304,401,748,160,274,64,276,267,43,139,289,187,64,227,112,241,262,153,288,96,199
526,400,189,83,505,111,522,147,168,219,467,588,919,336,289,296,377,954,473,71,298,267,322,195,343,138,350,261,282,648,771,1403,272,499,95,523,459,74,248,594,332,116,401,181,373,473,323,527,192,342
369,256,112,50,296,75,273,86,93,124,227,327,573,199,155,159,222,519,292,39,156,322,91,118,196,81,199,151,146,361,424,806,174,274,69,286,290,46,162,277,188,40,230,102,225,274,187,300,112,191
221,191,60,25,214,39,202,72,66,89,159,218,338,135,114,131,133,330,185,23,113,195,118,33,129,43,131,82,105,229,290,556,112,183,38,213,184,36,113,227,115,40,149,82,153,191,122,215,79,134
369,281,99,53,348,67,318,84,112,145,283,373,591,222,164,179,227,583,338,45,158,343,196,129,103,86,237,141,160,396,535,935,165,316,69,336,328,58,160,393,207,56,295,117,225,296,207,394,125,242
158,113,56,24,128,30,113,30,41,56,135,130,206,85,66,60,86,228,130,15,74,138,81,43,86,11,81,54,64,166,195,341,74,115,20,126,102,21,63,144,94,23,99,42,99,111,78,135,45,94
397,302,127,62,334,66,296,87,110,146,312,383,600,227,178,186,238,613,309,39,192,350,199,131,237,81,116,139,174,410,518,964,179,331,87,341,299,67,168,366,219,60,271,130,260,303,207,338,128,223
274,186,91,35,247,54,216,69,74,92,194,256,435,145,139,139,147,420,254,36,125,261,151,82,141,54,139,54,137,280,347,621,124,232,47,232,206,38,89,252,143,35,151,86,182,207,141,258,97,165
302,212,111,45,253,64,243,71,79,124,215,279,454,178,148,137,192,431,254,25,127,282,146,105,160,64,174,137,87,306,408,683,142,260,65,228,242,48,118,287,143,53,209,99,197,244,154,243,101,162
647,536,255,110,627,160,602,180,198,248,563,720,1178,388,315,339,445,1186,610,86,304,648,361,229,396,166,410,280,306,404,1031,1872,363,581,132,638,581,103,323,677,443,129,501,253,466,614,398,689,225,413
726,674,317,127,803,163,780,227,247,314,635,923,1368,437,380,408,539,1369,767,108,401,771,424,290,535,195,518,347,408,1031,615,2153,456,746,164,782,704,151,387,896,515,162,613,282,624,730,478,820,285,520
1246,1292,615,218,1472,291,1316,419,458,534,1138,1686,2575,935,735,833,1038,2613,1415,165,748,1403,806,556,935,341,964,621,683,1872,2153,2078,773,1319,309,1564,1310,256,729,1564,1005,321,1062,571,1137,1299,940,1485,550,921
275,258,120,41,308,64,280,85,102,103,244,297,518,191,147,152,215,502,284,33,160,272,174,112,165,74,179,124,142,363,456,773,68,267,48,314,263,49,146,284,183,53,234,107,213,262,169,270,100,175
507,463,190,79,471,101,448,141,156,199,414,529,846,323,269,265,333,838,473,60,274,499,274,183,316,115,331,232,260,581,746,1319,267,226,118,517,430,88,234,501,357,82,375,179,371,413,317,489,179,355
111,104,40,24,105,28,112,27,35,46,97,114,199,73,55,65,77,189,113,11,64,95,69,38,69,20,87,47,65,132,164,309,48,118,11,130,108,21,57,118,84,28,83,38,87,99,67,116,33,83
518,478,183,109,502,129,578,181,169,227,471,616,1039,366,279,280,382,999,529,60,276,523,286,213,336,126,341,232,228,638,782,1564,314,517,130,275,498,74,277,554,331,109,419,184,441,437,328,590,226,363
487,441,193,84,463,110,469,144,146,199,401,528,882,294,266,284,310,874,507,46,267,459,290,184,328,102,299,206,242,581,704,1310,263,430,108,498,202,85,229,524,317,92,374,165,364,469,280,479,180,314
86,71,27,15,85,21,84,27,32,31,67,97,153,59,45,45,61,148,88,17,43,74,46,36,58,21,67,38,48,103,151,256,49,88,21,74,85,2,45,105,54,23,62,43,75,71,45,84,39,73
254,212,114,40,250,54,251,87,69,117,211,269,495,172,138,143,162,479,256,29,139,248,162,113,160,63,168,89,118,323,387,729,146,234,57,277,229,45,56,318,164,60,202,101,201,217,167,260,103,158
495,451,230,79,564,120,519,171,203,215,462,636,942,322,261,298,407,958,546,65,289,594,277,227,393,144,366,252,287,677,896,1564,284,501,118,554,524,105,318,311,355,126,428,208,458,543,329,548,191,362
337,262,129,57,380,60,304,105,120,146,273,367,638,195,192,205,244,621,361,38,187,332,188,115,207,94,219,143,143,443,515,1005,183,357,84,331,317,54,164,355,126,72,231,124,263,323,234,341,130,242
124,86,46,17,108,17,91,26,37,38,92,113,179,61,56,60,74,197,94,16,64,116,40,40,56,23,60,35,53,129,162,321,53,82,28,109,92,23,60,126,72,9,73,46,75,107,68,87,52,73
379,366,184,77,427,92,383,111,125,138,304,439,721,242,227,243,264,699,385,59,227,401,230,149,295,99,271,151,209,501,613,1062,234,375,83,419,374,62,202,428,231,73,139,140,308,337,275,405,146,267
204,164,69,27,186,42,188,58,59,81,170,201,351,97,76,86,133,324,194,21,112,181,102,82,117,42,130,86,99,253,282,571,107,179,38,184,165,43,101,208,124,46,140,32,144,187,121,182,78,130
461,363,148,57,422,78,351,111,124,194,371,460,757,248,222,229,271,690,396,47,241,373,225,153,225,99,260,182,197,466,624,1137,213,371,87,441,364,75,201,458,263,75,308,144,142,379,256,392,148,289
439,399,196,75,462,96,430,129,186,191,375,542,839,305,231,278,327,868,487,57,262,473,274,191,296,111,303,207,244,614,730,1299,262,413,99,437,469,71,217,543,323,107,337,187,379,224,288,483,170,318
340,265,111,61,336,71,322,107,113,143,279,375,587,217,187,187,232,591,325,42,153,323,187,122,207,78,207,141,154,398,478,940,169,317,67,328,280,45,167,329,234,68,275,121,256,288,92,349,126,219
512,451,210,88,520,114,474,144,186,204,424,587,989,314,263,286,369,954,524,82,288,527,300,215,394,135,338,258,243,689,820,1485,270,489,116,590,479,84,260,548,341,87,405,182,392,483,349,266,200,353
183,172,59,29,174,49,189,68,50,71,179,217,334,126,91,105,144,319,196,19,96,192,112,79,125,45,128,97,101,225,285,550,100,179,33,226,180,39,103,191,130,52,146,78,148,170,126,200,34,131
385,294,126,57,343,86,321,90,115,142,298,377,598,218,200,185,249,580,327,36,199,342,191,134,242,94,223,165,162,413,520,921,175,355,83,363,314,73,158,362,242,73,267,130,289,318,219,353,131,101
