266,472,215,104,490,101,465,185,173,275,462,541,801,388,305,341,373,791,476,75,298,463,337,209,391,157,407,289,311,607,652,1201,256,483,94,522,507,77,267,459,303,106,394,164,439,407,333,446,176,376
472,155,177,73,407,91,439,122,135,164,375,516,809,312,219,246,325,797,481,47,228,448,217,183,264,110,307,201,231,552,669,1264,234,427,98,491,404,79,209,477,288,96,304,154,352,380,253,467,164,285
215,177,35,26,175,57,199,60,57,81,160,215,343,110,103,114,151,344,197,20,127,192,113,75,140,51,136,92,97,240,292,525,107,169,34,217,183,35,98,200,134,36,145,89,162,179,131,199,73,152
104,73,26,10,88,20,87,35,32,46,61,86,149,57,57,63,58,137,92,9,45,93,53,35,60,22,63,55,40,101,139,235,35,88,25,84,87,15,48,74,53,15,63,37,67,74,58,76,34,61
490,407,175,88,259,115,459,165,165,239,448,592,912,337,253,309,348,910,505,71,308,533,307,195,300,131,335,243,250,647,784,1403,264,470,119,513,480,89,238,506,350,94,404,193,412,486,333,535,185,314
101,91,57,20,115,10,97,39,47,53,83,136,201,70,71,82,74,184,110,14,83,128,65,48,65,31,82,63,51,155,158,302,60,94,35,117,112,17,61,112,82,14,77,36,96,83,78,102,40,79
465,439,199,87,459,97,245,154,176,206,387,512,838,315,265,302,345,825,504,65,263,493,303,211,327,139,340,222,254,613,726,1337,249,453,112,522,450,95,269,485,332,114,366,187,387,443,325,483,179,346
185,122,60,35,165,39,154,31,45,57,138,179,263,107,71,84,116,268,148,23,91,164,85,67,109,33,101,67,71,191,234,416,82,170,43,163,167,33,69,158,98,32,96,61,115,144,109,148,53,89
173,135,57,32,165,47,176,45,27,71,142,191,285,113,80,87,112,307,168,17,96,161,99,50,94,38,107,71,81,197,260,453,70,168,33,167,150,27,81,163,107,32,146,73,124,149,88,169,62,122
275,164,81,46,239,53,206,57,71,27,150,219,357,130,120,116,154,346,242,25,122,253,141,82,168,62,149,104,107,238,309,560,117,192,44,202,205,40,119,218,136,31,155,72,184,191,156,224,80,146
462,375,160,61,448,83,387,138,142,150,173,459,709,299,217,242,286,723,465,52,257,468,257,194,278,127,307,199,224,544,655,1161,225,407,112,415,402,76,222,477,266,83,319,147,357,409,304,420,158,294
541,516,215,86,592,136,512,179,191,219,459,310,1009,322,273,308,442,1043,600,70,302,557,320,210,373,143,375,250,252,709,855,1620,306,536,128,571,491,86,279,563,350,114,453,197,443,570,342,590,206,377
801,809,343,149,912,201,838,263,285,357,709,1009,826,570,491,516,644,1476,937,121,521,914,558,334,565,240,656,458,446,1139,1291,2434,481,882,206,950,798,139,443,927,622,177,708,349,698,825,563,944,364,609
388,312,110,57,337,70,315,107,113,130,299,322,570,113,186,180,239,595,345,36,153,315,197,153,209,75,220,149,172,402,519,931,199,292,76,298,300,45,165,384,219,52,247,130,295,300,202,344,112,229
305,219,103,57,253,71,265,71,80,120,217,273,491,186,75,141,184,497,259,27,137,276,139,108,171,53,180,123,127,314,402,750,117,244,55,259,268,38,123,291,175,50,183,108,213,249,171,271,95,194
341,246,114,63,309,82,302,84,87,116,242,308,516,180,141,86,204,478,269,28,150,287,155,123,171,68,193,135,131,313,446,806,136,273,59,309,300,55,140,290,207,56,220,91,236,280,174,327,104,189
373,325,151,58,348,74,345,116,112,154,286,442,644,239,184,204,135,651,358,45,196,341,198,152,227,104,249,182,182,481,548,1069,201,347,84,359,351,70,170,329,245,80,268,128,303,334,237,373,148,239
791,797,344,137,910,184,825,268,307,346,723,1043,1476,595,497,478,651,856,912,112,512,868,552,364,600,259,651,443,428,1130,1356,2490,488,870,200,972,853,153,454,944,588,195,689,343,722,799,559,922,357,602
476,481,197,92,505,110,504,148,168,242,465,600,937,345,259,269,358,912,248,65,282,478,305,177,305,128,351,245,245,604,763,1423,276,483,99,514,479,81,231,518,339,114,365,193,396,480,330,541,193,355
75,47,20,9,71,14,65,23,17,25,52,70,121,36,27,28,45,112,65,2,33,76,38,27,40,14,35,23,35,81,118,188,32,57,14,51,60,11,29,78,42,13,46,27,53,57,32,59,27,36
298,228,127,45,308,83,263,91,96,122,257,302,521,153,137,150,196,512,282,33,86,306,156,105,156,87,188,119,164,317,423,777,155,277,69,285,253,37,139,304,171,53,230,104,201,278,168,289,115,187
463,448,192,93,533,128,493,164,161,253,468,557,914,315,276,287,341,868,478,76,306,249,322,180,318,135,350,260,289,655,747,1438,261,488,106,511,482,93,253,550,325,114,387,204,423,463,339,527,201,352
337,217,113,53,307,65,303,85,99,141,257,320,558,197,139,155,198,552,305,38,156,322,88,108,190,63,199,131,129,360,469,830,170,284,78,286,305,42,144,304,183,59,246,112,255,277,208,296,118,203
209,183,75,35,195,48,211,67,50,82,194,210,334,153,108,123,152,364,177,27,105,180,108,51,138,55,136,77,98,262,260,524,107,193,49,195,210,30,112,229,130,42,164,77,155,174,126,202,67,141
391,264,140,60,300,65,327,109,94,168,278,373,565,209,171,171,227,600,305,40,156,318,190,138,106,90,227,162,170,393,520,922,190,325,81,331,318,59,155,340,219,59,245,114,260,303,219,335,124,246
157,110,51,22,131,31,139,33,38,62,127,143,240,75,53,68,104,259,128,14,87,135,63,55,90,14,94,67,61,161,199,362,67,135,34,143,115,22,78,139,78,19,101,47,112,124,86,134,51,97
407,307,136,63,335,82,340,101,107,149,307,375,656,220,180,193,249,651,351,35,188,350,199,136,227,94,137,159,143,419,524,986,175,358,85,340,310,60,170,366,217,71,273,104,261,321,204,377,140,242
289,201,92,55,243,63,222,67,71,104,199,250,458,149,123,135,182,443,245,23,119,260,131,77,162,67,159,55,103,320,347,685,138,222,52,262,233,27,112,224,174,41,198,90,177,208,161,235,87,163
311,231,97,40,250,51,254,71,81,107,224,252,446,172,127,131,182,428,245,35,164,289,129,98,170,61,143,103,73,295,376,675,147,257,57,254,247,40,120,258,147,64,203,106,208,250,166,261,95,164
607,552,240,101,647,155,613,191,197,238,544,709,1139,402,314,313,481,1130,604,81,317,655,360,262,393,161,419,320,295,382,956,1807,365,597,122,701,581,108,346,708,434,136,500,238,502,588,392,665,230,413
652,669,292,139,784,158,726,234,260,309,655,855,1291,519,402,446,548,1356,763,118,423,747,469,260,520,199,524,347,376,956,508,2052,394,700,164,769,670,121,377,819,516,154,610,272,604,725,519,790,270,498
1201,1264,525,235,1403,302,1337,416,453,560,1161,1620,2434,931,750,806,1069,2490,1423,188,777,1438,830,524,922,362,986,685,675,1807,2052,1878,743,1254,318,1548,1262,246,703,1467,923,298,979,527,1149,1303,908,1420,482,956
256,234,107,35,264,60,249,82,70,117,225,306,481,199,117,136,201,488,276,32,155,261,170,107,190,67,175,138,147,365,394,743,74,245,58,294,228,46,132,282,161,55,206,88,215,240,179,274,94,204
483,427,169,88,470,94,453,170,168,192,407,536,882,292,244,273,347,870,483,57,277,488,284,193,325,135,358,222,257,597,700,1254,245,230,104,498,451,91,235,484,304,96,347,177,377,405,298,471,168,332
94,98,34,25,119,35,112,43,33,44,112,128,206,76,55,59,84,200,99,14,69,106,78,49,81,34,85,52,57,122,164,318,58,104,13,119,110,20,46,114,77,26,72,36,90,98,69,111,39,83
522,491,217,84,513,117,522,163,167,202,415,571,950,298,259,309,359,972,514,51,285,511,286,195,331,143,340,262,254,701,769,1548,294,498,119,266,467,92,277,581,372,94,416,203,375,516,318,548,189,348
507,404,183,87,480,112,450,167,150,205,402,491,798,300,268,300,351,853,479,60,253,482,305,210,318,115,310,233,247,581,670,1262,228,451,110,467,213,81,252,525,331,101,337,188,396,419,306,488,191,333
77,79,35,15,89,17,95,33,27,40,76,86,139,45,38,55,70,153,81,11,37,93,42,30,59,22,60,27,40,108,121,246,46,91,20,92,81,5,62,101,62,26,69,44,64,80,57,94,27,65
267,209,98,48,238,61,269,69,81,119,222,279,443,165,123,140,170,454,231,29,139,253,144,112,155,78,170,112,120,346,377,703,132,235,46,277,252,62,42,255,168,52,178,113,200,233,162,244,78,162
459,477,200,74,506,112,485,158,163,218,477,563,927,384,291,290,329,944,518,78,304,550,304,229,340,139,366,224,258,708,819,1467,282,484,114,581,525,101,255,303,361,129,416,199,418,540,334,540,183,358
303,288,134,53,350,82,332,98,107,136,266,350,622,219,175,207,245,588,339,42,171,325,183,130,219,78,217,174,147,434,516,923,161,304,77,372,331,62,168,361,117,73,271,111,276,316,221,401,119,215
106,96,36,15,94,14,114,32,32,31,83,114,177,52,50,56,80,195,114,13,53,114,59,42,59,19,71,41,64,136,154,298,55,96,26,94,101,26,52,129,73,14,84,31,82,108,64,131,40,65
394,304,145,63,404,77,366,96,146,155,319,453,708,247,183,220,268,689,365,46,230,387,246,164,245,101,273,198,203,500,610,979,206,347,72,416,337,69,178,416,271,84,133,157,300,333,260,389,129,277
164,154,89,37,193,36,187,61,73,72,147,197,349,130,108,91,128,343,193,27,104,204,112,77,114,47,104,90,106,238,272,527,88,177,36,203,188,44,113,199,111,31,157,33,168,164,118,217,66,138
439,352,162,67,412,96,387,115,124,184,357,443,698,295,213,236,303,722,396,53,201,423,255,155,260,112,261,177,208,502,604,1149,215,377,90,375,396,64,200,418,276,82,300,168,158,349,267,415,142,308
407,380,179,74,486,83,443,144,149,191,409,570,825,300,249,280,334,799,480,57,278,463,277,174,303,124,321,208,250,588,725,1303,240,405,98,516,419,80,233,540,316,108,333,164,349,225,283,450,191,302
333,253,131,58,333,78,325,109,88,156,304,342,563,202,171,174,237,559,330,32,168,339,208,126,219,86,204,161,166,392,519,908,179,298,69,318,306,57,162,334,221,64,260,118,267,283,85,317,117,227
446,467,199,76,535,102,483,148,169,224,420,590,944,344,271,327,373,922,541,59,289,527,296,202,335,134,377,235,261,665,790,1420,274,471,111,548,488,94,244,540,401,131,389,217,415,450,317,255,178,330
176,164,73,34,185,40,179,53,62,80,158,206,364,112,95,104,148,357,193,27,115,201,118,67,124,51,140,87,95,230,270,482,94,168,39,189,191,27,78,183,119,40,129,66,142,191,117,178,34,135
376,285,152,61,314,79,346,89,122,146,294,377,609,229,194,189,239,602,355,36,187,352,203,141,246,97,242,163,164,413,498,956,204,332,83,348,333,65,162,358,215,65,277,138,308,302,227,330,135,117
