270,475,223,89,488,106,476,181,168,235,436,544,814,376,296,314,355,824,508,74,329,494,337,219,371,165,410,272,315,633,735,1181,230,489,104,536,535,79,256,486,323,116,359,185,433,452,314,512,148,368
475,179,170,63,447,94,387,126,134,172,342,477,789,309,214,259,341,797,438,55,227,446,239,172,249,111,276,166,248,511,682,1205,240,380,93,457,389,77,228,397,275,78,343,155,320,412,269,484,152,280
223,170,38,21,200,37,169,52,59,96,174,246,377,114,101,125,147,379,189,29,115,195,121,76,122,61,133,104,100,253,317,551,132,174,50,199,175,36,111,196,134,39,145,74,153,206,118,213,85,147
89,63,21,6,68,13,88,34,21,33,58,98,158,58,55,58,63,137,84,10,52,99,49,31,55,16,47,28,50,95,136,193,27,79,17,95,77,18,40,93,56,26,58,35,74,75,52,95,19,65
488,447,200,68,259,117,469,145,172,211,487,579,961,300,261,316,341,894,530,64,274,536,293,215,320,128,334,246,251,639,799,1416,269,462,118,542,465,85,236,545,332,105,387,196,391,467,326,537,205,348
106,94,37,13,117,7,113,46,31,50,80,130,200,77,75,71,76,213,105,20,55,128,71,45,75,32,78,45,61,128,174,276,46,98,21,117,111,20,62,123,70,26,83,50,92,88,68,118,26,86
476,387,169,88,469,113,225,153,152,199,405,548,836,291,248,270,373,807,500,73,255,506,291,187,310,122,321,206,262,577,706,1271,222,433,109,535,456,92,228,511,296,107,368,196,377,437,322,482,152,352
181,126,52,34,145,46,153,13,42,70,130,187,244,97,74,82,116,268,156,21,86,169,86,67,85,39,94,78,75,167,255,441,88,144,30,158,164,28,68,187,105,43,105,58,119,150,76,171,49,102
168,134,59,21,172,31,152,42,23,71,148,172,272,96,92,92,137,292,161,22,90,152,107,52,93,43,110,72,82,211,243,447,84,132,35,181,148,36,78,164,103,33,118,65,111,138,104,153,68,116
235,172,96,33,211,50,199,70,71,42,172,194,345,155,128,119,136,357,209,32,110,224,123,77,148,57,153,116,99,240,306,523,84,209,44,208,186,23,89,212,124,42,139,93,171,181,144,195,63,147
436,342,174,58,487,80,405,130,148,172,192,457,736,318,253,239,311,744,456,66,220,448,254,184,285,112,308,202,217,553,647,1117,207,424,99,446,361,60,200,452,271,81,289,158,338,358,254,413,142,306
544,477,246,98,579,130,548,187,172,194,457,325,1005,357,280,278,391,1015,570,74,320,583,320,240,356,139,395,261,301,702,824,1606,294,521,118,631,530,91,289,599,387,117,448,196,458,518,344,606,180,365
814,789,377,158,961,200,836,244,272,345,736,1005,816,578,484,540,648,1505,876,131,476,887,518,353,629,234,584,411,481,1169,1352,2390,463,820,207,967,885,148,434,984,617,159,673,346,739,875,611,927,306,597
376,309,114,58,300,77,291,97,96,155,318,357,578,116,181,194,240,545,335,38,178,347,208,123,232,79,231,143,167,380,477,923,159,285,74,322,293,54,166,350,206,69,213,124,242,307,195,332,116,236
296,214,101,55,261,75,248,74,92,128,253,280,484,181,82,137,179,465,269,42,149,269,168,105,163,77,171,116,146,329,416,754,164,248,53,282,259,40,130,299,166,55,204,99,211,252,171,279,92,197
314,259,125,58,316,71,270,82,92,119,239,278,540,194,137,93,192,554,285,32,171,290,155,100,188,76,202,136,156,371,428,830,161,271,57,296,278,44,128,302,194,57,231,112,226,272,183,331,107,197
355,341,147,63,341,76,373,116,137,136,311,391,648,240,179,192,126,644,350,51,210,372,204,179,254,83,250,154,170,456,564,969,201,339,70,389,346,55,169,401,226,75,274,162,291,350,230,402,144,223
824,797,379,137,894,213,807,268,292,357,744,1015,1505,545,465,554,644,849,836,118,512,858,540,345,606,221,616,414,469,1158,1325,2400,464,870,195,962,841,161,448,958,592,178,719,339,696,866,563,932,320,598
508,438,189,84,530,105,500,156,161,209,456,570,876,335,269,285,350,836,259,61,284,486,300,222,339,124,333,211,242,620,779,1407,268,471,121,508,450,96,264,580,358,102,405,189,419,492,300,551,188,345
74,55,29,10,64,20,73,21,22,32,66,74,131,38,42,32,51,118,61,8,21,84,42,35,40,17,44,26,35,70,108,197,37,52,15,72,59,9,29,65,44,17,36,23,50,57,53,73,24,38
329,227,115,52,274,55,255,86,90,110,220,320,476,178,149,171,210,512,284,21,73,282,144,132,165,51,175,121,133,324,442,776,136,241,62,292,278,43,141,303,183,53,233,125,215,262,178,286,109,188
494,446,195,99,536,128,506,169,152,224,448,583,887,347,269,290,372,858,486,84,282,270,325,221,374,135,357,212,256,633,718,1365,269,495,111,537,480,91,241,535,340,111,373,197,407,469,322,545,182,356
337,239,121,49,293,71,291,86,107,123,254,320,518,208,168,155,204,540,300,42,144,325,89,125,184,69,202,142,169,345,456,833,177,279,65,292,286,58,137,317,188,62,243,136,234,281,184,291,118,192
219,172,76,31,215,45,187,67,52,77,184,240,353,123,105,100,179,345,222,35,132,221,125,35,131,53,155,92,114,232,294,565,111,184,38,222,183,48,100,208,127,53,163,62,162,186,139,209,77,158
371,249,122,55,320,75,310,85,93,148,285,356,629,232,163,188,254,606,339,40,165,374,184,131,103,87,199,145,152,403,482,945,170,278,84,347,338,63,173,352,246,78,277,135,239,300,200,371,125,216
165,111,61,16,128,32,122,39,43,57,112,139,234,79,77,76,83,221,124,17,51,135,69,53,87,14,75,61,62,151,192,389,73,102,23,132,126,27,58,160,87,17,106,48,102,112,74,147,51,73
410,276,133,47,334,78,321,94,110,153,308,395,584,231,171,202,250,616,333,44,175,357,202,155,199,75,117,150,173,411,513,998,166,286,77,378,318,64,161,376,227,77,281,125,255,293,187,387,133,213
272,166,104,28,246,45,206,78,72,116,202,261,411,143,116,136,154,414,211,26,121,212,142,92,145,61,150,56,106,284,371,661,136,183,46,228,194,41,116,275,162,55,200,90,166,223,159,252,83,165
315,248,100,50,251,61,262,75,82,99,217,301,481,167,146,156,170,469,242,35,133,256,169,114,152,62,173,106,53,325,385,754,141,241,57,263,247,45,128,251,171,53,211,94,201,233,145,278,102,163
633,511,253,95,639,128,577,167,211,240,553,702,1169,380,329,371,456,1158,620,70,324,633,345,232,403,151,411,284,325,375,929,1778,339,588,154,648,597,109,296,651,441,139,466,232,473,626,412,652,242,395
735,682,317,136,799,174,706,255,243,306,647,824,1352,477,416,428,564,1325,779,108,442,718,456,294,482,192,513,371,385,929,557,2035,431,734,170,764,721,118,405,832,514,158,572,312,600,707,495,776,270,527
1181,1205,551,193,1416,276,1271,441,447,523,1117,1606,2390,923,754,830,969,2400,1407,197,776,1365,833,565,945,389,998,661,754,1778,2035,1900,696,1261,292,1495,1312,254,740,1569,945,281,1009,529,1128,1356,885,1455,500,935
230,240,132,27,269,46,222,88,84,84,207,294,463,159,164,161,201,464,268,37,136,269,177,111,170,73,166,136,141,339,431,696,71,237,68,305,276,43,143,310,165,52,204,102,213,278,166,290,108,201
489,380,174,79,462,98,433,144,132,209,424,521,820,285,248,271,339,870,471,52,241,495,279,184,278,102,286,183,241,588,734,1261,237,201,100,495,385,85,204,539,295,101,351,196,345,451,298,489,146,332
104,93,50,17,118,21,109,30,35,44,99,118,207,74,53,57,70,195,121,15,62,111,65,38,84,23,77,46,57,154,170,292,68,100,11,110,104,18,71,102,79,22,90,45,93,105,59,97,37,78
536,457,199,95,542,117,535,158,181,208,446,631,967,322,282,296,389,962,508,72,292,537,292,222,347,132,378,228,263,648,764,1495,305,495,110,244,518,80,265,551,341,110,387,188,428,499,354,595,208,383
535,389,175,77,465,111,456,164,148,186,361,530,885,293,259,278,346,841,450,59,278,480,286,183,338,126,318,194,247,597,721,1312,276,385,104,518,213,77,241,513,302,111,371,179,381,426,300,485,167,339
79,77,36,18,85,20,92,28,36,23,60,91,148,54,40,44,55,161,96,9,43,91,58,48,63,27,64,41,45,109,118,254,43,85,18,80,77,6,49,94,68,14,61,25,77,77,51,97,34,52
256,228,111,40,236,62,228,68,78,89,200,289,434,166,130,128,169,448,264,29,141,241,137,100,173,58,161,116,128,296,405,740,143,204,71,265,241,49,63,265,157,48,187,93,194,225,146,273,98,158
486,397,196,93,545,123,511,187,164,212,452,599,984,350,299,302,401,958,580,65,303,535,317,208,352,160,376,275,251,651,832,1569,310,539,102,551,513,94,265,255,393,134,402,178,454,504,357,538,195,350
323,275,134,56,332,70,296,105,103,124,271,387,617,206,166,194,226,592,358,44,183,340,188,127,246,87,227,162,171,441,514,945,165,295,79,341,302,68,157,393,96,83,247,122,282,333,207,317,120,215
116,78,39,26,105,26,107,43,33,42,81,117,159,69,55,57,75,178,102,17,53,111,62,53,78,17,77,55,53,139,158,281,52,101,22,110,111,14,48,134,83,10,95,54,95,100,68,116,42,71
359,343,145,58,387,83,368,105,118,139,289,448,673,213,204,231,274,719,405,36,233,373,243,163,277,106,281,200,211,466,572,1009,204,351,90,387,371,61,187,402,247,95,166,146,323,326,253,395,148,274
185,155,74,35,196,50,196,58,65,93,158,196,346,124,99,112,162,339,189,23,125,197,136,62,135,48,125,90,94,232,312,529,102,196,45,188,179,25,93,178,122,54,146,44,165,177,134,195,70,122
433,320,153,74,391,92,377,119,111,171,338,458,739,242,211,226,291,696,419,50,215,407,234,162,239,102,255,166,201,473,600,1128,213,345,93,428,381,77,194,454,282,95,323,165,161,395,259,414,143,263
452,412,206,75,467,88,437,150,138,181,358,518,875,307,252,272,350,866,492,57,262,469,281,186,300,112,293,223,233,626,707,1356,278,451,105,499,426,77,225,504,333,100,326,177,395,177,303,488,175,319
314,269,118,52,326,68,322,76,104,144,254,344,611,195,171,183,230,563,300,53,178,322,184,139,200,74,187,159,145,412,495,885,166,298,59,354,300,51,146,357,207,68,253,134,259,303,95,333,122,207
512,484,213,95,537,118,482,171,153,195,413,606,927,332,279,331,402,932,551,73,286,545,291,209,371,147,387,252,278,652,776,1455,290,489,97,595,485,97,273,538,317,116,395,195,414,488,333,267,197,336
148,152,85,19,205,26,152,49,68,63,142,180,306,116,92,107,144,320,188,24,109,182,118,77,125,51,133,83,102,242,270,500,108,146,37,208,167,34,98,195,120,42,148,70,143,175,122,197,35,114
368,280,147,65,348,86,352,102,116,147,306,365,597,236,197,197,223,598,345,38,188,356,192,158,216,73,213,165,163,395,527,935,201,332,78,383,339,52,158,350,215,71,274,122,263,319,207,336,114,117
