266,433,225,94,478,104,438,185,176,267,454,490,826,365,318,353,335,812,489,66,326,499,363,206,385,158,361,284,316,610,682,1110,247,465,105,514,482,87,260,473,328,111,364,172,441,420,356,481,151,352
433,171,171,72,439,108,420,143,137,175,367,465,754,257,226,242,360,774,486,48,231,447,278,174,257,91,251,213,175,533,698,1220,240,441,75,447,392,72,216,495,293,89,335,172,332,429,284,443,154,306
225,171,41,33,208,55,184,51,64,70,158,232,348,117,90,108,173,362,210,16,98,204,98,77,124,34,115,83,88,248,293,543,97,190,52,222,180,29,87,202,148,42,182,78,147,168,112,198,69,125
94,72,33,10,79,22,81,19,30,34,65,93,139,62,51,52,56,150,68,15,43,82,47,33,53,23,57,47,50,108,123,207,38,85,16,92,84,15,34,85,54,16,60,37,72,70,50,87,30,52
478,439,208,79,281,114,484,152,149,204,431,597,946,342,273,302,374,918,536,73,260,552,298,230,332,128,353,227,230,623,768,1425,309,475,104,530,492,88,234,544,343,119,368,189,423,482,316,510,187,360
104,108,55,22,114,12,89,38,38,55,98,119,210,80,65,64,79,226,99,20,81,100,78,41,85,30,66,46,51,159,158,310,74,119,26,108,96,21,66,106,62,25,88,42,99,97,72,97,44,79
438,420,184,81,484,89,231,151,168,210,360,539,850,311,257,278,323,870,460,57,262,459,300,194,301,134,310,218,245,645,699,1324,249,468,106,502,431,71,235,520,325,100,367,199,376,456,303,489,177,318
185,143,51,19,152,38,151,14,61,60,121,173,272,93,87,108,111,279,174,16,80,151,79,56,78,33,90,78,79,201,195,428,80,135,41,152,161,28,75,179,126,28,110,60,123,150,96,175,66,108
176,137,64,30,149,38,168,61,22,58,141,185,298,106,75,91,113,292,171,23,88,157,103,80,94,51,116,71,90,212,264,476,106,152,43,192,158,25,87,173,102,41,127,63,129,134,87,179,71,119
267,175,70,34,204,55,210,60,58,43,160,229,373,131,113,130,125,335,200,27,118,210,126,90,141,54,136,105,107,248,302,589,118,217,54,217,211,38,92,219,124,44,159,75,170,194,134,207,83,123
454,367,158,65,431,98,360,121,141,160,175,431,776,269,224,244,280,760,441,45,236,444,281,166,268,117,294,189,219,561,657,1171,233,418,101,452,386,75,188,430,272,78,325,142,329,391,263,403,162,278
490,465,232,93,597,119,539,173,185,229,431,344,979,389,303,319,435,1025,552,62,323,542,300,244,355,143,394,253,277,677,774,1636,315,525,159,582,516,88,274,610,364,117,425,211,443,504,368,586,224,346
826,754,348,139,946,210,850,272,298,373,776,979,793,575,485,507,738,1460,878,119,546,908,543,356,583,223,633,424,449,1130,1309,2376,476,883,209,1015,786,148,452,957,644,192,687,345,737,805,605,918,342,607
365,257,117,62,342,80,311,93,106,131,269,389,575,129,163,166,249,562,326,43,196,322,199,116,215,89,206,138,207,406,494,861,158,285,74,333,312,56,158,333,213,50,229,117,268,315,210,326,133,215
318,226,90,51,273,65,257,87,75,113,224,303,485,163,78,139,182,489,302,38,152,277,144,95,165,53,160,132,144,371,371,728,156,248,65,273,263,44,135,289,172,57,229,97,223,220,173,267,123,190
353,242,108,52,302,64,278,108,91,130,244,319,507,166,139,82,220,481,291,43,161,294,164,102,164,58,183,131,133,351,399,811,171,278,67,284,287,51,149,304,191,56,211,92,229,275,166,303,112,203
335,360,173,56,374,79,323,111,113,125,280,435,738,249,182,220,125,693,366,48,204,365,214,123,236,96,237,175,181,476,551,1046,183,333,102,367,332,63,195,416,247,76,280,138,286,337,257,393,129,247
812,774,362,150,918,226,870,279,292,335,760,1025,1460,562,489,481,693,791,941,109,488,944,522,345,584,242,636,400,470,1080,1331,2402,468,838,222,1024,838,145,457,915,622,195,652,356,756,842,606,886,359,604
489,486,210,68,536,99,460,174,171,200,441,552,878,326,302,291,366,941,260,71,263,472,313,191,387,136,342,231,266,601,728,1429,289,447,108,541,464,94,291,550,332,111,378,193,440,464,349,492,189,325
66,48,16,15,73,20,57,16,23,27,45,62,119,43,38,43,48,109,71,3,26,74,39,28,41,11,39,30,31,62,109,179,38,60,17,65,65,5,29,62,33,14,43,24,55,52,44,59,27,45
326,231,98,43,260,81,262,80,88,118,236,323,546,196,152,161,204,488,263,26,63,281,159,103,190,80,193,117,128,347,379,794,162,255,55,270,272,49,164,283,164,50,193,98,224,215,165,315,98,179
499,447,204,82,552,100,459,151,157,210,444,542,908,322,277,294,365,944,472,74,281,251,324,184,373,135,348,244,245,646,743,1417,298,452,117,554,437,101,243,550,331,105,385,194,409,444,336,467,199,327
363,278,98,47,298,78,300,79,103,126,281,300,543,199,144,164,214,522,313,39,159,324,83,113,192,84,196,138,151,356,475,801,159,266,62,308,268,50,142,309,213,68,224,108,233,276,176,334,116,218
206,174,77,33,230,41,194,56,80,90,166,244,356,116,95,102,123,345,191,28,103,184,113,37,139,49,136,105,105,258,297,536,88,207,46,209,183,31,99,218,126,40,151,72,157,190,126,201,73,134
385,257,124,53,332,85,301,78,94,141,268,355,583,215,165,164,236,584,387,41,190,373,192,139,74,83,216,148,144,446,523,914,178,309,80,357,311,41,149,369,249,63,274,119,225,299,172,333,118,229
158,91,34,23,128,30,134,33,51,54,117,143,223,89,53,58,96,242,136,11,80,135,84,49,83,17,86,45,59,150,201,382,69,113,34,120,116,22,60,133,73,28,99,44,103,105,84,123,55,76
361,251,115,57,353,66,310,90,116,136,294,394,633,206,160,183,237,636,342,39,193,348,196,136,216,86,127,150,177,426,561,997,193,319,79,327,315,58,153,359,203,67,274,121,281,313,204,346,143,201
284,213,83,47,227,46,218,78,71,105,189,253,424,138,132,131,175,400,231,30,117,244,138,105,148,45,150,63,114,265,352,656,124,225,38,240,233,36,117,266,149,45,188,77,201,231,136,257,88,164
316,175,88,50,230,51,245,79,90,107,219,277,449,207,144,133,181,470,266,31,128,245,151,105,144,59,177,114,64,311,360,736,128,225,49,256,239,40,119,259,166,55,214,88,196,240,179,258,94,161
610,533,248,108,623,159,645,201,212,248,561,677,1130,406,371,351,476,1080,601,62,347,646,356,258,446,150,426,265,311,393,933,1801,363,582,161,659,647,93,314,724,402,123,473,255,545,571,413,676,261,409
682,698,293,123,768,158,699,195,264,302,657,774,1309,494,371,399,551,1331,728,109,379,743,475,297,523,201,561,352,360,933,543,2052,402,676,187,824,690,140,402,787,504,159,561,283,632,658,493,780,253,510
1110,1220,543,207,1425,310,1324,428,476,589,1171,1636,2376,861,728,811,1046,2402,1429,179,794,1417,801,536,914,382,997,656,736,1801,2052,1886,730,1260,337,1586,1208,256,700,1450,955,305,1060,541,1143,1311,861,1399,520,964
247,240,97,38,309,74,249,80,106,118,233,315,476,158,156,171,183,468,289,38,162,298,159,88,178,69,193,124,128,363,402,730,66,243,68,326,253,44,146,296,190,52,240,100,223,255,162,240,101,186
465,441,190,85,475,119,468,135,152,217,418,525,883,285,248,278,333,838,447,60,255,452,266,207,309,113,319,225,225,582,676,1260,243,224,108,495,440,76,234,519,297,91,348,177,392,423,303,469,184,301
105,75,52,16,104,26,106,41,43,54,101,159,209,74,65,67,102,222,108,17,55,117,62,46,80,34,79,38,49,161,187,337,68,108,18,128,103,22,69,120,64,22,74,55,87,116,70,121,45,72
514,447,222,92,530,108,502,152,192,217,452,582,1015,333,273,284,367,1024,541,65,270,554,308,209,357,120,327,240,256,659,824,1586,326,495,128,292,462,82,262,614,360,105,390,207,420,463,350,564,211,336
482,392,180,84,492,96,431,161,158,211,386,516,786,312,263,287,332,838,464,65,272,437,268,183,311,116,315,233,239,647,690,1208,253,440,103,462,205,76,241,483,295,115,320,176,395,414,312,491,189,298
87,72,29,15,88,21,71,28,25,38,75,88,148,56,44,51,63,145,94,5,49,101,50,31,41,22,58,36,40,93,140,256,44,76,22,82,76,7,51,72,46,25,57,33,48,74,49,99,22,62
260,216,87,34,234,66,235,75,87,92,188,274,452,158,135,149,195,457,291,29,164,243,142,99,149,60,153,117,119,314,402,700,146,234,69,262,241,51,62,291,182,54,186,113,196,247,151,248,105,191
473,495,202,85,544,106,520,179,173,219,430,610,957,333,289,304,416,915,550,62,283,550,309,218,369,133,359,266,259,724,787,1450,296,519,120,614,483,72,291,267,350,107,396,204,466,477,347,555,191,376
328,293,148,54,343,62,325,126,102,124,272,364,644,213,172,191,247,622,332,33,164,331,213,126,249,73,203,149,166,402,504,955,190,297,64,360,295,46,182,350,103,63,240,116,288,276,184,341,118,211
111,89,42,16,119,25,100,28,41,44,78,117,192,50,57,56,76,195,111,14,50,105,68,40,63,28,67,45,55,123,159,305,52,91,22,105,115,25,54,107,63,4,75,33,82,86,60,113,47,66
364,335,182,60,368,88,367,110,127,159,325,425,687,229,229,211,280,652,378,43,193,385,224,151,274,99,274,188,214,473,561,1060,240,348,74,390,320,57,186,396,240,75,134,129,317,332,238,401,143,266
172,172,78,37,189,42,199,60,63,75,142,211,345,117,97,92,138,356,193,24,98,194,108,72,119,44,121,77,88,255,283,541,100,177,55,207,176,33,113,204,116,33,129,39,130,177,127,180,75,128
441,332,147,72,423,99,376,123,129,170,329,443,737,268,223,229,286,756,440,55,224,409,233,157,225,103,281,201,196,545,632,1143,223,392,87,420,395,48,196,466,288,82,317,130,178,372,243,410,164,268
420,429,168,70,482,97,456,150,134,194,391,504,805,315,220,275,337,842,464,52,215,444,276,190,299,105,313,231,240,571,658,1311,255,423,116,463,414,74,247,477,276,86,332,177,372,219,312,463,162,291
356,284,112,50,316,72,303,96,87,134,263,368,605,210,173,166,257,606,349,44,165,336,176,126,172,84,204,136,179,413,493,861,162,303,70,350,312,49,151,347,184,60,238,127,243,312,84,331,126,219
481,443,198,87,510,97,489,175,179,207,403,586,918,326,267,303,393,886,492,59,315,467,334,201,333,123,346,257,258,676,780,1399,240,469,121,564,491,99,248,555,341,113,401,180,410,463,331,257,181,357
151,154,69,30,187,44,177,66,71,83,162,224,342,133,123,112,129,359,189,27,98,199,116,73,118,55,143,88,94,261,253,520,101,184,45,211,189,22,105,191,118,47,143,75,164,162,126,181,46,135
352,306,125,52,360,79,318,108,119,123,278,346,607,215,190,203,247,604,325,45,179,327,218,134,229,76,201,164,161,409,510,964,186,301,72,336,298,62,191,376,211,66,266,128,268,291,219,357,135,109
