290,444,191,96,525,106,463,185,175,268,451,510,822,373,288,335,379,809,532,81,313,526,352,212,381,166,374,291,325,609,699,1169,218,495,112,561,488,91,252,494,333,105,380,175,441,431,306,503,173,405
444,208,163,71,463,94,454,122,159,162,333,493,805,271,229,244,360,794,426,47,219,444,251,195,305,113,305,212,231,521,639,1333,238,411,85,454,418,69,230,471,268,88,326,169,379,404,256,477,153,299
191,163,46,37,197,42,198,62,73,84,162,211,379,129,115,112,153,321,212,18,106,204,113,91,124,58,153,88,102,261,294,572,92,183,51,187,194,31,97,213,135,44,171,64,158,200,114,209,71,127
96,71,37,4,90,12,85,27,30,31,82,99,152,59,53,58,51,168,88,11,40,92,46,30,54,16,63,40,50,125,133,216,43,76,16,100,78,16,36,89,60,16,72,28,66,86,58,71,31,49
525,463,197,90,254,119,497,156,169,207,435,551,881,333,286,292,387,885,518,55,300,567,311,212,339,119,366,229,257,648,824,1470,293,491,133,562,470,109,260,568,330,107,384,205,392,476,330,558,199,351
106,94,42,12,119,8,82,35,42,39,76,122,200,61,68,69,83,211,106,20,54,107,59,35,64,18,72,55,66,150,166,298,67,102,25,137,90,25,51,105,78,17,88,42,92,96,73,93,42,67
463,454,198,85,497,82,220,135,160,200,399,574,829,311,263,290,336,881,503,67,246,491,272,209,315,115,359,230,258,612,720,1409,242,424,101,504,459,99,215,514,345,102,360,191,399,425,328,493,182,332
185,122,62,27,156,35,135,30,61,55,127,182,279,109,82,84,107,284,153,10,92,155,101,48,93,40,96,78,67,180,212,450,86,140,33,172,152,20,83,163,95,44,119,67,118,119,94,173,66,104
175,159,73,30,169,42,160,61,32,56,144,220,301,109,87,89,107,265,178,17,103,159,87,56,103,43,132,71,82,213,242,458,87,159,40,152,143,34,82,162,126,34,112,60,122,154,101,182,61,109
268,162,84,31,207,39,200,55,56,48,166,219,353,161,107,118,149,351,228,25,125,218,109,88,106,53,147,106,95,252,296,543,98,185,38,232,206,43,89,182,122,40,145,80,172,208,118,214,57,140
451,333,162,82,435,76,399,127,144,166,167,469,694,321,217,239,346,776,432,52,261,418,230,160,248,119,305,220,232,529,611,1100,197,392,104,492,393,79,229,416,257,93,299,166,349,409,266,438,138,286
510,493,211,99,551,122,574,182,220,219,469,328,1044,343,288,324,380,1064,579,67,318,592,290,189,361,113,352,259,288,728,899,1691,297,549,127,593,536,98,330,630,381,133,462,226,445,559,374,576,211,368
822,805,379,152,881,200,829,279,301,353,694,1044,837,565,475,528,629,1494,895,107,505,879,500,350,582,229,622,422,458,1130,1405,2471,490,807,226,980,813,156,447,1036,619,196,672,362,690,889,543,900,307,603
373,271,129,59,333,61,311,109,109,161,321,343,565,108,179,192,225,559,332,47,153,337,186,156,218,67,202,173,172,372,504,884,174,293,70,361,303,63,144,331,224,72,254,121,277,286,210,350,141,212
288,229,115,53,286,68,263,82,87,107,217,288,475,179,73,139,203,490,271,27,151,295,158,92,193,60,183,126,141,341,432,758,154,253,67,265,264,51,143,273,169,61,210,90,224,222,168,283,113,192
335,244,112,58,292,69,290,84,89,118,239,324,528,192,139,78,198,513,288,29,146,319,185,123,202,73,200,133,137,322,449,803,173,240,63,296,305,56,135,321,185,68,217,93,239,277,189,319,123,199
379,360,153,51,387,83,336,107,107,149,346,380,629,225,203,198,125,618,367,42,206,361,223,158,270,104,284,162,187,445,522,1010,198,318,80,364,324,64,179,395,239,54,277,147,329,340,227,372,149,270
809,794,321,168,885,211,881,284,265,351,776,1064,1494,559,490,513,618,789,936,113,518,927,512,366,646,253,644,400,481,1117,1436,2514,498,825,211,959,869,153,437,995,636,209,666,346,747,866,558,905,351,605
532,426,212,88,518,106,503,153,178,228,432,579,895,332,271,288,367,936,239,66,268,492,288,211,353,140,339,249,257,584,767,1406,295,443,116,539,457,71,225,557,306,94,365,225,425,453,330,547,192,352
81,47,18,11,55,20,67,10,17,25,52,67,107,47,27,29,42,113,66,1,34,63,38,28,40,23,39,30,29,75,91,188,24,59,17,62,65,11,21,62,44,12,47,25,47,51,46,72,24,40
313,219,106,40,300,54,246,92,103,125,261,318,505,153,151,146,206,518,268,34,76,293,169,113,156,54,170,113,118,319,386,766,157,255,74,291,262,54,140,282,165,56,213,117,226,278,169,291,115,203
526,444,204,92,567,107,491,155,159,218,418,592,879,337,295,319,361,927,492,63,293,288,310,232,353,130,352,245,259,644,759,1392,289,468,120,550,497,93,266,583,354,106,376,222,432,433,361,511,207,346
352,251,113,46,311,59,272,101,87,109,230,290,500,186,158,185,223,512,288,38,169,310,105,121,207,74,200,130,156,386,450,820,168,279,71,283,260,36,147,301,198,68,228,100,252,253,204,310,107,206
212,195,91,30,212,35,209,48,56,88,160,189,350,156,92,123,158,366,211,28,113,232,121,35,108,37,121,97,112,253,307,575,99,180,44,209,182,43,96,212,138,52,160,65,176,195,120,220,81,123
381,305,124,54,339,64,315,93,103,106,248,361,582,218,193,202,270,646,353,40,156,353,207,108,114,85,220,137,177,382,507,966,174,293,69,343,331,44,189,327,239,70,247,119,259,306,192,375,126,234
166,113,58,16,119,18,115,40,43,53,119,113,229,67,60,73,104,253,140,23,54,130,74,37,85,13,73,60,63,161,195,376,68,106,24,136,112,20,58,136,78,12,111,28,100,116,65,153,46,91
374,305,153,63,366,72,359,96,132,147,305,352,622,202,183,200,284,644,339,39,170,352,200,121,220,73,90,136,173,376,531,990,193,303,70,359,321,65,176,382,207,48,248,108,275,338,192,419,141,218
291,212,88,40,229,55,230,78,71,106,220,259,422,173,126,133,162,400,249,30,113,245,130,97,137,60,136,68,130,291,362,679,120,227,48,256,232,44,114,247,169,47,178,87,172,247,130,271,76,159
325,231,102,50,257,66,258,67,82,95,232,288,458,172,141,137,187,481,257,29,118,259,156,112,177,63,173,130,71,319,415,712,142,227,61,256,210,49,114,304,186,65,194,104,208,212,147,280,93,176
609,521,261,125,648,150,612,180,213,252,529,728,1130,372,341,322,445,1117,584,75,319,644,386,253,382,161,376,291,319,395,960,1888,376,589,142,644,613,118,318,683,401,125,516,222,490,597,414,642,245,458
699,639,294,133,824,166,720,212,242,296,611,899,1405,504,432,449,522,1436,767,91,386,759,450,307,507,195,531,362,415,960,575,2141,416,717,199,815,716,130,353,812,505,160,567,310,614,658,506,798,276,500
1169,1333,572,216,1470,298,1409,450,458,543,1100,1691,2471,884,758,803,1010,2514,1406,188,766,1392,820,575,966,376,990,679,712,1888,2141,1931,795,1276,348,1609,1318,255,776,1593,980,307,1103,572,1154,1323,882,1507,482,926
218,238,92,43,293,67,242,86,87,98,197,297,490,174,154,173,198,498,295,24,157,289,168,99,174,68,193,120,142,376,416,795,66,259,78,292,245,51,153,290,195,56,213,96,222,253,170,275,78,186
495,411,183,76,491,102,424,140,159,185,392,549,807,293,253,240,318,825,443,59,255,468,279,180,293,106,303,227,227,589,717,1276,259,214,95,536,415,74,205,526,318,85,355,180,358,422,306,514,184,314
112,85,51,16,133,25,101,33,40,38,104,127,226,70,67,63,80,211,116,17,74,120,71,44,69,24,70,48,61,142,199,348,78,95,11,114,94,18,56,110,72,27,78,51,81,104,70,89,52,73
561,454,187,100,562,137,504,172,152,232,492,593,980,361,265,296,364,959,539,62,291,550,283,209,343,136,359,256,256,644,815,1609,292,536,114,260,481,106,253,632,350,91,432,194,410,505,331,536,208,373
488,418,194,78,470,90,459,152,143,206,393,536,813,303,264,305,324,869,457,65,262,497,260,182,331,112,321,232,210,613,716,1318,245,415,94,481,202,91,231,535,311,90,361,155,383,439,326,499,164,299
91,69,31,16,109,25,99,20,34,43,79,98,156,63,51,56,64,153,71,11,54,93,36,43,44,20,65,44,49,118,130,255,51,74,18,106,91,8,50,95,59,25,80,40,61,85,50,96,32,55
252,230,97,36,260,51,215,83,82,89,229,330,447,144,143,135,179,437,225,21,140,266,147,96,189,58,176,114,114,318,353,776,153,205,56,253,231,50,58,294,176,56,192,94,208,227,166,253,105,178
494,471,213,89,568,105,514,163,162,182,416,630,1036,331,273,321,395,995,557,62,282,583,301,212,327,136,382,247,304,683,812,1593,290,526,110,632,535,95,294,302,374,116,402,215,420,498,353,539,205,317
333,268,135,60,330,78,345,95,126,122,257,381,619,224,169,185,239,636,306,44,165,354,198,138,239,78,207,169,186,401,505,980,195,318,72,350,311,59,176,374,88,74,270,140,290,298,207,362,127,212
105,88,44,16,107,17,102,44,34,40,93,133,196,72,61,68,54,209,94,12,56,106,68,52,70,12,48,47,65,125,160,307,56,85,27,91,90,25,56,116,74,16,76,54,98,93,76,106,48,84
380,326,171,72,384,88,360,119,112,145,299,462,672,254,210,217,277,666,365,47,213,376,228,160,247,111,248,178,194,516,567,1103,213,355,78,432,361,80,192,402,270,76,145,150,319,377,245,395,133,234
175,169,64,28,205,42,191,67,60,80,166,226,362,121,90,93,147,346,225,25,117,222,100,65,119,28,108,87,104,222,310,572,96,180,51,194,155,40,94,215,140,54,150,36,142,173,132,200,86,103
441,379,158,66,392,92,399,118,122,172,349,445,690,277,224,239,329,747,425,47,226,432,252,176,259,100,275,172,208,490,614,1154,222,358,81,410,383,61,208,420,290,98,319,142,175,346,233,417,150,280
431,404,200,86,476,96,425,119,154,208,409,559,889,286,222,277,340,866,453,51,278,433,253,195,306,116,338,247,212,597,658,1323,253,422,104,505,439,85,227,498,298,93,377,173,346,192,269,497,162,309
306,256,114,58,330,73,328,94,101,118,266,374,543,210,168,189,227,558,330,46,169,361,204,120,192,65,192,130,147,414,506,882,170,306,70,331,326,50,166,353,207,76,245,132,233,269,87,368,117,218
503,477,209,71,558,93,493,173,182,214,438,576,900,350,283,319,372,905,547,72,291,511,310,220,375,153,419,271,280,642,798,1507,275,514,89,536,499,96,253,539,362,106,395,200,417,497,368,250,180,359
173,153,71,31,199,42,182,66,61,57,138,211,307,141,113,123,149,351,192,24,115,207,107,81,126,46,141,76,93,245,276,482,78,184,52,208,164,32,105,205,127,48,133,86,150,162,117,180,33,116
405,299,127,49,351,67,332,104,109,140,286,368,603,212,192,199,270,605,352,40,203,346,206,123,234,91,218,159,176,458,500,926,186,314,73,373,299,55,178,317,212,84,234,103,280,309,218,359,116,126
