243,439,230,78,537,117,450,186,166,238,447,525,844,371,318,346,383,784,503,83,323,494,329,202,332,146,368,295,277,584,677,1207,245,505,97,557,486,81,258,455,330,95,366,190,413,443,335,483,165,363
439,161,172,90,480,103,445,126,146,187,371,529,774,284,238,256,339,770,443,61,236,467,246,167,275,132,294,204,239,544,673,1229,219,427,108,470,403,89,232,441,295,93,365,176,360,412,269,432,179,309
230,172,38,33,200,55,193,63,71,95,184,203,392,128,90,110,167,344,201,24,103,216,101,85,135,50,114,98,78,260,307,516,111,202,48,226,199,30,101,189,137,43,157,77,161,193,112,199,77,141
78,90,33,7,92,21,89,27,29,43,80,81,145,62,60,67,58,144,86,8,54,89,61,39,67,31,64,36,47,110,134,236,42,76,13,85,82,12,53,93,62,18,70,31,78,84,60,89,29,62
537,480,200,92,254,121,506,156,152,225,420,597,882,357,246,296,384,907,520,69,281,520,310,215,334,144,357,279,270,665,751,1367,275,462,119,554,468,80,264,566,350,113,393,189,427,457,293,539,157,363
117,103,55,21,121,8,107,40,45,54,91,125,204,80,61,86,87,194,107,14,71,125,75,47,69,40,87,50,53,154,175,297,49,108,26,109,98,19,76,119,69,24,82,35,92,97,80,110,43,82
450,445,193,89,506,107,263,166,153,238,432,526,887,323,258,262,367,828,501,50,286,507,308,198,328,146,339,256,245,623,719,1321,250,482,104,508,427,93,257,539,290,114,379,169,382,446,300,494,164,323
186,126,63,27,156,40,166,26,54,71,128,147,259,93,100,103,125,266,135,10,85,155,88,57,97,37,102,75,60,198,226,443,81,141,43,160,154,24,65,164,102,27,105,57,107,116,92,154,53,90
166,146,71,29,152,45,153,54,25,74,157,172,276,107,86,90,138,286,166,19,106,171,95,68,86,42,111,95,89,194,248,449,82,146,39,173,157,29,86,178,124,31,146,64,123,151,98,196,69,126
238,187,95,43,225,54,238,71,74,51,167,255,343,131,101,122,167,346,218,23,116,233,140,79,162,64,151,104,136,259,297,558,109,212,46,233,202,30,108,232,142,43,154,61,198,189,125,223,67,169
447,371,184,80,420,91,432,128,157,167,206,480,731,259,211,246,331,737,461,56,234,440,271,164,300,129,310,218,217,555,646,1129,199,429,96,459,403,68,203,482,294,94,300,147,380,402,234,422,159,308
525,529,203,81,597,125,526,147,172,255,480,302,987,361,260,326,405,987,584,75,316,564,333,223,351,155,378,275,273,743,869,1517,292,513,119,600,556,117,257,623,362,119,435,214,458,512,352,577,206,381
844,774,392,145,882,204,887,259,276,343,731,987,798,595,470,488,649,1415,902,113,515,890,522,339,595,242,602,428,428,1141,1340,2433,501,838,198,961,800,164,458,945,607,215,664,337,734,832,579,867,332,571
371,284,128,62,357,80,323,93,107,131,259,361,595,93,161,170,244,599,348,35,160,332,184,115,199,80,219,158,148,392,512,946,169,333,75,344,295,54,168,353,233,62,227,102,249,311,218,367,116,222
318,238,90,60,246,61,258,100,86,101,211,260,470,161,85,160,218,444,267,38,156,234,148,92,167,68,163,106,142,345,408,717,145,253,56,286,261,29,136,299,182,54,217,106,216,254,172,265,98,181
346,256,110,67,296,86,262,103,90,122,246,326,488,170,160,85,222,488,300,41,161,269,160,119,186,80,200,131,166,365,409,797,160,272,74,311,277,38,138,305,177,62,231,112,232,292,190,282,114,210
383,339,167,58,384,87,367,125,138,167,331,405,649,244,218,222,127,615,353,49,210,375,202,155,249,88,250,163,180,448,547,1026,210,375,91,420,341,74,178,368,211,80,248,143,298,338,219,370,142,296
784,770,344,144,907,194,828,266,286,346,737,987,1415,599,444,488,615,781,915,113,497,930,518,356,600,282,652,420,474,1107,1298,2408,473,786,202,959,817,161,424,918,586,198,633,346,715,829,585,928,295,588
503,443,201,86,520,107,501,135,166,218,461,584,902,348,267,300,353,915,232,64,275,500,286,209,338,130,363,251,220,617,775,1450,288,497,128,550,490,88,250,576,326,97,354,207,419,463,305,528,198,344
83,61,24,8,69,14,50,10,19,23,56,75,113,35,38,41,49,113,64,0,27,69,35,17,42,21,43,30,27,81,92,188,37,56,15,68,50,8,26,65,49,15,47,24,47,48,37,67,26,37
323,236,103,54,281,71,286,85,106,116,234,316,515,160,156,161,210,497,275,27,85,282,177,121,188,69,175,142,123,309,439,818,154,254,54,268,273,43,136,317,181,57,182,103,230,226,173,281,111,202
494,467,216,89,520,125,507,155,171,233,440,564,890,332,234,269,375,930,500,69,282,273,284,201,315,133,381,254,241,635,790,1483,269,529,139,522,452,96,241,552,323,85,370,197,397,481,344,528,198,357
329,246,101,61,310,75,308,88,95,140,271,333,522,184,148,160,202,518,286,35,177,284,81,127,189,78,208,139,150,363,440,866,164,278,63,325,285,44,141,317,195,64,224,112,227,282,200,296,114,200
202,167,85,39,215,47,198,57,68,79,164,223,339,115,92,119,155,356,209,17,121,201,127,34,135,38,135,98,89,236,304,558,104,208,40,222,196,36,88,230,140,39,154,69,167,198,130,202,78,136
332,275,135,67,334,69,328,97,86,162,300,351,595,199,167,186,249,600,338,42,188,315,189,135,100,73,191,147,164,391,470,895,148,342,61,338,289,61,175,372,213,70,279,118,251,305,202,329,121,208
146,132,50,31,144,40,146,37,42,64,129,155,242,80,68,80,88,282,130,21,69,133,78,38,73,14,62,65,58,177,202,378,63,136,28,133,133,22,64,138,87,27,109,50,109,122,78,130,53,94
368,294,114,64,357,87,339,102,111,151,310,378,602,219,163,200,250,652,363,43,175,381,208,135,191,62,87,153,166,454,524,958,165,358,85,354,296,64,164,366,236,71,276,128,254,314,189,342,120,233
295,204,98,36,279,50,256,75,95,104,218,275,428,158,106,131,163,420,251,30,142,254,139,98,147,65,153,53,131,281,384,631,117,221,76,232,210,39,117,249,153,54,201,88,188,229,148,262,95,173
277,239,78,47,270,53,245,60,89,136,217,273,428,148,142,166,180,474,220,27,123,241,150,89,164,58,166,131,65,282,341,776,147,246,62,237,236,30,137,289,159,50,226,85,192,222,144,248,97,197
584,544,260,110,665,154,623,198,194,259,555,743,1141,392,345,365,448,1107,617,81,309,635,363,236,391,177,454,281,282,398,955,1785,309,582,160,652,592,94,339,691,395,162,500,221,482,586,412,678,209,394
677,673,307,134,751,175,719,226,248,297,646,869,1340,512,408,409,547,1298,775,92,439,790,440,304,470,202,524,384,341,955,555,2065,419,776,174,799,712,127,350,820,495,133,556,307,612,667,456,811,285,498
1207,1229,516,236,1367,297,1321,443,449,558,1129,1517,2433,946,717,797,1026,2408,1450,188,818,1483,866,558,895,378,958,631,776,1785,2065,1906,718,1313,306,1490,1240,258,696,1462,920,325,1015,571,1173,1261,872,1384,471,954
245,219,111,42,275,49,250,81,82,109,199,292,501,169,145,160,210,473,288,37,154,269,164,104,148,63,165,117,147,309,419,718,77,264,67,262,210,47,132,300,172,62,180,121,209,232,184,256,102,180
505,427,202,76,462,108,482,141,146,212,429,513,838,333,253,272,375,786,497,56,254,529,278,208,342,136,358,221,246,582,776,1313,264,225,99,526,422,82,246,496,315,113,334,152,385,444,304,557,170,341
97,108,48,13,119,26,104,43,39,46,96,119,198,75,56,74,91,202,128,15,54,139,63,40,61,28,85,76,62,160,174,306,67,99,8,119,87,31,66,111,67,26,89,40,81,102,69,104,45,70
557,470,226,85,554,109,508,160,173,233,459,600,961,344,286,311,420,959,550,68,268,522,325,222,338,133,354,232,237,652,799,1490,262,526,119,263,472,75,291,588,365,113,375,237,429,481,323,565,218,371
486,403,199,82,468,98,427,154,157,202,403,556,800,295,261,277,341,817,490,50,273,452,285,196,289,133,296,210,236,592,712,1240,210,422,87,472,232,64,244,505,336,98,358,171,390,428,307,488,149,340
81,89,30,12,80,19,93,24,29,30,68,117,164,54,29,38,74,161,88,8,43,96,44,36,61,22,64,39,30,94,127,258,47,82,31,75,64,8,36,100,50,14,73,25,75,80,41,104,26,67
258,232,101,53,264,76,257,65,86,108,203,257,458,168,136,138,178,424,250,26,136,241,141,88,175,64,164,117,137,339,350,696,132,246,66,291,244,36,55,273,164,57,183,90,200,233,143,253,98,157
455,441,189,93,566,119,539,164,178,232,482,623,945,353,299,305,368,918,576,65,317,552,317,230,372,138,366,249,289,691,820,1462,300,496,111,588,505,100,273,266,340,105,416,199,437,519,325,555,190,345
330,295,137,62,350,69,290,102,124,142,294,362,607,233,182,177,211,586,326,49,181,323,195,140,213,87,236,153,159,395,495,920,172,315,67,365,336,50,164,340,117,65,249,130,294,311,222,323,105,235
95,93,43,18,113,24,114,27,31,43,94,119,215,62,54,62,80,198,97,15,57,85,64,39,70,27,71,54,50,162,133,325,62,113,26,113,98,14,57,105,65,11,71,57,78,87,74,100,44,73
366,365,157,70,393,82,379,105,146,154,300,435,664,227,217,231,248,633,354,47,182,370,224,154,279,109,276,201,226,500,556,1015,180,334,89,375,358,73,183,416,249,71,149,159,316,360,239,360,145,279
190,176,77,31,189,35,169,57,64,61,147,214,337,102,106,112,143,346,207,24,103,197,112,69,118,50,128,88,85,221,307,571,121,152,40,237,171,25,90,199,130,57,159,30,147,187,107,225,77,119
413,360,161,78,427,92,382,107,123,198,380,458,734,249,216,232,298,715,419,47,230,397,227,167,251,109,254,188,192,482,612,1173,209,385,81,429,390,75,200,437,294,78,316,147,160,374,273,391,144,252
443,412,193,84,457,97,446,116,151,189,402,512,832,311,254,292,338,829,463,48,226,481,282,198,305,122,314,229,222,586,667,1261,232,444,102,481,428,80,233,519,311,87,360,187,374,227,299,451,158,315
335,269,112,60,293,80,300,92,98,125,234,352,579,218,172,190,219,585,305,37,173,344,200,130,202,78,189,148,144,412,456,872,184,304,69,323,307,41,143,325,222,74,239,107,273,299,100,335,123,190
483,432,199,89,539,110,494,154,196,223,422,577,867,367,265,282,370,928,528,67,281,528,296,202,329,130,342,262,248,678,811,1384,256,557,104,565,488,104,253,555,323,100,360,225,391,451,335,249,178,402
165,179,77,29,157,43,164,53,69,67,159,206,332,116,98,114,142,295,198,26,111,198,114,78,121,53,120,95,97,209,285,471,102,170,45,218,149,26,98,190,105,44,145,77,144,158,123,178,35,118
363,309,141,62,363,82,323,90,126,169,308,381,571,222,181,210,296,588,344,37,202,357,200,136,208,94,233,173,197,394,498,954,180,341,70,371,340,67,157,345,235,73,279,119,252,315,190,402,118,113
