268,461,205,87,504,103,451,203,174,214,452,475,814,378,311,326,361,783,503,57,309,513,335,197,373,144,357,280,299,607,689,1205,230,450,91,514,478,83,261,482,305,102,388,178,416,410,322,499,174,386
461,168,152,64,418,86,380,136,138,178,357,471,780,294,225,247,313,813,383,54,244,408,247,186,284,120,285,204,216,512,658,1177,245,409,103,422,424,59,227,446,288,84,363,180,330,413,266,425,174,285
205,152,34,29,187,42,221,61,75,93,157,200,373,147,108,116,124,359,199,25,99,211,114,70,116,46,120,86,116,240,307,554,123,189,47,182,186,24,90,214,131,37,139,81,165,202,133,203,85,128
87,64,29,7,92,19,86,26,26,36,66,100,127,63,57,52,51,135,85,11,41,88,47,34,48,25,50,45,44,112,111,210,38,77,16,83,69,16,37,83,45,18,69,31,64,69,51,81,27,55
504,418,187,92,256,121,493,155,155,214,421,592,944,345,267,284,369,895,535,56,304,525,318,197,320,145,348,231,265,625,762,1409,254,458,118,552,470,92,241,506,344,95,384,179,410,479,301,509,181,352
103,86,42,19,121,5,89,29,42,54,87,124,192,77,71,69,72,194,105,14,51,107,60,45,55,34,75,58,48,162,165,261,53,91,22,120,101,13,59,130,68,25,87,41,90,111,74,107,30,64
451,380,221,86,493,89,225,146,155,216,397,519,851,332,274,277,335,857,472,63,275,494,274,167,325,127,310,252,255,648,705,1341,269,438,109,488,441,80,258,474,323,98,341,171,340,450,328,462,179,314
203,136,61,26,155,29,146,21,51,69,128,153,270,107,77,85,123,272,158,27,79,177,68,63,99,37,88,83,73,204,253,434,83,147,34,153,142,26,82,159,97,29,105,62,106,156,98,167,54,118
174,138,75,26,155,42,155,51,27,74,152,175,281,138,85,95,126,282,165,21,79,184,106,58,105,42,114,91,92,207,238,449,90,154,44,151,166,27,81,182,111,32,121,49,151,139,86,166,61,132
214,178,93,36,214,54,216,69,74,42,170,218,394,156,122,128,135,381,191,33,111,211,126,104,149,55,134,88,106,268,317,581,127,213,38,207,218,33,109,251,144,46,158,83,171,189,128,228,76,127
452,357,157,66,421,87,397,128,152,170,182,465,737,286,234,263,287,743,394,53,233,429,266,179,301,98,288,190,223,538,669,1173,205,395,84,466,428,68,197,433,267,94,343,178,371,382,279,442,147,269
475,471,200,100,592,124,519,153,175,218,465,313,1018,351,268,277,414,977,546,62,311,533,306,227,322,124,326,255,303,699,845,1493,291,547,139,552,506,104,274,607,372,129,434,193,414,542,315,547,197,361
814,780,373,127,944,192,851,270,281,394,737,1018,772,592,491,519,655,1412,872,117,466,903,536,337,568,228,613,433,460,1162,1283,2291,483,847,210,935,822,146,412,952,561,170,629,328,690,781,543,886,336,613
378,294,147,63,345,77,332,107,138,156,286,351,592,113,182,199,251,608,336,47,185,316,207,140,244,77,229,162,160,415,488,921,209,295,75,313,319,59,165,371,239,57,274,130,273,274,223,332,130,256
311,225,108,57,267,71,274,77,85,122,234,268,491,182,60,145,197,476,249,41,143,259,153,81,166,80,166,124,137,340,376,741,126,247,61,303,272,43,123,299,179,45,250,102,205,261,157,301,95,181
326,247,116,52,284,69,277,85,95,128,263,277,519,199,145,77,198,522,264,41,157,287,161,93,181,89,197,135,158,370,436,840,164,255,60,303,270,35,124,305,181,45,238,111,217,271,155,301,119,176
361,313,124,51,369,72,335,123,126,135,287,414,655,251,197,198,131,663,358,36,191,366,209,120,237,97,247,160,185,488,578,1015,215,340,70,364,344,57,188,398,223,79,264,136,286,343,227,374,107,233
783,813,359,135,895,194,857,272,282,381,743,977,1412,608,476,522,663,785,872,111,483,897,501,377,598,278,646,429,447,1148,1317,2338,510,817,191,910,806,159,453,949,565,164,615,362,722,849,560,903,335,580
503,383,199,85,535,105,472,158,165,191,394,546,872,336,249,264,358,872,228,50,293,470,272,185,344,137,350,246,286,644,814,1368,274,490,111,571,466,79,243,550,350,102,348,170,452,444,293,551,190,328
57,54,25,11,56,14,63,27,21,33,53,62,117,47,41,41,36,111,50,5,31,50,37,29,50,18,51,21,31,78,75,182,44,58,14,57,55,11,34,67,33,17,42,20,54,66,41,59,20,44
309,244,99,41,304,51,275,79,79,111,233,311,466,185,143,157,191,483,293,31,78,284,163,115,181,69,184,124,127,352,418,789,150,249,66,284,235,53,146,330,162,69,228,81,227,256,169,321,102,188
513,408,211,88,525,107,494,177,184,211,429,533,903,316,259,287,366,897,470,50,284,263,308,218,347,138,363,259,286,647,805,1404,285,493,127,526,493,88,245,580,326,109,389,181,431,491,281,530,196,346
335,247,114,47,318,60,274,68,106,126,266,306,536,207,153,161,209,501,272,37,163,308,82,108,199,93,200,146,159,337,462,831,178,273,71,315,279,33,147,322,198,55,254,116,251,275,177,331,127,171
197,186,70,34,197,45,167,63,58,104,179,227,337,140,81,93,120,377,185,29,115,218,108,42,163,62,157,87,99,242,295,587,108,191,43,186,178,35,98,197,126,43,151,76,165,170,135,199,81,144
373,284,116,48,320,55,325,99,105,149,301,322,568,244,166,181,237,598,344,50,181,347,199,163,122,90,227,139,179,410,506,907,148,286,71,334,328,51,156,351,207,66,262,133,268,318,226,349,126,229
144,120,46,25,145,34,127,37,42,55,98,124,228,77,80,89,97,278,137,18,69,138,93,62,90,15,91,65,66,166,202,344,68,130,31,120,125,16,64,131,80,23,100,64,100,95,90,137,58,86
357,285,120,50,348,75,310,88,114,134,288,326,613,229,166,197,247,646,350,51,184,363,200,157,227,91,125,154,178,415,545,957,175,296,73,319,318,50,170,346,199,59,280,144,278,265,197,344,138,223
280,204,86,45,231,58,252,83,91,88,190,255,433,162,124,135,160,429,246,21,124,259,146,87,139,65,154,61,101,303,386,641,124,233,34,241,219,33,122,231,139,45,189,83,193,224,134,242,55,156
299,216,116,44,265,48,255,73,92,106,223,303,460,160,137,158,185,447,286,31,127,286,159,99,179,66,178,101,57,287,441,737,143,238,51,264,260,37,127,293,184,50,213,100,209,225,176,287,102,152
607,512,240,112,625,162,648,204,207,268,538,699,1162,415,340,370,488,1148,644,78,352,647,337,242,410,166,415,303,287,397,988,1714,374,619,164,636,611,94,348,653,390,134,468,228,482,564,432,653,259,412
689,658,307,111,762,165,705,253,238,317,669,845,1283,488,376,436,578,1317,814,75,418,805,462,295,506,202,545,386,441,988,549,1950,396,706,163,790,715,118,358,859,501,175,571,288,607,661,494,796,276,483
1205,1177,554,210,1409,261,1341,434,449,581,1173,1493,2291,921,741,840,1015,2338,1368,182,789,1404,831,587,907,344,957,641,737,1714,1950,1803,700,1322,318,1475,1273,215,675,1461,913,288,984,535,1136,1275,894,1421,472,919
230,245,123,38,254,53,269,83,90,127,205,291,483,209,126,164,215,510,274,44,150,285,178,108,148,68,175,124,143,374,396,700,62,273,60,300,278,46,118,279,169,53,213,95,200,245,166,265,101,181
450,409,189,77,458,91,438,147,154,213,395,547,847,295,247,255,340,817,490,58,249,493,273,191,286,130,296,233,238,619,706,1322,273,203,115,489,444,79,227,509,283,107,345,155,333,445,286,490,169,301
91,103,47,16,118,22,109,34,44,38,84,139,210,75,61,60,70,191,111,14,66,127,71,43,71,31,73,34,51,164,163,318,60,115,14,108,117,22,60,132,89,28,73,43,88,93,76,122,47,69
514,422,182,83,552,120,488,153,151,207,466,552,935,313,303,303,364,910,571,57,284,526,315,186,334,120,319,241,264,636,790,1475,300,489,108,292,466,74,273,535,332,118,410,217,400,499,328,547,182,349
478,424,186,69,470,101,441,142,166,218,428,506,822,319,272,270,344,806,466,55,235,493,279,178,328,125,318,219,260,611,715,1273,278,444,117,466,239,76,227,483,298,96,384,185,378,434,286,435,178,342
83,59,24,16,92,13,80,26,27,33,68,104,146,59,43,35,57,159,79,11,53,88,33,35,51,16,50,33,37,94,118,215,46,79,22,74,76,7,60,76,57,18,60,38,67,66,49,83,29,53
261,227,90,37,241,59,258,82,81,109,197,274,412,165,123,124,188,453,243,34,146,245,147,98,156,64,170,122,127,348,358,675,118,227,60,273,227,60,57,250,159,48,177,86,170,233,163,271,90,155
482,446,214,83,506,130,474,159,182,251,433,607,952,371,299,305,398,949,550,67,330,580,322,197,351,131,346,231,293,653,859,1461,279,509,132,535,483,76,250,284,358,109,392,191,470,469,352,571,190,375
305,288,131,45,344,68,323,97,111,144,267,372,561,239,179,181,223,565,350,33,162,326,198,126,207,80,199,139,184,390,501,913,169,283,89,332,298,57,159,358,108,75,260,114,267,290,207,352,141,207
102,84,37,18,95,25,98,29,32,46,94,129,170,57,45,45,79,164,102,17,69,109,55,43,66,23,59,45,50,134,175,288,53,107,28,118,96,18,48,109,75,12,74,34,74,92,47,112,38,74
388,363,139,69,384,87,341,105,121,158,343,434,629,274,250,238,264,615,348,42,228,389,254,151,262,100,280,189,213,468,571,984,213,345,73,410,384,60,177,392,260,74,148,162,326,347,255,372,149,272
178,180,81,31,179,41,171,62,49,83,178,193,328,130,102,111,136,362,170,20,81,181,116,76,133,64,144,83,100,228,288,535,95,155,43,217,185,38,86,191,114,34,162,28,162,166,127,183,67,136
416,330,165,64,410,90,340,106,151,171,371,414,690,273,205,217,286,722,452,54,227,431,251,165,268,100,278,193,209,482,607,1136,200,333,88,400,378,67,170,470,267,74,326,162,164,364,291,380,158,268
410,413,202,69,479,111,450,156,139,189,382,542,781,274,261,271,343,849,444,66,256,491,275,170,318,95,265,224,225,564,661,1275,245,445,93,499,434,66,233,469,290,92,347,166,364,215,298,490,177,301
322,266,133,51,301,74,328,98,86,128,279,315,543,223,157,155,227,560,293,41,169,281,177,135,226,90,197,134,176,432,494,894,166,286,76,328,286,49,163,352,207,47,255,127,291,298,96,354,108,202
499,425,203,81,509,107,462,167,166,228,442,547,886,332,301,301,374,903,551,59,321,530,331,199,349,137,344,242,287,653,796,1421,265,490,122,547,435,83,271,571,352,112,372,183,380,490,354,260,182,334
174,174,85,27,181,30,179,54,61,76,147,197,336,130,95,119,107,335,190,20,102,196,127,81,126,58,138,55,102,259,276,472,101,169,47,182,178,29,90,190,141,38,149,67,158,177,108,182,31,128
386,285,128,55,352,64,314,118,132,127,269,361,613,256,181,176,233,580,328,44,188,346,171,144,229,86,223,156,152,412,483,919,181,301,69,349,342,53,155,375,207,74,272,136,268,301,202,334,128,125
