237,413,205,96,501,104,460,176,164,234,444,482,823,373,330,352,353,818,499,70,323,504,324,204,347,162,370,289,320,605,710,1149,239,484,113,464,489,91,243,444,316,104,326,167,414,427,326,462,169,343
413,182,195,70,445,102,431,127,139,182,351,496,789,300,214,245,297,785,413,58,231,423,267,151,277,104,283,234,208,527,671,1251,227,394,98,451,431,71,218,434,269,85,351,159,325,432,254,453,151,277
205,195,32,34,194,49,172,66,57,80,179,207,353,114,95,104,133,357,175,23,106,184,115,74,150,47,129,93,95,236,329,543,114,196,46,194,177,20,99,205,121,37,137,82,142,168,131,174,88,139
96,70,34,7,82,17,67,21,28,36,77,95,141,62,38,45,61,133,93,12,45,83,47,35,54,19,72,46,41,105,119,209,40,80,14,87,68,16,31,80,57,11,64,29,70,80,54,68,28,44
501,445,194,82,266,111,503,154,184,207,452,566,927,311,248,289,374,886,536,60,272,549,288,186,330,124,331,265,257,652,812,1396,268,477,111,560,503,88,285,504,320,108,357,195,423,465,323,500,193,349
104,102,49,17,111,10,106,35,38,46,100,136,212,72,70,67,84,167,136,15,67,109,83,57,83,28,94,55,60,141,166,268,67,102,24,104,99,23,47,127,78,19,85,42,108,91,74,110,37,60
460,431,172,67,503,106,246,144,167,206,404,528,835,350,263,275,354,825,514,62,256,477,291,200,309,109,343,236,239,597,725,1302,240,443,117,535,437,81,252,523,323,98,324,188,373,465,321,494,168,336
176,127,66,21,154,35,144,25,54,66,144,179,287,90,79,83,115,262,151,20,81,152,72,57,96,29,95,75,75,182,252,437,74,138,35,176,149,31,64,166,117,24,122,50,114,142,85,177,52,99
164,139,57,28,184,38,167,54,30,69,147,165,293,121,90,92,135,293,169,24,90,183,118,70,118,49,121,76,87,193,255,491,95,170,38,176,162,23,97,179,94,36,126,72,136,144,108,162,57,104
234,182,80,36,207,46,206,66,69,46,171,219,375,145,114,129,156,358,210,34,116,212,123,89,126,41,145,99,120,268,307,546,112,178,40,222,187,36,106,223,139,60,164,83,163,180,133,224,65,143
444,351,179,77,452,100,404,144,147,171,147,472,724,275,249,266,315,742,411,56,234,429,263,176,268,90,278,238,240,517,634,1068,216,403,85,440,414,67,247,454,291,91,330,181,328,347,289,418,143,292
482,496,207,95,566,136,528,179,165,219,472,296,1011,385,290,319,418,1019,570,65,260,590,327,249,360,144,378,239,281,679,833,1508,302,524,110,602,488,72,299,631,377,116,429,213,475,534,337,572,179,346
823,789,353,141,927,212,835,287,293,375,724,1011,788,600,482,505,674,1403,945,109,477,949,553,374,568,236,628,436,430,1102,1343,2332,453,808,210,1014,844,157,479,967,601,182,679,336,683,850,569,942,337,592
373,300,114,62,311,72,350,90,121,145,275,385,600,112,175,198,237,613,312,42,181,348,214,125,238,84,228,170,178,434,485,907,174,289,70,339,315,53,161,317,213,71,258,134,277,289,210,323,129,232
330,214,95,38,248,70,263,79,90,114,249,290,482,175,77,141,197,506,264,32,156,274,150,97,177,62,175,120,130,337,363,768,154,239,65,289,254,40,143,255,169,45,200,109,226,222,170,277,114,162
352,245,104,45,289,67,275,83,92,129,266,319,505,198,141,81,236,545,319,37,168,311,174,135,189,64,185,130,143,354,404,821,169,233,67,311,272,44,157,300,195,47,231,105,247,254,177,305,109,198
353,297,133,61,374,84,354,115,135,156,315,418,674,237,197,236,142,679,356,52,191,371,215,149,234,94,242,167,196,449,618,1032,180,358,82,365,342,64,183,371,197,74,261,147,277,304,221,369,153,250
818,785,357,133,886,167,825,262,293,358,742,1019,1403,613,506,545,679,738,916,103,510,938,577,385,591,223,587,422,464,1096,1332,2362,492,792,205,997,845,165,488,904,578,163,650,338,710,803,603,936,356,608
499,413,175,93,536,136,514,151,169,210,411,570,945,312,264,319,356,916,262,67,267,485,288,184,310,122,325,245,282,626,771,1448,279,502,98,543,495,83,257,567,356,108,387,183,402,448,307,522,172,337
70,58,23,12,60,15,62,20,24,34,56,65,109,42,32,37,52,103,67,3,40,51,35,21,39,15,38,28,29,85,92,172,35,66,11,54,58,9,39,65,46,15,56,16,43,52,40,62,25,45
323,231,106,45,272,67,256,81,90,116,234,260,477,181,156,168,191,510,267,40,82,272,168,105,183,68,175,124,152,339,398,825,139,249,52,265,259,40,153,336,170,54,218,104,228,240,181,297,116,195
504,423,184,83,549,109,477,152,183,212,429,590,949,348,274,311,371,938,485,51,272,252,255,190,311,139,354,278,297,680,763,1419,295,493,124,561,524,94,257,541,343,92,390,200,382,489,286,506,192,337
324,267,115,47,288,83,291,72,118,123,263,327,553,214,150,174,215,577,288,35,168,255,72,100,175,66,187,138,155,376,430,815,141,290,78,291,279,56,140,319,173,67,232,125,183,261,160,304,108,198
204,151,74,35,186,57,200,57,70,89,176,249,374,125,97,135,149,385,184,21,105,190,100,27,141,41,126,104,92,241,290,555,89,174,51,179,205,38,102,212,154,39,157,76,140,182,135,222,65,137
347,277,150,54,330,83,309,96,118,126,268,360,568,238,177,189,234,591,310,39,183,311,175,141,98,75,223,158,166,434,498,912,182,297,80,315,327,38,193,363,223,68,264,125,234,294,179,311,130,212
162,104,47,19,124,28,109,29,49,41,90,144,236,84,62,64,94,223,122,15,68,139,66,41,75,15,74,62,71,135,202,375,78,119,27,129,111,18,60,117,89,20,97,42,84,140,74,138,40,82
370,283,129,72,331,94,343,95,121,145,278,378,628,228,175,185,242,587,325,38,175,354,187,126,223,74,100,161,169,406,506,982,207,333,58,326,325,64,177,378,233,62,261,119,254,337,203,373,118,205
289,234,93,46,265,55,236,75,76,99,238,239,436,170,120,130,167,422,245,28,124,278,138,104,158,62,161,67,117,306,383,643,136,238,59,258,234,37,114,255,156,59,183,88,191,227,148,256,89,160
320,208,95,41,257,60,239,75,87,120,240,281,430,178,130,143,196,464,282,29,152,297,155,92,166,71,169,117,78,298,365,731,152,270,67,252,237,40,136,240,153,63,184,87,206,261,154,299,98,187
605,527,236,105,652,141,597,182,193,268,517,679,1102,434,337,354,449,1096,626,85,339,680,376,241,434,135,406,306,298,368,957,1780,347,594,165,678,578,114,326,656,391,124,493,243,500,620,426,669,216,475
710,671,329,119,812,166,725,252,255,307,634,833,1343,485,363,404,618,1332,771,92,398,763,430,290,498,202,506,383,365,957,538,2054,417,746,176,813,695,122,397,787,496,157,580,277,567,674,500,725,266,507
1149,1251,543,209,1396,268,1302,437,491,546,1068,1508,2332,907,768,821,1032,2362,1448,172,825,1419,815,555,912,375,982,643,731,1780,2054,1778,667,1282,308,1494,1228,245,729,1446,881,298,997,554,1112,1203,905,1382,496,937
239,227,114,40,268,67,240,74,95,112,216,302,453,174,154,169,180,492,279,35,139,295,141,89,182,78,207,136,152,347,417,667,65,266,78,293,272,58,124,275,162,60,185,124,216,232,163,272,105,171
484,394,196,80,477,102,443,138,170,178,403,524,808,289,239,233,358,792,502,66,249,493,290,174,297,119,333,238,270,594,746,1282,266,232,106,513,421,89,222,452,310,96,330,184,372,455,298,472,177,304
113,98,46,14,111,24,117,35,38,40,85,110,210,70,65,67,82,205,98,11,52,124,78,51,80,27,58,59,67,165,176,308,78,106,8,116,93,19,57,113,60,22,71,41,100,93,74,110,36,83
464,451,194,87,560,104,535,176,176,222,440,602,1014,339,289,311,365,997,543,54,265,561,291,179,315,129,326,258,252,678,813,1494,293,513,116,294,491,90,271,560,367,107,361,204,380,488,346,540,217,353
489,431,177,68,503,99,437,149,162,187,414,488,844,315,254,272,342,845,495,58,259,524,279,205,327,111,325,234,237,578,695,1228,272,421,93,491,220,77,230,511,323,87,326,178,393,433,304,487,157,292
91,71,20,16,88,23,81,31,23,36,67,72,157,53,40,44,64,165,83,9,40,94,56,38,38,18,64,37,40,114,122,245,58,89,19,90,77,5,50,94,67,16,68,33,68,79,53,96,29,65
243,218,99,31,285,47,252,64,97,106,247,299,479,161,143,157,183,488,257,39,153,257,140,102,193,60,177,114,136,326,397,729,124,222,57,271,230,50,53,284,188,48,175,109,206,266,150,270,94,154
444,434,205,80,504,127,523,166,179,223,454,631,967,317,255,300,371,904,567,65,336,541,319,212,363,117,378,255,240,656,787,1446,275,452,113,560,511,94,284,282,337,111,390,217,411,521,333,544,201,367
316,269,121,57,320,78,323,117,94,139,291,377,601,213,169,195,197,578,356,46,170,343,173,154,223,89,233,156,153,391,496,881,162,310,60,367,323,67,188,337,112,74,273,120,293,320,212,348,105,254
104,85,37,11,108,19,98,24,36,60,91,116,182,71,45,47,74,163,108,15,54,92,67,39,68,20,62,59,63,124,157,298,60,96,22,107,87,16,48,111,74,6,84,36,80,91,55,131,34,79
326,351,137,64,357,85,324,122,126,164,330,429,679,258,200,231,261,650,387,56,218,390,232,157,264,97,261,183,184,493,580,997,185,330,71,361,326,68,175,390,273,84,127,151,299,330,249,384,121,261
167,159,82,29,195,42,188,50,72,83,181,213,336,134,109,105,147,338,183,16,104,200,125,76,125,42,119,88,87,243,277,554,124,184,41,204,178,33,109,217,120,36,151,40,168,173,111,210,65,117
414,325,142,70,423,108,373,114,136,163,328,475,683,277,226,247,277,710,402,43,228,382,183,140,234,84,254,191,206,500,567,1112,216,372,100,380,393,68,206,411,293,80,299,168,143,363,251,425,154,248
427,432,168,80,465,91,465,142,144,180,347,534,850,289,222,254,304,803,448,52,240,489,261,182,294,140,337,227,261,620,674,1203,232,455,93,488,433,79,266,521,320,91,330,173,363,212,278,470,167,296
326,254,131,54,323,74,321,85,108,133,289,337,569,210,170,177,221,603,307,40,181,286,160,135,179,74,203,148,154,426,500,905,163,298,74,346,304,53,150,333,212,55,249,111,251,278,84,309,118,176
462,453,174,68,500,110,494,177,162,224,418,572,942,323,277,305,369,936,522,62,297,506,304,222,311,138,373,256,299,669,725,1382,272,472,110,540,487,96,270,544,348,131,384,210,425,470,309,267,175,332
169,151,88,28,193,37,168,52,57,65,143,179,337,129,114,109,153,356,172,25,116,192,108,65,130,40,118,89,98,216,266,496,105,177,36,217,157,29,94,201,105,34,121,65,154,167,118,175,23,115
343,277,139,44,349,60,336,99,104,143,292,346,592,232,162,198,250,608,337,45,195,337,198,137,212,82,205,160,187,475,507,937,171,304,83,353,292,65,154,367,254,79,261,117,248,296,176,332,115,127
