257,428,214,80,462,112,459,158,149,243,457,490,797,375,309,357,350,777,502,70,341,530,355,225,359,142,344,271,318,596,665,1173,234,465,116,504,481,95,232,425,315,97,350,164,431,418,316,456,163,366
428,192,183,76,457,95,406,134,137,177,387,456,782,275,231,230,315,774,404,52,228,437,250,167,306,111,268,204,194,555,647,1224,221,425,97,432,422,71,211,468,320,76,323,151,370,402,268,474,158,309
214,183,46,32,193,43,194,61,66,81,155,201,368,130,92,122,147,351,185,15,119,218,123,75,130,49,128,105,114,226,282,549,97,177,44,195,201,40,83,228,139,30,161,77,157,179,124,212,80,131
80,76,32,13,87,20,77,18,39,31,74,93,133,58,51,65,65,139,95,12,49,86,46,44,61,29,65,41,45,100,140,231,41,89,17,72,88,8,45,81,48,14,76,35,81,75,60,83,31,62
462,457,193,87,244,99,503,152,153,218,472,621,962,335,263,316,342,955,519,73,291,521,298,194,341,142,378,223,251,624,762,1435,262,456,125,545,513,79,264,568,327,109,384,194,408,474,331,531,181,341
112,95,43,20,99,8,94,33,47,48,98,113,193,68,73,81,90,199,113,11,52,124,67,38,90,35,80,61,74,131,157,284,54,101,28,97,122,16,64,109,60,23,77,52,117,105,86,116,60,90
459,406,194,77,503,94,230,155,157,198,410,512,862,327,267,299,311,844,465,51,263,489,302,188,312,125,340,233,260,560,742,1294,277,468,118,484,423,81,232,512,329,103,359,193,393,436,313,477,190,296
158,134,61,18,152,33,155,17,47,58,139,158,272,97,78,89,106,280,151,22,82,155,86,66,105,39,100,74,80,182,211,437,83,140,40,146,138,25,55,156,106,28,126,47,113,148,87,165,58,87
149,137,66,39,153,47,157,47,28,77,140,172,308,106,89,99,124,326,164,24,79,180,110,69,107,41,111,72,95,201,245,480,99,152,38,175,140,17,93,193,97,26,125,70,141,148,113,175,66,108
243,177,81,31,218,48,198,58,77,57,183,232,350,162,125,135,154,376,216,24,110,219,128,78,128,52,153,86,106,250,317,524,101,175,40,218,173,31,95,217,139,46,163,85,181,190,131,219,62,143
457,387,155,74,472,98,410,139,140,183,191,492,754,277,226,247,319,760,446,69,249,431,259,167,282,126,311,207,245,527,606,1141,207,384,79,443,364,64,227,440,288,108,310,177,355,359,283,480,157,269
490,456,201,93,621,113,512,158,172,232,492,298,1027,378,305,293,380,1022,558,73,301,583,313,225,369,138,345,248,278,733,843,1503,311,532,121,574,484,83,246,578,359,106,399,213,449,571,386,556,186,390
797,782,368,133,962,193,862,272,308,350,754,1027,812,624,458,546,652,1477,900,122,533,915,510,362,534,232,609,429,455,1137,1321,2439,449,814,201,951,835,150,473,929,593,193,664,355,709,822,561,943,312,606
375,275,130,58,335,68,327,97,106,162,277,378,624,89,180,193,234,588,315,35,181,291,181,108,207,71,188,144,158,407,464,904,184,291,60,357,290,57,165,326,210,49,224,123,236,285,204,331,117,231
309,231,92,51,263,73,267,78,89,125,226,305,458,180,73,152,200,450,259,27,160,269,158,109,161,61,167,114,144,344,393,699,140,261,69,264,257,41,125,281,172,49,205,104,195,247,161,278,113,183
357,230,122,65,316,81,299,89,99,135,247,293,546,193,152,87,230,503,286,34,161,321,166,123,179,67,153,123,156,376,456,781,167,260,67,276,296,55,140,320,200,53,209,99,229,262,185,303,116,202
350,315,147,65,342,90,311,106,124,154,319,380,652,234,200,230,125,634,383,55,217,392,220,138,239,96,234,171,167,467,539,942,212,303,79,350,346,65,189,365,237,67,275,145,279,350,244,340,142,248
777,774,351,139,955,199,844,280,326,376,760,1022,1477,588,450,503,634,844,898,102,533,917,521,361,573,244,618,436,461,1113,1289,2439,466,848,218,993,839,172,443,925,574,182,706,339,706,813,562,948,319,613
502,404,185,95,519,113,465,151,164,216,446,558,900,315,259,286,383,898,249,71,287,480,309,198,331,124,312,249,256,594,703,1426,272,489,119,541,468,87,259,552,371,104,346,190,409,466,325,529,193,341
70,52,15,12,73,11,51,22,24,24,69,73,122,35,27,34,55,102,71,2,36,67,39,30,37,15,35,34,38,67,109,187,36,64,15,69,61,14,29,65,37,12,50,26,57,61,41,61,27,43
341,228,119,49,291,52,263,82,79,110,249,301,533,181,160,161,217,533,287,36,72,286,179,129,198,69,201,118,151,335,413,797,140,253,61,304,255,32,143,310,175,54,230,95,235,255,170,306,107,190
530,437,218,86,521,124,489,155,180,219,431,583,915,291,269,321,392,917,480,67,286,245,328,197,344,130,349,246,277,653,751,1417,279,467,118,555,469,89,262,511,325,126,345,165,391,474,331,534,201,293
355,250,123,46,298,67,302,86,110,128,259,313,510,181,158,166,220,521,309,39,179,328,79,125,181,75,183,143,132,380,427,834,142,298,66,287,276,46,155,308,201,51,254,88,214,276,162,314,117,189
225,167,75,44,194,38,188,66,69,78,167,225,362,108,109,123,138,361,198,30,129,197,125,34,141,44,126,99,108,252,310,564,112,174,36,212,179,30,95,215,135,42,159,71,162,156,134,207,69,137
359,306,130,61,341,90,312,105,107,128,282,369,534,207,161,179,239,573,331,37,198,344,181,141,104,79,218,147,177,386,474,874,174,323,70,341,329,48,175,341,222,66,253,106,251,304,191,357,115,217
142,111,49,29,142,35,125,39,41,52,126,138,232,71,61,67,96,244,124,15,69,130,75,44,79,19,71,54,60,149,202,371,69,138,28,132,125,16,61,129,83,22,101,51,103,105,71,145,42,80
344,268,128,65,378,80,340,100,111,153,311,345,609,188,167,153,234,618,312,35,201,349,183,126,218,71,108,156,169,402,545,945,173,320,65,367,318,41,176,367,229,61,268,118,261,299,193,345,118,197
271,204,105,41,223,61,233,74,72,86,207,248,429,144,114,123,171,436,249,34,118,246,143,99,147,54,156,57,116,303,366,638,132,213,63,269,220,34,111,260,156,51,185,94,195,213,137,264,104,157
318,194,114,45,251,74,260,80,95,106,245,278,455,158,144,156,167,461,256,38,151,277,132,108,177,60,169,116,69,321,389,697,136,245,70,283,253,33,110,297,141,56,201,88,217,257,165,278,107,152
596,555,226,100,624,131,560,182,201,250,527,733,1137,407,344,376,467,1113,594,67,335,653,380,252,386,149,402,303,321,382,979,1861,335,597,151,666,586,116,322,676,425,113,483,220,461,560,404,630,222,426
665,647,282,140,762,157,742,211,245,317,606,843,1321,464,393,456,539,1289,703,109,413,751,427,310,474,202,545,366,389,979,571,2087,431,708,174,799,730,140,386,806,496,147,592,298,558,696,479,750,256,489
1173,1224,549,231,1435,284,1294,437,480,524,1141,1503,2439,904,699,781,942,2439,1426,187,797,1417,834,564,874,371,945,638,697,1861,2087,1858,729,1292,316,1494,1217,238,675,1444,926,288,1057,512,1140,1318,856,1423,469,947
234,221,97,41,262,54,277,83,99,101,207,311,449,184,140,167,212,466,272,36,140,279,142,112,174,69,173,132,136,335,431,729,79,236,63,284,260,44,151,308,174,55,197,105,240,250,165,286,97,193
465,425,177,89,456,101,468,140,152,175,384,532,814,291,261,260,303,848,489,64,253,467,298,174,323,138,320,213,245,597,708,1292,236,225,103,474,433,73,245,525,330,97,360,170,406,446,304,501,177,294
116,97,44,17,125,28,118,40,38,40,79,121,201,60,69,67,79,218,119,15,61,118,66,36,70,28,65,63,70,151,174,316,63,103,11,107,106,19,48,142,82,24,79,49,87,105,66,129,43,65
504,432,195,72,545,97,484,146,175,218,443,574,951,357,264,276,350,993,541,69,304,555,287,212,341,132,367,269,283,666,799,1494,284,474,107,273,491,97,275,562,326,106,393,199,420,523,323,565,204,375
481,422,201,88,513,122,423,138,140,173,364,484,835,290,257,296,346,839,468,61,255,469,276,179,329,125,318,220,253,586,730,1217,260,433,106,491,203,82,227,491,344,92,346,192,388,450,305,482,176,304
95,71,40,8,79,16,81,25,17,31,64,83,150,57,41,55,65,172,87,14,32,89,46,30,48,16,41,34,33,116,140,238,44,73,19,97,82,10,52,81,47,21,61,36,68,69,41,92,26,47
232,211,83,45,264,64,232,55,93,95,227,246,473,165,125,140,189,443,259,29,143,262,155,95,175,61,176,111,110,322,386,675,151,245,48,275,227,52,53,264,169,47,196,89,196,252,161,259,93,173
425,468,228,81,568,109,512,156,193,217,440,578,929,326,281,320,365,925,552,65,310,511,308,215,341,129,367,260,297,676,806,1444,308,525,142,562,491,81,264,280,350,111,375,219,436,493,314,546,208,368
315,320,139,48,327,60,329,106,97,139,288,359,593,210,172,200,237,574,371,37,175,325,201,135,222,83,229,156,141,425,496,926,174,330,82,326,344,47,169,350,115,73,265,122,290,289,194,351,114,231
97,76,30,14,109,23,103,28,26,46,108,106,193,49,49,53,67,182,104,12,54,126,51,42,66,22,61,51,56,113,147,288,55,97,24,106,92,21,47,111,73,12,74,36,77,111,48,109,40,72
350,323,161,76,384,77,359,126,125,163,310,399,664,224,205,209,275,706,346,50,230,345,254,159,253,101,268,185,201,483,592,1057,197,360,79,393,346,61,196,375,265,74,135,151,318,350,237,377,133,269
164,151,77,35,194,52,193,47,70,85,177,213,355,123,104,99,145,339,190,26,95,165,88,71,106,51,118,94,88,220,298,512,105,170,49,199,192,36,89,219,122,36,151,33,144,168,114,185,83,123
431,370,157,81,408,117,393,113,141,181,355,449,709,236,195,229,279,706,409,57,235,391,214,162,251,103,261,195,217,461,558,1140,240,406,87,420,388,68,196,436,290,77,318,144,151,341,265,433,145,265
418,402,179,75,474,105,436,148,148,190,359,571,822,285,247,262,350,813,466,61,255,474,276,156,304,105,299,213,257,560,696,1318,250,446,105,523,450,69,252,493,289,111,350,168,341,201,287,478,169,301
316,268,124,60,331,86,313,87,113,131,283,386,561,204,161,185,244,562,325,41,170,331,162,134,191,71,193,137,165,404,479,856,165,304,66,323,305,41,161,314,194,48,237,114,265,287,96,314,113,185
456,474,212,83,531,116,477,165,175,219,480,556,943,331,278,303,340,948,529,61,306,534,314,207,357,145,345,264,278,630,750,1423,286,501,129,565,482,92,259,546,351,109,377,185,433,478,314,273,181,320
163,158,80,31,181,60,190,58,66,62,157,186,312,117,113,116,142,319,193,27,107,201,117,69,115,42,118,104,107,222,256,469,97,177,43,204,176,26,93,208,114,40,133,83,145,169,113,181,37,115
366,309,131,62,341,90,296,87,108,143,269,390,606,231,183,202,248,613,341,43,190,293,189,137,217,80,197,157,152,426,489,947,193,294,65,375,304,47,173,368,231,72,269,123,265,301,185,320,115,117
