252,430,199,110,501,105,501,196,178,247,430,496,819,367,327,341,352,815,512,70,304,498,330,185,342,155,364,272,320,592,729,1185,252,493,109,531,476,88,260,471,299,89,352,171,434,430,321,491,190,350
430,191,160,72,431,106,420,131,126,163,383,466,783,292,222,246,306,822,453,57,271,477,253,194,309,120,281,202,235,557,654,1224,264,429,110,477,394,71,205,437,320,90,317,166,384,387,286,454,185,298
199,160,36,30,210,44,187,67,74,80,160,227,397,119,112,113,145,360,201,19,110,208,116,76,133,42,128,78,109,260,310,586,129,199,51,206,184,28,111,202,143,52,165,82,167,180,130,209,97,134
110,72,30,8,93,23,91,28,27,42,81,100,139,56,61,57,54,141,84,8,63,83,52,39,63,27,73,43,54,125,132,239,44,86,18,112,83,14,55,95,55,23,62,27,73,79,55,82,32,61
501,431,210,93,276,120,533,156,173,212,452,551,924,355,277,292,365,950,561,53,283,573,316,201,339,139,366,232,282,656,737,1452,289,488,114,579,448,95,267,545,327,102,396,184,423,460,337,553,175,321
105,106,44,23,120,12,94,29,37,52,105,124,180,72,73,72,82,202,123,18,83,114,73,55,86,39,88,54,63,145,162,271,57,113,24,133,101,17,56,110,72,28,64,35,81,105,92,87,42,73
501,420,187,91,533,94,239,162,138,205,407,540,870,308,265,269,360,869,492,61,285,477,283,201,313,133,361,238,262,617,722,1380,268,466,99,534,475,90,256,520,339,110,332,161,360,458,300,441,170,322
196,131,67,28,156,29,162,32,55,77,131,162,259,85,87,102,97,266,162,20,70,157,78,66,100,54,112,62,64,211,254,420,85,134,26,162,131,22,77,178,106,31,111,48,116,123,90,180,59,98
178,126,74,27,173,37,138,55,26,66,155,163,297,118,91,84,135,284,170,26,95,162,96,75,112,37,105,74,92,197,217,443,99,143,29,185,122,32,95,176,103,42,109,64,112,157,105,163,59,112
247,163,80,42,212,52,205,77,66,40,173,209,319,139,114,110,171,359,222,28,125,198,133,87,131,42,121,92,121,245,280,543,119,218,46,222,179,39,125,206,135,50,145,81,161,200,128,212,70,144
430,383,160,81,452,105,407,131,155,173,189,466,774,266,212,260,324,756,430,63,239,444,270,177,293,107,272,207,251,575,590,1062,218,390,91,466,388,74,229,450,278,82,308,164,363,392,277,397,148,305
496,466,227,100,551,124,540,162,163,209,466,321,1006,337,286,326,419,1054,509,55,305,554,313,215,365,143,397,286,280,666,855,1588,303,527,132,590,538,96,260,619,372,105,451,213,449,483,368,613,197,377
819,783,397,139,924,180,870,259,297,319,774,1006,822,568,496,518,616,1498,862,109,481,895,522,346,599,244,621,422,473,1170,1363,2474,487,836,197,1042,827,170,418,955,647,164,679,334,753,852,563,929,331,588
367,292,119,56,355,72,308,85,118,139,266,337,568,103,169,189,236,573,348,45,176,363,198,129,192,89,223,152,142,397,485,877,154,320,60,338,315,60,174,344,210,73,251,108,237,298,199,353,121,202
327,222,112,61,277,73,265,87,91,114,212,286,496,169,80,169,181,479,263,25,151,270,164,93,166,75,188,137,131,332,368,743,141,242,60,281,257,57,135,259,177,53,223,124,196,258,144,274,94,181
341,246,113,57,292,72,269,102,84,110,260,326,518,189,169,83,200,521,299,37,160,268,177,112,192,73,209,113,154,338,435,844,164,253,68,297,265,53,140,290,180,56,239,112,225,294,183,336,107,201
352,306,145,54,365,82,360,97,135,171,324,419,616,236,181,200,109,624,373,45,224,366,195,141,256,94,243,187,183,466,547,1007,190,349,65,384,327,53,186,378,250,73,280,127,316,365,222,406,128,221
815,822,360,141,950,202,869,266,284,359,756,1054,1498,573,479,521,624,787,897,122,491,895,484,382,619,249,661,379,480,1177,1381,2456,495,847,202,1004,830,155,429,1038,637,183,687,360,709,901,583,955,320,603
512,453,201,84,561,123,492,162,170,222,430,509,862,348,263,299,373,897,263,88,267,509,298,185,326,124,317,217,258,645,754,1436,266,495,103,537,494,74,273,546,354,112,386,183,393,453,299,545,178,364
70,57,19,8,53,18,61,20,26,28,63,55,109,45,25,37,45,122,88,6,31,71,26,31,33,9,36,31,34,80,104,166,37,50,9,56,49,9,37,82,42,19,64,20,47,57,39,67,15,37
304,271,110,63,283,83,285,70,95,125,239,305,481,176,151,160,224,491,267,31,75,266,168,121,171,82,180,123,146,347,413,785,153,295,63,275,289,50,123,338,184,59,227,105,242,223,170,306,111,196
498,477,208,83,573,114,477,157,162,198,444,554,895,363,270,268,366,895,509,71,266,256,298,179,342,125,328,237,276,689,694,1483,267,487,116,564,468,90,271,568,359,109,375,175,369,490,311,530,176,301
330,253,116,52,316,73,283,78,96,133,270,313,522,198,164,177,195,484,298,26,168,298,91,121,183,81,194,134,156,372,436,895,158,277,56,295,293,32,154,313,215,57,203,121,226,285,186,300,97,192
185,194,76,39,201,55,201,66,75,87,177,215,346,129,93,112,141,382,185,31,121,179,121,38,132,58,146,78,99,251,313,541,112,192,49,221,197,26,88,238,149,51,156,74,156,193,112,207,71,134
342,309,133,63,339,86,313,100,112,131,293,365,599,192,166,192,256,619,326,33,171,342,183,132,117,76,194,155,185,432,497,910,176,301,65,346,323,62,158,378,246,66,259,118,241,335,201,339,116,226
155,120,42,27,139,39,133,54,37,42,107,143,244,89,75,73,94,249,124,9,82,125,81,58,76,15,83,56,63,161,194,343,82,129,45,136,119,13,65,125,74,26,96,43,106,132,81,133,49,95
364,281,128,73,366,88,361,112,105,121,272,397,621,223,188,209,243,661,317,36,180,328,194,146,194,83,109,169,186,450,481,955,204,337,90,342,332,51,177,345,206,64,252,115,282,347,211,335,135,219
272,202,78,43,232,54,238,62,74,92,207,286,422,152,137,113,187,379,217,31,123,237,134,78,155,56,169,55,108,302,352,660,125,244,36,230,198,42,94,246,163,37,176,105,193,200,127,253,97,155
320,235,109,54,282,63,262,64,92,121,251,280,473,142,131,154,183,480,258,34,146,276,156,99,185,63,186,108,73,317,393,734,155,242,48,260,263,47,129,270,170,50,210,72,210,251,161,299,93,174
592,557,260,125,656,145,617,211,197,245,575,666,1170,397,332,338,466,1177,645,80,347,689,372,251,432,161,450,302,317,379,985,1794,353,610,129,706,554,110,325,717,435,123,470,244,483,606,434,647,220,426
729,654,310,132,737,162,722,254,217,280,590,855,1363,485,368,435,547,1381,754,104,413,694,436,313,497,194,481,352,393,985,560,2138,391,711,188,825,741,145,406,786,488,159,546,297,623,697,483,767,256,516
1185,1224,586,239,1452,271,1380,420,443,543,1062,1588,2474,877,743,844,1007,2456,1436,166,785,1483,895,541,910,343,955,660,734,1794,2138,1915,786,1298,341,1513,1326,255,714,1499,959,302,1054,520,1141,1320,881,1429,489,990
252,264,129,44,289,57,268,85,99,119,218,303,487,154,141,164,190,495,266,37,153,267,158,112,176,82,204,125,155,353,391,786,82,277,50,307,263,44,134,285,187,65,210,114,223,252,148,292,97,187
493,429,199,86,488,113,466,134,143,218,390,527,836,320,242,253,349,847,495,50,295,487,277,192,301,129,337,244,242,610,711,1298,277,218,103,495,449,89,255,492,295,90,385,177,389,461,304,498,167,317
109,110,51,18,114,24,99,26,29,46,91,132,197,60,60,68,65,202,103,9,63,116,56,49,65,45,90,36,48,129,188,341,50,103,15,118,109,22,44,131,76,20,80,26,78,87,59,113,29,71
531,477,206,112,579,133,534,162,185,222,466,590,1042,338,281,297,384,1004,537,56,275,564,295,221,346,136,342,230,260,706,825,1513,307,495,118,268,484,97,274,574,349,97,452,216,435,472,334,591,223,374
476,394,184,83,448,101,475,131,122,179,388,538,827,315,257,265,327,830,494,49,289,468,293,197,323,119,332,198,263,554,741,1326,263,449,109,484,218,105,235,483,311,102,331,159,391,468,291,499,166,299
88,71,28,14,95,17,90,22,32,39,74,96,170,60,57,53,53,155,74,9,50,90,32,26,62,13,51,42,47,110,145,255,44,89,22,97,105,7,34,87,63,15,84,29,74,85,55,89,35,53
260,205,111,55,267,56,256,77,95,125,229,260,418,174,135,140,186,429,273,37,123,271,154,88,158,65,177,94,129,325,406,714,134,255,44,274,235,34,61,262,166,62,185,80,218,257,163,275,88,165
471,437,202,95,545,110,520,178,176,206,450,619,955,344,259,290,378,1038,546,82,338,568,313,238,378,125,345,246,270,717,786,1499,285,492,131,574,483,87,262,291,358,110,415,191,443,508,345,542,192,377
299,320,143,55,327,72,339,106,103,135,278,372,647,210,177,180,250,637,354,42,184,359,215,149,246,74,206,163,170,435,488,959,187,295,76,349,311,63,166,358,96,66,250,105,264,274,188,337,124,247
89,90,52,23,102,28,110,31,42,50,82,105,164,73,53,56,73,183,112,19,59,109,57,51,66,26,64,37,50,123,159,302,65,90,20,97,102,15,62,110,66,15,83,39,78,78,59,113,43,74
352,317,165,62,396,64,332,111,109,145,308,451,679,251,223,239,280,687,386,64,227,375,203,156,259,96,252,176,210,470,546,1054,210,385,80,452,331,84,185,415,250,83,145,144,312,340,259,386,124,267
171,166,82,27,184,35,161,48,64,81,164,213,334,108,124,112,127,360,183,20,105,175,121,74,118,43,115,105,72,244,297,520,114,177,26,216,159,29,80,191,105,39,144,39,147,190,115,195,68,148
434,384,167,73,423,81,360,116,112,161,363,449,753,237,196,225,316,709,393,47,242,369,226,156,241,106,282,193,210,483,623,1141,223,389,78,435,391,74,218,443,264,78,312,147,152,376,259,403,145,247
430,387,180,79,460,105,458,123,157,200,392,483,852,298,258,294,365,901,453,57,223,490,285,193,335,132,347,200,251,606,697,1320,252,461,87,472,468,85,257,508,274,78,340,190,376,206,300,488,172,349
321,286,130,55,337,92,300,90,105,128,277,368,563,199,144,183,222,583,299,39,170,311,186,112,201,81,211,127,161,434,483,881,148,304,59,334,291,55,163,345,188,59,259,115,259,300,102,337,112,221
491,454,209,82,553,87,441,180,163,212,397,613,929,353,274,336,406,955,545,67,306,530,300,207,339,133,335,253,299,647,767,1429,292,498,113,591,499,89,275,542,337,113,386,195,403,488,337,253,177,360
190,185,97,32,175,42,170,59,59,70,148,197,331,121,94,107,128,320,178,15,111,176,97,71,116,49,135,97,93,220,256,489,97,167,29,223,166,35,88,192,124,43,124,68,145,172,112,177,24,122
350,298,134,61,321,73,322,98,112,144,305,377,588,202,181,201,221,603,364,37,196,301,192,134,226,95,219,155,174,426,516,990,187,317,71,374,299,53,165,377,247,74,267,148,247,349,221,360,122,116
