235,428,230,96,492,107,446,186,164,255,463,518,790,370,311,323,339,794,460,70,340,485,324,220,365,126,349,279,301,578,659,1161,248,468,95,479,471,55,235,503,304,120,361,165,421,417,302,466,160,386
428,164,161,68,416,117,413,128,162,175,356,477,800,291,240,245,357,800,441,55,219,439,226,168,285,102,258,197,213,557,688,1242,260,401,108,474,396,79,213,433,279,84,334,168,363,393,286,467,177,312
230,161,35,38,179,53,209,72,51,76,140,212,327,133,112,125,150,318,211,28,105,235,123,72,130,59,140,109,90,251,306,571,109,202,46,199,190,28,101,215,142,42,169,72,148,184,120,211,77,125
96,68,38,7,88,23,75,29,31,34,74,111,140,62,50,57,75,124,86,7,42,99,50,22,67,31,51,41,47,88,112,266,58,79,19,110,79,18,46,80,50,22,58,31,70,79,63,74,33,58
492,416,179,88,266,118,489,143,156,215,413,556,958,340,276,303,369,921,519,69,289,528,308,207,340,145,362,214,269,642,766,1405,255,454,122,520,452,90,249,563,335,109,423,191,427,463,342,552,194,303
107,117,53,23,118,20,107,34,42,46,100,137,194,67,63,76,95,195,113,15,67,124,70,40,98,31,77,56,64,153,171,305,67,105,17,134,98,15,52,104,65,20,80,41,86,105,77,106,38,80
446,413,209,75,489,107,248,161,170,197,404,555,858,334,272,308,361,827,491,63,272,514,278,200,333,130,320,247,231,619,720,1333,271,429,85,532,414,81,242,493,326,129,374,183,373,440,335,492,172,317
186,128,72,29,143,34,161,25,52,58,141,170,287,92,84,95,117,295,161,13,74,171,85,67,79,33,91,67,74,172,226,436,71,166,42,171,133,18,83,157,91,33,128,49,120,145,91,156,66,105
164,162,51,31,156,42,170,52,26,67,121,177,296,103,79,83,122,287,144,24,106,167,106,60,113,47,111,81,89,203,265,451,92,170,38,194,159,26,79,191,106,33,130,70,135,152,90,201,71,90
255,175,76,34,215,46,197,58,67,39,161,229,377,148,127,121,154,360,209,21,121,227,131,81,149,56,130,76,105,252,306,569,116,207,59,238,203,37,94,210,144,47,175,78,151,197,147,207,87,142
463,356,140,74,413,100,404,141,121,161,156,447,745,292,261,262,298,701,430,50,241,446,249,191,302,126,302,200,224,503,624,1103,207,419,106,424,401,80,215,459,272,95,329,157,324,383,252,432,148,280
518,477,212,111,556,137,555,170,177,229,447,298,953,337,303,335,443,960,585,59,290,550,314,204,391,139,379,263,279,713,861,1514,301,546,127,582,529,95,267,591,375,113,414,191,441,522,360,563,203,379
790,800,327,140,958,194,858,287,296,377,745,953,809,624,466,512,639,1437,896,114,533,950,544,371,590,251,629,436,447,1157,1333,2344,454,879,200,973,817,143,428,908,572,172,659,320,737,846,606,927,326,593
370,291,133,62,340,67,334,92,103,148,292,337,624,117,198,178,262,568,319,38,176,345,212,121,226,94,228,164,186,420,468,922,173,316,72,336,276,58,165,358,216,60,302,120,291,318,225,352,134,220
311,240,112,50,276,63,272,84,79,127,261,303,466,198,76,150,204,472,294,33,162,271,164,130,169,69,180,120,138,329,405,781,138,255,65,269,271,40,144,274,151,59,218,89,198,230,171,281,104,181
323,245,125,57,303,76,308,95,83,121,262,335,512,178,150,76,217,530,296,36,167,283,163,133,169,76,179,145,122,349,449,848,149,254,68,293,271,45,170,300,189,68,210,97,234,273,173,304,111,218
339,357,150,75,369,95,361,117,122,154,298,443,639,262,204,217,132,657,401,49,217,365,219,150,253,107,266,172,190,448,604,1005,201,369,79,380,376,61,178,394,228,67,265,124,308,356,223,382,119,248
794,800,318,124,921,195,827,295,287,360,701,960,1437,568,472,530,657,781,939,126,555,916,544,372,595,234,617,432,459,1183,1309,2374,466,844,188,989,802,142,454,930,579,172,656,326,707,819,584,899,321,578
460,441,211,86,519,113,491,161,144,209,430,585,896,319,294,296,401,939,247,56,303,462,308,198,321,116,315,262,241,635,762,1447,280,487,121,525,484,82,246,534,329,97,364,212,396,464,329,572,200,370
70,55,28,7,69,15,63,13,24,21,50,59,114,38,33,36,49,126,56,3,27,66,36,20,47,14,46,32,22,87,97,189,34,60,22,58,58,6,29,61,43,9,53,23,52,57,37,77,36,35
340,219,105,42,289,67,272,74,106,121,241,290,533,176,162,167,217,555,303,27,79,300,168,97,180,62,163,131,137,347,430,805,151,262,66,252,271,49,125,319,180,58,226,88,224,274,165,279,112,184
485,439,235,99,528,124,514,171,167,227,446,550,950,345,271,283,365,916,462,66,300,262,294,202,360,134,372,253,260,663,767,1414,273,489,104,575,455,85,280,505,325,115,359,205,416,470,323,557,190,346
324,226,123,50,308,70,278,85,106,131,249,314,544,212,164,163,219,544,308,36,168,294,88,128,189,85,206,119,152,357,507,879,150,259,78,306,290,62,158,316,179,52,221,94,236,233,192,327,118,223
220,168,72,22,207,40,200,67,60,81,191,204,371,121,130,133,150,372,198,20,97,202,128,36,138,43,139,93,111,259,292,544,120,167,50,219,167,37,111,209,125,45,165,83,189,203,140,227,79,140
365,285,130,67,340,98,333,79,113,149,302,391,590,226,169,169,253,595,321,47,180,360,189,138,110,83,212,141,177,420,555,946,176,310,77,370,300,48,147,353,219,69,265,124,269,319,211,383,126,206
126,102,59,31,145,31,130,33,47,56,126,139,251,94,69,76,107,234,116,14,62,134,85,43,83,17,91,55,67,159,202,337,81,96,32,116,125,18,71,120,82,31,94,45,125,124,91,169,58,92
349,258,140,51,362,77,320,91,111,130,302,379,629,228,180,179,266,617,315,46,163,372,206,139,212,91,115,148,174,441,512,933,180,283,82,355,305,62,163,354,225,77,251,130,292,320,217,403,142,236
279,197,109,41,214,56,247,67,81,76,200,263,436,164,120,145,172,432,262,32,131,253,119,93,141,55,148,46,123,306,357,608,144,234,59,226,230,50,118,279,163,67,199,103,194,236,127,260,89,162
301,213,90,47,269,64,231,74,89,105,224,279,447,186,138,122,190,459,241,22,137,260,152,111,177,67,174,123,69,310,363,715,128,231,53,262,234,40,136,255,164,45,196,77,162,245,155,281,93,174
578,557,251,88,642,153,619,172,203,252,503,713,1157,420,329,349,448,1183,635,87,347,663,357,259,420,159,441,306,310,377,974,1767,369,591,166,640,572,88,297,638,433,117,478,226,489,571,395,666,235,408
659,688,306,112,766,171,720,226,265,306,624,861,1333,468,405,449,604,1309,762,97,430,767,507,292,555,202,512,357,363,974,575,2063,394,676,153,821,691,119,394,797,529,148,591,290,628,704,457,794,302,505
1161,1242,571,266,1405,305,1333,436,451,569,1103,1514,2344,922,781,848,1005,2374,1447,189,805,1414,879,544,946,337,933,608,715,1767,2063,1870,755,1316,332,1441,1316,242,669,1454,917,294,1010,488,1168,1264,900,1405,500,931
248,260,109,58,255,67,271,71,92,116,207,301,454,173,138,149,201,466,280,34,151,273,150,120,176,81,180,144,128,369,394,755,75,243,70,266,267,54,136,310,169,49,200,103,216,240,167,239,101,194
468,401,202,79,454,105,429,166,170,207,419,546,879,316,255,254,369,844,487,60,262,489,259,167,310,96,283,234,231,591,676,1316,243,226,116,506,416,88,220,489,300,106,386,159,332,431,282,460,180,315
95,108,46,19,122,17,85,42,38,59,106,127,200,72,65,68,79,188,121,22,66,104,78,50,77,32,82,59,53,166,153,332,70,116,9,111,94,23,53,118,66,20,84,38,90,122,80,112,40,68
479,474,199,110,520,134,532,171,194,238,424,582,973,336,269,293,380,989,525,58,252,575,306,219,370,116,355,226,262,640,821,1441,266,506,111,303,537,85,236,603,343,119,399,195,463,483,325,569,190,337
471,396,190,79,452,98,414,133,159,203,401,529,817,276,271,271,376,802,484,58,271,455,290,167,300,125,305,230,234,572,691,1316,267,416,94,537,200,86,240,492,299,98,370,161,346,461,285,488,185,339
55,79,28,18,90,15,81,18,26,37,80,95,143,58,40,45,61,142,82,6,49,85,62,37,48,18,62,50,40,88,119,242,54,88,23,85,86,8,47,90,57,23,61,25,54,71,44,94,26,39
235,213,101,46,249,52,242,83,79,94,215,267,428,165,144,170,178,454,246,29,125,280,158,111,147,71,163,118,136,297,394,669,136,220,53,236,240,47,62,266,172,50,176,94,201,221,155,253,90,176
503,433,215,80,563,104,493,157,191,210,459,591,908,358,274,300,394,930,534,61,319,505,316,209,353,120,354,279,255,638,797,1454,310,489,118,603,492,90,266,253,361,111,420,197,432,480,355,498,182,362
304,279,142,50,335,65,326,91,106,144,272,375,572,216,151,189,228,579,329,43,180,325,179,125,219,82,225,163,164,433,529,917,169,300,66,343,299,57,172,361,115,65,283,110,260,302,202,331,119,219
120,84,42,22,109,20,129,33,33,47,95,113,172,60,59,68,67,172,97,9,58,115,52,45,69,31,77,67,45,117,148,294,49,106,20,119,98,23,50,111,65,5,75,43,91,95,65,125,32,74
361,334,169,58,423,80,374,128,130,175,329,414,659,302,218,210,265,656,364,53,226,359,221,165,265,94,251,199,196,478,591,1010,200,386,84,399,370,61,176,420,283,75,118,136,326,363,264,367,129,265
165,168,72,31,191,41,183,49,70,78,157,191,320,120,89,97,124,326,212,23,88,205,94,83,124,45,130,103,77,226,290,488,103,159,38,195,161,25,94,197,110,43,136,34,145,187,125,219,51,116
421,363,148,70,427,86,373,120,135,151,324,441,737,291,198,234,308,707,396,52,224,416,236,189,269,125,292,194,162,489,628,1168,216,332,90,463,346,54,201,432,260,91,326,145,164,384,248,409,157,279
417,393,184,79,463,105,440,145,152,197,383,522,846,318,230,273,356,819,464,57,274,470,233,203,319,124,320,236,245,571,704,1264,240,431,122,483,461,71,221,480,302,95,363,187,384,233,282,469,160,332
302,286,120,63,342,77,335,91,90,147,252,360,606,225,171,173,223,584,329,37,165,323,192,140,211,91,217,127,155,395,457,900,167,282,80,325,285,44,155,355,202,65,264,125,248,282,110,371,118,197
466,467,211,74,552,106,492,156,201,207,432,563,927,352,281,304,382,899,572,77,279,557,327,227,383,169,403,260,281,666,794,1405,239,460,112,569,488,94,253,498,331,125,367,219,409,469,371,255,185,322
160,177,77,33,194,38,172,66,71,87,148,203,326,134,104,111,119,321,200,36,112,190,118,79,126,58,142,89,93,235,302,500,101,180,40,190,185,26,90,182,119,32,129,51,157,160,118,185,32,123
386,312,125,58,303,80,317,105,90,142,280,379,593,220,181,218,248,578,370,35,184,346,223,140,206,92,236,162,174,408,505,931,194,315,68,337,339,39,176,362,219,74,265,116,279,332,197,322,123,121
