270,488,226,89,517,122,490,184,171,226,450,500,799,401,325,331,356,847,522,65,307,549,368,216,391,143,405,315,326,622,725,1197,239,526,97,532,465,86,252,475,341,115,335,184,456,384,362,517,161,383
488,181,150,82,443,115,453,122,139,168,351,486,820,276,229,254,309,777,430,49,223,448,268,185,283,109,292,218,217,524,684,1273,257,385,97,428,417,68,188,454,269,92,336,159,383,404,301,449,178,305
226,150,27,33,178,34,195,67,54,86,176,230,357,122,110,108,138,350,201,24,115,209,115,88,124,49,109,99,92,251,299,616,128,167,41,215,192,33,106,225,113,41,169,90,153,190,128,213,80,138
89,82,33,6,77,21,77,29,25,34,77,92,156,62,59,61,77,134,102,12,51,103,45,30,66,31,68,46,45,96,108,210,38,91,19,102,71,17,44,85,49,26,64,30,66,78,60,86,19,58
517,443,178,77,260,114,473,143,165,209,430,602,949,299,280,291,378,918,505,59,277,483,284,200,331,132,336,221,234,653,750,1484,287,473,126,575,488,92,248,523,344,110,401,202,423,477,316,530,194,352
122,115,34,21,114,14,109,42,36,47,88,130,186,72,68,65,83,176,122,16,65,108,68,40,83,36,93,66,61,130,159,293,57,111,15,144,93,24,66,114,69,37,80,47,86,91,74,114,33,82
490,453,195,77,473,109,240,137,153,197,391,526,823,323,272,289,393,859,519,52,285,514,306,211,337,118,335,226,262,619,719,1339,276,475,124,542,416,90,240,522,339,100,330,187,367,423,309,458,176,330
184,122,67,29,143,42,137,23,42,75,130,149,241,93,82,90,117,262,139,28,83,154,102,58,99,33,97,65,67,194,229,412,91,142,37,169,139,25,83,159,91,23,113,57,115,133,81,165,58,117
171,139,54,25,165,36,153,42,32,59,152,168,300,96,100,89,131,306,154,16,81,160,108,53,110,39,115,74,73,187,247,459,102,133,40,164,155,33,83,159,91,25,121,63,126,163,110,162,78,113
226,168,86,34,209,47,197,75,59,45,184,221,364,147,111,116,139,359,195,24,113,228,135,90,142,59,149,104,119,264,305,519,112,222,57,211,184,39,97,216,131,40,140,61,184,189,129,194,83,147
450,351,176,77,430,88,391,130,152,184,178,485,791,311,225,237,323,752,442,58,242,491,256,176,265,122,310,200,218,541,674,1167,235,418,100,468,421,86,215,442,297,71,308,153,324,400,276,421,156,291
500,486,230,92,602,130,526,149,168,221,485,313,1031,365,310,339,411,1088,579,80,293,572,314,222,359,150,385,263,265,711,857,1629,326,551,115,574,527,83,280,604,407,130,426,217,445,522,345,589,225,387
799,820,357,156,949,186,823,241,300,364,791,1031,798,561,473,486,619,1541,916,137,492,904,546,353,566,212,638,431,429,1145,1364,2532,503,856,210,955,835,131,445,1049,621,195,692,365,738,883,598,904,375,621
401,276,122,62,299,72,323,93,96,147,311,365,561,97,211,209,241,576,318,41,183,336,223,127,213,87,195,162,171,347,463,891,172,300,68,361,295,57,161,367,226,65,233,126,248,292,234,343,145,227
325,229,110,59,280,68,272,82,100,111,225,310,473,211,76,139,196,451,269,30,153,283,172,111,174,79,180,143,144,319,407,734,137,251,54,291,271,46,120,289,166,44,184,86,222,232,171,276,104,179
331,254,108,61,291,65,289,90,89,116,237,339,486,209,139,72,203,492,306,32,159,323,186,114,186,67,200,125,133,303,437,797,145,268,64,313,268,48,130,313,188,58,205,118,218,260,200,291,121,197
356,309,138,77,378,83,393,117,131,139,323,411,619,241,196,203,131,678,348,47,191,383,230,162,249,91,237,164,183,466,549,1082,194,335,79,388,344,58,187,393,249,84,261,147,304,321,228,387,145,248
847,777,350,134,918,176,859,262,306,359,752,1088,1541,576,451,492,678,870,912,120,490,935,533,371,574,223,619,445,436,1153,1371,2577,507,834,190,977,785,158,464,1011,628,190,709,335,744,854,564,914,354,592
522,430,201,102,505,122,519,139,154,195,442,579,916,318,269,306,348,912,248,51,270,482,298,202,328,125,333,250,257,634,775,1415,278,482,103,524,473,69,233,569,360,106,366,180,406,478,311,519,194,312
65,49,24,12,59,16,52,28,16,24,58,80,137,41,30,32,47,120,51,2,34,62,32,27,37,15,41,35,24,76,85,186,35,53,13,77,70,8,39,81,49,13,51,21,47,55,40,63,25,37
307,223,115,51,277,65,285,83,81,113,242,293,492,183,153,159,191,490,270,34,62,270,162,128,177,80,171,142,147,318,397,760,145,257,64,260,261,39,127,310,187,54,232,103,215,260,151,303,102,194
549,448,209,103,483,108,514,154,160,228,491,572,904,336,283,323,383,935,482,62,270,247,308,214,358,127,349,253,251,657,749,1436,271,473,123,562,469,68,250,558,336,87,392,203,400,470,349,495,193,356
368,268,115,45,284,68,306,102,108,135,256,314,546,223,172,186,230,533,298,32,162,308,109,131,205,70,189,151,163,387,463,832,149,262,72,293,271,57,142,350,186,58,247,109,239,300,191,324,131,196
216,185,88,30,200,40,211,58,53,90,176,222,353,127,111,114,162,371,202,27,128,214,131,39,129,58,132,94,86,252,324,558,101,176,39,206,175,37,100,234,138,44,153,76,147,188,130,222,74,149
391,283,124,66,331,83,337,99,110,142,265,359,566,213,174,186,249,574,328,37,177,358,205,129,124,81,195,170,156,416,516,963,193,333,70,354,318,59,158,380,213,59,249,111,237,300,203,338,131,231
143,109,49,31,132,36,118,33,39,59,122,150,212,87,79,67,91,223,125,15,80,127,70,58,81,11,58,65,58,167,187,366,60,119,30,141,137,21,56,137,97,36,96,46,96,116,59,121,35,93
405,292,109,68,336,93,335,97,115,149,310,385,638,195,180,200,237,619,333,41,171,349,189,132,195,58,100,148,143,434,537,988,195,326,77,368,327,48,169,392,207,68,293,119,259,325,211,344,116,238
315,218,99,46,221,66,226,65,74,104,200,263,431,162,143,125,164,445,250,35,142,253,151,94,170,65,148,53,115,284,388,702,144,225,48,261,239,31,108,222,155,46,185,89,202,220,173,256,92,163
326,217,92,45,234,61,262,67,73,119,218,265,429,171,144,133,183,436,257,24,147,251,163,86,156,58,143,115,66,333,361,669,138,243,60,238,231,43,111,261,164,62,201,96,195,238,155,234,93,175
622,524,251,96,653,130,619,194,187,264,541,711,1145,347,319,303,466,1153,634,76,318,657,387,252,416,167,434,284,333,369,959,1855,346,551,155,687,549,103,332,718,420,136,483,230,526,617,373,666,254,429
725,684,299,108,750,159,719,229,247,305,674,857,1364,463,407,437,549,1371,775,85,397,749,463,324,516,187,537,388,361,959,582,2121,411,698,166,842,659,130,365,803,483,181,593,285,579,693,503,781,264,474
1197,1273,616,210,1484,293,1339,412,459,519,1167,1629,2532,891,734,797,1082,2577,1415,186,760,1436,832,558,963,366,988,702,669,1855,2121,2007,754,1285,307,1528,1305,263,671,1566,946,279,1055,536,1140,1313,922,1405,538,876
239,257,128,38,287,57,276,91,102,112,235,326,503,172,137,145,194,507,278,35,145,271,149,101,193,60,195,144,138,346,411,754,63,234,63,309,245,48,149,278,188,64,198,102,216,261,189,276,116,175
526,385,167,91,473,111,475,142,133,222,418,551,856,300,251,268,335,834,482,53,257,473,262,176,333,119,326,225,243,551,698,1285,234,212,110,494,435,81,260,478,311,114,377,179,373,416,312,505,157,315
97,97,41,19,126,15,124,37,40,57,100,115,210,68,54,64,79,190,103,13,64,123,72,39,70,30,77,48,60,155,166,307,63,110,19,125,108,32,55,137,73,16,88,44,94,107,85,123,43,90
532,428,215,102,575,144,542,169,164,211,468,574,955,361,291,313,388,977,524,77,260,562,293,206,354,141,368,261,238,687,842,1528,309,494,125,261,509,91,295,574,354,118,414,192,419,488,339,575,216,373
465,417,192,71,488,93,416,139,155,184,421,527,835,295,271,268,344,785,473,70,261,469,271,175,318,137,327,239,231,549,659,1305,245,435,108,509,212,86,256,454,305,106,339,182,367,421,309,498,164,306
86,68,33,17,92,24,90,25,33,39,86,83,131,57,46,48,58,158,69,8,39,68,57,37,59,21,48,31,43,103,130,263,48,81,32,91,86,8,40,90,52,13,75,35,72,85,55,79,42,68
252,188,106,44,248,66,240,83,83,97,215,280,445,161,120,130,187,464,233,39,127,250,142,100,158,56,169,108,111,332,365,671,149,260,55,295,256,40,65,282,158,56,181,110,198,229,170,281,94,173
475,454,225,85,523,114,522,159,159,216,442,604,1049,367,289,313,393,1011,569,81,310,558,350,234,380,137,392,222,261,718,803,1566,278,478,137,574,454,90,282,273,355,128,419,214,417,494,336,551,198,362
341,269,113,49,344,69,339,91,91,131,297,407,621,226,166,188,249,628,360,49,187,336,186,138,213,97,207,155,164,420,483,946,188,311,73,354,305,52,158,355,103,56,280,129,249,303,199,354,124,243
115,92,41,26,110,37,100,23,25,40,71,130,195,65,44,58,84,190,106,13,54,87,58,44,59,36,68,46,62,136,181,279,64,114,16,118,106,13,56,128,56,13,76,46,87,98,63,96,43,68
335,336,169,64,401,80,330,113,121,140,308,426,692,233,184,205,261,709,366,51,232,392,247,153,249,96,293,185,201,483,593,1055,198,377,88,414,339,75,181,419,280,76,144,134,303,351,246,378,134,228
184,159,90,30,202,47,187,57,63,61,153,217,365,126,86,118,147,335,180,21,103,203,109,76,111,46,119,89,96,230,285,536,102,179,44,192,182,35,110,214,129,46,134,35,140,174,113,194,61,111
456,383,153,66,423,86,367,115,126,184,324,445,738,248,222,218,304,744,406,47,215,400,239,147,237,96,259,202,195,526,579,1140,216,373,94,419,367,72,198,417,249,87,303,140,145,358,249,403,145,274
384,404,190,78,477,91,423,133,163,189,400,522,883,292,232,260,321,854,478,55,260,470,300,188,300,116,325,220,238,617,693,1313,261,416,107,488,421,85,229,494,303,98,351,174,358,182,314,491,167,318
362,301,128,60,316,74,309,81,110,129,276,345,598,234,171,200,228,564,311,40,151,349,191,130,203,59,211,173,155,373,503,922,189,312,85,339,309,55,170,336,199,63,246,113,249,314,107,324,126,198
517,449,213,86,530,114,458,165,162,194,421,589,904,343,276,291,387,914,519,63,303,495,324,222,338,121,344,256,234,666,781,1405,276,505,123,575,498,79,281,551,354,96,378,194,403,491,324,258,206,319
161,178,80,19,194,33,176,58,78,83,156,225,375,145,104,121,145,354,194,25,102,193,131,74,131,35,116,92,93,254,264,538,116,157,43,216,164,42,94,198,124,43,134,61,145,167,126,206,39,118
383,305,138,58,352,82,330,117,113,147,291,387,621,227,179,197,248,592,312,37,194,356,196,149,231,93,238,163,175,429,474,876,175,315,90,373,306,68,173,362,243,68,228,111,274,318,198,319,118,123
