261,456,199,83,490,119,463,171,195,249,479,498,794,374,301,339,356,793,509,63,313,493,333,201,369,147,365,272,313,604,704,1176,232,467,97,524,489,84,250,433,318,128,367,168,430,407,330,519,164,354
456,172,157,78,436,115,426,115,135,194,372,472,757,294,220,232,338,767,426,43,231,424,251,166,290,115,295,198,219,552,634,1187,228,411,87,441,426,63,213,451,299,83,360,146,347,425,258,473,171,280
199,157,48,34,202,46,196,68,57,81,176,226,371,125,106,106,146,377,195,24,102,207,119,82,122,53,133,104,108,226,288,546,108,174,56,203,197,39,105,213,134,48,149,80,150,181,132,184,73,139
83,78,34,7,74,16,70,28,27,30,70,96,138,62,43,43,61,137,104,12,55,78,56,38,57,16,47,47,43,102,129,191,49,81,25,88,83,20,47,89,54,21,65,37,73,71,46,68,33,56
490,436,202,74,235,108,496,145,171,202,420,548,906,316,272,255,373,863,514,54,285,513,280,217,328,126,350,242,244,631,738,1356,248,460,98,520,464,96,228,534,314,97,409,204,445,489,290,538,174,337
119,115,46,16,108,12,89,31,43,47,108,112,169,65,64,74,91,180,116,16,67,108,76,51,83,30,72,61,59,139,154,246,50,115,26,132,89,23,59,119,86,31,84,47,92,99,58,108,32,75
463,426,196,70,496,89,202,167,177,229,424,495,854,316,279,314,384,877,495,69,299,478,285,189,327,130,326,245,229,609,688,1316,236,458,117,509,397,90,234,491,322,106,389,188,368,436,311,460,165,341
171,115,68,28,145,31,167,13,53,75,146,164,271,92,83,75,105,290,157,26,86,156,85,58,114,44,112,62,80,191,233,437,99,140,39,169,143,24,62,173,118,27,115,45,109,127,112,165,64,104
195,135,57,27,171,43,177,53,21,83,160,184,295,114,92,100,117,295,146,26,79,158,89,69,116,45,115,77,85,195,225,447,86,145,41,178,163,25,78,201,125,33,134,78,136,170,107,170,66,118
249,194,81,30,202,47,229,75,83,42,141,212,389,122,115,116,192,390,199,27,122,210,135,79,155,64,158,81,107,278,277,591,118,198,50,214,189,34,113,236,139,45,163,62,192,189,144,234,83,144
479,372,176,70,420,108,424,146,160,141,159,451,771,283,237,228,335,778,470,55,236,465,282,173,307,121,328,197,217,561,626,1145,218,407,91,489,396,74,214,455,298,102,343,152,399,391,281,463,156,317
498,472,226,96,548,112,495,164,184,212,451,295,975,367,302,318,401,1005,566,69,297,576,328,222,320,137,370,261,262,703,807,1586,299,522,132,601,515,87,260,560,366,111,443,210,438,555,349,576,205,350
794,757,371,138,906,169,854,271,295,389,771,975,792,590,486,493,619,1463,909,115,517,921,561,362,601,224,594,406,466,1175,1333,2363,498,865,202,956,799,142,421,966,604,169,665,322,749,846,555,869,318,629
374,294,125,62,316,65,316,92,114,122,283,367,590,100,177,186,245,604,367,42,190,350,193,135,217,75,215,160,168,429,505,925,160,313,74,349,312,64,149,364,217,67,275,105,249,310,191,313,129,229
301,220,106,43,272,64,279,83,92,115,237,302,486,177,51,131,180,508,256,36,156,277,148,114,172,67,170,128,127,339,400,785,155,239,58,261,269,44,146,278,161,54,202,113,206,262,170,259,103,166
339,232,106,43,255,74,314,75,100,116,228,318,493,186,131,60,219,529,276,35,162,315,172,138,190,74,180,130,146,329,415,836,168,261,75,293,303,46,140,331,194,56,233,128,233,281,176,315,112,179
356,338,146,61,373,91,384,105,117,192,335,401,619,245,180,219,126,616,364,49,216,367,218,143,253,97,242,187,211,445,513,995,175,346,92,346,323,62,183,362,244,68,252,148,288,295,218,377,108,273
793,767,377,137,863,180,877,290,295,390,778,1005,1463,604,508,529,616,796,863,119,499,920,550,344,622,223,589,392,432,1162,1382,2339,495,859,195,970,853,173,423,946,566,170,661,326,764,815,564,970,303,601
509,426,195,104,514,116,495,157,146,199,470,566,909,367,256,276,364,863,270,60,283,508,310,222,329,112,330,229,274,620,787,1434,261,479,116,519,512,94,249,539,326,116,395,160,397,484,319,516,180,355
63,43,24,12,54,16,69,26,26,27,55,69,115,42,36,35,49,119,60,1,29,57,39,29,46,21,41,20,28,77,81,157,29,71,13,53,50,6,36,72,46,9,53,25,50,48,38,61,21,44
313,231,102,55,285,67,299,86,79,122,236,297,517,190,156,162,216,499,283,29,86,321,159,118,194,66,173,133,126,349,430,842,159,280,57,297,299,53,116,285,165,57,227,104,240,281,182,313,107,204
493,424,207,78,513,108,478,156,158,210,465,576,921,350,277,315,367,920,508,57,321,258,312,214,358,108,359,245,261,620,761,1411,258,478,118,532,470,88,260,549,311,115,379,195,416,463,362,493,179,354
333,251,119,56,280,76,285,85,89,135,282,328,561,193,148,172,218,550,310,39,159,312,82,115,177,74,197,138,132,346,435,850,166,292,61,284,270,51,148,287,192,76,219,118,231,280,192,297,111,189
201,166,82,38,217,51,189,58,69,79,173,222,362,135,114,138,143,344,222,29,118,214,115,34,133,47,127,97,103,253,289,524,110,193,47,194,185,31,105,213,134,48,136,72,152,187,127,197,77,149
369,290,122,57,328,83,327,114,116,155,307,320,601,217,172,190,253,622,329,46,194,358,177,133,110,77,228,142,149,429,460,907,179,343,70,349,313,58,177,313,200,84,254,108,233,313,188,354,120,213
147,115,53,16,126,30,130,44,45,64,121,137,224,75,67,74,97,223,112,21,66,108,74,47,77,16,84,55,60,147,181,380,59,116,30,142,119,27,67,135,76,25,98,45,90,116,81,135,53,90
365,295,133,47,350,72,326,112,115,158,328,370,594,215,170,180,242,589,330,41,173,359,197,127,228,84,121,144,153,401,474,959,178,357,79,351,324,52,172,374,220,74,272,121,270,294,224,367,119,244
272,198,104,47,242,61,245,62,77,81,197,261,406,160,128,130,187,392,229,20,133,245,138,97,142,55,144,45,107,274,350,615,131,211,54,250,256,50,124,227,163,43,202,81,199,220,140,241,90,165
313,219,108,43,244,59,229,80,85,107,217,262,466,168,127,146,211,432,274,28,126,261,132,103,149,60,153,107,68,299,379,704,137,261,42,276,245,46,142,273,148,60,185,98,189,239,143,268,101,183
604,552,226,102,631,139,609,191,195,278,561,703,1175,429,339,329,445,1162,620,77,349,620,346,253,429,147,401,274,299,380,968,1801,366,587,129,640,563,106,297,668,401,122,512,256,542,581,372,664,240,429
704,634,288,129,738,154,688,233,225,277,626,807,1333,505,400,415,513,1382,787,81,430,761,435,289,460,181,474,350,379,968,549,2062,356,633,192,836,643,137,387,786,505,170,544,267,570,694,486,735,266,522
1176,1187,546,191,1356,246,1316,437,447,591,1145,1586,2363,925,785,836,995,2339,1434,157,842,1411,850,524,907,380,959,615,704,1801,2062,1812,711,1256,317,1520,1292,209,681,1412,897,276,1022,464,1093,1259,888,1338,494,982
232,228,108,49,248,50,236,99,86,118,218,299,498,160,155,168,175,495,261,29,159,258,166,110,179,59,178,131,137,366,356,711,63,247,53,280,276,44,128,278,168,61,201,92,214,255,199,259,92,176
467,411,174,81,460,115,458,140,145,198,407,522,865,313,239,261,346,859,479,71,280,478,292,193,343,116,357,211,261,587,633,1256,247,220,103,475,406,82,251,502,314,109,350,185,411,414,291,480,158,324
97,87,56,25,98,26,117,39,41,50,91,132,202,74,58,75,92,195,116,13,57,118,61,47,70,30,79,54,42,129,192,317,53,103,14,132,106,23,52,145,88,22,93,49,78,134,82,129,39,71
524,441,203,88,520,132,509,169,178,214,489,601,956,349,261,293,346,970,519,53,297,532,284,194,349,142,351,250,276,640,836,1520,280,475,132,266,521,90,249,552,354,102,397,194,429,513,334,553,156,387
489,426,197,83,464,89,397,143,163,189,396,515,799,312,269,303,323,853,512,50,299,470,270,185,313,119,324,256,245,563,643,1292,276,406,106,521,191,81,240,498,315,99,360,160,375,427,302,476,180,308
84,63,39,20,96,23,90,24,25,34,74,87,142,64,44,46,62,173,94,6,53,88,51,31,58,27,52,50,46,106,137,209,44,82,23,90,81,6,39,89,45,19,72,27,76,83,55,86,32,67
250,213,105,47,228,59,234,62,78,113,214,260,421,149,146,140,183,423,249,36,116,260,148,105,177,67,172,124,142,297,387,681,128,251,52,249,240,39,52,275,180,46,205,87,196,191,162,288,101,179
433,451,213,89,534,119,491,173,201,236,455,560,966,364,278,331,362,946,539,72,285,549,287,213,313,135,374,227,273,668,786,1412,278,502,145,552,498,89,275,284,360,98,382,176,441,518,347,520,175,332
318,299,134,54,314,86,322,118,125,139,298,366,604,217,161,194,244,566,326,46,165,311,192,134,200,76,220,163,148,401,505,897,168,314,88,354,315,45,180,360,90,73,253,108,267,326,214,359,115,202
128,83,48,21,97,31,106,27,33,45,102,111,169,67,54,56,68,170,116,9,57,115,76,48,84,25,74,43,60,122,170,276,61,109,22,102,99,19,46,98,73,10,80,41,84,99,75,101,41,73
367,360,149,65,409,84,389,115,134,163,343,443,665,275,202,233,252,661,395,53,227,379,219,136,254,98,272,202,185,512,544,1022,201,350,93,397,360,72,205,382,253,80,153,151,275,333,244,371,151,257
168,146,80,37,204,47,188,45,78,62,152,210,322,105,113,128,148,326,160,25,104,195,118,72,108,45,121,81,98,256,267,464,92,185,49,194,160,27,87,176,108,41,151,40,162,174,119,197,72,132
430,347,150,73,445,92,368,109,136,192,399,438,749,249,206,233,288,764,397,50,240,416,231,152,233,90,270,199,189,542,570,1093,214,411,78,429,375,76,196,441,267,84,275,162,156,372,251,413,132,256
407,425,181,71,489,99,436,127,170,189,391,555,846,310,262,281,295,815,484,48,281,463,280,187,313,116,294,220,239,581,694,1259,255,414,134,513,427,83,191,518,326,99,333,174,372,191,286,463,174,324
330,258,132,46,290,58,311,112,107,144,281,349,555,191,170,176,218,564,319,38,182,362,192,127,188,81,224,140,143,372,486,888,199,291,82,334,302,55,162,347,214,75,244,119,251,286,87,312,110,237
519,473,184,68,538,108,460,165,170,234,463,576,869,313,259,315,377,970,516,61,313,493,297,197,354,135,367,241,268,664,735,1338,259,480,129,553,476,86,288,520,359,101,371,197,413,463,312,277,156,358
164,171,73,33,174,32,165,64,66,83,156,205,318,129,103,112,108,303,180,21,107,179,111,77,120,53,119,90,101,240,266,494,92,158,39,156,180,32,101,175,115,41,151,72,132,174,110,156,30,113
354,280,139,56,337,75,341,104,118,144,317,350,629,229,166,179,273,601,355,44,204,354,189,149,213,90,244,165,183,429,522,982,176,324,71,387,308,67,179,332,202,73,257,132,256,324,237,358,113,113
