251,451,220,96,534,111,491,176,161,260,469,480,806,367,317,324,331,806,507,67,308,514,329,220,393,137,357,288,335,601,684,1213,268,483,110,469,487,90,240,444,324,94,367,167,429,427,314,466,179,398
451,168,164,63,466,110,440,124,139,179,388,490,780,270,212,205,298,771,437,46,212,449,261,154,280,112,297,196,229,535,697,1193,248,392,99,425,391,71,236,458,286,103,361,163,351,415,287,500,156,307
220,164,52,44,217,61,214,65,70,95,148,199,372,128,98,101,152,369,197,33,93,185,114,70,114,49,129,92,91,260,290,555,127,188,48,192,197,42,95,200,137,35,133,72,153,199,116,215,64,146
96,63,44,4,84,12,90,25,34,50,68,105,147,60,55,56,73,162,86,13,52,82,69,36,60,24,62,39,41,95,106,221,45,86,20,93,78,9,48,77,42,22,64,33,81,73,51,79,37,64
534,466,217,84,252,113,504,149,139,210,399,568,937,341,280,289,388,907,569,59,285,570,324,209,337,135,326,229,235,599,748,1413,288,453,119,553,520,72,244,580,361,102,386,156,414,462,321,537,180,394
111,110,61,12,113,11,112,34,37,55,84,123,192,72,64,66,97,192,95,13,75,95,71,33,67,30,79,52,56,136,144,268,58,104,25,137,104,7,55,109,67,17,70,47,78,105,56,128,35,75
491,440,214,90,504,112,223,155,149,184,378,547,855,300,249,265,373,858,529,58,269,498,269,188,327,119,341,217,244,608,744,1300,266,460,107,532,468,81,252,523,290,128,363,166,411,469,311,457,182,318
176,124,65,25,149,34,155,19,62,65,137,175,273,90,66,74,101,282,161,15,82,169,79,73,87,31,96,69,74,185,264,436,94,138,34,157,125,26,75,169,97,41,132,68,117,156,85,175,73,116
161,139,70,34,139,37,149,62,24,52,131,181,312,95,71,78,129,309,184,25,86,190,91,62,92,34,109,71,92,212,256,439,79,173,32,158,169,34,74,174,103,46,127,62,130,173,96,147,38,105
260,179,95,50,210,55,184,65,52,38,170,219,355,131,110,119,150,367,200,32,109,190,148,96,133,51,130,104,109,242,279,551,113,201,43,212,205,37,97,193,128,38,160,83,165,205,137,194,82,134
469,388,148,68,399,84,378,137,131,170,195,470,774,265,228,255,288,745,438,51,226,417,288,188,265,122,291,174,209,548,615,1147,238,370,77,465,413,73,193,459,284,77,323,158,338,414,277,422,146,288
480,490,199,105,568,123,547,175,181,219,470,316,1013,392,293,321,393,1043,584,57,330,606,338,232,368,117,369,274,264,696,843,1527,294,528,145,588,495,89,257,615,381,116,449,221,480,544,381,607,237,353
806,780,372,147,937,192,855,273,312,355,774,1013,857,613,479,511,673,1498,951,116,526,958,542,372,586,236,581,432,490,1140,1361,2429,465,790,193,963,863,154,455,1005,631,207,704,360,717,824,592,975,349,550
367,270,128,60,341,72,300,90,95,131,265,392,613,102,175,175,224,595,312,40,193,323,190,130,208,85,187,133,147,418,511,970,190,325,69,317,314,50,162,336,221,59,239,112,261,314,194,325,134,221
317,212,98,55,280,64,249,66,71,110,228,293,479,175,69,124,198,484,268,38,154,280,167,113,169,74,155,119,143,329,432,772,145,236,51,271,246,29,132,294,172,58,205,76,190,259,175,269,106,178
324,205,101,56,289,66,265,74,78,119,255,321,511,175,124,75,197,517,295,42,154,291,163,112,178,75,185,135,140,340,463,869,159,260,64,311,257,36,138,309,187,61,227,80,216,282,177,301,115,181
331,298,152,73,388,97,373,101,129,150,288,393,673,224,198,197,143,610,348,54,196,361,191,156,249,100,256,175,176,443,539,976,223,360,84,390,342,53,165,372,239,70,272,140,276,338,224,367,141,271
806,771,369,162,907,192,858,282,309,367,745,1043,1498,595,484,517,610,803,927,101,468,912,521,367,607,247,593,453,479,1117,1361,2426,472,813,198,954,874,171,437,963,631,206,671,327,728,793,577,943,342,547
507,437,197,86,569,95,529,161,184,200,438,584,951,312,268,295,348,927,261,64,272,504,324,208,320,147,378,213,235,616,790,1488,291,469,124,545,474,75,227,549,349,118,380,182,427,496,308,506,225,316
67,46,33,13,59,13,58,15,25,32,51,57,116,40,38,42,54,101,64,4,25,62,34,18,37,11,30,37,30,72,89,191,29,51,8,77,57,9,29,79,44,12,48,22,47,56,30,70,26,49
308,212,93,52,285,75,269,82,86,109,226,330,526,193,154,154,196,468,272,25,68,275,151,110,169,69,170,119,101,349,394,793,149,250,59,266,265,50,140,311,187,69,231,102,208,228,183,290,99,171
514,449,185,82,570,95,498,169,190,190,417,606,958,323,280,291,361,912,504,62,275,278,298,187,325,133,359,228,266,615,814,1428,268,470,120,578,500,77,260,572,349,109,400,190,398,465,293,526,214,350
329,261,114,69,324,71,269,79,91,148,288,338,542,190,167,163,191,521,324,34,151,298,82,117,229,89,221,154,136,338,478,834,157,269,69,306,287,49,166,358,196,67,249,109,252,268,186,328,107,192
220,154,70,36,209,33,188,73,62,96,188,232,372,130,113,112,156,367,208,18,110,187,117,34,128,62,151,84,106,272,304,578,102,194,45,199,182,38,124,207,144,44,153,72,150,196,139,185,70,141
393,280,114,60,337,67,327,87,92,133,265,368,586,208,169,178,249,607,320,37,169,325,229,128,123,82,225,171,168,425,468,925,189,332,67,323,311,54,161,360,220,66,263,125,282,323,211,359,135,223
137,112,49,24,135,30,119,31,34,51,122,117,236,85,74,75,100,247,147,11,69,133,89,62,82,22,88,56,68,165,190,360,69,135,33,135,115,16,62,139,93,26,97,60,115,116,90,145,61,77
357,297,129,62,326,79,341,96,109,130,291,369,581,187,155,185,256,593,378,30,170,359,221,151,225,88,116,140,175,405,532,958,183,338,73,359,320,56,178,376,254,65,272,118,274,346,204,387,126,217
288,196,92,39,229,52,217,69,71,104,174,274,432,133,119,135,175,453,213,37,119,228,154,84,171,56,140,61,120,306,366,673,125,202,54,217,216,36,101,269,166,54,161,97,204,210,141,235,104,165
335,229,91,41,235,56,244,74,92,109,209,264,490,147,143,140,176,479,235,30,101,266,136,106,168,68,175,120,64,327,383,724,131,228,63,283,239,38,138,238,158,51,217,104,193,225,163,289,103,160
601,535,260,95,599,136,608,185,212,242,548,696,1140,418,329,340,443,1117,616,72,349,615,338,272,425,165,405,306,327,398,923,1830,347,532,156,624,586,110,313,665,430,136,485,211,527,595,357,657,232,425
684,697,290,106,748,144,744,264,256,279,615,843,1361,511,432,463,539,1361,790,89,394,814,478,304,468,190,532,366,383,923,592,2118,390,640,180,786,710,131,346,795,496,166,577,292,635,749,481,824,296,512
1213,1193,555,221,1413,268,1300,436,439,551,1147,1527,2429,970,772,869,976,2426,1488,191,793,1428,834,578,925,360,958,673,724,1830,2118,1884,708,1290,318,1535,1331,249,678,1490,937,315,1033,539,1130,1324,880,1445,496,924
268,248,127,45,288,58,266,94,79,113,238,294,465,190,145,159,223,472,291,29,149,268,157,102,189,69,183,125,131,347,390,708,66,247,52,296,264,47,138,282,197,58,213,98,220,252,167,242,105,187
483,392,188,86,453,104,460,138,173,201,370,528,790,325,236,260,360,813,469,51,250,470,269,194,332,135,338,202,228,532,640,1290,247,240,100,496,470,78,223,470,284,99,327,170,403,466,249,485,182,336
110,99,48,20,119,25,107,34,32,43,77,145,193,69,51,64,84,198,124,8,59,120,69,45,67,33,73,54,63,156,180,318,52,100,13,114,111,18,50,116,74,23,79,45,77,106,79,122,36,74
469,425,192,93,553,137,532,157,158,212,465,588,963,317,271,311,390,954,545,77,266,578,306,199,323,135,359,217,283,624,786,1535,296,496,114,271,494,71,252,545,330,117,423,190,408,504,322,558,210,377
487,391,197,78,520,104,468,125,169,205,413,495,863,314,246,257,342,874,474,57,265,500,287,182,311,115,320,216,239,586,710,1331,264,470,111,494,224,73,222,494,316,101,373,185,345,421,318,485,168,314
90,71,42,9,72,7,81,26,34,37,73,89,154,50,29,36,53,171,75,9,50,77,49,38,54,16,56,36,38,110,131,249,47,78,18,71,73,8,50,113,61,17,80,39,73,94,43,78,36,60
240,236,95,48,244,55,252,75,74,97,193,257,455,162,132,138,165,437,227,29,140,260,166,124,161,62,178,101,138,313,346,678,138,223,50,252,222,50,56,290,164,55,194,102,210,266,142,272,93,176
444,458,200,77,580,109,523,169,174,193,459,615,1005,336,294,309,372,963,549,79,311,572,358,207,360,139,376,269,238,665,795,1490,282,470,116,545,494,113,290,279,338,121,423,185,438,506,344,572,175,345
324,286,137,42,361,67,290,97,103,128,284,381,631,221,172,187,239,631,349,44,187,349,196,144,220,93,254,166,158,430,496,937,197,284,74,330,316,61,164,338,97,68,268,127,288,309,202,328,129,227
94,103,35,22,102,17,128,41,46,38,77,116,207,59,58,61,70,206,118,12,69,109,67,44,66,26,65,54,51,136,166,315,58,99,23,117,101,17,55,121,68,13,95,38,89,115,64,122,57,59
367,361,133,64,386,70,363,132,127,160,323,449,704,239,205,227,272,671,380,48,231,400,249,153,263,97,272,161,217,485,577,1033,213,327,79,423,373,80,194,423,268,95,144,137,314,352,227,351,145,255
167,163,72,33,156,47,166,68,62,83,158,221,360,112,76,80,140,327,182,22,102,190,109,72,125,60,118,97,104,211,292,539,98,170,45,190,185,39,102,185,127,38,137,34,146,175,100,191,57,137
429,351,153,81,414,78,411,117,130,165,338,480,717,261,190,216,276,728,427,47,208,398,252,150,282,115,274,204,193,527,635,1130,220,403,77,408,345,73,210,438,288,89,314,146,170,405,275,435,152,237
427,415,199,73,462,105,469,156,173,205,414,544,824,314,259,282,338,793,496,56,228,465,268,196,323,116,346,210,225,595,749,1324,252,466,106,504,421,94,266,506,309,115,352,175,405,242,286,496,162,342
314,287,116,51,321,56,311,85,96,137,277,381,592,194,175,177,224,577,308,30,183,293,186,139,211,90,204,141,163,357,481,880,167,249,79,322,318,43,142,344,202,64,227,100,275,286,102,330,130,218
466,500,215,79,537,128,457,175,147,194,422,607,975,325,269,301,367,943,506,70,290,526,328,185,359,145,387,235,289,657,824,1445,242,485,122,558,485,78,272,572,328,122,351,191,435,496,330,248,207,345
179,156,64,37,180,35,182,73,38,82,146,237,349,134,106,115,141,342,225,26,99,214,107,70,135,61,126,104,103,232,296,496,105,182,36,210,168,36,93,175,129,57,145,57,152,162,130,207,29,106
398,307,146,64,394,75,318,116,105,134,288,353,550,221,178,181,271,547,316,49,171,350,192,141,223,77,217,165,160,425,512,924,187,336,74,377,314,60,176,345,227,59,255,137,237,342,218,345,106,102
