284,460,190,68,501,99,455,173,159,241,434,489,821,369,290,314,380,796,539,81,318,534,348,197,377,148,361,283,297,597,689,1139,225,442,98,495,459,87,262,445,269,107,379,184,400,405,312,475,172,350
460,185,181,83,416,100,405,114,159,161,373,485,802,291,254,269,313,781,398,56,236,422,264,187,316,98,266,196,205,527,659,1264,255,386,83,471,418,66,223,462,275,76,347,152,334,417,267,441,164,284
190,181,28,31,187,58,199,52,58,88,170,227,348,128,91,95,150,357,187,19,114,179,100,79,120,52,125,105,87,206,271,583,106,192,55,197,180,26,103,204,124,45,169,76,140,181,126,198,88,144
68,83,31,5,72,17,80,27,19,37,77,90,135,56,56,55,53,128,83,9,49,80,46,33,59,35,65,47,40,106,115,194,42,75,15,76,90,18,32,85,63,14,64,31,81,80,54,85,28,54
501,416,187,72,238,103,518,158,182,212,438,548,892,355,282,286,349,961,528,59,256,532,304,221,319,128,339,230,280,654,776,1406,257,507,120,543,483,90,229,570,340,110,381,196,386,499,349,515,178,355
99,100,58,17,103,9,91,31,28,62,105,146,187,61,65,79,75,184,86,13,70,100,57,38,59,38,70,51,58,124,166,257,48,93,19,126,99,23,44,106,62,15,89,40,82,117,68,108,35,75
455,405,199,80,518,91,204,153,144,204,431,591,837,299,249,276,333,841,448,59,261,487,265,178,296,126,299,250,244,604,712,1315,253,479,119,530,449,83,237,473,310,114,369,202,348,453,312,477,186,324
173,114,52,27,158,31,153,26,50,68,136,159,294,98,93,82,116,286,154,23,78,152,113,56,122,39,106,70,85,186,235,457,109,130,22,161,153,32,79,151,91,38,111,49,148,149,115,145,80,104
159,159,58,19,182,28,144,50,25,62,135,178,288,111,87,93,109,278,149,14,100,158,84,59,96,34,88,76,71,200,231,448,89,156,32,150,148,29,66,180,92,41,111,60,109,137,128,169,58,112
241,161,88,37,212,62,204,68,62,42,183,224,341,133,101,119,137,361,214,34,131,214,135,81,138,55,137,112,127,253,291,579,100,230,46,211,198,38,99,208,125,49,163,84,167,218,120,207,75,132
434,373,170,77,438,105,431,136,135,183,204,469,714,296,233,258,304,702,416,65,252,449,270,169,271,122,297,212,242,548,630,1168,210,421,97,442,374,72,210,428,261,73,301,160,344,387,271,451,170,309
489,485,227,90,548,146,591,159,178,224,469,311,990,351,297,333,380,1009,531,72,286,586,342,225,341,136,383,284,288,687,823,1584,284,579,137,588,525,92,283,594,349,112,446,214,428,498,339,620,242,398
821,802,348,135,892,187,837,294,288,341,714,990,795,595,499,501,615,1405,904,109,486,875,485,344,594,230,601,433,430,1095,1397,2454,465,853,207,983,823,138,439,977,581,197,670,360,700,820,536,933,314,574
369,291,128,56,355,61,299,98,111,133,296,351,595,116,173,195,234,592,320,36,182,331,227,129,233,82,211,150,168,384,514,897,180,333,72,334,296,70,152,328,213,61,256,134,261,322,207,328,114,234
290,254,91,56,282,65,249,93,87,101,233,297,499,173,73,138,160,492,272,37,147,269,158,109,192,59,175,132,142,323,421,712,131,252,53,275,275,41,124,272,199,65,190,119,239,246,179,281,101,188
314,269,95,55,286,79,276,82,93,119,258,333,501,195,138,86,199,531,282,34,149,301,174,123,172,71,185,142,156,350,403,774,153,246,63,291,249,42,128,313,207,69,211,112,242,283,176,302,103,201
380,313,150,53,349,75,333,116,109,137,304,380,615,234,160,199,129,607,378,48,223,418,205,146,251,100,249,180,178,423,594,1034,195,338,81,371,366,67,177,399,187,58,261,135,311,317,241,324,120,255
796,781,357,128,961,184,841,286,278,361,702,1009,1405,592,492,531,607,773,943,104,509,897,503,336,590,226,610,438,475,1072,1383,2440,476,856,213,965,821,153,432,973,624,183,660,359,671,821,565,908,344,555
539,398,187,83,528,86,448,154,149,214,416,531,904,320,272,282,378,943,233,63,272,467,290,199,298,126,326,245,249,639,730,1444,251,457,129,553,472,75,246,527,300,96,390,197,406,449,290,513,167,335
81,56,19,9,59,13,59,23,14,34,65,72,109,36,37,34,48,104,63,1,29,59,35,31,44,11,29,29,23,79,99,165,40,62,16,66,64,14,29,54,48,18,54,30,55,42,40,76,25,47
318,236,114,49,256,70,261,78,100,131,252,286,486,182,147,149,223,509,272,29,83,287,195,119,176,70,168,115,132,323,436,814,175,249,57,299,261,54,141,334,184,55,213,99,235,257,172,310,105,194
534,422,179,80,532,100,487,152,158,214,449,586,875,331,269,301,418,897,467,59,287,253,304,184,367,129,340,264,276,618,782,1415,255,483,120,573,493,85,243,526,285,96,398,208,442,454,315,553,171,375
348,264,100,46,304,57,265,113,84,135,270,342,485,227,158,174,205,503,290,35,195,304,99,131,224,58,191,144,159,349,443,788,163,280,67,282,287,51,156,315,184,62,219,131,246,269,189,313,110,229
197,187,79,33,221,38,178,56,59,81,169,225,344,129,109,123,146,336,199,31,119,184,131,43,123,57,133,99,89,249,291,522,92,173,40,199,193,27,91,192,130,40,144,73,143,182,120,201,75,168
377,316,120,59,319,59,296,122,96,138,271,341,594,233,192,172,251,590,298,44,176,367,224,123,106,72,210,178,154,413,508,940,202,299,73,371,296,61,191,368,228,65,250,115,251,323,207,332,138,268
148,98,52,35,128,38,126,39,34,55,122,136,230,82,59,71,100,226,126,11,70,129,58,57,72,14,74,54,52,149,165,365,65,137,32,130,124,26,63,139,76,21,92,35,91,114,77,126,47,81
361,266,125,65,339,70,299,106,88,137,297,383,601,211,175,185,249,610,326,29,168,340,191,133,210,74,93,148,153,409,498,971,179,341,90,355,307,62,190,376,216,59,251,122,240,308,212,338,130,233
283,196,105,47,230,51,250,70,76,112,212,284,433,150,132,142,180,438,245,29,115,264,144,99,178,54,148,52,129,278,343,644,118,208,63,258,217,34,118,233,144,38,179,81,197,221,151,261,86,164
297,205,87,40,280,58,244,85,71,127,242,288,430,168,142,156,178,475,249,23,132,276,159,89,154,52,153,129,66,318,419,709,127,248,64,249,237,37,128,271,166,60,194,87,201,253,136,279,96,176
597,527,206,106,654,124,604,186,200,253,548,687,1095,384,323,350,423,1072,639,79,323,618,349,249,413,149,409,278,318,368,938,1743,349,602,155,666,592,92,307,677,397,122,468,207,478,591,378,649,235,411
689,659,271,115,776,166,712,235,231,291,630,823,1397,514,421,403,594,1383,730,99,436,782,443,291,508,165,498,343,419,938,590,2093,412,699,164,862,757,122,402,806,524,146,564,288,615,676,514,761,255,553
1139,1264,583,194,1406,257,1315,457,448,579,1168,1584,2454,897,712,774,1034,2440,1444,165,814,1415,788,522,940,365,971,644,709,1743,2093,1925,742,1291,298,1567,1255,211,700,1529,986,291,1012,560,1093,1253,886,1413,477,940
225,255,106,42,257,48,253,109,89,100,210,284,465,180,131,153,195,476,251,40,175,255,163,92,202,65,179,118,127,349,412,742,76,253,58,294,251,45,165,294,169,53,216,135,204,220,178,290,87,195
442,386,192,75,507,93,479,130,156,230,421,579,853,333,252,246,338,856,457,62,249,483,280,173,299,137,341,208,248,602,699,1291,253,208,116,494,428,77,233,479,319,86,381,188,399,458,303,486,169,326
98,83,55,15,120,19,119,22,32,46,97,137,207,72,53,63,81,213,129,16,57,120,67,40,73,32,90,63,64,155,164,298,58,116,6,118,108,16,52,115,85,34,86,39,79,106,78,129,33,65
495,471,197,76,543,126,530,161,150,211,442,588,983,334,275,291,371,965,553,66,299,573,282,199,371,130,355,258,249,666,862,1567,294,494,118,288,508,84,252,563,355,108,410,216,441,524,314,520,203,331
459,418,180,90,483,99,449,153,148,198,374,525,823,296,275,249,366,821,472,64,261,493,287,193,296,124,307,217,237,592,757,1255,251,428,108,508,227,74,223,487,314,98,376,191,377,428,294,469,179,328
87,66,26,18,90,23,83,32,29,38,72,92,138,70,41,42,67,153,75,14,54,85,51,27,61,26,62,34,37,92,122,211,45,77,16,84,74,7,51,93,57,17,65,34,71,67,55,89,33,57
262,223,103,32,229,44,237,79,66,99,210,283,439,152,124,128,177,432,246,29,141,243,156,91,191,63,190,118,128,307,402,700,165,233,52,252,223,51,71,250,140,59,186,98,222,237,171,246,97,169
445,462,204,85,570,106,473,151,180,208,428,594,977,328,272,313,399,973,527,54,334,526,315,192,368,139,376,233,271,677,806,1529,294,479,115,563,487,93,250,281,347,106,406,222,438,510,333,522,184,360
269,275,124,63,340,62,310,91,92,125,261,349,581,213,199,207,187,624,300,48,184,285,184,130,228,76,216,144,166,397,524,986,169,319,85,355,314,57,140,347,106,66,256,117,248,344,202,333,124,220
107,76,45,14,110,15,114,38,41,49,73,112,197,61,65,69,58,183,96,18,55,96,62,40,65,21,59,38,60,122,146,291,53,86,34,108,98,17,59,106,66,14,81,61,92,77,79,116,42,57
379,347,169,64,381,89,369,111,111,163,301,446,670,256,190,211,261,660,390,54,213,398,219,144,250,92,251,179,194,468,564,1012,216,381,86,410,376,65,186,406,256,81,124,154,347,352,228,377,144,266
184,152,76,31,196,40,202,49,60,84,160,214,360,134,119,112,135,359,197,30,99,208,131,73,115,35,122,81,87,207,288,560,135,188,39,216,191,34,98,222,117,61,154,41,149,223,120,196,92,127
400,334,140,81,386,82,348,148,109,167,344,428,700,261,239,242,311,671,406,55,235,442,246,143,251,91,240,197,201,478,615,1093,204,399,79,441,377,71,222,438,248,92,347,149,160,397,246,413,148,281
405,417,181,80,499,117,453,149,137,218,387,498,820,322,246,283,317,821,449,42,257,454,269,182,323,114,308,221,253,591,676,1253,220,458,106,524,428,67,237,510,344,77,352,223,397,191,306,465,156,303
312,267,126,54,349,68,312,115,128,120,271,339,536,207,179,176,241,565,290,40,172,315,189,120,207,77,212,151,136,378,514,886,178,303,78,314,294,55,171,333,202,79,228,120,246,306,105,343,130,211
475,441,198,85,515,108,477,145,169,207,451,620,933,328,281,302,324,908,513,76,310,553,313,201,332,126,338,261,279,649,761,1413,290,486,129,520,469,89,246,522,333,116,377,196,413,465,343,241,188,341
172,164,88,28,178,35,186,80,58,75,170,242,314,114,101,103,120,344,167,25,105,171,110,75,138,47,130,86,96,235,255,477,87,169,33,203,179,33,97,184,124,42,144,92,148,156,130,188,33,121
350,284,144,54,355,75,324,104,112,132,309,398,574,234,188,201,255,555,335,47,194,375,229,168,268,81,233,164,176,411,553,940,195,326,65,331,328,57,169,360,220,57,266,127,281,303,211,341,121,104
