272,460,206,86,495,109,461,212,195,241,453,546,828,384,294,339,362,879,522,85,297,515,380,231,364,149,373,285,299,588,711,1211,236,503,115,558,461,97,251,491,309,102,374,207,430,421,333,492,163,371
460,205,139,84,431,98,430,128,147,172,387,540,768,281,234,246,311,799,443,43,220,452,239,164,285,107,279,181,201,558,668,1243,228,458,118,429,401,81,217,488,338,86,374,167,341,428,273,468,179,304
206,139,30,38,204,44,177,56,70,87,172,229,337,125,94,83,150,372,207,15,104,210,102,82,129,51,133,85,84,252,317,579,113,192,46,195,187,31,96,226,129,43,160,71,164,200,121,204,80,137
86,84,38,5,84,18,78,24,21,31,52,88,142,55,53,55,56,157,76,6,47,63,53,30,62,28,62,35,53,100,121,222,41,69,14,95,66,17,42,93,47,19,52,37,66,60,58,74,20,65
495,431,204,84,266,117,499,135,170,199,436,611,946,338,256,285,356,981,515,69,260,517,298,182,328,123,338,255,219,676,769,1457,271,508,119,502,475,77,250,527,377,97,413,209,379,475,317,515,178,338
109,98,44,18,117,10,103,41,36,47,82,129,196,71,80,78,88,199,116,16,75,106,76,42,74,34,79,48,69,146,139,255,46,97,21,119,97,19,63,116,73,29,69,44,102,102,81,113,36,68
461,430,177,78,499,103,229,136,168,203,391,549,883,307,267,297,352,859,499,68,288,488,285,185,325,130,313,244,231,604,749,1372,267,445,120,517,454,82,230,539,313,122,382,198,390,426,325,491,205,335
212,128,56,24,135,41,136,16,54,73,138,148,293,95,69,78,106,290,166,6,72,146,96,68,99,43,105,73,78,188,232,449,86,137,42,149,135,21,61,166,90,32,122,49,123,131,85,149,46,112
195,147,70,21,170,36,168,54,24,61,132,171,293,123,92,105,119,298,154,16,75,172,88,58,104,40,103,87,97,184,249,461,86,135,36,178,170,26,89,168,114,37,127,55,142,144,100,165,65,120
241,172,87,31,199,47,203,73,61,49,171,240,363,145,110,99,161,375,234,28,123,215,127,76,137,44,121,115,98,249,299,560,119,202,64,247,209,27,100,180,117,36,142,84,161,189,132,192,71,141
453,387,172,52,436,82,391,138,132,171,175,490,709,304,209,225,311,780,465,66,234,443,263,173,280,113,284,200,227,525,639,1103,244,397,100,472,376,74,234,429,266,94,321,177,353,377,284,442,129,298
546,540,229,88,611,129,549,148,171,240,490,316,1014,378,286,295,369,1015,565,79,294,578,324,243,391,128,343,253,268,694,867,1642,328,516,124,607,491,101,277,591,352,114,415,226,473,574,412,561,240,389
828,768,337,142,946,196,883,293,293,363,709,1014,896,577,477,520,669,1580,894,126,526,941,507,361,589,207,581,406,412,1180,1412,2623,511,831,221,1006,813,150,533,979,560,189,721,359,732,871,578,934,343,592
384,281,125,55,338,71,307,95,123,145,304,378,577,91,178,193,228,596,330,50,177,316,195,128,238,82,227,152,159,420,465,923,165,320,63,316,297,57,151,347,221,60,225,118,261,305,216,345,115,209
294,234,94,53,256,80,267,69,92,110,209,286,477,178,69,131,174,472,281,27,162,284,162,102,163,67,170,132,133,345,401,751,148,273,57,225,255,43,119,281,178,61,206,98,200,249,141,271,110,178
339,246,83,55,285,78,297,78,105,99,225,295,520,193,131,70,192,542,305,26,158,300,181,113,200,84,192,134,144,405,430,836,169,275,64,260,259,50,138,275,191,63,232,115,230,250,165,321,106,191
362,311,150,56,356,88,352,106,119,161,311,369,669,228,174,192,117,684,391,56,174,370,241,155,259,93,226,180,192,447,555,1047,215,363,81,357,334,73,176,406,242,70,291,138,303,325,213,381,160,255
879,799,372,157,981,199,859,290,298,375,780,1015,1580,596,472,542,684,828,916,112,498,880,509,360,608,190,571,417,408,1161,1393,2633,538,806,195,988,849,139,492,1036,612,184,700,339,740,830,579,923,332,616
522,443,207,76,515,116,499,166,154,234,465,565,894,330,281,305,391,916,262,71,272,492,299,200,345,109,331,255,251,626,751,1422,285,495,134,536,453,93,261,540,316,111,380,190,417,442,342,528,205,351
85,43,15,6,69,16,68,6,16,28,66,79,126,50,27,26,56,112,71,2,29,76,34,23,30,16,40,20,26,71,91,185,48,63,8,64,55,9,27,75,44,15,44,18,50,55,24,63,19,36
297,220,104,47,260,75,288,72,75,123,234,294,526,177,162,158,174,498,272,29,86,293,154,119,173,56,173,124,134,333,428,756,156,256,65,293,276,47,122,288,190,65,211,107,226,280,178,285,94,184
515,452,210,63,517,106,488,146,172,215,443,578,941,316,284,300,370,880,492,76,293,236,314,202,342,137,344,261,234,663,721,1423,280,488,116,578,454,92,246,544,343,119,386,214,391,496,305,490,194,366
380,239,102,53,298,76,285,96,88,127,263,324,507,195,162,181,241,509,299,34,154,314,81,116,178,60,188,119,139,343,416,810,169,299,69,304,284,56,132,312,218,52,242,98,204,290,190,296,98,222
231,164,82,30,182,42,185,68,58,76,173,243,361,128,102,113,155,360,200,23,119,202,116,30,120,46,134,84,100,255,316,571,114,188,45,211,177,56,97,216,127,40,162,73,153,180,144,205,78,134
364,285,129,62,328,74,325,99,104,137,280,391,589,238,163,200,259,608,345,30,173,342,178,120,115,69,205,151,153,394,515,965,179,321,69,359,316,58,160,351,209,75,248,129,258,317,250,348,125,254
149,107,51,28,123,34,130,43,40,44,113,128,207,82,67,84,93,190,109,16,56,137,60,46,69,14,61,65,63,148,202,335,74,124,26,118,123,31,63,121,74,23,91,36,90,102,70,139,38,99
373,279,133,62,338,79,313,105,103,121,284,343,581,227,170,192,226,571,331,40,173,344,188,134,205,61,95,152,154,418,524,989,186,320,72,347,315,68,183,371,235,68,265,141,255,315,211,356,124,242
285,181,85,35,255,48,244,73,87,115,200,253,406,152,132,134,180,417,255,20,124,261,119,84,151,65,152,54,115,307,361,667,115,210,39,245,243,35,121,256,160,38,196,73,164,194,128,241,82,154
299,201,84,53,219,69,231,78,97,98,227,268,412,159,133,144,192,408,251,26,134,234,139,100,153,63,154,115,52,289,403,676,141,216,64,247,247,49,115,276,166,53,209,93,172,225,151,286,94,176
588,558,252,100,676,146,604,188,184,249,525,694,1180,420,345,405,447,1161,626,71,333,663,343,255,394,148,418,307,289,388,1016,1876,366,621,139,581,609,90,348,709,431,140,496,260,489,638,383,700,241,443
711,668,317,121,769,139,749,232,249,299,639,867,1412,465,401,430,555,1393,751,91,428,721,416,316,515,202,524,361,403,1016,589,2169,443,704,164,824,692,122,403,799,502,179,550,301,621,744,497,831,268,527
1211,1243,579,222,1457,255,1372,449,461,560,1103,1642,2623,923,751,836,1047,2633,1422,185,756,1423,810,571,965,335,989,667,676,1876,2169,2052,772,1297,326,1529,1353,260,772,1547,985,304,1072,548,1172,1399,940,1483,514,973
236,228,113,41,271,46,267,86,86,119,244,328,511,165,148,169,215,538,285,48,156,280,169,114,179,74,186,115,141,366,443,772,70,268,69,305,252,58,129,302,193,48,221,122,227,269,176,310,98,187
503,458,192,69,508,97,445,137,135,202,397,516,831,320,273,275,363,806,495,63,256,488,299,188,321,124,320,210,216,621,704,1297,268,220,111,528,425,81,204,475,307,99,328,163,406,399,297,460,190,306
115,118,46,14,119,21,120,42,36,64,100,124,221,63,57,64,81,195,134,8,65,116,69,45,69,26,72,39,64,139,164,326,69,111,9,126,84,20,73,145,75,38,71,34,89,120,67,134,46,77
558,429,195,95,502,119,517,149,178,247,472,607,1006,316,225,260,357,988,536,64,293,578,304,211,359,118,347,245,247,581,824,1529,305,528,126,299,500,88,261,574,358,102,400,218,418,524,344,568,226,377
461,401,187,66,475,97,454,135,170,209,376,491,813,297,255,259,334,849,453,55,276,454,284,177,316,123,315,243,247,609,692,1353,252,425,84,500,191,86,226,498,316,100,345,178,359,441,286,472,170,322
97,81,31,17,77,19,82,21,26,27,74,101,150,57,43,50,73,139,93,9,47,92,56,56,58,31,68,35,49,90,122,260,58,81,20,88,86,6,50,99,51,20,73,33,79,73,59,83,31,60
251,217,96,42,250,63,230,61,89,100,234,277,533,151,119,138,176,492,261,27,122,246,132,97,160,63,183,121,115,348,403,772,129,204,73,261,226,50,61,274,166,48,215,101,189,230,155,237,99,164
491,488,226,93,527,116,539,166,168,180,429,591,979,347,281,275,406,1036,540,75,288,544,312,216,351,121,371,256,276,709,799,1547,302,475,145,574,498,99,274,297,354,125,405,213,452,518,363,568,235,337
309,338,129,47,377,73,313,90,114,117,266,352,560,221,178,191,242,612,316,44,190,343,218,127,209,74,235,160,166,431,502,985,193,307,75,358,316,51,166,354,105,81,229,144,285,335,214,330,141,219
102,86,43,19,97,29,122,32,37,36,94,114,189,60,61,63,70,184,111,15,65,119,52,40,75,23,68,38,53,140,179,304,48,99,38,102,100,20,48,125,81,6,83,30,99,91,56,114,55,82
374,374,160,52,413,69,382,122,127,142,321,415,721,225,206,232,291,700,380,44,211,386,242,162,248,91,265,196,209,496,550,1072,221,328,71,400,345,73,215,405,229,83,144,124,327,352,255,376,126,269
207,167,71,37,209,44,198,49,55,84,177,226,359,118,98,115,138,339,190,18,107,214,98,73,129,36,141,73,93,260,301,548,122,163,34,218,178,33,101,213,144,30,124,36,167,176,98,215,58,138
430,341,164,66,379,102,390,123,142,161,353,473,732,261,200,230,303,740,417,50,226,391,204,153,258,90,255,164,172,489,621,1172,227,406,89,418,359,79,189,452,285,99,327,167,148,378,250,421,149,278
421,428,200,60,475,102,426,131,144,189,377,574,871,305,249,250,325,830,442,55,280,496,290,180,317,102,315,194,225,638,744,1399,269,399,120,524,441,73,230,518,335,91,352,176,378,205,308,548,177,308
333,273,121,58,317,81,325,85,100,132,284,412,578,216,141,165,213,579,342,24,178,305,190,144,250,70,211,128,151,383,497,940,176,297,67,344,286,59,155,363,214,56,255,98,250,308,100,326,117,220
492,468,204,74,515,113,491,149,165,192,442,561,934,345,271,321,381,923,528,63,285,490,296,205,348,139,356,241,286,700,831,1483,310,460,134,568,472,83,237,568,330,114,376,215,421,548,326,247,215,321
163,179,80,20,178,36,205,46,65,71,129,240,343,115,110,106,160,332,205,19,94,194,98,78,125,38,124,82,94,241,268,514,98,190,46,226,170,31,99,235,141,55,126,58,149,177,117,215,35,129
371,304,137,65,338,68,335,112,120,141,298,389,592,209,178,191,255,616,351,36,184,366,222,134,254,99,242,154,176,443,527,973,187,306,77,377,322,60,164,337,219,82,269,138,278,308,220,321,129,113
