279,469,197,95,487,112,517,177,177,260,453,534,853,391,333,366,395,861,510,66,356,537,337,244,414,148,391,291,269,627,711,1222,235,538,121,531,556,97,240,483,306,108,359,187,486,413,344,539,216,392
469,171,175,67,456,84,455,152,166,194,380,482,796,277,209,223,330,770,448,39,233,452,252,174,293,102,245,179,222,539,720,1217,254,401,88,470,435,73,245,515,276,96,343,160,352,428,254,500,185,326
197,175,39,42,224,43,197,60,55,88,182,224,344,125,122,116,135,370,186,25,109,186,124,69,119,47,134,107,101,237,321,574,123,176,42,219,173,36,97,201,126,40,156,82,140,181,123,196,78,153
95,67,42,5,81,20,74,31,25,29,68,95,156,67,58,73,69,135,95,13,58,68,60,36,55,33,78,47,61,99,147,227,51,65,23,86,66,16,44,77,39,18,67,25,61,84,52,70,26,63
487,456,224,81,305,118,486,152,184,208,451,545,919,330,256,274,382,897,589,65,282,524,303,218,358,145,387,253,276,644,766,1411,299,510,122,550,504,92,276,551,317,101,363,184,399,511,319,519,187,339
112,84,43,20,118,14,97,39,39,40,85,128,211,82,61,76,73,194,128,20,65,119,74,43,82,35,86,61,68,143,158,294,55,109,39,122,99,22,59,125,81,23,84,37,80,120,61,96,36,75
517,455,197,74,486,97,222,150,160,206,426,550,913,314,250,275,356,895,477,66,274,470,288,204,312,134,331,230,260,619,732,1317,266,435,104,538,456,87,251,523,323,110,388,166,397,443,319,493,155,346
177,152,60,31,152,39,150,22,54,56,129,167,286,103,69,81,82,265,144,15,81,152,88,46,109,30,85,66,69,155,259,421,88,141,21,143,152,25,79,180,96,27,128,58,116,135,97,171,57,96
177,166,55,25,184,39,160,54,15,82,156,186,312,100,96,104,93,295,182,21,87,176,84,76,118,52,130,86,75,226,287,446,88,135,33,161,170,27,92,199,100,31,118,44,132,156,104,175,45,128
260,194,88,29,208,40,206,56,82,59,187,206,342,148,126,143,140,360,180,26,144,212,130,81,140,60,133,107,111,244,285,498,99,191,39,220,184,39,101,212,129,52,204,75,170,176,129,185,85,157
453,380,182,68,451,85,426,129,156,187,205,445,764,327,227,273,269,715,430,61,261,454,269,182,294,117,306,191,237,521,633,1109,215,376,93,463,413,87,207,464,289,105,329,169,347,383,255,414,144,323
534,482,224,95,545,128,550,167,186,206,445,318,1027,354,268,274,414,1079,558,71,289,552,323,228,384,148,382,251,277,744,894,1665,326,531,111,644,560,92,310,621,360,111,454,189,451,493,338,610,217,351
853,796,344,156,919,211,913,286,312,342,764,1027,808,557,458,491,689,1464,873,110,463,937,499,362,573,226,590,441,439,1212,1386,2471,475,840,199,1001,873,171,462,968,631,199,718,350,703,858,508,984,336,629
391,277,125,67,330,82,314,103,100,148,327,354,557,118,170,170,246,553,319,40,179,354,202,147,190,86,236,138,183,382,499,865,179,326,77,334,326,63,140,348,193,84,253,116,242,289,203,329,129,224
333,209,122,58,256,61,250,69,96,126,227,268,458,170,67,122,202,483,259,37,133,276,131,111,149,66,166,128,127,324,406,722,157,229,61,265,244,50,134,274,153,50,203,84,181,224,150,295,101,200
366,223,116,73,274,76,275,81,104,143,273,274,491,170,122,76,209,527,305,42,126,322,158,115,175,82,181,136,146,354,432,760,158,280,66,283,271,47,147,293,162,68,230,100,212,276,149,304,116,218
395,330,135,69,382,73,356,82,93,140,269,414,689,246,202,209,109,672,360,51,207,356,216,170,250,103,250,166,171,448,570,1018,207,320,85,359,330,60,175,395,242,75,272,135,311,326,238,383,128,240
861,770,370,135,897,194,895,265,295,360,715,1079,1464,553,483,527,672,829,912,102,484,997,514,364,612,223,545,438,458,1177,1424,2471,472,826,209,1009,874,172,448,982,630,204,684,355,763,877,561,991,326,601
510,448,186,95,589,128,477,144,182,180,430,558,873,319,259,305,360,912,246,60,265,469,292,190,318,120,343,234,259,662,761,1409,264,521,124,558,504,78,244,539,366,101,380,206,393,456,292,561,188,338
66,39,25,13,65,20,66,15,21,26,61,71,110,40,37,42,51,102,60,2,37,66,29,31,42,17,43,27,30,65,98,186,33,47,15,65,65,13,27,53,43,11,51,21,56,59,36,60,29,42
356,233,109,58,282,65,274,81,87,144,261,289,463,179,133,126,207,484,265,37,82,287,144,110,189,64,184,114,143,327,422,781,158,297,60,275,259,40,113,320,164,60,209,95,230,249,178,288,114,201
537,452,186,68,524,119,470,152,176,212,454,552,937,354,276,322,356,997,469,66,287,253,306,220,350,134,354,253,274,676,767,1399,281,482,121,568,485,73,253,541,362,114,395,184,411,465,322,570,175,350
337,252,124,60,303,74,288,88,84,130,269,323,499,202,131,158,216,514,292,29,144,306,85,121,170,74,183,138,129,370,471,786,163,270,70,299,269,46,152,324,194,68,202,106,225,271,157,302,105,202
244,174,69,36,218,43,204,46,76,81,182,228,362,147,111,115,170,364,190,31,110,220,121,39,130,48,130,84,96,239,315,576,123,199,48,245,201,28,95,218,130,42,150,78,169,165,126,222,87,147
414,293,119,55,358,82,312,109,118,140,294,384,573,190,149,175,250,612,318,42,189,350,170,130,90,82,209,135,187,403,480,949,186,307,70,348,358,50,177,357,202,69,265,138,229,282,184,319,127,229
148,102,47,33,145,35,134,30,52,60,117,148,226,86,66,82,103,223,120,17,64,134,74,48,82,20,67,68,67,154,201,360,65,139,33,131,122,19,54,147,78,24,98,46,109,101,80,131,60,73
391,245,134,78,387,86,331,85,130,133,306,382,590,236,166,181,250,545,343,43,184,354,183,130,209,67,94,166,170,390,497,966,189,332,72,348,355,64,151,371,201,63,263,129,271,284,192,362,137,216
291,179,107,47,253,61,230,66,86,107,191,251,441,138,128,136,166,438,234,27,114,253,138,84,135,68,166,47,130,310,338,613,112,196,50,232,227,26,119,222,142,51,179,86,181,202,155,237,91,168
269,222,101,61,276,68,260,69,75,111,237,277,439,183,127,146,171,458,259,30,143,274,129,96,187,67,170,130,67,287,361,703,146,245,55,259,243,27,114,278,176,48,186,84,208,227,149,266,97,172
627,539,237,99,644,143,619,155,226,244,521,744,1212,382,324,354,448,1177,662,65,327,676,370,239,403,154,390,310,287,384,978,1837,379,643,137,656,580,113,309,695,418,143,522,242,511,625,409,694,226,388
711,720,321,147,766,158,732,259,287,285,633,894,1386,499,406,432,570,1424,761,98,422,767,471,315,480,201,497,338,361,978,596,2090,418,776,176,804,730,121,359,836,490,164,581,308,621,706,492,837,274,496
1222,1217,574,227,1411,294,1317,421,446,498,1109,1665,2471,865,722,760,1018,2471,1409,186,781,1399,786,576,949,360,966,613,703,1837,2090,1953,717,1319,335,1545,1312,272,687,1509,965,304,1055,567,1163,1359,894,1449,536,918
235,254,123,51,299,55,266,88,88,99,215,326,475,179,157,158,207,472,264,33,158,281,163,123,186,65,189,112,146,379,418,717,76,266,60,299,246,39,132,293,175,56,222,117,227,255,175,278,100,172
538,401,176,65,510,109,435,141,135,191,376,531,840,326,229,280,320,826,521,47,297,482,270,199,307,139,332,196,245,643,776,1319,266,209,91,475,430,86,253,524,337,103,389,160,394,447,266,495,147,331
121,88,42,23,122,39,104,21,33,39,93,111,199,77,61,66,85,209,124,15,60,121,70,48,70,33,72,50,55,137,176,335,60,91,10,125,109,21,50,141,77,25,102,46,89,114,82,97,41,82
531,470,219,86,550,122,538,143,161,220,463,644,1001,334,265,283,359,1009,558,65,275,568,299,245,348,131,348,232,259,656,804,1545,299,475,125,269,526,91,258,573,332,111,419,208,438,475,307,555,199,373
556,435,173,66,504,99,456,152,170,184,413,560,873,326,244,271,330,874,504,65,259,485,269,201,358,122,355,227,243,580,730,1312,246,430,109,526,218,77,251,498,309,109,367,171,393,418,298,517,168,325
97,73,36,16,92,22,87,25,27,39,87,92,171,63,50,47,60,172,78,13,40,73,46,28,50,19,64,26,27,113,121,272,39,86,21,91,77,8,37,89,50,14,67,35,84,76,57,96,28,47
240,245,97,44,276,59,251,79,92,101,207,310,462,140,134,147,175,448,244,27,113,253,152,95,177,54,151,119,114,309,359,687,132,253,50,258,251,37,69,292,162,56,187,103,201,236,169,273,85,157
483,515,201,77,551,125,523,180,199,212,464,621,968,348,274,293,395,982,539,53,320,541,324,218,357,147,371,222,278,695,836,1509,293,524,141,573,498,89,292,300,315,125,380,222,435,510,323,545,217,362
306,276,126,39,317,81,323,96,100,129,289,360,631,193,153,162,242,630,366,43,164,362,194,130,202,78,201,142,176,418,490,965,175,337,77,332,309,50,162,315,90,80,281,133,235,313,188,366,117,223
108,96,40,18,101,23,110,27,31,52,105,111,199,84,50,68,75,204,101,11,60,114,68,42,69,24,63,51,48,143,164,304,56,103,25,111,109,14,56,125,80,8,91,44,90,104,70,111,36,88
359,343,156,67,363,84,388,128,118,204,329,454,718,253,203,230,272,684,380,51,209,395,202,150,265,98,263,179,186,522,581,1055,222,389,102,419,367,67,187,380,281,91,150,126,302,368,245,397,127,234
187,160,82,25,184,37,166,58,44,75,169,189,350,116,84,100,135,355,206,21,95,184,106,78,138,46,129,86,84,242,308,567,117,160,46,208,171,35,103,222,133,44,126,36,160,201,129,204,72,120
486,352,140,61,399,80,397,116,132,170,347,451,703,242,181,212,311,763,393,56,230,411,225,169,229,109,271,181,208,511,621,1163,227,394,89,438,393,84,201,435,235,90,302,160,168,347,239,420,166,288
413,428,181,84,511,120,443,135,156,176,383,493,858,289,224,276,326,877,456,59,249,465,271,165,282,101,284,202,227,625,706,1359,255,447,114,475,418,76,236,510,313,104,368,201,347,232,288,466,186,312
344,254,123,52,319,61,319,97,104,129,255,338,508,203,150,149,238,561,292,36,178,322,157,126,184,80,192,155,149,409,492,894,175,266,82,307,298,57,169,323,188,70,245,129,239,288,111,333,119,221
539,500,196,70,519,96,493,171,175,185,414,610,984,329,295,304,383,991,561,60,288,570,302,222,319,131,362,237,266,694,837,1449,278,495,97,555,517,96,273,545,366,111,397,204,420,466,333,278,176,375
216,185,78,26,187,36,155,57,45,85,144,217,336,129,101,116,128,326,188,29,114,175,105,87,127,60,137,91,97,226,274,536,100,147,41,199,168,28,85,217,117,36,127,72,166,186,119,176,29,132
392,326,153,63,339,75,346,96,128,157,323,351,629,224,200,218,240,601,338,42,201,350,202,147,229,73,216,168,172,388,496,918,172,331,82,373,325,47,157,362,223,88,234,120,288,312,221,375,132,101
