258,452,202,87,543,114,469,201,174,230,429,507,779,369,321,326,348,803,532,54,347,539,367,191,369,129,375,288,302,576,684,1189,256,479,105,491,478,83,253,484,299,113,414,179,442,411,339,504,180,339
452,170,164,77,436,104,421,125,151,178,362,474,759,264,217,233,305,781,453,55,234,443,270,153,254,92,244,211,204,577,649,1132,230,454,102,450,376,63,196,442,271,84,337,144,324,409,263,411,157,306
202,164,38,32,183,40,189,67,74,84,177,223,367,132,110,106,145,378,217,23,85,215,129,84,140,52,146,87,93,228,281,542,98,185,51,197,189,27,99,183,110,42,148,71,165,191,128,209,73,136
87,77,32,6,87,20,84,29,22,40,75,81,148,56,43,50,67,140,86,12,45,85,49,34,49,24,62,40,42,106,128,212,44,74,22,104,91,9,41,76,50,20,60,26,67,48,58,79,24,59
543,436,183,87,272,114,509,149,160,207,443,559,834,344,269,292,392,862,508,71,317,524,325,188,338,122,319,254,270,613,791,1427,259,467,126,517,481,68,261,567,342,99,358,172,444,455,300,519,180,331
114,104,40,20,114,10,103,41,33,57,89,122,185,87,55,69,99,180,119,18,56,127,67,42,65,27,67,49,56,144,174,304,53,115,19,133,100,19,50,102,76,30,89,34,74,80,81,98,35,74
469,421,189,84,509,103,236,151,155,221,411,529,879,306,242,269,361,894,474,74,245,494,273,190,306,139,343,211,225,627,697,1330,236,480,117,520,446,87,217,496,323,102,324,164,354,452,317,487,175,304
201,125,67,29,149,41,151,31,48,71,140,160,267,103,68,72,113,275,154,19,88,140,76,50,90,36,83,65,71,174,234,426,69,134,32,170,135,19,88,169,112,26,114,51,131,137,97,177,50,95
174,151,74,22,160,33,155,48,23,68,125,201,301,109,80,84,108,300,169,14,93,158,98,66,106,41,107,71,86,199,264,495,107,148,28,176,155,22,84,153,120,46,116,56,135,141,98,172,51,94
230,178,84,40,207,57,221,71,68,36,172,215,350,133,130,137,137,352,171,20,121,182,127,99,149,64,149,111,97,251,294,565,106,176,48,212,210,28,120,237,136,53,181,77,170,208,118,232,82,148
429,362,177,75,443,89,411,140,125,172,170,484,792,313,229,272,302,763,420,47,254,431,285,189,299,112,306,250,195,554,633,1144,216,395,97,449,449,63,218,436,262,98,341,167,350,406,258,440,172,280
507,474,223,81,559,122,529,160,201,215,484,318,995,369,266,323,380,1026,576,58,323,544,314,235,363,129,368,240,288,654,808,1552,277,506,135,581,508,95,296,583,349,112,416,209,423,532,364,584,201,348
779,759,367,148,834,185,879,267,301,350,792,995,818,614,468,541,650,1478,946,114,548,935,540,359,596,196,552,409,445,1073,1357,2403,460,817,207,955,835,132,476,890,586,194,681,327,742,824,525,945,326,614
369,264,132,56,344,87,306,103,109,133,313,369,614,122,177,189,243,592,309,47,200,323,190,136,201,94,239,172,175,429,499,940,180,340,85,352,323,58,167,354,211,62,251,110,240,321,205,337,125,216
321,217,110,43,269,55,242,68,80,130,229,266,468,177,71,129,201,454,251,38,154,260,165,126,187,64,185,119,130,333,396,734,160,246,60,266,248,39,115,289,164,44,215,95,185,245,169,292,92,159
326,233,106,50,292,69,269,72,84,137,272,323,541,189,129,61,212,535,283,24,165,296,181,132,194,69,178,129,124,359,426,827,172,275,75,339,273,42,132,307,171,37,229,97,209,275,175,306,120,186
348,305,145,67,392,99,361,113,108,137,302,380,650,243,201,212,124,679,366,34,216,355,232,150,233,92,244,175,199,403,524,1006,177,306,82,344,370,64,158,428,247,82,301,147,308,322,237,389,141,214
803,781,378,140,862,180,894,275,300,352,763,1026,1478,592,454,535,679,752,877,95,543,907,545,366,604,217,598,425,457,1105,1345,2380,455,824,176,952,889,153,455,911,591,192,632,330,723,846,547,958,307,605
532,453,217,86,508,119,474,154,169,171,420,576,946,309,251,283,366,877,216,58,253,472,308,187,337,133,342,241,232,637,761,1468,279,496,118,517,483,84,232,572,330,89,414,197,405,506,323,537,212,325
54,55,23,12,71,18,74,19,14,20,47,58,114,47,38,24,34,95,58,2,38,61,40,23,56,10,42,31,26,61,95,191,38,65,12,53,66,11,32,65,45,17,51,24,58,54,45,70,27,40
347,234,85,45,317,56,245,88,93,121,254,323,548,200,154,165,216,543,253,38,68,260,149,101,178,60,171,129,126,355,442,785,166,261,62,292,267,41,139,282,170,57,225,92,207,255,167,289,107,192
539,443,215,85,524,127,494,140,158,182,431,544,935,323,260,296,355,907,472,61,260,258,328,200,314,139,346,261,277,636,740,1430,296,488,112,545,492,96,260,547,337,105,407,207,404,481,310,556,185,307
367,270,129,49,325,67,273,76,98,127,285,314,540,190,165,181,232,545,308,40,149,328,85,117,181,71,190,153,143,373,474,810,152,292,65,315,278,38,149,315,206,54,225,125,219,286,201,311,121,217
191,153,84,34,188,42,190,50,66,99,189,235,359,136,126,132,150,366,187,23,101,200,117,42,124,45,127,111,100,256,281,536,97,194,50,217,210,36,105,182,130,34,142,51,154,187,120,206,81,140
369,254,140,49,338,65,306,90,106,149,299,363,596,201,187,194,233,604,337,56,178,314,181,124,96,79,199,140,153,407,521,901,170,287,73,311,290,61,157,339,239,65,268,108,232,310,203,353,112,229
129,92,52,24,122,27,139,36,41,64,112,129,196,94,64,69,92,217,133,10,60,139,71,45,79,17,72,59,77,144,189,400,64,109,22,115,125,21,61,130,92,24,113,59,123,107,69,154,49,95
375,244,146,62,319,67,343,83,107,149,306,368,552,239,185,178,244,598,342,42,171,346,190,127,199,72,101,156,149,425,484,926,178,333,66,327,341,67,139,344,207,56,265,128,276,293,203,351,125,233
288,211,87,40,254,49,211,65,71,111,250,240,409,172,119,129,175,425,241,31,129,261,153,111,140,59,156,61,133,288,370,658,130,231,54,227,197,35,120,264,141,49,175,85,166,207,150,246,86,166
302,204,93,42,270,56,225,71,86,97,195,288,445,175,130,124,199,457,232,26,126,277,143,100,153,77,149,133,58,304,376,723,145,246,53,250,226,39,119,287,177,45,203,102,207,235,162,263,100,186
576,577,228,106,613,144,627,174,199,251,554,654,1073,429,333,359,403,1105,637,61,355,636,373,256,407,144,425,288,304,395,930,1758,323,591,135,644,600,105,320,668,418,139,426,243,474,586,350,638,213,417
684,649,281,128,791,174,697,234,264,294,633,808,1357,499,396,426,524,1345,761,95,442,740,474,281,521,189,484,370,376,930,563,2033,424,747,175,785,723,128,380,794,526,152,579,290,579,697,473,783,271,510
1189,1132,542,212,1427,304,1330,426,495,565,1144,1552,2403,940,734,827,1006,2380,1468,191,785,1430,810,536,901,400,926,658,723,1758,2033,1845,711,1231,310,1462,1260,251,728,1428,927,287,1016,523,1134,1291,860,1429,508,933
256,230,98,44,259,53,236,69,107,106,216,277,460,180,160,172,177,455,279,38,166,296,152,97,170,64,178,130,145,323,424,711,60,262,66,284,267,43,105,276,183,47,205,90,205,274,184,267,106,174
479,454,185,74,467,115,480,134,148,176,395,506,817,340,246,275,306,824,496,65,261,488,292,194,287,109,333,231,246,591,747,1231,262,248,97,499,425,67,235,480,308,90,372,168,364,440,292,487,166,297
105,102,51,22,126,19,117,32,28,48,97,135,207,85,60,75,82,176,118,12,62,112,65,50,73,22,66,54,53,135,175,310,66,97,9,109,108,22,51,129,90,21,86,45,80,98,79,117,41,81
491,450,197,104,517,133,520,170,176,212,449,581,955,352,266,339,344,952,517,53,292,545,315,217,311,115,327,227,250,644,785,1462,284,499,109,268,539,89,267,576,337,111,413,207,419,488,359,529,217,328
478,376,189,91,481,100,446,135,155,210,449,508,835,323,248,273,370,889,483,66,267,492,278,210,290,125,341,197,226,600,723,1260,267,425,108,539,227,76,224,502,304,92,328,175,368,452,296,480,153,308
83,63,27,9,68,19,87,19,22,28,63,95,132,58,39,42,64,153,84,11,41,96,38,36,61,21,67,35,39,105,128,251,43,67,22,89,76,10,40,83,52,12,69,28,64,85,51,82,31,60
253,196,99,41,261,50,217,88,84,120,218,296,476,167,115,132,158,455,232,32,139,260,149,105,157,61,139,120,119,320,380,728,105,235,51,267,224,40,52,269,154,45,175,82,193,223,149,278,91,149
484,442,183,76,567,102,496,169,153,237,436,583,890,354,289,307,428,911,572,65,282,547,315,182,339,130,344,264,287,668,794,1428,276,480,129,576,502,83,269,285,343,123,394,174,432,493,352,548,180,366
299,271,110,50,342,76,323,112,120,136,262,349,586,211,164,171,247,591,330,45,170,337,206,130,239,92,207,141,177,418,526,927,183,308,90,337,304,52,154,343,92,57,256,115,291,328,213,325,131,201
113,84,42,20,99,30,102,26,46,53,98,112,194,62,44,37,82,192,89,17,57,105,54,34,65,24,56,49,45,139,152,287,47,90,21,111,92,12,45,123,57,8,71,45,93,79,63,120,45,78
414,337,148,60,358,89,324,114,116,181,341,416,681,251,215,229,301,632,414,51,225,407,225,142,268,113,265,175,203,426,579,1016,205,372,86,413,328,69,175,394,256,71,137,135,305,341,248,394,122,293
179,144,71,26,172,34,164,51,56,77,167,209,327,110,95,97,147,330,197,24,92,207,125,51,108,59,128,85,102,243,290,523,90,168,45,207,175,28,82,174,115,45,135,46,133,169,122,201,66,122
442,324,165,67,444,74,354,131,135,170,350,423,742,240,185,209,308,723,405,58,207,404,219,154,232,123,276,166,207,474,579,1134,205,364,80,419,368,64,193,432,291,93,305,133,146,370,251,426,141,255
411,409,191,48,455,80,452,137,141,208,406,532,824,321,245,275,322,846,506,54,255,481,286,187,310,107,293,207,235,586,697,1291,274,440,98,488,452,85,223,493,328,79,341,169,370,220,301,446,170,299
339,263,128,58,300,81,317,97,98,118,258,364,525,205,169,175,237,547,323,45,167,310,201,120,203,69,203,150,162,350,473,860,184,292,79,359,296,51,149,352,213,63,248,122,251,301,110,353,119,207
504,411,209,79,519,98,487,177,172,232,440,584,945,337,292,306,389,958,537,70,289,556,311,206,353,154,351,246,263,638,783,1429,267,487,117,529,480,82,278,548,325,120,394,201,426,446,353,278,192,363
180,157,73,24,180,35,175,50,51,82,172,201,326,125,92,120,141,307,212,27,107,185,121,81,112,49,125,86,100,213,271,508,106,166,41,217,153,31,91,180,131,45,122,66,141,170,119,192,32,141
339,306,136,59,331,74,304,95,94,148,280,348,614,216,159,186,214,605,325,40,192,307,217,140,229,95,233,166,186,417,510,933,174,297,81,328,308,60,149,366,201,78,293,122,255,299,207,363,141,114
