261,494,195,91,487,111,500,175,175,228,438,542,833,366,330,335,363,830,494,65,314,496,370,199,387,146,358,301,290,623,714,1211,250,476,103,530,506,78,251,492,285,103,388,177,430,419,331,520,177,402
494,182,155,74,428,97,392,137,162,179,368,495,791,261,235,258,319,801,434,64,232,477,285,161,284,94,286,196,213,559,667,1252,225,436,88,453,397,69,210,456,266,97,362,168,336,420,264,477,149,311
195,155,36,29,201,38,209,63,61,77,167,222,358,156,116,107,138,359,201,23,110,201,115,76,139,51,133,86,90,241,292,601,112,164,55,168,187,28,100,247,134,44,147,72,162,181,117,221,91,139
91,74,29,9,84,21,83,31,36,33,79,93,136,76,39,53,62,136,81,13,33,92,59,37,63,18,60,46,42,115,128,195,48,97,13,84,99,16,52,90,67,18,62,29,80,75,57,87,35,68
487,428,201,84,251,111,517,166,158,188,420,642,953,309,265,289,352,941,497,65,281,511,318,217,340,128,341,242,267,655,731,1449,285,474,122,511,464,91,250,553,344,88,367,221,412,510,341,567,206,326
111,97,38,21,111,9,96,25,37,48,85,133,207,82,62,62,87,194,111,16,49,110,73,32,82,23,74,56,56,152,164,300,61,116,17,114,110,23,54,117,85,26,98,39,97,108,81,108,40,90
500,392,209,83,517,96,256,145,178,195,399,558,885,301,255,292,390,860,529,66,229,525,302,191,331,128,357,234,250,612,774,1360,257,477,96,499,448,84,225,524,311,109,347,175,415,485,321,499,170,331
175,137,63,31,166,25,145,22,40,77,140,162,278,99,96,92,97,276,152,24,75,173,90,54,102,34,102,51,72,181,211,432,71,148,21,151,127,31,68,167,110,21,125,69,124,153,108,177,54,110
175,162,61,36,158,37,178,40,35,63,144,166,308,104,81,103,119,307,157,19,84,171,113,73,139,58,146,83,92,191,239,455,103,160,33,144,136,18,73,159,117,31,118,62,143,148,90,188,61,108
228,179,77,33,188,48,195,77,63,41,178,228,332,152,140,128,154,354,224,16,112,222,133,92,157,68,148,102,98,270,296,528,96,180,53,233,199,29,108,208,116,46,154,81,193,167,140,209,82,143
438,368,167,79,420,85,399,140,144,178,184,476,724,277,245,267,307,730,439,46,260,433,301,185,289,139,298,205,221,549,635,1152,222,380,91,458,386,78,226,439,260,85,305,172,361,391,294,422,159,299
542,495,222,93,642,133,558,162,166,228,476,317,1016,398,255,260,413,1050,568,72,313,556,306,227,363,120,375,246,282,717,846,1635,330,535,121,571,534,108,286,627,401,109,434,211,444,504,356,582,217,376
833,791,358,136,953,207,885,278,308,332,724,1016,802,610,502,517,706,1504,946,120,511,924,514,389,574,198,613,441,452,1173,1361,2535,532,826,227,1027,881,160,473,1023,648,188,718,352,719,855,567,971,341,576
366,261,156,76,309,82,301,99,104,152,277,398,610,110,173,175,223,617,327,42,182,354,199,126,199,86,204,149,174,427,469,933,182,301,76,313,300,56,155,297,198,57,250,121,248,307,218,307,119,224
330,235,116,39,265,62,255,96,81,140,245,255,502,173,63,126,182,485,275,27,163,286,168,105,157,84,162,125,133,325,378,768,133,223,62,265,225,54,144,301,179,61,227,94,190,233,169,271,101,177
335,258,107,53,289,62,292,92,103,128,267,260,517,175,126,68,212,494,282,30,168,292,168,106,162,73,173,154,125,346,410,784,148,267,63,262,272,45,157,336,196,63,207,109,206,252,202,309,116,193
363,319,138,62,352,87,390,97,119,154,307,413,706,223,182,212,126,658,395,45,186,400,218,125,248,89,249,167,172,450,549,1069,187,318,81,392,341,60,165,353,212,70,279,144,305,350,230,423,145,251
830,801,359,136,941,194,860,276,307,354,730,1050,1504,617,485,494,658,857,919,113,497,877,540,379,606,227,609,423,455,1150,1423,2560,536,831,225,991,869,164,456,1036,612,182,715,330,728,796,582,954,358,583
494,434,201,81,497,111,529,152,157,224,439,568,946,327,275,282,395,919,253,54,267,476,318,187,337,121,336,230,260,661,739,1455,267,503,109,505,471,91,268,546,320,110,403,197,421,483,322,512,168,385
65,64,23,13,65,16,66,24,19,16,46,72,120,42,27,30,45,113,54,4,41,67,36,28,45,13,30,22,31,71,82,175,47,61,19,52,64,14,27,85,39,14,40,22,51,47,31,70,30,36
314,232,110,33,281,49,229,75,84,112,260,313,511,182,163,168,186,497,267,41,76,282,165,131,192,66,175,137,140,317,418,814,153,244,73,290,264,41,125,303,160,45,216,76,220,256,181,301,122,189
496,477,201,92,511,110,525,173,171,222,433,556,924,354,286,292,400,877,476,67,282,269,322,214,335,138,340,255,270,679,741,1433,274,496,91,530,466,82,259,603,330,105,399,203,402,511,337,536,197,348
370,285,115,59,318,73,302,90,113,133,301,306,514,199,168,168,218,540,318,36,165,322,90,123,207,79,208,140,151,358,461,818,178,280,72,298,270,49,140,322,195,68,262,114,257,287,186,305,124,189
199,161,76,37,217,32,191,54,73,92,185,227,389,126,105,106,125,379,187,28,131,214,123,55,144,52,138,99,112,273,298,546,112,204,43,194,200,42,95,218,124,50,179,75,164,189,131,225,86,142
387,284,139,63,340,82,331,102,139,157,289,363,574,199,157,162,248,606,337,45,192,335,207,144,117,90,228,157,155,413,503,948,183,323,64,340,298,50,168,349,223,75,276,122,247,310,224,344,125,229
146,94,51,18,128,23,128,34,58,68,139,120,198,86,84,73,89,227,121,13,66,138,79,52,90,17,77,59,72,159,184,362,75,126,38,142,111,19,64,151,86,35,98,50,118,116,76,151,69,91
358,286,133,60,341,74,357,102,146,148,298,375,613,204,162,173,249,609,336,30,175,340,208,138,228,77,108,140,178,382,498,1024,196,319,65,348,323,50,166,396,220,71,257,140,280,326,212,394,157,233
301,196,86,46,242,56,234,51,83,102,205,246,441,149,125,154,167,423,230,22,137,255,140,99,157,59,140,54,115,302,352,672,113,203,51,262,227,37,120,226,150,42,192,89,204,219,148,243,87,162
290,213,90,42,267,56,250,72,92,98,221,282,452,174,133,125,172,455,260,31,140,270,151,112,155,72,178,115,61,318,400,726,138,233,36,250,252,43,129,268,160,54,184,89,207,234,159,244,90,172
623,559,241,115,655,152,612,181,191,270,549,717,1173,427,325,346,450,1150,661,71,317,679,358,273,413,159,382,302,318,404,1008,1884,395,555,135,663,587,113,329,711,423,137,501,256,497,555,400,643,236,408
714,667,292,128,731,164,774,211,239,296,635,846,1361,469,378,410,549,1423,739,82,418,741,461,298,503,184,498,352,400,1008,572,2121,419,702,172,830,715,107,377,851,483,157,570,280,615,693,470,836,283,528
1211,1252,601,195,1449,300,1360,432,455,528,1152,1635,2535,933,768,784,1069,2560,1455,175,814,1433,818,546,948,362,1024,672,726,1884,2121,1991,780,1294,349,1564,1311,242,745,1513,1003,289,1073,524,1115,1321,925,1511,525,916
250,225,112,48,285,61,257,71,103,96,222,330,532,182,133,148,187,536,267,47,153,274,178,112,183,75,196,113,138,395,419,780,72,239,66,315,241,45,142,309,190,65,239,124,213,249,170,263,114,183
476,436,164,97,474,116,477,148,160,180,380,535,826,301,223,267,318,831,503,61,244,496,280,204,323,126,319,203,233,555,702,1294,239,227,87,511,438,77,234,531,333,85,354,189,385,471,309,535,173,315
103,88,55,13,122,17,96,21,33,53,91,121,227,76,62,63,81,225,109,19,73,91,72,43,64,38,65,51,36,135,172,349,66,87,18,139,104,18,55,127,83,24,101,47,79,109,92,123,50,66
530,453,168,84,511,114,499,151,144,233,458,571,1027,313,265,262,392,991,505,52,290,530,298,194,340,142,348,262,250,663,830,1564,315,511,139,284,508,89,250,545,349,115,427,213,423,532,293,580,188,378
506,397,187,99,464,110,448,127,136,199,386,534,881,300,225,272,341,869,471,64,264,466,270,200,298,111,323,227,252,587,715,1311,241,438,104,508,230,74,240,522,321,99,344,165,374,424,325,492,173,320
78,69,28,16,91,23,84,31,18,29,78,108,160,56,54,45,60,164,91,14,41,82,49,42,50,19,50,37,43,113,107,242,45,77,18,89,74,7,44,82,65,14,71,28,74,93,57,72,33,54
251,210,100,52,250,54,225,68,73,108,226,286,473,155,144,157,165,456,268,27,125,259,140,95,168,64,166,120,129,329,377,745,142,234,55,250,240,44,66,275,189,52,182,116,202,233,175,268,83,161
492,456,247,90,553,117,524,167,159,208,439,627,1023,297,301,336,353,1036,546,85,303,603,322,218,349,151,396,226,268,711,851,1513,309,531,127,545,522,82,275,277,324,114,417,192,445,524,375,612,196,366
285,266,134,67,344,85,311,110,117,116,260,401,648,198,179,196,212,612,320,39,160,330,195,124,223,86,220,150,160,423,483,1003,190,333,83,349,321,65,189,324,113,72,291,124,277,331,207,352,142,212
103,97,44,18,88,26,109,21,31,46,85,109,188,57,61,63,70,182,110,14,45,105,68,50,75,35,71,42,54,137,157,289,65,85,24,115,99,14,52,114,72,11,88,34,87,119,70,128,41,79
388,362,147,62,367,98,347,125,118,154,305,434,718,250,227,207,279,715,403,40,216,399,262,179,276,98,257,192,184,501,570,1073,239,354,101,427,344,71,182,417,291,88,147,135,323,352,252,400,128,244
177,168,72,29,221,39,175,69,62,81,172,211,352,121,94,109,144,330,197,22,76,203,114,75,122,50,140,89,89,256,280,524,124,189,47,213,165,28,116,192,124,34,135,36,143,187,120,188,75,119
430,336,162,80,412,97,415,124,143,193,361,444,719,248,190,206,305,728,421,51,220,402,257,164,247,118,280,204,207,497,615,1115,213,385,79,423,374,74,202,445,277,87,323,143,171,412,274,431,149,281
419,420,181,75,510,108,485,153,148,167,391,504,855,307,233,252,350,796,483,47,256,511,287,189,310,116,326,219,234,555,693,1321,249,471,109,532,424,93,233,524,331,119,352,187,412,227,297,516,182,285
331,264,117,57,341,81,321,108,90,140,294,356,567,218,169,202,230,582,322,31,181,337,186,131,224,76,212,148,159,400,470,925,170,309,92,293,325,57,175,375,207,70,252,120,274,297,101,375,123,223
520,477,221,87,567,108,499,177,188,209,422,582,971,307,271,309,423,954,512,70,301,536,305,225,344,151,394,243,244,643,836,1511,263,535,123,580,492,72,268,612,352,128,400,188,431,516,375,270,178,336
177,149,91,35,206,40,170,54,61,82,159,217,341,119,101,116,145,358,168,30,122,197,124,86,125,69,157,87,90,236,283,525,114,173,50,188,173,33,83,196,142,41,128,75,149,182,123,178,32,126
402,311,139,68,326,90,331,110,108,143,299,376,576,224,177,193,251,583,385,36,189,348,189,142,229,91,233,162,172,408,528,916,183,315,66,378,320,54,161,366,212,79,244,119,281,285,223,336,126,119
