266,477,224,114,511,118,534,199,186,242,436,517,875,395,319,341,366,825,509,69,329,514,337,187,373,146,385,280,326,638,713,1247,251,506,117,509,525,89,277,484,311,98,375,188,467,439,368,509,186,363
477,172,157,65,429,91,443,118,146,168,384,492,767,290,239,245,322,766,424,44,241,452,239,178,297,100,275,198,236,547,637,1225,260,387,92,497,436,72,209,495,260,83,341,172,371,395,268,464,177,281
224,157,28,36,214,47,220,59,63,73,158,225,355,139,103,114,133,363,196,23,123,174,102,68,141,40,112,88,95,247,306,592,110,185,50,233,195,33,109,226,119,37,177,70,159,179,140,232,78,142
114,65,36,6,85,18,77,29,31,43,66,118,170,57,46,44,54,155,92,14,53,84,59,32,51,15,57,45,46,119,111,232,39,89,24,92,74,12,38,104,63,21,66,32,61,69,67,94,35,49
511,429,214,85,271,96,499,147,197,197,426,607,873,328,277,281,375,944,510,61,281,512,321,208,357,138,347,256,245,629,778,1473,299,458,109,556,503,84,263,573,318,104,413,188,419,490,324,513,201,332
118,91,47,18,96,10,107,40,36,48,91,139,206,85,69,63,88,199,121,12,80,106,67,47,73,26,68,59,60,147,153,317,58,114,31,142,112,19,49,117,73,23,92,45,77,109,65,130,38,81
534,443,220,77,499,107,236,150,167,202,423,545,837,306,248,282,353,826,485,65,271,471,268,212,314,111,332,243,240,634,751,1333,253,481,96,535,450,80,239,517,325,114,401,182,362,451,318,524,158,351
199,118,59,29,147,40,150,22,44,72,131,175,271,108,75,74,106,266,144,18,81,143,92,46,89,35,88,69,71,200,237,424,90,137,31,154,169,31,62,160,102,33,103,57,117,142,104,161,61,103
186,146,63,31,197,36,167,44,23,67,149,186,310,118,95,99,124,283,175,18,99,158,100,72,110,49,130,90,83,208,248,482,82,138,37,174,150,28,67,178,111,35,129,56,144,167,103,169,70,121
242,168,73,43,197,48,202,72,67,49,176,205,348,136,118,127,143,367,201,32,123,194,127,84,123,51,134,118,94,241,293,591,115,206,45,211,210,27,112,224,132,39,147,81,154,166,138,198,76,146
436,384,158,66,426,91,423,131,149,176,207,445,712,295,225,246,345,734,425,60,223,407,251,178,290,113,276,224,216,549,595,1179,243,408,95,471,416,67,198,436,301,80,327,165,351,383,261,440,161,278
517,492,225,118,607,139,545,175,186,205,445,300,1006,347,277,293,413,1073,567,70,320,548,355,216,377,126,376,264,257,679,853,1620,320,517,137,588,513,113,273,625,358,124,423,219,418,539,412,558,211,385
875,767,355,170,873,206,837,271,310,348,712,1006,824,573,449,494,651,1503,929,110,465,956,549,335,616,227,629,402,473,1131,1394,2494,527,840,207,969,868,182,430,980,639,182,686,353,755,862,573,921,337,640
395,290,139,57,328,85,306,108,118,136,295,347,573,92,156,157,233,588,346,39,188,359,217,136,218,103,226,152,175,398,474,930,164,326,71,355,309,54,160,326,209,75,274,122,250,301,206,371,118,246
319,239,103,46,277,69,248,75,95,118,225,277,449,156,66,133,172,456,271,29,131,276,176,99,165,79,197,128,143,304,402,759,153,266,56,284,265,38,129,285,187,49,225,96,204,230,150,287,90,179
341,245,114,44,281,63,282,74,99,127,246,293,494,157,133,82,221,497,307,39,154,310,172,105,175,67,192,151,148,338,465,873,157,263,65,317,238,56,141,327,190,61,248,108,206,274,176,311,101,188
366,322,133,54,375,88,353,106,124,143,345,413,651,233,172,221,152,637,370,41,227,354,213,138,248,91,240,192,160,461,548,1013,186,336,90,385,347,52,191,408,255,72,286,141,264,328,233,393,140,242
825,766,363,155,944,199,826,266,283,367,734,1073,1503,588,456,497,637,847,957,114,517,971,530,362,604,217,609,404,492,1177,1416,2531,526,863,210,935,854,174,457,967,627,186,692,342,726,847,610,921,330,581
509,424,196,92,510,121,485,144,175,201,425,567,929,346,271,307,370,957,258,61,280,489,296,191,344,109,323,252,239,672,740,1468,285,487,119,527,501,79,260,565,348,113,389,214,411,509,331,554,198,338
69,44,23,14,61,12,65,18,18,32,60,70,110,39,29,39,41,114,61,4,33,65,27,21,42,13,40,26,30,85,78,188,42,67,14,60,64,13,21,61,30,7,47,15,46,68,36,76,28,45
329,241,123,53,281,80,271,81,99,123,223,320,465,188,131,154,227,517,280,33,79,305,185,118,189,76,210,118,139,321,426,833,150,256,77,274,249,51,131,295,205,50,215,99,230,271,170,294,110,195
514,452,174,84,512,106,471,143,158,194,407,548,956,359,276,310,354,971,489,65,305,263,316,186,344,132,372,241,268,650,726,1379,275,480,110,535,474,81,261,540,326,124,408,198,416,507,337,553,201,349
337,239,102,59,321,67,268,92,100,127,251,355,549,217,176,172,213,530,296,27,185,316,106,136,198,63,188,132,160,401,460,880,163,273,70,318,285,53,140,301,199,66,234,82,240,253,167,308,114,203
187,178,68,32,208,47,212,46,72,84,178,216,335,136,99,105,138,362,191,21,118,186,136,46,144,57,146,107,103,258,273,564,99,176,45,195,186,30,94,185,145,43,171,82,172,187,115,230,89,135
373,297,141,51,357,73,314,89,110,123,290,377,616,218,165,175,248,604,344,42,189,344,198,144,114,86,231,149,162,391,506,976,187,254,71,375,328,60,162,357,248,64,280,112,270,308,181,356,136,219
146,100,40,15,138,26,111,35,49,51,113,126,227,103,79,67,91,217,109,13,76,132,63,57,86,19,80,55,67,157,189,364,74,98,34,117,114,25,51,140,72,21,94,51,112,109,78,133,45,93
385,275,112,57,347,68,332,88,130,134,276,376,629,226,197,192,240,609,323,40,210,372,188,146,231,80,104,149,173,411,523,979,195,317,86,336,298,58,150,350,216,60,278,120,275,294,210,377,139,233
280,198,88,45,256,59,243,69,90,118,224,264,402,152,128,151,192,404,252,26,118,241,132,107,149,55,149,56,149,294,332,614,96,236,55,253,228,47,126,226,154,49,193,83,186,230,128,233,98,155
326,236,95,46,245,60,240,71,83,94,216,257,473,175,143,148,160,492,239,30,139,268,160,103,162,67,173,149,70,299,397,730,149,240,69,247,242,49,137,298,164,61,205,88,225,237,158,266,110,184
638,547,247,119,629,147,634,200,208,241,549,679,1131,398,304,338,461,1177,672,85,321,650,401,258,391,157,411,294,299,421,952,1864,394,614,147,609,586,116,311,687,417,140,470,253,522,587,419,653,230,402
713,637,306,111,778,153,751,237,248,293,595,853,1394,474,402,465,548,1416,740,78,426,726,460,273,506,189,523,332,397,952,548,2222,438,727,168,821,665,120,382,775,504,179,577,282,611,723,498,764,316,504
1247,1225,592,232,1473,317,1333,424,482,591,1179,1620,2494,930,759,873,1013,2531,1468,188,833,1379,880,564,976,364,979,614,730,1864,2222,1998,777,1309,328,1606,1321,224,704,1495,930,292,1068,562,1166,1320,952,1450,534,1006
251,260,110,39,299,58,253,90,82,115,243,320,527,164,153,157,186,526,285,42,150,275,163,99,187,74,195,96,149,394,438,777,77,247,65,316,256,46,137,274,186,56,184,96,220,274,164,281,96,186
506,387,185,89,458,114,481,137,138,206,408,517,840,326,266,263,336,863,487,67,256,480,273,176,254,98,317,236,240,614,727,1309,247,234,96,510,413,86,232,508,300,77,387,170,359,458,297,495,165,336
117,92,50,24,109,31,96,31,37,45,95,137,207,71,56,65,90,210,119,14,77,110,70,45,71,34,86,55,69,147,168,328,65,96,17,127,123,19,51,118,67,36,89,46,92,102,68,120,33,77
509,497,233,92,556,142,535,154,174,211,471,588,969,355,284,317,385,935,527,60,274,535,318,195,375,117,336,253,247,609,821,1606,316,510,127,234,485,99,280,574,388,107,411,195,431,474,340,548,215,352
525,436,195,74,503,112,450,169,150,210,416,513,868,309,265,238,347,854,501,64,249,474,285,186,328,114,298,228,242,586,665,1321,256,413,123,485,207,77,228,516,312,92,376,174,366,418,326,526,183,330
89,72,33,12,84,19,80,31,28,27,67,113,182,54,38,56,52,174,79,13,51,81,53,30,60,25,58,47,49,116,120,224,46,86,19,99,77,6,51,92,57,25,70,18,60,82,45,95,32,63
277,209,109,38,263,49,239,62,67,112,198,273,430,160,129,141,191,457,260,21,131,261,140,94,162,51,150,126,137,311,382,704,137,232,51,280,228,51,58,257,177,61,192,94,189,244,163,250,102,167
484,495,226,104,573,117,517,160,178,224,436,625,980,326,285,327,408,967,565,61,295,540,301,185,357,140,350,226,298,687,775,1495,274,508,118,574,516,92,257,257,321,106,415,218,433,533,356,562,202,352
311,260,119,63,318,73,325,102,111,132,301,358,639,209,187,190,255,627,348,30,205,326,199,145,248,72,216,154,164,417,504,930,186,300,67,388,312,57,177,321,104,72,242,129,265,340,221,360,110,227
98,83,37,21,104,23,114,33,35,39,80,124,182,75,49,61,72,186,113,7,50,124,66,43,64,21,60,49,61,140,179,292,56,77,36,107,92,25,61,106,72,5,78,28,91,131,56,122,35,70
375,341,177,66,413,92,401,103,129,147,327,423,686,274,225,248,286,692,389,47,215,408,234,171,280,94,278,193,205,470,577,1068,184,387,89,411,376,70,192,415,242,78,161,137,326,359,251,431,132,273
188,172,70,32,188,45,182,57,56,81,165,219,353,122,96,108,141,342,214,15,99,198,82,82,112,51,120,83,88,253,282,562,96,170,46,195,174,18,94,218,129,28,137,34,135,169,124,187,65,101
467,371,159,61,419,77,362,117,144,154,351,418,755,250,204,206,264,726,411,46,230,416,240,172,270,112,275,186,225,522,611,1166,220,359,92,431,366,60,189,433,265,91,326,135,165,375,259,416,159,284
439,395,179,69,490,109,451,142,167,166,383,539,862,301,230,274,328,847,509,68,271,507,253,187,308,109,294,230,237,587,723,1320,274,458,102,474,418,82,244,533,340,131,359,169,375,217,309,489,163,306
368,268,140,67,324,65,318,104,103,138,261,412,573,206,150,176,233,610,331,36,170,337,167,115,181,78,210,128,158,419,498,952,164,297,68,340,326,45,163,356,221,56,251,124,259,309,85,339,121,217
509,464,232,94,513,130,524,161,169,198,440,558,921,371,287,311,393,921,554,76,294,553,308,230,356,133,377,233,266,653,764,1450,281,495,120,548,526,95,250,562,360,122,431,187,416,489,339,256,199,354
186,177,78,35,201,38,158,61,70,76,161,211,337,118,90,101,140,330,198,28,110,201,114,89,136,45,139,98,110,230,316,534,96,165,33,215,183,32,102,202,110,35,132,65,159,163,121,199,33,123
363,281,142,49,332,81,351,103,121,146,278,385,640,246,179,188,242,581,338,45,195,349,203,135,219,93,233,155,184,402,504,1006,186,336,77,352,330,63,167,352,227,70,273,101,284,306,217,354,123,111
