281,436,209,74,503,93,464,159,179,245,446,523,875,366,313,324,376,853,528,78,337,517,338,219,369,139,340,262,297,610,731,1254,282,506,103,535,481,87,239,484,310,98,330,187,432,434,324,447,152,390
436,187,158,92,452,115,432,137,132,162,377,512,826,262,225,237,334,758,441,56,222,455,232,184,283,114,269,166,192,514,703,1271,248,453,102,468,446,59,232,468,302,93,339,176,342,405,273,504,171,288
209,158,29,33,202,36,185,61,74,82,180,209,329,120,101,102,149,354,208,22,89,214,114,73,135,53,109,92,94,236,319,568,97,183,56,204,194,32,106,236,141,45,162,86,165,172,119,216,87,121
74,92,33,6,87,20,69,28,31,43,63,83,148,60,50,56,65,152,75,6,50,83,44,40,74,21,61,35,48,92,124,202,44,71,19,89,74,16,40,88,49,21,56,20,72,84,64,70,28,56
503,452,202,87,248,125,493,164,160,193,422,578,932,325,268,277,377,928,533,53,306,529,314,194,352,143,354,203,236,695,747,1449,287,490,124,555,468,85,252,542,314,97,383,203,409,521,327,569,206,365
93,115,36,20,125,11,106,42,39,49,91,131,222,80,53,56,77,206,96,11,60,116,66,49,84,35,88,47,68,126,159,296,79,97,30,117,112,18,62,113,70,23,71,35,88,94,82,96,44,72
464,432,185,69,493,106,221,148,148,197,408,575,871,302,241,271,342,871,497,54,259,474,274,195,310,106,326,227,239,601,742,1289,261,454,100,525,456,80,244,526,311,106,332,188,369,463,320,455,172,318
159,137,61,28,164,42,148,15,43,66,128,163,253,102,70,90,118,258,156,15,83,152,83,51,70,40,91,63,74,171,189,399,72,157,32,171,146,23,67,149,92,32,109,59,102,143,83,137,56,92
179,132,74,31,160,39,148,43,21,73,135,171,306,94,94,84,139,320,164,24,91,164,124,60,116,46,107,81,79,194,267,474,94,171,31,171,154,27,101,183,102,31,135,54,138,147,120,192,54,116
245,162,82,43,193,49,197,66,73,53,176,232,393,160,105,118,164,359,211,16,104,218,146,81,136,57,133,105,104,251,282,537,110,213,40,221,199,33,98,195,131,40,157,63,168,185,116,236,64,132
446,377,180,63,422,91,408,128,135,176,174,538,816,282,193,218,314,765,412,51,237,435,246,164,273,108,269,201,226,536,594,1154,228,419,98,464,416,60,223,408,271,80,298,159,349,373,266,448,145,307
523,512,209,83,578,131,575,163,171,232,538,302,1023,374,268,299,415,1060,580,72,329,579,310,244,362,136,397,268,258,788,906,1597,265,513,135,634,528,111,266,612,404,100,437,227,474,537,368,639,216,363
875,826,329,148,932,222,871,253,306,393,816,1023,855,607,455,503,677,1589,988,130,506,947,501,371,621,218,651,395,485,1178,1437,2486,458,907,206,991,840,156,471,994,633,188,671,346,776,820,571,948,341,624
366,262,120,60,325,80,302,102,94,160,282,374,607,92,176,185,237,588,295,40,200,310,180,121,193,70,195,158,145,413,500,908,183,290,71,361,282,56,173,338,202,60,280,121,243,324,196,351,125,226
313,225,101,50,268,53,241,70,94,105,193,268,455,176,63,153,217,481,265,26,162,259,132,101,151,63,157,132,118,317,408,755,135,253,52,287,249,36,135,269,174,39,213,92,173,245,142,292,90,171
324,237,102,56,277,56,271,90,84,118,218,299,503,185,153,96,204,532,288,27,163,288,167,112,166,64,182,130,142,334,458,825,148,279,76,306,295,43,153,281,196,53,222,107,214,281,170,337,113,215
376,334,149,65,377,77,342,118,139,164,314,415,677,237,217,204,118,652,373,41,213,381,233,132,256,70,227,142,156,453,580,1031,207,354,92,351,349,83,177,391,226,91,259,160,271,318,266,350,148,257
853,758,354,152,928,206,871,258,320,359,765,1060,1589,588,481,532,652,881,996,108,492,944,533,364,616,211,605,390,462,1153,1421,2557,511,855,202,969,854,159,479,1017,641,197,687,366,768,879,564,961,330,579
528,441,208,75,533,96,497,156,164,211,412,580,988,295,265,288,373,996,247,77,268,467,302,213,360,126,343,244,242,680,758,1457,293,484,107,514,505,91,267,544,330,113,437,202,433,481,334,552,203,367
78,56,22,6,53,11,54,15,24,16,51,72,130,40,26,27,41,108,77,2,36,68,36,24,39,15,43,22,26,78,97,178,34,57,14,66,62,15,22,68,41,10,53,20,55,53,39,61,22,44
337,222,89,50,306,60,259,83,91,104,237,329,506,200,162,163,213,492,268,36,73,291,161,113,160,54,160,130,135,308,388,767,145,277,51,270,277,37,132,292,168,43,221,94,225,254,173,284,105,167
517,455,214,83,529,116,474,152,164,218,435,579,947,310,259,288,381,944,467,68,291,229,272,202,347,122,347,258,241,688,751,1438,287,452,117,563,461,83,247,542,332,96,422,210,413,470,327,532,192,356
338,232,114,44,314,66,274,83,124,146,246,310,501,180,132,167,233,533,302,36,161,272,78,103,210,68,205,138,148,380,466,778,166,253,73,316,271,38,154,308,184,51,229,113,232,250,168,313,107,206
219,184,73,40,194,49,195,51,60,81,164,244,371,121,101,112,132,364,213,24,113,202,103,33,118,41,138,88,93,244,319,548,106,189,57,217,197,30,104,203,136,33,135,85,145,170,122,215,79,136
369,283,135,74,352,84,310,70,116,136,273,362,621,193,151,166,256,616,360,39,160,347,210,118,105,61,201,173,148,418,493,930,173,336,77,350,304,51,147,359,217,57,252,121,226,324,183,365,136,216
139,114,53,21,143,35,106,40,46,57,108,136,218,70,63,64,70,211,126,15,54,122,68,41,61,11,69,68,51,158,199,323,67,136,32,143,113,18,74,150,96,26,100,49,80,130,82,121,51,76
340,269,109,61,354,88,326,91,107,133,269,397,651,195,157,182,227,605,343,43,160,347,205,138,201,69,105,155,172,404,517,966,202,330,82,354,335,45,181,375,250,65,256,143,266,316,222,348,133,199
262,166,92,35,203,47,227,63,81,105,201,268,395,158,132,130,142,390,244,22,130,258,138,88,173,68,155,45,135,289,335,644,132,211,40,227,214,37,125,248,148,45,179,95,190,218,139,253,76,150
297,192,94,48,236,68,239,74,79,104,226,258,485,145,118,142,156,462,242,26,135,241,148,93,148,51,172,135,62,308,383,704,163,236,50,265,248,45,112,229,169,51,188,83,178,218,144,287,79,159
610,514,236,92,695,126,601,171,194,251,536,788,1178,413,317,334,453,1153,680,78,308,688,380,244,418,158,404,289,308,395,974,1851,338,612,145,624,593,102,319,686,424,125,501,232,517,604,368,690,229,443
731,703,319,124,747,159,742,189,267,282,594,906,1437,500,408,458,580,1421,758,97,388,751,466,319,493,199,517,335,383,974,566,2194,439,712,179,814,729,113,376,796,479,153,596,288,602,720,491,797,307,462
1254,1271,568,202,1449,296,1289,399,474,537,1154,1597,2486,908,755,825,1031,2557,1457,178,767,1438,778,548,930,323,966,644,704,1851,2194,1999,713,1344,297,1505,1295,251,720,1538,901,291,1046,582,1105,1309,873,1480,513,918
282,248,97,44,287,79,261,72,94,110,228,265,458,183,135,148,207,511,293,34,145,287,166,106,173,67,202,132,163,338,439,713,74,256,64,321,254,58,137,319,191,59,208,115,211,263,164,296,100,159
506,453,183,71,490,97,454,157,171,213,419,513,907,290,253,279,354,855,484,57,277,452,253,189,336,136,330,211,236,612,712,1344,256,214,111,496,409,78,256,551,290,101,338,177,373,449,309,474,170,338
103,102,56,19,124,30,100,32,31,40,98,135,206,71,52,76,92,202,107,14,51,117,73,57,77,32,82,40,50,145,179,297,64,111,11,129,113,19,61,123,82,16,94,47,89,114,68,120,31,71
535,468,204,89,555,117,525,171,171,221,464,634,991,361,287,306,351,969,514,66,270,563,316,217,350,143,354,227,265,624,814,1505,321,496,129,256,520,79,238,607,347,113,402,200,420,513,339,553,197,378
481,446,194,74,468,112,456,146,154,199,416,528,840,282,249,295,349,854,505,62,277,461,271,197,304,113,335,214,248,593,729,1295,254,409,113,520,201,77,238,519,300,102,383,188,356,441,293,454,193,299
87,59,32,16,85,18,80,23,27,33,60,111,156,56,36,43,83,159,91,15,37,83,38,30,51,18,45,37,45,102,113,251,58,78,19,79,77,6,52,91,54,20,57,26,60,67,54,87,24,48
239,232,106,40,252,62,244,67,101,98,223,266,471,173,135,153,177,479,267,22,132,247,154,104,147,74,181,125,112,319,376,720,137,256,61,238,238,52,69,254,156,48,166,94,181,230,142,259,98,173
484,468,236,88,542,113,526,149,183,195,408,612,994,338,269,281,391,1017,544,68,292,542,308,203,359,150,375,248,229,686,796,1538,319,551,123,607,519,91,254,258,328,100,402,196,421,482,349,574,220,315
310,302,141,49,314,70,311,92,102,131,271,404,633,202,174,196,226,641,330,41,168,332,184,136,217,96,250,148,169,424,479,901,191,290,82,347,300,54,156,328,105,67,262,145,290,317,228,342,134,181
98,93,45,21,97,23,106,32,31,40,80,100,188,60,39,53,91,197,113,10,43,96,51,33,57,26,65,45,51,125,153,291,59,101,16,113,102,20,48,100,67,9,68,25,68,98,52,116,27,62
330,339,162,56,383,71,332,109,135,157,298,437,671,280,213,222,259,687,437,53,221,422,229,135,252,100,256,179,188,501,596,1046,208,338,94,402,383,57,166,402,262,68,160,156,348,391,259,397,129,228
187,176,86,20,203,35,188,59,54,63,159,227,346,121,92,107,160,366,202,20,94,210,113,85,121,49,143,95,83,232,288,582,115,177,47,200,188,26,94,196,145,25,156,35,154,176,121,182,73,130
432,342,165,72,409,88,369,102,138,168,349,474,776,243,173,214,271,768,433,55,225,413,232,145,226,80,266,190,178,517,602,1105,211,373,89,420,356,60,181,421,290,68,348,154,150,340,241,426,149,277
434,405,172,84,521,94,463,143,147,185,373,537,820,324,245,281,318,879,481,53,254,470,250,170,324,130,316,218,218,604,720,1309,263,449,114,513,441,67,230,482,317,98,391,176,340,195,305,483,182,309
324,273,119,64,327,82,320,83,120,116,266,368,571,196,142,170,266,564,334,39,173,327,168,122,183,82,222,139,144,368,491,873,164,309,68,339,293,54,142,349,228,52,259,121,241,305,92,346,98,214
447,504,216,70,569,96,455,137,192,236,448,639,948,351,292,337,350,961,552,61,284,532,313,215,365,121,348,253,287,690,797,1480,296,474,120,553,454,87,259,574,342,116,397,182,426,483,346,296,216,339
152,171,87,28,206,44,172,56,54,64,145,216,341,125,90,113,148,330,203,22,105,192,107,79,136,51,133,76,79,229,307,513,100,170,31,197,193,24,98,220,134,27,129,73,149,182,98,216,31,129
390,288,121,56,365,72,318,92,116,132,307,363,624,226,171,215,257,579,367,44,167,356,206,136,216,76,199,150,159,443,462,918,159,338,71,378,299,48,173,315,181,62,228,130,277,309,214,339,129,131
