256,435,216,92,498,116,486,183,167,263,425,489,820,388,318,329,361,782,508,63,340,499,369,211,376,162,381,300,310,581,744,1181,232,446,84,530,462,101,254,501,318,106,395,166,444,402,314,490,138,376
435,181,165,67,439,92,404,119,143,163,400,464,799,299,211,227,306,807,426,47,256,434,241,169,275,105,272,190,234,549,642,1219,234,456,113,422,434,70,216,501,300,90,325,173,353,351,291,436,168,259
216,165,29,36,221,44,203,47,57,63,166,235,373,122,84,100,152,321,192,26,108,200,92,92,123,47,128,106,107,230,314,529,96,197,43,225,174,42,96,234,134,53,164,74,162,180,102,243,63,126
92,67,36,8,99,18,78,29,37,32,62,87,147,70,50,47,58,147,96,14,55,80,59,39,53,32,64,48,54,107,144,219,37,68,16,95,92,6,36,101,62,16,67,29,71,66,57,91,25,45
498,439,221,99,276,109,489,156,150,212,440,578,920,346,255,287,336,893,553,66,282,533,295,210,364,133,354,228,246,618,783,1449,287,515,126,517,503,95,253,553,330,109,372,199,384,479,361,554,205,342
116,92,44,18,109,15,102,46,41,46,91,125,202,91,71,66,75,202,115,21,78,112,78,41,81,36,79,60,62,137,158,320,52,106,30,117,127,15,55,99,62,19,92,35,101,86,79,106,40,72
486,404,203,78,489,102,246,178,183,180,392,532,914,316,270,268,358,874,507,47,258,493,301,208,315,117,321,230,249,595,734,1382,258,428,111,519,462,76,231,539,302,103,403,166,389,427,323,465,189,303
183,119,47,29,156,46,178,27,45,82,124,166,262,85,78,90,114,274,166,21,82,166,109,70,83,38,113,69,92,160,224,430,83,162,24,164,150,21,78,160,107,28,103,58,117,142,92,152,47,89
167,143,57,37,150,41,183,45,19,70,147,206,333,87,72,90,123,312,160,28,89,176,103,59,108,40,111,81,61,212,260,482,70,169,43,189,167,24,85,151,105,38,125,49,131,170,101,185,64,96
263,163,63,32,212,46,180,82,70,49,158,249,354,155,115,117,143,358,186,34,115,201,133,84,133,60,139,81,104,240,293,541,101,192,45,235,195,39,107,215,119,36,161,62,144,175,127,194,72,133
425,400,166,62,440,91,392,124,147,158,173,480,783,288,220,223,304,771,407,63,238,386,279,177,296,118,297,199,217,496,604,1182,222,416,92,450,418,65,218,442,271,98,319,153,339,393,287,415,163,287
489,464,235,87,578,125,532,166,206,249,480,312,954,348,326,328,406,977,532,79,329,571,360,217,346,143,365,223,279,714,835,1603,303,508,136,590,521,96,283,600,365,105,430,207,435,536,354,567,222,388
820,799,373,147,920,202,914,262,333,354,783,954,780,601,522,533,676,1396,907,100,542,929,573,364,630,223,636,432,450,1188,1397,2397,466,837,213,970,832,151,444,963,620,191,673,351,759,836,591,925,338,596
388,299,122,70,346,91,316,85,87,155,288,348,601,103,184,202,240,627,328,36,161,341,215,128,208,82,230,133,170,378,506,940,184,337,89,362,323,66,170,339,207,66,251,109,253,337,211,342,134,240
318,211,84,50,255,71,270,78,72,115,220,326,522,184,67,146,207,496,280,29,161,290,178,122,161,72,179,130,141,321,387,737,126,228,64,300,269,38,131,235,173,67,208,105,204,226,166,291,86,172
329,227,100,47,287,66,268,90,90,117,223,328,533,202,146,80,221,533,319,35,147,302,160,118,180,70,187,127,151,334,425,849,167,254,76,330,251,46,140,291,175,68,266,102,217,257,186,306,114,188
361,306,152,58,336,75,358,114,123,143,304,406,676,240,207,221,123,673,362,50,184,359,240,147,237,111,248,179,186,447,582,1041,184,340,92,389,375,63,187,382,224,83,281,129,329,328,232,372,138,228
782,807,321,147,893,202,874,274,312,358,771,977,1396,627,496,533,673,765,958,99,564,979,573,370,613,230,613,407,482,1143,1363,2388,467,808,200,973,830,143,440,924,623,184,710,332,751,800,616,925,314,601
508,426,192,96,553,115,507,166,160,186,407,532,907,328,280,319,362,958,257,67,247,505,316,197,364,122,326,236,268,673,759,1425,265,469,115,525,548,76,280,545,301,107,427,175,431,452,334,513,192,351
63,47,26,14,66,21,47,21,28,34,63,79,100,36,29,35,50,99,67,3,35,47,33,14,43,12,32,18,30,79,90,164,25,59,13,54,45,5,31,72,49,10,44,19,37,60,31,67,24,47
340,256,108,55,282,78,258,82,89,115,238,329,542,161,161,147,184,564,247,35,75,278,173,107,174,54,184,134,125,310,406,833,153,241,63,290,274,44,134,304,174,54,214,95,204,234,170,297,120,170
499,434,200,80,533,112,493,166,176,201,386,571,929,341,290,302,359,979,505,47,278,253,322,193,340,139,343,256,283,671,784,1473,279,476,133,503,532,81,255,528,319,119,418,203,431,450,330,518,194,352
369,241,92,59,295,78,301,109,103,133,279,360,573,215,178,160,240,573,316,33,173,322,99,120,216,82,186,142,146,378,433,815,138,302,70,332,293,38,163,312,211,72,257,117,269,282,194,344,127,201
211,169,92,39,210,41,208,70,59,84,177,217,364,128,122,118,147,370,197,14,107,193,120,37,130,59,127,101,116,247,306,553,91,196,63,233,189,39,114,218,138,49,149,75,151,177,149,194,76,143
376,275,123,53,364,81,315,83,108,133,296,346,630,208,161,180,237,613,364,43,174,340,216,130,112,83,213,165,151,408,488,917,180,323,64,322,311,55,178,362,234,66,269,108,234,282,204,354,142,207
162,105,47,32,133,36,117,38,40,60,118,143,223,82,72,70,111,230,122,12,54,139,82,59,83,10,61,57,58,153,190,351,57,123,32,136,139,21,65,134,78,25,124,47,105,122,87,148,47,94
381,272,128,64,354,79,321,113,111,139,297,365,636,230,179,187,248,613,326,32,184,343,186,127,213,61,99,181,157,432,486,953,186,317,66,349,349,66,195,398,225,77,279,120,253,319,194,374,128,207
300,190,106,48,228,60,230,69,81,81,199,223,432,133,130,127,179,407,236,18,134,256,142,101,165,57,181,61,112,275,355,712,125,223,54,259,210,35,133,237,152,46,200,83,187,201,146,279,106,166
310,234,107,54,246,62,249,92,61,104,217,279,450,170,141,151,186,482,268,30,125,283,146,116,151,58,157,112,55,293,410,741,145,235,53,259,245,42,130,289,163,56,218,89,187,274,168,261,90,175
581,549,230,107,618,137,595,160,212,240,496,714,1188,378,321,334,447,1143,673,79,310,671,378,247,408,153,432,275,293,425,1031,1857,354,570,122,667,565,97,308,707,444,134,475,234,520,649,418,675,241,396
744,642,314,144,783,158,734,224,260,293,604,835,1397,506,387,425,582,1363,759,90,406,784,433,306,488,190,486,355,410,1031,557,2097,381,700,181,847,741,151,387,825,484,156,564,263,595,708,448,753,285,498
1181,1219,529,219,1449,320,1382,430,482,541,1182,1603,2397,940,737,849,1041,2388,1425,164,833,1473,815,553,917,351,953,712,741,1857,2097,1991,740,1233,343,1551,1316,224,701,1430,953,283,990,558,1125,1269,940,1474,534,965
232,234,96,37,287,52,258,83,70,101,222,303,466,184,126,167,184,467,265,25,153,279,138,91,180,57,186,125,145,354,381,740,74,261,57,271,276,59,131,275,179,63,201,102,213,244,164,288,91,182
446,456,197,68,515,106,428,162,169,192,416,508,837,337,228,254,340,808,469,59,241,476,302,196,323,123,317,223,235,570,700,1233,261,218,123,453,469,68,229,521,305,90,371,173,390,401,295,471,183,299
84,113,43,16,126,30,111,24,43,45,92,136,213,89,64,76,92,200,115,13,63,133,70,63,64,32,66,54,53,122,181,343,57,123,17,108,119,22,57,120,74,23,98,40,77,98,70,116,41,68
530,422,225,95,517,117,519,164,189,235,450,590,970,362,300,330,389,973,525,54,290,503,332,233,322,136,349,259,259,667,847,1551,271,453,108,289,516,92,253,533,337,93,440,158,424,508,303,551,201,380
462,434,174,92,503,127,462,150,167,195,418,521,832,323,269,251,375,830,548,45,274,532,293,189,311,139,349,210,245,565,741,1316,276,469,119,516,239,81,228,500,313,100,331,174,381,411,315,450,187,308
101,70,42,6,95,15,76,21,24,39,65,96,151,66,38,46,63,143,76,5,44,81,38,39,55,21,66,35,42,97,151,224,59,68,22,92,81,2,40,96,51,13,66,30,73,87,39,97,24,70
254,216,96,36,253,55,231,78,85,107,218,283,444,170,131,140,187,440,280,31,134,255,163,114,178,65,195,133,130,308,387,701,131,229,57,253,228,40,60,256,173,54,184,95,204,237,169,243,88,157
501,501,234,101,553,99,539,160,151,215,442,600,963,339,235,291,382,924,545,72,304,528,312,218,362,134,398,237,289,707,825,1430,275,521,120,533,500,96,256,287,331,122,387,212,417,462,322,544,199,377
318,300,134,62,330,62,302,107,105,119,271,365,620,207,173,175,224,623,301,49,174,319,211,138,234,78,225,152,163,444,484,953,179,305,74,337,313,51,173,331,111,66,244,114,275,314,235,361,135,206
106,90,53,16,109,19,103,28,38,36,98,105,191,66,67,68,83,184,107,10,54,119,72,49,66,25,77,46,56,134,156,283,63,90,23,93,100,13,54,122,66,12,82,45,98,121,75,105,42,60
395,325,164,67,372,92,403,103,125,161,319,430,673,251,208,266,281,710,427,44,214,418,257,149,269,124,279,200,218,475,564,990,201,371,98,440,331,66,184,387,244,82,145,157,337,364,231,397,158,270
166,173,74,29,199,35,166,58,49,62,153,207,351,109,105,102,129,332,175,19,95,203,117,75,108,47,120,83,89,234,263,558,102,173,40,158,174,30,95,212,114,45,157,43,162,190,115,198,69,120
444,353,162,71,384,101,389,117,131,144,339,435,759,253,204,217,329,751,431,37,204,431,269,151,234,105,253,187,187,520,595,1125,213,390,77,424,381,73,204,417,275,98,337,162,168,385,256,406,149,255
402,351,180,66,479,86,427,142,170,175,393,536,836,337,226,257,328,800,452,60,234,450,282,177,282,122,319,201,274,649,708,1269,244,401,98,508,411,87,237,462,314,121,364,190,385,209,280,462,165,325
314,291,102,57,361,79,323,92,101,127,287,354,591,211,166,186,232,616,334,31,170,330,194,149,204,87,194,146,168,418,448,940,164,295,70,303,315,39,169,322,235,75,231,115,256,280,100,325,123,196
490,436,243,91,554,106,465,152,185,194,415,567,925,342,291,306,372,925,513,67,297,518,344,194,354,148,374,279,261,675,753,1474,288,471,116,551,450,97,243,544,361,105,397,198,406,462,325,252,196,331
138,168,63,25,205,40,189,47,64,72,163,222,338,134,86,114,138,314,192,24,120,194,127,76,142,47,128,106,90,241,285,534,91,183,41,201,187,24,88,199,135,42,158,69,149,165,123,196,35,118
376,259,126,45,342,72,303,89,96,133,287,388,596,240,172,188,228,601,351,47,170,352,201,143,207,94,207,166,175,396,498,965,182,299,68,380,308,70,157,377,206,60,270,120,255,325,196,331,118,104
