252,476,205,87,494,127,471,183,185,230,441,519,793,378,299,352,333,766,476,61,320,522,346,203,386,156,381,286,308,596,687,1159,234,488,96,483,497,106,246,460,315,118,380,176,436,444,318,477,166,361
476,180,175,66,428,98,410,127,135,168,365,482,742,254,197,226,314,762,465,47,221,429,228,166,265,108,268,200,203,524,632,1272,238,395,99,498,390,75,227,437,277,89,340,149,321,396,220,419,160,280
205,175,36,24,206,38,188,69,81,81,173,212,350,121,92,100,154,372,199,28,116,180,115,74,117,47,130,81,98,248,282,589,92,187,50,215,169,32,107,206,129,40,183,65,138,179,122,233,68,142
87,66,24,5,78,17,75,23,24,44,79,89,125,48,41,52,56,157,77,12,51,80,54,29,58,26,72,47,52,97,115,218,40,86,27,94,64,21,38,73,45,15,60,25,72,81,52,79,23,66
494,428,206,78,248,120,492,162,176,207,441,544,906,340,272,276,390,925,544,67,257,522,313,214,363,126,360,255,249,653,796,1370,283,483,118,547,449,70,276,571,338,102,436,189,421,459,339,537,201,337
127,98,38,17,120,11,113,37,26,42,99,115,167,70,68,55,83,179,118,13,72,93,72,47,59,33,78,55,73,139,147,313,58,101,26,126,97,22,64,113,75,22,74,43,97,91,89,110,37,83
471,410,188,75,492,113,244,148,147,196,413,556,843,305,262,252,344,849,502,55,264,484,286,191,331,125,330,233,249,602,676,1314,271,436,132,520,435,91,243,495,304,98,366,172,379,439,335,465,181,307
183,127,69,23,162,37,148,14,46,59,132,168,284,110,76,72,114,310,144,11,88,162,85,70,102,38,100,69,81,206,203,380,79,131,35,145,152,14,70,174,104,33,126,53,115,134,95,182,50,105
185,135,81,24,176,26,147,46,26,82,149,198,309,116,78,93,123,291,160,37,83,172,91,71,108,35,120,69,71,203,247,452,83,140,41,155,141,35,81,169,113,23,131,62,115,150,101,169,67,106
230,168,81,44,207,42,196,59,82,43,142,208,329,138,99,101,149,346,216,27,122,225,115,83,144,51,138,100,125,241,296,547,90,191,60,190,199,32,98,224,143,40,156,81,179,172,119,209,60,140
441,365,173,79,441,99,413,132,149,142,152,450,707,276,232,248,279,740,465,55,251,473,230,151,257,106,265,203,205,548,650,1155,211,431,105,453,417,64,210,461,284,89,320,171,311,371,255,444,151,272
519,482,212,89,544,115,556,168,198,208,450,321,1011,394,302,314,438,997,598,68,321,593,339,244,361,146,372,232,281,678,815,1549,282,526,116,580,554,104,280,623,358,105,459,196,467,541,340,557,203,376
793,742,350,125,906,167,843,284,309,329,707,1011,783,632,461,497,685,1429,892,118,499,947,544,371,565,226,633,401,458,1144,1371,2463,465,859,195,1005,843,149,487,960,589,194,676,327,717,844,603,904,317,623
378,254,121,48,340,70,305,110,116,138,276,394,632,98,178,210,232,612,340,40,192,337,197,113,204,85,193,146,154,411,519,955,172,307,80,342,339,56,164,345,207,87,238,114,273,295,209,340,128,238
299,197,92,41,272,68,262,76,78,99,232,302,461,178,66,127,185,481,260,35,145,258,159,115,164,68,171,119,122,310,368,752,123,238,65,270,267,44,151,282,182,49,186,109,233,234,174,285,102,199
352,226,100,52,276,55,252,72,93,101,248,314,497,210,127,55,197,527,293,30,142,284,170,137,173,78,189,120,136,342,405,811,141,238,70,294,281,46,128,344,199,65,209,113,254,263,174,296,113,192
333,314,154,56,390,83,344,114,123,149,279,438,685,232,185,197,124,667,350,40,195,363,213,136,240,83,238,153,162,447,551,1022,188,341,84,369,343,62,192,376,256,71,286,146,312,299,228,378,127,220
766,762,372,157,925,179,849,310,291,346,740,997,1429,612,481,527,667,767,924,115,511,938,527,372,597,241,672,444,479,1104,1364,2499,445,853,192,956,890,160,447,1024,604,190,631,330,727,843,574,904,302,602
476,465,199,77,544,118,502,144,160,216,465,598,892,340,260,293,350,924,281,77,271,539,297,202,321,116,334,253,235,633,810,1481,254,458,108,539,477,101,246,542,357,92,374,170,425,480,322,539,184,334
61,47,28,12,67,13,55,11,37,27,55,68,118,40,35,30,40,115,77,1,30,65,40,22,43,16,37,23,36,82,112,192,31,63,17,59,59,10,28,66,47,14,52,15,50,65,37,65,26,47
320,221,116,51,257,72,264,88,83,122,251,321,499,192,145,142,195,511,271,30,64,284,169,113,153,61,167,129,154,332,422,780,146,239,64,250,240,51,140,320,190,57,221,110,223,241,167,290,109,170
522,429,180,80,522,93,484,162,172,225,473,593,947,337,258,284,363,938,539,65,284,299,306,210,338,102,305,213,285,643,821,1411,276,461,123,561,476,102,274,556,329,96,403,164,435,448,313,523,191,346
346,228,115,54,313,72,286,85,91,115,230,339,544,197,159,170,213,527,297,40,169,306,101,113,182,71,188,126,141,371,467,823,165,291,80,320,286,41,148,301,181,70,225,110,240,276,194,346,126,183
203,166,74,29,214,47,191,70,71,83,151,244,371,113,115,137,136,372,202,22,113,210,113,31,122,42,111,94,103,252,315,513,101,214,59,189,198,25,122,187,130,49,155,70,143,165,130,197,71,136
386,265,117,58,363,59,331,102,108,144,257,361,565,204,164,173,240,597,321,43,153,338,182,122,93,79,177,135,167,427,497,944,182,303,89,348,304,43,181,353,190,59,229,125,240,296,187,351,122,248
156,108,47,26,126,33,125,38,35,51,106,146,226,85,68,78,83,241,116,16,61,102,71,42,79,11,65,62,58,150,193,365,72,141,37,118,123,15,75,127,78,27,97,46,86,108,76,147,50,106
381,268,130,72,360,78,330,100,120,138,265,372,633,193,171,189,238,672,334,37,167,305,188,111,177,65,110,148,151,422,496,970,182,351,83,322,323,44,195,316,205,73,257,133,249,289,194,362,118,239
286,200,81,47,255,55,233,69,69,100,203,232,401,146,119,120,153,444,253,23,129,213,126,94,135,62,148,56,106,279,342,680,135,211,60,253,203,41,129,253,166,53,191,99,172,212,137,266,90,170
308,203,98,52,249,73,249,81,71,125,205,281,458,154,122,136,162,479,235,36,154,285,141,103,167,58,151,106,57,316,400,709,146,267,63,251,228,37,138,229,167,46,180,91,189,228,169,262,101,179
596,524,248,97,653,139,602,206,203,241,548,678,1144,411,310,342,447,1104,633,82,332,643,371,252,427,150,422,279,316,370,901,1779,340,546,142,654,565,112,338,661,428,139,474,248,498,596,417,617,248,412
687,632,282,115,796,147,676,203,247,296,650,815,1371,519,368,405,551,1364,810,112,422,821,467,315,497,193,496,342,400,901,561,2054,412,731,167,828,722,138,365,803,500,144,607,291,603,696,466,753,291,493
1159,1272,589,218,1370,313,1314,380,452,547,1155,1549,2463,955,752,811,1022,2499,1481,192,780,1411,823,513,944,365,970,680,709,1779,2054,1893,699,1297,315,1511,1291,235,669,1556,948,308,1056,534,1145,1278,903,1366,460,935
234,238,92,40,283,58,271,79,83,90,211,282,465,172,123,141,188,445,254,31,146,276,165,101,182,72,182,135,146,340,412,699,67,260,64,315,262,53,119,289,180,46,196,107,212,265,159,275,98,190
488,395,187,86,483,101,436,131,140,191,431,526,859,307,238,238,341,853,458,63,239,461,291,214,303,141,351,211,267,546,731,1297,260,212,111,499,430,88,250,518,291,92,362,161,391,441,310,463,157,327
96,99,50,27,118,26,132,35,41,60,105,116,195,80,65,70,84,192,108,17,64,123,80,59,89,37,83,60,63,142,167,315,64,111,10,136,118,22,63,131,60,17,67,38,99,101,77,125,37,80
483,498,215,94,547,126,520,145,155,190,453,580,1005,342,270,294,369,956,539,59,250,561,320,189,348,118,322,253,251,654,828,1511,315,499,136,271,505,96,264,573,360,88,449,197,430,523,336,590,229,356
497,390,169,64,449,97,435,152,141,199,417,554,843,339,267,281,343,890,477,59,240,476,286,198,304,123,323,203,228,565,722,1291,262,430,118,505,209,77,237,490,311,80,362,166,383,450,305,483,182,317
106,75,32,21,70,22,91,14,35,32,64,104,149,56,44,46,62,160,101,10,51,102,41,25,43,15,44,41,37,112,138,235,53,88,22,96,77,9,40,83,58,13,80,38,54,83,53,81,30,59
246,227,107,38,276,64,243,70,81,98,210,280,487,164,151,128,192,447,246,28,140,274,148,122,181,75,195,129,138,338,365,669,119,250,63,264,237,40,67,276,186,51,210,87,201,228,154,275,91,154
460,437,206,73,571,113,495,174,169,224,461,623,960,345,282,344,376,1024,542,66,320,556,301,187,353,127,316,253,229,661,803,1556,289,518,131,573,490,83,276,270,349,111,395,218,435,515,343,531,205,362
315,277,129,45,338,75,304,104,113,143,284,358,589,207,182,199,256,604,357,47,190,329,181,130,190,78,205,166,167,428,500,948,180,291,60,360,311,58,186,349,106,64,256,126,244,278,180,334,120,241
118,89,40,15,102,22,98,33,23,40,89,105,194,87,49,65,71,190,92,14,57,96,70,49,59,27,73,53,46,139,144,308,46,92,17,88,80,13,51,111,64,8,79,37,72,89,54,110,29,58
380,340,183,60,436,74,366,126,131,156,320,459,676,238,186,209,286,631,374,52,221,403,225,155,229,97,257,191,180,474,607,1056,196,362,67,449,362,80,210,395,256,79,134,156,315,361,228,395,125,221
176,149,65,25,189,43,172,53,62,81,171,196,327,114,109,113,146,330,170,15,110,164,110,70,125,46,133,99,91,248,291,534,107,161,38,197,166,38,87,218,126,37,156,31,127,188,104,190,63,129
436,321,138,72,421,97,379,115,115,179,311,467,717,273,233,254,312,727,425,50,223,435,240,143,240,86,249,172,189,498,603,1145,212,391,99,430,383,54,201,435,244,72,315,127,160,381,274,418,155,297
444,396,179,81,459,91,439,134,150,172,371,541,844,295,234,263,299,843,480,65,241,448,276,165,296,108,289,212,228,596,696,1278,265,441,101,523,450,83,228,515,278,89,361,188,381,222,306,470,198,276
318,220,122,52,339,89,335,95,101,119,255,340,603,209,174,174,228,574,322,37,167,313,194,130,187,76,194,137,169,417,466,903,159,310,77,336,305,53,154,343,180,54,228,104,274,306,104,339,111,215
477,419,233,79,537,110,465,182,169,209,444,557,904,340,285,296,378,904,539,65,290,523,346,197,351,147,362,266,262,617,753,1366,275,463,125,590,483,81,275,531,334,110,395,190,418,470,339,257,191,329
166,160,68,23,201,37,181,50,67,60,151,203,317,128,102,113,127,302,184,26,109,191,126,71,122,50,118,90,101,248,291,460,98,157,37,229,182,30,91,205,120,29,125,63,155,198,111,191,28,133
361,280,142,66,337,83,307,105,106,140,272,376,623,238,199,192,220,602,334,47,170,346,183,136,248,106,239,170,179,412,493,935,190,327,80,356,317,59,154,362,241,58,221,129,297,276,215,329,133,105
