260,475,208,96,454,106,458,187,168,225,439,511,771,373,312,336,362,858,501,84,334,471,372,181,357,139,369,281,311,642,702,1172,253,478,107,534,492,97,234,467,304,99,372,189,447,441,328,487,178,380
475,154,153,69,441,95,416,119,140,190,389,480,747,281,233,239,343,765,452,43,232,450,240,163,257,107,266,194,207,524,684,1229,269,408,90,482,396,81,210,457,288,92,335,185,335,414,251,441,144,276
208,153,40,25,168,38,198,53,64,88,177,242,378,130,97,112,131,389,204,16,109,201,118,83,124,53,132,90,95,220,290,567,106,180,39,211,184,25,106,220,143,43,155,69,178,178,124,213,71,145
96,69,25,7,107,21,78,26,43,34,71,88,153,56,56,54,60,150,104,9,54,94,49,37,64,15,58,38,35,100,123,198,45,70,16,90,76,15,33,98,66,19,54,32,65,69,48,68,40,52
454,441,168,107,250,116,532,143,152,227,439,570,939,352,266,286,354,936,505,64,267,492,284,197,314,116,336,213,238,621,786,1455,272,479,134,583,489,77,233,558,354,117,368,190,387,490,309,532,182,333
106,95,38,21,116,13,96,41,35,51,96,119,197,68,64,79,76,207,120,11,71,112,57,39,90,21,78,63,60,136,151,277,60,88,28,130,108,17,64,112,71,19,80,46,84,85,69,108,49,73
458,416,198,78,532,96,210,152,148,182,425,583,857,306,264,308,351,874,506,67,269,472,291,182,328,119,300,238,204,602,745,1363,277,427,99,536,425,91,251,538,340,85,354,182,341,423,286,481,186,320
187,119,53,26,143,41,152,27,40,67,149,174,259,107,75,76,102,296,164,14,93,161,87,48,88,40,98,53,83,192,238,408,79,138,22,153,138,22,73,168,85,28,110,56,129,149,86,176,58,124
168,140,64,43,152,35,148,40,31,66,144,172,292,113,80,88,103,293,179,17,84,143,90,67,109,43,105,79,80,191,239,492,92,152,44,178,150,30,71,169,104,27,129,48,119,144,86,188,65,103
225,190,88,34,227,51,182,67,66,54,179,253,392,141,116,132,152,358,234,28,110,212,128,106,139,57,155,101,115,256,303,577,117,198,44,198,201,33,97,221,137,37,156,85,176,201,154,207,90,135
439,389,177,71,439,96,425,149,144,179,198,480,794,298,231,246,311,774,436,53,237,423,251,170,284,111,301,216,224,536,634,1188,230,399,93,470,375,62,230,429,273,95,332,156,353,403,288,467,165,300
511,480,242,88,570,119,583,174,172,253,480,321,1049,383,282,318,402,1050,563,74,301,587,311,230,366,147,377,233,249,768,879,1537,313,515,119,631,565,101,275,633,374,106,416,243,453,532,356,603,224,401
771,747,378,153,939,197,857,259,292,392,794,1049,810,594,441,515,617,1488,900,107,511,925,505,348,570,229,619,449,452,1110,1314,2382,471,854,203,979,866,186,413,924,582,187,707,334,709,843,603,923,323,567
373,281,130,56,352,68,306,107,113,141,298,383,594,110,178,214,233,606,321,39,180,314,202,142,229,82,213,141,138,389,536,928,189,278,85,322,291,49,155,331,216,71,269,123,269,319,238,339,132,244
312,233,97,56,266,64,264,75,80,116,231,282,441,178,73,142,194,481,277,29,142,268,182,116,175,74,190,132,156,321,394,726,129,247,57,235,259,38,138,267,167,51,218,82,218,234,161,269,101,165
336,239,112,54,286,79,308,76,88,132,246,318,515,214,142,85,211,540,273,29,149,308,161,140,189,86,219,128,136,343,494,791,151,261,68,275,270,42,127,293,176,57,238,91,224,267,157,295,96,180
362,343,131,60,354,76,351,102,103,152,311,402,617,233,194,211,108,625,409,48,194,385,219,148,242,96,226,151,165,507,562,985,195,322,86,350,321,75,161,384,241,85,295,139,314,366,216,399,140,240
858,765,389,150,936,207,874,296,293,358,774,1050,1488,606,481,540,625,821,905,112,512,934,516,352,602,225,590,465,463,1109,1379,2490,466,865,203,1027,859,166,444,964,608,186,693,349,732,843,614,914,310,574
501,452,204,104,505,120,506,164,179,234,436,563,900,321,277,273,409,905,263,63,254,474,283,203,345,124,342,242,262,632,753,1458,265,457,122,536,488,103,240,556,301,100,379,188,399,494,299,518,196,362
84,43,16,9,64,11,67,14,17,28,53,74,107,39,29,29,48,112,63,5,26,55,33,21,32,15,41,28,30,73,95,180,29,60,15,70,68,16,31,76,42,8,52,26,44,69,33,63,23,51
334,232,109,54,267,71,269,93,84,110,237,301,511,180,142,149,194,512,254,26,69,272,184,109,191,63,172,129,141,330,399,776,153,266,57,274,261,45,138,320,180,54,219,95,214,286,189,295,100,190
471,450,201,94,492,112,472,161,143,212,423,587,925,314,268,308,385,934,474,55,272,261,300,208,328,138,367,251,252,685,790,1461,273,457,126,504,481,101,197,553,358,89,399,195,387,531,331,524,179,331
372,240,118,49,284,57,291,87,90,128,251,311,505,202,182,161,219,516,283,33,184,300,102,114,222,71,183,175,144,351,423,817,161,322,68,284,266,50,133,319,201,60,216,79,254,255,185,340,129,200
181,163,83,37,197,39,182,48,67,106,170,230,348,142,116,140,148,352,203,21,109,208,114,47,116,57,132,92,102,237,328,558,106,172,36,235,175,24,100,205,139,31,149,76,161,197,115,213,59,125
357,257,124,64,314,90,328,88,109,139,284,366,570,229,175,189,242,602,345,32,191,328,222,116,117,87,244,158,169,414,490,966,167,334,69,340,301,52,155,368,214,73,238,123,255,317,208,333,138,214
139,107,53,15,116,21,119,40,43,57,111,147,229,82,74,86,96,225,124,15,63,138,71,57,87,21,67,76,66,126,200,373,71,116,29,140,125,15,78,122,79,28,121,47,123,123,73,144,49,96
369,266,132,58,336,78,300,98,105,155,301,377,619,213,190,219,226,590,342,41,172,367,183,132,244,67,114,150,176,411,523,992,194,325,79,347,315,58,171,352,225,69,319,114,273,342,205,365,107,225
281,194,90,38,213,63,238,53,79,101,216,233,449,141,132,128,151,465,242,28,129,251,175,92,158,76,150,42,132,281,357,646,127,207,50,234,218,36,101,254,177,50,196,104,197,220,148,257,90,153
311,207,95,35,238,60,204,83,80,115,224,249,452,138,156,136,165,463,262,30,141,252,144,102,169,66,176,132,71,311,357,737,140,249,57,226,242,35,118,262,180,57,215,87,198,241,145,245,104,168
642,524,220,100,621,136,602,192,191,256,536,768,1110,389,321,343,507,1109,632,73,330,685,351,237,414,126,411,281,311,425,964,1844,377,629,149,699,569,102,325,702,463,106,460,255,496,584,385,673,238,405
702,684,290,123,786,151,745,238,239,303,634,879,1314,536,394,494,562,1379,753,95,399,790,423,328,490,200,523,357,357,964,584,2152,389,706,187,801,717,150,399,874,504,155,606,302,607,761,437,784,289,519
1172,1229,567,198,1455,277,1363,408,492,577,1188,1537,2382,928,726,791,985,2490,1458,180,776,1461,817,558,966,373,992,646,737,1844,2152,1950,713,1300,304,1529,1270,279,659,1512,907,291,1018,547,1108,1322,969,1466,488,970
253,269,106,45,272,60,277,79,92,117,230,313,471,189,129,151,195,466,265,29,153,273,161,106,167,71,194,127,140,377,389,713,59,282,74,282,268,48,132,267,176,70,179,100,219,259,177,267,101,180
478,408,180,70,479,88,427,138,152,198,399,515,854,278,247,261,322,865,457,60,266,457,322,172,334,116,325,207,249,629,706,1300,282,209,105,472,412,87,238,510,323,85,358,168,374,422,302,489,192,319
107,90,39,16,134,28,99,22,44,44,93,119,203,85,57,68,86,203,122,15,57,126,68,36,69,29,79,50,57,149,187,304,74,105,10,127,95,12,58,132,77,20,100,40,86,106,73,126,33,70
534,482,211,90,583,130,536,153,178,198,470,631,979,322,235,275,350,1027,536,70,274,504,284,235,340,140,347,234,226,699,801,1529,282,472,127,282,460,79,244,588,347,105,458,195,412,503,286,575,197,380
492,396,184,76,489,108,425,138,150,201,375,565,866,291,259,270,321,859,488,68,261,481,266,175,301,125,315,218,242,569,717,1270,268,412,95,460,230,61,205,511,316,82,353,192,354,388,289,464,186,322
97,81,25,15,77,17,91,22,30,33,62,101,186,49,38,42,75,166,103,16,45,101,50,24,52,15,58,36,35,102,150,279,48,87,12,79,61,3,40,86,50,22,82,24,65,81,50,94,27,63
234,210,106,33,233,64,251,73,71,97,230,275,413,155,138,127,161,444,240,31,138,197,133,100,155,78,171,101,118,325,399,659,132,238,58,244,205,40,54,274,152,55,169,102,206,246,141,266,85,170
467,457,220,98,558,112,538,168,169,221,429,633,924,331,267,293,384,964,556,76,320,553,319,205,368,122,352,254,262,702,874,1512,267,510,132,588,511,86,274,288,373,111,414,209,434,505,368,553,212,344
304,288,143,66,354,71,340,85,104,137,273,374,582,216,167,176,241,608,301,42,180,358,201,139,214,79,225,177,180,463,504,907,176,323,77,347,316,50,152,373,115,68,230,127,263,328,207,341,133,225
99,92,43,19,117,19,85,28,27,37,95,106,187,71,51,57,85,186,100,8,54,89,60,31,73,28,69,50,57,106,155,291,70,85,20,105,82,22,55,111,68,9,82,27,70,96,70,102,34,67
372,335,155,54,368,80,354,110,129,156,332,416,707,269,218,238,295,693,379,52,219,399,216,149,238,121,319,196,215,460,606,1018,179,358,100,458,353,82,169,414,230,82,149,157,286,323,229,373,135,267
189,185,69,32,190,46,182,56,48,85,156,243,334,123,82,91,139,349,188,26,95,195,79,76,123,47,114,104,87,255,302,547,100,168,40,195,192,24,102,209,127,27,157,38,151,143,119,204,71,119
447,335,178,65,387,84,341,129,119,176,353,453,709,269,218,224,314,732,399,44,214,387,254,161,255,123,273,197,198,496,607,1108,219,374,86,412,354,65,206,434,263,70,286,151,149,368,260,393,157,259
441,414,178,69,490,85,423,149,144,201,403,532,843,319,234,267,366,843,494,69,286,531,255,197,317,123,342,220,241,584,761,1322,259,422,106,503,388,81,246,505,328,96,323,143,368,239,299,467,165,318
328,251,124,48,309,69,286,86,86,154,288,356,603,238,161,157,216,614,299,33,189,331,185,115,208,73,205,148,145,385,437,969,177,302,73,286,289,50,141,368,207,70,229,119,260,299,106,325,145,186
487,441,213,68,532,108,481,176,188,207,467,603,923,339,269,295,399,914,518,63,295,524,340,213,333,144,365,257,245,673,784,1466,267,489,126,575,464,94,266,553,341,102,373,204,393,467,325,266,204,355
178,144,71,40,182,49,186,58,65,90,165,224,323,132,101,96,140,310,196,23,100,179,129,59,138,49,107,90,104,238,289,488,101,192,33,197,186,27,85,212,133,34,135,71,157,165,145,204,29,133
380,276,145,52,333,73,320,124,103,135,300,401,567,244,165,180,240,574,362,51,190,331,200,125,214,96,225,153,168,405,519,970,180,319,70,380,322,63,170,344,225,67,267,119,259,318,186,355,133,113
