261,434,223,83,477,100,452,161,174,250,420,507,799,353,344,357,375,809,545,56,318,519,332,230,368,157,368,281,283,526,691,1224,226,497,123,482,492,70,263,449,301,105,388,197,427,426,326,525,163,369
434,193,138,66,439,86,412,123,134,152,355,459,798,284,236,249,330,827,425,58,237,426,268,185,270,103,298,206,217,541,678,1256,246,421,87,454,378,66,222,505,247,101,305,137,333,392,284,461,162,296
223,138,23,25,193,43,185,53,61,65,148,217,392,124,104,98,146,379,188,24,90,189,140,94,115,59,135,97,86,267,318,570,123,185,43,201,188,30,86,206,121,33,152,76,159,175,106,214,90,133
83,66,25,9,83,17,71,32,27,31,56,101,130,52,49,51,52,137,89,14,50,78,55,29,56,25,54,38,44,113,124,193,40,87,24,90,87,21,38,74,54,14,55,34,61,75,58,82,39,53
477,439,193,83,258,101,488,162,177,198,403,535,885,347,253,303,364,891,531,49,279,529,286,210,326,122,325,256,222,651,786,1434,289,478,99,555,463,89,226,546,359,99,365,207,382,496,296,535,171,347
100,86,43,17,101,12,101,35,33,53,91,138,184,74,67,69,74,194,92,22,69,112,70,36,90,38,75,58,49,157,172,268,60,119,30,136,114,26,61,103,80,22,74,38,98,129,81,104,51,74
452,412,185,71,488,101,232,145,155,200,410,536,834,290,258,287,354,922,515,61,293,500,289,188,305,115,340,226,258,620,712,1284,254,458,109,511,471,89,258,513,334,104,379,206,397,468,310,468,174,323
161,123,53,32,162,35,145,23,51,64,153,161,265,95,66,74,91,264,160,22,83,174,93,58,86,39,107,64,73,206,243,454,84,138,32,146,151,25,74,168,82,31,131,62,118,131,96,166,64,100
174,134,61,27,177,33,155,51,25,71,131,186,284,102,97,89,123,276,190,19,85,175,93,62,110,32,94,71,79,209,255,473,97,169,43,178,168,19,86,167,103,36,137,58,131,143,107,180,66,108
250,152,65,31,198,53,200,64,71,44,153,237,381,141,108,109,152,380,203,21,121,208,130,76,120,49,127,91,99,258,306,560,112,195,46,232,225,24,101,220,144,36,169,83,150,189,122,212,74,134
420,355,148,56,403,91,410,153,131,153,161,458,786,281,234,241,292,778,462,52,234,459,267,179,262,95,278,221,225,553,619,1134,221,406,88,447,388,67,211,425,277,93,314,170,327,390,264,462,152,275
507,459,217,101,535,138,536,161,186,237,458,310,1021,342,269,308,366,1007,572,78,303,553,303,204,343,157,385,253,283,711,828,1528,277,528,131,568,505,78,289,603,379,115,427,182,400,512,330,608,197,339
799,798,392,130,885,184,834,265,284,381,786,1021,741,593,469,511,645,1408,911,115,509,964,552,368,617,246,605,432,450,1067,1349,2346,443,817,208,938,801,143,406,970,624,183,646,337,694,803,544,903,328,576
353,284,124,52,347,74,290,95,102,141,281,342,593,85,175,186,251,611,331,44,179,313,196,133,227,67,224,147,161,436,480,862,159,314,67,324,304,51,154,345,210,85,265,128,255,309,202,330,106,230
344,236,104,49,253,67,258,66,97,108,234,269,469,175,88,149,174,504,262,25,126,260,172,105,180,73,156,132,126,304,386,747,158,218,56,246,258,41,124,290,157,59,202,110,230,236,164,283,112,191
357,249,98,51,303,69,287,74,89,109,241,308,511,186,149,82,206,540,285,42,142,282,170,107,171,69,177,127,120,323,434,825,169,251,55,273,249,37,146,337,182,56,214,126,215,258,179,313,121,194
375,330,146,52,364,74,354,91,123,152,292,366,645,251,174,206,133,684,361,40,206,339,215,130,226,79,254,155,178,485,522,1053,207,287,73,370,292,42,172,378,209,74,312,144,284,348,222,385,118,240
809,827,379,137,891,194,922,264,276,380,778,1007,1408,611,504,540,684,761,935,113,476,948,546,372,614,257,615,417,412,1140,1370,2307,458,825,221,956,833,143,424,965,629,201,671,343,722,810,552,893,335,613
545,425,188,89,531,92,515,160,190,203,462,572,911,331,262,285,361,935,245,76,299,451,321,204,335,125,346,240,260,656,769,1465,288,474,103,540,460,90,247,531,310,96,401,199,431,471,335,532,209,340
56,58,24,14,49,22,61,22,19,21,52,78,115,44,25,42,40,113,76,4,26,63,29,18,41,15,44,31,28,78,100,199,38,67,14,61,65,13,31,67,37,15,52,40,47,45,44,65,25,35
318,237,90,50,279,69,293,83,85,121,234,303,509,179,126,142,206,476,299,26,71,292,162,106,188,75,190,109,134,372,445,807,159,250,52,287,252,52,134,321,183,49,225,89,197,263,164,334,102,193
519,426,189,78,529,112,500,174,175,208,459,553,964,313,260,282,339,948,451,63,292,220,306,197,336,123,371,244,285,674,740,1393,262,520,107,574,474,85,249,558,304,114,409,195,415,463,310,536,206,362
332,268,140,55,286,70,289,93,93,130,267,303,552,196,172,170,215,546,321,29,162,306,108,126,208,71,217,156,136,372,475,829,179,276,58,291,268,50,141,298,194,57,221,108,225,288,172,329,103,207
230,185,94,29,210,36,188,58,62,76,179,204,368,133,105,107,130,372,204,18,106,197,126,47,136,58,146,109,121,256,317,552,107,195,41,217,172,30,99,225,136,48,152,73,153,186,131,206,63,121
368,270,115,56,326,90,305,86,110,120,262,343,617,227,180,171,226,614,335,41,188,336,208,136,108,69,208,156,181,415,514,958,184,305,84,328,327,59,170,353,186,69,258,122,228,317,219,326,139,233
157,103,59,25,122,38,115,39,32,49,95,157,246,67,73,69,79,257,125,15,75,123,71,58,69,19,71,64,59,169,186,352,63,105,31,135,116,18,75,131,85,30,103,58,77,104,81,136,50,100
368,298,135,54,325,75,340,107,94,127,278,385,605,224,156,177,254,615,346,44,190,371,217,146,208,71,116,143,166,452,541,958,196,307,68,332,317,62,193,373,208,80,265,135,253,314,211,352,134,241
281,206,97,38,256,58,226,64,71,91,221,253,432,147,132,127,155,417,240,31,109,244,156,109,156,64,143,54,102,275,356,715,136,218,70,232,194,37,117,265,170,42,178,84,209,222,147,229,96,164
283,217,86,44,222,49,258,73,79,99,225,283,450,161,126,120,178,412,260,28,134,285,136,121,181,59,166,102,56,320,392,654,132,224,58,239,265,42,111,267,161,53,191,92,207,226,137,251,112,186
526,541,267,113,651,157,620,206,209,258,553,711,1067,436,304,323,485,1140,656,78,372,674,372,256,415,169,452,275,320,368,935,1745,363,611,149,685,586,85,304,707,431,152,453,243,496,593,389,665,250,426
691,678,318,124,786,172,712,243,255,306,619,828,1349,480,386,434,522,1370,769,100,445,740,475,317,514,186,541,356,392,935,587,2035,409,710,165,799,674,116,353,834,503,158,589,296,592,699,471,766,300,465
1224,1256,570,193,1434,268,1284,454,473,560,1134,1528,2346,862,747,825,1053,2307,1465,199,807,1393,829,552,958,352,958,715,654,1745,2035,1837,656,1311,306,1489,1248,236,683,1442,949,313,993,546,1080,1236,929,1417,502,947
226,246,123,40,289,60,254,84,97,112,221,277,443,159,158,169,207,458,288,38,159,262,179,107,184,63,196,136,132,363,409,656,62,251,64,283,252,52,123,287,184,55,185,107,211,249,156,279,98,186
497,421,185,87,478,119,458,138,169,195,406,528,817,314,218,251,287,825,474,67,250,520,276,195,305,105,307,218,224,611,710,1311,251,245,113,474,439,76,223,518,338,85,338,176,362,445,284,482,205,308
123,87,43,24,99,30,109,32,43,46,88,131,208,67,56,55,73,221,103,14,52,107,58,41,84,31,68,70,58,149,165,306,64,113,14,130,120,20,58,114,73,21,93,38,96,90,77,110,45,71
482,454,201,90,555,136,511,146,178,232,447,568,938,324,246,273,370,956,540,61,287,574,291,217,328,135,332,232,239,685,799,1489,283,474,130,276,524,84,270,537,357,106,430,204,404,505,313,577,202,367
492,378,188,87,463,114,471,151,168,225,388,505,801,304,258,249,292,833,460,65,252,474,268,172,327,116,317,194,265,586,674,1248,252,439,120,524,227,82,238,477,312,106,330,196,400,415,313,482,201,314
70,66,30,21,89,26,89,25,19,24,67,78,143,51,41,37,42,143,90,13,52,85,50,30,59,18,62,37,42,85,116,236,52,76,20,84,82,4,35,80,51,18,58,24,64,84,49,74,35,56
263,222,86,38,226,61,258,74,86,101,211,289,406,154,124,146,172,424,247,31,134,249,141,99,170,75,193,117,111,304,353,683,123,223,58,270,238,35,59,258,145,56,202,88,210,232,160,258,95,177
449,505,206,74,546,103,513,168,167,220,425,603,970,345,290,337,378,965,531,67,321,558,298,225,353,131,373,265,267,707,834,1442,287,518,114,537,477,80,258,326,363,105,425,205,411,519,328,526,201,355
301,247,121,54,359,80,334,82,103,144,277,379,624,210,157,182,209,629,310,37,183,304,194,136,186,85,208,170,161,431,503,949,184,338,73,357,312,51,145,363,113,52,252,108,253,326,213,329,119,227
105,101,33,14,99,22,104,31,36,36,93,115,183,85,59,56,74,201,96,15,49,114,57,48,69,30,80,42,53,152,158,313,55,85,21,106,106,18,56,105,52,11,89,37,84,98,67,123,47,72
388,305,152,55,365,74,379,131,137,169,314,427,646,265,202,214,312,671,401,52,225,409,221,152,258,103,265,178,191,453,589,993,185,338,93,430,330,58,202,425,252,89,126,148,333,346,247,398,129,289
197,137,76,34,207,38,206,62,58,83,170,182,337,128,110,126,144,343,199,40,89,195,108,73,122,58,135,84,92,243,296,546,107,176,38,204,196,24,88,205,108,37,148,39,150,192,130,216,82,119
427,333,159,61,382,98,397,118,131,150,327,400,694,255,230,215,284,722,431,47,197,415,225,153,228,77,253,209,207,496,592,1080,211,362,96,404,400,64,210,411,253,84,333,150,157,376,239,409,150,274
426,392,175,75,496,129,468,131,143,189,390,512,803,309,236,258,348,810,471,45,263,463,288,186,317,104,314,222,226,593,699,1236,249,445,90,505,415,84,232,519,326,98,346,192,376,217,330,448,171,298
326,284,106,58,296,81,310,96,107,122,264,330,544,202,164,179,222,552,335,44,164,310,172,131,219,81,211,147,137,389,471,929,156,284,77,313,313,49,160,328,213,67,247,130,239,330,104,337,107,202
525,461,214,82,535,104,468,166,180,212,462,608,903,330,283,313,385,893,532,65,334,536,329,206,326,136,352,229,251,665,766,1417,279,482,110,577,482,74,258,526,329,123,398,216,409,448,337,280,204,378
163,162,90,39,171,51,174,64,66,74,152,197,328,106,112,121,118,335,209,25,102,206,103,63,139,50,134,96,112,250,300,502,98,205,45,202,201,35,95,201,119,47,129,82,150,171,107,204,31,124
369,296,133,53,347,74,323,100,108,134,275,339,576,230,191,194,240,613,340,35,193,362,207,121,233,100,241,164,186,426,465,947,186,308,71,367,314,56,177,355,227,72,289,119,274,298,202,378,124,132
