257,475,238,72,462,107,476,191,198,265,438,568,829,365,336,352,346,817,495,69,332,492,379,220,369,163,385,274,320,624,735,1230,244,484,110,518,498,76,264,485,341,118,357,164,456,463,313,479,181,384
475,179,168,69,462,87,409,130,134,193,366,526,800,256,206,247,307,776,423,63,259,433,248,163,272,116,295,197,207,567,633,1234,264,409,113,434,429,78,218,475,256,85,361,155,304,383,279,490,170,293
238,168,44,40,184,54,211,51,61,93,184,220,339,142,92,103,132,333,206,22,86,197,102,88,122,65,125,83,105,239,316,539,104,194,41,196,177,29,96,251,135,35,150,66,152,201,116,218,85,125
72,69,40,4,90,15,67,34,29,39,66,80,155,61,46,50,63,157,73,13,54,84,64,25,64,20,50,47,51,114,122,210,45,78,28,77,63,18,50,94,49,15,57,41,71,80,79,67,35,63
462,462,184,90,277,133,510,152,182,225,442,588,956,306,270,303,340,897,479,62,290,501,300,202,346,113,361,252,274,663,769,1471,290,475,112,556,504,95,250,554,348,111,406,199,406,443,337,519,203,377
107,87,54,15,133,13,103,37,40,53,75,118,192,78,59,74,64,209,100,22,75,108,63,43,85,24,74,60,56,160,172,285,44,103,31,131,101,22,58,130,75,25,82,52,92,99,77,95,38,78
476,409,211,67,510,103,242,140,163,195,402,540,863,313,273,310,353,894,456,52,270,478,289,186,337,138,338,213,249,689,703,1269,259,460,122,498,430,91,240,492,321,94,381,176,351,436,284,508,184,304
191,130,51,34,152,37,140,22,65,71,138,170,275,93,81,70,105,266,145,17,74,151,85,59,89,36,108,64,91,172,213,384,77,140,28,165,142,24,75,136,89,29,120,62,125,132,74,134,58,99
198,134,61,29,182,40,163,65,24,78,147,193,329,116,92,106,138,320,165,18,83,152,90,76,105,47,124,74,84,207,235,488,101,149,41,194,147,31,93,201,107,36,123,63,146,167,96,167,66,116
265,193,93,39,225,53,195,71,78,50,173,242,375,132,121,134,161,357,221,25,117,196,125,68,142,42,129,106,94,279,329,505,122,179,58,239,211,33,119,223,124,49,145,78,153,182,134,212,75,137
438,366,184,66,442,75,402,138,147,173,183,520,775,268,234,258,310,745,438,57,232,418,252,157,285,107,289,213,207,555,671,1084,230,381,94,472,426,78,213,463,295,86,343,167,322,393,263,465,153,303
568,526,220,80,588,118,540,170,193,242,520,288,1033,327,313,317,413,1066,600,64,298,575,334,216,367,132,367,258,240,717,824,1598,325,543,116,619,480,110,243,644,390,116,453,220,441,510,355,590,204,400
829,800,339,155,956,192,863,275,329,375,775,1033,806,605,439,504,649,1486,910,135,482,952,520,378,593,202,605,426,474,1161,1377,2540,485,856,228,941,821,157,468,1007,631,195,679,336,718,829,599,922,320,640
365,256,142,61,306,78,313,93,116,132,268,327,605,92,189,198,237,589,333,30,189,306,201,110,213,78,211,146,152,380,499,936,203,300,76,343,297,63,150,301,202,68,280,128,231,285,203,330,130,223
336,206,92,46,270,59,273,81,92,121,234,313,439,189,64,133,213,458,279,37,128,282,174,89,164,78,168,110,131,329,415,742,141,252,48,294,235,39,124,293,166,55,217,96,208,231,171,305,97,190
352,247,103,50,303,74,310,70,106,134,258,317,504,198,133,81,225,532,319,39,168,320,178,93,197,80,185,105,135,344,433,802,144,294,74,289,277,53,137,298,183,56,235,86,220,266,194,299,113,205
346,307,132,63,340,64,353,105,138,161,310,413,649,237,213,225,133,654,361,46,210,324,236,134,225,84,222,160,198,469,503,1019,180,329,86,360,332,61,152,397,242,77,271,155,285,353,210,344,139,245
817,776,333,157,897,209,894,266,320,357,745,1066,1486,589,458,532,654,808,889,122,482,914,522,370,619,214,612,405,444,1126,1379,2510,500,834,205,940,857,146,434,999,612,200,716,337,742,844,603,948,328,611
495,423,206,73,479,100,456,145,165,221,438,600,910,333,279,319,361,889,251,56,299,478,314,189,310,134,347,245,270,639,799,1396,278,473,119,527,488,96,239,589,326,79,386,184,397,488,318,538,195,347
69,63,22,13,62,22,52,17,18,25,57,64,135,30,37,39,46,122,56,5,31,59,35,16,35,14,44,25,27,67,102,208,38,70,13,63,51,9,23,62,32,11,61,26,47,62,27,67,21,40
332,259,86,54,290,75,270,74,83,117,232,298,482,189,128,168,210,482,299,31,77,322,160,122,171,56,170,106,125,334,422,784,139,255,74,290,302,46,132,291,169,58,229,102,222,234,180,305,139,176
492,433,197,84,501,108,478,151,152,196,418,575,952,306,282,320,324,914,478,59,322,258,313,192,306,136,355,270,274,663,788,1417,280,490,119,579,469,103,238,553,348,111,385,190,409,500,304,557,198,344
379,248,102,64,300,63,289,85,90,125,252,334,520,201,174,178,236,522,314,35,160,313,93,104,182,69,184,154,156,388,444,819,162,296,68,319,277,51,134,315,189,60,233,103,206,263,189,321,115,216
220,163,88,25,202,43,186,59,76,68,157,216,378,110,89,93,134,370,189,16,122,192,104,31,136,51,135,86,98,266,298,541,117,186,51,212,177,36,90,202,124,50,161,80,133,181,117,226,71,122
369,272,122,64,346,85,337,89,105,142,285,367,593,213,164,197,225,619,310,35,171,306,182,136,76,70,187,148,147,427,477,893,177,339,86,309,351,66,156,330,197,70,280,122,224,320,188,369,118,219
163,116,65,20,113,24,138,36,47,42,107,132,202,78,78,80,84,214,134,14,56,136,69,51,70,15,71,55,70,160,209,360,69,110,26,109,125,21,47,144,81,18,117,51,100,114,78,157,43,80
385,295,125,50,361,74,338,108,124,129,289,367,605,211,168,185,222,612,347,44,170,355,184,135,187,71,116,141,162,416,509,968,184,306,90,350,312,55,167,361,201,80,305,127,250,335,226,415,128,242
274,197,83,47,252,60,213,64,74,106,213,258,426,146,110,105,160,405,245,25,106,270,154,86,148,55,141,51,108,277,339,674,132,223,45,209,244,31,118,232,158,46,187,77,178,220,150,230,85,147
320,207,105,51,274,56,249,91,84,94,207,240,474,152,131,135,198,444,270,27,125,274,156,98,147,70,162,108,66,319,412,731,139,225,55,240,228,37,126,288,151,53,193,97,183,257,138,255,94,187
624,567,239,114,663,160,689,172,207,279,555,717,1161,380,329,344,469,1126,639,67,334,663,388,266,427,160,416,277,319,416,971,1824,371,574,136,646,613,93,327,714,428,143,480,217,498,613,426,701,251,449
735,633,316,122,769,172,703,213,235,329,671,824,1377,499,415,433,503,1379,799,102,422,788,444,298,477,209,509,339,412,971,574,2145,424,679,166,848,698,134,335,807,480,174,576,251,597,784,480,785,287,526
1230,1234,539,210,1471,285,1269,384,488,505,1084,1598,2540,936,742,802,1019,2510,1396,208,784,1417,819,541,893,360,968,674,731,1824,2145,1956,734,1315,310,1601,1266,239,675,1474,912,309,1086,525,1167,1318,920,1440,512,952
244,264,104,45,290,44,259,77,101,122,230,325,485,203,141,144,180,500,278,38,139,280,162,117,177,69,184,132,139,371,424,734,76,258,59,318,240,37,137,322,185,48,223,99,213,257,168,289,103,197
484,409,194,78,475,103,460,140,149,179,381,543,856,300,252,294,329,834,473,70,255,490,296,186,339,110,306,223,225,574,679,1315,258,215,107,518,427,71,233,536,308,99,343,192,386,407,308,482,165,311
110,113,41,28,112,31,122,28,41,58,94,116,228,76,48,74,86,205,119,13,74,119,68,51,86,26,90,45,55,136,166,310,59,107,18,118,114,21,59,131,77,22,86,37,99,99,82,130,46,78
518,434,196,77,556,131,498,165,194,239,472,619,941,343,294,289,360,940,527,63,290,579,319,212,309,109,350,209,240,646,848,1601,318,518,118,273,497,92,253,614,338,100,437,186,396,481,318,519,205,334
498,429,177,63,504,101,430,142,147,211,426,480,821,297,235,277,332,857,488,51,302,469,277,177,351,125,312,244,228,613,698,1266,240,427,114,497,211,88,234,483,320,103,354,169,380,417,325,480,178,307
76,78,29,18,95,22,91,24,31,33,78,110,157,63,39,53,61,146,96,9,46,103,51,36,66,21,55,31,37,93,134,239,37,71,21,92,88,6,46,97,67,23,54,26,75,85,45,95,40,56
264,218,96,50,250,58,240,75,93,119,213,243,468,150,124,137,152,434,239,23,132,238,134,90,156,47,167,118,126,327,335,675,137,233,59,253,234,46,63,246,180,49,196,105,191,218,150,255,96,174
485,475,251,94,554,130,492,136,201,223,463,644,1007,301,293,298,397,999,589,62,291,553,315,202,330,144,361,232,288,714,807,1474,322,536,131,614,483,97,246,313,368,136,431,195,413,531,345,573,190,345
341,256,135,49,348,75,321,89,107,124,295,390,631,202,166,183,242,612,326,32,169,348,189,124,197,81,201,158,151,428,480,912,185,308,77,338,320,67,180,368,118,77,254,114,253,311,188,316,114,203
118,85,35,15,111,25,94,29,36,49,86,116,195,68,55,56,77,200,79,11,58,111,60,50,70,18,80,46,53,143,174,309,48,99,22,100,103,23,49,136,77,8,88,34,74,104,64,108,39,80
357,361,150,57,406,82,381,120,123,145,343,453,679,280,217,235,271,716,386,61,229,385,233,161,280,117,305,187,193,480,576,1086,223,343,86,437,354,54,196,431,254,88,135,149,332,329,267,412,137,254
164,155,66,41,199,52,176,62,63,78,167,220,336,128,96,86,155,337,184,26,102,190,103,80,122,51,127,77,97,217,251,525,99,192,37,186,169,26,105,195,114,34,149,37,159,174,117,183,79,118
456,304,152,71,406,92,351,125,146,153,322,441,718,231,208,220,285,742,397,47,222,409,206,133,224,100,250,178,183,498,597,1167,213,386,99,396,380,75,191,413,253,74,332,159,135,379,238,432,151,267
463,383,201,80,443,99,436,132,167,182,393,510,829,285,231,266,353,844,488,62,234,500,263,181,320,114,335,220,257,613,784,1318,257,407,99,481,417,85,218,531,311,104,329,174,379,221,294,498,177,352
313,279,116,79,337,77,284,74,96,134,263,355,599,203,171,194,210,603,318,27,180,304,189,117,188,78,226,150,138,426,480,920,168,308,82,318,325,45,150,345,188,64,267,117,238,294,99,312,124,204
479,490,218,67,519,95,508,134,167,212,465,590,922,330,305,299,344,948,538,67,305,557,321,226,369,157,415,230,255,701,785,1440,289,482,130,519,480,95,255,573,316,108,412,183,432,498,312,295,193,359
181,170,85,35,203,38,184,58,66,75,153,204,320,130,97,113,139,328,195,21,139,198,115,71,118,43,128,85,94,251,287,512,103,165,46,205,178,40,96,190,114,39,137,79,151,177,124,193,36,125
384,293,125,63,377,78,304,99,116,137,303,400,640,223,190,205,245,611,347,40,176,344,216,122,219,80,242,147,187,449,526,952,197,311,78,334,307,56,174,345,203,80,254,118,267,352,204,359,125,119
