267,466,222,79,521,101,476,166,163,225,452,508,814,387,319,341,336,876,531,80,327,571,351,232,364,146,386,306,287,650,739,1235,230,504,102,530,492,85,263,525,340,116,386,210,446,466,365,477,164,340
466,195,177,74,445,107,406,119,128,163,391,457,819,238,226,228,281,808,457,43,233,454,251,157,274,122,303,209,219,526,688,1271,240,386,104,453,449,73,209,465,310,96,339,154,351,430,269,435,177,267
222,177,38,41,232,41,208,63,70,89,160,232,351,143,107,120,159,366,222,26,104,210,134,75,120,53,134,94,109,231,313,595,106,184,48,204,191,34,105,222,148,39,161,81,135,188,107,177,90,112
79,74,41,5,90,15,85,32,35,38,78,100,139,54,52,57,54,154,83,8,59,77,57,24,57,13,44,48,40,111,114,249,57,78,26,104,78,9,46,98,61,23,54,38,60,87,56,83,31,53
521,445,232,90,244,123,487,162,149,207,456,581,930,323,249,280,360,889,570,66,268,512,287,208,303,132,339,237,248,685,795,1426,264,476,116,564,451,86,263,545,352,102,400,177,397,502,307,478,178,355
101,107,41,15,123,8,101,36,39,42,89,123,218,63,66,56,86,202,100,18,75,119,84,41,66,35,77,56,60,149,169,333,71,109,26,124,100,21,59,123,66,25,70,48,82,111,70,123,45,67
476,406,208,85,487,101,206,144,161,200,421,533,880,287,277,304,335,866,467,48,303,460,315,181,332,124,329,234,254,648,681,1358,265,452,123,500,431,89,236,547,329,108,367,176,374,438,326,483,174,310
166,119,63,32,162,36,144,16,50,63,127,153,283,93,78,83,102,278,135,18,91,141,101,47,117,36,101,71,81,182,227,410,81,136,21,168,146,24,62,147,109,26,107,58,107,131,100,135,61,111
163,128,70,35,149,39,161,50,27,77,127,199,287,106,84,94,126,288,170,22,91,169,108,54,110,42,118,80,83,228,232,475,91,152,36,173,146,29,86,162,101,49,138,69,121,127,112,165,72,92
225,163,89,38,207,42,200,63,77,37,175,241,379,142,129,144,162,397,170,25,134,203,140,87,159,46,135,79,117,263,324,562,105,182,56,218,216,43,107,215,113,38,154,83,194,177,154,224,86,135
452,391,160,78,456,89,421,127,127,175,190,497,767,289,250,273,323,759,390,60,244,440,259,176,301,98,279,215,230,559,641,1105,196,398,110,453,398,74,232,454,275,77,359,168,371,414,265,473,156,276
508,457,232,100,581,123,533,153,199,241,497,305,1064,331,301,319,417,1066,621,60,297,589,342,233,366,129,376,255,281,741,919,1663,312,567,146,574,538,103,274,613,368,118,453,208,428,540,374,601,217,383
814,819,351,139,930,218,880,283,287,379,767,1064,892,593,460,501,653,1487,919,112,483,914,536,389,641,231,646,402,457,1162,1347,2498,518,843,217,967,833,165,461,971,608,201,726,357,726,836,569,928,388,603
387,238,143,54,323,63,287,93,106,142,289,331,593,119,195,207,224,593,334,40,168,341,193,129,194,81,224,163,193,424,518,919,191,269,71,342,268,65,179,365,218,64,235,122,279,303,207,304,121,221
319,226,107,52,249,66,277,78,84,129,250,301,460,195,80,141,226,489,265,32,163,274,169,119,187,52,162,131,128,302,410,758,161,241,60,289,271,38,135,290,186,61,191,96,227,234,164,281,125,189
341,228,120,57,280,56,304,83,94,144,273,319,501,207,141,86,190,548,268,36,155,275,172,128,208,70,182,151,148,326,444,816,161,245,61,305,303,48,125,347,209,53,223,93,259,258,182,299,140,207
336,281,159,54,360,86,335,102,126,162,323,417,653,224,226,190,128,646,378,43,201,372,229,146,262,83,241,163,184,455,599,1062,206,363,88,360,357,64,193,379,251,82,284,152,292,343,234,358,139,234
876,808,366,154,889,202,866,278,288,397,759,1066,1487,593,489,548,646,863,949,109,480,947,518,372,624,223,610,411,475,1134,1383,2565,496,838,211,969,814,160,464,997,636,182,697,331,737,846,584,951,362,597
531,457,222,83,570,100,467,135,170,170,390,621,919,334,265,268,378,949,249,61,258,485,300,182,332,120,357,251,270,703,769,1452,266,498,110,537,464,89,257,539,339,102,399,177,422,491,310,510,169,332
80,43,26,8,66,18,48,18,22,25,60,60,112,40,32,36,43,109,61,5,37,62,34,23,41,13,38,23,34,84,93,161,33,59,13,61,49,11,23,85,49,7,54,27,48,62,46,57,24,37
327,233,104,59,268,75,303,91,91,134,244,297,483,168,163,155,201,480,258,37,81,270,178,99,188,73,191,123,121,336,394,794,163,261,59,264,288,46,140,274,166,65,220,94,236,256,170,278,115,203
571,454,210,77,512,119,460,141,169,203,440,589,914,341,274,275,372,947,485,62,270,243,316,191,370,127,363,249,262,705,729,1415,277,495,109,591,466,108,259,546,373,110,409,187,445,492,325,526,197,355
351,251,134,57,287,84,315,101,108,140,259,342,536,193,169,172,229,518,300,34,178,316,96,123,216,72,190,144,171,369,464,832,160,271,68,315,310,62,160,326,192,63,233,110,265,286,186,322,125,208
232,157,75,24,208,41,181,47,54,87,176,233,389,129,119,128,146,372,182,23,99,191,123,51,124,43,121,99,109,259,302,588,117,158,44,235,214,33,108,231,149,43,158,97,195,188,140,224,77,133
364,274,120,57,303,66,332,117,110,159,301,366,641,194,187,208,262,624,332,41,188,370,216,124,102,87,221,156,165,406,520,956,165,285,66,391,336,48,179,376,209,69,276,132,241,322,211,370,115,242
146,122,53,13,132,35,124,36,42,46,98,129,231,81,52,70,83,223,120,13,73,127,72,43,87,15,80,64,63,154,200,339,67,136,33,140,114,17,66,147,87,28,99,59,113,123,88,159,50,71
386,303,134,44,339,77,329,101,118,135,279,376,646,224,162,182,241,610,357,38,191,363,190,121,221,80,117,144,162,408,541,963,173,307,73,378,303,61,160,356,220,69,296,139,287,334,202,389,122,224
306,209,94,48,237,56,234,71,80,79,215,255,402,163,131,151,163,411,251,23,123,249,144,99,156,64,144,47,129,269,364,656,125,204,43,245,248,39,123,228,141,53,158,86,190,201,151,249,75,158
287,219,109,40,248,60,254,81,83,117,230,281,457,193,128,148,184,475,270,34,121,262,171,109,165,63,162,129,73,305,388,689,145,221,51,253,240,27,120,283,168,46,192,109,237,238,164,245,88,171
650,526,231,111,685,149,648,182,228,263,559,741,1162,424,302,326,455,1134,703,84,336,705,369,259,406,154,408,269,305,396,998,1805,296,569,145,638,571,116,315,679,428,114,516,235,495,622,386,694,241,435
739,688,313,114,795,169,681,227,232,324,641,919,1347,518,410,444,599,1383,769,93,394,729,464,302,520,200,541,364,388,998,574,2119,400,738,169,849,743,149,408,762,505,173,574,259,590,682,466,769,278,538
1235,1271,595,249,1426,333,1358,410,475,562,1105,1663,2498,919,758,816,1062,2565,1452,161,794,1415,832,588,956,339,963,656,689,1805,2119,1960,747,1333,336,1564,1336,228,702,1580,979,295,1120,515,1161,1342,932,1507,542,934
230,240,106,57,264,71,265,81,91,105,196,312,518,191,161,161,206,496,266,33,163,277,160,117,165,67,173,125,145,296,400,747,83,237,73,308,266,33,135,278,185,42,213,98,218,252,196,276,113,177
504,386,184,78,476,109,452,136,152,182,398,567,843,269,241,245,363,838,498,59,261,495,271,158,285,136,307,204,221,569,738,1333,237,210,126,519,409,85,236,519,333,87,336,182,319,452,292,467,162,330
102,104,48,26,116,26,123,21,36,56,110,146,217,71,60,61,88,211,110,13,59,109,68,44,66,33,73,43,51,145,169,336,73,126,8,124,101,17,59,137,79,25,98,34,97,120,87,111,43,76
530,453,204,104,564,124,500,168,173,218,453,574,967,342,289,305,360,969,537,61,264,591,315,235,391,140,378,245,253,638,849,1564,308,519,124,259,546,92,254,622,374,109,436,214,444,511,358,565,215,350
492,449,191,78,451,100,431,146,146,216,398,538,833,268,271,303,357,814,464,49,288,466,310,214,336,114,303,248,240,571,743,1336,266,409,101,546,220,95,237,535,318,99,356,199,379,435,320,494,184,323
85,73,34,9,86,21,89,24,29,43,74,103,165,65,38,48,64,160,89,11,46,108,62,33,48,17,61,39,27,116,149,228,33,85,17,92,95,7,42,90,70,19,70,30,63,62,42,115,35,51
263,209,105,46,263,59,236,62,86,107,232,274,461,179,135,125,193,464,257,23,140,259,160,108,179,66,160,123,120,315,408,702,135,236,59,254,237,42,48,264,196,54,190,110,210,202,158,257,82,174
525,465,222,98,545,123,547,147,162,215,454,613,971,365,290,347,379,997,539,85,274,546,326,231,376,147,356,228,283,679,762,1580,278,519,137,622,535,90,264,268,368,99,418,203,450,496,374,541,215,369
340,310,148,61,352,66,329,109,101,113,275,368,608,218,186,209,251,636,339,49,166,373,192,149,209,87,220,141,168,428,505,979,185,333,79,374,318,70,196,368,112,56,282,107,270,321,190,389,118,227
116,96,39,23,102,25,108,26,49,38,77,118,201,64,61,53,82,182,102,7,65,110,63,43,69,28,69,53,46,114,173,295,42,87,25,109,99,19,54,99,56,8,87,32,81,111,64,121,38,66
386,339,161,54,400,70,367,107,138,154,359,453,726,235,191,223,284,697,399,54,220,409,233,158,276,99,296,158,192,516,574,1120,213,336,98,436,356,70,190,418,282,87,149,170,338,405,233,411,157,289
210,154,81,38,177,48,176,58,69,83,168,208,357,122,96,93,152,331,177,27,94,187,110,97,132,59,139,86,109,235,259,515,98,182,34,214,199,30,110,203,107,32,170,40,157,166,127,203,79,151
446,351,135,60,397,82,374,107,121,194,371,428,726,279,227,259,292,737,422,48,236,445,265,195,241,113,287,190,237,495,590,1161,218,319,97,444,379,63,210,450,270,81,338,157,171,371,249,417,150,292
466,430,188,87,502,111,438,131,127,177,414,540,836,303,234,258,343,846,491,62,256,492,286,188,322,123,334,201,238,622,682,1342,252,452,120,511,435,62,202,496,321,111,405,166,371,222,294,475,188,351
365,269,107,56,307,70,326,100,112,154,265,374,569,207,164,182,234,584,310,46,170,325,186,140,211,88,202,151,164,386,466,932,196,292,87,358,320,42,158,374,190,64,233,127,249,294,104,327,135,212
477,435,177,83,478,123,483,135,165,224,473,601,928,304,281,299,358,951,510,57,278,526,322,224,370,159,389,249,245,694,769,1507,276,467,111,565,494,115,257,541,389,121,411,203,417,475,327,258,184,367
164,177,90,31,178,45,174,61,72,86,156,217,388,121,125,140,139,362,169,24,115,197,125,77,115,50,122,75,88,241,278,542,113,162,43,215,184,35,82,215,118,38,157,79,150,188,135,184,49,115
340,267,112,53,355,67,310,111,92,135,276,383,603,221,189,207,234,597,332,37,203,355,208,133,242,71,224,158,171,435,538,934,177,330,76,350,323,51,174,369,227,66,289,151,292,351,212,367,115,110
