273,427,203,84,515,95,455,182,164,231,440,523,825,400,315,326,341,851,512,77,317,500,347,220,330,163,362,285,268,601,691,1205,227,464,89,560,462,100,238,436,311,101,400,188,389,429,338,472,166,356
427,169,172,78,470,104,424,124,142,193,386,486,757,285,241,258,296,774,398,63,217,420,254,157,246,112,287,203,233,539,676,1203,252,424,94,440,411,73,200,452,260,84,340,166,341,382,281,448,167,311
203,172,26,37,219,56,201,58,62,83,162,201,368,125,110,111,149,378,190,29,115,209,123,72,118,51,124,93,81,247,300,569,113,198,46,204,206,45,88,247,128,42,143,76,157,187,120,215,70,139
84,78,37,9,74,17,80,29,24,44,70,86,144,48,52,54,61,147,94,15,51,91,59,36,52,25,67,41,56,113,126,204,44,88,18,85,76,22,37,89,58,22,74,25,62,73,57,73,31,54
515,470,219,74,229,104,463,155,151,205,451,609,938,337,253,271,351,984,502,58,334,524,319,201,340,140,344,236,263,666,811,1451,294,480,120,563,495,80,236,564,331,104,401,185,428,464,294,526,182,330
95,104,56,17,104,9,106,33,46,53,84,124,184,67,66,69,87,181,112,15,68,108,61,47,78,34,88,56,74,142,171,300,54,101,25,120,114,26,53,122,82,19,85,46,96,91,74,119,39,77
455,424,201,80,463,106,247,135,174,206,377,514,849,309,240,271,383,828,497,67,282,512,319,186,321,135,355,219,267,617,769,1367,264,456,95,565,451,89,239,500,281,101,368,185,370,410,301,521,176,329
182,124,58,29,155,33,135,19,55,67,144,168,285,99,81,78,117,270,128,20,87,157,85,62,102,38,103,62,77,199,214,409,74,130,38,152,131,27,68,146,94,33,101,53,121,128,89,163,44,105
164,142,62,24,151,46,174,55,36,65,130,192,323,104,73,82,135,332,158,29,82,176,88,71,119,50,113,66,105,205,273,474,81,158,31,174,161,26,88,199,116,37,149,61,133,138,82,189,53,114
231,193,83,44,205,53,206,67,65,43,144,217,356,129,117,128,164,340,220,23,134,224,139,75,131,44,144,114,127,203,315,568,103,191,38,243,217,48,90,211,137,41,159,76,153,183,116,201,67,150
440,386,162,70,451,84,377,144,130,144,179,474,754,270,263,267,326,774,452,53,274,437,265,165,262,106,283,220,209,527,668,1198,226,414,94,500,385,74,218,400,292,106,323,149,334,368,276,444,140,307
523,486,201,86,609,124,514,168,192,217,474,316,1091,344,270,306,416,1061,572,69,303,537,332,218,368,138,354,241,259,759,897,1633,333,515,118,596,517,86,294,615,393,123,419,206,437,502,358,575,231,388
825,757,368,144,938,184,849,285,323,356,754,1091,816,559,464,499,661,1500,893,114,518,952,554,354,634,220,630,421,453,1180,1350,2504,468,889,200,993,833,141,476,1010,599,198,669,359,734,837,600,883,335,581
400,285,125,48,337,67,309,99,104,129,270,344,559,100,183,178,250,574,321,43,176,326,207,132,211,85,220,152,152,374,490,869,172,268,70,365,319,51,168,369,226,65,252,118,240,311,212,332,127,243
315,241,110,52,253,66,240,81,73,117,263,270,464,183,72,126,175,459,272,38,152,284,150,122,166,74,164,99,131,325,384,706,131,271,67,278,255,35,137,271,150,53,194,93,199,259,189,273,88,209
326,258,111,54,271,69,271,78,82,128,267,306,499,178,126,82,189,522,273,43,144,270,166,123,165,69,163,114,143,346,404,804,143,288,66,265,265,42,150,306,168,56,210,87,219,259,149,324,98,203
341,296,149,61,351,87,383,117,135,164,326,416,661,250,175,189,127,663,345,49,193,360,197,162,242,108,242,176,171,457,559,1021,208,336,75,375,359,73,187,371,240,72,287,130,310,360,216,377,114,270
851,774,378,147,984,181,828,270,332,340,774,1061,1500,574,459,522,663,778,926,105,466,920,552,359,635,232,625,444,498,1160,1307,2460,490,869,221,1021,826,173,458,1033,586,199,702,361,756,838,580,899,353,575
512,398,190,94,502,112,497,128,158,220,452,572,893,321,272,273,345,926,235,63,261,468,288,189,317,130,328,222,248,645,769,1405,247,480,115,550,449,89,252,547,346,92,408,174,403,481,310,517,168,309
77,63,29,15,58,15,67,20,29,23,53,69,114,43,38,43,49,105,63,3,41,69,38,25,33,17,47,30,29,70,97,185,36,54,11,61,66,15,33,58,37,15,50,23,65,65,37,74,18,35
317,217,115,51,334,68,282,87,82,134,274,303,518,176,152,144,193,466,261,41,69,275,143,115,193,64,184,141,119,333,432,789,155,258,60,299,274,45,134,269,187,59,222,93,230,258,176,295,107,173
500,420,209,91,524,108,512,157,176,224,437,537,952,326,284,270,360,920,468,69,275,267,331,176,347,125,362,239,264,658,778,1455,280,484,107,567,478,86,254,557,332,106,380,190,411,483,317,518,201,327
347,254,123,59,319,61,319,85,88,139,265,332,554,207,150,166,197,552,288,38,143,331,83,109,174,73,178,146,150,370,446,839,152,278,58,289,290,50,137,316,180,62,228,107,220,283,188,284,108,211
220,157,72,36,201,47,186,62,71,75,165,218,354,132,122,123,162,359,189,25,115,176,109,32,129,55,124,91,93,239,308,547,78,200,44,203,199,40,108,197,116,38,143,72,137,208,102,187,73,155
330,246,118,52,340,78,321,102,119,131,262,368,634,211,166,165,242,635,317,33,193,347,174,129,90,69,198,166,146,422,500,955,183,299,69,319,269,55,179,360,230,69,225,131,247,292,217,349,117,254
163,112,51,25,140,34,135,38,50,44,106,138,220,85,74,69,108,232,130,17,64,125,73,55,69,19,82,72,55,173,185,353,70,112,26,137,122,22,76,118,82,24,100,46,100,102,74,150,53,92
362,287,124,67,344,88,355,103,113,144,283,354,630,220,164,163,242,625,328,47,184,362,178,124,198,82,103,150,157,441,520,961,192,312,75,356,327,57,178,376,210,59,272,102,254,305,210,369,126,238
285,203,93,41,236,56,219,62,66,114,220,241,421,152,99,114,176,444,222,30,141,239,146,91,166,72,150,52,123,290,348,663,121,207,44,255,224,42,126,235,150,39,177,75,186,182,154,231,84,166
268,233,81,56,263,74,267,77,105,127,209,259,453,152,131,143,171,498,248,29,119,264,150,93,146,55,157,123,68,292,380,722,139,249,53,253,226,45,125,273,171,51,200,95,176,235,147,273,100,181
601,539,247,113,666,142,617,199,205,203,527,759,1180,374,325,346,457,1160,645,70,333,658,370,239,422,173,441,290,292,375,918,1861,374,564,159,649,596,113,335,686,425,131,470,220,480,590,401,661,260,405
691,676,300,126,811,171,769,214,273,315,668,897,1350,490,384,404,559,1307,769,97,432,778,446,308,500,185,520,348,380,918,558,2042,414,782,187,782,714,135,385,807,513,155,572,304,597,685,481,796,278,460
1205,1203,569,204,1451,300,1367,409,474,568,1198,1633,2504,869,706,804,1021,2460,1405,185,789,1455,839,547,955,353,961,663,722,1861,2042,1924,738,1342,330,1586,1339,265,711,1519,956,295,1033,525,1148,1295,924,1406,499,938
227,252,113,44,294,54,264,74,81,103,226,333,468,172,131,143,208,490,247,36,155,280,152,78,183,70,192,121,139,374,414,738,77,258,51,290,256,51,152,282,174,55,194,94,242,241,178,302,105,163
464,424,198,88,480,101,456,130,158,191,414,515,889,268,271,288,336,869,480,54,258,484,278,200,299,112,312,207,249,564,782,1342,258,217,98,507,465,96,226,557,320,97,380,155,400,438,286,499,182,318
89,94,46,18,120,25,95,38,31,38,94,118,200,70,67,66,75,221,115,11,60,107,58,44,69,26,75,44,53,159,187,330,51,98,11,120,110,20,53,141,74,14,89,45,91,111,75,119,43,81
560,440,204,85,563,120,565,152,174,243,500,596,993,365,278,265,375,1021,550,61,299,567,289,203,319,137,356,255,253,649,782,1586,290,507,120,285,490,80,255,521,353,96,422,218,419,478,327,573,179,379
462,411,206,76,495,114,451,131,161,217,385,517,833,319,255,265,359,826,449,66,274,478,290,199,269,122,327,224,226,596,714,1339,256,465,110,490,219,83,214,536,283,97,344,160,340,435,287,437,174,313
100,73,45,22,80,26,89,27,26,48,74,86,141,51,35,42,73,173,89,15,45,86,50,40,55,22,57,42,45,113,135,265,51,96,20,80,83,5,50,84,54,20,65,27,60,78,50,96,36,64
238,200,88,37,236,53,239,68,88,90,218,294,476,168,137,150,187,458,252,33,134,254,137,108,179,76,178,126,125,335,385,711,152,226,53,255,214,50,64,263,156,52,190,84,217,234,147,292,85,171
436,452,247,89,564,122,500,146,199,211,400,615,1010,369,271,306,371,1033,547,58,269,557,316,197,360,118,376,235,273,686,807,1519,282,557,141,521,536,84,263,271,369,107,398,207,430,451,330,567,204,367
311,260,128,58,331,82,281,94,116,137,292,393,599,226,150,168,240,586,346,37,187,332,180,116,230,82,210,150,171,425,513,956,174,320,74,353,283,54,156,369,122,62,261,124,263,290,213,322,125,219
101,84,42,22,104,19,101,33,37,41,106,123,198,65,53,56,72,199,92,15,59,106,62,38,69,24,59,39,51,131,155,295,55,97,14,96,97,20,52,107,62,9,91,30,77,94,63,118,33,61
400,340,143,74,401,85,368,101,149,159,323,419,669,252,194,210,287,702,408,50,222,380,228,143,225,100,272,177,200,470,572,1033,194,380,89,422,344,65,190,398,261,91,147,161,300,362,238,372,135,262
188,166,76,25,185,46,185,53,61,76,149,206,359,118,93,87,130,361,174,23,93,190,107,72,131,46,102,75,95,220,304,525,94,155,45,218,160,27,84,207,124,30,161,24,161,174,110,223,80,117
389,341,157,62,428,96,370,121,133,153,334,437,734,240,199,219,310,756,403,65,230,411,220,137,247,100,254,186,176,480,597,1148,242,400,91,419,340,60,217,430,263,77,300,161,161,379,254,391,153,270
429,382,187,73,464,91,410,128,138,183,368,502,837,311,259,259,360,838,481,65,258,483,283,208,292,102,305,182,235,590,685,1295,241,438,111,478,435,78,234,451,290,94,362,174,379,200,265,458,160,342
338,281,120,57,294,74,301,89,82,116,276,358,600,212,189,149,216,580,310,37,176,317,188,102,217,74,210,154,147,401,481,924,178,286,75,327,287,50,147,330,213,63,238,110,254,265,113,319,116,215
472,448,215,73,526,119,521,163,189,201,444,575,883,332,273,324,377,899,517,74,295,518,284,187,349,150,369,231,273,661,796,1406,302,499,119,573,437,96,292,567,322,118,372,223,391,458,319,272,182,357
166,167,70,31,182,39,176,44,53,67,140,231,335,127,88,98,114,353,168,18,107,201,108,73,117,53,126,84,100,260,278,499,105,182,43,179,174,36,85,204,125,33,135,80,153,160,116,182,35,116
356,311,139,54,330,77,329,105,114,150,307,388,581,243,209,203,270,575,309,35,173,327,211,155,254,92,238,166,181,405,460,938,163,318,81,379,313,64,171,367,219,61,262,117,270,342,215,357,116,135
