251,445,208,97,503,105,480,186,177,227,420,557,838,352,304,364,365,823,509,74,354,546,332,230,348,127,374,276,284,607,730,1200,208,489,127,525,477,99,253,501,342,102,395,174,415,438,337,473,195,361
445,174,176,64,445,111,446,127,149,162,370,510,828,303,185,192,278,801,445,77,237,452,269,169,290,92,257,203,219,583,671,1256,232,420,99,430,391,76,200,442,278,78,367,154,329,373,281,440,170,312
208,176,32,40,183,48,188,62,53,101,193,232,357,135,103,103,149,348,185,28,94,211,119,69,138,43,116,98,102,264,290,566,102,186,56,203,171,26,89,200,115,31,147,85,159,192,126,240,98,149
97,64,40,3,59,11,79,28,23,43,74,102,154,59,39,49,67,146,85,8,55,86,57,35,72,30,57,33,42,108,125,229,48,58,21,90,82,21,44,71,56,22,63,31,72,81,58,76,29,72
503,445,183,59,242,106,499,167,170,219,464,598,918,350,241,309,389,957,511,69,304,530,310,214,338,141,339,236,269,619,762,1458,279,449,118,497,469,102,274,552,302,112,368,182,414,469,350,539,189,341
105,111,48,11,106,12,113,25,46,62,119,118,222,79,55,68,76,218,114,16,67,104,70,45,76,27,73,49,50,163,178,300,53,92,23,118,92,28,48,115,74,21,68,47,96,112,77,115,40,94
480,446,188,79,499,113,232,147,169,198,417,551,888,310,237,242,363,900,470,60,267,493,304,189,340,121,327,208,276,656,744,1373,250,434,119,519,432,79,253,529,310,113,362,196,377,424,309,501,172,328
186,127,62,28,167,25,147,20,57,69,140,161,262,97,78,96,109,283,162,13,85,163,97,66,90,52,125,70,93,155,245,450,74,142,37,159,136,28,63,146,101,27,125,43,120,141,78,158,59,109
177,149,53,23,170,46,169,57,28,69,138,186,303,115,86,96,115,284,146,21,78,171,90,69,119,49,111,84,93,205,246,475,112,150,35,161,139,24,90,172,104,30,111,66,141,178,110,168,68,110
227,162,101,43,219,62,198,69,69,47,166,208,355,122,113,121,181,361,232,36,117,243,151,68,140,50,131,100,109,236,282,574,121,218,42,211,201,27,117,212,149,39,158,73,167,207,120,206,67,167
420,370,193,74,464,119,417,140,138,166,150,487,772,283,227,258,317,785,437,65,236,434,280,180,286,92,286,208,231,516,600,1177,234,385,90,430,403,66,232,480,257,93,329,141,351,378,274,451,143,290
557,510,232,102,598,118,551,161,186,208,487,334,1052,374,286,297,383,1048,549,72,305,530,338,228,373,145,395,258,269,712,859,1681,322,508,128,585,521,96,294,574,362,107,433,209,419,557,330,619,228,356
838,828,357,154,918,222,888,262,303,355,772,1052,818,657,475,487,655,1436,941,113,509,989,541,366,614,241,608,408,429,1133,1384,2427,522,866,214,965,886,153,459,962,574,191,647,367,738,890,574,909,335,576
352,303,135,59,350,79,310,97,115,122,283,374,657,94,156,188,249,601,327,36,171,349,210,134,234,98,225,134,159,394,493,937,186,288,70,351,307,53,163,348,206,69,272,130,256,296,209,346,130,215
304,185,103,39,241,55,237,78,86,113,227,286,475,156,84,149,188,485,239,39,127,278,167,107,188,62,166,106,143,349,419,713,158,238,54,262,258,36,124,294,167,53,213,106,225,247,177,280,96,185
364,192,103,49,309,68,242,96,96,121,258,297,487,188,149,85,208,519,262,37,132,281,160,126,183,71,173,127,137,367,430,770,162,277,59,298,263,48,155,290,178,62,241,110,241,258,189,300,101,202
365,278,149,67,389,76,363,109,115,181,317,383,655,249,188,208,123,644,394,48,211,378,214,153,263,98,220,154,169,436,569,1042,203,314,80,383,345,75,183,381,233,80,281,161,320,341,239,389,156,246
823,801,348,146,957,218,900,283,284,361,785,1048,1436,601,485,519,644,863,905,109,493,930,533,364,595,231,599,382,425,1165,1412,2442,505,829,211,976,873,164,476,973,605,203,684,362,749,813,580,942,329,613
509,445,185,85,511,114,470,162,146,232,437,549,941,327,239,262,394,905,255,77,296,493,300,202,329,137,327,204,258,595,785,1397,279,486,111,522,473,80,266,549,324,110,400,186,390,472,333,524,195,387
74,77,28,8,69,16,60,13,21,36,65,72,113,36,39,37,48,109,77,5,33,78,49,29,57,14,53,22,30,79,98,179,36,52,18,73,56,10,20,69,32,16,64,21,59,58,40,79,23,48
354,237,94,55,304,67,267,85,78,117,236,305,509,171,127,132,211,493,296,33,71,294,153,116,176,64,176,126,150,316,433,759,164,243,60,262,260,54,151,305,198,48,200,106,212,274,169,269,105,200
546,452,211,86,530,104,493,163,171,243,434,530,989,349,278,281,378,930,493,78,294,278,325,205,337,144,370,228,258,638,784,1466,284,495,125,547,447,92,245,537,333,124,426,198,387,467,359,538,194,403
332,269,119,57,310,70,304,97,90,151,280,338,541,210,167,160,214,533,300,49,153,325,81,132,203,85,182,132,147,377,446,828,158,288,75,303,297,60,144,333,217,61,238,117,267,278,162,313,120,193
230,169,69,35,214,45,189,66,69,68,180,228,366,134,107,126,153,364,202,29,116,205,132,53,161,55,131,93,122,247,285,563,117,187,40,241,195,37,106,222,128,42,148,71,174,182,132,196,79,150
348,290,138,72,338,76,340,90,119,140,286,373,614,234,188,183,263,595,329,57,176,337,203,161,104,82,210,143,161,417,480,948,186,308,79,331,348,66,165,348,232,57,245,128,270,305,199,380,134,210
127,92,43,30,141,27,121,52,49,50,92,145,241,98,62,71,98,231,137,14,64,144,85,55,82,14,79,68,66,157,191,405,61,125,41,121,112,21,80,140,89,24,102,46,105,123,85,126,57,87
374,257,116,57,339,73,327,125,111,131,286,395,608,225,166,173,220,599,327,53,176,370,182,131,210,79,113,163,177,453,508,965,166,299,83,326,281,55,191,396,221,66,276,125,266,318,237,366,122,227
276,203,98,33,236,49,208,70,84,100,208,258,408,134,106,127,154,382,204,22,126,228,132,93,143,68,163,69,110,261,363,627,125,210,63,224,212,43,108,244,151,38,193,80,183,215,146,220,98,167
284,219,102,42,269,50,276,93,93,109,231,269,429,159,143,137,169,425,258,30,150,258,147,122,161,66,177,110,70,307,395,717,146,233,56,252,244,33,133,257,164,38,187,94,208,212,158,284,102,182
607,583,264,108,619,163,656,155,205,236,516,712,1133,394,349,367,436,1165,595,79,316,638,377,247,417,157,453,261,307,402,941,1747,327,590,169,688,590,105,301,677,431,136,517,237,527,618,413,708,258,398
730,671,290,125,762,178,744,245,246,282,600,859,1384,493,419,430,569,1412,785,98,433,784,446,285,480,191,508,363,395,941,545,2043,420,739,174,839,690,153,384,840,514,166,561,256,638,784,510,786,291,501
1200,1256,566,229,1458,300,1373,450,475,574,1177,1681,2427,937,713,770,1042,2442,1397,179,759,1466,828,563,948,405,965,627,717,1747,2043,1883,728,1333,344,1489,1328,248,704,1525,965,294,1007,558,1166,1303,882,1399,503,929
208,232,102,48,279,53,250,74,112,121,234,322,522,186,158,162,203,505,279,36,164,284,158,117,186,61,166,125,146,327,420,728,71,279,80,303,255,55,118,322,190,54,202,105,237,247,179,273,108,172
489,420,186,58,449,92,434,142,150,218,385,508,866,288,238,277,314,829,486,52,243,495,288,187,308,125,299,210,233,590,739,1333,279,202,98,504,436,89,234,506,320,110,378,161,377,421,270,515,176,327
127,99,56,21,118,23,119,37,35,42,90,128,214,70,54,59,80,211,111,18,60,125,75,40,79,41,83,63,56,169,174,344,80,98,13,123,94,21,57,131,84,17,88,39,87,110,75,131,32,60
525,430,203,90,497,118,519,159,161,211,430,585,965,351,262,298,383,976,522,73,262,547,303,241,331,121,326,224,252,688,839,1489,303,504,123,293,526,99,264,611,384,111,444,183,442,505,331,565,225,344
477,391,171,82,469,92,432,136,139,201,403,521,886,307,258,263,345,873,473,56,260,447,297,195,348,112,281,212,244,590,690,1328,255,436,94,526,207,79,258,486,344,100,360,208,370,445,299,522,167,323
99,76,26,21,102,28,79,28,24,27,66,96,153,53,36,48,75,164,80,10,54,92,60,37,66,21,55,43,33,105,153,248,55,89,21,99,79,6,44,83,64,19,60,28,59,74,53,87,29,65
253,200,89,44,274,48,253,63,90,117,232,294,459,163,124,155,183,476,266,20,151,245,144,106,165,80,191,108,133,301,384,704,118,234,57,264,258,44,62,256,169,60,199,93,196,212,151,243,82,168
501,442,200,71,552,115,529,146,172,212,480,574,962,348,294,290,381,973,549,69,305,537,333,222,348,140,396,244,257,677,840,1525,322,506,131,611,486,83,256,287,363,111,398,213,428,544,359,548,196,354
342,278,115,56,302,74,310,101,104,149,257,362,574,206,167,178,233,605,324,32,198,333,217,128,232,89,221,151,164,431,514,965,190,320,84,384,344,64,169,363,119,63,292,125,244,292,222,318,129,234
102,78,31,22,112,21,113,27,30,39,93,107,191,69,53,62,80,203,110,16,48,124,61,42,57,24,66,38,38,136,166,294,54,110,17,111,100,19,60,111,63,10,77,38,72,108,62,102,42,55
395,367,147,63,368,68,362,125,111,158,329,433,647,272,213,241,281,684,400,64,200,426,238,148,245,102,276,193,187,517,561,1007,202,378,88,444,360,60,199,398,292,77,134,152,308,359,260,374,146,273
174,154,85,31,182,47,196,43,66,73,141,209,367,130,106,110,161,362,186,21,106,198,117,71,128,46,125,80,94,237,256,558,105,161,39,183,208,28,93,213,125,38,152,38,169,164,120,183,84,133
415,329,159,72,414,96,377,120,141,167,351,419,738,256,225,241,320,749,390,59,212,387,267,174,270,105,266,183,208,527,638,1166,237,377,87,442,370,59,196,428,244,72,308,169,162,359,251,433,158,290
438,373,192,81,469,112,424,141,178,207,378,557,890,296,247,258,341,813,472,58,274,467,278,182,305,123,318,215,212,618,784,1303,247,421,110,505,445,74,212,544,292,108,359,164,359,206,290,498,172,335
337,281,126,58,350,77,309,78,110,120,274,330,574,209,177,189,239,580,333,40,169,359,162,132,199,85,237,146,158,413,510,882,179,270,75,331,299,53,151,359,222,62,260,120,251,290,104,313,109,216
473,440,240,76,539,115,501,158,168,206,451,619,909,346,280,300,389,942,524,79,269,538,313,196,380,126,366,220,284,708,786,1399,273,515,131,565,522,87,243,548,318,102,374,183,433,498,313,297,205,345
195,170,98,29,189,40,172,59,68,67,143,228,335,130,96,101,156,329,195,23,105,194,120,79,134,57,122,98,102,258,291,503,108,176,32,225,167,29,82,196,129,42,146,84,158,172,109,205,32,113
361,312,149,72,341,94,328,109,110,167,290,356,576,215,185,202,246,613,387,48,200,403,193,150,210,87,227,167,182,398,501,929,172,327,60,344,323,65,168,354,234,55,273,133,290,335,216,345,113,124
