282,471,209,86,509,101,464,189,167,232,455,541,857,358,304,318,371,823,498,57,321,548,328,199,362,148,361,260,301,662,717,1255,268,495,119,541,478,85,265,490,326,122,364,177,421,466,365,480,172,381
471,192,178,75,472,85,442,128,134,143,358,494,833,298,260,255,329,828,456,60,227,449,251,159,288,112,285,202,203,547,680,1221,246,411,77,465,408,78,218,474,310,90,339,179,355,427,262,479,146,294
209,178,43,40,226,44,191,60,65,79,162,220,372,129,109,114,136,387,207,27,100,203,121,85,144,51,122,86,78,260,309,607,117,182,51,196,182,30,96,221,128,35,163,76,165,174,133,218,93,141
86,75,40,11,83,22,64,32,20,34,77,98,144,48,43,56,60,142,76,16,53,74,68,32,62,31,59,46,42,107,127,222,45,97,20,88,88,14,41,97,61,20,64,29,75,75,65,81,39,57
509,472,226,83,248,108,498,153,195,218,411,591,992,331,299,336,345,944,530,71,264,566,332,218,349,109,316,214,248,708,793,1492,311,498,121,534,499,86,240,539,370,106,393,201,413,526,330,528,204,350
101,85,44,22,108,12,97,43,31,33,89,132,189,76,49,64,75,191,107,16,63,116,72,42,77,36,75,54,59,147,159,278,46,109,26,108,116,22,61,118,80,27,80,47,105,96,70,119,46,72
464,442,191,64,498,97,205,163,156,169,398,559,908,311,236,250,369,906,506,59,252,465,292,180,323,144,352,225,232,625,708,1378,241,450,111,524,425,87,249,528,331,99,397,180,374,468,303,496,181,325
189,128,60,32,153,43,163,30,46,74,131,178,291,100,75,89,103,266,170,20,106,165,87,64,100,36,101,77,63,197,228,417,78,140,24,173,146,23,78,136,86,28,118,48,108,128,97,154,62,110
167,134,65,20,195,31,156,46,25,62,135,193,321,101,90,88,103,315,178,19,90,184,104,65,114,47,107,75,78,231,232,471,96,166,28,169,140,35,62,171,116,30,140,61,123,168,119,157,69,106
232,143,79,34,218,33,169,74,62,44,162,223,340,137,122,131,155,336,206,22,126,215,139,73,143,56,126,91,115,269,294,504,86,190,49,225,189,40,104,213,140,42,163,74,171,194,128,172,71,147
455,358,162,77,411,89,398,131,135,162,163,504,788,273,236,261,319,780,399,46,215,423,276,182,323,110,268,209,231,554,611,1145,210,370,100,471,425,85,214,433,283,79,352,183,377,376,266,422,163,319
541,494,220,98,591,132,559,178,193,223,504,329,1017,352,298,313,425,1101,552,71,294,569,316,216,377,132,333,249,281,750,870,1639,291,479,138,591,516,86,286,642,396,102,455,203,450,508,382,568,203,375
857,833,372,144,992,189,908,291,321,340,788,1017,797,599,504,540,687,1525,939,114,483,973,558,382,609,245,639,446,451,1130,1399,2570,495,847,199,972,836,155,481,1038,673,190,694,351,741,853,590,958,352,594
358,298,129,48,331,76,311,100,101,137,273,352,599,117,154,176,231,592,331,31,190,363,206,125,219,72,230,144,179,409,507,888,165,353,62,336,324,54,167,360,211,75,268,103,243,282,196,300,113,224
304,260,109,43,299,49,236,75,90,122,236,298,504,154,72,135,180,493,289,33,138,284,142,113,169,54,178,114,119,302,392,735,158,232,57,307,236,39,134,254,168,61,198,100,197,239,153,251,92,219
318,255,114,56,336,64,250,89,88,131,261,313,540,176,135,68,198,534,289,29,149,317,167,104,185,66,193,135,125,342,426,815,160,252,68,281,248,43,151,303,184,66,206,106,211,296,176,260,93,206
371,329,136,60,345,75,369,103,103,155,319,425,687,231,180,198,128,657,384,45,233,386,240,149,254,80,243,167,184,496,564,1047,193,339,90,364,340,79,169,383,231,78,281,125,285,366,233,371,147,286
823,828,387,142,944,191,906,266,315,336,780,1101,1525,592,493,534,657,806,937,116,506,914,527,364,611,239,640,418,472,1080,1370,2570,492,836,205,961,809,155,454,935,603,180,677,358,737,825,574,943,302,593
498,456,207,76,530,107,506,170,178,206,399,552,939,331,289,289,384,937,255,60,266,480,310,221,343,119,339,239,262,663,771,1481,297,479,109,522,449,85,248,588,333,121,389,215,393,466,288,507,191,325
57,60,27,16,71,16,59,20,19,22,46,71,114,31,33,29,45,116,60,3,29,82,33,30,31,12,45,25,34,79,89,174,38,65,17,56,69,9,35,72,31,16,59,24,56,64,43,56,30,44
321,227,100,53,264,63,252,106,90,126,215,294,483,190,138,149,233,506,266,29,74,279,160,104,152,70,201,130,126,329,399,801,141,257,64,296,252,45,152,301,169,55,215,99,189,255,176,283,106,187
548,449,203,74,566,116,465,165,184,215,423,569,973,363,284,317,386,914,480,82,279,261,310,198,335,117,339,233,289,712,761,1413,265,542,110,543,459,89,275,560,365,112,367,197,394,477,322,487,181,358
328,251,121,68,332,72,292,87,104,139,276,316,558,206,142,167,240,527,310,33,160,310,96,112,183,78,198,139,162,337,474,808,170,290,66,357,266,38,146,345,198,57,225,77,226,271,173,318,108,231
199,159,85,32,218,42,180,64,65,73,182,216,382,125,113,104,149,364,221,30,104,198,112,36,132,51,135,89,76,263,299,568,122,185,42,197,183,36,113,210,141,49,132,67,153,204,124,217,64,147
362,288,144,62,349,77,323,100,114,143,323,377,609,219,169,185,254,611,343,31,152,335,183,132,120,74,201,156,158,398,504,1002,202,330,67,351,279,51,179,404,227,44,271,130,222,328,199,336,120,216
148,112,51,31,109,36,144,36,47,56,110,132,245,72,54,66,80,239,119,12,70,117,78,51,74,16,83,64,64,158,174,365,71,147,29,129,124,20,58,122,68,26,95,61,102,120,80,119,55,84
361,285,122,59,316,75,352,101,107,126,268,333,639,230,178,193,243,640,339,45,201,339,198,135,201,83,119,158,164,447,512,1017,211,348,70,358,285,59,164,351,217,71,259,144,285,327,230,367,129,228
260,202,86,46,214,54,225,77,75,91,209,249,446,144,114,135,167,418,239,25,130,233,139,89,156,64,158,44,115,279,368,651,137,228,54,227,229,27,109,230,141,51,185,85,181,187,134,253,85,170
301,203,78,42,248,59,232,63,78,115,231,281,451,179,119,125,184,472,262,34,126,289,162,76,158,64,164,115,52,315,387,705,135,248,54,254,224,48,128,290,174,60,203,81,168,219,165,261,92,175
662,547,260,107,708,147,625,197,231,269,554,750,1130,409,302,342,496,1080,663,79,329,712,337,263,398,158,447,279,315,399,1012,1839,359,612,142,643,591,115,325,710,431,130,485,245,521,637,396,655,207,397
717,680,309,127,793,159,708,228,232,294,611,870,1399,507,392,426,564,1370,771,89,399,761,474,299,504,174,512,368,387,1012,551,2179,414,731,171,780,674,132,393,836,523,160,567,298,630,729,457,776,263,530
1255,1221,607,222,1492,278,1378,417,471,504,1145,1639,2570,888,735,815,1047,2570,1481,174,801,1413,808,568,1002,365,1017,651,705,1839,2179,2036,773,1348,312,1494,1324,254,724,1608,982,317,1099,566,1154,1361,929,1467,505,951
268,246,117,45,311,46,241,78,96,86,210,291,495,165,158,160,193,492,297,38,141,265,170,122,202,71,211,137,135,359,414,773,73,265,67,291,245,49,139,310,180,59,191,99,224,259,176,281,108,187
495,411,182,97,498,109,450,140,166,190,370,479,847,353,232,252,339,836,479,65,257,542,290,185,330,147,348,228,248,612,731,1348,265,240,106,500,460,67,213,486,309,104,370,183,390,396,325,516,200,329
119,77,51,20,121,26,111,24,28,49,100,138,199,62,57,68,90,205,109,17,64,110,66,42,67,29,70,54,54,142,171,312,67,106,16,126,98,23,41,141,69,16,79,40,91,97,66,105,40,88
541,465,196,88,534,108,524,173,169,225,471,591,972,336,307,281,364,961,522,56,296,543,357,197,351,129,358,227,254,643,780,1494,291,500,126,256,488,98,249,570,349,112,420,183,412,502,334,594,204,389
478,408,182,88,499,116,425,146,140,189,425,516,836,324,236,248,340,809,449,69,252,459,266,183,279,124,285,229,224,591,674,1324,245,460,98,488,234,91,239,504,303,89,369,169,367,441,298,464,159,330
85,78,30,14,86,22,87,23,35,40,85,86,155,54,39,43,79,155,85,9,45,89,38,36,51,20,59,27,48,115,132,254,49,67,23,98,91,7,55,86,58,26,57,30,76,93,54,85,29,67
265,218,96,41,240,61,249,78,62,104,214,286,481,167,134,151,169,454,248,35,152,275,146,113,179,58,164,109,128,325,393,724,139,213,41,249,239,55,64,278,155,55,188,97,206,239,169,274,95,190
490,474,221,97,539,118,528,136,171,213,433,642,1038,360,254,303,383,935,588,72,301,560,345,210,404,122,351,230,290,710,836,1608,310,486,141,570,504,86,278,285,370,126,407,208,457,540,352,608,197,383
326,310,128,61,370,80,331,86,116,140,283,396,673,211,168,184,231,603,333,31,169,365,198,141,227,68,217,141,174,431,523,982,180,309,69,349,303,58,155,370,110,75,289,124,257,349,205,365,127,230
122,90,35,20,106,27,99,28,30,42,79,102,190,75,61,66,78,180,121,16,55,112,57,49,44,26,71,51,60,130,160,317,59,104,16,112,89,26,55,126,75,11,77,46,69,101,67,117,42,70
364,339,163,64,393,80,397,118,140,163,352,455,694,268,198,206,281,677,389,59,215,367,225,132,271,95,259,185,203,485,567,1099,191,370,79,420,369,57,188,407,289,77,139,156,298,353,238,388,138,264
177,179,76,29,201,47,180,48,61,74,183,203,351,103,100,106,125,358,215,24,99,197,77,67,130,61,144,85,81,245,298,566,99,183,40,183,169,30,97,208,124,46,156,35,148,208,120,204,70,128
421,355,165,75,413,105,374,108,123,171,377,450,741,243,197,211,285,737,393,56,189,394,226,153,222,102,285,181,168,521,630,1154,224,390,91,412,367,76,206,457,257,69,298,148,145,378,234,405,130,281
466,427,174,75,526,96,468,128,168,194,376,508,853,282,239,296,366,825,466,64,255,477,271,204,328,120,327,187,219,637,729,1361,259,396,97,502,441,93,239,540,349,101,353,208,378,214,294,499,179,331
365,262,133,65,330,70,303,97,119,128,266,382,590,196,153,176,233,574,288,43,176,322,173,124,199,80,230,134,165,396,457,929,176,325,66,334,298,54,169,352,205,67,238,120,234,294,86,336,129,195
480,479,218,81,528,119,496,154,157,172,422,568,958,300,251,260,371,943,507,56,283,487,318,217,336,119,367,253,261,655,776,1467,281,516,105,594,464,85,274,608,365,117,388,204,405,499,336,270,167,373
172,146,93,39,204,46,181,62,69,71,163,203,352,113,92,93,147,302,191,30,106,181,108,64,120,55,129,85,92,207,263,505,108,200,40,204,159,29,95,197,127,42,138,70,130,179,129,167,26,134
381,294,141,57,350,72,325,110,106,147,319,375,594,224,219,206,286,593,325,44,187,358,231,147,216,84,228,170,175,397,530,951,187,329,88,389,330,67,190,383,230,70,264,128,281,331,195,373,134,117
