297,471,219,95,509,113,482,202,170,258,465,524,816,413,348,366,383,822,574,73,348,536,361,204,344,146,354,278,314,611,677,1156,242,509,115,513,512,92,243,502,318,115,381,178,426,431,336,512,179,370
471,178,165,76,391,104,421,130,128,183,404,476,791,280,212,237,326,774,425,40,222,446,227,170,270,117,280,225,200,496,661,1216,224,388,95,473,424,75,237,481,306,101,390,155,344,400,242,476,163,295
219,165,35,39,206,50,206,60,54,78,140,246,380,116,115,105,137,396,219,28,115,215,114,92,120,52,147,77,113,263,310,604,103,203,44,214,197,47,111,215,119,43,146,64,163,187,118,209,88,143
95,76,39,6,87,19,76,25,26,38,73,85,145,78,42,41,71,139,85,17,72,93,58,42,54,19,64,42,54,113,106,221,49,80,12,96,78,12,46,90,52,25,60,37,81,68,55,91,29,68
509,391,206,87,254,131,484,143,161,207,426,576,910,327,253,288,368,931,493,62,303,485,278,210,329,129,346,218,255,660,815,1387,259,467,101,552,501,77,275,547,328,115,390,200,433,452,338,555,178,346
113,104,50,19,131,8,91,33,50,43,87,112,195,92,71,71,95,202,114,20,68,100,75,51,79,30,86,60,68,151,144,269,70,106,25,133,100,12,69,121,66,27,81,48,102,91,75,110,55,97
482,421,206,76,484,91,220,140,159,191,363,534,887,338,252,279,322,904,471,73,269,465,299,196,312,129,322,247,243,596,711,1348,278,437,110,524,439,78,233,527,316,115,352,200,363,445,335,488,186,338
202,130,60,25,143,33,140,31,42,60,132,185,289,107,88,81,104,289,168,15,79,169,83,67,115,44,115,71,70,175,221,444,86,152,45,147,151,30,72,151,101,31,117,49,136,149,85,149,71,94
170,128,54,26,161,50,159,42,22,66,133,198,304,95,87,99,111,316,173,16,105,165,91,56,106,40,119,76,85,192,241,504,95,147,36,177,173,34,72,181,122,39,96,73,123,154,85,151,47,101
258,183,78,38,207,43,191,60,66,47,159,237,346,147,100,105,143,375,212,28,130,214,113,91,148,63,137,101,115,257,321,535,116,184,44,232,209,26,102,221,137,46,145,79,170,194,126,214,70,149
465,404,140,73,426,87,363,132,133,159,183,458,746,299,233,258,322,732,434,49,251,433,259,173,291,123,266,202,236,521,691,1122,237,395,105,505,376,73,241,471,274,91,284,151,335,405,233,441,144,299
524,476,246,85,576,112,534,185,198,237,458,294,1054,348,297,327,410,1052,540,56,275,550,317,229,405,162,399,259,311,705,873,1544,302,475,124,580,532,98,271,625,395,110,427,215,447,531,394,573,200,393
816,791,380,145,910,195,887,289,304,346,746,1054,813,612,474,523,663,1452,934,127,488,1001,534,392,633,218,650,420,508,1169,1380,2461,484,846,228,981,899,145,470,956,633,197,746,322,775,877,578,898,331,617
413,280,116,78,327,92,338,107,95,147,299,348,612,103,168,163,219,591,359,35,188,328,176,126,202,77,200,156,164,416,515,862,189,336,52,334,320,53,141,349,209,60,253,138,247,312,196,315,138,214
348,212,115,42,253,71,252,88,87,100,233,297,474,168,73,124,185,479,310,32,165,308,162,97,183,58,152,140,169,307,417,714,148,256,53,239,233,50,120,262,154,59,187,89,245,246,158,314,89,180
366,237,105,41,288,71,279,81,99,105,258,327,523,163,124,61,207,543,331,42,183,297,167,118,192,72,188,135,152,340,451,815,147,278,68,265,251,54,132,294,176,54,203,94,227,280,186,330,117,196
383,326,137,71,368,95,322,104,111,143,322,410,663,219,185,207,133,679,375,41,199,380,192,129,218,97,235,167,191,478,539,1004,179,344,81,388,370,67,188,378,229,71,252,124,267,326,204,384,131,227
822,774,396,139,931,202,904,289,316,375,732,1052,1452,591,479,543,679,785,925,135,464,954,509,363,614,228,620,395,458,1107,1373,2460,480,877,220,960,824,150,473,940,620,195,681,327,730,820,576,937,332,587
574,425,219,85,493,114,471,168,173,212,434,540,934,359,310,331,375,925,248,63,265,473,323,194,329,117,324,202,252,640,759,1431,267,472,117,544,494,80,277,557,311,113,387,185,398,456,325,560,180,363
73,40,28,17,62,20,73,15,16,28,49,56,127,35,32,42,41,135,63,3,36,71,35,25,43,17,36,30,36,74,104,182,27,72,14,73,66,14,32,63,32,17,54,30,68,57,32,67,28,41
348,222,115,72,303,68,269,79,105,130,251,275,488,188,165,183,199,464,265,36,69,288,163,116,173,79,177,144,139,335,439,803,155,268,57,285,255,34,139,304,183,49,231,120,206,282,146,287,103,180
536,446,215,93,485,100,465,169,165,214,433,550,1001,328,308,297,380,954,473,71,288,264,314,205,345,133,311,265,286,662,721,1430,279,472,130,553,457,104,261,561,321,112,396,188,388,483,334,499,191,369
361,227,114,58,278,75,299,83,91,113,259,317,534,176,162,167,192,509,323,35,163,314,100,106,198,77,193,136,156,380,463,881,176,285,67,276,256,47,122,317,201,64,222,114,251,275,182,324,115,208
204,170,92,42,210,51,196,67,56,91,173,229,392,126,97,118,129,363,194,25,116,205,106,35,116,54,121,106,103,242,318,552,102,198,35,213,193,36,102,230,139,53,149,91,147,212,103,206,69,123
344,270,120,54,329,79,312,115,106,148,291,405,633,202,183,192,218,614,329,43,173,345,198,116,106,87,220,157,180,421,495,937,182,309,74,322,295,54,173,360,216,65,284,129,249,311,186,347,143,224
146,117,52,19,129,30,129,44,40,63,123,162,218,77,58,72,97,228,117,17,79,133,77,54,87,16,85,59,65,155,212,354,63,113,23,129,130,22,80,151,81,33,98,56,96,117,77,127,55,91
354,280,147,64,346,86,322,115,119,137,266,399,650,200,152,188,235,620,324,36,177,311,193,121,220,85,111,171,188,382,514,947,176,334,78,353,323,50,187,384,221,77,282,139,243,305,197,347,141,253
278,225,77,42,218,60,247,71,76,101,202,259,420,156,140,135,167,395,202,30,144,265,136,106,157,59,171,67,115,271,371,674,133,214,56,238,256,42,119,228,136,53,173,87,217,200,161,229,94,167
314,200,113,54,255,68,243,70,85,115,236,311,508,164,169,152,191,458,252,36,139,286,156,103,180,65,188,115,49,301,419,740,142,243,54,253,246,30,113,293,172,54,197,76,218,217,129,263,112,152
611,496,263,113,660,151,596,175,192,257,521,705,1169,416,307,340,478,1107,640,74,335,662,380,242,421,155,382,271,301,382,980,1825,325,603,140,637,606,97,301,660,394,133,502,249,514,616,378,697,232,416
677,661,310,106,815,144,711,221,241,321,691,873,1380,515,417,451,539,1373,759,104,439,721,463,318,495,212,514,371,419,980,510,2015,425,700,167,831,730,152,387,801,504,149,595,298,601,719,486,740,275,520
1156,1216,604,221,1387,269,1348,444,504,535,1122,1544,2461,862,714,815,1004,2460,1431,182,803,1430,881,552,937,354,947,674,740,1825,2015,1810,712,1306,314,1542,1267,222,689,1539,931,309,1072,556,1133,1252,908,1401,514,889
242,224,103,49,259,70,278,86,95,116,237,302,484,189,148,147,179,480,267,27,155,279,176,102,182,63,176,133,142,325,425,712,68,260,61,316,289,48,137,283,180,51,204,114,226,228,166,273,115,180
509,388,203,80,467,106,437,152,147,184,395,475,846,336,256,278,344,877,472,72,268,472,285,198,309,113,334,214,243,603,700,1306,260,208,107,515,396,81,246,477,305,104,400,177,396,427,300,484,174,326
115,95,44,12,101,25,110,45,36,44,105,124,228,52,53,68,81,220,117,14,57,130,67,35,74,23,78,56,54,140,167,314,61,107,15,120,81,17,67,114,85,26,94,42,88,90,71,129,43,70
513,473,214,96,552,133,524,147,177,232,505,580,981,334,239,265,388,960,544,73,285,553,276,213,322,129,353,238,253,637,831,1542,316,515,120,301,524,80,258,581,340,116,407,192,405,514,307,551,197,377
512,424,197,78,501,100,439,151,173,209,376,532,899,320,233,251,370,824,494,66,255,457,256,193,295,130,323,256,246,606,730,1267,289,396,81,524,213,74,256,499,296,113,353,180,379,449,286,507,153,333
92,75,47,12,77,12,78,30,34,26,73,98,145,53,50,54,67,150,80,14,34,104,47,36,54,22,50,42,30,97,152,222,48,81,17,80,74,7,42,93,56,13,65,33,70,98,55,81,34,65
243,237,111,46,275,69,233,72,72,102,241,271,470,141,120,132,188,473,277,32,139,261,122,102,173,80,187,119,113,301,387,689,137,246,67,258,256,42,71,279,173,48,184,84,199,227,136,293,102,152
502,481,215,90,547,121,527,151,181,221,471,625,956,349,262,294,378,940,557,63,304,561,317,230,360,151,384,228,293,660,801,1539,283,477,114,581,499,93,279,279,360,118,406,182,431,525,334,550,196,369
318,306,119,52,328,66,316,101,122,137,274,395,633,209,154,176,229,620,311,32,183,321,201,139,216,81,221,136,172,394,504,931,180,305,85,340,296,56,173,360,105,63,264,117,259,351,204,334,133,208
115,101,43,25,115,27,115,31,39,46,91,110,197,60,59,54,71,195,113,17,49,112,64,53,65,33,77,53,54,133,149,309,51,104,26,116,113,13,48,118,63,10,79,40,76,107,57,107,49,75
381,390,146,60,390,81,352,117,96,145,284,427,746,253,187,203,252,681,387,54,231,396,222,149,284,98,282,173,197,502,595,1072,204,400,94,407,353,65,184,406,264,79,129,146,318,357,258,394,133,270
178,155,64,37,200,48,200,49,73,79,151,215,322,138,89,94,124,327,185,30,120,188,114,91,129,56,139,87,76,249,298,556,114,177,42,192,180,33,84,182,117,40,146,32,138,174,105,213,76,151
426,344,163,81,433,102,363,136,123,170,335,447,775,247,245,227,267,730,398,68,206,388,251,147,249,96,243,217,218,514,601,1133,226,396,88,405,379,70,199,431,259,76,318,138,153,342,245,419,165,282
431,400,187,68,452,91,445,149,154,194,405,531,877,312,246,280,326,820,456,57,282,483,275,212,311,117,305,200,217,616,719,1252,228,427,90,514,449,98,227,525,351,107,357,174,342,232,304,509,160,308
336,242,118,55,338,75,335,85,85,126,233,394,578,196,158,186,204,576,325,32,146,334,182,103,186,77,197,161,129,378,486,908,166,300,71,307,286,55,136,334,204,57,258,105,245,304,110,346,119,208
512,476,209,91,555,110,488,149,151,214,441,573,898,315,314,330,384,937,560,67,287,499,324,206,347,127,347,229,263,697,740,1401,273,484,129,551,507,81,293,550,334,107,394,213,419,509,346,257,212,362
179,163,88,29,178,55,186,71,47,70,144,200,331,138,89,117,131,332,180,28,103,191,115,69,143,55,141,94,112,232,275,514,115,174,43,197,153,34,102,196,133,49,133,76,165,160,119,212,31,129
370,295,143,68,346,97,338,94,101,149,299,393,617,214,180,196,227,587,363,41,180,369,208,123,224,91,253,167,152,416,520,889,180,326,70,377,333,65,152,369,208,75,270,151,282,308,208,362,129,119
