259,458,199,92,541,110,456,173,172,247,425,528,808,395,297,319,369,813,478,68,300,503,354,209,372,154,369,265,278,609,692,1146,261,439,110,513,465,77,243,479,325,113,359,165,426,444,283,492,158,382
458,190,160,78,461,98,412,111,153,159,351,523,768,286,233,240,314,748,438,47,231,450,245,205,305,111,306,208,187,496,663,1246,236,456,84,453,413,74,202,491,275,87,314,155,359,382,282,461,151,298
199,160,40,33,210,41,179,56,64,77,146,234,392,115,106,115,153,389,207,33,104,190,106,60,109,49,119,109,87,237,267,569,118,178,44,211,191,38,91,192,126,48,143,73,153,185,138,178,90,131
92,78,33,8,80,25,70,24,28,41,68,81,142,50,42,47,64,146,90,7,64,80,51,35,69,19,58,55,42,99,106,212,43,79,13,97,69,19,49,77,43,15,56,34,74,60,57,90,30,50
541,461,210,80,247,123,488,144,158,196,432,572,904,328,244,289,385,908,541,62,275,558,299,186,345,121,349,214,240,702,801,1335,283,493,123,566,454,108,226,532,352,98,401,193,384,495,309,504,167,378
110,98,41,25,123,15,92,30,44,48,85,96,195,70,61,62,83,181,109,12,78,121,62,46,74,23,71,56,68,144,160,293,53,104,27,121,89,15,63,97,57,23,76,50,89,113,70,110,38,61
456,412,179,70,488,92,215,145,149,185,403,501,905,290,245,280,342,860,479,61,287,474,266,179,322,127,346,231,217,614,701,1363,248,423,92,540,436,90,227,520,299,100,348,183,360,506,322,463,163,303
173,111,56,24,144,30,145,20,50,75,135,158,269,102,61,79,102,269,153,28,73,140,73,51,91,42,106,65,77,184,227,438,75,132,34,172,138,19,65,175,113,29,119,50,110,133,79,156,69,98
172,153,64,28,158,44,149,50,21,64,143,198,288,99,86,103,103,292,160,21,91,140,61,56,103,48,114,74,83,219,243,460,77,139,38,171,156,27,72,170,106,24,128,62,129,157,94,161,62,110
247,159,77,41,196,48,185,75,64,37,165,230,357,142,134,141,174,344,215,22,108,207,127,76,134,62,166,96,109,273,305,568,110,196,51,241,193,31,100,204,127,52,163,87,184,200,124,218,78,150
425,351,146,68,432,85,403,135,143,165,173,502,754,296,235,262,317,752,413,57,253,426,242,183,290,128,314,200,237,538,635,1162,211,396,85,467,391,66,208,459,303,94,301,165,345,362,264,439,129,277
528,523,234,81,572,96,501,158,198,230,502,334,992,370,270,307,428,926,582,76,315,576,369,204,365,148,381,230,286,717,853,1547,303,514,120,648,518,85,281,600,378,123,419,208,445,499,367,592,168,425
808,768,392,142,904,195,905,269,288,357,754,992,843,595,456,496,640,1430,924,117,510,960,567,359,638,246,630,418,462,1126,1353,2476,481,901,203,974,852,146,469,974,632,195,678,338,768,785,613,959,340,613
395,286,115,50,328,70,290,102,99,142,296,370,595,94,175,188,245,552,317,34,178,317,212,128,229,90,214,139,153,421,530,926,187,320,75,336,327,62,159,350,202,66,259,115,248,356,204,323,125,233
297,233,106,42,244,61,245,61,86,134,235,270,456,175,72,144,199,465,266,28,153,283,144,110,169,66,171,123,143,277,379,711,149,257,57,269,246,30,108,279,185,48,235,105,196,219,144,287,96,191
319,240,115,47,289,62,280,79,103,141,262,307,496,188,144,71,239,526,273,33,141,274,175,94,199,77,196,127,152,308,433,834,174,270,61,330,265,32,148,296,187,55,249,111,212,256,166,300,110,235
369,314,153,64,385,83,342,102,103,174,317,428,640,245,199,239,121,642,397,46,208,360,206,131,249,98,240,176,177,462,517,995,187,343,76,381,335,68,189,377,221,66,294,148,300,338,235,364,134,256
813,748,389,146,908,181,860,269,292,344,752,926,1430,552,465,526,642,831,864,122,507,896,560,364,616,219,613,434,450,1109,1308,2432,486,846,220,952,814,135,453,946,609,176,720,344,698,793,538,941,334,597
478,438,207,90,541,109,479,153,160,215,413,582,924,317,266,273,397,864,292,65,293,496,299,191,326,124,338,227,252,613,765,1433,286,495,114,520,488,94,268,527,364,108,394,201,392,472,306,544,187,348
68,47,33,7,62,12,61,28,21,22,57,76,117,34,28,33,46,122,65,5,34,64,32,22,38,19,38,28,30,70,76,178,38,57,16,67,51,9,33,60,41,13,53,22,44,53,36,63,24,41
300,231,104,64,275,78,287,73,91,108,253,315,510,178,153,141,208,507,293,34,85,309,168,114,172,70,175,114,132,345,423,809,172,260,59,286,279,44,130,317,183,57,228,107,227,272,185,276,132,197
503,450,190,80,558,121,474,140,140,207,426,576,960,317,283,274,360,896,496,64,309,266,280,209,344,144,366,230,258,592,780,1416,288,471,109,547,502,94,260,559,350,105,388,189,383,503,301,563,166,337
354,245,106,51,299,62,266,73,61,127,242,369,567,212,144,175,206,560,299,32,168,280,72,105,185,73,184,129,163,371,420,825,168,271,80,285,288,52,140,333,188,63,214,126,230,278,191,322,99,199
209,205,60,35,186,46,179,51,56,76,183,204,359,128,110,94,131,364,191,22,114,209,105,48,134,68,163,88,95,251,315,542,112,164,54,186,179,43,90,245,124,40,148,73,154,177,120,203,65,129
372,305,109,69,345,74,322,91,103,134,290,365,638,229,169,199,249,616,326,38,172,344,185,134,115,80,209,158,175,417,503,920,178,328,82,318,328,50,165,350,189,57,275,113,258,307,214,393,115,231
154,111,49,19,121,23,127,42,48,62,128,148,246,90,66,77,98,219,124,19,70,144,73,68,80,17,73,50,57,146,204,367,58,123,37,123,137,24,64,126,85,30,98,61,108,121,71,137,51,89
369,306,119,58,349,71,346,106,114,166,314,381,630,214,171,196,240,613,338,38,175,366,184,163,209,73,110,133,154,434,486,967,172,330,95,321,334,52,163,374,232,74,257,125,248,317,193,373,129,226
265,208,109,55,214,56,231,65,74,96,200,230,418,139,123,127,176,434,227,28,114,230,129,88,158,50,133,53,121,284,363,687,158,230,54,232,218,36,105,245,148,38,189,82,191,229,138,260,94,180
278,187,87,42,240,68,217,77,83,109,237,286,462,153,143,152,177,450,252,30,132,258,163,95,175,57,154,121,58,322,392,747,150,245,57,241,247,41,129,234,143,34,181,93,193,250,148,276,101,169
609,496,237,99,702,144,614,184,219,273,538,717,1126,421,277,308,462,1109,613,70,345,592,371,251,417,146,434,284,322,422,944,1798,344,583,144,672,575,103,330,660,413,125,507,222,494,562,405,735,215,417
692,663,267,106,801,160,701,227,243,305,635,853,1353,530,379,433,517,1308,765,76,423,780,420,315,503,204,486,363,392,944,556,2050,389,712,194,811,713,119,364,803,503,158,565,264,589,706,484,804,267,487
1146,1246,569,212,1335,293,1363,438,460,568,1162,1547,2476,926,711,834,995,2432,1433,178,809,1416,825,542,920,367,967,687,747,1798,2050,1923,734,1332,294,1517,1301,212,720,1443,922,300,992,535,1159,1314,904,1419,499,933
261,236,118,43,283,53,248,75,77,110,211,303,481,187,149,174,187,486,286,38,172,288,168,112,178,58,172,158,150,344,389,734,73,261,69,304,244,36,141,289,183,65,206,110,216,248,168,279,92,178
439,456,178,79,493,104,423,132,139,196,396,514,901,320,257,270,343,846,495,57,260,471,271,164,328,123,330,230,245,583,712,1332,261,203,100,506,417,76,233,496,327,97,384,189,367,432,304,504,162,342
110,84,44,13,123,27,92,34,38,51,85,120,203,75,57,61,76,220,114,16,59,109,80,54,82,37,95,54,57,144,194,294,69,100,18,123,116,25,50,101,78,21,87,50,96,114,66,118,43,77
513,453,211,97,566,121,540,172,171,241,467,648,974,336,269,330,381,952,520,67,286,547,285,186,318,123,321,232,241,672,811,1517,304,506,123,284,506,86,248,551,347,121,408,216,444,530,322,578,204,371
465,413,191,69,454,89,436,138,156,193,391,518,852,327,246,265,335,814,488,51,279,502,288,179,328,137,334,218,247,575,713,1301,244,417,116,506,243,81,243,515,322,88,315,169,372,425,304,471,177,320
77,74,38,19,108,15,90,19,27,31,66,85,146,62,30,32,68,135,94,9,44,94,52,43,50,24,52,36,41,103,119,212,36,76,25,86,81,8,46,94,50,15,74,37,72,70,52,98,38,49
243,202,91,49,226,63,227,65,72,100,208,281,469,159,108,148,189,453,268,33,130,260,140,90,165,64,163,105,129,330,364,720,141,233,50,248,243,46,61,264,156,51,196,96,182,214,137,253,87,167
479,491,192,77,532,97,520,175,170,204,459,600,974,350,279,296,377,946,527,60,317,559,333,245,350,126,374,245,234,660,803,1443,289,496,101,551,515,94,264,294,385,117,406,198,447,490,357,559,186,349
325,275,126,43,352,57,299,113,106,127,303,378,632,202,185,187,221,609,364,41,183,350,188,124,189,85,232,148,143,413,503,922,183,327,78,347,322,50,156,385,115,77,268,146,258,333,217,332,120,201
113,87,48,15,98,23,100,29,24,52,94,123,195,66,48,55,66,176,108,13,57,105,63,40,57,30,74,38,34,125,158,300,65,97,21,121,88,15,51,117,77,14,88,41,89,104,55,119,31,59
359,314,143,56,401,76,348,119,128,163,301,419,678,259,235,249,294,720,394,53,228,388,214,148,275,98,257,189,181,507,565,992,206,384,87,408,315,74,196,406,268,88,138,150,309,382,246,374,141,285
165,155,73,34,193,50,183,50,62,87,165,208,338,115,105,111,148,344,201,22,107,189,126,73,113,61,125,82,93,222,264,535,110,189,50,216,169,37,96,198,146,41,150,33,141,188,106,208,70,140
426,359,153,74,384,89,360,110,129,184,345,445,768,248,196,212,300,698,392,44,227,383,230,154,258,108,248,191,193,494,589,1159,216,367,96,444,372,72,182,447,258,89,309,141,157,399,247,446,160,291
444,382,185,60,495,113,506,133,157,200,362,499,785,356,219,256,338,793,472,53,272,503,278,177,307,121,317,229,250,562,706,1314,248,432,114,530,425,70,214,490,333,104,382,188,399,207,318,541,162,298
283,282,138,57,309,70,322,79,94,124,264,367,613,204,144,166,235,538,306,36,185,301,191,120,214,71,193,138,148,405,484,904,168,304,66,322,304,52,137,357,217,55,246,106,247,318,92,357,110,223
492,461,178,90,504,110,463,156,161,218,439,592,959,323,287,300,364,941,544,63,276,563,322,203,393,137,373,260,276,735,804,1419,279,504,118,578,471,98,253,559,332,119,374,208,446,541,357,258,201,363
158,151,90,30,167,38,163,69,62,78,129,168,340,125,96,110,134,334,187,24,132,166,99,65,115,51,129,94,101,215,267,499,92,162,43,204,177,38,87,186,120,31,141,70,160,162,110,201,24,131
382,298,131,50,378,61,303,98,110,150,277,425,613,233,191,235,256,597,348,41,197,337,199,129,231,89,226,180,169,417,487,933,178,342,77,371,320,49,167,349,201,59,285,140,291,298,223,363,131,112
