269,444,238,79,492,120,460,190,180,253,443,546,868,404,330,351,338,878,519,72,318,489,360,213,375,153,372,247,313,686,716,1149,246,452,104,511,498,72,267,475,340,120,400,179,425,407,339,497,180,369
444,197,157,61,442,88,387,114,149,191,361,478,790,250,215,234,316,838,455,53,250,444,246,168,268,109,280,188,229,585,678,1270,247,394,91,448,416,74,190,448,306,90,331,149,321,411,282,425,151,294
238,157,37,35,214,51,200,67,71,75,150,242,366,107,84,97,162,355,189,23,97,186,116,71,105,37,122,85,88,251,273,560,112,179,41,191,192,40,100,225,120,33,171,65,143,199,119,217,78,126
79,61,35,5,80,18,77,16,23,36,72,108,168,62,48,52,49,163,83,8,55,74,48,34,58,27,57,38,47,126,126,215,42,85,22,93,69,13,42,80,59,22,62,27,60,77,51,79,24,51
492,442,214,80,266,112,460,144,152,207,429,617,986,346,243,270,367,963,503,60,266,505,299,206,345,113,337,228,245,648,825,1449,282,462,136,585,492,85,245,547,368,127,370,161,419,477,332,512,194,364
120,88,51,18,112,7,78,25,28,42,75,131,232,75,61,65,81,215,115,12,74,108,62,36,69,36,79,48,56,169,164,315,60,107,30,113,92,15,50,108,63,29,98,40,69,108,70,107,38,81
460,387,200,77,460,78,216,140,151,207,431,555,844,289,248,267,324,891,465,57,247,476,290,201,323,111,319,230,248,609,713,1330,265,460,125,482,417,73,238,506,319,92,375,189,364,497,328,456,192,321
190,114,67,16,144,25,140,17,41,59,137,179,248,97,83,86,108,241,153,13,74,149,94,58,106,38,102,76,77,179,215,389,91,130,34,147,113,22,68,154,100,31,103,55,117,149,104,157,61,123
180,149,71,23,152,28,151,41,18,67,148,183,334,109,81,83,108,330,163,23,84,158,106,70,97,33,102,70,89,229,245,465,95,155,38,168,144,24,79,171,106,24,122,64,136,157,101,172,60,105
253,191,75,36,207,42,207,59,67,51,175,243,365,133,120,119,124,358,192,29,119,232,127,84,141,48,148,95,101,254,304,527,108,190,45,204,196,37,99,217,127,44,133,88,188,181,124,215,68,156
443,361,150,72,429,75,431,137,148,175,152,487,820,257,227,220,308,776,442,67,225,456,252,146,294,107,271,214,222,523,664,1182,206,380,102,445,395,80,201,464,303,91,320,168,344,401,274,446,158,292
546,478,242,108,617,131,555,179,183,243,487,320,1114,367,279,333,423,1073,572,71,296,565,321,239,360,142,393,252,260,745,893,1694,330,519,132,602,505,98,300,616,357,107,418,214,424,528,384,573,239,384
868,790,366,168,986,232,844,248,334,365,820,1114,817,555,436,494,674,1467,958,143,522,951,523,354,646,211,612,405,467,1128,1402,2515,474,873,208,933,834,168,472,1027,611,165,677,329,744,901,578,984,354,580
404,250,107,62,346,75,289,97,109,133,257,367,555,107,155,176,233,614,322,41,192,310,189,127,205,82,212,157,171,413,474,904,168,313,75,346,314,45,154,322,234,89,250,113,268,280,203,336,118,205
330,215,84,48,243,61,248,83,81,120,227,279,436,155,58,122,211,468,286,27,149,252,160,111,170,73,169,124,136,291,408,748,147,245,50,260,242,36,142,259,170,53,208,115,216,264,170,279,99,188
351,234,97,52,270,65,267,86,83,119,220,333,494,176,122,68,216,524,305,34,127,287,145,104,181,59,177,109,147,324,465,817,167,255,57,292,271,35,147,286,199,50,198,112,242,284,161,296,94,209
338,316,162,49,367,81,324,108,108,124,308,423,674,233,211,216,129,700,382,51,211,369,214,136,234,87,248,166,168,511,521,1016,203,350,91,371,355,54,185,381,259,71,279,127,291,357,224,377,128,233
878,838,355,163,963,215,891,241,330,358,776,1073,1467,614,468,524,700,846,940,128,492,924,525,364,629,215,617,418,468,1152,1412,2576,480,857,231,962,825,150,482,1017,609,183,645,321,749,890,584,944,348,627
519,455,189,83,503,115,465,153,163,192,442,572,958,322,286,305,382,940,258,60,298,493,301,168,359,128,315,219,238,602,801,1443,338,463,116,537,516,88,272,554,363,105,420,199,412,518,366,534,214,325
72,53,23,8,60,12,57,13,23,29,67,71,143,41,27,34,51,128,60,1,46,63,36,25,42,14,36,18,28,83,109,179,38,39,11,83,65,8,26,58,44,6,45,25,44,57,24,61,23,54
318,250,97,55,266,74,247,74,84,119,225,296,522,192,149,127,211,492,298,46,71,280,176,125,205,67,186,127,140,336,437,781,141,265,56,288,216,38,129,302,165,54,232,99,233,260,166,323,114,196
489,444,186,74,505,108,476,149,158,232,456,565,951,310,252,287,369,924,493,63,280,251,311,223,329,144,351,247,258,647,814,1447,290,440,121,554,512,82,264,549,371,110,403,202,406,498,337,548,169,356
360,246,116,48,299,62,290,94,106,127,252,321,523,189,160,145,214,525,301,36,176,311,69,133,199,66,188,141,142,365,473,793,141,281,70,309,287,53,152,291,190,63,230,103,244,268,187,343,120,218
213,168,71,34,206,36,201,58,70,84,146,239,354,127,111,104,136,364,168,25,125,223,133,36,131,64,156,95,94,253,300,541,101,195,48,222,207,43,92,220,149,30,163,74,152,173,134,212,75,143
375,268,105,58,345,69,323,106,97,141,294,360,646,205,170,181,234,629,359,42,205,329,199,131,98,66,207,145,157,403,541,954,199,268,75,308,278,52,154,358,214,65,292,114,235,319,196,374,122,224
153,109,37,27,113,36,111,38,33,48,107,142,211,82,73,59,87,215,128,14,67,144,66,64,66,16,77,56,73,156,180,361,81,116,22,128,119,24,58,135,87,19,107,40,88,119,78,142,48,82
372,280,122,57,337,79,319,102,102,148,271,393,612,212,169,177,248,617,315,36,186,351,188,156,207,77,115,173,162,445,514,979,192,300,80,354,324,51,165,354,258,58,270,125,260,310,196,352,137,239
247,188,85,38,228,48,230,76,70,95,214,252,405,157,124,109,166,418,219,18,127,247,141,95,145,56,173,59,107,254,343,650,119,210,45,225,207,45,90,272,142,57,188,81,189,200,139,263,88,173
313,229,88,47,245,56,248,77,89,101,222,260,467,171,136,147,168,468,238,28,140,258,142,94,157,73,162,107,59,295,406,723,144,254,61,271,227,41,122,240,164,53,191,83,190,249,145,266,106,181
686,585,251,126,648,169,609,179,229,254,523,745,1128,413,291,324,511,1152,602,83,336,647,365,253,403,156,445,254,295,376,988,1845,346,609,152,721,620,107,323,752,405,115,463,239,506,580,368,661,243,447
716,678,273,126,825,164,713,215,245,304,664,893,1402,474,408,465,521,1412,801,109,437,814,473,300,541,180,514,343,406,988,596,2168,430,714,168,789,708,133,372,828,542,151,592,282,632,748,527,844,283,503
1149,1270,560,215,1449,315,1330,389,465,527,1182,1694,2515,904,748,817,1016,2576,1443,179,781,1447,793,541,954,361,979,650,723,1845,2168,2030,762,1307,332,1485,1351,272,699,1533,1008,301,1083,524,1128,1401,947,1419,504,863
246,247,112,42,282,60,265,91,95,108,206,330,474,168,147,167,203,480,338,38,141,290,141,101,199,81,192,119,144,346,430,762,65,246,63,276,274,43,148,306,190,61,211,106,239,253,211,295,97,161
452,394,179,85,462,107,460,130,155,190,380,519,873,313,245,255,350,857,463,39,265,440,281,195,268,116,300,210,254,609,714,1307,246,214,98,525,473,81,220,546,308,114,385,184,365,465,295,481,147,334
104,91,41,22,136,30,125,34,38,45,102,132,208,75,50,57,91,231,116,11,56,121,70,48,75,22,80,45,61,152,168,332,63,98,7,121,110,22,57,107,74,24,86,46,91,99,87,115,44,77
511,448,191,93,585,113,482,147,168,204,445,602,933,346,260,292,371,962,537,83,288,554,309,222,308,128,354,225,271,721,789,1485,276,525,121,260,497,90,278,575,363,103,401,210,403,484,331,579,186,338
498,416,192,69,492,92,417,113,144,196,395,505,834,314,242,271,355,825,516,65,216,512,287,207,278,119,324,207,227,620,708,1351,274,473,110,497,201,70,229,484,307,93,353,186,377,451,306,449,173,317
72,74,40,13,85,15,73,22,24,37,80,98,168,45,36,35,54,150,88,8,38,82,53,43,52,24,51,45,41,107,133,272,43,81,22,90,70,7,41,92,67,15,58,47,67,72,60,98,34,65
267,190,100,42,245,50,238,68,79,99,201,300,472,154,142,147,185,482,272,26,129,264,152,92,154,58,165,90,122,323,372,699,148,220,57,278,229,41,70,251,180,48,197,95,167,220,164,267,88,172
475,448,225,80,547,108,506,154,171,217,464,616,1027,322,259,286,381,1017,554,58,302,549,291,220,358,135,354,272,240,752,828,1533,306,546,107,575,484,92,251,275,371,104,403,220,434,527,348,552,197,360
340,306,120,59,368,63,319,100,106,127,303,357,611,234,170,199,259,609,363,44,165,371,190,149,214,87,258,142,164,405,542,1008,190,308,74,363,307,67,180,371,117,83,267,133,288,346,219,413,128,252
120,90,33,22,127,29,92,31,24,44,91,107,165,89,53,50,71,183,105,6,54,110,63,30,65,19,58,57,53,115,151,301,61,114,24,103,93,15,48,104,83,7,75,54,83,98,60,116,42,80
400,331,171,62,370,98,375,103,122,133,320,418,677,250,208,198,279,645,420,45,232,403,230,163,292,107,270,188,191,463,592,1083,211,385,86,401,353,58,197,403,267,75,149,131,320,346,227,372,146,251
179,149,65,27,161,40,189,55,64,88,168,214,329,113,115,112,127,321,199,25,99,202,103,74,114,40,125,81,83,239,282,524,106,184,46,210,186,47,95,220,133,54,131,35,146,177,113,191,80,133
425,321,143,60,419,69,364,117,136,188,344,424,744,268,216,242,291,749,412,44,233,406,244,152,235,88,260,189,190,506,632,1128,239,365,91,403,377,67,167,434,288,83,320,146,148,371,262,425,147,275
407,411,199,77,477,108,497,149,157,181,401,528,901,280,264,284,357,890,518,57,260,498,268,173,319,119,310,200,249,580,748,1401,253,465,99,484,451,72,220,527,346,98,346,177,371,219,321,514,189,322
339,282,119,51,332,70,328,104,101,124,274,384,578,203,170,161,224,584,366,24,166,337,187,134,196,78,196,139,145,368,527,947,211,295,87,331,306,60,164,348,219,60,227,113,262,321,112,345,127,196
497,425,217,79,512,107,456,157,172,215,446,573,984,336,279,296,377,944,534,61,323,548,343,212,374,142,352,263,266,661,844,1419,295,481,115,579,449,98,267,552,413,116,372,191,425,514,345,239,187,333
180,151,78,24,194,38,192,61,60,68,158,239,354,118,99,94,128,348,214,23,114,169,120,75,122,48,137,88,106,243,283,504,97,147,44,186,173,34,88,197,128,42,146,80,147,189,127,187,28,137
369,294,126,51,364,81,321,123,105,156,292,384,580,205,188,209,233,627,325,54,196,356,218,143,224,82,239,173,181,447,503,863,161,334,77,338,317,65,172,360,252,80,251,133,275,322,196,333,137,118
