268,440,200,90,522,107,504,162,188,238,434,519,828,378,309,329,344,805,507,89,325,476,340,208,362,166,385,275,307,664,709,1222,247,503,97,536,505,95,251,518,314,110,398,172,426,434,312,477,168,363
440,184,159,67,437,97,409,129,128,168,351,482,800,279,210,230,295,766,394,53,233,411,240,185,261,97,273,188,228,524,682,1235,243,378,86,454,384,87,223,483,290,91,308,157,326,412,279,465,135,302
200,159,45,37,213,51,222,59,61,86,172,245,387,138,111,115,156,368,202,20,123,224,125,77,119,43,120,88,98,237,331,551,120,216,40,211,197,38,109,215,135,38,166,73,152,197,130,224,73,145
90,67,37,8,89,18,73,24,15,31,84,87,158,57,47,41,63,153,77,16,54,96,57,44,55,21,66,35,49,110,121,221,34,95,11,84,77,13,43,81,49,11,66,35,89,75,55,89,25,64
522,437,213,89,271,136,519,147,161,221,432,584,951,370,245,253,338,890,546,58,274,547,302,207,315,119,358,239,307,632,785,1445,268,475,127,545,499,95,245,551,355,125,354,195,434,468,323,575,206,358
107,97,51,18,136,15,112,31,35,40,93,136,200,72,60,68,78,188,106,16,70,115,74,50,68,33,84,52,60,146,176,307,48,113,21,107,104,19,62,118,80,16,81,43,89,97,64,132,31,83
504,409,222,73,519,112,224,163,159,197,421,527,855,307,243,283,364,844,472,72,275,524,263,201,300,128,333,236,245,593,769,1305,251,463,99,546,420,82,281,519,296,90,360,189,375,465,327,494,135,347
162,129,59,24,147,31,163,25,36,70,132,175,269,106,88,88,102,269,162,27,78,152,78,73,88,38,89,70,59,190,209,405,57,133,32,181,143,18,70,156,108,31,105,57,134,137,87,138,48,119
188,128,61,15,161,35,159,36,24,62,126,187,307,115,68,74,131,279,177,20,80,163,87,63,100,33,101,80,89,194,259,470,96,152,28,177,134,25,77,169,113,46,147,60,124,153,103,181,68,113
238,168,86,31,221,40,197,70,62,51,172,213,361,154,114,114,138,334,220,31,122,223,109,84,130,56,145,108,119,261,291,542,124,201,41,234,183,38,94,225,139,35,167,70,176,197,141,227,75,144
434,351,172,84,432,93,421,132,126,172,152,462,788,269,212,232,315,757,438,51,239,428,255,162,253,109,293,227,228,562,582,1143,242,391,79,466,435,73,204,474,281,91,290,178,343,407,294,442,165,272
519,482,245,87,584,136,527,175,187,213,462,329,1023,377,284,304,413,1042,595,70,302,568,344,216,379,147,386,251,287,709,842,1622,301,549,126,578,541,86,281,604,373,125,421,220,434,542,353,548,227,389
828,800,387,158,951,200,855,269,307,361,788,1023,853,583,463,519,649,1513,920,119,487,954,541,386,604,202,570,458,455,1181,1396,2551,475,887,191,976,903,152,443,1009,619,169,688,355,704,884,567,901,333,603
378,279,138,57,370,72,307,106,115,154,269,377,583,93,178,191,235,602,320,41,174,356,198,117,218,90,219,162,171,399,535,942,186,312,63,362,344,47,175,350,200,71,242,127,290,292,203,355,143,203
309,210,111,47,245,60,243,88,68,114,212,284,463,178,76,159,190,470,246,29,150,265,147,93,168,65,182,127,133,312,394,768,157,245,52,284,244,39,146,292,179,55,213,86,202,235,152,324,104,197
329,230,115,41,253,68,283,88,74,114,232,304,519,191,159,81,209,538,277,34,158,322,175,109,173,62,189,149,157,353,450,861,175,238,63,299,247,42,141,324,187,58,239,103,241,271,173,355,125,215
344,295,156,63,338,78,364,102,131,138,315,413,649,235,190,209,113,661,369,37,206,375,229,152,253,89,253,150,169,457,578,1005,198,329,82,392,348,66,191,413,225,60,318,157,311,329,234,394,134,244
805,766,368,153,890,188,844,269,279,334,757,1042,1513,602,470,538,661,850,882,122,462,914,531,370,580,218,580,429,489,1176,1366,2579,505,829,212,966,849,143,463,971,608,192,721,317,708,849,614,916,348,567
507,394,202,77,546,106,472,162,177,220,438,595,920,320,246,277,369,882,264,52,255,463,281,189,328,137,336,259,249,635,742,1445,271,472,106,582,458,92,230,548,301,92,360,231,393,486,341,489,191,363
89,53,20,16,58,16,72,27,20,31,51,70,119,41,29,34,37,122,52,3,46,51,41,22,31,19,53,24,39,71,100,196,42,55,10,70,66,5,30,64,41,13,55,36,63,74,35,78,23,45
325,233,123,54,274,70,275,78,80,122,239,302,487,174,150,158,206,462,255,46,84,289,151,98,154,66,175,116,126,322,450,760,125,269,45,296,281,45,131,323,170,55,201,95,211,245,168,291,98,186
476,411,224,96,547,115,524,152,163,223,428,568,954,356,265,322,375,914,463,51,289,244,292,200,325,135,323,264,270,667,794,1457,306,503,117,579,486,79,243,585,325,112,362,209,450,506,321,553,192,362
340,240,125,57,302,74,263,78,87,109,255,344,541,198,147,175,229,531,281,41,151,292,83,110,193,67,185,143,155,355,431,802,161,297,52,318,287,41,146,300,194,61,208,124,223,279,165,329,102,176
208,185,77,44,207,50,201,73,63,84,162,216,386,117,93,109,152,370,189,22,98,200,110,35,124,56,132,99,102,255,312,575,109,188,28,221,191,24,120,230,136,48,142,67,174,215,127,207,61,128
362,261,119,55,315,68,300,88,100,130,253,379,604,218,168,173,253,580,328,31,154,325,193,124,104,77,211,161,181,382,496,926,185,309,58,343,312,48,154,350,224,62,242,137,263,305,203,363,115,209
166,97,43,21,119,33,128,38,33,56,109,147,202,90,65,62,89,218,137,19,66,135,67,56,77,16,80,57,66,172,219,361,84,122,27,137,125,18,71,102,69,26,107,47,106,139,72,125,38,80
385,273,120,66,358,84,333,89,101,145,293,386,570,219,182,189,253,580,336,53,175,323,185,132,211,80,95,169,161,422,514,1000,208,292,66,374,320,54,177,333,224,82,261,126,272,351,203,363,124,233
275,188,88,35,239,52,236,70,80,108,227,251,458,162,127,149,150,429,259,24,116,264,143,99,161,57,169,62,124,289,380,662,133,228,48,228,243,44,112,256,147,51,186,77,194,204,132,221,89,159
307,228,98,49,307,60,245,59,89,119,228,287,455,171,133,157,169,489,249,39,126,270,155,102,181,66,161,124,65,305,362,690,131,252,53,256,226,46,107,272,156,54,188,92,206,227,169,266,105,171
664,524,237,110,632,146,593,190,194,261,562,709,1181,399,312,353,457,1176,635,71,322,667,355,255,382,172,422,289,305,385,1010,1805,358,586,137,664,581,122,325,739,395,116,455,263,482,609,429,680,230,433
709,682,331,121,785,176,769,209,259,291,582,842,1396,535,394,450,578,1366,742,100,450,794,431,312,496,219,514,380,362,1010,561,2169,444,721,182,875,721,120,356,784,470,162,548,304,639,707,477,758,286,514
1222,1235,551,221,1445,307,1305,405,470,542,1143,1622,2551,942,768,861,1005,2579,1445,196,760,1457,802,575,926,361,1000,662,690,1805,2169,1996,725,1260,310,1542,1360,271,692,1501,946,307,1077,554,1102,1353,896,1454,506,883
247,243,120,34,268,48,251,57,96,124,242,301,475,186,157,175,198,505,271,42,125,306,161,109,185,84,208,133,131,358,444,725,74,275,59,311,273,42,107,296,188,46,215,131,213,238,177,290,100,186
503,378,216,95,475,113,463,133,152,201,391,549,887,312,245,238,329,829,472,55,269,503,297,188,309,122,292,228,252,586,721,1260,275,231,104,492,457,78,220,518,317,78,374,176,406,414,309,484,167,341
97,86,40,11,127,21,99,32,28,41,79,126,191,63,52,63,82,212,106,10,45,117,52,28,58,27,66,48,53,137,182,310,59,104,7,120,90,16,62,137,69,29,77,30,81,117,74,117,26,70
536,454,211,84,545,107,546,181,177,234,466,578,976,362,284,299,392,966,582,70,296,579,318,221,343,137,374,228,256,664,875,1542,311,492,120,273,522,95,300,649,344,118,417,188,476,516,327,567,216,364
505,384,197,77,499,104,420,143,134,183,435,541,903,344,244,247,348,849,458,66,281,486,287,191,312,125,320,243,226,581,721,1360,273,457,90,522,219,72,264,531,311,89,345,165,400,408,305,521,156,325
95,87,38,13,95,19,82,18,25,38,73,86,152,47,39,42,66,143,92,5,45,79,41,24,48,18,54,44,46,122,120,271,42,78,16,95,72,6,36,92,56,14,64,31,58,72,37,76,34,58
251,223,109,43,245,62,281,70,77,94,204,281,443,175,146,141,191,463,230,30,131,243,146,120,154,71,177,112,107,325,356,692,107,220,62,300,264,36,51,280,156,46,195,95,213,231,127,259,88,196
518,483,215,81,551,118,519,156,169,225,474,604,1009,350,292,324,413,971,548,64,323,585,300,230,350,102,333,256,272,739,784,1501,296,518,137,649,531,92,280,317,350,104,403,206,411,517,344,549,215,357
314,290,135,49,355,80,296,108,113,139,281,373,619,200,179,187,225,608,301,41,170,325,194,136,224,69,224,147,156,395,470,946,188,317,69,344,311,56,156,350,93,67,268,146,257,300,203,347,126,212
110,91,38,11,125,16,90,31,46,35,91,125,169,71,55,58,60,192,92,13,55,112,61,48,62,26,82,51,54,116,162,307,46,78,29,118,89,14,46,104,67,10,70,44,90,96,66,116,36,70
398,308,166,66,354,81,360,105,147,167,290,421,688,242,213,239,318,721,360,55,201,362,208,142,242,107,261,186,188,455,548,1077,215,374,77,417,345,64,195,403,268,70,130,156,288,365,242,403,140,264
172,157,73,35,195,43,189,57,60,70,178,220,355,127,86,103,157,317,231,36,95,209,124,67,137,47,126,77,92,263,304,554,131,176,30,188,165,31,95,206,146,44,156,36,159,183,126,220,71,114
426,326,152,89,434,89,375,134,124,176,343,434,704,290,202,241,311,708,393,63,211,450,223,174,263,106,272,194,206,482,639,1102,213,406,81,476,400,58,213,411,257,90,288,159,168,390,227,445,127,273
434,412,197,75,468,97,465,137,153,197,407,542,884,292,235,271,329,849,486,74,245,506,279,215,305,139,351,204,227,609,707,1353,238,414,117,516,408,72,231,517,300,96,365,183,390,215,282,503,171,300
312,279,130,55,323,64,327,87,103,141,294,353,567,203,152,173,234,614,341,35,168,321,165,127,203,72,203,132,169,429,477,896,177,309,74,327,305,37,127,344,203,66,242,126,227,282,92,332,140,205
477,465,224,89,575,132,494,138,181,227,442,548,901,355,324,355,394,916,489,78,291,553,329,207,363,125,363,221,266,680,758,1454,290,484,117,567,521,76,259,549,347,116,403,220,445,503,332,292,168,333
168,135,73,25,206,31,135,48,68,75,165,227,333,143,104,125,134,348,191,23,98,192,102,61,115,38,124,89,105,230,286,506,100,167,26,216,156,34,88,215,126,36,140,71,127,171,140,168,19,113
363,302,145,64,358,83,347,119,113,144,272,389,603,203,197,215,244,567,363,45,186,362,176,128,209,80,233,159,171,433,514,883,186,341,70,364,325,58,196,357,212,70,264,114,273,300,205,333,113,102
