259,467,207,82,476,86,475,179,187,258,432,510,806,355,325,382,347,848,513,73,321,510,326,213,373,170,394,307,312,611,692,1186,221,502,111,567,508,87,236,468,344,95,366,189,432,405,354,484,155,406
467,179,155,79,457,98,420,137,136,198,379,500,778,275,231,281,325,778,443,49,228,445,253,167,281,100,263,214,219,529,655,1279,241,409,100,457,413,57,249,448,288,81,338,163,366,425,283,467,176,304
207,155,40,33,190,41,207,61,75,82,156,202,348,117,106,123,136,389,215,21,101,190,108,75,119,57,117,94,109,246,310,589,113,192,39,195,171,31,87,205,124,51,153,79,168,169,110,198,85,142
82,79,33,8,88,14,79,23,27,45,76,91,146,68,38,48,62,141,102,15,45,99,53,40,56,22,73,38,47,107,137,224,43,76,18,91,66,19,41,94,53,23,66,32,66,62,67,75,30,54
476,457,190,88,268,117,497,156,173,210,424,596,942,320,257,303,338,927,520,56,256,515,291,198,330,132,338,242,260,647,746,1400,273,487,129,511,525,88,273,552,322,97,395,212,440,444,328,534,181,366
86,98,41,14,117,8,97,36,43,51,91,106,191,81,55,70,81,186,121,22,60,127,79,53,69,31,88,54,60,142,199,288,64,98,27,127,101,21,67,126,72,31,82,55,93,107,78,112,39,93
475,420,207,79,497,97,217,146,146,215,425,535,863,330,255,292,368,895,493,66,258,507,314,213,335,119,351,224,255,614,760,1325,262,445,95,513,441,80,234,534,321,109,396,211,380,432,320,484,157,341
179,137,61,23,156,36,146,30,50,65,143,168,264,120,81,87,119,256,154,17,88,158,88,59,101,46,109,78,82,176,245,418,81,155,33,156,164,23,73,169,100,25,114,62,119,128,93,154,52,115
187,136,75,27,173,43,146,50,21,76,131,168,313,95,80,98,118,309,152,15,87,141,83,61,105,44,104,74,92,205,252,499,89,146,35,189,148,37,80,173,97,28,119,61,133,149,110,172,49,104
258,198,82,45,210,51,215,65,76,42,169,224,362,156,126,142,151,373,233,24,116,221,125,94,138,62,159,106,116,261,303,583,102,196,58,224,192,32,101,224,121,40,162,66,173,191,142,190,70,171
432,379,156,76,424,91,425,143,131,169,189,454,768,289,238,257,301,778,461,50,235,455,243,182,285,116,317,195,224,521,603,1137,205,391,95,449,407,72,220,473,287,103,316,155,377,386,296,414,152,295
510,500,202,91,596,106,535,168,168,224,454,332,1055,337,259,310,404,1062,568,60,311,581,322,230,378,126,356,244,280,735,878,1588,306,521,131,591,469,86,300,641,404,110,408,205,426,519,334,582,224,394
806,778,348,146,942,191,863,264,313,362,768,1055,771,616,462,490,636,1484,941,125,531,954,545,391,623,223,589,395,463,1133,1376,2468,497,866,206,962,833,156,468,946,595,194,651,350,742,856,576,942,323,599
355,275,117,68,320,81,330,120,95,156,289,337,616,110,188,178,240,619,353,37,189,346,210,133,217,91,247,139,161,396,516,890,181,316,73,339,307,49,161,339,194,63,258,138,266,304,218,305,114,224
325,231,106,38,257,55,255,81,80,126,238,259,462,188,81,143,196,450,267,31,157,280,177,83,167,65,167,122,127,298,416,745,136,232,55,272,247,47,128,302,196,56,220,96,229,250,160,271,101,200
382,281,123,48,303,70,292,87,98,142,257,310,490,178,143,96,214,500,306,34,175,306,174,118,190,73,175,133,131,315,450,815,156,278,75,302,273,46,160,329,188,60,247,111,226,287,179,279,117,207
347,325,136,62,338,81,368,119,118,151,301,404,636,240,196,214,139,673,377,50,216,349,232,152,272,96,245,178,194,441,569,1037,192,348,75,375,376,69,180,397,214,61,267,161,338,312,235,408,141,243
848,778,389,141,927,186,895,256,309,373,778,1062,1484,619,450,500,673,810,882,115,494,918,535,344,617,212,567,384,465,1129,1378,2499,478,870,203,946,813,151,454,959,595,207,685,345,704,893,570,920,326,609
513,443,215,102,520,121,493,154,152,233,461,568,941,353,267,306,377,882,265,66,272,491,295,199,359,143,360,238,223,585,785,1419,265,496,120,530,489,98,265,578,321,110,389,194,442,481,346,561,176,344
73,49,21,15,56,22,66,17,15,24,50,60,125,37,31,34,50,115,66,3,37,82,35,29,41,19,50,28,26,75,98,196,36,55,9,65,63,11,25,80,32,14,53,25,60,49,37,71,24,48
321,228,101,45,256,60,258,88,87,116,235,311,531,189,157,175,216,494,272,37,74,282,165,115,174,70,180,113,142,380,446,753,150,261,66,283,255,37,135,295,189,45,245,104,221,233,155,309,103,170
510,445,190,99,515,127,507,158,141,221,455,581,954,346,280,306,349,918,491,82,282,249,337,185,349,150,360,245,265,615,810,1454,287,466,109,550,499,97,264,592,321,111,366,200,436,472,310,521,158,346
326,253,108,53,291,79,314,88,83,125,243,322,545,210,177,174,232,535,295,35,165,337,88,124,201,65,189,137,143,399,462,859,162,270,66,329,288,49,169,333,186,60,248,109,266,287,191,325,103,182
213,167,75,40,198,53,213,59,61,94,182,230,391,133,83,118,152,344,199,29,115,185,124,38,124,38,128,101,101,260,299,548,105,189,42,215,182,29,104,216,123,43,166,72,152,172,128,212,58,139
373,281,119,56,330,69,335,101,105,138,285,378,623,217,167,190,272,617,359,41,174,349,201,124,97,77,200,130,147,422,502,928,191,276,68,339,318,52,179,323,232,82,280,153,239,270,214,368,144,237
170,100,57,22,132,31,119,46,44,62,116,126,223,91,65,73,96,212,143,19,70,150,65,38,77,14,70,58,65,170,202,326,71,119,28,152,113,37,69,130,72,20,107,38,109,113,88,141,47,87
394,263,117,73,338,88,351,109,104,159,317,356,589,247,167,175,245,567,360,50,180,360,189,128,200,70,107,135,176,403,525,928,169,349,71,338,303,54,176,362,236,67,263,116,272,319,207,390,116,243
307,214,94,38,242,54,224,78,74,106,195,244,395,139,122,133,178,384,238,28,113,245,137,101,130,58,135,56,132,294,369,622,129,210,48,240,236,36,121,264,165,47,177,95,196,221,136,240,92,160
312,219,109,47,260,60,255,82,92,116,224,280,463,161,127,131,194,465,223,26,142,265,143,101,147,65,176,132,63,298,375,691,148,235,66,278,239,46,120,288,168,53,208,84,183,228,160,281,90,175
611,529,246,107,647,142,614,176,205,261,521,735,1133,396,298,315,441,1129,585,75,380,615,399,260,422,170,403,294,298,378,966,1835,332,614,137,658,575,109,330,717,415,110,484,233,494,580,387,684,230,447
692,655,310,137,746,199,760,245,252,303,603,878,1376,516,416,450,569,1378,785,98,446,810,462,299,502,202,525,369,375,966,611,2154,420,714,171,831,769,132,349,816,465,160,576,272,623,703,496,804,284,486
1186,1279,589,224,1400,288,1325,418,499,583,1137,1588,2468,890,745,815,1037,2499,1419,196,753,1454,859,548,928,326,928,622,691,1835,2154,1943,742,1284,348,1538,1295,247,679,1438,928,286,1047,507,1067,1334,910,1467,523,931
221,241,113,43,273,64,262,81,89,102,205,306,497,181,136,156,192,478,265,36,150,287,162,105,191,71,169,129,148,332,420,742,79,239,64,261,274,55,141,279,200,75,181,98,209,262,182,275,103,193
502,409,192,76,487,98,445,155,146,196,391,521,866,316,232,278,348,870,496,55,261,466,270,189,276,119,349,210,235,614,714,1284,239,197,106,496,445,79,251,510,304,97,379,207,381,446,252,506,159,325
111,100,39,18,129,27,95,33,35,58,95,131,206,73,55,75,75,203,120,9,66,109,66,42,68,28,71,48,66,137,171,348,64,106,14,110,104,21,64,128,96,19,91,42,91,99,65,115,37,72
567,457,195,91,511,127,513,156,189,224,449,591,962,339,272,302,375,946,530,65,283,550,329,215,339,152,338,240,278,658,831,1538,261,496,110,299,518,99,242,544,370,82,411,208,422,497,322,554,202,348
508,413,171,66,525,101,441,164,148,192,407,469,833,307,247,273,376,813,489,63,255,499,288,182,318,113,303,236,239,575,769,1295,274,445,104,518,204,80,265,518,301,114,368,176,377,452,294,501,167,336
87,57,31,19,88,21,80,23,37,32,72,86,156,49,47,46,69,151,98,11,37,97,49,29,52,37,54,36,46,109,132,247,55,79,21,99,80,7,55,84,47,20,62,34,64,72,41,81,37,54
236,249,87,41,273,67,234,73,80,101,220,300,468,161,128,160,180,454,265,25,135,264,169,104,179,69,176,121,120,330,349,679,141,251,64,242,265,55,55,273,174,52,196,121,207,225,170,251,95,178
468,448,205,94,552,126,534,169,173,224,473,641,946,339,302,329,397,959,578,80,295,592,333,216,323,130,362,264,288,717,816,1438,279,510,128,544,518,84,273,273,384,107,403,207,447,486,338,568,202,371
344,288,124,53,322,72,321,100,97,121,287,404,595,194,196,188,214,595,321,32,189,321,186,123,232,72,236,165,168,415,465,928,200,304,96,370,301,47,174,384,107,74,237,102,292,297,194,354,126,222
95,81,51,23,97,31,109,25,28,40,103,110,194,63,56,60,61,207,110,14,45,111,60,43,82,20,67,47,53,110,160,286,75,97,19,82,114,20,52,107,74,13,78,43,92,97,66,123,33,53
366,338,153,66,395,82,396,114,119,162,316,408,651,258,220,247,267,685,389,53,245,366,248,166,280,107,263,177,208,484,576,1047,181,379,91,411,368,62,196,403,237,78,156,133,328,360,239,421,145,253
189,163,79,32,212,55,211,62,61,66,155,205,350,138,96,111,161,345,194,25,104,200,109,72,153,38,116,95,84,233,272,507,98,207,42,208,176,34,121,207,102,43,133,33,172,150,126,231,68,122
432,366,168,66,440,93,380,119,133,173,377,426,742,266,229,226,338,704,442,60,221,436,266,152,239,109,272,196,183,494,623,1067,209,381,91,422,377,64,207,447,292,92,328,172,156,336,245,428,148,316
405,425,169,62,444,107,432,128,149,191,386,519,856,304,250,287,312,893,481,49,233,472,287,172,270,113,319,221,228,580,703,1334,262,446,99,497,452,72,225,486,297,97,360,150,336,198,294,506,161,285
354,283,110,67,328,78,320,93,110,142,296,334,576,218,160,179,235,570,346,37,155,310,191,128,214,88,207,136,160,387,496,910,182,252,65,322,294,41,170,338,194,66,239,126,245,294,116,322,135,231
484,467,198,75,534,112,484,154,172,190,414,582,942,305,271,279,408,920,561,71,309,521,325,212,368,141,390,240,281,684,804,1467,275,506,115,554,501,81,251,568,354,123,421,231,428,506,322,249,204,373
155,176,85,30,181,39,157,52,49,70,152,224,323,114,101,117,141,326,176,24,103,158,103,58,144,47,116,92,90,230,284,523,103,159,37,202,167,37,95,202,126,33,145,68,148,161,135,204,27,135
406,304,142,54,366,93,341,115,104,171,295,394,599,224,200,207,243,609,344,48,170,346,182,139,237,87,243,160,175,447,486,931,193,325,72,348,336,54,178,371,222,53,253,122,316,285,231,373,135,115
