256,454,219,103,541,108,476,179,200,252,451,517,780,373,346,333,354,775,487,74,323,507,347,190,381,134,358,282,330,618,684,1190,256,467,126,510,510,101,260,468,306,108,367,181,443,436,349,480,188,372
454,171,162,62,456,107,420,139,135,159,365,485,807,253,241,250,292,802,448,63,239,457,242,157,297,135,271,208,220,554,692,1285,241,434,92,463,389,72,229,461,281,84,319,162,333,397,260,455,161,279
219,162,36,30,181,46,200,65,69,90,181,220,375,122,93,100,141,362,183,25,121,213,100,81,120,54,135,103,101,250,307,574,98,173,41,214,176,34,97,229,114,36,149,71,165,181,103,216,54,134
103,62,30,9,75,19,76,35,21,30,69,89,142,59,40,45,64,162,89,12,61,79,48,34,58,26,52,38,53,94,109,202,40,80,16,85,66,13,47,82,51,15,58,27,72,62,58,90,27,63
541,456,181,75,246,114,512,141,173,209,438,588,917,338,272,285,365,927,502,62,315,517,314,203,324,113,322,241,257,610,777,1404,303,425,105,548,460,100,254,524,342,107,367,186,398,466,364,522,169,332
108,107,46,19,114,7,95,39,26,43,90,123,181,91,62,70,95,189,140,18,65,127,64,41,78,28,70,43,69,139,157,278,59,116,27,116,96,19,62,128,69,16,75,46,79,95,76,108,41,81
476,420,200,76,512,95,224,150,166,205,435,522,847,345,249,267,337,891,492,75,295,516,263,206,326,142,335,256,252,641,679,1328,248,459,97,524,428,86,250,527,345,105,329,184,372,480,286,460,160,297
179,139,65,35,141,39,150,16,51,45,126,199,262,88,96,101,101,271,146,15,53,164,95,59,108,37,108,67,75,186,223,425,77,159,26,175,149,28,75,159,93,25,97,61,128,156,80,147,58,82
200,135,69,21,173,26,166,51,26,76,140,207,295,124,79,86,118,267,165,18,92,180,89,79,122,49,98,67,81,169,257,426,104,151,25,154,162,28,81,171,97,33,102,55,139,148,112,148,55,101
252,159,90,30,209,43,205,45,76,44,174,214,360,167,98,120,141,365,223,19,118,239,125,99,127,50,137,102,104,281,319,555,123,190,48,186,209,34,85,240,132,39,164,76,175,186,132,202,79,118
451,365,181,69,438,90,435,126,140,174,201,491,774,290,223,225,305,741,448,45,228,447,237,173,280,121,282,191,234,547,653,1147,236,417,92,469,432,66,205,456,264,98,351,162,359,375,260,443,148,295
517,485,220,89,588,123,522,199,207,214,491,299,1001,360,315,340,440,976,559,71,335,576,335,221,383,147,394,244,274,745,810,1518,318,541,139,625,521,105,322,569,368,104,411,207,442,535,374,550,230,386
780,807,375,142,917,181,847,262,295,360,774,1001,811,596,507,564,648,1505,947,133,509,958,543,372,612,213,643,389,449,1179,1309,2411,448,846,206,893,875,154,452,971,592,180,694,351,738,835,600,917,296,600
373,253,122,59,338,91,345,88,124,167,290,360,596,109,181,184,219,594,306,29,174,322,202,135,215,92,212,163,171,421,468,896,197,336,65,320,316,42,154,371,243,59,252,129,248,287,179,364,128,198
346,241,93,40,272,62,249,96,79,98,223,315,507,181,60,138,197,479,259,27,147,272,162,113,173,67,190,139,124,318,384,757,126,226,47,283,256,53,129,284,166,50,191,104,215,253,145,282,88,182
333,250,100,45,285,70,267,101,86,120,225,340,564,184,138,85,220,545,268,28,151,309,165,130,179,77,204,131,129,313,426,857,179,242,61,285,289,57,139,314,169,53,215,102,201,261,164,296,98,196
354,292,141,64,365,95,337,101,118,141,305,440,648,219,197,220,125,624,359,44,187,362,242,142,237,96,258,176,201,479,561,975,190,366,76,373,335,56,146,377,211,65,309,134,289,306,227,339,145,255
775,802,362,162,927,189,891,271,267,365,741,976,1505,594,479,545,624,819,972,130,532,993,534,355,641,206,605,400,465,1163,1310,2445,453,842,203,939,846,143,443,969,603,184,689,352,722,844,542,889,307,601
487,448,183,89,502,140,492,146,165,223,448,559,947,306,259,268,359,972,256,63,284,490,287,202,329,118,346,232,262,690,759,1423,274,454,102,560,445,97,256,577,307,111,389,211,396,454,330,535,197,328
74,63,25,12,62,18,75,15,18,19,45,71,133,29,27,28,44,130,63,5,37,71,41,30,41,10,41,29,40,70,93,182,33,54,11,50,60,12,26,77,48,11,52,17,48,59,35,67,19,43
323,239,121,61,315,65,295,53,92,118,228,335,509,174,147,151,187,532,284,37,69,302,175,115,190,68,188,140,134,340,453,781,138,270,68,279,259,41,130,306,187,58,222,123,238,268,194,333,106,200
507,457,213,79,517,127,516,164,180,239,447,576,958,322,272,309,362,993,490,71,302,274,305,210,325,113,344,243,241,715,786,1392,272,492,127,559,473,83,272,574,335,120,410,193,405,497,336,535,208,328
347,242,100,48,314,64,263,95,89,125,237,335,543,202,162,165,242,534,287,41,175,305,92,114,200,89,228,138,159,364,467,816,161,263,58,308,263,47,160,342,197,53,229,116,234,265,192,315,90,203
190,157,81,34,203,41,206,59,79,99,173,221,372,135,113,130,142,355,202,30,115,210,114,49,132,51,129,78,106,262,317,561,122,185,38,225,212,25,110,230,131,49,153,80,169,189,137,235,86,134
381,297,120,58,324,78,326,108,122,127,280,383,612,215,173,179,237,641,329,41,190,325,200,132,116,83,224,134,174,442,512,909,193,313,70,359,320,50,169,374,213,72,254,116,270,293,186,344,129,228
134,135,54,26,113,28,142,37,49,50,121,147,213,92,67,77,96,206,118,10,68,113,89,51,83,14,71,50,61,167,199,345,80,131,26,117,137,14,73,150,68,28,104,46,111,116,84,157,45,81
358,271,135,52,322,70,335,108,98,137,282,394,643,212,190,204,258,605,346,41,188,344,228,129,224,71,118,145,175,428,569,975,209,319,83,342,332,45,176,412,214,76,258,118,273,302,204,354,124,211
282,208,103,38,241,43,256,67,67,102,191,244,389,163,139,131,176,400,232,29,140,243,138,78,134,50,145,41,116,263,339,666,121,212,61,255,219,35,116,276,142,47,182,89,200,212,142,235,90,167
330,220,101,53,257,69,252,75,81,104,234,274,449,171,124,129,201,465,262,40,134,241,159,106,174,61,175,116,71,314,357,703,148,227,39,252,228,36,125,264,164,59,194,87,216,236,148,281,98,194
618,554,250,94,610,139,641,186,169,281,547,745,1179,421,318,313,479,1163,690,70,340,715,364,262,442,167,428,263,314,392,956,1817,338,575,145,635,605,109,314,701,390,150,465,229,531,619,382,675,233,412
684,692,307,109,777,157,679,223,257,319,653,810,1309,468,384,426,561,1310,759,93,453,786,467,317,512,199,569,339,357,956,577,2003,416,672,194,835,682,124,407,816,534,177,545,297,613,720,493,729,288,524
1190,1285,574,202,1404,278,1328,425,426,555,1147,1518,2411,896,757,857,975,2445,1423,182,781,1392,816,561,909,345,975,666,703,1817,2003,1890,688,1255,321,1511,1327,241,708,1494,915,283,1027,508,1085,1268,893,1386,453,937
256,241,98,40,303,59,248,77,104,123,236,318,448,197,126,179,190,453,274,33,138,272,161,122,193,80,209,121,148,338,416,688,69,241,56,285,264,47,129,290,182,40,181,124,241,266,161,296,94,167
467,434,173,80,425,116,459,159,151,190,417,541,846,336,226,242,366,842,454,54,270,492,263,185,313,131,319,212,227,575,672,1255,241,239,114,488,430,66,230,513,332,91,374,169,363,423,290,500,170,330
126,92,41,16,105,27,97,26,25,48,92,139,206,65,47,61,76,203,102,11,68,127,58,38,70,26,83,61,39,145,194,321,56,114,15,114,92,21,51,120,74,22,101,40,75,111,56,113,42,90
510,463,214,85,548,116,524,175,154,186,469,625,893,320,283,285,373,939,560,50,279,559,308,225,359,117,342,255,252,635,835,1511,285,488,114,295,461,104,256,591,356,93,399,192,401,505,313,568,202,366
510,389,176,66,460,96,428,149,162,209,432,521,875,316,256,289,335,846,445,60,259,473,263,212,320,137,332,219,228,605,682,1327,264,430,92,461,206,77,258,497,322,95,394,175,380,424,290,495,158,310
101,72,34,13,100,19,86,28,28,34,66,105,154,42,53,57,56,143,97,12,41,83,47,25,50,14,45,35,36,109,124,241,47,66,21,104,77,7,43,80,63,25,67,20,61,80,47,93,27,64
260,229,97,47,254,62,250,75,81,85,205,322,452,154,129,139,146,443,256,26,130,272,160,110,169,73,176,116,125,314,407,708,129,230,51,256,258,43,60,247,164,49,170,87,204,249,134,264,83,178
468,461,229,82,524,128,527,159,171,240,456,569,971,371,284,314,377,969,577,77,306,574,342,230,374,150,412,276,264,701,816,1494,290,513,120,591,497,80,247,271,349,114,393,192,454,476,381,566,189,352
306,281,114,51,342,69,345,93,97,132,264,368,592,243,166,169,211,603,307,48,187,335,197,131,213,68,214,142,164,390,534,915,182,332,74,356,322,63,164,349,115,72,259,127,287,334,226,340,129,202
108,84,36,15,107,16,105,25,33,39,98,104,180,59,50,53,65,184,111,11,58,120,53,49,72,28,76,47,59,150,177,283,40,91,22,93,95,25,49,114,72,5,84,33,81,92,62,115,53,60
367,319,149,58,367,75,329,97,102,164,351,411,694,252,191,215,309,689,389,52,222,410,229,153,254,104,258,182,194,465,545,1027,181,374,101,399,394,67,170,393,259,84,155,124,323,357,247,374,131,252
181,162,71,27,186,46,184,61,55,76,162,207,351,129,104,102,134,352,211,17,123,193,116,80,116,46,118,89,87,229,297,508,124,169,40,192,175,20,87,192,127,33,124,32,152,176,107,193,80,130
443,333,165,72,398,79,372,128,139,175,359,442,738,248,215,201,289,722,396,48,238,405,234,169,270,111,273,200,216,531,613,1085,241,363,75,401,380,61,204,454,287,81,323,152,169,375,252,441,125,262
436,397,181,62,466,95,480,156,148,186,375,535,835,287,253,261,306,844,454,59,268,497,265,189,293,116,302,212,236,619,720,1268,266,423,111,505,424,80,249,476,334,92,357,176,375,205,313,473,162,306
349,260,103,58,364,76,286,80,112,132,260,374,600,179,145,164,227,542,330,35,194,336,192,137,186,84,204,142,148,382,493,893,161,290,56,313,290,47,134,381,226,62,247,107,252,313,82,334,105,184
480,455,216,90,522,108,460,147,148,202,443,550,917,364,282,296,339,889,535,67,333,535,315,235,344,157,354,235,281,675,729,1386,296,500,113,568,495,93,264,566,340,115,374,193,441,473,334,255,167,385
188,161,54,27,169,41,160,58,55,79,148,230,296,128,88,98,145,307,197,19,106,208,90,86,129,45,124,90,98,233,288,453,94,170,42,202,158,27,83,189,129,53,131,80,125,162,105,167,32,120
372,279,134,63,332,81,297,82,101,118,295,386,600,198,182,196,255,601,328,43,200,328,203,134,228,81,211,167,194,412,524,937,167,330,90,366,310,64,178,352,202,60,252,130,262,306,184,385,120,111
