269,413,191,84,496,82,443,159,171,246,442,514,780,378,301,289,334,783,494,89,332,497,331,200,369,137,371,281,307,597,676,1141,223,487,110,507,468,79,243,448,311,105,346,172,422,417,306,476,167,350
413,170,189,52,433,83,417,118,161,165,366,510,811,261,229,242,327,752,443,49,220,431,233,153,279,103,295,221,215,550,647,1214,235,373,108,463,438,80,214,457,304,90,346,132,321,420,274,453,159,300
191,189,42,37,200,53,208,54,69,94,186,235,344,136,106,92,137,344,180,19,107,202,119,89,142,48,127,103,100,225,296,558,104,192,59,197,178,30,112,227,142,46,150,76,171,195,118,226,71,154
84,52,37,7,88,17,72,26,34,38,75,77,152,68,41,60,54,163,95,5,50,86,54,29,62,31,55,34,46,123,127,245,39,86,23,81,76,11,38,92,51,16,71,22,66,76,53,79,28,59
496,433,200,88,233,120,503,174,154,216,462,544,922,284,274,269,316,896,510,49,307,500,288,159,334,122,353,215,240,624,784,1469,310,455,124,478,448,83,243,528,343,121,389,190,388,469,308,533,207,292
82,83,53,17,120,10,106,36,32,44,82,118,197,95,54,73,81,202,118,13,66,120,64,45,76,40,84,51,61,160,158,293,47,98,24,113,93,22,57,111,80,21,80,40,106,89,62,120,30,64
443,417,208,72,503,106,242,175,165,195,404,519,834,336,260,279,310,869,476,58,276,502,273,191,331,131,353,226,224,660,670,1300,235,440,113,526,446,89,246,530,319,83,353,183,366,407,266,459,158,327
159,118,54,26,174,36,175,26,47,49,118,207,290,81,76,84,104,290,159,13,68,165,103,63,100,31,102,72,73,177,261,462,91,172,29,160,163,25,77,161,95,35,114,62,124,139,88,161,49,117
171,161,69,34,154,32,165,47,19,69,133,200,302,117,95,91,105,326,181,19,102,188,113,65,107,49,101,70,85,204,257,474,92,142,46,184,152,27,69,186,109,36,143,59,145,165,122,150,66,120
246,165,94,38,216,44,195,49,69,47,182,263,348,150,124,141,156,357,207,28,125,218,126,73,129,46,129,90,128,273,326,524,103,180,58,211,215,34,98,219,141,34,157,80,153,186,146,220,81,159
442,366,186,75,462,82,404,118,133,182,196,529,748,281,226,251,304,752,418,65,244,412,262,149,284,100,266,194,246,567,617,1112,199,399,101,436,401,63,212,462,276,81,292,180,308,362,281,448,150,287
514,510,235,77,544,118,519,207,200,263,529,313,972,394,294,314,427,1003,564,70,310,582,351,211,361,128,374,265,291,660,835,1513,286,522,139,620,546,89,294,588,363,126,444,216,480,494,342,576,230,369
780,811,344,152,922,197,834,290,302,348,748,972,786,603,462,505,623,1415,916,118,490,903,569,388,636,227,647,422,502,1096,1304,2367,453,860,207,898,831,169,457,935,591,192,672,330,740,812,590,885,338,599
378,261,136,68,284,95,336,81,117,150,281,394,603,112,163,187,222,597,334,38,159,337,178,110,201,79,199,158,185,413,493,913,151,320,83,332,297,50,140,354,213,64,253,128,253,272,196,372,120,216
301,229,106,41,274,54,260,76,95,124,226,294,462,163,71,113,233,458,285,32,134,267,156,96,170,58,179,122,132,316,430,760,150,233,76,275,231,42,140,278,176,70,202,100,210,247,154,275,97,179
289,242,92,60,269,73,279,84,91,141,251,314,505,187,113,63,223,514,259,21,164,278,160,121,196,56,165,144,123,361,439,825,159,264,87,295,244,42,141,285,178,65,217,110,206,248,180,310,98,178
334,327,137,54,316,81,310,104,105,156,304,427,623,222,233,223,135,643,354,45,207,373,182,121,211,92,244,166,159,470,548,1008,198,336,106,344,364,63,173,372,256,61,275,142,280,332,217,377,120,258
783,752,344,163,896,202,869,290,326,357,752,1003,1415,597,458,514,643,766,881,119,492,899,551,406,600,231,592,442,504,1052,1312,2377,454,851,194,959,848,161,455,929,601,173,682,348,752,813,582,874,305,634
494,443,180,95,510,118,476,159,181,207,418,564,916,334,285,259,354,881,263,62,269,496,304,199,347,122,342,208,265,675,769,1395,259,491,108,532,493,74,247,510,342,96,353,185,414,445,326,504,188,318
89,49,19,5,49,13,58,13,19,28,65,70,118,38,32,21,45,119,62,4,30,59,32,19,41,11,36,33,34,68,99,188,37,56,13,71,49,17,35,57,41,11,48,29,57,60,40,61,23,36
332,220,107,50,307,66,276,68,102,125,244,310,490,159,134,164,207,492,269,30,66,286,156,97,182,61,171,113,139,335,426,772,165,241,68,297,240,32,128,303,188,44,211,126,204,262,168,341,112,218
497,431,202,86,500,120,502,165,188,218,412,582,903,337,267,278,373,899,496,59,286,267,287,186,372,124,359,238,265,651,776,1436,285,493,137,536,456,86,278,519,357,135,360,192,422,429,304,504,203,349
331,233,119,54,288,64,273,103,113,126,262,351,569,178,156,160,182,551,304,32,156,287,84,109,187,75,181,143,151,359,470,880,164,266,83,281,286,59,134,331,221,64,230,117,223,295,169,301,97,185
200,153,89,29,159,45,191,63,65,73,149,211,388,110,96,121,121,406,199,19,97,186,109,36,119,50,133,105,103,270,290,564,105,162,50,182,184,40,100,209,135,40,163,64,167,169,120,192,68,151
369,279,142,62,334,76,331,100,107,129,284,361,636,201,170,196,211,600,347,41,182,372,187,119,107,85,231,138,173,427,501,923,157,268,85,327,322,59,170,360,222,66,260,123,247,308,206,321,121,197
137,103,48,31,122,40,131,31,49,46,100,128,227,79,58,56,92,231,122,11,61,124,75,50,85,11,76,62,59,158,205,350,71,132,45,145,132,13,50,132,89,21,114,46,99,122,76,131,52,72
371,295,127,55,353,84,353,102,101,129,266,374,647,199,179,165,244,592,342,36,171,359,181,133,231,76,111,153,157,424,536,1013,187,309,91,345,338,59,163,344,241,80,265,126,263,287,204,372,127,234
281,221,103,34,215,51,226,72,70,90,194,265,422,158,122,144,166,442,208,33,113,238,143,105,138,62,153,39,122,275,377,701,125,213,57,240,218,33,107,263,164,44,188,71,166,249,169,250,91,152
307,215,100,46,240,61,224,73,85,128,246,291,502,185,132,123,159,504,265,34,139,265,151,103,173,59,157,122,63,322,389,722,155,247,71,260,245,40,125,259,173,48,184,95,204,255,177,291,97,186
597,550,225,123,624,160,660,177,204,273,567,660,1096,413,316,361,470,1052,675,68,335,651,359,270,427,158,424,275,322,398,944,1727,339,631,131,677,601,96,313,648,419,134,492,258,512,603,400,619,221,383
676,647,296,127,784,158,670,261,257,326,617,835,1304,493,430,439,548,1312,769,99,426,776,470,290,501,205,536,377,389,944,566,1996,404,738,177,769,727,133,351,769,477,180,540,299,616,697,455,748,294,514
1141,1214,558,245,1469,293,1300,462,474,524,1112,1513,2367,913,760,825,1008,2377,1395,188,772,1436,880,564,923,350,1013,701,722,1727,1996,1831,690,1350,335,1434,1354,245,742,1471,925,294,974,529,1105,1233,875,1374,494,960
223,235,104,39,310,47,235,91,92,103,199,286,453,151,150,159,198,454,259,37,165,285,164,105,157,71,187,125,155,339,404,690,65,273,62,277,243,52,129,274,196,60,200,102,211,260,144,237,90,164
487,373,192,86,455,98,440,172,142,180,399,522,860,320,233,264,336,851,491,56,241,493,266,162,268,132,309,213,247,631,738,1350,273,239,116,472,399,61,252,472,302,94,375,165,344,387,269,470,166,309
110,108,59,23,124,24,113,29,46,58,101,139,207,83,76,87,106,194,108,13,68,137,83,50,85,45,91,57,71,131,177,335,62,116,12,126,110,19,66,123,92,24,93,49,99,101,72,119,42,90
507,463,197,81,478,113,526,160,184,211,436,620,898,332,275,295,344,959,532,71,297,536,281,182,327,145,345,240,260,677,769,1434,277,472,126,264,468,83,270,536,346,92,396,189,422,479,325,542,196,355
468,438,178,76,448,93,446,163,152,215,401,546,831,297,231,244,364,848,493,49,240,456,286,184,322,132,338,218,245,601,727,1354,243,399,110,468,207,79,255,515,322,91,348,166,392,443,273,483,142,329
79,80,30,11,83,22,89,25,27,34,63,89,169,50,42,42,63,161,74,17,32,86,59,40,59,13,59,33,40,96,133,245,52,61,19,83,79,8,44,99,57,20,72,25,72,62,49,90,33,61
243,214,112,38,243,57,246,77,69,98,212,294,457,140,140,141,173,455,247,35,128,278,134,100,170,50,163,107,125,313,351,742,129,252,66,270,255,44,71,254,153,43,168,88,211,241,147,251,88,172
448,457,227,92,528,111,530,161,186,219,462,588,935,354,278,285,372,929,510,57,303,519,331,209,360,132,344,263,259,648,769,1471,274,472,123,536,515,99,254,286,341,119,366,203,424,457,335,553,206,373
311,304,142,51,343,80,319,95,109,141,276,363,591,213,176,178,256,601,342,41,188,357,221,135,222,89,241,164,173,419,477,925,196,302,92,346,322,57,153,341,117,69,257,119,255,282,219,326,127,219
105,90,46,16,121,21,83,35,36,34,81,126,192,64,70,65,61,173,96,11,44,135,64,40,66,21,80,44,48,134,180,294,60,94,24,92,91,20,43,119,69,13,73,39,86,97,75,104,46,65
346,346,150,71,389,80,353,114,143,157,292,444,672,253,202,217,275,682,353,48,211,360,230,163,260,114,265,188,184,492,540,974,200,375,93,396,348,72,168,366,257,73,140,130,310,347,224,379,158,265
172,132,76,22,190,40,183,62,59,80,180,216,330,128,100,110,142,348,185,29,126,192,117,64,123,46,126,71,95,258,299,529,102,165,49,189,166,25,88,203,119,39,130,24,143,171,112,190,77,129
422,321,171,66,388,106,366,124,145,153,308,480,740,253,210,206,280,752,414,57,204,422,223,167,247,99,263,166,204,512,616,1105,211,344,99,422,392,72,211,424,255,86,310,143,151,354,251,414,139,264
417,420,195,76,469,89,407,139,165,186,362,494,812,272,247,248,332,813,445,60,262,429,295,169,308,122,287,249,255,603,697,1233,260,387,101,479,443,62,241,457,282,97,347,171,354,173,280,452,190,311
306,274,118,53,308,62,266,88,122,146,281,342,590,196,154,180,217,582,326,40,168,304,169,120,206,76,204,169,177,400,455,875,144,269,72,325,273,49,147,335,219,75,224,112,251,280,79,305,108,197
476,453,226,79,533,120,459,161,150,220,448,576,885,372,275,310,377,874,504,61,341,504,301,192,321,131,372,250,291,619,748,1374,237,470,119,542,483,90,251,553,326,104,379,190,414,452,305,262,168,364
167,159,71,28,207,30,158,49,66,81,150,230,338,120,97,98,120,305,188,23,112,203,97,68,121,52,127,91,97,221,294,494,90,166,42,196,142,33,88,206,127,46,158,77,139,190,108,168,30,113
350,300,154,59,292,64,327,117,120,159,287,369,599,216,179,178,258,634,318,36,218,349,185,151,197,72,234,152,186,383,514,960,164,309,90,355,329,61,172,373,219,65,265,129,264,311,197,364,113,118
