272,440,219,93,476,99,459,176,178,230,412,515,743,394,343,375,423,777,515,66,335,503,345,204,354,165,389,270,353,607,713,1204,233,456,110,544,490,93,275,446,290,107,375,178,481,397,345,534,149,375
440,197,159,71,461,102,432,147,135,169,372,522,821,270,219,235,311,791,462,55,229,453,271,174,286,92,286,230,206,596,645,1184,235,398,88,471,410,73,234,489,289,108,385,164,325,387,270,471,158,253
219,159,38,32,223,47,199,54,60,78,163,240,377,136,103,102,152,364,193,31,109,199,112,63,140,39,120,87,104,239,256,601,104,172,51,217,186,34,101,215,142,50,159,77,162,176,127,210,71,131
93,71,32,3,89,9,70,29,24,35,76,87,144,57,51,44,60,156,90,12,47,98,48,32,63,17,62,47,40,99,127,218,40,77,18,102,66,10,42,77,56,22,55,35,71,73,60,85,32,68
476,461,223,89,255,112,494,152,157,225,448,573,952,327,282,297,355,986,521,63,282,551,334,213,355,135,369,215,289,628,779,1412,274,468,111,547,478,88,271,554,358,109,406,209,435,494,332,543,176,345
99,102,47,9,112,9,107,48,38,40,97,122,201,76,62,62,78,186,122,20,72,130,69,60,87,21,86,55,59,135,139,265,64,102,31,130,95,18,57,114,75,31,63,53,100,101,95,100,42,78
459,432,199,70,494,107,263,163,167,209,431,530,859,311,283,294,321,848,478,54,286,512,308,199,355,132,361,239,216,564,686,1385,285,476,120,505,464,73,268,529,327,106,375,204,390,442,350,511,192,352
176,147,54,29,152,48,163,23,45,70,153,150,301,107,85,96,125,285,146,13,86,165,97,61,99,39,114,77,84,185,237,481,97,132,36,161,168,25,69,154,91,23,116,46,136,169,100,158,57,111
178,135,60,24,157,38,167,45,15,73,134,174,306,115,90,85,121,314,168,19,94,164,107,71,101,38,99,69,72,200,251,468,97,158,35,188,164,23,75,187,113,35,126,61,140,146,115,173,50,144
230,169,78,35,225,40,209,70,73,44,169,226,342,137,109,127,134,333,201,27,124,205,114,77,117,54,135,121,80,258,279,535,102,183,50,241,184,43,98,211,138,47,169,58,167,183,119,227,62,129
412,372,163,76,448,97,431,153,134,169,151,462,765,289,209,261,289,738,421,53,261,416,254,167,278,116,300,227,188,560,619,1160,226,422,112,451,374,65,204,443,303,86,280,146,359,390,258,432,152,286
515,522,240,87,573,122,530,150,174,226,462,305,1005,350,274,308,402,1007,548,68,331,588,300,245,327,133,385,271,279,679,852,1609,313,544,127,614,496,90,277,581,367,110,454,202,437,530,339,536,200,368
743,821,377,144,952,201,859,301,306,342,765,1005,815,600,478,505,646,1439,924,102,502,939,542,370,612,218,621,455,459,1123,1378,2498,514,884,207,966,852,173,459,923,588,181,699,333,751,820,600,917,356,630
394,270,136,57,327,76,311,107,115,137,289,350,600,104,196,211,250,625,353,44,182,350,194,130,204,92,240,186,172,421,496,937,159,333,70,325,318,53,177,367,187,64,280,108,269,300,191,359,145,215
343,219,103,51,282,62,283,85,90,109,209,274,478,196,74,136,193,492,270,34,125,271,156,124,183,59,173,132,139,365,407,669,114,274,69,245,305,51,114,273,156,61,213,103,220,241,189,233,101,160
375,235,102,44,297,62,294,96,85,127,261,308,505,211,136,73,197,498,265,36,146,293,164,126,202,74,202,119,165,351,416,810,129,287,74,267,276,32,132,289,170,66,229,106,234,274,179,301,111,226
423,311,152,60,355,78,321,125,121,134,289,402,646,250,193,197,139,643,383,53,178,371,225,149,252,101,258,167,196,477,559,1016,192,321,92,387,330,71,192,381,242,61,274,129,294,355,232,373,142,273
777,791,364,156,986,186,848,285,314,333,738,1007,1439,625,492,498,643,786,912,98,511,940,541,368,623,230,614,422,435,1156,1381,2364,490,818,203,955,812,179,464,964,586,188,682,359,742,840,599,924,331,618
515,462,193,90,521,122,478,146,168,201,421,548,924,353,270,265,383,912,267,73,288,492,313,208,368,135,371,267,281,661,786,1386,289,496,120,507,451,78,270,546,342,105,396,203,436,443,348,522,179,320
66,55,31,12,63,20,54,13,19,27,53,68,102,44,34,36,53,98,73,5,32,62,37,24,49,13,40,28,31,85,101,182,37,64,14,68,66,12,31,78,44,11,53,21,47,66,37,66,22,41
335,229,109,47,282,72,286,86,94,124,261,331,502,182,125,146,178,511,288,32,70,292,129,127,171,85,180,137,134,334,423,756,141,260,77,263,275,41,133,303,180,58,212,102,208,238,170,283,102,186
503,453,199,98,551,130,512,165,164,205,416,588,939,350,271,293,371,940,492,62,292,248,304,205,330,128,359,293,254,657,771,1434,292,527,120,544,436,79,272,548,343,98,445,201,433,474,302,559,175,333
345,271,112,48,334,69,308,97,107,114,254,300,542,194,156,164,225,541,313,37,129,304,86,131,219,77,226,140,130,356,446,823,167,308,75,294,313,43,163,317,210,51,251,97,250,305,177,294,122,207
204,174,63,32,213,60,199,61,71,77,167,245,370,130,124,126,149,368,208,24,127,205,131,31,138,53,142,107,122,254,286,549,135,196,38,205,185,23,105,208,114,45,148,76,163,188,121,211,86,137
354,286,140,63,355,87,355,99,101,117,278,327,612,204,183,202,252,623,368,49,171,330,219,138,117,76,241,171,164,452,469,930,187,335,77,348,350,48,186,368,207,65,258,125,266,319,218,333,146,239
165,92,39,17,135,21,132,39,38,54,116,133,218,92,59,74,101,230,135,13,85,128,77,53,76,14,73,63,61,159,195,353,67,108,27,138,120,17,66,144,73,29,90,35,103,107,72,137,53,107
389,286,120,62,369,86,361,114,99,135,300,385,621,240,173,202,258,614,371,40,180,359,226,142,241,73,114,183,156,445,510,936,181,328,77,348,325,63,184,370,213,78,280,126,298,307,209,370,138,240
270,230,87,47,215,55,239,77,69,121,227,271,455,186,132,119,167,422,267,28,137,293,140,107,171,63,183,48,123,284,339,644,138,184,58,243,233,50,122,269,158,63,170,93,201,231,147,266,79,169
353,206,104,40,289,59,216,84,72,80,188,279,459,172,139,165,196,435,281,31,134,254,130,122,164,61,156,123,60,288,363,674,123,229,63,290,234,42,134,252,169,61,203,81,189,220,165,247,101,165
607,596,239,99,628,135,564,185,200,258,560,679,1123,421,365,351,477,1156,661,85,334,657,356,254,452,159,445,284,288,394,1000,1793,365,591,144,667,550,108,326,677,412,139,472,266,517,569,437,667,248,408
713,645,256,127,779,139,686,237,251,279,619,852,1378,496,407,416,559,1381,786,101,423,771,446,286,469,195,510,339,363,1000,543,2046,403,728,180,828,704,122,400,779,512,155,588,304,612,703,524,756,287,529
1204,1184,601,218,1412,265,1385,481,468,535,1160,1609,2498,937,669,810,1016,2364,1386,182,756,1434,823,549,930,353,936,644,674,1793,2046,2025,744,1288,338,1541,1284,260,751,1479,923,316,1040,525,1101,1335,896,1390,524,949
233,235,104,40,274,64,285,97,97,102,226,313,514,159,114,129,192,490,289,37,141,292,167,135,187,67,181,138,123,365,403,744,74,239,82,295,274,69,142,296,186,54,203,114,212,271,167,285,105,189
456,398,172,77,468,102,476,132,158,183,422,544,884,333,274,287,321,818,496,64,260,527,308,196,335,108,328,184,229,591,728,1288,239,207,101,471,462,72,223,522,274,87,345,218,411,460,306,522,168,327
110,88,51,18,111,31,120,36,35,50,112,127,207,70,69,74,92,203,120,14,77,120,75,38,77,27,77,58,63,144,180,338,82,101,12,138,95,16,46,119,67,22,87,45,97,111,80,107,31,69
544,471,217,102,547,130,505,161,188,241,451,614,966,325,245,267,387,955,507,68,263,544,294,205,348,138,348,243,290,667,828,1541,295,471,138,273,501,99,270,578,357,112,407,211,458,524,337,587,217,348
490,410,186,66,478,95,464,168,164,184,374,496,852,318,305,276,330,812,451,66,275,436,313,185,350,120,325,233,234,550,704,1284,274,462,95,501,189,65,236,497,306,95,385,183,383,413,304,532,184,328
93,73,34,10,88,18,73,25,23,43,65,90,173,53,51,32,71,179,78,12,41,79,43,23,48,17,63,50,42,108,122,260,69,72,16,99,65,2,34,91,49,20,68,29,58,78,41,72,26,57
275,234,101,42,271,57,268,69,75,98,204,277,459,177,114,132,192,464,270,31,133,272,163,105,186,66,184,122,134,326,400,751,142,223,46,270,236,34,54,271,169,50,182,92,227,223,170,268,78,187
446,489,215,77,554,114,529,154,187,211,443,581,923,367,273,289,381,964,546,78,303,548,317,208,368,144,370,269,252,677,779,1479,296,522,119,578,497,91,271,308,355,100,398,194,429,498,380,538,203,364
290,289,142,56,358,75,327,91,113,138,303,367,588,187,156,170,242,586,342,44,180,343,210,114,207,73,213,158,169,412,512,923,186,274,67,357,306,49,169,355,122,59,253,111,258,311,190,329,108,205
107,108,50,22,109,31,106,23,35,47,86,110,181,64,61,66,61,188,105,11,58,98,51,45,65,29,78,63,61,139,155,316,54,87,22,112,95,20,50,100,59,12,85,45,79,95,67,122,41,56
375,385,159,55,406,63,375,116,126,169,280,454,699,280,213,229,274,682,396,53,212,445,251,148,258,90,280,170,203,472,588,1040,203,345,87,407,385,68,182,398,253,85,131,165,329,335,267,390,174,293
178,164,77,35,209,53,204,46,61,58,146,202,333,108,103,106,129,359,203,21,102,201,97,76,125,35,126,93,81,266,304,525,114,218,45,211,183,29,92,194,111,45,165,36,152,191,126,217,72,125
481,325,162,71,435,100,390,136,140,167,359,437,751,269,220,234,294,742,436,47,208,433,250,163,266,103,298,201,189,517,612,1101,212,411,97,458,383,58,227,429,258,79,329,152,162,370,239,386,170,292
397,387,176,73,494,101,442,169,146,183,390,530,820,300,241,274,355,840,443,66,238,474,305,188,319,107,307,231,220,569,703,1335,271,460,111,524,413,78,223,498,311,95,335,191,370,233,308,488,184,323
345,270,127,60,332,95,350,100,115,119,258,339,600,191,189,179,232,599,348,37,170,302,177,121,218,72,209,147,165,437,524,896,167,306,80,337,304,41,170,380,190,67,267,126,239,308,80,395,107,204
534,471,210,85,543,100,511,158,173,227,432,536,917,359,233,301,373,924,522,66,283,559,294,211,333,137,370,266,247,667,756,1390,285,522,107,587,532,72,268,538,329,122,390,217,386,488,395,263,208,352
149,158,71,32,176,42,192,57,50,62,152,200,356,145,101,111,142,331,179,22,102,175,122,86,146,53,138,79,101,248,287,524,105,168,31,217,184,26,78,203,108,41,174,72,170,184,107,208,29,141
375,253,131,68,345,78,352,111,144,129,286,368,630,215,160,226,273,618,320,41,186,333,207,137,239,107,240,169,165,408,529,949,189,327,69,348,328,57,187,364,205,56,293,125,292,323,204,352,141,115
