264,424,205,82,510,99,473,191,165,239,452,516,876,381,316,316,377,855,546,82,360,519,340,194,359,166,396,268,302,640,716,1178,258,520,103,544,484,76,263,496,339,123,388,188,431,418,345,516,174,416
424,183,148,67,433,90,435,131,126,152,325,500,830,281,261,273,324,803,438,45,214,441,254,147,284,97,292,186,206,534,669,1258,252,393,97,462,420,74,219,466,283,93,338,176,353,400,277,462,171,299
205,148,41,32,213,57,195,68,55,66,143,222,376,132,115,109,128,370,210,17,126,201,134,87,130,43,116,93,110,241,310,565,119,195,48,193,181,31,88,211,118,30,151,86,155,184,113,195,78,134
82,67,32,3,80,11,83,29,40,38,72,93,153,47,51,60,63,147,83,5,46,87,56,26,56,23,58,44,48,112,129,216,38,77,18,93,75,13,35,75,48,14,52,35,60,85,53,75,37,58
510,433,213,80,267,121,478,176,151,184,413,591,924,301,269,293,363,918,522,69,290,529,310,216,344,116,332,245,259,574,729,1422,291,479,118,543,460,74,275,529,356,106,390,207,386,470,348,506,222,361
99,90,57,11,121,7,118,41,43,47,82,113,231,78,69,76,89,207,121,12,60,124,73,44,72,22,77,61,42,160,175,309,76,104,19,134,110,8,56,130,70,21,89,47,116,123,85,118,44,86
473,435,195,83,478,118,247,130,167,178,389,544,940,323,262,278,378,890,496,48,256,512,292,194,332,109,363,229,253,634,786,1329,267,450,115,541,442,95,272,528,351,125,399,199,385,494,327,515,184,325
191,131,68,29,176,41,130,17,49,73,136,157,246,90,84,87,115,273,154,26,81,172,105,63,99,40,112,59,63,168,219,383,80,157,27,148,143,26,63,168,127,26,123,46,120,138,93,146,59,110
165,126,55,40,151,43,167,49,25,62,142,192,284,106,83,89,122,305,177,26,75,192,100,55,134,33,101,80,74,218,249,445,92,158,41,180,135,27,83,172,106,39,107,71,136,153,95,153,52,113
239,152,66,38,184,47,178,73,62,42,151,223,364,106,111,109,149,343,195,25,110,205,123,65,130,43,128,123,110,251,269,487,100,202,46,246,173,41,112,216,123,51,166,95,175,176,126,198,77,143
452,325,143,72,413,82,389,136,142,151,179,477,785,285,230,239,296,768,443,59,286,445,264,186,263,82,258,217,217,545,609,1161,230,387,112,455,367,61,214,470,282,93,348,169,346,385,293,389,170,288
516,500,222,93,591,113,544,157,192,223,477,326,1075,405,293,305,438,1027,607,66,317,560,328,264,377,146,390,264,277,756,942,1681,332,504,134,614,525,99,282,692,386,109,453,221,473,547,359,603,209,391
876,830,376,153,924,231,940,246,284,364,785,1075,827,603,465,487,641,1535,957,128,521,973,528,411,613,241,668,430,475,1169,1389,2594,497,850,203,970,868,155,454,1024,597,191,717,325,780,890,607,991,319,573
381,281,132,47,301,78,323,90,106,106,285,405,603,91,188,182,227,556,362,35,184,339,182,104,229,76,237,154,183,413,481,907,154,310,75,316,319,53,164,341,237,75,253,117,264,314,208,335,128,234
316,261,115,51,269,69,262,84,83,111,230,293,465,188,76,145,183,426,278,35,157,294,160,119,152,70,188,126,136,292,394,714,133,256,59,263,254,61,140,270,188,59,209,93,188,244,148,268,99,173
316,273,109,60,293,76,278,87,89,109,239,305,487,182,145,77,206,491,309,36,146,303,160,115,166,70,186,132,131,332,445,759,143,268,59,282,260,56,149,293,197,59,225,93,223,267,174,296,98,198
377,324,128,63,363,89,378,115,122,149,296,438,641,227,183,206,130,624,336,49,205,335,221,151,258,96,268,164,164,469,532,1015,190,327,71,344,328,64,187,362,233,83,273,151,324,333,198,356,135,256
855,803,370,147,918,207,890,273,305,343,768,1027,1535,556,426,491,624,841,936,116,495,958,523,383,605,251,594,414,466,1162,1435,2602,493,866,216,966,865,158,456,1020,619,194,740,323,726,885,562,1002,333,583
546,438,210,83,522,121,496,154,177,195,443,607,957,362,278,309,336,936,245,49,242,458,263,195,352,148,382,239,284,646,802,1388,274,457,126,530,477,81,262,548,343,116,370,196,437,476,324,533,194,364
82,45,17,5,69,12,48,26,26,25,59,66,128,35,35,36,49,116,49,2,31,73,46,27,38,12,47,21,43,59,87,194,31,62,14,71,45,12,31,69,44,12,52,24,50,43,39,68,30,47
360,214,126,46,290,60,256,81,75,110,286,317,521,184,157,146,205,495,242,31,66,287,142,127,167,80,191,124,149,335,401,752,143,271,56,267,262,42,142,272,161,50,207,110,218,242,188,302,103,184
519,441,201,87,529,124,512,172,192,205,445,560,973,339,294,303,335,958,458,73,287,261,296,213,357,135,368,250,256,731,792,1448,291,505,122,526,472,87,267,591,371,110,387,197,429,484,372,484,204,333
340,254,134,56,310,73,292,105,100,123,264,328,528,182,160,160,221,523,263,46,142,296,99,131,194,86,204,145,158,380,456,798,174,306,67,293,265,55,159,285,198,60,242,112,234,281,170,342,117,224
194,147,87,26,216,44,194,63,55,65,186,264,411,104,119,115,151,383,195,27,127,213,131,30,149,48,137,100,98,268,333,549,111,170,35,201,200,39,118,220,141,55,174,81,166,206,149,200,86,149
359,284,130,56,344,72,332,99,134,130,263,377,613,229,152,166,258,605,352,38,167,357,194,149,100,85,209,144,160,410,549,940,176,326,75,353,330,57,181,346,213,74,261,117,242,330,198,367,139,202
166,97,43,23,116,22,109,40,33,43,82,146,241,76,70,70,96,251,148,12,80,135,86,48,85,18,75,69,70,147,213,369,71,123,28,137,126,26,62,141,75,32,112,50,98,122,79,131,59,86
396,292,116,58,332,77,363,112,101,128,258,390,668,237,188,186,268,594,382,47,191,368,204,137,209,75,107,155,161,389,560,955,175,321,73,358,345,56,179,384,221,75,276,124,288,324,210,367,145,205
268,186,93,44,245,61,229,59,80,123,217,264,430,154,126,132,164,414,239,21,124,250,145,100,144,69,155,50,121,270,373,694,136,239,51,225,230,24,118,260,153,51,212,104,203,236,158,250,101,156
302,206,110,48,259,42,253,63,74,110,217,277,475,183,136,131,164,466,284,43,149,256,158,98,160,70,161,121,75,306,371,644,135,254,61,248,237,45,113,273,171,40,170,90,192,220,158,261,104,194
640,534,241,112,574,160,634,168,218,251,545,756,1169,413,292,332,469,1162,646,59,335,731,380,268,410,147,389,270,306,396,1044,1902,362,566,135,673,618,96,340,715,400,133,512,262,487,574,368,723,223,428
716,669,310,129,729,175,786,219,249,269,609,942,1389,481,394,445,532,1435,802,87,401,792,456,333,549,213,560,373,371,1044,604,2116,452,722,186,802,715,146,378,825,514,175,559,304,636,700,487,802,302,491
1178,1258,565,216,1422,309,1329,383,445,487,1161,1681,2594,907,714,759,1015,2602,1388,194,752,1448,798,549,940,369,955,694,644,1902,2116,2013,760,1381,325,1505,1256,287,700,1533,984,302,1049,532,1099,1284,894,1465,548,890
258,252,119,38,291,76,267,80,92,100,230,332,497,154,133,143,190,493,274,31,143,291,174,111,176,71,175,136,135,362,452,760,63,282,61,309,233,62,139,304,200,56,207,118,185,278,163,274,97,174
520,393,195,77,479,104,450,157,158,202,387,504,850,310,256,268,327,866,457,62,271,505,306,170,326,123,321,239,254,566,722,1381,282,220,114,505,443,73,232,481,304,101,373,174,392,434,320,500,178,330
103,97,48,18,118,19,115,27,41,46,112,134,203,75,59,59,71,216,126,14,56,122,67,35,75,28,73,51,61,135,186,325,61,114,12,119,99,17,58,128,93,21,91,39,90,110,75,114,39,80
544,462,193,93,543,134,541,148,180,246,455,614,970,316,263,282,344,966,530,71,267,526,293,201,353,137,358,225,248,673,802,1505,309,505,119,271,469,76,243,597,380,136,411,210,430,476,321,561,215,342
484,420,181,75,460,110,442,143,135,173,367,525,868,319,254,260,328,865,477,45,262,472,265,200,330,126,345,230,237,618,715,1256,233,443,99,469,229,70,252,508,310,110,389,188,374,438,309,451,161,321
76,74,31,13,74,8,95,26,27,41,61,99,155,53,61,56,64,158,81,12,42,87,55,39,57,26,56,24,45,96,146,287,62,73,17,76,70,4,45,103,50,22,55,36,70,78,63,91,39,49
263,219,88,35,275,56,272,63,83,112,214,282,454,164,140,149,187,456,262,31,142,267,159,118,181,62,179,118,113,340,378,700,139,232,58,243,252,45,65,290,186,57,195,100,218,222,181,266,120,175
496,466,211,75,529,130,528,168,172,216,470,692,1024,341,270,293,362,1020,548,69,272,591,285,220,346,141,384,260,273,715,825,1533,304,481,128,597,508,103,290,277,371,115,402,207,431,490,351,569,205,351
339,283,118,48,356,70,351,127,106,123,282,386,597,237,188,197,233,619,343,44,161,371,198,141,213,75,221,153,171,400,514,984,200,304,93,380,310,50,186,371,108,80,259,140,268,298,228,329,124,223
123,93,30,14,106,21,125,26,39,51,93,109,191,75,59,59,83,194,116,12,50,110,60,55,74,32,75,51,40,133,175,302,56,101,21,136,110,22,57,115,80,5,80,43,90,84,58,108,36,74
388,338,151,52,390,89,399,123,107,166,348,453,717,253,209,225,273,740,370,52,207,387,242,174,261,112,276,212,170,512,559,1049,207,373,91,411,389,55,195,402,259,80,140,127,331,351,258,396,154,282
188,176,86,35,207,47,199,46,71,95,169,221,325,117,93,93,151,323,196,24,110,197,112,81,117,50,124,104,90,262,304,532,118,174,39,210,188,36,100,207,140,43,127,35,165,196,117,201,64,123
431,353,155,60,386,116,385,120,136,175,346,473,780,264,188,223,324,726,437,50,218,429,234,166,242,98,288,203,192,487,636,1099,185,392,90,430,374,70,218,431,268,90,331,165,150,383,257,442,143,265
418,400,184,85,470,123,494,138,153,176,385,547,890,314,244,267,333,885,476,43,242,484,281,206,330,122,324,236,220,574,700,1284,278,434,110,476,438,78,222,490,298,84,351,196,383,210,297,547,165,303
345,277,113,53,348,85,327,93,95,126,293,359,607,208,148,174,198,562,324,39,188,372,170,149,198,79,210,158,158,368,487,894,163,320,75,321,309,63,181,351,228,58,258,117,257,297,99,346,129,199
516,462,195,75,506,118,515,146,153,198,389,603,991,335,268,296,356,1002,533,68,302,484,342,200,367,131,367,250,261,723,802,1465,274,500,114,561,451,91,266,569,329,108,396,201,442,547,346,273,177,338
174,171,78,37,222,44,184,59,52,77,170,209,319,128,99,98,135,333,194,30,103,204,117,86,139,59,145,101,104,223,302,548,97,178,39,215,161,39,120,205,124,36,154,64,143,165,129,177,31,110
416,299,134,58,361,86,325,110,113,143,288,391,573,234,173,198,256,583,364,47,184,333,224,149,202,86,205,156,194,428,491,890,174,330,80,342,321,49,175,351,223,74,282,123,265,303,199,338,110,107
