251,455,209,106,507,127,484,192,151,234,449,520,765,414,337,353,330,809,527,72,325,496,369,216,381,146,359,269,325,613,686,1093,224,511,111,476,484,93,247,494,329,112,325,163,448,445,339,504,167,363
455,186,162,70,456,89,400,134,149,194,409,467,776,292,225,248,340,797,437,60,245,478,259,169,273,92,273,170,232,521,677,1219,234,421,106,453,382,58,231,481,281,85,333,166,335,423,283,413,162,320
209,162,38,40,194,52,213,43,76,62,149,250,363,126,103,102,145,348,225,19,85,202,125,87,125,49,118,95,114,255,306,551,123,174,36,187,216,43,102,200,106,48,154,75,167,184,112,198,78,153
106,70,40,14,109,24,92,24,30,47,65,81,146,65,46,49,65,143,99,21,48,85,48,31,58,20,52,40,51,103,129,207,46,93,14,93,90,14,51,96,57,24,66,26,67,91,51,92,31,66
507,456,194,109,270,110,507,136,156,197,419,541,872,361,270,290,392,939,580,83,308,558,335,234,350,125,346,216,282,607,788,1447,272,468,106,548,478,83,258,541,354,116,388,179,433,482,329,543,181,326
127,89,52,24,110,14,115,34,40,50,79,121,175,81,62,72,85,177,117,21,52,121,78,54,79,31,80,54,67,149,174,265,49,111,19,120,116,19,61,112,69,28,87,38,95,95,76,124,38,85
484,400,213,92,507,115,233,125,153,204,412,540,881,318,256,295,353,896,485,62,263,499,278,205,331,124,351,256,254,612,732,1320,265,465,131,539,473,97,260,520,309,102,353,174,393,431,319,484,187,330
192,134,43,24,136,34,125,20,48,66,128,189,255,97,91,89,110,266,158,16,74,164,86,72,89,38,110,63,79,187,242,452,82,131,38,138,152,31,71,182,94,38,99,45,126,141,75,159,50,99
151,149,76,30,156,40,153,48,30,65,128,179,282,111,89,91,124,278,169,25,95,182,101,69,95,39,115,87,78,207,268,456,91,154,36,164,139,27,65,176,121,44,124,77,136,153,113,160,54,108
234,194,62,47,197,50,204,66,65,43,165,205,351,115,121,118,148,381,190,27,114,207,136,102,129,47,142,98,113,276,321,545,94,199,54,202,217,32,110,199,123,36,180,72,174,194,123,217,71,122
449,409,149,65,419,79,412,128,128,165,170,466,765,265,259,264,315,786,441,60,261,429,269,183,294,125,303,187,243,527,676,1193,211,383,98,454,424,61,212,454,289,78,318,153,354,362,280,451,147,298
520,467,250,81,541,121,540,189,179,205,466,323,1001,363,278,314,382,1030,560,57,323,567,322,211,343,114,383,261,267,715,831,1578,286,483,153,627,537,118,279,579,389,134,430,206,447,503,360,553,194,379
765,776,363,146,872,175,881,255,282,351,765,1001,792,602,468,540,666,1433,865,118,539,893,516,379,594,231,648,425,448,1137,1333,2423,481,809,182,982,890,156,454,988,606,169,703,352,711,780,568,923,321,587
414,292,126,65,361,81,318,97,111,115,265,363,602,106,202,206,221,564,302,54,168,359,193,152,234,85,240,151,170,421,492,895,180,316,82,336,318,57,156,352,204,76,257,129,273,267,206,369,144,238
337,225,103,46,270,62,256,91,89,121,259,278,468,202,67,140,184,501,245,27,155,270,166,125,168,76,180,120,141,328,414,764,143,261,63,305,278,39,136,310,168,72,202,89,198,235,163,297,101,178
353,248,102,49,290,72,295,89,91,118,264,314,540,206,140,78,221,533,293,35,170,287,178,116,190,84,194,137,134,358,440,798,171,252,62,284,284,45,130,307,188,62,232,113,233,270,178,300,120,184
330,340,145,65,392,85,353,110,124,148,315,382,666,221,184,221,121,668,375,43,200,342,200,181,248,88,252,171,173,434,521,1011,203,315,76,341,356,60,178,406,248,83,291,137,302,373,236,364,153,241
809,797,348,143,939,177,896,266,278,381,786,1030,1433,564,501,533,668,782,908,127,522,920,560,355,599,254,630,443,452,1087,1306,2426,493,867,178,1008,901,142,424,961,633,176,658,381,723,811,550,908,318,627
527,437,225,99,580,117,485,158,169,190,441,560,865,302,245,293,375,908,264,71,294,484,290,198,344,114,311,247,252,601,758,1423,250,461,116,533,475,92,249,554,338,112,362,184,405,484,316,559,193,375
72,60,19,21,83,21,62,16,25,27,60,57,118,54,27,35,43,127,71,2,25,68,39,30,46,18,38,29,34,62,82,189,37,52,16,59,68,12,20,61,51,11,53,26,53,70,32,62,28,46
325,245,85,48,308,52,263,74,95,114,261,323,539,168,155,170,200,522,294,25,68,288,161,128,180,79,189,128,126,335,426,830,158,269,64,308,247,34,142,291,186,60,240,92,223,254,166,296,104,192
496,478,202,85,558,121,499,164,182,207,429,567,893,359,270,287,342,920,484,68,288,280,325,226,380,129,346,230,279,662,748,1424,256,494,126,532,459,101,271,558,357,104,362,165,411,479,326,539,177,350
369,259,125,48,335,78,278,86,101,136,269,322,516,193,166,178,200,560,290,39,161,325,88,120,191,75,190,148,158,380,471,842,168,305,66,331,304,55,151,344,216,81,233,111,254,284,183,313,121,192
216,169,87,31,234,54,205,72,69,102,183,211,379,152,125,116,181,355,198,30,128,226,120,42,147,60,149,106,99,266,330,597,105,187,42,235,195,29,112,212,122,38,154,79,184,175,138,228,80,159
381,273,125,58,350,79,331,89,95,129,294,343,594,234,168,190,248,599,344,46,180,380,191,147,103,69,198,172,153,374,535,948,182,294,75,378,345,54,164,378,216,64,240,107,268,309,233,364,128,238
146,92,49,20,125,31,124,38,39,47,125,114,231,85,76,84,88,254,114,18,79,129,75,60,69,12,77,44,48,155,207,372,73,124,27,134,126,22,70,150,79,29,80,39,83,94,81,130,45,93
359,273,118,52,346,80,351,110,115,142,303,383,648,240,180,194,252,630,311,38,189,346,190,149,198,77,105,140,151,381,537,988,170,319,72,322,338,51,174,389,198,75,246,111,242,310,233,357,120,247
269,170,95,40,216,54,256,63,87,98,187,261,425,151,120,137,171,443,247,29,128,230,148,106,172,44,140,47,126,289,368,639,130,239,59,232,225,40,132,228,165,51,179,99,213,220,153,282,104,177
325,232,114,51,282,67,254,79,78,113,243,267,448,170,141,134,173,452,252,34,126,279,158,99,153,48,151,126,63,327,393,687,147,262,69,280,248,41,140,267,157,52,202,107,203,237,177,299,107,174
613,521,255,103,607,149,612,187,207,276,527,715,1137,421,328,358,434,1087,601,62,335,662,380,266,374,155,381,289,327,380,953,1759,359,575,137,666,585,100,278,639,403,140,503,245,494,555,414,673,238,401
686,677,306,129,788,174,732,242,268,321,676,831,1333,492,414,440,521,1306,758,82,426,748,471,330,535,207,537,368,393,953,575,2107,402,705,173,812,706,134,393,791,493,173,551,251,606,711,508,752,306,504
1093,1219,551,207,1447,265,1320,452,456,545,1193,1578,2423,895,764,798,1011,2426,1423,189,830,1424,842,597,948,372,988,639,687,1759,2107,1883,712,1301,340,1526,1348,236,733,1518,990,318,1015,554,1108,1250,885,1421,520,955
224,234,123,46,272,49,265,82,91,94,211,286,481,180,143,171,203,493,250,37,158,256,168,105,182,73,170,130,147,359,402,712,66,267,48,299,276,53,135,298,190,48,203,109,223,254,171,295,98,178
511,421,174,93,468,111,465,131,154,199,383,483,809,316,261,252,315,867,461,52,269,494,305,187,294,124,319,239,262,575,705,1301,267,218,117,467,433,77,212,494,295,112,353,164,408,456,288,502,189,291
111,106,36,14,106,19,131,38,36,54,98,153,182,82,63,62,76,178,116,16,64,126,66,42,75,27,72,59,69,137,173,340,48,117,18,138,122,16,48,104,65,29,91,41,99,94,68,115,41,83
476,453,187,93,548,120,539,138,164,202,454,627,982,336,305,284,341,1008,533,59,308,532,331,235,378,134,322,232,280,666,812,1526,299,467,138,243,506,110,248,602,366,112,381,189,448,503,342,592,233,363
484,382,216,90,478,116,473,152,139,217,424,537,890,318,278,284,356,901,475,68,247,459,304,195,345,126,338,225,248,585,706,1348,276,433,122,506,242,79,228,529,301,110,345,175,363,429,308,519,198,351
93,58,43,14,83,19,97,31,27,32,61,118,156,57,39,45,60,142,92,12,34,101,55,29,54,22,51,40,41,100,134,236,53,77,16,110,79,6,41,93,69,21,64,24,75,89,44,102,30,60
247,231,102,51,258,61,260,71,65,110,212,279,454,156,136,130,178,424,249,20,142,271,151,112,164,70,174,132,140,278,393,733,135,212,48,248,228,41,62,280,183,58,168,89,235,236,151,264,82,160
494,481,200,96,541,112,520,182,176,199,454,579,988,352,310,307,406,961,554,61,291,558,344,212,378,150,389,228,267,639,791,1518,298,494,104,602,529,93,280,295,381,100,393,195,445,510,354,586,184,394
329,281,106,57,354,69,309,94,121,123,289,389,606,204,168,188,248,633,338,51,186,357,216,122,216,79,198,165,157,403,493,990,190,295,65,366,301,69,183,381,99,74,219,139,292,302,218,331,128,210
112,85,48,24,116,28,102,38,44,36,78,134,169,76,72,62,83,176,112,11,60,104,81,38,64,29,75,51,52,140,173,318,48,112,29,112,110,21,58,100,74,15,73,41,85,83,66,101,33,66
325,333,154,66,388,87,353,99,124,180,318,430,703,257,202,232,291,658,362,53,240,362,233,154,240,80,246,179,202,503,551,1015,203,353,91,381,345,64,168,393,219,73,129,137,284,339,226,401,152,271
163,166,75,26,179,38,174,45,77,72,153,206,352,129,89,113,137,381,184,26,92,165,111,79,107,39,111,99,107,245,251,554,109,164,41,189,175,24,89,195,139,41,137,42,126,170,112,199,69,121
448,335,167,67,433,95,393,126,136,174,354,447,711,273,198,233,302,723,405,53,223,411,254,184,268,83,242,213,203,494,606,1108,223,408,99,448,363,75,235,445,292,85,284,126,160,357,256,460,150,285
445,423,184,91,482,95,431,141,153,194,362,503,780,267,235,270,373,811,484,70,254,479,284,175,309,94,310,220,237,555,711,1250,254,456,94,503,429,89,236,510,302,83,339,170,357,211,271,521,172,284
339,283,112,51,329,76,319,75,113,123,280,360,568,206,163,178,236,550,316,32,166,326,183,138,233,81,233,153,177,414,508,885,171,288,68,342,308,44,151,354,218,66,226,112,256,271,107,354,143,205
504,413,198,92,543,124,484,159,160,217,451,553,923,369,297,300,364,908,559,62,296,539,313,228,364,130,357,282,299,673,752,1421,295,502,115,592,519,102,264,586,331,101,401,199,460,521,354,258,170,320
167,162,78,31,181,38,187,50,54,71,147,194,321,144,101,120,153,318,193,28,104,177,121,80,128,45,120,104,107,238,306,520,98,189,41,233,198,30,82,184,128,33,152,69,150,172,143,170,33,121
363,320,153,66,326,85,330,99,108,122,298,379,587,238,178,184,241,627,375,46,192,350,192,159,238,93,247,177,174,401,504,955,178,291,83,363,351,60,160,394,210,66,271,121,285,284,205,320,121,100
