286,468,218,84,506,101,494,178,207,230,447,501,879,367,318,340,353,832,506,67,305,523,340,211,370,160,399,265,311,639,698,1196,226,460,97,513,510,75,275,489,315,107,380,171,420,422,325,485,172,369
468,199,180,83,446,100,439,131,137,176,360,490,832,273,248,262,294,844,414,54,249,447,253,171,295,110,288,191,212,514,673,1283,238,391,103,444,409,69,183,472,307,88,356,157,328,383,285,463,196,284
218,180,42,34,211,49,209,63,60,70,145,223,343,117,108,128,125,339,214,21,118,224,99,95,114,50,146,92,98,260,317,536,105,187,46,197,219,42,97,213,125,46,175,85,182,183,124,199,76,136
84,83,34,3,69,12,87,28,22,36,56,72,159,73,48,58,68,151,92,7,53,91,58,32,54,27,69,29,41,118,140,228,42,80,18,73,76,16,43,77,40,20,58,24,69,80,48,96,26,61
506,446,211,69,269,101,478,160,162,191,428,603,901,347,278,302,372,949,529,60,281,502,331,192,303,123,355,251,280,690,773,1430,289,489,124,509,475,88,260,519,334,112,369,177,388,505,311,514,190,328
101,100,49,12,101,11,104,35,41,43,79,124,201,79,69,66,92,206,117,12,71,121,70,39,81,31,80,60,53,130,188,304,63,96,20,109,111,17,54,114,72,22,80,42,95,108,72,117,38,70
494,439,209,87,478,104,229,155,174,219,415,544,876,319,275,304,372,881,459,62,262,485,290,196,335,105,318,232,220,587,745,1380,262,447,104,470,477,75,257,557,298,112,370,214,392,462,327,473,183,318
178,131,63,28,160,35,155,22,61,66,130,152,278,93,85,76,113,258,136,17,99,153,118,64,89,44,82,68,76,204,251,438,76,146,36,164,137,22,74,165,116,24,124,63,124,134,99,148,63,96
207,137,60,22,162,41,174,61,28,58,142,171,285,110,87,102,123,299,163,18,91,164,90,76,125,53,108,80,103,206,254,440,89,181,30,182,165,21,96,157,91,39,126,50,149,161,93,189,58,118
230,176,70,36,191,43,219,66,58,46,161,221,389,149,104,137,148,383,225,26,110,201,109,71,125,57,131,95,87,259,313,502,105,192,47,201,196,40,106,196,133,41,185,86,158,179,132,201,85,148
447,360,145,56,428,79,415,130,142,161,175,481,741,284,232,242,311,772,448,62,227,424,231,145,281,117,271,202,193,535,648,1122,246,400,102,425,384,72,214,440,281,92,343,157,329,363,262,448,168,294
501,490,223,72,603,124,544,152,171,221,481,308,1007,351,275,316,396,1035,535,83,287,564,285,222,362,143,393,263,288,744,824,1504,298,496,128,615,520,94,285,612,360,92,425,198,454,525,317,585,196,372
879,832,343,159,901,201,876,278,285,389,741,1007,831,562,460,522,677,1475,910,134,454,929,472,382,628,242,602,417,465,1112,1345,2507,500,806,210,997,859,170,470,943,608,168,674,349,761,809,546,937,329,623
367,273,117,73,347,79,319,93,110,149,284,351,562,117,178,189,241,597,330,42,193,339,185,129,218,88,214,152,148,389,504,901,171,298,94,295,323,52,163,354,204,71,244,120,250,270,241,353,115,211
318,248,108,48,278,69,275,85,87,104,232,275,460,178,72,141,171,484,246,31,158,250,152,105,180,72,174,125,134,328,381,732,140,238,58,256,261,37,115,244,171,55,215,93,249,235,179,283,92,194
340,262,128,58,302,66,304,76,102,137,242,316,522,189,141,82,196,520,262,33,161,248,180,99,187,74,195,131,141,355,422,820,165,239,59,292,271,44,113,294,174,67,230,104,264,279,187,317,111,204
353,294,125,68,372,92,372,113,123,148,311,396,677,241,171,196,119,645,351,37,186,371,220,157,242,98,233,168,186,469,566,991,194,358,90,385,368,61,192,390,226,70,267,134,308,354,229,382,144,230
832,844,339,151,949,206,881,258,299,383,772,1035,1475,597,484,520,645,841,924,123,496,960,510,369,620,227,604,446,488,1146,1375,2476,505,848,198,993,848,165,451,977,595,187,709,377,741,844,538,933,331,612
506,414,214,92,529,117,459,136,163,225,448,535,910,330,246,262,351,924,246,62,278,498,284,214,310,125,334,227,274,612,710,1414,265,491,119,516,472,73,230,582,315,113,381,209,407,464,353,530,195,322
67,54,21,7,60,12,62,17,18,26,62,83,134,42,31,33,37,123,62,2,23,73,39,22,47,7,31,27,28,61,114,196,45,50,13,67,63,13,28,67,36,11,54,21,54,66,38,65,26,34
305,249,118,53,281,71,262,99,91,110,227,287,454,193,158,161,186,496,278,23,61,269,169,106,190,70,168,135,133,340,399,775,148,252,60,275,279,36,162,297,188,67,225,108,226,255,201,297,101,153
523,447,224,91,502,121,485,153,164,201,424,564,929,339,250,248,371,960,498,73,269,273,305,212,329,123,332,244,303,629,753,1405,279,475,115,561,473,79,238,561,321,120,404,184,406,454,332,559,178,351
340,253,99,58,331,70,290,118,90,109,231,285,472,185,152,180,220,510,284,39,169,305,84,119,214,82,221,151,152,349,445,821,149,292,81,296,288,32,187,319,172,57,227,115,241,270,175,322,117,219
211,171,95,32,192,39,196,64,76,71,145,222,382,129,105,99,157,369,214,22,106,212,119,41,125,53,123,100,80,240,319,563,104,175,51,204,192,38,108,206,133,45,179,53,132,175,135,203,79,135
370,295,114,54,303,81,335,89,125,125,281,362,628,218,180,187,242,620,310,47,190,329,214,125,112,85,220,142,156,400,505,963,195,295,80,310,313,50,166,362,223,67,274,132,241,301,199,364,157,198
160,110,50,27,123,31,105,44,53,57,117,143,242,88,72,74,98,227,125,7,70,123,82,53,85,15,79,50,55,145,200,385,68,116,30,129,124,21,60,137,83,25,103,44,110,101,68,131,55,82
399,288,146,69,355,80,318,82,108,131,271,393,602,214,174,195,233,604,334,31,168,332,221,123,220,79,104,139,159,396,548,986,187,317,103,340,315,57,149,338,242,57,263,122,264,312,209,366,130,227
265,191,92,29,251,60,232,68,80,95,202,263,417,152,125,131,168,446,227,27,135,244,151,100,142,50,139,62,107,289,345,673,133,226,47,221,220,37,119,256,150,42,212,88,195,220,137,253,107,130
311,212,98,41,280,53,220,76,103,87,193,288,465,148,134,141,186,488,274,28,133,303,152,80,156,55,159,107,66,318,386,728,140,237,55,255,222,41,134,286,155,59,214,95,196,224,155,254,113,162
639,514,260,118,690,130,587,204,206,259,535,744,1112,389,328,355,469,1146,612,61,340,629,349,240,400,145,396,289,318,370,936,1838,335,546,176,724,592,99,303,661,418,131,467,246,475,600,393,654,264,448
698,673,317,140,773,188,745,251,254,313,648,824,1345,504,381,422,566,1375,710,114,399,753,445,319,505,200,548,345,386,936,562,2124,417,754,181,781,724,122,391,805,484,165,549,300,619,727,495,758,276,494
1196,1283,536,228,1430,304,1380,438,440,502,1122,1504,2507,901,732,820,991,2476,1414,196,775,1405,821,563,963,385,986,673,728,1838,2124,1938,742,1332,322,1544,1307,256,701,1501,977,298,1022,512,1155,1342,838,1436,466,934
226,238,105,42,289,63,262,76,89,105,246,298,500,171,140,165,194,505,265,45,148,279,149,104,195,68,187,133,140,335,417,742,64,272,62,268,271,44,126,284,166,60,219,99,208,255,165,292,106,175
460,391,187,80,489,96,447,146,181,192,400,496,806,298,238,239,358,848,491,50,252,475,292,175,295,116,317,226,237,546,754,1332,272,195,114,499,402,74,235,516,300,93,386,174,363,449,297,515,192,292
97,103,46,18,124,20,104,36,30,47,102,128,210,94,58,59,90,198,119,13,60,115,81,51,80,30,103,47,55,176,181,322,62,114,12,128,116,21,69,123,80,28,88,40,108,99,76,115,39,81
513,444,197,73,509,109,470,164,182,201,425,615,997,295,256,292,385,993,516,67,275,561,296,204,310,129,340,221,255,724,781,1544,268,499,128,294,521,94,290,582,356,108,401,200,412,509,302,518,200,362
510,409,219,76,475,111,477,137,165,196,384,520,859,323,261,271,368,848,472,63,279,473,288,192,313,124,315,220,222,592,724,1307,271,402,116,521,243,81,235,503,306,91,379,166,408,437,289,479,176,338
75,69,42,16,88,17,75,22,21,40,72,94,170,52,37,44,61,165,73,13,36,79,32,38,50,21,57,37,41,99,122,256,44,74,21,94,81,4,46,102,56,15,67,30,62,69,48,79,32,57
275,183,97,43,260,54,257,74,96,106,214,285,470,163,115,113,192,451,230,28,162,238,187,108,166,60,149,119,134,303,391,701,126,235,69,290,235,46,59,302,160,57,203,95,209,240,147,273,99,198
489,472,213,77,519,114,557,165,157,196,440,612,943,354,244,294,390,977,582,67,297,561,319,206,362,137,338,256,286,661,805,1501,284,516,123,582,503,102,302,273,335,111,428,202,437,488,346,549,197,339
315,307,125,40,334,72,298,116,91,133,281,360,608,204,171,174,226,595,315,36,188,321,172,133,223,83,242,150,155,418,484,977,166,300,80,356,306,56,160,335,103,67,282,134,280,308,203,332,138,220
107,88,46,20,112,22,112,24,39,41,92,92,168,71,55,67,70,187,113,11,67,120,57,45,67,25,57,42,59,131,165,298,60,93,28,108,91,15,57,111,67,13,73,46,99,79,67,114,41,74
380,356,175,58,369,80,370,124,126,185,343,425,674,244,215,230,267,709,381,54,225,404,227,179,274,103,263,212,214,467,549,1022,219,386,88,401,379,67,203,428,282,73,150,144,344,366,232,366,140,269
171,157,85,24,177,42,214,63,50,86,157,198,349,120,93,104,134,377,209,21,108,184,115,53,132,44,122,88,95,246,300,512,99,174,40,200,166,30,95,202,134,46,144,29,148,169,116,214,59,115
420,328,182,69,388,95,392,124,149,158,329,454,761,250,249,264,308,741,407,54,226,406,241,132,241,110,264,195,196,475,619,1155,208,363,108,412,408,62,209,437,280,99,344,148,150,375,248,444,149,256
422,383,183,80,505,108,462,134,161,179,363,525,809,270,235,279,354,844,464,66,255,454,270,175,301,101,312,220,224,600,727,1342,255,449,99,509,437,69,240,488,308,79,366,169,375,199,269,493,183,312
325,285,124,48,311,72,327,99,93,132,262,317,546,241,179,187,229,538,353,38,201,332,175,135,199,68,209,137,155,393,495,838,165,297,76,302,289,48,147,346,203,67,232,116,248,269,88,335,107,202
485,463,199,96,514,117,473,148,189,201,448,585,937,353,283,317,382,933,530,65,297,559,322,203,364,131,366,253,254,654,758,1436,292,515,115,518,479,79,273,549,332,114,366,214,444,493,335,250,214,341
172,196,76,26,190,38,183,63,58,85,168,196,329,115,92,111,144,331,195,26,101,178,117,79,157,55,130,107,113,264,276,466,106,192,39,200,176,32,99,197,138,41,140,59,149,183,107,214,30,129
369,284,136,61,328,70,318,96,118,148,294,372,623,211,194,204,230,612,322,34,153,351,219,135,198,82,227,130,162,448,494,934,175,292,81,362,338,57,198,339,220,74,269,115,256,312,202,341,129,117
