271,439,229,97,524,109,487,177,191,260,475,508,822,386,322,326,365,809,509,61,332,541,349,210,405,172,371,269,314,629,729,1181,222,495,103,509,518,79,251,499,327,109,362,200,462,455,348,513,169,364
439,207,165,76,419,119,425,136,150,189,365,524,805,296,245,269,315,766,411,47,245,429,231,161,308,109,280,197,213,553,640,1202,247,407,98,480,434,81,219,476,268,84,341,170,330,380,260,475,163,286
229,165,35,30,179,40,199,73,59,79,195,204,388,133,107,108,147,367,195,22,108,182,105,82,146,43,135,83,106,242,322,587,105,178,49,227,179,27,116,229,128,46,164,71,182,187,109,230,67,143
97,76,30,3,95,19,87,32,28,35,62,87,144,55,46,58,46,142,84,10,50,81,44,39,66,26,61,40,27,117,118,213,33,68,20,89,72,12,40,100,61,13,78,22,80,73,64,80,38,67
524,419,179,95,246,111,527,137,153,227,416,570,958,345,277,295,364,957,508,69,263,562,347,218,352,134,333,219,249,708,795,1439,269,495,122,546,483,87,254,550,351,107,408,204,420,473,342,538,200,327
109,119,40,19,111,11,97,33,33,49,90,124,186,74,75,74,75,177,107,22,71,113,79,57,73,31,81,53,43,156,167,256,46,100,27,130,110,19,54,120,67,21,98,40,99,93,73,122,45,83
487,425,199,87,527,97,198,126,168,193,411,531,892,314,238,247,334,868,491,59,306,490,257,185,331,136,321,213,229,645,772,1352,253,466,114,525,441,85,225,505,305,95,371,194,394,473,311,471,171,353
177,136,73,32,137,33,126,13,50,64,131,153,260,91,67,66,129,232,149,19,101,164,91,74,93,56,108,66,91,205,244,423,84,146,34,162,131,22,67,158,112,30,102,54,116,137,88,146,64,106
191,150,59,28,153,33,168,50,18,71,130,164,307,105,89,97,117,305,182,29,91,179,98,70,93,46,107,80,70,192,271,453,85,141,34,175,143,30,91,156,100,49,122,72,142,175,99,191,60,113
260,189,79,35,227,49,193,64,71,51,170,235,357,133,111,111,150,367,211,22,124,240,140,85,163,55,157,96,116,240,306,525,119,197,42,196,203,31,111,210,155,40,157,79,190,157,133,209,77,146
475,365,195,62,416,90,411,131,130,170,184,512,798,297,233,241,301,767,450,57,264,437,259,156,316,114,311,197,233,534,635,1123,211,381,95,462,382,67,237,440,327,95,329,169,356,353,276,439,148,281
508,524,204,87,570,124,531,153,164,235,512,347,1038,354,304,320,378,1050,551,71,286,579,326,216,373,140,400,285,308,728,834,1571,302,506,132,583,533,108,278,624,391,102,456,214,452,548,371,594,222,347
822,805,388,144,958,186,892,260,307,357,798,1038,752,572,476,502,692,1418,919,106,497,972,556,369,612,244,641,440,462,1175,1343,2428,499,855,222,984,863,157,475,1012,608,189,671,376,715,863,581,942,337,614
386,296,133,55,345,74,314,91,105,133,297,354,572,122,188,161,241,578,331,35,196,351,190,118,221,77,215,139,152,370,477,933,159,313,68,350,290,52,144,334,242,55,244,107,243,312,189,333,118,243
322,245,107,46,277,75,238,67,89,111,233,304,476,188,52,122,170,489,253,27,131,238,147,85,167,62,182,108,134,330,404,764,165,254,56,259,250,44,120,271,155,49,184,114,195,236,168,257,88,181
326,269,108,58,295,74,247,66,97,111,241,320,502,161,122,78,187,520,297,29,135,277,161,113,189,78,196,129,132,337,449,828,161,258,55,280,298,57,146,274,168,73,215,110,224,240,178,309,103,208
365,315,147,46,364,75,334,129,117,150,301,378,692,241,170,187,118,701,394,54,208,380,207,166,225,117,267,164,172,445,571,974,196,306,85,376,355,66,188,415,279,87,270,152,281,343,242,385,130,226
809,766,367,142,957,177,868,232,305,367,767,1050,1418,578,489,520,701,802,915,107,499,929,559,364,636,235,637,425,436,1140,1351,2511,474,820,196,997,822,150,457,941,626,191,670,342,763,849,643,963,318,602
509,411,195,84,508,107,491,149,182,211,450,551,919,331,253,297,394,915,251,65,297,511,299,191,334,140,356,218,227,685,794,1443,277,468,118,568,481,95,236,520,357,108,383,179,395,477,323,509,177,325
61,47,22,10,69,22,59,19,29,22,57,71,106,35,27,29,54,107,65,6,46,59,42,20,37,9,37,25,35,71,89,192,23,67,12,62,67,4,33,75,44,11,67,18,44,65,40,66,26,37
332,245,108,50,263,71,306,101,91,124,264,286,497,196,131,135,208,499,297,46,64,303,171,111,183,78,207,125,141,337,412,753,167,246,61,281,249,40,144,314,203,56,226,98,206,254,151,324,94,185
541,429,182,81,562,113,490,164,179,240,437,579,972,351,238,277,380,929,511,59,303,292,292,194,352,138,364,212,233,662,803,1473,274,511,127,546,497,96,267,555,345,98,389,212,376,438,331,541,188,341
349,231,105,44,347,79,257,91,98,140,259,326,556,190,147,161,207,559,299,42,171,292,85,108,192,82,208,145,141,405,445,880,182,291,70,310,272,46,151,319,195,58,253,110,241,281,190,319,118,211
210,161,82,39,218,57,185,74,70,85,156,216,369,118,85,113,166,364,191,20,111,194,108,39,138,47,112,84,95,246,300,528,107,210,37,218,169,31,117,218,149,42,157,76,146,178,126,231,80,142
405,308,146,66,352,73,331,93,93,163,316,373,612,221,167,189,225,636,334,37,183,352,192,138,116,77,244,118,146,410,505,952,181,339,71,338,330,49,173,383,220,78,273,114,258,315,222,366,114,219
172,109,43,26,134,31,136,56,46,55,114,140,244,77,62,78,117,235,140,9,78,138,82,47,77,13,78,54,66,159,182,328,64,118,28,118,130,21,73,125,76,25,98,49,95,130,83,129,54,95
371,280,135,61,333,81,321,108,107,157,311,400,641,215,182,196,267,637,356,37,207,364,208,112,244,78,102,164,150,444,515,950,172,332,79,327,327,50,155,365,234,66,277,129,259,316,214,370,145,240
269,197,83,40,219,53,213,66,80,96,197,285,440,139,108,129,164,425,218,25,125,212,145,84,118,54,164,48,105,284,362,663,129,193,61,229,219,43,121,263,149,61,210,90,182,227,145,287,71,176
314,213,106,27,249,43,229,91,70,116,233,308,462,152,134,132,172,436,227,35,141,233,141,95,146,66,150,105,64,308,380,672,118,211,66,256,242,34,131,284,172,46,191,81,194,232,154,244,91,191
629,553,242,117,708,156,645,205,192,240,534,728,1175,370,330,337,445,1140,685,71,337,662,405,246,410,159,444,284,308,414,1007,1856,334,615,159,640,605,102,337,692,427,131,472,236,490,609,416,687,251,434
729,640,322,118,795,167,772,244,271,306,635,834,1343,477,404,449,571,1351,794,89,412,803,445,300,505,182,515,362,380,1007,577,2088,417,720,200,826,709,130,410,814,511,171,556,326,633,686,533,784,298,478
1181,1202,587,213,1439,256,1352,423,453,525,1123,1571,2428,933,764,828,974,2511,1443,192,753,1473,880,528,952,328,950,663,672,1856,2088,1982,782,1337,337,1523,1270,267,680,1476,924,293,1034,552,1077,1278,948,1393,495,892
222,247,105,33,269,46,253,84,85,119,211,302,499,159,165,161,196,474,277,23,167,274,182,107,181,64,172,129,118,334,417,782,77,239,70,269,220,56,139,287,166,52,184,123,185,232,192,270,93,168
495,407,178,68,495,100,466,146,141,197,381,506,855,313,254,258,306,820,468,67,246,511,291,210,339,118,332,193,211,615,720,1337,239,217,97,490,450,71,247,546,340,90,373,156,395,442,307,495,175,312
103,98,49,20,122,27,114,34,34,42,95,132,222,68,56,55,85,196,118,12,61,127,70,37,71,28,79,61,66,159,200,337,70,97,14,121,102,25,59,115,88,23,91,49,99,111,83,95,44,87
509,480,227,89,546,130,525,162,175,196,462,583,984,350,259,280,376,997,568,62,281,546,310,218,338,118,327,229,256,640,826,1523,269,490,121,246,545,89,267,571,375,121,429,212,410,523,317,546,207,357
518,434,179,72,483,110,441,131,143,203,382,533,863,290,250,298,355,822,481,67,249,497,272,169,330,130,327,219,242,605,709,1270,220,450,102,545,239,77,241,516,326,106,363,174,367,447,295,520,174,327
79,81,27,12,87,19,85,22,30,31,67,108,157,52,44,57,66,150,95,4,40,96,46,31,49,21,50,43,34,102,130,267,56,71,25,89,77,6,45,101,69,24,56,36,67,82,36,101,36,57
251,219,116,40,254,54,225,67,91,111,237,278,475,144,120,146,188,457,236,33,144,267,151,117,173,73,155,121,131,337,410,680,139,247,59,267,241,45,51,266,164,49,182,104,206,217,162,255,86,171
499,476,229,100,550,120,505,158,156,210,440,624,1012,334,271,274,415,941,520,75,314,555,319,218,383,125,365,263,284,692,814,1476,287,546,115,571,516,101,266,292,320,104,390,220,427,473,358,562,196,360
327,268,128,61,351,67,305,112,100,155,327,391,608,242,155,168,279,626,357,44,203,345,195,149,220,76,234,149,172,427,511,924,166,340,88,375,326,69,164,320,97,77,255,135,257,296,224,350,114,213
109,84,46,13,107,21,95,30,49,40,95,102,189,55,49,73,87,191,108,11,56,98,58,42,78,25,66,61,46,131,171,293,52,90,23,121,106,24,49,104,77,6,88,37,73,107,68,100,45,82
362,341,164,78,408,98,371,102,122,157,329,456,671,244,184,215,270,670,383,67,226,389,253,157,273,98,277,210,191,472,556,1034,184,373,91,429,363,56,182,390,255,88,156,130,309,327,246,394,111,266
200,170,71,22,204,40,194,54,72,79,169,214,376,107,114,110,152,342,179,18,98,212,110,76,114,49,129,90,81,236,326,552,123,156,49,212,174,36,104,220,135,37,130,22,157,154,114,201,67,145
462,330,182,80,420,99,394,116,142,190,356,452,715,243,195,224,281,763,395,44,206,376,241,146,258,95,259,182,194,490,633,1077,185,395,99,410,367,67,206,427,257,73,309,157,153,373,264,419,134,269
455,380,187,73,473,93,473,137,175,157,353,548,863,312,236,240,343,849,477,65,254,438,281,178,315,130,316,227,232,609,686,1278,232,442,111,523,447,82,217,473,296,107,327,154,373,205,296,514,188,297
348,260,109,64,342,73,311,88,99,133,276,371,581,189,168,178,242,643,323,40,151,331,190,126,222,83,214,145,154,416,533,948,192,307,83,317,295,36,162,358,224,68,246,114,264,296,100,322,123,254
513,475,230,80,538,122,471,146,191,209,439,594,942,333,257,309,385,963,509,66,324,541,319,231,366,129,370,287,244,687,784,1393,270,495,95,546,520,101,255,562,350,100,394,201,419,514,322,238,166,347
169,163,67,38,200,45,171,64,60,77,148,222,337,118,88,103,130,318,177,26,94,188,118,80,114,54,145,71,91,251,298,495,93,175,44,207,174,36,86,196,114,45,111,67,134,188,123,166,23,122
364,286,143,67,327,83,353,106,113,146,281,347,614,243,181,208,226,602,325,37,185,341,211,142,219,95,240,176,191,434,478,892,168,312,87,357,327,57,171,360,213,82,266,145,269,297,254,347,122,107
