271,436,199,81,474,102,480,185,176,239,468,525,817,357,337,354,339,887,496,58,325,522,355,213,369,153,392,271,284,618,721,1158,281,481,106,509,492,90,280,507,327,127,346,168,436,424,341,480,186,382
436,196,179,81,458,110,424,130,132,160,354,458,783,268,241,251,322,770,412,45,245,424,263,185,291,108,307,200,187,559,705,1267,252,426,96,479,419,91,220,527,276,91,346,140,341,415,285,476,165,278
199,179,31,27,179,48,219,57,59,69,162,213,353,149,111,113,150,362,217,18,109,218,122,83,122,52,131,83,96,269,320,593,106,185,46,203,181,28,88,235,131,45,156,70,142,189,134,203,93,122
81,81,27,10,80,22,97,24,24,44,77,105,137,59,60,64,55,142,93,11,45,76,58,35,58,23,61,36,32,104,109,192,31,71,21,90,93,13,39,75,65,23,59,26,64,73,55,111,25,45
474,458,179,80,283,105,454,165,181,211,459,538,891,329,261,326,353,849,530,60,276,524,300,220,326,127,329,224,247,651,723,1403,271,480,110,515,457,106,263,534,339,101,392,172,403,493,330,524,187,329
102,110,48,22,105,15,107,34,36,46,100,119,185,76,69,65,72,186,114,14,69,105,80,45,75,33,84,53,55,151,156,271,47,95,26,132,113,19,50,106,76,27,83,32,86,96,78,119,35,69
480,424,219,97,454,107,237,140,175,214,402,555,885,305,285,263,338,843,484,62,258,509,321,187,306,143,354,216,234,588,738,1283,240,422,116,530,462,71,228,493,331,101,360,159,329,454,304,492,180,334
185,130,57,24,165,34,140,21,50,66,121,146,272,108,91,92,105,285,155,17,79,153,82,59,108,42,111,77,69,181,221,392,81,156,31,158,141,25,62,156,93,28,106,49,116,139,98,168,60,105
176,132,59,24,181,36,175,50,31,69,139,184,286,111,80,82,114,274,161,14,83,170,98,65,101,39,117,73,82,220,230,460,77,149,30,165,161,20,80,168,105,31,136,60,128,149,85,178,65,96
239,160,69,44,211,46,214,66,69,44,183,223,367,130,112,129,147,338,216,25,112,222,123,91,115,49,145,101,98,277,334,567,99,194,44,219,198,24,103,247,153,52,164,89,158,177,136,221,76,149
468,354,162,77,459,100,402,121,139,183,190,467,744,286,250,280,302,714,421,43,203,459,256,178,271,109,281,208,207,511,598,1194,216,407,87,438,399,69,208,432,285,92,328,162,345,374,272,446,133,301
525,458,213,105,538,119,555,146,184,223,467,315,1026,377,288,332,394,1038,559,74,297,595,282,226,353,141,374,262,283,731,899,1567,287,512,133,609,509,92,269,599,368,106,419,205,457,557,331,601,201,366
817,783,353,137,891,185,885,272,286,367,744,1026,821,548,483,495,657,1515,927,107,486,859,496,342,582,228,591,443,447,1182,1340,2385,467,823,207,1019,864,143,457,971,657,168,738,328,665,845,556,905,295,589
357,268,149,59,329,76,305,108,111,130,286,377,548,100,185,184,248,583,329,39,195,351,215,137,211,88,239,135,196,407,504,932,179,330,83,312,322,39,165,352,227,51,252,116,253,290,207,354,142,225
337,241,111,60,261,69,285,91,80,112,250,288,483,185,69,142,197,464,291,22,167,294,188,107,161,66,183,113,152,330,397,759,126,277,45,294,267,47,120,279,169,66,204,92,223,256,163,285,97,209
354,251,113,64,326,65,263,92,82,129,280,332,495,184,142,81,228,483,301,23,145,304,189,113,188,70,187,128,149,341,431,839,147,304,58,329,273,43,152,320,181,60,239,85,219,307,176,279,102,192
339,322,150,55,353,72,338,105,114,147,302,394,657,248,197,228,138,683,355,42,176,372,233,130,216,91,251,175,185,461,536,1036,202,358,93,361,368,71,183,350,237,73,262,138,292,332,231,389,143,219
887,770,362,142,849,186,843,285,274,338,714,1038,1515,583,464,483,683,828,913,122,463,825,522,346,613,244,607,439,439,1176,1344,2421,504,806,220,1003,796,156,472,977,647,192,725,328,705,824,551,929,314,601
496,412,217,93,530,114,484,155,161,216,421,559,927,329,291,301,355,913,245,57,282,508,353,214,359,128,338,246,244,613,714,1411,284,471,116,502,467,80,262,535,327,112,408,202,438,468,336,514,189,370
58,45,18,11,60,14,62,17,14,25,43,74,107,39,22,23,42,122,57,7,26,58,31,30,36,16,37,21,21,59,91,187,37,56,16,50,65,10,27,62,35,12,47,22,42,55,38,58,30,37
325,245,109,45,276,69,258,79,83,112,203,297,486,195,167,145,176,463,282,26,85,295,157,112,174,77,200,110,144,353,427,774,153,262,59,277,249,52,116,304,178,58,209,95,218,242,151,301,102,173
522,424,218,76,524,105,509,153,170,222,459,595,859,351,294,304,372,825,508,58,295,271,317,221,349,128,345,245,269,588,738,1426,254,477,108,513,457,79,271,557,347,105,402,192,424,484,336,523,187,385
355,263,122,58,300,80,321,82,98,123,256,282,496,215,188,189,233,522,353,31,157,317,86,141,182,81,194,110,163,367,458,809,161,310,74,293,320,48,164,329,174,71,210,95,231,297,185,302,121,198
213,185,83,35,220,45,187,59,65,91,178,226,342,137,107,113,130,346,214,30,112,221,141,48,129,46,131,94,93,247,349,578,113,184,52,199,180,32,107,213,149,52,157,80,156,191,128,205,83,127
369,291,122,58,326,75,306,108,101,115,271,353,582,211,161,188,216,613,359,36,174,349,182,129,112,86,205,157,150,408,554,923,167,312,82,322,328,58,172,359,229,70,289,110,267,323,219,378,117,232
153,108,52,23,127,33,143,42,39,49,109,141,228,88,66,70,91,244,128,16,77,128,81,46,86,8,69,64,55,155,178,348,76,129,32,135,135,22,66,128,90,26,96,42,107,131,79,130,47,106
392,307,131,61,329,84,354,111,117,145,281,374,591,239,183,187,251,607,338,37,200,345,194,131,205,69,96,156,163,418,512,959,189,308,88,326,338,58,189,343,233,78,252,115,290,323,202,349,139,269
271,200,83,36,224,53,216,77,73,101,208,262,443,135,113,128,175,439,246,21,110,245,110,94,157,64,156,55,118,272,347,669,142,198,52,214,203,38,130,221,163,43,196,80,152,255,127,254,75,182
284,187,96,32,247,55,234,69,82,98,207,283,447,196,152,149,185,439,244,21,144,269,163,93,150,55,163,118,67,313,382,710,131,229,57,227,240,52,129,231,165,44,199,77,191,261,157,269,89,169
618,559,269,104,651,151,588,181,220,277,511,731,1182,407,330,341,461,1176,613,59,353,588,367,247,408,155,418,272,313,380,914,1822,382,530,129,671,576,105,307,688,440,131,451,232,479,560,380,653,241,422
721,705,320,109,723,156,738,221,230,334,598,899,1340,504,397,431,536,1344,714,91,427,738,458,349,554,178,512,347,382,914,555,2081,421,706,167,797,719,124,400,811,526,138,558,278,616,679,469,811,270,522
1158,1267,593,192,1403,271,1283,392,460,567,1194,1567,2385,932,759,839,1036,2421,1411,187,774,1426,809,578,923,348,959,669,710,1822,2081,1865,724,1306,313,1545,1295,236,696,1536,949,302,1082,536,1101,1265,913,1434,495,893
281,252,106,31,271,47,240,81,77,99,216,287,467,179,126,147,202,504,284,37,153,254,161,113,167,76,189,142,131,382,421,724,65,244,55,334,239,50,141,304,190,61,190,88,210,238,154,252,84,191
481,426,185,71,480,95,422,156,149,194,407,512,823,330,277,304,358,806,471,56,262,477,310,184,312,129,308,198,229,530,706,1306,244,209,107,486,421,69,209,468,327,85,340,179,392,413,306,494,153,283
106,96,46,21,110,26,116,31,30,44,87,133,207,83,45,58,93,220,116,16,59,108,74,52,82,32,88,52,57,129,167,313,55,107,17,134,106,25,61,121,77,21,70,39,112,103,70,118,40,92
509,479,203,90,515,132,530,158,165,219,438,609,1019,312,294,329,361,1003,502,50,277,513,293,199,322,135,326,214,227,671,797,1545,334,486,134,265,500,110,266,598,385,101,412,203,421,509,342,570,228,329
492,419,181,93,457,113,462,141,161,198,399,509,864,322,267,273,368,796,467,65,249,457,320,180,328,135,338,203,240,576,719,1295,239,421,106,500,201,68,217,489,328,94,316,169,404,449,315,498,173,303
90,91,28,13,106,19,71,25,20,24,69,92,143,39,47,43,71,156,80,10,52,79,48,32,58,22,58,38,52,105,124,236,50,69,25,110,68,7,52,75,54,18,53,27,61,76,48,90,28,72
280,220,88,39,263,50,228,62,80,103,208,269,457,165,120,152,183,472,262,27,116,271,164,107,172,66,189,130,129,307,400,696,141,209,61,266,217,52,55,256,166,57,186,93,182,227,164,275,86,164
507,527,235,75,534,106,493,156,168,247,432,599,971,352,279,320,350,977,535,62,304,557,329,213,359,128,343,221,231,688,811,1536,304,468,121,598,489,75,256,273,349,106,415,197,444,474,326,561,189,343
327,276,131,65,339,76,331,93,105,153,285,368,657,227,169,181,237,647,327,35,178,347,174,149,229,90,233,163,165,440,526,949,190,327,77,385,328,54,166,349,103,74,262,121,279,310,223,343,135,212
127,91,45,23,101,27,101,28,31,52,92,106,168,51,66,60,73,192,112,12,58,105,71,52,70,26,78,43,44,131,138,302,61,85,21,101,94,18,57,106,74,14,72,39,85,98,68,106,42,74
346,346,156,59,392,83,360,106,136,164,328,419,738,252,204,239,262,725,408,47,209,402,210,157,289,96,252,196,199,451,558,1082,190,340,70,412,316,53,186,415,262,72,142,159,306,357,259,384,138,276
168,140,70,26,172,32,159,49,60,89,162,205,328,116,92,85,138,328,202,22,95,192,95,80,110,42,115,80,77,232,278,536,88,179,39,203,169,27,93,197,121,39,159,30,141,168,103,214,78,113
436,341,142,64,403,86,329,116,128,158,345,457,665,253,223,219,292,705,438,42,218,424,231,156,267,107,290,152,191,479,616,1101,210,392,112,421,404,61,182,444,279,85,306,141,173,389,257,407,163,269
424,415,189,73,493,96,454,139,149,177,374,557,845,290,256,307,332,824,468,55,242,484,297,191,323,131,323,255,261,560,679,1265,238,413,103,509,449,76,227,474,310,98,357,168,389,223,287,491,162,344
341,285,134,55,330,78,304,98,85,136,272,331,556,207,163,176,231,551,336,38,151,336,185,128,219,79,202,127,157,380,469,913,154,306,70,342,315,48,164,326,223,68,259,103,257,287,107,331,124,216
480,476,203,111,524,119,492,168,178,221,446,601,905,354,285,279,389,929,514,58,301,523,302,205,378,130,349,254,269,653,811,1434,252,494,118,570,498,90,275,561,343,106,384,214,407,491,331,257,187,355
186,165,93,25,187,35,180,60,65,76,133,201,295,142,97,102,143,314,189,30,102,187,121,83,117,47,139,75,89,241,270,495,84,153,40,228,173,28,86,189,135,42,138,78,163,162,124,187,28,126
382,278,122,45,329,69,334,105,96,149,301,366,589,225,209,192,219,601,370,37,173,385,198,127,232,106,269,182,169,422,522,893,191,283,92,329,303,72,164,343,212,74,276,113,269,344,216,355,126,109
