268,480,237,90,543,115,485,174,154,258,522,533,846,372,328,346,348,820,501,55,350,529,353,228,392,162,412,257,322,580,689,1239,279,485,97,548,476,78,236,497,324,115,355,164,458,449,328,483,182,379
480,196,157,65,423,87,404,131,135,189,387,461,811,279,232,249,300,792,440,52,232,440,276,185,284,115,282,194,216,545,650,1223,252,378,107,473,400,69,231,462,262,82,343,149,350,404,285,452,156,288
237,157,37,35,207,39,199,75,55,80,170,230,363,132,104,118,148,344,212,19,104,250,98,90,132,52,138,101,102,248,324,544,120,180,42,190,181,34,106,219,134,38,149,73,170,192,124,196,66,131
90,65,35,4,90,15,92,29,39,47,69,92,122,58,42,44,49,123,82,12,47,81,51,35,58,24,64,43,38,108,118,216,38,79,20,97,68,14,38,94,57,20,71,33,59,78,59,85,23,62
543,423,207,90,257,130,504,125,187,226,437,567,972,326,253,280,358,909,508,63,286,509,339,220,312,142,385,212,282,641,820,1435,276,476,114,549,487,82,254,534,331,121,404,185,407,468,322,537,183,352
115,87,39,15,130,10,111,36,39,45,76,118,187,79,63,71,75,205,115,16,55,113,62,47,80,22,75,52,60,156,161,278,50,102,22,129,112,23,55,110,74,29,87,47,75,87,76,89,39,77
485,404,199,92,504,111,203,150,153,181,413,549,873,296,268,261,356,816,521,67,241,496,290,207,336,122,314,245,241,604,756,1340,253,490,133,527,403,91,243,520,342,107,369,194,349,473,311,469,197,325
174,131,75,29,125,36,150,16,42,56,130,157,272,115,94,93,110,254,155,13,72,157,103,67,101,39,96,61,86,175,232,401,79,123,33,166,135,23,64,156,116,24,119,53,143,144,97,191,52,94
154,135,55,39,187,39,153,42,30,74,140,168,279,104,93,91,103,280,184,31,87,172,87,84,96,31,103,66,81,215,284,425,88,183,44,160,164,20,76,193,118,36,118,73,132,156,113,169,67,109
258,189,80,47,226,45,181,56,74,37,163,239,333,133,119,136,147,363,209,33,123,207,121,65,130,55,136,106,101,257,309,551,102,221,52,234,224,37,116,203,142,58,156,66,161,194,144,210,69,146
522,387,170,69,437,76,413,130,140,163,182,462,727,279,220,260,301,729,465,58,256,450,261,163,271,105,294,205,231,540,637,1186,224,395,89,460,415,76,209,465,290,116,332,159,332,394,258,443,151,291
533,461,230,92,567,118,549,157,168,239,462,314,1059,368,282,308,408,1047,557,74,286,548,299,215,347,125,366,267,253,722,901,1571,336,492,135,600,482,109,284,573,378,123,416,201,432,550,359,567,207,370
846,811,363,122,972,187,873,272,279,333,727,1059,780,628,452,483,650,1445,924,98,472,902,537,383,606,237,621,395,425,1150,1305,2416,488,829,211,969,782,141,460,968,572,181,692,363,718,810,595,990,355,606
372,279,132,58,326,79,296,115,104,133,279,368,628,110,182,179,249,576,344,38,167,353,200,134,221,73,212,139,164,418,508,916,175,320,77,354,298,49,162,346,200,57,273,119,290,293,187,347,125,234
328,232,104,42,253,63,268,94,93,119,220,282,452,182,59,131,188,436,273,39,145,289,142,119,160,68,187,107,156,314,415,736,137,234,48,277,260,40,134,289,155,66,191,96,213,243,154,281,90,214
346,249,118,44,280,71,261,93,91,136,260,308,483,179,131,86,226,519,310,34,146,320,148,114,200,77,202,113,158,345,421,824,156,247,61,290,269,47,137,322,172,71,202,112,242,251,167,277,108,227
348,300,148,49,358,75,356,110,103,147,301,408,650,249,188,226,148,644,341,43,188,363,233,158,242,97,247,181,180,438,545,1017,182,332,71,369,325,56,189,400,246,61,248,146,289,312,228,373,112,256
820,792,344,123,909,205,816,254,280,363,729,1047,1445,576,436,519,644,774,889,108,466,922,563,343,599,251,627,387,466,1079,1334,2507,485,799,202,951,847,137,444,943,565,185,673,351,719,810,593,920,339,631
501,440,212,82,508,115,521,155,184,209,465,557,924,344,273,310,341,889,254,65,282,483,317,217,356,148,354,223,263,608,772,1455,263,497,118,543,466,84,237,540,340,103,384,222,420,509,330,538,192,330
55,52,19,12,63,16,67,13,31,33,58,74,98,38,39,34,43,108,65,1,19,68,33,17,36,18,40,23,39,69,96,192,30,54,13,63,58,8,23,70,40,13,49,31,48,56,44,65,26,32
350,232,104,47,286,55,241,72,87,123,256,286,472,167,145,146,188,466,282,19,74,306,174,107,186,64,179,126,146,329,437,754,134,274,56,276,261,56,141,322,180,54,210,86,221,270,185,309,111,181
529,440,250,81,509,113,496,157,172,207,450,548,902,353,289,320,363,922,483,68,306,290,334,212,341,144,372,219,272,676,808,1443,248,485,115,572,471,86,270,557,338,121,379,215,425,495,317,572,171,370
353,276,98,51,339,62,290,103,87,121,261,299,537,200,142,148,233,563,317,33,174,334,93,118,212,76,238,143,163,367,470,841,142,267,59,327,266,47,158,305,185,78,257,91,267,285,212,338,107,210
228,185,90,35,220,47,207,67,84,65,163,215,383,134,119,114,158,343,217,17,107,212,118,40,138,53,130,93,102,258,313,544,97,206,50,217,207,33,105,254,137,38,166,79,180,172,131,206,89,153
392,284,132,58,312,80,336,101,96,130,271,347,606,221,160,200,242,599,356,36,186,341,212,138,99,84,224,144,170,385,501,964,173,321,84,331,316,56,178,372,201,69,287,122,225,314,177,373,122,216
162,115,52,24,142,22,122,39,31,55,105,125,237,73,68,77,97,251,148,18,64,144,76,53,84,13,73,50,81,170,197,353,73,119,26,134,133,17,66,157,104,25,91,49,102,118,69,137,54,80
412,282,138,64,385,75,314,96,103,136,294,366,621,212,187,202,247,627,354,40,179,372,238,130,224,73,105,145,187,418,536,1009,190,309,76,354,336,54,161,413,228,59,270,144,250,331,213,357,146,212
257,194,101,43,212,52,245,61,66,106,205,267,395,139,107,113,181,387,223,23,126,219,143,93,144,50,145,58,127,278,347,665,132,229,49,262,206,40,118,243,145,48,172,85,185,228,130,238,70,158
322,216,102,38,282,60,241,86,81,101,231,253,425,164,156,158,180,466,263,39,146,272,163,102,170,81,187,127,68,309,376,693,138,235,56,266,217,46,136,250,166,47,200,86,207,230,182,277,93,176
580,545,248,108,641,156,604,175,215,257,540,722,1150,418,314,345,438,1079,608,69,329,676,367,258,385,170,418,278,309,387,991,1819,338,609,155,645,588,112,307,661,379,117,460,261,495,606,389,646,252,447
689,650,324,118,820,161,756,232,284,309,637,901,1305,508,415,421,545,1334,772,96,437,808,470,313,501,197,536,347,376,991,573,2056,395,719,159,803,674,127,396,837,516,170,590,285,609,672,482,796,284,522
1239,1223,544,216,1435,278,1340,401,425,551,1186,1571,2416,916,736,824,1017,2507,1455,192,754,1443,841,544,964,353,1009,665,693,1819,2056,1920,713,1301,340,1572,1253,229,676,1501,919,302,1076,546,1122,1253,913,1426,481,942
279,252,120,38,276,50,253,79,88,102,224,336,488,175,137,156,182,485,263,30,134,248,142,97,173,73,190,132,138,338,395,713,62,247,54,308,244,37,134,290,179,53,202,91,210,243,168,275,94,166
485,378,180,79,476,102,490,123,183,221,395,492,829,320,234,247,332,799,497,54,274,485,267,206,321,119,309,229,235,609,719,1301,247,227,115,457,420,72,235,507,308,99,389,196,375,453,299,491,169,331
97,107,42,20,114,22,133,33,44,52,89,135,211,77,48,61,71,202,118,13,56,115,59,50,84,26,76,49,56,155,159,340,54,115,14,114,109,19,53,123,68,21,98,45,93,103,78,127,55,81
548,473,190,97,549,129,527,166,160,234,460,600,969,354,277,290,369,951,543,63,276,572,327,217,331,134,354,262,266,645,803,1572,308,457,114,290,480,78,262,589,346,91,415,209,412,515,330,608,181,343
476,400,181,68,487,112,403,135,164,224,415,482,782,298,260,269,325,847,466,58,261,471,266,207,316,133,336,206,217,588,674,1253,244,420,109,480,203,82,254,498,310,109,406,166,356,437,283,475,164,317
78,69,34,14,82,23,91,23,20,37,76,109,141,49,40,47,56,137,84,8,56,86,47,33,56,17,54,40,46,112,127,229,37,72,19,78,82,10,43,87,67,20,70,24,62,82,53,88,34,55
236,231,106,38,254,55,243,64,76,116,209,284,460,162,134,137,189,444,237,23,141,270,158,105,178,66,161,118,136,307,396,676,134,235,53,262,254,43,62,267,160,53,178,88,220,238,178,250,100,163
497,462,219,94,534,110,520,156,193,203,465,573,968,346,289,322,400,943,540,70,322,557,305,254,372,157,413,243,250,661,837,1501,290,507,123,589,498,87,267,313,361,113,410,195,384,477,335,565,209,383
324,262,134,57,331,74,342,116,118,142,290,378,572,200,155,172,246,565,340,40,180,338,185,137,201,104,228,145,166,379,516,919,179,308,68,346,310,67,160,361,90,66,264,116,254,335,219,359,127,190
115,82,38,20,121,29,107,24,36,58,116,123,181,57,66,71,61,185,103,13,54,121,78,38,69,25,59,48,47,117,170,302,53,99,21,91,109,20,53,113,66,13,77,39,85,101,81,108,42,77
355,343,149,71,404,87,369,119,118,156,332,416,692,273,191,202,248,673,384,49,210,379,257,166,287,91,270,172,200,460,590,1076,202,389,98,415,406,70,178,410,264,77,150,175,327,379,243,388,165,281
164,149,73,33,185,47,194,53,73,66,159,201,363,119,96,112,146,351,222,31,86,215,91,79,122,49,144,85,86,261,285,546,91,196,45,209,166,24,88,195,116,39,175,36,143,198,141,187,71,123
458,350,170,59,407,75,349,143,132,161,332,432,718,290,213,242,289,719,420,48,221,425,267,180,225,102,250,185,207,495,609,1122,210,375,93,412,356,62,220,384,254,85,327,143,169,381,219,454,152,270
449,404,192,78,468,87,473,144,156,194,394,550,810,293,243,251,312,810,509,56,270,495,285,172,314,118,331,228,230,606,672,1253,243,453,103,515,437,82,238,477,335,101,379,198,381,224,278,482,156,298
328,285,124,59,322,76,311,97,113,144,258,359,595,187,154,167,228,593,330,44,185,317,212,131,177,69,213,130,182,389,482,913,168,299,78,330,283,53,178,335,219,81,243,141,219,278,97,345,119,242
483,452,196,85,537,89,469,191,169,210,443,567,990,347,281,277,373,920,538,65,309,572,338,206,373,137,357,238,277,646,796,1426,275,491,127,608,475,88,250,565,359,108,388,187,454,482,345,280,225,381
182,156,66,23,183,39,197,52,67,69,151,207,355,125,90,108,112,339,192,26,111,171,107,89,122,54,146,70,93,252,284,481,94,169,55,181,164,34,100,209,127,42,165,71,152,156,119,225,32,140
379,288,131,62,352,77,325,94,109,146,291,370,606,234,214,227,256,631,330,32,181,370,210,153,216,80,212,158,176,447,522,942,166,331,81,343,317,55,163,383,190,77,281,123,270,298,242,381,140,98
