258,491,210,92,473,102,445,176,166,243,439,507,798,363,304,340,361,773,514,74,334,552,356,231,387,147,387,288,314,644,741,1152,245,480,107,500,512,80,234,478,304,105,380,167,438,423,315,510,151,369
491,209,187,72,466,91,432,134,166,174,387,450,775,300,228,265,318,837,431,51,233,464,250,194,317,102,302,197,191,596,643,1173,206,383,86,449,404,66,244,466,284,94,325,161,337,391,268,489,161,322
210,187,36,36,210,46,196,53,75,79,184,231,383,126,111,112,136,372,196,17,100,189,123,88,136,52,142,106,110,250,296,556,108,173,48,199,185,30,83,213,133,37,167,67,173,200,125,168,64,153
92,72,36,9,89,17,77,27,33,38,74,95,135,50,39,56,74,130,74,12,51,80,49,34,59,26,58,44,51,108,119,195,38,71,28,96,84,17,47,91,55,18,59,32,63,67,50,94,26,57
473,466,210,89,274,125,514,157,169,225,451,551,888,341,254,303,370,910,468,61,287,504,271,214,360,139,365,243,254,637,762,1439,271,470,128,541,516,99,263,558,308,84,381,171,405,457,330,548,168,328
102,91,46,17,125,11,117,34,39,52,91,122,167,76,61,82,86,197,107,16,74,124,66,46,74,20,71,62,51,126,148,257,42,112,37,135,113,24,61,104,80,29,91,45,101,103,71,109,42,82
445,432,196,77,514,117,221,153,156,227,412,546,877,300,262,272,329,888,491,64,258,474,252,194,346,135,341,227,257,585,695,1293,266,465,126,469,459,82,245,521,346,98,404,193,357,424,297,432,174,324
176,134,53,27,157,34,153,19,42,67,125,173,288,106,84,88,116,281,177,19,87,154,96,57,100,29,91,80,89,196,227,441,82,145,29,158,152,27,79,158,84,32,121,63,119,130,97,158,52,108
166,166,75,33,169,39,156,42,25,75,155,184,282,105,88,98,110,299,189,17,93,180,99,72,116,44,123,74,85,183,246,468,93,157,41,187,149,33,74,181,111,35,138,66,142,156,103,174,52,115
243,174,79,38,225,52,227,67,75,50,149,236,378,134,107,117,164,342,209,23,98,186,128,84,154,46,120,117,117,262,310,525,120,190,38,225,213,42,107,233,116,35,159,71,168,173,127,217,58,134
439,387,184,74,451,91,412,125,155,149,160,517,795,304,231,263,297,742,449,38,231,455,249,187,286,93,279,222,218,550,650,1158,227,380,77,457,412,79,204,497,260,82,333,166,383,381,287,433,135,287
507,450,231,95,551,122,546,173,184,236,517,312,989,346,280,327,430,983,581,72,313,587,341,222,351,146,383,273,300,669,855,1569,295,531,117,573,539,103,295,578,359,115,425,211,465,549,346,559,199,357
798,775,383,135,888,167,877,288,282,378,795,989,789,569,481,536,640,1463,961,117,515,928,508,351,561,244,597,436,472,1134,1332,2312,444,840,218,945,841,158,419,1001,624,177,699,363,686,833,550,917,327,608
363,300,126,50,341,76,300,106,105,134,304,346,569,118,180,170,217,559,330,37,166,337,222,145,212,78,222,161,166,430,479,887,174,275,77,333,307,48,149,362,236,61,248,125,267,275,190,366,113,223
304,228,111,39,254,61,262,84,88,107,231,280,481,180,72,122,193,497,258,33,134,268,164,117,171,62,188,123,132,367,374,736,137,271,59,236,254,48,144,301,173,59,207,95,218,232,155,281,102,178
340,265,112,56,303,82,272,88,98,117,263,327,536,170,122,79,216,541,254,33,140,274,172,129,187,79,203,120,137,368,446,780,140,282,62,278,268,46,153,313,171,54,233,110,222,234,147,315,104,203
361,318,136,74,370,86,329,116,110,164,297,430,640,217,193,216,120,629,358,52,194,341,197,144,263,90,247,149,161,470,550,1013,203,327,85,352,379,52,195,411,232,60,276,135,304,347,237,383,129,260
773,837,372,130,910,197,888,281,299,342,742,983,1463,559,497,541,629,792,956,108,491,923,533,344,577,228,608,456,430,1132,1338,2355,488,859,194,948,825,170,419,975,620,169,656,330,684,834,540,925,330,609
514,431,196,74,468,107,491,177,189,209,449,581,961,330,258,254,358,956,261,55,262,462,274,201,320,143,328,263,260,648,789,1446,259,468,106,559,470,69,273,588,356,92,383,176,420,470,318,528,172,331
74,51,17,12,61,16,64,19,17,23,38,72,117,37,33,33,52,108,55,5,36,73,40,22,37,10,38,26,38,74,103,193,42,61,18,70,62,11,32,71,31,13,56,20,52,53,35,81,30,42
334,233,100,51,287,74,258,87,93,98,231,313,515,166,134,140,194,491,262,36,71,258,165,111,189,55,178,118,143,354,421,825,152,265,43,277,290,39,142,285,186,53,224,102,241,269,148,281,109,207
552,464,189,80,504,124,474,154,180,186,455,587,928,337,268,274,341,923,462,73,258,266,310,196,354,141,365,258,279,647,795,1462,274,500,138,540,489,68,237,537,376,87,402,187,409,474,325,543,189,323
356,250,123,49,271,66,252,96,99,128,249,341,508,222,164,172,197,533,274,40,165,310,96,147,186,68,182,133,140,366,444,809,147,277,81,282,286,51,168,309,190,58,226,104,259,261,204,322,107,212
231,194,88,34,214,46,194,57,72,84,187,222,351,145,117,129,144,344,201,22,111,196,147,41,141,54,140,98,91,260,288,542,91,171,42,215,189,28,102,231,139,42,157,65,160,179,120,223,71,151
387,317,136,59,360,74,346,100,116,154,286,351,561,212,171,187,263,577,320,37,189,354,186,141,122,83,203,161,149,417,500,910,185,296,71,368,330,63,183,352,203,62,257,118,263,310,218,356,120,232
147,102,52,26,139,20,135,29,44,46,93,146,244,78,62,79,90,228,143,10,55,141,68,54,83,21,85,51,59,174,198,348,51,119,29,128,131,32,57,151,79,34,112,34,111,112,84,147,50,93
387,302,142,58,365,71,341,91,123,120,279,383,597,222,188,203,247,608,328,38,178,365,182,140,203,85,109,141,157,415,508,986,183,329,68,360,331,69,168,366,204,72,273,103,259,307,212,386,137,220
288,197,106,44,243,62,227,80,74,117,222,273,436,161,123,120,149,456,263,26,118,258,133,98,161,51,141,60,112,286,359,701,123,242,59,204,250,34,121,245,149,54,191,75,180,214,132,250,89,168
314,191,110,51,254,51,257,89,85,117,218,300,472,166,132,137,161,430,260,38,143,279,140,91,149,59,157,112,67,303,405,698,133,236,71,258,265,49,129,298,164,52,194,101,200,213,160,278,116,163
644,596,250,108,637,126,585,196,183,262,550,669,1134,430,367,368,470,1132,648,74,354,647,366,260,417,174,415,286,303,394,932,1769,343,611,134,642,564,106,308,717,428,111,475,238,474,614,394,649,239,441
741,643,296,119,762,148,695,227,246,310,650,855,1332,479,374,446,550,1338,789,103,421,795,444,288,500,198,508,359,405,932,554,2082,418,672,179,840,671,127,367,796,497,156,553,295,633,679,514,748,270,500
1152,1173,556,195,1439,257,1293,441,468,525,1158,1569,2312,887,736,780,1013,2355,1446,193,825,1462,809,542,910,348,986,701,698,1769,2082,1884,740,1269,309,1531,1228,254,723,1450,961,302,1010,537,1102,1337,915,1387,504,913
245,206,108,38,271,42,266,82,93,120,227,295,444,174,137,140,203,488,259,42,152,274,147,91,185,51,183,123,133,343,418,740,66,259,69,291,253,58,131,308,189,59,223,110,209,255,189,282,89,178
480,383,173,71,470,112,465,145,157,190,380,531,840,275,271,282,327,859,468,61,265,500,277,171,296,119,329,242,236,611,672,1269,259,189,127,498,451,80,235,455,323,101,375,172,387,426,293,549,189,314
107,86,48,28,128,37,126,29,41,38,77,117,218,77,59,62,85,194,106,18,43,138,81,42,71,29,68,59,71,134,179,309,69,127,13,137,109,21,61,108,85,23,100,37,94,107,88,115,56,70
500,449,199,96,541,135,469,158,187,225,457,573,945,333,236,278,352,948,559,70,277,540,282,215,368,128,360,204,258,642,840,1531,291,498,137,298,515,76,265,595,353,110,399,210,410,502,342,544,221,334
512,404,185,84,516,113,459,152,149,213,412,539,841,307,254,268,379,825,470,62,290,489,286,189,330,131,331,250,265,564,671,1228,253,451,109,515,237,72,269,481,297,103,370,175,396,408,293,505,181,327
80,66,30,17,99,24,82,27,33,42,79,103,158,48,48,46,52,170,69,11,39,68,51,28,63,32,69,34,49,106,127,254,58,80,21,76,72,8,38,98,48,12,57,36,72,84,56,87,45,49
234,244,83,47,263,61,245,79,74,107,204,295,419,149,144,153,195,419,273,32,142,237,168,102,183,57,168,121,129,308,367,723,131,235,61,265,269,38,79,244,164,60,178,97,201,233,145,281,93,181
478,466,213,91,558,104,521,158,181,233,497,578,1001,362,301,313,411,975,588,71,285,537,309,231,352,151,366,245,298,717,796,1450,308,455,108,595,481,98,244,303,357,108,439,189,449,503,344,547,206,360
304,284,133,55,308,80,346,84,111,116,260,359,624,236,173,171,232,620,356,31,186,376,190,139,203,79,204,149,164,428,497,961,189,323,85,353,297,48,164,357,106,70,268,131,278,317,211,354,147,219
105,94,37,18,84,29,98,32,35,35,82,115,177,61,59,54,60,169,92,13,53,87,58,42,62,34,72,54,52,111,156,302,59,101,23,110,103,12,60,108,70,13,90,24,74,106,58,105,32,57
380,325,167,59,381,91,404,121,138,159,333,425,699,248,207,233,276,656,383,56,224,402,226,157,257,112,273,191,194,475,553,1010,223,375,100,399,370,57,178,439,268,90,147,157,308,341,246,393,138,261
167,161,67,32,171,45,193,63,66,71,166,211,363,125,95,110,135,330,176,20,102,187,104,65,118,34,103,75,101,238,295,537,110,172,37,210,175,36,97,189,131,24,157,27,151,183,116,207,66,125
438,337,173,63,405,101,357,119,142,168,383,465,686,267,218,222,304,684,420,52,241,409,259,160,263,111,259,180,200,474,633,1102,209,387,94,410,396,72,201,449,278,74,308,151,151,346,237,434,146,293
423,391,200,67,457,103,424,130,156,173,381,549,833,275,232,234,347,834,470,53,269,474,261,179,310,112,307,214,213,614,679,1337,255,426,107,502,408,84,233,503,317,106,341,183,346,231,299,489,153,305
315,268,125,50,330,71,297,97,103,127,287,346,550,190,155,147,237,540,318,35,148,325,204,120,218,84,212,132,160,394,514,915,189,293,88,342,293,56,145,344,211,58,246,116,237,299,104,334,125,213
510,489,168,94,548,109,432,158,174,217,433,559,917,366,281,315,383,925,528,81,281,543,322,223,356,147,386,250,278,649,748,1387,282,549,115,544,505,87,281,547,354,105,393,207,434,489,334,229,187,357
151,161,64,26,168,42,174,52,52,58,135,199,327,113,102,104,129,330,172,30,109,189,107,71,120,50,137,89,116,239,270,504,89,189,56,221,181,45,93,206,147,32,138,66,146,153,125,187,38,109
369,322,153,57,328,82,324,108,115,134,287,357,608,223,178,203,260,609,331,42,207,323,212,151,232,93,220,168,163,441,500,913,178,314,70,334,327,49,181,360,219,57,261,125,293,305,213,357,109,112
