267,447,242,78,512,116,457,185,182,259,464,482,800,374,302,358,345,792,501,73,351,513,332,211,366,134,366,280,314,586,690,1206,266,492,115,509,481,80,241,482,324,100,386,172,455,428,323,470,164,375
447,175,178,64,443,99,416,130,128,158,369,495,787,267,214,238,303,755,419,51,217,439,297,165,285,122,294,212,195,538,641,1255,246,440,100,475,422,65,225,456,284,86,354,162,355,434,277,456,177,282
242,178,26,34,182,45,195,58,62,88,172,188,370,141,114,107,129,375,189,19,105,196,126,81,149,37,112,75,106,244,296,581,129,177,55,208,177,23,110,220,132,33,132,77,160,175,139,214,89,138
78,64,34,4,86,15,65,28,25,42,75,83,140,41,48,56,62,136,90,11,51,72,54,34,56,23,60,48,45,103,121,198,35,95,18,77,61,11,45,76,47,15,72,32,55,71,56,92,35,68
512,443,182,86,266,122,505,147,186,192,376,595,923,332,243,283,367,882,494,54,292,524,292,202,333,138,348,235,235,610,825,1364,303,493,108,533,485,81,247,521,328,111,396,189,392,454,314,566,170,322
116,99,45,15,122,10,109,32,34,39,92,122,194,70,52,71,86,184,118,20,60,107,62,44,66,36,92,56,51,145,165,269,54,96,23,106,95,17,57,133,79,18,94,42,81,103,72,110,36,81
457,416,195,65,505,109,226,143,154,203,398,494,818,295,246,277,354,808,493,66,256,499,315,205,317,124,324,210,252,629,721,1286,236,478,101,524,397,84,248,535,285,105,372,175,371,405,291,506,160,331
185,130,58,28,147,32,143,25,55,71,166,175,279,113,73,92,115,278,168,17,86,175,95,64,109,40,110,74,79,195,259,454,101,158,34,147,169,34,72,171,106,26,126,55,135,165,110,170,67,110
182,128,62,25,186,34,154,55,29,77,143,185,343,94,91,90,126,318,166,29,91,169,99,60,103,40,113,74,89,196,241,471,95,158,38,169,142,31,80,174,91,40,109,74,142,142,101,173,67,120
259,158,88,42,192,39,203,71,77,51,166,231,351,137,115,110,145,334,205,30,126,189,124,84,113,54,138,114,98,257,310,575,108,220,44,225,207,24,110,220,148,52,175,70,157,188,120,206,82,132
464,369,172,75,376,92,398,166,143,166,187,470,786,290,236,211,328,750,391,59,247,439,226,162,271,114,297,211,210,525,632,1157,231,432,86,477,384,79,225,457,293,99,322,150,334,374,300,425,160,284
482,495,188,83,595,122,494,175,185,231,470,260,1046,366,293,333,415,1050,583,65,311,578,309,231,365,147,371,271,260,738,844,1549,304,536,148,585,509,98,296,603,407,124,435,207,423,550,358,555,198,352
800,787,370,140,923,194,818,279,343,351,786,1046,835,588,486,535,662,1432,920,101,508,913,538,345,591,213,596,449,450,1117,1397,2380,456,831,209,1003,813,154,480,964,604,178,642,342,677,826,578,906,342,642
374,267,141,41,332,70,295,113,94,137,290,366,588,114,178,178,245,566,335,42,191,320,193,152,215,74,215,152,169,419,470,952,159,310,73,322,292,47,185,385,218,68,248,122,252,289,180,351,120,219
302,214,114,48,243,52,246,73,91,115,236,293,486,178,64,135,174,517,252,17,147,248,148,100,161,52,158,129,142,342,403,763,154,232,61,277,233,44,129,284,174,56,221,97,229,256,167,272,95,170
358,238,107,56,283,71,277,92,90,110,211,333,535,178,135,74,213,545,276,27,161,299,151,97,182,69,197,130,136,362,451,864,147,262,67,288,257,45,148,324,197,61,245,97,243,250,165,338,103,184
345,303,129,62,367,86,354,115,126,145,328,415,662,245,174,213,123,690,335,41,197,367,209,156,245,83,249,205,170,493,571,995,177,344,96,350,328,64,197,426,249,74,290,153,305,334,238,396,133,236
792,755,375,136,882,184,808,278,318,334,750,1050,1432,566,517,545,690,774,918,120,490,913,514,333,602,234,571,439,455,1103,1354,2422,481,790,215,997,793,154,482,928,586,175,685,340,685,808,542,916,314,641
501,419,189,90,494,118,493,168,166,205,391,583,920,335,252,276,335,918,264,50,267,490,269,209,321,131,333,217,235,652,786,1449,257,464,111,558,484,87,282,575,324,99,420,194,408,467,353,521,180,332
73,51,19,11,54,20,66,17,29,30,59,65,101,42,17,27,41,120,50,4,39,56,33,27,33,18,46,21,25,77,102,168,35,60,10,53,55,12,41,67,33,10,51,21,43,51,42,62,17,40
351,217,105,51,292,60,256,86,91,126,247,311,508,191,147,161,197,490,267,39,80,297,172,106,176,70,183,141,135,340,410,758,161,267,62,269,265,51,129,288,180,42,231,97,224,291,173,270,120,196
513,439,196,72,524,107,499,175,169,189,439,578,913,320,248,299,367,913,490,56,297,258,312,227,314,118,341,239,263,673,798,1417,265,468,124,547,466,96,269,563,339,107,395,201,419,485,320,530,181,341
332,297,126,54,292,62,315,95,99,124,226,309,538,193,148,151,209,514,269,33,172,312,87,132,209,73,184,144,150,358,435,830,169,289,58,302,300,45,155,317,191,58,229,102,265,309,195,327,97,212
211,165,81,34,202,44,205,64,60,84,162,231,345,152,100,97,156,333,209,27,106,227,132,48,128,45,115,97,108,247,317,546,100,203,53,209,192,35,118,239,129,38,146,75,148,182,122,202,85,135
366,285,149,56,333,66,317,109,103,113,271,365,591,215,161,182,245,602,321,33,176,314,209,128,112,82,209,163,172,422,512,926,186,299,77,335,290,63,175,361,220,66,309,114,244,315,202,359,124,235
134,122,37,23,138,36,124,40,40,54,114,147,213,74,52,69,83,234,131,18,70,118,73,45,82,18,86,49,73,154,185,362,63,134,35,130,126,21,64,141,77,28,107,50,95,121,77,137,57,88
366,294,112,60,348,92,324,110,113,138,297,371,596,215,158,197,249,571,333,46,183,341,184,115,209,86,112,147,160,429,546,953,173,353,77,367,278,59,167,373,229,73,278,126,247,323,217,381,124,247
280,212,75,48,235,56,210,74,74,114,211,271,449,152,129,130,205,439,217,21,141,239,144,97,163,49,147,59,122,276,370,680,172,204,50,244,224,39,124,242,161,52,174,76,206,233,171,252,87,191
314,195,106,45,235,51,252,79,89,98,210,260,450,169,142,136,170,455,235,25,135,263,150,108,172,73,160,122,54,320,397,681,144,236,51,267,270,42,135,265,154,56,223,81,215,248,163,289,99,206
586,538,244,103,610,145,629,195,196,257,525,738,1117,419,342,362,493,1103,652,77,340,673,358,247,422,154,429,276,320,414,990,1772,366,580,137,671,602,119,321,686,398,118,482,215,533,562,375,704,211,422
690,641,296,121,825,165,721,259,241,310,632,844,1397,470,403,451,571,1354,786,102,410,798,435,317,512,185,546,370,397,990,566,2037,398,730,164,759,728,143,394,846,534,157,585,294,647,688,518,747,275,535
1206,1255,581,198,1364,269,1286,454,471,575,1157,1549,2380,952,763,864,995,2422,1449,168,758,1417,830,546,926,362,953,680,681,1772,2037,1833,725,1290,318,1547,1249,231,699,1535,950,297,1031,521,1117,1247,891,1365,462,963
266,246,129,35,303,54,236,101,95,108,231,304,456,159,154,147,177,481,257,35,161,265,169,100,186,63,173,172,144,366,398,725,78,240,57,315,243,44,140,284,197,50,200,102,229,241,197,273,101,188
492,440,177,95,493,96,478,158,158,220,432,536,831,310,232,262,344,790,464,60,267,468,289,203,299,134,353,204,236,580,730,1290,240,232,88,500,439,79,260,518,336,103,373,192,394,429,305,462,186,338
115,100,55,18,108,23,101,34,38,44,86,148,209,73,61,67,96,215,111,10,62,124,58,53,77,35,77,50,51,137,164,318,57,88,12,125,112,24,65,125,62,16,88,36,88,111,59,131,40,88
509,475,208,77,533,106,524,147,169,225,477,585,1003,322,277,288,350,997,558,53,269,547,302,209,335,130,367,244,267,671,759,1547,315,500,125,277,471,79,291,616,383,110,408,227,457,520,341,543,202,370
481,422,177,61,485,95,397,169,142,207,384,509,813,292,233,257,328,793,484,55,265,466,300,192,290,126,278,224,270,602,728,1249,243,439,112,471,208,78,240,514,288,76,378,174,340,424,254,485,150,309
80,65,23,11,81,17,84,34,31,24,79,98,154,47,44,45,64,154,87,12,51,96,45,35,63,21,59,39,42,119,143,231,44,79,24,79,78,4,37,83,64,15,66,34,65,80,52,73,35,55
241,225,110,45,247,57,248,72,80,110,225,296,480,185,129,148,197,482,282,41,129,269,155,118,175,64,167,124,135,321,394,699,140,260,65,291,240,37,61,286,173,45,182,106,219,229,161,264,108,167
482,456,220,76,521,133,535,171,174,220,457,603,964,385,284,324,426,928,575,67,288,563,317,239,361,141,373,242,265,686,846,1535,284,518,125,616,514,83,286,298,381,99,404,189,455,520,346,537,181,352
324,284,132,47,328,79,285,106,91,148,293,407,604,218,174,197,249,586,324,33,180,339,191,129,220,77,229,161,154,398,534,950,197,336,62,383,288,64,173,381,103,70,245,124,266,301,214,330,110,237
100,86,33,15,111,18,105,26,40,52,99,124,178,68,56,61,74,175,99,10,42,107,58,38,66,28,73,52,56,118,157,297,50,103,16,110,76,15,45,99,70,6,85,37,69,102,55,106,28,72
386,354,132,72,396,94,372,126,109,175,322,435,642,248,221,245,290,685,420,51,231,395,229,146,309,107,278,174,223,482,585,1031,200,373,88,408,378,66,182,404,245,85,135,137,332,332,269,413,118,283
172,162,77,32,189,42,175,55,74,70,150,207,342,122,97,97,153,340,194,21,97,201,102,75,114,50,126,76,81,215,294,521,102,192,36,227,174,34,106,189,124,37,137,34,153,190,110,187,73,132
455,355,160,55,392,81,371,135,142,157,334,423,677,252,229,243,305,685,408,43,224,419,265,148,244,95,247,206,215,533,647,1117,229,394,88,457,340,65,219,455,266,69,332,153,153,375,241,444,158,272
428,434,175,71,454,103,405,165,142,188,374,550,826,289,256,250,334,808,467,51,291,485,309,182,315,121,323,233,248,562,688,1247,241,429,111,520,424,80,229,520,301,102,332,190,375,178,316,454,158,300
323,277,139,56,314,72,291,110,101,120,300,358,578,180,167,165,238,542,353,42,173,320,195,122,202,77,217,171,163,375,518,891,197,305,59,341,254,52,161,346,214,55,269,110,241,316,87,343,93,197
470,456,214,92,566,110,506,170,173,206,425,555,906,351,272,338,396,916,521,62,270,530,327,202,359,137,381,252,289,704,747,1365,273,462,131,543,485,73,264,537,330,106,413,187,444,454,343,265,184,344
164,177,89,35,170,36,160,67,67,82,160,198,342,120,95,103,133,314,180,17,120,181,97,85,124,57,124,87,99,211,275,462,101,186,40,202,150,35,108,181,110,28,118,73,158,158,93,184,39,130
375,282,138,68,322,81,331,110,120,132,284,352,642,219,170,184,236,641,332,40,196,341,212,135,235,88,247,191,206,422,535,963,188,338,88,370,309,55,167,352,237,72,283,132,272,300,197,344,130,102
