236,436,237,89,526,118,456,184,172,264,476,487,805,391,321,348,352,790,498,69,301,512,380,207,372,146,384,283,311,585,637,1157,244,501,98,509,484,87,245,465,311,99,371,193,448,414,313,461,153,383
436,180,168,67,433,104,418,118,149,181,382,451,733,301,246,232,321,734,451,62,217,444,247,166,289,97,304,189,201,519,702,1188,258,422,87,446,420,64,208,451,273,91,329,144,389,393,291,446,153,290
237,168,41,40,194,48,197,67,61,59,142,224,374,119,110,110,144,369,198,22,111,191,94,66,124,60,135,77,99,247,285,545,98,178,32,212,187,31,94,206,131,40,146,71,140,175,113,207,72,136
89,67,40,10,71,14,86,24,26,34,62,91,157,56,47,48,59,140,93,11,54,106,69,37,62,14,58,45,40,106,128,220,46,88,13,96,73,13,47,92,48,16,56,21,72,72,55,86,16,74
526,433,194,71,252,89,443,167,164,224,429,516,910,333,266,290,399,918,508,65,297,517,327,205,334,143,346,228,258,650,723,1401,243,468,113,579,439,81,251,518,320,105,374,170,387,452,336,509,182,349
118,104,48,14,89,8,116,37,36,41,94,127,175,81,67,61,93,173,135,18,71,125,80,55,77,32,86,56,65,123,166,300,62,115,16,124,104,20,55,109,72,22,102,28,98,98,67,126,37,74
456,418,197,86,443,116,253,114,155,205,397,531,880,301,261,277,349,857,502,59,269,503,303,229,341,135,328,243,234,563,712,1339,237,442,110,471,463,84,236,469,294,101,340,187,378,424,305,459,161,336
184,118,67,24,167,37,114,20,53,70,140,168,278,96,66,77,108,301,154,18,88,147,78,60,103,40,89,76,75,195,216,415,74,136,26,160,121,15,59,177,92,27,111,56,112,158,81,144,58,98
172,149,61,26,164,36,155,53,29,65,134,187,323,109,79,89,118,304,151,26,91,158,100,70,129,51,118,73,76,200,256,441,83,146,37,164,176,27,89,170,113,47,136,75,140,149,116,201,86,108
264,181,59,34,224,41,205,70,65,33,147,216,350,136,113,128,131,368,228,20,115,228,133,84,147,68,152,113,102,245,306,546,117,187,42,196,187,32,109,207,119,48,149,74,167,198,125,229,87,122
476,382,142,62,429,94,397,140,134,147,164,443,724,301,223,229,296,727,460,45,237,438,268,194,304,119,301,213,218,523,634,1120,212,358,86,437,398,69,208,422,275,83,334,128,353,389,259,478,165,281
487,451,224,91,516,127,531,168,187,216,443,318,953,371,299,326,367,932,563,62,311,581,309,205,354,151,386,272,257,662,842,1504,299,521,142,554,551,110,260,604,389,120,420,218,452,481,336,589,197,369
805,733,374,157,910,175,880,278,323,350,724,953,781,579,479,540,640,1445,870,113,522,865,521,364,563,226,599,469,465,1092,1309,2423,458,856,210,991,844,146,456,1016,594,218,675,344,742,830,561,918,326,585
391,301,119,56,333,81,301,96,109,136,301,371,579,92,161,159,225,575,344,42,156,340,204,137,212,83,221,131,156,406,481,930,180,303,53,337,290,39,158,360,213,74,251,132,247,310,172,361,96,236
321,246,110,47,266,67,261,66,79,113,223,299,479,161,81,157,181,471,255,32,159,266,158,102,178,74,177,115,114,312,380,703,156,250,47,254,266,38,115,316,195,58,197,110,207,267,144,279,100,190
348,232,110,48,290,61,277,77,89,128,229,326,540,159,157,80,200,557,286,37,160,296,181,108,205,72,192,134,130,347,428,821,174,264,51,291,266,43,136,312,201,66,229,134,220,274,161,324,121,199
352,321,144,59,399,93,349,108,118,131,296,367,640,225,181,200,129,663,349,52,182,377,230,149,242,102,249,165,190,489,541,982,197,304,80,381,343,52,170,398,250,72,264,150,290,343,235,381,142,231
790,734,369,140,918,173,857,301,304,368,727,932,1445,575,471,557,663,826,922,113,496,876,526,360,591,224,579,443,454,1125,1339,2331,489,859,206,921,852,147,443,1005,586,189,660,334,711,833,576,932,341,595
498,451,198,93,508,135,502,154,151,228,460,563,870,344,255,286,349,922,250,55,309,479,290,209,341,116,326,238,268,615,729,1398,285,476,104,527,477,81,264,514,315,108,382,202,427,470,329,546,195,344
69,62,22,11,65,18,59,18,26,20,45,62,113,42,32,37,52,113,55,1,24,50,36,31,35,11,39,23,23,88,92,185,38,52,16,73,56,5,29,81,37,9,54,27,46,61,35,69,18,52
301,217,111,54,297,71,269,88,91,115,237,311,522,156,159,160,182,496,309,24,75,292,139,105,183,62,181,114,139,322,422,867,175,280,56,295,265,49,133,291,180,57,229,102,218,271,160,286,102,172
512,444,191,106,517,125,503,147,158,228,438,581,865,340,266,296,377,876,479,50,292,267,311,196,324,140,386,236,269,575,754,1436,275,471,102,543,497,88,254,547,323,104,383,192,401,477,296,523,198,380
380,247,94,69,327,80,303,78,100,133,268,309,521,204,158,181,230,526,290,36,139,311,89,128,199,74,225,140,154,381,438,788,185,288,73,313,278,34,150,320,178,80,240,109,272,279,206,282,109,205
207,166,66,37,205,55,229,60,70,84,194,205,364,137,102,108,149,360,209,31,105,196,128,47,145,47,156,96,86,254,271,561,103,210,40,191,167,27,95,195,125,40,147,85,165,186,129,236,70,127
372,289,124,62,334,77,341,103,129,147,304,354,563,212,178,205,242,591,341,35,183,324,199,145,115,80,238,156,168,402,493,937,188,319,69,355,297,53,173,341,205,71,279,151,253,289,200,384,145,233
146,97,60,14,143,32,135,40,51,68,119,151,226,83,74,72,102,224,116,11,62,140,74,47,80,15,74,65,62,138,207,338,78,124,25,122,125,19,64,141,81,28,94,53,118,129,67,156,60,90
384,304,135,58,346,86,328,89,118,152,301,386,599,221,177,192,249,579,326,39,181,386,225,156,238,74,132,154,167,387,511,961,176,357,65,354,344,55,155,378,224,70,280,133,294,350,220,413,132,246
283,189,77,45,228,56,243,76,73,113,213,272,469,131,115,134,165,443,238,23,114,236,140,96,156,65,154,46,100,317,336,641,119,222,47,253,232,42,110,234,150,44,188,88,185,193,165,245,91,174
311,201,99,40,258,65,234,75,76,102,218,257,465,156,114,130,190,454,268,23,139,269,154,86,168,62,167,100,59,294,413,726,148,258,57,254,228,29,142,245,166,52,204,89,172,246,144,272,97,181
585,519,247,106,650,123,563,195,200,245,523,662,1092,406,312,347,489,1125,615,88,322,575,381,254,402,138,387,317,294,380,946,1766,325,600,143,698,533,103,319,675,409,134,436,220,459,567,393,680,217,397
637,702,285,128,723,166,712,216,256,306,634,842,1309,481,380,428,541,1339,729,92,422,754,438,271,493,207,511,336,413,946,577,2036,428,698,170,738,694,137,342,826,494,153,600,279,624,690,449,790,280,498
1157,1188,545,220,1401,300,1339,415,441,546,1120,1504,2423,930,703,821,982,2331,1398,185,867,1436,788,561,937,338,961,641,726,1766,2036,1900,698,1316,314,1449,1285,231,699,1424,925,296,1008,534,1182,1239,877,1424,480,959
244,258,98,46,243,62,237,74,83,117,212,299,458,180,156,174,197,489,285,38,175,275,185,103,188,78,176,119,148,325,428,698,82,269,66,293,239,48,138,312,161,61,182,107,217,240,173,263,121,182
501,422,178,88,468,115,442,136,146,187,358,521,856,303,250,264,304,859,476,52,280,471,288,210,319,124,357,222,258,600,698,1316,269,211,110,493,436,79,223,469,330,101,378,177,362,429,307,474,170,342
98,87,32,13,113,16,110,26,37,42,86,142,210,53,47,51,80,206,104,16,56,102,73,40,69,25,65,47,57,143,170,314,66,110,7,97,109,13,65,121,95,26,75,44,90,89,65,112,37,79
509,446,212,96,579,124,471,160,164,196,437,554,991,337,254,291,381,921,527,73,295,543,313,191,355,122,354,253,254,698,738,1449,293,493,97,287,500,81,263,581,350,95,406,197,403,485,321,526,187,342
484,420,187,73,439,104,463,121,176,187,398,551,844,290,266,266,343,852,477,56,265,497,278,167,297,125,344,232,228,533,694,1285,239,436,109,500,226,85,233,465,311,93,353,168,374,452,295,455,176,331
87,64,31,13,81,20,84,15,27,32,69,110,146,39,38,43,52,147,81,5,49,88,34,27,53,19,55,42,29,103,137,231,48,79,13,81,85,6,27,90,43,15,67,29,64,73,35,93,34,62
245,208,94,47,251,55,236,59,89,109,208,260,456,158,115,136,170,443,264,29,133,254,150,95,173,64,155,110,142,319,342,699,138,223,65,263,233,27,57,258,158,57,184,101,195,220,155,259,108,172
465,451,206,92,518,109,469,177,170,207,422,604,1016,360,316,312,398,1005,514,81,291,547,320,195,341,141,378,234,245,675,826,1424,312,469,121,581,465,90,258,284,345,107,376,199,441,475,370,548,210,367
311,273,131,48,320,72,294,92,113,119,275,389,594,213,195,201,250,586,315,37,180,323,178,125,205,81,224,150,166,409,494,925,161,330,95,350,311,43,158,345,112,68,243,126,257,270,208,347,141,233
99,91,40,16,105,22,101,27,47,48,83,120,218,74,58,66,72,189,108,9,57,104,80,40,71,28,70,44,52,134,153,296,61,101,26,95,93,15,57,107,68,19,76,32,87,108,70,116,43,82
371,329,146,56,374,102,340,111,136,149,334,420,675,251,197,229,264,660,382,54,229,383,240,147,279,94,280,188,204,436,600,1008,182,378,75,406,353,67,184,376,243,76,164,146,328,326,243,424,151,285
193,144,71,21,170,28,187,56,75,74,128,218,344,132,110,134,150,334,202,27,102,192,109,85,151,53,133,88,89,220,279,534,107,177,44,197,168,29,101,199,126,32,146,39,195,176,135,196,78,137
448,389,140,72,387,98,378,112,140,167,353,452,742,247,207,220,290,711,427,46,218,401,272,165,253,118,294,185,172,459,624,1182,217,362,90,403,374,64,195,441,257,87,328,195,153,375,260,415,139,280
414,393,175,72,452,98,424,158,149,198,389,481,830,310,267,274,343,833,470,61,271,477,279,186,289,129,350,193,246,567,690,1239,240,429,89,485,452,73,220,475,270,108,326,176,375,201,295,507,165,305
313,291,113,55,336,67,305,81,116,125,259,336,561,172,144,161,235,576,329,35,160,296,206,129,200,67,220,165,144,393,449,877,173,307,65,321,295,35,155,370,208,70,243,135,260,295,107,333,122,213
461,446,207,86,509,126,459,144,201,229,478,589,918,361,279,324,381,932,546,69,286,523,282,236,384,156,413,245,272,680,790,1424,263,474,112,526,455,93,259,548,347,116,424,196,415,507,333,248,170,312
153,153,72,16,182,37,161,58,86,87,165,197,326,96,100,121,142,341,195,18,102,198,109,70,145,60,132,91,97,217,280,480,121,170,37,187,176,34,108,210,141,43,151,78,139,165,122,170,36,119
383,290,136,74,349,74,336,98,108,122,281,369,585,236,190,199,231,595,344,52,172,380,205,127,233,90,246,174,181,397,498,959,182,342,79,342,331,62,172,367,233,82,285,137,280,305,213,312,119,119
