295,453,216,89,474,125,485,158,169,246,429,476,790,394,288,328,373,804,531,74,341,527,368,224,397,135,382,293,318,600,666,1153,217,454,118,477,505,83,240,443,311,113,373,174,436,436,316,536,166,395
453,172,169,71,471,106,424,131,121,166,385,437,762,291,240,228,309,721,426,64,216,450,255,174,293,118,269,196,239,477,638,1227,254,417,103,425,437,75,207,459,299,73,318,178,356,410,289,481,162,263
216,169,23,31,207,50,213,59,64,67,155,204,369,123,111,107,140,403,198,27,110,218,104,75,123,53,140,120,81,257,292,546,103,191,48,216,191,36,96,201,146,41,179,74,159,171,129,212,82,124
89,71,31,7,81,22,76,20,21,35,76,88,143,72,54,51,61,154,93,14,49,91,61,38,57,28,62,45,53,105,121,221,44,84,14,101,75,8,41,89,59,15,53,28,70,66,54,64,28,57
474,471,207,81,278,111,486,136,142,203,391,544,894,341,278,288,358,927,520,73,287,573,322,213,340,133,339,228,271,628,796,1420,289,458,115,522,521,73,270,590,332,100,368,173,432,456,365,531,183,314
125,106,50,22,111,13,110,27,41,47,98,115,182,90,81,81,85,193,117,16,58,113,64,46,84,28,86,61,66,119,139,281,69,109,25,123,114,16,52,120,72,18,74,48,95,88,71,96,43,74
485,424,213,76,486,110,231,158,171,189,394,513,861,315,270,274,329,884,479,62,264,464,301,198,340,123,311,234,242,622,683,1299,260,466,110,513,451,70,248,507,329,105,374,178,404,431,320,434,169,321
158,131,59,20,136,27,158,17,49,77,130,175,276,97,89,99,98,276,163,21,81,160,94,60,100,41,100,86,74,167,228,426,86,128,22,157,161,25,68,170,104,43,104,65,138,141,82,182,68,110
169,121,64,21,142,41,171,49,28,59,139,172,316,104,63,93,104,291,176,22,92,186,92,52,103,42,101,93,93,194,243,451,86,165,46,168,174,26,83,169,103,38,129,62,142,133,95,173,57,95
246,166,67,35,203,47,189,77,59,47,166,233,366,146,108,113,129,358,200,29,123,197,110,77,127,51,132,112,91,272,309,583,112,202,56,207,201,34,109,195,135,39,178,85,166,204,119,192,71,142
429,385,155,76,391,98,394,130,139,166,194,480,773,286,245,269,292,733,395,58,235,416,249,155,276,113,280,212,209,538,619,1144,237,412,108,423,425,62,215,423,281,86,334,174,340,409,250,429,167,282
476,437,204,88,544,115,513,175,172,233,480,298,1009,343,279,292,414,1029,544,67,295,534,316,221,349,153,354,284,244,671,801,1587,297,534,125,605,495,104,270,586,367,122,399,223,418,515,338,527,184,389
790,762,369,143,894,182,861,276,316,366,773,1009,797,574,494,545,664,1379,892,136,481,927,554,370,625,208,587,392,466,1122,1364,2349,458,818,217,933,833,163,434,1014,586,171,653,330,683,790,522,888,301,595
394,291,123,72,341,90,315,97,104,146,286,343,574,96,171,189,268,578,339,40,180,324,186,142,216,74,222,169,165,396,493,878,176,320,69,352,306,62,148,341,210,71,244,123,285,304,218,329,125,213
288,240,111,54,278,81,270,89,63,108,245,279,494,171,72,149,164,463,268,28,164,269,132,114,178,69,163,117,131,301,426,743,136,268,60,308,238,45,144,285,185,51,235,103,193,260,139,284,93,153
328,228,107,51,288,81,274,99,93,113,269,292,545,189,149,84,197,541,294,33,146,315,164,138,195,77,165,130,133,362,439,845,170,272,71,306,272,42,143,300,176,53,247,105,222,288,184,312,105,175
373,309,140,61,358,85,329,98,104,129,292,414,664,268,164,197,115,652,345,45,208,375,217,162,253,85,259,193,182,458,555,974,188,342,90,383,359,51,161,356,244,77,275,135,301,333,222,395,128,244
804,721,403,154,927,193,884,276,291,358,733,1029,1379,578,463,541,652,754,918,136,489,936,542,348,628,256,639,393,466,1148,1340,2415,474,871,211,979,839,124,458,988,582,169,669,343,707,841,542,913,312,575
531,426,198,93,520,117,479,163,176,200,395,544,892,339,268,294,345,918,259,67,273,518,297,219,339,127,323,239,249,621,784,1469,262,514,107,553,463,84,257,553,324,105,356,195,414,498,350,557,197,361
74,64,27,14,73,16,62,21,22,29,58,67,136,40,28,33,45,136,67,1,28,67,36,27,45,21,44,30,22,91,99,177,31,58,9,61,62,8,34,63,29,7,49,34,56,53,51,74,27,32
341,216,110,49,287,58,264,81,92,123,235,295,481,180,164,146,208,489,273,28,88,288,180,92,185,73,185,122,145,344,419,775,159,245,71,301,261,45,131,293,165,46,210,89,231,242,164,313,107,193
527,450,218,91,573,113,464,160,186,197,416,534,927,324,269,315,375,936,518,67,288,270,289,180,323,129,342,260,250,641,789,1407,280,522,98,550,477,97,274,559,367,104,387,182,395,488,359,512,196,345
368,255,104,61,322,64,301,94,92,110,249,316,554,186,132,164,217,542,297,36,180,289,71,120,193,59,181,125,162,354,423,830,146,273,74,308,299,60,145,311,176,68,213,104,229,282,184,282,111,177
224,174,75,38,213,46,198,60,52,77,155,221,370,142,114,138,162,348,219,27,92,180,120,38,123,58,141,92,104,216,287,543,108,177,41,221,194,32,101,220,134,48,160,79,155,193,121,193,76,128
397,293,123,57,340,84,340,100,103,127,276,349,625,216,178,195,253,628,339,45,185,323,193,123,118,89,229,142,184,373,493,965,205,298,76,349,325,56,162,357,238,62,271,124,266,316,218,344,143,237
135,118,53,28,133,28,123,41,42,51,113,153,208,74,69,77,85,256,127,21,73,129,59,58,89,18,81,62,65,138,184,344,62,127,35,116,130,22,64,150,91,25,108,49,103,144,73,131,47,77
382,269,140,62,339,86,311,100,101,132,280,354,587,222,163,165,259,639,323,44,185,342,181,141,229,81,110,131,156,401,512,976,188,336,80,324,325,51,183,385,225,62,261,125,284,319,193,319,135,215
293,196,120,45,228,61,234,86,93,112,212,284,392,169,117,130,193,393,239,30,122,260,125,92,142,62,131,46,120,289,356,599,124,211,43,258,230,35,117,267,187,46,183,87,190,212,135,274,87,156
318,239,81,53,271,66,242,74,93,91,209,244,466,165,131,133,182,466,249,22,145,250,162,104,184,65,156,120,64,330,368,698,131,248,55,275,225,40,135,260,154,47,193,87,210,223,159,274,117,178
600,477,257,105,628,119,622,167,194,272,538,671,1122,396,301,362,458,1148,621,91,344,641,354,216,373,138,401,289,330,407,987,1758,340,561,145,703,550,101,311,656,380,133,485,238,443,569,397,662,239,434
666,638,292,121,796,139,683,228,243,309,619,801,1364,493,426,439,555,1340,784,99,419,789,423,287,493,184,512,356,368,987,611,2062,447,726,167,813,721,153,396,825,519,170,593,252,599,681,465,811,268,521
1153,1227,546,221,1420,281,1299,426,451,583,1144,1587,2349,878,743,845,974,2415,1469,177,775,1407,830,543,965,344,976,599,698,1758,2062,1862,695,1301,311,1480,1284,228,685,1492,960,275,998,538,1120,1237,913,1373,490,923
217,254,103,44,289,69,260,86,86,112,237,297,458,176,136,170,188,474,262,31,159,280,146,108,205,62,188,124,131,340,447,695,65,246,63,292,284,54,134,320,198,39,196,89,214,241,159,277,98,169
454,417,191,84,458,109,466,128,165,202,412,534,818,320,268,272,342,871,514,58,245,522,273,177,298,127,336,211,248,561,726,1301,246,212,113,520,459,77,236,515,305,83,362,164,363,434,302,474,178,301
118,103,48,14,115,25,110,22,46,56,108,125,217,69,60,71,90,211,107,9,71,98,74,41,76,35,80,43,55,145,167,311,63,113,19,116,100,13,59,122,67,25,73,48,96,84,76,119,54,73
477,425,216,101,522,123,513,157,168,207,423,605,933,352,308,306,383,979,553,61,301,550,308,221,349,116,324,258,275,703,813,1480,292,520,116,288,504,107,261,557,363,108,415,189,432,497,326,600,205,359
505,437,191,75,521,114,451,161,174,201,425,495,833,306,238,272,359,839,463,62,261,477,299,194,325,130,325,230,225,550,721,1284,284,459,100,504,213,73,243,462,277,94,348,179,382,445,304,472,165,309
83,75,36,8,73,16,70,25,26,34,62,104,163,62,45,42,51,124,84,8,45,97,60,32,56,22,51,35,40,101,153,228,54,77,13,107,73,6,31,95,57,19,66,27,69,80,47,101,37,50
240,207,96,41,270,52,248,68,83,109,215,270,434,148,144,143,161,458,257,34,131,274,145,101,162,64,183,117,135,311,396,685,134,236,59,261,243,31,58,279,162,64,167,83,211,227,168,269,96,174
443,459,201,89,590,120,507,170,169,195,423,586,1014,341,285,300,356,988,553,63,293,559,311,220,357,150,385,267,260,656,825,1492,320,515,122,557,462,95,279,259,318,93,425,208,427,493,335,548,175,352
311,299,146,59,332,72,329,104,103,135,281,367,586,210,185,176,244,582,324,29,165,367,176,134,238,91,225,187,154,380,519,960,198,305,67,363,277,57,162,318,119,74,240,121,255,312,206,370,117,236
113,73,41,15,100,18,105,43,38,39,86,122,171,71,51,53,77,169,105,7,46,104,68,48,62,25,62,46,47,133,170,275,39,83,25,108,94,19,64,93,74,10,72,46,99,116,61,115,36,67
373,318,179,53,368,74,374,104,129,178,334,399,653,244,235,247,275,669,356,49,210,387,213,160,271,108,261,183,193,485,593,998,196,362,73,415,348,66,167,425,240,72,140,114,308,364,233,392,136,267
174,178,74,28,173,48,178,65,62,85,174,223,330,123,103,105,135,343,195,34,89,182,104,79,124,49,125,87,87,238,252,538,89,164,48,189,179,27,83,208,121,46,114,29,152,198,125,183,64,122
436,356,159,70,432,95,404,138,142,166,340,418,683,285,193,222,301,707,414,56,231,395,229,155,266,103,284,190,210,443,599,1120,214,363,96,432,382,69,211,427,255,99,308,152,160,367,259,410,171,285
436,410,171,66,456,88,431,141,133,204,409,515,790,304,260,288,333,841,498,53,242,488,282,193,316,144,319,212,223,569,681,1237,241,434,84,497,445,80,227,493,312,116,364,198,367,208,297,474,176,310
316,289,129,54,365,71,320,82,95,119,250,338,522,218,139,184,222,542,350,51,164,359,184,121,218,73,193,135,159,397,465,913,159,302,76,326,304,47,168,335,206,61,233,125,259,297,85,332,115,203
536,481,212,64,531,96,434,182,173,192,429,527,888,329,284,312,395,913,557,74,313,512,282,193,344,131,319,274,274,662,811,1373,277,474,119,600,472,101,269,548,370,115,392,183,410,474,332,254,194,356
166,162,82,28,183,43,169,68,57,71,167,184,301,125,93,105,128,312,197,27,107,196,111,76,143,47,135,87,117,239,268,490,98,178,54,205,165,37,96,175,117,36,136,64,171,176,115,194,30,117
395,263,124,57,314,74,321,110,95,142,282,389,595,213,153,175,244,575,361,32,193,345,177,128,237,77,215,156,178,434,521,923,169,301,73,359,309,50,174,352,236,67,267,122,285,310,203,356,117,111
