259,464,204,92,530,110,484,164,199,245,433,521,838,362,314,345,384,836,527,82,313,531,353,226,367,155,387,277,307,637,717,1195,226,485,119,532,484,96,240,484,329,105,372,171,441,462,333,502,188,401
464,192,180,69,435,109,420,142,140,162,384,484,833,265,232,225,334,821,476,57,221,444,220,176,261,116,246,203,218,541,694,1285,271,419,90,485,400,74,199,446,292,87,361,142,327,446,248,466,154,277
204,180,44,30,196,50,195,58,55,95,164,216,345,111,112,132,141,347,199,32,106,201,106,65,117,48,114,86,96,259,334,611,113,187,49,202,197,29,88,212,128,35,162,72,142,185,115,196,83,134
92,69,30,8,89,20,80,22,26,38,74,89,118,52,44,54,63,130,77,11,40,72,42,29,49,27,70,36,39,97,117,173,41,83,20,93,84,12,39,86,58,15,50,34,66,73,52,85,30,64
530,435,196,89,243,117,499,157,188,199,429,556,895,358,239,272,387,941,541,51,294,525,299,193,339,129,337,231,272,686,815,1478,273,466,128,587,498,79,253,561,408,117,417,199,426,465,315,528,203,333
110,109,50,20,117,15,109,25,37,47,86,104,187,86,56,75,85,176,120,11,71,110,65,43,60,25,72,48,62,144,167,287,57,105,25,107,115,23,54,116,76,22,61,32,84,96,65,106,37,69
484,420,195,80,499,109,235,153,151,192,406,546,837,294,282,276,366,888,500,54,254,469,266,183,322,107,313,207,246,601,744,1331,251,454,114,510,468,78,239,490,294,102,349,179,384,480,303,463,183,345
164,142,58,22,157,25,153,18,45,54,119,157,285,89,71,85,120,276,148,18,81,158,81,51,97,39,116,67,74,184,212,426,80,149,37,167,140,22,63,146,90,37,134,68,133,134,88,154,54,98
199,140,55,26,188,37,151,45,24,72,162,168,286,106,73,76,124,280,178,18,80,168,91,64,109,37,106,66,81,200,252,477,102,151,36,173,148,16,81,180,119,28,129,70,146,166,97,189,61,103
245,162,95,38,199,47,192,54,72,45,166,236,300,135,96,111,160,350,200,32,115,195,142,91,121,52,139,101,115,256,291,528,107,209,44,226,200,26,95,224,150,35,168,76,170,200,134,210,77,143
433,384,164,74,429,86,406,119,162,166,189,480,707,291,195,230,324,687,422,68,242,444,244,177,283,122,289,222,222,535,635,1120,209,401,97,439,388,54,196,472,300,88,318,181,366,412,249,435,185,295
521,484,216,89,556,104,546,157,168,236,480,289,979,355,278,303,412,978,589,55,333,609,333,224,369,146,392,241,300,714,919,1668,310,531,127,596,503,105,285,618,361,104,405,202,416,513,362,574,200,366
838,833,345,118,895,187,837,285,286,300,707,979,832,601,503,556,636,1494,922,110,484,912,497,345,575,202,550,437,476,1188,1388,2444,481,821,205,989,817,153,461,981,581,192,709,345,725,866,565,951,326,575
362,265,111,52,358,86,294,89,106,135,291,355,601,100,166,172,226,618,303,43,170,315,186,111,233,65,222,152,149,427,499,958,179,331,83,358,282,47,157,343,194,54,249,119,281,314,209,347,128,229
314,232,112,44,239,56,282,71,73,96,195,278,503,166,68,152,199,504,242,28,127,281,154,88,174,67,170,123,140,329,401,736,148,268,55,277,285,30,134,273,176,56,227,107,218,243,162,301,103,169
345,225,132,54,272,75,276,85,76,111,230,303,556,172,152,83,238,531,278,37,129,321,190,111,189,68,171,146,124,348,439,812,165,294,70,274,299,38,152,293,178,53,263,115,244,262,173,324,136,197
384,334,141,63,387,85,366,120,124,160,324,412,636,226,199,238,125,643,370,49,210,369,204,149,244,92,264,164,170,451,557,1042,205,332,82,367,335,45,187,378,254,75,291,133,298,340,227,425,125,282
836,821,347,130,941,176,888,276,280,350,687,978,1494,618,504,531,643,816,946,106,475,960,497,374,575,217,603,456,451,1183,1464,2442,509,843,197,986,865,154,501,991,608,185,704,327,749,815,576,992,324,613
527,476,199,77,541,120,500,148,178,200,422,589,922,303,242,278,370,946,251,86,272,485,306,220,344,137,355,257,265,652,749,1421,259,482,129,554,497,89,255,587,367,103,417,206,408,497,299,533,222,355
82,57,32,11,51,11,54,18,18,32,68,55,110,43,28,37,49,106,86,2,30,64,37,22,43,9,33,25,27,75,110,196,36,63,19,68,59,7,32,72,42,20,46,17,50,67,45,57,24,46
313,221,106,40,294,71,254,81,80,115,242,333,484,170,127,129,210,475,272,30,62,294,162,105,162,74,186,110,138,354,452,842,144,235,52,253,261,52,131,290,190,62,191,99,237,248,153,324,100,188
531,444,201,72,525,110,469,158,168,195,444,609,912,315,281,321,369,960,485,64,294,268,309,208,335,131,352,255,243,637,773,1459,271,481,132,532,440,81,246,549,326,106,398,215,387,454,316,519,214,393
353,220,106,42,299,65,266,81,91,142,244,333,497,186,154,190,204,497,306,37,162,309,94,122,194,79,206,136,133,354,456,810,168,264,58,289,274,45,128,319,185,57,251,95,226,272,179,300,98,203
226,176,65,29,193,43,183,51,64,91,177,224,345,111,88,111,149,374,220,22,105,208,122,36,127,62,134,88,106,250,328,602,104,214,44,230,189,33,90,206,124,33,162,69,166,214,105,208,72,137
367,261,117,49,339,60,322,97,109,121,283,369,575,233,174,189,244,575,344,43,162,335,194,127,96,85,211,144,148,443,536,957,181,306,93,345,282,55,163,356,209,61,265,121,249,319,208,377,135,215
155,116,48,27,129,25,107,39,37,52,122,146,202,65,67,68,92,217,137,9,74,131,79,62,85,20,99,48,58,175,170,386,60,111,26,116,93,22,67,143,82,31,89,40,104,117,60,133,32,81
387,246,114,70,337,72,313,116,106,139,289,392,550,222,170,171,264,603,355,33,186,352,206,134,211,99,138,131,172,436,537,940,168,323,75,350,307,56,187,362,207,82,248,114,288,322,188,373,123,239
277,203,86,36,231,48,207,67,66,101,222,241,437,152,123,146,164,456,257,25,110,255,136,88,144,48,131,69,101,277,404,663,141,195,44,232,195,31,113,243,148,50,204,107,185,214,143,233,87,162
307,218,96,39,272,62,246,74,81,115,222,300,476,149,140,124,170,451,265,27,138,243,133,106,148,58,172,101,57,293,401,733,144,244,66,257,235,38,117,260,165,52,195,87,189,209,132,265,96,172
637,541,259,97,686,144,601,184,200,256,535,714,1188,427,329,348,451,1183,652,75,354,637,354,250,443,175,436,277,293,414,986,1813,384,587,170,677,571,96,318,672,406,140,533,252,510,620,383,708,235,422
717,694,334,117,815,167,744,212,252,291,635,919,1388,499,401,439,557,1464,749,110,452,773,456,328,536,170,537,404,401,986,556,2174,382,723,187,851,691,133,379,818,539,151,554,288,645,755,513,795,321,512
1195,1285,611,173,1478,287,1331,426,477,528,1120,1668,2444,958,736,812,1042,2442,1421,196,842,1459,810,602,957,386,940,663,733,1813,2174,1972,708,1333,330,1578,1255,245,715,1548,970,305,998,546,1162,1331,904,1485,503,904
226,271,113,41,273,57,251,80,102,107,209,310,481,179,148,165,205,509,259,36,144,271,168,104,181,60,168,141,144,384,382,708,67,266,66,302,249,44,142,287,202,68,203,112,210,289,163,278,94,166
485,419,187,83,466,105,454,149,151,209,401,531,821,331,268,294,332,843,482,63,235,481,264,214,306,111,323,195,244,587,723,1333,266,211,108,517,424,72,228,505,279,118,354,170,414,405,271,467,170,325
119,90,49,20,128,25,114,37,36,44,97,127,205,83,55,70,82,197,129,19,52,132,58,44,93,26,75,44,66,170,187,330,66,108,12,136,112,19,66,122,74,24,95,50,105,118,72,144,37,85
532,485,202,93,587,107,510,167,173,226,439,596,989,358,277,274,367,986,554,68,253,532,289,230,345,116,350,232,257,677,851,1578,302,517,136,283,499,91,275,567,373,128,430,217,448,494,344,563,232,378
484,400,197,84,498,115,468,140,148,200,388,503,817,282,285,299,335,865,497,59,261,440,274,189,282,93,307,195,235,571,691,1255,249,424,112,499,214,82,214,480,271,85,344,180,394,448,295,528,173,322
96,74,29,12,79,23,78,22,16,26,54,105,153,47,30,38,45,154,89,7,52,81,45,33,55,22,56,31,38,96,133,245,44,72,19,91,82,4,44,101,59,22,76,33,63,66,49,100,34,50
240,199,88,39,253,54,239,63,81,95,196,285,461,157,134,152,187,501,255,32,131,246,128,90,163,67,187,113,117,318,379,715,142,228,66,275,214,44,65,265,179,57,195,97,207,242,181,256,87,180
484,446,212,86,561,116,490,146,180,224,472,618,981,343,273,293,378,991,587,72,290,549,319,206,356,143,362,243,260,672,818,1548,287,505,122,567,480,101,265,260,384,112,414,199,429,514,364,542,209,349
329,292,128,58,408,76,294,90,119,150,300,361,581,194,176,178,254,608,367,42,190,326,185,124,209,82,207,148,165,406,539,970,202,279,74,373,271,59,179,384,114,72,260,149,265,355,214,326,137,212
105,87,35,15,117,22,102,37,28,35,88,104,192,54,56,53,75,185,103,20,62,106,57,33,61,31,82,50,52,140,151,305,68,118,24,128,85,22,57,112,72,17,63,45,74,80,63,124,39,71
372,361,162,50,417,61,349,134,129,168,318,405,709,249,227,263,291,704,417,46,191,398,251,162,265,89,248,204,195,533,554,998,203,354,95,430,344,76,195,414,260,63,154,150,309,345,267,390,153,281
171,142,72,34,199,32,179,68,70,76,181,202,345,119,107,115,133,327,206,17,99,215,95,69,121,40,114,107,87,252,288,546,112,170,50,217,180,33,97,199,149,45,150,26,159,191,115,202,79,129
441,327,142,66,426,84,384,133,146,170,366,416,725,281,218,244,298,749,408,50,237,387,226,166,249,104,288,185,189,510,645,1162,210,414,105,448,394,63,207,429,265,74,309,159,155,377,264,395,153,294
462,446,185,73,465,96,480,134,166,200,412,513,866,314,243,262,340,815,497,67,248,454,272,214,319,117,322,214,209,620,755,1331,289,405,118,494,448,66,242,514,355,80,345,191,377,205,314,486,197,345
333,248,115,52,315,65,303,88,97,134,249,362,565,209,162,173,227,576,299,45,153,316,179,105,208,60,188,143,132,383,513,904,163,271,72,344,295,49,181,364,214,63,267,115,264,314,101,356,110,203
502,466,196,85,528,106,463,154,189,210,435,574,951,347,301,324,425,992,533,57,324,519,300,208,377,133,373,233,265,708,795,1485,278,467,144,563,528,100,256,542,326,124,390,202,395,486,356,286,220,392
188,154,83,30,203,37,183,54,61,77,185,200,326,128,103,136,125,324,222,24,100,214,98,72,135,32,123,87,96,235,321,503,94,170,37,232,173,34,87,209,137,39,153,79,153,197,110,220,25,111
401,277,134,64,333,69,345,98,103,143,295,366,575,229,169,197,282,613,355,46,188,393,203,137,215,81,239,162,172,422,512,904,166,325,85,378,322,50,180,349,212,71,281,129,294,345,203,392,111,117
