249,471,204,100,503,110,505,189,158,249,422,468,810,377,297,320,384,811,494,71,342,499,343,216,364,157,419,268,298,583,706,1148,235,457,96,490,453,88,235,448,338,120,384,175,449,405,290,507,168,374
471,207,139,72,451,103,480,152,147,200,403,459,783,306,225,259,328,777,483,49,246,482,242,184,276,97,273,196,198,521,658,1201,237,432,112,451,462,44,224,496,303,86,327,193,359,411,259,456,166,304
204,139,26,31,211,45,173,63,76,87,165,226,372,122,86,109,153,360,178,16,97,205,99,83,124,57,131,87,85,243,305,567,108,176,53,217,187,27,99,209,129,36,147,74,150,188,129,205,80,149
100,72,31,5,78,16,76,27,31,43,60,91,137,47,44,57,72,137,93,14,42,84,40,25,55,19,50,43,44,107,129,220,38,74,19,88,80,11,37,80,63,17,56,42,60,83,50,70,32,67
503,451,211,78,259,100,474,151,179,205,448,604,899,320,276,286,371,889,540,60,306,550,338,230,337,126,324,245,286,633,811,1398,276,505,122,559,493,79,265,546,348,115,355,185,415,464,323,490,196,360
110,103,45,16,100,12,106,27,39,58,86,134,199,74,70,74,76,204,107,13,61,103,70,39,69,30,73,56,61,150,170,286,63,105,32,117,107,15,59,135,67,24,94,55,94,114,76,111,44,82
505,480,173,76,474,106,207,148,173,227,408,542,864,332,254,277,365,881,464,65,260,472,283,203,332,136,328,251,269,628,676,1324,247,471,119,496,466,90,256,510,318,98,365,185,370,459,299,462,197,363
189,152,63,27,151,27,148,31,38,78,128,180,284,105,74,77,115,271,155,22,85,167,106,77,111,35,112,67,82,191,251,452,96,140,32,154,157,33,90,170,93,27,104,50,142,143,105,168,54,122
158,147,76,31,179,39,173,38,21,55,135,185,294,99,89,91,114,308,165,18,73,169,104,67,116,40,116,75,78,189,290,494,83,176,41,160,153,28,83,180,99,31,139,77,149,144,102,180,62,104
249,200,87,43,205,58,227,78,55,46,151,270,352,137,92,114,144,346,189,28,117,203,103,85,124,60,152,95,105,237,283,530,99,209,54,227,209,39,111,225,131,47,147,84,172,188,135,205,79,157
422,403,165,60,448,86,408,128,135,151,185,513,735,269,210,225,298,722,391,53,249,414,250,198,280,117,293,201,210,520,623,1165,218,430,85,455,384,69,212,437,292,101,331,159,333,382,282,444,155,273
468,459,226,91,604,134,542,180,185,270,513,277,958,369,300,307,394,984,582,63,303,584,308,222,365,134,355,306,291,678,838,1549,294,563,126,594,524,107,296,619,358,119,441,216,405,550,352,547,203,364
810,783,372,137,899,199,864,284,294,352,735,958,822,587,474,476,650,1479,930,119,510,910,532,356,597,218,601,457,446,1097,1362,2408,478,813,220,939,848,149,452,972,588,196,656,305,765,820,568,931,319,653
377,306,122,47,320,74,332,105,99,137,269,369,587,106,159,164,236,591,314,41,182,347,199,131,228,84,233,152,149,397,486,962,162,310,68,332,314,41,167,343,225,72,252,122,269,293,218,324,148,230
297,225,86,44,276,70,254,74,89,92,210,300,474,159,65,127,186,523,270,22,117,261,158,89,154,85,173,137,130,349,413,722,157,241,47,268,250,35,124,271,183,59,187,109,214,263,150,272,99,155
320,259,109,57,286,74,277,77,91,114,225,307,476,164,127,69,203,538,274,30,127,280,170,110,173,90,205,131,119,371,458,783,164,286,58,290,287,49,141,276,183,65,212,103,232,305,161,322,115,210
384,328,153,72,371,76,365,115,114,144,298,394,650,236,186,203,141,636,388,44,209,384,199,151,228,91,285,164,172,447,551,1027,185,344,90,373,369,72,191,418,229,86,281,110,298,290,231,358,132,227
811,777,360,137,889,204,881,271,308,346,722,984,1479,591,523,538,636,824,954,123,500,964,548,335,593,247,656,458,444,1110,1397,2456,492,845,205,968,822,149,451,917,593,207,636,330,737,861,567,908,326,609
494,483,178,93,540,107,464,155,165,189,391,582,930,314,270,274,388,954,273,61,284,462,307,217,335,140,336,214,273,669,785,1406,281,490,129,535,468,87,254,559,328,100,387,196,398,452,312,518,189,305
71,49,16,14,60,13,65,22,18,28,53,63,119,41,22,30,44,123,61,3,28,62,41,25,54,11,30,31,20,76,100,187,38,65,17,68,57,10,32,61,50,10,59,19,44,59,40,69,26,41
342,246,97,42,306,61,260,85,73,117,249,303,510,182,117,127,209,500,284,28,53,289,155,117,201,84,210,128,135,333,441,797,168,255,71,308,270,53,151,303,167,60,228,92,237,273,187,304,101,208
499,482,205,84,550,103,472,167,169,203,414,584,910,347,261,280,384,964,462,62,289,277,315,220,340,130,329,262,271,671,764,1364,278,506,123,529,504,100,264,548,336,110,388,191,397,475,334,526,204,352
343,242,99,40,338,70,283,106,104,103,250,308,532,199,158,170,199,548,307,41,155,315,82,128,194,88,210,157,173,355,462,822,163,302,57,274,298,48,124,331,191,50,208,113,233,299,186,300,111,178
216,184,83,25,230,39,203,77,67,85,198,222,356,131,89,110,151,335,217,25,117,220,128,46,141,59,136,102,99,248,299,550,95,192,43,197,182,32,118,236,127,48,145,82,156,193,124,195,68,140
364,276,124,55,337,69,332,111,116,124,280,365,597,228,154,173,228,593,335,54,201,340,194,141,115,91,224,144,175,440,494,970,193,298,77,368,319,45,183,360,207,61,245,131,260,324,236,346,135,226
157,97,57,19,126,30,136,35,40,60,117,134,218,84,85,90,91,247,140,11,84,130,88,59,91,13,78,56,57,166,185,361,78,121,26,136,109,25,59,135,91,30,97,47,116,124,84,152,57,88
419,273,131,50,324,73,328,112,116,152,293,355,601,233,173,205,285,656,336,30,210,329,210,136,224,78,126,152,159,429,525,962,192,333,79,392,289,57,188,381,232,80,266,125,288,326,214,367,126,234
268,196,87,43,245,56,251,67,75,95,201,306,457,152,137,131,164,458,214,31,128,262,157,102,144,56,152,52,123,314,373,690,130,233,72,227,240,47,114,241,141,55,195,76,186,229,143,269,110,170
298,198,85,44,286,61,269,82,78,105,210,291,446,149,130,119,172,444,273,20,135,271,173,99,175,57,159,123,74,298,367,726,137,225,58,257,221,37,139,226,179,44,186,94,206,212,183,258,96,183
583,521,243,107,633,150,628,191,189,237,520,678,1097,397,349,371,447,1110,669,76,333,671,355,248,440,166,429,314,298,416,948,1762,309,617,156,656,605,89,315,700,429,148,496,219,485,570,353,691,262,443
706,658,305,129,811,170,676,251,290,283,623,838,1362,486,413,458,551,1397,785,100,441,764,462,299,494,185,525,373,367,948,610,2057,402,740,189,803,724,124,397,817,496,171,556,301,612,668,494,748,293,532
1148,1201,567,220,1398,286,1324,452,494,530,1165,1549,2408,962,722,783,1027,2456,1406,187,797,1364,822,550,970,361,962,690,726,1762,2057,1923,764,1278,328,1540,1288,250,723,1511,888,303,999,503,1119,1266,915,1405,510,925
235,237,108,38,276,63,247,96,83,99,218,294,478,162,157,164,185,492,281,38,168,278,163,95,193,78,192,130,137,309,402,764,64,249,52,290,243,49,142,318,201,64,212,107,216,222,177,278,101,181
457,432,176,74,505,105,471,140,176,209,430,563,813,310,241,286,344,845,490,65,255,506,302,192,298,121,333,233,225,617,740,1278,249,225,116,487,416,80,220,521,324,112,361,211,381,460,302,463,179,342
96,112,53,19,122,32,119,32,41,54,85,126,220,68,47,58,90,205,129,17,71,123,57,43,77,26,79,72,58,156,189,328,52,116,7,114,99,21,60,109,92,33,80,41,75,125,68,121,33,81
490,451,217,88,559,117,496,154,160,227,455,594,939,332,268,290,373,968,535,68,308,529,274,197,368,136,392,227,257,656,803,1540,290,487,114,250,479,92,255,556,340,95,428,180,416,509,326,542,201,377
453,462,187,80,493,107,466,157,153,209,384,524,848,314,250,287,369,822,468,57,270,504,298,182,319,109,289,240,221,605,724,1288,243,416,99,479,221,66,242,503,309,107,348,174,369,456,314,487,171,337
88,44,27,11,79,15,90,33,28,39,69,107,149,41,35,49,72,149,87,10,53,100,48,32,45,25,57,47,37,89,124,250,49,80,21,92,66,6,49,85,51,27,55,27,59,80,47,71,23,50
235,224,99,37,265,59,256,90,83,111,212,296,452,167,124,141,191,451,254,32,151,264,124,118,183,59,188,114,139,315,397,723,142,220,60,255,242,49,69,294,163,58,201,97,212,220,159,253,88,174
448,496,209,80,546,135,510,170,180,225,437,619,972,343,271,276,418,917,559,61,303,548,331,236,360,135,381,241,226,700,817,1511,318,521,109,556,503,85,294,296,379,114,421,235,444,449,319,534,186,380
338,303,129,63,348,67,318,93,99,131,292,358,588,225,183,183,229,593,328,50,167,336,191,127,207,91,232,141,179,429,496,888,201,324,92,340,309,51,163,379,103,64,254,128,244,305,195,338,121,201
120,86,36,17,115,24,98,27,31,47,101,119,196,72,59,65,86,207,100,10,60,110,50,48,61,30,80,55,44,148,171,303,64,112,33,95,107,27,58,114,64,15,84,35,72,95,69,121,42,79
384,327,147,56,355,94,365,104,139,147,331,441,656,252,187,212,281,636,387,59,228,388,208,145,245,97,266,195,186,496,556,999,212,361,80,428,348,55,201,421,254,84,137,140,316,348,236,368,134,275
175,193,74,42,185,55,185,50,77,84,159,216,305,122,109,103,110,330,196,19,92,191,113,82,131,47,125,76,94,219,301,503,107,211,41,180,174,27,97,235,128,35,140,28,147,175,126,194,83,119
449,359,150,60,415,94,370,142,149,172,333,405,765,269,214,232,298,737,398,44,237,397,233,156,260,116,288,186,206,485,612,1119,216,381,75,416,369,59,212,444,244,72,316,147,166,352,243,416,154,285
405,411,188,83,464,114,459,143,144,188,382,550,820,293,263,305,290,861,452,59,273,475,299,193,324,124,326,229,212,570,668,1266,222,460,125,509,456,80,220,449,305,95,348,175,352,213,348,475,150,342
290,259,129,50,323,76,299,105,102,135,282,352,568,218,150,161,231,567,312,40,187,334,186,124,236,84,214,143,183,353,494,915,177,302,68,326,314,47,159,319,195,69,236,126,243,348,107,330,152,212
507,456,205,70,490,111,462,168,180,205,444,547,931,324,272,322,358,908,518,69,304,526,300,195,346,152,367,269,258,691,748,1405,278,463,121,542,487,71,253,534,338,121,368,194,416,475,330,230,196,342
168,166,80,32,196,44,197,54,62,79,155,203,319,148,99,115,132,326,189,26,101,204,111,68,135,57,126,110,96,262,293,510,101,179,33,201,171,23,88,186,121,42,134,83,154,150,152,196,37,124
374,304,149,67,360,82,363,122,104,157,273,364,653,230,155,210,227,609,305,41,208,352,178,140,226,88,234,170,183,443,532,925,181,342,81,377,337,50,174,380,201,79,275,119,285,342,212,342,124,111
