259,444,210,82,508,109,450,173,176,242,445,515,816,355,336,331,356,840,510,69,329,492,335,202,373,140,370,285,268,645,681,1114,249,504,112,504,490,87,228,463,305,118,376,178,434,388,331,476,161,383
444,186,182,87,449,115,434,141,147,185,360,481,759,313,239,225,315,777,400,57,252,421,243,161,266,99,258,207,221,564,636,1168,250,424,87,431,389,73,216,470,298,101,349,178,340,379,270,479,155,304
210,182,27,38,177,44,174,47,59,75,171,225,361,133,97,100,129,373,183,22,101,195,92,90,130,45,134,92,93,253,284,539,103,182,46,214,196,29,76,220,104,27,160,74,141,173,125,229,75,147
82,87,38,12,79,24,84,32,31,30,71,79,158,63,54,51,56,174,87,11,37,84,66,41,64,20,61,40,41,106,114,209,50,71,17,84,94,21,44,83,65,23,68,30,82,83,66,100,36,58
508,449,177,79,238,105,513,142,145,210,407,570,892,331,261,288,336,893,489,68,305,514,336,215,350,122,327,232,264,615,729,1405,291,448,114,569,449,92,245,530,302,109,370,180,428,472,328,528,185,322
109,115,44,24,105,13,94,32,44,61,100,96,206,80,65,68,71,214,113,15,59,116,81,45,81,28,60,58,59,151,146,276,56,109,32,110,101,25,60,127,82,30,80,41,101,105,81,116,45,81
450,434,174,84,513,94,243,138,161,178,391,545,860,319,266,282,322,867,473,50,255,509,274,203,324,138,318,259,257,608,721,1286,253,425,117,498,457,81,245,506,340,109,354,192,375,455,299,483,178,320
173,141,47,32,142,32,138,24,51,68,124,161,264,82,83,74,98,273,148,9,80,143,85,48,85,40,91,65,74,180,233,437,97,149,44,160,153,27,63,155,103,22,133,61,107,160,90,157,81,102
176,147,59,31,145,44,161,51,25,60,132,200,301,124,86,96,130,284,168,12,78,177,106,62,115,41,106,79,76,191,229,478,78,167,36,182,162,32,77,166,104,43,96,64,121,153,98,173,66,104
242,185,75,30,210,61,178,68,60,39,154,235,357,137,111,124,150,362,191,24,112,212,120,86,128,50,131,118,106,260,287,570,97,201,47,234,196,37,113,194,150,47,160,81,170,191,133,207,62,118
445,360,171,71,407,100,391,124,132,154,200,459,734,282,228,250,304,713,429,50,224,408,255,149,306,99,270,223,241,527,606,1137,230,413,114,479,385,63,216,410,289,92,329,159,340,393,269,463,154,277
515,481,225,79,570,96,545,161,200,235,459,277,948,362,305,313,416,975,549,76,324,591,326,194,357,135,347,241,262,719,853,1562,302,535,134,591,494,107,307,564,372,110,433,194,431,520,367,624,219,407
816,759,361,158,892,206,860,264,301,357,734,948,777,572,462,543,641,1442,921,103,523,959,538,325,581,235,575,420,471,1116,1318,2386,500,823,184,983,826,143,463,959,618,196,662,353,693,795,543,955,314,606
355,313,133,63,331,80,319,82,124,137,282,362,572,113,167,179,209,585,322,53,176,357,206,138,200,83,229,156,207,376,512,905,200,281,57,358,327,45,137,341,205,80,254,132,277,303,214,344,128,217
336,239,97,54,261,65,266,83,86,111,228,305,462,167,82,142,182,459,259,37,158,266,156,115,192,82,179,105,147,308,409,728,150,256,55,283,263,55,140,283,164,56,213,106,217,237,165,293,103,193
331,225,100,51,288,68,282,74,96,124,250,313,543,179,142,78,200,525,277,38,148,266,156,104,186,70,167,129,141,326,439,853,161,259,68,297,269,54,134,305,179,51,250,115,232,286,165,312,114,183
356,315,129,56,336,71,322,98,130,150,304,416,641,209,182,200,117,652,330,39,214,330,187,149,227,81,235,190,175,433,508,970,185,305,77,357,299,64,159,378,227,65,286,142,268,336,249,386,121,213
840,777,373,174,893,214,867,273,284,362,713,975,1442,585,459,525,652,762,932,102,539,937,540,351,583,215,600,448,452,1107,1365,2352,456,857,180,979,865,153,464,975,580,199,678,341,700,776,508,931,305,617
510,400,183,87,489,113,473,148,168,191,429,549,921,322,259,277,330,932,237,64,292,464,292,182,327,129,338,235,272,605,701,1406,256,471,127,557,456,87,260,500,299,97,413,184,405,511,326,573,186,323
69,57,22,11,68,15,50,9,12,24,50,76,103,53,37,38,39,102,64,3,34,70,43,33,40,17,43,27,29,69,83,161,34,60,15,60,57,8,26,71,41,13,44,19,50,59,41,66,16,37
329,252,101,37,305,59,255,80,78,112,224,324,523,176,158,148,214,539,292,34,47,278,132,105,175,71,187,119,133,318,422,844,171,218,66,270,257,44,154,292,193,64,227,102,214,281,169,293,115,164
492,421,195,84,514,116,509,143,177,212,408,591,959,357,266,266,330,937,464,70,278,256,334,194,350,131,357,242,248,616,741,1423,269,478,112,583,511,89,238,518,333,111,385,209,414,484,335,563,203,335
335,243,92,66,336,81,274,85,106,120,255,326,538,206,156,156,187,540,292,43,132,334,85,121,207,69,209,149,156,357,455,835,161,289,65,271,278,40,152,331,202,67,231,113,237,261,195,316,107,186
202,161,90,41,215,45,203,48,62,86,149,194,325,138,115,104,149,351,182,33,105,194,121,28,116,58,130,91,110,268,299,566,102,182,40,218,174,31,105,182,128,36,144,79,153,179,125,224,86,136
373,266,130,64,350,81,324,85,115,128,306,357,581,200,192,186,227,583,327,40,175,350,207,116,118,76,205,156,200,391,502,909,181,320,78,337,325,53,160,351,222,73,245,130,238,287,193,385,141,255
140,99,45,20,122,28,138,40,41,50,99,135,235,83,82,70,81,215,129,17,71,131,69,58,76,17,71,43,60,168,202,385,72,126,34,130,120,21,68,144,71,25,97,45,112,115,72,142,56,81
370,258,134,61,327,60,318,91,106,131,270,347,575,229,179,167,235,600,338,43,187,357,209,130,205,71,102,148,191,414,475,961,168,321,83,347,325,64,167,341,182,53,263,140,261,319,219,366,131,225
285,207,92,40,232,58,259,65,79,118,223,241,420,156,105,129,190,448,235,27,119,242,149,91,156,43,148,59,116,303,388,695,129,227,48,253,207,34,106,241,148,40,198,81,196,226,175,251,72,174
268,221,93,41,264,59,257,74,76,106,241,262,471,207,147,141,175,452,272,29,133,248,156,110,200,60,191,116,65,283,355,693,136,234,55,255,239,35,123,253,171,61,210,98,240,242,168,293,87,166
645,564,253,106,615,151,608,180,191,260,527,719,1116,376,308,326,433,1107,605,69,318,616,357,268,391,168,414,303,283,408,927,1781,360,596,155,658,558,111,291,675,426,112,470,234,497,577,353,622,231,415
681,636,284,114,729,146,721,233,229,287,606,853,1318,512,409,439,508,1365,701,83,422,741,455,299,502,202,475,388,355,927,578,2040,387,697,185,815,723,124,372,769,504,138,563,301,598,683,497,775,280,504
1114,1168,539,209,1405,276,1286,437,478,570,1137,1562,2386,905,728,853,970,2352,1406,161,844,1423,835,566,909,385,961,695,693,1781,2040,1853,688,1317,298,1489,1310,252,684,1453,862,298,1047,529,1111,1213,848,1422,467,941
249,250,103,50,291,56,253,97,78,97,230,302,500,200,150,161,185,456,256,34,171,269,161,102,181,72,168,129,136,360,387,688,82,240,54,297,242,46,156,269,196,58,192,108,197,240,192,289,88,195
504,424,182,71,448,109,425,149,167,201,413,535,823,281,256,259,305,857,471,60,218,478,289,182,320,126,321,227,234,596,697,1317,240,210,123,500,400,79,230,496,305,86,330,186,374,432,319,478,166,295
112,87,46,17,114,32,117,44,36,47,114,134,184,57,55,68,77,180,127,15,66,112,65,40,78,34,83,48,55,155,185,298,54,123,17,131,102,12,57,112,61,33,92,41,85,102,62,120,37,85
504,431,214,84,569,110,498,160,182,234,479,591,983,358,283,297,357,979,557,60,270,583,271,218,337,130,347,253,255,658,815,1489,297,500,131,256,485,95,239,555,333,110,389,194,439,490,333,546,206,352
490,389,196,94,449,101,457,153,162,196,385,494,826,327,263,269,299,865,456,57,257,511,278,174,325,120,325,207,239,558,723,1310,242,400,102,485,230,85,245,482,303,102,346,182,383,437,312,490,166,336
87,73,29,21,92,25,81,27,32,37,63,107,143,45,55,54,64,153,87,8,44,89,40,31,53,21,64,34,35,111,124,252,46,79,12,95,85,1,44,99,55,21,71,26,60,78,54,99,27,58
228,216,76,44,245,60,245,63,77,113,216,307,463,137,140,134,159,464,260,26,154,238,152,105,160,68,167,106,123,291,372,684,156,230,57,239,245,44,41,270,172,40,181,108,192,259,152,260,106,168
463,470,220,83,530,127,506,155,166,194,410,564,959,341,283,305,378,975,500,71,292,518,331,182,351,144,341,241,253,675,769,1453,269,496,112,555,482,99,270,258,349,114,387,207,418,468,342,552,192,330
305,298,104,65,302,82,340,103,104,150,289,372,618,205,164,179,227,580,299,41,193,333,202,128,222,71,182,148,171,426,504,862,196,305,61,333,303,55,172,349,117,69,248,148,264,319,212,373,116,210
118,101,27,23,109,30,109,22,43,47,92,110,196,80,56,51,65,199,97,13,64,111,67,36,73,25,53,40,61,112,138,298,58,86,33,110,102,21,40,114,69,5,67,51,84,107,83,93,47,59
376,349,160,68,370,80,354,133,96,160,329,433,662,254,213,250,286,678,413,44,227,385,231,144,245,97,263,198,210,470,563,1047,192,330,92,389,346,71,181,387,248,67,149,170,298,351,250,380,137,245
178,178,74,30,180,41,192,61,64,81,159,194,353,132,106,115,142,341,184,19,102,209,113,79,130,45,140,81,98,234,301,529,108,186,41,194,182,26,108,207,148,51,170,29,149,174,118,188,57,122
434,340,141,82,428,101,375,107,121,170,340,431,693,277,217,232,268,700,405,50,214,414,237,153,238,112,261,196,240,497,598,1111,197,374,85,439,383,60,192,418,264,84,298,149,174,378,238,454,153,274
388,379,173,83,472,105,455,160,153,191,393,520,795,303,237,286,336,776,511,59,281,484,261,179,287,115,319,226,242,577,683,1213,240,432,102,490,437,78,259,468,319,107,351,174,378,203,294,496,173,319
331,270,125,66,328,81,299,90,98,133,269,367,543,214,165,165,249,508,326,41,169,335,195,125,193,72,219,175,168,353,497,848,192,319,62,333,312,54,152,342,212,83,250,118,238,294,99,315,113,222
476,479,229,100,528,116,483,157,173,207,463,624,955,344,293,312,386,931,573,66,293,563,316,224,385,142,366,251,293,622,775,1422,289,478,120,546,490,99,260,552,373,93,380,188,454,496,315,248,197,356
161,155,75,36,185,45,178,81,66,62,154,219,314,128,103,114,121,305,186,16,115,203,107,86,141,56,131,72,87,231,280,467,88,166,37,206,166,27,106,192,116,47,137,57,153,173,113,197,33,128
383,304,147,58,322,81,320,102,104,118,277,407,606,217,193,183,213,617,323,37,164,335,186,136,255,81,225,174,166,415,504,941,195,295,85,352,336,58,168,330,210,59,245,122,274,319,222,356,128,115
