276,466,200,97,490,122,476,190,183,253,437,499,765,380,289,338,370,748,503,81,314,534,382,197,368,179,403,284,322,587,699,1088,223,518,104,493,501,79,247,476,315,104,384,185,462,394,305,499,172,367
466,200,166,69,483,91,412,115,139,185,410,509,779,295,219,231,313,764,446,38,229,452,253,164,274,116,314,199,226,547,656,1218,227,406,82,444,421,71,226,448,307,95,314,160,325,402,266,441,135,336
200,166,43,38,198,48,181,61,80,92,176,241,330,131,107,101,137,349,203,19,96,191,125,84,124,47,131,78,95,220,286,576,101,179,52,196,221,30,93,212,126,47,147,64,155,187,117,203,88,132
97,69,38,5,73,11,67,26,37,44,76,94,134,48,60,54,61,153,81,11,49,81,57,30,67,25,64,44,51,97,113,233,44,73,19,92,75,12,45,79,52,13,66,30,72,68,60,78,33,73
490,483,198,73,253,109,499,163,178,213,434,528,913,331,276,273,368,895,531,53,313,512,284,188,344,140,355,230,250,638,768,1404,281,493,109,522,454,84,246,558,357,125,389,210,426,476,318,545,191,359
122,91,48,11,109,6,105,36,32,52,99,135,170,79,69,67,75,198,93,11,63,105,67,46,71,31,69,51,69,156,153,295,57,98,24,134,107,15,48,113,68,16,73,43,91,97,70,107,33,83
476,412,181,67,499,105,239,147,166,204,390,537,879,338,255,315,388,845,483,56,266,502,291,195,335,124,343,246,277,609,716,1311,279,435,92,523,445,98,252,514,325,105,368,177,395,437,298,512,160,324
190,115,61,26,163,36,147,23,47,72,132,156,253,92,90,89,133,261,148,27,77,166,93,46,87,53,98,70,70,184,236,421,75,150,39,152,121,30,75,156,119,28,118,61,109,113,103,142,57,110
183,139,80,37,178,32,166,47,27,82,160,159,278,88,93,88,114,324,183,20,96,183,91,60,101,39,91,80,86,223,257,445,87,150,43,176,134,33,77,165,94,32,121,69,142,163,96,145,63,110
253,185,92,44,213,52,204,72,82,44,162,209,352,153,115,135,169,347,217,23,110,232,123,81,136,41,135,115,109,260,295,579,120,217,42,199,206,40,112,223,128,50,129,95,187,200,136,223,83,131
437,410,176,76,434,99,390,132,160,162,178,452,750,270,237,276,306,742,415,47,243,430,255,159,266,94,269,217,229,551,652,1186,235,418,88,464,418,74,210,444,267,82,293,169,328,397,266,456,162,269
499,509,241,94,528,135,537,156,159,209,452,298,1018,354,311,318,398,1019,555,68,327,571,341,214,391,166,411,241,283,671,846,1579,314,501,127,573,497,113,268,622,350,129,411,201,437,532,359,573,218,373
765,779,330,134,913,170,879,253,278,352,750,1018,830,594,497,514,596,1483,938,115,487,915,563,374,598,225,630,437,455,1135,1387,2450,478,816,202,959,788,154,462,1057,621,172,630,323,733,816,623,915,336,566
380,295,131,48,331,79,338,92,88,153,270,354,594,113,162,169,255,587,333,44,186,342,185,132,214,73,224,145,192,426,496,939,165,325,74,353,324,49,181,340,198,85,237,127,278,315,210,372,130,235
289,219,107,60,276,69,255,90,93,115,237,311,497,162,77,122,189,468,289,37,147,284,166,102,175,69,187,146,140,307,393,797,133,269,58,250,251,48,142,305,173,41,199,91,222,240,157,237,106,187
338,231,101,54,273,67,315,89,88,135,276,318,514,169,122,76,225,496,308,39,167,302,177,122,174,76,195,142,131,343,420,834,143,277,56,297,265,56,158,335,211,59,243,110,242,275,158,306,114,212
370,313,137,61,368,75,388,133,114,169,306,398,596,255,189,225,130,667,375,50,192,373,226,142,214,101,239,158,201,469,537,997,187,344,85,385,369,63,195,373,253,76,287,140,309,340,230,378,127,266
748,764,349,153,895,198,845,261,324,347,742,1019,1483,587,468,496,667,819,933,126,469,913,558,367,595,220,641,424,463,1142,1440,2480,505,798,219,971,830,151,472,1011,621,184,632,345,723,807,587,892,364,611
503,446,203,81,531,93,483,148,183,217,415,555,938,333,289,308,375,933,240,52,297,479,322,200,333,125,339,233,249,649,772,1448,291,479,111,529,490,96,246,531,329,105,376,202,410,470,327,542,185,331
81,38,19,11,53,11,56,27,20,23,47,68,115,44,37,39,50,126,52,6,36,66,40,19,44,18,40,35,29,87,83,176,30,62,16,64,65,12,36,59,39,10,59,23,48,50,44,64,28,45
314,229,96,49,313,63,266,77,96,110,243,327,487,186,147,167,192,469,297,36,77,304,146,117,168,53,179,118,127,342,446,793,160,297,46,262,283,44,120,314,202,50,229,113,204,242,183,268,114,193
534,452,191,81,512,105,502,166,183,232,430,571,915,342,284,302,373,913,479,66,304,285,350,200,342,123,351,249,268,658,769,1482,313,499,130,582,468,81,246,527,313,115,399,196,425,498,305,557,180,379
382,253,125,57,284,67,291,93,91,123,255,341,563,185,166,177,226,558,322,40,146,350,99,108,182,78,210,135,146,356,459,834,184,276,78,302,287,48,170,341,197,49,220,86,237,298,184,286,103,199
197,164,84,30,188,46,195,46,60,81,159,214,374,132,102,122,142,367,200,19,117,200,108,30,135,42,132,102,110,263,304,597,114,181,48,226,168,36,92,196,118,45,132,78,145,193,125,217,69,132
368,274,124,67,344,71,335,87,101,136,266,391,598,214,175,174,214,595,333,44,168,342,182,135,95,86,214,148,183,422,498,927,188,307,80,333,328,49,174,385,225,62,231,123,226,355,184,319,114,230
179,116,47,25,140,31,124,53,39,41,94,166,225,73,69,76,101,220,125,18,53,123,78,42,86,16,72,65,54,177,188,403,66,102,28,145,125,18,63,128,85,20,95,52,94,121,79,143,62,100
403,314,131,64,355,69,343,98,91,135,269,411,630,224,187,195,239,641,339,40,179,351,210,132,214,72,109,134,161,443,503,999,197,298,58,351,331,54,153,389,244,58,255,123,268,330,204,364,135,238
284,199,78,44,230,51,246,70,80,115,217,241,437,145,146,142,158,424,233,35,118,249,135,102,148,65,134,70,115,280,363,661,139,225,53,253,232,34,107,237,149,47,188,97,185,206,150,247,93,172
322,226,95,51,250,69,277,70,86,109,229,283,455,192,140,131,201,463,249,29,127,268,146,110,183,54,161,115,68,327,386,718,149,251,61,271,264,42,140,247,155,59,203,93,222,256,154,275,88,164
587,547,220,97,638,156,609,184,223,260,551,671,1135,426,307,343,469,1142,649,87,342,658,356,263,422,177,443,280,327,386,981,1821,349,579,135,637,581,100,290,711,388,116,473,230,526,588,419,673,247,422
699,656,286,113,768,153,716,236,257,295,652,846,1387,496,393,420,537,1440,772,83,446,769,459,304,498,188,503,363,386,981,542,2037,408,704,158,738,676,133,361,816,484,140,555,278,601,699,459,796,280,503
1088,1218,576,233,1404,295,1311,421,445,579,1186,1579,2450,939,797,834,997,2480,1448,176,793,1482,834,597,927,403,999,661,718,1821,2037,1849,701,1264,319,1477,1269,231,682,1538,944,295,1018,552,1139,1310,904,1325,496,928
223,227,101,44,281,57,279,75,87,120,235,314,478,165,133,143,187,505,291,30,160,313,184,114,188,66,197,139,149,349,408,701,76,245,66,262,228,60,127,299,163,48,205,108,226,242,178,281,115,206
518,406,179,73,493,98,435,150,150,217,418,501,816,325,269,277,344,798,479,62,297,499,276,181,307,102,298,225,251,579,704,1264,245,212,97,498,396,79,258,506,322,99,389,170,362,405,284,497,148,326
104,82,52,19,109,24,92,39,43,42,88,127,202,74,58,56,85,219,111,16,46,130,78,48,80,28,58,53,61,135,158,319,66,97,9,118,96,26,47,125,60,20,89,39,88,100,68,121,41,79
493,444,196,92,522,134,523,152,176,199,464,573,959,353,250,297,385,971,529,64,262,582,302,226,333,145,351,253,271,637,738,1477,262,498,118,283,529,92,245,515,355,99,438,206,417,485,321,548,192,329
501,421,221,75,454,107,445,121,134,206,418,497,788,324,251,265,369,830,490,65,283,468,287,168,328,125,331,232,264,581,676,1269,228,396,96,529,203,78,224,489,298,73,368,167,378,460,277,497,171,326
79,71,30,12,84,15,98,30,33,40,74,113,154,49,48,56,63,151,96,12,44,81,48,36,49,18,54,34,42,100,133,231,60,79,26,92,78,5,49,96,55,16,54,30,65,86,53,87,33,68
247,226,93,45,246,48,252,75,77,112,210,268,462,181,142,158,195,472,246,36,120,246,170,92,174,63,153,107,140,290,361,682,127,258,47,245,224,49,54,278,183,49,174,98,208,194,172,252,97,178
476,448,212,79,558,113,514,156,165,223,444,622,1057,340,305,335,373,1011,531,59,314,527,341,196,385,128,389,237,247,711,816,1538,299,506,125,515,489,96,278,281,334,123,405,185,432,489,330,577,185,394
315,307,126,52,357,68,325,119,94,128,267,350,621,198,173,211,253,621,329,39,202,313,197,118,225,85,244,149,155,388,484,944,163,322,60,355,298,55,183,334,107,72,275,112,257,292,204,342,118,217
104,95,47,13,125,16,105,28,32,50,82,129,172,85,41,59,76,184,105,10,50,115,49,45,62,20,58,47,59,116,140,295,48,99,20,99,73,16,49,123,72,12,89,34,73,78,58,108,37,64
384,314,147,66,389,73,368,118,121,129,293,411,630,237,199,243,287,632,376,59,229,399,220,132,231,95,255,188,203,473,555,1018,205,389,89,438,368,54,174,405,275,89,115,165,282,366,246,375,140,257
185,160,64,30,210,43,177,61,69,95,169,201,323,127,91,110,140,345,202,23,113,196,86,78,123,52,123,97,93,230,278,552,108,170,39,206,167,30,98,185,112,34,165,37,126,171,101,215,74,132
462,325,155,72,426,91,395,109,142,187,328,437,733,278,222,242,309,723,410,48,204,425,237,145,226,94,268,185,222,526,601,1139,226,362,88,417,378,65,208,432,257,73,282,126,159,407,236,430,148,270
394,402,187,68,476,97,437,113,163,200,397,532,816,315,240,275,340,807,470,50,242,498,298,193,355,121,330,206,256,588,699,1310,242,405,100,485,460,86,194,489,292,78,366,171,407,196,301,514,163,334
305,266,117,60,318,70,298,103,96,136,266,359,623,210,157,158,230,587,327,44,183,305,184,125,184,79,204,150,154,419,459,904,178,284,68,321,277,53,172,330,204,58,246,101,236,301,102,313,130,206
499,441,203,78,545,107,512,142,145,223,456,573,915,372,237,306,378,892,542,64,268,557,286,217,319,143,364,247,275,673,796,1325,281,497,121,548,497,87,252,577,342,108,375,215,430,514,313,257,163,358
172,135,88,33,191,33,160,57,63,83,162,218,336,130,106,114,127,364,185,28,114,180,103,69,114,62,135,93,88,247,280,496,115,148,41,192,171,33,97,185,118,37,140,74,148,163,130,163,32,119
367,336,132,73,359,83,324,110,110,131,269,373,566,235,187,212,266,611,331,45,193,379,199,132,230,100,238,172,164,422,503,928,206,326,79,329,326,68,178,394,217,64,257,132,270,334,206,358,119,94
