279,454,198,90,500,112,447,172,169,220,407,534,819,377,301,339,374,831,532,64,315,505,367,202,360,156,348,298,307,609,710,1172,234,485,117,512,486,72,249,454,314,113,394,166,404,400,316,490,171,361
454,173,165,67,429,105,425,143,130,202,351,487,777,296,224,246,305,732,419,46,237,466,253,169,312,94,268,202,214,550,654,1216,253,385,91,442,377,74,251,470,280,88,321,174,356,385,265,471,170,302
198,165,39,32,209,44,192,57,61,96,181,221,393,128,96,112,116,378,188,34,116,199,122,90,150,53,125,93,91,255,297,559,110,168,48,185,204,32,91,223,126,45,155,77,163,187,123,193,89,129
90,67,32,7,86,19,72,29,37,39,76,92,169,60,50,50,66,174,87,16,51,88,56,27,55,14,41,36,45,103,117,224,42,90,17,85,76,10,48,85,54,12,79,22,60,75,71,70,37,60
500,429,209,86,248,136,497,143,164,201,418,547,898,343,273,307,370,894,531,67,275,541,306,207,326,113,310,215,262,638,810,1428,282,456,114,566,529,77,255,543,325,116,350,198,414,442,306,497,193,321
112,105,44,19,136,12,103,41,50,47,91,130,190,92,76,68,95,195,131,17,69,112,65,34,74,20,72,51,66,159,158,284,59,108,24,126,105,17,74,106,83,20,88,42,95,97,87,102,41,74
447,425,192,72,497,103,227,160,154,197,394,516,859,319,253,294,334,867,474,63,287,471,287,201,337,132,336,201,249,612,722,1319,268,442,136,496,415,78,268,510,304,106,355,186,424,436,305,457,182,333
172,143,57,29,143,41,160,24,53,57,141,187,298,93,71,103,118,281,157,17,79,156,85,65,97,45,105,72,64,191,246,444,69,136,35,170,146,28,81,183,93,39,137,57,103,158,100,155,47,87
169,130,61,37,164,50,154,53,32,78,151,197,320,107,94,112,120,288,148,26,84,163,112,58,113,43,106,79,92,216,242,448,88,188,40,189,166,21,96,193,110,31,117,78,143,140,120,152,66,108
220,202,96,39,201,47,197,57,78,36,154,217,374,139,103,116,140,374,206,33,128,230,109,90,134,49,155,91,111,268,326,608,123,193,49,217,206,27,108,219,129,44,151,67,167,207,100,217,83,137
407,351,181,76,418,91,394,141,151,154,160,438,766,280,218,245,280,744,427,60,231,424,239,160,287,99,269,181,227,509,618,1163,230,393,92,457,416,69,213,425,277,95,297,157,327,390,259,411,163,290
534,487,221,92,547,130,516,187,197,217,438,298,966,362,275,279,407,958,567,80,313,559,283,203,356,146,346,289,269,692,830,1543,304,501,102,617,532,94,267,592,364,108,452,220,459,529,317,541,202,377
819,777,393,169,898,190,859,298,320,374,766,966,763,596,513,514,656,1378,923,122,508,942,516,331,570,256,651,435,432,1135,1373,2424,454,838,193,961,830,166,472,970,601,180,630,339,724,832,547,913,318,581
377,296,128,60,343,92,319,93,107,139,280,362,596,97,168,186,241,597,312,40,184,308,183,116,230,93,220,140,166,411,510,948,214,321,65,342,327,42,154,348,212,58,258,123,311,314,184,361,125,238
301,224,96,50,273,76,253,71,94,103,218,275,513,168,73,136,172,473,277,42,150,256,164,102,168,67,173,133,134,340,405,746,150,253,56,292,242,53,120,270,172,51,218,94,201,270,168,273,96,170
339,246,112,50,307,68,294,103,112,116,245,279,514,186,136,69,212,567,298,32,148,291,177,117,179,59,182,117,154,342,440,837,162,272,68,309,280,38,151,325,181,70,239,113,224,315,165,313,111,183
374,305,116,66,370,95,334,118,120,140,280,407,656,241,172,212,127,619,392,46,214,345,187,138,238,92,221,174,164,429,569,1022,191,341,72,370,328,57,176,388,241,75,284,134,276,335,215,389,135,221
831,732,378,174,894,195,867,281,288,374,744,958,1378,597,473,567,619,784,867,127,556,908,508,329,564,231,599,432,464,1109,1339,2426,445,862,182,954,839,165,438,975,590,170,644,342,699,801,570,900,332,618
532,419,188,87,531,131,474,157,148,206,427,567,923,312,277,298,392,867,241,60,288,445,280,179,346,127,322,220,260,647,776,1440,301,445,121,541,481,79,258,539,343,106,348,187,410,431,298,557,186,368
64,46,34,16,67,17,63,17,26,33,60,80,122,40,42,32,46,127,60,2,36,62,37,24,45,14,34,34,22,78,95,174,31,71,16,67,54,12,37,67,34,13,53,21,49,53,51,63,28,40
315,237,116,51,275,69,287,79,84,128,231,313,508,184,150,148,214,556,288,36,76,292,158,99,188,59,166,123,110,321,443,805,163,268,52,293,286,39,139,313,165,66,215,105,203,256,189,330,109,205
505,466,199,88,541,112,471,156,163,230,424,559,942,308,256,291,345,908,445,62,292,266,290,200,341,131,323,235,267,621,768,1438,277,497,115,543,462,83,262,554,327,104,366,199,381,483,309,527,164,357
367,253,122,56,306,65,287,85,112,109,239,283,516,183,164,177,187,508,280,37,158,290,80,121,188,75,212,157,132,366,425,797,150,268,71,315,291,41,136,310,206,58,226,104,252,294,196,315,120,228
202,169,90,27,207,34,201,65,58,90,160,203,331,116,102,117,138,329,179,24,99,200,121,42,137,55,130,97,131,245,297,531,95,199,49,219,193,24,98,220,122,32,133,76,177,176,100,186,66,144
360,312,150,55,326,74,337,97,113,134,287,356,570,230,168,179,238,564,346,45,188,341,188,137,122,88,216,140,174,395,491,897,177,294,84,365,307,59,168,361,223,62,229,126,284,284,190,347,132,255
156,94,53,14,113,20,132,45,43,49,99,146,256,93,67,59,92,231,127,14,59,131,75,55,88,19,68,49,68,164,172,398,80,102,40,137,120,16,65,130,83,18,95,42,102,135,75,135,52,93
348,268,125,41,310,72,336,105,106,155,269,346,651,220,173,182,221,599,322,34,166,323,212,130,216,68,100,129,165,418,476,998,201,280,92,300,317,46,177,341,241,72,265,152,262,296,194,352,134,247
298,202,93,36,215,51,201,72,79,91,181,289,435,140,133,117,174,432,220,34,123,235,157,97,140,49,129,48,128,272,392,697,115,213,61,229,225,50,119,257,145,59,171,86,199,247,144,225,90,164
307,214,91,45,262,66,249,64,92,111,227,269,432,166,134,154,164,464,260,22,110,267,132,131,174,68,165,128,60,286,374,691,134,240,65,253,256,39,127,301,166,57,195,81,208,209,157,297,84,179
609,550,255,103,638,159,612,191,216,268,509,692,1135,411,340,342,429,1109,647,78,321,621,366,245,395,164,418,272,286,390,1019,1753,343,536,143,633,558,103,316,675,413,140,444,241,498,582,388,629,245,431
710,654,297,117,810,158,722,246,242,326,618,830,1373,510,405,440,569,1339,776,95,443,768,425,297,491,172,476,392,374,1019,541,2049,382,724,176,845,659,126,389,783,504,160,547,269,582,701,470,750,243,516
1172,1216,559,224,1428,284,1319,444,448,608,1163,1543,2424,948,746,837,1022,2426,1440,174,805,1438,797,531,897,398,998,697,691,1753,2049,1871,678,1260,294,1445,1190,236,735,1406,899,297,961,521,1135,1252,843,1448,480,955
234,253,110,42,282,59,268,69,88,123,230,304,454,214,150,162,191,445,301,31,163,277,150,95,177,80,201,115,134,343,382,678,66,235,53,291,245,53,135,255,159,72,179,98,194,232,168,250,104,189
485,385,168,90,456,108,442,136,188,193,393,501,838,321,253,272,341,862,445,71,268,497,268,199,294,102,280,213,240,536,724,1260,235,239,99,495,492,74,242,507,323,100,354,177,401,404,296,433,188,304
117,91,48,17,114,24,136,35,40,49,92,102,193,65,56,68,72,182,121,16,52,115,71,49,84,40,92,61,65,143,176,294,53,99,14,135,101,17,57,123,69,23,91,46,105,87,72,120,37,86
512,442,185,85,566,126,496,170,189,217,457,617,961,342,292,309,370,954,541,67,293,543,315,219,365,137,300,229,253,633,845,1445,291,495,135,275,477,88,240,559,329,127,412,206,400,515,345,603,205,381
486,377,204,76,529,105,415,146,166,206,416,532,830,327,242,280,328,839,481,54,286,462,291,193,307,120,317,225,256,558,659,1190,245,492,101,477,222,80,215,470,299,86,366,142,378,419,319,436,180,318
72,74,32,10,77,17,78,28,21,27,69,94,166,42,53,38,57,165,79,12,39,83,41,24,59,16,46,50,39,103,126,236,53,74,17,88,80,9,37,86,57,9,68,37,56,82,57,97,40,56
249,251,91,48,255,74,268,81,96,108,213,267,472,154,120,151,176,438,258,37,139,262,136,98,168,65,177,119,127,316,389,735,135,242,57,240,215,37,71,286,160,58,197,101,191,230,159,246,87,159
454,470,223,85,543,106,510,183,193,219,425,592,970,348,270,325,388,975,539,67,313,554,310,220,361,130,341,257,301,675,783,1406,255,507,123,559,470,86,286,278,338,102,353,195,408,514,365,533,180,353
314,280,126,54,325,83,304,93,110,129,277,364,601,212,172,181,241,590,343,34,165,327,206,122,223,83,241,145,166,413,504,899,159,323,69,329,299,57,160,338,127,69,236,135,257,298,212,332,124,223
113,88,45,12,116,20,106,39,31,44,95,108,180,58,51,70,75,170,106,13,66,104,58,32,62,18,72,59,57,140,160,297,72,100,23,127,86,9,58,102,69,10,83,38,67,103,66,110,30,68
394,321,155,79,350,88,355,137,117,151,297,452,630,258,218,239,284,644,348,53,215,366,226,133,229,95,265,171,195,444,547,961,179,354,91,412,366,68,197,353,236,83,123,134,296,353,228,394,141,297
166,174,77,22,198,42,186,57,78,67,157,220,339,123,94,113,134,342,187,21,105,199,104,76,126,42,152,86,81,241,269,521,98,177,46,206,142,37,101,195,135,38,134,30,152,200,131,190,77,123
404,356,163,60,414,95,424,103,143,167,327,459,724,311,201,224,276,699,410,49,203,381,252,177,284,102,262,199,208,498,582,1135,194,401,105,400,378,56,191,408,257,67,296,152,171,339,228,402,163,294
400,385,187,75,442,97,436,158,140,207,390,529,832,314,270,315,335,801,431,53,256,483,294,176,284,135,296,247,209,582,701,1252,232,404,87,515,419,82,230,514,298,103,353,200,339,216,299,466,169,302
316,265,123,71,306,87,305,100,120,100,259,317,547,184,168,165,215,570,298,51,189,309,196,100,190,75,194,144,157,388,470,843,168,296,72,345,319,57,159,365,212,66,228,131,228,299,100,296,120,227
490,471,193,70,497,102,457,155,152,217,411,541,913,361,273,313,389,900,557,63,330,527,315,186,347,135,352,225,297,629,750,1448,250,433,120,603,436,97,246,533,332,110,394,190,402,466,296,263,182,371
171,170,89,37,193,41,182,47,66,83,163,202,318,125,96,111,135,332,186,28,109,164,120,66,132,52,134,90,84,245,243,480,104,188,37,205,180,40,87,180,124,30,141,77,163,169,120,182,37,129
361,302,129,60,321,74,333,87,108,137,290,377,581,238,170,183,221,618,368,40,205,357,228,144,255,93,247,164,179,431,516,955,189,304,86,381,318,56,159,353,223,68,297,123,294,302,227,371,129,126
