275,449,196,89,497,103,469,165,186,279,477,556,806,384,300,353,365,797,513,64,308,511,326,225,342,142,376,262,307,607,661,1199,222,490,115,515,505,96,267,462,336,110,395,172,447,433,347,499,173,360
449,174,170,82,440,104,431,130,150,165,374,514,812,297,216,220,308,810,470,43,239,433,239,177,251,99,284,199,194,555,654,1288,235,423,101,430,433,79,192,450,304,97,334,149,317,456,272,463,140,295
196,170,32,48,190,65,208,69,65,89,196,198,380,151,105,106,169,398,205,21,95,197,103,73,155,57,117,91,99,247,308,594,107,173,44,217,192,35,111,210,155,34,160,68,166,178,132,216,77,162
89,82,48,5,96,13,71,21,33,36,73,109,151,55,46,54,59,150,88,17,39,78,60,26,62,13,50,41,51,108,123,206,39,89,21,89,95,11,43,96,50,19,55,27,70,77,44,89,35,71
497,440,190,96,265,131,520,160,174,201,415,569,978,317,287,307,360,981,509,64,267,520,312,212,346,118,300,244,235,654,759,1450,328,472,112,550,472,76,273,527,344,114,426,213,404,472,355,552,198,352
103,104,65,13,131,15,102,30,41,41,102,136,194,74,46,59,85,200,105,14,51,118,70,41,73,27,76,51,65,147,175,290,57,114,31,112,109,17,50,140,73,27,79,48,88,97,78,107,36,80
469,431,208,71,520,102,243,151,181,205,376,564,903,316,262,284,359,879,502,63,252,523,265,196,308,109,322,232,233,641,716,1365,245,447,114,483,441,74,250,530,328,89,376,178,372,431,330,501,157,310
165,130,69,21,160,30,151,19,45,60,131,172,281,81,78,91,123,268,157,13,78,178,106,58,99,38,92,71,77,187,215,433,87,156,35,150,132,24,74,169,93,28,116,49,128,112,102,169,63,101
186,150,65,33,174,41,181,45,26,70,146,188,300,115,75,86,118,317,175,19,80,197,100,77,119,42,99,89,81,218,256,447,97,161,37,182,140,29,97,174,100,41,130,58,150,155,107,178,57,127
279,165,89,36,201,41,205,60,70,46,147,213,367,138,130,123,141,379,183,30,120,189,122,75,145,62,123,115,96,260,271,556,107,199,39,209,192,42,102,196,135,35,149,77,158,177,132,203,87,141
477,374,196,73,415,102,376,131,146,147,174,463,757,257,227,230,301,785,423,47,238,421,261,164,262,110,274,221,186,548,616,1169,232,412,77,452,389,89,207,440,267,92,355,175,320,387,283,415,150,309
556,514,198,109,569,136,564,172,188,213,463,312,1072,345,275,324,450,1034,573,61,329,557,332,231,380,161,411,238,268,709,858,1625,314,513,134,643,552,78,296,628,374,129,461,226,436,542,362,618,216,359
806,812,380,151,978,194,903,281,300,367,757,1072,848,574,475,499,686,1481,902,109,467,944,535,359,601,231,592,412,446,1159,1380,2591,506,856,228,992,864,178,470,1012,610,166,703,367,745,876,588,957,353,568
384,297,151,55,317,74,316,81,115,138,257,345,574,118,192,186,220,575,316,47,174,318,205,135,212,89,221,150,146,390,511,905,181,296,65,356,309,54,147,353,222,72,250,122,261,313,201,324,129,243
300,216,105,46,287,46,262,78,75,130,227,275,475,192,63,129,181,490,272,31,135,288,153,102,166,73,168,133,143,341,389,708,133,265,57,272,247,47,146,276,177,40,214,94,218,238,163,288,108,213
353,220,106,54,307,59,284,91,86,123,230,324,499,186,129,70,204,505,325,35,137,311,170,111,171,86,187,137,164,350,437,764,179,303,64,290,275,49,148,300,176,58,244,92,245,242,176,311,93,196
365,308,169,59,360,85,359,123,118,141,301,450,686,220,181,204,138,673,368,39,203,378,234,142,217,81,232,146,162,466,552,1062,188,337,89,381,362,73,189,362,239,80,269,125,286,313,211,405,130,252
797,810,398,150,981,200,879,268,317,379,785,1034,1481,575,490,505,673,824,918,114,501,907,537,368,586,232,630,408,440,1129,1352,2488,528,895,211,982,871,162,488,978,608,166,686,344,745,890,544,1029,350,589
513,470,205,88,509,105,502,157,175,183,423,573,902,316,272,325,368,918,260,61,275,476,324,222,315,108,342,206,248,653,734,1406,308,467,119,563,449,92,278,538,339,101,402,214,396,479,331,504,180,343
64,43,21,17,64,14,63,13,19,30,47,61,109,47,31,35,39,114,61,6,34,64,42,23,45,11,29,24,27,79,99,173,38,60,15,53,73,12,36,67,43,11,51,29,52,66,41,69,27,45
308,239,95,39,267,51,252,78,80,120,238,329,467,174,135,137,203,501,275,34,101,291,161,128,197,64,171,118,133,311,416,784,132,234,63,266,243,49,140,271,191,64,200,101,212,258,168,287,109,173
511,433,197,78,520,118,523,178,197,189,421,557,944,318,288,311,378,907,476,64,291,246,300,200,308,114,316,235,252,686,763,1424,305,493,117,563,449,81,291,539,359,110,398,217,405,482,331,538,181,370
326,239,103,60,312,70,265,106,100,122,261,332,535,205,153,170,234,537,324,42,161,300,94,105,177,79,199,136,149,371,453,822,151,262,65,322,281,45,175,319,190,68,208,103,221,273,178,321,117,215
225,177,73,26,212,41,196,58,77,75,164,231,359,135,102,111,142,368,222,23,128,200,105,48,121,56,139,99,83,279,324,551,100,195,44,211,196,34,110,206,135,43,158,69,144,198,134,228,70,137
342,251,155,62,346,73,308,99,119,145,262,380,601,212,166,171,217,586,315,45,197,308,177,121,96,82,197,171,147,425,490,944,176,312,78,314,325,48,160,369,230,62,270,131,235,302,206,349,110,207
142,99,57,13,118,27,109,38,42,62,110,161,231,89,73,86,81,232,108,11,64,114,79,56,82,13,71,49,57,174,205,370,80,112,32,139,118,14,63,146,93,15,119,48,93,117,77,121,44,93
376,284,117,50,300,76,322,92,99,123,274,411,592,221,168,187,232,630,342,29,171,316,199,139,197,71,111,148,167,429,499,998,187,322,86,372,310,55,178,337,229,80,265,112,256,356,204,355,128,228
262,199,91,41,244,51,232,71,89,115,221,238,412,150,133,137,146,408,206,24,118,235,136,99,171,49,148,69,125,259,370,654,154,221,48,248,204,44,122,273,125,49,183,108,211,237,151,241,97,159
307,194,99,51,235,65,233,77,81,96,186,268,446,146,143,164,162,440,248,27,133,252,149,83,147,57,167,125,67,303,361,736,123,238,55,248,244,40,136,270,166,58,210,99,182,236,164,250,81,173
607,555,247,108,654,147,641,187,218,260,548,709,1159,390,341,350,466,1129,653,79,311,686,371,279,425,174,429,259,303,386,1003,1931,367,600,139,680,640,121,339,708,431,130,476,254,507,650,395,678,259,429
661,654,308,123,759,175,716,215,256,271,616,858,1380,511,389,437,552,1352,734,99,416,763,453,324,490,205,499,370,361,1003,543,2163,421,725,189,837,744,135,381,832,536,144,604,285,614,727,483,768,268,485
1199,1288,594,206,1450,290,1365,433,447,556,1169,1625,2591,905,708,764,1062,2488,1406,173,784,1424,822,551,944,370,998,654,736,1931,2163,1950,713,1330,335,1546,1345,261,723,1581,934,283,1003,555,1102,1361,902,1476,512,929
222,235,107,39,328,57,245,87,97,107,232,314,506,181,133,179,188,528,308,38,132,305,151,100,176,80,187,154,123,367,421,713,69,265,69,271,232,49,141,308,190,66,184,96,205,247,183,271,114,179
490,423,173,89,472,114,447,156,161,199,412,513,856,296,265,303,337,895,467,60,234,493,262,195,312,112,322,221,238,600,725,1330,265,225,110,510,460,76,264,499,310,96,360,180,374,442,323,519,184,322
115,101,44,21,112,31,114,35,37,39,77,134,228,65,57,64,89,211,119,15,63,117,65,44,78,32,86,48,55,139,189,335,69,110,12,122,109,21,66,112,70,22,77,43,94,118,65,129,43,81
515,430,217,89,550,112,483,150,182,209,452,643,992,356,272,290,381,982,563,53,266,563,322,211,314,139,372,248,248,680,837,1546,271,510,122,267,530,99,285,570,357,123,404,206,441,502,305,594,180,356
505,433,192,95,472,109,441,132,140,192,389,552,864,309,247,275,362,871,449,73,243,449,281,196,325,118,310,204,244,640,744,1345,232,460,109,530,233,64,234,516,327,103,371,176,381,413,296,516,184,307
96,79,35,11,76,17,74,24,29,42,89,78,178,54,47,49,73,162,92,12,49,81,45,34,48,14,55,44,40,121,135,261,49,76,21,99,64,7,42,94,61,16,64,29,60,71,44,81,29,54
267,192,111,43,273,50,250,74,97,102,207,296,470,147,146,148,189,488,278,36,140,291,175,110,160,63,178,122,136,339,381,723,141,264,66,285,234,42,63,269,179,56,184,85,220,217,169,292,100,153
462,450,210,96,527,140,530,169,174,196,440,628,1012,353,276,300,362,978,538,67,271,539,319,206,369,146,337,273,270,708,832,1581,308,499,112,570,516,94,269,280,363,103,395,196,422,543,341,589,182,359
336,304,155,50,344,73,328,93,100,135,267,374,610,222,177,176,239,608,339,43,191,359,190,135,230,93,229,125,166,431,536,934,190,310,70,357,327,61,179,363,142,69,261,145,250,291,198,357,114,219
110,97,34,19,114,27,89,28,41,35,92,129,166,72,40,58,80,166,101,11,64,110,68,43,62,15,80,49,58,130,144,283,66,96,22,123,103,16,56,103,69,9,70,32,80,84,59,99,33,74
395,334,160,55,426,79,376,116,130,149,355,461,703,250,214,244,269,686,402,51,200,398,208,158,270,119,265,183,210,476,604,1003,184,360,77,404,371,64,184,395,261,70,138,148,339,345,227,384,140,271
172,149,68,27,213,48,178,49,58,77,175,226,367,122,94,92,125,344,214,29,101,217,103,69,131,48,112,108,99,254,285,555,96,180,43,206,176,29,85,196,145,32,148,36,144,185,122,212,80,122
447,317,166,70,404,88,372,128,150,158,320,436,745,261,218,245,286,745,396,52,212,405,221,144,235,93,256,211,182,507,614,1102,205,374,94,441,381,60,220,422,250,80,339,144,159,394,262,434,148,272
433,456,178,77,472,97,431,112,155,177,387,542,876,313,238,242,313,890,479,66,258,482,273,198,302,117,356,237,236,650,727,1361,247,442,118,502,413,71,217,543,291,84,345,185,394,213,299,521,193,300
347,272,132,44,355,78,330,102,107,132,283,362,588,201,163,176,211,544,331,41,168,331,178,134,206,77,204,151,164,395,483,902,183,323,65,305,296,44,169,341,198,59,227,122,262,299,80,352,116,222
499,463,216,89,552,107,501,169,178,203,415,618,957,324,288,311,405,1029,504,69,287,538,321,228,349,121,355,241,250,678,768,1476,271,519,129,594,516,81,292,589,357,99,384,212,434,521,352,267,197,382
173,140,77,35,198,36,157,63,57,87,150,216,353,129,108,93,130,350,180,27,109,181,117,70,110,44,128,97,81,259,268,512,114,184,43,180,184,29,100,182,114,33,140,80,148,193,116,197,41,141
360,295,162,71,352,80,310,101,127,141,309,359,568,243,213,196,252,589,343,45,173,370,215,137,207,93,228,159,173,429,485,929,179,322,81,356,307,54,153,359,219,74,271,122,272,300,222,382,141,110
