263,455,215,92,478,106,469,163,170,245,404,475,818,374,335,363,372,794,513,59,361,492,330,207,366,157,389,272,294,626,670,1140,234,496,108,518,453,86,227,461,278,117,356,168,433,401,334,471,152,341
455,184,182,82,442,91,438,104,132,158,342,501,728,281,228,240,283,757,451,50,247,472,246,155,263,95,269,226,218,520,693,1194,238,434,99,469,427,81,196,450,242,80,344,165,340,407,260,488,164,273
215,182,24,44,197,44,209,43,65,78,162,249,347,129,89,93,151,355,187,21,108,195,100,72,133,56,109,90,108,236,327,582,99,183,47,228,190,39,91,230,138,30,166,68,137,180,123,241,78,128
92,82,44,6,88,17,70,17,34,40,77,103,153,52,36,46,54,144,73,9,58,77,49,31,47,31,67,39,41,102,120,211,47,71,14,87,80,13,36,80,45,18,60,39,65,69,43,88,30,58
478,442,197,88,256,106,490,162,158,228,438,572,897,354,269,285,340,910,509,54,300,524,297,196,322,130,314,224,279,642,718,1425,265,466,134,544,453,91,272,511,320,99,402,191,399,477,308,548,183,334
106,91,44,17,106,13,84,25,38,46,87,119,192,71,51,61,80,195,111,13,77,101,70,41,65,35,83,56,64,149,159,266,49,93,17,122,111,16,56,101,58,18,77,45,88,93,64,119,34,61
469,438,209,70,490,84,231,124,156,229,429,558,830,321,249,270,323,860,455,65,271,447,280,173,321,145,363,238,237,599,688,1316,231,432,107,523,458,74,223,518,305,100,351,184,407,472,303,515,172,324
163,104,43,17,162,25,124,24,60,64,127,172,281,90,76,82,107,276,165,15,91,174,79,72,90,39,106,58,80,188,266,447,76,137,31,157,118,27,77,152,96,32,125,50,102,133,91,181,62,102
170,132,65,34,158,38,156,60,19,74,127,163,290,106,82,90,121,308,170,28,91,163,117,67,101,44,109,79,77,203,253,478,86,151,39,172,160,34,87,177,120,30,107,64,157,170,95,181,70,109
245,158,78,40,228,46,229,64,74,68,206,210,372,142,123,123,149,377,202,28,114,188,115,79,146,64,147,108,115,249,311,570,120,190,51,225,203,42,102,199,132,47,140,80,182,197,152,230,75,148
404,342,162,77,438,87,429,127,127,206,209,479,763,257,234,246,323,790,412,48,237,385,260,153,288,122,296,225,243,503,576,1136,221,399,114,466,373,77,215,397,293,84,320,169,341,378,282,448,174,303
475,501,249,103,572,119,558,172,163,210,479,279,950,376,271,318,391,976,543,58,296,573,311,236,367,128,338,275,272,747,844,1510,316,519,143,585,545,88,258,604,377,98,423,225,441,510,357,576,194,368
818,728,347,153,897,192,830,281,290,372,763,950,757,612,465,517,649,1367,909,103,497,920,520,357,609,227,609,452,473,1116,1316,2391,459,807,199,946,879,131,441,965,525,190,634,355,737,812,583,922,309,617
374,281,129,52,354,71,321,90,106,142,257,376,612,99,168,191,220,632,320,48,194,309,199,129,212,104,232,147,167,426,479,941,178,293,80,322,323,45,161,363,218,73,255,110,280,303,189,333,129,207
335,228,89,36,269,51,249,76,82,123,234,271,465,168,58,140,173,487,275,33,130,278,137,114,177,66,178,129,135,340,405,771,136,232,55,278,252,31,130,289,213,53,225,119,213,271,160,296,92,204
363,240,93,46,285,61,270,82,90,123,246,318,517,191,140,80,202,501,288,39,147,290,145,111,186,63,176,138,161,333,414,813,152,257,64,303,285,40,147,307,206,47,231,118,228,270,159,304,120,202
372,283,151,54,340,80,323,107,121,149,323,391,649,220,173,202,121,633,360,42,203,362,217,144,213,94,251,180,175,448,534,980,192,317,80,352,349,61,152,363,225,81,276,125,270,334,220,359,120,253
794,757,355,144,910,195,860,276,308,377,790,976,1367,632,487,501,633,741,894,117,473,918,523,396,608,224,619,454,493,1064,1294,2316,461,894,201,911,868,143,436,968,582,195,629,350,709,831,578,927,314,604
513,451,187,73,509,111,455,165,170,202,412,543,909,320,275,288,360,894,258,64,274,492,317,189,285,128,335,228,262,599,786,1416,283,459,120,553,478,90,260,515,327,105,382,193,387,473,309,517,177,334
59,50,21,9,54,13,65,15,28,28,48,58,103,48,33,39,42,117,64,4,39,62,37,28,46,27,59,26,36,77,90,173,28,66,16,62,59,11,28,51,34,9,53,24,57,58,40,75,33,41
361,247,108,58,300,77,271,91,91,114,237,296,497,194,130,147,203,473,274,39,74,306,145,109,169,74,187,131,137,345,425,746,151,281,62,273,267,31,145,329,194,57,222,100,222,271,154,279,109,198
492,472,195,77,524,101,447,174,163,188,385,573,920,309,278,290,362,918,492,62,306,238,307,215,312,141,379,233,269,636,775,1424,257,439,127,517,458,71,272,542,306,109,393,196,414,450,312,551,180,351
330,246,100,49,297,70,280,79,117,115,260,311,520,199,137,145,217,523,317,37,145,307,88,131,190,78,210,145,139,369,438,796,156,285,61,293,290,47,147,319,225,76,213,125,232,274,201,290,113,228
207,155,72,31,196,41,173,72,67,79,153,236,357,129,114,111,144,396,189,28,109,215,131,40,123,50,119,89,116,272,304,577,96,175,50,201,174,35,100,206,135,43,182,80,181,188,137,226,87,121
366,263,133,47,322,65,321,90,101,146,288,367,609,212,177,186,213,608,285,46,169,312,190,123,95,78,190,145,172,435,486,916,194,275,61,366,320,51,167,348,200,70,220,121,236,329,210,343,119,194
157,95,56,31,130,35,145,39,44,64,122,128,227,104,66,63,94,224,128,27,74,141,78,50,78,17,82,66,64,188,205,352,70,128,27,133,122,17,68,132,84,28,88,50,100,115,88,134,46,97
389,269,109,67,314,83,363,106,109,147,296,338,609,232,178,176,251,619,335,59,187,379,210,119,190,82,110,150,169,454,530,938,182,321,69,357,305,53,178,372,221,61,246,128,251,333,211,372,135,238
272,226,90,39,224,56,238,58,79,108,225,275,452,147,129,138,180,454,228,26,131,233,145,89,145,66,150,48,135,301,367,700,146,239,55,254,240,59,114,273,149,51,195,85,182,229,154,264,81,175
294,218,108,41,279,64,237,80,77,115,243,272,473,167,135,161,175,493,262,36,137,269,139,116,172,64,169,135,61,304,435,735,120,230,53,231,246,36,116,307,171,53,204,86,198,248,159,278,85,180
626,520,236,102,642,149,599,188,203,249,503,747,1116,426,340,333,448,1064,599,77,345,636,369,272,435,188,454,301,304,410,941,1775,352,586,141,650,571,113,281,645,418,116,476,233,515,594,367,646,228,414
670,693,327,120,718,159,688,266,253,311,576,844,1316,479,405,414,534,1294,786,90,425,775,438,304,486,205,530,367,435,941,594,2040,396,667,173,781,688,122,377,768,487,153,563,297,621,657,477,765,278,534
1140,1194,582,211,1425,266,1316,447,478,570,1136,1510,2391,941,771,813,980,2316,1416,173,746,1424,796,577,916,352,938,700,735,1775,2040,1822,668,1275,305,1431,1288,242,653,1441,868,299,1018,555,1132,1304,877,1412,506,927
234,238,99,47,265,49,231,76,86,120,221,316,459,178,136,152,192,461,283,28,151,257,156,96,194,70,182,146,120,352,396,668,62,228,60,298,236,35,123,310,165,60,207,125,211,256,181,286,101,202
496,434,183,71,466,93,432,137,151,190,399,519,807,293,232,257,317,894,459,66,281,439,285,175,275,128,321,239,230,586,667,1275,228,218,117,478,436,87,218,492,314,78,330,177,372,425,263,487,184,312
108,99,47,14,134,17,107,31,39,51,114,143,199,80,55,64,80,201,120,16,62,127,61,50,61,27,69,55,53,141,173,305,60,117,18,132,116,30,53,143,82,33,70,42,78,112,61,125,41,60
518,469,228,87,544,122,523,157,172,225,466,585,946,322,278,303,352,911,553,62,273,517,293,201,366,133,357,254,231,650,781,1431,298,478,132,283,471,87,252,569,368,89,382,184,407,484,319,558,187,336
453,427,190,80,453,111,458,118,160,203,373,545,879,323,252,285,349,868,478,59,267,458,290,174,320,122,305,240,246,571,688,1288,236,436,116,471,229,77,219,499,276,97,366,178,408,403,296,493,178,310
86,81,39,13,91,16,74,27,34,42,77,88,131,45,31,40,61,143,90,11,31,71,47,35,51,17,53,59,36,113,122,242,35,87,30,87,77,5,40,98,53,18,69,31,72,84,41,84,35,59
227,196,91,36,272,56,223,77,87,102,215,258,441,161,130,147,152,436,260,28,145,272,147,100,167,68,178,114,116,281,377,653,123,218,53,252,219,40,52,265,161,50,214,85,183,235,155,271,88,145
461,450,230,80,511,101,518,152,177,199,397,604,965,363,289,307,363,968,515,51,329,542,319,206,348,132,372,273,307,645,768,1441,310,492,143,569,499,98,265,271,337,106,401,194,458,469,332,562,211,358
278,242,138,45,320,58,305,96,120,132,293,377,525,218,213,206,225,582,327,34,194,306,225,135,200,84,221,149,171,418,487,868,165,314,82,368,276,53,161,337,112,62,269,121,270,298,187,322,121,218
117,80,30,18,99,18,100,32,30,47,84,98,190,73,53,47,81,195,105,9,57,109,76,43,70,28,61,51,53,116,153,299,60,78,33,89,97,18,50,106,62,10,79,36,83,85,64,101,47,76
356,344,166,60,402,77,351,125,107,140,320,423,634,255,225,231,276,629,382,53,222,393,213,182,220,88,246,195,204,476,563,1018,207,330,70,382,366,69,214,401,269,79,112,137,288,349,224,373,114,258
168,165,68,39,191,45,184,50,64,80,169,225,355,110,119,118,125,350,193,24,100,196,125,80,121,50,128,85,86,233,297,555,125,177,42,184,178,31,85,194,121,36,137,31,153,164,131,188,74,126
433,340,137,65,399,88,407,102,157,182,341,441,737,280,213,228,270,709,387,57,222,414,232,181,236,100,251,182,198,515,621,1132,211,372,78,407,408,72,183,458,270,83,288,153,164,369,236,437,140,260
401,407,180,69,477,93,472,133,170,197,378,510,812,303,271,270,334,831,473,58,271,450,274,188,329,115,333,229,248,594,657,1304,256,425,112,484,403,84,235,469,298,85,349,164,369,224,282,432,184,322
334,260,123,43,308,64,303,91,95,152,282,357,583,189,160,159,220,578,309,40,154,312,201,137,210,88,211,154,159,367,477,877,181,263,61,319,296,41,155,332,187,64,224,131,236,282,102,353,108,218
471,488,241,88,548,119,515,181,181,230,448,576,922,333,296,304,359,927,517,75,279,551,290,226,343,134,372,264,278,646,765,1412,286,487,125,558,493,84,271,562,322,101,373,188,437,432,353,277,197,347
152,164,78,30,183,34,172,62,70,75,174,194,309,129,92,120,120,314,177,33,109,180,113,87,119,46,135,81,85,228,278,506,101,184,41,187,178,35,88,211,121,47,114,74,140,184,108,197,32,133
341,273,128,58,334,61,324,102,109,148,303,368,617,207,204,202,253,604,334,41,198,351,228,121,194,97,238,175,180,414,534,927,202,312,60,336,310,59,145,358,218,76,258,126,260,322,218,347,133,114
