269,445,196,89,502,109,454,176,162,231,421,476,780,333,320,336,365,845,525,71,306,524,386,211,366,148,388,286,291,607,694,1162,267,489,122,496,456,89,235,489,322,99,332,179,419,425,322,481,169,390
445,205,144,69,407,104,442,129,134,170,354,475,795,265,238,247,328,803,430,51,226,489,278,171,298,98,283,228,209,555,710,1187,235,442,97,449,400,77,211,461,278,98,305,153,362,418,301,450,161,316
196,144,35,22,217,32,188,47,62,66,141,256,374,123,105,115,133,376,203,18,94,205,119,78,118,39,132,106,115,227,303,555,96,191,39,206,176,33,108,219,122,50,149,73,157,199,129,231,72,126
89,69,22,3,94,16,82,30,32,37,85,88,140,52,66,55,66,142,94,9,52,86,60,32,58,19,58,41,44,117,133,210,37,80,18,94,86,15,39,88,59,17,65,26,65,72,48,98,25,59
502,407,217,94,243,100,479,147,170,187,431,574,932,365,263,296,375,908,504,64,310,505,317,198,336,124,361,239,230,638,776,1399,285,460,128,516,465,77,243,514,333,117,396,179,438,470,320,545,216,333
109,104,32,16,100,15,116,38,39,59,113,122,196,71,68,65,88,191,88,18,65,96,70,43,61,35,77,49,64,130,186,309,47,99,21,115,121,26,62,112,58,24,69,39,99,94,74,126,36,73
454,442,188,82,479,116,244,149,161,192,415,521,887,289,277,279,324,893,473,69,281,505,294,190,317,136,349,246,258,615,757,1377,263,476,130,512,475,87,225,535,328,109,320,157,350,431,310,476,188,351
176,129,47,30,147,38,149,23,53,62,121,160,283,99,81,106,103,267,160,12,99,167,101,53,93,44,99,71,76,204,244,442,82,140,38,142,142,23,69,154,105,26,129,58,157,153,110,159,55,95
162,134,62,32,170,39,161,53,23,63,161,178,313,97,78,95,105,316,153,25,96,172,92,48,92,43,95,74,91,193,234,461,76,163,41,176,155,28,84,183,100,29,123,67,106,148,104,177,65,119
231,170,66,37,187,59,192,62,63,41,152,209,374,137,116,108,164,365,203,19,126,204,136,85,146,60,134,111,107,248,315,602,108,185,51,211,197,35,111,214,129,46,167,70,164,201,141,233,82,144
421,354,141,85,431,113,415,121,161,152,172,473,729,276,233,227,322,744,414,55,222,415,263,170,290,110,279,223,223,521,633,1162,227,412,119,432,409,60,215,464,298,84,291,156,328,420,282,481,160,297
476,475,256,88,574,122,521,160,178,209,473,319,985,339,304,331,395,993,538,71,350,549,328,227,373,137,361,261,276,707,877,1570,303,514,124,597,521,78,258,609,375,118,398,200,459,528,338,553,187,368
780,795,374,140,932,196,887,283,313,374,729,985,751,584,516,572,661,1402,885,112,500,911,535,364,571,244,599,455,476,1111,1347,2389,464,846,174,1002,870,146,434,941,568,177,698,349,742,798,578,974,292,587
333,265,123,52,365,71,289,99,97,137,276,339,584,112,160,170,228,599,346,30,188,333,184,149,211,106,217,160,170,437,520,922,164,331,70,309,305,57,166,380,215,73,276,98,242,297,194,354,113,214
320,238,105,66,263,68,277,81,78,116,233,304,516,160,74,164,163,502,256,38,134,272,149,131,163,65,173,131,136,326,387,741,141,274,62,278,285,44,123,312,171,57,235,100,221,261,176,268,103,187
336,247,115,55,296,65,279,106,95,108,227,331,572,170,164,101,169,538,284,28,145,283,184,130,178,83,176,129,124,368,432,883,159,283,66,300,271,43,135,347,193,63,215,107,225,289,194,305,126,189
365,328,133,66,375,88,324,103,105,164,322,395,661,228,163,169,109,663,383,54,223,405,215,147,225,86,242,170,192,442,549,1036,186,326,81,381,323,61,176,376,224,79,270,116,245,364,225,343,133,234
845,803,376,142,908,191,893,267,316,365,744,993,1402,599,502,538,663,772,943,100,492,887,539,352,590,251,623,410,459,1100,1372,2381,476,832,189,963,827,149,443,919,566,189,677,333,685,809,569,964,299,610
525,430,203,94,504,88,473,160,153,203,414,538,885,346,256,284,383,943,261,63,306,504,316,240,356,109,332,248,259,662,720,1406,268,465,107,552,474,79,243,564,361,115,378,186,427,464,338,518,164,334
71,51,18,9,64,18,69,12,25,19,55,71,112,30,38,28,54,100,63,2,25,59,28,16,35,13,37,30,19,71,92,189,31,52,7,66,54,10,17,72,41,15,44,24,45,71,38,73,18,37
306,226,94,52,310,65,281,99,96,126,222,350,500,188,134,145,223,492,306,25,67,316,171,109,171,69,163,113,114,344,404,774,135,261,56,282,270,42,174,317,203,43,237,124,200,257,169,302,107,189
524,489,205,86,505,96,505,167,172,204,415,549,911,333,272,283,405,887,504,59,316,286,321,190,355,123,371,264,260,647,737,1401,279,482,121,592,493,93,265,542,359,134,394,197,410,464,343,555,210,396
386,278,119,60,317,70,294,101,92,136,263,328,535,184,149,184,215,539,316,28,171,321,104,118,203,75,208,147,131,350,443,871,174,309,64,303,289,45,145,332,177,65,247,106,240,297,195,312,105,187
211,171,78,32,198,43,190,53,48,85,170,227,364,149,131,130,147,352,240,16,109,190,118,47,126,52,143,115,102,260,293,507,103,198,54,218,198,29,82,193,145,37,163,80,162,174,120,207,77,155
366,298,118,58,336,61,317,93,92,146,290,373,571,211,163,178,225,590,356,35,171,355,203,126,112,83,211,153,163,387,534,901,179,352,79,308,310,58,168,378,207,61,262,118,259,309,232,341,115,229
148,98,39,19,124,35,136,44,43,60,110,137,244,106,65,83,86,251,109,13,69,123,75,52,83,8,68,55,77,141,186,364,73,102,22,126,120,21,55,122,78,19,114,50,92,132,77,129,50,86
388,283,132,58,361,77,349,99,95,134,279,361,599,217,173,176,242,623,332,37,163,371,208,143,211,68,100,157,157,410,493,893,177,344,93,369,328,55,153,357,234,47,265,146,284,344,200,351,132,216
286,228,106,41,239,49,246,71,74,111,223,261,455,160,131,129,170,410,248,30,113,264,147,115,153,55,157,46,115,276,339,698,118,205,56,252,195,37,131,273,147,52,184,85,210,218,164,242,103,159
291,209,115,44,230,64,258,76,91,107,223,276,476,170,136,124,192,459,259,19,114,260,131,102,163,77,157,115,55,332,387,717,145,246,55,267,242,31,131,275,168,49,186,95,207,229,133,271,106,169
607,555,227,117,638,130,615,204,193,248,521,707,1111,437,326,368,442,1100,662,71,344,647,350,260,387,141,410,276,332,385,961,1752,327,591,145,678,577,118,335,660,394,116,505,236,486,624,364,682,226,438
694,710,303,133,776,186,757,244,234,315,633,877,1347,520,387,432,549,1372,720,92,404,737,443,293,534,186,493,339,387,961,519,1975,409,704,169,828,753,135,371,781,487,165,560,267,576,673,463,787,263,498
1162,1187,555,210,1399,309,1377,442,461,602,1162,1570,2389,922,741,883,1036,2381,1406,189,774,1401,871,507,901,364,893,698,717,1752,1975,1888,754,1283,294,1586,1289,241,720,1505,879,288,1080,533,1111,1222,911,1471,508,928
267,235,96,37,285,47,263,82,76,108,227,303,464,164,141,159,186,476,268,31,135,279,174,103,179,73,177,118,145,327,409,754,75,259,60,319,235,39,109,298,154,53,220,100,249,252,164,274,94,182
489,442,191,80,460,99,476,140,163,185,412,514,846,331,274,283,326,832,465,52,261,482,309,198,352,102,344,205,246,591,704,1283,259,214,100,465,443,91,222,495,289,103,334,154,403,389,281,518,185,298
122,97,39,18,128,21,130,38,41,51,119,124,174,70,62,66,81,189,107,7,56,121,64,54,79,22,93,56,55,145,169,294,60,100,14,122,102,13,50,121,81,28,90,40,80,85,81,124,40,79
496,449,206,94,516,115,512,142,176,211,432,597,1002,309,278,300,381,963,552,66,282,592,303,218,308,126,369,252,267,678,828,1586,319,465,122,245,500,90,283,600,357,103,410,186,403,501,312,556,214,336
456,400,176,86,465,121,475,142,155,197,409,521,870,305,285,271,323,827,474,54,270,493,289,198,310,120,328,195,242,577,753,1289,235,443,102,500,231,80,221,483,313,98,337,167,351,411,296,478,161,309
89,77,33,15,77,26,87,23,28,35,60,78,146,57,44,43,61,149,79,10,42,93,45,29,58,21,55,37,31,118,135,241,39,91,13,90,80,7,33,84,54,21,58,29,71,74,56,94,19,74
235,211,108,39,243,62,225,69,84,111,215,258,434,166,123,135,176,443,243,17,174,265,145,82,168,55,153,131,131,335,371,720,109,222,50,283,221,33,55,258,166,42,193,93,204,223,150,247,92,154
489,461,219,88,514,112,535,154,183,214,464,609,941,380,312,347,376,919,564,72,317,542,332,193,378,122,357,273,275,660,781,1505,298,495,121,600,483,84,258,261,368,121,408,189,428,429,356,552,216,379
322,278,122,59,333,58,328,105,100,129,298,375,568,215,171,193,224,566,361,41,203,359,177,145,207,78,234,147,168,394,487,879,154,289,81,357,313,54,166,368,121,83,273,131,274,274,218,326,146,227
99,98,50,17,117,24,109,26,29,46,84,118,177,73,57,63,79,189,115,15,43,134,65,37,61,19,47,52,49,116,165,288,53,103,28,103,98,21,42,121,83,5,88,41,96,86,55,111,38,56
332,305,149,65,396,69,320,129,123,167,291,398,698,276,235,215,270,677,378,44,237,394,247,163,262,114,265,184,186,505,560,1080,220,334,90,410,337,58,193,408,273,88,144,127,334,352,254,395,126,239
179,153,73,26,179,39,157,58,67,70,156,200,349,98,100,107,116,333,186,24,124,197,106,80,118,50,146,85,95,236,267,533,100,154,40,186,167,29,93,189,131,41,127,28,147,179,119,178,78,106
419,362,157,65,438,99,350,157,106,164,328,459,742,242,221,225,245,685,427,45,200,410,240,162,259,92,284,210,207,486,576,1111,249,403,80,403,351,71,204,428,274,96,334,147,152,371,262,393,150,285
425,418,199,72,470,94,431,153,148,201,420,528,798,297,261,289,364,809,464,71,257,464,297,174,309,132,344,218,229,624,673,1222,252,389,85,501,411,74,223,429,274,86,352,179,371,209,270,456,145,317
322,301,129,48,320,74,310,110,104,141,282,338,578,194,176,194,225,569,338,38,169,343,195,120,232,77,200,164,133,364,463,911,164,281,81,312,296,56,150,356,218,55,254,119,262,270,95,311,133,231
481,450,231,98,545,126,476,159,177,233,481,553,974,354,268,305,343,964,518,73,302,555,312,207,341,129,351,242,271,682,787,1471,274,518,124,556,478,94,247,552,326,111,395,178,393,456,311,239,183,297
169,161,72,25,216,36,188,55,65,82,160,187,292,113,103,126,133,299,164,18,107,210,105,77,115,50,132,103,106,226,263,508,94,185,40,214,161,19,92,216,146,38,126,78,150,145,133,183,39,130
390,316,126,59,333,73,351,95,119,144,297,368,587,214,187,189,234,610,334,37,189,396,187,155,229,86,216,159,169,438,498,928,182,298,79,336,309,74,154,379,227,56,239,106,285,317,231,297,130,109
