262,435,225,94,504,118,492,164,170,241,470,517,888,403,333,362,360,871,553,66,332,553,355,192,342,160,392,294,304,639,720,1181,265,491,123,510,505,95,214,482,322,116,414,165,448,432,346,475,179,382
435,204,183,84,448,106,405,133,145,184,389,492,802,269,247,229,323,786,483,47,235,449,252,169,247,99,282,178,225,526,698,1223,259,400,100,431,419,75,207,493,261,85,324,191,373,428,290,436,163,282
225,183,42,34,196,46,206,56,79,79,180,223,361,130,105,115,145,329,195,34,100,207,125,77,133,40,119,91,89,222,315,603,121,211,39,220,198,30,93,216,109,42,147,82,163,183,138,194,76,131
94,84,34,5,96,19,81,33,27,31,66,101,153,67,41,63,66,157,96,9,41,88,51,26,62,26,55,50,49,105,139,227,40,78,21,94,75,16,41,85,48,22,66,34,72,74,65,73,22,59
504,448,196,96,269,103,491,159,180,198,451,567,921,333,294,284,358,960,548,64,281,524,274,229,332,130,361,221,242,687,806,1425,269,479,127,516,471,78,274,543,320,92,406,203,409,472,343,554,210,345
118,106,46,19,103,13,115,38,40,31,100,130,218,75,49,75,84,206,127,8,62,104,69,45,90,31,82,60,58,133,186,288,52,108,23,121,104,18,51,126,71,21,70,48,103,112,70,113,45,82
492,405,206,81,491,115,227,167,162,196,454,567,919,339,254,284,361,920,488,63,254,483,298,188,316,121,325,204,243,618,712,1407,259,464,114,493,429,78,238,476,283,97,364,191,376,467,333,475,179,352
164,133,56,33,159,38,167,23,45,56,128,149,284,114,89,103,115,280,153,14,92,163,105,61,113,43,110,82,77,191,236,417,75,141,30,166,163,20,60,172,89,30,111,62,141,146,119,151,56,97
170,145,79,27,180,40,162,45,25,70,141,191,298,121,97,101,111,298,158,22,98,175,105,64,111,37,117,74,86,207,236,453,103,171,28,152,170,24,86,162,112,33,106,68,129,147,105,175,58,102
241,184,79,31,198,31,196,56,70,51,180,225,348,154,114,122,146,355,205,21,123,219,118,93,137,61,142,104,102,262,319,564,97,193,61,224,201,30,100,195,131,45,162,89,175,178,134,202,81,147
470,389,180,66,451,100,454,128,141,180,193,450,745,292,240,251,325,744,435,47,252,454,253,167,274,112,290,224,209,558,658,1149,219,464,117,458,437,78,190,427,287,98,309,185,368,378,259,417,172,293
517,492,223,101,567,130,567,149,191,225,450,348,1017,364,256,280,419,1019,543,80,299,593,350,240,396,144,387,251,257,701,853,1685,303,538,145,612,523,98,278,635,365,109,418,228,474,526,369,614,215,361
888,802,361,153,921,218,919,284,298,348,745,1017,814,594,465,513,666,1493,944,124,490,977,567,358,618,212,619,433,452,1126,1383,2466,482,850,201,1005,851,159,447,1000,651,195,688,356,755,851,640,958,329,621
403,269,130,67,333,75,339,114,121,154,292,364,594,134,167,183,259,565,363,41,178,329,187,148,206,94,242,151,176,377,521,932,164,313,63,355,294,47,152,312,211,70,252,117,253,284,200,346,114,226
333,247,105,41,294,49,254,89,97,114,240,256,465,167,74,151,173,458,259,35,152,266,153,117,185,57,171,127,137,306,384,743,150,223,67,303,257,55,143,295,185,50,195,102,209,255,168,289,107,178
362,229,115,63,284,75,284,103,101,122,251,280,513,183,151,87,191,486,279,31,159,258,165,116,170,64,190,147,142,346,423,806,157,264,70,280,295,56,144,306,199,63,231,94,231,274,155,299,103,188
360,323,145,66,358,84,361,115,111,146,325,419,666,259,173,191,132,654,348,38,216,370,222,169,255,70,234,172,193,492,516,1007,206,322,74,370,346,63,171,365,216,63,283,145,306,309,242,367,146,235
871,786,329,157,960,206,920,280,298,355,744,1019,1493,565,458,486,654,844,931,128,493,964,569,381,596,217,621,454,473,1202,1373,2444,478,866,210,967,828,150,476,1001,645,212,681,352,723,864,612,949,314,609
553,483,195,96,548,127,488,153,158,205,435,543,944,363,259,279,348,931,258,64,306,494,311,202,337,121,350,250,244,656,747,1399,283,458,123,519,508,93,232,527,341,108,386,194,439,463,315,502,208,317
66,47,34,9,64,8,63,14,22,21,47,80,124,41,35,31,38,128,64,4,29,77,47,24,43,14,31,29,36,70,90,180,36,51,15,60,63,12,34,73,46,13,56,25,67,57,53,67,23,36
332,235,100,41,281,62,254,92,98,123,252,299,490,178,152,159,216,493,306,29,65,321,181,95,180,67,169,145,136,321,407,798,127,248,65,269,274,51,148,283,187,61,228,109,223,261,188,294,105,203
553,449,207,88,524,104,483,163,175,219,454,593,977,329,266,258,370,964,494,77,321,250,328,195,337,127,333,227,230,693,727,1429,279,454,118,564,487,99,238,551,330,110,406,176,403,435,327,534,210,331
355,252,125,51,274,69,298,105,105,118,253,350,567,187,153,165,222,569,311,47,181,328,92,133,203,69,202,150,153,359,445,811,134,283,74,308,265,45,155,331,198,72,228,130,242,259,174,333,128,190
192,169,77,26,229,45,188,61,64,93,167,240,358,148,117,116,169,381,202,24,95,195,133,51,120,60,148,91,103,262,256,562,113,191,51,206,177,37,86,189,133,37,154,83,152,191,130,203,76,140
342,247,133,62,332,90,316,113,111,137,274,396,618,206,185,170,255,596,337,43,180,337,203,120,107,86,219,147,141,404,465,998,193,328,91,345,333,46,189,351,223,65,234,130,215,301,197,343,137,219
160,99,40,26,130,31,121,43,37,61,112,144,212,94,57,64,70,217,121,14,67,127,69,60,86,17,68,64,72,147,174,328,70,122,28,132,129,20,55,139,100,25,102,54,90,98,77,129,47,86
392,282,119,55,361,82,325,110,117,142,290,387,619,242,171,190,234,621,350,31,169,333,202,148,219,68,113,185,174,428,504,1024,199,303,81,383,297,58,169,365,233,71,269,134,258,307,204,338,133,200
294,178,91,50,221,60,204,82,74,104,224,251,433,151,127,147,172,454,250,29,145,227,150,91,147,64,185,58,108,308,338,658,124,218,59,250,222,41,107,241,154,44,176,81,186,220,148,233,97,166
304,225,89,49,242,58,243,77,86,102,209,257,452,176,137,142,193,473,244,36,136,230,153,103,141,72,174,108,61,298,396,748,137,236,64,245,234,42,109,293,168,51,201,96,183,218,166,237,117,171
639,526,222,105,687,133,618,191,207,262,558,701,1126,377,306,346,492,1202,656,70,321,693,359,262,404,147,428,308,298,417,933,1811,320,591,154,685,591,105,345,687,432,142,516,259,524,625,407,705,234,435
720,698,315,139,806,186,712,236,236,319,658,853,1383,521,384,423,516,1373,747,90,407,727,445,256,465,174,504,338,396,933,560,2143,431,713,169,810,763,149,349,774,512,169,553,288,598,728,440,777,281,488
1181,1223,603,227,1425,288,1407,417,453,564,1149,1685,2466,932,743,806,1007,2444,1399,180,798,1429,811,562,998,328,1024,658,748,1811,2143,1921,743,1293,320,1541,1347,292,678,1587,966,289,1055,515,1140,1339,919,1442,522,962
265,259,121,40,269,52,259,75,103,97,219,303,482,164,150,157,206,478,283,36,127,279,134,113,193,70,199,124,137,320,431,743,75,252,60,333,246,47,144,299,199,65,196,114,202,262,174,285,97,179
491,400,211,78,479,108,464,141,171,193,464,538,850,313,223,264,322,866,458,51,248,454,283,191,328,122,303,218,236,591,713,1293,252,211,108,499,428,79,222,482,296,97,414,172,409,435,327,502,168,328
123,100,39,21,127,23,114,30,28,61,117,145,201,63,67,70,74,210,123,15,65,118,74,51,91,28,81,59,64,154,169,320,60,108,11,136,110,15,65,101,84,29,88,41,93,110,82,131,35,80
510,431,220,94,516,121,493,166,152,224,458,612,1005,355,303,280,370,967,519,60,269,564,308,206,345,132,383,250,245,685,810,1541,333,499,136,266,513,108,249,588,358,116,426,192,405,522,303,568,211,333
505,419,198,75,471,104,429,163,170,201,437,523,851,294,257,295,346,828,508,63,274,487,265,177,333,129,297,222,234,591,763,1347,246,428,110,513,209,89,231,474,319,93,376,158,380,463,293,492,158,339
95,75,30,16,78,18,78,20,24,30,78,98,159,47,55,56,63,150,93,12,51,99,45,37,46,20,58,41,42,105,149,292,47,79,15,108,89,6,43,102,60,22,63,40,59,80,55,98,37,44
214,207,93,41,274,51,238,60,86,100,190,278,447,152,143,144,171,476,232,34,148,238,155,86,189,55,169,107,109,345,349,678,144,222,65,249,231,43,53,255,141,44,207,108,195,241,149,248,97,162
482,493,216,85,543,126,476,172,162,195,427,635,1000,312,295,306,365,1001,527,73,283,551,331,189,351,139,365,241,293,687,774,1587,299,482,101,588,474,102,255,267,336,104,394,194,444,517,341,536,193,374
322,261,109,48,320,71,283,89,112,131,287,365,651,211,185,199,216,645,341,46,187,330,198,133,223,100,233,154,168,432,512,966,199,296,84,358,319,60,141,336,109,77,265,150,297,330,200,322,159,213
116,85,42,22,92,21,97,30,33,45,98,109,195,70,50,63,63,212,108,13,61,110,72,37,65,25,71,44,51,142,169,289,65,97,29,116,93,22,44,104,77,10,86,36,93,106,55,100,30,66
414,324,147,66,406,70,364,111,106,162,309,418,688,252,195,231,283,681,386,56,228,406,228,154,234,102,269,176,201,516,553,1055,196,414,88,426,376,63,207,394,265,86,129,145,315,368,249,408,113,304
165,191,82,34,203,48,191,62,68,89,185,228,356,117,102,94,145,352,194,25,109,176,130,83,130,54,134,81,96,259,288,515,114,172,41,192,158,40,108,194,150,36,145,25,150,178,119,203,59,124
448,373,163,72,409,103,376,141,129,175,368,474,755,253,209,231,306,723,439,67,223,403,242,152,215,90,258,186,183,524,598,1140,202,409,93,405,380,59,195,444,297,93,315,150,132,394,239,429,177,281
432,428,183,74,472,112,467,146,147,178,378,526,851,284,255,274,309,864,463,57,261,435,259,191,301,98,307,220,218,625,728,1339,262,435,110,522,463,80,241,517,330,106,368,178,394,253,273,497,186,305
346,290,138,65,343,70,333,119,105,134,259,369,640,200,168,155,242,612,315,53,188,327,174,130,197,77,204,148,166,407,440,919,174,327,82,303,293,55,149,341,200,55,249,119,239,273,91,379,131,198
475,436,194,73,554,113,475,151,175,202,417,614,958,346,289,299,367,949,502,67,294,534,333,203,343,129,338,233,237,705,777,1442,285,502,131,568,492,98,248,536,322,100,408,203,429,497,379,259,223,375
179,163,76,22,210,45,179,56,58,81,172,215,329,114,107,103,146,314,208,23,105,210,128,76,137,47,133,97,117,234,281,522,97,168,35,211,158,37,97,193,159,30,113,59,177,186,131,223,23,130
382,282,131,59,345,82,352,97,102,147,293,361,621,226,178,188,235,609,317,36,203,331,190,140,219,86,200,166,171,435,488,962,179,328,80,333,339,44,162,374,213,66,304,124,281,305,198,375,130,122
