281,470,256,99,527,106,468,179,169,240,432,527,803,373,307,376,365,830,527,73,340,555,350,199,345,150,395,277,285,650,753,1226,252,518,107,550,471,78,272,506,310,115,343,151,414,457,343,523,132,389
470,158,164,82,455,109,398,137,145,195,376,461,753,265,218,239,316,779,433,50,230,431,240,140,273,120,300,183,235,516,647,1194,234,397,97,471,413,65,229,442,295,86,353,169,367,386,256,421,162,283
256,164,36,26,211,45,193,66,63,94,191,225,359,141,107,112,130,334,203,37,102,209,121,77,129,40,125,95,92,222,309,546,110,218,42,202,175,41,106,211,137,49,158,72,166,178,128,221,73,146
99,82,26,9,85,21,79,34,23,48,91,92,126,59,51,52,73,146,84,9,48,82,61,39,57,19,61,34,50,115,120,219,50,84,22,116,74,14,46,86,53,15,56,40,77,95,52,90,25,64
527,455,211,85,243,117,501,174,165,205,438,584,866,325,282,283,379,906,523,52,307,525,300,218,357,140,364,247,253,640,797,1377,273,471,115,580,487,90,266,603,346,108,361,191,394,481,306,550,193,327
106,109,45,21,117,10,92,40,39,49,101,122,191,82,75,76,77,199,117,14,67,112,69,44,74,31,82,46,56,158,157,274,54,97,27,131,97,17,65,116,82,26,82,38,92,96,73,123,33,68
468,398,193,79,501,92,212,138,147,203,436,551,827,328,248,294,324,876,475,53,268,476,312,169,291,109,294,216,238,648,718,1336,268,437,109,519,484,75,230,502,340,91,363,172,360,421,315,448,181,357
179,137,66,34,174,40,138,26,50,59,120,176,277,89,84,85,115,253,135,19,69,151,75,45,107,29,91,88,71,183,231,416,88,132,34,150,143,21,73,168,115,25,114,59,129,132,99,161,52,95
169,145,63,23,165,39,147,50,28,76,158,205,282,113,95,100,126,273,157,20,75,170,111,79,113,54,115,77,87,224,260,464,94,162,28,173,152,33,79,197,108,38,126,51,137,154,109,155,61,106
240,195,94,48,205,49,203,59,76,39,152,215,366,128,123,131,162,359,208,21,107,210,139,71,143,59,142,99,109,283,308,554,91,182,50,214,191,42,121,206,139,41,134,89,166,202,135,195,94,149
432,376,191,91,438,101,436,120,158,152,191,451,763,262,247,253,316,754,421,53,229,440,300,163,324,135,341,221,192,547,629,1083,204,418,108,432,413,79,226,429,272,92,313,164,341,355,281,414,160,290
527,461,225,92,584,122,551,176,205,215,451,347,1046,356,286,295,436,991,550,71,300,583,351,228,385,156,407,250,268,713,901,1702,337,521,122,620,537,103,303,615,383,114,419,245,454,532,366,633,227,393
803,753,359,126,866,191,827,277,282,366,763,1046,789,585,475,476,651,1457,923,116,504,983,547,358,615,222,630,454,444,1127,1430,2553,505,821,202,982,817,150,448,1024,627,183,713,355,730,819,557,944,327,621
373,265,141,59,325,82,328,89,113,128,262,356,585,102,157,191,234,546,322,31,182,344,206,118,201,93,234,128,161,446,487,894,158,302,62,340,319,46,170,369,234,61,238,97,271,301,203,320,103,240
307,218,107,51,282,75,248,84,95,123,247,286,475,157,65,132,165,470,287,34,132,291,128,103,161,63,155,123,140,309,408,741,150,250,53,254,276,42,134,289,178,59,199,101,214,245,170,265,95,209
376,239,112,52,283,76,294,85,100,131,253,295,476,191,132,73,204,477,283,41,171,285,149,99,173,62,184,152,158,341,455,802,155,305,73,310,276,36,138,309,169,65,214,102,219,242,175,301,106,203
365,316,130,73,379,77,324,115,126,162,316,436,651,234,165,204,134,630,378,41,199,386,222,153,245,101,237,168,174,458,548,1048,214,344,80,381,325,64,198,403,234,70,279,137,279,338,217,378,135,254
830,779,334,146,906,199,876,253,273,359,754,991,1457,546,470,477,630,801,922,104,477,911,542,342,600,245,630,421,468,1124,1375,2523,488,818,193,947,808,166,441,1035,641,195,693,377,779,847,567,925,322,600
527,433,203,84,523,117,475,135,157,208,421,550,923,322,287,283,378,922,265,60,275,494,311,181,334,128,342,247,255,648,743,1427,269,503,97,538,476,83,245,545,343,116,413,177,407,476,312,559,178,343
73,50,37,9,52,14,53,19,20,21,53,71,116,31,34,41,41,104,60,2,36,50,40,18,30,23,43,27,31,71,96,207,43,59,15,74,57,11,34,67,40,7,40,19,41,66,39,62,30,45
340,230,102,48,307,67,268,69,75,107,229,300,504,182,132,171,199,477,275,36,61,287,164,118,165,66,183,116,120,291,392,808,156,279,58,277,270,45,117,313,168,46,230,119,198,242,174,258,103,182
555,431,209,82,525,112,476,151,170,210,440,583,983,344,291,285,386,911,494,50,287,291,311,197,343,115,326,261,268,673,744,1470,275,509,99,561,525,81,266,545,346,120,406,191,420,486,333,570,199,348
350,240,121,61,300,69,312,75,111,139,300,351,547,206,128,149,222,542,311,40,164,311,95,118,196,69,180,140,160,395,468,840,176,273,51,309,297,58,136,331,207,56,255,101,254,267,185,325,114,198
199,140,77,39,218,44,169,45,79,71,163,228,358,118,103,99,153,342,181,18,118,197,118,34,122,59,140,85,115,270,307,542,134,189,34,219,191,26,90,199,128,42,153,64,155,187,120,213,75,136
345,273,129,57,357,74,291,107,113,143,324,385,615,201,161,173,245,600,334,30,165,343,196,122,116,86,226,126,160,445,512,893,187,308,74,334,317,52,178,379,213,70,278,119,257,295,219,369,112,248
150,120,40,19,140,31,109,29,54,59,135,156,222,93,63,62,101,245,128,23,66,115,69,59,86,12,78,58,69,151,180,337,80,98,28,131,119,19,60,130,87,21,76,22,92,128,70,140,71,82
395,300,125,61,364,82,294,91,115,142,341,407,630,234,155,184,237,630,342,43,183,326,180,140,226,78,119,146,177,428,510,950,199,304,77,336,338,47,174,355,217,59,262,114,260,313,209,363,150,220
277,183,95,34,247,46,216,88,77,99,221,250,454,128,123,152,168,421,247,27,116,261,140,85,126,58,146,62,115,279,367,602,118,206,47,234,226,43,113,262,162,47,199,84,198,199,133,263,73,143
285,235,92,50,253,56,238,71,87,109,192,268,444,161,140,158,174,468,255,31,120,268,160,115,160,69,177,115,61,315,374,678,158,230,59,251,245,43,113,283,163,56,178,82,200,248,175,280,94,179
650,516,222,115,640,158,648,183,224,283,547,713,1127,446,309,341,458,1124,648,71,291,673,395,270,445,151,428,279,315,390,969,1863,353,603,162,674,586,107,312,716,440,136,477,264,514,591,393,678,240,412
753,647,309,120,797,157,718,231,260,308,629,901,1430,487,408,455,548,1375,743,96,392,744,468,307,512,180,510,367,374,969,590,2126,398,722,152,827,685,115,381,807,494,172,591,303,592,712,486,807,263,506
1226,1194,546,219,1377,274,1336,416,464,554,1083,1702,2553,894,741,802,1048,2523,1427,207,808,1470,840,542,893,337,950,602,678,1863,2126,1972,746,1287,311,1536,1296,265,730,1509,936,293,1055,562,1098,1357,931,1431,499,907
252,234,110,50,273,54,268,88,94,91,204,337,505,158,150,155,214,488,269,43,156,275,176,134,187,80,199,118,158,353,398,746,78,264,79,313,248,48,137,288,183,74,232,126,213,270,168,284,122,167
518,397,218,84,471,97,437,132,162,182,418,521,821,302,250,305,344,818,503,59,279,509,273,189,308,98,304,206,230,603,722,1287,264,211,99,481,462,84,244,510,311,98,379,180,365,467,293,477,184,328
107,97,42,22,115,27,109,34,28,50,108,122,202,62,53,73,80,193,97,15,58,99,51,34,74,28,77,47,59,162,152,311,79,99,12,118,100,26,53,137,79,23,96,41,82,118,82,94,38,81
550,471,202,116,580,131,519,150,173,214,432,620,982,340,254,310,381,947,538,74,277,561,309,219,334,131,336,234,251,674,827,1536,313,481,118,250,499,79,255,588,359,102,409,181,421,523,344,597,194,366
471,413,175,74,487,97,484,143,152,191,413,537,817,319,276,276,325,808,476,57,270,525,297,191,317,119,338,226,245,586,685,1296,248,462,100,499,225,77,240,483,313,103,350,184,419,417,342,465,160,344
78,65,41,14,90,17,75,21,33,42,79,103,150,46,42,36,64,166,83,11,45,81,58,26,52,19,47,43,43,107,115,265,48,84,26,79,77,6,38,81,60,29,65,28,64,91,55,87,41,55
272,229,106,46,266,65,230,73,79,121,226,303,448,170,134,138,198,441,245,34,117,266,136,90,178,60,174,113,113,312,381,730,137,244,53,255,240,38,62,270,195,46,188,84,196,203,154,264,93,185
506,442,211,86,603,116,502,168,197,206,429,615,1024,369,289,309,403,1035,545,67,313,545,331,199,379,130,355,262,283,716,807,1509,288,510,137,588,483,81,270,290,355,113,399,198,410,487,359,526,211,358
310,295,137,53,346,82,340,115,108,139,272,383,627,234,178,169,234,641,343,40,168,346,207,128,213,87,217,162,163,440,494,936,183,311,79,359,313,60,195,355,111,80,256,152,271,298,205,336,124,220
115,86,49,15,108,26,91,25,38,41,92,114,183,61,59,65,70,195,116,7,46,120,56,42,70,21,59,47,56,136,172,293,74,98,23,102,103,29,46,113,80,9,83,37,74,80,62,95,40,59
343,353,158,56,361,82,363,114,126,134,313,419,713,238,199,214,279,693,413,40,230,406,255,153,278,76,262,199,178,477,591,1055,232,379,96,409,350,65,188,399,256,83,142,130,309,354,223,381,139,255
151,169,72,40,191,38,172,59,51,89,164,245,355,97,101,102,137,377,177,19,119,191,101,64,119,22,114,84,82,264,303,562,126,180,41,181,184,28,84,198,152,37,130,41,139,197,122,198,64,124
414,367,166,77,394,92,360,129,137,166,341,454,730,271,214,219,279,779,407,41,198,420,254,155,257,92,260,198,200,514,592,1098,213,365,82,421,419,64,196,410,271,74,309,139,158,344,257,395,141,288
457,386,178,95,481,96,421,132,154,202,355,532,819,301,245,242,338,847,476,66,242,486,267,187,295,128,313,199,248,591,712,1357,270,467,118,523,417,91,203,487,298,80,354,197,344,228,291,474,175,298
343,256,128,52,306,73,315,99,109,135,281,366,557,203,170,175,217,567,312,39,174,333,185,120,219,70,209,133,175,393,486,931,168,293,82,344,342,55,154,359,205,62,223,122,257,291,113,346,129,199
523,421,221,90,550,123,448,161,155,195,414,633,944,320,265,301,378,925,559,62,258,570,325,213,369,140,363,263,280,678,807,1431,284,477,94,597,465,87,264,526,336,95,381,198,395,474,346,271,181,381
132,162,73,25,193,33,181,52,61,94,160,227,327,103,95,106,135,322,178,30,103,199,114,75,112,71,150,73,94,240,263,499,122,184,38,194,160,41,93,211,124,40,139,64,141,175,129,181,36,132
389,283,146,64,327,68,357,95,106,149,290,393,621,240,209,203,254,600,343,45,182,348,198,136,248,82,220,143,179,412,506,907,167,328,81,366,344,55,185,358,220,59,255,124,288,298,199,381,132,121
