262,467,233,95,490,119,505,205,179,209,446,502,785,387,319,355,362,764,544,64,294,547,335,230,362,149,377,297,333,597,711,1152,209,470,119,529,473,88,263,484,353,116,355,203,424,387,327,514,171,365
467,180,176,85,410,96,430,134,142,180,370,525,813,307,223,239,296,811,422,42,232,408,239,189,263,126,276,185,205,541,620,1197,224,400,83,463,401,82,214,451,284,78,338,173,335,439,269,445,159,255
233,176,32,44,184,48,214,70,73,71,171,241,382,140,99,110,144,355,190,16,110,244,114,84,111,46,125,76,88,239,310,598,108,196,45,203,211,32,108,234,119,39,154,72,151,181,120,221,70,118
95,85,44,6,85,27,78,20,22,31,69,89,144,65,60,58,65,137,85,15,57,93,64,38,50,25,59,49,55,99,118,199,36,90,15,95,82,8,48,80,59,15,62,44,86,85,49,83,28,75
490,410,184,85,255,109,500,139,174,192,442,555,937,334,285,300,340,893,530,64,288,533,311,176,332,120,338,243,256,615,756,1416,273,449,122,509,459,102,240,507,354,120,353,197,399,536,322,549,171,341
119,96,48,27,109,16,105,34,32,40,85,121,194,75,65,72,88,169,110,17,75,114,70,34,69,39,83,64,74,140,165,275,47,131,20,134,120,20,58,107,73,28,94,51,97,103,66,95,43,78
505,430,214,78,500,105,201,145,161,205,405,554,876,303,255,273,350,871,472,60,239,482,287,180,295,137,319,202,232,613,749,1375,248,469,100,530,413,76,256,494,330,96,368,174,353,469,300,475,191,336
205,134,70,20,139,34,145,28,56,61,110,152,272,108,83,100,120,310,155,24,83,169,111,65,98,45,113,66,86,192,236,454,89,133,41,162,127,29,77,163,94,30,139,44,129,142,102,156,68,116
179,142,73,22,174,32,161,56,21,78,163,169,277,111,90,96,105,277,154,24,79,158,92,73,122,38,115,78,102,186,225,441,84,137,32,166,150,26,86,176,133,40,111,56,123,148,113,172,48,119
209,180,71,31,192,40,205,61,78,51,165,224,359,138,103,105,114,353,201,25,116,215,131,60,132,50,131,97,103,261,317,581,130,206,47,195,200,33,100,193,126,49,153,85,166,189,133,237,82,162
446,370,171,69,442,85,405,110,163,165,176,475,768,286,230,258,279,756,442,58,215,436,253,153,272,96,283,217,226,540,682,1167,231,391,102,448,382,73,197,414,256,92,353,156,349,398,255,453,158,290
502,525,241,89,555,121,554,152,169,224,475,295,960,343,313,324,402,984,557,78,301,558,344,225,368,132,384,300,284,725,846,1568,302,539,122,630,549,97,284,604,408,110,383,246,465,515,354,591,215,389
785,813,382,144,937,194,876,272,277,359,768,960,764,560,438,516,646,1389,918,108,462,933,536,342,602,222,595,430,412,1137,1368,2415,468,860,203,990,859,149,461,961,624,190,688,359,693,804,570,913,312,608
387,307,140,65,334,75,303,108,111,138,286,343,560,116,183,202,225,564,313,32,178,319,192,109,227,87,207,155,179,390,499,940,178,307,83,338,303,38,162,367,213,57,247,108,267,297,210,338,141,228
319,223,99,60,285,65,255,83,90,103,230,313,438,183,73,150,202,474,252,27,143,265,163,127,198,84,193,120,145,328,400,746,140,227,54,280,249,33,141,310,194,40,190,89,208,240,156,292,110,184
355,239,110,58,300,72,273,100,96,105,258,324,516,202,150,89,181,549,271,26,142,288,172,112,179,68,163,125,147,346,452,828,163,262,63,300,273,40,157,321,198,57,212,110,222,270,177,292,116,201
362,296,144,65,340,88,350,120,105,114,279,402,646,225,202,181,134,671,364,41,203,350,215,129,245,95,246,184,185,459,532,931,192,345,102,377,318,61,165,421,250,81,252,144,273,336,248,352,151,246
764,811,355,137,893,169,871,310,277,353,756,984,1389,564,474,549,671,791,953,117,463,936,522,367,621,208,596,450,395,1101,1368,2366,473,814,206,965,836,155,471,981,675,183,687,368,700,844,594,950,313,627
544,422,190,85,530,110,472,155,154,201,442,557,918,313,252,271,364,953,244,67,270,463,305,184,330,141,336,234,252,645,727,1461,250,475,117,551,481,64,247,528,323,107,376,204,427,462,310,535,205,339
64,42,16,15,64,17,60,24,24,25,58,78,108,32,27,26,41,117,67,4,33,63,39,29,24,13,48,15,36,72,82,201,55,54,16,57,70,13,31,53,42,16,52,22,44,63,33,60,25,42
294,232,110,57,288,75,239,83,79,116,215,301,462,178,143,142,203,463,270,33,74,255,144,114,164,75,179,145,149,348,381,743,147,259,56,280,273,33,116,301,172,48,197,90,210,240,169,293,106,191
547,408,244,93,533,114,482,169,158,215,436,558,933,319,265,288,350,936,463,63,255,253,289,214,309,131,367,245,260,658,766,1500,261,495,119,563,470,81,243,563,325,109,370,196,410,468,308,501,182,380
335,239,114,64,311,70,287,111,92,131,253,344,536,192,163,172,215,522,305,39,144,289,93,142,207,74,206,124,160,371,406,790,159,306,69,285,274,43,164,340,185,58,240,120,232,285,199,317,112,208
230,189,84,38,176,34,180,65,73,60,153,225,342,109,127,112,129,367,184,29,114,214,142,42,137,54,149,94,87,252,297,538,110,193,47,226,201,28,95,206,138,38,159,75,161,174,126,192,74,132
362,263,111,50,332,69,295,98,122,132,272,368,602,227,198,179,245,621,330,24,164,309,207,137,107,72,212,143,163,424,496,947,186,290,81,336,296,57,164,359,219,70,273,121,239,292,203,324,144,233
149,126,46,25,120,39,137,45,38,50,96,132,222,87,84,68,95,208,141,13,75,131,74,54,72,15,86,53,53,166,177,373,79,130,29,131,128,19,56,132,73,22,108,44,89,126,71,138,49,92
377,276,125,59,338,83,319,113,115,131,283,384,595,207,193,163,246,596,336,48,179,367,206,149,212,86,101,142,181,439,540,979,191,321,70,341,337,65,159,373,195,58,275,115,261,330,199,352,126,214
297,185,76,49,243,64,202,66,78,97,217,300,430,155,120,125,184,450,234,15,145,245,124,94,143,53,142,61,128,288,351,677,135,196,47,257,226,45,118,238,158,44,182,84,196,225,145,241,96,163
333,205,88,55,256,74,232,86,102,103,226,284,412,179,145,147,185,395,252,36,149,260,160,87,163,53,181,128,43,311,375,679,122,268,65,245,241,43,130,270,142,46,234,95,180,266,175,266,103,182
597,541,239,99,615,140,613,192,186,261,540,725,1137,390,328,346,459,1101,645,72,348,658,371,252,424,166,439,288,311,383,969,1831,313,565,122,627,579,96,309,673,408,129,524,224,482,582,391,716,248,392
711,620,310,118,756,165,749,236,225,317,682,846,1368,499,400,452,532,1368,727,82,381,766,406,297,496,177,540,351,375,969,588,2100,394,695,165,839,699,113,387,805,482,144,575,281,577,636,492,788,270,526
1152,1197,598,199,1416,275,1375,454,441,581,1167,1568,2415,940,746,828,931,2366,1461,201,743,1500,790,538,947,373,979,677,679,1831,2100,1880,698,1300,328,1520,1308,242,683,1500,939,314,1008,564,1146,1290,917,1480,498,988
209,224,108,36,273,47,248,89,84,130,231,302,468,178,140,163,192,473,250,55,147,261,159,110,186,79,191,135,122,313,394,698,85,265,57,284,231,48,130,263,189,54,202,102,203,246,181,269,119,198
470,400,196,90,449,131,469,133,137,206,391,539,860,307,227,262,345,814,475,54,259,495,306,193,290,130,321,196,268,565,695,1300,265,231,89,516,463,79,226,508,326,108,378,190,394,439,269,503,167,330
119,83,45,15,122,20,100,41,32,47,102,122,203,83,54,63,102,206,117,16,56,119,69,47,81,29,70,47,65,122,165,328,57,89,10,132,97,19,58,122,76,18,93,34,105,94,82,117,33,92
529,463,203,95,509,134,530,162,166,195,448,630,990,338,280,300,377,965,551,57,280,563,285,226,336,131,341,257,245,627,839,1520,284,516,132,269,516,95,292,583,343,100,385,221,404,487,319,537,233,344
473,401,211,82,459,120,413,127,150,200,382,549,859,303,249,273,318,836,481,70,273,470,274,201,296,128,337,226,241,579,699,1308,231,463,97,516,209,62,230,489,313,103,362,176,376,417,262,479,169,337
88,82,32,8,102,20,76,29,26,33,73,97,149,38,33,40,61,155,64,13,33,81,43,28,57,19,65,45,43,96,113,242,48,79,19,95,62,6,43,73,53,16,61,35,70,87,51,84,28,54
263,214,108,48,240,58,256,77,86,100,197,284,461,162,141,157,165,471,247,31,116,243,164,95,164,56,159,118,130,309,387,683,130,226,58,292,230,43,74,250,156,50,191,89,187,224,156,270,110,171
484,451,234,80,507,107,494,163,176,193,414,604,961,367,310,321,421,981,528,53,301,563,340,206,359,132,373,238,270,673,805,1500,263,508,122,583,489,73,250,261,362,110,398,204,431,528,351,536,174,385
353,284,119,59,354,73,330,94,133,126,256,408,624,213,194,198,250,675,323,42,172,325,185,138,219,73,195,158,142,408,482,939,189,326,76,343,313,53,156,362,123,65,245,126,268,320,180,348,129,216
116,78,39,15,120,28,96,30,40,49,92,110,190,57,40,57,81,183,107,16,48,109,58,38,70,22,58,44,46,129,144,314,54,108,18,100,103,16,50,110,65,7,83,35,86,96,49,125,38,73
355,338,154,62,353,94,368,139,111,153,353,383,688,247,190,212,252,687,376,52,197,370,240,159,273,108,275,182,234,524,575,1008,202,378,93,385,362,61,191,398,245,83,147,139,281,374,239,390,132,256
203,173,72,44,197,51,174,44,56,85,156,246,359,108,89,110,144,368,204,22,90,196,120,75,121,44,115,84,95,224,281,564,102,190,34,221,176,35,89,204,126,35,139,27,149,185,114,182,79,114
424,335,151,86,399,97,353,129,123,166,349,465,693,267,208,222,273,700,427,44,210,410,232,161,239,89,261,196,180,482,577,1146,203,394,105,404,376,70,187,431,268,86,281,149,161,368,245,405,140,280
387,439,181,85,536,103,469,142,148,189,398,515,804,297,240,270,336,844,462,63,240,468,285,174,292,126,330,225,266,582,636,1290,246,439,94,487,417,87,224,528,320,96,374,185,368,215,308,494,151,306
327,269,120,49,322,66,300,102,113,133,255,354,570,210,156,177,248,594,310,33,169,308,199,126,203,71,199,145,175,391,492,917,181,269,82,319,262,51,156,351,180,49,239,114,245,308,108,321,119,230
514,445,221,83,549,95,475,156,172,237,453,591,913,338,292,292,352,950,535,60,293,501,317,192,324,138,352,241,266,716,788,1480,269,503,117,537,479,84,270,536,348,125,390,182,405,494,321,258,179,370
171,159,70,28,171,43,191,68,48,82,158,215,312,141,110,116,151,313,205,25,106,182,112,74,144,49,126,96,103,248,270,498,119,167,33,233,169,28,110,174,129,38,132,79,140,151,119,179,30,138
365,255,118,75,341,78,336,116,119,162,290,389,608,228,184,201,246,627,339,42,191,380,208,132,233,92,214,163,182,392,526,988,198,330,92,344,337,54,171,385,216,73,256,114,280,306,230,370,138,109
