260,423,205,86,517,115,477,180,175,270,448,478,791,384,320,306,352,795,495,77,322,540,380,212,350,136,345,268,262,637,697,1177,261,496,113,516,484,80,261,477,283,96,348,185,432,444,326,488,178,411
423,179,152,58,469,91,392,133,149,178,370,470,796,292,218,230,308,807,385,54,227,431,255,164,223,121,255,189,218,531,649,1255,255,403,110,456,453,77,205,456,273,79,367,170,341,393,245,478,161,292
205,152,34,32,172,49,193,51,63,75,156,224,385,132,115,119,151,371,206,19,96,226,131,77,128,45,126,92,95,241,344,591,117,195,33,216,198,34,81,195,112,40,166,71,162,167,134,199,77,118
86,58,32,5,87,20,93,25,33,35,56,78,133,51,47,56,68,132,87,17,38,90,57,33,51,18,54,42,45,106,124,213,34,80,25,89,84,15,43,94,52,16,57,40,69,76,68,91,28,68
517,469,172,87,256,115,488,158,161,226,434,589,917,370,272,276,373,916,539,60,301,530,302,206,360,129,352,251,260,631,763,1418,305,470,103,557,470,90,226,531,372,106,389,192,416,482,316,547,190,350
115,91,49,20,115,12,108,34,36,46,80,106,171,80,64,63,88,170,110,22,60,120,78,43,75,21,83,69,55,143,152,272,49,123,34,124,116,19,59,128,82,22,81,47,94,99,91,122,43,78
477,392,193,93,488,108,215,129,171,208,365,516,891,309,246,275,373,867,514,65,279,482,308,195,297,110,331,239,231,581,715,1309,250,448,121,534,468,85,240,521,299,77,375,193,361,453,324,463,194,339
180,133,51,25,158,34,129,19,47,74,137,169,273,108,76,77,104,286,164,16,92,167,73,61,85,39,98,77,64,224,232,421,81,164,36,155,156,23,70,177,95,21,113,62,119,150,87,161,56,114
175,149,63,33,161,36,171,47,33,83,141,168,315,108,84,99,114,310,186,15,97,153,89,83,110,39,109,76,85,210,238,457,91,141,30,195,156,30,84,167,114,34,131,56,131,164,113,161,68,121
270,178,75,35,226,46,208,74,83,58,186,211,365,152,124,126,157,362,208,27,127,213,126,81,143,52,132,101,108,273,290,540,105,188,47,252,211,31,99,233,145,42,142,77,179,193,143,238,78,145
448,370,156,56,434,80,365,137,141,186,190,465,750,279,243,247,319,748,433,64,256,429,257,170,303,109,282,197,217,550,596,1147,203,387,95,459,402,70,189,446,264,80,332,158,355,385,267,418,166,334
478,470,224,78,589,106,516,169,168,211,465,287,1011,375,308,314,364,1017,545,63,300,576,337,217,347,128,382,271,240,667,866,1618,319,522,132,599,554,104,288,592,371,132,424,219,439,501,349,604,201,374
791,796,385,133,917,171,891,273,315,365,750,1011,765,578,492,560,623,1458,886,116,509,961,525,357,596,245,630,463,482,1162,1351,2373,477,855,199,930,793,168,427,915,572,204,701,338,732,830,553,953,280,640
384,292,132,51,370,80,309,108,108,152,279,375,578,111,163,187,228,605,324,42,165,350,200,140,212,90,224,153,169,375,502,895,173,297,72,351,331,64,163,365,205,52,271,123,249,318,196,366,106,220
320,218,115,47,272,64,246,76,84,124,243,308,492,163,79,152,186,489,243,32,149,252,170,106,195,64,178,133,122,294,388,740,142,226,53,278,272,50,139,304,190,54,188,99,220,247,160,284,91,177
306,230,119,56,276,63,275,77,99,126,247,314,560,187,152,97,216,544,289,30,146,277,181,110,187,73,196,146,128,356,455,844,143,243,70,298,290,46,155,322,181,56,235,102,220,293,193,323,109,204
352,308,151,68,373,88,373,104,114,157,319,364,623,228,186,216,135,634,344,45,226,378,235,152,258,98,254,176,197,477,555,1026,218,334,96,377,333,66,182,381,243,69,265,146,294,374,222,370,141,256
795,807,371,132,916,170,867,286,310,362,748,1017,1458,605,489,544,634,780,867,122,526,928,520,345,622,211,587,444,466,1144,1276,2393,484,827,187,950,807,160,466,936,591,199,678,328,734,827,555,921,305,603
495,385,206,87,539,110,514,164,186,208,433,545,886,324,243,289,344,867,265,64,262,455,274,195,329,128,343,215,251,622,767,1392,251,464,125,550,488,94,265,530,311,113,409,192,424,484,319,524,187,337
77,54,19,17,60,22,65,16,15,27,64,63,116,42,32,30,45,122,64,4,37,72,35,25,34,15,39,27,40,74,94,165,33,64,11,62,74,10,31,67,43,15,38,20,43,56,40,54,20,37
322,227,96,38,301,60,279,92,97,127,256,300,509,165,149,146,226,526,262,37,76,274,140,104,190,75,193,131,130,334,424,848,162,273,57,326,258,39,169,282,190,68,210,103,232,242,168,300,94,224
540,431,226,90,530,120,482,167,153,213,429,576,961,350,252,277,378,928,455,72,274,254,302,198,340,129,345,243,251,625,772,1417,283,488,125,594,516,88,267,555,296,106,400,192,444,474,336,507,187,331
380,255,131,57,302,78,308,73,89,126,257,337,525,200,170,181,235,520,274,35,140,302,92,109,209,69,201,128,157,352,440,805,139,283,66,284,282,40,158,307,190,65,202,91,220,261,187,318,105,208
212,164,77,33,206,43,195,61,83,81,170,217,357,140,106,110,152,345,195,25,104,198,109,42,126,54,134,82,109,238,269,562,104,183,55,215,170,28,88,208,127,33,146,93,156,185,122,202,84,135
350,223,128,51,360,75,297,85,110,143,303,347,596,212,195,187,258,622,329,34,190,340,209,126,110,73,193,155,159,412,507,963,188,319,79,330,316,47,154,341,204,75,259,118,278,286,206,330,128,245
136,121,45,18,129,21,110,39,39,52,109,128,245,90,64,73,98,211,128,15,75,129,69,54,73,18,82,65,51,137,202,360,63,106,26,141,107,25,51,139,72,19,106,56,89,132,73,135,43,112
345,255,126,54,352,83,331,98,109,132,282,382,630,224,178,196,254,587,343,39,193,345,201,134,193,82,118,152,183,414,504,981,182,357,77,370,349,62,136,351,220,71,278,120,278,305,195,368,126,252
268,189,92,42,251,69,239,77,76,101,197,271,463,153,133,146,176,444,215,27,131,243,128,82,155,65,152,56,107,284,346,690,117,225,56,243,236,40,113,229,137,44,195,81,196,205,139,271,113,148
262,218,95,45,260,55,231,64,85,108,217,240,482,169,122,128,197,466,251,40,130,251,157,109,159,51,183,107,59,323,395,733,131,244,57,283,238,37,113,263,144,55,214,91,202,251,139,284,98,191
637,531,241,106,631,143,581,224,210,273,550,667,1162,375,294,356,477,1144,622,74,334,625,352,238,412,137,414,284,323,368,933,1784,344,588,150,682,612,100,320,683,441,124,498,255,484,595,402,626,237,429
697,649,344,124,763,152,715,232,238,290,596,866,1351,502,388,455,555,1276,767,94,424,772,440,269,507,202,504,346,395,933,553,2092,400,712,158,807,716,133,378,794,507,138,602,274,594,713,497,757,261,499
1177,1255,591,213,1418,272,1309,421,457,540,1147,1618,2373,895,740,844,1026,2393,1392,165,848,1417,805,562,963,360,981,690,733,1784,2092,1857,681,1260,317,1506,1301,244,696,1444,954,283,1023,496,1087,1295,887,1433,472,891
261,255,117,34,305,49,250,81,91,105,203,319,477,173,142,143,218,484,251,33,162,283,139,104,188,63,182,117,131,344,400,681,64,269,55,292,220,46,146,301,187,59,190,98,201,244,180,284,91,190
496,403,195,80,470,123,448,164,141,188,387,522,855,297,226,243,334,827,464,64,273,488,283,183,319,106,357,225,244,588,712,1260,269,220,99,499,448,80,247,513,291,95,342,180,377,439,305,464,163,331
113,110,33,25,103,34,121,36,30,47,95,132,199,72,53,70,96,187,125,11,57,125,66,55,79,26,77,56,57,150,158,317,55,99,4,120,106,17,48,112,80,19,86,50,95,99,77,107,24,78
516,456,216,89,557,124,534,155,195,252,459,599,930,351,278,298,377,950,550,62,326,594,284,215,330,141,370,243,283,682,807,1506,292,499,120,289,506,76,253,590,347,112,404,202,413,521,343,539,175,395
484,453,198,84,470,116,468,156,156,211,402,554,793,331,272,290,333,807,488,74,258,516,282,170,316,107,349,236,238,612,716,1301,220,448,106,506,208,80,258,511,286,90,358,178,375,417,285,505,172,345
80,77,34,15,90,19,85,23,30,31,70,104,168,64,50,46,66,160,94,10,39,88,40,28,47,25,62,40,37,100,133,244,46,80,17,76,80,8,49,89,68,23,82,42,57,72,62,108,36,55
261,205,81,43,226,59,240,70,84,99,189,288,427,163,139,155,182,466,265,31,169,267,158,88,154,51,136,113,113,320,378,696,146,247,48,253,258,49,52,264,169,45,216,82,177,264,160,270,97,158
477,456,195,94,531,128,521,177,167,233,446,592,915,365,304,322,381,936,530,67,282,555,307,208,341,139,351,229,263,683,794,1444,301,513,112,590,511,89,264,282,348,100,449,213,407,471,338,547,184,362
283,273,112,52,372,82,299,95,114,145,264,371,572,205,190,181,243,591,311,43,190,296,190,127,204,72,220,137,144,441,507,954,187,291,80,347,286,68,169,348,97,62,239,121,268,279,199,356,118,211
96,79,40,16,106,22,77,21,34,42,80,132,204,52,54,56,69,199,113,15,68,106,65,33,75,19,71,44,55,124,138,283,59,95,19,112,90,23,45,100,62,10,78,44,89,89,63,98,47,74
348,367,166,57,389,81,375,113,131,142,332,424,701,271,188,235,265,678,409,38,210,400,202,146,259,106,278,195,214,498,602,1023,190,342,86,404,358,82,216,449,239,78,146,150,337,378,238,393,134,246
185,170,71,40,192,47,193,62,56,77,158,219,338,123,99,102,146,328,192,20,103,192,91,93,118,56,120,81,91,255,274,496,98,180,50,202,178,42,82,213,121,44,150,37,150,191,118,181,71,132
432,341,162,69,416,94,361,119,131,179,355,439,732,249,220,220,294,734,424,43,232,444,220,156,278,89,278,196,202,484,594,1087,201,377,95,413,375,57,177,407,268,89,337,150,165,345,233,437,138,318
444,393,167,76,482,99,453,150,164,193,385,501,830,318,247,293,374,827,484,56,242,474,261,185,286,132,305,205,251,595,713,1295,244,439,99,521,417,72,264,471,279,89,378,191,345,207,307,467,165,350
326,245,134,68,316,91,324,87,113,143,267,349,553,196,160,193,222,555,319,40,168,336,187,122,206,73,195,139,139,402,497,887,180,305,77,343,285,62,160,338,199,63,238,118,233,307,95,328,102,205
488,478,199,91,547,122,463,161,161,238,418,604,953,366,284,323,370,921,524,54,300,507,318,202,330,135,368,271,284,626,757,1433,284,464,107,539,505,108,270,547,356,98,393,181,437,467,328,247,182,361
178,161,77,28,190,43,194,56,68,78,166,201,280,106,91,109,141,305,187,20,94,187,105,84,128,43,126,113,98,237,261,472,91,163,24,175,172,36,97,184,118,47,134,71,138,165,102,182,27,125
411,292,118,68,350,78,339,114,121,145,334,374,640,220,177,204,256,603,337,37,224,331,208,135,245,112,252,148,191,429,499,891,190,331,78,395,345,55,158,362,211,74,246,132,318,350,205,361,125,131
