246,476,223,92,529,112,520,191,190,234,426,535,827,396,334,340,390,859,499,80,325,534,357,217,395,152,348,285,320,650,718,1229,271,525,131,528,516,96,253,451,301,110,398,174,433,436,344,515,196,399
476,192,180,65,450,108,407,111,148,160,343,483,828,262,224,241,319,818,440,57,228,458,276,162,282,128,294,198,221,492,670,1270,228,410,103,427,423,65,202,443,260,93,363,187,340,370,257,441,165,281
223,180,31,34,198,44,190,61,53,64,174,259,366,140,103,126,138,322,191,28,108,206,101,91,126,59,143,89,102,239,291,547,86,210,52,196,222,35,95,212,138,44,160,80,181,188,131,221,78,136
92,65,34,7,91,14,65,31,22,31,68,100,127,61,47,62,69,144,89,8,54,83,49,35,59,15,47,48,44,95,125,219,49,77,18,86,79,14,33,89,45,7,64,30,72,80,55,72,25,77
529,450,198,91,264,125,494,181,155,199,439,533,882,312,256,301,409,909,541,54,285,536,308,172,330,137,321,242,249,659,766,1405,273,465,124,568,445,84,258,558,310,112,406,203,399,479,334,533,169,365
112,108,44,14,125,6,96,43,41,57,97,113,182,98,57,78,96,199,107,12,67,113,72,49,74,23,63,67,56,130,163,298,59,104,27,108,93,23,55,132,73,20,93,47,88,93,81,113,39,88
520,407,190,65,494,96,227,163,158,202,407,554,889,319,261,278,367,885,464,53,260,476,292,197,353,114,307,267,232,605,760,1396,265,429,127,559,455,83,229,529,347,97,354,172,404,455,313,495,196,342
191,111,61,31,181,43,163,16,53,61,120,177,268,98,99,96,121,256,163,18,84,148,106,51,92,36,95,66,63,182,261,417,89,159,39,151,131,25,74,160,91,27,119,62,127,132,82,187,50,102
190,148,53,22,155,41,158,53,21,54,149,167,298,126,95,100,113,287,152,19,81,179,90,72,110,47,138,79,77,212,263,473,89,148,45,169,148,33,77,182,114,40,119,59,172,169,111,170,55,100
234,160,64,31,199,57,202,61,54,50,168,223,390,130,102,123,151,376,209,24,115,201,118,65,129,64,135,99,125,265,303,582,108,215,53,196,179,34,93,211,146,42,166,76,145,187,137,201,79,147
426,343,174,68,439,97,407,120,149,168,188,488,805,293,249,259,325,770,456,54,233,445,261,148,292,99,270,213,216,544,631,1190,231,431,99,433,386,70,201,447,288,92,348,153,357,388,284,433,158,260
535,483,259,100,533,113,554,177,167,223,488,346,1082,333,295,323,422,1062,563,56,294,562,321,235,368,124,353,251,262,689,842,1620,339,491,119,610,524,89,304,579,383,119,427,230,443,548,368,591,235,368
827,828,366,127,882,182,889,268,298,390,805,1082,853,629,478,529,635,1553,916,136,521,951,515,344,593,218,627,405,429,1145,1346,2444,477,847,204,961,871,161,443,957,611,201,704,382,698,854,581,944,347,617
396,262,140,61,312,98,319,98,126,130,293,333,629,89,177,188,224,575,314,30,176,307,198,112,246,78,203,167,147,408,485,944,199,321,69,333,285,47,170,353,192,58,235,117,245,325,201,355,125,212
334,224,103,47,256,57,261,99,95,102,249,295,478,177,83,148,212,479,263,31,144,263,152,106,171,73,159,117,139,327,401,731,155,259,55,280,269,39,148,264,178,58,212,104,243,255,169,282,106,178
340,241,126,62,301,78,278,96,100,123,259,323,529,188,148,83,247,512,298,34,150,305,165,123,214,75,201,117,153,328,428,797,154,324,71,295,301,46,162,295,203,63,234,102,256,277,203,285,119,196
390,319,138,69,409,96,367,121,113,151,325,422,635,224,212,247,137,645,367,37,215,353,207,158,247,89,237,181,179,447,552,1046,193,333,88,373,338,52,188,382,240,72,267,138,293,340,223,409,120,263
859,818,322,144,909,199,885,256,287,376,770,1062,1553,575,479,512,645,836,928,121,518,949,535,381,658,227,631,400,426,1187,1359,2419,481,835,200,996,903,171,452,984,589,193,692,359,735,839,557,922,325,626
499,440,191,89,541,107,464,163,152,209,456,563,916,314,263,298,367,928,258,73,239,479,292,196,328,133,327,257,239,652,721,1420,269,504,111,563,492,92,240,545,312,101,425,207,384,487,289,542,191,375
80,57,28,8,54,12,53,18,19,24,54,56,136,30,31,34,37,121,73,4,33,72,32,22,37,11,35,37,21,81,92,198,31,51,17,69,60,8,30,72,42,10,54,25,45,63,42,61,30,46
325,228,108,54,285,67,260,84,81,115,233,294,521,176,144,150,215,518,239,33,62,299,177,119,173,72,178,143,129,340,427,786,142,271,67,293,295,54,151,320,195,47,204,116,224,241,162,286,107,179
534,458,206,83,536,113,476,148,179,201,445,562,951,307,263,305,353,949,479,72,299,252,283,190,343,135,336,266,240,666,750,1454,287,491,132,569,506,84,271,533,332,109,400,183,412,487,303,541,203,334
357,276,101,49,308,72,292,106,90,118,261,321,515,198,152,165,207,535,292,32,177,283,84,103,212,86,171,153,139,387,445,833,162,278,72,311,280,47,157,284,193,50,226,113,242,284,172,317,125,193
217,162,91,35,172,49,197,51,72,65,148,235,344,112,106,123,158,381,196,22,119,190,103,27,123,45,113,96,102,258,309,551,112,197,56,242,191,37,100,184,129,32,149,54,144,210,127,227,76,116
395,282,126,59,330,74,353,92,110,129,292,368,593,246,171,214,247,658,328,37,173,343,212,123,100,74,198,147,154,420,512,945,175,304,73,345,329,50,180,362,214,71,272,120,264,294,192,353,133,224
152,128,59,15,137,23,114,36,47,64,99,124,218,78,73,75,89,227,133,11,72,135,86,45,74,19,75,57,60,149,199,380,86,113,32,140,124,17,55,136,92,26,105,53,109,126,83,144,49,90
348,294,143,47,321,63,307,95,138,135,270,353,627,203,159,201,237,631,327,35,178,336,171,113,198,75,98,167,164,425,515,1047,203,276,68,335,335,59,163,370,214,64,275,127,239,313,183,340,126,223
285,198,89,48,242,67,267,66,79,99,213,251,405,167,117,117,181,400,257,37,143,266,153,96,147,57,167,59,126,283,331,606,104,225,52,239,229,36,116,251,150,39,175,89,193,223,137,266,78,144
320,221,102,44,249,56,232,63,77,125,216,262,429,147,139,153,179,426,239,21,129,240,139,102,154,60,164,126,66,281,361,705,144,227,64,251,227,34,117,259,186,45,224,94,217,246,170,279,96,150
650,492,239,95,659,130,605,182,212,265,544,689,1145,408,327,328,447,1187,652,81,340,666,387,258,420,149,425,283,281,362,999,1859,323,582,171,643,597,114,304,702,430,136,488,242,474,609,411,699,233,428
718,670,291,125,766,163,760,261,263,303,631,842,1346,485,401,428,552,1359,721,92,427,750,445,309,512,199,515,331,361,999,557,2106,422,681,172,839,755,138,406,797,482,161,563,294,600,693,506,778,299,485
1229,1270,547,219,1405,298,1396,417,473,582,1190,1620,2444,944,731,797,1046,2419,1420,198,786,1454,833,551,945,380,1047,606,705,1859,2106,1883,754,1309,311,1533,1360,250,709,1502,888,314,1023,551,1129,1343,889,1409,498,927
271,228,86,49,273,59,265,89,89,108,231,339,477,199,155,154,193,481,269,31,142,287,162,112,175,86,203,104,144,323,422,754,79,231,49,302,244,53,164,281,165,66,203,107,234,252,146,258,91,169
525,410,210,77,465,104,429,159,148,215,431,491,847,321,259,324,333,835,504,51,271,491,278,197,304,113,276,225,227,582,681,1309,231,233,98,483,411,68,246,546,307,88,362,176,357,469,290,480,148,352
131,103,52,18,124,27,127,39,45,53,99,119,204,69,55,71,88,200,111,17,67,132,72,56,73,32,68,52,64,171,172,311,49,98,8,138,105,18,54,127,83,25,93,49,106,96,74,114,44,77
528,427,196,86,568,108,559,151,169,196,433,610,961,333,280,295,373,996,563,69,293,569,311,242,345,140,335,239,251,643,839,1533,302,483,138,286,484,98,266,577,341,122,426,206,449,486,323,597,229,351
516,423,222,79,445,93,455,131,148,179,386,524,871,285,269,301,338,903,492,60,295,506,280,191,329,124,335,229,227,597,755,1360,244,411,105,484,217,64,212,506,316,93,370,167,395,445,306,504,164,308
96,65,35,14,84,23,83,25,33,34,70,89,161,47,39,46,52,171,92,8,54,84,47,37,50,17,59,36,34,114,138,250,53,68,18,98,64,6,52,105,76,25,69,29,54,75,40,102,29,58
253,202,95,33,258,55,229,74,77,93,201,304,443,170,148,162,188,452,240,30,151,271,157,100,180,55,163,116,117,304,406,709,164,246,54,266,212,52,64,267,172,48,169,101,228,239,155,278,88,146
451,443,212,89,558,132,529,160,182,211,447,579,957,353,264,295,382,984,545,72,320,533,284,184,362,136,370,251,259,702,797,1502,281,546,127,577,506,105,267,292,371,111,385,209,407,463,343,535,190,374
301,260,138,45,310,73,347,91,114,146,288,383,611,192,178,203,240,589,312,42,195,332,193,129,214,92,214,150,186,430,482,888,165,307,83,341,316,76,172,371,89,75,255,118,291,302,191,334,126,211
110,93,44,7,112,20,97,27,40,42,92,119,201,58,58,63,72,193,101,10,47,109,50,32,71,26,64,39,45,136,161,314,66,88,25,122,93,25,48,111,75,13,77,40,80,103,65,118,36,68
398,363,160,64,406,93,354,119,119,166,348,427,704,235,212,234,267,692,425,54,204,400,226,149,272,105,275,175,224,488,563,1023,203,362,93,426,370,69,169,385,255,77,155,148,315,343,227,385,158,247
174,187,80,30,203,47,172,62,59,76,153,230,382,117,104,102,138,359,207,25,116,183,113,54,120,53,127,89,94,242,294,551,107,176,49,206,167,29,101,209,118,40,148,25,142,175,112,200,77,138
433,340,181,72,399,88,404,127,172,145,357,443,698,245,243,256,293,735,384,45,224,412,242,144,264,109,239,193,217,474,600,1129,234,357,106,449,395,54,228,407,291,80,315,142,182,336,238,435,169,258
436,370,188,80,479,93,455,132,169,187,388,548,854,325,255,277,340,839,487,63,241,487,284,210,294,126,313,223,246,609,693,1343,252,469,96,486,445,75,239,463,302,103,343,175,336,216,284,498,167,304
344,257,131,55,334,81,313,82,111,137,284,368,581,201,169,203,223,557,289,42,162,303,172,127,192,83,183,137,170,411,506,889,146,290,74,323,306,40,155,343,191,65,227,112,238,284,82,332,141,230
515,441,221,72,533,113,495,187,170,201,433,591,944,355,282,285,409,922,542,61,286,541,317,227,353,144,340,266,279,699,778,1409,258,480,114,597,504,102,278,535,334,118,385,200,435,498,332,269,197,366
196,165,78,25,169,39,196,50,55,79,158,235,347,125,106,119,120,325,191,30,107,203,125,76,133,49,126,78,96,233,299,498,91,148,44,229,164,29,88,190,126,36,158,77,169,167,141,197,46,108
399,281,136,77,365,88,342,102,100,147,260,368,617,212,178,196,263,626,375,46,179,334,193,116,224,90,223,144,150,428,485,927,169,352,77,351,308,58,146,374,211,68,247,138,258,304,230,366,108,99
