264,471,237,91,487,109,527,188,189,231,453,536,862,357,327,340,372,867,521,86,330,530,358,214,364,123,359,256,284,677,696,1292,250,504,108,534,515,87,256,525,341,118,397,193,449,476,361,492,183,380
471,197,155,79,442,113,417,140,143,193,384,511,832,265,242,245,349,796,443,54,249,495,261,184,275,104,289,178,190,595,674,1291,252,403,107,453,409,65,201,456,323,80,328,187,346,447,249,471,170,329
237,155,28,29,192,41,181,69,53,73,159,215,364,128,102,90,171,370,192,28,110,211,112,86,156,51,143,92,98,244,308,610,107,186,55,203,161,35,106,230,125,39,166,86,165,195,132,183,77,114
91,79,29,5,87,17,70,20,22,43,68,90,134,46,48,60,54,133,79,11,47,85,52,31,54,28,66,40,53,96,112,225,47,95,18,87,68,18,46,79,71,16,63,26,65,82,51,86,28,54
487,442,192,87,261,108,485,150,167,203,438,535,899,304,287,303,372,895,521,73,300,524,320,217,296,129,350,230,258,671,798,1498,266,498,107,541,456,70,258,529,292,104,371,206,441,488,280,550,183,352
109,113,41,17,108,9,110,33,36,48,95,125,191,67,70,71,71,170,94,12,51,110,67,40,82,36,100,56,56,136,150,279,63,118,31,137,110,24,56,114,73,22,83,45,83,105,63,110,43,87
527,417,181,70,485,110,239,149,147,205,391,573,839,307,262,283,355,826,488,58,239,521,261,198,300,140,354,211,236,607,722,1354,263,459,112,563,474,88,227,500,338,99,394,179,349,447,316,484,201,369
188,140,69,20,150,33,149,19,64,56,130,168,281,90,74,103,122,295,168,24,71,158,97,47,73,33,85,78,85,190,255,442,86,136,39,155,124,25,80,157,95,26,123,55,105,139,94,174,57,102
189,143,53,22,167,36,147,64,28,69,140,188,297,106,94,93,128,296,192,24,90,161,84,61,96,35,105,69,86,232,258,468,99,149,42,179,133,28,83,185,99,38,138,58,111,162,92,168,60,122
231,193,73,43,203,48,205,56,69,46,174,215,365,134,120,130,128,354,227,34,109,218,125,98,152,63,159,88,104,270,295,531,97,187,49,226,190,34,97,194,130,40,166,76,159,177,133,201,79,150
453,384,159,68,438,95,391,130,140,174,206,481,744,289,226,258,316,736,489,56,229,463,252,172,308,109,310,194,228,508,668,1173,190,404,86,498,360,70,192,439,294,91,346,137,335,399,267,430,147,316
536,511,215,90,535,125,573,168,188,215,481,349,1039,342,285,310,420,1056,591,51,328,570,330,238,381,143,403,262,261,732,901,1690,323,521,116,581,486,87,272,645,373,119,455,223,424,555,348,593,214,376
862,832,364,134,899,191,839,281,297,365,744,1039,774,588,449,483,662,1448,926,109,492,942,510,355,610,224,632,413,429,1099,1453,2549,517,844,210,1017,850,179,467,1002,605,187,747,343,703,930,575,970,329,563
357,265,128,46,304,67,307,90,106,134,289,342,588,88,170,185,233,569,323,36,188,326,178,118,192,74,178,141,170,396,512,930,187,280,59,308,293,66,184,357,196,67,277,126,249,313,177,348,110,219
327,242,102,48,287,70,262,74,94,120,226,285,449,170,76,143,193,466,272,39,147,276,161,99,171,73,197,117,151,321,410,741,151,254,70,288,256,36,131,286,161,54,175,83,190,233,172,264,97,178
340,245,90,60,303,71,283,103,93,130,258,310,483,185,143,66,205,493,291,32,123,291,181,111,174,72,198,131,155,331,438,779,142,248,60,317,287,25,140,317,204,54,228,98,221,293,157,311,104,201
372,349,171,54,372,71,355,122,128,128,316,420,662,233,193,205,118,636,363,53,222,369,220,141,241,96,243,177,208,450,538,1025,223,326,88,375,337,70,174,422,274,86,298,128,301,337,245,361,142,235
867,796,370,133,895,170,826,295,296,354,736,1056,1448,569,466,493,636,780,926,103,520,924,509,370,615,227,611,424,443,1067,1453,2554,525,844,204,1001,854,166,466,975,594,191,705,344,736,959,538,971,298,590
521,443,192,79,521,94,488,168,192,227,489,591,926,323,272,291,363,926,247,70,262,476,314,204,367,141,380,233,246,636,747,1479,287,483,117,520,457,97,254,549,347,98,384,206,406,508,306,500,212,320
86,54,28,11,73,12,58,24,24,34,56,51,109,36,39,32,53,103,70,3,41,55,45,29,33,14,33,27,37,71,108,184,38,72,15,74,59,10,42,75,36,15,53,21,60,58,46,66,22,53
330,249,110,47,300,51,239,71,90,109,229,328,492,188,147,123,222,520,262,41,67,289,174,139,177,82,194,129,116,316,442,772,171,223,66,309,259,41,134,341,145,45,200,99,220,263,184,304,105,176
530,495,211,85,524,110,521,158,161,218,463,570,942,326,276,291,369,924,476,55,289,261,303,186,370,145,371,223,265,639,735,1448,273,477,115,559,460,93,252,575,320,97,404,196,396,484,305,494,210,349
358,261,112,52,320,67,261,97,84,125,252,330,510,178,161,181,220,509,314,45,174,303,98,118,199,74,185,136,169,358,450,826,167,297,55,320,277,55,159,291,190,63,208,95,234,270,196,278,117,226
214,184,86,31,217,40,198,47,61,98,172,238,355,118,99,111,141,370,204,29,139,186,118,31,120,46,109,98,99,247,301,566,116,178,47,218,167,39,76,210,132,26,167,79,146,181,127,210,67,146
364,275,156,54,296,82,300,73,96,152,308,381,610,192,171,174,241,615,367,33,177,370,199,120,102,82,200,150,164,402,487,967,198,283,67,330,319,54,171,336,241,64,245,132,243,300,198,330,116,224
123,104,51,28,129,36,140,33,35,63,109,143,224,74,73,72,96,227,141,14,82,145,74,46,82,13,77,56,73,131,194,366,83,116,27,129,139,16,61,132,79,32,106,56,112,116,84,150,48,87
359,289,143,66,350,100,354,85,105,159,310,403,632,178,197,198,243,611,380,33,194,371,185,109,200,77,116,151,154,398,536,1016,173,326,67,352,332,48,150,371,260,71,292,149,267,306,210,342,119,210
256,178,92,40,230,56,211,78,69,88,194,262,413,141,117,131,177,424,233,27,129,223,136,98,150,56,151,55,108,322,350,633,114,217,45,226,202,31,110,242,150,43,205,96,156,223,119,255,81,151
284,190,98,53,258,56,236,85,86,104,228,261,429,170,151,155,208,443,246,37,116,265,169,99,164,73,154,108,68,296,356,685,120,228,46,283,252,37,146,249,167,51,197,103,207,238,162,266,92,166
677,595,244,96,671,136,607,190,232,270,508,732,1099,396,321,331,450,1067,636,71,316,639,358,247,402,131,398,322,296,386,1030,1855,382,556,128,686,602,115,351,696,407,119,489,241,478,639,369,670,228,431
696,674,308,112,798,150,722,255,258,295,668,901,1453,512,410,438,538,1453,747,108,442,735,450,301,487,194,536,350,356,1030,571,2180,438,733,165,753,723,128,377,828,512,157,587,324,628,742,471,773,316,469
1292,1291,610,225,1498,279,1354,442,468,531,1173,1690,2549,930,741,779,1025,2554,1479,184,772,1448,826,566,967,366,1016,633,685,1855,2180,1964,782,1330,326,1550,1343,245,710,1569,965,309,1122,563,1172,1357,943,1460,526,924
250,252,107,47,266,63,263,86,99,97,190,323,517,187,151,142,223,525,287,38,171,273,167,116,198,83,173,114,120,382,438,782,70,280,76,293,267,49,144,296,185,47,187,111,222,270,188,285,105,169
504,403,186,95,498,118,459,136,149,187,404,521,844,280,254,248,326,844,483,72,223,477,297,178,283,116,326,217,228,556,733,1330,280,217,111,504,407,71,244,478,303,99,327,163,377,454,288,473,186,325
108,107,55,18,107,31,112,39,42,49,86,116,210,59,70,60,88,204,117,15,66,115,55,47,67,27,67,45,46,128,165,326,76,111,10,111,100,23,60,129,69,19,87,37,103,115,64,120,38,80
534,453,203,87,541,137,563,155,179,226,498,581,1017,308,288,317,375,1001,520,74,309,559,320,218,330,129,352,226,283,686,753,1550,293,504,111,273,497,97,278,600,371,108,416,205,440,496,333,533,193,351
515,409,161,68,456,110,474,124,133,190,360,486,850,293,256,287,337,854,457,59,259,460,277,167,319,139,332,202,252,602,723,1343,267,407,100,497,183,66,226,472,313,91,348,164,359,472,299,510,174,328
87,65,35,18,70,24,88,25,28,34,70,87,179,66,36,25,70,166,97,10,41,93,55,39,54,16,48,31,37,115,128,245,49,71,23,97,66,7,34,91,49,13,67,36,62,81,53,87,37,66
256,201,106,46,258,56,227,80,83,97,192,272,467,184,131,140,174,466,254,42,134,252,159,76,171,61,150,110,146,351,377,710,144,244,60,278,226,34,60,275,161,55,215,96,183,225,176,276,97,155
525,456,230,79,529,114,500,157,185,194,439,645,1002,357,286,317,422,975,549,75,341,575,291,210,336,132,371,242,249,696,828,1569,296,478,129,600,472,91,275,302,380,109,407,213,420,489,334,605,207,338
341,323,125,71,292,73,338,95,99,130,294,373,605,196,161,204,274,594,347,36,145,320,190,132,241,79,260,150,167,407,512,965,185,303,69,371,313,49,161,380,99,65,256,148,287,329,220,374,118,202
118,80,39,16,104,22,99,26,38,40,91,119,187,67,54,54,86,191,98,15,45,97,63,26,64,32,71,43,51,119,157,309,47,99,19,108,91,13,55,109,65,6,82,43,61,104,63,126,40,72
397,328,166,63,371,83,394,123,138,166,346,455,747,277,175,228,298,705,384,53,200,404,208,167,245,106,292,205,197,489,587,1122,187,327,87,416,348,67,215,407,256,82,127,145,304,367,223,400,115,264
193,187,86,26,206,45,179,55,58,76,137,223,343,126,83,98,128,344,206,21,99,196,95,79,132,56,149,96,103,241,324,563,111,163,37,205,164,36,96,213,148,43,145,40,148,166,115,213,67,132
449,346,165,65,441,83,349,105,111,159,335,424,703,249,190,221,301,736,406,60,220,396,234,146,243,112,267,156,207,478,628,1172,222,377,103,440,359,62,183,420,287,61,304,148,142,396,251,402,144,289
476,447,195,82,488,105,447,139,162,177,399,555,930,313,233,293,337,959,508,58,263,484,270,181,300,116,306,223,238,639,742,1357,270,454,115,496,472,81,225,489,329,104,367,166,396,226,303,502,204,329
361,249,132,51,280,63,316,94,92,133,267,348,575,177,172,157,245,538,306,46,184,305,196,127,198,84,210,119,162,369,471,943,188,288,64,333,299,53,176,334,220,63,223,115,251,303,97,345,135,213
492,471,183,86,550,110,484,174,168,201,430,593,970,348,264,311,361,971,500,66,304,494,278,210,330,150,342,255,266,670,773,1460,285,473,120,533,510,87,276,605,374,126,400,213,402,502,345,243,228,341
183,170,77,28,183,43,201,57,60,79,147,214,329,110,97,104,142,298,212,22,105,210,117,67,116,48,119,81,92,228,316,526,105,186,38,193,174,37,97,207,118,40,115,67,144,204,135,228,34,120
380,329,114,54,352,87,369,102,122,150,316,376,563,219,178,201,235,590,320,53,176,349,226,146,224,87,210,151,166,431,469,924,169,325,80,351,328,66,155,338,202,72,264,132,289,329,213,341,120,126
