257,463,238,87,528,114,465,170,167,246,453,545,780,389,309,330,329,768,464,72,292,518,365,224,389,138,342,266,307,587,661,1173,244,464,101,513,496,83,257,508,327,95,372,180,413,420,350,482,165,365
463,186,159,83,447,101,446,142,132,162,366,458,808,288,216,225,324,778,419,59,246,469,255,182,275,126,321,182,197,562,693,1210,251,423,97,425,403,70,247,461,298,99,353,169,320,434,259,478,139,297
238,159,39,30,185,41,163,60,46,88,160,198,333,108,110,109,140,367,197,28,113,213,116,85,121,45,116,89,88,231,268,541,115,185,40,213,182,30,87,238,136,41,131,67,161,212,102,217,74,130
87,83,30,5,74,17,64,31,33,47,84,89,137,54,44,52,60,144,73,7,52,73,58,43,62,29,62,38,42,106,124,209,42,70,18,100,73,15,34,103,47,23,59,32,65,72,58,98,31,69
528,447,185,74,260,103,485,180,155,209,434,571,907,347,242,324,373,928,523,62,271,550,312,208,339,132,356,222,243,641,825,1421,270,467,112,521,482,85,295,573,328,100,392,193,432,465,316,536,186,345
114,101,41,17,103,9,99,39,42,52,98,112,204,67,66,69,78,182,104,9,72,109,73,46,85,35,76,57,58,142,148,277,58,103,30,122,93,21,56,121,78,32,101,39,84,86,75,123,43,81
465,446,163,64,485,99,242,143,169,176,459,521,857,287,266,253,355,852,507,52,266,487,291,202,315,126,318,237,227,611,740,1375,230,454,107,523,411,83,246,552,358,112,377,179,359,444,296,510,170,329
170,142,60,31,180,39,143,32,48,67,144,168,260,89,75,74,105,263,156,23,73,149,104,57,87,45,106,70,82,181,210,430,79,148,35,163,136,18,76,160,99,24,113,54,98,150,96,144,62,113
167,132,46,33,155,42,169,48,23,68,157,191,296,111,97,94,127,282,175,15,88,167,100,79,112,44,110,69,77,211,255,437,88,155,36,171,156,30,93,174,106,39,126,55,126,137,91,176,60,119
246,162,88,47,209,52,176,67,68,34,158,231,356,140,127,116,159,353,209,32,132,198,121,75,141,58,144,109,100,233,283,558,104,196,36,219,201,38,101,204,142,35,138,62,164,181,130,207,73,147
453,366,160,84,434,98,459,144,157,158,159,485,734,295,243,256,319,754,439,57,230,444,266,172,302,110,289,217,214,546,590,1170,243,394,91,439,406,81,246,435,303,81,329,160,381,436,276,429,164,294
545,458,198,89,571,112,521,168,191,231,485,327,1036,368,290,325,379,1076,559,64,330,570,320,227,333,135,342,252,287,692,826,1589,301,511,146,604,509,93,266,615,384,119,441,218,428,524,369,579,219,384
780,808,333,137,907,204,857,260,296,356,734,1036,835,583,506,495,649,1541,884,109,503,871,543,327,632,249,640,432,441,1134,1273,2424,486,819,214,942,847,156,412,958,596,180,698,347,724,829,601,940,370,582
389,288,108,54,347,67,287,89,111,140,295,368,583,113,156,190,221,611,350,42,177,372,201,136,238,73,220,147,159,403,522,924,181,304,69,331,306,64,159,338,197,72,250,120,256,313,219,339,126,238
309,216,110,44,242,66,266,75,97,127,243,290,506,156,73,133,208,465,267,36,139,274,184,110,177,59,171,123,131,309,382,734,171,259,62,260,256,47,140,279,173,50,197,96,224,233,168,285,114,184
330,225,109,52,324,69,253,74,94,116,256,325,495,190,133,81,214,510,274,44,144,283,178,120,179,66,174,121,135,352,404,791,156,263,67,252,294,49,162,321,186,61,224,108,245,269,184,294,94,197
329,324,140,60,373,78,355,105,127,159,319,379,649,221,208,214,109,630,344,43,209,386,232,148,288,107,254,157,172,480,532,983,187,330,70,374,322,55,186,414,262,77,276,128,280,324,254,397,133,227
768,778,367,144,928,182,852,263,282,353,754,1076,1541,611,465,510,630,866,895,127,508,924,555,388,608,216,583,434,430,1082,1358,2533,503,827,211,940,851,180,427,952,585,195,682,355,734,808,557,954,335,577
464,419,197,73,523,104,507,156,175,209,439,559,884,350,267,274,344,895,238,60,273,471,303,215,339,99,347,241,254,608,754,1468,280,480,129,524,504,74,262,551,335,102,390,208,414,495,345,548,199,357
72,59,28,7,62,9,52,23,15,32,57,64,109,42,36,44,43,127,60,6,29,53,39,30,37,10,41,22,28,84,90,160,33,66,13,50,63,9,29,67,47,7,42,29,48,57,46,63,24,46
292,246,113,52,271,72,266,73,88,132,230,330,503,177,139,144,209,508,273,29,67,291,164,120,169,73,187,125,158,327,411,778,135,245,64,283,275,57,125,288,194,55,221,84,224,252,172,303,94,188
518,469,213,73,550,109,487,149,167,198,444,570,871,372,274,283,386,924,471,53,291,260,311,223,343,118,357,265,266,597,723,1434,262,418,129,523,470,74,255,533,338,99,379,188,418,436,332,544,178,369
365,255,116,58,312,73,291,104,100,121,266,320,543,201,184,178,232,555,303,39,164,311,80,127,221,84,248,167,146,348,453,818,141,292,67,316,262,49,155,321,201,75,208,118,239,313,171,295,116,208
224,182,85,43,208,46,202,57,79,75,172,227,327,136,110,120,148,388,215,30,120,223,127,42,152,50,152,107,103,282,297,535,93,207,46,201,177,40,108,221,152,40,157,65,162,193,138,215,79,139
389,275,121,62,339,85,315,87,112,141,302,333,632,238,177,179,288,608,339,37,169,343,221,152,108,89,231,138,170,394,489,952,158,328,77,349,295,44,155,332,218,64,249,114,277,331,205,341,128,221
138,126,45,29,132,35,126,45,44,58,110,135,249,73,59,66,107,216,99,10,73,118,84,50,89,14,70,47,60,155,196,359,77,128,23,127,112,24,60,142,92,19,103,41,89,129,86,138,51,94
342,321,116,62,356,76,318,106,110,144,289,342,640,220,171,174,254,583,347,41,187,357,248,152,231,70,114,148,177,389,518,974,192,344,63,318,309,57,161,374,248,72,287,123,283,315,221,371,133,233
266,182,89,38,222,57,237,70,69,109,217,252,432,147,123,121,157,434,241,22,125,265,167,107,138,47,148,51,115,281,342,658,149,226,60,233,216,41,112,238,137,53,196,101,199,227,149,246,105,176
307,197,88,42,243,58,227,82,77,100,214,287,441,159,131,135,172,430,254,28,158,266,146,103,170,60,177,115,60,293,375,701,152,239,60,261,241,45,116,270,142,55,174,87,220,243,169,250,101,159
587,562,231,106,641,142,611,181,211,233,546,692,1134,403,309,352,480,1082,608,84,327,597,348,282,394,155,389,281,293,414,981,1818,372,583,141,663,593,105,303,706,408,129,455,233,449,607,403,656,236,412
661,693,268,124,825,148,740,210,255,283,590,826,1273,522,382,404,532,1358,754,90,411,723,453,297,489,196,518,342,375,981,524,2030,405,690,172,798,699,133,371,800,527,147,553,270,585,738,448,803,278,491
1173,1210,541,209,1421,277,1375,430,437,558,1170,1589,2424,924,734,791,983,2533,1468,160,778,1434,818,535,952,359,974,658,701,1818,2030,1928,717,1310,282,1520,1295,244,652,1416,943,281,1046,551,1123,1265,865,1446,484,937
244,251,115,42,270,58,230,79,88,104,243,301,486,181,171,156,187,503,280,33,135,262,141,93,158,77,192,149,152,372,405,717,70,236,67,286,247,40,127,283,191,48,193,100,212,248,174,284,95,169
464,423,185,70,467,103,454,148,155,196,394,511,819,304,259,263,330,827,480,66,245,418,292,207,328,128,344,226,239,583,690,1310,236,198,99,479,405,77,250,492,306,92,380,183,377,422,305,487,187,339
101,97,40,18,112,30,107,35,36,36,91,146,214,69,62,67,70,211,129,13,64,129,67,46,77,23,63,60,60,141,172,282,67,99,9,110,111,19,51,100,74,26,79,46,104,111,57,130,36,89
513,425,213,100,521,122,523,163,171,219,439,604,942,331,260,252,374,940,524,50,283,523,316,201,349,127,318,233,261,663,798,1520,286,479,110,298,495,82,249,607,363,102,403,227,420,481,324,575,208,334
496,403,182,73,482,93,411,136,156,201,406,509,847,306,256,294,322,851,504,63,275,470,262,177,295,112,309,216,241,593,699,1295,247,405,111,495,218,69,224,526,300,111,363,175,373,435,297,462,175,334
83,70,30,15,85,21,83,18,30,38,81,93,156,64,47,49,55,180,74,9,57,74,49,40,44,24,57,41,45,105,133,244,40,77,19,82,69,10,34,103,71,12,60,31,49,60,54,88,21,56
257,247,87,34,295,56,246,76,93,101,246,266,412,159,140,162,186,427,262,29,125,255,155,108,155,60,161,112,116,303,371,652,127,250,51,249,224,34,70,266,174,44,173,88,185,216,158,254,90,191
508,461,238,103,573,121,552,160,174,204,435,615,958,338,279,321,414,952,551,67,288,533,321,221,332,142,374,238,270,706,800,1416,283,492,100,607,526,103,266,281,402,111,440,193,419,506,300,555,202,356
327,298,136,47,328,78,358,99,106,142,303,384,596,197,173,186,262,585,335,47,194,338,201,152,218,92,248,137,142,408,527,943,191,306,74,363,300,71,174,402,104,69,258,130,277,320,194,364,140,258
95,99,41,23,100,32,112,24,39,35,81,119,180,72,50,61,77,195,102,7,55,99,75,40,64,19,72,53,55,129,147,281,48,92,26,102,111,12,44,111,69,9,81,49,78,82,67,97,38,81
372,353,131,59,392,101,377,113,126,138,329,441,698,250,197,224,276,682,390,42,221,379,208,157,249,103,287,196,174,455,553,1046,193,380,79,403,363,60,173,440,258,81,131,158,300,366,253,366,123,251
180,169,67,32,193,39,179,54,55,62,160,218,347,120,96,108,128,355,208,29,84,188,118,65,114,41,123,101,87,233,270,551,100,183,46,227,175,31,88,193,130,49,158,43,135,178,108,179,71,134
413,320,161,65,432,84,359,98,126,164,381,428,724,256,224,245,280,734,414,48,224,418,239,162,277,89,283,199,220,449,585,1123,212,377,104,420,373,49,185,419,277,78,300,135,175,385,263,407,165,264
420,434,212,72,465,86,444,150,137,181,436,524,829,313,233,269,324,808,495,57,252,436,313,193,331,129,315,227,243,607,738,1265,248,422,111,481,435,60,216,506,320,82,366,178,385,224,276,488,175,285
350,259,102,58,316,75,296,96,91,130,276,369,601,219,168,184,254,557,345,46,172,332,171,138,205,86,221,149,169,403,448,865,174,305,57,324,297,54,158,300,194,67,253,108,263,276,92,347,120,197
482,478,217,98,536,123,510,144,176,207,429,579,940,339,285,294,397,954,548,63,303,544,295,215,341,138,371,246,250,656,803,1446,284,487,130,575,462,88,254,555,364,97,366,179,407,488,347,268,180,324
165,139,74,31,186,43,170,62,60,73,164,219,370,126,114,94,133,335,199,24,94,178,116,79,128,51,133,105,101,236,278,484,95,187,36,208,175,21,90,202,140,38,123,71,165,175,120,180,36,143
365,297,130,69,345,81,329,113,119,147,294,384,582,238,184,197,227,577,357,46,188,369,208,139,221,94,233,176,159,412,491,937,169,339,89,334,334,56,191,356,258,81,251,134,264,285,197,324,143,120
