250,426,235,90,523,97,447,191,182,234,426,504,809,347,321,327,340,792,504,66,337,487,344,190,322,138,343,296,287,619,696,1200,234,490,108,538,463,85,245,464,332,107,375,165,415,451,327,495,170,351
426,186,169,70,464,67,433,130,148,187,398,448,774,287,209,242,317,780,458,62,234,467,259,171,289,112,293,195,229,554,662,1236,215,385,110,407,365,83,222,493,301,89,338,155,378,423,298,473,142,286
235,169,31,40,198,50,208,54,77,70,167,216,357,125,107,118,147,342,204,30,114,207,132,84,128,60,148,95,103,254,334,581,124,166,55,210,198,21,100,218,137,40,167,82,178,190,118,230,91,147
90,70,40,8,91,21,86,22,28,35,71,78,157,62,51,42,59,139,73,16,63,96,61,39,57,22,62,30,47,109,138,194,48,77,20,84,73,14,48,84,71,28,55,34,66,70,61,86,32,73
523,464,198,91,251,112,477,142,157,210,414,598,945,331,270,294,358,911,477,63,243,519,323,202,337,131,331,238,233,656,740,1421,285,450,128,552,478,100,261,517,319,107,356,164,440,464,312,530,213,326
97,67,50,21,112,13,92,33,30,49,91,95,196,67,66,61,76,183,113,20,94,120,70,51,71,29,83,47,54,129,190,292,64,96,20,124,96,18,53,83,66,28,77,35,91,119,70,110,39,97
447,433,208,86,477,92,217,136,178,206,401,500,865,275,250,267,360,869,526,68,286,491,278,182,290,140,339,214,248,637,741,1287,269,443,122,498,478,72,242,475,317,110,377,161,362,522,305,490,181,347
191,130,54,22,142,33,136,23,38,71,130,162,273,96,94,88,106,277,148,13,81,140,82,53,104,49,95,64,72,186,207,415,94,128,30,169,139,18,68,141,98,36,123,49,124,134,101,156,63,110
182,148,77,28,157,30,178,38,18,76,125,189,314,109,79,98,135,338,182,19,79,175,96,59,102,36,109,89,75,221,260,465,97,149,41,184,167,23,75,156,116,31,124,52,148,164,98,176,66,113
234,187,70,35,210,49,206,71,76,51,185,210,370,156,119,135,164,351,218,27,116,236,132,100,118,59,136,73,85,237,312,560,109,208,36,204,205,37,104,229,136,32,156,79,173,185,133,197,72,159
426,398,167,71,414,91,401,130,125,185,170,472,741,302,229,246,284,751,419,57,233,461,277,188,279,107,286,170,191,519,648,1193,221,410,119,448,412,70,219,462,273,78,295,165,381,370,270,417,147,301
504,448,216,78,598,95,500,162,189,210,472,327,988,359,268,308,386,1016,545,66,310,550,322,204,345,113,369,252,279,669,868,1562,284,495,124,603,511,100,274,603,378,141,432,228,433,515,354,595,191,350
809,774,357,157,945,196,865,273,314,370,741,988,820,556,512,523,615,1444,910,123,487,938,517,341,583,241,623,441,450,1106,1402,2357,430,804,198,927,843,176,441,984,607,188,697,342,740,828,585,934,339,592
347,287,125,62,331,67,275,96,109,156,302,359,556,112,157,182,233,558,332,61,178,347,194,142,176,76,202,154,163,437,511,866,166,331,75,305,319,49,187,359,212,72,258,117,246,312,208,353,109,234
321,209,107,51,270,66,250,94,79,119,229,268,512,157,72,135,208,499,276,28,144,303,145,105,182,90,209,113,128,325,378,766,141,275,57,282,280,40,141,279,167,43,195,88,208,255,182,293,98,186
327,242,118,42,294,61,267,88,98,135,246,308,523,182,135,58,209,540,299,35,141,321,161,126,183,85,197,124,137,340,446,841,157,272,79,298,280,56,132,312,199,41,200,105,215,274,161,315,129,190
340,317,147,59,358,76,360,106,135,164,284,386,615,233,208,209,117,617,320,37,213,342,192,136,237,84,252,179,194,447,498,1015,184,349,79,365,347,65,186,357,221,63,280,148,303,316,222,371,140,203
792,780,342,139,911,183,869,277,338,351,751,1016,1444,558,499,540,617,776,914,92,505,943,498,354,575,249,629,449,423,1077,1395,2415,491,836,208,915,831,160,467,947,608,176,712,351,705,830,558,944,341,625
504,458,204,73,477,113,526,148,182,218,419,545,910,332,276,299,320,914,255,60,287,439,308,194,330,129,357,225,248,631,757,1461,252,470,104,554,500,79,258,517,319,106,365,196,397,483,297,532,172,305
66,62,30,16,63,20,68,13,19,27,57,66,123,61,28,35,37,92,60,5,32,70,32,31,37,23,46,28,34,81,97,171,34,65,20,58,55,9,31,73,45,16,51,22,50,58,33,52,31,48
337,234,114,63,243,94,286,81,79,116,233,310,487,178,144,141,213,505,287,32,66,285,169,104,179,63,176,122,144,335,393,775,167,259,73,287,282,43,140,299,181,44,197,101,215,278,162,314,120,191
487,467,207,96,519,120,491,140,175,236,461,550,938,347,303,321,342,943,439,70,285,234,303,225,330,131,331,249,261,660,688,1408,243,473,114,527,503,85,244,522,304,104,388,182,373,512,354,531,186,328
344,259,132,61,323,70,278,82,96,132,277,322,517,194,145,161,192,498,308,32,169,303,72,138,183,80,205,144,147,343,471,827,148,292,62,300,294,55,141,324,191,51,226,104,244,266,180,306,92,194
190,171,84,39,202,51,182,53,59,100,188,204,341,142,105,126,136,354,194,31,104,225,138,54,134,58,137,94,112,260,322,588,114,202,53,198,176,26,97,201,116,27,143,87,177,200,148,213,70,151
322,289,128,57,337,71,290,104,102,118,279,345,583,176,182,183,237,575,330,37,179,330,183,134,123,92,208,162,169,408,494,944,196,287,93,292,286,59,176,349,232,64,260,119,239,308,231,341,135,225
138,112,60,22,131,29,140,49,36,59,107,113,241,76,90,85,84,249,129,23,63,131,80,58,92,14,79,58,70,171,196,389,84,122,29,104,125,26,66,140,75,27,90,53,110,127,72,122,41,94
343,293,148,62,331,83,339,95,109,136,286,369,623,202,209,197,252,629,357,46,176,331,205,137,208,79,129,146,166,426,535,1021,212,303,91,321,314,54,191,372,208,67,257,116,280,304,200,380,128,235
296,195,95,30,238,47,214,64,89,73,170,252,441,154,113,124,179,449,225,28,122,249,144,94,162,58,146,55,123,286,365,705,127,211,50,231,202,39,116,235,178,55,180,79,206,236,140,232,97,168
287,229,103,47,233,54,248,72,75,85,191,279,450,163,128,137,194,423,248,34,144,261,147,112,169,70,166,123,61,298,370,711,119,225,56,268,238,34,122,278,150,47,198,85,201,213,157,260,87,189
619,554,254,109,656,129,637,186,221,237,519,669,1106,437,325,340,447,1077,631,81,335,660,343,260,408,171,426,286,298,399,984,1784,327,585,135,671,610,92,334,690,420,122,543,234,506,567,382,626,242,406
696,662,334,138,740,190,741,207,260,312,648,868,1402,511,378,446,498,1395,757,97,393,688,471,322,494,196,535,365,370,984,531,2149,416,703,167,842,742,122,364,788,515,164,587,296,594,690,478,763,289,487
1200,1236,581,194,1421,292,1287,415,465,560,1193,1562,2357,866,766,841,1015,2415,1461,171,775,1408,827,588,944,389,1021,705,711,1784,2149,1850,703,1251,303,1518,1281,229,689,1492,933,277,1061,560,1117,1323,911,1379,499,942
234,215,124,48,285,64,269,94,97,109,221,284,430,166,141,157,184,491,252,34,167,243,148,114,196,84,212,127,119,327,416,703,57,240,51,304,255,48,130,294,171,61,206,103,213,250,177,272,90,197
490,385,166,77,450,96,443,128,149,208,410,495,804,331,275,272,349,836,470,65,259,473,292,202,287,122,303,211,225,585,703,1251,240,209,98,482,414,79,242,506,324,99,370,155,345,434,295,495,181,336
108,110,55,20,128,20,122,30,41,36,119,124,198,75,57,79,79,208,104,20,73,114,62,53,93,29,91,50,56,135,167,303,51,98,22,97,106,15,50,153,86,24,80,37,97,100,70,128,36,75
538,407,210,84,552,124,498,169,184,204,448,603,927,305,282,298,365,915,554,58,287,527,300,198,292,104,321,231,268,671,842,1518,304,482,97,288,503,98,282,554,314,100,399,221,388,502,295,524,203,333
463,365,198,73,478,96,478,139,167,205,412,511,843,319,280,280,347,831,500,55,282,503,294,176,286,125,314,202,238,610,742,1281,255,414,106,503,223,72,263,461,302,100,376,170,396,464,280,533,176,319
85,83,21,14,100,18,72,18,23,37,70,100,176,49,40,56,65,160,79,9,43,85,55,26,59,26,54,39,34,92,122,229,48,79,15,98,72,8,31,83,64,19,67,26,60,74,54,81,27,63
245,222,100,48,261,53,242,68,75,104,219,274,441,187,141,132,186,467,258,31,140,244,141,97,176,66,191,116,122,334,364,689,130,242,50,282,263,31,73,249,178,45,185,116,216,229,155,275,100,160
464,493,218,84,517,83,475,141,156,229,462,603,984,359,279,312,357,947,517,73,299,522,324,201,349,140,372,235,278,690,788,1492,294,506,153,554,461,83,249,299,328,117,374,216,430,486,369,539,178,342
332,301,137,71,319,66,317,98,116,136,273,378,607,212,167,199,221,608,319,45,181,304,191,116,232,75,208,178,150,420,515,933,171,324,86,314,302,64,178,328,121,76,269,106,258,287,212,369,129,233
107,89,40,28,107,28,110,36,31,32,78,141,188,72,43,41,63,176,106,16,44,104,51,27,64,27,67,55,47,122,164,277,61,99,24,100,100,19,45,117,76,10,82,40,78,110,63,103,36,75
375,338,167,55,356,77,377,123,124,156,295,432,697,258,195,200,280,712,365,51,197,388,226,143,260,90,257,180,198,543,587,1061,206,370,80,399,376,67,185,374,269,82,154,147,312,369,223,371,154,264
165,155,82,34,164,35,161,49,52,79,165,228,342,117,88,105,148,351,196,22,101,182,104,87,119,53,116,79,85,234,296,560,103,155,37,221,170,26,116,216,106,40,147,27,143,182,107,211,71,131
415,378,178,66,440,91,362,124,148,173,381,433,740,246,208,215,303,705,397,50,215,373,244,177,239,110,280,206,201,506,594,1117,213,345,97,388,396,60,216,430,258,78,312,143,154,353,245,436,153,287
451,423,190,70,464,119,522,134,164,185,370,515,828,312,255,274,316,830,483,58,278,512,266,200,308,127,304,236,213,567,690,1323,250,434,100,502,464,74,229,486,287,110,369,182,353,208,299,484,150,296
327,298,118,61,312,70,305,101,98,133,270,354,585,208,182,161,222,558,297,33,162,354,180,148,231,72,200,140,157,382,478,911,177,295,70,295,280,54,155,369,212,63,223,107,245,299,97,331,117,217
495,473,230,86,530,110,490,156,176,197,417,595,934,353,293,315,371,944,532,52,314,531,306,213,341,122,380,232,260,626,763,1379,272,495,128,524,533,81,275,539,369,103,371,211,436,484,331,275,195,371
170,142,91,32,213,39,181,63,66,72,147,191,339,109,98,129,140,341,172,31,120,186,92,70,135,41,128,97,87,242,289,499,90,181,36,203,176,27,100,178,129,36,154,71,153,150,117,195,28,112
351,286,147,73,326,97,347,110,113,159,301,350,592,234,186,190,203,625,305,48,191,328,194,151,225,94,235,168,189,406,487,942,197,336,75,333,319,63,160,342,233,75,264,131,287,296,217,371,112,102
