238,470,195,81,504,101,477,172,173,239,458,507,817,382,300,312,373,832,508,59,301,524,346,218,387,153,386,254,318,603,687,1225,243,447,123,467,461,90,251,457,332,113,340,179,433,390,336,463,188,367
470,204,166,67,428,100,416,122,119,172,364,479,794,297,188,232,304,835,464,54,224,484,226,159,267,93,309,197,228,576,701,1181,209,392,103,497,419,72,223,472,279,89,365,149,329,421,254,491,170,295
195,166,50,28,182,38,189,69,53,89,187,221,355,165,104,114,152,362,218,29,112,183,115,84,137,39,123,94,99,230,296,564,110,164,44,207,193,27,98,228,129,44,151,62,162,188,118,195,64,131
81,67,28,8,102,19,87,32,31,34,78,79,119,63,38,37,52,149,81,14,50,81,66,40,57,24,57,40,49,122,114,194,41,84,19,72,83,9,42,73,48,16,67,44,69,69,53,77,35,40
504,428,182,102,244,133,489,165,163,223,431,557,880,319,260,292,385,861,524,69,312,519,292,223,362,155,380,262,260,648,759,1380,254,480,102,543,477,83,241,526,323,104,410,180,426,468,296,488,180,374
101,100,38,19,133,9,106,40,37,38,87,114,158,74,54,55,76,177,117,13,68,105,71,49,73,34,67,62,62,148,175,294,64,108,26,115,96,16,57,99,64,25,90,43,79,111,70,112,37,70
477,416,189,87,489,106,223,147,174,187,410,533,861,293,252,271,337,838,485,82,262,466,298,186,304,117,338,242,225,603,743,1327,266,435,110,499,462,64,245,516,305,90,362,177,366,432,275,484,183,299
172,122,69,32,165,40,147,19,46,88,170,162,282,88,77,97,105,272,127,21,78,148,98,60,102,35,98,62,77,173,233,449,87,131,44,138,134,25,67,174,92,19,134,53,111,128,89,158,57,122
173,119,53,31,163,37,174,46,22,81,146,153,284,113,94,107,113,287,163,21,93,175,96,65,123,37,103,74,90,211,299,460,92,157,43,170,139,32,67,199,113,30,126,61,142,152,97,183,65,109
239,172,89,34,223,38,187,88,81,43,162,256,373,143,113,134,165,376,234,31,101,225,118,77,155,54,147,108,113,276,330,581,100,191,41,216,182,26,109,227,124,44,182,77,182,185,124,230,75,153
458,364,187,78,431,87,410,170,146,162,162,475,742,294,230,267,319,739,483,54,236,436,232,173,300,115,312,240,223,535,666,1144,235,437,105,426,380,79,202,447,267,106,339,148,356,412,256,432,148,312
507,479,221,79,557,114,533,162,153,256,475,288,923,379,311,327,387,995,531,57,281,572,342,214,340,134,380,241,257,676,810,1502,278,529,113,571,502,99,262,602,385,120,428,218,423,483,342,584,186,358
817,794,355,119,880,158,861,282,284,373,742,923,803,629,486,525,664,1440,908,133,550,939,519,352,602,233,612,441,447,1149,1330,2300,459,813,196,1003,860,159,466,964,579,209,684,345,726,795,571,923,332,600
382,297,165,63,319,74,293,88,113,143,294,379,629,88,166,165,241,626,315,54,176,348,179,124,219,92,211,150,154,440,505,901,191,305,70,363,297,56,143,351,227,60,243,125,278,290,181,333,120,218
300,188,104,38,260,54,252,77,94,113,230,311,486,166,84,150,176,509,250,31,145,227,186,97,196,66,158,125,131,321,385,728,150,253,52,250,263,34,120,286,172,58,227,101,210,218,163,282,92,181
312,232,114,37,292,55,271,97,107,134,267,327,525,165,150,90,212,528,285,32,131,287,178,130,205,64,180,147,146,361,396,796,157,259,67,293,282,39,161,294,178,69,239,118,240,230,189,297,122,214
373,304,152,52,385,76,337,105,113,165,319,387,664,241,176,212,113,692,342,54,185,341,225,130,253,92,266,187,190,470,544,1032,199,342,90,349,320,72,174,365,226,61,293,138,281,334,235,394,144,242
832,835,362,149,861,177,838,272,287,376,739,995,1440,626,509,528,692,799,910,126,520,865,548,311,584,229,621,429,496,1120,1287,2329,467,812,199,967,867,145,470,934,598,215,684,364,733,795,535,911,329,591
508,464,218,81,524,117,485,127,163,234,483,531,908,315,250,285,342,910,281,64,257,496,264,201,359,155,361,245,282,625,727,1463,280,465,124,518,475,89,252,576,333,116,389,187,444,462,316,507,200,335
59,54,29,14,69,13,82,21,21,31,54,57,133,54,31,32,54,126,64,6,30,77,29,22,39,17,46,22,44,76,108,169,38,65,12,61,75,12,26,76,38,9,56,18,54,61,42,75,22,37
301,224,112,50,312,68,262,78,93,101,236,281,550,176,145,131,185,520,257,30,89,279,194,119,221,85,194,127,128,354,419,785,149,257,59,268,255,38,140,314,173,55,212,101,254,239,172,324,112,191
524,484,183,81,519,105,466,148,175,225,436,572,939,348,227,287,341,865,496,77,279,249,293,209,357,144,347,252,259,657,729,1409,290,457,102,548,462,88,250,543,355,113,385,184,423,494,335,557,187,370
346,226,115,66,292,71,298,98,96,118,232,342,519,179,186,178,225,548,264,29,194,293,94,108,165,82,199,142,143,362,455,824,185,279,75,319,314,52,154,305,200,65,236,115,235,274,189,334,112,204
218,159,84,40,223,49,186,60,65,77,173,214,352,124,97,130,130,311,201,22,119,209,108,39,122,42,148,87,107,251,300,577,108,201,53,209,205,33,109,190,152,35,154,65,158,171,116,206,69,139
387,267,137,57,362,73,304,102,123,155,300,340,602,219,196,205,253,584,359,39,221,357,165,122,108,93,206,162,164,414,494,933,173,323,79,348,321,61,169,375,212,66,234,107,250,329,201,356,125,242
153,93,39,24,155,34,117,35,37,54,115,134,233,92,66,64,92,229,155,17,85,144,82,42,93,13,81,59,60,169,182,401,66,115,31,122,126,26,68,140,80,25,90,40,104,119,86,123,48,73
386,309,123,57,380,67,338,98,103,147,312,380,612,211,158,180,266,621,361,46,194,347,199,148,206,81,113,159,166,457,491,965,176,310,91,354,322,49,178,360,211,62,265,111,293,312,197,363,125,231
254,197,94,40,262,62,242,62,74,108,240,241,441,150,125,147,187,429,245,22,127,252,142,87,162,59,159,50,120,294,388,637,141,203,42,239,216,36,124,214,146,54,196,89,193,232,153,281,89,166
318,228,99,49,260,62,225,77,90,113,223,257,447,154,131,146,190,496,282,44,128,259,143,107,164,60,166,120,68,330,373,654,138,241,69,276,233,33,142,264,176,43,207,84,232,241,152,295,97,184
603,576,230,122,648,148,603,173,211,276,535,676,1149,440,321,361,470,1120,625,76,354,657,362,251,414,169,457,294,330,374,964,1711,318,565,129,635,601,99,282,656,454,125,455,224,506,583,389,654,227,437
687,701,296,114,759,175,743,233,299,330,666,810,1330,505,385,396,544,1287,727,108,419,729,455,300,494,182,491,388,373,964,538,2043,410,691,191,795,668,126,382,815,501,142,531,275,589,723,468,749,282,499
1225,1181,564,194,1380,294,1327,449,460,581,1144,1502,2300,901,728,796,1032,2329,1463,169,785,1409,824,577,933,401,965,637,654,1711,2043,1795,691,1266,298,1515,1274,251,695,1453,908,304,1027,559,1068,1234,823,1389,487,953
243,209,110,41,254,64,266,87,92,100,235,278,459,191,150,157,199,467,280,38,149,290,185,108,173,66,176,141,138,318,410,691,55,242,55,306,256,46,142,293,175,72,211,105,214,230,170,281,103,179
447,392,164,84,480,108,435,131,157,191,437,529,813,305,253,259,342,812,465,65,257,457,279,201,323,115,310,203,241,565,691,1266,242,226,99,458,418,73,198,474,315,91,374,165,366,420,294,500,170,289
123,103,44,19,102,26,110,44,43,41,105,113,196,70,52,67,90,199,124,12,59,102,75,53,79,31,91,42,69,129,191,298,55,99,10,141,108,14,61,140,83,34,80,47,100,107,60,111,40,90
467,497,207,72,543,115,499,138,170,216,426,571,1003,363,250,293,349,967,518,61,268,548,319,209,348,122,354,239,276,635,795,1515,306,458,141,254,496,84,247,557,348,112,384,226,436,496,309,548,196,336
461,419,193,83,477,96,462,134,139,182,380,502,860,297,263,282,320,867,475,75,255,462,314,205,321,126,322,216,233,601,668,1274,256,418,108,496,230,65,225,500,296,93,356,196,407,439,297,481,204,295
90,72,27,9,83,16,64,25,32,26,79,99,159,56,34,39,72,145,89,12,38,88,52,33,61,26,49,36,33,99,126,251,46,73,14,84,65,9,40,87,52,18,63,30,70,86,62,89,38,65
251,223,98,42,241,57,245,67,67,109,202,262,466,143,120,161,174,470,252,26,140,250,154,109,169,68,178,124,142,282,382,695,142,198,61,247,225,40,68,232,164,47,197,92,174,235,161,253,87,203
457,472,228,73,526,99,516,174,199,227,447,602,964,351,286,294,365,934,576,76,314,543,305,190,375,140,360,214,264,656,815,1453,293,474,140,557,500,87,232,287,357,113,402,196,421,480,331,537,212,365
332,279,129,48,323,64,305,92,113,124,267,385,579,227,172,178,226,598,333,38,173,355,200,152,212,80,211,146,176,454,501,908,175,315,83,348,296,52,164,357,104,64,257,97,272,282,210,350,131,229
113,89,44,16,104,25,90,19,30,44,106,120,209,60,58,69,61,215,116,9,55,113,65,35,66,25,62,54,43,125,142,304,72,91,34,112,93,18,47,113,64,11,72,34,79,89,62,114,41,70
340,365,151,67,410,90,362,134,126,182,339,428,684,243,227,239,293,684,389,56,212,385,236,154,234,90,265,196,207,455,531,1027,211,374,80,384,356,63,197,402,257,72,128,145,293,348,238,385,129,260
179,149,62,44,180,43,177,53,61,77,148,218,345,125,101,118,138,364,187,18,101,184,115,65,107,40,111,89,84,224,275,559,105,165,47,226,196,30,92,196,97,34,145,33,148,175,107,200,73,124
433,329,162,69,426,79,366,111,142,182,356,423,726,278,210,240,281,733,444,54,254,423,235,158,250,104,293,193,232,506,589,1068,214,366,100,436,407,70,174,421,272,79,293,148,162,396,246,396,142,273
390,421,188,69,468,111,432,128,152,185,412,483,795,290,218,230,334,795,462,61,239,494,274,171,329,119,312,232,241,583,723,1234,230,420,107,496,439,86,235,480,282,89,348,175,396,234,304,512,144,293
336,254,118,53,296,70,275,89,97,124,256,342,571,181,163,189,235,535,316,42,172,335,189,116,201,86,197,153,152,389,468,823,170,294,60,309,297,62,161,331,210,62,238,107,246,304,91,347,104,203
463,491,195,77,488,112,484,158,183,230,432,584,923,333,282,297,394,911,507,75,324,557,334,206,356,123,363,281,295,654,749,1389,281,500,111,548,481,89,253,537,350,114,385,200,396,512,347,248,208,366
188,170,64,35,180,37,183,57,65,75,148,186,332,120,92,122,144,329,200,22,112,187,112,69,125,48,125,89,97,227,282,487,103,170,40,196,204,38,87,212,131,41,129,73,142,144,104,208,37,132
367,295,131,40,374,70,299,122,109,153,312,358,600,218,181,214,242,591,335,37,191,370,204,139,242,73,231,166,184,437,499,953,179,289,90,336,295,65,203,365,229,70,260,124,273,293,203,366,132,112
