269,476,216,82,509,104,425,189,185,241,482,532,816,378,305,343,383,854,503,79,329,521,314,202,376,168,371,289,305,658,693,1222,250,482,105,503,479,92,280,486,318,92,356,182,429,429,335,480,188,371
476,175,174,77,452,96,401,133,147,171,365,506,785,265,180,212,348,797,427,59,223,466,237,170,275,105,255,192,217,546,654,1240,215,418,96,460,415,60,212,470,276,96,336,184,335,408,282,442,149,290
216,174,31,34,220,45,188,64,57,86,181,227,372,142,108,112,142,381,190,19,117,220,117,77,127,51,124,94,105,270,306,549,103,204,38,205,188,34,92,209,139,44,152,75,155,187,118,224,74,130
82,77,34,12,87,21,80,37,22,44,90,108,155,68,46,48,62,146,92,19,49,91,51,32,56,20,56,50,49,110,125,190,38,92,12,75,91,15,53,87,54,19,60,44,71,91,55,81,26,57
509,452,220,87,297,112,492,151,143,223,434,603,933,335,267,294,367,923,514,70,286,519,321,203,351,138,353,221,274,684,822,1406,269,448,113,545,487,93,259,564,326,115,388,182,432,468,301,521,181,345
104,96,45,21,112,9,111,41,35,74,102,122,208,95,52,70,92,191,132,30,65,133,65,43,79,32,87,59,57,160,166,288,49,111,21,98,97,22,61,124,64,29,80,43,95,110,80,112,36,85
425,401,188,80,492,111,224,149,168,211,405,569,870,328,241,246,366,868,519,71,260,502,277,195,296,123,322,239,245,642,745,1305,226,441,80,465,416,82,239,529,332,93,390,165,339,452,281,482,159,308
189,133,64,37,151,41,149,26,43,64,142,178,269,107,55,88,121,262,154,15,88,160,90,44,88,33,80,79,69,188,223,390,69,142,38,148,159,20,74,150,100,36,96,49,113,153,93,157,51,116
185,147,57,22,143,35,168,43,19,65,166,200,295,119,89,94,148,290,178,15,85,161,94,71,113,64,119,76,90,184,247,462,91,133,39,169,163,21,80,185,119,34,118,54,129,150,97,178,59,111
241,171,86,44,223,74,211,64,65,42,147,200,369,126,107,116,169,358,219,32,104,212,128,85,131,59,128,104,102,250,293,510,85,171,45,214,189,23,110,210,141,39,146,73,169,178,125,178,67,126
482,365,181,90,434,102,405,142,166,147,184,441,736,276,244,254,353,758,434,62,267,446,260,173,296,110,259,210,230,576,612,1088,203,420,100,449,383,72,197,430,274,97,295,169,346,395,283,433,162,252
532,506,227,108,603,122,569,178,200,200,441,327,1019,364,298,329,394,1024,583,65,290,607,329,223,387,146,394,259,275,715,846,1659,334,485,125,580,534,92,288,588,373,130,464,194,467,507,384,598,217,354
816,785,372,155,933,208,870,269,295,369,736,1019,828,638,462,519,643,1462,881,108,505,932,546,379,613,223,630,450,447,1185,1391,2471,539,879,201,946,838,167,432,959,641,194,739,349,755,809,602,962,331,632
378,265,142,68,335,95,328,107,119,126,276,364,638,113,162,180,237,592,320,49,181,355,174,112,213,76,193,169,190,417,483,883,181,337,69,331,319,61,138,336,214,69,247,102,256,289,205,369,130,202
305,180,108,46,267,52,241,55,89,107,244,298,462,162,67,144,192,475,258,34,160,278,150,114,174,85,185,137,113,314,389,696,132,249,55,266,250,46,127,294,163,60,222,96,225,271,159,289,110,167
343,212,112,48,294,70,246,88,94,116,254,329,519,180,144,89,210,521,284,41,153,317,171,108,195,82,177,118,140,340,412,782,141,262,69,284,267,50,149,300,166,60,245,105,232,278,168,320,124,166
383,348,142,62,367,92,366,121,148,169,353,394,643,237,192,210,128,664,393,62,214,397,232,131,243,95,239,162,179,469,539,974,196,352,78,384,364,64,209,415,258,79,287,134,270,311,228,348,130,253
854,797,381,146,923,191,868,262,290,358,758,1024,1462,592,475,521,664,819,861,118,545,883,519,361,642,235,631,428,418,1158,1374,2497,532,841,201,985,835,160,438,974,599,193,702,336,740,816,594,965,326,591
503,427,190,92,514,132,519,154,178,219,434,583,881,320,258,284,393,861,250,55,281,480,284,207,336,132,309,263,246,616,741,1387,254,467,109,562,470,78,275,578,347,105,366,209,426,460,324,544,187,344
79,59,19,19,70,30,71,15,15,32,62,65,108,49,34,41,62,118,55,6,28,58,45,29,38,18,43,32,39,66,103,170,23,60,12,66,81,12,38,65,43,3,49,22,72,66,31,78,21,44
329,223,117,49,286,65,260,88,85,104,267,290,505,181,160,153,214,545,281,28,77,279,166,113,186,78,205,141,121,335,442,819,188,261,51,270,270,45,138,281,190,64,194,125,230,283,199,311,127,185
521,466,220,91,519,133,502,160,161,212,446,607,932,355,278,317,397,883,480,58,279,257,301,207,364,142,330,251,261,632,762,1399,262,487,111,577,512,82,270,537,352,105,367,178,407,483,325,527,185,357
314,237,117,51,321,65,277,90,94,128,260,329,546,174,150,171,232,519,284,45,166,301,75,109,191,76,210,145,147,397,406,800,160,295,74,271,275,42,162,327,206,53,255,99,215,278,184,280,102,170
202,170,77,32,203,43,195,44,71,85,173,223,379,112,114,108,131,361,207,29,113,207,109,46,143,51,137,115,108,266,313,575,120,198,38,222,165,37,88,233,136,38,165,63,171,181,129,212,61,145
376,275,127,56,351,79,296,88,113,131,296,387,613,213,174,195,243,642,336,38,186,364,191,143,104,84,217,159,184,448,479,923,189,319,87,322,293,57,146,340,218,68,269,119,248,303,215,347,123,243
168,105,51,20,138,32,123,33,64,59,110,146,223,76,85,82,95,235,132,18,78,142,76,51,84,14,67,42,58,146,187,364,78,119,31,142,124,15,68,125,91,24,101,47,103,119,94,124,62,88
371,255,124,56,353,87,322,80,119,128,259,394,630,193,185,177,239,631,309,43,205,330,210,137,217,67,97,134,174,424,497,1004,192,330,79,354,313,47,174,362,229,70,270,119,257,324,223,370,118,233
289,192,94,50,221,59,239,79,76,104,210,259,450,169,137,118,162,428,263,32,141,251,145,115,159,42,134,60,118,293,367,674,137,225,47,238,237,48,116,239,157,49,179,89,202,216,130,248,91,157
305,217,105,49,274,57,245,69,90,102,230,275,447,190,113,140,179,418,246,39,121,261,147,108,184,58,174,118,56,334,371,676,156,245,58,259,234,40,136,262,168,54,195,92,203,245,181,277,86,178
658,546,270,110,684,160,642,188,184,250,576,715,1185,417,314,340,469,1158,616,66,335,632,397,266,448,146,424,293,334,412,971,1856,383,613,130,669,617,102,339,720,430,123,492,217,525,569,402,689,228,413
693,654,306,125,822,166,745,223,247,293,612,846,1391,483,389,412,539,1374,741,103,442,762,406,313,479,187,497,367,371,971,589,2155,384,704,173,813,739,141,407,853,536,150,525,289,598,685,498,778,291,507
1222,1240,549,190,1406,288,1305,390,462,510,1088,1659,2471,883,696,782,974,2497,1387,170,819,1399,800,575,923,364,1004,674,676,1856,2155,1990,732,1269,322,1531,1243,286,702,1509,919,320,1055,524,1109,1247,891,1404,523,929
250,215,103,38,269,49,226,69,91,85,203,334,539,181,132,141,196,532,254,23,188,262,160,120,189,78,192,137,156,383,384,732,72,260,63,291,242,50,121,305,172,50,201,109,237,249,191,279,130,193
482,418,204,92,448,111,441,142,133,171,420,485,879,337,249,262,352,841,467,60,261,487,295,198,319,119,330,225,245,613,704,1269,260,232,106,500,465,82,226,487,286,91,357,177,393,459,274,467,169,307
105,96,38,12,113,21,80,38,39,45,100,125,201,69,55,69,78,201,109,12,51,111,74,38,87,31,79,47,58,130,173,322,63,106,13,121,97,23,46,105,74,20,95,36,78,103,73,124,46,66
503,460,205,75,545,98,465,148,169,214,449,580,946,331,266,284,384,985,562,66,270,577,271,222,322,142,354,238,259,669,813,1531,291,500,121,271,480,99,293,582,331,106,394,186,392,520,330,531,194,375
479,415,188,91,487,97,416,159,163,189,383,534,838,319,250,267,364,835,470,81,270,512,275,165,293,124,313,237,234,617,739,1243,242,465,97,480,230,87,247,497,296,85,381,174,370,448,285,497,167,300
92,60,34,15,93,22,82,20,21,23,72,92,167,61,46,50,64,160,78,12,45,82,42,37,57,15,47,48,40,102,141,286,50,82,23,99,87,3,38,75,50,19,52,29,74,95,53,102,36,42
280,212,92,53,259,61,239,74,80,110,197,288,432,138,127,149,209,438,275,38,138,270,162,88,146,68,174,116,136,339,407,702,121,226,46,293,247,38,68,256,165,56,197,94,188,236,156,262,96,195
486,470,209,87,564,124,529,150,185,210,430,588,959,336,294,300,415,974,578,65,281,537,327,233,340,125,362,239,262,720,853,1509,305,487,105,582,497,75,256,313,372,99,408,221,431,537,347,553,177,366
318,276,139,54,326,64,332,100,119,141,274,373,641,214,163,166,258,599,347,43,190,352,206,136,218,91,229,157,168,430,536,919,172,286,74,331,296,50,165,372,115,84,229,133,284,336,209,375,147,218
92,96,44,19,115,29,93,36,34,39,97,130,194,69,60,60,79,193,105,3,64,105,53,38,68,24,70,49,54,123,150,320,50,91,20,106,85,19,56,99,84,13,77,33,80,97,57,104,39,70
356,336,152,60,388,80,390,96,118,146,295,464,739,247,222,245,287,702,366,49,194,367,255,165,269,101,270,179,195,492,525,1055,201,357,95,394,381,52,197,408,229,77,156,132,322,325,244,402,157,254
182,184,75,44,182,43,165,49,54,73,169,194,349,102,96,105,134,336,209,22,125,178,99,63,119,47,119,89,92,217,289,524,109,177,36,186,174,29,94,221,133,33,132,30,136,205,93,191,63,119
429,335,155,71,432,95,339,113,129,169,346,467,755,256,225,232,270,740,426,72,230,407,215,171,248,103,257,202,203,525,598,1109,237,393,78,392,370,74,188,431,284,80,322,136,169,387,247,429,148,258
429,408,187,91,468,110,452,153,150,178,395,507,809,289,271,278,311,816,460,66,283,483,278,181,303,119,324,216,245,569,685,1247,249,459,103,520,448,95,236,537,336,97,325,205,387,218,302,507,177,320
335,282,118,55,301,80,281,93,97,125,283,384,602,205,159,168,228,594,324,31,199,325,184,129,215,94,223,130,181,402,498,891,191,274,73,330,285,53,156,347,209,57,244,93,247,302,97,327,123,184
480,442,224,81,521,112,482,157,178,178,433,598,962,369,289,320,348,965,544,78,311,527,280,212,347,124,370,248,277,689,778,1404,279,467,124,531,497,102,262,553,375,104,402,191,429,507,327,246,181,357
188,149,74,26,181,36,159,51,59,67,162,217,331,130,110,124,130,326,187,21,127,185,102,61,123,62,118,91,86,228,291,523,130,169,46,194,167,36,96,177,147,39,157,63,148,177,123,181,42,102
371,290,130,57,345,85,308,116,111,126,252,354,632,202,167,166,253,591,344,44,185,357,170,145,243,88,233,157,178,413,507,929,193,307,66,375,300,42,195,366,218,70,254,119,258,320,184,357,102,99
