259,445,210,73,469,108,458,167,170,267,451,525,848,334,315,349,334,871,513,60,313,489,345,194,378,124,378,279,321,635,734,1176,239,451,114,506,471,90,260,457,326,105,373,169,425,436,318,497,173,376
445,187,153,58,446,93,389,147,143,186,400,445,791,296,232,245,315,816,432,43,217,457,246,210,291,118,289,189,213,558,665,1224,250,396,85,453,406,81,233,494,262,92,339,167,368,460,256,422,169,306
210,153,45,43,218,52,209,61,65,77,165,205,345,136,104,119,137,349,202,24,111,242,107,86,128,37,116,83,106,262,298,586,105,184,58,199,204,33,107,225,117,48,153,83,183,174,111,219,83,131
73,58,43,9,93,17,84,24,30,37,58,88,152,50,53,52,68,123,81,8,52,92,59,35,63,21,66,44,57,99,109,208,49,94,17,93,89,16,36,95,51,15,65,43,66,86,53,78,30,58
469,446,218,93,242,104,497,146,156,219,448,588,944,304,326,336,365,948,479,80,266,528,329,196,346,122,316,274,279,608,782,1427,284,513,125,547,473,93,232,564,348,80,364,201,444,498,306,514,208,363
108,93,52,17,104,12,89,39,45,46,90,102,197,63,63,69,98,191,110,10,60,112,73,47,86,24,71,60,55,142,153,272,55,101,28,107,100,33,65,125,73,25,61,55,79,109,76,107,45,78
458,389,209,84,497,89,219,128,153,179,419,514,866,287,274,311,345,838,501,55,279,487,281,203,340,106,342,225,236,594,693,1285,242,462,124,497,449,84,253,488,322,107,362,179,393,436,288,498,170,354
167,147,61,24,146,39,128,19,35,48,118,162,288,109,82,95,100,279,157,26,71,145,97,66,106,29,94,79,72,191,230,446,92,156,47,150,146,17,74,147,94,35,142,54,111,130,70,158,67,106
170,143,65,30,156,45,153,35,36,68,142,175,302,101,92,90,105,292,166,12,91,175,112,79,117,39,117,67,86,187,243,464,80,136,29,178,142,23,71,185,109,32,125,62,131,155,100,169,53,114
267,186,77,37,219,46,179,48,68,45,189,241,386,122,102,107,162,314,213,24,108,204,158,68,160,53,125,110,116,227,303,554,128,210,44,221,167,34,86,218,100,51,149,66,168,175,143,213,67,141
451,400,165,58,448,90,419,118,142,189,194,454,798,282,217,261,353,770,432,47,255,457,282,156,272,93,294,202,208,539,666,1189,248,403,91,456,390,84,194,461,258,90,326,158,346,395,274,441,158,304
525,445,205,88,588,102,514,162,175,241,454,312,1029,318,246,296,379,1008,529,77,291,556,311,214,361,135,360,265,272,773,876,1594,322,533,141,589,502,104,263,632,358,104,446,198,391,489,332,536,203,344
848,791,345,152,944,197,866,288,302,386,798,1029,845,578,459,561,646,1455,935,127,480,948,527,348,563,241,641,441,459,1189,1358,2430,451,855,191,975,809,162,444,982,637,185,676,370,754,769,574,893,298,596
334,296,136,50,304,63,287,109,101,122,282,318,578,117,181,205,237,573,337,43,174,364,207,129,213,70,210,153,168,395,490,876,180,313,75,319,294,54,177,341,207,76,248,108,279,315,209,332,127,235
315,232,104,53,326,63,274,82,92,102,217,246,459,181,77,146,168,513,295,43,159,297,166,118,168,65,181,123,124,362,372,770,135,242,59,262,277,31,132,311,171,54,211,100,219,224,180,278,92,167
349,245,119,52,336,69,311,95,90,107,261,296,561,205,146,84,189,579,291,40,154,319,180,149,188,66,175,139,131,340,439,895,152,268,59,297,318,37,152,337,191,54,219,95,263,271,187,310,112,162
334,315,137,68,365,98,345,100,105,162,353,379,646,237,168,189,139,630,387,44,203,393,240,137,233,98,243,179,179,452,544,1017,177,368,65,349,336,59,194,353,241,79,268,136,284,366,226,349,115,251
871,816,349,123,948,191,838,279,292,314,770,1008,1455,573,513,579,630,769,941,130,495,905,522,340,571,226,665,438,430,1129,1360,2437,464,849,169,1001,827,159,443,960,639,192,693,379,712,796,572,918,308,593
513,432,202,81,479,110,501,157,166,213,432,529,935,337,295,291,387,941,274,65,314,491,284,186,298,127,343,218,212,647,752,1440,292,481,104,565,463,81,269,499,329,105,410,202,396,473,333,546,184,343
60,43,24,8,80,10,55,26,12,24,47,77,127,43,43,40,44,130,65,4,31,63,41,19,35,16,40,34,24,72,93,213,42,52,11,72,62,9,33,64,39,7,46,35,60,65,48,75,24,43
313,217,111,52,266,60,279,71,91,108,255,291,480,174,159,154,203,495,314,31,87,272,159,119,191,66,182,140,151,330,431,757,160,277,65,292,280,49,148,305,188,54,212,106,216,256,168,316,107,183
489,457,242,92,528,112,487,145,175,204,457,556,948,364,297,319,393,905,491,63,272,271,310,212,336,130,348,241,258,652,749,1455,296,495,105,549,470,84,263,558,336,100,378,211,413,482,319,515,183,367
345,246,107,59,329,73,281,97,112,158,282,311,527,207,166,180,240,522,284,41,159,310,106,118,208,68,192,131,133,378,429,814,163,305,63,323,315,47,166,314,181,55,244,103,241,269,190,290,116,226
194,210,86,35,196,47,203,66,79,68,156,214,348,129,118,149,137,340,186,19,119,212,118,38,136,57,145,90,95,265,315,541,108,177,50,207,207,29,96,197,116,44,176,79,163,190,134,220,77,150
378,291,128,63,346,86,340,106,117,160,272,361,563,213,168,188,233,571,298,35,191,336,208,136,96,73,220,157,169,397,512,878,143,312,101,364,326,59,185,366,218,76,236,131,252,292,213,352,123,247
124,118,37,21,122,24,106,29,39,53,93,135,241,70,65,66,98,226,127,16,66,130,68,57,73,15,75,53,73,157,188,358,65,126,37,126,122,19,58,127,74,29,86,41,89,134,72,142,56,91
378,289,116,66,316,71,342,94,117,125,294,360,641,210,181,175,243,665,343,40,182,348,192,145,220,75,105,144,166,439,512,999,173,309,88,329,332,51,164,371,228,75,265,117,265,319,217,369,158,252
279,189,83,44,274,60,225,79,67,110,202,265,441,153,123,139,179,438,218,34,140,241,131,90,157,53,144,53,106,310,354,707,124,224,66,239,240,37,111,239,137,66,216,82,220,209,129,262,88,161
321,213,106,57,279,55,236,72,86,116,208,272,459,168,124,131,179,430,212,24,151,258,133,95,169,73,166,106,70,298,398,701,131,257,63,266,253,45,103,260,170,43,185,84,192,245,170,262,102,185
635,558,262,99,608,142,594,191,187,227,539,773,1189,395,362,340,452,1129,647,72,330,652,378,265,397,157,439,310,298,376,945,1845,355,584,138,650,590,124,319,658,419,134,490,243,523,615,421,692,248,438
734,665,298,109,782,153,693,230,243,303,666,876,1358,490,372,439,544,1360,752,93,431,749,429,315,512,188,512,354,398,945,587,2040,429,683,170,788,670,125,380,767,529,151,548,293,575,709,448,787,298,532
1176,1224,586,208,1427,272,1285,446,464,554,1189,1594,2430,876,770,895,1017,2437,1440,213,757,1455,814,541,878,358,999,707,701,1845,2040,1922,720,1301,309,1518,1238,242,720,1397,910,303,1062,511,1093,1278,877,1418,503,888
239,250,105,49,284,55,242,92,80,128,248,322,451,180,135,152,177,464,292,42,160,296,163,108,143,65,173,124,131,355,429,720,63,257,54,286,236,56,123,298,191,51,186,110,190,232,177,242,97,195
451,396,184,94,513,101,462,156,136,210,403,533,855,313,242,268,368,849,481,52,277,495,305,177,312,126,309,224,257,584,683,1301,257,241,116,482,445,83,225,518,284,91,374,165,364,448,306,486,156,328
114,85,58,17,125,28,124,47,29,44,91,141,191,75,59,59,65,169,104,11,65,105,63,50,101,37,88,66,63,138,170,309,54,116,8,106,117,30,60,121,73,18,80,49,107,106,80,113,33,89
506,453,199,93,547,107,497,150,178,221,456,589,975,319,262,297,349,1001,565,72,292,549,323,207,364,126,329,239,266,650,788,1518,286,482,106,269,472,87,273,553,352,99,450,185,432,517,351,565,217,362
471,406,204,89,473,100,449,146,142,167,390,502,809,294,277,318,336,827,463,62,280,470,315,207,326,122,332,240,253,590,670,1238,236,445,117,472,234,78,242,504,322,94,357,164,395,403,285,504,174,298
90,81,33,16,93,33,84,17,23,34,84,104,162,54,31,37,59,159,81,9,49,84,47,29,59,19,51,37,45,124,125,242,56,83,30,87,78,8,45,87,59,16,70,34,62,78,56,104,37,54
260,233,107,36,232,65,253,74,71,86,194,263,444,177,132,152,194,443,269,33,148,263,166,96,185,58,164,111,103,319,380,720,123,225,60,273,242,45,70,254,156,60,191,111,224,248,131,281,92,154
457,494,225,95,564,125,488,147,185,218,461,632,982,341,311,337,353,960,499,64,305,558,314,197,366,127,371,239,260,658,767,1397,298,518,121,553,504,87,254,265,297,113,398,225,430,494,345,557,194,375
326,262,117,51,348,73,322,94,109,100,258,358,637,207,171,191,241,639,329,39,188,336,181,116,218,74,228,137,170,419,529,910,191,284,73,352,322,59,156,297,110,67,259,127,271,299,198,361,108,228
105,92,48,15,80,25,107,35,32,51,90,104,185,76,54,54,79,192,105,7,54,100,55,44,76,29,75,66,43,134,151,303,51,91,18,99,94,16,60,113,67,10,86,36,70,86,68,123,36,80
373,339,153,65,364,61,362,142,125,149,326,446,676,248,211,219,268,693,410,46,212,378,244,176,236,86,265,216,185,490,548,1062,186,374,80,450,357,70,191,398,259,86,143,154,307,328,254,414,141,240
169,167,83,43,201,55,179,54,62,66,158,198,370,108,100,95,136,379,202,35,106,211,103,79,131,41,117,82,84,243,293,511,110,165,49,185,164,34,111,225,127,36,154,32,128,182,101,198,58,137
425,368,183,66,444,79,393,111,131,168,346,391,754,279,219,263,284,712,396,60,216,413,241,163,252,89,265,220,192,523,575,1093,190,364,107,432,395,62,224,430,271,70,307,128,170,345,231,427,136,297
436,460,174,86,498,109,436,130,155,175,395,489,769,315,224,271,366,796,473,65,256,482,269,190,292,134,319,209,245,615,709,1278,232,448,106,517,403,78,248,494,299,86,328,182,345,219,312,492,178,323
318,256,111,53,306,76,288,70,100,143,274,332,574,209,180,187,226,572,333,48,168,319,190,134,213,72,217,129,170,421,448,877,177,306,80,351,285,56,131,345,198,68,254,101,231,312,96,306,105,224
497,422,219,78,514,107,498,158,169,213,441,536,893,332,278,310,349,918,546,75,316,515,290,220,352,142,369,262,262,692,787,1418,242,486,113,565,504,104,281,557,361,123,414,198,427,492,306,257,167,353
173,169,83,30,208,45,170,67,53,67,158,203,298,127,92,112,115,308,184,24,107,183,116,77,123,56,158,88,102,248,298,503,97,156,33,217,174,37,92,194,108,36,141,58,136,178,105,167,24,144
376,306,131,58,363,78,354,106,114,141,304,344,596,235,167,162,251,593,343,43,183,367,226,150,247,91,252,161,185,438,532,888,195,328,89,362,298,54,154,375,228,80,240,137,297,323,224,353,144,126
