258,432,212,97,511,105,455,175,169,230,440,510,765,371,302,346,378,790,506,65,334,481,338,198,362,153,389,261,317,597,693,1125,246,461,102,505,447,84,245,456,315,98,360,166,446,416,324,504,170,395
432,209,171,67,488,83,420,140,146,181,381,519,782,308,228,231,278,782,471,53,228,469,236,163,282,104,283,208,197,542,660,1229,236,403,105,419,405,51,218,511,280,88,349,177,364,440,286,446,165,289
212,171,26,42,192,58,208,74,59,75,180,245,358,133,113,128,141,323,209,22,91,213,101,64,122,49,133,108,103,247,304,562,93,184,30,199,179,34,120,215,151,46,161,77,162,185,118,217,65,145
97,67,42,5,85,16,67,24,30,28,56,83,145,44,48,50,71,137,74,12,58,59,42,32,52,20,53,40,33,119,110,198,43,65,15,103,64,10,43,94,54,13,68,30,62,65,49,102,24,57
511,488,192,85,275,102,520,144,185,209,447,565,929,329,256,285,365,911,518,56,261,506,321,214,340,137,343,257,243,636,805,1391,257,447,116,528,497,86,251,563,355,92,391,185,432,442,318,492,193,342
105,83,58,16,102,14,115,38,49,48,86,133,187,73,69,83,85,187,115,13,67,104,61,48,79,20,63,50,58,146,177,271,58,101,34,126,93,14,56,123,67,30,77,37,95,103,57,111,33,75
455,420,208,67,520,115,213,145,155,183,405,507,864,311,301,301,348,850,495,64,289,519,299,191,333,110,319,234,246,579,767,1315,272,438,109,516,434,77,232,537,321,98,387,180,370,454,304,501,167,314
175,140,74,24,144,38,145,22,44,59,130,168,257,113,74,72,115,258,164,14,72,148,94,63,92,38,107,78,85,214,208,439,91,144,37,169,137,28,71,140,88,38,114,69,116,137,78,185,58,100
169,146,59,30,185,49,155,44,32,69,156,185,280,108,97,89,124,287,182,25,96,182,138,60,118,45,122,87,78,218,279,479,91,183,31,182,155,30,73,165,90,34,112,69,138,151,115,180,68,118
230,181,75,28,209,48,183,59,69,46,159,227,349,119,121,118,153,360,219,29,111,218,140,75,143,63,135,96,130,262,305,547,109,192,44,231,195,34,99,239,145,45,153,76,175,197,141,203,77,166
440,381,180,56,447,86,405,130,156,159,184,511,750,295,235,250,337,752,432,52,234,437,276,176,301,111,267,210,253,525,598,1123,237,404,83,467,411,72,217,473,258,85,335,165,371,361,280,408,158,330
510,519,245,83,565,133,507,168,185,227,511,310,998,333,299,336,404,986,577,60,287,564,328,215,359,139,375,247,281,646,898,1536,293,525,106,582,523,96,285,591,359,114,409,185,453,527,311,522,192,349
765,782,358,145,929,187,864,257,280,349,750,998,792,580,464,493,660,1435,935,123,481,952,549,350,638,227,615,410,470,1097,1333,2341,453,868,189,966,812,164,433,939,576,192,652,343,766,822,553,868,306,582
371,308,133,44,329,73,311,113,108,119,295,333,580,94,176,186,249,617,335,41,188,363,186,131,216,85,223,170,164,413,513,879,177,298,68,326,284,62,189,362,230,67,239,140,260,317,214,327,120,224
302,228,113,48,256,69,301,74,97,121,235,299,464,176,67,144,182,443,246,34,142,259,155,123,175,65,198,127,139,334,384,775,126,248,57,270,266,36,140,290,181,53,214,97,245,222,171,283,97,180
346,231,128,50,285,83,301,72,89,118,250,336,493,186,144,78,186,501,276,37,146,279,154,130,190,68,193,137,150,397,438,829,158,273,57,280,293,47,141,298,190,50,232,100,255,245,171,277,105,198
378,278,141,71,365,85,348,115,124,153,337,404,660,249,182,186,135,644,402,46,197,368,204,151,241,94,230,186,178,450,591,1032,206,364,83,372,356,67,193,386,233,71,266,153,288,359,215,373,142,283
790,782,323,137,911,187,850,258,287,360,752,986,1435,617,443,501,644,768,886,111,488,885,534,357,595,232,643,400,485,1075,1327,2371,456,845,196,958,833,160,479,934,584,195,669,351,764,782,582,921,314,579
506,471,209,74,518,115,495,164,182,219,432,577,935,335,246,276,402,886,268,47,266,499,311,204,324,150,367,258,285,624,772,1432,266,487,111,535,470,76,264,531,315,98,411,223,412,493,316,524,191,343
65,53,22,12,56,13,64,14,25,29,52,60,123,41,34,37,46,111,47,2,36,61,41,37,47,20,43,25,31,64,103,184,34,46,12,65,58,11,28,85,42,8,57,32,62,39,49,67,25,45
334,228,91,58,261,67,289,72,96,111,234,287,481,188,142,146,197,488,266,36,83,275,151,100,177,68,194,114,149,319,374,771,165,268,68,271,260,45,136,293,155,56,220,98,224,247,169,297,118,188
481,469,213,59,506,104,519,148,182,218,437,564,952,363,259,279,368,885,499,61,275,269,321,236,365,160,402,261,275,596,764,1473,267,467,124,512,495,73,256,545,333,89,410,204,435,477,318,488,197,368
338,236,101,42,321,61,299,94,138,140,276,328,549,186,155,154,204,534,311,41,151,321,96,152,188,66,201,148,137,380,482,832,178,290,64,305,271,38,151,294,202,64,217,111,254,300,197,337,122,218
198,163,64,32,214,48,191,63,60,75,176,215,350,131,123,130,151,357,204,37,100,236,152,44,140,52,137,105,102,225,315,544,120,183,49,213,190,24,92,214,109,40,161,76,172,206,151,206,60,108
362,282,122,52,340,79,333,92,118,143,301,359,638,216,175,190,241,595,324,47,177,365,188,140,98,74,192,165,162,440,524,925,188,322,80,350,331,54,162,376,217,63,275,131,287,332,217,366,126,204
153,104,49,20,137,20,110,38,45,63,111,139,227,85,65,68,94,232,150,20,68,160,66,52,74,16,73,53,71,151,208,369,63,139,37,143,122,22,61,152,87,26,99,49,95,129,83,132,46,97
389,283,133,53,343,63,319,107,122,135,267,375,615,223,198,193,230,643,367,43,194,402,201,137,192,73,107,128,169,418,521,981,200,295,92,336,351,51,168,365,228,60,268,147,288,326,243,350,135,231
261,208,108,40,257,50,234,78,87,96,210,247,410,170,127,137,186,400,258,25,114,261,148,105,165,53,128,63,119,296,384,645,131,219,55,233,226,38,114,250,139,38,167,85,218,217,160,233,100,171
317,197,103,33,243,58,246,85,78,130,253,281,470,164,139,150,178,485,285,31,149,275,137,102,162,71,169,119,66,308,391,675,142,242,54,249,240,39,128,250,157,62,210,108,188,245,157,250,95,174
597,542,247,119,636,146,579,214,218,262,525,646,1097,413,334,397,450,1075,624,64,319,596,380,225,440,151,418,296,308,353,911,1706,333,593,142,657,577,106,315,677,430,136,467,247,516,544,392,654,207,392
693,660,304,110,805,177,767,208,279,305,598,898,1333,513,384,438,591,1327,772,103,374,764,482,315,524,208,521,384,391,911,568,2043,404,738,164,860,705,117,381,828,519,162,555,286,616,672,478,783,266,493
1125,1229,562,198,1391,271,1315,439,479,547,1123,1536,2341,879,775,829,1032,2371,1432,184,771,1473,832,544,925,369,981,645,675,1706,2043,1835,638,1318,317,1471,1307,228,668,1490,982,278,1029,519,1107,1278,896,1406,472,899
246,236,93,43,257,58,272,91,91,109,237,293,453,177,126,158,206,456,266,34,165,267,178,120,188,63,200,131,142,333,404,638,59,253,57,315,255,39,134,289,175,59,188,97,213,251,169,332,99,197
461,403,184,65,447,101,438,144,183,192,404,525,868,298,248,273,364,845,487,46,268,467,290,183,322,139,295,219,242,593,738,1318,253,198,108,486,425,80,245,504,303,104,358,177,395,437,285,474,175,311
102,105,30,15,116,34,109,37,31,44,83,106,189,68,57,57,83,196,111,12,68,124,64,49,80,37,92,55,54,142,164,317,57,108,9,116,94,21,52,115,74,27,99,46,95,73,70,122,34,67
505,419,199,103,528,126,516,169,182,231,467,582,966,326,270,280,372,958,535,65,271,512,305,213,350,143,336,233,249,657,860,1471,315,486,116,263,483,85,269,599,353,117,406,192,384,488,335,544,196,368
447,405,179,64,497,93,434,137,155,195,411,523,812,284,266,293,356,833,470,58,260,495,271,190,331,122,351,226,240,577,705,1307,255,425,94,483,210,82,242,498,262,98,340,175,379,443,298,502,147,312
84,51,34,10,86,14,77,28,30,34,72,96,164,62,36,47,67,160,76,11,45,73,38,24,54,22,51,38,39,106,117,228,39,80,21,85,82,11,54,87,46,19,69,28,64,82,49,81,26,67
245,218,120,43,251,56,232,71,73,99,217,285,433,189,140,141,193,479,264,28,136,256,151,92,162,61,168,114,128,315,381,668,134,245,52,269,242,54,61,246,165,36,194,109,196,234,158,259,76,181
456,511,215,94,563,123,537,140,165,239,473,591,939,362,290,298,386,934,531,85,293,545,294,214,376,152,365,250,250,677,828,1490,289,504,115,599,498,87,246,273,326,94,422,195,430,530,356,536,191,352
315,280,151,54,355,67,321,88,90,145,258,359,576,230,181,190,233,584,315,42,155,333,202,109,217,87,228,139,157,430,519,982,175,303,74,353,262,46,165,326,95,56,236,117,273,330,223,350,121,216
98,88,46,13,92,30,98,38,34,45,85,114,192,67,53,50,71,195,98,8,56,89,64,40,63,26,60,38,62,136,162,278,59,104,27,117,98,19,36,94,56,9,92,45,78,95,63,87,46,86
360,349,161,68,391,77,387,114,112,153,335,409,652,239,214,232,266,669,411,57,220,410,217,161,275,99,268,167,210,467,555,1029,188,358,99,406,340,69,194,422,236,92,143,140,322,327,259,371,129,264
166,177,77,30,185,37,180,69,69,76,165,185,343,140,97,100,153,351,223,32,98,204,111,76,131,49,147,85,108,247,286,519,97,177,46,192,175,28,109,195,117,45,140,33,162,178,116,182,66,138
446,364,162,62,432,95,370,116,138,175,371,453,766,260,245,255,288,764,412,62,224,435,254,172,287,95,288,218,188,516,616,1107,213,395,95,384,379,64,196,430,273,78,322,162,174,379,294,440,144,279
416,440,185,65,442,103,454,137,151,197,361,527,822,317,222,245,359,782,493,39,247,477,300,206,332,129,326,217,245,544,672,1278,251,437,73,488,443,82,234,530,330,95,327,178,379,205,303,519,165,300
324,286,118,49,318,57,304,78,115,141,280,311,553,214,171,171,215,582,316,49,169,318,197,151,217,83,243,160,157,392,478,896,169,285,70,335,298,49,158,356,223,63,259,116,294,303,113,333,115,205
504,446,217,102,492,111,501,185,180,203,408,522,868,327,283,277,373,921,524,67,297,488,337,206,366,132,350,233,250,654,783,1406,332,474,122,544,502,81,259,536,350,87,371,182,440,519,333,249,203,400
170,165,65,24,193,33,167,58,68,77,158,192,306,120,97,105,142,314,191,25,118,197,122,60,126,46,135,100,95,207,266,472,99,175,34,196,147,26,76,191,121,46,129,66,144,165,115,203,31,102
395,289,145,57,342,75,314,100,118,166,330,349,582,224,180,198,283,579,343,45,188,368,218,108,204,97,231,171,174,392,493,899,197,311,67,368,312,67,181,352,216,86,264,138,279,300,205,400,102,105
