275,473,232,78,490,98,472,170,159,237,458,502,804,372,316,335,392,810,539,65,357,551,362,179,362,154,378,314,306,640,705,1196,260,489,126,553,475,94,240,477,327,127,338,161,452,428,325,501,177,388
473,168,157,73,441,94,409,141,148,172,348,473,774,247,244,243,292,769,442,61,231,437,244,173,262,96,280,208,212,590,682,1235,245,402,115,454,400,66,239,456,308,97,334,167,316,396,265,441,157,306
232,157,36,30,197,40,176,64,68,85,167,206,385,107,122,114,144,385,219,27,104,190,115,68,125,52,125,93,96,247,319,629,105,196,47,204,161,32,106,236,132,43,157,80,140,175,123,204,81,131
78,73,30,5,76,15,71,28,34,41,83,105,143,45,58,57,70,156,73,12,47,95,54,38,69,24,75,43,38,106,124,234,38,74,14,98,78,11,47,72,44,16,67,27,68,85,59,70,22,49
490,441,197,76,224,98,483,150,159,211,409,616,905,335,279,287,340,906,519,60,285,477,298,187,313,108,327,232,216,655,794,1425,285,480,132,579,490,68,250,544,353,131,419,203,380,458,330,536,193,340
98,94,40,15,98,11,98,35,46,54,118,150,181,61,66,71,79,203,120,12,57,130,74,53,82,42,86,62,46,143,168,303,63,93,29,125,100,16,55,104,74,24,74,40,74,87,71,101,36,77
472,409,176,71,483,98,199,143,174,198,409,550,879,285,269,299,333,912,525,61,298,527,283,183,325,138,344,245,258,617,773,1386,265,419,125,524,439,86,236,492,328,93,387,178,380,416,290,486,184,335
170,141,64,28,150,35,143,14,45,69,130,150,292,97,84,91,97,280,158,16,82,160,104,58,104,42,94,76,76,172,208,387,87,127,45,154,140,19,46,163,105,33,118,51,132,133,105,179,71,98
159,148,68,34,159,46,174,45,39,69,137,184,307,94,86,88,125,315,193,22,71,172,102,56,123,33,110,88,69,209,261,483,111,146,43,183,152,32,77,187,119,27,121,65,139,156,114,177,67,116
237,172,85,41,211,54,198,69,69,44,157,217,384,146,108,109,136,348,190,29,126,230,126,79,120,56,152,97,106,250,307,577,108,196,41,227,191,35,122,224,144,45,169,82,199,197,142,243,81,124
458,348,167,83,409,118,409,130,137,157,168,486,773,275,210,240,296,761,437,59,217,432,253,157,281,106,303,189,218,531,651,1148,229,423,101,475,386,68,206,445,305,96,307,149,353,398,274,451,142,267
502,473,206,105,616,150,550,150,184,217,486,323,1018,385,298,316,414,981,593,69,300,618,314,214,401,133,345,270,259,675,884,1616,328,556,122,595,511,98,273,621,378,105,452,207,460,562,362,581,215,358
804,774,385,143,905,181,879,292,307,384,773,1018,840,615,482,534,665,1502,929,110,482,963,497,386,591,233,604,466,446,1221,1341,2640,464,843,196,973,844,174,483,981,596,193,696,371,715,860,562,948,335,631
372,247,107,45,335,61,285,97,94,146,275,385,615,109,189,187,260,606,339,38,185,334,206,114,212,77,206,136,164,382,496,907,168,302,76,357,295,52,160,356,205,73,240,114,275,298,206,342,117,230
316,244,122,58,279,66,269,84,86,108,210,298,482,189,71,144,173,475,263,38,146,287,167,117,162,59,142,129,141,312,409,758,132,274,69,266,264,54,125,308,170,56,215,94,222,264,183,303,107,174
335,243,114,57,287,71,299,91,88,109,240,316,534,187,144,75,207,506,280,27,170,295,159,120,154,65,166,118,154,340,465,814,147,275,62,290,281,52,133,340,194,58,225,93,229,279,171,291,101,190
392,292,144,70,340,79,333,97,125,136,296,414,665,260,173,207,132,641,366,44,207,372,197,157,238,86,231,178,179,478,552,1045,203,314,87,376,358,68,160,400,244,76,254,144,293,365,239,381,164,243
810,769,385,156,906,203,912,280,315,348,761,981,1502,606,475,506,641,839,930,113,527,923,517,388,558,221,580,397,438,1195,1412,2559,469,828,215,970,871,187,481,995,608,200,717,348,694,847,573,957,349,597
539,442,219,73,519,120,525,158,193,190,437,593,929,339,263,280,366,930,254,57,282,496,301,207,356,132,369,228,257,673,806,1515,292,456,121,515,449,70,247,546,350,114,382,209,416,459,299,552,205,366
65,61,27,12,60,12,61,16,22,29,59,69,110,38,38,27,44,113,57,3,38,55,34,29,30,12,32,24,27,65,94,194,37,51,13,58,63,6,27,55,43,7,43,23,54,66,37,71,30,32
357,231,104,47,285,57,298,82,71,126,217,300,482,185,146,170,207,527,282,38,72,310,147,117,183,73,165,137,138,346,417,745,153,257,69,287,268,53,142,293,186,58,208,86,236,256,177,287,96,195
551,437,190,95,477,130,527,160,172,230,432,618,963,334,287,295,372,923,496,55,310,250,289,212,348,144,356,260,256,665,749,1423,244,500,118,532,490,67,257,541,336,90,362,220,416,484,298,513,206,365
362,244,115,54,298,74,283,104,102,126,253,314,497,206,167,159,197,517,301,34,147,289,86,118,194,61,169,129,177,343,428,833,154,281,82,329,310,59,157,297,196,71,238,105,251,288,171,336,113,184
179,173,68,38,187,53,183,58,56,79,157,214,386,114,117,120,157,388,207,29,117,212,118,37,121,63,147,78,111,252,310,571,109,184,55,211,201,36,102,212,137,51,148,74,155,183,119,212,67,129
362,262,125,69,313,82,325,104,123,120,281,401,591,212,162,154,238,558,356,30,183,348,194,121,90,75,207,163,176,377,513,941,178,313,85,362,334,61,182,362,204,75,231,118,237,312,187,350,140,241
154,96,52,24,108,42,138,42,33,56,106,133,233,77,59,65,86,221,132,12,73,144,61,63,75,14,72,68,73,141,194,350,63,110,30,135,123,21,41,149,86,33,103,39,103,116,66,124,43,101
378,280,125,75,327,86,344,94,110,152,303,345,604,206,142,166,231,580,369,32,165,356,169,147,207,72,115,151,182,409,527,967,175,317,73,333,338,50,151,418,245,66,266,108,247,308,189,344,119,256
314,208,93,43,232,62,245,76,88,97,189,270,466,136,129,118,178,397,228,24,137,260,129,78,163,68,151,58,112,262,350,673,136,225,55,235,237,43,110,245,144,45,189,82,189,214,150,271,96,160
306,212,96,38,216,46,258,76,69,106,218,259,446,164,141,154,179,438,257,27,138,256,177,111,176,73,182,112,59,294,392,715,158,224,70,283,234,40,134,278,184,40,195,78,210,237,168,260,103,168
640,590,247,106,655,143,617,172,209,250,531,675,1221,382,312,340,478,1195,673,65,346,665,343,252,377,141,409,262,294,429,1045,1873,372,610,142,648,573,91,304,699,395,111,533,243,487,631,381,668,260,405
705,682,319,124,794,168,773,208,261,307,651,884,1341,496,409,465,552,1412,806,94,417,749,428,310,513,194,527,350,392,1045,570,2184,438,751,188,788,705,111,340,816,496,151,598,317,614,697,514,768,296,479
1196,1235,629,234,1425,303,1386,387,483,577,1148,1616,2640,907,758,814,1045,2559,1515,194,745,1423,833,571,941,350,967,673,715,1873,2184,2008,805,1287,313,1542,1238,276,679,1591,944,324,1081,538,1147,1292,885,1432,496,940
260,245,105,38,285,63,265,87,111,108,229,328,464,168,132,147,203,469,292,37,153,244,154,109,178,63,175,136,158,372,438,805,79,254,76,297,259,55,142,309,179,57,206,87,207,254,184,287,104,199
489,402,196,74,480,93,419,127,146,196,423,556,843,302,274,275,314,828,456,51,257,500,281,184,313,110,317,225,224,610,751,1287,254,222,105,539,428,72,217,508,297,95,347,186,393,444,307,490,154,315
126,115,47,14,132,29,125,45,43,41,101,122,196,76,69,62,87,215,121,13,69,118,82,55,85,30,73,55,70,142,188,313,76,105,8,116,93,20,67,137,102,36,81,48,101,108,66,108,46,70
553,454,204,98,579,125,524,154,183,227,475,595,973,357,266,290,376,970,515,58,287,532,329,211,362,135,333,235,283,648,788,1542,297,539,116,300,504,87,271,576,351,106,391,194,426,517,325,574,221,360
475,400,161,78,490,100,439,140,152,191,386,511,844,295,264,281,358,871,449,63,268,490,310,201,334,123,338,237,234,573,705,1238,259,428,93,504,216,81,242,503,262,97,341,177,379,438,285,473,149,325
94,66,32,11,68,16,86,19,32,35,68,98,174,52,54,52,68,187,70,6,53,67,59,36,61,21,50,43,40,91,111,276,55,72,20,87,81,8,41,98,56,12,77,27,71,71,55,91,32,73
240,239,106,47,250,55,236,46,77,122,206,273,483,160,125,133,160,481,247,27,142,257,157,102,182,41,151,110,134,304,340,679,142,217,67,271,242,41,43,255,157,45,215,85,200,200,164,252,107,183
477,456,236,72,544,104,492,163,187,224,445,621,981,356,308,340,400,995,546,55,293,541,297,212,362,149,418,245,278,699,816,1591,309,508,137,576,503,98,255,282,331,123,422,233,431,519,352,542,210,371
327,308,132,44,353,74,328,105,119,144,305,378,596,205,170,194,244,608,350,43,186,336,196,137,204,86,245,144,184,395,496,944,179,297,102,351,262,56,157,331,109,77,240,131,270,331,211,342,137,237
127,97,43,16,131,24,93,33,27,45,96,105,193,73,56,58,76,200,114,7,58,90,71,51,75,33,66,45,40,111,151,324,57,95,36,106,97,12,45,123,77,12,83,44,78,101,78,115,43,75
338,334,157,67,419,74,387,118,121,169,307,452,696,240,215,225,254,717,382,43,208,362,238,148,231,103,266,189,195,533,598,1081,206,347,81,391,341,77,215,422,240,83,158,151,284,381,239,427,148,260
161,167,80,27,203,40,178,51,65,82,149,207,371,114,94,93,144,348,209,23,86,220,105,74,118,39,108,82,78,243,317,538,87,186,48,194,177,27,85,233,131,44,151,43,142,186,126,174,71,121
452,316,140,68,380,74,380,132,139,199,353,460,715,275,222,229,293,694,416,54,236,416,251,155,237,103,247,189,210,487,614,1147,207,393,101,426,379,71,200,431,270,78,284,142,144,380,244,427,141,273
428,396,175,85,458,87,416,133,156,197,398,562,860,298,264,279,365,847,459,66,256,484,288,183,312,116,308,214,237,631,697,1292,254,444,108,517,438,71,200,519,331,101,381,186,380,213,291,480,189,313
325,265,123,59,330,71,290,105,114,142,274,362,562,206,183,171,239,573,299,37,177,298,171,119,187,66,189,150,168,381,514,885,184,307,66,325,285,55,164,352,211,78,239,126,244,291,119,321,123,223
501,441,204,70,536,101,486,179,177,243,451,581,948,342,303,291,381,957,552,71,287,513,336,212,350,124,344,271,260,668,768,1432,287,490,108,574,473,91,252,542,342,115,427,174,427,480,321,250,166,341
177,157,81,22,193,36,184,71,67,81,142,215,335,117,107,101,164,349,205,30,96,206,113,67,140,43,119,96,103,260,296,496,104,154,46,221,149,32,107,210,137,43,148,71,141,189,123,166,31,122
388,306,131,49,340,77,335,98,116,124,267,358,631,230,174,190,243,597,366,32,195,365,184,129,241,101,256,160,168,405,479,940,199,315,70,360,325,73,183,371,237,75,260,121,273,313,223,341,122,121
