282,485,246,94,489,103,488,174,177,241,446,515,826,392,331,328,361,813,527,70,354,547,336,218,385,146,366,295,327,616,680,1164,258,517,89,550,516,84,263,489,317,101,367,166,423,422,341,516,166,360
485,190,175,68,453,94,444,125,155,190,382,493,828,280,224,237,330,878,457,49,233,430,243,181,282,123,297,218,227,576,672,1259,259,375,101,470,415,67,229,488,284,98,371,160,351,431,260,480,183,310
246,175,43,42,213,47,183,66,62,96,194,229,356,134,114,103,141,364,192,30,118,192,122,83,131,38,116,86,90,224,274,566,110,185,42,200,191,36,93,236,129,42,155,89,147,161,145,227,86,149
94,68,42,4,92,9,77,18,24,26,70,96,144,57,52,56,68,152,83,9,35,84,61,36,47,18,56,40,39,100,118,218,45,82,26,82,66,13,46,94,61,18,69,27,78,78,56,81,29,60
489,453,213,92,243,106,511,157,165,195,426,572,906,319,288,282,376,889,519,76,282,561,318,205,353,145,365,240,229,656,727,1402,270,475,126,569,468,101,251,565,343,125,402,179,408,496,305,563,195,315
103,94,47,9,106,8,111,33,39,40,86,129,181,77,72,93,62,199,106,13,66,115,75,43,78,21,82,46,61,144,161,298,57,98,30,115,92,19,57,133,81,25,97,44,102,108,76,121,38,83
488,444,183,77,511,111,255,149,151,193,389,565,873,315,289,298,373,902,485,61,249,467,328,192,334,127,335,228,241,669,723,1325,264,451,96,485,405,73,244,542,342,106,395,192,379,442,312,512,177,345
174,125,66,18,157,33,149,23,48,70,123,174,255,103,74,72,123,264,183,23,73,166,81,65,99,43,98,62,103,222,242,408,71,130,40,179,125,22,79,144,110,33,133,65,117,124,97,169,55,88
177,155,62,24,165,39,151,48,24,70,156,201,258,93,82,89,117,283,156,14,89,164,102,70,123,49,120,82,79,197,249,456,82,147,43,172,146,35,89,191,119,28,136,60,136,151,98,164,70,110
241,190,96,26,195,40,193,70,70,56,171,211,347,145,111,124,151,347,223,28,111,218,128,96,126,54,145,109,106,225,306,535,100,199,38,200,171,34,100,225,138,38,165,65,148,187,115,232,58,145
446,382,194,70,426,86,389,123,156,171,177,483,719,270,217,257,321,769,461,56,223,432,240,184,283,109,327,199,223,486,597,1129,204,404,101,445,393,72,218,462,276,91,347,139,338,366,286,433,125,306
515,493,229,96,572,129,565,174,201,211,483,284,1019,364,281,318,401,1008,580,63,316,603,320,228,351,126,386,265,293,741,853,1603,280,531,121,583,536,91,277,645,408,102,432,225,421,545,357,597,195,397
826,828,356,144,906,181,873,255,258,347,719,1019,820,578,450,497,691,1517,918,97,521,914,505,369,584,219,631,434,456,1181,1363,2524,502,892,194,997,896,157,442,1003,584,192,711,358,736,880,582,973,317,580
392,280,134,57,319,77,315,103,93,145,270,364,578,103,203,193,224,574,330,36,152,354,219,128,223,88,208,166,163,458,519,907,197,296,75,324,299,60,148,354,210,53,309,117,266,330,217,335,125,201
331,224,114,52,288,72,289,74,82,111,217,281,450,203,78,148,219,454,268,24,122,273,152,121,177,52,149,126,138,313,390,753,134,240,50,277,251,40,150,310,154,47,207,104,233,217,158,284,105,159
328,237,103,56,282,93,298,72,89,124,257,318,497,193,148,85,215,473,275,25,150,279,158,121,196,57,181,134,137,346,424,830,135,264,56,296,270,46,159,320,173,56,228,93,227,219,157,297,115,202
361,330,141,68,376,62,373,123,117,151,321,401,691,224,219,215,137,675,367,47,199,376,245,155,247,81,242,160,191,457,522,1024,203,354,74,376,348,50,201,413,245,75,284,142,301,358,258,379,142,239
813,878,364,152,889,199,902,264,283,347,769,1008,1517,574,454,473,675,780,928,108,518,913,534,359,618,232,652,410,477,1098,1378,2567,514,843,202,976,874,147,469,997,585,199,717,378,735,872,610,975,348,558
527,457,192,83,519,106,485,183,156,223,461,580,918,330,268,275,367,928,280,69,277,527,281,176,354,124,353,228,267,675,798,1421,285,477,131,520,504,96,282,523,347,118,363,192,416,475,318,522,213,359
70,49,30,9,76,13,61,23,14,28,56,63,97,36,24,25,47,108,69,1,30,73,34,17,36,9,34,19,36,72,94,182,33,65,16,70,56,11,27,78,37,10,41,22,50,58,35,53,17,34
354,233,118,35,282,66,249,73,89,111,223,316,521,152,122,150,199,518,277,30,68,270,173,104,164,65,166,136,144,348,393,810,158,249,82,274,246,36,140,287,167,48,210,105,202,227,165,265,107,185
547,430,192,84,561,115,467,166,164,218,432,603,914,354,273,279,376,913,527,73,270,257,321,199,356,143,378,223,267,695,786,1440,270,456,114,513,473,94,266,561,333,105,386,182,426,464,335,484,194,350
336,243,122,61,318,75,328,81,102,128,240,320,505,219,152,158,245,534,281,34,173,321,92,120,185,63,176,130,141,351,413,845,152,302,60,310,304,54,171,322,190,53,253,117,254,265,189,306,110,191
218,181,83,36,205,43,192,65,70,96,184,228,369,128,121,121,155,359,176,17,104,199,120,41,120,53,135,80,98,253,308,569,110,182,51,189,176,27,104,217,128,43,174,74,168,206,126,205,86,140
385,282,131,47,353,78,334,99,123,126,283,351,584,223,177,196,247,618,354,36,164,356,185,120,124,67,195,146,167,400,485,922,199,316,76,318,288,58,180,388,215,63,280,112,252,306,229,355,142,211
146,123,38,18,145,21,127,43,49,54,109,126,219,88,52,57,81,232,124,9,65,143,63,53,67,19,75,64,71,149,185,348,59,111,31,131,112,27,69,154,87,27,107,45,91,128,89,130,39,92
366,297,116,56,365,82,335,98,120,145,327,386,631,208,149,181,242,652,353,34,166,378,176,135,195,75,105,151,191,441,517,932,170,296,88,323,315,58,169,380,204,70,295,123,254,330,223,338,124,242
295,218,86,40,240,46,228,62,82,109,199,265,434,166,126,134,160,410,228,19,136,223,130,80,146,64,151,54,130,263,352,664,132,220,53,239,209,36,109,218,134,46,193,94,190,197,147,235,99,145
327,227,90,39,229,61,241,103,79,106,223,293,456,163,138,137,191,477,267,36,144,267,141,98,167,71,191,130,49,327,378,692,145,224,70,279,262,39,150,259,171,68,216,88,201,239,162,269,102,175
616,576,224,100,656,144,669,222,197,225,486,741,1181,458,313,346,457,1098,675,72,348,695,351,253,400,149,441,263,327,384,964,1843,367,623,166,643,593,105,333,683,419,144,507,238,527,590,393,686,257,367
680,672,274,118,727,161,723,242,249,306,597,853,1363,519,390,424,522,1378,798,94,393,786,413,308,485,185,517,352,378,964,536,2158,427,674,178,789,684,126,399,803,516,167,549,300,584,711,463,751,280,477
1164,1259,566,218,1402,298,1325,408,456,535,1129,1603,2524,907,753,830,1024,2567,1421,182,810,1440,845,569,922,348,932,664,692,1843,2158,2013,765,1288,328,1468,1343,236,721,1515,956,292,1049,585,1127,1328,932,1419,533,879
258,259,110,45,270,57,264,71,82,100,204,280,502,197,134,135,203,514,285,33,158,270,152,110,199,59,170,132,145,367,427,765,75,255,61,301,233,50,142,288,194,44,221,99,220,259,192,294,112,154
517,375,185,82,475,98,451,130,147,199,404,531,892,296,240,264,354,843,477,65,249,456,302,182,316,111,296,220,224,623,674,1288,255,236,114,505,415,67,210,453,290,101,351,182,380,436,293,521,177,309
89,101,42,26,126,30,96,40,43,38,101,121,194,75,50,56,74,202,131,16,82,114,60,51,76,31,88,53,70,166,178,328,61,114,15,119,108,11,46,138,81,28,80,53,95,111,76,117,36,76
550,470,200,82,569,115,485,179,172,200,445,583,997,324,277,296,376,976,520,70,274,513,310,189,318,131,323,239,279,643,789,1468,301,505,119,268,514,93,289,543,387,110,408,184,390,519,303,556,212,344
516,415,191,66,468,92,405,125,146,171,393,536,896,299,251,270,348,874,504,56,246,473,304,176,288,112,315,209,262,593,684,1343,233,415,108,514,225,83,212,505,311,86,398,167,364,427,268,469,189,349
84,67,36,13,101,19,73,22,35,34,72,91,157,60,40,46,50,147,96,11,36,94,54,27,58,27,58,36,39,105,126,236,50,67,11,93,83,9,43,104,51,14,60,33,66,89,43,99,29,47
263,229,93,46,251,57,244,79,89,100,218,277,442,148,150,159,201,469,282,27,140,266,171,104,180,69,169,109,150,333,399,721,142,210,46,289,212,43,64,273,189,61,192,102,189,239,181,252,91,176
489,488,236,94,565,133,542,144,191,225,462,645,1003,354,310,320,413,997,523,78,287,561,322,217,388,154,380,218,259,683,803,1515,288,453,138,543,505,104,273,297,403,101,385,234,461,521,362,570,198,382
317,284,129,61,343,81,342,110,119,138,276,408,584,210,154,173,245,585,347,37,167,333,190,128,215,87,204,134,171,419,516,956,194,290,81,387,311,51,189,403,107,72,241,129,256,324,202,367,109,211
101,98,42,18,125,25,106,33,28,38,91,102,192,53,47,56,75,199,118,10,48,105,53,43,63,27,70,46,68,144,167,292,44,101,28,110,86,14,61,101,72,10,83,39,73,91,70,110,51,70
367,371,155,69,402,97,395,133,136,165,347,432,711,309,207,228,284,717,363,41,210,386,253,174,280,107,295,193,216,507,549,1049,221,351,80,408,398,60,192,385,241,83,140,152,319,385,247,375,136,286
166,160,89,27,179,44,192,65,60,65,139,225,358,117,104,93,142,378,192,22,105,182,117,74,112,45,123,94,88,238,300,585,99,182,53,184,167,33,102,234,129,39,152,42,140,200,126,215,81,124
423,351,147,78,408,102,379,117,136,148,338,421,736,266,233,227,301,735,416,50,202,426,254,168,252,91,254,190,201,527,584,1127,220,380,95,390,364,66,189,461,256,73,319,140,153,377,252,443,161,252
422,431,161,78,496,108,442,124,151,187,366,545,880,330,217,219,358,872,475,58,227,464,265,206,306,128,330,197,239,590,711,1328,259,436,111,519,427,89,239,521,324,91,385,200,377,218,311,442,181,310
341,260,145,56,305,76,312,97,98,115,286,357,582,217,158,157,258,610,318,35,165,335,189,126,229,89,223,147,162,393,463,932,192,293,76,303,268,43,181,362,202,70,247,126,252,311,110,307,122,193
516,480,227,81,563,121,512,169,164,232,433,597,973,335,284,297,379,975,522,53,265,484,306,205,355,130,338,235,269,686,751,1419,294,521,117,556,469,99,252,570,367,110,375,215,443,442,307,270,178,349
166,183,86,29,195,38,177,55,70,58,125,195,317,125,105,115,142,348,213,17,107,194,110,86,142,39,124,99,102,257,280,533,112,177,36,212,189,29,91,198,109,51,136,81,161,181,122,178,32,121
360,310,149,60,315,83,345,88,110,145,306,397,580,201,159,202,239,558,359,34,185,350,191,140,211,92,242,145,175,367,477,879,154,309,76,344,349,47,176,382,211,70,286,124,252,310,193,349,121,110
