288,451,212,83,504,104,492,189,168,232,472,527,829,375,323,326,352,823,512,82,315,528,341,203,362,159,394,267,303,603,727,1212,248,493,121,527,482,93,263,505,308,109,363,159,443,408,330,529,164,372
451,199,174,85,459,132,469,127,135,182,363,534,759,292,223,233,326,774,445,48,239,457,246,175,274,82,271,196,193,524,658,1233,232,434,93,442,423,71,225,427,275,82,330,169,355,410,252,481,155,282
212,174,42,43,238,56,226,57,66,71,192,230,353,136,108,117,142,356,195,23,100,228,97,89,124,38,140,93,110,224,289,597,114,188,47,219,185,24,96,192,155,38,147,71,162,184,123,215,70,140
83,85,43,8,76,12,65,22,32,36,77,87,147,59,61,55,46,141,93,14,42,95,76,38,60,22,59,33,43,110,121,216,50,72,16,88,82,12,32,67,34,21,72,47,81,76,54,78,32,60
504,459,238,76,269,114,495,145,168,205,427,611,876,318,248,284,375,925,526,66,303,522,295,187,338,113,326,251,267,608,736,1408,226,457,132,550,471,86,241,531,347,98,410,195,431,477,342,558,191,348
104,132,56,12,114,12,94,40,32,48,98,128,207,72,67,74,72,189,105,21,63,135,84,50,94,31,91,51,63,156,164,296,57,89,18,112,112,20,53,117,68,26,77,52,101,89,71,105,35,74
492,469,226,65,495,94,229,123,159,196,415,536,849,303,293,318,345,828,518,60,274,568,344,207,330,131,344,229,273,647,764,1332,251,440,109,510,451,83,220,513,315,105,365,193,396,441,294,505,181,333
189,127,57,22,145,40,123,14,50,73,144,175,260,91,83,73,99,272,158,13,80,150,86,48,107,36,101,72,78,183,229,403,72,128,34,186,129,21,73,175,93,28,107,54,113,150,93,155,55,110
168,135,66,32,168,32,159,50,29,71,152,171,312,102,83,96,119,290,157,18,92,174,104,66,95,37,86,75,84,196,233,457,84,157,31,156,169,24,81,180,100,31,143,56,117,161,101,197,59,96
232,182,71,36,205,48,196,73,71,50,168,242,398,129,120,124,165,396,210,23,113,215,145,74,156,63,145,95,117,265,324,585,125,190,54,215,204,27,97,218,140,44,138,95,158,186,153,204,81,146
472,363,192,77,427,98,415,144,152,168,202,488,753,286,236,256,326,797,451,58,252,417,242,137,282,121,280,204,222,584,617,1194,213,391,89,446,401,71,220,442,260,87,312,166,333,347,283,448,151,295
527,534,230,87,611,128,536,175,171,242,488,312,1038,384,302,289,397,1039,560,70,294,557,347,269,400,150,384,273,264,743,839,1611,341,531,135,573,505,95,295,629,382,106,437,229,476,548,369,579,227,357
829,759,353,147,876,207,849,260,312,398,753,1038,842,582,457,504,619,1512,895,108,521,888,504,375,584,215,589,412,440,1187,1364,2474,484,828,216,928,802,149,475,944,630,196,709,344,706,877,594,908,322,586
375,292,136,59,318,72,303,91,102,129,286,384,582,102,183,187,232,599,328,44,177,338,211,107,225,85,217,139,141,426,484,950,198,285,83,350,306,39,173,346,204,57,252,119,274,318,209,381,132,215
323,223,108,61,248,67,293,83,83,120,236,302,457,183,76,150,169,462,252,35,143,245,157,114,164,66,197,136,133,332,398,712,131,273,53,289,268,31,137,274,169,60,200,74,218,267,178,305,94,175
326,233,117,55,284,74,318,73,96,124,256,289,504,187,150,87,203,477,285,37,183,282,176,111,201,57,200,128,129,356,404,772,159,293,66,279,271,39,143,311,179,61,212,85,227,267,170,326,107,198
352,326,142,46,375,72,345,99,119,165,326,397,619,232,169,203,135,656,343,47,200,389,226,145,232,80,249,186,158,466,552,1001,207,344,90,383,354,56,191,411,240,72,274,159,280,339,225,375,125,252
823,774,356,141,925,189,828,272,290,396,797,1039,1512,599,462,477,656,784,891,110,530,907,499,357,597,222,599,444,445,1166,1436,2432,483,862,226,938,815,171,469,972,628,189,683,311,728,890,597,927,334,591
512,445,195,93,526,105,518,158,157,210,451,560,895,328,252,285,343,891,262,66,256,474,314,210,346,158,361,268,250,613,791,1413,282,462,118,546,439,82,239,582,340,112,413,213,422,480,335,523,191,313
82,48,23,14,66,21,60,13,18,23,58,70,108,44,35,37,47,110,66,3,36,70,32,26,34,7,30,33,22,78,106,198,36,65,8,62,59,16,28,52,33,18,40,18,57,69,40,58,26,42
315,239,100,42,303,63,274,80,92,113,252,294,521,177,143,183,200,530,256,36,73,262,183,125,201,62,187,139,146,330,410,800,164,269,69,266,260,42,124,285,159,43,207,87,223,260,181,295,113,204
528,457,228,95,522,135,568,150,174,215,417,557,888,338,245,282,389,907,474,70,262,280,305,215,373,145,348,233,251,665,759,1421,275,494,136,585,484,65,243,557,334,102,396,197,450,462,344,540,214,350
341,246,97,76,295,84,344,86,104,145,242,347,504,211,157,176,226,499,314,32,183,305,88,116,153,70,206,144,133,376,466,790,146,282,68,305,314,52,137,295,177,73,204,109,257,256,191,314,115,194
203,175,89,38,187,50,207,48,66,74,137,269,375,107,114,111,145,357,210,26,125,215,116,31,128,47,129,83,92,258,310,570,119,167,41,203,191,32,81,209,113,41,165,77,154,185,136,198,80,118
362,274,124,60,338,94,330,107,95,156,282,400,584,225,164,201,232,597,346,34,201,373,153,128,111,74,208,139,186,408,542,951,160,307,76,357,330,55,171,373,194,62,240,112,243,320,200,354,104,228
159,82,38,22,113,31,131,36,37,63,121,150,215,85,66,57,80,222,158,7,62,145,70,47,74,10,58,50,65,131,212,400,80,123,32,130,118,28,64,127,84,23,112,37,109,128,67,135,47,82
394,271,140,59,326,91,344,101,86,145,280,384,589,217,197,200,249,599,361,30,187,348,206,129,208,58,97,138,173,421,549,1018,209,291,74,375,322,64,189,365,233,70,262,98,277,348,207,361,125,209
267,196,93,33,251,51,229,72,75,95,204,273,412,139,136,128,186,444,268,33,139,233,144,83,139,50,138,37,119,293,360,649,133,222,52,248,217,36,120,268,170,44,193,86,190,226,149,236,93,193
303,193,110,43,267,63,273,78,84,117,222,264,440,141,133,129,158,445,250,22,146,251,133,92,186,65,173,119,49,292,368,687,136,224,76,260,232,47,115,256,163,50,177,72,202,231,168,287,112,163
603,524,224,110,608,156,647,183,196,265,584,743,1187,426,332,356,466,1166,613,78,330,665,376,258,408,131,421,293,292,394,1030,1878,366,630,143,685,606,120,310,705,410,130,475,245,514,611,388,685,251,443
727,658,289,121,736,164,764,229,233,324,617,839,1364,484,398,404,552,1436,791,106,410,759,466,310,542,212,549,360,368,1030,562,2201,450,736,178,838,688,118,392,744,490,165,577,325,612,689,503,794,322,505
1212,1233,597,216,1408,296,1332,403,457,585,1194,1611,2474,950,712,772,1001,2432,1413,198,800,1421,790,570,951,400,1018,649,687,1878,2201,1926,748,1332,347,1532,1316,243,707,1530,955,293,1052,581,1133,1313,914,1406,513,927
248,232,114,50,226,57,251,72,84,125,213,341,484,198,131,159,207,483,282,36,164,275,146,119,160,80,209,133,136,366,450,748,76,253,69,285,233,44,134,307,177,56,210,124,209,264,171,286,84,186
493,434,188,72,457,89,440,128,157,190,391,531,828,285,273,293,344,862,462,65,269,494,282,167,307,123,291,222,224,630,736,1332,253,216,106,506,431,73,213,487,299,98,358,183,374,443,296,528,200,346
121,93,47,16,132,18,109,34,31,54,89,135,216,83,53,66,90,226,118,8,69,136,68,41,76,32,74,52,76,143,178,347,69,106,14,147,97,19,59,129,75,20,94,40,104,110,79,118,56,83
527,442,219,88,550,112,510,186,156,215,446,573,928,350,289,279,383,938,546,62,266,585,305,203,357,130,375,248,260,685,838,1532,285,506,147,283,485,87,274,576,333,98,388,196,452,490,319,560,219,359
482,423,185,82,471,112,451,129,169,204,401,505,802,306,268,271,354,815,439,59,260,484,314,191,330,118,322,217,232,606,688,1316,233,431,97,485,217,77,212,471,295,99,342,187,411,418,282,467,167,322
93,71,24,12,86,20,83,21,24,27,71,95,149,39,31,39,56,171,82,16,42,65,52,32,55,28,64,36,47,120,118,243,44,73,19,87,77,8,40,107,60,14,72,21,64,65,40,96,28,61
263,225,96,32,241,53,220,73,81,97,220,295,475,173,137,143,191,469,239,28,124,243,137,81,171,64,189,120,115,310,392,707,134,213,59,274,212,40,62,270,168,46,200,93,165,248,149,266,79,178
505,427,192,67,531,117,513,175,180,218,442,629,944,346,274,311,411,972,582,52,285,557,295,209,373,127,365,268,256,705,744,1530,307,487,129,576,471,107,270,256,336,126,428,196,423,452,355,557,191,350
308,275,155,34,347,68,315,93,100,140,260,382,630,204,169,179,240,628,340,33,159,334,177,113,194,84,233,170,163,410,490,955,177,299,75,333,295,60,168,336,113,63,261,134,261,293,201,377,113,239
109,82,38,21,98,26,105,28,31,44,87,106,196,57,60,61,72,189,112,18,43,102,73,41,62,23,70,44,50,130,165,293,56,98,20,98,99,14,46,126,63,14,79,36,84,87,78,105,33,61
363,330,147,72,410,77,365,107,143,138,312,437,709,252,200,212,274,683,413,40,207,396,204,165,240,112,262,193,177,475,577,1052,210,358,94,388,342,72,200,428,261,79,141,151,290,363,255,361,133,250
159,169,71,47,195,52,193,54,56,95,166,229,344,119,74,85,159,311,213,18,87,197,109,77,112,37,98,86,72,245,325,581,124,183,40,196,187,21,93,196,134,36,151,29,148,193,112,190,64,141
443,355,162,81,431,101,396,113,117,158,333,476,706,274,218,227,280,728,422,57,223,450,257,154,243,109,277,190,202,514,612,1133,209,374,104,452,411,64,165,423,261,84,290,148,171,373,262,422,152,296
408,410,184,76,477,89,441,150,161,186,347,548,877,318,267,267,339,890,480,69,260,462,256,185,320,128,348,226,231,611,689,1313,264,443,110,490,418,65,248,452,293,87,363,193,373,219,288,505,193,313
330,252,123,54,342,71,294,93,101,153,283,369,594,209,178,170,225,597,335,40,181,344,191,136,200,67,207,149,168,388,503,914,171,296,79,319,282,40,149,355,201,78,255,112,262,288,97,371,130,229
529,481,215,78,558,105,505,155,197,204,448,579,908,381,305,326,375,927,523,58,295,540,314,198,354,135,361,236,287,685,794,1406,286,528,118,560,467,96,266,557,377,105,361,190,422,505,371,282,202,342
164,155,70,32,191,35,181,55,59,81,151,227,322,132,94,107,125,334,191,26,113,214,115,80,104,47,125,93,112,251,322,513,84,200,56,219,167,28,79,191,113,33,133,64,152,193,130,202,32,117
372,282,140,60,348,74,333,110,96,146,295,357,586,215,175,198,252,591,313,42,204,350,194,118,228,82,209,193,163,443,505,927,186,346,83,359,322,61,178,350,239,61,250,141,296,313,229,342,117,132
