252,451,221,86,494,116,482,178,191,248,436,500,819,378,313,324,386,809,512,56,326,524,382,199,379,149,348,280,300,633,683,1140,258,522,105,525,508,77,242,483,332,93,364,173,428,426,330,489,189,380
451,178,162,87,469,90,420,134,133,183,388,500,803,286,188,219,299,799,435,58,220,432,290,175,277,136,314,194,206,542,654,1218,218,410,87,432,428,58,224,486,294,74,327,153,302,397,260,458,149,272
221,162,44,31,207,46,186,59,69,72,177,229,367,146,107,125,160,360,205,29,95,229,124,88,125,42,112,74,96,239,300,558,109,202,54,237,184,23,106,196,138,46,152,83,173,182,152,199,73,151
86,87,31,5,94,10,75,25,27,37,68,86,135,51,60,48,71,133,85,15,41,91,53,35,57,22,65,37,57,105,113,217,47,62,20,98,80,15,45,85,68,18,55,36,68,68,54,86,30,66
494,469,207,94,274,117,502,159,173,206,460,569,905,327,277,285,346,925,486,72,286,500,327,190,333,121,326,255,265,658,798,1437,281,495,105,490,455,83,263,510,319,107,342,214,379,465,309,539,196,336
116,90,46,10,117,9,87,32,34,42,89,123,181,72,67,64,93,194,101,17,60,99,69,33,65,33,72,50,57,138,169,299,52,96,34,107,81,16,60,106,68,20,88,43,80,98,63,98,35,72
482,420,186,75,502,87,225,145,156,191,392,522,912,306,255,258,353,884,482,58,252,497,294,182,303,139,346,224,255,584,733,1354,256,420,109,474,440,85,228,503,337,95,372,197,382,459,314,482,162,309
178,134,59,25,159,32,145,28,65,60,122,181,261,96,73,75,116,295,139,19,76,145,102,62,104,35,101,70,76,200,231,449,114,140,40,154,145,30,74,159,100,25,130,65,108,130,96,173,63,93
191,133,69,27,173,34,156,65,20,81,133,176,312,108,82,93,133,311,170,23,101,168,94,74,108,31,114,79,81,202,251,439,101,157,27,179,139,29,87,194,133,36,122,63,119,159,114,153,52,123
248,183,72,37,206,42,191,60,81,45,189,244,405,138,125,138,150,385,216,23,124,238,136,78,146,51,146,86,122,262,326,582,134,188,61,225,204,38,105,209,142,45,166,81,169,206,143,233,86,138
436,388,177,68,460,89,392,122,133,189,168,499,807,276,251,280,311,790,428,53,246,450,263,143,295,111,286,222,233,505,662,1161,264,404,109,489,393,71,199,431,299,72,311,170,302,402,280,426,165,275
500,500,229,86,569,123,522,181,176,244,499,347,1038,351,283,319,380,1029,584,56,318,570,334,226,367,160,374,257,287,708,847,1567,310,469,134,593,511,89,290,602,360,108,413,209,444,487,365,579,219,366
819,803,367,135,905,181,912,261,312,405,807,1038,805,605,465,507,677,1423,935,114,501,902,537,393,620,247,640,396,459,1151,1353,2339,462,817,204,1008,879,148,441,1001,553,198,647,368,747,837,550,892,335,611
378,286,146,51,327,72,306,96,108,138,276,351,605,92,185,187,248,577,326,49,166,342,177,135,245,79,238,159,180,412,491,899,198,301,66,342,302,49,161,336,212,57,258,103,277,317,215,371,140,220
313,188,107,60,277,67,255,73,82,125,251,283,465,185,59,123,203,452,242,28,147,280,149,112,152,59,149,116,145,286,410,742,152,250,75,282,269,36,123,275,171,57,210,102,208,237,172,264,109,185
324,219,125,48,285,64,258,75,93,138,280,319,507,187,123,66,219,517,273,37,167,302,180,108,168,60,179,123,164,327,483,885,169,268,73,295,285,40,130,299,194,68,230,104,222,255,173,327,112,203
386,299,160,71,346,93,353,116,133,150,311,380,677,248,203,219,141,677,380,59,202,387,223,147,261,100,233,150,202,471,550,987,203,335,80,382,329,56,190,375,235,74,262,135,317,318,229,336,151,260
809,799,360,133,925,194,884,295,311,385,790,1029,1423,577,452,517,677,799,952,116,496,946,529,363,624,231,588,389,463,1087,1400,2373,445,845,216,1006,852,145,478,984,617,192,643,349,712,838,553,869,347,612
512,435,205,85,486,101,482,139,170,216,428,584,935,326,242,273,380,952,249,61,258,509,310,203,357,124,318,260,246,661,755,1409,279,450,122,528,506,97,230,554,341,90,413,207,431,443,304,488,178,337
56,58,29,15,72,17,58,19,23,23,53,56,114,49,28,37,59,116,61,5,28,74,35,21,26,19,39,24,36,82,107,182,33,63,18,79,49,6,31,64,42,12,35,31,36,65,31,65,30,37
326,220,95,41,286,60,252,76,101,124,246,318,501,166,147,167,202,496,258,28,66,299,150,109,177,62,181,130,142,349,441,797,144,274,68,282,263,46,115,287,167,56,248,111,227,264,172,312,82,197
524,432,229,91,500,99,497,145,168,238,450,570,902,342,280,302,387,946,509,74,299,306,326,210,345,142,354,251,258,653,731,1416,274,475,107,538,514,89,256,536,347,101,370,202,413,451,347,517,161,332
382,290,124,53,327,69,294,102,94,136,263,334,537,177,149,180,223,529,310,35,150,326,87,120,166,79,197,147,160,367,442,853,155,263,58,329,306,42,144,346,202,76,233,120,196,273,174,314,107,227
199,175,88,35,190,33,182,62,74,78,143,226,393,135,112,108,147,363,203,21,109,210,120,40,130,50,135,98,107,241,294,543,118,184,35,194,181,35,89,207,136,41,149,77,153,158,125,209,76,137
379,277,125,57,333,65,303,104,108,146,295,367,620,245,152,168,261,624,357,26,177,345,166,130,98,76,212,174,156,403,507,930,186,296,81,356,307,49,147,376,233,61,241,149,212,332,197,333,97,218
149,136,42,22,121,33,139,35,31,51,111,160,247,79,59,60,100,231,124,19,62,142,79,50,76,19,80,56,60,175,212,358,74,117,28,127,133,19,73,146,77,24,97,66,101,129,79,128,45,90
348,314,112,65,326,72,346,101,114,146,286,374,640,238,149,179,233,588,318,39,181,354,197,135,212,80,127,156,166,423,501,930,188,324,67,340,351,58,160,358,222,71,252,130,254,308,192,350,108,211
280,194,74,37,255,50,224,70,79,86,222,257,396,159,116,123,150,389,260,24,130,251,147,98,174,56,156,49,127,276,360,654,125,210,51,239,223,36,97,256,158,51,159,75,208,196,138,244,71,146
300,206,96,57,265,57,255,76,81,122,233,287,459,180,145,164,202,463,246,36,142,258,160,107,156,60,166,127,55,339,419,746,157,258,50,275,248,37,136,268,147,50,225,92,197,251,175,301,85,169
633,542,239,105,658,138,584,200,202,262,505,708,1151,412,286,327,471,1087,661,82,349,653,367,241,403,175,423,276,339,391,943,1803,350,570,139,670,593,93,310,678,446,126,469,242,496,602,387,648,270,436
683,654,300,113,798,169,733,231,251,326,662,847,1353,491,410,483,550,1400,755,107,441,731,442,294,507,212,501,360,419,943,559,2023,374,721,175,803,731,132,418,807,539,153,559,292,627,682,510,765,254,524
1140,1218,558,217,1437,299,1354,449,439,582,1161,1567,2339,899,742,885,987,2373,1409,182,797,1416,853,543,930,358,930,654,746,1803,2023,1808,679,1394,299,1447,1338,223,729,1482,918,298,1030,561,1078,1237,903,1368,509,955
258,218,109,47,281,52,256,114,101,134,264,310,462,198,152,169,203,445,279,33,144,274,155,118,186,74,188,125,157,350,374,679,65,263,59,279,265,47,141,303,186,57,199,120,218,232,171,265,96,185
522,410,202,62,495,96,420,140,157,188,404,469,817,301,250,268,335,845,450,63,274,475,263,184,296,117,324,210,258,570,721,1394,263,194,100,493,401,78,240,476,292,106,342,194,367,430,290,491,155,293
105,87,54,20,105,34,109,40,27,61,109,134,204,66,75,73,80,216,122,18,68,107,58,35,81,28,67,51,50,139,175,299,59,100,18,119,114,17,56,109,72,26,95,37,97,84,71,94,46,84
525,432,237,98,490,107,474,154,179,225,489,593,1008,342,282,295,382,1006,528,79,282,538,329,194,356,127,340,239,275,670,803,1447,279,493,119,276,518,97,258,573,366,114,375,191,420,484,338,498,212,365
508,428,184,80,455,81,440,145,139,204,393,511,879,302,269,285,329,852,506,49,263,514,306,181,307,133,351,223,248,593,731,1338,265,401,114,518,195,75,221,455,309,90,371,164,353,393,287,512,165,313
77,58,23,15,83,16,85,30,29,38,71,89,148,49,36,40,56,145,97,6,46,89,42,35,49,19,58,36,37,93,132,223,47,78,17,97,75,11,31,86,52,19,69,31,47,89,40,74,35,53
242,224,106,45,263,60,228,74,87,105,199,290,441,161,123,130,190,478,230,31,115,256,144,89,147,73,160,97,136,310,418,729,141,240,56,258,221,31,61,242,164,42,193,97,207,207,188,250,93,185
483,486,196,85,510,106,503,159,194,209,431,602,1001,336,275,299,375,984,554,64,287,536,346,207,376,146,358,256,268,678,807,1482,303,476,109,573,455,86,242,285,363,112,438,218,416,477,369,550,198,357
332,294,138,68,319,68,337,100,133,142,299,360,553,212,171,194,235,617,341,42,167,347,202,136,233,77,222,158,147,446,539,918,186,292,72,366,309,52,164,363,109,81,274,139,259,303,212,341,123,212
93,74,46,18,107,20,95,25,36,45,72,108,198,57,57,68,74,192,90,12,56,101,76,41,61,24,71,51,50,126,153,298,57,106,26,114,90,19,42,112,81,6,84,32,96,94,55,97,36,55
364,327,152,55,342,88,372,130,122,166,311,413,647,258,210,230,262,643,413,35,248,370,233,149,241,97,252,159,225,469,559,1030,199,342,95,375,371,69,193,438,274,84,146,153,315,332,249,433,142,231
173,153,83,36,214,43,197,65,63,81,170,209,368,103,102,104,135,349,207,31,111,202,120,77,149,66,130,75,92,242,292,561,120,194,37,191,164,31,97,218,139,32,153,29,161,167,138,195,69,136
428,302,173,68,379,80,382,108,119,169,302,444,747,277,208,222,317,712,431,36,227,413,196,153,212,101,254,208,197,496,627,1078,218,367,97,420,353,47,207,416,259,96,315,161,165,378,268,426,137,277
426,397,182,68,465,98,459,130,159,206,402,487,837,317,237,255,318,838,443,65,264,451,273,158,332,129,308,196,251,602,682,1237,232,430,84,484,393,89,207,477,303,94,332,167,378,200,316,452,139,324
330,260,152,54,309,63,314,96,114,143,280,365,550,215,172,173,229,553,304,31,172,347,174,125,197,79,192,138,175,387,510,903,171,290,71,338,287,40,188,369,212,55,249,138,268,316,112,350,119,225
489,458,199,86,539,98,482,173,153,233,426,579,892,371,264,327,336,869,488,65,312,517,314,209,333,128,350,244,301,648,765,1368,265,491,94,498,512,74,250,550,341,97,433,195,426,452,350,245,189,372
189,149,73,30,196,35,162,63,52,86,165,219,335,140,109,112,151,347,178,30,82,161,107,76,97,45,108,71,85,270,254,509,96,155,46,212,165,35,93,198,123,36,142,69,137,139,119,189,27,148
380,272,151,66,336,72,309,93,123,138,275,366,611,220,185,203,260,612,337,37,197,332,227,137,218,90,211,146,169,436,524,955,185,293,84,365,313,53,185,357,212,55,231,136,277,324,225,372,148,120
