287,464,219,92,510,110,474,188,200,238,463,514,816,361,315,339,395,813,497,77,289,517,359,204,367,136,368,273,292,598,693,1163,240,483,123,517,502,72,262,461,329,104,390,188,481,432,353,491,187,392
464,182,143,77,437,120,424,129,135,173,369,459,787,284,232,240,301,774,422,55,198,427,231,153,309,100,277,208,209,531,673,1224,250,427,80,469,403,72,235,404,279,87,359,153,337,371,252,456,156,258
219,143,35,41,196,50,182,60,58,76,170,219,343,113,104,97,151,351,193,23,105,187,126,78,114,46,123,98,98,250,302,563,125,194,42,200,191,30,112,223,129,41,178,71,154,192,112,192,79,139
92,77,41,3,93,11,76,39,26,37,62,96,141,61,42,53,60,133,77,11,44,84,51,32,62,26,71,38,51,99,130,222,40,70,21,97,83,14,49,86,54,15,63,30,62,55,46,78,28,61
510,437,196,93,285,118,500,170,176,242,450,546,882,390,234,278,372,902,523,68,288,540,313,213,322,124,338,239,256,665,752,1338,252,486,102,562,463,100,273,554,353,96,365,180,402,446,308,556,183,365
110,120,50,11,118,7,100,40,32,50,84,113,167,88,60,64,77,194,120,18,62,126,66,40,80,23,82,53,47,135,184,285,54,110,22,132,103,19,58,119,76,20,91,51,85,94,67,98,38,58
474,424,182,76,500,100,219,155,160,173,369,542,852,327,263,287,357,858,494,63,289,472,282,165,315,116,317,237,236,590,722,1313,272,448,114,488,471,74,279,528,332,87,373,179,359,415,290,464,184,328
188,129,60,39,170,40,155,23,47,75,135,181,266,110,72,81,101,270,169,17,72,163,88,62,101,39,107,72,68,184,219,432,80,151,34,166,162,22,86,168,103,28,124,64,115,129,100,151,46,96
200,135,58,26,176,32,160,47,26,67,133,174,313,88,59,91,115,283,182,22,104,168,96,78,108,40,110,67,84,230,260,446,88,145,44,189,154,33,72,162,101,26,143,54,133,147,92,158,61,122
238,173,76,37,242,50,173,75,67,40,162,216,392,128,100,97,162,348,232,36,107,216,121,87,147,58,140,110,98,247,308,592,126,205,44,207,209,31,113,214,139,55,161,83,153,193,128,206,79,138
463,369,170,62,450,84,369,135,133,162,171,458,788,280,225,240,324,767,460,62,247,451,226,168,291,106,279,200,224,543,690,1233,221,417,92,469,390,63,225,475,289,95,321,163,320,397,269,416,139,280
514,459,219,96,546,113,542,181,174,216,458,325,1029,347,253,290,389,1041,560,72,302,574,308,217,360,148,375,269,265,701,883,1653,303,564,147,600,498,102,269,610,355,129,428,202,464,530,345,571,215,375
816,787,343,141,882,167,852,266,313,392,788,1029,826,601,459,510,653,1459,929,117,527,909,484,366,583,239,608,407,429,1155,1377,2468,501,812,205,1018,813,148,442,976,614,179,649,331,702,808,586,914,326,627
361,284,113,61,390,88,327,110,88,128,280,347,601,114,176,172,199,580,327,43,158,307,175,114,210,70,205,165,148,413,475,935,184,307,83,344,324,55,179,336,214,64,253,124,251,307,182,357,126,227
315,232,104,42,234,60,263,72,59,100,225,253,459,176,67,134,193,498,283,37,128,269,153,109,160,79,162,129,160,323,396,709,135,243,62,269,260,32,122,293,168,47,219,108,221,247,153,300,84,190
339,240,97,53,278,64,287,81,91,97,240,290,510,172,134,78,225,512,292,39,132,307,180,122,176,74,179,147,167,352,470,828,141,249,69,324,257,40,137,307,189,58,245,107,237,253,176,304,104,189
395,301,151,60,372,77,357,101,115,162,324,389,653,199,193,225,132,663,381,54,198,371,191,146,248,96,252,178,182,441,535,998,227,315,85,377,331,62,166,381,227,64,263,135,267,341,215,361,129,239
813,774,351,133,902,194,858,270,283,348,767,1041,1459,580,498,512,663,770,948,114,517,925,548,364,564,233,601,413,462,1075,1305,2393,505,863,208,1005,831,141,444,984,592,167,646,357,681,830,596,910,329,583
497,422,193,77,523,120,494,169,182,232,460,560,929,327,283,292,381,948,258,60,285,510,308,210,327,124,319,241,240,660,806,1356,291,491,121,528,496,81,276,540,314,101,418,180,422,441,300,526,217,351
77,55,23,11,68,18,63,17,22,36,62,72,117,43,37,39,54,114,60,4,22,66,35,36,30,11,42,23,36,84,100,184,38,52,13,71,59,13,32,67,36,19,56,31,50,56,37,68,33,47
289,198,105,44,288,62,289,72,104,107,247,302,527,158,128,132,198,517,285,22,90,288,151,106,172,68,179,130,129,305,436,794,143,232,65,279,277,40,128,320,170,55,255,112,226,277,170,292,113,195
517,427,187,84,540,126,472,163,168,216,451,574,909,307,269,307,371,925,510,66,288,273,299,200,316,123,322,254,245,683,732,1403,264,479,111,544,469,102,269,549,321,100,449,188,374,428,314,505,203,351
359,231,126,51,313,66,282,88,96,121,226,308,484,175,153,180,191,548,308,35,151,299,81,119,145,72,164,121,130,328,445,854,166,272,80,322,283,53,119,301,211,51,279,100,222,278,162,315,116,214
204,153,78,32,213,40,165,62,78,87,168,217,366,114,109,122,146,364,210,36,106,200,119,35,152,47,122,95,94,272,288,547,98,204,44,177,200,29,112,200,139,38,172,77,157,182,109,225,81,135
367,309,114,62,322,80,315,101,108,147,291,360,583,210,160,176,248,564,327,30,172,316,145,152,104,88,218,144,167,372,477,907,174,312,68,306,317,51,174,356,215,64,278,121,236,286,184,334,120,229
136,100,46,26,124,23,116,39,40,58,106,148,239,70,79,74,96,233,124,11,68,123,72,47,88,13,84,52,65,144,200,369,77,106,35,127,124,22,75,131,83,22,104,41,99,123,71,137,56,90
368,277,123,71,338,82,317,107,110,140,279,375,608,205,162,179,252,601,319,42,179,322,164,122,218,84,116,151,171,396,482,980,191,296,88,350,315,60,187,343,230,63,269,102,238,315,182,354,140,229
273,208,98,38,239,53,237,72,67,110,200,269,407,165,129,147,178,413,241,23,130,254,121,95,144,52,151,51,113,268,318,686,109,220,53,264,217,33,108,254,167,47,190,83,184,211,150,241,88,142
292,209,98,51,256,47,236,68,84,98,224,265,429,148,160,167,182,462,240,36,129,245,130,94,167,65,171,113,73,324,352,657,140,230,53,269,253,36,130,274,180,42,222,100,185,215,155,262,91,181
598,531,250,99,665,135,590,184,230,247,543,701,1155,413,323,352,441,1075,660,84,305,683,328,272,372,144,396,268,324,432,959,1718,318,604,172,658,571,106,318,690,429,112,469,228,476,592,384,664,217,410
693,673,302,130,752,184,722,219,260,308,690,883,1377,475,396,470,535,1305,806,100,436,732,445,288,477,200,482,318,352,959,581,2064,381,735,168,850,704,132,370,798,516,170,570,285,555,710,480,777,283,526
1163,1224,563,222,1338,285,1313,432,446,592,1233,1653,2468,935,709,828,998,2393,1356,184,794,1403,854,547,907,369,980,686,657,1718,2064,1956,728,1276,308,1510,1292,233,671,1443,909,282,1035,528,1149,1307,934,1430,475,930
240,250,125,40,252,54,272,80,88,126,221,303,501,184,135,141,227,505,291,38,143,264,166,98,174,77,191,109,140,318,381,728,79,248,66,297,221,35,134,273,176,57,176,105,217,268,191,280,91,162
483,427,194,70,486,110,448,151,145,205,417,564,812,307,243,249,315,863,491,52,232,479,272,204,312,106,296,220,230,604,735,1276,248,205,102,517,439,83,251,520,318,84,370,191,386,438,294,467,165,304
123,80,42,21,102,22,114,34,44,44,92,147,205,83,62,69,85,208,121,13,65,111,80,44,68,35,88,53,53,172,168,308,66,102,14,125,108,20,59,118,81,27,91,44,83,100,66,117,38,80
517,469,200,97,562,132,488,166,189,207,469,600,1018,344,269,324,377,1005,528,71,279,544,322,177,306,127,350,264,269,658,850,1510,297,517,125,258,526,90,239,608,335,105,401,199,396,532,329,553,184,347
502,403,191,83,463,103,471,162,154,209,390,498,813,324,260,257,331,831,496,59,277,469,283,200,317,124,315,217,253,571,704,1292,221,439,108,526,205,78,245,531,314,95,349,176,394,419,283,477,168,347
72,72,30,14,100,19,74,22,33,31,63,102,148,55,32,40,62,141,81,13,40,102,53,29,51,22,60,33,36,106,132,233,35,83,20,90,78,8,51,86,49,22,60,34,63,82,46,112,21,55
262,235,112,49,273,58,279,86,72,113,225,269,442,179,122,137,166,444,276,32,128,269,119,112,174,75,187,108,130,318,370,671,134,251,59,239,245,51,65,232,185,54,189,99,200,216,160,263,82,159
461,404,223,86,554,119,528,168,162,214,475,610,976,336,293,307,381,984,540,67,320,549,301,200,356,131,343,254,274,690,798,1443,273,520,118,608,531,86,232,269,375,104,368,212,433,493,325,551,181,341
329,279,129,54,353,76,332,103,101,139,289,355,614,214,168,189,227,592,314,36,170,321,211,139,215,83,230,167,180,429,516,909,176,318,81,335,314,49,185,375,110,68,265,119,290,292,201,305,131,227
104,87,41,15,96,20,87,28,26,55,95,129,179,64,47,58,64,167,101,19,55,100,51,38,64,22,63,47,42,112,170,282,57,84,27,105,95,22,54,104,68,4,87,35,70,102,65,100,37,82
390,359,178,63,365,91,373,124,143,161,321,428,649,253,219,245,263,646,418,56,255,449,279,172,278,104,269,190,222,469,570,1035,176,370,91,401,349,60,189,368,265,87,146,128,326,343,214,410,153,253
188,153,71,30,180,51,179,64,54,83,163,202,331,124,108,107,135,357,180,31,112,188,100,77,121,41,102,83,100,228,285,528,105,191,44,199,176,34,99,212,119,35,128,36,145,170,125,186,69,117
481,337,154,62,402,85,359,115,133,153,320,464,702,251,221,237,267,681,422,50,226,374,222,157,236,99,238,184,185,476,555,1149,217,386,83,396,394,63,200,433,290,70,326,145,160,402,224,436,167,246
432,371,192,55,446,94,415,129,147,193,397,530,808,307,247,253,341,830,441,56,277,428,278,182,286,123,315,211,215,592,710,1307,268,438,100,532,419,82,216,493,292,102,343,170,402,222,300,441,150,322
353,252,112,46,308,67,290,100,92,128,269,345,586,182,153,176,215,596,300,37,170,314,162,109,184,71,182,150,155,384,480,934,191,294,66,329,283,46,160,325,201,65,214,125,224,300,92,330,111,193
491,456,192,78,556,98,464,151,158,206,416,571,914,357,300,304,361,910,526,68,292,505,315,225,334,137,354,241,262,664,777,1430,280,467,117,553,477,112,263,551,305,100,410,186,436,441,330,253,188,357
187,156,79,28,183,38,184,46,61,79,139,215,326,126,84,104,129,329,217,33,113,203,116,81,120,56,140,88,91,217,283,475,91,165,38,184,168,21,82,181,131,37,153,69,167,150,111,188,27,118
392,258,139,61,365,58,328,96,122,138,280,375,627,227,190,189,239,583,351,47,195,351,214,135,229,90,229,142,181,410,526,930,162,304,80,347,347,55,159,341,227,82,253,117,246,322,193,357,118,117
