262,466,227,95,480,117,469,177,159,234,452,519,816,354,337,388,373,831,500,71,340,526,353,211,376,160,376,305,301,644,655,1146,238,483,110,543,482,84,264,453,334,112,394,154,450,421,365,508,171,379
466,192,170,73,462,86,390,124,174,159,344,514,808,281,223,228,324,805,443,60,253,459,269,162,291,107,271,176,219,574,698,1268,251,382,90,456,386,69,205,477,282,83,337,146,361,420,282,450,169,269
227,170,37,40,194,44,177,49,56,88,149,271,402,120,88,87,137,362,187,15,106,207,108,73,139,48,130,104,103,247,288,554,115,193,35,211,171,35,93,219,124,42,146,80,151,192,124,168,74,138
95,73,40,5,87,17,77,30,20,45,67,104,156,53,40,47,69,164,91,12,47,85,36,34,54,19,58,38,54,119,113,205,37,85,22,103,70,21,37,106,68,17,61,32,71,74,51,93,20,59
480,462,194,87,279,102,540,159,166,213,434,610,939,341,278,296,373,934,527,56,276,482,284,188,336,118,315,236,242,661,774,1476,289,497,128,534,497,97,263,510,365,101,377,194,410,479,326,550,194,331
117,86,44,17,102,12,105,42,30,48,71,115,195,91,46,64,87,203,130,18,63,118,53,48,70,25,80,52,62,150,175,301,72,99,33,124,91,24,61,136,79,24,83,34,95,101,71,126,33,72
469,390,177,77,540,105,249,162,177,226,404,541,829,344,223,237,358,860,495,68,258,469,276,210,324,125,332,246,264,631,701,1327,247,463,120,505,454,74,246,544,345,90,357,170,381,435,292,482,167,339
177,124,49,30,159,42,162,30,42,68,133,159,276,110,88,99,108,263,154,14,80,153,90,64,113,38,109,76,72,182,212,411,84,127,37,154,149,23,59,168,110,26,124,56,117,137,103,154,60,116
159,174,56,20,166,30,177,42,21,74,139,192,304,110,79,93,115,304,158,24,89,149,88,72,127,44,109,88,94,207,231,455,94,143,38,165,155,31,73,161,121,32,125,54,162,152,98,167,54,114
234,159,88,45,213,48,226,68,74,48,179,238,356,136,124,140,150,360,191,28,122,209,129,75,130,76,157,122,111,252,298,529,108,209,50,199,212,23,112,212,163,39,160,86,174,197,115,216,71,163
452,344,149,67,434,71,404,133,139,179,182,490,764,299,246,250,310,759,406,58,218,434,258,163,297,119,292,225,229,504,609,1127,237,416,100,439,382,65,218,456,278,86,296,156,363,379,243,456,165,317
519,514,271,104,610,115,541,159,192,238,490,264,972,395,278,330,419,1011,593,73,312,614,323,226,379,147,377,263,305,705,856,1554,323,559,118,605,511,98,297,600,405,108,450,218,435,510,374,578,202,365
816,808,402,156,939,195,829,276,304,356,764,972,810,602,479,551,667,1478,889,102,485,887,505,354,592,232,603,435,432,1163,1375,2503,488,864,199,1001,835,181,455,1000,594,197,658,372,702,809,559,950,357,591
354,281,120,53,341,91,344,110,110,136,299,395,602,98,175,193,256,603,346,41,171,342,200,122,198,78,193,130,167,383,496,896,187,322,63,352,315,51,170,379,217,65,259,112,254,280,201,335,132,232
337,223,88,40,278,46,223,88,79,124,246,278,479,175,62,129,201,451,273,28,143,253,150,106,168,80,182,137,140,327,409,730,143,255,38,276,239,42,132,295,172,48,220,108,197,231,144,257,91,202
388,228,87,47,296,64,237,99,93,140,250,330,551,193,129,72,205,515,271,30,147,308,160,113,166,82,194,143,152,335,457,814,152,252,50,311,266,35,138,343,206,59,224,108,215,275,157,287,93,218
373,324,137,69,373,87,358,108,115,150,310,419,667,256,201,205,134,655,394,56,223,378,227,148,238,79,217,185,182,466,548,997,208,323,76,370,317,64,170,386,231,76,279,140,281,347,222,376,134,257
831,805,362,164,934,203,860,263,304,360,759,1011,1478,603,451,515,655,833,914,96,466,897,530,388,624,240,627,411,482,1073,1426,2445,493,869,216,1028,850,164,430,982,592,192,661,378,725,833,554,918,349,580
500,443,187,91,527,130,495,154,158,191,406,593,889,346,273,271,394,914,268,76,263,470,314,220,353,114,331,254,262,674,703,1451,297,514,105,540,450,76,248,558,326,103,380,191,439,470,293,579,214,323
71,60,15,12,56,18,68,14,24,28,58,73,102,41,28,30,56,96,76,4,29,73,34,25,48,14,43,25,34,77,108,186,25,70,19,62,57,11,26,63,37,16,51,29,61,50,39,81,14,52
340,253,106,47,276,63,258,80,89,122,218,312,485,171,143,147,223,466,263,29,77,260,149,114,170,78,198,122,142,304,418,795,130,289,62,264,255,45,144,305,201,74,212,95,223,270,149,285,89,197
526,459,207,85,482,118,469,153,149,209,434,614,887,342,253,308,378,897,470,73,260,258,291,198,326,134,319,253,244,679,741,1437,268,462,113,513,443,73,248,559,349,92,374,203,410,454,308,540,160,367
353,269,108,36,284,53,276,90,88,129,258,323,505,200,150,160,227,530,314,34,149,291,85,113,177,67,171,149,147,368,487,858,166,259,77,316,270,33,145,283,184,58,248,123,234,266,184,300,105,227
211,162,73,34,188,48,210,64,72,75,163,226,354,122,106,113,148,388,220,25,114,198,113,43,137,56,140,92,99,247,322,565,103,180,47,219,197,34,105,206,137,43,169,65,148,190,108,216,76,125
376,291,139,54,336,70,324,113,127,130,297,379,592,198,168,166,238,624,353,48,170,326,177,137,115,91,239,149,172,412,497,950,190,321,74,347,295,52,172,367,217,58,241,116,232,294,212,343,137,228
160,107,48,19,118,25,125,38,44,76,119,147,232,78,80,82,79,240,114,14,78,134,67,56,91,15,83,62,67,139,196,382,57,110,31,136,122,22,57,148,67,23,101,40,109,112,80,149,63,93
376,271,130,58,315,80,332,109,109,157,292,377,603,193,182,194,217,627,331,43,198,319,171,140,239,83,125,129,165,394,482,952,174,307,81,349,318,56,164,354,220,63,276,113,266,324,205,354,132,246
305,176,104,38,236,52,246,76,88,122,225,263,435,130,137,143,185,411,254,25,122,253,149,92,149,62,129,51,116,270,364,652,131,206,49,269,213,45,131,247,153,64,184,89,206,220,129,251,99,160
301,219,103,54,242,62,264,72,94,111,229,305,432,167,140,152,182,482,262,34,142,244,147,99,172,67,165,116,58,306,390,706,128,203,53,252,254,43,127,266,182,50,214,104,185,241,155,271,111,185
644,574,247,119,661,150,631,182,207,252,504,705,1163,383,327,335,466,1073,674,77,304,679,368,247,412,139,394,270,306,375,1030,1804,352,604,150,649,586,117,345,713,430,131,451,251,553,557,410,674,266,431
655,698,288,113,774,175,701,212,231,298,609,856,1375,496,409,457,548,1426,703,108,418,741,487,322,497,196,482,364,390,1030,549,2106,405,687,167,804,690,146,355,829,513,127,577,298,598,708,478,790,283,520
1146,1268,554,205,1476,301,1327,411,455,529,1127,1554,2503,896,730,814,997,2445,1451,186,795,1437,858,565,950,382,952,652,706,1804,2106,2006,755,1313,312,1511,1296,266,718,1530,934,308,1060,530,1116,1308,908,1391,542,953
238,251,115,37,289,72,247,84,94,108,237,323,488,187,143,152,208,493,297,25,130,268,166,103,190,57,174,131,128,352,405,755,70,261,60,283,255,52,162,291,188,55,219,108,222,268,167,267,116,212
483,382,193,85,497,99,463,127,143,209,416,559,864,322,255,252,323,869,514,70,289,462,259,180,321,110,307,206,203,604,687,1313,261,213,117,505,433,72,247,480,324,107,373,193,398,395,307,459,182,321
110,90,35,22,128,33,120,37,38,50,100,118,199,63,38,50,76,216,105,19,62,113,77,47,74,31,81,49,53,150,167,312,60,117,6,126,107,16,60,142,77,26,97,44,91,110,62,98,44,93
543,456,211,103,534,124,505,154,165,199,439,605,1001,352,276,311,370,1028,540,62,264,513,316,219,347,136,349,269,252,649,804,1511,283,505,126,271,502,91,284,590,379,124,413,211,431,497,349,561,212,346
482,386,171,70,497,91,454,149,155,212,382,511,835,315,239,266,317,850,450,57,255,443,270,197,295,122,318,213,254,586,690,1296,255,433,107,502,213,70,242,513,301,101,374,187,377,442,270,515,157,348
84,69,35,21,97,24,74,23,31,23,65,98,181,51,42,35,64,164,76,11,45,73,33,34,52,22,56,45,43,117,146,266,52,72,16,91,70,7,45,102,69,17,69,30,56,95,43,103,34,48
264,205,93,37,263,61,246,59,73,112,218,297,455,170,132,138,170,430,248,26,144,248,145,105,172,57,164,131,127,345,355,718,162,247,60,284,242,45,63,251,160,42,218,92,192,250,168,221,92,188
453,477,219,106,510,136,544,168,161,212,456,600,1000,379,295,343,386,982,558,63,305,559,283,206,367,148,354,247,266,713,829,1530,291,480,142,590,513,102,251,323,384,110,431,206,423,495,334,563,210,366
334,282,124,68,365,79,345,110,121,163,278,405,594,217,172,206,231,592,326,37,201,349,184,137,217,67,220,153,182,430,513,934,188,324,77,379,301,69,160,384,122,70,279,127,262,350,208,358,145,231
112,83,42,17,101,24,90,26,32,39,86,108,197,65,48,59,76,192,103,16,74,92,58,43,58,23,63,64,50,131,127,308,55,107,26,124,101,17,42,110,70,8,92,51,78,110,63,111,40,75
394,337,146,61,377,83,357,124,125,160,296,450,658,259,220,224,279,661,380,51,212,374,248,169,241,101,276,184,214,451,577,1060,219,373,97,413,374,69,218,431,279,92,140,149,338,332,239,396,135,265
154,146,80,32,194,34,170,56,54,86,156,218,372,112,108,108,140,378,191,29,95,203,123,65,116,40,113,89,104,251,298,530,108,193,44,211,187,30,92,206,127,51,149,38,153,185,102,182,79,128
450,361,151,71,410,95,381,117,162,174,363,435,702,254,197,215,281,725,439,61,223,410,234,148,232,109,266,206,185,553,598,1116,222,398,91,431,377,56,192,423,262,78,338,153,146,346,255,436,168,299
421,420,192,74,479,101,435,137,152,197,379,510,809,280,231,275,347,833,470,50,270,454,266,190,294,112,324,220,241,557,708,1308,268,395,110,497,442,95,250,495,350,110,332,185,346,213,280,484,178,313
365,282,124,51,326,71,292,103,98,115,243,374,559,201,144,157,222,554,293,39,149,308,184,108,212,80,205,129,155,410,478,908,167,307,62,349,270,43,168,334,208,63,239,102,255,280,96,296,109,225
508,450,168,93,550,126,482,154,167,216,456,578,950,335,257,287,376,918,579,81,285,540,300,216,343,149,354,251,271,674,790,1391,267,459,98,561,515,103,221,563,358,111,396,182,436,484,296,250,173,365
171,169,74,20,194,33,167,60,54,71,165,202,357,132,91,93,134,349,214,14,89,160,105,76,137,63,132,99,111,266,283,542,116,182,44,212,157,34,92,210,145,40,135,79,168,178,109,173,36,137
379,269,138,59,331,72,339,116,114,163,317,365,591,232,202,218,257,580,323,52,197,367,227,125,228,93,246,160,185,431,520,953,212,321,93,346,348,48,188,366,231,75,265,128,299,313,225,365,137,102
