281,451,211,85,513,111,503,208,172,235,453,516,820,371,310,312,379,844,464,78,346,522,344,232,364,156,377,282,290,646,688,1176,238,514,100,508,479,82,271,488,335,97,351,169,441,428,335,487,161,368
451,165,148,74,417,89,427,135,136,163,366,489,849,260,242,250,296,817,430,53,226,434,252,175,303,112,316,193,218,581,638,1239,239,392,103,428,373,66,233,479,278,95,345,142,348,425,259,467,178,262
211,148,42,28,198,41,161,53,61,69,166,228,372,129,104,94,144,345,208,21,113,215,109,73,99,52,135,100,97,238,330,556,110,191,46,215,183,33,109,206,121,49,147,78,149,190,122,187,73,142
85,74,28,7,90,14,85,32,27,49,87,113,124,55,33,43,60,138,85,13,48,71,40,36,58,14,57,32,41,107,127,202,34,91,17,84,73,22,51,92,48,18,60,33,75,82,50,97,26,63
513,417,198,90,252,107,458,163,165,216,391,576,931,310,253,296,355,944,515,68,282,484,272,204,317,147,333,238,258,666,790,1367,261,492,137,559,514,87,262,543,325,89,418,188,398,472,287,536,193,338
111,89,41,14,107,9,100,39,46,61,119,125,182,78,67,68,89,194,106,16,56,104,54,44,83,20,85,51,56,133,137,299,61,99,18,110,93,28,62,114,62,28,76,40,84,98,71,114,39,82
503,427,161,85,458,100,249,153,160,216,443,566,856,311,239,264,347,855,491,58,245,475,281,242,322,127,378,208,236,614,734,1383,281,424,101,506,458,101,262,519,297,99,365,173,407,434,328,505,159,348
208,135,53,32,163,39,153,24,61,78,135,157,269,104,65,83,130,277,170,23,107,182,92,69,93,33,84,76,93,187,241,418,79,162,27,178,151,25,85,160,103,26,112,57,104,120,84,176,59,132
172,136,61,27,165,46,160,61,33,67,145,186,294,112,85,91,115,278,169,14,83,161,99,67,89,47,113,93,91,201,260,452,86,150,41,180,156,27,83,182,104,32,140,70,133,157,119,161,66,100
235,163,69,49,216,61,216,78,67,46,180,222,383,142,101,123,166,427,217,24,117,213,121,82,144,68,152,105,115,258,275,545,95,218,51,215,203,39,122,212,151,42,170,84,157,171,124,201,78,164
453,366,166,87,391,119,443,135,145,180,191,456,783,267,229,256,306,793,426,49,247,472,262,158,284,115,307,219,227,511,632,1176,199,402,115,454,406,68,232,436,271,85,331,140,317,374,270,438,160,310
516,489,228,113,576,125,566,157,186,222,456,300,1006,365,287,338,409,985,560,78,335,579,320,232,334,149,383,235,311,721,883,1587,297,497,124,579,560,109,271,618,352,97,434,240,434,520,400,586,205,336
820,849,372,124,931,182,856,269,294,383,783,1006,812,578,480,518,661,1466,944,132,541,950,538,378,638,239,625,406,458,1134,1383,2500,486,795,213,961,789,154,414,968,611,193,639,373,753,874,583,954,303,614
371,260,129,55,310,78,311,104,112,142,267,365,578,105,169,194,232,608,339,39,170,326,190,119,208,84,207,142,176,429,517,957,188,315,85,310,294,47,164,363,210,67,269,109,268,294,181,361,138,239
310,242,104,33,253,67,239,65,85,101,229,287,480,169,73,126,190,492,268,37,135,266,158,108,210,68,192,140,151,345,404,797,153,257,71,282,218,53,126,273,154,67,204,101,220,258,155,280,102,181
312,250,94,43,296,68,264,83,91,123,256,338,518,194,126,80,204,514,268,35,144,298,146,118,192,64,197,133,155,373,414,818,149,247,94,298,247,58,131,289,171,64,237,111,214,263,172,310,116,166
379,296,144,60,355,89,347,130,115,166,306,409,661,232,190,204,140,667,351,31,205,370,207,137,217,104,256,156,175,478,560,1011,205,351,88,376,338,55,203,404,231,65,270,131,280,335,224,396,120,223
844,817,345,138,944,194,855,277,278,427,793,985,1466,608,492,514,667,820,895,103,519,904,536,400,618,238,625,401,443,1067,1351,2443,466,854,213,1015,830,157,437,968,595,196,616,352,752,861,558,938,332,618
464,430,208,85,515,106,491,170,169,217,426,560,944,339,268,268,351,895,248,60,285,511,281,210,348,122,327,224,259,641,803,1431,277,518,104,512,495,73,251,533,304,95,366,181,409,529,339,524,183,366
78,53,21,13,68,16,58,23,14,24,49,78,132,39,37,35,31,103,60,2,33,73,41,25,44,18,34,29,31,88,87,163,35,70,9,60,63,15,32,69,38,14,54,25,65,62,44,68,28,50
346,226,113,48,282,56,245,107,83,117,247,335,541,170,135,144,205,519,285,33,76,313,162,116,168,82,187,141,148,328,413,794,144,259,56,283,242,50,156,279,198,68,230,109,222,270,148,310,91,192
522,434,215,71,484,104,475,182,161,213,472,579,950,326,266,298,370,904,511,73,313,290,307,215,369,148,341,211,241,639,781,1456,287,506,135,527,504,94,263,528,298,118,368,181,402,512,334,553,184,404
344,252,109,40,272,54,281,92,99,121,262,320,538,190,158,146,207,536,281,41,162,307,75,134,196,79,194,167,160,412,455,836,181,272,82,318,267,52,158,302,185,54,186,117,274,308,188,323,113,203
232,175,73,36,204,44,242,69,67,82,158,232,378,119,108,118,137,400,210,25,116,215,134,47,140,57,152,99,94,253,344,583,120,182,54,220,201,28,117,224,138,52,161,75,175,185,101,227,85,140
364,303,99,58,317,83,322,93,89,144,284,334,638,208,210,192,217,618,348,44,168,369,196,140,107,76,216,165,155,394,511,956,179,315,88,321,343,52,143,359,185,65,257,102,261,328,204,360,145,203
156,112,52,14,147,20,127,33,47,68,115,149,239,84,68,64,104,238,122,18,82,148,79,57,76,18,64,59,57,169,210,361,82,105,29,128,110,20,47,150,91,24,104,35,98,108,80,140,39,103
377,316,135,57,333,85,378,84,113,152,307,383,625,207,192,197,256,625,327,34,187,341,194,152,216,64,117,160,145,428,534,957,180,306,60,335,339,53,175,379,224,73,293,119,265,313,205,372,129,249
282,193,100,32,238,51,208,76,93,105,219,235,406,142,140,133,156,401,224,29,141,211,167,99,165,59,160,57,110,293,339,681,112,209,51,229,222,33,115,247,161,44,186,91,188,231,144,249,95,169
290,218,97,41,258,56,236,93,91,115,227,311,458,176,151,155,175,443,259,31,148,241,160,94,155,57,145,110,60,267,385,733,150,256,63,238,257,48,130,277,151,51,200,93,193,238,148,268,100,178
646,581,238,107,666,133,614,187,201,258,511,721,1134,429,345,373,478,1067,641,88,328,639,412,253,394,169,428,293,267,376,941,1833,334,603,162,657,583,133,330,654,405,126,461,252,476,568,389,667,251,452
688,638,330,127,790,137,734,241,260,275,632,883,1383,517,404,414,560,1351,803,87,413,781,455,344,511,210,534,339,385,941,570,2085,382,705,161,827,677,123,414,814,496,185,543,265,591,736,508,785,265,525
1176,1239,556,202,1367,299,1383,418,452,545,1176,1587,2500,957,797,818,1011,2443,1431,163,794,1456,836,583,956,361,957,681,733,1833,2085,1874,716,1236,302,1519,1339,235,697,1489,946,286,1025,536,1205,1262,929,1434,513,939
238,239,110,34,261,61,281,79,86,95,199,297,486,188,153,149,205,466,277,35,144,287,181,120,179,82,180,112,150,334,382,716,70,249,76,287,240,48,145,291,172,58,191,105,248,270,178,293,112,173
514,392,191,91,492,99,424,162,150,218,402,497,795,315,257,247,351,854,518,70,259,506,272,182,315,105,306,209,256,603,705,1236,249,218,113,493,441,74,252,469,310,99,360,155,407,427,300,479,181,361
100,103,46,17,137,18,101,27,41,51,115,124,213,85,71,94,88,213,104,9,56,135,82,54,88,29,60,51,63,162,161,302,76,113,15,114,103,20,57,125,76,21,76,50,84,100,82,114,37,80
508,428,215,84,559,110,506,178,180,215,454,579,961,310,282,298,376,1015,512,60,283,527,318,220,321,128,335,229,238,657,827,1519,287,493,114,281,475,83,267,598,347,106,404,186,398,474,321,586,194,344
479,373,183,73,514,93,458,151,156,203,406,560,789,294,218,247,338,830,495,63,242,504,267,201,343,110,339,222,257,583,677,1339,240,441,103,475,221,91,249,479,308,99,348,171,404,447,295,537,167,344
82,66,33,22,87,28,101,25,27,39,68,109,154,47,53,58,55,157,73,15,50,94,52,28,52,20,53,33,48,133,123,235,48,74,20,83,91,7,32,97,62,20,68,33,71,74,51,87,39,67
271,233,109,51,262,62,262,85,83,122,232,271,414,164,126,131,203,437,251,32,156,263,158,117,143,47,175,115,130,330,414,697,145,252,57,267,249,32,69,238,172,62,180,102,205,229,141,263,81,221
488,479,206,92,543,114,519,160,182,212,436,618,968,363,273,289,404,968,533,69,279,528,302,224,359,150,379,247,277,654,814,1489,291,469,125,598,479,97,238,270,329,108,381,212,437,482,342,546,186,378
335,278,121,48,325,62,297,103,104,151,271,352,611,210,154,171,231,595,304,38,198,298,185,138,185,91,224,161,151,405,496,946,172,310,76,347,308,62,172,329,91,66,248,127,229,314,195,322,108,238
97,95,49,18,89,28,99,26,32,42,85,97,193,67,67,64,65,196,95,14,68,118,54,52,65,24,73,44,51,126,185,286,58,99,21,106,99,20,62,108,66,9,67,40,90,104,80,108,35,83
351,345,147,60,418,76,365,112,140,170,331,434,639,269,204,237,270,616,366,54,230,368,186,161,257,104,293,186,200,461,543,1025,191,360,76,404,348,68,180,381,248,67,140,154,327,344,248,389,124,253
169,142,78,33,188,40,173,57,70,84,140,240,373,109,101,111,131,352,181,25,109,181,117,75,102,35,119,91,93,252,265,536,105,155,50,186,171,33,102,212,127,40,154,33,137,173,100,166,83,120
441,348,149,75,398,84,407,104,133,157,317,434,753,268,220,214,280,752,409,65,222,402,274,175,261,98,265,188,193,476,591,1205,248,407,84,398,404,71,205,437,229,90,327,137,153,388,232,422,155,279
428,425,190,82,472,98,434,120,157,171,374,520,874,294,258,263,335,861,529,62,270,512,308,185,328,108,313,231,238,568,736,1262,270,427,100,474,447,74,229,482,314,104,344,173,388,199,320,487,198,348
335,259,122,50,287,71,328,84,119,124,270,400,583,181,155,172,224,558,339,44,148,334,188,101,204,80,205,144,148,389,508,929,178,300,82,321,295,51,141,342,195,80,248,100,232,320,84,351,117,198
487,467,187,97,536,114,505,176,161,201,438,586,954,361,280,310,396,938,524,68,310,553,323,227,360,140,372,249,268,667,785,1434,293,479,114,586,537,87,263,546,322,108,389,166,422,487,351,256,178,339
161,178,73,26,193,39,159,59,66,78,160,205,303,138,102,116,120,332,183,28,91,184,113,85,145,39,129,95,100,251,265,513,112,181,37,194,167,39,81,186,108,35,124,83,155,198,117,178,28,134
368,262,142,63,338,82,348,132,100,164,310,336,614,239,181,166,223,618,366,50,192,404,203,140,203,103,249,169,178,452,525,939,173,361,80,344,344,67,221,378,238,83,253,120,279,348,198,339,134,123
