242,492,207,91,469,134,477,174,174,224,419,501,803,390,307,333,377,798,526,72,321,537,365,198,360,167,385,255,295,619,727,1209,237,512,105,487,480,80,248,448,316,106,364,170,423,423,342,532,159,376
492,184,156,70,445,94,396,107,132,190,373,513,773,281,229,233,344,810,411,42,235,436,268,192,268,88,288,181,203,499,639,1235,225,390,102,496,368,88,209,478,318,93,330,163,340,443,279,471,171,268
207,156,38,32,195,49,191,54,65,85,177,228,360,150,116,104,148,362,198,24,105,194,111,90,115,61,128,90,90,237,310,596,116,173,54,198,190,27,82,226,123,39,165,62,138,185,120,218,75,127
91,70,32,7,68,19,93,35,31,39,83,85,129,59,52,53,64,150,79,11,43,95,53,45,64,23,67,35,60,101,119,217,37,83,20,93,74,8,40,85,59,21,58,21,91,80,56,93,28,70
469,445,195,68,261,91,465,164,160,222,432,542,959,313,262,293,379,943,481,57,294,514,315,202,303,140,335,239,254,661,770,1434,269,493,102,544,485,90,279,541,322,95,385,175,413,492,342,560,165,352
134,94,49,19,91,6,109,39,42,43,98,127,167,76,70,78,93,170,103,13,63,114,72,57,84,29,91,43,78,114,141,282,57,113,27,127,92,17,53,98,73,31,71,37,111,105,83,120,40,77
477,396,191,93,465,109,241,145,173,203,393,503,834,327,292,311,355,807,481,72,296,492,289,202,330,135,347,209,237,583,681,1312,259,478,110,490,400,96,260,458,325,113,361,159,396,456,337,510,193,345
174,107,54,35,164,39,145,21,40,70,145,187,289,105,83,102,106,292,157,13,90,153,71,56,102,44,87,68,75,203,207,418,72,158,47,184,156,22,68,156,94,22,136,58,118,130,83,163,53,103
174,132,65,31,160,42,173,40,26,76,151,184,282,112,107,103,119,296,172,21,91,164,111,78,125,52,114,67,73,214,229,451,81,159,42,175,151,23,95,153,102,27,128,42,164,140,111,173,55,113
224,190,85,39,222,43,203,70,76,41,174,247,385,143,137,140,145,395,210,27,102,209,125,92,137,43,135,98,114,225,290,568,125,204,50,208,203,28,116,221,123,43,156,73,172,205,142,230,85,155
419,373,177,83,432,98,393,145,151,174,184,497,747,280,267,269,297,759,404,50,220,435,254,169,289,114,281,201,259,496,662,1203,246,401,102,430,390,59,237,424,235,90,305,174,355,409,282,466,163,286
501,513,228,85,542,127,503,187,184,247,497,308,1023,334,284,308,414,1053,618,68,311,547,338,247,356,148,386,251,280,749,854,1531,301,526,125,598,494,88,317,618,362,123,419,221,441,492,352,555,206,356
803,773,360,129,959,167,834,289,282,385,747,1023,799,620,469,515,665,1417,975,115,506,960,551,406,586,232,643,455,463,1144,1416,2349,443,861,220,1000,753,177,465,952,628,193,667,360,730,851,577,911,307,619
390,281,150,59,313,76,327,105,112,143,280,334,620,104,184,216,201,577,314,36,178,338,208,139,204,87,215,169,169,383,507,947,173,311,78,330,324,63,163,314,196,73,237,113,253,310,208,353,122,214
307,229,116,52,262,70,292,83,107,137,267,284,469,184,78,145,214,466,300,32,155,291,164,123,174,69,175,142,126,306,410,745,153,283,53,288,275,55,141,250,167,71,197,97,207,269,172,272,106,183
333,233,104,53,293,78,311,102,103,140,269,308,515,216,145,68,216,507,303,38,151,316,163,128,196,70,182,149,144,304,449,784,157,279,49,290,269,60,156,282,187,58,209,116,233,269,181,300,116,207
377,344,148,64,379,93,355,106,119,145,297,414,665,201,214,216,128,637,375,43,184,373,221,144,258,89,249,148,188,455,540,1030,212,338,85,387,343,59,182,394,232,60,275,136,297,338,228,384,145,231
798,810,362,150,943,170,807,292,296,395,759,1053,1417,577,466,507,637,800,966,121,478,942,536,393,584,223,629,441,440,1125,1372,2354,477,844,192,989,818,160,455,959,606,201,695,330,719,820,543,864,304,646
526,411,198,79,481,103,481,157,172,210,404,618,975,314,300,303,375,966,254,52,314,486,332,179,341,134,335,239,225,662,787,1423,279,466,108,534,461,84,242,556,336,99,393,196,397,416,314,533,188,352
72,42,24,11,57,13,72,13,21,27,50,68,115,36,32,38,43,121,52,2,31,57,29,28,34,22,48,25,31,65,91,188,35,59,10,65,73,11,30,88,39,19,49,27,39,51,44,57,27,43
321,235,105,43,294,63,296,90,91,102,220,311,506,178,155,151,184,478,314,31,82,303,177,133,186,59,184,140,144,335,378,788,142,268,80,275,254,48,138,313,173,65,219,92,257,253,182,290,105,188
537,436,194,95,514,114,492,153,164,209,435,547,960,338,291,316,373,942,486,57,303,255,311,183,336,143,362,216,239,636,788,1486,306,474,106,524,471,91,245,549,325,102,356,185,402,468,329,543,168,370
365,268,111,53,315,72,289,71,111,125,254,338,551,208,164,163,221,536,332,29,177,311,105,123,194,90,224,140,154,304,445,831,173,289,68,314,299,61,137,303,190,71,212,108,280,302,206,319,116,204
198,192,90,45,202,57,202,56,78,92,169,247,406,139,123,128,144,393,179,28,133,183,123,42,135,47,148,89,112,229,296,559,101,193,45,221,198,46,103,194,128,52,145,79,178,203,142,214,84,125
360,268,115,64,303,84,330,102,125,137,289,356,586,204,174,196,258,584,341,34,186,336,194,135,94,86,193,149,151,395,465,914,176,322,65,332,325,63,168,327,220,83,265,138,261,325,213,373,124,186
167,88,61,23,140,29,135,44,52,43,114,148,232,87,69,70,89,223,134,22,59,143,90,47,86,10,78,47,60,160,214,362,66,135,33,127,122,12,81,135,88,31,100,60,116,104,88,134,58,95
385,288,128,67,335,91,347,87,114,135,281,386,643,215,175,182,249,629,335,48,184,362,224,148,193,78,104,152,162,383,518,996,190,343,73,320,322,61,160,336,219,66,268,139,267,305,208,360,125,224
255,181,90,35,239,43,209,68,67,98,201,251,455,169,142,149,148,441,239,25,140,216,140,89,149,47,152,44,127,284,368,677,150,234,57,220,205,34,119,234,148,51,189,89,184,211,161,230,80,163
295,203,90,60,254,78,237,75,73,114,259,280,463,169,126,144,188,440,225,31,144,239,154,112,151,60,162,127,69,284,383,692,150,244,49,238,253,44,110,272,160,48,196,119,203,236,165,273,93,176
619,499,237,101,661,114,583,203,214,225,496,749,1144,383,306,304,455,1125,662,65,335,636,304,229,395,160,383,284,284,375,923,1732,350,595,131,708,567,104,331,640,413,117,521,242,472,619,401,619,213,423
727,639,310,119,770,141,681,207,229,290,662,854,1416,507,410,449,540,1372,787,91,378,788,445,296,465,214,518,368,383,923,610,2085,407,700,170,810,650,134,384,816,486,171,593,250,594,758,473,807,247,523
1209,1235,596,217,1434,282,1312,418,451,568,1203,1531,2349,947,745,784,1030,2354,1423,188,788,1486,831,559,914,362,996,677,692,1732,2085,1965,761,1269,326,1566,1266,256,703,1524,985,323,1055,567,1099,1369,905,1427,482,903
237,225,116,37,269,57,259,72,81,125,246,301,443,173,153,157,212,477,279,35,142,306,173,101,176,66,190,150,150,350,407,761,76,262,68,309,233,49,130,283,185,65,202,98,217,259,182,293,101,193
512,390,173,83,493,113,478,158,159,204,401,526,861,311,283,279,338,844,466,59,268,474,289,193,322,135,343,234,244,595,700,1269,262,234,92,527,466,80,238,478,321,101,352,164,399,419,305,511,148,315
105,102,54,20,102,27,110,47,42,50,102,125,220,78,53,49,85,192,108,10,80,106,68,45,65,33,73,57,49,131,170,326,68,92,12,124,108,19,61,105,76,26,85,42,78,120,66,127,37,96
487,496,198,93,544,127,490,184,175,208,430,598,1000,330,288,290,387,989,534,65,275,524,314,221,332,127,320,220,238,708,810,1566,309,527,124,263,471,85,274,598,321,83,449,196,376,522,314,537,202,338
480,368,190,74,485,92,400,156,151,203,390,494,753,324,275,269,343,818,461,73,254,471,299,198,325,122,322,205,253,567,650,1266,233,466,108,471,203,75,221,456,290,85,327,175,366,425,328,474,176,320
80,88,27,8,90,17,96,22,23,28,59,88,177,63,55,60,59,160,84,11,48,91,61,46,63,12,61,34,44,104,134,256,49,80,19,85,75,4,40,108,55,16,65,34,87,87,63,98,23,64
248,209,82,40,279,53,260,68,95,116,237,317,465,163,141,156,182,455,242,30,138,245,137,103,168,81,160,119,110,331,384,703,130,238,61,274,221,40,55,267,153,29,188,105,202,217,162,268,95,184
448,478,226,85,541,98,458,156,153,221,424,618,952,314,250,282,394,959,556,88,313,549,303,194,327,135,336,234,272,640,816,1524,283,478,105,598,456,108,267,288,363,113,402,210,410,554,332,530,185,374
316,318,123,59,322,73,325,94,102,123,235,362,628,196,167,187,232,606,336,39,173,325,190,128,220,88,219,148,160,413,486,985,185,321,76,321,290,55,153,363,98,53,273,130,253,295,206,337,115,218
106,93,39,21,95,31,113,22,27,43,90,123,193,73,71,58,60,201,99,19,65,102,71,52,83,31,66,51,48,117,171,323,65,101,26,83,85,16,29,113,53,5,91,37,92,101,76,108,35,77
364,330,165,58,385,71,361,136,128,156,305,419,667,237,197,209,275,695,393,49,219,356,212,145,265,100,268,189,196,521,593,1055,202,352,85,449,327,65,188,402,273,91,135,155,326,362,228,381,128,262
170,163,62,21,175,37,159,58,42,73,174,221,360,113,97,116,136,330,196,27,92,185,108,79,138,60,139,89,119,242,250,567,98,164,42,196,175,34,105,210,130,37,155,40,165,205,120,203,72,130
423,340,138,91,413,111,396,118,164,172,355,441,730,253,207,233,297,719,397,39,257,402,280,178,261,116,267,184,203,472,594,1099,217,399,78,376,366,87,202,410,253,92,326,165,167,353,259,429,147,276
423,443,185,80,492,105,456,130,140,205,409,492,851,310,269,269,338,820,416,51,253,468,302,203,325,104,305,211,236,619,758,1369,259,419,120,522,425,87,217,554,295,101,362,205,353,219,335,478,177,314
342,279,120,56,342,83,337,83,111,142,282,352,577,208,172,181,228,543,314,44,182,329,206,142,213,88,208,161,165,401,473,905,182,305,66,314,328,63,162,332,206,76,228,120,259,335,91,363,132,229
532,471,218,93,560,120,510,163,173,230,466,555,911,353,272,300,384,864,533,57,290,543,319,214,373,134,360,230,273,619,807,1427,293,511,127,537,474,98,268,530,337,108,381,203,429,478,363,282,181,382
159,171,75,28,165,40,193,53,55,85,163,206,307,122,106,116,145,304,188,27,105,168,116,84,124,58,125,80,93,213,247,482,101,148,37,202,176,23,95,185,115,35,128,72,147,177,132,181,31,123
376,268,127,70,352,77,345,103,113,155,286,356,619,214,183,207,231,646,352,43,188,370,204,125,186,95,224,163,176,423,523,903,193,315,96,338,320,64,184,374,218,77,262,130,276,314,229,382,123,121
