245,437,207,91,492,113,488,179,168,227,414,504,840,374,300,322,348,822,493,67,344,515,352,183,379,154,339,267,323,576,680,1206,232,482,94,485,474,77,240,440,285,95,363,170,425,426,323,489,175,391
437,201,183,81,448,114,449,124,143,193,373,484,761,284,210,243,327,780,451,61,223,457,227,163,260,108,277,201,210,536,686,1227,248,413,85,466,394,66,221,509,281,95,319,188,361,395,266,471,149,278
207,183,33,36,207,58,207,65,61,76,173,226,361,125,103,105,129,352,219,21,100,213,122,77,137,49,139,92,90,273,305,570,102,196,40,193,174,23,106,179,138,46,172,70,167,176,124,224,62,136
91,81,36,11,82,17,98,31,21,47,80,89,139,66,62,58,64,136,88,9,51,74,62,37,67,19,63,44,47,93,126,211,50,76,19,80,65,13,48,85,57,20,56,36,66,63,58,81,23,72
492,448,207,82,265,123,446,164,180,192,441,569,891,335,263,293,364,890,512,63,287,552,307,211,315,143,354,215,288,635,758,1361,278,480,115,539,487,75,287,575,316,106,417,184,391,465,307,510,184,361
113,114,58,17,123,10,102,42,34,49,98,119,188,67,69,74,78,182,113,15,65,113,75,39,86,29,70,60,61,140,165,264,61,99,21,127,89,20,69,128,58,31,74,45,85,86,79,121,36,86
488,449,207,98,446,102,248,136,164,200,411,539,805,338,233,275,359,835,497,61,293,508,313,184,340,145,348,250,249,586,743,1334,275,452,106,485,417,90,252,478,305,115,364,198,397,428,335,506,181,327
179,124,65,31,164,42,136,21,43,62,135,196,276,90,78,84,109,279,158,27,89,149,93,62,101,40,102,68,73,187,240,436,77,171,25,143,139,19,71,182,107,27,125,51,113,145,89,153,60,111
168,143,61,21,180,34,164,43,19,80,146,178,317,127,71,103,105,303,175,23,83,179,94,70,100,45,129,64,90,218,239,460,75,155,48,160,159,27,82,167,102,29,136,63,141,157,105,188,60,111
227,193,76,47,192,49,200,62,80,51,188,239,372,146,116,134,146,367,211,21,119,232,132,106,140,55,164,93,117,244,341,586,128,183,57,199,186,28,98,221,139,51,172,69,186,190,128,207,75,155
414,373,173,80,441,98,411,135,146,188,185,476,785,299,244,307,318,794,407,56,240,432,274,181,282,128,318,201,232,589,661,1168,248,385,107,446,401,74,226,437,268,75,343,159,354,396,277,433,163,302
504,484,226,89,569,119,539,196,178,239,476,280,1026,343,308,314,383,1024,550,77,337,559,320,217,342,140,365,273,250,756,874,1588,308,530,123,651,470,94,292,595,373,115,426,226,417,511,328,601,183,381
840,761,361,139,891,188,805,276,317,372,785,1026,778,582,453,519,657,1424,898,129,523,926,538,350,590,218,606,402,435,1119,1257,2310,428,856,207,957,827,147,433,942,614,187,730,337,719,841,603,964,302,602
374,284,125,66,335,67,338,90,127,146,299,343,582,134,168,194,241,589,349,39,191,371,209,154,215,81,224,149,155,408,489,870,178,292,80,279,325,41,165,339,221,63,256,141,287,315,176,347,120,212
300,210,103,62,263,69,233,78,71,116,244,308,453,168,72,126,185,452,279,27,152,281,148,100,208,61,196,132,139,304,406,781,142,253,74,255,253,49,128,254,180,56,205,87,229,245,194,285,101,176
322,243,105,58,293,74,275,84,103,134,307,314,519,194,126,80,197,514,311,34,181,316,145,103,185,77,206,125,147,367,463,796,148,254,59,270,285,50,144,307,186,71,236,99,249,271,183,296,97,185
348,327,129,64,364,78,359,109,105,146,318,383,657,241,185,197,124,648,361,43,175,386,226,138,245,98,247,155,201,443,526,1029,172,366,86,380,341,62,165,409,235,62,271,129,305,345,227,390,135,255
822,780,352,136,890,182,835,279,303,367,794,1024,1424,589,452,514,648,773,937,114,498,928,518,346,599,234,605,441,441,1113,1319,2426,428,842,209,983,848,149,402,969,591,174,678,352,702,873,566,909,304,599
493,451,219,88,512,113,497,158,175,211,407,550,898,349,279,311,361,937,249,55,275,524,318,205,327,111,358,228,257,619,766,1409,274,454,121,517,496,88,256,550,316,94,404,182,442,459,280,567,194,343
67,61,21,9,63,15,61,27,23,21,56,77,129,39,27,34,43,114,55,3,24,60,33,35,37,13,44,29,29,79,95,205,36,57,14,59,71,14,39,74,42,14,54,26,64,54,34,62,22,46
344,223,100,51,287,65,293,89,83,119,240,337,523,191,152,181,175,498,275,24,71,274,161,106,181,73,173,141,149,330,446,815,168,266,58,267,263,57,130,292,190,55,208,106,233,271,173,281,116,190
515,457,213,74,552,113,508,149,179,232,432,559,926,371,281,316,386,928,524,60,274,294,291,225,375,138,387,234,272,609,747,1416,307,476,128,564,517,89,252,578,332,118,411,179,417,478,323,564,194,333
352,227,122,62,307,75,313,93,94,132,274,320,538,209,148,145,226,518,318,33,161,291,92,120,204,83,189,144,156,365,413,848,178,296,69,299,285,66,135,298,182,57,238,105,235,288,196,324,124,218
183,163,77,37,211,39,184,62,70,106,181,217,350,154,100,103,138,346,205,35,106,225,120,40,110,59,127,86,108,255,293,544,114,180,29,190,176,27,100,213,139,40,152,92,155,186,120,210,59,119
379,260,137,67,315,86,340,101,100,140,282,342,590,215,208,185,245,599,327,37,181,375,204,110,110,91,216,160,169,413,485,928,187,317,77,326,294,53,159,359,206,66,239,133,248,318,203,374,122,233
154,108,49,19,143,29,145,40,45,55,128,140,218,81,61,77,98,234,111,13,73,138,83,59,91,18,93,56,53,149,199,369,70,115,29,129,114,17,63,122,79,29,100,42,123,113,83,155,45,82
339,277,139,63,354,70,348,102,129,164,318,365,606,224,196,206,247,605,358,44,173,387,189,127,216,93,110,141,157,397,521,965,197,317,71,333,324,55,166,370,230,51,233,121,279,321,215,394,147,212
267,201,92,44,215,60,250,68,64,93,201,273,402,149,132,125,155,441,228,29,141,234,144,86,160,56,141,51,108,287,339,684,156,244,70,270,241,37,121,235,167,34,172,86,198,231,160,277,94,156
323,210,90,47,288,61,249,73,90,117,232,250,435,155,139,147,201,441,257,29,149,272,156,108,169,53,157,108,58,293,381,722,140,239,56,263,229,35,125,259,178,53,206,101,197,233,142,249,97,186
576,536,273,93,635,140,586,187,218,244,589,756,1119,408,304,367,443,1113,619,79,330,609,365,255,413,149,397,287,293,367,920,1781,320,590,159,615,574,97,306,690,406,119,471,230,500,597,394,654,233,407
680,686,305,126,758,165,743,240,239,341,661,874,1257,489,406,463,526,1319,766,95,446,747,413,293,485,199,521,339,381,920,556,2048,361,691,158,764,713,131,376,800,493,166,557,301,575,652,457,770,275,489
1206,1227,570,211,1361,264,1334,436,460,586,1168,1588,2310,870,781,796,1029,2426,1409,205,815,1416,848,544,928,369,965,684,722,1781,2048,1786,676,1296,295,1534,1306,224,695,1505,910,328,1031,544,1157,1250,891,1460,506,968
232,248,102,50,278,61,275,77,75,128,248,308,428,178,142,148,172,428,274,36,168,307,178,114,187,70,197,156,140,320,361,676,60,262,59,262,263,52,123,270,190,60,182,108,228,230,187,285,91,181
482,413,196,76,480,99,452,171,155,183,385,530,856,292,253,254,366,842,454,57,266,476,296,180,317,115,317,244,239,590,691,1296,262,242,126,480,418,63,228,507,285,100,351,155,361,392,307,494,172,298
94,85,40,19,115,21,106,25,48,57,107,123,207,80,74,59,86,209,121,14,58,128,69,29,77,29,71,70,56,159,158,295,59,126,16,108,100,18,49,104,72,26,84,45,97,99,72,124,53,76
485,466,193,80,539,127,485,143,160,199,446,651,957,279,255,270,380,983,517,59,267,564,299,190,326,129,333,270,263,615,764,1534,262,480,108,282,459,90,266,592,322,107,412,183,402,472,327,559,193,365
474,394,174,65,487,89,417,139,159,186,401,470,827,325,253,285,341,848,496,71,263,517,285,176,294,114,324,241,229,574,713,1306,263,418,100,459,199,80,220,470,268,118,364,190,373,424,283,472,147,314
77,66,23,13,75,20,90,19,27,28,74,94,147,41,49,50,62,149,88,14,57,89,66,27,53,17,55,37,35,97,131,224,52,63,18,90,80,5,42,98,62,24,66,46,64,83,45,87,43,52
240,221,106,48,287,69,252,71,82,98,226,292,433,165,128,144,165,402,256,39,130,252,135,100,159,63,166,121,125,306,376,695,123,228,49,266,220,42,68,273,163,51,192,86,209,206,142,276,82,157
440,509,179,85,575,128,478,182,167,221,437,595,942,339,254,307,409,969,550,74,292,578,298,213,359,122,370,235,259,690,800,1505,270,507,104,592,470,98,273,278,314,116,375,201,451,458,300,549,183,370
285,281,138,57,316,58,305,107,102,139,268,373,614,221,180,186,235,591,316,42,190,332,182,139,206,79,230,167,178,406,493,910,190,285,72,322,268,62,163,314,99,57,231,132,285,298,202,371,120,214
95,95,46,20,106,31,115,27,29,51,75,115,187,63,56,71,62,174,94,14,55,118,57,40,66,29,51,34,53,119,166,328,60,100,26,107,118,24,51,116,57,7,74,38,65,96,68,112,38,61
363,319,172,56,417,74,364,125,136,172,343,426,730,256,205,236,271,678,404,54,208,411,238,152,239,100,233,172,206,471,557,1031,182,351,84,412,364,66,192,375,231,74,118,128,286,383,239,380,143,253
170,188,70,36,184,45,198,51,63,69,159,226,337,141,87,99,129,352,182,26,106,179,105,92,133,42,121,86,101,230,301,544,108,155,45,183,190,46,86,201,132,38,128,26,175,203,128,217,69,134
425,361,167,66,391,85,397,113,141,186,354,417,719,287,229,249,305,702,442,64,233,417,235,155,248,123,279,198,197,500,575,1157,228,361,97,402,373,64,209,451,285,65,286,175,144,365,254,426,155,260
426,395,176,63,465,86,428,145,157,190,396,511,841,315,245,271,345,873,459,54,271,478,288,186,318,113,321,231,233,597,652,1250,230,392,99,472,424,83,206,458,298,96,383,203,365,198,284,454,171,314
323,266,124,58,307,79,335,89,105,128,277,328,603,176,194,183,227,566,280,34,173,323,196,120,203,83,215,160,142,394,457,891,187,307,72,327,283,45,142,300,202,68,239,128,254,284,111,326,124,246
489,471,224,81,510,121,506,153,188,207,433,601,964,347,285,296,390,909,567,62,281,564,324,210,374,155,394,277,249,654,770,1460,285,494,124,559,472,87,276,549,371,112,380,217,426,454,326,286,204,361
175,149,62,23,184,36,181,60,60,75,163,183,302,120,101,97,135,304,194,22,116,194,124,59,122,45,147,94,97,233,275,506,91,172,53,193,147,43,82,183,120,38,143,69,155,171,124,204,24,136
391,278,136,72,361,86,327,111,111,155,302,381,602,212,176,185,255,599,343,46,190,333,218,119,233,82,212,156,186,407,489,968,181,298,76,365,314,52,157,370,214,61,253,134,260,314,246,361,136,137
