228,454,218,85,489,117,457,173,153,223,449,474,776,339,313,345,333,748,515,57,323,480,335,223,345,145,382,286,299,576,651,1185,250,477,110,488,483,82,235,487,305,115,372,154,403,396,301,494,168,357
454,168,177,76,420,108,416,108,140,181,383,485,753,294,240,256,305,796,419,60,205,430,239,154,260,104,255,198,166,569,649,1234,215,397,116,454,388,87,203,492,302,77,328,188,328,391,281,477,177,283
218,177,36,40,199,56,228,62,61,98,174,208,333,125,116,127,154,341,200,21,96,199,106,77,128,58,141,71,111,239,294,549,101,184,41,196,181,37,102,201,131,46,153,82,169,169,118,228,78,127
85,76,40,7,75,19,82,36,33,25,72,105,156,49,54,61,62,152,80,7,47,84,61,30,61,23,58,47,40,109,113,228,38,72,12,89,86,13,42,67,51,22,58,34,75,83,59,74,35,71
489,420,199,75,245,113,465,162,168,199,411,570,843,314,263,290,360,856,517,52,250,506,302,222,323,138,333,231,250,615,734,1360,274,450,105,512,463,87,262,549,359,116,402,207,398,482,330,501,175,316
117,108,56,19,113,13,122,43,39,44,102,131,194,68,58,66,79,186,115,16,65,105,69,48,79,35,82,62,57,142,160,286,53,96,34,120,112,17,71,108,79,26,90,37,89,108,67,106,39,85
457,416,228,82,465,122,243,183,170,212,459,545,883,305,261,276,363,862,470,59,282,478,287,178,335,124,312,229,230,598,734,1270,265,460,110,506,437,72,236,497,303,99,364,175,359,440,296,503,173,366
173,108,62,36,162,43,183,23,57,60,119,184,271,100,84,81,105,301,160,17,83,157,95,68,102,45,123,78,76,202,224,444,84,149,52,154,167,23,76,153,106,38,128,57,141,142,87,197,67,99
153,140,61,33,168,39,170,57,23,84,150,186,285,100,78,73,113,268,153,17,102,180,99,62,123,48,125,65,90,217,257,461,85,140,30,167,156,37,99,178,116,39,123,55,143,160,104,181,62,120
223,181,98,25,199,44,212,60,84,31,163,249,359,126,135,137,152,375,186,31,138,192,127,92,136,56,144,100,124,246,311,595,115,162,45,221,191,24,110,223,144,40,164,93,178,181,131,199,86,135
449,383,174,72,411,102,459,119,150,163,189,463,771,275,243,273,299,784,416,57,262,432,250,164,284,120,298,223,226,555,629,1126,211,396,97,460,412,60,201,481,279,94,346,164,375,365,276,449,174,277
474,485,208,105,570,131,545,184,186,249,463,290,1023,353,279,327,421,1004,556,64,311,542,340,203,381,111,339,236,297,712,837,1597,305,518,112,561,531,80,264,559,343,110,431,198,453,540,349,543,201,349
776,753,333,156,843,194,883,271,285,359,771,1023,804,586,466,544,602,1453,828,111,520,912,541,379,590,235,597,408,464,1105,1320,2363,445,867,169,952,829,154,422,901,559,169,642,326,720,822,516,908,286,581
339,294,125,49,314,68,305,100,100,126,275,353,586,107,175,179,266,575,343,41,202,358,202,149,206,83,212,144,167,394,551,882,195,286,77,361,320,49,155,345,220,57,252,129,267,294,195,315,124,228
313,240,116,54,263,58,261,84,78,135,243,279,466,175,62,137,188,479,258,24,153,276,152,107,180,61,178,103,153,314,389,773,151,261,61,283,239,38,155,245,162,62,182,106,221,258,149,294,93,223
345,256,127,61,290,66,276,81,73,137,273,327,544,179,137,74,224,543,288,27,157,312,169,109,180,67,170,115,147,339,435,844,163,270,76,295,263,39,151,296,189,64,202,120,233,278,157,318,111,230
333,305,154,62,360,79,363,105,113,152,299,421,602,266,188,224,112,634,338,52,198,370,209,131,247,82,248,150,182,426,527,996,203,347,87,381,364,54,180,377,245,77,267,123,292,316,240,391,134,246
748,796,341,152,856,186,862,301,268,375,784,1004,1453,575,479,543,634,771,897,108,489,948,554,370,608,235,573,464,475,1091,1311,2357,437,854,200,955,815,158,459,916,572,180,628,297,706,798,522,907,297,617
515,419,200,80,517,115,470,160,153,186,416,556,828,343,258,288,338,897,275,63,299,516,336,218,347,130,339,234,250,624,717,1401,267,457,120,516,463,87,250,523,334,96,361,182,399,436,311,534,171,340
57,60,21,7,52,16,59,17,17,31,57,64,111,41,24,27,52,108,63,0,30,57,40,28,38,20,35,31,39,76,87,171,40,50,17,71,59,17,28,73,53,15,39,24,60,57,34,54,29,43
323,205,96,47,250,65,282,83,102,138,262,311,520,202,153,157,198,489,299,30,74,301,159,117,182,68,179,120,150,347,427,811,178,267,60,308,258,50,124,302,198,61,224,113,225,290,175,282,108,189
480,430,199,84,506,105,478,157,180,192,432,542,912,358,276,312,370,948,516,57,301,258,335,199,324,142,341,242,249,677,735,1425,281,480,136,530,466,84,268,561,353,114,387,193,398,454,305,526,192,336
335,239,106,61,302,69,287,95,99,127,250,340,541,202,152,169,209,554,336,40,159,335,82,119,193,68,178,134,168,378,476,840,140,284,70,314,254,49,155,299,186,56,220,112,241,312,174,319,114,221
223,154,77,30,222,48,178,68,62,92,164,203,379,149,107,109,131,370,218,28,117,199,119,30,138,53,125,105,91,266,319,542,109,190,52,201,185,30,92,228,136,45,164,75,158,191,140,203,84,158
345,260,128,61,323,79,335,102,123,136,284,381,590,206,180,180,247,608,347,38,182,324,193,138,100,71,183,157,136,438,497,931,188,335,78,340,335,53,173,341,204,63,268,115,251,308,200,364,144,230
145,104,58,23,138,35,124,45,48,56,120,111,235,83,61,67,82,235,130,20,68,142,68,53,71,16,72,70,54,166,166,362,67,129,19,130,124,27,56,149,92,25,112,52,104,118,86,151,52,90
382,255,141,58,333,82,312,123,125,144,298,339,597,212,178,170,248,573,339,35,179,341,178,125,183,72,99,155,130,420,471,941,167,303,55,373,318,54,160,385,224,66,257,143,242,326,204,360,125,227
286,198,71,47,231,62,229,78,65,100,223,236,408,144,103,115,150,464,234,31,120,242,134,105,157,70,155,50,110,305,368,705,127,217,55,259,239,38,117,271,157,49,208,79,188,236,154,258,90,146
299,166,111,40,250,57,230,76,90,124,226,297,464,167,153,147,182,475,250,39,150,249,168,91,136,54,130,110,60,333,362,706,132,223,58,258,224,39,141,274,186,56,184,92,204,259,156,285,115,194
576,569,239,109,615,142,598,202,217,246,555,712,1105,394,314,339,426,1091,624,76,347,677,378,266,438,166,420,305,333,409,994,1729,348,632,164,642,566,113,312,658,409,129,442,239,518,548,364,651,228,391
651,649,294,113,734,160,734,224,257,311,629,837,1320,551,389,435,527,1311,717,87,427,735,476,319,497,166,471,368,362,994,559,2007,410,703,190,761,696,135,381,823,513,155,560,266,592,672,452,777,282,511
1185,1234,549,228,1360,286,1270,444,461,595,1126,1597,2363,882,773,844,996,2357,1401,171,811,1425,840,542,931,362,941,705,706,1729,2007,1807,712,1284,306,1467,1321,237,691,1453,894,272,1028,475,1079,1254,815,1363,475,917
250,215,101,38,274,53,265,84,85,115,211,305,445,195,151,163,203,437,267,40,178,281,140,109,188,67,167,127,132,348,410,712,75,244,60,321,228,52,134,266,163,54,193,110,197,243,155,266,91,193
477,397,184,72,450,96,460,149,140,162,396,518,867,286,261,270,347,854,457,50,267,480,284,190,335,129,303,217,223,632,703,1284,244,208,117,525,460,82,213,512,306,96,338,170,398,418,315,481,200,325
110,116,41,12,105,34,110,52,30,45,97,112,169,77,61,76,87,200,120,17,60,136,70,52,78,19,55,55,58,164,190,306,60,117,12,111,133,17,73,126,68,23,80,49,103,105,82,128,43,92
488,454,196,89,512,120,506,154,167,221,460,561,952,361,283,295,381,955,516,71,308,530,314,201,340,130,373,259,258,642,761,1467,321,525,111,289,511,83,262,554,358,96,394,188,416,464,337,594,199,320
483,388,181,86,463,112,437,167,156,191,412,531,829,320,239,263,364,815,463,59,258,466,254,185,335,124,318,239,224,566,696,1321,228,460,133,511,230,78,234,508,305,83,370,173,386,429,316,468,180,328
82,87,37,13,87,17,72,23,37,24,60,80,154,49,38,39,54,158,87,17,50,84,49,30,53,27,54,38,39,113,135,237,52,82,17,83,78,11,43,91,61,15,55,30,72,82,46,94,35,47
235,203,102,42,262,71,236,76,99,110,201,264,422,155,155,151,180,459,250,28,124,268,155,92,173,56,160,117,141,312,381,691,134,213,73,262,234,43,61,266,172,39,215,89,203,233,149,275,90,160
487,492,201,67,549,108,497,153,178,223,481,559,901,345,245,296,377,916,523,73,302,561,299,228,341,149,385,271,274,658,823,1453,266,512,126,554,508,91,266,300,348,118,392,213,429,497,372,594,202,355
305,302,131,51,359,79,303,106,116,144,279,343,559,220,162,189,245,572,334,53,198,353,186,136,204,92,224,157,186,409,513,894,163,306,68,358,305,61,172,348,85,78,251,134,256,292,216,340,113,226
115,77,46,22,116,26,99,38,39,40,94,110,169,57,62,64,77,180,96,15,61,114,56,45,63,25,66,49,56,129,155,272,54,96,23,96,83,15,39,118,78,9,73,40,77,108,56,89,32,80
372,328,153,58,402,90,364,128,123,164,346,431,642,252,182,202,267,628,361,39,224,387,220,164,268,112,257,208,184,442,560,1028,193,338,80,394,370,55,215,392,251,73,148,160,332,327,240,388,140,265
154,188,82,34,207,37,175,57,55,93,164,198,326,129,106,120,123,297,182,24,113,193,112,75,115,52,143,79,92,239,266,475,110,170,49,188,173,30,89,213,134,40,160,37,147,177,139,211,68,121
403,328,169,75,398,89,359,141,143,178,375,453,720,267,221,233,292,706,399,60,225,398,241,158,251,104,242,188,204,518,592,1079,197,398,103,416,386,72,203,429,256,77,332,147,150,387,252,436,178,295
396,391,169,83,482,108,440,142,160,181,365,540,822,294,258,278,316,798,436,57,290,454,312,191,308,118,326,236,259,548,672,1254,243,418,105,464,429,82,233,497,292,108,327,177,387,214,273,449,152,318
301,281,118,59,330,67,296,87,104,131,276,349,516,195,149,157,240,522,311,34,175,305,174,140,200,86,204,154,156,364,452,815,155,315,82,337,316,46,149,372,216,56,240,139,252,273,98,301,133,225
494,477,228,74,501,106,503,197,181,199,449,543,908,315,294,318,391,907,534,54,282,526,319,203,364,151,360,258,285,651,777,1363,266,481,128,594,468,94,275,594,340,89,388,211,436,449,301,264,183,359
168,177,78,35,175,39,173,67,62,86,174,201,286,124,93,111,134,297,171,29,108,192,114,84,144,52,125,90,115,228,282,475,91,200,43,199,180,35,90,202,113,32,140,68,178,152,133,183,38,140
357,283,127,71,316,85,366,99,120,135,277,349,581,228,223,230,246,617,340,43,189,336,221,158,230,90,227,146,194,391,511,917,193,325,92,320,328,47,160,355,226,80,265,121,295,318,225,359,140,131
