270,469,227,76,497,112,499,194,177,228,450,526,852,331,314,320,364,798,507,73,341,524,362,207,378,147,349,257,295,641,715,1208,267,493,120,521,494,89,241,498,302,113,418,171,434,448,294,507,184,384
469,177,173,83,400,108,418,124,130,181,369,489,828,283,211,245,331,771,450,64,237,435,255,204,261,123,291,178,220,561,663,1216,238,402,95,466,428,52,205,477,261,87,361,165,359,427,254,481,155,320
227,173,33,24,191,31,172,55,65,91,184,212,361,133,94,91,157,380,210,25,105,196,105,87,117,48,125,78,95,243,304,610,104,166,60,205,158,25,101,221,131,53,146,82,161,172,123,182,79,144
76,83,24,4,84,13,80,26,30,33,69,99,172,51,48,49,75,138,80,4,59,104,63,35,65,29,70,34,52,105,148,213,43,81,15,89,81,12,45,93,62,19,69,30,77,77,59,71,22,67
497,400,191,84,262,114,475,177,133,182,395,601,986,328,272,274,365,952,530,69,294,496,289,182,325,125,344,221,240,639,717,1459,294,487,123,530,478,87,273,519,353,100,410,201,391,498,327,530,185,345
112,108,31,13,114,13,102,39,45,38,88,133,205,69,67,71,87,185,107,7,79,126,72,47,71,36,83,48,67,137,182,280,57,99,24,123,111,17,53,118,63,28,75,44,87,112,67,103,30,87
499,418,172,80,475,102,227,153,160,210,417,533,859,298,255,292,358,857,477,46,263,515,319,188,308,137,325,221,242,599,732,1316,251,457,109,530,437,77,245,542,328,90,410,165,356,468,323,470,162,335
194,124,55,26,177,39,153,23,44,71,123,162,279,103,83,94,126,254,157,17,101,176,79,61,85,31,88,81,69,181,242,446,89,156,36,160,134,31,84,174,97,39,107,69,130,142,100,164,60,110
177,130,65,30,133,45,160,44,25,65,145,172,291,107,74,83,114,277,141,19,84,161,95,60,109,39,117,88,100,190,247,491,94,156,42,186,168,25,95,182,107,32,125,70,144,144,100,173,67,114
228,181,91,33,182,38,210,71,65,45,171,245,364,159,129,113,169,344,214,17,121,240,128,82,142,61,142,114,105,257,305,546,108,184,39,220,200,33,110,259,142,43,161,68,181,148,125,215,65,170
450,369,184,69,395,88,417,123,145,171,182,493,759,332,231,251,307,739,460,51,234,456,273,165,271,114,279,214,226,541,703,1135,223,395,81,449,374,65,204,471,274,89,309,146,352,374,258,431,136,292
526,489,212,99,601,133,533,162,172,245,493,288,1009,361,287,332,386,1033,549,74,281,585,319,232,386,137,354,266,277,765,862,1589,340,554,138,600,555,102,278,598,376,112,396,203,470,528,347,570,187,381
852,828,361,172,986,205,859,279,291,364,759,1009,826,576,492,556,658,1498,930,105,498,908,530,370,628,256,607,433,438,1193,1352,2449,484,868,217,1012,852,149,452,941,622,180,714,351,739,868,607,932,357,604
331,283,133,51,328,69,298,103,107,159,332,361,576,115,185,180,226,560,305,34,166,333,213,130,200,83,209,143,178,377,493,919,192,277,61,315,318,48,153,362,214,68,274,114,283,321,208,338,115,255
314,211,94,48,272,67,255,83,74,129,231,287,492,185,75,162,199,446,254,32,149,273,139,105,171,70,189,130,130,306,393,745,137,258,66,272,248,38,152,275,176,53,187,111,217,254,174,284,106,176
320,245,91,49,274,71,292,94,83,113,251,332,556,180,162,96,192,520,267,34,148,275,165,119,183,63,186,151,142,346,450,848,159,253,56,267,264,45,164,330,167,70,242,109,224,292,189,329,117,206
364,331,157,75,365,87,358,126,114,169,307,386,658,226,199,192,124,669,381,44,220,367,225,129,240,102,246,192,200,437,575,1046,213,365,82,388,333,66,178,404,232,86,271,135,290,335,242,390,139,279
798,771,380,138,952,185,857,254,277,344,739,1033,1498,560,446,520,669,815,927,106,493,931,533,340,611,242,639,420,458,1140,1335,2462,507,831,203,979,819,151,448,987,613,168,668,351,724,887,566,912,342,613
507,450,210,80,530,107,477,157,141,214,460,549,930,305,254,267,381,927,252,66,268,485,324,206,340,128,322,237,251,633,767,1440,291,465,100,557,441,93,246,541,364,102,415,182,425,492,315,561,192,335
73,64,25,4,69,7,46,17,19,17,51,74,105,34,32,34,44,106,66,4,25,74,27,19,37,13,32,24,22,93,109,177,34,51,13,74,47,11,21,75,39,4,40,17,34,62,37,61,25,41
341,237,105,59,294,79,263,101,84,121,234,281,498,166,149,148,220,493,268,25,76,265,152,107,149,83,175,117,123,329,468,799,152,267,50,278,251,55,154,308,178,63,198,100,200,244,152,338,95,201
524,435,196,104,496,126,515,176,161,240,456,585,908,333,273,275,367,931,485,74,265,243,321,204,331,133,337,250,258,642,805,1463,268,491,119,566,464,95,259,567,362,96,421,202,387,513,288,547,190,354
362,255,105,63,289,72,319,79,95,128,273,319,530,213,139,165,225,533,324,27,152,321,94,119,194,80,177,140,154,381,489,826,144,292,51,313,297,41,147,294,219,63,222,92,234,305,198,325,96,207
207,204,87,35,182,47,188,61,60,82,165,232,370,130,105,119,129,340,206,19,107,204,119,39,119,62,150,83,105,271,344,535,126,181,37,208,200,28,91,218,117,39,171,74,165,216,140,203,69,131
378,261,117,65,325,71,308,85,109,142,271,386,628,200,171,183,240,611,340,37,149,331,194,119,94,77,200,150,160,433,527,909,175,315,81,325,315,56,164,346,230,67,247,140,242,312,209,340,133,234
147,123,48,29,125,36,137,31,39,61,114,137,256,83,70,63,102,242,128,13,83,133,80,62,77,18,73,54,71,172,195,327,71,113,20,127,124,19,50,124,74,28,89,59,103,103,90,116,43,91
349,291,125,70,344,83,325,88,117,142,279,354,607,209,189,186,246,639,322,32,175,337,177,150,200,73,109,142,169,441,517,965,199,313,70,338,302,47,147,380,207,66,259,134,267,305,221,355,135,222
257,178,78,34,221,48,221,81,88,114,214,266,433,143,130,151,192,420,237,24,117,250,140,83,150,54,142,60,135,288,345,678,137,196,63,233,201,34,130,252,133,48,161,82,172,207,151,230,95,156
295,220,95,52,240,67,242,69,100,105,226,277,438,178,130,142,200,458,251,22,123,258,154,105,160,71,169,135,71,305,356,682,123,248,57,252,252,42,109,270,173,66,186,87,193,216,168,277,87,176
641,561,243,105,639,137,599,181,190,257,541,765,1193,377,306,346,437,1140,633,93,329,642,381,271,433,172,441,288,305,424,963,1833,365,565,140,682,555,105,334,709,431,116,510,220,488,635,370,650,249,402
715,663,304,148,717,182,732,242,247,305,703,862,1352,493,393,450,575,1335,767,109,468,805,489,344,527,195,517,345,356,963,576,2081,403,714,178,817,742,126,358,861,542,164,570,293,629,709,453,774,300,535
1208,1216,610,213,1459,280,1316,446,491,546,1135,1589,2449,919,745,848,1046,2462,1440,177,799,1463,826,535,909,327,965,678,682,1833,2081,1897,751,1333,349,1526,1344,268,709,1534,919,324,1019,536,1125,1278,883,1412,481,989
267,238,104,43,294,57,251,89,94,108,223,340,484,192,137,159,213,507,291,34,152,268,144,126,175,71,199,137,123,365,403,751,74,269,63,312,248,49,148,305,178,59,228,83,211,266,177,266,84,182
493,402,166,81,487,99,457,156,156,184,395,554,868,277,258,253,365,831,465,51,267,491,292,181,315,113,313,196,248,565,714,1333,269,225,105,508,421,79,244,517,278,95,373,187,376,435,296,486,182,325
120,95,60,15,123,24,109,36,42,39,81,138,217,61,66,56,82,203,100,13,50,119,51,37,81,20,70,63,57,140,178,349,63,105,5,112,100,23,57,107,77,20,82,50,88,129,69,127,38,69
521,466,205,89,530,123,530,160,186,220,449,600,1012,315,272,267,388,979,557,74,278,566,313,208,325,127,338,233,252,682,817,1526,312,508,112,289,518,79,232,631,334,106,428,213,418,510,313,576,211,380
494,428,158,81,478,111,437,134,168,200,374,555,852,318,248,264,333,819,441,47,251,464,297,200,315,124,302,201,252,555,742,1344,248,421,100,518,191,84,250,524,312,104,362,175,374,430,279,516,147,320
89,52,25,12,87,17,77,31,25,33,65,102,149,48,38,45,66,151,93,11,55,95,41,28,56,19,47,34,42,105,126,268,49,79,23,79,84,5,52,84,55,21,53,29,61,84,60,91,31,49
241,205,101,45,273,53,245,84,95,110,204,278,452,153,152,164,178,448,246,21,154,259,147,91,164,50,147,130,109,334,358,709,148,244,57,232,250,52,70,266,157,57,174,109,203,222,175,273,105,159
498,477,221,93,519,118,542,174,182,259,471,598,941,362,275,330,404,987,541,75,308,567,294,218,346,124,380,252,270,709,861,1534,305,517,107,631,524,84,266,282,393,103,384,219,429,530,335,556,187,373
302,261,131,62,353,63,328,97,107,142,274,376,622,214,176,167,232,613,364,39,178,362,219,117,230,74,207,133,173,431,542,919,178,278,77,334,312,55,157,393,125,71,239,143,269,328,203,324,115,231
113,87,53,19,100,28,90,39,32,43,89,112,180,68,53,70,86,168,102,4,63,96,63,39,67,28,66,48,66,116,164,324,59,95,20,106,104,21,57,103,71,10,74,30,71,109,67,111,41,69
418,361,146,69,410,75,410,107,125,161,309,396,714,274,187,242,271,668,415,40,198,421,222,171,247,89,259,161,186,510,570,1019,228,373,82,428,362,53,174,384,239,74,130,144,304,358,248,326,115,283
171,165,82,30,201,44,165,69,70,68,146,203,351,114,111,109,135,351,182,17,100,202,92,74,140,59,134,82,87,220,293,536,83,187,50,213,175,29,109,219,143,30,144,40,145,166,126,184,76,128
434,359,161,77,391,87,356,130,144,181,352,470,739,283,217,224,290,724,425,34,200,387,234,165,242,103,267,172,193,488,629,1125,211,376,88,418,374,61,203,429,269,71,304,145,153,398,271,411,143,268
448,427,172,77,498,112,468,142,144,148,374,528,868,321,254,292,335,887,492,62,244,513,305,216,312,103,305,207,216,635,709,1278,266,435,129,510,430,84,222,530,328,109,358,166,398,216,316,487,173,278
294,254,123,59,327,67,323,100,100,125,258,347,607,208,174,189,242,566,315,37,152,288,198,140,209,90,221,151,168,370,453,883,177,296,69,313,279,60,175,335,203,67,248,126,271,316,96,332,109,209
507,481,182,71,530,103,470,164,173,215,431,570,932,338,284,329,390,912,561,61,338,547,325,203,340,116,355,230,277,650,774,1412,266,486,127,576,516,91,273,556,324,111,326,184,411,487,332,276,215,357
184,155,79,22,185,30,162,60,67,65,136,187,357,115,106,117,139,342,192,25,95,190,96,69,133,43,135,95,87,249,300,481,84,182,38,211,147,31,105,187,115,41,115,76,143,173,109,215,24,128
384,320,144,67,345,87,335,110,114,170,292,381,604,255,176,206,279,613,335,41,201,354,207,131,234,91,222,156,176,402,535,989,182,325,69,380,320,49,159,373,231,69,283,128,268,278,209,357,128,133
