233,474,225,95,520,112,500,176,176,280,464,518,805,365,305,316,356,808,499,77,341,555,348,222,382,163,400,282,313,625,690,1208,232,504,93,544,528,83,246,454,321,110,355,192,467,438,340,506,163,374
474,190,170,60,465,92,405,115,139,168,370,492,841,267,227,233,309,799,434,49,244,459,239,158,303,104,292,194,213,541,698,1240,253,359,102,451,380,62,225,422,276,89,324,158,343,398,252,477,170,312
225,170,24,25,200,34,181,62,58,76,166,238,380,126,114,107,130,369,200,19,83,201,106,64,134,43,119,95,108,253,316,560,115,168,44,202,170,28,94,228,122,34,158,73,160,183,121,213,73,132
95,60,25,9,97,15,94,28,29,38,61,93,146,47,47,53,62,156,97,11,60,107,61,35,54,21,62,37,46,117,127,227,38,90,15,103,70,19,44,91,46,20,65,29,77,86,61,91,27,59
520,465,200,97,238,133,511,145,174,196,424,590,929,324,259,289,380,896,535,65,269,496,327,225,356,140,366,261,261,666,803,1466,289,477,119,559,482,98,241,541,381,106,377,227,443,440,334,526,188,331
112,92,34,15,133,2,112,28,34,47,80,139,198,73,62,71,78,212,113,18,84,127,78,47,76,31,82,52,70,151,174,295,56,102,23,123,94,16,52,120,61,25,86,46,97,103,79,114,27,76
500,405,181,94,511,112,240,147,160,192,393,534,876,323,258,272,390,866,504,56,289,504,318,194,293,125,334,200,238,633,763,1399,295,455,118,551,466,86,245,470,301,121,344,202,387,472,319,520,192,321
176,115,62,28,145,28,147,17,52,60,131,165,250,108,95,96,92,237,136,22,79,156,99,54,90,38,100,61,63,172,226,409,77,134,41,169,153,21,67,153,89,33,132,48,111,135,87,158,52,104
176,139,58,29,174,34,160,52,25,65,130,172,317,109,84,100,120,298,174,18,97,153,92,67,108,45,115,72,79,187,265,478,105,152,37,178,145,27,84,188,127,34,124,67,143,174,94,178,70,101
280,168,76,38,196,47,192,60,65,41,172,225,387,153,120,130,166,380,200,16,109,205,158,85,150,69,148,122,97,278,327,537,122,194,43,223,226,40,98,211,130,46,152,73,170,198,144,220,76,136
464,370,166,61,424,80,393,131,130,172,176,450,748,289,223,251,290,723,426,51,237,423,284,168,275,110,309,217,223,553,651,1115,225,378,83,493,411,83,228,455,294,96,310,134,338,418,294,430,147,267
518,492,238,93,590,139,534,165,172,225,450,304,1052,357,310,343,423,1048,622,68,286,630,336,224,370,122,354,231,240,722,875,1629,301,509,131,603,524,102,281,619,403,121,406,213,446,535,379,589,230,360
805,841,380,146,929,198,876,250,317,387,748,1052,806,587,487,520,650,1500,925,102,448,940,554,359,602,241,614,400,449,1186,1384,2485,485,824,212,967,861,150,452,1002,590,196,698,357,718,832,580,993,314,603
365,267,126,47,324,73,323,108,109,153,289,357,587,117,176,211,267,575,323,40,186,318,186,136,238,91,222,147,162,420,470,933,168,292,82,380,313,53,173,349,226,77,245,125,263,307,208,313,128,243
305,227,114,47,259,62,258,95,84,120,223,310,487,176,76,160,205,511,257,34,143,270,160,97,154,65,162,129,135,324,399,771,148,251,60,274,254,44,130,288,162,46,216,110,210,240,140,280,91,189
316,233,107,53,289,71,272,96,100,130,251,343,520,211,160,95,224,521,275,26,128,263,143,114,152,74,183,126,122,391,425,822,149,248,48,286,279,40,163,309,166,59,227,119,227,245,160,306,108,193
356,309,130,62,380,78,390,92,120,166,290,423,650,267,205,224,122,660,351,46,219,404,196,158,242,104,254,170,150,470,562,1045,176,362,86,389,360,64,167,392,241,71,276,151,302,355,227,360,133,231
808,799,369,156,896,212,866,237,298,380,723,1048,1500,575,511,521,660,811,924,113,481,945,560,357,619,254,635,394,471,1154,1360,2463,505,887,205,967,887,156,435,940,605,191,699,346,743,831,588,1044,363,545
499,434,200,97,535,113,504,136,174,200,426,622,925,323,257,275,351,924,250,69,303,484,308,206,317,109,350,225,237,654,757,1469,275,476,103,537,501,95,228,575,344,117,387,200,438,501,335,543,162,324
77,49,19,11,65,18,56,22,18,16,51,68,102,40,34,26,46,113,69,1,40,57,35,17,41,13,49,25,21,85,110,177,38,50,11,67,57,5,31,73,38,8,55,18,44,65,45,69,26,42
341,244,83,60,269,84,289,79,97,109,237,286,448,186,143,128,219,481,303,40,69,295,159,102,188,57,176,128,121,348,443,770,159,287,66,269,278,49,130,293,177,58,223,94,231,263,175,279,126,175
555,459,201,107,496,127,504,156,153,205,423,630,940,318,270,263,404,945,484,57,295,231,317,197,342,122,366,244,240,633,696,1435,293,459,118,552,489,96,247,543,352,128,351,204,430,500,347,517,192,344
348,239,106,61,327,78,318,99,92,158,284,336,554,186,160,143,196,560,308,35,159,317,90,130,214,75,194,150,133,382,449,834,163,284,68,307,296,50,118,326,190,54,230,117,270,264,192,309,96,204
222,158,64,35,225,47,194,54,67,85,168,224,359,136,97,114,158,357,206,17,102,197,130,38,113,54,129,105,81,275,325,550,117,184,47,235,212,31,119,210,140,45,153,86,152,181,133,235,86,132
382,303,134,54,356,76,293,90,108,150,275,370,602,238,154,152,242,619,317,41,188,342,214,113,118,84,226,143,181,391,457,930,190,297,76,330,296,55,154,362,224,58,253,132,243,305,185,346,145,244
163,104,43,21,140,31,125,38,45,69,110,122,241,91,65,74,104,254,109,13,57,122,75,54,84,10,61,54,75,175,197,371,64,124,28,124,113,24,60,139,91,22,103,54,104,120,74,137,48,83
400,292,119,62,366,82,334,100,115,148,309,354,614,222,162,183,254,635,350,49,176,366,194,129,226,61,102,155,165,437,501,993,195,342,82,363,328,56,163,397,231,68,265,151,277,316,216,370,137,242
282,194,95,37,261,52,200,61,72,122,217,231,400,147,129,126,170,394,225,25,128,244,150,105,143,54,155,50,126,275,353,660,149,226,40,241,196,46,118,248,134,47,172,77,194,226,129,262,94,179
313,213,108,46,261,70,238,63,79,97,223,240,449,162,135,122,150,471,237,21,121,240,133,81,181,75,165,126,70,329,385,662,125,262,62,229,251,46,115,282,164,50,187,106,208,228,185,261,91,169
625,541,253,117,666,151,633,172,187,278,553,722,1186,420,324,391,470,1154,654,85,348,633,382,275,391,175,437,275,329,419,995,1905,386,618,153,650,607,102,294,691,400,106,506,253,487,584,377,714,257,437
690,698,316,127,803,174,763,226,265,327,651,875,1384,470,399,425,562,1360,757,110,443,696,449,325,457,197,501,353,385,995,592,2180,423,692,186,809,703,130,385,857,486,175,571,315,635,697,470,787,292,527
1208,1240,560,227,1466,295,1399,409,478,537,1115,1629,2485,933,771,822,1045,2463,1469,177,770,1435,834,550,930,371,993,660,662,1905,2180,1940,771,1305,308,1587,1310,246,680,1564,966,279,1078,528,1134,1289,906,1463,481,884
232,253,115,38,289,56,295,77,105,122,225,301,485,168,148,149,176,505,275,38,159,293,163,117,190,64,195,149,125,386,423,771,69,280,72,289,268,39,143,331,188,50,207,104,209,237,165,280,110,206
504,359,168,90,477,102,455,134,152,194,378,509,824,292,251,248,362,887,476,50,287,459,284,184,297,124,342,226,262,618,692,1305,280,216,103,538,448,92,248,460,305,107,362,162,391,400,311,509,188,319
93,102,44,15,119,23,118,41,37,43,83,131,212,82,60,48,86,205,103,11,66,118,68,47,76,28,82,40,62,153,186,308,72,103,25,117,116,26,59,114,84,22,86,34,108,103,69,129,54,83
544,451,202,103,559,123,551,169,178,223,493,603,967,380,274,286,389,967,537,67,269,552,307,235,330,124,363,241,229,650,809,1587,289,538,117,293,494,75,288,551,332,107,414,210,442,500,330,585,213,371
528,380,170,70,482,94,466,153,145,226,411,524,861,313,254,279,360,887,501,57,278,489,296,212,296,113,328,196,251,607,703,1310,268,448,116,494,223,72,242,516,272,106,366,200,379,422,320,492,177,338
83,62,28,19,98,16,86,21,27,40,83,102,150,53,44,40,64,156,95,5,49,96,50,31,55,24,56,46,46,102,130,246,39,92,26,75,72,3,35,110,59,17,59,35,64,58,52,86,48,68
246,225,94,44,241,52,245,67,84,98,228,281,452,173,130,163,167,435,228,31,130,247,118,119,154,60,163,118,115,294,385,680,143,248,59,288,242,35,63,280,176,49,179,101,198,227,145,256,81,159
454,422,228,91,541,120,470,153,188,211,455,619,1002,349,288,309,392,940,575,73,293,543,326,210,362,139,397,248,282,691,857,1564,331,460,114,551,516,110,280,298,351,118,429,215,432,504,342,579,194,392
321,276,122,46,381,61,301,89,127,130,294,403,590,226,162,166,241,605,344,38,177,352,190,140,224,91,231,134,164,400,486,966,188,305,84,332,272,59,176,351,110,62,257,117,251,285,199,314,122,253
110,89,34,20,106,25,121,33,34,46,96,121,196,77,46,59,71,191,117,8,58,128,54,45,58,22,68,47,50,106,175,279,50,107,22,107,106,17,49,118,62,13,79,42,88,95,65,108,42,77
355,324,158,65,377,86,344,132,124,152,310,406,698,245,216,227,276,699,387,55,223,351,230,153,253,103,265,172,187,506,571,1078,207,362,86,414,366,59,179,429,257,79,150,148,288,321,258,381,150,263
192,158,73,29,227,46,202,48,67,73,134,213,357,125,110,119,151,346,200,18,94,204,117,86,132,54,151,77,106,253,315,528,104,162,34,210,200,35,101,215,117,42,148,41,148,196,127,188,69,138
467,343,160,77,443,97,387,111,143,170,338,446,718,263,210,227,302,743,438,44,231,430,270,152,243,104,277,194,208,487,635,1134,209,391,108,442,379,64,198,432,251,88,288,148,170,351,260,412,166,288
438,398,183,86,440,103,472,135,174,198,418,535,832,307,240,245,355,831,501,65,263,500,264,181,305,120,316,226,228,584,697,1289,237,400,103,500,422,58,227,504,285,95,321,196,351,217,273,485,173,316
340,252,121,61,334,79,319,87,94,144,294,379,580,208,140,160,227,588,335,45,175,347,192,133,185,74,216,129,185,377,470,906,165,311,69,330,320,52,145,342,199,65,258,127,260,273,105,355,125,217
506,477,213,91,526,114,520,158,178,220,430,589,993,313,280,306,360,1044,543,69,279,517,309,235,346,137,370,262,261,714,787,1463,280,509,129,585,492,86,256,579,314,108,381,188,412,485,355,265,195,340
163,170,73,27,188,27,192,52,70,76,147,230,314,128,91,108,133,363,162,26,126,192,96,86,145,48,137,94,91,257,292,481,110,188,54,213,177,48,81,194,122,42,150,69,166,173,125,195,24,130
374,312,132,59,331,76,321,104,101,136,267,360,603,243,189,193,231,545,324,42,175,344,204,132,244,83,242,179,169,437,527,884,206,319,83,371,338,68,159,392,253,77,263,138,288,316,217,340,130,103
