245,464,215,96,473,112,498,184,157,240,409,548,788,390,354,382,341,832,469,86,321,508,350,216,346,153,387,291,300,628,710,1157,244,472,97,469,495,89,267,467,314,104,355,165,430,390,315,494,173,373
464,174,190,77,410,103,413,111,143,178,389,482,756,263,240,246,287,789,427,61,210,461,253,172,260,99,271,208,217,547,663,1205,220,400,90,456,431,81,197,499,290,96,342,190,336,396,255,465,167,288
215,190,41,33,188,52,222,75,68,78,175,219,394,136,86,100,123,377,208,23,108,209,122,75,123,52,139,100,106,244,324,601,113,204,45,215,182,29,103,221,117,49,147,84,180,192,107,215,75,142
96,77,33,3,70,21,82,27,46,41,64,98,151,50,46,60,61,139,86,10,45,89,52,26,63,27,72,50,51,118,124,222,48,90,14,96,64,17,35,91,52,23,63,39,71,60,52,88,25,57
473,410,188,70,245,116,457,158,162,206,417,598,888,293,269,279,359,874,501,61,291,534,284,207,320,139,330,228,266,658,777,1411,280,451,98,534,447,93,259,540,356,112,389,200,399,454,319,509,168,350
112,103,52,21,116,13,123,38,52,55,89,125,172,75,51,66,78,186,109,20,58,122,70,51,70,28,85,65,77,143,168,294,55,127,18,110,96,20,50,112,54,17,89,49,91,89,65,115,35,72
498,413,222,82,457,123,249,142,178,192,405,543,808,322,254,287,340,838,473,55,247,463,292,189,324,132,332,248,262,597,722,1279,249,462,107,545,449,84,215,500,305,106,357,210,401,464,304,495,167,331
184,111,75,27,158,38,142,26,59,76,162,172,271,94,91,100,121,285,169,20,80,151,92,62,104,49,107,56,77,175,219,413,74,151,39,151,149,28,89,190,105,34,111,58,128,149,109,169,52,121
157,143,68,46,162,52,178,59,28,58,133,191,270,106,73,95,120,269,157,20,91,170,92,60,103,39,111,63,80,203,246,481,85,169,33,168,168,28,98,162,108,34,114,58,141,146,105,172,55,104
240,178,78,41,206,55,192,76,58,46,182,216,316,133,122,111,144,370,198,30,116,218,129,83,163,41,140,81,104,240,296,593,109,198,50,198,199,36,115,251,134,30,150,89,175,199,154,205,78,147
409,389,175,64,417,89,405,162,133,182,208,478,702,300,231,250,293,727,419,61,235,440,231,168,283,132,330,174,229,508,642,1191,230,362,103,423,414,76,217,467,292,111,299,166,359,407,263,406,143,301
548,482,219,98,598,125,543,172,191,216,478,324,952,337,289,308,421,989,576,76,283,576,358,216,382,156,382,228,293,754,863,1568,283,505,121,593,471,98,310,602,363,107,395,206,431,499,380,539,196,376
788,756,394,151,888,172,808,271,270,316,702,952,809,530,498,502,653,1413,895,116,501,957,585,343,594,221,615,420,465,1092,1352,2337,504,818,224,963,840,166,447,938,547,193,636,326,691,779,578,886,323,604
390,263,136,50,293,75,322,94,106,133,300,337,530,116,154,191,220,577,307,40,165,322,209,142,221,104,229,145,175,453,522,906,189,297,65,366,315,57,175,378,238,61,243,144,249,338,191,355,125,235
354,240,86,46,269,51,254,91,73,122,231,289,498,154,68,132,202,496,266,28,125,280,161,115,177,73,182,117,150,305,431,738,152,238,63,271,242,45,138,288,203,50,221,106,230,267,164,266,106,178
382,246,100,60,279,66,287,100,95,111,250,308,502,191,132,68,223,516,285,31,132,283,168,115,190,79,191,124,154,321,486,809,150,287,71,305,295,55,148,305,204,59,206,113,238,276,175,318,120,205
341,287,123,61,359,78,340,121,120,144,293,421,653,220,202,223,117,642,340,50,203,372,231,153,239,93,244,175,166,450,557,1023,191,333,77,376,339,69,180,369,259,69,245,134,307,338,244,365,150,248
832,789,377,139,874,186,838,285,269,370,727,989,1413,577,496,516,642,773,879,121,529,939,533,391,610,227,638,438,453,1104,1322,2350,491,819,237,1008,896,159,444,932,595,183,610,317,735,796,547,883,326,617
469,427,208,86,501,109,473,169,157,198,419,576,895,307,266,285,340,879,241,73,285,471,275,205,327,118,344,233,230,621,751,1423,269,465,111,510,465,97,277,543,345,107,393,170,371,442,351,526,185,346
86,61,23,10,61,20,55,20,20,30,61,76,116,40,28,31,50,121,73,5,32,61,33,23,34,13,35,29,29,74,84,174,32,55,12,75,61,10,38,71,52,12,42,24,42,57,35,72,25,48
321,210,108,45,291,58,247,80,91,116,235,283,501,165,125,132,203,529,285,32,64,269,158,101,168,68,176,128,114,340,436,818,162,251,73,306,261,39,157,309,175,52,219,84,211,244,142,315,107,161
508,461,209,89,534,122,463,151,170,218,440,576,957,322,280,283,372,939,471,61,269,246,334,204,338,133,352,231,236,658,820,1432,267,490,94,578,454,78,247,542,349,103,378,174,398,486,328,484,201,363
350,253,122,52,284,70,292,92,92,129,231,358,585,209,161,168,231,533,275,33,158,334,91,121,214,85,220,140,155,391,482,861,146,272,64,327,301,51,144,316,198,59,230,126,265,279,186,320,126,198
216,172,75,26,207,51,189,62,60,83,168,216,343,142,115,115,153,391,205,23,101,204,121,53,130,48,137,92,103,231,287,573,92,186,39,206,181,33,91,221,142,45,139,83,137,195,123,197,68,141
346,260,123,63,320,70,324,104,103,163,283,382,594,221,177,190,239,610,327,34,168,338,214,130,107,82,217,146,164,420,515,887,152,315,68,343,333,52,158,361,229,79,264,144,253,285,195,376,105,242
153,99,52,27,139,28,132,49,39,41,132,156,221,104,73,79,93,227,118,13,68,133,85,48,82,18,78,55,64,157,209,366,61,115,35,108,108,28,66,150,90,19,96,55,97,113,77,143,57,88
387,271,139,72,330,85,332,107,111,140,330,382,615,229,182,191,244,638,344,35,176,352,220,137,217,78,117,144,170,399,543,950,183,311,70,348,330,58,172,372,223,73,262,157,273,339,180,350,130,242
291,208,100,50,228,65,248,56,63,81,174,228,420,145,117,124,175,438,233,29,128,231,140,92,146,55,144,39,133,283,313,659,134,212,37,227,223,48,107,254,177,55,180,82,199,221,159,258,88,168
300,217,106,51,266,77,262,77,80,104,229,293,465,175,150,154,166,453,230,29,114,236,155,103,164,64,170,133,59,284,379,734,148,264,60,270,257,42,101,284,158,49,206,101,191,230,156,266,110,174
628,547,244,118,658,143,597,175,203,240,508,754,1092,453,305,321,450,1104,621,74,340,658,391,231,420,157,399,283,284,385,904,1684,388,573,152,713,628,104,292,644,420,127,469,243,516,570,403,623,241,453
710,663,324,124,777,168,722,219,246,296,642,863,1352,522,431,486,557,1322,751,84,436,820,482,287,515,209,543,313,379,904,609,2054,421,714,173,811,716,123,386,826,482,154,581,271,644,673,508,772,294,509
1157,1205,601,222,1411,294,1279,413,481,593,1191,1568,2337,906,738,809,1023,2350,1423,174,818,1432,861,573,887,366,950,659,734,1684,2054,1874,744,1255,331,1490,1291,230,726,1443,852,293,1023,523,1119,1229,906,1371,488,910
244,220,113,48,280,55,249,74,85,109,230,283,504,189,152,150,191,491,269,32,162,267,146,92,152,61,183,134,148,388,421,744,67,252,75,288,266,47,143,294,167,66,213,106,216,245,179,285,91,147
472,400,204,90,451,127,462,151,169,198,362,505,818,297,238,287,333,819,465,55,251,490,272,186,315,115,311,212,264,573,714,1255,252,242,90,519,420,77,217,473,312,95,363,176,381,418,280,495,156,318
97,90,45,14,98,18,107,39,33,50,103,121,224,65,63,71,77,237,111,12,73,94,64,39,68,35,70,37,60,152,173,331,75,90,15,121,84,19,70,100,77,19,98,43,94,100,79,130,43,80
469,456,215,96,534,110,545,151,168,198,423,593,963,366,271,305,376,1008,510,75,306,578,327,206,343,108,348,227,270,713,811,1490,288,519,121,281,482,80,261,553,365,101,402,199,435,523,338,536,214,367
495,431,182,64,447,96,449,149,168,199,414,471,840,315,242,295,339,896,465,61,261,454,301,181,333,108,330,223,257,628,716,1291,266,420,84,482,200,66,238,496,288,99,344,180,371,432,296,486,162,345
89,81,29,17,93,20,84,28,28,36,76,98,166,57,45,55,69,159,97,10,39,78,51,33,52,28,58,48,42,104,123,230,47,77,19,80,66,6,36,78,53,14,69,33,78,76,40,95,30,53
267,197,103,35,259,50,215,89,98,115,217,310,447,175,138,148,180,444,277,38,157,247,144,91,158,66,172,107,101,292,386,726,143,217,70,261,238,36,67,259,184,55,171,104,194,246,165,246,103,162
467,499,221,91,540,112,500,190,162,251,467,602,938,378,288,305,369,932,543,71,309,542,316,221,361,150,372,254,284,644,826,1443,294,473,100,553,496,78,259,294,341,105,395,192,401,475,365,544,199,369
314,290,117,52,356,54,305,105,108,134,292,363,547,238,203,204,259,595,345,52,175,349,198,142,229,90,223,177,158,420,482,852,167,312,77,365,288,53,184,341,108,56,232,129,264,270,223,344,126,237
104,96,49,23,112,17,106,34,34,30,111,107,193,61,50,59,69,183,107,12,52,103,59,45,79,19,73,55,49,127,154,293,66,95,19,101,99,14,55,105,56,14,76,28,76,84,56,103,45,73
355,342,147,63,389,89,357,111,114,150,299,395,636,243,221,206,245,610,393,42,219,378,230,139,264,96,262,180,206,469,581,1023,213,363,98,402,344,69,171,395,232,76,144,133,282,352,234,403,136,249
165,190,84,39,200,49,210,58,58,89,166,206,326,144,106,113,134,317,170,24,84,174,126,83,144,55,157,82,101,243,271,523,106,176,43,199,180,33,104,192,129,28,133,33,169,170,108,190,68,129
430,336,180,71,399,91,401,128,141,175,359,431,691,249,230,238,307,735,371,42,211,398,265,137,253,97,273,199,191,516,644,1119,216,381,94,435,371,78,194,401,264,76,282,169,166,387,279,413,153,307
390,396,192,60,454,89,464,149,146,199,407,499,779,338,267,276,338,796,442,57,244,486,279,195,285,113,339,221,230,570,673,1229,245,418,100,523,432,76,246,475,270,84,352,170,387,186,326,460,175,312
315,255,107,52,319,65,304,109,105,154,263,380,578,191,164,175,244,547,351,35,142,328,186,123,195,77,180,159,156,403,508,906,179,280,79,338,296,40,165,365,223,56,234,108,279,326,89,323,119,234
494,465,215,88,509,115,495,169,172,205,406,539,886,355,266,318,365,883,526,72,315,484,320,197,376,143,350,258,266,623,772,1371,285,495,130,536,486,95,246,544,344,103,403,190,413,460,323,266,206,345
173,167,75,25,168,35,167,52,55,78,143,196,323,125,106,120,150,326,185,25,107,201,126,68,105,57,130,88,110,241,294,488,91,156,43,214,162,30,103,199,126,45,136,68,153,175,119,206,31,121
373,288,142,57,350,72,331,121,104,147,301,376,604,235,178,205,248,617,346,48,161,363,198,141,242,88,242,168,174,453,509,910,147,318,80,367,345,53,162,369,237,73,249,129,307,312,234,345,121,134
