258,448,215,85,518,103,474,197,169,258,470,555,861,397,320,382,375,846,509,78,355,513,375,230,373,151,372,276,313,636,698,1206,236,505,105,534,514,83,265,488,323,102,350,189,446,428,315,478,175,373
448,176,177,90,415,120,430,144,127,181,398,494,779,302,234,252,319,791,446,40,232,461,260,168,285,97,265,188,199,550,656,1281,253,434,92,422,410,77,249,458,297,76,314,146,324,410,271,451,159,293
215,177,36,37,228,50,191,55,66,79,160,244,369,138,100,105,143,361,220,22,118,199,106,79,120,43,119,83,95,252,320,561,100,190,39,186,200,27,107,215,140,43,154,76,167,204,126,222,76,132
85,90,37,5,86,12,70,33,27,40,72,114,160,66,48,56,55,148,88,15,50,85,43,35,55,23,64,35,44,106,119,220,36,76,19,87,81,14,42,81,50,18,57,25,73,83,59,71,32,58
518,415,228,86,262,112,507,148,160,211,420,550,898,320,262,284,363,882,518,69,269,540,307,194,341,124,348,234,261,631,783,1417,268,479,126,552,464,107,238,566,334,112,379,196,402,493,323,510,182,341
103,120,50,12,112,10,95,33,34,44,91,133,229,82,74,85,73,186,115,13,68,112,79,39,87,29,84,60,52,162,167,303,58,97,26,110,115,13,56,117,80,27,88,40,98,92,74,106,44,84
474,430,191,70,507,95,252,177,163,205,420,538,926,305,265,299,347,910,481,57,278,499,275,204,332,121,346,234,260,636,771,1370,248,471,98,485,445,99,260,505,322,119,337,162,401,432,325,515,174,355
197,144,55,33,148,33,177,19,55,70,130,150,282,103,82,96,114,246,153,17,94,159,100,72,96,38,87,69,64,155,241,403,73,146,33,151,158,21,73,184,111,33,124,78,128,156,88,158,64,121
169,127,66,27,160,34,163,55,29,65,142,184,328,114,87,83,119,299,177,17,98,162,104,80,114,52,127,57,91,213,252,485,75,151,36,163,152,30,78,188,110,36,132,66,141,157,106,178,57,128
258,181,79,40,211,44,205,70,65,48,174,215,341,142,111,109,160,356,212,23,122,210,157,86,162,54,142,98,111,273,307,590,119,201,39,225,206,34,103,203,126,41,164,79,182,185,130,217,79,149
470,398,160,72,420,91,420,130,142,174,178,497,770,249,202,234,305,759,450,40,248,459,284,175,296,103,312,224,212,591,667,1202,223,415,92,458,409,70,201,473,284,100,321,173,341,370,274,458,158,301
555,494,244,114,550,133,538,150,184,215,497,302,1036,362,287,320,403,1041,576,81,299,566,330,217,366,142,375,273,270,743,842,1661,334,514,141,567,523,101,279,609,374,115,477,225,420,533,361,575,212,365
861,779,369,160,898,229,926,282,328,341,770,1036,868,600,473,516,677,1549,922,105,477,958,537,368,645,228,655,404,475,1160,1382,2585,504,856,206,1012,847,167,484,1005,613,170,689,343,765,886,581,970,354,598
397,302,138,66,320,82,305,103,114,142,249,362,600,100,187,195,255,576,311,40,183,300,196,129,214,80,213,141,173,432,488,912,184,321,73,362,313,61,163,329,224,78,261,129,241,329,218,337,121,232
320,234,100,48,262,74,265,82,87,111,202,287,473,187,61,125,200,489,254,41,139,278,161,110,167,49,172,124,130,285,413,763,147,236,72,271,254,39,123,290,162,48,220,104,208,239,176,269,112,193
382,252,105,56,284,85,299,96,83,109,234,320,516,195,125,93,207,534,299,34,140,305,162,127,184,70,212,126,140,370,481,847,149,270,67,277,281,40,138,300,183,69,234,115,259,281,178,310,119,201
375,319,143,55,363,73,347,114,119,160,305,403,677,255,200,207,134,650,377,34,218,379,219,142,231,91,255,177,191,463,564,1045,177,330,84,383,354,67,195,365,239,83,249,145,287,325,224,398,128,258
846,791,361,148,882,186,910,246,299,356,759,1041,1549,576,489,534,650,828,907,109,505,992,527,358,649,218,655,386,471,1132,1411,2486,480,844,208,985,849,170,426,1007,623,174,695,362,745,851,593,980,332,626
509,446,220,88,518,115,481,153,177,212,450,576,922,311,254,299,377,907,256,61,266,484,285,220,343,130,338,229,231,643,779,1429,254,484,127,526,487,81,255,526,357,119,406,202,417,475,321,503,167,356
78,40,22,15,69,13,57,17,17,23,40,81,105,40,41,34,34,109,61,7,34,78,36,25,53,13,47,24,38,69,107,165,41,65,21,55,62,9,27,72,46,17,47,26,58,44,42,58,29,39
355,232,118,50,269,68,278,94,98,122,248,299,477,183,139,140,218,505,266,34,72,293,164,120,169,61,195,145,147,291,434,773,148,264,70,308,264,48,161,290,200,56,189,102,200,228,159,274,105,220
513,461,199,85,540,112,499,159,162,210,459,566,958,300,278,305,379,992,484,78,293,288,341,225,379,136,340,236,259,701,787,1467,300,492,127,539,503,91,291,562,331,116,397,224,414,497,345,541,200,356
375,260,106,43,307,79,275,100,104,157,284,330,537,196,161,162,219,527,285,36,164,341,97,123,223,69,212,120,152,362,418,833,164,296,77,295,287,48,133,314,182,48,239,107,249,245,203,281,136,226
230,168,79,35,194,39,204,72,80,86,175,217,368,129,110,127,142,358,220,25,120,225,123,32,121,49,133,79,106,237,297,600,109,206,42,229,181,34,104,207,126,44,152,72,156,204,138,220,89,130
373,285,120,55,341,87,332,96,114,162,296,366,645,214,167,184,231,649,343,53,169,379,223,121,115,75,217,155,169,428,501,971,188,334,88,337,298,59,166,369,229,60,283,139,249,289,208,352,131,230
151,97,43,23,124,29,121,38,52,54,103,142,228,80,49,70,91,218,130,13,61,136,69,49,75,15,79,58,49,167,180,363,76,117,24,128,135,15,65,133,91,27,95,51,104,119,61,160,57,86
372,265,119,64,348,84,346,87,127,142,312,375,655,213,172,212,255,655,338,47,195,340,212,133,217,79,118,163,149,422,501,1019,201,335,78,341,342,49,183,358,223,73,292,121,258,317,193,387,136,199
276,188,83,35,234,60,234,69,57,98,224,273,404,141,124,126,177,386,229,24,145,236,120,79,155,58,163,45,106,298,363,662,127,239,53,246,247,33,120,255,155,52,187,78,180,229,153,264,88,171
313,199,95,44,261,52,260,64,91,111,212,270,475,173,130,140,191,471,231,38,147,259,152,106,169,49,149,106,69,316,375,715,122,235,60,277,253,40,118,267,165,37,206,96,204,218,146,251,94,182
636,550,252,106,631,162,636,155,213,273,591,743,1160,432,285,370,463,1132,643,69,291,701,362,237,428,167,422,298,316,403,1023,1839,375,631,156,689,602,94,279,687,424,116,513,233,516,591,403,685,226,433
698,656,320,119,783,167,771,241,252,307,667,842,1382,488,413,481,564,1411,779,107,434,787,418,297,501,180,501,363,375,1023,556,2127,388,739,170,822,744,116,397,812,517,144,581,300,628,705,503,768,297,473
1206,1281,561,220,1417,303,1370,403,485,590,1202,1661,2585,912,763,847,1045,2486,1429,165,773,1467,833,600,971,363,1019,662,715,1839,2127,1997,756,1251,304,1538,1312,257,686,1560,957,283,1087,572,1143,1343,899,1421,518,913
236,253,100,36,268,58,248,73,75,119,223,334,504,184,147,149,177,480,254,41,148,300,164,109,188,76,201,127,122,375,388,756,73,240,71,276,258,54,123,298,168,58,191,125,220,243,187,270,112,209
505,434,190,76,479,97,471,146,151,201,415,514,856,321,236,270,330,844,484,65,264,492,296,206,334,117,335,239,235,631,739,1251,240,236,104,496,449,96,244,476,287,102,394,168,396,460,298,515,175,338
105,92,39,19,126,26,98,33,36,39,92,141,206,73,72,67,84,208,127,21,70,127,77,42,88,24,78,53,60,156,170,304,71,104,9,121,99,17,44,110,74,22,88,43,85,128,75,109,46,88
534,422,186,87,552,110,485,151,163,225,458,567,1012,362,271,277,383,985,526,55,308,539,295,229,337,128,341,246,277,689,822,1538,276,496,121,281,500,85,272,592,358,105,381,203,394,492,308,554,210,381
514,410,200,81,464,115,445,158,152,206,409,523,847,313,254,281,354,849,487,62,264,503,287,181,298,135,342,247,253,602,744,1312,258,449,99,500,218,89,241,485,296,98,371,175,358,437,299,482,169,351
83,77,27,14,107,13,99,21,30,34,70,101,167,61,39,40,67,170,81,9,48,91,48,34,59,15,49,33,40,94,116,257,54,96,17,85,89,9,46,106,52,15,74,35,75,79,47,97,31,60
265,249,107,42,238,56,260,73,78,103,201,279,484,163,123,138,195,426,255,27,161,291,133,104,166,65,183,120,118,279,397,686,123,244,44,272,241,46,81,280,167,60,183,104,217,243,139,269,95,181
488,458,215,81,566,117,505,184,188,203,473,609,1005,329,290,300,365,1007,526,72,290,562,314,207,369,133,358,255,267,687,812,1560,298,476,110,592,485,106,280,269,347,112,406,201,427,529,373,561,223,340
323,297,140,50,334,80,322,111,110,126,284,374,613,224,162,183,239,623,357,46,200,331,182,126,229,91,223,155,165,424,517,957,168,287,74,358,296,52,167,347,108,71,244,131,278,300,208,333,123,243
102,76,43,18,112,27,119,33,36,41,100,115,170,78,48,69,83,174,119,17,56,116,48,44,60,27,73,52,37,116,144,283,58,102,22,105,98,15,60,112,71,9,85,39,87,108,53,121,34,66
350,314,154,57,379,88,337,124,132,164,321,477,689,261,220,234,249,695,406,47,189,397,239,152,283,95,292,187,206,513,581,1087,191,394,88,381,371,74,183,406,244,85,140,135,303,382,248,394,144,263
189,146,76,25,196,40,162,78,66,79,173,225,343,129,104,115,145,362,202,26,102,224,107,72,139,51,121,78,96,233,300,572,125,168,43,203,175,35,104,201,131,39,135,33,140,179,136,215,61,128
446,324,167,73,402,98,401,128,141,182,341,420,765,241,208,259,287,745,417,58,200,414,249,156,249,104,258,180,204,516,628,1143,220,396,85,394,358,75,217,427,278,87,303,140,152,367,267,432,146,278
428,410,204,83,493,92,432,156,157,185,370,533,886,329,239,281,325,851,475,44,228,497,245,204,289,119,317,229,218,591,705,1343,243,460,128,492,437,79,243,529,300,108,382,179,367,221,334,485,184,325
315,271,126,59,323,74,325,88,106,130,274,361,581,218,176,178,224,593,321,42,159,345,203,138,208,61,193,153,146,403,503,899,187,298,75,308,299,47,139,373,208,53,248,136,267,334,103,345,138,210
478,451,222,71,510,106,515,158,178,217,458,575,970,337,269,310,398,980,503,58,274,541,281,220,352,160,387,264,251,685,768,1421,270,515,109,554,482,97,269,561,333,121,394,215,432,485,345,269,176,348
175,159,76,32,182,44,174,64,57,79,158,212,354,121,112,119,128,332,167,29,105,200,136,89,131,57,136,88,94,226,297,518,112,175,46,210,169,31,95,223,123,34,144,61,146,184,138,176,33,141
373,293,132,58,341,84,355,121,128,149,301,365,598,232,193,201,258,626,356,39,220,356,226,130,230,86,199,171,182,433,473,913,209,338,88,381,351,60,181,340,243,66,263,128,278,325,210,348,141,116
