258,466,229,89,504,101,475,193,184,227,464,502,806,380,316,337,354,811,528,60,301,526,335,206,369,148,395,294,328,656,724,1197,264,477,103,551,481,98,258,488,323,95,396,193,438,405,356,524,157,367
466,173,169,67,439,91,410,136,166,179,375,451,735,297,215,240,332,783,476,53,207,483,256,188,279,112,273,200,214,526,694,1226,222,390,100,439,407,73,211,452,280,91,314,163,323,409,250,463,168,295
229,169,41,38,212,44,171,55,57,91,173,221,366,124,106,101,135,383,216,24,100,188,114,94,124,51,129,95,101,260,317,564,98,186,51,201,183,28,98,243,139,44,177,62,158,207,114,207,76,133
89,67,38,11,95,21,95,21,31,37,70,112,142,66,46,49,58,139,90,17,57,75,51,34,53,33,64,56,43,107,112,200,47,102,20,82,90,9,45,74,57,17,75,39,77,62,54,93,24,60
504,439,212,95,271,132,523,163,164,225,420,572,930,323,286,284,383,950,499,66,293,528,322,225,340,143,377,245,250,638,800,1412,299,513,116,540,478,81,259,531,322,115,387,204,403,491,362,523,211,361
101,91,44,21,132,11,112,32,42,45,103,138,206,70,53,58,71,195,118,16,74,120,83,44,73,24,79,68,51,168,152,276,69,116,20,101,106,16,49,112,76,24,89,44,99,85,85,107,32,74
475,410,171,95,523,112,221,142,160,218,427,549,893,302,253,270,341,902,466,70,283,473,312,176,337,128,336,240,225,609,733,1373,284,452,120,491,453,67,248,491,336,108,367,186,385,433,349,467,179,299
193,136,55,21,163,32,142,21,40,71,140,182,264,96,96,95,85,276,175,19,80,174,92,63,118,43,107,80,95,170,214,408,82,149,32,139,143,18,59,152,107,33,114,50,162,132,105,174,57,101
184,166,57,31,164,42,160,40,26,71,154,175,298,101,93,106,116,291,183,21,86,153,109,70,96,44,121,64,84,198,250,456,100,142,39,181,154,17,68,178,108,39,133,54,116,146,87,185,60,123
227,179,91,37,225,45,218,71,71,45,174,227,358,137,117,132,141,376,216,22,118,206,108,88,134,47,145,93,105,270,300,525,109,209,50,217,198,30,115,204,135,37,163,78,175,186,116,197,92,132
464,375,173,70,420,103,427,140,154,174,203,446,750,266,244,252,328,726,454,43,244,412,251,180,287,113,295,188,222,515,611,1067,204,406,102,450,401,77,238,432,278,97,306,155,321,399,266,436,154,248
502,451,221,112,572,138,549,182,175,227,446,328,1019,374,298,289,418,1015,567,57,312,569,317,218,336,126,356,238,307,741,866,1596,306,541,127,587,523,96,298,577,381,126,435,201,414,489,348,582,229,369
806,735,366,142,930,206,893,264,298,358,750,1019,886,563,488,492,702,1516,945,107,489,896,533,385,577,206,571,403,426,1157,1347,2551,518,817,216,989,799,153,450,969,643,178,659,351,709,847,577,957,354,614
380,297,124,66,323,70,302,96,101,137,266,374,563,93,138,151,210,580,334,39,176,286,187,123,216,99,236,147,189,416,481,914,186,317,80,368,291,56,162,347,219,52,244,129,254,280,209,312,139,204
316,215,106,46,286,53,253,96,93,117,244,298,488,138,83,137,179,483,286,36,139,271,155,114,172,58,181,134,128,334,400,746,140,238,48,274,257,35,127,273,153,65,226,88,228,245,163,259,107,177
337,240,101,49,284,58,270,95,106,132,252,289,492,151,137,72,202,484,316,36,155,290,156,135,182,73,193,139,146,358,425,786,161,287,61,277,265,32,150,321,170,80,228,106,222,252,177,287,110,190
354,332,135,58,383,71,341,85,116,141,328,418,702,210,179,202,123,661,378,61,189,379,202,156,248,90,264,155,193,458,566,1054,239,343,86,402,327,62,169,399,226,69,288,120,322,328,218,398,144,244
811,783,383,139,950,195,902,276,291,376,726,1015,1516,580,483,484,661,805,945,115,492,892,506,375,559,215,609,414,428,1110,1327,2522,510,847,210,964,834,151,451,1015,661,189,675,373,690,842,536,909,331,629
528,476,216,90,499,118,466,175,183,216,454,567,945,334,286,316,378,945,258,55,275,495,311,214,341,125,338,250,252,672,773,1436,290,486,117,556,490,89,249,527,328,96,351,201,401,441,337,535,193,339
60,53,24,17,66,16,70,19,21,22,43,57,107,39,36,36,61,115,55,3,32,54,32,20,37,12,30,25,26,71,80,175,26,68,13,62,61,5,44,70,38,9,51,21,55,61,42,64,18,37
301,207,100,57,293,74,283,80,86,118,244,312,489,176,139,155,189,492,275,32,68,280,173,108,170,71,180,129,152,341,459,757,140,277,60,297,276,35,129,299,170,52,197,109,217,271,185,301,107,193
526,483,188,75,528,120,473,174,153,206,412,569,896,286,271,290,379,892,495,54,280,238,319,201,366,119,360,250,268,653,791,1482,281,458,121,579,464,84,273,547,341,114,379,182,384,438,338,539,197,364
335,256,114,51,322,83,312,92,109,108,251,317,533,187,155,156,202,506,311,32,173,319,82,121,174,73,185,157,148,356,464,872,170,290,68,310,300,46,159,326,196,52,247,115,231,287,179,308,113,189
206,188,94,34,225,44,176,63,70,88,180,218,385,123,114,135,156,375,214,20,108,201,121,45,149,71,161,103,116,233,304,578,115,183,56,207,193,41,112,218,126,34,163,86,166,176,149,198,73,135
369,279,124,53,340,73,337,118,96,134,287,336,577,216,172,182,248,559,341,37,170,366,174,149,100,86,216,178,181,401,503,916,173,317,77,332,322,54,170,343,227,65,249,125,241,303,219,374,111,194
148,112,51,33,143,24,128,43,44,47,113,126,206,99,58,73,90,215,125,12,71,119,73,71,86,16,93,57,65,140,173,362,49,120,27,124,150,19,72,134,82,25,109,52,111,112,68,143,42,83
395,273,129,64,377,79,336,107,121,145,295,356,571,236,181,193,264,609,338,30,180,360,185,161,216,93,114,148,164,406,524,991,165,308,73,379,351,52,188,387,209,70,262,145,285,313,211,367,125,203
294,200,95,56,245,68,240,80,64,93,188,238,403,147,134,139,155,414,250,25,129,250,157,103,178,57,148,64,119,314,351,656,129,247,53,219,228,43,126,238,145,64,198,78,195,223,155,257,88,172
328,214,101,43,250,51,225,95,84,105,222,307,426,189,128,146,193,428,252,26,152,268,148,116,181,65,164,119,81,271,381,683,130,215,52,261,261,38,140,257,140,53,197,95,213,209,162,252,91,177
656,526,260,107,638,168,609,170,198,270,515,741,1157,416,334,358,458,1110,672,71,341,653,356,233,401,140,406,314,271,386,946,1895,366,596,155,625,584,106,321,643,437,116,477,253,524,600,395,667,264,432
724,694,317,112,800,152,733,214,250,300,611,866,1347,481,400,425,566,1327,773,80,459,791,464,304,503,173,524,351,381,946,577,2056,382,709,175,821,733,130,384,824,524,157,608,304,596,668,514,795,287,535
1197,1226,564,200,1412,276,1373,408,456,525,1067,1596,2551,914,746,786,1054,2522,1436,175,757,1482,872,578,916,362,991,656,683,1895,2056,1920,748,1293,323,1537,1264,247,710,1567,995,279,1039,569,1117,1295,943,1384,508,945
264,222,98,47,299,69,284,82,100,109,204,306,518,186,140,161,239,510,290,26,140,281,170,115,173,49,165,129,130,366,382,748,57,254,73,321,253,55,137,268,201,60,211,99,197,247,171,262,85,202
477,390,186,102,513,116,452,149,142,209,406,541,817,317,238,287,343,847,486,68,277,458,290,183,317,120,308,247,215,596,709,1293,254,239,101,516,455,55,243,496,329,97,386,178,388,439,308,499,181,312
103,100,51,20,116,20,120,32,39,50,102,127,216,80,48,61,86,210,117,13,60,121,68,56,77,27,73,53,52,155,175,323,73,101,9,138,107,23,62,127,71,19,94,43,95,121,67,142,39,76
551,439,201,82,540,101,491,139,181,217,450,587,989,368,274,277,402,964,556,62,297,579,310,207,332,124,379,219,261,625,821,1537,321,516,138,300,512,81,248,589,327,96,433,210,476,499,330,564,192,347
481,407,183,90,478,106,453,143,154,198,401,523,799,291,257,265,327,834,490,61,276,464,300,193,322,150,351,228,261,584,733,1264,253,455,107,512,219,68,243,513,331,94,324,187,386,416,315,480,158,329
98,73,28,9,81,16,67,18,17,30,77,96,153,56,35,32,62,151,89,5,35,84,46,41,54,19,52,43,38,106,130,247,55,55,23,81,68,10,39,96,53,24,63,30,70,87,46,74,29,57
258,211,98,45,259,49,248,59,68,115,238,298,450,162,127,150,169,451,249,44,129,273,159,112,170,72,188,126,140,321,384,710,137,243,62,248,243,39,57,259,185,56,179,103,217,226,162,255,97,172
488,452,243,74,531,112,491,152,178,204,432,577,969,347,273,321,399,1015,527,70,299,547,326,218,343,134,387,238,257,643,824,1567,268,496,127,589,513,96,259,295,336,107,392,195,439,517,330,540,195,360
323,280,139,57,322,76,336,107,108,135,278,381,643,219,153,170,226,661,328,38,170,341,196,126,227,82,209,145,140,437,524,995,201,329,71,327,331,53,185,336,107,62,286,131,260,302,214,350,125,213
95,91,44,17,115,24,108,33,39,37,97,126,178,52,65,80,69,189,96,9,52,114,52,34,65,25,70,64,53,116,157,279,60,97,19,96,94,24,56,107,62,13,61,46,83,96,69,114,36,76
396,314,177,75,387,89,367,114,133,163,306,435,659,244,226,228,288,675,351,51,197,379,247,163,249,109,262,198,197,477,608,1039,211,386,94,433,324,63,179,392,286,61,148,134,305,341,223,372,147,282
193,163,62,39,204,44,186,50,54,78,155,201,351,129,88,106,120,373,201,21,109,182,115,86,125,52,145,78,95,253,304,569,99,178,43,210,187,30,103,195,131,46,134,34,156,195,120,197,74,130
438,323,158,77,403,99,385,162,116,175,321,414,709,254,228,222,322,690,401,55,217,384,231,166,241,111,285,195,213,524,596,1117,197,388,95,476,386,70,217,439,260,83,305,156,169,353,283,400,143,258
405,409,207,62,491,85,433,132,146,186,399,489,847,280,245,252,328,842,441,61,271,438,287,176,303,112,313,223,209,600,668,1295,247,439,121,499,416,87,226,517,302,96,341,195,353,203,313,507,196,341
356,250,114,54,362,85,349,105,87,116,266,348,577,209,163,177,218,536,337,42,185,338,179,149,219,68,211,155,162,395,514,943,171,308,67,330,315,46,162,330,214,69,223,120,283,313,119,340,113,191
524,463,207,93,523,107,467,174,185,197,436,582,957,312,259,287,398,909,535,64,301,539,308,198,374,143,367,257,252,667,795,1384,262,499,142,564,480,74,255,540,350,114,372,197,400,507,340,295,209,365
157,168,76,24,211,32,179,57,60,92,154,229,354,139,107,110,144,331,193,18,107,197,113,73,111,42,125,88,91,264,287,508,85,181,39,192,158,29,97,195,125,36,147,74,143,196,113,209,29,113
367,295,133,60,361,74,299,101,123,132,248,369,614,204,177,190,244,629,339,37,193,364,189,135,194,83,203,172,177,432,535,945,202,312,76,347,329,57,172,360,213,76,282,130,258,341,191,365,113,118
