255,438,209,90,477,114,455,177,165,223,448,500,784,381,302,309,363,761,511,69,351,502,357,219,374,151,392,293,289,576,712,1198,234,485,103,505,453,82,234,467,340,91,357,161,406,443,302,500,156,355
438,181,162,86,455,98,403,125,144,176,346,490,748,277,225,210,308,766,424,56,222,423,279,192,302,140,327,194,233,522,660,1247,235,417,91,455,404,72,204,457,282,87,329,155,342,419,276,448,150,288
209,162,40,36,186,58,190,75,69,67,180,205,345,148,99,99,144,358,196,30,91,198,120,93,141,56,144,83,93,233,306,545,101,198,41,199,199,25,117,205,124,41,165,62,151,205,115,199,80,124
90,86,36,6,90,19,84,30,35,50,94,83,142,58,66,58,77,141,98,9,59,84,48,35,61,26,51,46,39,105,131,230,45,84,20,71,68,15,49,75,49,24,68,27,78,77,55,83,31,59
477,455,186,90,252,126,489,143,165,223,418,588,938,349,320,324,381,927,510,71,281,511,331,228,384,137,362,212,246,653,789,1408,286,437,128,516,509,87,257,511,348,115,379,199,448,437,326,538,199,348
114,98,58,19,126,9,103,40,36,46,109,123,173,79,88,65,90,173,114,10,77,106,72,53,78,32,79,54,59,126,171,319,70,99,29,108,94,16,51,99,57,23,90,52,98,100,75,111,44,77
455,403,190,84,489,103,230,155,148,208,417,529,815,309,267,291,343,783,464,70,284,476,274,177,309,113,335,243,234,618,679,1318,252,484,118,482,421,90,261,488,303,107,377,180,356,442,294,482,184,362
177,125,75,30,143,40,155,11,48,60,135,186,279,121,85,79,96,296,135,18,88,150,100,66,109,40,101,62,70,191,232,418,82,142,29,156,150,21,65,183,117,37,113,53,121,156,90,164,57,105
165,144,69,35,165,36,148,48,15,73,134,194,293,96,77,95,99,303,148,31,90,161,109,76,114,40,114,79,74,207,246,460,92,149,37,173,169,20,74,183,99,34,136,62,129,164,97,188,68,111
223,176,67,50,223,46,208,60,73,47,174,228,368,142,127,133,156,374,221,29,113,226,130,95,140,49,137,107,105,264,291,592,112,211,45,219,201,28,101,218,135,57,146,81,184,179,108,223,82,134
448,346,180,94,418,109,417,135,134,174,166,455,751,286,251,263,316,769,446,55,262,429,286,173,301,101,300,221,249,528,616,1131,229,412,91,440,417,72,225,447,286,97,316,148,366,363,263,461,171,264
500,490,205,83,588,123,529,186,194,228,455,310,961,348,269,310,406,936,571,69,307,576,306,206,358,165,376,254,249,629,843,1542,290,534,123,582,537,92,274,586,367,123,426,200,443,488,335,590,204,365
784,748,345,142,938,173,815,279,293,368,751,961,777,647,485,539,669,1405,864,138,504,955,535,354,590,253,622,461,471,1101,1324,2411,486,833,204,912,848,167,433,947,606,193,695,353,749,800,572,923,323,595
381,277,148,58,349,79,309,121,96,142,286,348,647,122,195,199,241,616,348,42,178,342,216,133,220,70,207,162,174,418,515,947,178,320,68,321,323,47,187,331,224,74,245,132,278,295,233,344,138,230
302,225,99,66,320,88,267,85,77,127,251,269,485,195,65,121,186,488,254,31,139,262,163,106,151,68,170,133,128,361,398,751,146,256,61,277,270,46,135,287,182,55,218,111,196,265,149,296,88,175
309,210,99,58,324,65,291,79,95,133,263,310,539,199,121,72,191,514,301,32,133,293,163,99,167,62,181,125,141,392,462,852,157,268,66,302,270,53,142,293,188,64,223,127,220,285,169,310,100,202
363,308,144,77,381,90,343,96,99,156,316,406,669,241,186,191,134,645,365,42,197,359,202,130,251,102,264,162,155,413,521,1032,208,358,76,359,328,54,190,382,255,88,303,136,283,349,254,385,136,235
761,766,358,141,927,173,783,296,303,374,769,936,1405,616,488,514,645,780,898,122,499,927,542,341,614,215,599,439,470,1128,1303,2362,493,818,176,888,833,139,435,879,601,179,692,305,743,822,577,902,302,593
511,424,196,98,510,114,464,135,148,221,446,571,864,348,254,301,365,898,257,61,284,461,289,207,325,120,358,215,250,614,770,1423,296,469,116,514,502,74,271,567,363,101,384,185,431,486,285,507,196,376
69,56,30,9,71,10,70,18,31,29,55,69,138,42,31,32,42,122,61,4,31,74,24,22,51,15,40,27,33,80,96,186,39,58,16,59,66,8,33,82,39,14,56,16,61,51,49,65,25,34
351,222,91,59,281,77,284,88,90,113,262,307,504,178,139,133,197,499,284,31,69,306,161,103,181,73,187,127,136,363,399,782,139,274,58,276,279,53,130,291,157,60,229,94,244,264,160,307,95,173
502,423,198,84,511,106,476,150,161,226,429,576,955,342,262,293,359,927,461,74,306,258,279,207,341,147,386,228,256,650,778,1429,274,453,120,562,481,72,273,557,350,103,419,199,428,463,314,558,166,360
357,279,120,48,331,72,274,100,109,130,286,306,535,216,163,163,202,542,289,24,161,279,85,107,189,73,196,124,146,372,420,859,158,285,80,295,290,58,148,307,199,58,229,110,212,269,199,277,117,167
219,192,93,35,228,53,177,66,76,95,173,206,354,133,106,99,130,341,207,22,103,207,107,37,128,58,139,92,111,260,299,589,105,200,47,199,182,34,108,200,140,40,140,79,152,197,142,182,76,149
374,302,141,61,384,78,309,109,114,140,301,358,590,220,151,167,251,614,325,51,181,341,189,128,99,81,211,171,181,412,463,874,158,316,72,314,308,59,178,355,229,60,257,126,234,304,209,334,102,216
151,140,56,26,137,32,113,40,40,49,101,165,253,70,68,62,102,215,120,15,73,147,73,58,81,11,81,65,64,140,205,357,67,131,22,141,117,24,65,145,90,34,99,51,103,124,70,142,57,84
392,327,144,51,362,79,335,101,114,137,300,376,622,207,170,181,264,599,358,40,187,386,196,139,211,81,104,145,167,415,528,954,172,332,78,373,303,54,180,351,216,75,275,145,242,332,211,387,123,244
293,194,83,46,212,54,243,62,79,107,221,254,461,162,133,125,162,439,215,27,127,228,124,92,171,65,145,61,110,282,323,674,155,209,44,219,193,28,105,230,146,46,166,85,195,206,143,261,97,154
289,233,93,39,246,59,234,70,74,105,249,249,471,174,128,141,155,470,250,33,136,256,146,111,181,64,167,110,69,334,407,739,129,242,61,229,246,43,123,290,155,47,191,91,206,231,179,287,110,166
576,522,233,105,653,126,618,191,207,264,528,629,1101,418,361,392,413,1128,614,80,363,650,372,260,412,140,415,282,334,388,993,1786,339,580,156,644,593,121,327,659,416,126,507,229,544,561,382,638,239,434
712,660,306,131,789,171,679,232,246,291,616,843,1324,515,398,462,521,1303,770,96,399,778,420,299,463,205,528,323,407,993,548,2001,362,708,176,859,752,143,406,753,488,188,610,292,602,695,436,777,265,516
1198,1247,545,230,1408,319,1318,418,460,592,1131,1542,2411,947,751,852,1032,2362,1423,186,782,1429,859,589,874,357,954,674,739,1786,2001,1852,733,1276,325,1516,1340,256,680,1427,903,282,976,509,1161,1241,816,1405,490,996
234,235,101,45,286,70,252,82,92,112,229,290,486,178,146,157,208,493,296,39,139,274,158,105,158,67,172,155,129,339,362,733,56,248,73,294,243,57,144,295,173,65,189,91,216,249,177,259,96,183
485,417,198,84,437,99,484,142,149,211,412,534,833,320,256,268,358,818,469,58,274,453,285,200,316,131,332,209,242,580,708,1276,248,226,107,451,457,52,215,535,288,99,380,170,406,416,289,564,177,325
103,91,41,20,128,29,118,29,37,45,91,123,204,68,61,66,76,176,116,16,58,120,80,47,72,22,78,44,61,156,176,325,73,107,11,115,114,17,55,117,58,25,101,47,102,94,76,113,56,81
505,455,199,71,516,108,482,156,173,219,440,582,912,321,277,302,359,888,514,59,276,562,295,199,314,141,373,219,229,644,859,1516,294,451,115,273,460,100,264,549,363,102,387,220,434,507,317,556,193,353
453,404,199,68,509,94,421,150,169,201,417,537,848,323,270,270,328,833,502,66,279,481,290,182,308,117,303,193,246,593,752,1340,243,457,114,460,209,77,229,470,287,85,373,182,356,411,298,476,185,319
82,72,25,15,87,16,90,21,20,28,72,92,167,47,46,53,54,139,74,8,53,72,58,34,59,24,54,28,43,121,143,256,57,52,17,100,77,1,48,91,58,16,66,22,79,77,44,97,34,54
234,204,117,49,257,51,261,65,74,101,225,274,433,187,135,142,190,435,271,33,130,273,148,108,178,65,180,105,123,327,406,680,144,215,55,264,229,48,50,288,191,49,179,96,202,249,163,261,107,175
467,457,205,75,511,99,488,183,183,218,447,586,947,331,287,293,382,879,567,82,291,557,307,200,355,145,351,230,290,659,753,1427,295,535,117,549,470,91,288,249,356,101,373,199,402,488,321,534,175,389
340,282,124,49,348,57,303,117,99,135,286,367,606,224,182,188,255,601,363,39,157,350,199,140,229,90,216,146,155,416,488,903,173,288,58,363,287,58,191,356,104,69,248,119,238,325,189,340,103,242
91,87,41,24,115,23,107,37,34,57,97,123,193,74,55,64,88,179,101,14,60,103,58,40,60,34,75,46,47,126,188,282,65,99,25,102,85,16,49,101,69,16,84,33,81,103,63,108,43,62
357,329,165,68,379,90,377,113,136,146,316,426,695,245,218,223,303,692,384,56,229,419,229,140,257,99,275,166,191,507,610,976,189,380,101,387,373,66,179,373,248,84,158,166,292,366,234,381,166,269
161,155,62,27,199,52,180,53,62,81,148,200,353,132,111,127,136,305,185,16,94,199,110,79,126,51,145,85,91,229,292,509,91,170,47,220,182,22,96,199,119,33,166,31,153,168,132,192,62,130
406,342,151,78,448,98,356,121,129,184,366,443,749,278,196,220,283,743,431,61,244,428,212,152,234,103,242,195,206,544,602,1161,216,406,102,434,356,79,202,402,238,81,292,153,157,383,267,422,150,258
443,419,205,77,437,100,442,156,164,179,363,488,800,295,265,285,349,822,486,51,264,463,269,197,304,124,332,206,231,561,695,1241,249,416,94,507,411,77,249,488,325,103,366,168,383,234,278,483,161,295
302,276,115,55,326,75,294,90,97,108,263,335,572,233,149,169,254,577,285,49,160,314,199,142,209,70,211,143,179,382,436,816,177,289,76,317,298,44,163,321,189,63,234,132,267,278,93,293,102,208
500,448,199,83,538,111,482,164,188,223,461,590,923,344,296,310,385,902,507,65,307,558,277,182,334,142,387,261,287,638,777,1405,259,564,113,556,476,97,261,534,340,108,381,192,422,483,293,254,170,361
156,150,80,31,199,44,184,57,68,82,171,204,323,138,88,100,136,302,196,25,95,166,117,76,102,57,123,97,110,239,265,490,96,177,56,193,185,34,107,175,103,43,166,62,150,161,102,170,41,116
355,288,124,59,348,77,362,105,111,134,264,365,595,230,175,202,235,593,376,34,173,360,167,149,216,84,244,154,166,434,516,996,183,325,81,353,319,54,175,389,242,62,269,130,258,295,208,361,116,89
