253,510,217,87,529,103,472,164,153,250,451,515,836,386,302,325,378,794,533,70,355,524,349,221,365,141,395,269,315,576,675,1174,243,489,119,523,475,84,217,465,314,103,347,167,426,388,343,470,151,371
510,179,202,70,443,90,445,127,127,150,365,444,760,291,232,240,324,799,426,48,253,470,245,199,278,98,271,205,223,535,698,1245,262,407,104,464,423,79,213,427,284,95,343,151,377,379,239,465,166,311
217,202,33,35,206,49,174,73,64,80,180,233,403,120,103,114,181,391,207,25,108,221,124,80,138,44,129,95,94,258,307,556,119,184,48,212,179,22,106,218,141,47,163,76,149,174,112,211,76,137
87,70,35,5,83,17,80,23,17,37,75,101,154,57,34,35,57,151,86,13,57,97,47,47,67,24,67,41,45,118,122,228,45,78,19,86,81,13,50,76,52,20,48,30,76,73,56,83,36,65
529,443,206,83,251,113,482,152,178,200,429,572,910,339,282,294,385,906,537,66,307,532,273,197,313,118,332,217,252,635,753,1443,292,477,115,559,482,80,266,560,348,109,419,159,430,464,323,533,191,339
103,90,49,17,113,12,104,29,29,51,86,124,208,74,53,53,69,184,117,22,84,114,61,52,89,35,82,58,63,150,167,290,51,106,14,107,109,23,54,116,70,22,79,43,113,91,77,113,38,86
472,445,174,80,482,104,227,152,170,197,384,530,873,300,239,275,359,852,502,62,295,502,281,196,344,132,326,243,241,614,745,1360,256,453,115,511,419,83,257,502,316,117,328,190,374,417,304,490,193,311
164,127,73,23,152,29,152,18,53,74,121,163,283,109,80,81,119,290,146,15,65,179,93,65,86,25,94,70,66,200,240,447,103,154,28,133,169,21,81,147,93,26,106,67,133,148,95,164,52,118
153,127,64,17,178,29,170,53,14,58,130,182,301,111,103,110,120,286,163,26,103,175,102,63,97,31,118,84,84,188,246,468,83,163,36,160,168,26,91,179,100,34,115,54,128,150,99,195,61,109
250,150,80,37,200,51,197,74,58,36,151,200,360,129,114,121,141,326,201,17,122,192,113,73,143,57,149,109,120,269,328,545,105,187,49,249,184,36,95,183,132,38,132,82,154,177,101,203,67,138
451,365,180,75,429,86,384,121,130,151,185,478,768,287,246,259,323,704,416,55,238,428,226,152,287,131,306,228,228,549,632,1152,217,384,101,486,393,78,196,431,294,73,286,152,374,384,252,426,127,292
515,444,233,101,572,124,530,163,182,200,478,318,992,379,277,352,398,1047,570,79,329,554,337,218,363,121,385,261,277,669,858,1582,290,545,124,604,535,95,297,617,357,107,408,204,435,561,337,576,191,398
836,760,403,154,910,208,873,283,301,360,768,992,814,615,445,545,661,1491,909,112,522,884,548,371,580,223,571,443,513,1144,1399,2488,493,841,201,999,821,160,486,995,632,207,667,352,718,834,582,925,348,643
386,291,120,57,339,74,300,109,111,129,287,379,615,92,176,193,236,583,301,34,178,330,199,136,233,82,213,169,174,416,460,902,184,315,82,329,278,51,176,334,211,70,277,116,288,283,209,328,129,215
302,232,103,34,282,53,239,80,103,114,246,277,445,176,68,121,213,454,307,30,128,280,169,116,185,68,175,130,159,303,395,722,128,234,53,264,248,43,126,304,180,59,194,90,211,238,147,279,90,205
325,240,114,35,294,53,275,81,110,121,259,352,545,193,121,87,222,560,354,37,158,303,169,126,193,68,182,129,163,337,459,835,142,249,51,282,250,34,135,311,190,68,235,105,227,261,160,312,105,203
378,324,181,57,385,69,359,119,120,141,323,398,661,236,213,222,138,688,363,40,212,379,230,152,258,84,257,185,196,477,575,1008,203,349,77,373,334,57,203,397,249,52,257,125,304,305,223,385,130,230
794,799,391,151,906,184,852,290,286,326,704,1047,1491,583,454,560,688,816,905,103,522,860,537,361,620,229,607,446,500,1146,1397,2536,510,852,200,1010,806,130,502,953,599,187,654,398,731,795,608,938,333,609
533,426,207,86,537,117,502,146,163,201,416,570,909,301,307,354,363,905,241,70,255,501,314,219,347,126,367,265,254,627,783,1421,288,485,107,521,460,90,258,533,343,87,389,188,446,470,326,544,167,340
70,48,25,13,66,22,62,15,26,17,55,79,112,34,30,37,40,103,70,2,29,75,32,29,39,16,38,31,26,70,101,186,42,56,12,65,66,7,29,80,41,12,51,15,48,55,32,72,18,40
355,253,108,57,307,84,295,65,103,122,238,329,522,178,128,158,212,522,255,29,83,293,145,109,175,69,201,143,130,352,442,806,150,255,57,312,286,42,118,252,187,50,216,109,218,264,180,281,104,209
524,470,221,97,532,114,502,179,175,192,428,554,884,330,280,303,379,860,501,75,293,265,327,208,362,136,354,257,261,627,764,1417,272,462,127,557,478,80,266,552,346,112,380,203,427,467,347,526,176,352
349,245,124,47,273,61,281,93,102,113,226,337,548,199,169,169,230,537,314,32,145,327,89,124,168,69,171,125,154,365,478,824,154,275,71,316,288,56,157,342,195,61,226,106,213,271,184,301,114,196
221,199,80,47,197,52,196,65,63,73,152,218,371,136,116,126,152,361,219,29,109,208,124,40,129,51,135,96,87,236,274,566,111,215,54,211,209,38,106,187,136,35,161,80,155,226,123,206,85,131
365,278,138,67,313,89,344,86,97,143,287,363,580,233,185,193,258,620,347,39,175,362,168,129,115,83,217,151,164,446,496,922,173,323,86,358,325,76,157,339,206,65,258,134,248,322,191,372,131,235
141,98,44,24,118,35,132,25,31,57,131,121,223,82,68,68,84,229,126,16,69,136,69,51,83,11,78,49,68,168,182,374,67,129,38,133,124,18,47,140,82,27,104,50,98,104,75,137,47,96
395,271,129,67,332,82,326,94,118,149,306,385,571,213,175,182,257,607,367,38,201,354,171,135,217,78,100,155,181,408,509,956,190,335,85,351,316,63,170,353,225,65,261,119,276,316,206,341,126,254
269,205,95,41,217,58,243,70,84,109,228,261,443,169,130,129,185,446,265,31,143,257,125,96,151,49,155,64,123,294,339,654,109,247,39,234,234,43,98,256,145,54,206,83,186,214,121,246,80,176
315,223,94,45,252,63,241,66,84,120,228,277,513,174,159,163,196,500,254,26,130,261,154,87,164,68,181,123,56,314,372,692,135,252,58,265,241,32,130,276,153,46,203,67,182,221,170,274,105,161
576,535,258,118,635,150,614,200,188,269,549,669,1144,416,303,337,477,1146,627,70,352,627,365,236,446,168,408,294,314,370,1009,1812,355,605,158,677,608,97,327,688,422,136,506,224,496,588,392,659,241,427
675,698,307,122,753,167,745,240,246,328,632,858,1399,460,395,459,575,1397,783,101,442,764,478,274,496,182,509,339,372,1009,610,2056,423,683,179,799,677,131,353,812,513,177,564,288,590,690,505,755,267,485
1174,1245,556,228,1443,290,1360,447,468,545,1152,1582,2488,902,722,835,1008,2536,1421,186,806,1417,824,566,922,374,956,654,692,1812,2056,1907,749,1316,300,1523,1309,258,747,1458,929,283,1041,579,1148,1285,933,1414,534,913
243,262,119,45,292,51,256,103,83,105,217,290,493,184,128,142,203,510,288,42,150,272,154,111,173,67,190,109,135,355,423,749,71,248,60,313,261,47,145,283,197,61,175,126,208,281,192,271,105,171
489,407,184,78,477,106,453,154,163,187,384,545,841,315,234,249,349,852,485,56,255,462,275,215,323,129,335,247,252,605,683,1316,248,224,100,493,484,75,267,502,319,90,358,167,414,428,288,483,167,331
119,104,48,19,115,14,115,28,36,49,101,124,201,82,53,51,77,200,107,12,57,127,71,54,86,38,85,39,58,158,179,300,60,100,12,127,112,25,54,136,86,21,80,52,94,107,77,98,43,77
523,464,212,86,559,107,511,133,160,249,486,604,999,329,264,282,373,1010,521,65,312,557,316,211,358,133,351,234,265,677,799,1523,313,493,127,265,456,84,245,544,354,104,408,192,409,483,352,560,200,348
475,423,179,81,482,109,419,169,168,184,393,535,821,278,248,250,334,806,460,66,286,478,288,209,325,124,316,234,241,608,677,1309,261,484,112,456,221,84,236,500,327,108,365,180,365,447,318,465,201,338
84,79,22,13,80,23,83,21,26,36,78,95,160,51,43,34,57,130,90,7,42,80,56,38,76,18,63,43,32,97,131,258,47,75,25,84,84,6,42,89,53,24,71,28,64,74,50,93,31,58
217,213,106,50,266,54,257,81,91,95,196,297,486,176,126,135,203,502,258,29,118,266,157,106,157,47,170,98,130,327,353,747,145,267,54,245,236,42,55,264,176,48,175,110,219,225,168,242,90,185
465,427,218,76,560,116,502,147,179,183,431,617,995,334,304,311,397,953,533,80,252,552,342,187,339,140,353,256,276,688,812,1458,283,502,136,544,500,89,264,276,358,113,401,207,439,489,338,523,197,331
314,284,141,52,348,70,316,93,100,132,294,357,632,211,180,190,249,599,343,41,187,346,195,136,206,82,225,145,153,422,513,929,197,319,86,354,327,53,176,358,113,70,240,122,285,323,210,331,125,230
103,95,47,20,109,22,117,26,34,38,73,107,207,70,59,68,52,187,87,12,50,112,61,35,65,27,65,54,46,136,177,283,61,90,21,104,108,24,48,113,70,18,87,42,95,87,67,104,46,64
347,343,163,48,419,79,328,106,115,132,286,408,667,277,194,235,257,654,389,51,216,380,226,161,258,104,261,206,203,506,564,1041,175,358,80,408,365,71,175,401,240,87,149,148,307,319,266,401,131,273
167,151,76,30,159,43,190,67,54,82,152,204,352,116,90,105,125,398,188,15,109,203,106,80,134,50,119,83,67,224,288,579,126,167,52,192,180,28,110,207,122,42,148,37,154,162,129,190,76,129
426,377,149,76,430,113,374,133,128,154,374,435,718,288,211,227,304,731,446,48,218,427,213,155,248,98,276,186,182,496,590,1148,208,414,94,409,365,64,219,439,285,95,307,154,139,368,220,424,146,256
388,379,174,73,464,91,417,148,150,177,384,561,834,283,238,261,305,795,470,55,264,467,271,226,322,104,316,214,221,588,690,1285,281,428,107,483,447,74,225,489,323,87,319,162,368,217,282,458,153,341
343,239,112,56,323,77,304,95,99,101,252,337,582,209,147,160,223,608,326,32,180,347,184,123,191,75,206,121,170,392,505,933,192,288,77,352,318,50,168,338,210,67,266,129,220,282,95,325,125,197
470,465,211,83,533,113,490,164,195,203,426,576,925,328,279,312,385,938,544,72,281,526,301,206,372,137,341,246,274,659,755,1414,271,483,98,560,465,93,242,523,331,104,401,190,424,458,325,244,190,353
151,166,76,36,191,38,193,52,61,67,127,191,348,129,90,105,130,333,167,18,104,176,114,85,131,47,126,80,105,241,267,534,105,167,43,200,201,31,90,197,125,46,131,76,146,153,125,190,48,129
371,311,137,65,339,86,311,118,109,138,292,398,643,215,205,203,230,609,340,40,209,352,196,131,235,96,254,176,161,427,485,913,171,331,77,348,338,58,185,331,230,64,273,129,256,341,197,353,129,100
