248,437,205,85,488,114,460,172,170,230,440,473,835,351,331,329,352,814,508,72,323,519,342,209,349,156,367,278,298,629,726,1189,264,483,105,505,474,86,269,475,300,131,376,182,415,434,304,513,167,363
437,187,184,81,467,99,420,136,132,198,380,500,793,274,203,227,308,770,441,56,247,459,253,162,290,116,318,207,225,528,671,1169,209,426,112,459,392,68,212,468,308,77,333,134,346,402,267,435,156,299
205,184,37,37,201,47,184,60,60,91,181,232,359,114,120,113,165,385,209,28,112,209,102,87,123,41,130,101,86,233,281,540,110,181,47,205,166,35,93,219,108,40,150,74,149,197,111,218,69,142
85,81,37,13,79,18,82,26,31,50,96,86,148,66,42,50,63,134,84,15,49,95,53,32,70,29,80,48,48,101,116,198,48,84,11,101,75,18,39,84,47,19,57,23,54,66,50,88,27,62
488,467,201,79,250,110,495,158,154,224,432,541,896,329,282,319,375,895,550,54,305,538,306,211,331,133,352,237,266,615,758,1383,284,468,103,548,465,78,250,517,326,89,424,190,410,505,329,524,170,370
114,99,47,18,110,10,103,29,41,66,108,120,195,78,52,59,85,198,96,18,71,102,60,38,81,34,92,59,58,122,148,293,56,98,19,118,91,20,52,101,67,21,90,45,80,98,66,112,33,85
460,420,184,82,495,103,216,159,171,198,414,508,834,297,259,278,357,789,476,57,254,480,290,191,334,133,332,229,244,543,675,1252,243,446,106,502,417,90,251,498,328,96,359,175,351,415,304,485,180,299
172,136,60,26,158,29,159,26,47,66,127,154,260,100,70,83,103,300,174,20,88,162,87,53,99,41,99,79,71,200,236,441,76,150,35,148,154,32,70,162,127,31,140,62,102,122,64,171,49,100
170,132,60,31,154,41,171,47,24,81,134,155,270,104,109,103,122,285,186,19,85,159,106,59,97,45,113,70,81,203,270,454,88,156,35,176,152,21,80,175,106,41,124,73,125,163,112,185,54,118
230,198,91,50,224,66,198,66,81,46,175,215,349,121,129,132,150,356,208,25,123,195,114,89,149,61,157,102,108,266,292,551,112,190,47,231,214,33,104,232,136,41,168,86,169,178,150,222,79,141
440,380,181,96,432,108,414,127,134,175,173,455,713,267,241,274,272,729,429,50,248,413,241,165,266,109,304,194,205,537,653,1132,220,363,99,452,403,59,208,450,280,100,321,157,318,419,281,432,147,284
473,500,232,86,541,120,508,154,155,215,455,311,997,379,255,305,428,977,551,57,290,530,341,255,357,146,387,274,299,679,783,1479,271,538,116,575,510,98,253,555,399,119,412,173,444,508,349,533,199,360
835,793,359,148,896,195,834,260,270,349,713,997,772,633,460,504,668,1388,871,131,497,890,534,344,600,238,621,405,478,1029,1268,2382,438,856,204,980,816,160,453,954,600,177,677,326,754,809,586,926,334,558
351,274,114,66,329,78,297,100,104,121,267,379,633,107,173,180,222,610,339,35,144,323,195,139,211,80,230,146,158,402,501,957,198,319,69,302,301,53,156,326,213,69,263,103,229,297,204,342,123,219
331,203,120,42,282,52,259,70,109,129,241,255,460,173,80,145,213,462,253,37,159,250,162,103,173,65,183,109,137,329,388,764,138,253,60,256,208,43,146,299,134,61,210,116,199,243,145,291,100,201
329,227,113,50,319,59,278,83,103,132,274,305,504,180,145,95,223,512,302,37,187,305,170,108,177,78,215,105,145,343,423,796,137,280,66,292,259,46,173,316,180,57,219,110,202,259,171,341,117,209
352,308,165,63,375,85,357,103,122,150,272,428,668,222,213,223,125,612,335,50,193,339,215,139,264,109,243,178,182,458,552,1029,197,306,101,373,316,70,154,368,241,75,297,159,269,297,245,370,128,207
814,770,385,134,895,198,789,300,285,356,729,977,1388,610,462,512,612,791,887,120,503,938,518,342,641,253,625,413,464,1080,1297,2361,418,849,210,956,809,160,473,947,579,172,684,337,738,795,604,919,334,593
508,441,209,84,550,96,476,174,186,208,429,551,871,339,253,302,335,887,238,62,281,484,327,187,341,149,366,244,265,645,768,1391,271,467,109,511,470,80,249,521,347,91,380,206,426,436,349,517,188,330
72,56,28,15,54,18,57,20,19,25,50,57,131,35,37,37,50,120,62,8,24,81,39,28,45,18,47,32,42,71,98,172,47,66,11,62,53,14,22,62,34,11,50,22,64,63,35,65,27,30
323,247,112,49,305,71,254,88,85,123,248,290,497,144,159,187,193,503,281,24,63,284,153,122,179,71,191,129,144,355,402,781,158,250,72,280,259,48,142,299,186,56,208,114,237,247,166,270,98,168
519,459,209,95,538,102,480,162,159,195,413,530,890,323,250,305,339,938,484,81,284,268,298,192,313,141,377,244,250,636,751,1446,272,453,110,531,453,72,258,539,336,108,402,198,407,475,297,499,182,302
342,253,102,53,306,60,290,87,106,114,241,341,534,195,162,170,215,518,327,39,153,298,80,111,195,71,194,139,178,407,454,845,141,268,69,325,252,51,139,292,192,69,230,115,217,275,173,328,96,213
209,162,87,32,211,38,191,53,59,89,165,255,344,139,103,108,139,342,187,28,122,192,111,36,125,40,123,83,112,236,303,509,107,187,60,203,176,28,98,196,131,45,171,69,159,177,123,216,68,155
349,290,123,70,331,81,334,99,97,149,266,357,600,211,173,177,264,641,341,45,179,313,195,125,113,72,190,124,168,426,469,919,165,324,75,349,272,49,156,337,212,65,287,110,242,327,224,359,127,230
156,116,41,29,133,34,133,41,45,61,109,146,238,80,65,78,109,253,149,18,71,141,71,40,72,15,81,61,65,153,202,379,71,125,36,121,144,18,55,128,92,24,97,52,94,125,83,123,55,78
367,318,130,80,352,92,332,99,113,157,304,387,621,230,183,215,243,625,366,47,191,377,194,123,190,81,104,164,169,391,519,938,191,297,89,341,330,55,153,365,240,69,265,123,244,338,226,349,135,229
278,207,101,48,237,59,229,79,70,102,194,274,405,146,109,105,178,413,244,32,129,244,139,83,124,61,164,49,126,298,367,685,128,228,51,243,228,46,113,254,159,44,174,87,176,222,129,228,95,172
298,225,86,48,266,58,244,71,81,108,205,299,478,158,137,145,182,464,265,42,144,250,178,112,168,65,169,126,66,352,390,690,154,260,60,246,239,26,119,254,174,53,217,96,199,248,143,257,91,168
629,528,233,101,615,122,543,200,203,266,537,679,1029,402,329,343,458,1080,645,71,355,636,407,236,426,153,391,298,352,365,920,1769,355,616,156,699,548,113,293,666,369,107,506,224,491,580,378,621,248,422
726,671,281,116,758,148,675,236,270,292,653,783,1268,501,388,423,552,1297,768,98,402,751,454,303,469,202,519,367,390,920,581,2078,404,704,166,807,654,123,354,830,499,162,567,280,588,667,428,737,254,525
1189,1169,540,198,1383,293,1252,441,454,551,1132,1479,2382,957,764,796,1029,2361,1391,172,781,1446,845,509,919,379,938,685,690,1769,2078,1867,733,1319,330,1495,1218,243,724,1434,888,296,1036,540,1104,1250,904,1405,519,938
264,209,110,48,284,56,243,76,88,112,220,271,438,198,138,137,197,418,271,47,158,272,141,107,165,71,191,128,154,355,404,733,67,263,72,306,242,46,148,261,176,68,189,104,219,230,148,278,97,202
483,426,181,84,468,98,446,150,156,190,363,538,856,319,253,280,306,849,467,66,250,453,268,187,324,125,297,228,260,616,704,1319,263,200,99,500,403,71,221,452,273,85,354,186,349,447,268,496,171,308
105,112,47,11,103,19,106,35,35,47,99,116,204,69,60,66,101,210,109,11,72,110,69,60,75,36,89,51,60,156,166,330,72,99,8,108,96,18,63,121,66,22,84,50,90,112,76,126,43,67
505,459,205,101,548,118,502,148,176,231,452,575,980,302,256,292,373,956,511,62,280,531,325,203,349,121,341,243,246,699,807,1495,306,500,108,267,487,84,267,548,353,140,410,186,394,480,291,544,209,360
474,392,166,75,465,91,417,154,152,214,403,510,816,301,208,259,316,809,470,53,259,453,252,176,272,144,330,228,239,548,654,1218,242,403,96,487,208,70,224,453,319,86,327,162,324,404,265,477,151,305
86,68,35,18,78,20,90,32,21,33,59,98,160,53,43,46,70,160,80,14,48,72,51,28,49,18,55,46,26,113,123,243,46,71,18,84,70,9,52,81,71,21,66,21,64,68,46,95,31,47
269,212,93,39,250,52,251,70,80,104,208,253,453,156,146,173,154,473,249,22,142,258,139,98,156,55,153,113,119,293,354,724,148,221,63,267,224,52,54,263,183,54,215,88,179,206,163,230,90,167
475,468,219,84,517,101,498,162,175,232,450,555,954,326,299,316,368,947,521,62,299,539,292,196,337,128,365,254,254,666,830,1434,261,452,121,548,453,81,263,307,354,91,423,190,440,464,329,561,191,353
300,308,108,47,326,67,328,127,106,136,280,399,600,213,134,180,241,579,347,34,186,336,192,131,212,92,240,159,174,369,499,888,176,273,66,353,319,71,183,354,125,78,248,136,275,300,202,347,108,220
131,77,40,19,89,21,96,31,41,41,100,119,177,69,61,57,75,172,91,11,56,108,69,45,65,24,69,44,53,107,162,296,68,85,22,140,86,21,54,91,78,18,70,46,98,105,73,108,49,81
376,333,150,57,424,90,359,140,124,168,321,412,677,263,210,219,297,684,380,50,208,402,230,171,287,97,265,174,217,506,567,1036,189,354,84,410,327,66,215,423,248,70,132,124,327,364,229,390,128,270
182,134,74,23,190,45,175,62,73,86,157,173,326,103,116,110,159,337,206,22,114,198,115,69,110,52,123,87,96,224,280,540,104,186,50,186,162,21,88,190,136,46,124,35,138,167,137,191,75,114
415,346,149,54,410,80,351,102,125,169,318,444,754,229,199,202,269,738,426,64,237,407,217,159,242,94,244,176,199,491,588,1104,219,349,90,394,324,64,179,440,275,98,327,138,152,386,249,416,139,272
434,402,197,66,505,98,415,122,163,178,419,508,809,297,243,259,297,795,436,63,247,475,275,177,327,125,338,222,248,580,667,1250,230,447,112,480,404,68,206,464,300,105,364,167,386,206,281,476,180,303
304,267,111,50,329,66,304,64,112,150,281,349,586,204,145,171,245,604,349,35,166,297,173,123,224,83,226,129,143,378,428,904,148,268,76,291,265,46,163,329,202,73,229,137,249,281,98,333,126,233
513,435,218,88,524,112,485,171,185,222,432,533,926,342,291,341,370,919,517,65,270,499,328,216,359,123,349,228,257,621,737,1405,278,496,126,544,477,95,230,561,347,108,390,191,416,476,333,259,178,356
167,156,69,27,170,33,180,49,54,79,147,199,334,123,100,117,128,334,188,27,98,182,96,68,127,55,135,95,91,248,254,519,97,171,43,209,151,31,90,191,108,49,128,75,139,180,126,178,37,133
363,299,142,62,370,85,299,100,118,141,284,360,558,219,201,209,207,593,330,30,168,302,213,155,230,78,229,172,168,422,525,938,202,308,67,360,305,47,167,353,220,81,270,114,272,303,233,356,133,115
