253,474,223,81,541,98,454,158,186,245,458,555,774,374,327,343,335,771,473,73,303,515,327,209,375,136,349,269,305,580,711,1206,249,466,102,476,455,93,216,456,281,103,346,166,438,402,335,509,180,382
474,183,169,97,485,112,464,133,161,158,403,511,801,297,218,231,319,783,456,41,252,468,264,196,271,93,253,193,191,565,658,1260,215,435,90,502,423,53,210,450,270,96,333,179,380,407,272,449,184,311
223,169,38,36,210,43,197,57,53,77,187,199,338,134,96,111,131,326,172,30,108,195,93,94,123,51,142,106,91,245,299,547,88,188,45,201,191,32,88,222,114,38,128,81,165,190,117,217,64,145
81,97,36,3,86,14,80,24,30,42,76,100,135,58,45,49,63,149,90,8,50,82,50,28,60,21,59,43,43,107,130,225,46,80,22,93,72,15,42,77,49,15,45,27,72,68,65,86,26,58
541,485,210,86,263,123,493,141,158,176,444,572,904,330,275,295,370,893,504,58,285,550,278,202,354,141,336,240,256,647,803,1395,296,505,112,595,508,89,265,539,318,99,363,195,423,475,312,521,162,368
98,112,43,14,123,10,107,32,35,49,103,115,169,87,61,69,78,172,124,16,69,133,65,40,71,24,83,52,58,125,165,274,56,100,21,127,93,18,54,90,74,25,70,44,101,94,87,133,24,86
454,464,197,80,493,107,243,153,173,210,416,554,861,326,242,272,359,850,527,51,281,489,286,205,326,111,303,217,249,623,712,1311,281,454,109,533,416,96,234,520,309,92,346,181,376,458,323,475,174,341
158,133,57,24,141,32,153,16,54,52,126,177,311,92,81,78,119,313,157,21,88,156,108,40,100,39,89,68,71,200,221,448,91,146,29,162,125,34,65,158,92,35,115,52,101,137,101,166,62,108
186,161,53,30,158,35,173,54,17,69,123,189,322,90,75,89,113,297,166,13,80,166,106,72,104,42,116,86,103,220,229,460,88,156,33,183,149,23,91,185,114,42,129,55,128,141,104,144,68,128
245,158,77,42,176,49,210,52,69,39,151,215,367,137,94,92,160,355,206,16,121,207,136,94,151,55,124,90,114,241,323,594,107,216,50,222,194,28,104,206,114,46,164,76,163,199,119,221,76,150
458,403,187,76,444,103,416,126,123,151,161,502,748,270,242,250,314,734,447,48,279,456,283,171,299,105,299,184,250,505,634,1148,232,451,104,456,395,69,232,446,258,97,312,159,355,429,273,444,142,311
555,511,199,100,572,115,554,177,189,215,502,318,1017,355,273,314,424,1030,553,69,316,582,344,207,371,148,419,267,305,676,808,1572,313,506,135,626,532,91,304,598,357,125,436,198,451,518,359,578,204,380
774,801,338,135,904,169,861,311,322,367,748,1017,836,591,451,494,666,1441,946,112,507,986,537,350,605,233,612,424,397,1118,1374,2423,474,815,183,926,778,156,454,904,602,202,636,345,700,825,561,927,321,593
374,297,134,58,330,87,326,92,90,137,270,355,591,116,196,200,231,540,334,24,206,353,193,143,200,77,193,154,162,411,516,932,199,303,81,347,327,44,155,353,192,68,253,121,266,318,202,337,122,232
327,218,96,45,275,61,242,81,75,94,242,273,451,196,62,112,187,456,258,40,154,285,154,91,179,48,173,129,125,357,419,765,140,242,68,269,242,39,128,297,165,69,184,103,214,264,154,285,95,200
343,231,111,49,295,69,272,78,89,92,250,314,494,200,112,57,182,489,270,33,142,282,164,103,197,54,172,136,119,362,455,849,145,250,67,307,264,49,133,318,160,51,238,122,225,280,143,316,108,190
335,319,131,63,370,78,359,119,113,160,314,424,666,231,187,182,133,646,360,38,173,363,221,147,249,102,244,171,168,454,545,1049,203,361,82,393,336,70,161,389,248,81,292,121,291,353,231,372,128,239
771,783,326,149,893,172,850,313,297,355,734,1030,1441,540,456,489,646,822,933,100,503,934,519,350,582,221,575,457,437,1123,1326,2370,489,857,187,909,800,156,443,892,588,178,652,330,703,845,551,910,318,561
473,456,172,90,504,124,527,157,166,206,447,553,946,334,258,270,360,933,257,64,311,477,301,206,376,124,356,230,258,633,790,1402,282,474,122,553,476,102,253,572,342,111,372,191,448,486,333,567,192,330
73,41,30,8,58,16,51,21,13,16,48,69,112,24,40,33,38,100,64,3,31,50,31,14,42,11,29,30,27,69,87,182,33,80,14,58,59,5,26,70,46,9,38,21,47,62,33,73,22,43
303,252,108,50,285,69,281,88,80,121,279,316,507,206,154,142,173,503,311,31,80,311,169,121,185,82,212,136,151,316,417,814,155,278,67,287,258,35,131,334,189,63,203,97,239,233,167,304,90,175
515,468,195,82,550,133,489,156,166,207,456,582,986,353,285,282,363,934,477,50,311,266,292,204,359,116,350,246,260,636,802,1417,284,503,112,587,484,95,233,566,350,92,383,201,417,498,335,559,197,367
327,264,93,50,278,65,286,108,106,136,283,344,537,193,154,164,221,519,301,31,169,292,100,117,210,66,204,124,128,329,480,871,152,283,78,333,266,46,147,337,194,75,215,123,246,273,201,335,112,208
209,196,94,28,202,40,205,40,72,94,171,207,350,143,91,103,147,350,206,14,121,204,117,38,113,41,121,80,84,240,311,580,109,174,35,233,172,31,90,221,127,37,149,74,154,181,130,199,69,137
375,271,123,60,354,71,326,100,104,151,299,371,605,200,179,197,249,582,376,42,185,359,210,113,109,87,215,144,154,420,509,944,172,322,72,345,324,51,176,307,211,66,265,120,252,313,209,311,132,235
136,93,51,21,141,24,111,39,42,55,105,148,233,77,48,54,102,221,124,11,82,116,66,41,87,13,71,51,72,157,206,356,70,129,26,140,137,25,55,128,66,22,109,43,101,120,86,144,48,98
349,253,142,59,336,83,303,89,116,124,299,419,612,193,173,172,244,575,356,29,212,350,204,121,215,71,102,147,166,399,521,928,184,316,76,377,316,45,172,375,206,66,269,103,259,322,190,360,141,221
269,193,106,43,240,52,217,68,86,90,184,267,424,154,129,136,171,457,230,30,136,246,124,80,144,51,147,49,114,299,370,674,119,223,44,229,208,35,120,235,144,40,201,84,167,230,127,262,92,157
305,191,91,43,256,58,249,71,103,114,250,305,397,162,125,119,168,437,258,27,151,260,128,84,154,72,166,114,57,317,371,695,112,239,49,290,242,27,102,236,151,49,185,84,201,239,153,310,91,163
580,565,245,107,647,125,623,200,220,241,505,676,1118,411,357,362,454,1123,633,69,316,636,329,240,420,157,399,299,317,400,961,1750,347,601,126,685,588,85,328,694,394,132,477,240,536,570,381,639,224,410
711,658,299,130,803,165,712,221,229,323,634,808,1374,516,419,455,545,1326,790,87,417,802,480,311,509,206,521,370,371,961,601,2098,408,698,141,812,690,146,358,808,504,154,569,290,650,716,484,751,282,529
1206,1260,547,225,1395,274,1311,448,460,594,1148,1572,2423,932,765,849,1049,2370,1402,182,814,1417,871,580,944,356,928,674,695,1750,2098,1890,747,1249,313,1536,1282,272,733,1393,917,259,1000,513,1166,1252,907,1380,503,989
249,215,88,46,296,56,281,91,88,107,232,313,474,199,140,145,203,489,282,33,155,284,152,109,172,70,184,119,112,347,408,747,66,253,60,310,249,42,138,267,198,57,199,91,218,204,192,299,92,179
466,435,188,80,505,100,454,146,156,216,451,506,815,303,242,250,361,857,474,80,278,503,283,174,322,129,316,223,239,601,698,1249,253,225,115,515,413,87,243,506,300,93,392,173,387,420,313,519,171,331
102,90,45,22,112,21,109,29,33,50,104,135,183,81,68,67,82,187,122,14,67,112,78,35,72,26,76,44,49,126,141,313,60,115,16,113,101,21,52,119,71,26,101,39,84,100,74,130,42,86
476,502,201,93,595,127,533,162,183,222,456,626,926,347,269,307,393,909,553,58,287,587,333,233,345,140,377,229,290,685,812,1536,310,515,113,271,502,106,267,595,354,107,419,208,461,460,324,563,205,367
455,423,191,72,508,93,416,125,149,194,395,532,778,327,242,264,336,800,476,59,258,484,266,172,324,137,316,208,242,588,690,1282,249,413,101,502,218,67,228,480,289,100,333,187,365,401,308,512,167,309
93,53,32,15,89,18,96,34,23,28,69,91,156,44,39,49,70,156,102,5,35,95,46,31,51,25,45,35,27,85,146,272,42,87,21,106,67,8,60,91,44,12,59,28,58,84,50,109,26,52
216,210,88,42,265,54,234,65,91,104,232,304,454,155,128,133,161,443,253,26,131,233,147,90,176,55,172,120,102,328,358,733,138,243,52,267,228,60,59,281,163,54,192,92,185,219,137,270,94,189
456,450,222,77,539,90,520,158,185,206,446,598,904,353,297,318,389,892,572,70,334,566,337,221,307,128,375,235,236,694,808,1393,267,506,119,595,480,91,281,265,370,114,359,203,446,499,332,556,191,369
281,270,114,49,318,74,309,92,114,114,258,357,602,192,165,160,248,588,342,46,189,350,194,127,211,66,206,144,151,394,504,917,198,300,71,354,289,44,163,370,99,66,260,128,244,321,183,336,128,217
103,96,38,15,99,25,92,35,42,46,97,125,202,68,69,51,81,178,111,9,63,92,75,37,66,22,66,40,49,132,154,259,57,93,26,107,100,12,54,114,66,6,76,37,75,96,55,105,45,74
346,333,128,45,363,70,346,115,129,164,312,436,636,253,184,238,292,652,372,38,203,383,215,149,265,109,269,201,185,477,569,1000,199,392,101,419,333,59,192,359,260,76,131,152,294,335,218,390,151,248
166,179,81,27,195,44,181,52,55,76,159,198,345,121,103,122,121,330,191,21,97,201,123,74,120,43,103,84,84,240,290,513,91,173,39,208,187,28,92,203,128,37,152,28,146,181,120,196,71,122
438,380,165,72,423,101,376,101,128,163,355,451,700,266,214,225,291,703,448,47,239,417,246,154,252,101,259,167,201,536,650,1166,218,387,84,461,365,58,185,446,244,75,294,146,153,384,248,408,147,287
402,407,190,68,475,94,458,137,141,199,429,518,825,318,264,280,353,845,486,62,233,498,273,181,313,120,322,230,239,570,716,1252,204,420,100,460,401,84,219,499,321,96,335,181,384,236,277,468,157,294
335,272,117,65,312,87,323,101,104,119,273,359,561,202,154,143,231,551,333,33,167,335,201,130,209,86,190,127,153,381,484,907,192,313,74,324,308,50,137,332,183,55,218,120,248,277,110,305,117,218
509,449,217,86,521,133,475,166,144,221,444,578,927,337,285,316,372,910,567,73,304,559,335,199,311,144,360,262,310,639,751,1380,299,519,130,563,512,109,270,556,336,105,390,196,408,468,305,263,187,359
180,184,64,26,162,24,174,62,68,76,142,204,321,122,95,108,128,318,192,22,90,197,112,69,132,48,141,92,91,224,282,503,92,171,42,205,167,26,94,191,128,45,151,71,147,157,117,187,37,145
382,311,145,58,368,86,341,108,128,150,311,380,593,232,200,190,239,561,330,43,175,367,208,137,235,98,221,157,163,410,529,989,179,331,86,367,309,52,189,369,217,74,248,122,287,294,218,359,145,113
