271,465,223,97,473,93,483,181,167,252,464,547,823,382,324,331,402,798,545,63,319,546,377,231,382,150,377,281,287,592,732,1208,262,472,87,551,494,95,262,501,349,116,372,168,426,426,350,520,177,405
465,181,173,60,436,105,430,133,157,179,383,491,808,254,212,242,330,838,454,44,248,442,237,174,267,104,275,202,189,545,667,1264,252,399,119,475,408,77,206,488,280,86,350,161,328,428,277,463,185,295
223,173,50,32,212,46,187,70,60,86,177,226,373,119,114,107,145,386,206,25,111,190,113,72,155,38,136,80,89,269,327,567,132,176,41,225,168,28,110,203,127,42,157,79,162,186,140,207,62,135
97,60,32,4,77,19,74,30,34,45,70,90,134,61,52,38,61,132,94,16,64,93,50,30,63,23,67,43,45,92,134,208,45,77,13,88,78,18,37,80,49,27,71,24,69,74,63,95,24,73
473,436,212,77,245,128,485,132,151,183,400,591,964,306,269,276,357,916,506,63,261,500,288,216,350,114,328,243,272,668,794,1434,277,481,116,529,475,94,249,552,324,94,415,173,420,494,311,518,168,343
93,105,46,19,128,14,102,37,40,57,109,132,184,75,67,63,78,176,105,16,67,117,67,46,87,27,78,58,66,131,169,295,64,107,24,119,110,16,50,133,70,29,84,42,102,97,85,109,39,81
483,430,187,74,485,102,236,133,163,226,409,554,856,308,260,273,352,843,498,66,246,526,324,188,304,109,318,217,263,600,745,1359,271,456,97,505,444,94,219,516,322,100,367,195,399,484,323,491,177,307
181,133,70,30,132,37,133,17,40,72,146,152,257,110,84,80,120,266,156,21,101,154,108,72,100,27,97,74,78,190,247,415,87,147,37,160,144,28,57,158,101,27,107,45,137,131,97,149,73,109
167,157,60,34,151,40,163,40,29,65,139,165,267,112,75,88,123,285,171,22,87,182,110,68,110,38,102,69,77,217,231,495,103,162,34,182,156,30,85,164,85,33,138,59,128,164,82,170,55,105
252,179,86,45,183,57,226,72,65,46,176,232,391,141,110,136,146,359,200,18,113,197,126,86,142,63,137,104,101,255,283,548,124,192,40,227,216,31,99,191,135,45,177,77,161,176,138,246,74,140
464,383,177,70,400,109,409,146,139,176,193,484,751,309,262,258,322,709,426,40,216,445,272,196,314,115,303,205,227,522,638,1166,260,388,83,468,432,76,203,427,278,79,321,157,363,386,252,473,154,284
547,491,226,90,591,132,554,152,165,232,484,327,1105,365,321,330,362,1034,588,76,301,569,314,244,350,144,409,251,263,730,864,1610,314,528,124,584,537,95,260,617,353,103,412,214,483,556,358,607,198,383
823,808,373,134,964,184,856,257,267,391,751,1105,807,549,476,519,674,1494,895,112,474,883,515,363,591,258,617,433,465,1155,1361,2447,478,887,205,979,831,146,461,955,609,159,707,330,722,828,571,908,304,639
382,254,119,61,306,75,308,110,112,141,309,365,549,101,168,185,247,587,333,37,188,331,203,124,200,90,196,169,167,436,493,883,165,319,79,359,338,50,175,337,206,61,247,117,273,330,216,364,125,217
324,212,114,52,269,67,260,84,75,110,262,321,476,168,75,154,194,490,286,41,157,290,178,97,195,65,181,124,128,312,414,756,150,244,63,278,249,34,141,293,175,56,224,88,223,235,174,296,96,182
331,242,107,38,276,63,273,80,88,136,258,330,519,185,154,92,204,519,280,27,163,287,183,129,190,75,190,130,150,344,484,841,182,262,73,273,279,32,124,313,191,55,232,81,243,260,175,302,112,201
402,330,145,61,357,78,352,120,123,146,322,362,674,247,194,204,156,666,382,49,199,392,219,165,256,89,249,157,207,468,552,1030,230,332,89,410,339,74,198,390,243,80,291,122,330,331,256,376,137,253
798,838,386,132,916,176,843,266,285,359,709,1034,1494,587,490,519,666,809,936,117,457,929,528,355,604,245,630,449,472,1130,1390,2431,498,845,218,926,852,140,462,975,621,200,660,338,735,822,556,929,342,575
545,454,206,94,506,105,498,156,171,200,426,588,895,333,286,280,382,936,270,61,288,514,301,213,343,134,331,266,239,653,771,1443,286,480,113,558,481,74,261,556,356,103,392,177,422,490,326,545,172,350
63,44,25,16,63,16,66,21,22,18,40,76,112,37,41,27,49,117,61,3,30,74,31,24,43,17,30,28,24,90,110,173,34,57,15,58,54,7,32,70,45,9,53,20,48,61,42,62,28,44
319,248,111,64,261,67,246,101,87,113,216,301,474,188,157,163,199,457,288,30,59,289,150,127,193,67,185,113,135,331,425,766,157,257,58,289,264,48,133,318,174,58,237,115,218,245,188,273,108,176
546,442,190,93,500,117,526,154,182,197,445,569,883,331,290,287,392,929,514,74,289,283,302,190,336,142,340,259,276,665,796,1358,255,463,112,566,468,93,249,561,366,123,364,198,435,507,351,564,174,356
377,237,113,50,288,67,324,108,110,126,272,314,515,203,178,183,219,528,301,31,150,302,92,137,209,81,195,129,159,410,440,792,178,252,63,345,270,41,168,312,190,66,229,122,274,273,185,318,103,234
231,174,72,30,216,46,188,72,68,86,196,244,363,124,97,129,165,355,213,24,127,190,137,29,146,39,133,106,118,290,333,552,116,210,49,236,206,30,105,197,144,37,163,74,170,197,122,189,77,129
382,267,155,63,350,87,304,100,110,142,314,350,591,200,195,190,256,604,343,43,193,336,209,146,113,84,207,154,165,408,490,1003,195,306,84,320,314,62,173,353,232,62,262,143,262,299,205,351,131,238
150,104,38,23,114,27,109,27,38,63,115,144,258,90,65,75,89,245,134,17,67,142,81,39,84,21,77,72,55,149,200,363,79,118,29,131,127,13,60,134,78,23,92,49,87,122,82,141,56,82
377,275,136,67,328,78,318,97,102,137,303,409,617,196,181,190,249,630,331,30,185,340,195,133,207,77,104,159,161,439,517,988,186,315,82,331,342,53,166,363,232,62,253,127,250,337,210,329,135,207
281,202,80,43,243,58,217,74,69,104,205,251,433,169,124,130,157,449,266,28,113,259,129,106,154,72,159,56,110,286,348,658,128,204,57,219,236,35,120,271,151,45,185,82,209,227,147,272,74,172
287,189,89,45,272,66,263,78,77,101,227,263,465,167,128,150,207,472,239,24,135,276,159,118,165,55,161,110,63,312,363,676,152,240,45,275,223,49,124,269,167,52,197,94,210,262,162,284,86,183
592,545,269,92,668,131,600,190,217,255,522,730,1155,436,312,344,468,1130,653,90,331,665,410,290,408,149,439,286,312,382,963,1810,350,624,155,646,579,86,310,689,414,133,535,240,506,564,394,669,216,426
732,667,327,134,794,169,745,247,231,283,638,864,1361,493,414,484,552,1390,771,110,425,796,440,333,490,200,517,348,363,963,590,2133,387,714,177,820,708,126,385,813,521,161,569,279,630,666,475,793,273,535
1208,1264,567,208,1434,295,1359,415,495,548,1166,1610,2447,883,756,841,1030,2431,1443,173,766,1358,792,552,1003,363,988,658,676,1810,2133,1921,704,1309,315,1513,1334,237,722,1431,940,302,1006,555,1179,1329,951,1503,518,907
262,252,132,45,277,64,271,87,103,124,260,314,478,165,150,182,230,498,286,34,157,255,178,116,195,79,186,128,152,350,387,704,74,231,57,314,250,53,140,312,206,61,199,114,252,268,183,299,90,203
472,399,176,77,481,107,456,147,162,192,388,528,887,319,244,262,332,845,480,57,257,463,252,210,306,118,315,204,240,624,714,1309,231,228,110,496,486,87,249,499,314,115,345,168,378,425,295,496,160,330
87,119,41,13,116,24,97,37,34,40,83,124,205,79,63,73,89,218,113,15,58,112,63,49,84,29,82,57,45,155,177,315,57,110,9,120,120,22,68,132,76,25,76,43,95,96,67,111,39,79
551,475,225,88,529,119,505,160,182,227,468,584,979,359,278,273,410,926,558,58,289,566,345,236,320,131,331,219,275,646,820,1513,314,496,120,286,524,84,262,593,377,120,393,182,472,549,334,574,216,376
494,408,168,78,475,110,444,144,156,216,432,537,831,338,249,279,339,852,481,54,264,468,270,206,314,127,342,236,223,579,708,1334,250,486,120,524,236,80,216,486,310,99,331,185,380,473,282,478,159,308
95,77,28,18,94,16,94,28,30,31,76,95,146,50,34,32,74,140,74,7,48,93,41,30,62,13,53,35,49,86,126,237,53,87,22,84,80,7,47,105,60,15,73,32,68,69,60,93,25,52
262,206,110,37,249,50,219,57,85,99,203,260,461,175,141,124,198,462,261,32,133,249,168,105,173,60,166,120,124,310,385,722,140,249,68,262,216,47,54,280,165,53,183,71,224,223,145,258,93,171
501,488,203,80,552,133,516,158,164,191,427,617,955,337,293,313,390,975,556,70,318,561,312,197,353,134,363,271,269,689,813,1431,312,499,132,593,486,105,280,232,351,111,435,222,438,481,349,563,195,336
349,280,127,49,324,70,322,101,85,135,278,353,609,206,175,191,243,621,356,45,174,366,190,144,232,78,232,151,167,414,521,940,206,314,76,377,310,60,165,351,100,67,260,145,279,330,219,368,123,217
116,86,42,27,94,29,100,27,33,45,79,103,159,61,56,55,80,200,103,9,58,123,66,37,62,23,62,45,52,133,161,302,61,115,25,120,99,15,53,111,67,8,87,48,84,113,63,106,34,64
372,350,157,71,415,84,367,107,138,177,321,412,707,247,224,232,291,660,392,53,237,364,229,163,262,92,253,185,197,535,569,1006,199,345,76,393,331,73,183,435,260,87,148,155,289,351,236,397,123,279
168,161,79,24,173,42,195,45,59,77,157,214,330,117,88,81,122,338,177,20,115,198,122,74,143,49,127,82,94,240,279,555,114,168,43,182,185,32,71,222,145,48,155,24,148,181,129,188,72,124
426,328,162,69,420,102,399,137,128,161,363,483,722,273,223,243,330,735,422,48,218,435,274,170,262,87,250,209,210,506,630,1179,252,378,95,472,380,68,224,438,279,84,289,148,158,401,246,398,149,274
426,428,186,74,494,97,484,131,164,176,386,556,828,330,235,260,331,822,490,61,245,507,273,197,299,122,337,227,262,564,666,1329,268,425,96,549,473,69,223,481,330,113,351,181,401,235,309,501,173,324
350,277,140,63,311,85,323,97,82,138,252,358,571,216,174,175,256,556,326,42,188,351,185,122,205,82,210,147,162,394,475,951,183,295,67,334,282,60,145,349,219,63,236,129,246,309,96,333,126,230
520,463,207,95,518,109,491,149,170,246,473,607,908,364,296,302,376,929,545,62,273,564,318,189,351,141,329,272,284,669,793,1503,299,496,111,574,478,93,258,563,368,106,397,188,398,501,333,273,195,347
177,185,62,24,168,39,177,73,55,74,154,198,304,125,96,112,137,342,172,28,108,174,103,77,131,56,135,74,86,216,273,518,90,160,39,216,159,25,93,195,123,34,123,72,149,173,126,195,23,138
405,295,135,73,343,81,307,109,105,140,284,383,639,217,182,201,253,575,350,44,176,356,234,129,238,82,207,172,183,426,535,907,203,330,79,376,308,52,171,336,217,64,279,124,274,324,230,347,138,108
