274,441,223,72,465,97,471,179,163,263,458,547,801,365,284,323,346,814,497,68,336,540,366,217,382,145,420,280,309,643,721,1170,222,449,116,498,477,87,231,425,340,116,358,185,473,440,343,472,182,405
441,188,161,93,455,109,420,135,128,174,393,518,786,292,221,199,318,772,429,57,226,414,257,173,306,126,289,181,199,556,638,1235,241,409,115,453,413,66,204,465,283,79,313,147,348,411,286,468,173,263
223,161,41,37,197,46,186,53,66,76,163,200,329,120,107,93,131,336,200,29,114,213,113,73,122,55,121,99,106,242,289,561,114,186,56,184,175,30,95,221,127,43,151,82,166,182,128,205,82,144
72,93,37,6,85,17,82,24,29,28,69,94,139,70,46,49,68,152,95,9,55,95,40,43,66,24,80,49,52,105,137,209,39,70,18,78,83,18,54,88,54,19,68,34,85,60,52,82,33,51
465,455,197,85,263,117,464,155,156,179,405,610,1003,307,270,258,379,912,516,63,287,525,315,205,336,134,349,243,242,625,807,1414,279,470,125,530,462,87,264,529,321,98,378,180,383,492,331,528,174,333
97,109,46,17,117,13,95,30,47,54,100,125,178,74,62,61,86,200,103,17,65,119,62,42,69,29,95,59,68,137,160,297,64,106,30,128,100,20,54,125,77,20,90,51,94,104,51,111,32,73
471,420,186,82,464,95,224,138,171,206,394,557,820,309,281,284,352,883,460,62,289,480,280,199,270,108,320,239,272,600,738,1296,265,458,135,502,438,101,226,529,333,85,374,184,375,474,301,459,197,313
179,135,53,24,155,30,138,26,40,59,136,159,253,99,94,95,134,301,155,20,67,152,82,69,91,39,122,67,76,183,232,436,74,144,43,150,143,23,73,145,93,37,101,48,117,146,96,166,59,108
163,128,66,29,156,47,171,40,17,69,133,198,324,122,90,93,126,291,177,22,100,180,101,83,121,39,111,67,78,208,274,449,110,174,39,178,146,25,85,167,107,44,125,59,130,157,106,179,61,125
263,174,76,28,179,54,206,59,69,46,148,236,398,147,101,107,165,379,206,27,112,217,122,87,140,54,134,112,102,263,367,565,124,190,39,223,186,32,100,221,132,52,168,74,183,201,152,214,75,142
458,393,163,69,405,100,394,136,133,148,181,487,759,287,207,222,305,776,413,58,258,443,234,175,279,107,278,213,240,550,654,1094,227,394,111,463,424,79,188,444,244,89,372,170,345,375,284,447,173,282
547,518,200,94,610,125,557,159,198,236,487,325,1028,345,285,312,416,1024,585,72,308,567,313,235,386,135,388,252,285,699,857,1653,282,528,135,614,506,104,281,647,395,108,458,210,458,552,353,600,220,347
801,786,329,139,1003,178,820,253,324,398,759,1028,811,571,473,520,620,1450,874,116,470,940,515,357,568,213,561,419,461,1196,1341,2464,496,873,197,973,813,184,463,1024,602,174,694,354,699,841,574,970,339,588
365,292,120,70,307,74,309,99,122,147,287,345,571,106,161,190,244,593,352,33,158,342,234,132,224,76,222,150,159,405,490,879,180,315,68,349,332,49,157,331,213,51,271,108,268,320,194,334,135,228
284,221,107,46,270,62,281,94,90,101,207,285,473,161,70,140,192,498,246,38,162,277,161,95,165,63,173,118,138,346,412,721,155,237,68,271,266,37,122,278,191,46,208,86,216,235,164,295,115,185
323,199,93,49,258,61,284,95,93,107,222,312,520,190,140,86,199,529,302,37,161,294,164,115,182,69,185,135,136,365,455,818,174,273,64,270,268,47,141,277,182,63,225,99,252,265,197,328,115,181
346,318,131,68,379,86,352,134,126,165,305,416,620,244,192,199,123,627,360,33,185,395,231,160,223,79,256,164,196,452,568,998,192,377,82,371,342,61,191,401,212,83,317,136,298,340,237,386,145,253
814,772,336,152,912,200,883,301,291,379,776,1024,1450,593,498,529,627,816,895,120,469,958,513,348,593,235,600,435,481,1170,1338,2428,504,874,197,991,848,171,447,1006,609,178,680,350,753,833,567,962,335,602
497,429,200,95,516,103,460,155,177,206,413,585,874,352,246,302,360,895,249,59,286,467,299,203,319,124,345,227,266,639,738,1389,259,484,95,525,504,77,270,561,362,108,443,204,418,499,319,515,178,359
68,57,29,9,63,17,62,20,22,27,58,72,116,33,38,37,33,120,59,4,33,56,40,23,32,15,42,32,29,70,95,175,42,45,16,59,70,11,27,56,30,11,54,25,45,60,35,72,22,39
336,226,114,55,287,65,289,67,100,112,258,308,470,158,162,161,185,469,286,33,70,284,166,117,167,76,186,113,128,321,387,799,157,258,67,268,269,42,128,306,161,44,207,115,225,254,167,292,128,184
540,414,213,95,525,119,480,152,180,217,443,567,940,342,277,294,395,958,467,56,284,269,337,201,347,119,321,231,266,634,752,1425,286,487,127,547,459,76,270,573,353,98,412,223,419,509,342,514,201,341
366,257,113,40,315,62,280,82,101,122,234,313,515,234,161,164,231,513,299,40,166,337,103,126,169,68,199,122,161,353,477,790,163,262,70,314,274,59,124,315,197,58,228,109,235,271,170,324,119,232
217,173,73,43,205,42,199,69,83,87,175,235,357,132,95,115,160,348,203,23,117,201,126,53,121,51,142,92,108,230,340,527,99,193,48,214,191,29,92,220,134,51,173,82,149,183,137,212,81,137
382,306,122,66,336,69,270,91,121,140,279,386,568,224,165,182,223,593,319,32,167,347,169,121,103,74,205,161,170,379,494,891,152,309,83,343,322,64,150,316,225,66,256,126,231,291,204,357,150,239
145,126,55,24,134,29,108,39,39,54,107,135,213,76,63,69,79,235,124,15,76,119,68,51,74,17,77,56,66,164,186,335,70,123,22,111,118,16,54,140,78,31,117,40,83,127,72,144,45,93
420,289,121,80,349,95,320,122,111,134,278,388,561,222,173,185,256,600,345,42,186,321,199,142,205,77,103,161,164,392,539,898,174,349,78,341,318,56,156,336,211,79,267,124,250,343,218,370,134,253
280,181,99,49,243,59,239,67,67,112,213,252,419,150,118,135,164,435,227,32,113,231,122,92,161,56,161,58,121,282,359,640,116,228,53,230,228,43,113,282,175,53,192,94,193,210,160,257,92,161
309,199,106,52,242,68,272,76,78,102,240,285,461,159,138,136,196,481,266,29,128,266,161,108,170,66,164,121,58,300,377,694,148,237,69,264,252,43,123,275,175,48,210,95,197,252,148,267,93,188
643,556,242,105,625,137,600,183,208,263,550,699,1196,405,346,365,452,1170,639,70,321,634,353,230,379,164,392,282,300,408,1004,1811,364,585,143,666,530,116,295,716,438,131,473,247,444,607,364,649,215,411
721,638,289,137,807,160,738,232,274,367,654,857,1341,490,412,455,568,1338,738,95,387,752,477,340,494,186,539,359,377,1004,574,2120,376,710,172,796,718,116,401,842,529,160,595,308,604,703,491,799,297,522
1170,1235,561,209,1414,297,1296,436,449,565,1094,1653,2464,879,721,818,998,2428,1389,175,799,1425,790,527,891,335,898,640,694,1811,2120,1892,740,1324,300,1514,1273,244,734,1543,947,287,1031,546,1061,1334,911,1445,471,936
222,241,114,39,279,64,265,74,110,124,227,282,496,180,155,174,192,504,259,42,157,286,163,99,152,70,174,116,148,364,376,740,74,252,64,300,264,40,139,301,185,56,219,108,204,243,166,262,123,186
449,409,186,70,470,106,458,144,174,190,394,528,873,315,237,273,377,874,484,45,258,487,262,193,309,123,349,228,237,585,710,1324,252,255,121,475,464,77,222,545,293,81,361,164,382,437,272,478,178,300
116,115,56,18,125,30,135,43,39,39,111,135,197,68,68,64,82,197,95,16,67,127,70,48,83,22,78,53,69,143,172,300,64,121,14,136,106,21,59,138,84,19,79,36,107,115,70,134,50,67
498,453,184,78,530,128,502,150,178,223,463,614,973,349,271,270,371,991,525,59,268,547,314,214,343,111,341,230,264,666,796,1514,300,475,136,270,498,86,265,551,338,102,415,192,428,472,335,557,205,375
477,413,175,83,462,100,438,143,146,186,424,506,813,332,266,268,342,848,504,70,269,459,274,191,322,118,318,228,252,530,718,1273,264,464,106,498,231,74,230,474,311,99,387,175,375,458,282,469,193,334
87,66,30,18,87,20,101,23,25,32,79,104,184,49,37,47,61,171,77,11,42,76,59,29,64,16,56,43,43,116,116,244,40,77,21,86,74,4,44,87,61,20,58,34,80,75,57,84,37,58
231,204,95,54,264,54,226,73,85,100,188,281,463,157,122,141,191,447,270,27,128,270,124,92,150,54,156,113,123,295,401,734,139,222,59,265,230,44,59,253,168,47,178,95,201,251,166,244,96,169
425,465,221,88,529,125,529,145,167,221,444,647,1024,331,278,277,401,1006,561,56,306,573,315,220,316,140,336,282,275,716,842,1543,301,545,138,551,474,87,253,274,384,113,393,217,423,530,352,560,202,317
340,283,127,54,321,77,333,93,107,132,244,395,602,213,191,182,212,609,362,30,161,353,197,134,225,78,211,175,175,438,529,947,185,293,84,338,311,61,168,384,110,72,247,133,284,335,205,370,122,201
116,79,43,19,98,20,85,37,44,52,89,108,174,51,46,63,83,178,108,11,44,98,58,51,66,31,79,53,48,131,160,287,56,81,19,102,99,20,47,113,72,15,70,54,84,112,76,105,45,80
358,313,151,68,378,90,374,101,125,168,372,458,694,271,208,225,317,680,443,54,207,412,228,173,256,117,267,192,210,473,595,1031,219,361,79,415,387,58,178,393,247,70,151,151,326,332,259,394,144,260
185,147,82,34,180,51,184,48,59,74,170,210,354,108,86,99,136,350,204,25,115,223,109,82,126,40,124,94,95,247,308,546,108,164,36,192,175,34,95,217,133,54,151,32,161,192,128,195,67,106
473,348,166,85,383,94,375,117,130,183,345,458,699,268,216,252,298,753,418,45,225,419,235,149,231,83,250,193,197,444,604,1061,204,382,107,428,375,80,201,423,284,84,326,161,152,390,245,427,162,273
440,411,182,60,492,104,474,146,157,201,375,552,841,320,235,265,340,833,499,60,254,509,271,183,291,127,343,210,252,607,703,1334,243,437,115,472,458,75,251,530,335,112,332,192,390,203,282,498,166,299
343,286,128,52,331,51,301,96,106,152,284,353,574,194,164,197,237,567,319,35,167,342,170,137,204,72,218,160,148,364,491,911,166,272,70,335,282,57,166,352,205,76,259,128,245,282,92,352,124,218
472,468,205,82,528,111,459,166,179,214,447,600,970,334,295,328,386,962,515,72,292,514,324,212,357,144,370,257,267,649,799,1445,262,478,134,557,469,84,244,560,370,105,394,195,427,498,352,262,209,354
182,173,82,33,174,32,197,59,61,75,173,220,339,135,115,115,145,335,178,22,128,201,119,81,150,45,134,92,93,215,297,471,123,178,50,205,193,37,96,202,122,45,144,67,162,166,124,209,46,127
405,263,144,51,333,73,313,108,125,142,282,347,588,228,185,181,253,602,359,39,184,341,232,137,239,93,253,161,188,411,522,936,186,300,67,375,334,58,169,317,201,80,260,106,273,299,218,354,127,141
