220,494,215,72,516,125,464,200,184,227,444,505,820,394,337,338,340,809,482,80,332,512,354,226,378,151,404,279,307,621,686,1197,239,450,113,493,486,91,258,482,323,114,390,168,421,422,351,479,175,376
494,207,164,82,467,106,423,138,142,170,351,477,795,262,206,245,338,785,488,59,230,443,228,165,266,100,290,192,232,551,662,1259,250,401,105,427,462,66,221,479,309,89,328,163,360,399,268,467,145,313
215,164,35,39,210,52,186,51,69,74,163,212,343,126,93,108,144,370,194,21,103,187,120,82,129,49,128,88,103,241,297,564,106,186,37,212,196,31,94,247,116,40,161,77,176,178,125,218,78,151
72,82,39,5,86,16,85,35,24,36,73,94,166,62,54,47,72,142,88,9,47,77,56,36,71,22,57,40,46,100,129,223,51,79,16,86,83,11,45,89,54,23,43,32,71,76,59,82,46,65
516,467,210,86,267,110,483,153,170,204,425,530,887,318,251,318,347,896,546,58,288,520,302,209,349,111,336,233,233,618,829,1395,283,484,112,562,461,79,255,543,355,100,405,213,417,479,314,482,167,341
125,106,52,16,110,9,96,42,29,50,101,117,190,75,71,64,75,188,127,9,67,122,71,46,80,28,77,56,62,151,179,295,70,85,24,123,117,15,53,122,74,28,90,50,94,101,75,97,45,71
464,423,186,85,483,96,225,161,149,220,414,569,865,308,250,264,328,860,459,62,275,464,299,182,291,105,325,225,257,589,686,1295,252,453,97,534,474,70,252,489,329,105,339,179,368,400,312,490,177,335
200,138,51,35,153,42,161,23,43,76,140,187,267,88,80,89,101,258,135,16,90,134,89,74,96,44,98,67,89,180,217,433,73,149,31,181,143,30,74,153,107,38,133,56,136,158,99,147,67,110
184,142,69,24,170,29,149,43,26,74,139,188,270,104,83,87,115,307,185,13,85,188,99,54,116,28,99,67,91,173,246,443,87,135,38,192,140,31,77,182,126,31,139,66,126,158,122,173,63,104
227,170,74,36,204,50,220,76,74,40,149,220,358,124,106,124,141,355,247,16,133,225,124,93,119,59,147,105,111,257,341,573,93,203,44,228,198,47,99,218,128,41,162,73,182,203,134,198,77,148
444,351,163,73,425,101,414,140,139,149,190,446,772,279,223,247,291,765,445,43,261,404,269,177,292,110,301,186,241,555,632,1148,231,398,89,436,407,73,211,426,291,73,337,160,390,384,285,427,163,268
505,477,212,94,530,117,569,187,188,220,446,317,1000,331,309,333,424,1047,579,72,283,597,344,222,345,142,385,275,269,738,869,1535,283,504,138,628,535,99,290,601,361,111,436,212,437,562,372,580,208,364
820,795,343,166,887,190,865,267,270,358,772,1000,789,584,475,570,630,1474,942,121,512,927,567,338,579,212,652,413,431,1157,1407,2262,444,865,188,1007,821,168,438,935,583,203,695,328,682,844,561,931,315,611
394,262,126,62,318,75,308,88,104,124,279,331,584,108,189,193,240,583,350,28,175,365,202,140,208,79,226,134,178,367,512,900,183,301,68,357,304,57,159,318,207,60,250,135,264,306,203,317,104,223
337,206,93,54,251,71,250,80,83,106,223,309,475,189,80,145,206,473,280,35,148,281,158,108,180,56,189,118,136,323,389,727,133,245,57,298,268,41,145,297,141,47,198,81,215,258,164,274,83,199
338,245,108,47,318,64,264,89,87,124,247,333,570,193,145,73,202,542,288,29,138,297,144,118,184,57,183,120,142,362,433,844,149,274,72,292,285,50,164,337,188,55,240,97,218,266,195,313,109,224
340,338,144,72,347,75,328,101,115,141,291,424,630,240,206,202,123,609,375,40,199,410,208,140,238,80,232,145,179,459,578,974,208,336,82,327,313,79,160,397,249,75,276,138,292,300,237,373,128,223
809,785,370,142,896,188,860,258,307,355,765,1047,1474,583,473,542,609,773,901,103,505,947,544,375,622,243,642,423,452,1132,1444,2429,486,820,193,1001,799,160,453,920,590,198,671,335,718,830,559,933,295,580
482,488,194,88,546,127,459,135,185,247,445,579,942,350,280,288,375,901,246,53,300,446,297,192,331,114,329,238,275,658,716,1395,259,470,98,521,461,77,232,541,349,94,423,203,408,438,324,492,175,329
80,59,21,9,58,9,62,16,13,16,43,72,121,28,35,29,40,103,53,3,33,64,33,25,38,18,39,27,34,76,95,181,30,56,10,70,57,11,33,64,51,10,51,28,46,53,37,67,26,44
332,230,103,47,288,67,275,90,85,133,261,283,512,175,148,138,199,505,300,33,96,316,174,97,175,61,171,140,140,331,412,765,136,259,69,285,262,48,135,313,192,52,243,99,243,275,167,285,113,196
512,443,187,77,520,122,464,134,188,225,404,597,927,365,281,297,410,947,446,64,316,267,315,198,341,113,330,261,267,669,744,1378,275,480,115,555,475,77,262,534,335,111,376,223,402,455,338,515,193,312
354,228,120,56,302,71,299,89,99,124,269,344,567,202,158,144,208,544,297,33,174,315,100,119,202,70,200,133,134,400,460,835,185,292,72,291,300,39,140,314,175,61,213,95,242,279,199,322,104,195
226,165,82,36,209,46,182,74,54,93,177,222,338,140,108,118,140,375,192,25,97,198,119,28,142,53,151,94,125,238,301,551,103,203,45,214,183,39,94,217,129,39,148,87,173,190,124,234,72,134
378,266,129,71,349,80,291,96,116,119,292,345,579,208,180,184,238,622,331,38,175,341,202,142,102,73,233,151,157,390,517,929,165,290,84,346,314,64,155,359,210,74,267,114,241,337,208,372,148,235
151,100,49,22,111,28,105,44,28,59,110,142,212,79,56,57,80,243,114,18,61,113,70,53,73,14,82,52,63,155,173,326,74,120,38,137,124,23,62,122,85,18,94,45,90,115,86,136,41,77
404,290,128,57,336,77,325,98,99,147,301,385,652,226,189,183,232,642,329,39,171,330,200,151,233,82,118,156,174,439,509,952,174,303,81,358,320,60,153,361,238,65,267,139,285,348,207,375,122,225
279,192,88,40,233,56,225,67,67,105,186,275,413,134,118,120,145,423,238,27,140,261,133,94,151,52,156,58,131,306,369,676,134,195,51,225,214,37,113,242,158,38,173,99,194,210,135,263,100,172
307,232,103,46,233,62,257,89,91,111,241,269,431,178,136,142,179,452,275,34,140,267,134,125,157,63,174,131,59,301,372,681,119,248,63,264,224,43,133,249,181,56,177,108,201,213,165,256,99,181
621,551,241,100,618,151,589,180,173,257,555,738,1157,367,323,362,459,1132,658,76,331,669,400,238,390,155,439,306,301,379,930,1790,318,588,144,661,566,100,322,647,410,126,494,260,508,583,386,628,226,429
686,662,297,129,829,179,686,217,246,341,632,869,1407,512,389,433,578,1444,716,95,412,744,460,301,517,173,509,369,372,930,589,2114,388,725,168,816,701,128,392,840,502,144,573,303,581,716,490,759,276,516
1197,1259,564,223,1395,295,1295,433,443,573,1148,1535,2262,900,727,844,974,2429,1395,181,765,1378,835,551,929,326,952,676,681,1790,2114,1830,722,1343,316,1561,1249,216,691,1454,914,301,1027,529,1093,1288,865,1400,445,919
239,250,106,51,283,70,252,73,87,93,231,283,444,183,133,149,208,486,259,30,136,275,185,103,165,74,174,134,119,318,388,722,65,248,57,292,232,43,117,285,170,48,183,101,213,250,176,269,91,184
450,401,186,79,484,85,453,149,135,203,398,504,865,301,245,274,336,820,470,56,259,480,292,203,290,120,303,195,248,588,725,1343,248,213,126,477,390,76,246,523,333,110,362,187,351,453,290,482,189,313
113,105,37,16,112,24,97,31,38,44,89,138,188,68,57,72,82,193,98,10,69,115,72,45,84,38,81,51,63,144,168,316,57,126,15,131,91,15,57,118,73,25,79,31,93,104,79,110,30,78
493,427,212,86,562,123,534,181,192,228,436,628,1007,357,298,292,327,1001,521,70,285,555,291,214,346,137,358,225,264,661,816,1561,292,477,131,261,489,88,263,575,353,111,420,193,434,447,339,606,224,366
486,462,196,83,461,117,474,143,140,198,407,535,821,304,268,285,313,799,461,57,262,475,300,183,314,124,320,214,224,566,701,1249,232,390,91,489,219,64,242,482,280,114,345,167,380,401,289,477,175,335
91,66,31,11,79,15,70,30,31,47,73,99,168,57,41,50,79,160,77,11,48,77,39,39,64,23,60,37,43,100,128,216,43,76,15,88,64,8,53,102,58,16,67,34,64,72,53,72,24,54
258,221,94,45,255,53,252,74,77,99,211,290,438,159,145,164,160,453,232,33,135,262,140,94,155,62,153,113,133,322,392,691,117,246,57,263,242,53,59,256,184,56,192,95,234,228,147,254,106,172
482,479,247,89,543,122,489,153,182,218,426,601,935,318,297,337,397,920,541,64,313,534,314,217,359,122,361,242,249,647,840,1454,285,523,118,575,482,102,256,296,349,98,419,203,415,526,332,537,198,376
323,309,116,54,355,74,329,107,126,128,291,361,583,207,141,188,249,590,349,51,192,335,175,129,210,85,238,158,181,410,502,914,170,333,73,353,280,58,184,349,101,69,234,137,252,306,188,317,125,230
114,89,40,23,100,28,105,38,31,41,73,111,203,60,47,55,75,198,94,10,52,111,61,39,74,18,65,38,56,126,144,301,48,110,25,111,114,16,56,98,69,12,80,37,88,103,51,100,50,70
390,328,161,43,405,90,339,133,139,162,337,436,695,250,198,240,276,671,423,51,243,376,213,148,267,94,267,173,177,494,573,1027,183,362,79,420,345,67,192,419,234,80,163,157,290,357,236,351,124,260
168,163,77,32,213,50,179,56,66,73,160,212,328,135,81,97,138,335,203,28,99,223,95,87,114,45,139,99,108,260,303,529,101,187,31,193,167,34,95,203,137,37,157,46,158,160,107,195,47,149
421,360,176,71,417,94,368,136,126,182,390,437,682,264,215,218,292,718,408,46,243,402,242,173,241,90,285,194,201,508,581,1093,213,351,93,434,380,64,234,415,252,88,290,158,157,371,248,429,157,284
422,399,178,76,479,101,400,158,158,203,384,562,844,306,258,266,300,830,438,53,275,455,279,190,337,115,348,210,213,583,716,1288,250,453,104,447,401,72,228,526,306,103,357,160,371,188,318,452,170,308
351,268,125,59,314,75,312,99,122,134,285,372,561,203,164,195,237,559,324,37,167,338,199,124,208,86,207,135,165,386,490,865,176,290,79,339,289,53,147,332,188,51,236,107,248,318,95,326,114,206
479,467,218,82,482,97,490,147,173,198,427,580,931,317,274,313,373,933,492,67,285,515,322,234,372,136,375,263,256,628,759,1400,269,482,110,606,477,72,254,537,317,100,351,195,429,452,326,246,179,367
175,145,78,46,167,45,177,67,63,77,163,208,315,104,83,109,128,295,175,26,113,193,104,72,148,41,122,100,99,226,276,445,91,189,30,224,175,24,106,198,125,50,124,47,157,170,114,179,26,130
376,313,151,65,341,71,335,110,104,148,268,364,611,223,199,224,223,580,329,44,196,312,195,134,235,77,225,172,181,429,516,919,184,313,78,366,335,54,172,376,230,70,260,149,284,308,206,367,130,102
