247,415,201,84,507,97,476,183,169,270,485,461,822,386,303,335,315,819,508,66,341,495,340,225,369,166,402,258,303,624,654,1193,237,459,121,496,490,70,234,464,318,117,351,173,451,404,318,499,176,385
415,171,149,82,439,94,418,100,143,174,381,515,798,284,235,248,309,782,406,56,233,430,248,169,295,114,282,203,209,512,609,1228,223,402,99,467,452,74,203,432,262,83,331,158,357,391,257,437,171,293
201,149,35,24,216,32,190,62,59,80,173,249,368,121,93,117,140,388,213,15,112,200,98,83,129,40,141,86,85,255,303,587,105,180,58,196,201,29,105,194,131,50,149,73,143,187,121,215,73,141
84,82,24,10,98,18,77,29,29,49,85,89,145,61,52,60,61,146,94,10,58,89,49,43,70,23,73,31,41,122,140,200,48,92,22,79,78,13,34,93,52,23,62,31,71,81,59,83,24,69
507,439,216,98,260,114,470,160,153,196,416,591,856,337,284,313,333,874,531,64,313,544,308,191,306,125,356,244,257,588,754,1352,253,514,120,564,476,54,267,511,350,97,401,166,385,460,314,505,202,367
97,94,32,18,114,8,99,33,37,47,89,147,185,76,49,67,85,170,110,17,61,119,72,50,76,28,80,47,57,128,169,295,64,109,27,119,108,18,48,130,74,21,70,35,90,107,60,103,43,85
476,418,190,77,470,99,205,140,159,203,369,542,846,300,237,265,368,854,472,63,277,484,255,198,298,141,350,219,241,618,682,1316,255,428,106,523,447,74,220,524,318,102,341,169,365,455,286,443,189,331
183,100,62,29,160,33,140,20,57,56,127,165,281,92,88,85,115,275,155,21,81,163,101,61,99,37,87,77,88,159,234,443,92,144,35,155,150,21,73,161,92,35,127,60,107,132,87,164,77,89
169,143,59,29,153,37,159,57,27,69,152,185,301,109,77,84,113,296,152,18,75,177,77,49,103,38,101,53,79,213,249,470,67,133,46,179,156,24,81,161,102,33,132,73,125,144,101,151,61,113
270,174,80,49,196,47,203,56,69,39,153,232,390,149,119,124,152,382,204,25,116,248,130,93,133,61,131,105,103,267,296,577,125,192,47,234,178,30,99,206,127,39,153,70,200,205,138,216,73,125
485,381,173,85,416,89,369,127,152,153,170,497,748,269,246,251,294,745,424,53,247,433,250,179,291,104,290,184,234,512,610,1157,249,390,114,440,401,65,208,447,294,85,314,167,353,390,284,426,169,309
461,515,249,89,591,147,542,165,185,232,497,326,963,364,315,304,445,984,592,98,328,570,352,221,372,158,414,224,277,726,876,1610,316,523,133,613,509,91,287,608,374,127,412,237,463,528,333,582,227,368
822,798,368,145,856,185,846,281,301,390,748,963,771,598,498,511,663,1407,1027,131,532,977,548,374,619,210,623,422,447,1136,1377,2470,489,813,208,1003,824,141,445,976,614,195,653,369,687,856,581,913,340,610
386,284,121,61,337,76,300,92,109,149,269,364,598,106,152,165,254,616,330,47,189,343,190,138,228,79,234,154,165,402,505,927,181,320,71,360,293,41,159,367,197,63,251,120,261,309,233,310,122,207
303,235,93,52,284,49,237,88,77,119,246,315,498,152,53,125,204,501,274,48,130,288,191,111,183,76,182,122,136,323,396,696,150,272,53,284,264,42,134,296,159,56,185,119,195,258,165,244,94,204
335,248,117,60,313,67,265,85,84,124,251,304,511,165,125,70,204,521,240,41,150,282,165,115,189,69,177,156,137,340,427,806,159,277,48,306,256,49,147,309,190,57,232,116,218,258,182,288,108,199
315,309,140,61,333,85,368,115,113,152,294,445,663,254,204,204,104,623,345,46,199,360,196,163,229,97,249,183,170,445,532,1055,187,340,78,325,319,66,177,374,240,65,286,144,318,350,215,403,123,253
819,782,388,146,874,170,854,275,296,382,745,984,1407,616,501,521,623,777,964,130,505,968,506,371,618,220,637,417,448,1085,1376,2435,470,802,203,993,793,153,447,941,622,173,647,375,696,845,573,938,347,600
508,406,213,94,531,110,472,155,152,204,424,592,1027,330,274,240,345,964,252,61,305,487,295,205,339,128,346,238,250,655,791,1526,290,493,119,547,490,76,232,509,336,94,366,162,427,492,353,506,190,336
66,56,15,10,64,17,63,21,18,25,53,98,131,47,48,41,46,130,61,4,41,73,38,36,35,18,53,34,34,92,96,200,34,48,16,71,64,12,33,61,37,16,45,21,56,51,34,58,34,52
341,233,112,58,313,61,277,81,75,116,247,328,532,189,130,150,199,505,305,41,76,306,152,106,175,63,163,115,137,345,437,795,146,271,70,282,311,52,130,272,182,46,239,97,191,264,158,295,97,187
495,430,200,89,544,119,484,163,177,248,433,570,977,343,288,282,360,968,487,73,306,269,297,206,355,139,355,250,267,672,723,1440,271,504,114,548,467,82,249,527,318,111,363,195,431,435,318,487,185,356
340,248,98,49,308,72,255,101,77,130,250,352,548,190,191,165,196,506,295,38,152,297,96,109,190,65,184,155,140,395,429,850,161,273,72,288,289,52,161,318,186,45,244,134,239,285,196,294,113,218
225,169,83,43,191,50,198,61,49,93,179,221,374,138,111,115,163,371,205,36,106,206,109,41,140,45,139,110,95,259,281,561,126,174,45,242,197,28,100,210,117,43,148,66,162,174,135,219,84,145
369,295,129,70,306,76,298,99,103,133,291,372,619,228,183,189,229,618,339,35,175,355,190,140,131,81,231,152,161,398,503,943,172,306,84,342,333,61,163,374,201,68,233,130,264,296,231,365,133,237
166,114,40,23,125,28,141,37,38,61,104,158,210,79,76,69,97,220,128,18,63,139,65,45,81,16,68,57,60,139,181,364,67,120,30,134,118,19,69,140,84,24,92,54,85,105,77,142,43,96
402,282,141,73,356,80,350,87,101,131,290,414,623,234,182,177,249,637,346,53,163,355,184,139,231,68,127,165,168,431,520,991,167,325,76,357,334,53,182,367,219,68,256,133,252,284,214,360,115,238
258,203,86,31,244,47,219,77,53,105,184,224,422,154,122,156,183,417,238,34,115,250,155,110,152,57,165,53,110,303,373,657,128,231,55,232,234,32,118,247,155,51,205,73,177,242,150,226,89,160
303,209,85,41,257,57,241,88,79,103,234,277,447,165,136,137,170,448,250,34,137,267,140,95,161,60,168,110,67,301,391,669,136,242,59,248,238,36,118,270,158,49,219,96,193,242,159,274,93,189
624,512,255,122,588,128,618,159,213,267,512,726,1136,402,323,340,445,1085,655,92,345,672,395,259,398,139,431,303,301,381,952,1755,323,581,142,672,574,101,287,664,411,137,495,222,496,543,361,646,254,414
654,609,303,140,754,169,682,234,249,296,610,876,1377,505,396,427,532,1376,791,96,437,723,429,281,503,181,520,373,391,952,586,2105,403,708,180,792,720,134,379,760,483,163,589,299,590,683,468,756,284,498
1193,1228,587,200,1352,295,1316,443,470,577,1157,1610,2470,927,696,806,1055,2435,1526,200,795,1440,850,561,943,364,991,657,669,1755,2105,1903,722,1252,327,1543,1299,247,681,1471,976,289,1056,532,1071,1242,899,1418,499,928
237,223,105,48,253,64,255,92,67,125,249,316,489,181,150,159,187,470,290,34,146,271,161,126,172,67,167,128,136,323,403,722,59,238,68,303,266,45,125,295,195,46,194,106,207,262,176,288,90,192
459,402,180,92,514,109,428,144,133,192,390,523,813,320,272,277,340,802,493,48,271,504,273,174,306,120,325,231,242,581,708,1252,238,211,102,479,410,58,233,490,308,113,348,173,359,454,297,481,168,321
121,99,58,22,120,27,106,35,46,47,114,133,208,71,53,48,78,203,119,16,70,114,72,45,84,30,76,55,59,142,180,327,68,102,14,120,99,15,57,144,89,23,74,38,93,109,71,112,48,80
496,467,196,79,564,119,523,155,179,234,440,613,1003,360,284,306,325,993,547,71,282,548,288,242,342,134,357,232,248,672,792,1543,303,479,120,291,517,75,248,589,368,109,469,206,480,510,313,569,216,351
490,452,201,78,476,108,447,150,156,178,401,509,824,293,264,256,319,793,490,64,311,467,289,197,333,118,334,234,238,574,720,1299,266,410,99,517,251,67,236,497,332,95,367,156,394,437,288,470,172,314
70,74,29,13,54,18,74,21,24,30,65,91,141,41,42,49,66,153,76,12,52,82,52,28,61,19,53,32,36,101,134,247,45,58,15,75,67,4,48,76,75,19,61,27,57,83,52,74,36,59
234,203,105,34,267,48,220,73,81,99,208,287,445,159,134,147,177,447,232,33,130,249,161,100,163,69,182,118,118,287,379,681,125,233,57,248,236,48,51,291,172,46,186,100,190,229,149,252,98,179
464,432,194,93,511,130,524,161,161,206,447,608,976,367,296,309,374,941,509,61,272,527,318,210,374,140,367,247,270,664,760,1471,295,490,144,589,497,76,291,272,337,102,386,187,447,504,351,539,212,343
318,262,131,52,350,74,318,92,102,127,294,374,614,197,159,190,240,622,336,37,182,318,186,117,201,84,219,155,158,411,483,976,195,308,89,368,332,75,172,337,100,71,228,116,250,320,184,316,119,219
117,83,50,23,97,21,102,35,33,39,85,127,195,63,56,57,65,173,94,16,46,111,45,43,68,24,68,51,49,137,163,289,46,113,23,109,95,19,46,102,71,8,96,34,79,99,63,92,46,66
351,331,149,62,401,70,341,127,132,153,314,412,653,251,185,232,286,647,366,45,239,363,244,148,233,92,256,205,219,495,589,1056,194,348,74,469,367,61,186,386,228,96,148,145,300,348,245,396,135,255
173,158,73,31,166,35,169,60,73,70,167,237,369,120,119,116,144,375,162,21,97,195,134,66,130,54,133,73,96,222,299,532,106,173,38,206,156,27,100,187,116,34,145,34,152,173,124,188,72,123
451,357,143,71,385,90,365,107,125,200,353,463,687,261,195,218,318,696,427,56,191,431,239,162,264,85,252,177,193,496,590,1071,207,359,93,480,394,57,190,447,250,79,300,152,170,374,270,406,140,301
404,391,187,81,460,107,455,132,144,205,390,528,856,309,258,258,350,845,492,51,264,435,285,174,296,105,284,242,242,543,683,1242,262,454,109,510,437,83,229,504,320,99,348,173,374,201,325,474,169,322
318,257,121,59,314,60,286,87,101,138,284,333,581,233,165,182,215,573,353,34,158,318,196,135,231,77,214,150,159,361,468,899,176,297,71,313,288,52,149,351,184,63,245,124,270,325,94,317,107,215
499,437,215,83,505,103,443,164,151,216,426,582,913,310,244,288,403,938,506,58,295,487,294,219,365,142,360,226,274,646,756,1418,288,481,112,569,470,74,252,539,316,92,396,188,406,474,317,254,201,358
176,171,73,24,202,43,189,77,61,73,169,227,340,122,94,108,123,347,190,34,97,185,113,84,133,43,115,89,93,254,284,499,90,168,48,216,172,36,98,212,119,46,135,72,140,169,107,201,30,133
385,293,141,69,367,85,331,89,113,125,309,368,610,207,204,199,253,600,336,52,187,356,218,145,237,96,238,160,189,414,498,928,192,321,80,351,314,59,179,343,219,66,255,123,301,322,215,358,133,127
