284,455,233,77,503,107,472,156,180,248,450,538,887,382,350,372,377,835,535,82,329,561,365,202,363,145,361,276,322,619,697,1176,224,523,103,534,517,83,254,482,301,107,380,165,450,434,346,493,153,380
455,168,174,83,469,113,418,130,138,186,395,506,796,285,215,242,309,832,441,43,229,463,262,167,273,105,268,191,203,534,688,1211,251,399,93,446,435,86,226,465,294,79,352,146,332,419,272,499,169,312
233,174,32,39,207,48,197,56,68,92,173,208,386,115,110,118,129,364,200,35,111,216,111,70,104,43,132,89,83,259,302,599,118,194,50,222,185,46,97,210,130,56,161,73,148,176,117,212,75,134
77,83,39,4,85,17,76,26,28,35,62,81,135,54,53,57,51,138,79,8,43,84,51,41,58,23,65,37,48,117,120,211,39,59,26,101,75,11,40,96,59,9,57,37,84,77,54,84,38,63
503,469,207,85,250,104,494,152,182,212,458,606,928,311,275,297,391,925,552,70,277,517,298,203,357,129,357,238,241,646,787,1460,295,446,138,533,472,85,270,523,347,98,409,185,393,512,348,524,200,355
107,113,48,17,104,9,98,29,38,41,77,127,203,87,56,69,81,206,109,16,70,120,64,42,76,32,91,53,52,147,157,265,53,103,33,135,98,14,55,105,82,18,80,48,110,90,68,118,51,85
472,418,197,76,494,98,231,141,161,215,438,530,890,324,260,290,329,868,432,71,260,455,282,195,338,132,357,231,229,602,693,1327,244,456,109,529,459,77,206,487,313,104,350,186,391,441,283,487,175,331
156,130,56,26,152,29,141,24,49,66,128,187,246,101,84,92,124,264,167,27,99,160,93,56,100,48,127,80,83,175,202,371,71,162,33,165,140,22,71,139,89,25,106,59,117,144,90,147,42,122
180,138,68,28,182,38,161,49,26,78,124,179,301,98,84,98,126,288,172,24,83,185,93,68,103,49,117,84,93,226,249,462,94,141,39,173,146,28,88,186,120,42,137,53,129,148,98,173,48,111
248,186,92,35,212,41,215,66,78,40,151,249,334,142,111,114,154,361,212,23,110,203,127,96,150,52,135,111,127,255,323,567,108,186,37,225,204,38,104,212,146,40,170,72,169,193,128,214,77,151
450,395,173,62,458,77,438,128,124,151,161,531,735,295,233,253,331,750,467,40,248,446,251,173,279,114,294,194,204,544,656,1141,248,376,87,474,414,76,208,452,308,82,345,160,353,384,280,430,153,293
538,506,208,81,606,127,530,187,179,249,531,331,1014,354,265,330,417,1011,584,67,308,621,308,242,386,154,393,252,270,679,894,1627,285,519,131,597,543,105,290,607,379,120,466,229,467,536,367,628,225,364
887,796,386,135,928,203,890,246,301,334,735,1014,817,537,468,527,675,1513,931,126,497,952,565,373,622,209,623,413,456,1178,1375,2549,492,840,194,1027,856,164,420,974,635,204,700,335,738,882,585,1008,342,612
382,285,115,54,311,87,324,101,98,142,295,354,537,106,165,197,229,575,311,37,191,346,200,143,232,75,201,170,152,367,452,846,168,295,71,360,323,67,157,360,212,78,262,123,264,299,218,366,115,222
350,215,110,53,275,56,260,84,84,111,233,265,468,165,56,150,169,458,246,26,145,228,139,127,190,64,162,120,135,336,397,713,132,237,52,291,235,42,121,266,179,62,212,71,210,232,150,317,80,188
372,242,118,57,297,69,290,92,98,114,253,330,527,197,150,81,230,538,288,26,140,288,175,129,187,70,192,130,158,327,405,792,171,261,49,302,262,39,138,333,190,56,244,92,223,244,179,348,104,205
377,309,129,51,391,81,329,124,126,154,331,417,675,229,169,230,151,633,366,39,199,393,245,149,220,100,252,152,190,434,518,1033,212,360,80,377,333,62,194,367,238,76,260,116,274,333,238,364,122,223
835,832,364,138,925,206,868,264,288,361,750,1011,1513,575,458,538,633,854,928,92,492,909,530,362,610,243,649,398,467,1184,1410,2553,501,807,191,997,832,183,459,987,599,190,689,336,741,886,542,980,317,628
535,441,200,79,552,109,432,167,172,212,467,584,931,311,246,288,366,928,221,70,283,482,294,208,311,121,292,220,256,671,717,1370,266,441,117,521,480,85,252,531,335,117,383,199,393,467,344,510,198,334
82,43,35,8,70,16,71,27,24,23,40,67,126,37,26,26,39,92,70,3,36,68,30,22,41,25,35,30,27,65,121,179,25,52,15,69,54,5,36,68,60,14,43,15,45,54,32,80,22,37
329,229,111,43,277,70,260,99,83,110,248,308,497,191,145,140,199,492,283,36,86,310,162,123,186,65,174,124,143,348,414,756,138,230,68,290,283,54,159,286,172,72,219,110,241,263,144,296,118,199
561,463,216,84,517,120,455,160,185,203,446,621,952,346,228,288,393,909,482,68,310,249,308,213,323,126,317,233,269,649,769,1437,270,460,111,550,472,97,264,539,355,125,387,180,376,482,345,498,202,365
365,262,111,51,298,64,282,93,93,127,251,308,565,200,139,175,245,530,294,30,162,308,88,130,196,86,204,139,160,366,446,815,184,272,64,333,299,56,151,288,171,63,230,109,222,277,190,337,115,182
202,167,70,41,203,42,195,56,68,96,173,242,373,143,127,129,149,362,208,22,123,213,130,42,126,52,132,100,122,262,283,532,111,210,46,237,216,38,93,227,143,40,162,73,146,184,130,179,82,133
363,273,104,58,357,76,338,100,103,150,279,386,622,232,190,187,220,610,311,41,186,323,196,126,97,85,213,150,166,412,497,950,182,307,73,342,332,57,159,365,209,64,260,103,230,294,204,362,129,207
145,105,43,23,129,32,132,48,49,52,114,154,209,75,64,70,100,243,121,25,65,126,86,52,85,21,85,66,69,147,200,366,89,128,28,122,123,21,62,139,76,24,103,54,108,116,69,129,41,83
361,268,132,65,357,91,357,127,117,135,294,393,623,201,162,192,252,649,292,35,174,317,204,132,213,85,112,159,168,374,508,954,184,306,78,335,323,56,172,381,204,64,262,145,256,317,228,307,122,229
276,191,89,37,238,53,231,80,84,111,194,252,413,170,120,130,152,398,220,30,124,233,139,100,150,66,159,48,117,289,356,644,137,249,56,253,226,36,102,242,151,49,185,69,202,232,130,269,91,166
322,203,83,48,241,52,229,83,93,127,204,270,456,152,135,158,190,467,256,27,143,269,160,122,166,69,168,117,57,290,357,716,138,226,54,277,239,34,136,232,158,45,192,91,179,245,153,248,91,168
619,534,259,117,646,147,602,175,226,255,544,679,1178,367,336,327,434,1184,671,65,348,649,366,262,412,147,374,289,290,400,994,1862,385,616,169,669,589,106,308,709,468,136,478,228,500,650,407,665,284,424
697,688,302,120,787,157,693,202,249,323,656,894,1375,452,397,405,518,1410,717,121,414,769,446,283,497,200,508,356,357,994,587,2128,416,688,165,818,677,156,340,812,507,151,609,278,566,722,510,735,302,495
1176,1211,599,211,1460,265,1327,371,462,567,1141,1627,2549,846,713,792,1033,2553,1370,179,756,1437,815,532,950,366,954,644,716,1862,2128,1992,754,1348,313,1541,1309,274,676,1549,944,287,1027,545,1120,1307,926,1408,515,920
224,251,118,39,295,53,244,71,94,108,248,285,492,168,132,171,212,501,266,25,138,270,184,111,182,89,184,137,138,385,416,754,64,254,58,324,254,49,132,285,208,52,205,97,218,254,176,279,103,187
523,399,194,59,446,103,456,162,141,186,376,519,840,295,237,261,360,807,441,52,230,460,272,210,307,128,306,249,226,616,688,1348,254,230,112,534,439,84,239,481,322,99,363,174,372,453,294,481,160,349
103,93,50,26,138,33,109,33,39,37,87,131,194,71,52,49,80,191,117,15,68,111,64,46,73,28,78,56,54,169,165,313,58,112,14,108,110,9,60,114,73,24,86,39,88,116,70,110,38,75
534,446,222,101,533,135,529,165,173,225,474,597,1027,360,291,302,377,997,521,69,290,550,333,237,342,122,335,253,277,669,818,1541,324,534,108,262,513,97,272,589,353,105,449,178,419,510,348,560,198,353
517,435,185,75,472,98,459,140,146,204,414,543,856,323,235,262,333,832,480,54,283,472,299,216,332,123,323,226,239,589,677,1309,254,439,110,513,224,87,225,514,304,95,347,156,410,451,287,498,183,331
83,86,46,11,85,14,77,22,28,38,76,105,164,67,42,39,62,183,85,5,54,97,56,38,57,21,56,36,34,106,156,274,49,84,9,97,87,9,51,116,55,22,56,35,67,84,44,78,30,58
254,226,97,40,270,55,206,71,88,104,208,290,420,157,121,138,194,459,252,36,159,264,151,93,159,62,172,102,136,308,340,676,132,239,60,272,225,51,70,242,155,44,192,95,180,224,154,259,92,178
482,465,210,96,523,105,487,139,186,212,452,607,974,360,266,333,367,987,531,68,286,539,288,227,365,139,381,242,232,709,812,1549,285,481,114,589,514,116,242,287,376,101,419,216,425,522,343,580,196,376
301,294,130,59,347,82,313,89,120,146,308,379,635,212,179,190,238,599,335,60,172,355,171,143,209,76,204,151,158,468,507,944,208,322,73,353,304,55,155,376,110,54,296,140,238,347,181,364,124,238
107,79,56,9,98,18,104,25,42,40,82,120,204,78,62,56,76,190,117,14,72,125,63,40,64,24,64,49,45,136,151,287,52,99,24,105,95,22,44,101,54,15,71,44,92,108,74,115,51,74
380,352,161,57,409,80,350,106,137,170,345,466,700,262,212,244,260,689,383,43,219,387,230,162,260,103,262,185,192,478,609,1027,205,363,86,449,347,56,192,419,296,71,135,127,295,374,254,417,147,248
165,146,73,37,185,48,186,59,53,72,160,229,335,123,71,92,116,336,199,15,110,180,109,73,103,54,145,69,91,228,278,545,97,174,39,178,156,35,95,216,140,44,127,34,129,177,97,214,69,144
450,332,148,84,393,110,391,117,129,169,353,467,738,264,210,223,274,741,393,45,241,376,222,146,230,108,256,202,179,500,566,1120,218,372,88,419,410,67,180,425,238,92,295,129,144,341,246,403,127,275
434,419,176,77,512,90,441,144,148,193,384,536,882,299,232,244,333,886,467,54,263,482,277,184,294,116,317,232,245,650,722,1307,254,453,116,510,451,84,224,522,347,108,374,177,341,203,282,453,175,298
346,272,117,54,348,68,283,90,98,128,280,367,585,218,150,179,238,542,344,32,144,345,190,130,204,69,228,130,153,407,510,926,176,294,70,348,287,44,154,343,181,74,254,97,246,282,84,336,113,233
493,499,212,84,524,118,487,147,173,214,430,628,1008,366,317,348,364,980,510,80,296,498,337,179,362,129,307,269,248,665,735,1408,279,481,110,560,498,78,259,580,364,115,417,214,403,453,336,286,214,337
153,169,75,38,200,51,175,42,48,77,153,225,342,115,80,104,122,317,198,22,118,202,115,82,129,41,122,91,91,284,302,515,103,160,38,198,183,30,92,196,124,51,147,69,127,175,113,214,27,123
380,312,134,63,355,85,331,122,111,151,293,364,612,222,188,205,223,628,334,37,199,365,182,133,207,83,229,166,168,424,495,920,187,349,75,353,331,58,178,376,238,74,248,144,275,298,233,337,123,116
