252,468,233,85,529,101,475,177,160,222,441,552,850,345,351,352,370,871,530,69,306,544,366,217,376,162,402,304,281,628,713,1202,253,490,109,536,503,72,239,475,296,109,373,175,462,424,319,517,189,375
468,183,155,76,464,95,425,117,146,190,354,458,808,277,215,251,310,811,412,41,222,405,246,190,286,91,269,176,195,562,624,1242,274,430,105,463,442,66,225,433,292,79,357,141,315,401,278,433,182,297
233,155,39,32,222,44,193,51,62,94,159,236,388,139,99,101,134,368,189,21,116,200,99,69,134,49,114,83,88,255,292,575,108,215,61,204,182,29,108,226,141,40,170,86,154,187,129,221,96,137
85,76,32,6,73,20,77,27,29,39,64,97,137,55,57,42,70,140,87,17,58,78,58,37,61,24,58,41,39,106,120,221,42,80,20,100,78,12,50,87,61,21,55,32,68,86,54,68,42,69
529,464,222,73,240,90,484,179,180,185,405,555,940,325,296,314,374,910,482,59,275,512,297,188,334,138,346,228,255,609,790,1467,292,481,104,598,483,92,287,587,384,92,335,210,418,510,345,523,187,342
101,95,44,20,90,9,111,34,36,47,96,133,193,70,75,56,72,196,108,15,75,98,70,37,88,25,82,52,52,162,152,298,53,98,21,125,113,18,55,116,65,23,85,37,94,111,68,108,42,74
475,425,193,77,484,111,222,143,154,211,417,531,860,318,249,260,348,841,505,63,288,474,297,183,335,118,295,224,241,596,754,1338,256,434,92,523,466,73,259,524,327,85,372,178,368,445,296,468,191,332
177,117,51,27,179,34,143,25,55,74,144,171,258,100,81,100,112,239,145,29,82,167,70,63,108,43,94,72,65,178,228,373,66,132,43,141,154,34,67,170,110,26,103,54,124,146,95,172,57,104
160,146,62,29,180,36,154,55,32,92,161,179,285,101,90,96,118,281,169,21,90,152,80,55,105,41,112,59,82,231,267,496,84,155,39,177,154,30,79,182,99,36,118,53,128,160,115,148,48,116
222,190,94,39,185,47,211,74,92,35,162,211,363,128,131,145,155,375,222,22,120,218,129,76,129,54,143,90,109,265,325,535,99,186,43,198,192,41,109,218,149,43,164,72,157,203,106,201,77,129
441,354,159,64,405,96,417,144,161,162,158,478,769,240,255,266,315,745,432,54,260,456,262,155,305,112,318,212,205,542,669,1128,229,393,88,464,406,83,211,443,299,90,348,160,333,377,262,428,144,306
552,458,236,97,555,133,531,171,179,211,478,344,1093,341,308,331,414,1075,578,85,316,592,352,215,390,137,394,270,269,758,860,1623,310,549,136,591,534,96,279,605,365,127,445,227,484,576,352,569,221,368
850,808,388,137,940,193,860,258,285,363,769,1093,876,583,521,558,641,1580,968,122,492,916,524,347,602,230,618,370,433,1150,1395,2510,517,842,195,937,831,145,447,978,580,185,701,376,729,819,641,972,357,591
345,277,139,55,325,70,318,100,101,128,240,341,583,94,185,190,228,595,326,50,175,318,205,131,203,82,216,154,174,403,516,873,180,305,71,362,306,43,172,353,230,68,260,134,245,290,189,351,134,239
351,215,99,57,296,75,249,81,90,131,255,308,521,185,78,160,189,460,249,34,135,274,158,120,170,81,186,116,142,297,399,697,130,267,80,273,269,49,143,297,177,47,206,94,190,221,173,257,114,192
352,251,101,42,314,56,260,100,96,145,266,331,558,190,160,83,213,509,281,32,151,306,191,108,180,76,163,128,147,323,414,815,178,266,63,283,254,43,142,316,182,57,234,95,224,256,191,285,123,204
370,310,134,70,374,72,348,112,118,155,315,414,641,228,189,213,140,657,385,56,193,373,207,118,225,82,229,152,171,491,548,989,184,337,86,385,329,51,195,394,240,64,277,145,283,338,225,412,134,239
871,811,368,140,910,196,841,239,281,375,745,1075,1580,595,460,509,657,809,912,110,502,943,516,367,602,220,611,403,460,1100,1455,2538,491,814,207,954,853,184,434,986,593,178,653,339,714,875,633,969,334,585
530,412,189,87,482,108,505,145,169,222,432,578,968,326,249,281,385,912,256,59,281,494,312,212,336,134,338,201,278,610,784,1423,253,478,108,519,483,77,276,523,339,109,415,179,400,435,312,554,181,374
69,41,21,17,59,15,63,29,21,22,54,85,122,50,34,32,56,110,59,3,25,63,35,25,42,18,34,31,29,78,102,194,31,69,11,65,64,15,37,80,46,9,39,23,51,56,43,59,24,44
306,222,116,58,275,75,288,82,90,120,260,316,492,175,135,151,193,502,281,25,74,283,150,102,179,76,180,121,129,331,442,735,121,240,58,276,255,38,146,289,164,48,236,86,219,283,161,297,94,183
544,405,200,78,512,98,474,167,152,218,456,592,916,318,274,306,373,943,494,63,283,267,297,195,346,143,355,219,256,598,795,1416,243,473,106,590,481,80,290,524,360,111,377,184,379,424,329,568,168,342
366,246,99,58,297,70,297,70,80,129,262,352,524,205,158,191,207,516,312,35,150,297,86,125,217,85,196,128,158,351,444,801,156,268,75,304,282,43,149,309,216,61,251,103,233,261,188,341,109,189
217,190,69,37,188,37,183,63,55,76,155,215,347,131,120,108,118,367,212,25,102,195,125,32,132,44,135,78,96,242,304,542,128,191,38,215,177,41,98,217,144,41,151,101,156,185,113,200,76,132
376,286,134,61,334,88,335,108,105,129,305,390,602,203,170,180,225,602,336,42,179,346,217,132,121,78,203,145,168,419,535,920,195,325,79,368,323,45,161,362,230,64,251,113,242,292,201,343,137,221
162,91,49,24,138,25,118,43,41,54,112,137,230,82,81,76,82,220,134,18,76,143,85,44,78,13,68,62,70,153,205,349,78,116,33,133,122,26,54,133,79,22,76,41,101,106,90,114,55,91
402,269,114,58,346,82,295,94,112,143,318,394,618,216,186,163,229,611,338,34,180,355,196,135,203,68,106,165,164,402,535,988,195,326,83,377,287,58,170,380,237,63,264,106,258,294,207,340,137,229
304,176,83,41,228,52,224,72,59,90,212,270,370,154,116,128,152,403,201,31,121,219,128,78,145,62,165,56,119,291,312,642,120,207,60,230,220,48,122,236,149,44,198,101,189,218,139,246,101,178
281,195,88,39,255,52,241,65,82,109,205,269,433,174,142,147,171,460,278,29,129,256,158,96,168,70,164,119,59,280,347,695,147,238,63,260,214,44,146,245,195,64,205,93,175,234,153,275,109,155
628,562,255,106,609,162,596,178,231,265,542,758,1150,403,297,323,491,1100,610,78,331,598,351,242,419,153,402,291,280,420,992,1819,335,583,155,635,600,99,297,717,438,99,449,222,472,625,393,686,232,403
713,624,292,120,790,152,754,228,267,325,669,860,1395,516,399,414,548,1455,784,102,442,795,444,304,535,205,535,312,347,992,563,2146,399,709,178,774,658,136,385,820,493,179,565,293,616,691,503,785,282,499
1202,1242,575,221,1467,298,1338,373,496,535,1128,1623,2510,873,697,815,989,2538,1423,194,735,1416,801,542,920,349,988,642,695,1819,2146,1987,736,1305,319,1588,1333,262,677,1524,944,261,1048,546,1084,1330,920,1463,506,944
253,274,108,42,292,53,256,66,84,99,229,310,517,180,130,178,184,491,253,31,121,243,156,128,195,78,195,120,147,335,399,736,75,229,78,300,256,52,130,322,190,56,219,112,220,242,189,281,102,174
490,430,215,80,481,98,434,132,155,186,393,549,842,305,267,266,337,814,478,69,240,473,268,191,325,116,326,207,238,583,709,1305,229,218,96,514,421,79,239,502,301,100,347,172,385,424,302,447,175,333
109,105,61,20,104,21,92,43,39,43,88,136,195,71,80,63,86,207,108,11,58,106,75,38,79,33,83,60,63,155,178,319,78,96,9,130,103,18,54,118,75,14,92,47,85,109,90,125,30,84
536,463,204,100,598,125,523,141,177,198,464,591,937,362,273,283,385,954,519,65,276,590,304,215,368,133,377,230,260,635,774,1588,300,514,130,264,507,75,252,590,359,115,424,208,451,494,331,622,208,341
503,442,182,78,483,113,466,154,154,192,406,534,831,306,269,254,329,853,483,64,255,481,282,177,323,122,287,220,214,600,658,1333,256,421,103,507,199,70,236,486,316,97,346,174,356,437,267,497,188,330
72,66,29,12,92,18,73,34,30,41,83,96,145,43,49,43,51,184,77,15,38,80,43,41,45,26,58,48,44,99,136,262,52,79,18,75,70,8,47,105,65,22,78,42,71,76,55,79,31,58
239,225,108,50,287,55,259,67,79,109,211,279,447,172,143,142,195,434,276,37,146,290,149,98,161,54,170,122,146,297,385,677,130,239,54,252,236,47,72,276,185,50,176,92,197,239,175,248,82,174
475,433,226,87,587,116,524,170,182,218,443,605,978,353,297,316,394,986,523,80,289,524,309,217,362,133,380,236,245,717,820,1524,322,502,118,590,486,105,276,290,310,104,411,217,414,478,318,605,188,329
296,292,141,61,384,65,327,110,99,149,299,365,580,230,177,182,240,593,339,46,164,360,216,144,230,79,237,149,195,438,493,944,190,301,75,359,316,65,185,310,119,72,278,121,297,315,227,337,127,240
109,79,40,21,92,23,85,26,36,43,90,127,185,68,47,57,64,178,109,9,48,111,61,41,64,22,63,44,64,99,179,261,56,100,14,115,97,22,50,104,72,11,100,33,68,93,62,110,39,72
373,357,170,55,335,85,372,103,118,164,348,445,701,260,206,234,277,653,415,39,236,377,251,151,251,76,264,198,205,449,565,1048,219,347,92,424,346,78,176,411,278,100,161,153,317,352,238,416,127,234
175,141,86,32,210,37,178,54,53,72,160,227,376,134,94,95,145,339,179,23,86,184,103,101,113,41,106,101,93,222,293,546,112,172,47,208,174,42,92,217,121,33,153,29,145,172,110,184,59,132
462,315,154,68,418,94,368,124,128,157,333,484,729,245,190,224,283,714,400,51,219,379,233,156,242,101,258,189,175,472,616,1084,220,385,85,451,356,71,197,414,297,68,317,145,142,353,239,407,146,267
424,401,187,86,510,111,445,146,160,203,377,576,819,290,221,256,338,875,435,56,283,424,261,185,292,106,294,218,234,625,691,1330,242,424,109,494,437,76,239,478,315,93,352,172,353,217,333,491,157,305
319,278,129,54,345,68,296,95,115,106,262,352,641,189,173,191,225,633,312,43,161,329,188,113,201,90,207,139,153,393,503,920,189,302,90,331,267,55,175,318,227,62,238,110,239,333,95,354,124,207
517,433,221,68,523,108,468,172,148,201,428,569,972,351,257,285,412,969,554,59,297,568,341,200,343,114,340,246,275,686,785,1463,281,447,125,622,497,79,248,605,337,110,416,184,407,491,354,247,195,384
189,182,96,42,187,42,191,57,48,77,144,221,357,134,114,123,134,334,181,24,94,168,109,76,137,55,137,101,109,232,282,506,102,175,30,208,188,31,82,188,127,39,127,59,146,157,124,195,29,129
375,297,137,69,342,74,332,104,116,129,306,368,591,239,192,204,239,585,374,44,183,342,189,132,221,91,229,178,155,403,499,944,174,333,84,341,330,58,174,329,240,72,234,132,267,305,207,384,129,125
