240,435,204,90,477,116,412,167,154,242,448,541,788,356,285,333,348,785,527,63,332,469,317,184,365,142,355,296,281,617,664,1183,249,458,98,466,461,95,242,440,297,106,412,169,408,393,323,492,146,366
435,207,178,71,432,107,410,124,128,187,389,493,797,292,230,236,329,763,417,50,218,447,241,171,287,93,289,214,216,516,618,1235,229,437,93,438,398,76,205,463,282,92,336,161,317,406,267,474,165,321
204,178,39,46,201,60,211,49,66,85,192,202,354,129,106,128,143,377,197,17,102,215,118,84,138,45,141,89,100,258,309,559,108,196,61,209,213,28,97,199,118,41,164,85,168,174,127,184,79,134
90,71,46,8,96,19,83,32,36,30,71,93,151,63,56,56,73,157,80,16,50,67,59,25,55,17,51,50,28,126,145,185,53,94,23,87,81,15,47,71,54,18,57,35,70,76,68,90,29,71
477,432,201,96,270,115,462,156,153,215,438,610,882,354,256,265,357,892,538,59,289,512,331,170,334,89,313,263,281,655,757,1369,251,514,126,514,469,80,236,525,336,92,397,198,386,464,301,492,179,344
116,107,60,19,115,8,99,36,45,48,105,115,167,67,68,73,95,182,107,19,78,104,80,50,71,32,73,47,58,128,184,265,55,111,20,110,115,21,55,103,71,22,77,42,98,96,80,119,30,101
412,410,211,83,462,99,246,166,161,200,409,510,841,304,250,274,339,867,472,59,276,459,292,183,311,117,323,246,257,585,700,1255,261,464,104,507,442,88,230,502,304,91,386,206,388,457,316,485,161,342
167,124,49,32,156,36,166,30,48,53,119,174,297,117,82,75,111,300,183,23,107,180,99,62,97,41,94,78,67,194,246,459,88,156,33,158,127,23,69,173,126,31,138,64,127,153,106,180,56,103
154,128,66,36,153,45,161,48,26,64,137,190,293,110,105,78,119,300,176,24,97,147,114,61,94,46,100,76,92,192,251,458,81,162,40,168,153,22,71,179,104,34,138,61,128,145,99,176,75,109
242,187,85,30,215,48,200,53,64,41,162,202,383,154,129,133,149,373,207,23,110,199,129,82,131,67,166,106,95,257,336,544,132,212,48,217,182,23,92,242,136,46,164,83,185,195,133,225,65,115
448,389,192,71,438,105,409,119,137,162,184,406,686,304,248,252,308,714,435,59,196,410,280,173,279,125,320,227,208,518,617,1082,220,414,91,458,376,74,229,459,281,82,340,174,365,397,253,463,158,259
541,493,202,93,610,115,510,174,190,202,406,290,982,367,284,315,421,978,590,72,323,548,335,206,346,152,394,243,274,677,803,1545,286,520,137,600,510,104,266,554,365,123,405,229,436,489,352,561,200,366
788,797,354,151,882,167,841,297,293,383,686,982,832,543,497,565,625,1470,911,114,509,910,517,343,606,234,610,464,479,1124,1312,2410,513,856,214,942,783,143,447,928,593,184,684,355,683,796,565,889,316,593
356,292,129,63,354,67,304,117,110,154,304,367,543,114,183,191,232,580,314,38,173,341,199,124,219,81,221,163,186,404,478,882,174,305,81,339,312,57,160,347,205,71,253,125,271,308,221,334,117,238
285,230,106,56,256,68,250,82,105,129,248,284,497,183,77,142,191,522,261,24,128,267,171,109,187,65,185,141,125,344,386,724,149,251,65,278,254,35,133,275,170,58,190,108,226,232,173,272,110,175
333,236,128,56,265,73,274,75,78,133,252,315,565,191,142,67,180,548,301,28,148,310,181,88,195,66,188,132,137,335,423,832,179,288,82,304,270,34,132,347,192,62,214,111,249,267,184,310,120,189
348,329,143,73,357,95,339,111,119,149,308,421,625,232,191,180,126,661,359,32,225,349,224,143,229,86,230,163,190,459,562,994,190,369,76,354,348,58,185,388,260,81,281,147,295,308,226,347,137,254
785,763,377,157,892,182,867,300,300,373,714,978,1470,580,522,548,661,800,928,109,505,907,506,346,622,233,628,432,468,1099,1333,2396,494,841,199,963,836,149,433,911,606,201,692,356,688,793,542,919,325,597
527,417,197,80,538,107,472,183,176,207,435,590,911,314,261,301,359,928,251,73,298,495,316,172,331,113,333,250,247,624,802,1394,285,476,108,554,468,70,253,561,341,114,390,195,438,477,321,536,181,355
63,50,17,16,59,19,59,23,24,23,59,72,114,38,24,28,32,109,73,1,34,63,38,21,38,14,40,25,37,71,107,178,26,62,17,64,66,6,37,60,45,11,56,17,38,48,41,68,21,39
332,218,102,50,289,78,276,107,97,110,196,323,509,173,128,148,225,505,298,34,62,302,161,105,168,59,194,111,142,322,425,790,146,292,54,271,260,47,151,266,171,59,228,107,215,258,174,315,104,187
469,447,215,67,512,104,459,180,147,199,410,548,910,341,267,310,349,907,495,63,302,276,322,189,329,122,346,272,300,674,755,1391,271,480,119,506,465,88,240,558,339,100,363,191,413,458,342,537,194,329
317,241,118,59,331,80,292,99,114,129,280,335,517,199,171,181,224,506,316,38,161,322,76,105,188,81,216,159,145,388,455,812,148,325,66,325,307,56,142,325,186,66,258,111,219,272,172,290,108,204
184,171,84,25,170,50,183,62,61,82,173,206,343,124,109,88,143,346,172,21,105,189,105,48,128,40,122,100,101,256,273,510,95,191,38,229,194,28,96,210,127,43,157,63,149,170,116,197,64,157
365,287,138,55,334,71,311,97,94,131,279,346,606,219,187,195,229,622,331,38,168,329,188,128,113,79,199,192,144,389,518,960,182,283,66,365,304,58,150,382,218,58,289,136,249,319,219,340,121,232
142,93,45,17,89,32,117,41,46,67,125,152,234,81,65,66,86,233,113,14,59,122,81,40,79,17,76,57,42,146,200,353,55,114,18,131,122,20,65,136,87,26,103,59,102,108,78,132,50,89
355,289,141,51,313,73,323,94,100,166,320,394,610,221,185,188,230,628,333,40,194,346,216,122,199,76,114,154,155,431,551,962,182,320,63,351,344,57,180,394,212,67,288,125,272,316,209,363,131,218
296,214,89,50,263,47,246,78,76,106,227,243,464,163,141,132,163,432,250,25,111,272,159,100,192,57,154,56,134,267,343,660,133,226,50,244,236,35,120,293,159,43,177,80,211,232,161,239,100,158
281,216,100,28,281,58,257,67,92,95,208,274,479,186,125,137,190,468,247,37,142,300,145,101,144,42,155,134,59,326,393,695,131,239,68,250,254,49,127,253,143,55,203,85,173,244,162,264,100,174
617,516,258,126,655,128,585,194,192,257,518,677,1124,404,344,335,459,1099,624,71,322,674,388,256,389,146,431,267,326,408,943,1737,341,606,130,682,569,98,341,669,397,132,505,241,475,538,403,657,205,400
664,618,309,145,757,184,700,246,251,336,617,803,1312,478,386,423,562,1333,802,107,425,755,455,273,518,200,551,343,393,943,568,1998,368,735,176,764,685,124,390,801,492,140,576,280,575,659,476,787,296,491
1183,1235,559,185,1369,265,1255,459,458,544,1082,1545,2410,882,724,832,994,2396,1394,178,790,1391,812,510,960,353,962,660,695,1737,1998,1842,712,1234,299,1470,1237,248,709,1425,934,294,998,499,1112,1242,874,1375,473,986
249,229,108,53,251,55,261,88,81,132,220,286,513,174,149,179,190,494,285,26,146,271,148,95,182,55,182,133,131,341,368,712,63,238,52,264,233,44,140,232,181,69,197,95,205,248,183,279,85,198
458,437,196,94,514,111,464,156,162,212,414,520,856,305,251,288,369,841,476,62,292,480,325,191,283,114,320,226,239,606,735,1234,238,211,108,493,438,76,231,498,293,93,340,205,369,417,307,513,168,331
98,93,61,23,126,20,104,33,40,48,91,137,214,81,65,82,76,199,108,17,54,119,66,38,66,18,63,50,68,130,176,299,52,108,11,105,112,19,43,121,96,19,86,42,81,104,83,123,40,73
466,438,209,87,514,110,507,158,168,217,458,600,942,339,278,304,354,963,554,64,271,506,325,229,365,131,351,244,250,682,764,1470,264,493,105,250,514,87,283,564,330,94,405,219,466,467,351,574,184,350
461,398,213,81,469,115,442,127,153,182,376,510,783,312,254,270,348,836,468,66,260,465,307,194,304,122,344,236,254,569,685,1237,233,438,112,514,243,73,200,508,310,95,351,209,386,426,316,503,145,314
95,76,28,15,80,21,88,23,22,23,74,104,143,57,35,34,58,149,70,6,47,88,56,28,58,20,57,35,49,98,124,248,44,76,19,87,73,7,38,93,50,20,62,27,63,82,52,98,22,48
242,205,97,47,236,55,230,69,71,92,229,266,447,160,133,132,185,433,253,37,151,240,142,96,150,65,180,120,127,341,390,709,140,231,43,283,200,38,59,266,176,43,194,100,204,247,142,262,83,160
440,463,199,71,525,103,502,173,179,242,459,554,928,347,275,347,388,911,561,60,266,558,325,210,382,136,394,293,253,669,801,1425,232,498,121,564,508,93,266,299,361,114,369,203,427,442,355,532,199,345
297,282,118,54,336,71,304,126,104,136,281,365,593,205,170,192,260,606,341,45,171,339,186,127,218,87,212,159,143,397,492,934,181,293,96,330,310,50,176,361,101,72,272,125,249,272,217,322,131,211
106,92,41,18,92,22,91,31,34,46,82,123,184,71,58,62,81,201,114,11,59,100,66,43,58,26,67,43,55,132,140,294,69,93,19,94,95,20,43,114,72,11,71,40,78,115,74,94,42,57
412,336,164,57,397,77,386,138,138,164,340,405,684,253,190,214,281,692,390,56,228,363,258,157,289,103,288,177,203,505,576,998,197,340,86,405,351,62,194,369,272,71,142,142,320,332,246,387,129,262
169,161,85,35,198,42,206,64,61,83,174,229,355,125,108,111,147,356,195,17,107,191,111,63,136,59,125,80,85,241,280,499,95,205,42,219,209,27,100,203,125,40,142,38,164,181,128,187,63,117
408,317,168,70,386,98,388,127,128,185,365,436,683,271,226,249,295,688,438,38,215,413,219,149,249,102,272,211,173,475,575,1112,205,369,81,466,386,63,204,427,249,78,320,164,141,334,250,425,137,269
393,406,174,76,464,96,457,153,145,195,397,489,796,308,232,267,308,793,477,48,258,458,272,170,319,108,316,232,244,538,659,1242,248,417,104,467,426,82,247,442,272,115,332,181,334,216,301,489,165,305
323,267,127,68,301,80,316,106,99,133,253,352,565,221,173,184,226,542,321,41,174,342,172,116,219,78,209,161,162,403,476,874,183,307,83,351,316,52,142,355,217,74,246,128,250,301,100,325,116,219
492,474,184,90,492,119,485,180,176,225,463,561,889,334,272,310,347,919,536,68,315,537,290,197,340,132,363,239,264,657,787,1375,279,513,123,574,503,98,262,532,322,94,387,187,425,489,325,247,167,388
146,165,79,29,179,30,161,56,75,65,158,200,316,117,110,120,137,325,181,21,104,194,108,64,121,50,131,100,100,205,296,473,85,168,40,184,145,22,83,199,131,42,129,63,137,165,116,167,30,121
366,321,134,71,344,101,342,103,109,115,259,366,593,238,175,189,254,597,355,39,187,329,204,157,232,89,218,158,174,400,491,986,198,331,73,350,314,48,160,345,211,57,262,117,269,305,219,388,121,95
