273,443,213,94,512,118,481,175,153,260,489,514,832,365,298,319,347,796,492,72,320,503,317,192,362,140,367,269,341,560,680,1193,250,486,99,480,452,84,240,447,294,109,361,172,404,415,318,497,147,347
443,182,153,78,441,112,441,125,136,184,373,499,790,289,234,233,322,764,445,61,214,479,241,175,296,101,268,213,207,511,660,1250,243,437,105,465,437,69,221,458,286,91,332,167,365,426,267,464,170,334
213,153,36,34,180,47,202,49,76,90,197,210,384,136,102,105,126,368,213,25,96,196,123,73,130,53,145,94,99,219,307,611,129,182,43,202,196,33,106,220,123,50,162,83,166,188,128,192,82,136
94,78,34,4,93,13,70,31,20,26,66,82,141,56,57,66,71,144,76,9,43,76,47,28,64,17,61,56,48,106,128,217,36,85,19,91,60,12,47,89,50,20,61,29,59,71,47,84,27,59
512,441,180,93,268,126,512,146,142,213,454,559,894,335,237,290,405,885,534,55,282,568,293,184,338,130,341,251,268,621,777,1324,256,510,114,528,502,90,249,516,315,108,354,208,422,455,294,497,177,363
118,112,47,13,126,13,106,43,39,52,93,99,197,78,70,77,89,182,123,15,59,128,56,44,83,31,101,73,61,134,174,277,58,93,26,142,82,15,70,123,83,39,80,40,86,97,68,110,30,75
481,441,202,70,512,106,237,142,160,183,403,557,861,284,249,292,363,853,500,60,275,485,284,182,311,134,343,247,263,599,713,1232,251,435,105,489,455,75,250,524,300,98,373,199,364,431,313,500,172,340
175,125,49,31,146,43,142,26,47,73,138,184,274,110,93,75,116,274,154,20,92,170,94,60,83,37,94,59,65,199,214,417,84,151,31,164,136,27,81,163,101,34,135,42,112,148,88,172,55,84
153,136,76,20,142,39,160,47,30,62,152,176,290,103,89,97,110,271,165,12,74,167,103,63,104,24,103,84,93,193,290,459,74,128,33,169,166,24,76,174,90,33,128,76,119,159,91,192,62,114
260,184,90,26,213,52,183,73,62,42,182,203,361,137,120,104,139,375,224,23,130,226,133,111,138,52,137,85,108,254,319,636,117,207,59,183,191,39,94,227,114,43,175,72,171,179,134,220,88,158
489,373,197,66,454,93,403,138,152,182,182,452,745,259,242,226,306,805,451,57,272,438,280,170,293,107,281,192,221,511,587,1139,247,427,93,458,390,71,209,453,248,84,332,166,345,380,287,440,139,301
514,499,210,82,559,99,557,184,176,203,452,288,1038,351,301,332,411,988,550,76,286,586,318,214,355,151,405,287,251,723,857,1552,296,490,132,609,470,102,285,595,392,111,413,202,437,502,374,583,217,379
832,790,384,141,894,197,861,274,290,361,745,1038,796,578,463,539,679,1425,912,121,477,930,527,373,620,221,632,394,477,1173,1377,2354,466,843,222,957,806,153,435,965,601,196,698,275,725,830,566,911,318,576
365,289,136,56,335,78,284,110,103,137,259,351,578,111,174,188,248,619,370,43,179,355,204,138,221,98,229,151,166,419,495,901,184,329,94,338,298,46,181,370,218,76,259,133,261,297,205,312,142,236
298,234,102,57,237,70,249,93,89,120,242,301,463,174,64,122,198,477,267,42,147,293,149,115,175,73,173,132,148,326,398,745,138,255,51,254,274,45,133,266,194,48,215,96,219,264,166,272,98,174
319,233,105,66,290,77,292,75,97,104,226,332,539,188,122,60,181,518,280,37,145,300,169,125,172,80,195,142,142,335,449,788,148,282,51,285,272,52,127,320,209,61,246,122,246,295,156,311,108,175
347,322,126,71,405,89,363,116,110,139,306,411,679,248,198,181,140,641,373,45,207,379,243,133,233,88,258,155,183,444,505,1002,198,343,80,338,344,50,177,401,225,80,276,130,307,328,257,370,118,244
796,764,368,144,885,182,853,274,271,375,805,988,1425,619,477,518,641,783,887,117,512,913,513,377,623,220,628,440,459,1134,1306,2343,474,818,208,956,828,140,455,971,608,184,683,309,743,818,559,929,300,595
492,445,213,76,534,123,500,154,165,224,451,550,912,370,267,280,373,887,242,64,284,440,309,196,336,141,363,248,281,610,721,1405,275,420,108,532,448,75,233,536,320,95,372,171,412,465,311,512,148,346
72,61,25,9,55,15,60,20,12,23,57,76,121,43,42,37,45,117,64,4,33,54,37,20,51,20,51,25,23,80,98,182,32,51,10,61,60,13,37,72,39,17,45,21,51,67,40,69,27,44
320,214,96,43,282,59,275,92,74,130,272,286,477,179,147,145,207,512,284,33,69,291,178,105,160,71,183,122,145,359,410,802,168,252,70,279,261,63,116,275,194,52,204,94,216,276,184,265,87,203
503,479,196,76,568,128,485,170,167,226,438,586,930,355,293,300,379,913,440,54,291,240,312,188,329,142,349,263,301,633,738,1387,261,464,101,574,466,66,268,572,327,101,380,201,425,474,319,531,169,376
317,241,123,47,293,56,284,94,103,133,280,318,527,204,149,169,243,513,309,37,178,312,85,98,167,60,171,155,152,382,451,854,150,289,72,294,267,55,150,340,189,55,222,105,227,277,171,323,106,216
192,175,73,28,184,44,182,60,63,111,170,214,373,138,115,125,133,377,196,20,105,188,98,45,127,59,135,94,99,253,301,542,108,182,43,207,189,28,87,217,121,43,160,66,156,181,130,200,77,147
362,296,130,64,338,83,311,83,104,138,293,355,620,221,175,172,233,623,336,51,160,329,167,127,92,77,202,157,158,407,519,931,165,312,70,329,311,52,160,370,215,62,255,143,240,320,203,361,110,216
140,101,53,17,130,31,134,37,24,52,107,151,221,98,73,80,88,220,141,20,71,142,60,59,77,14,70,62,57,159,187,317,51,115,21,153,124,21,71,128,93,23,106,60,101,131,73,150,45,87
367,268,145,61,341,101,343,94,103,137,281,405,632,229,173,195,258,628,363,51,183,349,171,135,202,70,99,151,152,432,510,920,175,304,71,373,338,54,187,357,234,80,262,127,250,347,188,361,142,232
269,213,94,56,251,73,247,59,84,85,192,287,394,151,132,142,155,440,248,25,122,263,155,94,157,62,151,54,111,320,400,628,135,218,55,241,252,47,104,271,130,37,205,93,193,221,151,284,84,149
341,207,99,48,268,61,263,65,93,108,221,251,477,166,148,142,183,459,281,23,145,301,152,99,158,57,152,111,65,330,388,704,138,244,54,268,244,51,154,254,157,66,215,90,201,242,162,264,96,163
560,511,219,106,621,134,599,199,193,254,511,723,1173,419,326,335,444,1134,610,80,359,633,382,253,407,159,432,320,330,372,911,1738,345,557,153,659,641,112,328,700,391,124,457,249,498,594,401,660,234,409
680,660,307,128,777,174,713,214,290,319,587,857,1377,495,398,449,505,1306,721,98,410,738,451,301,519,187,510,400,388,911,589,2006,398,707,153,787,689,129,395,782,511,165,569,267,619,694,492,799,258,471
1193,1250,611,217,1324,277,1232,417,459,636,1139,1552,2354,901,745,788,1002,2343,1405,182,802,1387,854,542,931,317,920,628,704,1738,2006,1827,741,1313,305,1465,1247,231,686,1444,928,295,1071,487,1126,1266,886,1472,503,949
250,243,129,36,256,58,251,84,74,117,247,296,466,184,138,148,198,474,275,32,168,261,150,108,165,51,175,135,138,345,398,741,74,263,59,284,241,40,137,274,197,64,181,94,218,231,163,267,106,162
486,437,182,85,510,93,435,151,128,207,427,490,843,329,255,282,343,818,420,51,252,464,289,182,312,115,304,218,244,557,707,1313,263,217,121,526,421,82,237,534,312,100,348,144,361,416,308,485,184,311
99,105,43,19,114,26,105,31,33,59,93,132,222,94,51,51,80,208,108,10,70,101,72,43,70,21,71,55,54,153,153,305,59,121,8,122,90,18,65,116,76,29,102,36,90,98,62,128,35,83
480,465,202,91,528,142,489,164,169,183,458,609,957,338,254,285,338,956,532,61,279,574,294,207,329,153,373,241,268,659,787,1465,284,526,122,240,521,87,256,577,348,98,388,227,432,467,338,525,181,373
452,437,196,60,502,82,455,136,166,191,390,470,806,298,274,272,344,828,448,60,261,466,267,189,311,124,338,252,244,641,689,1247,241,421,90,521,199,72,239,482,299,103,333,177,378,375,282,495,152,310
84,69,33,12,90,15,75,27,24,39,71,102,153,46,45,52,50,140,75,13,63,66,55,28,52,21,54,47,51,112,129,231,40,82,18,87,72,6,43,94,60,16,63,34,69,74,55,79,30,74
240,221,106,47,249,70,250,81,76,94,209,285,435,181,133,127,177,455,233,37,116,268,150,87,160,71,187,104,154,328,395,686,137,237,65,256,239,43,64,266,183,50,197,94,191,227,172,268,102,160
447,458,220,89,516,123,524,163,174,227,453,595,965,370,266,320,401,971,536,72,275,572,340,217,370,128,357,271,254,700,782,1444,274,534,116,577,482,94,266,280,343,111,416,200,434,461,315,528,185,337
294,286,123,50,315,83,300,101,90,114,248,392,601,218,194,209,225,608,320,39,194,327,189,121,215,93,234,130,157,391,511,928,197,312,76,348,299,60,183,343,98,61,244,125,275,256,223,354,121,245
109,91,50,20,108,39,98,34,33,43,84,111,196,76,48,61,80,184,95,17,52,101,55,43,62,23,80,37,66,124,165,295,64,100,29,98,103,16,50,111,61,8,87,35,77,85,70,115,31,73
361,332,162,61,354,80,373,135,128,175,332,413,698,259,215,246,276,683,372,45,204,380,222,160,255,106,262,205,215,457,569,1071,181,348,102,388,333,63,197,416,244,87,128,161,311,355,216,429,128,267
172,167,83,29,208,40,199,42,76,72,166,202,275,133,96,122,130,309,171,21,94,201,105,66,143,60,127,93,90,249,267,487,94,144,36,227,177,34,94,200,125,35,161,29,156,191,104,201,57,123
404,365,166,59,422,86,364,112,119,171,345,437,725,261,219,246,307,743,412,51,216,425,227,156,240,101,250,193,201,498,619,1126,218,361,90,432,378,69,191,434,275,77,311,156,155,356,244,414,142,295
415,426,188,71,455,97,431,148,159,179,380,502,830,297,264,295,328,818,465,67,276,474,277,181,320,131,347,221,242,594,694,1266,231,416,98,467,375,74,227,461,256,85,355,191,356,202,288,485,165,311
318,267,128,47,294,68,313,88,91,134,287,374,566,205,166,156,257,559,311,40,184,319,171,130,203,73,188,151,162,401,492,886,163,308,62,338,282,55,172,315,223,70,216,104,244,288,90,331,135,204
497,464,192,84,497,110,500,172,192,220,440,583,911,312,272,311,370,929,512,69,265,531,323,200,361,150,361,284,264,660,799,1472,267,485,128,525,495,79,268,528,354,115,429,201,414,485,331,294,171,377
147,170,82,27,177,30,172,55,62,88,139,217,318,142,98,108,118,300,148,27,87,169,106,77,110,45,142,84,96,234,258,503,106,184,35,181,152,30,102,185,121,31,128,57,142,165,135,171,28,137
347,334,136,59,363,75,340,84,114,158,301,379,576,236,174,175,244,595,346,44,203,376,216,147,216,87,232,149,163,409,471,949,162,311,83,373,310,74,160,337,245,73,267,123,295,311,204,377,137,106
