276,448,213,92,491,115,475,200,163,264,459,518,816,354,322,321,377,797,526,70,344,511,355,189,379,157,380,287,280,623,693,1149,240,476,111,501,476,83,258,455,303,113,358,167,416,407,313,518,153,343
448,180,195,61,439,91,412,128,133,164,347,449,800,297,234,259,307,785,436,64,245,450,244,182,288,119,302,192,218,551,652,1199,231,408,88,456,417,66,205,495,279,84,332,161,350,406,272,445,149,270
213,195,31,31,213,41,179,50,61,90,168,203,345,109,81,96,123,356,213,23,121,199,125,80,137,44,125,93,102,212,278,530,110,200,43,178,199,29,91,217,128,46,136,65,160,189,138,216,88,144
92,61,31,5,86,20,71,18,27,38,78,85,143,67,48,54,57,150,83,18,54,93,49,32,51,27,56,34,54,107,141,213,53,77,11,84,72,6,40,93,59,17,64,29,75,85,42,90,22,60
491,439,213,86,260,118,531,153,180,201,437,600,936,328,280,301,371,901,519,72,295,494,304,230,338,131,380,248,252,627,783,1373,261,484,102,571,546,89,232,563,357,97,393,188,421,480,348,541,189,356
115,91,41,20,118,9,93,28,41,46,93,118,189,78,58,61,79,189,133,15,71,143,73,53,77,35,80,44,70,153,175,287,63,111,25,123,112,20,55,97,73,18,77,34,110,118,67,108,36,64
475,412,179,71,531,93,207,128,161,198,387,542,818,313,249,273,357,848,507,68,264,526,293,164,316,116,325,217,255,615,745,1297,274,441,113,523,437,76,235,520,355,104,369,174,361,460,326,480,168,315
200,128,50,18,153,28,128,34,56,65,129,168,267,94,103,107,128,261,166,17,81,161,81,61,101,44,102,66,67,177,253,445,80,144,45,177,141,25,77,158,100,30,115,55,114,134,111,157,57,102
163,133,61,27,180,41,161,56,13,61,149,180,274,113,84,79,124,298,161,18,91,165,99,55,118,41,119,76,79,192,226,470,90,159,38,186,156,26,79,177,125,32,109,46,133,166,117,166,57,105
264,164,90,38,201,46,198,65,61,49,179,232,364,146,120,140,156,345,214,27,107,228,127,80,138,46,140,105,121,239,313,537,115,213,46,214,207,27,99,219,155,41,169,74,192,204,132,220,89,147
459,347,168,78,437,93,387,129,149,179,198,487,743,265,221,258,329,756,414,54,243,441,284,164,284,116,301,220,245,542,644,1220,218,403,88,454,389,78,191,476,299,102,333,177,348,423,239,461,155,288
518,449,203,85,600,118,542,168,180,232,487,303,971,361,281,329,398,984,529,71,305,575,321,205,358,125,367,241,269,664,850,1546,291,527,142,631,537,102,286,621,368,99,416,226,417,524,358,586,212,377
816,800,345,143,936,189,818,267,274,364,743,971,801,572,477,521,636,1452,921,111,551,924,550,359,577,217,636,432,459,1085,1394,2508,503,838,208,950,796,134,436,968,618,190,669,337,687,875,567,918,320,612
354,297,109,67,328,78,313,94,113,146,265,361,572,115,172,166,260,594,323,41,157,335,197,139,229,77,202,168,167,395,558,947,177,307,83,327,308,38,149,320,196,58,269,118,270,283,214,343,117,219
322,234,81,48,280,58,249,103,84,120,221,281,477,172,61,146,192,458,259,32,149,269,151,95,167,54,156,131,117,283,406,732,137,278,45,264,257,36,122,297,167,41,200,115,211,271,151,271,97,164
321,259,96,54,301,61,273,107,79,140,258,329,521,166,146,81,205,526,279,49,145,293,161,104,184,62,189,101,128,324,420,854,152,314,68,294,288,43,146,307,177,56,228,106,227,274,179,305,115,182
377,307,123,57,371,79,357,128,124,156,329,398,636,260,192,205,124,672,366,46,191,353,205,151,254,85,225,153,166,450,570,985,220,364,98,358,357,67,195,404,229,70,285,153,314,347,255,363,165,262
797,785,356,150,901,189,848,261,298,345,756,984,1452,594,458,526,672,786,920,105,515,963,508,361,594,251,657,425,469,1045,1405,2468,519,868,191,958,801,143,452,955,586,212,659,352,694,847,559,953,319,609
526,436,213,83,519,133,507,166,161,214,414,529,921,323,259,279,366,920,236,67,255,466,306,202,343,123,341,237,254,640,777,1412,301,458,101,537,466,62,241,558,342,103,369,182,434,498,327,535,192,311
70,64,23,18,72,15,68,17,18,27,54,71,111,41,32,49,46,105,67,2,36,56,35,37,50,13,45,31,36,72,93,181,18,63,12,59,62,8,46,61,34,14,57,28,61,62,31,61,18,49
344,245,121,54,295,71,264,81,91,107,243,305,551,157,149,145,191,515,255,36,56,289,160,120,184,74,190,126,126,339,410,854,147,268,73,283,274,47,118,290,178,60,213,83,204,253,160,274,97,202
511,450,199,93,494,143,526,161,165,228,441,575,924,335,269,293,353,963,466,56,289,257,312,211,338,142,355,244,258,679,800,1490,289,476,105,537,504,77,254,544,330,103,427,203,396,499,329,544,182,327
355,244,125,49,304,73,293,81,99,127,284,321,550,197,151,161,205,508,306,35,160,312,90,109,218,57,186,137,131,364,448,837,157,292,88,315,290,45,147,332,201,46,229,126,235,274,195,302,115,196
189,182,80,32,230,53,164,61,55,80,164,205,359,139,95,104,151,361,202,37,120,211,109,32,142,46,137,104,103,259,319,555,103,202,34,188,180,33,101,212,129,41,142,79,161,204,131,208,54,135
379,288,137,51,338,77,316,101,118,138,284,358,577,229,167,184,254,594,343,50,184,338,218,142,124,85,251,147,160,454,516,904,176,303,66,337,333,56,155,365,233,64,260,136,262,330,216,350,113,230
157,119,44,27,131,35,116,44,41,46,116,125,217,77,54,62,85,251,123,13,74,142,57,46,85,15,70,47,67,179,179,356,64,118,29,115,119,23,65,158,81,27,107,46,81,125,66,147,50,82
380,302,125,56,380,80,325,102,119,140,301,367,636,202,156,189,225,657,341,45,190,355,186,137,251,70,115,150,157,460,544,965,186,308,71,317,329,59,170,417,227,61,249,132,255,360,191,361,144,226
287,192,93,34,248,44,217,66,76,105,220,241,432,168,131,101,153,425,237,31,126,244,137,104,147,47,150,50,116,303,347,684,138,238,59,228,232,37,114,267,143,49,181,77,193,206,130,225,83,156
280,218,102,54,252,70,255,67,79,121,245,269,459,167,117,128,166,469,254,36,126,258,131,103,160,67,157,116,64,314,368,718,154,228,58,269,229,35,130,297,167,45,185,92,181,215,161,217,101,158
623,551,212,107,627,153,615,177,192,239,542,664,1085,395,283,324,450,1045,640,72,339,679,364,259,454,179,460,303,314,402,993,1759,340,598,129,660,599,105,293,676,393,147,465,241,488,569,368,698,229,457
693,652,278,141,783,175,745,253,226,313,644,850,1394,558,406,420,570,1405,777,93,410,800,448,319,516,179,544,347,368,993,575,2058,422,751,176,780,728,115,368,813,480,164,569,293,642,721,507,774,271,545
1149,1199,530,213,1373,287,1297,445,470,537,1220,1546,2508,947,732,854,985,2468,1412,181,854,1490,837,555,904,356,965,684,718,1759,2058,1887,773,1305,317,1498,1305,224,734,1490,901,287,998,524,1137,1269,888,1376,479,956
240,231,110,53,261,63,274,80,90,115,218,291,503,177,137,152,220,519,301,18,147,289,157,103,176,64,186,138,154,340,422,773,62,275,66,309,259,38,143,296,145,60,197,115,217,246,179,277,81,181
476,408,200,77,484,111,441,144,159,213,403,527,838,307,278,314,364,868,458,63,268,476,292,202,303,118,308,238,228,598,751,1305,275,236,100,534,453,71,226,490,297,81,348,183,375,428,298,507,158,326
111,88,43,11,102,25,113,45,38,46,88,142,208,83,45,68,98,191,101,12,73,105,88,34,66,29,71,59,58,129,176,317,66,100,12,123,115,11,69,117,75,20,85,57,77,97,52,133,45,98
501,456,178,84,571,123,523,177,186,214,454,631,950,327,264,294,358,958,537,59,283,537,315,188,337,115,317,228,269,660,780,1498,309,534,123,248,493,82,272,564,357,111,419,210,443,502,332,584,207,358
476,417,199,72,546,112,437,141,156,207,389,537,796,308,257,288,357,801,466,62,274,504,290,180,333,119,329,232,229,599,728,1305,259,453,115,493,209,78,239,519,315,93,348,191,392,417,291,493,165,322
83,66,29,6,89,20,76,25,26,27,78,102,134,38,36,43,67,143,62,8,47,77,45,33,56,23,59,37,35,105,115,224,38,71,11,82,78,8,50,85,53,23,76,29,73,76,40,86,33,55
258,205,91,40,232,55,235,77,79,99,191,286,436,149,122,146,195,452,241,46,118,254,147,101,155,65,170,114,130,293,368,734,143,226,69,272,239,50,60,258,159,44,191,90,195,251,166,272,101,200
455,495,217,93,563,97,520,158,177,219,476,621,968,320,297,307,404,955,558,61,290,544,332,212,365,158,417,267,297,676,813,1490,296,490,117,564,519,85,258,277,338,121,387,202,451,513,319,537,205,359
303,279,128,59,357,73,355,100,125,155,299,368,618,196,167,177,229,586,342,34,178,330,201,129,233,81,227,143,167,393,480,901,145,297,75,357,315,53,159,338,117,74,246,120,268,298,182,350,112,231
113,84,46,17,97,18,104,30,32,41,102,99,190,58,41,56,70,212,103,14,60,103,46,41,64,27,61,49,45,147,164,287,60,81,20,111,93,23,44,121,74,8,67,43,84,108,59,105,37,59
358,332,136,64,393,77,369,115,109,169,333,416,669,269,200,228,285,659,369,57,213,427,229,142,260,107,249,181,185,465,569,998,197,348,85,419,348,76,191,387,246,67,141,159,327,362,264,388,138,256
167,161,65,29,188,34,174,55,46,74,177,226,337,118,115,106,153,352,182,28,83,203,126,79,136,46,132,77,92,241,293,524,115,183,57,210,191,29,90,202,120,43,159,40,147,168,125,204,86,97
416,350,160,75,421,110,361,114,133,192,348,417,687,270,211,227,314,694,434,61,204,396,235,161,262,81,255,193,181,488,642,1137,217,375,77,443,392,73,195,451,268,84,327,147,149,371,243,410,128,274
407,406,189,85,480,118,460,134,166,204,423,524,875,283,271,274,347,847,498,62,253,499,274,204,330,125,360,206,215,569,721,1269,246,428,97,502,417,76,251,513,298,108,362,168,371,220,310,468,160,326
313,272,138,42,348,67,326,111,117,132,239,358,567,214,151,179,255,559,327,31,160,329,195,131,216,66,191,130,161,368,507,888,179,298,52,332,291,40,166,319,182,59,264,125,243,310,100,329,113,208
518,445,216,90,541,108,480,157,166,220,461,586,918,343,271,305,363,953,535,61,274,544,302,208,350,147,361,225,217,698,774,1376,277,507,133,584,493,86,272,537,350,105,388,204,410,468,329,249,183,355
153,149,88,22,189,36,168,57,57,89,155,212,320,117,97,115,165,319,192,18,97,182,115,54,113,50,144,83,101,229,271,479,81,158,45,207,165,33,101,205,112,37,138,86,128,160,113,183,30,130
343,270,144,60,356,64,315,102,105,147,288,377,612,219,164,182,262,609,311,49,202,327,196,135,230,82,226,156,158,457,545,956,181,326,98,358,322,55,200,359,231,59,256,97,274,326,208,355,130,128
