272,480,229,94,495,114,482,186,179,225,435,520,855,380,311,344,369,872,521,68,319,505,358,229,381,146,362,276,323,639,717,1186,257,484,112,542,485,83,239,452,317,113,382,195,430,476,313,475,176,402
480,176,166,72,441,95,424,137,147,195,397,484,744,285,239,241,314,751,465,41,222,448,255,180,282,116,300,195,195,510,656,1238,235,398,110,445,401,85,211,471,296,87,345,172,318,398,287,463,161,294
229,166,39,36,207,46,196,61,71,78,164,196,360,105,105,120,169,364,206,20,111,205,115,78,115,43,124,85,101,234,323,571,123,179,44,213,185,24,107,235,143,31,148,76,175,177,136,216,69,171
94,72,36,3,75,17,84,26,30,28,71,98,162,45,53,60,60,160,97,13,49,89,57,36,61,36,69,55,51,114,117,235,54,69,12,93,85,18,41,83,55,19,67,35,85,80,56,84,29,62
495,441,207,75,261,107,468,164,177,187,403,557,913,313,242,281,366,904,515,75,309,502,313,204,345,142,377,243,254,626,772,1453,282,475,108,533,495,98,259,530,328,89,368,175,411,462,298,510,210,344
114,95,46,17,107,15,108,34,34,45,82,126,201,68,59,70,81,207,119,14,67,102,70,44,83,42,74,64,64,165,192,290,65,95,26,115,102,22,64,110,87,25,97,41,100,96,82,115,37,84
482,424,196,84,468,108,218,150,173,203,398,577,907,299,258,278,317,906,491,66,287,477,275,198,324,136,332,232,233,633,742,1334,274,408,110,507,459,84,246,519,290,110,373,189,388,445,300,481,166,341
186,137,61,26,164,34,150,22,45,58,145,164,270,98,87,87,121,274,142,26,91,144,83,69,88,33,94,78,76,171,218,426,80,137,34,181,147,28,75,157,95,27,130,44,112,145,87,146,53,104
179,147,71,30,177,34,173,45,25,79,158,186,281,101,92,96,116,285,153,20,84,172,109,68,114,43,106,72,70,212,242,464,109,162,40,168,158,25,74,187,107,31,136,54,138,145,97,179,61,128
225,195,78,28,187,45,203,58,79,48,172,237,372,135,94,127,136,366,206,30,122,226,124,88,138,45,129,111,117,273,283,555,109,216,48,197,199,34,106,211,113,52,148,73,152,181,124,187,71,162
435,397,164,71,403,82,398,145,158,172,181,490,746,277,211,239,288,765,425,54,256,408,273,164,280,110,287,221,221,578,595,1158,238,400,89,440,387,68,222,451,276,108,314,169,303,367,257,427,157,285
520,484,196,98,557,126,577,164,186,237,490,347,1006,349,316,318,413,1054,605,83,277,643,346,252,373,129,366,258,239,694,869,1613,318,522,134,607,526,118,283,598,406,121,419,219,461,558,348,577,223,370
855,744,360,162,913,201,907,270,281,372,746,1006,815,580,461,496,686,1447,900,119,484,983,567,366,591,244,622,409,481,1092,1397,2445,514,873,213,1018,829,141,483,963,635,204,644,316,767,836,599,970,348,618
380,285,105,45,313,68,299,98,101,135,277,349,580,116,194,189,229,620,332,40,188,329,189,130,197,74,215,147,167,415,465,927,187,304,68,344,302,59,174,322,198,84,276,118,260,276,191,354,139,203
311,239,105,53,242,59,258,87,92,94,211,316,461,194,75,162,217,469,259,25,160,298,151,111,160,63,148,130,151,325,393,742,148,242,61,288,260,37,153,296,178,66,226,93,200,242,165,270,102,175
344,241,120,60,281,70,278,87,96,127,239,318,496,189,162,100,215,506,288,34,156,283,168,128,173,64,169,143,161,373,401,810,177,283,66,288,315,54,149,340,181,63,258,112,229,263,170,297,94,195
369,314,169,60,366,81,317,121,116,136,288,413,686,229,217,215,120,716,366,41,200,348,207,122,233,95,224,167,183,493,561,1015,220,341,81,395,332,63,181,357,245,78,284,127,299,318,224,387,141,209
872,751,364,160,904,207,906,274,285,366,765,1054,1447,620,469,506,716,820,895,117,495,962,539,364,590,226,609,438,466,1109,1360,2466,506,911,202,1063,835,127,480,1001,647,176,674,330,761,857,575,1011,330,628
521,465,206,97,515,119,491,142,153,206,425,605,900,332,259,288,366,895,234,68,266,469,316,210,323,158,345,215,255,615,765,1387,274,450,116,555,499,84,242,534,334,98,408,170,391,473,319,492,168,315
68,41,20,13,75,14,66,26,20,30,54,83,119,40,25,34,41,117,68,3,40,70,35,34,30,15,39,38,27,72,107,177,38,62,17,56,67,6,28,72,44,13,55,20,56,71,33,76,21,32
319,222,111,49,309,67,287,91,84,122,256,277,484,188,160,156,200,495,266,40,80,292,174,110,165,63,173,135,126,374,423,797,152,282,62,261,232,41,143,294,177,60,231,91,207,240,178,321,102,200
505,448,205,89,502,102,477,144,172,226,408,643,983,329,298,283,348,962,469,70,292,251,325,217,327,135,369,247,244,644,790,1390,301,475,124,581,491,87,252,563,359,110,430,179,415,471,321,519,200,338
358,255,115,57,313,70,275,83,109,124,273,346,567,189,151,168,207,539,316,35,174,325,81,139,190,79,197,155,157,336,472,787,170,284,68,321,276,48,148,340,188,66,227,108,225,277,172,302,106,230
229,180,78,36,204,44,198,69,68,88,164,252,366,130,111,128,122,364,210,34,110,217,139,34,133,42,127,100,111,277,306,508,113,216,42,207,193,45,106,217,133,55,163,78,166,175,131,208,83,150
381,282,115,61,345,83,324,88,114,138,280,373,591,197,160,173,233,590,323,30,165,327,190,133,110,89,220,138,178,383,499,955,180,298,70,329,313,51,160,364,223,83,277,121,238,308,177,370,122,227
146,116,43,36,142,42,136,33,43,45,110,129,244,74,63,64,95,226,158,15,63,135,79,42,89,20,79,70,56,145,217,366,69,123,26,122,108,12,41,125,69,32,90,48,107,127,82,148,57,90
362,300,124,69,377,74,332,94,106,129,287,366,622,215,148,169,224,609,345,39,173,369,197,127,220,79,118,164,158,410,555,992,184,323,73,340,337,55,153,355,223,85,265,133,278,327,197,368,145,209
276,195,85,55,243,64,232,78,72,111,221,258,409,147,130,143,167,438,215,38,135,247,155,100,138,70,164,51,116,283,365,679,142,222,55,237,236,37,127,249,150,37,175,79,170,200,133,258,89,157
323,195,101,51,254,64,233,76,70,117,221,239,481,167,151,161,183,466,255,27,126,244,157,111,178,56,158,116,56,300,370,669,133,225,62,286,241,47,121,273,167,61,201,95,204,233,165,276,99,180
639,510,234,114,626,165,633,171,212,273,578,694,1092,415,325,373,493,1109,615,72,374,644,336,277,383,145,410,283,300,378,1016,1782,331,616,126,687,599,104,342,673,395,127,474,206,514,576,366,676,234,417
717,656,323,117,772,192,742,218,242,283,595,869,1397,465,393,401,561,1360,765,107,423,790,472,306,499,217,555,365,370,1016,565,2095,426,730,169,856,707,125,367,811,544,164,614,272,618,673,445,785,282,492
1186,1238,571,235,1453,290,1334,426,464,555,1158,1613,2445,927,742,810,1015,2466,1387,177,797,1390,787,508,955,366,992,679,669,1782,2095,2011,770,1319,310,1532,1246,284,695,1497,943,286,1046,510,1140,1308,920,1447,505,967
257,235,123,54,282,65,274,80,109,109,238,318,514,187,148,177,220,506,274,38,152,301,170,113,180,69,184,142,133,331,426,770,79,267,77,311,266,42,134,321,209,57,232,97,214,275,176,292,116,196
484,398,179,69,475,95,408,137,162,216,400,522,873,304,242,283,341,911,450,62,282,475,284,216,298,123,323,222,225,616,730,1319,267,194,95,490,419,68,241,485,270,110,371,181,398,403,288,484,163,332
112,110,44,12,108,26,110,34,40,48,89,134,213,68,61,66,81,202,116,17,62,124,68,42,70,26,73,55,62,126,169,310,77,95,13,130,122,21,51,114,81,15,87,38,87,113,69,116,43,63
542,445,213,93,533,115,507,181,168,197,440,607,1018,344,288,288,395,1063,555,56,261,581,321,207,329,122,340,237,286,687,856,1532,311,490,130,291,496,93,303,550,367,114,409,220,460,507,323,580,199,339
485,401,185,85,495,102,459,147,158,199,387,526,829,302,260,315,332,835,499,67,232,491,276,193,313,108,337,236,241,599,707,1246,266,419,122,496,221,78,215,495,294,108,382,184,375,430,309,468,170,289
83,85,24,18,98,22,84,28,25,34,68,118,141,59,37,54,63,127,84,6,41,87,48,45,51,12,55,37,47,104,125,284,42,68,21,93,78,6,51,97,61,12,59,40,69,67,47,98,29,70
239,211,107,41,259,64,246,75,74,106,222,283,483,174,153,149,181,480,242,28,143,252,148,106,160,41,153,127,121,342,367,695,134,241,51,303,215,51,64,269,179,47,203,78,215,226,157,260,90,186
452,471,235,83,530,110,519,157,187,211,451,598,963,322,296,340,357,1001,534,72,294,563,340,217,364,125,355,249,273,673,811,1497,321,485,114,550,495,97,269,283,345,120,419,219,427,499,386,589,194,335
317,296,143,55,328,87,290,95,107,113,276,406,635,198,178,181,245,647,334,44,177,359,188,133,223,69,223,150,167,395,544,943,209,270,81,367,294,61,179,345,102,56,266,125,251,297,216,343,142,227
113,87,31,19,89,25,110,27,31,52,108,121,204,84,66,63,78,176,98,13,60,110,66,55,83,32,85,37,61,127,164,286,57,110,15,114,108,12,47,120,56,5,71,44,101,92,61,108,41,72
382,345,148,67,368,97,373,130,136,148,314,419,644,276,226,258,284,674,408,55,231,430,227,163,277,90,265,175,201,474,614,1046,232,371,87,409,382,59,203,419,266,71,158,163,344,352,257,403,128,252
195,172,76,35,175,41,189,44,54,73,169,219,316,118,93,112,127,330,170,20,91,179,108,78,121,48,133,79,95,206,272,510,97,181,38,220,184,40,78,219,125,44,163,29,134,172,112,207,57,114
430,318,175,85,411,100,388,112,138,152,303,461,767,260,200,229,299,761,391,56,207,415,225,166,238,107,278,170,204,514,618,1140,214,398,87,460,375,69,215,427,251,101,344,134,154,372,245,439,144,262
476,398,177,80,462,96,445,145,145,181,367,558,836,276,242,263,318,857,473,71,240,471,277,175,308,127,327,200,233,576,673,1308,275,403,113,507,430,67,226,499,297,92,352,172,372,205,291,491,174,304
313,287,136,56,298,82,300,87,97,124,257,348,599,191,165,170,224,575,319,33,178,321,172,131,177,82,197,133,165,366,445,920,176,288,69,323,309,47,157,386,216,61,257,112,245,291,91,374,129,192
475,463,216,84,510,115,481,146,179,187,427,577,970,354,270,297,387,1011,492,76,321,519,302,208,370,148,368,258,276,676,785,1447,292,484,116,580,468,98,260,589,343,108,403,207,439,491,374,285,181,341
176,161,69,29,210,37,166,53,61,71,157,223,348,139,102,94,141,330,168,21,102,200,106,83,122,57,145,89,99,234,282,505,116,163,43,199,170,29,90,194,142,41,128,57,144,174,129,181,31,123
402,294,171,62,344,84,341,104,128,162,285,370,618,203,175,195,209,628,315,32,200,338,230,150,227,90,209,157,180,417,492,967,196,332,63,339,289,70,186,335,227,72,252,114,262,304,192,341,123,127
