225,436,208,87,526,99,438,150,158,236,430,494,821,374,315,341,352,803,489,71,332,483,361,230,335,165,366,285,309,589,670,1147,228,487,94,470,458,99,210,455,330,110,372,198,394,387,343,490,158,360
436,180,130,78,449,96,395,123,141,184,400,506,794,261,216,249,297,765,439,54,213,424,243,183,265,110,271,208,235,520,689,1195,216,393,94,431,421,66,224,479,314,79,345,172,331,414,268,423,145,291
208,130,34,44,204,40,170,53,64,96,177,212,364,128,95,93,134,357,215,25,102,205,101,73,133,47,141,85,83,243,325,510,114,180,37,221,177,35,92,182,130,33,146,70,152,199,116,189,74,126
87,78,44,9,89,18,79,27,27,37,75,75,155,66,46,43,62,160,90,12,53,80,62,38,65,25,70,34,46,113,139,238,48,75,21,84,73,12,36,69,43,23,58,34,79,78,55,83,31,58
526,449,204,89,262,117,451,157,195,207,431,554,873,335,267,320,385,865,539,58,267,575,297,185,353,120,310,231,243,676,796,1386,258,472,116,553,492,97,244,542,297,97,382,193,383,457,318,548,175,343
99,96,40,18,117,12,90,36,41,49,93,123,207,86,65,72,82,187,116,17,62,122,77,50,93,32,88,47,66,141,161,284,56,111,27,110,116,16,59,93,75,25,91,42,88,112,65,104,44,74
438,395,170,79,451,90,227,169,134,186,369,526,869,354,267,270,368,846,464,61,246,473,271,185,312,128,336,206,251,576,670,1362,278,460,88,529,431,63,261,485,315,97,381,165,369,466,297,507,159,324
150,123,53,27,157,36,169,31,43,77,135,183,321,98,79,81,109,297,156,13,90,162,89,52,86,40,100,80,80,171,253,437,88,153,39,129,140,27,83,191,104,34,110,54,131,159,93,146,52,100
158,141,64,27,195,41,134,43,25,79,152,195,316,109,87,94,130,308,157,23,97,164,100,63,105,47,111,73,68,199,262,461,85,141,27,170,152,21,75,182,99,38,127,59,132,153,102,162,53,115
236,184,96,37,207,49,186,77,79,39,167,249,379,133,123,126,136,357,212,25,111,225,128,86,129,45,122,104,121,240,311,587,125,189,55,198,182,36,130,233,129,39,157,73,177,185,118,223,92,148
430,400,177,75,431,93,369,135,152,167,195,511,782,280,248,266,307,749,435,50,229,447,241,197,288,122,283,215,243,541,619,1192,232,400,97,448,423,71,236,475,260,94,323,159,358,415,265,434,159,323
494,506,212,75,554,123,526,183,195,249,511,300,948,357,315,326,403,1016,551,70,320,609,337,260,340,152,401,272,265,744,911,1527,307,520,129,599,518,92,293,637,370,122,411,197,456,524,345,590,194,419
821,794,364,155,873,207,869,321,316,379,782,948,777,614,464,521,684,1411,930,104,500,918,506,376,611,255,644,461,461,1113,1310,2352,465,844,208,978,746,142,486,981,621,184,669,324,709,826,598,925,311,617
374,261,128,66,335,86,354,98,109,133,280,357,614,105,175,163,245,587,300,46,161,330,223,135,226,81,212,157,184,435,499,927,206,340,78,332,296,49,160,358,231,72,262,138,299,294,198,377,133,231
315,216,95,46,267,65,267,79,87,123,248,315,464,175,71,139,184,456,267,29,123,247,168,110,190,65,176,126,127,333,399,697,154,238,53,257,234,36,125,302,181,60,242,88,216,237,169,302,95,199
341,249,93,43,320,72,270,81,94,126,266,326,521,163,139,70,226,531,302,36,133,287,182,118,186,74,180,132,156,385,438,834,148,247,62,310,257,44,151,316,163,61,236,96,227,282,193,330,111,200
352,297,134,62,385,82,368,109,130,136,307,403,684,245,184,226,135,633,376,54,198,367,222,134,236,90,225,178,193,444,564,1011,215,334,84,371,356,71,171,423,242,62,264,159,277,306,254,375,146,256
803,765,357,160,865,187,846,297,308,357,749,1016,1411,587,456,531,633,755,936,109,489,900,480,356,581,243,601,447,453,1074,1287,2389,486,797,198,962,777,127,457,956,604,180,706,312,693,794,573,928,314,616
489,439,215,90,539,116,464,156,157,212,435,551,930,300,267,302,376,936,287,49,280,497,313,215,337,108,307,247,272,617,728,1411,265,444,110,512,439,67,260,554,326,113,394,179,410,470,308,536,174,369
71,54,25,12,58,17,61,13,23,25,50,70,104,46,29,36,54,109,49,1,24,52,34,21,33,16,38,31,33,67,91,175,37,59,9,71,65,10,26,74,38,8,58,19,31,55,37,84,27,43
332,213,102,53,267,62,246,90,97,111,229,320,500,161,123,133,198,489,280,24,70,291,145,121,165,76,177,114,153,337,431,757,143,259,74,297,280,49,138,302,202,59,201,104,205,260,160,284,96,151
483,424,205,80,575,122,473,162,164,225,447,609,918,330,247,287,367,900,497,52,291,250,315,199,356,130,338,261,267,630,710,1346,255,482,107,540,451,73,270,518,318,107,418,186,404,460,325,546,161,377
361,243,101,62,297,77,271,89,100,128,241,337,506,223,168,182,222,480,313,34,145,315,75,112,198,68,195,130,142,367,429,782,151,279,63,315,282,50,176,323,178,71,266,131,237,255,187,316,123,203
230,183,73,38,185,50,185,52,63,86,197,260,376,135,110,118,134,356,215,21,121,199,112,36,113,58,143,93,93,244,286,554,114,180,48,203,202,21,112,207,141,44,163,66,139,189,103,199,65,130
335,265,133,65,353,93,312,86,105,129,288,340,611,226,190,186,236,581,337,33,165,356,198,113,95,88,205,165,183,418,483,911,166,321,71,331,287,53,152,366,237,78,256,135,227,324,192,320,111,235
165,110,47,25,120,32,128,40,47,45,122,152,255,81,65,74,90,243,108,16,76,130,68,58,88,17,83,54,66,165,200,349,77,120,31,137,117,15,67,134,81,29,99,44,110,131,71,118,47,82
366,271,141,70,310,88,336,100,111,122,283,401,644,212,176,180,225,601,307,38,177,338,195,143,205,83,108,149,178,416,503,947,173,311,84,339,325,50,182,394,209,66,265,140,247,332,165,338,142,236
285,208,85,34,231,47,206,80,73,104,215,272,461,157,126,132,178,447,247,31,114,261,130,93,165,54,149,62,126,315,313,650,136,228,64,229,230,45,115,220,167,52,163,87,199,199,140,230,102,154
309,235,83,46,243,66,251,80,68,121,243,265,461,184,127,156,193,453,272,33,153,267,142,93,183,66,178,126,72,316,410,686,132,236,59,275,255,27,129,285,156,37,182,98,213,213,154,289,87,181
589,520,243,113,676,141,576,171,199,240,541,744,1113,435,333,385,444,1074,617,67,337,630,367,244,418,165,416,315,316,397,948,1798,347,566,117,645,577,105,307,699,375,116,477,249,499,534,439,662,223,442
670,689,325,139,796,161,670,253,262,311,619,911,1310,499,399,438,564,1287,728,91,431,710,429,286,483,200,503,313,410,948,532,2009,387,649,164,797,655,116,389,750,509,132,568,283,576,655,458,716,277,504
1147,1195,510,238,1386,284,1362,437,461,587,1192,1527,2352,927,697,834,1011,2389,1411,175,757,1346,782,554,911,349,947,650,686,1798,2009,1854,690,1261,324,1541,1226,212,771,1441,936,295,1035,492,1096,1302,913,1420,496,955
228,216,114,48,258,56,278,88,85,125,232,307,465,206,154,148,215,486,265,37,143,255,151,114,166,77,173,136,132,347,387,690,72,255,68,274,244,48,128,292,190,67,203,103,198,251,165,260,100,173
487,393,180,75,472,111,460,153,141,189,400,520,844,340,238,247,334,797,444,59,259,482,279,180,321,120,311,228,236,566,649,1261,255,221,108,475,433,73,249,480,261,118,355,189,430,461,298,485,174,306
94,94,37,21,116,27,88,39,27,55,97,129,208,78,53,62,84,198,110,9,74,107,63,48,71,31,84,64,59,117,164,324,68,108,14,113,92,14,55,109,79,22,90,31,86,110,70,120,42,94
470,431,221,84,553,110,529,129,170,198,448,599,978,332,257,310,371,962,512,71,297,540,315,203,331,137,339,229,275,645,797,1541,274,475,113,258,491,80,215,593,357,113,385,220,429,476,312,549,187,347
458,421,177,73,492,116,431,140,152,182,423,518,746,296,234,257,356,777,439,65,280,451,282,202,287,117,325,230,255,577,655,1226,244,433,92,491,230,64,224,455,303,108,357,173,391,444,267,438,162,316
99,66,35,12,97,16,63,27,21,36,71,92,142,49,36,44,71,127,67,10,49,73,50,21,53,15,50,45,27,105,116,212,48,73,14,80,64,6,40,91,59,17,69,30,62,58,57,83,27,65
210,224,92,36,244,59,261,83,75,130,236,293,486,160,125,151,171,457,260,26,138,270,176,112,152,67,182,115,129,307,389,771,128,249,55,215,224,40,66,276,161,56,180,101,224,235,158,269,99,183
455,479,182,69,542,93,485,191,182,233,475,637,981,358,302,316,423,956,554,74,302,518,323,207,366,134,394,220,285,699,750,1441,292,480,109,593,455,91,276,258,335,111,401,213,439,469,339,532,183,361
330,314,130,43,297,75,315,104,99,129,260,370,621,231,181,163,242,604,326,38,202,318,178,141,237,81,209,167,156,375,509,936,190,261,79,357,303,59,161,335,121,58,230,117,297,310,210,323,112,225
110,79,33,23,97,25,97,34,38,39,94,122,184,72,60,61,62,180,113,8,59,107,71,44,78,29,66,52,37,116,132,295,67,118,22,113,108,17,56,111,58,11,77,45,85,106,63,104,39,74
372,345,146,58,382,91,381,110,127,157,323,411,669,262,242,236,264,706,394,58,201,418,266,163,256,99,265,163,182,477,568,1035,203,355,90,385,357,69,180,401,230,77,153,138,315,314,234,383,138,270
198,172,70,34,193,42,165,54,59,73,159,197,324,138,88,96,159,312,179,19,104,186,131,66,135,44,140,87,98,249,283,492,103,189,31,220,173,30,101,213,117,45,138,33,164,158,124,207,70,127
394,331,152,79,383,88,369,131,132,177,358,456,709,299,216,227,277,693,410,31,205,404,237,139,227,110,247,199,213,499,576,1096,198,430,86,429,391,62,224,439,297,85,315,164,160,386,225,408,128,279
387,414,199,78,457,112,466,159,153,185,415,524,826,294,237,282,306,794,470,55,260,460,255,189,324,131,332,199,213,534,655,1302,251,461,110,476,444,58,235,469,310,106,314,158,386,213,290,504,187,277
343,268,116,55,318,65,297,93,102,118,265,345,598,198,169,193,254,573,308,37,160,325,187,103,192,71,165,140,154,439,458,913,165,298,70,312,267,57,158,339,210,63,234,124,225,290,112,311,127,201
490,423,189,83,548,104,507,146,162,223,434,590,925,377,302,330,375,928,536,84,284,546,316,199,320,118,338,230,289,662,716,1420,260,485,120,549,438,83,269,532,323,104,383,207,408,504,311,258,194,380
158,145,74,31,175,44,159,52,53,92,159,194,311,133,95,111,146,314,174,27,96,161,123,65,111,47,142,102,87,223,277,496,100,174,42,187,162,27,99,183,112,39,138,70,128,187,127,194,35,138
360,291,126,58,343,74,324,100,115,148,323,419,617,231,199,200,256,616,369,43,151,377,203,130,235,82,236,154,181,442,504,955,173,306,94,347,316,65,183,361,225,74,270,127,279,277,201,380,138,126
