246,468,187,83,462,103,497,178,146,230,425,521,817,356,279,312,351,773,468,61,319,468,343,218,376,142,347,278,316,616,649,1205,239,445,112,496,488,88,258,442,307,103,365,170,449,382,307,501,169,346
468,205,159,68,450,90,406,145,126,193,423,499,777,296,239,232,314,763,448,49,205,459,248,176,267,116,292,179,236,512,653,1195,246,396,105,438,420,70,224,468,303,92,361,162,353,408,302,431,162,317
187,159,38,49,214,55,220,56,57,71,151,212,349,130,96,105,122,368,200,24,99,199,125,68,139,44,127,108,100,222,316,533,114,205,45,185,207,38,92,237,132,34,148,80,190,156,148,212,92,142
83,68,49,4,83,13,77,25,32,40,69,86,145,79,53,56,64,146,81,13,53,95,56,36,64,21,49,41,41,113,133,212,48,74,18,81,73,19,29,71,35,16,70,20,82,72,46,77,28,67
462,450,214,83,258,100,461,157,153,221,431,537,861,363,264,307,370,850,494,63,298,505,314,209,334,142,368,200,264,626,747,1389,280,486,118,515,486,91,253,517,327,100,358,192,389,465,311,504,187,354
103,90,55,13,100,11,86,31,35,50,97,122,188,78,57,65,79,189,106,14,74,130,76,45,73,28,70,66,62,143,179,263,61,94,24,107,92,21,46,111,71,24,87,35,101,113,62,96,32,88
497,406,220,77,461,86,217,147,148,211,412,538,828,355,266,261,354,876,484,53,268,467,286,180,318,132,314,242,281,542,683,1274,296,423,106,515,435,85,228,458,307,87,326,162,399,454,306,465,181,364
178,145,56,25,157,31,147,17,49,67,110,174,301,99,78,68,115,298,138,20,79,157,97,63,118,39,121,78,76,173,217,440,86,148,21,165,155,31,75,154,127,26,120,58,146,155,100,165,59,119
146,126,57,32,153,35,148,49,23,81,143,180,294,100,80,76,94,281,161,22,85,144,93,66,101,45,112,74,89,210,254,473,90,168,39,156,148,26,79,175,119,28,120,61,129,140,102,163,61,117
230,193,71,40,221,50,211,67,81,43,165,235,377,154,99,120,136,363,194,17,92,225,147,92,141,50,129,108,107,244,290,526,114,195,51,204,202,32,120,203,142,48,167,82,175,164,123,208,79,143
425,423,151,69,431,97,412,110,143,165,187,470,745,275,216,231,292,810,411,46,262,423,255,165,322,100,280,213,238,539,594,1136,208,398,98,449,370,63,186,422,284,76,343,158,360,378,304,409,143,285
521,499,212,86,537,122,538,174,180,235,470,318,1012,370,290,329,425,978,584,66,329,573,345,225,357,126,375,276,267,679,840,1520,278,522,118,603,534,96,268,594,370,111,428,204,404,467,319,580,208,384
817,777,349,145,861,188,828,301,294,377,745,1012,763,572,457,580,670,1351,909,111,486,913,526,347,590,214,622,439,448,1120,1335,2351,476,841,200,981,880,139,452,953,583,193,646,320,740,817,550,910,299,585
356,296,130,79,363,78,355,99,100,154,275,370,572,115,178,199,262,567,323,43,167,329,201,143,211,66,203,162,155,382,486,908,175,332,62,333,323,64,182,351,212,64,232,121,259,297,201,335,126,245
279,239,96,53,264,57,266,78,80,99,216,290,457,178,56,131,227,463,290,38,149,290,166,106,158,78,165,129,122,314,412,716,145,259,68,289,277,46,142,277,193,52,214,106,204,256,153,286,107,181
312,232,105,56,307,65,261,68,76,120,231,329,580,199,131,76,235,562,300,34,160,317,170,117,156,69,173,135,150,368,462,841,153,260,54,285,302,44,143,301,203,46,260,98,226,285,156,326,107,187
351,314,122,64,370,79,354,115,94,136,292,425,670,262,227,235,139,626,333,46,195,352,195,150,231,89,227,162,178,427,551,1077,196,331,82,405,360,55,189,399,238,67,260,138,275,314,211,383,132,235
773,763,368,146,850,189,876,298,281,363,810,978,1351,567,463,562,626,768,944,114,494,967,498,365,579,211,588,412,471,1158,1373,2337,457,850,190,952,852,141,461,1004,576,207,666,328,765,818,548,940,279,625
468,448,200,81,494,106,484,138,161,194,411,584,909,323,290,300,333,944,245,59,287,487,308,206,333,151,319,213,237,629,751,1417,269,470,107,489,474,96,271,540,335,91,369,210,402,481,316,547,177,342
61,49,24,13,63,14,53,20,22,17,46,66,111,43,38,34,46,114,59,4,37,75,30,30,35,14,34,32,35,76,93,169,23,62,9,69,64,12,30,52,42,16,48,27,49,57,35,68,16,35
319,205,99,53,298,74,268,79,85,92,262,329,486,167,149,160,195,494,287,37,63,295,149,85,176,79,172,132,121,319,445,775,157,275,52,289,245,41,137,278,180,64,213,116,210,233,192,308,114,190
468,459,199,95,505,130,467,157,144,225,423,573,913,329,290,317,352,967,487,75,295,259,310,214,326,142,301,254,254,648,721,1419,297,491,105,475,511,89,245,525,364,87,383,207,396,502,336,528,176,350
343,248,125,56,314,76,286,97,93,147,255,345,526,201,166,170,195,498,308,30,149,310,95,113,204,78,187,156,146,351,416,839,142,313,60,296,303,50,148,321,196,61,248,94,240,264,191,300,102,225
218,176,68,36,209,45,180,63,66,92,165,225,347,143,106,117,150,365,206,30,85,214,113,48,141,44,135,88,110,278,289,534,91,211,45,231,191,41,116,216,127,52,160,84,157,175,148,214,76,125
376,267,139,64,334,73,318,118,101,141,322,357,590,211,158,156,231,579,333,35,176,326,204,141,113,78,213,154,165,389,483,875,186,330,77,323,327,55,153,360,219,57,251,118,286,295,199,316,128,230
142,116,44,21,142,28,132,39,45,50,100,126,214,66,78,69,89,211,151,14,79,142,78,44,78,22,81,50,61,168,173,357,62,135,36,117,116,15,51,131,102,29,104,39,99,123,65,123,57,86
347,292,127,49,368,70,314,121,112,129,280,375,622,203,165,173,227,588,319,34,172,301,187,135,213,81,125,126,157,425,502,981,196,338,74,315,344,46,170,362,249,77,280,116,261,317,186,356,124,238
278,179,108,41,200,66,242,78,74,108,213,276,439,162,129,135,162,412,213,32,132,254,156,88,154,50,126,48,103,302,330,637,151,244,49,212,211,33,119,244,136,48,208,77,190,202,141,245,93,172
316,236,100,41,264,62,281,76,89,107,238,267,448,155,122,150,178,471,237,35,121,254,146,110,165,61,157,103,57,332,387,684,132,242,53,276,246,43,142,292,163,59,178,101,196,228,152,274,96,195
616,512,222,113,626,143,542,173,210,244,539,679,1120,382,314,368,427,1158,629,76,319,648,351,278,389,168,425,302,332,368,950,1769,314,574,155,661,582,102,287,626,407,121,470,229,489,574,391,651,217,400
649,653,316,133,747,179,683,217,254,290,594,840,1335,486,412,462,551,1373,751,93,445,721,416,289,483,173,502,330,387,950,516,1992,402,723,155,791,675,132,368,810,507,131,563,280,582,684,446,771,263,460
1205,1195,533,212,1389,263,1274,440,473,526,1136,1520,2351,908,716,841,1077,2337,1417,169,775,1419,839,534,875,357,981,637,684,1769,1992,1818,691,1293,321,1497,1290,216,715,1425,900,285,1021,495,1136,1243,868,1371,476,928
239,246,114,48,280,61,296,86,90,114,208,278,476,175,145,153,196,457,269,23,157,297,142,91,186,62,196,151,132,314,402,691,79,257,60,303,241,41,139,299,163,67,203,90,222,236,169,298,94,192
445,396,205,74,486,94,423,148,168,195,398,522,841,332,259,260,331,850,470,62,275,491,313,211,330,135,338,244,242,574,723,1293,257,238,102,495,426,82,225,507,320,93,365,177,377,425,293,454,179,329
112,105,45,18,118,24,106,21,39,51,98,118,200,62,68,54,82,190,107,9,52,105,60,45,77,36,74,49,53,155,155,321,60,102,7,129,100,20,44,119,88,18,80,29,88,81,57,119,40,82
496,438,185,81,515,107,515,165,156,204,449,603,981,333,289,285,405,952,489,69,289,475,296,231,323,117,315,212,276,661,791,1497,303,495,129,298,484,83,272,582,351,99,407,202,402,459,294,545,192,337
488,420,207,73,486,92,435,155,148,202,370,534,880,323,277,302,360,852,474,64,245,511,303,191,327,116,344,211,246,582,675,1290,241,426,100,484,217,81,234,474,320,81,348,174,382,399,323,491,183,346
88,70,38,19,91,21,85,31,26,32,63,96,139,64,46,44,55,141,96,12,41,89,50,41,55,15,46,33,43,102,132,216,41,82,20,83,81,6,36,81,57,12,73,40,82,87,44,94,24,49
258,224,92,29,253,46,228,75,79,120,186,268,452,182,142,143,189,461,271,30,137,245,148,116,153,51,170,119,142,287,368,715,139,225,44,272,234,36,62,274,178,52,196,92,233,226,146,276,82,197
442,468,237,71,517,111,458,154,175,203,422,594,953,351,277,301,399,1004,540,52,278,525,321,216,360,131,362,244,292,626,810,1425,299,507,119,582,474,81,274,271,350,105,426,206,418,441,360,541,188,361
307,303,132,35,327,71,307,127,119,142,284,370,583,212,193,203,238,576,335,42,180,364,196,127,219,102,249,136,163,407,507,900,163,320,88,351,320,57,178,350,106,74,234,125,262,278,210,318,140,245
103,92,34,16,100,24,87,26,28,48,76,111,193,64,52,46,67,207,91,16,64,87,61,52,57,29,77,48,59,121,131,285,67,93,18,99,81,12,52,105,74,7,88,41,82,88,50,122,31,78
365,361,148,70,358,87,326,120,120,167,343,428,646,232,214,260,260,666,369,48,213,383,248,160,251,104,280,208,178,470,563,1021,203,365,80,407,348,73,196,426,234,88,125,143,312,317,229,402,149,271
170,162,80,20,192,35,162,58,61,82,158,204,320,121,106,98,138,328,210,27,116,207,94,84,118,39,116,77,101,229,280,495,90,177,29,202,174,40,92,206,125,41,143,34,139,176,102,202,61,127
449,353,190,82,389,101,399,146,129,175,360,404,740,259,204,226,275,765,402,49,210,396,240,157,286,99,261,190,196,489,582,1136,222,377,88,402,382,82,233,418,262,82,312,139,147,353,258,412,152,295
382,408,156,72,465,113,454,155,140,164,378,467,817,297,256,285,314,818,481,57,233,502,264,175,295,123,317,202,228,574,684,1243,236,425,81,459,399,87,226,441,278,88,317,176,353,212,258,475,140,276
307,302,148,46,311,62,306,100,102,123,304,319,550,201,153,156,211,548,316,35,192,336,191,148,199,65,186,141,152,391,446,868,169,293,57,294,323,44,146,360,210,50,229,102,258,258,79,302,99,227
501,431,212,77,504,96,465,165,163,208,409,580,910,335,286,326,383,940,547,68,308,528,300,214,316,123,356,245,274,651,771,1371,298,454,119,545,491,94,276,541,318,122,402,202,412,475,302,270,190,346
169,162,92,28,187,32,181,59,61,79,143,208,299,126,107,107,132,279,177,16,114,176,102,76,128,57,124,93,96,217,263,476,94,179,40,192,183,24,82,188,140,31,149,61,152,140,99,190,34,108
346,317,142,67,354,88,364,119,117,143,285,384,585,245,181,187,235,625,342,35,190,350,225,125,230,86,238,172,195,400,460,928,192,329,82,337,346,49,197,361,245,78,271,127,295,276,227,346,108,120
