271,487,221,90,520,116,461,192,155,245,442,510,800,395,325,353,361,787,532,81,335,529,361,215,380,161,393,261,293,649,704,1132,244,491,128,474,526,69,233,494,323,114,339,160,405,407,329,479,156,368
487,199,170,91,449,107,430,137,144,165,373,467,744,261,199,232,350,774,455,57,230,439,246,174,298,106,302,187,213,559,633,1194,230,416,95,490,406,64,225,496,305,98,358,153,356,395,251,466,164,304
221,170,39,39,178,50,178,58,63,97,185,235,358,126,97,107,128,353,197,24,104,196,123,77,111,47,126,88,103,252,308,576,104,220,44,215,207,32,88,221,115,33,150,54,144,205,117,211,101,142
90,91,39,4,84,11,73,25,19,37,74,96,144,51,53,52,47,146,86,9,50,99,60,31,57,32,69,48,49,108,132,238,38,77,22,75,74,12,45,56,56,24,62,29,68,76,53,90,34,62
520,449,178,84,271,105,491,152,166,217,425,577,946,344,279,315,360,948,550,38,290,522,287,215,354,121,324,226,266,662,770,1440,289,499,117,523,488,90,247,534,358,114,388,174,409,486,317,471,193,370
116,107,50,11,105,13,106,33,23,52,98,112,201,65,70,84,86,202,108,11,79,109,80,44,75,34,85,67,64,159,172,260,50,108,27,113,88,17,54,97,85,26,66,49,102,116,70,107,43,89
461,430,178,73,491,106,246,144,160,199,407,537,869,291,269,282,377,846,489,54,263,528,280,199,315,144,346,231,274,580,736,1273,253,434,96,545,440,88,234,512,324,102,384,179,385,429,294,506,184,336
192,137,58,25,152,33,144,22,44,81,145,164,293,84,77,81,103,273,163,18,79,146,90,57,96,28,93,62,70,173,221,443,82,152,32,149,145,24,73,160,108,28,120,53,109,139,86,172,54,108
155,144,63,19,166,23,160,44,18,72,135,197,345,96,84,107,98,337,172,20,95,177,87,56,99,39,105,69,79,198,275,473,84,156,38,166,149,28,74,186,130,40,113,61,141,142,111,182,58,131
245,165,97,37,217,52,199,81,72,50,185,237,336,149,108,112,148,332,193,29,109,183,137,69,151,54,139,101,109,259,294,555,119,198,45,227,203,34,118,197,142,48,156,65,166,183,131,222,93,158
442,373,185,74,425,98,407,145,135,185,201,471,712,284,223,237,299,755,432,56,236,409,264,176,277,112,297,219,215,543,662,1178,244,413,101,452,399,82,211,431,320,94,347,153,340,387,262,430,171,311
510,467,235,96,577,112,537,164,197,237,471,312,931,373,288,312,405,976,527,62,288,564,321,233,373,136,368,261,259,720,818,1606,310,511,119,607,511,92,277,585,373,133,466,218,430,496,335,599,198,373
800,744,358,144,946,201,869,293,345,336,712,931,773,589,470,515,679,1459,910,113,551,910,519,339,646,217,593,442,416,1096,1341,2353,479,853,204,985,756,163,487,928,615,203,674,351,734,818,573,924,329,641
395,261,126,51,344,65,291,84,96,149,284,373,589,97,175,171,242,547,336,35,179,323,201,134,229,77,196,170,185,407,498,897,163,302,79,368,308,60,171,352,216,64,271,116,265,271,191,332,122,232
325,199,97,53,279,70,269,77,84,108,223,288,470,175,69,135,205,485,271,33,145,271,168,88,166,68,166,124,109,324,392,737,160,264,62,277,275,46,123,286,169,48,210,93,230,240,158,302,107,183
353,232,107,52,315,84,282,81,107,112,237,312,515,171,135,78,215,526,294,35,143,307,167,104,172,79,189,131,150,332,455,820,175,283,64,300,285,59,122,307,174,47,255,94,246,250,154,308,101,191
361,350,128,47,360,86,377,103,98,148,299,405,679,242,205,215,130,656,379,49,207,368,216,146,238,95,249,190,192,431,539,1024,175,339,80,377,357,63,181,397,261,86,307,141,297,296,228,380,141,256
787,774,353,146,948,202,846,273,337,332,755,976,1459,547,485,526,656,778,947,114,501,910,486,331,627,220,622,447,426,1068,1340,2408,495,831,199,912,823,167,454,975,620,205,674,345,723,815,592,928,319,603
532,455,197,86,550,108,489,163,172,193,432,527,910,336,271,294,379,947,290,63,274,487,287,206,336,120,363,223,238,644,722,1458,255,474,112,590,496,92,285,521,315,116,411,166,402,465,347,541,212,358
81,57,24,9,38,11,54,18,20,29,56,62,113,35,33,35,49,114,63,3,31,59,50,21,40,17,41,26,27,75,77,180,37,52,13,67,58,14,28,68,37,18,45,28,44,53,31,65,31,44
335,230,104,50,290,79,263,79,95,109,236,288,551,179,145,143,207,501,274,31,72,269,150,108,183,81,207,127,135,314,429,838,154,253,57,286,255,44,138,297,179,51,212,84,204,271,150,294,106,178
529,439,196,99,522,109,528,146,177,183,409,564,910,323,271,307,368,910,487,59,269,278,293,205,346,140,373,239,289,656,728,1395,251,481,119,564,503,83,246,561,324,118,410,165,422,449,290,533,199,335
361,246,123,60,287,80,280,90,87,137,264,321,519,201,168,167,216,486,287,50,150,293,82,104,202,61,176,127,148,346,441,821,149,272,71,286,277,38,145,306,218,66,210,98,217,270,196,304,121,226
215,174,77,31,215,44,199,57,56,69,176,233,339,134,88,104,146,331,206,21,108,205,104,33,134,46,138,85,102,252,310,526,94,192,43,222,181,32,99,229,149,56,151,77,174,179,105,216,63,138
380,298,111,57,354,75,315,96,99,151,277,373,646,229,166,172,238,627,336,40,183,346,202,134,124,72,218,148,158,443,496,957,181,307,72,324,328,67,166,373,223,67,255,109,274,330,205,353,133,220
161,106,47,32,121,34,144,28,39,54,112,136,217,77,68,79,95,220,120,17,81,140,61,46,72,14,82,51,68,162,163,349,61,128,31,140,137,27,50,132,81,26,106,36,103,116,72,133,37,99
393,302,126,69,324,85,346,93,105,139,297,368,593,196,166,189,249,622,363,41,207,373,176,138,218,82,120,164,160,417,484,905,155,337,95,350,349,60,161,386,265,77,286,123,275,319,190,346,120,229
261,187,88,48,226,67,231,62,69,101,219,261,442,170,124,131,190,447,223,26,127,239,127,85,148,51,164,48,118,280,314,664,145,230,45,268,255,39,99,216,138,50,186,75,184,219,147,264,99,151
293,213,103,49,266,64,274,70,79,109,215,259,416,185,109,150,192,426,238,27,135,289,148,102,158,68,160,118,62,312,367,684,129,240,60,232,251,48,116,288,154,54,199,88,202,230,153,268,97,165
649,559,252,108,662,159,580,173,198,259,543,720,1096,407,324,332,431,1068,644,75,314,656,346,252,443,162,417,280,312,413,932,1794,365,544,145,651,591,113,296,708,441,131,483,232,494,584,427,642,223,413
704,633,308,132,770,172,736,221,275,294,662,818,1341,498,392,455,539,1340,722,77,429,728,441,310,496,163,484,314,367,932,568,2008,388,711,178,832,703,115,390,810,493,177,574,266,597,705,518,764,277,513
1132,1194,576,238,1440,260,1273,443,473,555,1178,1606,2353,897,737,820,1024,2408,1458,180,838,1395,821,526,957,349,905,664,684,1794,2008,1752,656,1300,319,1506,1253,251,715,1435,913,278,1072,520,1093,1277,865,1408,487,957
244,230,104,38,289,50,253,82,84,119,244,310,479,163,160,175,175,495,255,37,154,251,149,94,181,61,155,145,129,365,388,656,58,237,75,310,239,54,141,301,185,52,212,122,225,265,176,273,98,202
491,416,220,77,499,108,434,152,156,198,413,511,853,302,264,283,339,831,474,52,253,481,272,192,307,128,337,230,240,544,711,1300,237,236,101,466,448,70,244,480,299,113,359,159,392,457,285,511,162,313
128,95,44,22,117,27,96,32,38,45,101,119,204,79,62,64,80,199,112,13,57,119,71,43,72,31,95,45,60,145,178,319,75,101,14,133,109,18,57,97,76,27,91,55,84,99,79,116,45,92
474,490,215,75,523,113,545,149,166,227,452,607,985,368,277,300,377,912,590,67,286,564,286,222,324,140,350,268,232,651,832,1506,310,466,133,294,505,71,250,602,344,134,422,208,399,460,312,569,187,328
526,406,207,74,488,88,440,145,149,203,399,511,756,308,275,285,357,823,496,58,255,503,277,181,328,137,349,255,251,591,703,1253,239,448,109,505,215,77,240,513,335,103,352,199,409,410,314,473,182,335
69,64,32,12,90,17,88,24,28,34,82,92,163,60,46,59,63,167,92,14,44,83,38,32,67,27,60,39,48,113,115,251,54,70,18,71,77,7,43,87,59,19,54,30,63,84,45,87,32,46
233,225,88,45,247,54,234,73,74,118,211,277,487,171,123,122,181,454,285,28,138,246,145,99,166,50,161,99,116,296,390,715,141,244,57,250,240,43,64,264,192,48,201,82,196,237,146,270,83,170
494,496,221,56,534,97,512,160,186,197,431,585,928,352,286,307,397,975,521,68,297,561,306,229,373,132,386,216,288,708,810,1435,301,480,97,602,513,87,264,272,351,115,438,206,472,471,366,548,189,351
323,305,115,56,358,85,324,108,130,142,320,373,615,216,169,174,261,620,315,37,179,324,218,149,223,81,265,138,154,441,493,913,185,299,76,344,335,59,192,351,115,71,254,123,260,324,248,341,132,236
114,98,33,24,114,26,102,28,40,48,94,133,203,64,48,47,86,205,116,18,51,118,66,56,67,26,77,50,54,131,177,278,52,113,27,134,103,19,48,115,71,8,108,42,87,89,64,118,39,88
339,358,150,62,388,66,384,120,113,156,347,466,674,271,210,255,307,674,411,45,212,410,210,151,255,106,286,186,199,483,574,1072,212,359,91,422,352,54,201,438,254,108,144,139,317,356,249,376,126,265
160,153,54,29,174,49,179,53,61,65,153,218,351,116,93,94,141,345,166,28,84,165,98,77,109,36,123,75,88,232,266,520,122,159,55,208,199,30,82,206,123,42,139,34,147,181,115,168,78,135
405,356,144,68,409,102,385,109,141,166,340,430,734,265,230,246,297,723,402,44,204,422,217,174,274,103,275,184,202,494,597,1093,225,392,84,399,409,63,196,472,260,87,317,147,163,376,228,418,146,278
407,395,205,76,486,116,429,139,142,183,387,496,818,271,240,250,296,815,465,53,271,449,270,179,330,116,319,219,230,584,705,1277,265,457,99,460,410,84,237,471,324,89,356,181,376,214,281,473,168,314
329,251,117,53,317,70,294,86,111,131,262,335,573,191,158,154,228,592,347,31,150,290,196,105,205,72,190,147,153,427,518,865,176,285,79,312,314,45,146,366,248,64,249,115,228,281,92,312,126,218
479,466,211,90,471,107,506,172,182,222,430,599,924,332,302,308,380,928,541,65,294,533,304,216,353,133,346,264,268,642,764,1408,273,511,116,569,473,87,270,548,341,118,376,168,418,473,312,274,177,330
156,164,101,34,193,43,184,54,58,93,171,198,329,122,107,101,141,319,212,31,106,199,121,63,133,37,120,99,97,223,277,487,98,162,45,187,182,32,83,189,132,39,126,78,146,168,126,177,33,132
368,304,142,62,370,89,336,108,131,158,311,373,641,232,183,191,256,603,358,44,178,335,226,138,220,99,229,151,165,413,513,957,202,313,92,328,335,46,170,351,236,88,265,135,278,314,218,330,132,101
