251,452,206,107,515,118,543,186,170,248,438,516,839,400,306,342,391,773,542,71,310,538,363,193,343,139,371,289,319,593,711,1180,255,506,86,539,479,87,263,490,342,104,366,182,444,441,302,505,187,391
452,172,171,73,465,117,440,136,132,187,408,474,743,257,211,238,312,774,418,65,227,446,236,202,267,140,297,190,218,580,686,1238,222,392,82,453,429,74,229,460,293,96,307,171,373,400,234,468,156,283
206,171,42,41,218,62,202,56,54,89,187,238,387,135,115,116,132,381,194,21,116,222,122,90,117,44,135,87,109,257,310,574,107,195,51,199,217,27,92,224,122,48,142,68,167,175,125,212,84,144
107,73,41,8,91,20,79,31,19,46,83,86,124,56,54,52,78,129,76,9,50,89,57,42,54,19,61,42,56,104,135,200,39,89,24,98,84,17,52,78,47,15,68,28,85,67,56,83,30,59
515,465,218,91,256,117,478,161,169,212,421,570,911,335,261,274,349,909,517,67,293,528,305,198,352,132,333,238,270,630,782,1440,267,473,114,516,472,95,239,549,355,111,397,202,430,507,331,547,183,367
118,117,62,20,117,10,91,33,25,41,100,106,172,66,71,64,86,168,101,13,60,111,79,64,73,38,84,56,64,149,148,291,62,111,24,130,112,17,58,133,73,23,92,36,100,102,76,96,38,72
543,440,202,79,478,91,223,149,142,211,418,512,832,296,238,279,321,853,474,55,275,483,289,220,299,128,304,224,236,620,744,1311,245,485,109,529,469,87,232,530,335,102,372,192,369,436,296,480,183,340
186,136,56,31,161,33,149,20,55,56,123,146,277,109,72,80,104,283,158,22,77,161,94,59,90,31,86,60,79,198,246,466,90,133,36,153,147,20,60,179,104,23,120,52,131,153,104,159,55,103
170,132,54,19,169,25,142,55,30,56,140,186,293,116,89,81,133,321,178,27,80,179,93,71,102,38,103,82,75,218,247,440,104,161,39,151,134,29,81,174,102,22,132,52,120,151,115,181,65,110
248,187,89,46,212,41,211,56,56,37,159,213,391,148,156,137,146,379,217,28,112,219,141,98,158,54,170,109,109,261,297,601,112,201,51,214,205,31,114,215,146,50,135,76,177,190,136,226,78,147
438,408,187,83,421,100,418,123,140,159,168,449,798,293,255,252,311,773,410,57,236,434,276,198,295,109,336,202,225,491,634,1195,229,405,103,453,426,69,226,462,276,110,336,181,340,378,295,471,151,329
516,474,238,86,570,106,512,146,186,213,449,318,1051,324,278,288,426,978,577,75,278,556,332,221,355,129,344,248,277,719,869,1587,289,526,110,603,554,88,271,610,390,103,435,215,454,510,337,558,209,384
839,743,387,124,911,172,832,277,293,391,798,1051,785,584,500,529,700,1426,929,117,455,939,518,399,646,203,620,429,461,1123,1348,2429,439,842,204,1009,861,158,401,989,682,216,644,338,734,859,610,936,332,627
400,257,135,56,335,66,296,109,116,148,293,324,584,113,177,166,232,575,312,44,183,316,194,144,214,89,224,156,158,404,521,953,173,311,78,359,331,50,172,343,196,72,247,105,263,292,201,333,124,239
306,211,115,54,261,71,238,72,89,156,255,278,500,177,69,128,190,494,261,35,157,267,162,103,172,63,165,134,138,326,420,797,158,233,66,270,236,28,141,270,181,51,188,98,177,246,169,277,99,184
342,238,116,52,274,64,279,80,81,137,252,288,529,166,128,76,222,536,288,32,167,298,182,119,185,59,183,137,154,336,427,856,170,259,60,288,274,39,161,314,197,66,229,102,226,264,199,308,106,214
391,312,132,78,349,86,321,104,133,146,311,426,700,232,190,222,155,665,394,45,219,386,232,134,241,92,248,184,181,463,577,980,180,361,81,420,370,57,188,398,261,69,308,121,313,346,198,384,139,228
773,774,381,129,909,168,853,283,321,379,773,978,1426,575,494,536,665,820,915,90,506,936,518,352,616,185,571,439,416,1148,1370,2442,479,821,217,969,852,139,422,1005,622,201,663,344,707,844,584,937,349,623
542,418,194,76,517,101,474,158,178,217,410,577,929,312,261,288,394,915,253,59,264,469,280,169,320,124,358,228,258,602,779,1416,263,453,131,546,439,75,264,513,345,121,389,189,383,486,313,504,184,355
71,65,21,9,67,13,55,22,27,28,57,75,117,44,35,32,45,90,59,1,37,56,39,28,41,22,41,43,35,69,88,176,30,62,15,51,51,9,32,72,39,18,34,32,53,73,40,58,27,34
310,227,116,50,293,60,275,77,80,112,236,278,455,183,157,167,219,506,264,37,72,290,172,107,188,55,163,122,126,345,423,765,157,273,63,311,254,39,126,289,181,45,210,96,248,235,194,287,105,189
538,446,222,89,528,111,483,161,179,219,434,556,939,316,267,298,386,936,469,56,290,229,298,215,352,129,356,248,247,641,766,1442,291,457,135,546,462,94,265,532,336,114,357,185,395,484,335,531,191,338
363,236,122,57,305,79,289,94,93,141,276,332,518,194,162,182,232,518,280,39,172,298,82,115,196,77,193,166,157,364,438,822,141,265,61,324,275,38,140,329,201,64,244,99,209,272,187,321,103,190
193,202,90,42,198,64,220,59,71,98,198,221,399,144,103,119,134,352,169,28,107,215,115,48,141,64,145,90,102,267,324,578,96,181,44,204,201,37,106,211,124,35,136,72,172,202,138,239,73,147
343,267,117,54,352,73,299,90,102,158,295,355,646,214,172,185,241,616,320,41,188,352,196,141,125,94,247,154,175,410,533,935,189,305,74,331,309,54,125,369,234,62,264,123,256,343,226,308,151,234
139,140,44,19,132,38,128,31,38,54,109,129,203,89,63,59,92,185,124,22,55,129,77,64,94,23,79,61,60,173,185,354,71,123,36,124,125,19,61,146,82,26,94,55,103,125,84,130,65,82
371,297,135,61,333,84,304,86,103,170,336,344,620,224,165,183,248,571,358,41,163,356,193,145,247,79,104,175,160,450,512,981,168,310,75,355,342,58,157,385,220,64,265,143,274,327,216,340,127,242
289,190,87,42,238,56,224,60,82,109,202,248,429,156,134,137,184,439,228,43,122,248,166,90,154,61,175,50,126,282,364,620,133,226,51,247,227,43,116,247,152,45,166,88,197,224,156,248,84,161
319,218,109,56,270,64,236,79,75,109,225,277,461,158,138,154,181,416,258,35,126,247,157,102,175,60,160,126,70,333,376,754,142,239,55,242,234,40,133,267,139,54,195,89,196,243,150,269,86,191
593,580,257,104,630,149,620,198,218,261,491,719,1123,404,326,336,463,1148,602,69,345,641,364,267,410,173,450,282,333,374,1017,1901,361,574,137,692,568,118,344,700,422,145,470,259,511,622,385,643,236,427
711,686,310,135,782,148,744,246,247,297,634,869,1348,521,420,427,577,1370,779,88,423,766,438,324,533,185,512,364,376,1017,564,2020,373,759,194,827,695,129,376,831,525,162,536,312,642,682,500,771,274,530
1180,1238,574,200,1440,291,1311,466,440,601,1195,1587,2429,953,797,856,980,2442,1416,176,765,1442,822,578,935,354,981,620,754,1901,2020,1892,735,1341,345,1544,1331,258,711,1518,954,322,1045,536,1136,1282,923,1445,523,919
255,222,107,39,267,62,245,90,104,112,229,289,439,173,158,170,180,479,263,30,157,291,141,96,189,71,168,133,142,361,373,735,69,241,70,312,228,41,112,277,186,58,193,115,207,231,188,270,94,171
506,392,195,89,473,111,485,133,161,201,405,526,842,311,233,259,361,821,453,62,273,457,265,181,305,123,310,226,239,574,759,1341,241,223,104,519,430,65,213,497,274,91,367,174,383,482,318,497,166,309
86,82,51,24,114,24,109,36,39,51,103,110,204,78,66,60,81,217,131,15,63,135,61,44,74,36,75,51,55,137,194,345,70,104,14,127,111,22,53,110,71,31,79,44,92,113,74,125,42,92
539,453,199,98,516,130,529,153,151,214,453,603,1009,359,270,288,420,969,546,51,311,546,324,204,331,124,355,247,242,692,827,1544,312,519,127,288,512,79,244,577,388,111,435,212,443,505,340,561,220,353
479,429,217,84,472,112,469,147,134,205,426,554,861,331,236,274,370,852,439,51,254,462,275,201,309,125,342,227,234,568,695,1331,228,430,111,512,228,78,259,510,304,102,352,161,385,477,312,493,160,297
87,74,27,17,95,17,87,20,29,31,69,88,158,50,28,39,57,139,75,9,39,94,38,37,54,19,58,43,40,118,129,258,41,65,22,79,78,7,34,94,60,15,72,33,60,69,46,99,29,61
263,229,92,52,239,58,232,60,81,114,226,271,401,172,141,161,188,422,264,32,126,265,140,106,125,61,157,116,133,344,376,711,112,213,53,244,259,34,50,289,165,44,183,82,190,203,145,249,95,173
490,460,224,78,549,133,530,179,174,215,462,610,989,343,270,314,398,1005,513,72,289,532,329,211,369,146,385,247,267,700,831,1518,277,497,110,577,510,94,289,283,403,114,419,200,451,504,346,539,196,370
342,293,122,47,355,73,335,104,102,146,276,390,682,196,181,197,261,622,345,39,181,336,201,124,234,82,220,152,139,422,525,954,186,274,71,388,304,60,165,403,125,78,249,142,275,313,232,343,130,234
104,96,48,15,111,23,102,23,22,50,110,103,216,72,51,66,69,201,121,18,45,114,64,35,62,26,64,45,54,145,162,322,58,91,31,111,102,15,44,114,78,10,84,37,82,91,64,110,43,74
366,307,142,68,397,92,372,120,132,135,336,435,644,247,188,229,308,663,389,34,210,357,244,136,264,94,265,166,195,470,536,1045,193,367,79,435,352,72,183,419,249,84,141,132,285,352,241,419,131,268
182,171,68,28,202,36,192,52,52,76,181,215,338,105,98,102,121,344,189,32,96,185,99,72,123,55,143,88,89,259,312,536,115,174,44,212,161,33,82,200,142,37,132,24,155,163,115,203,73,142
444,373,167,85,430,100,369,131,120,177,340,454,734,263,177,226,313,707,383,53,248,395,209,172,256,103,274,197,196,511,642,1136,207,383,92,443,385,60,190,451,275,82,285,155,137,381,265,411,153,274
441,400,175,67,507,102,436,153,151,190,378,510,859,292,246,264,346,844,486,73,235,484,272,202,343,125,327,224,243,622,682,1282,231,482,113,505,477,69,203,504,313,91,352,163,381,199,298,464,177,318
302,234,125,56,331,76,296,104,115,136,295,337,610,201,169,199,198,584,313,40,194,335,187,138,226,84,216,156,150,385,500,923,188,318,74,340,312,46,145,346,232,64,241,115,265,298,92,358,109,221
505,468,212,83,547,96,480,159,181,226,471,558,936,333,277,308,384,937,504,58,287,531,321,239,308,130,340,248,269,643,771,1445,270,497,125,561,493,99,249,539,343,110,419,203,411,464,358,281,196,366
187,156,84,30,183,38,183,55,65,78,151,209,332,124,99,106,139,349,184,27,105,191,103,73,151,65,127,84,86,236,274,523,94,166,42,220,160,29,95,196,130,43,131,73,153,177,109,196,31,138
391,283,144,59,367,72,340,103,110,147,329,384,627,239,184,214,228,623,355,34,189,338,190,147,234,82,242,161,191,427,530,919,171,309,92,353,297,61,173,370,234,74,268,142,274,318,221,366,138,126
