267,489,221,98,524,98,465,176,184,222,457,530,805,383,318,358,364,810,501,54,318,493,365,225,371,150,377,279,331,602,717,1182,240,473,105,576,480,75,257,478,323,96,363,181,475,489,354,486,176,376
489,195,170,72,443,116,405,137,122,195,376,451,799,270,236,259,330,790,475,43,246,465,241,154,254,84,261,208,209,544,655,1250,235,413,93,460,421,76,223,481,296,78,334,152,333,410,256,483,145,304
221,170,48,34,198,46,203,40,55,77,155,231,370,107,97,91,160,385,218,23,106,218,117,76,109,43,127,81,103,258,310,558,111,180,41,191,179,39,80,242,147,36,163,84,157,172,98,223,79,136
98,72,34,10,79,20,77,29,33,27,72,88,156,56,54,58,65,161,98,15,51,91,54,37,47,18,41,36,40,107,122,236,53,63,18,90,91,18,41,84,55,15,69,28,68,75,55,84,40,53
524,443,198,79,277,107,466,153,177,209,424,616,978,326,275,281,389,934,515,59,271,509,302,186,325,115,348,255,264,652,808,1464,306,495,106,543,468,91,264,578,341,101,388,211,392,493,307,520,196,373
98,116,46,20,107,10,99,26,36,31,97,103,219,80,74,71,83,226,102,14,72,121,74,54,72,26,68,50,58,165,168,323,67,92,26,119,114,27,51,124,61,20,81,38,105,111,69,99,45,77
465,405,203,77,466,99,211,144,170,188,426,556,864,310,240,270,364,845,475,47,265,512,276,191,302,109,286,244,248,579,704,1347,250,428,113,502,424,94,245,497,319,99,356,168,361,473,314,501,188,371
176,137,40,29,153,26,144,15,48,74,149,138,286,99,77,96,107,310,166,13,76,146,92,79,105,35,99,79,97,185,221,424,95,115,42,158,133,22,65,186,102,29,143,53,131,133,82,143,64,99
184,122,55,33,177,36,170,48,33,76,135,177,283,96,87,96,131,310,167,10,103,155,100,66,109,42,119,78,77,229,227,466,95,144,36,162,148,33,93,163,109,35,129,73,140,152,109,172,61,115
222,195,77,27,209,31,188,74,76,31,177,211,370,142,93,111,150,350,202,33,124,206,122,76,141,61,150,104,111,248,299,510,102,176,30,222,181,47,101,199,140,31,161,81,181,188,124,233,74,147
457,376,155,72,424,97,426,149,135,177,187,469,751,284,226,237,325,738,430,37,229,450,273,164,282,114,284,212,231,530,641,1132,247,394,84,461,447,89,206,455,286,93,330,177,354,399,264,427,154,283
530,451,231,88,616,103,556,138,177,211,469,307,1042,373,263,324,400,1040,574,46,323,567,313,207,383,119,358,266,285,757,919,1693,348,509,131,579,512,123,289,645,388,115,463,229,458,587,339,589,233,358
805,799,370,156,978,219,864,286,283,370,751,1042,858,614,474,528,675,1533,928,96,489,967,553,387,591,211,585,442,447,1188,1396,2476,484,876,209,966,843,180,461,1002,624,181,776,353,744,850,601,996,326,588
383,270,107,56,326,80,310,99,96,142,284,373,614,106,151,204,215,578,336,40,172,316,171,120,220,82,205,148,160,380,456,882,166,284,72,316,320,67,160,301,194,71,256,128,249,302,192,316,116,237
318,236,97,54,275,74,240,77,87,93,226,263,474,151,61,133,193,469,261,29,163,279,129,99,179,58,154,127,113,312,418,737,140,243,69,287,269,48,116,273,156,37,216,76,204,249,154,278,94,201
358,259,91,58,281,71,270,96,96,111,237,324,528,204,133,72,203,511,272,30,152,304,161,104,176,58,177,131,127,325,411,810,157,285,62,289,297,44,136,303,186,42,224,97,215,265,176,275,109,222
364,330,160,65,389,83,364,107,131,150,325,400,675,215,193,203,123,659,325,37,212,360,217,144,245,97,245,176,170,431,558,1012,203,339,82,361,358,57,194,401,222,52,294,154,306,314,236,363,134,227
810,790,385,161,934,226,845,310,310,350,738,1040,1533,578,469,511,659,861,917,111,525,926,532,366,599,216,584,440,477,1164,1391,2499,498,850,202,976,860,160,480,967,656,181,736,309,771,871,620,913,330,598
501,475,218,98,515,102,475,166,167,202,430,574,928,336,261,272,325,917,247,54,268,498,283,209,359,111,329,222,231,644,733,1512,280,459,102,523,471,73,254,508,297,105,381,181,428,492,339,523,197,336
54,43,23,15,59,14,47,13,10,33,37,46,96,40,29,30,37,111,54,2,30,58,38,23,36,13,36,30,41,84,83,176,32,67,16,67,69,10,29,70,47,12,47,24,50,50,36,53,25,39
318,246,106,51,271,72,265,76,103,124,229,323,489,172,163,152,212,525,268,30,67,266,180,103,191,75,188,104,131,349,423,794,161,239,72,261,249,42,128,305,159,46,239,105,219,227,184,310,125,190
493,465,218,91,509,121,512,146,155,206,450,567,967,316,279,304,360,926,498,58,266,258,302,198,368,122,342,251,241,648,752,1443,312,481,108,546,457,88,271,548,324,107,372,194,441,472,349,537,192,376
365,241,117,54,302,74,276,92,100,122,273,313,553,171,129,161,217,532,283,38,180,302,83,98,177,68,172,147,135,362,426,755,153,252,61,309,289,64,148,317,209,53,220,97,199,274,196,293,98,195
225,154,76,37,186,54,191,79,66,76,164,207,387,120,99,104,144,366,209,23,103,198,98,26,130,50,119,90,105,251,289,537,107,178,43,214,176,42,106,200,114,37,151,68,146,195,131,230,61,155
371,254,109,47,325,72,302,105,109,141,282,383,591,220,179,176,245,599,359,36,191,368,177,130,94,81,192,142,161,421,506,896,164,295,73,359,318,69,172,352,219,71,263,110,221,312,188,328,132,241
150,84,43,18,115,26,109,35,42,61,114,119,211,82,58,58,97,216,111,13,75,122,68,50,81,10,62,56,56,155,180,382,72,117,26,123,116,29,59,118,78,25,96,36,88,132,71,132,45,86
377,261,127,41,348,68,286,99,119,150,284,358,585,205,154,177,245,584,329,36,188,342,172,119,192,62,97,162,165,418,481,940,192,322,76,328,332,63,163,348,211,77,273,121,247,329,204,358,113,230
279,208,81,36,255,50,244,79,78,104,212,266,442,148,127,131,176,440,222,30,104,251,147,90,142,56,162,57,107,270,359,721,146,217,50,223,232,29,108,211,162,47,192,71,178,216,138,241,101,154
331,209,103,40,264,58,248,97,77,111,231,285,447,160,113,127,170,477,231,41,131,241,135,105,161,56,165,107,60,325,370,718,141,247,52,257,231,23,138,266,172,52,177,107,204,239,173,275,102,171
602,544,258,107,652,165,579,185,229,248,530,757,1188,380,312,325,431,1164,644,84,349,648,362,251,421,155,418,270,325,399,1028,1939,359,610,169,684,583,101,314,695,411,115,475,221,478,618,421,693,275,424
717,655,310,122,808,168,704,221,227,299,641,919,1396,456,418,411,558,1391,733,83,423,752,426,289,506,180,481,359,370,1028,614,2164,434,704,178,833,677,152,369,856,524,141,581,308,600,716,489,808,272,527
1182,1250,558,236,1464,323,1347,424,466,510,1132,1693,2476,882,737,810,1012,2499,1512,176,794,1443,755,537,896,382,940,721,718,1939,2164,2005,741,1330,325,1511,1293,277,767,1614,1025,304,1090,543,1097,1313,910,1469,472,916
240,235,111,53,306,67,250,95,95,102,247,348,484,166,140,157,203,498,280,32,161,312,153,107,164,72,192,146,141,359,434,741,79,266,68,280,266,63,146,295,178,70,229,97,204,277,194,314,91,160
473,413,180,63,495,92,428,115,144,176,394,509,876,284,243,285,339,850,459,67,239,481,252,178,295,117,322,217,247,610,704,1330,266,213,104,518,455,74,218,546,316,103,386,174,373,440,293,500,160,302
105,93,41,18,106,26,113,42,36,30,84,131,209,72,69,62,82,202,102,16,72,108,61,43,73,26,76,50,52,169,178,325,68,104,8,110,98,18,53,131,81,15,104,49,95,116,73,112,51,72
576,460,191,90,543,119,502,158,162,222,461,579,966,316,287,289,361,976,523,67,261,546,309,214,359,123,328,223,257,684,833,1511,280,518,110,289,513,77,268,618,365,107,408,213,461,500,336,573,189,353
480,421,179,91,468,114,424,133,148,181,447,512,843,320,269,297,358,860,471,69,249,457,289,176,318,116,332,232,231,583,677,1293,266,455,98,513,239,86,207,483,286,94,381,167,388,395,281,504,178,318
75,76,39,18,91,27,94,22,33,47,89,123,180,67,48,44,57,160,73,10,42,88,64,42,69,29,63,29,23,101,152,277,63,74,18,77,86,4,54,100,60,22,66,31,75,93,63,116,37,64
257,223,80,41,264,51,245,65,93,101,206,289,461,160,116,136,194,480,254,29,128,271,148,106,172,59,163,108,138,314,369,767,146,218,53,268,207,54,66,290,172,48,188,115,200,245,153,269,91,153
478,481,242,84,578,124,497,186,163,199,455,645,1002,301,273,303,401,967,508,70,305,548,317,200,352,118,348,211,266,695,856,1614,295,546,131,618,483,100,290,314,370,101,400,214,426,511,328,589,231,350
323,296,147,55,341,61,319,102,109,140,286,388,624,194,156,186,222,656,297,47,159,324,209,114,219,78,211,162,172,411,524,1025,178,316,81,365,286,60,172,370,99,69,249,115,275,318,212,371,153,210
96,78,36,15,101,20,99,29,35,31,93,115,181,71,37,42,52,181,105,12,46,107,53,37,71,25,77,47,52,115,141,304,70,103,15,107,94,22,48,101,69,11,77,42,82,93,66,112,43,90
363,334,163,69,388,81,356,143,129,161,330,463,776,256,216,224,294,736,381,47,239,372,220,151,263,96,273,192,177,475,581,1090,229,386,104,408,381,66,188,400,249,77,144,130,315,380,250,370,145,264
181,152,84,28,211,38,168,53,73,81,177,229,353,128,76,97,154,309,181,24,105,194,97,68,110,36,121,71,107,221,308,543,97,174,49,213,167,31,115,214,115,42,130,41,143,176,127,228,74,133
475,333,157,68,392,105,361,131,140,181,354,458,744,249,204,215,306,771,428,50,219,441,199,146,221,88,247,178,204,478,600,1097,204,373,95,461,388,75,200,426,275,82,315,143,174,395,246,426,152,304
489,410,172,75,493,111,473,133,152,188,399,587,850,302,249,265,314,871,492,50,227,472,274,195,312,132,329,216,239,618,716,1313,277,440,116,500,395,93,245,511,318,93,380,176,395,207,294,479,182,284
354,256,98,55,307,69,314,82,109,124,264,339,601,192,154,176,236,620,339,36,184,349,196,131,188,71,204,138,173,421,489,910,194,293,73,336,281,63,153,328,212,66,250,127,246,294,94,346,143,221
486,483,223,84,520,99,501,143,172,233,427,589,996,316,278,275,363,913,523,53,310,537,293,230,328,132,358,241,275,693,808,1469,314,500,112,573,504,116,269,589,371,112,370,228,426,479,346,269,193,374
176,145,79,40,196,45,188,64,61,74,154,233,326,116,94,109,134,330,197,25,125,192,98,61,132,45,113,101,102,275,272,472,91,160,51,189,178,37,91,231,153,43,145,74,152,182,143,193,36,118
376,304,136,53,373,77,371,99,115,147,283,358,588,237,201,222,227,598,336,39,190,376,195,155,241,86,230,154,171,424,527,916,160,302,72,353,318,64,153,350,210,90,264,133,304,284,221,374,118,90
