240,426,191,82,488,113,463,171,148,239,418,527,809,380,297,341,352,839,494,66,310,517,329,199,363,139,357,274,280,606,680,1159,225,470,108,492,476,73,241,468,308,105,396,159,424,436,320,487,149,384
426,173,156,66,436,90,395,121,126,154,362,510,801,280,227,251,326,752,413,45,231,427,274,186,265,111,288,186,196,522,657,1241,254,393,90,438,384,68,196,464,289,79,337,168,354,427,266,457,158,269
191,156,47,38,181,43,199,68,68,76,158,207,355,118,103,109,139,378,195,19,112,216,109,82,116,57,134,102,112,238,286,531,99,204,42,220,198,22,99,214,146,37,153,87,140,188,128,194,63,111
82,66,38,6,76,19,83,35,41,36,86,88,133,58,52,48,61,136,99,12,54,95,56,46,64,29,63,34,50,103,114,189,41,83,15,92,87,16,33,87,48,20,68,36,83,84,50,86,28,58
488,436,181,76,242,113,489,160,162,239,406,571,861,345,269,303,383,850,514,72,266,520,295,184,354,115,312,226,266,628,736,1459,243,506,118,548,509,85,251,537,325,94,354,210,427,448,307,517,178,367
113,90,43,19,113,12,103,42,46,49,109,120,165,72,65,67,92,160,119,15,59,102,68,53,81,32,78,51,64,130,156,256,53,101,25,129,108,16,62,97,66,21,86,28,92,94,65,127,41,75
463,395,199,83,489,103,235,134,152,189,408,552,827,335,255,287,325,863,469,67,258,488,279,196,327,126,358,220,247,574,713,1295,247,439,133,515,452,77,250,480,323,102,372,172,390,456,319,486,202,305
171,121,68,35,160,42,134,27,58,68,126,176,272,104,87,84,110,311,151,21,63,152,86,63,94,33,102,72,69,215,244,444,95,142,45,159,138,22,72,175,123,26,138,59,101,134,108,151,66,106
148,126,68,41,162,46,152,58,29,76,126,178,309,102,81,66,116,314,159,22,87,160,87,52,113,40,120,60,76,210,266,454,80,153,42,179,150,27,84,158,96,36,125,73,132,149,122,158,62,109
239,154,76,36,239,49,189,68,76,58,166,243,365,140,120,127,133,352,201,30,112,228,124,89,145,47,131,115,92,240,298,534,108,220,48,186,221,37,106,229,133,39,151,102,172,173,137,195,77,152
418,362,158,86,406,109,408,126,126,166,156,442,716,278,231,257,290,746,429,58,258,415,235,168,277,92,268,200,227,517,614,1122,214,416,109,428,413,68,198,432,290,90,338,169,341,363,305,427,147,286
527,510,207,88,571,120,552,176,178,243,442,319,1029,393,278,289,391,966,559,65,318,553,322,220,341,136,364,231,249,681,824,1557,339,537,128,578,519,91,281,590,378,93,417,168,428,538,331,578,215,362
809,801,355,133,861,165,827,272,309,365,716,1029,756,558,467,542,687,1403,913,109,513,861,540,340,608,248,594,446,463,1080,1256,2382,476,867,209,966,836,151,478,876,617,195,672,294,674,801,558,883,334,610
380,280,118,58,345,72,335,104,102,140,278,393,558,99,186,207,255,612,321,49,201,316,199,122,213,82,214,155,173,450,479,879,149,333,82,342,327,63,155,326,183,65,278,156,265,295,200,365,142,218
297,227,103,52,269,65,255,87,81,120,231,278,467,186,72,123,213,493,271,34,137,288,175,101,176,56,176,117,146,327,395,735,145,270,56,293,256,37,137,282,169,60,205,114,191,234,159,292,100,194
341,251,109,48,303,67,287,84,66,127,257,289,542,207,123,79,203,556,308,39,143,325,171,100,185,64,187,138,137,338,459,816,166,288,67,298,275,43,149,297,196,65,223,109,223,283,176,318,104,176
352,326,139,61,383,92,325,110,116,133,290,391,687,255,213,203,130,657,388,52,174,364,211,126,258,98,245,194,162,429,543,1057,193,332,96,393,346,70,184,388,229,74,296,134,301,368,232,377,147,242
839,752,378,136,850,160,863,311,314,352,746,966,1403,612,493,556,657,786,926,120,490,893,515,336,573,243,616,429,484,1073,1313,2450,475,841,198,961,803,139,507,907,605,200,643,324,707,793,587,891,321,598
494,413,195,99,514,119,469,151,159,201,429,559,913,321,271,308,388,926,246,80,246,459,297,191,313,126,343,257,239,671,697,1397,265,477,112,544,480,90,269,535,316,102,382,188,386,450,308,535,176,351
66,45,19,12,72,15,67,21,22,30,58,65,109,49,34,39,52,120,80,3,37,72,37,25,49,24,41,30,35,72,85,157,31,59,18,78,60,9,34,67,41,12,41,24,49,45,40,69,30,45
310,231,112,54,266,59,258,63,87,112,258,318,513,201,137,143,174,490,246,37,69,305,171,121,170,61,180,137,126,321,403,769,134,260,57,284,301,44,115,295,175,49,222,89,225,241,189,295,96,168
517,427,216,95,520,102,488,152,160,228,415,553,861,316,288,325,364,893,459,72,305,227,283,189,345,144,351,264,259,627,730,1429,282,431,99,537,448,88,264,533,355,121,404,183,431,483,323,539,194,356
329,274,109,56,295,68,279,86,87,124,235,322,540,199,175,171,211,515,297,37,171,283,98,122,208,74,184,115,163,386,438,868,157,249,63,336,297,45,148,323,173,70,225,111,227,279,175,339,111,197
199,186,82,46,184,53,196,63,52,89,168,220,340,122,101,100,126,336,191,25,121,189,122,43,146,56,149,96,99,264,271,600,109,197,50,194,186,25,85,204,116,50,162,86,153,183,133,191,68,107
363,265,116,64,354,81,327,94,113,145,277,341,608,213,176,185,258,573,313,49,170,345,208,146,102,84,219,145,161,396,499,941,188,325,67,326,309,47,179,347,202,74,273,121,264,287,197,381,130,244
139,111,57,29,115,32,126,33,40,47,92,136,248,82,56,64,98,243,126,24,61,144,74,56,84,17,93,59,66,155,194,400,73,108,31,123,127,18,73,154,82,28,106,57,109,114,78,136,45,94
357,288,134,63,312,78,358,102,120,131,268,364,594,214,176,187,245,616,343,41,180,351,184,149,219,93,126,140,163,408,493,1001,203,302,79,330,317,53,181,394,218,74,246,137,264,351,227,378,120,234
274,186,102,34,226,51,220,72,60,115,200,231,446,155,117,138,194,429,257,30,137,264,115,96,145,59,140,51,118,300,356,659,116,208,47,243,213,48,108,264,144,41,181,87,172,218,137,230,85,157
280,196,112,50,266,64,247,69,76,92,227,249,463,173,146,137,162,484,239,35,126,259,163,99,161,66,163,118,64,334,391,756,155,247,59,244,258,32,131,273,163,61,203,92,213,247,156,278,106,154
606,522,238,103,628,130,574,215,210,240,517,681,1080,450,327,338,429,1073,671,72,321,627,386,264,396,155,408,300,334,376,922,1783,356,600,144,691,566,84,314,660,449,122,510,237,558,590,404,656,232,443
680,657,286,114,736,156,713,244,266,298,614,824,1256,479,395,459,543,1313,697,85,403,730,438,271,499,194,493,356,391,922,509,2074,380,703,169,814,665,119,411,732,493,174,528,282,568,694,509,754,303,566
1159,1241,531,189,1459,256,1295,444,454,534,1122,1557,2382,879,735,816,1057,2450,1397,157,769,1429,868,600,941,400,1001,659,756,1783,2074,1901,742,1262,303,1485,1270,222,690,1461,895,291,1022,520,1169,1240,886,1366,543,958
225,254,99,41,243,53,247,95,80,108,214,339,476,149,145,166,193,475,265,31,134,282,157,109,188,73,203,116,155,356,380,742,59,221,57,279,226,43,156,302,198,63,215,96,205,245,172,275,92,175
470,393,204,83,506,101,439,142,153,220,416,537,867,333,270,288,332,841,477,59,260,431,249,197,325,108,302,208,247,600,703,1262,221,206,111,530,455,80,240,500,323,82,355,139,389,427,272,476,186,337
108,90,42,15,118,25,133,45,42,48,109,128,209,82,56,67,96,198,112,18,57,99,63,50,67,31,79,47,59,144,169,303,57,111,10,126,120,20,74,119,76,25,100,39,88,120,72,123,40,66
492,438,220,92,548,129,515,159,179,186,428,578,966,342,293,298,393,961,544,78,284,537,336,194,326,123,330,243,244,691,814,1485,279,530,126,294,477,81,282,564,344,105,444,181,425,516,323,563,213,338
476,384,198,87,509,108,452,138,150,221,413,519,836,327,256,275,346,803,480,60,301,448,297,186,309,127,317,213,258,566,665,1270,226,455,120,477,197,85,210,513,282,88,354,162,344,440,271,437,165,312
73,68,22,16,85,16,77,22,27,37,68,91,151,63,37,43,70,139,90,9,44,88,45,25,47,18,53,48,32,84,119,222,43,80,20,81,85,3,40,82,67,18,53,24,48,72,48,95,41,59
241,196,99,33,251,62,250,72,84,106,198,281,478,155,137,149,184,507,269,34,115,264,148,85,179,73,181,108,131,314,411,690,156,240,74,282,210,40,67,255,158,49,211,95,198,225,184,257,113,182
468,464,214,87,537,97,480,175,158,229,432,590,876,326,282,297,388,907,535,67,295,533,323,204,347,154,394,264,273,660,732,1461,302,500,119,564,513,82,255,284,326,110,375,197,428,481,355,538,161,368
308,289,146,48,325,66,323,123,96,133,290,378,617,183,169,196,229,605,316,41,175,355,173,116,202,82,218,144,163,449,493,895,198,323,76,344,282,67,158,326,112,83,235,111,244,301,189,349,106,232
105,79,37,20,94,21,102,26,36,39,90,93,195,65,60,65,74,200,102,12,49,121,70,50,74,28,74,41,61,122,174,291,63,82,25,105,88,18,49,110,83,8,74,33,94,94,91,100,47,66
396,337,153,68,354,86,372,138,125,151,338,417,672,278,205,223,296,643,382,41,222,404,225,162,273,106,246,181,203,510,528,1022,215,355,100,444,354,53,211,375,235,74,136,143,315,354,255,385,161,261
159,168,87,36,210,28,172,59,73,102,169,168,294,156,114,109,134,324,188,24,89,183,111,86,121,57,137,87,92,237,282,520,96,139,39,181,162,24,95,197,111,33,143,44,161,158,113,204,64,107
424,354,140,83,427,92,390,101,132,172,341,428,674,265,191,223,301,707,386,49,225,431,227,153,264,109,264,172,213,558,568,1169,205,389,88,425,344,48,198,428,244,94,315,161,153,351,252,399,129,271
436,427,188,84,448,94,456,134,149,173,363,538,801,295,234,283,368,793,450,45,241,483,279,183,287,114,351,218,247,590,694,1240,245,427,120,516,440,72,225,481,301,94,354,158,351,220,288,446,175,312
320,266,128,50,307,65,319,108,122,137,305,331,558,200,159,176,232,587,308,40,189,323,175,133,197,78,227,137,156,404,509,886,172,272,72,323,271,48,184,355,189,91,255,113,252,288,93,357,106,231
487,457,194,86,517,127,486,151,158,195,427,578,883,365,292,318,377,891,535,69,295,539,339,191,381,136,378,230,278,656,754,1366,275,476,123,563,437,95,257,538,349,100,385,204,399,446,357,261,208,362
149,158,63,28,178,41,202,66,62,77,147,215,334,142,100,104,147,321,176,30,96,194,111,68,130,45,120,85,106,232,303,543,92,186,40,213,165,41,113,161,106,47,161,64,129,175,106,208,38,121
384,269,111,58,367,75,305,106,109,152,286,362,610,218,194,176,242,598,351,45,168,356,197,107,244,94,234,157,154,443,566,958,175,337,66,338,312,59,182,368,232,66,261,107,271,312,231,362,121,121
