281,462,186,82,516,123,445,189,149,278,452,537,797,398,314,346,372,741,529,74,299,529,328,225,369,137,349,253,276,577,720,1133,236,522,99,480,482,80,226,470,283,88,347,165,397,459,326,491,165,356
462,172,165,76,426,93,401,143,130,187,386,501,775,272,220,241,321,815,422,50,252,417,239,177,270,119,284,212,202,529,659,1192,252,438,89,469,393,70,234,430,281,86,328,175,356,373,269,464,176,288
186,165,41,28,215,40,187,58,51,78,165,230,355,107,109,113,135,394,190,30,107,214,127,85,142,61,159,98,114,282,296,552,100,196,43,191,188,33,100,222,119,43,146,64,173,207,130,226,92,122
82,76,28,7,91,16,66,40,19,25,57,85,136,52,50,56,67,133,79,8,47,81,57,36,64,16,72,48,52,98,109,200,38,82,15,91,78,17,49,89,60,22,57,37,70,66,62,78,29,57
516,426,215,91,275,101,459,175,165,196,397,553,913,328,280,290,360,867,541,67,288,565,317,211,339,114,347,254,249,635,742,1382,281,507,108,543,488,75,266,558,349,101,377,202,399,475,322,533,179,337
123,93,40,16,101,10,96,45,32,50,98,130,194,67,58,70,99,178,108,16,61,98,75,51,73,24,76,64,63,130,152,266,52,90,28,128,110,19,63,108,76,30,74,44,99,97,68,111,45,81
445,401,187,66,459,96,217,146,155,216,436,534,882,313,256,272,319,851,476,62,256,479,311,204,298,107,306,253,275,616,716,1287,254,453,108,500,437,78,223,501,336,93,346,187,381,450,309,451,171,307
189,143,58,40,175,45,146,22,44,69,151,152,270,111,88,91,120,280,155,24,99,163,83,62,113,31,88,74,81,204,229,424,88,137,34,160,153,29,91,155,104,22,116,57,132,130,107,140,71,116
149,130,51,19,165,32,155,44,23,54,116,186,305,122,93,65,117,296,168,21,105,184,101,62,107,43,119,75,81,231,256,474,88,143,39,182,154,27,78,189,103,34,114,61,143,162,98,150,67,110
278,187,78,25,196,50,216,69,54,52,176,224,376,144,122,120,160,388,215,19,100,236,127,72,141,46,124,108,114,260,347,604,113,192,49,186,184,35,114,235,142,44,152,60,163,178,132,207,72,146
452,386,165,57,397,98,436,151,116,176,186,505,791,290,225,263,315,780,419,35,256,423,259,161,284,108,281,192,217,528,643,1193,221,381,84,441,409,64,234,486,301,85,307,151,339,376,249,422,143,280
537,501,230,85,553,130,534,152,186,224,505,295,983,338,283,325,376,1012,573,72,303,581,318,208,376,163,412,273,304,681,874,1544,280,550,133,570,503,100,270,565,382,123,414,187,466,478,350,571,208,354
797,775,355,136,913,194,882,270,305,376,791,983,797,595,471,545,628,1411,905,100,512,892,524,354,604,232,613,434,466,1120,1368,2349,474,865,187,938,792,153,444,974,575,194,666,350,734,816,557,934,319,637
398,272,107,52,328,67,313,111,122,144,290,338,595,98,164,182,245,573,303,41,148,309,186,137,200,73,216,167,179,419,504,966,183,325,83,338,305,49,180,349,209,61,248,108,251,273,222,335,137,201
314,220,109,50,280,58,256,88,93,122,225,283,471,164,73,145,203,485,280,40,157,309,163,86,184,76,171,128,145,317,404,762,134,251,50,266,248,45,126,277,183,41,217,91,210,238,164,297,94,194
346,241,113,56,290,70,272,91,65,120,263,325,545,182,145,76,206,512,285,30,157,292,152,93,198,74,174,123,139,352,431,842,146,276,43,304,287,57,137,347,195,44,247,88,225,275,188,317,95,202
372,321,135,67,360,99,319,120,117,160,315,376,628,245,203,206,137,628,384,45,206,372,184,142,236,69,206,174,185,416,529,978,182,368,95,357,319,54,180,384,218,55,251,124,273,316,231,351,121,247
741,815,394,133,867,178,851,280,296,388,780,1012,1411,573,485,512,628,768,866,100,506,840,531,380,629,283,672,416,492,1120,1297,2320,453,826,201,955,822,141,445,914,573,184,687,342,764,798,565,942,309,629
529,422,190,79,541,108,476,155,168,215,419,573,905,303,280,285,384,866,282,54,282,501,297,191,360,119,338,265,255,656,750,1361,261,515,124,524,453,81,231,540,341,98,360,188,410,457,343,551,204,344
74,50,30,8,67,16,62,24,21,19,35,72,100,41,40,30,45,100,54,2,28,69,38,25,33,18,38,30,20,66,93,191,41,58,13,60,62,15,34,70,44,12,37,15,50,58,34,67,18,40
299,252,107,47,288,61,256,99,105,100,256,303,512,148,157,157,206,506,282,28,77,306,175,107,172,66,195,124,145,355,466,774,153,263,65,275,250,50,156,330,193,62,208,103,218,253,165,302,120,196
529,417,214,81,565,98,479,163,184,236,423,581,892,309,309,292,372,840,501,69,306,226,301,203,328,114,333,250,261,629,716,1374,256,497,120,541,466,88,259,551,328,86,345,177,376,424,342,542,203,362
328,239,127,57,317,75,311,83,101,127,259,318,524,186,163,152,184,531,297,38,175,301,83,135,193,94,205,135,145,377,420,838,152,289,71,299,280,42,144,329,214,58,226,109,230,270,204,307,100,195
225,177,85,36,211,51,204,62,62,72,161,208,354,137,86,93,142,380,191,25,107,203,135,49,144,63,146,113,109,261,321,580,128,194,37,214,189,37,107,205,140,45,154,70,165,176,143,204,83,116
369,270,142,64,339,73,298,113,107,141,284,376,604,200,184,198,236,629,360,33,172,328,193,144,113,79,203,158,180,421,491,941,184,269,47,321,319,63,185,384,229,66,263,122,247,282,214,294,128,246
137,119,61,16,114,24,107,31,43,46,108,163,232,73,76,74,69,283,119,18,66,114,94,63,79,9,71,52,70,163,187,367,82,104,24,135,126,23,57,150,63,28,110,46,99,114,77,136,53,74
349,284,159,72,347,76,306,88,119,124,281,412,613,216,171,174,206,672,338,38,195,333,205,146,203,71,105,162,168,442,563,976,189,318,65,344,316,70,141,363,218,64,287,108,263,314,229,332,125,225
253,212,98,48,254,64,253,74,75,108,192,273,434,167,128,123,174,416,265,30,124,250,135,113,158,52,162,60,127,282,362,680,133,228,58,246,243,33,111,271,146,46,165,80,204,231,139,254,99,146
276,202,114,52,249,63,275,81,81,114,217,304,466,179,145,139,185,492,255,20,145,261,145,109,180,70,168,127,67,294,387,726,125,250,62,262,266,35,144,273,175,50,213,87,213,232,150,298,108,188
577,529,282,98,635,130,616,204,231,260,528,681,1120,419,317,352,416,1120,656,66,355,629,377,261,421,163,442,282,294,384,995,1762,371,599,150,630,555,103,343,683,461,155,475,251,499,600,400,676,230,434
720,659,296,109,742,152,716,229,256,347,643,874,1368,504,404,431,529,1297,750,93,466,716,420,321,491,187,563,362,387,995,556,1946,423,705,180,817,703,137,380,819,496,147,518,265,626,696,458,756,276,519
1133,1192,552,200,1382,266,1287,424,474,604,1193,1544,2349,966,762,842,978,2320,1361,191,774,1374,838,580,941,367,976,680,726,1762,1946,1809,699,1361,320,1518,1299,232,686,1439,850,273,1024,508,1139,1226,897,1392,509,986
236,252,100,38,281,52,254,88,88,113,221,280,474,183,134,146,182,453,261,41,153,256,152,128,184,82,189,133,125,371,423,699,65,283,46,327,250,42,134,292,169,67,170,92,215,231,157,297,80,206
522,438,196,82,507,90,453,137,143,192,381,550,865,325,251,276,368,826,515,58,263,497,289,194,269,104,318,228,250,599,705,1361,283,221,99,515,456,85,255,504,322,85,348,191,366,415,288,480,160,319
99,89,43,15,108,28,108,34,39,49,84,133,187,83,50,43,95,201,124,13,65,120,71,37,47,24,65,58,62,150,180,320,46,99,10,116,98,27,51,109,80,19,79,33,87,101,56,127,36,66
480,469,191,91,543,128,500,160,182,186,441,570,938,338,266,304,357,955,524,60,275,541,299,214,321,135,344,246,262,630,817,1518,327,515,116,238,493,81,253,554,351,100,417,186,422,502,361,574,176,313
482,393,188,78,488,110,437,153,154,184,409,503,792,305,248,287,319,822,453,62,250,466,280,189,319,126,316,243,266,555,703,1299,250,456,98,493,209,82,226,481,324,90,367,187,390,436,314,468,155,299
80,70,33,17,75,19,78,29,27,35,64,100,153,49,45,57,54,141,81,15,50,88,42,37,63,23,70,33,35,103,137,232,42,85,27,81,82,6,48,97,61,15,65,42,67,84,57,80,35,46
226,234,100,49,266,63,223,91,78,114,234,270,444,180,126,137,180,445,231,34,156,259,144,107,185,57,141,111,144,343,380,686,134,255,51,253,226,48,58,280,164,50,192,88,195,199,167,232,92,186
470,430,222,89,558,108,501,155,189,235,486,565,974,349,277,347,384,914,540,70,330,551,329,205,384,150,363,271,273,683,819,1439,292,504,109,554,481,97,280,265,348,123,399,181,450,454,337,564,210,344
283,281,119,60,349,76,336,104,103,142,301,382,575,209,183,195,218,573,341,44,193,328,214,140,229,63,218,146,175,461,496,850,169,322,80,351,324,61,164,348,121,71,241,125,288,288,217,359,118,223
88,86,43,22,101,30,93,22,34,44,85,123,194,61,41,44,55,184,98,12,62,86,58,45,66,28,64,46,50,155,147,273,67,85,19,100,90,15,50,123,71,8,81,40,94,90,69,103,42,58
347,328,146,57,377,74,346,116,114,152,307,414,666,248,217,247,251,687,360,37,208,345,226,154,263,110,287,165,213,475,518,1024,170,348,79,417,367,65,192,399,241,81,128,132,314,312,218,392,135,259
165,175,64,37,202,44,187,57,61,60,151,187,350,108,91,88,124,342,188,15,103,177,109,70,122,46,108,80,87,251,265,508,92,191,33,186,187,42,88,181,125,40,132,47,144,184,112,185,73,114
397,356,173,70,399,99,381,132,143,163,339,466,734,251,210,225,273,764,410,50,218,376,230,165,247,99,263,204,213,499,626,1139,215,366,87,422,390,67,195,450,288,94,314,144,158,366,250,409,154,264
459,373,207,66,475,97,450,130,162,178,376,478,816,273,238,275,316,798,457,58,253,424,270,176,282,114,314,231,232,600,696,1226,231,415,101,502,436,84,199,454,288,90,312,184,366,219,288,442,163,339
326,269,130,62,322,68,309,107,98,132,249,350,557,222,164,188,231,565,343,34,165,342,204,143,214,77,229,139,150,400,458,897,157,288,56,361,314,57,167,337,217,69,218,112,250,288,105,306,97,222
491,464,226,78,533,111,451,140,150,207,422,571,934,335,297,317,351,942,551,67,302,542,307,204,294,136,332,254,298,676,756,1392,297,480,127,574,468,80,232,564,359,103,392,185,409,442,306,250,177,346
165,176,92,29,179,45,171,71,67,72,143,208,319,137,94,95,121,309,204,18,120,203,100,83,128,53,125,99,108,230,276,509,80,160,36,176,155,35,92,210,118,42,135,73,154,163,97,177,25,114
356,288,122,57,337,81,307,116,110,146,280,354,637,201,194,202,247,629,344,40,196,362,195,116,246,74,225,146,188,434,519,986,206,319,66,313,299,46,186,344,223,58,259,114,264,339,222,346,114,133
