248,448,209,88,491,102,448,184,157,256,443,536,767,335,308,327,337,775,464,71,328,494,364,186,368,145,372,251,293,619,707,1174,241,479,119,472,471,95,261,484,306,101,330,177,412,420,294,464,172,383
448,160,140,72,430,104,398,115,119,169,376,467,804,271,241,240,325,790,423,50,231,436,235,167,264,97,271,192,207,542,626,1228,234,399,94,479,406,75,221,428,261,88,345,144,326,410,270,473,164,277
209,140,37,33,186,52,177,50,63,77,174,218,359,138,105,118,144,339,207,29,131,190,114,83,102,43,115,102,96,257,291,549,102,174,57,216,210,39,94,210,132,47,142,77,132,184,95,194,75,116
88,72,33,8,95,23,77,17,26,32,61,74,105,58,42,38,57,119,85,10,48,68,37,32,60,22,56,46,50,97,116,208,39,82,18,90,66,11,38,82,50,16,62,30,69,74,51,72,24,51
491,430,186,95,238,116,523,149,170,243,402,548,960,350,258,271,367,866,507,61,299,502,275,211,317,147,374,231,256,617,793,1404,286,435,97,535,472,79,265,547,336,91,386,189,412,434,309,551,170,332
102,104,52,23,116,8,106,27,35,49,99,101,173,79,68,66,71,195,120,18,68,126,74,53,80,26,81,62,69,177,160,258,56,99,31,109,81,21,48,114,72,32,82,49,98,87,90,110,40,64
448,398,177,77,523,106,215,132,163,191,409,481,827,332,285,280,364,865,486,61,271,490,295,194,335,132,322,239,241,632,689,1297,292,439,103,532,453,78,249,503,309,107,378,160,372,439,309,487,165,299
184,115,50,17,149,27,132,25,47,57,124,160,266,86,86,90,108,273,155,20,91,163,100,76,102,33,98,51,85,182,227,420,88,146,38,141,143,32,66,161,86,34,113,58,124,150,109,156,72,109
157,119,63,26,170,35,163,47,21,57,126,161,319,94,77,94,119,301,165,25,83,169,110,62,113,43,103,94,83,207,235,472,96,155,28,156,161,19,84,186,118,45,133,65,134,126,87,186,70,94
256,169,77,32,243,49,191,57,57,36,176,212,375,130,111,126,159,359,214,23,135,177,129,92,125,51,114,88,97,271,320,564,122,181,38,231,196,40,97,230,134,48,168,74,178,182,136,245,72,149
443,376,174,61,402,99,409,124,126,176,179,466,757,245,212,246,290,714,424,53,238,402,249,173,261,120,292,210,215,510,647,1118,217,363,93,430,385,64,206,448,286,90,308,172,314,380,260,426,142,291
536,467,218,74,548,101,481,160,161,212,466,336,1003,337,289,303,378,1010,557,68,312,597,340,212,357,150,358,273,283,711,810,1545,339,550,122,560,487,94,274,582,336,101,412,219,461,504,352,594,234,399
767,804,359,105,960,173,827,266,319,375,757,1003,788,602,503,540,631,1437,921,99,508,902,512,385,588,235,621,438,438,1193,1339,2384,478,835,212,947,804,144,429,948,602,175,667,348,718,837,585,911,304,617
335,271,138,58,350,79,332,86,94,130,245,337,602,106,182,190,251,581,326,38,183,346,176,147,207,73,212,141,157,394,530,957,181,298,61,391,299,46,187,369,212,77,267,123,248,313,208,362,112,233
308,241,105,42,258,68,285,86,77,111,212,289,503,182,61,136,165,492,261,21,136,275,136,107,169,73,198,142,146,339,388,721,159,249,75,271,272,36,125,296,188,51,198,89,227,258,163,301,111,188
327,240,118,38,271,66,280,90,94,126,246,303,540,190,136,66,235,586,301,27,145,312,178,130,216,81,203,156,162,367,461,857,163,246,74,317,263,45,135,317,190,54,240,99,243,258,173,305,119,194
337,325,144,57,367,71,364,108,119,159,290,378,631,251,165,235,127,618,370,46,209,377,190,141,220,106,246,175,178,493,545,981,189,352,84,385,348,67,201,427,223,91,302,126,271,337,234,390,129,243
775,790,339,119,866,195,865,273,301,359,714,1010,1437,581,492,586,618,750,875,112,518,883,514,353,591,239,620,435,432,1149,1320,2357,494,843,180,947,825,146,448,983,609,168,651,342,736,787,578,939,310,618
464,423,207,85,507,120,486,155,165,214,424,557,921,326,261,301,370,875,258,68,299,510,299,218,323,131,344,227,237,695,748,1418,282,489,126,530,504,97,245,547,348,96,375,202,390,430,311,545,198,333
71,50,29,10,61,18,61,20,25,23,53,68,99,38,21,27,46,112,68,5,45,69,33,31,31,13,41,29,37,67,89,149,34,50,14,58,57,7,37,66,49,5,40,22,45,48,36,61,20,37
328,231,131,48,299,68,271,91,83,135,238,312,508,183,136,145,209,518,299,45,75,305,149,107,184,64,180,134,144,342,442,809,150,285,50,280,285,45,139,293,187,55,206,91,221,252,170,314,93,228
494,436,190,68,502,126,490,163,169,177,402,597,902,346,275,312,377,883,510,69,305,283,281,199,305,127,342,223,251,677,777,1400,272,506,130,581,496,67,258,567,352,106,409,197,385,462,294,534,176,305
364,235,114,37,275,74,295,100,110,129,249,340,512,176,136,178,190,514,299,33,149,281,84,91,183,83,204,136,163,354,410,799,144,299,73,317,256,45,167,318,199,85,228,113,231,286,161,323,104,170
186,167,83,32,211,53,194,76,62,92,173,212,385,147,107,130,141,353,218,31,107,199,91,38,119,63,134,94,95,248,306,542,98,198,38,210,196,26,118,197,125,43,166,82,169,222,133,207,60,139
368,264,102,60,317,80,335,102,113,125,261,357,588,207,169,216,220,591,323,31,184,305,183,119,110,96,214,157,145,389,495,923,187,321,68,335,307,53,163,357,201,61,225,124,249,309,202,331,130,210
145,97,43,22,147,26,132,33,43,51,120,150,235,73,73,81,106,239,131,13,64,127,83,63,96,20,69,63,66,163,202,365,71,121,33,134,128,14,68,139,82,20,107,45,101,130,95,97,50,91
372,271,115,56,374,81,322,98,103,114,292,358,621,212,198,203,246,620,344,41,180,342,204,134,214,69,114,160,164,415,525,950,197,316,81,355,327,54,163,363,197,71,253,117,264,321,220,336,127,219
251,192,102,46,231,62,239,51,94,88,210,273,438,141,142,156,175,435,227,29,134,223,136,94,157,63,160,62,119,316,361,629,120,235,69,258,241,42,111,227,145,38,175,92,186,193,144,234,99,145
293,207,96,50,256,69,241,85,83,97,215,283,438,157,146,162,178,432,237,37,144,251,163,95,145,66,164,119,56,313,376,737,128,264,54,276,253,37,130,269,160,48,204,101,189,275,158,268,93,183
619,542,257,97,617,177,632,182,207,271,510,711,1193,394,339,367,493,1149,695,67,342,677,354,248,389,163,415,316,313,417,1005,1754,344,565,146,691,586,102,305,692,431,123,481,228,506,581,420,662,235,416
707,626,291,116,793,160,689,227,235,320,647,810,1339,530,388,461,545,1320,748,89,442,777,410,306,495,202,525,361,376,1005,563,2057,416,712,177,801,713,122,371,769,494,154,568,287,584,659,481,775,272,507
1174,1228,549,208,1404,258,1297,420,472,564,1118,1545,2384,957,721,857,981,2357,1418,149,809,1400,799,542,923,365,950,629,737,1754,2057,1873,743,1303,323,1419,1271,255,688,1407,874,273,1053,511,1102,1260,869,1402,478,934
241,234,102,39,286,56,292,88,96,122,217,339,478,181,159,163,189,494,282,34,150,272,144,98,187,71,197,120,128,344,416,743,56,249,61,294,248,43,141,252,168,59,205,106,201,257,172,290,106,172
479,399,174,82,435,99,439,146,155,181,363,550,835,298,249,246,352,843,489,50,285,506,299,198,321,121,316,235,264,565,712,1303,249,227,101,515,440,88,259,474,289,92,351,146,380,393,293,513,175,290
119,94,57,18,97,31,103,38,28,38,93,122,212,61,75,74,84,180,126,14,50,130,73,38,68,33,81,69,54,146,177,323,61,101,10,115,105,20,58,127,90,21,85,36,84,112,66,111,45,78
472,479,216,90,535,109,532,141,156,231,430,560,947,391,271,317,385,947,530,58,280,581,317,210,335,134,355,258,276,691,801,1419,294,515,115,277,525,106,241,587,330,112,389,190,422,510,344,557,197,365
471,406,210,66,472,81,453,143,161,196,385,487,804,299,272,263,348,825,504,57,285,496,256,196,307,128,327,241,253,586,713,1271,248,440,105,525,215,82,249,465,308,104,368,162,382,443,305,501,158,310
95,75,39,11,79,21,78,32,19,40,64,94,144,46,36,45,67,146,97,7,45,67,45,26,53,14,54,42,37,102,122,255,43,88,20,106,82,5,40,96,58,13,76,31,63,89,52,89,30,52
261,221,94,38,265,48,249,66,84,97,206,274,429,187,125,135,201,448,245,37,139,258,167,118,163,68,163,111,130,305,371,688,141,259,58,241,249,40,61,269,158,49,169,85,197,241,147,260,96,186
484,428,210,82,547,114,503,161,186,230,448,582,948,369,296,317,427,983,547,66,293,567,318,197,357,139,363,227,269,692,769,1407,252,474,127,587,465,96,269,290,341,106,414,193,432,476,323,525,186,370
306,261,132,50,336,72,309,86,118,134,286,336,602,212,188,190,223,609,348,49,187,352,199,125,201,82,197,145,160,431,494,874,168,289,90,330,308,58,158,341,109,60,248,127,261,304,196,326,138,226
101,88,47,16,91,32,107,34,45,48,90,101,175,77,51,54,91,168,96,5,55,106,85,43,61,20,71,38,48,123,154,273,59,92,21,112,104,13,49,106,60,10,70,35,79,91,73,117,34,76
330,345,142,62,386,82,378,113,133,168,308,412,667,267,198,240,302,651,375,40,206,409,228,166,225,107,253,175,204,481,568,1053,205,351,85,389,368,76,169,414,248,70,139,130,294,358,206,382,126,252
177,144,77,30,189,49,160,58,65,74,172,219,348,123,89,99,126,342,202,22,91,197,113,82,124,45,117,92,101,228,287,511,106,146,36,190,162,31,85,193,127,35,130,40,153,167,124,184,74,129
412,326,132,69,412,98,372,124,134,178,314,461,718,248,227,243,271,736,390,45,221,385,231,169,249,101,264,186,189,506,584,1102,201,380,84,422,382,63,197,432,261,79,294,153,147,364,244,389,147,252
420,410,184,74,434,87,439,150,126,182,380,504,837,313,258,258,337,787,430,48,252,462,286,222,309,130,321,193,275,581,659,1260,257,393,112,510,443,89,241,476,304,91,358,167,364,194,291,480,179,324
294,270,95,51,309,90,309,109,87,136,260,352,585,208,163,173,234,578,311,36,170,294,161,133,202,95,220,144,158,420,481,869,172,293,66,344,305,52,147,323,196,73,206,124,244,291,86,334,106,190
464,473,194,72,551,110,487,156,186,245,426,594,911,362,301,305,390,939,545,61,314,534,323,207,331,97,336,234,268,662,775,1402,290,513,111,557,501,89,260,525,326,117,382,184,389,480,334,272,195,383
172,164,75,24,170,40,165,72,70,72,142,234,304,112,111,119,129,310,198,20,93,176,104,60,130,50,127,99,93,235,272,478,106,175,45,197,158,30,96,186,138,34,126,74,147,179,106,195,31,117
383,277,116,51,332,64,299,109,94,149,291,399,617,233,188,194,243,618,333,37,228,305,170,139,210,91,219,145,183,416,507,934,172,290,78,365,310,52,186,370,226,76,252,129,252,324,190,383,117,114
