257,426,206,84,501,109,468,204,183,255,491,523,787,399,325,346,343,833,479,75,322,508,337,215,383,173,397,303,317,607,693,1172,250,461,101,499,481,86,247,470,322,117,375,171,451,407,341,516,164,411
426,192,183,69,449,102,418,152,132,155,350,485,862,254,243,235,319,788,430,57,221,455,251,166,302,122,294,195,231,500,679,1217,236,404,96,458,400,76,239,508,282,101,289,152,360,420,270,460,163,286
206,183,37,40,199,51,214,79,77,89,177,206,349,124,95,98,149,317,225,17,122,218,98,80,130,61,147,96,100,201,300,542,100,198,39,216,206,26,88,204,141,40,142,63,155,199,119,225,76,139
84,69,40,10,98,21,99,18,27,27,63,93,144,72,61,69,63,141,71,20,41,76,59,33,66,22,53,45,45,121,117,213,58,81,11,84,91,14,43,85,50,15,56,32,83,81,43,87,28,46
501,449,199,98,268,129,531,165,179,203,412,577,939,335,286,278,394,926,512,61,274,500,315,208,316,123,324,253,265,634,768,1385,277,478,109,564,490,68,251,586,346,102,374,184,389,482,328,509,187,357
109,102,51,21,129,11,121,33,37,35,93,122,209,81,72,86,84,192,106,18,52,112,76,51,91,28,84,57,61,152,172,290,64,106,18,118,114,22,56,122,92,19,82,44,105,100,80,121,41,67
468,418,214,99,531,121,221,151,157,175,410,535,848,307,232,283,367,831,496,72,263,446,297,185,326,124,325,220,215,565,675,1260,247,453,99,500,483,69,242,515,321,94,376,180,385,410,302,474,164,305
204,152,79,18,165,33,151,20,47,75,133,164,287,109,74,95,142,303,147,16,74,140,86,52,80,32,94,75,77,192,220,462,93,140,40,153,135,20,88,169,107,26,127,54,111,137,79,174,62,129
183,132,77,27,179,37,157,47,28,68,139,183,323,98,79,78,131,289,180,18,97,165,88,55,111,54,107,101,81,192,246,466,94,159,37,183,178,31,76,175,118,32,140,55,113,148,111,174,56,127
255,155,89,27,203,35,175,75,68,35,155,209,359,129,104,123,145,386,208,25,120,184,133,79,123,58,138,108,115,247,340,593,119,185,46,187,182,29,108,222,133,44,174,66,161,180,130,243,71,121
491,350,177,63,412,93,410,133,139,155,175,458,725,244,221,242,320,776,423,55,245,424,230,160,246,109,275,218,217,490,649,1144,222,425,92,458,414,80,225,429,275,95,337,151,343,387,273,453,135,281
523,485,206,93,577,122,535,164,183,209,458,279,971,368,272,303,424,1000,578,64,288,566,320,216,371,152,383,264,259,712,831,1607,289,494,139,573,522,108,287,535,354,113,433,212,464,517,316,570,213,365
787,862,349,144,939,209,848,287,323,359,725,971,763,573,474,514,698,1394,884,118,519,909,545,378,642,216,651,450,461,1123,1335,2382,444,844,200,983,828,173,438,959,600,179,668,357,707,783,523,895,352,633
399,254,124,72,335,81,307,109,98,129,244,368,573,98,164,183,232,609,310,35,192,318,186,139,213,88,237,142,160,396,510,918,172,317,68,325,313,47,177,342,220,68,271,128,277,288,215,344,124,216
325,243,95,61,286,72,232,74,79,104,221,272,474,164,74,126,206,520,262,25,156,268,147,97,192,69,190,122,173,338,381,705,126,247,56,259,256,41,124,277,193,57,200,98,222,232,154,274,94,206
346,235,98,69,278,86,283,95,78,123,242,303,514,183,126,73,183,557,301,33,153,291,165,123,188,63,187,128,164,350,436,824,155,287,66,264,283,54,140,289,180,69,223,95,235,283,180,288,99,228
343,319,149,63,394,84,367,142,131,145,320,424,698,232,206,183,148,639,392,41,213,375,207,146,263,101,265,159,193,418,583,1042,206,351,86,372,330,56,192,369,251,87,304,128,296,361,240,404,131,267
833,788,317,141,926,192,831,303,289,386,776,1000,1394,609,520,557,639,759,929,124,498,921,554,376,646,221,633,458,475,1130,1326,2316,436,814,190,998,857,150,455,961,609,197,642,355,737,828,543,912,334,645
479,430,225,71,512,106,496,147,180,208,423,578,884,310,262,301,392,929,225,56,287,472,290,194,334,129,332,228,241,631,769,1436,241,480,105,535,466,79,258,539,298,92,419,184,424,449,296,517,183,334
75,57,17,20,61,18,72,16,18,25,55,64,118,35,25,33,41,124,56,3,38,56,35,28,42,16,35,32,21,73,92,197,36,61,10,73,50,2,40,68,45,15,57,22,54,52,35,75,32,38
322,221,122,41,274,52,263,74,97,120,245,288,519,192,156,153,213,498,287,38,74,264,157,118,161,86,186,122,142,348,401,775,149,277,64,288,256,42,135,279,194,63,191,112,228,233,156,312,109,206
508,455,218,76,500,112,446,140,165,184,424,566,909,318,268,291,375,921,472,56,264,267,286,197,372,135,360,249,245,617,740,1405,271,469,116,525,477,90,248,534,303,101,425,197,426,444,317,501,195,333
337,251,98,59,315,76,297,86,88,133,230,320,545,186,147,165,207,554,290,35,157,286,90,121,173,65,186,136,148,372,418,828,154,283,74,282,286,41,147,307,186,79,240,102,250,250,174,340,108,217
215,166,80,33,208,51,185,52,55,79,160,216,378,139,97,123,146,376,194,28,118,197,121,38,137,47,151,92,94,237,292,544,115,207,40,213,177,37,101,194,94,42,149,63,165,169,139,213,67,131
383,302,130,66,316,91,326,80,111,123,246,371,642,213,192,188,263,646,334,42,161,372,173,137,100,73,207,160,182,386,504,918,175,334,57,336,324,43,146,347,206,70,242,118,252,306,200,347,117,225
173,122,61,22,123,28,124,32,54,58,109,152,216,88,69,63,101,221,129,16,86,135,65,47,73,22,86,71,67,154,195,347,64,121,32,146,124,13,57,135,97,30,101,48,100,134,80,147,48,90
397,294,147,53,324,84,325,94,107,138,275,383,651,237,190,187,265,633,332,35,186,360,186,151,207,86,109,156,180,394,519,968,187,331,75,384,318,45,167,339,215,79,268,121,274,327,208,364,131,224
303,195,96,45,253,57,220,75,101,108,218,264,450,142,122,128,159,458,228,32,122,249,136,92,160,71,156,45,113,283,358,657,130,232,51,233,254,36,118,232,160,47,183,91,186,218,134,221,94,162
317,231,100,45,265,61,215,77,81,115,217,259,461,160,173,164,193,475,241,21,142,245,148,94,182,67,180,113,61,317,356,727,160,228,59,295,238,40,128,256,144,47,209,91,208,198,182,266,104,165
607,500,201,121,634,152,565,192,192,247,490,712,1123,396,338,350,418,1130,631,73,348,617,372,237,386,154,394,283,317,375,964,1756,333,610,148,672,600,89,302,659,400,125,440,254,483,561,391,613,231,432
693,679,300,117,768,172,675,220,246,340,649,831,1335,510,381,436,583,1326,769,92,401,740,418,292,504,195,519,358,356,964,589,2049,350,738,170,847,714,127,372,758,500,155,569,275,589,661,472,752,259,518
1172,1217,542,213,1385,290,1260,462,466,593,1144,1607,2382,918,705,824,1042,2316,1436,197,775,1405,828,544,918,347,968,657,727,1756,2049,1895,682,1244,294,1492,1269,239,676,1381,912,299,1030,527,1128,1256,830,1427,468,954
250,236,100,58,277,64,247,93,94,119,222,289,444,172,126,155,206,436,241,36,149,271,154,115,175,64,187,130,160,333,350,682,70,244,58,294,275,44,146,282,188,58,211,106,216,236,172,273,98,191
461,404,198,81,478,106,453,140,159,185,425,494,844,317,247,287,351,814,480,61,277,469,283,207,334,121,331,232,228,610,738,1244,244,221,112,452,446,80,233,479,306,89,361,182,387,427,292,479,160,328
101,96,39,11,109,18,99,40,37,46,92,139,200,68,56,66,86,190,105,10,64,116,74,40,57,32,75,51,59,148,170,294,58,112,18,125,106,19,58,114,80,25,85,54,79,94,71,123,42,64
499,458,216,84,564,118,500,153,183,187,458,573,983,325,259,264,372,998,535,73,288,525,282,213,336,146,384,233,295,672,847,1492,294,452,125,295,445,81,264,539,370,131,412,203,420,510,335,587,187,357
481,400,206,91,490,114,483,135,178,182,414,522,828,313,256,283,330,857,466,50,256,477,286,177,324,124,318,254,238,600,714,1269,275,446,106,445,218,79,219,480,304,90,352,187,376,435,282,500,165,312
86,76,26,14,68,22,69,20,31,29,80,108,173,47,41,54,56,150,79,2,42,90,41,37,43,13,45,36,40,89,127,239,44,80,19,81,79,11,28,95,48,19,76,27,51,73,36,89,30,39
247,239,88,43,251,56,242,88,76,108,225,287,438,177,124,140,192,455,258,40,135,248,147,101,146,57,167,118,128,302,372,676,146,233,58,264,219,28,82,262,162,47,167,97,172,234,140,268,93,179
470,508,204,85,586,122,515,169,175,222,429,535,959,342,277,289,369,961,539,68,279,534,307,194,347,135,339,232,256,659,758,1381,282,479,114,539,480,95,262,268,370,93,380,219,397,499,351,524,192,330
322,282,141,50,346,92,321,107,118,133,275,354,600,220,193,180,251,609,298,45,194,303,186,94,206,97,215,160,144,400,500,912,188,306,80,370,304,48,162,370,112,62,236,131,242,297,212,300,135,216
117,101,40,15,102,19,94,26,32,44,95,113,179,68,57,69,87,197,92,15,63,101,79,42,70,30,79,47,47,125,155,299,58,89,25,131,90,19,47,93,62,9,73,40,104,70,57,113,44,72
375,289,142,56,374,82,376,127,140,174,337,433,668,271,200,223,304,642,419,57,191,425,240,149,242,101,268,183,209,440,569,1030,211,361,85,412,352,76,167,380,236,73,142,140,298,349,220,399,125,247
171,152,63,32,184,44,180,54,55,66,151,212,357,128,98,95,128,355,184,22,112,197,102,63,118,48,121,91,91,254,275,527,106,182,54,203,187,27,97,219,131,40,140,29,152,175,118,209,90,120
451,360,155,83,389,105,385,111,113,161,343,464,707,277,222,235,296,737,424,54,228,426,250,165,252,100,274,186,208,483,589,1128,216,387,79,420,376,51,172,397,242,104,298,152,162,339,254,408,161,263
407,420,199,81,482,100,410,137,148,180,387,517,783,288,232,283,361,828,449,52,233,444,250,169,306,134,327,218,198,561,661,1256,236,427,94,510,435,73,234,499,297,70,349,175,339,204,289,485,161,315
341,270,119,43,328,80,302,79,111,130,273,316,523,215,154,180,240,543,296,35,156,317,174,139,200,80,208,134,182,391,472,830,172,292,71,335,282,36,140,351,212,57,220,118,254,289,101,324,114,206
516,460,225,87,509,121,474,174,174,243,453,570,895,344,274,288,404,912,517,75,312,501,340,213,347,147,364,221,266,613,752,1427,273,479,123,587,500,89,268,524,300,113,399,209,408,485,324,240,191,377
164,163,76,28,187,41,164,62,56,71,135,213,352,124,94,99,131,334,183,32,109,195,108,67,117,48,131,94,104,231,259,468,98,160,42,187,165,30,93,192,135,44,125,90,161,161,114,191,31,119
411,286,139,46,357,67,305,129,127,121,281,365,633,216,206,228,267,645,334,38,206,333,217,131,225,90,224,162,165,432,518,954,191,328,64,357,312,39,179,330,216,72,247,120,263,315,206,377,119,104
