264,459,205,99,494,108,473,163,164,218,430,550,817,380,312,343,368,796,514,67,334,520,319,212,388,146,346,315,314,596,702,1142,232,496,117,528,486,77,259,482,320,118,353,188,433,421,313,524,188,374
459,174,160,74,446,98,402,131,132,190,375,500,768,260,229,236,307,784,428,51,223,415,251,151,270,106,265,212,211,577,663,1228,250,390,93,439,386,76,209,423,295,91,346,155,348,411,245,435,151,300
205,160,33,32,200,46,201,50,72,87,172,231,341,112,109,110,155,369,210,15,123,230,101,92,106,37,106,90,85,237,297,559,102,181,64,219,181,40,98,226,137,48,161,69,145,173,118,226,84,131
99,74,32,12,93,25,99,21,38,39,59,96,139,60,48,48,72,150,77,12,43,78,49,38,59,24,64,46,37,111,118,226,38,90,24,80,78,17,46,90,45,24,60,26,81,65,69,86,37,57
494,446,200,93,296,111,490,147,173,200,436,581,928,361,266,305,345,923,498,71,283,542,302,209,357,132,346,258,248,638,815,1478,266,455,123,532,460,84,261,550,332,107,386,197,419,496,346,543,178,365
108,98,46,25,111,12,94,21,44,47,97,135,195,71,63,63,89,199,88,17,66,90,76,41,86,32,84,58,55,143,170,291,74,119,29,122,97,15,57,100,76,27,88,42,105,90,87,125,56,78
473,402,201,99,490,94,237,127,189,207,423,546,885,310,236,267,363,858,508,62,265,481,275,195,335,118,327,244,222,604,723,1368,263,474,107,502,455,88,233,500,338,102,335,188,384,482,323,483,190,355
163,131,50,21,147,21,127,20,48,75,139,171,275,114,82,81,90,256,150,18,79,148,81,59,88,47,92,77,67,192,217,431,91,145,27,133,138,18,64,166,85,40,112,49,105,128,83,171,47,116
164,132,72,38,173,44,189,48,31,69,135,193,303,92,76,70,114,317,172,21,90,161,99,67,99,32,105,78,82,211,238,458,90,180,37,161,150,29,92,190,103,34,122,65,128,156,94,183,68,105
218,190,87,39,200,47,207,75,69,37,187,222,384,123,120,126,128,357,212,28,142,208,132,90,137,67,145,116,117,228,289,577,113,181,43,194,198,38,95,208,137,49,155,87,171,196,120,224,87,142
430,375,172,59,436,97,423,139,135,187,191,517,765,279,236,250,301,730,421,58,243,414,256,167,285,108,290,202,213,494,630,1165,251,410,102,453,409,61,213,455,280,92,318,154,342,392,249,424,169,297
550,500,231,96,581,135,546,171,193,222,517,332,1022,362,300,320,399,1041,577,80,303,600,330,231,375,155,384,259,279,720,895,1649,315,533,136,582,528,84,290,610,366,126,419,254,441,535,338,615,214,409
817,768,341,139,928,195,885,275,303,384,765,1022,850,578,462,542,621,1466,934,122,503,939,532,361,582,228,610,421,492,1206,1374,2454,499,876,191,953,841,168,437,961,606,207,702,360,770,811,520,979,316,619
380,260,112,60,361,71,310,114,92,123,279,362,578,97,169,207,257,547,358,41,172,357,196,116,199,88,221,172,158,381,499,949,173,316,84,334,313,61,176,340,243,72,254,134,251,329,193,350,125,239
312,229,109,48,266,63,236,82,76,120,236,300,462,169,72,139,189,452,282,40,148,261,150,122,171,65,169,132,137,312,392,732,145,241,54,288,268,35,117,257,163,61,194,99,220,238,165,294,96,182
343,236,110,48,305,63,267,81,70,126,250,320,542,207,139,81,206,508,290,36,147,285,176,133,179,75,197,127,127,347,418,819,167,277,66,307,275,43,131,266,170,72,209,101,245,273,187,277,115,218
368,307,155,72,345,89,363,90,114,128,301,399,621,257,189,206,138,631,324,49,199,386,230,151,239,91,234,180,184,444,526,988,190,356,97,362,328,57,142,415,236,89,289,151,295,334,250,394,138,238
796,784,369,150,923,199,858,256,317,357,730,1041,1466,547,452,508,631,819,945,106,491,936,536,351,604,216,624,427,456,1154,1365,2485,528,847,201,994,879,166,433,1008,620,193,701,334,701,786,520,963,337,594
514,428,210,77,498,88,508,150,172,212,421,577,934,358,282,290,324,945,217,67,277,458,330,211,354,126,379,235,267,646,736,1400,289,488,121,525,472,85,236,519,320,107,396,191,412,451,333,550,207,370
67,51,15,12,71,17,62,18,21,28,58,80,122,41,40,36,49,106,67,2,35,64,35,33,46,11,35,37,31,63,105,198,36,57,13,56,70,10,39,65,39,12,42,20,54,67,47,79,26,47
334,223,123,43,283,66,265,79,90,142,243,303,503,172,148,147,199,491,277,35,72,304,167,107,185,52,169,135,149,333,394,747,161,282,60,272,253,36,154,305,174,76,234,109,213,265,156,270,111,199
520,415,230,78,542,90,481,148,161,208,414,600,939,357,261,285,386,936,458,64,304,241,321,219,329,108,302,237,253,665,746,1483,281,487,112,545,478,76,267,519,323,119,418,198,380,480,330,537,199,364
319,251,101,49,302,76,275,81,99,132,256,330,532,196,150,176,230,536,330,35,167,321,112,110,203,62,205,152,155,364,446,796,156,269,69,313,260,42,131,315,196,69,240,106,252,305,174,309,122,208
212,151,92,38,209,41,195,59,67,90,167,231,361,116,122,133,151,351,211,33,107,219,110,27,138,60,142,96,96,224,286,601,108,203,38,202,193,43,97,217,143,42,154,74,151,195,129,200,81,130
388,270,106,59,357,86,335,88,99,137,285,375,582,199,171,179,239,604,354,46,185,329,203,138,102,82,211,155,149,418,503,964,182,336,80,335,300,45,163,355,215,66,270,121,223,305,184,370,122,209
146,106,37,24,132,32,118,47,32,67,108,155,228,88,65,75,91,216,126,11,52,108,62,60,82,15,87,62,43,156,195,373,69,125,31,117,135,22,71,143,94,28,125,54,99,114,74,135,44,87
346,265,106,64,346,84,327,92,105,145,290,384,610,221,169,197,234,624,379,35,169,302,205,142,211,87,119,159,153,380,537,985,174,336,83,317,326,50,170,351,242,61,279,139,249,304,197,343,125,240
315,212,90,46,258,58,244,77,78,116,202,259,421,172,132,127,180,427,235,37,135,237,152,96,155,62,159,38,101,308,396,670,131,240,54,261,220,33,122,261,151,36,195,92,203,200,156,281,95,182
314,211,85,37,248,55,222,67,82,117,213,279,492,158,137,127,184,456,267,31,149,253,155,96,149,43,153,101,63,294,386,730,152,244,45,237,213,43,126,258,147,40,208,100,192,228,161,270,98,182
596,577,237,111,638,143,604,192,211,228,494,720,1206,381,312,347,444,1154,646,63,333,665,364,224,418,156,380,308,294,421,952,1832,377,574,149,678,580,121,319,658,420,130,520,241,517,636,395,689,239,454
702,663,297,118,815,170,723,217,238,289,630,895,1374,499,392,418,526,1365,736,105,394,746,446,286,503,195,537,396,386,952,601,2122,380,723,171,776,699,127,387,818,516,163,592,272,607,751,451,803,278,491
1142,1228,559,226,1478,291,1368,431,458,577,1165,1649,2454,949,732,819,988,2485,1400,198,747,1483,796,601,964,373,985,670,730,1832,2122,1909,723,1333,319,1515,1347,250,689,1531,959,307,1055,536,1162,1349,899,1437,491,946
232,250,102,38,266,74,263,91,90,113,251,315,499,173,145,167,190,528,289,36,161,281,156,108,182,69,174,131,152,377,380,723,72,256,70,323,275,52,145,290,149,78,201,105,240,247,147,290,111,173
496,390,181,90,455,119,474,145,180,181,410,533,876,316,241,277,356,847,488,57,282,487,269,203,336,125,336,240,244,574,723,1333,256,240,113,465,453,80,224,486,309,101,355,175,400,418,306,491,173,299
117,93,64,24,123,29,107,27,37,43,102,136,191,84,54,66,97,201,121,13,60,112,69,38,80,31,83,54,45,149,171,319,70,113,9,116,127,26,55,119,85,23,75,47,96,109,61,120,40,78
528,439,219,80,532,122,502,133,161,194,453,582,953,334,288,307,362,994,525,56,272,545,313,202,335,117,317,261,237,678,776,1515,323,465,116,282,504,89,255,594,350,108,429,190,434,501,314,567,216,337
486,386,181,78,460,97,455,138,150,198,409,528,841,313,268,275,328,879,472,70,253,478,260,193,300,135,326,220,213,580,699,1347,275,453,127,504,228,96,251,499,324,121,357,203,392,457,325,487,203,346
77,76,40,17,84,15,88,18,29,38,61,84,168,61,35,43,57,166,85,10,36,76,42,43,45,22,50,33,43,121,127,250,52,80,26,89,96,4,39,80,43,7,61,25,75,76,50,95,40,60
259,209,98,46,261,57,233,64,92,95,213,290,437,176,117,131,142,433,236,39,154,267,131,97,163,71,170,122,126,319,387,689,145,224,55,255,251,39,59,261,149,64,179,91,191,240,158,254,85,162
482,423,226,90,550,100,500,166,190,208,455,610,961,340,257,266,415,1008,519,65,305,519,315,217,355,143,351,261,258,658,818,1531,290,486,119,594,499,80,261,286,350,104,391,213,432,549,344,549,202,360
320,295,137,45,332,76,338,85,103,137,280,366,606,243,163,170,236,620,320,39,174,323,196,143,215,94,242,151,147,420,516,959,149,309,85,350,324,43,149,350,121,61,251,115,276,348,214,337,125,213
118,91,48,24,107,27,102,40,34,49,92,126,207,72,61,72,89,193,107,12,76,119,69,42,66,28,61,36,40,130,163,307,78,101,23,108,121,7,64,104,61,12,76,47,79,103,82,119,43,82
353,346,161,60,386,88,335,112,122,155,318,419,702,254,194,209,289,701,396,42,234,418,240,154,270,125,279,195,208,520,592,1055,201,355,75,429,357,61,179,391,251,76,131,149,327,379,270,401,140,259
188,155,69,26,197,42,188,49,65,87,154,254,360,134,99,101,151,334,191,20,109,198,106,74,121,54,139,92,100,241,272,536,105,175,47,190,203,25,91,213,115,47,149,38,174,188,118,210,64,129
433,348,145,81,419,105,384,105,128,171,342,441,770,251,220,245,295,701,412,54,213,380,252,151,223,99,249,203,192,517,607,1162,240,400,96,434,392,75,191,432,276,79,327,174,148,386,254,409,149,271
421,411,173,65,496,90,482,128,156,196,392,535,811,329,238,273,334,786,451,67,265,480,305,195,305,114,304,200,228,636,751,1349,247,418,109,501,457,76,240,549,348,103,379,188,386,222,265,503,140,315
313,245,118,69,346,87,323,83,94,120,249,338,520,193,165,187,250,520,333,47,156,330,174,129,184,74,197,156,161,395,451,899,147,306,61,314,325,50,158,344,214,82,270,118,254,265,95,335,105,220
524,435,226,86,543,125,483,171,183,224,424,615,979,350,294,277,394,963,550,79,270,537,309,200,370,135,343,281,270,689,803,1437,290,491,120,567,487,95,254,549,337,119,401,210,409,503,335,270,191,360
188,151,84,37,178,56,190,47,68,87,169,214,316,125,96,115,138,337,207,26,111,199,122,81,122,44,125,95,98,239,278,491,111,173,40,216,203,40,85,202,125,43,140,64,149,140,105,191,26,127
374,300,131,57,365,78,355,116,105,142,297,409,619,239,182,218,238,594,370,47,199,364,208,130,209,87,240,182,182,454,491,946,173,299,78,337,346,60,162,360,213,82,259,129,271,315,220,360,127,112
