243,442,225,101,486,109,441,162,169,254,437,522,799,385,299,308,345,795,501,73,280,510,329,193,359,157,373,282,299,594,719,1183,235,513,93,514,466,99,282,487,313,105,354,181,407,415,321,477,155,384
442,193,146,79,462,97,397,155,137,169,394,491,736,263,265,281,328,819,471,57,247,460,300,173,314,118,314,202,207,538,664,1189,226,388,94,470,404,66,224,473,285,79,356,168,303,397,285,451,152,317
225,146,38,35,199,33,188,60,53,86,158,261,340,120,107,113,153,350,193,24,111,210,99,74,126,40,128,101,93,242,273,551,85,176,50,211,196,39,106,217,143,43,166,65,146,175,116,223,74,156
101,79,35,3,71,14,69,24,25,31,71,108,139,59,36,55,48,136,87,6,35,99,44,23,58,18,61,50,42,103,130,215,35,71,23,85,89,12,38,78,50,18,63,31,69,75,37,78,28,52
486,462,199,71,258,96,485,124,155,215,430,592,950,374,285,312,349,905,493,65,265,533,305,211,353,120,382,236,277,707,783,1431,270,454,131,544,470,81,254,587,334,98,400,218,421,458,339,571,181,321
109,97,33,14,96,15,108,27,45,54,96,121,172,79,51,65,72,185,124,13,50,114,71,44,84,26,86,59,53,140,165,286,65,102,22,115,95,15,49,108,67,22,85,38,67,86,52,91,42,86
441,397,188,69,485,108,202,153,158,190,388,556,808,329,241,285,363,851,493,63,271,495,259,164,333,112,317,252,234,619,703,1248,245,454,103,496,430,80,240,495,320,107,377,202,352,424,265,509,163,321
162,155,60,24,124,27,153,25,55,72,133,186,301,95,85,81,127,293,146,19,79,159,89,74,97,37,119,73,74,181,226,453,81,139,31,157,132,23,79,175,92,30,91,61,131,144,105,170,68,93
169,137,53,25,155,45,158,55,28,78,141,185,316,113,92,77,107,318,173,22,104,185,89,66,109,38,111,70,82,187,262,482,99,157,40,188,158,21,76,182,120,33,142,68,131,130,104,176,58,110
254,169,86,31,215,54,190,72,78,48,162,230,368,129,108,124,162,391,232,23,103,234,131,82,155,72,158,100,115,254,336,581,108,199,46,209,190,31,118,200,134,42,178,69,158,184,128,229,76,126
437,394,158,71,430,96,388,133,141,162,182,463,757,259,224,246,315,748,454,60,226,438,274,173,290,117,301,226,222,528,660,1214,242,401,102,458,392,48,231,418,257,93,331,137,302,370,278,438,169,276
522,491,261,108,592,121,556,186,185,230,463,298,1024,351,304,329,410,1016,530,58,307,554,325,234,338,143,383,262,250,713,833,1537,332,531,152,555,534,74,292,582,372,113,422,188,445,473,346,541,225,367
799,736,340,139,950,172,808,301,316,368,757,1024,803,584,483,527,619,1405,871,118,514,875,531,358,587,224,610,435,467,1119,1315,2385,444,832,191,922,809,142,440,944,572,189,715,344,692,819,564,904,318,633
385,263,120,59,374,79,329,95,113,129,259,351,584,108,162,188,264,577,324,33,167,337,177,115,203,91,193,150,159,386,510,911,164,318,80,350,335,53,165,329,200,71,265,127,270,308,211,364,124,211
299,265,107,36,285,51,241,85,92,108,224,304,483,162,74,142,207,485,279,38,124,280,154,115,175,74,177,135,128,328,376,764,156,233,61,278,272,50,132,278,167,46,190,90,214,248,178,290,91,178
308,281,113,55,312,65,285,81,77,124,246,329,527,188,142,75,220,561,315,34,147,333,173,143,184,82,200,129,154,359,404,781,179,265,70,276,290,61,135,328,174,56,211,113,252,279,190,306,110,196
345,328,153,48,349,72,363,127,107,162,315,410,619,264,207,220,130,667,357,40,191,382,199,157,246,98,237,161,193,472,563,979,202,333,88,388,354,69,195,397,214,77,257,154,319,321,218,351,138,224
795,819,350,136,905,185,851,293,318,391,748,1016,1405,577,485,561,667,728,878,121,533,849,534,387,619,200,612,443,477,1116,1318,2353,426,846,174,948,838,155,445,931,564,201,653,334,701,859,566,908,304,602
501,471,193,87,493,124,493,146,173,232,454,530,871,324,279,315,357,878,242,61,299,477,292,218,346,134,347,264,266,641,778,1424,268,484,119,530,482,85,248,517,341,106,424,195,410,443,326,543,182,330
73,57,24,6,65,13,63,19,22,23,60,58,118,33,38,34,40,121,61,1,29,71,31,28,42,14,34,33,27,97,101,174,33,57,15,69,63,12,35,71,52,11,61,25,60,61,38,75,26,44
280,247,111,35,265,50,271,79,104,103,226,307,514,167,124,147,191,533,299,29,60,282,151,113,206,60,181,146,127,372,425,785,146,268,61,285,246,35,146,295,176,49,217,104,218,254,191,278,113,181
510,460,210,99,533,114,495,159,185,234,438,554,875,337,280,333,382,849,477,71,282,288,287,212,355,130,339,267,248,649,773,1368,257,491,116,577,476,104,255,515,352,110,400,199,422,453,320,547,207,326
329,300,99,44,305,71,259,89,89,131,274,325,531,177,154,173,199,534,292,31,151,287,81,123,169,63,182,139,164,369,432,824,161,258,67,296,249,40,147,321,192,71,199,112,210,253,187,300,118,218
193,173,74,23,211,44,164,74,66,82,173,234,358,115,115,143,157,387,218,28,113,212,123,28,131,38,102,85,101,242,321,597,111,187,45,242,172,32,96,208,137,42,143,72,145,182,131,217,78,121
359,314,126,58,353,84,333,97,109,155,290,338,587,203,175,184,246,619,346,42,206,355,169,131,97,84,218,162,170,408,542,927,161,302,73,338,303,57,163,347,229,73,268,117,231,266,197,371,107,210
157,118,40,18,120,26,112,37,38,72,117,143,224,91,74,82,98,200,134,14,60,130,63,38,84,20,74,74,56,149,214,345,67,128,27,158,108,21,52,133,80,26,100,42,95,143,85,137,50,88
373,314,128,61,382,86,317,119,111,158,301,383,610,193,177,200,237,612,347,34,181,339,182,102,218,74,103,159,170,397,520,955,180,290,59,365,306,56,173,343,217,68,278,126,239,312,239,351,142,246
282,202,101,50,236,59,252,73,70,100,226,262,435,150,135,129,161,443,264,33,146,267,139,85,162,74,159,57,119,286,372,664,118,235,66,244,210,45,103,281,133,57,167,92,203,213,171,265,100,159
299,207,93,42,277,53,234,74,82,115,222,250,467,159,128,154,193,477,266,27,127,248,164,101,170,56,170,119,74,324,389,727,145,227,64,253,237,41,144,286,175,40,217,102,200,213,152,282,103,191
594,538,242,103,707,140,619,181,187,254,528,713,1119,386,328,359,472,1116,641,97,372,649,369,242,408,149,397,286,324,381,923,1819,350,639,128,691,575,86,303,693,416,115,476,235,454,603,397,658,212,430
719,664,273,130,783,165,703,226,262,336,660,833,1315,510,376,404,563,1318,778,101,425,773,432,321,542,214,520,372,389,923,554,2050,393,702,155,816,703,132,380,808,507,158,598,283,618,690,507,750,270,515
1183,1189,551,215,1431,286,1248,453,482,581,1214,1537,2385,911,764,781,979,2353,1424,174,785,1368,824,597,927,345,955,664,727,1819,2050,1879,738,1288,323,1497,1216,229,703,1436,915,289,995,496,1122,1301,912,1341,504,964
235,226,85,35,270,65,245,81,99,108,242,332,444,164,156,179,202,426,268,33,146,257,161,111,161,67,180,118,145,350,393,738,70,251,50,284,239,48,134,265,183,53,199,87,214,249,160,291,84,187
513,388,176,71,454,102,454,139,157,199,401,531,832,318,233,265,333,846,484,57,268,491,258,187,302,128,290,235,227,639,702,1288,251,232,112,487,425,86,224,471,277,82,348,194,378,415,299,457,165,309
93,94,50,23,131,22,103,31,40,46,102,152,191,80,61,70,88,174,119,15,61,116,67,45,73,27,59,66,64,128,155,323,50,112,16,125,107,21,54,104,60,22,80,37,97,102,76,115,36,82
514,470,211,85,544,115,496,157,188,209,458,555,922,350,278,276,388,948,530,69,285,577,296,242,338,158,365,244,253,691,816,1497,284,487,125,274,506,88,301,585,331,121,377,195,420,491,318,552,205,328
466,404,196,89,470,95,430,132,158,190,392,534,809,335,272,290,354,838,482,63,246,476,249,172,303,108,306,210,237,575,703,1216,239,425,107,506,214,67,244,444,285,92,343,163,350,413,281,502,176,310
99,66,39,12,81,15,80,23,21,31,48,74,142,53,50,61,69,155,85,12,35,104,40,32,57,21,56,45,41,86,132,229,48,86,21,88,67,5,43,102,50,15,58,34,77,89,60,91,31,44
282,224,106,38,254,49,240,79,76,118,231,292,440,165,132,135,195,445,248,35,146,255,147,96,163,52,173,103,144,303,380,703,134,224,54,301,244,43,63,289,141,56,184,88,202,227,165,251,108,171
487,473,217,78,587,108,495,175,182,200,418,582,944,329,278,328,397,931,517,71,295,515,321,208,347,133,343,281,286,693,808,1436,265,471,104,585,444,102,289,295,332,94,426,191,387,461,337,556,201,365
313,285,143,50,334,67,320,92,120,134,257,372,572,200,167,174,214,564,341,52,176,352,192,137,229,80,217,133,175,416,507,915,183,277,60,331,285,50,141,332,115,67,248,134,273,272,208,322,126,210
105,79,43,18,98,22,107,30,33,42,93,113,189,71,46,56,77,201,106,11,49,110,71,42,73,26,68,57,40,115,158,289,53,82,22,121,92,15,56,94,67,11,82,39,75,90,54,114,43,72
354,356,166,63,400,85,377,91,142,178,331,422,715,265,190,211,257,653,424,61,217,400,199,143,268,100,278,167,217,476,598,995,199,348,80,377,343,58,184,426,248,82,145,140,283,369,243,380,134,262
181,168,65,31,218,38,202,61,68,69,137,188,344,127,90,113,154,334,195,25,104,199,112,72,117,42,126,92,102,235,283,496,87,194,37,195,163,34,88,191,134,39,140,32,164,185,110,207,72,115
407,303,146,69,421,67,352,131,131,158,302,445,692,270,214,252,319,701,410,60,218,422,210,145,231,95,239,203,200,454,618,1122,214,378,97,420,350,77,202,387,273,75,283,164,170,374,280,427,149,274
415,397,175,75,458,86,424,144,130,184,370,473,819,308,248,279,321,859,443,61,254,453,253,182,266,143,312,213,213,603,690,1301,249,415,102,491,413,89,227,461,272,90,369,185,374,200,270,507,174,280
321,285,116,37,339,52,265,105,104,128,278,346,564,211,178,190,218,566,326,38,191,320,187,131,197,85,239,171,152,397,507,912,160,299,76,318,281,60,165,337,208,54,243,110,280,270,84,339,110,198
477,451,223,78,571,91,509,170,176,229,438,541,904,364,290,306,351,908,543,75,278,547,300,217,371,137,351,265,282,658,750,1341,291,457,115,552,502,91,251,556,322,114,380,207,427,507,339,240,205,376
155,152,74,28,181,42,163,68,58,76,169,225,318,124,91,110,138,304,182,26,113,207,118,78,107,50,142,100,103,212,270,504,84,165,36,205,176,31,108,201,126,43,134,72,149,174,110,205,33,134
384,317,156,52,321,86,321,93,110,126,276,367,633,211,178,196,224,602,330,44,181,326,218,121,210,88,246,159,191,430,515,964,187,309,82,328,310,44,171,365,210,72,262,115,274,280,198,376,134,112
