272,443,194,79,494,110,447,168,180,260,461,498,835,378,321,341,351,847,553,73,319,524,342,205,377,139,402,286,312,634,703,1210,255,494,112,488,473,90,251,465,313,129,367,176,480,437,338,497,202,369
443,169,170,83,412,104,439,117,147,182,335,481,804,295,232,244,324,812,434,57,245,472,253,151,284,86,271,198,218,506,675,1277,259,432,91,448,430,76,221,430,274,95,327,165,347,399,280,462,172,279
194,170,32,31,184,41,180,55,66,77,154,226,351,132,115,109,132,378,202,17,103,195,128,59,119,49,128,85,90,253,285,574,121,184,47,199,187,31,95,202,127,30,146,70,155,183,127,203,81,142
79,83,31,2,80,13,84,28,30,34,75,100,133,71,41,59,53,146,82,11,53,70,59,40,72,26,69,28,52,104,110,210,42,88,11,88,90,17,35,92,55,17,59,39,81,58,55,81,31,63
494,412,184,80,221,121,503,143,177,201,428,516,871,335,262,315,348,933,531,63,312,548,320,212,327,116,323,230,252,628,777,1362,293,499,119,538,478,89,255,527,327,107,407,186,406,506,347,548,189,372
110,104,41,13,121,7,104,39,42,45,106,128,187,80,48,72,90,197,114,20,71,109,68,47,90,34,79,48,54,161,159,296,63,120,22,131,107,17,52,119,78,20,79,47,98,91,75,113,32,91
447,439,180,84,503,104,257,165,181,175,395,571,870,339,265,315,368,877,475,67,253,500,298,203,346,125,339,229,241,632,731,1325,269,460,92,519,469,99,249,522,325,102,368,208,437,475,315,529,207,342
168,117,55,28,143,39,165,21,62,70,114,153,296,96,81,83,105,266,135,19,78,170,94,62,101,46,106,77,85,191,246,385,76,157,48,162,138,27,70,146,93,28,133,49,131,173,102,184,71,107
180,147,66,30,177,42,181,62,34,57,133,191,293,89,87,100,104,288,153,23,88,164,110,69,114,39,119,80,83,205,230,455,99,193,40,169,154,26,94,166,101,28,132,57,141,153,113,197,73,105
260,182,77,34,201,45,175,70,57,51,167,214,378,127,129,127,151,374,213,26,114,215,147,79,129,55,140,100,106,274,303,563,111,197,36,207,178,28,114,232,119,49,148,80,175,186,133,241,79,158
461,335,154,75,428,106,395,114,133,167,183,473,780,289,218,253,318,720,392,59,241,461,276,164,256,97,273,199,215,547,663,1167,239,429,100,445,390,76,239,430,263,77,321,164,352,405,261,445,163,327
498,481,226,100,516,128,571,153,191,214,473,315,1023,367,272,329,389,1001,622,69,296,576,299,238,399,142,379,237,296,741,842,1585,338,538,112,586,497,91,263,598,379,119,426,220,460,547,361,595,201,405
835,804,351,133,871,187,870,296,293,378,780,1023,804,612,444,509,616,1492,910,114,557,891,529,383,624,213,611,388,512,1173,1320,2452,451,842,202,958,841,165,468,972,610,207,642,351,742,858,591,951,341,613
378,295,132,71,335,80,339,96,89,127,289,367,612,125,174,186,245,588,347,38,169,324,193,122,213,81,225,148,170,401,511,858,183,323,64,324,354,61,164,347,197,71,275,110,289,329,182,353,124,224
321,232,115,41,262,48,265,81,87,129,218,272,444,174,61,147,215,434,254,34,147,270,173,119,175,67,176,117,156,332,393,704,121,215,66,295,239,47,140,278,165,53,208,99,210,231,157,299,107,199
341,244,109,59,315,72,315,83,100,127,253,329,509,186,147,77,217,509,284,37,134,334,179,122,182,87,193,127,126,339,445,785,157,243,77,275,281,48,148,341,203,54,213,102,227,280,190,305,130,204
351,324,132,53,348,90,368,105,104,151,318,389,616,245,215,217,115,637,363,35,193,380,200,134,226,87,265,183,200,475,557,1035,192,356,91,402,330,61,170,398,247,79,279,130,329,340,252,399,146,236
847,812,378,146,933,197,877,266,288,374,720,1001,1492,588,434,509,637,837,894,111,503,871,521,360,567,205,598,416,485,1155,1322,2474,476,833,210,971,813,166,473,964,587,193,664,363,724,753,572,947,336,577
553,434,202,82,531,114,475,135,153,213,392,622,910,347,254,284,363,894,230,67,276,463,269,188,302,118,331,210,264,629,753,1389,297,485,111,575,496,91,238,536,349,114,383,182,400,471,314,515,186,363
73,57,17,11,63,20,67,19,23,26,59,69,114,38,34,37,35,111,67,3,29,60,33,24,53,15,33,26,25,82,93,171,41,51,9,54,61,13,29,67,44,6,47,23,47,40,46,54,29,56
319,245,103,53,312,71,253,78,88,114,241,296,557,169,147,134,193,503,276,29,74,287,165,91,178,70,171,127,135,341,414,822,167,272,65,290,261,50,132,297,169,48,230,105,217,280,187,294,107,175
524,472,195,70,548,109,500,170,164,215,461,576,891,324,270,334,380,871,463,60,287,254,288,204,312,113,320,246,255,646,768,1381,263,489,119,544,473,78,259,549,361,107,394,215,418,489,305,545,174,368
342,253,128,59,320,68,298,94,110,147,276,299,529,193,173,179,200,521,269,33,165,288,95,124,198,77,196,127,174,358,442,803,155,252,59,313,267,46,134,327,180,59,250,120,240,261,182,333,107,203
205,151,59,40,212,47,203,62,69,79,164,238,383,122,119,122,134,360,188,24,91,204,124,28,119,35,109,84,104,256,295,583,119,192,48,212,176,38,94,205,109,43,159,77,165,187,139,203,71,141
377,284,119,72,327,90,346,101,114,129,256,399,624,213,175,182,226,567,302,53,178,312,198,119,92,75,202,172,156,364,502,942,186,345,71,341,314,47,181,332,189,76,228,134,243,301,186,352,144,221
139,86,49,26,116,34,125,46,39,55,97,142,213,81,67,87,87,205,118,15,70,113,77,35,75,14,61,67,60,145,175,362,79,137,32,113,126,25,64,148,77,13,83,48,99,121,65,128,52,74
402,271,128,69,323,79,339,106,119,140,273,379,611,225,176,193,265,598,331,33,171,320,196,109,202,61,97,152,163,385,480,934,202,331,85,390,326,68,177,352,189,58,255,132,282,310,219,337,149,224
286,198,85,28,230,48,229,77,80,100,199,237,388,148,117,127,183,416,210,26,127,246,127,84,172,67,152,65,111,289,361,677,118,207,54,251,229,36,133,268,140,65,206,81,172,198,149,261,102,142
312,218,90,52,252,54,241,85,83,106,215,296,512,170,156,126,200,485,264,25,135,255,174,104,156,60,163,111,66,297,364,706,142,254,45,256,234,28,130,280,169,44,201,99,215,232,183,267,100,184
634,506,253,104,628,161,632,191,205,274,547,741,1173,401,332,339,475,1155,629,82,341,646,358,256,364,145,385,289,297,443,1020,1818,381,618,160,693,622,111,313,678,409,130,456,250,499,587,397,670,252,438
703,675,285,110,777,159,731,246,230,303,663,842,1320,511,393,445,557,1322,753,93,414,768,442,295,502,175,480,361,364,1020,512,2015,407,735,175,791,725,133,404,804,512,165,565,282,569,649,473,773,253,491
1210,1277,574,210,1362,296,1325,385,455,563,1167,1585,2452,858,704,785,1035,2474,1389,171,822,1381,803,583,942,362,934,677,706,1818,2015,1919,727,1266,325,1556,1270,272,679,1511,950,305,1016,539,1098,1295,893,1493,488,953
255,259,121,42,293,63,269,76,99,111,239,338,451,183,121,157,192,476,297,41,167,263,155,119,186,79,202,118,142,381,407,727,67,276,58,285,256,62,127,293,214,59,186,96,219,237,176,300,101,177
494,432,184,88,499,120,460,157,193,197,429,538,842,323,215,243,356,833,485,51,272,489,252,192,345,137,331,207,254,618,735,1266,276,214,106,526,452,80,225,543,332,112,359,186,422,456,316,484,176,336
112,91,47,11,119,22,92,48,40,36,100,112,202,64,66,77,91,210,111,9,65,119,59,48,71,32,85,54,45,160,175,325,58,106,17,124,92,19,65,129,74,20,83,50,81,104,65,136,43,84
488,448,199,88,538,131,519,162,169,207,445,586,958,324,295,275,402,971,575,54,290,544,313,212,341,113,390,251,256,693,791,1556,285,526,124,251,499,80,282,553,374,112,415,191,426,503,316,555,218,349
473,430,187,90,478,107,469,138,154,178,390,497,841,354,239,281,330,813,496,61,261,473,267,176,314,126,326,229,234,622,725,1270,256,452,92,499,210,87,213,490,309,102,343,178,388,424,301,486,162,314
90,76,31,17,89,17,99,27,26,28,76,91,165,61,47,48,61,166,91,13,50,78,46,38,47,25,68,36,28,111,133,272,62,80,19,80,87,7,53,84,62,25,61,31,81,88,63,97,48,57
251,221,95,35,255,52,249,70,94,114,239,263,468,164,140,148,170,473,238,29,132,259,134,94,181,64,177,133,130,313,404,679,127,225,65,282,213,53,60,279,173,43,201,92,208,252,160,305,107,164
465,430,202,92,527,119,522,146,166,232,430,598,972,347,278,341,398,964,536,67,297,549,327,205,332,148,352,268,280,678,804,1511,293,543,129,553,490,84,279,252,357,117,408,192,419,503,333,599,192,353
313,274,127,55,327,78,325,93,101,119,263,379,610,197,165,203,247,587,349,44,169,361,180,109,189,77,189,140,169,409,512,950,214,332,74,374,309,62,173,357,111,61,254,127,240,343,181,348,139,205
129,95,30,17,107,20,102,28,28,49,77,119,207,71,53,54,79,193,114,6,48,107,59,43,76,13,58,65,44,130,165,305,59,112,20,112,102,25,43,117,61,7,83,36,80,102,65,107,44,78
367,327,146,59,407,79,368,133,132,148,321,426,642,275,208,213,279,664,383,47,230,394,250,159,228,83,255,206,201,456,565,1016,186,359,83,415,343,61,201,408,254,83,140,128,310,343,236,389,131,254
176,165,70,39,186,47,208,49,57,80,164,220,351,110,99,102,130,363,182,23,105,215,120,77,134,48,132,81,99,250,282,539,96,186,50,191,178,31,92,192,127,36,128,41,146,200,133,197,74,140
480,347,155,81,406,98,437,131,141,175,352,460,742,289,210,227,329,724,400,47,217,418,240,165,243,99,282,172,215,499,569,1098,219,422,81,426,388,81,208,419,240,80,310,146,181,369,248,431,155,287
437,399,183,58,506,91,475,173,153,186,405,547,858,329,231,280,340,753,471,40,280,489,261,187,301,121,310,198,232,587,649,1295,237,456,104,503,424,88,252,503,343,102,343,200,369,222,297,489,167,314
338,280,127,55,347,75,315,102,113,133,261,361,591,182,157,190,252,572,314,46,187,305,182,139,186,65,219,149,183,397,473,893,176,316,65,316,301,63,160,333,181,65,236,133,248,297,84,362,142,221
497,462,203,81,548,113,529,184,197,241,445,595,951,353,299,305,399,947,515,54,294,545,333,203,352,128,337,261,267,670,773,1493,300,484,136,555,486,97,305,599,348,107,389,197,431,489,362,289,214,375
202,172,81,31,189,32,207,71,73,79,163,201,341,124,107,130,146,336,186,29,107,174,107,71,144,52,149,102,100,252,253,488,101,176,43,218,162,48,107,192,139,44,131,74,155,167,142,214,42,156
369,279,142,63,372,91,342,107,105,158,327,405,613,224,199,204,236,577,363,56,175,368,203,141,221,74,224,142,184,438,491,953,177,336,84,349,314,57,164,353,205,78,254,140,287,314,221,375,156,110
