270,470,231,97,532,95,502,188,186,252,454,499,828,396,313,323,379,833,521,55,340,556,352,204,391,149,403,300,321,593,728,1177,258,497,108,513,467,64,261,486,331,106,383,168,449,414,360,475,184,404
470,204,180,79,442,105,416,155,131,175,375,481,796,294,233,253,331,779,408,56,219,434,259,172,289,114,293,195,225,515,665,1291,236,441,92,456,426,75,207,477,273,84,340,163,370,376,281,483,176,288
231,180,34,43,231,50,214,77,61,79,185,228,343,110,106,107,140,381,196,21,90,211,127,88,136,44,124,86,100,252,306,571,109,203,36,219,197,45,114,257,138,35,142,67,156,177,130,195,83,136
97,79,43,5,82,20,80,35,19,50,75,94,135,52,54,58,54,141,90,9,53,82,52,36,59,22,59,44,49,98,106,210,35,81,11,81,93,14,41,82,63,21,59,34,84,72,56,89,34,65
532,442,231,82,263,114,466,153,163,191,426,573,890,304,289,307,364,896,486,59,279,523,318,211,350,158,362,218,257,676,777,1427,284,475,121,558,464,97,251,532,306,105,383,191,420,463,329,539,204,342
95,105,50,20,114,14,129,48,44,60,91,128,198,76,71,77,69,202,109,17,61,106,72,60,85,34,84,44,62,145,152,280,48,102,19,84,114,23,53,116,90,23,111,52,115,95,80,121,40,85
502,416,214,80,466,129,241,167,157,209,386,538,869,303,281,266,354,886,466,64,259,470,299,206,313,120,304,215,263,591,711,1378,278,460,102,524,475,83,211,542,343,96,367,194,408,430,311,522,200,334
188,155,77,35,153,48,167,26,53,74,147,136,267,101,73,70,107,252,155,14,69,166,88,53,117,40,103,79,77,173,236,417,79,161,39,172,143,29,79,186,109,23,104,69,143,149,105,167,66,111
186,131,61,19,163,44,157,53,27,62,148,179,266,98,79,95,124,300,176,19,93,174,95,60,125,58,131,60,86,202,238,507,86,141,28,158,158,30,91,190,119,35,151,49,132,138,93,185,55,117
252,175,79,50,191,60,209,74,62,48,177,230,377,142,114,112,150,381,196,24,131,217,135,95,142,61,170,100,123,243,278,563,117,206,50,224,215,38,110,182,121,52,150,73,177,197,134,205,85,155
454,375,185,75,426,91,386,147,148,177,181,480,782,276,221,234,301,799,421,61,252,427,266,186,289,109,312,192,240,552,643,1174,232,400,94,446,372,66,208,478,263,91,339,168,359,396,260,440,165,299
499,481,228,94,573,128,538,136,179,230,480,329,1022,347,283,316,357,1079,540,73,309,560,339,231,388,143,384,255,252,713,851,1641,343,490,154,617,505,110,262,669,401,120,418,191,427,563,348,575,217,364
828,796,343,135,890,198,869,267,266,377,782,1022,839,630,461,514,650,1462,910,118,510,930,516,400,615,204,600,458,464,1124,1365,2558,514,826,217,1007,818,163,476,1011,624,187,679,325,703,885,604,1011,354,603
396,294,110,52,304,76,303,101,98,142,276,347,630,105,169,172,226,620,307,36,181,307,186,133,214,76,201,157,175,429,486,969,184,288,63,358,308,60,158,343,210,86,247,131,257,291,192,325,119,219
313,233,106,54,289,71,281,73,79,114,221,283,461,169,77,127,173,470,267,26,163,263,159,111,164,60,168,139,133,342,395,710,135,239,63,268,213,47,131,292,176,52,185,76,208,218,148,267,107,160
323,253,107,58,307,77,266,70,95,112,234,316,514,172,127,74,203,540,268,33,169,269,193,111,163,62,169,139,125,355,418,814,156,265,57,297,234,40,122,286,199,40,211,95,212,260,143,319,109,181
379,331,140,54,364,69,354,107,124,150,301,357,650,226,173,203,126,668,403,41,200,375,209,147,237,110,265,170,200,426,574,1025,176,329,75,378,306,62,178,404,228,73,277,139,298,366,224,387,113,257
833,779,381,141,896,202,886,252,300,381,799,1079,1462,620,470,540,668,800,952,107,468,941,534,366,600,208,602,425,486,1157,1421,2549,500,800,218,984,866,165,430,979,596,192,685,351,747,902,576,965,349,619
521,408,196,90,486,109,466,155,176,196,421,540,910,307,267,268,403,952,257,58,286,493,293,208,309,125,329,232,240,655,753,1435,263,471,123,579,413,88,261,544,315,113,372,173,395,494,337,538,177,353
55,56,21,9,59,17,64,14,19,24,61,73,118,36,26,33,41,107,58,4,29,56,41,27,47,19,52,28,35,81,91,194,33,61,14,69,53,10,25,69,41,12,61,23,54,60,42,66,21,52
340,219,90,53,279,61,259,69,93,131,252,309,510,181,163,169,200,468,286,29,79,320,167,106,187,72,190,113,126,315,420,782,133,260,52,265,251,53,126,286,182,51,209,88,197,266,178,277,96,202
556,434,211,82,523,106,470,166,174,217,427,560,930,307,263,269,375,941,493,56,320,254,320,212,330,126,320,241,271,670,743,1395,277,481,107,571,448,84,255,558,352,115,386,207,415,478,323,527,188,349
352,259,127,52,318,72,299,88,95,135,266,339,516,186,159,193,209,534,293,41,167,320,90,136,210,80,207,138,144,363,462,833,161,304,76,292,291,53,155,341,189,72,195,110,276,266,177,302,114,219
204,172,88,36,211,60,206,53,60,95,186,231,400,133,111,111,147,366,208,27,106,212,136,48,144,33,122,110,109,259,303,589,124,213,39,218,194,34,105,208,131,44,159,82,170,170,132,205,84,151
391,289,136,59,350,85,313,117,125,142,289,388,615,214,164,163,237,600,309,47,187,330,210,144,119,82,227,146,177,427,528,980,186,292,81,345,318,38,184,342,221,62,238,118,254,275,229,347,147,235
149,114,44,22,158,34,120,40,58,61,109,143,204,76,60,62,110,208,125,19,72,126,80,33,82,14,75,54,71,139,169,353,74,129,30,126,115,23,73,123,84,36,80,60,106,107,77,127,57,72
403,293,124,59,362,84,304,103,131,170,312,384,600,201,168,169,265,602,329,52,190,320,207,122,227,75,107,142,171,383,495,1019,210,348,71,360,311,53,169,377,206,70,244,140,269,317,204,338,154,241
300,195,86,44,218,44,215,79,60,100,192,255,458,157,139,139,170,425,232,28,113,241,138,110,146,54,142,46,126,267,328,683,145,239,42,238,240,32,127,259,146,54,193,87,199,206,148,254,67,156
321,225,100,49,257,62,263,77,86,123,240,252,464,175,133,125,200,486,240,35,126,271,144,109,177,71,171,126,65,291,390,676,141,262,55,252,254,45,148,261,163,44,184,97,212,200,174,271,112,181
593,515,252,98,676,145,591,173,202,243,552,713,1124,429,342,355,426,1157,655,81,315,670,363,259,427,139,383,267,291,409,1005,1849,339,578,151,648,613,136,321,716,440,141,542,269,522,640,429,709,262,426
728,665,306,106,777,152,711,236,238,278,643,851,1365,486,395,418,574,1421,753,91,420,743,462,303,528,169,495,328,390,1005,609,2171,414,698,196,840,714,130,431,845,490,159,582,297,634,730,517,790,273,504
1177,1291,571,210,1427,280,1378,417,507,563,1174,1641,2558,969,710,814,1025,2549,1435,194,782,1395,833,589,980,353,1019,683,676,1849,2171,2073,782,1259,345,1588,1303,254,722,1470,965,275,1046,539,1164,1348,879,1425,517,930
258,236,109,35,284,48,278,79,86,117,232,343,514,184,135,156,176,500,263,33,133,277,161,124,186,74,210,145,141,339,414,782,70,216,75,287,272,41,152,281,158,55,183,106,265,248,184,270,129,184
497,441,203,81,475,102,460,161,141,206,400,490,826,288,239,265,329,800,471,61,260,481,304,213,292,129,348,239,262,578,698,1259,216,203,97,481,426,82,247,471,308,92,386,191,389,469,289,517,174,311
108,92,36,11,121,19,102,39,28,50,94,154,217,63,63,57,75,218,123,14,52,107,76,39,81,30,71,42,55,151,196,345,75,97,19,124,101,22,70,144,91,27,82,35,93,121,79,118,54,71
513,456,219,81,558,84,524,172,158,224,446,617,1007,358,268,297,378,984,579,69,265,571,292,218,345,126,360,238,252,648,840,1588,287,481,124,270,494,74,265,567,386,96,467,163,458,496,332,576,198,376
467,426,197,93,464,114,475,143,158,215,372,505,818,308,213,234,306,866,413,53,251,448,291,194,318,115,311,240,254,613,714,1303,272,426,101,494,211,92,224,476,327,88,348,180,372,396,312,518,166,320
64,75,45,14,97,23,83,29,30,38,66,110,163,60,47,40,62,165,88,10,53,84,53,34,38,23,53,32,45,136,130,254,41,82,22,74,92,5,42,81,43,16,65,33,59,85,43,92,33,48
261,207,114,41,251,53,211,79,91,110,208,262,476,158,131,122,178,430,261,25,126,255,155,105,184,73,169,127,148,321,431,722,152,247,70,265,224,42,71,267,150,56,189,114,217,253,164,245,98,173
486,477,257,82,532,116,542,186,190,182,478,669,1011,343,292,286,404,979,544,69,286,558,341,208,342,123,377,259,261,716,845,1470,281,471,144,567,476,81,267,318,374,109,385,223,454,506,363,537,193,360
331,273,138,63,306,90,343,109,119,121,263,401,624,210,176,199,228,596,315,41,182,352,189,131,221,84,206,146,163,440,490,965,158,308,91,386,327,43,150,374,106,66,246,129,267,319,216,342,134,221
106,84,35,21,105,23,96,23,35,52,91,120,187,86,52,40,73,192,113,12,51,115,72,44,62,36,70,54,44,141,159,275,55,92,27,96,88,16,56,109,66,11,95,32,89,95,71,108,41,73
383,340,142,59,383,111,367,104,151,150,339,418,679,247,185,211,277,685,372,61,209,386,195,159,238,80,244,193,184,542,582,1046,183,386,82,467,348,65,189,385,246,95,150,141,272,365,238,401,150,278
168,163,67,34,191,52,194,69,49,73,168,191,325,131,76,95,139,351,173,23,88,207,110,82,118,60,140,87,97,269,297,539,106,191,35,163,180,33,114,223,129,32,141,33,136,173,106,191,45,134
449,370,156,84,420,115,408,143,132,177,359,427,703,257,208,212,298,747,395,54,197,415,276,170,254,106,269,199,212,522,634,1164,265,389,93,458,372,59,217,454,267,89,272,136,154,357,251,430,157,290
414,376,177,72,463,95,430,149,138,197,396,563,885,291,218,260,366,902,494,60,266,478,266,170,275,107,317,206,200,640,730,1348,248,469,121,496,396,85,253,506,319,95,365,173,357,218,273,498,174,342
360,281,130,56,329,80,311,105,93,134,260,348,604,192,148,143,224,576,337,42,178,323,177,132,229,77,204,148,174,429,517,879,184,289,79,332,312,43,164,363,216,71,238,106,251,273,91,326,130,212
475,483,195,89,539,121,522,167,185,205,440,575,1011,325,267,319,387,965,538,66,277,527,302,205,347,127,338,254,271,709,790,1425,270,517,118,576,518,92,245,537,342,108,401,191,430,498,326,281,204,334
184,176,83,34,204,40,200,66,55,85,165,217,354,119,107,109,113,349,177,21,96,188,114,84,147,57,154,67,112,262,273,517,129,174,54,198,166,33,98,193,134,41,150,45,157,174,130,204,39,127
404,288,136,65,342,85,334,111,117,155,299,364,603,219,160,181,257,619,353,52,202,349,219,151,235,72,241,156,181,426,504,930,184,311,71,376,320,48,173,360,221,73,278,134,290,342,212,334,127,124
