221,443,205,99,529,114,478,193,161,243,460,505,820,368,315,362,358,830,520,77,299,539,324,205,373,151,387,277,300,604,711,1165,239,493,103,482,505,87,249,476,306,99,400,173,438,440,339,539,170,369
443,196,163,89,423,102,438,124,145,171,376,504,780,276,256,260,317,788,420,50,235,445,265,204,269,111,289,198,209,524,669,1252,244,409,84,463,439,70,197,463,273,92,358,167,354,399,268,469,178,300
205,163,35,33,237,47,206,62,68,83,179,219,351,122,102,112,129,342,185,24,94,194,127,81,123,45,116,90,93,245,317,588,116,195,35,200,201,30,89,234,110,30,169,79,166,188,115,214,87,118
99,89,33,11,88,22,94,27,29,36,62,106,154,51,43,45,61,158,76,6,54,86,48,29,61,34,61,35,42,115,117,236,49,91,17,93,80,18,32,78,51,19,71,32,82,82,57,95,30,46
529,423,237,88,246,106,488,156,158,227,441,573,921,321,253,292,379,926,545,78,273,500,290,182,343,113,295,235,263,668,796,1461,268,468,106,542,482,79,266,523,336,100,393,197,417,458,302,557,205,358
114,102,47,22,106,12,104,30,31,53,87,135,201,66,56,63,69,204,110,16,66,106,68,44,81,34,73,51,53,144,165,312,66,113,20,134,109,21,44,106,75,26,98,34,93,100,61,119,44,60
478,438,206,94,488,104,244,125,164,179,410,526,868,300,284,297,315,878,487,48,278,497,278,173,320,151,336,207,255,604,766,1346,302,430,93,519,429,78,234,512,327,104,394,176,408,433,290,539,174,303
193,124,62,27,156,30,125,19,49,64,135,159,269,110,73,81,108,293,153,19,88,161,85,59,98,37,96,74,75,180,218,439,78,148,35,139,149,27,66,175,86,38,119,50,132,133,97,180,55,113
161,145,68,29,158,31,164,49,23,60,134,182,286,105,79,84,122,308,182,20,85,162,87,72,123,41,117,74,62,203,243,466,95,158,44,173,144,23,75,170,113,41,131,62,136,148,109,187,62,104
243,171,83,36,227,53,179,64,60,31,148,245,344,152,96,125,163,382,204,30,99,229,92,89,160,54,142,104,94,275,302,544,92,210,47,181,199,33,122,229,145,30,159,62,189,178,117,240,59,154
460,376,179,62,441,87,410,135,134,148,172,496,691,304,236,257,312,775,438,55,225,470,239,167,285,100,251,217,201,546,614,1097,205,414,104,436,395,66,226,465,297,88,345,140,346,361,296,453,149,287
505,504,219,106,573,135,526,159,182,245,496,318,981,335,264,303,411,1002,558,73,294,544,340,224,373,148,410,256,298,764,857,1585,299,547,143,596,539,81,287,602,395,116,433,207,435,477,327,605,201,375
820,780,351,154,921,201,868,269,286,344,691,981,801,577,469,534,620,1465,914,104,537,929,507,354,602,220,653,396,493,1141,1386,2382,478,852,203,1010,844,168,474,967,599,176,700,343,738,859,567,924,323,607
368,276,122,51,321,66,300,110,105,152,304,335,577,84,177,160,220,592,346,32,168,334,183,123,252,88,222,158,179,425,500,891,184,324,76,322,294,64,155,341,222,65,275,124,283,302,177,362,113,243
315,256,102,43,253,56,284,73,79,96,236,264,469,177,71,147,185,493,295,24,143,294,154,107,168,62,166,145,145,343,401,734,146,248,57,298,251,29,129,295,179,36,217,96,231,272,127,297,99,188
362,260,112,45,292,63,297,81,84,125,257,303,534,160,147,80,218,536,274,38,143,300,186,112,188,64,171,132,137,342,469,813,172,272,62,309,274,40,158,306,173,48,213,109,254,272,160,324,119,209
358,317,129,61,379,69,315,108,122,163,312,411,620,220,185,218,148,662,354,49,219,378,216,151,236,95,230,136,169,441,566,1030,185,350,82,376,362,63,190,393,242,72,298,121,272,334,230,370,128,249
830,788,342,158,926,204,878,293,308,382,775,1002,1465,592,493,536,662,793,914,119,533,918,497,357,600,237,627,394,470,1072,1319,2381,457,807,204,988,835,163,478,953,605,174,644,341,723,875,558,898,328,595
520,420,185,76,545,110,487,153,182,204,438,558,914,346,295,274,354,914,273,50,276,490,301,219,346,116,338,211,247,605,782,1415,238,435,127,537,456,89,267,551,333,106,387,181,418,506,338,533,179,331
77,50,24,6,78,16,48,19,20,30,55,73,104,32,24,38,49,119,50,2,33,65,28,19,39,14,37,25,28,85,98,177,29,66,12,56,61,13,42,67,33,11,42,20,43,54,39,60,24,47
299,235,94,54,273,66,278,88,85,99,225,294,537,168,143,143,219,533,276,33,54,272,178,107,195,62,180,149,144,301,407,797,177,263,57,285,282,45,130,270,191,61,229,86,243,272,165,288,120,192
539,445,194,86,500,106,497,161,162,229,470,544,929,334,294,300,378,918,490,65,272,260,290,199,363,135,357,247,298,665,773,1412,280,464,116,537,478,87,261,515,323,87,398,177,429,467,355,529,199,358
324,265,127,48,290,68,278,85,87,92,239,340,507,183,154,186,216,497,301,28,178,290,70,142,177,73,201,141,154,361,456,855,166,266,63,334,286,38,148,348,203,54,248,112,233,261,194,284,102,176
205,204,81,29,182,44,173,59,72,89,167,224,354,123,107,112,151,357,219,19,107,199,142,49,143,49,140,92,116,247,312,582,116,160,35,192,162,27,106,223,145,47,152,68,156,148,141,203,62,152
373,269,123,61,343,81,320,98,123,160,285,373,602,252,168,188,236,600,346,39,195,363,177,143,98,95,234,149,164,407,528,928,178,260,66,355,287,48,181,356,224,70,263,121,260,304,199,370,120,230
151,111,45,34,113,34,151,37,41,54,100,148,220,88,62,64,95,237,116,14,62,135,73,49,95,18,91,53,56,162,184,373,70,106,29,138,118,11,65,146,85,24,94,46,92,117,79,125,40,85
387,289,116,61,295,73,336,96,117,142,251,410,653,222,166,171,230,627,338,37,180,357,201,140,234,91,110,147,148,385,530,1009,189,292,70,322,290,46,174,372,210,66,264,116,263,285,231,340,136,251
277,198,90,35,235,51,207,74,74,104,217,256,396,158,145,132,136,394,211,25,149,247,141,92,149,53,147,52,105,280,341,679,128,198,57,236,226,35,106,260,151,46,175,96,173,219,148,244,95,167
300,209,93,42,263,53,255,75,62,94,201,298,493,179,145,137,169,470,247,28,144,298,154,116,164,56,148,105,64,306,400,719,152,218,53,250,267,42,126,289,176,54,189,75,208,215,148,261,96,167
604,524,245,115,668,144,604,180,203,275,546,764,1141,425,343,342,441,1072,605,85,301,665,361,247,407,162,385,280,306,421,965,1726,362,612,127,698,593,109,325,656,448,125,446,237,512,580,380,619,259,413
711,669,317,117,796,165,766,218,243,302,614,857,1386,500,401,469,566,1319,782,98,407,773,456,312,528,184,530,341,400,965,599,2140,410,692,175,895,708,113,375,801,487,148,609,285,666,710,479,785,271,513
1165,1252,588,236,1461,312,1346,439,466,544,1097,1585,2382,891,734,813,1030,2381,1415,177,797,1412,855,582,928,373,1009,679,719,1726,2140,1893,758,1335,328,1516,1316,236,688,1499,944,286,1068,523,1122,1305,859,1426,534,938
239,244,116,49,268,66,302,78,95,92,205,299,478,184,146,172,185,457,238,29,177,280,166,116,178,70,189,128,152,362,410,758,64,250,52,312,261,45,136,285,177,51,213,112,228,266,162,276,97,168
493,409,195,91,468,113,430,148,158,210,414,547,852,324,248,272,350,807,435,66,263,464,266,160,260,106,292,198,218,612,692,1335,250,209,108,521,447,76,254,489,304,108,375,167,344,413,304,497,173,300
103,84,35,17,106,20,93,35,44,47,104,143,203,76,57,62,82,204,127,12,57,116,63,35,66,29,70,57,53,127,175,328,52,108,13,126,104,16,56,125,74,25,96,32,77,94,67,119,40,84
482,463,200,93,542,134,519,139,173,181,436,596,1010,322,298,309,376,988,537,56,285,537,334,192,355,138,322,236,250,698,895,1516,312,521,126,261,529,85,251,573,359,112,454,189,403,505,325,580,228,368
505,439,201,80,482,109,429,149,144,199,395,539,844,294,251,274,362,835,456,61,282,478,286,162,287,118,290,226,267,593,708,1316,261,447,104,529,203,70,244,513,296,116,361,173,358,419,285,526,184,297
87,70,30,18,79,21,78,27,23,33,66,81,168,64,29,40,63,163,89,13,45,87,38,27,48,11,46,35,42,109,113,236,45,76,16,85,70,4,37,113,58,28,76,26,58,85,48,81,30,58
249,197,89,32,266,44,234,66,75,122,226,287,474,155,129,158,190,478,267,42,130,261,148,106,181,65,174,106,126,325,375,688,136,254,56,251,244,37,61,296,159,65,200,97,199,209,154,275,88,193
476,463,234,78,523,106,512,175,170,229,465,602,967,341,295,306,393,953,551,67,270,515,348,223,356,146,372,260,289,656,801,1499,285,489,125,573,513,113,296,276,320,106,373,178,452,477,353,559,197,370
306,273,110,51,336,75,327,86,113,145,297,395,599,222,179,173,242,605,333,33,191,323,203,145,224,85,210,151,176,448,487,944,177,304,74,359,296,58,159,320,114,58,244,132,282,315,225,357,131,255
99,92,30,19,100,26,104,38,41,30,88,116,176,65,36,48,72,174,106,11,61,87,54,47,70,24,66,46,54,125,148,286,51,108,25,112,116,28,65,106,58,16,90,35,78,103,60,128,37,60
400,358,169,71,393,98,394,119,131,159,345,433,700,275,217,213,298,644,387,42,229,398,248,152,263,94,264,175,189,446,609,1068,213,375,96,454,361,76,200,373,244,90,142,149,331,363,251,406,139,254
173,167,79,32,197,34,176,50,62,62,140,207,343,124,96,109,121,341,181,20,86,177,112,68,121,46,116,96,75,237,285,523,112,167,32,189,173,26,97,178,132,35,149,18,133,154,117,187,72,120
438,354,166,82,417,93,408,132,136,189,346,435,738,283,231,254,272,723,418,43,243,429,233,156,260,92,263,173,208,512,666,1122,228,344,77,403,358,58,199,452,282,78,331,133,163,354,245,408,155,257
440,399,188,82,458,100,433,133,148,178,361,477,859,302,272,272,334,875,506,54,272,467,261,148,304,117,285,219,215,580,710,1305,266,413,94,505,419,85,209,477,315,103,363,154,354,219,289,452,161,298
339,268,115,57,302,61,290,97,109,117,296,327,567,177,127,160,230,558,338,39,165,355,194,141,199,79,231,148,148,380,479,859,162,304,67,325,285,48,154,353,225,60,251,117,245,289,108,340,124,221
539,469,214,95,557,119,539,180,187,240,453,605,924,362,297,324,370,898,533,60,288,529,284,203,370,125,340,244,261,619,785,1426,276,497,119,580,526,81,275,559,357,128,406,187,408,452,340,272,170,365
170,178,87,30,205,44,174,55,62,59,149,201,323,113,99,119,128,328,179,24,120,199,102,62,120,40,136,95,96,259,271,534,97,173,40,228,184,30,88,197,131,37,139,72,155,161,124,170,27,123
369,300,118,46,358,60,303,113,104,154,287,375,607,243,188,209,249,595,331,47,192,358,176,152,230,85,251,167,167,413,513,938,168,300,84,368,297,58,193,370,255,60,254,120,257,298,221,365,123,135
