245,439,208,74,468,112,475,181,171,253,463,516,807,362,342,331,357,797,499,64,315,542,384,201,361,136,373,301,322,602,735,1165,247,499,100,477,491,77,248,449,307,92,311,184,431,451,351,512,166,376
439,168,162,68,445,94,416,113,131,177,375,501,820,287,213,236,319,785,471,38,215,465,252,155,285,112,279,217,194,510,635,1250,237,390,116,434,419,90,202,411,280,100,336,150,332,419,270,476,167,302
208,162,42,27,209,52,173,67,55,77,177,247,361,134,96,108,145,345,211,25,110,237,105,86,125,39,121,86,88,243,311,558,100,166,43,211,165,32,114,208,128,58,169,66,150,175,115,198,68,148
74,68,27,12,81,25,76,17,27,35,72,77,139,58,48,51,58,137,94,16,60,80,45,41,56,22,66,51,49,101,127,234,51,102,22,100,78,8,38,86,43,12,71,36,71,70,55,79,22,63
468,445,209,81,237,117,487,156,158,202,419,617,930,330,281,290,378,887,514,71,291,493,279,178,358,141,367,234,242,617,760,1419,286,516,110,530,476,91,280,527,333,114,399,173,400,465,338,542,181,387
112,94,52,25,117,11,108,32,34,48,90,111,221,74,59,69,68,200,131,13,75,119,75,36,71,26,84,52,58,151,172,292,82,120,30,119,103,23,54,119,63,18,90,39,79,94,84,124,36,87
475,416,173,76,487,108,224,139,154,197,420,513,868,329,251,291,323,870,508,56,293,511,283,181,346,102,294,238,251,576,706,1297,266,483,113,519,422,92,230,485,345,114,366,206,398,420,317,459,166,299
181,113,67,17,156,32,139,18,63,58,148,162,254,98,87,79,94,270,159,18,88,169,103,39,104,47,112,76,79,189,233,408,88,142,45,169,132,25,61,170,111,32,111,49,123,137,97,151,61,122
171,131,55,27,158,34,154,63,23,72,143,177,295,102,93,107,111,280,167,13,102,172,90,69,105,57,121,72,89,210,238,474,80,175,34,163,144,24,94,163,99,46,117,58,128,152,98,173,48,120
253,177,77,35,202,48,197,58,72,42,157,218,361,140,123,126,162,373,209,38,119,196,138,75,141,64,131,110,113,292,296,553,100,195,48,221,188,35,105,208,137,44,150,84,168,159,121,197,82,155
463,375,177,72,419,90,420,148,143,157,178,472,764,310,209,247,328,730,449,70,239,440,270,160,264,120,265,193,200,569,652,1148,234,425,105,480,393,71,225,426,267,80,299,155,329,373,265,411,153,296
516,501,247,77,617,111,513,162,177,218,472,305,1020,382,276,328,406,961,583,86,296,583,345,216,363,150,379,247,270,732,871,1573,288,516,126,599,532,87,268,584,378,112,401,206,479,497,366,586,193,336
807,820,361,139,930,221,868,254,295,361,764,1020,808,580,489,571,641,1432,863,118,486,906,540,355,549,230,591,442,435,1157,1321,2425,486,868,187,956,870,156,443,983,577,182,691,372,706,846,533,925,309,599
362,287,134,58,330,74,329,98,102,140,310,382,580,92,166,180,215,546,325,42,188,338,199,132,222,88,246,149,152,413,504,873,164,330,82,337,309,58,172,328,217,89,257,115,266,297,202,335,115,232
342,213,96,48,281,59,251,87,93,123,209,276,489,166,72,122,207,501,292,34,136,277,155,94,160,69,157,137,135,346,383,721,139,225,51,282,224,44,123,296,157,66,204,107,218,215,167,269,97,185
331,236,108,51,290,69,291,79,107,126,247,328,571,180,122,77,206,573,289,30,159,298,169,111,172,70,171,152,135,344,423,821,146,289,56,297,278,48,148,302,182,63,221,108,214,237,177,292,104,201
357,319,145,58,378,68,323,94,111,162,328,406,641,215,207,206,129,686,348,51,222,371,236,137,249,93,242,189,180,480,535,996,182,325,85,370,323,68,167,385,236,62,262,128,301,345,228,371,136,250
797,785,345,137,887,200,870,270,280,373,730,961,1432,546,501,573,686,799,856,106,483,878,547,333,567,229,572,427,423,1151,1294,2428,463,797,203,947,837,164,424,954,569,177,706,359,713,782,548,940,323,586
499,471,211,94,514,131,508,159,167,209,449,583,863,325,292,289,348,856,264,74,287,519,320,213,335,135,347,254,274,627,793,1389,291,493,128,558,496,82,280,566,310,117,370,214,429,472,341,505,194,338
64,38,25,16,71,13,56,18,13,38,70,86,118,42,34,30,51,106,74,10,35,73,40,20,35,11,35,30,27,72,107,184,36,72,17,71,66,13,28,65,44,12,52,23,44,63,41,67,28,55
315,215,110,60,291,75,293,88,102,119,239,296,486,188,136,159,222,483,287,35,71,306,160,119,189,66,178,131,139,317,436,760,141,273,56,287,259,51,140,297,186,74,225,93,226,248,176,285,115,219
542,465,237,80,493,119,511,169,172,196,440,583,906,338,277,298,371,878,519,73,306,291,320,201,351,124,347,247,270,609,814,1386,274,503,112,561,502,83,258,538,309,113,392,210,437,478,316,517,184,331
384,252,105,45,279,75,283,103,90,138,270,345,540,199,155,169,236,547,320,40,160,320,90,127,172,79,220,151,135,347,452,878,152,260,66,317,279,48,151,319,177,76,260,117,244,303,211,311,111,212
201,155,86,41,178,36,181,39,69,75,160,216,355,132,94,111,137,333,213,20,119,201,127,35,127,63,144,103,83,229,310,547,96,181,51,200,187,31,93,204,126,53,178,81,162,191,134,203,81,129
361,285,125,56,358,71,346,104,105,141,264,363,549,222,160,172,249,567,335,35,189,351,172,127,111,88,231,152,169,390,537,951,162,323,81,341,320,52,185,346,199,69,246,124,276,311,206,359,144,231
136,112,39,22,141,26,102,47,57,64,120,150,230,88,69,70,93,229,135,11,66,124,79,63,88,27,86,43,63,140,198,371,72,127,22,98,112,23,65,133,63,26,109,49,106,110,71,126,43,84
373,279,121,66,367,84,294,112,121,131,265,379,591,246,157,171,242,572,347,35,178,347,220,144,231,86,99,152,157,392,567,970,196,352,78,331,291,67,185,348,190,60,256,128,263,322,199,340,134,239
301,217,86,51,234,52,238,76,72,110,193,247,442,149,137,152,189,427,254,30,131,247,151,103,152,43,152,41,111,290,339,664,136,231,58,229,243,43,109,267,139,48,206,69,196,221,149,237,83,177
322,194,88,49,242,58,251,79,89,113,200,270,435,152,135,135,180,423,274,27,139,270,135,83,169,63,157,111,65,287,388,724,149,256,55,266,257,47,128,231,161,63,202,95,195,235,169,294,95,173
602,510,243,101,617,151,576,189,210,292,569,732,1157,413,346,344,480,1151,627,72,317,609,347,229,390,140,392,290,287,395,936,1833,344,607,155,688,561,80,331,684,404,120,505,236,486,530,383,657,251,435
735,635,311,127,760,172,706,233,238,296,652,871,1321,504,383,423,535,1294,793,107,436,814,452,310,537,198,567,339,388,936,593,1969,381,746,172,826,690,140,357,768,475,158,555,258,608,726,483,764,272,513
1165,1250,558,234,1419,292,1297,408,474,553,1148,1573,2425,873,721,821,996,2428,1389,184,760,1386,878,547,951,371,970,664,724,1833,1969,1857,700,1238,323,1573,1300,235,699,1428,944,284,1039,533,1135,1318,894,1422,499,879
247,237,100,51,286,82,266,88,80,100,234,288,486,164,139,146,182,463,291,36,141,274,152,96,162,72,196,136,149,344,381,700,67,244,61,305,252,50,124,280,158,66,190,120,211,263,178,274,84,190
499,390,166,102,516,120,483,142,175,195,425,516,868,330,225,289,325,797,493,72,273,503,260,181,323,127,352,231,256,607,746,1238,244,263,117,487,486,81,241,490,305,103,413,161,401,432,295,484,166,319
100,116,43,22,110,30,113,45,34,48,105,126,187,82,51,56,85,203,128,17,56,112,66,51,81,22,78,58,55,155,172,323,61,117,4,116,102,17,64,110,81,25,78,36,84,98,69,137,37,81
477,434,211,100,530,119,519,169,163,221,480,599,956,337,282,297,370,947,558,71,287,561,317,200,341,98,331,229,266,688,826,1573,305,487,116,275,498,100,262,564,362,100,339,177,446,495,355,551,198,370
491,419,165,78,476,103,422,132,144,188,393,532,870,309,224,278,323,837,496,66,259,502,279,187,320,112,291,243,257,561,690,1300,252,486,102,498,218,74,221,506,315,86,364,194,388,425,297,468,165,328
77,90,32,8,91,23,92,25,24,35,71,87,156,58,44,48,68,164,82,13,51,83,48,31,52,23,67,43,47,80,140,235,50,81,17,100,74,3,38,98,57,22,65,25,70,84,52,97,31,69
248,202,114,38,280,54,230,61,94,105,225,268,443,172,123,148,167,424,280,28,140,258,151,93,185,65,185,109,128,331,357,699,124,241,64,262,221,38,55,269,178,41,204,86,186,226,148,258,98,183
449,411,208,86,527,119,485,170,163,208,426,584,983,328,296,302,385,954,566,65,297,538,319,204,346,133,348,267,231,684,768,1428,280,490,110,564,506,98,269,285,351,118,407,200,424,476,360,560,199,343
307,280,128,43,333,63,345,111,99,137,267,378,577,217,157,182,236,569,310,44,186,309,177,126,199,63,190,139,161,404,475,944,158,305,81,362,315,57,178,351,104,68,233,132,232,315,206,331,119,210
92,100,58,12,114,18,114,32,46,44,80,112,182,89,66,63,62,177,117,12,74,113,76,53,69,26,60,48,63,120,158,284,66,103,25,100,86,22,41,118,68,12,62,40,101,91,68,87,37,70
311,336,169,71,399,90,366,111,117,150,299,401,691,257,204,221,262,706,370,52,225,392,260,178,246,109,256,206,202,505,555,1039,190,413,78,339,364,65,204,407,233,62,148,146,314,335,246,392,130,250
184,150,66,36,173,39,206,49,58,84,155,206,372,115,107,108,128,359,214,23,93,210,117,81,124,49,128,69,95,236,258,533,120,161,36,177,194,25,86,200,132,40,146,30,153,178,110,212,68,123
431,332,150,71,400,79,398,123,128,168,329,479,706,266,218,214,301,713,429,44,226,437,244,162,276,106,263,196,195,486,608,1135,211,401,84,446,388,70,186,424,232,101,314,153,170,346,265,415,151,265
451,419,175,70,465,94,420,137,152,159,373,497,846,297,215,237,345,782,472,63,248,478,303,191,311,110,322,221,235,530,726,1318,263,432,98,495,425,84,226,476,315,91,335,178,346,205,287,493,159,298
351,270,115,55,338,84,317,97,98,121,265,366,533,202,167,177,228,548,341,41,176,316,211,134,206,71,199,149,169,383,483,894,178,295,69,355,297,52,148,360,206,68,246,110,265,287,96,334,119,229
512,476,198,79,542,124,459,151,173,197,411,586,925,335,269,292,371,940,505,67,285,517,311,203,359,126,340,237,294,657,764,1422,274,484,137,551,468,97,258,560,331,87,392,212,415,493,334,239,190,316
166,167,68,22,181,36,166,61,48,82,153,193,309,115,97,104,136,323,194,28,115,184,111,81,144,43,134,83,95,251,272,499,84,166,37,198,165,31,98,199,119,37,130,68,151,159,119,190,23,150
376,302,148,63,387,87,299,122,120,155,296,336,599,232,185,201,250,586,338,55,219,331,212,129,231,84,239,177,173,435,513,879,190,319,81,370,328,69,183,343,210,70,250,123,265,298,229,316,150,97
