248,451,219,90,490,137,465,199,175,258,462,529,800,372,292,332,355,798,501,65,318,482,315,208,324,153,372,317,261,619,684,1155,229,479,81,475,483,99,281,476,286,98,370,200,407,401,302,493,164,401
451,164,173,65,447,91,432,116,165,167,418,462,768,271,208,231,338,778,468,48,244,454,250,158,329,118,300,186,209,576,731,1238,248,385,94,476,397,90,215,454,295,73,330,152,345,421,263,475,162,278
219,173,40,37,186,44,193,57,64,85,182,235,386,129,98,96,155,376,220,18,118,210,114,86,134,46,124,83,79,245,339,558,101,175,47,213,188,29,98,235,131,37,158,68,165,181,122,227,70,135
90,65,37,7,79,21,83,38,36,28,54,103,145,46,43,57,53,138,77,7,50,86,53,36,55,21,44,47,44,101,114,211,36,74,18,90,80,17,49,80,46,19,80,30,78,69,54,95,41,53
490,447,186,79,211,105,464,146,159,207,411,543,931,307,261,274,373,923,509,56,277,507,301,184,330,117,335,228,267,648,743,1424,295,473,118,538,479,89,236,512,305,107,375,170,399,478,294,509,199,351
137,91,44,21,105,13,101,38,30,45,77,146,206,59,53,63,74,202,121,14,68,105,72,47,81,27,64,48,49,151,157,261,55,102,29,118,107,24,60,110,67,27,92,35,86,90,77,133,49,85
465,432,193,83,464,101,220,148,163,201,377,575,898,315,241,270,347,877,488,64,254,504,289,196,308,113,308,234,255,602,705,1361,260,441,112,514,466,88,270,509,299,102,393,157,376,460,320,481,178,337
199,116,57,38,146,38,148,20,46,59,123,159,283,111,83,90,108,300,147,21,91,164,90,65,103,51,101,84,85,175,219,416,62,141,32,152,153,27,75,171,95,26,143,53,126,150,86,164,69,80
175,165,64,36,159,30,163,46,25,74,148,204,320,102,90,83,119,273,163,16,65,153,93,75,99,38,123,57,89,202,237,479,98,156,41,173,148,29,90,180,110,40,127,55,130,157,81,200,57,119
258,167,85,28,207,45,201,59,74,53,181,205,331,128,118,128,142,370,177,22,107,216,139,89,141,51,138,101,120,255,331,570,121,187,48,230,211,32,93,226,128,50,151,82,176,180,145,241,87,157
462,418,182,54,411,77,377,123,148,181,194,466,717,265,241,263,303,780,423,46,217,426,268,160,277,103,290,189,215,581,637,1136,238,391,100,489,408,65,216,450,264,81,333,152,340,378,278,475,159,328
529,462,235,103,543,146,575,159,204,205,466,272,1013,366,269,323,418,1048,584,54,313,565,317,227,366,142,395,231,308,728,854,1603,300,512,124,569,526,87,251,624,370,115,443,212,435,483,341,584,200,428
800,768,386,145,931,206,898,283,320,331,717,1013,805,584,484,517,704,1455,941,122,499,925,560,365,543,211,574,431,454,1165,1357,2516,473,819,216,981,817,160,471,1014,600,186,689,309,694,781,582,961,313,622
372,271,129,46,307,59,315,111,102,128,265,366,584,109,172,187,258,560,351,35,175,347,188,113,206,74,211,160,161,393,478,910,177,307,70,333,330,46,163,316,208,66,254,119,256,284,208,353,111,233
292,208,98,43,261,53,241,83,90,118,241,269,484,172,58,125,195,469,260,25,141,276,156,84,166,67,171,123,123,317,385,755,147,226,66,249,252,45,149,275,173,44,193,93,173,240,148,289,114,188
332,231,96,57,274,63,270,90,83,128,263,323,517,187,125,66,217,540,295,27,154,283,166,115,193,63,183,127,130,370,433,833,161,255,68,296,280,51,149,307,169,47,215,107,211,248,172,333,132,191
355,338,155,53,373,74,347,108,119,142,303,418,704,258,195,217,135,664,339,42,212,377,207,150,248,91,254,163,171,416,574,1004,191,373,85,398,349,59,177,382,223,80,273,143,296,340,226,395,144,241
798,778,376,138,923,202,877,300,273,370,780,1048,1455,560,469,540,664,791,920,127,503,913,532,345,591,218,577,393,455,1138,1356,2466,475,859,208,940,843,142,505,978,596,179,664,345,685,797,564,940,316,606
501,468,220,77,509,121,488,147,163,177,423,584,941,351,260,295,339,920,247,53,283,472,276,212,324,130,306,264,214,646,734,1382,283,480,109,548,506,84,226,525,339,101,405,187,362,512,303,538,175,334
65,48,18,7,56,14,64,21,16,22,46,54,122,35,25,27,42,127,53,4,26,65,39,25,45,15,35,23,34,94,98,167,32,66,12,66,55,11,25,65,40,10,38,21,49,50,43,65,19,42
318,244,118,50,277,68,254,91,65,107,217,313,499,175,141,154,212,503,283,26,71,296,155,111,180,70,178,125,121,318,418,783,160,243,59,267,229,42,123,289,194,42,217,96,234,240,171,310,92,191
482,454,210,86,507,105,504,164,153,216,426,565,925,347,276,283,377,913,472,65,296,255,305,203,364,121,311,229,244,656,740,1398,289,502,135,547,472,83,259,544,347,81,379,206,385,487,335,530,182,349
315,250,114,53,301,72,289,90,93,139,268,317,560,188,156,166,207,532,276,39,155,305,94,136,204,88,204,134,155,378,448,866,172,283,67,315,286,44,156,326,221,49,239,91,229,318,191,327,121,204
208,158,86,36,184,47,196,65,75,89,160,227,365,113,84,115,150,345,212,25,111,203,136,29,164,55,140,91,103,243,292,533,104,178,36,212,190,29,105,189,136,48,149,83,159,175,117,192,77,135
324,329,134,55,330,81,308,103,99,141,277,366,543,206,166,193,248,591,324,45,180,364,204,164,98,70,216,147,169,448,491,897,167,290,73,325,295,64,170,333,224,79,240,121,251,286,203,339,106,228
153,118,46,21,117,27,113,51,38,51,103,142,211,74,67,63,91,218,130,15,70,121,88,55,70,16,78,62,43,160,199,395,90,132,25,135,99,23,60,153,96,33,98,36,99,148,59,156,47,89
372,300,124,44,335,64,308,101,123,138,290,395,574,211,171,183,254,577,306,35,178,311,204,140,216,78,125,136,153,435,511,988,211,317,80,353,305,58,180,354,226,67,267,123,268,316,200,386,135,231
317,186,83,47,228,48,234,84,57,101,189,231,431,160,123,127,163,393,264,23,125,229,134,91,147,62,136,44,115,249,343,618,127,197,51,253,227,38,113,261,148,37,184,96,190,233,135,259,96,177
261,209,79,44,267,49,255,85,89,120,215,308,454,161,123,130,171,455,214,34,121,244,155,103,169,43,153,115,77,317,384,729,159,225,54,250,239,55,127,250,142,60,180,93,203,229,144,265,103,155
619,576,245,101,648,151,602,175,202,255,581,728,1165,393,317,370,416,1138,646,94,318,656,378,243,448,160,435,249,317,380,931,1789,347,590,153,632,597,101,316,698,395,138,529,241,469,609,396,641,249,407
684,731,339,114,743,157,705,219,237,331,637,854,1357,478,385,433,574,1356,734,98,418,740,448,292,491,199,511,343,384,931,556,2142,415,708,191,855,662,107,356,783,525,149,589,292,556,699,455,765,260,540
1155,1238,558,211,1424,261,1361,416,479,570,1136,1603,2516,910,755,833,1004,2466,1382,167,783,1398,866,533,897,395,988,618,729,1789,2142,1982,711,1254,333,1507,1273,235,705,1536,948,306,1095,533,1106,1268,886,1427,514,939
229,248,101,36,295,55,260,62,98,121,238,300,473,177,147,161,191,475,283,32,160,289,172,104,167,90,211,127,159,347,415,711,69,235,71,299,243,43,126,286,190,56,196,102,218,243,176,259,102,179
479,385,175,74,473,102,441,141,156,187,391,512,819,307,226,255,373,859,480,66,243,502,283,178,290,132,317,197,225,590,708,1254,235,226,114,474,403,82,265,492,280,101,370,184,376,451,306,501,179,339
81,94,47,18,118,29,112,32,41,48,100,124,216,70,66,68,85,208,109,12,59,135,67,36,73,25,80,51,54,153,191,333,71,114,16,114,112,22,52,137,78,23,90,45,98,95,81,119,47,81
475,476,213,90,538,118,514,152,173,230,489,569,981,333,249,296,398,940,548,66,267,547,315,212,325,135,353,253,250,632,855,1507,299,474,114,284,508,93,229,605,341,110,409,221,405,504,313,561,182,373
483,397,188,80,479,107,466,153,148,211,408,526,817,330,252,280,349,843,506,55,229,472,286,190,295,99,305,227,239,597,662,1273,243,403,112,508,209,70,256,514,337,86,352,152,363,383,296,500,177,325
99,90,29,17,89,24,88,27,29,32,65,87,160,46,45,51,59,142,84,11,42,83,44,29,64,23,58,38,55,101,107,235,43,82,22,93,70,6,43,89,63,15,64,32,69,82,61,80,30,53
281,215,98,49,236,60,270,75,90,93,216,251,471,163,149,149,177,505,226,25,123,259,156,105,170,60,180,113,127,316,356,705,126,265,52,229,256,43,63,285,155,45,202,104,210,224,154,260,95,162
476,454,235,80,512,110,509,171,180,226,450,624,1014,316,275,307,382,978,525,65,289,544,326,189,333,153,354,261,250,698,783,1536,286,492,137,605,514,89,285,288,311,119,373,208,439,510,342,507,191,373
286,295,131,46,305,67,299,95,110,128,264,370,600,208,173,169,223,596,339,40,194,347,221,136,224,96,226,148,142,395,525,948,190,280,78,341,337,63,155,311,106,64,243,117,270,323,190,324,126,216
98,73,37,19,107,27,102,26,40,50,81,115,186,66,44,47,80,179,101,10,42,81,49,48,79,33,67,37,60,138,149,306,56,101,23,110,86,15,45,119,64,10,84,40,67,93,70,105,33,75
370,330,158,80,375,92,393,143,127,151,333,443,689,254,193,215,273,664,405,38,217,379,239,149,240,98,267,184,180,529,589,1095,196,370,90,409,352,64,202,373,243,84,152,133,286,349,239,389,130,269
200,152,68,30,170,35,157,53,55,82,152,212,309,119,93,107,143,345,187,21,96,206,91,83,121,36,123,96,93,241,292,533,102,184,45,221,152,32,104,208,117,40,133,46,142,174,107,191,72,139
407,345,165,78,399,86,376,126,130,176,340,435,694,256,173,211,296,685,362,49,234,385,229,159,251,99,268,190,203,469,556,1106,218,376,98,405,363,69,210,439,270,67,286,142,145,363,221,418,128,298
401,421,181,69,478,90,460,150,157,180,378,483,781,284,240,248,340,797,512,50,240,487,318,175,286,148,316,233,229,609,699,1268,243,451,95,504,383,82,224,510,323,93,349,174,363,215,282,494,149,315
302,263,122,54,294,77,320,86,81,145,278,341,582,208,148,172,226,564,303,43,171,335,191,117,203,59,200,135,144,396,455,886,176,306,81,313,296,61,154,342,190,70,239,107,221,282,91,356,112,217
493,475,227,95,509,133,481,164,200,241,475,584,961,353,289,333,395,940,538,65,310,530,327,192,339,156,386,259,265,641,765,1427,259,501,119,561,500,80,260,507,324,105,389,191,418,494,356,281,192,363
164,162,70,41,199,49,178,69,57,87,159,200,313,111,114,132,144,316,175,19,92,182,121,77,106,47,135,96,103,249,260,514,102,179,47,182,177,30,95,191,126,33,130,72,128,149,112,192,25,137
401,278,135,53,351,85,337,80,119,157,328,428,622,233,188,191,241,606,334,42,191,349,204,135,228,89,231,177,155,407,540,939,179,339,81,373,325,53,162,373,216,75,269,139,298,315,217,363,137,108
