252,440,217,96,517,107,508,175,188,239,435,515,777,394,318,312,380,759,516,64,320,487,350,196,344,152,388,300,337,568,676,1132,246,482,106,498,521,90,262,448,293,95,362,180,439,425,333,516,173,374
440,209,180,84,443,102,450,120,172,187,390,457,764,287,219,235,299,800,455,61,232,479,269,173,296,101,286,194,208,523,666,1193,232,392,98,445,412,67,206,459,300,77,351,167,362,413,306,427,167,304
217,180,31,28,219,50,193,59,61,94,165,223,375,114,94,111,129,380,201,29,95,209,93,78,122,53,132,92,89,265,282,592,113,213,46,215,177,30,116,216,126,28,157,58,151,173,112,196,71,118
96,84,28,5,80,13,94,31,26,33,73,82,134,64,53,62,52,144,82,12,44,95,63,31,66,25,65,47,39,110,127,190,34,80,17,82,66,19,47,81,52,11,73,39,83,81,44,100,29,57
517,443,219,80,239,97,448,156,161,208,397,575,894,329,262,276,373,890,515,58,282,511,299,189,332,118,361,234,247,648,776,1354,290,478,118,538,437,80,249,534,352,102,383,197,394,438,276,522,185,341
107,102,50,13,97,11,116,36,37,56,108,125,195,74,67,79,79,208,122,22,61,119,92,53,93,29,85,59,60,158,163,294,51,109,25,123,106,14,56,123,65,26,92,48,92,91,67,100,42,82
508,450,193,94,448,116,235,163,153,196,423,528,902,332,247,271,352,883,481,69,255,489,293,212,331,110,346,227,241,627,719,1294,268,425,109,523,473,78,238,482,338,103,381,186,395,438,285,513,173,336
175,120,59,31,156,36,163,23,55,54,120,160,262,111,75,72,101,279,158,25,80,155,93,61,94,47,94,69,78,185,248,444,91,149,35,161,141,27,73,144,114,27,123,58,115,149,95,163,53,113
188,172,61,26,161,37,153,55,33,69,144,178,305,108,84,111,124,307,174,16,87,166,122,65,117,45,109,89,91,209,255,489,101,151,32,178,183,21,75,158,103,30,119,72,124,156,109,168,52,114
239,187,94,33,208,56,196,54,69,49,180,215,338,170,116,120,171,344,212,26,130,237,126,101,157,65,164,123,109,247,346,560,103,194,35,223,200,35,94,212,136,46,143,80,171,198,119,247,64,160
435,390,165,73,397,108,423,120,144,180,173,466,782,269,250,258,328,785,426,50,251,464,274,192,277,119,296,216,238,554,681,1195,225,404,86,456,405,72,218,443,295,87,322,183,347,372,255,448,148,311
515,457,223,82,575,125,528,160,178,215,466,325,1028,351,287,301,376,991,568,57,329,583,321,222,350,142,359,276,269,724,857,1551,307,513,103,594,504,96,282,573,360,127,429,193,458,492,331,561,190,365
777,764,375,134,894,195,902,262,305,338,782,1028,807,596,524,536,656,1437,921,124,508,943,530,317,615,233,584,449,447,1129,1302,2406,463,892,216,947,809,152,461,947,540,189,671,332,740,834,597,882,329,593
394,287,114,64,329,74,332,111,108,170,269,351,596,106,159,172,250,588,330,46,187,331,199,123,225,83,216,160,157,383,537,951,201,298,82,338,322,60,165,377,229,72,227,126,249,325,178,335,125,234
318,219,94,53,262,67,247,75,84,116,250,287,524,159,74,145,185,536,278,31,115,282,170,122,178,67,164,123,152,331,420,772,155,259,65,267,255,33,132,285,156,41,230,100,219,236,170,275,101,203
312,235,111,62,276,79,271,72,111,120,258,301,536,172,145,79,192,566,289,39,145,298,178,113,175,77,174,144,147,346,459,817,169,283,58,303,249,48,131,295,186,49,225,86,201,244,180,272,110,198
380,299,129,52,373,79,352,101,124,171,328,376,656,250,185,192,129,633,349,42,206,400,222,134,252,103,265,171,203,465,531,962,188,331,77,361,343,61,176,381,236,64,273,132,324,334,225,363,126,279
759,800,380,144,890,208,883,279,307,344,785,991,1437,588,536,566,633,811,904,111,508,913,529,360,662,255,611,458,474,1056,1337,2384,473,872,216,942,800,149,441,969,591,175,671,343,737,782,595,901,322,602
516,455,201,82,515,122,481,158,174,212,426,568,921,330,278,289,349,904,248,65,272,475,312,178,352,138,341,257,257,634,768,1419,287,477,126,519,488,94,233,535,322,90,401,191,449,470,334,530,205,354
64,61,29,12,58,22,69,25,16,26,50,57,124,46,31,39,42,111,65,4,35,68,35,30,43,17,48,27,23,70,95,163,36,65,10,62,67,12,38,81,44,13,42,21,41,63,37,65,24,32
320,232,95,44,282,61,255,80,87,130,251,329,508,187,115,145,206,508,272,35,72,310,189,98,170,65,191,96,135,342,415,781,132,284,55,270,327,41,149,324,197,58,222,116,218,240,168,273,103,193
487,479,209,95,511,119,489,155,166,237,464,583,943,331,282,298,400,913,475,68,310,255,316,200,341,136,355,266,265,639,752,1459,262,470,117,555,463,86,237,545,335,99,366,206,416,466,335,514,193,340
350,269,93,63,299,92,293,93,122,126,274,321,530,199,170,178,222,529,312,35,189,316,89,111,195,76,198,132,137,345,479,894,157,275,60,303,277,44,136,338,192,55,213,107,256,296,183,307,105,214
196,173,78,31,189,53,212,61,65,101,192,222,317,123,122,113,134,360,178,30,98,200,111,49,120,46,165,96,106,240,308,561,116,201,45,201,181,38,95,217,115,55,154,79,173,192,109,218,69,139
344,296,122,66,332,93,331,94,117,157,277,350,615,225,178,175,252,662,352,43,170,341,195,120,104,77,193,147,156,393,489,945,189,300,71,354,308,50,192,332,235,66,259,125,247,282,195,345,113,247
152,101,53,25,118,29,110,47,45,65,119,142,233,83,67,77,103,255,138,17,65,136,76,46,77,15,75,52,63,154,216,366,83,107,31,132,110,25,67,133,91,28,86,39,114,132,87,133,53,100
388,286,132,65,361,85,346,94,109,164,296,359,584,216,164,174,265,611,341,48,191,355,198,165,193,75,113,132,164,382,486,958,199,293,76,362,300,53,180,393,249,66,243,108,278,319,210,350,130,238
300,194,92,47,234,59,227,69,89,123,216,276,449,160,123,144,171,458,257,27,96,266,132,96,147,52,132,51,110,265,369,686,136,219,59,234,230,37,122,263,154,53,186,87,190,227,152,233,106,155
337,208,89,39,247,60,241,78,91,109,238,269,447,157,152,147,203,474,257,23,135,265,137,106,156,63,164,110,71,287,439,722,129,248,61,277,243,44,135,275,174,69,188,93,216,224,130,278,92,190
568,523,265,110,648,158,627,185,209,247,554,724,1129,383,331,346,465,1056,634,70,342,639,345,240,393,154,382,265,287,380,926,1763,341,604,147,675,611,98,331,650,421,127,476,213,501,557,415,645,239,413
676,666,282,127,776,163,719,248,255,346,681,857,1302,537,420,459,531,1337,768,95,415,752,479,308,489,216,486,369,439,926,538,2079,402,687,195,769,704,128,377,771,504,152,585,290,639,661,506,743,282,519
1132,1193,592,190,1354,294,1294,444,489,560,1195,1551,2406,951,772,817,962,2384,1419,163,781,1459,894,561,945,366,958,686,722,1763,2079,1851,745,1301,329,1486,1259,228,710,1462,911,309,1003,569,1154,1274,908,1393,496,921
246,232,113,34,290,51,268,91,101,103,225,307,463,201,155,169,188,473,287,36,132,262,157,116,189,83,199,136,129,341,402,745,67,270,71,279,239,38,138,286,179,49,192,103,239,245,188,271,98,184
482,392,213,80,478,109,425,149,151,194,404,513,892,298,259,283,331,872,477,65,284,470,275,201,300,107,293,219,248,604,687,1301,270,204,116,436,407,64,242,476,318,108,361,187,399,433,293,480,167,305
106,98,46,17,118,25,109,35,32,35,86,103,216,82,65,58,77,216,126,10,55,117,60,45,71,31,76,59,61,147,195,329,71,116,16,120,88,18,42,120,76,23,96,36,86,131,77,118,46,78
498,445,215,82,538,123,523,161,178,223,456,594,947,338,267,303,361,942,519,62,270,555,303,201,354,132,362,234,277,675,769,1486,279,436,120,255,477,93,291,565,335,105,405,181,418,478,337,588,194,388
521,412,177,66,437,106,473,141,183,200,405,504,809,322,255,249,343,800,488,67,327,463,277,181,308,110,300,230,243,611,704,1259,239,407,88,477,211,89,229,484,308,97,346,196,355,425,259,488,159,309
90,67,30,19,80,14,78,27,21,35,72,96,152,60,33,48,61,149,94,12,41,86,44,38,50,25,53,37,44,98,128,228,38,64,18,93,89,10,29,99,62,17,72,18,65,82,49,78,28,45
262,206,116,47,249,56,238,73,75,94,218,282,461,165,132,131,176,441,233,38,149,237,136,95,192,67,180,122,135,331,377,710,138,242,42,291,229,29,56,252,175,48,186,82,206,227,165,266,110,180
448,459,216,81,534,123,482,144,158,212,443,573,947,377,285,295,381,969,535,81,324,545,338,217,332,133,393,263,275,650,771,1462,286,476,120,565,484,99,252,255,355,106,428,177,429,516,331,562,177,343
293,300,126,52,352,65,338,114,103,136,295,360,540,229,156,186,236,591,322,44,197,335,192,115,235,91,249,154,174,421,504,911,179,318,76,335,308,62,175,355,103,68,285,103,277,303,199,372,136,238
95,77,28,11,102,26,103,27,30,46,87,127,189,72,41,49,64,175,90,13,58,99,55,55,66,28,66,53,69,127,152,309,49,108,23,105,97,17,48,106,68,13,74,33,92,105,72,98,42,53
362,351,157,73,383,92,381,123,119,143,322,429,671,227,230,225,273,671,401,42,222,366,213,154,259,86,243,186,188,476,585,1003,192,361,96,405,346,72,186,428,285,74,127,137,307,338,247,392,125,257
180,167,58,39,197,48,186,58,72,80,183,193,332,126,100,86,132,343,191,21,116,206,107,79,125,39,108,87,93,213,290,569,103,187,36,181,196,18,82,177,103,33,137,30,140,177,116,201,59,133
439,362,151,83,394,92,395,115,124,171,347,458,740,249,219,201,324,737,449,41,218,416,256,173,247,114,278,190,216,501,639,1154,239,399,86,418,355,65,206,429,277,92,307,140,171,371,250,440,162,296
425,413,173,81,438,91,438,149,156,198,372,492,834,325,236,244,334,782,470,63,240,466,296,192,282,132,319,227,224,557,661,1274,245,433,131,478,425,82,227,516,303,105,338,177,371,207,328,471,177,326
333,306,112,44,276,67,285,95,109,119,255,331,597,178,170,180,225,595,334,37,168,335,183,109,195,87,210,152,130,415,506,908,188,293,77,337,259,49,165,331,199,72,247,116,250,328,98,316,128,224
516,427,196,100,522,100,513,163,168,247,448,561,882,335,275,272,363,901,530,65,273,514,307,218,345,133,350,233,278,645,743,1393,271,480,118,588,488,78,266,562,372,98,392,201,440,471,316,268,207,371
173,167,71,29,185,42,173,53,52,64,148,190,329,125,101,110,126,322,205,24,103,193,105,69,113,53,130,106,92,239,282,496,98,167,46,194,159,28,110,177,136,42,125,59,162,177,128,207,29,134
374,304,118,57,341,82,336,113,114,160,311,365,593,234,203,198,279,602,354,32,193,340,214,139,247,100,238,155,190,413,519,921,184,305,78,388,309,45,180,343,238,53,257,133,296,326,224,371,134,134
