269,446,216,88,518,128,477,182,156,246,435,500,795,394,326,348,384,761,494,60,315,484,367,224,353,171,398,297,327,574,683,1218,222,471,104,488,449,89,273,503,334,102,354,177,424,403,311,495,158,370
446,174,186,86,444,97,401,115,122,153,338,507,756,293,256,235,326,744,448,51,240,459,250,180,277,98,270,209,214,529,633,1224,224,425,92,458,413,61,214,461,287,96,353,178,352,383,254,477,173,286
216,186,34,32,190,35,190,63,62,96,185,208,366,121,127,137,152,393,176,22,100,208,122,77,138,51,156,102,119,240,287,599,110,189,35,223,202,30,100,219,155,28,160,79,159,177,125,206,71,138
88,86,32,2,88,12,78,24,25,29,69,105,149,51,40,42,66,147,87,9,40,95,65,32,62,23,51,48,44,117,124,224,40,59,19,89,59,10,37,78,54,16,74,28,75,74,50,81,28,55
518,444,190,88,271,129,494,160,180,197,402,551,926,340,271,283,391,851,515,50,266,521,311,212,337,128,341,216,263,650,809,1378,264,480,111,534,466,101,268,551,378,106,374,193,391,443,324,492,171,337
128,97,35,12,129,11,102,27,51,38,98,115,207,75,46,62,91,207,111,14,66,134,83,46,84,33,74,54,59,139,148,274,50,83,25,132,95,22,56,102,67,32,85,42,95,86,64,103,32,81
477,401,190,78,494,102,233,150,166,207,393,544,863,345,281,308,366,863,506,55,281,524,309,206,320,134,343,230,255,591,723,1343,250,440,100,519,460,80,253,532,322,115,364,165,392,453,292,492,175,317
182,115,63,24,160,27,150,29,65,69,135,174,264,113,83,90,114,271,116,19,71,158,91,61,108,40,107,75,69,184,223,449,89,144,31,159,139,27,63,160,96,24,94,61,125,152,105,157,63,110
156,122,62,25,180,51,166,65,21,77,155,161,308,126,104,104,116,284,190,21,92,203,111,61,113,39,100,86,77,207,261,487,110,179,37,147,152,25,92,202,120,36,123,70,116,147,113,157,61,99
246,153,96,29,197,38,207,69,77,48,186,244,358,130,112,113,152,354,210,26,134,217,131,76,131,52,135,95,115,250,331,572,102,193,45,213,191,28,114,219,140,43,154,71,159,185,119,234,86,147
435,338,185,69,402,98,393,135,155,186,190,479,765,295,241,259,316,781,435,56,230,427,253,190,292,115,261,193,234,534,650,1165,232,383,78,425,402,65,217,401,254,72,329,169,338,380,291,426,162,301
500,507,208,105,551,115,544,174,161,244,479,293,1060,372,298,334,413,1011,615,77,294,565,379,239,391,142,380,251,281,756,844,1500,324,533,118,574,525,97,267,593,345,124,417,226,477,509,354,573,190,373
795,756,366,149,926,207,863,264,308,358,765,1060,759,590,480,535,641,1386,933,110,491,932,526,349,606,265,637,428,480,1115,1316,2302,493,847,215,890,839,152,472,919,613,172,669,359,724,805,540,878,319,626
394,293,121,51,340,75,345,113,126,130,295,372,590,109,174,202,223,614,311,43,219,339,188,138,219,70,201,148,149,414,506,929,183,282,84,353,339,49,178,340,225,61,257,114,257,288,206,351,128,212
326,256,127,40,271,46,281,83,104,112,241,298,480,174,88,141,200,479,274,31,156,255,173,119,181,66,202,124,131,329,430,732,171,264,60,286,278,52,149,303,186,61,211,99,229,234,152,273,109,195
348,235,137,42,283,62,308,90,104,113,259,334,535,202,141,76,194,536,290,33,158,293,174,120,212,64,175,123,164,342,454,858,186,279,68,326,306,50,156,326,192,55,250,103,252,260,191,295,127,198
384,326,152,66,391,91,366,114,116,152,316,413,641,223,200,194,106,631,320,51,185,373,219,150,259,90,243,173,191,432,545,1024,171,357,96,353,355,59,165,389,231,64,266,134,317,331,254,362,121,270
761,744,393,147,851,207,863,271,284,354,781,1011,1386,614,479,536,631,754,895,117,467,905,554,340,569,251,622,432,446,1095,1298,2300,467,847,186,920,852,141,465,938,609,162,691,349,682,820,529,901,314,614
494,448,176,87,515,111,506,116,190,210,435,615,933,311,274,290,320,895,250,61,284,464,329,209,356,121,345,247,255,642,780,1359,262,450,117,509,456,78,229,547,348,76,396,178,375,446,350,508,182,356
60,51,22,9,50,14,55,19,21,26,56,77,110,43,31,33,51,117,61,6,39,65,32,29,37,15,44,27,26,69,94,181,40,58,10,58,63,9,31,81,45,7,40,26,37,65,33,64,20,44
315,240,100,40,266,66,281,71,92,134,230,294,491,219,156,158,185,467,284,39,75,292,182,128,178,78,174,133,157,339,447,783,151,246,61,269,268,41,125,288,180,58,205,123,216,264,166,294,119,187
484,459,208,95,521,134,524,158,203,217,427,565,932,339,255,293,373,905,464,65,292,247,307,202,363,126,336,251,265,611,719,1455,278,462,124,537,474,81,252,562,323,81,372,200,392,457,384,534,198,349
367,250,122,65,311,83,309,91,111,131,253,379,526,188,173,174,219,554,329,32,182,307,98,115,187,84,190,121,137,377,448,769,171,304,66,303,284,46,152,328,210,52,234,118,240,281,203,309,130,208
224,180,77,32,212,46,206,61,61,76,190,239,349,138,119,120,150,340,209,29,128,202,115,43,118,50,129,86,97,264,301,550,92,187,41,205,210,28,113,214,142,34,158,72,151,177,127,217,62,135
353,277,138,62,337,84,320,108,113,131,292,391,606,219,181,212,259,569,356,37,178,363,187,118,109,93,228,162,148,385,487,875,176,344,70,351,341,49,172,350,218,61,250,144,244,313,204,355,130,242
171,98,51,23,128,33,134,40,39,52,115,142,265,70,66,64,90,251,121,15,78,126,84,50,93,21,74,53,66,178,191,365,73,119,34,156,129,25,67,127,68,28,97,59,120,126,87,135,59,88
398,270,156,51,341,74,343,107,100,135,261,380,637,201,202,175,243,622,345,44,174,336,190,129,228,74,100,151,150,448,490,967,200,322,90,380,327,57,168,345,209,77,241,159,272,310,247,371,149,234
297,209,102,48,216,54,230,75,86,95,193,251,428,148,124,123,173,432,247,27,133,251,121,86,162,53,151,59,116,305,375,677,123,233,42,246,229,45,128,250,136,44,176,78,181,224,136,243,89,165
327,214,119,44,263,59,255,69,77,115,234,281,480,149,131,164,191,446,255,26,157,265,137,97,148,66,150,116,63,311,383,720,143,237,39,253,253,35,139,294,175,53,215,95,183,247,144,284,96,160
574,529,240,117,650,139,591,184,207,250,534,756,1115,414,329,342,432,1095,642,69,339,611,377,264,385,178,448,305,311,370,960,1776,347,580,148,644,605,96,324,690,424,130,496,242,487,586,374,687,212,414
683,633,287,124,809,148,723,223,261,331,650,844,1316,506,430,454,545,1298,780,94,447,719,448,301,487,191,490,375,383,960,562,2057,379,691,157,816,731,144,361,778,478,147,584,277,565,661,497,776,260,493
1218,1224,599,224,1378,274,1343,449,487,572,1165,1500,2302,929,732,858,1024,2300,1359,181,783,1455,769,550,875,365,967,677,720,1776,2057,1866,651,1318,317,1560,1323,246,705,1442,924,287,1057,515,1119,1229,852,1399,515,891
222,224,110,40,264,50,250,89,110,102,232,324,493,183,171,186,171,467,262,40,151,278,171,92,176,73,200,123,143,347,379,651,64,268,54,274,254,44,135,285,188,77,209,116,228,237,172,292,104,180
471,425,189,59,480,83,440,144,179,193,383,533,847,282,264,279,357,847,450,58,246,462,304,187,344,119,322,233,237,580,691,1318,268,219,106,481,426,79,243,523,326,85,342,169,393,447,291,481,180,325
104,92,35,19,111,25,100,31,37,45,78,118,215,84,60,68,96,186,117,10,61,124,66,41,70,34,90,42,39,148,157,317,54,106,5,111,105,16,54,124,70,31,89,40,77,97,60,110,35,84
488,458,223,89,534,132,519,159,147,213,425,574,890,353,286,326,353,920,509,58,269,537,303,205,351,156,380,246,253,644,816,1560,274,481,111,264,484,85,271,569,376,115,385,187,422,488,317,543,174,345
449,413,202,59,466,95,460,139,152,191,402,525,839,339,278,306,355,852,456,63,268,474,284,210,341,129,327,229,253,605,731,1323,254,426,105,484,211,74,253,521,319,94,352,176,422,415,321,502,163,281
89,61,30,10,101,22,80,27,25,28,65,97,152,49,52,50,59,141,78,9,41,81,46,28,49,25,57,45,35,96,144,246,44,79,16,85,74,7,47,93,57,17,50,40,63,84,57,97,31,62
273,214,100,37,268,56,253,63,92,114,217,267,472,178,149,156,165,465,229,31,125,252,152,113,172,67,168,128,139,324,361,705,135,243,54,271,253,47,59,253,149,44,202,89,213,232,168,265,105,171
503,461,219,78,551,102,532,160,202,219,401,593,919,340,303,326,389,938,547,81,288,562,328,214,350,127,345,250,294,690,778,1442,285,523,124,569,521,93,253,268,346,107,438,194,439,478,351,541,218,368
334,287,155,54,378,67,322,96,120,140,254,345,613,225,186,192,231,609,348,45,180,323,210,142,218,68,209,136,175,424,478,924,188,326,70,376,319,57,149,346,105,79,262,126,273,260,233,323,106,213
102,96,28,16,106,32,115,24,36,43,72,124,172,61,61,55,64,162,76,7,58,81,52,34,61,28,77,44,53,130,147,287,77,85,31,115,94,17,44,107,79,6,66,43,72,111,65,115,38,70
354,353,160,74,374,85,364,94,123,154,329,417,669,257,211,250,266,691,396,40,205,372,234,158,250,97,241,176,215,496,584,1057,209,342,89,385,352,50,202,438,262,66,155,122,311,353,272,381,147,256
177,178,79,28,193,42,165,61,70,71,169,226,359,114,99,103,134,349,178,26,123,200,118,72,144,59,159,78,95,242,277,515,116,169,40,187,176,40,89,194,126,43,122,28,170,170,111,191,71,115
424,352,159,75,391,95,392,125,116,159,338,477,724,257,229,252,317,682,375,37,216,392,240,151,244,120,272,181,183,487,565,1119,228,393,77,422,422,63,213,439,273,72,311,170,149,367,233,375,156,290
403,383,177,74,443,86,453,152,147,185,380,509,805,288,234,260,331,820,446,65,264,457,281,177,313,126,310,224,247,586,661,1229,237,447,97,488,415,84,232,478,260,111,353,170,367,193,278,498,161,312
311,254,125,50,324,64,292,105,113,119,291,354,540,206,152,191,254,529,350,33,166,384,203,127,204,87,247,136,144,374,497,852,172,291,60,317,321,57,168,351,233,65,272,111,233,278,108,292,124,225
495,477,206,81,492,103,492,157,157,234,426,573,878,351,273,295,362,901,508,64,294,534,309,217,355,135,371,243,284,687,776,1399,292,481,110,543,502,97,265,541,323,115,381,191,375,498,292,268,176,352
158,173,71,28,171,32,175,63,61,86,162,190,319,128,109,127,121,314,182,20,119,198,130,62,130,59,149,89,96,212,260,515,104,180,35,174,163,31,105,218,106,38,147,71,156,161,124,176,31,115
370,286,138,55,337,81,317,110,99,147,301,373,626,212,195,198,270,614,356,44,187,349,208,135,242,88,234,165,160,414,493,891,180,325,84,345,281,62,171,368,213,70,256,115,290,312,225,352,115,116
