292,459,196,100,515,105,471,178,165,245,454,527,847,389,305,336,380,837,544,83,319,526,352,216,388,143,397,298,305,641,707,1211,254,484,109,547,480,94,260,475,324,119,365,183,451,413,351,526,178,360
459,172,167,74,459,92,405,137,139,174,372,559,777,315,207,237,316,806,436,57,241,458,235,181,292,104,296,208,200,546,630,1200,216,426,109,429,445,73,222,451,314,104,332,157,338,385,275,435,158,240
196,167,38,33,201,53,222,58,61,76,163,245,389,120,102,108,138,400,221,29,96,229,116,68,122,43,121,94,86,267,302,588,113,187,48,212,172,43,99,230,138,42,139,80,179,207,119,229,80,150
100,74,33,6,77,20,71,23,25,34,78,86,154,66,57,63,66,146,100,12,56,89,44,40,54,26,69,48,38,108,123,206,39,86,19,100,81,18,31,92,57,18,57,29,79,94,63,85,28,56
515,459,201,77,249,116,500,173,198,224,464,553,908,317,273,305,375,886,537,55,277,503,280,202,349,149,383,224,249,618,773,1453,267,445,126,602,485,96,249,512,339,93,396,191,406,479,335,554,173,337
105,92,53,20,116,17,111,37,35,33,92,120,196,70,72,73,83,183,121,14,86,114,63,44,82,30,92,64,60,143,171,302,54,112,27,112,107,23,51,127,95,22,78,45,95,100,80,118,51,73
471,405,222,71,500,111,232,153,186,196,444,537,877,346,255,292,364,857,498,67,273,507,277,215,291,130,340,263,227,616,729,1325,256,469,94,524,459,84,243,518,342,98,329,189,393,452,292,490,199,320
178,137,58,23,173,37,153,37,39,65,132,175,266,101,80,73,109,274,142,16,91,149,82,67,102,37,106,44,74,193,224,399,68,154,27,161,163,35,98,168,104,42,115,52,132,131,101,166,53,93
165,139,61,25,198,35,186,39,32,68,149,167,278,118,73,83,122,290,178,21,102,194,110,66,114,38,109,92,61,199,255,471,106,132,42,180,147,34,71,174,133,35,134,58,142,161,98,176,64,109
245,174,76,34,224,33,196,65,68,42,166,232,333,147,103,124,178,347,226,29,122,207,137,84,135,40,152,92,91,213,266,535,100,201,56,241,214,29,96,214,137,36,142,72,187,169,123,210,75,131
454,372,163,78,464,92,444,132,149,166,168,519,748,294,221,258,320,710,445,64,230,475,299,166,278,110,320,213,217,525,659,1138,223,437,107,483,412,67,201,440,296,88,321,176,371,370,257,443,170,281
527,559,245,86,553,120,537,175,167,232,519,324,1012,379,316,327,402,1027,553,79,277,562,324,231,380,135,369,282,261,711,900,1646,344,511,105,586,488,82,276,653,365,121,444,203,422,527,337,618,188,370
847,777,389,154,908,196,877,266,278,333,748,1012,852,559,476,530,694,1498,859,117,514,926,535,349,604,236,627,476,488,1217,1446,2577,484,884,200,992,854,153,460,982,595,209,680,314,732,818,573,870,343,618
389,315,120,66,317,70,346,101,118,147,294,379,559,119,182,198,249,567,349,36,176,359,220,138,196,82,222,166,145,388,537,920,170,306,90,344,296,59,181,365,221,58,251,109,268,307,189,362,119,238
305,207,102,57,273,72,255,80,73,103,221,316,476,182,77,138,193,456,247,43,135,294,141,81,160,58,162,117,118,311,383,722,140,264,65,288,260,46,115,311,167,52,219,107,175,249,157,252,112,170
336,237,108,63,305,73,292,73,83,124,258,327,530,198,138,80,183,529,285,43,158,339,155,115,167,60,181,145,134,322,456,800,179,279,77,291,306,51,135,340,176,46,246,91,210,268,174,299,119,200
380,316,138,66,375,83,364,109,122,178,320,402,694,249,193,183,138,691,389,47,213,381,204,141,219,102,255,164,168,460,576,1057,201,339,85,385,348,52,192,425,239,94,249,134,298,379,248,378,138,258
837,806,400,146,886,183,857,274,290,347,710,1027,1498,567,456,529,691,833,878,95,504,926,532,362,602,226,641,438,453,1137,1402,2572,475,874,228,1007,816,149,460,994,610,197,696,316,731,843,578,906,317,623
544,436,221,100,537,121,498,142,178,226,445,553,859,349,247,285,389,878,268,68,280,488,282,218,304,127,330,260,222,665,803,1398,280,497,109,522,477,80,263,565,324,103,406,189,395,515,333,533,197,361
83,57,29,12,55,14,67,16,21,29,64,79,117,36,43,43,47,95,68,3,32,66,44,24,42,22,58,27,21,86,110,167,39,56,17,65,72,10,39,73,61,15,57,16,59,58,45,86,31,50
319,241,96,56,277,86,273,91,102,122,230,277,514,176,135,158,213,504,280,32,66,310,158,112,157,67,172,133,142,318,408,808,149,264,56,283,289,41,140,284,183,50,217,108,219,265,147,306,98,178
526,458,229,89,503,114,507,149,194,207,475,562,926,359,294,339,381,926,488,66,310,286,310,194,362,145,377,258,243,650,791,1456,301,502,130,555,481,87,240,582,358,102,395,183,393,497,365,578,205,338
352,235,116,44,280,63,277,82,110,137,299,324,535,220,141,155,204,532,282,44,158,310,68,125,179,62,197,123,138,343,432,837,144,257,76,281,323,58,140,304,194,57,234,116,242,266,178,310,123,191
216,181,68,40,202,44,215,67,66,84,166,231,349,138,81,115,141,362,218,24,112,194,125,44,139,56,150,97,89,272,324,551,113,185,45,238,185,35,104,215,145,41,159,69,166,191,108,225,69,143
388,292,122,54,349,82,291,102,114,135,278,380,604,196,160,167,219,602,304,42,157,362,179,139,110,85,213,157,138,378,514,945,180,321,81,324,320,51,168,353,212,77,248,132,259,313,207,342,131,206
143,104,43,26,149,30,130,37,38,40,110,135,236,82,58,60,102,226,127,22,67,145,62,56,85,12,73,53,56,184,191,378,76,122,30,110,115,15,64,127,84,24,85,48,100,127,79,149,50,78
397,296,121,69,383,92,340,106,109,152,320,369,627,222,162,181,255,641,330,58,172,377,197,150,213,73,109,137,145,442,518,936,176,342,74,382,312,48,198,349,234,56,239,117,259,337,195,379,133,219
298,208,94,48,224,64,263,44,92,92,213,282,476,166,117,145,164,438,260,27,133,258,123,97,157,53,137,51,124,275,347,692,129,211,64,228,226,40,106,271,162,46,194,95,174,190,144,259,91,155
305,200,86,38,249,60,227,74,61,91,217,261,488,145,118,134,168,453,222,21,142,243,138,89,138,56,145,124,60,286,372,725,143,219,66,265,253,38,137,266,158,39,200,82,157,218,133,260,84,181
641,546,267,108,618,143,616,193,199,213,525,711,1217,388,311,322,460,1137,665,86,318,650,343,272,378,184,442,275,286,396,988,1827,331,623,147,670,602,104,319,715,433,132,503,220,470,588,383,701,247,431
707,630,302,123,773,171,729,224,255,266,659,900,1446,537,383,456,576,1402,803,110,408,791,432,324,514,191,518,347,372,988,571,2168,383,734,175,773,699,123,396,803,513,146,587,292,594,723,510,760,284,508
1211,1200,588,206,1453,302,1325,399,471,535,1138,1646,2577,920,722,800,1057,2572,1398,167,808,1456,837,551,945,378,936,692,725,1827,2168,2025,753,1348,365,1556,1256,244,711,1524,993,277,1066,539,1218,1297,920,1405,542,945
254,216,113,39,267,54,256,68,106,100,223,344,484,170,140,179,201,475,280,39,149,301,144,113,180,76,176,129,143,331,383,753,51,243,56,279,257,37,126,298,196,58,203,102,211,255,159,270,97,169
484,426,187,86,445,112,469,154,132,201,437,511,884,306,264,279,339,874,497,56,264,502,257,185,321,122,342,211,219,623,734,1348,243,218,118,508,479,80,238,506,308,101,369,179,395,417,342,505,182,333
109,109,48,19,126,27,94,27,42,56,107,105,200,90,65,77,85,228,109,17,56,130,76,45,81,30,74,64,66,147,175,365,56,118,7,107,106,21,58,121,80,31,88,34,95,113,80,115,37,82
547,429,212,100,602,112,524,161,180,241,483,586,992,344,288,291,385,1007,522,65,283,555,281,238,324,110,382,228,265,670,773,1556,279,508,107,267,486,73,259,591,367,118,387,204,426,495,365,542,207,343
480,445,172,81,485,107,459,163,147,214,412,488,854,296,260,306,348,816,477,72,289,481,323,185,320,115,312,226,253,602,699,1256,257,479,106,486,215,99,197,466,332,89,339,176,381,433,304,499,190,315
94,73,43,18,96,23,84,35,34,29,67,82,153,59,46,51,52,149,80,10,41,87,58,35,51,15,48,40,38,104,123,244,37,80,21,73,99,4,33,96,61,20,58,33,73,75,48,96,40,50
260,222,99,31,249,51,243,98,71,96,201,276,460,181,115,135,192,460,263,39,140,240,140,104,168,64,198,106,137,319,396,711,126,238,58,259,197,33,69,268,173,60,169,99,218,226,153,268,94,157
475,451,230,92,512,127,518,168,174,214,440,653,982,365,311,340,425,994,565,73,284,582,304,215,353,127,349,271,266,715,803,1524,298,506,121,591,466,96,268,289,378,106,420,216,441,524,320,527,188,363
324,314,138,57,339,95,342,104,133,137,296,365,595,221,167,176,239,610,324,61,183,358,194,145,212,84,234,162,158,433,513,993,196,308,80,367,332,61,173,378,119,70,255,128,281,286,230,356,150,227
119,104,42,18,93,22,98,42,35,36,88,121,209,58,52,46,94,197,103,15,50,102,57,41,77,24,56,46,39,132,146,277,58,101,31,118,89,20,60,106,70,10,72,38,79,89,74,108,37,60
365,332,139,57,396,78,329,115,134,142,321,444,680,251,219,246,249,696,406,57,217,395,234,159,248,85,239,194,200,503,587,1066,203,369,88,387,339,58,169,420,255,72,143,149,289,357,251,365,145,260
183,157,80,29,191,45,189,52,58,72,176,203,314,109,107,91,134,316,189,16,108,183,116,69,132,48,117,95,82,220,292,539,102,179,34,204,176,33,99,216,128,38,149,32,145,160,124,198,62,115
451,338,179,79,406,95,393,132,142,187,371,422,732,268,175,210,298,731,395,59,219,393,242,166,259,100,259,174,157,470,594,1218,211,395,95,426,381,73,218,441,281,79,289,145,150,372,218,409,155,283
413,385,207,94,479,100,452,131,161,169,370,527,818,307,249,268,379,843,515,58,265,497,266,191,313,127,337,190,218,588,723,1297,255,417,113,495,433,75,226,524,286,89,357,160,372,218,293,467,178,290
351,275,119,63,335,80,292,101,98,123,257,337,573,189,157,174,248,578,333,45,147,365,178,108,207,79,195,144,133,383,510,920,159,342,80,365,304,48,153,320,230,74,251,124,218,293,97,328,126,187
526,435,229,85,554,118,490,166,176,210,443,618,870,362,252,299,378,906,533,86,306,578,310,225,342,149,379,259,260,701,760,1405,270,505,115,542,499,96,268,527,356,108,365,198,409,467,328,255,182,354
178,158,80,28,173,51,199,53,64,75,170,188,343,119,112,119,138,317,197,31,98,205,123,69,131,50,133,91,84,247,284,542,97,182,37,207,190,40,94,188,150,37,145,62,155,178,126,182,30,116
360,240,150,56,337,73,320,93,109,131,281,370,618,238,170,200,258,623,361,50,178,338,191,143,206,78,219,155,181,431,508,945,169,333,82,343,315,50,157,363,227,60,260,115,283,290,187,354,116,112
