262,417,223,90,476,108,479,191,170,223,452,477,834,355,352,358,360,830,490,79,305,502,356,202,351,127,352,304,291,659,660,1192,238,472,99,543,500,89,234,479,327,98,377,183,448,424,347,546,170,360
417,202,182,73,468,110,447,111,142,160,371,496,806,267,216,241,332,763,460,53,224,453,245,183,288,104,312,205,229,551,652,1243,224,388,93,453,430,70,195,448,276,92,322,166,371,421,236,475,160,290
223,182,38,41,209,57,193,59,61,72,169,250,373,110,105,104,150,345,207,27,117,204,117,79,115,41,121,83,103,228,306,572,105,201,59,209,200,44,87,198,115,38,160,61,148,191,122,208,90,128
90,73,41,7,87,15,94,25,31,32,74,83,132,59,54,54,63,138,79,14,39,85,66,30,72,23,59,44,57,102,129,236,38,78,26,87,77,11,40,83,54,18,69,27,68,71,59,76,37,54
476,468,209,87,224,119,525,162,176,224,435,602,936,328,279,289,358,920,531,80,300,511,327,212,374,127,327,256,252,659,783,1499,291,470,114,528,510,78,269,572,335,105,411,195,476,465,317,550,219,387
108,110,57,15,119,11,121,38,34,38,94,114,201,79,72,71,78,200,95,22,41,104,69,45,81,30,89,59,58,140,147,295,50,115,19,106,90,10,50,134,81,24,88,54,93,95,86,114,38,57
479,447,193,94,525,121,250,142,140,197,396,548,796,328,257,270,356,802,490,58,264,502,247,185,309,122,309,227,264,604,724,1323,265,479,96,531,454,83,228,524,356,95,344,182,376,423,301,456,169,328
191,111,59,25,162,38,142,20,48,69,134,183,262,92,83,73,104,287,155,21,98,153,101,58,102,46,110,76,77,186,205,444,89,129,47,159,145,25,72,174,113,38,118,46,127,123,82,162,70,114
170,142,61,31,176,34,140,48,14,60,113,185,289,106,88,87,123,296,168,29,85,163,92,79,101,42,102,85,99,199,237,463,89,166,42,178,165,30,67,177,99,38,122,60,127,147,101,148,57,127
223,160,72,32,224,38,197,69,60,44,172,227,364,138,132,121,133,349,203,27,139,218,136,90,130,48,124,107,118,253,301,499,103,180,55,219,188,39,103,227,152,38,140,70,172,190,119,219,82,132
452,371,169,74,435,94,396,134,113,172,177,467,733,274,244,252,324,751,407,56,265,442,242,198,309,118,294,213,227,542,641,1129,224,395,94,475,405,69,206,466,293,74,334,159,350,364,256,447,153,326
477,496,250,83,602,114,548,183,185,227,467,324,1053,356,274,304,389,1059,549,70,310,562,348,227,355,137,402,280,275,710,898,1658,315,517,135,582,520,92,290,641,363,94,447,191,439,590,371,581,211,348
834,806,373,132,936,201,796,262,289,364,733,1053,860,583,466,487,652,1437,890,116,502,910,557,362,603,209,614,439,439,1129,1348,2442,473,861,214,1031,854,164,471,1000,663,185,680,319,707,837,544,916,339,580
355,267,110,59,328,79,328,92,106,138,274,356,583,108,179,173,234,604,346,42,178,339,197,135,242,84,222,154,170,419,472,878,174,332,63,331,342,59,130,367,215,65,263,114,279,299,212,358,119,226
352,216,105,54,279,72,257,83,88,132,244,274,466,179,68,144,214,457,272,30,134,268,158,103,174,64,182,140,138,331,400,727,127,259,63,300,249,48,127,268,162,59,177,89,205,238,175,267,104,188
358,241,104,54,289,71,270,73,87,121,252,304,487,173,144,78,220,484,291,30,155,288,171,107,178,62,183,121,136,336,422,822,133,268,65,301,271,50,134,275,191,50,184,92,232,279,179,287,99,192
360,332,150,63,358,78,356,104,123,133,324,389,652,234,214,220,124,668,358,39,196,369,216,172,229,85,252,183,178,457,541,996,209,344,83,392,347,65,172,379,250,80,293,145,318,344,231,379,134,224
830,763,345,138,920,200,802,287,296,349,751,1059,1437,604,457,484,668,783,892,117,528,865,547,367,595,216,589,422,454,1088,1376,2431,483,835,190,1017,818,147,444,913,605,186,648,336,707,845,549,954,332,595
490,460,207,79,531,95,490,155,168,203,407,549,890,346,272,291,358,892,259,59,278,508,281,216,333,128,380,254,266,648,778,1402,242,506,124,487,510,79,274,605,333,117,403,190,407,487,293,535,191,318
79,53,27,14,80,22,58,21,29,27,56,70,116,42,30,30,39,117,59,5,29,66,37,28,42,7,42,26,32,76,106,174,35,55,14,72,55,6,33,74,40,12,59,18,54,55,32,66,26,47
305,224,117,39,300,41,264,98,85,139,265,310,502,178,134,155,196,528,278,29,74,274,178,105,175,70,161,113,124,340,371,786,159,250,67,275,261,48,140,301,185,64,215,96,242,282,178,283,132,201
502,453,204,85,511,104,502,153,163,218,442,562,910,339,268,288,369,865,508,66,274,283,301,220,352,134,366,254,258,635,756,1431,253,467,107,556,497,70,256,567,356,110,398,184,428,478,323,531,194,348
356,245,117,66,327,69,247,101,92,136,242,348,557,197,158,171,216,547,281,37,178,301,68,113,189,69,193,153,120,394,444,861,175,270,70,304,286,44,144,308,178,48,221,100,224,296,182,306,107,175
202,183,79,30,212,45,185,58,79,90,198,227,362,135,103,107,172,367,216,28,105,220,113,45,130,60,145,92,109,247,281,541,120,182,59,225,184,34,97,214,148,43,173,69,157,181,116,192,75,149
351,288,115,72,374,81,309,102,101,130,309,355,603,242,174,178,229,595,333,42,175,352,189,130,99,74,207,149,138,416,505,978,187,325,90,345,337,58,161,346,219,64,228,139,230,322,192,356,149,214
127,104,41,23,127,30,122,46,42,48,118,137,209,84,64,62,85,216,128,7,70,134,69,60,74,14,70,56,65,161,201,375,55,131,31,123,136,22,52,139,66,17,108,45,92,126,61,133,45,91
352,312,121,59,327,89,309,110,102,124,294,402,614,222,182,183,252,589,380,42,161,366,193,145,207,70,109,164,168,394,532,994,184,348,88,363,347,56,169,346,218,62,284,107,261,319,197,363,135,238
304,205,83,44,256,59,227,76,85,107,213,280,439,154,140,121,183,422,254,26,113,254,153,92,149,56,164,54,122,278,377,674,139,236,55,241,217,24,113,271,161,55,200,90,182,232,139,237,101,169
291,229,103,57,252,58,264,77,99,118,227,275,439,170,138,136,178,454,266,32,124,258,120,109,138,65,168,122,55,274,360,699,122,229,64,233,259,41,127,251,162,47,207,103,205,228,140,268,94,164
659,551,228,102,659,140,604,186,199,253,542,710,1129,419,331,336,457,1088,648,76,340,635,394,247,416,161,394,278,274,395,938,1805,337,592,158,699,598,82,304,678,403,138,498,246,534,566,421,662,245,475
660,652,306,129,783,147,724,205,237,301,641,898,1348,472,400,422,541,1376,778,106,371,756,444,281,505,201,532,377,360,938,549,2100,407,738,183,836,713,129,364,819,522,175,588,277,588,681,507,774,306,530
1192,1243,572,236,1499,295,1323,444,463,499,1129,1658,2442,878,727,822,996,2431,1402,174,786,1431,861,541,978,375,994,674,699,1805,2100,1963,739,1389,312,1536,1261,237,675,1422,913,269,1067,514,1109,1315,916,1415,507,967
238,224,105,38,291,50,265,89,89,103,224,315,473,174,127,133,209,483,242,35,159,253,175,120,187,55,184,139,122,337,407,739,63,244,57,331,238,50,148,308,178,53,218,111,201,247,167,281,103,194
472,388,201,78,470,115,479,129,166,180,395,517,861,332,259,268,344,835,506,55,250,467,270,182,325,131,348,236,229,592,738,1389,244,203,100,507,448,69,231,505,321,110,348,177,383,424,267,493,182,326
99,93,59,26,114,19,96,47,42,55,94,135,214,63,63,65,83,190,124,14,67,107,70,59,90,31,88,55,64,158,183,312,57,100,9,116,102,27,79,117,77,18,77,45,80,107,78,109,47,81
543,453,209,87,528,106,531,159,178,219,475,582,1031,331,300,301,392,1017,487,72,275,556,304,225,345,123,363,241,233,699,836,1536,331,507,116,257,486,87,263,605,348,98,429,214,429,482,347,557,216,352
500,430,200,77,510,90,454,145,165,188,405,520,854,342,249,271,347,818,510,55,261,497,286,184,337,136,347,217,259,598,713,1261,238,448,102,486,249,61,240,520,327,93,377,166,385,421,324,483,166,311
89,70,44,11,78,10,83,25,30,39,69,92,164,59,48,50,65,147,79,6,48,70,44,34,58,22,56,24,41,82,129,237,50,69,27,87,61,4,44,97,63,15,55,40,75,79,52,111,42,63
234,195,87,40,269,50,228,72,67,103,206,290,471,130,127,134,172,444,274,33,140,256,144,97,161,52,169,113,127,304,364,675,148,231,79,263,240,44,74,286,184,49,176,90,201,238,162,259,108,178
479,448,198,83,572,134,524,174,177,227,466,641,1000,367,268,275,379,913,605,74,301,567,308,214,346,139,346,271,251,678,819,1422,308,505,117,605,520,97,286,295,367,124,390,228,414,491,342,491,202,333
327,276,115,54,335,81,356,113,99,152,293,363,663,215,162,191,250,605,333,40,185,356,178,148,219,66,218,161,162,403,522,913,178,321,77,348,327,63,184,367,106,69,255,127,259,318,215,332,132,231
98,92,38,18,105,24,95,38,38,38,74,94,185,65,59,50,80,186,117,12,64,110,48,43,64,17,62,55,47,138,175,269,53,110,18,98,93,15,49,124,69,13,81,29,91,111,60,125,40,60
377,322,160,69,411,88,344,118,122,140,334,447,680,263,177,184,293,648,403,59,215,398,221,173,228,108,284,200,207,498,588,1067,218,348,77,429,377,55,176,390,255,81,127,132,304,367,247,384,129,290
183,166,61,27,195,54,182,46,60,70,159,191,319,114,89,92,145,336,190,18,96,184,100,69,139,45,107,90,103,246,277,514,111,177,45,214,166,40,90,228,127,29,132,36,146,175,114,182,76,145
448,371,148,68,476,93,376,127,127,172,350,439,707,279,205,232,318,707,407,54,242,428,224,157,230,92,261,182,205,534,588,1109,201,383,80,429,385,75,201,414,259,91,304,146,167,386,253,443,149,281
424,421,191,71,465,95,423,123,147,190,364,590,837,299,238,279,344,845,487,55,282,478,296,181,322,126,319,232,228,566,681,1315,247,424,107,482,421,79,238,491,318,111,367,175,386,217,330,499,203,335
347,236,122,59,317,86,301,82,101,119,256,371,544,212,175,179,231,549,293,32,178,323,182,116,192,61,197,139,140,421,507,916,167,267,78,347,324,52,162,342,215,60,247,114,253,330,87,330,116,200
546,475,208,76,550,114,456,162,148,219,447,581,916,358,267,287,379,954,535,66,283,531,306,192,356,133,363,237,268,662,774,1415,281,493,109,557,483,111,259,491,332,125,384,182,443,499,330,272,175,390
170,160,90,37,219,38,169,70,57,82,153,211,339,119,104,99,134,332,191,26,132,194,107,75,149,45,135,101,94,245,306,507,103,182,47,216,166,42,108,202,132,40,129,76,149,203,116,175,32,120
360,290,128,54,387,57,328,114,127,132,326,348,580,226,188,192,224,595,318,47,201,348,175,149,214,91,238,169,164,475,530,967,194,326,81,352,311,63,178,333,231,60,290,145,281,335,200,390,120,126
