258,453,240,82,517,99,492,194,174,254,441,507,795,406,315,319,414,850,570,73,331,558,376,245,411,152,374,273,308,614,715,1195,260,454,98,579,497,86,238,467,318,105,388,186,459,420,348,513,171,356
453,167,160,67,411,94,423,133,132,186,349,506,838,284,254,232,318,860,464,51,207,460,231,172,277,128,308,208,205,498,641,1302,236,386,98,422,384,88,212,472,287,100,373,161,345,387,256,496,151,307
240,160,34,38,227,52,199,73,65,91,159,219,362,124,100,110,153,351,197,18,122,191,125,66,121,43,123,83,105,237,281,553,97,204,50,200,196,33,105,215,124,32,152,68,152,197,128,213,87,143
82,67,38,2,77,18,59,25,28,34,65,103,131,52,43,59,70,152,85,13,52,103,60,23,68,20,55,47,48,125,121,216,43,60,24,97,72,13,35,71,64,16,58,35,66,81,50,88,22,64
517,411,227,77,278,109,444,143,182,191,438,620,995,340,280,284,375,984,485,76,267,509,300,194,326,126,333,243,255,693,778,1494,301,487,122,546,458,86,255,511,307,102,424,183,403,479,307,549,181,310
99,94,52,18,109,13,115,31,39,41,103,111,205,80,55,60,87,199,131,20,61,136,62,46,80,26,76,66,58,153,164,310,58,98,29,126,103,24,45,114,90,22,72,39,94,107,69,120,30,77
492,423,199,59,444,115,239,152,167,205,391,557,910,309,270,301,385,891,517,64,255,483,311,199,329,116,322,224,230,665,713,1362,255,429,112,507,429,69,234,513,362,104,375,182,399,470,298,527,176,354
194,133,73,25,143,31,152,24,54,71,135,158,275,118,85,97,128,281,166,17,65,173,94,59,114,45,92,66,76,174,226,413,97,129,40,159,134,29,54,157,124,25,119,48,123,125,104,157,64,97
174,132,65,28,182,39,167,54,28,73,143,204,280,106,68,92,125,305,166,20,81,179,82,69,116,36,110,69,82,218,247,475,92,157,33,174,157,24,75,180,110,34,132,58,136,158,94,167,54,112
254,186,91,34,191,41,205,71,73,42,165,213,393,130,129,132,151,397,213,27,119,231,131,76,135,52,131,91,105,288,332,546,120,190,51,215,182,37,105,221,141,42,190,80,157,193,134,206,76,154
441,349,159,65,438,103,391,135,143,165,176,483,774,285,218,242,338,800,433,65,247,467,256,181,269,123,295,197,226,544,652,1147,229,402,97,458,399,68,225,442,285,92,329,170,322,387,257,446,145,283
507,506,219,103,620,111,557,158,204,213,483,287,1036,364,299,343,384,1039,580,60,276,549,298,253,362,122,371,225,267,725,851,1654,299,523,128,600,527,97,283,663,356,132,484,218,450,525,364,626,222,344
795,838,362,131,995,205,910,275,280,393,774,1036,797,589,481,543,679,1419,921,121,509,927,517,345,631,216,637,413,471,1135,1345,2532,487,865,222,1014,823,162,475,1020,623,177,694,358,732,869,576,957,348,641
406,284,124,52,340,80,309,118,106,130,285,364,589,111,183,193,251,584,340,45,188,329,184,137,196,88,217,147,162,389,500,928,162,314,72,372,304,58,168,336,211,74,223,114,264,304,201,344,123,238
315,254,100,43,280,55,270,85,68,129,218,299,481,183,68,137,176,497,280,35,130,299,160,96,164,72,171,127,136,307,391,728,134,230,61,277,251,38,135,294,190,55,235,98,215,244,160,291,100,195
319,232,110,59,284,60,301,97,92,132,242,343,543,193,137,88,208,571,304,31,134,319,167,92,182,72,170,151,134,355,435,799,154,270,76,299,316,37,135,333,192,61,238,112,237,239,162,312,123,215
414,318,153,70,375,87,385,128,125,151,338,384,679,251,176,208,133,644,395,42,212,409,208,160,247,111,239,181,197,435,558,1019,187,388,99,449,356,57,192,407,249,90,269,149,325,369,219,366,138,224
850,860,351,152,984,199,891,281,305,397,800,1039,1419,584,497,571,644,766,931,112,488,973,536,354,621,212,603,400,500,1166,1334,2459,475,869,201,951,869,156,454,986,607,177,728,404,762,876,608,920,308,644
570,464,197,85,485,131,517,166,166,213,433,580,921,340,280,304,395,931,239,46,261,473,318,234,355,120,346,278,258,606,769,1463,286,508,117,552,469,85,252,546,373,102,383,194,446,479,354,557,204,333
73,51,18,13,76,20,64,17,20,27,65,60,121,45,35,31,42,112,46,4,33,62,40,28,36,10,31,34,29,77,104,186,34,68,15,64,65,5,28,63,45,13,57,24,39,58,50,68,26,39
331,207,122,52,267,61,255,65,81,119,247,276,509,188,130,134,212,488,261,33,57,259,170,114,187,56,158,132,125,323,417,748,167,232,60,297,298,39,129,288,183,49,219,100,230,262,188,293,109,191
558,460,191,103,509,136,483,173,179,231,467,549,927,329,299,319,409,973,473,62,259,243,308,221,362,114,328,274,279,636,739,1417,278,513,119,550,474,83,261,535,339,99,401,194,415,456,345,540,207,351
376,231,125,60,300,62,311,94,82,131,256,298,517,184,160,167,208,536,318,40,170,308,82,125,192,63,167,150,158,376,468,835,168,299,75,340,290,50,163,316,181,66,221,108,243,293,178,348,110,216
245,172,66,23,194,46,199,59,69,76,181,253,345,137,96,92,160,354,234,28,114,221,125,30,138,51,148,98,98,255,307,544,92,199,57,225,170,34,103,213,136,57,169,72,151,172,118,257,82,145
411,277,121,68,326,80,329,114,116,135,269,362,631,196,164,182,247,621,355,36,187,362,192,138,114,96,230,186,155,418,511,941,181,318,82,338,303,65,183,330,204,81,251,113,241,315,193,394,131,246
152,128,43,20,126,26,116,45,36,52,123,122,216,88,72,72,111,212,120,10,56,114,63,51,96,10,69,70,75,158,196,350,53,118,34,136,112,16,64,152,83,32,104,41,89,106,77,141,50,85
374,308,123,55,333,76,322,92,110,131,295,371,637,217,171,170,239,603,346,31,158,328,167,148,230,69,124,157,169,415,492,959,185,319,71,326,292,46,161,398,220,75,264,115,259,314,206,395,117,226
273,208,83,47,243,66,224,66,69,91,197,225,413,147,127,151,181,400,278,34,132,274,150,98,186,70,157,48,115,291,348,651,124,244,45,237,229,34,101,219,144,43,178,84,184,212,142,242,86,171
308,205,105,48,255,58,230,76,82,105,226,267,471,162,136,134,197,500,258,29,125,279,158,98,155,75,169,115,66,314,394,722,140,233,69,244,229,43,134,271,167,52,202,104,182,219,161,242,84,167
614,498,237,125,693,153,665,174,218,288,544,725,1135,389,307,355,435,1166,606,77,323,636,376,255,418,158,415,291,314,388,1012,1840,363,616,155,608,630,98,295,725,386,126,530,249,518,610,407,670,250,469
715,641,281,121,778,164,713,226,247,332,652,851,1345,500,391,435,558,1334,769,104,417,739,468,307,511,196,492,348,394,1012,567,2112,417,700,165,834,720,126,366,814,527,140,604,299,609,722,486,793,311,517
1195,1302,553,216,1494,310,1362,413,475,546,1147,1654,2532,928,728,799,1019,2459,1463,186,748,1417,835,544,941,350,959,651,722,1840,2112,2026,785,1310,343,1511,1282,234,688,1584,984,270,1062,570,1148,1360,893,1415,537,941
260,236,97,43,301,58,255,97,92,120,229,299,487,162,134,154,187,475,286,34,167,278,168,92,181,53,185,124,140,363,417,785,68,272,49,281,227,51,133,264,179,55,227,116,210,293,174,291,104,160
454,386,204,60,487,98,429,129,157,190,402,523,865,314,230,270,388,869,508,68,232,513,299,199,318,118,319,244,233,616,700,1310,272,210,101,464,451,78,217,460,311,81,328,169,373,434,320,461,180,342
98,98,50,24,122,29,112,40,33,51,97,128,222,72,61,76,99,201,117,15,60,119,75,57,82,34,71,45,69,155,165,343,49,101,8,115,113,15,69,118,93,25,83,48,110,100,65,117,37,74
579,422,200,97,546,126,507,159,174,215,458,600,1014,372,277,299,449,951,552,64,297,550,340,225,338,136,326,237,244,608,834,1511,281,464,115,313,515,104,256,583,374,107,420,201,438,517,300,556,204,379
497,384,196,72,458,103,429,134,157,182,399,527,823,304,251,316,356,869,469,65,298,474,290,170,303,112,292,229,229,630,720,1282,227,451,113,515,214,78,211,501,342,83,362,166,341,461,272,482,175,328
86,88,33,13,86,24,69,29,24,37,68,97,162,58,38,37,57,156,85,5,39,83,50,34,65,16,46,34,43,98,126,234,51,78,15,104,78,7,32,83,52,12,66,29,65,84,50,90,29,63
238,212,105,35,255,45,234,54,75,105,225,283,475,168,135,135,192,454,252,28,129,261,163,103,183,64,161,101,134,295,366,688,133,217,69,256,211,32,51,281,158,40,204,92,197,227,153,259,92,129
467,472,215,71,511,114,513,157,180,221,442,663,1020,336,294,333,407,986,546,63,288,535,316,213,330,152,398,219,271,725,814,1584,264,460,118,583,501,83,281,263,371,116,442,193,422,518,349,570,209,353
318,287,124,64,307,90,362,124,110,141,285,356,623,211,190,192,249,607,373,45,183,339,181,136,204,83,220,144,167,386,527,984,179,311,93,374,342,52,158,371,111,78,251,138,273,326,230,339,129,219
105,100,32,16,102,22,104,25,34,42,92,132,177,74,55,61,90,177,102,13,49,99,66,57,81,32,75,43,52,126,140,270,55,81,25,107,83,12,40,116,78,6,74,37,94,88,65,104,40,66
388,373,152,58,424,72,375,119,132,190,329,484,694,223,235,238,269,728,383,57,219,401,221,169,251,104,264,178,202,530,604,1062,227,328,83,420,362,66,204,442,251,74,139,163,332,375,254,428,125,257
186,161,68,35,183,39,182,48,58,80,170,218,358,114,98,112,149,404,194,24,100,194,108,72,113,41,115,84,104,249,299,570,116,169,48,201,166,29,92,193,138,37,163,30,164,180,119,210,66,110
459,345,152,66,403,94,399,123,136,157,322,450,732,264,215,237,325,762,446,39,230,415,243,151,241,89,259,184,182,518,609,1148,210,373,110,438,341,65,197,422,273,94,332,164,166,372,233,452,149,298
420,387,197,81,479,107,470,125,158,193,387,525,869,304,244,239,369,876,479,58,262,456,293,172,315,106,314,212,219,610,722,1360,293,434,100,517,461,84,227,518,326,88,375,180,372,209,301,454,182,326
348,256,128,50,307,69,298,104,94,134,257,364,576,201,160,162,219,608,354,50,188,345,178,118,193,77,206,142,161,407,486,893,174,320,65,300,272,50,153,349,230,65,254,119,233,301,90,337,124,234
513,496,213,88,549,120,527,157,167,206,446,626,957,344,291,312,366,920,557,68,293,540,348,257,394,141,395,242,242,670,793,1415,291,461,117,556,482,90,259,570,339,104,428,210,452,454,337,270,179,367
171,151,87,22,181,30,176,64,54,76,145,222,348,123,100,123,138,308,204,26,109,207,110,82,131,50,117,86,84,250,311,537,104,180,37,204,175,29,92,209,129,40,125,66,149,182,124,179,30,149
356,307,143,64,310,77,354,97,112,154,283,344,641,238,195,215,224,644,333,39,191,351,216,145,246,85,226,171,167,469,517,941,160,342,74,379,328,63,129,353,219,66,257,110,298,326,234,367,149,129
