275,453,226,91,531,122,484,192,185,257,467,539,864,361,334,338,376,877,505,70,337,524,337,230,384,178,405,286,285,634,716,1266,270,516,130,560,488,94,255,481,313,98,390,178,455,430,349,483,195,342
453,181,191,72,485,90,442,129,143,166,400,499,798,290,226,249,328,812,448,44,216,464,250,167,295,107,267,187,223,563,697,1308,253,385,103,427,414,50,225,479,277,85,360,149,368,416,297,499,173,312
226,191,43,26,189,42,202,63,82,106,194,199,350,130,101,116,146,349,203,23,111,184,108,93,128,50,116,84,124,235,328,571,115,164,44,222,160,39,94,232,136,36,159,67,152,204,121,231,66,131
91,72,26,11,92,19,83,22,28,36,75,101,153,66,59,57,65,160,80,10,59,71,55,47,71,21,54,54,38,90,114,232,43,95,21,102,69,12,48,85,50,19,69,30,85,74,67,104,35,66
531,485,189,92,247,105,444,144,156,202,416,538,964,345,297,308,376,1006,503,72,291,507,299,190,328,118,317,264,250,669,802,1482,285,464,128,500,462,95,253,518,341,116,389,192,383,432,331,543,182,369
122,90,42,19,105,12,112,32,34,36,104,110,201,88,73,80,106,198,109,11,89,118,82,60,84,19,78,43,60,137,171,310,55,96,33,146,102,18,73,125,79,27,86,32,95,102,71,130,35,87
484,442,202,83,444,112,243,149,172,196,434,519,927,311,267,271,362,884,487,45,320,497,304,211,328,102,309,213,261,604,779,1368,271,479,102,537,420,76,278,534,324,113,371,192,390,428,341,504,168,333
192,129,63,22,144,32,149,20,57,70,145,171,284,102,92,100,97,261,153,15,92,138,100,62,103,34,97,70,84,167,246,445,84,131,37,163,134,21,79,143,113,30,115,60,107,132,94,149,63,117
185,143,82,28,156,34,172,57,29,65,138,178,288,128,93,97,104,275,171,15,75,173,103,63,102,46,116,80,79,211,253,471,95,168,35,175,143,21,81,160,133,42,140,70,134,136,120,174,66,102
257,166,106,36,202,36,196,70,65,42,143,217,336,135,103,114,148,354,194,28,120,182,134,75,157,51,150,105,109,239,311,544,107,203,43,208,188,26,108,212,138,47,151,90,187,200,137,237,72,153
467,400,194,75,416,104,434,145,138,143,164,455,699,301,255,261,341,738,418,51,239,441,285,166,303,119,329,218,217,508,658,1173,232,382,105,488,382,75,228,450,289,98,307,164,377,395,285,439,170,299
539,499,199,101,538,110,519,171,178,217,455,323,1000,377,276,319,410,999,541,65,282,592,341,248,337,147,348,242,270,697,830,1650,313,515,125,657,507,117,278,583,372,112,446,208,447,547,356,604,213,397
864,798,350,153,964,201,927,284,288,336,699,1000,812,580,482,515,652,1490,906,121,479,942,567,384,604,230,628,436,451,1115,1316,2472,493,859,216,974,893,162,435,980,568,201,716,377,737,829,540,965,348,600
361,290,130,66,345,88,311,102,128,135,301,377,580,102,161,190,217,593,305,37,209,349,201,138,232,78,221,147,168,371,502,858,156,331,72,333,357,55,142,319,211,68,252,134,275,317,204,337,135,221
334,226,101,59,297,73,267,92,93,103,255,276,482,161,73,138,177,483,267,38,136,268,175,87,199,68,178,133,137,323,401,755,158,258,56,271,247,37,153,274,155,58,192,86,210,223,176,286,87,162
338,249,116,57,308,80,271,100,97,114,261,319,515,190,138,96,219,530,284,31,137,319,172,95,207,80,183,147,144,318,441,799,171,275,61,295,250,43,152,304,167,59,237,94,239,284,199,289,107,197
376,328,146,65,376,106,362,97,104,148,341,410,652,217,177,219,131,659,377,41,185,378,209,145,262,104,283,184,158,442,551,1001,185,343,96,383,350,56,164,408,231,77,295,141,272,339,212,368,132,237
877,812,349,160,1006,198,884,261,275,354,738,999,1490,593,483,530,659,842,941,124,487,944,579,374,609,228,646,429,450,1172,1393,2557,498,858,208,960,858,180,422,991,551,215,720,368,743,839,576,938,342,582
505,448,203,80,503,109,487,153,171,194,418,541,906,305,267,284,377,941,269,60,286,465,312,220,341,150,354,278,246,678,784,1410,274,458,135,504,444,74,240,521,327,111,402,217,431,468,330,526,175,327
70,44,23,10,72,11,45,15,15,28,51,65,121,37,38,31,41,124,60,7,45,62,30,20,31,14,38,28,26,80,99,192,39,67,9,62,51,9,25,73,41,11,47,24,46,66,44,69,26,42
337,216,111,59,291,89,320,92,75,120,239,282,479,209,136,137,185,487,286,45,62,303,185,119,169,67,180,123,128,339,383,763,137,240,62,277,261,41,130,299,188,69,234,108,242,237,180,275,113,166
524,464,184,71,507,118,497,138,173,182,441,592,942,349,268,319,378,944,465,62,303,261,302,201,332,120,340,248,264,665,767,1455,255,451,111,560,461,92,245,543,298,95,437,198,424,479,303,547,191,326
337,250,108,55,299,82,304,100,103,134,285,341,567,201,175,172,209,579,312,30,185,302,91,103,202,81,216,140,145,346,452,797,163,287,56,308,314,43,161,288,170,64,239,93,244,295,212,314,119,219
230,167,93,47,190,60,211,62,63,75,166,248,384,138,87,95,145,374,220,20,119,201,103,38,138,46,133,67,118,260,328,607,112,195,41,213,216,29,94,220,126,46,155,78,181,189,131,229,87,117
384,295,128,71,328,84,328,103,102,157,303,337,604,232,199,207,262,609,341,31,169,332,202,138,105,91,214,137,161,404,547,947,195,311,64,347,318,42,179,350,224,67,260,121,254,309,191,365,133,237
178,107,50,21,118,19,102,34,46,51,119,147,230,78,68,80,104,228,150,14,67,120,81,46,91,13,77,67,56,164,192,371,67,99,32,127,113,15,58,150,95,25,112,52,95,134,84,131,58,97
405,267,116,54,317,78,309,97,116,150,329,348,628,221,178,183,283,646,354,38,180,340,216,133,214,77,106,140,152,453,520,966,187,326,71,354,316,50,152,411,234,68,283,136,271,327,207,383,145,259
286,187,84,54,264,43,213,70,80,105,218,242,436,147,133,147,184,429,278,28,123,248,140,67,137,67,140,49,114,307,394,672,123,244,51,239,223,36,122,268,161,49,182,95,151,215,142,271,92,186
285,223,124,38,250,60,261,84,79,109,217,270,451,168,137,144,158,450,246,26,128,264,145,118,161,56,152,114,71,308,407,729,142,219,45,244,250,36,117,287,175,35,227,88,212,233,144,252,99,173
634,563,235,90,669,137,604,167,211,239,508,697,1115,371,323,318,442,1172,678,80,339,665,346,260,404,164,453,307,308,408,955,1824,345,582,147,636,553,105,279,697,405,138,503,243,477,573,390,650,230,413
716,697,328,114,802,171,779,246,253,311,658,830,1316,502,401,441,551,1393,784,99,383,767,452,328,547,192,520,394,407,955,551,2107,418,719,162,822,730,135,384,796,537,163,588,328,647,710,499,783,288,526
1266,1308,571,232,1482,310,1368,445,471,544,1173,1650,2472,858,755,799,1001,2557,1410,192,763,1455,797,607,947,371,966,672,729,1824,2107,1967,755,1369,354,1522,1357,270,717,1547,972,297,1044,596,1112,1324,893,1422,522,872
270,253,115,43,285,55,271,84,95,107,232,313,493,156,158,171,185,498,274,39,137,255,163,112,195,67,187,123,142,345,418,755,87,249,60,280,282,44,151,303,207,54,221,108,230,232,175,295,95,207
516,385,164,95,464,96,479,131,168,203,382,515,859,331,258,275,343,858,458,67,240,451,287,195,311,99,326,244,219,582,719,1369,249,223,105,492,458,73,225,528,326,100,337,186,335,442,314,498,169,340
130,103,44,21,128,33,102,37,35,43,105,125,216,72,56,61,96,208,135,9,62,111,56,41,64,32,71,51,45,147,162,354,60,105,12,125,100,17,52,136,82,28,79,38,81,101,78,116,48,80
560,427,222,102,500,146,537,163,175,208,488,657,974,333,271,295,383,960,504,62,277,560,308,213,347,127,354,239,244,636,822,1522,280,492,125,276,523,82,286,566,322,120,407,211,420,484,310,605,203,328
488,414,160,69,462,102,420,134,143,188,382,507,893,357,247,250,350,858,444,51,261,461,314,216,318,113,316,223,250,553,730,1357,282,458,100,523,199,74,247,495,312,88,349,178,388,443,316,527,173,325
94,50,39,12,95,18,76,21,21,26,75,117,162,55,37,43,56,180,74,9,41,92,43,29,42,15,50,36,36,105,135,270,44,73,17,82,74,9,31,91,50,14,70,21,59,74,38,93,38,57
255,225,94,48,253,73,278,79,81,108,228,278,435,142,153,152,164,422,240,25,130,245,161,94,179,58,152,122,117,279,384,717,151,225,52,286,247,31,66,245,186,44,189,94,184,237,161,253,85,168
481,479,232,85,518,125,534,143,160,212,450,583,980,319,274,304,408,991,521,73,299,543,288,220,350,150,411,268,287,697,796,1547,303,528,136,566,495,91,245,282,371,114,426,231,434,489,346,542,187,370
313,277,136,50,341,79,324,113,133,138,289,372,568,211,155,167,231,551,327,41,188,298,170,126,224,95,234,161,175,405,537,972,207,326,82,322,312,50,186,371,122,65,251,128,246,310,216,370,127,223
98,85,36,19,116,27,113,30,42,47,98,112,201,68,58,59,77,215,111,11,69,95,64,46,67,25,68,49,35,138,163,297,54,100,28,120,88,14,44,114,65,6,94,32,90,115,73,98,40,75
390,360,159,69,389,86,371,115,140,151,307,446,716,252,192,237,295,720,402,47,234,437,239,155,260,112,283,182,227,503,588,1044,221,337,79,407,349,70,189,426,251,94,138,164,301,357,255,379,142,269
178,149,67,30,192,32,192,60,70,90,164,208,377,134,86,94,141,368,217,24,108,198,93,78,121,52,136,95,88,243,328,596,108,186,38,211,178,21,94,231,128,32,164,39,151,180,117,191,75,129
455,368,152,85,383,95,390,107,134,187,377,447,737,275,210,239,272,743,431,46,242,424,244,181,254,95,271,151,212,477,647,1112,230,335,81,420,388,59,184,434,246,90,301,151,181,357,259,422,164,296
430,416,204,74,432,102,428,132,136,200,395,547,829,317,223,284,339,839,468,66,237,479,295,189,309,134,327,215,233,573,710,1324,232,442,101,484,443,74,237,489,310,115,357,180,357,200,296,489,170,305
349,297,121,67,331,71,341,94,120,137,285,356,540,204,176,199,212,576,330,44,180,303,212,131,191,84,207,142,144,390,499,893,175,314,78,310,316,38,161,346,216,73,255,117,259,296,115,339,116,223
483,499,231,104,543,130,504,149,174,237,439,604,965,337,286,289,368,938,526,69,275,547,314,229,365,131,383,271,252,650,783,1422,295,498,116,605,527,93,253,542,370,98,379,191,422,489,339,258,179,339
195,173,66,35,182,35,168,63,66,72,170,213,348,135,87,107,132,342,175,26,113,191,119,87,133,58,145,92,99,230,288,522,95,169,48,203,173,38,85,187,127,40,142,75,164,170,116,179,31,136
342,312,131,66,369,87,333,117,102,153,299,397,600,221,162,197,237,582,327,42,166,326,219,117,237,97,259,186,173,413,526,872,207,340,80,328,325,57,168,370,223,75,269,129,296,305,223,339,136,105
