284,488,219,81,507,103,505,192,181,221,461,475,860,378,305,365,386,857,494,66,326,516,365,226,373,147,382,284,299,614,729,1235,230,450,107,508,502,63,245,480,325,113,355,179,448,415,336,485,174,397
488,163,185,75,394,98,455,133,126,198,397,474,788,269,240,257,366,812,450,60,223,443,246,182,277,96,315,214,198,545,679,1245,236,417,109,447,400,74,234,480,291,115,351,157,326,410,229,457,152,334
219,185,37,36,174,48,193,60,64,83,192,223,369,116,96,118,138,358,209,23,105,212,122,86,141,54,147,72,71,223,271,585,143,187,40,179,206,28,101,198,110,44,156,77,153,174,153,186,82,133
81,75,36,4,94,20,92,23,29,40,76,104,152,59,47,53,59,161,94,19,53,79,49,40,70,38,71,55,39,117,128,207,53,96,28,87,84,13,38,81,51,19,66,30,70,77,57,74,33,61
507,394,174,94,250,112,516,144,167,224,438,529,983,322,280,296,353,920,518,65,289,513,325,219,369,147,354,248,270,689,756,1418,293,463,100,599,471,99,274,547,316,98,389,191,408,466,345,550,204,371
103,98,48,20,112,12,115,23,45,46,102,135,199,62,72,70,81,204,116,21,77,106,58,52,85,49,83,60,48,150,163,293,73,115,37,116,112,19,44,118,79,32,72,36,100,110,61,105,56,67
505,455,193,92,516,115,216,143,165,214,430,531,841,338,254,256,365,863,507,66,258,494,281,176,341,114,333,247,234,611,718,1359,274,461,128,514,449,109,241,526,311,112,373,169,385,445,301,498,182,336
192,133,60,23,144,23,143,26,42,59,131,146,269,104,86,76,94,263,139,18,86,155,96,45,95,47,105,77,73,185,219,381,86,131,31,162,142,26,62,169,92,29,116,60,141,136,87,159,57,101
181,126,64,29,167,45,165,42,26,69,138,190,275,104,96,100,125,296,178,16,73,182,97,61,112,35,108,79,79,200,263,454,95,159,46,196,157,26,84,160,110,30,116,68,116,156,104,165,77,129
221,198,83,40,224,46,214,59,69,52,165,238,395,148,127,137,149,393,205,30,112,211,153,86,157,58,153,107,123,245,306,537,94,202,46,210,193,41,89,218,122,53,164,81,180,163,139,197,72,135
461,397,192,76,438,102,430,131,138,165,187,471,821,308,228,268,298,780,440,55,248,423,283,176,287,104,306,217,242,496,663,1223,203,387,83,482,387,90,215,439,287,94,350,162,351,409,263,425,161,280
475,474,223,104,529,135,531,146,190,238,471,295,1019,357,303,313,414,1065,579,63,318,569,326,227,400,147,390,252,252,728,862,1669,346,527,138,650,534,90,295,621,390,126,449,225,433,530,383,614,222,366
860,788,369,152,983,199,841,269,275,395,821,1019,817,586,481,495,712,1509,965,124,515,940,494,370,597,233,614,403,442,1148,1409,2514,497,878,222,1013,817,144,445,1004,640,186,713,348,716,838,568,952,330,662
378,269,116,59,322,62,338,104,104,148,308,357,586,119,181,187,249,614,340,38,190,345,185,157,212,68,213,153,147,417,497,944,172,337,72,355,329,46,173,372,208,64,248,126,266,278,195,344,125,228
305,240,96,47,280,72,254,86,96,127,228,303,481,181,72,150,196,489,247,35,137,275,150,105,170,64,155,103,141,321,401,764,154,259,63,269,257,43,131,272,175,55,192,98,194,251,158,283,109,206
365,257,118,53,296,70,256,76,100,137,268,313,495,187,150,89,220,501,263,34,155,291,182,106,196,78,182,115,139,314,416,805,142,262,73,271,280,34,126,312,198,63,191,103,229,263,185,292,108,226
386,366,138,59,353,81,365,94,125,149,298,414,712,249,196,220,137,677,378,40,179,392,219,157,237,82,244,162,188,465,558,1003,211,369,93,382,324,56,179,388,264,89,288,135,285,335,231,386,143,236
857,812,358,161,920,204,863,263,296,393,780,1065,1509,614,489,501,677,816,891,126,515,933,527,394,637,233,635,433,463,1130,1451,2494,492,864,229,1010,846,158,414,991,609,170,677,334,735,864,607,990,339,674
494,450,209,94,518,116,507,139,178,205,440,579,965,340,247,263,378,891,273,67,274,476,300,226,323,127,323,222,257,663,792,1438,260,492,101,568,506,87,240,535,342,94,389,190,366,470,285,520,171,340
66,60,23,19,65,21,66,18,16,30,55,63,124,38,35,34,40,126,67,3,26,80,38,27,60,10,44,34,27,78,100,206,41,60,6,65,51,11,29,83,36,11,58,32,50,53,45,87,26,42
326,223,105,53,289,77,258,86,73,112,248,318,515,190,137,155,179,515,274,26,73,283,173,125,181,73,163,126,148,320,402,787,171,241,67,267,244,39,114,301,164,58,263,103,230,268,173,266,113,209
516,443,212,79,513,106,494,155,182,211,423,569,940,345,275,291,392,933,476,80,283,274,302,219,315,123,332,242,233,669,756,1432,265,467,108,572,479,91,257,594,345,98,391,209,396,492,305,530,184,327
365,246,122,49,325,58,281,96,97,153,283,326,494,185,150,182,219,527,300,38,173,302,88,120,201,54,195,143,151,338,432,818,163,293,72,310,246,49,149,317,220,62,231,106,222,283,189,336,94,212
226,182,86,40,219,52,176,45,61,86,176,227,370,157,105,106,157,394,226,27,125,219,120,38,140,39,131,110,90,278,295,540,118,205,61,238,197,35,90,202,123,55,161,61,152,198,119,196,86,118
373,277,141,70,369,85,341,95,112,157,287,400,597,212,170,196,237,637,323,60,181,315,201,140,109,68,222,150,147,412,496,969,184,313,82,330,326,50,170,348,204,80,262,120,271,314,205,341,127,248
147,96,54,38,147,49,114,47,35,58,104,147,233,68,64,78,82,233,127,10,73,123,54,39,68,16,78,56,68,170,189,356,74,140,24,126,130,21,66,132,82,28,105,48,101,119,74,119,47,85
382,315,147,71,354,83,333,105,108,153,306,390,614,213,155,182,244,635,323,44,163,332,195,131,222,78,136,135,175,438,526,986,210,304,84,352,306,63,156,396,231,69,272,118,280,363,229,365,120,208
284,214,72,55,248,60,247,77,79,107,217,252,403,153,103,115,162,433,222,34,126,242,143,110,150,56,135,63,116,313,333,646,117,237,48,239,227,40,119,274,146,60,196,109,191,210,147,238,87,173
299,198,71,39,270,48,234,73,79,123,242,252,442,147,141,139,188,463,257,27,148,233,151,90,147,68,175,116,62,322,412,700,134,239,46,273,233,38,149,290,183,54,184,100,205,232,164,266,104,186
614,545,223,117,689,150,611,185,200,245,496,728,1148,417,321,314,465,1130,663,78,320,669,338,278,412,170,438,313,322,421,981,1839,326,608,144,665,574,115,303,712,449,135,491,225,498,561,360,662,228,414
729,679,271,128,756,163,718,219,263,306,663,862,1409,497,401,416,558,1451,792,100,402,756,432,295,496,189,526,333,412,981,575,2096,405,707,180,841,675,140,348,782,491,136,593,252,589,721,498,786,273,495
1235,1245,585,207,1418,293,1359,381,454,537,1223,1669,2514,944,764,805,1003,2494,1438,206,787,1432,818,540,969,356,986,646,700,1839,2096,1949,754,1305,345,1581,1215,240,693,1528,936,284,1076,565,1125,1290,934,1492,508,944
230,236,143,53,293,73,274,86,95,94,203,346,497,172,154,142,211,492,260,41,171,265,163,118,184,74,210,117,134,326,405,754,73,264,76,281,244,46,141,284,179,58,225,95,228,259,194,301,94,185
450,417,187,96,463,115,461,131,159,202,387,527,878,337,259,262,369,864,492,60,241,467,293,205,313,140,304,237,239,608,707,1305,264,226,105,502,433,90,231,495,282,96,347,184,377,409,278,524,200,300
107,109,40,28,100,37,128,31,46,46,83,138,222,72,63,73,93,229,101,6,67,108,72,61,82,24,84,48,46,144,180,345,76,105,12,125,131,17,43,109,80,26,96,46,99,120,54,124,31,95
508,447,179,87,599,116,514,162,196,210,482,650,1013,355,269,271,382,1010,568,65,267,572,310,238,330,126,352,239,273,665,841,1581,281,502,125,245,515,98,275,624,371,119,407,199,435,521,359,518,206,359
502,400,206,84,471,112,449,142,157,193,387,534,817,329,257,280,324,846,506,51,244,479,246,197,326,130,306,227,233,574,675,1215,244,433,131,515,218,88,245,477,328,117,359,159,406,456,293,510,186,297
63,74,28,13,99,19,109,26,26,41,90,90,144,46,43,34,56,158,87,11,39,91,49,35,50,21,63,40,38,115,140,240,46,90,17,98,88,4,39,97,57,17,62,30,61,90,44,101,36,61
245,234,101,38,274,44,241,62,84,89,215,295,445,173,131,126,179,414,240,29,114,257,149,90,170,66,156,119,149,303,348,693,141,231,43,275,245,39,60,271,155,49,204,96,207,243,160,262,92,164
480,480,198,81,547,118,526,169,160,218,439,621,1004,372,272,312,388,991,535,83,301,594,317,202,348,132,396,274,290,712,782,1528,284,495,109,624,477,97,271,252,346,124,413,207,395,495,338,527,200,333
325,291,110,51,316,79,311,92,110,122,287,390,640,208,175,198,264,609,342,36,164,345,220,123,204,82,231,146,183,449,491,936,179,282,80,371,328,57,155,346,84,75,246,134,257,279,209,323,135,215
113,115,44,19,98,32,112,29,30,53,94,126,186,64,55,63,89,170,94,11,58,98,62,55,80,28,69,60,54,135,136,284,58,96,26,119,117,17,49,124,75,6,84,43,87,85,61,101,34,57
355,351,156,66,389,72,373,116,116,164,350,449,713,248,192,191,288,677,389,58,263,391,231,161,262,105,272,196,184,491,593,1076,225,347,96,407,359,62,204,413,246,84,145,135,298,346,239,385,160,272
179,157,77,30,191,36,169,60,68,81,162,225,348,126,98,103,135,334,190,32,103,209,106,61,120,48,118,109,100,225,252,565,95,184,46,199,159,30,96,207,134,43,135,37,130,155,118,192,57,131
448,326,153,70,408,100,385,141,116,180,351,433,716,266,194,229,285,735,366,50,230,396,222,152,271,101,280,191,205,498,589,1125,228,377,99,435,406,61,207,395,257,87,298,130,167,381,235,428,130,287
415,410,174,77,466,110,445,136,156,163,409,530,838,278,251,263,335,864,470,53,268,492,283,198,314,119,363,210,232,561,721,1290,259,409,120,521,456,90,243,495,279,85,346,155,381,209,288,467,164,304
336,229,153,57,345,61,301,87,104,139,263,383,568,195,158,185,231,607,285,45,173,305,189,119,205,74,229,147,164,360,498,934,194,278,54,359,293,44,160,338,209,61,239,118,235,288,115,356,99,225
485,457,186,74,550,105,498,159,165,197,425,614,952,344,283,292,386,990,520,87,266,530,336,196,341,119,365,238,266,662,786,1492,301,524,124,518,510,101,262,527,323,101,385,192,428,467,356,276,209,339
174,152,82,33,204,56,182,57,77,72,161,222,330,125,109,108,143,339,171,26,113,184,94,86,127,47,120,87,104,228,273,508,94,200,31,206,186,36,92,200,135,34,160,57,130,164,99,209,33,145
397,334,133,61,371,67,336,101,129,135,280,366,662,228,206,226,236,674,340,42,209,327,212,118,248,85,208,173,186,414,495,944,185,300,95,359,297,61,164,333,215,57,272,131,287,304,225,339,145,103
