261,500,183,88,493,105,481,155,142,260,460,508,780,380,327,332,337,784,517,64,331,497,344,205,362,172,383,267,300,628,699,1140,253,493,110,469,519,86,241,463,334,117,347,159,412,436,304,473,152,345
500,191,176,74,466,94,409,117,141,181,382,471,768,283,220,204,289,745,480,74,245,471,238,168,288,122,309,186,223,540,612,1167,272,428,106,450,402,73,203,456,287,82,331,169,326,386,287,395,155,304
183,176,45,29,225,46,192,58,68,75,148,229,386,123,93,98,135,396,193,22,110,198,115,75,120,56,126,108,92,220,295,581,120,202,52,192,186,36,96,247,130,52,148,78,140,196,103,193,69,121
88,74,29,8,88,22,80,29,37,36,67,94,138,49,52,52,56,140,76,18,50,98,51,32,58,19,50,33,53,118,130,228,40,85,24,97,84,10,45,80,57,20,59,39,64,75,56,81,34,44
493,466,225,88,238,132,550,134,177,200,403,549,898,318,272,298,379,903,526,60,282,518,280,209,321,150,361,239,272,658,768,1400,262,477,114,546,466,82,232,527,314,102,389,191,404,459,314,556,181,316
105,94,46,22,132,11,110,36,49,45,90,130,220,80,68,68,94,198,126,17,75,131,75,36,75,39,84,59,62,135,155,302,63,128,22,119,108,15,54,102,70,34,70,45,95,96,89,103,39,74
481,409,192,80,550,110,211,139,182,188,381,573,850,282,281,274,363,826,490,82,297,498,305,194,340,135,331,216,246,621,714,1320,256,474,111,523,417,74,257,475,303,102,342,177,382,428,294,469,166,314
155,117,58,29,134,36,139,30,47,69,147,191,273,96,111,109,100,268,154,19,78,157,83,57,99,40,96,57,87,174,226,398,76,157,50,141,141,23,72,170,119,29,129,48,108,145,89,148,60,110
142,141,68,37,177,49,182,47,33,79,132,177,285,114,80,90,141,272,171,19,91,190,83,70,112,32,108,69,86,218,231,423,91,163,45,177,155,32,86,182,110,32,126,53,125,157,91,188,53,116
260,181,75,36,200,45,188,69,79,52,200,248,347,141,109,116,144,351,188,17,113,208,132,96,139,56,153,97,105,256,296,517,96,196,46,216,187,32,107,212,123,61,164,78,172,163,134,208,73,141
460,382,148,67,403,90,381,147,132,200,204,458,727,305,217,279,292,727,441,53,238,437,253,177,299,124,345,221,232,539,594,1141,220,378,84,445,428,76,197,427,272,100,365,145,343,361,279,445,141,305
508,471,229,94,549,130,573,191,177,248,458,303,1054,371,284,309,407,1043,535,76,301,584,341,218,401,122,366,241,284,702,847,1487,291,501,110,600,531,85,300,595,384,102,409,199,499,507,337,580,210,378
780,768,386,138,898,220,850,273,285,347,727,1054,817,589,454,495,671,1421,859,115,496,862,540,354,590,250,618,450,431,1127,1301,2332,476,842,213,914,807,120,479,911,585,177,681,334,722,754,565,895,321,632
380,283,123,49,318,80,282,96,114,141,305,371,589,89,188,185,244,596,309,46,164,317,194,116,226,84,199,143,142,404,454,991,189,310,73,352,298,47,156,341,185,68,260,146,238,283,190,321,126,212
327,220,93,52,272,68,281,111,80,109,217,284,454,188,70,140,184,473,272,37,144,273,159,113,175,83,178,122,135,305,401,729,146,264,69,273,274,27,163,269,167,56,192,85,211,227,170,280,92,213
332,204,98,52,298,68,274,109,90,116,279,309,495,185,140,66,217,505,299,35,154,298,159,130,177,70,173,117,133,382,431,766,151,280,71,292,271,37,171,308,199,72,220,85,226,267,172,311,104,209
337,289,135,56,379,94,363,100,141,144,292,407,671,244,184,217,113,661,344,48,193,379,235,156,220,107,240,178,187,451,592,991,199,348,86,341,374,54,183,369,246,70,279,151,287,347,198,374,130,226
784,745,396,140,903,198,826,268,272,351,727,1043,1421,596,473,505,661,779,921,101,516,920,577,354,599,231,604,423,454,1112,1307,2362,470,842,228,917,858,131,454,973,585,188,668,336,737,751,615,892,320,650
517,480,193,76,526,126,490,154,171,188,441,535,859,309,272,299,344,921,243,57,295,481,295,209,351,150,348,256,280,624,767,1466,302,502,103,534,460,82,269,496,356,100,397,200,423,454,321,527,164,329
64,74,22,18,60,17,82,19,19,17,53,76,115,46,37,35,48,101,57,4,36,69,37,22,43,14,37,28,29,95,102,171,35,62,17,66,73,10,30,84,41,9,52,20,56,50,39,68,24,35
331,245,110,50,282,75,297,78,91,113,238,301,496,164,144,154,193,516,295,36,77,304,155,122,164,65,168,116,126,337,451,789,174,242,56,269,259,48,138,297,199,53,256,102,241,243,177,312,96,219
497,471,198,98,518,131,498,157,190,208,437,584,862,317,273,298,379,920,481,69,304,248,320,216,333,149,356,250,274,623,742,1428,295,530,128,530,515,84,267,529,324,103,406,190,437,437,305,554,202,329
344,238,115,51,280,75,305,83,83,132,253,341,540,194,159,159,235,577,295,37,155,320,85,129,163,84,199,143,155,386,440,877,173,270,71,308,283,40,156,295,189,66,240,89,220,281,182,338,118,221
205,168,75,32,209,36,194,57,70,96,177,218,354,116,113,130,156,354,209,22,122,216,129,34,131,47,128,87,103,237,274,571,121,167,45,208,176,23,97,233,119,41,157,71,159,167,115,202,67,141
362,288,120,58,321,75,340,99,112,139,299,401,590,226,175,177,220,599,351,43,164,333,163,131,105,93,193,146,155,399,518,923,164,346,65,343,315,51,169,356,238,56,262,120,248,314,196,342,116,217
172,122,56,19,150,39,135,40,32,56,124,122,250,84,83,70,107,231,150,14,65,149,84,47,93,13,74,50,69,154,215,352,68,131,34,151,112,17,60,151,84,24,102,38,129,138,86,156,55,89
383,309,126,50,361,84,331,96,108,153,345,366,618,199,178,173,240,604,348,37,168,356,199,128,193,74,109,144,150,413,530,954,189,300,90,384,306,44,184,376,229,65,248,118,278,336,222,392,141,225
267,186,108,33,239,59,216,57,69,97,221,241,450,143,122,117,178,423,256,28,116,250,143,87,146,50,144,59,108,279,372,648,121,188,44,259,202,39,98,260,148,44,172,99,195,208,158,229,75,155
300,223,92,53,272,62,246,87,86,105,232,284,431,142,135,133,187,454,280,29,126,274,155,103,155,69,150,108,72,335,370,683,138,226,48,250,256,51,133,297,168,36,207,101,192,226,161,296,112,161
628,540,220,118,658,135,621,174,218,256,539,702,1127,404,305,382,451,1112,624,95,337,623,386,237,399,154,413,279,335,382,944,1829,351,579,150,662,560,91,319,651,401,131,445,224,490,609,412,673,241,453
699,612,295,130,768,155,714,226,231,296,594,847,1301,454,401,431,592,1307,767,102,451,742,440,274,518,215,530,372,370,944,548,1991,375,705,155,815,693,124,388,756,496,171,569,266,623,652,486,755,258,491
1140,1167,581,228,1400,302,1320,398,423,517,1141,1487,2332,991,729,766,991,2362,1466,171,789,1428,877,571,923,352,954,648,683,1829,1991,1834,682,1357,323,1432,1268,206,684,1452,918,281,1057,507,1114,1188,907,1378,496,953
253,272,120,40,262,63,256,76,91,96,220,291,476,189,146,151,199,470,302,35,174,295,173,121,164,68,189,121,138,351,375,682,70,252,57,270,250,36,135,295,177,59,203,87,201,250,163,252,86,199
493,428,202,85,477,128,474,157,163,196,378,501,842,310,264,280,348,842,502,62,242,530,270,167,346,131,300,188,226,579,705,1357,252,241,107,493,448,78,250,521,320,106,370,193,400,450,306,483,173,312
110,106,52,24,114,22,111,50,45,46,84,110,213,73,69,71,86,228,103,17,56,128,71,45,65,34,90,44,48,150,155,323,57,107,16,113,103,18,62,127,69,25,90,46,109,93,83,130,42,71
469,450,192,97,546,119,523,141,177,216,445,600,914,352,273,292,341,917,534,66,269,530,308,208,343,151,384,259,250,662,815,1432,270,493,113,274,526,89,251,574,365,122,360,212,417,507,309,550,195,349
519,402,186,84,466,108,417,141,155,187,428,531,807,298,274,271,374,858,460,73,259,515,283,176,315,112,306,202,256,560,693,1268,250,448,103,526,221,73,228,489,311,117,363,164,356,437,289,490,151,321
86,73,36,10,82,15,74,23,32,32,76,85,120,47,27,37,54,131,82,10,48,84,40,23,51,17,44,39,51,91,124,206,36,78,18,89,73,7,48,85,48,12,63,29,59,69,39,89,33,51
241,203,96,45,232,54,257,72,86,107,197,300,479,156,163,171,183,454,269,30,138,267,156,97,169,60,184,98,133,319,388,684,135,250,62,251,228,48,61,278,204,58,207,99,217,244,143,275,97,162
463,456,247,80,527,102,475,170,182,212,427,595,911,341,269,308,369,973,496,84,297,529,295,233,356,151,376,260,297,651,756,1452,295,521,127,574,489,85,278,303,336,106,403,169,409,468,321,526,179,334
334,287,130,57,314,70,303,119,110,123,272,384,585,185,167,199,246,585,356,41,199,324,189,119,238,84,229,148,168,401,496,918,177,320,69,365,311,48,204,336,118,59,230,115,254,294,212,341,136,198
117,82,52,20,102,34,102,29,32,61,100,102,177,68,56,72,70,188,100,9,53,103,66,41,56,24,65,44,36,131,171,281,59,106,25,122,117,12,58,106,59,6,87,37,81,95,59,122,39,70
347,331,148,59,389,70,342,129,126,164,365,409,681,260,192,220,279,668,397,52,256,406,240,157,262,102,248,172,207,445,569,1057,203,370,90,360,363,63,207,403,230,87,150,156,318,326,264,422,140,262
159,169,78,39,191,45,177,48,53,78,145,199,334,146,85,85,151,336,200,20,102,190,89,71,120,38,118,99,101,224,266,507,87,193,46,212,164,29,99,169,115,37,156,29,130,155,111,194,73,118
412,326,140,64,404,95,382,108,125,172,343,499,722,238,211,226,287,737,423,56,241,437,220,159,248,129,278,195,192,490,623,1114,201,400,109,417,356,59,217,409,254,81,318,130,152,353,253,401,149,268
436,386,196,75,459,96,428,145,157,163,361,507,754,283,227,267,347,751,454,50,243,437,281,167,314,138,336,208,226,609,652,1188,250,450,93,507,437,69,244,468,294,95,326,155,353,188,297,464,179,330
304,287,103,56,314,89,294,89,91,134,279,337,565,190,170,172,198,615,321,39,177,305,182,115,196,86,222,158,161,412,486,907,163,306,83,309,289,39,143,321,212,59,264,111,253,297,70,322,120,220
473,395,193,81,556,103,469,148,188,208,445,580,895,321,280,311,374,892,527,68,312,554,338,202,342,156,392,229,296,673,755,1378,252,483,130,550,490,89,275,526,341,122,422,194,401,464,322,257,191,335
152,155,69,34,181,39,166,60,53,73,141,210,321,126,92,104,130,320,164,24,96,202,118,67,116,55,141,75,112,241,258,496,86,173,42,195,151,33,97,179,136,39,140,73,149,179,120,191,29,104
345,304,121,44,316,74,314,110,116,141,305,378,632,212,213,209,226,650,329,35,219,329,221,141,217,89,225,155,161,453,491,953,199,312,71,349,321,51,162,334,198,70,262,118,268,330,220,335,104,120
