259,465,221,93,499,121,456,191,178,241,436,528,810,367,331,356,356,847,468,84,340,492,355,225,379,153,381,283,324,601,732,1210,234,496,105,517,488,85,242,458,358,122,386,203,473,448,330,519,179,383
465,187,166,79,456,115,432,112,137,167,359,507,852,258,223,239,306,838,461,54,215,456,242,168,257,103,270,190,229,549,713,1261,247,366,94,481,425,74,207,465,264,82,346,144,333,437,254,452,153,305
221,166,31,26,205,37,173,59,64,90,175,233,352,118,107,115,140,372,189,25,110,234,121,75,129,49,132,95,93,247,282,609,131,203,45,201,183,41,105,208,132,40,150,74,157,181,136,210,76,131
93,79,26,7,96,20,82,26,23,32,83,93,164,47,41,47,62,157,81,12,59,91,65,38,63,25,68,43,45,118,128,223,56,76,18,91,74,10,41,100,61,23,67,33,72,88,52,92,28,59
499,456,205,96,239,121,527,165,185,230,428,588,963,330,253,294,381,953,511,55,279,499,316,232,352,132,331,233,256,712,794,1481,304,493,110,570,493,86,274,585,371,112,404,203,430,488,295,517,194,338
121,115,37,20,121,10,103,34,38,55,107,138,215,83,50,71,81,188,108,14,73,128,84,40,91,34,86,43,59,144,174,327,69,113,24,123,115,15,58,101,70,29,95,49,102,127,71,119,49,94
456,432,173,82,527,103,245,151,172,191,396,557,916,290,234,274,383,896,459,64,292,484,313,186,311,128,339,219,256,639,763,1347,254,449,105,535,460,95,239,515,325,106,383,179,399,461,331,549,195,385
191,112,59,26,165,34,151,22,36,88,160,143,266,110,89,109,112,242,163,25,80,168,115,70,104,38,106,72,67,172,216,418,82,151,38,165,144,25,71,157,90,27,112,47,130,137,124,171,67,114
178,137,64,23,185,38,172,36,21,78,158,162,322,130,83,98,117,321,147,24,95,174,97,65,113,33,98,76,83,231,250,458,103,148,41,162,170,27,67,185,100,34,126,77,141,146,115,169,79,136
241,167,90,32,230,55,191,88,78,45,158,218,359,132,106,136,157,386,206,17,125,218,135,83,119,60,136,110,103,282,314,552,96,210,59,227,210,37,96,203,134,31,152,77,161,184,132,207,78,136
436,359,175,83,428,107,396,160,158,158,182,456,795,297,201,258,310,781,446,45,249,420,242,148,304,108,293,206,209,550,657,1139,228,439,103,486,427,63,207,433,276,76,314,174,321,376,297,411,162,275
528,507,233,93,588,138,557,143,162,218,456,317,1077,321,296,311,396,1083,583,70,290,585,316,228,398,156,388,247,294,704,844,1611,344,513,121,578,539,101,271,660,391,120,442,230,457,572,338,624,185,372
810,852,352,164,963,215,916,266,322,359,795,1077,902,612,539,575,664,1551,911,121,500,940,533,334,614,230,616,406,471,1160,1448,2576,532,862,201,921,901,185,467,1032,609,167,655,373,722,850,596,953,334,627
367,258,118,47,330,83,290,110,130,132,297,321,612,107,174,181,255,603,311,29,170,329,223,131,195,91,217,168,175,402,508,828,173,335,79,333,310,49,181,346,218,61,271,114,266,291,223,337,121,245
331,223,107,41,253,50,234,89,83,106,201,296,539,174,71,137,200,520,285,34,170,291,157,105,170,53,187,117,154,331,416,737,143,236,47,295,254,50,146,307,152,59,203,83,201,245,188,296,93,184
356,239,115,47,294,71,274,109,98,136,258,311,575,181,137,72,237,553,319,36,171,316,154,133,170,70,191,124,143,357,455,781,153,285,46,309,262,54,137,330,189,60,233,92,221,270,209,287,97,195
356,306,140,62,381,81,383,112,117,157,310,396,664,255,200,237,146,632,343,46,209,380,234,140,258,93,238,164,179,441,548,1017,181,346,80,388,342,75,191,370,253,57,284,151,298,345,244,376,149,237
847,838,372,157,953,188,896,242,321,386,781,1083,1551,603,520,553,632,819,876,116,481,919,553,355,611,209,584,388,447,1116,1464,2556,544,844,205,939,829,190,427,1035,581,164,671,377,737,834,596,946,328,573
468,461,189,81,511,108,459,163,147,206,446,583,911,311,285,319,343,876,246,62,270,493,311,215,358,141,361,217,250,667,760,1426,276,468,128,558,467,91,282,505,330,102,382,163,405,468,327,515,209,350
84,54,25,12,55,14,64,25,24,17,45,70,121,29,34,36,46,116,62,0,29,64,33,20,41,19,44,33,24,82,87,208,30,54,13,66,58,11,33,59,45,15,44,20,57,61,35,72,23,29
340,215,110,59,279,73,292,80,95,125,249,290,500,170,170,171,209,481,270,29,78,274,181,115,193,74,195,132,145,357,447,761,172,282,56,288,257,38,126,264,181,61,212,110,260,279,196,311,97,228
492,456,234,91,499,128,484,168,174,218,420,585,940,329,291,316,380,919,493,64,274,251,334,215,347,136,361,207,275,672,758,1423,302,469,102,551,480,72,267,549,335,111,372,189,439,464,358,526,197,354
355,242,121,65,316,84,313,115,97,135,242,316,533,223,157,154,234,553,311,33,181,334,109,111,179,73,194,139,162,380,412,783,159,296,66,302,295,47,161,307,180,64,234,108,229,261,209,335,101,204
225,168,75,38,232,40,186,70,65,83,148,228,334,131,105,133,140,355,215,20,115,215,111,42,133,43,137,96,92,245,313,553,105,166,39,214,192,32,107,195,156,33,172,70,150,174,154,187,83,139
379,257,129,63,352,91,311,104,113,119,304,398,614,195,170,170,258,611,358,41,193,347,179,133,92,61,211,171,163,422,513,920,164,311,66,344,333,57,177,368,212,63,262,123,247,311,204,363,115,236
153,103,49,25,132,34,128,38,33,60,108,156,230,91,53,70,93,209,141,19,74,136,73,43,61,14,73,59,69,156,178,383,64,117,26,139,114,25,53,119,84,32,104,37,89,114,81,118,40,83
381,270,132,68,331,86,339,106,98,136,293,388,616,217,187,191,238,584,361,44,195,361,194,137,211,73,103,167,161,442,524,962,171,330,66,347,339,65,173,364,227,68,252,109,284,319,215,365,130,225
283,190,95,43,233,43,219,72,76,110,206,247,406,168,117,124,164,388,217,33,132,207,139,96,171,59,167,56,123,276,346,666,130,215,43,253,207,34,110,259,140,43,150,89,201,192,151,243,86,166
324,229,93,45,256,59,256,67,83,103,209,294,471,175,154,143,179,447,250,24,145,275,162,92,163,69,161,123,69,310,367,690,126,233,42,247,218,33,126,251,152,48,218,88,212,228,157,252,92,162
601,549,247,118,712,144,639,172,231,282,550,704,1160,402,331,357,441,1116,667,82,357,672,380,245,422,156,442,276,310,395,1037,1911,368,598,144,617,594,109,322,696,407,146,534,268,523,621,381,705,258,426
732,713,282,128,794,174,763,216,250,314,657,844,1448,508,416,455,548,1464,760,87,447,758,412,313,513,178,524,346,367,1037,556,2074,395,711,163,855,710,138,375,853,518,163,633,288,611,754,491,822,304,498
1210,1261,609,223,1481,327,1347,418,458,552,1139,1611,2576,828,737,781,1017,2556,1426,208,761,1423,783,553,920,383,962,666,690,1911,2074,2014,719,1321,333,1529,1288,264,697,1575,978,289,1023,492,1086,1359,865,1421,533,874
234,247,131,56,304,69,254,82,103,96,228,344,532,173,143,153,181,544,276,30,172,302,159,105,164,64,171,130,126,368,395,719,74,248,62,270,263,62,129,306,170,53,205,118,209,241,168,293,101,182
496,366,203,76,493,113,449,151,148,210,439,513,862,335,236,285,346,844,468,54,282,469,296,166,311,117,330,215,233,598,711,1321,248,235,92,501,442,71,235,503,323,110,377,170,403,456,282,511,176,315
105,94,45,18,110,24,105,38,41,59,103,121,201,79,47,46,80,205,128,13,56,102,66,39,66,26,66,43,42,144,163,333,62,92,7,137,105,16,67,139,73,20,91,47,91,96,77,98,30,80
517,481,201,91,570,123,535,165,162,227,486,578,921,333,295,309,388,939,558,66,288,551,302,214,344,139,347,253,247,617,855,1529,270,501,137,285,493,97,274,559,382,101,411,195,413,489,317,568,216,367
488,425,183,74,493,115,460,144,170,210,427,539,901,310,254,262,342,829,467,58,257,480,295,192,333,114,339,207,218,594,710,1288,263,442,105,493,232,68,245,526,318,111,366,179,394,419,297,510,181,324
85,74,41,10,86,15,95,25,27,37,63,101,185,49,50,54,75,190,91,11,38,72,47,32,57,25,65,34,33,109,138,264,62,71,16,97,68,6,39,107,59,14,73,36,63,79,56,93,32,49
242,207,105,41,274,58,239,71,67,96,207,271,467,181,146,137,191,427,282,33,126,267,161,107,177,53,173,110,126,322,375,697,129,235,67,274,245,39,75,272,165,50,201,94,201,236,168,266,103,171
458,465,208,100,585,101,515,157,185,203,433,660,1032,346,307,330,370,1035,505,59,264,549,307,195,368,119,364,259,251,696,853,1575,306,503,139,559,526,107,272,303,363,100,392,213,438,529,360,566,222,343
358,264,132,61,371,70,325,90,100,134,276,391,609,218,152,189,253,581,330,45,181,335,180,156,212,84,227,140,152,407,518,978,170,323,73,382,318,59,165,363,91,65,250,134,281,322,201,363,121,243
122,82,40,23,112,29,106,27,34,31,76,120,167,61,59,60,57,164,102,15,61,111,64,33,63,32,68,43,48,146,163,289,53,110,20,101,111,14,50,100,65,12,85,31,80,91,65,111,45,91
386,346,150,67,404,95,383,112,126,152,314,442,655,271,203,233,284,671,382,44,212,372,234,172,262,104,252,150,218,534,633,1023,205,377,91,411,366,73,201,392,250,85,141,162,332,363,250,391,141,261
203,144,74,33,203,49,179,47,77,77,174,230,373,114,83,92,151,377,163,20,110,189,108,70,123,37,109,89,88,268,288,492,118,170,47,195,179,36,94,213,134,31,162,38,148,205,126,231,77,117
473,333,157,72,430,102,399,130,141,161,321,457,722,266,201,221,298,737,405,57,260,439,229,150,247,89,284,201,212,523,611,1086,209,403,91,413,394,63,201,438,281,80,332,148,165,359,271,431,152,289
448,437,181,88,488,127,461,137,146,184,376,572,850,291,245,270,345,834,468,61,279,464,261,174,311,114,319,192,228,621,754,1359,241,456,96,489,419,79,236,529,322,91,363,205,359,218,285,505,168,310
330,254,136,52,295,71,331,124,115,132,297,338,596,223,188,209,244,596,327,35,196,358,209,154,204,81,215,151,157,381,491,865,168,282,77,317,297,56,168,360,201,65,250,126,271,285,108,336,124,216
519,452,210,92,517,119,549,171,169,207,411,624,953,337,296,287,376,946,515,72,311,526,335,187,363,118,365,243,252,705,822,1421,293,511,98,568,510,93,266,566,363,111,391,231,431,505,336,271,207,365
179,153,76,28,194,49,195,67,79,78,162,185,334,121,93,97,149,328,209,23,97,197,101,83,115,40,130,86,92,258,304,533,101,176,30,216,181,32,103,222,121,45,141,77,152,168,124,207,26,134
383,305,131,59,338,94,385,114,136,136,275,372,627,245,184,195,237,573,350,29,228,354,204,139,236,83,225,166,162,426,498,874,182,315,80,367,324,49,171,343,243,91,261,117,289,310,216,365,134,114
