266,461,205,94,507,112,462,189,172,233,473,555,803,376,353,341,359,828,501,62,337,526,344,226,405,160,381,279,296,570,674,1202,223,478,112,518,483,83,243,476,324,81,376,178,429,406,343,500,181,362
461,196,174,69,478,96,401,132,157,185,365,479,788,300,214,233,322,800,444,53,217,454,274,161,279,116,268,191,213,538,708,1262,244,420,86,436,399,66,201,459,251,87,373,162,377,438,273,485,156,306
205,174,33,31,187,47,196,52,70,83,161,224,342,140,92,102,134,327,171,15,108,202,101,91,121,55,125,71,91,243,286,531,90,190,50,214,165,32,105,214,116,36,127,78,164,188,132,193,62,122
94,69,31,10,78,21,88,32,35,47,99,86,135,59,43,52,59,146,90,13,59,85,47,24,60,22,57,49,55,99,107,209,45,76,15,74,83,21,32,72,62,16,48,27,63,78,44,86,25,69
507,478,187,78,240,115,485,165,162,191,436,541,872,282,282,324,357,898,491,62,274,509,289,203,345,128,321,203,280,643,725,1440,268,477,119,561,484,91,281,562,339,101,392,210,428,483,328,515,183,315
112,96,47,21,115,5,97,34,37,56,108,115,186,83,59,68,81,197,130,21,91,120,78,40,77,29,69,57,68,145,180,299,66,106,19,107,96,19,46,120,78,26,85,38,84,103,74,112,27,91
462,401,196,88,485,97,222,139,166,206,456,540,868,318,260,275,327,887,511,60,261,516,269,201,350,126,325,245,286,601,765,1333,248,443,114,486,445,89,219,531,321,114,376,173,382,450,303,462,154,337
189,132,52,32,165,34,139,32,51,56,144,167,274,103,68,76,101,261,151,23,87,161,84,63,86,32,92,68,70,189,228,436,79,145,33,175,155,17,74,175,96,34,94,57,103,161,91,158,62,105
172,157,70,35,162,37,166,51,22,58,142,155,291,99,103,108,128,281,171,16,95,180,99,75,98,51,106,71,97,186,259,466,101,141,25,163,141,27,81,173,124,44,108,70,128,143,101,176,54,121
233,185,83,47,191,56,206,56,58,42,185,228,377,143,112,132,119,364,195,31,113,201,112,98,149,53,146,92,126,263,301,524,108,178,47,224,215,33,90,216,142,43,167,82,188,196,159,201,82,134
473,365,161,99,436,108,456,144,142,185,209,450,763,290,221,247,324,734,424,71,266,443,257,206,330,113,333,187,245,571,631,1147,244,422,89,444,394,83,210,441,264,97,310,162,369,355,298,443,155,304
555,479,224,86,541,115,540,167,155,228,450,305,1039,339,292,311,412,1061,612,84,311,556,312,217,365,130,358,250,246,689,883,1698,314,502,127,627,497,83,260,613,372,102,424,205,461,568,346,578,210,354
803,788,342,135,872,186,868,274,291,377,763,1039,770,598,492,563,661,1481,923,100,525,891,545,353,606,234,613,417,459,1178,1385,2472,464,839,193,950,858,163,473,927,568,201,700,317,726,758,549,883,332,628
376,300,140,59,282,83,318,103,99,143,290,339,598,108,178,186,236,596,308,38,149,315,172,146,240,72,207,179,164,417,486,897,172,299,59,335,300,52,162,311,227,59,281,122,262,315,209,375,103,228
353,214,92,43,282,59,260,68,103,112,221,292,492,178,68,132,204,488,242,36,150,254,167,106,170,78,179,126,145,373,401,714,149,257,62,281,257,49,120,271,177,45,208,96,237,225,182,301,91,194
341,233,102,52,324,68,275,76,108,132,247,311,563,186,132,69,209,540,259,44,159,269,161,103,199,62,165,136,150,350,455,852,160,256,73,273,272,47,138,302,172,51,221,111,224,228,196,323,115,214
359,322,134,59,357,81,327,101,128,119,324,412,661,236,204,209,120,638,360,36,200,380,197,131,270,99,235,160,188,453,568,1001,185,357,64,388,331,62,157,385,246,66,274,128,307,340,240,411,138,214
828,800,327,146,898,197,887,261,281,364,734,1061,1481,596,488,540,638,807,879,111,517,916,547,343,589,236,596,412,454,1178,1343,2495,501,876,205,955,856,180,454,910,609,194,691,340,723,806,566,891,346,616
501,444,171,90,491,130,511,151,171,195,424,612,923,308,242,259,360,879,247,58,269,521,316,204,338,128,322,234,240,622,723,1413,274,460,112,546,475,85,249,498,323,80,391,191,423,504,341,545,203,354
62,53,15,13,62,21,60,23,16,31,71,84,100,38,36,44,36,111,58,2,29,55,27,31,42,19,33,23,32,72,89,187,30,69,10,44,67,12,36,69,41,12,48,31,44,50,44,69,20,42
337,217,108,59,274,91,261,87,95,113,266,311,525,149,150,159,200,517,269,29,72,298,152,114,164,63,175,130,128,336,451,817,168,276,50,283,272,36,138,288,171,37,211,123,204,278,174,294,97,205
526,454,202,85,509,120,516,161,180,201,443,556,891,315,254,269,380,916,521,55,298,268,285,206,362,131,363,285,275,654,792,1458,293,491,120,552,463,90,265,575,333,102,403,196,439,487,328,533,182,378
344,274,101,47,289,78,269,84,99,112,257,312,545,172,167,161,197,547,316,27,152,285,68,116,192,85,206,125,167,370,452,883,151,273,68,333,274,43,150,332,216,70,255,116,245,259,169,309,100,221
226,161,91,24,203,40,201,63,75,98,206,217,353,146,106,103,131,343,204,31,114,206,116,42,147,50,144,120,116,238,337,538,110,180,45,226,193,38,105,215,151,41,154,78,176,181,129,215,58,163
405,279,121,60,345,77,350,86,98,149,330,365,606,240,170,199,270,589,338,42,164,362,192,147,113,86,233,138,175,420,499,928,185,327,77,368,343,59,167,355,220,59,251,116,285,282,215,359,105,257
160,116,55,22,128,29,126,32,51,53,113,130,234,72,78,62,99,236,128,19,63,131,85,50,86,20,77,69,74,171,177,368,68,143,29,129,137,17,59,134,73,23,99,48,95,121,81,139,61,77
381,268,125,57,321,69,325,92,106,146,333,358,613,207,179,165,235,596,322,33,175,363,206,144,233,77,104,146,164,439,548,955,197,326,78,334,343,57,163,388,221,62,269,110,287,329,212,365,143,225
279,191,71,49,203,57,245,68,71,92,187,250,417,179,126,136,160,412,234,23,130,285,125,120,138,69,146,40,116,278,347,657,113,235,58,234,247,40,130,246,152,37,164,82,190,213,150,278,99,167
296,213,91,55,280,68,286,70,97,126,245,246,459,164,145,150,188,454,240,32,128,275,167,116,175,74,164,116,56,312,347,694,152,268,60,271,264,41,128,264,164,50,190,97,216,235,156,276,116,181
570,538,243,99,643,145,601,189,186,263,571,689,1178,417,373,350,453,1178,622,72,336,654,370,238,420,171,439,278,312,396,981,1877,385,567,144,646,593,126,305,662,425,114,506,242,507,572,389,626,249,451
674,708,286,107,725,180,765,228,259,301,631,883,1385,486,401,455,568,1343,723,89,451,792,452,337,499,177,548,347,347,981,565,2113,400,700,166,837,702,130,386,764,497,176,571,306,626,730,489,800,291,540
1202,1262,531,209,1440,299,1333,436,466,524,1147,1698,2472,897,714,852,1001,2495,1413,187,817,1458,883,538,928,368,955,657,694,1877,2113,1854,756,1307,316,1522,1285,248,711,1449,995,294,1077,551,1133,1288,864,1381,523,962
223,244,90,45,268,66,248,79,101,108,244,314,464,172,149,160,185,501,274,30,168,293,151,110,185,68,197,113,152,385,400,756,77,281,78,282,257,48,123,306,191,58,209,101,231,255,180,276,87,189
478,420,190,76,477,106,443,145,141,178,422,502,839,299,257,256,357,876,460,69,276,491,273,180,327,143,326,235,268,567,700,1307,281,221,101,510,390,95,211,505,287,99,317,182,377,453,330,466,156,305
112,86,50,15,119,19,114,33,25,47,89,127,193,59,62,73,64,205,112,10,50,120,68,45,77,29,78,58,60,144,166,316,78,101,19,108,93,19,66,100,72,20,85,47,101,110,85,94,46,70
518,436,214,74,561,107,486,175,163,224,444,627,950,335,281,273,388,955,546,44,283,552,333,226,368,129,334,234,271,646,837,1522,282,510,108,255,471,90,269,564,339,120,416,192,451,499,325,536,199,315
483,399,165,83,484,96,445,155,141,215,394,497,858,300,257,272,331,856,475,67,272,463,274,193,343,137,343,247,264,593,702,1285,257,390,93,471,193,84,232,517,313,96,361,176,410,413,312,517,146,316
83,66,32,21,91,19,89,17,27,33,83,83,163,52,49,47,62,180,85,12,36,90,43,38,59,17,57,40,41,126,130,248,48,95,19,90,84,6,41,83,49,20,80,33,69,71,53,93,42,59
243,201,105,32,281,46,219,74,81,90,210,260,473,162,120,138,157,454,249,36,138,265,150,105,167,59,163,130,128,305,386,711,123,211,66,269,232,41,60,253,143,47,183,94,212,244,168,239,89,152
476,459,214,72,562,120,531,175,173,216,441,613,927,311,271,302,385,910,498,69,288,575,332,215,355,134,388,246,264,662,764,1449,306,505,100,564,517,83,253,304,338,108,395,222,436,508,339,544,186,349
324,251,116,62,339,78,321,96,124,142,264,372,568,227,177,172,246,609,323,41,171,333,216,151,220,73,221,152,164,425,497,995,191,287,72,339,313,49,143,338,97,55,236,112,259,301,215,354,136,225
81,87,36,16,101,26,114,34,44,43,97,102,201,59,45,51,66,194,80,12,37,102,70,41,59,23,62,37,50,114,176,294,58,99,20,120,96,20,47,108,55,9,70,40,75,102,66,101,42,60
376,373,127,48,392,85,376,94,108,167,310,424,700,281,208,221,274,691,391,48,211,403,255,154,251,99,269,164,190,506,571,1077,209,317,85,416,361,80,183,395,236,70,141,150,335,366,257,378,131,260
178,162,78,27,210,38,173,57,70,82,162,205,317,122,96,111,128,340,191,31,123,196,116,78,116,48,110,82,97,242,306,551,101,182,47,192,176,33,94,222,112,40,150,35,146,159,124,194,67,136
429,377,164,63,428,84,382,103,128,188,369,461,726,262,237,224,307,723,423,44,204,439,245,176,285,95,287,190,216,507,626,1133,231,377,101,451,410,69,212,436,259,75,335,146,186,342,281,435,132,316
406,438,188,78,483,103,450,161,143,196,355,568,758,315,225,228,340,806,504,50,278,487,259,181,282,121,329,213,235,572,730,1288,255,453,110,499,413,71,244,508,301,102,366,159,342,193,281,480,165,319
343,273,132,44,328,74,303,91,101,159,298,346,549,209,182,196,240,566,341,44,174,328,169,129,215,81,212,150,156,389,489,864,180,330,85,325,312,53,168,339,215,66,257,124,281,281,111,356,108,239
500,485,193,86,515,112,462,158,176,201,443,578,883,375,301,323,411,891,545,69,294,533,309,215,359,139,365,278,276,626,800,1381,276,466,94,536,517,93,239,544,354,101,378,194,435,480,356,260,184,382
181,156,62,25,183,27,154,62,54,82,155,210,332,103,91,115,138,346,203,20,97,182,100,58,105,61,143,99,116,249,291,523,87,156,46,199,146,42,89,186,136,42,131,67,132,165,108,184,24,114
362,306,122,69,315,91,337,105,121,134,304,354,628,228,194,214,214,616,354,42,205,378,221,163,257,77,225,167,181,451,540,962,189,305,70,315,316,59,152,349,225,60,260,136,316,319,239,382,114,109
