246,480,206,97,473,116,493,171,160,240,451,532,812,369,322,353,381,779,505,66,310,555,374,236,383,173,401,291,309,624,710,1186,265,475,101,481,501,90,249,487,307,101,368,176,433,401,337,489,188,381
480,183,175,71,441,86,392,126,134,169,375,453,772,273,226,262,325,800,425,61,215,423,235,150,268,94,283,210,206,504,665,1200,231,401,109,479,386,62,214,456,284,90,337,153,361,425,286,468,170,301
206,175,30,41,205,47,213,56,66,82,152,219,345,126,110,100,167,354,204,28,106,207,122,78,123,51,144,83,83,248,309,568,122,201,45,220,204,32,78,199,137,38,149,65,170,175,116,212,78,131
97,71,41,10,89,26,82,24,32,42,74,94,171,43,46,48,67,142,96,11,42,93,54,43,68,25,59,40,44,106,130,227,53,102,16,89,85,12,44,82,55,18,56,26,71,74,51,83,31,72
473,441,205,89,284,133,467,131,160,190,460,573,897,322,280,301,385,923,530,76,262,567,322,192,326,150,353,238,281,652,767,1398,269,514,125,546,479,95,264,569,315,89,374,196,390,497,310,485,187,341
116,86,47,26,133,12,93,37,35,36,72,114,212,62,67,74,82,198,110,14,62,118,72,40,83,37,81,54,68,140,165,286,62,122,22,131,98,22,45,112,75,21,62,48,90,91,83,100,40,74
493,392,213,82,467,93,220,136,158,211,383,551,858,313,242,273,350,873,508,65,267,488,267,192,304,118,316,209,225,640,764,1328,267,475,110,527,435,76,239,522,316,109,379,186,364,445,289,484,178,334
171,126,56,24,131,37,136,23,41,69,143,169,253,89,74,89,109,255,137,23,71,128,88,71,104,50,129,67,71,152,234,400,74,147,26,134,162,23,69,177,95,26,127,49,102,134,83,147,56,96
160,134,66,32,160,35,158,41,25,67,160,173,287,124,94,87,129,319,180,22,85,170,102,65,111,41,117,61,67,200,216,417,92,145,40,167,156,21,83,160,110,42,137,62,159,150,105,156,76,120
240,169,82,42,190,36,211,69,67,55,163,211,360,165,110,131,166,379,199,23,113,201,126,74,144,54,140,113,107,220,291,559,112,196,44,249,217,34,103,192,141,41,174,84,177,194,137,228,94,144
451,375,152,74,460,72,383,143,160,163,194,440,766,300,232,235,331,796,459,51,252,452,287,154,293,117,290,205,213,528,666,1144,227,367,89,455,366,78,213,430,283,103,345,174,345,383,297,434,182,274
532,453,219,94,573,114,551,169,173,211,440,328,1067,366,284,324,409,1020,571,76,301,558,355,207,376,152,394,238,247,703,812,1622,310,550,115,620,514,108,270,607,368,110,444,211,457,525,347,580,203,385
812,772,345,171,897,212,858,253,287,360,766,1067,826,599,449,503,644,1510,931,121,541,925,533,379,621,219,624,406,479,1160,1315,2507,456,840,196,927,816,147,448,981,582,179,688,319,698,895,566,944,301,637
369,273,126,43,322,62,313,89,124,165,300,366,599,111,173,192,243,612,330,30,168,369,185,133,216,70,204,152,150,369,514,910,181,276,63,367,300,59,163,362,247,62,269,113,265,314,177,327,149,228
322,226,110,46,280,67,242,74,94,110,232,284,449,173,65,125,210,440,257,36,146,274,162,115,162,68,185,116,139,337,387,717,123,260,72,269,245,40,134,293,184,50,216,90,189,241,161,276,92,192
353,262,100,48,301,74,273,89,87,131,235,324,503,192,125,73,227,554,266,23,146,295,170,121,168,69,193,157,160,381,405,804,153,285,75,301,256,44,137,311,185,58,247,105,202,279,169,288,107,202
381,325,167,67,385,82,350,109,129,166,331,409,644,243,210,227,130,627,334,48,191,375,240,141,250,97,230,162,204,454,529,1032,217,365,92,381,351,78,176,410,226,66,255,140,290,360,232,355,146,272
779,800,354,142,923,198,873,255,319,379,796,1020,1510,612,440,554,627,812,923,108,554,914,537,365,599,247,650,419,472,1151,1308,2424,485,792,188,940,819,144,453,995,575,188,679,327,706,830,568,918,318,649
505,425,204,96,530,110,508,137,180,199,459,571,931,330,257,266,334,923,234,60,265,476,352,223,349,137,365,228,259,644,767,1414,275,508,127,516,510,95,245,552,334,104,381,154,402,495,310,533,211,373
66,61,28,11,76,14,65,23,22,23,51,76,121,30,36,23,48,108,60,3,32,57,31,27,37,10,29,40,28,82,105,190,34,60,14,52,46,9,33,80,45,14,57,29,51,63,38,67,27,28
310,215,106,42,262,62,267,71,85,113,252,301,541,168,146,146,191,554,265,32,68,265,153,101,158,82,184,132,106,327,443,768,155,247,62,291,263,51,126,273,180,56,209,109,205,249,178,272,116,196
555,423,207,93,567,118,488,128,170,201,452,558,925,369,274,295,375,914,476,57,265,288,325,211,328,129,347,216,257,682,786,1450,268,513,145,521,496,91,264,553,340,93,398,171,396,520,320,516,222,350
374,235,122,54,322,72,267,88,102,126,287,355,533,185,162,170,240,537,352,31,153,325,70,111,187,83,198,144,170,396,453,840,153,269,60,317,269,52,150,329,205,64,245,111,227,277,171,334,92,209
236,150,78,43,192,40,192,71,65,74,154,207,379,133,115,121,141,365,223,27,101,211,111,52,136,52,128,104,94,252,324,543,100,199,51,226,203,27,115,210,137,37,141,62,180,183,121,197,74,118
383,268,123,68,326,83,304,104,111,144,293,376,621,216,162,168,250,599,349,37,158,328,187,136,116,90,223,165,147,419,517,942,168,312,73,373,292,54,160,333,231,77,248,131,229,290,229,370,129,214
173,94,51,25,150,37,118,50,41,54,117,152,219,70,68,69,97,247,137,10,82,129,83,52,90,10,68,52,66,166,186,375,70,123,35,140,115,24,80,136,86,31,93,46,102,110,101,149,46,90
401,283,144,59,353,81,316,129,117,140,290,394,624,204,185,193,230,650,365,29,184,347,198,128,223,68,116,141,164,398,515,946,172,318,91,366,324,49,171,374,212,81,286,123,284,307,222,350,145,214
291,210,83,40,238,54,209,67,61,113,205,238,406,152,116,157,162,419,228,40,132,216,144,104,165,52,141,54,134,293,340,639,123,222,51,245,224,36,106,255,164,37,204,92,195,206,140,234,87,165
309,206,83,44,281,68,225,71,67,107,213,247,479,150,139,160,204,472,259,28,106,257,170,94,147,66,164,134,57,306,390,723,143,260,55,295,245,45,129,272,158,49,202,85,180,214,152,267,114,174
624,504,248,106,652,140,640,152,200,220,528,703,1160,369,337,381,454,1151,644,82,327,682,396,252,419,166,398,293,306,423,966,1769,333,606,164,690,627,101,318,676,414,104,482,248,534,584,374,658,264,434
710,665,309,130,767,165,764,234,216,291,666,812,1315,514,387,405,529,1308,767,105,443,786,453,324,517,186,515,340,390,966,581,2076,434,718,188,840,683,129,365,799,528,146,569,244,644,725,505,778,290,523
1186,1200,568,227,1398,286,1328,400,417,559,1144,1622,2507,910,717,804,1032,2424,1414,190,768,1450,840,543,942,375,946,639,723,1769,2076,1898,747,1311,332,1515,1296,258,721,1506,900,296,1037,505,1125,1299,966,1393,521,950
265,231,122,53,269,62,267,74,92,112,227,310,456,181,123,153,217,485,275,34,155,268,153,100,168,70,172,123,143,333,434,747,77,245,55,329,253,50,147,306,198,68,204,110,232,262,189,278,76,204
475,401,201,102,514,122,475,147,145,196,367,550,840,276,260,285,365,792,508,60,247,513,269,199,312,123,318,222,260,606,718,1311,245,226,116,480,472,75,250,537,321,102,367,159,393,457,299,468,180,341
101,109,45,16,125,22,110,26,40,44,89,115,196,63,72,75,92,188,127,14,62,145,60,51,73,35,91,51,55,164,188,332,55,116,11,119,103,15,40,132,72,25,94,41,95,99,64,122,40,70
481,479,220,89,546,131,527,134,167,249,455,620,927,367,269,301,381,940,516,52,291,521,317,226,373,140,366,245,295,690,840,1515,329,480,119,274,458,95,276,573,337,98,399,191,416,483,319,578,206,383
501,386,204,85,479,98,435,162,156,217,366,514,816,300,245,256,351,819,510,46,263,496,269,203,292,115,324,224,245,627,683,1296,253,472,103,458,207,64,230,508,320,89,344,161,382,491,299,469,156,337
90,62,32,12,95,22,76,23,21,34,78,108,147,59,40,44,78,144,95,9,51,91,52,27,54,24,49,36,45,101,129,258,50,75,15,95,64,0,50,80,52,13,53,30,65,79,59,80,36,43
249,214,78,44,264,45,239,69,83,103,213,270,448,163,134,137,176,453,245,33,126,264,150,115,160,80,171,106,129,318,365,721,147,250,40,276,230,50,62,282,153,47,178,85,170,227,162,243,107,155
487,456,199,82,569,112,522,177,160,192,430,607,981,362,293,311,410,995,552,80,273,553,329,210,333,136,374,255,272,676,799,1506,306,537,132,573,508,80,282,257,331,113,427,195,408,504,350,548,188,329
307,284,137,55,315,75,316,95,110,141,283,368,582,247,184,185,226,575,334,45,180,340,205,137,231,86,212,164,158,414,528,900,198,321,72,337,320,52,153,331,100,72,246,112,269,321,204,361,97,215
101,90,38,18,89,21,109,26,42,41,103,110,179,62,50,58,66,188,104,14,56,93,64,37,77,31,81,37,49,104,146,296,68,102,25,98,89,13,47,113,72,11,77,37,85,92,67,111,39,69
368,337,149,56,374,62,379,127,137,174,345,444,688,269,216,247,255,679,381,57,209,398,245,141,248,93,286,204,202,482,569,1037,204,367,94,399,344,53,178,427,246,77,135,156,315,329,242,370,129,249
176,153,65,26,196,48,186,49,62,84,174,211,319,113,90,105,140,327,154,29,109,171,111,62,131,46,123,92,85,248,244,505,110,159,41,191,161,30,85,195,112,37,156,33,144,177,115,205,65,118
433,361,170,71,390,90,364,102,159,177,345,457,698,265,189,202,290,706,402,51,205,396,227,180,229,102,284,195,180,534,644,1125,232,393,95,416,382,65,170,408,269,85,315,144,157,387,233,433,153,277
401,425,175,74,497,91,445,134,150,194,383,525,895,314,241,279,360,830,495,63,249,520,277,183,290,110,307,206,214,584,725,1299,262,457,99,483,491,79,227,504,321,92,329,177,387,206,304,490,189,314
337,286,116,51,310,83,289,83,105,137,297,347,566,177,161,169,232,568,310,38,178,320,171,121,229,101,222,140,152,374,505,966,189,299,64,319,299,59,162,350,204,67,242,115,233,304,110,333,123,199
489,468,212,83,485,100,484,147,156,228,434,580,944,327,276,288,355,918,533,67,272,516,334,197,370,149,350,234,267,658,778,1393,278,468,122,578,469,80,243,548,361,111,370,205,433,490,333,260,191,373
188,170,78,31,187,40,178,56,76,94,182,203,301,149,92,107,146,318,211,27,116,222,92,74,129,46,145,87,114,264,290,521,76,180,40,206,156,36,107,188,97,39,129,65,153,189,123,191,26,132
381,301,131,72,341,74,334,96,120,144,274,385,637,228,192,202,272,649,373,28,196,350,209,118,214,90,214,165,174,434,523,950,204,341,70,383,337,43,155,329,215,69,249,118,277,314,199,373,132,119
