246,438,225,96,496,123,477,154,154,250,446,515,838,373,312,346,353,829,510,63,316,535,351,207,364,126,354,261,294,651,701,1252,242,484,104,479,506,89,256,475,316,97,378,188,437,421,331,505,190,384
438,191,154,83,441,106,413,134,129,165,342,447,771,257,200,216,304,759,442,57,271,441,229,184,293,105,302,176,224,569,693,1181,220,417,86,446,422,64,223,470,288,88,346,193,352,428,281,434,152,297
225,154,31,43,212,44,202,56,56,87,158,233,370,107,97,91,153,337,208,26,97,219,132,68,136,46,125,91,92,224,301,561,110,203,46,202,202,34,97,246,146,39,152,65,161,200,144,197,83,136
96,83,43,8,94,14,87,26,36,41,75,89,156,67,49,61,61,144,78,5,48,83,59,31,73,27,70,45,53,87,132,211,38,97,21,90,79,19,41,90,54,23,42,35,71,75,65,82,27,54
496,441,212,94,245,99,476,136,149,204,405,557,941,344,289,303,377,937,516,70,284,521,286,219,331,146,364,250,282,625,782,1476,277,436,109,535,483,75,259,524,354,106,434,195,405,467,289,517,171,350
123,106,44,14,99,7,112,35,33,65,105,114,204,87,53,68,85,182,120,8,73,119,76,46,75,32,84,52,51,149,164,272,66,123,18,122,108,21,50,118,72,30,85,38,83,99,74,108,32,86
477,413,202,87,476,112,232,140,128,185,416,529,833,331,254,292,345,801,490,67,295,516,313,199,323,137,332,228,267,577,750,1256,276,430,103,525,457,91,240,517,349,99,349,178,352,439,305,490,178,340
154,134,56,26,136,35,140,18,43,70,126,170,278,112,72,93,103,260,161,17,80,175,90,62,97,34,105,60,80,174,244,447,87,124,34,165,154,27,69,153,109,34,103,67,123,145,96,141,62,110
154,129,56,36,149,33,128,43,17,60,143,166,267,100,78,76,106,288,145,25,86,180,106,61,90,53,113,107,80,197,232,436,102,161,28,159,162,23,76,183,112,35,133,58,114,168,106,147,73,118
250,165,87,41,204,65,185,70,60,41,167,242,371,123,119,128,147,354,219,28,127,202,118,79,125,54,143,88,120,254,314,589,125,186,50,217,208,36,91,218,123,47,150,77,150,176,121,205,70,138
446,342,158,75,405,105,416,126,143,167,184,475,764,276,229,262,310,732,432,53,259,420,262,177,264,128,305,193,222,516,618,1185,216,415,80,443,407,64,207,435,291,97,313,169,322,411,243,447,136,295
515,447,233,89,557,114,529,170,166,242,475,327,1032,311,314,335,387,1032,555,77,295,559,317,224,361,151,388,248,270,714,857,1601,322,473,138,614,496,75,280,626,371,119,431,207,421,483,332,573,210,410
838,771,370,156,941,204,833,278,267,371,764,1032,793,566,512,576,682,1454,943,119,474,1019,574,341,607,250,628,390,470,1192,1337,2382,506,832,220,944,826,159,467,955,630,181,709,348,699,786,558,920,350,622
373,257,107,67,344,87,331,112,100,123,276,311,566,110,178,184,252,587,329,50,173,343,221,141,225,84,231,131,168,399,520,937,195,305,73,318,333,60,175,357,221,70,253,108,262,295,213,341,130,219
312,200,97,49,289,53,254,72,78,119,229,314,512,178,51,103,201,516,270,37,144,265,160,114,162,65,167,114,133,342,404,746,139,250,69,276,252,38,122,289,155,60,219,103,206,252,141,288,102,192
346,216,91,61,303,68,292,93,76,128,262,335,576,184,103,65,200,546,302,40,172,301,176,126,181,67,172,112,136,344,418,810,150,283,79,300,289,48,145,331,169,54,227,114,227,262,182,304,108,199
353,304,153,61,377,85,345,103,106,147,310,387,682,252,201,200,127,640,390,52,193,375,227,148,260,93,215,143,191,493,557,1014,216,355,83,376,342,55,170,378,213,61,288,137,292,334,224,369,136,232
829,759,337,144,937,182,801,260,288,354,732,1032,1454,587,516,546,640,814,898,93,471,960,550,353,564,224,623,422,490,1135,1374,2389,525,804,207,918,838,165,431,982,562,187,668,320,727,811,582,934,338,604
510,442,208,78,516,120,490,161,145,219,432,555,943,329,270,302,390,898,257,55,287,489,300,221,365,140,347,243,286,655,760,1494,265,472,102,558,469,78,249,533,337,96,401,188,404,483,319,554,192,346
63,57,26,5,70,8,67,17,25,28,53,77,119,50,37,40,52,93,55,3,35,67,44,21,49,13,38,36,31,79,76,165,38,57,10,52,47,11,32,57,47,15,44,20,50,59,34,68,22,43
316,271,97,48,284,73,295,80,86,127,259,295,474,173,144,172,193,471,287,35,74,290,152,105,161,59,168,133,140,322,394,789,149,279,61,287,265,47,133,309,198,48,207,104,207,250,152,318,94,197
535,441,219,83,521,119,516,175,180,202,420,559,1019,343,265,301,375,960,489,67,290,276,308,227,368,160,358,234,267,673,795,1448,255,504,103,569,479,90,275,541,338,102,416,200,436,469,340,523,194,347
351,229,132,59,286,76,313,90,106,118,262,317,574,221,160,176,227,550,300,44,152,308,104,136,206,68,174,139,142,369,456,874,166,286,52,314,307,48,139,343,190,51,242,111,218,282,173,333,114,194
207,184,68,31,219,46,199,62,61,79,177,224,341,141,114,126,148,353,221,21,105,227,136,39,143,47,126,95,104,241,326,579,118,196,43,211,200,41,124,213,147,32,143,75,170,185,132,193,98,155
364,293,136,73,331,75,323,97,90,125,264,361,607,225,162,181,260,564,365,49,161,368,206,143,109,79,206,167,160,391,545,910,198,328,69,362,326,49,157,382,218,69,260,121,248,328,172,354,115,244
126,105,46,27,146,32,137,34,53,54,128,151,250,84,65,67,93,224,140,13,59,160,68,47,79,17,71,55,66,171,213,363,76,115,21,133,131,19,53,134,81,29,107,56,105,112,63,133,47,103
354,302,125,70,364,84,332,105,113,143,305,388,628,231,167,172,215,623,347,38,168,358,174,126,206,71,104,165,154,446,533,954,201,314,64,342,326,50,166,401,244,71,263,137,269,303,198,340,130,241
261,176,91,45,250,52,228,60,107,88,193,248,390,131,114,112,143,422,243,36,133,234,139,95,167,55,165,60,130,252,340,693,132,222,41,229,224,39,98,236,160,44,196,68,209,241,140,272,90,156
294,224,92,53,282,51,267,80,80,120,222,270,470,168,133,136,191,490,286,31,140,267,142,104,160,66,154,130,51,338,395,694,138,250,55,275,232,45,128,292,147,48,184,104,185,227,145,270,126,176
651,569,224,87,625,149,577,174,197,254,516,714,1192,399,342,344,493,1135,655,79,322,673,369,241,391,171,446,252,338,388,991,1766,398,539,157,678,580,108,271,683,413,136,458,235,494,575,382,610,257,407
701,693,301,132,782,164,750,244,232,314,618,857,1337,520,404,418,557,1374,760,76,394,795,456,326,545,213,533,340,395,991,590,2066,390,738,165,841,735,132,382,804,511,170,585,297,629,666,465,770,285,514
1252,1181,561,211,1476,272,1256,447,436,589,1185,1601,2382,937,746,810,1014,2389,1494,165,789,1448,874,579,910,363,954,693,694,1766,2066,1846,708,1257,319,1577,1224,209,714,1445,914,306,1010,472,1161,1235,895,1424,488,972
242,220,110,38,277,66,276,87,102,125,216,322,506,195,139,150,216,525,265,38,149,255,166,118,198,76,201,132,138,398,390,708,71,262,68,295,256,40,136,275,164,64,207,93,229,215,158,275,107,221
484,417,203,97,436,123,430,124,161,186,415,473,832,305,250,283,355,804,472,57,279,504,286,196,328,115,314,222,250,539,738,1257,262,220,99,488,439,92,224,499,319,100,328,192,373,442,296,482,175,291
104,86,46,21,109,18,103,34,28,50,80,138,220,73,69,79,83,207,102,10,61,103,52,43,69,21,64,41,55,157,165,319,68,99,10,116,103,20,44,125,82,21,75,37,102,118,88,132,30,61
479,446,202,90,535,122,525,165,159,217,443,614,944,318,276,300,376,918,558,52,287,569,314,211,362,133,342,229,275,678,841,1577,295,488,116,256,501,70,283,593,378,120,393,220,427,459,334,589,227,355
506,422,202,79,483,108,457,154,162,208,407,496,826,333,252,289,342,838,469,47,265,479,307,200,326,131,326,224,232,580,735,1224,256,439,103,501,228,83,245,477,327,87,365,173,368,406,311,512,162,324
89,64,34,19,75,21,91,27,23,36,64,75,159,60,38,48,55,165,78,11,47,90,48,41,49,19,50,39,45,108,132,209,40,92,20,70,83,4,42,92,44,15,70,35,62,77,45,84,38,58
256,223,97,41,259,50,240,69,76,91,207,280,467,175,122,145,170,431,249,32,133,275,139,124,157,53,166,98,128,271,382,714,136,224,44,283,245,42,58,257,150,43,174,83,226,238,173,287,96,166
475,470,246,90,524,118,517,153,183,218,435,626,955,357,289,331,378,982,533,57,309,541,343,213,382,134,401,236,292,683,804,1445,275,499,125,593,477,92,257,252,322,113,403,209,404,501,335,528,199,408
316,288,146,54,354,72,349,109,112,123,291,371,630,221,155,169,213,562,337,47,198,338,190,147,218,81,244,160,147,413,511,914,164,319,82,378,327,44,150,322,105,68,284,128,258,308,181,341,128,235
97,88,39,23,106,30,99,34,35,47,97,119,181,70,60,54,61,187,96,15,48,102,51,32,69,29,71,44,48,136,170,306,64,100,21,120,87,15,43,113,68,5,74,37,85,96,70,100,42,63
378,346,152,42,434,85,349,103,133,150,313,431,709,253,219,227,288,668,401,44,207,416,242,143,260,107,263,196,184,458,585,1010,207,328,75,393,365,70,174,403,284,74,148,135,335,337,255,393,149,248
188,193,65,35,195,38,178,67,58,77,169,207,348,108,103,114,137,320,188,20,104,200,111,75,121,56,137,68,104,235,297,472,93,192,37,220,173,35,83,209,128,37,135,23,144,168,126,182,71,138
437,352,161,71,405,83,352,123,114,150,322,421,699,262,206,227,292,727,404,50,207,436,218,170,248,105,269,209,185,494,629,1161,229,373,102,427,368,62,226,404,258,85,335,144,157,373,258,414,156,286
421,428,200,75,467,99,439,145,168,176,411,483,786,295,252,262,334,811,483,59,250,469,282,185,328,112,303,241,227,575,666,1235,215,442,118,459,406,77,238,501,308,96,337,168,373,237,284,467,195,312
331,281,144,65,289,74,305,96,106,121,243,332,558,213,141,182,224,582,319,34,152,340,173,132,172,63,198,140,145,382,465,895,158,296,88,334,311,45,173,335,181,70,255,126,258,284,88,327,120,216
505,434,197,82,517,108,490,141,147,205,447,573,920,341,288,304,369,934,554,68,318,523,333,193,354,133,340,272,270,610,770,1424,275,482,132,589,512,84,287,528,341,100,393,182,414,467,327,256,198,379
190,152,83,27,171,32,178,62,73,70,136,210,350,130,102,108,136,338,192,22,94,194,114,98,115,47,130,90,126,257,285,488,107,175,30,227,162,38,96,199,128,42,149,71,156,195,120,198,26,124
384,297,136,54,350,86,340,110,118,138,295,410,622,219,192,199,232,604,346,43,197,347,194,155,244,103,241,156,176,407,514,972,221,291,61,355,324,58,166,408,235,63,248,138,286,312,216,379,124,97
