245,464,208,96,499,112,481,172,178,224,458,541,903,394,330,338,372,827,483,67,322,519,367,245,399,176,373,299,318,621,749,1180,257,501,123,529,489,75,236,496,286,116,351,172,439,459,340,491,180,397
464,181,156,71,469,106,404,148,155,163,369,498,835,292,224,226,366,794,446,52,230,446,241,165,268,95,285,197,232,492,684,1289,267,379,109,440,421,60,230,463,300,92,351,156,338,424,269,478,159,300
208,156,39,33,209,34,213,58,69,100,181,212,369,145,104,109,152,358,197,34,103,221,129,109,132,54,134,94,92,280,308,574,114,209,32,206,195,36,97,221,138,37,155,74,150,201,123,219,92,141
96,71,33,6,70,27,97,20,31,41,70,90,166,57,50,54,67,159,79,8,63,91,61,33,48,20,50,40,52,112,115,222,47,94,25,89,74,16,46,86,42,23,81,34,51,62,51,82,25,53
499,469,209,70,242,127,480,166,160,196,438,576,917,331,281,312,376,910,554,59,257,536,292,202,349,129,335,248,256,645,760,1396,292,469,113,545,459,99,264,573,334,96,470,193,414,514,283,574,183,326
112,106,34,27,127,7,114,34,42,46,86,120,220,88,59,62,96,212,123,13,73,124,87,53,81,27,88,47,80,154,156,304,54,118,33,117,117,21,56,120,70,23,92,43,95,93,77,111,39,70
481,404,213,97,480,114,251,131,178,187,402,575,892,305,258,279,370,825,489,66,269,496,286,200,359,131,321,204,252,593,728,1321,253,483,141,492,469,78,251,523,342,110,394,202,399,440,299,518,199,340
172,148,58,20,166,34,131,24,52,66,141,153,279,87,75,80,108,259,155,14,91,167,84,62,106,40,100,70,77,186,222,437,81,141,34,160,131,21,74,159,109,38,123,45,125,141,77,159,55,115
178,155,69,31,160,42,178,52,33,76,159,174,310,114,97,93,120,267,168,18,88,176,93,73,129,39,105,70,80,192,267,435,106,154,43,183,163,28,78,173,94,31,145,62,133,152,124,162,66,87
224,163,100,41,196,46,187,66,76,42,165,229,386,125,107,117,141,343,224,28,109,198,132,75,139,49,111,119,109,227,330,572,120,197,47,230,203,33,93,237,118,39,147,67,159,195,139,196,82,154
458,369,181,70,438,86,402,141,159,165,177,436,747,297,233,243,309,763,450,55,235,443,300,138,289,113,285,206,202,503,655,1152,205,403,120,495,381,71,221,464,260,96,325,146,358,391,271,414,165,307
541,498,212,90,576,120,575,153,174,229,436,320,997,342,292,315,382,962,589,58,307,576,301,235,348,136,376,230,281,678,853,1592,309,542,133,619,560,89,268,667,417,111,421,217,466,548,338,598,216,375
903,835,369,166,917,220,892,279,310,386,747,997,816,574,446,555,677,1451,897,128,491,933,514,379,625,262,682,407,503,1151,1389,2501,492,855,197,1016,826,163,451,970,645,212,670,355,756,852,579,982,372,611
394,292,145,57,331,88,305,87,114,125,297,342,574,97,168,188,258,556,302,49,202,300,199,121,215,83,208,150,166,375,471,880,176,338,74,326,309,42,187,363,182,77,270,125,236,284,191,355,132,229
330,224,104,50,281,59,258,75,97,107,233,292,446,168,63,136,193,467,257,35,146,261,174,123,181,74,200,134,133,298,396,772,133,264,59,279,295,45,130,278,196,59,206,88,226,216,167,295,113,174
338,226,109,54,312,62,279,80,93,117,243,315,555,188,136,65,203,515,291,42,146,280,177,125,192,71,206,124,149,351,414,874,151,273,85,282,284,52,152,309,187,71,224,99,225,243,180,302,121,177
372,366,152,67,376,96,370,108,120,141,309,382,677,258,193,203,126,617,328,56,196,363,193,168,237,105,245,179,184,448,583,1024,234,311,91,372,355,43,186,405,234,56,270,134,295,366,243,393,138,236
827,794,358,159,910,212,825,259,267,343,763,962,1451,556,467,515,617,781,913,130,524,933,520,362,580,235,613,444,491,1171,1399,2427,510,828,182,985,863,190,429,932,610,194,685,389,722,852,557,911,357,593
483,446,197,79,554,123,489,155,168,224,450,589,897,302,257,291,328,913,242,58,266,496,276,212,325,111,328,233,243,605,777,1425,274,455,121,535,473,88,247,537,309,133,406,182,422,452,303,523,186,353
67,52,34,8,59,13,66,14,18,28,55,58,128,49,35,42,56,130,58,2,38,71,43,32,50,18,40,25,34,86,99,208,46,47,13,59,56,6,36,68,31,20,79,23,63,63,44,67,25,45
322,230,103,63,257,73,269,91,88,109,235,307,491,202,146,146,196,524,266,38,73,295,157,117,168,70,189,121,132,315,430,829,152,248,66,279,260,42,140,291,188,60,205,94,212,264,180,290,106,196
519,446,221,91,536,124,496,167,176,198,443,576,933,300,261,280,363,933,496,71,295,264,284,204,352,137,354,231,266,638,741,1419,275,456,136,511,485,79,267,518,304,127,374,200,417,476,339,515,184,352
367,241,129,61,292,87,286,84,93,132,300,301,514,199,174,177,193,520,276,43,157,284,97,130,179,79,192,155,168,349,471,825,173,280,55,295,307,47,149,287,177,55,238,107,248,271,188,308,110,201
245,165,109,33,202,53,200,62,73,75,138,235,379,121,123,125,168,362,212,32,117,204,130,36,132,55,122,102,103,249,326,501,112,193,53,214,187,21,104,211,145,36,150,61,151,195,117,206,59,139
399,268,132,48,349,81,359,106,129,139,289,348,625,215,181,192,237,580,325,50,168,352,179,132,104,72,219,167,154,435,526,943,174,307,77,343,286,50,174,347,233,80,265,123,254,305,214,351,141,214
176,95,54,20,129,27,131,40,39,49,113,136,262,83,74,71,105,235,111,18,70,137,79,55,72,17,70,61,58,148,206,352,80,106,27,136,132,21,70,130,85,27,101,49,98,125,67,144,50,85
373,285,134,50,335,88,321,100,105,111,285,376,682,208,200,206,245,613,328,40,189,354,192,122,219,70,100,147,142,436,548,946,191,292,76,329,322,50,164,337,210,86,273,121,268,332,215,353,117,220
299,197,94,40,248,47,204,70,70,119,206,230,407,150,134,124,179,444,233,25,121,231,155,102,167,61,147,50,134,300,346,694,153,236,53,251,191,43,132,238,136,51,180,92,176,206,156,233,98,164
318,232,92,52,256,80,252,77,80,109,202,281,503,166,133,149,184,491,243,34,132,266,168,103,154,58,142,134,60,325,392,701,140,247,53,265,276,60,108,287,169,52,189,98,188,254,146,276,109,174
621,492,280,112,645,154,593,186,192,227,503,678,1151,375,298,351,448,1171,605,86,315,638,349,249,435,148,436,300,325,418,973,1854,345,576,146,600,613,107,311,635,410,120,490,232,503,584,381,668,238,401
749,684,308,115,760,156,728,222,267,330,655,853,1389,471,396,414,583,1399,777,99,430,741,471,326,526,206,548,346,392,973,574,2134,374,681,191,857,678,133,375,822,494,159,587,257,644,688,478,764,300,545
1180,1289,574,222,1396,304,1321,437,435,572,1152,1592,2501,880,772,874,1024,2427,1425,208,829,1419,825,501,943,352,946,694,701,1854,2134,1940,751,1386,328,1589,1281,255,734,1473,952,319,1058,496,1123,1352,927,1393,526,952
257,267,114,47,292,54,253,81,106,120,205,309,492,176,133,151,234,510,274,46,152,275,173,112,174,80,191,153,140,345,374,751,79,272,57,317,252,51,136,257,178,55,207,104,213,238,182,266,117,196
501,379,209,94,469,118,483,141,154,197,403,542,855,338,264,273,311,828,455,47,248,456,280,193,307,106,292,236,247,576,681,1386,272,238,100,493,429,73,246,475,296,94,388,178,374,413,309,514,164,308
123,109,32,25,113,33,141,34,43,47,120,133,197,74,59,85,91,182,121,13,66,136,55,53,77,27,76,53,53,146,191,328,57,100,13,135,128,17,56,137,91,22,73,58,93,118,65,117,44,76
529,440,206,89,545,117,492,160,183,230,495,619,1016,326,279,282,372,985,535,59,279,511,295,214,343,136,329,251,265,600,857,1589,317,493,135,268,511,96,233,604,306,108,405,200,404,496,333,556,237,334
489,421,195,74,459,117,469,131,163,203,381,560,826,309,295,284,355,863,473,56,260,485,307,187,286,132,322,191,276,613,678,1281,252,429,128,511,212,83,238,475,307,109,361,182,345,417,276,497,182,312
75,60,36,16,99,21,78,21,28,33,71,89,163,42,45,52,43,190,88,6,42,79,47,21,50,21,50,43,60,107,133,255,51,73,17,96,83,11,54,104,57,17,74,32,73,85,61,94,43,47
236,230,97,46,264,56,251,74,78,93,221,268,451,187,130,152,186,429,247,36,140,267,149,104,174,70,164,132,108,311,375,734,136,246,56,233,238,54,65,306,171,44,192,86,214,228,179,269,88,176
496,463,221,86,573,120,523,159,173,237,464,667,970,363,278,309,405,932,537,68,291,518,287,211,347,130,337,238,287,635,822,1473,257,475,137,604,475,104,306,270,348,90,406,222,413,522,329,554,190,410
286,300,138,42,334,70,342,109,94,118,260,417,645,182,196,187,234,610,309,31,188,304,177,145,233,85,210,136,169,410,494,952,178,296,91,306,307,57,171,348,103,65,245,133,297,318,199,326,147,227
116,92,37,23,96,23,110,38,31,39,96,111,212,77,59,71,56,194,133,20,60,127,55,36,80,27,86,51,52,120,159,319,55,94,22,108,109,17,44,90,65,16,80,34,88,106,74,103,35,67
351,351,155,81,470,92,394,123,145,147,325,421,670,270,206,224,270,685,406,79,205,374,238,150,265,101,273,180,189,490,587,1058,207,388,73,405,361,74,192,406,245,80,160,159,318,339,272,373,162,254
172,156,74,34,193,43,202,45,62,67,146,217,355,125,88,99,134,389,182,23,94,200,107,61,123,49,121,92,98,232,257,496,104,178,58,200,182,32,86,222,133,34,159,41,149,177,116,202,91,130
439,338,150,51,414,95,399,125,133,159,358,466,756,236,226,225,295,722,422,63,212,417,248,151,254,98,268,176,188,503,644,1123,213,374,93,404,345,73,214,413,297,88,318,149,159,397,231,434,160,276
459,424,201,62,514,93,440,141,152,195,391,548,852,284,216,243,366,852,452,63,264,476,271,195,305,125,332,206,254,584,688,1352,238,413,118,496,417,85,228,522,318,106,339,177,397,201,300,489,170,361
340,269,123,51,283,77,299,77,124,139,271,338,579,191,167,180,243,557,303,44,180,339,188,117,214,67,215,156,146,381,478,927,182,309,65,333,276,61,179,329,199,74,272,116,231,300,106,328,135,201
491,478,219,82,574,111,518,159,162,196,414,598,982,355,295,302,393,911,523,67,290,515,308,206,351,144,353,233,276,668,764,1393,266,514,117,556,497,94,269,554,326,103,373,202,434,489,328,274,201,381
180,159,92,25,183,39,199,55,66,82,165,216,372,132,113,121,138,357,186,25,106,184,110,59,141,50,117,98,109,238,300,526,117,164,44,237,182,43,88,190,147,35,162,91,160,170,135,201,40,111
397,300,141,53,326,70,340,115,87,154,307,375,611,229,174,177,236,593,353,45,196,352,201,139,214,85,220,164,174,401,545,952,196,308,76,334,312,47,176,410,227,67,254,130,276,361,201,381,111,123
