283,414,208,87,484,117,465,187,157,240,427,487,831,359,337,323,376,820,456,78,328,498,367,200,412,171,363,271,319,624,691,1190,250,468,100,518,529,72,254,452,314,118,397,209,474,384,363,476,182,352
414,177,176,84,442,96,442,124,141,182,390,496,814,263,252,254,286,783,484,67,229,464,261,164,286,106,292,172,216,565,695,1231,226,397,96,435,387,85,227,446,285,82,341,163,374,399,266,503,179,279
208,176,30,29,217,54,212,63,61,87,188,240,341,143,92,99,134,352,226,27,104,233,120,93,140,48,144,81,82,242,292,560,120,194,51,191,195,32,96,217,131,32,155,75,171,195,128,233,80,141
87,84,29,10,86,19,87,34,35,44,68,74,150,70,53,58,68,136,93,14,51,84,53,46,48,28,60,49,45,97,118,205,36,71,23,90,88,12,42,80,53,22,63,32,72,71,53,76,21,68
484,442,217,86,244,123,512,129,164,216,457,595,929,320,272,282,397,888,526,60,270,511,324,202,328,145,372,210,261,623,772,1452,283,467,139,583,488,79,238,507,361,98,387,185,388,459,313,536,191,342
117,96,54,19,123,9,106,35,40,63,112,111,204,85,68,74,84,216,131,15,61,127,64,61,86,37,78,62,68,142,183,288,51,95,24,119,114,15,57,114,76,25,86,30,108,88,80,102,43,82
465,442,212,87,512,106,220,156,164,207,426,541,853,319,269,301,367,855,495,65,276,498,262,196,315,129,344,230,250,660,757,1269,248,472,110,521,454,65,264,514,340,114,396,201,375,468,295,498,162,335
187,124,63,34,129,35,156,20,51,68,142,163,258,108,98,94,97,285,157,17,87,161,87,59,91,37,89,70,77,195,224,415,78,131,28,158,140,32,72,161,106,30,125,57,124,144,89,180,54,94
157,141,61,35,164,40,164,51,16,54,150,183,265,100,85,92,109,250,155,21,91,171,92,76,108,47,117,79,82,211,234,448,79,166,38,180,169,24,68,188,108,34,124,61,141,163,95,205,52,98
240,182,87,44,216,63,207,68,54,46,163,256,367,147,138,126,150,350,189,29,132,216,126,84,133,63,154,90,126,249,305,537,119,209,43,207,195,46,113,209,121,47,165,74,173,193,140,190,67,132
427,390,188,68,457,112,426,142,150,163,176,483,775,291,240,246,310,768,433,49,246,430,255,171,262,108,314,196,231,535,662,1233,239,417,99,472,416,68,221,460,280,99,313,185,336,378,276,456,156,280
487,496,240,74,595,111,541,163,183,256,483,311,1039,364,295,341,392,1056,573,73,276,628,355,254,385,137,403,249,280,708,854,1681,309,506,125,577,486,96,299,680,384,110,440,224,463,505,352,563,210,394
831,814,341,150,929,204,853,258,265,367,775,1039,815,594,444,485,663,1473,935,110,493,943,520,387,610,239,678,388,482,1163,1391,2430,482,797,201,981,842,135,457,995,627,180,657,373,734,832,581,914,359,588
359,263,143,70,320,85,319,108,100,147,291,364,594,112,181,195,258,549,348,40,179,327,186,127,197,90,211,138,173,403,483,901,174,315,67,352,327,46,192,330,231,69,242,127,262,304,193,352,114,235
337,252,92,53,272,68,269,98,85,138,240,295,444,181,75,128,205,520,272,37,141,299,141,76,169,71,172,128,126,324,401,727,144,221,56,240,221,52,141,289,168,55,196,102,205,244,191,285,109,210
323,254,99,58,282,74,301,94,92,126,246,341,485,195,128,77,203,522,274,42,155,296,143,101,183,85,194,115,153,342,417,802,182,269,65,254,255,47,139,324,169,52,246,121,216,257,193,342,117,204
376,286,134,68,397,84,367,97,109,150,310,392,663,258,205,203,121,688,368,42,193,410,212,139,229,102,260,149,184,447,565,1039,202,314,84,376,348,77,167,407,235,78,286,167,330,314,242,369,116,221
820,783,352,136,888,216,855,285,250,350,768,1056,1473,549,520,522,688,835,911,103,486,901,572,351,634,243,612,401,447,1079,1320,2479,529,834,204,954,841,136,479,911,616,176,677,348,746,854,582,901,343,598
456,484,226,93,526,131,495,157,155,189,433,573,935,348,272,274,368,911,232,57,294,494,301,185,307,126,341,243,255,633,748,1446,280,467,116,506,516,80,252,540,324,101,392,217,393,492,350,530,200,316
78,67,27,14,60,15,65,17,21,29,49,73,110,40,37,42,42,103,57,3,37,55,24,27,46,21,54,26,37,69,92,187,42,44,15,59,61,7,32,58,47,12,42,25,50,41,44,62,21,28
328,229,104,51,270,61,276,87,91,132,246,276,493,179,141,155,193,486,294,37,85,275,153,147,187,60,165,123,132,308,398,777,145,269,66,273,285,30,137,311,209,50,211,123,235,232,169,280,125,176
498,464,233,84,511,127,498,161,171,216,430,628,943,327,299,296,410,901,494,55,275,258,294,173,343,133,328,257,264,608,771,1436,266,440,121,526,507,80,282,561,370,104,392,214,405,478,304,528,210,345
367,261,120,53,324,64,262,87,92,126,255,355,520,186,141,143,212,572,301,24,153,294,75,119,200,84,215,132,139,356,458,794,170,250,65,322,275,41,138,326,199,59,261,122,236,250,171,309,112,191
200,164,93,46,202,61,196,59,76,84,171,254,387,127,76,101,139,351,185,27,147,173,119,39,127,50,130,86,100,242,323,558,114,197,37,220,198,41,98,210,128,46,157,81,169,184,122,229,75,135
412,286,140,48,328,86,315,91,108,133,262,385,610,197,169,183,229,634,307,46,187,343,200,127,98,82,222,138,171,427,567,925,194,294,86,330,320,68,172,345,232,61,257,107,233,299,201,370,142,218
171,106,48,28,145,37,129,37,47,63,108,137,239,90,71,85,102,243,126,21,60,133,84,50,82,17,90,75,70,169,204,366,65,132,24,115,106,19,52,141,84,35,92,49,108,126,78,125,47,75
363,292,144,60,372,78,344,89,117,154,314,403,678,211,172,194,260,612,341,54,165,328,215,130,222,90,118,150,170,414,507,1017,176,316,64,345,317,53,161,370,227,78,263,133,290,324,201,382,133,210
271,172,81,49,210,62,230,70,79,90,196,249,388,138,128,115,149,401,243,26,123,257,132,86,138,75,150,62,99,283,341,642,114,211,47,224,246,41,115,219,171,54,193,84,176,222,137,212,81,155
319,216,82,45,261,68,250,77,82,126,231,280,482,173,126,153,184,447,255,37,132,264,139,100,171,70,170,99,63,314,390,723,145,238,63,269,248,37,122,262,168,59,194,83,220,240,168,273,94,173
624,565,242,97,623,142,660,195,211,249,535,708,1163,403,324,342,447,1079,633,69,308,608,356,242,427,169,414,283,314,413,993,1790,385,572,143,679,568,98,327,699,444,140,492,247,510,602,383,645,254,412
691,695,292,118,772,183,757,224,234,305,662,854,1391,483,401,417,565,1320,748,92,398,771,458,323,567,204,507,341,390,993,570,2104,409,685,190,808,726,134,341,800,526,173,554,292,617,685,488,826,289,528
1190,1231,560,205,1452,288,1269,415,448,537,1233,1681,2430,901,727,802,1039,2479,1446,187,777,1436,794,558,925,366,1017,642,723,1790,2104,1960,741,1281,339,1562,1255,235,686,1451,936,294,1059,556,1085,1294,903,1403,495,932
250,226,120,36,283,51,248,78,79,119,239,309,482,174,144,182,202,529,280,42,145,266,170,114,194,65,176,114,145,385,409,741,77,228,68,269,224,47,126,298,173,44,214,105,221,260,172,259,99,185
468,397,194,71,467,95,472,131,166,209,417,506,797,315,221,269,314,834,467,44,269,440,250,197,294,132,316,211,238,572,685,1281,228,213,103,515,475,81,231,529,319,101,366,190,368,433,305,474,166,318
100,96,51,23,139,24,110,28,38,43,99,125,201,67,56,65,84,204,116,15,66,121,65,37,86,24,64,47,63,143,190,339,68,103,12,119,107,20,53,120,71,26,93,45,88,102,78,125,36,66
518,435,191,90,583,119,521,158,180,207,472,577,981,352,240,254,376,954,506,59,273,526,322,220,330,115,345,224,269,679,808,1562,269,515,119,278,505,75,297,591,388,125,411,227,421,498,310,552,215,365
529,387,195,88,488,114,454,140,169,195,416,486,842,327,221,255,348,841,516,61,285,507,275,198,320,106,317,246,248,568,726,1255,224,475,107,505,222,70,234,516,318,90,366,186,353,420,289,493,184,346
72,85,32,12,79,15,65,32,24,46,68,96,135,46,52,47,77,136,80,7,30,80,41,41,68,19,53,41,37,98,134,235,47,81,20,75,70,6,55,103,63,14,75,33,67,78,46,77,41,70
254,227,96,42,238,57,264,72,68,113,221,299,457,192,141,139,167,479,252,32,137,282,138,98,172,52,161,115,122,327,341,686,126,231,53,297,234,55,60,266,180,52,219,103,214,216,157,262,79,172
452,446,217,80,507,114,514,161,188,209,460,680,995,330,289,324,407,911,540,58,311,561,326,210,345,141,370,219,262,699,800,1451,298,529,120,591,516,103,266,277,340,109,391,207,439,552,351,543,211,370
314,285,131,53,361,76,340,106,108,121,280,384,627,231,168,169,235,616,324,47,209,370,199,128,232,84,227,171,168,444,526,936,173,319,71,388,318,63,180,340,93,77,265,126,271,302,226,363,140,224
118,82,32,22,98,25,114,30,34,47,99,110,180,69,55,52,78,176,101,12,50,104,59,46,61,35,78,54,59,140,173,294,44,101,26,125,90,14,52,109,77,8,83,33,86,95,51,120,31,59
397,341,155,63,387,86,396,125,124,165,313,440,657,242,196,246,286,677,392,42,211,392,261,157,257,92,263,193,194,492,554,1059,214,366,93,411,366,75,219,391,265,83,131,157,317,332,230,421,147,259
209,163,75,32,185,30,201,57,61,74,185,224,373,127,102,121,167,348,217,25,123,214,122,81,107,49,133,84,83,247,292,556,105,190,45,227,186,33,103,207,126,33,157,27,158,185,117,203,75,123
474,374,171,72,388,108,375,124,141,173,336,463,734,262,205,216,330,746,393,50,235,405,236,169,233,108,290,176,220,510,617,1085,221,368,88,421,353,67,214,439,271,86,317,158,167,346,233,463,152,282
384,399,195,71,459,88,468,144,163,193,378,505,832,304,244,257,314,854,492,41,232,478,250,184,299,126,324,222,240,602,685,1294,260,433,102,498,420,78,216,552,302,95,332,185,346,219,290,505,162,310
363,266,128,53,313,80,295,89,95,140,276,352,581,193,191,193,242,582,350,44,169,304,171,122,201,78,201,137,168,383,488,903,172,305,78,310,289,46,157,351,226,51,230,117,233,290,94,304,132,222
476,503,233,76,536,102,498,180,205,190,456,563,914,352,285,342,369,901,530,62,280,528,309,229,370,125,382,212,273,645,826,1403,259,474,125,552,493,77,262,543,363,120,421,203,463,505,304,283,183,330
182,179,80,21,191,43,162,54,52,67,156,210,359,114,109,117,116,343,200,21,125,210,112,75,142,47,133,81,94,254,289,495,99,166,36,215,184,41,79,211,140,31,147,75,152,162,132,183,35,121
352,279,141,68,342,82,335,94,98,132,280,394,588,235,210,204,221,598,316,28,176,345,191,135,218,75,210,155,173,412,528,932,185,318,66,365,346,70,172,370,224,59,259,123,282,310,222,330,121,108
