250,401,211,91,504,111,464,196,177,262,437,500,821,350,304,329,367,735,458,63,370,484,347,206,382,146,369,285,305,587,668,1112,234,493,103,487,504,80,248,486,317,98,352,183,445,422,321,497,166,376
401,178,188,88,470,109,417,131,142,185,346,451,800,261,243,260,282,780,416,49,224,433,248,148,308,105,275,202,199,535,653,1229,237,415,94,421,421,75,209,466,271,80,325,177,353,395,286,464,174,296
211,188,49,39,187,43,193,64,73,83,171,227,350,155,102,123,148,361,202,23,115,200,120,83,128,51,125,86,98,238,275,554,99,191,56,196,195,27,101,180,143,40,162,73,154,190,118,195,65,145
91,88,39,7,81,13,104,35,24,39,71,92,126,56,52,63,67,124,68,11,60,95,43,32,62,30,58,54,49,102,120,221,37,74,16,76,76,17,40,84,54,16,56,29,72,72,44,76,29,61
504,470,187,81,245,106,512,148,170,196,443,559,911,346,269,264,370,898,488,55,273,534,337,207,356,127,364,230,278,611,784,1406,288,464,143,555,494,84,239,517,328,90,395,173,419,491,335,550,183,328
111,109,43,13,106,11,107,45,32,30,105,131,209,70,66,74,87,199,105,8,72,107,57,43,96,39,82,60,68,143,163,280,58,96,21,110,110,15,64,108,75,19,87,35,97,108,77,103,39,79
464,417,193,104,512,107,242,135,157,207,397,527,865,303,266,284,312,835,462,59,299,501,315,190,336,138,337,231,278,610,712,1327,256,484,108,481,464,98,224,476,319,89,326,184,383,415,300,428,200,313
196,131,64,35,148,45,135,17,49,51,115,158,285,89,69,81,104,276,155,13,79,131,76,63,106,38,96,67,66,197,217,430,70,153,31,151,140,28,84,148,94,31,128,62,98,133,91,159,45,99
177,142,73,24,170,32,157,49,28,66,128,200,327,101,75,75,142,317,163,23,96,181,106,64,107,44,116,84,78,197,247,455,80,163,33,151,178,28,86,181,104,36,136,50,136,137,97,181,58,110
262,185,83,39,196,30,207,51,66,42,153,229,382,143,118,108,146,362,159,36,138,217,124,91,154,56,174,95,111,265,314,520,106,184,43,212,188,38,92,212,133,45,151,84,193,198,140,207,70,133
437,346,171,71,443,105,397,115,128,153,175,462,763,272,215,236,281,778,402,57,266,403,239,166,266,109,293,210,230,570,595,1152,231,418,95,452,380,82,202,425,292,92,317,168,354,402,277,385,146,273
500,451,227,92,559,131,527,158,200,229,462,317,975,316,297,339,413,976,561,76,272,569,331,221,381,139,352,276,277,706,883,1516,306,530,126,609,492,87,272,571,381,127,420,208,433,539,360,596,197,387
821,800,350,126,911,209,865,285,327,382,763,975,802,564,472,569,688,1453,922,97,505,918,513,375,595,233,608,454,493,1127,1326,2404,496,817,191,967,843,149,444,927,591,190,683,331,734,846,538,957,316,629
350,261,155,56,346,70,303,89,101,143,272,316,564,109,190,199,234,573,325,44,193,338,210,114,200,93,231,156,172,444,505,887,198,331,65,326,307,47,168,340,207,69,250,115,244,311,166,341,124,218
304,243,102,52,269,66,266,69,75,118,215,297,472,190,63,118,201,463,250,26,149,278,140,105,162,75,176,117,142,303,399,768,156,220,58,284,238,44,133,274,182,64,197,94,216,267,158,261,89,183
329,260,123,63,264,74,284,81,75,108,236,339,569,199,118,76,206,536,287,28,164,276,157,121,180,70,197,120,133,344,435,863,171,251,69,318,262,40,127,300,207,73,226,98,229,277,170,306,114,196
367,282,148,67,370,87,312,104,142,146,281,413,688,234,201,206,132,666,353,47,192,364,218,120,224,95,228,186,163,463,530,982,191,317,74,374,342,58,174,386,243,67,258,129,283,330,215,356,138,248
735,780,361,124,898,199,835,276,317,362,778,976,1453,573,463,536,666,779,937,107,481,907,516,357,642,221,601,426,486,1104,1329,2414,473,850,193,913,804,129,454,995,598,186,658,341,745,844,544,908,336,595
458,416,202,68,488,105,462,155,163,159,402,561,922,325,250,287,353,937,234,50,277,461,331,192,326,131,340,242,233,656,718,1425,281,488,115,508,475,84,254,532,307,100,400,186,410,451,316,522,191,311
63,49,23,11,55,8,59,13,23,36,57,76,97,44,26,28,47,107,50,3,32,74,42,22,31,14,25,21,32,74,88,170,33,54,13,65,61,16,28,51,44,10,46,19,47,49,35,76,15,54
370,224,115,60,273,72,299,79,96,138,266,272,505,193,149,164,192,481,277,32,77,294,162,125,153,68,201,130,140,348,441,791,147,274,59,299,269,55,127,319,183,57,216,106,219,227,166,276,95,179
484,433,200,95,534,107,501,131,181,217,403,569,918,338,278,276,364,907,461,74,294,257,323,211,359,117,340,235,274,672,737,1460,263,481,118,549,480,82,237,540,324,99,418,195,412,487,321,552,197,326
347,248,120,43,337,57,315,76,106,124,239,331,513,210,140,157,218,516,331,42,162,323,79,140,192,71,199,153,169,353,447,818,166,265,75,301,295,64,140,318,200,65,253,122,266,269,172,296,124,196
206,148,83,32,207,43,190,63,64,91,166,221,375,114,105,121,120,357,192,22,125,211,140,45,142,55,130,90,99,256,318,573,127,174,42,202,190,34,79,223,121,47,151,77,172,175,134,171,90,125
382,308,128,62,356,96,336,106,107,154,266,381,595,200,162,180,224,642,326,31,153,359,192,142,127,84,191,176,194,391,508,997,181,292,73,358,314,52,171,372,216,73,267,135,285,297,205,356,146,227
146,105,51,30,127,39,138,38,44,56,109,139,233,93,75,70,95,221,131,14,68,117,71,55,84,19,75,60,47,140,200,371,78,132,26,134,123,24,68,129,90,37,97,45,109,107,85,119,51,102
369,275,125,58,364,82,337,96,116,174,293,352,608,231,176,197,228,601,340,25,201,340,199,130,191,75,91,177,146,436,536,913,177,332,76,324,295,66,159,348,221,73,277,140,277,299,199,334,131,237
285,202,86,54,230,60,231,67,84,95,210,276,454,156,117,120,186,426,242,21,130,235,153,90,176,60,177,49,127,259,385,703,151,212,57,247,230,47,125,254,153,51,174,90,185,229,184,268,105,170
305,199,98,49,278,68,278,66,78,111,230,277,493,172,142,133,163,486,233,32,140,274,169,99,194,47,146,127,71,320,387,710,141,252,57,233,232,61,107,257,174,46,192,91,216,240,145,282,122,188
587,535,238,102,611,143,610,197,197,265,570,706,1127,444,303,344,463,1104,656,74,348,672,353,256,391,140,436,259,320,407,960,1754,330,563,135,656,589,107,290,651,396,130,474,215,495,588,387,615,220,439
668,653,275,120,784,163,712,217,247,314,595,883,1326,505,399,435,530,1329,718,88,441,737,447,318,508,200,536,385,387,960,539,2007,418,718,171,760,703,127,356,755,520,129,582,289,601,679,478,751,282,458
1112,1229,554,221,1406,280,1327,430,455,520,1152,1516,2404,887,768,863,982,2414,1425,170,791,1460,818,573,997,371,913,703,710,1754,2007,1805,710,1256,340,1462,1246,233,709,1496,954,273,1033,556,1154,1247,897,1462,471,888
234,237,99,37,288,58,256,70,80,106,231,306,496,198,156,171,191,473,281,33,147,263,166,127,181,78,177,151,141,330,418,710,64,250,60,271,258,48,135,286,175,57,214,98,232,250,159,280,105,168
493,415,191,74,464,96,484,153,163,184,418,530,817,331,220,251,317,850,488,54,274,481,265,174,292,132,332,212,252,563,718,1256,250,218,116,513,406,88,220,482,319,93,358,163,369,430,281,520,155,304
103,94,56,16,143,21,108,31,33,43,95,126,191,65,58,69,74,193,115,13,59,118,75,42,73,26,76,57,57,135,171,340,60,116,14,119,117,19,72,126,87,21,100,48,80,92,74,120,43,67
487,421,196,76,555,110,481,151,151,212,452,609,967,326,284,318,374,913,508,65,299,549,301,202,358,134,324,247,233,656,760,1462,271,513,119,271,525,73,250,584,332,105,387,201,450,496,341,550,191,343
504,421,195,76,494,110,464,140,178,188,380,492,843,307,238,262,342,804,475,61,269,480,295,190,314,123,295,230,232,589,703,1246,258,406,117,525,207,74,241,495,317,108,341,167,393,415,314,468,173,309
80,75,27,17,84,15,98,28,28,38,82,87,149,47,44,40,58,129,84,16,55,82,64,34,52,24,66,47,61,107,127,233,48,88,19,73,74,9,45,98,56,17,61,31,65,74,47,87,31,51
248,209,101,40,239,64,224,84,86,92,202,272,444,168,133,127,174,454,254,28,127,237,140,79,171,68,159,125,107,290,356,709,135,220,72,250,241,45,61,252,170,49,218,98,194,223,148,255,93,166
486,466,180,84,517,108,476,148,181,212,425,571,927,340,274,300,386,995,532,51,319,540,318,223,372,129,348,254,257,651,755,1496,286,482,126,584,495,98,252,296,336,102,402,213,401,461,347,526,191,332
317,271,143,54,328,75,319,94,104,133,292,381,591,207,182,207,243,598,307,44,183,324,200,121,216,90,221,153,174,396,520,954,175,319,87,332,317,56,170,336,93,74,237,100,250,297,209,378,109,239
98,80,40,16,90,19,89,31,36,45,92,127,190,69,64,73,67,186,100,10,57,99,65,47,73,37,73,51,46,130,129,273,57,93,21,105,108,17,49,102,74,11,81,41,77,83,70,94,39,62
352,325,162,56,395,87,326,128,136,151,317,420,683,250,197,226,258,658,400,46,216,418,253,151,267,97,277,174,192,474,582,1033,214,358,100,387,341,61,218,402,237,81,138,141,274,340,225,368,133,239
183,177,73,29,173,35,184,62,50,84,168,208,331,115,94,98,129,341,186,19,106,195,122,77,135,45,140,90,91,215,289,556,98,163,48,201,167,31,98,213,100,41,141,36,154,183,119,199,75,133
445,353,154,72,419,97,383,98,136,193,354,433,734,244,216,229,283,745,410,47,219,412,266,172,285,109,277,185,216,495,601,1154,232,369,80,450,393,65,194,401,250,77,274,154,176,349,231,432,175,272
422,395,190,72,491,108,415,133,137,198,402,539,846,311,267,277,330,844,451,49,227,487,269,175,297,107,299,229,240,588,679,1247,250,430,92,496,415,74,223,461,297,83,340,183,349,219,269,461,167,313
321,286,118,44,335,77,300,91,97,140,277,360,538,166,158,170,215,544,316,35,166,321,172,134,205,85,199,184,145,387,478,897,159,281,74,341,314,47,148,347,209,70,225,119,231,269,111,317,115,208
497,464,195,76,550,103,428,159,181,207,385,596,957,341,261,306,356,908,522,76,276,552,296,171,356,119,334,268,282,615,751,1462,280,520,120,550,468,87,255,526,378,94,368,199,432,461,317,253,195,352
166,174,65,29,183,39,200,45,58,70,146,197,316,124,89,114,138,336,191,15,95,197,124,90,146,51,131,105,122,220,282,471,105,155,43,191,173,31,93,191,109,39,133,75,175,167,115,195,23,126
376,296,145,61,328,79,313,99,110,133,273,387,629,218,183,196,248,595,311,54,179,326,196,125,227,102,237,170,188,439,458,888,168,304,67,343,309,51,166,332,239,62,239,133,272,313,208,352,126,108
