274,467,192,100,480,127,536,171,184,245,460,519,880,418,321,356,382,835,558,72,350,547,367,220,370,162,376,291,277,665,777,1212,220,523,116,564,497,84,265,454,312,122,409,191,444,448,375,500,163,377
467,181,185,76,455,99,454,145,133,205,393,521,826,291,224,224,326,815,445,54,237,430,283,174,297,105,302,213,248,506,640,1244,241,419,104,444,412,66,214,444,297,88,349,142,382,383,296,469,182,290
192,185,45,33,215,51,191,52,63,79,184,230,363,112,98,109,149,365,207,23,105,191,106,86,123,52,131,96,112,243,293,544,108,184,36,204,191,32,114,212,130,54,156,77,165,172,108,205,78,138
100,76,33,3,71,13,77,28,25,40,82,80,156,56,49,54,58,146,87,9,49,71,57,32,50,24,62,44,46,108,121,221,49,73,15,116,76,15,53,88,56,26,73,26,72,81,39,96,29,67
480,455,215,71,252,106,485,166,169,203,432,555,938,311,278,301,357,965,534,71,277,568,307,215,363,128,340,232,253,694,749,1445,301,459,118,528,479,94,283,575,371,101,382,213,452,484,319,524,199,354
127,99,51,13,106,10,104,30,31,41,101,110,200,86,57,73,104,180,121,16,82,117,60,47,75,40,87,44,66,146,156,291,64,103,20,162,110,15,70,105,82,30,88,39,97,102,55,117,32,82
536,454,191,77,485,104,210,140,144,194,432,535,873,308,268,296,369,847,480,54,281,480,279,197,336,132,312,223,228,563,761,1363,244,423,123,565,424,91,260,534,330,128,380,176,369,456,304,479,173,352
171,145,52,28,166,30,140,21,47,70,144,157,256,101,98,90,106,271,159,15,90,157,96,66,110,28,113,91,70,197,226,390,72,134,48,171,139,29,61,172,112,31,133,56,125,162,102,157,59,101
184,133,63,25,169,31,144,47,27,55,136,194,276,93,93,66,132,290,170,12,81,150,101,76,118,48,117,73,87,199,252,482,98,161,43,157,140,33,85,207,104,41,115,55,138,178,106,196,48,109
245,205,79,40,203,41,194,70,55,41,172,213,374,138,113,113,142,381,186,36,114,207,121,84,165,64,160,98,137,273,320,551,110,217,50,231,184,32,92,237,132,33,167,72,189,208,126,214,70,121
460,393,184,82,432,101,432,144,136,172,181,458,760,306,229,252,346,791,429,67,238,413,245,184,307,116,305,220,220,534,639,1068,222,427,96,458,398,83,218,450,252,83,361,161,337,368,270,427,139,297
519,521,230,80,555,110,535,157,194,213,458,299,1027,368,267,288,393,1050,590,68,310,608,312,237,351,117,370,256,271,695,880,1661,322,506,145,566,462,109,281,618,393,121,435,214,416,546,331,582,222,357
880,826,363,156,938,200,873,256,276,374,760,1027,834,591,479,532,681,1539,906,125,501,952,497,353,620,249,626,394,468,1140,1407,2496,489,891,225,992,820,174,472,946,640,187,695,345,747,842,582,974,310,614
418,291,112,56,311,86,308,101,93,138,306,368,591,102,180,173,251,602,339,40,190,346,197,127,224,79,200,140,164,413,552,873,180,325,65,343,303,53,175,368,197,69,245,117,253,278,188,339,114,268
321,224,98,49,278,57,268,98,93,113,229,267,479,180,73,154,197,497,263,34,129,274,170,120,171,74,188,126,130,311,409,748,149,237,58,258,257,42,136,268,169,55,221,107,224,232,151,286,97,186
356,224,109,54,301,73,296,90,66,113,252,288,532,173,154,96,204,527,282,37,155,284,168,124,176,80,198,144,157,337,433,820,165,301,65,286,254,41,143,301,196,70,223,101,242,239,175,312,108,177
382,326,149,58,357,104,369,106,132,142,346,393,681,251,197,204,121,630,363,47,205,360,222,163,253,82,244,185,184,427,567,1044,184,322,72,419,370,52,187,400,240,77,287,131,300,375,231,379,122,260
835,815,365,146,965,180,847,271,290,381,791,1050,1539,602,497,527,630,884,932,116,528,922,526,377,570,241,632,407,457,1144,1425,2517,498,876,208,998,817,187,477,1016,639,182,697,362,706,870,577,952,324,587
558,445,207,87,534,121,480,159,170,186,429,590,906,339,263,282,363,932,273,73,261,495,299,216,330,127,360,245,235,640,739,1410,250,461,113,541,504,86,265,566,369,108,411,198,410,464,316,547,184,343
72,54,23,9,71,16,54,15,12,36,67,68,125,40,34,37,47,116,73,3,29,66,47,32,42,25,40,23,37,92,83,163,45,49,18,53,56,7,26,75,40,15,51,18,60,57,35,69,26,44
350,237,105,49,277,82,281,90,81,114,238,310,501,190,129,155,205,528,261,29,65,267,157,99,162,52,175,132,129,375,413,772,142,283,72,290,243,37,139,280,169,65,198,95,188,260,153,297,108,186
547,430,191,71,568,117,480,157,150,207,413,608,952,346,274,284,360,922,495,66,267,250,328,196,361,138,377,232,273,668,770,1418,263,457,125,547,472,87,268,561,337,100,378,209,436,490,325,532,200,361
367,283,106,57,307,60,279,96,101,121,245,312,497,197,170,168,222,526,299,47,157,328,73,111,169,74,207,126,153,352,447,808,161,269,68,325,292,52,152,330,180,53,252,111,224,297,158,304,116,210
220,174,86,32,215,47,197,66,76,84,184,237,353,127,120,124,163,377,216,32,99,196,111,41,127,49,123,88,123,245,328,575,119,180,51,212,196,32,81,208,132,37,169,65,158,170,138,208,76,144
370,297,123,50,363,75,336,110,118,165,307,351,620,224,171,176,253,570,330,42,162,361,169,127,105,91,230,145,144,374,525,932,186,332,80,320,333,45,148,364,219,62,264,133,261,324,198,367,122,215
162,105,52,24,128,40,132,28,48,64,116,117,249,79,74,80,82,241,127,25,52,138,74,49,91,14,80,50,66,154,197,369,71,115,33,120,118,23,45,133,92,19,90,57,107,114,63,132,55,86
376,302,131,62,340,87,312,113,117,160,305,370,626,200,188,198,244,632,360,40,175,377,207,123,230,80,116,165,167,400,512,978,189,308,85,351,306,51,165,364,217,73,274,132,276,312,208,359,148,241
291,213,96,44,232,44,223,91,73,98,220,256,394,140,126,144,185,407,245,23,132,232,126,88,145,50,165,64,90,256,351,686,135,225,51,271,208,33,127,257,151,54,182,99,193,226,140,239,88,159
277,248,112,46,253,66,228,70,87,137,220,271,468,164,130,157,184,457,235,37,129,273,153,123,144,66,167,90,71,300,392,696,134,260,52,248,260,38,130,294,137,44,194,96,188,263,145,270,108,185
665,506,243,108,694,146,563,197,199,273,534,695,1140,413,311,337,427,1144,640,92,375,668,352,245,374,154,400,256,300,387,950,1885,345,600,158,658,599,128,312,695,409,132,509,240,490,644,378,662,266,418
777,640,293,121,749,156,761,226,252,320,639,880,1407,552,409,433,567,1425,739,83,413,770,447,328,525,197,512,351,392,950,608,2181,415,710,162,846,736,155,382,888,511,168,574,310,652,692,465,781,264,532
1212,1244,544,221,1445,291,1363,390,482,551,1068,1661,2496,873,748,820,1044,2517,1410,163,772,1418,808,575,932,369,978,686,696,1885,2181,2048,778,1333,356,1544,1293,251,670,1531,961,296,1043,566,1181,1280,902,1434,507,946
220,241,108,49,301,64,244,72,98,110,222,322,489,180,149,165,184,498,250,45,142,263,161,119,186,71,189,135,134,345,415,778,73,266,61,310,270,41,117,290,176,62,230,101,225,240,156,276,110,164
523,419,184,73,459,103,423,134,161,217,427,506,891,325,237,301,322,876,461,49,283,457,269,180,332,115,308,225,260,600,710,1333,266,214,98,526,427,79,240,533,320,97,407,185,409,433,308,484,142,336
116,104,36,15,118,20,123,48,43,50,96,145,225,65,58,65,72,208,113,18,72,125,68,51,80,33,85,51,52,158,162,356,61,98,17,112,103,21,64,149,82,25,102,48,98,114,85,107,53,76
564,444,204,116,528,162,565,171,157,231,458,566,992,343,258,286,419,998,541,53,290,547,325,212,320,120,351,271,248,658,846,1544,310,526,112,286,517,82,271,550,344,103,418,180,399,498,319,573,174,350
497,412,191,76,479,110,424,139,140,184,398,462,820,303,257,254,370,817,504,56,243,472,292,196,333,118,306,208,260,599,736,1293,270,427,103,517,209,75,239,501,318,98,385,175,397,413,327,495,169,328
84,66,32,15,94,15,91,29,33,32,83,109,174,53,42,41,52,187,86,7,37,87,52,32,45,23,51,33,38,128,155,251,41,79,21,82,75,6,48,116,55,14,76,38,73,84,60,102,35,48
265,214,114,53,283,70,260,61,85,92,218,281,472,175,136,143,187,477,265,26,139,268,152,81,148,45,165,127,130,312,382,670,117,240,64,271,239,48,52,256,166,48,200,104,199,232,182,265,93,165
454,444,212,88,575,105,534,172,207,237,450,618,946,368,268,301,400,1016,566,75,280,561,330,208,364,133,364,257,294,695,888,1531,290,533,149,550,501,116,256,318,389,117,406,203,470,521,383,554,220,355
312,297,130,56,371,82,330,112,104,132,252,393,640,197,169,196,240,639,369,40,169,337,180,132,219,92,217,151,137,409,511,961,176,320,82,344,318,55,166,389,113,75,271,115,273,294,229,345,133,207
122,88,54,26,101,30,128,31,41,33,83,121,187,69,55,70,77,182,108,15,65,100,53,37,62,19,73,54,44,132,168,296,62,97,25,103,98,14,48,117,75,11,90,57,80,105,66,106,42,61
409,349,156,73,382,88,380,133,115,167,361,435,695,245,221,223,287,697,411,51,198,378,252,169,264,90,274,182,194,509,574,1043,230,407,102,418,385,76,200,406,271,90,163,144,317,357,262,406,147,253
191,142,77,26,213,39,176,56,55,72,161,214,345,117,107,101,131,362,198,18,95,209,111,65,133,57,132,99,96,240,310,566,101,185,48,180,175,38,104,203,115,57,144,36,138,174,112,187,81,127
444,382,165,72,452,97,369,125,138,189,337,416,747,253,224,242,300,706,410,60,188,436,224,158,261,107,276,193,188,490,652,1181,225,409,98,399,397,73,199,470,273,80,317,138,172,384,249,423,161,265
448,383,172,81,484,102,456,162,178,208,368,546,842,278,232,239,375,870,464,57,260,490,297,170,324,114,312,226,263,644,692,1280,240,433,114,498,413,84,232,521,294,105,357,174,384,202,274,501,174,325
375,296,108,39,319,55,304,102,106,126,270,331,582,188,151,175,231,577,316,35,153,325,158,138,198,63,208,140,145,378,465,902,156,308,85,319,327,60,182,383,229,66,262,112,249,274,98,330,115,206
500,469,205,96,524,117,479,157,196,214,427,582,974,339,286,312,379,952,547,69,297,532,304,208,367,132,359,239,270,662,781,1434,276,484,107,573,495,102,265,554,345,106,406,187,423,501,330,267,169,370
163,182,78,29,199,32,173,59,48,70,139,222,310,114,97,108,122,324,184,26,108,200,116,76,122,55,148,88,108,266,264,507,110,142,53,174,169,35,93,220,133,42,147,81,161,174,115,169,21,107
377,290,138,67,354,82,352,101,109,121,297,357,614,268,186,177,260,587,343,44,186,361,210,144,215,86,241,159,185,418,532,946,164,336,76,350,328,48,165,355,207,61,253,127,265,325,206,370,107,116
