261,446,211,86,507,120,466,210,175,248,460,505,780,375,304,329,379,794,497,70,317,444,303,195,378,157,380,299,322,606,656,1115,233,508,113,514,465,84,251,446,333,102,359,173,429,412,314,498,164,366
446,158,150,69,462,75,372,131,118,177,375,498,773,281,227,231,289,755,454,49,241,450,222,162,272,108,264,197,206,494,709,1192,247,353,83,483,374,92,225,423,284,92,305,156,336,446,263,428,153,321
211,150,43,37,195,37,186,57,60,91,184,211,345,134,87,89,144,368,185,26,105,192,105,74,122,34,105,87,97,260,310,559,97,176,50,217,179,39,109,204,122,39,143,76,152,197,120,211,72,148
86,69,37,4,73,17,76,25,33,37,71,81,128,54,39,54,50,143,78,8,47,80,45,35,64,21,67,41,47,113,114,208,35,79,13,72,69,10,41,78,58,19,75,30,71,61,52,79,26,55
507,462,195,73,264,87,476,162,162,223,429,585,891,332,260,273,378,933,571,77,281,541,290,198,330,140,369,250,262,639,833,1427,294,487,111,549,419,100,278,551,302,104,367,216,424,487,329,528,192,385
120,75,37,17,87,11,104,43,36,47,91,121,189,85,65,74,90,177,108,10,66,118,72,39,72,28,83,51,59,139,174,286,60,118,27,110,98,20,64,122,75,28,82,34,87,86,66,118,48,73
466,372,186,76,476,104,232,152,168,207,402,538,839,321,252,281,360,842,447,54,275,498,290,197,320,116,319,241,265,630,754,1320,258,484,114,528,437,96,231,501,310,91,382,195,367,408,314,467,181,351
210,131,57,25,162,43,152,29,52,61,144,181,305,110,89,106,116,294,159,16,69,162,93,65,101,52,100,75,75,208,220,408,69,162,43,160,134,12,79,158,100,32,136,51,124,145,94,160,57,107
175,118,60,33,162,36,168,52,32,85,147,184,284,111,76,96,119,298,154,25,73,172,99,59,91,45,100,74,88,194,259,445,76,168,31,165,159,32,94,169,113,29,136,44,122,153,91,166,62,133
248,177,91,37,223,47,207,61,85,45,162,205,395,151,121,121,169,370,203,26,120,242,131,100,155,50,160,93,120,261,309,565,110,207,44,172,206,42,107,204,141,45,132,80,191,196,128,228,66,162
460,375,184,71,429,91,402,144,147,162,177,466,766,291,223,241,340,721,393,62,247,448,291,186,307,109,318,213,239,489,630,1196,222,416,92,453,407,82,228,433,261,83,303,163,371,389,233,418,165,328
505,498,211,81,585,121,538,181,184,205,466,311,1021,364,279,297,378,986,594,67,319,582,311,232,370,147,397,240,270,678,844,1587,310,489,124,567,539,96,258,625,401,110,412,230,449,500,370,568,221,347
780,773,345,128,891,189,839,305,284,395,766,1021,819,564,485,535,652,1468,897,109,522,877,549,316,610,210,581,416,458,1143,1371,2365,474,831,217,987,838,145,472,924,615,204,627,350,689,850,513,941,336,618
375,281,134,54,332,85,321,110,111,151,291,364,564,98,162,201,224,609,313,32,204,297,178,124,201,73,232,148,180,405,510,917,176,323,73,318,300,70,182,373,197,70,275,131,244,289,178,366,114,241
304,227,87,39,260,65,252,89,76,121,223,279,485,162,65,130,211,473,279,32,146,285,165,99,161,76,169,121,155,298,430,733,152,268,57,275,234,49,132,277,184,50,212,108,195,257,156,284,100,206
329,231,89,54,273,74,281,106,96,121,241,297,535,201,130,69,205,510,296,38,154,289,174,112,186,58,184,129,149,343,417,775,145,259,62,280,249,51,134,325,202,52,242,105,208,279,183,322,117,205
379,289,144,50,378,90,360,116,119,169,340,378,652,224,211,205,127,650,344,54,209,390,214,153,269,97,255,191,195,480,546,1009,187,349,74,395,304,53,183,387,240,69,287,129,299,345,239,383,135,236
794,755,368,143,933,177,842,294,298,370,721,986,1468,609,473,510,650,840,916,123,487,910,572,344,623,236,633,430,480,1118,1416,2348,487,899,217,999,869,136,488,944,594,207,633,324,719,778,531,964,325,614
497,454,185,78,571,108,447,159,154,203,393,594,897,313,279,296,344,916,233,70,284,461,318,204,356,139,356,245,283,650,791,1388,277,528,113,549,471,88,255,562,367,100,377,187,383,471,330,494,209,348
70,49,26,8,77,10,54,16,25,26,62,67,109,32,32,38,54,123,70,2,35,70,35,25,47,19,57,29,35,82,104,161,42,54,7,65,57,10,25,80,32,11,52,37,60,55,44,66,26,39
317,241,105,47,281,66,275,69,73,120,247,319,522,204,146,154,209,487,284,35,84,298,182,109,206,77,176,108,148,341,396,798,154,268,57,251,245,45,126,304,182,68,222,107,216,232,182,309,114,189
444,450,192,80,541,118,498,162,172,242,448,582,877,297,285,289,390,910,461,70,298,264,315,218,312,147,363,258,265,671,792,1431,261,483,118,550,468,102,276,583,369,118,375,191,420,474,332,519,190,371
303,222,105,45,290,72,290,93,99,131,291,311,549,178,165,174,214,572,318,35,182,315,89,105,181,96,197,138,168,359,465,880,141,306,56,306,265,45,157,319,204,66,235,124,208,293,173,332,112,219
195,162,74,35,198,39,197,65,59,100,186,232,316,124,99,112,153,344,204,25,109,218,105,41,129,52,150,97,110,227,297,547,108,209,53,222,190,35,99,208,136,44,151,89,161,164,124,207,76,152
378,272,122,64,330,72,320,101,91,155,307,370,610,201,161,186,269,623,356,47,206,312,181,129,90,80,204,164,175,386,500,889,152,313,57,341,310,62,158,339,238,76,272,109,243,269,189,320,106,268
157,108,34,21,140,28,116,52,45,50,109,147,210,73,76,58,97,236,139,19,77,147,96,52,80,16,77,61,62,154,201,362,67,111,24,132,140,25,65,154,89,27,102,52,111,132,73,142,49,83
380,264,105,67,369,83,319,100,100,160,318,397,581,232,169,184,255,633,356,57,176,363,197,150,204,77,112,138,168,401,540,947,175,318,76,347,325,54,182,358,210,63,240,126,284,332,204,339,115,233
299,197,87,41,250,51,241,75,74,93,213,240,416,148,121,129,191,430,245,29,108,258,138,97,164,61,138,51,114,270,367,664,125,214,55,235,211,45,127,263,145,40,197,83,201,238,140,212,84,169
322,206,97,47,262,59,265,75,88,120,239,270,458,180,155,149,195,480,283,35,148,265,168,110,175,62,168,114,61,304,390,697,150,257,57,248,244,40,137,288,167,46,193,89,236,225,167,286,102,186
606,494,260,113,639,139,630,208,194,261,489,678,1143,405,298,343,480,1118,650,82,341,671,359,227,386,154,401,270,304,361,1020,1755,322,587,148,696,591,109,347,661,361,145,458,235,497,618,404,651,226,423
656,709,310,114,833,174,754,220,259,309,630,844,1371,510,430,417,546,1416,791,104,396,792,465,297,500,201,540,367,390,1020,594,2085,391,726,174,841,664,119,384,817,523,166,589,274,626,720,486,754,291,524
1115,1192,559,208,1427,286,1320,408,445,565,1196,1587,2365,917,733,775,1009,2348,1388,161,798,1431,880,547,889,362,947,664,697,1755,2085,1838,698,1285,315,1510,1322,222,684,1424,985,274,970,533,1096,1232,910,1425,474,938
233,247,97,35,294,60,258,69,76,110,222,310,474,176,152,145,187,487,277,42,154,261,141,108,152,67,175,125,150,322,391,698,71,240,38,298,255,36,138,294,178,60,187,119,222,253,151,277,88,194
508,353,176,79,487,118,484,162,168,207,416,489,831,323,268,259,349,899,528,54,268,483,306,209,313,111,318,214,257,587,726,1285,240,235,118,497,393,78,252,519,308,103,371,177,373,394,294,451,188,347
113,83,50,13,111,27,114,43,31,44,92,124,217,73,57,62,74,217,113,7,57,118,56,53,57,24,76,55,57,148,174,315,38,118,20,116,106,18,51,136,76,23,83,37,103,93,70,115,34,67
514,483,217,72,549,110,528,160,165,172,453,567,987,318,275,280,395,999,549,65,251,550,306,222,341,132,347,235,248,696,841,1510,298,497,116,287,503,74,276,572,353,96,406,189,412,470,320,553,173,327
465,374,179,69,419,98,437,134,159,206,407,539,838,300,234,249,304,869,471,57,245,468,265,190,310,140,325,211,244,591,664,1322,255,393,106,503,209,91,235,501,303,113,343,189,349,410,300,464,168,328
84,92,39,10,100,20,96,12,32,42,82,96,145,70,49,51,53,136,88,10,45,102,45,35,62,25,54,45,40,109,119,222,36,78,18,74,91,4,31,94,53,15,54,32,96,79,59,88,34,61
251,225,109,41,278,64,231,79,94,107,228,258,472,182,132,134,183,488,255,25,126,276,157,99,158,65,182,127,137,347,384,684,138,252,51,276,235,31,56,279,143,42,200,87,195,228,157,247,86,181
446,423,204,78,551,122,501,158,169,204,433,625,924,373,277,325,387,944,562,80,304,583,319,208,339,154,358,263,288,661,817,1424,294,519,136,572,501,94,279,286,356,120,378,237,454,505,344,565,197,388
333,284,122,58,302,75,310,100,113,141,261,401,615,197,184,202,240,594,367,32,182,369,204,136,238,89,210,145,167,361,523,985,178,308,76,353,303,53,143,356,100,77,235,112,255,329,205,336,120,216
102,92,39,19,104,28,91,32,29,45,83,110,204,70,50,52,69,207,100,11,68,118,66,44,76,27,63,40,46,145,166,274,60,103,23,96,113,15,42,120,77,6,79,31,86,93,70,116,46,62
359,305,143,75,367,82,382,136,136,132,303,412,627,275,212,242,287,633,377,52,222,375,235,151,272,102,240,197,193,458,589,970,187,371,83,406,343,54,200,378,235,79,128,141,288,377,278,401,124,254
173,156,76,30,216,34,195,51,44,80,163,230,350,131,108,105,129,324,187,37,107,191,124,89,109,52,126,83,89,235,274,533,119,177,37,189,189,32,87,237,112,31,141,33,155,198,119,181,81,136
429,336,152,71,424,87,367,124,122,191,371,449,689,244,195,208,299,719,383,60,216,420,208,161,243,111,284,201,236,497,626,1096,222,373,103,412,349,96,195,454,255,86,288,155,163,344,220,407,143,310
412,446,197,61,487,86,408,145,153,196,389,500,850,289,257,279,345,778,471,55,232,474,293,164,269,132,332,238,225,618,720,1232,253,394,93,470,410,79,228,505,329,93,377,198,344,183,280,509,161,296
314,263,120,52,329,66,314,94,91,128,233,370,513,178,156,183,239,531,330,44,182,332,173,124,189,73,204,140,167,404,486,910,151,294,70,320,300,59,157,344,205,70,278,119,220,280,90,332,109,229
498,428,211,79,528,118,467,160,166,228,418,568,941,366,284,322,383,964,494,66,309,519,332,207,320,142,339,212,286,651,754,1425,277,451,115,553,464,88,247,565,336,116,401,181,407,509,332,275,167,376
164,153,72,26,192,48,181,57,62,66,165,221,336,114,100,117,135,325,209,26,114,190,112,76,106,49,115,84,102,226,291,474,88,188,34,173,168,34,86,197,120,46,124,81,143,161,109,167,37,141
366,321,148,55,385,73,351,107,133,162,328,347,618,241,206,205,236,614,348,39,189,371,219,152,268,83,233,169,186,423,524,938,194,347,67,327,328,61,181,388,216,62,254,136,310,296,229,376,141,124
