249,447,202,92,556,104,448,168,199,251,477,517,830,361,324,357,381,792,503,74,343,494,354,205,392,149,362,312,303,579,667,1184,247,518,91,519,471,83,267,438,326,95,388,163,394,393,314,470,166,364
447,156,154,76,449,109,398,128,152,189,363,460,749,273,221,226,292,755,423,62,221,408,245,156,292,105,260,207,222,554,677,1237,234,416,101,431,389,63,223,442,269,79,318,146,346,409,274,493,166,290
202,154,42,32,215,46,194,65,60,77,160,202,368,137,106,106,146,340,198,32,122,213,131,76,126,48,119,87,96,249,297,550,108,179,42,206,169,35,110,219,119,42,162,82,171,192,130,221,69,137
92,76,32,9,86,15,78,27,25,36,71,95,152,61,47,49,65,141,101,15,43,89,49,34,48,24,44,41,49,95,112,199,35,98,13,96,98,8,40,61,56,20,56,26,69,74,48,72,28,56
556,449,215,86,248,116,478,163,166,213,393,555,899,354,267,298,360,912,512,63,280,512,302,219,326,142,352,223,249,672,783,1460,285,484,115,559,495,82,252,559,293,93,387,215,422,472,310,541,187,365
104,109,46,15,116,9,103,36,38,39,82,127,193,87,69,76,79,196,116,15,58,113,65,44,72,28,62,54,57,131,145,283,69,122,26,110,104,19,62,97,87,27,76,34,89,100,68,110,39,64
448,398,194,78,478,103,223,133,173,185,378,520,861,272,258,283,335,852,505,68,288,491,306,182,321,131,307,231,242,638,714,1240,246,439,100,497,402,83,254,490,323,106,379,180,392,428,311,472,161,308
168,128,65,27,163,36,133,20,55,59,129,163,269,85,87,95,108,285,137,17,73,146,89,65,112,43,113,79,78,194,242,433,84,134,34,172,148,22,62,163,101,27,117,45,125,137,95,152,53,100
199,152,60,25,166,38,173,55,32,71,148,183,327,110,85,93,141,286,186,20,86,179,105,85,103,40,111,87,89,220,263,468,95,176,32,166,175,28,76,179,112,24,117,82,134,144,102,152,64,123
251,189,77,36,213,39,185,59,71,50,150,220,367,158,114,126,171,382,222,21,125,220,124,81,139,62,138,94,99,247,341,574,107,189,40,203,186,31,106,225,133,42,172,69,145,200,131,231,66,135
477,363,160,71,393,82,378,129,148,150,170,466,765,271,223,247,305,749,436,55,256,436,268,168,268,160,334,198,199,546,688,1140,223,373,99,471,394,74,212,433,274,85,333,161,335,367,257,456,128,279
517,460,202,95,555,127,520,163,183,220,466,279,978,399,294,307,378,1038,578,77,306,604,355,228,380,135,377,244,268,686,830,1535,308,518,146,590,529,102,265,609,354,105,411,203,479,538,383,569,213,398
830,749,368,152,899,193,861,269,327,367,765,978,806,610,509,513,664,1447,931,109,506,970,553,373,600,217,611,415,502,1081,1332,2364,471,814,182,975,817,155,446,941,619,188,675,352,748,768,602,915,331,652
361,273,137,61,354,87,272,85,110,158,271,399,610,102,157,171,233,561,331,39,193,339,211,124,195,82,189,158,163,390,488,903,168,327,86,319,289,52,144,334,223,54,265,122,246,286,205,327,109,238
324,221,106,47,267,69,258,87,85,114,223,294,509,157,70,120,192,518,263,39,139,267,149,96,166,64,156,141,119,366,388,728,131,273,58,275,259,36,129,286,169,43,222,93,193,237,188,300,106,178
357,226,106,49,298,76,283,95,93,126,247,307,513,171,120,74,224,529,294,45,153,293,187,124,176,82,179,142,140,371,428,805,141,268,60,284,271,35,152,304,190,51,231,104,210,256,215,303,112,194
381,292,146,65,360,79,335,108,141,171,305,378,664,233,192,224,138,646,365,49,211,344,245,133,239,102,265,196,196,479,528,1005,205,352,83,358,322,65,168,403,232,69,296,129,301,328,219,361,137,239
792,755,340,141,912,196,852,285,286,382,749,1038,1447,561,518,529,646,794,933,105,490,922,550,364,651,241,642,437,466,1090,1366,2363,480,849,209,938,834,145,448,933,624,195,652,336,739,845,556,898,328,647
503,423,198,101,512,116,505,137,186,222,436,578,931,331,263,294,365,933,250,74,308,461,316,212,328,118,334,269,252,645,779,1387,285,462,100,524,488,71,233,574,331,104,420,197,405,443,307,523,188,339
74,62,32,15,63,15,68,17,20,21,55,77,109,39,39,45,49,105,74,4,34,73,34,31,38,20,44,27,25,81,113,160,29,62,13,66,65,10,34,62,38,16,53,23,54,55,45,63,18,41
343,221,122,43,280,58,288,73,86,125,256,306,506,193,139,153,211,490,308,34,74,318,158,127,187,72,182,157,159,343,387,789,143,274,63,263,247,41,139,269,175,63,212,99,235,240,178,319,102,214
494,408,213,89,512,113,491,146,179,220,436,604,970,339,267,293,344,922,461,73,318,261,317,213,350,132,333,279,254,658,818,1358,275,454,115,502,447,76,241,530,332,104,394,187,415,431,313,532,184,375
354,245,131,49,302,65,306,89,105,124,268,355,553,211,149,187,245,550,316,34,158,317,96,110,209,79,201,139,137,366,437,864,154,284,75,301,268,43,159,316,191,55,245,113,230,272,202,342,125,222
205,156,76,34,219,44,182,65,85,81,168,228,373,124,96,124,133,364,212,31,127,213,110,42,134,56,125,97,98,280,318,537,94,188,65,212,194,25,98,175,128,44,172,81,146,170,116,214,87,150
392,292,126,48,326,72,321,112,103,139,268,380,600,195,166,176,239,651,328,38,187,350,209,134,124,84,212,162,137,416,502,939,186,301,77,387,308,61,179,338,237,65,278,119,244,298,199,354,150,247
149,105,48,24,142,28,131,43,40,62,160,135,217,82,64,82,102,241,118,20,72,132,79,56,84,15,74,55,59,166,197,364,65,109,27,139,140,21,69,124,91,28,98,52,102,132,61,131,49,93
362,260,119,44,352,62,307,113,111,138,334,377,611,189,156,179,265,642,334,44,182,333,201,125,212,74,109,145,146,445,491,949,180,304,83,363,316,48,172,326,231,76,269,133,261,309,212,342,138,235
312,207,87,41,223,54,231,79,87,94,198,244,415,158,141,142,196,437,269,27,157,279,139,97,162,55,145,46,122,279,344,662,133,204,65,256,218,45,134,226,132,45,199,85,200,211,142,256,100,172
303,222,96,49,249,57,242,78,89,99,199,268,502,163,119,140,196,466,252,25,159,254,137,98,137,59,146,122,65,362,397,730,148,220,65,257,236,37,111,263,161,69,201,97,193,233,160,273,99,190
579,554,249,95,672,131,638,194,220,247,546,686,1081,390,366,371,479,1090,645,81,343,658,366,280,416,166,445,279,362,371,916,1732,339,583,147,672,588,105,330,709,434,136,470,262,544,539,424,666,225,427
667,677,297,112,783,145,714,242,263,341,688,830,1332,488,388,428,528,1366,779,113,387,818,437,318,502,197,491,344,397,916,568,2080,409,723,169,818,719,116,380,777,487,155,599,292,605,650,501,774,275,520
1184,1237,550,199,1460,283,1240,433,468,574,1140,1535,2364,903,728,805,1005,2363,1387,160,789,1358,864,537,939,364,949,662,730,1732,2080,1858,735,1272,314,1519,1253,249,684,1452,885,271,1021,521,1112,1292,844,1416,497,961
247,234,108,35,285,69,246,84,95,107,223,308,471,168,131,141,205,480,285,29,143,275,154,94,186,65,180,133,148,339,409,735,78,253,71,294,234,41,138,290,177,50,208,114,236,260,188,272,99,177
518,416,179,98,484,122,439,134,176,189,373,518,814,327,273,268,352,849,462,62,274,454,284,188,301,109,304,204,220,583,723,1272,253,236,108,480,464,68,245,490,315,105,377,211,381,407,270,475,187,333
91,101,42,13,115,26,100,34,32,40,99,146,182,86,58,60,83,209,100,13,63,115,75,65,77,27,83,65,65,147,169,314,71,108,15,119,90,18,50,105,67,21,89,46,99,96,74,109,36,75
519,431,206,96,559,110,497,172,166,203,471,590,975,319,275,284,358,938,524,66,263,502,301,212,387,139,363,256,257,672,818,1519,294,480,119,280,517,88,267,591,350,98,418,182,402,466,344,544,183,342
471,389,169,98,495,104,402,148,175,186,394,529,817,289,259,271,322,834,488,65,247,447,268,194,308,140,316,218,236,588,719,1253,234,464,90,517,227,67,237,476,299,81,370,189,366,423,298,447,181,307
83,63,35,8,82,19,83,22,28,31,74,102,155,52,36,35,65,145,71,10,41,76,43,25,61,21,48,45,37,105,116,249,41,68,18,88,67,7,39,102,67,20,58,32,64,75,54,92,44,54
267,223,110,40,252,62,254,62,76,106,212,265,446,144,129,152,168,448,233,34,139,241,159,98,179,69,172,134,111,330,380,684,138,245,50,267,237,39,57,236,153,48,187,82,192,230,160,259,84,159
438,442,219,61,559,97,490,163,179,225,433,609,941,334,286,304,403,933,574,62,269,530,316,175,338,124,326,226,263,709,777,1452,290,490,105,591,476,102,236,304,334,108,401,192,415,488,352,569,206,316
326,269,119,56,293,87,323,101,112,133,274,354,619,223,169,190,232,624,331,38,175,332,191,128,237,91,231,132,161,434,487,885,177,315,67,350,299,67,153,334,103,69,235,133,286,300,218,391,128,201
95,79,42,20,93,27,106,27,24,42,85,105,188,54,43,51,69,195,104,16,63,104,55,44,65,28,76,45,69,136,155,271,50,105,21,98,81,20,48,108,69,14,64,32,92,101,57,118,26,64
388,318,162,56,387,76,379,117,117,172,333,411,675,265,222,231,296,652,420,53,212,394,245,172,278,98,269,199,201,470,599,1021,208,377,89,418,370,58,187,401,235,64,133,131,324,356,237,395,156,254
163,146,82,26,215,34,180,45,82,69,161,203,352,122,93,104,129,336,197,23,99,187,113,81,119,52,133,85,97,262,292,521,114,211,46,182,189,32,82,192,133,32,131,37,152,166,111,213,90,126
394,346,171,69,422,89,392,125,134,145,335,479,748,246,193,210,301,739,405,54,235,415,230,146,244,102,261,200,193,544,605,1112,236,381,99,402,366,64,192,415,286,92,324,152,162,366,251,435,149,312
393,409,192,74,472,100,428,137,144,200,367,538,768,286,237,256,328,845,443,55,240,431,272,170,298,132,309,211,233,539,650,1292,260,407,96,466,423,75,230,488,300,101,356,166,366,219,297,461,174,282
314,274,130,48,310,68,311,95,102,131,257,383,602,205,188,215,219,556,307,45,178,313,202,116,199,61,212,142,160,424,501,844,188,270,74,344,298,54,160,352,218,57,237,111,251,297,107,331,125,213
470,493,221,72,541,110,472,152,152,231,456,569,915,327,300,303,361,898,523,63,319,532,342,214,354,131,342,256,273,666,774,1416,272,475,109,544,447,92,259,569,391,118,395,213,435,461,331,258,179,370
166,166,69,28,187,39,161,53,64,66,128,213,331,109,106,112,137,328,188,18,102,184,125,87,150,49,138,100,99,225,275,497,99,187,36,183,181,44,84,206,128,26,156,90,149,174,125,179,33,130
364,290,137,56,365,64,308,100,123,135,279,398,652,238,178,194,239,647,339,41,214,375,222,150,247,93,235,172,190,427,520,961,177,333,75,342,307,54,159,316,201,64,254,126,312,282,213,370,130,107
