267,434,202,81,498,100,485,192,161,240,418,549,822,391,327,338,392,797,484,64,316,502,356,200,358,144,383,299,298,579,693,1207,246,460,98,499,484,84,253,432,315,109,381,180,442,401,316,538,160,375
434,161,150,76,430,115,406,115,133,169,382,490,803,266,218,235,263,768,411,50,238,454,262,177,288,116,274,181,250,554,673,1185,242,395,106,471,385,84,186,441,268,82,329,125,361,410,271,433,156,285
202,150,34,27,191,42,192,52,54,75,162,221,376,122,97,95,126,344,200,18,118,207,109,81,117,61,122,80,99,249,328,583,103,192,46,190,204,39,100,243,142,53,169,64,157,201,100,212,73,131
81,76,27,4,80,17,78,26,26,47,75,89,134,60,52,65,51,137,76,11,42,82,43,33,62,13,55,44,43,98,107,207,43,87,17,100,67,13,46,94,64,23,66,41,60,71,64,73,33,74
498,430,191,80,237,105,490,149,161,203,427,592,862,332,247,282,368,857,517,61,297,515,308,230,332,121,361,245,233,609,801,1419,263,452,119,556,464,76,260,546,352,112,386,196,383,464,305,513,185,345
100,115,42,17,105,11,105,41,36,56,112,128,184,75,68,73,68,181,112,13,58,102,62,52,76,26,81,43,56,137,162,270,64,97,25,128,100,22,56,121,76,24,92,53,88,88,72,115,38,87
485,406,192,78,490,105,207,148,135,209,398,569,813,306,260,281,332,824,499,66,269,486,290,202,303,132,341,219,257,577,671,1290,244,484,123,515,431,88,241,507,306,82,370,193,341,441,302,449,177,354
192,115,52,26,149,41,148,30,49,69,124,164,250,94,75,88,110,293,141,23,84,164,89,68,88,24,100,76,65,183,242,423,77,149,35,158,145,17,82,160,82,23,125,64,118,161,89,160,61,123
161,133,54,26,161,36,135,49,20,69,136,171,281,114,90,100,103,272,160,28,87,189,99,76,110,43,113,86,96,210,247,471,91,159,34,171,141,29,98,168,115,26,144,55,127,140,100,161,49,91
240,169,75,47,203,56,209,69,69,44,180,195,336,146,113,121,147,361,210,23,114,211,118,88,133,57,135,87,108,241,291,558,112,191,46,226,203,35,114,224,127,40,155,69,174,178,141,198,70,152
418,382,162,75,427,112,398,124,136,180,190,440,752,300,230,245,319,750,436,57,243,431,261,152,263,112,276,179,217,561,589,1146,241,401,78,449,401,70,200,449,285,83,349,163,335,378,276,398,130,286
549,490,221,89,592,128,569,164,171,195,440,277,1008,351,322,328,417,1033,605,70,313,593,357,203,370,138,384,261,286,718,867,1580,327,539,122,600,498,91,314,610,367,115,402,213,463,511,345,582,215,372
822,803,376,134,862,184,813,250,281,336,752,1008,804,572,475,490,622,1461,939,115,517,902,558,362,636,225,635,405,437,1118,1360,2435,500,800,200,1012,829,156,457,937,605,173,644,350,725,859,564,977,327,573
391,266,122,60,332,75,306,94,114,146,300,351,572,108,180,192,234,562,346,43,205,363,204,135,219,75,217,136,182,401,508,903,190,346,84,343,339,51,145,364,217,80,245,122,259,304,198,336,141,235
327,218,97,52,247,68,260,75,90,113,230,322,475,180,60,131,197,481,266,30,144,278,155,120,186,57,175,140,137,313,397,748,124,234,57,266,263,45,135,300,185,44,219,102,216,237,159,291,97,178
338,235,95,65,282,73,281,88,100,121,245,328,490,192,131,80,237,505,292,34,154,280,154,122,195,69,200,146,161,338,401,813,137,280,71,289,285,52,128,309,187,52,229,107,226,264,175,293,104,202
392,263,126,51,368,68,332,110,103,147,319,417,622,234,197,237,145,634,368,46,189,371,214,153,234,91,232,178,224,454,565,994,192,319,91,374,332,64,191,379,238,80,290,156,297,322,224,366,132,258
797,768,344,137,857,181,824,293,272,361,750,1033,1461,562,481,505,634,806,910,119,529,884,576,337,589,208,612,383,467,1095,1312,2439,501,793,193,988,824,164,461,961,614,200,643,345,693,851,570,929,305,564
484,411,200,76,517,112,499,141,160,210,436,605,939,346,266,292,368,910,243,57,282,457,289,201,329,128,322,233,243,630,793,1423,291,461,93,496,502,91,239,565,299,97,406,218,402,451,323,525,177,344
64,50,18,11,61,13,66,23,28,23,57,70,115,43,30,34,46,119,57,2,31,61,32,28,42,16,37,27,23,81,97,180,37,48,11,51,57,11,25,69,52,17,57,18,45,62,30,58,28,37
316,238,118,42,297,58,269,84,87,114,243,313,517,205,144,154,189,529,282,31,70,297,163,109,170,67,166,117,123,365,401,818,188,256,58,269,260,29,175,304,185,48,229,101,237,257,205,281,115,209
502,454,207,82,515,102,486,164,189,211,431,593,902,363,278,280,371,884,457,61,297,247,313,223,327,133,347,250,274,631,755,1457,275,467,111,538,461,85,247,524,320,111,401,189,420,465,316,528,190,354
356,262,109,43,308,62,290,89,99,118,261,357,558,204,155,154,214,576,289,32,163,313,83,130,213,75,224,148,150,358,457,877,163,274,64,298,271,48,137,320,193,50,212,109,251,285,201,315,113,209
200,177,81,33,230,52,202,68,76,88,152,203,362,135,120,122,153,337,201,28,109,223,130,34,128,67,145,96,105,255,282,546,97,173,52,235,183,39,99,196,122,49,149,67,164,195,119,202,76,140
358,288,117,62,332,76,303,88,110,133,263,370,636,219,186,195,234,589,329,42,170,327,213,128,131,89,215,141,171,422,494,961,209,300,69,338,316,42,162,339,246,63,281,130,284,292,214,362,120,220
144,116,61,13,121,26,132,24,43,57,112,138,225,75,57,69,91,208,128,16,67,133,75,67,89,23,87,56,62,161,216,375,59,102,24,135,127,14,57,127,69,24,107,43,124,111,71,127,36,92
383,274,122,55,361,81,341,100,113,135,276,384,635,217,175,200,232,612,322,37,166,347,224,145,215,87,126,150,184,444,512,984,172,298,67,357,309,57,153,341,229,71,254,107,296,331,201,354,128,203
299,181,80,44,245,43,219,76,86,87,179,261,405,136,140,146,178,383,233,27,117,250,148,96,141,56,150,56,120,299,361,688,135,230,67,249,229,40,122,248,144,42,183,94,167,200,136,255,85,174
298,250,99,43,233,56,257,65,96,108,217,286,437,182,137,161,224,467,243,23,123,274,150,105,171,62,184,120,55,307,394,748,143,233,63,243,234,41,118,255,157,54,188,75,205,243,160,262,117,199
579,554,249,98,609,137,577,183,210,241,561,718,1118,401,313,338,454,1095,630,81,365,631,358,255,422,161,444,299,307,377,893,1831,359,580,144,625,607,112,314,684,416,134,479,236,486,573,386,688,223,415
693,673,328,107,801,162,671,242,247,291,589,867,1360,508,397,401,565,1312,793,97,401,755,457,282,494,216,512,361,394,893,587,2077,414,682,154,803,706,144,403,798,468,147,572,261,614,672,471,804,264,489
1207,1185,583,207,1419,270,1290,423,471,558,1146,1580,2435,903,748,813,994,2439,1423,180,818,1457,877,546,961,375,984,688,748,1831,2077,1849,767,1251,302,1556,1256,242,716,1509,992,288,1068,551,1095,1317,900,1419,481,928
246,242,103,43,263,64,244,77,91,112,241,327,500,190,124,137,192,501,291,37,188,275,163,97,209,59,172,135,143,359,414,767,78,213,58,306,249,40,139,292,190,59,216,89,223,263,175,287,87,194
460,395,192,87,452,97,484,149,159,191,401,539,800,346,234,280,319,793,461,48,256,467,274,173,300,102,298,230,233,580,682,1251,213,213,110,474,459,82,226,489,310,92,340,169,394,440,304,488,169,296
98,106,46,17,119,25,123,35,34,46,78,122,200,84,57,71,91,193,93,11,58,111,64,52,69,24,67,67,63,144,154,302,58,110,11,114,117,16,44,115,82,38,97,36,93,94,83,101,46,67
499,471,190,100,556,128,515,158,171,226,449,600,1012,343,266,289,374,988,496,51,269,538,298,235,338,135,357,249,243,625,803,1556,306,474,114,254,531,90,271,610,331,103,402,205,406,487,339,565,213,376
484,385,204,67,464,100,431,145,141,203,401,498,829,339,263,285,332,824,502,57,260,461,271,183,316,127,309,229,234,607,706,1256,249,459,117,531,204,89,235,475,315,98,374,178,345,434,307,459,180,315
84,84,39,13,76,22,88,17,29,35,70,91,156,51,45,52,64,164,91,11,29,85,48,39,42,14,57,40,41,112,144,242,40,82,16,90,89,2,31,89,53,17,66,35,72,72,53,102,23,58
253,186,100,46,260,56,241,82,98,114,200,314,457,145,135,128,191,461,239,25,175,247,137,99,162,57,153,122,118,314,403,716,139,226,44,271,235,31,69,265,156,47,190,107,193,218,157,272,91,176
432,441,243,94,546,121,507,160,168,224,449,610,937,364,300,309,379,961,565,69,304,524,320,196,339,127,341,248,255,684,798,1509,292,489,115,610,475,89,265,279,344,118,408,180,413,481,322,528,169,352
315,268,142,64,352,76,306,82,115,127,285,367,605,217,185,187,238,614,299,52,185,320,193,122,246,69,229,144,157,416,468,992,190,310,82,331,315,53,156,344,98,61,256,114,276,310,223,313,130,216
109,82,53,23,112,24,82,23,26,40,83,115,173,80,44,52,80,200,97,17,48,111,50,49,63,24,71,42,54,134,147,288,59,92,38,103,98,17,47,118,61,6,69,34,81,86,74,103,44,74
381,329,169,66,386,92,370,125,144,155,349,402,644,245,219,229,290,643,406,57,229,401,212,149,281,107,254,183,188,479,572,1068,216,340,97,402,374,66,190,408,256,69,155,143,316,346,245,422,147,270
180,125,64,41,196,53,193,64,55,69,163,213,350,122,102,107,156,345,218,18,101,189,109,67,130,43,107,94,75,236,261,551,89,169,36,205,178,35,107,180,114,34,143,38,138,174,125,198,61,144
442,361,157,60,383,88,341,118,127,174,335,463,725,259,216,226,297,693,402,45,237,420,251,164,284,124,296,167,205,486,614,1095,223,394,93,406,345,72,193,413,276,81,316,138,173,367,241,419,144,296
401,410,201,71,464,88,441,161,140,178,378,511,859,304,237,264,322,851,451,62,257,465,285,195,292,111,331,200,243,573,672,1317,263,440,94,487,434,72,218,481,310,86,346,174,367,223,297,458,183,299
316,271,100,64,305,72,302,89,100,141,276,345,564,198,159,175,224,570,323,30,205,316,201,119,214,71,201,136,160,386,471,900,175,304,83,339,307,53,157,322,223,74,245,125,241,297,102,327,137,231
538,433,212,73,513,115,449,160,161,198,398,582,977,336,291,293,366,929,525,58,281,528,315,202,362,127,354,255,262,688,804,1419,287,488,101,565,459,102,272,528,313,103,422,198,419,458,327,284,162,354
160,156,73,33,185,38,177,61,49,70,130,215,327,141,97,104,132,305,177,28,115,190,113,76,120,36,128,85,117,223,264,481,87,169,46,213,180,23,91,169,130,44,147,61,144,183,137,162,28,122
375,285,131,74,345,87,354,123,91,152,286,372,573,235,178,202,258,564,344,37,209,354,209,140,220,92,203,174,199,415,489,928,194,296,67,376,315,58,176,352,216,74,270,144,296,299,231,354,122,118
