255,473,206,121,531,127,483,169,160,216,450,557,810,381,316,354,347,789,515,64,307,539,305,206,348,158,377,266,322,622,699,1187,237,494,101,511,502,72,259,481,314,108,403,180,426,390,333,503,152,387
473,168,177,82,412,107,430,137,134,169,367,470,799,270,232,249,340,820,441,55,234,454,269,160,293,83,279,207,217,515,662,1261,254,427,104,468,400,78,221,448,272,87,318,155,367,407,279,463,165,306
206,177,40,39,228,55,196,57,67,78,184,224,384,129,100,109,135,351,213,14,105,206,128,91,141,47,131,87,108,263,293,578,123,201,37,202,218,23,113,206,122,44,149,71,168,206,133,233,77,117
121,82,39,6,85,12,74,29,26,39,82,81,153,52,51,63,77,147,84,11,41,88,43,31,51,19,49,42,46,101,134,238,34,64,16,102,68,12,46,78,53,19,50,28,84,85,55,91,16,69
531,412,228,85,265,118,471,162,172,239,461,504,892,334,256,289,386,908,526,73,304,542,304,208,313,148,354,265,266,625,776,1486,255,459,118,565,481,87,288,561,331,118,376,198,406,456,301,540,169,359
127,107,55,12,118,7,108,33,37,43,102,113,193,69,54,84,100,194,94,19,68,118,67,46,72,32,80,57,62,144,179,273,50,94,27,118,96,22,62,119,96,22,81,40,91,108,72,106,38,87
483,430,196,74,471,108,219,162,138,185,423,519,885,317,256,301,366,886,479,74,276,493,285,183,305,124,356,230,233,594,756,1305,238,456,107,500,424,91,258,516,338,103,369,179,397,462,300,473,171,319
169,137,57,29,162,33,162,28,42,62,117,156,278,113,73,74,106,276,163,21,74,163,84,56,90,35,104,89,62,174,225,408,93,142,36,157,145,20,73,162,108,29,131,49,118,139,94,161,58,93
160,134,67,26,172,37,138,42,24,59,129,199,324,100,84,84,131,304,180,22,83,160,106,65,123,42,101,95,95,219,237,462,100,132,41,175,160,31,86,172,118,40,127,60,143,166,84,161,70,108
216,169,78,39,239,43,185,62,59,43,165,240,392,113,115,136,165,378,185,29,121,203,119,90,142,55,155,99,117,246,319,585,120,197,45,215,195,34,112,207,125,48,154,80,177,214,125,222,83,145
450,367,184,82,461,102,423,117,129,165,194,464,771,282,226,255,296,763,429,53,255,416,259,181,281,103,299,204,224,550,664,1200,241,418,93,440,387,79,211,424,262,90,306,159,340,403,242,420,134,286
557,470,224,81,504,113,519,156,199,240,464,296,996,375,295,325,407,1033,568,57,320,578,349,205,381,139,402,229,265,727,816,1632,307,504,130,626,503,95,298,590,377,122,416,222,422,508,366,578,204,370
810,799,384,153,892,193,885,278,324,392,771,996,785,601,472,491,656,1456,922,95,477,904,527,347,601,226,614,400,436,1112,1297,2406,449,847,216,984,817,160,414,990,584,169,666,351,739,789,543,938,313,575
381,270,129,52,334,69,317,113,100,113,282,375,601,117,168,194,256,595,322,35,201,352,203,148,223,86,224,168,167,375,444,915,174,317,75,360,307,65,161,332,225,67,262,117,253,269,196,341,110,207
316,232,100,51,256,54,256,73,84,115,226,295,472,168,75,151,199,483,268,27,139,267,142,114,174,64,165,119,127,346,393,742,140,240,53,272,247,41,131,288,155,50,179,99,189,229,156,259,95,151
354,249,109,63,289,84,301,74,84,136,255,325,491,194,151,77,230,504,266,26,151,303,181,120,190,72,202,134,130,329,434,813,151,274,53,327,286,42,139,309,142,56,212,105,219,242,180,311,106,183
347,340,135,77,386,100,366,106,131,165,296,407,656,256,199,230,130,679,337,47,194,357,231,134,240,90,235,184,193,475,530,957,199,341,69,380,358,51,189,388,219,80,306,133,317,312,227,350,125,242
789,820,351,147,908,194,886,276,304,378,763,1033,1456,595,483,504,679,773,934,103,502,949,553,352,590,210,590,442,444,1089,1350,2415,480,844,181,1005,846,128,437,915,569,177,655,363,699,818,538,889,318,616
515,441,213,84,526,94,479,163,180,185,429,568,922,322,268,266,337,934,236,58,285,478,333,196,351,139,317,245,251,633,777,1484,273,462,102,540,474,95,261,546,342,98,391,195,442,490,316,533,186,310
64,55,14,11,73,19,74,21,22,29,53,57,95,35,27,26,47,103,58,6,30,52,40,26,48,21,42,36,29,67,99,184,33,61,19,52,62,15,37,67,50,9,47,19,58,59,28,73,25,46
307,234,105,41,304,68,276,74,83,121,255,320,477,201,139,151,194,502,285,30,84,319,160,116,195,79,194,125,146,389,455,789,150,245,62,269,278,46,137,299,190,66,238,108,233,258,169,300,101,184
539,454,206,88,542,118,493,163,160,203,416,578,904,352,267,303,357,949,478,52,319,244,313,183,330,152,366,242,261,655,765,1388,268,468,110,571,480,100,262,557,364,92,416,177,409,446,326,560,167,327
305,269,128,43,304,67,285,84,106,119,259,349,527,203,142,181,231,553,333,40,160,313,98,128,186,75,181,152,159,369,413,809,156,299,67,290,297,46,156,299,186,76,244,125,233,270,187,308,121,203
206,160,91,31,208,46,183,56,65,90,181,205,347,148,114,120,134,352,196,26,116,183,128,33,130,51,130,96,104,227,297,515,122,194,37,200,176,41,93,217,127,38,141,83,175,187,123,206,67,141
348,293,141,51,313,72,305,90,123,142,281,381,601,223,174,190,240,590,351,48,195,330,186,130,97,69,194,139,171,429,507,901,184,312,68,306,286,67,145,349,217,80,257,140,250,297,193,322,112,225
158,83,47,19,148,32,124,35,42,55,103,139,226,86,64,72,90,210,139,21,79,152,75,51,69,11,86,65,62,160,178,354,65,119,27,122,115,19,58,120,79,17,87,50,98,113,66,143,40,105
377,279,131,49,354,80,356,104,101,155,299,402,614,224,165,202,235,590,317,42,194,366,181,130,194,86,114,166,184,419,489,947,174,305,69,358,318,70,173,354,226,65,247,119,279,321,181,382,106,226
266,207,87,42,265,57,230,89,95,99,204,229,400,168,119,134,184,442,245,36,125,242,152,96,139,65,166,51,94,264,348,652,131,212,49,230,219,32,136,247,138,45,177,73,163,232,143,233,99,176
322,217,108,46,266,62,233,62,95,117,224,265,436,167,127,130,193,444,251,29,146,261,159,104,171,62,184,94,69,330,366,694,139,262,47,253,232,38,96,285,164,43,202,97,198,224,167,269,97,178
622,515,263,101,625,144,594,174,219,246,550,727,1112,375,346,329,475,1089,633,67,389,655,369,227,429,160,419,264,330,395,1017,1766,337,581,143,663,572,108,307,699,386,131,485,229,518,561,386,660,248,440
699,662,293,134,776,179,756,225,237,319,664,816,1297,444,393,434,530,1350,777,99,455,765,413,297,507,178,489,348,366,1017,556,2065,385,703,175,802,708,152,360,844,501,136,622,302,601,700,494,760,258,494
1187,1261,578,238,1486,273,1305,408,462,585,1200,1632,2406,915,742,813,957,2415,1484,184,789,1388,809,515,901,354,947,652,694,1766,2065,1901,706,1278,338,1497,1280,231,668,1451,959,262,1044,554,1089,1271,895,1376,482,935
237,254,123,34,255,50,238,93,100,120,241,307,449,174,140,151,199,480,273,33,150,268,156,122,184,65,174,131,139,337,385,706,68,229,56,301,251,55,142,274,175,41,187,113,206,255,178,291,93,196
494,427,201,64,459,94,456,142,132,197,418,504,847,317,240,274,341,844,462,61,245,468,299,194,312,119,305,212,262,581,703,1278,229,176,121,500,449,80,253,521,343,103,336,193,411,416,282,453,158,338
101,104,37,16,118,27,107,36,41,45,93,130,216,75,53,53,69,181,102,19,62,110,67,37,68,27,69,49,47,143,175,338,56,121,14,120,115,21,58,127,80,17,80,34,84,107,74,114,43,73
511,468,202,102,565,118,500,157,175,215,440,626,984,360,272,327,380,1005,540,52,269,571,290,200,306,122,358,230,253,663,802,1497,301,500,120,287,531,99,261,585,337,106,450,206,401,493,334,568,205,369
502,400,218,68,481,96,424,145,160,195,387,503,817,307,247,286,358,846,474,62,278,480,297,176,286,115,318,219,232,572,708,1280,251,449,115,531,192,81,253,472,352,111,365,189,367,413,298,472,161,306
72,78,23,12,87,22,91,20,31,34,79,95,160,65,41,42,51,128,95,15,46,100,46,41,67,19,70,32,38,108,152,231,55,80,21,99,81,4,47,90,40,18,69,24,72,80,52,96,27,65
259,221,113,46,288,62,258,73,86,112,211,298,414,161,131,139,189,437,261,37,137,262,156,93,145,58,173,136,96,307,360,668,142,253,58,261,253,47,64,277,160,45,200,90,188,246,141,220,94,177
481,448,206,78,561,119,516,162,172,207,424,590,990,332,288,309,388,915,546,67,299,557,299,217,349,120,354,247,285,699,844,1451,274,521,127,585,472,90,277,285,376,108,429,190,416,476,355,552,199,321
314,272,122,53,331,96,338,108,118,125,262,377,584,225,155,142,219,569,342,50,190,364,186,127,217,79,226,138,164,386,501,959,175,343,80,337,352,40,160,376,131,74,244,122,271,308,200,348,126,197
108,87,44,19,118,22,103,29,40,48,90,122,169,67,50,56,80,177,98,9,66,92,76,38,80,17,65,45,43,131,136,262,41,103,17,106,111,18,45,108,74,10,88,42,79,87,57,109,47,74
403,318,149,50,376,81,369,131,127,154,306,416,666,262,179,212,306,655,391,47,238,416,244,141,257,87,247,177,202,485,622,1044,187,336,80,450,365,69,200,429,244,88,140,145,316,362,251,394,129,264
180,155,71,28,198,40,179,49,60,80,159,222,351,117,99,105,133,363,195,19,108,177,125,83,140,50,119,73,97,229,302,554,113,193,34,206,189,24,90,190,122,42,145,26,160,184,117,182,70,124
426,367,168,84,406,91,397,118,143,177,340,422,739,253,189,219,317,699,442,58,233,409,233,175,250,98,279,163,198,518,601,1089,206,411,84,401,367,72,188,416,271,79,316,160,159,340,222,419,140,273
390,407,206,85,456,108,462,139,166,214,403,508,789,269,229,242,312,818,490,59,258,446,270,187,297,113,321,232,224,561,700,1271,255,416,107,493,413,80,246,476,308,87,362,184,340,206,299,465,162,298
333,279,133,55,301,72,300,94,84,125,242,366,543,196,156,180,227,538,316,28,169,326,187,123,193,66,181,143,167,386,494,895,178,282,74,334,298,52,141,355,200,57,251,117,222,299,89,327,116,189
503,463,233,91,540,106,473,161,161,222,420,578,938,341,259,311,350,889,533,73,300,560,308,206,322,143,382,233,269,660,760,1376,291,453,114,568,472,96,220,552,348,109,394,182,419,465,327,280,173,318
152,165,77,16,169,38,171,58,70,83,134,204,313,110,95,106,125,318,186,25,101,167,121,67,112,40,106,99,97,248,258,482,93,158,43,205,161,27,94,199,126,47,129,70,140,162,116,173,29,118
387,306,117,69,359,87,319,93,108,145,286,370,575,207,151,183,242,616,310,46,184,327,203,141,225,105,226,176,178,440,494,935,196,338,73,369,306,65,177,321,197,74,264,124,273,298,189,318,118,109
