265,422,207,103,490,122,500,192,151,260,460,506,764,373,339,350,354,817,536,70,301,521,342,222,354,153,365,297,292,603,683,1211,256,496,96,551,473,85,228,444,315,101,344,156,430,420,310,470,170,355
422,177,171,72,449,94,404,131,140,188,366,476,718,285,247,251,303,754,430,50,247,425,258,176,303,116,291,214,207,552,670,1191,247,409,96,440,411,75,198,455,269,97,318,167,353,391,267,431,166,275
207,171,48,30,219,49,165,62,63,83,180,222,340,124,90,122,146,329,205,15,101,204,118,72,145,34,110,91,97,242,296,536,130,169,37,211,184,41,95,210,116,34,148,78,136,200,108,199,64,147
103,72,30,8,82,19,93,26,32,42,63,92,154,58,49,46,59,152,68,6,55,94,59,33,62,14,56,43,50,122,116,227,57,70,13,90,67,18,43,79,58,15,61,31,69,68,62,84,34,61
490,449,219,82,290,125,480,164,197,219,487,599,929,327,263,286,367,968,556,50,250,539,338,213,336,129,344,247,267,667,783,1403,239,485,121,504,477,83,274,519,357,111,362,174,418,456,296,531,182,349
122,94,49,19,125,10,107,33,36,47,93,127,159,82,56,68,79,182,114,17,60,114,79,41,80,32,86,56,57,147,162,289,58,99,23,122,109,23,47,113,80,16,85,46,101,100,79,104,36,73
500,404,165,93,480,107,224,144,155,192,388,565,777,288,236,227,319,834,484,64,272,489,292,201,324,118,326,242,250,626,688,1297,261,466,103,497,417,73,227,499,312,90,351,180,370,435,300,483,170,309
192,131,62,26,164,33,144,32,50,75,141,159,277,111,82,98,120,266,177,19,71,157,99,66,102,37,98,71,72,210,257,445,87,152,41,179,147,20,83,156,104,34,140,56,110,163,85,166,61,107
151,140,63,32,197,36,155,50,29,71,125,197,240,104,91,101,119,270,169,16,82,157,102,76,123,48,118,71,86,213,220,389,77,154,33,162,143,19,92,185,113,35,129,69,137,144,107,179,45,116
260,188,83,42,219,47,192,75,71,42,169,238,345,154,127,136,138,333,205,29,103,223,114,90,145,61,140,107,127,250,326,522,101,177,38,208,196,29,114,242,142,40,165,70,166,183,113,209,56,141
460,366,180,63,487,93,388,141,125,169,172,463,728,267,245,256,295,749,443,68,218,415,262,156,273,113,261,205,233,515,644,1092,195,405,81,431,388,69,206,444,290,98,302,167,363,404,254,436,139,294
506,476,222,92,599,127,565,159,197,238,463,286,1002,389,285,306,390,1007,576,73,324,588,337,243,359,129,365,248,272,718,840,1583,307,527,143,610,501,105,255,579,364,104,420,217,451,536,358,539,194,366
764,718,340,154,929,159,777,277,240,345,728,1002,800,602,453,478,650,1480,962,113,529,903,583,347,594,210,574,432,478,1108,1307,2321,468,809,200,903,833,157,452,932,605,171,691,330,716,802,558,935,341,608
373,285,124,58,327,82,288,111,104,154,267,389,602,89,175,209,241,560,320,39,182,346,208,125,221,74,186,166,182,399,465,908,201,285,78,344,289,46,146,339,215,68,262,127,264,287,200,329,122,229
339,247,90,49,263,56,236,82,91,127,245,285,453,175,64,135,210,490,287,39,146,243,167,112,210,78,194,118,174,325,404,733,128,259,56,286,254,51,151,283,190,53,214,99,225,238,162,275,97,199
350,251,122,46,286,68,227,98,101,136,256,306,478,209,135,81,217,539,296,27,158,285,169,109,222,83,198,124,147,347,425,836,156,273,63,328,275,43,147,301,214,41,241,94,238,281,187,299,115,210
354,303,146,59,367,79,319,120,119,138,295,390,650,241,210,217,124,685,364,53,203,374,212,128,249,78,247,185,190,467,525,975,194,329,85,365,349,59,186,392,250,66,240,142,301,353,242,371,140,256
817,754,329,152,968,182,834,266,270,333,749,1007,1480,560,490,539,685,815,932,118,511,936,531,371,586,242,631,447,462,1078,1348,2376,434,863,189,977,818,156,463,910,563,177,687,344,702,798,574,923,323,606
536,430,205,68,556,114,484,177,169,205,443,576,962,320,287,296,364,932,272,69,290,492,293,205,348,125,336,225,257,667,749,1437,286,454,120,555,477,94,275,499,315,101,359,186,435,477,346,520,201,363
70,50,15,6,50,17,64,19,16,29,68,73,113,39,39,27,53,118,69,4,34,59,36,22,38,13,52,35,28,83,95,187,40,60,9,80,55,15,30,59,42,17,39,21,41,48,32,73,31,45
301,247,101,55,250,60,272,71,82,103,218,324,529,182,146,158,203,511,290,34,61,292,144,112,184,71,200,123,141,338,472,813,133,271,57,309,247,58,114,303,170,54,236,105,218,284,148,320,115,170
521,425,204,94,539,114,489,157,157,223,415,588,903,346,243,285,374,936,492,59,292,265,284,220,321,126,349,244,254,687,769,1442,254,481,120,523,471,94,239,534,343,111,381,195,411,459,313,539,193,353
342,258,118,59,338,79,292,99,102,114,262,337,583,208,167,169,212,531,293,36,144,284,96,127,198,96,223,136,151,375,456,807,148,298,62,299,279,55,145,343,215,55,226,112,238,266,185,290,98,204
222,176,72,33,213,41,201,66,76,90,156,243,347,125,112,109,128,371,205,22,112,220,127,32,154,46,123,105,111,276,344,550,106,185,40,199,172,28,90,229,146,39,163,89,167,187,123,225,78,122
354,303,145,62,336,80,324,102,123,145,273,359,594,221,210,222,249,586,348,38,184,321,198,154,116,83,204,160,165,394,534,964,180,298,65,330,303,51,159,343,219,66,278,130,270,303,198,317,122,220
153,116,34,14,129,32,118,37,48,61,113,129,210,74,78,83,78,242,125,13,71,126,96,46,83,13,83,47,74,174,191,359,73,102,30,130,114,26,65,134,90,31,100,45,106,106,75,133,52,81
365,291,110,56,344,86,326,98,118,140,261,365,574,186,194,198,247,631,336,52,200,349,223,123,204,83,99,141,150,477,569,939,193,292,81,363,307,57,156,357,220,59,267,127,262,339,210,351,138,226
297,214,91,43,247,56,242,71,71,107,205,248,432,166,118,124,185,447,225,35,123,244,136,105,160,47,141,68,116,293,342,686,119,232,59,271,249,32,141,273,146,45,184,100,205,222,156,243,104,168
292,207,97,50,267,57,250,72,86,127,233,272,478,182,174,147,190,462,257,28,141,254,151,111,165,74,150,116,55,343,388,735,135,230,55,269,241,45,119,270,169,41,201,82,187,233,159,253,85,178
603,552,242,122,667,147,626,210,213,250,515,718,1108,399,325,347,467,1078,667,83,338,687,375,276,394,174,477,293,343,366,961,1710,341,605,160,652,575,99,312,711,417,136,456,232,495,597,392,659,239,404
683,670,296,116,783,162,688,257,220,326,644,840,1307,465,404,425,525,1348,749,95,472,769,456,344,534,191,569,342,388,961,558,2047,436,707,190,798,692,143,374,809,481,168,507,290,638,694,521,763,280,523
1211,1191,536,227,1403,289,1297,445,389,522,1092,1583,2321,908,733,836,975,2376,1437,187,813,1442,807,550,964,359,939,686,735,1710,2047,1845,677,1260,314,1517,1283,249,699,1418,892,305,981,535,1101,1239,913,1346,499,932
256,247,130,57,239,58,261,87,77,101,195,307,468,201,128,156,194,434,286,40,133,254,148,106,180,73,193,119,135,341,436,677,58,233,63,301,253,48,139,288,200,66,185,100,226,221,176,289,96,193
496,409,169,70,485,99,466,152,154,177,405,527,809,285,259,273,329,863,454,60,271,481,298,185,298,102,292,232,230,605,707,1260,233,214,122,523,443,77,251,505,302,87,340,194,383,432,309,528,169,333
96,96,37,13,121,23,103,41,33,38,81,143,200,78,56,63,85,189,120,9,57,120,62,40,65,30,81,59,55,160,190,314,63,122,7,127,109,15,62,137,61,23,84,39,98,113,60,111,28,67
551,440,211,90,504,122,497,179,162,208,431,610,903,344,286,328,365,977,555,80,309,523,299,199,330,130,363,271,269,652,798,1517,301,523,127,322,458,88,268,543,365,104,410,170,400,510,336,558,201,365
473,411,184,67,477,109,417,147,143,196,388,501,833,289,254,275,349,818,477,55,247,471,279,172,303,114,307,249,241,575,692,1283,253,443,109,458,193,80,234,509,323,103,343,176,349,411,272,484,163,326
85,75,41,18,83,23,73,20,19,29,69,105,157,46,51,43,59,156,94,15,58,94,55,28,51,26,57,32,45,99,143,249,48,77,15,88,80,6,36,106,72,21,68,25,57,77,44,108,32,54
228,198,95,43,274,47,227,83,92,114,206,255,452,146,151,147,186,463,275,30,114,239,145,90,159,65,156,141,119,312,374,699,139,251,62,268,234,36,61,258,161,49,191,95,187,211,162,240,100,171
444,455,210,79,519,113,499,156,185,242,444,579,932,339,283,301,392,910,499,59,303,534,343,229,343,134,357,273,270,711,809,1418,288,505,137,543,509,106,258,294,364,96,400,183,419,492,346,559,201,358
315,269,116,58,357,80,312,104,113,142,290,364,605,215,190,214,250,563,315,42,170,343,215,146,219,90,220,146,169,417,481,892,200,302,61,365,323,72,161,364,106,60,237,140,285,324,224,305,132,217
101,97,34,15,111,16,90,34,35,40,98,104,171,68,53,41,66,177,101,17,54,111,55,39,66,31,59,45,41,136,168,305,66,87,23,104,103,21,49,96,60,8,76,29,79,102,70,108,43,63
344,318,148,61,362,85,351,140,129,165,302,420,691,262,214,241,240,687,359,39,236,381,226,163,278,100,267,184,201,456,507,981,185,340,84,410,343,68,191,400,237,76,160,125,313,350,250,391,122,248
156,167,78,31,174,46,180,56,69,70,167,217,330,127,99,94,142,344,186,21,105,195,112,89,130,45,127,100,82,232,290,535,100,194,39,170,176,25,95,183,140,29,125,33,154,193,129,202,56,123
430,353,136,69,418,101,370,110,137,166,363,451,716,264,225,238,301,702,435,41,218,411,238,167,270,106,262,205,187,495,638,1101,226,383,98,400,349,57,187,419,285,79,313,154,176,377,242,416,135,282
420,391,200,68,456,100,435,163,144,183,404,536,802,287,238,281,353,798,477,48,284,459,266,187,303,106,339,222,233,597,694,1239,221,432,113,510,411,77,211,492,324,102,350,193,377,210,290,473,152,334
310,267,108,62,296,79,300,85,107,113,254,358,558,200,162,187,242,574,346,32,148,313,185,123,198,75,210,156,159,392,521,913,176,309,60,336,272,44,162,346,224,70,250,129,242,290,99,360,107,196
470,431,199,84,531,104,483,166,179,209,436,539,935,329,275,299,371,923,520,73,320,539,290,225,317,133,351,243,253,659,763,1346,289,528,111,558,484,108,240,559,305,108,391,202,416,473,360,260,187,328
170,166,64,34,182,36,170,61,45,56,139,194,341,122,97,115,140,323,201,31,115,193,98,78,122,52,138,104,85,239,280,499,96,169,28,201,163,32,100,201,132,43,122,56,135,152,107,187,19,132
355,275,147,61,349,73,309,107,116,141,294,366,608,229,199,210,256,606,363,45,170,353,204,122,220,81,226,168,178,404,523,932,193,333,67,365,326,54,171,358,217,63,248,123,282,334,196,328,132,112
