295,478,231,106,491,106,481,199,188,247,480,533,812,397,293,338,387,864,485,76,331,504,336,214,390,173,391,308,304,627,700,1197,253,466,112,545,489,91,275,509,349,104,374,170,424,461,363,477,170,402
478,194,164,79,431,99,411,147,130,199,397,513,786,277,206,244,290,766,449,62,235,404,238,179,280,115,277,195,216,561,665,1264,242,395,103,447,427,65,210,467,288,82,328,148,342,393,259,421,188,282
231,164,34,36,165,50,205,62,53,85,163,235,376,120,113,107,133,385,207,17,100,201,105,82,119,52,137,95,91,231,307,575,107,196,47,201,204,40,90,206,140,47,170,63,163,202,117,193,70,135
106,79,36,10,90,17,78,31,31,30,65,85,119,54,46,52,63,135,88,6,50,76,53,43,57,30,62,46,57,99,117,201,40,89,25,89,76,21,48,96,52,17,69,40,71,65,58,82,37,65
491,431,165,90,256,135,487,147,178,189,422,572,946,337,248,284,391,937,537,53,278,537,311,205,313,124,376,236,270,654,802,1459,277,483,108,585,455,98,270,540,316,115,369,200,398,466,342,529,176,314
106,99,50,17,135,12,98,35,42,45,91,126,185,84,71,76,77,171,100,22,62,101,69,49,75,27,71,50,64,146,161,278,49,105,30,112,102,18,65,113,86,24,79,50,87,96,76,126,39,94
481,411,205,78,487,98,218,154,181,195,413,564,883,295,256,258,350,870,488,62,245,465,274,191,330,120,306,236,230,608,787,1352,266,421,107,491,460,84,246,511,339,98,388,191,370,464,363,484,194,335
199,147,62,31,147,35,154,28,63,56,124,170,269,96,78,90,110,251,155,21,74,145,91,65,77,37,97,88,69,167,250,441,85,147,37,189,165,32,75,170,107,30,110,65,118,152,92,165,56,85
188,130,53,31,178,42,181,63,30,67,151,179,311,97,86,96,134,348,181,14,88,168,97,47,116,35,99,85,90,234,247,490,81,155,38,173,152,21,86,177,107,41,132,53,138,148,99,200,55,119
247,199,85,30,189,45,195,56,67,50,170,239,366,139,101,107,138,349,200,25,114,206,118,88,139,62,148,82,106,252,326,534,109,178,27,211,202,40,113,213,134,42,152,80,170,189,135,206,71,162
480,397,163,65,422,91,413,124,151,170,175,475,781,275,225,224,308,777,414,54,239,427,255,161,293,114,308,182,217,564,664,1165,236,400,101,435,392,74,226,480,289,80,318,185,351,364,259,426,159,306
533,513,235,85,572,126,564,170,179,239,475,313,1039,338,294,321,402,1068,569,68,318,562,328,241,410,155,408,265,299,725,831,1648,318,500,111,594,523,101,268,649,382,113,478,194,466,566,364,613,205,384
812,786,376,119,946,185,883,269,311,366,781,1039,865,544,512,549,678,1547,982,112,470,947,533,369,623,218,604,410,471,1228,1432,2582,529,872,209,1025,842,135,449,1019,611,206,671,376,757,861,582,987,326,604
397,277,120,54,337,84,295,96,97,139,275,338,544,102,159,150,214,567,322,34,177,331,200,145,230,92,227,158,165,380,524,826,159,300,75,343,297,49,159,320,208,58,290,124,261,268,194,346,112,211
293,206,113,46,248,71,256,78,86,101,225,294,512,159,78,139,189,441,286,34,146,271,168,111,174,57,167,112,133,315,397,727,148,259,68,242,264,34,144,272,175,50,202,99,214,258,159,270,106,192
338,244,107,52,284,76,258,90,96,107,224,321,549,150,139,81,193,496,311,34,138,292,182,116,187,59,195,122,144,330,416,800,130,293,73,269,284,40,138,326,195,68,235,92,232,269,155,290,120,195
387,290,133,63,391,77,350,110,134,138,308,402,678,214,189,193,143,645,354,44,213,355,209,141,236,104,229,181,167,465,555,1021,197,326,69,389,346,58,179,419,269,74,282,128,297,363,227,398,140,228
864,766,385,135,937,171,870,251,348,349,777,1068,1547,567,441,496,645,817,966,93,489,953,530,359,591,210,593,386,445,1179,1451,2605,525,866,184,1006,861,159,444,965,606,196,662,343,693,879,549,963,328,578
485,449,207,88,537,100,488,155,181,200,414,569,982,322,286,311,354,966,273,70,273,506,294,178,333,121,336,237,264,662,736,1490,301,485,120,531,465,78,246,528,320,100,382,205,396,484,308,528,194,329
76,62,17,6,53,22,62,21,14,25,54,68,112,34,34,34,44,93,70,2,29,62,38,26,34,22,42,30,29,80,101,176,34,53,15,59,53,12,26,68,47,12,47,33,49,69,31,75,24,43
331,235,100,50,278,62,245,74,88,114,239,318,470,177,146,138,213,489,273,29,77,261,151,107,158,78,191,139,134,354,424,747,145,224,67,266,257,37,127,265,184,53,218,111,221,251,178,270,113,174
504,404,201,76,537,101,465,145,168,206,427,562,947,331,271,292,355,953,506,62,261,249,305,186,330,145,361,226,269,703,759,1442,280,454,121,539,486,75,252,523,354,111,391,208,403,480,328,556,190,345
336,238,105,53,311,69,274,91,97,118,255,328,533,200,168,182,209,530,294,38,151,305,96,122,182,69,190,142,175,347,445,837,178,266,59,282,293,53,159,309,183,64,217,106,259,256,195,308,142,215
214,179,82,43,205,49,191,65,47,88,161,241,369,145,111,116,141,359,178,26,107,186,122,37,139,41,116,89,87,255,284,575,102,207,38,223,187,34,104,229,141,42,159,83,175,180,128,215,75,132
390,280,119,57,313,75,330,77,116,139,293,410,623,230,174,187,236,591,333,34,158,330,182,139,125,81,203,159,138,388,508,937,192,310,74,341,325,44,143,382,250,62,264,129,259,307,199,368,145,213
173,115,52,30,124,27,120,37,35,62,114,155,218,92,57,59,104,210,121,22,78,145,69,41,81,11,75,54,66,152,199,363,57,122,26,131,107,19,69,146,92,33,77,45,85,123,69,144,34,85
391,277,137,62,376,71,306,97,99,148,308,408,604,227,167,195,229,593,336,42,191,361,190,116,203,75,99,152,133,423,541,965,174,312,66,348,324,56,157,369,235,68,256,127,242,310,207,344,120,209
308,195,95,46,236,50,236,88,85,82,182,265,410,158,112,122,181,386,237,30,139,226,142,89,159,54,152,49,125,274,357,673,105,222,49,249,205,41,115,259,133,45,174,93,211,223,151,249,96,168
304,216,91,57,270,64,230,69,90,106,217,299,471,165,133,144,167,445,264,29,134,269,175,87,138,66,133,125,66,303,374,663,129,244,50,240,275,43,127,262,168,57,208,94,187,230,155,258,104,163
627,561,231,99,654,146,608,167,234,252,564,725,1228,380,315,330,465,1179,662,80,354,703,347,255,388,152,423,274,303,396,993,1858,328,578,161,673,610,105,317,690,445,141,522,242,478,650,382,700,248,433
700,665,307,117,802,161,787,250,247,326,664,831,1432,524,397,416,555,1451,736,101,424,759,445,284,508,199,541,357,374,993,613,2142,402,750,178,816,720,142,391,801,477,180,562,335,661,710,489,822,271,527
1197,1264,575,201,1459,278,1352,441,490,534,1165,1648,2582,826,727,800,1021,2605,1490,176,747,1442,837,575,937,363,965,673,663,1858,2142,1973,784,1301,350,1547,1314,231,713,1538,972,325,1072,546,1135,1368,934,1521,513,904
253,242,107,40,277,49,266,85,81,109,236,318,529,159,148,130,197,525,301,34,145,280,178,102,192,57,174,105,129,328,402,784,89,256,71,301,248,49,145,293,193,68,233,103,238,279,183,314,109,190
466,395,196,89,483,105,421,147,155,178,400,500,872,300,259,293,326,866,485,53,224,454,266,207,310,122,312,222,244,578,750,1301,256,237,105,510,466,93,242,506,299,94,399,187,380,436,319,474,192,326
112,103,47,25,108,30,107,37,38,27,101,111,209,75,68,73,69,184,120,15,67,121,59,38,74,26,66,49,50,161,178,350,71,105,6,125,115,20,58,133,78,25,100,54,99,117,63,117,42,70
545,447,201,89,585,112,491,189,173,211,435,594,1025,343,242,269,389,1006,531,59,266,539,282,223,341,131,348,249,240,673,816,1547,301,510,125,254,495,91,271,602,363,104,422,213,428,503,343,557,202,368
489,427,204,76,455,102,460,165,152,202,392,523,842,297,264,284,346,861,465,53,257,486,293,187,325,107,324,205,275,610,720,1314,248,466,115,495,220,72,249,509,305,89,392,180,395,430,293,502,187,352
91,65,40,21,98,18,84,32,21,40,74,101,135,49,34,40,58,159,78,12,37,75,53,34,44,19,56,41,43,105,142,231,49,93,20,91,72,4,38,94,61,22,76,34,61,70,42,90,32,63
275,210,90,48,270,65,246,75,86,113,226,268,449,159,144,138,179,444,246,26,127,252,159,104,143,69,157,115,127,317,391,713,145,242,58,271,249,38,66,287,181,54,185,92,187,247,165,251,86,156
509,467,206,96,540,113,511,170,177,213,480,649,1019,320,272,326,419,965,528,68,265,523,309,229,382,146,369,259,262,690,801,1538,293,506,133,602,509,94,287,278,329,128,394,199,435,524,329,583,208,339
349,288,140,52,316,86,339,107,107,134,289,382,611,208,175,195,269,606,320,47,184,354,183,141,250,92,235,133,168,445,477,972,193,299,78,363,305,61,181,329,99,81,256,142,263,335,213,327,140,226
104,82,47,17,115,24,98,30,41,42,80,113,206,58,50,68,74,196,100,12,53,111,64,42,62,33,68,45,57,141,180,325,68,94,25,104,89,22,54,128,81,11,88,56,86,90,61,115,46,74
374,328,170,69,369,79,388,110,132,152,318,478,671,290,202,235,282,662,382,47,218,391,217,159,264,77,256,174,208,522,562,1072,233,399,100,422,392,76,185,394,256,88,121,126,315,342,236,378,140,252
170,148,63,40,200,50,191,65,53,80,185,194,376,124,99,92,128,343,205,33,111,208,106,83,129,45,127,93,94,242,335,546,103,187,54,213,180,34,92,199,142,56,126,33,140,166,126,193,74,132
424,342,163,71,398,87,370,118,138,170,351,466,757,261,214,232,297,693,396,49,221,403,259,175,259,85,242,211,187,478,661,1135,238,380,99,428,395,61,187,435,263,86,315,140,153,350,259,416,187,284
461,393,202,65,466,96,464,152,148,189,364,566,861,268,258,269,363,879,484,69,251,480,256,180,307,123,310,223,230,650,710,1368,279,436,117,503,430,70,247,524,335,90,342,166,350,211,311,507,182,277
363,259,117,58,342,76,363,92,99,135,259,364,582,194,159,155,227,549,308,31,178,328,195,128,199,69,207,151,155,382,489,934,183,319,63,343,293,42,165,329,213,61,236,126,259,311,97,355,133,211
477,421,193,82,529,126,484,165,200,206,426,613,987,346,270,290,398,963,528,75,270,556,308,215,368,144,344,249,258,700,822,1521,314,474,117,557,502,90,251,583,327,115,378,193,416,507,355,235,200,342
170,188,70,37,176,39,194,56,55,71,159,205,326,112,106,120,140,328,194,24,113,190,142,75,145,34,120,96,104,248,271,513,109,192,42,202,187,32,86,208,140,46,140,74,187,182,133,200,36,128
402,282,135,65,314,94,335,85,119,162,306,384,604,211,192,195,228,578,329,43,174,345,215,132,213,85,209,168,163,433,527,904,190,326,70,368,352,63,156,339,226,74,252,132,284,277,211,342,128,122
