223,480,213,89,514,123,473,174,169,249,455,525,806,344,304,322,341,809,473,78,313,521,371,192,364,158,363,279,316,616,714,1161,250,525,110,478,504,77,236,447,307,110,358,163,432,394,321,480,159,377
480,205,189,74,446,111,453,123,150,162,373,476,802,280,262,268,366,800,431,58,252,431,250,166,296,104,294,202,228,546,641,1198,246,387,112,469,432,66,240,459,313,112,308,175,361,402,272,462,190,295
213,189,46,33,220,43,201,57,76,80,184,205,328,123,112,113,149,364,188,24,96,212,120,93,139,62,139,103,98,232,295,576,117,193,40,203,177,31,108,214,144,41,140,68,166,181,126,206,73,162
89,74,33,9,84,22,80,26,27,43,71,98,141,53,61,54,51,140,85,9,50,97,53,39,63,23,57,49,36,102,130,224,50,79,18,80,73,14,48,94,53,25,56,31,63,89,52,62,33,54
514,446,220,84,257,114,472,158,174,217,406,565,875,344,246,323,358,921,513,61,281,545,285,220,324,127,315,253,248,607,764,1412,261,487,139,555,470,76,249,561,340,104,389,186,404,405,328,531,182,350
123,111,43,22,114,15,113,34,42,55,97,127,185,76,63,68,85,187,108,13,69,117,65,42,67,27,68,59,64,148,172,309,54,112,21,124,112,19,63,123,72,34,87,38,91,130,63,105,40,85
473,453,201,80,472,113,257,150,175,224,398,573,853,309,269,269,343,822,469,59,263,471,280,180,303,114,308,216,249,623,719,1370,261,460,119,521,455,83,237,523,321,101,338,175,362,463,295,476,198,339
174,123,57,26,158,34,150,31,52,70,127,171,291,89,79,91,122,264,156,19,88,159,71,54,111,35,104,61,74,195,250,405,90,143,33,171,154,24,64,149,114,35,137,64,124,149,102,156,56,135
169,150,76,27,174,42,175,52,28,84,158,180,296,113,90,89,116,319,166,26,79,159,109,66,110,39,108,79,75,194,231,463,107,154,42,165,155,23,81,180,132,39,110,69,146,158,100,162,72,99
249,162,80,43,217,55,224,70,84,50,180,206,353,147,116,135,136,361,205,35,117,221,133,81,142,50,143,105,97,246,283,554,114,183,48,208,198,40,102,196,135,34,173,74,176,199,122,206,82,126
455,373,184,71,406,97,398,127,158,180,167,484,725,297,248,258,292,792,422,57,257,447,243,153,272,100,287,213,226,479,593,1156,198,376,108,465,408,67,210,436,271,79,304,159,338,392,259,451,156,260
525,476,205,98,565,127,573,171,180,206,484,323,994,377,278,298,407,986,543,66,313,552,331,260,384,138,386,263,255,672,804,1606,267,536,114,602,521,85,303,621,359,108,427,221,439,527,320,574,206,369
806,802,328,141,875,185,853,291,296,353,725,994,771,575,459,524,652,1431,898,118,507,937,502,335,557,248,606,424,439,1117,1344,2390,442,865,210,987,867,144,472,937,615,166,666,347,699,848,582,933,312,616
344,280,123,53,344,76,309,89,113,147,297,377,575,102,157,177,201,539,330,41,183,316,190,113,229,65,203,130,149,395,463,899,169,311,79,318,315,47,177,362,227,83,269,114,246,305,191,363,122,213
304,262,112,61,246,63,269,79,90,116,248,278,459,157,72,138,162,491,264,37,155,272,162,108,184,60,175,136,120,319,396,725,146,264,60,255,259,39,118,281,201,51,222,91,209,239,164,259,103,174
322,268,113,54,323,68,269,91,89,135,258,298,524,177,138,79,192,547,244,44,129,284,174,117,197,64,169,146,139,370,412,830,171,296,64,265,281,44,138,301,177,44,224,109,234,262,181,284,127,197
341,366,149,51,358,85,343,122,116,136,292,407,652,201,162,192,114,643,334,51,197,352,210,148,234,97,254,166,176,438,546,968,192,338,73,355,319,59,178,373,248,86,265,142,294,321,232,332,126,236
809,800,364,140,921,187,822,264,319,361,792,986,1431,539,491,547,643,810,916,108,489,924,531,383,602,227,633,447,447,1111,1354,2407,481,824,207,990,839,167,441,926,595,183,688,350,744,832,622,917,350,619
473,431,188,85,513,108,469,156,166,205,422,543,898,330,264,244,334,916,230,63,284,457,266,186,322,130,330,232,237,653,737,1391,279,446,116,532,457,83,259,555,308,100,381,192,409,439,344,545,164,358
78,58,24,9,61,13,59,19,26,35,57,66,118,41,37,44,51,108,63,2,29,56,42,28,40,20,45,22,32,64,94,183,41,53,18,71,51,7,38,84,41,8,42,19,48,63,37,70,22,46
313,252,96,50,281,69,263,88,79,117,257,313,507,183,155,129,197,489,284,29,65,281,161,93,181,49,175,118,132,329,405,807,153,232,56,288,232,40,140,294,185,47,227,84,203,246,172,290,88,212
521,431,212,97,545,117,471,159,159,221,447,552,937,316,272,284,352,924,457,56,281,245,262,195,342,132,327,208,244,672,746,1464,273,459,110,571,480,88,262,495,324,106,398,188,412,491,335,507,181,340
371,250,120,53,285,65,280,71,109,133,243,331,502,190,162,174,210,531,266,42,161,262,87,113,193,82,202,141,157,360,450,853,193,273,63,312,288,51,142,316,215,57,238,103,233,275,188,283,108,195
192,166,93,39,220,42,180,54,66,81,153,260,335,113,108,117,148,383,186,28,93,195,113,21,135,41,127,84,93,239,259,583,120,183,53,210,177,29,99,179,128,42,136,71,153,209,124,196,79,127
364,296,139,63,324,67,303,111,110,142,272,384,557,229,184,197,234,602,322,40,181,342,193,135,125,93,228,135,173,427,519,970,190,291,66,352,304,50,146,365,218,73,261,118,259,325,199,341,114,227
158,104,62,23,127,27,114,35,39,50,100,138,248,65,60,64,97,227,130,20,49,132,82,41,93,9,72,63,60,174,199,364,71,119,39,138,115,15,52,148,99,24,101,41,106,114,75,130,53,78
363,294,139,57,315,68,308,104,108,143,287,386,606,203,175,169,254,633,330,45,175,327,202,127,228,72,105,139,172,441,507,986,203,296,93,359,313,34,177,385,229,71,269,128,293,307,222,376,156,220
279,202,103,49,253,59,216,61,79,105,213,263,424,130,136,146,166,447,232,22,118,208,141,84,135,63,139,55,120,279,377,694,165,212,56,246,226,45,121,260,155,41,187,75,186,225,148,236,91,147
316,228,98,36,248,64,249,74,75,97,226,255,439,149,120,139,176,447,237,32,132,244,157,93,173,60,172,120,76,330,356,725,137,221,56,247,246,34,120,267,157,48,227,101,214,250,152,265,98,199
616,546,232,102,607,148,623,195,194,246,479,672,1117,395,319,370,438,1111,653,64,329,672,360,239,427,174,441,279,330,384,952,1817,326,640,147,680,608,108,343,659,450,117,495,244,516,540,403,666,266,411
714,641,295,130,764,172,719,250,231,283,593,804,1344,463,396,412,546,1354,737,94,405,746,450,259,519,199,507,377,356,952,579,2087,460,690,170,831,718,133,378,747,518,136,542,304,621,733,517,775,306,535
1161,1198,576,224,1412,309,1370,405,463,554,1156,1606,2390,899,725,830,968,2407,1391,183,807,1464,853,583,970,364,986,694,725,1817,2087,1891,740,1370,317,1477,1334,243,655,1466,963,243,1127,545,1151,1225,952,1400,477,930
250,246,117,50,261,54,261,90,107,114,198,267,442,169,146,171,192,481,279,41,153,273,193,120,190,71,203,165,137,326,460,740,76,256,56,300,271,47,125,269,201,52,196,93,243,263,175,283,112,192
525,387,193,79,487,112,460,143,154,183,376,536,865,311,264,296,338,824,446,53,232,459,273,183,291,119,296,212,221,640,690,1370,256,242,112,495,455,73,245,526,330,93,362,183,348,441,309,473,173,307
110,112,40,18,139,21,119,33,42,48,108,114,210,79,60,64,73,207,116,18,56,110,63,53,66,39,93,56,56,147,170,317,56,112,18,95,87,20,53,143,84,22,78,46,107,104,65,112,35,76
478,469,203,80,555,124,521,171,165,208,465,602,987,318,255,265,355,990,532,71,288,571,312,210,352,138,359,246,247,680,831,1477,300,495,95,283,510,85,273,571,348,108,427,192,424,501,347,559,193,331
504,432,177,73,470,112,455,154,155,198,408,521,867,315,259,281,319,839,457,51,232,480,288,177,304,115,313,226,246,608,718,1334,271,455,87,510,215,81,246,533,300,92,380,186,378,472,299,483,167,337
77,66,31,14,76,19,83,24,23,40,67,85,144,47,39,44,59,167,83,7,40,88,51,29,50,15,34,45,34,108,133,243,47,73,20,85,81,6,48,86,66,21,63,26,60,91,60,94,27,56
236,240,108,48,249,63,237,64,81,102,210,303,472,177,118,138,178,441,259,38,140,262,142,99,146,52,177,121,120,343,378,655,125,245,53,273,246,48,47,280,169,53,177,90,188,251,163,265,92,184
447,459,214,94,561,123,523,149,180,196,436,621,937,362,281,301,373,926,555,84,294,495,316,179,365,148,385,260,267,659,747,1466,269,526,143,571,533,86,280,303,343,127,365,204,414,511,355,517,216,376
307,313,144,53,340,72,321,114,132,135,271,359,615,227,201,177,248,595,308,41,185,324,215,128,218,99,229,155,157,450,518,963,201,330,84,348,300,66,169,343,110,72,208,109,258,301,222,321,140,226
110,112,41,25,104,34,101,35,39,34,79,108,166,83,51,44,86,183,100,8,47,106,57,42,73,24,71,41,48,117,136,243,52,93,22,108,92,21,53,127,72,4,85,34,76,96,58,110,32,69
358,308,140,56,389,87,338,137,110,173,304,427,666,269,222,224,265,688,381,42,227,398,238,136,261,101,269,187,227,495,542,1127,196,362,78,427,380,63,177,365,208,85,144,158,288,322,261,355,143,258
163,175,68,31,186,38,175,64,69,74,159,221,347,114,91,109,142,350,192,19,84,188,103,71,118,41,128,75,101,244,304,545,93,183,46,192,186,26,90,204,109,34,158,38,137,146,118,173,80,135
432,361,166,63,404,91,362,124,146,176,338,439,699,246,209,234,294,744,409,48,203,412,233,153,259,106,293,186,214,516,621,1151,243,348,107,424,378,60,188,414,258,76,288,137,165,358,253,399,155,287
394,402,181,89,405,130,463,149,158,199,392,527,848,305,239,262,321,832,439,63,246,491,275,209,325,114,307,225,250,540,733,1225,263,441,104,501,472,91,251,511,301,96,322,146,358,232,295,495,158,309
321,272,126,52,328,63,295,102,100,122,259,320,582,191,164,181,232,622,344,37,172,335,188,124,199,75,222,148,152,403,517,952,175,309,65,347,299,60,163,355,222,58,261,118,253,295,88,334,116,208
480,462,206,62,531,105,476,156,162,206,451,574,933,363,259,284,332,917,545,70,290,507,283,196,341,130,376,236,265,666,775,1400,283,473,112,559,483,94,265,517,321,110,355,173,399,495,334,240,185,361
159,190,73,33,182,40,198,56,72,82,156,206,312,122,103,127,126,350,164,22,88,181,108,79,114,53,156,91,98,266,306,477,112,173,35,193,167,27,92,216,140,32,143,80,155,158,116,185,37,120
377,295,162,54,350,85,339,135,99,126,260,369,616,213,174,197,236,619,358,46,212,340,195,127,227,78,220,147,199,411,535,930,192,307,76,331,337,56,184,376,226,69,258,135,287,309,208,361,120,108
