266,454,203,65,479,97,453,171,156,253,426,476,872,342,310,328,378,800,490,57,314,493,369,214,381,161,383,281,297,616,661,1225,251,428,101,507,421,88,252,493,320,104,381,177,422,398,333,459,181,406
454,184,168,76,489,96,402,118,135,182,377,488,790,277,215,239,292,768,462,46,239,447,254,179,267,101,282,205,217,551,671,1223,235,411,98,446,421,62,230,463,286,101,332,163,327,438,293,455,146,294
203,168,49,37,212,49,201,62,70,95,199,214,346,140,86,109,144,366,204,32,99,218,100,62,116,48,142,96,117,261,303,548,97,169,40,219,184,36,93,200,140,43,143,67,151,190,140,219,72,151
65,76,37,12,73,25,88,28,32,37,72,86,141,55,33,37,63,132,79,15,57,79,47,26,62,20,53,38,48,85,115,216,41,91,11,82,78,17,44,78,49,17,65,31,65,84,58,85,25,48
479,489,212,73,254,91,498,150,177,182,443,554,924,337,265,293,348,913,506,63,264,520,313,200,367,157,363,239,253,651,780,1399,279,476,104,551,475,83,228,584,353,109,379,190,384,464,315,518,170,304
97,96,49,25,91,13,111,33,34,48,96,119,199,80,52,59,74,192,100,18,69,108,56,40,73,30,90,53,62,133,165,306,60,106,22,100,105,18,47,114,71,24,89,45,90,103,73,122,41,69
453,402,201,88,498,111,256,160,155,207,392,547,848,306,241,269,374,900,463,69,272,481,295,179,326,126,354,227,242,607,709,1321,265,506,121,506,462,76,238,492,313,103,366,182,378,426,296,499,181,318
171,118,62,28,150,33,160,22,52,79,145,155,279,102,89,80,97,294,167,23,79,180,106,61,94,39,121,62,67,193,239,453,80,137,41,136,142,30,67,151,100,40,112,63,117,140,94,170,66,104
156,135,70,32,177,34,155,52,24,77,145,166,308,111,91,100,110,290,169,21,88,181,102,61,113,59,108,85,75,200,251,477,97,157,34,154,163,24,86,193,121,29,122,55,139,145,111,164,47,94
253,182,95,37,182,48,207,79,77,42,179,213,360,137,126,143,156,364,238,18,103,239,124,90,138,59,150,99,104,264,347,564,116,218,55,199,198,27,112,201,126,42,153,76,180,208,132,222,74,139
426,377,199,72,443,96,392,145,145,179,172,421,724,286,240,255,295,717,453,60,246,459,263,182,277,105,290,218,234,540,630,1132,224,419,98,456,393,74,210,432,272,86,289,169,350,369,280,440,162,300
476,488,214,86,554,119,547,155,166,213,421,287,1028,356,272,315,413,1033,576,76,312,580,344,228,364,133,390,253,308,726,854,1607,319,510,138,652,498,90,285,595,339,121,445,232,465,504,353,598,213,376
872,790,346,141,924,199,848,279,308,360,724,1028,802,602,456,510,667,1463,903,109,548,961,542,370,610,230,610,456,481,1151,1315,2455,473,836,202,969,814,153,447,918,593,215,664,362,739,812,589,932,304,577
342,277,140,55,337,80,306,102,111,137,286,356,602,108,170,172,248,587,322,37,166,335,193,122,243,93,236,152,168,374,517,954,194,304,65,332,284,64,152,358,213,67,246,107,271,314,229,351,127,227
310,215,86,33,265,52,241,89,91,126,240,272,456,170,84,136,212,477,278,37,153,275,159,86,187,74,157,127,158,327,404,747,149,274,55,274,241,45,121,319,197,51,205,115,233,237,175,294,102,204
328,239,109,37,293,59,269,80,100,143,255,315,510,172,136,75,221,505,297,32,160,301,145,82,208,55,184,131,147,342,458,807,144,261,58,300,267,43,138,330,198,54,214,112,236,274,194,310,98,211
378,292,144,63,348,74,374,97,110,156,295,413,667,248,212,221,119,655,364,38,201,350,214,137,235,81,233,200,184,453,524,1004,168,350,86,352,350,72,155,405,265,78,282,133,313,325,228,353,137,239
800,768,366,132,913,192,900,294,290,364,717,1033,1463,587,477,505,655,802,906,118,517,930,516,348,593,242,576,443,455,1142,1322,2497,479,876,200,971,796,149,471,962,597,210,672,355,706,830,574,951,312,582
490,462,204,79,506,100,463,167,169,238,453,576,903,322,278,297,364,906,240,63,271,490,306,204,363,123,362,232,245,613,760,1411,250,442,121,528,451,79,274,559,354,101,380,195,406,462,325,505,196,373
57,46,32,15,63,18,69,23,21,18,60,76,109,37,37,32,38,118,63,3,33,65,40,25,41,14,38,27,29,75,95,201,37,51,14,59,55,13,31,71,38,15,47,22,54,64,41,53,22,37
314,239,99,57,264,69,272,79,88,103,246,312,548,166,153,160,201,517,271,33,84,301,177,100,171,66,181,115,148,335,416,785,166,250,70,284,272,40,159,287,198,61,218,97,238,264,163,288,103,196
493,447,218,79,520,108,481,180,181,239,459,580,961,335,275,301,350,930,490,65,301,270,316,182,354,126,362,244,251,632,766,1416,269,466,112,543,461,90,281,540,370,117,366,184,432,461,329,512,214,369
369,254,100,47,313,56,295,106,102,124,263,344,542,193,159,145,214,516,306,40,177,316,85,111,183,68,173,146,166,375,470,846,172,296,61,329,295,59,146,319,209,56,250,114,251,259,191,319,128,207
214,179,62,26,200,40,179,61,61,90,182,228,370,122,86,82,137,348,204,25,100,182,111,39,110,47,135,96,85,223,294,545,99,173,41,231,192,37,109,225,139,37,155,58,142,202,123,194,61,143
381,267,116,62,367,73,326,94,113,138,277,364,610,243,187,208,235,593,363,41,171,354,183,110,106,82,214,140,154,410,486,943,193,326,87,385,305,49,153,339,207,79,244,133,247,314,196,357,141,209
161,101,48,20,157,30,126,39,59,59,105,133,230,93,74,55,81,242,123,14,66,126,68,47,82,13,90,72,59,169,190,374,68,145,35,122,110,19,58,130,85,30,92,48,100,113,76,139,48,85
383,282,142,53,363,90,354,121,108,150,290,390,610,236,157,184,233,576,362,38,181,362,173,135,214,90,123,163,165,426,530,965,160,323,85,332,304,49,161,358,241,76,250,148,287,314,212,360,122,226
281,205,96,38,239,53,227,62,85,99,218,253,456,152,127,131,200,443,232,27,115,244,146,96,140,72,163,55,117,294,364,683,128,213,61,248,239,49,116,244,156,52,194,86,177,246,136,250,90,176
297,217,117,48,253,62,242,67,75,104,234,308,481,168,158,147,184,455,245,29,148,251,166,85,154,59,165,117,54,282,396,732,139,241,51,255,239,43,128,276,159,48,201,94,210,241,162,287,93,190
616,551,261,85,651,133,607,193,200,264,540,726,1151,374,327,342,453,1142,613,75,335,632,375,223,410,169,426,294,282,422,952,1803,346,580,141,660,551,126,341,677,425,142,486,230,487,581,426,667,235,430
661,671,303,115,780,165,709,239,251,347,630,854,1315,517,404,458,524,1322,760,95,416,766,470,294,486,190,530,364,396,952,604,2111,377,682,147,783,696,136,388,811,522,149,582,286,604,686,469,767,258,486
1225,1223,548,216,1399,306,1321,453,477,564,1132,1607,2455,954,747,807,1004,2497,1411,201,785,1416,846,545,943,374,965,683,732,1803,2111,1851,742,1253,310,1524,1217,235,671,1402,921,322,965,567,1179,1288,855,1427,484,965
251,235,97,41,279,60,265,80,97,116,224,319,473,194,149,144,168,479,250,37,166,269,172,99,193,68,160,128,139,346,377,742,68,278,69,289,223,49,114,273,198,62,177,108,241,261,153,267,100,185
428,411,169,91,476,106,506,137,157,218,419,510,836,304,274,261,350,876,442,51,250,466,296,173,326,145,323,213,241,580,682,1253,278,222,109,474,483,89,238,486,314,97,351,184,391,428,275,477,165,307
101,98,40,11,104,22,121,41,34,55,98,138,202,65,55,58,86,200,121,14,70,112,61,41,87,35,85,61,51,141,147,310,69,109,12,118,107,18,56,104,64,24,82,43,102,101,88,141,42,77
507,446,219,82,551,100,506,136,154,199,456,652,969,332,274,300,352,971,528,59,284,543,329,231,385,122,332,248,255,660,783,1524,289,474,118,247,469,98,238,612,341,107,430,227,443,467,338,518,219,343
421,421,184,78,475,105,462,142,163,198,393,498,814,284,241,267,350,796,451,55,272,461,295,192,305,110,304,239,239,551,696,1217,223,483,107,469,197,76,224,490,298,88,346,184,359,447,290,503,151,327
88,62,36,17,83,18,76,30,24,27,74,90,153,64,45,43,72,149,79,13,40,90,59,37,49,19,49,49,43,126,136,235,49,89,18,98,76,5,57,95,57,19,54,27,73,75,35,92,30,50
252,230,93,44,228,47,238,67,86,112,210,285,447,152,121,138,155,471,274,31,159,281,146,109,153,58,161,116,128,341,388,671,114,238,56,238,224,57,58,279,162,51,221,96,176,218,149,264,92,172
493,463,200,78,584,114,492,151,193,201,432,595,918,358,319,330,405,962,559,71,287,540,319,225,339,130,358,244,276,677,811,1402,273,486,104,612,490,95,279,295,339,96,413,202,411,494,354,534,150,372
320,286,140,49,353,71,313,100,121,126,272,339,593,213,197,198,265,597,354,38,198,370,209,139,207,85,241,156,159,425,522,921,198,314,64,341,298,57,162,339,111,66,248,139,267,353,213,340,122,242
104,101,43,17,109,24,103,40,29,42,86,121,215,67,51,54,78,210,101,15,61,117,56,37,79,30,76,52,48,142,149,322,62,97,24,107,88,19,51,96,66,8,83,37,95,90,63,124,45,85
381,332,143,65,379,89,366,112,122,153,289,445,664,246,205,214,282,672,380,47,218,366,250,155,244,92,250,194,201,486,582,965,177,351,82,430,346,54,221,413,248,83,137,137,296,329,240,368,136,275
177,163,67,31,190,45,182,63,55,76,169,232,362,107,115,112,133,355,195,22,97,184,114,58,133,48,148,86,94,230,286,567,108,184,43,227,184,27,96,202,139,37,137,32,139,174,117,197,71,136
422,327,151,65,384,90,378,117,139,180,350,465,739,271,233,236,313,706,406,54,238,432,251,142,247,100,287,177,210,487,604,1179,241,391,102,443,359,73,176,411,267,95,296,139,162,372,243,455,159,277
398,438,190,84,464,103,426,140,145,208,369,504,812,314,237,274,325,830,462,64,264,461,259,202,314,113,314,246,241,581,686,1288,261,428,101,467,447,75,218,494,353,90,329,174,372,195,285,459,159,304
333,293,140,58,315,73,296,94,111,132,280,353,589,229,175,194,228,574,325,41,163,329,191,123,196,76,212,136,162,426,469,855,153,275,88,338,290,35,149,354,213,63,240,117,243,285,102,341,117,228
459,455,219,85,518,122,499,170,164,222,440,598,932,351,294,310,353,951,505,53,288,512,319,194,357,139,360,250,287,667,767,1427,267,477,141,518,503,92,264,534,340,124,368,197,455,459,341,263,195,332
181,146,72,25,170,41,181,66,47,74,162,213,304,127,102,98,137,312,196,22,103,214,128,61,141,48,122,90,93,235,258,484,100,165,42,219,151,30,92,150,122,45,136,71,159,159,117,195,30,129
406,294,151,48,304,69,318,104,94,139,300,376,577,227,204,211,239,582,373,37,196,369,207,143,209,85,226,176,190,430,486,965,185,307,77,343,327,50,172,372,242,85,275,136,277,304,228,332,129,117
