266,468,208,86,505,107,451,193,160,249,480,531,820,351,286,292,359,801,479,73,324,513,347,190,367,144,380,271,286,623,695,1191,245,518,123,520,475,92,256,463,310,122,393,185,425,437,298,462,174,377
468,184,188,77,456,91,419,101,148,182,341,447,797,299,204,228,303,788,431,55,251,461,249,163,268,120,298,193,206,548,668,1247,244,412,99,431,414,87,192,446,274,79,359,171,356,406,285,443,143,285
208,188,40,41,181,56,202,65,71,76,174,230,372,114,99,119,139,372,192,22,112,189,94,81,144,61,135,90,110,245,317,561,100,206,37,191,172,36,105,226,134,33,141,65,156,179,125,221,70,131
86,77,41,4,80,19,63,29,28,33,76,79,142,38,49,57,57,136,99,16,42,92,50,31,65,28,68,41,56,100,111,219,43,72,17,99,80,17,34,85,54,13,63,31,69,77,54,92,26,43
505,456,181,80,248,109,493,142,185,223,423,574,942,338,274,302,369,945,513,66,286,518,311,225,359,135,350,260,248,672,767,1400,271,494,127,548,501,67,248,553,330,103,412,181,426,481,315,546,200,325
107,91,56,19,109,10,111,32,41,45,93,112,190,64,70,87,88,165,124,14,65,126,74,46,68,25,77,51,65,139,170,276,71,106,24,125,111,24,47,110,69,19,72,44,98,117,80,101,40,61
451,419,202,63,493,111,236,146,151,187,382,509,871,331,266,289,342,826,496,68,276,476,300,218,328,141,366,219,278,616,721,1339,257,424,116,519,448,99,233,471,313,98,351,199,399,433,304,509,191,306
193,101,65,29,142,32,146,14,55,75,141,176,271,93,77,82,117,256,120,16,80,136,107,80,108,36,99,65,70,185,213,457,71,149,31,158,144,27,61,182,94,30,106,60,124,142,85,171,51,123
160,148,71,28,185,41,151,55,26,60,134,178,313,102,87,91,134,289,161,19,86,163,110,72,127,43,116,88,85,188,256,481,99,175,29,157,148,24,84,190,108,34,156,59,136,150,92,176,51,121
249,182,76,33,223,45,187,75,60,45,167,211,358,116,109,128,145,334,192,19,127,195,132,88,130,56,147,99,125,239,284,534,111,190,36,219,200,34,102,215,125,46,145,76,168,179,113,196,82,129
480,341,174,76,423,93,382,141,134,167,184,474,764,271,216,238,304,734,460,46,279,443,252,187,278,110,282,196,216,505,619,1124,207,419,98,468,392,87,213,451,283,81,321,163,338,381,275,426,156,268
531,447,230,79,574,112,509,176,178,211,474,291,1030,352,319,334,415,1032,556,60,296,565,328,211,393,143,370,277,272,679,878,1596,312,513,137,571,518,86,299,573,357,118,440,232,458,527,377,559,216,395
820,797,372,142,942,190,871,271,313,358,764,1030,836,606,463,523,718,1511,894,112,485,950,586,364,610,234,610,413,430,1141,1387,2565,478,811,200,969,837,174,494,995,606,184,628,366,749,838,550,901,334,611
351,299,114,38,338,64,331,93,102,116,271,352,606,97,166,204,198,580,315,43,183,352,194,132,214,77,202,133,170,355,513,933,185,283,63,330,319,53,147,351,204,60,250,134,285,309,171,326,129,214
286,204,99,49,274,70,266,77,87,109,216,319,463,166,65,120,200,461,273,32,157,278,145,100,159,53,160,127,131,303,397,758,137,273,51,272,260,45,127,294,168,45,183,97,210,245,158,326,106,166
292,228,119,57,302,87,289,82,91,128,238,334,523,204,120,67,206,495,265,35,168,278,153,120,207,57,183,133,133,366,478,859,160,286,54,259,284,48,141,327,187,44,219,99,232,294,160,346,104,176
359,303,139,57,369,88,342,117,134,145,304,415,718,198,200,206,140,688,370,44,215,398,216,136,254,109,257,184,186,462,563,997,201,352,87,351,342,74,175,384,222,82,280,128,266,325,222,338,133,251
801,788,372,136,945,165,826,256,289,334,734,1032,1511,580,461,495,688,779,899,123,468,903,545,367,600,228,641,409,420,1137,1393,2494,458,848,176,965,890,158,458,938,594,205,650,365,705,854,539,947,323,622
479,431,192,99,513,124,496,120,161,192,460,556,894,315,273,265,370,899,244,50,284,504,302,217,349,127,321,269,261,617,763,1433,308,480,119,532,472,86,209,524,318,84,404,192,418,471,304,526,189,323
73,55,22,16,66,14,68,16,19,19,46,60,112,43,32,35,44,123,50,3,31,67,35,17,45,14,29,29,25,76,98,159,40,68,16,62,66,14,31,86,45,6,60,12,60,51,33,84,18,36
324,251,112,42,286,65,276,80,86,127,279,296,485,183,157,168,215,468,284,31,72,289,165,135,194,58,181,92,128,312,413,829,144,282,59,286,257,45,144,309,160,45,228,90,239,261,200,295,100,207
513,461,189,92,518,126,476,136,163,195,443,565,950,352,278,278,398,903,504,67,289,277,298,217,362,129,333,273,222,626,781,1443,268,495,104,520,472,84,228,520,347,116,421,181,412,479,308,518,173,306
347,249,94,50,311,74,300,107,110,132,252,328,586,194,145,153,216,545,302,35,165,298,90,123,209,81,199,131,193,369,437,783,150,269,50,309,285,52,153,321,179,65,229,136,233,252,170,326,98,213
190,163,81,31,225,46,218,80,72,88,187,211,364,132,100,120,136,367,217,17,135,217,123,43,128,57,147,86,104,233,315,565,99,183,44,212,183,40,119,215,125,46,173,88,151,189,128,214,74,132
367,268,144,65,359,68,328,108,127,130,278,393,610,214,159,207,254,600,349,45,194,362,209,128,104,84,214,150,182,416,500,937,164,297,86,335,341,62,161,376,218,69,261,137,245,315,185,343,125,216
144,120,61,28,135,25,141,36,43,56,110,143,234,77,53,57,109,228,127,14,58,129,81,57,84,18,92,55,67,158,186,352,95,109,34,133,126,19,69,150,82,17,100,50,106,99,89,125,57,96
380,298,135,68,350,77,366,99,116,147,282,370,610,202,160,183,257,641,321,29,181,333,199,147,214,92,115,160,161,428,475,935,190,323,93,363,336,66,162,380,225,56,284,128,279,314,225,377,120,214
271,193,90,41,260,51,219,65,88,99,196,277,413,133,127,133,184,409,269,29,92,273,131,86,150,55,160,55,110,289,361,651,119,200,55,203,202,42,113,235,162,48,164,91,193,230,132,250,80,153
286,206,110,56,248,65,278,70,85,125,216,272,430,170,131,133,186,420,261,25,128,222,193,104,182,67,161,110,65,302,364,703,139,242,47,263,255,32,123,274,162,53,176,95,192,247,153,295,96,179
623,548,245,100,672,139,616,185,188,239,505,679,1141,355,303,366,462,1137,617,76,312,626,369,233,416,158,428,289,302,402,960,1811,375,582,135,648,568,102,306,674,416,138,451,251,513,607,378,617,240,444
695,668,317,111,767,170,721,213,256,284,619,878,1387,513,397,478,563,1393,763,98,413,781,437,315,500,186,475,361,364,960,566,2120,426,718,186,834,695,131,378,775,507,161,569,306,626,681,483,807,276,485
1191,1247,561,219,1400,276,1339,457,481,534,1124,1596,2565,933,758,859,997,2494,1433,159,829,1443,783,565,937,352,935,651,703,1811,2120,1943,745,1263,343,1481,1349,240,736,1474,885,318,1023,591,1168,1309,907,1420,559,924
245,244,100,43,271,71,257,71,99,111,207,312,478,185,137,160,201,458,308,40,144,268,150,99,164,95,190,119,139,375,426,745,60,250,60,279,274,39,130,273,173,46,199,120,212,233,154,280,100,169
518,412,206,72,494,106,424,149,175,190,419,513,811,283,273,286,352,848,480,68,282,495,269,183,297,109,323,200,242,582,718,1263,250,228,104,514,442,84,219,501,296,112,346,150,365,468,308,505,177,291
123,99,37,17,127,24,116,31,29,36,98,137,200,63,51,54,87,176,119,16,59,104,50,44,86,34,93,55,47,135,186,343,60,104,11,128,94,18,52,113,83,24,96,52,85,99,71,105,42,66
520,431,191,99,548,125,519,158,157,219,468,571,969,330,272,259,351,965,532,62,286,520,309,212,335,133,363,203,263,648,834,1481,279,514,128,258,498,86,246,576,348,110,446,224,410,504,306,566,192,363
475,414,172,80,501,111,448,144,148,200,392,518,837,319,260,284,342,890,472,66,257,472,285,183,341,126,336,202,255,568,695,1349,274,442,94,498,216,82,246,487,318,92,317,164,388,472,296,508,166,341
92,87,36,17,67,24,99,27,24,34,87,86,174,53,45,48,74,158,86,14,45,84,52,40,62,19,66,42,32,102,131,240,39,84,18,86,82,5,57,95,53,24,58,27,77,84,40,79,22,62
256,192,105,34,248,47,233,61,84,102,213,299,494,147,127,141,175,458,209,31,144,228,153,119,161,69,162,113,123,306,378,736,130,219,52,246,246,57,55,287,156,47,196,98,180,219,147,235,87,165
463,446,226,85,553,110,471,182,190,215,451,573,995,351,294,327,384,938,524,86,309,520,321,215,376,150,380,235,274,674,775,1474,273,501,113,576,487,95,287,263,339,102,396,206,421,501,379,554,193,317
310,274,134,54,330,69,313,94,108,125,283,357,606,204,168,187,222,594,318,45,160,347,179,125,218,82,225,162,162,416,507,885,173,296,83,348,318,53,156,339,100,59,241,132,300,317,225,368,120,216
122,79,33,13,103,19,98,30,34,46,81,118,184,60,45,44,82,205,84,6,45,116,65,46,69,17,56,48,53,138,161,318,46,112,24,110,92,24,47,102,59,8,83,38,109,92,66,107,43,67
393,359,141,63,412,72,351,106,156,145,321,440,628,250,183,219,280,650,404,60,228,421,229,173,261,100,284,164,176,451,569,1023,199,346,96,446,317,58,196,396,241,83,133,143,303,359,228,357,156,246
185,171,65,31,181,44,199,60,59,76,163,232,366,134,97,99,128,365,192,12,90,181,136,88,137,50,128,91,95,251,306,591,120,150,52,224,164,27,98,206,132,38,143,34,159,179,117,246,72,124
425,356,156,69,426,98,399,124,136,168,338,458,749,285,210,232,266,705,418,60,239,412,233,151,245,106,279,193,192,513,626,1168,212,365,85,410,388,77,180,421,300,109,303,159,156,360,254,450,130,257
437,406,179,77,481,117,433,142,150,179,381,527,838,309,245,294,325,854,471,51,261,479,252,189,315,99,314,230,247,607,681,1309,233,468,99,504,472,84,219,501,317,92,359,179,360,201,319,483,142,308
298,285,125,54,315,80,304,85,92,113,275,377,550,171,158,160,222,539,304,33,200,308,170,128,185,89,225,132,153,378,483,907,154,308,71,306,296,40,147,379,225,66,228,117,254,319,75,311,130,196
462,443,221,92,546,101,509,171,176,196,426,559,901,326,326,346,338,947,526,84,295,518,326,214,343,125,377,250,295,617,807,1420,280,505,105,566,508,79,235,554,368,107,357,246,450,483,311,250,196,351
174,143,70,26,200,40,191,51,51,82,156,216,334,129,106,104,133,323,189,18,100,173,98,74,125,57,120,80,96,240,276,559,100,177,42,192,166,22,87,193,120,43,156,72,130,142,130,196,34,122
377,285,131,43,325,61,306,123,121,129,268,395,611,214,166,176,251,622,323,36,207,306,213,132,216,96,214,153,179,444,485,924,169,291,66,363,341,62,165,317,216,67,246,124,257,308,196,351,122,109
