271,429,200,87,517,121,454,158,141,228,443,525,810,359,327,340,367,853,497,63,304,486,327,224,361,159,377,283,275,601,688,1137,236,459,109,502,472,89,265,459,294,103,370,190,417,412,351,483,147,364
429,192,183,73,455,103,424,127,156,179,409,487,808,276,222,211,285,802,409,58,260,458,257,201,305,110,285,181,195,538,636,1272,251,402,71,436,428,71,186,455,258,94,315,141,379,394,268,452,162,300
200,183,41,26,203,35,202,69,55,83,174,206,404,119,128,108,129,371,227,29,111,231,118,90,127,40,123,108,96,268,299,584,114,195,45,220,197,23,102,202,137,38,153,77,168,168,149,207,88,139
87,73,26,4,77,18,68,33,36,32,66,83,140,58,47,56,67,125,76,12,55,76,43,33,43,24,68,47,51,95,111,203,34,83,19,86,87,9,35,67,40,18,52,33,60,83,46,81,24,60
517,455,203,77,276,113,488,168,174,209,428,590,945,323,255,287,374,913,508,67,299,502,304,184,340,152,372,236,266,593,759,1385,272,454,109,536,491,98,248,514,355,97,382,180,433,464,297,513,186,333
121,103,35,18,113,9,110,27,42,42,83,119,175,68,59,58,70,162,103,12,63,99,65,56,72,36,92,57,68,146,160,288,47,92,17,125,109,10,53,115,72,25,74,43,90,95,67,101,33,82
454,424,202,68,488,110,231,147,155,200,382,532,852,303,262,285,334,853,435,57,258,462,267,189,308,144,351,240,242,624,687,1317,263,441,86,495,447,74,217,531,309,96,355,184,374,483,279,485,168,334
158,127,69,33,168,27,147,25,55,76,138,182,270,97,63,84,119,296,140,15,83,150,91,64,94,43,96,61,91,168,242,452,92,129,29,173,125,27,72,154,111,29,124,48,117,145,104,144,50,98
141,156,55,36,174,42,155,55,37,75,133,184,289,117,88,105,116,293,176,21,76,183,109,72,108,42,92,86,76,220,255,440,90,152,39,159,153,30,73,156,96,39,121,80,139,171,105,164,75,109
228,179,83,32,209,42,200,76,75,34,181,234,374,125,116,130,162,364,223,19,115,224,120,98,129,49,159,110,116,267,314,557,105,192,56,213,191,33,112,212,157,40,150,64,198,173,125,206,81,122
443,409,174,66,428,83,382,138,133,181,194,467,771,274,248,270,303,716,391,54,253,429,257,200,280,113,311,190,243,499,605,1158,217,385,90,426,445,88,207,430,288,84,305,157,363,374,254,430,156,257
525,487,206,83,590,119,532,182,184,234,467,325,994,349,266,296,415,951,571,77,303,583,339,221,372,146,370,250,286,720,823,1499,275,516,134,598,507,103,274,594,378,118,412,214,418,519,335,592,203,382
810,808,404,140,945,175,852,270,289,374,771,994,789,553,485,556,642,1423,947,119,530,973,545,341,579,234,607,409,470,1193,1365,2368,478,858,198,1013,839,150,435,918,594,193,652,342,682,832,553,982,339,599
359,276,119,58,323,68,303,97,117,125,274,349,553,102,193,197,228,543,303,41,182,321,192,122,231,76,218,153,176,376,521,889,183,328,88,330,314,54,155,350,200,56,282,121,278,297,205,325,139,228
327,222,128,47,255,59,262,63,88,116,248,266,485,193,88,159,194,490,286,34,171,271,187,109,198,68,187,125,157,336,410,767,159,265,63,286,255,37,128,312,176,63,221,88,225,240,161,277,113,183
340,211,108,56,287,58,285,84,105,130,270,296,556,197,159,94,201,549,300,32,170,310,204,121,210,87,197,126,142,383,427,852,174,263,69,290,298,46,146,337,209,48,249,108,264,265,186,315,138,186
367,285,129,67,374,70,334,119,116,162,303,415,642,228,194,201,124,664,373,48,195,357,208,132,244,100,230,154,169,449,503,1037,197,347,77,397,321,61,204,358,221,72,275,121,294,317,216,382,126,238
853,802,371,125,913,162,853,296,293,364,716,951,1423,543,490,549,664,730,926,115,516,887,538,345,586,233,624,429,466,1128,1311,2352,441,822,216,995,875,146,452,885,612,198,671,371,703,777,545,927,336,597
497,409,227,76,508,103,435,140,176,223,391,571,947,303,286,300,373,926,236,61,299,452,276,181,307,129,315,230,266,650,761,1417,289,474,133,571,462,90,259,539,311,92,364,186,377,448,327,496,197,343
63,58,29,12,67,12,57,15,21,19,54,77,119,41,34,32,48,115,61,3,31,53,30,24,46,19,44,27,40,72,108,200,40,64,12,69,61,15,28,68,39,13,44,23,67,67,33,62,19,48
304,260,111,55,299,63,258,83,76,115,253,303,530,182,171,170,195,516,299,31,81,275,208,142,201,65,177,122,141,315,435,852,185,273,72,271,281,43,119,291,182,62,229,94,205,269,177,280,111,194
486,458,231,76,502,99,462,150,183,224,429,583,973,321,271,310,357,887,452,53,275,256,310,184,334,121,321,227,267,645,774,1393,271,455,106,541,438,83,262,527,317,110,394,182,387,474,321,545,182,367
327,257,118,43,304,65,267,91,109,120,257,339,545,192,187,204,208,538,276,30,208,310,97,136,191,71,190,138,150,354,437,820,171,299,79,322,306,48,130,304,196,44,240,112,253,276,184,302,128,185
224,201,90,33,184,56,189,64,72,98,200,221,341,122,109,121,132,345,181,24,142,184,136,36,130,44,122,96,96,247,276,545,96,204,51,194,212,25,91,199,131,38,164,62,152,184,108,171,69,158
361,305,127,43,340,72,308,94,108,129,280,372,579,231,198,210,244,586,307,46,201,334,191,130,99,81,235,147,159,398,503,945,188,302,68,350,338,49,145,353,208,74,231,118,257,322,186,341,124,227
159,110,40,24,152,36,144,43,42,49,113,146,234,76,68,87,100,233,129,19,65,121,71,44,81,13,61,43,50,151,189,368,69,134,36,146,142,19,56,140,83,23,107,33,108,125,81,134,50,92
377,285,123,68,372,92,351,96,92,159,311,370,607,218,187,197,230,624,315,44,177,321,190,122,235,61,101,141,158,403,492,991,168,340,75,366,370,52,138,355,217,69,259,102,278,318,194,340,139,221
283,181,108,47,236,57,240,61,86,110,190,250,409,153,125,126,154,429,230,27,122,227,138,96,147,43,141,65,116,292,363,692,148,213,62,215,225,32,116,233,142,61,174,96,199,219,141,216,102,167
275,195,96,51,266,68,242,91,76,116,243,286,470,176,157,142,169,466,266,40,141,267,150,96,159,50,158,116,60,324,398,685,143,225,62,256,248,28,127,266,163,50,251,95,204,236,138,267,106,185
601,538,268,95,593,146,624,168,220,267,499,720,1193,376,336,383,449,1128,650,72,315,645,354,247,398,151,403,292,324,408,960,1735,351,582,159,669,614,103,282,657,411,113,510,252,516,612,400,701,255,405
688,636,299,111,759,160,687,242,255,314,605,823,1365,521,410,427,503,1311,761,108,435,774,437,276,503,189,492,363,398,960,577,2129,416,706,172,820,652,128,368,803,479,157,517,277,610,686,479,730,266,490
1137,1272,584,203,1385,288,1317,452,440,557,1158,1499,2368,889,767,852,1037,2352,1417,200,852,1393,820,545,945,368,991,692,685,1735,2129,1889,674,1232,325,1503,1293,234,658,1493,959,308,999,456,1069,1229,885,1397,504,917
236,251,114,34,272,47,263,92,90,105,217,275,478,183,159,174,197,441,289,40,185,271,171,96,188,69,168,148,143,351,416,674,74,274,75,260,265,29,142,285,183,52,168,112,215,217,177,282,108,178
459,402,195,83,454,92,441,129,152,192,385,516,858,328,265,263,347,822,474,64,273,455,299,204,302,134,340,213,225,582,706,1232,274,224,103,485,453,79,230,462,307,103,379,165,364,417,310,479,183,306
109,71,45,19,109,17,86,29,39,56,90,134,198,88,63,69,77,216,133,12,72,106,79,51,68,36,75,62,62,159,172,325,75,103,7,128,91,18,55,152,69,28,100,45,86,119,73,120,38,61
502,436,220,86,536,125,495,173,159,213,426,598,1013,330,286,290,397,995,571,69,271,541,322,194,350,146,366,215,256,669,820,1503,260,485,128,275,470,91,265,572,354,104,393,196,417,473,347,543,199,317
472,428,197,87,491,109,447,125,153,191,445,507,839,314,255,298,321,875,462,61,281,438,306,212,338,142,370,225,248,614,652,1293,265,453,91,470,234,66,217,493,307,97,369,164,360,403,315,475,151,306
89,71,23,9,98,10,74,27,30,33,88,103,150,54,37,46,61,146,90,15,43,83,48,25,49,19,52,32,28,103,128,234,29,79,18,91,66,4,34,93,50,22,61,34,65,98,55,77,41,67
265,186,102,35,248,53,217,72,73,112,207,274,435,155,128,146,204,452,259,28,119,262,130,91,145,56,138,116,127,282,368,658,142,230,55,265,217,34,57,225,166,40,195,83,189,217,164,239,95,177
459,455,202,67,514,115,531,154,156,212,430,594,918,350,312,337,358,885,539,68,291,527,304,199,353,140,355,233,266,657,803,1493,285,462,152,572,493,93,225,264,336,119,375,191,424,492,331,528,207,370
294,258,137,40,355,72,309,111,96,157,288,378,594,200,176,209,221,612,311,39,182,317,196,131,208,83,217,142,163,411,479,959,183,307,69,354,307,50,166,336,93,57,258,124,275,292,204,389,117,206
103,94,38,18,97,25,96,29,39,40,84,118,193,56,63,48,72,198,92,13,62,110,44,38,74,23,69,61,50,113,157,308,52,103,28,104,97,22,40,119,57,11,92,36,68,103,66,107,40,74
370,315,153,52,382,74,355,124,121,150,305,412,652,282,221,249,275,671,364,44,229,394,240,164,231,107,259,174,251,510,517,999,168,379,100,393,369,61,195,375,258,92,121,155,316,341,240,403,149,276
190,141,77,33,180,43,184,48,80,64,157,214,342,121,88,108,121,371,186,23,94,182,112,62,118,33,102,96,95,252,277,456,112,165,45,196,164,34,83,191,124,36,155,27,131,171,106,186,62,121
417,379,168,60,433,90,374,117,139,198,363,418,682,278,225,264,294,703,377,67,205,387,253,152,257,108,278,199,204,516,610,1069,215,364,86,417,360,65,189,424,275,68,316,131,162,356,244,406,150,288
412,394,168,83,464,95,483,145,171,173,374,519,832,297,240,265,317,777,448,67,269,474,276,184,322,125,318,219,236,612,686,1229,217,417,119,473,403,98,217,492,292,103,341,171,356,220,311,517,180,274
351,268,149,46,297,67,279,104,105,125,254,335,553,205,161,186,216,545,327,33,177,321,184,108,186,81,194,141,138,400,479,885,177,310,73,347,315,55,164,331,204,66,240,106,244,311,75,358,124,198
483,452,207,81,513,101,485,144,164,206,430,592,982,325,277,315,382,927,496,62,280,545,302,171,341,134,340,216,267,701,730,1397,282,479,120,543,475,77,239,528,389,107,403,186,406,517,358,256,184,340
147,162,88,24,186,33,168,50,75,81,156,203,339,139,113,138,126,336,197,19,111,182,128,69,124,50,139,102,106,255,266,504,108,183,38,199,151,41,95,207,117,40,149,62,150,180,124,184,40,112
364,300,139,60,333,82,334,98,109,122,257,382,599,228,183,186,238,597,343,48,194,367,185,158,227,92,221,167,185,405,490,917,178,306,61,317,306,67,177,370,206,74,276,121,288,274,198,340,112,91
