247,447,207,101,520,118,477,183,168,243,444,549,807,364,320,340,348,796,506,76,303,506,342,187,346,154,365,292,303,635,701,1169,237,511,112,492,493,62,252,468,324,98,382,189,452,416,317,445,183,363
447,184,187,71,448,82,391,134,135,184,360,478,811,277,242,246,330,799,422,56,231,439,229,187,276,108,279,229,220,565,651,1286,237,405,97,443,427,69,217,481,313,83,365,169,363,390,266,457,158,297
207,187,37,36,220,49,203,62,65,87,184,215,337,133,98,123,144,334,215,18,115,209,90,89,137,49,142,101,92,254,304,504,111,183,41,208,174,33,79,219,125,35,157,77,154,195,146,204,59,114
101,71,36,10,96,19,81,34,23,42,74,82,141,68,45,48,60,158,79,15,61,91,48,31,45,20,51,55,49,91,124,208,41,80,24,85,69,13,42,83,63,24,64,29,64,66,63,82,32,54
520,448,220,96,242,125,524,145,171,206,435,589,924,360,248,298,404,902,542,59,293,532,307,206,352,129,342,234,260,608,745,1431,269,482,129,529,500,88,229,566,334,101,395,184,409,453,289,529,189,325
118,82,49,19,125,10,106,32,38,57,89,124,185,85,60,67,71,203,109,16,67,110,69,43,66,27,72,71,67,126,148,296,61,114,28,110,87,11,51,117,82,23,86,44,85,83,71,111,40,71
477,391,203,81,524,106,224,149,152,198,367,518,872,323,235,275,366,874,457,61,311,453,275,154,313,117,318,238,248,627,716,1294,242,437,101,494,442,83,250,478,313,101,405,187,346,422,308,469,162,301
183,134,62,34,145,32,149,18,41,61,122,202,274,85,75,85,112,278,140,25,82,153,81,66,106,41,110,74,69,186,218,433,85,122,38,152,143,21,66,152,105,30,136,57,132,159,99,170,60,104
168,135,65,23,171,38,152,41,20,57,138,187,315,94,72,77,108,335,171,20,94,170,95,63,116,31,112,81,79,214,234,433,105,157,38,167,158,25,69,172,106,34,127,52,134,157,97,158,59,94
243,184,87,42,206,57,198,61,57,57,166,217,339,138,109,136,150,355,198,29,120,203,129,85,144,52,127,111,120,268,306,568,106,200,42,213,177,31,87,200,133,46,189,73,165,166,136,206,66,156
444,360,184,74,435,89,367,122,138,166,176,446,740,302,219,271,290,746,438,60,232,431,267,173,277,112,294,230,252,517,627,1158,229,449,82,442,390,54,181,442,250,99,340,159,315,390,258,431,129,286
549,478,215,82,589,124,518,202,187,217,446,333,1037,400,309,324,374,1029,584,64,315,579,310,213,376,142,373,247,272,728,884,1601,300,514,134,603,520,93,311,628,405,118,425,199,440,491,351,565,192,361
807,811,337,141,924,185,872,274,315,339,740,1037,813,584,424,452,650,1420,916,110,521,947,542,367,589,234,611,407,445,1138,1327,2504,476,859,222,936,851,166,451,965,605,186,643,328,708,852,560,919,345,596
364,277,133,68,360,85,323,85,94,138,302,400,584,113,150,174,228,593,311,42,196,310,194,118,248,84,213,147,185,377,513,920,166,328,72,320,318,50,166,363,215,65,284,102,255,305,202,359,119,236
320,242,98,45,248,60,235,75,72,109,219,309,424,150,57,136,192,440,239,31,138,279,169,102,172,74,163,139,152,334,401,767,156,244,65,274,232,48,128,264,156,60,196,81,200,258,173,271,98,188
340,246,123,48,298,67,275,85,77,136,271,324,452,174,136,93,216,486,281,36,146,310,149,117,169,74,178,143,154,355,440,839,161,264,66,295,284,41,153,296,161,72,239,103,229,275,172,300,97,208
348,330,144,60,404,71,366,112,108,150,290,374,650,228,192,216,144,607,387,50,214,402,230,127,208,87,231,174,193,457,572,1030,220,359,73,358,372,55,192,410,211,79,293,139,323,345,222,375,137,267
796,799,334,158,902,203,874,278,335,355,746,1029,1420,593,440,486,607,815,893,112,517,942,531,355,602,230,622,408,461,1094,1333,2457,459,861,197,962,898,171,472,936,603,190,665,308,724,831,559,930,340,611
506,422,215,79,542,109,457,140,171,198,438,584,916,311,239,281,387,893,240,67,295,460,307,220,335,116,309,235,253,640,733,1415,273,447,97,504,453,95,268,567,330,110,392,187,397,462,341,559,188,338
76,56,18,15,59,16,61,25,20,29,60,64,110,42,31,36,50,112,67,2,37,72,40,29,43,18,31,29,25,67,102,171,32,55,10,55,69,16,35,51,34,8,43,18,47,65,44,72,28,42
303,231,115,61,293,67,311,82,94,120,232,315,521,196,138,146,214,517,295,37,67,312,170,116,181,66,170,103,152,348,442,790,149,259,65,292,276,57,136,323,206,55,220,108,252,236,153,289,121,193
506,439,209,91,532,110,453,153,170,203,431,579,947,310,279,310,402,942,460,72,312,256,289,205,348,123,357,239,253,676,742,1394,280,471,111,540,484,103,267,569,304,103,382,202,417,482,356,545,202,368
342,229,90,48,307,69,275,81,95,129,267,310,542,194,169,149,230,531,307,40,170,289,87,119,202,88,204,157,144,377,428,813,145,243,59,305,265,42,151,335,188,68,273,103,246,237,201,351,108,205
187,187,89,31,206,43,154,66,63,85,173,213,367,118,102,117,127,355,220,29,116,205,119,36,133,49,123,92,117,234,296,572,117,199,50,197,179,34,101,199,114,54,163,64,135,168,145,182,66,127
346,276,137,45,352,66,313,106,116,144,277,376,589,248,172,169,208,602,335,43,181,348,202,133,127,83,221,162,173,431,491,967,178,293,66,332,299,56,170,345,192,72,267,121,285,308,216,333,124,233
154,108,49,20,129,27,117,41,31,52,112,142,234,84,74,74,87,230,116,18,66,123,88,49,83,15,76,61,69,167,174,352,72,111,34,133,123,25,67,136,71,24,95,38,104,102,87,143,59,86
365,279,142,51,342,72,318,110,112,127,294,373,611,213,163,178,231,622,309,31,170,357,204,123,221,76,103,160,164,415,478,951,185,331,76,328,331,64,179,372,237,57,265,113,270,302,224,376,141,224
292,229,101,55,234,71,238,74,81,111,230,247,407,147,139,143,174,408,235,29,103,239,157,92,162,61,160,51,129,304,385,643,140,238,49,219,220,35,112,262,158,58,166,105,176,221,139,261,80,162
303,220,92,49,260,67,248,69,79,120,252,272,445,185,152,154,193,461,253,25,152,253,144,117,173,69,164,129,71,287,376,729,132,281,66,266,262,41,128,272,156,50,212,97,187,231,166,278,101,169
635,565,254,91,608,126,627,186,214,268,517,728,1138,377,334,355,457,1094,640,67,348,676,377,234,431,167,415,304,287,409,972,1767,344,558,131,690,592,124,312,720,443,125,507,229,492,578,388,690,267,427
701,651,304,124,745,148,716,218,234,306,627,884,1327,513,401,440,572,1333,733,102,442,742,428,296,491,174,478,385,376,972,611,2063,398,680,169,816,708,143,382,828,508,149,598,293,610,706,492,787,290,508
1169,1286,504,208,1431,296,1294,433,433,568,1158,1601,2504,920,767,839,1030,2457,1415,171,790,1394,813,572,967,352,951,643,729,1767,2063,1944,729,1267,304,1552,1308,254,726,1450,890,281,1028,559,1130,1274,887,1393,475,962
237,237,111,41,269,61,242,85,105,106,229,300,476,166,156,161,220,459,273,32,149,280,145,117,178,72,185,140,132,344,398,729,56,228,69,305,228,57,142,299,171,50,199,102,227,233,166,261,102,180
511,405,183,80,482,114,437,122,157,200,449,514,859,328,244,264,359,861,447,55,259,471,243,199,293,111,331,238,281,558,680,1267,228,191,99,470,415,97,218,478,297,85,370,160,373,425,255,541,177,323
112,97,41,24,129,28,101,38,38,42,82,134,222,72,65,66,73,197,97,10,65,111,59,50,66,34,76,49,66,131,169,304,69,99,8,122,110,20,62,132,80,21,104,39,81,96,70,112,46,67
492,443,208,85,529,110,494,152,167,213,442,603,936,320,274,295,358,962,504,55,292,540,305,197,332,133,328,219,266,690,816,1552,305,470,122,254,483,70,276,575,334,102,404,231,443,510,321,547,203,357
493,427,174,69,500,87,442,143,158,177,390,520,851,318,232,284,372,898,453,69,276,484,265,179,299,123,331,220,262,592,708,1308,228,415,110,483,187,96,263,488,317,108,353,193,364,428,291,491,170,317
62,69,33,13,88,11,83,21,25,31,54,93,166,50,48,41,55,171,95,16,57,103,42,34,56,25,64,35,41,124,143,254,57,97,20,70,96,9,32,91,56,23,67,32,67,88,55,86,42,48
252,217,79,42,229,51,250,66,69,87,181,311,451,166,128,153,192,472,268,35,136,267,151,101,170,67,179,112,128,312,382,726,142,218,62,276,263,32,61,283,143,45,225,93,223,256,152,277,97,159
468,481,219,83,566,117,478,152,172,200,442,628,965,363,264,296,410,936,567,51,323,569,335,199,345,136,372,262,272,720,828,1450,299,478,132,575,488,91,283,287,372,124,421,212,427,521,343,540,190,382
324,313,125,63,334,82,313,105,106,133,250,405,605,215,156,161,211,603,330,34,206,304,188,114,192,71,237,158,156,443,508,890,171,297,80,334,317,56,143,372,125,71,260,102,239,301,209,356,112,240
98,83,35,24,101,23,101,30,34,46,99,118,186,65,60,72,79,190,110,8,55,103,68,54,72,24,57,58,50,125,149,281,50,85,21,102,108,23,45,124,71,9,99,42,110,78,60,115,39,69
382,365,157,64,395,86,405,136,127,189,340,425,643,284,196,239,293,665,392,43,220,382,273,163,267,95,265,166,212,507,598,1028,199,370,104,404,353,67,225,421,260,99,140,153,325,344,282,391,136,258
189,169,77,29,184,44,187,57,52,73,159,199,328,102,81,103,139,308,187,18,108,202,103,64,121,38,113,105,97,229,293,559,102,160,39,231,193,32,93,212,102,42,153,41,168,164,105,214,52,147
452,363,154,64,409,85,346,132,134,165,315,440,708,255,200,229,323,724,397,47,252,417,246,135,285,104,270,176,187,492,610,1130,227,373,81,443,364,67,223,427,239,110,325,168,156,342,264,373,138,270
416,390,195,66,453,83,422,159,157,166,390,491,852,305,258,275,345,831,462,65,236,482,237,168,308,102,302,221,231,578,706,1274,233,425,96,510,428,88,256,521,301,78,344,164,342,215,316,465,165,309
317,266,146,63,289,71,308,99,97,136,258,351,560,202,173,172,222,559,341,44,153,356,201,145,216,87,224,139,166,388,492,887,166,255,70,321,291,55,152,343,209,60,282,105,264,316,97,325,112,208
445,457,204,82,529,111,469,170,158,206,431,565,919,359,271,300,375,930,559,72,289,545,351,182,333,143,376,261,278,690,787,1393,261,541,112,547,491,86,277,540,356,115,391,214,373,465,325,262,179,352
183,158,59,32,189,40,162,60,59,66,129,192,345,119,98,97,137,340,188,28,121,202,108,66,124,59,141,80,101,267,290,475,102,177,46,203,170,42,97,190,112,39,136,52,138,165,112,179,43,133
363,297,114,54,325,71,301,104,94,156,286,361,596,236,188,208,267,611,338,42,193,368,205,127,233,86,224,162,169,427,508,962,180,323,67,357,317,48,159,382,240,69,258,147,270,309,208,352,133,117
