267,443,207,95,505,114,442,167,160,269,458,524,769,396,325,325,364,776,508,57,312,489,325,189,373,158,395,289,318,588,686,1180,267,464,107,517,486,69,260,443,260,119,364,173,417,395,321,499,167,369
443,180,162,65,442,95,390,129,114,187,357,502,781,267,233,222,353,741,423,47,259,431,241,146,262,88,282,197,215,497,667,1269,228,413,89,458,383,64,229,462,271,105,371,153,327,407,256,479,146,329
207,162,41,40,190,41,209,53,60,62,173,236,392,126,102,111,122,371,192,20,116,201,115,73,129,46,127,106,117,255,322,562,107,205,57,234,189,30,100,200,125,49,158,68,170,183,100,211,77,114
95,65,40,6,82,17,88,23,34,34,55,101,134,59,51,49,70,142,76,11,48,88,58,32,53,22,55,38,49,93,128,216,55,82,17,91,95,14,38,80,63,14,61,24,78,61,51,85,29,76
505,442,190,82,238,105,483,172,141,198,367,567,874,331,244,304,382,923,509,54,275,517,297,192,321,130,317,262,259,664,744,1416,251,499,125,539,508,85,259,529,286,96,375,203,404,483,345,543,180,357
114,95,41,17,105,14,104,35,37,51,86,127,152,78,71,61,97,180,121,21,71,123,70,52,72,32,99,46,50,118,161,273,61,112,22,119,102,26,60,115,78,27,95,36,95,97,65,113,36,93
442,390,209,88,483,104,214,139,155,198,384,478,828,327,253,267,363,827,465,66,278,480,279,200,305,111,339,243,256,548,702,1320,280,465,94,480,417,98,239,512,345,84,356,167,359,410,289,479,156,328
167,129,53,23,172,35,139,19,55,63,139,159,274,102,60,77,110,279,146,17,86,135,74,67,96,45,107,81,74,180,212,410,87,143,26,162,150,20,61,158,104,27,142,56,106,125,106,150,58,89
160,114,60,34,141,37,155,55,21,66,126,179,275,104,97,112,140,280,141,21,94,161,94,58,98,38,97,72,84,203,254,432,83,142,34,178,173,24,78,165,110,29,118,54,121,159,103,158,53,121
269,187,62,34,198,51,198,63,66,50,177,222,384,147,104,103,153,363,212,22,121,234,121,89,130,53,125,92,107,264,305,573,99,187,49,194,195,37,94,212,135,49,182,74,169,177,125,247,84,128
458,357,173,55,367,86,384,139,126,177,170,441,729,276,236,222,316,729,453,57,261,449,241,157,276,98,254,197,224,532,640,1134,221,370,94,428,392,84,205,431,266,100,342,169,336,407,262,467,163,298
524,502,236,101,567,127,478,159,179,222,441,308,968,379,296,314,398,963,565,69,342,555,321,222,358,120,352,255,263,688,806,1519,304,527,125,597,518,95,259,569,368,108,444,193,444,491,336,558,211,407
769,781,392,134,874,152,828,274,275,384,729,968,764,562,516,543,623,1392,878,121,536,894,553,332,613,217,616,448,446,1143,1339,2373,499,838,204,980,809,151,431,927,624,184,693,319,714,804,538,960,325,630
396,267,126,59,331,78,327,102,104,147,276,379,562,94,172,182,234,570,295,42,170,313,199,128,228,83,221,156,178,418,513,926,177,291,67,342,313,46,160,358,197,61,271,113,259,260,230,341,122,236
325,233,102,51,244,71,253,60,97,104,236,296,516,172,73,143,209,489,265,42,133,256,150,91,180,69,183,117,125,344,361,733,122,259,59,306,264,38,143,278,167,59,219,105,189,247,152,289,96,188
325,222,111,49,304,61,267,77,112,103,222,314,543,182,143,80,207,527,292,40,158,287,148,108,187,71,186,134,159,357,401,816,146,315,72,297,267,46,149,296,205,56,213,112,227,275,182,291,106,192
364,353,122,70,382,97,363,110,140,153,316,398,623,234,209,207,125,642,367,39,197,369,234,149,240,75,244,165,168,428,567,1029,189,312,82,377,346,48,161,407,227,68,277,134,304,318,205,404,153,230
776,741,371,142,923,180,827,279,280,363,729,963,1392,570,489,527,642,755,904,139,518,863,533,343,638,222,571,421,461,1147,1331,2370,493,884,206,947,838,138,454,890,607,168,649,321,675,801,565,920,339,614
508,423,192,76,509,121,465,146,141,212,453,565,878,295,265,292,367,904,230,63,282,456,313,208,335,130,332,253,253,622,745,1439,276,455,114,472,475,81,257,525,322,100,390,196,388,485,316,519,194,348
57,47,20,11,54,21,66,17,21,22,57,69,121,42,42,40,39,139,63,2,33,68,38,35,48,19,42,27,27,84,99,207,38,58,9,59,62,10,22,57,42,15,46,20,57,50,39,66,27,44
312,259,116,48,275,71,278,86,94,121,261,342,536,170,133,158,197,518,282,33,66,282,175,129,204,74,190,104,143,335,424,747,153,271,58,267,284,41,122,317,175,43,228,89,223,229,173,304,114,203
489,431,201,88,517,123,480,135,161,234,449,555,894,313,256,287,369,863,456,68,282,237,307,199,318,139,355,236,266,653,749,1363,284,461,124,541,480,74,243,534,328,100,402,193,405,497,319,503,174,352
325,241,115,58,297,70,279,74,94,121,241,321,553,199,150,148,234,533,313,38,175,307,82,125,176,57,170,123,126,345,440,802,158,276,69,305,296,38,137,296,198,62,231,92,242,261,174,322,124,193
189,146,73,32,192,52,200,67,58,89,157,222,332,128,91,108,149,343,208,35,129,199,125,31,128,52,145,111,117,265,280,513,101,211,46,220,186,24,116,210,132,36,165,81,158,165,124,221,73,154
373,262,129,53,321,72,305,96,98,130,276,358,613,228,180,187,240,638,335,48,204,318,176,128,86,84,213,143,146,453,487,930,179,301,83,358,292,54,178,344,207,72,256,123,232,291,195,364,139,217
158,88,46,22,130,32,111,45,38,53,98,120,217,83,69,71,75,222,130,19,74,139,57,52,84,18,68,59,62,154,194,388,67,117,29,133,122,19,74,130,92,34,102,38,102,125,75,141,42,96
395,282,127,55,317,99,339,107,97,125,254,352,616,221,183,186,244,571,332,42,190,355,170,145,213,68,109,172,138,410,521,982,182,311,70,368,322,56,195,365,223,81,272,109,270,310,203,374,123,226
289,197,106,38,262,46,243,81,72,92,197,255,448,156,117,134,165,421,253,27,104,236,123,111,143,59,172,47,119,300,374,667,114,208,56,254,218,31,121,285,143,52,185,96,181,216,123,255,82,171
318,215,117,49,259,50,256,74,84,107,224,263,446,178,125,159,168,461,253,27,143,266,126,117,146,62,138,119,64,319,362,708,131,210,55,277,238,41,115,247,169,47,207,77,221,226,128,262,91,166
588,497,255,93,664,118,548,180,203,264,532,688,1143,418,344,357,428,1147,622,84,335,653,345,265,453,154,410,300,319,391,1042,1825,359,626,125,665,581,102,293,652,395,114,467,221,548,566,409,680,254,414
686,667,322,128,744,161,702,212,254,305,640,806,1339,513,361,401,567,1331,745,99,424,749,440,280,487,194,521,374,362,1042,571,2090,418,698,146,825,693,119,374,779,485,152,557,280,577,721,444,768,266,501
1180,1269,562,216,1416,273,1320,410,432,573,1134,1519,2373,926,733,816,1029,2370,1439,207,747,1363,802,513,930,388,982,667,708,1825,2090,1834,701,1274,312,1547,1272,230,690,1480,921,272,1013,534,1083,1280,857,1393,502,974
267,228,107,55,251,61,280,87,83,99,221,304,499,177,122,146,189,493,276,38,153,284,158,101,179,67,182,114,131,359,418,701,58,276,59,314,278,52,137,303,182,57,220,114,206,247,157,279,101,178
464,413,205,82,499,112,465,143,142,187,370,527,838,291,259,315,312,884,455,58,271,461,276,211,301,117,311,208,210,626,698,1274,276,220,98,494,478,68,231,465,304,85,351,168,380,437,324,469,179,313
107,89,57,17,125,22,94,26,34,49,94,125,204,67,59,72,82,206,114,9,58,124,69,46,83,29,70,56,55,125,146,312,59,98,8,106,95,20,61,130,79,19,90,37,90,92,93,101,37,67
517,458,234,91,539,119,480,162,178,194,428,597,980,342,306,297,377,947,472,59,267,541,305,220,358,133,368,254,277,665,825,1547,314,494,106,281,527,79,283,550,344,101,415,205,464,492,326,584,223,356
486,383,189,95,508,102,417,150,173,195,392,518,809,313,264,267,346,838,475,62,284,480,296,186,292,122,322,218,238,581,693,1272,278,478,95,527,205,100,232,491,299,98,311,175,383,429,307,455,169,318
69,64,30,14,85,26,98,20,24,37,84,95,151,46,38,46,48,138,81,10,41,74,38,24,54,19,56,31,41,102,119,230,52,68,20,79,100,6,47,84,62,18,52,26,69,73,39,91,30,59
260,229,100,38,259,60,239,61,78,94,205,259,431,160,143,149,161,454,257,22,122,243,137,116,178,74,195,121,115,293,374,690,137,231,61,283,232,47,51,271,180,46,180,93,181,218,161,232,86,181
443,462,200,80,529,115,512,158,165,212,431,569,927,358,278,296,407,890,525,57,317,534,296,210,344,130,365,285,247,652,779,1480,303,465,130,550,491,84,271,297,357,104,379,202,410,440,297,551,175,357
260,271,125,63,286,78,345,104,110,135,266,368,624,197,167,205,227,607,322,42,175,328,198,132,207,92,223,143,169,395,485,921,182,304,79,344,299,62,180,357,89,65,228,132,236,285,212,329,134,232
119,105,49,14,96,27,84,27,29,49,100,108,184,61,59,56,68,168,100,15,43,100,62,36,72,34,81,52,47,114,152,272,57,85,19,101,98,18,46,104,65,8,79,37,93,86,63,101,37,83
364,371,158,61,375,95,356,142,118,182,342,444,693,271,219,213,277,649,390,46,228,402,231,165,256,102,272,185,207,467,557,1013,220,351,90,415,311,52,180,379,228,79,114,133,301,343,261,382,149,280
173,153,68,24,203,36,167,56,54,74,169,193,319,113,105,112,134,321,196,20,89,193,92,81,123,38,109,96,77,221,280,534,114,168,37,205,175,26,93,202,132,37,133,36,146,162,120,194,68,130
417,327,170,78,404,95,359,106,121,169,336,444,714,259,189,227,304,675,388,57,223,405,242,158,232,102,270,181,221,548,577,1083,206,380,90,464,383,69,181,410,236,93,301,146,151,373,228,425,133,296
395,407,183,61,483,97,410,125,159,177,407,491,804,260,247,275,318,801,485,50,229,497,261,165,291,125,310,216,226,566,721,1280,247,437,92,492,429,73,218,440,285,86,343,162,373,199,288,456,166,322
321,256,100,51,345,65,289,106,103,125,262,336,538,230,152,182,205,565,316,39,173,319,174,124,195,75,203,123,128,409,444,857,157,324,93,326,307,39,161,297,212,63,261,120,228,288,105,308,119,189
499,479,211,85,543,113,479,150,158,247,467,558,960,341,289,291,404,920,519,66,304,503,322,221,364,141,374,255,262,680,768,1393,279,469,101,584,455,91,232,551,329,101,382,194,425,456,308,275,188,366
167,146,77,29,180,36,156,58,53,84,163,211,325,122,96,106,153,339,194,27,114,174,124,73,139,42,123,82,91,254,266,502,101,179,37,223,169,30,86,175,134,37,149,68,133,166,119,188,27,114
369,329,114,76,357,93,328,89,121,128,298,407,630,236,188,192,230,614,348,44,203,352,193,154,217,96,226,171,166,414,501,974,178,313,67,356,318,59,181,357,232,83,280,130,296,322,189,366,114,112
