259,462,224,81,519,100,481,178,164,258,474,491,842,355,308,341,366,849,506,81,332,496,360,218,376,146,369,319,295,606,670,1183,246,491,110,525,481,92,248,451,297,123,397,218,444,410,354,487,161,369
462,151,162,77,435,98,415,123,151,176,371,507,785,278,209,240,316,770,426,63,227,439,232,164,278,101,272,199,215,514,660,1251,235,427,96,453,415,67,225,446,315,77,292,157,366,400,247,480,169,303
224,162,45,30,193,40,185,60,59,87,165,204,359,128,117,121,177,358,219,25,110,224,144,93,137,50,154,95,85,248,292,559,109,166,36,196,190,35,111,200,133,54,158,64,188,197,141,223,83,130
81,77,30,8,88,17,82,30,34,44,79,112,141,61,52,44,59,158,76,12,52,83,46,32,59,23,64,30,33,95,127,204,40,89,22,100,92,16,49,84,58,17,59,28,60,66,58,82,27,63
519,435,193,88,253,120,481,149,169,208,432,562,928,336,281,313,368,880,500,64,303,526,299,201,315,111,343,209,245,597,794,1441,280,504,90,548,514,88,229,560,324,106,383,202,403,452,323,541,189,338
100,98,40,17,120,9,108,38,41,49,91,130,203,83,65,64,80,212,105,22,56,107,71,52,67,35,84,57,61,143,169,257,51,115,30,137,101,18,68,112,75,24,87,49,85,90,80,131,40,90
481,415,185,82,481,108,230,144,154,217,414,547,846,308,283,277,304,853,519,68,258,495,299,209,319,117,306,218,238,606,705,1287,236,450,116,497,441,79,250,524,325,80,385,187,377,426,309,460,169,347
178,123,60,30,149,38,144,25,52,62,112,183,277,94,75,89,123,276,165,23,87,145,77,56,82,36,82,67,72,190,201,424,73,133,36,160,138,22,76,155,96,37,136,54,97,125,104,178,58,114
164,151,59,34,169,41,154,52,16,68,145,199,287,110,81,89,115,294,171,27,78,166,102,73,121,33,98,81,92,194,244,433,85,162,43,177,176,30,71,168,98,36,128,65,153,148,116,182,47,103
258,176,87,44,208,49,217,62,68,41,170,225,357,145,124,128,152,364,203,29,111,204,146,79,148,55,147,89,103,272,283,516,108,195,54,228,207,38,132,202,147,49,153,92,195,179,136,208,84,152
474,371,165,79,432,91,414,112,145,170,177,470,783,271,224,231,291,785,417,45,239,440,254,172,270,106,281,200,213,548,632,1158,212,402,103,441,417,58,205,469,292,77,327,172,333,386,253,427,156,306
491,507,204,112,562,130,547,183,199,225,470,328,986,393,274,299,423,999,591,77,293,612,336,219,384,126,362,236,277,714,878,1540,297,507,120,550,513,94,292,608,388,104,421,222,445,533,390,573,223,358
842,785,359,141,928,203,846,277,287,357,783,986,805,608,479,509,620,1496,899,114,492,967,581,354,663,225,641,412,468,1208,1373,2456,499,858,228,1034,810,124,446,941,610,179,650,337,769,860,579,930,325,631
355,278,128,61,336,83,308,94,110,145,271,393,608,117,190,204,241,565,364,37,167,334,193,106,200,84,220,154,161,420,489,912,179,322,71,325,330,61,169,346,230,60,251,108,264,290,199,350,118,245
308,209,117,52,281,65,283,75,81,124,224,274,479,190,77,141,164,512,270,29,146,269,155,111,173,65,199,138,146,315,377,756,158,242,56,240,246,52,124,281,201,60,219,93,220,218,181,285,109,164
341,240,121,44,313,64,277,89,89,128,231,299,509,204,141,85,176,508,262,32,140,290,155,115,193,71,197,135,129,343,426,840,158,256,62,285,274,56,157,308,193,60,217,108,254,261,187,283,122,182
366,316,177,59,368,80,304,123,115,152,291,423,620,241,164,176,140,617,396,54,190,385,223,152,226,69,239,192,173,442,552,985,207,348,73,371,341,66,179,393,223,74,283,154,283,321,234,384,149,214
849,770,358,158,880,212,853,276,294,364,785,999,1496,565,512,508,617,808,947,104,506,977,538,359,623,200,613,422,462,1159,1349,2459,454,845,219,966,885,130,456,944,620,190,659,336,723,853,584,937,324,623
506,426,219,76,500,105,519,165,171,203,417,591,899,364,270,262,396,947,262,81,273,513,296,197,341,117,312,234,259,652,775,1418,278,526,133,567,495,72,245,552,337,85,423,201,407,476,337,515,205,369
81,63,25,12,64,22,68,23,27,29,45,77,114,37,29,32,54,104,81,6,31,68,38,26,40,12,33,24,22,79,91,178,39,56,9,71,53,8,31,77,48,12,57,22,58,63,34,69,19,45
332,227,110,52,303,56,258,87,78,111,239,293,492,167,146,140,190,506,273,31,62,300,168,107,190,65,173,120,127,325,431,805,142,257,70,275,247,44,149,278,209,53,219,106,232,245,182,276,103,193
496,439,224,83,526,107,495,145,166,204,440,612,967,334,269,290,385,977,513,68,300,283,293,199,335,126,334,231,259,667,786,1467,279,488,112,546,479,85,245,567,348,97,415,197,421,469,347,490,196,357
360,232,144,46,299,71,299,77,102,146,254,336,581,193,155,155,223,538,296,38,168,293,83,126,199,74,199,148,151,369,457,833,161,288,64,316,280,45,132,304,192,54,224,116,235,259,203,315,112,174
218,164,93,32,201,52,209,56,73,79,172,219,354,106,111,115,152,359,197,26,107,199,126,41,146,61,134,111,104,229,273,557,98,204,48,253,172,41,96,218,145,35,144,66,168,180,123,227,80,134
376,278,137,59,315,67,319,82,121,148,270,384,663,200,173,193,226,623,341,40,190,335,199,146,97,69,199,150,165,405,524,934,183,308,68,328,340,53,155,357,213,56,245,103,266,309,176,373,128,233
146,101,50,23,111,35,117,36,33,55,106,126,225,84,65,71,69,200,117,12,65,126,74,61,69,14,64,48,64,149,184,356,83,130,31,124,125,17,66,125,85,22,98,36,116,136,67,124,47,80
369,272,154,64,343,84,306,82,98,147,281,362,641,220,199,197,239,613,312,33,173,334,199,134,199,64,109,157,159,420,514,986,210,345,69,340,318,50,154,348,252,57,247,120,266,303,208,341,141,225
319,199,95,30,209,57,218,67,81,89,200,236,412,154,138,135,192,422,234,24,120,231,148,111,150,48,157,64,104,288,372,636,138,228,55,280,234,30,100,225,149,54,187,87,187,204,155,252,96,181
295,215,85,33,245,61,238,72,92,103,213,277,468,161,146,129,173,462,259,22,127,259,151,104,165,64,159,104,60,308,400,730,134,235,66,262,214,40,112,260,152,52,213,99,194,244,177,266,111,171
606,514,248,95,597,143,606,190,194,272,548,714,1208,420,315,343,442,1159,652,79,325,667,369,229,405,149,420,288,308,410,965,1782,353,571,158,668,586,107,319,687,440,133,475,228,506,614,398,664,220,445
670,660,292,127,794,169,705,201,244,283,632,878,1373,489,377,426,552,1349,775,91,431,786,457,273,524,184,514,372,400,965,569,2073,391,706,186,801,744,132,347,782,513,164,555,321,618,704,504,762,281,507
1183,1251,559,204,1441,257,1287,424,433,516,1158,1540,2456,912,756,840,985,2459,1418,178,805,1467,833,557,934,356,986,636,730,1782,2073,1957,759,1320,371,1556,1274,259,689,1484,939,294,1054,530,1138,1291,950,1411,508,920
246,235,109,40,280,51,236,73,85,108,212,297,499,179,158,158,207,454,278,39,142,279,161,98,183,83,210,138,134,353,391,759,64,235,61,289,248,47,130,303,188,59,176,109,208,235,180,294,98,167
491,427,166,89,504,115,450,133,162,195,402,507,858,322,242,256,348,845,526,56,257,488,288,204,308,130,345,228,235,571,706,1320,235,242,109,535,459,86,222,511,313,101,358,185,380,465,298,449,188,355
110,96,36,22,90,30,116,36,43,54,103,120,228,71,56,62,73,219,133,9,70,112,64,48,68,31,69,55,66,158,186,371,61,109,14,113,108,24,57,125,91,23,95,40,93,111,72,130,40,73
525,453,196,100,548,137,497,160,177,228,441,550,1034,325,240,285,371,966,567,71,275,546,316,253,328,124,340,280,262,668,801,1556,289,535,113,288,521,94,244,603,348,118,399,213,429,486,319,552,202,358
481,415,190,92,514,101,441,138,176,207,417,513,810,330,246,274,341,885,495,53,247,479,280,172,340,125,318,234,214,586,744,1274,248,459,108,521,205,89,230,496,326,106,366,163,379,445,312,482,183,341
92,67,35,16,88,18,79,22,30,38,58,94,124,61,52,56,66,130,72,8,44,85,45,41,53,17,50,30,40,107,132,259,47,86,24,94,89,7,36,93,52,14,53,39,74,86,53,99,32,66
248,225,111,49,229,68,250,76,71,132,205,292,446,169,124,157,179,456,245,31,149,245,132,96,155,66,154,100,112,319,347,689,130,222,57,244,230,36,59,282,162,48,209,99,185,217,159,294,101,171
451,446,200,84,560,112,524,155,168,202,469,608,941,346,281,308,393,944,552,77,278,567,304,218,357,125,348,225,260,687,782,1484,303,511,125,603,496,93,282,289,374,121,400,199,441,474,345,528,188,386
297,315,133,58,324,75,325,96,98,147,292,388,610,230,201,193,223,620,337,48,209,348,192,145,213,85,252,149,152,440,513,939,188,313,91,348,326,52,162,374,102,61,274,122,288,285,217,347,127,207
123,77,54,17,106,24,80,37,36,49,77,104,179,60,60,60,74,190,85,12,53,97,54,35,56,22,57,54,52,133,164,294,59,101,23,118,106,14,48,121,61,8,92,50,80,103,70,103,39,72
397,292,158,59,383,87,385,136,128,153,327,421,650,251,219,217,283,659,423,57,219,415,224,144,245,98,247,187,213,475,555,1054,176,358,95,399,366,53,209,400,274,92,133,137,337,358,269,365,140,254
218,157,64,28,202,49,187,54,65,92,172,222,337,108,93,108,154,336,201,22,106,197,116,66,103,36,120,87,99,228,321,530,109,185,40,213,163,39,99,199,122,50,137,39,130,178,128,190,66,147
444,366,188,60,403,85,377,97,153,195,333,445,769,264,220,254,283,723,407,58,232,421,235,168,266,116,266,187,194,506,618,1138,208,380,93,429,379,74,185,441,288,80,337,130,169,343,250,413,170,281
410,400,197,66,452,90,426,125,148,179,386,533,860,290,218,261,321,853,476,63,245,469,259,180,309,136,303,204,244,614,704,1291,235,465,111,486,445,86,217,474,285,103,358,178,343,210,263,464,163,305
354,247,141,58,323,80,309,104,116,136,253,390,579,199,181,187,234,584,337,34,182,347,203,123,176,67,208,155,177,398,504,950,180,298,72,319,312,53,159,345,217,70,269,128,250,263,103,319,105,241
487,480,223,82,541,131,460,178,182,208,427,573,930,350,285,283,384,937,515,69,276,490,315,227,373,124,341,252,266,664,762,1411,294,449,130,552,482,99,294,528,347,103,365,190,413,464,319,252,192,376
161,169,83,27,189,40,169,58,47,84,156,223,325,118,109,122,149,324,205,19,103,196,112,80,128,47,141,96,111,220,281,508,98,188,40,202,183,32,101,188,127,39,140,66,170,163,105,192,26,126
369,303,130,63,338,90,347,114,103,152,306,358,631,245,164,182,214,623,369,45,193,357,174,134,233,80,225,181,171,445,507,920,167,355,73,358,341,66,171,386,207,72,254,147,281,305,241,376,126,122
