254,479,206,81,486,103,450,189,166,247,439,507,843,361,313,340,371,818,515,73,316,497,351,199,370,159,373,258,289,598,706,1195,241,450,111,494,447,72,239,477,314,116,376,195,412,417,341,507,151,382
479,181,167,85,450,105,406,128,143,184,360,509,796,292,241,268,326,764,400,54,240,458,240,178,269,103,264,181,198,523,658,1150,223,415,89,437,427,85,214,422,261,82,346,164,354,404,268,454,161,305
206,167,35,39,209,43,195,51,59,87,165,217,349,143,113,112,150,341,184,18,96,192,119,85,125,49,130,88,78,244,284,535,113,200,43,195,201,37,102,247,128,44,153,83,147,200,135,196,75,141
81,85,39,9,88,13,73,24,23,45,79,78,155,50,47,47,63,138,90,12,59,83,54,38,58,20,56,43,49,88,117,207,44,86,21,88,69,14,43,75,48,17,59,26,80,79,50,100,31,54
486,450,209,88,263,112,499,129,155,208,433,584,890,339,249,275,376,898,515,60,277,519,313,201,334,130,343,257,278,587,760,1400,277,496,134,521,492,84,254,553,330,100,406,192,439,482,308,512,185,340
103,105,43,13,112,9,94,29,34,60,101,119,198,74,63,58,79,190,105,18,62,105,68,52,88,22,67,51,62,138,162,286,52,100,24,128,93,16,48,102,68,25,84,45,91,98,66,118,41,74
450,406,195,73,499,94,220,152,156,204,397,554,859,292,263,275,342,826,501,67,262,490,273,187,337,134,318,219,252,570,749,1306,241,450,103,551,446,72,245,510,326,100,348,165,351,419,319,486,170,334
189,128,51,24,129,29,152,21,48,59,139,164,278,104,65,83,105,295,151,19,79,154,103,75,110,39,93,79,76,175,223,424,95,144,34,184,127,12,51,153,103,27,131,46,148,139,92,161,51,106
166,143,59,23,155,34,156,48,27,60,132,201,280,117,84,77,133,300,159,13,73,170,87,59,96,40,98,66,68,181,254,470,97,149,40,202,140,30,86,180,105,37,136,72,116,140,100,153,65,111
247,184,87,45,208,60,204,59,60,43,174,211,382,139,117,111,151,377,192,27,122,221,142,98,156,56,134,94,108,253,305,555,125,201,45,209,210,37,82,219,139,37,171,81,186,199,151,236,88,137
439,360,165,79,433,101,397,139,132,174,188,451,757,310,217,256,305,745,411,65,240,424,281,171,303,132,298,220,218,531,594,1123,235,385,88,453,394,77,203,465,289,77,331,182,343,392,302,422,166,287
507,509,217,78,584,119,554,164,201,211,451,326,928,376,273,319,425,996,550,73,308,559,318,239,365,144,419,254,251,703,825,1500,285,512,127,581,522,93,278,576,353,129,441,199,453,511,333,570,211,374
843,796,349,155,890,198,859,278,280,382,757,928,761,553,487,504,621,1426,922,137,523,892,554,361,652,238,625,411,477,1137,1354,2330,478,827,181,973,783,165,421,947,578,170,662,329,729,845,557,909,329,613
361,292,143,50,339,74,292,104,117,139,310,376,553,102,162,182,258,519,336,38,161,328,180,130,223,89,218,148,185,385,487,871,162,303,74,343,302,63,185,347,194,74,258,108,241,310,191,351,115,210
313,241,113,47,249,63,263,65,84,117,217,273,487,162,78,134,183,479,292,30,138,296,165,95,162,59,160,96,139,343,377,764,145,269,48,269,228,40,130,270,151,48,204,98,220,267,157,265,103,174
340,268,112,47,275,58,275,83,77,111,256,319,504,182,134,91,214,509,302,36,151,331,200,113,197,62,168,113,149,344,427,833,176,303,60,275,270,36,152,307,185,58,216,117,232,279,164,319,123,223
371,326,150,63,376,79,342,105,133,151,305,425,621,258,183,214,143,601,377,32,199,351,190,139,231,100,229,175,191,439,565,973,195,316,72,392,346,57,178,385,232,84,280,151,285,322,245,394,119,270
818,764,341,138,898,190,826,295,300,377,745,996,1426,519,479,509,601,774,916,106,519,869,549,333,634,239,583,435,457,1099,1343,2399,467,814,211,917,772,158,420,969,611,172,671,343,697,821,576,900,318,604
515,400,184,90,515,105,501,151,159,192,411,550,922,336,292,302,377,916,251,61,281,481,287,194,353,135,355,249,273,644,701,1418,298,493,117,546,490,94,257,531,317,116,405,199,417,469,302,510,187,343
73,54,18,12,60,18,67,19,13,27,65,73,137,38,30,36,32,106,61,2,41,63,39,26,43,6,36,33,28,74,103,197,49,48,18,67,63,14,39,73,47,17,54,25,52,60,41,87,24,55
316,240,96,59,277,62,262,79,73,122,240,308,523,161,138,151,199,519,281,41,87,291,159,109,178,70,155,129,137,335,415,780,135,289,52,275,272,39,138,306,200,52,221,91,241,250,177,288,109,188
497,458,192,83,519,105,490,154,170,221,424,559,892,328,296,331,351,869,481,63,291,236,290,213,344,130,347,258,300,613,730,1435,296,489,116,509,491,77,270,518,320,117,406,186,429,433,308,506,201,365
351,240,119,54,313,68,273,103,87,142,281,318,554,180,165,200,190,549,287,39,159,290,86,102,163,70,163,118,174,390,451,827,173,274,65,286,273,42,150,292,177,59,244,107,223,287,186,321,111,210
199,178,85,38,201,52,187,75,59,98,171,239,361,130,95,113,139,333,194,26,109,213,102,38,124,53,116,92,115,264,292,544,118,186,32,214,185,38,110,208,118,42,156,66,130,196,136,189,61,155
370,269,125,58,334,88,337,110,96,156,303,365,652,223,162,197,231,634,353,43,178,344,163,124,99,72,211,137,157,425,460,955,195,275,63,332,308,48,155,342,210,62,270,116,227,307,199,328,114,225
159,103,49,20,130,22,134,39,40,56,132,144,238,89,59,62,100,239,135,6,70,130,70,53,72,16,82,64,57,158,193,367,65,116,21,140,100,17,61,140,97,28,116,54,88,132,76,133,41,88
373,264,130,56,343,67,318,93,98,134,298,419,625,218,160,168,229,583,355,36,155,347,163,116,211,82,114,162,165,401,527,990,183,311,61,349,310,56,163,356,221,75,286,116,252,309,217,351,106,211
258,181,88,43,257,51,219,79,66,94,220,254,411,148,96,113,175,435,249,33,129,258,118,92,137,64,162,54,140,289,370,671,136,235,40,250,208,42,114,221,160,47,197,82,191,213,107,265,75,142
289,198,78,49,278,62,252,76,68,108,218,251,477,185,139,149,191,457,273,28,137,300,174,115,157,57,165,140,58,322,373,711,151,241,48,256,261,37,123,276,173,49,204,90,224,235,136,274,99,176
598,523,244,88,587,138,570,175,181,253,531,703,1137,385,343,344,439,1099,644,74,335,613,390,264,425,158,401,289,322,382,1020,1746,360,571,131,678,550,110,269,685,414,126,486,220,506,611,389,661,230,411
706,658,284,117,760,162,749,223,254,305,594,825,1354,487,377,427,565,1343,701,103,415,730,451,292,460,193,527,370,373,1020,573,2077,404,678,162,795,690,128,375,785,498,148,611,279,579,680,461,771,267,505
1195,1150,535,207,1400,286,1306,424,470,555,1123,1500,2330,871,764,833,973,2399,1418,197,780,1435,827,544,955,367,990,671,711,1746,2077,1823,702,1240,298,1492,1279,229,691,1432,901,293,1036,479,1117,1255,885,1400,490,910
241,223,113,44,277,52,241,95,97,125,235,285,478,162,145,176,195,467,298,49,135,296,173,118,195,65,183,136,151,360,404,702,56,252,62,301,248,49,161,299,164,49,209,94,224,246,171,300,91,174
450,415,200,86,496,100,450,144,149,201,385,512,827,303,269,303,316,814,493,48,289,489,274,186,275,116,311,235,241,571,678,1240,252,239,108,476,459,78,214,499,314,100,372,173,353,433,289,461,168,298
111,89,43,21,134,24,103,34,40,45,88,127,181,74,48,60,72,211,117,18,52,116,65,32,63,21,61,40,48,131,162,298,62,108,9,128,96,25,70,114,56,23,74,46,85,106,80,116,37,84
494,437,195,88,521,128,551,184,202,209,453,581,973,343,269,275,392,917,546,67,275,509,286,214,332,140,349,250,256,678,795,1492,301,476,128,248,499,90,287,567,344,108,389,214,404,480,321,573,205,352
447,427,201,69,492,93,446,127,140,210,394,522,783,302,228,270,346,772,490,63,272,491,273,185,308,100,310,208,261,550,690,1279,248,459,96,499,231,82,254,496,304,108,323,185,387,421,293,496,157,330
72,85,37,14,84,16,72,12,30,37,77,93,165,63,40,36,57,158,94,14,39,77,42,38,48,17,56,42,37,110,128,229,49,78,25,90,82,7,41,111,47,18,82,26,58,90,58,75,42,59
239,214,102,43,254,48,245,51,86,82,203,278,421,185,130,152,178,420,257,39,138,270,150,110,155,61,163,114,123,269,375,691,161,214,70,287,254,41,54,263,167,48,208,80,211,235,171,268,86,168
477,422,247,75,553,102,510,153,180,219,465,576,947,347,270,307,385,969,531,73,306,518,292,208,342,140,356,221,276,685,785,1432,299,499,114,567,496,111,263,239,331,98,415,203,397,467,339,557,189,378
314,261,128,48,330,68,326,103,105,139,289,353,578,194,151,185,232,611,317,47,200,320,177,118,210,97,221,160,173,414,498,901,164,314,56,344,304,47,167,331,100,68,245,125,251,308,189,339,98,242
116,82,44,17,100,25,100,27,37,37,77,129,170,74,48,58,84,172,116,17,52,117,59,42,62,28,75,47,49,126,148,293,49,100,23,108,108,18,48,98,68,14,66,34,88,92,61,114,40,62
376,346,153,59,406,84,348,131,136,171,331,441,662,258,204,216,280,671,405,54,221,406,244,156,270,116,286,197,204,486,611,1036,209,372,74,389,323,82,208,415,245,66,132,145,289,350,248,373,135,261
195,164,83,26,192,45,165,46,72,81,182,199,329,108,98,117,151,343,199,25,91,186,107,66,116,54,116,82,90,220,279,479,94,173,46,214,185,26,80,203,125,34,145,38,132,153,117,186,67,141
412,354,147,80,439,91,351,148,116,186,343,453,729,241,220,232,285,697,417,52,241,429,223,130,227,88,252,191,224,506,579,1117,224,353,85,404,387,58,211,397,251,88,289,132,133,343,250,408,131,288
417,404,200,79,482,98,419,139,140,199,392,511,845,310,267,279,322,821,469,60,250,433,287,196,307,132,309,213,235,611,680,1255,246,433,106,480,421,90,235,467,308,92,350,153,343,217,286,459,166,313
341,268,135,50,308,66,319,92,100,151,302,333,557,191,157,164,245,576,302,41,177,308,186,136,199,76,217,107,136,389,461,885,171,289,80,321,293,58,171,339,189,61,248,117,250,286,88,368,114,219
507,454,196,100,512,118,486,161,153,236,422,570,909,351,265,319,394,900,510,87,288,506,321,189,328,133,351,265,274,661,771,1400,300,461,116,573,496,75,268,557,339,114,373,186,408,459,368,269,184,331
151,161,75,31,185,41,170,51,65,88,166,211,329,115,103,123,119,318,187,24,109,201,111,61,114,41,106,75,99,230,267,490,91,168,37,205,157,42,86,189,98,40,135,67,131,166,114,184,24,138
382,305,141,54,340,74,334,106,111,137,287,374,613,210,174,223,270,604,343,55,188,365,210,155,225,88,211,142,176,411,505,910,174,298,84,352,330,59,168,378,242,62,261,141,288,313,219,331,138,126
