260,438,216,86,487,107,461,183,166,221,435,509,818,366,318,351,354,804,538,90,300,549,361,201,380,152,385,288,311,592,705,1189,242,478,102,527,448,84,253,451,328,97,381,159,454,441,354,517,174,385
438,204,159,75,474,95,427,119,146,183,370,489,765,271,229,239,320,726,445,62,237,475,259,173,260,107,292,199,197,546,659,1175,249,427,112,430,428,63,201,474,289,90,338,149,327,405,272,462,164,304
216,159,35,39,190,53,221,54,64,80,165,205,396,102,93,100,155,359,208,17,114,185,126,78,128,50,111,92,96,248,335,607,110,198,42,216,178,39,82,230,133,33,168,65,160,191,114,222,68,137
86,75,39,7,84,19,90,27,32,37,69,86,131,59,57,64,60,140,84,10,59,98,46,34,49,30,52,47,42,100,145,211,41,84,15,98,92,10,48,89,53,21,71,23,71,65,57,97,20,60
487,474,190,84,245,112,491,152,160,197,455,546,908,329,258,290,372,928,484,64,315,531,320,199,341,109,352,233,254,617,840,1480,291,496,111,569,468,89,243,544,331,123,348,219,417,524,284,532,195,331
107,95,53,19,112,12,114,42,52,45,77,122,178,84,82,70,82,184,114,13,65,130,62,40,68,43,81,63,43,138,183,302,64,109,19,120,112,19,61,112,65,18,81,30,99,109,83,104,35,73
461,427,221,90,491,114,234,148,136,218,411,532,862,298,247,257,302,852,511,68,262,515,278,211,311,134,318,263,253,632,733,1367,267,478,116,504,449,71,220,526,329,88,386,177,354,428,323,486,179,340
183,119,54,27,152,42,148,22,46,67,133,163,285,86,84,69,105,273,144,19,82,146,91,53,89,40,86,80,70,190,243,419,77,160,33,157,150,25,62,141,94,23,114,46,114,131,90,168,56,113
166,146,64,32,160,52,136,46,27,69,133,174,292,80,71,92,116,318,184,16,105,191,97,59,101,36,105,78,89,236,244,434,91,179,35,184,148,37,74,179,112,42,121,62,109,149,100,155,48,123
221,183,80,37,197,45,218,67,69,46,166,214,385,156,132,144,141,391,221,30,110,228,146,79,138,59,149,103,125,265,298,561,98,203,37,200,206,27,95,214,143,55,152,55,182,182,143,232,59,146
435,370,165,69,455,77,411,133,133,166,200,474,746,261,265,291,298,758,434,67,269,458,295,160,261,108,318,218,240,547,642,1179,237,408,100,424,387,77,224,439,272,96,330,146,340,392,276,432,158,287
509,489,205,86,546,122,532,163,174,214,474,310,967,314,290,290,400,981,563,78,288,586,313,224,401,146,411,234,288,711,856,1514,295,512,114,610,468,83,293,646,364,112,409,221,429,533,321,548,198,370
818,765,396,131,908,178,862,285,292,385,746,967,777,578,467,496,643,1439,984,102,489,935,521,395,602,237,596,413,458,1142,1423,2446,475,821,206,993,816,155,452,998,591,186,670,380,691,845,567,927,312,635
366,271,102,59,329,84,298,86,80,156,261,314,578,104,160,187,225,592,331,32,186,309,203,139,214,100,216,184,151,385,518,891,187,293,69,329,302,56,140,330,187,76,264,100,252,287,189,345,122,242
318,229,93,57,258,82,247,84,71,132,265,290,467,160,53,108,187,474,285,25,171,258,162,80,182,58,171,127,143,299,412,745,148,240,49,266,228,45,115,265,171,49,210,70,211,234,166,281,93,208
351,239,100,64,290,70,257,69,92,144,291,290,496,187,108,63,219,511,289,41,170,287,182,89,189,62,181,140,157,341,438,797,158,289,54,283,264,57,123,285,171,52,219,90,228,262,172,314,104,213
354,320,155,60,372,82,302,105,116,141,298,400,643,225,187,219,137,640,381,50,205,365,207,122,221,90,232,176,182,453,544,1003,209,330,80,374,314,52,185,366,246,80,285,138,268,343,214,350,134,224
804,726,359,140,928,184,852,273,318,391,758,981,1439,592,474,511,640,807,907,107,515,880,510,366,591,250,599,414,426,1120,1361,2475,479,831,192,949,819,182,474,969,591,199,684,382,699,871,611,889,321,636
538,445,208,84,484,114,511,144,184,221,434,563,984,331,285,289,381,907,251,75,269,464,315,201,346,122,352,224,268,655,725,1419,282,464,112,562,473,83,229,564,333,108,371,184,412,497,345,527,210,361
90,62,17,10,64,13,68,19,16,30,67,78,102,32,25,41,50,107,75,3,38,82,35,29,39,22,44,29,18,62,112,177,25,51,13,61,66,7,34,69,38,17,48,26,49,74,38,77,23,50
300,237,114,59,315,65,262,82,105,110,269,288,489,186,171,170,205,515,269,38,48,261,149,112,180,67,172,118,139,352,421,765,148,270,63,264,253,56,148,301,182,47,226,94,225,282,160,279,99,183
549,475,185,98,531,130,515,146,191,228,458,586,935,309,258,287,365,880,464,82,261,288,321,216,342,131,324,246,270,711,757,1432,288,460,133,575,478,80,241,557,337,105,382,179,397,482,303,558,193,330
361,259,126,46,320,62,278,91,97,146,295,313,521,203,162,182,207,510,315,35,149,321,90,124,207,72,189,122,146,359,463,835,174,263,58,286,290,64,131,306,214,65,250,104,252,272,189,332,112,245
201,173,78,34,199,40,211,53,59,79,160,224,395,139,80,89,122,366,201,29,112,216,124,37,128,53,129,94,95,244,311,544,104,198,49,170,182,37,102,214,134,47,168,65,141,190,135,204,74,149
380,260,128,49,341,68,311,89,101,138,261,401,602,214,182,189,221,591,346,39,180,342,207,128,91,67,207,169,158,372,529,935,196,300,70,339,306,60,152,342,190,76,263,133,225,306,219,363,125,242
152,107,50,30,109,43,134,40,36,59,108,146,237,100,58,62,90,250,122,22,67,131,72,53,67,10,73,51,56,157,181,375,60,109,25,133,123,14,58,120,75,22,101,46,95,108,70,161,43,87
385,292,111,52,352,81,318,86,105,149,318,411,596,216,171,181,232,599,352,44,172,324,189,129,207,73,105,150,143,426,531,968,188,307,86,336,312,46,160,355,206,68,255,126,242,316,202,385,116,227
288,199,92,47,233,63,263,80,78,103,218,234,413,184,127,140,176,414,224,29,118,246,122,94,169,51,150,54,126,275,348,637,132,228,58,222,235,43,114,251,146,51,183,97,206,213,155,251,86,170
311,197,96,42,254,43,253,70,89,125,240,288,458,151,143,157,182,426,268,18,139,270,146,95,158,56,143,126,63,309,395,677,135,234,40,258,221,36,107,275,160,49,182,91,202,260,165,274,88,176
592,546,248,100,617,138,632,190,236,265,547,711,1142,385,299,341,453,1120,655,62,352,711,359,244,372,157,426,275,309,411,993,1816,355,602,125,659,605,116,302,711,414,149,478,254,500,635,384,662,223,402
705,659,335,145,840,183,733,243,244,298,642,856,1423,518,412,438,544,1361,725,112,421,757,463,311,529,181,531,348,395,993,574,2064,410,721,194,832,708,115,356,793,497,149,556,279,626,681,491,786,277,466
1189,1175,607,211,1480,302,1367,419,434,561,1179,1514,2446,891,745,797,1003,2475,1419,177,765,1432,835,544,935,375,968,637,677,1816,2064,1896,759,1253,333,1574,1303,252,734,1483,915,298,1040,536,1101,1289,925,1427,492,925
242,249,110,41,291,64,267,77,91,98,237,295,475,187,148,158,209,479,282,25,148,288,174,104,196,60,188,132,135,355,410,759,75,257,60,300,252,50,147,270,170,60,226,114,211,220,145,272,96,166
478,427,198,84,496,109,478,160,179,203,408,512,821,293,240,289,330,831,464,51,270,460,263,198,300,109,307,228,234,602,721,1253,257,234,100,527,437,70,245,526,312,108,352,169,362,436,288,515,175,301
102,112,42,15,111,19,116,33,35,37,100,114,206,69,49,54,80,192,112,13,63,133,58,49,70,25,86,58,40,125,194,333,60,100,11,110,112,21,47,143,90,24,89,38,86,121,78,129,41,78
527,430,216,98,569,120,504,157,184,200,424,610,993,329,266,283,374,949,562,61,264,575,286,170,339,133,336,222,258,659,832,1574,300,527,110,288,474,70,279,591,354,99,425,206,385,552,337,538,214,313
448,428,178,92,468,112,449,150,148,206,387,468,816,302,228,264,314,819,473,66,253,478,290,182,306,123,312,235,221,605,708,1303,252,437,112,474,205,83,218,488,315,73,352,160,340,409,288,490,169,316
84,63,39,10,89,19,71,25,37,27,77,83,155,56,45,57,52,182,83,7,56,80,64,37,60,14,46,43,36,116,115,252,50,70,21,70,83,11,44,98,55,20,75,27,77,83,59,83,31,53
253,201,82,48,243,61,220,62,74,95,224,293,452,140,115,123,185,474,229,34,148,241,131,102,152,58,160,114,107,302,356,734,147,245,47,279,218,44,56,243,172,50,192,77,179,233,134,268,73,158
451,474,230,89,544,112,526,141,179,214,439,646,998,330,265,285,366,969,564,69,301,557,306,214,342,120,355,251,275,711,793,1483,270,526,143,591,488,98,243,321,374,122,400,226,399,505,342,542,185,341
328,289,133,53,331,65,329,94,112,143,272,364,591,187,171,171,246,591,333,38,182,337,214,134,190,75,206,146,160,414,497,915,170,312,90,354,315,55,172,374,114,57,230,124,242,312,218,338,132,231
97,90,33,21,123,18,88,23,42,55,96,112,186,76,49,52,80,199,108,17,47,105,65,47,76,22,68,51,49,149,149,298,60,108,24,99,73,20,50,122,57,11,64,39,75,105,67,97,40,82
381,338,168,71,348,81,386,114,121,152,330,409,670,264,210,219,285,684,371,48,226,382,250,168,263,101,255,183,182,478,556,1040,226,352,89,425,352,75,192,400,230,64,138,155,328,388,232,395,137,269
159,149,65,23,219,30,177,46,62,55,146,221,380,100,70,90,138,382,184,26,94,179,104,65,133,46,126,97,91,254,279,536,114,169,38,206,160,27,77,226,124,39,155,36,169,164,124,213,70,134
454,327,160,71,417,99,354,114,109,182,340,429,691,252,211,228,268,699,412,49,225,397,252,141,225,95,242,206,202,500,626,1101,211,362,86,385,340,77,179,399,242,75,328,169,163,366,249,435,147,314
441,405,191,65,524,109,428,131,149,182,392,533,845,287,234,262,343,871,497,74,282,482,272,190,306,108,316,213,260,635,681,1289,220,436,121,552,409,83,233,505,312,105,388,164,366,213,292,488,177,277
354,272,114,57,284,83,323,90,100,143,276,321,567,189,166,172,214,611,345,38,160,303,189,135,219,70,202,155,165,384,491,925,145,288,78,337,288,59,134,342,218,67,232,124,249,292,90,356,120,231
517,462,222,97,532,104,486,168,155,232,432,548,927,345,281,314,350,889,527,77,279,558,332,204,363,161,385,251,274,662,786,1427,272,515,129,538,490,83,268,542,338,97,395,213,435,488,356,269,196,368
174,164,68,20,195,35,179,56,48,59,158,198,312,122,93,104,134,321,210,23,99,193,112,74,125,43,116,86,88,223,277,492,96,175,41,214,169,31,73,185,132,40,137,70,147,177,120,196,38,154
385,304,137,60,331,73,340,113,123,146,287,370,635,242,208,213,224,636,361,50,183,330,245,149,242,87,227,170,176,402,466,925,166,301,78,313,316,53,158,341,231,82,269,134,314,277,231,368,154,109
