266,460,213,83,458,106,489,195,170,248,455,504,846,381,318,352,397,826,515,71,310,495,371,199,360,146,380,288,281,620,683,1221,277,457,121,532,483,89,245,473,339,114,390,164,462,427,343,482,153,384
460,188,171,72,439,99,408,130,134,172,347,473,792,264,215,233,317,767,427,56,268,447,231,154,272,105,292,181,203,549,645,1238,253,426,88,476,418,75,231,455,300,99,329,147,320,380,260,431,155,284
213,171,33,40,208,50,180,60,65,88,182,223,347,141,105,110,141,349,183,24,100,189,116,74,123,48,130,89,109,260,302,549,103,188,38,208,185,26,101,188,115,47,148,65,145,176,111,202,75,140
83,72,40,8,93,15,75,34,31,37,74,92,162,63,42,43,59,143,94,11,55,95,56,37,69,24,64,38,51,107,120,232,41,99,21,86,85,16,30,86,47,20,60,33,68,78,65,92,30,66
458,439,208,93,272,121,529,169,191,222,421,558,945,349,277,312,357,928,513,55,291,523,320,216,349,121,326,258,251,670,730,1438,275,503,115,517,466,85,248,592,338,110,373,204,391,477,318,567,189,301
106,99,50,15,121,9,107,32,45,46,97,124,203,80,58,73,74,195,103,13,75,119,78,56,80,36,94,55,73,139,158,305,56,119,26,126,108,30,57,115,73,25,74,34,95,97,83,119,39,91
489,408,180,75,529,107,220,157,153,176,399,573,902,357,241,281,338,845,497,65,253,505,293,195,327,128,358,226,252,624,778,1366,248,476,119,555,454,79,224,542,326,102,368,185,387,475,294,474,159,326
195,130,60,34,169,32,157,24,56,56,125,157,291,115,86,96,125,286,170,23,73,199,77,52,79,43,99,65,83,188,258,435,101,142,43,151,162,32,73,173,93,28,117,59,103,150,95,145,55,106
170,134,65,31,191,45,153,56,25,74,141,195,293,119,79,97,127,299,163,19,81,179,91,61,103,39,119,65,80,192,278,497,85,160,35,181,143,36,95,181,122,33,129,68,123,150,102,170,50,122
248,172,88,37,222,46,176,56,74,36,173,226,376,122,115,124,141,374,193,18,128,210,131,64,158,48,153,110,105,253,299,602,122,213,49,217,191,38,101,225,130,33,142,82,173,188,117,226,84,130
455,347,182,74,421,97,399,125,141,173,185,473,778,267,232,248,291,770,418,50,243,466,276,142,303,122,315,194,222,539,638,1178,225,411,91,490,422,81,196,430,266,82,316,172,347,381,276,450,135,296
504,473,223,92,558,124,573,157,195,226,473,308,1012,364,280,309,425,994,583,54,300,611,295,232,325,137,373,275,263,711,861,1624,318,516,145,605,538,104,282,583,365,119,422,220,444,523,353,595,203,344
846,792,347,162,945,203,902,291,293,376,778,1012,798,577,496,571,659,1427,938,117,504,967,523,356,602,223,591,395,422,1164,1337,2485,505,854,213,980,854,168,486,997,600,177,710,341,697,869,597,958,326,636
381,264,141,63,349,80,357,115,119,122,267,364,577,122,184,176,254,577,348,48,179,342,207,123,227,89,240,164,169,389,482,1022,168,351,66,326,318,68,173,370,241,66,240,112,293,291,223,349,138,221
318,215,105,42,277,58,241,86,79,115,232,280,496,184,74,140,224,458,259,31,159,273,171,100,165,62,163,112,123,292,387,775,141,240,69,273,240,32,149,282,177,49,199,94,215,244,162,263,117,212
352,233,110,43,312,73,281,96,97,124,248,309,571,176,140,79,250,536,296,28,168,304,182,101,185,77,202,115,144,327,451,860,160,254,58,257,274,39,154,292,169,56,208,107,239,260,177,300,119,210
397,317,141,59,357,74,338,125,127,141,291,425,659,254,224,250,143,669,344,46,202,362,211,124,246,83,226,172,168,467,614,1041,211,317,85,369,343,63,200,390,263,74,286,130,282,338,222,366,125,249
826,767,349,143,928,195,845,286,299,374,770,994,1427,577,458,536,669,768,897,119,530,926,499,350,619,255,623,423,468,1138,1342,2423,472,872,202,983,821,152,467,959,622,176,701,330,703,856,558,936,344,609
515,427,183,94,513,103,497,170,163,193,418,583,938,348,259,296,344,897,238,59,296,458,281,183,317,113,301,252,259,647,735,1430,250,472,100,524,533,80,238,573,342,84,391,165,387,447,293,517,178,361
71,56,24,11,55,13,65,23,19,18,50,54,117,48,31,28,46,119,59,1,38,77,38,31,38,21,49,27,31,80,99,205,33,65,19,76,63,12,38,65,38,13,45,23,44,57,34,63,23,50
310,268,100,55,291,75,253,73,81,128,243,300,504,179,159,168,202,530,296,38,81,284,145,118,173,77,170,138,124,340,374,787,165,262,72,277,264,39,135,294,190,55,230,96,204,274,194,262,125,198
495,447,189,95,523,119,505,199,179,210,466,611,967,342,273,304,362,926,458,77,284,257,290,199,305,126,357,264,256,647,805,1464,265,494,107,572,559,81,272,564,350,97,403,184,384,480,330,510,190,366
371,231,116,56,320,78,293,77,91,131,276,295,523,207,171,182,211,499,281,38,145,290,105,106,208,76,187,134,137,360,439,796,161,280,71,303,276,45,117,286,186,63,251,111,256,286,191,322,124,204
199,154,74,37,216,56,195,52,61,64,142,232,356,123,100,101,124,350,183,31,118,199,106,40,114,58,157,100,105,251,275,597,116,213,65,220,177,38,105,221,152,45,145,60,144,173,128,188,83,106
360,272,123,69,349,80,327,79,103,158,303,325,602,227,165,185,246,619,317,38,173,305,208,114,115,82,210,166,176,385,511,930,179,327,74,347,297,49,171,365,226,63,240,130,269,329,192,367,127,234
146,105,48,24,121,36,128,43,39,48,122,137,223,89,62,77,83,255,113,21,77,126,76,58,82,17,77,47,63,156,193,345,78,113,29,137,129,16,78,140,92,28,99,48,100,124,82,124,46,97
380,292,130,64,326,94,358,99,119,153,315,373,591,240,163,202,226,623,301,49,170,357,187,157,210,77,117,136,201,409,526,974,192,322,75,325,345,46,173,392,232,68,242,147,270,299,216,348,115,235
288,181,89,38,258,55,226,65,65,110,194,275,395,164,112,115,172,423,252,27,138,264,134,100,166,47,136,64,110,273,363,659,125,233,57,246,213,41,130,233,126,54,167,74,193,217,141,268,80,162
281,203,109,51,251,73,252,83,80,105,222,263,422,169,123,144,168,468,259,31,124,256,137,105,176,63,201,110,63,293,362,731,143,249,65,233,222,35,130,271,146,55,192,97,209,221,170,259,81,158
620,549,260,107,670,139,624,188,192,253,539,711,1164,389,292,327,467,1138,647,80,340,647,360,251,385,156,409,273,293,407,1025,1810,330,585,130,690,567,110,331,719,436,122,493,256,474,613,362,708,222,428
683,645,302,120,730,158,778,258,278,299,638,861,1337,482,387,451,614,1342,735,99,374,805,439,275,511,193,526,363,362,1025,570,2104,405,684,168,843,767,118,395,827,501,156,585,286,624,717,493,785,283,506
1221,1238,549,232,1438,305,1366,435,497,602,1178,1624,2485,1022,775,860,1041,2423,1430,205,787,1464,796,597,930,345,974,659,731,1810,2104,1930,753,1254,327,1529,1359,264,706,1521,992,307,1084,561,1153,1294,867,1435,541,978
277,253,103,41,275,56,248,101,85,122,225,318,505,168,141,160,211,472,250,33,165,265,161,116,179,78,192,125,143,330,405,753,86,246,49,282,238,54,145,283,176,66,217,112,208,277,168,323,98,182
457,426,188,99,503,119,476,142,160,213,411,516,854,351,240,254,317,872,472,65,262,494,280,213,327,113,322,233,249,585,684,1254,246,229,116,486,418,79,228,514,319,95,363,188,410,410,308,509,183,322
121,88,38,21,115,26,119,43,35,49,91,145,213,66,69,58,85,202,100,19,72,107,71,65,74,29,75,57,65,130,168,327,49,116,15,140,113,20,70,117,77,23,93,40,90,102,75,136,49,73
532,476,208,86,517,126,555,151,181,217,490,605,980,326,273,257,369,983,524,76,277,572,303,220,347,137,325,246,233,690,843,1529,282,486,140,250,495,76,252,562,359,107,429,194,434,495,303,572,215,339
483,418,185,85,466,108,454,162,143,191,422,538,854,318,240,274,343,821,533,63,264,559,276,177,297,129,345,213,222,567,767,1359,238,418,113,495,220,88,240,510,303,99,366,172,368,442,325,489,175,315
89,75,26,16,85,30,79,32,36,38,81,104,168,68,32,39,63,152,80,12,39,81,45,38,49,16,46,41,35,110,118,264,54,79,20,76,88,4,35,86,56,26,60,24,56,73,42,99,38,65
245,231,101,30,248,57,224,73,95,101,196,282,486,173,149,154,200,467,238,38,135,272,117,105,171,78,173,130,130,331,395,706,145,228,70,252,240,35,66,291,176,46,195,89,197,236,147,247,109,153
473,455,188,86,592,115,542,173,181,225,430,583,997,370,282,292,390,959,573,65,294,564,286,221,365,140,392,233,271,719,827,1521,283,514,117,562,510,86,291,282,348,119,415,226,435,511,364,544,215,357
339,300,115,47,338,73,326,93,122,130,266,365,600,241,177,169,263,622,342,38,190,350,186,152,226,92,232,126,146,436,501,992,176,319,77,359,303,56,176,348,97,76,259,127,275,307,185,348,119,206
114,99,47,20,110,25,102,28,33,33,82,119,177,66,49,56,74,176,84,13,55,97,63,45,63,28,68,54,55,122,156,307,66,95,23,107,99,26,46,119,76,10,78,38,76,101,57,107,47,63
390,329,148,60,373,74,368,117,129,142,316,422,710,240,199,208,286,701,391,45,230,403,251,145,240,99,242,167,192,493,585,1084,217,363,93,429,366,60,195,415,259,78,138,154,288,374,250,390,151,275
164,147,65,33,204,34,185,59,68,82,172,220,341,112,94,107,130,330,165,23,96,184,111,60,130,48,147,74,97,256,286,561,112,188,40,194,172,24,89,226,127,38,154,32,151,153,114,197,70,142
462,320,145,68,391,95,387,103,123,173,347,444,697,293,215,239,282,703,387,44,204,384,256,144,269,100,270,193,209,474,624,1153,208,410,90,434,368,56,197,435,275,76,288,151,160,373,255,423,148,261
427,380,176,78,477,97,475,150,150,188,381,523,869,291,244,260,338,856,447,57,274,480,286,173,329,124,299,217,221,613,717,1294,277,410,102,495,442,73,236,511,307,101,374,153,373,236,316,481,164,325
343,260,111,65,318,83,294,95,102,117,276,353,597,223,162,177,222,558,293,34,194,330,191,128,192,82,216,141,170,362,493,867,168,308,75,303,325,42,147,364,185,57,250,114,255,316,105,359,131,180
482,431,202,92,567,119,474,145,170,226,450,595,958,349,263,300,366,936,517,63,262,510,322,188,367,124,348,268,259,708,785,1435,323,509,136,572,489,99,247,544,348,107,390,197,423,481,359,274,207,374
153,155,75,30,189,39,159,55,50,84,135,203,326,138,117,119,125,344,178,23,125,190,124,83,127,46,115,80,81,222,283,541,98,183,49,215,175,38,109,215,119,47,151,70,148,164,131,207,36,149
384,284,140,66,301,91,326,106,122,130,296,344,636,221,212,210,249,609,361,50,198,366,204,106,234,97,235,162,158,428,506,978,182,322,73,339,315,65,153,357,206,63,275,142,261,325,180,374,149,103
