307,440,205,99,515,97,501,190,171,247,417,518,830,399,310,339,375,815,474,62,343,501,348,201,342,153,363,269,300,587,736,1138,247,485,112,558,460,100,243,492,331,100,383,184,432,444,336,497,177,397
440,190,167,70,425,96,461,126,150,196,386,468,784,304,248,230,291,810,449,56,253,464,261,179,302,111,295,201,230,531,672,1280,280,413,113,376,395,59,212,459,303,89,325,157,404,398,276,458,173,282
205,167,51,37,209,46,187,58,64,83,162,217,387,136,101,132,135,351,192,28,101,193,100,75,129,56,141,90,98,243,283,567,107,198,38,193,187,31,98,211,141,39,155,65,166,186,122,194,65,118
99,70,37,4,84,19,73,28,20,32,69,90,132,56,60,53,64,155,86,9,46,78,48,40,54,18,46,41,53,120,122,212,46,91,19,83,82,13,57,80,44,20,67,42,65,58,62,86,27,59
515,425,209,84,275,114,515,139,165,203,452,562,924,345,285,310,354,941,564,54,276,535,313,216,353,124,353,246,258,660,777,1387,271,478,126,529,517,73,259,594,362,101,362,175,434,473,332,521,182,341
97,96,46,19,114,12,101,36,29,43,88,102,195,75,65,71,68,190,116,11,60,115,61,51,82,33,85,59,61,148,149,277,56,123,30,93,102,18,64,107,67,26,78,41,94,85,77,115,41,80
501,461,187,73,515,101,235,153,174,214,407,516,857,333,282,286,365,835,520,70,276,519,331,191,343,127,335,234,284,611,713,1271,271,463,115,540,451,71,262,521,334,106,360,183,410,404,313,492,161,366
190,126,58,28,139,36,153,22,53,78,129,169,291,105,74,79,114,296,144,16,73,141,82,54,92,47,100,67,81,200,231,457,94,131,41,148,152,31,78,166,97,33,109,43,119,139,95,155,73,104
171,150,64,20,165,29,174,53,25,69,130,186,263,116,99,112,123,312,191,15,82,181,92,61,107,45,98,87,77,212,250,472,79,157,37,189,159,28,81,170,123,30,124,64,125,164,109,150,71,119
247,196,83,32,203,43,214,78,69,34,142,216,350,119,111,118,148,366,229,25,131,205,128,80,151,45,131,108,107,277,303,557,106,193,50,204,213,41,109,221,120,37,154,83,170,187,145,229,79,135
417,386,162,69,452,88,407,129,130,142,172,446,737,287,234,270,276,748,448,52,235,416,243,184,288,97,287,199,236,553,648,1156,243,416,101,451,435,78,210,473,291,87,320,152,352,389,278,401,131,272
518,468,217,90,562,102,516,169,186,216,446,311,1002,347,276,293,426,1013,555,69,292,589,321,221,362,143,390,246,265,704,832,1583,270,494,128,548,512,103,271,628,401,105,451,214,445,504,359,584,185,378
830,784,387,132,924,195,857,291,263,350,737,1002,829,605,463,516,644,1407,929,97,501,844,511,356,576,204,574,413,474,1159,1303,2354,481,840,203,935,810,168,473,992,625,192,693,346,755,806,557,912,289,589
399,304,136,56,345,75,333,105,116,119,287,347,605,88,163,178,255,594,352,53,163,357,191,122,210,84,204,164,165,398,470,885,177,312,68,362,287,63,166,385,232,67,236,127,254,309,203,319,118,206
310,248,101,60,285,65,282,74,99,111,234,276,463,163,58,139,174,452,275,28,143,274,142,126,198,75,175,139,119,339,388,736,136,225,39,269,246,53,127,260,163,44,207,99,213,227,151,248,98,178
339,230,132,53,310,71,286,79,112,118,270,293,516,178,139,80,199,530,305,40,173,277,172,119,207,81,181,138,122,350,408,792,161,265,50,288,285,50,161,319,198,49,218,110,239,247,175,278,124,208
375,291,135,64,354,68,365,114,123,148,276,426,644,255,174,199,126,684,341,41,204,349,210,136,230,105,234,167,168,471,566,990,194,347,95,377,348,48,195,373,226,87,252,142,281,350,223,341,160,265
815,810,351,155,941,190,835,296,312,366,748,1013,1407,594,452,530,684,730,972,92,518,929,515,377,582,230,616,434,447,1147,1351,2380,486,839,194,994,807,164,467,988,600,190,690,348,694,788,530,918,287,619
474,449,192,86,564,116,520,144,191,229,448,555,929,352,275,305,341,972,245,78,274,476,295,202,317,126,335,230,279,659,744,1419,312,482,133,523,498,86,253,552,334,97,406,188,415,523,308,557,199,363
62,56,28,9,54,11,70,16,15,25,52,69,97,53,28,40,41,92,78,3,27,64,35,24,35,11,36,27,27,60,92,189,26,59,14,71,57,11,34,61,37,15,53,25,53,65,44,67,21,42
343,253,101,46,276,60,276,73,82,131,235,292,501,163,143,173,204,518,274,27,79,267,143,111,172,60,181,137,148,357,405,782,144,250,72,284,259,39,132,304,191,64,229,86,208,224,185,301,98,183
501,464,193,78,535,115,519,141,181,205,416,589,844,357,274,277,349,929,476,64,267,271,306,196,354,137,342,241,255,645,705,1382,292,497,114,527,448,88,253,584,325,103,364,185,433,459,314,574,206,356
348,261,100,48,313,61,331,82,92,128,243,321,511,191,142,172,210,515,295,35,143,306,88,124,209,80,190,129,152,392,466,800,157,285,65,306,267,46,161,328,170,69,242,107,229,240,170,307,117,215
201,179,75,40,216,51,191,54,61,80,184,221,356,122,126,119,136,377,202,24,111,196,124,43,123,41,120,97,107,227,274,575,127,190,40,237,192,29,106,224,116,40,154,71,186,186,126,209,78,130
342,302,129,54,353,82,343,92,107,151,288,362,576,210,198,207,230,582,317,35,172,354,209,123,101,79,223,158,171,410,488,918,180,328,77,326,324,61,171,385,232,74,245,97,257,307,220,339,137,213
153,111,56,18,124,33,127,47,45,45,97,143,204,84,75,81,105,230,126,11,60,137,80,41,79,15,65,68,64,158,203,362,80,94,29,116,116,18,71,140,95,27,96,36,116,119,87,160,43,78
363,295,141,46,353,85,335,100,98,131,287,390,574,204,175,181,234,616,335,36,181,342,190,120,223,65,92,167,172,427,490,927,211,301,84,351,319,60,174,381,227,66,263,118,259,315,220,368,130,215
269,201,90,41,246,59,234,67,87,108,199,246,413,164,139,138,167,434,230,27,137,241,129,97,158,68,167,67,125,303,329,654,141,209,51,221,222,25,113,254,149,44,188,92,207,207,145,235,91,173
300,230,98,53,258,61,284,81,77,107,236,265,474,165,119,122,168,447,279,27,148,255,152,107,171,64,172,125,60,320,368,676,163,245,51,254,234,32,137,299,180,69,186,88,199,237,183,286,103,167
587,531,243,120,660,148,611,200,212,277,553,704,1159,398,339,350,471,1147,659,60,357,645,392,227,410,158,427,303,320,393,970,1738,337,581,148,677,629,103,307,666,398,135,488,241,497,571,390,675,248,407
736,672,283,122,777,149,713,231,250,303,648,832,1303,470,388,408,566,1351,744,92,405,705,466,274,488,203,490,329,368,970,560,1985,415,680,204,800,670,122,392,806,507,148,572,283,607,703,507,786,275,513
1138,1280,567,212,1387,277,1271,457,472,557,1156,1583,2354,885,736,792,990,2380,1419,189,782,1382,800,575,918,362,927,654,676,1738,1985,1874,777,1309,293,1422,1232,247,656,1519,948,291,1063,535,1136,1249,889,1357,476,896
247,280,107,46,271,56,271,94,79,106,243,270,481,177,136,161,194,486,312,26,144,292,157,127,180,80,211,141,163,337,415,777,79,262,43,272,248,45,123,307,176,49,221,96,229,249,161,261,76,188
485,413,198,91,478,123,463,131,157,193,416,494,840,312,225,265,347,839,482,59,250,497,285,190,328,94,301,209,245,581,680,1309,262,246,115,524,469,76,230,503,300,95,341,161,381,427,265,519,172,340
112,113,38,19,126,30,115,41,37,50,101,128,203,68,39,50,95,194,133,14,72,114,65,40,77,29,84,51,51,148,204,293,43,115,7,120,106,22,56,147,80,24,95,58,82,106,50,143,23,80
558,376,193,83,529,93,540,148,189,204,451,548,935,362,269,288,377,994,523,71,284,527,306,237,326,116,351,221,254,677,800,1422,272,524,120,270,507,91,254,600,347,110,432,215,403,494,365,583,230,369
460,395,187,82,517,102,451,152,159,213,435,512,810,287,246,285,348,807,498,57,259,448,267,192,324,116,319,222,234,629,670,1232,248,469,106,507,205,80,244,504,296,98,356,192,372,417,312,514,168,352
100,59,31,13,73,18,71,31,28,41,78,103,168,63,53,50,48,164,86,11,39,88,46,29,61,18,60,25,32,103,122,247,45,76,22,91,80,5,42,86,49,20,78,34,85,81,72,96,31,50
243,212,98,57,259,64,262,78,81,109,210,271,473,166,127,161,195,467,253,34,132,253,161,106,171,71,174,113,137,307,392,656,123,230,56,254,244,42,50,279,179,54,195,84,193,203,164,244,97,177
492,459,211,80,594,107,521,166,170,221,473,628,992,385,260,319,373,988,552,61,304,584,328,224,385,140,381,254,299,666,806,1519,307,503,147,600,504,86,279,311,365,102,370,189,451,504,336,583,195,405
331,303,141,44,362,67,334,97,123,120,291,401,625,232,163,198,226,600,334,37,191,325,170,116,232,95,227,149,180,398,507,948,176,300,80,347,296,49,179,365,115,55,245,127,271,315,215,369,135,215
100,89,39,20,101,26,106,33,30,37,87,105,192,67,44,49,87,190,97,15,64,103,69,40,74,27,66,44,69,135,148,291,49,95,24,110,98,20,54,102,55,9,85,29,83,96,70,98,36,61
383,325,155,67,362,78,360,109,124,154,320,451,693,236,207,218,252,690,406,53,229,364,242,154,245,96,263,188,186,488,572,1063,221,341,95,432,356,78,195,370,245,85,140,144,311,356,217,381,148,270
184,157,65,42,175,41,183,43,64,83,152,214,346,127,99,110,142,348,188,25,86,185,107,71,97,36,118,92,88,241,283,535,96,161,58,215,192,34,84,189,127,29,144,35,140,173,111,202,64,141
432,404,166,65,434,94,410,119,125,170,352,445,755,254,213,239,281,694,415,53,208,433,229,186,257,116,259,207,199,497,607,1136,229,381,82,403,372,85,193,451,271,83,311,140,173,353,241,419,146,287
444,398,186,58,473,85,404,139,164,187,389,504,806,309,227,247,350,788,523,65,224,459,240,186,307,119,315,207,237,571,703,1249,249,427,106,494,417,81,203,504,315,96,356,173,353,214,267,470,161,321
336,276,122,62,332,77,313,95,109,145,278,359,557,203,151,175,223,530,308,44,185,314,170,126,220,87,220,145,183,390,507,889,161,265,50,365,312,72,164,336,215,70,217,111,241,267,89,357,104,221
497,458,194,86,521,115,492,155,150,229,401,584,912,319,248,278,341,918,557,67,301,574,307,209,339,160,368,235,286,675,786,1357,261,519,143,583,514,96,244,583,369,98,381,202,419,470,357,263,181,375
177,173,65,27,182,41,161,73,71,79,131,185,289,118,98,124,160,287,199,21,98,206,117,78,137,43,130,91,103,248,275,476,76,172,23,230,168,31,97,195,135,36,148,64,146,161,104,181,24,130
397,282,118,59,341,80,366,104,119,135,272,378,589,206,178,208,265,619,363,42,183,356,215,130,213,78,215,173,167,407,513,896,188,340,80,369,352,50,177,405,215,61,270,141,287,321,221,375,130,104
