227,430,211,65,491,94,412,170,149,226,444,529,800,366,320,332,383,814,480,78,316,496,315,210,360,165,387,255,297,575,654,1156,229,453,121,504,462,98,259,461,323,106,353,177,408,386,341,486,160,359
430,182,166,78,447,96,414,124,156,174,401,447,760,300,228,221,289,730,462,55,259,452,247,156,296,104,272,197,216,499,636,1168,219,403,97,458,395,73,201,405,278,103,334,157,349,440,253,452,177,322
211,166,47,45,216,52,196,69,69,82,171,233,379,130,92,110,149,364,205,34,119,207,105,83,113,57,134,85,92,229,299,606,86,188,40,211,188,31,116,201,124,36,147,74,161,186,117,220,82,128
65,78,45,8,96,15,88,23,32,42,71,79,119,71,49,60,68,141,79,14,67,83,52,42,58,17,58,41,53,102,121,204,37,88,17,75,63,21,38,63,47,19,60,26,71,70,59,78,34,71
491,447,216,96,249,111,470,148,159,186,418,543,935,338,280,322,337,899,522,51,276,494,330,212,369,126,333,260,281,605,767,1429,275,450,117,489,468,100,239,561,340,105,376,205,390,489,321,489,196,353
94,96,52,15,111,9,114,34,41,41,100,121,188,90,67,79,79,195,112,13,68,122,58,57,85,33,88,54,54,144,157,284,54,120,28,119,92,23,53,100,70,27,88,42,95,96,81,112,32,86
412,414,196,88,470,114,251,166,170,211,389,529,855,313,280,315,355,862,469,60,275,459,286,212,316,128,366,238,258,582,727,1288,248,471,106,514,460,87,247,544,318,113,405,195,390,430,305,469,185,339
170,124,69,23,148,34,166,23,53,70,130,167,266,104,80,87,99,269,145,17,96,178,105,52,99,39,113,70,79,184,249,435,76,158,33,138,143,27,74,160,96,36,111,58,128,154,108,168,64,108
149,156,69,32,159,41,170,53,22,73,160,165,303,122,77,91,102,307,183,21,80,160,88,75,118,39,129,81,96,207,221,425,78,146,32,159,154,36,70,176,101,42,120,65,137,152,124,165,49,118
226,174,82,42,186,41,211,70,73,46,176,248,413,156,114,126,169,392,201,26,121,200,158,100,139,58,157,91,115,226,311,554,99,186,37,209,219,44,105,214,138,54,165,89,184,162,138,229,78,143
444,401,171,71,418,100,389,130,160,176,175,468,729,287,236,247,323,721,400,53,226,439,287,150,268,105,285,207,235,527,672,1165,233,400,100,459,434,77,226,462,297,89,356,187,347,376,281,424,156,305
529,447,233,79,543,121,529,167,165,248,468,295,985,365,323,368,370,999,547,54,295,565,300,180,368,149,361,256,266,704,814,1580,287,498,133,608,528,95,273,569,383,118,405,227,447,469,358,567,185,350
800,760,379,119,935,188,855,266,303,413,729,985,772,588,487,539,671,1360,872,83,508,914,582,374,607,251,618,434,446,1094,1271,2362,463,866,182,983,797,139,480,913,593,188,649,318,735,807,614,920,309,607
366,300,130,71,338,90,313,104,122,156,287,365,588,103,191,186,253,603,300,47,168,310,223,149,240,85,239,156,190,408,470,892,181,311,79,321,314,56,161,350,226,59,252,147,258,311,216,331,144,222
320,228,92,49,280,67,280,80,77,114,236,323,487,191,58,134,195,482,266,38,142,273,143,118,179,68,183,122,125,342,423,775,140,275,60,297,251,46,142,285,165,54,226,109,213,242,187,303,90,178
332,221,110,60,322,79,315,87,91,126,247,368,539,186,134,68,210,536,285,40,149,278,173,121,195,86,212,135,133,386,452,864,172,280,60,319,261,53,166,304,197,68,209,108,248,248,214,307,117,193
383,289,149,68,337,79,355,99,102,169,323,370,671,253,195,210,149,704,385,53,204,369,245,144,240,89,235,153,174,432,513,999,179,357,81,353,337,71,184,377,213,76,276,131,288,344,226,360,119,275
814,730,364,141,899,195,862,269,307,392,721,999,1360,603,482,536,704,722,889,97,489,955,583,362,586,235,574,437,476,1072,1312,2311,484,838,196,963,856,130,469,914,588,207,622,361,754,815,599,883,313,627
480,462,205,79,522,112,469,145,183,201,400,547,872,300,266,285,385,889,245,69,270,472,299,187,309,157,347,232,247,605,743,1373,246,486,108,540,478,82,266,513,359,105,400,188,393,482,322,528,174,362
78,55,34,14,51,13,60,17,21,26,53,54,83,47,38,40,53,97,69,3,38,63,38,28,42,19,45,36,40,78,103,174,27,48,15,80,68,10,20,54,39,6,54,19,46,54,30,74,18,44
316,259,119,67,276,68,275,96,80,121,226,295,508,168,142,149,204,489,270,38,67,287,128,130,187,81,180,147,119,329,434,841,170,229,67,276,261,54,140,308,172,58,240,98,219,244,180,281,102,198
496,452,207,83,494,122,459,178,160,200,439,565,914,310,273,278,369,955,472,63,287,236,297,193,319,139,342,234,282,593,733,1404,264,449,108,547,475,86,271,541,335,120,402,175,363,459,310,568,178,359
315,247,105,52,330,58,286,105,88,158,287,300,582,223,143,173,245,583,299,38,128,297,108,133,207,70,177,140,160,372,452,888,196,290,61,307,287,59,163,332,202,70,238,100,259,271,195,332,112,215
210,156,83,42,212,57,212,52,75,100,150,180,374,149,118,121,144,362,187,28,130,193,133,40,144,46,127,81,110,285,300,561,106,198,52,196,209,32,100,233,146,49,170,84,160,184,125,220,73,162
360,296,113,58,369,85,316,99,118,139,268,368,607,240,179,195,240,586,309,42,187,319,207,144,107,79,224,144,169,408,482,946,181,334,83,300,317,44,179,358,231,78,259,129,273,327,205,359,140,236
165,104,57,17,126,33,128,39,39,58,105,149,251,85,68,86,89,235,157,19,81,139,70,46,79,12,73,56,58,173,189,375,77,120,42,141,115,15,58,131,91,37,122,43,101,119,62,150,53,83
387,272,134,58,333,88,366,113,129,157,285,361,618,239,183,212,235,574,347,45,180,342,177,127,224,73,105,151,167,431,527,966,175,320,83,338,317,65,165,376,249,81,286,136,273,318,191,360,133,239
255,197,85,41,260,54,238,70,81,91,207,256,434,156,122,135,153,437,232,36,147,234,140,81,144,56,151,56,121,296,353,657,121,223,45,238,217,41,105,263,181,40,184,89,198,218,154,253,92,150
297,216,92,53,281,54,258,79,96,115,235,266,446,190,125,133,174,476,247,40,119,282,160,110,169,58,167,121,66,355,377,740,145,250,61,245,238,39,134,280,180,75,206,85,223,249,137,281,111,182
575,499,229,102,605,144,582,184,207,226,527,704,1094,408,342,386,432,1072,605,78,329,593,372,285,408,173,431,296,355,390,972,1832,345,598,159,656,589,120,283,686,380,118,452,240,520,612,389,662,259,428
654,636,299,121,767,157,727,249,221,311,672,814,1271,470,423,452,513,1312,743,103,434,733,452,300,482,189,527,353,377,972,554,1973,349,719,153,789,708,150,372,800,503,162,524,291,599,663,483,796,252,506
1156,1168,606,204,1429,284,1288,435,425,554,1165,1580,2362,892,775,864,999,2311,1373,174,841,1404,888,561,946,375,966,657,740,1832,1973,1879,700,1298,307,1518,1238,235,717,1429,951,305,992,525,1146,1242,884,1382,465,913
229,219,86,37,275,54,248,76,78,99,233,287,463,181,140,172,179,484,246,27,170,264,196,106,181,77,175,121,145,345,349,700,66,256,46,293,215,41,136,272,159,48,211,107,217,242,177,257,83,176
453,403,188,88,450,120,471,158,146,186,400,498,866,311,275,280,357,838,486,48,229,449,290,198,334,120,320,223,250,598,719,1298,256,215,99,491,423,89,250,492,314,98,352,205,388,444,305,508,195,331
121,97,40,17,117,28,106,33,32,37,100,133,182,79,60,60,81,196,108,15,67,108,61,52,83,42,83,45,61,159,153,307,46,99,11,133,118,17,56,115,79,24,104,39,93,101,72,99,30,68
504,458,211,75,489,119,514,138,159,209,459,608,983,321,297,319,353,963,540,80,276,547,307,196,300,141,338,238,245,656,789,1518,293,491,133,270,490,108,243,578,352,92,374,194,411,480,305,572,200,329
462,395,188,63,468,92,460,143,154,219,434,528,797,314,251,261,337,856,478,68,261,475,287,209,317,115,317,217,238,589,708,1238,215,423,118,490,204,91,228,483,308,103,320,152,376,404,313,468,173,354
98,73,31,21,100,23,87,27,36,44,77,95,139,56,46,53,71,130,82,10,54,86,59,32,44,15,65,41,39,120,150,235,41,89,17,108,91,9,36,81,65,20,57,41,71,85,52,90,43,69
259,201,116,38,239,53,247,74,70,105,226,273,480,161,142,166,184,469,266,20,140,271,163,100,179,58,165,105,134,283,372,717,136,250,56,243,228,36,63,268,150,59,177,100,201,245,158,243,88,175
461,405,201,63,561,100,544,160,176,214,462,569,913,350,285,304,377,914,513,54,308,541,332,233,358,131,376,263,280,686,800,1429,272,492,115,578,483,81,268,259,352,112,430,206,438,482,334,606,211,382
323,278,124,47,340,70,318,96,101,138,297,383,593,226,165,197,213,588,359,39,172,335,202,146,231,91,249,181,180,380,503,951,159,314,79,352,308,65,150,352,110,83,272,124,276,300,218,352,119,230
106,103,36,19,105,27,113,36,42,54,89,118,188,59,54,68,76,207,105,6,58,120,70,49,78,37,81,40,75,118,162,305,48,98,24,92,103,20,59,112,83,12,84,38,93,79,71,104,43,65
353,334,147,60,376,88,405,111,120,165,356,405,649,252,226,209,276,622,400,54,240,402,238,170,259,122,286,184,206,452,524,992,211,352,104,374,320,57,177,430,272,84,134,142,329,327,272,372,147,284
177,157,74,26,205,42,195,58,65,89,187,227,318,147,109,108,131,361,188,19,98,175,100,84,129,43,136,89,85,240,291,525,107,205,39,194,152,41,100,206,124,38,142,39,141,182,115,186,73,146
408,349,161,71,390,95,390,128,137,184,347,447,735,258,213,248,288,754,393,46,219,363,259,160,273,101,273,198,223,520,599,1146,217,388,93,411,376,71,201,438,276,93,329,141,158,345,279,434,155,288
386,440,186,70,489,96,430,154,152,162,376,469,807,311,242,248,344,815,482,54,244,459,271,184,327,119,318,218,249,612,663,1242,242,444,101,480,404,85,245,482,300,79,327,182,345,213,296,500,191,309
341,253,117,59,321,81,305,108,124,138,281,358,614,216,187,214,226,599,322,30,180,310,195,125,205,62,191,154,137,389,483,884,177,305,72,305,313,52,158,334,218,71,272,115,279,296,103,321,136,219
486,452,220,78,489,112,469,168,165,229,424,567,920,331,303,307,360,883,528,74,281,568,332,220,359,150,360,253,281,662,796,1382,257,508,99,572,468,90,243,606,352,104,372,186,434,500,321,254,179,344
160,177,82,34,196,32,185,64,49,78,156,185,309,144,90,117,119,313,174,18,102,178,112,73,140,53,133,92,111,259,252,465,83,195,30,200,173,43,88,211,119,43,147,73,155,191,136,179,23,111
359,322,128,71,353,86,339,108,118,143,305,350,607,222,178,193,275,627,362,44,198,359,215,162,236,83,239,150,182,428,506,913,176,331,68,329,354,69,175,382,230,65,284,146,288,309,219,344,111,122
