265,442,199,94,515,120,491,170,183,238,444,524,822,368,324,343,397,799,468,71,312,508,362,205,372,153,379,285,305,603,711,1181,272,476,81,483,511,82,254,442,312,93,389,167,440,357,328,522,187,400
442,179,165,74,446,97,418,139,150,185,356,518,781,253,233,224,314,752,444,46,218,439,274,183,294,91,255,205,205,502,657,1187,239,418,94,482,419,64,202,428,249,74,341,157,387,408,292,445,158,297
199,165,41,37,205,45,179,69,67,92,189,235,367,123,98,117,147,369,201,21,108,209,119,84,136,44,118,97,111,223,301,571,95,198,46,196,170,31,95,211,127,28,154,67,160,181,131,209,62,148
94,74,37,7,96,18,88,23,28,31,72,104,131,64,43,50,74,126,89,11,44,91,66,35,61,24,57,50,47,99,114,194,41,95,22,99,69,16,43,84,44,18,51,30,73,72,59,82,31,58
515,446,205,96,280,109,476,169,151,218,434,596,872,357,263,291,372,879,520,63,272,520,330,207,362,129,323,262,234,623,764,1422,282,475,117,592,493,95,264,516,350,104,385,179,398,478,343,569,172,333
120,97,45,18,109,12,102,31,33,51,88,127,192,82,65,56,80,186,111,16,74,116,58,51,81,32,90,58,53,144,162,263,45,110,28,134,95,17,48,108,70,19,80,48,97,100,87,114,34,81
491,418,179,88,476,102,218,155,165,181,377,510,831,322,262,260,371,840,490,65,271,498,305,224,332,121,355,237,255,605,694,1292,247,457,100,532,438,65,241,533,283,97,350,170,393,443,300,477,190,318
170,139,69,23,169,31,155,23,56,57,124,164,264,86,84,104,94,272,150,26,74,166,102,56,115,44,111,72,79,198,226,426,82,145,37,139,150,22,58,169,96,34,124,56,134,141,98,161,64,119
183,150,67,28,151,33,165,56,26,81,163,178,317,100,75,85,114,295,169,25,100,179,106,60,119,45,99,75,76,204,274,500,100,148,40,161,163,27,96,169,104,21,141,58,142,182,100,212,66,100
238,185,92,31,218,51,181,57,81,36,164,184,352,144,116,128,134,354,209,28,124,199,109,75,136,49,151,74,105,260,318,568,119,182,40,217,179,24,93,233,145,39,167,84,158,166,146,217,77,138
444,356,189,72,434,88,377,124,163,164,170,489,791,293,233,255,323,759,430,55,245,424,235,168,285,95,284,181,226,544,640,1196,223,382,95,481,383,59,219,448,282,100,337,167,325,375,272,465,156,284
524,518,235,104,596,127,510,164,178,184,489,354,1043,340,266,324,390,1055,531,80,298,578,336,252,384,131,392,274,271,722,917,1588,291,561,122,611,536,85,266,639,384,108,382,243,440,503,366,611,207,379
822,781,367,131,872,192,831,264,317,352,791,1043,793,608,515,520,656,1451,897,120,495,964,548,377,616,229,638,416,443,1165,1373,2424,445,832,217,981,857,156,435,922,599,188,646,358,749,847,616,905,346,560
368,253,123,64,357,82,322,86,100,144,293,340,608,100,186,188,253,602,339,40,162,329,202,114,230,65,200,167,193,407,477,933,175,333,64,357,316,58,150,348,179,60,249,114,248,318,193,375,122,233
324,233,98,43,263,65,262,84,75,116,233,266,515,186,59,134,197,506,255,30,158,254,161,132,185,71,187,126,126,324,420,768,162,296,48,276,285,34,138,289,175,58,222,104,238,257,164,271,113,203
343,224,117,50,291,56,260,104,85,128,255,324,520,188,134,79,203,521,277,32,163,293,176,109,179,70,185,131,142,362,444,870,155,281,63,322,283,43,151,310,184,62,240,112,231,276,177,302,123,201
397,314,147,74,372,80,371,94,114,134,323,390,656,253,197,203,138,650,366,55,169,394,204,139,245,100,243,191,177,451,550,1010,183,343,81,400,349,53,170,355,257,70,294,139,322,311,269,399,146,236
799,752,369,126,879,186,840,272,295,354,759,1055,1451,602,506,521,650,793,941,117,494,902,521,335,579,229,590,447,449,1129,1379,2364,441,847,217,948,828,174,418,921,594,190,671,313,710,849,582,910,331,584
468,444,201,89,520,111,490,150,169,209,430,531,897,339,255,277,366,941,250,69,279,491,307,202,319,123,338,237,248,610,765,1435,282,448,128,522,457,86,240,539,349,102,388,201,411,489,320,549,181,355
71,46,21,11,63,16,65,26,25,28,55,80,120,40,30,32,55,117,69,3,36,66,36,34,33,15,46,31,25,78,98,192,37,68,16,66,53,7,36,60,38,5,48,23,45,65,42,63,19,42
312,218,108,44,272,74,271,74,100,124,245,298,495,162,158,163,169,494,279,36,63,293,163,98,174,69,179,135,131,329,422,758,154,233,63,248,269,33,136,313,190,49,214,115,190,252,164,299,109,185
508,439,209,91,520,116,498,166,179,199,424,578,964,329,254,293,394,902,491,66,293,271,307,219,323,112,320,250,265,626,764,1496,286,468,128,546,465,86,263,562,334,111,390,209,406,456,352,564,194,369
362,274,119,66,330,58,305,102,106,109,235,336,548,202,161,176,204,521,307,36,163,307,80,137,198,78,214,145,160,365,447,830,170,268,56,280,286,51,163,325,188,60,251,109,250,279,200,342,118,185
205,183,84,35,207,51,224,56,60,75,168,252,377,114,132,109,139,335,202,34,98,219,137,40,142,53,127,91,94,248,326,551,91,204,37,217,209,27,91,234,127,47,143,70,164,203,122,212,77,147
372,294,136,61,362,81,332,115,119,136,285,384,616,230,185,179,245,579,319,33,174,323,198,142,103,76,201,154,161,407,460,914,182,312,80,341,314,52,160,333,224,71,247,116,266,331,199,354,121,257
153,91,44,24,129,32,121,44,45,49,95,131,229,65,71,70,100,229,123,15,69,112,78,53,76,18,66,68,61,125,199,371,71,107,29,137,107,23,76,145,93,22,108,45,99,126,91,137,43,95
379,255,118,57,323,90,355,111,99,151,284,392,638,200,187,185,243,590,338,46,179,320,214,127,201,66,96,165,170,386,522,957,201,310,72,359,349,57,182,352,231,74,242,120,271,340,217,359,134,254
285,205,97,50,262,58,237,72,75,74,181,274,416,167,126,131,191,447,237,31,135,250,145,91,154,68,165,41,113,301,357,653,126,216,54,237,214,41,106,253,176,49,203,94,203,196,153,270,98,144
305,205,111,47,234,53,255,79,76,105,226,271,443,193,126,142,177,449,248,25,131,265,160,94,161,61,170,113,65,289,370,780,133,238,59,247,259,36,138,245,148,52,196,87,222,226,166,294,84,185
603,502,223,99,623,144,605,198,204,260,544,722,1165,407,324,362,451,1129,610,78,329,626,365,248,407,125,386,301,289,402,955,1819,377,561,126,663,557,123,334,643,394,128,464,249,517,635,409,640,266,406
711,657,301,114,764,162,694,226,274,318,640,917,1373,477,420,444,550,1379,765,98,422,764,447,326,460,199,522,357,370,955,579,2045,405,721,187,817,696,132,373,827,528,131,597,309,618,699,485,760,292,493
1181,1187,571,194,1422,263,1292,426,500,568,1196,1588,2424,933,768,870,1010,2364,1435,192,758,1496,830,551,914,371,957,653,780,1819,2045,1855,743,1313,304,1594,1296,247,661,1487,926,323,1004,582,1160,1351,867,1382,490,932
272,239,95,41,282,45,247,82,100,119,223,291,445,175,162,155,183,441,282,37,154,286,170,91,182,71,201,126,133,377,405,743,68,247,66,297,243,45,150,277,191,60,216,107,218,240,161,270,103,173
476,418,198,95,475,110,457,145,148,182,382,561,832,333,296,281,343,847,448,68,233,468,268,204,312,107,310,216,238,561,721,1313,247,227,140,486,417,75,241,491,282,85,365,178,413,443,323,536,172,323
81,94,46,22,117,28,100,37,40,40,95,122,217,64,48,63,81,217,128,16,63,128,56,37,80,29,72,54,59,126,187,304,66,140,13,110,90,17,53,123,91,25,87,33,77,124,72,99,41,72
483,482,196,99,592,134,532,139,161,217,481,611,981,357,276,322,400,948,522,66,248,546,280,217,341,137,359,237,247,663,817,1594,297,486,110,277,541,83,286,584,359,107,422,214,447,488,340,573,211,368
511,419,170,69,493,95,438,150,163,179,383,536,857,316,285,283,349,828,457,53,269,465,286,209,314,107,349,214,259,557,696,1296,243,417,90,541,206,58,227,528,295,99,339,187,384,455,309,513,162,293
82,64,31,16,95,17,65,22,27,24,59,85,156,58,34,43,53,174,86,7,33,86,51,27,52,23,57,41,36,123,132,247,45,75,17,83,58,9,47,100,57,17,73,32,57,72,53,90,22,49
254,202,95,43,264,48,241,58,96,93,219,266,435,150,138,151,170,418,240,36,136,263,163,91,160,76,182,106,138,334,373,661,150,241,53,286,227,47,61,269,172,50,191,85,188,227,145,287,92,180
442,428,211,84,516,108,533,169,169,233,448,639,922,348,289,310,355,921,539,60,313,562,325,234,333,145,352,253,245,643,827,1487,277,491,123,584,528,100,269,294,329,123,396,211,428,514,332,543,199,367
312,249,127,44,350,70,283,96,104,145,282,384,599,179,175,184,257,594,349,38,190,334,188,127,224,93,231,176,148,394,528,926,191,282,91,359,295,57,172,329,96,75,227,142,233,286,220,337,141,239
93,74,28,18,104,19,97,34,21,39,100,108,188,60,58,62,70,190,102,5,49,111,60,47,71,22,74,49,52,128,131,323,60,85,25,107,99,17,50,123,75,7,98,31,83,97,72,112,26,68
389,341,154,51,385,80,350,124,141,167,337,382,646,249,222,240,294,671,388,48,214,390,251,143,247,108,242,203,196,464,597,1004,216,365,87,422,339,73,191,396,227,98,135,131,309,328,247,395,132,269
167,157,67,30,179,48,170,56,58,84,167,243,358,114,104,112,139,313,201,23,115,209,109,70,116,45,120,94,87,249,309,582,107,178,33,214,187,32,85,211,142,31,131,26,153,167,105,188,72,123
440,387,160,73,398,97,393,134,142,158,325,440,749,248,238,231,322,710,411,45,190,406,250,164,266,99,271,203,222,517,618,1160,218,413,77,447,384,57,188,428,233,83,309,153,164,389,257,427,157,289
357,408,181,72,478,100,443,141,182,166,375,503,847,318,257,276,311,849,489,65,252,456,279,203,331,126,340,196,226,635,699,1351,240,443,124,488,455,72,227,514,286,97,328,167,389,221,274,480,180,305
328,292,131,59,343,87,300,98,100,146,272,366,616,193,164,177,269,582,320,42,164,352,200,122,199,91,217,153,166,409,485,867,161,323,72,340,309,53,145,332,220,72,247,105,257,274,90,362,138,240
522,445,209,82,569,114,477,161,212,217,465,611,905,375,271,302,399,910,549,63,299,564,342,212,354,137,359,270,294,640,760,1382,270,536,99,573,513,90,287,543,337,112,395,188,427,480,362,258,170,398
187,158,62,31,172,34,190,64,66,77,156,207,346,122,113,123,146,331,181,19,109,194,118,77,121,43,134,98,84,266,292,490,103,172,41,211,162,22,92,199,141,26,132,72,157,180,138,170,33,118
400,297,148,58,333,81,318,119,100,138,284,379,560,233,203,201,236,584,355,42,185,369,185,147,257,95,254,144,185,406,493,932,173,323,72,368,293,49,180,367,239,68,269,123,289,305,240,398,118,114
