243,422,203,88,460,127,473,183,178,249,441,503,776,367,289,328,345,784,520,68,311,521,361,214,355,149,356,308,318,609,671,1156,234,504,99,468,471,95,240,462,329,111,385,163,455,440,324,486,160,355
422,178,188,76,430,107,454,136,132,173,356,509,847,262,227,250,327,811,396,43,275,430,249,162,247,96,258,215,213,542,672,1280,250,430,90,443,428,80,222,455,279,91,322,154,322,408,244,469,149,290
203,188,48,21,203,43,176,70,66,98,160,245,352,130,99,96,152,355,229,26,120,201,111,74,136,43,119,81,87,260,332,573,99,171,51,196,169,28,103,209,134,42,148,80,158,205,115,224,84,148
88,76,21,3,86,9,68,27,25,34,69,96,134,54,45,59,65,144,90,11,50,86,60,32,60,17,54,43,47,106,120,197,41,76,25,99,63,14,34,100,47,18,54,29,60,66,49,87,28,61
460,430,203,86,249,114,495,158,146,221,395,579,929,325,256,309,391,954,479,71,289,499,327,191,347,142,348,226,265,621,725,1429,287,455,131,525,482,90,264,528,316,108,375,195,419,486,325,538,191,320
127,107,43,9,114,9,96,35,35,42,94,126,190,73,69,73,81,181,119,8,69,107,73,45,81,31,62,58,62,138,158,274,56,103,30,126,89,21,53,98,64,26,73,46,89,101,72,121,39,74
473,454,176,68,495,96,231,154,151,196,431,507,849,327,289,313,349,879,490,52,303,472,317,185,307,144,342,211,254,596,703,1269,249,473,122,529,443,77,255,491,317,104,359,184,368,462,308,505,185,316
183,136,70,27,158,35,154,17,46,66,144,169,295,86,95,104,128,288,171,11,68,191,94,62,107,45,109,69,86,192,251,438,94,135,44,174,149,21,68,179,96,31,122,53,122,143,98,144,68,127
178,132,66,25,146,35,151,46,26,69,123,170,283,99,86,93,135,277,169,19,87,146,108,66,88,50,112,72,80,199,234,456,78,146,40,183,138,20,83,170,93,33,147,65,131,157,85,169,55,128
249,173,98,34,221,42,196,66,69,50,154,220,384,129,115,121,163,384,218,26,116,210,126,79,144,53,152,115,113,243,318,562,108,207,44,210,199,31,112,216,133,55,158,84,162,198,133,207,77,139
441,356,160,69,395,94,431,144,123,154,169,480,777,276,248,264,312,773,456,52,226,465,255,160,270,99,276,212,234,513,645,1165,208,396,107,462,423,69,198,418,276,105,309,174,343,396,269,428,159,272
503,509,245,96,579,126,507,169,170,220,480,317,1036,367,278,304,387,1023,542,67,297,555,308,225,387,149,387,257,268,738,840,1520,332,510,131,597,487,88,274,613,351,122,453,206,421,486,341,597,225,340
776,847,352,134,929,190,849,295,283,384,777,1036,770,628,458,519,612,1389,922,117,506,980,537,366,607,242,646,394,484,1091,1358,2421,473,856,206,1009,816,128,448,963,582,203,656,362,744,840,591,922,322,609
367,262,130,54,325,73,327,86,99,129,276,367,628,100,187,186,242,596,329,48,186,347,212,106,208,82,225,154,157,395,508,948,198,322,80,353,318,56,136,319,203,75,269,125,257,301,181,352,149,226
289,227,99,45,256,69,289,95,86,115,248,278,458,187,78,151,208,503,282,41,137,296,186,114,183,64,187,133,120,321,403,725,132,249,68,252,267,44,131,261,173,53,207,97,234,258,139,292,84,198
328,250,96,59,309,73,313,104,93,121,264,304,519,186,151,84,241,529,270,36,166,303,181,116,181,78,182,143,138,334,436,815,154,264,58,292,287,40,143,318,175,46,217,107,229,286,160,312,90,207
345,327,152,65,391,81,349,128,135,163,312,387,612,242,208,241,109,613,349,49,175,386,186,135,240,103,238,174,174,426,528,1017,193,350,95,355,334,51,190,400,247,74,285,127,295,361,224,322,139,235
784,811,355,144,954,181,879,288,277,384,773,1023,1389,596,503,529,613,822,864,124,529,921,574,346,644,241,612,417,460,1129,1312,2379,478,831,207,941,833,138,428,883,555,190,633,347,731,866,616,925,330,609
520,396,229,90,479,119,490,171,169,218,456,542,922,329,282,270,349,864,234,73,287,484,317,193,338,137,325,262,249,659,738,1381,273,486,111,526,477,81,231,547,317,105,396,175,397,472,342,490,209,367
68,43,26,11,71,8,52,11,19,26,52,67,117,48,41,36,49,124,73,2,24,53,36,30,48,17,60,25,26,91,94,167,28,55,11,66,52,14,24,59,38,15,48,16,55,53,26,74,16,41
311,275,120,50,289,69,303,68,87,116,226,297,506,186,137,166,175,529,287,24,61,282,183,120,157,70,190,123,112,363,398,776,154,265,60,294,271,46,143,333,186,61,221,103,200,244,164,302,94,181
521,430,201,86,499,107,472,191,146,210,465,555,980,347,296,303,386,921,484,53,282,267,321,203,348,133,354,237,253,646,756,1415,289,482,110,534,486,87,263,565,333,101,438,187,425,466,337,514,200,376
361,249,111,60,327,73,317,94,108,126,255,308,537,212,186,181,186,574,317,36,183,321,87,129,219,63,219,131,156,374,415,905,184,294,87,278,271,43,176,309,172,53,249,103,255,291,210,308,125,196
214,162,74,32,191,45,185,62,66,79,160,225,366,106,114,116,135,346,193,30,120,203,129,36,118,57,149,97,97,253,293,514,112,193,36,220,181,28,94,180,123,46,152,81,158,160,117,208,82,125
355,247,136,60,347,81,307,107,88,144,270,387,607,208,183,181,240,644,338,48,157,348,219,118,105,80,222,163,158,438,495,951,188,306,79,341,316,57,160,352,222,72,243,138,253,282,218,346,135,239
149,96,43,17,142,31,144,45,50,53,99,149,242,82,64,78,103,241,137,17,70,133,63,57,80,16,76,63,64,183,210,371,92,120,31,136,133,18,54,128,92,28,97,42,99,105,83,130,57,98
356,258,119,54,348,62,342,109,112,152,276,387,646,225,187,182,238,612,325,60,190,354,219,149,222,76,110,167,165,425,498,949,200,316,66,336,329,54,155,347,223,67,265,121,257,296,208,322,137,243
308,215,81,43,226,58,211,69,72,115,212,257,394,154,133,143,174,417,262,25,123,237,131,97,163,63,167,50,97,270,358,669,124,217,51,229,220,36,136,254,155,49,207,78,187,217,142,259,82,159
318,213,87,47,265,62,254,86,80,113,234,268,484,157,120,138,174,460,249,26,112,253,156,97,158,64,165,97,72,343,387,686,147,247,59,262,226,46,122,278,158,54,173,91,186,264,182,254,91,176
609,542,260,106,621,138,596,192,199,243,513,738,1091,395,321,334,426,1129,659,91,363,646,374,253,438,183,425,270,343,384,963,1725,361,572,151,684,575,100,317,660,413,137,473,234,536,591,399,674,224,423
671,672,332,120,725,158,703,251,234,318,645,840,1358,508,403,436,528,1312,738,94,398,756,415,293,495,210,498,358,387,963,521,2049,399,666,174,838,694,128,365,792,499,141,597,328,599,660,481,750,273,527
1156,1280,573,197,1429,274,1269,438,456,562,1165,1520,2421,948,725,815,1017,2379,1381,167,776,1415,905,514,951,371,949,669,686,1725,2049,1879,697,1232,346,1501,1244,246,708,1350,899,285,1022,557,1093,1265,921,1417,503,965
234,250,99,41,287,56,249,94,78,108,208,332,473,198,132,154,193,478,273,28,154,289,184,112,188,92,200,124,147,361,399,697,63,241,64,280,252,49,146,268,178,54,216,128,216,266,167,279,91,174
504,430,171,76,455,103,473,135,146,207,396,510,856,322,249,264,350,831,486,55,265,482,294,193,306,120,316,217,247,572,666,1232,241,211,111,517,464,83,228,516,306,80,366,163,376,453,281,488,184,338
99,90,51,25,131,30,122,44,40,44,107,131,206,80,68,58,95,207,111,11,60,110,87,36,79,31,66,51,59,151,174,346,64,111,4,118,117,23,68,130,85,17,89,42,97,112,74,125,36,84
468,443,196,99,525,126,529,174,183,210,462,597,1009,353,252,292,355,941,526,66,294,534,278,220,341,136,336,229,262,684,838,1501,280,517,118,279,480,88,248,575,372,105,395,192,399,505,335,531,208,322
471,428,169,63,482,89,443,149,138,199,423,487,816,318,267,287,334,833,477,52,271,486,271,181,316,133,329,220,226,575,694,1244,252,464,117,480,205,84,237,461,322,91,345,175,368,426,291,473,177,325
95,80,28,14,90,21,77,21,20,31,69,88,128,56,44,40,51,138,81,14,46,87,43,28,57,18,54,36,46,100,128,246,49,83,23,88,84,4,37,91,68,15,67,26,70,68,52,86,28,67
240,222,103,34,264,53,255,68,83,112,198,274,448,136,131,143,190,428,231,24,143,263,176,94,160,54,155,136,122,317,365,708,146,228,68,248,237,37,57,266,165,55,181,86,196,218,151,254,96,169
462,455,209,100,528,98,491,179,170,216,418,613,963,319,261,318,400,883,547,59,333,565,309,180,352,128,347,254,278,660,792,1350,268,516,130,575,461,91,266,269,340,114,384,203,408,507,345,523,196,328
329,279,134,47,316,64,317,96,93,133,276,351,582,203,173,175,247,555,317,38,186,333,172,123,222,92,223,155,158,413,499,899,178,306,85,372,322,68,165,340,123,58,284,122,270,333,199,362,123,194
111,91,42,18,108,26,104,31,33,55,105,122,203,75,53,46,74,190,105,15,61,101,53,46,72,28,67,49,54,137,141,285,54,80,17,105,91,15,55,114,58,12,76,32,85,81,80,96,41,74
385,322,148,54,375,73,359,122,147,158,309,453,656,269,207,217,285,633,396,48,221,438,249,152,243,97,265,207,173,473,597,1022,216,366,89,395,345,67,181,384,284,76,107,142,286,332,237,389,137,287
163,154,80,29,195,46,184,53,65,84,174,206,362,125,97,107,127,347,175,16,103,187,103,81,138,42,121,78,91,234,328,557,128,163,42,192,175,26,86,203,122,32,142,30,161,168,120,175,73,109
455,322,158,60,419,89,368,122,131,162,343,421,744,257,234,229,295,731,397,55,200,425,255,158,253,99,257,187,186,536,599,1093,216,376,97,399,368,70,196,408,270,85,286,161,152,363,256,392,175,292
440,408,205,66,486,101,462,143,157,198,396,486,840,301,258,286,361,866,472,53,244,466,291,160,282,105,296,217,264,591,660,1265,266,453,112,505,426,68,218,507,333,81,332,168,363,204,308,447,167,344
324,244,115,49,325,72,308,98,85,133,269,341,591,181,139,160,224,616,342,26,164,337,210,117,218,83,208,142,182,399,481,921,167,281,74,335,291,52,151,345,199,80,237,120,256,308,78,344,114,231
486,469,224,87,538,121,505,144,169,207,428,597,922,352,292,312,322,925,490,74,302,514,308,208,346,130,322,259,254,674,750,1417,279,488,125,531,473,86,254,523,362,96,389,175,392,447,344,263,192,337
160,149,84,28,191,39,185,68,55,77,159,225,322,149,84,90,139,330,209,16,94,200,125,82,135,57,137,82,91,224,273,503,91,184,36,208,177,28,96,196,123,41,137,73,175,167,114,192,25,128
355,290,148,61,320,74,316,127,128,139,272,340,609,226,198,207,235,609,367,41,181,376,196,125,239,98,243,159,176,423,527,965,174,338,84,322,325,67,169,328,194,74,287,109,292,344,231,337,128,95
