247,441,214,96,483,126,476,167,164,251,464,559,865,355,328,340,364,791,538,69,348,543,364,206,351,161,400,247,300,607,728,1233,251,503,106,549,503,118,256,494,299,118,393,189,422,448,338,477,173,368
441,177,162,93,405,94,430,112,123,164,370,505,792,274,226,240,288,763,450,53,211,449,249,167,264,102,262,201,217,520,710,1246,246,414,102,458,424,62,206,454,261,83,337,153,356,437,262,472,168,259
214,162,48,33,219,40,187,53,71,87,180,235,335,146,104,109,135,366,198,17,94,199,125,66,126,45,121,79,101,221,294,569,112,170,50,212,187,42,113,185,139,33,141,84,156,188,105,211,82,136
96,93,33,3,81,15,79,28,24,31,80,95,157,73,52,68,65,165,84,5,55,85,45,42,75,20,69,47,56,112,110,221,40,79,23,96,84,17,46,94,56,15,70,22,80,70,54,79,28,65
483,405,219,81,274,113,498,157,160,203,440,593,883,335,264,280,375,905,517,64,295,538,302,231,345,126,352,258,257,644,801,1428,275,461,110,557,465,80,277,528,353,106,408,204,399,448,318,530,164,347
126,94,40,15,113,14,103,33,30,32,89,136,196,92,60,68,77,209,104,10,65,103,65,43,84,26,84,43,64,137,151,284,48,107,28,143,107,19,54,105,76,24,87,30,103,94,81,106,37,81
476,430,187,79,498,103,243,154,158,223,443,541,847,330,257,288,369,884,474,59,247,489,289,189,331,118,342,231,239,618,689,1352,272,454,107,544,443,93,241,527,323,92,347,179,395,460,298,511,171,351
167,112,53,28,157,33,154,23,51,68,130,167,272,110,69,71,109,279,146,18,76,160,97,65,92,36,105,71,92,206,214,421,54,158,30,160,164,42,67,163,87,54,134,52,127,158,94,154,51,97
164,123,71,24,160,30,158,51,29,55,138,174,283,118,83,100,103,288,134,14,97,157,95,72,117,53,120,101,73,200,249,452,92,167,44,183,143,25,85,183,108,33,102,66,116,146,98,163,70,104
251,164,87,31,203,32,223,68,55,49,165,245,362,125,117,134,173,373,214,34,110,213,150,88,151,56,152,109,114,243,293,529,104,186,56,232,172,27,121,218,141,44,167,83,193,178,135,213,74,167
464,370,180,80,440,89,443,130,138,165,166,492,778,319,238,263,327,812,455,50,235,452,281,182,315,114,289,232,229,552,629,1220,237,405,112,456,411,74,238,457,298,86,350,164,380,356,301,453,174,291
559,505,235,95,593,136,541,167,174,245,492,321,1037,384,322,350,398,1034,574,76,295,545,311,221,365,139,399,227,245,684,812,1623,311,542,120,641,539,77,309,633,410,108,456,233,422,517,372,601,229,386
865,792,335,157,883,196,847,272,283,362,778,1037,788,624,467,532,665,1483,933,121,511,982,535,358,606,237,674,369,461,1135,1403,2450,530,844,213,1037,848,170,460,975,627,172,680,322,749,855,549,959,347,596
355,274,146,73,335,92,330,110,118,125,319,384,624,97,180,189,242,633,332,43,176,324,180,120,224,59,207,145,160,409,517,897,165,303,76,344,337,41,174,321,184,68,262,112,267,328,215,325,126,248
328,226,104,52,264,60,257,69,83,117,238,322,467,180,53,107,202,477,274,24,145,289,158,125,186,76,190,119,160,335,409,660,122,223,57,292,251,61,113,296,174,54,192,117,228,248,161,292,91,190
340,240,109,68,280,68,288,71,100,134,263,350,532,189,107,59,219,520,315,36,146,320,164,109,188,74,188,128,141,349,444,812,135,244,62,319,272,58,143,292,200,55,235,122,241,292,170,312,104,205
364,288,135,65,375,77,369,109,103,173,327,398,665,242,202,219,149,679,351,35,216,383,225,155,229,98,258,160,173,478,567,1043,188,341,81,400,333,74,185,391,242,80,253,131,303,358,257,380,136,267
791,763,366,165,905,209,884,279,288,373,812,1034,1483,633,477,520,679,787,902,117,515,980,500,359,602,240,659,378,462,1134,1455,2439,480,826,223,946,863,163,446,942,597,170,656,323,717,837,537,942,331,615
538,450,198,84,517,104,474,146,134,214,455,574,933,332,274,315,351,902,270,70,293,527,312,188,330,120,354,221,252,663,789,1437,248,490,110,513,481,109,273,561,345,104,408,204,404,475,323,509,198,331
69,53,17,5,64,10,59,18,14,34,50,76,121,43,24,36,35,117,70,3,32,80,31,22,30,17,43,26,31,79,80,185,37,58,18,58,58,10,32,75,43,13,61,24,58,59,40,87,16,58
348,211,94,55,295,65,247,76,97,110,235,295,511,176,145,146,216,515,293,32,77,297,172,126,162,72,193,122,130,376,426,766,151,266,61,313,273,34,130,307,173,58,251,110,214,275,180,288,106,173
543,449,199,85,538,103,489,160,157,213,452,545,982,324,289,320,383,980,527,80,297,278,343,200,349,122,358,240,250,664,761,1455,272,485,108,565,503,109,261,521,303,102,411,192,433,478,304,526,189,354
364,249,125,45,302,65,289,97,95,150,281,311,535,180,158,164,225,500,312,31,172,343,82,131,191,79,211,143,159,388,445,803,169,267,68,326,261,50,148,307,179,52,234,99,234,290,172,330,97,233
206,167,66,42,231,43,189,65,72,88,182,221,358,120,125,109,155,359,188,22,126,200,131,32,137,46,126,99,107,264,265,544,115,199,48,211,203,50,121,200,123,35,144,72,170,197,162,224,83,139
351,264,126,75,345,84,331,92,117,151,315,365,606,224,186,188,229,602,330,30,162,349,191,137,117,94,224,162,164,373,527,971,216,334,69,332,314,69,170,368,239,65,267,122,280,313,204,363,132,239
161,102,45,20,126,26,118,36,53,56,114,139,237,59,76,74,98,240,120,17,72,122,79,46,94,23,92,71,61,153,177,359,75,143,25,138,122,20,71,126,72,17,104,33,106,109,74,117,38,79
400,262,121,69,352,84,342,105,120,152,289,399,674,207,190,188,258,659,354,43,193,358,211,126,224,92,111,157,153,432,529,946,185,345,72,370,324,57,174,357,216,52,303,115,274,306,223,358,120,245
247,201,79,47,258,43,231,71,101,109,232,227,369,145,119,128,160,378,221,26,122,240,143,99,162,71,157,40,104,280,341,647,117,212,51,219,218,31,126,261,154,45,171,92,175,195,138,270,90,165
300,217,101,56,257,64,239,92,73,114,229,245,461,160,160,141,173,462,252,31,130,250,159,107,164,61,153,104,61,350,333,707,174,246,52,254,261,43,139,250,159,43,211,76,210,233,154,268,86,199
607,520,221,112,644,137,618,206,200,243,552,684,1135,409,335,349,478,1134,663,79,376,664,388,264,373,153,432,280,350,414,988,1852,360,617,166,674,557,104,332,710,432,142,536,244,501,595,390,676,256,406
728,710,294,110,801,151,689,214,249,293,629,812,1403,517,409,444,567,1455,789,80,426,761,445,265,527,177,529,341,333,988,588,2111,424,700,174,845,674,127,387,849,491,159,621,286,590,712,440,762,308,534
1233,1246,569,221,1428,284,1352,421,452,529,1220,1623,2450,897,660,812,1043,2439,1437,185,766,1455,803,544,971,359,946,647,707,1852,2111,2030,727,1293,333,1522,1261,251,705,1489,939,291,1062,497,1109,1305,889,1441,495,947
251,246,112,40,275,48,272,54,92,104,237,311,530,165,122,135,188,480,248,37,151,272,169,115,216,75,185,117,174,360,424,727,76,257,68,308,253,54,119,289,158,58,197,99,235,263,182,314,125,175
503,414,170,79,461,107,454,158,167,186,405,542,844,303,223,244,341,826,490,58,266,485,267,199,334,143,345,212,246,617,700,1293,257,212,106,512,457,73,256,478,327,116,356,174,372,468,288,482,156,293
106,102,50,23,110,28,107,30,44,56,112,120,213,76,57,62,81,223,110,18,61,108,68,48,69,25,72,51,52,166,174,333,68,106,18,130,118,14,59,132,80,22,106,43,84,99,65,127,51,89
549,458,212,96,557,143,544,160,183,232,456,641,1037,344,292,319,400,946,513,58,313,565,326,211,332,138,370,219,254,674,845,1522,308,512,130,286,524,106,261,621,360,124,412,159,406,502,343,538,199,384
503,424,187,84,465,107,443,164,143,172,411,539,848,337,251,272,333,863,481,58,273,503,261,203,314,122,324,218,261,557,674,1261,253,457,118,524,235,90,238,492,297,97,360,192,377,465,287,447,173,289
118,62,42,17,80,19,93,42,25,27,74,77,170,41,61,58,74,163,109,10,34,109,50,50,69,20,57,31,43,104,127,251,54,73,14,106,90,6,63,92,54,16,78,41,69,98,59,96,37,64
256,206,113,46,277,54,241,67,85,121,238,309,460,174,113,143,185,446,273,32,130,261,148,121,170,71,174,126,139,332,387,705,119,256,59,261,238,63,61,271,171,56,207,93,219,256,153,262,78,168
494,454,185,94,528,105,527,163,183,218,457,633,975,321,296,292,391,942,561,75,307,521,307,200,368,126,357,261,250,710,849,1489,289,478,132,621,492,92,271,299,346,109,397,216,415,510,329,527,209,353
299,261,139,56,353,76,323,87,108,141,298,410,627,184,174,200,242,597,345,43,173,303,179,123,239,72,216,154,159,432,491,939,158,327,80,360,297,54,171,346,118,69,256,127,256,306,227,341,106,218
118,83,33,15,106,24,92,54,33,44,86,108,172,68,54,55,80,170,104,13,58,102,52,35,65,17,52,45,43,142,159,291,58,116,22,124,97,16,56,109,69,7,83,49,75,83,65,104,34,67
393,337,141,70,408,87,347,134,102,167,350,456,680,262,192,235,253,656,408,61,251,411,234,144,267,104,303,171,211,536,621,1062,197,356,106,412,360,78,207,397,256,83,136,148,312,351,255,378,141,280
189,153,84,22,204,30,179,52,66,83,164,233,322,112,117,122,131,323,204,24,110,192,99,72,122,33,115,92,76,244,286,497,99,174,43,159,192,41,93,216,127,49,148,29,150,171,111,221,75,124
422,356,156,80,399,103,395,127,116,193,380,422,749,267,228,241,303,717,404,58,214,433,234,170,280,106,274,175,210,501,590,1109,235,372,84,406,377,69,219,415,256,75,312,150,187,376,244,416,140,309
448,437,188,70,448,94,460,158,146,178,356,517,855,328,248,292,358,837,475,59,275,478,290,197,313,109,306,195,233,595,712,1305,263,468,99,502,465,98,256,510,306,83,351,171,376,222,298,466,169,280
338,262,105,54,318,81,298,94,98,135,301,372,549,215,161,170,257,537,323,40,180,304,172,162,204,74,223,138,154,390,440,889,182,288,65,343,287,59,153,329,227,65,255,111,244,298,83,350,105,217
477,472,211,79,530,106,511,154,163,213,453,601,959,325,292,312,380,942,509,87,288,526,330,224,363,117,358,270,268,676,762,1441,314,482,127,538,447,96,262,527,341,104,378,221,416,466,350,263,190,367
173,168,82,28,164,37,171,51,70,74,174,229,347,126,91,104,136,331,198,16,106,189,97,83,132,38,120,90,86,256,308,495,125,156,51,199,173,37,78,209,106,34,141,75,140,169,105,190,34,133
368,259,136,65,347,81,351,97,104,167,291,386,596,248,190,205,267,615,331,58,173,354,233,139,239,79,245,165,199,406,534,947,175,293,89,384,289,64,168,353,218,67,280,124,309,280,217,367,133,115
