264,473,204,88,534,106,468,182,181,241,430,538,842,361,302,367,373,842,516,79,323,514,319,210,384,162,388,258,291,628,673,1212,244,504,103,515,465,70,250,484,317,108,374,184,445,400,350,486,167,388
473,186,183,66,445,91,438,121,151,162,354,485,755,275,214,236,344,779,459,65,199,468,269,182,259,101,264,197,240,545,701,1206,234,431,87,491,415,60,214,494,286,100,371,159,370,387,259,471,177,302
204,183,37,28,211,42,196,59,75,82,164,208,342,143,111,108,156,353,202,26,98,212,137,93,120,52,136,80,89,239,303,587,99,164,42,221,207,30,108,206,135,31,159,75,172,155,105,211,78,158
88,66,28,5,95,13,75,28,31,37,81,91,137,56,64,54,59,125,87,13,48,94,42,32,43,19,53,35,47,100,102,207,43,79,20,103,71,13,30,69,52,13,57,41,73,71,59,87,36,55
534,445,211,95,239,126,489,152,149,230,432,532,896,329,285,317,336,911,499,69,273,538,299,187,315,107,312,228,260,631,769,1421,264,487,118,534,490,76,254,552,329,104,398,206,409,493,358,515,210,344
106,91,42,13,126,8,99,34,35,46,91,143,197,73,85,75,84,195,105,14,70,104,65,42,68,33,84,49,62,144,164,260,58,97,30,140,101,15,51,98,70,21,90,55,96,93,78,104,57,74
468,438,196,75,489,99,214,145,166,179,415,559,855,279,267,267,362,868,479,61,258,484,287,190,295,138,326,232,247,604,741,1323,263,443,111,534,407,87,233,540,320,81,375,196,347,462,288,484,187,317
182,121,59,28,152,34,145,27,56,60,100,158,262,114,80,93,112,262,165,23,83,167,89,67,86,42,93,70,79,208,220,392,73,137,35,125,128,30,64,164,115,30,126,55,118,148,93,164,54,100
181,151,75,31,149,35,166,56,28,60,125,165,289,110,106,104,126,291,160,17,92,169,86,63,100,48,114,79,85,179,239,445,67,177,36,175,155,26,79,185,109,24,121,72,134,153,111,188,55,131
241,162,82,37,230,46,179,60,60,37,176,240,368,125,111,108,155,373,226,20,122,220,123,71,119,54,115,102,104,240,328,589,132,186,38,213,198,28,110,186,147,32,146,67,151,192,144,200,74,147
430,354,164,81,432,91,415,100,125,176,187,476,737,299,200,221,288,767,423,54,232,394,243,162,280,109,271,210,195,526,647,1179,245,399,88,454,395,65,215,433,272,88,316,171,332,378,283,441,166,279
538,485,208,91,532,143,559,158,165,240,476,345,1096,349,289,314,411,1086,558,61,292,593,335,230,348,150,348,235,281,770,829,1632,333,505,132,611,545,100,284,604,370,112,466,221,480,545,368,634,226,366
842,755,342,137,896,197,855,262,289,368,737,1096,878,542,448,488,669,1475,945,108,507,941,542,383,582,202,573,417,460,1200,1393,2549,517,850,212,1015,865,150,455,968,617,201,693,329,750,871,592,919,330,625
361,275,143,56,329,73,279,114,110,125,299,349,542,111,202,200,207,553,329,44,154,342,197,122,208,88,223,148,151,350,488,866,175,281,86,327,298,65,161,346,200,55,256,114,250,324,219,359,127,192
302,214,111,64,285,85,267,80,106,111,200,289,448,202,65,138,203,451,272,29,149,267,175,121,158,79,186,129,155,341,402,703,136,258,70,253,259,39,131,286,177,44,212,94,203,227,159,259,98,170
367,236,108,54,317,75,267,93,104,108,221,314,488,200,138,72,234,478,316,33,155,329,172,128,178,70,196,130,148,346,419,778,147,258,73,313,266,45,154,310,186,52,233,103,226,240,168,297,128,167
373,344,156,59,336,84,362,112,126,155,288,411,669,207,203,234,134,628,353,44,206,361,204,156,251,82,233,192,179,479,543,1018,197,354,83,341,343,72,170,404,227,77,261,131,308,323,237,362,140,256
842,779,353,125,911,195,868,262,291,373,767,1086,1475,553,451,478,628,782,934,111,520,957,531,369,612,238,603,426,465,1179,1455,2425,504,829,197,972,846,143,449,989,595,195,708,340,725,854,602,912,323,601
516,459,202,87,499,105,479,165,160,226,423,558,945,329,272,316,353,934,267,52,293,483,280,184,342,118,349,244,236,630,793,1420,283,468,106,547,451,85,238,531,317,102,397,226,410,443,302,539,204,340
79,65,26,13,69,14,61,23,17,20,54,61,108,44,29,33,44,111,52,2,27,62,29,24,35,15,38,28,30,65,91,186,36,68,13,53,50,10,30,72,27,11,40,15,43,57,32,65,18,48
323,199,98,48,273,70,258,83,92,122,232,292,507,154,149,155,206,520,293,27,67,312,156,107,173,62,159,136,134,339,429,799,165,255,57,284,242,39,137,291,190,52,244,101,205,255,167,278,108,176
514,468,212,94,538,104,484,167,169,220,394,593,941,342,267,329,361,957,483,62,312,253,299,205,306,142,347,252,250,634,765,1446,277,524,112,535,457,99,264,543,348,103,392,225,387,497,306,547,202,349
319,269,137,42,299,65,287,89,86,123,243,335,542,197,175,172,204,531,280,29,156,299,85,112,194,68,185,159,139,395,443,820,170,284,71,298,285,55,154,317,197,73,241,101,220,281,193,302,100,182
210,182,93,32,187,42,190,67,63,71,162,230,383,122,121,128,156,369,184,24,107,205,112,41,148,57,150,94,100,254,308,560,112,195,49,224,173,47,93,221,111,41,162,77,175,173,118,217,65,137
384,259,120,43,315,68,295,86,100,119,280,348,582,208,158,178,251,612,342,35,173,306,194,148,89,75,232,154,191,369,505,943,177,301,85,354,327,52,155,361,219,63,251,141,245,281,216,327,116,216
162,101,52,19,107,33,138,42,48,54,109,150,202,88,79,70,82,238,118,15,62,142,68,57,75,11,63,51,79,155,201,380,72,102,24,140,130,20,65,144,76,20,85,48,108,104,87,136,58,91
388,264,136,53,312,84,326,93,114,115,271,348,573,223,186,196,233,603,349,38,159,347,185,150,232,63,101,171,186,394,504,969,189,303,71,356,316,47,167,366,221,49,267,132,292,275,219,352,143,227
258,197,80,35,228,49,232,70,79,102,210,235,417,148,129,130,192,426,244,28,136,252,159,94,154,51,171,66,108,270,344,653,128,219,46,226,229,31,122,262,166,40,177,93,201,215,144,249,83,179
291,240,89,47,260,62,247,79,85,104,195,281,460,151,155,148,179,465,236,30,134,250,139,100,191,79,186,108,68,316,377,727,163,240,53,245,246,34,137,281,165,43,196,86,232,217,165,251,103,158
628,545,239,100,631,144,604,208,179,240,526,770,1200,350,341,346,479,1179,630,65,339,634,395,254,369,155,394,270,316,421,970,1769,391,546,153,667,586,90,301,757,382,112,505,236,483,633,378,666,252,411
673,701,303,102,769,164,741,220,239,328,647,829,1393,488,402,419,543,1455,793,91,429,765,443,308,505,201,504,344,377,970,594,2130,419,695,186,799,716,130,374,814,520,140,587,292,603,710,482,825,286,517
1212,1206,587,207,1421,260,1323,392,445,589,1179,1632,2549,866,703,778,1018,2425,1420,186,799,1446,820,560,943,380,969,653,727,1769,2130,1969,739,1335,362,1533,1281,248,683,1599,978,292,998,513,1124,1262,941,1432,500,952
244,234,99,43,264,58,263,73,67,132,245,333,517,175,136,147,197,504,283,36,165,277,170,112,177,72,189,128,163,391,419,739,67,262,80,287,243,43,127,297,192,63,185,88,203,248,162,275,92,178
504,431,164,79,487,97,443,137,177,186,399,505,850,281,258,258,354,829,468,68,255,524,284,195,301,102,303,219,240,546,695,1335,262,214,123,511,432,82,207,507,289,76,372,169,371,452,276,467,210,319
103,87,42,20,118,30,111,35,36,38,88,132,212,86,70,73,83,197,106,13,57,112,71,49,85,24,71,46,53,153,186,362,80,123,10,133,108,20,55,136,82,31,106,37,103,112,85,132,43,76
515,491,221,103,534,140,534,125,175,213,454,611,1015,327,253,313,341,972,547,53,284,535,298,224,354,140,356,226,245,667,799,1533,287,511,133,283,511,85,257,611,348,108,407,196,418,518,311,556,205,375
465,415,207,71,490,101,407,128,155,198,395,545,865,298,259,266,343,846,451,50,242,457,285,173,327,130,316,229,246,586,716,1281,243,432,108,511,222,74,241,488,311,97,377,175,362,437,290,503,193,345
70,60,30,13,76,15,87,30,26,28,65,100,150,65,39,45,72,143,85,10,39,99,55,47,52,20,47,31,34,90,130,248,43,82,20,85,74,2,48,91,74,16,70,29,64,73,50,89,34,64
250,214,108,30,254,51,233,64,79,110,215,284,455,161,131,154,170,449,238,30,137,264,154,93,155,65,167,122,137,301,374,683,127,207,55,257,241,48,54,274,191,44,198,93,190,206,150,276,90,168
484,494,206,69,552,98,540,164,185,186,433,604,968,346,286,310,404,989,531,72,291,543,317,221,361,144,366,262,281,757,814,1599,297,507,136,611,488,91,274,303,347,111,435,206,469,531,345,559,207,361
317,286,135,52,329,70,320,115,109,147,272,370,617,200,177,186,227,595,317,27,190,348,197,111,219,76,221,166,165,382,520,978,192,289,82,348,311,74,191,347,107,76,251,134,283,311,219,327,126,224
108,100,31,13,104,21,81,30,24,32,88,112,201,55,44,52,77,195,102,11,52,103,73,41,63,20,49,40,43,112,140,292,63,76,31,108,97,16,44,111,76,13,90,33,67,94,52,102,53,88
374,371,159,57,398,90,375,126,121,146,316,466,693,256,212,233,261,708,397,40,244,392,241,162,251,85,267,177,196,505,587,998,185,372,106,407,377,70,198,435,251,90,138,146,268,325,229,412,147,268
184,159,75,41,206,55,196,55,72,67,171,221,329,114,94,103,131,340,226,15,101,225,101,77,141,48,132,93,86,236,292,513,88,169,37,196,175,29,93,206,134,33,146,26,170,214,109,206,61,120
445,370,172,73,409,96,347,118,134,151,332,480,750,250,203,226,308,725,410,43,205,387,220,175,245,108,292,201,232,483,603,1124,203,371,103,418,362,64,190,469,283,67,268,170,156,390,252,397,153,273
400,387,155,71,493,93,462,148,153,192,378,545,871,324,227,240,323,854,443,57,255,497,281,173,281,104,275,215,217,633,710,1262,248,452,112,518,437,73,206,531,311,94,325,214,390,200,294,495,174,290
350,259,105,59,358,78,288,93,111,144,283,368,592,219,159,168,237,602,302,32,167,306,193,118,216,87,219,144,165,378,482,941,162,276,85,311,290,50,150,345,219,52,229,109,252,294,106,328,120,205
486,471,211,87,515,104,484,164,188,200,441,634,919,359,259,297,362,912,539,65,278,547,302,217,327,136,352,249,251,666,825,1432,275,467,132,556,503,89,276,559,327,102,412,206,397,495,328,268,190,342
167,177,78,36,210,57,187,54,55,74,166,226,330,127,98,128,140,323,204,18,108,202,100,65,116,58,143,83,103,252,286,500,92,210,43,205,193,34,90,207,126,53,147,61,153,174,120,190,30,129
388,302,158,55,344,74,317,100,131,147,279,366,625,192,170,167,256,601,340,48,176,349,182,137,216,91,227,179,158,411,517,952,178,319,76,375,345,64,168,361,224,88,268,120,273,290,205,342,129,103
