266,483,223,96,546,104,479,167,173,244,468,493,834,369,319,352,345,839,483,71,335,524,340,185,389,165,398,284,302,601,711,1185,244,453,103,529,468,81,227,521,327,118,326,192,470,434,355,495,170,380
483,188,161,78,430,109,435,123,131,186,372,501,881,271,235,224,310,829,452,53,225,455,247,189,279,119,293,206,231,518,652,1273,243,412,110,450,433,66,225,479,266,82,309,135,375,396,238,436,183,316
223,161,37,43,196,51,210,51,68,82,187,193,357,130,98,93,132,366,198,18,82,206,113,78,146,62,142,78,105,257,304,535,109,197,55,205,195,28,102,221,127,46,160,66,180,177,116,210,82,135
96,78,43,4,94,10,87,43,33,39,64,89,143,64,44,50,62,142,62,12,48,81,55,41,61,26,61,50,41,105,127,194,37,77,17,89,76,14,53,85,63,15,59,36,76,78,56,68,30,60
546,430,196,94,271,128,503,146,174,217,414,573,886,308,253,262,369,881,530,45,283,533,259,204,307,128,336,226,236,617,777,1394,274,527,126,575,506,85,242,566,358,98,389,183,387,477,317,512,181,351
104,109,51,10,128,5,106,43,38,41,89,130,198,77,53,53,71,191,109,18,70,106,66,42,86,33,91,57,61,139,170,288,64,99,22,133,88,20,62,99,61,30,83,43,84,98,77,99,40,71
479,435,210,87,503,106,242,133,165,201,418,537,846,311,264,283,353,874,513,70,263,450,297,195,339,128,321,214,262,593,735,1353,247,458,139,524,434,72,264,512,327,103,328,164,399,423,315,467,186,322
167,123,51,43,146,43,133,14,53,53,119,173,274,94,76,79,105,271,127,13,89,130,75,55,100,39,104,72,70,174,211,437,67,129,32,158,157,21,69,155,95,19,114,49,116,136,91,140,43,90
173,131,68,33,174,38,165,53,28,77,140,181,284,117,68,90,119,270,148,20,98,166,113,63,91,46,106,61,81,204,235,454,93,179,41,171,166,22,87,181,102,30,112,62,143,155,87,195,60,129
244,186,82,39,217,41,201,53,77,46,190,242,330,141,101,118,139,367,205,34,135,222,131,107,143,49,141,111,98,248,302,587,104,205,36,219,214,41,88,235,109,36,172,73,191,193,137,215,79,138
468,372,187,64,414,89,418,119,140,190,181,493,728,273,209,255,301,758,411,56,276,437,253,172,271,108,274,210,222,524,657,1181,220,404,92,459,395,88,204,419,270,82,339,141,323,377,249,433,142,298
493,501,193,89,573,130,537,173,181,242,493,292,1036,348,276,281,399,1066,582,56,316,591,318,213,382,151,421,278,238,720,856,1636,299,556,140,552,506,118,271,614,381,109,455,209,438,553,406,570,205,366
834,881,357,143,886,198,846,274,284,330,728,1036,854,541,493,511,624,1434,944,128,511,932,575,382,626,213,635,394,424,1176,1457,2496,506,835,207,996,836,157,455,1021,608,203,721,365,732,878,612,953,335,597
369,271,130,64,308,77,311,94,117,141,273,348,541,109,162,180,233,585,325,40,178,314,172,129,185,75,213,151,152,388,463,897,186,281,78,318,312,53,150,325,216,61,251,111,265,324,203,350,117,229
319,235,98,44,253,53,264,76,68,101,209,276,493,162,71,138,190,475,275,25,127,251,166,100,192,75,185,113,129,335,391,696,146,220,59,286,254,47,122,268,180,54,192,106,210,249,165,289,85,164
352,224,93,50,262,53,283,79,90,118,255,281,511,180,138,73,212,540,300,26,140,283,190,114,200,78,187,123,124,333,427,846,146,238,68,311,258,41,132,316,196,61,231,107,247,253,177,303,103,191
345,310,132,62,369,71,353,105,119,139,301,399,624,233,190,212,130,654,341,61,202,348,221,157,244,108,268,170,209,433,543,1029,214,349,75,376,339,56,186,403,267,70,268,131,307,357,230,372,147,245
839,829,366,142,881,191,874,271,270,367,758,1066,1434,585,475,540,654,812,940,129,475,928,532,360,614,210,608,399,418,1178,1392,2483,492,850,187,998,880,141,438,1062,613,179,731,338,730,897,574,977,329,603
483,452,198,62,530,109,513,127,148,205,411,582,944,325,275,300,341,940,258,56,280,484,299,228,343,131,359,244,255,616,758,1446,300,509,130,566,452,99,247,536,343,108,350,192,426,487,354,555,195,329
71,53,18,12,45,18,70,13,20,34,56,56,128,40,25,26,61,129,56,4,26,55,35,20,34,22,44,24,33,80,107,200,40,54,17,69,49,10,30,75,42,6,63,19,56,56,28,74,28,48
335,225,82,48,283,70,263,89,98,135,276,316,511,178,127,140,202,475,280,26,65,297,150,126,186,59,176,99,136,324,430,792,138,282,50,285,282,33,139,291,155,55,191,96,229,240,156,294,100,197
524,455,206,81,533,106,450,130,166,222,437,591,932,314,251,283,348,928,484,55,297,261,296,216,347,140,369,260,285,624,751,1477,262,485,115,553,452,96,245,525,337,115,392,174,429,496,329,501,197,363
340,247,113,55,259,66,297,75,113,131,253,318,575,172,166,190,221,532,299,35,150,296,93,124,183,82,181,125,150,358,441,895,177,278,74,292,297,52,147,287,193,56,222,107,232,258,170,325,117,193
185,189,78,41,204,42,195,55,63,107,172,213,382,129,100,114,157,360,228,20,126,216,124,31,124,47,129,80,111,229,324,590,112,188,52,208,194,41,82,222,133,42,160,88,170,190,113,214,88,141
389,279,146,61,307,86,339,100,91,143,271,382,626,185,192,200,244,614,343,34,186,347,183,124,107,70,180,157,160,406,524,935,184,298,85,359,308,60,164,380,207,70,243,124,248,311,202,379,123,229
165,119,62,26,128,33,128,39,46,49,108,151,213,75,75,78,108,210,131,22,59,140,82,47,70,12,79,66,72,156,189,322,68,101,28,146,130,22,68,140,83,28,82,43,112,107,73,133,53,84
398,293,142,61,336,91,321,104,106,141,274,421,635,213,185,187,268,608,359,44,176,369,181,129,180,79,120,162,154,404,524,926,185,293,77,350,359,63,163,357,212,64,256,130,278,292,197,366,136,224
284,206,78,50,226,57,214,72,61,111,210,278,394,151,113,123,170,399,244,24,99,260,125,80,157,66,162,45,115,257,352,668,130,212,54,235,202,40,108,244,158,38,187,93,180,233,156,212,101,172
302,231,105,41,236,61,262,70,81,98,222,238,424,152,129,124,209,418,255,33,136,285,150,111,160,72,154,115,67,307,407,689,144,252,59,282,231,41,102,287,148,52,197,95,218,226,170,273,78,152
601,518,257,105,617,139,593,174,204,248,524,720,1176,388,335,333,433,1178,616,80,324,624,358,229,406,156,404,257,307,392,980,1842,354,580,152,616,563,118,316,675,421,146,471,240,501,612,399,682,245,413
711,652,304,127,777,170,735,211,235,302,657,856,1457,463,391,427,543,1392,758,107,430,751,441,324,524,189,524,352,407,980,582,2159,412,690,173,785,711,131,412,836,537,186,542,303,626,691,485,779,306,521
1185,1273,535,194,1394,288,1353,437,454,587,1181,1636,2496,897,696,846,1029,2483,1446,200,792,1477,895,590,935,322,926,668,689,1842,2159,1937,771,1265,322,1561,1289,248,760,1521,989,290,1056,557,1096,1372,902,1471,517,942
244,243,109,37,274,64,247,67,93,104,220,299,506,186,146,146,214,492,300,40,138,262,177,112,184,68,185,130,144,354,412,771,81,258,55,318,262,42,113,272,195,52,188,118,218,249,184,309,105,173
453,412,197,77,527,99,458,129,179,205,404,556,835,281,220,238,349,850,509,54,282,485,278,188,298,101,293,212,252,580,690,1265,258,231,103,487,465,79,218,494,306,99,351,169,375,409,299,490,163,346
103,110,55,17,126,22,139,32,41,36,92,140,207,78,59,68,75,187,130,17,50,115,74,52,85,28,77,54,59,152,173,322,55,103,11,126,107,24,55,109,72,27,76,45,109,120,71,112,38,63
529,450,205,89,575,133,524,158,171,219,459,552,996,318,286,311,376,998,566,69,285,553,292,208,359,146,350,235,282,616,785,1561,318,487,126,283,489,92,250,653,397,116,389,196,452,507,333,577,204,338
468,433,195,76,506,88,434,157,166,214,395,506,836,312,254,258,339,880,452,49,282,452,297,194,308,130,359,202,231,563,711,1289,262,465,107,489,198,82,219,502,325,96,368,163,378,415,294,487,175,347
81,66,28,14,85,20,72,21,22,41,88,118,157,53,47,41,56,141,99,10,33,96,52,41,60,22,63,40,41,118,131,248,42,79,24,92,82,8,34,87,53,17,62,35,78,71,57,93,41,65
227,225,102,53,242,62,264,69,87,88,204,271,455,150,122,132,186,438,247,30,139,245,147,82,164,68,163,108,102,316,412,760,113,218,55,250,219,34,66,272,156,42,187,100,198,225,163,250,89,147
521,479,221,85,566,99,512,155,181,235,419,614,1021,325,268,316,403,1062,536,75,291,525,287,222,380,140,357,244,287,675,836,1521,272,494,109,653,502,87,272,277,339,131,432,217,429,476,326,540,213,384
327,266,127,63,358,61,327,95,102,109,270,381,608,216,180,196,267,613,343,42,155,337,193,133,207,83,212,158,148,421,537,989,195,306,72,397,325,53,156,339,106,57,255,131,244,342,208,358,120,215
118,82,46,15,98,30,103,19,30,36,82,109,203,61,54,61,70,179,108,6,55,115,56,42,70,28,64,38,52,146,186,290,52,99,27,116,96,17,42,131,57,7,75,45,83,105,77,111,46,65
326,309,160,59,389,83,328,114,112,172,339,455,721,251,192,231,268,731,350,63,191,392,222,160,243,82,256,187,197,471,542,1056,188,351,76,389,368,62,187,432,255,75,136,151,311,376,246,382,131,272
192,135,66,36,183,43,164,49,62,73,141,209,365,111,106,107,131,338,192,19,96,174,107,88,124,43,130,93,95,240,303,557,118,169,45,196,163,35,100,217,131,45,151,26,164,177,129,201,79,112
470,375,180,76,387,84,399,116,143,191,323,438,732,265,210,247,307,730,426,56,229,429,232,170,248,112,278,180,218,501,626,1096,218,375,109,452,378,78,198,429,244,83,311,164,174,367,279,451,152,279
434,396,177,78,477,98,423,136,155,193,377,553,878,324,249,253,357,897,487,56,240,496,258,190,311,107,292,233,226,612,691,1372,249,409,120,507,415,71,225,476,342,105,376,177,367,203,304,502,160,325
355,238,116,56,317,77,315,91,87,137,249,406,612,203,165,177,230,574,354,28,156,329,170,113,202,73,197,156,170,399,485,902,184,299,71,333,294,57,163,326,208,77,246,129,279,304,101,372,102,233
495,436,210,68,512,99,467,140,195,215,433,570,953,350,289,303,372,977,555,74,294,501,325,214,379,133,366,212,273,682,779,1471,309,490,112,577,487,93,250,540,358,111,382,201,451,502,372,243,194,368
170,183,82,30,181,40,186,43,60,79,142,205,335,117,85,103,147,329,195,28,100,197,117,88,123,53,136,101,78,245,306,517,105,163,38,204,175,41,89,213,120,46,131,79,152,160,102,194,25,135
380,316,135,60,351,71,322,90,129,138,298,366,597,229,164,191,245,603,329,48,197,363,193,141,229,84,224,172,152,413,521,942,173,346,63,338,347,65,147,384,215,65,272,112,279,325,233,368,135,130
