289,460,219,88,534,111,450,182,183,226,440,524,818,364,299,319,352,814,500,72,325,512,371,215,381,159,402,268,311,593,735,1191,263,485,108,503,473,98,252,469,325,105,367,170,432,449,322,494,178,393
460,163,197,77,479,94,384,139,130,174,369,498,823,291,232,242,311,805,472,56,249,466,242,191,264,120,289,198,198,525,659,1192,223,401,91,461,384,75,218,443,289,109,336,165,349,397,268,505,162,296
219,197,36,36,193,51,186,63,66,77,168,184,371,121,114,119,145,389,225,23,99,224,127,85,122,45,138,95,112,254,312,588,115,166,40,201,183,34,96,227,137,47,151,65,142,177,124,209,69,133
88,77,36,8,93,19,76,26,24,40,76,105,137,71,47,56,60,168,79,9,57,83,58,37,59,22,50,47,43,112,102,218,50,89,14,74,79,16,41,79,56,20,66,36,73,76,41,85,23,71
534,479,193,93,271,131,519,164,165,223,453,582,897,314,292,268,365,885,518,62,297,526,286,206,337,142,371,223,251,648,771,1462,269,477,93,546,505,85,250,559,359,113,360,184,414,464,333,552,172,352
111,94,51,19,131,12,103,37,36,53,103,139,181,78,74,69,92,200,121,18,59,118,77,51,79,35,83,59,67,155,155,286,73,86,32,118,97,19,61,102,67,28,88,38,91,91,73,130,43,78
450,384,186,76,519,103,224,147,159,185,412,547,855,289,238,274,363,855,500,74,293,475,308,202,319,123,345,234,229,609,696,1344,271,456,112,488,431,104,228,474,332,93,404,177,355,446,300,503,167,341
182,139,63,26,164,37,147,20,50,82,147,178,290,107,90,95,90,279,157,16,79,145,89,52,105,41,116,88,70,199,238,447,68,134,39,144,155,27,78,168,101,28,115,51,120,143,90,154,64,115
183,130,66,24,165,36,159,50,25,71,136,166,298,86,85,79,122,313,170,20,84,160,102,60,96,45,108,65,85,191,247,465,92,158,31,159,141,27,83,183,106,38,99,55,129,133,107,178,54,101
226,174,77,40,223,53,185,82,71,44,166,230,356,142,111,121,149,358,191,28,136,173,116,95,132,59,151,93,129,268,313,554,107,215,34,213,200,31,94,206,142,42,182,77,178,196,122,221,73,128
440,369,168,76,453,103,412,147,136,166,175,476,734,280,257,253,295,747,425,60,237,387,265,180,267,103,294,187,232,524,613,1178,242,415,89,409,423,72,193,433,279,88,331,155,352,382,296,465,158,299
524,498,184,105,582,139,547,178,166,230,476,299,998,344,266,307,399,1063,584,58,276,549,316,215,363,153,411,249,267,743,793,1556,327,530,112,587,517,99,295,583,376,133,473,194,426,508,341,571,182,352
818,823,371,137,897,181,855,290,298,356,734,998,761,568,476,535,652,1446,883,106,466,917,528,385,606,232,623,452,473,1066,1308,2400,451,844,226,984,851,152,470,989,595,200,656,343,729,848,597,911,303,584
364,291,121,71,314,78,289,107,86,142,280,344,568,116,158,192,221,592,342,41,202,356,208,162,226,82,234,149,167,422,446,905,172,307,66,320,334,61,160,339,230,63,273,117,251,288,193,324,125,240
299,232,114,47,292,74,238,90,85,111,257,266,476,158,79,138,213,486,282,33,152,278,145,103,206,64,177,149,114,320,429,702,129,247,54,280,243,38,142,274,177,59,218,95,201,233,174,289,102,184
319,242,119,56,268,69,274,95,79,121,253,307,535,192,138,78,205,518,309,40,178,296,160,118,206,70,171,137,121,352,451,803,165,270,58,277,287,44,138,300,191,58,254,92,234,252,181,291,106,190
352,311,145,60,365,92,363,90,122,149,295,399,652,221,213,205,124,650,362,52,198,366,254,142,235,86,250,187,191,448,548,1009,222,351,91,339,351,69,175,371,237,63,281,116,308,344,232,371,142,237
814,805,389,168,885,200,855,279,313,358,747,1063,1446,592,486,518,650,808,925,116,503,965,521,352,623,223,577,442,439,1025,1386,2404,483,882,228,959,868,161,452,974,575,192,642,342,709,851,610,926,326,631
500,472,225,79,518,121,500,157,170,191,425,584,883,342,282,309,362,925,246,66,251,483,315,218,341,127,339,227,268,653,757,1430,284,485,132,491,487,95,251,564,300,104,376,193,412,478,315,556,194,382
72,56,23,9,62,18,74,16,20,28,60,58,106,41,33,40,52,116,66,6,33,61,35,26,42,14,40,30,22,69,103,184,33,67,13,71,53,10,31,70,43,11,40,28,52,50,37,79,22,43
325,249,99,57,297,59,293,79,84,136,237,276,466,202,152,178,198,503,251,33,67,306,164,117,180,77,189,121,145,338,407,783,154,250,44,280,251,56,138,309,150,61,220,81,240,256,177,300,100,193
512,466,224,83,526,118,475,145,160,173,387,549,917,356,278,296,366,965,483,61,306,266,294,224,313,134,347,244,239,676,772,1448,268,504,124,531,489,93,233,560,336,110,434,187,387,504,309,513,180,396
371,242,127,58,286,77,308,89,102,116,265,316,528,208,145,160,254,521,315,35,164,294,102,120,198,71,207,153,147,373,474,849,178,293,64,309,293,36,142,307,180,71,250,104,258,303,191,334,107,215
215,191,85,37,206,51,202,52,60,95,180,215,385,162,103,118,142,352,218,26,117,224,120,45,158,49,143,95,113,251,306,556,103,216,54,200,183,42,93,208,150,40,160,74,162,185,135,206,79,157
381,264,122,59,337,79,319,105,96,132,267,363,606,226,206,206,235,623,341,42,180,313,198,158,118,66,209,159,169,408,539,966,187,330,60,333,318,54,152,367,221,71,273,133,262,296,223,363,118,238
159,120,45,22,142,35,123,41,45,59,103,153,232,82,64,70,86,223,127,14,77,134,71,49,66,14,71,68,77,169,191,378,76,116,36,128,126,20,53,152,85,25,102,51,100,130,88,149,54,110
402,289,138,50,371,83,345,116,108,151,294,411,623,234,177,171,250,577,339,40,189,347,207,143,209,71,94,152,168,421,504,945,195,342,78,361,321,60,163,389,226,61,275,141,263,328,210,387,136,259
268,198,95,47,223,59,234,88,65,93,187,249,452,149,149,137,187,442,227,30,121,244,153,95,159,68,152,40,127,281,375,697,120,213,59,241,214,43,119,252,160,47,159,87,188,210,155,252,100,171
311,198,112,43,251,67,229,70,85,129,232,267,473,167,114,121,191,439,268,22,145,239,147,113,169,77,168,127,63,328,379,651,118,221,54,276,246,45,105,275,146,66,213,81,197,227,146,266,96,196
593,525,254,112,648,155,609,199,191,268,524,743,1066,422,320,352,448,1025,653,69,338,676,373,251,408,169,421,281,328,359,906,1764,348,576,140,617,609,94,288,686,412,151,494,249,533,549,372,672,208,419
735,659,312,102,771,155,696,238,247,313,613,793,1308,446,429,451,548,1386,757,103,407,772,474,306,539,191,504,375,379,906,575,2053,426,703,173,822,666,128,351,796,465,134,563,273,631,704,466,730,275,503
1191,1192,588,218,1462,286,1344,447,465,554,1178,1556,2400,905,702,803,1009,2404,1430,184,783,1448,849,556,966,378,945,697,651,1764,2053,1925,703,1327,293,1561,1276,244,733,1517,912,263,1049,544,1133,1310,923,1424,452,947
263,223,115,50,269,73,271,68,92,107,242,327,451,172,129,165,222,483,284,33,154,268,178,103,187,76,195,120,118,348,426,703,64,266,59,307,240,34,121,305,175,71,203,105,216,268,162,274,73,197
485,401,166,89,477,86,456,134,158,215,415,530,844,307,247,270,351,882,485,67,250,504,293,216,330,116,342,213,221,576,703,1327,266,216,92,490,453,72,248,488,315,108,325,168,393,416,283,484,184,356
108,91,40,14,93,32,112,39,31,34,89,112,226,66,54,58,91,228,132,13,44,124,64,54,60,36,78,59,54,140,173,293,59,92,8,108,110,21,61,123,92,23,98,38,82,117,70,114,27,74
503,461,201,74,546,118,488,144,159,213,409,587,984,320,280,277,339,959,491,71,280,531,309,200,333,128,361,241,276,617,822,1561,307,490,108,258,481,93,243,532,339,86,422,204,457,498,330,556,202,345
473,384,183,79,505,97,431,155,141,200,423,517,851,334,243,287,351,868,487,53,251,489,293,183,318,126,321,214,246,609,666,1276,240,453,110,481,208,81,244,441,317,98,381,147,386,438,286,490,154,324
98,75,34,16,85,19,104,27,27,31,72,99,152,61,38,44,69,161,95,10,56,93,36,42,54,20,60,43,45,94,128,244,34,72,21,93,81,6,47,100,62,17,60,32,76,70,60,89,26,46
252,218,96,41,250,61,228,78,83,94,193,295,470,160,142,138,175,452,251,31,138,233,142,93,152,53,163,119,105,288,351,733,121,248,61,243,244,47,68,242,164,56,207,88,195,227,147,247,89,158
469,443,227,79,559,102,474,168,183,206,433,583,989,339,274,300,371,974,564,70,309,560,307,208,367,152,389,252,275,686,796,1517,305,488,123,532,441,100,242,266,354,116,394,198,409,499,333,538,184,366
325,289,137,56,359,67,332,101,106,142,279,376,595,230,177,191,237,575,300,43,150,336,180,150,221,85,226,160,146,412,465,912,175,315,92,339,317,62,164,354,106,77,256,139,269,305,199,322,132,266
105,109,47,20,113,28,93,28,38,42,88,133,200,63,59,58,63,192,104,11,61,110,71,40,71,25,61,47,66,151,134,263,71,108,23,86,98,17,56,116,77,13,87,41,78,85,56,96,43,80
367,336,151,66,360,88,404,115,99,182,331,473,656,273,218,254,281,642,376,40,220,434,250,160,273,102,275,159,213,494,563,1049,203,325,98,422,381,60,207,394,256,87,134,129,355,353,262,451,142,263
170,165,65,36,184,38,177,51,55,77,155,194,343,117,95,92,116,342,193,28,81,187,104,74,133,51,141,87,81,249,273,544,105,168,38,204,147,32,88,198,139,41,129,42,170,171,122,205,56,131
432,349,142,73,414,91,355,120,129,178,352,426,729,251,201,234,308,709,412,52,240,387,258,162,262,100,263,188,197,533,631,1133,216,393,82,457,386,76,195,409,269,78,355,170,154,371,275,410,148,276
449,397,177,76,464,91,446,143,133,196,382,508,848,288,233,252,344,851,478,50,256,504,303,185,296,130,328,210,227,549,704,1310,268,416,117,498,438,70,227,499,305,85,353,171,371,230,296,466,172,328
322,268,124,41,333,73,300,90,107,122,296,341,597,193,174,181,232,610,315,37,177,309,191,135,223,88,210,155,146,372,466,923,162,283,70,330,286,60,147,333,199,56,262,122,275,296,89,322,114,223
494,505,209,85,552,130,503,154,178,221,465,571,911,324,289,291,371,926,556,79,300,513,334,206,363,149,387,252,266,672,730,1424,274,484,114,556,490,89,247,538,322,96,451,205,410,466,322,264,180,356
178,162,69,23,172,43,167,64,54,73,158,182,303,125,102,106,142,326,194,22,100,180,107,79,118,54,136,100,96,208,275,452,73,184,27,202,154,26,89,184,132,43,142,56,148,172,114,180,26,117
393,296,133,71,352,78,341,115,101,128,299,352,584,240,184,190,237,631,382,43,193,396,215,157,238,110,259,171,196,419,503,947,197,356,74,345,324,46,158,366,266,80,263,131,276,328,223,356,117,109
