260,468,212,89,530,119,464,148,170,234,443,505,835,362,310,337,379,755,499,74,316,513,356,194,395,152,383,272,286,593,711,1178,228,461,85,482,494,81,238,493,344,90,370,193,440,429,352,493,163,386
468,184,168,80,469,97,393,125,161,175,385,508,774,298,223,233,326,786,461,52,240,428,254,183,291,119,310,200,242,542,683,1217,222,426,96,422,397,55,204,451,283,78,337,154,329,395,263,432,164,306
212,168,32,41,189,55,206,52,66,87,164,238,385,101,103,112,140,399,196,26,105,197,113,77,128,62,139,81,98,226,309,565,111,196,43,186,194,46,96,212,113,47,167,84,163,177,145,210,67,133
89,80,41,12,84,18,82,30,34,44,62,95,138,51,43,57,50,139,74,12,55,75,47,28,49,26,76,40,44,100,129,212,46,75,16,83,66,15,39,88,50,24,57,34,63,73,66,55,22,45
530,469,189,84,274,109,510,162,162,220,426,585,887,335,247,284,359,897,512,82,270,543,300,200,338,149,377,233,259,644,725,1431,265,453,116,541,456,85,263,562,325,100,377,206,435,455,333,523,178,359
119,97,55,18,109,11,113,38,40,55,99,127,197,68,61,74,81,192,106,13,64,111,75,43,81,33,84,41,51,146,165,267,53,105,24,116,94,18,58,122,58,22,97,43,91,91,78,101,36,71
464,393,206,82,510,113,242,147,158,181,388,530,888,290,279,298,341,882,490,56,250,504,281,183,330,133,336,220,215,642,712,1333,259,490,105,508,422,96,265,521,329,106,389,198,380,420,320,520,178,327
148,125,52,30,162,38,147,30,54,65,125,170,274,97,86,94,126,279,129,25,95,135,91,62,104,34,85,57,70,212,223,397,89,150,32,157,132,31,84,160,97,18,112,61,103,153,85,171,55,124
170,161,66,34,162,40,158,54,17,68,161,178,321,117,94,73,121,275,178,30,76,154,95,69,121,45,134,70,95,190,222,443,91,152,37,155,166,34,85,167,126,37,133,66,141,149,106,161,59,112
234,175,87,44,220,55,181,65,68,47,183,211,333,130,99,95,153,348,214,20,116,204,119,85,147,56,139,94,119,248,278,566,106,192,55,212,208,33,109,215,153,43,171,88,162,186,138,201,71,156
443,385,164,62,426,99,388,125,161,183,196,469,744,282,237,251,309,751,474,53,255,427,254,160,291,113,291,211,211,549,632,1120,223,407,107,423,387,64,205,457,289,90,343,172,328,369,302,424,157,295
505,508,238,95,585,127,530,170,178,211,469,317,984,396,294,289,408,1036,572,60,319,601,342,230,368,155,378,236,294,686,824,1573,308,501,137,577,514,92,285,593,394,119,435,230,471,553,366,569,182,363
835,774,385,138,887,197,888,274,321,333,744,984,789,605,472,517,682,1458,931,121,517,890,541,327,617,222,599,432,488,1067,1367,2367,462,827,201,936,834,148,459,943,591,190,657,322,733,808,579,921,303,587
362,298,101,51,335,68,290,97,117,130,282,396,605,103,161,175,240,612,305,38,192,354,203,131,212,86,219,160,183,427,497,914,178,284,63,341,316,63,162,343,210,68,261,127,289,310,212,330,131,238
310,223,103,43,247,61,279,86,94,99,237,294,472,161,56,122,216,500,254,30,167,288,145,108,170,65,170,145,138,312,405,725,146,231,58,288,226,44,130,276,180,72,188,100,215,235,153,258,98,198
337,233,112,57,284,74,298,94,73,95,251,289,517,175,122,66,212,516,278,29,159,296,168,123,176,62,170,124,135,333,436,780,163,270,67,318,269,50,134,308,192,63,222,96,217,280,183,288,106,186
379,326,140,50,359,81,341,126,121,153,309,408,682,240,216,212,133,636,364,53,199,370,212,131,265,85,242,188,169,441,535,954,191,303,74,333,346,74,167,388,246,65,270,140,280,336,253,379,138,250
755,786,399,139,897,192,882,279,275,348,751,1036,1458,612,500,516,636,767,936,113,488,900,534,348,612,220,619,437,442,1105,1303,2353,470,829,211,952,797,147,467,977,607,202,628,351,728,803,589,911,323,607
499,461,196,74,512,106,490,129,178,214,474,572,931,305,254,278,364,936,236,72,281,450,299,181,315,135,349,246,241,656,756,1442,279,430,111,541,458,79,272,581,335,82,361,180,395,480,320,524,195,346
74,52,26,12,82,13,56,25,30,20,53,60,121,38,30,29,53,113,72,0,31,75,39,24,47,17,40,21,41,68,111,180,35,53,11,71,57,13,38,61,43,14,49,30,56,51,45,77,23,35
316,240,105,55,270,64,250,95,76,116,255,319,517,192,167,159,199,488,281,31,60,302,182,98,181,63,188,114,136,341,403,783,169,254,56,285,272,42,134,304,178,57,218,118,221,269,181,313,109,202
513,428,197,75,543,111,504,135,154,204,427,601,890,354,288,296,370,900,450,75,302,254,310,190,329,139,351,246,255,630,749,1418,269,488,124,552,450,91,280,542,357,98,408,189,412,466,312,534,179,339
356,254,113,47,300,75,281,91,95,119,254,342,541,203,145,168,212,534,299,39,182,310,84,109,196,69,196,149,139,366,466,806,184,299,59,310,261,57,141,303,183,56,218,122,209,265,178,314,113,201
194,183,77,28,200,43,183,62,69,85,160,230,327,131,108,123,131,348,181,24,98,190,109,47,139,59,124,109,104,230,319,561,107,191,44,189,177,24,94,202,140,36,147,88,170,175,120,202,75,143
395,291,128,49,338,81,330,104,121,147,291,368,617,212,170,176,265,612,315,47,181,329,196,139,97,85,217,157,150,424,508,956,190,319,85,342,329,62,186,330,211,74,268,123,255,300,222,350,142,235
152,119,62,26,149,33,133,34,45,56,113,155,222,86,65,62,85,220,135,17,63,139,69,59,85,16,77,47,64,149,201,361,77,127,28,127,134,20,56,136,78,26,112,44,109,100,94,118,60,95
383,310,139,76,377,84,336,85,134,139,291,378,599,219,170,170,242,619,349,40,188,351,196,124,217,77,102,143,160,441,544,971,188,343,70,336,333,49,163,384,227,71,278,138,265,282,222,365,127,236
272,200,81,40,233,41,220,57,70,94,211,236,432,160,145,124,188,437,246,21,114,246,149,109,157,47,143,65,109,271,354,664,133,210,55,258,236,33,107,251,157,51,183,95,207,225,137,234,97,150
286,242,98,44,259,51,215,70,95,119,211,294,488,183,138,135,169,442,241,41,136,255,139,104,150,64,160,109,51,314,391,708,150,212,50,237,258,47,130,267,182,57,210,96,182,227,169,281,94,182
593,542,226,100,644,146,642,212,190,248,549,686,1067,427,312,333,441,1105,656,68,341,630,366,230,424,149,441,271,314,420,991,1739,334,569,149,650,546,117,337,714,468,152,501,268,488,573,416,704,246,416
711,683,309,129,725,165,712,223,222,278,632,824,1367,497,405,436,535,1303,756,111,403,749,466,319,508,201,544,354,391,991,550,2102,390,722,169,795,712,127,355,807,479,152,579,287,629,705,488,731,265,489
1178,1217,565,212,1431,267,1333,397,443,566,1120,1573,2367,914,725,780,954,2353,1442,180,783,1418,806,561,956,361,971,664,708,1739,2102,1886,702,1358,315,1530,1280,215,660,1493,918,285,962,554,1121,1245,836,1394,527,964
228,222,111,46,265,53,259,89,91,106,223,308,462,178,146,163,191,470,279,35,169,269,184,107,190,77,188,133,150,334,390,702,75,243,57,284,265,45,122,311,181,66,210,111,224,239,171,250,107,211
461,426,196,75,453,105,490,150,152,192,407,501,827,284,231,270,303,829,430,53,254,488,299,191,319,127,343,210,212,569,722,1358,243,219,101,457,402,83,216,493,316,106,354,162,395,449,291,503,180,287
85,96,43,16,116,24,105,32,37,55,107,137,201,63,58,67,74,211,111,11,56,124,59,44,85,28,70,55,50,149,169,315,57,101,15,117,112,16,51,123,79,28,89,44,87,116,79,113,49,75
482,422,186,83,541,116,508,157,155,212,423,577,936,341,288,318,333,952,541,71,285,552,310,189,342,127,336,258,237,650,795,1530,284,457,117,263,498,95,244,577,386,99,382,204,402,532,379,554,191,340
494,397,194,66,456,94,422,132,166,208,387,514,834,316,226,269,346,797,458,57,272,450,261,177,329,134,333,236,258,546,712,1280,265,402,112,498,196,94,254,485,287,98,366,152,373,429,322,476,172,329
81,55,46,15,85,18,96,31,34,33,64,92,148,63,44,50,74,147,79,13,42,91,57,24,62,20,49,33,47,117,127,215,45,83,16,95,94,7,36,109,58,8,79,30,69,79,51,102,38,66
238,204,96,39,263,58,265,84,85,109,205,285,459,162,130,134,167,467,272,38,134,280,141,94,186,56,163,107,130,337,355,660,122,216,51,244,254,36,71,279,176,44,164,103,211,220,160,280,92,190
493,451,212,88,562,122,521,160,167,215,457,593,943,343,276,308,388,977,581,61,304,542,303,202,330,136,384,251,267,714,807,1493,311,493,123,577,485,109,279,277,346,119,410,208,430,484,365,549,166,371
344,283,113,50,325,58,329,97,126,153,289,394,591,210,180,192,246,607,335,43,178,357,183,140,211,78,227,157,182,468,479,918,181,316,79,386,287,58,176,346,106,67,268,131,274,302,225,339,116,210
90,78,47,24,100,22,106,18,37,43,90,119,190,68,72,63,65,202,82,14,57,98,56,36,74,26,71,51,57,152,152,285,66,106,28,99,98,8,44,119,67,6,81,44,93,91,66,111,48,57
370,337,167,57,377,97,389,112,133,171,343,435,657,261,188,222,270,628,361,49,218,408,218,147,268,112,278,183,210,501,579,962,210,354,89,382,366,79,164,410,268,81,138,152,353,326,255,380,141,263
193,154,84,34,206,43,198,61,66,88,172,230,322,127,100,96,140,351,180,30,118,189,122,88,123,44,138,95,96,268,287,554,111,162,44,204,152,30,103,208,131,44,152,46,175,192,142,215,81,116
440,329,163,63,435,91,380,103,141,162,328,471,733,289,215,217,280,728,395,56,221,412,209,170,255,109,265,207,182,488,629,1121,224,395,87,402,373,69,211,430,274,93,353,175,165,344,271,440,166,268
429,395,177,73,455,91,420,153,149,186,369,553,808,310,235,280,336,803,480,51,269,466,265,175,300,100,282,225,227,573,705,1245,239,449,116,532,429,79,220,484,302,91,326,192,344,213,317,506,155,315
352,263,145,66,333,78,320,85,106,138,302,366,579,212,153,183,253,589,320,45,181,312,178,120,222,94,222,137,169,416,488,836,171,291,79,379,322,51,160,365,225,66,255,142,271,317,107,355,120,241
493,432,210,55,523,101,520,171,161,201,424,569,921,330,258,288,379,911,524,77,313,534,314,202,350,118,365,234,281,704,731,1394,250,503,113,554,476,102,280,549,339,111,380,215,440,506,355,276,182,370
163,164,67,22,178,36,178,55,59,71,157,182,303,131,98,106,138,323,195,23,109,179,113,75,142,60,127,97,94,246,265,527,107,180,49,191,172,38,92,166,116,48,141,81,166,155,120,182,32,122
386,306,133,45,359,71,327,124,112,156,295,363,587,238,198,186,250,607,346,35,202,339,201,143,235,95,236,150,182,416,489,964,211,287,75,340,329,66,190,371,210,57,263,116,268,315,241,370,122,105
