273,471,229,102,487,132,463,194,169,273,463,483,838,384,343,343,385,839,492,80,330,508,373,219,407,157,382,280,304,625,729,1197,244,502,116,529,476,86,268,510,302,116,379,173,487,449,342,496,169,396
471,165,161,64,403,116,416,132,144,180,371,492,766,281,217,206,303,792,432,63,213,511,247,194,294,100,277,198,207,547,676,1274,253,407,93,469,428,81,188,451,287,76,324,143,343,388,272,428,178,261
229,161,30,36,217,44,184,62,61,74,170,236,377,117,99,109,137,394,201,24,110,198,98,89,131,33,118,75,120,241,345,586,125,198,59,204,200,28,112,206,144,41,162,70,176,200,115,197,76,115
102,64,36,7,79,20,73,35,26,34,72,94,143,60,46,42,59,169,92,11,41,72,71,36,68,23,62,47,48,128,125,229,49,94,7,92,62,21,46,80,47,21,50,29,58,72,56,89,32,60
487,403,217,79,271,118,463,147,161,190,392,603,994,294,277,318,361,944,515,65,313,548,311,180,311,107,311,247,266,664,775,1433,284,499,95,554,473,111,263,529,374,116,378,204,397,460,323,530,194,331
132,116,44,20,118,12,92,36,44,49,107,129,179,81,62,60,88,220,140,18,56,110,77,53,87,28,92,59,69,168,152,310,67,119,18,132,85,21,55,121,86,24,81,48,90,97,80,123,44,74
463,416,184,73,463,92,230,164,158,207,425,587,868,293,262,277,353,876,518,59,272,470,294,207,339,131,344,206,249,660,763,1382,266,441,107,540,463,75,259,521,305,103,406,179,395,435,304,532,198,333
194,132,62,35,147,36,164,20,62,61,131,188,273,104,63,70,126,287,152,23,85,152,92,51,100,39,108,70,93,208,256,418,68,137,36,164,151,30,67,162,94,39,102,42,117,127,95,168,65,104
169,144,61,26,161,44,158,62,22,67,140,171,273,100,81,88,112,270,183,26,114,175,102,63,94,32,95,83,83,206,248,441,97,169,35,176,156,29,91,194,104,25,110,67,110,152,95,166,57,113
273,180,74,34,190,49,207,61,67,37,155,241,350,132,107,107,155,359,210,31,134,214,124,80,134,64,131,99,84,239,291,560,104,190,39,222,202,31,104,206,116,44,159,67,158,200,143,194,73,140
463,371,170,72,392,107,425,131,140,155,157,476,712,281,245,256,323,758,432,52,269,416,251,171,267,111,273,209,210,527,597,1201,244,385,91,479,427,73,213,401,251,95,336,144,331,392,285,470,172,285
483,492,236,94,603,129,587,188,171,241,476,322,1059,361,316,331,396,1002,587,50,292,605,356,241,357,136,394,255,268,732,891,1648,280,525,129,565,575,106,308,642,398,125,430,216,457,543,375,634,227,362
838,766,377,143,994,179,868,273,273,350,712,1059,801,594,441,475,679,1429,983,124,525,978,520,363,573,236,617,392,451,1154,1395,2514,489,857,201,1019,861,167,475,998,602,212,692,321,708,853,582,965,335,619
384,281,117,60,294,81,293,104,100,132,281,361,594,102,164,162,237,570,323,37,186,335,192,122,202,69,187,136,161,380,501,909,167,297,80,345,304,49,156,326,185,78,257,119,253,300,211,328,135,220
343,217,99,46,277,62,262,63,81,107,245,316,441,164,70,127,186,447,283,29,139,295,132,92,175,70,178,122,131,331,408,731,143,248,55,291,243,50,131,315,163,49,224,86,208,243,141,254,110,185
343,206,109,42,318,60,277,70,88,107,256,331,475,162,127,82,204,502,301,35,150,321,159,109,180,72,182,134,142,304,394,794,152,278,62,299,258,43,137,299,185,49,246,97,240,248,154,294,87,192
385,303,137,59,361,88,353,126,112,155,323,396,679,237,186,204,120,671,359,47,197,365,216,147,259,90,261,170,197,475,550,1073,208,347,103,378,310,58,186,396,236,78,297,148,308,365,229,382,133,261
839,792,394,169,944,220,876,287,270,359,758,1002,1429,570,447,502,671,781,941,113,506,945,533,362,562,227,572,396,437,1113,1409,2589,469,861,204,981,888,175,435,952,563,177,697,347,681,860,542,937,310,612
492,432,201,92,515,140,518,152,183,210,432,587,983,323,283,301,359,941,233,63,265,451,289,200,349,108,313,222,260,642,755,1476,278,506,105,540,481,89,260,551,341,113,369,203,408,441,344,528,211,328
80,63,24,11,65,18,59,23,26,31,52,50,124,37,29,35,47,113,63,1,32,66,36,22,37,19,33,25,22,69,109,200,45,60,14,75,59,14,32,65,39,3,45,21,42,56,40,63,24,38
330,213,110,41,313,56,272,85,114,134,269,292,525,186,139,150,197,506,265,32,83,292,175,129,175,63,169,126,164,345,426,758,162,271,57,272,260,50,136,306,174,47,239,114,235,264,198,309,116,213
508,511,198,72,548,110,470,152,175,214,416,605,978,335,295,321,365,945,451,66,292,224,296,196,354,123,331,239,243,641,751,1439,286,446,107,555,466,68,272,547,368,99,388,176,397,426,364,537,180,345
373,247,98,71,311,77,294,92,102,124,251,356,520,192,132,159,216,533,289,36,175,296,75,121,189,97,227,114,152,330,444,902,174,278,67,324,319,45,129,325,172,59,252,102,216,278,175,296,125,195
219,194,89,36,180,53,207,51,63,80,171,241,363,122,92,109,147,362,200,22,129,196,121,39,149,51,137,93,81,251,304,536,126,179,60,224,195,38,90,210,117,40,160,69,168,187,121,224,70,130
407,294,131,68,311,87,339,100,94,134,267,357,573,202,175,180,259,562,349,37,175,354,189,149,108,79,208,157,145,442,510,959,197,312,77,358,331,64,151,398,211,67,236,122,234,333,209,360,132,249
157,100,33,23,107,28,131,39,32,64,111,136,236,69,70,72,90,227,108,19,63,123,97,51,79,20,92,62,67,168,178,365,66,122,26,119,130,27,59,112,82,26,110,45,100,115,86,133,57,92
382,277,118,62,311,92,344,108,95,131,273,394,617,187,178,182,261,572,313,33,169,331,227,137,208,92,116,174,163,408,497,965,183,338,89,371,328,61,188,354,237,72,261,136,250,299,223,350,146,225
280,198,75,47,247,59,206,70,83,99,209,255,392,136,122,134,170,396,222,25,126,239,114,93,157,62,174,39,120,304,319,660,124,241,55,226,217,39,116,227,150,54,187,80,179,233,134,232,73,163
304,207,120,48,266,69,249,93,83,84,210,268,451,161,131,142,197,437,260,22,164,243,152,81,145,67,163,120,63,333,382,710,142,220,61,260,230,40,121,261,169,48,187,81,199,229,140,266,95,158
625,547,241,128,664,168,660,208,206,239,527,732,1154,380,331,304,475,1113,642,69,345,641,330,251,442,168,408,304,333,382,990,1822,338,597,150,646,619,118,304,702,403,133,477,255,507,578,424,655,250,456
729,676,345,125,775,152,763,256,248,291,597,891,1395,501,408,394,550,1409,755,109,426,751,444,304,510,178,497,319,382,990,581,2147,412,672,195,884,688,146,383,805,505,144,562,275,610,713,491,778,297,528
1197,1274,586,229,1433,310,1382,418,441,560,1201,1648,2514,909,731,794,1073,2589,1476,200,758,1439,902,536,959,365,965,660,710,1822,2147,1989,772,1286,358,1598,1291,250,679,1484,933,271,1082,532,1140,1347,908,1457,518,935
244,253,125,49,284,67,266,68,97,104,244,280,489,167,143,152,208,469,278,45,162,286,174,126,197,66,183,124,142,338,412,772,64,259,63,330,272,48,130,328,173,46,214,103,229,264,171,256,109,172
502,407,198,94,499,119,441,137,169,190,385,525,857,297,248,278,347,861,506,60,271,446,278,179,312,122,338,241,220,597,672,1286,259,243,99,506,469,64,234,452,320,114,349,171,370,406,331,493,177,357
116,93,59,7,95,18,107,36,35,39,91,129,201,80,55,62,103,204,105,14,57,107,67,60,77,26,89,55,61,150,195,358,63,99,12,137,102,15,58,140,70,16,85,51,98,92,61,142,45,77
529,469,204,92,554,132,540,164,176,222,479,565,1019,345,291,299,378,981,540,75,272,555,324,224,358,119,371,226,260,646,884,1598,330,506,137,286,471,80,281,584,310,118,450,199,465,512,336,576,215,383
476,428,200,62,473,85,463,151,156,202,427,575,861,304,243,258,310,888,481,59,260,466,319,195,331,130,328,217,230,619,688,1291,272,469,102,471,225,66,240,517,307,111,336,179,354,446,299,503,179,306
86,81,28,21,111,21,75,30,29,31,73,106,167,49,50,43,58,175,89,14,50,68,45,38,64,27,61,39,40,118,146,250,48,64,15,80,66,3,51,81,58,20,67,27,73,83,51,103,40,54
268,188,112,46,263,55,259,67,91,104,213,308,475,156,131,137,186,435,260,32,136,272,129,90,151,59,188,116,121,304,383,679,130,234,58,281,240,51,49,281,169,57,204,94,179,251,134,277,86,169
510,451,206,80,529,121,521,162,194,206,401,642,998,326,315,299,396,952,551,65,306,547,325,210,398,112,354,227,261,702,805,1484,328,452,140,584,517,81,281,289,332,105,385,173,415,477,361,569,219,296
302,287,144,47,374,86,305,94,104,116,251,398,602,185,163,185,236,563,341,39,174,368,172,117,211,82,237,150,169,403,505,933,173,320,70,310,307,58,169,332,113,92,287,117,251,322,196,361,129,207
116,76,41,21,116,24,103,39,25,44,95,125,212,78,49,49,78,177,113,3,47,99,59,40,67,26,72,54,48,133,144,271,46,114,16,118,111,20,57,105,92,13,82,33,84,88,53,102,32,87
379,324,162,50,378,81,406,102,110,159,336,430,692,257,224,246,297,697,369,45,239,388,252,160,236,110,261,187,187,477,562,1082,214,349,85,450,336,67,204,385,287,82,151,132,316,356,263,395,128,257
173,143,70,29,204,48,179,42,67,67,144,216,321,119,86,97,148,347,203,21,114,176,102,69,122,45,136,80,81,255,275,532,103,171,51,199,179,27,94,173,117,33,132,26,132,189,124,199,71,111
487,343,176,58,397,90,395,117,110,158,331,457,708,253,208,240,308,681,408,42,235,397,216,168,234,100,250,179,199,507,610,1140,229,370,98,465,354,73,179,415,251,84,316,132,150,414,224,433,146,285
449,388,200,72,460,97,435,127,152,200,392,543,853,300,243,248,365,860,441,56,264,426,278,187,333,115,299,233,229,578,713,1347,264,406,92,512,446,83,251,477,322,88,356,189,414,201,296,492,186,341
342,272,115,56,323,80,304,95,95,143,285,375,582,211,141,154,229,542,344,40,198,364,175,121,209,86,223,134,140,424,491,908,171,331,61,336,299,51,134,361,196,53,263,124,224,296,86,350,128,223
496,428,197,89,530,123,532,168,166,194,470,634,965,328,254,294,382,937,528,63,309,537,296,224,360,133,350,232,266,655,778,1457,256,493,142,576,503,103,277,569,361,102,395,199,433,492,350,260,209,374
169,178,76,32,194,44,198,65,57,73,172,227,335,135,110,87,133,310,211,24,116,180,125,70,132,57,146,73,95,250,297,518,109,177,45,215,179,40,86,219,129,32,128,71,146,186,128,209,40,119
396,261,115,60,331,74,333,104,113,140,285,362,619,220,185,192,261,612,328,38,213,345,195,130,249,92,225,163,158,456,528,935,172,357,77,383,306,54,169,296,207,87,257,111,285,341,223,374,119,116
