256,474,210,80,535,107,445,172,171,237,430,469,832,354,320,347,377,813,520,77,285,511,333,204,372,144,392,297,287,561,742,1180,236,477,108,534,484,83,257,497,323,108,399,163,415,455,325,505,182,403
474,192,159,72,475,118,428,127,130,162,378,473,753,286,240,255,281,771,403,58,223,422,235,186,246,117,311,191,210,559,655,1165,256,419,102,440,437,74,219,467,310,95,319,168,345,381,259,456,151,296
210,159,48,23,203,38,183,58,71,78,147,227,398,124,124,131,144,375,215,20,124,197,120,81,117,46,148,73,89,264,297,567,120,172,49,170,165,25,101,207,134,45,139,79,156,166,110,217,66,124
80,72,23,8,84,14,77,29,26,35,65,84,144,57,47,57,55,132,64,13,43,103,60,37,64,25,62,48,52,117,117,223,42,83,16,92,88,15,38,82,66,11,64,29,77,68,50,82,38,43
535,475,203,84,269,128,508,159,172,224,446,553,951,310,266,295,393,874,536,55,279,538,330,196,316,134,315,237,244,615,786,1373,254,481,113,572,497,83,251,537,314,115,367,166,426,498,318,522,173,362
107,118,38,14,128,10,101,36,36,46,91,117,190,80,56,68,87,195,108,16,61,124,54,47,75,27,85,46,69,142,167,283,61,102,30,131,89,17,55,125,75,25,75,43,93,111,72,112,32,77
445,428,183,77,508,101,225,163,161,196,406,507,865,305,249,267,340,854,524,60,237,480,285,195,345,134,350,244,245,620,727,1340,282,477,94,515,428,72,222,473,304,94,373,174,377,471,327,475,170,320
172,127,58,29,159,36,163,26,49,87,151,157,282,99,73,84,120,283,163,21,101,177,89,68,103,35,102,69,65,190,224,406,73,152,31,156,160,27,76,161,105,32,144,51,142,149,107,168,71,109
171,130,71,26,172,36,161,49,28,62,133,179,264,96,95,92,127,257,182,16,95,171,87,63,110,45,101,62,87,193,239,439,91,143,40,172,138,22,76,182,125,30,125,60,114,130,119,175,52,120
237,162,78,35,224,46,196,87,62,44,169,238,378,146,105,117,150,383,238,17,134,223,126,85,135,58,130,99,102,250,323,610,126,232,43,224,199,33,108,209,156,47,158,68,157,184,143,217,83,141
430,378,147,65,446,91,406,151,133,169,182,478,754,292,215,224,311,720,451,51,224,443,261,168,269,108,290,207,192,530,621,1152,228,428,87,463,389,68,203,428,290,92,304,150,340,417,251,425,153,282
469,473,227,84,553,117,507,157,179,238,478,315,982,382,319,337,387,983,537,68,301,559,343,229,356,142,375,271,274,679,845,1563,288,481,126,566,500,88,269,581,382,96,387,194,456,492,348,604,194,361
832,753,398,144,951,190,865,282,264,378,754,982,814,587,484,532,665,1455,834,114,503,863,521,353,624,233,619,443,456,1181,1358,2332,480,863,207,973,829,153,461,909,577,184,667,372,727,815,560,911,306,632
354,286,124,57,310,80,305,99,96,146,292,382,587,107,181,154,257,575,358,43,158,337,190,129,226,74,234,168,161,384,487,893,175,288,73,354,292,45,153,343,222,56,252,107,239,299,193,353,127,216
320,240,124,47,266,56,249,73,95,105,215,319,484,181,62,135,184,476,295,33,161,296,151,107,183,85,191,114,114,349,407,747,153,270,66,256,248,48,121,269,171,52,200,104,237,236,153,279,105,171
347,255,131,57,295,68,267,84,92,117,224,337,532,154,135,86,219,517,289,30,149,296,167,117,188,85,207,130,132,370,448,837,175,273,66,314,277,55,142,295,183,60,181,116,244,275,182,287,120,186
377,281,144,55,393,87,340,120,127,150,311,387,665,257,184,219,133,642,384,49,207,392,207,130,228,97,250,172,194,409,575,1073,181,354,81,397,328,54,181,382,237,69,284,129,289,305,237,379,151,246
813,771,375,132,874,195,854,283,257,383,720,983,1455,575,476,517,642,780,865,112,512,908,546,340,641,221,580,426,469,1080,1373,2388,501,826,210,988,806,143,449,940,562,193,637,307,754,813,586,912,312,634
520,403,215,64,536,108,524,163,182,238,451,537,834,358,295,289,384,865,245,72,273,483,302,198,331,108,341,230,276,615,753,1333,255,481,125,517,476,85,254,542,327,123,371,191,459,441,347,523,192,379
77,58,20,13,55,16,60,21,16,17,51,68,114,43,33,30,49,112,72,5,31,66,35,28,54,16,39,36,27,74,97,191,32,50,14,58,64,19,36,54,44,17,48,21,56,50,31,65,26,37
285,223,124,43,279,61,237,101,95,134,224,301,503,158,161,149,207,512,273,31,73,307,145,95,169,56,168,124,129,362,431,778,143,257,61,292,274,41,145,298,175,55,218,88,202,269,176,296,102,160
511,422,197,103,538,124,480,177,171,223,443,559,863,337,296,296,392,908,483,66,307,223,312,196,354,122,347,280,280,663,723,1365,256,481,126,558,448,82,252,508,328,107,379,199,430,474,353,546,217,368
333,235,120,60,330,54,285,89,87,126,261,343,521,190,151,167,207,546,302,35,145,312,89,139,193,78,209,140,162,327,447,834,167,279,72,299,282,55,136,315,201,60,232,126,243,303,176,346,114,198
204,186,81,37,196,47,195,68,63,85,168,229,353,129,107,117,130,340,198,28,95,196,139,42,120,46,138,76,100,245,308,573,110,176,41,190,196,33,104,222,140,34,134,67,158,199,135,221,76,138
372,246,117,64,316,75,345,103,110,135,269,356,624,226,183,188,228,641,331,54,169,354,193,120,107,81,197,153,181,422,501,925,169,325,85,329,299,60,171,316,221,64,268,109,262,330,212,361,142,215
144,117,46,25,134,27,134,35,45,58,108,142,233,74,85,85,97,221,108,16,56,122,78,46,81,19,84,51,69,157,197,352,72,132,26,133,113,18,66,144,96,22,97,49,107,128,82,132,52,74
392,311,148,62,315,85,350,102,101,130,290,375,619,234,191,207,250,580,341,39,168,347,209,138,197,84,105,120,185,424,512,971,171,295,76,357,334,60,165,364,244,55,271,120,301,326,216,338,136,227
297,191,73,48,237,46,244,69,62,99,207,271,443,168,114,130,172,426,230,36,124,280,140,76,153,51,120,58,96,285,360,663,146,218,51,278,256,39,115,260,144,50,204,90,203,205,155,229,91,147
287,210,89,52,244,69,245,65,87,102,192,274,456,161,114,132,194,469,276,27,129,280,162,100,181,69,185,96,69,287,410,696,140,243,58,279,250,39,116,285,167,47,195,79,227,222,159,260,91,168
561,559,264,117,615,142,620,190,193,250,530,679,1181,384,349,370,409,1080,615,74,362,663,327,245,422,157,424,285,287,406,945,1767,359,598,136,656,605,105,317,667,417,122,473,218,506,587,383,658,233,425
742,655,297,117,786,167,727,224,239,323,621,845,1358,487,407,448,575,1373,753,97,431,723,447,308,501,197,512,360,410,945,504,2011,388,677,175,805,673,99,414,782,521,164,522,292,634,670,476,773,282,539
1180,1165,567,223,1373,283,1340,406,439,610,1152,1563,2332,893,747,837,1073,2388,1333,191,778,1365,834,573,925,352,971,663,696,1767,2011,1865,722,1339,328,1492,1270,252,698,1412,897,275,998,544,1097,1231,848,1410,471,1039
236,256,120,42,254,61,282,73,91,126,228,288,480,175,153,175,181,501,255,32,143,256,167,110,169,72,171,146,140,359,388,722,76,252,70,282,239,49,110,280,172,42,197,117,225,254,180,276,102,200
477,419,172,83,481,102,477,152,143,232,428,481,863,288,270,273,354,826,481,50,257,481,279,176,325,132,295,218,243,598,677,1339,252,224,104,509,457,53,236,522,305,95,347,159,384,410,301,483,178,306
108,102,49,16,113,30,94,31,40,43,87,126,207,73,66,66,81,210,125,14,61,126,72,41,85,26,76,51,58,136,175,328,70,104,17,113,96,25,61,112,77,21,100,33,94,99,65,117,36,80
534,440,170,92,572,131,515,156,172,224,463,566,973,354,256,314,397,988,517,58,292,558,299,190,329,133,357,278,279,656,805,1492,282,509,113,306,528,84,283,598,338,122,436,182,425,490,328,597,223,360
484,437,165,88,497,89,428,160,138,199,389,500,829,292,248,277,328,806,476,64,274,448,282,196,299,113,334,256,250,605,673,1270,239,457,96,528,200,75,215,490,327,98,355,160,354,437,307,464,161,321
83,74,25,15,83,17,72,27,22,33,68,88,153,45,48,55,54,143,85,19,41,82,55,33,60,18,60,39,39,105,99,252,49,53,25,84,75,7,44,94,54,17,68,25,67,65,48,80,30,51
257,219,101,38,251,55,222,76,76,108,203,269,461,153,121,142,181,449,254,36,145,252,136,104,171,66,165,115,116,317,414,698,110,236,61,283,215,44,61,279,162,42,190,84,215,240,160,270,100,179
497,467,207,82,537,125,473,161,182,209,428,581,909,343,269,295,382,940,542,54,298,508,315,222,316,144,364,260,285,667,782,1412,280,522,112,598,490,94,279,277,351,120,367,182,438,504,341,534,182,368
323,310,134,66,314,75,304,105,125,156,290,382,577,222,171,183,237,562,327,44,175,328,201,140,221,96,244,144,167,417,521,897,172,305,77,338,327,54,162,351,112,69,260,138,270,290,196,325,110,226
108,95,45,11,115,25,94,32,30,47,92,96,184,56,52,60,69,193,123,17,55,107,60,34,64,22,55,50,47,122,164,275,42,95,21,122,98,17,42,120,69,11,66,46,76,95,59,103,42,83
399,319,139,64,367,75,373,144,125,158,304,387,667,252,200,181,284,637,371,48,218,379,232,134,268,97,271,204,195,473,522,998,197,347,100,436,355,68,190,367,260,66,135,125,303,337,241,380,150,272
163,168,79,29,166,43,174,51,60,68,150,194,372,107,104,116,129,307,191,21,88,199,126,67,109,49,120,90,79,218,292,544,117,159,33,182,160,25,84,182,138,46,125,34,135,174,119,188,60,111
415,345,156,77,426,93,377,142,114,157,340,456,727,239,237,244,289,754,459,56,202,430,243,158,262,107,301,203,227,506,634,1097,225,384,94,425,354,67,215,438,270,76,303,135,174,378,258,470,149,282
455,381,166,68,498,111,471,149,130,184,417,492,815,299,236,275,305,813,441,50,269,474,303,199,330,128,326,205,222,587,670,1231,254,410,99,490,437,65,240,504,290,95,337,174,378,212,313,470,174,311
325,259,110,50,318,72,327,107,119,143,251,348,560,193,153,182,237,586,347,31,176,353,176,135,212,82,216,155,159,383,476,848,180,301,65,328,307,48,160,341,196,59,241,119,258,313,91,342,122,224
505,456,217,82,522,112,475,168,175,217,425,604,911,353,279,287,379,912,523,65,296,546,346,221,361,132,338,229,260,658,773,1410,276,483,117,597,464,80,270,534,325,103,380,188,470,470,342,275,190,367
182,151,66,38,173,32,170,71,52,83,153,194,306,127,105,120,151,312,192,26,102,217,114,76,142,52,136,91,91,233,282,471,102,178,36,223,161,30,100,182,110,42,150,60,149,174,122,190,28,127
403,296,124,43,362,77,320,109,120,141,282,361,632,216,171,186,246,634,379,37,160,368,198,138,215,74,227,147,168,425,539,1039,200,306,80,360,321,51,179,368,226,83,272,111,282,311,224,367,127,106
