265,455,218,94,524,125,491,176,164,238,454,557,833,391,322,378,392,846,524,73,335,537,345,216,360,143,379,280,311,630,734,1195,243,485,116,543,506,92,236,462,325,114,382,171,448,431,358,473,173,407
455,175,179,57,430,88,401,129,150,185,380,465,763,284,263,222,324,814,429,58,205,459,263,175,271,110,289,185,218,549,663,1239,241,438,97,426,424,69,199,477,323,93,353,159,380,387,300,461,189,291
218,179,36,28,198,48,176,59,66,75,172,253,376,124,103,111,159,381,189,24,97,209,107,79,144,38,118,94,95,229,276,585,95,167,44,196,200,28,104,197,118,49,155,83,148,196,115,205,84,139
94,57,28,8,89,14,89,31,31,36,67,89,148,69,45,54,55,157,75,11,62,90,50,30,57,18,71,45,40,112,136,225,42,93,13,92,72,12,48,102,70,22,71,37,76,64,60,95,34,60
524,430,198,89,254,118,495,171,164,196,443,569,918,336,276,317,383,945,569,56,279,518,296,224,363,124,353,238,243,680,820,1485,269,472,129,552,485,80,257,590,363,108,405,198,434,485,316,587,191,339
125,88,48,14,118,7,107,41,38,46,85,111,192,94,69,73,76,218,106,14,68,122,78,52,62,33,88,64,62,172,186,270,58,126,16,122,90,24,55,122,74,20,82,40,90,93,70,107,37,90
491,401,176,89,495,107,226,138,168,201,414,539,862,320,274,297,343,902,458,64,265,445,273,173,293,119,325,233,196,659,722,1373,262,476,97,491,443,85,239,509,353,98,370,205,375,436,277,507,182,334
176,129,59,31,171,41,138,17,52,51,119,147,272,91,79,80,97,278,160,30,84,166,98,55,114,32,97,87,98,172,190,425,93,151,25,154,136,26,63,140,77,27,119,60,122,150,117,155,60,87
164,150,66,31,164,38,168,52,31,69,148,200,296,114,96,110,112,292,167,21,93,163,112,65,117,40,102,71,88,209,241,449,86,143,32,156,178,35,72,166,105,27,122,65,126,159,108,190,60,108
238,185,75,36,196,46,201,51,69,55,171,253,391,149,107,117,122,402,194,31,146,218,131,81,145,68,165,99,118,272,296,533,93,194,46,194,188,27,92,245,143,53,166,92,162,180,141,204,79,137
454,380,172,67,443,85,414,119,148,171,176,503,779,284,205,230,286,740,410,67,276,444,297,168,285,131,315,201,222,567,631,1179,214,431,100,465,379,67,191,448,289,98,333,163,315,394,282,460,148,280
557,465,253,89,569,111,539,147,200,253,503,294,1083,352,259,297,401,1015,574,69,289,598,358,242,364,140,358,274,266,743,873,1629,313,541,126,613,535,101,281,606,371,124,435,244,452,558,352,578,234,385
833,763,376,148,918,192,862,272,296,391,779,1083,824,602,496,525,630,1483,891,130,477,896,527,345,584,244,613,441,443,1167,1376,2462,494,829,229,968,873,157,460,978,657,194,697,355,759,867,605,965,389,584
391,284,124,69,336,94,320,91,114,149,284,352,602,111,163,194,240,583,301,47,177,327,191,111,236,79,245,150,164,388,487,870,175,312,61,308,287,44,163,368,219,67,244,129,256,260,192,347,108,206
322,263,103,45,276,69,274,79,96,107,205,259,496,163,58,129,195,475,244,36,143,247,159,123,171,65,178,124,138,301,391,766,135,226,57,255,231,42,132,284,171,59,209,96,218,257,153,295,88,190
378,222,111,54,317,73,297,80,110,117,230,297,525,194,129,78,219,520,306,39,152,293,179,127,172,74,180,142,139,331,430,804,155,264,59,297,280,43,128,301,177,59,250,124,214,276,157,338,107,215
392,324,159,55,383,76,343,97,112,122,286,401,630,240,195,219,135,669,366,39,221,377,198,144,242,92,238,164,182,509,586,1007,207,338,80,350,370,72,173,401,241,83,274,132,299,332,241,372,137,233
846,814,381,157,945,218,902,278,292,402,740,1015,1483,583,475,520,669,828,936,129,509,938,543,355,594,222,607,417,448,1153,1401,2519,502,838,227,992,854,152,486,977,610,214,673,372,753,867,572,951,349,583
524,429,189,75,569,106,458,160,167,194,410,574,891,301,244,306,366,936,242,75,276,486,284,190,337,133,343,237,238,652,776,1363,266,477,122,507,466,97,259,543,331,89,415,175,380,488,334,557,167,337
73,58,24,11,56,14,64,30,21,31,67,69,130,47,36,39,39,129,75,1,22,58,33,26,34,14,36,37,22,87,86,185,27,60,15,65,46,9,41,63,35,12,43,26,39,56,38,72,27,51
335,205,97,62,279,68,265,84,93,146,276,289,477,177,143,152,221,509,276,22,83,295,150,114,155,93,188,128,134,338,384,718,143,274,64,279,272,46,135,272,166,48,225,100,208,240,167,265,116,198
537,459,209,90,518,122,445,166,163,218,444,598,896,327,247,293,377,938,486,58,295,264,287,210,298,124,372,254,244,651,761,1369,257,480,122,538,470,89,253,541,363,123,418,202,373,473,314,567,174,314
345,263,107,50,296,78,273,98,112,131,297,358,527,191,159,179,198,543,284,33,150,287,101,117,181,85,197,141,138,366,433,860,156,262,56,281,254,49,159,295,198,66,232,97,218,267,167,333,124,194
216,175,79,30,224,52,173,55,65,81,168,242,345,111,123,127,144,355,190,26,114,210,117,45,125,53,148,85,104,261,319,567,103,203,48,224,180,37,93,231,134,41,158,74,145,165,118,188,65,116
360,271,144,57,363,62,293,114,117,145,285,364,584,236,171,172,242,594,337,34,155,298,181,125,90,81,198,156,188,427,514,939,165,309,68,351,291,64,180,365,210,89,268,118,232,292,165,340,110,223
143,110,38,18,124,33,119,32,40,68,131,140,244,79,65,74,92,222,133,14,93,124,85,53,81,11,69,55,60,156,180,371,68,125,17,143,122,19,64,135,81,32,103,50,102,109,73,146,51,98
379,289,118,71,353,88,325,97,102,165,315,358,613,245,178,180,238,607,343,36,188,372,197,148,198,69,94,150,165,406,491,958,206,328,60,345,342,58,170,363,212,84,282,122,283,302,201,368,119,234
280,185,94,45,238,64,233,87,71,99,201,274,441,150,124,142,164,417,237,37,128,254,141,85,156,55,150,60,117,297,349,683,147,226,45,229,231,46,120,272,165,46,183,89,190,206,150,250,84,142
311,218,95,40,243,62,196,98,88,118,222,266,443,164,138,139,182,448,238,22,134,244,138,104,188,60,165,117,55,310,380,707,116,237,48,258,204,29,137,255,155,62,192,75,189,213,172,255,96,180
630,549,229,112,680,172,659,172,209,272,567,743,1167,388,301,331,509,1153,652,87,338,651,366,261,427,156,406,297,310,408,1006,1884,331,599,136,678,585,93,337,721,424,140,500,239,491,594,383,715,253,422
734,663,276,136,820,186,722,190,241,296,631,873,1376,487,391,430,586,1401,776,86,384,761,433,319,514,180,491,349,380,1006,542,2063,382,715,181,792,720,129,393,822,530,156,585,283,566,705,500,807,284,500
1195,1239,585,225,1485,270,1373,425,449,533,1179,1629,2462,870,766,804,1007,2519,1363,185,718,1369,860,567,939,371,958,683,707,1884,2063,1970,711,1272,329,1484,1326,233,724,1592,966,311,1080,557,1175,1320,908,1494,511,940
243,241,95,42,269,58,262,93,86,93,214,313,494,175,135,155,207,502,266,27,143,257,156,103,165,68,206,147,116,331,382,711,61,251,70,246,234,53,146,280,191,69,209,115,210,254,184,278,117,158
485,438,167,93,472,126,476,151,143,194,431,541,829,312,226,264,338,838,477,60,274,480,262,203,309,125,328,226,237,599,715,1272,251,198,115,512,416,75,259,521,314,97,339,185,372,447,295,547,158,337
116,97,44,13,129,16,97,25,32,46,100,126,229,61,57,59,80,227,122,15,64,122,56,48,68,17,60,45,48,136,181,329,70,115,6,126,98,28,58,111,72,31,84,46,85,114,72,133,42,87
543,426,196,92,552,122,491,154,156,194,465,613,968,308,255,297,350,992,507,65,279,538,281,224,351,143,345,229,258,678,792,1484,246,512,126,264,504,87,248,602,343,103,433,204,414,466,330,573,205,345
506,424,200,72,485,90,443,136,178,188,379,535,873,287,231,280,370,854,466,46,272,470,254,180,291,122,342,231,204,585,720,1326,234,416,98,504,209,70,237,516,324,101,365,206,369,431,288,520,166,330
92,69,28,12,80,24,85,26,35,27,67,101,157,44,42,43,72,152,97,9,46,89,49,37,64,19,58,46,29,93,129,233,53,75,28,87,70,8,36,95,54,14,75,39,70,73,50,87,34,54
236,199,104,48,257,55,239,63,72,92,191,281,460,163,132,128,173,486,259,41,135,253,159,93,180,64,170,120,137,337,393,724,146,259,58,248,237,36,60,253,156,60,197,92,212,226,186,258,98,169
462,477,197,102,590,122,509,140,166,245,448,606,978,368,284,301,401,977,543,63,272,541,295,231,365,135,363,272,255,721,822,1592,280,521,111,602,516,95,253,293,343,113,418,208,418,506,330,526,204,351
325,323,118,70,363,74,353,77,105,143,289,371,657,219,171,177,241,610,331,35,166,363,198,134,210,81,212,165,155,424,530,966,191,314,72,343,324,54,156,343,127,70,243,135,268,311,236,333,134,214
114,93,49,22,108,20,98,27,27,53,98,124,194,67,59,59,83,214,89,12,48,123,66,41,89,32,84,46,62,140,156,311,69,97,31,103,101,14,60,113,70,4,85,34,104,86,81,106,51,62
382,353,155,71,405,82,370,119,122,166,333,435,697,244,209,250,274,673,415,43,225,418,232,158,268,103,282,183,192,500,585,1080,209,339,84,433,365,75,197,418,243,85,145,157,317,350,232,405,126,266
171,159,83,37,198,40,205,60,65,92,163,244,355,129,96,124,132,372,175,26,100,202,97,74,118,50,122,89,75,239,283,557,115,185,46,204,206,39,92,208,135,34,157,41,133,191,115,208,85,117
448,380,148,76,434,90,375,122,126,162,315,452,759,256,218,214,299,753,380,39,208,373,218,145,232,102,283,190,189,491,566,1175,210,372,85,414,369,70,212,418,268,104,317,133,146,370,231,455,139,248
431,387,196,64,485,93,436,150,159,180,394,558,867,260,257,276,332,867,488,56,240,473,267,165,292,109,302,206,213,594,705,1320,254,447,114,466,431,73,226,506,311,86,350,191,370,223,346,481,186,297
358,300,115,60,316,70,277,117,108,141,282,352,605,192,153,157,241,572,334,38,167,314,167,118,165,73,201,150,172,383,500,908,184,295,72,330,288,50,186,330,236,81,232,115,231,346,82,363,121,215
473,461,205,95,587,107,507,155,190,204,460,578,965,347,295,338,372,951,557,72,265,567,333,188,340,146,368,250,255,715,807,1494,278,547,133,573,520,87,258,526,333,106,405,208,455,481,363,267,198,341
173,189,84,34,191,37,182,60,60,79,148,234,389,108,88,107,137,349,167,27,116,174,124,65,110,51,119,84,96,253,284,511,117,158,42,205,166,34,98,204,134,51,126,85,139,186,121,198,35,141
407,291,139,60,339,90,334,87,108,137,280,385,584,206,190,215,233,583,337,51,198,314,194,116,223,98,234,142,180,422,500,940,158,337,87,345,330,54,169,351,214,62,266,117,248,297,215,341,141,123
