259,471,212,102,517,110,526,183,183,226,415,517,893,380,355,350,383,868,509,72,329,531,341,204,359,149,352,260,268,649,726,1240,242,516,109,542,505,90,249,478,332,101,369,185,431,428,333,498,185,369
471,201,160,84,467,107,404,133,150,191,371,452,804,276,241,221,299,800,436,45,249,449,250,177,304,97,294,183,217,574,663,1254,233,393,86,426,427,83,210,477,277,98,350,181,381,404,300,469,171,295
212,160,39,32,197,38,204,58,66,98,174,249,374,141,105,103,160,380,188,20,95,215,110,71,125,52,119,104,106,249,313,597,121,197,46,214,190,40,104,238,148,35,161,57,142,181,118,227,87,142
102,84,32,7,82,23,82,30,30,32,72,91,141,63,42,44,55,150,73,8,39,96,46,36,67,38,70,42,47,110,132,225,47,85,22,95,82,12,44,99,53,11,52,29,69,78,60,72,33,63
517,467,197,82,261,114,483,150,155,230,473,607,909,345,255,284,374,905,533,65,285,545,281,212,337,141,362,231,241,697,812,1376,270,473,107,576,471,89,248,549,324,119,418,186,411,552,292,567,177,353
110,107,38,23,114,11,122,32,47,39,86,118,195,71,59,67,69,224,104,10,61,117,79,41,90,33,87,57,60,154,175,319,61,110,23,132,105,18,57,122,77,22,81,39,97,101,77,102,45,78
526,404,204,82,483,122,222,160,160,209,416,575,901,295,257,234,340,864,489,62,271,481,294,198,337,123,316,242,260,588,743,1367,287,449,123,524,437,94,250,517,322,108,370,190,384,430,323,474,190,344
183,133,58,30,150,32,160,28,51,60,135,169,261,94,73,85,95,273,161,24,85,187,85,66,111,43,115,75,86,174,226,405,66,157,31,153,158,33,83,187,100,33,111,51,122,145,102,152,56,102
183,150,66,30,155,47,160,51,21,69,165,183,330,104,83,95,113,317,188,28,90,181,90,71,94,42,112,81,90,208,277,470,86,162,40,167,151,33,75,180,119,39,121,53,119,170,112,175,58,119
226,191,98,32,230,39,209,60,69,44,154,214,356,144,125,121,168,326,200,30,132,202,125,85,124,53,162,101,89,266,292,539,101,178,35,213,189,35,104,210,151,41,159,82,172,185,114,206,54,132
415,371,174,72,473,86,416,135,165,154,182,460,728,318,249,246,327,785,449,57,241,433,249,164,285,100,313,218,214,534,616,1153,215,409,102,456,379,80,227,479,296,76,330,160,342,412,292,424,173,278
517,452,249,91,607,118,575,169,183,214,460,308,998,369,315,306,393,1050,564,77,305,559,350,224,379,146,359,266,280,748,893,1607,312,537,135,574,514,99,293,643,366,115,456,219,442,557,379,588,232,402
893,804,374,141,909,195,901,261,330,356,728,998,869,586,462,493,688,1579,921,104,482,955,542,371,604,238,633,429,446,1130,1422,2595,486,832,199,964,824,166,483,977,617,176,691,358,691,901,585,951,323,613
380,276,141,63,345,71,295,94,104,144,318,369,586,113,184,192,255,542,350,35,174,344,190,142,210,83,236,144,176,385,480,869,170,317,67,340,315,57,155,343,213,65,282,98,237,326,206,343,112,217
355,241,105,42,255,59,257,73,83,125,249,315,462,184,70,140,199,427,282,28,155,287,164,113,156,65,177,123,133,277,417,738,131,255,57,293,256,38,156,310,191,64,196,108,213,226,143,297,79,185
350,221,103,44,284,67,234,85,95,121,246,306,493,192,140,82,194,464,270,34,150,313,160,115,155,66,179,130,147,343,443,804,141,261,63,305,274,31,133,291,178,46,233,103,221,270,155,280,108,199
383,299,160,55,374,69,340,95,113,168,327,393,688,255,199,194,144,683,355,38,212,388,220,154,214,86,232,168,164,464,573,1036,212,363,83,379,357,66,183,409,258,68,275,143,295,346,237,388,149,240
868,800,380,150,905,224,864,273,317,326,785,1050,1579,542,427,464,683,856,906,125,467,968,530,349,594,210,578,426,451,1159,1401,2576,481,859,196,979,875,147,482,970,618,195,696,328,722,860,537,965,307,638
509,436,188,73,533,104,489,161,188,200,449,564,921,350,282,270,355,906,275,53,307,528,307,244,334,110,338,230,239,651,818,1460,284,492,129,546,475,90,247,569,349,130,391,191,418,480,327,516,195,364
72,45,20,8,65,10,62,24,28,30,57,77,104,35,28,34,38,125,53,6,29,71,34,19,48,10,39,29,37,77,92,190,45,70,14,52,50,14,26,64,41,13,58,20,54,60,47,61,25,41
329,249,95,39,285,61,271,85,90,132,241,305,482,174,155,150,212,467,307,29,70,312,163,117,175,74,201,111,148,336,430,800,164,256,64,300,249,45,139,294,189,52,248,99,222,249,181,298,120,175
531,449,215,96,545,117,481,187,181,202,433,559,955,344,287,313,388,968,528,71,312,267,334,223,336,117,334,242,254,659,784,1442,280,507,118,577,454,87,257,559,344,117,414,178,400,498,347,532,191,345
341,250,110,46,281,79,294,85,90,125,249,350,542,190,164,160,220,530,307,34,163,334,85,101,169,52,200,131,158,343,474,855,165,317,49,280,296,51,152,321,225,66,222,108,211,262,176,322,100,199
204,177,71,36,212,41,198,66,71,85,164,224,371,142,113,115,154,349,244,19,117,223,101,49,138,59,126,104,105,241,332,575,98,182,47,219,180,42,110,195,123,50,159,71,150,205,123,208,85,151
359,304,125,67,337,90,337,111,94,124,285,379,604,210,156,155,214,594,334,48,175,336,169,138,107,66,207,144,158,402,482,929,176,303,72,375,328,55,171,357,233,81,276,148,248,285,195,317,113,217
149,97,52,38,141,33,123,43,42,53,100,146,238,83,65,66,86,210,110,10,74,117,52,59,66,19,79,56,69,165,187,332,73,113,30,130,123,26,58,131,74,27,102,53,95,114,71,116,49,86
352,294,119,70,362,87,316,115,112,162,313,359,633,236,177,179,232,578,338,39,201,334,200,126,207,79,111,147,174,409,517,937,180,317,76,333,322,67,161,362,210,70,246,149,275,323,215,331,135,227
260,183,104,42,231,57,242,75,81,101,218,266,429,144,123,130,168,426,230,29,111,242,131,104,144,56,147,46,120,288,321,617,106,227,40,224,228,45,101,238,158,53,199,78,203,210,134,249,92,168
268,217,106,47,241,60,260,86,90,89,214,280,446,176,133,147,164,451,239,37,148,254,158,105,158,69,174,120,62,291,362,695,126,230,67,229,262,41,141,256,160,46,173,68,212,216,165,254,105,178
649,574,249,110,697,154,588,174,208,266,534,748,1130,385,277,343,464,1159,651,77,336,659,343,241,402,165,409,288,291,406,1026,1870,365,605,142,695,588,121,307,695,417,133,490,212,486,582,409,688,237,444
726,663,313,132,812,175,743,226,277,292,616,893,1422,480,417,443,573,1401,818,92,430,784,474,332,482,187,517,321,362,1026,582,2156,420,731,190,809,729,154,381,885,526,157,613,287,597,726,515,809,275,519
1240,1254,597,225,1376,319,1367,405,470,539,1153,1607,2595,869,738,804,1036,2576,1460,190,800,1442,855,575,929,332,937,617,695,1870,2156,2134,776,1327,367,1562,1287,241,711,1603,977,289,1037,561,1093,1356,892,1448,537,892
242,233,121,47,270,61,287,66,86,101,215,312,486,170,131,141,212,481,284,45,164,280,165,98,176,73,180,106,126,365,420,776,76,270,62,305,267,45,124,315,206,56,210,127,198,229,176,305,90,182
516,393,197,85,473,110,449,157,162,178,409,537,832,317,255,261,363,859,492,70,256,507,317,182,303,113,317,227,230,605,731,1327,270,236,99,502,452,88,236,482,310,106,372,168,367,439,296,435,176,345
109,86,46,22,107,23,123,31,40,35,102,135,199,67,57,63,83,196,129,14,64,118,49,47,72,30,76,40,67,142,190,367,62,99,14,125,103,24,71,134,90,23,90,36,99,107,71,122,43,69
542,426,214,95,576,132,524,153,167,213,456,574,964,340,293,305,379,979,546,52,300,577,280,219,375,130,333,224,229,695,809,1562,305,502,125,261,517,76,291,582,366,112,404,206,467,494,358,583,223,355
505,427,190,82,471,105,437,158,151,189,379,514,824,315,256,274,357,875,475,50,249,454,296,180,328,123,322,228,262,588,729,1287,267,452,103,517,231,81,256,511,307,89,386,164,376,443,292,455,181,315
90,83,40,12,89,18,94,33,33,35,80,99,166,57,38,31,66,147,90,14,45,87,51,42,55,26,67,45,41,121,154,241,45,88,24,76,81,4,51,110,65,18,64,22,67,64,44,100,31,59
249,210,104,44,248,57,250,83,75,104,227,293,483,155,156,133,183,482,247,26,139,257,152,110,171,58,161,101,141,307,381,711,124,236,71,291,256,51,67,270,153,60,190,101,198,268,158,248,98,176
478,477,238,99,549,122,517,187,180,210,479,643,977,343,310,291,409,970,569,64,294,559,321,195,357,131,362,238,256,695,885,1603,315,482,134,582,511,110,270,271,352,123,415,207,408,530,362,538,209,389
332,277,148,53,324,77,322,100,119,151,296,366,617,213,191,178,258,618,349,41,189,344,225,123,233,74,210,158,160,417,526,977,206,310,90,366,307,65,153,352,91,76,263,146,255,331,236,337,147,231
101,98,35,11,119,22,108,33,39,41,76,115,176,65,64,46,68,195,130,13,52,117,66,50,81,27,70,53,46,133,157,289,56,106,23,112,89,18,60,123,76,10,75,39,83,80,80,106,51,75
369,350,161,52,418,81,370,111,121,159,330,456,691,282,196,233,275,696,391,58,248,414,222,159,276,102,246,199,173,490,613,1037,210,372,90,404,386,64,190,415,263,75,117,148,334,386,273,393,126,273
185,181,57,29,186,39,190,51,53,82,160,219,358,98,108,103,143,328,191,20,99,178,108,71,148,53,149,78,68,212,287,561,127,168,36,206,164,22,101,207,146,39,148,26,153,185,125,233,77,129
431,381,142,69,411,97,384,122,119,172,342,442,691,237,213,221,295,722,418,54,222,400,211,150,248,95,275,203,212,486,597,1093,198,367,99,467,376,67,198,408,255,83,334,153,157,382,244,395,151,268
428,404,181,78,552,101,430,145,170,185,412,557,901,326,226,270,346,860,480,60,249,498,262,205,285,114,323,210,216,582,726,1356,229,439,107,494,443,64,268,530,331,80,386,185,382,218,307,512,179,324
333,300,118,60,292,77,323,102,112,114,292,379,585,206,143,155,237,537,327,47,181,347,176,123,195,71,215,134,165,409,515,892,176,296,71,358,292,44,158,362,236,80,273,125,244,307,78,343,108,215
498,469,227,72,567,102,474,152,175,206,424,588,951,343,297,280,388,965,516,61,298,532,322,208,317,116,331,249,254,688,809,1448,305,435,122,583,455,100,248,538,337,106,393,233,395,512,343,270,182,347
185,171,87,33,177,45,190,56,58,54,173,232,323,112,79,108,149,307,195,25,120,191,100,85,113,49,135,92,105,237,275,537,90,176,43,223,181,31,98,209,147,51,126,77,151,179,108,182,35,119
369,295,142,63,353,78,344,102,119,132,278,402,613,217,185,199,240,638,364,41,175,345,199,151,217,86,227,168,178,444,519,892,182,345,69,355,315,59,176,389,231,75,273,129,268,324,215,347,119,112
