245,456,207,96,507,113,500,162,173,229,441,503,793,376,324,351,369,827,518,63,333,527,364,199,362,147,367,260,291,598,661,1207,243,495,110,502,516,85,244,471,309,106,362,179,439,386,335,516,181,393
456,180,160,58,444,89,371,127,122,171,368,464,808,271,226,256,341,825,489,53,245,466,254,175,274,107,278,182,245,547,683,1204,243,416,113,468,369,71,240,483,263,89,354,177,332,414,257,453,173,287
207,160,34,37,218,47,185,59,72,84,186,223,360,127,96,116,167,377,180,23,106,198,103,73,114,58,127,103,91,254,286,586,103,185,42,201,212,29,116,226,121,41,145,72,155,173,120,216,71,124
96,58,37,7,84,15,79,25,30,36,67,80,133,68,56,58,65,140,95,8,52,91,63,43,56,27,60,33,55,101,123,202,44,93,16,94,74,13,47,78,51,14,63,27,71,82,44,100,28,59
507,444,218,84,262,119,491,164,154,204,403,565,916,332,260,309,321,899,535,65,272,533,297,206,349,134,353,233,273,658,776,1410,252,465,107,549,466,90,274,546,338,117,344,201,409,453,327,536,161,368
113,89,47,15,119,11,107,37,37,48,84,120,184,84,57,72,84,195,124,14,72,125,74,48,69,31,81,54,69,147,172,307,65,121,32,124,106,16,56,102,65,25,65,37,81,110,67,111,45,86
500,371,185,79,491,107,237,150,159,196,402,537,829,333,249,307,328,838,476,59,260,489,270,203,321,141,340,230,246,632,750,1296,248,476,117,515,432,69,259,498,317,107,341,177,384,441,317,471,186,325
162,127,59,25,164,37,150,27,64,68,140,160,297,79,87,86,101,287,149,20,89,145,105,62,89,49,109,61,81,175,202,447,85,144,28,162,149,17,83,164,92,29,117,54,125,137,89,175,55,103
173,122,72,30,154,37,159,64,24,57,136,183,294,114,93,92,133,266,182,20,79,198,116,79,125,43,109,72,74,203,272,448,94,149,36,163,178,26,89,173,107,39,125,69,161,140,125,177,55,115
229,171,84,36,204,48,196,68,57,39,157,221,367,128,121,119,153,371,201,26,118,192,143,75,147,60,130,112,96,247,308,530,114,206,47,226,221,35,106,234,127,33,146,65,172,176,141,221,80,138
441,368,186,67,403,84,402,140,136,157,189,447,799,279,256,271,343,763,441,54,254,461,261,173,282,110,271,214,227,555,663,1199,240,389,89,460,405,68,194,465,286,66,301,168,336,372,269,440,151,299
503,464,223,80,565,120,537,160,183,221,447,300,1057,366,280,294,380,1002,605,77,332,567,334,235,355,137,412,235,260,747,851,1652,323,510,134,566,534,79,281,636,388,133,431,208,415,501,318,561,214,400
793,808,360,133,916,184,829,297,294,367,799,1057,849,585,452,527,657,1573,945,134,504,899,518,332,596,237,618,443,448,1151,1353,2435,504,840,237,956,810,152,486,944,618,191,685,352,717,842,588,930,353,567
376,271,127,68,332,84,333,79,114,128,279,366,585,106,183,206,221,600,315,42,180,315,183,136,191,93,206,157,152,430,485,895,193,309,71,342,309,49,171,335,225,66,212,139,236,305,206,323,121,202
324,226,96,56,260,57,249,87,93,121,256,280,452,183,72,156,195,475,269,25,152,253,162,109,163,71,179,120,122,320,392,745,169,235,55,261,264,47,130,275,160,54,197,98,228,236,171,289,88,171
351,256,116,58,309,72,307,86,92,119,271,294,527,206,156,97,228,513,284,34,163,264,175,128,199,72,207,109,136,361,427,821,173,272,67,316,288,47,149,327,178,63,219,108,250,254,193,330,96,194
369,341,167,65,321,84,328,101,133,153,343,380,657,221,195,228,141,650,394,49,205,388,216,134,220,89,217,171,186,458,562,1006,205,350,91,368,315,63,180,389,234,76,270,136,250,311,231,383,129,263
827,825,377,140,899,195,838,287,266,371,763,1002,1573,600,475,513,650,879,929,127,502,895,493,361,615,208,618,453,437,1081,1340,2470,497,830,199,970,758,142,469,954,590,182,688,328,718,875,566,930,329,569
518,489,180,95,535,124,476,149,182,201,441,605,945,315,269,284,394,929,290,70,280,517,320,213,349,122,331,250,262,668,772,1430,252,528,102,584,488,86,264,559,318,89,378,182,385,500,312,503,177,387
63,53,23,8,65,14,59,20,20,26,54,77,134,42,25,34,49,127,70,3,34,71,33,28,42,12,38,19,38,86,117,194,29,61,16,80,61,9,31,72,39,9,41,22,59,69,37,81,19,42
333,245,106,52,272,72,260,89,79,118,254,332,504,180,152,163,205,502,280,34,75,257,171,130,162,75,182,129,135,329,394,792,160,236,52,282,296,35,134,306,194,43,231,118,211,278,158,300,101,189
527,466,198,91,533,125,489,145,198,192,461,567,899,315,253,264,388,895,517,71,257,265,293,233,356,147,361,249,243,689,793,1467,254,528,99,569,471,94,273,535,346,101,377,186,376,485,322,508,173,360
364,254,103,63,297,74,270,105,116,143,261,334,518,183,162,175,216,493,320,33,171,293,95,127,173,61,182,134,130,347,463,798,147,299,61,307,260,46,129,287,191,69,241,120,199,283,199,295,105,191
199,175,73,43,206,48,203,62,79,75,173,235,332,136,109,128,134,361,213,28,130,233,127,29,141,53,125,104,93,246,318,567,103,203,49,222,190,32,104,193,143,38,145,77,148,182,137,200,84,131
362,274,114,56,349,69,321,89,125,147,282,355,596,191,163,199,220,615,349,42,162,356,173,141,89,91,222,139,172,436,511,916,171,308,62,349,284,45,140,353,211,59,269,142,222,294,192,346,125,215
147,107,58,27,134,31,141,49,43,60,110,137,237,93,71,72,89,208,122,12,75,147,61,53,91,20,80,67,68,148,211,366,73,111,27,131,143,11,71,140,84,23,102,44,111,113,82,124,54,78
367,278,127,60,353,81,340,109,109,130,271,412,618,206,179,207,217,618,331,38,182,361,182,125,222,80,106,160,164,423,562,894,190,313,78,345,319,45,171,359,227,62,270,138,267,332,215,354,121,213
260,182,103,33,233,54,230,61,72,112,214,235,443,157,120,109,171,453,250,19,129,249,134,104,139,67,160,39,115,273,365,684,128,193,41,223,224,32,116,263,157,41,178,82,181,227,126,249,81,160
291,245,91,55,273,69,246,81,74,96,227,260,448,152,122,136,186,437,262,38,135,243,130,93,172,68,164,115,73,336,370,687,128,228,53,261,242,50,133,280,159,53,184,87,180,229,135,282,92,170
598,547,254,101,658,147,632,175,203,247,555,747,1151,430,320,361,458,1081,668,86,329,689,347,246,436,148,423,273,336,390,1006,1731,336,585,135,656,534,113,322,670,413,129,470,241,487,585,404,666,212,402
661,683,286,123,776,172,750,202,272,308,663,851,1353,485,392,427,562,1340,772,117,394,793,463,318,511,211,562,365,370,1006,570,2136,408,714,159,781,733,137,386,799,460,162,601,287,639,726,452,808,254,487
1207,1204,586,202,1410,307,1296,447,448,530,1199,1652,2435,895,745,821,1006,2470,1430,194,792,1467,798,567,916,366,894,684,687,1731,2136,1918,706,1350,320,1575,1230,244,725,1503,947,297,1054,543,1113,1293,880,1411,517,883
243,243,103,44,252,65,248,85,94,114,240,323,504,193,169,173,205,497,252,29,160,254,147,103,171,73,190,128,128,336,408,706,64,252,57,279,238,60,144,255,160,64,219,107,232,225,177,276,109,174
495,416,185,93,465,121,476,144,149,206,389,510,840,309,235,272,350,830,528,61,236,528,299,203,308,111,313,193,228,585,714,1350,252,212,113,487,463,74,236,504,305,92,325,174,372,424,310,524,178,324
110,113,42,16,107,32,117,28,36,47,89,134,237,71,55,67,91,199,102,16,52,99,61,49,62,27,78,41,53,135,159,320,57,113,9,115,110,17,52,105,66,28,75,47,96,109,60,104,37,91
502,468,201,94,549,124,515,162,163,226,460,566,956,342,261,316,368,970,584,80,282,569,307,222,349,131,345,223,261,656,781,1575,279,487,115,251,531,93,267,579,343,124,384,189,406,473,315,507,206,366
516,369,212,74,466,106,432,149,178,221,405,534,810,309,264,288,315,758,488,61,296,471,260,190,284,143,319,224,242,534,733,1230,238,463,110,531,220,66,246,478,313,106,335,190,369,457,282,492,179,327
85,71,29,13,90,16,69,17,26,35,68,79,152,49,47,47,63,142,86,9,35,94,46,32,45,11,45,32,50,113,137,244,60,74,17,93,66,4,44,94,51,17,60,30,67,82,50,85,38,54
244,240,116,47,274,56,259,83,89,106,194,281,486,171,130,149,180,469,264,31,134,273,129,104,140,71,171,116,133,322,386,725,144,236,52,267,246,44,70,262,178,49,181,79,204,214,146,239,85,154
471,483,226,78,546,102,498,164,173,234,465,636,944,335,275,327,389,954,559,72,306,535,287,193,353,140,359,263,280,670,799,1503,255,504,105,579,478,94,262,288,361,124,386,179,383,519,343,526,195,346
309,263,121,51,338,65,317,92,107,127,286,388,618,225,160,178,234,590,318,39,194,346,191,143,211,84,227,157,159,413,460,947,160,305,66,343,313,51,178,361,109,66,257,117,273,287,210,318,118,211
106,89,41,14,117,25,107,29,39,33,66,133,191,66,54,63,76,182,89,9,43,101,69,38,59,23,62,41,53,129,162,297,64,92,28,124,106,17,49,124,66,7,75,30,86,97,59,119,40,73
362,354,145,63,344,65,341,117,125,146,301,431,685,212,197,219,270,688,378,41,231,377,241,145,269,102,270,178,184,470,601,1054,219,325,75,384,335,60,181,386,257,75,143,159,323,342,254,413,128,258
179,177,72,27,201,37,177,54,69,65,168,208,352,139,98,108,136,328,182,22,118,186,120,77,142,44,138,82,87,241,287,543,107,174,47,189,190,30,79,179,117,30,159,46,169,184,119,186,82,137
439,332,155,71,409,81,384,125,161,172,336,415,717,236,228,250,250,718,385,59,211,376,199,148,222,111,267,181,180,487,639,1113,232,372,96,406,369,67,204,383,273,86,323,169,144,381,243,387,172,248
386,414,173,82,453,110,441,137,140,176,372,501,842,305,236,254,311,875,500,69,278,485,283,182,294,113,332,227,229,585,726,1293,225,424,109,473,457,82,214,519,287,97,342,184,381,242,276,500,174,281
335,257,120,44,327,67,317,89,125,141,269,318,588,206,171,193,231,566,312,37,158,322,199,137,192,82,215,126,135,404,452,880,177,310,60,315,282,50,146,343,210,59,254,119,243,276,93,337,129,198
516,453,216,100,536,111,471,175,177,221,440,561,930,323,289,330,383,930,503,81,300,508,295,200,346,124,354,249,282,666,808,1411,276,524,104,507,492,85,239,526,318,119,413,186,387,500,337,255,178,335
181,173,71,28,161,45,186,55,55,80,151,214,353,121,88,96,129,329,177,19,101,173,105,84,125,54,121,81,92,212,254,517,109,178,37,206,179,38,85,195,118,40,128,82,172,174,129,178,40,123
393,287,124,59,368,86,325,103,115,138,299,400,567,202,171,194,263,569,387,42,189,360,191,131,215,78,213,160,170,402,487,883,174,324,91,366,327,54,154,346,211,73,258,137,248,281,198,335,123,106
