285,454,212,75,479,111,505,145,164,257,459,551,861,390,309,361,384,852,549,66,328,559,353,193,374,153,387,259,290,629,745,1194,268,479,114,553,534,97,248,447,342,123,396,174,460,451,360,513,158,374
454,193,160,67,410,96,447,126,152,168,382,492,788,299,219,196,337,831,448,55,233,463,270,178,284,116,291,205,196,530,647,1288,252,393,84,480,394,73,226,453,279,88,332,156,342,414,272,476,168,287
212,160,41,34,193,40,195,59,57,72,171,221,345,123,117,111,136,348,210,32,96,197,110,84,128,57,131,81,86,236,288,584,108,188,49,204,201,33,106,234,119,32,162,74,162,207,126,205,77,137
75,67,34,4,85,11,81,28,27,30,87,87,149,61,47,49,55,156,88,17,50,82,56,32,51,26,49,39,44,106,111,225,44,86,29,95,75,12,55,84,54,22,62,21,67,72,49,95,27,49
479,410,193,85,263,124,549,150,183,208,421,562,934,318,283,305,362,902,503,72,281,533,314,209,341,135,336,244,237,644,789,1435,291,513,100,540,498,80,232,617,356,111,364,214,428,481,316,559,184,373
111,96,40,11,124,9,103,28,41,50,107,130,203,83,58,62,62,205,95,17,59,98,75,47,64,41,85,59,62,154,166,317,51,105,37,95,107,12,64,107,79,25,81,38,89,96,76,111,43,79
505,447,195,81,549,103,232,154,147,199,408,561,872,347,258,295,341,905,505,69,255,493,297,219,303,108,295,231,228,629,730,1344,260,451,97,529,481,90,234,497,280,105,373,184,406,441,308,508,175,348
145,126,59,28,150,28,154,24,42,66,130,157,268,105,90,98,104,279,147,10,82,149,83,62,110,39,102,64,63,191,239,416,85,125,32,148,119,21,96,139,92,36,108,42,112,134,103,166,49,100
164,152,57,27,183,41,147,42,21,68,153,171,320,95,78,91,110,305,170,19,90,156,97,67,107,36,113,67,85,212,235,499,100,163,43,177,143,40,80,197,113,34,112,55,125,156,96,145,61,117
257,168,72,30,208,50,199,66,68,49,179,201,325,154,129,146,150,347,207,29,116,205,119,99,133,56,138,112,108,247,284,567,118,207,34,229,188,36,96,215,120,40,143,83,180,175,136,200,76,154
459,382,171,87,421,107,408,130,153,179,185,472,751,295,260,277,328,765,413,48,248,408,264,184,292,108,290,215,226,518,644,1161,219,434,78,467,408,78,186,438,271,92,312,157,390,392,255,426,162,316
551,492,221,87,562,130,561,157,171,201,472,322,1018,317,273,318,386,1035,565,76,308,528,352,224,352,144,410,261,266,705,866,1618,329,524,124,635,530,79,295,651,389,120,426,207,446,555,352,610,205,393
861,788,345,149,934,203,872,268,320,325,751,1018,831,563,485,519,631,1444,890,116,485,895,578,354,604,235,610,413,481,1190,1401,2474,505,863,227,973,830,150,473,1002,585,157,703,333,683,850,592,940,338,612
390,299,123,61,318,83,347,105,95,154,295,317,563,121,190,190,247,585,318,40,184,334,179,123,193,72,197,151,153,405,494,908,185,317,67,355,340,58,164,374,203,74,274,131,239,321,197,358,108,242
309,219,117,47,283,58,258,90,78,129,260,273,485,190,73,131,187,457,270,40,168,275,150,104,149,69,173,113,121,319,388,688,127,230,53,269,261,54,136,318,172,55,212,112,184,247,160,258,88,172
361,196,111,49,305,62,295,98,91,146,277,318,519,190,131,73,212,494,294,35,166,310,146,116,172,67,187,108,134,338,441,810,157,259,66,302,258,44,153,309,163,61,242,106,230,272,186,317,94,209
384,337,136,55,362,62,341,104,110,150,328,386,631,247,187,212,119,645,359,42,209,375,217,154,255,92,253,155,168,478,568,994,200,329,80,351,340,49,185,413,229,72,286,128,297,321,235,385,130,262
852,831,348,156,902,205,905,279,305,347,765,1035,1444,585,457,494,645,841,921,133,490,930,539,354,622,237,623,430,498,1185,1416,2515,507,850,221,955,857,162,490,1030,610,173,696,328,764,841,616,929,351,664
549,448,210,88,503,95,505,147,170,207,413,565,890,318,270,294,359,921,279,65,268,509,313,197,324,143,338,229,262,661,833,1403,303,491,97,547,472,80,233,548,329,97,396,194,409,464,330,508,206,343
66,55,32,17,72,17,69,10,19,29,48,76,116,40,40,35,42,133,65,4,29,61,46,33,39,20,39,28,36,76,99,202,51,76,13,66,73,7,27,74,39,10,43,20,54,65,33,63,31,46
328,233,96,50,281,59,255,82,90,116,248,308,485,184,168,166,209,490,268,29,81,290,178,112,175,81,212,136,151,340,425,796,150,244,59,275,255,46,145,277,193,74,212,117,236,267,164,267,98,175
559,463,197,82,533,98,493,149,156,205,408,528,895,334,275,310,375,930,509,61,290,255,308,214,353,128,357,223,266,655,727,1412,285,480,89,548,502,91,242,575,373,93,419,186,407,483,303,536,190,336
353,270,110,56,314,75,297,83,97,119,264,352,578,179,150,146,217,539,313,46,178,308,88,126,204,62,198,131,120,390,457,827,159,280,59,272,270,39,156,340,189,66,232,120,225,318,176,328,106,210
193,178,84,32,209,47,219,62,67,99,184,224,354,123,104,116,154,354,197,33,112,214,126,37,124,49,130,102,93,247,293,591,110,213,41,215,188,34,95,217,127,46,142,75,157,212,127,231,59,145
374,284,128,51,341,64,303,110,107,133,292,352,604,193,149,172,255,622,324,39,175,353,204,124,118,70,195,135,146,404,479,941,170,295,83,357,303,53,183,327,208,63,264,119,239,307,214,339,130,224
153,116,57,26,135,41,108,39,36,56,108,144,235,72,69,67,92,237,143,20,81,128,62,49,70,17,74,47,66,160,179,385,80,135,24,120,115,13,71,120,72,22,91,37,109,126,75,136,52,88
387,291,131,49,336,85,295,102,113,138,290,410,610,197,173,187,253,623,338,39,212,357,198,130,195,74,103,150,154,408,511,1001,180,338,64,364,315,31,171,344,215,59,248,112,262,337,202,329,123,224
259,205,81,39,244,59,231,64,67,112,215,261,413,151,113,108,155,430,229,28,136,223,131,102,135,47,150,56,109,255,339,676,138,248,64,234,216,34,120,269,158,44,186,87,184,213,152,232,101,165
290,196,86,44,237,62,228,63,85,108,226,266,481,153,121,134,168,498,262,36,151,266,120,93,146,66,154,109,59,328,402,721,133,241,57,256,221,45,118,251,138,47,177,91,174,246,156,282,80,157
629,530,236,106,644,154,629,191,212,247,518,705,1190,405,319,338,478,1185,661,76,340,655,390,247,404,160,408,255,328,388,1010,1820,382,606,157,692,628,116,316,747,435,115,499,252,490,564,402,668,258,436
745,647,288,111,789,166,730,239,235,284,644,866,1401,494,388,441,568,1416,833,99,425,727,457,293,479,179,511,339,402,1010,574,2115,409,730,152,837,714,129,403,806,556,164,613,310,581,669,505,755,269,513
1194,1288,584,225,1435,317,1344,416,499,567,1161,1618,2474,908,688,810,994,2515,1403,202,796,1412,827,591,941,385,1001,676,721,1820,2115,2000,766,1283,317,1534,1271,256,701,1472,943,278,1057,551,1128,1275,935,1400,455,948
268,252,108,44,291,51,260,85,100,118,219,329,505,185,127,157,200,507,303,51,150,285,159,110,170,80,180,138,133,382,409,766,76,254,74,299,246,54,152,269,194,44,236,121,213,248,193,274,108,175
479,393,188,86,513,105,451,125,163,207,434,524,863,317,230,259,329,850,491,76,244,480,280,213,295,135,338,248,241,606,730,1283,254,236,124,505,419,78,232,489,314,102,383,179,348,446,284,491,186,317
114,84,49,29,100,37,97,32,43,34,78,124,227,67,53,66,80,221,97,13,59,89,59,41,83,24,64,64,57,157,152,317,74,124,14,102,123,16,60,108,84,21,92,40,82,105,54,106,45,67
553,480,204,95,540,95,529,148,177,229,467,635,973,355,269,302,351,955,547,66,275,548,272,215,357,120,364,234,256,692,837,1534,299,505,102,267,451,81,270,550,363,135,443,199,447,518,342,580,208,337
534,394,201,75,498,107,481,119,143,188,408,530,830,340,261,258,340,857,472,73,255,502,270,188,303,115,315,216,221,628,714,1271,246,419,123,451,220,71,242,496,315,108,345,168,366,408,278,500,184,301
97,73,33,12,80,12,90,21,40,36,78,79,150,58,54,44,49,162,80,7,46,91,39,34,53,13,31,34,45,116,129,256,54,78,16,81,71,8,26,108,48,18,57,41,70,89,64,81,44,47
248,226,106,55,232,64,234,96,80,96,186,295,473,164,136,153,185,490,233,27,145,242,156,95,183,71,171,120,118,316,403,701,152,232,60,270,242,26,68,258,179,44,186,85,190,229,172,264,102,161
447,453,234,84,617,107,497,139,197,215,438,651,1002,374,318,309,413,1030,548,74,277,575,340,217,327,120,344,269,251,747,806,1472,269,489,108,550,496,108,258,290,331,125,412,203,417,538,359,595,201,387
342,279,119,54,356,79,280,92,113,120,271,389,585,203,172,163,229,610,329,39,193,373,189,127,208,72,215,158,138,435,556,943,194,314,84,363,315,48,179,331,100,82,262,125,247,303,223,360,118,200
123,88,32,22,111,25,105,36,34,40,92,120,157,74,55,61,72,173,97,10,74,93,66,46,63,22,59,44,47,115,164,278,44,102,21,135,108,18,44,125,82,9,97,37,74,86,78,107,33,82
396,332,162,62,364,81,373,108,112,143,312,426,703,274,212,242,286,696,396,43,212,419,232,142,264,91,248,186,177,499,613,1057,236,383,92,443,345,57,186,412,262,97,142,144,289,355,243,377,136,252
174,156,74,21,214,38,184,42,55,83,157,207,333,131,112,106,128,328,194,20,117,186,120,75,119,37,112,87,91,252,310,551,121,179,40,199,168,41,85,203,125,37,144,46,149,182,120,208,70,118
460,342,162,67,428,89,406,112,125,180,390,446,683,239,184,230,297,764,409,54,236,407,225,157,239,109,262,184,174,490,581,1128,213,348,82,447,366,70,190,417,247,74,289,149,142,366,247,407,147,269
451,414,207,72,481,96,441,134,156,175,392,555,850,321,247,272,321,841,464,65,267,483,318,212,307,126,337,213,246,564,669,1275,248,446,105,518,408,89,229,538,303,86,355,182,366,219,305,477,181,288
360,272,126,49,316,76,308,103,96,136,255,352,592,197,160,186,235,616,330,33,164,303,176,127,214,75,202,152,156,402,505,935,193,284,54,342,278,64,172,359,223,78,243,120,247,305,98,328,108,224
513,476,205,95,559,111,508,166,145,200,426,610,940,358,258,317,385,929,508,63,267,536,328,231,339,136,329,232,282,668,755,1400,274,491,106,580,500,81,264,595,360,107,377,208,407,477,328,261,182,359
158,168,77,27,184,43,175,49,61,76,162,205,338,108,88,94,130,351,206,31,98,190,106,59,130,52,123,101,80,258,269,455,108,186,45,208,184,44,102,201,118,33,136,70,147,181,108,182,35,109
374,287,137,49,373,79,348,100,117,154,316,393,612,242,172,209,262,664,343,46,175,336,210,145,224,88,224,165,157,436,513,948,175,317,67,337,301,47,161,387,200,82,252,118,269,288,224,359,109,113
