262,427,194,85,501,106,518,193,189,273,455,496,822,373,306,327,356,795,540,63,325,506,370,232,333,128,381,277,303,628,683,1144,226,490,101,498,517,83,285,485,330,114,369,173,422,406,310,478,170,383
427,174,157,72,455,110,397,131,138,174,374,459,830,268,229,221,320,803,415,50,223,445,260,177,292,114,281,198,210,538,662,1203,236,385,98,503,384,77,228,442,274,82,346,143,331,365,265,425,163,293
194,157,40,33,214,47,198,56,68,78,176,236,376,132,110,129,131,369,186,23,101,205,119,70,142,52,146,89,75,225,295,552,117,202,45,184,199,30,94,232,143,48,164,66,157,159,109,189,76,133
85,72,33,8,94,16,89,27,26,43,68,83,131,72,51,39,50,126,79,5,52,81,52,31,49,21,59,38,43,115,109,213,48,77,14,75,66,19,35,64,49,20,54,37,71,60,56,83,21,53
501,455,214,94,237,119,510,146,148,210,416,533,902,304,270,295,364,940,505,51,310,514,310,197,356,144,342,250,259,613,760,1457,281,487,128,534,473,83,285,499,358,119,396,205,407,463,353,507,195,354
106,110,47,16,119,14,115,39,33,43,91,132,196,78,72,61,70,173,104,11,68,103,68,42,85,32,88,47,58,139,161,281,49,109,25,100,90,19,51,107,64,22,77,49,105,90,69,117,43,72
518,397,198,89,510,115,219,147,159,213,418,530,844,339,271,300,301,856,483,52,261,487,301,190,343,119,322,244,246,622,690,1250,248,398,120,552,411,83,241,485,311,98,356,169,385,392,314,491,177,310
193,131,56,27,146,39,147,15,43,80,163,172,278,93,95,99,121,267,164,17,96,170,88,64,96,35,99,68,78,184,235,407,89,144,34,139,161,28,62,163,107,23,101,62,118,146,89,147,63,109
189,138,68,26,148,33,159,43,21,66,124,174,266,113,93,88,103,296,163,15,84,174,91,65,110,40,105,75,69,182,267,453,85,158,41,161,142,26,83,166,111,33,100,60,125,153,105,171,65,98
273,174,78,43,210,43,213,80,66,51,191,232,378,125,113,117,137,372,195,32,121,188,130,79,123,48,121,104,95,246,280,602,127,184,32,196,189,24,115,197,140,49,158,91,155,192,135,197,67,145
455,374,176,68,416,91,418,163,124,191,191,438,728,276,221,231,321,733,413,64,247,421,246,161,267,106,255,204,224,504,637,1186,230,420,85,421,375,62,254,426,278,90,314,163,323,355,309,400,134,284
496,459,236,83,533,132,530,172,174,232,438,322,986,351,298,320,388,1011,575,51,330,569,317,192,337,135,365,245,258,726,880,1543,309,477,127,584,542,97,286,565,397,114,398,211,410,512,347,620,193,373
822,830,376,131,902,196,844,278,266,378,728,986,790,548,461,515,628,1410,923,109,514,948,539,360,595,220,631,427,495,1132,1336,2391,448,843,192,933,815,151,403,895,590,197,639,353,722,783,565,928,308,607
373,268,132,72,304,78,339,93,113,125,276,351,548,123,178,165,223,578,329,42,183,356,229,134,240,92,214,189,171,388,501,918,195,294,71,354,298,44,160,354,210,68,269,105,278,280,230,350,127,208
306,229,110,51,270,72,271,95,93,113,221,298,461,178,76,143,198,444,243,33,145,281,160,109,177,66,165,112,143,345,409,760,141,228,59,304,266,42,133,288,176,49,207,92,208,278,148,297,98,196
327,221,129,39,295,61,300,99,88,117,231,320,515,165,143,89,193,514,292,27,146,292,163,122,181,75,190,123,143,371,465,867,167,275,68,311,276,40,146,333,211,65,233,91,218,303,172,335,107,187
356,320,131,50,364,70,301,121,103,137,321,388,628,223,198,193,126,656,400,45,230,398,239,141,212,98,251,162,175,447,561,1026,182,341,75,365,306,57,169,391,235,78,291,152,265,342,221,350,125,224
795,803,369,126,940,173,856,267,296,372,733,1011,1410,578,444,514,656,733,902,120,485,926,538,383,633,226,654,427,471,1051,1368,2344,476,845,198,965,811,149,417,921,601,174,624,319,758,795,538,926,318,619
540,415,186,79,505,104,483,164,163,195,413,575,923,329,243,292,400,902,266,51,246,519,298,218,322,132,343,235,264,597,765,1362,278,449,114,525,506,80,284,522,348,111,372,197,427,428,322,515,179,358
63,50,23,5,51,11,52,17,15,32,64,51,109,42,33,27,45,120,51,2,30,47,38,17,49,20,50,33,28,63,86,191,35,58,12,72,56,5,28,58,47,13,43,24,46,59,37,57,20,38
325,223,101,52,310,68,261,96,84,121,247,330,514,183,145,146,230,485,246,30,59,255,173,105,163,81,192,135,136,330,416,776,146,274,62,300,255,33,144,265,165,66,216,118,202,273,176,264,98,173
506,445,205,81,514,103,487,170,174,188,421,569,948,356,281,292,398,926,519,47,255,274,357,210,348,133,353,264,270,624,772,1462,270,446,113,546,488,94,266,551,328,107,404,177,428,444,327,494,187,356
370,260,119,52,310,68,301,88,91,130,246,317,539,229,160,163,239,538,298,38,173,357,84,131,199,91,205,146,173,382,458,842,147,264,64,327,305,51,149,317,179,55,253,109,256,270,182,335,110,194
232,177,70,31,197,42,190,64,65,79,161,192,360,134,109,122,141,383,218,17,105,210,131,40,142,51,130,86,99,267,307,567,103,169,44,238,183,31,95,209,117,36,153,67,157,168,139,209,96,147
333,292,142,49,356,85,343,96,110,123,267,337,595,240,177,181,212,633,322,49,163,348,199,142,103,91,213,145,185,437,481,908,193,297,73,360,314,49,136,376,230,70,249,137,258,289,208,352,116,205
128,114,52,21,144,32,119,35,40,48,106,135,220,92,66,75,98,226,132,20,81,133,91,51,91,12,79,60,61,138,205,356,66,130,26,135,105,13,62,160,94,27,95,40,95,125,85,125,50,78
381,281,146,59,342,88,322,99,105,121,255,365,631,214,165,190,251,654,343,50,192,353,205,130,213,79,105,139,156,401,514,956,203,318,66,365,289,45,157,367,218,63,288,109,245,307,221,321,133,205
277,198,89,38,250,47,244,68,75,104,204,245,427,189,112,123,162,427,235,33,135,264,146,86,145,60,139,46,113,299,340,639,128,210,58,236,209,47,117,249,157,47,164,87,209,236,154,243,86,168
303,210,75,43,259,58,246,78,69,95,224,258,495,171,143,143,175,471,264,28,136,270,173,99,185,61,156,113,48,322,380,754,147,256,55,285,225,35,108,267,165,51,205,94,204,260,159,259,106,187
628,538,225,115,613,139,622,184,182,246,504,726,1132,388,345,371,447,1051,597,63,330,624,382,267,437,138,401,299,322,371,927,1758,362,620,159,655,639,114,309,623,399,117,478,244,528,581,403,648,263,430
683,662,295,109,760,161,690,235,267,280,637,880,1336,501,409,465,561,1368,765,86,416,772,458,307,481,205,514,340,380,927,583,2026,375,661,171,741,714,130,398,789,513,145,527,289,622,696,480,760,249,496
1144,1203,552,213,1457,281,1250,407,453,602,1186,1543,2391,918,760,867,1026,2344,1362,191,776,1462,842,567,908,356,956,639,754,1758,2026,1858,724,1329,291,1467,1259,234,661,1395,889,270,1048,484,1103,1231,842,1406,481,974
226,236,117,48,281,49,248,89,85,127,230,309,448,195,141,167,182,476,278,35,146,270,147,103,193,66,203,128,147,362,375,724,77,237,61,290,257,46,148,267,190,75,212,82,232,233,155,277,107,176
490,385,202,77,487,109,398,144,158,184,420,477,843,294,228,275,341,845,449,58,274,446,264,169,297,130,318,210,256,620,661,1329,237,212,129,508,421,75,236,479,301,113,337,178,361,445,290,454,186,315
101,98,45,14,128,25,120,34,41,32,85,127,192,71,59,68,75,198,114,12,62,113,64,44,73,26,66,58,55,159,171,291,61,129,14,123,103,15,49,109,78,18,78,40,65,79,68,114,32,69
498,503,184,75,534,100,552,139,161,196,421,584,933,354,304,311,365,965,525,72,300,546,327,238,360,135,365,236,285,655,741,1467,290,508,123,243,488,92,264,570,334,115,409,233,460,475,332,557,196,327
517,384,199,66,473,90,411,161,142,189,375,542,815,298,266,276,306,811,506,56,255,488,305,183,314,105,289,209,225,639,714,1259,257,421,103,488,194,84,251,441,287,109,352,172,379,424,303,514,169,345
83,77,30,19,83,19,83,28,26,24,62,97,151,44,42,40,57,149,80,5,33,94,51,31,49,13,45,47,35,114,130,234,46,75,15,92,84,10,42,96,58,20,68,31,65,88,55,94,26,54
285,228,94,35,285,51,241,62,83,115,254,286,403,160,133,146,169,417,284,28,144,266,149,95,136,62,157,117,108,309,398,661,148,236,49,264,251,42,66,281,194,48,181,98,172,210,148,253,81,160
485,442,232,64,499,107,485,163,166,197,426,565,895,354,288,333,391,921,522,58,265,551,317,209,376,160,367,249,267,623,789,1395,267,479,109,570,441,96,281,283,335,94,413,207,449,433,343,536,167,327
330,274,143,49,358,64,311,107,111,140,278,397,590,210,176,211,235,601,348,47,165,328,179,117,230,94,218,157,165,399,513,889,190,301,78,334,287,58,194,335,111,75,276,115,283,270,232,327,115,239
114,82,48,20,119,22,98,23,33,49,90,114,197,68,49,65,78,174,111,13,66,107,55,36,70,27,63,47,51,117,145,270,75,113,18,115,109,20,48,94,75,9,76,36,80,91,65,95,52,70
369,346,164,54,396,77,356,101,100,158,314,398,639,269,207,233,291,624,372,43,216,404,253,153,249,95,288,164,205,478,527,1048,212,337,78,409,352,68,181,413,276,76,120,116,294,365,241,404,116,271
173,143,66,37,205,49,169,62,60,91,163,211,353,105,92,91,152,319,197,24,118,177,109,67,137,40,109,87,94,244,289,484,82,178,40,233,172,31,98,207,115,36,116,32,127,190,107,185,70,122
422,331,157,71,407,105,385,118,125,155,323,410,722,278,208,218,265,758,427,46,202,428,256,157,258,95,245,209,204,528,622,1103,232,361,65,460,379,65,172,449,283,80,294,127,177,379,257,426,158,280
406,365,159,60,463,90,392,146,153,192,355,512,783,280,278,303,342,795,428,59,273,444,270,168,289,125,307,236,260,581,696,1231,233,445,79,475,424,88,210,433,270,91,365,190,379,223,291,492,161,324
310,265,109,56,353,69,314,89,105,135,309,347,565,230,148,172,221,538,322,37,176,327,182,139,208,85,221,154,159,403,480,842,155,290,68,332,303,55,148,343,232,65,241,107,257,291,94,341,108,235
478,425,189,83,507,117,491,147,171,197,400,620,928,350,297,335,350,926,515,57,264,494,335,209,352,125,321,243,259,648,760,1406,277,454,114,557,514,94,253,536,327,95,404,185,426,492,341,298,184,385
170,163,76,21,195,43,177,63,65,67,134,193,308,127,98,107,125,318,179,20,98,187,110,96,116,50,133,86,106,263,249,481,107,186,32,196,169,26,81,167,115,52,116,70,158,161,108,184,19,122
383,293,133,53,354,72,310,109,98,145,284,373,607,208,196,187,224,619,358,38,173,356,194,147,205,78,205,168,187,430,496,974,176,315,69,327,345,54,160,327,239,70,271,122,280,324,235,385,122,118
