277,455,225,80,530,117,448,170,156,234,449,504,796,353,311,316,366,796,516,56,335,543,337,204,372,133,366,306,357,609,707,1159,230,483,105,475,472,83,241,464,302,107,388,165,417,449,328,485,157,376
455,198,141,79,441,102,456,137,144,175,382,475,733,302,237,253,321,814,428,49,214,463,265,177,270,88,293,211,235,534,637,1200,230,395,98,440,404,62,220,451,270,94,350,163,384,408,303,473,170,301
225,141,39,33,180,39,186,55,84,91,173,207,353,130,96,103,150,340,239,18,110,219,120,78,116,39,133,84,123,226,343,590,102,207,47,201,168,35,103,204,132,54,162,78,172,182,125,211,82,132
80,79,33,2,82,15,85,30,31,40,73,102,127,57,45,57,48,146,100,13,49,82,46,23,51,21,54,33,32,123,143,226,42,88,26,82,68,13,46,95,49,17,84,30,69,75,55,70,26,62
530,441,180,82,257,121,475,140,164,192,408,581,894,373,284,311,372,959,538,56,292,536,294,211,342,121,334,256,266,663,783,1332,279,454,140,572,462,85,260,537,362,102,383,166,407,462,342,541,209,324
117,102,39,15,121,12,108,44,37,45,94,126,184,91,49,65,73,202,122,18,66,120,62,38,66,34,82,51,59,158,171,276,56,119,22,123,104,14,69,110,73,29,90,38,106,86,69,117,34,87
448,456,186,85,475,108,228,141,143,196,383,561,912,307,250,285,321,919,519,60,258,485,271,196,311,148,339,212,252,611,735,1361,266,477,105,503,429,84,229,491,322,114,393,202,400,433,295,494,184,306
170,137,55,30,140,44,141,21,33,81,148,193,295,84,65,69,87,290,154,15,76,178,79,60,110,36,94,66,76,179,233,447,87,146,30,133,148,20,74,172,99,33,142,46,113,144,98,149,56,109
156,144,84,31,164,37,143,33,33,81,141,176,292,88,88,95,96,276,164,14,94,169,101,64,93,41,104,91,73,223,247,407,81,168,31,164,160,24,71,178,112,40,139,59,121,146,96,161,56,113
234,175,91,40,192,45,196,81,81,47,185,220,348,124,117,123,136,368,191,26,141,224,139,71,136,63,137,103,93,247,307,518,116,164,48,219,191,44,118,223,138,54,159,86,163,203,142,230,85,139
449,382,173,73,408,94,383,148,141,185,172,495,775,284,232,250,320,783,443,59,251,448,263,155,294,107,266,210,218,567,646,1137,230,401,108,484,376,82,232,445,272,98,306,165,340,384,276,414,169,292
504,475,207,102,581,126,561,193,176,220,495,323,937,359,260,309,436,999,548,62,321,557,324,243,344,152,374,249,281,717,850,1566,269,551,130,623,504,100,316,633,386,118,402,235,447,537,346,580,205,389
796,733,353,127,894,184,912,295,292,348,775,937,799,629,455,486,660,1455,940,125,507,974,527,355,594,233,578,428,464,1177,1348,2407,463,852,221,987,858,138,441,976,578,198,691,334,729,831,568,937,333,601
353,302,130,57,373,91,307,84,88,124,284,359,629,110,171,184,231,605,324,38,199,329,195,108,203,71,194,165,143,380,482,888,167,276,76,343,296,46,166,350,238,71,266,122,272,288,177,351,100,225
311,237,96,45,284,49,250,65,88,117,232,260,455,171,70,135,200,478,284,23,128,282,145,98,180,61,176,134,145,334,393,737,141,253,61,274,255,44,138,272,157,57,205,88,199,210,174,288,103,188
316,253,103,57,311,65,285,69,95,123,250,309,486,184,135,72,207,490,310,29,153,294,148,113,188,76,197,132,144,339,424,833,162,270,73,292,269,51,144,317,189,67,234,99,237,246,183,311,112,172
366,321,150,48,372,73,321,87,96,136,320,436,660,231,200,207,135,617,363,38,216,392,220,138,247,90,236,177,181,443,544,994,190,351,70,387,325,49,163,378,239,79,313,135,284,346,221,359,123,246
796,814,340,146,959,202,919,290,276,368,783,999,1455,605,478,490,617,802,915,118,507,893,549,355,585,246,636,406,467,1156,1321,2436,465,873,201,940,867,148,441,935,585,204,663,329,741,835,567,941,317,605
516,428,239,100,538,122,519,154,164,191,443,548,940,324,284,310,363,915,232,56,293,496,292,221,352,117,335,219,241,652,760,1424,273,510,109,552,479,75,288,546,344,101,411,200,387,473,331,520,181,327
56,49,18,13,56,18,60,15,14,26,59,62,125,38,23,29,38,118,56,4,33,57,39,18,47,14,43,26,25,71,86,182,47,68,13,57,51,9,28,80,44,9,47,19,42,52,34,72,23,47
335,214,110,49,292,66,258,76,94,141,251,321,507,199,128,153,216,507,293,33,75,279,156,120,195,79,209,127,149,307,435,793,163,250,62,275,269,52,133,296,169,51,234,109,202,263,170,287,112,203
543,463,219,82,536,120,485,178,169,224,448,557,974,329,282,294,392,893,496,57,279,251,299,217,359,143,353,228,237,631,750,1404,270,497,102,620,498,96,291,564,344,97,415,206,422,431,339,535,177,331
337,265,120,46,294,62,271,79,101,139,263,324,527,195,145,148,220,549,292,39,156,299,89,116,210,81,191,141,159,378,456,865,149,280,65,319,269,49,145,327,191,70,205,106,239,295,185,302,113,199
204,177,78,23,211,38,196,60,64,71,155,243,355,108,98,113,138,355,221,18,120,217,116,34,116,53,127,110,87,227,298,538,114,204,46,232,179,31,87,217,153,45,157,99,146,205,146,223,76,127
372,270,116,51,342,66,311,110,93,136,294,344,594,203,180,188,247,585,352,47,195,359,210,116,109,87,214,159,177,432,541,946,181,347,79,357,316,52,151,357,214,69,260,119,268,290,227,347,135,252
133,88,39,21,121,34,148,36,41,63,107,152,233,71,61,76,90,246,117,14,79,143,81,53,87,16,57,67,57,157,221,347,64,121,38,156,124,17,56,148,101,21,115,47,111,120,77,135,51,91
366,293,133,54,334,82,339,94,104,137,266,374,578,194,176,197,236,636,335,43,209,353,191,127,214,57,105,179,163,399,501,924,170,324,96,357,311,51,166,366,227,64,258,132,288,320,245,369,131,220
306,211,84,33,256,51,212,66,91,103,210,249,428,165,134,132,177,406,219,26,127,228,141,110,159,67,179,47,137,270,361,699,122,204,64,242,217,44,121,268,158,49,183,74,190,201,133,261,86,153
357,235,123,32,266,59,252,76,73,93,218,281,464,143,145,144,181,467,241,25,149,237,159,87,177,57,163,137,59,325,376,741,143,247,52,279,246,40,145,275,161,65,230,102,200,231,162,274,109,189
609,534,226,123,663,158,611,179,223,247,567,717,1177,380,334,339,443,1156,652,71,307,631,378,227,432,157,399,270,325,409,947,1752,359,570,158,654,612,106,298,633,393,127,468,228,528,571,383,672,253,414
707,637,343,143,783,171,735,233,247,307,646,850,1348,482,393,424,544,1321,760,86,435,750,456,298,541,221,501,361,376,947,584,2081,421,725,185,803,753,122,367,832,485,155,562,283,621,661,514,754,298,505
1159,1200,590,226,1332,276,1361,447,407,518,1137,1566,2407,888,737,833,994,2436,1424,182,793,1404,865,538,946,347,924,699,741,1752,2081,1968,720,1312,314,1494,1272,243,673,1472,895,280,1022,534,1143,1326,910,1444,492,918
230,230,102,42,279,56,266,87,81,116,230,269,463,167,141,162,190,465,273,47,163,270,149,114,181,64,170,122,143,359,421,720,73,266,56,284,259,50,148,287,160,56,204,102,202,222,191,271,98,175
483,395,207,88,454,119,477,146,168,164,401,551,852,276,253,270,351,873,510,68,250,497,280,204,347,121,324,204,247,570,725,1312,266,210,105,515,420,83,235,518,322,104,361,158,394,434,292,482,190,332
105,98,47,26,140,22,105,30,31,48,108,130,221,76,61,73,70,201,109,13,62,102,65,46,79,38,96,64,52,158,185,314,56,105,12,131,109,17,53,134,93,36,89,48,88,108,68,117,31,83
475,440,201,82,572,123,503,133,164,219,484,623,987,343,274,292,387,940,552,57,275,620,319,232,357,156,357,242,279,654,803,1494,284,515,131,263,474,89,241,588,354,98,401,211,414,521,326,548,200,348
472,404,168,68,462,104,429,148,160,191,376,504,858,296,255,269,325,867,479,51,269,498,269,179,316,124,311,217,246,612,753,1272,259,420,109,474,227,84,240,493,313,94,368,178,357,381,294,474,186,301
83,62,35,13,85,14,84,20,24,44,82,100,138,46,44,51,49,148,75,9,52,96,49,31,52,17,51,44,40,106,122,243,50,83,17,89,84,8,35,112,64,18,76,31,66,91,37,88,28,55
241,220,103,46,260,69,229,74,71,118,232,316,441,166,138,144,163,441,288,28,133,291,145,87,151,56,166,121,145,298,367,673,148,235,53,241,240,35,60,245,161,60,207,78,196,231,145,241,88,163
464,451,204,95,537,110,491,172,178,223,445,633,976,350,272,317,378,935,546,80,296,564,327,217,357,148,366,268,275,633,832,1472,287,518,134,588,493,112,245,281,369,106,402,209,440,503,342,557,207,358
302,270,132,49,362,73,322,99,112,138,272,386,578,238,157,189,239,585,344,44,169,344,191,153,214,101,227,158,161,393,485,895,160,322,93,354,313,64,161,369,105,66,253,107,246,297,208,347,126,222
107,94,54,17,102,29,114,33,40,54,98,118,198,71,57,67,79,204,101,9,51,97,70,45,69,21,64,49,65,127,155,280,56,104,36,98,94,18,60,106,66,11,84,45,88,88,69,136,48,68
388,350,162,84,383,90,393,142,139,159,306,402,691,266,205,234,313,663,411,47,234,415,205,157,260,115,258,183,230,468,562,1022,204,361,89,401,368,76,207,402,253,84,154,129,340,377,242,394,126,274
165,163,78,30,166,38,202,46,59,86,165,235,334,122,88,99,135,329,200,19,109,206,106,99,119,47,132,74,102,228,283,534,102,158,48,211,178,31,78,209,107,45,129,31,171,165,103,211,60,119
417,384,172,69,407,106,400,113,121,163,340,447,729,272,199,237,284,741,387,42,202,422,239,146,268,111,288,190,200,528,621,1143,202,394,88,414,357,66,196,440,246,88,340,171,170,340,249,433,130,250
449,408,182,75,462,86,433,144,146,203,384,537,831,288,210,246,346,835,473,52,263,431,295,205,290,120,320,201,231,571,661,1326,222,434,108,521,381,91,231,503,297,88,377,165,340,203,278,468,149,303
328,303,125,55,342,69,295,98,96,142,276,346,568,177,174,183,221,567,331,34,170,339,185,146,227,77,245,133,162,383,514,910,191,292,68,326,294,37,145,342,208,69,242,103,249,278,106,332,119,217
485,473,211,70,541,117,494,149,161,230,414,580,937,351,288,311,359,941,520,72,287,535,302,223,347,135,369,261,274,672,754,1444,271,482,117,548,474,88,241,557,347,136,394,211,433,468,332,266,180,363
157,170,82,26,209,34,184,56,56,85,169,205,333,100,103,112,123,317,181,23,112,177,113,76,135,51,131,86,109,253,298,492,98,190,31,200,186,28,88,207,126,48,126,60,130,149,119,180,30,132
376,301,132,62,324,87,306,109,113,139,292,389,601,225,188,172,246,605,327,47,203,331,199,127,252,91,220,153,189,414,505,918,175,332,83,348,301,55,163,358,222,68,274,119,250,303,217,363,132,113
