278,450,180,88,484,108,421,146,176,225,437,513,797,402,326,344,368,782,503,87,339,554,362,205,352,156,378,255,308,632,681,1193,251,501,121,507,462,90,204,460,317,101,342,168,407,435,306,457,169,393
450,185,161,76,427,98,426,122,146,169,362,483,801,267,228,247,315,783,413,67,232,419,244,143,235,89,246,216,169,547,616,1245,249,403,94,422,426,66,234,479,301,74,329,168,331,424,254,429,176,287
180,161,26,41,198,44,199,65,65,76,152,221,340,133,101,106,142,335,192,24,102,202,125,80,118,44,122,82,103,223,304,541,112,177,45,201,167,34,87,221,133,43,133,76,154,204,100,193,77,112
88,76,41,7,81,20,83,22,24,37,68,99,152,73,50,48,57,155,68,8,46,80,60,33,49,26,68,47,59,105,100,222,56,72,18,77,80,14,35,92,46,11,56,27,74,76,49,81,29,58
484,427,198,81,236,98,502,169,141,206,408,575,974,343,265,266,372,963,523,57,286,502,272,193,332,143,349,219,239,686,750,1431,276,435,121,557,472,76,252,544,336,95,371,170,421,460,320,529,170,354
108,98,44,20,98,9,104,39,37,65,110,112,206,93,53,61,76,199,109,13,67,118,64,35,69,37,87,49,55,149,167,308,64,108,28,135,102,22,54,107,76,20,68,29,80,107,61,104,43,78
421,426,199,83,502,104,222,132,152,218,422,534,870,334,247,253,307,877,482,71,271,475,302,181,317,130,345,248,261,681,668,1344,263,434,101,491,436,71,229,522,322,85,358,183,402,464,293,501,168,331
146,122,65,22,169,39,132,22,39,65,133,188,272,86,80,72,108,270,152,14,77,154,95,64,98,35,100,68,88,193,209,427,91,119,41,165,136,24,71,173,113,27,126,56,129,136,105,156,69,101
176,146,65,24,141,37,152,39,29,65,139,202,309,106,86,95,122,302,166,15,85,159,95,60,94,44,113,70,85,217,253,476,87,149,32,164,134,32,68,169,104,37,118,53,136,162,92,163,55,105
225,169,76,37,206,65,218,65,65,51,171,238,383,134,111,118,177,393,231,29,118,218,138,80,118,39,141,94,113,257,315,591,123,214,39,227,200,37,106,227,122,39,146,87,183,203,128,206,75,162
437,362,152,68,408,110,422,133,139,171,169,479,746,261,228,241,301,729,454,57,240,466,264,171,295,112,319,202,203,527,646,1165,257,382,102,429,391,63,205,461,298,87,325,179,385,414,286,414,146,308
513,483,221,99,575,112,534,188,202,238,479,301,914,372,265,323,410,992,538,64,303,554,311,223,378,142,366,250,287,708,814,1557,272,525,126,596,513,86,290,581,371,113,441,217,434,476,352,631,183,393
797,801,340,152,974,206,870,272,309,383,746,914,787,616,465,481,665,1396,879,122,489,894,537,340,599,238,626,424,460,1099,1338,2416,486,874,193,969,856,168,464,949,604,185,638,351,716,795,562,921,326,622
402,267,133,73,343,93,334,86,106,134,261,372,616,113,186,204,240,602,359,47,176,352,221,126,226,66,229,171,174,418,509,996,198,329,69,317,346,42,164,345,218,62,259,127,275,296,198,387,121,230
326,228,101,50,265,53,247,80,86,111,228,265,465,186,74,131,179,460,281,44,135,301,161,108,184,55,172,138,153,295,416,708,148,239,50,257,251,35,119,278,180,52,186,108,221,237,175,273,100,170
344,247,106,48,266,61,253,72,95,118,241,323,481,204,131,76,192,474,280,34,159,324,175,137,171,66,167,131,143,354,482,784,152,272,61,306,299,44,142,314,180,58,252,118,209,264,162,284,112,179
368,315,142,57,372,76,307,108,122,177,301,410,665,240,179,192,131,660,374,46,202,384,240,143,244,95,241,167,178,461,526,945,199,314,79,373,337,67,161,397,235,77,287,123,292,355,248,346,129,218
782,783,335,155,963,199,877,270,302,393,729,992,1396,602,460,474,660,777,936,109,497,948,536,370,587,254,644,403,486,1083,1354,2317,468,884,208,952,901,166,441,1013,591,195,658,365,714,796,562,934,336,610
503,413,192,68,523,109,482,152,166,231,454,538,879,359,281,280,374,936,253,53,283,494,330,213,340,120,319,238,244,656,762,1375,301,433,132,532,435,87,266,560,366,93,386,214,418,488,324,534,208,324
87,67,24,8,57,13,71,14,15,29,57,64,122,47,44,34,46,109,53,3,25,57,42,34,41,15,43,26,30,91,102,194,34,52,14,71,50,12,30,56,41,12,51,19,53,63,37,80,16,43
339,232,102,46,286,67,271,77,85,118,240,303,489,176,135,159,202,497,283,25,74,308,162,121,182,70,157,123,142,348,439,787,138,275,62,285,256,50,148,321,200,52,209,103,225,243,154,280,101,188
554,419,202,80,502,118,475,154,159,218,466,554,894,352,301,324,384,948,494,57,308,262,343,197,355,132,377,257,249,639,808,1400,282,460,124,587,488,92,256,565,337,106,419,185,449,459,310,543,189,364
362,244,125,60,272,64,302,95,95,138,264,311,537,221,161,175,240,536,330,42,162,343,93,125,217,59,224,145,153,339,455,824,154,286,67,312,321,46,166,340,191,68,218,109,285,275,184,286,113,223
205,143,80,33,193,35,181,64,60,80,171,223,340,126,108,137,143,370,213,34,121,197,125,42,133,53,149,110,112,266,291,560,101,210,47,210,197,33,118,215,132,36,165,78,162,187,101,209,61,134
352,235,118,49,332,69,317,98,94,118,295,378,599,226,184,171,244,587,340,41,182,355,217,133,96,73,204,145,145,363,522,931,208,272,52,339,316,49,162,401,225,68,261,119,250,340,189,344,117,215
156,89,44,26,143,37,130,35,44,39,112,142,238,66,55,66,95,254,120,15,70,132,59,53,73,15,86,54,52,148,185,365,72,119,30,142,121,14,53,150,84,27,109,53,89,130,75,146,37,93
378,246,122,68,349,87,345,100,113,141,319,366,626,229,172,167,241,644,319,43,157,377,224,149,204,86,123,148,149,398,491,973,204,324,70,350,319,46,176,373,238,71,275,133,276,337,200,354,120,218
255,216,82,47,219,49,248,68,70,94,202,250,424,171,138,131,167,403,238,26,123,257,145,110,145,54,148,54,110,295,384,667,142,219,37,220,203,36,120,281,139,42,180,77,190,225,160,259,88,149
308,169,103,59,239,55,261,88,85,113,203,287,460,174,153,143,178,486,244,30,142,249,153,112,145,52,149,110,51,316,362,729,133,243,60,237,248,31,150,278,160,66,201,92,223,223,150,266,94,183
632,547,223,105,686,149,681,193,217,257,527,708,1099,418,295,354,461,1083,656,91,348,639,339,266,363,148,398,295,316,408,933,1754,325,591,139,661,626,115,310,713,417,136,529,228,494,579,392,710,239,433
681,616,304,100,750,167,668,209,253,315,646,814,1338,509,416,482,526,1354,762,102,439,808,455,291,522,185,491,384,362,933,628,2091,435,704,183,810,716,153,356,802,469,172,573,281,629,760,523,758,280,517
1193,1245,541,222,1431,308,1344,427,476,591,1165,1557,2416,996,708,784,945,2317,1375,194,787,1400,824,560,931,365,973,667,729,1754,2091,1895,739,1337,337,1485,1304,230,646,1473,933,291,1044,526,1141,1264,855,1414,539,947
251,249,112,56,276,64,263,91,87,123,257,272,486,198,148,152,199,468,301,34,138,282,154,101,208,72,204,142,133,325,435,739,70,263,46,281,261,52,140,282,182,65,196,105,235,261,180,268,85,180
501,403,177,72,435,108,434,119,149,214,382,525,874,329,239,272,314,884,433,52,275,460,286,210,272,119,324,219,243,591,704,1337,263,214,117,471,430,70,221,475,287,79,367,174,362,438,275,497,198,326
121,94,45,18,121,28,101,41,32,39,102,126,193,69,50,61,79,208,132,14,62,124,67,47,52,30,70,37,60,139,183,337,46,117,10,130,107,22,61,107,72,20,102,46,93,98,55,116,35,63
507,422,201,77,557,135,491,165,164,227,429,596,969,317,257,306,373,952,532,71,285,587,312,210,339,142,350,220,237,661,810,1485,281,471,130,264,505,86,262,573,367,116,406,172,408,526,332,585,181,326
462,426,167,80,472,102,436,136,134,200,391,513,856,346,251,299,337,901,435,50,256,488,321,197,316,121,319,203,248,626,716,1304,261,430,107,505,195,82,241,497,302,83,363,170,363,411,276,509,177,337
90,66,34,14,76,22,71,24,32,37,63,86,168,42,35,44,67,166,87,12,50,92,46,33,49,14,46,36,31,115,153,230,52,70,22,86,82,7,46,95,61,12,71,34,57,85,50,78,20,55
204,234,87,35,252,54,229,71,68,106,205,290,464,164,119,142,161,441,266,30,148,256,166,118,162,53,176,120,150,310,356,646,140,221,61,262,241,46,63,285,201,44,201,94,203,228,162,272,99,164
460,479,221,92,544,107,522,173,169,227,461,581,949,345,278,314,397,1013,560,56,321,565,340,215,401,150,373,281,278,713,802,1473,282,475,107,573,497,95,285,293,362,110,390,201,432,536,353,534,174,362
317,301,133,46,336,76,322,113,104,122,298,371,604,218,180,180,235,591,366,41,200,337,191,132,225,84,238,139,160,417,469,933,182,287,72,367,302,61,201,362,96,70,242,121,264,311,201,350,112,248
101,74,43,11,95,20,85,27,37,39,87,113,185,62,52,58,77,195,93,12,52,106,68,36,68,27,71,42,66,136,172,291,65,79,20,116,83,12,44,110,70,8,80,45,81,88,71,111,40,57
342,329,133,56,371,68,358,126,118,146,325,441,638,259,186,252,287,658,386,51,209,419,218,165,261,109,275,180,201,529,573,1044,196,367,102,406,363,71,201,390,242,80,126,133,318,352,221,382,147,264
168,168,76,27,170,29,183,56,53,87,179,217,351,127,108,118,123,365,214,19,103,185,109,78,119,53,133,77,92,228,281,526,105,174,46,172,170,34,94,201,121,45,133,34,152,168,145,219,62,142
407,331,154,74,421,80,402,129,136,183,385,434,716,275,221,209,292,714,418,53,225,449,285,162,250,89,276,190,223,494,629,1141,235,362,93,408,363,57,203,432,264,81,318,152,179,395,218,431,134,303
435,424,204,76,460,107,464,136,162,203,414,476,795,296,237,264,355,796,488,63,243,459,275,187,340,130,337,225,223,579,760,1264,261,438,98,526,411,85,228,536,311,88,352,168,395,230,341,467,151,322
306,254,100,49,320,61,293,105,92,128,286,352,562,198,175,162,248,562,324,37,154,310,184,101,189,75,200,160,150,392,523,855,180,275,55,332,276,50,162,353,201,71,221,145,218,341,88,360,107,212
457,429,193,81,529,104,501,156,163,206,414,631,921,387,273,284,346,934,534,80,280,543,286,209,344,146,354,259,266,710,758,1414,268,497,116,585,509,78,272,534,350,111,382,219,431,467,360,254,195,363
169,176,77,29,170,43,168,69,55,75,146,183,326,121,100,112,129,336,208,16,101,189,113,61,117,37,120,88,94,239,280,539,85,198,35,181,177,20,99,174,112,40,147,62,134,151,107,195,22,123
393,287,112,58,354,78,331,101,105,162,308,393,622,230,170,179,218,610,324,43,188,364,223,134,215,93,218,149,183,433,517,947,180,326,63,326,337,55,164,362,248,57,264,142,303,322,212,363,123,125
