265,457,209,98,496,110,476,197,179,249,433,518,834,368,315,358,369,819,495,80,330,509,318,190,361,134,375,280,301,628,718,1199,281,490,104,473,477,76,259,488,309,113,394,165,401,413,316,486,175,383
457,189,170,76,429,90,408,136,131,189,367,469,743,276,224,223,316,732,422,60,233,463,246,170,287,103,261,201,215,517,665,1214,216,378,89,466,404,59,214,476,301,75,305,179,364,398,279,460,166,280
209,170,33,44,205,67,213,54,58,68,137,225,381,123,112,123,127,399,191,27,92,206,127,68,116,41,125,96,96,265,294,525,108,177,51,185,175,33,86,237,139,42,153,78,166,176,134,198,83,126
98,76,44,4,83,16,76,36,29,40,79,85,147,53,53,59,59,153,86,16,54,74,67,39,63,25,70,46,47,124,105,219,50,72,18,118,78,13,40,75,40,21,55,38,78,84,50,77,30,52
496,429,205,83,271,114,483,178,156,184,398,577,899,340,281,294,397,882,513,82,295,528,324,199,345,128,365,224,260,676,769,1353,262,480,108,524,483,75,258,551,335,101,364,232,373,452,316,512,185,388
110,90,67,16,114,6,105,44,31,41,99,122,202,82,66,79,68,183,112,21,56,114,78,44,89,29,82,58,73,137,158,299,66,106,29,122,113,22,56,113,58,31,74,39,119,98,68,101,40,67
476,408,213,76,483,105,231,168,139,191,410,547,850,333,260,291,320,881,479,81,264,487,304,204,351,128,326,238,253,637,723,1323,276,439,106,502,431,86,236,514,295,105,361,185,423,430,314,473,168,313
197,136,54,36,178,44,168,21,45,45,108,158,293,100,68,90,124,268,179,16,84,186,81,64,82,38,103,65,84,186,233,450,74,158,34,160,159,23,83,173,104,37,128,63,128,151,84,172,41,93
179,131,58,29,156,31,139,45,29,66,138,185,279,105,90,97,104,281,173,23,95,178,86,80,104,42,103,88,83,185,293,528,88,151,34,189,158,27,83,189,100,35,136,62,112,154,95,168,68,121
249,189,68,40,184,41,191,45,66,40,152,225,333,143,111,118,144,377,201,19,124,216,122,100,143,58,178,103,101,257,304,582,105,204,53,191,218,37,89,221,143,39,168,82,157,213,130,241,75,125
433,367,137,79,398,99,410,108,138,152,184,476,734,267,236,224,314,739,409,55,233,429,279,177,294,98,304,196,202,563,581,1117,208,392,103,416,430,87,190,435,269,92,329,171,335,376,254,467,144,303
518,469,225,85,577,122,547,158,185,225,476,313,1026,337,249,301,399,1002,556,68,306,545,318,198,366,146,385,250,279,683,857,1529,270,471,115,610,505,106,273,624,388,125,412,225,441,486,345,574,201,366
834,743,381,147,899,202,850,293,279,333,734,1026,804,543,485,559,651,1463,892,111,493,869,563,332,615,228,592,409,478,1129,1259,2299,500,807,202,953,773,172,446,1012,615,188,670,320,692,778,563,866,312,619
368,276,123,53,340,82,333,100,105,143,267,337,543,106,191,214,245,583,355,45,179,350,200,139,224,99,253,144,155,401,475,919,164,320,62,352,308,59,167,321,193,62,259,129,242,309,167,326,120,234
315,224,112,53,281,66,260,68,90,111,236,249,485,191,76,141,199,473,281,38,163,293,176,112,177,69,164,138,148,317,420,746,140,259,70,265,263,35,113,276,172,52,212,88,209,246,168,299,104,181
358,223,123,59,294,79,291,90,97,118,224,301,559,214,141,85,208,560,273,43,155,316,162,114,173,66,179,149,159,369,426,823,141,264,61,290,294,47,143,302,165,55,239,106,241,258,182,318,111,201
369,316,127,59,397,68,320,124,104,144,314,399,651,245,199,208,112,666,380,43,201,370,200,132,237,77,231,156,199,441,562,1006,205,338,88,384,338,58,188,412,252,79,284,124,298,346,232,366,130,234
819,732,399,153,882,183,881,268,281,377,739,1002,1463,583,473,560,666,766,900,108,523,878,581,380,618,247,626,418,457,1116,1269,2297,467,810,193,975,832,166,413,949,591,208,685,328,692,768,591,909,306,615
495,422,191,86,513,112,479,179,173,201,409,556,892,355,281,273,380,900,276,68,282,483,311,187,321,120,334,210,263,636,735,1461,277,496,127,558,479,86,287,510,372,119,399,196,424,439,318,522,197,338
80,60,27,16,82,21,81,16,23,19,55,68,111,45,38,43,43,108,68,4,35,54,38,26,44,14,39,31,36,89,99,171,39,63,14,64,70,9,37,73,46,14,55,21,48,63,39,65,19,40
330,233,92,54,295,56,264,84,95,124,233,306,493,179,163,155,201,523,282,35,91,281,154,106,171,56,162,145,125,337,421,771,166,266,58,270,243,41,147,329,184,53,228,91,237,274,183,291,90,217
509,463,206,74,528,114,487,186,178,216,429,545,869,350,293,316,370,878,483,54,281,269,299,193,339,121,352,245,258,651,730,1389,275,488,124,537,482,76,276,554,370,125,403,194,431,486,345,535,182,358
318,246,127,67,324,78,304,81,86,122,279,318,563,200,176,162,200,581,311,38,154,299,97,128,219,73,226,139,153,372,471,855,181,278,73,327,334,45,122,298,193,73,241,113,246,273,194,314,134,203
190,170,68,39,199,44,204,64,80,100,177,198,332,139,112,114,132,380,187,26,106,193,128,43,140,59,160,96,95,268,292,567,106,214,41,214,208,30,104,202,144,39,148,76,163,178,124,209,68,125
361,287,116,63,345,89,351,82,104,143,294,366,615,224,177,173,237,618,321,44,171,339,219,140,122,65,216,162,156,371,474,935,196,334,87,336,324,63,147,349,194,68,242,119,256,315,193,334,125,214
134,103,41,25,128,29,128,38,42,58,98,146,228,99,69,66,77,247,120,14,56,121,73,59,65,13,66,69,60,166,174,355,80,124,32,124,125,22,60,146,65,22,108,41,93,123,64,131,58,78
375,261,125,70,365,82,326,103,103,178,304,385,592,253,164,179,231,626,334,39,162,352,226,160,216,66,95,143,151,410,475,945,200,334,74,335,344,66,160,369,210,64,271,127,281,306,204,336,137,217
280,201,96,46,224,58,238,65,88,103,196,250,409,144,138,149,156,418,210,31,145,245,139,96,162,69,143,61,114,297,368,669,145,208,52,224,232,42,105,272,149,43,175,93,175,238,136,250,76,158
301,215,96,47,260,73,253,84,83,101,202,279,478,155,148,159,199,457,263,36,125,258,153,95,156,60,151,114,69,309,358,715,139,255,68,241,258,35,147,299,176,51,188,103,199,240,139,243,109,177
628,517,265,124,676,137,637,186,185,257,563,683,1129,401,317,369,441,1116,636,89,337,651,372,268,371,166,410,297,309,390,977,1796,315,576,146,639,592,110,285,717,411,120,486,250,494,588,392,670,209,467
718,665,294,105,769,158,723,233,293,304,581,857,1259,475,420,426,562,1269,735,99,421,730,471,292,474,174,475,368,358,977,548,2094,405,698,174,804,645,130,380,816,520,166,608,311,591,694,516,795,279,519
1199,1214,525,219,1353,299,1323,450,528,582,1117,1529,2299,919,746,823,1006,2297,1461,171,771,1389,855,567,935,355,945,669,715,1796,2094,1857,675,1288,330,1538,1240,241,655,1494,963,301,1062,519,1127,1278,872,1361,486,988
281,216,108,50,262,66,276,74,88,105,208,270,500,164,140,141,205,467,277,39,166,275,181,106,196,80,200,145,139,315,405,675,65,247,61,272,283,53,119,289,168,58,208,116,226,226,178,274,109,186
490,378,177,72,480,106,439,158,151,204,392,471,807,320,259,264,338,810,496,63,266,488,278,214,334,124,334,208,255,576,698,1288,247,219,94,485,439,96,240,501,287,92,336,155,389,411,276,476,164,305
104,89,51,18,108,29,106,34,34,53,103,115,202,62,70,61,88,193,127,14,58,124,73,41,87,32,74,52,68,146,174,330,61,94,8,126,106,18,58,142,68,20,77,43,90,102,71,125,32,72
473,466,185,118,524,122,502,160,189,191,416,610,953,352,265,290,384,975,558,64,270,537,327,214,336,124,335,224,241,639,804,1538,272,485,126,261,504,81,289,577,343,109,443,197,416,495,330,581,205,372
477,404,175,78,483,113,431,159,158,218,430,505,773,308,263,294,338,832,479,70,243,482,334,208,324,125,344,232,258,592,645,1240,283,439,106,504,217,81,224,496,304,107,322,161,378,426,295,485,173,329
76,59,33,13,75,22,86,23,27,37,87,106,172,59,35,47,58,166,86,9,41,76,45,30,63,22,66,42,35,110,130,241,53,96,18,81,81,7,34,85,52,18,56,38,79,87,53,83,32,62
259,214,86,40,258,56,236,83,83,89,190,273,446,167,113,143,188,413,287,37,147,276,122,104,147,60,160,105,147,285,380,655,119,240,58,289,224,34,70,274,171,48,203,99,204,257,147,237,74,158
488,476,237,75,551,113,514,173,189,221,435,624,1012,321,276,302,412,949,510,73,329,554,298,202,349,146,369,272,299,717,816,1494,289,501,142,577,496,85,274,290,354,137,416,205,445,461,333,578,209,376
309,301,139,40,335,58,295,104,100,143,269,388,615,193,172,165,252,591,372,46,184,370,193,144,194,65,210,149,176,411,520,963,168,287,68,343,304,52,171,354,114,75,223,134,270,310,189,377,125,224
113,75,42,21,101,31,105,37,35,39,92,125,188,62,52,55,79,208,119,14,53,125,73,39,68,22,64,43,51,120,166,301,58,92,20,109,107,18,48,137,75,14,86,45,103,107,74,114,39,82
394,305,153,55,364,74,361,128,136,168,329,412,670,259,212,239,284,685,399,55,228,403,241,148,242,108,271,175,188,486,608,1062,208,336,77,443,322,56,203,416,223,86,162,133,336,342,272,398,135,283
165,179,78,38,232,39,185,63,62,82,171,225,320,129,88,106,124,328,196,21,91,194,113,76,119,41,127,93,103,250,311,519,116,155,43,197,161,38,99,205,134,45,133,28,155,182,129,202,70,125
401,364,166,78,373,119,423,128,112,157,335,441,692,242,209,241,298,692,424,48,237,431,246,163,256,93,281,175,199,494,591,1127,226,389,90,416,378,79,204,445,270,103,336,155,156,358,243,438,130,252
413,398,176,84,452,98,430,151,154,213,376,486,778,309,246,258,346,768,439,63,274,486,273,178,315,123,306,238,240,588,694,1278,226,411,102,495,426,87,257,461,310,107,342,182,358,185,287,459,174,301
316,279,134,50,316,68,314,84,95,130,254,345,563,167,168,182,232,591,318,39,183,345,194,124,193,64,204,136,139,392,516,872,178,276,71,330,295,53,147,333,189,74,272,129,243,287,100,342,126,232
486,460,198,77,512,101,473,172,168,241,467,574,866,326,299,318,366,909,522,65,291,535,314,209,334,131,336,250,243,670,795,1361,274,476,125,581,485,83,237,578,377,114,398,202,438,459,342,250,171,325
175,166,83,30,185,40,168,41,68,75,144,201,312,120,104,111,130,306,197,19,90,182,134,68,125,58,137,76,109,209,279,486,109,164,32,205,173,32,74,209,125,39,135,70,130,174,126,171,22,125
383,280,126,52,388,67,313,93,121,125,303,366,619,234,181,201,234,615,338,40,217,358,203,125,214,78,217,158,177,467,519,988,186,305,72,372,329,62,158,376,224,82,283,125,252,301,232,325,125,108
