261,452,226,85,510,118,489,159,189,233,441,506,865,371,323,393,385,852,527,86,338,545,346,231,374,164,404,283,312,603,708,1248,234,496,97,535,496,101,252,434,304,104,391,177,459,459,347,497,174,396
452,195,150,77,425,96,395,118,146,173,350,454,787,269,222,212,329,792,445,49,249,444,217,187,286,102,260,201,203,542,662,1219,227,406,110,438,403,75,220,485,292,87,328,153,345,414,272,435,155,302
226,150,40,34,191,46,205,52,73,81,172,237,361,148,120,130,144,357,167,26,92,172,120,84,108,48,131,81,82,255,283,548,93,178,51,237,206,32,92,215,130,29,165,73,155,157,126,199,64,136
85,77,34,8,68,15,68,33,28,43,70,95,143,58,60,56,54,148,84,10,46,82,65,25,65,16,55,43,48,109,123,196,53,87,22,98,74,10,43,79,56,20,52,34,76,85,47,75,35,52
510,425,191,68,274,109,523,155,181,197,402,593,948,338,237,285,392,927,512,53,298,520,298,213,335,142,372,235,249,675,773,1510,275,469,98,582,487,86,275,586,378,113,401,185,415,495,312,514,183,336
118,96,46,15,109,13,109,46,41,53,102,139,183,68,64,66,72,200,117,10,62,107,66,39,92,25,69,48,71,130,173,272,60,113,29,123,101,21,50,125,69,33,84,43,93,105,62,109,36,80
489,395,205,68,523,109,240,140,178,198,435,558,902,300,279,269,376,903,497,64,281,481,308,189,343,103,348,249,237,619,738,1317,274,465,113,533,426,69,236,512,330,97,362,174,419,458,324,527,182,332
159,118,52,33,155,46,140,29,52,54,112,149,275,96,94,86,101,266,147,12,83,146,90,71,93,41,103,70,79,183,238,436,88,134,37,161,130,28,79,158,90,26,110,53,112,143,97,168,56,108
189,146,73,28,181,41,178,52,28,64,138,187,297,118,87,95,131,311,161,20,98,186,87,65,117,45,123,64,79,191,224,499,99,143,35,192,154,30,96,176,114,33,126,60,129,144,119,182,52,92
233,173,81,43,197,53,198,54,64,39,158,234,383,134,127,122,139,367,193,28,108,183,126,85,140,57,155,103,103,239,294,582,113,177,42,213,206,28,96,225,117,41,171,71,180,183,136,210,78,138
441,350,172,70,402,102,435,112,138,158,184,468,746,264,238,251,311,774,417,56,246,419,247,163,295,115,287,217,216,580,612,1147,236,392,90,438,394,62,213,452,271,87,360,196,350,362,276,439,166,294
506,454,237,95,593,139,558,149,187,234,468,311,1056,364,302,322,425,999,551,86,308,559,372,267,379,127,361,224,283,717,874,1673,336,543,127,623,548,85,283,630,369,127,481,211,452,537,350,591,228,375
865,787,361,143,948,183,902,275,297,383,746,1056,817,583,457,526,641,1446,903,116,517,969,549,374,580,246,608,432,463,1160,1416,2547,492,823,209,989,843,156,473,1034,643,196,691,338,734,835,594,941,324,570
371,269,148,58,338,68,300,96,118,134,264,364,583,107,198,186,228,598,318,43,187,350,197,142,231,76,224,159,170,381,500,936,193,312,71,340,340,53,163,351,211,66,252,116,278,326,218,345,133,220
323,222,120,60,237,64,279,94,87,127,238,302,457,198,83,139,169,485,289,38,139,282,171,100,164,70,190,110,122,286,431,676,147,221,57,270,263,41,127,272,185,68,194,83,220,241,170,264,93,197
393,212,130,56,285,66,269,86,95,122,251,322,526,186,139,69,196,523,306,35,140,295,142,109,178,70,171,138,114,362,465,780,181,237,69,328,275,50,137,311,191,57,209,99,219,270,168,275,119,183
385,329,144,54,392,72,376,101,131,139,311,425,641,228,169,196,130,655,349,35,208,373,208,146,241,95,232,174,171,449,555,1040,173,334,76,360,322,71,180,421,227,73,316,137,277,353,222,368,123,260
852,792,357,148,927,200,903,266,311,367,774,999,1446,598,485,523,655,825,956,122,529,956,513,344,589,236,596,435,457,1220,1464,2533,498,818,198,992,820,163,466,1031,629,200,687,344,729,868,588,966,339,571
527,445,167,84,512,117,497,147,161,193,417,551,903,318,289,306,349,956,257,57,278,482,296,209,338,128,329,234,233,664,805,1442,273,473,111,560,444,85,257,533,302,102,381,198,402,482,310,530,198,311
86,49,26,10,53,10,64,12,20,28,56,86,116,43,38,35,35,122,57,4,29,73,31,21,34,22,43,33,39,76,105,186,46,63,13,56,56,16,27,62,43,11,49,25,48,67,37,67,28,44
338,249,92,46,298,62,281,83,98,108,246,308,517,187,139,140,208,529,278,29,74,276,159,125,177,73,182,121,146,308,429,783,143,249,53,266,260,37,155,303,193,55,225,93,237,258,177,285,108,195
545,444,172,82,520,107,481,146,186,183,419,559,969,350,282,295,373,956,482,73,276,272,307,212,341,134,366,241,233,655,769,1432,282,493,96,592,479,87,242,556,327,105,412,212,403,473,366,533,202,332
346,217,120,65,298,66,308,90,87,126,247,372,549,197,171,142,208,513,296,31,159,307,77,109,176,67,200,124,155,376,423,806,167,286,60,304,294,49,146,335,204,60,223,119,226,282,179,336,108,200
231,187,84,25,213,39,189,71,65,85,163,267,374,142,100,109,146,344,209,21,125,212,109,43,141,50,147,84,102,263,314,538,115,197,46,215,201,32,115,204,147,41,146,76,165,187,122,226,72,132
374,286,108,65,335,92,343,93,117,140,295,379,580,231,164,178,241,589,338,34,177,341,176,141,109,74,221,158,179,406,516,914,184,344,69,336,319,57,152,350,218,55,255,127,265,307,207,357,139,217
164,102,48,16,142,25,103,41,45,57,115,127,246,76,70,70,95,236,128,22,73,134,67,50,74,17,75,67,73,153,191,331,72,125,34,117,117,24,55,127,79,31,111,49,91,117,83,127,65,103
404,260,131,55,372,69,348,103,123,155,287,361,608,224,190,171,232,596,329,43,182,366,200,147,221,75,108,160,165,439,520,892,195,318,69,357,308,60,158,355,242,65,255,140,282,309,216,332,144,238
283,201,81,43,235,48,249,70,64,103,217,224,432,159,110,138,174,435,234,33,121,241,124,84,158,67,160,57,133,253,354,659,118,245,61,228,246,36,135,253,155,45,180,86,210,229,156,239,96,179
312,203,82,48,249,71,237,79,79,103,216,283,463,170,122,114,171,457,233,39,146,233,155,102,179,73,165,133,60,317,368,734,138,243,58,259,245,46,109,247,194,50,199,106,199,221,156,262,103,171
603,542,255,109,675,130,619,183,191,239,580,717,1160,381,286,362,449,1220,664,76,308,655,376,263,406,153,439,253,317,407,1000,1831,341,593,142,635,595,102,319,728,435,122,507,254,507,592,384,698,226,396
708,662,283,123,773,173,738,238,224,294,612,874,1416,500,431,465,555,1464,805,105,429,769,423,314,516,191,520,354,368,1000,615,2223,397,719,169,783,700,129,385,865,518,179,604,306,598,674,516,803,302,466
1248,1219,548,196,1510,272,1317,436,499,582,1147,1673,2547,936,676,780,1040,2533,1442,186,783,1432,806,538,914,331,892,659,734,1831,2223,1928,751,1242,320,1536,1312,263,699,1566,957,324,1036,523,1090,1327,925,1470,498,919
234,227,93,53,275,60,274,88,99,113,236,336,492,193,147,181,173,498,273,46,143,282,167,115,184,72,195,118,138,341,397,751,71,245,75,279,259,55,156,294,172,74,220,116,230,263,180,288,127,178
496,406,178,87,469,113,465,134,143,177,392,543,823,312,221,237,334,818,473,63,249,493,286,197,344,125,318,245,243,593,719,1242,245,228,104,490,440,82,229,512,302,90,375,185,395,441,288,516,166,333
97,110,51,22,98,29,113,37,35,42,90,127,209,71,57,69,76,198,111,13,53,96,60,46,69,34,69,61,58,142,169,320,75,104,9,121,120,20,57,125,77,20,93,43,101,109,66,128,35,81
535,438,237,98,582,123,533,161,192,213,438,623,989,340,270,328,360,992,560,56,266,592,304,215,336,117,357,228,259,635,783,1536,279,490,121,282,513,84,281,566,350,124,415,196,415,505,317,546,215,362
496,403,206,74,487,101,426,130,154,206,394,548,843,340,263,275,322,820,444,56,260,479,294,201,319,117,308,246,245,595,700,1312,259,440,120,513,198,83,227,495,324,107,359,171,389,458,329,475,173,316
101,75,32,10,86,21,69,28,30,28,62,85,156,53,41,50,71,163,85,16,37,87,49,32,57,24,60,36,46,102,129,263,55,82,20,84,83,4,53,73,47,21,66,31,67,88,54,99,34,69
252,220,92,43,275,50,236,79,96,96,213,283,473,163,127,137,180,466,257,27,155,242,146,115,152,55,158,135,109,319,385,699,156,229,57,281,227,53,61,270,184,47,194,92,181,236,167,252,91,189
434,485,215,79,586,125,512,158,176,225,452,630,1034,351,272,311,421,1031,533,62,303,556,335,204,350,127,355,253,247,728,865,1566,294,512,125,566,495,73,270,294,357,123,394,205,413,475,356,563,187,355
304,292,130,56,378,69,330,90,114,117,271,369,643,211,185,191,227,629,302,43,193,327,204,147,218,79,242,155,194,435,518,957,172,302,77,350,324,47,184,357,103,63,262,133,225,306,201,331,120,206
104,87,29,20,113,33,97,26,33,41,87,127,196,66,68,57,73,200,102,11,55,105,60,41,55,31,65,45,50,122,179,324,74,90,20,124,107,21,47,123,63,10,86,47,96,89,69,107,37,66
391,328,165,52,401,84,362,110,126,171,360,481,691,252,194,209,316,687,381,49,225,412,223,146,255,111,255,180,199,507,604,1036,220,375,93,415,359,66,194,394,262,86,161,149,304,391,251,392,151,284
177,153,73,34,185,43,174,53,60,71,196,211,338,116,83,99,137,344,198,25,93,212,119,76,127,49,140,86,106,254,306,523,116,185,43,196,171,31,92,205,133,47,149,35,160,207,117,212,74,124
459,345,155,76,415,93,419,112,129,180,350,452,734,278,220,219,277,729,402,48,237,403,226,165,265,91,282,210,199,507,598,1090,230,395,101,415,389,67,181,413,225,96,304,160,183,374,290,439,172,281
459,414,157,85,495,105,458,143,144,183,362,537,835,326,241,270,353,868,482,67,258,473,282,187,307,117,309,229,221,592,674,1327,263,441,109,505,458,88,236,475,306,89,391,207,374,194,307,500,203,282
347,272,126,47,312,62,324,97,119,136,276,350,594,218,170,168,222,588,310,37,177,366,179,122,207,83,216,156,156,384,516,925,180,288,66,317,329,54,167,356,201,69,251,117,290,307,111,372,124,192
497,435,199,75,514,109,527,168,182,210,439,591,941,345,264,275,368,966,530,67,285,533,336,226,357,127,332,239,262,698,803,1470,288,516,128,546,475,99,252,563,331,107,392,212,439,500,372,262,214,336
174,155,64,35,183,36,182,56,52,78,166,228,324,133,93,119,123,339,198,28,108,202,108,72,139,65,144,96,103,226,302,498,127,166,35,215,173,34,91,187,120,37,151,74,172,203,124,214,28,117
396,302,136,52,336,80,332,108,92,138,294,375,570,220,197,183,260,571,311,44,195,332,200,132,217,103,238,179,171,396,466,919,178,333,81,362,316,69,189,355,206,66,284,124,281,282,192,336,117,111
