292,475,212,104,505,124,514,195,166,250,440,522,858,371,321,339,377,857,503,68,330,546,363,221,360,152,399,278,304,581,729,1209,268,509,100,540,491,72,260,494,305,117,366,174,456,421,349,507,160,362
475,189,163,68,434,108,371,137,139,188,401,486,781,284,198,246,340,843,466,50,241,459,230,188,286,104,289,219,218,532,609,1215,228,397,100,481,402,63,228,442,288,91,392,151,333,399,237,443,141,291
212,163,36,33,208,41,170,53,59,80,160,214,407,132,83,95,138,394,192,16,93,190,118,75,134,54,128,85,108,272,278,564,116,182,36,211,189,29,108,196,130,33,182,72,150,177,121,201,88,119
104,68,33,7,82,19,76,34,34,39,74,108,145,55,43,50,68,122,87,9,49,66,72,32,67,17,56,29,46,84,104,213,46,84,10,113,91,18,46,66,60,15,64,45,57,83,50,80,37,70
505,434,208,82,229,113,488,147,169,190,421,601,949,310,274,273,341,913,523,55,311,506,270,197,351,136,342,232,227,619,767,1448,272,440,121,563,471,89,232,547,350,127,408,189,383,457,303,519,187,337
124,108,41,19,113,19,99,40,46,57,90,121,204,76,54,74,82,203,121,19,56,98,68,42,78,24,63,58,52,132,144,277,58,111,21,138,121,19,65,95,91,19,100,41,69,105,60,118,43,81
514,371,170,76,488,99,194,151,164,210,395,539,902,280,237,283,373,856,513,53,273,509,318,175,318,126,337,236,229,538,722,1319,255,453,96,538,460,87,248,470,351,109,410,202,358,483,307,483,181,289
195,137,53,34,147,40,151,20,47,69,142,166,252,103,97,106,127,278,176,15,99,162,74,54,83,37,94,62,81,185,228,437,80,144,29,157,161,27,78,161,103,34,128,52,100,139,90,158,43,95
166,139,59,34,169,46,164,47,27,64,126,202,304,110,71,95,118,300,157,16,80,168,94,69,110,47,112,71,79,202,254,472,99,153,38,175,154,29,83,188,111,28,145,70,142,149,100,168,69,130
250,188,80,39,190,57,210,69,64,47,147,222,409,153,111,115,147,423,197,25,121,224,127,88,160,60,137,98,105,274,284,552,116,210,48,208,206,28,119,186,129,42,161,73,202,193,139,214,85,149
440,401,160,74,421,90,395,142,126,147,170,451,790,298,225,224,309,808,415,57,258,440,249,176,286,111,306,218,234,541,625,1171,216,400,122,482,422,67,243,414,276,84,305,167,367,377,264,439,171,310
522,486,214,108,601,121,539,166,202,222,451,308,1046,359,274,305,385,1070,591,70,278,554,331,223,347,126,346,240,291,761,882,1666,316,520,143,599,486,104,297,656,406,122,429,213,452,548,352,571,208,383
858,781,407,145,949,204,902,252,304,409,790,1046,899,617,478,533,678,1576,931,116,473,932,503,369,618,216,593,442,480,1185,1393,2420,495,849,226,968,857,154,455,1040,615,167,667,349,777,943,594,970,334,632
371,284,132,55,310,76,280,103,110,153,298,359,617,92,161,163,249,580,324,38,174,336,210,126,235,105,231,162,159,355,481,881,166,282,78,348,296,50,171,330,200,74,257,133,266,307,206,357,129,251
321,198,83,43,274,54,237,97,71,111,225,274,478,161,72,122,158,459,269,32,163,283,167,108,162,68,160,109,159,331,410,717,127,230,55,249,250,37,153,272,174,48,220,99,211,229,168,264,106,172
339,246,95,50,273,74,283,106,95,115,224,305,533,163,122,74,185,556,260,35,145,264,162,118,172,58,161,129,154,389,447,785,142,259,69,273,262,29,162,296,184,66,218,105,220,253,169,301,105,183
377,340,138,68,341,82,373,127,118,147,309,385,678,249,158,185,135,648,370,38,199,363,201,177,235,105,246,180,163,464,583,1034,236,345,82,375,382,53,188,393,234,85,256,115,310,338,221,373,109,250
857,843,394,122,913,203,856,278,300,423,808,1070,1576,580,459,556,648,854,896,121,487,916,507,380,604,242,641,438,450,1154,1392,2470,471,871,214,970,858,147,459,1013,601,206,709,354,754,925,542,966,319,598
503,466,192,87,523,121,513,176,157,197,415,591,931,324,269,260,370,896,241,59,278,503,306,196,352,138,378,272,271,663,760,1397,265,483,119,551,509,86,267,548,325,109,381,172,453,493,310,538,204,356
68,50,16,9,55,19,53,15,16,25,57,70,116,38,32,35,38,121,59,4,37,53,48,25,38,14,29,23,36,78,107,171,42,46,10,52,60,5,29,86,39,17,51,28,37,53,30,62,26,42
330,241,93,49,311,56,273,99,80,121,258,278,473,174,163,145,199,487,278,37,64,290,164,118,165,57,170,119,138,347,402,761,135,260,65,281,256,44,176,314,180,61,220,90,212,244,161,310,105,198
546,459,190,66,506,98,509,162,168,224,440,554,932,336,283,264,363,916,503,53,290,285,317,225,339,139,367,274,250,672,749,1421,265,487,106,547,473,86,229,558,343,101,385,181,454,480,320,539,198,337
363,230,118,72,270,68,318,74,94,127,249,331,503,210,167,162,201,507,306,48,164,317,89,117,192,71,209,132,167,357,452,845,175,269,68,318,281,41,148,315,206,69,225,111,270,293,200,304,115,197
221,188,75,32,197,42,175,54,69,88,176,223,369,126,108,118,177,380,196,25,118,225,117,46,122,57,126,89,120,254,276,574,92,189,59,219,195,33,84,208,119,46,150,87,156,202,119,215,77,126
360,286,134,67,351,78,318,83,110,160,286,347,618,235,162,172,235,604,352,38,165,339,192,122,101,93,225,187,173,413,512,935,188,313,69,344,313,59,138,362,229,53,287,137,239,296,193,360,137,208
152,104,54,17,136,24,126,37,47,60,111,126,216,105,68,58,105,242,138,14,57,139,71,57,93,16,72,68,67,142,202,345,78,114,32,139,128,25,72,122,78,18,98,47,123,124,76,118,53,88
399,289,128,56,342,63,337,94,112,137,306,346,593,231,160,161,246,641,378,29,170,367,209,126,225,72,103,176,169,388,518,978,197,337,92,369,326,50,150,367,241,60,277,125,297,312,209,353,142,220
278,219,85,29,232,58,236,62,71,98,218,240,442,162,109,129,180,438,272,23,119,274,132,89,187,68,176,61,117,286,362,685,134,222,41,247,207,35,108,285,143,53,163,79,213,201,148,245,73,159
304,218,108,46,227,52,229,81,79,105,234,291,480,159,159,154,163,450,271,36,138,250,167,120,173,67,169,117,70,296,377,661,155,248,64,238,254,40,125,303,167,59,228,105,197,214,163,276,103,161
581,532,272,84,619,132,538,185,202,274,541,761,1185,355,331,389,464,1154,663,78,347,672,357,254,413,142,388,286,296,408,1006,1857,321,554,153,694,572,105,306,706,416,131,512,270,475,630,371,693,238,431
729,609,278,104,767,144,722,228,254,284,625,882,1393,481,410,447,583,1392,760,107,402,749,452,276,512,202,518,362,377,1006,606,2129,418,697,155,808,680,122,383,828,494,140,567,287,611,714,496,781,305,515
1209,1215,564,213,1448,277,1319,437,472,552,1171,1666,2420,881,717,785,1034,2470,1397,171,761,1421,845,574,935,345,978,685,661,1857,2129,1970,732,1362,370,1530,1336,245,704,1548,937,298,1055,570,1135,1360,842,1434,540,906
268,228,116,46,272,58,255,80,99,116,216,316,495,166,127,142,236,471,265,42,135,265,175,92,188,78,197,134,155,321,418,732,77,265,41,311,248,42,145,302,194,58,224,96,206,272,159,266,105,190
509,397,182,84,440,111,453,144,153,210,400,520,849,282,230,259,345,871,483,46,260,487,269,189,313,114,337,222,248,554,697,1362,265,225,97,501,424,85,264,485,310,105,337,167,381,448,272,497,182,324
100,100,36,10,121,21,96,29,38,48,122,143,226,78,55,69,82,214,119,10,65,106,68,59,69,32,92,41,64,153,155,370,41,97,10,111,110,8,52,129,78,29,91,48,105,96,64,121,40,88
540,481,211,113,563,138,538,157,175,208,482,599,968,348,249,273,375,970,551,52,281,547,318,219,344,139,369,247,238,694,808,1530,311,501,111,274,516,77,273,608,338,110,388,182,398,483,314,570,201,338
491,402,189,91,471,121,460,161,154,206,422,486,857,296,250,262,382,858,509,60,256,473,281,195,313,128,326,207,254,572,680,1336,248,424,110,516,203,90,245,490,310,96,350,203,387,488,322,481,172,323
72,63,29,18,89,19,87,27,29,28,67,104,154,50,37,29,53,147,86,5,44,86,41,33,59,25,50,35,40,105,122,245,42,85,8,77,90,3,38,86,49,20,66,30,69,83,56,101,39,60
260,228,108,46,232,65,248,78,83,119,243,297,455,171,153,162,188,459,267,29,176,229,148,84,138,72,150,108,125,306,383,704,145,264,52,273,245,38,70,260,164,52,196,72,192,216,140,273,81,180
494,442,196,66,547,95,470,161,188,186,414,656,1040,330,272,296,393,1013,548,86,314,558,315,208,362,122,367,285,303,706,828,1548,302,485,129,608,490,86,260,284,357,120,444,235,431,513,328,559,208,345
305,288,130,60,350,91,351,103,111,129,276,406,615,200,174,184,234,601,325,39,180,343,206,119,229,78,241,143,167,416,494,937,194,310,78,338,310,49,164,357,107,82,269,154,275,294,229,355,131,236
117,91,33,15,127,19,109,34,28,42,84,122,167,74,48,66,85,206,109,17,61,101,69,46,53,18,60,53,59,131,140,298,58,105,29,110,96,20,52,120,82,6,84,40,79,91,57,128,34,67
366,392,182,64,408,100,410,128,145,161,305,429,667,257,220,218,256,709,381,51,220,385,225,150,287,98,277,163,228,512,567,1055,224,337,91,388,350,66,196,444,269,84,140,161,330,396,271,378,127,254
174,151,72,45,189,41,202,52,70,73,167,213,349,133,99,105,115,354,172,28,90,181,111,87,137,47,125,79,105,270,287,570,96,167,48,182,203,30,72,235,154,40,161,39,177,184,127,225,79,121
456,333,150,57,383,69,358,100,142,202,367,452,777,266,211,220,310,754,453,37,212,454,270,156,239,123,297,213,197,475,611,1135,206,381,105,398,387,69,192,431,275,79,330,177,162,376,257,403,163,260
421,399,177,83,457,105,483,139,149,193,377,548,943,307,229,253,338,925,493,53,244,480,293,202,296,124,312,201,214,630,714,1360,272,448,96,483,488,83,216,513,294,91,396,184,376,220,274,475,186,310
349,237,121,50,303,60,307,90,100,139,264,352,594,206,168,169,221,542,310,30,161,320,200,119,193,76,209,148,163,371,496,842,159,272,64,314,322,56,140,328,229,57,271,127,257,274,99,337,121,214
507,443,201,80,519,118,483,158,168,214,439,571,970,357,264,301,373,966,538,62,310,539,304,215,360,118,353,245,276,693,781,1434,266,497,121,570,481,101,273,559,355,128,378,225,403,475,337,256,161,358
160,141,88,37,187,43,181,43,69,85,171,208,334,129,106,105,109,319,204,26,105,198,115,77,137,53,142,73,103,238,305,540,105,182,40,201,172,39,81,208,131,34,127,79,163,186,121,161,40,131
362,291,119,70,337,81,289,95,130,149,310,383,632,251,172,183,250,598,356,42,198,337,197,126,208,88,220,159,161,431,515,906,190,324,88,338,323,60,180,345,236,67,254,121,260,310,214,358,131,106
