257,459,203,73,503,102,439,180,184,236,445,494,817,340,307,311,356,851,516,57,333,506,324,207,381,161,400,287,293,606,669,1210,256,468,93,504,447,81,242,453,308,94,404,188,407,428,332,510,172,373
459,181,180,76,433,106,402,134,154,177,382,508,802,278,239,232,314,787,392,39,229,440,278,174,273,115,291,217,213,574,649,1188,227,415,90,468,397,87,213,499,283,71,348,167,339,434,276,440,176,286
203,180,29,24,220,48,208,57,53,71,166,202,387,123,126,113,149,383,211,16,107,213,120,73,133,47,129,95,103,263,298,531,119,198,47,216,187,33,93,217,129,38,146,71,170,180,125,219,73,127
73,76,24,9,80,23,92,25,33,40,77,89,141,62,40,49,68,144,87,9,56,84,45,27,64,23,62,47,51,110,131,218,36,72,21,110,69,16,42,98,57,13,52,31,70,75,48,80,26,64
503,433,220,80,287,99,476,176,165,227,434,568,928,327,278,330,385,933,514,66,272,512,339,192,353,118,323,266,247,657,777,1412,282,483,111,553,488,83,279,524,372,109,382,197,415,479,324,487,190,359
102,106,48,23,99,7,97,35,39,47,99,123,186,79,60,71,96,183,119,15,64,111,70,43,84,33,82,59,64,138,157,254,48,106,22,116,102,18,58,128,72,17,84,37,84,94,64,106,34,79
439,402,208,92,476,97,221,172,156,191,401,567,801,307,274,292,369,825,463,65,266,495,304,192,321,120,309,247,269,592,724,1225,226,463,96,501,435,78,241,532,319,77,375,173,366,464,301,480,173,311
180,134,57,25,176,35,172,23,56,69,150,163,284,89,83,84,104,255,137,21,90,158,81,56,103,38,83,66,65,208,229,428,91,126,35,171,162,32,70,183,102,30,139,55,126,138,95,169,65,100
184,154,53,33,165,39,156,56,27,63,142,176,323,104,92,95,107,277,167,23,76,178,89,58,112,33,102,85,68,215,245,479,87,169,37,167,139,27,70,191,123,29,133,62,140,159,95,177,48,110
236,177,71,40,227,47,191,69,63,42,164,235,322,130,105,132,166,333,208,25,108,209,126,93,141,52,169,78,108,256,315,556,108,210,38,228,175,31,106,236,144,41,192,74,168,196,144,216,64,153
445,382,166,77,434,99,401,150,142,164,173,459,729,266,256,275,296,740,446,55,234,413,260,178,267,111,293,202,240,595,606,1142,240,393,91,432,381,70,204,468,276,88,333,156,317,405,275,440,141,280
494,508,202,89,568,123,567,163,176,235,459,307,987,360,289,293,396,973,576,69,336,588,351,225,392,150,370,267,284,689,865,1546,316,493,123,600,527,110,260,578,390,109,425,198,468,510,349,576,204,388
817,802,387,141,928,186,801,284,323,322,729,987,754,599,451,497,682,1433,912,133,508,942,539,329,603,248,613,452,433,1130,1365,2407,448,840,210,1015,821,154,456,977,574,192,659,358,721,832,572,948,313,582
340,278,123,62,327,79,307,89,104,130,266,360,599,96,173,183,245,594,294,33,179,325,215,130,221,80,222,170,164,416,479,963,175,309,63,352,295,49,163,353,204,49,233,123,254,310,194,371,131,209
307,239,126,40,278,60,274,83,92,105,256,289,451,173,76,150,189,485,276,28,151,297,135,98,192,83,193,112,133,313,404,715,129,241,59,260,240,35,128,273,183,55,206,92,236,217,185,261,104,171
311,232,113,49,330,71,292,84,95,132,275,293,497,183,150,78,212,525,302,31,161,315,182,109,207,79,206,121,137,371,439,787,137,247,51,277,267,44,138,323,210,62,229,107,269,270,209,282,115,183
356,314,149,68,385,96,369,104,107,166,296,396,682,245,189,212,120,628,331,50,196,372,211,132,222,73,226,155,193,450,508,996,185,332,86,345,372,51,167,373,247,61,289,128,302,318,228,379,131,239
851,787,383,144,933,183,825,255,277,333,740,973,1433,594,485,525,628,801,933,115,502,899,520,349,626,238,627,431,457,1143,1377,2495,494,796,209,985,824,144,433,986,542,194,642,359,730,842,576,960,329,603
516,392,211,87,514,119,463,137,167,208,446,576,912,294,276,302,331,933,255,63,285,454,296,196,309,115,324,249,263,699,731,1367,248,453,109,520,461,86,232,553,330,99,402,184,396,498,293,516,174,366
57,39,16,9,66,15,65,21,23,25,55,69,133,33,28,31,50,115,63,2,37,63,38,16,44,18,38,34,33,79,92,157,35,64,14,58,55,7,48,50,46,7,58,25,41,67,35,78,26,36
333,229,107,56,272,64,266,90,76,108,234,336,508,179,151,161,196,502,285,37,70,310,192,98,183,66,194,102,141,344,423,777,155,246,64,249,257,31,147,296,187,60,231,94,229,209,160,327,90,181
506,440,213,84,512,111,495,158,178,209,413,588,942,325,297,315,372,899,454,63,310,247,301,222,315,138,337,271,293,695,727,1337,230,480,98,484,507,88,262,531,327,123,392,188,390,457,314,575,182,358
324,278,120,45,339,70,304,81,89,126,260,351,539,215,135,182,211,520,296,38,192,301,76,121,164,56,200,152,139,347,449,839,133,253,65,321,280,40,157,304,207,55,245,114,223,285,159,320,96,210
207,174,73,27,192,43,192,56,58,93,178,225,329,130,98,109,132,349,196,16,98,222,121,41,130,48,135,111,116,223,287,520,101,198,43,222,178,33,89,235,123,32,168,75,150,197,121,203,65,139
381,273,133,64,353,84,321,103,112,141,267,392,603,221,192,207,222,626,309,44,183,315,164,130,100,76,201,141,181,396,472,941,173,319,75,349,299,42,173,385,226,65,262,128,254,322,226,362,137,232
161,115,47,23,118,33,120,38,33,52,111,150,248,80,83,79,73,238,115,18,66,138,56,48,76,9,73,63,62,165,191,380,58,119,33,116,119,27,53,131,76,22,114,44,92,108,70,160,47,86
400,291,129,62,323,82,309,83,102,169,293,370,613,222,193,206,226,627,324,38,194,337,200,135,201,73,88,154,171,446,508,961,188,297,72,362,309,51,168,369,212,58,264,108,254,309,202,354,138,238
287,217,95,47,266,59,247,66,85,78,202,267,452,170,112,121,155,431,249,34,102,271,152,111,141,63,154,47,108,273,344,670,144,227,56,225,231,40,121,247,137,58,178,100,206,239,157,239,95,161
293,213,103,51,247,64,269,65,68,108,240,284,433,164,133,137,193,457,263,33,141,293,139,116,181,62,171,108,50,333,375,692,114,246,54,230,232,42,121,274,159,53,197,93,199,227,145,258,84,169
606,574,263,110,657,138,592,208,215,256,595,689,1130,416,313,371,450,1143,699,79,344,695,347,223,396,165,446,273,333,399,981,1832,362,597,156,672,579,103,311,718,405,138,482,257,502,585,405,653,253,406
669,649,298,131,777,157,724,229,245,315,606,865,1365,479,404,439,508,1377,731,92,423,727,449,287,472,191,508,344,375,981,565,2062,385,719,168,796,676,121,375,838,542,196,569,300,566,667,453,772,278,509
1210,1188,531,218,1412,254,1225,428,479,556,1142,1546,2407,963,715,787,996,2495,1367,157,777,1337,839,520,941,380,961,670,692,1832,2062,1897,694,1252,319,1528,1148,219,675,1409,886,286,1023,529,1102,1225,893,1388,504,859
256,227,119,36,282,48,226,91,87,108,240,316,448,175,129,137,185,494,248,35,155,230,133,101,173,58,188,144,114,362,385,694,69,235,54,312,225,40,134,268,156,60,223,99,219,240,163,268,85,150
468,415,198,72,483,106,463,126,169,210,393,493,840,309,241,247,332,796,453,64,246,480,253,198,319,119,297,227,246,597,719,1252,235,204,109,493,448,81,224,518,293,80,343,192,374,388,297,493,171,340
93,90,47,21,111,22,96,35,37,38,91,123,210,63,59,51,86,209,109,14,64,98,65,43,75,33,72,56,54,156,168,319,54,109,5,111,102,26,44,134,81,22,79,37,81,96,67,125,41,69
504,468,216,110,553,116,501,171,167,228,432,600,1015,352,260,277,345,985,520,58,249,484,321,222,349,116,362,225,230,672,796,1528,312,493,111,251,495,89,242,560,334,94,414,204,414,489,355,529,221,359
447,397,187,69,488,102,435,162,139,175,381,527,821,295,240,267,372,824,461,55,257,507,280,178,299,119,309,231,232,579,676,1148,225,448,102,495,198,89,222,488,330,95,383,172,372,418,279,461,154,327
81,87,33,16,83,18,78,32,27,31,70,110,154,49,35,44,51,144,86,7,31,88,40,33,42,27,51,40,42,103,121,219,40,81,26,89,89,6,43,89,45,19,63,42,69,78,64,82,37,51
242,213,93,42,279,58,241,70,70,106,204,260,456,163,128,138,167,433,232,48,147,262,157,89,173,53,168,121,121,311,375,675,134,224,44,242,222,43,55,279,178,40,206,102,193,246,140,264,88,164
453,499,217,98,524,128,532,183,191,236,468,578,977,353,273,323,373,986,553,50,296,531,304,235,385,131,369,247,274,718,838,1409,268,518,134,560,488,89,279,263,335,121,404,219,446,482,338,526,196,361
308,283,129,57,372,72,319,102,123,144,276,390,574,204,183,210,247,542,330,46,187,327,207,123,226,76,212,137,159,405,542,886,156,293,81,334,330,45,178,335,102,66,262,130,259,283,215,346,124,249
94,71,38,13,109,17,77,30,29,41,88,109,192,49,55,62,61,194,99,7,60,123,55,32,65,22,58,58,53,138,196,286,60,80,22,94,95,19,40,121,66,6,67,37,80,103,59,106,53,67
404,348,146,52,382,84,375,139,133,192,333,425,659,233,206,229,289,642,402,58,231,392,245,168,262,114,264,178,197,482,569,1023,223,343,79,414,383,63,206,404,262,67,163,140,327,341,226,385,130,281
188,167,71,31,197,37,173,55,62,74,156,198,358,123,92,107,128,359,184,25,94,188,114,75,128,44,108,100,93,257,300,529,99,192,37,204,172,42,102,219,130,37,140,30,153,182,107,184,69,114
407,339,170,70,415,84,366,126,140,168,317,468,721,254,236,269,302,730,396,41,229,390,223,150,254,92,254,206,199,502,566,1102,219,374,81,414,372,69,193,446,259,80,327,153,149,396,256,425,154,250
428,434,180,75,479,94,464,138,159,196,405,510,832,310,217,270,318,842,498,67,209,457,285,197,322,108,309,239,227,585,667,1225,240,388,96,489,418,78,246,482,283,103,341,182,396,202,287,462,162,317
332,276,125,48,324,64,301,95,95,144,275,349,572,194,185,209,228,576,293,35,160,314,159,121,226,70,202,157,145,405,453,893,163,297,67,355,279,64,140,338,215,59,226,107,256,287,95,352,121,206
510,440,219,80,487,106,480,169,177,216,440,576,948,371,261,282,379,960,516,78,327,575,320,203,362,160,354,239,258,653,772,1388,268,493,125,529,461,82,264,526,346,106,385,184,425,462,352,238,223,325
172,176,73,26,190,34,173,65,48,64,141,204,313,131,104,115,131,329,174,26,90,182,96,65,137,47,138,95,84,253,278,504,85,171,41,221,154,37,88,196,124,53,130,69,154,162,121,223,33,115
373,286,127,64,359,79,311,100,110,153,280,388,582,209,171,183,239,603,366,36,181,358,210,139,232,86,238,161,169,406,509,859,150,340,69,359,327,51,164,361,249,67,281,114,250,317,206,325,115,101
