271,431,219,86,537,97,500,191,181,262,443,518,825,377,310,343,374,852,500,66,315,548,377,198,328,167,371,270,282,671,706,1213,241,475,109,537,506,98,273,466,324,115,390,193,429,422,329,531,177,351
431,179,162,79,432,98,403,124,162,195,363,494,783,262,212,236,323,765,454,45,211,444,251,180,289,127,289,198,231,514,657,1238,241,412,97,440,383,73,192,438,279,91,335,166,359,422,271,427,162,311
219,162,23,24,178,36,191,62,82,79,162,239,377,109,104,103,159,391,209,27,95,200,106,73,124,53,135,95,84,256,313,545,94,188,49,230,190,25,112,214,126,32,175,78,143,186,118,219,78,149
86,79,24,2,87,20,81,26,29,49,76,85,144,56,56,65,60,137,92,13,58,92,55,35,71,29,67,41,49,104,127,205,52,69,13,97,85,17,38,73,42,23,54,25,67,62,46,83,29,69
537,432,178,87,259,106,468,160,174,187,399,560,906,322,251,289,363,905,505,59,295,535,282,211,317,118,310,236,253,641,785,1423,266,440,119,537,451,85,226,546,314,104,410,199,372,497,299,561,186,353
97,98,36,20,106,15,106,22,35,48,104,129,200,68,69,82,79,179,114,15,61,101,88,47,81,31,93,60,62,152,157,316,70,108,31,138,105,19,52,102,72,25,69,37,104,101,75,113,50,75
500,403,191,81,468,106,232,146,160,205,396,543,851,277,263,308,345,866,501,61,251,496,291,198,335,143,342,224,228,675,729,1326,269,452,102,511,465,87,229,486,312,102,379,183,391,450,319,486,210,330
191,124,62,26,160,22,146,22,61,61,119,167,252,99,85,105,102,277,145,22,90,137,102,59,102,42,86,75,93,197,202,429,80,140,41,158,137,27,69,163,102,23,102,57,135,124,103,169,55,101
181,162,82,29,174,35,160,61,21,73,132,153,282,127,87,107,133,280,173,16,72,181,87,78,111,40,108,70,61,231,235,448,95,155,42,188,162,26,88,188,116,27,125,58,130,152,92,174,57,122
262,195,79,49,187,48,205,61,73,47,151,212,345,155,121,139,153,351,202,31,103,211,146,82,140,55,136,104,109,255,303,528,112,214,41,216,203,42,108,208,139,35,135,82,175,184,142,210,78,134
443,363,162,76,399,104,396,119,132,151,168,496,749,274,241,267,286,766,413,59,226,405,284,163,287,97,297,190,225,561,620,1135,243,445,91,438,390,73,207,430,269,93,290,181,363,386,258,438,162,297
518,494,239,85,560,129,543,167,153,212,496,312,1012,364,261,311,409,995,615,67,320,600,307,239,343,147,412,268,258,741,903,1661,288,513,132,599,474,105,294,604,420,128,416,210,456,544,344,635,187,370
825,783,377,144,906,200,851,252,282,345,749,1012,814,577,514,513,688,1493,930,120,498,916,532,342,621,245,593,403,445,1141,1411,2537,499,869,210,998,779,150,446,963,592,182,705,331,719,867,570,911,326,576
377,262,109,56,322,68,277,99,127,155,274,364,577,97,152,183,230,581,327,51,183,325,192,109,212,78,216,162,157,382,477,858,176,324,59,350,277,58,159,319,197,68,264,114,267,270,197,337,109,222
310,212,104,56,251,69,263,85,87,121,241,261,514,152,74,135,191,517,273,34,148,277,159,115,178,94,186,99,131,328,400,730,164,246,68,293,254,40,117,272,165,47,214,108,245,259,155,291,103,180
343,236,103,65,289,82,308,105,107,139,267,311,513,183,135,80,210,513,275,36,169,265,183,125,173,82,193,111,126,354,439,796,173,268,70,279,267,35,143,300,188,49,209,127,236,268,167,288,107,209
374,323,159,60,363,79,345,102,133,153,286,409,688,230,191,210,108,680,332,46,183,334,205,158,215,81,236,160,154,457,519,1039,226,340,83,382,380,62,172,387,232,81,276,146,290,344,233,396,132,234
852,765,391,137,905,179,866,277,280,351,766,995,1493,581,517,513,680,866,903,124,517,918,538,357,675,262,633,390,438,1207,1397,2437,506,849,204,965,828,154,456,1000,612,189,702,334,786,831,574,939,333,583
500,454,209,92,505,114,501,145,173,202,413,615,930,327,273,275,332,903,259,76,268,509,293,231,357,147,359,225,272,678,726,1411,261,468,108,535,476,78,234,539,315,115,392,174,398,466,333,565,181,335
66,45,27,13,59,15,61,22,16,31,59,67,120,51,34,36,46,124,76,3,31,71,30,23,39,9,33,19,29,69,81,187,31,55,12,63,56,10,38,82,49,10,53,14,48,54,28,69,24,48
315,211,95,58,295,61,251,90,72,103,226,320,498,183,148,169,183,517,268,31,65,274,148,106,168,61,148,132,118,355,412,811,148,269,52,266,265,50,146,313,170,68,189,95,218,240,190,309,116,177
548,444,200,92,535,101,496,137,181,211,405,600,916,325,277,265,334,918,509,71,274,277,291,208,364,120,344,241,293,629,706,1376,267,469,110,532,462,87,258,524,327,116,412,189,411,440,324,549,168,338
377,251,106,55,282,88,291,102,87,146,284,307,532,192,159,183,205,538,293,30,148,291,87,131,199,90,191,137,154,359,472,780,158,275,62,320,282,30,130,310,180,61,227,118,245,266,160,311,101,209
198,180,73,35,211,47,198,59,78,82,163,239,342,109,115,125,158,357,231,23,106,208,131,39,136,50,142,104,95,267,301,555,94,198,43,203,198,40,90,209,138,36,151,86,169,197,108,209,71,154
328,289,124,71,317,81,335,102,111,140,287,343,621,212,178,173,215,675,357,39,168,364,199,136,113,83,209,145,162,415,489,919,167,325,74,333,311,49,144,333,215,64,280,138,255,322,190,344,125,227
167,127,53,29,118,31,143,42,40,55,97,147,245,78,94,82,81,262,147,9,61,120,90,50,83,11,71,67,68,161,192,365,77,135,33,114,136,25,61,134,93,21,99,48,101,123,76,139,46,90
371,289,135,67,310,93,342,86,108,136,297,412,593,216,186,193,236,633,359,33,148,344,191,142,209,71,93,144,172,397,501,984,191,331,70,312,328,40,159,364,218,59,269,136,292,328,193,359,125,220
270,198,95,41,236,60,224,75,70,104,190,268,403,162,99,111,160,390,225,19,132,241,137,104,145,67,144,61,96,254,341,628,113,234,55,210,220,40,109,252,143,53,198,90,182,227,153,249,82,157
282,231,84,49,253,62,228,93,61,109,225,258,445,157,131,126,154,438,272,29,118,293,154,95,162,68,172,96,75,333,395,708,148,250,53,255,256,41,125,280,167,53,192,93,194,226,154,273,90,184
671,514,256,104,641,152,675,197,231,255,561,741,1141,382,328,354,457,1207,678,69,355,629,359,267,415,161,397,254,333,398,1012,1830,331,586,147,689,587,93,355,700,420,156,520,228,506,566,366,699,247,424
706,657,313,127,785,157,729,202,235,303,620,903,1411,477,400,439,519,1397,726,81,412,706,472,301,489,192,501,341,395,1012,544,2078,367,722,214,839,738,136,371,777,499,163,584,276,616,714,458,819,269,509
1213,1238,545,205,1423,316,1326,429,448,528,1135,1661,2537,858,730,796,1039,2437,1411,187,811,1376,780,555,919,365,984,628,708,1830,2078,1987,724,1305,313,1593,1287,239,707,1479,879,310,1047,593,1049,1334,888,1480,531,964
241,241,94,52,266,70,269,80,95,112,243,288,499,176,164,173,226,506,261,31,148,267,158,94,167,77,191,113,148,331,367,724,62,252,59,296,226,48,133,287,154,65,216,105,229,256,182,284,92,193
475,412,188,69,440,108,452,140,155,214,445,513,869,324,246,268,340,849,468,55,269,469,275,198,325,135,331,234,250,586,722,1305,252,237,80,469,454,77,236,507,327,102,326,165,407,427,308,475,168,340
109,97,49,13,119,31,102,41,42,41,91,132,210,59,68,70,83,204,108,12,52,110,62,43,74,33,70,55,53,147,214,313,59,80,8,123,102,24,62,118,73,15,93,38,94,96,58,120,36,75
537,440,230,97,537,138,511,158,188,216,438,599,998,350,293,279,382,965,535,63,266,532,320,203,333,114,312,210,255,689,839,1593,296,469,123,280,524,87,282,576,331,116,427,205,445,514,309,621,213,372
506,383,190,85,451,105,465,137,162,203,390,474,779,277,254,267,380,828,476,56,265,462,282,198,311,136,328,220,256,587,738,1287,226,454,102,524,215,70,243,507,309,97,352,174,404,400,282,519,177,347
98,73,25,17,85,19,87,27,26,42,73,105,150,58,40,35,62,154,78,10,50,87,30,40,49,25,40,40,41,93,136,239,48,77,24,87,70,8,46,93,51,15,56,34,57,93,42,96,25,59
273,192,112,38,226,52,229,69,88,108,207,294,446,159,117,143,172,456,234,38,146,258,130,90,144,61,159,109,125,355,371,707,133,236,62,282,243,46,64,248,169,47,199,102,208,206,147,261,107,193
466,438,214,73,546,102,486,163,188,208,430,604,963,319,272,300,387,1000,539,82,313,524,310,209,333,134,364,252,280,700,777,1479,287,507,118,576,507,93,248,280,348,120,410,197,444,523,314,585,182,352
324,279,126,42,314,72,312,102,116,139,269,420,592,197,165,188,232,612,315,49,170,327,180,138,215,93,218,143,167,420,499,879,154,327,73,331,309,51,169,348,104,66,267,114,257,322,202,358,107,219
115,91,32,23,104,25,102,23,27,35,93,128,182,68,47,49,81,189,115,10,68,116,61,36,64,21,59,53,53,156,163,310,65,102,15,116,97,15,47,120,66,12,66,36,63,103,64,106,38,68
390,335,175,54,410,69,379,102,125,135,290,416,705,264,214,209,276,702,392,53,189,412,227,151,280,99,269,198,192,520,584,1047,216,326,93,427,352,56,199,410,267,66,144,150,324,334,238,377,144,220
193,166,78,25,199,37,183,57,58,82,181,210,331,114,108,127,146,334,174,14,95,189,118,86,138,48,136,90,93,228,276,593,105,165,38,205,174,34,102,197,114,36,150,32,152,180,108,203,60,133
429,359,143,67,372,104,391,135,130,175,363,456,719,267,245,236,290,786,398,48,218,411,245,169,255,101,292,182,194,506,616,1049,229,407,94,445,404,57,208,444,257,63,324,152,166,339,227,400,161,268
422,422,186,62,497,101,450,124,152,184,386,544,867,270,259,268,344,831,466,54,240,440,266,197,322,123,328,227,226,566,714,1334,256,427,96,514,400,93,206,523,322,103,334,180,339,253,291,454,168,334
329,271,118,46,299,75,319,103,92,142,258,344,570,197,155,167,233,574,333,28,190,324,160,108,190,76,193,153,154,366,458,888,182,308,58,309,282,42,147,314,202,64,238,108,227,291,77,310,109,229
531,427,219,83,561,113,486,169,174,210,438,635,911,337,291,288,396,939,565,69,309,549,311,209,344,139,359,249,273,699,819,1480,284,475,120,621,519,96,261,585,358,106,377,203,400,454,310,246,197,366
177,162,78,29,186,50,210,55,57,78,162,187,326,109,103,107,132,333,181,24,116,168,101,71,125,46,125,82,90,247,269,531,92,168,36,213,177,25,107,182,107,38,144,60,161,168,109,197,30,125
351,311,149,69,353,75,330,101,122,134,297,370,576,222,180,209,234,583,335,48,177,338,209,154,227,90,220,157,184,424,509,964,193,340,75,372,347,59,193,352,219,68,220,133,268,334,229,366,125,115
