270,470,230,96,511,115,454,156,206,239,453,525,844,364,332,339,374,825,473,62,348,492,333,214,363,160,373,289,276,616,695,1182,260,501,109,541,467,80,252,450,342,108,392,199,422,463,356,516,191,343
470,155,151,97,459,92,436,134,139,188,361,502,837,309,242,262,326,795,423,57,262,466,250,176,262,109,283,215,204,553,663,1254,245,448,98,467,428,77,227,499,305,77,347,166,341,384,272,473,149,309
230,151,23,32,193,52,213,57,68,85,170,221,362,107,98,118,132,338,182,25,114,193,119,74,128,34,106,97,111,216,276,534,112,169,36,220,181,36,100,203,148,37,153,82,149,178,122,210,65,117
96,97,32,10,71,19,95,23,27,36,76,83,149,73,50,54,51,150,75,14,47,99,50,42,49,23,54,39,47,92,141,208,39,71,21,85,92,12,41,97,46,19,55,33,68,70,53,92,31,48
511,459,193,71,274,107,478,146,160,202,451,561,949,372,281,311,382,941,520,72,273,549,312,227,335,134,343,234,251,658,749,1400,281,500,111,515,480,93,275,600,354,91,398,189,435,477,342,544,197,315
115,92,52,19,107,11,89,30,36,52,99,135,226,68,54,59,79,217,102,22,68,107,72,46,71,40,72,61,57,148,166,294,52,107,27,130,114,25,54,106,64,19,73,43,90,109,78,119,39,65
454,436,213,95,478,89,238,154,139,206,436,540,884,317,254,284,330,901,469,70,273,484,309,179,311,126,336,243,250,600,741,1365,252,474,121,531,470,102,242,514,309,102,391,200,372,496,327,481,171,351
156,134,57,23,146,30,154,17,47,53,121,197,268,93,97,88,103,302,129,13,90,145,95,60,107,35,94,78,80,185,231,445,87,148,29,150,139,25,67,156,99,27,120,73,108,137,120,163,65,82
206,139,68,27,160,36,139,47,24,77,137,174,303,107,92,106,118,270,152,21,101,169,94,66,109,42,104,73,74,201,255,437,81,163,34,152,160,26,74,164,97,27,108,60,137,179,94,168,56,109
239,188,85,36,202,52,206,53,77,43,155,234,379,147,116,117,140,365,226,34,126,212,117,78,117,60,144,97,100,286,319,513,93,206,41,220,195,35,109,198,147,37,165,79,167,184,127,205,75,139
453,361,170,76,451,99,436,121,137,155,164,438,804,288,212,238,315,778,453,62,264,448,253,186,245,117,268,226,235,571,651,1136,218,421,82,453,411,91,193,461,294,80,314,151,344,391,271,428,140,275
525,502,221,83,561,135,540,197,174,234,438,305,1020,357,277,324,439,1034,580,78,312,590,302,223,322,132,350,240,289,717,894,1652,334,503,153,597,471,78,310,670,383,103,438,225,422,527,350,576,215,369
844,837,362,149,949,226,884,268,303,379,804,1020,829,557,473,542,645,1473,935,120,489,973,519,345,604,219,608,384,455,1152,1410,2563,516,826,213,1021,842,157,442,999,591,193,714,352,690,830,619,931,356,641
364,309,107,73,372,68,317,93,107,147,288,357,557,100,214,217,232,572,314,37,185,320,212,139,251,74,226,169,187,393,498,956,183,330,60,354,317,51,165,385,192,62,246,146,296,317,229,349,136,207
332,242,98,50,281,54,254,97,92,116,212,277,473,214,78,159,195,473,287,37,141,276,159,120,186,56,157,122,141,324,417,747,130,244,65,312,278,50,144,295,161,50,253,121,242,228,166,272,107,175
339,262,118,54,311,59,284,88,106,117,238,324,542,217,159,99,207,526,279,34,154,298,165,106,201,68,193,128,146,336,481,821,143,282,75,330,294,53,146,310,171,55,252,105,259,246,177,328,113,170
374,326,132,51,382,79,330,103,118,140,315,439,645,232,195,207,142,674,394,42,230,383,188,146,220,100,224,177,191,480,560,1025,205,361,82,402,341,81,176,368,253,78,269,126,271,405,220,358,148,256
825,795,338,150,941,217,901,302,270,365,778,1034,1473,572,473,526,674,826,916,132,482,939,544,365,633,228,630,402,464,1115,1364,2514,506,842,210,1024,837,170,493,973,621,175,681,382,754,839,597,924,371,620
473,423,182,75,520,102,469,129,152,226,453,580,935,314,287,279,394,916,258,80,283,443,302,204,338,117,336,251,247,654,762,1455,275,482,111,541,479,74,253,550,336,90,414,179,412,520,334,558,191,350
62,57,25,14,72,22,70,13,21,34,62,78,120,37,37,34,42,132,80,5,28,66,33,22,45,22,44,22,43,84,92,188,40,63,9,54,61,14,34,82,43,16,48,31,53,55,39,69,22,46
348,262,114,47,273,68,273,90,101,126,264,312,489,185,141,154,230,482,283,28,67,288,166,122,198,83,185,123,135,329,439,803,140,257,62,286,234,43,139,310,168,64,196,108,222,253,182,308,115,176
492,466,193,99,549,107,484,145,169,212,448,590,973,320,276,298,383,939,443,66,288,251,318,213,333,126,319,226,268,660,801,1476,293,488,104,577,474,93,263,536,327,109,394,180,399,537,309,529,186,349
333,250,119,50,312,72,309,95,94,117,253,302,519,212,159,165,188,544,302,33,166,318,89,110,164,64,170,137,168,331,471,817,162,280,63,307,280,47,153,312,184,61,221,114,249,274,174,331,94,176
214,176,74,42,227,46,179,60,66,78,186,223,345,139,120,106,146,365,204,22,122,213,110,47,147,53,143,111,101,236,298,539,116,205,30,193,178,39,91,214,144,35,157,73,147,182,138,204,64,139
363,262,128,49,335,71,311,107,109,117,245,322,604,251,186,201,220,633,338,45,198,333,164,147,117,70,217,163,173,399,476,911,175,278,65,337,307,56,188,349,213,67,251,128,259,315,192,356,119,232
160,109,34,23,134,40,126,35,42,60,117,132,219,74,56,68,100,228,117,22,83,126,64,53,70,9,79,57,63,128,190,333,74,126,30,121,114,25,71,134,91,25,81,46,89,124,76,141,42,104
373,283,106,54,343,72,336,94,104,144,268,350,608,226,157,193,224,630,336,44,185,319,170,143,217,79,115,154,171,401,527,980,184,270,65,337,295,58,167,353,223,66,239,134,266,317,195,356,124,240
289,215,97,39,234,61,243,78,73,97,226,240,384,169,122,128,177,402,251,22,123,226,137,111,163,57,154,65,139,300,368,651,117,222,56,264,218,34,96,277,154,47,170,92,211,193,141,225,89,184
276,204,111,47,251,57,250,80,74,100,235,289,455,187,141,146,191,464,247,43,135,268,168,101,173,63,171,139,78,312,389,686,128,231,50,243,229,48,147,298,157,43,211,92,211,244,163,266,81,163
616,553,216,92,658,148,600,185,201,286,571,717,1152,393,324,336,480,1115,654,84,329,660,331,236,399,128,401,300,312,376,948,1876,340,601,162,678,574,104,344,699,428,137,494,245,457,604,385,644,242,444
695,663,276,141,749,166,741,231,255,319,651,894,1410,498,417,481,560,1364,762,92,439,801,471,298,476,190,527,368,389,948,637,2079,437,737,187,798,708,149,379,808,504,165,565,301,579,732,474,758,279,538
1182,1254,534,208,1400,294,1365,445,437,513,1136,1652,2563,956,747,821,1025,2514,1455,188,803,1476,817,539,911,333,980,651,686,1876,2079,2010,745,1312,326,1527,1329,267,739,1531,952,280,1119,528,1101,1330,933,1444,531,953
260,245,112,39,281,52,252,87,81,93,218,334,516,183,130,143,205,506,275,40,140,293,162,116,175,74,184,117,128,340,437,745,73,250,61,300,259,50,132,293,160,50,215,108,227,248,172,269,103,180
501,448,169,71,500,107,474,148,163,206,421,503,826,330,244,282,361,842,482,63,257,488,280,205,278,126,270,222,231,601,737,1312,250,213,92,492,439,86,252,536,320,96,380,197,383,459,299,505,182,302
109,98,36,21,111,27,121,29,34,41,82,153,213,60,65,75,82,210,111,9,62,104,63,30,65,30,65,56,50,162,187,326,61,92,10,134,105,26,46,127,76,19,93,42,89,104,71,128,42,63
541,467,220,85,515,130,531,150,152,220,453,597,1021,354,312,330,402,1024,541,54,286,577,307,193,337,121,337,264,243,678,798,1527,300,492,134,274,513,86,233,598,382,102,421,216,425,490,334,587,207,362
467,428,181,92,480,114,470,139,160,195,411,471,842,317,278,294,341,837,479,61,234,474,280,178,307,114,295,218,229,574,708,1329,259,439,105,513,227,85,198,556,309,90,352,164,375,452,303,469,157,298
80,77,36,12,93,25,102,25,26,35,91,78,157,51,50,53,81,170,74,14,43,93,47,39,56,25,58,34,48,104,149,267,50,86,26,86,85,2,42,93,43,16,58,33,73,76,54,102,34,58
252,227,100,41,275,54,242,67,74,109,193,310,442,165,144,146,176,493,253,34,139,263,153,91,188,71,167,96,147,344,379,739,132,252,46,233,198,42,63,261,165,43,191,116,181,227,181,290,103,170
450,499,203,97,600,106,514,156,164,198,461,670,999,385,295,310,368,973,550,82,310,536,312,214,349,134,353,277,298,699,808,1531,293,536,127,598,556,93,261,298,362,102,377,232,434,519,340,564,207,377
342,305,148,46,354,64,309,99,97,147,294,383,591,192,161,171,253,621,336,43,168,327,184,144,213,91,223,154,157,428,504,952,160,320,76,382,309,43,165,362,113,64,280,122,250,297,223,359,140,235
108,77,37,19,91,19,102,27,27,37,80,103,193,62,50,55,78,175,90,16,64,109,61,35,67,25,66,47,43,137,165,280,50,96,19,102,90,16,43,102,64,9,87,39,69,95,63,102,41,54
392,347,153,55,398,73,391,120,108,165,314,438,714,246,253,252,269,681,414,48,196,394,221,157,251,81,239,170,211,494,565,1119,215,380,93,421,352,58,191,377,280,87,134,140,303,373,246,401,135,276
199,166,82,33,189,43,200,73,60,79,151,225,352,146,121,105,126,382,179,31,108,180,114,73,128,46,134,92,92,245,301,528,108,197,42,216,164,33,116,232,122,39,140,44,157,154,122,220,69,142
422,341,149,68,435,90,372,108,137,167,344,422,690,296,242,259,271,754,412,53,222,399,249,147,259,89,266,211,211,457,579,1101,227,383,89,425,375,73,181,434,250,69,303,157,165,362,263,400,162,271
463,384,178,70,477,109,496,137,179,184,391,527,830,317,228,246,405,839,520,55,253,537,274,182,315,124,317,193,244,604,732,1330,248,459,104,490,452,76,227,519,297,95,373,154,362,220,294,470,172,323
356,272,122,53,342,78,327,120,94,127,271,350,619,229,166,177,220,597,334,39,182,309,174,138,192,76,195,141,163,385,474,933,172,299,71,334,303,54,181,340,223,63,246,122,263,294,99,330,118,209
516,473,210,92,544,119,481,163,168,205,428,576,931,349,272,328,358,924,558,69,308,529,331,204,356,141,356,225,266,644,758,1444,269,505,128,587,469,102,290,564,359,102,401,220,400,470,330,243,172,323
191,149,65,31,197,39,171,65,56,75,140,215,356,136,107,113,148,371,191,22,115,186,94,64,119,42,124,89,81,242,279,531,103,182,42,207,157,34,103,207,140,41,135,69,162,172,118,172,34,129
343,309,117,48,315,65,351,82,109,139,275,369,641,207,175,170,256,620,350,46,176,349,176,139,232,104,240,184,163,444,538,953,180,302,63,362,298,58,170,377,235,54,276,142,271,323,209,323,129,119
