276,416,233,84,490,98,448,172,184,272,461,482,800,376,305,328,343,802,499,78,333,553,324,191,338,143,355,280,304,594,695,1163,240,488,101,510,468,80,261,463,293,132,342,172,448,438,331,528,147,391
416,206,172,78,486,109,431,119,154,180,366,491,809,271,221,277,315,808,443,61,205,428,225,171,295,111,275,210,218,555,688,1246,259,402,87,436,392,79,188,478,272,86,331,179,340,435,267,477,152,303
233,172,35,44,192,55,192,61,68,84,166,215,374,100,100,119,150,353,184,18,93,175,113,62,119,53,132,87,99,264,301,585,113,162,46,205,197,29,106,208,114,38,154,83,141,179,122,190,79,144
84,78,44,9,88,19,76,35,38,40,58,87,136,56,59,62,62,146,90,6,79,84,57,28,59,24,62,44,48,100,124,216,51,80,11,90,65,22,42,85,52,17,69,32,62,77,62,76,32,56
490,486,192,88,266,102,494,160,166,187,435,532,891,376,270,275,370,914,518,62,270,539,307,213,316,121,358,243,263,678,758,1340,274,478,118,530,447,92,274,530,341,103,386,210,393,462,343,492,198,353
98,109,55,19,102,12,93,44,32,54,79,122,194,68,64,75,92,199,125,14,69,110,63,34,75,32,83,55,64,151,169,289,58,107,17,112,92,22,57,134,74,17,88,46,77,89,84,110,36,68
448,431,192,76,494,93,197,158,181,204,351,551,866,305,267,323,345,882,485,59,278,480,267,182,317,109,321,233,275,596,716,1319,259,459,107,486,412,85,248,489,313,100,365,185,322,450,327,490,174,339
172,119,61,35,160,44,158,17,47,65,148,163,303,107,73,90,107,279,169,19,94,178,82,58,102,46,103,63,75,194,240,436,78,156,45,162,151,23,73,167,96,27,121,36,123,164,91,171,55,109
184,154,68,38,166,32,181,47,22,72,141,184,291,113,68,81,114,268,163,20,83,160,94,67,91,34,115,85,89,193,246,420,81,164,29,169,148,28,75,168,117,30,117,52,130,152,101,167,55,101
272,180,84,40,187,54,204,65,72,56,202,239,369,140,102,119,155,379,191,22,123,218,131,78,133,54,127,103,116,240,317,539,111,210,48,245,180,26,100,218,135,40,159,80,170,219,139,205,82,167
461,366,166,58,435,79,351,148,141,202,194,459,798,296,214,264,307,741,412,57,234,446,266,151,281,97,252,209,226,533,671,1159,209,378,85,474,375,82,210,458,267,95,324,158,345,418,289,407,158,300
482,491,215,87,532,122,551,163,184,239,459,318,1019,357,307,341,410,1006,555,66,288,569,328,209,349,149,370,247,272,687,793,1584,310,511,137,553,516,93,280,601,371,94,426,191,462,492,338,574,222,379
800,809,374,136,891,194,866,303,291,369,798,1019,793,559,488,558,669,1396,881,123,526,899,527,324,577,246,577,426,488,1074,1350,2409,497,795,203,989,831,147,449,942,588,165,625,312,727,820,585,902,330,591
376,271,100,56,376,68,305,107,113,140,296,357,559,108,172,193,234,552,342,48,185,353,188,129,235,91,233,145,173,422,514,921,189,306,75,352,291,45,175,362,197,74,255,114,264,313,212,364,109,231
305,221,100,59,270,64,267,73,68,102,214,307,488,172,77,151,200,471,261,34,171,263,150,113,171,63,183,112,136,315,419,764,159,255,65,284,271,39,140,260,179,53,202,88,203,243,180,281,96,193
328,277,119,62,275,75,323,90,81,119,264,341,558,193,151,68,214,501,310,33,167,299,171,134,195,68,211,118,147,362,435,864,167,269,62,288,298,53,153,304,168,59,208,86,233,270,177,284,123,216
343,315,150,62,370,92,345,107,114,155,307,410,669,234,200,214,124,674,385,49,202,377,199,118,258,109,268,204,189,443,548,979,199,341,92,376,337,54,178,375,221,68,271,135,314,329,202,367,128,249
802,808,353,146,914,199,882,279,268,379,741,1006,1396,552,471,501,674,744,878,132,517,911,509,353,591,252,630,422,470,1112,1352,2344,474,821,182,965,823,142,460,984,640,169,678,330,716,833,550,881,306,617
499,443,184,90,518,125,485,169,163,191,412,555,881,342,261,310,385,878,268,62,263,486,291,181,321,122,333,240,256,614,710,1372,277,468,97,536,449,96,242,537,342,88,403,192,382,481,329,509,193,400
78,61,18,6,62,14,59,19,20,22,57,66,123,48,34,33,49,132,62,4,40,66,46,25,33,11,33,24,30,92,99,186,35,54,16,79,54,4,29,57,42,9,53,18,56,55,34,61,22,35
333,205,93,79,270,69,278,94,83,123,234,288,526,185,171,167,202,517,263,40,72,274,185,115,186,60,167,122,144,338,417,790,169,278,58,292,277,51,131,290,173,61,239,115,233,238,179,310,124,215
553,428,175,84,539,110,480,178,160,218,446,569,899,353,263,299,377,911,486,66,274,286,310,209,346,121,347,250,290,708,754,1425,296,500,115,542,436,95,248,542,324,109,390,176,389,472,348,496,197,374
324,225,113,57,307,63,267,82,94,131,266,328,527,188,150,171,199,509,291,46,185,310,78,121,179,73,214,118,148,341,477,828,170,283,65,291,284,58,153,314,176,62,247,104,235,286,190,292,109,193
191,171,62,28,213,34,182,58,67,78,151,209,324,129,113,134,118,353,181,25,115,209,121,38,121,45,131,95,114,259,285,575,111,176,41,190,179,38,78,221,128,37,141,68,146,180,126,194,61,139
338,295,119,59,316,75,317,102,91,133,281,349,577,235,171,195,258,591,321,33,186,346,179,121,96,63,204,151,182,408,508,911,174,284,64,318,304,66,157,331,197,84,252,125,256,314,224,335,106,244
143,111,53,24,121,32,109,46,34,54,97,149,246,91,63,68,109,252,122,11,60,121,73,45,63,8,65,65,65,165,203,340,73,125,24,138,110,31,74,119,80,28,88,46,81,131,88,138,45,82
355,275,132,62,358,83,321,103,115,127,252,370,577,233,183,211,268,630,333,33,167,347,214,131,204,65,120,168,188,457,540,951,192,319,64,355,291,69,180,347,211,87,272,141,277,339,220,378,115,229
280,210,87,44,243,55,233,63,85,103,209,247,426,145,112,118,204,422,240,24,122,250,118,95,151,65,168,49,115,270,366,655,125,206,57,246,213,44,123,267,143,39,188,66,208,220,132,238,83,160
304,218,99,48,263,64,275,75,89,116,226,272,488,173,136,147,189,470,256,30,144,290,148,114,182,65,188,115,55,290,427,744,159,235,64,280,234,45,124,297,151,64,206,85,221,244,142,288,86,190
594,555,264,100,678,151,596,194,193,240,533,687,1074,422,315,362,443,1112,614,92,338,708,341,259,408,165,457,270,290,423,961,1741,334,584,150,696,573,102,317,689,427,135,489,215,486,574,382,668,221,444
695,688,301,124,758,169,716,240,246,317,671,793,1350,514,419,435,548,1352,710,99,417,754,477,285,508,203,540,366,427,961,519,2147,432,656,157,784,702,145,354,710,460,136,540,267,607,715,483,695,297,486
1163,1246,585,216,1340,289,1319,436,420,539,1159,1584,2409,921,764,864,979,2344,1372,186,790,1425,828,575,911,340,951,655,744,1741,2147,1877,720,1304,312,1480,1301,238,680,1416,925,263,1001,530,1135,1194,891,1360,479,979
240,259,113,51,274,58,259,78,81,111,209,310,497,189,159,167,199,474,277,35,169,296,170,111,174,73,192,125,159,334,432,720,59,250,61,284,238,40,131,316,183,54,221,99,214,229,160,281,83,166
488,402,162,80,478,107,459,156,164,210,378,511,795,306,255,269,341,821,468,54,278,500,283,176,284,125,319,206,235,584,656,1304,250,218,107,490,437,78,254,460,304,83,374,178,375,427,305,516,178,318
101,87,46,11,118,17,107,45,29,48,85,137,203,75,65,62,92,182,97,16,58,115,65,41,64,24,64,57,64,150,157,312,61,107,11,131,103,20,69,117,83,28,82,54,80,105,78,106,45,99
510,436,205,90,530,112,486,162,169,245,474,553,989,352,284,288,376,965,536,79,292,542,291,190,318,138,355,246,280,696,784,1480,284,490,131,277,467,82,277,530,379,117,389,193,427,476,297,584,192,349
468,392,197,65,447,92,412,151,148,180,375,516,831,291,271,298,337,823,449,54,277,436,284,179,304,110,291,213,234,573,702,1301,238,437,103,467,210,89,251,507,325,92,324,182,362,450,282,461,167,308
80,79,29,22,92,22,85,23,28,26,82,93,147,45,39,53,54,142,96,4,51,95,58,38,66,31,69,44,45,102,145,238,40,78,20,82,89,4,36,81,58,19,55,36,79,74,45,99,45,50
261,188,106,42,274,57,248,73,75,100,210,280,449,175,140,153,178,460,242,29,131,248,153,78,157,74,180,123,124,317,354,680,131,254,69,277,251,36,63,257,152,48,175,70,201,233,166,251,97,154
463,478,208,85,530,134,489,167,168,218,458,601,942,362,260,304,375,984,537,57,290,542,314,221,331,119,347,267,297,689,710,1416,316,460,117,530,507,81,257,250,351,128,423,199,421,494,362,519,186,380
293,272,114,52,341,74,313,96,117,135,267,371,588,197,179,168,221,640,342,42,173,324,176,128,197,80,211,143,151,427,460,925,183,304,83,379,325,58,152,351,114,60,268,134,251,310,213,315,119,206
132,86,38,17,103,17,100,27,30,40,95,94,165,74,53,59,68,169,88,9,61,109,62,37,84,28,87,39,64,135,136,263,54,83,28,117,92,19,48,128,60,11,73,29,86,98,68,104,37,73
342,331,154,69,386,88,365,121,117,159,324,426,625,255,202,208,271,678,403,53,239,390,247,141,252,88,272,188,206,489,540,1001,221,374,82,389,324,55,175,423,268,73,123,149,301,340,260,361,131,292
172,179,83,32,210,46,185,36,52,80,158,191,312,114,88,86,135,330,192,18,115,176,104,68,125,46,141,66,85,215,267,530,99,178,54,193,182,36,70,199,134,29,149,31,140,185,119,192,71,139
448,340,141,62,393,77,322,123,130,170,345,462,727,264,203,233,314,716,382,56,233,389,235,146,256,81,277,208,221,486,607,1135,214,375,80,427,362,79,201,421,251,86,301,140,150,381,268,430,132,269
438,435,179,77,462,89,450,164,152,219,418,492,820,313,243,270,329,833,481,55,238,472,286,180,314,131,339,220,244,574,715,1194,229,427,105,476,450,74,233,494,310,98,340,185,381,215,297,527,138,323
331,267,122,62,343,84,327,91,101,139,289,338,585,212,180,177,202,550,329,34,179,348,190,126,224,88,220,132,142,382,483,891,160,305,78,297,282,45,166,362,213,68,260,119,268,297,100,343,109,225
528,477,190,76,492,110,490,171,167,205,407,574,902,364,281,284,367,881,509,61,310,496,292,194,335,138,378,238,288,668,695,1360,281,516,106,584,461,99,251,519,315,104,361,192,430,527,343,240,188,373
147,152,79,32,198,36,174,55,55,82,158,222,330,109,96,123,128,306,193,22,124,197,109,61,106,45,115,83,86,221,297,479,83,178,45,192,167,45,97,186,119,37,131,71,132,138,109,188,23,140
391,303,144,56,353,68,339,109,101,167,300,379,591,231,193,216,249,617,400,35,215,374,193,139,244,82,229,160,190,444,486,979,166,318,99,349,308,50,154,380,206,73,292,139,269,323,225,373,140,116
