257,479,213,96,516,108,488,186,170,249,451,499,825,396,345,353,359,836,577,73,339,552,330,229,363,149,373,307,310,643,698,1158,256,526,101,510,486,77,256,456,323,116,385,172,473,417,342,515,159,349
479,182,170,67,450,98,425,137,152,185,372,506,774,257,207,240,316,792,462,49,255,448,236,163,262,102,275,198,210,535,691,1287,231,414,92,476,413,68,244,471,304,85,322,153,329,422,291,445,148,283
213,170,39,38,197,50,185,63,69,83,183,241,357,122,102,116,157,359,205,20,112,223,118,92,116,42,129,99,94,255,293,628,104,186,43,188,219,26,100,212,141,46,166,78,154,171,111,223,76,121
96,67,38,6,83,20,73,25,27,33,70,97,141,56,55,46,53,134,91,15,45,90,43,28,69,20,60,51,49,100,115,209,42,84,26,77,74,16,51,79,62,14,77,32,71,74,49,85,30,50
516,450,197,83,266,124,498,168,159,202,403,594,921,340,268,297,382,892,548,69,298,538,301,191,326,132,331,235,244,652,805,1453,265,471,132,565,499,88,275,558,354,104,395,187,397,476,349,557,173,346
108,98,50,20,124,13,102,38,31,46,102,141,193,75,73,63,78,193,130,22,63,111,65,39,85,31,83,62,53,145,173,275,48,99,35,124,99,18,60,128,71,18,94,50,91,105,68,118,40,91
488,425,185,73,498,102,208,162,152,197,407,580,866,296,256,265,339,905,496,59,276,492,301,190,314,112,349,259,248,620,743,1274,253,449,99,504,452,95,238,516,308,93,384,209,382,453,293,488,171,328
186,137,63,25,168,38,162,23,50,74,135,175,248,96,96,89,99,260,145,30,79,152,87,66,103,52,121,72,81,161,223,441,91,148,28,159,159,28,66,158,90,38,110,55,137,142,95,132,68,104
170,152,69,27,159,31,152,50,21,71,145,189,284,100,94,95,120,290,183,15,98,162,92,50,116,53,118,68,86,201,277,531,99,148,32,163,145,24,89,184,107,46,131,49,125,166,106,174,42,102
249,185,83,33,202,46,197,74,71,38,182,237,382,136,117,130,147,398,195,29,114,198,138,67,147,47,133,88,110,246,303,565,112,164,44,228,211,31,112,197,140,41,157,79,192,200,139,244,67,151
451,372,183,70,403,102,407,135,145,182,181,512,793,272,231,252,296,774,431,57,226,413,258,163,304,120,288,197,211,520,644,1171,232,385,103,440,409,66,222,416,274,85,307,154,355,398,265,420,150,300
499,506,241,97,594,141,580,175,189,237,512,311,1024,342,254,314,408,1013,558,77,298,609,307,215,360,133,377,253,304,743,870,1611,278,542,144,597,538,98,312,622,394,116,442,224,455,529,357,598,221,393
825,774,357,141,921,193,866,248,284,382,793,1024,834,588,488,526,647,1457,987,128,474,979,536,354,616,234,601,429,438,1215,1453,2500,506,863,218,975,845,149,465,1004,594,189,719,337,705,832,531,982,311,662
396,257,122,56,340,75,296,96,100,136,272,342,588,98,174,191,220,582,323,46,177,312,198,130,233,75,224,176,163,411,503,882,168,314,70,337,331,60,162,333,204,58,257,115,269,282,200,329,117,215
345,207,102,55,268,73,256,96,94,117,231,254,488,174,89,144,203,503,253,33,151,269,171,108,198,78,202,118,129,346,419,730,159,273,44,306,261,39,140,299,160,50,234,104,216,237,173,315,100,179
353,240,116,46,297,63,265,89,95,130,252,314,526,191,144,96,217,546,273,27,174,307,176,112,195,70,191,102,137,373,419,790,165,284,48,287,313,37,155,289,182,62,246,107,248,269,158,326,110,190
359,316,157,53,382,78,339,99,120,147,296,408,647,220,203,217,141,647,380,47,207,333,209,138,245,103,248,184,180,460,587,1054,195,330,84,370,356,61,165,389,256,79,286,140,309,326,219,380,131,233
836,792,359,134,892,193,905,260,290,398,774,1013,1457,582,503,546,647,831,960,123,471,928,512,367,647,233,613,424,416,1233,1452,2494,482,862,208,1025,828,149,480,988,611,201,723,336,726,836,571,971,336,584
577,462,205,91,548,130,496,145,183,195,431,558,987,323,253,273,380,960,268,56,270,475,274,202,357,125,338,224,245,671,766,1460,290,457,115,607,452,85,282,524,326,104,395,191,410,459,316,524,197,310
73,49,20,15,69,22,59,30,15,29,57,77,128,46,33,27,47,123,56,4,27,57,40,20,46,16,37,26,22,87,86,178,37,57,10,58,66,10,32,78,32,10,42,23,52,46,52,51,27,52
339,255,112,45,298,63,276,79,98,114,226,298,474,177,151,174,207,471,270,27,77,296,174,126,173,68,184,126,142,340,394,754,157,252,57,282,222,36,148,324,178,59,223,107,222,247,173,289,108,197
552,448,223,90,538,111,492,152,162,198,413,609,979,312,269,307,333,928,475,57,296,250,279,201,316,154,356,245,221,682,779,1475,306,458,111,572,459,76,251,542,345,107,374,205,391,455,313,511,173,353
330,236,118,43,301,65,301,87,92,138,258,307,536,198,171,176,209,512,274,40,174,279,91,124,200,64,207,168,152,353,458,842,181,264,59,319,293,47,137,305,172,65,211,97,248,283,198,331,110,217
229,163,92,28,191,39,190,66,50,67,163,215,354,130,108,112,138,367,202,20,126,201,124,47,128,44,141,111,93,252,317,568,123,188,49,208,212,41,117,192,118,39,165,71,159,204,137,227,72,140
363,262,116,69,326,85,314,103,116,147,304,360,616,233,198,195,245,647,357,46,173,316,200,128,105,82,220,153,129,431,546,987,189,321,80,360,332,48,163,372,203,69,244,123,257,319,193,341,122,242
149,102,42,20,132,31,112,52,53,47,120,133,234,75,78,70,103,233,125,16,68,154,64,44,82,17,82,51,46,147,183,361,69,125,34,127,126,16,64,131,101,28,90,41,97,119,77,112,57,77
373,275,129,60,331,83,349,121,118,133,288,377,601,224,202,191,248,613,338,37,184,356,207,141,220,82,126,158,158,422,473,930,195,333,85,346,349,41,176,373,223,66,265,113,286,297,226,313,125,248
307,198,99,51,235,62,259,72,68,88,197,253,429,176,118,102,184,424,224,26,126,245,168,111,153,51,158,54,115,324,338,691,133,213,39,227,228,40,124,228,145,55,175,84,193,218,127,266,88,171
310,210,94,49,244,53,248,81,86,110,211,304,438,163,129,137,180,416,245,22,142,221,152,93,129,46,158,115,61,312,366,677,148,210,53,273,230,41,124,231,119,44,175,97,180,231,165,240,103,195
643,535,255,100,652,145,620,161,201,246,520,743,1215,411,346,373,460,1233,671,87,340,682,353,252,431,147,422,324,312,416,1004,1881,367,629,167,700,630,117,296,694,414,121,520,251,514,618,383,653,277,419
698,691,293,115,805,173,743,223,277,303,644,870,1453,503,419,419,587,1452,766,86,394,779,458,317,546,183,473,338,366,1004,583,2136,452,712,180,825,694,121,359,828,495,144,580,279,598,724,481,802,304,508
1158,1287,628,209,1453,275,1274,441,531,565,1171,1611,2500,882,730,790,1054,2494,1460,178,754,1475,842,568,987,361,930,691,677,1881,2136,1974,742,1325,346,1475,1277,237,725,1480,939,287,1040,527,1117,1289,832,1422,532,928
256,231,104,42,265,48,253,91,99,112,232,278,506,168,159,165,195,482,290,37,157,306,181,123,189,69,195,133,148,367,452,742,67,252,66,301,240,40,133,281,152,59,218,104,204,252,173,286,93,195
526,414,186,84,471,99,449,148,148,164,385,542,863,314,273,284,330,862,457,57,252,458,264,188,321,125,333,213,210,629,712,1325,252,207,110,510,433,82,243,512,297,111,387,182,382,430,281,515,164,290
101,92,43,26,132,35,99,28,32,44,103,144,218,70,44,48,84,208,115,10,57,111,59,49,80,34,85,39,53,167,180,346,66,110,11,117,102,22,61,135,71,26,83,41,78,127,82,105,40,76
510,476,188,77,565,124,504,159,163,228,440,597,975,337,306,287,370,1025,607,58,282,572,319,208,360,127,346,227,273,700,825,1475,301,510,117,258,525,84,252,604,386,119,376,201,442,477,349,543,225,329
486,413,219,74,499,99,452,159,145,211,409,538,845,331,261,313,356,828,452,66,222,459,293,212,332,126,349,228,230,630,694,1277,240,433,102,525,229,70,221,498,305,87,376,197,382,441,292,485,181,331
77,68,26,16,88,18,95,28,24,31,66,98,149,60,39,37,61,149,85,10,36,76,47,41,48,16,41,40,41,117,121,237,40,82,22,84,70,6,35,86,56,14,63,35,69,92,48,95,29,50
256,244,100,51,275,60,238,66,89,112,222,312,465,162,140,155,165,480,282,32,148,251,137,117,163,64,176,124,124,296,359,725,133,243,61,252,221,35,55,268,156,56,186,101,211,238,170,220,104,176
456,471,212,79,558,128,516,158,184,197,416,622,1004,333,299,289,389,988,524,78,324,542,305,192,372,131,373,228,231,694,828,1480,281,512,135,604,498,86,268,287,362,91,405,194,394,501,380,597,213,360
323,304,141,62,354,71,308,90,107,140,274,394,594,204,160,182,256,611,326,32,178,345,172,118,203,101,223,145,119,414,495,939,152,297,71,386,305,56,156,362,123,59,269,97,220,286,196,331,103,225
116,85,46,14,104,18,93,38,46,41,85,116,189,58,50,62,79,201,104,10,59,107,65,39,69,28,66,55,44,121,144,287,59,111,26,119,87,14,56,91,59,10,73,29,84,102,68,96,47,87
385,322,166,77,395,94,384,110,131,157,307,442,719,257,234,246,286,723,395,42,223,374,211,165,244,90,265,175,175,520,580,1040,218,387,83,376,376,63,186,405,269,73,136,146,315,363,236,396,137,275
172,153,78,32,187,50,209,55,49,79,154,224,337,115,104,107,140,336,191,23,107,205,97,71,123,41,113,84,97,251,279,527,104,182,41,201,197,35,101,194,97,29,146,37,148,187,106,192,85,118
473,329,154,71,397,91,382,137,125,192,355,455,705,269,216,248,309,726,410,52,222,391,248,159,257,97,286,193,180,514,598,1117,204,382,78,442,382,69,211,394,220,84,315,148,142,377,257,419,151,291
417,422,171,74,476,105,453,142,166,200,398,529,832,282,237,269,326,836,459,46,247,455,283,204,319,119,297,218,231,618,724,1289,252,430,127,477,441,92,238,501,286,102,363,187,377,216,307,485,183,330
342,291,111,49,349,68,293,95,106,139,265,357,531,200,173,158,219,571,316,52,173,313,198,137,193,77,226,127,165,383,481,832,173,281,82,349,292,48,170,380,196,68,236,106,257,307,100,383,112,224
515,445,223,85,557,118,488,132,174,244,420,598,982,329,315,326,380,971,524,51,289,511,331,227,341,112,313,266,240,653,802,1422,286,515,105,543,485,95,220,597,331,96,396,192,419,485,383,278,201,381
159,148,76,30,173,40,171,68,42,67,150,221,311,117,100,110,131,336,197,27,108,173,110,72,122,57,125,88,103,277,304,532,93,164,40,225,181,29,104,213,103,47,137,85,151,183,112,201,29,137
349,283,121,50,346,91,328,104,102,151,300,393,662,215,179,190,233,584,310,52,197,353,217,140,242,77,248,171,195,419,508,928,195,290,76,329,331,50,176,360,225,87,275,118,291,330,224,381,137,117
