255,443,216,83,503,109,459,182,136,238,453,484,832,347,348,367,328,826,499,59,325,511,321,227,371,152,379,269,332,635,684,1145,249,522,108,498,468,84,233,497,313,119,368,158,412,433,326,486,166,356
443,202,180,89,452,105,441,130,134,172,347,452,770,257,221,242,332,778,428,54,249,488,253,166,289,109,310,190,222,491,688,1237,247,430,102,415,437,80,209,487,296,97,339,181,355,363,281,458,176,300
216,180,34,37,201,49,202,60,65,86,171,219,343,125,102,119,148,366,190,31,105,218,128,91,125,50,127,84,104,250,284,556,120,196,41,233,183,37,105,214,128,45,168,71,163,199,122,227,60,142
83,89,37,6,71,17,75,26,20,30,75,88,142,50,50,48,49,149,72,14,54,80,60,30,61,16,63,40,51,106,107,234,51,70,22,72,66,11,34,98,59,19,54,36,75,75,61,61,40,66
503,452,201,71,225,97,515,147,162,230,426,538,890,324,255,289,340,898,539,64,288,505,297,218,325,133,343,238,287,618,769,1448,258,488,117,570,446,80,244,602,333,114,412,206,420,454,328,503,194,307
109,105,49,17,97,10,88,43,31,28,79,100,182,74,57,62,94,178,90,18,64,119,77,40,71,20,75,47,54,132,144,282,64,98,23,112,100,17,57,112,65,24,85,44,83,88,75,110,43,79
459,441,202,75,515,88,214,146,160,183,397,521,849,312,265,285,351,826,482,57,270,516,286,204,362,117,340,229,261,579,718,1328,244,435,105,495,428,83,228,527,331,94,377,183,397,411,322,447,163,326
182,130,60,26,147,43,146,20,47,65,140,169,268,101,60,87,121,279,183,22,76,169,99,71,114,29,92,75,76,202,208,406,71,146,40,167,155,25,78,166,110,31,133,56,107,146,95,170,70,107
136,134,65,20,162,31,160,47,31,83,152,157,293,128,71,101,102,295,163,16,87,167,91,85,107,40,105,71,80,224,259,478,103,135,45,188,164,24,73,165,112,27,137,62,146,159,121,179,61,107
238,172,86,30,230,28,183,65,83,43,162,234,379,152,121,130,155,394,205,30,124,221,122,84,147,55,146,104,120,274,292,554,124,194,51,223,184,31,98,215,110,40,138,77,186,191,140,200,82,124
453,347,171,75,426,79,397,140,152,162,157,473,757,276,219,256,300,734,417,55,281,446,246,156,274,108,266,214,215,533,614,1110,236,422,90,472,415,76,242,425,263,93,284,143,338,384,270,408,160,266
484,452,219,88,538,100,521,169,157,234,473,268,993,408,294,291,392,1022,588,68,303,542,354,251,358,150,370,277,264,750,852,1598,314,500,120,593,507,103,273,570,358,114,405,215,427,527,334,548,193,388
832,770,343,142,890,182,849,268,293,379,757,993,739,605,444,500,685,1346,924,99,516,945,554,348,592,235,578,399,433,1136,1375,2431,471,838,215,971,784,176,459,903,611,185,667,327,700,832,550,935,286,604
347,257,125,50,324,74,312,101,128,152,276,408,605,125,183,194,217,600,347,38,165,317,202,136,232,81,221,145,164,397,497,946,160,316,84,335,316,51,166,361,212,58,239,126,268,299,203,337,139,229
348,221,102,50,255,57,265,60,71,121,219,294,444,183,73,150,193,459,255,26,127,287,169,103,180,74,170,137,157,349,390,743,133,267,57,285,261,40,128,259,184,59,223,98,205,235,154,280,129,191
367,242,119,48,289,62,285,87,101,130,256,291,500,194,150,91,232,512,291,27,137,306,175,120,197,78,172,133,143,372,449,793,166,307,54,317,273,44,152,314,158,63,245,113,237,255,172,320,128,206
328,332,148,49,340,94,351,121,102,155,300,392,685,217,193,232,137,679,347,47,184,332,222,146,218,93,242,157,197,508,530,1006,198,344,78,371,326,54,178,359,236,79,263,129,281,321,206,392,119,245
826,778,366,149,898,178,826,279,295,394,734,1022,1346,600,459,512,679,774,923,113,461,922,529,366,591,236,602,421,463,1151,1366,2321,466,792,210,977,779,160,493,978,622,185,652,343,729,861,579,926,297,594
499,428,190,72,539,90,482,183,163,205,417,588,924,347,255,291,347,923,235,65,278,482,292,216,310,135,342,222,265,719,779,1381,271,460,119,545,452,76,261,512,304,103,392,164,438,482,322,549,210,380
59,54,31,14,64,18,57,22,16,30,55,68,99,38,26,27,47,113,65,3,30,60,47,29,40,15,32,29,37,68,90,175,42,51,19,54,51,7,33,59,40,8,55,18,50,52,42,77,24,43
325,249,105,54,288,64,270,76,87,124,281,303,516,165,127,137,184,461,278,30,76,293,172,109,191,80,178,126,135,331,406,785,158,251,63,309,273,42,136,316,180,68,223,82,227,257,164,312,103,209
511,488,218,80,505,119,516,169,167,221,446,542,945,317,287,306,332,922,482,60,293,241,277,229,345,144,374,252,259,653,758,1449,274,472,119,517,479,71,246,517,333,98,407,195,445,486,322,561,203,369
321,253,128,60,297,77,286,99,91,122,246,354,554,202,169,175,222,529,292,47,172,277,92,113,184,83,217,141,153,383,439,852,163,269,63,316,278,49,143,306,217,60,206,105,240,256,190,326,133,205
227,166,91,30,218,40,204,71,85,84,156,251,348,136,103,120,146,366,216,29,109,229,113,46,113,42,129,86,114,237,284,519,87,210,51,207,189,34,110,220,127,39,148,73,149,200,119,218,91,151
371,289,125,61,325,71,362,114,107,147,274,358,592,232,180,197,218,591,310,40,191,345,184,113,93,82,208,150,154,387,469,884,179,323,67,336,343,45,176,325,224,80,270,113,242,286,189,338,145,229
152,109,50,16,133,20,117,29,40,55,108,150,235,81,74,78,93,236,135,15,80,144,83,42,82,15,64,58,72,143,205,381,69,104,27,139,114,23,59,125,92,31,91,35,87,118,77,136,50,82
379,310,127,63,343,75,340,92,105,146,266,370,578,221,170,172,242,602,342,32,178,374,217,129,208,64,100,155,180,416,531,946,179,311,88,344,313,61,168,361,204,73,247,126,265,286,218,354,137,209
269,190,84,40,238,47,229,75,71,104,214,277,399,145,137,133,157,421,222,29,126,252,141,86,150,58,155,69,122,288,353,671,126,237,52,239,229,37,124,251,151,51,199,89,194,195,156,254,85,176
332,222,104,51,287,54,261,76,80,120,215,264,433,164,157,143,197,463,265,37,135,259,153,114,154,72,180,122,70,286,405,730,149,234,49,253,242,48,129,277,168,57,195,85,208,252,155,289,106,208
635,491,250,106,618,132,579,202,224,274,533,750,1136,397,349,372,508,1151,719,68,331,653,383,237,387,143,416,288,286,358,973,1802,355,570,163,706,613,109,341,664,428,124,455,214,466,649,366,650,247,422
684,688,284,107,769,144,718,208,259,292,614,852,1375,497,390,449,530,1366,779,90,406,758,439,284,469,205,531,353,405,973,585,2060,393,699,173,821,693,111,363,775,492,166,598,252,598,713,453,771,292,518
1145,1237,556,234,1448,282,1328,406,478,554,1110,1598,2431,946,743,793,1006,2321,1381,175,785,1449,852,519,884,381,946,671,730,1802,2060,1863,715,1275,301,1477,1309,236,717,1418,968,300,1060,507,1095,1264,865,1410,495,944
249,247,120,51,258,64,244,71,103,124,236,314,471,160,133,166,198,466,271,42,158,274,163,87,179,69,179,126,149,355,393,715,65,253,61,300,258,40,118,262,205,49,212,102,189,235,162,270,103,210
522,430,196,70,488,98,435,146,135,194,422,500,838,316,267,307,344,792,460,51,251,472,269,210,323,104,311,237,234,570,699,1275,253,222,111,516,401,70,203,463,319,79,362,179,387,461,321,459,169,329
108,102,41,22,117,23,105,40,45,51,90,120,215,84,57,54,78,210,119,19,63,119,63,51,67,27,88,52,49,163,173,301,61,111,12,108,105,15,53,117,71,22,86,55,99,117,66,94,48,72
498,415,233,72,570,112,495,167,188,223,472,593,971,335,285,317,371,977,545,54,309,517,316,207,336,139,344,239,253,706,821,1477,300,516,108,290,482,64,271,607,364,110,428,187,413,511,353,541,206,344
468,437,183,66,446,100,428,155,164,184,415,507,784,316,261,273,326,779,452,51,273,479,278,189,343,114,313,229,242,613,693,1309,258,401,105,482,220,73,228,489,319,82,375,196,392,428,294,498,177,326
84,80,37,11,80,17,83,25,24,31,76,103,176,51,40,44,54,160,76,7,42,71,49,34,45,23,61,37,48,109,111,236,40,70,15,64,73,6,36,84,57,22,69,41,63,79,55,90,27,47
233,209,105,34,244,57,228,78,73,98,242,273,459,166,128,152,178,493,261,33,136,246,143,110,176,59,168,124,129,341,363,717,118,203,53,271,228,36,61,278,182,58,197,98,197,214,161,261,99,194
497,487,214,98,602,112,527,166,165,215,425,570,903,361,259,314,359,978,512,59,316,517,306,220,325,125,361,251,277,664,775,1418,262,463,117,607,489,84,278,298,349,117,436,196,450,495,311,549,198,378
313,296,128,59,333,65,331,110,112,110,263,358,611,212,184,158,236,622,304,40,180,333,217,127,224,92,204,151,168,428,492,968,205,319,71,364,319,57,182,349,99,61,245,134,265,326,208,340,123,242
119,97,45,19,114,24,94,31,27,40,93,114,185,58,59,63,79,185,103,8,68,98,60,39,80,31,73,51,57,124,166,300,49,79,22,110,82,22,58,117,61,12,84,35,90,75,70,114,34,66
368,339,168,54,412,85,377,133,137,138,284,405,667,239,223,245,263,652,392,55,223,407,206,148,270,91,247,199,195,455,598,1060,212,362,86,428,375,69,197,436,245,84,149,130,301,386,240,406,152,265
158,181,71,36,206,44,183,56,62,77,143,215,327,126,98,113,129,343,164,18,82,195,105,73,113,35,126,89,85,214,252,507,102,179,55,187,196,41,98,196,134,35,130,46,162,172,124,198,66,135
412,355,163,75,420,83,397,107,146,186,338,427,700,268,205,237,281,729,438,50,227,445,240,149,242,87,265,194,208,466,598,1095,189,387,99,413,392,63,197,450,265,90,301,162,153,357,227,435,151,262
433,363,199,75,454,88,411,146,159,191,384,527,832,299,235,255,321,861,482,52,257,486,256,200,286,118,286,195,252,649,713,1264,235,461,117,511,428,79,214,495,326,75,386,172,357,183,294,484,173,308
326,281,122,61,328,75,322,95,121,140,270,334,550,203,154,172,206,579,322,42,164,322,190,119,189,77,218,156,155,366,453,865,162,321,66,353,294,55,161,311,208,70,240,124,227,294,85,313,120,190
486,458,227,61,503,110,447,170,179,200,408,548,935,337,280,320,392,926,549,77,312,561,326,218,338,136,354,254,289,650,771,1410,270,459,94,541,498,90,261,549,340,114,406,198,435,484,313,270,181,335
166,176,60,40,194,43,163,70,61,82,160,193,286,139,129,128,119,297,210,24,103,203,133,91,145,50,137,85,106,247,292,495,103,169,48,206,177,27,99,198,123,34,152,66,151,173,120,181,34,128
356,300,142,66,307,79,326,107,107,124,266,388,604,229,191,206,245,594,380,43,209,369,205,151,229,82,209,176,208,422,518,944,210,329,72,344,326,47,194,378,242,66,265,135,262,308,190,335,128,114
