280,457,229,105,486,115,454,191,158,250,437,522,783,391,285,323,360,834,476,86,329,520,345,189,375,136,377,303,320,632,707,1178,227,473,113,557,490,86,251,508,327,120,374,159,453,447,336,507,145,376
457,186,170,81,457,106,424,138,161,175,363,532,821,279,214,248,311,773,465,47,236,422,234,168,290,100,304,192,224,515,631,1239,238,418,108,414,386,69,226,444,297,106,301,151,332,414,268,419,173,282
229,170,29,36,183,48,207,56,65,76,170,229,383,127,82,93,129,377,203,28,105,224,101,74,154,61,136,87,90,237,287,623,113,190,45,225,178,23,93,219,117,39,164,69,201,179,140,232,78,120
105,81,36,9,88,19,79,34,39,47,80,76,141,56,49,53,63,146,80,10,54,80,56,46,58,21,64,38,55,130,128,236,40,78,14,97,84,16,36,99,51,14,62,24,81,72,63,78,34,59
486,457,183,88,277,102,490,155,171,214,422,621,909,336,258,309,383,924,530,56,253,499,279,215,326,152,320,221,248,665,771,1411,242,516,121,538,505,83,281,572,371,100,383,185,406,443,326,516,212,354
115,106,48,19,102,11,110,41,50,42,98,108,187,77,60,63,78,180,101,14,68,108,71,57,69,24,79,54,62,153,160,285,55,91,27,122,110,19,67,129,72,24,82,36,103,101,82,104,53,83
454,424,207,79,490,110,246,149,173,188,412,506,872,293,252,275,368,876,489,66,301,471,287,198,315,134,338,236,248,640,706,1344,240,458,121,572,473,74,237,534,310,104,385,176,403,459,305,491,176,350
191,138,56,34,155,41,149,19,45,77,132,148,287,105,82,74,92,280,150,22,74,141,107,64,100,36,81,72,75,186,228,418,90,143,33,158,148,15,79,151,79,27,113,53,124,132,100,182,55,115
158,161,65,39,171,50,173,45,23,70,150,199,334,106,81,107,105,311,182,21,77,168,85,74,111,51,111,77,75,208,243,461,89,170,39,150,174,28,71,172,99,28,116,57,149,151,100,166,66,109
250,175,76,47,214,42,188,77,70,61,179,210,359,130,110,132,173,334,210,29,98,203,132,82,148,52,131,92,113,275,289,524,98,194,37,235,207,26,111,215,135,38,139,88,148,165,127,213,72,165
437,363,170,80,422,98,412,132,150,179,190,518,799,305,243,257,330,774,443,57,238,461,260,177,277,98,272,208,203,558,568,1093,202,407,109,446,439,69,224,423,281,88,300,158,341,389,279,422,182,280
522,532,229,76,621,108,506,148,199,210,518,299,1036,343,254,307,442,1073,591,72,328,558,318,239,386,154,391,259,273,729,863,1631,297,523,142,592,505,100,252,611,416,92,442,229,442,523,347,590,210,371
783,821,383,141,909,187,872,287,334,359,799,1036,844,582,492,564,625,1461,928,106,503,929,544,379,601,245,621,417,486,1142,1405,2455,462,858,218,1008,845,150,450,1005,592,197,707,359,730,793,565,939,322,650
391,279,127,56,336,77,293,105,106,130,305,343,582,94,175,218,245,572,340,37,180,323,183,125,206,86,213,151,157,402,458,880,156,320,73,363,306,57,170,410,211,58,246,105,250,288,183,330,112,251
285,214,82,49,258,60,252,82,81,110,243,254,492,175,73,145,187,513,289,34,151,300,168,118,176,67,183,130,134,340,415,765,164,258,49,277,250,40,141,282,174,48,229,82,231,254,162,299,96,197
323,248,93,53,309,63,275,74,107,132,257,307,564,218,145,89,234,549,281,30,146,282,178,118,182,69,203,132,145,364,407,872,180,261,61,319,250,41,166,299,197,43,243,99,254,272,176,312,104,197
360,311,129,63,383,78,368,92,105,173,330,442,625,245,187,234,132,652,361,48,195,325,191,168,258,93,228,192,179,450,562,1005,174,309,95,366,355,75,176,379,236,78,272,123,301,338,233,349,144,248
834,773,377,146,924,180,876,280,311,334,774,1073,1461,572,513,549,652,813,927,100,495,948,576,393,607,230,621,402,444,1144,1424,2502,498,887,215,1013,848,142,457,967,601,196,655,342,765,834,567,948,336,645
476,465,203,80,530,101,489,150,182,210,443,591,928,340,289,281,361,927,268,77,243,518,278,210,338,114,325,243,260,650,750,1434,257,467,125,531,484,93,241,612,373,105,374,197,427,483,338,551,189,361
86,47,28,10,56,14,66,22,21,29,57,72,106,37,34,30,48,100,77,3,36,85,33,23,38,18,37,31,40,84,97,181,29,59,18,70,62,11,31,73,43,11,40,26,57,53,37,68,21,43
329,236,105,54,253,68,301,74,77,98,238,328,503,180,151,146,195,495,243,36,70,301,193,122,185,62,167,128,150,333,416,793,142,257,53,289,271,50,125,292,194,50,220,111,248,271,182,277,109,185
520,422,224,80,499,108,471,141,168,203,461,558,929,323,300,282,325,948,518,85,301,268,284,201,358,137,336,234,257,648,750,1435,281,482,130,538,469,86,227,576,320,100,373,183,450,503,338,528,201,354
345,234,101,56,279,71,287,107,85,132,260,318,544,183,168,178,191,576,278,33,193,284,91,110,192,71,187,137,147,353,434,826,154,314,75,274,274,47,132,342,183,63,247,112,263,299,182,335,108,230
189,168,74,46,215,57,198,64,74,82,177,239,379,125,118,118,168,393,210,23,122,201,110,34,137,50,129,105,116,253,289,520,108,170,45,225,175,33,101,232,150,48,160,73,175,185,126,203,81,138
375,290,154,58,326,69,315,100,111,148,277,386,601,206,176,182,258,607,338,38,185,358,192,137,94,70,209,167,164,423,492,924,165,315,77,350,311,54,172,352,216,65,279,142,239,326,201,344,140,236
136,100,61,21,152,24,134,36,51,52,98,154,245,86,67,69,93,230,114,18,62,137,71,50,70,18,87,68,65,158,197,342,74,121,20,112,141,18,64,127,90,28,93,43,101,112,85,124,40,88
377,304,136,64,320,79,338,81,111,131,272,391,621,213,183,203,228,621,325,37,167,336,187,129,209,87,124,156,169,403,509,912,184,312,78,343,345,49,152,347,220,74,258,127,281,341,208,329,116,251
303,192,87,38,221,54,236,72,77,92,208,259,417,151,130,132,192,402,243,31,128,234,137,105,167,68,156,57,103,248,341,669,113,221,65,286,223,36,119,252,138,49,189,83,208,222,144,258,98,152
320,224,90,55,248,62,248,75,75,113,203,273,486,157,134,145,179,444,260,40,150,257,147,116,164,65,169,103,57,320,365,720,140,248,46,233,259,42,121,280,163,57,190,91,204,211,175,257,94,173
632,515,237,130,665,153,640,186,208,275,558,729,1142,402,340,364,450,1144,650,84,333,648,353,253,423,158,403,248,320,405,981,1806,345,574,140,643,636,102,317,720,434,138,447,233,504,620,388,671,226,400
707,631,287,128,771,160,706,228,243,289,568,863,1405,458,415,407,562,1424,750,97,416,750,434,289,492,197,509,341,365,981,582,2148,432,724,187,820,694,108,388,794,498,145,558,287,599,713,536,767,285,516
1178,1239,623,236,1411,285,1344,418,461,524,1093,1631,2455,880,765,872,1005,2502,1434,181,793,1435,826,520,924,342,912,669,720,1806,2148,1927,762,1319,303,1506,1272,225,719,1534,917,325,1015,572,1062,1309,923,1443,507,952
227,238,113,40,242,55,240,90,89,98,202,297,462,156,164,180,174,498,257,29,142,281,154,108,165,74,184,113,140,345,432,762,76,243,67,265,239,38,127,281,173,51,235,100,204,264,183,278,87,187
473,418,190,78,516,91,458,143,170,194,407,523,858,320,258,261,309,887,467,59,257,482,314,170,315,121,312,221,248,574,724,1319,243,225,108,465,426,77,248,519,320,109,329,190,372,451,317,502,181,348
113,108,45,14,121,27,121,33,39,37,109,142,218,73,49,61,95,215,125,18,53,130,75,45,77,20,78,65,46,140,187,303,67,108,8,129,104,14,63,118,69,32,74,45,98,88,70,138,42,96
557,414,225,97,538,122,572,158,150,235,446,592,1008,363,277,319,366,1013,531,70,289,538,274,225,350,112,343,286,233,643,820,1506,265,465,129,292,533,85,249,619,361,133,416,188,452,491,348,564,195,365
490,386,178,84,505,110,473,148,174,207,439,505,845,306,250,250,355,848,484,62,271,469,274,175,311,141,345,223,259,636,694,1272,239,426,104,533,205,96,229,461,320,101,356,166,369,441,301,488,188,329
86,69,23,16,83,19,74,15,28,26,69,100,150,57,40,41,75,142,93,11,50,86,47,33,54,18,49,36,42,102,108,225,38,77,14,85,96,7,36,95,67,10,54,32,64,80,48,95,26,55
251,226,93,36,281,67,237,79,71,111,224,252,450,170,141,166,176,457,241,31,125,227,132,101,172,64,152,119,121,317,388,719,127,248,63,249,229,36,60,278,158,51,194,94,200,235,165,267,87,168
508,444,219,99,572,129,534,151,172,215,423,611,1005,410,282,299,379,967,612,73,292,576,342,232,352,127,347,252,280,720,794,1534,281,519,118,619,461,95,278,286,366,130,402,194,440,459,318,546,187,379
327,297,117,51,371,72,310,79,99,135,281,416,592,211,174,197,236,601,373,43,194,320,183,150,216,90,220,138,163,434,498,917,173,320,69,361,320,67,158,366,106,62,233,123,239,292,198,339,130,199
120,106,39,14,100,24,104,27,28,38,88,92,197,58,48,43,78,196,105,11,50,100,63,48,65,28,74,49,57,138,145,325,51,109,32,133,101,10,51,130,62,10,86,35,87,100,62,101,44,87
374,301,164,62,383,82,385,113,116,139,300,442,707,246,229,243,272,655,374,40,220,373,247,160,279,93,258,189,190,447,558,1015,235,329,74,416,356,54,194,402,233,86,140,136,305,355,269,387,132,246
159,151,69,24,185,36,176,53,57,88,158,229,359,105,82,99,123,342,197,26,111,183,112,73,142,43,127,83,91,233,287,572,100,190,45,188,166,32,94,194,123,35,136,29,163,181,107,183,65,132
453,332,201,81,406,103,403,124,149,148,341,442,730,250,231,254,301,765,427,57,248,450,263,175,239,101,281,208,204,504,599,1062,204,372,98,452,369,64,200,440,239,87,305,163,172,346,257,437,158,289
447,414,179,72,443,101,459,132,151,165,389,523,793,288,254,272,338,834,483,53,271,503,299,185,326,112,341,222,211,620,713,1309,264,451,88,491,441,80,235,459,292,100,355,181,346,199,299,531,176,308
336,268,140,63,326,82,305,100,100,127,279,347,565,183,162,176,233,567,338,37,182,338,182,126,201,85,208,144,175,388,536,923,183,317,70,348,301,48,165,318,198,62,269,107,257,299,103,362,109,220
507,419,232,78,516,104,491,182,166,213,422,590,939,330,299,312,349,948,551,68,277,528,335,203,344,124,329,258,257,671,767,1443,278,502,138,564,488,95,267,546,339,101,387,183,437,531,362,271,201,379
145,173,78,34,212,53,176,55,66,72,182,210,322,112,96,104,144,336,189,21,109,201,108,81,140,40,116,98,94,226,285,507,87,181,42,195,188,26,87,187,130,44,132,65,158,176,109,201,29,146
376,282,120,59,354,83,350,115,109,165,280,371,650,251,197,197,248,645,361,43,185,354,230,138,236,88,251,152,173,400,516,952,187,348,96,365,329,55,168,379,199,87,246,132,289,308,220,379,146,115
