261,446,183,88,499,114,444,193,175,230,427,504,822,369,327,344,375,763,476,64,282,467,337,190,364,143,338,272,290,615,701,1148,246,470,88,484,496,78,266,453,301,106,362,176,400,385,320,440,177,375
446,177,191,72,423,88,475,135,150,190,364,459,754,272,215,228,307,788,456,52,253,424,275,183,271,108,264,217,196,570,606,1224,222,396,95,447,405,82,220,470,264,92,305,177,355,399,285,411,167,305
183,191,30,36,196,40,181,54,57,73,166,199,336,137,96,110,131,384,200,30,106,220,116,100,126,48,128,85,107,245,295,576,106,204,47,209,191,32,85,213,140,28,149,71,157,187,111,195,73,135
88,72,36,6,77,18,76,32,31,31,76,94,148,44,55,48,53,144,89,12,64,80,55,32,51,13,57,38,55,102,131,200,54,77,21,86,76,12,40,82,59,17,66,29,53,79,53,92,28,56
499,423,196,77,256,105,483,170,172,201,437,558,898,302,262,301,385,927,540,60,276,510,288,183,331,130,355,264,284,595,745,1361,255,447,115,516,458,86,281,538,335,108,390,184,395,481,340,519,190,353
114,88,40,18,105,4,107,33,51,44,90,114,188,60,63,67,84,185,119,16,67,111,77,43,61,19,69,50,50,138,157,272,64,99,30,115,88,20,53,119,72,24,84,51,77,110,84,114,42,76
444,475,181,76,483,107,233,139,170,199,402,534,833,312,263,282,335,825,495,66,255,476,250,210,340,121,329,233,241,630,689,1257,255,464,131,525,456,86,239,471,291,90,350,184,381,426,315,455,185,345
193,135,54,32,170,33,139,27,54,65,128,156,232,95,97,92,115,256,158,17,94,156,75,52,109,41,109,75,85,180,236,416,89,149,35,166,142,29,73,163,96,29,129,61,113,127,97,138,64,101
175,150,57,31,172,51,170,54,30,59,133,192,301,119,76,93,113,284,156,17,81,161,98,65,102,38,106,86,85,196,259,467,80,192,39,152,166,30,84,159,114,39,121,48,135,169,96,181,69,96
230,190,73,31,201,44,199,65,59,43,167,235,337,151,115,145,144,332,199,25,123,219,131,88,127,61,151,102,100,240,277,540,118,185,45,193,190,34,107,214,131,45,157,74,160,196,133,197,83,129
427,364,166,76,437,90,402,128,133,167,180,464,758,304,215,262,291,737,408,56,224,462,275,183,272,119,290,222,223,540,613,1138,219,414,94,433,382,65,205,450,292,88,320,162,362,372,275,446,143,266
504,459,199,94,558,114,534,156,192,235,464,282,990,393,295,314,415,1028,583,75,300,595,353,239,379,145,381,278,298,668,891,1600,296,542,137,613,513,87,276,592,361,93,461,202,485,493,350,598,232,363
822,754,336,148,898,188,833,232,301,337,758,990,797,555,448,499,654,1457,949,116,505,932,542,397,615,231,620,443,443,1165,1320,2425,508,838,191,969,807,181,451,948,605,184,683,331,734,785,515,938,316,586
369,272,137,44,302,60,312,95,119,151,304,393,555,102,166,192,230,570,321,40,164,310,181,136,220,73,202,153,153,383,512,866,162,293,68,370,305,62,159,343,216,65,240,115,253,311,188,359,109,240
327,215,96,55,262,63,263,97,76,115,215,295,448,166,79,152,192,466,262,47,154,262,157,98,177,68,179,122,131,326,357,657,155,259,58,239,254,54,127,304,165,63,198,100,223,232,144,297,98,174
344,228,110,48,301,67,282,92,93,145,262,314,499,192,152,77,214,501,282,41,148,268,165,104,203,65,180,143,135,334,410,764,175,286,63,273,256,45,136,333,176,65,207,114,233,262,166,300,100,199
375,307,131,53,385,84,335,115,113,144,291,415,654,230,192,214,128,619,342,45,189,363,224,142,232,106,269,193,194,440,543,971,195,366,80,366,336,60,160,371,234,83,284,131,306,326,222,361,133,233
763,788,384,144,927,185,825,256,284,332,737,1028,1457,570,466,501,619,777,890,126,506,892,531,361,637,231,632,444,481,1156,1345,2432,507,825,175,959,826,184,448,975,622,214,669,330,733,800,550,930,328,606
476,456,200,89,540,119,495,158,156,199,408,583,949,321,262,282,342,890,244,78,266,467,298,205,344,156,369,271,258,632,734,1416,278,504,113,504,482,87,261,540,338,97,364,185,434,521,337,558,201,332
64,52,30,12,60,16,66,17,17,25,56,75,116,40,47,41,45,126,78,3,26,64,39,27,57,19,50,28,32,75,91,189,41,53,9,76,65,9,36,74,41,12,52,16,67,64,38,85,26,38
282,253,106,64,276,67,255,94,81,123,224,300,505,164,154,148,189,506,266,26,79,269,157,123,168,66,166,117,126,343,414,758,154,260,56,277,270,48,148,283,197,54,222,93,235,289,180,301,84,209
467,424,220,80,510,111,476,156,161,219,462,595,932,310,262,268,363,892,467,64,269,239,293,207,357,162,354,250,263,627,738,1403,265,479,124,519,473,95,243,539,302,110,382,184,434,495,285,535,167,335
337,275,116,55,288,77,250,75,98,131,275,353,542,181,157,165,224,531,298,39,157,293,84,113,190,76,195,153,164,356,438,825,170,276,61,295,294,44,136,331,224,76,244,100,237,307,182,315,94,226
190,183,100,32,183,43,210,52,65,88,183,239,397,136,98,104,142,361,205,27,123,207,113,40,147,60,125,97,108,271,315,555,100,169,52,217,190,46,94,196,123,45,140,70,174,189,115,210,71,155
364,271,126,51,331,61,340,109,102,127,272,379,615,220,177,203,232,637,344,57,168,357,190,147,93,91,207,157,149,423,549,878,175,330,83,330,310,65,173,358,229,76,266,120,247,308,197,384,123,210
143,108,48,13,130,19,121,41,38,61,119,145,231,73,68,65,106,231,156,19,66,162,76,60,91,23,81,55,47,180,210,384,68,112,31,134,137,18,54,134,82,18,111,49,115,123,76,130,60,102
338,264,128,57,355,69,329,109,106,151,290,381,620,202,179,180,269,632,369,50,166,354,195,125,207,81,102,153,126,439,560,971,194,322,82,374,323,71,162,337,222,60,253,131,262,310,231,365,137,229
272,217,85,38,264,50,233,75,86,102,222,278,443,153,122,143,193,444,271,28,117,250,153,97,157,55,153,45,101,279,358,678,116,198,62,240,222,33,120,225,141,50,191,84,171,215,149,234,103,178
290,196,107,55,284,50,241,85,85,100,223,298,443,153,131,135,194,481,258,32,126,263,164,108,149,47,126,101,56,326,374,732,149,254,53,268,261,36,113,276,180,39,202,77,197,272,147,283,108,158
615,570,245,102,595,138,630,180,196,240,540,668,1165,383,326,334,440,1156,632,75,343,627,356,271,423,180,439,279,326,400,924,1801,356,529,133,714,576,115,313,697,425,132,504,217,523,567,398,688,224,425
701,606,295,131,745,157,689,236,259,277,613,891,1320,512,357,410,543,1345,734,91,414,738,438,315,549,210,560,358,374,924,564,2056,365,696,177,837,698,130,386,783,498,165,594,257,610,702,468,759,263,467
1148,1224,576,200,1361,272,1257,416,467,540,1138,1600,2425,866,657,764,971,2432,1416,189,758,1403,825,555,878,384,971,678,732,1801,2056,1962,729,1225,321,1475,1245,247,714,1451,864,291,1048,546,1107,1216,877,1420,493,920
246,222,106,54,255,64,255,89,80,118,219,296,508,162,155,175,195,507,278,41,154,265,170,100,175,68,194,116,149,356,365,729,75,267,68,304,264,50,155,284,188,52,192,98,215,239,180,269,100,186
470,396,204,77,447,99,464,149,192,185,414,542,838,293,259,286,366,825,504,53,260,479,276,169,330,112,322,198,254,529,696,1225,267,189,92,506,452,78,235,461,304,106,355,152,405,465,269,508,170,311
88,95,47,21,115,30,131,35,39,45,94,137,191,68,58,63,80,175,113,9,56,124,61,52,83,31,82,62,53,133,177,321,68,92,11,117,120,13,54,118,91,26,86,45,102,94,74,128,54,78
484,447,209,86,516,115,525,166,152,193,433,613,969,370,239,273,366,959,504,76,277,519,295,217,330,134,374,240,268,714,837,1475,304,506,117,259,496,71,257,585,340,93,387,199,439,520,316,502,213,342
496,405,191,76,458,88,456,142,166,190,382,513,807,305,254,256,336,826,482,65,270,473,294,190,310,137,323,222,261,576,698,1245,264,452,120,496,212,66,248,474,294,94,375,169,367,421,291,481,182,304
78,82,32,12,86,20,86,29,30,34,65,87,181,62,54,45,60,184,87,9,48,95,44,46,65,18,71,33,36,115,130,247,50,78,13,71,66,7,51,103,61,18,66,31,73,81,79,91,34,47
266,220,85,40,281,53,239,73,84,107,205,276,451,159,127,136,160,448,261,36,148,243,136,94,173,54,162,120,113,313,386,714,155,235,54,257,248,51,61,259,162,44,223,92,186,233,161,234,96,159
453,470,213,82,538,119,471,163,159,214,450,592,948,343,304,333,371,975,540,74,283,539,331,196,358,134,337,225,276,697,783,1451,284,461,118,585,474,103,259,266,342,105,389,208,397,507,354,527,192,336
301,264,140,59,335,72,291,96,114,131,292,361,605,216,165,176,234,622,338,41,197,302,224,123,229,82,222,141,180,425,498,864,188,304,91,340,294,61,162,342,92,61,256,132,268,312,212,339,126,232
106,92,28,17,108,24,90,29,39,45,88,93,184,65,63,65,83,214,97,12,54,110,76,45,76,18,60,50,39,132,165,291,52,106,26,93,94,18,44,105,61,7,83,49,91,98,75,104,54,71
362,305,149,66,390,84,350,129,121,157,320,461,683,240,198,207,284,669,364,52,222,382,244,140,266,111,253,191,202,504,594,1048,192,355,86,387,375,66,223,389,256,83,121,144,319,364,256,375,139,244
176,177,71,29,184,51,184,61,48,74,162,202,331,115,100,114,131,330,185,16,93,184,100,70,120,49,131,84,77,217,257,546,98,152,45,199,169,31,92,208,132,49,144,31,144,190,128,181,77,120
400,355,157,53,395,77,381,113,135,160,362,485,734,253,223,233,306,733,434,67,235,434,237,174,247,115,262,171,197,523,610,1107,215,405,102,439,367,73,186,397,268,91,319,144,166,359,242,437,162,306
385,399,187,79,481,110,426,127,169,196,372,493,785,311,232,262,326,800,521,64,289,495,307,189,308,123,310,215,272,567,702,1216,239,465,94,520,421,81,233,507,312,98,364,190,359,214,279,463,164,333
320,285,111,53,340,84,315,97,96,133,275,350,515,188,144,166,222,550,337,38,180,285,182,115,197,76,231,149,147,398,468,877,180,269,74,316,291,79,161,354,212,75,256,128,242,279,107,368,125,238
440,411,195,92,519,114,455,138,181,197,446,598,938,359,297,300,361,930,558,85,301,535,315,210,384,130,365,234,283,688,759,1420,269,508,128,502,481,91,234,527,339,104,375,181,437,463,368,254,190,353
177,167,73,28,190,42,185,64,69,83,143,232,316,109,98,100,133,328,201,26,84,167,94,71,123,60,137,103,108,224,263,493,100,170,54,213,182,34,96,192,126,54,139,77,162,164,125,190,39,112
375,305,135,56,353,76,345,101,96,129,266,363,586,240,174,199,233,606,332,38,209,335,226,155,210,102,229,178,158,425,467,920,186,311,78,342,304,47,159,336,232,71,244,120,306,333,238,353,112,122
