288,486,214,95,509,116,479,195,191,238,433,511,786,362,322,347,407,834,539,72,329,539,328,205,375,155,387,292,289,626,695,1130,227,501,110,522,480,78,266,435,302,115,357,162,428,452,363,472,166,398
486,194,175,64,436,100,395,148,130,159,369,447,753,265,220,224,326,761,434,53,248,443,272,165,296,106,284,190,226,536,641,1303,248,372,100,457,377,73,217,488,303,93,316,167,331,384,290,457,162,309
214,175,34,36,198,44,172,60,65,73,168,204,347,121,105,114,155,387,208,17,102,197,120,89,144,43,122,100,87,239,329,558,116,188,39,195,166,30,90,206,123,40,155,69,155,195,105,222,73,125
95,64,36,7,98,17,68,21,29,20,80,98,134,67,45,67,60,149,99,6,50,109,54,37,52,25,59,44,42,116,135,206,43,87,20,99,84,15,38,110,54,24,59,35,66,74,53,86,26,57
509,436,198,98,251,102,473,152,167,229,444,554,958,328,273,339,385,910,517,59,274,523,299,209,306,145,368,255,255,641,791,1416,282,444,122,603,503,83,270,526,322,114,389,202,406,473,293,545,194,332
116,100,44,17,102,11,93,37,41,37,90,116,208,88,63,61,79,185,104,7,62,111,61,47,65,25,73,62,55,137,150,296,66,97,26,130,103,23,64,123,82,24,80,37,87,107,68,108,42,92
479,395,172,68,473,93,228,161,186,198,404,558,848,338,239,287,343,852,471,59,274,469,269,185,335,135,342,222,263,591,736,1348,244,420,111,493,419,102,269,501,322,106,389,190,377,475,294,520,175,365
195,148,60,21,152,37,161,25,51,59,139,133,246,106,86,95,123,251,175,14,89,186,106,72,101,29,91,74,72,185,231,417,78,153,35,171,155,27,73,153,101,27,122,65,118,146,95,177,58,114
191,130,65,29,167,41,186,51,24,78,134,178,275,126,89,112,136,276,181,12,90,176,94,72,112,35,109,67,84,209,266,474,73,144,40,187,157,17,78,173,109,33,142,75,149,153,75,202,53,115
238,159,73,20,229,37,198,59,78,37,164,238,381,133,127,123,152,394,238,30,116,219,142,86,128,59,154,100,114,283,323,589,122,200,44,195,211,26,103,200,130,48,162,82,180,208,128,222,77,135
433,369,168,80,444,90,404,139,134,164,165,491,775,261,241,239,305,776,416,67,253,445,288,165,263,114,268,192,236,519,659,1232,247,402,108,416,442,73,229,445,261,82,324,154,328,412,290,448,173,286
511,447,204,98,554,116,558,133,178,238,491,306,1039,361,294,283,418,990,574,80,315,595,336,227,348,145,383,245,281,716,921,1612,331,512,137,594,509,86,246,631,357,115,387,224,438,567,358,628,198,383
786,753,347,134,958,208,848,246,275,381,775,1039,825,570,457,512,630,1483,897,126,474,908,507,360,574,251,642,434,476,1159,1334,2495,539,841,209,963,870,146,432,1025,595,197,689,349,676,889,541,942,313,627
362,265,121,67,328,88,338,106,126,133,261,361,570,113,181,196,244,602,352,45,176,341,218,129,234,98,222,127,189,402,505,908,167,309,83,338,324,52,164,352,195,66,267,129,284,277,195,372,132,219
322,220,105,45,273,63,239,86,89,127,241,294,457,181,67,143,212,458,255,32,155,262,162,98,165,58,164,115,155,317,373,694,147,240,50,269,245,45,141,272,174,58,206,111,204,248,155,271,108,199
347,224,114,67,339,61,287,95,112,123,239,283,512,196,143,84,222,550,303,28,150,289,184,103,177,72,184,113,165,364,435,782,151,277,58,287,286,45,142,297,190,54,215,119,242,259,184,316,112,209
407,326,155,60,385,79,343,123,136,152,305,418,630,244,212,222,134,653,353,49,226,391,209,142,268,90,228,170,193,452,559,1002,206,374,96,381,334,57,189,376,206,79,268,150,315,336,215,380,150,267
834,761,387,149,910,185,852,251,276,394,776,990,1483,602,458,550,653,830,937,131,474,887,524,341,595,238,627,458,481,1159,1368,2487,525,860,197,975,838,155,445,957,604,176,710,354,729,870,581,902,328,630
539,434,208,99,517,104,471,175,181,238,416,574,897,352,255,303,353,937,248,70,299,460,290,202,310,121,346,218,258,640,738,1423,268,476,106,535,453,69,264,520,314,98,411,187,394,488,294,545,196,341
72,53,17,6,59,7,59,14,12,30,67,80,126,45,32,28,49,131,70,5,25,61,34,28,41,8,34,16,36,78,83,192,38,50,20,71,51,10,24,68,25,6,47,15,51,69,40,66,35,42
329,248,102,50,274,62,274,89,90,116,253,315,474,176,155,150,226,474,299,25,86,304,182,113,189,81,199,119,136,340,435,748,155,266,48,260,247,37,139,313,181,60,193,100,234,256,188,310,93,211
539,443,197,109,523,111,469,186,176,219,445,595,908,341,262,289,391,887,460,61,304,258,316,237,326,148,352,227,284,599,737,1434,262,470,120,553,481,90,263,569,322,91,385,190,395,473,306,500,202,375
328,272,120,54,299,61,269,106,94,142,288,336,507,218,162,184,209,524,290,34,182,316,100,134,199,83,197,131,157,356,434,790,176,292,46,317,281,59,154,325,206,61,233,106,236,302,178,307,109,229
205,165,89,37,209,47,185,72,72,86,165,227,360,129,98,103,142,341,202,28,113,237,134,52,126,67,141,101,98,227,296,588,109,190,51,204,178,43,97,239,127,39,137,79,157,164,130,215,83,148
375,296,144,52,306,65,335,101,112,128,263,348,574,234,165,177,268,595,310,41,189,326,199,126,99,86,231,153,159,413,528,955,187,300,79,352,336,74,176,348,221,68,251,134,246,306,205,344,134,218
155,106,43,25,145,25,135,29,35,59,114,145,251,98,58,72,90,238,121,8,81,148,83,67,86,17,73,59,65,159,189,365,86,122,34,143,129,21,65,146,71,28,105,57,109,121,89,134,53,82
387,284,122,59,368,73,342,91,109,154,268,383,642,222,164,184,228,627,346,34,199,352,197,141,231,73,94,145,174,408,538,1016,203,295,92,370,337,50,151,369,225,64,255,129,283,294,221,371,145,234
292,190,100,44,255,62,222,74,67,100,192,245,434,127,115,113,170,458,218,16,119,227,131,101,153,59,145,58,106,256,312,683,131,248,54,226,232,43,134,229,144,46,185,86,181,233,140,232,96,169
289,226,87,42,255,55,263,72,84,114,236,281,476,189,155,165,193,481,258,36,136,284,157,98,159,65,174,106,60,318,409,718,143,250,63,254,235,34,116,260,159,49,177,96,220,225,168,279,83,182
626,536,239,116,641,137,591,185,209,283,519,716,1159,402,317,364,452,1159,640,78,340,599,356,227,413,159,408,256,318,405,961,1930,371,543,135,662,587,94,318,673,415,126,507,223,480,599,389,629,258,427
695,641,329,135,791,150,736,231,266,323,659,921,1334,505,373,435,559,1368,738,83,435,737,434,296,528,189,538,312,409,961,549,2107,422,742,170,787,692,134,384,828,488,171,589,295,619,735,493,790,292,518
1130,1303,558,206,1416,296,1348,417,474,589,1232,1612,2495,908,694,782,1002,2487,1423,192,748,1434,790,588,955,365,1016,683,718,1930,2107,1937,770,1318,314,1549,1330,254,676,1524,962,321,1051,543,1115,1343,862,1443,534,915
227,248,116,43,282,66,244,78,73,122,247,331,539,167,147,151,206,525,268,38,155,262,176,109,187,86,203,131,143,371,422,770,75,266,55,298,258,43,147,282,211,62,227,99,214,271,178,257,95,197
501,372,188,87,444,97,420,153,144,200,402,512,841,309,240,277,374,860,476,50,266,470,292,190,300,122,295,248,250,543,742,1318,266,214,99,517,441,80,254,487,314,86,336,187,370,441,280,486,187,334
110,100,39,20,122,26,111,35,40,44,108,137,209,83,50,58,96,197,106,20,48,120,46,51,79,34,92,54,63,135,170,314,55,99,16,120,104,18,54,105,74,26,93,45,108,111,76,121,43,57
522,457,195,99,603,130,493,171,187,195,416,594,963,338,269,287,381,975,535,71,260,553,317,204,352,143,370,226,254,662,787,1549,298,517,120,262,491,90,256,562,324,126,411,209,438,508,295,562,222,363
480,377,166,84,503,103,419,155,157,211,442,509,870,324,245,286,334,838,453,51,247,481,281,178,336,129,337,232,235,587,692,1330,258,441,104,491,211,71,238,531,312,99,353,162,386,404,291,504,158,329
78,73,30,15,83,23,102,27,17,26,73,86,146,52,45,45,57,155,69,10,37,90,59,43,74,21,50,43,34,94,134,254,43,80,18,90,71,5,44,101,43,14,60,32,74,80,71,92,25,46
266,217,90,38,270,64,269,73,78,103,229,246,432,164,141,142,189,445,264,24,139,263,154,97,176,65,151,134,116,318,384,676,147,254,54,256,238,44,60,253,183,46,200,111,198,231,159,278,102,177
435,488,206,110,526,123,501,153,173,200,445,631,1025,352,272,297,376,957,520,68,313,569,325,239,348,146,369,229,260,673,828,1524,282,487,105,562,531,101,253,295,333,120,397,217,410,494,342,549,187,345
302,303,123,54,322,82,322,101,109,130,261,357,595,195,174,190,206,604,314,25,181,322,206,127,221,71,225,144,159,415,488,962,211,314,74,324,312,43,183,333,136,79,243,102,272,310,197,316,120,214
115,93,40,24,114,24,106,27,33,48,82,115,197,66,58,54,79,176,98,6,60,91,61,39,68,28,64,46,49,126,171,321,62,86,26,126,99,14,46,120,79,9,79,45,88,105,70,104,39,84
357,316,155,59,389,80,389,122,142,162,324,387,689,267,206,215,268,710,411,47,193,385,233,137,251,105,255,185,177,507,589,1051,227,336,93,411,353,60,200,397,243,79,154,142,303,372,255,408,137,227
162,167,69,35,202,37,190,65,75,82,154,224,349,129,111,119,150,354,187,15,100,190,106,79,134,57,129,86,96,223,295,543,99,187,45,209,162,32,111,217,102,45,142,41,144,202,127,202,74,122
428,331,155,66,406,87,377,118,149,180,328,438,676,284,204,242,315,729,394,51,234,395,236,157,246,109,283,181,220,480,619,1115,214,370,108,438,386,74,198,410,272,88,303,144,157,378,241,425,155,286
452,384,195,74,473,107,475,146,153,208,412,567,889,277,248,259,336,870,488,69,256,473,302,164,306,121,294,233,225,599,735,1343,271,441,111,508,404,80,231,494,310,105,372,202,378,232,327,496,171,315
363,290,105,53,293,68,294,95,75,128,290,358,541,195,155,184,215,581,294,40,188,306,178,130,205,89,221,140,168,389,493,862,178,280,76,295,291,71,159,342,197,70,255,127,241,327,106,320,120,206
472,457,222,86,545,108,520,177,202,222,448,628,942,372,271,316,380,902,545,66,310,500,307,215,344,134,371,232,279,629,790,1443,257,486,121,562,504,92,278,549,316,104,408,202,425,496,320,269,198,374
166,162,73,26,194,42,175,58,53,77,173,198,313,132,108,112,150,328,196,35,93,202,109,83,134,53,145,96,83,258,292,534,95,187,43,222,158,25,102,187,120,39,137,74,155,171,120,198,33,141
398,309,125,57,332,92,365,114,115,135,286,383,627,219,199,209,267,630,341,42,211,375,229,148,218,82,234,169,182,427,518,915,197,334,57,363,329,46,177,345,214,84,227,122,286,315,206,374,141,112
