256,425,191,98,493,111,495,168,174,271,459,539,812,395,335,377,353,753,492,58,351,492,344,200,387,134,375,314,298,578,701,1197,240,471,104,497,478,85,237,449,304,116,374,176,430,421,333,506,175,407
425,176,186,81,402,96,428,129,166,183,394,475,796,238,260,264,300,802,457,51,269,415,248,141,304,108,296,204,206,560,682,1200,250,440,108,453,438,60,206,461,291,89,359,163,325,410,268,451,196,292
191,186,38,37,213,57,195,58,66,78,160,207,405,103,88,103,115,383,186,17,101,203,111,72,115,55,123,93,98,246,306,577,105,184,45,192,188,37,83,219,114,36,165,88,165,180,129,216,66,124
98,81,37,5,76,16,62,23,23,39,66,85,147,53,53,56,61,144,90,12,36,80,42,32,56,25,61,31,47,103,125,259,46,76,16,86,73,15,39,84,57,29,69,30,61,83,64,85,30,46
493,402,213,76,254,105,457,148,134,180,422,578,903,321,284,310,363,915,549,62,246,503,317,174,377,125,334,249,249,629,782,1429,294,458,115,507,454,90,238,518,354,93,394,182,406,518,320,521,188,310
111,96,57,16,105,15,110,45,35,56,86,116,217,81,75,72,90,208,117,9,63,111,72,40,87,28,90,47,65,141,161,333,73,121,20,121,105,17,67,120,80,36,89,44,96,104,84,106,47,64
495,428,195,62,457,110,226,166,157,225,415,526,842,311,275,297,374,880,496,56,246,498,296,164,341,116,318,232,245,608,735,1337,253,451,96,548,420,100,254,526,370,115,351,197,342,422,313,507,192,332
168,129,58,23,148,45,166,25,43,71,156,167,267,98,79,79,106,262,160,21,78,172,81,53,104,35,103,75,90,203,230,398,78,149,21,175,138,27,64,172,85,31,130,58,125,136,107,155,45,98
174,166,66,23,134,35,157,43,23,72,142,204,308,99,75,101,125,306,161,17,81,160,98,76,117,43,106,86,65,190,236,457,80,162,45,179,169,28,66,181,115,28,112,54,141,140,100,161,73,139
271,183,78,39,180,56,225,71,72,56,176,226,352,137,120,136,163,380,224,23,99,225,126,93,125,46,134,116,91,256,312,557,117,216,48,227,216,28,101,201,135,42,158,82,170,192,137,222,78,137
459,394,160,66,422,86,415,156,142,176,162,483,743,281,229,261,320,750,433,51,224,421,252,185,279,101,304,229,221,523,606,1148,220,396,88,465,395,79,216,438,300,90,333,181,342,400,289,428,165,285
539,475,207,85,578,116,526,167,204,226,483,321,1002,324,279,324,401,1012,565,70,318,587,295,221,357,141,391,253,299,729,814,1541,269,494,123,635,507,85,292,593,376,132,431,214,454,510,365,601,190,370
812,796,405,147,903,217,842,267,308,352,743,1002,783,588,444,509,676,1451,931,108,489,960,522,334,620,214,588,424,468,1132,1356,2401,459,858,226,954,809,154,476,983,615,196,689,329,695,821,576,964,315,625
395,238,103,53,321,81,311,98,99,137,281,324,588,103,175,216,265,561,329,32,172,353,193,125,198,78,218,182,165,407,479,863,168,323,62,321,331,64,172,323,215,77,251,144,245,307,189,351,118,214
335,260,88,53,284,75,275,79,75,120,229,279,444,175,68,131,192,478,256,28,163,289,153,132,182,48,180,127,144,336,397,720,129,254,67,247,246,45,150,310,168,52,210,110,213,223,174,272,100,173
377,264,103,56,310,72,297,79,101,136,261,324,509,216,131,81,212,547,289,39,148,298,168,143,189,57,202,106,147,364,465,808,158,273,70,274,280,39,154,334,190,40,243,99,243,248,193,309,109,195
353,300,115,61,363,90,374,106,125,163,320,401,676,265,192,212,121,646,348,41,200,387,230,155,242,80,244,197,166,455,551,956,199,370,72,330,347,73,171,423,265,74,265,150,302,335,253,365,142,245
753,802,383,144,915,208,880,262,306,380,750,1012,1451,561,478,547,646,800,888,108,497,901,540,364,636,221,586,419,461,1130,1334,2432,467,904,218,933,792,170,442,998,590,195,724,313,731,782,577,998,329,595
492,457,186,90,549,117,496,160,161,224,433,565,931,329,256,289,348,888,261,65,296,466,291,194,359,115,302,242,259,644,756,1444,231,488,134,505,475,98,250,547,341,93,396,193,433,526,318,515,175,344
58,51,17,12,62,9,56,21,17,23,51,70,108,32,28,39,41,108,65,8,35,64,38,18,45,21,44,31,34,82,98,175,26,50,11,56,58,11,44,75,46,18,60,24,48,71,33,68,22,51
351,269,101,36,246,63,246,78,81,99,224,318,489,172,163,148,200,497,296,35,66,277,162,105,176,64,163,125,142,320,413,775,137,248,65,292,250,45,144,329,173,47,215,110,227,250,177,313,99,205
492,415,203,80,503,111,498,172,160,225,421,587,960,353,289,298,387,901,466,64,277,255,307,229,355,129,318,250,259,647,760,1452,275,480,118,527,478,91,281,514,341,102,397,191,407,492,286,557,193,340
344,248,111,42,317,72,296,81,98,126,252,295,522,193,153,168,230,540,291,38,162,307,94,118,201,78,197,134,178,397,453,829,153,274,66,298,259,46,133,360,201,57,263,130,226,263,195,341,103,198
200,141,72,32,174,40,164,53,76,93,185,221,334,125,132,143,155,364,194,18,105,229,118,45,135,61,132,103,91,251,292,526,89,183,44,210,179,51,83,231,134,37,177,94,165,204,121,223,75,133
387,304,115,56,377,87,341,104,117,125,279,357,620,198,182,189,242,636,359,45,176,355,201,135,100,73,193,160,170,431,482,987,171,309,71,353,293,55,191,400,243,72,263,128,238,305,220,324,142,203
134,108,55,25,125,28,116,35,43,46,101,141,214,78,48,57,80,221,115,21,64,129,78,61,73,16,83,60,62,171,185,321,62,115,34,122,107,14,56,147,83,27,87,49,105,118,82,134,49,98
375,296,123,61,334,90,318,103,106,134,304,391,588,218,180,202,244,586,302,44,163,318,197,132,193,83,120,163,170,444,460,901,168,296,74,324,329,46,165,374,228,63,265,138,265,297,231,331,131,245
314,204,93,31,249,47,232,75,86,116,229,253,424,182,127,106,197,419,242,31,125,250,134,103,160,60,163,58,121,307,342,672,141,239,45,230,229,45,118,243,163,55,192,96,206,224,144,272,100,154
298,206,98,47,249,65,245,90,65,91,221,299,468,165,144,147,166,461,259,34,142,259,178,91,170,62,170,121,66,307,377,734,152,240,48,242,254,47,120,257,175,53,194,101,235,250,150,260,86,174
578,560,246,103,629,141,608,203,190,256,523,729,1132,407,336,364,455,1130,644,82,320,647,397,251,431,171,444,307,307,405,954,1788,358,595,160,645,581,102,321,677,436,134,528,232,517,528,388,670,278,394
701,682,306,125,782,161,735,230,236,312,606,814,1356,479,397,465,551,1334,756,98,413,760,453,292,482,185,460,342,377,954,604,2059,389,739,173,829,695,123,386,791,486,135,595,297,566,682,503,767,267,506
1197,1200,577,259,1429,333,1337,398,457,557,1148,1541,2401,863,720,808,956,2432,1444,175,775,1452,829,526,987,321,901,672,734,1788,2059,1891,749,1324,344,1450,1262,237,698,1469,910,276,1005,535,1079,1268,951,1400,526,930
240,250,105,46,294,73,253,78,80,117,220,269,459,168,129,158,199,467,231,26,137,275,153,89,171,62,168,141,152,358,389,749,67,234,59,281,246,39,151,329,179,39,193,106,205,245,165,285,89,150
471,440,184,76,458,121,451,149,162,216,396,494,858,323,254,273,370,904,488,50,248,480,274,183,309,115,296,239,240,595,739,1324,234,230,93,501,441,67,242,512,309,95,379,176,373,479,290,480,177,293
104,108,45,16,115,20,96,21,45,48,88,123,226,62,67,70,72,218,134,11,65,118,66,44,71,34,74,45,48,160,173,344,59,93,12,133,95,14,57,116,86,29,77,39,82,100,76,128,39,64
497,453,192,86,507,121,548,175,179,227,465,635,954,321,247,274,330,933,505,56,292,527,298,210,353,122,324,230,242,645,829,1450,281,501,133,264,478,97,273,611,376,122,419,219,380,492,308,554,219,344
478,438,188,73,454,105,420,138,169,216,395,507,809,331,246,280,347,792,475,58,250,478,259,179,293,107,329,229,254,581,695,1262,246,441,95,478,211,81,241,491,327,108,360,182,391,414,312,483,156,300
85,60,37,15,90,17,100,27,28,28,79,85,154,64,45,39,73,170,98,11,45,91,46,51,55,14,46,45,47,102,123,237,39,67,14,97,81,3,50,88,60,18,61,30,78,82,36,90,26,57
237,206,83,39,238,67,254,64,66,101,216,292,476,172,150,154,171,442,250,44,144,281,133,83,191,56,165,118,120,321,386,698,151,242,57,273,241,50,62,305,169,55,202,94,223,233,186,268,113,164
449,461,219,84,518,120,526,172,181,201,438,593,983,323,310,334,423,998,547,75,329,514,360,231,400,147,374,243,257,677,791,1469,329,512,116,611,491,88,305,267,343,102,402,188,442,520,370,564,205,356
304,291,114,57,354,80,370,85,115,135,300,376,615,215,168,190,265,590,341,46,173,341,201,134,243,83,228,163,175,436,486,910,179,309,86,376,327,60,169,343,119,69,255,135,291,317,233,381,126,213
116,89,36,29,93,36,115,31,28,42,90,132,196,77,52,40,74,195,93,18,47,102,57,37,72,27,63,55,53,134,135,276,39,95,29,122,108,18,55,102,69,11,85,30,84,95,75,113,43,84
374,359,165,69,394,89,351,130,112,158,333,431,689,251,210,243,265,724,396,60,215,397,263,177,263,87,265,192,194,528,595,1005,193,379,77,419,360,61,202,402,255,85,155,161,312,382,228,385,130,270
176,163,88,30,182,44,197,58,54,82,181,214,329,144,110,99,150,313,193,24,110,191,130,94,128,49,138,96,101,232,297,535,106,176,39,219,182,30,94,188,135,30,161,34,172,200,107,181,61,147
430,325,165,61,406,96,342,125,141,170,342,454,695,245,213,243,302,731,433,48,227,407,226,165,238,105,265,206,235,517,566,1079,205,373,82,380,391,78,223,442,291,84,312,172,163,386,251,390,153,255
421,410,180,83,518,104,422,136,140,192,400,510,821,307,223,248,335,782,526,71,250,492,263,204,305,118,297,224,250,528,682,1268,245,479,100,492,414,82,233,520,317,95,382,200,386,208,274,505,158,327
333,268,129,64,320,84,313,107,100,137,289,365,576,189,174,193,253,577,318,33,177,286,195,121,220,82,231,144,150,388,503,951,165,290,76,308,312,36,186,370,233,75,228,107,251,274,103,349,115,189
506,451,216,85,521,106,507,155,161,222,428,601,964,351,272,309,365,998,515,68,313,557,341,223,324,134,331,272,260,670,767,1400,285,480,128,554,483,90,268,564,381,113,385,181,390,505,349,278,185,365
175,196,66,30,188,47,192,45,73,78,165,190,315,118,100,109,142,329,175,22,99,193,103,75,142,49,131,100,86,278,267,526,89,177,39,219,156,26,113,205,126,43,130,61,153,158,115,185,23,105
407,292,124,46,310,64,332,98,139,137,285,370,625,214,173,195,245,595,344,51,205,340,198,133,203,98,245,154,174,394,506,930,150,293,64,344,300,57,164,356,213,84,270,147,255,327,189,365,105,121
