268,456,207,102,499,117,472,168,188,260,454,493,834,357,345,351,343,784,476,72,321,531,394,195,393,174,372,269,304,666,734,1130,247,516,103,535,512,94,234,514,287,95,367,162,457,438,343,448,180,379
456,190,186,71,475,99,409,120,153,173,357,454,800,297,228,251,338,837,438,53,249,464,220,183,300,101,284,200,218,577,650,1188,237,406,97,464,404,84,226,467,280,87,347,158,338,409,292,421,150,263
207,186,43,51,236,46,209,68,61,90,168,217,354,141,105,101,146,359,191,30,125,218,113,89,136,47,129,94,107,255,315,557,94,213,43,195,195,25,90,233,140,41,145,76,155,174,128,203,64,130
102,71,51,7,113,18,77,33,32,40,81,93,146,63,54,64,64,134,93,13,48,90,48,34,59,19,57,34,46,115,120,220,46,67,21,88,76,15,43,96,52,20,58,38,69,94,57,98,26,60
499,475,236,113,256,110,493,161,169,228,456,571,943,349,288,324,351,955,521,72,304,530,304,217,322,117,335,252,232,615,804,1449,289,423,106,536,505,86,269,580,340,95,380,201,408,506,325,574,194,365
117,99,46,18,110,10,99,38,36,50,105,128,179,85,62,69,76,198,120,14,60,113,60,49,84,27,74,59,55,146,160,274,53,104,28,124,98,25,52,121,74,17,79,56,102,121,70,116,37,64
472,409,209,77,493,99,228,146,162,207,420,550,862,324,276,291,346,897,463,54,272,499,275,198,323,121,310,225,269,589,721,1353,277,414,126,510,449,91,235,514,309,92,365,190,426,433,341,515,184,336
168,120,68,33,161,38,146,25,46,69,118,173,260,108,88,82,104,266,142,14,78,160,95,60,91,45,104,93,74,181,204,432,84,145,24,149,140,30,72,157,105,32,107,67,122,158,83,174,58,92
188,153,61,32,169,36,162,46,25,68,132,187,305,111,94,112,124,269,159,23,93,172,104,76,111,42,106,72,87,191,252,459,92,154,35,156,168,29,78,178,119,39,122,54,143,156,123,171,58,118
260,173,90,40,228,50,207,69,68,40,170,232,371,139,109,118,153,338,217,30,119,225,125,84,134,53,149,104,122,281,315,520,101,194,36,243,211,37,94,210,119,60,181,79,194,174,123,236,71,168
454,357,168,81,456,105,420,118,132,170,194,467,784,295,220,243,304,784,429,60,232,410,250,178,278,114,303,199,214,543,639,1183,207,412,88,465,407,76,178,448,289,86,323,160,363,384,280,412,141,323
493,454,217,93,571,128,550,173,187,232,467,306,939,359,269,286,386,948,575,64,299,559,315,204,344,155,356,268,271,728,851,1569,313,527,130,626,529,88,282,581,339,120,463,220,421,547,314,574,191,352
834,800,354,146,943,179,862,260,305,371,784,939,785,590,477,501,616,1453,902,123,490,912,545,366,616,254,636,407,435,1114,1350,2436,488,908,201,1000,850,147,440,921,594,201,680,372,717,873,615,896,311,625
357,297,141,63,349,85,324,108,111,139,295,359,590,110,192,201,240,615,320,37,190,343,219,133,213,86,203,154,149,447,480,947,178,338,75,348,332,48,171,339,211,68,240,137,267,282,213,355,130,226
345,228,105,54,288,62,276,88,94,109,220,269,477,192,69,138,195,472,254,29,138,293,146,122,171,67,169,129,129,352,393,755,141,266,73,244,263,42,146,295,165,48,227,93,222,252,168,253,101,183
351,251,101,64,324,69,291,82,112,118,243,286,501,201,138,88,231,536,295,34,166,327,154,126,171,79,190,136,131,363,444,803,158,275,80,281,309,45,154,340,192,61,251,119,225,256,192,272,123,188
343,338,146,64,351,76,346,104,124,153,304,386,616,240,195,231,142,646,355,50,185,383,226,141,226,91,234,178,176,441,519,997,184,354,83,359,351,58,177,417,230,77,291,138,296,305,242,374,141,254
784,837,359,134,955,198,897,266,269,338,784,948,1453,615,472,536,646,892,936,134,511,977,552,375,605,224,623,432,491,1191,1331,2508,502,852,222,961,829,156,444,958,581,185,703,357,753,842,579,946,325,640
476,438,191,93,521,120,463,142,159,217,429,575,902,320,254,295,355,936,274,65,321,483,303,179,303,139,347,232,253,643,778,1407,265,489,122,523,433,83,244,559,342,119,372,201,403,455,334,535,175,389
72,53,30,13,72,14,54,14,23,30,60,64,123,37,29,34,50,134,65,4,28,58,35,28,41,17,42,29,35,79,97,177,47,55,10,56,53,10,30,64,44,6,55,20,51,69,39,72,27,47
321,249,125,48,304,60,272,78,93,119,232,299,490,190,138,166,185,511,321,28,70,301,144,110,174,72,220,116,134,342,456,774,156,279,63,261,240,42,124,325,202,66,240,99,215,249,165,313,89,179
531,464,218,90,530,113,499,160,172,225,410,559,912,343,293,327,383,977,483,58,301,278,297,200,307,147,355,242,268,679,775,1384,255,513,133,570,478,96,254,551,356,118,388,214,442,461,328,526,188,360
394,220,113,48,304,60,275,95,104,125,250,315,545,219,146,154,226,552,303,35,144,297,87,110,177,69,181,139,158,374,492,798,143,280,71,328,271,49,161,315,181,50,256,112,242,263,192,313,111,224
195,183,89,34,217,49,198,60,76,84,178,204,366,133,122,126,141,375,179,28,110,200,110,34,129,48,122,112,103,274,308,589,119,185,47,232,188,36,108,189,138,42,164,73,159,166,115,191,65,141
393,300,136,59,322,84,323,91,111,134,278,344,616,213,171,171,226,605,303,41,174,307,177,129,108,81,189,155,158,438,531,927,165,296,80,345,319,56,167,351,213,71,252,126,247,327,198,350,132,222
174,101,47,19,117,27,121,45,42,53,114,155,254,86,67,79,91,224,139,17,72,147,69,48,81,14,73,67,68,140,209,371,60,104,37,135,148,24,64,127,79,36,104,46,116,110,81,131,48,81
372,284,129,57,335,74,310,104,106,149,303,356,636,203,169,190,234,623,347,42,220,355,181,122,189,73,108,169,155,415,526,944,184,306,80,353,312,60,185,380,230,83,277,118,256,307,198,363,141,233
269,200,94,34,252,59,225,93,72,104,199,268,407,154,129,136,178,432,232,29,116,242,139,112,155,67,169,68,127,264,396,655,121,213,55,272,234,40,146,273,151,57,179,98,211,197,138,261,111,198
304,218,107,46,232,55,269,74,87,122,214,271,435,149,129,131,176,491,253,35,134,268,158,103,158,68,155,127,58,304,370,722,147,220,66,231,234,48,144,256,149,50,205,103,207,246,156,261,89,145
666,577,255,115,615,146,589,181,191,281,543,728,1114,447,352,363,441,1191,643,79,342,679,374,274,438,140,415,264,304,404,1030,1846,335,558,151,656,603,84,341,645,417,132,510,250,530,618,405,715,245,467
734,650,315,120,804,160,721,204,252,315,639,851,1350,480,393,444,519,1331,778,97,456,775,492,308,531,209,526,396,370,1030,578,2077,415,673,185,833,738,146,369,810,498,165,526,294,642,685,529,732,285,520
1130,1188,557,220,1449,274,1353,432,459,520,1183,1569,2436,947,755,803,997,2508,1407,177,774,1384,798,589,927,371,944,655,722,1846,2077,1939,720,1271,351,1526,1283,252,678,1470,913,302,1055,534,1110,1305,881,1374,493,923
247,237,94,46,289,53,277,84,92,101,207,313,488,178,141,158,184,502,265,47,156,255,143,119,165,60,184,121,147,335,415,720,58,288,70,287,259,49,135,269,167,60,210,110,209,281,188,266,105,198
516,406,213,67,423,104,414,145,154,194,412,527,908,338,266,275,354,852,489,55,279,513,280,185,296,104,306,213,220,558,673,1271,288,205,131,500,439,89,232,488,314,99,369,179,398,429,276,510,199,308
103,97,43,21,106,28,126,24,35,36,88,130,201,75,73,80,83,222,122,10,63,133,71,47,80,37,80,55,66,151,185,351,70,131,7,129,116,16,50,119,75,24,93,42,100,96,70,128,39,75
535,464,195,88,536,124,510,149,156,243,465,626,1000,348,244,281,359,961,523,56,261,570,328,232,345,135,353,272,231,656,833,1526,287,500,129,269,508,92,258,606,353,103,434,211,444,486,357,552,197,333
512,404,195,76,505,98,449,140,168,211,407,529,850,332,263,309,351,829,433,53,240,478,271,188,319,148,312,234,234,603,738,1283,259,439,116,508,214,73,249,461,311,97,358,182,398,422,310,497,175,294
94,84,25,15,86,25,91,30,29,37,76,88,147,48,42,45,58,156,83,10,42,96,49,36,56,24,60,40,48,84,146,252,49,89,16,92,73,6,51,93,49,19,52,31,87,96,57,82,34,54
234,226,90,43,269,52,235,72,78,94,178,282,440,171,146,154,177,444,244,30,124,254,161,108,167,64,185,146,144,341,369,678,135,232,50,258,249,51,60,282,154,53,206,106,204,255,157,266,83,162
514,467,233,96,580,121,514,157,178,210,448,581,921,339,295,340,417,958,559,64,325,551,315,189,351,127,380,273,256,645,810,1470,269,488,119,606,461,93,282,276,398,127,382,193,405,525,346,566,181,362
287,280,140,52,340,74,309,105,119,119,289,339,594,211,165,192,230,581,342,44,202,356,181,138,213,79,230,151,149,417,498,913,167,314,75,353,311,49,154,398,105,72,236,152,265,310,222,334,115,232
95,87,41,20,95,17,92,32,39,60,86,120,201,68,48,61,77,185,119,6,66,118,50,42,71,36,83,57,50,132,165,302,60,99,24,103,97,19,53,127,72,15,84,43,88,98,62,109,30,69
367,347,145,58,380,79,365,107,122,181,323,463,680,240,227,251,291,703,372,55,240,388,256,164,252,104,277,179,205,510,526,1055,210,369,93,434,358,52,206,382,236,84,129,157,298,363,252,388,158,236
162,158,76,38,201,56,190,67,54,79,160,220,372,137,93,119,138,357,201,20,99,214,112,73,126,46,118,98,103,250,294,534,110,179,42,211,182,31,106,193,152,43,157,44,178,187,134,196,67,120
457,338,155,69,408,102,426,122,143,194,363,421,717,267,222,225,296,753,403,51,215,442,242,159,247,116,256,211,207,530,642,1110,209,398,100,444,398,87,204,405,265,88,298,178,181,344,245,394,155,313
438,409,174,94,506,121,433,158,156,174,384,547,873,282,252,256,305,842,455,69,249,461,263,166,327,110,307,197,246,618,685,1305,281,429,96,486,422,96,255,525,310,98,363,187,344,249,297,447,169,311
343,292,128,57,325,70,341,83,123,123,280,314,615,213,168,192,242,579,334,39,165,328,192,115,198,81,198,138,156,405,529,881,188,276,70,357,310,57,157,346,222,62,252,134,245,297,104,339,107,217
448,421,203,98,574,116,515,174,171,236,412,574,896,355,253,272,374,946,535,72,313,526,313,191,350,131,363,261,261,715,732,1374,266,510,128,552,497,82,266,566,334,109,388,196,394,447,339,279,183,347
180,150,64,26,194,37,184,58,58,71,141,191,311,130,101,123,141,325,175,27,89,188,111,65,132,48,141,111,89,245,285,493,105,199,39,197,175,34,83,181,115,30,158,67,155,169,107,183,41,135
379,263,130,60,365,64,336,92,118,168,323,352,625,226,183,188,254,640,389,47,179,360,224,141,222,81,233,198,145,467,520,923,198,308,75,333,294,54,162,362,232,69,236,120,313,311,217,347,135,116
