255,433,205,87,485,106,471,202,180,264,457,524,779,383,318,330,349,815,499,63,332,525,343,208,348,150,360,273,313,605,713,1179,238,490,114,489,488,79,247,494,314,95,365,176,444,424,333,499,175,375
433,190,182,79,473,100,440,112,140,184,362,489,795,278,206,224,336,780,457,48,228,473,265,172,277,114,279,168,196,530,627,1200,242,411,104,459,447,68,217,472,264,99,312,142,358,389,275,464,178,296
205,182,33,45,191,48,186,55,68,83,160,231,337,116,104,101,119,344,194,38,115,228,127,85,125,51,137,78,89,266,255,574,107,194,52,213,189,34,97,203,131,41,168,85,159,192,111,224,83,147
87,79,45,8,76,13,67,24,32,43,75,88,133,63,53,52,46,128,92,8,57,81,65,37,61,24,56,30,48,106,125,203,47,93,15,74,75,17,37,88,54,25,62,32,68,59,59,80,28,55
485,473,191,76,278,114,453,150,186,184,441,539,880,342,277,305,360,943,565,71,312,548,293,203,308,124,341,262,284,612,767,1378,284,490,118,540,458,87,230,556,346,112,380,195,413,474,320,523,223,342
106,100,48,13,114,8,91,31,44,55,94,125,194,78,65,71,84,185,118,16,62,110,75,40,81,32,90,39,65,139,172,295,64,107,29,125,113,20,56,124,74,27,78,36,79,87,76,109,47,77
471,440,186,67,453,91,190,134,159,178,395,526,882,296,253,294,331,883,503,54,268,471,301,172,303,115,346,212,246,584,715,1295,254,431,114,479,429,98,224,503,319,99,361,173,334,467,301,446,178,327
202,112,55,24,150,31,134,22,50,67,137,164,270,107,85,85,123,274,153,19,93,152,85,76,100,38,83,76,85,206,211,412,85,159,44,178,142,15,64,172,100,30,122,62,118,142,89,190,62,102
180,140,68,32,186,44,159,50,31,60,125,191,316,104,84,82,146,299,173,27,73,171,99,63,119,45,123,73,85,196,250,457,95,177,35,178,157,29,76,194,111,38,121,63,149,159,111,183,58,129
264,184,83,43,184,55,178,67,60,46,187,199,373,139,127,125,155,376,192,17,106,217,144,65,161,58,152,92,115,251,294,547,121,190,51,225,171,30,105,198,131,49,167,72,165,174,129,218,69,158
457,362,160,75,441,94,395,137,125,187,195,481,780,294,251,261,300,743,427,57,223,439,287,169,310,106,290,193,246,524,632,1117,239,413,104,428,392,71,200,437,271,77,297,140,343,387,282,445,165,301
524,489,231,88,539,125,526,164,191,199,481,309,1008,369,280,282,401,1003,570,72,297,564,308,230,351,158,369,250,286,723,890,1543,298,528,124,594,520,90,277,642,368,124,426,219,424,528,336,581,199,340
779,795,337,133,880,194,882,270,316,373,780,1008,822,590,502,534,661,1492,901,130,512,925,534,344,587,231,643,422,416,1169,1427,2482,507,891,197,983,848,177,480,1025,605,181,692,347,730,881,598,905,335,606
383,278,116,63,342,78,296,107,104,139,294,369,590,110,193,210,242,597,376,39,170,352,180,134,231,74,216,164,164,396,504,873,171,305,56,316,286,57,156,342,189,76,237,116,268,316,222,327,112,206
318,206,104,53,277,65,253,85,84,127,251,280,502,193,69,135,182,515,275,29,154,282,138,108,164,56,140,114,142,339,398,696,128,244,63,275,252,43,139,292,180,47,216,101,216,241,154,273,101,196
330,224,101,52,305,71,294,85,82,125,261,282,534,210,135,70,191,561,304,35,156,295,159,119,178,74,162,135,152,335,415,812,150,278,67,298,280,31,134,332,190,66,217,90,252,271,172,304,107,192
349,336,119,46,360,84,331,123,146,155,300,401,661,242,182,191,123,700,375,43,202,368,218,119,233,77,225,168,162,443,566,1000,190,354,78,353,350,50,164,416,223,75,296,147,298,337,218,360,153,253
815,780,344,128,943,185,883,274,299,376,743,1003,1492,597,515,561,700,805,892,112,493,902,550,353,573,248,632,423,420,1099,1407,2442,496,887,205,1010,843,177,472,1048,586,177,665,315,747,859,583,912,330,605
499,457,194,92,565,118,503,153,173,192,427,570,901,376,275,304,375,892,235,69,261,526,338,222,355,126,323,265,266,644,787,1389,279,462,110,546,493,98,289,581,331,101,366,185,461,478,316,540,203,374
63,48,38,8,71,16,54,19,27,17,57,72,130,39,29,35,43,112,69,4,39,65,50,22,35,15,33,35,39,75,91,182,35,57,13,51,52,8,29,71,32,17,58,27,53,67,33,71,32,41
332,228,115,57,312,62,268,93,73,106,223,297,512,170,154,156,202,493,261,39,85,272,161,89,192,62,167,120,135,357,419,776,178,258,59,284,229,44,150,273,181,52,217,117,231,269,177,328,103,180
525,473,228,81,548,110,471,152,171,217,439,564,925,352,282,295,368,902,526,65,272,237,295,186,330,142,317,232,282,650,771,1420,278,470,125,491,452,74,279,555,378,114,362,188,432,494,300,519,185,353
343,265,127,65,293,75,301,85,99,144,287,308,534,180,138,159,218,550,338,50,161,295,88,116,198,82,199,141,149,364,485,834,135,282,61,293,296,54,146,334,208,60,228,123,249,295,179,326,98,216
208,172,85,37,203,40,172,76,63,65,169,230,344,134,108,119,119,353,222,22,89,186,116,34,141,53,123,93,105,253,296,514,115,184,29,200,176,32,93,192,130,42,154,73,148,196,115,194,68,136
348,277,125,61,308,81,303,100,119,161,310,351,587,231,164,178,233,573,355,35,192,330,198,141,99,70,199,160,155,401,520,899,175,322,84,337,308,52,157,376,209,69,244,139,251,317,180,340,137,235
150,114,51,24,124,32,115,38,45,58,106,158,231,74,56,74,77,248,126,15,62,142,82,53,70,15,71,67,67,175,210,347,69,115,26,124,125,29,63,129,82,28,96,49,102,109,75,133,46,91
360,279,137,56,341,90,346,83,123,152,290,369,643,216,140,162,225,632,323,33,167,317,199,123,199,71,108,150,177,385,507,935,204,303,74,327,327,68,181,358,209,61,249,136,286,321,208,351,146,246
273,168,78,30,262,39,212,76,73,92,193,250,422,164,114,135,168,423,265,35,120,232,141,93,160,67,150,36,115,286,378,678,142,220,76,227,216,46,105,259,143,45,198,74,187,238,152,271,90,161
313,196,89,48,284,65,246,85,85,115,246,286,416,164,142,152,162,420,266,39,135,282,149,105,155,67,177,115,69,319,399,701,133,226,58,261,243,30,146,243,146,63,183,96,211,218,144,254,102,156
605,530,266,106,612,139,584,206,196,251,524,723,1169,396,339,335,443,1099,644,75,357,650,364,253,401,175,385,286,319,402,987,1818,353,587,158,621,586,92,319,727,436,107,505,215,519,602,372,684,251,413
713,627,255,125,767,172,715,211,250,294,632,890,1427,504,398,415,566,1407,787,91,419,771,485,296,520,210,507,378,399,987,594,2099,429,705,166,912,683,145,405,802,523,173,601,275,644,723,478,779,285,488
1179,1200,574,203,1378,295,1295,412,457,547,1117,1543,2482,873,696,812,1000,2442,1389,182,776,1420,834,514,899,347,935,678,701,1818,2099,1861,764,1325,314,1569,1270,253,743,1539,959,289,1026,528,1062,1294,910,1396,496,983
238,242,107,47,284,64,254,85,95,121,239,298,507,171,128,150,190,496,279,35,178,278,135,115,175,69,204,142,133,353,429,764,76,253,60,314,226,56,144,311,190,47,207,103,194,257,152,250,93,180
490,411,194,93,490,107,431,159,177,190,413,528,891,305,244,278,354,887,462,57,258,470,282,184,322,115,303,220,226,587,705,1325,253,232,123,497,427,86,227,466,336,103,350,179,385,405,313,489,198,338
114,104,52,15,118,29,114,44,35,51,104,124,197,56,63,67,78,205,110,13,59,125,61,29,84,26,74,76,58,158,166,314,60,123,15,106,96,23,61,128,63,22,87,42,103,113,82,121,37,65
489,459,213,74,540,125,479,178,178,225,428,594,983,316,275,298,353,1010,546,51,284,491,293,200,337,124,327,227,261,621,912,1569,314,497,106,268,496,78,275,607,335,101,431,193,414,504,339,571,211,353
488,447,189,75,458,113,429,142,157,171,392,520,848,286,252,280,350,843,493,52,229,452,296,176,308,125,327,216,243,586,683,1270,226,427,96,496,205,76,234,513,308,107,364,180,371,431,270,479,178,315
79,68,34,17,87,20,98,15,29,30,71,90,177,57,43,31,50,177,98,8,44,74,54,32,52,29,68,46,30,92,145,253,56,86,23,78,76,4,38,95,62,21,54,28,75,92,49,85,39,54
247,217,97,37,230,56,224,64,76,105,200,277,480,156,139,134,164,472,289,29,150,279,146,93,157,63,181,105,146,319,405,743,144,227,61,275,234,38,52,302,175,48,194,90,195,224,144,273,103,165
494,472,203,88,556,124,503,172,194,198,437,642,1025,342,292,332,416,1048,581,71,273,555,334,192,376,129,358,259,243,727,802,1539,311,466,128,607,513,95,302,287,373,125,400,188,416,493,360,550,199,377
314,264,131,54,346,74,319,100,111,131,271,368,605,189,180,190,223,586,331,32,181,378,208,130,209,82,209,143,146,436,523,959,190,336,63,335,308,62,175,373,129,86,232,142,254,313,199,337,125,222
95,99,41,25,112,27,99,30,38,49,77,124,181,76,47,66,75,177,101,17,52,114,60,42,69,28,61,45,63,107,173,289,47,103,22,101,107,21,48,125,86,8,73,51,102,113,68,108,35,72
365,312,168,62,380,78,361,122,121,167,297,426,692,237,216,217,296,665,366,58,217,362,228,154,244,96,249,198,183,505,601,1026,207,350,87,431,364,54,194,400,232,73,139,137,296,323,250,376,147,227
176,142,85,32,195,36,173,62,63,72,140,219,347,116,101,90,147,315,185,27,117,188,123,73,139,49,136,74,96,215,275,528,103,179,42,193,180,28,90,188,142,51,137,39,149,177,123,187,65,130
444,358,159,68,413,79,334,118,149,165,343,424,730,268,216,252,298,747,461,53,231,432,249,148,251,102,286,187,211,519,644,1062,194,385,103,414,371,75,195,416,254,102,296,149,160,405,235,388,158,263
424,389,192,59,474,87,467,142,159,174,387,528,881,316,241,271,337,859,478,67,269,494,295,196,317,109,321,238,218,602,723,1294,257,405,113,504,431,92,224,493,313,113,323,177,405,195,318,438,203,314
333,275,111,59,320,76,301,89,111,129,282,336,598,222,154,172,218,583,316,33,177,300,179,115,180,75,208,152,144,372,478,910,152,313,82,339,270,49,144,360,199,68,250,123,235,318,93,313,123,199
499,464,224,80,523,109,446,190,183,218,445,581,905,327,273,304,360,912,540,71,328,519,326,194,340,133,351,271,254,684,779,1396,250,489,121,571,479,85,273,550,337,108,376,187,388,438,313,239,193,350
175,178,83,28,223,47,178,62,58,69,165,199,335,112,101,107,153,330,203,32,103,185,98,68,137,46,146,90,102,251,285,496,93,198,37,211,178,39,103,199,125,35,147,65,158,203,123,193,28,113
375,296,147,55,342,77,327,102,129,158,301,340,606,206,196,192,253,605,374,41,180,353,216,136,235,91,246,161,156,413,488,983,180,338,65,353,315,54,165,377,222,72,227,130,263,314,199,350,113,118
