257,445,202,84,455,117,447,192,195,237,467,477,799,355,276,333,357,777,517,70,330,519,343,201,343,150,355,276,311,561,715,1181,234,466,103,489,429,82,270,498,325,116,381,192,443,459,344,461,181,370
445,160,190,85,440,104,433,144,148,192,357,450,816,314,238,229,297,811,466,48,214,436,278,172,291,110,313,218,233,541,637,1255,240,395,112,457,393,71,217,445,297,82,352,162,350,416,281,450,170,294
202,190,37,42,189,52,192,57,73,85,181,227,360,150,97,99,152,341,206,26,91,205,104,81,122,53,136,99,106,252,294,527,101,196,47,216,193,30,79,212,115,50,139,76,163,185,119,203,63,119
84,85,42,3,83,14,69,30,31,39,69,91,137,66,43,46,68,147,81,10,55,78,49,37,65,27,54,40,47,89,119,207,47,68,14,90,73,13,38,87,59,14,37,35,71,70,59,71,26,62
455,440,189,83,245,113,451,170,167,220,461,568,966,353,258,282,335,946,497,60,287,496,308,193,336,130,379,224,254,661,781,1481,273,447,109,518,485,93,266,556,323,101,370,166,405,492,332,528,189,344
117,104,52,14,113,8,106,43,31,51,102,118,171,79,57,68,88,179,118,15,75,112,73,46,80,33,70,50,68,124,164,291,49,106,24,120,95,18,70,117,79,25,68,39,104,93,60,113,33,87
447,433,192,69,451,106,203,160,167,213,400,538,855,304,271,304,366,850,469,48,285,466,286,218,317,133,343,236,257,575,736,1353,260,402,98,527,407,75,244,508,312,108,365,183,406,430,306,498,160,308
192,144,57,30,170,43,160,24,47,59,152,171,309,104,80,88,118,286,159,23,97,145,84,61,108,40,112,67,63,209,253,445,92,145,36,169,141,17,75,157,106,26,100,52,139,157,88,163,64,108
195,148,73,31,167,31,167,47,36,65,132,191,264,104,72,84,97,281,168,22,99,177,80,67,108,41,126,77,107,210,266,458,79,152,41,171,180,25,69,201,128,31,134,58,122,160,99,177,62,116
237,192,85,39,220,51,213,59,65,51,162,238,380,143,109,125,144,391,237,26,116,219,119,89,134,45,146,92,116,270,317,551,95,194,43,188,193,37,94,210,128,40,152,76,160,168,128,225,73,143
467,357,181,69,461,102,400,152,132,162,191,498,788,264,221,259,330,800,454,58,251,421,238,170,275,108,309,201,224,572,591,1150,202,410,107,440,400,77,237,431,245,99,323,145,319,393,260,416,153,315
477,450,227,91,568,118,538,171,191,238,498,311,996,364,281,328,387,962,598,65,321,592,315,233,369,144,376,255,275,705,827,1527,299,525,110,581,537,106,280,659,360,110,459,220,431,547,350,569,164,376
799,816,360,137,966,171,855,309,264,380,788,996,778,545,422,500,659,1356,886,130,506,899,528,346,582,236,587,416,421,1102,1323,2412,474,852,194,942,834,145,487,971,605,182,644,339,657,812,583,906,309,593
355,314,150,66,353,79,304,104,104,143,264,364,545,117,179,197,234,540,339,48,159,329,212,138,201,87,231,168,165,396,481,891,188,320,59,335,321,42,158,341,211,66,271,134,269,310,230,329,112,228
276,238,97,43,258,57,271,80,72,109,221,281,422,179,65,134,186,425,259,37,144,263,144,111,157,72,183,150,134,309,375,738,144,252,62,283,265,46,132,270,171,48,201,81,222,231,150,260,105,192
333,229,99,46,282,68,304,88,84,125,259,328,500,197,134,69,198,504,308,38,149,333,158,137,195,79,199,153,149,354,442,838,159,265,75,298,293,49,147,300,185,62,224,91,272,291,174,299,108,205
357,297,152,68,335,88,366,118,97,144,330,387,659,234,186,198,111,660,374,67,196,364,223,147,254,105,265,164,179,430,535,992,207,327,77,407,321,62,166,368,252,87,281,146,304,343,237,391,140,236
777,811,341,147,946,179,850,286,281,391,800,962,1356,540,425,504,660,754,918,128,540,927,512,352,606,232,577,437,434,1134,1372,2348,464,844,190,936,840,165,451,975,563,160,653,353,713,822,577,932,329,609
517,466,206,81,497,118,469,159,168,237,454,598,886,339,259,308,374,918,291,67,273,532,306,180,334,130,357,234,262,626,793,1382,271,451,103,537,504,76,254,547,334,119,388,196,387,474,308,538,181,320
70,48,26,10,60,15,48,23,22,26,58,65,130,48,37,38,67,128,67,8,26,75,48,18,28,11,37,27,28,68,110,162,30,55,8,70,57,9,37,55,37,15,48,19,60,58,49,75,23,51
330,214,91,55,287,75,285,97,99,116,251,321,506,159,144,149,196,540,273,26,71,270,160,113,195,54,177,148,118,361,403,835,153,250,60,304,278,40,149,286,184,63,233,114,226,262,170,306,123,190
519,436,205,78,496,112,466,145,177,219,421,592,899,329,263,333,364,927,532,75,270,262,306,192,335,139,376,236,273,625,758,1413,267,460,109,576,472,84,255,514,349,116,398,194,429,462,333,544,173,352
343,278,104,49,308,73,286,84,80,119,238,315,528,212,144,158,223,512,306,48,160,306,79,108,192,77,203,128,140,357,442,818,170,305,60,309,283,45,140,294,190,62,212,135,215,295,187,316,117,195
201,172,81,37,193,46,218,61,67,89,170,233,346,138,111,137,147,352,180,18,113,192,108,44,126,43,127,97,92,242,286,584,119,184,45,229,188,19,98,196,123,43,149,73,167,181,138,201,58,142
343,291,122,65,336,80,317,108,108,134,275,369,582,201,157,195,254,606,334,28,195,335,192,126,122,81,237,143,165,423,525,919,162,281,71,339,294,38,179,344,231,72,262,116,249,312,192,354,107,231
150,110,53,27,130,33,133,40,41,45,108,144,236,87,72,79,105,232,130,11,54,139,77,43,81,11,74,65,53,143,207,372,63,122,25,141,127,22,69,131,83,27,120,40,106,129,96,148,50,78
355,313,136,54,379,70,343,112,126,146,309,376,587,231,183,199,265,577,357,37,177,376,203,127,237,74,131,151,152,397,520,948,184,303,68,346,291,52,189,356,229,76,282,126,278,348,220,373,123,214
276,218,99,40,224,50,236,67,77,92,201,255,416,168,150,153,164,437,234,27,148,236,128,97,143,65,151,51,115,287,381,657,155,227,46,232,221,35,128,250,155,54,169,99,195,203,140,226,92,173
311,233,106,47,254,68,257,63,107,116,224,275,421,165,134,149,179,434,262,28,118,273,140,92,165,53,152,115,66,323,406,751,137,225,65,269,244,35,139,272,167,56,202,86,197,256,159,256,87,161
561,541,252,89,661,124,575,209,210,270,572,705,1102,396,309,354,430,1134,626,68,361,625,357,242,423,143,397,287,323,360,929,1784,316,598,133,622,583,98,303,709,411,120,500,242,511,574,399,622,246,410
715,637,294,119,781,164,736,253,266,317,591,827,1323,481,375,442,535,1372,793,110,403,758,442,286,525,207,520,381,406,929,577,2043,375,708,166,808,746,144,378,766,513,169,593,289,636,682,475,783,291,508
1181,1255,527,207,1481,291,1353,445,458,551,1150,1527,2412,891,738,838,992,2348,1382,162,835,1413,818,584,919,372,948,657,751,1784,2043,1814,696,1268,301,1494,1309,250,670,1432,928,282,1018,523,1108,1205,884,1332,492,965
234,240,101,47,273,49,260,92,79,95,202,299,474,188,144,159,207,464,271,30,153,267,170,119,162,63,184,155,137,316,375,696,74,238,70,309,236,49,124,273,188,63,169,113,218,224,190,255,100,197
466,395,196,68,447,106,402,145,152,194,410,525,852,320,252,265,327,844,451,55,250,460,305,184,281,122,303,227,225,598,708,1268,238,238,100,485,413,72,237,502,320,98,360,184,368,426,298,446,187,325
103,112,47,14,109,24,98,36,41,43,107,110,194,59,62,75,77,190,103,8,60,109,60,45,71,25,68,46,65,133,166,301,70,100,17,140,96,16,59,130,71,20,95,53,81,100,79,119,42,80
489,457,216,90,518,120,527,169,171,188,440,581,942,335,283,298,407,936,537,70,304,576,309,229,339,141,346,232,269,622,808,1494,309,485,140,264,488,93,272,611,362,120,410,215,433,495,331,568,201,375
429,393,193,73,485,95,407,141,180,193,400,537,834,321,265,293,321,840,504,57,278,472,283,188,294,127,291,221,244,583,746,1309,236,413,96,488,205,89,239,492,303,90,344,181,359,446,286,469,159,314
82,71,30,13,93,18,75,17,25,37,77,106,145,42,46,49,62,165,76,9,40,84,45,19,38,22,52,35,35,98,144,250,49,72,16,93,89,7,39,79,70,14,65,27,55,84,54,91,37,63
270,217,79,38,266,70,244,75,69,94,237,280,487,158,132,147,166,451,254,37,149,255,140,98,179,69,189,128,139,303,378,670,124,237,59,272,239,39,65,270,154,46,187,94,214,228,145,257,100,165
498,445,212,87,556,117,508,157,201,210,431,659,971,341,270,300,368,975,547,55,286,514,294,196,344,131,356,250,272,709,766,1432,273,502,130,611,492,79,270,291,389,116,407,194,415,470,341,565,200,329
325,297,115,59,323,79,312,106,128,128,245,360,605,211,171,185,252,563,334,37,184,349,190,123,231,83,229,155,167,411,513,928,188,320,71,362,303,70,154,389,118,61,261,121,255,289,196,344,124,213
116,82,50,14,101,25,108,26,31,40,99,110,182,66,48,62,87,160,119,15,63,116,62,43,72,27,76,54,56,120,169,282,63,98,20,120,90,14,46,116,61,10,86,45,92,104,68,104,40,68
381,352,139,37,370,68,365,100,134,152,323,459,644,271,201,224,281,653,388,48,233,398,212,149,262,120,282,169,202,500,593,1018,169,360,95,410,344,65,187,407,261,86,146,143,301,388,221,415,131,249
192,162,76,35,166,39,183,52,58,76,145,220,339,134,81,91,146,353,196,19,114,194,135,73,116,40,126,99,86,242,289,523,113,184,53,215,181,27,94,194,121,45,143,31,153,175,132,181,59,129
443,350,163,71,405,104,406,139,122,160,319,431,657,269,222,272,304,713,387,60,226,429,215,167,249,106,278,195,197,511,636,1108,218,368,81,433,359,55,214,415,255,92,301,153,177,374,257,421,143,273
459,416,185,70,492,93,430,157,160,168,393,547,812,310,231,291,343,822,474,58,262,462,295,181,312,129,348,203,256,574,682,1205,224,426,100,495,446,84,228,470,289,104,388,175,374,197,292,472,174,271
344,281,119,59,332,60,306,88,99,128,260,350,583,230,150,174,237,577,308,49,170,333,187,138,192,96,220,140,159,399,475,884,190,298,79,331,286,54,145,341,196,68,221,132,257,292,84,328,125,226
461,450,203,71,528,113,498,163,177,225,416,569,906,329,260,299,391,932,538,75,306,544,316,201,354,148,373,226,256,622,783,1332,255,446,119,568,469,91,257,565,344,104,415,181,421,472,328,257,199,367
181,170,63,26,189,33,160,64,62,73,153,164,309,112,105,108,140,329,181,23,123,173,117,58,107,50,123,92,87,246,291,492,100,187,42,201,159,37,100,200,124,40,131,59,143,174,125,199,29,131
370,294,119,62,344,87,308,108,116,143,315,376,593,228,192,205,236,609,320,51,190,352,195,142,231,78,214,173,161,410,508,965,197,325,80,375,314,63,165,329,213,68,249,129,273,271,226,367,131,117
