244,445,204,94,518,106,471,179,143,259,457,481,817,380,302,318,376,732,469,68,328,489,348,202,356,145,370,268,299,579,705,1183,249,477,104,514,481,97,229,464,292,81,326,154,427,417,316,508,182,397
445,189,187,69,402,90,416,128,122,175,392,471,772,282,215,244,323,802,458,57,258,473,252,174,288,110,304,221,217,556,656,1241,219,424,99,491,422,79,231,470,281,96,317,162,369,415,283,475,140,281
204,187,36,23,181,39,219,50,69,72,172,239,344,130,111,131,154,370,193,13,115,208,129,79,136,64,142,93,109,245,314,559,111,183,42,238,189,27,101,202,140,38,157,70,178,198,145,213,80,135
94,69,23,10,76,19,76,24,25,43,67,91,149,61,45,46,72,157,97,12,45,87,56,34,56,28,52,33,45,111,134,220,39,73,19,83,68,17,38,78,59,16,66,34,63,87,47,85,30,55
518,402,181,76,280,106,459,130,187,240,485,535,912,309,267,313,383,875,532,82,252,551,304,191,324,129,316,255,269,622,748,1367,267,443,113,542,461,75,238,536,321,100,408,175,387,466,315,502,206,363
106,90,39,19,106,8,121,39,36,46,93,120,185,72,69,68,88,193,116,14,71,126,63,42,66,37,80,53,61,133,175,293,58,99,14,116,103,28,52,103,64,28,78,53,93,96,66,126,35,79
471,416,219,76,459,121,219,137,143,204,442,532,833,327,263,275,340,799,486,62,253,490,309,182,327,124,306,230,242,603,769,1291,259,450,99,538,446,105,215,486,295,104,337,189,375,431,283,495,177,305
179,128,50,24,130,39,137,28,35,69,133,146,274,89,82,88,117,255,160,16,89,177,103,64,81,32,82,66,68,211,234,443,72,152,33,164,142,26,87,151,109,29,99,44,104,144,82,143,46,104
143,122,69,25,187,36,143,35,29,60,129,167,272,98,90,101,112,302,170,13,78,178,94,59,96,45,100,72,88,248,251,455,95,160,36,158,155,19,75,166,104,29,137,55,132,150,109,152,62,114
259,175,72,43,240,46,204,69,60,35,170,210,356,162,125,127,140,354,183,38,128,216,148,96,134,64,152,106,113,230,321,543,126,210,42,208,215,40,95,225,146,35,136,92,211,192,151,214,78,130
457,392,172,67,485,93,442,133,129,170,163,447,749,315,227,254,292,764,403,62,240,443,276,183,320,124,308,214,227,553,624,1132,245,423,83,455,430,79,198,447,273,84,307,185,392,389,301,442,141,282
481,471,239,91,535,120,532,146,167,210,447,343,958,363,296,313,382,952,552,72,305,555,315,213,369,163,373,246,247,734,821,1547,300,521,140,621,517,88,239,549,354,107,395,210,441,531,346,528,224,352
817,772,344,149,912,185,833,274,272,356,749,958,754,556,452,497,684,1388,925,120,552,941,553,342,558,252,614,414,477,1087,1358,2384,470,840,176,1023,797,172,398,964,579,196,709,352,687,843,626,960,302,621
380,282,130,61,309,72,327,89,98,162,315,363,556,114,155,179,227,575,329,44,149,356,186,130,216,91,213,145,152,394,513,936,179,314,78,350,308,53,164,383,199,62,250,126,265,307,200,358,128,213
302,215,111,45,267,69,263,82,90,125,227,296,452,155,67,133,181,462,263,33,125,241,153,88,148,55,151,129,124,327,417,741,140,262,62,275,258,41,131,272,156,55,207,97,189,258,157,297,114,179
318,244,131,46,313,68,275,88,101,127,254,313,497,179,133,68,203,476,286,42,125,288,176,114,181,60,163,148,150,338,430,785,145,288,58,301,277,62,145,313,184,65,208,131,245,267,173,307,114,191
376,323,154,72,383,88,340,117,112,140,292,382,684,227,181,203,137,604,341,44,195,374,230,137,236,74,213,178,180,445,540,1002,241,336,85,401,347,59,185,391,243,65,260,106,285,363,234,386,122,229
732,802,370,157,875,193,799,255,302,354,764,952,1388,575,462,476,604,763,909,125,561,918,537,358,581,231,614,437,468,1067,1321,2362,496,818,185,945,832,165,378,926,558,191,661,336,755,852,603,913,305,606
469,458,193,97,532,116,486,160,170,183,403,552,925,329,263,286,341,909,240,77,281,457,324,187,343,123,322,221,251,653,713,1453,298,446,98,510,506,86,279,556,317,92,388,174,405,512,306,531,190,326
68,57,13,12,82,14,62,16,13,38,62,72,120,44,33,42,44,125,77,4,36,67,39,26,33,13,40,31,27,94,101,189,29,54,16,59,53,5,34,77,40,16,58,28,48,47,44,76,19,42
328,258,115,45,252,71,253,89,78,128,240,305,552,149,125,125,195,561,281,36,79,279,160,101,173,61,175,121,134,377,428,835,167,238,61,283,275,33,132,321,198,58,230,109,210,237,176,287,107,199
489,473,208,87,551,126,490,177,178,216,443,555,941,356,241,288,374,918,457,67,279,256,309,214,342,129,328,241,275,662,725,1452,291,490,95,531,494,87,292,534,322,105,380,186,402,483,321,536,190,352
348,252,129,56,304,63,309,103,94,148,276,315,553,186,153,176,230,537,324,39,160,309,91,127,193,75,197,132,127,369,472,853,167,280,65,328,272,56,168,329,198,77,228,116,234,247,198,325,114,202
202,174,79,34,191,42,182,64,59,96,183,213,342,130,88,114,137,358,187,26,101,214,127,41,122,63,144,75,106,255,307,568,98,209,50,223,190,26,104,216,126,43,141,83,152,172,122,201,69,143
356,288,136,56,324,66,327,81,96,134,320,369,558,216,148,181,236,581,343,33,173,342,193,122,112,93,226,155,174,429,499,926,169,301,73,360,297,56,155,347,212,70,253,132,246,311,194,357,111,218
145,110,64,28,129,37,124,32,45,64,124,163,252,91,55,60,74,231,123,13,61,129,75,63,93,16,72,51,73,165,204,386,74,132,26,146,140,31,58,129,69,24,98,47,86,120,77,132,58,73
370,304,142,52,316,80,306,82,100,152,308,373,614,213,151,163,213,614,322,40,175,328,197,144,226,72,112,150,186,432,516,968,178,315,83,356,309,59,175,382,213,71,264,136,255,308,198,381,138,208
268,221,93,33,255,53,230,66,72,106,214,246,414,145,129,148,178,437,221,31,121,241,132,75,155,51,150,56,105,275,362,676,126,196,47,255,226,34,122,253,154,48,190,87,191,226,137,266,81,150
299,217,109,45,269,61,242,68,88,113,227,247,477,152,124,150,180,468,251,27,134,275,127,106,174,73,186,105,65,329,429,728,122,235,60,250,245,40,125,278,175,49,187,91,178,222,142,296,75,191
579,556,245,111,622,133,603,211,248,230,553,734,1087,394,327,338,445,1067,653,94,377,662,369,255,429,165,432,275,329,429,930,1672,317,608,149,617,660,94,266,645,416,147,487,251,547,585,341,664,239,421
705,656,314,134,748,175,769,234,251,321,624,821,1358,513,417,430,540,1321,713,101,428,725,472,307,499,204,516,362,429,930,577,2030,387,710,181,798,693,125,353,801,488,182,593,269,611,671,447,773,285,525
1183,1241,559,220,1367,293,1291,443,455,543,1132,1547,2384,936,741,785,1002,2362,1453,189,835,1452,853,568,926,386,968,676,728,1672,2030,1844,711,1341,315,1485,1253,269,675,1431,891,297,1005,527,1109,1243,938,1466,502,882
249,219,111,39,267,58,259,72,95,126,245,300,470,179,140,145,241,496,298,29,167,291,167,98,169,74,178,126,122,317,387,711,64,243,52,312,246,48,116,287,186,57,208,100,223,232,198,293,81,178
477,424,183,73,443,99,450,152,160,210,423,521,840,314,262,288,336,818,446,54,238,490,280,209,301,132,315,196,235,608,710,1341,243,226,121,461,440,81,234,516,329,105,374,183,375,403,284,498,173,318
104,99,42,19,113,14,99,33,36,42,83,140,176,78,62,58,85,185,98,16,61,95,65,50,73,26,83,47,60,149,181,315,52,121,11,117,111,19,55,118,76,20,82,40,88,99,63,132,41,82
514,491,238,83,542,116,538,164,158,208,455,621,1023,350,275,301,401,945,510,59,283,531,328,223,360,146,356,255,250,617,798,1485,312,461,117,266,492,97,269,602,368,113,379,172,438,510,335,546,226,367
481,422,189,68,461,103,446,142,155,215,430,517,797,308,258,277,347,832,506,53,275,494,272,190,297,140,309,226,245,660,693,1253,246,440,111,492,218,92,214,478,286,111,370,171,363,445,274,501,172,341
97,79,27,17,75,28,105,26,19,40,79,88,172,53,41,62,59,165,86,5,33,87,56,26,56,31,59,34,40,94,125,269,48,81,19,97,92,5,38,90,51,12,67,41,61,78,45,90,21,59
229,231,101,38,238,52,215,87,75,95,198,239,398,164,131,145,185,378,279,34,132,292,168,104,155,58,175,122,125,266,353,675,116,234,55,269,214,38,51,259,175,46,163,84,164,262,155,231,77,155
464,470,202,78,536,103,486,151,166,225,447,549,964,383,272,313,391,926,556,77,321,534,329,216,347,129,382,253,278,645,801,1431,287,516,118,602,478,90,259,270,329,141,405,194,417,469,369,568,194,351
292,281,140,59,321,64,295,109,104,146,273,354,579,199,156,184,243,558,317,40,198,322,198,126,212,69,213,154,175,416,488,891,186,329,76,368,286,51,175,329,92,72,219,132,253,317,243,340,122,226
81,96,38,16,100,28,104,29,29,35,84,107,196,62,55,65,65,191,92,16,58,105,77,43,70,24,71,48,49,147,182,297,57,105,20,113,111,12,46,141,72,11,84,51,107,111,64,115,36,59
326,317,157,66,408,78,337,99,137,136,307,395,709,250,207,208,260,661,388,58,230,380,228,141,253,98,264,190,187,487,593,1005,208,374,82,379,370,67,163,405,219,84,130,148,304,327,242,373,144,230
154,162,70,34,175,53,189,44,55,92,185,210,352,126,97,131,106,336,174,28,109,186,116,83,132,47,136,87,91,251,269,527,100,183,40,172,171,41,84,194,132,51,148,33,170,150,108,204,67,131
427,369,178,63,387,93,375,104,132,211,392,441,687,265,189,245,285,755,405,48,210,402,234,152,246,86,255,191,178,547,611,1109,223,375,88,438,363,61,164,417,253,107,304,170,141,371,248,442,152,267
417,415,198,87,466,96,431,144,150,192,389,531,843,307,258,267,363,852,512,47,237,483,247,172,311,120,308,226,222,585,671,1243,232,403,99,510,445,78,262,469,317,111,327,150,371,220,287,477,153,320
316,283,145,47,315,66,283,82,109,151,301,346,626,200,157,173,234,603,306,44,176,321,198,122,194,77,198,137,142,341,447,938,198,284,63,335,274,45,155,369,243,64,242,108,248,287,103,324,151,220
508,475,213,85,502,126,495,143,152,214,442,528,960,358,297,307,386,913,531,76,287,536,325,201,357,132,381,266,296,664,773,1466,293,498,132,546,501,90,231,568,340,115,373,204,442,477,324,269,172,356
182,140,80,30,206,35,177,46,62,78,141,224,302,128,114,114,122,305,190,19,107,190,114,69,111,58,138,81,75,239,285,502,81,173,41,226,172,21,77,194,122,36,144,67,152,153,151,172,27,122
397,281,135,55,363,79,305,104,114,130,282,352,621,213,179,191,229,606,326,42,199,352,202,143,218,73,208,150,191,421,525,882,178,318,82,367,341,59,155,351,226,59,230,131,267,320,220,356,122,107
