284,485,223,100,512,108,478,172,180,262,460,526,830,393,317,347,357,871,465,78,311,543,385,235,392,162,415,270,332,691,701,1185,221,538,118,532,493,92,244,477,286,102,364,182,473,442,360,494,170,373
485,178,165,76,414,95,450,109,136,182,395,528,854,276,235,206,290,803,449,43,224,466,247,174,315,95,259,204,204,548,681,1279,260,416,105,453,417,76,233,442,290,98,341,169,355,380,274,469,169,297
223,165,43,43,211,50,216,52,60,74,184,214,343,121,114,116,129,345,205,22,119,208,128,76,110,52,113,76,94,231,326,557,100,184,48,204,200,30,98,213,136,45,157,61,169,192,106,203,74,145
100,76,43,10,76,15,103,25,29,44,90,87,161,58,43,48,68,144,91,14,52,107,58,33,52,30,71,48,47,118,141,217,49,92,18,92,72,12,53,92,63,21,61,27,73,81,50,84,28,51
512,414,211,76,272,107,495,143,198,208,417,571,938,337,255,284,382,900,505,66,282,515,291,226,340,116,326,230,265,636,786,1431,284,468,122,511,475,92,229,547,351,107,392,188,391,472,333,503,193,328
108,95,50,15,107,10,109,48,37,59,100,118,209,76,58,67,92,186,131,12,70,127,74,42,76,35,75,58,57,157,173,291,74,105,21,140,97,20,76,116,95,23,94,38,80,108,66,116,32,79
478,450,216,103,495,109,248,166,172,192,427,559,892,323,258,270,399,883,533,46,240,486,294,211,325,109,335,250,236,640,734,1381,286,499,111,553,450,77,268,532,318,120,380,173,407,407,298,472,196,320
172,109,52,25,143,48,166,17,52,77,137,172,279,88,83,85,106,282,165,27,79,182,100,48,106,38,97,73,79,183,226,408,72,145,34,163,142,22,68,138,81,28,107,42,119,127,78,155,67,116
180,136,60,29,198,37,172,52,26,76,136,162,291,103,89,100,127,293,193,17,103,178,110,75,106,36,125,74,84,222,232,464,99,166,31,183,151,27,84,155,110,43,115,56,131,148,106,157,65,97
262,182,74,44,208,59,192,77,76,46,157,204,343,136,104,115,147,359,217,29,95,179,130,89,142,55,144,93,106,252,317,591,126,196,36,236,188,24,101,222,128,28,137,70,157,175,116,193,73,161
460,395,184,90,417,100,427,137,136,157,175,495,786,289,229,233,325,759,432,73,224,428,270,177,279,98,265,206,217,527,643,1160,254,425,107,465,427,60,221,455,302,72,280,154,322,378,292,440,139,315
526,528,214,87,571,118,559,172,162,204,495,320,1045,347,308,286,414,1034,579,58,286,584,293,227,373,142,381,246,276,737,883,1714,330,534,149,623,510,109,319,631,394,122,442,217,458,543,350,611,212,399
830,854,343,161,938,209,892,279,291,343,786,1045,872,575,504,500,667,1558,956,120,563,918,547,364,536,243,606,396,462,1196,1434,2587,507,864,195,998,829,174,476,1011,600,186,718,330,687,903,573,932,337,626
393,276,121,58,337,76,323,88,103,136,289,347,575,128,150,184,254,550,342,36,174,365,184,136,207,80,206,171,206,378,470,883,166,330,80,366,317,49,141,328,217,62,235,124,254,269,174,321,125,185
317,235,114,43,255,58,258,83,89,104,229,308,504,150,64,120,207,485,257,29,166,264,165,103,162,77,177,122,147,334,388,719,140,252,61,290,263,44,134,269,144,45,200,87,199,222,154,271,94,174
347,206,116,48,284,67,270,85,100,115,233,286,500,184,120,69,206,513,271,31,163,285,183,107,168,78,174,132,147,352,436,794,161,264,51,315,282,39,144,315,178,50,223,102,212,244,171,303,105,192
357,290,129,68,382,92,399,106,127,147,325,414,667,254,207,206,129,684,362,48,217,371,209,162,248,79,263,163,157,484,551,1025,181,379,95,363,339,68,185,372,222,84,253,145,324,348,255,378,146,265
871,803,345,144,900,186,883,282,293,359,759,1034,1558,550,485,513,684,863,940,102,534,953,528,367,556,240,599,438,470,1173,1405,2556,503,869,205,1026,801,171,455,1020,629,177,688,318,704,888,594,920,348,623
465,449,205,91,505,131,533,165,193,217,432,579,956,342,257,271,362,940,255,60,299,492,295,226,334,125,377,245,263,656,783,1452,295,520,134,521,484,93,265,523,329,98,364,170,432,478,321,512,192,372
78,43,22,14,66,12,46,27,17,29,73,58,120,36,29,31,48,102,60,1,34,66,46,25,34,13,41,28,28,66,101,171,30,58,12,69,64,6,37,63,42,10,47,24,46,56,46,52,24,44
311,224,119,52,282,70,240,79,103,95,224,286,563,174,166,163,217,534,299,34,79,287,167,106,183,66,184,141,129,341,452,818,176,260,59,301,246,35,128,282,193,50,208,101,234,250,172,281,114,186
543,466,208,107,515,127,486,182,178,179,428,584,918,365,264,285,371,953,492,66,287,288,317,225,357,122,347,260,276,701,779,1458,281,510,121,558,484,91,281,525,354,114,365,191,449,492,320,490,182,349
385,247,128,58,291,74,294,100,110,130,270,293,547,184,165,183,209,528,295,46,167,317,107,114,195,84,217,135,171,372,424,798,140,302,59,276,287,36,158,302,201,52,198,107,257,276,179,303,99,217
235,174,76,33,226,42,211,48,75,89,177,227,364,136,103,107,162,367,226,25,106,225,114,44,123,49,138,107,104,273,317,562,105,200,48,245,190,32,106,213,130,39,156,67,162,194,113,203,69,133
392,315,110,52,340,76,325,106,106,142,279,373,536,207,162,168,248,556,334,34,183,357,195,123,100,87,226,153,194,382,492,891,173,321,88,372,326,61,178,327,218,61,234,115,242,307,201,359,115,248
162,95,52,30,116,35,109,38,36,55,98,142,243,80,77,78,79,240,125,13,66,122,84,49,87,17,78,51,65,153,186,363,78,142,30,124,114,21,61,127,86,23,78,48,115,120,77,135,45,84
415,259,113,71,326,75,335,97,125,144,265,381,606,206,177,174,263,599,377,41,184,347,217,138,226,78,127,146,174,437,523,951,181,337,78,350,317,47,181,337,224,62,236,140,287,317,204,385,128,246
270,204,76,48,230,58,250,73,74,93,206,246,396,171,122,132,163,438,245,28,141,260,135,107,153,51,146,53,128,298,359,688,121,242,55,264,239,38,125,237,146,58,169,84,215,200,142,243,104,154
332,204,94,47,265,57,236,79,84,106,217,276,462,206,147,147,157,470,263,28,129,276,171,104,194,65,174,128,62,334,384,729,133,242,55,239,269,33,117,286,164,54,195,93,210,221,146,229,91,184
691,548,231,118,636,157,640,183,222,252,527,737,1196,378,334,352,484,1173,656,66,341,701,372,273,382,153,437,298,334,405,1029,1845,338,594,152,706,637,108,315,740,439,137,485,238,514,613,405,659,249,424
701,681,326,141,786,173,734,226,232,317,643,883,1434,470,388,436,551,1405,783,101,452,779,424,317,492,186,523,359,384,1029,560,2159,413,732,182,824,738,115,381,811,497,158,602,301,609,777,493,807,277,482
1185,1279,557,217,1431,291,1381,408,464,591,1160,1714,2587,883,719,794,1025,2556,1452,171,818,1458,798,562,891,363,951,688,729,1845,2159,1993,768,1279,348,1513,1300,265,702,1602,942,299,1075,566,1119,1343,906,1484,528,949
221,260,100,49,284,74,286,72,99,126,254,330,507,166,140,161,181,503,295,30,176,281,140,105,173,78,181,121,133,338,413,768,62,272,67,279,268,46,139,311,159,52,202,115,210,276,156,300,100,186
538,416,184,92,468,105,499,145,166,196,425,534,864,330,252,264,379,869,520,58,260,510,302,200,321,142,337,242,242,594,732,1279,272,253,96,519,454,76,252,483,315,101,357,170,382,457,298,464,177,345
118,105,48,18,122,21,111,34,31,36,107,149,195,80,61,51,95,205,134,12,59,121,59,48,88,30,78,55,55,152,182,348,67,96,15,136,106,19,58,135,91,26,82,41,94,95,82,113,37,94
532,453,204,92,511,140,553,163,183,236,465,623,998,366,290,315,363,1026,521,69,301,558,276,245,372,124,350,264,239,706,824,1513,279,519,136,262,537,88,269,594,341,114,416,225,443,512,341,606,230,359
493,417,200,72,475,97,450,142,151,188,427,510,829,317,263,282,339,801,484,64,246,484,287,190,326,114,317,239,269,637,738,1300,268,454,106,537,205,74,242,516,288,93,366,186,398,421,297,495,165,315
92,76,30,12,92,20,77,22,27,24,60,109,174,49,44,39,68,171,93,6,35,91,36,32,61,21,47,38,33,108,115,265,46,76,19,88,74,7,37,83,63,20,75,29,73,83,57,96,38,36
244,233,98,53,229,76,268,68,84,101,221,319,476,141,134,144,185,455,265,37,128,281,158,106,178,61,181,125,117,315,381,702,139,252,58,269,242,37,56,269,146,56,179,81,219,225,151,250,97,149
477,442,213,92,547,116,532,138,155,222,455,631,1011,328,269,315,372,1020,523,63,282,525,302,213,327,127,337,237,286,740,811,1602,311,483,135,594,516,83,269,289,371,103,432,206,437,518,362,558,197,341
286,290,136,63,351,95,318,81,110,128,302,394,600,217,144,178,222,629,329,42,193,354,201,130,218,86,224,146,164,439,497,942,159,315,91,341,288,63,146,371,124,70,258,129,282,304,221,345,138,207
102,98,45,21,107,23,120,28,43,28,72,122,186,62,45,50,84,177,98,10,50,114,52,39,61,23,62,58,54,137,158,299,52,101,26,114,93,20,56,103,70,12,95,32,80,99,48,108,38,65
364,341,157,61,392,94,380,107,115,137,280,442,718,235,200,223,253,688,364,47,208,365,198,156,234,78,236,169,195,485,602,1075,202,357,82,416,366,75,179,432,258,95,131,160,293,392,234,360,138,289
182,169,61,27,188,38,173,42,56,70,154,217,330,124,87,102,145,318,170,24,101,191,107,67,115,48,140,84,93,238,301,566,115,170,41,225,186,29,81,206,129,32,160,34,132,177,95,206,74,136
473,355,169,73,391,80,407,119,131,157,322,458,687,254,199,212,324,704,432,46,234,449,257,162,242,115,287,215,210,514,609,1119,210,382,94,443,398,73,219,437,282,80,293,132,157,364,227,439,128,292
442,380,192,81,472,108,407,127,148,175,378,543,903,269,222,244,348,888,478,56,250,492,276,194,307,120,317,200,221,613,777,1343,276,457,95,512,421,83,225,518,304,99,392,177,364,227,277,494,161,321
360,274,106,50,333,66,298,78,106,116,292,350,573,174,154,171,255,594,321,46,172,320,179,113,201,77,204,142,146,405,493,906,156,298,82,341,297,57,151,362,221,48,234,95,227,277,95,320,111,224
494,469,203,84,503,116,472,155,157,193,440,611,932,321,271,303,378,920,512,52,281,490,303,203,359,135,385,243,229,659,807,1484,300,464,113,606,495,96,250,558,345,108,360,206,439,494,320,275,186,373
170,169,74,28,193,32,196,67,65,73,139,212,337,125,94,105,146,348,192,24,114,182,99,69,115,45,128,104,91,249,277,528,100,177,37,230,165,38,97,197,138,38,138,74,128,161,111,186,29,109
373,297,145,51,328,79,320,116,97,161,315,399,626,185,174,192,265,623,372,44,186,349,217,133,248,84,246,154,184,424,482,949,186,345,94,359,315,36,149,341,207,65,289,136,292,321,224,373,109,135
