249,443,224,81,499,111,482,195,164,247,463,504,802,387,326,348,399,756,491,68,312,527,360,203,367,138,401,260,309,591,691,1185,235,478,111,501,476,81,249,451,300,114,352,169,445,450,326,484,157,365
443,182,143,88,441,101,431,132,149,196,387,491,739,283,204,230,311,748,445,53,227,429,304,163,271,101,273,221,205,551,631,1212,239,381,99,463,429,79,203,479,296,99,311,153,335,393,298,466,155,319
224,143,35,28,187,41,193,71,65,92,173,233,358,140,113,115,141,360,206,18,94,212,112,101,138,45,119,100,99,251,336,572,130,180,43,191,186,41,108,220,137,49,169,61,166,184,127,221,72,119
81,88,28,13,91,25,89,35,21,44,82,104,152,67,34,48,57,146,91,18,59,84,57,35,67,24,61,53,45,121,111,210,39,95,17,86,74,17,49,78,56,23,56,29,68,56,57,83,22,55
499,441,187,91,244,108,473,161,164,208,396,568,930,305,257,316,369,941,527,47,265,533,317,213,315,112,333,267,247,666,742,1436,265,455,101,521,462,90,248,535,320,121,405,189,374,476,286,501,187,340
111,101,41,25,108,9,102,37,28,56,109,118,198,78,60,65,77,192,123,17,65,112,75,41,90,28,79,50,64,137,164,275,64,102,19,134,107,16,56,114,74,26,79,41,97,86,78,106,38,75
482,431,193,89,473,102,217,141,140,207,415,580,838,322,239,286,347,829,476,68,233,461,304,185,318,119,295,194,233,586,685,1290,246,440,132,513,431,63,246,493,309,99,363,168,381,427,296,499,172,321
195,132,71,35,161,37,141,21,53,59,145,157,277,109,85,91,107,268,168,15,82,175,101,60,90,43,107,71,84,183,222,415,82,128,30,160,139,21,67,154,86,35,122,62,126,151,111,135,58,100
164,149,65,21,164,28,140,53,27,60,130,175,322,90,92,81,130,302,160,18,86,160,101,65,106,36,108,86,80,219,267,453,91,137,35,163,158,26,81,175,114,32,109,65,121,147,104,166,59,106
247,196,92,44,208,56,207,59,60,43,171,226,402,130,112,119,138,407,212,30,121,218,132,77,152,50,132,103,83,230,313,560,126,191,47,233,215,36,106,222,136,41,150,70,166,192,139,206,77,132
463,387,173,82,396,109,415,145,130,171,187,472,750,304,207,244,331,721,416,50,243,431,276,173,283,116,288,252,214,496,637,1132,225,369,98,487,420,80,223,425,265,106,329,163,379,398,265,424,144,274
504,491,233,104,568,118,580,157,175,226,472,311,970,376,266,309,384,959,572,70,315,584,291,220,348,145,377,269,269,688,816,1503,285,525,136,593,542,105,286,584,329,91,454,204,444,519,365,566,194,386
802,739,358,152,930,198,838,277,322,402,750,970,745,563,483,552,661,1394,849,117,503,931,497,343,584,234,599,421,484,1131,1353,2292,418,857,203,986,847,171,461,902,565,148,643,324,725,788,548,869,298,602
387,283,140,67,305,78,322,109,90,130,304,376,563,90,166,165,253,589,328,49,162,353,185,114,222,81,207,156,149,425,496,941,190,329,85,332,322,60,161,377,203,62,227,119,241,355,207,345,122,202
326,204,113,34,257,60,239,85,92,112,207,266,483,166,75,131,203,482,257,32,147,274,152,108,175,62,169,119,130,348,428,747,148,244,57,271,238,50,132,267,182,55,226,107,193,236,163,287,110,175
348,230,115,48,316,65,286,91,81,119,244,309,552,165,131,84,236,513,276,34,167,282,169,119,192,69,193,125,153,366,437,771,178,271,53,284,239,49,155,301,180,69,240,101,242,276,171,297,97,185
399,311,141,57,369,77,347,107,130,138,331,384,661,253,203,236,143,687,381,42,203,352,208,137,252,99,245,152,169,440,563,1018,192,311,79,393,322,56,197,386,212,90,281,125,293,369,245,383,114,235
756,748,360,146,941,192,829,268,302,407,721,959,1394,589,482,513,687,763,869,108,500,923,510,351,594,234,645,405,494,1121,1335,2347,434,857,211,952,831,142,485,883,559,166,644,351,776,784,565,863,312,607
491,445,206,91,527,123,476,168,160,212,416,572,849,328,257,276,381,869,231,69,277,480,297,219,341,141,351,226,283,607,723,1402,268,456,125,523,461,92,285,560,313,104,368,184,423,450,293,535,170,332
68,53,18,18,47,17,68,15,18,30,50,70,117,49,32,34,42,108,69,4,32,80,36,32,34,10,46,34,38,74,123,192,38,64,17,69,71,12,24,58,45,14,49,22,63,60,35,73,19,42
312,227,94,59,265,65,233,82,86,121,243,315,503,162,147,167,203,500,277,32,79,290,175,121,171,66,184,127,163,347,453,795,148,275,64,304,261,54,130,300,187,58,213,101,222,280,157,276,93,206
527,429,212,84,533,112,461,175,160,218,431,584,931,353,274,282,352,923,480,80,290,261,323,189,340,118,349,248,257,625,782,1446,282,494,141,579,457,84,275,575,327,107,412,176,421,483,305,544,200,326
360,304,112,57,317,75,304,101,101,132,276,291,497,185,152,169,208,510,297,36,175,323,81,112,220,82,215,144,146,355,436,863,156,282,62,307,275,44,158,298,184,62,230,110,243,262,196,311,112,215
203,163,101,35,213,41,185,60,65,77,173,220,343,114,108,119,137,351,219,32,121,189,112,36,138,48,129,104,93,244,293,553,108,185,59,208,182,38,92,249,136,57,165,81,161,193,140,231,61,136
367,271,138,67,315,90,318,90,106,152,283,348,584,222,175,192,252,594,341,34,171,340,220,138,121,92,222,153,193,406,541,950,190,285,82,346,316,62,166,326,205,82,227,117,280,312,195,346,120,236
138,101,45,24,112,28,119,43,36,50,116,145,234,81,62,69,99,234,141,10,66,118,82,48,92,12,69,50,66,164,175,346,75,131,39,129,112,20,81,139,102,28,93,48,94,129,101,148,47,89
401,273,119,61,333,79,295,107,108,132,288,377,599,207,169,193,245,645,351,46,184,349,215,129,222,69,101,166,170,446,486,960,182,304,80,349,313,59,183,386,232,70,265,137,268,323,239,376,114,234
260,221,100,53,267,50,194,71,86,103,252,269,421,156,119,125,152,405,226,34,127,248,144,104,153,50,166,52,110,256,352,648,147,208,41,242,219,52,126,268,149,42,183,88,185,228,169,260,78,145
309,205,99,45,247,64,233,84,80,83,214,269,484,149,130,153,169,494,283,38,163,257,146,93,193,66,170,110,57,314,377,748,131,222,71,231,250,40,132,277,170,55,230,82,190,229,158,238,103,160
591,551,251,121,666,137,586,183,219,230,496,688,1131,425,348,366,440,1121,607,74,347,625,355,244,406,164,446,256,314,426,979,1803,358,651,139,648,607,120,320,698,420,138,490,248,507,581,375,661,219,413
691,631,336,111,742,164,685,222,267,313,637,816,1353,496,428,437,563,1335,723,123,453,782,436,293,541,175,486,352,377,979,553,2007,383,734,174,781,662,108,402,748,463,160,543,271,614,700,481,750,260,479
1185,1212,572,210,1436,275,1290,415,453,560,1132,1503,2292,941,747,771,1018,2347,1402,192,795,1446,863,553,950,346,960,648,748,1803,2007,1820,717,1276,311,1511,1241,227,690,1445,878,257,1016,509,1114,1251,868,1359,481,963
235,239,130,39,265,64,246,82,91,126,225,285,418,190,148,178,192,434,268,38,148,282,156,108,190,75,182,147,131,358,383,717,51,258,65,298,264,54,133,275,188,61,182,109,219,245,161,283,92,172
478,381,180,95,455,102,440,128,137,191,369,525,857,329,244,271,311,857,456,64,275,494,282,185,285,131,304,208,222,651,734,1276,258,218,95,539,429,62,240,463,296,100,365,172,355,423,293,508,169,290
111,99,43,17,101,19,132,30,35,47,98,136,203,85,57,53,79,211,125,17,64,141,62,59,82,39,80,41,71,139,174,311,65,95,11,128,120,23,53,130,71,25,83,33,121,105,72,108,40,85
501,463,191,86,521,134,513,160,163,233,487,593,986,332,271,284,393,952,523,69,304,579,307,208,346,129,349,242,231,648,781,1511,298,539,128,274,515,86,251,561,310,114,398,201,427,509,321,541,197,358
476,429,186,74,462,107,431,139,158,215,420,542,847,322,238,239,322,831,461,71,261,457,275,182,316,112,313,219,250,607,662,1241,264,429,120,515,207,80,237,466,293,111,341,169,379,438,321,477,149,318
81,79,41,17,90,16,63,21,26,36,80,105,171,60,50,49,56,142,92,12,54,84,44,38,62,20,59,52,40,120,108,227,54,62,23,86,80,7,43,86,53,12,54,32,65,79,44,81,36,58
249,203,108,49,248,56,246,67,81,106,223,286,461,161,132,155,197,485,285,24,130,275,158,92,166,81,183,126,132,320,402,690,133,240,53,251,237,43,61,259,158,56,194,82,199,253,157,287,74,155
451,479,220,78,535,114,493,154,175,222,425,584,902,377,267,301,386,883,560,58,300,575,298,249,326,139,386,268,277,698,748,1445,275,463,130,561,466,86,259,286,339,133,425,196,424,494,326,557,190,329
300,296,137,56,320,74,309,86,114,136,265,329,565,203,182,180,212,559,313,45,187,327,184,136,205,102,232,149,170,420,463,878,188,296,71,310,293,53,158,339,104,63,242,112,260,314,222,344,116,220
114,99,49,23,121,26,99,35,32,41,106,91,148,62,55,69,90,166,104,14,58,107,62,57,82,28,70,42,55,138,160,257,61,100,25,114,111,12,56,133,63,11,66,47,98,105,57,116,34,73
352,311,169,56,405,79,363,122,109,150,329,454,643,227,226,240,281,644,368,49,213,412,230,165,227,93,265,183,230,490,543,1016,182,365,83,398,341,54,194,425,242,66,146,148,298,336,252,380,137,229
169,153,61,29,189,41,168,62,65,70,163,204,324,119,107,101,125,351,184,22,101,176,110,81,117,48,137,88,82,248,271,509,109,172,33,201,169,32,82,196,112,47,148,31,160,160,108,201,74,129
445,335,166,68,374,97,381,126,121,166,379,444,725,241,193,242,293,776,423,63,222,421,243,161,280,94,268,185,190,507,614,1114,219,355,121,427,379,65,199,424,260,98,298,160,157,379,236,440,149,284
450,393,184,56,476,86,427,151,147,192,398,519,788,355,236,276,369,784,450,60,280,483,262,193,312,129,323,228,229,581,700,1251,245,423,105,509,438,79,253,494,314,105,336,160,379,206,285,472,159,333
326,298,127,57,286,78,296,111,104,139,265,365,548,207,163,171,245,565,293,35,157,305,196,140,195,101,239,169,158,375,481,868,161,293,72,321,321,44,157,326,222,57,252,108,236,285,83,353,108,197
484,466,221,83,501,106,499,135,166,206,424,566,869,345,287,297,383,863,535,73,276,544,311,231,346,148,376,260,238,661,750,1359,283,508,108,541,477,81,287,557,344,116,380,201,440,472,353,271,168,354
157,155,72,22,187,38,172,58,59,77,144,194,298,122,110,97,114,312,170,19,93,200,112,61,120,47,114,78,103,219,260,481,92,169,40,197,149,36,74,190,116,34,137,74,149,159,108,168,30,127
365,319,119,55,340,75,321,100,106,132,274,386,602,202,175,185,235,607,332,42,206,326,215,136,236,89,234,145,160,413,479,963,172,290,85,358,318,58,155,329,220,73,229,129,284,333,197,354,127,100
