249,446,215,92,518,112,491,172,159,237,450,521,818,383,273,319,373,758,493,66,315,472,328,191,356,132,357,282,275,622,695,1171,226,466,104,485,499,80,261,485,298,98,381,192,409,420,331,467,170,387
446,159,157,66,419,97,400,132,139,181,370,469,745,243,224,250,326,758,465,57,220,423,252,154,275,110,280,196,205,531,642,1185,218,401,95,422,393,91,219,414,292,84,352,167,326,445,253,433,169,277
215,157,34,29,212,33,179,59,71,67,160,208,345,130,112,130,143,350,223,23,86,226,98,71,115,54,120,97,98,248,296,523,87,176,51,191,184,34,98,185,136,46,162,67,156,181,125,213,81,131
92,66,29,6,81,12,73,24,28,33,60,77,160,69,52,62,50,146,89,11,52,72,54,37,53,21,60,36,37,118,124,222,37,78,23,86,81,12,40,79,64,21,60,35,71,73,50,73,34,62
518,419,212,81,243,104,475,145,185,209,426,564,893,335,280,320,363,931,472,65,252,490,343,205,332,120,316,239,233,653,735,1411,292,468,126,530,494,93,228,544,329,95,400,184,375,475,308,493,203,354
112,97,33,12,104,10,100,36,29,40,91,120,195,92,65,82,78,202,117,13,82,104,56,42,74,26,69,56,48,148,151,287,61,106,31,114,103,19,60,93,77,28,79,35,80,102,82,103,38,71
491,400,179,73,475,100,234,160,159,183,385,521,857,318,270,312,350,859,500,73,275,465,279,194,297,108,300,243,234,638,700,1273,247,447,114,502,414,80,251,498,331,100,373,190,367,428,291,442,176,317
172,132,59,24,145,36,160,32,49,62,127,155,288,90,81,87,106,268,160,19,92,158,95,49,98,40,105,62,81,179,234,438,83,125,37,148,149,22,72,166,97,27,137,67,139,157,90,165,52,111
159,139,71,28,185,29,159,49,26,82,133,161,291,124,84,91,132,300,183,28,83,185,98,65,106,45,105,69,89,222,230,394,76,161,37,167,153,35,89,189,119,32,139,57,126,142,101,145,57,109
237,181,67,33,209,40,183,62,82,40,168,225,370,128,136,123,145,356,219,31,121,201,131,89,145,64,170,93,114,243,331,584,119,191,59,206,194,29,95,232,130,44,164,84,181,188,134,209,105,152
450,370,160,60,426,91,385,127,133,168,188,488,729,286,257,274,336,749,438,60,259,398,284,179,314,118,327,199,219,524,627,1132,234,376,102,482,365,64,226,457,295,80,316,178,345,351,277,441,166,334
521,469,208,77,564,120,521,155,161,225,488,339,1022,388,288,303,417,1017,583,70,295,592,336,239,395,125,374,240,290,702,819,1611,317,502,138,596,512,83,288,597,374,120,443,228,486,510,329,585,206,364
818,745,345,160,893,195,857,288,291,370,729,1022,804,570,457,516,686,1448,913,127,530,911,549,375,610,216,619,411,479,1122,1378,2298,461,822,230,982,866,175,467,958,602,204,714,325,704,844,565,945,331,618
383,243,130,69,335,92,318,90,124,128,286,388,570,107,172,184,239,578,359,47,156,379,204,131,214,73,217,139,180,397,505,925,169,312,77,350,316,50,161,355,260,66,261,109,250,312,192,349,139,221
273,224,112,52,280,65,270,81,84,136,257,288,457,172,70,148,171,443,255,35,125,276,135,95,172,61,186,122,120,312,407,754,127,262,70,245,257,37,130,270,177,61,208,96,232,248,173,275,101,186
319,250,130,62,320,82,312,87,91,123,274,303,516,184,148,86,186,491,279,38,132,314,165,125,189,72,206,138,140,340,437,810,139,285,62,277,270,47,149,294,192,71,233,105,249,286,196,307,118,204
373,326,143,50,363,78,350,106,132,145,336,417,686,239,171,186,125,674,341,52,224,360,199,134,254,84,249,177,205,459,561,1027,174,332,68,397,310,59,160,405,264,68,267,128,278,336,201,411,126,240
758,758,350,146,931,202,859,268,300,356,749,1017,1448,578,443,491,674,815,908,101,500,888,559,359,600,240,615,430,464,1104,1391,2400,477,832,196,1012,855,181,450,954,583,206,671,308,725,850,519,893,338,636
493,465,223,89,472,117,500,160,183,219,438,583,913,359,255,279,341,908,251,61,284,481,304,218,340,123,347,210,262,675,727,1422,272,478,118,518,488,71,245,531,339,83,376,207,436,453,307,532,178,329
66,57,23,11,65,13,73,19,28,31,60,70,127,47,35,38,52,101,61,2,33,61,43,28,41,17,45,26,30,89,97,196,31,50,13,76,58,11,28,59,37,13,42,17,46,53,39,57,23,51
315,220,86,52,252,82,275,92,83,121,259,295,530,156,125,132,224,500,284,33,86,302,180,114,189,57,166,121,148,341,408,849,153,261,62,290,267,41,132,293,187,65,222,102,219,226,149,305,117,199
472,423,226,72,490,104,465,158,185,201,398,592,911,379,276,314,360,888,481,61,302,279,313,191,347,116,349,228,267,676,761,1416,252,495,131,552,459,75,243,543,351,85,382,191,390,491,322,509,186,361
328,252,98,54,343,56,279,95,98,131,284,336,549,204,135,165,199,559,304,43,180,313,102,130,194,70,216,133,165,385,498,851,173,291,69,295,284,56,149,318,196,66,235,108,257,279,188,299,117,193
191,154,71,37,205,42,194,49,65,89,179,239,375,131,95,125,134,359,218,28,114,191,130,49,128,50,143,93,110,254,301,537,99,190,48,185,182,30,106,224,132,47,157,89,166,182,112,222,81,126
356,275,115,53,332,74,297,98,106,145,314,395,610,214,172,189,254,600,340,41,189,347,194,128,95,77,229,142,163,393,472,933,174,309,76,349,317,59,177,320,243,70,257,126,247,280,185,367,130,222
132,110,54,21,120,26,108,40,45,64,118,125,216,73,61,72,84,240,123,17,57,116,70,50,77,16,76,57,51,167,209,344,74,124,24,121,102,18,67,125,84,20,103,56,93,119,77,138,45,85
357,280,120,60,316,69,300,105,105,170,327,374,619,217,186,206,249,615,347,45,166,349,216,143,229,76,115,168,155,449,502,958,176,325,81,344,316,56,172,327,216,67,278,120,260,289,207,355,131,228
282,196,97,36,239,56,243,62,69,93,199,240,411,139,122,138,177,430,210,26,121,228,133,93,142,57,168,48,108,245,371,747,139,226,57,248,229,42,119,266,148,43,201,78,204,237,130,274,87,174
275,205,98,37,233,48,234,81,89,114,219,290,479,180,120,140,205,464,262,30,148,267,165,110,163,51,155,108,64,304,363,676,125,249,65,248,234,40,134,253,180,45,223,96,193,240,162,272,106,158
622,531,248,118,653,148,638,179,222,243,524,702,1122,397,312,340,459,1104,675,89,341,676,385,254,393,167,449,245,304,412,985,1794,355,602,146,686,591,107,330,677,434,161,512,263,476,560,358,662,237,438
695,642,296,124,735,151,700,234,230,331,627,819,1378,505,407,437,561,1391,727,97,408,761,498,301,472,209,502,371,363,985,556,2051,391,674,193,793,680,123,397,786,508,145,621,306,586,715,517,753,296,506
1171,1185,523,222,1411,287,1273,438,394,584,1132,1611,2298,925,754,810,1027,2400,1422,196,849,1416,851,537,933,344,958,747,676,1794,2051,1823,723,1345,288,1496,1295,227,701,1434,906,300,1051,514,1131,1191,871,1442,488,964
226,218,87,37,292,61,247,83,76,119,234,317,461,169,127,139,174,477,272,31,153,252,173,99,174,74,176,139,125,355,391,723,75,265,55,293,252,54,131,253,170,57,214,124,222,248,187,274,96,184
466,401,176,78,468,106,447,125,161,191,376,502,822,312,262,285,332,832,478,50,261,495,291,190,309,124,325,226,249,602,674,1345,265,200,114,477,418,90,245,476,324,97,351,182,402,400,300,477,190,309
104,95,51,23,126,31,114,37,37,59,102,138,230,77,70,62,68,196,118,13,62,131,69,48,76,24,81,57,65,146,193,288,55,114,14,129,97,19,61,129,84,25,90,42,87,93,74,102,37,79
485,422,191,86,530,114,502,148,167,206,482,596,982,350,245,277,397,1012,518,76,290,552,295,185,349,121,344,248,248,686,793,1496,293,477,129,278,497,79,280,528,317,110,412,208,412,489,334,515,214,362
499,393,184,81,494,103,414,149,153,194,365,512,866,316,257,270,310,855,488,58,267,459,284,182,317,102,316,229,234,591,680,1295,252,418,97,497,217,64,235,447,321,103,346,165,373,423,358,427,182,324
80,91,34,12,93,19,80,22,35,29,64,83,175,50,37,47,59,181,71,11,41,75,56,30,59,18,56,42,40,107,123,227,54,90,19,79,64,8,35,87,53,9,58,38,77,78,45,101,25,43
261,219,98,40,228,60,251,72,89,95,226,288,467,161,130,149,160,450,245,28,132,243,149,106,177,67,172,119,134,330,397,701,131,245,61,280,235,35,61,278,158,53,203,98,226,246,158,250,93,185
485,414,185,79,544,93,498,166,189,232,457,597,958,355,270,294,405,954,531,59,293,543,318,224,320,125,327,266,253,677,786,1434,253,476,129,528,447,87,278,269,356,120,369,187,390,492,320,564,175,341
298,292,136,64,329,77,331,97,119,130,295,374,602,260,177,192,264,583,339,37,187,351,196,132,243,84,216,148,180,434,508,906,170,324,84,317,321,53,158,356,114,82,257,110,265,300,210,351,118,213
98,84,46,21,95,28,100,27,32,44,80,120,204,66,61,71,68,206,83,13,65,85,66,47,70,20,67,43,45,161,145,300,57,97,25,110,103,9,53,120,82,7,81,36,86,85,66,116,34,69
381,352,162,60,400,79,373,137,139,164,316,443,714,261,208,233,267,671,376,42,222,382,235,157,257,103,278,201,223,512,621,1051,214,351,90,412,346,58,203,369,257,81,130,148,333,330,245,413,142,261
192,167,67,35,184,35,190,67,57,84,178,228,325,109,96,105,128,308,207,17,102,191,108,89,126,56,120,78,96,263,306,514,124,182,42,208,165,38,98,187,110,36,148,25,142,185,116,200,68,131
409,326,156,71,375,80,367,139,126,181,345,486,704,250,232,249,278,725,436,46,219,390,257,166,247,93,260,204,193,476,586,1131,222,402,87,412,373,77,226,390,265,86,333,142,148,339,227,388,163,258
420,445,181,73,475,102,428,157,142,188,351,510,844,312,248,286,336,850,453,53,226,491,279,182,280,119,289,237,240,560,715,1191,248,400,93,489,423,78,246,492,300,85,330,185,339,207,292,462,148,315
331,253,125,50,308,82,291,90,101,134,277,329,565,192,173,196,201,519,307,39,149,322,188,112,185,77,207,130,162,358,517,871,187,300,74,334,358,45,158,320,210,66,245,116,227,292,79,314,117,210
467,433,213,73,493,103,442,165,145,209,441,585,945,349,275,307,411,893,532,57,305,509,299,222,367,138,355,274,272,662,753,1442,274,477,102,515,427,101,250,564,351,116,413,200,388,462,314,271,182,361
170,169,81,34,203,38,176,52,57,105,166,206,331,139,101,118,126,338,178,23,117,186,117,81,130,45,131,87,106,237,296,488,96,190,37,214,182,25,93,175,118,34,142,68,163,148,117,182,31,151
387,277,131,62,354,71,317,111,109,152,334,364,618,221,186,204,240,636,329,51,199,361,193,126,222,85,228,174,158,438,506,964,184,309,79,362,324,43,185,341,213,69,261,131,258,315,210,361,151,109
