252,445,218,91,501,110,535,181,137,266,451,545,856,379,298,315,381,842,513,62,340,515,333,214,403,151,394,251,338,615,742,1207,244,499,113,537,498,76,261,473,316,125,391,188,457,441,351,538,156,379
445,199,157,74,448,108,439,113,147,172,370,481,759,299,223,236,326,761,426,49,232,461,265,177,297,108,296,198,210,529,670,1248,212,381,96,441,402,90,228,504,282,104,330,197,362,403,282,429,153,292
218,157,34,37,198,49,190,57,69,74,172,200,330,125,95,106,129,356,160,25,99,187,114,74,129,46,126,84,108,247,279,546,101,184,37,182,210,33,93,212,109,44,164,60,167,185,126,204,85,129
91,74,37,9,82,24,75,30,26,30,74,98,154,51,54,65,57,149,77,20,56,87,51,35,65,32,57,42,44,97,126,212,32,94,15,75,76,19,39,76,56,19,72,27,64,74,51,93,29,55
501,448,198,82,258,111,501,140,187,197,428,574,904,332,244,254,360,895,511,68,307,563,305,216,360,139,369,225,261,670,811,1507,275,494,103,567,491,97,266,543,339,94,366,202,402,463,317,529,180,366
110,108,49,24,111,10,110,30,39,40,94,123,192,88,66,80,96,194,117,20,70,125,65,48,89,33,82,54,52,127,158,286,57,96,15,109,105,23,55,126,81,28,82,45,95,88,77,122,42,80
535,439,190,75,501,110,224,146,162,189,412,527,874,334,260,288,364,876,505,68,278,508,299,217,347,132,340,211,273,585,764,1320,250,422,119,542,440,76,249,519,293,100,358,177,404,440,290,474,197,352
181,113,57,30,140,30,146,23,41,70,118,169,268,114,66,78,104,274,165,17,79,154,91,64,91,40,105,67,65,195,234,395,74,133,34,162,144,30,67,150,94,34,137,57,122,131,100,157,50,94
137,147,69,26,187,39,162,41,30,63,133,201,303,112,84,93,113,297,156,32,92,156,96,73,105,48,123,62,85,201,252,476,89,157,44,167,172,27,76,185,101,41,128,53,133,165,93,183,74,106
266,172,74,30,197,40,189,70,63,47,152,216,351,155,117,124,143,317,190,30,115,209,124,93,141,53,142,108,105,253,308,523,128,174,42,224,192,41,108,217,135,45,162,79,158,191,134,229,67,156
451,370,172,74,428,94,412,118,133,152,168,473,767,285,230,231,331,744,429,50,257,444,231,178,286,103,315,203,211,581,643,1119,230,409,101,462,391,87,213,468,286,102,295,187,367,408,268,423,145,300
545,481,200,98,574,123,527,169,201,216,473,319,1063,353,275,299,419,1054,586,59,289,600,337,219,396,133,366,271,275,718,864,1663,335,527,148,629,508,97,266,590,388,130,447,223,448,521,336,608,235,352
856,759,330,154,904,192,874,268,303,351,767,1063,820,585,436,511,657,1464,912,114,509,897,506,378,631,234,630,394,452,1092,1393,2466,470,827,207,978,836,164,433,1023,617,203,668,387,707,841,568,942,308,598
379,299,125,51,332,88,334,114,112,155,285,353,585,116,173,186,243,581,286,53,176,331,196,130,213,87,215,190,174,395,494,900,191,318,69,372,287,57,187,334,201,59,262,114,275,310,192,357,130,223
298,223,95,54,244,66,260,66,84,117,230,275,436,173,67,124,185,443,251,26,140,273,157,118,169,68,178,136,159,302,365,723,142,256,55,243,238,54,118,256,152,53,206,90,219,241,155,261,106,185
315,236,106,65,254,80,288,78,93,124,231,299,511,186,124,72,188,511,256,19,145,284,175,106,164,65,151,150,146,323,389,815,149,278,58,271,249,59,146,320,194,52,214,94,218,231,176,297,110,172
381,326,129,57,360,96,364,104,113,143,331,419,657,243,185,188,122,659,320,40,197,358,226,149,235,85,244,165,190,464,552,1022,184,336,74,363,334,51,189,372,254,82,297,126,304,340,228,396,134,247
842,761,356,149,895,194,876,274,297,317,744,1054,1464,581,443,511,659,809,895,113,503,918,512,405,629,237,627,424,497,1096,1413,2521,475,812,203,1006,856,164,474,1014,618,178,677,401,717,864,582,984,313,623
513,426,160,77,511,117,505,165,156,190,429,586,912,286,251,256,320,895,258,65,284,477,298,182,323,132,310,230,254,641,733,1454,259,477,126,526,457,80,255,523,340,117,416,212,402,462,322,512,184,353
62,49,25,20,68,20,68,17,32,30,50,59,114,53,26,19,40,113,65,5,34,71,29,23,33,17,39,22,37,75,112,211,29,67,15,70,76,17,23,60,36,6,49,24,50,59,35,57,22,34
340,232,99,56,307,70,278,79,92,115,257,289,509,176,140,145,197,503,284,34,70,272,151,120,189,70,169,126,135,367,425,831,153,243,66,294,266,32,132,313,175,64,209,88,241,261,162,289,115,207
515,461,187,87,563,125,508,154,156,209,444,600,897,331,273,284,358,918,477,71,272,267,320,204,357,125,346,240,273,655,742,1418,268,496,131,556,424,78,258,548,347,108,400,202,412,484,354,562,181,343
333,265,114,51,305,65,299,91,96,124,231,337,506,196,157,175,226,512,298,29,151,320,75,123,207,81,209,129,143,400,450,809,139,261,61,313,265,64,142,301,189,56,219,127,230,274,182,278,107,216
214,177,74,35,216,48,217,64,73,93,178,219,378,130,118,106,149,405,182,23,120,204,123,34,143,49,137,105,85,273,302,568,113,184,52,220,203,41,98,236,124,37,170,74,172,183,148,203,83,131
403,297,129,65,360,89,347,91,105,141,286,396,631,213,169,164,235,629,323,33,189,357,207,143,120,77,215,166,151,370,492,955,204,317,57,352,327,60,174,368,211,69,254,138,272,289,213,344,125,241
151,108,46,32,139,33,132,40,48,53,103,133,234,87,68,65,85,237,132,17,70,125,81,49,77,15,66,47,48,154,180,343,73,138,26,128,132,14,78,142,87,32,90,49,100,108,83,143,50,85
394,296,126,57,369,82,340,105,123,142,315,366,630,215,178,151,244,627,310,39,169,346,209,137,215,66,102,145,165,415,495,961,198,324,79,382,340,55,194,362,222,77,252,123,270,299,208,379,132,243
251,198,84,42,225,54,211,67,62,108,203,271,394,190,136,150,165,424,230,22,126,240,129,105,166,47,145,60,129,283,313,666,129,225,56,218,230,39,117,241,158,53,175,86,179,192,149,238,84,154
338,210,108,44,261,52,273,65,85,105,211,275,452,174,159,146,190,497,254,37,135,273,143,85,151,48,165,129,62,308,407,726,138,215,65,288,249,55,121,285,163,38,216,101,215,230,144,281,83,154
615,529,247,97,670,127,585,195,201,253,581,718,1092,395,302,323,464,1096,641,75,367,655,400,273,370,154,415,283,308,405,990,1826,344,549,148,633,576,124,341,704,406,133,499,261,487,591,390,706,240,452
742,670,279,126,811,158,764,234,252,308,643,864,1393,494,365,389,552,1413,733,112,425,742,450,302,492,180,495,313,407,990,566,2183,409,746,191,857,681,124,351,835,522,151,557,293,583,717,427,788,278,504
1207,1248,546,212,1507,286,1320,395,476,523,1119,1663,2466,900,723,815,1022,2521,1454,211,831,1418,809,568,955,343,961,666,726,1826,2183,2027,800,1342,316,1553,1231,254,699,1544,966,273,1052,567,1157,1388,981,1426,510,900
244,212,101,32,275,57,250,74,89,128,230,335,470,191,142,149,184,475,259,29,153,268,139,113,204,73,198,129,138,344,409,800,63,248,60,300,231,51,127,277,201,59,197,100,228,277,197,270,88,177
499,381,184,94,494,96,422,133,157,174,409,527,827,318,256,278,336,812,477,67,243,496,261,184,317,138,324,225,215,549,746,1342,248,208,97,537,437,91,238,484,300,110,340,163,347,458,322,491,167,291
113,96,37,15,103,15,119,34,44,42,101,148,207,69,55,58,74,203,126,15,66,131,61,52,57,26,79,56,65,148,191,316,60,97,11,129,111,21,57,122,70,24,69,49,84,112,73,114,34,86
537,441,182,75,567,109,542,162,167,224,462,629,978,372,243,271,363,1006,526,70,294,556,313,220,352,128,382,218,288,633,857,1553,300,537,129,260,492,85,301,532,372,113,426,210,420,509,337,621,185,361
498,402,210,76,491,105,440,144,172,192,391,508,836,287,238,249,334,856,457,76,266,424,265,203,327,132,340,230,249,576,681,1231,231,437,111,492,213,81,229,489,320,98,353,180,367,450,300,505,155,328
76,90,33,19,97,23,76,30,27,41,87,97,164,57,54,59,51,164,80,17,32,78,64,41,60,14,55,39,55,124,124,254,51,91,21,85,81,11,45,94,53,15,66,42,79,80,51,79,36,56
261,228,93,39,266,55,249,67,76,108,213,266,433,187,118,146,189,474,255,23,132,258,142,98,174,78,194,117,121,341,351,699,127,238,57,301,229,45,58,258,175,57,206,108,208,212,182,275,84,170
473,504,212,76,543,126,519,150,185,217,468,590,1023,334,256,320,372,1014,523,60,313,548,301,236,368,142,362,241,285,704,835,1544,277,484,122,532,489,94,258,336,379,112,422,231,434,511,327,559,177,359
316,282,109,56,339,81,293,94,101,135,286,388,617,201,152,194,254,618,340,36,175,347,189,124,211,87,222,158,163,406,522,966,201,300,70,372,320,53,175,379,123,64,276,140,244,315,214,338,136,218
125,104,44,19,94,28,100,34,41,45,102,130,203,59,53,52,82,178,117,6,64,108,56,37,69,32,77,53,38,133,151,273,59,110,24,113,98,15,57,112,64,8,88,37,69,75,72,90,34,81
391,330,164,72,366,82,358,137,128,162,295,447,668,262,206,214,297,677,416,49,209,400,219,170,254,90,252,175,216,499,557,1052,197,340,69,426,353,66,206,422,276,88,144,153,295,340,246,411,130,239
188,197,60,27,202,45,177,57,53,79,187,223,387,114,90,94,126,401,212,24,88,202,127,74,138,49,123,86,101,261,293,567,100,163,49,210,180,42,108,231,140,37,153,47,145,172,121,196,80,129
457,362,167,64,402,95,404,122,133,158,367,448,707,275,219,218,304,717,402,50,241,412,230,172,272,100,270,179,215,487,583,1157,228,347,84,420,367,79,208,434,244,69,295,145,190,385,254,440,132,295
441,403,185,74,463,88,440,131,165,191,408,521,841,310,241,231,340,864,462,59,261,484,274,183,289,108,299,192,230,591,717,1388,277,458,112,509,450,80,212,511,315,75,340,172,385,224,329,457,184,307
351,282,126,51,317,77,290,100,93,134,268,336,568,192,155,176,228,582,322,35,162,354,182,148,213,83,208,149,144,390,427,981,197,322,73,337,300,51,182,327,214,72,246,121,254,329,116,352,118,203
538,429,204,93,529,122,474,157,183,229,423,608,942,357,261,297,396,984,512,57,289,562,278,203,344,143,379,238,281,706,788,1426,270,491,114,621,505,79,275,559,338,90,411,196,440,457,352,275,170,343
156,153,85,29,180,42,197,50,74,67,145,235,308,130,106,110,134,313,184,22,115,181,107,83,125,50,132,84,83,240,278,510,88,167,34,185,155,36,84,177,136,34,130,80,132,184,118,170,32,117
379,292,129,55,366,80,352,94,106,156,300,352,598,223,185,172,247,623,353,34,207,343,216,131,241,85,243,154,154,452,504,900,177,291,86,361,328,56,170,359,218,81,239,129,295,307,203,343,117,125
