267,469,204,90,529,102,496,191,175,243,494,581,815,401,313,340,361,784,553,79,347,549,366,230,389,157,390,262,315,593,692,1177,242,484,122,503,506,98,267,507,346,114,375,177,450,426,318,508,172,391
469,193,164,66,431,90,413,142,144,154,350,482,785,267,248,267,318,803,471,40,244,471,275,175,272,108,298,205,226,544,683,1263,245,411,91,463,418,79,221,448,310,90,344,164,347,401,278,432,174,291
204,164,35,25,197,37,182,53,63,74,162,218,386,124,87,99,126,383,199,20,106,209,99,72,122,41,121,79,96,253,334,598,115,210,55,191,199,32,99,218,148,53,142,73,149,214,136,197,79,140
90,66,25,5,82,15,78,25,29,36,74,99,138,62,55,49,67,130,91,15,50,92,57,35,54,30,70,43,35,121,124,184,39,75,15,106,75,14,37,94,76,17,56,36,55,81,59,83,32,57
529,431,197,82,269,110,478,158,183,225,420,562,927,334,299,304,368,918,499,61,287,512,302,190,349,118,356,232,277,673,733,1423,270,435,134,580,471,86,257,532,349,98,376,210,410,494,328,505,209,334
102,90,37,15,110,12,106,31,31,41,84,121,175,78,64,68,85,192,109,18,72,116,65,39,64,36,97,61,60,156,178,280,52,111,33,104,86,21,66,111,80,31,81,48,75,104,70,116,33,83
496,413,182,78,478,106,241,155,147,194,384,568,866,339,262,287,370,874,505,54,276,539,298,188,315,126,336,232,250,658,755,1290,254,444,117,501,433,93,255,493,327,117,383,183,394,441,293,504,159,358
191,142,53,25,158,31,155,21,47,59,144,174,242,115,90,91,106,241,143,15,79,161,90,65,89,38,113,82,71,175,203,410,68,143,32,158,178,31,71,140,91,22,112,40,117,121,92,175,63,115
175,144,63,29,183,31,147,47,18,69,142,179,295,103,94,100,144,266,181,23,85,184,86,72,126,35,110,60,72,190,245,462,82,145,36,167,153,24,77,182,131,26,109,49,120,151,110,178,58,104
243,154,74,36,225,41,194,59,69,40,170,217,359,144,116,113,159,335,223,32,118,230,130,93,147,69,162,79,115,260,314,550,111,190,54,206,202,38,107,224,140,46,157,74,194,178,107,208,83,156
494,350,162,74,420,84,384,144,142,170,182,438,740,284,241,275,323,755,429,55,242,447,268,177,283,125,287,181,206,506,637,1137,235,367,93,469,364,80,214,463,292,82,316,175,363,413,276,452,156,321
581,482,218,99,562,121,568,174,179,217,438,338,1008,330,289,309,446,1003,569,68,282,598,336,206,370,144,381,254,284,702,850,1556,300,553,112,641,541,105,275,589,363,109,461,200,463,551,341,614,209,355
815,785,386,138,927,175,866,242,295,359,740,1008,842,624,463,493,633,1528,921,97,462,963,517,394,628,225,615,417,465,1098,1423,2409,510,875,213,1015,848,164,448,961,620,167,697,353,735,853,609,922,307,599
401,267,124,62,334,78,339,115,103,144,284,330,624,96,184,198,260,600,309,41,187,316,178,131,231,98,248,140,184,404,534,882,187,331,71,372,324,54,170,339,203,70,255,125,254,302,192,344,135,238
313,248,87,55,299,64,262,90,94,116,241,289,463,184,70,152,200,460,286,35,142,291,167,113,162,71,179,117,143,292,391,742,151,246,66,273,252,52,122,293,182,46,229,88,227,219,158,270,99,176
340,267,99,49,304,68,287,91,100,113,275,309,493,198,152,86,227,515,308,36,166,293,161,115,157,75,193,115,150,326,414,787,153,236,78,315,265,53,147,309,176,56,237,115,245,267,169,283,112,188
361,318,126,67,368,85,370,106,144,159,323,446,633,260,200,227,134,649,357,48,192,373,211,136,255,96,249,152,175,449,510,998,200,325,90,386,338,61,171,419,243,71,272,147,286,352,242,397,164,244
784,803,383,130,918,192,874,241,266,335,755,1003,1528,600,460,515,649,839,941,101,490,947,516,388,627,232,655,419,473,1122,1430,2477,477,860,195,980,883,153,448,974,617,188,676,341,721,839,576,941,318,598
553,471,199,91,499,109,505,143,181,223,429,569,921,309,286,308,357,941,255,67,280,510,288,199,326,118,337,194,247,691,767,1430,257,466,118,568,527,74,244,543,343,94,434,182,401,460,313,520,196,336
79,40,20,15,61,18,54,15,23,32,55,68,97,41,35,36,48,101,67,2,36,73,30,24,42,15,28,30,41,78,101,177,41,56,18,73,73,10,28,75,49,13,40,33,53,69,39,55,22,34
347,244,106,50,287,72,276,79,85,118,242,282,462,187,142,166,192,490,280,36,60,291,158,115,183,78,170,130,119,364,431,789,138,287,64,273,265,44,123,328,187,48,203,115,212,270,174,293,96,204
549,471,209,92,512,116,539,161,184,230,447,598,963,316,291,293,373,947,510,73,291,265,295,196,349,129,333,221,247,684,758,1449,293,496,117,552,515,74,285,552,367,122,417,182,425,472,313,519,191,384
366,275,99,57,302,65,298,90,86,130,268,336,517,178,167,161,211,516,288,30,158,295,90,134,174,72,185,134,166,352,425,804,174,286,66,311,281,46,134,314,209,54,220,100,232,270,175,314,139,214
230,175,72,35,190,39,188,65,72,93,177,206,394,131,113,115,136,388,199,24,115,196,134,41,138,56,143,88,125,278,347,547,113,188,35,213,187,29,96,199,121,45,143,60,162,172,131,206,68,127
389,272,122,54,349,64,315,89,126,147,283,370,628,231,162,157,255,627,326,42,183,349,174,138,121,72,207,130,152,403,506,937,197,303,67,327,296,47,157,356,227,69,251,132,264,328,232,341,147,219
157,108,41,30,118,36,126,38,35,69,125,144,225,98,71,75,96,232,118,15,78,129,72,56,72,18,66,63,47,151,180,346,66,124,42,115,126,19,51,128,89,25,108,43,102,114,81,134,48,98
390,298,121,70,356,97,336,113,110,162,287,381,615,248,179,193,249,655,337,28,170,333,185,143,207,66,112,161,163,407,522,949,167,322,94,335,308,54,160,370,229,71,294,118,285,301,215,357,138,241
262,205,79,43,232,61,232,82,60,79,181,254,417,140,117,115,152,419,194,30,130,221,134,88,130,63,161,44,112,304,332,646,113,209,38,236,219,44,114,264,149,51,200,104,180,180,122,276,72,171
315,226,96,35,277,60,250,71,72,115,206,284,465,184,143,150,175,473,247,41,119,247,166,125,152,47,163,112,73,329,371,713,146,248,54,275,243,37,145,265,157,51,207,103,202,227,167,262,99,200
593,544,253,121,673,156,658,175,190,260,506,702,1098,404,292,326,449,1122,691,78,364,684,352,278,403,151,407,304,329,396,987,1788,340,637,142,725,583,106,314,717,422,139,500,261,501,573,414,699,216,408
692,683,334,124,733,178,755,203,245,314,637,850,1423,534,391,414,510,1430,767,101,431,758,425,347,506,180,522,332,371,987,590,2164,418,716,180,813,732,112,366,831,517,162,601,273,590,726,459,769,276,527
1177,1263,598,184,1423,280,1290,410,462,550,1137,1556,2409,882,742,787,998,2477,1430,177,789,1449,804,547,937,346,949,646,713,1788,2164,1950,749,1311,315,1531,1293,229,670,1483,958,288,1053,549,1149,1328,910,1396,506,955
242,245,115,39,270,52,254,68,82,111,235,300,510,187,151,153,200,477,257,41,138,293,174,113,197,66,167,113,146,340,418,749,80,282,64,287,248,40,128,292,192,41,181,97,223,290,168,273,113,192
484,411,210,75,435,111,444,143,145,190,367,553,875,331,246,236,325,860,466,56,287,496,286,188,303,124,322,209,248,637,716,1311,282,201,90,509,423,63,234,502,362,100,361,178,381,426,291,495,165,307
122,91,55,15,134,33,117,32,36,54,93,112,213,71,66,78,90,195,118,18,64,117,66,35,67,42,94,38,54,142,180,315,64,90,15,125,104,14,60,127,72,34,84,41,93,113,83,114,55,77
503,463,191,106,580,104,501,158,167,206,469,641,1015,372,273,315,386,980,568,73,273,552,311,213,327,115,335,236,275,725,813,1531,287,509,125,248,512,76,264,614,343,100,439,194,414,498,323,583,209,333
506,418,199,75,471,86,433,178,153,202,364,541,848,324,252,265,338,883,527,73,265,515,281,187,296,126,308,219,243,583,732,1293,248,423,104,512,213,73,263,467,309,110,374,177,372,447,300,476,180,310
98,79,32,14,86,21,93,31,24,38,80,105,164,54,52,53,61,153,74,10,44,74,46,29,47,19,54,44,37,106,112,229,40,63,14,76,73,11,49,108,62,20,63,33,59,85,38,92,33,51
267,221,99,37,257,66,255,71,77,107,214,275,448,170,122,147,171,448,244,28,123,285,134,96,157,51,160,114,145,314,366,670,128,234,60,264,263,49,67,267,161,41,188,96,222,236,155,261,100,177
507,448,218,94,532,111,493,140,182,224,463,589,961,339,293,309,419,974,543,75,328,552,314,199,356,128,370,264,265,717,831,1483,292,502,127,614,467,108,267,271,359,116,427,182,423,496,333,524,191,365
346,310,148,76,349,80,327,91,131,140,292,363,620,203,182,176,243,617,343,49,187,367,209,121,227,89,229,149,157,422,517,958,192,362,72,343,309,62,161,359,100,68,237,109,276,299,199,366,139,220
114,90,53,17,98,31,117,22,26,46,82,109,167,70,46,56,71,188,94,13,48,122,54,45,69,25,71,51,51,139,162,288,41,100,34,100,110,20,41,116,68,7,80,35,91,75,58,109,33,68
375,344,142,56,376,81,383,112,109,157,316,461,697,255,229,237,272,676,434,40,203,417,220,143,251,108,294,200,207,500,601,1053,181,361,84,439,374,63,188,427,237,80,143,146,320,374,236,358,121,259
177,164,73,36,210,48,183,40,49,74,175,200,353,125,88,115,147,341,182,33,115,182,100,60,132,43,118,104,103,261,273,549,97,178,41,194,177,33,96,182,109,35,146,31,154,176,113,197,83,109
450,347,149,55,410,75,394,117,120,194,363,463,735,254,227,245,286,721,401,53,212,425,232,162,264,102,285,180,202,501,590,1149,223,381,93,414,372,59,222,423,276,91,320,154,159,396,257,406,157,285
426,401,214,81,494,104,441,121,151,178,413,551,853,302,219,267,352,839,460,69,270,472,270,172,328,114,301,180,227,573,726,1328,290,426,113,498,447,85,236,496,299,75,374,176,396,238,322,467,186,307
318,278,136,59,328,70,293,92,110,107,276,341,609,192,158,169,242,576,313,39,174,313,175,131,232,81,215,122,167,414,459,910,168,291,83,323,300,38,155,333,199,58,236,113,257,322,90,354,133,226
508,432,197,83,505,116,504,175,178,208,452,614,922,344,270,283,397,941,520,55,293,519,314,206,341,134,357,276,262,699,769,1396,273,495,114,583,476,92,261,524,366,109,358,197,406,467,354,272,186,395
172,174,79,32,209,33,159,63,58,83,156,209,307,135,99,112,164,318,196,22,96,191,139,68,147,48,138,72,99,216,276,506,113,165,55,209,180,33,100,191,139,33,121,83,157,186,133,186,38,111
391,291,140,57,334,83,358,115,104,156,321,355,599,238,176,188,244,598,336,34,204,384,214,127,219,98,241,171,200,408,527,955,192,307,77,333,310,51,177,365,220,68,259,109,285,307,226,395,111,131
