271,447,215,97,497,100,478,189,160,241,420,496,816,349,350,341,370,848,511,73,337,494,350,220,348,149,374,275,306,624,700,1158,227,475,113,532,495,83,233,479,289,88,382,176,433,398,332,451,166,383
447,196,169,80,444,97,421,121,142,168,379,487,807,278,236,241,298,796,442,62,217,435,242,195,279,127,323,202,213,523,634,1232,241,387,101,461,386,59,207,449,287,86,333,160,347,410,255,437,170,284
215,169,39,39,178,36,185,57,62,81,183,210,319,151,85,115,159,313,213,29,93,233,88,80,106,60,126,85,91,255,317,536,105,195,47,198,192,36,105,205,138,42,147,67,141,193,98,211,73,138
97,80,39,8,95,19,73,21,23,33,94,90,148,57,41,55,56,127,90,13,46,95,54,27,54,34,53,60,40,93,116,206,29,76,22,104,79,15,47,80,63,22,66,40,54,63,58,73,29,57
497,444,178,95,254,109,513,140,181,200,438,573,897,324,279,295,355,909,505,67,284,547,319,219,338,135,358,232,244,643,765,1347,257,471,104,535,489,86,214,570,305,93,358,215,415,501,342,505,194,354
100,97,36,19,109,10,96,27,28,50,109,126,208,82,49,59,80,197,112,17,71,107,74,43,80,35,73,61,56,133,150,280,62,99,23,129,91,20,50,109,75,23,82,42,89,84,78,108,32,72
478,421,185,73,513,96,232,131,164,186,424,542,867,328,249,297,345,856,490,68,255,488,298,216,328,135,319,235,233,616,714,1352,225,452,103,527,469,61,244,484,303,101,390,195,367,417,323,459,172,292
189,121,57,21,140,27,131,26,45,52,106,166,278,102,88,87,108,263,146,14,84,150,119,58,96,38,91,70,67,200,222,432,76,130,25,153,154,16,72,174,89,30,118,61,136,129,84,165,59,101
160,142,62,23,181,28,164,45,31,67,158,171,286,97,93,90,137,313,162,21,93,158,90,61,93,46,111,77,85,177,251,462,93,152,35,145,162,30,93,208,107,29,123,69,140,160,115,163,67,101
241,168,81,33,200,50,186,52,67,61,187,223,358,130,108,112,163,359,193,25,116,219,128,96,150,55,139,106,130,249,310,547,112,192,51,228,184,35,100,229,146,35,168,75,177,194,137,208,77,163
420,379,183,94,438,109,424,106,158,187,211,454,745,308,217,254,289,710,386,54,239,409,266,187,289,115,281,207,236,518,624,1127,223,398,96,464,407,68,176,445,265,83,339,166,355,408,296,431,149,314
496,487,210,90,573,126,542,166,171,223,454,295,1016,339,274,302,410,1030,546,58,296,563,302,224,366,139,363,276,293,684,792,1616,321,504,116,583,532,99,286,599,397,109,457,192,429,492,342,585,193,386
816,807,319,148,897,208,867,278,286,358,745,1016,824,581,454,531,653,1441,908,99,466,919,506,372,589,230,614,447,415,1120,1351,2429,470,790,205,991,857,168,448,962,607,204,658,368,702,813,574,915,297,640
349,278,151,57,324,82,328,102,97,130,308,339,581,118,167,206,244,589,360,41,205,345,192,131,213,99,198,173,218,388,477,929,181,326,77,350,340,47,156,330,212,62,253,129,265,291,219,329,110,232
350,236,85,41,279,49,249,88,93,108,217,274,454,167,72,138,195,472,268,28,132,278,132,109,171,63,155,139,133,317,413,749,127,256,52,289,242,49,133,280,162,47,195,93,198,243,150,297,92,190
341,241,115,55,295,59,297,87,90,112,254,302,531,206,138,65,222,530,295,29,176,314,152,118,180,65,183,141,144,356,455,837,137,285,63,300,286,47,130,324,187,55,220,106,225,267,159,310,112,194
370,298,159,56,355,80,345,108,137,163,289,410,653,244,195,222,144,641,347,54,204,369,214,158,233,86,240,175,193,474,524,956,182,350,74,394,338,54,197,395,244,66,268,128,303,319,246,376,150,268
848,796,313,127,909,197,856,263,313,359,710,1030,1441,589,472,530,641,799,940,117,512,931,547,362,592,265,609,433,461,1116,1348,2404,485,827,228,987,829,164,462,982,631,188,665,370,705,796,610,947,336,583
511,442,213,90,505,112,490,146,162,193,386,546,908,360,268,295,347,940,257,72,272,491,302,217,329,126,343,271,270,649,748,1384,253,486,106,527,507,82,274,535,309,101,373,203,405,452,318,535,183,347
73,62,29,13,67,17,68,14,21,25,54,58,99,41,28,29,54,117,72,4,37,76,40,21,41,20,37,26,31,88,91,187,33,71,19,55,65,11,28,56,50,10,57,17,53,72,37,80,19,41
337,217,93,46,284,71,255,84,93,116,239,296,466,205,132,176,204,512,272,37,70,308,160,123,183,74,182,129,151,343,408,754,147,256,64,276,258,41,125,292,173,58,240,100,218,266,160,294,91,215
494,435,233,95,547,107,488,150,158,219,409,563,919,345,278,314,369,931,491,76,308,261,297,198,315,131,352,252,269,672,772,1430,252,483,111,558,499,81,260,569,304,96,390,180,381,461,316,515,174,350
350,242,88,54,319,74,298,119,90,128,266,302,506,192,132,152,214,547,302,40,160,297,78,125,167,69,185,142,154,369,477,825,139,291,66,328,279,43,161,318,180,47,207,108,229,293,182,336,96,234
220,195,80,27,219,43,216,58,61,96,187,224,372,131,109,118,158,362,217,21,123,198,125,37,136,62,148,121,107,257,314,545,106,181,61,215,193,29,111,222,144,48,167,64,168,201,151,214,79,140
348,279,106,54,338,80,328,96,93,150,289,366,589,213,171,180,233,592,329,41,183,315,167,136,117,93,214,159,170,419,491,956,173,305,83,338,311,54,152,347,233,63,268,116,254,303,219,326,140,244
149,127,60,34,135,35,135,38,46,55,115,139,230,99,63,65,86,265,126,20,74,131,69,62,93,10,89,69,71,164,207,384,69,124,24,120,119,17,65,137,80,23,94,47,116,124,77,141,51,93
374,323,126,53,358,73,319,91,111,139,281,363,614,198,155,183,240,609,343,37,182,352,185,148,214,89,122,164,177,432,545,953,174,291,74,352,348,48,173,367,222,73,251,122,291,332,213,342,140,221
275,202,85,60,232,61,235,70,77,106,207,276,447,173,139,141,175,433,271,26,129,252,142,121,159,69,164,43,130,286,382,686,128,232,54,233,250,29,126,269,144,52,201,85,211,202,148,241,100,162
306,213,91,40,244,56,233,67,85,130,236,293,415,218,133,144,193,461,270,31,151,269,154,107,170,71,177,130,75,312,389,668,143,249,64,253,257,35,133,275,168,51,219,90,199,243,156,253,98,182
624,523,255,93,643,133,616,200,177,249,518,684,1120,388,317,356,474,1116,649,88,343,672,369,257,419,164,432,286,312,388,937,1708,330,597,137,685,600,103,315,652,402,120,473,283,509,559,383,676,224,465
700,634,317,116,765,150,714,222,251,310,624,792,1351,477,413,455,524,1348,748,91,408,772,477,314,491,207,545,382,389,937,577,2097,388,735,172,776,738,142,417,806,489,160,546,301,611,661,464,827,257,506
1158,1232,536,206,1347,280,1352,432,462,547,1127,1616,2429,929,749,837,956,2404,1384,187,754,1430,825,545,956,384,953,686,668,1708,2097,1916,721,1257,336,1469,1310,218,685,1454,924,301,995,557,1128,1305,897,1404,515,942
227,241,105,29,257,62,225,76,93,112,223,321,470,181,127,137,182,485,253,33,147,252,139,106,173,69,174,128,143,330,388,721,72,249,65,280,245,51,136,286,199,58,185,115,211,241,172,283,90,185
475,387,195,76,471,99,452,130,152,192,398,504,790,326,256,285,350,827,486,71,256,483,291,181,305,124,291,232,249,597,735,1257,249,198,103,529,449,71,252,486,289,86,368,174,383,417,290,478,165,331
113,101,47,22,104,23,103,25,35,51,96,116,205,77,52,63,74,228,106,19,64,111,66,61,83,24,74,54,64,137,172,336,65,103,9,124,108,18,45,112,74,16,68,46,87,99,72,117,43,69
532,461,198,104,535,129,527,153,145,228,464,583,991,350,289,300,394,987,527,55,276,558,328,215,338,120,352,233,253,685,776,1469,280,529,124,285,498,86,259,577,330,99,450,192,421,467,330,524,183,347
495,386,192,79,489,91,469,154,162,184,407,532,857,340,242,286,338,829,507,65,258,499,279,193,311,119,348,250,257,600,738,1310,245,449,108,498,231,83,234,473,322,117,412,169,377,390,312,507,173,328
83,59,36,15,86,20,61,16,30,35,68,99,168,47,49,47,54,164,82,11,41,81,43,29,54,17,48,29,35,103,142,218,51,71,18,86,83,9,36,79,55,12,65,31,60,94,55,82,30,67
233,207,105,47,214,50,244,72,93,100,176,286,448,156,133,130,197,462,274,28,125,260,161,111,152,65,173,126,133,315,417,685,136,252,45,259,234,36,58,285,175,52,210,93,208,211,148,243,98,157
479,449,205,80,570,109,484,174,208,229,445,599,962,330,280,324,395,982,535,56,292,569,318,222,347,137,367,269,275,652,806,1454,286,486,112,577,473,79,285,291,364,112,423,208,397,516,403,494,185,369
289,287,138,63,305,75,303,89,107,146,265,397,607,212,162,187,244,631,309,50,173,304,180,144,233,80,222,144,168,402,489,924,199,289,74,330,322,55,175,364,107,82,295,126,269,299,231,352,121,256
88,86,42,22,93,23,101,30,29,35,83,109,204,62,47,55,66,188,101,10,58,96,47,48,63,23,73,52,51,120,160,301,58,86,16,99,117,12,52,112,82,13,84,36,83,99,65,123,39,66
382,333,147,66,358,82,390,118,123,168,339,457,658,253,195,220,268,665,373,57,240,390,207,167,268,94,251,201,219,473,546,995,185,368,68,450,412,65,210,423,295,84,133,162,316,328,255,382,134,226
176,160,67,40,215,42,195,61,69,75,166,192,368,129,93,106,128,370,203,17,100,180,108,64,116,47,122,85,90,283,301,557,115,174,46,192,169,31,93,208,126,36,162,38,143,173,116,225,68,118
433,347,141,54,415,89,367,136,140,177,355,429,702,265,198,225,303,705,405,53,218,381,229,168,254,116,291,211,199,509,611,1128,211,383,87,421,377,60,208,397,269,83,316,143,151,370,256,406,122,295
398,410,193,63,501,84,417,129,160,194,408,492,813,291,243,267,319,796,452,72,266,461,293,201,303,124,332,202,243,559,661,1305,241,417,99,467,390,94,211,516,299,99,328,173,370,238,277,497,162,299
332,255,98,58,342,78,323,84,115,137,296,342,574,219,150,159,246,610,318,37,160,316,182,151,219,77,213,148,156,383,464,897,172,290,72,330,312,55,148,403,231,65,255,116,256,277,93,298,116,221
451,437,211,73,505,108,459,165,163,208,431,585,915,329,297,310,376,947,535,80,294,515,336,214,326,141,342,241,253,676,827,1404,283,478,117,524,507,82,243,494,352,123,382,225,406,497,298,253,165,385
166,170,73,29,194,32,172,59,67,77,149,193,297,110,92,112,150,336,183,19,91,174,96,79,140,51,140,100,98,224,257,515,90,165,43,183,173,30,98,185,121,39,134,68,122,162,116,165,30,120
383,284,138,57,354,72,292,101,101,163,314,386,640,232,190,194,268,583,347,41,215,350,234,140,244,93,221,162,182,465,506,942,185,331,69,347,328,67,157,369,256,66,226,118,295,299,221,385,120,113
