273,423,218,100,519,117,486,188,173,242,464,537,812,368,352,347,366,840,495,76,326,495,387,223,376,157,378,283,285,623,715,1188,269,462,103,530,478,86,259,460,325,118,351,182,444,422,366,475,171,421
423,174,159,87,461,115,414,137,140,166,334,503,792,267,231,254,279,788,453,51,249,472,242,163,264,99,290,162,219,571,662,1225,248,390,102,464,423,69,212,484,265,85,336,164,334,411,263,465,147,282
218,159,32,34,210,47,194,62,58,98,185,221,356,136,111,119,142,347,197,21,100,205,118,84,138,48,134,88,96,237,327,532,107,202,43,198,187,28,109,239,138,31,155,60,173,212,133,236,81,131
100,87,34,8,100,28,86,26,23,34,80,73,133,67,45,50,70,137,95,11,56,115,55,28,59,26,64,38,50,123,118,202,45,100,19,98,71,11,42,105,62,23,67,30,61,69,55,94,22,63
519,461,210,100,249,122,500,160,170,208,433,620,962,329,267,293,368,973,525,64,268,510,286,197,383,120,352,222,254,689,746,1443,274,502,102,562,472,81,259,582,347,103,371,219,386,465,339,544,192,334
117,115,47,28,122,15,112,34,30,53,100,123,203,85,48,54,83,203,101,15,69,118,70,47,93,35,86,51,67,172,169,285,62,109,21,137,101,20,57,140,68,27,72,38,87,107,62,116,38,79
486,414,194,86,500,112,243,129,189,193,422,517,872,321,257,269,341,841,500,60,266,508,284,209,336,140,358,211,241,623,752,1324,294,453,116,536,416,80,235,515,334,103,368,177,389,454,330,487,173,325
188,137,62,26,160,34,129,21,46,53,124,171,270,87,83,88,139,284,168,20,87,148,106,65,93,33,91,64,76,204,256,427,82,123,41,175,139,23,63,155,86,43,133,56,126,137,109,156,53,113
173,140,58,23,170,30,189,46,22,77,157,169,319,114,82,99,115,290,168,19,89,195,105,74,124,38,126,89,87,218,258,458,96,142,44,190,140,27,73,164,102,39,127,53,152,162,101,190,62,111
242,166,98,34,208,53,193,53,77,36,163,217,329,165,134,126,137,343,211,27,125,224,123,86,140,52,169,97,109,267,328,566,110,188,49,233,179,38,94,200,125,45,153,67,157,187,135,229,69,125
464,334,185,80,433,100,422,124,157,163,193,464,706,308,239,250,279,740,443,53,240,430,260,160,275,107,283,199,206,523,663,1161,224,391,93,467,397,71,219,450,262,97,323,152,318,410,268,457,162,276
537,503,221,73,620,123,517,171,169,217,464,302,1016,362,282,321,391,1027,557,72,298,576,298,193,361,151,375,257,263,746,838,1601,329,510,123,585,487,95,293,630,378,120,418,217,404,510,359,593,213,362
812,792,356,133,962,203,872,270,319,329,706,1016,813,606,436,501,712,1459,905,102,500,916,512,346,611,251,647,419,454,1105,1371,2460,464,860,198,989,794,153,452,1008,629,185,697,353,713,858,587,936,332,590
368,267,136,67,329,85,321,87,114,165,308,362,606,113,183,175,227,561,336,37,171,353,223,130,232,90,221,150,162,389,496,906,188,329,81,342,315,50,155,370,226,64,273,115,261,301,203,352,124,230
352,231,111,45,267,48,257,83,82,134,239,282,436,183,74,138,192,472,286,24,143,278,142,110,176,68,170,122,141,333,419,710,143,219,64,311,258,40,137,268,156,50,194,94,225,236,176,292,93,158
347,254,119,50,293,54,269,88,99,126,250,321,501,175,138,68,211,509,283,28,126,296,160,113,195,90,195,125,140,331,404,789,167,244,56,289,254,43,145,329,180,42,201,102,232,256,183,288,111,187
366,279,142,70,368,83,341,139,115,137,279,391,712,227,192,211,139,676,390,48,206,390,247,130,238,94,254,166,183,464,562,1028,200,342,88,384,334,54,182,355,246,97,282,127,286,318,273,402,132,215
840,788,347,137,973,203,841,284,290,343,740,1027,1459,561,472,509,676,817,910,99,488,947,536,349,638,245,632,425,469,1093,1385,2477,483,857,223,998,773,143,489,1003,586,196,703,338,704,842,606,907,312,646
495,453,197,95,525,101,500,168,168,211,443,557,905,336,286,283,390,910,262,64,296,493,323,207,330,117,334,230,237,643,776,1469,258,501,125,559,458,72,256,507,322,95,415,172,394,488,323,558,180,378
76,51,21,11,64,15,60,20,19,27,53,72,102,37,24,28,48,99,64,7,34,44,40,20,36,18,50,29,32,72,99,199,38,57,10,79,61,11,40,70,46,14,56,26,42,60,36,75,14,55
326,249,100,56,268,69,266,87,89,125,240,298,500,171,143,126,206,488,296,34,62,274,176,122,191,76,186,135,166,325,432,836,159,293,55,286,253,44,143,324,170,60,218,120,218,250,157,276,99,228
495,472,205,115,510,118,508,148,195,224,430,576,916,353,278,296,390,947,493,44,274,275,336,214,332,135,391,222,253,620,735,1411,266,476,122,532,494,82,271,549,381,99,387,198,410,441,313,550,180,359
387,242,118,55,286,70,284,106,105,123,260,298,512,223,142,160,247,536,323,40,176,336,94,134,209,90,216,131,141,336,463,821,155,256,69,310,294,40,158,323,208,66,226,102,248,240,183,299,94,229
223,163,84,28,197,47,209,65,74,86,160,193,346,130,110,113,130,349,207,20,122,214,134,42,142,62,146,106,97,271,334,542,111,183,43,223,196,42,87,202,124,44,156,77,161,185,135,228,75,152
376,264,138,59,383,93,336,93,124,140,275,361,611,232,176,195,238,638,330,36,191,332,209,142,105,99,218,167,166,431,505,969,187,285,78,343,338,53,180,331,223,71,252,123,255,310,219,385,128,229
157,99,48,26,120,35,140,33,38,52,107,151,251,90,68,90,94,245,117,18,76,135,90,62,99,24,82,62,76,180,222,363,74,117,27,138,133,14,62,141,90,24,112,48,109,108,78,144,49,98
378,290,134,64,352,86,358,91,126,169,283,375,647,221,170,195,254,632,334,50,186,391,216,146,218,82,109,149,189,430,530,1012,192,303,74,351,351,48,171,360,220,64,274,126,287,289,208,418,119,247
283,162,88,38,222,51,211,64,89,97,199,257,419,150,122,125,166,425,230,29,135,222,131,106,167,62,149,51,124,284,370,645,134,207,58,248,192,41,120,244,154,45,207,95,200,192,158,237,102,161
285,219,96,50,254,67,241,76,87,109,206,263,454,162,141,140,183,469,237,32,166,253,141,97,166,76,189,124,61,288,405,731,159,241,55,250,242,35,122,283,188,53,201,88,188,233,168,268,95,185
623,571,237,123,689,172,623,204,218,267,523,746,1105,389,333,331,464,1093,643,72,325,620,336,271,431,180,430,284,288,360,973,1813,343,630,125,745,602,103,315,725,401,143,492,250,488,606,401,644,239,426
715,662,327,118,746,169,752,256,258,328,663,838,1371,496,419,404,562,1385,776,99,432,735,463,334,505,222,530,370,405,973,587,2137,410,700,181,814,692,153,390,841,532,168,586,254,573,677,486,795,287,528
1188,1225,532,202,1443,285,1324,427,458,566,1161,1601,2460,906,710,789,1028,2477,1469,199,836,1411,821,542,969,363,1012,645,731,1813,2137,1954,726,1332,291,1569,1289,238,718,1493,962,313,1029,525,1120,1315,873,1424,532,900
269,248,107,45,274,62,294,82,96,110,224,329,464,188,143,167,200,483,258,38,159,266,155,111,187,74,192,134,159,343,410,726,78,230,48,306,265,54,129,307,202,59,203,103,242,258,182,279,100,177
462,390,202,100,502,109,453,123,142,188,391,510,860,329,219,244,342,857,501,57,293,476,256,183,285,117,303,207,241,630,700,1332,230,221,104,511,464,73,236,498,312,104,375,190,387,427,307,493,181,352
103,102,43,19,102,21,116,41,44,49,93,123,198,81,64,56,88,223,125,10,55,122,69,43,78,27,74,58,55,125,181,291,48,104,7,132,97,15,60,128,87,19,92,44,106,111,82,132,36,86
530,464,198,98,562,137,536,175,190,233,467,585,989,342,311,289,384,998,559,79,286,532,310,223,343,138,351,248,250,745,814,1569,306,511,132,287,500,91,242,640,366,126,435,226,428,495,352,544,254,327
478,423,187,71,472,101,416,139,140,179,397,487,794,315,258,254,334,773,458,61,253,494,294,196,338,133,351,192,242,602,692,1289,265,464,97,500,218,88,220,509,298,88,350,173,373,418,316,497,170,317
86,69,28,11,81,20,80,23,27,38,71,95,153,50,40,43,54,143,72,11,44,82,40,42,53,14,48,41,35,103,153,238,54,73,15,91,88,11,37,100,49,19,69,41,67,73,54,96,25,66
259,212,109,42,259,57,235,63,73,94,219,293,452,155,137,145,182,489,256,40,143,271,158,87,180,62,171,120,122,315,390,718,129,236,60,242,220,37,54,270,178,50,199,93,192,231,172,240,107,165
460,484,239,105,582,140,515,155,164,200,450,630,1008,370,268,329,355,1003,507,70,324,549,323,202,331,141,360,244,283,725,841,1493,307,498,128,640,509,100,270,285,313,109,396,201,425,496,360,576,224,353
325,265,138,62,347,68,334,86,102,125,262,378,629,226,156,180,246,586,322,46,170,381,208,124,223,90,220,154,188,401,532,962,202,312,87,366,298,49,178,313,104,69,257,107,260,293,223,327,117,243
118,85,31,23,103,27,103,43,39,45,97,120,185,64,50,42,97,196,95,14,60,99,66,44,71,24,64,45,53,143,168,313,59,104,19,126,88,19,50,109,69,12,78,41,82,85,64,96,37,72
351,336,155,67,371,72,368,133,127,153,323,418,697,273,194,201,282,703,415,56,218,387,226,156,252,112,274,207,201,492,586,1029,203,375,92,435,350,69,199,396,257,78,152,159,281,376,236,414,145,247
182,164,60,30,219,38,177,56,53,67,152,217,353,115,94,102,127,338,172,26,120,198,102,77,123,48,126,95,88,250,254,525,103,190,44,226,173,41,93,201,107,41,159,29,163,165,104,192,67,119
444,334,173,61,386,87,389,126,152,157,318,404,713,261,225,232,286,704,394,42,218,410,248,161,255,109,287,200,188,488,573,1120,242,387,106,428,373,67,192,425,260,82,281,163,175,368,257,451,163,279
422,411,212,69,465,107,454,137,162,187,410,510,858,301,236,256,318,842,488,60,250,441,240,185,310,108,289,192,233,606,677,1315,258,427,111,495,418,73,231,496,293,85,376,165,368,226,300,479,175,302
366,263,133,55,339,62,330,109,101,135,268,359,587,203,176,183,273,606,323,36,157,313,183,135,219,78,208,158,168,401,486,873,182,307,82,352,316,54,172,360,223,64,236,104,257,300,111,344,116,190
475,465,236,94,544,116,487,156,190,229,457,593,936,352,292,288,402,907,558,75,276,550,299,228,385,144,418,237,268,644,795,1424,279,493,132,544,497,96,240,576,327,96,414,192,451,479,344,282,197,335
171,147,81,22,192,38,173,53,62,69,162,213,332,124,93,111,132,312,180,14,99,180,94,75,128,49,119,102,95,239,287,532,100,181,36,254,170,25,107,224,117,37,145,67,163,175,116,197,26,111
421,282,131,63,334,79,325,113,111,125,276,362,590,230,158,187,215,646,378,55,228,359,229,152,229,98,247,161,185,426,528,900,177,352,86,327,317,66,165,353,243,72,247,119,279,302,190,335,111,136
