294,495,201,94,496,122,491,186,160,248,464,515,823,400,313,327,380,842,536,73,347,515,361,200,369,139,392,282,306,596,736,1143,238,511,109,509,481,84,245,498,298,120,375,189,442,399,333,440,179,392
495,185,157,79,443,102,433,141,133,201,381,512,784,274,230,244,325,825,430,55,244,411,232,183,290,120,307,209,205,535,664,1307,210,387,100,478,389,83,199,457,264,103,323,155,342,415,274,455,163,296
201,157,39,47,181,51,177,51,70,91,169,212,351,125,96,101,136,389,201,23,89,190,100,78,122,47,130,94,102,216,335,581,109,179,44,232,189,34,100,203,132,36,170,76,147,183,133,202,79,129
94,79,47,5,78,12,94,24,27,41,74,86,133,70,45,39,80,139,83,10,55,96,63,45,61,20,67,41,49,97,121,215,36,69,15,89,90,15,35,93,52,18,67,29,71,53,44,88,20,76
496,443,181,78,267,102,454,162,154,226,433,589,902,322,241,267,373,881,518,62,303,505,303,216,336,143,353,247,255,631,740,1393,283,458,103,555,480,86,250,554,356,111,391,188,392,496,297,521,182,381
122,102,51,12,102,9,109,37,39,48,96,125,192,72,63,64,91,186,110,9,68,112,66,44,73,24,80,63,55,130,161,303,62,110,28,129,119,21,56,124,90,22,79,50,95,101,59,121,39,73
491,433,177,94,454,109,247,156,184,230,438,563,899,330,234,281,359,894,495,57,292,474,294,192,312,129,341,216,257,617,749,1309,253,459,115,511,463,83,244,483,317,85,374,164,398,482,296,490,177,338
186,141,51,24,162,37,156,23,54,66,141,173,271,100,68,86,119,265,145,22,89,158,79,66,94,31,77,77,85,182,229,412,91,140,36,168,142,29,76,150,96,34,105,47,117,151,105,150,61,101
160,133,70,27,154,39,184,54,29,80,145,168,286,127,74,106,107,317,131,22,95,160,95,81,100,37,98,88,89,226,247,459,87,144,41,167,153,32,105,193,108,24,126,60,136,155,101,179,61,97
248,201,91,41,226,48,230,66,80,46,185,197,351,151,106,112,149,348,202,28,122,217,122,101,150,64,159,102,131,244,280,510,97,207,43,218,202,31,116,221,137,39,148,71,186,185,131,218,85,160
464,381,169,74,433,96,438,141,145,185,169,475,759,290,233,234,321,793,413,51,251,430,260,198,277,131,314,232,229,571,596,1186,211,465,94,466,410,74,230,447,292,90,348,153,362,378,290,470,174,269
515,512,212,86,589,125,563,173,168,197,475,354,1073,324,295,324,438,1083,585,67,310,600,334,241,386,146,405,273,270,734,883,1648,293,505,124,615,520,109,289,630,366,123,440,203,444,547,333,623,221,368
823,784,351,133,902,192,899,271,286,351,759,1073,843,582,453,493,669,1511,911,120,502,901,541,354,592,227,609,420,437,1218,1362,2585,522,866,229,1022,851,153,458,969,596,194,653,364,716,834,563,962,328,615
400,274,125,70,322,72,330,100,127,151,290,324,582,119,163,187,272,598,330,29,215,374,195,140,218,87,246,129,172,407,499,861,177,315,72,348,330,50,158,343,224,74,272,114,261,307,197,362,110,241
313,230,96,45,241,63,234,68,74,106,233,295,453,163,66,114,198,453,254,36,162,241,161,104,147,67,161,109,140,311,412,723,138,247,60,281,246,32,115,283,147,57,199,102,197,256,152,260,110,183
327,244,101,39,267,64,281,86,106,112,234,324,493,187,114,84,210,524,266,34,186,276,163,138,156,73,186,135,149,351,423,781,127,279,55,284,278,39,150,298,172,71,230,104,218,274,152,305,111,203
380,325,136,80,373,91,359,119,107,149,321,438,669,272,198,210,133,654,364,38,202,384,216,149,253,106,245,167,182,446,558,1046,204,348,80,380,372,60,193,401,238,57,283,135,307,336,214,381,132,258
842,825,389,139,881,186,894,265,317,348,793,1083,1511,598,453,524,654,872,937,105,497,950,531,356,587,219,588,419,470,1151,1368,2527,511,871,200,996,846,156,480,961,593,202,693,383,760,837,577,969,332,634
536,430,201,83,518,110,495,145,131,202,413,585,911,330,254,266,364,937,265,65,284,491,300,193,340,149,397,250,281,666,758,1433,274,467,105,524,458,76,279,526,328,125,368,204,444,510,315,523,183,346
73,55,23,10,62,9,57,22,22,28,51,67,120,29,36,34,38,105,65,3,28,59,27,24,41,19,38,32,32,74,103,196,34,58,15,64,54,7,35,62,43,15,43,25,45,57,43,64,24,51
347,244,89,55,303,68,292,89,95,122,251,310,502,215,162,186,202,497,284,28,78,308,154,115,162,60,177,127,124,336,452,805,166,271,59,275,267,58,143,285,185,60,214,97,225,273,186,289,104,213
515,411,190,96,505,112,474,158,160,217,430,600,901,374,241,276,384,950,491,59,308,255,308,215,340,144,373,248,267,670,741,1448,264,487,118,534,499,98,285,518,333,127,381,207,432,457,342,523,195,380
361,232,100,63,303,66,294,79,95,122,260,334,541,195,161,163,216,531,300,27,154,308,73,122,170,73,198,147,147,368,444,826,155,304,64,331,302,48,144,313,200,54,207,91,236,298,157,303,107,214
200,183,78,45,216,44,192,66,81,101,198,241,354,140,104,138,149,356,193,24,115,215,122,42,145,47,129,88,112,258,272,553,113,198,53,208,216,39,97,200,125,35,166,60,173,185,124,221,79,131
369,290,122,61,336,73,312,94,100,150,277,386,592,218,147,156,253,587,340,41,162,340,170,145,80,79,207,151,177,381,522,894,173,322,91,336,328,59,151,367,188,56,231,130,234,323,192,360,122,221
139,120,47,20,143,24,129,31,37,64,131,146,227,87,67,73,106,219,149,19,60,144,73,47,79,17,77,70,68,171,195,356,74,121,25,137,120,26,62,144,84,21,95,42,98,125,82,154,44,80
392,307,130,67,353,80,341,77,98,159,314,405,609,246,161,186,245,588,397,38,177,373,198,129,207,77,105,166,176,411,520,989,177,346,73,341,325,58,159,350,216,61,258,133,276,329,220,371,124,230
282,209,94,41,247,63,216,77,88,102,232,273,420,129,109,135,167,419,250,32,127,248,147,88,151,70,166,45,132,301,330,665,129,221,55,259,206,41,121,259,150,50,188,92,191,191,149,256,93,179
306,205,102,49,255,55,257,85,89,131,229,270,437,172,140,149,182,470,281,32,124,267,147,112,177,68,176,132,71,287,380,701,127,233,68,234,221,42,130,268,165,49,198,97,213,235,161,255,105,207
596,535,216,97,631,130,617,182,226,244,571,734,1218,407,311,351,446,1151,666,74,336,670,368,258,381,171,411,301,287,417,990,1878,346,580,149,670,594,112,308,692,423,127,534,257,515,634,387,672,246,431
736,664,335,121,740,161,749,229,247,280,596,883,1362,499,412,423,558,1368,758,103,452,741,444,272,522,195,520,330,380,990,560,2092,417,731,182,859,711,143,429,771,480,166,550,311,587,736,467,780,284,506
1143,1307,581,215,1393,303,1309,412,459,510,1186,1648,2585,861,723,781,1046,2527,1433,196,805,1448,826,553,894,356,989,665,701,1878,2092,1996,769,1375,317,1519,1303,235,702,1504,885,331,1031,562,1079,1282,855,1433,530,906
238,210,109,36,283,62,253,91,87,97,211,293,522,177,138,127,204,511,274,34,166,264,155,113,173,74,177,129,127,346,417,769,86,250,60,303,245,47,143,295,154,59,207,104,206,280,180,293,110,179
511,387,179,69,458,110,459,140,144,207,465,505,866,315,247,279,348,871,467,58,271,487,304,198,322,121,346,221,233,580,731,1375,250,232,115,499,435,105,253,471,304,94,356,177,388,449,285,520,188,350
109,100,44,15,103,28,115,36,41,43,94,124,229,72,60,55,80,200,105,15,59,118,64,53,91,25,73,55,68,149,182,317,60,115,12,130,116,20,56,129,78,32,86,41,115,109,76,108,38,77
509,478,232,89,555,129,511,168,167,218,466,615,1022,348,281,284,380,996,524,64,275,534,331,208,336,137,341,259,234,670,859,1519,303,499,130,277,498,84,257,576,369,114,434,204,421,497,314,543,200,372
481,389,189,90,480,119,463,142,153,202,410,520,851,330,246,278,372,846,458,54,267,499,302,216,328,120,325,206,221,594,711,1303,245,435,116,498,248,97,235,501,287,95,344,162,377,422,308,478,182,339
84,83,34,15,86,21,83,29,32,31,74,109,153,50,32,39,60,156,76,7,58,98,48,39,59,26,58,41,42,112,143,235,47,105,20,84,97,10,45,87,43,18,68,32,70,84,48,99,32,54
245,199,100,35,250,56,244,76,105,116,230,289,458,158,115,150,193,480,279,35,143,285,144,97,151,62,159,121,130,308,429,702,143,253,56,257,235,45,55,275,171,48,202,94,187,252,175,237,96,175
498,457,203,93,554,124,483,150,193,221,447,630,969,343,283,298,401,961,526,62,285,518,313,200,367,144,350,259,268,692,771,1504,295,471,129,576,501,87,275,278,358,104,399,226,428,493,363,547,215,353
298,264,132,52,356,90,317,96,108,137,292,366,596,224,147,172,238,593,328,43,185,333,200,125,188,84,216,150,165,423,480,885,154,304,78,369,287,43,171,358,108,62,263,137,269,300,213,326,126,213
120,103,36,18,111,22,85,34,24,39,90,123,194,74,57,71,57,202,125,15,60,127,54,35,56,21,61,50,49,127,166,331,59,94,32,114,95,18,48,104,62,9,88,41,86,118,67,103,42,63
375,323,170,67,391,79,374,105,126,148,348,440,653,272,199,230,283,693,368,43,214,381,207,166,231,95,258,188,198,534,550,1031,207,356,86,434,344,68,202,399,263,88,133,138,301,363,222,388,138,278
189,155,76,29,188,50,164,47,60,71,153,203,364,114,102,104,135,383,204,25,97,207,91,60,130,42,133,92,97,257,311,562,104,177,41,204,162,32,94,226,137,41,138,25,139,172,121,196,77,135
442,342,147,71,392,95,398,117,136,186,362,444,716,261,197,218,307,760,444,45,225,432,236,173,234,98,276,191,213,515,587,1079,206,388,115,421,377,70,187,428,269,86,301,139,157,415,245,409,164,287
399,415,183,53,496,101,482,151,155,185,378,547,834,307,256,274,336,837,510,57,273,457,298,185,323,125,329,191,235,634,736,1282,280,449,109,497,422,84,252,493,300,118,363,172,415,214,284,525,178,317
333,274,133,44,297,59,296,105,101,131,290,333,563,197,152,152,214,577,315,43,186,342,157,124,192,82,220,149,161,387,467,855,180,285,76,314,308,48,175,363,213,67,222,121,245,284,92,337,126,242
440,455,202,88,521,121,490,150,179,218,470,623,962,362,260,305,381,969,523,64,289,523,303,221,360,154,371,256,255,672,780,1433,293,520,108,543,478,99,237,547,326,103,388,196,409,525,337,282,176,346
179,163,79,20,182,39,177,61,61,85,174,221,328,110,110,111,132,332,183,24,104,195,107,79,122,44,124,93,105,246,284,530,110,188,38,200,182,32,96,215,126,42,138,77,164,178,126,176,36,143
392,296,129,76,381,73,338,101,97,160,269,368,615,241,183,203,258,634,346,51,213,380,214,131,221,80,230,179,207,431,506,906,179,350,77,372,339,54,175,353,213,63,278,135,287,317,242,346,143,129
