276,490,202,91,491,106,462,169,181,240,448,528,857,396,308,366,350,863,509,98,323,529,354,210,386,170,381,272,298,644,727,1194,251,500,103,539,483,84,241,475,325,103,373,199,451,431,328,532,162,380
490,209,166,90,418,112,427,145,123,164,368,477,823,304,202,217,310,773,473,65,247,451,240,191,289,98,273,205,178,524,637,1222,211,420,108,414,408,82,225,452,294,88,353,166,353,377,260,489,148,289
202,166,39,40,212,52,203,72,66,89,149,223,378,131,105,110,135,347,187,28,120,214,127,90,125,48,112,86,111,225,314,605,119,189,43,198,194,24,107,226,135,27,151,78,156,186,126,200,72,129
91,90,40,10,74,15,82,25,32,36,70,110,156,63,45,57,53,145,86,15,49,86,58,43,71,21,56,42,39,100,114,241,48,91,25,83,83,16,42,93,55,14,59,25,71,78,42,83,37,64
491,418,212,74,258,101,511,131,170,206,439,597,933,322,270,306,355,879,495,65,287,550,299,219,366,126,329,235,261,641,821,1452,315,492,119,553,469,99,250,543,351,108,382,173,426,514,314,553,193,322
106,112,52,15,101,10,104,32,39,39,94,116,203,75,51,79,78,186,135,12,66,123,76,51,83,24,72,58,56,136,152,301,75,107,30,117,108,17,51,121,77,24,96,36,91,103,65,124,44,76
462,427,203,82,511,104,262,159,152,185,435,539,912,332,257,293,356,922,501,56,266,491,288,199,347,146,357,226,226,620,716,1359,279,490,115,531,461,78,250,485,284,106,386,164,411,425,321,515,190,335
169,145,72,25,131,32,159,14,53,66,124,149,264,97,73,96,99,265,147,18,83,136,98,69,110,49,108,75,77,194,229,429,86,128,42,150,142,20,70,155,84,27,111,65,144,134,97,171,68,120
181,123,66,32,170,39,152,53,30,64,143,202,312,91,87,99,118,283,175,24,74,166,85,68,102,40,95,76,75,210,236,455,77,150,22,198,164,29,73,156,94,35,147,69,116,154,94,185,57,111
240,164,89,36,206,39,185,66,64,38,171,221,357,149,127,138,137,334,188,24,134,192,144,79,147,47,140,114,103,238,281,555,105,170,57,227,184,43,98,177,124,47,138,77,169,170,143,221,88,151
448,368,149,70,439,94,435,124,143,171,202,475,764,301,230,261,310,704,434,57,237,427,267,185,287,104,288,225,228,534,615,1171,217,408,100,482,398,79,218,423,289,90,311,169,358,382,281,447,168,319
528,477,223,110,597,116,539,149,202,221,475,324,1020,317,295,300,411,1072,581,57,309,596,312,217,343,125,350,287,302,689,893,1695,347,524,139,640,528,101,278,650,377,122,444,212,442,565,336,615,224,343
857,823,378,156,933,203,912,264,312,357,764,1020,865,569,459,499,618,1542,973,122,515,969,506,355,605,234,635,448,468,1201,1432,2566,489,887,194,959,861,142,474,1024,611,195,678,347,704,884,547,991,336,565
396,304,131,63,322,75,332,97,91,149,301,317,569,115,172,189,237,560,332,37,185,324,217,124,228,86,235,164,169,406,519,917,194,322,88,348,299,55,151,349,205,73,259,122,266,302,205,323,133,250
308,202,105,45,270,51,257,73,87,127,230,295,459,172,63,132,193,462,272,28,146,266,160,123,183,51,179,106,141,312,374,765,149,264,58,275,284,48,132,274,160,62,193,97,236,217,162,261,94,208
366,217,110,57,306,79,293,96,99,138,261,300,499,189,132,82,194,492,294,36,133,322,167,134,196,63,171,116,138,337,411,801,151,281,71,307,307,41,157,307,162,49,199,106,248,260,187,290,109,218
350,310,135,53,355,78,356,99,118,137,310,411,618,237,193,194,121,621,370,58,213,367,219,161,243,91,244,171,188,435,551,1004,192,348,89,373,310,64,176,393,255,65,293,153,317,326,217,360,139,255
863,773,347,145,879,186,922,265,283,334,704,1072,1542,560,462,492,621,866,935,103,502,955,501,341,594,218,626,430,451,1195,1418,2533,481,861,204,984,832,155,476,971,592,212,652,358,699,868,542,946,342,557
509,473,187,86,495,135,501,147,175,188,434,581,973,332,272,294,370,935,221,84,290,461,336,196,336,137,354,230,242,633,790,1436,294,495,120,509,513,84,258,528,321,98,376,206,398,486,301,562,193,334
98,65,28,15,65,12,56,18,24,24,57,57,122,37,28,36,58,103,84,0,30,80,39,22,38,13,39,25,35,65,109,197,24,54,17,72,63,7,34,74,47,15,49,24,48,57,29,69,30,43
323,247,120,49,287,66,266,83,74,134,237,309,515,185,146,133,213,502,290,30,73,281,154,120,197,75,179,133,142,319,429,808,166,241,54,281,258,45,139,322,203,53,196,89,209,241,174,310,108,187
529,451,214,86,550,123,491,136,166,192,427,596,969,324,266,322,367,955,461,80,281,274,290,210,354,144,388,235,262,642,800,1439,289,486,135,542,497,80,243,542,296,105,367,205,428,487,315,531,199,321
354,240,127,58,299,76,288,98,85,144,267,312,506,217,160,167,219,501,336,39,154,290,91,126,216,67,177,154,163,375,438,826,172,296,62,333,280,34,121,309,195,61,230,111,254,244,185,287,109,218
210,191,90,43,219,51,199,69,68,79,185,217,355,124,123,134,161,341,196,22,120,210,126,48,131,58,147,89,92,236,308,560,109,202,52,232,191,33,106,224,124,49,136,73,159,175,126,212,70,147
386,289,125,71,366,83,347,110,102,147,287,343,605,228,183,196,243,594,336,38,197,354,216,131,107,73,215,179,168,409,508,931,192,321,77,337,319,67,179,330,223,76,272,113,253,303,200,335,134,240
170,98,48,21,126,24,146,49,40,47,104,125,234,86,51,63,91,218,137,13,75,144,67,58,73,17,83,51,64,159,190,363,66,119,30,152,139,13,71,140,83,31,109,53,115,119,82,132,47,71
381,273,112,56,329,72,357,108,95,140,288,350,635,235,179,171,244,626,354,39,179,388,177,147,215,83,114,138,167,423,509,974,179,306,79,351,354,36,186,348,233,75,261,138,284,285,220,376,133,216
272,205,86,42,235,58,226,75,76,114,225,287,448,164,106,116,171,430,230,25,133,235,154,89,179,51,138,56,114,260,347,674,122,223,51,234,228,42,113,241,131,54,167,69,181,220,137,251,104,172
298,178,111,39,261,56,226,77,75,103,228,302,468,169,141,138,188,451,242,35,142,262,163,92,168,64,167,114,68,306,394,686,128,231,56,243,229,45,130,257,173,50,205,90,204,221,147,274,98,191
644,524,225,100,641,136,620,194,210,238,534,689,1201,406,312,337,435,1195,633,65,319,642,375,236,409,159,423,260,306,413,1036,1862,343,576,141,648,580,108,313,662,436,131,508,260,501,603,396,697,242,389
727,637,314,114,821,152,716,229,236,281,615,893,1432,519,374,411,551,1418,790,109,429,800,438,308,508,190,509,347,394,1036,609,2136,430,698,169,861,703,143,346,814,485,138,559,283,606,710,503,833,290,504
1194,1222,605,241,1452,301,1359,429,455,555,1171,1695,2566,917,765,801,1004,2533,1436,197,808,1439,826,560,931,363,974,674,686,1862,2136,1949,757,1385,334,1478,1265,242,719,1527,989,318,1027,548,1095,1351,875,1456,522,951
251,211,119,48,315,75,279,86,77,105,217,347,489,194,149,151,192,481,294,24,166,289,172,109,192,66,179,122,128,343,430,757,63,267,69,292,230,52,131,286,190,60,200,94,224,251,181,312,101,179
500,420,189,91,492,107,490,128,150,170,408,524,887,322,264,281,348,861,495,54,241,486,296,202,321,119,306,223,231,576,698,1385,267,225,120,448,426,87,245,452,291,91,348,173,378,421,291,499,186,308
103,108,43,25,119,30,115,42,22,57,100,139,194,88,58,71,89,204,120,17,54,135,62,52,77,30,79,51,56,141,169,334,69,120,17,110,108,25,74,121,78,22,83,46,89,99,76,121,34,80
539,414,198,83,553,117,531,150,198,227,482,640,959,348,275,307,373,984,509,72,281,542,333,232,337,152,351,234,243,648,861,1478,292,448,110,269,524,95,242,586,337,81,415,227,408,524,302,592,203,369
483,408,194,83,469,108,461,142,164,184,398,528,861,299,284,307,310,832,513,63,258,497,280,191,319,139,354,228,229,580,703,1265,230,426,108,524,214,84,239,520,332,92,355,159,390,390,293,455,170,315
84,82,24,16,99,17,78,20,29,43,79,101,142,55,48,41,64,155,84,7,45,80,34,33,67,13,36,42,45,108,143,242,52,87,25,95,84,5,39,96,45,18,68,26,50,78,52,86,30,48
241,225,107,42,250,51,250,70,73,98,218,278,474,151,132,157,176,476,258,34,139,243,121,106,179,71,186,113,130,313,346,719,131,245,74,242,239,39,70,255,169,61,182,100,203,249,147,264,99,176
475,452,226,93,543,121,485,155,156,177,423,650,1024,349,274,307,393,971,528,74,322,542,309,224,330,140,348,241,257,662,814,1527,286,452,121,586,520,96,255,259,358,99,431,215,400,516,316,540,195,326
325,294,135,55,351,77,284,84,94,124,289,377,611,205,160,162,255,592,321,47,203,296,195,124,223,83,233,131,173,436,485,989,190,291,78,337,332,45,169,358,98,69,253,140,257,339,211,347,131,211
103,88,27,14,108,24,106,27,35,47,90,122,195,73,62,49,65,212,98,15,53,105,61,49,76,31,75,54,50,131,138,318,60,91,22,81,92,18,61,99,69,8,79,37,94,119,67,120,44,75
373,353,151,59,382,96,386,111,147,138,311,444,678,259,193,199,293,652,376,49,196,367,230,136,272,109,261,167,205,508,559,1027,200,348,83,415,355,68,182,431,253,79,143,168,311,354,239,369,142,260
199,166,78,25,173,36,164,65,69,77,169,212,347,122,97,106,153,358,206,24,89,205,111,73,113,53,138,69,90,260,283,548,94,173,46,227,159,26,100,215,140,37,168,32,153,181,127,202,71,129
451,353,156,71,426,91,411,144,116,169,358,442,704,266,236,248,317,699,398,48,209,428,254,159,253,115,284,181,204,501,606,1095,224,378,89,408,390,50,203,400,257,94,311,153,178,335,258,405,149,283
431,377,186,78,514,103,425,134,154,170,382,565,884,302,217,260,326,868,486,57,241,487,244,175,303,119,285,220,221,603,710,1351,251,421,99,524,390,78,249,516,339,119,354,181,335,214,274,478,167,296
328,260,126,42,314,65,321,97,94,143,281,336,547,205,162,187,217,542,301,29,174,315,185,126,200,82,220,137,147,396,503,875,181,291,76,302,293,52,147,316,211,67,239,127,258,274,75,343,108,232
532,489,200,83,553,124,515,171,185,221,447,615,991,323,261,290,360,946,562,69,310,531,287,212,335,132,376,251,274,697,833,1456,312,499,121,592,455,86,264,540,347,120,369,202,405,478,343,249,191,361
162,148,72,37,193,44,190,68,57,88,168,224,336,133,94,109,139,342,193,30,108,199,109,70,134,47,133,104,98,242,290,522,101,186,34,203,170,30,99,195,131,44,142,71,149,167,108,191,22,136
380,289,129,64,322,76,335,120,111,151,319,343,565,250,208,218,255,557,334,43,187,321,218,147,240,71,216,172,191,389,504,951,179,308,80,369,315,48,176,326,211,75,260,129,283,296,232,361,136,147
