240,493,213,89,476,106,486,220,158,220,446,491,776,353,329,361,369,803,492,66,333,509,326,233,394,181,370,272,286,611,715,1167,213,492,119,491,499,77,243,469,311,97,350,182,429,417,336,520,171,391
493,204,183,74,410,101,410,121,141,168,353,450,751,269,252,272,307,795,458,51,209,495,254,193,286,94,303,192,188,552,717,1241,256,432,101,469,393,77,215,463,273,80,327,165,369,432,259,484,169,298
213,183,37,44,194,49,185,55,60,79,163,238,368,138,97,120,138,365,206,20,93,188,99,61,91,50,118,101,102,241,317,581,105,169,68,204,196,22,87,203,131,36,172,73,146,196,97,192,73,137
89,74,44,6,82,18,82,33,30,34,60,97,154,56,48,61,67,152,80,10,58,88,40,36,43,21,68,51,46,125,124,227,39,85,18,90,69,10,43,83,68,19,55,28,56,82,53,81,33,56
476,410,194,82,257,118,525,159,180,204,440,590,906,349,302,311,341,870,530,67,281,559,333,226,356,133,334,225,273,593,749,1363,272,488,108,519,491,99,233,543,338,112,366,175,443,434,335,513,178,331
106,101,49,18,118,10,100,34,41,53,98,115,191,87,68,72,85,192,126,18,71,115,56,47,70,31,89,56,58,162,142,268,52,106,26,123,89,21,57,99,77,27,70,35,88,98,66,99,35,83
486,410,185,82,525,100,206,153,147,190,428,519,854,336,271,280,332,839,467,56,260,488,274,194,345,143,361,227,239,606,711,1350,273,434,102,519,445,72,234,513,311,89,369,153,363,437,321,471,175,339
220,121,55,33,159,34,153,28,56,79,131,178,282,101,71,81,136,286,153,10,91,159,88,71,102,38,107,64,75,171,260,434,82,139,38,157,153,25,78,158,100,33,123,54,137,128,97,171,54,104
158,141,60,30,180,41,147,56,31,78,156,178,288,103,86,101,125,285,162,32,90,161,100,74,106,41,101,78,80,193,264,446,83,146,37,177,159,35,75,153,100,22,123,52,138,142,109,155,59,118
220,168,79,34,204,53,190,79,78,39,164,228,352,155,125,133,145,371,219,26,110,189,109,77,136,59,138,97,90,240,293,587,100,203,47,191,196,37,116,204,132,55,150,73,176,172,142,218,84,144
446,353,163,60,440,98,428,131,156,164,187,477,775,296,253,257,319,780,461,60,212,425,234,182,307,112,291,197,200,507,643,1196,238,394,105,468,387,84,230,426,262,89,309,150,370,370,276,452,169,281
491,450,238,97,590,115,519,178,178,228,477,314,1009,349,317,328,402,999,546,64,296,510,334,221,345,147,368,235,279,666,854,1460,286,523,141,557,508,108,270,620,351,108,464,202,417,500,359,546,199,387
776,751,368,154,906,191,854,282,288,352,775,1009,820,593,501,529,662,1478,860,122,503,921,531,377,621,274,656,453,475,1118,1351,2384,498,873,208,944,843,167,449,921,551,175,690,326,747,851,572,923,340,613
353,269,138,56,349,87,336,101,103,155,296,349,593,120,192,190,264,582,323,31,159,320,170,137,237,93,208,171,180,394,486,991,196,319,75,358,327,46,176,368,212,67,240,117,295,313,203,332,138,234
329,252,97,48,302,68,271,71,86,125,253,317,501,192,58,115,183,482,285,27,141,284,177,109,176,50,163,130,131,340,384,724,125,242,64,263,256,50,129,261,150,55,221,84,218,260,159,281,89,174
361,272,120,61,311,72,280,81,101,133,257,328,529,190,115,68,208,529,287,29,157,337,171,115,197,72,191,118,146,323,474,824,164,268,62,290,270,49,143,313,166,60,226,86,259,255,181,287,90,200
369,307,138,67,341,85,332,136,125,145,319,402,662,264,183,208,134,679,365,40,211,378,236,141,238,104,235,152,204,456,507,957,190,346,75,370,347,64,180,347,236,74,264,126,292,327,220,360,132,265
803,795,365,152,870,192,839,286,285,371,780,999,1478,582,482,529,679,776,918,127,511,979,548,350,629,245,641,424,480,1088,1331,2380,476,847,204,950,821,157,478,876,537,189,654,335,742,827,566,953,315,608
492,458,206,80,530,126,467,153,162,219,461,546,860,323,285,287,365,918,245,57,271,465,348,203,359,125,337,229,258,645,785,1453,285,523,99,510,452,84,241,580,322,111,385,182,409,450,330,535,197,337
66,51,20,10,67,18,56,10,32,26,60,64,122,31,27,29,40,127,57,6,34,55,28,28,42,12,31,29,37,83,97,172,33,54,19,56,49,13,34,67,39,12,36,26,51,59,31,79,19,43
333,209,93,58,281,71,260,91,90,110,212,296,503,159,141,157,211,511,271,34,75,296,145,96,170,75,194,118,132,346,405,763,131,249,70,268,258,43,141,267,161,66,222,89,223,255,185,250,114,181
509,495,188,88,559,115,488,159,161,189,425,510,921,320,284,337,378,979,465,55,296,249,315,209,338,134,323,236,281,622,714,1444,285,501,105,527,500,108,272,556,315,100,383,179,401,480,317,512,178,352
326,254,99,40,333,56,274,88,100,109,234,334,531,170,177,171,236,548,348,28,145,315,86,116,210,77,185,145,148,376,459,779,157,279,66,327,282,43,140,327,201,61,231,125,232,283,192,317,114,195
233,193,61,36,226,47,194,71,74,77,182,221,377,137,109,115,141,350,203,28,96,209,116,48,152,56,151,84,95,256,332,573,117,179,48,227,178,27,95,236,142,31,145,80,163,187,117,218,76,135
394,286,91,43,356,70,345,102,106,136,307,345,621,237,176,197,238,629,359,42,170,338,210,152,113,91,212,151,163,420,504,949,177,315,75,328,312,55,175,370,204,75,257,134,256,287,207,355,122,241
181,94,50,21,133,31,143,38,41,59,112,147,274,93,50,72,104,245,125,12,75,134,77,56,91,17,74,58,57,146,202,370,60,140,29,127,140,12,75,128,82,27,90,50,102,120,69,149,55,81
370,303,118,68,334,89,361,107,101,138,291,368,656,208,163,191,235,641,337,31,194,323,185,151,212,74,108,145,160,396,534,967,201,308,62,332,326,51,164,389,217,72,259,129,275,332,186,346,136,213
272,192,101,51,225,56,227,64,78,97,197,235,453,171,130,118,152,424,229,29,118,236,145,84,151,58,145,66,122,262,335,675,116,218,45,223,226,44,119,245,150,42,169,84,163,228,162,265,86,154
286,188,102,46,273,58,239,75,80,90,200,279,475,180,131,146,204,480,258,37,132,281,148,95,163,57,160,122,64,297,393,714,125,235,53,282,223,41,125,261,157,44,207,88,191,235,141,264,92,171
611,552,241,125,593,162,606,171,193,240,507,666,1118,394,340,323,456,1088,645,83,346,622,376,256,420,146,396,262,297,393,935,1769,325,638,157,646,579,94,287,672,394,121,477,217,460,575,368,651,242,428
715,717,317,124,749,142,711,260,264,293,643,854,1351,486,384,474,507,1331,785,97,405,714,459,332,504,202,534,335,393,935,564,2098,399,707,155,798,730,125,388,784,488,141,587,279,597,699,496,752,277,526
1167,1241,581,227,1363,268,1350,434,446,587,1196,1460,2384,991,724,824,957,2380,1453,172,763,1444,779,573,949,370,967,675,714,1769,2098,1901,727,1308,318,1530,1254,225,737,1459,900,273,1043,538,1141,1294,890,1444,490,944
213,256,105,39,272,52,273,82,83,100,238,286,498,196,125,164,190,476,285,33,131,285,157,117,177,60,201,116,125,325,399,727,73,251,68,292,267,41,141,303,172,58,203,111,211,250,166,309,93,193
492,432,169,85,488,106,434,139,146,203,394,523,873,319,242,268,346,847,523,54,249,501,279,179,315,140,308,218,235,638,707,1308,251,183,121,459,428,85,227,513,319,102,292,185,351,428,324,458,174,276
119,101,68,18,108,26,102,38,37,47,105,141,208,75,64,62,75,204,99,19,70,105,66,48,75,29,62,45,53,157,155,318,68,121,14,132,115,22,65,126,70,15,88,32,104,109,62,113,40,74
491,469,204,90,519,123,519,157,177,191,468,557,944,358,263,290,370,950,510,56,268,527,327,227,328,127,332,223,282,646,798,1530,292,459,132,269,479,92,273,559,369,108,397,202,403,466,333,519,196,372
499,393,196,69,491,89,445,153,159,196,387,508,843,327,256,270,347,821,452,49,258,500,282,178,312,140,326,226,223,579,730,1254,267,428,115,479,206,80,231,531,326,81,343,168,419,442,354,500,175,304
77,77,22,10,99,21,72,25,35,37,84,108,167,46,50,49,64,157,84,13,43,108,43,27,55,12,51,44,41,94,125,225,41,85,22,92,80,9,41,86,56,18,66,32,66,85,46,79,34,59
243,215,87,43,233,57,234,78,75,116,230,270,449,176,129,143,180,478,241,34,141,272,140,95,175,75,164,119,125,287,388,737,141,227,65,273,231,41,73,244,153,49,206,93,205,236,150,267,78,197
469,463,203,83,543,99,513,158,153,204,426,620,921,368,261,313,347,876,580,67,267,556,327,236,370,128,389,245,261,672,784,1459,303,513,126,559,531,86,244,254,310,108,380,188,458,490,345,540,196,352
311,273,131,68,338,77,311,100,100,132,262,351,551,212,150,166,236,537,322,39,161,315,201,142,204,82,217,150,157,394,488,900,172,319,70,369,326,56,153,310,98,77,257,114,263,300,186,349,109,207
97,80,36,19,112,27,89,33,22,55,89,108,175,67,55,60,74,189,111,12,66,100,61,31,75,27,72,42,44,121,141,273,58,102,15,108,81,18,49,108,77,10,74,29,70,88,60,103,23,62
350,327,172,55,366,70,369,123,123,150,309,464,690,240,221,226,264,654,385,36,222,383,231,145,257,90,259,169,207,477,587,1043,203,292,88,397,343,66,206,380,257,74,129,126,313,353,255,383,135,252
182,165,73,28,175,35,153,54,52,73,150,202,326,117,84,86,126,335,182,26,89,179,125,80,134,50,129,84,88,217,279,538,111,185,32,202,168,32,93,188,114,29,126,32,144,174,106,191,53,119
429,369,146,56,443,88,363,137,138,176,370,417,747,295,218,259,292,742,409,51,223,401,232,163,256,102,275,163,191,460,597,1141,211,351,104,403,419,66,205,458,263,70,313,144,165,383,250,413,147,291
417,432,196,82,434,98,437,128,142,172,370,500,851,313,260,255,327,827,450,59,255,480,283,187,287,120,332,228,235,575,699,1294,250,428,109,466,442,85,236,490,300,88,353,174,383,200,261,534,175,295
336,259,97,53,335,66,321,97,109,142,276,359,572,203,159,181,220,566,330,31,185,317,192,117,207,69,186,162,141,368,496,890,166,324,62,333,354,46,150,345,186,60,255,106,250,261,110,350,121,227
520,484,192,81,513,99,471,171,155,218,452,546,923,332,281,287,360,953,535,79,250,512,317,218,355,149,346,265,264,651,752,1444,309,458,113,519,500,79,267,540,349,103,383,191,413,534,350,212,178,358
171,169,73,33,178,35,175,54,59,84,169,199,340,138,89,90,132,315,197,19,114,178,114,76,122,55,136,86,92,242,277,490,93,174,40,196,175,34,78,196,109,23,135,53,147,175,121,178,27,130
391,298,137,56,331,83,339,104,118,144,281,387,613,234,174,200,265,608,337,43,181,352,195,135,241,81,213,154,171,428,526,944,193,276,74,372,304,59,197,352,207,62,252,119,291,295,227,358,130,110
