277,461,194,94,502,122,499,163,179,273,448,494,872,341,303,340,410,849,519,68,291,526,326,222,386,157,379,279,306,601,721,1172,229,510,112,522,473,81,275,519,343,103,379,178,444,453,337,504,168,360
461,197,166,96,437,97,447,138,152,175,372,474,802,270,220,251,319,807,420,46,202,465,270,188,252,124,275,215,202,583,694,1264,246,413,89,493,414,67,249,481,299,84,345,175,325,402,253,488,160,296
194,166,45,46,190,54,202,63,77,78,162,247,366,121,100,98,142,386,206,30,110,209,113,93,122,44,123,92,87,257,329,551,105,169,49,219,202,31,111,230,134,35,180,67,160,170,109,214,89,114
94,96,46,9,79,18,86,32,29,46,78,84,149,66,48,61,63,149,93,12,56,82,52,39,68,32,71,38,50,121,129,212,42,87,22,103,90,16,43,75,48,15,56,27,72,85,56,99,33,58
502,437,190,79,251,110,493,157,190,215,429,546,917,340,269,297,360,909,521,62,258,506,298,192,327,140,356,230,230,656,782,1495,300,464,109,522,468,96,270,535,313,116,389,215,416,462,333,550,201,344
122,97,54,18,110,9,113,39,42,44,106,126,197,68,61,72,70,190,109,15,73,105,72,50,71,40,80,64,69,159,156,301,53,113,27,143,107,20,53,115,70,22,85,46,77,91,61,125,39,82
499,447,202,86,493,113,258,164,154,209,419,546,913,314,262,278,363,917,492,67,280,499,291,218,335,133,324,244,258,627,747,1357,265,451,132,560,473,89,235,490,335,105,340,187,418,431,322,499,188,329
163,138,63,32,157,39,164,15,49,70,145,169,269,108,82,87,114,262,176,18,76,178,102,65,108,41,110,79,95,170,256,433,86,141,34,149,147,21,60,178,101,21,128,61,134,137,98,164,62,108
179,152,77,29,190,42,154,49,25,64,135,181,276,110,89,92,129,293,176,22,90,150,96,55,118,50,111,65,90,195,227,460,98,161,38,168,146,26,83,178,109,35,134,74,130,145,111,153,57,104
273,175,78,46,215,44,209,70,64,43,149,209,371,161,119,126,160,383,213,22,114,222,135,87,114,63,152,113,98,262,302,553,102,199,38,217,207,39,102,207,149,45,163,77,185,177,149,197,80,144
448,372,162,78,429,106,419,145,135,149,177,431,769,285,235,255,327,773,420,45,231,417,271,156,271,121,289,212,209,536,641,1206,208,429,92,469,424,69,202,454,289,94,320,160,342,411,278,430,174,301
494,474,247,84,546,126,546,169,181,209,431,313,1046,338,267,297,437,1044,526,64,308,503,323,198,370,157,370,268,253,711,872,1578,297,535,101,597,529,95,304,619,391,120,401,224,449,498,331,589,219,363
872,802,366,149,917,197,913,269,276,371,769,1046,844,590,456,523,663,1424,938,131,511,972,497,352,575,233,630,399,480,1131,1379,2513,476,854,206,985,802,155,499,1017,603,204,689,374,732,858,589,1002,318,667
341,270,121,66,340,68,314,108,110,161,285,338,590,122,174,183,214,606,306,52,166,324,190,132,193,94,221,166,170,402,512,967,185,278,76,298,295,71,175,331,202,58,229,131,274,327,220,323,138,223
303,220,100,48,269,61,262,82,89,119,235,267,456,174,84,144,173,476,254,35,152,283,170,89,205,70,186,118,145,281,418,770,150,255,68,261,293,42,136,277,186,45,214,113,200,244,183,289,119,199
340,251,98,61,297,72,278,87,92,126,255,297,523,183,144,84,194,553,298,36,165,303,181,112,179,72,192,137,138,342,457,807,158,253,75,299,278,48,145,310,199,51,216,116,238,252,198,300,101,209
410,319,142,63,360,70,363,114,129,160,327,437,663,214,173,194,134,655,367,38,181,369,196,155,229,101,266,182,204,474,546,1048,190,336,78,349,304,76,187,410,272,81,293,146,279,318,227,358,109,229
849,807,386,149,909,190,917,262,293,383,773,1044,1424,606,476,553,655,835,960,125,485,916,532,360,597,225,618,409,468,1152,1375,2430,486,846,230,1007,862,150,506,1021,578,196,688,360,773,869,594,987,309,651
519,420,206,93,521,109,492,176,176,213,420,526,938,306,254,298,367,960,252,69,268,487,283,200,354,131,327,241,236,681,764,1405,289,462,122,536,468,74,252,571,322,95,405,195,430,434,334,554,183,359
68,46,30,12,62,15,67,18,22,22,45,64,131,52,35,36,38,125,69,3,32,68,45,20,42,22,52,33,27,89,119,193,43,69,21,72,49,8,31,65,40,13,61,26,48,64,34,66,34,57
291,202,110,56,258,73,280,76,90,114,231,308,511,166,152,165,181,485,268,32,75,284,152,93,179,63,171,135,164,357,438,756,165,273,59,264,292,54,122,307,198,48,201,95,218,252,170,263,100,176
526,465,209,82,506,105,499,178,150,222,417,503,972,324,283,303,369,916,487,68,284,258,308,196,367,137,356,260,248,661,760,1451,295,455,113,560,472,102,260,569,309,90,386,207,422,488,307,554,178,370
326,270,113,52,298,72,291,102,96,135,271,323,497,190,170,181,196,532,283,45,152,308,91,110,195,85,215,135,162,364,485,844,142,282,62,297,283,46,137,310,213,57,249,112,216,284,155,310,118,242
222,188,93,39,192,50,218,65,55,87,156,198,352,132,89,112,155,360,200,20,93,196,110,27,117,45,117,100,93,265,296,509,102,187,39,215,179,42,99,217,141,37,150,65,139,192,126,218,73,139
386,252,122,68,327,71,335,108,118,114,271,370,575,193,205,179,229,597,354,42,179,367,195,117,120,80,218,155,172,430,525,970,176,295,78,358,331,52,167,358,249,68,259,140,263,323,202,348,147,226
157,124,44,32,140,40,133,41,50,63,121,157,233,94,70,72,101,225,131,22,63,137,85,45,80,20,73,57,56,151,207,337,85,112,34,128,108,16,57,127,81,24,103,43,104,113,81,142,45,92
379,275,123,71,356,80,324,110,111,152,289,370,630,221,186,192,266,618,327,52,171,356,215,117,218,73,103,167,150,416,514,936,204,314,74,364,302,64,179,378,246,70,263,109,245,309,199,361,121,227
279,215,92,38,230,64,244,79,65,113,212,268,399,166,118,137,182,409,241,33,135,260,135,100,155,57,167,47,125,308,351,637,125,201,49,204,245,37,126,238,142,44,169,85,205,198,141,244,94,186
306,202,87,50,230,69,258,95,90,98,209,253,480,170,145,138,204,468,236,27,164,248,162,93,172,56,150,125,59,331,376,739,158,210,61,255,219,40,125,257,150,48,214,72,208,250,161,294,125,151
601,583,257,121,656,159,627,170,195,262,536,711,1131,402,281,342,474,1152,681,89,357,661,364,265,430,151,416,308,331,418,1018,1819,351,611,167,685,610,117,319,711,386,120,473,226,543,588,383,670,259,426
721,694,329,129,782,156,747,256,227,302,641,872,1379,512,418,457,546,1375,764,119,438,760,485,296,525,207,514,351,376,1018,583,2130,421,690,203,820,720,128,388,852,513,158,585,289,590,688,453,812,276,527
1172,1264,551,212,1495,301,1357,433,460,553,1206,1578,2513,967,770,807,1048,2430,1405,193,756,1451,844,509,970,337,936,637,739,1819,2130,1904,745,1337,336,1534,1259,274,761,1497,936,290,1018,586,1139,1348,874,1480,519,964
229,246,105,42,300,53,265,86,98,102,208,297,476,185,150,158,190,486,289,43,165,295,142,102,176,85,204,125,158,351,421,745,68,250,59,291,271,51,145,310,210,52,195,123,209,253,169,279,88,176
510,413,169,87,464,113,451,141,161,199,429,535,854,278,255,253,336,846,462,69,273,455,282,187,295,112,314,201,210,611,690,1337,250,226,105,478,464,81,238,474,296,97,326,185,369,418,259,467,197,335
112,89,49,22,109,27,132,34,38,38,92,101,206,76,68,75,78,230,122,21,59,113,62,39,78,34,74,49,61,167,203,336,59,105,11,143,107,19,61,144,80,14,81,50,90,122,75,122,44,77
522,493,219,103,522,143,560,149,168,217,469,597,985,298,261,299,349,1007,536,72,264,560,297,215,358,128,364,204,255,685,820,1534,291,478,143,264,510,68,268,617,364,99,423,202,410,528,323,555,207,357
473,414,202,90,468,107,473,147,146,207,424,529,802,295,293,278,304,862,468,49,292,472,283,179,331,108,302,245,219,610,720,1259,271,464,107,510,208,83,219,478,325,89,352,184,400,446,295,497,185,328
81,67,31,16,96,20,89,21,26,39,69,95,155,71,42,48,76,150,74,8,54,102,46,42,52,16,64,37,40,117,128,274,51,81,19,68,83,10,43,96,60,19,70,28,72,91,54,92,39,48
275,249,111,43,270,53,235,60,83,102,202,304,499,175,136,145,187,506,252,31,122,260,137,99,167,57,179,126,125,319,388,761,145,238,61,268,219,43,55,266,184,44,204,105,193,218,173,253,93,190
519,481,230,75,535,115,490,178,178,207,454,619,1017,331,277,310,410,1021,571,65,307,569,310,217,358,127,378,238,257,711,852,1497,310,474,144,617,478,96,266,309,352,109,403,227,450,484,389,568,214,367
343,299,134,48,313,70,335,101,109,149,289,391,603,202,186,199,272,578,322,40,198,309,213,141,249,81,246,142,150,386,513,936,210,296,80,364,325,60,184,352,112,54,277,116,307,289,214,358,137,249
103,84,35,15,116,22,105,21,35,45,94,120,204,58,45,51,81,196,95,13,48,90,57,37,68,24,70,44,48,120,158,290,52,97,14,99,89,19,44,109,54,11,81,33,86,98,64,108,33,64
379,345,180,56,389,85,340,128,134,163,320,401,689,229,214,216,293,688,405,61,201,386,249,150,259,103,263,169,214,473,585,1018,195,326,81,423,352,70,204,403,277,81,155,147,324,343,255,395,132,274
178,175,67,27,215,46,187,61,74,77,160,224,374,131,113,116,146,360,195,26,95,207,112,65,140,43,109,85,72,226,289,586,123,185,50,202,184,28,105,227,116,33,147,39,167,163,131,199,100,97
444,325,160,72,416,77,418,134,130,185,342,449,732,274,200,238,279,773,430,48,218,422,216,139,263,104,245,205,208,543,590,1139,209,369,90,410,400,72,193,450,307,86,324,167,173,384,247,405,169,297
453,402,170,85,462,91,431,137,145,177,411,498,858,327,244,252,318,869,434,64,252,488,284,192,323,113,309,198,250,588,688,1348,253,418,122,528,446,91,218,484,289,98,343,163,384,200,321,474,175,310
337,253,109,56,333,61,322,98,111,149,278,331,589,220,183,198,227,594,334,34,170,307,155,126,202,81,199,141,161,383,453,874,169,259,75,323,295,54,173,389,214,64,255,131,247,321,127,333,137,221
504,488,214,99,550,125,499,164,153,197,430,589,1002,323,289,300,358,987,554,66,263,554,310,218,348,142,361,244,294,670,812,1480,279,467,122,555,497,92,253,568,358,108,395,199,405,474,333,263,180,348
168,160,89,33,201,39,188,62,57,80,174,219,318,138,119,101,109,309,183,34,100,178,118,73,147,45,121,94,125,259,276,519,88,197,44,207,185,39,93,214,137,33,132,100,169,175,137,180,42,147
360,296,114,58,344,82,329,108,104,144,301,363,667,223,199,209,229,651,359,57,176,370,242,139,226,92,227,186,151,426,527,964,176,335,77,357,328,48,190,367,249,64,274,97,297,310,221,348,147,108
