270,440,204,85,478,106,435,178,176,253,425,483,793,364,314,362,360,786,491,80,313,464,352,199,361,145,397,270,293,599,672,1162,231,461,101,524,485,77,247,469,330,125,352,173,405,409,334,508,156,376
440,176,176,64,448,91,438,154,145,158,357,496,792,266,256,229,299,819,426,45,206,467,271,187,314,113,269,193,206,525,641,1234,274,384,84,413,426,63,225,446,294,85,338,163,389,383,269,447,161,286
204,176,34,35,200,48,197,62,64,95,180,202,332,127,113,116,139,355,213,26,105,204,105,83,126,37,124,97,92,252,313,615,117,164,38,206,177,28,84,235,133,44,155,79,162,200,119,219,64,151
85,64,35,3,100,17,62,29,31,46,77,84,150,46,46,57,57,138,81,7,58,79,54,26,60,21,57,41,51,98,117,189,32,72,18,93,79,12,38,88,46,23,70,31,64,75,57,76,28,55
478,448,200,100,269,113,498,135,152,190,437,602,937,356,280,281,396,930,533,56,262,551,302,212,348,111,326,245,270,655,781,1499,279,493,104,583,470,83,226,532,321,91,380,200,424,467,315,541,182,350
106,91,48,17,113,10,96,46,33,57,77,110,190,58,69,75,67,200,109,10,76,98,66,44,79,23,67,47,64,125,158,288,60,91,18,125,111,22,46,100,65,18,81,40,91,117,81,97,39,89
435,438,197,62,498,96,197,151,156,209,425,576,871,283,253,258,361,851,460,56,282,481,280,183,333,120,309,241,259,644,690,1317,258,444,109,512,435,83,225,484,306,73,362,187,385,433,309,476,190,315
178,154,62,29,135,46,151,24,41,48,115,149,294,113,85,100,97,292,145,21,78,164,96,64,114,37,91,64,79,199,226,423,87,134,28,160,143,18,72,182,108,27,120,62,128,157,81,175,64,96
176,145,64,31,152,33,156,41,30,63,130,199,286,112,84,86,117,279,148,12,69,160,80,61,104,36,106,76,84,209,235,445,78,171,32,196,173,23,76,179,113,29,102,78,128,157,94,163,64,116
253,158,95,46,190,57,209,48,63,52,174,203,372,140,108,112,158,369,213,28,131,224,127,88,148,54,149,86,97,251,305,536,114,199,35,212,203,32,99,208,119,34,157,79,169,200,117,203,77,145
425,357,180,77,437,77,425,115,130,174,195,421,770,271,229,234,301,797,419,57,248,422,263,174,286,115,275,186,190,548,600,1105,238,402,99,448,401,72,194,441,280,83,334,142,359,406,271,392,170,293
483,496,202,84,602,110,576,149,199,203,421,322,1027,340,299,302,412,997,553,63,321,581,293,244,376,159,410,266,267,675,919,1589,309,514,118,602,516,97,287,595,392,108,395,201,445,534,321,614,211,386
793,792,332,150,937,190,871,294,286,372,770,1027,815,591,462,531,662,1427,931,103,490,965,580,389,577,228,617,409,474,1108,1374,2409,498,854,176,972,888,148,444,992,593,188,655,330,747,844,609,913,315,651
364,266,127,46,356,58,283,113,112,140,271,340,591,94,197,189,236,550,307,21,173,321,199,124,203,80,225,156,153,394,462,887,181,280,64,343,269,52,180,345,215,65,246,145,252,284,207,315,135,204
314,256,113,46,280,69,253,85,84,108,229,299,462,197,69,135,153,459,284,29,136,253,160,113,190,69,165,112,161,309,392,748,149,260,54,283,233,29,128,285,187,60,207,101,223,242,138,243,106,156
362,229,116,57,281,75,258,100,86,112,234,302,531,189,135,83,188,501,312,32,151,263,176,118,199,71,181,116,153,326,411,809,172,269,65,319,247,36,140,318,163,60,210,88,233,280,157,268,93,192
360,299,139,57,396,67,361,97,117,158,301,412,662,236,153,188,124,640,368,48,200,353,188,143,217,90,236,175,184,444,529,986,189,363,83,367,313,70,186,399,251,71,277,131,292,347,206,395,128,219
786,819,355,138,930,200,851,292,279,369,797,997,1427,550,459,501,640,757,897,103,488,895,591,348,604,247,660,396,494,1074,1332,2429,502,866,201,937,858,158,416,984,579,186,661,324,764,814,595,880,323,595
491,426,213,81,533,109,460,145,148,213,419,553,931,307,284,312,368,897,269,67,282,448,292,196,316,136,371,206,246,661,808,1443,276,442,107,529,424,80,271,540,340,100,397,193,370,490,295,566,175,340
80,45,26,7,56,10,56,21,12,28,57,63,103,21,29,32,48,103,67,4,36,56,39,24,29,16,31,20,29,57,85,192,38,59,14,69,51,12,38,64,40,10,47,19,32,57,31,53,22,48
313,206,105,58,262,76,282,78,69,131,248,321,490,173,136,151,200,488,282,36,62,283,147,109,189,74,179,129,136,342,410,824,144,276,66,302,274,48,138,277,181,59,197,108,220,231,158,290,118,187
464,467,204,79,551,98,481,164,160,224,422,581,965,321,253,263,353,895,448,56,283,243,295,199,328,143,381,238,284,602,763,1438,269,479,129,499,489,87,244,556,378,91,367,202,402,497,295,536,203,333
352,271,105,54,302,66,280,96,80,127,263,293,580,199,160,176,188,591,292,39,147,295,93,128,205,81,204,138,151,391,448,832,160,310,89,295,283,40,137,323,193,66,242,114,252,278,197,311,138,195
199,187,83,26,212,44,183,64,61,88,174,244,389,124,113,118,143,348,196,24,109,199,128,42,127,49,130,99,104,265,292,535,114,177,39,198,196,32,106,196,145,42,164,72,167,193,113,213,80,123
361,314,126,60,348,79,333,114,104,148,286,376,577,203,190,199,217,604,316,29,189,328,205,127,114,79,207,163,191,393,484,941,193,350,75,335,313,39,155,363,210,68,243,116,255,275,229,344,133,212
145,113,37,21,111,23,120,37,36,54,115,159,228,80,69,71,90,247,136,16,74,143,81,49,79,14,75,57,70,166,178,333,69,109,27,136,109,17,63,148,98,27,98,41,107,114,76,141,46,77
397,269,124,57,326,67,309,91,106,149,275,410,617,225,165,181,236,660,371,31,179,381,204,130,207,75,92,163,161,417,496,939,206,304,77,319,293,41,153,361,230,58,258,132,291,303,202,332,134,200
270,193,97,41,245,47,241,64,76,86,186,266,409,156,112,116,175,396,206,20,129,238,138,99,163,57,163,50,115,287,352,647,137,221,50,244,230,38,128,252,144,45,179,78,190,208,147,260,95,148
293,206,92,51,270,64,259,79,84,97,190,267,474,153,161,153,184,494,246,29,136,284,151,104,191,70,161,115,56,307,389,686,140,253,54,250,259,32,112,294,171,58,207,96,220,235,175,257,109,175
599,525,252,98,655,125,644,199,209,251,548,675,1108,394,309,326,444,1074,661,57,342,602,391,265,393,166,417,287,307,357,946,1801,356,597,135,655,613,107,297,692,415,119,498,265,520,558,404,676,214,443
672,641,313,117,781,158,690,226,235,305,600,919,1374,462,392,411,529,1332,808,85,410,763,448,292,484,178,496,352,389,946,555,2056,405,706,166,796,697,132,350,823,535,173,604,291,582,646,454,760,267,509
1162,1234,615,189,1499,288,1317,423,445,536,1105,1589,2409,887,748,809,986,2429,1443,192,824,1438,832,535,941,333,939,647,686,1801,2056,1880,749,1371,321,1499,1286,265,699,1467,919,315,1017,514,1126,1311,967,1389,482,918
231,274,117,32,279,60,258,87,78,114,238,309,498,181,149,172,189,502,276,38,144,269,160,114,193,69,206,137,140,356,405,749,74,276,62,290,247,34,130,283,160,65,190,115,243,257,176,274,103,194
461,384,164,72,493,91,444,134,171,199,402,514,854,280,260,269,363,866,442,59,276,479,310,177,350,109,304,221,253,597,706,1371,276,214,102,557,393,84,228,509,280,91,336,165,379,456,303,494,172,304
101,84,38,18,104,18,109,28,32,35,99,118,176,64,54,65,83,201,107,14,66,129,89,39,75,27,77,50,54,135,166,321,62,102,20,109,82,25,51,137,74,25,82,47,85,99,74,112,44,83
524,413,206,93,583,125,512,160,196,212,448,602,972,343,283,319,367,937,529,69,302,499,295,198,335,136,319,244,250,655,796,1499,290,557,109,258,449,75,255,617,373,98,415,198,387,452,335,569,203,328
485,426,177,79,470,111,435,143,173,203,401,516,888,269,233,247,313,858,424,51,274,489,283,196,313,109,293,230,259,613,697,1286,247,393,82,449,209,90,218,514,299,83,369,191,366,430,266,499,168,316
77,63,28,12,83,22,83,18,23,32,72,97,148,52,29,36,70,158,80,12,48,87,40,32,39,17,41,38,32,107,132,265,34,84,25,75,90,8,49,107,58,17,65,33,48,75,48,83,34,58
247,225,84,38,226,46,225,72,76,99,194,287,444,180,128,140,186,416,271,38,138,244,137,106,155,63,153,128,112,297,350,699,130,228,51,255,218,49,74,271,173,50,184,94,195,229,146,284,100,167
469,446,235,88,532,100,484,182,179,208,441,595,992,345,285,318,399,984,540,64,277,556,323,196,363,148,361,252,294,692,823,1467,283,509,137,617,514,107,271,290,359,100,421,214,440,509,363,545,181,351
330,294,133,46,321,65,306,108,113,119,280,392,593,215,187,163,251,579,340,40,181,378,193,145,210,98,230,144,171,415,535,919,160,280,74,373,299,58,173,359,112,65,268,118,255,321,197,336,111,219
125,85,44,23,91,18,73,27,29,34,83,108,188,65,60,60,71,186,100,10,59,91,66,42,68,27,58,45,58,119,173,315,65,91,25,98,83,17,50,100,65,6,68,33,67,84,59,89,42,79
352,338,155,70,380,81,362,120,102,157,334,395,655,246,207,210,277,661,397,47,197,367,242,164,243,98,258,179,207,498,604,1017,190,336,82,415,369,65,184,421,268,68,148,125,307,347,221,395,114,285
173,163,79,31,200,40,187,62,78,79,142,201,330,145,101,88,131,324,193,19,108,202,114,72,116,41,132,78,96,265,291,514,115,165,47,198,191,33,94,214,118,33,125,29,153,181,115,195,78,140
405,389,162,64,424,91,385,128,128,169,359,445,747,252,223,233,292,764,370,32,220,402,252,167,255,107,291,190,220,520,582,1126,243,379,85,387,366,48,195,440,255,67,307,153,177,369,249,407,157,259
409,383,200,75,467,117,433,157,157,200,406,534,844,284,242,280,347,814,490,57,231,497,278,193,275,114,303,208,235,558,646,1311,257,456,99,452,430,75,229,509,321,84,347,181,369,207,277,466,152,304
334,269,119,57,315,81,309,81,94,117,271,321,609,207,138,157,206,595,295,31,158,295,197,113,229,76,202,147,175,404,454,967,176,303,74,335,266,48,146,363,197,59,221,115,249,277,100,321,122,214
508,447,219,76,541,97,476,175,163,203,392,614,913,315,243,268,395,880,566,53,290,536,311,213,344,141,332,260,257,676,760,1389,274,494,112,569,499,83,284,545,336,89,395,195,407,466,321,285,200,365
156,161,64,28,182,39,190,64,64,77,170,211,315,135,106,93,128,323,175,22,118,203,138,80,133,46,134,95,109,214,267,482,103,172,44,203,168,34,100,181,111,42,114,78,157,152,122,200,27,122
376,286,151,55,350,89,315,96,116,145,293,386,651,204,156,192,219,595,340,48,187,333,195,123,212,77,200,148,175,443,509,918,194,304,83,328,316,58,167,351,219,79,285,140,259,304,214,365,122,96
