267,429,206,99,517,97,443,182,182,225,443,477,784,377,315,338,357,796,502,73,336,516,343,216,374,147,346,280,319,630,694,1162,225,483,105,468,455,89,226,458,332,96,381,176,423,449,352,478,144,386
429,178,153,75,449,97,396,125,141,184,374,479,787,273,213,245,314,763,452,51,250,467,270,154,272,103,264,199,216,559,682,1179,253,432,98,434,390,72,191,430,257,85,339,162,340,402,261,440,153,294
206,153,34,36,186,47,195,60,61,81,184,201,339,128,81,104,139,358,201,22,106,213,97,78,103,42,126,78,88,260,311,537,96,166,55,190,193,44,92,196,128,46,164,68,176,212,117,201,81,136
99,75,36,9,83,19,90,29,38,40,70,99,148,57,45,53,62,148,93,7,47,88,57,27,56,20,66,53,48,96,132,216,52,81,20,84,78,18,40,85,57,21,57,24,72,68,51,102,33,65
517,449,186,83,247,103,487,145,170,184,398,555,918,336,252,270,401,882,556,67,284,564,305,204,339,120,360,242,236,637,755,1335,273,456,124,537,439,82,255,516,340,96,393,192,402,445,326,526,184,321
97,97,47,19,103,8,96,36,42,44,95,111,202,80,64,59,78,186,135,11,78,118,71,37,64,23,73,62,63,131,181,277,58,107,29,118,98,17,41,104,62,27,66,39,83,108,63,119,39,86
443,396,195,90,487,96,251,148,142,217,416,572,898,321,232,274,337,874,508,59,288,514,312,181,321,124,321,243,274,631,693,1292,251,485,115,543,427,84,207,500,331,92,361,178,374,430,306,494,177,333
182,125,60,29,145,36,148,22,50,72,132,175,313,105,76,81,124,265,162,13,82,176,107,72,104,49,112,79,76,174,226,429,81,151,35,152,164,17,66,160,112,30,129,59,128,129,93,141,50,118
182,141,61,38,170,42,142,50,21,73,152,206,287,121,68,83,124,267,197,22,96,199,82,56,90,49,119,67,74,218,237,466,93,172,35,186,154,26,75,174,126,36,137,55,144,146,96,161,60,108
225,184,81,40,184,44,217,72,73,57,157,236,357,143,117,126,157,362,192,18,119,216,128,76,143,49,131,98,127,247,329,591,118,182,48,197,185,37,99,227,144,36,155,89,169,183,141,219,79,148
443,374,184,70,398,95,416,132,152,157,180,453,730,299,245,240,307,723,411,46,231,430,242,173,273,102,275,198,224,532,614,1105,206,362,101,398,411,71,203,421,271,106,301,171,359,383,268,418,152,299
477,479,201,99,555,111,572,175,206,236,453,320,978,362,262,297,406,965,529,70,322,555,341,218,362,146,388,255,265,670,869,1536,292,538,132,568,524,75,299,640,386,117,415,211,481,507,343,569,196,384
784,787,339,148,918,202,898,313,287,357,730,978,771,549,455,555,666,1386,891,93,533,908,519,336,608,247,647,429,449,1103,1312,2426,494,874,234,1008,843,145,487,962,569,186,708,385,744,860,566,949,300,584
377,273,128,57,336,80,321,105,121,143,299,362,549,97,164,181,232,534,331,43,196,340,206,121,221,96,237,160,159,391,491,831,171,292,80,332,328,62,161,339,211,85,233,123,264,273,179,354,115,246
315,213,81,45,252,64,232,76,68,117,245,262,455,164,68,138,192,464,290,33,153,284,152,110,191,68,182,122,114,315,406,721,127,238,71,273,261,42,126,277,175,56,220,94,204,264,152,275,95,170
338,245,104,53,270,59,274,81,83,126,240,297,555,181,138,87,238,539,322,34,160,309,182,119,199,67,188,131,123,369,438,831,171,257,78,302,285,32,130,308,189,64,241,109,232,291,179,308,112,205
357,314,139,62,401,78,337,124,124,157,307,406,666,232,192,238,124,632,351,48,194,375,242,157,283,101,262,172,199,486,518,962,201,363,81,383,362,55,178,390,265,81,302,141,284,332,250,377,135,215
796,763,358,148,882,186,874,265,267,362,723,965,1386,534,464,539,632,785,912,83,485,916,540,332,606,241,624,407,466,1098,1318,2407,496,875,237,994,820,148,447,955,578,179,711,325,706,835,578,920,300,567
502,452,201,93,556,135,508,162,197,192,411,529,891,331,290,322,351,912,266,59,306,483,318,183,345,127,334,240,281,670,752,1404,257,526,126,559,496,89,260,562,344,100,391,190,411,455,327,518,177,358
73,51,22,7,67,11,59,13,22,18,46,70,93,43,33,34,48,83,59,3,33,58,54,23,34,15,39,34,32,71,94,189,36,62,10,59,61,7,31,64,53,11,47,24,58,52,30,69,18,48
336,250,106,47,284,78,288,82,96,119,231,322,533,196,153,160,194,485,306,33,64,291,149,123,157,58,173,140,149,353,432,839,157,247,64,271,257,39,137,310,194,56,209,103,215,256,148,281,114,199
516,467,213,88,564,118,514,176,199,216,430,555,908,340,284,309,375,916,483,58,291,269,319,184,330,141,356,251,284,679,760,1357,278,479,119,547,475,106,252,534,339,119,359,200,439,455,339,538,183,353
343,270,97,57,305,71,312,107,82,128,242,341,519,206,152,182,242,540,318,54,149,319,94,125,195,67,205,147,153,396,476,841,158,280,84,320,277,44,167,335,200,67,245,115,246,257,192,327,116,218
216,154,78,27,204,37,181,72,56,76,173,218,336,121,110,119,157,332,183,23,123,184,125,44,131,47,119,85,98,229,292,559,109,172,49,221,156,43,96,194,135,41,142,67,160,187,130,183,76,130
374,272,103,56,339,64,321,104,90,143,273,362,608,221,191,199,283,606,345,34,157,330,195,131,106,78,211,156,163,400,544,896,178,333,79,368,253,48,174,339,218,72,241,134,253,309,222,359,122,237
147,103,42,20,120,23,124,49,49,49,102,146,247,96,68,67,101,241,127,15,58,141,67,47,78,21,72,52,39,164,194,341,74,137,44,136,134,16,59,137,69,17,100,51,112,129,83,131,44,75
346,264,126,66,360,73,321,112,119,131,275,388,647,237,182,188,262,624,334,39,173,356,205,119,211,72,108,152,135,418,548,953,194,333,103,351,311,58,172,330,200,58,257,139,275,300,218,370,129,243
280,199,78,53,242,62,243,79,67,98,198,255,429,160,122,131,172,407,240,34,140,251,147,85,156,52,152,55,101,307,368,654,112,258,55,264,239,39,140,259,167,48,183,110,184,222,151,256,97,151
319,216,88,48,236,63,274,76,74,127,224,265,449,159,114,123,199,466,281,32,149,284,153,98,163,39,135,101,64,301,422,682,157,234,56,269,227,31,130,265,157,46,198,90,198,261,153,280,99,169
630,559,260,96,637,131,631,174,218,247,532,670,1103,391,315,369,486,1098,670,71,353,679,396,229,400,164,418,307,301,403,979,1724,335,595,150,697,593,99,335,666,381,131,503,226,502,585,389,643,224,411
694,682,311,132,755,181,693,226,237,329,614,869,1312,491,406,438,518,1318,752,94,432,760,476,292,544,194,548,368,422,979,530,2123,384,714,174,804,675,119,368,789,502,146,579,285,605,668,490,799,279,522
1162,1179,537,216,1335,277,1292,429,466,591,1105,1536,2426,831,721,831,962,2407,1404,189,839,1357,841,559,896,341,953,654,682,1724,2123,1881,747,1291,309,1523,1266,256,659,1489,865,300,1009,555,1067,1226,844,1352,525,908
225,253,96,52,273,58,251,81,93,118,206,292,494,171,127,171,201,496,257,36,157,278,158,109,178,74,194,112,157,335,384,747,62,264,57,289,270,49,148,316,171,55,204,107,210,252,155,294,90,183
483,432,166,81,456,107,485,151,172,182,362,538,874,292,238,257,363,875,526,62,247,479,280,172,333,137,333,258,234,595,714,1291,264,216,110,472,428,81,224,498,304,101,370,173,375,413,309,462,189,323
105,98,55,20,124,29,115,35,35,48,101,132,234,80,71,78,81,237,126,10,64,119,84,49,79,44,103,55,56,150,174,309,57,110,17,107,104,15,60,127,72,28,83,56,105,102,87,112,42,102
468,434,190,84,537,118,543,152,186,197,398,568,1008,332,273,302,383,994,559,59,271,547,320,221,368,136,351,264,269,697,804,1523,289,472,107,264,501,97,260,520,341,114,402,191,420,493,358,596,190,328
455,390,193,78,439,98,427,164,154,185,411,524,843,328,261,285,362,820,496,61,257,475,277,156,253,134,311,239,227,593,675,1266,270,428,104,501,194,63,239,467,317,105,363,185,339,444,291,496,160,332
89,72,44,18,82,17,84,17,26,37,71,75,145,62,42,32,55,148,89,7,39,106,44,43,48,16,58,39,31,99,119,256,49,81,15,97,63,9,32,77,56,15,59,35,71,85,47,82,28,54
226,191,92,40,255,41,207,66,75,99,203,299,487,161,126,130,178,447,260,31,137,252,167,96,174,59,172,140,130,335,368,659,148,224,60,260,239,32,55,249,171,48,193,84,202,244,155,231,101,159
458,430,196,85,516,104,500,160,174,227,421,640,962,339,277,308,390,955,562,64,310,534,335,194,339,137,330,259,265,666,789,1489,316,498,127,520,467,77,249,284,332,107,434,199,416,479,335,567,203,313
332,257,128,57,340,62,331,112,126,144,271,386,569,211,175,189,265,578,344,53,194,339,200,135,218,69,200,167,157,381,502,865,171,304,72,341,317,56,171,332,112,65,246,125,254,281,208,347,116,225
96,85,46,21,96,27,92,30,36,36,106,117,186,85,56,64,81,179,100,11,56,119,67,41,72,17,58,48,46,131,146,300,55,101,28,114,105,15,48,107,65,14,70,32,76,100,67,101,40,83
381,339,164,57,393,66,361,129,137,155,301,415,708,233,220,241,302,711,391,47,209,359,245,142,241,100,257,183,198,503,579,1009,204,370,83,402,363,59,193,434,246,70,122,133,300,331,253,376,140,301
176,162,68,24,192,39,178,59,55,89,171,211,385,123,94,109,141,325,190,24,103,200,115,67,134,51,139,110,90,226,285,555,107,173,56,191,185,35,84,199,125,32,133,35,162,179,123,189,84,131
423,340,176,72,402,83,374,128,144,169,359,481,744,264,204,232,284,706,411,58,215,439,246,160,253,112,275,184,198,502,605,1067,210,375,105,420,339,71,202,416,254,76,300,162,159,360,257,431,148,292
449,402,212,68,445,108,430,129,146,183,383,507,860,273,264,291,332,835,455,52,256,455,257,187,309,129,300,222,261,585,668,1226,252,413,102,493,444,85,244,479,281,100,331,179,360,192,292,481,184,312
352,261,117,51,326,63,306,93,96,141,268,343,566,179,152,179,250,578,327,30,148,339,192,130,222,83,218,151,153,389,490,844,155,309,87,358,291,47,155,335,208,67,253,123,257,292,94,344,103,221
478,440,201,102,526,119,494,141,161,219,418,569,949,354,275,308,377,920,518,69,281,538,327,183,359,131,370,256,280,643,799,1352,294,462,112,596,496,82,231,567,347,101,376,189,431,481,344,249,187,378
144,153,81,33,184,39,177,50,60,79,152,196,300,115,95,112,135,300,177,18,114,183,116,76,122,44,129,97,99,224,279,525,90,189,42,190,160,28,101,203,116,40,140,84,148,184,103,187,32,132
386,294,136,65,321,86,333,118,108,148,299,384,584,246,170,205,215,567,358,48,199,353,218,130,237,75,243,151,169,411,522,908,183,323,102,328,332,54,159,313,225,83,301,131,292,312,221,378,132,116
