283,461,236,81,502,106,484,203,177,238,429,502,839,416,331,362,377,827,512,82,308,532,349,229,365,162,389,276,283,624,687,1188,254,479,102,525,498,98,262,461,310,108,352,169,468,490,325,483,166,346
461,186,186,62,385,113,430,117,142,198,370,497,831,264,191,250,322,818,456,49,225,450,237,155,274,97,249,200,198,527,682,1284,226,377,98,432,388,85,192,451,262,94,326,165,347,415,268,499,160,311
236,186,47,33,211,56,185,60,55,90,181,230,379,114,101,119,156,315,210,21,94,218,124,81,119,50,133,94,92,217,312,570,121,190,45,232,213,35,97,213,164,47,173,85,143,169,119,200,82,141
81,62,33,8,92,11,71,26,31,46,81,91,148,59,45,54,65,141,93,12,50,80,58,28,33,21,49,44,53,89,125,223,48,83,19,101,84,17,53,86,52,23,73,22,62,74,55,98,29,52
502,385,211,92,246,115,496,170,182,199,441,632,972,322,281,293,396,936,549,61,278,517,293,213,323,135,333,251,248,620,843,1481,291,482,123,545,490,83,266,571,323,99,394,178,393,461,331,524,177,348
106,113,56,11,115,9,99,41,36,61,95,124,188,76,71,81,83,184,122,17,81,114,72,51,71,24,79,64,64,124,158,279,62,105,31,131,93,23,69,121,70,26,102,31,95,96,82,125,38,77
484,430,185,71,496,99,242,137,174,223,411,551,918,311,252,267,352,909,493,64,277,464,270,197,322,114,310,214,238,621,751,1351,295,501,104,534,423,87,252,499,299,95,396,195,374,430,319,542,178,316
203,117,60,26,170,41,137,29,57,59,141,143,283,101,91,81,133,277,164,18,84,165,96,54,106,41,104,78,65,203,234,429,81,158,26,181,140,28,81,156,94,29,127,47,131,140,106,149,63,106
177,142,55,31,182,36,174,57,34,73,129,176,301,93,88,102,118,300,164,16,101,175,112,61,100,42,126,72,77,210,278,460,77,182,49,177,168,32,98,184,116,36,139,54,123,166,85,166,56,103
238,198,90,46,199,61,223,59,73,42,168,222,353,141,124,111,169,318,210,24,133,212,141,85,129,47,116,89,119,248,288,552,118,184,42,209,233,39,99,220,159,43,156,75,178,186,125,207,80,142
429,370,181,81,441,95,411,141,129,168,171,488,802,267,220,248,278,749,435,63,237,428,266,189,290,107,279,216,222,537,604,1135,224,378,105,428,417,74,213,409,295,85,342,141,346,382,272,436,176,267
502,497,230,91,632,124,551,143,176,222,488,295,1081,379,291,325,447,1102,572,70,300,589,305,218,360,131,360,281,280,729,859,1621,292,539,135,586,492,84,290,645,361,109,443,229,445,537,391,580,224,392
839,831,379,148,972,188,918,283,301,353,802,1081,794,572,473,516,627,1510,971,135,505,950,496,362,594,214,610,397,469,1123,1395,2551,517,853,199,989,834,165,471,964,591,192,706,344,717,853,568,984,343,639
416,264,114,59,322,76,311,101,93,141,267,379,572,87,195,189,251,585,322,44,175,331,190,126,197,79,215,136,178,402,465,899,191,317,76,339,303,55,155,323,213,59,291,127,241,305,208,334,104,216
331,191,101,45,281,71,252,91,88,124,220,291,473,195,62,120,197,490,269,31,143,307,140,105,172,69,188,120,110,321,416,767,163,262,54,298,271,37,150,294,186,57,202,102,225,232,187,292,107,211
362,250,119,54,293,81,267,81,102,111,248,325,516,189,120,73,201,526,299,33,155,308,150,106,169,69,175,114,119,324,414,839,176,282,73,288,295,43,134,286,173,59,232,108,229,256,175,300,121,207
377,322,156,65,396,83,352,133,118,169,278,447,627,251,197,201,159,629,373,48,189,354,229,162,242,114,243,156,165,497,528,987,168,391,101,373,366,54,208,380,246,78,270,125,300,357,223,344,146,235
827,818,315,141,936,184,909,277,300,318,749,1102,1510,585,490,526,629,778,950,139,484,953,558,364,636,210,622,400,451,1123,1408,2514,505,846,192,951,867,174,467,974,589,221,716,365,753,838,583,1008,348,627
512,456,210,93,549,122,493,164,164,210,435,572,971,322,269,299,373,950,286,71,269,492,284,205,354,151,370,238,259,629,743,1455,261,498,125,525,495,85,258,542,360,105,416,191,401,466,313,522,190,319
82,49,21,12,61,17,64,18,16,24,63,70,135,44,31,33,48,139,71,7,21,68,49,33,47,14,41,30,39,72,98,185,39,66,7,64,61,10,30,81,48,13,56,18,53,48,40,76,20,47
308,225,94,50,278,81,277,84,101,133,237,300,505,175,143,155,189,484,269,21,75,269,158,117,179,68,165,112,129,319,420,782,181,243,81,265,268,46,129,314,183,63,229,102,208,239,183,273,114,178
532,450,218,80,517,114,464,165,175,212,428,589,950,331,307,308,354,953,492,68,269,234,305,221,383,155,372,226,266,668,794,1451,286,482,115,572,486,89,273,546,367,105,414,194,401,450,329,505,184,329
349,237,124,58,293,72,270,96,112,141,266,305,496,190,140,150,229,558,284,49,158,305,102,122,214,80,201,140,135,386,464,811,170,294,61,314,282,49,152,309,186,68,215,105,240,278,190,304,111,206
229,155,81,28,213,51,197,54,61,85,189,218,362,126,105,106,162,364,205,33,117,221,122,34,138,45,123,92,111,254,306,558,105,183,44,212,162,32,92,191,111,31,146,75,146,186,136,216,69,130
365,274,119,33,323,71,322,106,100,129,290,360,594,197,172,169,242,636,354,47,179,383,214,138,139,86,216,139,162,411,502,939,187,332,74,350,315,49,164,377,213,73,244,123,286,316,229,374,142,215
162,97,50,21,135,24,114,41,42,47,107,131,214,79,69,69,114,210,151,14,68,155,80,45,86,18,76,62,63,143,188,358,63,117,33,137,122,26,55,148,83,21,111,48,94,109,80,138,50,81
389,249,133,49,333,79,310,104,126,116,279,360,610,215,188,175,243,622,370,41,165,372,201,123,216,76,116,162,166,421,487,974,207,297,76,356,303,59,157,354,209,78,237,127,265,334,207,367,136,218
276,200,94,44,251,64,214,78,72,89,216,281,397,136,120,114,156,400,238,30,112,226,140,92,139,62,162,52,115,293,336,650,107,217,61,212,242,35,109,248,173,41,209,79,179,233,130,266,95,148
283,198,92,53,248,64,238,65,77,119,222,280,469,178,110,119,165,451,259,39,129,266,135,111,162,63,166,115,66,313,398,691,140,250,64,271,252,38,117,263,161,53,199,100,195,230,160,256,106,176
624,527,217,89,620,124,621,203,210,248,537,729,1123,402,321,324,497,1123,629,72,319,668,386,254,411,143,421,293,313,401,1012,1844,345,552,142,640,556,109,324,702,416,116,482,259,505,571,391,651,222,412
687,682,312,125,843,158,751,234,278,288,604,859,1395,465,416,414,528,1408,743,98,420,794,464,306,502,188,487,336,398,1012,552,2104,428,722,189,817,688,135,365,762,501,163,560,280,585,664,486,724,283,516
1188,1284,570,223,1481,279,1351,429,460,552,1135,1621,2551,899,767,839,987,2514,1455,185,782,1451,811,558,939,358,974,650,691,1844,2104,1936,766,1306,345,1515,1245,243,710,1504,865,312,1072,506,1103,1292,962,1500,490,945
254,226,121,48,291,62,295,81,77,118,224,292,517,191,163,176,168,505,261,39,181,286,170,105,187,63,207,107,140,345,428,766,74,271,62,307,230,48,134,298,158,68,188,93,234,241,195,304,99,197
479,377,190,83,482,105,501,158,182,184,378,539,853,317,262,282,391,846,498,66,243,482,294,183,332,117,297,217,250,552,722,1306,271,228,126,511,410,85,301,480,306,123,344,183,399,445,339,516,178,319
102,98,45,19,123,31,104,26,49,42,105,135,199,76,54,73,101,192,125,7,81,115,61,44,74,33,76,61,64,142,189,345,62,126,18,125,97,20,51,119,80,27,102,51,89,113,79,131,45,77
525,432,232,101,545,131,534,181,177,209,428,586,989,339,298,288,373,951,525,64,265,572,314,212,350,137,356,212,271,640,817,1515,307,511,125,255,539,73,278,579,355,109,424,192,426,527,321,564,199,337
498,388,213,84,490,93,423,140,168,233,417,492,834,303,271,295,366,867,495,61,268,486,282,162,315,122,303,242,252,556,688,1245,230,410,97,539,204,86,239,452,324,91,357,180,381,434,310,494,166,344
98,85,35,17,83,23,87,28,32,39,74,84,165,55,37,43,54,174,85,10,46,89,49,32,49,26,59,35,38,109,135,243,48,85,20,73,86,6,43,97,52,21,74,23,69,74,57,91,37,54
262,192,97,53,266,69,252,81,98,99,213,290,471,155,150,134,208,467,258,30,129,273,152,92,164,55,157,109,117,324,365,710,134,301,51,278,239,43,70,275,154,68,175,94,208,239,149,228,88,171
461,451,213,86,571,121,499,156,184,220,409,645,964,323,294,286,380,974,542,81,314,546,309,191,377,148,354,248,263,702,762,1504,298,480,119,579,452,97,275,280,354,112,396,224,429,513,352,545,186,349
310,262,164,52,323,70,299,94,116,159,295,361,591,213,186,173,246,589,360,48,183,367,186,111,213,83,209,173,161,416,501,865,158,306,80,355,324,52,154,354,122,56,248,137,247,265,205,338,134,213
108,94,47,23,99,26,95,29,36,43,85,109,192,59,57,59,78,221,105,13,63,105,68,31,73,21,78,41,53,116,163,312,68,123,27,109,91,21,68,112,56,14,75,48,92,112,69,133,43,70
352,326,173,73,394,102,396,127,139,156,342,443,706,291,202,232,270,716,416,56,229,414,215,146,244,111,237,209,199,482,560,1072,188,344,102,424,357,74,175,396,248,75,133,135,292,357,258,370,143,244
169,165,85,22,178,31,195,47,54,75,141,229,344,127,102,108,125,365,191,18,102,194,105,75,123,48,127,79,100,259,280,506,93,183,51,192,180,23,94,224,137,48,135,47,161,166,116,192,66,120
468,347,143,62,393,95,374,131,123,178,346,445,717,241,225,229,300,753,401,53,208,401,240,146,286,94,265,179,195,505,585,1103,234,399,89,426,381,69,208,429,247,92,292,161,161,367,280,391,144,292
490,415,169,74,461,96,430,140,166,186,382,537,853,305,232,256,357,838,466,48,239,450,278,186,316,109,334,233,230,571,664,1292,241,445,113,527,434,74,239,513,265,112,357,166,367,194,293,451,166,343
325,268,119,55,331,82,319,106,85,125,272,391,568,208,187,175,223,583,313,40,183,329,190,136,229,80,207,130,160,391,486,962,195,339,79,321,310,57,149,352,205,69,258,116,280,293,105,334,122,213
483,499,200,98,524,125,542,149,166,207,436,580,984,334,292,300,344,1008,522,76,273,505,304,216,374,138,367,266,256,651,724,1500,304,516,131,564,494,91,228,545,338,133,370,192,391,451,334,234,213,361
166,160,82,29,177,38,178,63,56,80,176,224,343,104,107,121,146,348,190,20,114,184,111,69,142,50,136,95,106,222,283,490,99,178,45,199,166,37,88,186,134,43,143,66,144,166,122,213,30,142
346,311,141,52,348,77,316,106,103,142,267,392,639,216,211,207,235,627,319,47,178,329,206,130,215,81,218,148,176,412,516,945,197,319,77,337,344,54,171,349,213,70,244,120,292,343,213,361,142,126
