257,439,189,86,491,104,458,174,155,255,436,521,784,388,312,347,358,788,496,82,332,476,332,225,337,138,370,305,283,600,655,1190,245,517,100,520,522,77,248,468,287,108,366,188,433,420,315,456,182,375
439,196,168,60,428,73,380,131,120,155,371,495,818,291,238,265,313,790,445,56,210,435,266,176,293,111,318,205,214,544,647,1194,221,389,96,457,413,74,186,463,307,86,333,154,336,420,281,433,173,325
189,168,44,34,187,42,206,55,59,77,161,258,380,133,102,115,146,389,205,25,114,215,101,68,130,54,147,81,88,250,296,571,114,178,58,204,187,34,107,228,127,41,151,78,156,209,135,203,66,112
86,60,34,9,88,17,71,28,24,41,69,85,146,71,53,58,65,140,95,8,53,91,58,34,49,27,56,41,40,104,134,224,41,81,20,88,76,6,33,89,50,15,61,33,68,82,63,92,34,65
491,428,187,88,252,125,484,140,161,210,450,525,900,321,290,339,403,970,482,63,287,522,300,209,298,116,343,252,235,628,772,1414,280,460,131,542,470,100,265,521,337,119,370,186,373,449,344,494,195,345
104,73,42,17,125,13,109,40,34,50,98,113,205,85,75,64,94,184,145,17,65,129,80,41,76,31,77,61,57,130,173,272,60,120,27,106,103,20,43,113,80,32,81,38,96,102,80,122,45,80
458,380,206,71,484,109,237,146,144,214,407,553,871,322,263,300,361,829,496,67,265,502,308,183,324,127,334,208,230,618,733,1288,278,444,108,523,445,85,233,512,315,98,377,174,386,450,330,465,185,334
174,131,55,28,140,40,146,25,56,73,143,142,258,124,85,68,110,270,137,15,80,142,108,73,97,33,95,82,81,208,237,432,89,142,39,162,149,28,79,152,98,24,106,61,116,125,94,163,61,127
155,120,59,24,161,34,144,56,18,68,132,167,281,117,80,89,123,305,142,26,93,164,83,62,104,37,108,88,76,192,235,457,89,149,40,167,149,36,87,192,104,36,120,58,123,152,111,158,64,109
255,155,77,41,210,50,214,73,68,62,185,227,350,157,113,122,170,361,208,27,132,222,133,87,137,50,141,96,108,252,333,545,114,192,46,237,225,27,97,212,124,52,150,65,170,182,141,212,73,187
436,371,161,69,450,98,407,143,132,185,184,472,766,303,242,268,311,787,448,54,252,455,253,163,281,94,292,191,223,552,620,1156,214,415,88,416,416,58,237,462,295,101,310,160,359,377,296,440,156,315
521,495,258,85,525,113,553,142,167,227,472,295,1011,342,284,339,398,986,595,59,323,571,320,234,349,128,371,284,283,734,822,1602,314,511,130,593,502,94,243,625,353,126,451,191,466,548,351,593,202,398
784,818,380,146,900,205,871,258,281,350,766,1011,819,570,485,521,635,1444,903,118,496,930,530,348,616,233,643,426,400,1137,1358,2398,512,815,218,934,867,147,428,976,615,190,668,335,708,814,593,979,335,651
388,291,133,71,321,85,322,124,117,157,303,342,570,107,200,191,244,564,313,40,174,342,202,124,215,108,240,144,161,400,498,878,165,302,83,348,306,53,157,327,186,73,234,141,238,274,191,327,129,241
312,238,102,53,290,75,263,85,80,113,242,284,485,200,79,111,191,475,268,26,141,277,182,113,188,70,190,114,134,297,390,766,170,260,68,251,229,43,140,265,169,49,190,98,235,234,168,291,110,174
347,265,115,58,339,64,300,68,89,122,268,339,521,191,111,75,205,517,307,22,142,318,161,118,188,81,210,130,125,347,399,838,179,276,65,273,264,51,121,305,175,62,216,106,225,253,168,320,118,197
358,313,146,65,403,94,361,110,123,170,311,398,635,244,191,205,134,677,372,61,223,376,229,161,244,98,270,188,189,451,550,975,195,353,75,393,346,65,185,390,234,72,293,135,303,332,223,400,146,272
788,790,389,140,970,184,829,270,305,361,787,986,1444,564,475,517,677,814,887,131,534,881,556,361,588,244,635,461,456,1066,1369,2406,507,830,219,954,782,143,419,946,601,186,635,333,689,788,558,916,326,673
496,445,205,95,482,145,496,137,142,208,448,595,903,313,268,307,372,887,248,57,285,443,284,206,351,144,370,244,257,611,763,1398,289,482,123,550,474,70,254,560,335,86,397,170,417,451,294,514,177,341
82,56,25,8,63,17,67,15,26,27,54,59,118,40,26,22,61,131,57,2,48,63,33,24,38,11,44,26,35,84,96,142,32,52,13,80,49,10,35,63,43,13,50,31,47,62,35,70,24,55
332,210,114,53,287,65,265,80,93,132,252,323,496,174,141,142,223,534,285,48,70,282,177,109,183,76,184,139,127,338,446,834,169,290,69,288,261,48,149,323,185,51,206,92,215,249,175,318,106,196
476,435,215,91,522,129,502,142,164,222,455,571,930,342,277,318,376,881,443,63,282,257,291,207,384,126,372,243,266,608,787,1434,267,469,113,537,455,87,240,537,336,93,373,202,419,471,350,493,193,345
332,266,101,58,300,80,308,108,83,133,253,320,530,202,182,161,229,556,284,33,177,291,84,118,175,80,199,124,155,363,456,851,163,268,74,351,281,38,158,289,184,59,227,106,255,298,196,325,110,205
225,176,68,34,209,41,183,73,62,87,163,234,348,124,113,118,161,361,206,24,109,207,118,33,127,40,147,80,106,241,308,549,100,199,50,217,168,33,113,199,129,34,154,95,164,179,135,221,87,166
337,293,130,49,298,76,324,97,104,137,281,349,616,215,188,188,244,588,351,38,183,384,175,127,102,79,214,164,143,403,511,943,169,310,68,346,318,57,142,331,223,68,243,104,237,344,197,380,120,225
138,111,54,27,116,31,127,33,37,50,94,128,233,108,70,81,98,244,144,11,76,126,80,40,79,8,53,60,65,164,190,410,72,121,30,130,133,27,55,131,80,25,100,55,104,123,77,136,58,105
370,318,147,56,343,77,334,95,108,141,292,371,643,240,190,210,270,635,370,44,184,372,199,147,214,53,121,137,181,434,484,981,183,341,83,340,336,64,156,379,223,65,297,150,277,323,218,380,153,247
305,205,81,41,252,61,208,82,88,96,191,284,426,144,114,130,188,461,244,26,139,243,124,80,164,60,137,51,105,273,341,647,115,227,59,239,244,43,128,249,180,53,205,95,180,204,152,250,106,153
283,214,88,40,235,57,230,81,76,108,223,283,400,161,134,125,189,456,257,35,127,266,155,106,143,65,181,105,65,311,407,720,146,240,61,269,239,41,135,278,168,50,189,99,191,216,171,272,101,180
600,544,250,104,628,130,618,208,192,252,552,734,1137,400,297,347,451,1066,611,84,338,608,363,241,403,164,434,273,311,365,939,1714,363,564,139,669,587,106,333,705,405,144,468,219,486,585,397,634,224,430
655,647,296,134,772,173,733,237,235,333,620,822,1358,498,390,399,550,1369,763,96,446,787,456,308,511,190,484,341,407,939,538,2068,406,752,175,775,702,118,386,795,477,164,580,297,652,682,488,768,267,520
1190,1194,571,224,1414,272,1288,432,457,545,1156,1602,2398,878,766,838,975,2406,1398,142,834,1434,851,549,943,410,981,647,720,1714,2068,1878,709,1249,297,1516,1269,219,682,1456,902,263,1042,493,1154,1300,884,1422,494,912
245,221,114,41,280,60,278,89,89,114,214,314,512,165,170,179,195,507,289,32,169,267,163,100,169,72,183,115,146,363,406,709,59,240,65,291,237,47,159,263,176,46,223,85,217,253,171,284,94,202
517,389,178,81,460,120,444,142,149,192,415,511,815,302,260,276,353,830,482,52,290,469,268,199,310,121,341,227,240,564,752,1249,240,203,102,520,437,79,225,479,288,90,357,167,392,408,330,496,177,297
100,96,58,20,131,27,108,39,40,46,88,130,218,83,68,65,75,219,123,13,69,113,74,50,68,30,83,59,61,139,175,297,65,102,15,122,116,16,53,114,99,26,84,38,88,100,78,114,38,85
520,457,204,88,542,106,523,162,167,237,416,593,934,348,251,273,393,954,550,80,288,537,351,217,346,130,340,239,269,669,775,1516,291,520,122,306,501,90,272,554,351,111,403,205,437,485,345,580,228,383
522,413,187,76,470,103,445,149,149,225,416,502,867,306,229,264,346,782,474,49,261,455,281,168,318,133,336,244,239,587,702,1269,237,437,116,501,207,76,203,510,294,80,364,177,352,411,294,479,191,322
77,74,34,6,100,20,85,28,36,27,58,94,147,53,43,51,65,143,70,10,48,87,38,33,57,27,64,43,41,106,118,219,47,79,16,90,76,7,43,90,68,21,72,29,69,69,71,78,25,41
248,186,107,33,265,43,233,79,87,97,237,243,428,157,140,121,185,419,254,35,149,240,158,113,142,55,156,128,135,333,386,682,159,225,53,272,203,43,64,256,155,57,186,90,227,226,164,242,81,176
468,463,228,89,521,113,512,152,192,212,462,625,976,327,265,305,390,946,560,63,323,537,289,199,331,131,379,249,278,705,795,1456,263,479,114,554,510,90,256,300,374,114,389,191,428,514,332,544,177,336
287,307,127,50,337,80,315,98,104,124,295,353,615,186,169,175,234,601,335,43,185,336,184,129,223,80,223,180,168,405,477,902,176,288,99,351,294,68,155,374,106,53,242,133,262,283,214,336,128,207
108,86,41,15,119,32,98,24,36,52,101,126,190,73,49,62,72,186,86,13,51,93,59,34,68,25,65,53,50,144,164,263,46,90,26,111,80,21,57,114,53,6,93,40,70,98,67,98,42,76
366,333,151,61,370,81,377,106,120,150,310,451,668,234,190,216,293,635,397,50,206,373,227,154,243,100,297,205,189,468,580,1042,223,357,84,403,364,72,186,389,242,93,146,138,299,354,224,417,126,268
188,154,78,33,186,38,174,61,58,65,160,191,335,141,98,106,135,333,170,31,92,202,106,95,104,55,150,95,99,219,297,493,85,167,38,205,177,29,90,191,133,40,138,34,157,179,113,204,50,140
433,336,156,68,373,96,386,116,123,170,359,466,708,238,235,225,303,689,417,47,215,419,255,164,237,104,277,180,191,486,652,1154,217,392,88,437,352,69,227,428,262,70,299,157,139,391,221,423,161,303
420,420,209,82,449,102,450,125,152,182,377,548,814,274,234,253,332,788,451,62,249,471,298,179,344,123,323,204,216,585,682,1300,253,408,100,485,411,69,226,514,283,98,354,179,391,231,290,493,153,321
315,281,135,63,344,80,330,94,111,141,296,351,593,191,168,168,223,558,294,35,175,350,196,135,197,77,218,152,171,397,488,884,171,330,78,345,294,71,164,332,214,67,224,113,221,290,100,332,121,248
456,433,203,92,494,122,465,163,158,212,440,593,979,327,291,320,400,916,514,70,318,493,325,221,380,136,380,250,272,634,768,1422,284,496,114,580,479,78,242,544,336,98,417,204,423,493,332,270,191,352
182,173,66,34,195,45,185,61,64,73,156,202,335,129,110,118,146,326,177,24,106,193,110,87,120,58,153,106,101,224,267,494,94,177,38,228,191,25,81,177,128,42,126,50,161,153,121,191,34,145
375,325,112,65,345,80,334,127,109,187,315,398,651,241,174,197,272,673,341,55,196,345,205,166,225,105,247,153,180,430,520,912,202,297,85,383,322,41,176,336,207,76,268,140,303,321,248,352,145,121
