273,447,207,111,497,115,481,178,151,241,452,549,819,380,334,325,346,840,490,66,322,482,345,191,365,159,374,269,292,572,681,1191,258,474,112,529,464,80,235,487,347,121,400,165,435,428,332,517,173,395
447,202,152,87,440,106,433,128,152,169,373,479,801,274,236,237,333,737,448,53,209,479,277,184,269,105,255,199,227,561,625,1179,208,421,102,473,428,79,234,458,288,89,345,170,340,428,267,490,183,313
207,152,40,30,195,49,189,59,63,70,168,202,329,117,96,105,157,352,207,33,108,216,118,99,134,54,152,84,96,224,303,528,108,183,48,219,186,30,92,214,145,45,139,71,171,176,118,208,69,132
111,87,30,10,87,21,74,19,31,38,85,88,153,61,47,53,68,150,84,10,70,84,53,24,53,29,56,53,50,97,121,215,52,81,21,106,80,22,47,80,54,20,66,25,65,79,56,81,33,65
497,440,195,87,268,133,484,167,175,220,428,562,956,352,269,278,338,936,510,53,270,507,320,207,319,125,352,265,256,591,766,1437,307,479,113,514,465,92,232,564,348,100,392,183,394,485,352,483,190,341
115,106,49,21,133,12,114,33,49,54,101,130,204,72,60,68,98,194,113,16,79,109,72,35,82,31,90,62,58,145,160,273,58,106,30,139,117,20,63,107,66,29,89,37,91,103,72,103,41,80
481,433,189,74,484,114,218,164,165,197,427,586,861,297,252,278,369,844,493,64,286,463,250,178,320,122,354,241,230,577,692,1248,240,453,117,561,473,76,236,470,301,94,348,171,354,450,275,470,170,318
178,128,59,19,167,33,164,23,39,64,140,189,295,112,89,92,99,291,148,19,72,136,91,70,105,35,85,69,82,174,212,425,95,147,39,154,155,27,58,168,95,37,121,59,146,137,93,160,62,104
151,152,63,31,175,49,165,39,21,71,139,175,284,110,86,96,112,304,171,26,95,170,88,67,115,42,112,66,66,208,252,449,83,153,44,156,172,40,79,189,104,29,140,54,126,165,118,148,59,132
241,169,70,38,220,54,197,64,71,43,149,214,339,126,103,129,160,345,211,22,114,205,136,73,146,56,144,97,117,248,321,572,115,225,47,218,208,29,112,224,123,44,167,70,175,201,149,199,62,127
452,373,168,85,428,101,427,140,139,149,152,468,749,290,239,276,292,709,426,48,224,387,269,170,263,117,297,205,220,568,622,1103,228,402,102,467,409,66,226,441,268,84,317,178,330,357,277,416,139,280
549,479,202,88,562,130,586,189,175,214,468,295,1050,346,274,301,420,1011,605,55,318,569,309,220,343,137,378,231,293,712,797,1527,263,555,113,626,516,98,277,584,372,114,423,224,430,533,337,585,189,383
819,801,329,153,956,204,861,295,284,339,749,1050,834,594,486,512,669,1391,957,91,504,921,521,380,608,240,608,436,485,1126,1307,2343,482,835,203,992,839,160,464,936,596,177,655,308,716,837,563,949,354,639
380,274,117,61,352,72,297,112,110,126,290,346,594,105,197,184,247,583,322,38,176,331,180,132,208,82,232,170,166,349,459,925,204,308,55,371,315,46,152,375,241,61,227,112,264,306,202,349,126,240
334,236,96,47,269,60,252,89,86,103,239,274,486,197,83,154,216,484,310,31,148,285,156,111,178,62,167,129,134,335,417,778,156,254,56,284,261,39,147,319,175,59,188,93,225,264,145,282,101,187
325,237,105,53,278,68,278,92,96,129,276,301,512,184,154,87,212,530,292,27,155,310,190,126,192,76,185,131,141,355,451,869,166,280,72,287,293,43,144,331,186,59,233,114,235,270,167,309,125,206
346,333,157,68,338,98,369,99,112,160,292,420,669,247,216,212,120,670,368,42,207,357,204,158,252,100,254,168,184,458,554,1000,192,326,82,343,334,67,175,374,262,71,272,129,285,340,220,364,147,260
840,737,352,150,936,194,844,291,304,345,709,1011,1391,583,484,530,670,773,882,126,523,965,570,384,589,250,613,454,520,1125,1354,2396,475,837,195,995,851,149,472,970,612,168,649,303,769,802,557,921,315,612
490,448,207,84,510,113,493,148,171,211,426,605,957,322,310,292,368,882,260,62,291,467,300,210,349,116,324,231,246,652,753,1428,267,452,114,549,478,86,274,554,349,92,393,194,396,483,322,533,207,333
66,53,33,10,53,16,64,19,26,22,48,55,91,38,31,27,42,126,62,1,39,71,37,24,35,19,38,28,26,77,84,158,31,46,27,67,56,14,25,70,31,9,38,27,44,60,36,70,28,40
322,209,108,70,270,79,286,72,95,114,224,318,504,176,148,155,207,523,291,39,78,271,186,111,165,58,161,132,157,328,417,796,143,271,53,295,268,35,153,270,189,53,218,98,217,251,160,313,85,169
482,479,216,84,507,109,463,136,170,205,387,569,921,331,285,310,357,965,467,71,271,264,302,186,324,143,363,240,269,636,753,1411,279,496,147,529,464,78,252,517,343,97,384,199,405,496,327,538,192,342
345,277,118,53,320,72,250,91,88,136,269,309,521,180,156,190,204,570,300,37,186,302,81,117,174,58,165,144,131,371,473,830,163,279,75,323,260,46,149,330,196,59,231,109,195,279,183,300,125,211
191,184,99,24,207,35,178,70,67,73,170,220,380,132,111,126,158,384,210,24,111,186,117,33,127,43,129,81,110,229,301,530,95,181,44,230,172,22,100,189,132,45,153,73,146,189,131,245,72,144
365,269,134,53,319,82,320,105,115,146,263,343,608,208,178,192,252,589,349,35,165,324,174,127,106,76,212,161,178,399,496,904,168,312,82,376,289,46,171,357,214,66,261,123,260,281,197,351,111,217
159,105,54,29,125,31,122,35,42,56,117,137,240,82,62,76,100,250,116,19,58,143,58,43,76,16,72,45,58,150,195,361,52,118,32,120,128,24,54,139,74,23,93,40,98,103,89,109,43,81
374,255,152,56,352,90,354,85,112,144,297,378,608,232,167,185,254,613,324,38,161,363,165,129,212,72,111,126,155,402,513,963,163,289,91,353,344,55,170,370,215,62,274,114,272,296,223,359,143,224
269,199,84,53,265,62,241,69,66,97,205,231,436,170,129,131,168,454,231,28,132,240,144,81,161,45,126,49,111,323,373,681,134,229,54,247,215,43,105,282,143,46,220,97,200,224,153,258,92,152
292,227,96,50,256,58,230,82,66,117,220,293,485,166,134,141,184,520,246,26,157,269,131,110,178,58,155,111,72,313,392,756,141,236,59,258,251,31,122,290,157,50,208,82,208,235,146,276,96,168
572,561,224,97,591,145,577,174,208,248,568,712,1126,349,335,355,458,1125,652,77,328,636,371,229,399,150,402,323,313,396,976,1809,339,542,147,661,565,116,291,686,376,128,465,212,477,559,375,659,234,427
681,625,303,121,766,160,692,212,252,321,622,797,1307,459,417,451,554,1354,753,84,417,753,473,301,496,195,513,373,392,976,554,2056,394,730,174,825,706,124,385,773,532,142,588,282,566,719,485,742,270,492
1191,1179,528,215,1437,273,1248,425,449,572,1103,1527,2343,925,778,869,1000,2396,1428,158,796,1411,830,530,904,361,963,681,756,1809,2056,1872,698,1317,347,1523,1308,227,678,1479,895,257,994,507,1057,1286,862,1338,500,952
258,208,108,52,307,58,240,95,83,115,228,263,482,204,156,166,192,475,267,31,143,279,163,95,168,52,163,134,141,339,394,698,72,259,75,288,215,45,131,284,177,46,199,85,196,257,153,252,91,201
474,421,183,81,479,106,453,147,153,225,402,555,835,308,254,280,326,837,452,46,271,496,279,181,312,118,289,229,236,542,730,1317,259,214,104,472,437,95,242,490,308,88,366,151,372,450,306,476,166,316
112,102,48,21,113,30,117,39,44,47,102,113,203,55,56,72,82,195,114,27,53,147,75,44,82,32,91,54,59,147,174,347,75,104,15,138,107,21,62,137,66,25,88,37,86,137,68,104,53,88
529,473,219,106,514,139,561,154,156,218,467,626,992,371,284,287,343,995,549,67,295,529,323,230,376,120,353,247,258,661,825,1523,288,472,138,264,499,92,245,575,373,121,395,187,439,499,318,566,206,380
464,428,186,80,465,117,473,155,172,208,409,516,839,315,261,293,334,851,478,56,268,464,260,172,289,128,344,215,251,565,706,1308,215,437,107,499,234,88,225,476,267,115,333,166,380,465,289,451,158,332
80,79,30,22,92,20,76,27,40,29,66,98,160,46,39,43,67,149,86,14,35,78,46,22,46,24,55,43,31,116,124,227,45,95,21,92,88,7,46,82,71,15,67,31,72,85,56,80,30,49
235,234,92,47,232,63,236,58,79,112,226,277,464,152,147,144,175,472,274,25,153,252,149,100,171,54,170,105,122,291,385,678,131,242,62,245,225,46,58,252,157,48,193,118,192,252,147,264,104,188
487,458,214,80,564,107,470,168,189,224,441,584,936,375,319,331,374,970,554,70,270,517,330,189,357,139,370,282,290,686,773,1479,284,490,137,575,476,82,252,285,340,100,381,218,411,503,386,523,198,322
347,288,145,54,348,66,301,95,104,123,268,372,596,241,175,186,262,612,349,31,189,343,196,132,214,74,215,143,157,376,532,895,177,308,66,373,267,71,157,340,101,78,234,141,247,324,209,345,102,231
121,89,45,20,100,29,94,37,29,44,84,114,177,61,59,59,71,168,92,9,53,97,59,45,66,23,62,46,50,128,142,257,46,88,25,121,115,15,48,100,78,8,92,25,65,105,56,110,38,63
400,345,139,66,392,89,348,121,140,167,317,423,655,227,188,233,272,649,393,38,218,384,231,153,261,93,274,220,208,465,588,994,199,366,88,395,333,67,193,381,234,92,146,154,321,351,215,376,148,263
165,170,71,25,183,37,171,59,54,70,178,224,308,112,93,114,129,303,194,27,98,199,109,73,123,40,114,97,82,212,282,507,85,151,37,187,166,31,118,218,141,25,154,29,147,178,112,200,68,132
435,340,171,65,394,91,354,146,126,175,330,430,716,264,225,235,285,769,396,44,217,405,195,146,260,98,272,200,208,477,566,1057,196,372,86,439,380,72,192,411,247,65,321,147,149,345,245,427,133,275
428,428,176,79,485,103,450,137,165,201,357,533,837,306,264,270,340,802,483,60,251,496,279,189,281,103,296,224,235,559,719,1286,257,450,137,499,465,85,252,503,324,105,351,178,345,205,304,473,156,297
332,267,118,56,352,72,275,93,118,149,277,337,563,202,145,167,220,557,322,36,160,327,183,131,197,89,223,153,146,375,485,862,153,306,68,318,289,56,147,386,209,56,215,112,245,304,95,336,116,224
517,490,208,81,483,103,470,160,148,199,416,585,949,349,282,309,364,921,533,70,313,538,300,245,351,109,359,258,276,659,742,1338,252,476,104,566,451,80,264,523,345,110,376,200,427,473,336,255,172,337
173,183,69,33,190,41,170,62,59,62,139,189,354,126,101,125,147,315,207,28,85,192,125,72,111,43,143,92,96,234,270,500,91,166,53,206,158,30,104,198,102,38,148,68,133,156,116,172,39,143
395,313,132,65,341,80,318,104,132,127,280,383,639,240,187,206,260,612,333,40,169,342,211,144,217,81,224,152,168,427,492,952,201,316,88,380,332,49,188,322,231,63,263,132,275,297,224,337,143,108
