263,469,228,97,498,120,483,196,172,252,447,529,838,373,302,348,374,849,519,75,295,514,350,203,402,168,368,300,310,573,719,1176,255,505,110,528,490,97,257,474,316,91,361,196,453,432,351,483,179,384
469,158,148,71,446,102,434,135,148,203,387,464,781,275,207,234,319,805,450,44,240,456,240,161,271,129,256,188,213,549,640,1220,219,397,100,489,393,73,207,447,291,91,338,154,306,426,254,422,185,303
228,148,37,42,220,48,211,54,49,101,163,227,364,141,79,110,137,365,204,30,110,227,121,79,120,47,126,79,103,252,297,570,111,188,46,189,161,35,99,213,142,41,142,71,156,192,115,229,77,138
97,71,42,6,89,20,80,24,23,40,63,100,148,56,43,51,68,155,94,15,56,87,57,30,58,26,63,38,47,118,127,229,36,69,17,90,71,18,40,97,73,17,74,25,70,66,57,79,26,57
498,446,220,89,259,108,487,160,174,234,444,616,980,342,275,287,383,920,550,64,297,540,300,197,367,126,331,194,234,669,762,1432,261,492,123,561,498,95,230,535,333,119,408,206,418,460,337,527,207,358
120,102,48,20,108,12,106,38,40,55,96,125,192,72,57,63,89,186,125,12,68,123,64,36,76,30,83,58,57,133,180,283,55,108,24,132,109,19,47,135,104,23,80,35,90,91,67,103,38,74
483,434,211,80,487,106,247,146,155,208,426,563,868,332,248,241,352,859,492,55,284,454,291,181,335,138,322,215,259,613,694,1377,264,448,117,510,432,86,235,515,360,103,360,165,405,453,293,470,169,318
196,135,54,24,160,38,146,22,32,70,126,141,280,89,79,83,118,270,143,27,87,149,102,62,105,42,95,69,70,209,248,429,83,148,26,162,141,27,75,156,87,38,95,47,113,139,89,127,58,107
172,148,49,23,174,40,155,32,24,69,142,186,294,105,81,80,115,309,157,24,95,163,97,54,134,46,109,68,76,212,244,439,91,152,41,184,137,34,71,146,107,34,105,47,131,157,96,159,54,115
252,203,101,40,234,55,208,70,69,41,158,208,385,131,135,144,170,394,220,25,117,210,137,88,154,47,142,99,111,250,319,552,121,188,45,219,206,41,133,249,141,42,172,77,169,191,134,211,76,155
447,387,163,63,444,96,426,126,142,158,182,472,767,291,253,251,330,704,452,52,242,461,241,174,278,123,320,172,210,519,650,1164,219,369,100,499,417,70,214,460,286,88,359,166,344,376,253,416,156,307
529,464,227,100,616,125,563,141,186,208,472,301,1086,334,316,351,421,1021,570,75,323,596,316,211,363,129,372,225,278,702,926,1607,321,522,116,563,517,102,281,575,384,104,457,207,440,528,352,612,198,389
838,781,364,148,980,192,868,280,294,385,767,1086,781,573,447,537,659,1423,890,107,490,916,533,359,578,242,599,451,447,1130,1339,2426,446,847,204,954,836,160,484,1004,639,178,696,336,710,882,557,974,322,634
373,275,141,56,342,72,332,89,105,131,291,334,573,117,175,184,233,580,310,44,186,335,213,128,203,90,218,163,152,409,505,925,163,326,75,301,299,55,146,343,195,63,247,118,276,308,194,344,94,223
302,207,79,43,275,57,248,79,81,135,253,316,447,175,64,151,191,460,249,39,148,289,161,89,160,58,148,125,133,342,404,729,153,273,72,282,244,41,127,270,177,49,211,90,190,220,153,288,113,186
348,234,110,51,287,63,241,83,80,144,251,351,537,184,151,84,216,548,302,31,155,297,178,102,176,56,172,140,157,347,455,869,195,274,81,290,259,43,152,289,191,55,222,82,204,258,187,314,119,201
374,319,137,68,383,89,352,118,115,170,330,421,659,233,191,216,121,649,414,40,203,396,211,149,255,102,252,164,220,447,552,1038,183,339,102,359,332,76,167,389,245,87,270,139,303,346,232,347,148,247
849,805,365,155,920,186,859,270,309,394,704,1021,1423,580,460,548,649,785,913,97,509,932,522,374,591,244,600,449,459,1126,1400,2459,487,833,209,981,850,170,474,1022,633,193,685,344,715,879,599,926,356,643
519,450,204,94,550,125,492,143,157,220,452,570,890,310,249,302,414,913,246,74,277,492,295,211,356,134,323,210,250,663,723,1447,296,482,106,495,482,96,229,551,334,98,411,204,426,470,318,551,207,313
75,44,30,15,64,12,55,27,24,25,52,75,107,44,39,31,40,97,74,1,28,60,45,29,41,20,40,30,28,73,81,179,26,54,12,68,48,10,39,62,37,23,57,24,51,42,43,71,22,44
295,240,110,56,297,68,284,87,95,117,242,323,490,186,148,155,203,509,277,28,59,296,167,118,169,75,194,116,149,313,420,762,160,272,68,268,278,42,140,288,180,61,211,110,227,257,174,275,119,165
514,456,227,87,540,123,454,149,163,210,461,596,916,335,289,297,396,932,492,60,296,269,317,199,366,125,316,239,270,674,801,1447,292,464,114,519,499,76,245,548,350,103,398,187,445,420,352,541,207,332
350,240,121,57,300,64,291,102,97,137,241,316,533,213,161,178,211,522,295,45,167,317,92,118,183,67,184,148,147,372,430,773,155,299,76,324,269,55,149,313,197,74,244,105,224,285,194,320,115,206
203,161,79,30,197,36,181,62,54,88,174,211,359,128,89,102,149,374,211,29,118,199,118,30,146,69,143,91,114,239,312,598,105,165,46,211,186,38,104,209,133,43,151,51,158,191,126,209,77,126
402,271,120,58,367,76,335,105,134,154,278,363,578,203,160,176,255,591,356,41,169,366,183,146,109,82,205,170,182,442,503,998,188,321,76,353,311,47,188,402,243,65,250,106,261,276,191,343,134,218
168,129,47,26,126,30,138,42,46,47,123,129,242,90,58,56,102,244,134,20,75,125,67,69,82,18,84,59,61,170,186,346,67,134,31,118,134,23,60,155,92,29,107,45,109,131,82,128,54,99
368,256,126,63,331,83,322,95,109,142,320,372,599,218,148,172,252,600,323,40,194,316,184,143,205,84,115,140,147,434,516,950,184,334,76,339,322,52,164,377,204,81,267,110,225,305,178,346,130,219
300,188,79,38,194,58,215,69,68,99,172,225,451,163,125,140,164,449,210,30,116,239,148,91,170,59,140,48,134,279,318,666,127,214,52,236,229,46,128,220,146,52,217,73,221,212,131,238,96,137
310,213,103,47,234,57,259,70,76,111,210,278,447,152,133,157,220,459,250,28,149,270,147,114,182,61,147,134,69,308,388,707,135,269,55,251,228,38,120,276,170,59,208,88,197,211,143,259,93,183
573,549,252,118,669,133,613,209,212,250,519,702,1130,409,342,347,447,1126,663,73,313,674,372,239,442,170,434,279,308,382,981,1780,348,581,150,649,602,107,350,748,431,137,498,234,514,627,397,672,263,431
719,640,297,127,762,180,694,248,244,319,650,926,1339,505,404,455,552,1400,723,81,420,801,430,312,503,186,516,318,388,981,596,2129,418,716,162,780,718,125,394,819,538,166,523,282,616,695,507,826,297,515
1176,1220,570,229,1432,283,1377,429,439,552,1164,1607,2426,925,729,869,1038,2459,1447,179,762,1447,773,598,998,346,950,666,707,1780,2129,1930,765,1305,335,1551,1323,259,712,1599,963,295,1033,583,1156,1344,916,1474,526,974
255,219,111,36,261,55,264,83,91,121,219,321,446,163,153,195,183,487,296,26,160,292,155,105,188,67,184,127,135,348,418,765,63,245,61,262,266,38,108,267,185,56,204,90,217,267,178,308,104,174
505,397,188,69,492,108,448,148,152,188,369,522,847,326,273,274,339,833,482,54,272,464,299,165,321,134,334,214,269,581,716,1305,245,243,98,545,425,62,241,531,336,105,357,169,394,436,311,489,147,317
110,100,46,17,123,24,117,26,41,45,100,116,204,75,72,81,102,209,106,12,68,114,76,46,76,31,76,52,55,150,162,335,61,98,14,136,106,20,60,115,77,28,94,46,93,93,61,129,37,68
528,489,189,90,561,132,510,162,184,219,499,563,954,301,282,290,359,981,495,68,268,519,324,211,353,118,339,236,251,649,780,1551,262,545,136,288,459,101,268,547,337,87,429,194,424,523,305,568,208,373
490,393,161,71,498,109,432,141,137,206,417,517,836,299,244,259,332,850,482,48,278,499,269,186,311,134,322,229,228,602,718,1323,266,425,106,459,202,74,231,484,364,92,365,169,390,411,324,506,165,328
97,73,35,18,95,19,86,27,34,41,70,102,160,55,41,43,76,170,96,10,42,76,55,38,47,23,52,46,38,107,125,259,38,62,20,101,74,3,41,77,66,12,73,33,65,77,45,93,29,61
257,207,99,40,230,47,235,75,71,133,214,281,484,146,127,152,167,474,229,39,140,245,149,104,188,60,164,128,120,350,394,712,108,241,60,268,231,41,61,273,167,59,211,102,199,240,163,235,109,187
474,447,213,97,535,135,515,156,146,249,460,575,1004,343,270,289,389,1022,551,62,288,548,313,209,402,155,377,220,276,748,819,1599,267,531,115,547,484,77,273,288,393,117,420,189,451,502,311,578,220,333
316,291,142,73,333,104,360,87,107,141,286,384,639,195,177,191,245,633,334,37,180,350,197,133,243,92,204,146,170,431,538,963,185,336,77,337,364,66,167,393,106,76,271,142,276,301,199,374,142,219
91,91,41,17,119,23,103,38,34,42,88,104,178,63,49,55,87,193,98,23,61,103,74,43,65,29,81,52,59,137,166,295,56,105,28,87,92,12,59,117,76,10,78,37,78,97,78,112,32,74
361,338,142,74,408,80,360,95,105,172,359,457,696,247,211,222,270,685,411,57,211,398,244,151,250,107,267,217,208,498,523,1033,204,357,94,429,365,73,211,420,271,78,161,116,330,367,252,385,142,256
196,154,71,25,206,35,165,47,47,77,166,207,336,118,90,82,139,344,204,24,110,187,105,51,106,45,110,73,88,234,282,583,90,169,46,194,169,33,102,189,142,37,116,32,135,174,105,191,69,114
453,306,156,70,418,90,405,113,131,169,344,440,710,276,190,204,303,715,426,51,227,445,224,158,261,109,225,221,197,514,616,1156,217,394,93,424,390,65,199,451,276,78,330,135,153,354,226,402,153,270
432,426,192,66,460,91,453,139,157,191,376,528,882,308,220,258,346,879,470,42,257,420,285,191,276,131,305,212,211,627,695,1344,267,436,93,523,411,77,240,502,301,97,367,174,354,225,279,481,175,287
351,254,115,57,337,67,293,89,96,134,253,352,557,194,153,187,232,599,318,43,174,352,194,126,191,82,178,131,143,397,507,916,178,311,61,305,324,45,163,311,199,78,252,105,226,279,95,311,108,243
483,422,229,79,527,103,470,127,159,211,416,612,974,344,288,314,347,926,551,71,275,541,320,209,343,128,346,238,259,672,826,1474,308,489,129,568,506,93,235,578,374,112,385,191,402,481,311,255,206,360
179,185,77,26,207,38,169,58,54,76,156,198,322,94,113,119,148,356,207,22,119,207,115,77,134,54,130,96,93,263,297,526,104,147,37,208,165,29,109,220,142,32,142,69,153,175,108,206,30,134
384,303,138,57,358,74,318,107,115,155,307,389,634,223,186,201,247,643,313,44,165,332,206,126,218,99,219,137,183,431,515,974,174,317,68,373,328,61,187,333,219,74,256,114,270,287,243,360,134,122
