234,460,204,103,524,126,492,195,160,254,473,569,859,345,301,338,364,818,475,72,292,514,349,209,392,156,391,261,320,649,742,1199,278,482,105,507,502,87,271,485,309,105,371,168,438,445,343,520,158,414
460,186,179,68,466,82,394,139,144,180,354,465,769,280,241,234,320,742,425,57,211,432,283,170,295,104,285,193,238,583,664,1223,234,393,89,427,369,67,239,474,266,88,316,167,355,407,251,471,154,296
204,179,31,33,204,45,179,66,59,85,174,236,373,133,111,100,152,380,208,18,104,200,100,69,126,51,129,96,91,249,297,555,118,176,44,195,183,27,102,192,140,30,154,76,156,186,138,220,67,133
103,68,33,8,95,18,73,23,26,30,68,94,112,79,51,55,55,125,88,11,52,97,44,36,55,21,63,46,43,87,131,208,37,86,18,96,66,13,44,79,46,21,59,34,67,82,57,75,31,54
524,466,204,95,257,125,515,159,157,207,425,539,982,322,267,281,385,986,532,73,248,504,313,200,364,144,379,241,241,718,788,1389,274,494,127,568,487,72,280,563,328,106,382,189,426,480,355,536,198,343
126,82,45,18,125,13,109,45,34,42,90,115,169,94,72,62,92,175,108,16,67,109,70,41,82,32,85,67,65,143,154,291,42,114,27,135,95,17,61,112,59,20,75,39,96,93,74,119,35,75
492,394,179,73,515,109,212,135,161,204,402,529,896,339,253,261,379,876,501,45,251,486,266,204,307,123,347,236,242,614,730,1293,248,431,113,555,426,90,238,484,323,106,373,185,372,445,294,504,188,317
195,139,66,23,159,45,135,22,58,70,135,156,281,100,88,110,132,275,159,17,90,154,88,60,110,38,101,67,65,187,208,431,82,142,33,143,161,29,77,155,97,29,104,50,119,147,94,157,58,89
160,144,59,26,157,34,161,58,29,77,150,180,306,89,85,92,132,294,171,18,76,170,110,74,114,51,128,77,85,228,257,454,99,159,43,161,144,26,96,195,109,27,135,60,142,154,97,171,58,129
254,180,85,30,207,42,204,70,77,55,181,215,373,141,102,110,170,363,201,26,110,220,128,83,136,66,150,108,101,252,316,546,126,189,42,214,204,31,106,199,152,41,144,66,179,182,123,194,72,153
473,354,174,68,425,90,402,135,150,181,188,480,772,292,234,228,339,741,402,48,237,433,285,157,288,121,266,220,239,583,652,1128,235,350,101,489,362,73,230,373,278,79,299,164,358,393,267,394,152,320
569,465,236,94,539,115,529,156,180,215,480,326,1006,352,268,303,417,999,560,61,292,535,310,219,378,153,393,247,269,701,835,1538,304,559,133,625,542,81,286,524,358,112,421,211,443,526,328,578,201,359
859,769,373,112,982,169,896,281,306,373,772,1006,860,640,459,492,627,1523,901,115,500,963,500,366,631,227,588,417,473,1120,1399,2432,531,843,224,1001,849,176,461,959,575,200,680,344,768,829,601,954,346,612
345,280,133,79,322,94,339,100,89,141,292,352,640,120,154,196,257,574,355,38,167,364,184,127,224,70,229,151,162,403,541,933,194,315,76,336,307,58,156,334,210,76,235,135,253,313,189,332,125,222
301,241,111,51,267,72,253,88,85,102,234,268,459,154,53,121,211,452,266,26,148,242,152,106,182,64,168,131,137,306,404,715,139,267,64,290,261,48,145,283,167,51,216,94,200,261,137,275,94,201
338,234,100,55,281,62,261,110,92,110,228,303,492,196,121,77,231,522,310,28,150,290,173,103,186,70,174,135,138,344,443,753,142,273,73,312,266,45,169,304,208,54,213,100,217,283,172,290,109,191
364,320,152,55,385,92,379,132,132,170,339,417,627,257,211,231,122,665,370,38,200,371,240,177,245,93,235,181,182,462,546,1011,203,372,103,364,348,54,197,375,238,87,261,151,317,296,213,423,151,253
818,742,380,125,986,175,876,275,294,363,741,999,1523,574,452,522,665,850,854,122,506,938,515,355,606,214,543,434,477,1166,1369,2421,521,836,208,1025,805,156,468,951,627,177,662,375,743,812,588,887,349,630
475,425,208,88,532,108,501,159,171,201,402,560,901,355,266,310,370,854,242,59,291,539,302,202,314,129,333,263,267,631,814,1369,260,513,111,571,486,88,262,524,343,100,376,196,411,433,311,518,196,359
72,57,18,11,73,16,45,17,18,26,48,61,115,38,26,28,38,122,59,4,29,67,38,21,33,12,42,27,34,75,116,187,30,65,12,69,64,7,31,72,27,14,50,23,41,69,39,66,24,44
292,211,104,52,248,67,251,90,76,110,237,292,500,167,148,150,200,506,291,29,76,279,150,105,170,59,162,118,141,333,407,756,168,245,67,285,285,51,133,279,161,50,216,99,207,251,165,269,96,205
514,432,200,97,504,109,486,154,170,220,433,535,963,364,242,290,371,938,539,67,279,275,305,228,316,128,360,249,260,626,832,1366,258,521,113,532,492,78,233,550,335,121,393,195,415,476,320,555,183,351
349,283,100,44,313,70,266,88,110,128,285,310,500,184,152,173,240,515,302,38,150,305,79,138,179,87,209,147,162,366,451,823,155,287,70,322,294,63,134,317,190,69,235,116,221,245,183,290,123,197
209,170,69,36,200,41,204,60,74,83,157,219,366,127,106,103,177,355,202,21,105,228,138,34,134,55,137,94,92,242,337,554,108,180,49,235,157,30,101,222,147,47,148,82,165,199,152,200,79,132
392,295,126,55,364,82,307,110,114,136,288,378,631,224,182,186,245,606,314,33,170,316,179,134,116,89,214,178,155,394,485,924,165,318,70,355,310,49,180,371,217,65,261,130,277,313,206,352,121,200
156,104,51,21,144,32,123,38,51,66,121,153,227,70,64,70,93,214,129,12,59,128,87,55,89,12,76,63,48,151,173,365,71,123,16,148,107,20,69,141,85,21,98,50,108,112,85,120,51,78
391,285,129,63,379,85,347,101,128,150,266,393,588,229,168,174,235,543,333,42,162,360,209,137,214,76,118,156,146,405,491,942,178,327,66,351,320,62,175,358,228,51,253,139,277,328,237,371,119,221
261,193,96,46,241,67,236,67,77,108,220,247,417,151,131,135,181,434,263,27,118,249,147,94,178,63,156,46,104,314,396,628,135,210,40,248,199,28,117,258,149,46,184,83,178,230,149,266,94,150
320,238,91,43,241,65,242,65,85,101,239,269,473,162,137,138,182,477,267,34,141,260,162,92,155,48,146,104,72,309,386,690,125,241,47,277,231,40,102,285,194,59,217,89,201,248,162,284,89,174
649,583,249,87,718,143,614,187,228,252,583,701,1120,403,306,344,462,1166,631,75,333,626,366,242,394,151,405,314,309,406,975,1762,364,593,141,642,569,105,309,692,408,126,495,253,500,595,412,620,251,432
742,664,297,131,788,154,730,208,257,316,652,835,1399,541,404,443,546,1369,814,116,407,832,451,337,485,173,491,396,386,975,581,2034,410,751,189,853,757,122,397,824,487,157,563,279,667,690,483,786,278,561
1199,1223,555,208,1389,291,1293,431,454,546,1128,1538,2432,933,715,753,1011,2421,1369,187,756,1366,823,554,924,365,942,628,690,1762,2034,1955,719,1312,336,1620,1293,242,718,1482,942,307,1044,552,1104,1259,918,1426,514,907
278,234,118,37,274,42,248,82,99,126,235,304,531,194,139,142,203,521,260,30,168,258,155,108,165,71,178,135,125,364,410,719,65,250,74,320,253,55,133,303,161,55,203,98,232,261,159,257,97,183
482,393,176,86,494,114,431,142,159,189,350,559,843,315,267,273,372,836,513,65,245,521,287,180,318,123,327,210,241,593,751,1312,250,234,100,511,425,79,244,489,320,110,353,185,415,445,322,501,189,316
105,89,44,18,127,27,113,33,43,42,101,133,224,76,64,73,103,208,111,12,67,113,70,49,70,16,66,40,47,141,189,336,74,100,5,126,112,19,59,122,67,21,82,52,83,103,63,120,34,85
507,427,195,96,568,135,555,143,161,214,489,625,1001,336,290,312,364,1025,571,69,285,532,322,235,355,148,351,248,277,642,853,1620,320,511,126,270,500,76,267,602,316,96,414,199,456,527,318,581,215,361
502,369,183,66,487,95,426,161,144,204,362,542,849,307,261,266,348,805,486,64,285,492,294,157,310,107,320,199,231,569,757,1293,253,425,112,500,200,64,228,495,304,100,371,200,386,440,311,474,177,315
87,67,27,13,72,17,90,29,26,31,73,81,176,58,48,45,54,156,88,7,51,78,63,30,49,20,62,28,40,105,122,242,55,79,19,76,64,4,48,101,53,19,62,28,66,88,61,87,33,54
271,239,102,44,280,61,238,77,96,106,230,286,461,156,145,169,197,468,262,31,133,233,134,101,180,69,175,117,102,309,397,718,133,244,59,267,228,48,57,270,170,46,178,91,179,227,153,255,102,156
485,474,192,79,563,112,484,155,195,199,373,524,959,334,283,304,375,951,524,72,279,550,317,222,371,141,358,258,285,692,824,1482,303,489,122,602,495,101,270,291,326,99,402,182,472,477,371,547,206,369
309,266,140,46,328,59,323,97,109,152,278,358,575,210,167,208,238,627,343,27,161,335,190,147,217,85,228,149,194,408,487,942,161,320,67,316,304,53,170,326,116,65,267,123,270,309,202,362,121,236
105,88,30,21,106,20,106,29,27,41,79,112,200,76,51,54,87,177,100,14,50,121,69,47,65,21,51,46,59,126,157,307,55,110,21,96,100,19,46,99,65,9,82,29,97,95,49,121,29,71
371,316,154,59,382,75,373,104,135,144,299,421,680,235,216,213,261,662,376,50,216,393,235,148,261,98,253,184,217,495,563,1044,203,353,82,414,371,62,178,402,267,82,135,180,321,337,229,369,143,252
168,167,76,34,189,39,185,50,60,66,164,211,344,135,94,100,151,375,196,23,99,195,116,82,130,50,139,83,89,253,279,552,98,185,52,199,200,28,91,182,123,29,180,32,142,169,123,209,69,126
438,355,156,67,426,96,372,119,142,179,358,443,768,253,200,217,317,743,411,41,207,415,221,165,277,108,277,178,201,500,667,1104,232,415,83,456,386,66,179,472,270,97,321,142,161,410,264,431,139,256
445,407,186,82,480,93,445,147,154,182,393,526,829,313,261,283,296,812,433,69,251,476,245,199,313,112,328,230,248,595,690,1259,261,445,103,527,440,88,227,477,309,95,337,169,410,204,314,478,167,300
343,251,138,57,355,74,294,94,97,123,267,328,601,189,137,172,213,588,311,39,165,320,183,152,206,85,237,149,162,412,483,918,159,322,63,318,311,61,153,371,202,49,229,123,264,314,116,350,118,219
520,471,220,75,536,119,504,157,171,194,394,578,954,332,275,290,423,887,518,66,269,555,290,200,352,120,371,266,284,620,786,1426,257,501,120,581,474,87,255,547,362,121,369,209,431,478,350,256,204,342
158,154,67,31,198,35,188,58,58,72,152,201,346,125,94,109,151,349,196,24,96,183,123,79,121,51,119,94,89,251,278,514,97,189,34,215,177,33,102,206,121,29,143,69,139,167,118,204,23,133
414,296,133,54,343,75,317,89,129,153,320,359,612,222,201,191,253,630,359,44,205,351,197,132,200,78,221,150,174,432,561,907,183,316,85,361,315,54,156,369,236,71,252,126,256,300,219,342,133,122
