253,424,207,101,479,118,523,161,184,232,473,511,817,355,320,346,365,786,513,82,333,545,363,197,386,129,351,259,308,602,743,1129,258,489,124,478,464,92,248,459,320,102,368,178,424,417,345,515,186,334
424,196,171,90,450,104,411,133,132,167,368,480,751,316,242,258,295,762,464,60,223,460,294,172,271,86,280,212,212,520,677,1222,257,439,97,421,431,74,189,476,302,97,358,161,351,414,275,505,176,292
207,171,46,33,206,38,201,56,57,75,151,178,327,148,97,115,153,368,207,21,115,214,120,72,125,61,133,97,104,253,284,520,105,178,42,217,184,37,100,190,128,37,156,67,155,185,135,209,67,124
101,90,33,9,83,25,80,26,26,47,73,80,142,49,47,56,59,147,80,9,50,77,49,26,62,22,56,40,30,109,103,218,44,77,29,78,76,13,46,76,46,23,49,35,74,79,49,82,28,74
479,450,206,83,262,117,484,156,153,211,416,539,917,316,290,306,325,932,488,70,275,504,324,208,360,121,352,243,251,648,722,1404,277,487,98,511,480,84,231,521,325,103,380,197,405,461,357,533,179,308
118,104,38,25,117,13,109,27,39,50,89,118,188,70,60,71,84,197,121,12,79,113,54,45,79,31,79,50,57,147,164,285,62,121,31,103,104,17,63,109,72,34,72,48,104,107,69,124,42,90
523,411,201,80,484,109,239,149,161,198,415,534,815,295,262,249,344,815,478,53,284,443,279,185,327,116,297,227,225,580,701,1265,243,431,106,565,440,83,240,512,323,111,346,179,363,452,272,491,172,332
161,133,56,26,156,27,149,33,49,60,101,155,283,100,70,79,104,278,158,10,81,152,92,66,92,46,104,84,78,209,229,414,84,129,30,151,130,19,74,157,125,41,122,73,116,142,93,168,55,100
184,132,57,26,153,39,161,49,26,79,150,176,301,104,91,94,121,323,173,19,84,170,85,62,126,34,92,72,81,200,233,470,105,160,32,176,135,20,78,167,106,36,121,67,148,161,112,173,64,116
232,167,75,47,211,50,198,60,79,42,168,246,389,135,120,125,155,353,207,21,113,210,131,71,142,52,151,122,124,240,324,575,137,209,51,216,218,32,80,197,150,46,136,75,168,175,140,216,92,144
473,368,151,73,416,89,415,101,150,168,203,439,760,271,230,253,318,738,383,52,264,422,260,165,260,109,296,199,245,490,662,1115,225,379,97,429,396,67,190,433,275,92,276,151,335,377,284,442,170,294
511,480,178,80,539,118,534,155,176,246,439,303,956,346,281,311,384,1018,559,58,291,601,346,218,373,141,384,262,282,704,871,1533,300,497,137,621,511,96,273,588,342,118,411,207,469,531,327,607,193,361
817,751,327,142,917,188,815,283,301,389,760,956,799,579,497,489,650,1478,930,118,514,947,523,350,568,227,617,438,454,1173,1380,2427,489,849,201,914,793,150,461,946,602,190,667,300,736,853,529,887,294,579
355,316,148,49,316,70,295,100,104,135,271,346,579,96,175,195,234,570,304,29,198,341,180,128,223,85,234,145,177,387,466,881,172,292,80,333,313,51,162,352,212,65,258,131,233,288,197,315,123,232
320,242,97,47,290,60,262,70,91,120,230,281,497,175,74,136,194,465,280,42,144,267,168,97,186,73,179,129,145,331,405,734,124,249,58,290,241,34,144,287,179,48,202,95,213,238,161,289,116,185
346,258,115,56,306,71,249,79,94,125,253,311,489,195,136,76,202,516,290,35,153,264,169,102,177,77,185,145,143,352,425,848,158,264,62,304,259,46,141,306,196,67,234,117,228,268,183,321,108,191
365,295,153,59,325,84,344,104,121,155,318,384,650,234,194,202,129,649,361,51,222,336,203,152,273,110,249,158,178,391,538,1000,203,324,69,390,359,58,193,397,232,79,293,151,312,342,259,407,132,228
786,762,368,147,932,197,815,278,323,353,738,1018,1478,570,465,516,649,784,905,122,495,919,538,366,571,254,635,453,445,1133,1359,2397,474,830,191,940,781,155,475,955,569,174,693,327,717,843,533,885,309,605
513,464,207,80,488,121,478,158,173,207,383,559,930,304,280,290,361,905,252,62,255,509,296,198,333,122,324,240,284,643,796,1398,272,438,108,540,487,90,268,582,339,107,403,205,412,515,307,536,177,331
82,60,21,9,70,12,53,10,19,21,52,58,118,29,42,35,51,122,62,4,21,59,39,24,47,17,37,25,16,79,90,168,39,64,17,60,56,9,37,69,38,10,42,26,49,58,34,60,28,43
333,223,115,50,275,79,284,81,84,113,264,291,514,198,144,153,222,495,255,21,65,284,171,98,176,62,181,133,144,340,408,780,158,278,59,280,274,55,130,305,174,51,236,113,250,260,157,321,106,179
545,460,214,77,504,113,443,152,170,210,422,601,947,341,267,264,336,919,509,59,284,277,294,204,331,122,344,232,292,649,815,1414,274,453,117,533,501,90,255,596,359,110,417,212,432,479,306,558,217,370
363,294,120,49,324,54,279,92,85,131,260,346,523,180,168,169,203,538,296,39,171,294,72,120,182,64,189,144,130,384,429,795,152,250,53,329,276,44,170,334,206,55,214,98,231,267,176,324,91,211
197,172,72,26,208,45,185,66,62,71,165,218,350,128,97,102,152,366,198,24,98,204,120,36,125,39,129,100,95,223,294,548,104,207,46,187,176,28,117,210,132,47,159,78,158,196,137,201,77,149
386,271,125,62,360,79,327,92,126,142,260,373,568,223,186,177,273,571,333,47,176,331,182,125,114,76,211,164,155,409,522,929,182,313,76,378,306,53,181,347,224,69,242,110,230,327,201,354,138,220
129,86,61,22,121,31,116,46,34,52,109,141,227,85,73,77,110,254,122,17,62,122,64,39,76,11,73,58,64,161,187,377,68,131,26,136,108,12,73,152,90,27,107,46,89,133,70,141,58,82
351,280,133,56,352,79,297,104,92,151,296,384,617,234,179,185,249,635,324,37,181,344,189,129,211,73,115,175,165,419,522,990,196,338,64,343,317,48,189,347,222,77,274,113,254,373,209,366,137,232
259,212,97,40,243,50,227,84,72,122,199,262,438,145,129,145,158,453,240,25,133,232,144,100,164,58,175,59,111,260,331,642,134,231,55,230,211,37,116,254,152,47,204,90,178,228,129,252,88,168
308,212,104,30,251,57,225,78,81,124,245,282,454,177,145,143,178,445,284,16,144,292,130,95,155,64,165,111,64,301,393,700,133,235,79,267,218,41,133,279,155,48,179,104,208,217,155,258,98,179
602,520,253,109,648,147,580,209,200,240,490,704,1173,387,331,352,391,1133,643,79,340,649,384,223,409,161,419,260,301,399,897,1784,346,525,137,664,596,113,316,671,404,126,455,247,515,656,399,661,233,427
743,677,284,103,722,164,701,229,233,324,662,871,1380,466,405,425,538,1359,796,90,408,815,429,294,522,187,522,331,393,897,594,2068,394,725,171,783,694,132,367,818,499,170,559,305,595,692,477,780,277,510
1129,1222,520,218,1404,285,1265,414,470,575,1115,1533,2427,881,734,848,1000,2397,1398,168,780,1414,795,548,929,377,990,642,700,1784,2068,1852,716,1326,315,1484,1275,237,712,1447,930,296,1069,498,1091,1286,859,1368,484,893
258,257,105,44,277,62,243,84,105,137,225,300,489,172,124,158,203,474,272,39,158,274,152,104,182,68,196,134,133,346,394,716,85,248,60,287,268,56,149,287,188,60,199,97,217,234,173,261,87,203
489,439,178,77,487,121,431,129,160,209,379,497,849,292,249,264,324,830,438,64,278,453,250,207,313,131,338,231,235,525,725,1326,248,224,109,481,421,70,241,508,340,111,338,174,387,443,305,487,176,352
124,97,42,29,98,31,106,30,32,51,97,137,201,80,58,62,69,191,108,17,59,117,53,46,76,26,64,55,79,137,171,315,60,109,15,114,98,12,41,108,75,25,83,41,92,108,65,118,36,72
478,421,217,78,511,103,565,151,176,216,429,621,914,333,290,304,390,940,540,60,280,533,329,187,378,136,343,230,267,664,783,1484,287,481,114,282,518,88,253,565,348,115,418,196,428,476,317,639,212,350
464,431,184,76,480,104,440,130,135,218,396,511,793,313,241,259,359,781,487,56,274,501,276,176,306,108,317,211,218,596,694,1275,268,421,98,518,209,72,252,476,308,101,331,188,353,405,269,479,169,332
92,74,37,13,84,17,83,19,20,32,67,96,150,51,34,46,58,155,90,9,55,90,44,28,53,12,48,37,41,113,132,237,56,70,12,88,72,6,43,98,73,22,66,31,73,92,58,99,33,48
248,189,100,46,231,63,240,74,78,80,190,273,461,162,144,141,193,475,268,37,130,255,170,117,181,73,189,116,133,316,367,712,149,241,41,253,252,43,62,242,200,67,187,98,223,236,165,265,91,168
459,476,190,76,521,109,512,157,167,197,433,588,946,352,287,306,397,955,582,69,305,596,334,210,347,152,347,254,279,671,818,1447,287,508,108,565,476,98,242,272,364,136,408,201,439,525,344,546,194,363
320,302,128,46,325,72,323,125,106,150,275,342,602,212,179,196,232,569,339,38,174,359,206,132,224,90,222,152,155,404,499,930,188,340,75,348,308,73,200,364,106,79,249,120,280,321,192,349,125,225
102,97,37,23,103,34,111,41,36,46,92,118,190,65,48,67,79,174,107,10,51,110,55,47,69,27,77,47,48,126,170,296,60,111,25,115,101,22,67,136,79,6,86,38,82,101,63,115,34,64
368,358,156,49,380,72,346,122,121,136,276,411,667,258,202,234,293,693,403,42,236,417,214,159,242,107,274,204,179,455,559,1069,199,338,83,418,331,66,187,408,249,86,144,133,291,357,222,382,133,225
178,161,67,35,197,48,179,73,67,75,151,207,300,131,95,117,151,327,205,26,113,212,98,78,110,46,113,90,104,247,305,498,97,174,41,196,188,31,98,201,120,38,133,35,157,175,115,185,66,138
424,351,155,74,405,104,363,116,148,168,335,469,736,233,213,228,312,717,412,49,250,432,231,158,230,89,254,178,208,515,595,1091,217,387,92,428,353,73,223,439,280,82,291,157,137,391,246,405,150,281
417,414,185,79,461,107,452,142,161,175,377,531,853,288,238,268,342,843,515,58,260,479,267,196,327,133,373,228,217,656,692,1286,234,443,108,476,405,92,236,525,321,101,357,175,391,209,322,487,158,344
345,275,135,49,357,69,272,93,112,140,284,327,529,197,161,183,259,533,307,34,157,306,176,137,201,70,209,129,155,399,477,859,173,305,65,317,269,58,165,344,192,63,222,115,246,322,99,301,117,231
515,505,209,82,533,124,491,168,173,216,442,607,887,315,289,321,407,885,536,60,321,558,324,201,354,141,366,252,258,661,780,1368,261,487,118,639,479,99,265,546,349,115,382,185,405,487,301,296,182,366
186,176,67,28,179,42,172,55,64,92,170,193,294,123,116,108,132,309,177,28,106,217,91,77,138,58,137,88,98,233,277,484,87,176,36,212,169,33,91,194,125,34,133,66,150,158,117,182,34,117
334,292,124,74,308,90,332,100,116,144,294,361,579,232,185,191,228,605,331,43,179,370,211,149,220,82,232,168,179,427,510,893,203,352,72,350,332,48,168,363,225,64,225,138,281,344,231,366,117,102
