261,419,195,73,515,105,455,165,169,261,447,492,812,380,310,322,366,831,487,65,342,519,342,197,379,132,352,304,288,648,702,1134,275,474,98,510,444,95,243,510,320,89,387,166,447,422,326,498,150,385
419,190,158,66,463,96,410,137,163,162,364,483,765,297,236,232,298,797,455,52,237,462,226,187,293,100,271,191,204,548,648,1242,226,423,108,459,389,58,226,460,275,97,333,159,312,409,259,433,162,286
195,158,36,43,218,53,188,70,72,78,174,241,348,140,111,113,141,346,208,22,99,230,108,87,132,40,143,73,95,255,308,563,115,184,44,200,187,27,104,233,117,45,165,64,148,179,129,202,80,145
73,66,43,6,106,18,83,27,36,36,62,77,150,56,67,61,60,138,82,13,47,82,46,30,58,24,69,33,43,112,130,238,40,85,17,83,64,9,50,63,54,19,65,29,57,68,69,85,32,40
515,463,218,106,241,119,508,173,153,229,429,569,924,338,259,295,382,917,470,64,259,484,283,204,327,136,375,243,240,627,729,1381,264,471,112,535,474,98,254,549,341,105,397,193,381,471,298,547,179,349
105,96,53,18,119,13,118,36,39,50,81,109,185,83,83,72,86,179,115,11,74,106,69,28,64,26,79,41,54,143,147,314,62,109,24,124,79,20,67,90,68,24,83,32,67,96,71,116,31,85
455,410,188,83,508,118,238,151,158,200,390,545,872,324,280,291,353,883,496,53,263,463,299,195,308,127,315,198,241,620,675,1345,274,467,104,491,417,87,258,478,305,91,338,172,345,456,292,504,178,303
165,137,70,27,173,36,151,20,56,67,147,168,263,107,80,85,112,250,149,15,90,169,84,71,84,34,95,82,83,178,214,447,90,145,28,150,148,30,69,155,98,37,128,47,113,138,104,160,47,95
169,163,72,36,153,39,158,56,26,77,147,203,294,113,95,106,118,305,154,23,83,174,83,62,107,36,106,83,77,224,258,459,88,155,50,168,168,24,90,189,119,34,147,67,127,168,107,192,58,110
261,162,78,36,229,50,200,67,77,35,169,226,352,134,116,137,137,377,204,22,109,212,126,79,129,56,146,92,98,273,278,528,111,181,52,212,191,34,121,216,123,36,176,72,169,170,145,198,80,131
447,364,174,62,429,81,390,147,147,169,153,469,746,281,261,274,317,777,406,45,230,430,265,151,289,106,278,192,232,538,604,1143,238,408,105,479,400,73,241,428,261,82,324,139,342,358,284,432,156,288
492,483,241,77,569,109,545,168,203,226,469,288,1070,371,292,323,419,1064,533,74,307,566,322,232,391,155,401,248,262,715,870,1540,321,501,126,563,499,89,279,591,353,105,428,220,479,501,343,583,207,366
812,765,348,150,924,185,872,263,294,352,746,1070,776,610,474,493,698,1433,931,109,491,947,512,382,611,225,650,441,453,1157,1310,2374,465,858,224,1006,837,145,425,951,601,175,639,344,727,781,584,920,317,646
380,297,140,56,338,83,324,107,113,134,281,371,610,95,165,167,240,592,353,26,192,359,180,127,210,71,203,133,191,423,488,887,183,293,72,354,268,70,170,339,211,59,252,121,247,309,196,337,116,216
310,236,111,67,259,83,280,80,95,116,261,292,474,165,65,127,209,485,255,22,144,269,136,132,184,65,159,132,145,317,395,750,140,265,66,289,269,40,140,282,169,57,217,98,241,230,163,273,99,180
322,232,113,61,295,72,291,85,106,137,274,323,493,167,127,80,219,509,280,34,172,297,160,144,188,61,180,132,132,352,424,843,163,290,73,283,292,53,177,324,162,67,221,108,251,243,169,317,109,204
366,298,141,60,382,86,353,112,118,137,317,419,698,240,209,219,136,682,336,46,192,372,205,130,252,87,239,171,173,461,525,955,210,346,89,386,336,65,196,403,244,78,290,129,284,352,242,418,133,244
831,797,346,138,917,179,883,250,305,377,777,1064,1433,592,485,509,682,784,908,108,525,964,530,391,614,223,655,475,507,1109,1332,2407,463,857,204,978,811,155,438,939,622,181,641,342,729,803,601,915,317,610
487,455,208,82,470,115,496,149,154,204,406,533,931,353,255,280,336,908,251,48,268,503,291,194,346,114,331,244,281,626,760,1408,286,459,129,553,481,88,248,550,325,98,385,185,417,467,329,523,186,343
65,52,22,13,64,11,53,15,23,22,45,74,109,26,22,34,46,108,48,3,33,52,31,19,27,21,48,31,24,79,93,187,34,53,12,69,62,10,24,66,42,11,47,23,39,57,36,78,22,30
342,237,99,47,259,74,263,90,83,109,230,307,491,192,144,172,192,525,268,33,80,279,183,112,178,57,172,112,143,331,400,799,173,271,69,271,306,36,153,298,174,64,226,97,229,228,168,299,113,192
519,462,230,82,484,106,463,169,174,212,430,566,947,359,269,297,372,964,503,52,279,291,306,206,350,99,320,238,276,641,777,1378,285,495,134,515,488,85,262,530,314,107,393,187,402,423,339,508,183,343
342,226,108,46,283,69,299,84,83,126,265,322,512,180,136,160,205,530,291,31,183,306,93,121,192,70,176,162,154,378,465,831,160,252,74,333,266,45,141,296,183,67,263,116,230,250,199,332,110,191
197,187,87,30,204,28,195,71,62,79,151,232,382,127,132,144,130,391,194,19,112,206,121,42,132,47,141,71,113,253,289,575,109,194,63,207,151,41,120,200,125,49,145,84,163,169,141,206,75,129
379,293,132,58,327,64,308,84,107,129,289,391,611,210,184,188,252,614,346,27,178,350,192,132,118,89,225,146,175,406,495,984,191,302,82,367,307,51,163,377,237,63,272,127,264,281,187,369,120,212
132,100,40,24,136,26,127,34,36,56,106,155,225,71,65,61,87,223,114,21,57,99,70,47,89,10,76,49,65,147,188,361,75,113,31,124,100,22,63,136,77,29,116,48,84,117,83,143,53,98
352,271,143,69,375,79,315,95,106,146,278,401,650,203,159,180,239,655,331,48,172,320,176,141,225,76,123,138,191,409,534,993,186,308,66,341,292,45,157,380,208,72,269,134,263,311,212,374,121,223
304,191,73,33,243,41,198,82,83,92,192,248,441,133,132,132,171,475,244,31,112,238,162,71,146,49,138,45,114,302,400,692,146,206,52,255,183,39,122,230,158,41,156,93,185,217,157,231,91,166
288,204,95,43,240,54,241,83,77,98,232,262,453,191,145,132,173,507,281,24,143,276,154,113,175,65,191,114,64,275,386,753,151,225,63,263,252,47,127,257,150,48,218,90,213,226,142,278,112,168
648,548,255,112,627,143,620,178,224,273,538,715,1157,423,317,352,461,1109,626,79,331,641,378,253,406,147,409,302,275,415,946,1732,327,594,161,682,605,107,327,669,428,134,493,231,482,598,391,736,248,412
702,648,308,130,729,147,675,214,258,278,604,870,1310,488,395,424,525,1332,760,93,400,777,465,289,495,188,534,400,386,946,546,2016,402,705,182,774,659,134,374,821,524,169,581,298,593,649,474,748,275,477
1134,1242,563,238,1381,314,1345,447,459,528,1143,1540,2374,887,750,843,955,2407,1408,187,799,1378,831,575,984,361,993,692,753,1732,2016,1862,711,1319,304,1496,1244,232,657,1481,855,318,1000,544,1133,1263,933,1378,454,947
275,226,115,40,264,62,274,90,88,111,238,321,465,183,140,163,210,463,286,34,173,285,160,109,191,75,186,146,151,327,402,711,61,261,70,330,272,53,154,287,174,54,189,104,213,243,181,254,92,183
474,423,184,85,471,109,467,145,155,181,408,501,858,293,265,290,346,857,459,53,271,495,252,194,302,113,308,206,225,594,705,1319,261,222,98,502,408,82,252,486,299,75,363,150,371,426,300,514,173,258
98,108,44,17,112,24,104,28,50,52,105,126,224,72,66,73,89,204,129,12,69,134,74,63,82,31,66,52,63,161,182,304,70,98,16,108,109,21,54,128,80,25,90,49,100,110,79,110,41,73
510,459,200,83,535,124,491,150,168,212,479,563,1006,354,289,283,386,978,553,69,271,515,333,207,367,124,341,255,263,682,774,1496,330,502,108,268,482,87,245,603,340,113,385,191,425,508,313,546,187,379
444,389,187,64,474,79,417,148,168,191,400,499,837,268,269,292,336,811,481,62,306,488,266,151,307,100,292,183,252,605,659,1244,272,408,109,482,213,76,250,439,292,95,367,190,382,410,303,501,175,322
95,58,27,9,98,20,87,30,24,34,73,89,145,70,40,53,65,155,88,10,36,85,45,41,51,22,45,39,47,107,134,232,53,82,21,87,76,5,37,102,49,18,77,31,64,80,58,89,22,53
243,226,104,50,254,67,258,69,90,121,241,279,425,170,140,177,196,438,248,24,153,262,141,120,163,63,157,122,127,327,374,657,154,252,54,245,250,37,57,257,159,56,207,92,195,236,157,265,85,191
510,460,233,63,549,90,478,155,189,216,428,591,951,339,282,324,403,939,550,66,298,530,296,200,377,136,380,230,257,669,821,1481,287,486,128,603,439,102,257,277,371,113,403,180,422,457,354,514,215,349
320,275,117,54,341,68,305,98,119,123,261,353,601,211,169,162,244,622,325,42,174,314,183,125,237,77,208,158,150,428,524,855,174,299,80,340,292,49,159,371,111,74,243,115,267,312,219,317,133,231
89,97,45,19,105,24,91,37,34,36,82,105,175,59,57,67,78,181,98,11,64,107,67,49,63,29,72,41,48,134,169,318,54,75,25,113,95,18,56,113,74,6,86,33,79,86,63,107,45,74
387,333,165,65,397,83,338,128,147,176,324,428,639,252,217,221,290,641,385,47,226,393,263,145,272,116,269,156,218,493,581,1000,189,363,90,385,367,77,207,403,243,86,122,144,329,361,253,376,142,268
166,159,64,29,193,32,172,47,67,72,139,220,344,121,98,108,129,342,185,23,97,187,116,84,127,48,134,93,90,231,298,544,104,150,49,191,190,31,92,180,115,33,144,37,146,159,121,212,69,127
447,312,148,57,381,67,345,113,127,169,342,479,727,247,241,251,284,729,417,39,229,402,230,163,264,84,263,185,213,482,593,1133,213,371,100,425,382,64,195,422,267,79,329,146,173,319,280,422,127,259
422,409,179,68,471,96,456,138,168,170,358,501,781,309,230,243,352,803,467,57,228,423,250,169,281,117,311,217,226,598,649,1263,243,426,110,508,410,80,236,457,312,86,361,159,319,193,284,461,190,331
326,259,129,69,298,71,292,104,107,145,284,343,584,196,163,169,242,601,329,36,168,339,199,141,187,83,212,157,142,391,474,933,181,300,79,313,303,58,157,354,219,63,253,121,280,284,121,307,111,233
498,433,202,85,547,116,504,160,192,198,432,583,920,337,273,317,418,915,523,78,299,508,332,206,369,143,374,231,278,736,748,1378,254,514,110,546,501,89,265,514,317,107,376,212,422,461,307,268,196,363
150,162,80,32,179,31,178,47,58,80,156,207,317,116,99,109,133,317,186,22,113,183,110,75,120,53,121,91,112,248,275,454,92,173,41,187,175,22,85,215,133,45,142,69,127,190,111,196,28,107
385,286,145,40,349,85,303,95,110,131,288,366,646,216,180,204,244,610,343,30,192,343,191,129,212,98,223,166,168,412,477,947,183,258,73,379,322,53,191,349,231,74,268,127,259,331,233,363,107,127
