264,478,250,103,510,133,499,216,176,249,483,519,867,379,338,376,375,876,522,72,348,487,317,201,404,150,398,282,330,674,688,1223,262,452,103,537,488,76,281,511,304,115,368,184,462,432,367,543,166,363
478,183,170,81,453,102,453,136,136,200,422,481,820,274,224,221,305,798,480,66,214,455,243,180,280,110,284,188,236,548,673,1188,247,430,101,462,430,76,210,487,286,105,369,149,346,418,263,491,155,293
250,170,48,25,194,37,181,57,52,70,172,213,376,120,95,106,150,357,226,21,105,207,125,71,124,42,123,99,95,244,306,599,102,199,54,222,187,29,92,231,122,41,151,83,135,179,129,208,88,125
103,81,25,6,73,17,82,28,32,37,76,103,121,57,45,56,58,136,81,9,50,74,52,40,68,18,57,41,40,103,113,193,46,89,19,105,81,9,34,87,45,16,48,28,57,67,61,81,20,58
510,453,194,73,242,131,504,147,159,205,406,582,975,332,266,317,382,918,501,52,265,526,333,231,337,129,355,246,279,660,806,1455,288,503,101,563,522,82,256,528,320,117,374,182,412,466,321,514,198,353
133,102,37,17,131,11,92,34,38,44,98,136,201,65,55,67,83,185,116,10,65,124,65,49,70,17,80,53,50,124,157,298,64,107,22,149,98,19,46,125,69,22,80,34,78,100,76,93,32,74
499,453,181,82,504,92,213,145,156,196,413,524,859,307,269,291,330,830,506,54,271,514,307,194,294,108,352,237,263,597,732,1311,280,443,99,549,466,81,242,558,329,101,380,183,383,439,294,486,180,320
216,136,57,28,147,34,145,26,46,62,131,159,276,99,78,89,134,270,183,17,104,161,91,68,93,40,98,73,96,197,230,420,87,154,31,171,139,24,69,156,91,38,109,50,120,135,92,164,61,112
176,136,52,32,159,38,156,46,28,64,131,170,265,110,74,88,122,280,183,19,69,172,113,51,85,40,109,79,80,208,242,455,89,154,33,178,161,26,92,153,105,35,106,60,125,174,102,159,61,113
249,200,70,37,205,44,196,62,64,40,183,231,350,145,96,117,145,355,226,36,104,238,129,64,133,66,144,88,98,254,318,539,110,200,65,215,191,39,113,206,119,45,155,72,168,194,135,222,68,141
483,422,172,76,406,98,413,131,131,183,165,471,729,327,205,251,329,695,462,72,232,449,264,152,259,112,299,221,230,547,646,1191,224,412,91,476,417,74,213,406,263,114,324,138,326,403,240,467,144,314
519,481,213,103,582,136,524,159,170,231,471,349,1064,354,301,316,388,1065,542,66,281,550,315,212,375,135,378,247,281,742,827,1591,319,512,144,547,542,117,252,624,384,134,457,233,436,551,324,595,213,395
867,820,376,121,975,201,859,276,265,350,729,1064,862,558,460,514,640,1483,931,118,493,942,548,342,620,211,581,423,437,1134,1457,2528,525,844,184,1011,912,182,479,982,605,203,685,352,711,881,562,959,337,637
379,274,120,57,332,65,307,99,110,145,327,354,558,121,156,178,228,561,326,40,173,367,197,136,205,87,206,144,164,416,497,913,180,325,59,329,311,53,169,347,196,67,255,126,256,329,203,327,117,192
338,224,95,45,266,55,269,78,74,96,205,301,460,156,62,116,186,470,266,27,142,278,170,103,170,64,174,128,143,330,433,741,143,242,53,268,242,39,124,294,178,50,205,81,208,213,140,269,94,164
376,221,106,56,317,67,291,89,88,117,251,316,514,178,116,67,197,518,303,25,139,305,156,120,179,62,174,166,133,360,459,795,157,261,70,281,284,46,157,339,202,54,212,94,208,268,174,280,87,159
375,305,150,58,382,83,330,134,122,145,329,388,640,228,186,197,133,645,337,48,196,348,232,130,261,100,247,156,196,446,519,1053,203,312,73,362,334,51,188,426,250,67,284,142,276,325,235,358,137,252
876,798,357,136,918,185,830,270,280,355,695,1065,1483,561,470,518,645,823,957,120,484,953,519,378,605,234,642,442,428,1146,1515,2523,509,837,189,1012,861,157,436,964,575,215,674,348,699,850,580,918,325,584
522,480,226,81,501,116,506,183,183,226,462,542,931,326,266,303,337,957,260,61,272,491,294,209,334,123,329,235,261,637,754,1455,316,482,111,549,456,82,264,546,344,110,401,210,423,482,322,550,187,365
72,66,21,9,52,10,54,17,19,36,72,66,118,40,27,25,48,120,61,3,32,67,29,31,36,16,45,23,33,66,94,188,41,49,8,79,59,12,34,69,38,12,52,25,47,51,37,63,16,40
348,214,105,50,265,65,271,104,69,104,232,281,493,173,142,139,196,484,272,32,64,286,152,131,189,65,175,133,129,348,403,736,133,260,62,274,277,44,157,297,185,69,216,99,224,249,166,296,109,175
487,455,207,74,526,124,514,161,172,238,449,550,942,367,278,305,348,953,491,67,286,282,323,195,358,119,347,232,269,617,797,1426,318,460,108,542,470,91,254,578,342,118,385,200,410,505,358,576,220,355
317,243,125,52,333,65,307,91,113,129,264,315,548,197,170,156,232,519,294,29,152,323,77,130,179,83,191,112,159,366,467,773,163,270,73,309,284,45,166,317,184,52,216,111,240,263,191,342,106,195
201,180,71,40,231,49,194,68,51,64,152,212,342,136,103,120,130,378,209,31,131,195,130,54,135,57,147,90,111,265,287,556,111,206,33,209,213,28,100,208,147,37,188,54,171,185,122,233,80,113
404,280,124,68,337,70,294,93,85,133,259,375,620,205,170,179,261,605,334,36,189,358,179,135,110,95,218,170,195,409,509,947,170,332,76,369,330,55,163,341,208,63,264,102,254,288,178,367,121,225
150,110,42,18,129,17,108,40,40,66,112,135,211,87,64,62,100,234,123,16,65,119,83,57,95,15,77,62,52,152,169,343,74,100,28,142,101,24,64,129,86,30,100,41,105,116,81,122,55,109
398,284,123,57,355,80,352,98,109,144,299,378,581,206,174,174,247,642,329,45,175,347,191,147,218,77,117,142,158,395,493,974,191,279,77,365,306,60,190,362,214,77,258,115,271,307,222,377,139,246
282,188,99,41,246,53,237,73,79,88,221,247,423,144,128,166,156,442,235,23,133,232,112,90,170,62,142,47,133,298,346,656,130,224,53,243,228,39,116,271,151,35,182,87,195,232,138,248,79,155
330,236,95,40,279,50,263,96,80,98,230,281,437,164,143,133,196,428,261,33,129,269,159,111,195,52,158,133,57,300,394,698,123,217,55,282,259,54,132,259,159,52,201,98,215,234,164,290,93,201
674,548,244,103,660,124,597,197,208,254,547,742,1134,416,330,360,446,1146,637,66,348,617,366,265,409,152,395,298,300,433,987,1863,360,584,132,671,573,98,345,706,442,132,491,258,492,601,385,662,266,424
688,673,306,113,806,157,732,230,242,318,646,827,1457,497,433,459,519,1515,754,94,403,797,467,287,509,169,493,346,394,987,579,2138,446,724,167,778,679,122,403,835,495,137,588,322,639,705,508,802,299,483
1223,1188,599,193,1455,298,1311,420,455,539,1191,1591,2528,913,741,795,1053,2523,1455,188,736,1426,773,556,947,343,974,656,698,1863,2138,2035,760,1317,323,1533,1286,246,693,1526,973,301,1042,483,1105,1377,878,1460,491,927
262,247,102,46,288,64,280,87,89,110,224,319,525,180,143,157,203,509,316,41,133,318,163,111,170,74,191,130,123,360,446,760,70,256,63,311,274,39,139,282,199,60,205,113,234,232,147,304,124,185
452,430,199,89,503,107,443,154,154,200,412,512,844,325,242,261,312,837,482,49,260,460,270,206,332,100,279,224,217,584,724,1317,256,227,102,498,455,76,242,530,306,77,351,180,359,431,330,474,169,303
103,101,54,19,101,22,99,31,33,65,91,144,184,59,53,70,73,189,111,8,62,108,73,33,76,28,77,53,55,132,167,323,63,102,12,144,99,23,53,103,74,30,90,48,92,107,71,116,45,70
537,462,222,105,563,149,549,171,178,215,476,547,1011,329,268,281,362,1012,549,79,274,542,309,209,369,142,365,243,282,671,778,1533,311,498,144,276,506,81,265,598,354,110,445,214,463,477,345,536,210,379
488,430,187,81,522,98,466,139,161,191,417,542,912,311,242,284,334,861,456,59,277,470,284,213,330,101,306,228,259,573,679,1286,274,455,99,506,213,75,247,523,324,90,347,159,391,433,308,489,173,320
76,76,29,9,82,19,81,24,26,39,74,117,182,53,39,46,51,157,82,12,44,91,45,28,55,24,60,39,54,98,122,246,39,76,23,81,75,4,41,82,65,20,67,27,70,84,52,74,27,69
281,210,92,34,256,46,242,69,92,113,213,252,479,169,124,157,188,436,264,34,157,254,166,100,163,64,190,116,132,345,403,693,139,242,53,265,247,41,56,268,180,62,205,96,182,230,155,227,98,170
511,487,231,87,528,125,558,156,153,206,406,624,982,347,294,339,426,964,546,69,297,578,317,208,341,129,362,271,259,706,835,1526,282,530,103,598,523,82,268,283,347,135,404,184,415,476,344,594,196,340
304,286,122,45,320,69,329,91,105,119,263,384,605,196,178,202,250,575,344,38,185,342,184,147,208,86,214,151,159,442,495,973,199,306,74,354,324,65,180,347,96,83,251,135,259,298,207,333,138,197
115,105,41,16,117,22,101,38,35,45,114,134,203,67,50,54,67,215,110,12,69,118,52,37,63,30,77,35,52,132,137,301,60,77,30,110,90,20,62,135,83,17,80,48,79,83,74,111,43,54
368,369,151,48,374,80,380,109,106,155,324,457,685,255,205,212,284,674,401,52,216,385,216,188,264,100,258,182,201,491,588,1042,205,351,90,445,347,67,205,404,251,80,149,140,314,397,241,407,126,289
184,149,83,28,182,34,183,50,60,72,138,233,352,126,81,94,142,348,210,25,99,200,111,54,102,41,115,87,98,258,322,483,113,180,48,214,159,27,96,184,135,48,140,40,139,190,125,208,71,110
462,346,135,57,412,78,383,120,125,168,326,436,711,256,208,208,276,699,423,47,224,410,240,171,254,105,271,195,215,492,639,1105,234,359,92,463,391,70,182,415,259,79,314,139,162,362,241,448,156,257
432,418,179,67,466,100,439,135,174,194,403,551,881,329,213,268,325,850,482,51,249,505,263,185,288,116,307,232,234,601,705,1377,232,431,107,477,433,84,230,476,298,83,397,190,362,222,272,511,188,302
367,263,129,61,321,76,294,92,102,135,240,324,562,203,140,174,235,580,322,37,166,358,191,122,178,81,222,138,164,385,508,878,147,330,71,345,308,52,155,344,207,74,241,125,241,272,84,345,110,200
543,491,208,81,514,93,486,164,159,222,467,595,959,327,269,280,358,918,550,63,296,576,342,233,367,122,377,248,290,662,802,1460,304,474,116,536,489,74,227,594,333,111,407,208,448,511,345,285,174,349
166,155,88,20,198,32,180,61,61,68,144,213,337,117,94,87,137,325,187,16,109,220,106,80,121,55,139,79,93,266,299,491,124,169,45,210,173,27,98,196,138,43,126,71,156,188,110,174,35,123
363,293,125,58,353,74,320,112,113,141,314,395,637,192,164,159,252,584,365,40,175,355,195,113,225,109,246,155,201,424,483,927,185,303,70,379,320,69,170,340,197,54,289,110,257,302,200,349,123,110
