258,430,201,82,496,106,505,196,188,203,444,505,784,381,307,350,387,805,519,60,331,531,334,198,369,146,376,267,311,596,708,1203,232,497,101,500,472,83,289,467,325,104,370,176,441,444,325,492,156,394
430,183,183,80,442,106,405,129,129,179,347,479,759,286,244,261,318,745,436,46,219,422,247,164,265,106,266,170,233,524,641,1197,232,395,88,452,410,73,209,412,294,89,313,159,363,415,255,430,155,285
201,183,42,46,215,50,174,64,81,97,184,218,400,130,110,112,134,363,198,15,111,208,132,81,141,50,127,81,99,247,342,587,116,208,58,197,182,26,103,198,112,32,141,74,170,179,115,187,92,142
82,80,46,6,70,18,71,28,26,32,84,92,137,65,42,64,72,123,90,8,54,97,49,32,52,20,58,51,34,107,123,197,40,96,17,88,90,18,40,81,49,21,54,46,69,75,51,78,30,55
496,442,215,70,226,98,468,153,136,206,419,578,947,326,258,299,381,923,520,71,281,519,310,210,356,121,367,231,225,600,711,1473,269,461,103,541,448,85,263,516,332,111,379,183,398,420,315,524,187,340
106,106,50,18,98,12,114,39,34,46,109,128,155,70,61,74,91,149,108,16,61,112,80,36,76,26,79,62,53,132,175,276,52,108,20,127,122,23,57,134,85,29,71,56,98,92,67,116,34,78
505,405,174,71,468,114,215,181,169,206,444,556,842,320,264,294,376,814,469,63,254,511,293,191,317,108,326,252,237,622,719,1306,260,437,104,520,456,78,271,472,303,109,354,189,370,427,326,497,174,312
196,129,64,28,153,39,181,27,50,55,117,155,283,94,84,89,114,317,114,17,87,146,97,74,111,43,104,73,72,204,224,431,88,135,38,167,177,29,84,144,99,21,106,58,143,134,97,172,61,105
188,129,81,26,136,34,169,50,30,77,157,189,305,112,84,84,136,293,168,27,97,158,100,67,109,33,99,72,77,226,254,472,93,175,42,189,173,31,80,153,110,24,119,49,130,132,93,170,57,106
203,179,97,32,206,46,206,55,77,62,173,222,321,149,102,96,152,364,193,29,121,202,121,81,149,54,148,78,101,271,290,568,117,183,49,199,190,33,98,228,148,42,158,71,177,175,136,198,77,152
444,347,184,84,419,109,444,117,157,173,168,463,739,294,234,247,316,762,432,53,228,450,272,162,293,121,286,177,224,542,652,1140,231,421,94,426,414,57,207,440,278,94,323,174,380,382,293,399,173,273
505,479,218,92,578,128,556,155,189,222,463,322,1073,362,297,338,405,1060,545,63,293,572,335,195,374,152,375,290,300,733,844,1536,326,563,130,609,471,93,262,590,343,111,446,214,458,486,371,623,235,369
784,759,400,137,947,155,842,283,305,321,739,1073,796,587,520,544,662,1483,922,124,508,930,546,354,602,243,621,429,452,1207,1381,2489,474,880,229,983,787,155,455,956,546,180,659,329,714,813,583,936,346,598
381,286,130,65,326,70,320,94,112,149,294,362,587,111,196,182,242,604,313,47,169,327,207,134,220,85,213,176,172,374,480,942,171,307,70,321,310,56,145,358,209,53,270,140,272,292,221,325,151,210
307,244,110,42,258,61,264,84,84,102,234,297,520,196,70,132,191,504,290,30,140,265,158,119,162,58,166,128,135,345,464,726,138,218,72,263,250,48,143,283,174,60,216,89,196,251,165,274,92,183
350,261,112,64,299,74,294,89,84,96,247,338,544,182,132,69,209,561,319,44,152,301,158,122,191,61,189,122,124,340,440,837,169,266,78,276,305,49,156,336,196,68,251,92,235,256,169,296,122,186
387,318,134,72,381,91,376,114,136,152,316,405,662,242,191,209,134,610,363,38,196,383,212,158,240,71,221,165,179,459,536,996,187,343,90,371,345,54,184,378,247,85,269,138,289,344,222,399,136,252
805,745,363,123,923,149,814,317,293,364,762,1060,1483,604,504,561,610,849,911,117,528,910,535,341,637,238,637,456,405,1141,1334,2461,458,867,233,956,802,143,466,955,587,192,672,331,722,788,598,913,359,590
519,436,198,90,520,108,469,114,168,193,432,545,922,313,290,319,363,911,238,68,280,482,317,224,366,145,355,257,249,646,746,1435,288,435,102,568,485,81,265,515,344,86,397,172,432,461,314,541,188,330
60,46,15,8,71,16,63,17,27,29,53,63,124,47,30,44,38,117,68,2,30,60,35,19,34,15,40,29,20,69,103,196,35,60,15,60,62,6,35,63,36,9,47,19,47,60,34,64,21,48
331,219,111,54,281,61,254,87,97,121,228,293,508,169,140,152,196,528,280,30,75,244,141,114,168,70,175,134,143,329,394,753,131,249,64,270,258,47,157,292,182,62,234,92,200,228,148,280,98,196
531,422,208,97,519,112,511,146,158,202,450,572,930,327,265,301,383,910,482,60,244,231,313,222,361,127,356,277,281,636,721,1400,278,432,89,584,495,77,256,529,340,106,422,182,410,498,316,513,193,338
334,247,132,49,310,80,293,97,100,121,272,335,546,207,158,158,212,535,317,35,141,313,80,123,209,67,181,155,139,384,459,837,180,263,71,277,295,48,150,316,173,64,210,99,245,285,210,327,126,208
198,164,81,32,210,36,191,74,67,81,162,195,354,134,119,122,158,341,224,19,114,222,123,49,129,63,135,89,101,255,333,546,110,193,42,197,171,22,94,211,127,32,151,77,162,189,142,224,86,124
369,265,141,52,356,76,317,111,109,149,293,374,602,220,162,191,240,637,366,34,168,361,209,129,100,68,204,142,146,439,477,973,187,310,78,338,333,45,154,332,219,60,269,122,262,313,208,347,131,226
146,106,50,20,121,26,108,43,33,54,121,152,243,85,58,61,71,238,145,15,70,127,67,63,68,18,75,50,52,143,182,387,66,113,27,123,115,19,66,140,79,23,88,50,88,119,81,120,54,97
376,266,127,58,367,79,326,104,99,148,286,375,621,213,166,189,221,637,355,40,175,356,181,135,204,75,107,159,128,416,522,1020,196,291,75,356,297,50,164,346,224,60,260,130,263,333,207,351,142,232
267,170,81,51,231,62,252,73,72,78,177,290,429,176,128,122,165,456,257,29,134,277,155,89,142,50,159,40,133,308,378,665,140,231,64,222,223,43,108,225,149,51,178,86,209,216,145,242,100,162
311,233,99,34,225,53,237,72,77,101,224,300,452,172,135,124,179,405,249,20,143,281,139,101,146,52,128,133,59,300,426,718,135,226,57,286,249,40,129,298,160,48,190,91,185,244,149,266,101,173
596,524,247,107,600,132,622,204,226,271,542,733,1207,374,345,340,459,1141,646,69,329,636,384,255,439,143,416,308,300,374,951,1816,353,595,151,659,577,98,314,679,395,146,482,246,500,548,401,663,238,429
708,641,342,123,711,175,719,224,254,290,652,844,1381,480,464,440,536,1334,746,103,394,721,459,333,477,182,522,378,426,951,557,2005,433,695,177,810,721,130,387,745,512,153,597,278,611,675,482,736,299,479
1203,1197,587,197,1473,276,1306,431,472,568,1140,1536,2489,942,726,837,996,2461,1435,196,753,1400,837,546,973,387,1020,665,718,1816,2005,1842,732,1292,343,1524,1281,219,703,1459,867,283,1024,502,1108,1254,873,1425,499,910
232,232,116,40,269,52,260,88,93,117,231,326,474,171,138,169,187,458,288,35,131,278,180,110,187,66,196,140,135,353,433,732,67,237,63,280,249,42,146,278,189,49,180,96,220,229,180,291,109,167
497,395,208,96,461,108,437,135,175,183,421,563,880,307,218,266,343,867,435,60,249,432,263,193,310,113,291,231,226,595,695,1292,237,207,88,497,487,88,221,488,305,93,337,179,376,425,285,515,177,341
101,88,58,17,103,20,104,38,42,49,94,130,229,70,72,78,90,233,102,15,64,89,71,42,78,27,75,64,57,151,177,343,63,88,13,128,101,29,56,103,69,14,90,38,85,95,85,145,48,87
500,452,197,88,541,127,520,167,189,199,426,609,983,321,263,276,371,956,568,60,270,584,277,197,338,123,356,222,286,659,810,1524,280,497,128,264,494,73,276,564,377,117,390,204,406,504,312,540,202,352
472,410,182,90,448,122,456,177,173,190,414,471,787,310,250,305,345,802,485,62,258,495,295,171,333,115,297,223,249,577,721,1281,249,487,101,494,250,90,252,485,316,103,352,184,388,450,301,451,163,297
83,73,26,18,85,23,78,29,31,33,57,93,155,56,48,49,54,143,81,6,47,77,48,22,45,19,50,43,40,98,130,219,42,88,29,73,90,4,35,83,49,13,76,34,65,93,41,92,40,53
289,209,103,40,263,57,271,84,80,98,207,262,455,145,143,156,184,466,265,35,157,256,150,94,154,66,164,108,129,314,387,703,146,221,56,276,252,35,56,257,189,47,180,99,207,241,169,250,105,177
467,412,198,81,516,134,472,144,153,228,440,590,956,358,283,336,378,955,515,63,292,529,316,211,332,140,346,225,298,679,745,1459,278,488,103,564,485,83,257,286,357,106,431,185,394,485,310,519,167,372
325,294,112,49,332,85,303,99,110,148,278,343,546,209,174,196,247,587,344,36,182,340,173,127,219,79,224,149,160,395,512,867,189,305,69,377,316,49,189,357,119,61,231,124,253,328,191,361,122,225
104,89,32,21,111,29,109,21,24,42,94,111,180,53,60,68,85,192,86,9,62,106,64,32,60,23,60,51,48,146,153,283,49,93,14,117,103,13,47,106,61,2,74,34,77,86,56,105,34,64
370,313,141,54,379,71,354,106,119,158,323,446,659,270,216,251,269,672,397,47,234,422,210,151,269,88,260,178,190,482,597,1024,180,337,90,390,352,76,180,431,231,74,159,132,313,369,242,363,145,266
176,159,74,46,183,56,189,58,49,71,174,214,329,140,89,92,138,331,172,19,92,182,99,77,122,50,130,86,91,246,278,502,96,179,38,204,184,34,99,185,124,34,132,33,134,186,104,183,58,138
441,363,170,69,398,98,370,143,130,177,380,458,714,272,196,235,289,722,432,47,200,410,245,162,262,88,263,209,185,500,611,1108,220,376,85,406,388,65,207,394,253,77,313,134,166,414,252,394,153,279
444,415,179,75,420,92,427,134,132,175,382,486,813,292,251,256,344,788,461,60,228,498,285,189,313,119,333,216,244,548,675,1254,229,425,95,504,450,93,241,485,328,86,369,186,414,208,282,433,173,285
325,255,115,51,315,67,326,97,93,136,293,371,583,221,165,169,222,598,314,34,148,316,210,142,208,81,207,145,149,401,482,873,180,285,85,312,301,41,169,310,191,56,242,104,252,282,111,359,129,198
492,430,187,78,524,116,497,172,170,198,399,623,936,325,274,296,399,913,541,64,280,513,327,224,347,120,351,242,266,663,736,1425,291,515,145,540,451,92,250,519,361,105,363,183,394,433,359,245,202,340
156,155,92,30,187,34,174,61,57,77,173,235,346,151,92,122,136,359,188,21,98,193,126,86,131,54,142,100,101,238,299,499,109,177,48,202,163,40,105,167,122,34,145,58,153,173,129,202,27,111
394,285,142,55,340,78,312,105,106,152,273,369,598,210,183,186,252,590,330,48,196,338,208,124,226,97,232,162,173,429,479,910,167,341,87,352,297,53,177,372,225,64,266,138,279,285,198,340,111,108
