237,418,202,89,518,118,466,178,192,238,452,510,803,366,302,345,357,792,497,68,336,512,298,219,353,124,359,267,292,621,729,1146,247,451,128,491,491,102,261,474,293,94,396,177,433,422,300,490,167,362
418,195,176,76,469,104,394,142,128,191,379,492,780,278,235,237,285,769,395,51,241,431,238,192,310,111,285,202,223,540,666,1146,238,391,96,436,425,73,216,456,295,97,315,171,365,413,255,474,170,323
202,176,40,32,203,49,172,74,74,80,169,221,359,143,108,108,155,353,205,22,108,224,114,75,139,43,128,91,94,255,324,543,101,205,63,184,188,31,113,202,127,38,160,73,160,192,159,206,72,147
89,76,32,4,92,18,68,37,18,32,75,97,146,54,42,54,57,129,81,12,56,86,48,38,42,16,55,43,43,113,129,230,45,75,22,89,77,11,44,93,54,16,63,33,62,66,52,73,25,65
518,469,203,92,260,123,442,159,185,201,438,572,892,327,248,284,370,854,524,57,275,546,288,206,343,120,358,232,247,629,825,1344,268,451,106,537,462,83,232,541,332,110,370,178,420,457,295,506,185,330
118,104,49,18,123,7,97,52,28,50,81,115,170,88,58,69,96,190,117,14,78,123,76,60,56,23,83,54,63,143,152,295,54,104,27,130,99,23,67,91,76,29,72,39,86,105,74,103,41,69
466,394,172,68,442,97,221,156,149,212,412,488,830,314,274,274,364,839,468,64,296,514,297,211,291,119,297,222,253,636,698,1285,245,416,112,518,425,85,254,504,296,90,363,186,385,450,321,475,176,325
178,142,74,37,159,52,156,22,42,65,138,163,280,95,90,77,121,297,182,22,90,171,89,65,103,38,116,66,74,197,236,432,90,176,38,165,146,23,74,185,125,34,127,70,126,169,89,151,53,103
192,128,74,18,185,28,149,42,20,60,139,190,298,99,91,106,108,286,166,22,81,181,84,63,87,42,102,70,61,190,285,468,91,137,44,184,141,25,85,185,110,28,142,71,122,148,93,176,48,112
238,191,80,32,201,50,212,65,60,41,167,218,395,121,118,128,150,398,208,33,123,217,136,97,159,67,134,109,122,262,339,602,107,193,55,206,206,33,110,223,142,47,196,83,190,199,138,222,81,144
452,379,169,75,438,81,412,138,139,167,176,495,780,298,235,260,329,761,442,67,252,458,274,191,293,123,290,200,205,554,676,1152,210,402,86,463,407,85,205,439,293,96,336,179,372,382,264,432,146,300
510,492,221,97,572,115,488,163,190,218,495,302,985,340,306,319,408,993,571,68,342,580,344,215,396,152,372,293,277,671,854,1538,332,504,143,607,504,100,284,570,362,94,418,217,454,492,381,573,207,352
803,780,359,146,892,170,830,280,298,395,780,985,772,594,498,544,642,1402,906,112,507,883,573,338,589,242,660,433,450,1074,1282,2340,465,850,208,956,811,135,435,909,543,193,658,322,676,794,570,915,316,586
366,278,143,54,327,88,314,95,99,121,298,340,594,109,185,180,233,585,339,39,183,333,189,141,244,76,196,133,170,463,463,913,165,290,80,337,277,46,160,344,225,68,260,114,276,349,221,321,132,209
302,235,108,42,248,58,274,90,91,118,235,306,498,185,67,141,202,493,273,32,137,262,159,129,187,72,179,102,141,322,360,788,137,240,54,304,271,35,125,285,191,44,230,91,201,255,161,303,102,177
345,237,108,54,284,69,274,77,106,128,260,319,544,180,141,84,192,521,305,30,162,299,157,124,191,75,184,122,155,313,421,838,164,263,50,341,291,45,150,340,203,52,252,104,232,272,175,315,107,195
357,285,155,57,370,96,364,121,108,150,329,408,642,233,202,192,113,646,353,41,208,342,169,138,226,79,234,187,167,495,541,979,193,336,95,369,348,64,183,404,238,62,268,140,291,330,224,380,127,271
792,769,353,129,854,190,839,297,286,398,761,993,1402,585,493,521,646,778,916,108,476,865,593,333,606,260,668,444,445,1092,1318,2395,489,821,188,979,794,145,421,913,564,190,698,336,718,810,554,927,319,605
497,395,205,81,524,117,468,182,166,208,442,571,906,339,273,305,353,916,255,66,260,462,314,215,315,130,331,226,258,620,747,1359,246,499,106,576,492,82,270,573,312,104,419,181,416,447,336,523,179,329
68,51,22,12,57,14,64,22,22,33,67,68,112,39,32,30,41,108,66,2,28,72,33,27,44,12,38,18,23,75,95,183,38,63,22,64,59,14,38,73,46,12,48,14,55,61,30,61,25,53
336,241,108,56,275,78,296,90,81,123,252,342,507,183,137,162,208,476,260,28,62,249,171,125,174,62,150,136,149,331,403,803,153,263,58,280,286,45,136,286,196,56,229,110,217,267,167,302,93,199
512,431,224,86,546,123,514,171,181,217,458,580,883,333,262,299,342,865,462,72,249,254,295,207,317,129,339,219,251,640,751,1385,253,508,112,529,497,69,285,553,353,104,393,194,404,452,318,531,175,368
298,238,114,48,288,76,297,89,84,136,274,344,573,189,159,157,169,593,314,33,171,295,96,128,197,68,192,151,144,360,471,923,161,270,80,271,294,51,148,308,196,62,237,104,252,284,196,341,118,196
219,192,75,38,206,60,211,65,63,97,191,215,338,141,129,124,138,333,215,27,125,207,128,40,138,58,126,95,108,244,290,549,103,180,43,206,193,20,125,220,129,41,145,83,165,193,141,216,67,151
353,310,139,42,343,56,291,103,87,159,293,396,589,244,187,191,226,606,315,44,174,317,197,138,88,84,200,156,151,399,501,932,181,295,68,342,330,48,159,354,239,71,224,132,259,323,211,331,112,228
124,111,43,16,120,23,119,38,42,67,123,152,242,76,72,75,79,260,130,12,62,129,68,58,84,15,83,63,62,143,191,359,77,100,32,135,115,29,49,155,74,26,87,36,86,127,78,139,52,80
359,285,128,55,358,83,297,116,102,134,290,372,660,196,179,184,234,668,331,38,150,339,192,126,200,83,108,151,161,409,539,960,180,313,70,369,315,57,172,391,197,71,235,118,271,337,208,388,144,242
267,202,91,43,232,54,222,66,70,109,200,293,433,133,102,122,187,444,226,18,136,219,151,95,156,63,151,59,104,321,335,644,124,218,55,204,226,35,102,256,159,44,216,87,197,230,144,254,92,172
292,223,94,43,247,63,253,74,61,122,205,277,450,170,141,155,167,445,258,23,149,251,144,108,151,62,161,104,59,287,398,738,126,223,58,262,246,38,140,285,174,48,200,99,200,216,164,291,101,171
621,540,255,113,629,143,636,197,190,262,554,671,1074,463,322,313,495,1092,620,75,331,640,360,244,399,143,409,321,287,404,997,1750,332,582,130,677,559,86,330,708,422,133,443,252,495,568,385,674,201,424
729,666,324,129,825,152,698,236,285,339,676,854,1282,463,360,421,541,1318,747,95,403,751,471,290,501,191,539,335,398,997,566,2045,380,745,156,754,688,129,410,789,484,146,585,283,579,657,473,794,262,557
1146,1146,543,230,1344,295,1285,432,468,602,1152,1538,2340,913,788,838,979,2395,1359,183,803,1385,923,549,932,359,960,644,738,1750,2045,1923,737,1320,318,1493,1320,211,693,1420,895,275,1012,463,1077,1253,881,1464,507,932
247,238,101,45,268,54,245,90,91,107,210,332,465,165,137,164,193,489,246,38,153,253,161,103,181,77,180,124,126,332,380,737,65,278,57,283,254,42,148,257,189,48,204,87,213,251,157,259,98,178
451,391,205,75,451,104,416,176,137,193,402,504,850,290,240,263,336,821,499,63,263,508,270,180,295,100,313,218,223,582,745,1320,278,214,109,471,405,65,244,482,289,98,377,183,342,443,330,475,192,320
128,96,63,22,106,27,112,38,44,55,86,143,208,80,54,50,95,188,106,22,58,112,80,43,68,32,70,55,58,130,156,318,57,109,11,139,83,18,54,109,63,19,85,32,87,99,78,129,41,84
491,436,184,89,537,130,518,165,184,206,463,607,956,337,304,341,369,979,576,64,280,529,271,206,342,135,369,204,262,677,754,1493,283,471,139,252,507,84,267,574,351,89,414,185,393,490,358,546,209,347
491,425,188,77,462,99,425,146,141,206,407,504,811,277,271,291,348,794,492,59,286,497,294,193,330,115,315,226,246,559,688,1320,254,405,83,507,224,79,256,476,326,86,380,176,367,438,318,488,181,327
102,73,31,11,83,23,85,23,25,33,85,100,135,46,35,45,64,145,82,14,45,69,51,20,48,29,57,35,38,86,129,211,42,65,18,84,79,8,41,83,55,12,76,29,61,70,43,106,33,60
261,216,113,44,232,67,254,74,85,110,205,284,435,160,125,150,183,421,270,38,136,285,148,125,159,49,172,102,140,330,410,693,148,244,54,267,256,41,72,289,176,52,192,104,217,239,141,269,92,171
474,456,202,93,541,91,504,185,185,223,439,570,909,344,285,340,404,913,573,73,286,553,308,220,354,155,391,256,285,708,789,1420,257,482,109,574,476,83,289,277,338,119,382,216,442,478,325,563,185,362
293,295,127,54,332,76,296,125,110,142,293,362,543,225,191,203,238,564,312,46,196,353,196,129,239,74,197,159,174,422,484,895,189,289,63,351,326,55,176,338,103,67,253,134,278,292,218,320,124,216
94,97,38,16,110,29,90,34,28,47,96,94,193,68,44,52,62,190,104,12,56,104,62,41,71,26,71,44,48,133,146,275,48,98,19,89,86,12,52,119,67,6,89,35,83,99,71,114,35,77
396,315,160,63,370,72,363,127,142,196,336,418,658,260,230,252,268,698,419,48,229,393,237,145,224,87,235,216,200,443,585,1012,204,377,85,414,380,76,192,382,253,89,144,141,313,371,243,396,135,254
177,171,73,33,178,39,186,70,71,83,179,217,322,114,91,104,140,336,181,14,110,194,104,83,132,36,118,87,99,252,283,463,87,183,32,185,176,29,104,216,134,35,141,38,152,172,116,200,72,135
433,365,160,62,420,86,385,126,122,190,372,454,676,276,201,232,291,718,416,55,217,404,252,165,259,86,271,197,200,495,579,1077,213,342,87,393,367,61,217,442,278,83,313,152,156,348,260,451,129,284
422,413,192,66,457,105,450,169,148,199,382,492,794,349,255,272,330,810,447,61,267,452,284,193,323,127,337,230,216,568,657,1253,251,443,99,490,438,70,239,478,292,99,371,172,348,191,287,441,176,308
300,255,159,52,295,74,321,89,93,138,264,381,570,221,161,175,224,554,336,30,167,318,196,141,211,78,208,144,164,385,473,881,157,330,78,358,318,43,141,325,218,71,243,116,260,287,76,321,104,216
490,474,206,73,506,103,475,151,176,222,432,573,915,321,303,315,380,927,523,61,302,531,341,216,331,139,388,254,291,674,794,1464,259,475,129,546,488,106,269,563,320,114,396,200,451,441,321,268,183,372
167,170,72,25,185,41,176,53,48,81,146,207,316,132,102,107,127,319,179,25,93,175,118,67,112,52,144,92,101,201,262,507,98,192,41,209,181,33,92,185,124,35,135,72,129,176,104,183,26,130
362,323,147,65,330,69,325,103,112,144,300,352,586,209,177,195,271,605,329,53,199,368,196,151,228,80,242,172,171,424,557,932,178,320,84,347,327,60,171,362,216,77,254,135,284,308,216,372,130,118
