300,464,207,96,487,92,465,189,160,227,440,500,816,387,292,331,375,860,507,78,300,548,346,228,349,141,383,276,298,635,719,1173,222,504,103,558,501,101,269,500,310,118,393,181,444,456,350,520,183,384
464,177,167,74,436,112,469,123,148,188,389,475,783,310,228,239,356,767,454,60,229,471,240,193,271,110,290,178,222,538,678,1187,243,403,105,475,425,72,217,458,313,83,350,175,355,404,264,437,161,297
207,167,29,33,212,57,193,51,50,75,163,199,363,126,111,99,135,352,215,27,89,209,133,65,145,50,122,87,72,237,300,559,107,159,42,194,167,33,93,219,128,42,174,77,157,196,118,216,76,110
96,74,33,5,81,17,85,25,29,41,70,89,146,56,47,51,52,154,83,8,65,99,49,36,55,23,60,39,42,111,113,193,37,68,27,99,78,16,39,80,66,23,68,29,84,83,58,89,35,63
487,436,212,81,247,117,507,143,150,192,402,581,1011,355,284,304,361,958,505,58,252,518,318,186,341,138,336,251,250,652,776,1435,283,445,124,522,449,100,245,522,341,82,374,186,413,460,332,545,175,331
92,112,57,17,117,9,100,26,33,57,91,140,211,83,70,75,73,222,110,17,79,123,78,53,77,38,92,51,67,161,160,284,71,91,33,115,102,15,55,136,84,25,104,47,113,113,89,105,38,84
465,469,193,85,507,100,238,133,148,217,402,543,882,304,262,279,340,912,501,54,289,503,313,181,313,126,330,233,224,609,711,1360,282,465,102,518,467,83,240,555,320,109,371,196,368,439,333,504,156,279
189,123,51,25,143,26,133,16,52,61,129,159,266,100,87,90,103,288,154,23,83,170,79,63,102,37,102,79,72,177,218,439,70,156,34,162,148,30,61,156,95,28,113,52,121,138,104,150,58,96
160,148,50,29,150,33,148,52,19,68,149,191,303,100,83,100,94,322,176,13,107,156,99,60,107,44,108,74,74,186,253,472,96,154,43,171,148,29,81,174,94,40,114,66,130,162,104,198,63,97
227,188,75,41,192,57,217,61,68,42,171,240,343,147,113,120,131,331,234,15,117,233,131,71,132,51,140,126,119,254,325,532,101,191,53,198,189,36,80,221,132,42,148,73,157,173,129,212,73,144
440,389,163,70,402,91,402,129,149,171,182,505,775,294,228,252,305,769,457,51,240,445,267,177,307,125,319,208,232,565,673,1112,220,379,93,442,402,71,195,466,279,92,321,169,360,421,269,475,154,290
500,475,199,89,581,140,543,159,191,240,505,291,1021,347,277,294,424,1045,566,57,331,547,341,223,366,142,372,261,265,725,846,1632,313,503,139,610,498,90,253,683,401,122,427,200,437,576,360,586,205,379
816,783,363,146,1011,211,882,266,303,343,775,1021,829,592,475,517,706,1468,903,116,499,957,615,370,622,191,609,423,485,1149,1350,2515,491,894,226,986,870,142,497,1063,663,183,669,346,749,854,548,974,338,608
387,310,126,56,355,83,304,100,100,147,294,347,592,98,192,184,244,524,334,37,171,320,188,110,194,78,212,154,152,395,485,896,169,321,69,346,312,65,171,376,197,61,269,134,245,282,231,339,140,220
292,228,111,47,284,70,262,87,83,113,228,277,475,192,71,136,206,481,282,33,144,280,142,109,177,65,175,108,152,319,428,705,139,267,61,307,249,40,145,302,174,54,213,100,219,241,163,275,95,175
331,239,99,51,304,75,279,90,100,120,252,294,517,184,136,63,192,515,305,36,154,309,158,119,204,77,181,107,144,310,468,876,160,276,66,322,285,45,151,316,181,46,205,94,228,257,186,298,111,179
375,356,135,52,361,73,340,103,94,131,305,424,706,244,206,192,118,684,393,46,209,380,186,148,262,88,262,150,181,470,541,1062,216,330,92,373,320,60,170,383,218,86,304,118,306,356,216,380,150,225
860,767,352,154,958,222,912,288,322,331,769,1045,1468,524,481,515,684,821,908,105,497,899,580,351,656,199,619,415,438,1142,1413,2518,534,874,220,959,877,138,509,1006,624,180,705,332,771,875,557,988,348,596
507,454,215,83,505,110,501,154,176,234,457,566,903,334,282,305,393,908,259,65,272,501,294,195,327,110,357,232,239,655,785,1412,281,450,116,519,477,92,272,534,348,101,438,187,429,482,318,518,218,341
78,60,27,8,58,17,54,23,13,15,51,57,116,37,33,36,46,105,65,5,23,79,36,29,34,11,34,33,30,75,93,173,32,50,19,62,57,8,37,75,43,9,44,27,53,64,28,79,26,44
300,229,89,65,252,79,289,83,107,117,240,331,499,171,144,154,209,497,272,23,75,276,161,116,184,77,203,113,154,319,419,798,147,265,55,280,266,41,133,317,181,55,208,106,208,255,144,291,95,198
548,471,209,99,518,123,503,170,156,233,445,547,957,320,280,309,380,899,501,79,276,267,317,210,349,129,368,236,237,703,754,1397,273,478,100,590,475,86,268,509,339,94,405,196,393,501,301,527,203,386
346,240,133,49,318,78,313,79,99,131,267,341,615,188,142,158,186,580,294,36,161,317,87,135,199,70,204,133,148,381,472,846,166,286,63,286,285,53,135,361,204,54,243,124,241,273,206,284,103,198
228,193,65,36,186,53,181,63,60,71,177,223,370,110,109,119,148,351,195,29,116,210,135,32,131,57,139,98,109,213,301,568,101,199,48,223,165,37,101,207,129,33,147,75,144,206,124,207,96,139
349,271,145,55,341,77,313,102,107,132,307,366,622,194,177,204,262,656,327,34,184,349,199,131,105,61,209,156,164,414,538,945,192,323,81,327,315,47,192,353,189,64,253,133,256,305,207,356,125,214
141,110,50,23,138,38,126,37,44,51,125,142,191,78,65,77,88,199,110,11,77,129,70,57,61,7,84,66,74,146,191,337,51,134,35,133,112,22,49,138,90,22,84,43,88,98,71,138,45,87
383,290,122,60,336,92,330,102,108,140,319,372,609,212,175,181,262,619,357,34,203,368,204,139,209,84,110,157,177,410,537,948,178,337,83,386,306,51,150,367,206,57,265,113,262,292,193,362,111,253
276,178,87,39,251,51,233,79,74,126,208,261,423,154,108,107,150,415,232,33,113,236,133,98,156,66,157,45,105,286,383,652,152,221,50,211,235,36,120,268,140,41,181,101,201,210,163,216,99,164
298,222,72,42,250,67,224,72,74,119,232,265,485,152,152,144,181,438,239,30,154,237,148,109,164,74,177,105,55,305,378,696,138,230,50,261,252,36,109,273,153,46,182,85,185,225,144,265,104,169
635,538,237,111,652,161,609,177,186,254,565,725,1149,395,319,310,470,1142,655,75,319,703,381,213,414,146,410,286,305,401,977,1745,360,590,154,668,597,116,371,728,455,115,495,241,477,620,419,648,244,367
719,678,300,113,776,160,711,218,253,325,673,846,1350,485,428,468,541,1413,785,93,419,754,472,301,538,191,537,383,378,977,576,2151,429,685,166,786,693,127,371,814,505,144,602,306,608,707,471,806,289,521
1173,1187,559,193,1435,284,1360,439,472,532,1112,1632,2515,896,705,876,1062,2518,1412,173,798,1397,846,568,945,337,948,652,696,1745,2151,1967,736,1269,314,1542,1274,244,775,1557,989,308,1010,528,1143,1376,906,1472,516,908
222,243,107,37,283,71,282,70,96,101,220,313,491,169,139,160,216,534,281,32,147,273,166,101,192,51,178,152,138,360,429,736,79,242,67,302,238,45,145,326,194,54,205,93,209,251,176,280,100,163
504,403,159,68,445,91,465,156,154,191,379,503,894,321,267,276,330,874,450,50,265,478,286,199,323,134,337,221,230,590,685,1269,242,207,122,504,419,81,204,481,323,100,335,184,420,429,313,494,189,286
103,105,42,27,124,33,102,34,43,53,93,139,226,69,61,66,92,220,116,19,55,100,63,48,81,35,83,50,50,154,166,314,67,122,10,118,124,24,61,125,68,19,80,46,92,116,80,128,41,87
558,475,194,99,522,115,518,162,171,198,442,610,986,346,307,322,373,959,519,62,280,590,286,223,327,133,386,211,261,668,786,1542,302,504,118,281,522,88,288,622,340,105,412,208,435,513,326,558,216,331
501,425,167,78,449,102,467,148,148,189,402,498,870,312,249,285,320,877,477,57,266,475,285,165,315,112,306,235,252,597,693,1274,238,419,124,522,199,91,232,483,300,89,361,172,364,456,309,500,161,307
101,72,33,16,100,15,83,30,29,36,71,90,142,65,40,45,60,138,92,8,41,86,53,37,47,22,51,36,36,116,127,244,45,81,24,88,91,6,48,85,54,18,64,39,66,78,50,104,32,52
269,217,93,39,245,55,240,61,81,80,195,253,497,171,145,151,170,509,272,37,133,268,135,101,192,49,150,120,109,371,371,775,145,204,61,288,232,48,61,280,155,42,201,72,207,245,152,236,88,151
500,458,219,80,522,136,555,156,174,221,466,683,1063,376,302,316,383,1006,534,75,317,509,361,207,353,138,367,268,273,728,814,1557,326,481,125,622,483,85,280,260,340,116,403,189,440,536,297,559,215,367
310,313,128,66,341,84,320,95,94,132,279,401,663,197,174,181,218,624,348,43,181,339,204,129,189,90,206,140,153,455,505,989,194,323,68,340,300,54,155,340,120,70,266,134,265,326,202,329,123,192
118,83,42,23,82,25,109,28,40,42,92,122,183,61,54,46,86,180,101,9,55,94,54,33,64,22,57,41,46,115,144,308,54,100,19,105,89,18,42,116,70,7,62,34,81,98,66,89,34,51
393,350,174,68,374,104,371,113,114,148,321,427,669,269,213,205,304,705,438,44,208,405,243,147,253,84,265,181,182,495,602,1010,205,335,80,412,361,64,201,403,266,62,145,145,300,378,241,431,127,265
181,175,77,29,186,47,196,52,66,73,169,200,346,134,100,94,118,332,187,27,106,196,124,75,133,43,113,101,85,241,306,528,93,184,46,208,172,39,72,189,134,34,145,32,134,202,134,199,66,129
444,355,157,84,413,113,368,121,130,157,360,437,749,245,219,228,306,771,429,53,208,393,241,144,256,88,262,201,185,477,608,1143,209,420,92,435,364,66,207,440,265,81,300,134,149,391,244,463,135,244
456,404,196,83,460,113,439,138,162,173,421,576,854,282,241,257,356,875,482,64,255,501,273,206,305,98,292,210,225,620,707,1376,251,429,116,513,456,78,245,536,326,98,378,202,391,212,301,475,182,288
350,264,118,58,332,89,333,104,104,129,269,360,548,231,163,186,216,557,318,28,144,301,206,124,207,71,193,163,144,419,471,906,176,313,80,326,309,50,152,297,202,66,241,134,244,301,101,324,127,213
520,437,216,89,545,105,504,150,198,212,475,586,974,339,275,298,380,988,518,79,291,527,284,207,356,138,362,216,265,648,806,1472,280,494,128,558,500,104,236,559,329,89,431,199,463,475,324,256,194,335
183,161,76,35,175,38,156,58,63,73,154,205,338,140,95,111,150,348,218,26,95,203,103,96,125,45,111,99,104,244,289,516,100,189,41,216,161,32,88,215,123,34,127,66,135,182,127,194,24,140
384,297,110,63,331,84,279,96,97,144,290,379,608,220,175,179,225,596,341,44,198,386,198,139,214,87,253,164,169,367,521,908,163,286,87,331,307,52,151,367,192,51,265,129,244,288,213,335,140,115
