264,433,219,99,520,115,501,171,190,234,407,520,821,410,300,338,379,778,499,62,330,541,329,231,362,141,349,275,285,677,704,1191,245,508,116,557,511,91,240,457,327,113,383,179,440,440,345,462,158,361
433,174,175,78,426,106,380,149,139,178,384,467,807,276,215,254,337,814,445,50,258,426,255,160,272,108,284,206,223,577,664,1243,271,391,81,474,403,68,226,471,297,105,337,156,326,414,271,508,153,303
219,175,43,38,200,48,195,63,72,86,179,231,342,100,98,112,149,355,205,24,115,220,88,75,123,46,122,82,85,254,359,587,95,206,46,190,215,27,111,228,131,42,149,76,157,216,108,225,75,136
99,78,38,6,86,13,80,19,27,40,73,102,140,67,42,44,79,140,81,5,38,86,55,37,65,21,65,40,44,110,119,231,40,74,21,98,86,14,44,96,47,23,65,34,59,76,52,100,20,61
520,426,200,86,261,106,447,157,162,219,428,575,895,310,231,283,385,846,545,48,252,537,285,201,354,139,355,224,254,626,808,1490,257,416,108,548,472,111,271,564,366,98,396,204,391,511,320,560,181,330
115,106,48,13,106,7,95,35,37,45,75,119,209,80,52,72,88,222,128,17,57,122,73,43,80,24,80,58,61,159,167,306,54,103,26,140,111,20,69,124,73,30,91,45,93,97,61,123,29,69
501,380,195,80,447,95,239,147,154,201,388,546,906,327,243,289,348,894,489,52,275,514,279,178,309,133,331,190,255,629,722,1344,273,465,122,577,421,87,242,498,325,120,383,167,367,497,318,497,174,305
171,149,63,19,157,35,147,28,54,77,152,176,286,94,94,106,96,291,151,24,76,139,96,61,96,25,106,76,91,193,239,431,97,136,31,177,146,31,63,145,99,48,138,52,108,147,92,172,57,98
190,139,72,27,162,37,154,54,22,61,144,171,279,101,78,87,107,288,163,20,93,179,94,65,121,37,100,71,88,199,256,443,78,140,31,185,164,23,96,151,113,30,122,70,164,163,105,184,54,101
234,178,86,40,219,45,201,77,61,49,147,232,361,142,118,122,165,386,212,19,130,216,155,80,156,51,140,103,131,249,307,544,111,196,49,216,206,24,103,206,114,55,153,76,192,195,148,204,74,157
407,384,179,73,428,75,388,152,144,147,158,477,740,272,240,249,313,774,436,48,256,461,277,164,284,121,274,185,211,541,633,1105,215,400,87,435,400,72,235,430,255,103,318,170,336,386,284,450,158,314
520,467,231,102,575,119,546,176,171,232,477,315,1053,376,278,305,393,1028,558,64,323,577,333,216,372,139,370,257,296,711,885,1613,282,500,120,599,518,77,282,605,365,127,429,198,480,534,356,596,188,387
821,807,342,140,895,209,906,286,279,361,740,1053,830,592,457,517,646,1485,919,135,531,983,525,380,600,243,637,408,467,1141,1385,2520,479,866,218,939,891,176,441,954,602,198,722,384,749,844,595,983,344,603
410,276,100,67,310,80,327,94,101,142,272,376,592,102,156,175,234,556,321,33,180,323,185,131,204,81,216,116,168,402,524,941,179,304,61,338,301,53,149,336,224,76,237,111,244,333,182,358,121,230
300,215,98,42,231,52,243,94,78,118,240,278,457,156,57,137,181,464,253,27,153,260,132,110,160,75,187,119,153,343,420,674,143,227,60,266,243,32,132,271,200,60,216,106,201,254,145,277,104,181
338,254,112,44,283,72,289,106,87,122,249,305,517,175,137,80,218,533,294,34,173,299,154,120,182,65,164,128,142,340,457,819,168,245,67,264,268,40,150,323,190,59,227,116,215,293,179,305,110,192
379,337,149,79,385,88,348,96,107,165,313,393,646,234,181,218,136,631,366,45,176,348,203,147,261,107,274,147,198,453,539,990,198,302,78,393,354,59,179,381,234,84,312,154,282,370,217,372,140,219
778,814,355,140,846,222,894,291,288,386,774,1028,1485,556,464,533,631,833,931,124,498,935,565,380,602,231,644,388,452,1109,1387,2528,502,864,202,963,867,161,451,986,644,218,717,377,761,824,596,958,349,592
499,445,205,81,545,128,489,151,163,212,436,558,919,321,253,294,366,931,257,70,299,490,292,198,326,142,369,227,275,643,756,1424,261,482,117,524,466,93,276,542,339,112,380,188,416,502,320,548,189,316
62,50,24,5,48,17,52,24,20,19,48,64,135,33,27,34,45,124,70,2,27,64,37,24,40,10,39,26,23,69,113,191,40,53,9,61,49,5,41,80,44,13,42,21,49,57,40,56,24,46
330,258,115,38,252,57,275,76,93,130,256,323,531,180,153,173,176,498,299,27,81,267,180,126,177,50,185,123,121,310,450,781,166,257,62,276,262,29,118,297,179,64,212,109,216,307,169,319,95,204
541,426,220,86,537,122,514,139,179,216,461,577,983,323,260,299,348,935,490,64,267,282,284,198,341,138,343,228,262,668,791,1406,241,489,116,562,450,83,245,524,333,113,402,176,410,458,315,545,171,325
329,255,88,55,285,73,279,96,94,155,277,333,525,185,132,154,203,565,292,37,180,284,72,101,181,78,213,123,146,378,434,849,159,256,79,289,275,39,154,294,175,66,239,102,228,282,178,313,104,221
231,160,75,37,201,43,178,61,65,80,164,216,380,131,110,120,147,380,198,24,126,198,101,29,123,43,128,80,77,270,291,561,121,196,42,223,199,39,103,206,142,49,164,74,160,198,110,192,89,137
362,272,123,65,354,80,309,96,121,156,284,372,600,204,160,182,261,602,326,40,177,341,181,123,98,89,210,148,173,428,498,907,181,339,68,342,319,55,159,324,212,75,265,134,265,317,192,372,115,237
141,108,46,21,139,24,133,25,37,51,121,139,243,81,75,65,107,231,142,10,50,138,78,43,89,16,85,51,54,147,205,360,68,105,39,133,117,18,59,122,90,28,88,48,109,113,79,136,54,96
349,284,122,65,355,80,331,106,100,140,274,370,637,216,187,164,274,644,369,39,185,343,213,128,210,85,103,134,161,409,492,989,181,317,88,347,309,52,176,363,238,70,257,116,289,309,234,377,138,214
275,206,82,40,224,58,190,76,71,103,185,257,408,116,119,128,147,388,227,26,123,228,123,80,148,51,134,53,126,270,355,631,138,217,41,196,206,46,113,251,138,58,178,70,157,225,161,212,90,158
285,223,85,44,254,61,255,91,88,131,211,296,467,168,153,142,198,452,275,23,121,262,146,77,173,54,161,126,52,279,360,712,141,230,52,263,217,39,140,253,156,51,202,90,210,235,146,264,107,176
677,577,254,110,626,159,629,193,199,249,541,711,1141,402,343,340,453,1109,643,69,310,668,378,270,428,147,409,270,279,414,1013,1884,369,621,141,665,587,111,329,694,430,127,479,255,500,587,400,682,245,397
704,664,359,119,808,167,722,239,256,307,633,885,1385,524,420,457,539,1387,756,113,450,791,434,291,498,205,492,355,360,1013,600,2162,417,730,184,792,687,134,383,799,490,156,621,298,627,714,511,823,296,512
1191,1243,587,231,1490,306,1344,431,443,544,1105,1613,2520,941,674,819,990,2528,1424,191,781,1406,849,561,907,360,989,631,712,1884,2162,1994,703,1264,308,1521,1291,246,689,1502,970,303,1126,587,1137,1285,930,1453,489,951
245,271,95,40,257,54,273,97,78,111,215,282,479,179,143,168,198,502,261,40,166,241,159,121,181,68,181,138,141,369,417,703,72,242,65,246,247,36,147,303,188,61,198,126,225,264,176,284,89,191
508,391,206,74,416,103,465,136,140,196,400,500,866,304,227,245,302,864,482,53,257,489,256,196,339,105,317,217,230,621,730,1264,242,211,125,514,453,80,234,530,288,87,376,177,398,457,325,471,189,317
116,81,46,21,108,26,122,31,31,49,87,120,218,61,60,67,78,202,117,9,62,116,79,42,68,39,88,41,52,141,184,308,65,125,13,117,114,23,63,121,75,22,82,39,103,116,80,128,44,81
557,474,190,98,548,140,577,177,185,216,435,599,939,338,266,264,393,963,524,61,276,562,289,223,342,133,347,196,263,665,792,1521,246,514,117,239,523,102,264,619,357,109,405,203,441,523,314,558,192,344
511,403,215,86,472,111,421,146,164,206,400,518,891,301,243,268,354,867,466,49,262,450,275,199,319,117,309,206,217,587,687,1291,247,453,114,523,202,83,241,481,314,102,376,156,358,453,285,490,167,339
91,68,27,14,111,20,87,31,23,24,72,77,176,53,32,40,59,161,93,5,29,83,39,39,55,18,52,46,39,111,134,246,36,80,23,102,83,10,34,89,54,20,74,27,65,83,56,97,37,57
240,226,111,44,271,69,242,63,96,103,235,282,441,149,132,150,179,451,276,41,118,245,154,103,159,59,176,113,140,329,383,689,147,234,63,264,241,34,52,235,149,71,199,94,181,260,141,266,92,161
457,471,228,96,564,124,498,145,151,206,430,605,954,336,271,323,381,986,542,80,297,524,294,206,324,122,363,251,253,694,799,1502,303,530,121,619,481,89,235,289,362,115,416,211,425,520,313,574,202,376
327,297,131,47,366,73,325,99,113,114,255,365,602,224,200,190,234,644,339,44,179,333,175,142,212,90,238,138,156,430,490,970,188,288,75,357,314,54,149,362,108,70,255,116,276,339,219,354,132,204
113,105,42,23,98,30,120,48,30,55,103,127,198,76,60,59,84,218,112,13,64,113,66,49,75,28,70,58,51,127,156,303,61,87,22,109,102,20,71,115,70,12,91,38,90,102,68,118,35,79
383,337,149,65,396,91,383,138,122,153,318,429,722,237,216,227,312,717,380,42,212,402,239,164,265,88,257,178,202,479,621,1126,198,376,82,405,376,74,199,416,255,91,125,140,325,394,238,401,153,287
179,156,76,34,204,45,167,52,70,76,170,198,384,111,106,116,154,377,188,21,109,176,102,74,134,48,116,70,90,255,298,587,126,177,39,203,156,27,94,211,116,38,140,32,153,184,118,211,68,114
440,326,157,59,391,93,367,108,164,192,336,480,749,244,201,215,282,761,416,49,216,410,228,160,265,109,289,157,210,500,627,1137,225,398,103,441,358,65,181,425,276,90,325,153,174,403,236,467,178,258
440,414,216,76,511,97,497,147,163,195,386,534,844,333,254,293,370,824,502,57,307,458,282,198,317,113,309,225,235,587,714,1285,264,457,116,523,453,83,260,520,339,102,394,184,403,205,269,498,184,347
345,271,108,52,320,61,318,92,105,148,284,356,595,182,145,179,217,596,320,40,169,315,178,110,192,79,234,161,146,400,511,930,176,325,80,314,285,56,141,313,219,68,238,118,236,269,93,304,134,220
462,508,225,100,560,123,497,172,184,204,450,596,983,358,277,305,372,958,548,56,319,545,313,192,372,136,377,212,264,682,823,1453,284,471,128,558,490,97,266,574,354,118,401,211,467,498,304,248,188,345
158,153,75,20,181,29,174,57,54,74,158,188,344,121,104,110,140,349,189,24,95,171,104,89,115,54,138,90,107,245,296,489,89,189,44,192,167,37,92,202,132,35,153,68,178,184,134,188,18,124
361,303,136,61,330,69,305,98,101,157,314,387,603,230,181,192,219,592,316,46,204,325,221,137,237,96,214,158,176,397,512,951,191,317,81,344,339,57,161,376,204,79,287,114,258,347,220,345,124,120
