260,458,214,83,505,107,454,177,181,224,427,530,861,380,336,372,350,865,493,69,337,490,344,227,393,162,389,257,317,632,670,1180,247,461,114,534,489,81,239,450,302,100,336,177,482,451,347,503,182,390
458,186,162,93,456,128,434,127,138,195,367,476,801,265,233,238,329,774,473,60,249,460,271,169,264,102,286,195,222,551,668,1223,235,392,120,482,403,82,226,457,272,106,343,156,363,419,273,460,176,312
214,162,41,42,220,54,205,69,54,76,139,224,309,143,103,101,154,313,202,27,95,213,98,83,129,47,138,95,99,253,328,540,122,195,39,174,183,37,99,219,132,39,133,60,171,173,118,222,66,128
83,93,42,7,93,23,83,35,30,38,64,106,156,56,60,52,59,147,77,10,43,84,49,37,64,32,71,49,52,88,123,237,43,75,17,81,75,24,52,79,54,15,63,29,82,84,58,84,31,42
505,456,220,93,235,120,507,139,171,209,437,558,892,342,266,305,391,952,499,56,284,512,311,199,345,142,340,240,255,639,793,1412,278,487,119,553,462,87,248,565,320,94,407,190,419,448,303,496,195,360
107,128,54,23,120,16,118,38,31,43,71,119,193,65,64,75,76,185,106,14,66,119,63,38,64,35,87,55,56,132,160,258,58,105,31,109,104,29,61,115,78,22,80,39,89,113,63,106,42,71
454,434,205,83,507,118,223,132,159,170,390,576,905,275,266,283,335,864,463,72,273,477,301,201,335,144,344,243,260,630,760,1327,294,442,97,497,432,93,246,532,340,95,338,167,393,449,293,520,180,319
177,127,69,35,139,38,132,13,48,58,120,169,290,91,71,70,97,290,171,14,95,153,91,57,110,41,110,66,58,182,252,449,91,147,29,151,129,23,65,146,93,38,106,50,116,157,106,175,61,124
181,138,54,30,171,31,159,48,14,70,138,193,275,122,78,85,139,277,156,22,98,155,82,78,83,46,99,76,86,193,244,418,93,148,32,161,164,34,70,174,105,33,130,57,129,154,90,180,49,108
224,195,76,38,209,43,170,58,70,52,147,244,373,128,108,118,129,363,227,21,111,212,121,102,149,74,146,109,99,241,313,561,114,181,41,205,204,43,97,227,155,38,176,91,151,169,113,212,72,128
427,367,139,64,437,71,390,120,138,147,170,498,766,288,245,229,287,769,461,46,236,424,244,161,286,123,289,199,229,538,635,1124,229,373,95,439,368,74,223,456,287,91,311,156,361,399,266,426,169,278
530,476,224,106,558,119,576,169,193,244,498,328,948,399,297,294,408,996,582,71,305,610,312,242,367,139,353,261,292,724,840,1511,339,497,147,602,505,85,255,606,374,109,396,226,479,524,357,585,199,388
861,801,309,156,892,193,905,290,275,373,766,948,780,585,462,522,636,1454,890,115,515,945,545,340,589,231,602,401,432,1142,1373,2353,493,843,171,975,835,158,446,975,581,170,659,313,719,792,554,979,296,628
380,265,143,56,342,65,275,91,122,128,288,399,585,89,203,200,221,588,327,40,188,328,189,118,214,90,215,174,144,412,472,960,194,284,83,321,303,56,172,390,237,59,263,128,231,285,203,325,123,205
336,233,103,60,266,64,266,71,78,108,245,297,462,203,68,134,182,474,270,36,153,312,153,116,170,67,175,136,134,328,460,758,124,262,61,275,266,56,136,270,175,64,191,90,213,245,149,274,114,198
372,238,101,52,305,75,283,70,85,118,229,294,522,200,134,70,198,491,279,32,149,331,145,121,184,65,177,152,148,372,473,798,152,267,50,304,264,62,137,296,201,64,223,103,220,266,179,315,91,169
350,329,154,59,391,76,335,97,139,129,287,408,636,221,182,198,125,662,355,49,224,355,228,147,251,99,238,161,192,458,534,998,185,317,71,363,330,52,162,394,263,63,274,133,268,350,235,379,159,264
865,774,313,147,952,185,864,290,277,363,769,996,1454,588,474,491,662,805,858,118,506,906,545,386,619,240,619,414,438,1098,1323,2418,481,834,182,1004,845,150,437,981,633,166,669,322,711,778,581,962,308,624
493,473,202,77,499,106,463,171,156,227,461,582,890,327,270,279,355,858,250,71,271,453,279,229,366,140,348,249,248,624,768,1507,269,441,127,554,497,81,247,561,322,105,376,196,435,514,339,521,192,352
69,60,27,10,56,14,72,14,22,21,46,71,115,40,36,32,49,118,71,2,33,75,38,36,34,12,44,32,35,76,98,181,43,48,19,68,72,7,33,83,52,12,51,24,64,48,41,70,26,47
337,249,95,43,284,66,273,95,98,111,236,305,515,188,153,149,224,506,271,33,73,297,166,120,180,64,173,106,142,297,431,801,159,216,52,284,273,45,159,300,187,58,214,101,226,279,172,309,111,192
490,460,213,84,512,119,477,153,155,212,424,610,945,328,312,331,355,906,453,75,297,269,319,237,364,135,344,253,249,655,770,1453,283,463,123,533,521,90,249,577,352,108,383,224,403,492,346,549,203,326
344,271,98,49,311,63,301,91,82,121,244,312,545,189,153,145,228,545,279,38,166,319,84,115,186,73,193,130,148,355,458,898,151,294,62,319,271,45,137,317,221,66,233,117,240,281,173,319,99,221
227,169,83,37,199,38,201,57,78,102,161,242,340,118,116,121,147,386,229,36,120,237,115,40,127,51,150,90,86,252,314,580,113,179,54,203,214,29,105,233,141,41,176,82,154,183,116,201,76,126
393,264,129,64,345,64,335,110,83,149,286,367,589,214,170,184,251,619,366,34,180,364,186,127,114,80,205,153,179,412,501,902,182,298,75,370,316,44,180,345,227,70,251,114,244,298,229,372,130,245
162,102,47,32,142,35,144,41,46,74,123,139,231,90,67,65,99,240,140,12,64,135,73,51,80,20,84,49,74,163,189,378,65,125,36,148,145,26,75,143,75,30,105,50,114,99,76,132,50,85
389,286,138,71,340,87,344,110,99,146,289,353,602,215,175,177,238,619,348,44,173,344,193,150,205,84,120,158,190,440,520,998,201,319,71,364,369,59,186,370,229,75,252,121,316,317,206,338,130,219
257,195,95,49,240,55,243,66,76,109,199,261,401,174,136,152,161,414,249,32,106,253,130,90,153,49,158,46,110,289,341,609,125,255,65,228,221,38,105,278,160,35,187,83,201,215,158,258,107,185
317,222,99,52,255,56,260,58,86,99,229,292,432,144,134,148,192,438,248,35,142,249,148,86,179,74,190,110,52,293,371,715,133,217,60,266,247,45,114,247,173,47,177,87,213,233,156,280,101,160
632,551,253,88,639,132,630,182,193,241,538,724,1142,412,328,372,458,1098,624,76,297,655,355,252,412,163,440,289,293,416,958,1736,355,560,169,696,603,94,320,688,396,118,495,216,474,587,371,669,240,428
670,668,328,123,793,160,760,252,244,313,635,840,1373,472,460,473,534,1323,768,98,431,770,458,314,501,189,520,341,371,958,557,2016,421,711,147,786,707,128,384,842,487,149,574,311,621,657,478,806,280,485
1180,1223,540,237,1412,258,1327,449,418,561,1124,1511,2353,960,758,798,998,2418,1507,181,801,1453,898,580,902,378,998,609,715,1736,2016,1890,702,1250,306,1500,1307,217,689,1450,914,292,983,529,1137,1266,907,1477,505,932
247,235,122,43,278,58,294,91,93,114,229,339,493,194,124,152,185,481,269,43,159,283,151,113,182,65,201,125,133,355,421,702,73,263,55,290,269,38,144,261,172,55,207,101,221,227,165,284,94,185
461,392,195,75,487,105,442,147,148,181,373,497,843,284,262,267,317,834,441,48,216,463,294,179,298,125,319,255,217,560,711,1250,263,221,106,460,456,82,234,472,331,93,347,179,376,423,282,474,185,317
114,120,39,17,119,31,97,29,32,41,95,147,171,83,61,50,71,182,127,19,52,123,62,54,75,36,71,65,60,169,147,306,55,106,8,118,98,19,56,120,80,21,79,45,98,102,73,128,28,73
534,482,174,81,553,109,497,151,161,205,439,602,975,321,275,304,363,1004,554,68,284,533,319,203,370,148,364,228,266,696,786,1500,290,460,118,292,484,88,240,556,330,99,381,180,422,501,333,554,208,347
489,403,183,75,462,104,432,129,164,204,368,505,835,303,266,264,330,845,497,72,273,521,271,214,316,145,369,221,247,603,707,1307,269,456,98,484,221,87,236,508,345,102,365,169,386,406,300,478,163,304
81,82,37,24,87,29,93,23,34,43,74,85,158,56,56,62,52,150,81,7,45,90,45,29,44,26,59,38,45,94,128,217,38,82,19,88,87,7,47,81,73,19,63,19,61,84,54,108,35,59
239,226,99,52,248,61,246,65,70,97,223,255,446,172,136,137,162,437,247,33,159,249,137,105,180,75,186,105,114,320,384,689,144,234,56,240,236,47,48,244,160,44,183,76,197,254,179,253,81,169
450,457,219,79,565,115,532,146,174,227,456,606,975,390,270,296,394,981,561,83,300,577,317,233,345,143,370,278,247,688,842,1450,261,472,120,556,508,81,244,312,348,86,406,212,407,505,375,583,207,345
302,272,132,54,320,78,340,93,105,155,287,374,581,237,175,201,263,633,322,52,187,352,221,141,227,75,229,160,173,396,487,914,172,331,80,330,345,73,160,348,107,50,284,130,284,317,239,374,136,224
100,106,39,15,94,22,95,38,33,38,91,109,170,59,64,64,63,166,105,12,58,108,66,41,70,30,75,35,47,118,149,292,55,93,21,99,102,19,44,86,50,11,64,32,82,90,68,104,37,67
336,343,133,63,407,80,338,106,130,176,311,396,659,263,191,223,274,669,376,51,214,383,233,176,251,105,252,187,177,495,574,983,207,347,79,381,365,63,183,406,284,64,137,146,283,359,237,342,127,223
177,156,60,29,190,39,167,50,57,91,156,226,313,128,90,103,133,322,196,24,101,224,117,82,114,50,121,83,87,216,311,529,101,179,45,180,169,19,76,212,130,32,146,28,143,180,120,175,56,135
482,363,171,82,419,89,393,116,129,151,361,479,719,231,213,220,268,711,435,64,226,403,240,154,244,114,316,201,213,474,621,1137,221,376,98,422,386,61,197,407,284,82,283,143,157,355,241,392,145,280
451,419,173,84,448,113,449,157,154,169,399,524,792,285,245,266,350,778,514,48,279,492,281,183,298,99,317,215,233,587,657,1266,227,423,102,501,406,84,254,505,317,90,359,180,355,214,264,492,148,323
347,273,118,58,303,63,293,106,90,113,266,357,554,203,149,179,235,581,339,41,172,346,173,116,229,76,206,158,156,371,478,907,165,282,73,333,300,54,179,375,239,68,237,120,241,264,104,324,132,225
503,460,222,84,496,106,520,175,180,212,426,585,979,325,274,315,379,962,521,70,309,549,319,201,372,132,338,258,280,669,806,1477,284,474,128,554,478,108,253,583,374,104,342,175,392,492,324,237,205,347
182,176,66,31,195,42,180,61,49,72,169,199,296,123,114,91,159,308,192,26,111,203,99,76,130,50,130,107,101,240,280,505,94,185,28,208,163,35,81,207,136,37,127,56,145,148,132,205,19,128
390,312,128,42,360,71,319,124,108,128,278,388,628,205,198,169,264,624,352,47,192,326,221,126,245,85,219,185,160,428,485,932,185,317,73,347,304,59,169,345,224,67,223,135,280,323,225,347,128,116
