248,433,213,97,483,110,462,178,198,251,463,491,808,357,319,346,379,825,511,59,333,526,361,194,385,138,373,291,328,627,712,1112,234,520,116,505,456,67,263,490,289,94,370,187,439,422,347,532,182,369
433,161,180,81,460,117,428,129,142,186,389,493,802,297,246,234,332,828,418,56,211,458,236,162,266,115,307,206,229,535,698,1216,258,417,106,444,431,54,232,440,269,100,340,144,341,394,280,475,168,300
213,180,39,29,211,31,210,44,65,85,186,220,345,135,89,110,139,367,209,30,115,207,121,94,143,53,141,96,94,227,312,561,103,176,41,204,195,30,81,211,142,40,153,72,170,189,111,229,80,118
97,81,29,6,62,26,71,27,31,25,52,89,152,60,45,56,66,167,83,12,55,98,54,32,54,17,58,49,39,113,138,213,40,88,17,77,76,19,39,91,45,15,78,41,65,76,61,83,26,59
483,460,211,62,240,109,476,138,157,219,450,566,889,316,312,343,357,903,536,59,258,542,297,211,334,130,332,245,292,638,772,1454,268,476,122,547,436,81,251,545,374,91,402,209,422,471,323,535,190,382
110,117,31,26,109,16,110,44,37,47,94,120,188,82,64,78,77,198,111,20,81,113,77,48,88,25,97,61,51,151,152,276,57,119,22,105,102,21,68,125,68,18,85,46,95,95,78,122,41,88
462,428,210,71,476,110,227,159,164,196,385,534,878,309,273,291,343,959,479,71,323,491,303,196,307,128,364,250,252,673,706,1324,262,452,120,511,420,81,254,528,304,89,395,167,396,443,322,521,175,337
178,129,44,27,138,44,159,20,50,57,133,157,272,101,83,86,107,279,137,24,87,167,104,58,100,35,108,62,70,201,242,419,89,158,45,144,136,28,80,152,100,36,122,64,117,124,108,156,69,93
198,142,65,31,157,37,164,50,32,74,135,186,311,127,81,81,114,305,165,16,94,150,97,65,94,41,101,67,80,189,255,490,90,170,45,190,159,32,77,173,122,33,119,54,134,159,118,161,73,121
251,186,85,25,219,47,196,57,74,55,168,226,410,137,104,127,123,402,193,26,132,230,143,88,135,52,151,108,117,272,324,544,115,193,57,215,187,40,100,212,107,40,154,71,190,183,126,213,84,142
463,389,186,52,450,94,385,133,135,168,190,479,807,275,243,272,288,787,437,53,230,444,263,170,312,124,334,220,227,532,639,1117,223,401,111,443,400,64,208,438,266,96,319,163,362,392,264,445,175,309
491,493,220,89,566,120,534,157,186,226,479,324,979,351,292,303,390,1014,569,71,295,563,347,232,385,158,388,281,257,724,806,1532,306,527,140,566,522,85,264,625,375,101,414,195,443,519,381,566,204,368
808,802,345,152,889,188,878,272,311,410,807,979,793,614,488,534,708,1434,928,142,534,939,562,331,615,258,635,455,463,1177,1352,2371,445,842,240,980,823,167,484,939,595,197,633,323,745,829,564,918,374,615
357,297,135,60,316,82,309,101,127,137,275,351,614,108,193,189,231,619,306,36,181,311,207,134,201,89,221,168,163,389,464,925,186,317,82,334,311,65,170,365,191,62,257,123,243,277,219,350,139,223
319,246,89,45,312,64,273,83,81,104,243,292,488,193,61,123,197,478,276,36,128,287,147,103,165,65,170,120,149,318,387,743,130,251,55,302,251,54,145,294,174,61,213,98,217,265,168,289,94,176
346,234,110,56,343,78,291,86,81,127,272,303,534,189,123,54,205,534,329,42,148,311,142,109,183,65,186,142,151,334,430,815,151,268,71,317,275,40,179,298,180,73,237,98,239,254,192,317,112,175
379,332,139,66,357,77,343,107,114,123,288,390,708,231,197,205,120,654,362,35,205,359,220,129,247,80,233,177,181,473,574,1012,223,356,93,366,347,80,171,382,228,56,266,122,282,335,216,364,146,235
825,828,367,167,903,198,959,279,305,402,787,1014,1434,619,478,534,654,769,938,116,555,908,547,369,629,260,622,408,485,1079,1333,2390,461,837,214,992,825,163,467,956,598,223,624,335,729,820,537,910,339,610
511,418,209,83,536,111,479,137,165,193,437,569,928,306,276,329,362,938,248,67,265,510,291,218,337,126,329,229,264,632,794,1432,255,509,107,510,479,92,243,559,313,114,355,192,407,457,311,544,175,331
59,56,30,12,59,20,71,24,16,26,53,71,142,36,36,42,35,116,67,4,40,70,36,30,46,11,33,31,45,86,116,181,38,65,18,61,70,11,30,76,44,12,67,23,56,71,40,78,27,31
333,211,115,55,258,81,323,87,94,132,230,295,534,181,128,148,205,555,265,40,76,285,162,107,164,67,180,127,148,377,402,821,146,293,73,268,253,37,132,307,171,51,213,115,234,249,166,297,120,200
526,458,207,98,542,113,491,167,150,230,444,563,939,311,287,311,359,908,510,70,285,277,303,216,361,141,384,240,292,662,732,1420,272,489,119,533,520,75,221,576,349,115,371,214,450,477,338,545,203,342
361,236,121,54,297,77,303,104,97,143,263,347,562,207,147,142,220,547,291,36,162,303,79,125,194,79,185,118,173,380,465,803,173,320,71,320,277,50,160,303,179,62,235,114,232,289,194,271,113,205
194,162,94,32,211,48,196,58,65,88,170,232,331,134,103,109,129,369,218,30,107,216,125,50,146,61,160,109,88,240,289,537,107,215,54,204,190,30,90,214,144,35,151,85,169,197,126,207,76,131
385,266,143,54,334,88,307,100,94,135,312,385,615,201,165,183,247,629,337,46,164,361,194,146,95,90,217,139,153,438,491,920,200,313,81,344,306,47,159,360,201,61,257,129,240,335,189,330,115,242
138,115,53,17,130,25,128,35,41,52,124,158,258,89,65,65,80,260,126,11,67,141,79,61,90,8,73,64,51,154,206,398,94,115,34,129,122,22,62,150,110,35,93,33,113,122,99,134,54,76
373,307,141,58,332,97,364,108,101,151,334,388,635,221,170,186,233,622,329,33,180,384,185,160,217,73,105,155,146,402,518,947,195,346,79,343,322,48,174,393,249,72,259,105,265,330,225,341,126,217
291,206,96,49,245,61,250,62,67,108,220,281,455,168,120,142,177,408,229,31,127,240,118,109,139,64,155,52,125,278,349,660,122,223,53,246,238,40,108,269,152,59,184,87,181,229,143,238,92,158
328,229,94,39,292,51,252,70,80,117,227,257,463,163,149,151,181,485,264,45,148,292,173,88,153,51,146,125,56,315,367,733,163,223,64,254,242,38,123,277,175,54,200,78,194,265,156,266,104,181
627,535,227,113,638,151,673,201,189,272,532,724,1177,389,318,334,473,1079,632,86,377,662,380,240,438,154,402,278,315,417,1033,1789,335,601,139,641,605,106,332,729,411,140,456,243,527,592,398,685,245,455
712,698,312,138,772,152,706,242,255,324,639,806,1352,464,387,430,574,1333,794,116,402,732,465,289,491,206,518,349,367,1033,553,1997,401,735,196,869,711,124,385,807,541,138,568,262,573,725,452,747,271,537
1112,1216,561,213,1454,276,1324,419,490,544,1117,1532,2371,925,743,815,1012,2390,1432,181,821,1420,803,537,920,398,947,660,733,1789,1997,1815,706,1289,295,1507,1244,247,711,1463,954,290,1011,533,1072,1262,901,1408,492,913
234,258,103,40,268,57,262,89,90,115,223,306,445,186,130,151,223,461,255,38,146,272,173,107,200,94,195,122,163,335,401,706,61,247,71,293,236,50,162,282,179,51,199,104,216,243,183,259,96,188
520,417,176,88,476,119,452,158,170,193,401,527,842,317,251,268,356,837,509,65,293,489,320,215,313,115,346,223,223,601,735,1289,247,192,104,499,432,78,223,495,318,111,360,179,402,426,303,462,182,346
116,106,41,17,122,22,120,45,45,57,111,140,240,82,55,71,93,214,107,18,73,119,71,54,81,34,79,53,64,139,196,295,71,104,11,121,108,21,59,142,64,24,90,39,102,111,73,113,43,83
505,444,204,77,547,105,511,144,190,215,443,566,980,334,302,317,366,992,510,61,268,533,320,204,344,129,343,246,254,641,869,1507,293,499,121,289,493,96,267,599,347,85,407,164,432,538,333,599,195,357
456,431,195,76,436,102,420,136,159,187,400,522,823,311,251,275,347,825,479,70,253,520,277,190,306,122,322,238,242,605,711,1244,236,432,108,493,204,91,236,495,295,91,361,172,361,433,306,475,167,318
67,54,30,19,81,21,81,28,32,40,64,85,167,65,54,40,80,163,92,11,37,75,50,30,47,22,48,40,38,106,124,247,50,78,21,96,91,7,46,93,55,20,55,29,55,61,54,103,28,59
263,232,81,39,251,68,254,80,77,100,208,264,484,170,145,179,171,467,243,30,132,221,160,90,159,62,174,108,123,332,385,711,162,223,59,267,236,46,61,263,148,54,192,93,190,221,172,286,102,166
490,440,211,91,545,125,528,152,173,212,438,625,939,365,294,298,382,956,559,76,307,576,303,214,360,150,393,269,277,729,807,1463,282,495,142,599,495,93,263,258,354,107,384,197,438,494,350,525,195,375
289,269,142,45,374,68,304,100,122,107,266,375,595,191,174,180,228,598,313,44,171,349,179,144,201,110,249,152,175,411,541,954,179,318,64,347,295,55,148,354,91,80,237,117,262,315,232,305,103,223
94,100,40,15,91,18,89,36,33,40,96,101,197,62,61,73,56,223,114,12,51,115,62,35,61,35,72,59,54,140,138,290,51,111,24,85,91,20,54,107,80,13,82,39,89,109,72,119,41,77
370,340,153,78,402,85,395,122,119,154,319,414,633,257,213,237,266,624,355,67,213,371,235,151,257,93,259,184,200,456,568,1011,199,360,90,407,361,55,192,384,237,82,151,149,300,338,252,387,147,253
187,144,72,41,209,46,167,64,54,71,163,195,323,123,98,98,122,335,192,23,115,214,114,85,129,33,105,87,78,243,262,533,104,179,39,164,172,29,93,197,117,39,149,29,155,171,145,189,71,118
439,341,170,65,422,95,396,117,134,190,362,443,745,243,217,239,282,729,407,56,234,450,232,169,240,113,265,181,194,527,573,1072,216,402,102,432,361,55,190,438,262,89,300,155,165,407,278,397,168,278
422,394,189,76,471,95,443,124,159,183,392,519,829,277,265,254,335,820,457,71,249,477,289,197,335,122,330,229,265,592,725,1262,243,426,111,538,433,61,221,494,315,109,338,171,407,227,289,470,169,307
347,280,111,61,323,78,322,108,118,126,264,381,564,219,168,192,216,537,311,40,166,338,194,126,189,99,225,143,156,398,452,901,183,303,73,333,306,54,172,350,232,72,252,145,278,289,99,321,134,213
532,475,229,83,535,122,521,156,161,213,445,566,918,350,289,317,364,910,544,78,297,545,271,207,330,134,341,238,266,685,747,1408,259,462,113,599,475,103,286,525,305,119,387,189,397,470,321,246,179,332
182,168,80,26,190,41,175,69,73,84,175,204,374,139,94,112,146,339,175,27,120,203,113,76,115,54,126,92,104,245,271,492,96,182,43,195,167,28,102,195,103,41,147,71,168,169,134,179,36,129
369,300,118,59,382,88,337,93,121,142,309,368,615,223,176,175,235,610,331,31,200,342,205,131,242,76,217,158,181,455,537,913,188,346,83,357,318,59,166,375,223,77,253,118,278,307,213,332,129,111
