244,450,221,94,510,98,427,179,182,251,470,517,857,372,339,342,374,842,523,59,334,492,343,196,355,152,370,280,326,580,660,1203,239,471,116,482,482,84,256,452,297,113,384,143,443,432,339,502,185,384
450,175,149,67,442,99,427,138,135,187,383,458,764,295,223,243,311,770,431,60,247,457,234,170,259,117,296,216,229,553,650,1219,221,378,102,457,379,63,232,450,279,91,330,186,350,404,277,467,164,263
221,149,42,37,201,39,173,67,55,71,169,202,361,111,111,115,146,368,191,24,101,191,101,71,128,44,133,92,106,225,282,584,101,180,56,223,194,27,110,212,138,35,141,73,145,174,128,213,67,110
94,67,37,9,86,20,77,33,31,39,67,92,148,52,45,51,73,142,101,10,43,95,58,30,66,20,60,50,47,88,124,219,49,76,19,72,84,14,46,90,51,27,74,27,66,74,54,90,41,51
510,442,201,86,260,118,538,158,195,231,454,576,912,335,280,303,383,921,534,64,315,533,310,205,349,123,364,248,266,634,793,1387,269,495,131,564,512,91,266,546,335,109,376,207,444,444,326,555,220,328
98,99,39,20,118,10,115,40,34,53,90,115,198,73,59,78,81,204,111,19,57,119,71,51,83,26,76,59,61,141,157,281,46,116,27,107,102,19,63,126,69,33,83,49,83,97,81,111,45,64
427,427,173,77,538,115,223,145,142,236,419,549,894,302,252,280,331,874,519,55,257,501,307,172,324,110,339,223,256,603,685,1242,263,446,104,485,434,86,266,530,317,114,363,196,394,430,283,462,159,340
179,138,67,33,158,40,145,17,67,73,148,171,280,88,79,72,124,270,172,17,78,141,103,57,98,40,94,77,73,176,195,403,86,138,21,161,145,24,68,142,97,31,134,53,110,136,91,174,50,90
182,135,55,31,195,34,142,67,25,66,144,178,299,92,87,81,120,308,162,30,93,162,84,63,101,33,101,71,100,197,244,447,83,166,39,174,142,25,94,167,94,34,138,69,126,161,113,162,49,120
251,187,71,39,231,53,236,73,66,39,172,238,361,136,111,114,136,347,217,27,118,196,118,90,136,61,128,105,109,261,309,555,118,195,56,217,185,47,110,220,130,39,139,88,177,208,124,208,68,131
470,383,169,67,454,90,419,148,144,172,180,476,732,291,207,228,339,753,415,58,248,427,244,199,321,121,290,191,230,521,616,1127,213,404,95,436,372,83,227,440,279,79,315,156,352,392,281,424,146,289
517,458,202,92,576,115,549,171,178,238,476,317,969,379,268,291,391,1059,558,68,298,549,327,211,371,123,383,256,274,650,845,1534,308,512,129,608,500,117,290,588,413,110,408,222,465,527,353,562,209,383
857,764,361,148,912,198,894,280,299,361,732,969,816,554,452,514,640,1461,957,123,471,978,522,364,595,208,596,429,456,1120,1372,2415,484,852,198,961,830,156,452,983,624,187,667,335,724,878,554,928,316,584
372,295,111,52,335,73,302,88,92,136,291,379,554,89,143,176,249,560,323,32,169,297,165,111,191,98,233,139,161,381,492,921,171,314,66,339,301,60,166,365,191,61,254,128,261,295,190,365,124,219
339,223,111,45,280,59,252,79,87,111,207,268,452,143,69,130,204,469,261,30,153,299,153,109,180,50,141,129,126,337,420,702,160,245,67,259,253,50,130,293,161,54,216,108,197,256,152,299,93,181
342,243,115,51,303,78,280,72,81,114,228,291,514,176,130,84,236,503,268,36,158,341,158,108,174,52,158,137,128,359,458,830,166,286,77,294,286,56,132,313,184,51,234,106,221,279,157,312,99,185
374,311,146,73,383,81,331,124,120,136,339,391,640,249,204,236,151,652,374,36,194,386,210,143,233,72,215,148,200,442,531,1010,201,350,73,378,328,71,188,347,221,62,289,129,290,324,231,383,124,239
842,770,368,142,921,204,874,270,308,347,753,1059,1461,560,469,503,652,774,918,118,506,954,555,349,607,222,609,421,456,1078,1345,2403,458,824,192,980,853,146,451,962,599,196,644,379,728,818,552,895,331,609
523,431,191,101,534,111,519,172,162,217,415,558,957,323,261,268,374,918,258,60,309,501,296,203,319,127,324,235,243,658,781,1392,260,525,119,530,454,91,258,551,339,91,382,193,399,477,299,544,191,335
59,60,24,10,64,19,55,17,30,27,58,68,123,32,30,36,36,118,60,2,25,53,31,21,39,11,44,28,35,68,110,201,32,55,17,55,64,11,36,70,40,9,49,26,61,57,37,77,22,50
334,247,101,43,315,57,257,78,93,118,248,298,471,169,153,158,194,506,309,25,87,276,174,125,163,67,176,132,142,349,438,795,153,253,57,291,268,60,154,334,219,63,201,96,203,274,162,320,117,200
492,457,191,95,533,119,501,141,162,196,427,549,978,297,299,341,386,954,501,53,276,264,302,196,350,123,330,249,230,618,748,1426,263,511,116,536,494,92,238,568,316,97,389,191,420,459,318,531,191,350
343,234,101,58,310,71,307,103,84,118,244,327,522,165,153,158,210,555,296,31,174,302,88,123,208,82,202,119,145,377,475,848,157,288,64,312,300,49,158,340,177,59,215,117,238,276,185,331,118,210
196,170,71,30,205,51,172,57,63,90,199,211,364,111,109,108,143,349,203,21,125,196,123,42,146,53,121,93,94,252,294,564,114,171,43,213,187,29,114,231,141,35,161,77,154,173,130,182,71,116
355,259,128,66,349,83,324,98,101,136,321,371,595,191,180,174,233,607,319,39,163,350,208,146,128,78,203,153,160,407,489,891,185,337,72,313,318,57,152,419,223,65,231,125,267,300,208,338,127,226
152,117,44,20,123,26,110,40,33,61,121,123,208,98,50,52,72,222,127,11,67,123,82,53,78,13,70,59,71,155,201,377,77,113,30,120,102,19,53,145,81,25,89,44,98,136,83,139,51,89
370,296,133,60,364,76,339,94,101,128,290,383,596,233,141,158,215,609,324,44,176,330,202,121,203,70,104,148,164,419,528,986,175,320,79,312,296,52,154,382,217,61,272,118,247,330,208,364,124,199
280,216,92,50,248,59,223,77,71,105,191,256,429,139,129,137,148,421,235,28,132,249,119,93,153,59,148,44,100,275,362,634,127,227,60,240,229,30,130,276,166,56,173,87,200,223,146,228,89,155
326,229,106,47,266,61,256,73,100,109,230,274,456,161,126,128,200,456,243,35,142,230,145,94,160,71,164,100,57,297,364,751,143,241,52,255,228,35,125,287,146,45,208,96,181,201,163,296,79,151
580,553,225,88,634,141,603,176,197,261,521,650,1120,381,337,359,442,1078,658,68,349,618,377,252,407,155,419,275,297,377,979,1865,392,570,157,667,602,105,313,686,391,140,480,216,516,593,399,705,293,408
660,650,282,124,793,157,685,195,244,309,616,845,1372,492,420,458,531,1345,781,110,438,748,475,294,489,201,528,362,364,979,575,2147,422,663,172,848,663,128,358,799,467,175,570,297,608,705,483,773,274,527
1203,1219,584,219,1387,281,1242,403,447,555,1127,1534,2415,921,702,830,1010,2403,1392,201,795,1426,848,564,891,377,986,634,751,1865,2147,1914,695,1318,290,1498,1319,221,653,1467,930,302,1018,515,1109,1250,796,1352,452,971
239,221,101,49,269,46,263,86,83,118,213,308,484,171,160,166,201,458,260,32,153,263,157,114,185,77,175,127,143,392,422,695,78,254,52,278,281,43,127,266,175,48,195,122,214,265,186,259,93,170
471,378,180,76,495,116,446,138,166,195,404,512,852,314,245,286,350,824,525,55,253,511,288,171,337,113,320,227,241,570,663,1318,254,203,95,512,446,77,242,500,296,111,358,182,385,439,317,465,173,301
116,102,56,19,131,27,104,21,39,56,95,129,198,66,67,77,73,192,119,17,57,116,64,43,72,30,79,60,52,157,172,290,52,95,14,127,108,18,45,106,86,21,87,46,89,109,70,97,32,69
482,457,223,72,564,107,485,161,174,217,436,608,961,339,259,294,378,980,530,55,291,536,312,213,313,120,312,240,255,667,848,1498,278,512,127,261,457,118,285,541,326,125,428,189,417,558,325,526,194,349
482,379,194,84,512,102,434,145,142,185,372,500,830,301,253,286,328,853,454,64,268,494,300,187,318,102,296,229,228,602,663,1319,281,446,108,457,202,90,244,487,303,121,349,181,367,413,321,488,186,312
84,63,27,14,91,19,86,24,25,47,83,117,156,60,50,56,71,146,91,11,60,92,49,29,57,19,52,30,35,105,128,221,43,77,18,118,90,9,37,82,57,14,67,23,60,72,62,78,41,57
256,232,110,46,266,63,266,68,94,110,227,290,452,166,130,132,188,451,258,36,154,238,158,114,152,53,154,130,125,313,358,653,127,242,45,285,244,37,68,255,165,63,198,92,227,214,165,244,81,174
452,450,212,90,546,126,530,142,167,220,440,588,983,365,293,313,347,962,551,70,334,568,340,231,419,145,382,276,287,686,799,1467,266,500,106,541,487,82,255,255,358,113,381,205,451,457,357,549,198,333
297,279,138,51,335,69,317,97,94,130,279,413,624,191,161,184,221,599,339,40,219,316,177,141,223,81,217,166,146,391,467,930,175,296,86,326,303,57,165,358,106,72,246,120,271,290,200,349,135,238
113,91,35,27,109,33,114,31,34,39,79,110,187,61,54,51,62,196,91,9,63,97,59,35,65,25,61,56,45,140,175,302,48,111,21,125,121,14,63,113,72,11,72,43,67,105,60,116,37,70
384,330,141,74,376,83,363,134,138,139,315,408,667,254,216,234,289,644,382,49,201,389,215,161,231,89,272,173,208,480,570,1018,195,358,87,428,349,67,198,381,246,72,145,145,313,380,238,348,136,243
143,186,73,27,207,49,196,53,69,88,156,222,335,128,108,106,129,379,193,26,96,191,117,77,125,44,118,87,96,216,297,515,122,182,46,189,181,23,92,205,120,43,145,34,162,181,127,196,73,108
443,350,145,66,444,83,394,110,126,177,352,465,724,261,197,221,290,728,399,61,203,420,238,154,267,98,247,200,181,516,608,1109,214,385,89,417,367,60,227,451,271,67,313,162,171,338,226,438,143,277
432,404,174,74,444,97,430,136,161,208,392,527,878,295,256,279,324,818,477,57,274,459,276,173,300,136,330,223,201,593,705,1250,265,439,109,558,413,72,214,457,290,105,380,181,338,230,274,465,155,311
339,277,128,54,326,81,283,91,113,124,281,353,554,190,152,157,231,552,299,37,162,318,185,130,208,83,208,146,163,399,483,796,186,317,70,325,321,62,165,357,200,60,238,127,226,274,85,312,135,219
502,467,213,90,555,111,462,174,162,208,424,562,928,365,299,312,383,895,544,77,320,531,331,182,338,139,364,228,296,705,773,1352,259,465,97,526,488,78,244,549,349,116,348,196,438,465,312,243,165,374
185,164,67,41,220,45,159,50,49,68,146,209,316,124,93,99,124,331,191,22,117,191,118,71,127,51,124,89,79,293,274,452,93,173,32,194,186,41,81,198,135,37,136,73,143,155,135,165,36,117
384,263,110,51,328,64,340,90,120,131,289,383,584,219,181,185,239,609,335,50,200,350,210,116,226,89,199,155,151,408,527,971,170,301,69,349,312,57,174,333,238,70,243,108,277,311,219,374,117,132
