264.1579,453.4352,213.5671,89.5682,502.1197,109.879,474.8283,180.6012,171.6308,244.094,448.4372,514.3332,816.7344,374.5594,314.8824,338.9918,364.5909,817.6008,507.0942,70.3757,324.1881,514.8374,347.4298,210.7984,368.7308,151.3339,375.4481,282.1464,302.2586,612.3513,701.6874,1183.8178,244.1473,485.8711,107.9323,513.9151,483.7154,85.7323,251.5961,473.0918,313.7655,108.1204,370.5827,178.2912,434.8245,424.8463,333.4875,494.1645,169.0831,377.5456
453.4352,182.7117,167.8841,75.4647,441.707,99.9486,421.3808,129.2059,141.2927,179.2435,371.5199,484.0002,790.1512,278.5155,225.4744,240.5572,314.5589,789.7599,438.3566,52.4479,232.8436,447.4432,253.546,172.7013,279.4709,107.2125,282.9746,198.4308,213.3637,540.9841,662.7411,1231.6766,239.023,407.0954,98.8509,451.9489,408.9711,71.8594,216.4928,463.1681,285.803,88.6653,337.6363,162.2264,346.9449,405.5459,270.2435,458.1188,165.0142,293.4621
213.5671,167.8841,37.172,35.2299,202.8025,46.8265,194.3126,58.9202,64.4052,82.6186,171.9523,220.9481,362.8146,127.584,102.221,108.8202,143.9643,362.3986,200.999,23.6415,105.4692,206.1713,115.5595,79.9875,127.7127,48.5965,129.5736,89.8879,96.8145,245.6853,303.6689,568.6264,109.9787,186.6464,45.2558,205.0811,188.137,32.4258,99.1255,214.8904,130.4042,40.3778,156.0456,74.097,158.8982,185.9533,123.0315,211.276,76.4324,134.7331
89.5682,75.4647,35.2299,6.6058,84.3194,17.2043,78.5785,27.8888,28.2354,37.1581,71.9173,91.7159,144.2116,58.2017,48.1532,53.1261,61.4279,144.1925,85.8864,11.3779,51.123,86.1216,54.0162,34.2598,59.0411,23.6167,60.8779,43.2176,46.7951,106.4639,122.4707,214.9118,43.0042,79.5106,18.7718,91.3037,77.7816,14.5598,42.2193,84.6288,54.6888,17.9669,62.0729,31.3004,70.0049,74.2307,55.0086,83.8733,29.0827,59.8258
502.1197,441.707,202.8025,84.3194,256.314,112.6524,491.2384,155.2808,166.6118,209.0238,430.7035,572.0057,920.6705,331.552,270.0324,292.9972,369.7159,918.2114,518.0558,63.4248,282.9317,523.0688,303.5888,204.4882,337.6765,130.2503,345.4611,238.9692,256.7899,641.954,772.7847,1420.4676,276.8056,473.6097,116.5942,543.1321,476.8192,86.5776,255.5121,543.014,337.5884,105.8053,388.7936,192.5426,410.9333,473.0675,321.4022,529.5748,188.6497,345.6451
109.879,99.9486,46.8265,17.2043,112.6524,10.6632,103.1946,36.4178,37.519,47.7791,93.7483,123.6889,193.362,76.6978,63.1122,70.0145,81.4332,192.8727,114.1727,15.1629,67.5716,113.8473,70.8096,45.1825,77.8343,30.9993,80.6636,56.8086,60.9896,143.0982,163.8511,289.411,57.4085,105.0285,25.0931,122.5978,103.1901,19.6195,56.3822,113.5985,73.3574,23.9908,82.0364,42.1495,92.3105,99.6015,73.1654,110.972,38.5878,78.2633
474.8283,421.3808,194.3126,78.5785,491.2384,103.1946,229.1482,149.3503,159.065,200.0222,408.4297,540.0741,863.8979,313.5526,258.9969,281.7489,350.6659,862.4409,490.7121,61.524,272.8662,491.8466,291.1258,192.2159,321.8773,125.4241,330.8619,230.5299,247.9484,611.7752,726.8528,1325.6589,259.8168,451.1608,110.0268,517.4503,442.5128,82.4845,242.2804,508.7826,319.1552,100.9712,366.1329,182.0292,380.4742,445.1307,307.6842,488.1447,175.9917,329.8643
180.6012,129.2059,58.9202,27.8888,155.2808,36.4178,149.3503,22.54,49.5707,66.0726,134.0916,166.8388,274.5593,100.4269,81.217,85.9357,110.6944,274.7865,154.1867,18.4902,83.0504,158.7412,91.211,62.0336,99.4657,38.4217,100.6515,71.2162,76.8116,186.5405,231.0529,427.3937,83.4415,143.8238,34.4878,156.7284,145.6626,24.6317,71.6576,162.2666,99.0017,30.9942,119.7793,56.1828,123.6144,141.0173,94.7284,161.7751,58.3566,105.8792
171.6308,141.2927,64.4052,28.2354,166.6118,37.519,159.065,49.5707,25.8797,68.379,141.0064,183.0775,297.7508,106.8153,86.5514,93.0559,118.921,296.9315,166.5842,20.2695,89.9152,169.6722,97.3295,66.3886,108.0079,41.4185,109.9113,76.4677,82.1606,205.7433,249.0869,461.1939,89.9763,154.596,37.4827,172.5602,155.0371,27.4629,82.0477,176.0656,108.6747,33.8598,127.0033,61.3556,132.4819,152.8888,103.1744,172.379,61.2528,112.0572
244.094,179.2435,82.6186,37.1581,209.0238,47.7791,200.0222,66.0726,68.379,44.5654,167.8895,223.9216,362.9564,139.0579,114.7151,123.0135,150.9066,363.4349,209.8787,26.2269,118.373,214.0358,128.5842,84.4893,139.6921,54.8479,142.1813,101.4166,109.1313,255.0635,307.015,554.918,109.7613,197.0864,46.3104,216.7145,197.5577,34.2292,103.4633,213.67,133.9292,43.0637,158.5924,76.0654,170.664,186.5648,131.4627,214.0004,75.9887,144.7266
448.4372,371.5199,171.9523,71.9173,430.7035,93.7483,408.4297,134.0916,141.0064,167.8895,179.2318,470.8864,754.0851,283.4835,232.3567,252.5519,309.9974,752.6986,431.742,54.6432,243.4935,436.9091,261.1272,171.1585,285.1064,112.1393,293.6039,206.878,222.6047,535.6314,635.1903,1151.4415,226.6192,402.0737,96.2089,454.1661,400.5465,72.1514,213.9039,443.366,279.3282,89.1682,322.25,159.3878,347.5027,387.333,272.2216,436.9501,154.6523,293.4039
514.3332,484.0002,220.9481,91.7159,572.0057,123.6889,540.0741,166.8388,183.0775,223.9216,470.8864,313.4876,1011.5759,358.3236,289.9021,314.5538,405.3908,1018.5264,569.0276,69.1172,304.4279,575.7142,326.5731,223.2542,366.2874,139.6905,374.8757,256.7218,275.6498,711.5873,856.4462,1586.1612,307.7082,522.8771,128.4755,596.6808,518.6783,95.0203,280.9985,606.9192,373.5043,115.5482,429.3304,213.1818,446.8808,525.8033,352.3162,584.2071,208.731,373.9486
816.7344,790.1512,362.8146,144.2116,920.6705,193.362,863.8979,274.5593,297.7508,362.9564,754.0851,1011.5759,809.2908,585.7742,475.0494,520.6906,654.6748,1459.018,918.6271,114.4114,504.3311,924.8826,534.6539,360.3714,599.7962,231.1099,617.6704,424.2543,455.5587,1144.7819,1359.3574,2438.7526,481.7582,844.5845,206.7216,974.5944,835.1313,155.7226,454.0711,966.3503,603.4198,188.5908,680.1228,344.6951,725.0311,837.9183,573.9942,929.6367,328.0075,606.4605
374.5594,278.5155,127.584,58.2017,331.552,76.6978,313.5526,100.4269,106.8153,139.0579,283.4835,358.3236,585.7742,105.7126,174.0352,185.4101,237.4276,585.4018,329.9592,39.8902,179.0402,334.7248,195.7283,130.0288,214.0762,82.8719,217.3336,152.8325,165.7414,401.7835,493.6069,909.3021,177.6781,308.4539,73.745,338.342,308.8065,53.28,163.2828,346.9386,212.528,67.0129,253.7818,120.9833,260.0133,300.7116,203.0894,342.9678,123.5203,226.1028
314.8824,225.4744,102.221,48.1532,270.0324,63.1122,258.9969,81.217,86.5514,114.7151,232.3567,289.9021,475.0494,174.0352,69.5842,136.8107,192.8494,475.1143,267.9399,32.0991,145.1093,274.7484,156.6656,107.5108,172.7948,66.9723,176.1555,124.2136,134.4183,324.2871,400.6579,739.2717,142.7107,250.8219,59.8127,272.6471,252.7407,42.9663,132.335,281.1761,172.2402,54.2652,207.1292,97.9229,212.2766,244.0632,163.0472,279.8644,99.807,184.0449
338.9918,240.5572,108.8202,53.1261,292.9972,70.0145,281.7489,85.9357,93.0559,123.0135,252.5519,314.5538,520.6906,185.4101,136.8107,77.3202,208.458,520.849,289.3098,33.8317,152.2967,298.3078,168.2576,116.1907,184.4638,70.4266,186.0387,130.636,141.2779,348.7904,437.7846,817.5386,158.7407,271.1879,64.871,291.7543,273.1083,45.8889,142.5476,308.7917,186.9969,58.0672,226.2893,105.4982,230.2392,267.1354,176.2656,306.3097,111.4206,197.4359
364.5909,314.5589,143.9643,61.4279,369.7159,81.4332,350.6659,110.6944,118.921,150.9066,309.9974,405.3908,654.6748,237.4276,192.8494,208.458,129.5046,652.8266,365.6233,45.3351,201.6882,372.3734,216.068,146.0581,240.4114,92.8886,245.837,170.747,183.4688,457.1233,549.7909,1010.9556,197.1024,341.6187,82.8825,373.4878,341.2894,61.1114,179.5294,387.3049,239.685,75.1959,278.5088,136.7243,293.4663,336.3759,229.5846,377.3391,135.0762,245.7876
817.6008,789.7599,362.3986,144.1925,918.2114,192.8727,862.4409,274.7865,296.9315,363.4349,752.6986,1018.5264,1459.018,585.4018,475.1143,520.849,652.8266,801.9209,916.0179,114.2747,504.6149,921.8331,534.9601,359.4565,599.8767,231.4691,617.503,424.666,456.074,1127.1257,1359.9391,2436.2735,482.4077,842.3003,204.7541,971.7272,835.5159,155.1359,452.8541,960.7423,601.5217,188.2818,675.3427,343.213,723.3965,833.8211,570.4845,925.176,326.3275,605.9696
507.0942,438.3566,200.999,85.8864,518.0558,114.1727,490.7121,154.1867,166.5842,209.8787,431.742,569.0276,918.6271,329.9592,267.9399,289.3098,365.6233,916.0179,254.696,63.2312,279.7324,485.8758,301.6212,203.9849,334.2049,128.6758,341.2671,236.9434,254.8057,638.9702,760.1437,1423.1571,277.1834,477.2221,116.1158,537.151,477.1573,85.2202,254.926,543.6444,334.2124,103.816,388.8862,191.5707,409.3829,472.1538,320.3057,530.2856,189.9146,345.3722
70.3757,52.4479,23.6415,11.3779,63.4248,15.1629,61.524,18.4902,20.2695,26.2269,54.6432,69.1172,114.4114,39.8902,32.0991,33.8317,45.3351,114.2747,63.2312,3.3754,32.7293,64.69,36.1301,25.1974,39.7218,15.1102,40.2406,27.9667,30.3863,75.9676,96.1368,180.6704,34.8562,58.4623,14.2735,63.6717,59.5664,10.0121,31.1892,68.0482,40.9141,12.5641,49.376,23.2359,49.7444,58.5289,38.1142,67.0179,24.294,42.4193
324.1881,232.8436,105.4692,51.123,282.9317,67.5716,272.8662,83.0504,89.9152,118.373,243.4935,304.4279,504.3311,179.0402,145.1093,152.2967,201.6882,504.6149,279.7324,32.7293,72.3956,288.1177,162.7863,112.2286,178.2724,68.0304,179.648,126.3578,136.0976,338.1732,423.0453,791.1131,153.4778,261.2346,62.9383,282.507,265.303,44.3067,138.1122,298.5232,180.7694,55.8829,219.3496,102.1912,223.0477,257.9431,170.822,295.8882,107.3996,190.1366
514.8374,447.4432,206.1713,86.1216,523.0688,113.8473,491.8466,158.7412,169.6722,214.0358,436.9091,575.7142,924.8826,334.7248,274.7484,298.3078,372.3734,921.8331,485.8758,64.69,288.1177,261.7526,308.3681,206.0786,342.1105,132.9922,350.4733,243.6391,262.308,649.4243,759.0783,1424.0488,278.2137,481.3036,117.3825,549.3097,479.676,86.5129,258.8123,546.2423,339.5829,106.6854,392.3014,194.2167,411.6445,475.2166,325.5472,532.7438,189.9572,352.2365
347.4298,253.546,115.5595,54.0162,303.5888,70.8096,291.1258,91.211,97.3295,128.5842,261.1272,326.5731,534.6539,195.7283,156.6656,168.2576,216.068,534.9601,301.6212,36.1301,162.7863,308.3681,87.715,120.693,192.5943,75.0918,197.1985,139.1669,149.9785,365.5748,451.0689,832.0874,161.2784,280.997,67.4595,307.4012,284.0898,48.3718,148.919,317.1613,194.0793,60.9573,232.8103,110.1219,237.8253,274.8231,184.4445,314.81,112.1668,205.4047
210.7984,172.7013,79.9875,34.2598,204.4882,45.1825,192.2159,62.0336,66.3886,84.4893,171.1585,223.2542,360.3714,130.0288,107.5108,116.1907,146.0581,359.4565,203.9849,25.1974,112.2286,206.0786,120.693,39.2507,133.0021,51.545,134.5477,95.3333,102.2773,252.1135,302.8228,554.791,108.675,189.2945,45.6243,212.7727,187.6259,33.8489,100.7499,210.8236,132.2773,41.6499,153.6576,75.2964,158.3974,185.2105,127.314,208.6891,74.4264,137.904
368.7308,279.4709,127.7127,59.0411,337.6765,77.8343,321.8773,99.4657,108.0079,139.6921,285.1064,366.2874,599.7962,214.0762,172.7948,184.4638,240.4114,599.8767,334.2049,39.7218,178.2724,342.1105,192.5943,133.0021,106.2899,81.8164,213.0106,152.5642,164.1572,409.6162,503.9535,936.4769,181.6719,311.5118,75.0471,342.0691,314.0669,54.4192,165.3315,354.7843,217.2826,67.6019,258.7123,123.2781,250.8641,308.1569,201.8765,349.3683,125.4807,225.912
151.3339,107.2125,48.5965,23.6167,130.2503,30.9993,125.4241,38.4217,41.4185,54.8479,112.1393,139.6905,231.1099,82.8719,66.9723,70.4266,92.8886,231.4691,128.6758,15.1102,68.0304,132.9922,75.0918,51.545,81.8164,15.1196,75.5549,58.4442,63.2144,155.4738,194.217,362.2606,70.3183,120.4782,28.9425,130.0503,122.0718,20.4125,63.6791,136.8534,83.098,25.8322,100.7245,47.0337,102.5919,118.5408,78.7704,136.4022,49.251,87.9522
375.4481,282.9746,129.5736,60.8779,345.4611,80.6636,330.8619,100.6515,109.9113,142.1813,293.6039,374.8757,617.6704,217.3336,176.1555,186.0387,245.837,617.503,341.2671,40.2406,179.648,350.4733,197.1985,134.5477,213.0106,75.5549,108.9375,154.0974,165.4493,417.8411,517.479,966.7809,187.64,318.4519,76.9319,348.4093,321.3847,55.1452,168.9459,365.33,222.279,68.1948,265.9441,125.824,267.6256,316.764,209.32,360.2924,130.3173,230.3707
282.1464,198.4308,89.8879,43.2176,238.9692,56.8086,230.5299,71.2162,76.4677,101.4166,206.878,256.7218,424.2543,152.8325,124.2136,130.636,170.747,424.666,236.9434,27.9667,126.3578,243.6391,139.1669,95.3333,152.5642,58.4442,154.0974,53.1522,117.2081,286.331,356.4884,662.7076,129.3128,220.754,53.0857,239.2941,224.6194,37.7979,117.0755,250.7963,152.0789,47.6605,184.7503,86.5184,189.4261,217.4333,145.3544,250.012,90.3437,162.1454
302.2586,213.3637,96.8145,46.7951,256.7899,60.9896,247.9484,76.8116,82.1606,109.1313,222.6047,275.6498,455.5587,165.7414,134.4183,141.2779,183.4688,456.074,254.8057,30.3863,136.0976,262.308,149.9785,102.2773,164.1572,63.2144,165.4493,117.2081,62.014,307.8059,382.7602,709.3635,138.358,239.3055,57.1724,258.3446,242.1275,40.6889,125.764,268.8437,164.0973,51.3688,198.8111,92.87,201.9327,233.5983,156.6671,268.5205,97.0958,174.9931
612.3513,540.9841,245.6853,106.4639,641.954,143.0982,611.7752,186.5405,205.7433,255.0635,535.6314,711.5873,1144.7819,401.7835,324.2871,348.7904,457.1233,1127.1257,638.9702,75.9676,338.1732,649.4243,365.5748,252.1135,409.6162,155.4738,417.8411,286.331,307.8059,393.9927,965.3001,1802.6584,348.5907,588.6658,144.6832,663.5858,590.726,105.5033,316.0333,685.2943,419.7452,129.3283,485.678,238.5764,503.2971,592.6073,394.0403,663.8742,238.8839,422.2741
701.6874,662.7411,303.6689,122.4707,772.7847,163.8511,726.8528,231.0529,249.0869,307.015,635.1903,856.4462,1359.3574,493.6069,400.6579,437.7846,549.7909,1359.9391,760.1437,96.1368,423.0453,759.0783,451.0689,302.8228,503.9535,194.217,517.479,356.4884,382.7602,965.3001,568.4885,2083.4561,407.7409,710.7507,173.4646,813.1251,704.7736,129.9662,381.1487,802.8368,504.8613,158.1544,573.5549,288.1956,609.4433,700.1957,482.1993,778.4698,278.0318,510.2776
1183.8178,1231.6766,568.6264,214.9118,1420.4676,289.411,1325.6589,427.3937,461.1939,554.918,1151.4415,1586.1612,2438.7526,909.3021,739.2717,817.5386,1010.9556,2436.2735,1423.1571,180.6704,791.1131,1424.0488,832.0874,554.791,936.4769,362.2606,966.7809,662.7076,709.3635,1802.6584,2083.4561,1907.9864,729.2294,1303.0378,319.0085,1523.5371,1283.8795,244.1184,701.2728,1485.4389,935.2737,293.7315,1040.8051,535.3479,1122.1819,1287.3347,894.526,1419.7657,498.7822,934.924
244.1473,239.023,109.9787,43.0042,276.8056,57.4085,259.8168,83.4415,89.9763,109.7613,226.6192,307.7082,481.7582,177.6781,142.7107,158.7407,197.1024,482.4077,277.1834,34.8562,153.4778,278.2137,161.2784,108.675,181.6719,70.3183,187.64,129.3128,138.358,348.5907,407.7409,729.2294,70.7666,254.5451,62.1569,295.2583,251.8041,47.1787,136.8717,289.1711,181.7265,57.0203,204.0464,103.675,218.6294,250.5467,173.3971,278.2899,97.9257,183.0002
485.8711,407.0954,186.6464,79.5106,473.6097,105.0285,451.1608,143.8238,154.596,197.0864,402.0737,522.8771,844.5845,308.4539,250.8219,271.1879,341.6187,842.3003,477.2221,58.4623,261.2346,481.3036,280.997,189.2945,311.5118,120.4782,318.4519,220.754,239.3055,588.6658,710.7507,1303.0378,254.5451,218.3954,106.7479,497.596,437.3303,78.7862,235.6641,499.5011,309.3286,97.384,360.181,176.363,380.632,433.5953,297.0266,489.3094,174.1075,322.1239
107.9323,98.8509,45.2558,18.7718,116.5942,25.0931,110.0268,34.4878,37.4827,46.3104,96.2089,128.4755,206.7216,73.745,59.8127,64.871,82.8825,204.7541,116.1158,14.2735,62.9383,117.3825,67.4595,45.6243,75.0471,28.9425,76.9319,53.0857,57.1724,144.6832,173.4646,319.0085,62.1569,106.7479,12.1455,121.7767,106.2597,19.2997,57.3151,122.785,75.8706,23.6708,86.9809,43.2581,91.5839,106.2664,71.8913,118.7551,40.7028,76.8334
513.9151,451.9489,205.0811,91.3037,543.1321,122.5978,517.4503,156.7284,172.5602,216.7145,454.1661,596.6808,974.5944,338.342,272.6471,291.7543,373.4878,971.7272,537.151,63.6717,282.507,549.3097,307.4012,212.7727,342.0691,130.0503,348.4093,239.2941,258.3446,663.5858,813.1251,1523.5371,295.2583,497.596,121.7767,274.2129,499.1995,87.5946,265.3563,579.157,351.7306,108.6111,413.4611,200.3475,423.5561,498.6391,329.789,562.183,203.1638,356.2419
483.7154,408.9711,188.137,77.7816,476.8192,103.1901,442.5128,145.6626,155.0371,197.5577,400.5465,518.6783,835.1313,308.8065,252.7407,273.1083,341.2894,835.5159,477.1573,59.5664,265.303,479.676,284.0898,187.6259,314.0669,122.0718,321.3847,224.6194,242.1275,590.726,704.7736,1283.8795,251.8041,437.3303,106.2597,499.1995,217.351,79.2991,235.2758,494.1826,308.9589,97.7956,356.1543,176.1392,376.732,429.9984,298.5665,484.094,170.7955,322.6655
85.7323,71.8594,32.4258,14.5598,86.5776,19.6195,82.4845,24.6317,27.4629,34.2292,72.1514,95.0203,155.7226,53.28,42.9663,45.8889,61.1114,155.1359,85.2202,10.0121,44.3067,86.5129,48.3718,33.8489,54.4192,20.4125,55.1452,37.7979,40.6889,105.5033,129.9662,244.1184,47.1787,78.7862,19.2997,87.5946,79.2991,6.5237,42.2231,92.32,56.1659,17.1349,66.0408,31.8314,67.112,79.4632,52.3005,89.7105,32.3966,56.3033
251.5961,216.4928,99.1255,42.2193,255.5121,56.3822,242.2804,71.6576,82.0477,103.4633,213.9039,280.9985,454.0711,163.2828,132.335,142.5476,179.5294,452.8541,254.926,31.1892,138.1122,258.8123,148.919,100.7499,165.3315,63.6791,168.9459,117.0755,125.764,316.0333,381.1487,701.2728,136.8717,235.6641,57.3151,265.3563,235.2758,42.2231,61.0095,268.5883,166.0612,51.3779,192.5731,94.6466,202.1962,233.5738,157.9809,260.5367,93.7243,170.0071
473.0918,463.1681,214.8904,84.6288,543.014,113.5985,508.7826,162.2666,176.0656,213.67,443.366,606.9192,966.3503,346.9386,281.1761,308.7917,387.3049,960.7423,543.6444,68.0482,298.5232,546.2423,317.1613,210.8236,354.7843,136.8534,365.33,250.7963,268.8437,685.2943,802.8368,1485.4389,289.1711,499.5011,122.785,579.157,494.1826,92.32,268.5883,281.99,351.3998,111.9103,401.9656,203.4182,428.8262,497.4042,340.3793,549.4559,195.3976,358.5513
313.7655,285.803,130.4042,54.6888,337.5884,73.3574,319.1552,99.0017,108.6747,133.9292,279.3282,373.5043,603.4198,212.528,172.2402,186.9969,239.685,601.5217,334.2124,40.9141,180.7694,339.5829,194.0793,132.2773,217.2826,83.098,222.279,152.0789,164.0973,419.7452,504.8613,935.2737,181.7265,309.3286,75.8706,351.7306,308.9589,56.1659,166.0612,351.3998,107.8526,68.3822,253.4323,125.7957,265.1617,309.3856,208.7467,345.3609,123.7308,221.7147
108.1204,88.6653,40.3778,17.9669,105.8053,23.9908,100.9712,30.9942,33.8598,43.0637,89.1682,115.5482,188.5908,67.0129,54.2652,58.0672,75.1959,188.2818,103.816,12.5641,55.8829,106.6854,60.9573,41.6499,67.6019,25.8322,68.1948,47.6605,51.3688,129.3283,158.1544,293.7315,57.0203,97.384,23.6708,108.6111,97.7956,17.1349,51.3779,111.9103,68.3822,10.0184,80.4578,38.8398,83.1937,96.8179,64.8844,109.4064,39.2219,70.2666
370.5827,337.6363,156.0456,62.0729,388.7936,82.0364,366.1329,119.7793,127.0033,158.5924,322.25,429.3304,680.1228,253.7818,207.1292,226.2893,278.5088,675.3427,388.8862,49.376,219.3496,392.3014,232.8103,153.6576,258.7123,100.7245,265.9441,184.7503,198.8111,485.678,573.5549,1040.8051,204.0464,360.181,86.9809,413.4611,356.1543,66.0408,192.5731,401.9656,253.4323,80.4578,140.8591,145.1863,311.2181,350.8964,245.5217,389.6433,137.8692,262.0678
178.2912,162.2264,74.097,31.3004,192.5426,42.1495,182.0292,56.1828,61.3556,76.0654,159.3878,213.1818,344.6951,120.9833,97.9229,105.4982,136.7243,343.213,191.5707,23.2359,102.1912,194.2167,110.1219,75.2964,123.2781,47.0337,125.824,86.5184,92.87,238.5764,288.1956,535.3479,103.675,176.363,43.2581,200.3475,176.1392,31.8314,94.6466,203.4182,125.7957,38.8398,145.1863,34.474,150.3038,176.8753,118.104,197.569,70.3702,126.4264
434.8245,346.9449,158.8982,70.0049,410.9333,92.3105,380.4742,123.6144,132.4819,170.664,347.5027,446.8808,725.0311,260.0133,212.2766,230.2392,293.4663,723.3965,409.3829,49.7444,223.0477,411.6445,237.8253,158.3974,250.8641,102.5919,267.6256,189.4261,201.9327,503.2971,609.4433,1122.1819,218.6294,380.632,91.5839,423.5561,376.732,67.112,202.1962,428.8262,265.1617,83.1937,311.2181,150.3038,161.0256,371.9011,250.5512,418.5156,150.1984,277.0152
424.8463,405.5459,185.9533,74.2307,473.0675,99.6015,445.1307,141.0173,152.8888,186.5648,387.333,525.8033,837.9183,300.7116,244.0632,267.1354,336.3759,833.8211,472.1538,58.5289,257.9431,475.2166,274.8231,185.2105,308.1569,118.5408,316.764,217.4333,233.5983,592.6073,700.1957,1287.3347,250.5467,433.5953,106.2664,498.6391,429.9984,79.4632,233.5738,497.4042,309.3856,96.8179,350.8964,176.8753,371.9011,212.013,294.8289,478.3418,170.2358,311.5507
333.4875,270.2435,123.0315,55.0086,321.4022,73.1654,307.6842,94.7284,103.1744,131.4627,272.2216,352.3162,573.9942,203.0894,163.0472,176.2656,229.5846,570.4845,320.3057,38.1142,170.822,325.5472,184.4445,127.314,201.8765,78.7704,209.32,145.3544,156.6671,394.0403,482.1993,894.526,173.3971,297.0266,71.8913,329.789,298.5665,52.3005,157.9809,340.3793,208.7467,64.8844,245.5217,118.104,250.5512,294.8289,97.2002,333.715,119.2773,214.6665
494.1645,458.1188,211.276,83.8733,529.5748,110.972,488.1447,161.7751,172.379,214.0004,436.9501,584.2071,929.6367,342.9678,279.8644,306.3097,377.3391,925.176,530.2856,67.0179,295.8882,532.7438,314.81,208.6891,349.3683,136.4022,360.2924,250.012,268.5205,663.8742,778.4698,1419.7657,278.2899,489.3094,118.7551,562.183,484.094,89.7105,260.5367,549.4559,345.3609,109.4064,389.6433,197.569,418.5156,478.3418,333.715,262.1309,188.1904,354.6763
169.0831,165.0142,76.4324,29.0827,188.6497,38.5878,175.9917,58.3566,61.2528,75.9887,154.6523,208.731,328.0075,123.5203,99.807,111.4206,135.0762,326.3275,189.9146,24.294,107.3996,189.9572,112.1668,74.4264,125.4807,49.251,130.3173,90.3437,97.0958,238.8839,278.0318,498.7822,97.9257,174.1075,40.7028,203.1638,170.7955,32.3966,93.7243,195.3976,123.7308,39.2219,137.8692,70.3702,150.1984,170.2358,119.2773,188.1904,31.3971,126.4628
377.5456,293.4621,134.7331,59.8258,345.6451,78.2633,329.8643,105.8792,112.0572,144.7266,293.4039,373.9486,606.4605,226.1028,184.0449,197.4359,245.7876,605.9696,345.3722,42.4193,190.1366,352.2365,205.4047,137.904,225.912,87.9522,230.3707,162.1454,174.9931,422.2741,510.2776,934.924,183.0002,322.1239,76.8334,356.2419,322.6655,56.3033,170.0071,358.5513,221.7147,70.2666,262.0678,126.4264,277.0152,311.5507,214.6665,354.6763,126.4628,116.0815
