2.87001767418687,4.08757881637255,5.03539219102681,4.90625859258736,5.1995925240582,2.87813870552496,2.92797005805495,4.69607315321067,4.3542108246146,1.43964214197471,3.43796222614886,3.96066043395639,4.5761975042998,3.32216208456033,3.92139666129023,2.50901123029284,4.88936989332932,0.649406315688589,2.28539684603675,2.0980806905975,3.26419954810802,4.3572867365793,3.59405186814036,4.13147756507128,4.03265882932379,5.35688103353439,1.27055398182921,1.92041181993757,4.785029742955,3.96751832133963,4.05631765044209,2.83055914025922,3.61938137008945,2.61018484910444,3.45344326390884,1.48635617718917,3.77713124236412,4.72580714432108,5.09567538121879,4.56216265852194,3.59670371698347,2.08484460996611,7.65229599554282,4.54256122537146,1.94553592128293,4.82258280286493,3.08482907258097,2.04980896955818,3.71691893086645,4.44800890155568
4.08757881637255,2.84002635286517,5.10950757576176,5.00719126721147,5.29217729805563,2.94854584198003,2.92993391756131,4.69541315439536,4.40904015898158,1.45047769667619,3.42919259391838,3.91177197009179,4.60002909412178,3.36158920574749,3.9066315320225,2.5639843294303,4.85326193555847,0.64913305829604,2.28598481242906,2.07314783703317,3.24784979529982,4.29257987510989,3.59197079963404,4.10954795913651,4.01781908465519,5.24516885234678,1.25014084215051,1.9147331564231,4.85771443056799,3.96461181134821,4.07321709091801,2.8388534215198,3.58239445971623,2.60173700891275,3.47568026080181,1.48266246624066,3.70731309805911,4.74572532189581,5.05109735289781,4.51451774578941,3.57769111961537,2.11703169138252,7.70347743986227,4.50018276456559,1.98405855731013,4.80397515894205,3.08515308647015,2.03656562623331,3.7172233837864,4.4038852006479
5.03539219102681,5.10950757576176,4.15421674346383,6.02388208927956,6.31471832758636,3.42897868023104,3.65344181884846,5.61928059643247,5.42613069594099,1.82081045006608,4.14916031301882,4.93260615195912,5.41454942673441,4.04162346861079,4.55147004581567,3.15258301047938,5.98753205369376,0.802408359825373,2.9220189132607,2.35840319847233,4.10680288582178,5.23726671521169,4.37587232170429,5.05526115215937,4.78807125287789,6.3361866951806,1.54724515082637,2.38642390658203,5.84679246153043,4.87470278814277,4.95414763081149,3.54218025290847,4.3205778235412,3.24645397107982,4.27956579320119,1.82491106359701,4.64489446752679,5.68740582502263,6.13883807599551,5.67763763522419,4.36768421781411,2.6175833824879,8.27202936448971,5.53359675702041,2.4487122287353,5.79522227098474,3.92110407228813,2.41456750860803,4.39005876630336,5.49138992299115
4.90625859258736,5.00719126721147,6.02388208927956,4.19903298722485,6.36513648685149,3.46749665656742,3.5911705348787,5.61783394608857,5.28373725954873,1.76977533050734,4.19433051044423,4.72066056962598,5.49688687590835,4.02173471837891,4.72056922599194,3.0047819740326,5.90953155980456,0.759032445304785,2.78453128397709,2.52064622780363,3.96010580588438,5.24324311851356,4.27660539743531,4.93506186826104,4.88482805782513,6.43224642635899,1.51141852198351,2.26453460377563,5.78092663431004,4.73819124092977,4.9764147797793,3.41776756867923,4.31863753665638,3.16377814317218,4.21761956931674,1.76452286584628,4.5206230813135,5.63527047951894,6.04832136457168,5.48149472575148,4.33015337636285,2.53212274674044,8.6908802304438,5.47714475812623,2.35649130385126,5.78976615237712,3.71034720985003,2.47452443251556,4.50626051492644,5.39064725406721
5.1995925240582,5.29217729805563,6.31471832758636,6.36513648685149,4.58765515464952,3.60524358929243,3.80307032861502,5.95471059312072,5.66390815829167,1.8963743363488,4.34911046838165,5.09793891765304,5.63068372579409,4.20056254715615,4.8198208584252,3.21063972764725,6.13819564567451,0.826027355551349,2.98205705284572,2.52557625375699,4.19474679808808,5.42210749478167,4.64626628800398,5.2181178479781,5.06069757108552,6.65319286189164,1.61003086303899,2.41848922863327,6.10153643557801,4.98359328298395,5.2312956411781,3.68439798051842,4.51882749617564,3.35183699351912,4.43039262683146,1.89037665886751,4.77460769989206,5.94696040627533,6.39723207471974,5.83403635899054,4.57786581668173,2.68468036474858,8.79362442528993,5.7312488195247,2.56307208713544,6.01039443332338,4.00561197980198,2.57207603260723,4.6205264295802,5.68025830164763
2.87813870552496,2.94854584198003,3.42897868023104,3.46749665656742,3.60524358929243,1.31406962825364,2.0899332003866,3.22831798986786,3.10240849886816,1.04652862465208,2.37716590329177,2.78945244528285,3.12983658162891,2.33086258754971,2.70916808433358,1.76724234460075,3.41641863676423,0.451679965771293,1.63548692191262,1.35537832911757,2.29435350279749,2.99857821427596,2.51728223109432,2.88554022571855,2.77735617642623,3.642086763052,0.887476845621939,1.33112477977012,3.32303570498851,2.78257271443014,2.84668405535479,2.0336217622133,2.46370901208105,1.85232633768624,2.42562626063367,1.02557358103506,2.63525040450984,3.22682521839952,3.51645621278438,3.23396070634524,2.52201553647801,1.4621378097489,5.03558968407335,3.19563884078941,1.4229457605487,3.27639714745121,2.17173413495191,1.39657312076684,2.54955831758395,3.11243774666622
2.92797005805495,2.92993391756131,3.65344181884846,3.5911705348787,3.80307032861502,2.0899332003866,1.47930611594035,3.4040573439118,3.14292611406244,1.08936836393538,2.53755691749178,2.81965193484999,3.24888182045883,2.44297265059139,2.80774499076988,1.81168546398707,3.49929873962871,0.417763764173302,1.64727168081013,1.45155291346408,2.43030669650224,3.10296036009156,2.60661178592082,3.00570676835212,2.92784303993346,3.8832158743177,0.889120151309413,1.31226870911279,3.50526716239839,2.85736949939024,2.96578721916847,2.04056079273192,2.63273016597083,1.90263321775798,2.50287659086958,1.03447676349807,2.73633323847074,3.36320711765004,3.64269830278223,3.2353852648148,2.56210385964712,1.50327601387017,4.86706881252795,3.24591691786212,1.43304494060031,3.47438037236814,2.26108629891144,1.47934930203645,2.65492849329892,3.29286107259389
4.69607315321067,4.69541315439536,5.61928059643247,5.61783394608857,5.95471059312072,3.22831798986786,3.4040573439118,3.56865309164246,4.98307476397961,1.67665365438045,3.90883506164612,4.50617016955201,5.11293522848324,3.79678166281625,4.31024150346376,2.86271960141953,5.4868027347833,0.735421705219787,2.63045436550735,2.24543580362361,3.72515734831777,4.84315110762254,4.08473907359209,4.6545069774919,4.44350880240464,5.97113367826751,1.43339220429062,2.17102824633037,5.44234443151934,4.49010955973076,4.65837609009619,3.26365763310348,4.08192211082133,2.99261339526047,3.9577666368389,1.68714125210683,4.28500316046654,5.27520934403199,5.6475023840914,5.15224039793484,4.04264900914007,2.35402202665354,7.93307154086025,5.14276538484698,2.27677560614042,5.41213236697665,3.55804661571115,2.26046058983722,4.18734613171188,5.03235056461893
4.3542108246146,4.40904015898158,5.42613069594099,5.28373725954873,5.66390815829167,3.10240849886816,3.14292611406244,4.98307476397961,3.2162253357844,1.53842303497552,3.72139081997083,4.10492467661222,4.94166433447682,3.53667662052267,4.16464563526437,2.65094299257354,5.15757879841944,0.656691772758286,2.4075253701344,2.28125413140259,3.44697185243731,4.54712497569121,3.79447928539668,4.38707234387294,4.38196180596393,5.73960277928765,1.31638462344698,1.97758358702852,5.14845251472037,4.19752303983757,4.40386546037674,3.00670480383056,3.85864485331432,2.80413866978217,3.67688465117846,1.52605459740576,3.97109647335846,5.01612029922389,5.33768004594009,4.75748858219972,3.7926804877986,2.24996397166436,8.16515382363962,4.8285402794346,2.0579134604694,5.17669871355845,3.24300891467821,2.22655293981516,4.01434997734057,4.69009567703534
1.43964214197471,1.45047769667619,1.82081045006608,1.76977533050734,1.8963743363488,1.04652862465208,1.08936836393538,1.67665365438045,1.53842303497552,0.330215905513984,1.23065422072219,1.36534763610475,1.64824789158404,1.19195714108461,1.41892963043616,0.887745216352653,1.71886802597793,0.208040952948726,0.797678894770285,0.760043101772296,1.18774958004894,1.52235019460422,1.29459167182541,1.46130913308521,1.47887559223272,1.92585426277902,0.432488675742481,0.633774350216825,1.72162892361123,1.40989896500037,1.46281030260187,0.983250012997148,1.31142942803432,0.947695627667567,1.22207747190373,0.531151543531801,1.3271563941034,1.67022304034528,1.77928023195169,1.57908644202881,1.26034780821007,0.749299602955631,2.4667508337826,1.61682788609092,0.677164562853505,1.73396125163224,1.09273222537438,0.748573895008094,1.3408976995521,1.60310659192537
3.43796222614886,3.42919259391838,4.14916031301882,4.19433051044423,4.34911046838165,2.37716590329177,2.53755691749178,3.90883506164612,3.72139081997083,1.23065422072219,1.93457164425225,3.34682239176385,3.72563199918879,2.82183985867717,3.21895878811266,2.13157384828842,4.12015906987538,0.536794909511545,1.97431570480772,1.65933677409169,2.80817666389021,3.58895140914751,3.03918464465895,3.48447093025126,3.30182346496892,4.42970524853058,1.06711931121239,1.60268600176132,4.04919083084983,3.33466049787132,3.43845225143358,2.44268452133451,2.97540486210016,2.25616932653624,2.92887010091041,1.2453834983674,3.1720988337537,3.90998613669655,4.22164970036823,3.84509810511282,3.03131926389285,1.76346384439063,5.68043656121178,3.81036933268222,1.69994602609891,3.98955955069487,2.61792844725285,1.68516586079775,3.09100481899974,3.81274644627038
3.96066043395639,3.91177197009179,4.93260615195912,4.72066056962598,5.09793891765304,2.78945244528285,2.81965193484999,4.50617016955201,4.10492467661222,1.36534763610475,3.34682239176385,2.56921993786224,4.45200064925615,3.19864927363375,3.80861629280331,2.38324447453942,4.70091785217152,0.612585150045775,2.17818631883594,2.08019481564762,3.14051547420874,4.1555622940583,3.45929812452632,3.89545227859948,3.96713147919465,5.17222876089559,1.18886953913296,1.80174221727239,4.62308962553918,3.80911134556658,3.93327129274181,2.73000624237533,3.50372753088212,2.51176879673438,3.34196584566196,1.40629783735903,3.61127887783723,4.49842607738719,4.85911188251811,4.32617206852397,3.40820189308295,2.0136144651649,7.56681021446165,4.30496771471084,1.8206254358593,4.63194888303462,2.97863831785992,2.00830757851802,3.6788804079646,4.22492319428413
4.5761975042998,4.60002909412178,5.41454942673441,5.49688687590835,5.63068372579409,3.12983658162891,3.24888182045883,5.11293522848324,4.94166433447682,1.64824789158404,3.72563199918879,4.45200064925615,3.39348682261796,3.65582736153793,4.14677092216438,2.80510727471928,5.38998248430533,0.7482504780338,2.65865897714534,2.14296147151244,3.62657885719051,4.70697248228568,4.03176949570868,4.525187028374,4.33698543971163,5.69740302244101,1.4293050938498,2.15681128833594,5.24059597131976,4.41643227927333,4.48220573008652,3.23633017062494,3.8971231064531,2.96116034639443,3.88611396875817,1.64485285484488,4.1522901995634,5.20492745069279,5.53613209974824,5.11097641923694,4.01981036835565,2.35186375377312,7.49063321479541,5.03325220436796,2.24430753945021,5.25415687398491,3.50140330332129,2.18062464041422,3.99942094893644,4.98229142391172
3.32216208456033,3.36158920574749,4.04162346861079,4.02173471837891,4.20056254715615,2.33086258754971,2.44297265059139,3.79678166281625,3.53667662052267,1.19195714108461,2.82183985867717,3.19864927363375,3.65582736153793,1.8555962690605,3.16614203811843,2.03323755756601,3.9664638311137,0.491764103197163,1.84326767550795,1.6592150220658,2.67682418712414,3.49979083569144,2.91836373241712,3.36661096756655,3.29683972240316,4.31405887192037,0.992689268199434,1.52331428426335,3.87689705603313,3.18557354143313,3.26484644542908,2.30909250373799,2.90534917959705,2.12310324683936,2.83200981953838,1.17613869939909,3.03573700440534,3.77072526139199,4.033514681276,3.68780899498853,2.84582583136536,1.71011291984473,5.55993405056791,3.67270317679807,1.61959132734365,3.86956107850673,2.47297381101128,1.65624033980773,2.99668109744101,3.64530929112784
3.92139666129023,3.9066315320225,4.55147004581567,4.72056922599194,4.8198208584252,2.70916808433358,2.80774499076988,4.31024150346376,4.16464563526437,1.41892963043616,3.21895878811266,3.80861629280331,4.14677092216438,3.16614203811843,2.39205836766657,2.41786289853239,4.6237845806639,0.625487908366171,2.23944901107107,1.78482444790257,3.14847827553971,4.08499364838076,3.42192108535429,3.86418799165922,3.65185793352325,4.87579053316814,1.18563471734272,1.82133986062158,4.55747247556529,3.74829508998534,3.89495497501907,2.75185726044031,3.28496247434364,2.52130989970708,3.33328867506842,1.39396530585506,3.57475590746839,4.3739863437891,4.73061894740664,4.36524728948887,3.38135456819768,2.00930803309924,6.29683831516046,4.31715957855194,1.88033170337882,4.46087433694171,2.95488723572625,1.86843493462056,3.36710016131836,4.24798467245089
2.50901123029284,2.5639843294303,3.15258301047938,3.0047819740326,3.21063972764725,1.76724234460075,1.81168546398707,2.86271960141953,2.65094299257354,0.887745216352653,2.13157384828842,2.38324447453942,2.80510727471928,2.03323755756601,2.41786289853239,1.03914559728516,2.976690287636,0.390836315229949,1.39763289091588,1.30270969339082,1.96602403979514,2.65110412381472,2.18220617549746,2.51818011331767,2.49270754784675,3.29910000546885,0.762520120189204,1.15905667731916,2.88154609902257,2.44917026837668,2.51324101471381,1.74753551839124,2.175562756468,1.60476089363886,2.11484245651105,0.912413179311358,2.28425902513913,2.89190330067765,3.07025575433702,2.76336034133048,2.21654165214407,1.29057372825221,4.90382037858555,2.74991356090683,1.18624054333966,2.94666560604003,1.88067682883944,1.27933563616716,2.30585837775998,2.7055356202235
4.88936989332932,4.85326193555847,5.98753205369376,5.90953155980456,6.13819564567451,3.41641863676423,3.49929873962871,5.4868027347833,5.15757879841944,1.71886802597793,4.12015906987538,4.70091785217152,5.38998248430533,3.9664638311137,4.6237845806639,2.976690287636,3.99755851081699,0.754373712406402,2.7508749319606,2.42278047427382,3.90768039975254,5.16123275801021,4.29693023808244,4.88074072277973,4.77368346304824,6.25087084642082,1.46952910538689,2.24695101835528,5.70329312811912,4.68507406471873,4.8122342336832,3.43526006892844,4.23737106250471,3.1094109721392,4.19360908952182,1.73644047480833,4.43001817898153,5.53688025374348,5.95712023700654,5.32446074060258,4.23245665765592,2.47700736101988,8.46168522055016,5.38761019324521,2.32596458509687,5.64036549190641,3.69581731915495,2.39859943256963,4.42431785237525,5.25130764792934
0.649406315688589,0.64913305829604,0.802408359825373,0.759032445304785,0.826027355551349,0.451679965771293,0.417763764173302,0.735421705219787,0.656691772758286,0.208040952948726,0.536794909511545,0.612585150045775,0.7482504780338,0.491764103197163,0.625487908366171,0.390836315229949,0.754373712406402,0.0537761953648495,0.367534023086065,0.361179505320396,0.475421541964895,0.673217670744989,0.542676339783648,0.633483046400614,0.651404653654177,0.832801816692661,0.205623291710383,0.309449003663879,0.716718165315265,0.624059921064019,0.645381787599546,0.428318030946134,0.561348288667632,0.389668543967057,0.554908192686156,0.237304406486958,0.575711676443502,0.749845041831073,0.810910597784836,0.672222863608368,0.55621798590548,0.325497319267758,1.47562750640317,0.718969263376501,0.285427498475003,0.773147803303249,0.4722484641173,0.331328564814118,0.622928177201374,0.661673281274955
2.28539684603675,2.28598481242906,2.9220189132607,2.78453128397709,2.98205705284572,1.63548692191262,1.64727168081013,2.63045436550735,2.4075253701344,0.797678894770285,1.97431570480772,2.17818631883594,2.65865897714534,1.84326767550795,2.23944901107107,1.39763289091588,2.7508749319606,0.367534023086065,0.873979847637988,1.25155408942792,1.80674903464961,2.42942721061095,1.98768763396391,2.31176745951636,2.33495056894479,3.02694294600342,0.702174632781253,1.06120296134744,2.68375203073912,2.23100401790153,2.3392084023436,1.59535764849226,2.04632547137381,1.45490741477209,1.96936720819662,0.830201760716272,2.08708728694655,2.65548247004478,2.86309519426249,2.46983881263057,2.02743692628131,1.18427530616826,4.66800759098413,2.54199523287839,1.05266838133955,2.76314263940981,1.75563036365785,1.17144339084816,2.20317073921443,2.46846930182841
2.0980806905975,2.07314783703317,2.35840319847233,2.52064622780363,2.52557625375699,1.35537832911757,1.45155291346408,2.24543580362361,2.28125413140259,0.760043101772296,1.65933677409169,2.08019481564762,2.14296147151244,1.6592150220658,1.78482444790257,1.30270969339082,2.42278047427382,0.361179505320396,1.25155408942792,0.338698363825674,1.6924030792983,2.13275248758908,1.8083527791826,2.0396411457902,1.84009254768842,2.50920513331247,0.652087050747196,1.01244567983943,2.4057782040073,2.00315294028446,1.99900909295966,1.49189560132358,1.69002858545708,1.36538932865385,1.81196201964506,0.776513707125502,1.88906623682833,2.31216210706787,2.47231959835685,2.38438462480443,1.79316513018696,1.05149915598992,2.86165820264524,2.24492447057533,1.08033368552838,2.28101720597405,1.60367738903959,0.937960669229599,1.70645578880213,2.2763426221844
3.26419954810802,3.24784979529982,4.10680288582178,3.96010580588438,4.19474679808808,2.29435350279749,2.43030669650224,3.72515734831777,3.44697185243731,1.18774958004894,2.80817666389021,3.14051547420874,3.62657885719051,2.67682418712414,3.14847827553971,1.96602403979514,3.90768039975254,0.475421541964895,1.80674903464961,1.6924030792983,1.82692221084446,3.45471877555635,2.89534311285796,3.2733414787406,3.29527308769269,4.32992480476069,0.98608987284308,1.46827491401382,3.88596607206387,3.13923146445411,3.32381955250915,2.27032467885415,2.88647603218679,2.10384964489696,2.78679174155901,1.16296443996745,3.00986809189258,3.76553914977773,4.02296169657152,3.58510868739412,2.85185469782768,1.67938094011878,5.79535931750239,3.61930292810218,1.56273878983426,3.87002137675565,2.47226657142795,1.6477556553901,3.02583811193331,3.59703428195539
4.3572867365793,4.29257987510989,5.23726671521169,5.24324311851356,5.42210749478167,2.99857821427596,3.10296036009156,4.84315110762254,4.54712497569121,1.52235019460422,3.58895140914751,4.1555622940583,4.70697248228568,3.49979083569144,4.08499364838076,2.65110412381472,5.16123275801021,0.673217670744989,2.42942721061095,2.13275248758908,3.45471877555635,3.07825907419973,3.77065770601806,4.29513916678443,4.21139890987279,5.53629864171591,1.31630628131246,2.02194140981053,5.00093938070327,4.12805403586387,4.28328797135847,2.99554944737174,3.71236033702648,2.78966044179904,3.6569772296591,1.55008003496965,3.88807609410764,4.89386746284316,5.24110306196419,4.76899160075698,3.71293421676844,2.21548442267663,7.82503683570553,4.703425651723,2.08761566719484,5.03013968300317,3.24588797848549,2.12495267062244,3.8877912240836,4.71474780711425
3.59405186814036,3.59197079963404,4.37587232170429,4.27660539743531,4.64626628800398,2.51728223109432,2.60661178592082,4.08473907359209,3.79447928539668,1.29459167182541,3.03918464465895,3.45929812452632,4.03176949570868,2.91836373241712,3.42192108535429,2.18220617549746,4.29693023808244,0.542676339783648,1.98768763396391,1.8083527791826,2.89534311285796,3.77065770601806,2.1333013400504,3.59698312183394,3.50305559474154,4.61402775080629,1.0843326646988,1.63931959570838,4.25786013477343,3.48274643094641,3.64502092967342,2.49818010567383,3.10524153046041,2.29090863768907,3.05746450493216,1.29587959332344,3.24950481122145,4.06208836636891,4.38134220598577,3.99528061927098,3.10768028723629,1.86117227472997,6.27623220962028,3.98276232652357,1.7193257975497,4.21540385644925,2.74905011188445,1.79596556181619,3.28822645256078,3.94532946057171
4.13147756507128,4.10954795913651,5.05526115215937,4.93506186826104,5.2181178479781,2.88554022571855,3.00570676835212,4.6545069774919,4.38707234387294,1.46130913308521,3.48447093025126,3.89545227859948,4.525187028374,3.36661096756655,3.86418799165922,2.51818011331767,4.88074072277973,0.633483046400614,2.31176745951636,2.0396411457902,3.2733414787406,4.29513916678443,3.59698312183394,2.86521003293884,4.01684611296848,5.2686338732435,1.25338004458086,1.90405771540109,4.74715876515989,3.9741615513217,4.10205530018406,2.89977876254159,3.61596671327702,2.61910723955191,3.47318960821398,1.47543547842162,3.75035874004978,4.67979423131016,5.02155701386376,4.51759139068567,3.59301002115233,2.08677516111763,7.25420938940881,4.50090158207277,1.97921146869251,4.73803966868065,3.07638131612465,2.04107702930183,3.67995549528053,4.43782376148194
4.03265882932379,4.01781908465519,4.78807125287789,4.88482805782513,5.06069757108552,2.77735617642623,2.92784303993346,4.44350880240464,4.38196180596393,1.47887559223272,3.30182346496892,3.96713147919465,4.33698543971163,3.29683972240316,3.65185793352325,2.49270754784675,4.77368346304824,0.651404653654177,2.33495056894479,1.84009254768842,3.29527308769269,4.21139890987279,3.50305559474154,4.01684611296848,2.60489818408621,5.00612101679172,1.24372142954101,1.89766642584672,4.73029473487945,3.87807319363231,3.98279764835092,2.8367808379486,3.46264896196297,2.66901336138141,3.47080806886041,1.47934783164766,3.71016638083214,4.60327289242467,4.85396935114415,4.51745873067323,3.49737786851767,2.06212985719979,6.4213584991416,4.4267627430028,2.01969583777548,4.58396727579925,3.09821882635647,1.93409182334195,3.49587627142162,4.38739605169305
5.35688103353439,5.24516885234678,6.3361866951806,6.43224642635899,6.65319286189164,3.642086763052,3.8832158743177,5.97113367826751,5.73960277928765,1.92585426277902,4.42970524853058,5.17222876089559,5.69740302244101,4.31405887192037,4.87579053316814,3.29910000546885,6.25087084642082,0.832801816692661,3.02694294600342,2.50920513331247,4.32992480476069,5.53629864171591,4.61402775080629,5.2686338732435,5.00612101679172,4.62203157795257,1.64118166505894,2.48393899991436,6.21786102607423,5.16956399991286,5.24364820946778,3.70929287538252,4.5909211935886,3.47882939728253,4.56352358761873,1.90509982167154,4.9078914504957,6.0671786446148,6.41190067351513,6.03043741842548,4.65626994975423,2.71180988110952,8.49734669647451,5.84738060810121,2.63617769759284,6.15301419699105,4.06672669189841,2.56439075025478,4.6268758528859,5.91698649930218
1.27055398182921,1.25014084215051,1.54724515082637,1.51141852198351,1.61003086303899,0.887476845621939,0.889120151309413,1.43339220429062,1.31638462344698,0.432488675742481,1.06711931121239,1.18886953913296,1.4293050938498,0.992689268199434,1.18563471734272,0.762520120189204,1.46952910538689,0.205623291710383,0.702174632781253,0.652087050747196,0.98608987284308,1.31630628131246,1.0843326646988,1.25338004458086,1.24372142954101,1.64118166505894,0.223925108564035,0.586295253445268,1.44843574472955,1.22431047272063,1.23713542120692,0.861760438350108,1.10511177588686,0.792327544828426,1.07645036324879,0.462751730322438,1.13283587589388,1.43788092001875,1.55649883676884,1.38338258436967,1.10455785036574,0.640639213489245,2.56373375822808,1.37290476244662,0.577011901327338,1.48765226814843,0.953040832641961,0.64179496732056,1.18520616829565,1.33849046155421
1.92041181993757,1.9147331564231,2.38642390658203,2.26453460377563,2.41848922863327,1.33112477977012,1.31226870911279,2.17102824633037,1.97758358702852,0.633774350216825,1.60268600176132,1.80174221727239,2.15681128833594,1.52331428426335,1.82133986062158,1.15905667731916,2.24695101835528,0.309449003663879,1.06120296134744,1.01244567983943,1.46827491401382,2.02194140981053,1.63931959570838,1.90405771540109,1.89766642584672,2.48393899991436,0.586295253445268,0.57881939600308,2.15772776061043,1.84682297893205,1.90161809129404,1.30507541245065,1.65690032647384,1.18125536884487,1.59323549732458,0.680690887267046,1.70094881836243,2.17937334039302,2.32861976221962,2.03192154880992,1.67027612754127,0.970132710379146,3.92893061908461,2.06987221757764,0.88077827348128,2.2456063289852,1.42262851693251,0.974394527113836,1.74633906501945,2.02189386355456
4.785029742955,4.85771443056799,5.84679246153043,5.78092663431004,6.10153643557801,3.32303570498851,3.50526716239839,5.44234443151934,5.14845251472037,1.72162892361123,4.04919083084983,4.62308962553918,5.24059597131976,3.87689705603313,4.55747247556529,2.88154609902257,5.70329312811912,0.716718165315265,2.68375203073912,2.4057782040073,3.88596607206387,5.00093938070327,4.25786013477343,4.74715876515989,4.73029473487945,6.21786102607423,1.44843574472955,2.15772776061043,3.89970141512304,4.58216276681256,4.80482031087761,3.28004049007957,4.19326974342388,3.08767336560743,4.06631663832273,1.6744634193599,4.37979876977548,5.40789656377833,5.87729766583128,5.29829974218269,4.17704416541136,2.46223563056631,8.4058018951525,5.24884692474488,2.32684321129138,5.65350103629571,3.66646939299654,2.41193415802304,4.35954801853273,5.21676532575949
3.96751832133963,3.96461181134821,4.87470278814277,4.73819124092977,4.98359328298395,2.78257271443014,2.85736949939024,4.49010955973076,4.19752303983757,1.40989896500037,3.33466049787132,3.80911134556658,4.41643227927333,3.18557354143313,3.74829508998534,2.44917026837668,4.68507406471873,0.624059921064019,2.23100401790153,2.00315294028446,3.13923146445411,4.12805403586387,3.48274643094641,3.9741615513217,3.87807319363231,5.16956399991286,1.22431047272063,1.84682297893205,4.58216276681256,2.6620559430982,3.92721660505582,2.7574117088192,3.48748155733636,2.53920709420609,3.3576794533029,1.41530784624055,3.61024816033158,4.49917397937107,4.91225577262404,4.40828464795023,3.46611603903274,2.03645570174816,7.28613771625828,4.37336896975483,1.90454905967572,4.6494396532173,2.95628962127065,1.95342027609974,3.62143929843636,4.28989185845234
4.05631765044209,4.07321709091801,4.95414763081149,4.9764147797793,5.2312956411781,2.84668405535479,2.96578721916847,4.65837609009619,4.40386546037674,1.46281030260187,3.43845225143358,3.93327129274181,4.48220573008652,3.26484644542908,3.89495497501907,2.51324101471381,4.8122342336832,0.645381787599546,2.3392084023436,1.99900909295966,3.32381955250915,4.28328797135847,3.64502092967342,4.10205530018406,3.98279764835092,5.24364820946778,1.23713542120692,1.90161809129404,4.80482031087761,3.92721660505582,2.76270940497291,2.82060184525869,3.57768561690902,2.64983431787555,3.51284633437572,1.48565362944083,3.76419425984397,4.68387158505683,4.9597423062468,4.54220944878881,3.59779563251461,2.08728370504024,6.96852521516337,4.51671031362487,1.98169619820545,4.76194624110777,3.12874883890184,2.00399878021699,3.71076497877093,4.53618622286879
2.83055914025922,2.8388534215198,3.54218025290847,3.41776756867923,3.68439798051842,2.0336217622133,2.04056079273192,3.26365763310348,3.00670480383056,0.983250012997148,2.44268452133451,2.73000624237533,3.23633017062494,2.30909250373799,2.75185726044031,1.74753551839124,3.43526006892844,0.428318030946134,1.59535764849226,1.49189560132358,2.27032467885415,2.99554944737174,2.49818010567383,2.89977876254159,2.8367808379486,3.70929287538252,0.861760438350108,1.30507541245065,3.28004049007957,2.7574117088192,2.82060184525869,1.32527368684151,2.5446606688892,1.81854080764411,2.38164991878176,1.01656872920531,2.58706649340602,3.25629032837527,3.47569020947534,3.0965357826748,2.47869377541522,1.44157207693731,5.44479227668915,3.18706054154748,1.3499266573403,3.33527773922348,2.12733596684481,1.45146015572541,2.67100719166793,3.08684043293235
3.61938137008945,3.58239445971623,4.3205778235412,4.31863753665638,4.51882749617564,2.46370901208105,2.63273016597083,4.08192211082133,3.85864485331432,1.31142942803432,2.97540486210016,3.50372753088212,3.8971231064531,2.90534917959705,3.28496247434364,2.175562756468,4.23737106250471,0.561348288667632,2.04632547137381,1.69002858545708,2.88647603218679,3.71236033702648,3.10524153046041,3.61596671327702,3.46264896196297,4.5909211935886,1.10511177588686,1.65690032647384,4.19326974342388,3.48748155733636,3.57768561690902,2.5446606688892,2.11624830553719,2.34948971485127,3.10247869410977,1.31194116825519,3.23872179136835,4.02599871542027,4.36935554021219,4.00016165164907,3.14607293105048,1.84049354566896,5.8815786942617,3.9659189151172,1.751293297201,4.08706963040961,2.74193803949343,1.74303082464011,3.13648073342382,3.85697908067489
2.61018484910444,2.60173700891275,3.24645397107982,3.16377814317218,3.35183699351912,1.85232633768624,1.90263321775798,2.99261339526047,2.80413866978217,0.947695627667567,2.25616932653624,2.51176879673438,2.96116034639443,2.12310324683936,2.52130989970708,1.60476089363886,3.1094109721392,0.389668543967057,1.45490741477209,1.36538932865385,2.10384964489696,2.78966044179904,2.29090863768907,2.61910723955191,2.66901336138141,3.47882939728253,0.792327544828426,1.18125536884487,3.08767336560743,2.53920709420609,2.64983431787555,1.81854080764411,2.34948971485127,1.11625909332757,2.21693299835429,0.930400082991946,2.37508102198348,2.98204675018372,3.25144975396364,2.8600116567363,2.27429981180216,1.34648515113472,4.79457782788585,2.92740474821234,1.23822981360773,3.0891639327461,1.97675903124957,1.3459448527911,2.40067228766095,2.82868435593625
3.45344326390884,3.47568026080181,4.27956579320119,4.21761956931674,4.43039262683146,2.42562626063367,2.50287659086958,3.9577666368389,3.67688465117846,1.22207747190373,2.92887010091041,3.34196584566196,3.88611396875817,2.83200981953838,3.33328867506842,2.11484245651105,4.19360908952182,0.554908192686156,1.96936720819662,1.81196201964506,2.78679174155901,3.6569772296591,3.05746450493216,3.47318960821398,3.47080806886041,4.56352358761873,1.07645036324879,1.59323549732458,4.06631663832273,3.3576794533029,3.51284633437572,2.38164991878176,3.10247869410977,2.21693299835429,2.0562569317225,1.25949737330546,3.16681209892325,3.99044057737988,4.32844444265249,3.81864465022562,3.06729561507187,1.785112817941,6.47611123990926,3.86308605306499,1.66217806615066,4.1147819605732,2.6147631802228,1.74832574318705,3.23565818781755,3.81575418469261
1.48635617718917,1.48266246624066,1.82491106359701,1.76452286584628,1.89037665886751,1.02557358103506,1.03447676349807,1.68714125210683,1.52605459740576,0.531151543531801,1.2453834983674,1.40629783735903,1.64485285484488,1.17613869939909,1.39396530585506,0.912413179311358,1.73644047480833,0.237304406486958,0.830201760716272,0.776513707125502,1.16296443996745,1.55008003496965,1.29587959332344,1.47543547842162,1.47934783164766,1.90509982167154,0.462751730322438,0.680690887267046,1.6744634193599,1.41530784624055,1.48565362944083,1.01656872920531,1.31194116825519,0.930400082991946,1.25949737330546,0.327877279406534,1.33151982505122,1.69182583839672,1.84166071017906,1.6410328024954,1.2709022461432,0.766497398447076,2.94318272325284,1.65182338403632,0.711501667926591,1.7329368300679,1.11280966231171,0.738705982548467,1.3671428666975,1.58245251922374
3.77713124236412,3.70731309805911,4.64489446752679,4.5206230813135,4.77460769989206,2.63525040450984,2.73633323847074,4.28500316046654,3.97109647335846,1.3271563941034,3.1720988337537,3.61127887783723,4.1522901995634,3.03573700440534,3.57475590746839,2.28425902513913,4.43001817898153,0.575711676443502,2.08708728694655,1.88906623682833,3.00986809189258,3.88807609410764,3.24950481122145,3.75035874004978,3.71016638083214,4.9078914504957,1.13283587589388,1.70094881836243,4.37979876977548,3.61024816033158,3.76419425984397,2.58706649340602,3.23872179136835,2.37508102198348,3.16681209892325,1.33151982505122,2.32970438087116,4.22975349653664,4.54037593832996,4.12572069669373,3.28416170153176,1.91341311665189,6.61077614778534,4.15470119192681,1.80921566324511,4.44711329759741,2.83326357549891,1.88527774803046,3.44320443129288,4.09929633145024
4.72580714432108,4.74572532189581,5.68740582502263,5.63527047951894,5.94696040627533,3.22682521839952,3.36320711765004,5.27520934403199,5.01612029922389,1.67022304034528,3.90998613669655,4.49842607738719,5.20492745069279,3.77072526139199,4.3739863437891,2.89190330067765,5.53688025374348,0.749845041831073,2.65548247004478,2.31216210706787,3.76553914977773,4.89386746284316,4.06208836636891,4.67979423131016,4.60327289242467,6.0671786446148,1.43788092001875,2.17937334039302,5.40789656377833,4.49917397937107,4.68387158505683,3.25629032837527,4.02599871542027,2.98204675018372,3.99044057737988,1.69182583839672,4.22975349653664,3.70659474375865,5.69551855788077,5.22888627866119,4.10072912394059,2.40748606619349,8.23920847931619,5.1973139261743,2.29157162010029,5.44086013474894,3.52280504790433,2.28066572158511,4.20767335846176,5.12104874649977
5.09567538121879,5.05109735289781,6.13883807599551,6.04832136457168,6.39723207471974,3.51645621278438,3.64269830278223,5.6475023840914,5.33768004594009,1.77928023195169,4.22164970036823,4.85911188251811,5.53613209974824,4.033514681276,4.73061894740664,3.07025575433702,5.95712023700654,0.810910597784836,2.86309519426249,2.47231959835685,4.02296169657152,5.24110306196419,4.38134220598577,5.02155701386376,4.85396935114415,6.41190067351513,1.55649883676884,2.32861976221962,5.87729766583128,4.91225577262404,4.9597423062468,3.47569020947534,4.36935554021219,3.25144975396364,4.32844444265249,1.84166071017906,4.54037593832996,5.69551855788077,4.28622909863565,5.56829366587603,4.39864651900109,2.58624358976321,8.837244804212,5.55893977491589,2.45303801225109,5.88967920536544,3.84169272200367,2.49531397807676,4.50974874503823,5.52171654880661
4.56216265852194,4.51451774578941,5.67763763522419,5.48149472575148,5.83403635899054,3.23396070634524,3.2353852648148,5.15224039793484,4.75748858219972,1.57908644202881,3.84509810511282,4.32617206852397,5.11097641923694,3.68780899498853,4.36524728948887,2.76336034133048,5.32446074060258,0.672222863608368,2.46983881263057,2.38438462480443,3.58510868739412,4.76899160075698,3.99528061927098,4.51759139068567,4.51745873067323,6.03043741842548,1.38338258436967,2.03192154880992,5.29829974218269,4.40828464795023,4.54220944878881,3.0965357826748,4.00016165164907,2.8600116567363,3.81864465022562,1.6410328024954,4.12572069669373,5.22888627866119,5.56829366587603,3.47587712127113,3.93100120415221,2.32859098675532,8.66309087302837,4.96062978106418,2.10507338907631,5.37069708219659,3.45534116669519,2.30715124226512,4.18538025760995,4.91243163397273
3.59670371698347,3.57769111961537,4.36768421781411,4.33015337636285,4.57786581668173,2.52201553647801,2.56210385964712,4.04264900914007,3.7926804877986,1.26034780821007,3.03131926389285,3.40820189308295,4.01981036835565,2.84582583136536,3.38135456819768,2.21654165214407,4.23245665765592,0.55621798590548,2.02743692628131,1.79316513018696,2.85185469782768,3.71293421676844,3.10768028723629,3.59301002115233,3.49737786851767,4.65626994975423,1.10455785036574,1.67027612754127,4.17704416541136,3.46611603903274,3.59779563251461,2.47869377541522,3.14607293105048,2.27429981180216,3.06729561507187,1.2709022461432,3.28416170153176,4.10072912394059,4.39864651900109,3.93100120415221,2.1168195606865,1.83332666720005,6.66889129099474,4.00692669587982,1.69802313537143,4.16496082573031,2.71155874822668,1.79411622959736,3.29072838127482,3.82490247952778
2.08484460996611,2.11703169138252,2.6175833824879,2.53212274674044,2.68468036474858,1.4621378097489,1.50327601387017,2.35402202665354,2.24996397166436,0.749299602955631,1.76346384439063,2.0136144651649,2.35186375377312,1.71011291984473,2.00930803309924,1.29057372825221,2.47700736101988,0.325497319267758,1.18427530616826,1.05149915598992,1.67938094011878,2.21548442267663,1.86117227472997,2.08677516111763,2.06212985719979,2.71180988110952,0.640639213489245,0.970132710379146,2.46223563056631,2.03645570174816,2.08728370504024,1.44157207693731,1.84049354566896,1.34648515113472,1.785112817941,0.766497398447076,1.91341311665189,2.40748606619349,2.58624358976321,2.32859098675532,1.83332666720005,0.710122198888156,3.88525076634078,2.31364589679004,1.00450708979546,2.41072295142243,1.58416301788884,1.04156843101139,1.91154737355272,2.31315829768118
7.65229599554282,7.70347743986227,8.27202936448971,8.6908802304438,8.79362442528993,5.03558968407335,4.86706881252795,7.93307154086025,8.16515382363962,2.4667508337826,5.68043656121178,7.56681021446165,7.49063321479541,5.55993405056791,6.29683831516046,4.90382037858555,8.46168522055016,1.47562750640317,4.66800759098413,2.86165820264524,5.79535931750239,7.82503683570553,6.27623220962028,7.25420938940881,6.4213584991416,8.49734669647451,2.56373375822808,3.92893061908461,8.4058018951525,7.28613771625828,6.96852521516337,5.44479227668915,5.8815786942617,4.79457782788585,6.47611123990926,2.94318272325284,6.61077614778534,8.23920847931619,8.837244804212,8.66309087302837,6.66889129099474,3.88525076634078,7.47012028415246,8.21011718506011,3.75879171563365,7.99654115646549,5.96516121784106,3.18701584825075,6.07783543034451,7.94448369827281
4.54256122537146,4.50018276456559,5.53359675702041,5.47714475812623,5.7312488195247,3.19563884078941,3.24591691786212,5.14276538484698,4.8285402794346,1.61682788609092,3.81036933268222,4.30496771471084,5.03325220436796,3.67270317679807,4.31715957855194,2.74991356090683,5.38761019324521,0.718969263376501,2.54199523287839,2.24492447057533,3.61930292810218,4.703425651723,3.98276232652357,4.50090158207277,4.4267627430028,5.84738060810121,1.37290476244662,2.06987221757764,5.24884692474488,4.37336896975483,4.51671031362487,3.18706054154748,3.9659189151172,2.92740474821234,3.86308605306499,1.65182338403632,4.15470119192681,5.1973139261743,5.55893977491589,4.96062978106418,4.00692669587982,2.31364589679004,8.21011718506011,3.43612459105034,2.19889789558218,5.32532055973224,3.40008944306207,2.29371411087817,4.12234679816147,4.95803668832536
1.94553592128293,1.98405855731013,2.4487122287353,2.35649130385126,2.56307208713544,1.4229457605487,1.43304494060031,2.27677560614042,2.0579134604694,0.677164562853505,1.69994602609891,1.8206254358593,2.24430753945021,1.61959132734365,1.88033170337882,1.18624054333966,2.32596458509687,0.285427498475003,1.05266838133955,1.08033368552838,1.56273878983426,2.08761566719484,1.7193257975497,1.97921146869251,2.01969583777548,2.63617769759284,0.577011901327338,0.88077827348128,2.32684321129138,1.90454905967572,1.98169619820545,1.3499266573403,1.751293297201,1.23822981360773,1.66217806615066,0.711501667926591,1.80921566324511,2.29157162010029,2.45303801225109,2.10507338907631,1.69802313537143,1.00450708979546,3.75879171563365,2.19889789558218,0.601840827161243,2.33344850772284,1.46211794629878,1.02760077186364,1.88261668550943,2.1422674368474
4.82258280286493,4.80397515894205,5.79522227098474,5.78976615237712,6.01039443332338,3.27639714745121,3.47438037236814,5.41213236697665,5.17669871355845,1.73396125163224,3.98955955069487,4.63194888303462,5.25415687398491,3.86956107850673,4.46087433694171,2.94666560604003,5.64036549190641,0.773147803303249,2.76314263940981,2.28101720597405,3.87002137675565,5.03013968300317,4.21540385644925,4.73803966868065,4.58396727579925,6.15301419699105,1.48765226814843,2.2456063289852,5.65350103629571,4.6494396532173,4.76194624110777,3.33527773922348,4.08706963040961,3.0891639327461,4.1147819605732,1.7329368300679,4.44711329759741,5.44086013474894,5.88967920536544,5.37069708219659,4.16496082573031,2.41072295142243,7.99654115646549,5.32532055973224,2.33344850772284,3.8151505576291,3.65069088179097,2.33664375342139,4.23476954240819,5.2731128341707
3.08482907258097,3.08515308647015,3.92110407228813,3.71034720985003,4.00561197980198,2.17173413495191,2.26108629891144,3.55804661571115,3.24300891467821,1.09273222537438,2.61792844725285,2.97863831785992,3.50140330332129,2.47297381101128,2.95488723572625,1.88067682883944,3.69581731915495,0.4722484641173,1.75563036365785,1.60367738903959,2.47226657142795,3.24588797848549,2.74905011188445,3.07638131612465,3.09821882635647,4.06672669189841,0.953040832641961,1.42262851693251,3.66646939299654,2.95628962127065,3.12874883890184,2.12733596684481,2.74193803949343,1.97675903124957,2.6147631802228,1.11280966231171,2.83326357549891,3.52280504790433,3.84169272200367,3.45534116669519,2.71155874822668,1.58416301788884,5.96516121784106,3.40008944306207,1.46211794629878,3.65069088179097,1.59927906237523,1.57255639115435,2.92773819100876,3.36035994379997
