4.971,2.447,-5.881,-2.328,0.136,-4.277,-0.173,0.82,-0.067,1.085,-1.093,0.587,0.533,-1.535,-1.469,-0.151,-0.756,-3.398,0.59,-5.506,-11.939,-4.535,-4.588,-4.317,0.526,-2.231,-1.31,-0.293,1.923,0.33,2.272,0.426,0.903,-0.39,-5.193,-1.966,1.692,1.052,-2.997,-1.372,-1.09,0.855,0.029,0.203,1.975,1.267,-1.865,-2.27,-0.853,-1.016,1.304,-0.453,1.891,0.735,-1.155,0.112,1.863,-4.49,-7.055,-3.718,-2.957,0.333,-3.017,-3.242,-5.136,-7.973,-2.12,-3.682,0.281,-1.69,0.917,1.464,0.092,-0.67,1.466,-1.549,-0.245,-0.493,-0.235,-0.205,0.118,0.428,0.49,0.946,0.249,-0.049,1.11,0.547,-1.261,-1.053,-2.46,-3.602,1.39,-1.524,-0.335,4.755,0.599,-0.9,-0.321,2.302,-2.871,4.272,0.084,-0.579,0.681,0.451,0.389,2.441,0.556,0.015,2.201,5.164,0.476,1.553,0.373,-1.076,1.167,0.798,-0.062,-0.603,3.083,1.416,1.137,2.472,0.387,-5.661,-1.284,-0.115,1.275,1.051,1.062,-5.558,-1.682,-1.73,-1.83,0.759,-1.107,-1.075,-2.436,-0.157,0.844,2.982,2.187,0.894,0.815,-1.44,-1.587,1.295,-1.057,-0.518,2.205,0.955,-0.874,-0.209,-0.171,-0.237,-1.041,2.07,-0.742,2.093,2.864,0.324,0.755,0.87,1.695,-0.96,2.044,0.134,0.635,3.09,-0.119,-2.786,2.638,1.297,0.545,-0.11,1.345,-0.796,0.949,0.228,-5.052,-1.421,1.914,-2.146,-0.445,2.345,0.96,1.878,-0.201,-1.243,1.232,0.085,1.197,-0.784,-15.015,-4.097,-5.11,-0.202,0.049,0.857,-0.4,-0.007,1.092,-0.169,0.637,0.104,-0.692,0.519,3.447,-1.138,0.356,1.308,1.435,-4.495,-0.414,-0.25,-6.533,-1.858,0.76,-0.227,-1.699,0.192,-1.871,-0.869,-1.104,2.002,-0.413,0.211,-2.675
2.447,3.465,-0.097,-2.122,-1.076,-3.683,0.461,-0.933,-2.341,-2.014,-1.898,-0.439,0.239,-1.171,1,0.816,-1.341,-3.618,-1.403,-3.752,-8.787,-4.357,-3.033,-2.946,2.303,0.696,2.468,0.432,0.891,-0.343,0.262,-0.721,-1.65,-0.089,-2.418,-2.43,1.106,2.332,-2.152,4.16,1.595,0.69,-0.689,-1.299,4.762,2.039,2.363,1.375,1.259,2.143,0.366,0.218,0.724,-0.433,-1.468,-0.046,1.465,-4.403,-4.182,-2.292,1.85,-0.302,-0.98,-0.801,-3.234,-1.135,-2.345,-1.207,0.221,-1.234,1.776,-4.01,-0.529,-1.14,-1.006,-0.183,-1.075,-2.043,0.292,-0.438,-0.388,-1.165,-2.928,0.167,0.194,0.391,1.457,1.374,-0.295,0.207,-0.032,0.135,1.975,0.591,-2.15,-4.974,-4.198,-1.813,-0.792,-2.218,-2.221,-0.439,-3.942,0.102,-3.861,1.392,-1.382,-1.55,4.213,2.872,3.176,-1.918,-0.891,1.438,0.117,0.049,-2.789,-0.944,0.393,-2.282,-0.474,-0.648,2.456,0.144,-2.37,-1.217,-3.389,1.153,1.546,-0.62,-0.008,-1.169,0.684,0.681,-0.331,-2.378,-0.295,5.072,-1.913,-1.969,-1.054,3.117,0.406,1.24,-1.449,0.093,-0.913,-2.983,-4.349,1.286,0.631,-0.1,-0.28,-0.009,-0.928,1.368,-2.763,-0.132,0.985,-1.532,-1.936,0.276,3.938,-0.772,-0.31,0.004,0.271,-1.821,1.844,-0.209,-1.193,-0.436,-0.764,-2.353,-1.194,-1.791,-2.204,-0.355,1.819,-0.095,4.748,0.523,-1.329,1.961,2.516,0.187,2.773,0.727,-0.808,-2.901,-2.838,3.118,0.484,-0.433,-9.316,-4.97,-0.708,-2.281,0.442,-0.812,-2.811,-1.165,-6.616,-1.069,-0.263,-1.542,-2.909,0.882,-0.107,-0.585,-2.23,-1.761,0.62,-3.463,-0.819,-0.167,0.84,1.949,-0.153,-0.614,-0.502,0.696,3.355,0.183,0.013,-0.121,-0.975,0.445,0.697
-5.881,-0.097,11.202,0.956,-5.612,9.834,-0.606,-5.054,-2.653,-3.199,-2.896,-6.347,-8.373,-2.992,-3.136,1.459,2.559,-13.178,-4.812,7.042,5.88,13.798,7.161,7.511,-8.372,-9.559,-2.037,-3.9,-2.042,-0.17,-6.391,-2.94,-3.77,-4.46,11.692,-2.638,-2.977,-3.581,-0.336,-2.498,-5.463,5.981,1,-0.276,-8.561,-6.447,-9.587,-2.725,-3.79,-5.672,-8.378,-8.544,-5.461,-2.242,-13.461,-14.622,-10.224,-1.964,19.545,-8.845,-10.034,-2.601,1.465,-5.213,0.196,11.662,1.185,2.039,-0.658,-2.793,-3.216,-8.074,-2.676,-5.533,-3.981,-4.184,3.379,-0.2,-0.775,-0.349,-2.403,-2.538,-2.152,-7.719,-5.164,0.454,-3.404,-4.038,-9.211,-2.916,-1.433,-4.313,-7.246,-3.538,-2.951,-17.716,-13.823,-6.03,-4.872,-5.515,-1.153,-10.875,-14.6,0.815,-8.121,-2.309,-0.732,-2.048,-10.167,-1.58,-3.515,-4.971,-3.802,-3.531,-2.275,-7.282,-7.292,-4.808,-5.006,0.891,-9.915,-11.681,-4.314,-9.314,-4.322,-5.976,-4.64,-5.382,-3.015,-4.922,0.786,-9.527,-1.107,-1.27,-0.206,-3.238,-0.701,-4.116,0.423,-5.348,0.73,-5.203,-0.524,-2.877,-7.156,-2.034,-5.391,-8.587,-1.013,-3.665,-3.654,-3.868,3.158,-0.675,-1.643,3.053,-5.305,-6.913,-1.896,-3.18,-0.178,-4.506,-4.298,3.527,-6.082,-5.112,-4.091,-2.287,-2.109,-1.276,1.13,-6.796,-7.131,-1.868,0.123,2.561,-9.183,2.896,-1.01,-6.773,3.051,-2.283,-5.015,-7.378,-1.761,-6.482,-4.314,-0.177,-2.14,0.518,-4.033,-1.402,-0.876,-9.088,25.775,13.413,6.614,-2.289,-11.594,-2.957,-1.243,-4.341,-4.513,-10.325,-4.916,-14.495,-2.994,-1.189,-5.619,-0.397,-8.07,-6.684,-5.097,-1.944,-2.403,-4.063,-9.672,-6.11,-1.07,-4.957,-7.455,-0.207,-3.409,-1.526,-2.154,-3.15,-4.267,-1.193,-4.84
-2.328,-2.122,0.956,0.345,-0.695,-1.511,0.583,-3.295,-1.964,0.81,-1.15,-3.601,-3.416,-0.817,-0.887,2.019,-1.887,-0.454,-2.125,6.358,6.411,2.674,5.089,5.152,-4.705,-4.833,-0.872,-1.441,0.899,1.39,-4.006,-1.766,-2.217,0.257,0.456,-6.964,-3.888,-0.767,-0.055,-2.307,-1.872,1.539,0.256,-0.982,-3.667,-2.918,-0.473,-1.21,0.251,-5.687,-8.981,-6.484,-2.036,0.038,-5.177,-5.925,-5.595,-2.724,6.919,-5.6,-7.213,0.552,1.234,2.597,-1.466,1.427,2.141,-1.24,2.671,-0.001,-0.122,-3.313,-2.628,-1.98,-3.31,-2.032,3.149,3.921,-0.57,0.811,-1.861,-0.142,1.171,-5.249,-4.462,-4.342,-1.708,-1.728,-3.273,-1.244,-2.677,-1.167,0.581,-1.42,-0.579,-3.586,-5.367,-3.894,-3.369,-2.021,-0.814,-2.487,-4.611,0.703,-2.629,-0.521,1.368,2.455,-4.36,0.772,0.458,-1.834,-2.713,-4.05,-2.522,0.068,-1.372,-0.835,-3.132,0.721,-2.445,-3.291,-4.361,-2.332,0.232,1.344,-4.06,-2.542,-1.588,-1.168,0.343,-0.434,-0.422,0.483,-0.866,0.154,0.045,1.492,-1.858,-1.831,-0.551,-0.195,-0.834,-1.879,-5.56,-1.03,-2.714,-1.843,-4.333,-0.533,-2.667,-2.947,5.075,0.709,0.225,1.587,-0.791,-2.407,-0.498,0.129,-2.931,-1.807,0.471,0.91,-1.357,-0.183,-3.944,-4.454,-0.116,-1.773,1.758,-0.241,-4.122,-4.659,-0.697,0.304,-1.186,-0.78,0.646,-4.788,3.702,-1.431,-2.446,-7.586,1.631,1.712,0.679,3.301,-0.085,-2.369,-6.576,2.572,-0.708,-2.279,8.089,1.57,4.993,-2.893,-8.792,0.449,2.942,-0.695,-0.268,0.221,-0.039,-4.28,-2.615,1.788,-1.322,0.165,-4.182,-0.7,-3.035,-3.258,-3.798,-1.802,-3.318,-3.83,1.008,-0.537,-0.281,-0.998,-4.919,-2.708,1.098,-1.57,-2.567,-2.589,0.031
0.136,-1.076,-5.612,-0.695,6.06,-0.507,-2.011,0.309,-0.62,-1.233,-3.09,-5.511,-0.593,-4.163,-0.142,-3.45,0.242,-5.793,7.73,-2.881,-2.877,-7.258,-3.522,-2.8,-2.387,-4.787,-2.889,-6.05,-2.024,2.807,1.347,-1.458,-2.729,1.895,-7.723,0.088,-2.769,-0.169,-2.437,-4.702,-2.322,-2.328,-4.207,-0.355,-5.332,-3.309,-3.946,-2.714,-5.689,-2.385,-7.64,-6.028,-6.047,-9.202,-8.699,-6.524,-3.21,-0.034,-11.705,-5.797,-1.584,-0.538,-2.15,-6.792,-0.305,-10.441,-2.684,-5.553,-4.84,0.393,-7.09,0.195,0.878,-0.499,-1.415,-1.336,-1.424,-1.86,-1.435,0.708,-4.046,1.555,5.557,-0.939,-0.737,-1.179,-2.008,-0.995,1.399,0.862,-2.804,-2.674,1.623,0.185,10.837,3.727,12.263,5.533,7.236,2.338,5.639,6.702,7.702,-2.528,9.757,-0.065,-1.057,-0.95,-5.439,-3.152,-1.059,-0.709,5.468,2.923,4.505,0.094,-1.95,-1.773,-2.365,0.153,-0.873,-0.433,-1.767,-0.783,1.434,-0.573,2.074,-1.571,-1.809,4.77,1.156,-6.332,-0.311,-0.244,-0.241,-0.581,-0.497,-2.907,0.684,14.958,0.387,2.476,1.77,-2.358,12.503,0.714,8.379,0.225,0.862,-4.61,-6.051,-0.468,-1.862,-1.456,-2.554,-4.891,0.093,-1.393,-0.887,-3.824,2.054,-1.367,-3.908,-0.891,5.59,3.814,1.581,2.233,-9.069,0.389,1.147,-3.667,0.555,0.901,0.052,3.396,8.249,-0.57,-4.451,3.517,-3.469,1.303,1.352,-0.189,-3.95,-0.757,-3.867,0.349,7.33,-0.474,-1.693,-3.664,3.698,5.338,-8.925,-10.002,-3.308,0.138,-3.452,1.555,-0.324,2.215,1.065,2.884,-2.701,-5.925,1.981,0.827,1.56,-5.343,-12.874,-1.984,1.518,-1.538,1.562,2.69,-2.056,-5.188,-5.597,1.084,2.394,-0.885,-0.585,-0.798,-0.549,-1.058,-0.469,1.685,-4.417
-4.277,-3.683,9.834,-1.511,-0.507,8.626,-2.079,-1.863,0.204,-3.627,-1.334,-5.63,-1.797,0.503,-2.11,0.956,1.289,-1.702,-1.234,1.416,2.765,9.964,1.247,1.254,-9.232,-3.421,-2.245,-3.799,-2.654,-0.578,-1.663,-3.538,-2.326,2.135,7.65,-2.213,-3.321,-5.439,-3.009,-3.926,-3.344,2.418,-2.405,-1.035,-6.568,-2.205,-1.962,4.679,-7.114,-3.628,-8.788,-4.11,-7.542,-3.176,-7.046,-5.976,-4.337,-2.606,9.438,-6.698,-4.207,-0.469,0.663,-0.116,8.68,7.305,0.943,-2.226,-1.16,-3.146,-3.014,-2.812,-1.19,-8.135,-6.866,-1.835,-2.168,-7.481,-0.135,-1.37,12.543,1.412,-2.968,-9.15,-3.869,0.23,-6.193,-8.002,-13.415,-3.11,-9.079,-4.629,-5.14,-0.935,1.3,-7.487,-7.937,-5.565,-5.432,-7.137,1.096,-2.716,-9.882,7.924,-2.574,-2.896,-1.66,-1.999,-4.09,-0.714,-4.784,-2.554,-2.058,-1.859,-1.933,-7.592,-3.409,-3.315,-2.74,2.536,-1.503,-2.069,-3.402,-1.901,-0.89,-1.987,1.08,-8.094,-6.15,-1.731,-0.2,-1.471,-1.997,-1.846,-3.063,-3.966,-1.26,-3.722,-1.226,10.351,-0.085,-5.458,-1.29,-5.797,-3.734,-0.915,-4.304,-4.559,-1.465,-5.999,-4.652,-1.871,-1.401,-1.462,9.569,1.317,-2.976,-1.555,-1.594,-0.911,-0.24,-3.393,-5.745,0.347,-1.839,-5.519,-2.708,0.088,1.393,-0.661,-3.409,1.209,-5.208,-0.517,-0.463,1.281,-3.657,1.366,-5.394,-4.579,-5.044,-1.402,-1.371,-2.743,0.467,-2.899,-1.409,-1.124,-1.964,1.692,-1.124,-1.972,-2.155,-0.823,12.134,11.711,4.973,0.162,-5.487,1.194,-6.226,-3.218,1.925,-3.381,-2.503,-4.039,-1.615,-1.744,-4.266,13.297,-6.037,-2.975,-5.294,-7.245,-1.98,-3.657,-15.564,-8.66,-3.008,-2.446,-2.154,0.175,-2.706,-2.287,-1.372,-5.11,-1.297,-7.214,-8.559
-0.173,0.461,-0.606,0.583,-2.011,-2.079,5.81,-0.099,0.474,-0.315,0.149,-0.524,-0.15,-0.12,-1.231,4.781,-2.023,-6.828,-0.369,-3.263,0.076,-3.482,-2.056,-1.886,3.185,-0.623,1.294,0.71,-1.075,-0.891,-0.286,-1.75,-2.203,1.012,1.012,-1.531,1.489,-3.115,0.383,1.323,2.644,-2.854,-1.005,5.537,0.215,1.47,1.619,2.851,1.854,3.381,0.236,2.698,1.893,-0.67,1.058,0.263,1.427,1.328,-3.738,-0.418,2.387,-3.516,-2.897,-5.82,-1.362,2.251,1.52,0.514,-0.73,1.31,-0.222,-3.598,-0.037,-4.049,-2.885,-1.425,1.403,0.412,1.887,1.361,0.009,0.261,-0.675,-1.302,0.519,0.197,-1.555,-1.23,-1.639,0.027,-1.633,-2.035,0.311,-2.407,-2.615,-1.655,-3.314,-1.262,-0.562,-2.022,-2.78,-1.637,-3.869,-2.881,-4.383,1.386,-0.666,-2.058,-0.207,-2.654,-0.159,-1.015,-2.077,-0.603,1.662,-1.105,10.243,7.883,3.32,4.875,0.336,0.946,2.695,-1.638,-1.111,-0.433,-0.119,4.811,-1.545,0.485,-2.667,-8.306,-2.572,-1.376,1.946,-0.01,0.199,-1.984,1.149,-3.996,5.268,-2.099,-0.631,-1.154,-4.267,-2.486,-4.213,-4.453,-0.844,-0.593,0.443,-0.721,-0.804,-1.287,-3.052,-0.76,0.087,-0.781,-1.977,-0.819,-1.735,-0.459,-3.371,0.18,-3.542,-0.215,0.085,1.011,-2.128,-0.432,0.854,-0.671,-2.37,-2.757,5.4,4.027,-4.266,-1.693,2.547,-2.75,-12.382,0.835,-2.75,1.383,-3.349,-3.055,-4.898,-2.83,-2.611,0.775,-2.538,-3.424,-1.354,0.007,-4.591,-2.493,-0.978,-0.394,3.879,-0.436,-2.903,-1.294,1.109,-1.95,-0.367,-0.737,-0.542,-0.113,0.257,-1.895,-1.427,11.697,5.427,-0.166,-2.005,-0.499,-2.061,-0.718,-3.093,-1.22,0.877,3.588,3.471,3.198,2.88,-4.751,-2.639,-0.297,-0.754
0.82,-0.933,-5.054,-3.295,0.309,-1.863,-0.099,4.268,0.935,0.383,1.218,1.845,2.837,-1.369,1.434,2.392,0.221,-3.011,0.495,-3.798,-3.405,-2.216,-3.745,-4.306,4.649,4.27,3.103,2.596,-1.035,-1.792,1.282,3.097,0.073,0.814,-5.171,2.621,-0.162,0.344,0.817,4.51,2.971,1.182,3.428,0.524,7.614,2.897,3.242,2.753,1.231,2.458,1.077,-3.671,2.101,2.98,1.609,2.531,0.969,0.741,-4.194,-0.108,-0.074,1.499,-4.957,-0.796,-1.742,-4.229,-0.141,0.051,-2.776,0.088,-2.368,3.379,1.995,-2.77,-0.94,-1.706,-1.533,-0.812,-0.139,0.73,-1.529,-0.241,-5.086,0.142,-0.467,0.257,-3.699,-4.326,-3.534,-0.186,-2.806,-3.093,0.748,-0.325,-6.314,0.025,-5.01,-0.911,-2.448,-3.75,-1.912,2.209,-3.627,-1.492,-0.78,-1.511,0.644,-1.317,6.522,-0.678,0.582,0.985,-2.591,-1.139,-1.267,-1.86,3.95,-1.404,1.326,-0.386,1.54,0.247,4.017,-0.936,-1.013,-0.602,1.684,2.592,-3.437,0.263,-0.103,-3.564,-2.35,-2.239,-1.616,0.116,0.269,-0.757,-0.486,-6.964,-0.607,-1.939,1.239,-3.989,-5.596,-1.66,-2.572,4.104,1.098,1.131,1.601,0.483,1.604,0.508,-1.407,-1.389,1.876,-1.059,-0.006,-2.109,-0.203,-1.254,-4.294,-0.491,0.292,-0.901,1.97,1.946,2.669,1.375,1.019,2.344,0.311,1.629,-0.894,1.196,-1.32,-0.086,2.887,0.717,-8.854,-0.097,1.348,0.292,-2.935,1.57,-1.411,0.717,-1.764,1.932,0.962,-2.508,-1.374,-1.625,-5.101,0.223,-0.894,1.13,-1.096,1.957,-1.062,0.349,0.233,3.579,1.245,1.569,1.875,-2.49,1.441,-3.941,-1.916,1.505,3.554,-1.474,2.214,-1.501,-6.384,0.507,0.21,-4.868,-0.159,0.73,1.348,-0.016,0.402,-1.908,1.162,-2.598,-3.879
-0.067,-2.341,-2.653,-1.964,-0.62,0.204,0.474,0.935,4.16,6.905,4.135,4.254,-0.021,-2.248,2.053,2.277,1.795,-1.37,-0.484,-5.17,-1.03,-3.905,-5.337,-7.472,-0.696,0.524,-1.56,1.114,3.457,1.133,0.2,-0.943,3.025,1.118,-3.421,1.163,-0.549,-2.654,-0.955,2.366,-3.007,2.031,2.794,-0.889,0.684,1.783,-2.343,0.167,2.801,-2.475,-0.524,0.102,-0.381,-1.512,0.879,1.468,0.511,0.888,-4.524,1.453,0.477,-3.005,-2.18,-2.892,-1.118,-5.454,-2.902,-1.682,0.809,-1.55,1.121,6.041,2.327,-2.284,-2.096,-1.633,-0.6,2.249,0.367,0.133,1.467,0.632,-1.61,1.18,0.103,-1.161,-0.795,-0.904,-3.421,-0.847,-0.66,-2.355,0.456,-0.068,-2.024,0.189,-1.961,0.12,0.387,-2.632,-2.469,0.68,-3.467,0.941,-1.288,-4.266,-0.181,-1.005,2.705,2.349,-0.62,0.419,-0.558,-0.194,-2.87,1.816,7.583,-0.499,-0.705,1.684,1.711,3.085,-0.634,1.234,1.834,-0.16,-0.418,1.766,-0.661,1.405,2.184,-5.058,-1.249,-1.285,0.009,1.325,0.606,-0.336,1.289,-2.839,-0.683,-1.732,0.57,-0.038,0.291,0.516,-1.734,5.622,1.873,2.989,-1.329,0.424,-0.729,-1.038,-1.087,0.367,3.693,1.918,1.177,-0.914,0.512,-2.397,-3.197,-3.279,0.665,-0.84,2.525,0.997,0.011,-1.004,2.018,-1.207,1.992,2.628,0.903,-1.137,-2.321,0.194,0.073,-2.124,-3.899,0.378,3.982,0.848,-0.656,-1.985,2.764,-0.195,-3.781,2.203,1.832,1.814,0.272,1.14,-6.339,-2.835,-0.924,-1.474,-0.755,1.366,0.213,-0.593,1.38,2.364,-2.9,4.131,1.377,-2.205,0.077,0.748,-3.388,6.36,1.97,-0.269,3.324,-1.202,-4.585,-6.372,-2.366,-1.652,-0.482,-1.009,1.451,0.843,0.368,-1.683,-2.719,0.293,-3.749
1.085,-2.014,-3.199,0.81,-1.233,-3.627,-0.315,0.383,6.905,4.8,6.291,0.783,1.169,-3.32,2.595,6.025,-0.622,-6.99,0.363,-6.806,-1.799,-10.224,-6.86,-6.807,-2.376,-1.712,-3.146,2.3,1.192,-0.832,1.495,2.505,1.391,3.138,-1.703,2.361,0.626,0.633,-0.09,3.011,-0.942,2.736,3.603,2.153,-0.386,-0.615,-2.098,-0.212,0.178,-1.088,-5.351,-3.956,-2.937,-0.694,-1.508,-0.338,-0.011,-0.655,-9.308,-0.855,-2.316,-0.247,-1.802,-6.169,-1.138,-1.308,-0.117,0.869,-1.098,-1.186,-1.318,2.314,3.524,-3.501,-6.556,-1.692,0.396,2.646,0.868,-0.017,-3.066,-2.801,-4.921,0.288,0.414,-1.475,-2.23,-1.749,-0.165,0.698,-3.267,-0.342,-0.873,1.167,-5.127,-1.857,-5.898,-1.925,-8.009,-1.514,-2.311,0.582,-5.604,-1.5,-2.566,0.09,-2.599,0.099,0.976,-1.466,-0.346,1.989,-2.964,-3.327,-2.592,3.253,10.819,-0.756,-2.96,1.992,1.213,2.825,1.273,2.356,0.053,-2.207,2.738,2.83,-2.612,1.947,0.438,-8.982,-1.917,-1.646,2.657,1.357,0.235,-3.253,3.452,-9.156,2.468,-0.433,1.328,-3.341,-6.952,-2.428,-0.326,3.222,2.741,7.388,-2.75,0.701,-1.643,-2.223,-3.376,-0.532,1.266,0.981,-0.697,1.841,1.289,-2.099,-2.336,-0.248,-0.696,0.187,3.861,1.342,0.364,0.517,1.028,-1.355,1.43,2.321,2.259,2.346,-2.63,-0.951,-0.042,-0.954,-7.719,-2.486,1.917,-0.328,-4.782,0.333,-1.201,1.439,-3.02,1.914,1.683,-2.909,0.026,-1.538,-9.945,-6.554,-4.619,1.282,-1.627,2.576,1.101,0.089,-0.061,5.205,-0.606,1.179,0.571,-1.589,0.557,-4.632,-4.548,8.825,2.9,2.786,1.898,-0.315,-0.717,-3.45,-8.454,-0.236,0.707,1.703,1.976,-0.834,0.929,-3.862,-1.41,-1.039,0.185
-1.093,-1.898,-2.896,-1.15,-3.09,-1.334,0.149,1.218,4.135,6.291,4.347,3.336,0.496,-2.029,2.706,2.893,1.409,-5.035,-0.156,-8.584,-2.158,-8.046,-6.886,-8.067,-1.033,-0.43,-2.815,-0.202,3.563,-0.604,0.87,-0.366,3.395,-0.394,-7.736,1.546,1.342,-1.829,-1.137,1.898,-0.005,2.014,2.759,0.796,-0.014,-1.1,-0.072,2.054,2.427,-1.566,-0.342,2.683,0.452,-1.115,0.702,1.009,1.475,0.032,-9.116,-2.301,2.118,-3.11,-1.357,-7.157,-2.252,-4.97,-1.003,0.402,-1.172,0.872,1.041,3.224,1.784,-3.594,-2.853,-2.643,-2.228,3.443,0.195,-1.095,1.601,0.889,-1.451,-0.136,-0.732,-3.353,-0.655,-0.76,-1.777,-1.266,-1.768,-3.924,-1.08,-0.591,-4.619,0.149,-4.749,-0.492,-2.53,-1.541,-1.502,-0.496,-6.414,1.032,-4.095,0.605,1.193,-0.011,2.565,0.511,-0.982,-0.525,-1.347,-0.715,-2.269,2.442,9.381,1.626,0.398,2.133,1.664,3.091,0.622,-0.554,-0.089,-0.143,1.785,0.439,-1.132,1.545,0.971,-7.731,-1.599,-1.716,2.44,0.041,0.881,-1.283,2.841,-4.668,1.608,-0.7,0.148,-0.882,-3.145,0.707,-1.744,2.664,2.521,6.798,-1.402,0.943,-1.376,0.945,-0.817,-0.53,2.754,2.177,0.603,-3.165,-0.21,-4.568,-2.916,-3.34,-3.245,-2.036,3.105,2.056,0.152,-0.822,2.101,-1.871,-0.278,2.068,1.856,2.24,-5.496,0.066,-2.232,-2.114,-6.791,1.107,0.836,1.412,-4.298,2.075,1.101,0.739,-3.965,2.193,-1.469,0.706,-0.439,0.433,-10.377,-8.456,-3.39,-3.258,1.803,0.5,-0.177,0.41,1.265,0.192,0.877,2.813,2.226,-1.673,0.126,0.154,-3.428,8.559,2.029,0.252,2.527,-1.554,-3.785,-0.588,-3.371,-0.515,-1.116,1.373,1.971,0.763,0.784,-1.328,0.88,-1.722,-1.861
0.587,-0.439,-6.347,-3.601,-5.511,-5.63,-0.524,1.845,4.254,0.783,3.336,10.99,4.783,-4.844,-4.995,0.81,-1.276,-10.542,-1.666,-10.65,-9.105,-10.247,-9.871,-10.255,2.833,3.12,2.481,1.08,-3.661,-0.819,1.039,4.024,1.622,-1.174,-8.642,5.281,0.572,-1.028,-1.188,3.367,2.889,2.266,2.969,0.828,4.349,3.589,1.575,2.527,2.781,2.395,13.571,5.088,8.018,5.666,26.504,27.195,15.565,2.103,-14.562,13.868,8.685,-1.152,-4.091,-8.216,0.613,-11.737,-5.964,-0.007,-2.524,-2.188,-5.13,0.384,-1.238,-9.11,-7.549,-8.097,-5.244,-2.4,-1.145,-0.615,1.195,2.304,-1.838,-3.619,-4.786,-4.103,-7.639,-7.23,-4.454,-2.715,-9.165,-5.949,-1.615,0.309,-8.127,-3.52,-8.076,-4.78,-3.009,-6.952,-2.853,-5.679,-8.229,-1.444,-7.279,-4.871,-0.85,1.252,4.227,-3.342,-2.677,-3.164,-5.318,-0.434,0.133,-1.498,3.193,2.396,-0.641,-1.372,-0.388,2.436,1.346,-0.333,-0.669,-4.072,-0.826,0.762,-6.999,-0.499,-0.056,-12.555,-1.792,-1.499,1.047,2.829,-0.436,-4.731,1.162,-12.77,1.371,-0.431,0.634,-8.439,-12.849,0.529,-4.788,-0.028,-1.035,-1.287,6.56,7.059,-4.05,-0.69,-3.407,-0.597,-0.615,-1.177,-1.915,-1.249,-1.253,-6.125,-6.976,0.403,-5.255,-1.941,2.735,0.424,4.937,-1.143,-0.44,2.965,-2.588,-1.554,1.821,2.659,-4.325,-0.559,1.667,-8.527,-14.692,-0.98,-1.968,3.589,-4.514,-1.1,-3.403,-1.94,-5.946,-0.246,-1.381,-5.656,-2.833,-2.338,-16.941,-16.337,-9.332,-1.32,6.649,1.278,-5.322,-1.697,-1.379,3.236,-1.322,17.574,-1.512,-4.115,-0.628,-0.005,12.388,2.574,2.051,-1.061,2.053,-1.015,-7.845,-5.242,1.055,-1.437,-4.304,1.059,2.085,-1.141,-1.007,-3.664,-0.922,-2.322,-2.577
0.533,0.239,-8.373,-3.416,-0.593,-1.797,-0.15,2.837,-0.021,1.169,0.496,4.783,4.612,-1.812,-0.434,2.076,-1.237,-4.539,1.136,-7.968,-7.025,-5.33,-7.375,-7.554,1.262,1.418,0.841,2.875,-1.071,-0.538,2.942,3.17,0.079,0.411,-8.535,1.964,0.374,0.749,-1.145,4.416,3.691,2.06,2.863,-0.106,5.063,1.506,-0.76,1.947,3.706,0.415,10.17,3.654,4.507,4.966,9.98,9.825,5.545,1.787,-7.725,4.486,5.486,0.276,-5.175,-2.2,1.032,-9.997,-3.647,0.103,-2.148,0.039,-0.325,-1.238,0.898,-3.476,-0.324,-2.468,-3.481,0.875,0.258,0.191,-0.447,1.888,-2.308,-3.568,-1.335,-1.971,-4.588,-5.312,-0.863,-1.613,-3.473,-3.591,0.053,1.433,0.348,-2.363,-0.596,1.797,2.037,-0.963,-0.385,-2.114,-1.973,-3.999,-5.355,-0.497,0.059,0.316,4.568,-1.409,-0.137,1.35,-5.151,1.567,-2.386,0.793,3.214,1.583,1.172,-0.947,-0.524,2.126,0.466,-1.246,0.166,-6.025,-1.011,0.308,-4.521,-0.399,-0.603,-4.209,1.489,1.471,-0.3,-1.553,-0.432,-3.86,0.937,-4.641,0.824,0.905,-1.227,-4.622,-1.741,0.432,-2.282,-0.374,1.871,-2.023,6.087,3.983,-1.394,0.628,-1.496,-1.625,0.748,1.113,1.243,0.146,0.768,-4.857,-3.448,0.793,-1.079,-0.835,1.031,0.718,4.802,-0.217,-0.686,2.537,-3.828,-3.175,0.376,-0.884,-4.873,0.036,2.053,0.717,-5.315,1.726,-0.251,1.461,-4.204,-1.111,-1.801,0.795,-6.138,2.107,0.038,-1.545,-1.66,-0.769,-8.558,-4.871,-1.447,0.538,4.725,3.044,-1.04,-0.153,0.178,0.489,0.621,5.893,-0.877,-1.559,-0.274,-0.788,3.624,1.938,1.565,-0.883,-0.393,-2.248,-3.075,-0.556,1.241,0.634,0.358,1.532,1.755,-2.088,-2.321,-1.924,-0.976,-1.068,1.203
-1.535,-1.171,-2.992,-0.817,-4.163,0.503,-0.12,-1.369,-2.248,-3.32,-2.029,-4.844,-1.812,4.35,-0.113,-2.462,1.004,10.716,-2.626,0.064,-0.995,-1.696,0.279,0.384,-2.469,-0.306,-2.52,-1.969,1.01,-0.873,-0.69,-2.688,-0.761,0.253,-5.247,-2.013,-3.14,0.099,-0.314,-3.236,0.149,-6.173,-6.651,0.249,-4.913,-0.715,-0.276,-0.407,-1.376,3.141,-4.31,-1.813,-3.307,-1.396,-2.463,-2.631,-2.072,-2.518,4.351,-2.536,1.145,1.991,3.892,13.397,5.003,-4.085,2.236,-1.09,3.024,-3.5,-3.22,-5.01,-7.644,-2.366,-1.474,-2.412,0.688,-1.37,-0.303,-2.418,-1.172,0.825,-2.657,-0.764,0.274,-1.418,-3.456,-5.383,-1.794,-0.008,0.706,-1.687,-0.744,1.559,-4.776,-5.013,-5.959,-3.076,-5.503,-4.304,-2.386,-5.655,-7.81,-0.137,-3.539,-2.853,4.128,-1.006,-2.728,-4.92,-1.589,-13.66,-1.19,1.345,-2.435,-4.776,-3.518,-3.02,-0.051,-1.626,-0.507,-0.756,1.622,-1.194,-1.029,4.149,7.339,-2.87,-4.346,-2.798,-2.181,12.876,-0.565,0.041,-0.759,0.306,-0.216,-6.119,-1.789,-10.851,0.911,-0.832,1.969,-3.089,-7.355,-0.097,-4.949,-5.242,-4.952,0.248,-7.952,-1.539,1.032,-1.762,2.154,2.373,-1.083,-0.218,-1.015,-2.549,-3.873,-3.816,-4.497,0.35,-1.955,-0.666,1.62,-1.208,-0.159,1.023,0.71,3.031,1.511,-0.36,1.166,-0.788,-10.025,0.123,-2.955,-4.974,-3.144,-0.16,-2.868,1.385,-3.019,-1.525,-2.64,-0.695,-2.702,-4.16,-3.933,-5.724,-2.784,-2.538,0.283,-0.876,1.38,-4.856,-0.899,0.507,-0.936,-1.663,-3.712,-0.636,-0.283,0.039,-2.595,-1.989,-4.336,2.255,-4.103,-3.143,0.265,0.266,0.827,1.879,0.679,-1.839,2.892,3.084,1.564,0.656,2.438,2.11,1.424,0.045,-0.475,-2.539,-1.158
-1.469,1,-3.136,-0.887,-0.142,-2.11,-1.231,1.434,2.053,2.595,2.706,-4.995,-0.434,-0.113,5.265,-0.166,-3.536,-6.581,-2.215,-0.938,-1.536,-2.378,-1.536,-1.302,-1.604,-0.712,-2.933,-1.781,-1.91,-1.7,-1.212,0.475,0.151,-0.596,-5.178,1.261,1.409,1.25,-0.854,-0.457,-2.454,-0.838,0.111,-0.095,0.342,1.646,-1.701,-1.887,-3.306,-1.807,-3.534,-1.527,-2.737,-3.287,-4.053,-3.653,-1.219,-1.811,-3.943,0.408,0.088,0.235,-3.015,-7.95,-2.182,-5.498,-2.789,-0.167,-3.151,-0.519,1.099,-6.824,-4.392,1.244,0.979,-0.135,2.291,8.788,0.78,-0.688,-2.024,-0.449,1.844,1.13,0.715,0.368,1.065,1.114,-0.145,0.462,1.766,0.46,0.721,-0.218,0.356,0.29,-0.392,0.064,1.359,-0.184,1.131,-0.301,0.456,-1.288,-2.176,1.401,0.676,0.825,1.783,-1.175,1.631,-1.059,-0.057,2.897,1.557,0.483,-2.105,-0.305,1.279,-1.124,-2.722,0.599,-1.434,-0.689,-2.041,-0.872,1.756,2.529,1.252,1.03,-1.581,-8.286,0.7,0.256,1.059,0.369,0.366,-0.059,2.134,-0.696,0.432,1.041,0.758,1.917,1.055,-0.002,-0.215,-5.696,1.593,10.872,-3.329,-3.565,3.558,0.898,1.832,0.125,-5.064,-1.431,0.289,-2.482,-2.004,0.551,-1.15,-0.156,-3.183,5.177,0.27,2.684,-1.695,-1.147,1.192,-1.986,0.221,-3.063,0.134,1.121,-3.47,1.719,-1.398,2.516,-4.96,1.966,0.263,2.251,-1.404,0.085,-0.159,-0.254,0.215,-0.31,-3.669,-0.414,1.062,-0.466,-4.098,-3.327,-0.881,3.281,-0.82,-0.574,5.019,6.151,-0.693,2.363,0.329,-0.414,-5.064,1.875,-0.395,-2.553,-1.75,-0.301,-5.413,2.753,-0.287,0.107,2.701,1.921,-0.616,3.121,-0.135,1.881,-0.254,-0.949,-0.532,1.755,0.117,-1.403,-0.413
-0.151,0.816,1.459,2.019,-3.45,0.956,4.781,2.392,2.277,6.025,2.893,0.81,2.076,-2.462,-0.166,2.784,0.044,-7.153,-1.567,-3.153,0.681,-0.797,-4.959,-5.121,1.191,0.937,1.018,4.547,2.317,-1.185,0.757,1.493,1.32,-2.714,5.174,-0.606,2.21,-1.281,-0.103,8.403,3.589,4.837,5.605,3.78,4.352,2.328,3.199,1.975,2.067,1.94,-0.96,-0.099,-0.216,2.913,-3.526,-4.962,-1.59,2.862,-2.997,-0.901,-2.586,-1.47,-5.074,-8.68,1.854,5.192,0.059,1.223,-0.768,1.22,2.161,-0.932,1.169,-0.871,-0.02,0.239,-1.072,0.625,0.598,-0.763,3.334,1.4,-6.009,-3.16,0.279,0.484,-4.954,-3.004,-1.646,-1.221,-1.876,-5.556,-2.62,-1.603,-4.204,-1.317,-4.722,-1.812,-3.82,-3.326,-4.405,-5.637,-4.714,0.335,-4.427,0.198,0.001,-1.553,3.313,-0.263,-1.234,-1.687,-3.051,-1.181,-1.82,0.669,10.034,3.615,3.618,1.518,1.424,2.348,1.409,-1.089,0.036,-5.881,-2.269,2.266,-4.779,-0.139,0.344,-11.225,-3.915,-3.597,2.079,-1.406,0.793,-2.143,1.216,-5.974,3.067,-1.931,-0.13,-5.308,-4.624,-0.073,-3.74,-0.608,-0.703,-1.244,0.174,-0.077,-2.393,0.313,0.15,-2.246,0.72,1.485,-0.738,-0.297,-1.958,-1.412,-4.617,0.829,-2.783,-1.044,0.77,1.28,3.777,-0.377,0.034,-0.542,-2.236,2.878,2.986,1.657,-7.123,-1.151,3.997,-2.162,-0.434,-1.332,-0.286,-1.255,-6.136,-0.643,0.989,-4.147,-3.312,1.153,-2.283,0.133,-0.833,-9.761,-0.614,0.033,-1.484,-1.192,-0.952,1.212,-1.717,0.261,-0.116,0.042,1.584,-1.23,-0.277,-1.312,0.522,1.589,-2.217,7.421,1.563,0.484,1.052,-3.796,-4.042,-0.375,-3.541,-0.222,0.179,3.225,3.077,1.484,0.909,1.1,0.827,1.953,-1.223
-0.756,-1.341,2.559,-1.887,0.242,1.289,-2.023,0.221,1.795,-0.622,1.409,-1.276,-1.237,1.004,-3.536,0.044,5.619,3.051,-2.211,-0.632,-0.775,1.482,0.017,0.096,-0.006,0.513,-0.66,-3.088,2.93,1.429,0.197,0.198,1.661,0.529,0.191,0.552,-1.999,1.079,1.762,-0.837,-1.086,-0.193,-1.496,-0.843,-1.622,-2.884,-2.115,-0.932,0.106,-0.595,-0.385,1.572,-0.436,-1.957,-1.203,-0.436,0.023,-1.765,0.414,-2.122,1.01,-1.364,0.116,3.016,0.707,0.177,-0.54,1.577,0.756,0.717,-2.117,0.402,-1.621,-3.588,-2.085,0.376,-4.938,-2.675,-1.832,0.568,0.36,-2.108,-2.219,0.328,-2.1,-2.193,-0.006,-0.092,-0.762,0.519,0.327,0.545,0.241,0.989,-0.001,0.764,0.519,-0.637,-0.608,5.05,0.433,0.51,-1.08,0.548,-2.951,0.77,-1.466,-1.406,-2.05,-1.227,-2.15,0.426,-0.165,-0.694,-2.044,-0.909,1.654,-3.169,0.423,0.153,3.407,2.297,-1.342,1.153,2.876,1.208,1.8,-3.319,0.101,1.619,0.416,3.351,0.35,0.315,-0.285,1.72,0.505,-0.547,-0.021,1.454,-0.663,0.188,-0.838,-0.059,0.07,-1.112,1.379,0.004,-0.358,-2.477,-2.88,-0.144,-5.031,-3.479,0.396,1.192,0.387,3.074,1.929,4.391,2.176,-0.789,-2.909,0.889,-0.282,-3.852,1.753,-0.106,-2.102,2.919,0.645,-0.791,0.586,1.734,-0.721,-1.419,-1.648,0.087,-2.815,-3.584,0.377,-2.069,0.955,0.536,-1.422,-0.687,1.216,-3.871,-1.824,-0.213,0.542,-1.758,-0.344,0.357,0.336,2.61,1.628,0.778,1.589,0.217,-3.345,-2.559,1.624,-2.214,0.496,0.199,-1.195,0.04,1.796,1.413,-2.532,0.505,-1.381,-1.227,1.111,-1.118,-0.113,0.061,0.018,-0.446,1.993,-1.116,0.412,0.247,1.006,-1.448,-1.971,-0.325,-0.857
-3.398,-3.618,-13.178,-0.454,-5.793,-1.702,-6.828,-3.011,-1.37,-6.99,-5.035,-10.542,-4.539,10.716,-6.581,-7.153,3.051,27.086,-4.647,-9.18,-3.949,-5.652,-7.71,-7.521,-7.002,-2.367,-4.759,-8.055,-3.487,-3.465,-0.471,-3.636,-4.358,-2.32,-14.333,-1.888,-2.518,-1.624,0.475,-3.906,-2.7,-12.444,-1.211,-2.573,-4.569,-13.443,-2.709,-6.271,-9.849,-0.652,-11.974,-8.183,-9.4,-9.978,-9.814,-11.098,-5.462,-1.405,0.601,-3.695,0.367,-1.103,13.748,40.885,7.43,-10.518,1.091,-2.795,0.911,-0.55,-12.092,-16.006,-3.625,-4.349,-3.395,-2.27,-9.798,-13.436,-2.641,-1.415,-5.764,0.966,-8.168,-5.861,-3.835,-3.139,-7.48,-6.515,-6.924,0.559,-2.51,-1.964,-2.14,-0.28,-12.024,-10.088,-13.888,-8.754,-7.165,-4.265,-8.123,-12.069,-12.349,-6.132,-9.07,-5.804,-6.915,1.458,-4.152,-13.901,-5.245,-10.233,-5.742,-3.326,-8.095,-5.354,-12.553,-9.962,-2.6,-5.418,-7.091,-4.16,-3.538,-5.422,-4.63,7.66,0.855,-2.779,-6.86,-4.521,-5.18,34.217,-1.798,-2.788,-4.138,-1.85,-0.461,-6.503,0.204,-23.861,-2.324,-1.334,0.548,-5.845,-17.623,-2.168,-9.875,-15.271,-0.775,1.435,-8.907,-0.882,-3.775,-3.212,-2.293,0.118,-8.459,-3.331,-3.701,-10.441,-7.415,-5.425,-8.469,-8.135,-8.265,-7.016,-2.563,-4.611,-11.42,-2.996,-0.931,2.999,-3.807,-4.241,-2.885,-3.814,-9.554,0.273,-5.788,-7.572,-6.594,0.967,-8.466,1.487,-6.271,-3.193,-12.818,-6.234,-5.831,-2.009,-14.058,-15.728,-4.47,-4.806,-11.11,-5.25,-5.42,-3.142,-4.795,-3.403,-16.82,-4.866,-3.262,-1.035,-2.449,-10.83,-4.292,-5.452,-3.911,3.208,-5.844,-12.94,-10.077,-7.295,-0.932,-2.126,-2.681,-6.115,-2.323,-0.73,-1.116,-3.112,1.332,0.827,-2.572,-1.125,-4.027,-2.018,-5.798
0.59,-1.403,-4.812,-2.125,7.73,-1.234,-0.369,0.495,-0.484,0.363,-0.156,-1.666,1.136,-2.626,-2.215,-1.567,-2.211,-4.647,7.226,-5.308,-3.417,-7.536,-4.501,-3.349,-1.126,-1.591,-2.306,-2.267,-0.213,1.325,2.022,-0.524,0.068,0.157,-12.135,-0.889,-2.076,0.322,-5.346,-0.789,-3.8,0.002,-0.643,-2.063,-4.932,-0.733,-2.797,-3.861,-1.268,-1.187,-3.61,-2.184,-2.87,-2.058,-3.318,-2.463,-1.011,2.171,-10.475,-3.035,0.338,0.304,-1.936,-6.362,-0.882,-11.817,-2.37,-3.218,-3.579,0.709,-3.628,3.611,2.204,-2.412,-3.688,-1.134,-2.959,-4.336,-1.873,-0.99,-2.716,0.741,3.933,0.845,0.366,-0.317,-2.13,-0.131,0.671,0.448,-2.072,-2.297,1.27,-1.643,7.718,3.745,7.374,3.924,6.125,2.409,2.727,5.184,5.019,-2.63,8.547,-3.032,-1.098,-0.008,-3.865,-2.994,-0.01,0.209,3.242,2.573,3.208,-0.051,2.352,0.511,-2.388,0.329,0.688,0.707,-3.29,0.442,1.562,-0.941,0.009,-1.168,-1.709,2.997,1.669,-5.148,-1.958,-1.4,-0.06,0.389,-0.883,-1.225,0.939,13.113,-1.542,2.093,2.092,-1.932,8.444,0.09,8.287,3.08,1.528,-4.692,-6.872,0.728,-2.903,-1.915,-2.251,-3.204,1.654,-0.001,-0.463,-1.122,2.16,-0.222,-0.662,-0.504,6.495,2.605,2.024,2.007,-1.899,-0.161,0.802,-3.133,0.757,2.762,-1.614,3.131,8.77,-2.115,-5.853,1.643,-2.567,0.338,1.887,-0.046,-0.989,1.071,-2.684,-1.306,6.91,1.453,1.392,-3.821,1.881,3.872,-7.997,-8.317,-2.706,-0.67,-0.565,2.8,-2.875,1.661,0.955,1.95,-2.213,-1.856,3.334,-2.311,2.052,-5.132,-6.947,2.297,1.069,-1.034,1.561,1.485,-4.061,-4.12,-3.735,0.854,1.012,-2.35,1.169,-0.798,0.014,-1.481,-2.403,2.389,-5.281
-5.506,-3.752,7.042,6.358,-2.881,1.416,-3.263,-3.798,-5.17,-6.806,-8.584,-10.65,-7.968,0.064,-0.938,-3.153,-0.632,-9.18,-5.308,12.067,18.13,10.94,11.773,11.843,-6.111,-7.019,-0.841,-7.239,-2.034,2.905,-5.486,-7.327,-3.946,-0.621,13.944,-5.116,-0.772,-1.539,-0.175,-6.195,-6.301,-0.532,-3.966,1.512,-4.633,-4.145,-2.23,-1.862,-8.766,-3.814,-12.398,-8.08,-10.088,-5.164,-7.775,-21.469,-11.904,0.278,22.677,-13.914,-5.852,-6.086,4.963,-5.216,-1.478,11.141,-0.05,-0.385,-1.453,-0.311,-2.944,-6.993,-6.871,-2.973,-1.285,-2.381,-1.409,-3.961,-1.142,-2.606,-4.311,-1.746,-6.341,-9.579,-4.654,-3.247,-6.545,-7.005,-5.074,-2.185,-5.585,-6.666,-2.129,-2.237,-5.19,-10.894,-9.626,-6.046,-7.187,-6.954,-4.813,-8.22,-7.801,-2.407,-9.234,-0.959,-0.159,-0.105,-7.622,-4.127,-2.592,-7.024,-10.926,-6.587,-5.953,-2.235,-13.028,-5.76,-5.874,-0.274,-4.213,-7.219,-2.055,-9.916,-4.988,0.221,-4.599,-1.854,-6.574,-3.485,-2.601,-6.815,-5.535,-5.787,-3.188,-4.64,-0.644,-3.723,-1.984,-13.572,2.028,-2.015,-0.359,-7.523,-8.908,-1.668,-9.251,-7.609,-5.127,-3.901,-8.015,-7.809,-1.586,-0.932,0.398,0.49,-3.333,-3.096,-2.124,1.808,-9.733,-5.006,-4.428,-0.916,-4.347,-7.042,-4.922,-4.669,-6.101,-5.103,0.003,-13.013,-10.648,-1.644,1.72,0.825,-9.924,4.52,-4.317,-9.858,-7.903,-0.097,-5.342,-3.452,-3.912,-1.486,-4.292,-1.507,-3.172,-1.399,-6.657,-1.847,-1.389,-10.869,23.198,8.097,11.419,-2.703,-11.794,-0.44,-6.227,-5.535,-4.637,-4.951,-0.9,-16.144,-2.782,-3.414,-5.232,-3.177,-12.873,-8.859,-7.008,-0.682,-4.343,-1.678,-10.289,-5.911,2.744,2.315,-5.407,1.627,-0.557,1.83,2.212,0.391,-1.463,-0.799,-4.417
-11.939,-8.787,5.88,6.411,-2.877,2.765,0.076,-3.405,-1.03,-1.799,-2.158,-9.105,-7.025,-0.995,-1.536,0.681,-0.775,-3.949,-3.417,18.13,13.292,7.179,17.766,17.563,-8.338,-5.813,-0.758,-10.271,-1.253,3.988,-1.622,-5.789,-1.717,0.972,8.123,-6.012,-15.407,-1.614,-0.721,-5.435,-3.66,-0.51,-2.42,-1.405,-6.965,-5.569,-11.912,-0.768,-4.601,-6.463,-17.231,-6.51,-10.75,-4.767,-7.693,-20.837,-12.729,-3.204,21.008,-11.67,-10.025,-3.271,5.406,0.667,1.559,7.958,2.978,-3.068,0.383,-1.798,-4.68,-0.757,-5.026,-7.247,-7.171,-3.818,1.644,0.092,-3.616,-2.747,-0.821,-3.624,-3.982,-11.29,-8.043,-5.694,-4.99,-7.063,-9.414,-3.017,-2.982,-6.318,-5.298,-2.579,-3.513,-12.732,-18.757,-11.432,-12.552,-14.283,-7.303,-9.711,-15.531,1.983,-10.143,-4.907,-0.811,1.843,-6.236,-1.651,-2.129,-8.018,-10.931,-5.47,-9.786,-4.33,-5.929,-3.073,-6.514,1.759,-6.836,-7.99,-8.487,-6.33,-2.565,0.278,-5.697,-9.561,-4.675,-8.779,-2.565,-1.039,-5.802,-4.509,-6.577,-2.231,-3.291,-1.625,-1.151,-8.512,0.169,-5.263,-1.274,-5.733,-7.441,-3.566,-10.443,-2.628,-4.216,-3.39,-9.829,-3.109,5.206,-2.277,0.453,1.434,0.791,-1.322,-4.642,2.375,-6.422,-11.51,-12.261,-0.996,-2.788,-9.695,-11.162,-5.108,-3.964,-8.922,1.324,-6.237,-14.107,-2.382,-0.588,-2.484,-8.492,4.063,-5.247,-7.575,-1.726,0.412,-4.456,-6.695,-2.092,-1.647,-3.503,-0.624,-0.608,-2.561,-4.966,-1.534,0.331,-10.934,22.465,8.301,12.749,-3.647,-10.63,0.735,-2.243,-5.245,-2.441,-6.124,-3.704,-13.122,-0.401,-1.399,-7.863,-1.812,-12.919,-3.741,-7.584,-3.497,-2.83,-2.161,-15.708,-12.697,2.122,0.138,-7.954,1.783,-6.611,-1.198,1.424,-3.487,-5.686,-3.682,-6.425
-4.535,-4.357,13.798,2.674,-7.258,9.964,-3.482,-2.216,-3.905,-10.224,-8.046,-10.247,-5.33,-1.696,-2.378,-0.797,1.482,-5.652,-7.536,10.94,7.179,10.28,9.131,9.172,-8.678,-3.958,-1.258,-4.309,-4.215,-2.435,-3.171,-4.152,-3.235,-2.858,13.781,-2.54,-0.182,-2.304,-0.792,-3.515,-4.074,4.663,-0.292,3.26,-5.612,-8.271,-6.761,-1.234,-6.609,0.682,-9.311,-4.147,-5.765,-3.819,-13.653,-16.309,-9.894,-1.595,19.516,-8.672,-5.438,-8.923,4.508,-3.161,-0.265,11.61,-0.298,1.315,-1.461,-2.361,-8.063,-4.622,-1.813,-6.103,-4.847,-4.533,1.095,-3.794,-4.188,-1.563,-4.298,-2.18,-9.179,-8.213,-4.083,0.368,-5.015,-5.774,-10.719,-2.62,-5.034,-5.566,-6.01,-2.447,-2.753,-13.703,-10.5,-6.937,-5.601,-9.51,-3.69,-10.871,-13.452,0.013,-11.768,-3.149,-3.257,-6.024,-4.908,-2.422,-3.963,-13.384,-5.087,-7.983,-4.56,-8.213,-5.442,-3.64,-5.601,1.772,-8.733,-11.366,-2.761,-7.358,-3.751,-3.68,-3.9,-2.269,-4.633,-3.929,0.89,-3.532,-2.849,-3.263,-5.633,-2.524,-3.634,-7.261,-1.275,-7.717,4.57,-3.633,-0.886,-4.968,-7.081,-2.834,-6.988,-5.025,-0.954,-2.745,-5.734,-3.105,0.741,0.482,-3.772,2.085,-2.274,-4.303,-6.4,-1.527,-3.76,-6.329,-9.917,2.073,-4.117,-7.708,-8.959,-1.355,-3.539,-1.804,1.24,-8.846,-5.892,-1.926,3.783,4.089,-10.898,4.005,-2.754,-6.047,-6.537,-2.861,-6.761,-4.491,-4.842,-7.029,-7.07,-2.499,-1.758,0.598,-1.246,-5.184,-0.411,-9.558,23.368,13.369,7.405,-3.604,-7.93,-5.648,-7.423,-3.534,-6.512,-4.482,-5.39,-12.083,-2.324,-4.177,-3.497,-0.706,-8.559,-4.834,-7.301,-6.57,-1.469,-1.995,-11.955,-8.646,0.296,-0.947,-7.085,3.209,0.653,3.201,3.03,-5.162,-5.858,-5.736,-5.297
-4.588,-3.033,7.161,5.089,-3.522,1.247,-2.056,-3.745,-5.337,-6.86,-6.886,-9.871,-7.375,0.279,-1.536,-4.959,0.017,-7.71,-4.501,11.773,17.766,9.131,10.099,10.173,-4.562,-5.907,-1.116,-8.824,-1.928,2.647,-4.139,-6.693,-4.232,-1.025,11.472,-3.978,-0.071,-2.138,-1.65,-7.333,-7.99,-1.754,-5.966,1.522,-6.45,-3.872,-2.198,-2.469,-9.103,-3.097,-11.238,-6.494,-10.275,-8.186,-6.14,-20.976,-11.665,0.555,21.302,-11.019,-5.392,-3.749,4.788,-5.249,-1.856,9.773,-0.594,0.729,-2.436,0.247,-3.737,-6.874,-6.807,-2.476,-0.663,-1.98,-2.09,-4.43,-0.815,-1.917,-4.422,-1.633,-8.096,-7.379,-3.588,-2.51,-5.261,-6.619,-3.695,-1.402,-4.269,-6.456,-2.099,-1.189,-5.471,-10.216,-8.189,-4.787,-5.59,-4.704,-6.204,-8.626,-6.416,-3.499,-9.656,-0.837,-0.313,-1.321,-9.854,-3.968,-3.276,-5.491,-9.331,-5.108,-4.634,-1.545,-11.68,-5.636,-7.674,-0.697,-2.447,-5.435,-3.427,-10.059,-5.479,0.549,-4.677,-1.205,-5.095,-2.725,-3.115,-5.761,-5.076,-5.167,-3.441,-3.787,-0.529,-3.406,-1.31,-14.54,2.11,-1.541,-0.001,-6.267,-6.981,-1.546,-7.283,-7.494,-3.509,-4.384,-8.109,-6.999,-3.862,-1.685,0.868,0.092,-2.712,-1.451,-1.401,2.152,-9.606,-4.46,-7.309,-1.925,-4.598,-6.962,-3.607,-4.183,-8.581,-4.147,-0.115,-9.948,-10.168,-0.485,1.92,0.979,-10.604,4.086,-5.513,-9.583,-6.269,-0.056,-5.313,-2.919,-5.92,-3.516,-4.528,-3.283,-2.582,-0.895,-5.727,-2.704,-0.411,-8.407,22.289,8.088,12.678,-2.697,-10.06,-0.043,-6.916,-4.977,-4.687,-5.113,-0.653,-16.413,-2.655,-5.378,-2.982,-3.625,-9.907,-8.692,-8.126,0.123,-4.427,-0.693,-8.085,-5.932,2.803,3.217,-4.919,1.556,0.062,2.362,2.289,0.772,-0.822,-0.283,-3.085
-4.317,-2.946,7.511,5.152,-2.8,1.254,-1.886,-4.306,-7.472,-6.807,-8.067,-10.255,-7.554,0.384,-1.302,-5.121,0.096,-7.521,-3.349,11.843,17.563,9.172,10.173,10.263,-4.516,-6.472,-1.248,-9.104,-1.908,2.704,-3.879,-6.48,-3.945,-0.911,11.586,-4.29,0.023,-1.971,-1.585,-6.851,-7.87,-1.966,-6.294,1.624,-6.521,-3.653,-2.111,-2.66,-9.064,-3.032,-11.1,-6.363,-9.749,-7.917,-6.34,-21.052,-11.681,0.74,21.143,-10.525,-5.117,-3.601,4.758,-4.967,-1.743,10.147,-0.452,0.846,-2.558,0.335,-3.237,-6.804,-7.006,-2.319,-0.619,-1.939,-2.189,-4.606,-0.8,-1.849,-4.662,-1.614,-6.984,-7.135,-3.435,-2.401,-5.307,-6.628,-3.719,-1.368,-4.257,-6.458,-2.024,-1.148,-4.982,-10.335,-7.916,-4.466,-5.302,-4.529,-6.343,-8.19,-6.229,-3.954,-8.79,-0.812,-0.129,-1.517,-10.162,-3.766,-2.826,-5.975,-9.264,-4.7,-4.403,-1.453,-11.217,-4.709,-7.569,-1.08,-2.416,-5.362,-3.23,-12.658,-5.477,0.446,-4.655,-1.071,-5.058,-2.59,-3.475,-5.672,-4.988,-5.232,-3.389,-3.737,-0.504,-2.912,-1.237,-15.055,2.151,-1.442,-0.001,-6.184,-6.078,-1.46,-7,-7.602,-3.502,-4.042,-7.775,-7.04,-4.1,-1.45,0.583,0.034,-2.456,-1.433,-1.205,2.118,-9.504,-4.379,-7.549,-1.831,-3.936,-6.984,-3.54,-4.497,-9.029,-4.027,-0.055,-9.386,-10.26,-0.079,1.92,0.995,-9.408,4.105,-5.512,-9.418,-6.13,0.351,-5.364,-2.641,-5.671,-4.127,-4.268,-3.268,-1.934,-0.825,-5.471,-2.418,-0.25,-8.626,23.081,7.995,12.553,-3.285,-9.907,0.28,-6.438,-4.881,-4.624,-5.199,-0.551,-15.168,-2.85,-5.337,-2.884,-3.84,-9.833,-8.082,-8.896,-0.04,-4.557,-0.673,-8.051,-5.785,2.275,2.775,-4.96,1.677,0.222,2.338,2.191,0.803,-0.709,-0.245,-3.2
0.526,2.303,-8.372,-4.705,-2.387,-9.232,3.185,4.649,-0.696,-2.376,-1.033,2.833,1.262,-2.469,-1.604,1.191,-0.006,-7.002,-1.126,-6.111,-8.338,-8.678,-4.562,-4.516,5.537,8.1,4.791,3.732,-3.617,-4.758,0.831,2.375,-2.856,-1.084,-9.493,-0.1,-0.613,1.419,-0.716,5.665,3.744,-0.218,2.245,1.204,12.915,4.555,3.658,2.229,3.319,7.175,6.105,1.482,6.611,3.362,5.939,6.655,2.244,1.049,-5.997,0.979,2.646,-0.201,-4.12,-7.945,-4.575,-10.377,-3.615,1.429,-2.156,-0.718,-3.709,-2.189,-0.643,-1.519,0.26,-2.066,-1.178,1.042,-0.988,0.987,-3.347,0.175,-1.249,-2.854,-1.144,-1.126,-1.457,-1.325,-0.244,0.928,-3.204,-2.072,1.037,0.978,-2.4,-1.577,-6.147,-2.147,-2.094,-2.28,-2.801,-1.454,-2.555,-2.598,-3.359,0.931,0.396,-0.007,12.619,-3.477,-0.81,-0.337,-3.22,0.005,0.825,0.247,0.235,2.009,2.281,-0.637,-2.326,-4.266,5.826,-1.482,-0.431,2.562,-4.196,0.54,-1.428,-1.814,-1.635,-8.046,-0.237,-0.188,1.121,-0.431,-0.891,-2.099,0.683,-8.471,0.947,1.483,0.116,-1.652,-3.88,-1.151,-1.479,-0.605,0.82,3.609,3.618,1.001,-1.808,3.344,-2.413,-1.747,-1.056,-3.671,1.419,-1.841,-0.12,-1.52,-3.238,1.153,-2.472,0.13,2.148,-0.513,1.883,0.341,0.028,2.173,-4.527,-0.605,1.466,-0.164,-4.059,-1.566,7.398,-0.604,-5.014,-1.377,-2.904,1.422,1.53,0.917,-3.24,-1.895,-0.012,-0.021,-1.76,-2.422,0.043,-2.25,-15.244,-6.024,-3.71,-2.125,4.008,0.252,-1.319,-0.196,-2.421,-0.422,0.522,2.429,-0.594,-2.582,-0.361,-4.206,-0.399,-0.93,4.593,-0.206,0.01,-0.399,-1.268,-0.364,0.114,0.576,-3.185,0.332,1.763,0.574,0.341,-1.948,-1.066,0.285,0.628
-2.231,0.696,-9.559,-4.833,-4.787,-3.421,-0.623,4.27,0.524,-1.712,-0.43,3.12,1.418,-0.306,-0.712,0.937,0.513,-2.367,-1.591,-7.019,-5.813,-3.958,-5.907,-6.472,8.1,5.801,4.763,5.17,-0.493,0.384,0.731,3.86,0.012,-1.461,-8.982,2.286,-3.526,-0.364,-0.158,5.375,4.141,0.634,2.37,3.039,8.653,2.95,3.6,3.072,6.444,6.008,2.636,0.104,2.885,6.487,4.358,5.772,0.289,-3.47,-6.371,1.692,1.106,2.675,-3.392,-0.287,0.783,-8.547,-2.731,-0.837,-1.116,-2.806,-2.786,0.196,2.314,-2.861,-0.687,1.521,-0.047,0.695,-0.316,-0.567,-2.427,0.869,-2.284,-0.674,-1.949,-1.701,-2.075,-0.886,0.13,0.96,-0.047,-2.061,0.446,0.829,-6.242,-5.259,-4.669,-3.274,-0.938,-4.025,-2.061,-2.869,-4.129,-1.638,-5.852,-0.863,1.693,-1.565,8.262,-4.253,0.654,-0.971,-0.629,-0.447,-0.951,-5.753,-0.27,0.774,3.204,0.276,-2.638,0.589,4.727,0.572,-1.598,1.291,5.134,1.809,-1.762,-0.377,-0.958,-3.01,1.805,0.96,-0.15,-0.534,-0.919,-1.661,0.08,-10.118,2.743,-0.113,1.689,-1.758,-9.745,0.624,-4.348,0.344,-0.361,1.188,-0.389,2.032,0.066,4.566,-2.22,-0.926,-0.921,0.695,-0.123,-0.902,-2.204,-0.968,-5.911,0.357,-2.735,-1.353,1.828,1.959,3.962,-0.071,-0.706,2.877,3.149,1.699,2.238,2.359,-5.019,-1.155,5.705,-3.057,-2.47,-1.385,-2.693,0.612,-4.121,-3.33,-3.277,-0.585,-6.017,1.853,-0.18,-3.169,-2.746,-4.419,-10.29,-5.756,-3.498,-0.61,2.348,-0.821,-3.007,-2.218,-2.299,2.428,0.468,4.546,0.13,-1.836,-7.495,-1.971,-1.099,-2.733,2.567,-0.49,0.107,0.66,0.911,-2.953,0.735,-0.225,4.081,2.409,3.712,2.151,1.859,0.413,-1.605,0.04,-0.147
