50,63,68,77,110,71,49,80,102,111,84,88,74,117,41,19,13,11,59,22,88,47,23,5,94,23,97,44,9,1,89,32,78,93,17,26,80,95,106,93,91,45,122,18,98,112,7,33,16,80
63,13,33,38,69,45,23,57,55,77,48,41,44,60,28,13,12,4,21,24,46,33,14,8,48,6,53,39,6,6,49,20,47,48,6,14,56,63,69,42,45,32,30,26,66,67,2,21,8,41
68,33,22,60,64,36,23,65,76,73,40,57,37,66,35,13,8,10,24,23,54,20,8,7,66,19,54,28,5,5,70,24,50,53,16,18,65,77,69,56,52,34,66,18,67,73,3,23,11,72
77,38,60,19,89,63,44,60,75,80,55,61,52,88,43,24,7,6,39,27,64,39,19,7,75,21,57,30,7,4,58,25,57,81,10,23,58,72,88,77,67,36,80,11,61,85,10,31,15,62
110,69,64,89,51,77,58,97,102,133,93,103,83,115,68,24,18,14,57,48,90,51,16,9,97,24,93,65,9,1,123,65,98,117,13,24,102,130,145,95,111,71,134,30,113,133,7,43,23,96
71,45,36,63,77,27,39,62,77,114,52,58,42,71,49,20,8,7,34,21,53,26,12,12,61,19,54,32,4,1,67,23,49,70,11,11,54,73,73,76,84,31,56,13,76,73,4,16,13,51
49,23,23,44,58,39,13,60,44,56,42,26,33,36,27,9,9,6,26,12,37,17,9,5,42,12,50,24,1,1,44,24,36,53,3,15,50,62,70,48,51,20,31,12,55,46,2,30,9,33
80,57,65,60,97,62,60,46,103,122,74,83,67,108,48,23,10,12,43,31,81,43,21,7,86,27,66,42,5,3,90,42,60,90,24,23,92,128,109,114,87,43,121,21,97,110,2,33,20,78
102,55,76,75,102,77,44,103,47,129,86,88,59,96,54,21,18,16,43,31,82,47,16,9,84,26,89,48,6,6,78,44,87,102,19,33,90,114,107,96,78,55,86,20,112,130,8,37,32,76
111,77,73,80,133,114,56,122,129,67,93,110,76,136,81,30,19,21,71,47,106,74,31,10,100,25,114,53,17,1,114,55,83,147,19,33,101,135,144,110,128,62,147,23,135,153,4,48,27,90
84,48,40,55,93,52,42,74,86,93,19,49,41,89,37,13,18,12,47,18,53,34,13,4,70,29,67,40,4,4,63,25,56,89,19,23,74,93,92,85,76,34,71,19,103,86,3,40,13,41
88,41,57,61,103,58,26,83,88,110,49,38,65,72,52,22,13,8,37,33,86,34,14,4,77,23,67,38,4,4,72,30,62,84,19,11,71,99,94,90,89,49,97,20,101,98,7,31,16,61
74,44,37,52,83,42,33,67,59,76,41,65,20,82,32,12,15,9,30,23,48,40,14,7,67,17,59,32,4,2,56,29,50,69,11,25,67,70,82,81,65,40,81,10,66,86,3,20,15,50
117,60,66,88,115,71,36,108,96,136,89,72,82,56,69,23,13,13,69,31,94,59,28,10,90,26,119,61,7,7,87,45,78,97,21,32,81,118,134,104,85,60,132,31,126,114,5,38,21,85
41,28,35,43,68,49,27,48,54,81,37,52,32,69,17,13,10,6,21,24,58,36,9,3,45,17,47,19,3,1,47,17,39,80,11,13,44,71,62,64,38,29,88,8,57,60,7,22,9,39
19,13,13,24,24,20,9,23,21,30,13,22,12,23,13,3,0,4,6,9,23,8,1,1,21,5,18,9,2,1,22,0,18,25,2,3,20,30,27,21,23,13,35,7,24,29,1,8,5,12
13,12,8,7,18,8,9,10,18,19,18,13,15,13,10,0,1,2,6,4,13,12,3,2,13,4,9,8,0,2,13,6,15,16,2,2,16,14,18,10,22,4,23,4,11,24,1,5,2,10
11,4,10,6,14,7,6,12,16,21,12,8,9,13,6,4,2,1,7,9,17,5,3,0,9,2,14,4,0,0,14,11,6,12,2,6,12,13,13,12,13,3,21,7,13,16,0,6,3,7
59,21,24,39,57,34,26,43,43,71,47,37,30,69,21,6,6,7,7,14,51,22,9,1,45,12,26,27,6,2,46,20,27,57,8,18,37,55,60,42,41,18,57,12,58,61,4,14,7,26
22,24,23,27,48,21,12,31,31,47,18,33,23,31,24,9,4,9,14,4,28,15,8,1,24,5,38,12,2,0,21,21,18,24,6,11,37,30,30,28,30,23,21,10,41,42,0,12,2,26
88,46,54,64,90,53,37,81,82,106,53,86,48,94,58,23,13,17,51,28,27,42,8,11,76,21,73,37,6,5,61,36,62,86,16,27,72,111,107,67,61,39,60,21,96,98,6,22,13,65
47,33,20,39,51,26,17,43,47,74,34,34,40,59,36,8,12,5,22,15,42,7,12,10,42,16,42,22,2,2,42,23,35,57,6,10,37,57,56,62,34,28,61,17,54,54,6,14,8,36
23,14,8,19,16,12,9,21,16,31,13,14,14,28,9,1,3,3,9,8,8,12,1,4,18,5,19,6,1,2,18,8,13,15,3,1,20,15,26,16,19,8,25,4,20,21,1,11,2,14
5,8,7,7,9,12,5,7,9,10,4,4,7,10,3,1,2,0,1,1,11,10,4,2,9,4,6,5,1,0,8,3,3,4,0,3,10,14,16,14,13,3,9,3,6,6,0,9,3,11
94,48,66,75,97,61,42,86,84,100,70,77,67,90,45,21,13,9,45,24,76,42,18,9,37,22,54,41,6,4,75,41,74,92,16,23,85,92,106,71,88,51,124,26,82,103,5,38,12,67
23,6,19,21,24,19,12,27,26,25,29,23,17,26,17,5,4,2,12,5,21,16,5,4,22,4,19,17,1,0,24,11,12,18,7,7,24,31,32,25,27,10,24,6,20,38,1,8,5,23
97,53,54,57,93,54,50,66,89,114,67,67,59,119,47,18,9,14,26,38,73,42,19,6,54,19,32,27,3,3,85,33,59,89,14,23,73,103,123,87,78,42,96,20,92,88,4,36,12,63
44,39,28,30,65,32,24,42,48,53,40,38,32,61,19,9,8,4,27,12,37,22,6,5,41,17,27,6,4,1,52,15,39,52,11,14,33,46,50,50,42,19,66,13,45,63,2,26,3,30
9,6,5,7,9,4,1,5,6,17,4,4,4,7,3,2,0,0,6,2,6,2,1,1,6,1,3,4,0,1,4,0,4,8,1,0,8,8,9,7,12,5,14,4,7,10,0,3,1,5
1,6,5,4,1,1,1,3,6,1,4,4,2,7,1,1,2,0,2,0,5,2,2,0,4,0,3,1,1,0,5,2,5,3,2,1,5,1,4,2,3,1,12,0,1,7,0,0,1,4
89,49,70,58,123,67,44,90,78,114,63,72,56,87,47,22,13,14,46,21,61,42,18,8,75,24,85,52,4,5,29,38,53,104,10,22,90,86,90,87,85,53,99,30,94,108,2,34,15,54
32,20,24,25,65,23,24,42,44,55,25,30,29,45,17,0,6,11,20,21,36,23,8,3,41,11,33,15,0,2,38,11,25,33,6,14,40,40,49,36,45,16,40,10,46,44,6,22,5,18
78,47,50,57,98,49,36,60,87,83,56,62,50,78,39,18,15,6,27,18,62,35,13,3,74,12,59,39,4,5,53,25,28,82,14,19,50,93,85,67,61,36,109,13,90,100,4,31,11,47
93,48,53,81,117,70,53,90,102,147,89,84,69,97,80,25,16,12,57,24,86,57,15,4,92,18,89,52,8,3,104,33,82,55,17,30,98,143,132,127,108,64,124,24,125,126,14,40,20,69
17,6,16,10,13,11,3,24,19,19,19,19,11,21,11,2,2,2,8,6,16,6,3,0,16,7,14,11,1,2,10,6,14,17,2,3,10,12,18,16,12,4,14,2,14,25,2,9,2,17
26,14,18,23,24,11,15,23,33,33,23,11,25,32,13,3,2,6,18,11,27,10,1,3,23,7,23,14,0,1,22,14,19,30,3,1,29,31,33,28,21,16,36,2,18,39,1,9,5,22
80,56,65,58,102,54,50,92,90,101,74,71,67,81,44,20,16,12,37,37,72,37,20,10,85,24,73,33,8,5,90,40,50,98,10,29,43,102,113,107,79,38,111,13,104,113,7,36,11,67
95,63,77,72,130,73,62,128,114,135,93,99,70,118,71,30,14,13,55,30,111,57,15,14,92,31,103,46,8,1,86,40,93,143,12,31,102,64,130,129,106,50,117,24,134,153,10,57,19,92
106,69,69,88,145,73,70,109,107,144,92,94,82,134,62,27,18,13,60,30,107,56,26,16,106,32,123,50,9,4,90,49,85,132,18,33,113,130,47,138,106,55,129,22,144,146,7,59,25,93
93,42,56,77,95,76,48,114,96,110,85,90,81,104,64,21,10,12,42,28,67,62,16,14,71,25,87,50,7,2,87,36,67,127,16,28,107,129,138,38,97,68,123,22,115,124,5,51,19,82
91,45,52,67,111,84,51,87,78,128,76,89,65,85,38,23,22,13,41,30,61,34,19,13,88,27,78,42,12,3,85,45,61,108,12,21,79,106,106,97,49,45,88,27,101,116,9,34,16,78
45,32,34,36,71,31,20,43,55,62,34,49,40,60,29,13,4,3,18,23,39,28,8,3,51,10,42,19,5,1,53,16,36,64,4,16,38,50,55,68,45,10,75,19,57,64,2,19,4,39
122,30,66,80,134,56,31,121,86,147,71,97,81,132,88,35,23,21,57,21,60,61,25,9,124,24,96,66,14,12,99,40,109,124,14,36,111,117,129,123,88,75,23,26,124,142,7,54,24,102
18,26,18,11,30,13,12,21,20,23,19,20,10,31,8,7,4,7,12,10,21,17,4,3,26,6,20,13,4,0,30,10,13,24,2,2,13,24,22,22,27,19,26,4,21,31,0,9,7,14
98,66,67,61,113,76,55,97,112,135,103,101,66,126,57,24,11,13,58,41,96,54,20,6,82,20,92,45,7,1,94,46,90,125,14,18,104,134,144,115,101,57,124,21,63,125,2,35,19,72
112,67,73,85,133,73,46,110,130,153,86,98,86,114,60,29,24,16,61,42,98,54,21,6,103,38,88,63,10,7,108,44,100,126,25,39,113,153,146,124,116,64,142,31,125,64,9,45,28,94
7,2,3,10,7,4,2,2,8,4,3,7,3,5,7,1,1,0,4,0,6,6,1,0,5,1,4,2,0,0,2,6,4,14,2,1,7,10,7,5,9,2,7,0,2,9,0,3,0,4
33,21,23,31,43,16,30,33,37,48,40,31,20,38,22,8,5,6,14,12,22,14,11,9,38,8,36,26,3,0,34,22,31,40,9,9,36,57,59,51,34,19,54,9,35,45,3,9,6,19
16,8,11,15,23,13,9,20,32,27,13,16,15,21,9,5,2,3,7,2,13,8,2,3,12,5,12,3,1,1,15,5,11,20,2,5,11,19,25,19,16,4,24,7,19,28,0,6,2,12
80,41,72,62,96,51,33,78,76,90,41,61,50,85,39,12,10,7,26,26,65,36,14,11,67,23,63,30,5,4,54,18,47,69,17,22,67,92,93,82,78,39,102,14,72,94,4,19,12,25
