goId	name	refNum	interestNum	interestGene	expect	ratio	pValue	FDR
GO:0051640	organelle localization	662	7	USO1|1;GBF1|1;TCTN3|0;TMEM216|0;TCTN2|0;RAB1B|1;CCDC155|0	0.6509798412586921	10.753021148036254	1.1740913625768457e-6	0.015264725680869395
GO:0051641	cellular localization	2653	11	APP|0;LMNA|0;USO1|1;GBF1|1;TCTN3|0;TMEM216|0;ARFGAP1|1;TCTN2|0;RAB1B|1;JAGN1|1;CCDC155|0	2.6088361312074175	4.216439610144849	1.9252980615336313e-6	0.015264725680869395
